NAME : domp70p17v3
COMMENT : Cherkesly, Contardo & Gruson 2022
TYPE : DOMP
DIMENSION : 70
DISPLAY_DATA_TYPE : NO_DISPLAY
OPEN_FACILITIES : 17
COST_SECTION
 1 628813 942953 1084968 751746 442524 14939 1085684 273773 490356 746386 863792 174903 586702 410310 930026 246948 674692 755382 689009 838959 414370 767792 821658 974304 260361 733744 945596 244193 836142 328356 583759 962868 621884 689104 967566 477403 439988 329431 957651 880529 304666 436495 874945 827058 1153770 725498 715350 709080 250136 427483 680715 1005280 676539 402635 478385 324170 953974 271631 317051 667080 950623 993719 890773 488629 927939 827676 899443 803091 587904
 628813 1 318176 460513 325319 191764 614992 495680 586602 506010 595316 237859 494531 197465 223404 324745 500498 258654 373445 312095 510910 253173 398935 312953 361471 388235 126431 316813 762948 273688 334152 155740 588703 232897 191137 576089 482740 262668 513956 396661 294806 405032 542422 276388 523897 544152 656034 367767 459699 532806 311094 59421 601893 509210 457781 157434 318268 327326 360622 338075 59634 481679 372327 496919 242576 339241 212537 456939 459707 465476
 942953 318176 1 142445 463777 509939 929527 221512 898155 780416 692938 130976 812703 402789 541533 210178 786893 373748 420617 496144 633820 542948 440263 273184 195350 706407 211617 67310 1079999 296384 651117 426933 652986 398217 305303 630580 698729 534836 778251 210310 255031 719015 830003 116444 551288 236485 777598 539741 555188 846752 572774 276595 638847 631190 752847 475391 623516 108754 671893 655732 296250 499129 57543 576856 495790 257318 120166 511043 591872 708096
 1084968 460513 142445 1 570259 652253 1071612 169891 1037863 910103 780935 252827 954995 534323 683906 282254 923720 491105 513820 611737 723516 682294 529167 364708 244480 848703 352071 162318 1221578 395044 792867 562854 721002 523347 431835 696408 820642 671711 910274 248984 343321 859779 962901 228795 624057 123640 869907 649561 650570 987314 707236 417346 697339 729994 888362 617582 764564 182556 813685 797726 436208 562312 92954 655834 630604 326622 258607 586657 687003 830327
 751746 325319 463777 570259 1 370398 736832 685096 583038 383158 919507 332958 579718 519950 392404 295503 722770 582660 694050 65869 188644 512613 719661 606194 342749 495164 400566 413035 786892 175673 427456 211777 266709 557974 509665 257550 777411 541636 766255 638636 230200 450784 450269 503455 846029 688855 976349 80403 784962 552851 591562 291234 288263 832117 403962 346504 530142 387704 541587 440628 274617 200103 517218 175167 540770 261446 431833 153974 138881 278685
 442524 191764 509939 652253 370398 1 428268 679914 403527 374862 614367 421862 302767 250688 32296 489721 355744 348244 464016 324036 522608 152029 486535 458486 532778 196472 310668 505769 572351 405556 145444 163036 628656 299265 316982 623715 421627 190528 395883 568919 444392 221302 391957 460676 596166 734032 651366 371948 501516 347055 235766 239307 656790 523585 302775 35869 161380 512038 185245 147551 224717 564505 563920 540467 210492 491827 401950 523658 473863 377097
 14939 614992 929527 1071612 736832 428268 1 1073544 263702 477469 742021 849696 160344 575394 396033 915473 242375 664134 746191 674125 824564 402572 758951 810581 959833 245475 720588 931735 245271 821347 313447 568966 948396 611134 677375 953000 472875 429009 326313 946002 865832 289974 424478 862280 819998 1141086 722914 700593 702113 237953 417732 666653 990690 671033 389096 464135 311861 939885 258658 302177 652889 935737 980481 876101 477743 913232 814517 884597 788530 574160
 1085684 495680 221512 169891 685096 679914 1073544 1 1081386 987431 665149 352138 976804 503651 709039 421291 895017 433190 417132 715434 854510 671640 425879 284191 393576 872162 370367 279140 1250334 517346 825292 628584 867443 478074 398337 844031 754299 650623 865812 139212 473346 899155 1031881 219639 497689 99503 756879 760413 548399 1026348 676248 469603 848964 629097 950324 648745 761706 314683 816359 827197 491514 710654 171631 794889 604042 468476 285572 727681 813167 922765
 273773 586602 898155 1037863 583038 403527 263702 1081386 1 240771 910820 791104 161880 633274 377012 824964 444120 732643 838615 517206 620830 470649 857523 858018 873590 230672 711027 881211 204007 712144 259092 479009 745583 679226 715896 755335 652193 512000 531080 972439 765008 182443 174780 861748 947246 1129713 913372 525604 835727 59968 527078 621652 793675 827446 180296 432989 387072 877569 333459 260298 601964 768055 954511 687332 556171 809516 799054 712401 594883 354591
 490356 506010 780416 910103 383158 374862 477469 987431 240771 1 977114 657340 327873 624759 364687 661094 587701 720455 837723 321208 384770 504218 860721 814201 710400 313108 629932 747895 435124 540287 282183 359393 508365 673304 678376 519895 749143 548189 664365 901155 596394 228238 71980 774130 970854 1016857 1001556 312324 873353 241730 582306 519436 558070 887307 97165 387451 452383 734323 420162 294472 497145 548119 837912 457151 579276 635583 703327 491337 364458 118343
 746386 595316 692938 780935 919507 614367 742021 665149 910820 977114 1 729659 751150 399676 616461 847269 499651 349371 272330 897824 1101449 473046 253383 421053 860266 691444 560177 746981 984169 848699 699108 723489 1184010 362787 430145 1171253 269170 429354 418550 537415 848839 769149 975916 576496 172357 764151 92200 952788 141859 853048 395929 638951 1196243 90801 890272 615729 533438 783640 580411 688953 650645 1070948 704752 1092200 403955 881670 600235 1050855 1050136 991457
 863792 237859 130976 252827 332958 421862 849696 352138 791104 657340 729659 1 720592 380816 454157 117844 735276 385330 463619 365713 505876 486917 486968 333021 135677 615224 178618 91131 980233 169379 554726 312807 533850 392282 305623 512887 685541 489193 740892 319090 137394 616568 710262 191017 609157 362574 806967 408776 587930 742861 533777 183132 525096 656539 636846 386049 556083 90193 597871 561364 197330 385699 185927 453424 458718 156654 135074 390225 462631 580098
 174903 494531 812703 954995 579718 302767 160344 976804 161880 327873 751150 720592 1 500450 271341 775547 284428 597606 696562 516120 664353 329095 713683 733121 821720 106297 611103 806756 274601 674801 167172 424072 788079 543425 592759 792667 490619 366911 370449 858044 722177 130069 284721 759288 795938 1035287 751729 540883 682074 109614 374885 540179 830377 669236 234575 337495 238962 810292 181691 159341 523717 777612 866583 715961 413897 769129 703639 725765 628193 417073
 586702 197465 402789 534323 519950 250688 575394 503651 633274 624759 399676 380816 500450 1 266717 490010 393396 99651 213331 499053 702079 174419 235981 235629 516220 404733 203622 432146 773447 463920 378812 326658 785122 48585 105916 773093 304738 147501 376101 371730 475164 457814 642154 307406 349772 580421 458570 554346 268447 573770 174465 246870 799286 312306 552894 238435 267239 457856 324870 374734 255188 678416 441760 693238 100396 514968 283586 654400 650745 614645
 410310 223404 541533 683906 392404 32296 396033 709039 377012 364687 616461 454157 271341 266717 1 521371 330819 365716 479430 342879 537844 146101 501188 482037 564687 165116 340711 537960 542074 435428 117934 189288 646922 314966 340002 643053 412214 188035 375838 595989 475263 195794 376248 490175 607186 764568 649102 388499 508721 319615 229374 271564 676867 525931 287062 68145 137819 544333 155629 118327 257006 588627 595247 559962 214894 522738 432614 546225 490074 377005
 930026 324745 210178 282254 295503 489721 915473 421291 824964 661094 847269 117844 775547 490010 521371 1 824412 501722 581414 345604 441273 577861 604671 448767 49386 673431 292177 144407 1022109 121871 608470 352257 446162 505566 421393 422890 793507 586000 838067 418071 65688 660722 721562 300175 726322 404917 923897 375894 705482 782283 633025 265459 429369 773323 657899 454341 637505 106610 673086 617339 271971 290067 250307 375387 560393 47421 251727 307132 405230 568182
 246948 500498 786893 923720 722770 355744 242375 895017 444120 587701 499651 735276 284428 393396 330819 824412 1 465331 527926 670679 857321 248361 536978 616646 861967 276035 576436 804671 485690 755148 324681 518762 971992 417257 499242 969978 230531 252131 87998 759702 787988 359801 558826 699645 584604 973776 483078 712474 466623 394033 219115 559301 1004790 430035 490577 385649 194438 822296 185517 310013 552731 919433 830767 887415 294048 834490 666871 876718 812223 650651
 674692 258654 373748 491105 582660 348244 664134 433190 732643 720455 349371 385330 597606 99651 365716 501722 465331 1 118759 570423 769331 269088 143328 151380 519258 503571 211372 416657 869327 499599 478448 405182 842573 54207 80971 828218 329730 235950 432625 295615 499859 557458 740189 263626 265722 518405 422420 626122 208367 673052 249904 294237 851380 271741 650979 333018 361455 449037 419568 474370 308576 723255 401952 751370 187100 533964 264245 705931 718197 703941
 755382 373445 420617 513820 694050 464016 746191 417132 838615 837723 272330 463619 696562 213331 479430 581414 527926 118759 1 685462 881927 368667 25612 149899 591016 608079 305036 475179 963634 596895 588920 522915 949819 164767 184386 934186 347029 329658 477956 280292 589615 667494 855340 304173 152385 512502 357941 741096 136784 778696 329329 403102 955402 216391 766079 450592 457655 512493 515406 583652 419520 823549 434086 859442 283139 618608 331043 810524 831065 822698
 689009 312095 496144 611737 65869 324036 674125 715434 517206 321208 897824 365713 516120 499053 342879 345604 670679 570423 685462 1 204495 471640 710981 610388 394251 434363 404636 451175 721037 223737 367297 175988 304624 540403 502177 300175 739925 503981 718658 657272 279977 386680 386858 522163 835933 727111 949791 55700 767017 487118 552996 289210 334260 808892 338311 304270 480392 430124 487292 380886 269550 261619 551638 217123 508316 316161 449160 211356 153604 222598
 838959 510910 633820 723516 188644 522608 824564 854510 620830 384770 1101449 505876 664353 702079 537844 441273 857321 769331 881927 204495 1 672856 907536 794309 481461 600943 589007 576268 819519 337449 538842 380463 125101 742181 697590 135130 942214 706783 912131 820130 382501 536246 456482 685858 1033631 846057 1154253 151539 969226 607936 755213 479614 173313 1012856 446168 506010 672949 544591 671847 553408 462440 199118 683453 86893 712579 397602 615719 149933 51340 267055
 414370 253173 542948 682294 512613 152029 402572 671640 470649 504218 473046 486917 329095 174419 146101 577861 248361 269088 368667 471640 672856 1 387004 409966 614298 239989 331389 557316 600248 516291 230313 300859 775562 214894 274809 769072 269812 44239 263677 543465 544761 305778 506720 464088 479869 742373 503095 521578 373703 410682 83854 312403 800800 383093 419339 167372 92842 574081 150693 222198 307574 699639 589602 685901 85600 590456 423824 663242 623444 523034
 767792 398935 440263 529167 719661 486535 758951 425879 857523 860721 253383 486968 713683 235981 501188 604671 536978 143328 25612 710981 907536 387004 1 167704 613326 626863 330099 496138 979158 621827 609474 548041 975304 187420 209997 959608 348054 346973 483554 291102 613901 687815 877345 323935 126894 522572 340894 766623 123037 797566 343643 428702 980705 203731 788102 473923 474739 533960 532178 603849 445131 848615 451458 884969 301411 642349 353724 835885 856670 847041
 821658 312953 273184 364708 606194 458486 810581 284191 858018 814201 421053 333021 733121 235629 482037 448767 616646 151380 149899 610388 794309 409966 167704 1 452329 633895 206148 331203 1007189 483474 599387 468469 847578 200911 142134 829477 470796 381680 582761 145325 466659 677801 843895 157388 279967 373713 507726 664484 286548 799526 400212 321505 846770 365426 756100 434942 502714 370268 560101 597729 342125 710231 284214 760132 333156 489656 198020 704749 745072 778424
 974304 361471 195350 244480 342749 532778 959833 393576 873590 710400 860266 135677 821720 516220 564687 49386 861967 519258 591016 394251 481461 614298 613326 452329 1 718907 314282 128201 1070167 170700 654555 399374 477157 527841 440308 452903 820862 619911 872134 405642 114370 708207 770947 298119 732005 368084 939503 423130 719018 830410 665802 302927 455882 789486 707104 497149 677421 86625 714861 663084 311696 318852 226155 411602 591738 84234 260176 342268 447710 616846
 260361 388235 706407 848703 495164 196472 245475 872162 230672 313108 691444 615224 106297 404733 165116 673431 276035 503571 608079 434363 600943 239989 626863 633895 718907 1 505338 700883 378177 576384 68237 324157 721501 449800 492439 723260 444925 281648 351262 755396 621902 85097 292406 654057 717829 929436 703655 466190 607920 170708 299933 434223 760053 605208 216537 231249 159325 705099 112440 56758 418091 695072 760321 643452 325499 669163 597619 645714 560160 376455
 733744 126431 211617 352071 400566 310668 720588 370367 711027 629932 560177 178618 611103 203622 340711 292177 576436 211372 305036 404636 589007 331389 330099 206148 314282 505338 1 230637 882778 291984 455657 273127 647734 213813 130416 631074 508074 324929 572488 271274 288664 528850 668295 150731 456597 424197 633586 458467 418555 656204 365362 117250 651131 482895 584100 278665 412496 254417 462172 458217 138969 518522 260123 558580 288625 322783 93932 506809 539422 581813
 945596 316813 67310 162318 413035 505769 931735 279140 881211 747895 746981 91131 806756 432146 537960 144407 804671 416657 475179 451175 576268 557316 496138 331203 128201 700883 230637 1 1068865 240473 641903 403543 589581 434424 342467 566691 734195 554428 803099 277584 194290 705523 801298 174257 610974 276206 829521 491169 607345 832292 595870 266685 573759 681223 727948 470227 632174 41590 676977 647930 283259 434338 107521 515775 519228 191802 152658 448829 536248 668466
 244193 762948 1079999 1221578 786892 572351 245271 1250334 204007 435124 984169 980233 274601 773447 542074 1022109 485690 869327 963634 721037 819519 600248 979158 1007189 1070167 378177 882778 1068865 1 911963 428938 671866 943455 815140 867216 954550 715226 635329 571076 1132600 963734 363762 364169 1032043 1051602 1306375 967845 729373 934796 239864 635885 804381 992808 910038 384174 605641 508045 1068479 449883 425002 786221 971677 1135037 888854 683496 1009021 974278 915838 796134 552471
 836142 273688 296384 395044 175673 405556 821347 517346 712144 540287 848699 169379 674801 463920 435428 121871 755148 499599 596895 223737 337449 516291 621827 483474 170700 576384 291984 240473 911963 1 509353 252383 367196 490262 419425 347534 756424 532696 779967 487447 56330 554589 601951 355993 747964 514761 917545 255699 707962 672344 582289 217912 363360 767672 541295 372164 562512 212624 590740 519652 214222 227373 346847 284504 516054 97454 290649 223305 295996 446311
 328356 334152 651117 792867 427456 145444 313447 825292 259092 282183 699108 554726 167172 378812 117934 608470 324681 478448 588920 367297 538842 230313 609474 599387 654555 68237 455657 641903 428938 509353 1 257591 657879 426126 457262 658743 467070 274418 391984 713760 555719 79052 277093 605941 708886 878086 719979 400882 604012 201815 303180 376088 695187 610376 191391 177208 170201 644116 143095 14736 358656 627482 706102 578205 312288 602836 546054 578614 496595 327659
 583759 155740 426933 562854 211777 163036 568966 628584 479009 359393 723489 312807 424072 326658 189288 352257 518762 405182 522915 175988 380463 300859 548041 468469 399374 324157 273127 403543 671866 252383 257591 1 476223 370229 344510 468728 566362 330331 556803 543307 298159 308958 404068 414823 670420 662792 773980 229907 595092 432690 380049 160105 500021 634062 325956 135703 324414 398567 344298 267481 137773 402013 484348 385741 332499 345245 343966 362986 329580 310130
 962868 588703 652986 721002 266709 628656 948396 867443 745583 508365 1184010 533850 788079 785122 646922 446162 971992 842573 949819 304624 125101 775562 975304 847578 477157 721501 647734 589581 943455 367196 657879 476223 1 821490 766451 26358 1042566 806499 1022734 852923 398711 659333 579748 722956 1102193 844597 1242552 259525 1047733 733026 856040 548370 53954 1097422 571268 608287 783939 552770 787097 672272 534491 158821 696360 91898 807223 398986 657626 143915 161354 391312
 621884 232897 398217 523347 557974 299265 611134 478074 679226 673304 362787 392282 543425 48585 314966 505566 417257 54207 164767 540403 742181 214894 187420 200911 527841 449800 213813 434424 815140 490262 426126 370229 821490 1 92919 808506 300636 182387 390311 342504 496619 505031 690633 294564 302584 559701 427441 595947 227103 619551 199513 276746 833496 278292 601371 286736 307325 463521 365418 421630 287882 709397 432074 729755 133525 534005 282431 688149 690858 662016
 689104 191137 305303 431835 509665 316982 677375 398337 715896 678376 430145 305623 592759 105916 340002 421393 499242 80971 184386 502177 697590 274809 209997 142134 440308 492439 130416 342467 867216 419425 457262 344510 766451 92919 1 751368 393524 252292 479110 268681 418900 535724 704929 203458 336491 474538 503228 557697 288806 657460 280195 218828 773602 352533 616569 294834 366517 372774 422892 455616 235156 644040 340021 675733 206129 453104 190036 628326 646776 650812
 967566 576089 630580 696408 257550 623715 953000 844031 755335 519895 1171253 512887 792667 773093 643053 422890 969978 828218 934186 300175 135130 769072 959608 829477 452903 723260 631074 566691 954550 347534 658743 468728 26358 808506 751368 1 1034868 798972 1018811 831793 376978 663339 591610 702649 1086490 819953 1231167 258333 1034192 740826 848772 534029 38346 1085243 579407 602128 780524 529450 785623 672999 520899 134112 673191 83266 798173 375591 638181 124729 164480 402085
 477403 482740 698729 820642 777411 421627 472875 754299 652193 749143 269170 685541 490619 304738 412214 793507 230531 329730 347029 739925 942214 269812 348054 470796 820862 444925 508074 734195 715226 756424 467070 566362 1042566 300636 393524 1034868 1 236086 152254 615089 774215 527811 736723 592431 366939 844294 261200 790768 252225 596428 187013 539481 1065372 202517 656155 436210 297061 761679 332675 454681 542280 957079 730712 952028 241157 816059 582821 924837 892490 784523
 439988 262668 534836 671711 541636 190528 429009 650623 512000 548189 429354 489193 366911 147501 188035 586000 252131 235950 329658 503981 706783 44239 346973 381680 619911 281648 324929 554428 635329 532696 274418 330331 806499 182387 252292 798972 236086 1 252244 519229 557302 349436 550943 448905 436737 725248 461446 555255 329675 452061 50390 321939 829784 339219 463575 201077 128010 574118 185911 266080 320121 724275 578760 716054 48870 601908 414769 690187 656814 564894
 329431 513956 778251 910274 766255 395883 326313 865812 531080 664365 418550 740892 370449 376101 375838 838067 87998 432625 477956 718658 912131 263677 483554 582761 872134 351262 572488 803099 571076 779967 391984 556803 1022734 390311 479110 1018811 152254 252244 1 727869 807640 436252 639748 682502 516773 949781 396777 763968 400101 479842 207440 573367 1052361 354751 567718 421139 239198 824689 248924 377735 570156 958639 817822 935662 283872 852872 658404 919260 865200 719622
 957651 396661 210310 248984 638636 568919 946002 139212 972439 901155 537415 319090 858044 371730 595989 418071 759702 295615 280292 657272 820130 543465 291102 145325 405642 755396 271274 277584 1132600 487447 713760 543307 852923 342504 268681 831793 615089 519229 727869 1 455109 790182 939082 135351 376124 232266 628039 707411 414137 915564 541791 384044 842911 494823 854075 540566 635143 319063 691247 714091 406444 703104 191637 771949 471617 464390 208117 709310 774350 849325
 880529 294806 255031 343321 230200 444392 865832 473346 765008 596394 848839 137394 722177 475164 475263 65688 787988 499859 589615 279977 382501 544761 613901 466659 114370 621902 288664 194290 963734 56330 555719 298159 398711 496619 418900 376978 774215 557302 807640 455109 1 604311 657635 328407 738478 464591 921451 310538 707181 723907 605899 235997 387993 770863 595729 409844 597561 162294 629357 565363 237493 248404 301786 321954 536309 47503 269338 256105 344055 502570
 304666 405032 719015 859779 450784 221302 289974 899155 182443 228238 769149 616568 130069 457814 195794 660722 359801 557458 667494 386680 536246 305778 687815 677801 708207 85097 528850 705523 363762 554589 79052 308958 659333 505031 535724 663339 527811 349436 436252 790182 604311 1 208955 679535 785494 948902 785050 410822 678919 127874 374258 442526 700920 681531 131471 250573 235879 704718 195370 84059 423649 647952 774862 586130 389247 650545 617568 595831 498937 298114
 436495 542422 830003 962901 450269 391957 424478 1031881 174780 71980 975916 710262 284721 642154 376248 721562 558826 740189 855340 386858 456482 506720 877345 843895 770947 292406 668295 801298 364169 601951 277093 404068 579748 690633 704929 591610 736723 550943 639748 939082 657635 208955 1 815648 982327 1066317 993827 381811 879983 186560 580070 562285 629742 887413 89263 410267 443872 790149 404125 286963 540384 619338 887531 529117 586554 698281 746481 562617 436407 190321
 874945 276388 116444 228795 503455 460676 862280 219639 861748 774130 576496 191017 759288 307406 490175 300175 699645 263626 304173 522163 685858 464088 323935 157388 298119 654057 150731 174257 1032043 355993 605941 414823 722956 294564 203458 702649 592431 448905 682502 135351 328407 679535 815648 1 436799 278829 661297 572086 438933 806796 481501 254720 715823 515412 732735 429194 551085 214113 603796 608124 277061 576621 138357 640071 405615 344089 73211 579052 639609 717304
 827058 523897 551288 624057 846029 596166 819998 497689 947246 970854 172357 609157 795938 349772 607186 726322 584604 265722 152385 835933 1033631 479869 126894 279967 732005 717829 456597 610974 1051602 747964 708886 670420 1102193 302584 336491 1086490 366939 436737 516773 376124 738478 785494 982327 436799 1 597136 264266 891623 118061 887487 421156 555312 1107474 172422 893521 587430 560214 650226 615184 701643 571417 974985 554698 1011824 396605 765374 474602 962723 982664 964406
 1153770 544152 236485 123640 688855 734032 1141086 99503 1129713 1016857 764151 362574 1035287 580421 764568 404917 973776 518405 512502 727111 846057 742373 522572 373713 368084 929436 424197 276206 1306375 514761 878086 662792 844597 559701 474538 819953 844294 725248 949781 232266 464591 948902 1066317 278829 597136 1 855742 767314 645462 1076759 754699 509066 820481 726205 988435 700935 829893 302493 882551 881418 529743 685874 178957 779252 680332 449851 332104 710167 808643 942641
 725498 656034 777598 869907 976349 651366 722914 756879 913372 1001556 92200 806967 751729 458570 649102 923897 483078 422420 357941 949791 1154253 503095 340894 507726 939503 703655 633586 829521 967845 917545 719979 773980 1242552 427441 503228 1231167 261200 461446 396777 628039 921451 785050 993827 661297 264266 855742 1 1003852 222433 857590 421017 703635 1257778 150696 910980 657416 550401 865103 591228 708546 713389 1136264 791930 1150668 444634 956332 680484 1112966 1103173 1026103
 715350 367767 539741 649561 80403 371948 700593 760413 525604 312324 952788 408776 540883 554346 388499 375894 712474 626122 741096 55700 151539 521578 766623 664484 423130 466190 458467 491169 729373 255699 400882 229907 259525 595947 557697 258333 790768 555255 763968 707411 310538 410822 381811 572086 891623 767314 1003852 1 822450 501256 603757 343816 294382 863662 345312 354562 524910 467058 527678 415028 324519 242577 594130 177333 561362 341545 499431 187580 101933 202344
 709080 459699 555188 650570 784962 501516 702113 548399 835727 873353 141859 587930 682074 268447 508721 705482 466623 208367 136784 767017 969226 373703 123037 286548 719018 607920 418555 607345 934796 707962 604012 595092 1047733 227103 288806 1034192 252225 329675 400101 414137 707181 678919 879983 438933 118061 645462 222433 822450 1 776259 308655 500540 1058262 80744 791983 497559 449039 643332 502521 595744 513330 931313 570568 956136 294194 739818 459246 912777 917896 876256
 250136 532806 846752 987314 552851 347055 237953 1026348 59968 241730 853048 742861 109614 573770 319615 782283 394033 673052 778696 487118 607936 410682 797566 799526 830410 170708 656204 832292 239864 672344 201815 432690 733026 619551 657460 740826 596428 452061 479842 915564 723907 127874 186560 806796 887487 1076759 857590 501256 776259 1 467611 570197 779105 769050 161858 377607 327403 830391 274362 201999 551110 743455 902680 669158 496206 769296 745327 688836 577829 346501
 427483 311094 572774 707236 591562 235766 417732 676248 527078 582306 395929 533777 374885 174465 229374 633025 219115 249904 329329 552996 755213 83854 343643 400212 665802 299933 365362 595870 635885 582289 303180 380049 856040 199513 280195 848772 187013 50390 207440 541791 605899 374258 580070 481501 421156 754699 421017 603757 308655 467611 1 370110 879773 307448 494389 249204 140655 617252 194111 293142 369151 774661 614393 765781 77000 650114 452654 740442 705479 605792
 680715 59421 276595 417346 291234 239307 666653 469603 621652 519436 638951 183132 540179 246870 271564 265459 559301 294237 403102 289210 479614 312403 428702 321505 302927 434223 117250 266685 804381 217912 376088 160105 548370 276746 218828 534029 539481 321939 573367 384044 235997 442526 562285 254720 555312 509066 703635 343816 500540 570197 370110 1 557722 555013 481220 203644 375094 273281 415143 381625 22419 432706 332867 457300 300445 280024 184269 412238 429114 465793
 1005280 601893 638847 697339 288263 656790 990690 848964 793675 558070 1196243 525096 830377 799286 676867 429369 1004790 851380 955402 334260 173313 800800 980705 846770 455882 760053 651131 573759 992808 363360 695187 500021 53954 833496 773602 38346 1065372 829784 1052361 842911 387993 700920 629742 715823 1107474 820481 1257778 294382 1058262 779105 879773 557722 1 1110995 617721 634297 814537 535337 820827 709376 545614 139872 679164 117457 827559 381960 653272 145488 202328 440337
 676539 509210 631190 729994 832117 523585 671033 629097 827446 887307 90801 656539 669236 312306 525931 773323 430035 271741 216391 808892 1012856 383093 203731 365426 789486 605208 482895 681223 910038 767672 610376 634062 1097422 278292 352533 1085243 202517 339219 354751 494823 770863 681531 887413 515412 172422 726205 150696 863662 80744 769050 307448 555013 1110995 1 801247 525010 446399 716096 495218 600556 565631 987688 648752 1005541 313158 805636 531125 965827 961584 900680
 402635 457781 752847 888362 403962 302775 389096 950324 180296 97165 890272 636846 234575 552894 287062 657899 490577 650979 766079 338311 446168 419339 788102 756100 707104 216537 584100 727948 384174 541295 191391 325956 571268 601371 616569 579407 656155 463575 567718 854075 595729 131471 89263 732735 893521 988435 910980 345312 791983 161858 494389 481220 617721 801247 1 321749 360625 719613 325187 202442 459735 587794 810218 508971 498182 638650 664764 532236 417066 185874
 478385 157434 475391 617582 346504 35869 464135 648745 432989 387451 615729 386049 337495 238435 68145 454341 385649 333018 450592 304270 506010 167372 473923 434942 497149 231249 278665 470227 605641 372164 177208 135703 608287 286736 294834 602128 436210 201077 421139 540566 409844 250573 410267 429194 587430 700935 657416 354562 497559 377607 249204 203644 634297 525010 321749 1 191453 476216 219521 180675 188863 537536 529757 518899 213046 457215 368868 498571 456327 378733
 324170 318268 623516 764564 530142 161380 311861 761706 387072 452383 533438 556083 238962 267239 137819 637505 194438 361455 457655 480392 672949 92842 474739 502714 677421 159325 412496 632174 508045 562512 170201 324414 783939 307325 366517 780524 297061 128010 239198 635143 597561 235879 443872 551085 560214 829893 550401 524910 449039 327403 140655 375094 814537 446399 360625 191453 1 645238 58164 158270 365845 725625 672493 697514 175580 644539 506182 683880 626033 490473
 953974 327326 108754 182556 387704 512038 939885 314683 877569 734323 783640 90193 810292 457856 544333 106610 822296 449037 512493 430124 544591 574081 533960 370268 86625 705099 254417 41590 1068479 212624 644116 398567 552770 463521 372774 529450 761679 574118 824689 319063 162294 704718 790149 214113 650226 302493 865103 467058 643332 830391 617252 273281 535337 716096 719613 476216 645238 1 687721 650994 287436 396383 143862 481206 541223 153862 185169 413383 506285 650195
 271631 360622 671893 813685 541587 185245 258658 816359 333459 420162 580411 597871 181691 324870 155629 673086 185517 419568 515406 487292 671847 150693 532178 560101 714861 112440 462172 676977 449883 590740 143095 344298 787097 365418 422892 785623 332675 185911 248924 691247 629357 195370 404125 603796 615184 882551 591228 527678 502521 274362 194111 415143 820827 495218 325187 219521 58164 687721 1 128954 403690 740134 722222 703376 233709 676735 556099 695447 626986 470700
 317051 338075 655732 797726 440628 147551 302177 827197 260298 294472 688953 561364 159341 374734 118327 617339 310013 474370 583652 380886 553408 222198 603849 597729 663084 56758 458217 647930 425002 519652 14736 267481 672272 421630 455616 672999 454681 266080 377735 714091 565363 84059 286963 608124 701643 881418 708546 415028 595744 201999 293142 381625 709376 600556 202442 180675 158270 650994 128954 1 364721 640707 710354 592328 305258 612586 549314 592137 511015 341998
 667080 59634 296250 436208 274617 224717 652889 491514 601964 497145 650645 197330 523717 255188 257006 271971 552731 308576 419520 269550 462440 307574 445131 342125 311696 418091 138969 283259 786221 214222 358656 137773 534491 287882 235156 520899 542280 320121 570156 406444 237493 423649 540384 277061 571417 529743 713389 324519 513330 551110 369151 22419 545614 565631 459735 188863 365845 287436 403690 364721 1 423235 352892 443044 301845 282896 206370 400287 411670 443520
 950623 481679 499129 562312 200103 564505 935737 710654 768055 548119 1070948 385699 777612 678416 588627 290067 919433 723255 823549 261619 199118 699639 848615 710231 318852 695072 518522 434338 971677 227373 627482 402013 158821 709397 644040 134112 957079 724275 958639 703104 248404 647952 619338 576621 974985 685874 1136264 242577 931313 743455 774661 432706 139872 987688 587794 537536 725625 396383 740134 640707 423235 1 540240 112961 716484 242652 515224 56852 191649 431767
 993719 372327 57543 92954 517218 563920 980481 171631 954511 837912 704752 185927 866583 441760 595247 250307 830767 401952 434086 551638 683453 589602 451458 284214 226155 760321 260123 107521 1135037 346847 706102 484348 696360 432074 340021 673191 730712 578760 817822 191637 301786 774862 887531 138357 554698 178957 791930 594130 570568 902680 614393 332867 679164 648752 810218 529757 672493 143862 722222 710354 352892 540240 1 623260 537714 297658 166312 556141 642842 764891
 890773 496919 576856 655834 175167 540467 876101 794889 687332 457151 1092200 453424 715961 693238 559962 375387 887415 751370 859442 217123 86893 685901 884969 760132 411602 643452 558580 515775 888854 284504 578205 385741 91898 729755 675733 83266 952028 716054 935662 771949 321954 586130 529117 640071 1011824 779252 1150668 177333 956136 669158 765781 457300 117457 1005541 508971 518899 697514 481206 703376 592328 443044 112961 623260 1 715919 329513 572926 69791 92808 338875
 488629 242576 495790 630604 540770 210492 477743 604042 556171 579276 403955 458718 413897 100396 214894 560393 294048 187100 283139 508316 712579 85600 301411 333156 591738 325499 288625 519228 683496 516054 312288 332499 807223 133525 206129 798173 241157 48870 283872 471617 536309 389247 586554 405615 396605 680332 444634 561362 294194 496206 77000 300445 827559 313158 498182 213046 175580 541223 233709 305258 301845 716484 537714 715919 1 579525 375661 685609 661900 587572
 927939 339241 257318 326622 261446 491827 913232 468476 809516 635583 881670 156654 769129 514968 522738 47421 834490 533964 618608 316161 397602 590456 642349 489656 84234 669163 322783 191802 1009021 97454 602836 345245 398986 534005 453104 375591 816059 601908 852872 464390 47503 650545 698281 344089 765374 449851 956332 341545 739818 769296 650114 280024 381960 805636 638650 457215 644539 153862 676735 612586 282896 242652 297658 329513 579525 1 291726 260790 363476 538162
 827676 212537 120166 258607 431833 401950 814517 285572 799054 703327 600235 135074 703639 283586 432614 251727 666871 264245 331043 449160 615719 423824 353724 198020 260176 597619 93932 152658 974278 290649 546054 343966 657626 282431 190036 638181 582821 414769 658404 208117 269338 617568 746481 73211 474602 332104 680484 499431 459246 745327 452654 184269 653272 531125 664764 368868 506182 185169 556099 549314 206370 515224 166312 572926 375661 291726 1 513838 568790 644546
 899443 456939 511043 586657 153974 523658 884597 727681 712401 491337 1050855 390225 725765 654400 546225 307132 876718 705931 810524 211356 149933 663242 835885 704749 342268 645714 506809 448829 915838 223305 578614 362986 143915 688149 628326 124729 924837 690187 919260 709310 256105 595831 562617 579052 962723 710167 1112966 187580 912777 688836 740442 412238 145488 965827 532236 498571 683880 413383 695447 592137 400287 56852 556141 69791 685609 260790 513838 1 136212 374916
 803091 459707 591872 687003 138881 473863 788530 813167 594883 364458 1050136 462631 628193 650745 490074 405230 812223 718197 831065 153604 51340 623444 856670 745072 447710 560160 539422 536248 796134 295996 496595 329580 161354 690858 646776 164480 892490 656814 865200 774350 344055 498937 436407 639609 982664 808643 1103173 101933 917896 577829 705479 429114 202328 961584 417066 456327 626033 506285 626986 511015 411670 191649 642842 92808 661900 363476 568790 136212 1 246257
 587904 465476 708096 830327 278685 377097 574160 922765 354591 118343 991457 580098 417073 614645 377005 568182 650651 703941 822698 222598 267055 523034 847041 778424 616846 376455 581813 668466 552471 446311 327659 310130 391312 662016 650812 402085 784523 564894 719622 849325 502570 298114 190321 717304 964406 942641 1026103 202344 876256 346501 605792 465793 440337 900680 185874 378733 490473 650195 470700 341998 443520 431767 764891 338875 587572 538162 644546 374916 246257 1
LAMBDA_SECTION
1 556
2 195
3 866
4 109
5 81
6 356
7 857
8 73
9 371
10 932
11 945
12 489
13 390
14 619
15 157
16 885
17 525
18 396
19 847
20 697
21 317
22 548
23 964
24 973
25 496
26 168
27 300
28 844
29 883
30 314
31 672
32 750
33 807
34 875
35 705
36 338
37 61
38 95
39 425
40 117
41 77
42 616
43 982
44 21
45 304
46 110
47 330
48 550
49 480
50 144
51 828
52 367
53 324
54 128
55 512
56 645
57 62
58 947
59 195
60 944
61 704
62 600
63 529
64 668
65 749
66 100
67 669
68 152
69 999
70 423
