NAME : domp20p5v6
COMMENT : Cherkesly, Contardo & Gruson 2022
TYPE : DOMP
DIMENSION : 20
DISPLAY_DATA_TYPE : NO_DISPLAY
OPEN_FACILITIES : 5
COST_SECTION
 1 965910 654496 214868 220899 744117 252786 110733 498319 894961 510498 672071 875834 948113 574429 601267 692738 871510 576402 607963
 965910 1 460053 760331 779613 331811 836213 1076616 604946 78995 731663 568915 583884 154864 920838 783654 455178 799590 396648 516272
 654496 460053 1 507554 551985 500632 646566 755639 564471 427811 276281 661293 271829 544153 460912 324386 573693 410640 330865 561771
 214868 760331 507554 1 52876 529398 154571 323542 299822 687087 455434 476328 760878 734629 588195 561653 483332 809128 365904 401721
 220899 779613 551985 52876 1 530099 101989 323216 278088 704535 508291 453220 808993 743667 639489 614527 472306 861352 383001 387090
 744117 331811 500632 529398 530099 1 558694 851380 294906 256417 701159 237973 735985 231826 897692 788765 123593 909785 209381 190420
 252786 836213 646566 154571 101989 558694 1 333627 275650 758869 609818 437140 907343 783297 735668 715697 480610 963317 443010 391786
 110733 1076616 755639 323542 323216 851380 333627 1 596151 1005684 588519 766510 965624 1057908 622133 670262 794909 942864 686859 708590
 498319 604946 564471 299822 278088 294906 275650 596151 1 525964 650165 176510 835407 526083 824153 755480 205183 952857 256582 116243
 894961 78995 427811 687087 704535 256417 758869 1005684 525964 1 691009 494330 586923 125560 884467 751720 380005 794238 321765 438337
 510498 731663 276281 455434 508291 701159 609818 588519 650165 691009 1 795287 389425 798275 197854 107794 737363 362870 495943 694563
 672071 568915 661293 476328 453220 237973 437140 766510 176510 494330 795287 1 921977 452676 978970 896574 114598 1067293 330435 101836
 875834 583884 271829 760878 808993 735985 907343 965624 835407 586923 389425 921977 1 712481 488856 353027 826060 223946 593844 825081
 948113 154864 544153 734629 743667 231826 783297 1057908 526083 125560 798275 452676 712481 1 994313 865611 345388 919042 374390 421549
 574429 920838 460912 588195 639489 897692 735668 622133 824153 884467 197854 978970 488856 994313 1 144691 928436 361652 690934 879907
 601267 783654 324386 561653 614527 788765 715697 670262 755480 751720 107794 896574 353027 865611 144691 1 833522 272657 588323 795250
 692738 455178 573693 483332 472306 123593 480610 794909 205183 380005 737363 114598 826060 345388 928436 833522 1 983722 248026 88955
 871510 799590 410640 809128 861352 909785 963317 942864 952857 794238 362870 1067293 223946 919042 361652 272657 983722 1 738288 966312
 576402 396648 330865 365904 383001 209381 443010 686859 256582 321765 495943 330435 593844 374390 690934 588323 248026 738288 1 231532
 607963 516272 561771 401721 387090 190420 391786 708590 116243 438337 694563 101836 825081 421549 879907 795250 88955 966312 231532 1
LAMBDA_SECTION
1 254
2 726
3 582
4 977
5 61
6 655
7 321
8 203
9 830
10 1
11 781
12 872
13 794
14 100
15 248
16 666
17 932
18 88
19 567
20 766
