NAME : domp100p25v4
COMMENT : Cherkesly, Contardo & Gruson 2022
TYPE : DOMP
DIMENSION : 100
DISPLAY_DATA_TYPE : NO_DISPLAY
OPEN_FACILITIES : 25
COST_SECTION
 1 303981 257800 347281 548751 576228 635516 557278 650087 899880 892859 101846 553283 269512 500741 199288 686874 110068 334058 611256 746470 155907 645174 741637 73170 278499 640713 438480 279309 284020 614325 583957 692206 310535 663283 685970 428279 97650 214498 829072 705018 601139 78035 760541 607350 371406 844198 273745 594228 484161 249318 153550 347425 776473 741830 415554 624720 518573 199323 359588 676401 707273 659691 719886 535604 445994 526054 421115 308037 238811 259045 470672 695140 284539 36379 382111 660375 198222 470188 309854 379525 258714 418595 195003 529361 362715 333075 703826 170756 12894 661574 691344 548946 325158 178333 458043 406963 385540 400254 522205
 303981 1 292512 473817 378099 272268 391154 535289 543172 693551 686267 241874 393966 249265 499155 303787 441501 391009 76165 382241 488981 266041 341398 508437 375666 532121 806392 327510 428731 562603 679472 556789 547047 329317 586428 384634 223836 379810 188924 619402 597930 458705 243635 536761 304255 411281 619006 365686 491814 530234 98061 455548 340138 607811 510759 263488 379868 250911 394344 607955 440405 448607 580073 417406 691320 649810 342294 184960 347928 109085 391522 175527 454877 486852 282458 278262 415018 501629 517400 137285 310035 513374 305407 298162 380838 326140 527711 417108 346280 305002 442188 446005 274796 593899 143624 494933 625268 450605 295701 220245
 257800 292512 1 591318 321079 507370 683442 303868 394572 668915 662261 163783 319327 51967 250730 419703 495608 251192 364240 414092 561982 367016 565116 800903 285640 307446 514900 198003 151301 525427 400915 330130 443936 54374 405483 634972 251125 248127 107261 602538 448686 356251 277722 546428 523602 585712 626668 500248 339276 254522 194672 374249 89653 533005 534238 204288 672175 541652 162260 365715 477959 738198 401913 660591 399795 373258 309200 474982 516125 322191 114606 380256 498611 228249 274082 523610 471685 380137 240551 183577 540505 512874 558114 413828 653442 539642 257377 692369 130972 246864 734034 499638 562980 375682 182120 221968 664251 611072 543237 480990
 347281 473817 591318 1 829807 691135 586152 895185 965123 1164002 1156726 427913 840720 587446 841133 179633 915311 427155 440409 854291 961278 230622 757073 651760 366826 578596 966069 742216 625213 287591 961487 921427 991323 645680 989421 755066 682730 418340 514439 1090036 1021403 898968 313906 1009366 731529 120043 1092200 108135 909279 830404 492290 342954 679089 1064609 984098 698409 578933 540267 542698 651428 913861 664870 984844 792635 869104 763037 798559 445092 140662 364868 606309 638023 928636 617330 321267 292515 888833 407257 816339 566365 253823 216025 308540 185855 394217 216060 664363 719323 517952 360096 569563 919812 571879 597727 442030 803025 199786 88100 295347 621255
 548751 378099 321079 829807 1 393461 671480 273166 184772 351716 344795 447081 23063 286829 281649 650546 199628 568956 443650 125090 266752 601642 416284 782565 594537 618122 694025 125338 442206 831170 471687 279424 169300 291502 246299 507865 154328 564278 334833 282711 232619 86997 534898 226718 382553 784312 305681 724398 149952 356441 337526 686024 257649 234810 218343 134315 661954 535630 480450 662639 174956 694925 238648 516773 593207 628161 38388 527949 717621 476568 415025 298889 195626 526019 551365 654586 183200 699294 351910 263492 687905 806083 678893 644352 737545 703968 538353 604403 452033 540911 742493 202549 539279 685269 392829 329403 946409 820919 671093 415711
 576228 272268 507370 691135 393461 1 296534 645766 576737 581466 574786 507763 416383 455687 632590 545899 317583 659642 261956 310366 328827 520143 69868 397435 647645 788808 1008129 430077 657905 828311 829646 658809 538626 522944 639759 128616 292569 648957 426733 513593 619606 477405 514155 425470 41292 597764 490388 588013 542746 689506 344619 727611 514986 558555 393533 362465 289046 192236 643620 859781 334135 305136 632104 153437 895061 880625 357942 253882 551416 359275 620433 127491 336420 728833 554249 418889 299974 773623 679712 324603 461415 773515 423808 541339 429359 493509 763224 211456 597052 577017 372806 320769 178042 853753 408669 655087 867669 642028 426499 70578
 635516 391154 683442 586152 671480 296534 1 896339 856093 875398 868886 611182 693447 638509 870538 509732 613846 741758 323718 603847 619814 513147 319095 118018 706607 901388 1197516 676394 818033 811664 1060394 913811 827700 717553 914226 253256 540865 729361 579793 809026 903287 758149 558164 721348 327091 468645 783098 509900 815499 912384 489213 761541 723494 853895 689333 605353 11311 144433 775308 981003 630658 79140 906847 282415 1082458 1036246 633673 217788 455712 401014 781287 373237 632747 870292 602355 300291 596504 822947 900353 513466 333979 742543 278182 508164 207468 371527 913669 161533 727706 642185 76947 616929 132818 956538 523466 876814 785005 509934 292981 256444
 557278 535289 303868 895185 273166 645766 896339 1 171147 503847 499123 467458 252049 314401 59809 722617 462628 523006 611231 396405 525421 669828 679556 1012803 571122 492582 439450 220222 324922 804407 199980 26786 256409 249507 134201 768346 358235 524467 391846 460145 202315 221800 581516 448513 642535 885518 504265 803079 147068 124803 452857 650621 217332 346651 455098 291244 885781 752902 400381 505843 435128 933156 135270 781518 354002 428003 299083 715745 815654 600850 320657 531314 453773 393326 576759 802182 451127 636517 130431 398077 825551 803721 833722 716655 916052 830174 380916 856043 399966 545472 960128 464604 764531 549128 471124 122934 958738 912939 821192 651616
 650087 543172 394572 965123 184772 576737 856093 171147 1 332701 327984 550799 162647 382384 216835 786264 329281 640425 614039 281982 383983 734543 594620 967331 679697 641230 606525 224026 464552 919128 356273 159042 86919 346203 69534 687117 326742 639169 451238 290987 56344 99349 655563 290661 563218 934815 337400 864368 56110 293299 483192 766591 307215 175533 303309 280072 846500 719267 528115 664782 300991 879397 62023 692903 524931 596263 222420 705620 865956 631326 450247 483138 316215 541820 661692 821324 325199 764043 296436 413507 851500 907141 848330 780060 914449 863495 537488 786770 515154 639858 926683 330078 723732 702442 523651 282981 1056983 967966 838872 600474
 899880 693551 668915 1164002 351716 581466 875398 503847 332701 1 7285 798420 350093 637958 547029 987375 267598 919110 743934 311585 256703 941307 559194 965182 946179 952566 935325 470961 773620 1182779 680584 490532 249275 632666 382987 641960 483290 914923 685496 74150 311826 318403 881674 160537 548399 1104047 93633 1056443 367440 625072 676647 1037570 595301 157249 190864 484347 868783 768876 823483 985892 258921 868607 378462 629209 857411 926551 374348 799976 1041478 800783 751926 554696 249976 855523 900977 951503 290207 1048893 627230 603583 989998 1156203 968457 981307 1000628 1012812 858297 753636 799413 892302 952286 263790 758839 1017351 738247 611735 1293297 1144036 964986 636981
 892859 686267 662261 1156726 344795 574786 868886 499123 327984 7285 1 791420 343337 631127 541879 980113 260615 912371 736682 304309 250488 934063 552899 958965 939291 946423 931294 464286 767492 1175807 676798 486075 244115 626211 379056 635936 476057 908149 678459 66867 308080 312235 874513 153411 541854 1096769 87817 1049164 362054 620056 669421 1030704 588911 152718 183841 477316 862236 762022 817040 980067 251760 862417 374429 623422 852825 921292 367257 792865 1034195 793499 745643 547541 242938 849483 893884 944293 283124 1042198 622096 596377 982770 1149119 961288 974046 993640 1005559 852497 747609 792803 885305 945762 256827 752092 1011295 731077 606443 1286121 1136754 957793 630108
 101846 241874 163783 427913 447081 507763 611182 467458 550799 798420 791420 1 451447 168794 413251 259512 589944 152460 291322 512912 651098 207594 574666 723742 154258 292499 609696 336946 227915 384600 546228 493809 590876 218027 567158 625398 330637 142452 113827 727895 606163 499577 115617 660558 535025 429608 743987 339755 494776 407106 165602 245287 252671 674698 642646 314244 599987 481320 166887 370676 578262 677164 563199 657117 498188 430161 424980 393435 361137 212953 197808 392887 597400 262508 111247 396288 563705 275029 392928 215730 404595 360368 432719 253886 537931 396805 308655 657367 121747 93888 648227 594367 508946 352524 99289 377664 506669 451756 415767 461277
 553283 393966 319327 840720 23063 416383 693447 252049 162647 350093 343337 451447 1 288145 263082 661209 216066 569038 460955 144664 282325 611681 439320 804876 596761 611924 676366 121453 434770 834534 451176 257497 153346 286415 223408 530924 171019 564836 340477 283256 211684 66450 542575 233614 405615 797905 309880 735968 126889 339056 348899 687908 251067 225279 228205 142620 683857 556974 476644 654085 190293 717524 215774 539748 576948 615650 59774 547254 730717 490440 408983 320548 210548 518410 557368 671321 201309 698952 335132 275231 703994 811370 696255 654999 756753 719231 528830 627389 450171 545026 764147 218706 561103 678616 401616 313138 953422 833913 688075 437925
 269512 249265 51967 587446 286829 455687 638509 314401 382384 637958 631127 168794 288145 1 266955 411238 451975 282456 323187 371051 517476 358566 513168 756312 308714 355452 562514 169810 203263 547260 433466 339500 422828 80307 402093 583463 202050 277500 77584 569540 438008 332229 274654 508856 471654 571367 590543 491234 326300 284597 153291 399764 98957 508377 494711 161563 627290 495668 208193 416203 435756 691220 397665 608828 447588 425021 270499 433661 501493 291845 166450 328466 456122 279412 279353 494528 427362 413032 271195 132700 514695 528091 527894 405153 618969 517123 309318 642464 171054 260110 691420 456124 515889 423593 157041 250077 675461 599745 513963 430574
 500741 499155 250730 841133 281649 632590 870538 59809 216835 547029 541879 413251 263082 266955 1 670432 478781 463685 575315 406737 544102 617733 671718 987909 512475 434248 413802 202546 265213 744953 197403 86135 297767 196578 190439 758004 340610 465357 344435 498265 255106 247261 528151 477478 633156 835527 539387 750976 180928 79508 411976 591221 168103 390888 480434 271119 859752 726293 340672 450583 452346 911547 190458 773837 318694 379775 301198 682300 765766 557406 261000 513105 472056 334754 521410 759799 464342 576711 80230 363236 781280 745156 792304 664551 878487 784072 324451 840457 341212 488752 931711 481241 740111 491966 423882 66614 900508 861653 779056 632106
 199288 303787 419703 179633 650546 545899 509732 722617 786264 987375 980113 259512 661209 411238 670432 1 743399 301474 284862 679303 792615 52796 614754 600500 246070 468656 839788 562973 474790 302975 804083 748487 811691 473906 812264 628803 504820 290092 336639 913615 842584 719337 144106 834446 584340 172904 917821 80546 730544 666577 313179 267761 505433 885353 810139 518827 500263 425748 397622 548247 740265 587657 807485 665898 734838 643317 619750 322724 108948 195713 450458 475301 755872 483724 165545 217548 716684 334878 652402 387278 200261 237004 250159 6224 360553 174450 532236 615175 364397 211721 516771 747932 458493 505027 262729 637113 323712 192254 231684 479064
 686874 441501 495608 915311 199628 317583 613846 462628 329281 267598 260615 589944 216066 451975 478781 743399 1 729227 483866 81750 67883 701282 305842 710027 743877 801666 892360 315666 630850 969796 662584 463704 261391 476838 398815 395486 259332 722463 477275 196998 353710 243349 654200 108350 287951 846627 181909 807177 321214 555122 444471 835220 447344 251407 76884 291365 606559 501988 657858 852513 28319 614685 391279 391010 792699 825733 192977 533279 786857 550529 600370 289522 19031 714321 680710 687634 26870 859258 551091 377368 727116 933414 703007 737560 733030 751790 731077 505257 623008 681628 690317 4549 493288 869717 512674 528848 1059812 887993 700359 369988
 110068 391009 251192 427155 568956 659642 741758 523006 640425 919110 912371 152460 569038 282456 463685 301474 729227 1 432058 649750 792696 263039 726893 849578 60331 168952 542070 448358 210397 281578 546081 549657 694437 294692 642010 775607 471318 12508 254769 851558 692587 607416 187502 791063 687390 469529 872973 369639 586388 430952 317991 127717 333798 784129 776087 442741 730829 620168 126394 249854 715037 811999 639608 807987 442177 342558 552731 525555 410082 341732 203645 545314 734954 190182 146231 492102 703658 130663 417816 363278 488580 285043 528539 297985 639406 470245 237357 801902 125429 101014 770208 733531 649541 215763 251021 410745 441761 478094 510156 611231
 334058 76165 364240 440409 443650 261956 323718 611231 614039 743934 736682 291322 460955 323187 575315 284862 483866 432058 1 432975 524362 258367 331423 439515 407227 583735 875569 401653 494544 568377 754880 632541 612932 403470 659503 356673 289946 420118 258282 670012 668103 526656 263212 584645 299711 363011 664748 333745 563820 605620 170111 478495 415667 668531 556747 335819 312415 190000 452670 661913 486563 386487 652995 392264 760718 712656 406624 110748 305664 99845 458010 198592 498928 547181 306342 211625 458278 531350 592668 213154 247413 511896 235303 280086 305223 268878 590097 370213 404818 337826 370042 488242 218019 642386 199993 570409 608055 404977 227600 197678
 611256 382241 414092 854291 125090 310366 603847 396405 281982 311585 304309 512912 144664 371051 406737 679303 81750 649750 432975 1 149181 635016 316875 707758 666279 719941 818744 234996 549229 894965 595799 400580 230524 395153 350176 409571 183079 643292 399536 237469 316887 186458 582587 155161 289555 792463 238622 746411 262568 481146 373517 757893 366013 250983 131871 209984 595469 479832 576351 770894 65422 615210 342425 412550 716801 745862 112534 495886 730110 490057 518633 250177 85230 632648 606942 642108 60110 780073 476231 303560 679809 861105 660815 673325 701895 701752 649822 513931 541979 605461 678646 85653 476367 787980 439722 453353 991395 832533 656294 350009
 746470 488981 561982 961278 266752 328827 619814 525421 383983 256703 250488 651098 282325 517476 544102 792615 67883 792696 524362 149181 1 752522 302563 708484 805316 868550 957894 383542 698403 1028180 725040 525004 309203 544293 453141 385848 321502 785595 539395 195919 402147 304239 710244 117799 293630 886997 163555 853300 381574 621104 500991 896266 515104 280530 89910 357713 613523 519612 724146 920067 92033 611930 445822 375032 859271 893543 260850 562517 829669 597855 667657 326192 72049 781792 738604 721781 90301 922284 617427 436645 762434 989433 734312 786918 755052 789202 798875 497464 688507 741757 696759 64499 506867 936661 570441 595446 1112017 929290 733214 389187
 155907 266041 367016 230622 601642 520143 513147 669828 734543 941307 934063 207594 611681 358566 617733 52796 701282 263039 258367 635016 752522 1 589736 610602 211858 431850 795748 511610 426139 312264 753129 695693 761401 421185 759838 610972 458097 251080 284302 867789 790836 668963 92943 789946 557205 222550 873629 133276 678734 614675 265196 249858 452637 836329 766412 469108 503087 416379 350986 512442 696940 589386 755109 647489 689144 601900 571645 313177 155381 162130 400581 440547 713124 439607 120262 234869 674465 314145 600496 339096 226486 253555 270232 46834 381939 207245 488142 606589 315630 167623 527892 705827 448828 473007 211510 584932 359653 244412 251570 455723
 645174 341398 565116 757073 416284 69868 319095 679556 594620 559194 552899 574666 439320 513168 671718 614754 305842 726893 331423 316875 302563 589736 1 406313 716278 852548 1057831 469966 716316 898168 869087 690383 547306 576603 660462 92740 336783 716388 489671 495565 633115 495852 583800 409891 41515 660792 466106 655044 566084 733027 410332 796921 565400 555376 377960 405915 313603 240611 706291 922090 326936 310081 652711 102144 945977 937840 383728 315503 616853 429076 679163 186376 324824 789418 623664 479766 293283 842223 724050 384521 522426 843181 481699 610280 475887 555746 822173 199609 660329 645709 395904 308242 219298 918143 475901 699416 935796 705226 485926 136308
 741637 508437 800903 651760 782565 397435 118018 1012803 967331 965182 958965 723742 804876 756312 987909 600500 710027 849578 439515 707758 708484 610602 406313 1 811261 1011842 1314521 792660 934041 897627 1178249 1029842 934894 835469 1026931 325400 656180 837102 696723 901833 1013116 868713 663706 815692 422412 531763 871852 588726 928380 1030335 606454 860445 841507 955460 783680 721603 129139 262313 889063 1092037 729029 96795 1019468 345489 1199519 1150963 745186 331171 532170 511695 897518 486280 729056 984387 707402 383837 694877 923864 1018331 631476 410153 826279 354790 599761 257557 445681 1028409 215378 841754 749100 84042 712748 248272 1065142 638463 994766 851376 569049 372137 367028
 73170 375666 285640 366826 594537 647645 706607 571122 679697 946179 939291 154258 596761 308714 512475 246070 743877 60331 407227 666279 805316 211858 716278 811261 1 222722 601633 478104 266741 239813 603853 597890 728834 333905 685864 758616 484550 52226 266761 876901 733150 639699 148541 812205 677998 411468 895189 311312 624700 484660 314882 91820 372655 816351 795238 464097 695902 591393 182278 302194 731687 779088 683002 792320 502437 401013 575027 493296 353798 311692 255895 539538 751016 250511 104258 445103 717723 125980 471219 369804 438337 232693 481067 243058 592605 417744 297628 776959 171275 70666 730416 748284 621902 261156 244428 462583 388539 418700 462487 594655
 278499 532121 307446 578596 618122 788808 901388 492582 641230 952566 946423 292499 611924 355452 434248 468656 801666 168952 583735 719941 868550 431850 852548 1011842 222722 1 390048 492853 178969 368591 453327 517032 710525 326852 624507 911196 557493 181131 362965 891701 686338 634190 354813 844740 811591 633307 921683 533054 593342 376576 445297 239875 360872 804578 835585 511061 890285 773703 148181 81163 782815 968936 624136 941067 304252 185731 611890 683764 576516 500520 203100 666505 803662 99685 314837 660519 778280 188099 366626 470648 657530 401170 697051 465493 807601 638946 119822 949000 192366 268545 933953 805593 801445 68237 388555 369780 551311 638022 678737 748537
 640713 806392 514900 966069 694025 1008129 1197516 439450 606525 935325 931294 609696 676366 562514 413802 839788 892360 542070 875569 818744 957894 795748 1057831 1314521 601633 390048 1 596659 384140 751220 256588 447661 693331 487587 552380 1136703 721583 552328 617799 897507 623863 658733 707198 887595 1017102 1010605 943058 911195 586296 337605 708340 629921 493171 779020 892746 653737 1186223 1056435 446777 328301 866090 1253093 556872 1158106 115116 204350 709820 985624 948677 817286 418970 881385 885851 356207 675610 1005814 877201 575519 342853 693983 1011835 790070 1042329 835648 1147245 999902 307660 1203489 488326 628528 1245213 894891 1077848 390611 680000 366381 936632 1020162 1025217 990897
 438480 327510 198003 742216 125338 430077 676394 220222 224026 470961 464286 336946 121453 169810 202546 562973 315666 448358 401653 234996 383542 511610 469966 792660 478104 492853 596659 1 317613 717020 399808 237506 254084 166165 259751 555555 138810 444510 230588 404703 280336 162660 435497 352055 430989 710968 430434 640643 169148 264120 259908 568697 132940 338568 342968 71059 665898 533320 355543 538716 293923 713093 253701 571980 489611 511108 122694 501554 642001 409082 289775 311997 314913 401443 445739 603377 295069 577945 256125 192740 631512 697193 632225 556757 706403 641701 415780 638526 328755 429468 741060 319178 544398 560109 300247 231726 842711 743942 621540 431932
 279309 428731 151301 625213 442206 657905 818033 324922 464552 773620 767492 227915 434770 203263 265213 474790 630850 210397 494544 549229 698403 426139 716316 934041 266741 178969 384140 317613 1 486129 337600 350777 531963 154273 452839 785023 398639 215271 240582 713137 511574 455269 333919 668210 674804 647670 744019 551984 415380 222219 331769 334239 184686 625860 660423 344216 806724 679595 84470 221666 610515 877335 451749 811269 271084 223494 438852 603610 581508 433147 37745 531095 631482 83835 309954 623780 608578 312789 209642 333386 632452 495280 660056 469852 763648 623671 106142 838551 110511 266418 862811 634595 703215 244284 296615 205767 652024 664279 643327 628779
 284020 562603 525427 287591 831170 828311 811664 804407 919128 1182779 1175807 384600 834534 547260 744953 302975 969796 281578 568377 894965 1028180 312264 898168 897627 239813 368591 751220 717020 486129 1 811513 831011 968528 573006 923199 923042 711898 281091 498188 1112473 972217 879055 321229 1044557 863769 391245 1128191 311330 864308 708347 527629 153861 611927 1055534 1025762 698818 802430 726780 405084 422957 959986 889999 920642 959406 672575 549021 809579 623406 368603 469324 484189 737254 978519 442570 289633 514324 943169 181610 695717 592430 488230 73745 542967 305254 647463 454418 480707 916826 406312 290774 813585 974290 759433 361228 457743 690390 185945 372178 525491 766019
 614325 679472 400915 961487 471687 829646 1060394 199980 356273 680584 676798 546228 451176 433466 197403 804083 662584 546081 754880 595799 725040 753129 869087 1178249 603853 453327 256588 399808 337600 811513 1 200983 443033 353771 297918 955351 537286 551958 506531 646196 368759 420928 660262 644020 830557 975599 693580 883278 344430 149261 586189 664800 339345 525291 652700 467517 1049431 915970 421792 433498 635032 1104634 302934 971214 203966 319886 495077 864382 907356 722747 355351 708990 653543 369004 642487 924517 651022 631017 162343 547866 940928 828812 958911 798719 1052318 938451 334222 1036687 443573 601473 1118694 664532 931611 490874 583032 184555 985119 995832 944137 827086
 583957 556789 330130 921427 279424 658809 913811 26786 159042 490532 486075 493809 257497 339500 86135 748487 463704 549657 632541 400580 525004 695693 690383 1029842 597890 517032 447661 237506 350777 831011 200983 1 245707 275799 113837 780017 374077 551173 416796 449914 184193 220798 607674 443304 654073 910820 495529 828913 143641 145402 475953 677246 243066 333357 451721 308488 903347 770826 426805 528278 435850 949028 116006 792084 367108 446832 307752 736105 840948 624490 347131 546593 453880 418021 603274 825356 453639 662711 152514 419505 849282 830498 856581 742508 937625 854435 404228 869675 426720 572172 978500 465440 781643 572715 495932 147298 985523 938559 844280 667085
 692206 547047 443936 991323 169300 538626 827700 256409 86919 249275 244115 590876 153346 422828 297767 811691 261391 694437 612932 230524 309203 761401 547306 934894 728834 710525 693331 254084 531963 968528 443033 245707 1 400687 149848 639945 323503 691907 484072 204210 92979 92484 688575 207819 519799 950946 250553 887444 118828 376031 500775 818149 361837 94472 223966 293358 818741 696638 588955 739493 233889 843732 143370 641704 610383 677300 206529 695489 883504 643658 513678 459887 246005 612072 699807 823872 262561 821415 377981 427607 857005 950880 848143 805469 905054 872539 611805 744316 570659 682934 900858 261357 697264 773759 550203 362542 1096783 986600 840392 571429
 310535 329317 54374 645680 291502 522944 717553 249507 346203 632666 626211 218027 286415 80307 196578 473906 476838 294692 403470 395153 544293 421185 576603 835469 333905 326852 487587 166165 154273 573006 353771 275799 400687 1 353377 651480 248406 293061 153303 568664 399277 316098 332092 518218 535271 639264 596195 554444 291780 205418 233594 420404 39107 491834 508734 190474 706367 574209 190842 375846 456941 768775 350103 674832 373323 364455 285488 513891 569580 369638 123986 395554 477874 237499 327958 572040 454377 420734 191785 206963 590541 563550 605943 468010 698562 590989 257371 715904 170076 299270 771337 480627 593536 394342 231454 171556 716068 665082 591581 503315
 663283 586428 405483 989421 246299 639759 914226 134201 69534 382987 379056 567158 223408 402093 190439 812264 398815 642010 659503 350176 453141 759838 660462 1026931 685864 624507 552380 259751 452839 923199 297918 113837 149848 353377 1 752679 377926 642109 475638 349419 71818 164862 676651 357181 628026 966833 398277 891646 98767 258538 518441 769520 315875 227388 371359 323733 904381 775307 523576 639925 370524 940520 7769 759567 478300 560664 282457 755451 897330 668174 444002 541052 385696 524911 678352 863069 394543 760814 264621 452489 891197 916735 891621 806120 962833 900800 514543 850610 516896 652287 983447 399606 781494 682355 551663 256231 1069419 998004 881161 659944
 685970 384634 634972 755066 507865 128616 253256 768346 687117 641960 635936 625398 530924 583463 758004 628803 395486 775607 356673 409571 385848 610972 92740 325400 758616 911196 1136703 555555 785023 923042 955351 780017 639945 651480 752679 1 419425 764441 551126 581089 725850 588220 618708 497182 125957 650214 548372 658623 657791 816718 465900 834050 643542 646177 465527 489247 250232 216361 767590 983753 417673 228670 744936 37577 1023676 1008102 474567 310916 614631 456500 747437 255931 414332 854527 660869 466726 384379 884192 807175 451676 508703 863332 461569 625016 434886 544591 889948 111677 720464 688102 327610 397611 186849 975093 526188 782531 942516 694597 469189 164390
 428279 223836 251125 682730 154328 292569 540865 358235 326742 483290 476057 330637 171019 202050 340610 504820 259332 471318 289946 183079 321502 458097 336783 656180 484550 557493 721583 138810 398639 711898 537286 374077 323503 248406 377926 419425 1 464112 218059 409973 379544 236786 400680 334933 296595 631872 418972 575995 279732 397295 193418 575898 231360 385293 314334 69899 530597 399308 410117 616696 248126 575034 370899 437998 610613 612793 118633 378895 566061 324243 363891 173229 266932 478725 423992 500428 233200 600784 387851 121224 533577 678512 525241 498705 587767 549867 504058 499897 371035 422670 607677 263746 408268 625641 257329 363202 811144 669389 517093 293387
 97650 379810 248127 418340 564278 648957 729361 524467 639169 914923 908149 142452 564836 277500 465357 290092 722463 12508 420118 643292 785595 251080 716388 837102 52226 181131 552328 444510 215271 281091 551958 551173 691907 293061 642109 764441 464112 1 246909 846971 691721 604312 175009 785575 677012 458760 867734 359018 584835 434610 308051 127574 332141 781095 770196 437049 718438 608046 130853 262109 708638 799693 639563 796960 451552 353508 547342 513240 398819 329451 206415 535302 728453 199199 133865 479731 696775 136802 421329 354798 476418 281336 516186 286514 627009 458317 246785 790064 125235 88511 757709 726788 637493 228267 240493 413574 437872 467964 497816 600053
 214498 188924 107261 514439 334833 426733 579793 391846 451238 685496 678459 113827 340477 77584 344435 336639 477275 254769 258282 399536 539395 284302 489671 696723 266761 362965 617799 230588 240582 498188 506531 416796 484072 153303 475638 551126 218059 246909 1 614576 507399 391898 204947 546733 448650 494390 630182 416074 395237 358651 91278 358360 176343 565082 528916 201156 568494 439733 216890 433055 464937 637265 470846 579696 502803 463123 311556 368862 424532 216366 203097 303542 484259 304027 216896 418745 451238 383210 344937 109987 437810 471254 452667 330489 546488 439657 342005 598952 170664 207430 628324 481665 462791 429063 79466 324844 613375 523520 438280 391201
 829072 619402 602538 1090036 282711 513593 809026 460145 290987 74150 66867 727895 283256 569540 498265 913615 196998 851558 670012 237469 195919 867789 495565 901833 876901 891701 897507 404703 713137 1112473 646196 449914 204210 568664 349419 581089 409973 846971 614576 1 281687 259318 809196 88700 482052 1029920 53151 982428 317345 577440 603389 968504 532136 125499 120250 413657 802058 698981 759365 928511 186137 805637 343828 570947 813792 875468 303026 727423 967330 726677 689720 481750 178756 795907 829306 877963 218296 981768 578279 530591 916284 1084602 895297 907559 929288 938882 801361 692526 733420 821769 885748 193461 690074 957386 665681 561079 1220597 1069889 891602 566979
 705018 597930 448686 1021403 232619 619606 903287 202315 56344 311826 308080 606163 211684 438008 255106 842584 353710 692587 668103 316887 402147 790836 633115 1013116 733150 686338 623863 280336 511574 972217 368759 184193 92979 399277 71818 725850 379544 691721 507399 281687 1 145623 711566 298493 603609 991016 331999 920710 112164 327105 539292 819266 360504 157628 316304 335352 893910 768230 578100 705673 325952 923792 68375 729430 549969 630231 270921 757981 922204 687164 499422 531358 338682 586671 717184 876180 353546 814808 332171 469259 906769 961533 902788 836381 967191 919162 579246 828013 567171 694640 974844 353832 771432 745960 579986 321675 1111977 1024262 893589 647029
 601139 458705 356251 898968 86997 477405 758149 221800 99349 318403 312235 499577 66450 332229 247261 719337 243349 607416 526656 186458 304239 668963 495852 868713 639699 634190 658733 162660 455269 879055 420928 220798 92484 316098 164862 588220 236786 604312 391898 259318 145623 1 596226 230237 464031 859881 295439 795309 77881 326540 408963 729715 278008 176800 234022 201500 748685 622623 506408 669265 215318 780331 157096 594723 565953 618385 125306 613688 792129 553092 433719 385823 233105 537446 607992 736540 234988 735688 325372 336183 768674 859851 761904 713115 823169 783127 542051 687444 484984 592105 829391 244927 626086 699191 457727 306128 1004940 895102 753469 502124
 78035 243635 277722 313906 534898 514155 558164 581516 655563 881674 874513 115617 542575 274654 528151 144106 654200 187502 263212 582587 710244 92943 583800 663706 148541 354813 707198 435497 333919 321229 660262 607674 688575 332092 676651 618708 400680 175009 204947 809196 711566 596226 1 735606 547517 315491 819647 224179 599479 522517 209730 215401 365184 767820 714399 400662 547430 443897 260811 435974 646609 630558 672291 653538 599066 516895 507980 344946 248056 165063 307751 416756 664228 351955 44372 306112 627377 269234 508345 279459 306327 279280 342768 138594 452879 292712 400281 630891 223515 86532 583546 658734 474818 403029 143547 493268 411802 336336 324632 456404
 760541 536761 546428 1009366 226718 425470 721348 448513 290661 160537 153411 660558 233614 508856 477478 834446 108350 791063 584645 155161 117799 789946 409891 815692 812205 844740 887595 352055 668210 1044557 644020 443304 207819 518218 357181 497182 334933 785575 546733 88700 298493 230237 735606 1 394693 945937 84041 901439 301450 556777 527421 904024 484008 164199 32050 348606 714229 610300 706833 887684 98488 719820 350418 489203 796170 845655 238364 639458 884352 644934 641645 394192 90059 751920 758267 791332 129815 921720 555465 456148 830081 1013200 807994 828462 840721 853438 762200 608146 677072 754020 797963 104891 601585 911745 592244 535771 1145560 986460 804658 478297
 607350 304255 523602 731529 382553 41292 327091 642535 563218 548399 541854 535025 405615 471654 633156 584340 287951 687390 299711 289555 293630 557205 41515 422412 677998 811591 1017102 430989 674804 863769 830557 654073 519799 535271 628026 125957 296595 677012 448650 482052 603609 464031 547517 394693 1 638872 456407 627946 532501 693419 370233 759643 524430 533679 362647 366017 320384 231316 665145 880852 306624 327789 620303 141407 905044 896339 348815 295170 592026 395632 637658 145168 306957 747999 586708 460176 272486 803852 684256 343132 502696 810200 465006 579668 468578 534720 780669 224573 619312 607541 403927 290817 214832 877341 436550 659610 906755 683105 467777 111783
 371406 411281 585712 120043 784312 597764 468645 885518 934815 1104047 1096769 429608 797905 571367 835527 172904 846627 469529 363011 792463 886997 222550 660792 531763 411468 633307 1010605 710968 647670 391245 975599 910820 950946 639264 966833 650214 631872 458760 494390 1029920 991016 859881 315491 945937 638872 1 1026947 100254 880101 836194 451933 412691 668436 1017164 918739 658637 461861 433907 570309 711025 848379 546953 961533 687599 906887 812067 750259 345341 69874 307779 622946 560819 861383 655099 338318 183488 820841 480401 822017 523749 141780 317541 193414 177826 274208 105713 703500 606762 537243 384009 449740 851027 464397 663151 416078 805791 319634 44513 182456 527196
 844198 619006 626668 1092200 305681 490388 783098 504265 337400 93633 87817 743987 309880 590543 539387 917821 181909 872973 664748 238622 163555 873629 466106 871852 895189 921683 943058 430434 744019 1128191 693580 495529 250553 596195 398277 548372 418972 867734 630182 53151 331999 295439 819647 84041 456407 1026947 1 984187 359172 618856 611407 986998 560900 177537 108297 431197 776665 679344 785955 961789 178710 775225 392386 535616 856743 913799 320457 714848 966101 727510 718834 471418 165928 827405 842202 869496 206674 1003574 618894 540188 908854 1097186 884879 911858 912775 933142 835328 660048 757569 837557 860029 177733 668207 988155 676278 600680 1229536 1067857 882266 547797
 273745 365686 500248 108135 724398 588013 509900 803079 864368 1056443 1049164 339755 735968 491234 750976 80546 807177 369639 333745 746411 853300 133276 655044 588726 311312 533054 911195 640643 551984 311330 883278 828913 887444 554444 891646 658623 575995 359018 416074 982428 920710 795309 224179 901439 627946 100254 984187 1 808824 746664 387079 314687 585848 959062 876055 594130 501535 446936 473063 610844 805796 589009 886767 696158 808361 712092 692500 347736 57273 256763 528868 530625 820520 556185 242040 209631 780703 382649 732495 460953 178625 238583 234402 86443 336262 143467 604474 631625 441975 286509 504828 811677 479291 563432 340810 717416 284066 112568 217921 518794
 594228 491814 339276 909279 149952 542746 815499 147068 56110 367440 362054 494776 126889 326300 180928 730544 321214 586388 563820 262568 381574 678734 566084 928380 624700 593342 586296 169148 415380 864308 344430 143641 118828 291780 98767 657791 279732 584835 395237 317345 112164 77881 599479 301450 532501 880101 359172 808824 1 260125 428923 712104 252695 213228 308470 228334 805638 676563 476019 620825 293153 842387 91489 666232 497584 559377 184840 658008 811085 577668 399073 442365 310751 494457 605627 769531 312660 711021 261015 360247 798930 851525 797216 724344 866017 810126 493155 753964 461345 584072 884685 322760 682752 655899 468036 244511 1001070 912878 787316 561458
 484161 530234 254522 830404 356441 689506 912384 124803 293299 625072 620056 407106 339056 284597 79508 666577 555122 430952 605620 481146 621104 614675 733027 1030335 484660 376576 337605 264120 222219 708347 149261 145402 376031 205418 258538 816718 397295 434610 358651 577440 327105 326540 522517 556777 693419 836194 618856 746664 260125 1 437035 556236 190143 468403 559224 327527 901369 768026 304674 383345 529144 958180 259945 834759 239541 303455 372780 715161 767171 575015 228848 566305 549128 279314 509214 777284 539634 533693 14181 399252 794969 715864 811317 660980 903565 793995 260851 893844 315971 471569 969905 557742 784418 429491 436138 35570 872475 858830 796852 682763
 249318 98061 194672 492290 337526 344619 489213 452857 483192 676647 669421 165602 348899 153291 411976 313179 444471 317991 170111 373517 500991 265196 410332 606454 314882 445297 708340 259908 331769 527629 586189 475953 500775 233594 518441 465900 193418 308051 91278 603389 539292 408963 209730 527421 370233 451933 611407 387079 428923 437035 1 402397 247998 572320 505387 207473 477927 348565 302817 518504 437148 546018 512716 496026 593263 553905 306626 280785 383556 149923 294342 227331 454588 393021 238040 349404 417649 438972 423847 74101 374272 488968 380923 307001 467402 382406 432343 509038 255190 246589 539444 449004 371517 509483 70989 402106 618140 486290 368354 303699
 153550 455548 374249 342954 686024 727611 761541 650621 766591 1037570 1030704 245287 687908 399764 591221 267761 835220 127717 478495 757893 896266 249858 796921 860445 91820 239875 629921 568697 334239 153861 664800 677246 818149 420404 769520 834050 575898 127574 358360 968504 819266 729715 215401 904024 759643 412691 986998 314687 712104 556236 402397 1 459444 906488 887011 555881 751258 655899 251995 309125 823287 836692 767034 868741 540655 425601 666798 554659 365967 379644 330668 624067 842544 298214 173520 482437 808991 68016 543382 460112 467964 165003 516536 266799 627700 441500 340464 844470 252645 155862 777734 839640 687458 254820 331448 537325 320453 410053 497899 671379
 347425 340138 89653 679089 257649 514986 723494 217332 307215 595301 588911 252671 251067 98957 168103 505433 447344 333798 415667 366013 515104 452637 565400 841507 372655 360872 493171 132940 184686 611927 339345 243066 361837 39107 315875 643542 231360 332141 176343 532136 360504 278008 365184 484008 524430 668436 560900 585848 252695 190143 247998 459444 1 453303 475765 167856 712414 579346 228411 405841 426361 771500 312376 665153 380619 384510 254707 525038 598597 390395 157936 388489 447348 268520 363436 593048 425777 459656 177492 210037 613618 601698 626114 499448 715347 615997 283819 713054 209110 336415 780033 450988 596877 427738 255781 154796 753664 695608 612426 500555
 776473 607811 533005 1064609 234810 558555 853895 346651 175533 157249 152718 674698 225279 508377 390888 885353 251407 784129 668531 250983 280530 836329 555376 955460 816351 804578 779020 338568 625860 1055534 525291 333357 94472 491834 227388 646177 385293 781095 565082 125499 157628 176800 767820 164199 533679 1017164 177537 959062 213228 468403 572320 906488 453303 1 190693 367714 845736 730713 681257 833963 228525 861434 222420 642416 700165 770657 267072 741885 951169 709492 606816 498519 232960 706304 781900 880100 262101 912110 470961 498261 915431 1035049 901822 879158 949915 933728 706276 754961 661307 767736 929120 249736 727259 868049 626792 456205 1178379 1054508 895607 600951
 741830 510759 534238 984098 218343 393533 689333 455098 303309 190864 183841 642646 228205 494711 480434 810139 76884 776087 556747 131871 89910 766412 377960 783680 795238 835585 892746 342968 660423 1025762 652700 451721 223966 508734 371359 465527 314334 770196 528916 120250 316304 234022 714399 32050 362647 918739 108297 876055 308470 559224 505387 887011 475765 190693 1 333426 682235 578825 695640 880982 70415 687841 364312 458028 798745 843451 225039 609376 857805 619338 632614 364670 59131 744253 738319 762374 99611 906712 557105 435206 801433 992755 778487 804200 809821 825320 756497 576378 664271 735701 765964 73247 569831 903003 571406 536576 1123205 959588 775450 446831
 415554 263488 204288 698409 134315 362465 605353 291244 280072 484347 477316 314244 142620 161563 271119 518827 291365 442741 335819 209984 357713 469108 405915 721603 464097 511061 653737 71059 344216 698818 467517 308488 293358 190474 323733 489247 69899 437049 201156 413657 335352 201500 400662 348606 366017 658637 431197 594130 228334 327527 207473 555881 167856 367714 333426 1 594870 462381 366512 565113 274349 642287 317187 507410 543718 552168 110954 432951 590703 352600 311632 242037 294827 426547 417240 541384 267412 573395 318242 134917 571455 672186 568885 512612 639323 584005 447832 569364 332156 408125 670253 295422 473340 579239 259080 293595 812100 693624 559068 361508
 624720 379868 672175 578933 661954 289046 11311 885781 846500 868783 862236 599987 683857 627290 859752 500263 606559 730829 312415 595469 613523 503087 313603 129139 695902 890285 1186223 665898 806724 802430 1049431 903347 818741 706367 904381 250232 530597 718438 568494 802058 893910 748685 547430 714229 320384 461861 776665 501535 805638 901369 477927 751258 712414 845736 682235 594870 1 133525 764053 969865 623056 87678 897017 280347 1071167 1024956 624087 206624 447655 389961 769977 363497 625427 859022 591645 291907 588928 812495 889317 502395 326248 733535 270632 498622 203499 363887 902379 162200 716440 631332 83762 609689 122889 945539 512176 865800 777524 503458 285090 247339
