NAME : domp200p100v4
COMMENT : Cherkesly, Contardo & Gruson 2022
TYPE : DOMP
DIMENSION : 200
DISPLAY_DATA_TYPE : NO_DISPLAY
OPEN_FACILITIES : 100
COST_SECTION
 1 1033407 278963 471342 647961 661163 604257 366205 1095694 670117 593816 922810 178729 856429 909223 326734 549566 200998 900029 514161 505649 903484 250587 1019190 513110 843494 852373 828324 666113 843303 537894 649931 474107 147251 194285 726939 887586 282525 405233 692853 479313 936963 1019403 691335 901960 968851 333011 748276 848017 765938 983247 714326 711436 1113547 770738 86489 489299 462310 671039 744504 732443 135101 873437 303538 970335 592874 501838 1127192 545485 868788 485200 658953 487089 592180 189165 531910 768697 703622 138719 867915 679471 129310 765116 842711 167306 1084673 690344 520419 934222 883160 339252 993648 554713 367975 691942 352086 855422 959913 841053 676671 234337 926270 940940 790159 1018466 747652 1017342 832970 675036 791320 352952 505978 790697 794420 557352 595922 997944 1015180 239515 850252 387254 419864 474177 154012 667637 811109 943255 1002658 580126 1163404 765409 283059 864724 921688 694756 675837 534827 42382 953500 711598 209634 187645 438319 527248 458166 131874 930889 547849 837828 195600 710060 987578 150964 730205 371206 888336 1039422 790458 632319 840544 788981 871269 633295 700455 264769 369175 804525 744729 170609 384525 47193 1075207 462744 779895 184388 612388 356275 425577 277288 481333 740885 550661 1145657 996363 912363 141282 745143 410238 789839 615730 644758 366494 696136 51133 739801 334591 993608 1219668 414737 521799
 1033407 1 820592 741954 712025 640814 545111 775780 138888 444832 504730 124946 875100 223220 144850 738533 500802 861967 139428 577144 951764 330763 804926 14447 562624 585359 722690 576685 417614 929948 591997 796865 580940 1024417 1002941 817756 386474 765390 706274 721924 564868 783599 302569 807710 193103 963605 824571 488275 674118 571623 51830 680333 448554 209998 607443 1106631 602150 617543 546477 392963 669074 970710 198934 737705 472176 553781 882768 249387 647504 312174 559177 374957 625774 731827 855376 511387 300056 425057 908204 306433 872715 1123767 564704 635223 901522 370105 602435 523212 703293 187749 698158 651105 640745 669411 573149 784682 888900 768521 263984 655037 839859 314596 545852 497955 15053 506097 528609 206611 516635 365447 914065 631709 666833 776626 810821 440988 154379 556881 794615 722354 760124 729754 565628 919439 449909 639487 170375 32083 910459 167026 282015 1026311 191261 256426 387093 785648 499568 1072141 93531 888682 872285 955821 643806 530266 581562 1075487 253015 621814 345661 838430 330107 49719 882781 432209 837634 214950 75025 335303 864569 193340 281883 258982 879505 829910 785156 664250 266235 367152 877108 791995 1012876 329718 894536 723384 875470 422848 888692 618395 799341 577113 561484 908700 221516 37241 289267 995237 483954 821096 298636 922144 503532 876056 341163 994421 877608 801240 299535 280948 714995 817170
 278963 820592 1 195638 649529 382439 521593 88394 906500 548150 336482 725180 107143 680744 683933 86443 402939 82540 681690 255340 624000 641660 69453 807157 262597 790166 843571 772804 525784 903572 466318 686562 353773 370551 392044 764213 769723 93747 131237 696607 259388 937423 875334 728519 725014 1019430 70635 659970 823664 710079 774114 700802 601527 938785 727947 365427 229020 207106 600497 485791 455322 318248 640186 228592 874807 512476 589184 960052 266887 726686 343831 453822 218098 603631 223421 377810 600507 580588 145397 611697 742716 405932 706693 805931 111657 952128 411439 299672 910385 650890 159419 947339 276208 179750 413799 74561 900521 952716 678156 398528 280005 787586 868945 707609 806302 472476 933569 614056 402196 659252 471066 452570 768191 809809 606632 417957 818314 939525 176553 841556 108843 140902 262977 125927 547788 532828 704938 788641 670728 968252 539775 475755 677083 766184 547339 705861 356127 320720 732611 776672 69435 351394 365042 395265 313207 389494 678934 271099 577614 177173 525374 779621 186322 465516 440048 716477 841607 537593 697944 629476 552172 711804 704764 745118 241257 210850 568452 492252 119598 422112 238346 933534 559684 778099 256133 427693 458621 209732 290710 363567 462618 644225 968917 783527 765953 344743 654859 469120 628753 706361 548454 460417 508216 269726 797159 371584 850000 1044244 398145 576084
 471342 741954 195638 1 757023 193438 589946 107471 849801 582883 239160 669446 302703 651834 597640 195621 440746 278122 604475 182016 785850 501543 249265 730104 206243 853956 932705 836233 547730 1028218 550293 809851 425484 565231 583798 883305 786779 245503 111048 801847 259427 1027731 863468 849545 691352 1135103 139812 708921 904318 777747 702216 795842 639718 895187 802923 557254 165345 170650 667973 362044 261140 511488 546090 369506 903098 583661 741375 922886 100492 726141 400910 418815 132382 720173 405937 414528 586814 610452 340923 483376 875750 599765 772891 879698 305265 946484 228389 281970 986922 557413 264946 1007449 109344 263478 238172 121096 1017447 1037749 662208 206526 453210 785720 915060 756737 729138 307787 967732 541407 250557 673239 641849 550266 853284 914738 741454 421526 775885 979390 344253 930858 88527 67884 273762 317388 584315 340734 599615 710207 819549 902795 465386 663971 635916 750518 559946 824580 373668 512180 648918 908933 262981 540537 466910 447584 376258 585107 554310 121712 443878 359733 503460 708777 377934 330567 597573 688593 778833 420441 834441 565391 460187 696391 843548 868993 401032 304159 476050 380057 314889 569888 428096 920850 717413 874987 440071 421880 625590 241944 451478 434807 284443 795648 922106 706767 758662 538626 702806 619921 619136 853428 603378 624549 485108 465195 924736 526187 839944 995865 525188 715460
 647961 712025 649529 757023 1 838909 204339 689352 689170 287999 633191 590502 604722 489895 669193 585050 353699 613929 640229 616304 273334 817904 583906 699320 590645 223617 204713 214194 331227 278631 213453 85308 335705 542482 495700 133142 369522 556247 648124 47304 515745 293199 521030 106999 519832 378195 709980 227521 202467 169640 665039 70405 265954 665741 151310 673675 615988 597338 167784 705199 917635 519482 675229 422061 389840 203228 213429 658322 737964 412192 365942 492441 646626 56641 483208 373270 427972 295511 606637 765866 164021 658308 173830 205248 634452 549770 833845 515668 286903 677583 503176 354181 740690 496743 811818 684839 261427 313492 448049 862906 422174 441157 330589 235666 699219 808636 412924 603303 746435 347081 329990 206836 146748 160353 125807 416721 590794 400911 485842 202593 693552 693776 498569 645427 282799 957039 738572 693937 207447 759047 591092 458254 527202 477557 352799 80811 422870 665443 682879 186658 641149 472829 291330 331444 384892 598081 787302 714439 766618 510452 451192 664377 539828 726932 281493 498107 670947 704171 152830 582657 640705 456156 167759 130312 423957 456360 646233 678083 595005 263505 662479 560140 244942 133112 471815 433235 313426 516927 386593 327334 845848 214822 696454 685758 449677 526841 230720 242941 418434 212307 227784 299503 455822 596933 187255 315031 500452 754607 254010 152860
 661163 640814 382439 193438 838909 1 647359 295029 765656 609912 213089 597184 487347 609010 498423 357163 489945 463224 514636 225621 919651 348717 425126 631296 249689 889209 989280 872010 566628 1117276 625463 904473 506131 744180 756812 971098 780132 410121 265671 879456 326213 1082225 823795 940448 640365 1212387 332781 738443 953713 820740 610552 863992 664501 822205 851535 747519 232909 258692 717993 249738 82296 687987 443022 509421 901311 644228 866702 855166 122509 706092 473862 401779 210357 812418 572987 467555 566002 630028 526919 346310 977619 788337 814758 923441 493964 909191 43105 323363 1029131 453904 402496 1032725 114978 388834 68604 309163 1098931 1086684 631729 24002 610078 760376 930241 783215 630272 143033 968940 463128 129275 671702 788991 637348 909184 987481 849944 442786 710154 985756 504322 987668 273912 241918 343626 507347 612886 151080 479120 611150 939012 807583 395697 830594 581798 713596 568369 914191 418514 702620 548407 1009007 451567 710526 566171 508363 458883 769328 415490 134301 304327 529053 484963 617794 554737 209438 733626 643757 692064 305734 941096 493846 370561 663643 952182 961997 550853 424533 383536 279672 498457 698598 619187 877656 849035 941390 607039 433974 769466 341417 598328 513585 100385 918465 844778 609687 729620 715999 731811 748775 599061 970120 647216 765706 468224 650843 1019625 663304 803302 914245 639270 829379
 604257 545111 521593 589946 204339 647359 1 540451 552627 100283 437014 420211 507651 324069 480066 443606 157458 509198 453642 431284 407221 615297 465499 531334 404634 269325 344850 251784 134490 478982 66577 284476 169676 540486 505252 336151 285946 429742 487514 237736 334461 439410 428063 311306 362869 566006 570889 145080 314429 190109 494796 217114 114708 548052 213066 654254 435613 421709 79473 501041 723690 498692 479460 317293 367559 11568 338208 551875 555352 285341 189374 288112 468271 200552 416946 180908 246334 123612 522454 563366 364201 654382 186099 290344 539204 484832 638492 325809 397351 482973 362932 426255 556761 347395 614883 539155 455241 448041 289595 671290 371945 335327 349395 190024 531041 606988 419408 409032 547472 205964 381106 103197 264739 340985 271919 213800 449596 421820 389416 343103 539846 532536 318425 553964 95205 758139 546208 522408 374115 624383 389427 504545 354016 348051 161539 284970 229070 632883 500911 389786 533045 466159 168933 143093 216282 597106 588570 529682 562785 426483 252030 495613 466492 523579 307041 342907 518005 500171 341876 392385 438515 309235 356154 334556 342925 311536 444968 473750 501568 264941 604112 480303 349595 294033 420441 229462 356628 349129 327909 159810 646417 368140 580647 514359 329437 516130 141408 283262 247263 392098 45682 342752 254513 554984 391578 292212 403055 649099 199719 273633
 366205 775780 88394 107471 689352 295029 540451 1 871517 551007 276208 689325 195292 656107 634897 105463 404387 170734 636375 198941 692246 571247 144089 762920 213711 809325 875351 791676 522222 953256 492239 734686 370985 457849 477266 810567 766681 147456 69968 735593 235771 970187 859870 775693 698723 1064957 49413 670971 851194 730552 731805 734696 606749 909654 752115 452513 173638 160433 619883 419775 367013 404450 587555 281053 877694 532618 652057 933846 182831 715210 353169 422850 152754 647768 302127 377999 581681 581587 233790 545446 796120 493866 726426 830011 199195 939908 325542 270464 936343 598616 186227 965584 192346 194722 329894 14138 946314 982971 659252 310548 353142 776021 880152 719126 762013 392292 939516 569903 325278 653771 543786 485368 797580 849243 660325 403442 788948 948168 244865 873408 21465 56596 244905 212321 551497 444953 648386 743699 732121 929836 493862 558785 647040 748230 539754 751743 346224 407595 685064 829807 156772 434854 398507 403707 324544 477847 614623 191139 509041 255574 501692 737797 271187 395177 505081 692650 803632 474760 752960 589089 499322 693479 761002 793825 305613 233934 515660 430629 207422 481542 324245 918046 625446 813373 335950 409111 529109 198035 356348 380808 378300 706907 938542 739249 751761 431426 665328 530587 612129 766952 561064 529299 483681 358119 847970 434432 835186 1013536 445847 632017
 1095694 138888 906500 849801 689170 765656 552627 871517 1 456482 610646 182194 948765 240798 268367 821536 547791 938422 251232 676289 947636 468542 882069 142859 658336 526406 660996 521485 442309 875029 609457 770927 626452 1068953 1041721 778577 329056 841561 801556 689969 647142 708790 203576 774542 196005 891953 919025 461997 612999 531493 155684 645634 442659 73401 564007 1163190 699727 711147 533850 515935 799676 1018681 323792 793337 385038 562928 879719 113109 759843 277617 611159 452678 726603 718808 910881 563959 329257 429153 978678 441164 841615 1174874 525290 575421 977157 251762 729115 607002 626512 313375 770731 562093 753915 742787 699271 879008 830644 689411 265284 781445 886289 252989 465510 458062 143852 635685 431296 309150 638496 350616 933078 649871 617111 725700 800538 501154 103105 460814 856542 661041 857771 829885 644647 994896 460862 774457 307356 161233 895058 71758 384553 1053383 231901 211854 411264 755370 563758 1132193 220995 852721 951967 997182 679771 573285 637551 1122760 391186 732754 478800 900335 387174 148317 944995 556246 857952 212920 73669 460816 840967 284521 397257 243414 855758 795181 837234 730808 383131 487048 949007 814061 1080241 212099 897346 675000 926789 486444 908276 698295 843483 620736 691683 897812 82862 160305 239749 1041130 459325 835824 313673 901392 507550 894666 402554 1053031 837032 832102 211091 148605 741237 812767
 670117 444832 548150 582883 287999 609912 100283 551007 456482 1 396867 319928 553020 224272 383574 464348 146754 550364 356022 409648 507350 532862 500700 431052 382923 279362 386058 262110 46662 549800 152984 372155 201754 621530 590173 413522 223381 461740 490241 312534 323827 476008 349483 393461 264170 623225 587819 128942 346641 212830 394529 281611 56855 457097 246279 727492 419858 412333 124943 433718 681263 575449 387288 370414 327337 109117 438329 464497 532321 199888 204649 220681 453489 294744 480953 173035 146438 33765 573705 480823 451732 732441 206427 314441 584273 415837 594940 303145 419348 389833 389848 426989 532020 368460 568789 552290 520055 478072 191641 633327 444530 256200 332188 175352 430758 549923 388512 315539 498358 121277 476890 193389 307882 402112 369844 167956 353413 397825 441296 384665 546490 532865 310645 600440 5303 706164 451582 422199 471449 528117 305738 597136 253740 257967 64868 368103 209266 702108 402034 474373 571342 548025 233875 153652 235462 677145 499458 504660 485085 482233 164662 395331 525078 461358 401516 244822 418931 423967 434190 296233 355772 214225 448831 416863 405349 339521 360089 403541 549076 357607 664185 405093 449789 350182 490031 176032 451969 353074 400359 193008 594587 466916 489794 414139 244091 595366 122414 380491 147357 487344 61380 438484 171691 622877 471822 378029 323744 560512 286004 373356
 593816 504730 336482 239160 633191 213089 437014 276208 610646 396867 1 430578 417013 419406 361509 268118 280436 397599 366289 81300 743209 309671 343822 492501 81688 676204 776969 658976 353901 911756 420843 703007 308658 637619 636999 766181 574483 311780 209493 671948 143334 869559 633956 737009 456614 1002987 325619 525505 740862 607739 463682 654116 451681 656862 638798 677662 107519 132089 505833 150939 286879 579058 312291 360670 694789 434653 684447 685432 153605 505101 274336 194736 123491 611190 454879 259922 363776 417521 455953 275978 778667 708790 601725 710385 436345 718435 201480 122868 816044 323470 268683 820758 149617 244317 178627 286797 891103 873690 435086 236619 473039 562308 719599 570570 491553 187806 761820 302398 116213 463608 629775 437584 697000 777944 656512 229747 538247 777282 382706 775386 258625 226406 158656 453526 399811 324629 372183 472792 750978 664040 226256 696228 399850 521344 357015 710513 210322 635966 412417 808848 399190 587493 376322 301874 266007 675430 342481 125033 244123 419524 280406 470140 457044 138728 564943 455808 539736 201112 745110 326290 224504 468566 757145 759195 409624 267211 240741 155866 423640 524578 561322 690275 672413 730720 485778 221045 607374 183549 449189 314701 214940 733199 683368 469005 533161 607345 518888 572877 396944 779719 434721 600873 262674 568069 817062 499045 611552 756900 456021 639781
 922810 124946 725180 669446 590502 597184 420211 689325 182194 319928 430578 1 770783 100689 125656 640656 381685 759487 95375 494452 827025 341540 702815 111125 476212 479443 615905 468930 293056 817862 467331 675647 461810 906318 883011 700227 287303 662520 619365 602743 466036 683822 247964 688352 82139 860000 736846 369959 567732 456958 74982 562344 325524 227090 493575 993400 517693 528954 423846 349312 639393 853721 172267 623207 390132 428843 758016 258273 581587 205002 442322 271683 544914 608348 741172 394466 175267 300748 801947 301425 752469 1008248 449865 528777 798554 329981 563381 425517 606079 164831 592710 564326 576108 564399 533157 696826 778657 671877 144027 614772 722014 225011 455129 384661 110839 475979 453303 134076 468232 246328 790019 507165 554860 663962 686779 326993 113408 479257 683307 615367 675637 647969 464259 816382 325020 625087 193031 103536 786891 243491 206006 903645 66333 163499 262371 665594 388174 960493 106267 769744 772105 836569 522197 410045 466550 958432 273401 553980 331995 727229 213252 75409 771847 389921 713647 102099 117267 299534 742569 104997 226927 147005 757487 710894 669299 555022 215055 317801 771669 668163 904981 293081 769595 610148 759555 310517 764684 517853 680604 457347 532101 784564 252822 95362 194316 877550 365177 696528 174256 799421 378884 751918 226676 881945 760202 678938 234951 326441 591628 692562
 178729 875100 107143 302703 604722 487347 507651 195292 948765 553020 417013 770783 1 714345 744923 148955 416222 24606 738591 336627 541281 726486 73396 861164 337279 769138 805879 752425 539124 842388 445640 630089 351342 263831 287732 708885 776248 110247 227144 651962 311848 897382 895076 672632 759691 962568 172658 651662 791619 688861 826334 662681 601846 973885 701724 264629 311386 285013 583284 567944 561618 212953 705770 191249 872533 497258 514375 991498 369130 744054 351986 500836 308368 554124 135658 394227 629278 586641 40213 692338 678440 302056 686475 778492 31562 967080 514468 353673 879184 715923 178114 925309 378181 206402 514679 181612 844340 915665 705194 504217 199198 803985 856581 697598 860378 569102 926813 670847 496316 670941 384231 423457 734643 762809 544141 448691 855113 929404 120616 803798 215234 245493 309637 47520 551640 638201 773952 843666 596742 1013917 600042 373974 716927 790471 564659 652028 385599 221107 791273 712333 47349 249959 340305 400649 321805 282683 756756 369995 661114 96308 561849 831221 86290 552319 365484 748464 888049 615637 632135 681832 619519 737495 637233 686983 180808 220140 635423 569853 13654 356606 144346 952591 481332 736886 163747 462435 375365 257696 222679 360313 563682 568846 1005172 837863 785819 238722 647329 398983 654266 633006 541370 379523 546214 163506 735612 303049 869313 1080217 351118 511146
 856429 223220 680744 651834 489895 609010 324069 656107 240798 224272 419406 100689 714345 1 202220 594541 307420 705617 169514 470799 729425 404541 650166 210046 448895 385583 520633 373932 203486 719363 375224 575006 385718 828337 801808 599923 203517 609458 587081 502152 423202 592584 215368 587722 45564 765737 701349 269748 472942 358024 175173 462005 225405 259573 394905 922800 491146 497132 323533 373165 661845 777888 232814 553411 317824 333307 660499 279308 572984 117978 371298 234373 521586 508619 670660 324584 88461 202343 742562 357858 651781 934090 350872 434188 743606 300553 580217 385885 517121 229325 537273 483609 568952 510151 550235 661859 681058 582804 44738 629018 645500 157582 373265 286811 209881 503548 384604 169237 480611 146198 699463 415534 456938 565442 587667 265819 141550 407774 617889 519979 644923 620866 417944 761133 229160 659856 274951 204043 687246 310854 216694 816638 43248 104797 172236 564914 328992 892383 199915 669152 721065 756833 439660 332507 398468 882005 346336 544305 380277 661502 155442 174741 706095 412018 623490 36794 195373 334395 642087 135932 255066 60996 657011 610302 596703 494716 248648 339402 713706 578663 842501 270972 673565 511475 686104 253615 674316 471013 602754 379943 558031 685578 290855 195864 125101 800411 264832 604136 76923 699215 281334 661137 172950 813075 659900 593597 194304 365875 503906 594573
 909223 144850 683933 597640 669193 498423 480066 634897 268367 383574 361509 125656 744923 202220 1 604042 400104 730222 32808 435956 883563 216332 673249 133931 423104 587003 720862 574774 345651 914419 514499 754194 477806 912973 896215 788224 403932 634688 565904 688111 433078 794587 373179 772175 202191 966317 684002 462260 673641 553914 112685 651122 405120 329907 591110 985760 461448 478540 501784 249289 531404 857254 55501 621820 512512 486565 815022 366001 502726 318878 451204 253665 483645 678273 737717 405003 241605 373748 779727 178870 833179 1006578 546683 635109 769963 454059 461150 391251 719337 45025 570626 683628 495923 541775 431459 644328 878066 785023 246042 513604 729368 347444 573561 485372 132926 367349 576941 78815 372789 342054 825301 551696 654229 761010 751979 331581 231571 602201 673114 720114 618576 587443 436018 787859 388875 509136 72892 113745 854100 309921 144962 928839 158980 286532 319265 747813 383497 949156 51367 853793 738614 847645 546848 431681 469333 961487 148130 477186 213108 716371 234639 120053 759996 289109 749259 218561 194747 192838 817566 87694 137478 260144 832261 795337 671163 541537 121606 222529 748002 703126 885565 416215 820963 706943 760669 311423 799905 487232 691392 475823 423397 847944 349362 111545 315682 883078 456603 738167 256344 870851 444953 788388 239498 873036 847867 704395 360602 416586 624472 752397
 326734 738533 86443 195621 585050 357163 443606 105463 821536 464348 268118 640656 148955 594541 604042 1 318319 129729 600221 187686 591000 577532 76148 724921 188977 712913 773515 695387 440523 847835 391876 629299 274198 388865 399668 705346 684923 52968 92159 631525 174666 868103 789012 670385 638925 959918 127513 579014 750938 633338 691293 631995 518513 852864 653168 411694 162587 136070 522991 419057 436327 331766 562304 176548 791536 435083 548579 873838 234951 640599 261080 369008 162258 542700 216138 292811 514071 496394 188247 543702 690717 445905 629582 731220 168958 866079 378744 215738 836843 572759 82404 869845 243139 96778 375068 99841 841204 881786 591714 376754 258546 701526 788390 626938 724086 424311 851261 532408 350218 573878 446265 382474 696522 745179 554990 331516 732501 858116 149941 771545 114020 128037 177155 186484 464214 507586 628979 706706 628040 883997 459250 474563 591515 679752 461507 646542 269772 369059 651878 724385 134702 353478 295076 312537 230906 418750 608720 230114 512186 171894 439241 696631 200017 403537 402990 630194 757402 467389 647693 546446 475001 625363 655866 688422 205432 132612 491122 421632 156134 377502 293213 847225 523181 710353 250323 341330 430001 123652 255951 284073 423842 603253 883135 701363 679671 360013 573696 426985 542325 662616 467838 429134 422195 304966 742510 331821 763709 958467 340387 526942
 549566 500802 402939 440746 353699 489945 157458 404387 547791 146754 280436 381685 416222 307420 400104 318319 1 411043 381250 275124 501768 491000 358966 486356 248311 413466 501236 395760 123679 631896 144816 426781 80196 524634 502140 486840 366786 319103 344604 391606 181647 595274 478885 458793 352835 722836 441110 268690 468454 338542 449074 374139 202384 564030 366093 615427 281383 270358 230810 359410 566663 472367 383027 246165 473997 154400 436149 578609 399331 328005 64888 160371 314634 336163 363241 26516 219294 178185 440810 440673 504453 627711 333335 441299 446837 552099 481808 168794 548476 389497 246272 566767 400345 223282 458854 405549 610672 602253 291890 513889 340406 388248 476741 316739 485786 455577 535177 321782 392774 256975 426312 170497 421001 497810 391387 74070 448719 543902 312319 499543 400299 387967 166994 463700 147121 603449 455030 472475 491354 616838 277792 529199 319514 375017 148447 432219 71669 585082 434252 533180 430272 455162 146779 32098 94437 576975 478984 373131 432225 355476 170910 452183 399857 376818 350903 338796 495592 369360 474722 317246 321507 322985 487779 481401 289462 197609 331911 336082 413806 304921 537557 536502 434286 451462 379222 94737 401032 206647 298953 76506 492159 478228 596100 465232 369598 495923 262730 343724 240630 516100 163164 390091 161864 505717 539226 304366 453142 670229 226240 381243
 200998 861967 82540 278122 613929 463224 509198 170734 938422 550364 397599 759487 24606 705617 730222 129729 411043 1 724770 316785 559744 706650 57058 848127 318697 773004 813729 756111 534492 855893 448514 642180 349307 288339 311591 720822 773745 96968 204248 661226 297466 905897 889737 684651 750801 975139 148526 652327 798113 692625 813652 670401 600386 965170 706693 287258 291225 265514 585852 548503 537215 237047 690024 195605 872196 499064 530799 983622 345471 739027 347518 488629 286760 564353 153846 388205 621445 583821 63725 673360 692510 325643 690000 783879 39756 962912 490731 339295 885593 700309 168347 929621 354580 195747 491375 157028 856645 923493 697914 479937 215950 799277 858557 698760 847324 546691 927578 656946 474351 667054 403495 428247 741404 772818 557544 439803 845886 930950 128087 811661 190758 221315 296416 57638 549214 614002 757546 830386 613092 1002874 585261 397198 706818 783959 559212 663514 376630 243294 777136 726462 28103 272972 343496 397170 316959 307164 738438 346959 641501 111235 552128 818681 108188 531900 381464 740156 876714 597117 646515 668913 603265 730578 652044 699569 191369 213630 619275 551359 37432 370184 164354 947475 498592 745474 183719 452733 393663 243622 235994 358543 540362 585503 996227 824728 780297 263036 647803 413927 647220 649248 541435 397210 536112 187761 749091 317145 864038 1071399 359926 525084
 900029 139428 681690 604475 640229 514636 453642 636375 251232 356022 366289 95375 738591 169514 32808 600221 381250 724770 1 437815 858693 246320 667714 126592 423200 554555 688680 542445 319620 883212 490507 725371 460057 898796 880475 758050 371134 628554 566849 658199 427324 761994 343333 742579 169847 934090 685147 431101 641358 522392 98023 620700 375354 308812 559568 975187 462754 478159 472580 264912 551502 843719 77749 608833 480058 460537 789967 343596 511622 286071 434897 241503 486645 650715 725605 387955 212260 344736 772512 206263 804109 994556 515167 602775 764430 425169 478674 385526 686608 69629 562696 650867 505253 533854 448683 645255 846509 752306 213473 530815 714629 315095 540780 453396 125674 387394 544710 67848 387265 310237 804563 528361 622548 729661 725350 315121 204908 569815 662492 687951 620804 590638 428977 782349 361324 532916 105447 107348 827263 298698 142590 910446 126267 254372 292268 718426 369860 939457 53846 824240 734343 832308 527562 412381 454582 948250 180199 485270 238045 706049 212695 104852 750043 305360 728297 185894 177873 211051 789379 64137 146539 227339 804127 765674 657561 531226 132014 235826 741092 682189 877836 387900 796984 675585 747502 295550 779132 481186 675743 457510 443616 821775 330274 102955 283218 869115 425530 715946 225353 843312 417348 767331 219493 862589 817787 685484 329951 399822 603748 726721
 514161 577144 255340 182016 616304 225621 431284 198941 676289 409648 81300 494452 336627 470799 435956 187686 275124 316785 437815 1 697759 389906 263702 564405 26885 686253 775992 668648 371401 893950 403175 679752 281569 564220 566841 747675 606605 233257 130300 658117 100990 870256 681593 716372 511169 992229 248087 537879 743570 613047 533830 645517 466311 718010 641187 598599 26344 51929 505934 231841 307051 505790 388956 297722 724213 426852 642881 744331 124208 544372 250363 237058 50890 587781 382683 250509 404809 435042 375879 357211 752274 631019 607623 715992 355335 764487 229566 107031 823013 399958 197727 836567 125501 176811 215296 208552 877311 877358 480253 249349 406887 603797 740419 584926 563488 247484 789693 371794 171709 493340 574181 412750 695790 768041 624334 243856 597875 802596 310461 774270 182989 153638 118376 372434 411662 361220 451239 545071 714019 732827 295511 630832 456781 568674 381087 690267 204071 556421 486161 783850 317928 517889 340564 289039 233648 599740 423737 98576 324724 344817 321452 539961 380429 216116 514097 507591 607126 282318 715497 392378 300655 514461 726562 737634 344267 206686 317005 236917 343673 476819 480800 739077 626897 723928 414776 242009 553119 120721 387572 289411 260261 693994 745884 540754 576648 534216 531515 526557 437180 744800 437517 548039 303098 490029 795100 445298 657987 820364 414623 604046
 505649 951764 624000 785850 273334 919651 407221 692246 947636 507350 743209 827025 541281 729425 883563 591000 501768 559744 858693 697759 1 992566 555065 938116 677367 493240 432220 485644 539438 349958 369631 215043 442292 366333 315374 269443 638493 544791 676711 295319 602593 492492 790820 242398 765722 476078 694010 489100 451179 442776 901782 337546 507059 931058 423674 498202 687099 660969 413805 854420 1001941 372106 876814 416814 662649 399250 69021 926599 801924 670673 477013 661774 709870 231377 405960 509050 653552 527085 524871 942425 199544 466824 446677 466091 563284 822889 927288 621084 521294 881716 523725 603657 807597 532547 912238 682868 372812 521997 692072 942484 344698 706904 599559 505638 937849 930843 681505 809312 858691 597600 158446 334508 404634 352216 149600 575745 846212 666586 448709 430340 704238 717966 586014 567168 502194 1058907 946508 929543 88837 1018823 776904 241547 760984 736459 568110 242209 552068 506790 907259 225056 587289 319474 369584 470489 478684 411151 979020 785590 932690 449510 650120 902421 457080 865135 188350 744834 920600 870185 159799 796103 822472 706853 152920 239040 386636 495334 832013 834467 528261 221106 536884 832173 70919 364913 378121 596173 166089 578572 335899 438969 954885 64869 962568 921477 711360 364864 490773 171206 653207 118125 448253 163590 648315 460696 257229 259797 769135 1023711 287600 135165
 903484 330763 641660 501543 817904 348717 615297 571247 468542 532862 309671 341540 726486 404541 216332 577532 491000 706650 246320 389906 992566 1 653405 325689 390637 776039 903827 761919 487634 1082135 630196 899691 553809 941577 936390 946102 607626 621301 511046 845213 437010 984687 589412 924577 414032 1147937 619468 637362 858762 730633 318883 814035 569872 536520 767332 987173 415446 441482 657756 159248 355164 883172 172547 655105 721779 618535 927146 574567 401209 522224 520373 332276 423609 814575 758663 484002 414504 534280 765569 52067 979469 1017455 723486 821548 745003 670329 306010 401509 913878 177917 573921 887201 392216 547490 281388 583668 1050539 978688 444467 356311 768778 558259 776887 669050 324694 205771 787763 237415 250987 527944 903945 660608 831066 932234 878540 417315 446927 811795 687320 902803 551139 515985 447795 761933 537803 312978 161316 307591 980030 493250 227168 987212 363245 498705 469908 898672 444179 945620 252218 1004410 706772 886537 627809 522089 526616 982068 78061 383948 66082 726199 368213 326170 765201 176352 832100 427778 397859 123780 956018 269255 177272 465300 969958 947984 705693 563002 173138 165447 733279 787561 870703 632274 924413 879035 787813 397275 879619 486195 738927 555701 253769 968391 551399 309415 525847 911116 631013 830725 439218 1002532 590873 870577 362207 877075 1003861 774202 576266 611331 710937 871177
 250587 804926 69453 249265 583906 425126 465499 144089 882069 500700 343822 702815 73396 650166 673249 76148 358966 57058 667714 263702 555065 653405 1 791093 263903 732209 780181 715053 482641 835154 407312 618655 301354 319162 334833 696593 723855 40711 160419 631119 240417 873495 836779 660762 695232 951753 138946 606811 761955 651861 756659 637031 552088 909631 667977 335623 238720 211948 543455 494724 502090 263653 633317 161876 824894 455823 519743 928605 304409 686480 296516 431763 237532 536863 158171 335359 566646 533878 112182 618986 673823 370506 648840 745710 96740 911034 449545 282252 849084 643558 113588 889287 313102 140022 447731 132329 832880 889661 643463 443405 211846 746985 814574 653861 790290 499319 881724 599892 425692 615755 403102 390588 705908 743944 537811 384481 790091 886223 107111 778144 160932 186098 239421 114653 499831 576176 701120 773336 601276 946251 528293 414918 650622 730052 506498 638435 321364 292912 720097 707795 71462 291283 303815 347064 265722 345537 683364 302533 587944 111573 496200 761708 129911 479654 370655 684952 820012 542242 628876 611899 546753 676383 635564 677018 171838 161537 562719 496459 79995 352813 217699 894687 490397 713629 191886 396900 390013 186566 221271 310880 496687 574785 940548 767688 727251 291364 602023 399684 592992 636915 495389 391480 479999 229851 728622 302139 811156 1015776 331175 506996
 1019190 14447 807157 730104 699320 631296 531334 762920 142859 431052 492501 111125 861164 210046 133931 724921 486356 848127 126592 564405 938116 325689 791093 1 549622 575155 712464 566211 403503 918994 577903 784239 566494 1009979 988496 805852 376833 751506 693345 709693 551125 774410 297642 795464 181144 953956 811644 476107 663919 560108 37435 668309 435447 212245 596076 1092316 589314 604445 533490 382848 660907 956288 188662 723330 464875 539944 869112 251225 636089 301307 544743 360867 613207 718647 841016 496951 286044 411584 894173 299465 860304 1109382 553157 624986 887663 367307 593273 509504 694398 177593 684128 643532 629425 655394 563848 771729 878225 759754 251296 645848 825421 305810 537623 486596 1031 497564 522265 193366 506472 353042 899821 617575 655796 765530 797471 426591 148233 550311 780349 712098 747393 717198 551753 905578 436144 632800 164577 20203 897264 176314 269067 1011936 177373 246883 373037 773262 485251 1057883 83001 876531 858577 941375 629396 515829 567162 1061065 248360 610217 338083 824172 315662 35725 868537 422352 823384 202964 74500 325595 851777 179342 270307 247325 866710 817734 770751 650045 254822 356458 863114 777726 998779 327052 880687 712175 861067 408485 874444 604587 784896 562671 553153 895321 225720 23684 279727 980804 471704 806962 285112 909181 489926 861828 326738 980127 865739 786851 293462 287527 700680 803593
 513110 562624 262597 206243 590645 249689 404634 213711 658336 382923 81688 476212 337279 448895 423104 188977 248311 318697 423200 26885 677367 390637 263903 549622 1 659382 749279 641774 344953 868542 377355 654910 256559 556269 556585 722280 581121 230707 143865 632186 76687 843499 658450 691213 489949 966160 262109 511077 716741 586168 518189 619164 439618 698355 614350 596542 42253 55622 479118 231474 330489 497717 377938 283038 698352 400303 621434 723927 151032 519931 224807 214603 73889 562881 373724 223797 380991 408514 375759 355107 727939 627231 580740 689116 357897 740942 251092 80154 796132 388746 187569 809799 152137 164176 234877 222143 851478 850523 456975 273562 394104 579623 713895 558168 548725 260890 763654 356403 185592 467731 556886 387800 669068 741835 600870 217517 577923 776343 301475 747562 199436 172561 94067 375343 384903 381816 442360 530546 691586 716156 280611 617865 436382 545637 355121 665042 177199 555155 472681 759325 322185 507249 317262 262592 209216 593761 419744 125061 324821 337895 298012 524141 375379 220323 495088 485679 590027 278441 691659 375407 289762 491244 702899 712605 330944 190417 306076 232672 343379 456803 481602 716110 606454 697490 404983 216267 535314 104760 372476 264185 278182 672039 726658 525940 552860 526045 504722 506210 413126 721968 410640 529734 279659 486602 770158 427147 634633 801393 392780 581251
 843494 585359 790166 853956 223617 889209 269325 809325 526406 279362 676204 479443 769138 385583 587003 712913 413466 773004 554555 686253 493240 776039 732209 575155 659382 1 137332 17729 322941 348732 324945 282284 438955 752775 708725 263691 200213 697633 754620 198425 595112 208741 333348 270021 398157 380590 840213 150877 88765 80397 546975 155822 225078 486720 74825 879683 694362 683786 189928 701371 959828 722709 610817 577982 173195 277915 436458 470679 809873 274996 456675 494564 727787 276335 664414 439513 361949 260546 779566 725635 336171 869481 83474 49887 800450 341975 873478 579230 141396 609406 632011 157181 810005 616708 846818 808300 305185 203850 341174 912573 609962 275691 106978 109008 575356 823473 189314 540280 775849 248274 549380 345989 96724 200402 348920 447137 440919 178248 648880 137013 808073 799114 580267 814100 276555 981379 659894 575725 417857 590497 557193 678961 428661 329507 325411 258632 482732 866135 584091 339115 797967 680271 429528 407407 484794 809482 726704 782629 738605 681970 422881 544047 718248 732633 492750 377420 528108 681738 350234 511062 605939 332438 363452 286361 595121 580703 605775 669161 761774 465338 850962 360181 468556 152965 660475 455239 530702 615753 568829 429081 870488 431302 514135 567937 296891 733938 157551 456312 337055 411794 250583 516317 435585 792560 318177 510564 318511 561903 429678 376338
 852373 722690 843571 932705 204713 989280 344850 875351 660996 386058 776969 615905 805879 520633 720862 773515 501236 813729 688680 775992 432220 903827 780181 712464 749279 137332 1 146978 432366 215539 383638 220242 507626 743076 694929 167650 337207 749825 827541 159620 679193 95061 463728 189966 534972 245503 900442 267112 48595 174690 684081 143340 338359 617646 139798 875640 780418 765930 271296 818589 1063575 722874 741930 619379 289920 349975 389041 598582 900128 411987 532070 606655 812967 260194 687141 525487 489658 374908 809641 852700 244836 857764 181611 87478 836113 460033 977580 670025 89136 741186 691120 174327 901410 680657 952437 872312 169809 109788 475979 1013073 626655 412178 208658 236019 712661 935959 279379 670441 882863 379416 524885 391395 80236 85325 308399 547939 577674 256576 685939 2122 877147 873064 662996 847720 382162 1091767 793695 712887 346591 723398 680965 648721 563439 466773 441242 192080 572830 869011 719955 236259 840452 675128 479066 487813 556570 797709 857946 874262 862853 712790 542502 681233 743538 847237 483821 514047 665048 804023 274142 642517 730563 468964 284053 196934 625687 641637 731778 787532 796681 468103 867188 483767 426948 72929 676432 559414 511212 690848 590290 498145 980019 367359 643595 705073 434109 728987 273629 444801 467441 330015 342263 497980 553191 801399 208417 519735 451126 686088 454931 342364
 828324 576685 772804 836233 214194 872010 251784 791676 521485 262110 658976 468930 752425 373932 574774 695387 395760 756111 542445 668648 485644 761919 715053 566211 641774 17729 146978 1 305945 354869 307868 276754 421380 739121 695492 263129 193478 680349 736904 192149 577405 222848 331284 267075 388085 391806 822662 133917 99013 63577 537372 148263 208165 483941 63218 865417 676691 666072 172436 685463 942846 708314 597541 561224 177836 260456 427556 469251 792303 265265 438982 477990 710109 265578 648552 421797 347541 243835 763174 711335 333882 855843 66213 60337 783767 344358 856496 561621 157887 596351 614555 174553 792465 599143 829925 790682 312459 219407 329352 895401 594565 269511 117653 93488 566385 807113 199623 526679 759028 234681 537522 329506 96795 204218 339926 429787 434038 190567 632252 146440 790385 781390 562548 797506 259237 964878 647656 566245 412022 586543 542157 667312 416860 321617 308994 254126 465079 851365 573044 338598 780987 666362 412616 389685 467138 795921 713508 765090 723748 665627 407074 534634 702173 716447 479652 367102 520848 666523 345629 497852 591088 322006 359168 284445 578897 563225 591194 653380 745154 451349 835306 360728 458817 154437 645046 438064 518429 598035 553194 411505 853886 424426 511966 558394 289245 719925 140614 443598 323352 407442 232858 503988 419531 777444 319047 495923 315326 561627 414142 366370
