NAME : domp20p6v8
COMMENT : Cherkesly, Contardo & Gruson 2022
TYPE : DOMP
DIMENSION : 20
DISPLAY_DATA_TYPE : NO_DISPLAY
OPEN_FACILITIES : 6
COST_SECTION
 1 381352 730523 174845 186860 750888 560134 732886 820433 374735 53439 58298 595827 689239 299702 398193 557361 936149 165085 675747
 381352 1 370353 206646 421528 571742 224767 352310 499449 625828 340270 411555 359531 315618 104925 381973 273254 705034 478383 300245
 730523 370353 1 560478 707260 441963 174855 203238 175098 867804 697787 746863 283590 81404 474771 531307 223906 465713 784490 99435
 174845 206646 560478 1 249713 642998 394164 558660 662859 464677 137337 207022 460387 515714 134979 336454 404853 812386 286449 501794
 186860 421528 707260 249713 1 621592 532835 760942 758523 215029 222538 138513 508018 685863 380014 254926 500118 818091 86466 676448
 750888 571742 441963 642998 621592 1 397213 634850 327723 673914 748339 732426 215747 500024 651045 366668 312900 201472 706923 509759
 560134 224767 174855 394164 532835 397213 1 277223 275449 699388 530539 573705 187040 162997 327869 373040 90195 495515 609644 159811
 732886 352310 203238 558660 760942 634850 277223 1 373784 950388 689557 763756 449184 134827 438917 643579 362532 668711 825702 126446
 820433 499449 175098 662859 758523 327723 275449 373784 1 884901 796476 825497 259505 255946 603200 538883 263780 299431 842293 273239
 374735 625828 867804 464677 215029 673914 699388 950388 884901 1 421372 316791 625398 860302 593547 346087 646895 875030 210668 853646
 53439 340270 697787 137337 222538 748339 530539 689557 796476 421372 1 109016 581858 652464 252726 407032 535498 928191 214274 638234
 58298 411555 746863 207022 138513 732426 573705 763756 825497 316791 109016 1 590837 711070 339226 371445 561738 922607 106802 698639
 595827 359531 283590 460387 508018 215747 187040 449184 259505 625398 581858 590837 1 318340 445691 279417 98569 353937 593598 323233
 689239 315618 81404 515714 685863 500024 162997 134827 255946 860302 652464 711070 318340 1 417291 535904 238406 541764 758532 18842
 299702 104925 474771 134979 380014 651045 327869 438917 603200 593547 252726 339226 445691 417291 1 407476 367471 797163 421376 401124
 398193 381973 531307 336454 254926 366668 373040 643579 538883 346087 407032 371445 279417 535904 407476 1 307495 563947 340397 532602
 557361 273254 223906 404853 500118 312900 90195 362532 263780 646895 535498 561738 98569 238406 367471 307495 1 431781 582093 239609
 936149 705034 465713 812386 818091 201472 495515 668711 299431 875030 928191 922607 353937 541764 797163 563947 431781 1 904079 556736
 165085 478383 784490 286449 86466 706923 609644 825702 842293 210668 214274 106802 593598 758532 421376 340397 582093 904079 1 748053
 675747 300245 99435 501794 676448 509759 159811 126446 273239 853646 638234 698639 323233 18842 401124 532602 239609 556736 748053 1
LAMBDA_SECTION
1 676
2 473
3 626
4 866
5 92
6 734
7 977
8 160
9 264
10 583
11 10
12 333
13 643
14 406
15 325
16 829
17 686
18 76
19 709
20 245
