NAME : domp80p26v5
COMMENT : Cherkesly, Contardo & Gruson 2022
TYPE : DOMP
DIMENSION : 80
DISPLAY_DATA_TYPE : NO_DISPLAY
OPEN_FACILITIES : 26
COST_SECTION
 1 737914 685106 434272 883486 703915 668012 622358 136516 493643 207985 685653 693347 481487 710769 604184 478327 217306 679584 468050 369922 375881 479224 777631 127471 403234 272400 700242 327823 382511 745799 864148 384809 877075 649354 286338 91656 324662 796778 379909 118937 493133 499889 266141 609993 251420 322196 257279 844428 33101 468448 128496 681980 305650 224099 212318 828252 224743 349852 356951 821387 389348 965739 633562 453671 514132 350485 378627 509167 276101 856988 232804 298440 645041 364504 650925 405876 376351 416529 674009
 737914 1 80908 442111 147027 118122 558737 127522 713295 647572 531895 81527 597409 369090 179517 136118 615415 586724 484531 996376 497184 861321 474401 290556 811402 759695 566799 495551 590766 592874 7886 131304 414452 404364 168105 799053 824232 509956 181021 540341 783807 284891 843922 771404 234537 655109 849478 807403 123065 730377 391096 701339 175149 497351 646718 526903 580593 822838 400594 685757 277042 428803 582095 318783 306308 270198 744460 774789 234698 576298 246519 672374 642648 93281 963633 384989 546577 379453 849243 140768
 685106 80908 1 434217 203922 52687 480366 125051 673227 649702 477260 119269 519544 290563 231957 86664 535143 551338 407754 921042 480710 840627 394281 234341 767310 747114 496792 419864 571620 515491 86491 181799 342910 356623 198000 727091 768690 438041 150903 463598 740500 270139 764589 700052 255654 584300 776788 777076 159443 680441 312692 638590 218326 428327 577902 477731 512104 755025 339527 609366 234284 409842 529617 349200 239612 195590 668730 758851 175940 549205 223172 602572 620389 76949 892501 307510 537845 316010 772445 63372
 434272 442111 434217 1 579919 479171 727274 317030 343867 221185 304613 364127 766533 450814 331280 352980 640391 219756 689030 854136 71155 425167 538459 636209 448900 317788 450080 709201 160162 558482 448798 569954 389967 761666 290140 641725 524225 436749 583908 513668 420605 164450 795460 612424 227449 517537 692160 392690 565176 410521 458269 477001 308997 401843 491201 265069 837108 618507 305240 610199 655064 62384 913235 210856 335268 385935 645958 334553 314371 173757 656182 519554 215952 361771 773211 606448 104527 318131 748722 464768
 883486 147027 203922 579919 1 207359 626697 272510 860261 775868 676630 216654 661550 486616 275192 279452 720542 733338 547079 1119818 638641 1002905 582534 312601 958405 897404 700327 552997 732747 711988 139239 25894 546202 393599 292651 929494 968925 640945 187280 661627 930827 428282 953748 902834 359696 787463 978626 952671 59886 876660 508723 841959 284819 632131 781649 673151 609679 958863 541961 807284 274699 571850 569666 428614 443373 398123 867493 914310 376488 721193 215782 806070 785655 240180 1095232 455520 683589 519213 969061 240230
 703915 118122 52687 479171 207359 1 442326 176316 701335 696733 496172 170844 480487 279588 283052 126382 514934 583078 367046 912812 522190 878630 375840 181851 792284 788871 499074 377645 611398 504737 121189 182428 345065 303967 250687 725066 784763 438181 105404 454733 766133 314728 747330 699047 307827 584741 773451 810456 153145 701566 301634 648458 270505 432710 581102 501022 463905 758504 354588 600217 182446 450927 477094 401745 251289 197242 660609 799200 199385 585426 177263 604290 658511 128523 891088 268165 581874 329105 761743 33210
 668012 558737 480366 727274 626697 442326 1 557710 747266 934174 525426 588804 41011 276773 696395 483557 211583 687890 80716 616583 727954 992421 202554 326071 793046 953533 396864 81788 782708 291280 562699 601057 348000 330058 642421 508222 708423 354687 441963 288432 777434 603174 404276 496826 672926 429638 535889 886555 566825 686170 269334 551092 674502 384832 450340 562308 166440 580357 432496 358323 377971 670557 326145 765136 395811 361253 408808 947343 443564 729055 445272 452794 805120 526396 650569 174225 801040 413328 466948 418099
 622358 127522 125051 317030 272510 176316 557710 1 589279 527990 420329 63533 598435 318878 141365 74342 568903 461299 493402 918031 370075 733990 430372 354315 689096 633800 479152 508757 463438 527840 134826 258526 335737 478892 85187 712545 710814 428535 275130 473870 661160 157469 785672 683678 132463 567657 764371 680320 249720 612394 338789 597951 117127 409283 554911 410072 614936 726886 301149 614683 358758 301339 648436 227941 223640 213147 670003 648109 146465 449011 347006 582316 515144 48113 873667 393947 421525 285024 777653 174268
 136516 713295 673227 343867 860261 701335 747266 589279 1 363304 230308 650075 777195 522947 653908 587566 576205 131037 745720 604342 273577 253786 547981 804026 105399 267008 355196 767081 209253 477891 721048 843841 425499 914453 598688 420086 204721 392682 801703 462284 76871 442098 628511 397909 548850 361770 458039 140159 828853 103425 514979 251301 627060 364365 331471 207168 899248 361236 365599 471889 841721 313491 1023350 553457 463786 528406 475122 243539 501969 170944 867667 347659 169646 620529 498777 700397 291842 393319 549361 674867
 493643 647572 649702 221185 775868 696733 934174 527990 363304 1 451997 566656 972135 660830 507049 571391 822514 299028 902129 957236 206234 292533 737900 857166 447453 165030 610860 922791 175876 731666 653539 769551 588202 982757 483907 757245 568011 614597 800431 694312 425043 383224 942701 730708 416445 658833 802094 325689 769438 461915 665429 581930 492240 578796 628877 407657 1052781 712305 502547 763905 874799 267543 1133827 356833 550433 604635 787008 197489 535226 237119 872777 653814 195219 574827 857935 823628 133147 520846 879142 684141
 207985 531895 477260 304613 676630 496172 525426 420329 230308 451997 1 483861 558092 292865 521525 397179 377345 167001 517757 552360 263478 467279 323370 579517 303493 434195 159109 539218 279798 282447 539772 656862 195211 686320 456964 338732 292365 174311 590402 251975 280100 307213 496063 309095 427453 214035 390086 365194 636649 206158 284682 186056 491921 141196 186797 44345 672145 325863 143471 313446 620338 244946 793160 470630 246940 309071 343314 424511 301351 219385 652313 214972 288241 439612 480453 470095 327706 170777 444386 466592
 685653 81527 119269 364127 216654 170844 588804 63533 650075 566656 483861 1 628898 366963 112771 114923 617659 521163 519728 976999 421992 786280 477412 352459 750720 681902 539523 533280 516095 582406 87037 205827 393220 472429 87136 773106 774259 487255 254957 528628 722648 212344 838926 744453 153041 628189 824700 737302 202849 675348 387872 661095 100163 469527 616298 473341 630320 789180 363286 671279 347096 355434 647446 239259 281102 261700 727641 698106 204095 505682 323733 643410 569108 64504 935063 419177 468270 346101 834732 180728
 693347 597409 519544 766533 661550 480487 41011 598435 777195 972135 558092 628898 1 316544 736871 524236 225600 721927 114660 613855 765906 1024253 237182 356867 819332 988305 424227 109746 818918 312738 601207 636048 384810 348864 683210 519160 729749 385609 475702 315773 804667 643819 398169 509930 713932 450485 543362 916929 601760 712758 308294 573731 715152 417000 472895 595998 157732 594079 469881 371643 407270 709370 323362 806137 436024 402193 418362 981326 484502 764510 474930 473146 840036 566723 655221 212430 838989 451454 467789 456982
 481487 369090 290563 450814 486616 279588 276773 318878 522947 660830 292865 366963 316544 1 459595 252057 250730 437448 242098 633245 455240 749951 111559 298954 592464 694660 233614 263149 517756 225561 375612 461934 98129 395985 397414 448542 548576 170781 344702 175159 570850 330412 475076 423807 414013 312952 495595 655109 432501 489061 22177 397076 433333 178162 314754 319132 395405 489400 167528 320674 346633 395093 502402 500796 120498 105826 381023 692866 181084 468932 392267 334387 547030 302990 614481 178236 528071 143579 482760 246497
 710769 179517 231957 331280 275192 283052 696395 141365 653908 507049 521525 112771 736871 459595 1 213738 708835 522883 629466 1044519 398578 754713 571153 464047 758265 640564 604008 643710 491156 663434 181810 274106 468722 582072 66848 835056 801863 558201 360395 609497 729643 217646 921961 805576 105698 691205 887425 722118 283243 695588 479109 706015 29815 535308 675302 501927 742880 841205 421870 747117 455454 342366 758415 153795 358363 354104 800347 661406 282869 494353 425620 703689 546688 170593 992059 529141 429201 410532 908663 293406
 604184 136118 86664 352980 279452 126382 483557 74342 587566 571391 397179 114923 524236 252057 213738 1 502774 464880 419092 866798 396174 754570 362692 291928 682754 662845 432954 434555 486161 468698 143896 260017 282739 417968 159485 666095 689489 377880 231614 415120 655690 188620 724469 638018 200760 521568 717070 690419 241945 598043 272952 565222 190960 363141 512007 394693 542300 687507 264476 558843 303933 325008 582782 296913 172107 146823 616121 673735 98629 462678 303635 538143 534312 51660 829838 319774 455501 243576 722512 113366
 478327 615415 535143 640391 720542 514934 211583 568903 576205 822514 377345 617659 225600 250730 708835 502774 1 544036 258196 425028 621479 828880 141123 466464 605684 810214 223304 273123 655158 98340 621461 694936 257817 512075 645283 296780 507126 207921 554970 128287 593796 556608 234160 285381 654953 229093 326542 716099 662898 500916 230202 354036 681844 243736 254421 420243 377744 369174 337136 146825 521211 578569 536672 735025 355097 356394 198374 798162 426862 595865 582270 250712 665470 553575 443841 293948 692292 330395 270264 483389
 217306 586724 551338 219756 733338 583078 687890 461299 131037 299028 167001 521163 721927 437448 522883 464880 544036 1 673581 663639 152994 312873 485349 700090 235656 267428 323221 695073 123256 448234 594391 717804 345459 816241 467848 459397 305547 340869 685827 418964 207000 311677 644778 432327 417897 361623 505647 228217 704371 191554 434041 284761 496029 306830 331235 126139 828505 420195 270842 468989 733611 183413 939043 426025 358412 423079 488752 259459 385193 63176 753996 355374 121491 494693 571195 615059 192271 297051 580149 558594
 679584 484531 407754 689030 547079 367046 80716 493402 745720 902129 517757 519728 114660 242098 629466 419092 258196 673581 1 678141 697001 983649 200463 245424 801163 934896 407641 21506 759323 319825 488078 521531 328161 258572 578574 551158 729069 356560 361699 303243 783185 554203 471293 536194 614007 455149 584070 882777 487255 694371 240950 570489 609062 381776 471637 550578 154928 617558 407755 400031 297634 635373 288713 708138 353798 309682 455576 931589 390891 709089 364780 478882 786714 458876 701996 100574 769667 385192 525279 344718
 468050 996376 921042 854136 1119818 912812 616583 918031 604342 957236 552360 976999 613855 633245 1044519 866798 425028 663639 678141 1 803323 823886 545505 889767 557681 869775 440514 690176 784854 408466 1003448 1095177 584184 935519 977672 213968 414855 489749 969082 458199 566657 845804 218097 243846 963643 353885 162278 708837 1065554 501035 611179 380099 1014946 509565 372920 589361 770660 244984 622803 312603 944251 796399 937064 1019101 695982 726282 252404 843257 772908 726738 1003163 343806 763327 917964 120150 718255 855109 634530 155149 879740
 369922 497184 480710 71155 638641 522190 727954 370075 273577 206234 263478 421992 765906 455240 398578 396174 621479 152994 697001 803323 1 364346 532024 668702 378321 266686 417909 717819 94245 533845 504237 627063 382226 792427 353244 593287 458540 414093 627588 493271 350142 212823 759463 564626 293488 477203 642387 323631 619784 344543 459357 423618 374947 378334 449120 220536 848647 563677 296468 575993 692286 71330 936127 282010 347676 405064 606612 278488 342291 102897 699280 476466 148670 412037 717237 621074 73088 314634 706004 504371
 375881 861321 840627 425167 1002905 878630 992421 733990 253786 292533 467279 786280 1024253 749951 754713 754570 828880 312873 983649 823886 364346 1 790631 1008851 266475 127570 606508 1005152 270557 730550 868433 991397 656447 1127209 715209 660853 409308 638686 983556 711867 261164 576524 875757 641830 652308 615245 692400 118625 983663 345009 745733 500843 733666 607602 585097 433090 1138443 591977 583703 725062 1039331 432787 1251872 618494 668969 733019 725075 97334 686791 294304 1053946 600415 220259 774779 708718 927805 325716 609894 791289 857484
 479224 474401 394281 538459 582534 375840 202554 430372 547981 737900 323370 477412 237182 111559 571153 362692 141123 485349 200463 545505 532024 790631 1 349626 600786 751268 207812 221318 582010 142195 480504 557137 149834 419477 508850 380519 531168 156453 423782 108509 583106 433625 371515 360157 523549 264019 422047 686372 525788 493947 92848 372862 544858 183776 276414 359769 351747 435882 235677 237055 402958 479094 487137 608109 225043 217235 298108 744806 291677 527332 458957 287655 602934 413142 542668 187258 604935 220338 391367 343793
 777631 290556 234341 636209 312601 181851 326071 354315 804026 857166 579517 352459 356867 298954 464047 291928 466464 700090 245424 889767 668702 1008851 349626 1 882959 931946 530808 247127 751148 491817 291103 288273 393116 126208 432055 729624 847257 468425 126153 453098 859504 475078 697141 708170 486773 604537 771671 927126 254468 782632 315558 695838 452317 476996 610251 596898 298669 780442 438647 586192 54821 598179 295277 581857 341977 277122 646923 937763 326568 715408 119814 627209 792444 307893 892293 172960 734549 410877 734627 180326
 127471 811402 767310 448900 958405 792284 793046 689096 105399 447453 303493 750720 819332 592464 758265 682754 605684 235656 801163 557681 378321 266475 600786 882959 1 323630 396292 822097 308497 509510 819217 941121 494412 988063 702080 399430 142879 444668 890167 504616 28658 544955 617878 383176 653476 378811 427635 151686 924675 106994 581571 255019 731128 421905 351558 291477 951588 326902 445964 483329 923678 418691 1085164 658777 548014 611449 473037 293186 593382 275453 953985 359825 262276 718239 443671 766389 391610 473599 529373 764398
 403234 759695 747114 317788 897404 788871 953533 633800 267008 165030 434195 681902 988305 694660 640564 662845 810214 267428 934896 869775 266686 127570 751268 931946 323630 1 587800 956279 181004 713437 766454 887725 607663 1054099 606129 686493 460128 608279 894270 686114 307610 477876 890862 663461 541030 614774 725046 180065 882737 370151 693984 514799 621405 574232 583872 393454 1089415 627913 527413 724888 957645 337951 1190268 498967 600130 661681 735585 34751 605634 225831 965925 604143 148473 677242 760990 869080 213822 551228 815032 770719
 272400 566799 496792 450080 700327 499074 396864 479152 355196 610860 159109 539523 424227 233614 604008 432954 223304 323221 407641 440514 417909 606508 207812 530808 396292 587800 1 428135 438840 125695 574265 677231 154261 617955 537160 233595 324351 62856 575406 108546 380651 409570 345799 205148 525121 88717 285237 495355 650967 289351 215474 167259 574446 70012 82205 203349 555888 259446 182493 160250 579802 387991 694948 587171 260880 302616 201995 575053 336132 378185 625650 105783 444619 482975 396931 386855 484909 194419 309714 466190
 700242 495551 419864 709201 552997 377645 81788 508757 767081 922791 539218 533280 109746 263149 643710 434555 273123 695073 21506 690176 717819 1005152 221318 247127 822097 956279 428135 1 780561 338177 498830 527630 349644 249612 593940 567677 748959 377577 366580 323156 804248 573047 481197 553345 630726 474231 599558 904213 493329 715264 262306 590396 623863 403051 491234 572082 133433 635172 429074 416508 297849 655877 269461 725230 373933 328585 471175 953042 409358 730464 365430 497929 808121 473168 716854 114823 790424 406382 538150 356593
 327823 590766 571620 160162 732747 611398 782708 463438 209253 175876 279798 516095 818918 517756 491156 486161 655158 123256 759323 784854 94245 270557 582010 751148 308497 181004 438840 780561 1 561815 597888 720939 434821 873108 447260 582320 409503 448199 716718 527783 281874 305979 767086 555442 386625 483384 628008 233205 713127 297981 518616 407309 468201 412781 453281 235792 913154 540474 351840 589353 777629 162391 1010187 367167 419722 480831 611268 187919 425096 61461 787905 478009 55896 504536 689186 690197 83115 374232 703396 591966
 382511 592874 515491 558482 711988 504737 291280 527840 477891 731666 282447 582406 312738 225561 663434 468698 98340 448234 319825 408466 533845 730550 142195 491817 509510 713437 125695 338177 561815 1 599641 687164 195732 557894 597696 238839 417376 121870 561984 53990 496762 491590 258589 219836 598360 138359 279871 617827 657239 404006 203396 261013 635035 156681 160219 326090 456441 298748 263172 96334 545059 496145 607433 671636 305148 323538 157510 700723 381623 501766 600225 161567 569718 520357 400487 327406 603202 262770 257200 471765
 745799 7886 86491 448798 139239 121189 562699 134826 721048 653539 539772 87037 601207 375612 181810 143896 621461 594391 488078 1003448 504237 868433 480504 291103 819217 766454 574265 498830 597888 599641 1 123797 421785 403626 173025 806418 832111 517287 179482 547196 791612 292085 850306 778810 239796 662538 856792 814887 116478 738255 397649 709110 178655 504858 654260 534783 582439 830443 408365 692679 276118 436004 581690 322959 313859 277204 751471 781707 242450 583727 243826 679866 649878 101139 971065 388780 553229 387156 856121 145095
 864148 131304 181799 569954 25894 182428 601057 258526 843841 769551 656862 205827 636048 461934 274106 260017 694936 717804 521531 1095177 627063 991397 557137 288273 941121 887725 677231 527630 720939 687164 123797 1 523010 372698 285644 905749 948961 617502 162514 637030 913711 415482 928246 879248 353135 764095 954679 938683 34302 857978 484010 820373 281085 609337 758738 654539 585975 936061 520918 782599 251889 559361 549790 426287 421397 374751 842913 903821 355995 707504 195083 782915 773275 223327 1071587 429707 674060 497726 944156 215442
 384809 414452 342910 389967 546202 345065 348000 335737 425499 588202 195211 393220 384810 98129 468722 282739 257817 345459 328161 584184 382226 656447 149834 393116 494412 607663 154261 349644 434821 195732 421785 523010 1 493772 402608 384672 454924 95504 424662 142349 472722 299424 454121 357290 402943 241391 435037 558968 496724 391400 89771 307905 440031 88253 236092 223731 483072 413526 85849 279040 438304 329890 598343 478787 112222 148356 334475 603568 189477 382198 478756 259905 459250 333792 549709 274904 455176 73130 441928 312306
 877075 404364 356623 761666 393599 303967 330058 478892 914453 982757 686320 472429 348864 395985 582072 417968 512075 816241 258572 935519 792427 1127209 419477 126208 988063 1054099 617955 249612 873108 557894 403626 372698 493772 1 554544 796021 940752 557718 225476 527748 965901 601108 729857 777724 611176 683062 833296 1041493 342091 885042 408682 785163 572589 571954 693255 707681 238467 855126 549490 646830 127672 722314 179089 705628 458261 394297 705323 1058747 450187 835117 177821 706552 912765 431827 952976 232517 859179 522008 781705 305717
 649354 168105 198000 290140 292651 250687 642421 85187 598688 483907 456964 87136 683210 397414 66848 159485 645283 467848 578574 977672 353244 715209 508850 432055 702080 606129 537160 593940 447260 597696 173025 285644 402608 554544 1 768301 740028 491551 340809 543818 673569 157503 856281 738846 67562 624385 820654 674634 286807 635401 416327 640719 37480 468478 608617 439047 699235 775169 355047 680676 430884 291638 727249 152730 292944 292751 733659 624407 218488 444238 410369 636959 501868 125536 925645 479128 392478 343737 842008 254248
 286338 799053 727091 641725 929494 725066 508222 712545 420086 757245 338732 773106 519160 448542 835056 666095 296780 459397 551158 213968 593287 660853 380519 729624 399430 686493 233595 567677 582320 238839 806418 905749 384672 796021 768301 1 265249 289213 792633 277614 400112 632969 220012 29926 751511 144922 52513 542344 878066 318701 427416 175411 805337 303605 160187 376661 673971 83309 413472 151171 782304 583273 833364 805313 494006 531612 101479 663608 569672 522458 835398 131445 566880 716380 166069 566215 648415 427557 130437 691881
 91656 824232 768690 524225 968925 784763 708423 710814 204721 568011 292365 774259 729749 548576 801863 689489 507126 305547 729069 414855 458540 409308 531168 847257 142879 460128 324351 748959 409503 417376 832111 948961 454924 940752 740028 265249 1 383117 874567 425832 153059 584222 485260 253527 701458 279267 288042 294056 928127 114003 533394 158581 772966 370421 258396 301653 872534 187623 430302 371149 893213 480579 1017530 724956 533517 591605 349429 431605 593075 361715 932338 256729 374036 731798 301835 710792 489948 455703 392933 754041
 324662 509956 438041 436749 640945 438181 354687 428535 392682 614597 174311 487255 385609 170781 558201 377880 207921 340869 356560 489749 414093 638686 156453 468425 444668 608279 62856 377577 448199 121870 517287 617502 95504 557718 491551 289213 383117 1 512894 79761 426689 374563 371955 262011 485578 146637 339539 531869 590603 338006 152903 228030 529023 35828 144582 215176 508130 321070 144172 190132 517124 374450 641234 554365 206340 242823 242178 598803 283161 389713 562799 166253 461528 428702 454461 327956 484513 148658 350463 405158
 796778 181021 150903 583908 187280 105404 441963 275130 801703 800431 590402 254957 475702 344702 360395 231614 554970 685827 361699 969082 627588 983556 423782 126153 890167 894270 575406 366580 716718 561984 179482 162514 424662 225476 340809 792633 874567 512894 1 516192 864588 419485 789031 768353 402871 657381 838617 913693 128494 796542 365385 732298 353963 512825 657457 598747 424684 833517 447166 658300 97942 556330 404406 493539 343466 283021 719493 904550 300725 690002 72355 678411 763543 227154 958256 274452 686936 420436 815148 127240
 379909 540341 463598 513668 661627 454733 288432 473870 462284 694312 251975 528628 315773 175159 609497 415120 128287 418964 303243 458199 493271 711867 108509 453098 504616 686114 108546 323156 527783 53990 547196 637030 142349 527748 543818 277614 425832 79761 516192 1 489192 439896 312476 255190 545269 155510 322477 602331 607656 397744 153193 267256 581138 115523 168861 293908 448729 328427 213547 145832 505221 451589 591809 619809 251180 270512 205884 675629 327635 469019 557786 179153 540044 466775 442439 295303 564006 210994 308940 421619
 118937 783807 740500 420605 930827 766133 777434 661160 76871 425043 280100 722648 804667 570850 729643 655690 593796 207000 783185 566657 350142 261164 583106 859504 28658 307610 380651 804248 281874 496762 791612 913711 472722 965901 673569 400112 153059 426689 864588 489192 1 516502 616686 382061 624832 369062 431303 143306 897555 92907 560606 247354 702535 402536 340800 265888 934531 331034 421674 475669 899558 390045 1065882 630323 523095 586858 468956 278616 567023 247332 928902 351192 237111 690699 454832 745840 364961 449388 530508 738534
 493133 284891 270139 164450 428282 314728 603174 157469 442098 383224 307213 212344 643819 330412 217646 188620 556608 311677 554203 845804 212823 576524 433625 475078 544955 477876 409570 573047 305979 491590 292085 415482 299424 601108 157503 632969 584222 374563 419485 439896 516502 1 746496 603097 120270 492629 685452 524969 407151 478332 343615 493084 188900 345509 473001 284889 695175 631209 230498 563707 491578 143920 758146 180060 210101 244522 611166 491183 164365 293349 491743 502051 357812 199424 784390 463794 267711 228930 719226 300953
 499889 843922 764589 795460 953748 747330 404276 785672 628511 942701 496063 838926 398169 475076 921961 724469 234160 644778 471293 218097 759463 875757 371515 697141 617878 890862 345799 481197 767086 258589 850306 928246 454121 729857 856281 220012 485260 371955 789031 312476 616686 746496 1 234770 855926 283990 207213 757166 896497 530960 453260 377231 893611 402376 313826 539593 553928 300390 516114 185600 751955 733553 720577 926316 563612 577974 156191 870732 639786 705672 814488 289547 760890 776022 285433 524203 822989 519036 98940 715301
 266141 771404 700052 612424 902834 699047 496826 683678 397909 730708 309095 744453 509930 423807 805576 638018 285381 432327 536194 243846 564626 641830 360157 708170 383176 663461 205148 553345 555442 219836 778810 879248 357290 777724 738846 29926 253527 262011 768353 255190 382061 603097 234770 1 721705 116458 82356 523207 851896 297896 402968 149842 775843 275130 130458 347363 663110 84340 384164 138558 760410 553772 820589 775390 465913 504758 98827 641357 541267 495266 812443 101888 541389 688120 192450 546817 620517 398655 151575 665896
 609993 234537 255654 227449 359696 307827 672926 132463 548850 416445 427453 153041 713932 414013 105698 200760 654953 417897 614007 963643 293488 652308 523549 486773 653476 541030 525121 630726 386625 598360 239796 353135 402943 611176 67562 751511 701458 485578 402871 545269 624832 120270 855926 721705 1 609890 804023 616793 354240 593489 430856 613353 81592 458880 591349 404138 742378 751336 343371 675691 489936 236725 780788 96170 299999 314019 725504 560298 233290 388659 473542 620267 441925 179412 904254 516669 327923 337176 833910 306695
 251420 655109 584300 517537 787463 584741 429638 567657 361770 658833 214035 628189 450485 312952 691205 521568 229093 361623 455149 353885 477203 615245 264019 604537 378811 614774 88717 474231 483384 138359 662538 764095 241391 683062 624385 144922 279267 146637 657381 155510 369062 492629 283990 116458 609890 1 196763 498893 737236 276486 293021 125083 661551 158723 30904 256705 594612 176597 269339 110482 655363 456706 743682 667972 349466 389363 129434 597531 424848 421933 704500 23776 479555 571669 308528 450551 539377 282717 231592 551683
 322196 849478 776788 692160 978626 773451 535889 764371 458039 802094 390086 824700 543362 495595 887425 717070 326542 505647 584070 162278 642387 692400 422047 771671 427635 725046 285237 599558 628008 279871 856792 954679 435037 833296 820654 52513 288042 339539 838617 322477 431303 685452 207213 82356 804023 196763 1 574518 926569 355156 474151 220898 857717 355191 212697 427239 700026 100761 465740 186655 824917 634192 862010 857538 545067 581204 128512 700823 621043 568818 879478 183920 610072 767549 120623 605637 695962 479475 109059 740244
 257279 807403 777076 392690 952671 810456 886555 680320 140159 325689 365194 737302 916929 655109 722118 690419 716099 228217 882777 708837 323631 118625 686372 927126 151686 180065 495355 904213 233205 617827 814887 938683 558968 1041493 674634 542344 294056 531869 913693 602331 143306 524969 757166 523207 616793 498893 574518 1 927333 226604 648739 382782 698037 502597 469076 336017 1036884 474329 492535 608205 961549 383296 1157221 600219 585150 650013 606836 146905 613233 231621 982132 483354 177395 717013 595338 833286 308642 519757 672776 786501
 844428 123065 159443 565176 59886 153145 566825 249720 828853 769438 636649 202849 601760 432501 283243 241945 662898 704371 487255 1065554 619784 983663 525788 254468 924675 882737 650967 493329 713127 657239 116478 34302 496724 342091 286807 878066 928127 590603 128494 607656 897555 407151 896497 851896 354240 737236 926569 927333 1 839348 454480 796814 286727 583725 732771 636274 552538 910201 498704 752958 219500 550918 520053 432570 397689 348385 813487 897654 335299 696915 165397 756461 764531 210325 1044051 395691 669639 474751 913959 186353
 33101 730377 680441 410521 876660 701566 686170 612394 103425 461915 206158 675348 712758 489061 695588 598043 500916 191554 694371 501035 344543 345009 493947 782632 106994 370151 289351 715264 297981 404006 738255 857978 391400 885042 635401 318701 114003 338006 796542 397744 92907 478332 530960 297896 593489 276486 355156 226604 839348 1 477252 156545 667157 316165 247985 203511 844607 257844 349578 383929 824999 368315 978925 612872 453091 515026 380263 345688 504757 248210 858311 259143 266714 637198 396775 661350 377220 376724 448702 672389
 468448 391096 312692 458269 508723 301634 269334 338789 514979 665429 284682 387872 308294 22177 479109 272952 230202 434041 240950 611179 459357 745733 92848 315558 581571 693984 215474 262306 518616 203396 397649 484010 89771 408682 416327 427416 533394 152903 365385 153193 560606 343615 453260 402968 430856 293021 474151 648739 454480 477252 1 380405 452519 163400 295910 313371 395465 469597 166850 298591 364344 401225 508607 516235 133719 126270 359010 691082 198842 468162 411565 314774 545881 324084 593257 185565 532387 145147 460594 268568
 128496 701339 638590 477001 841959 648458 551092 597951 251301 581930 186056 661095 573731 397076 706015 565222 354036 284761 570489 380099 423618 500843 372862 695838 255019 514799 167259 590396 407309 261013 709110 820373 307905 785163 640719 175411 158581 228030 732298 267256 247354 493084 377231 149842 613353 125083 220898 382782 796814 156545 380405 1 676290 220322 100859 215721 714504 141847 300746 228494 743584 421657 858963 655326 399159 451777 224339 493755 466683 347928 786409 104963 391644 611633 296977 554078 475302 322747 300895 616494
 681980 175149 218326 308997 284819 270505 674502 117127 627060 492240 491921 100163 715152 433333 29815 190960 681844 496029 609062 1014946 374947 733666 544858 452317 731128 621405 574446 623863 468201 635035 178655 281085 440031 572589 37480 805337 772966 529023 353963 581138 702535 188900 893611 775843 81592 661551 857717 698037 286727 667157 452519 676290 1 505852 645549 472703 726045 811396 392231 718152 447080 316738 747447 145844 330158 328225 771122 641261 255276 469159 421363 673957 523458 151436 962250 509085 408837 381157 879478 277866
 305650 497351 428327 401843 632131 432710 384832 409283 364365 578796 141196 469527 417000 178162 535308 363141 243736 306830 381776 509565 378334 607602 183776 476996 421905 574232 70012 403051 412781 156681 504858 609337 88253 571954 468478 303605 370421 35828 512825 115523 402536 345509 402376 275130 458880 158723 355191 502597 583725 316165 163400 220322 505852 1 149613 180803 534909 326740 115548 218315 523798 339490 663392 524669 191165 235552 266639 565448 266137 354599 566104 175058 427051 413031 466701 345442 448691 124966 375082 400104
 224099 646718 577902 491201 781649 581102 450340 554911 331471 628877 186797 616298 472895 314754 675302 512007 254421 331235 471637 372920 449120 585097 276414 610251 351558 583872 82205 491234 453281 160219 654260 758738 236092 693255 608617 160187 258396 144582 657457 168861 340800 473001 313826 130458 591349 30904 212697 469076 732771 247985 295910 100859 645549 149613 1 228629 614141 177437 254401 141272 660028 430893 760338 646521 340412 384388 158405 566683 414266 391855 707016 29176 448833 561354 318781 460976 510358 270209 257594 548264
 212318 526903 477731 265069 673151 501022 562308 410072 207168 407657 44345 473341 595998 319132 501927 394693 420243 126139 550578 589361 220536 433090 359769 596898 291477 393454 203349 572082 235792 326090 534783 654539 223731 707681 439047 376661 301653 215176 598747 293908 265888 284889 539593 347363 404138 256705 427239 336017 636274 203511 313371 215721 472703 180803 228629 1 705412 357410 158449 357528 635139 207178 821420 440229 257622 321873 386134 385345 302639 175740 663101 256202 246355 433762 512555 497349 283679 186155 485843 472934
 828252 580593 512104 837108 609679 463905 166440 614936 899248 1052781 672145 630320 157732 395405 742880 542300 377744 828505 154928 770660 848647 1138443 351747 298669 951588 1089415 555888 133433 913154 456441 582439 585975 483072 238467 699235 673971 872534 508130 424684 448729 934531 695175 553928 663110 742378 594612 700026 1036884 552538 844607 395465 714504 726045 534909 614141 705412 1 746745 562055 524564 336027 785371 166702 838178 502526 452605 573924 1086402 530818 863585 400635 617970 941346 574774 812749 231574 920935 538932 625487 449618
 224743 822838 755025 618507 958863 758504 580357 726886 361236 712305 325863 789180 594079 489400 841205 687507 369174 420195 617558 244984 563677 591977 435882 780442 326902 627913 259446 635172 540474 298748 830443 936061 413526 855126 775169 83309 187623 321070 833517 328427 331034 631209 300390 84340 751336 176597 100761 474329 910201 257844 469597 141847 811396 326740 177437 357410 746745 1 425895 222482 831638 563492 903225 796293 516711 561821 181450 602766 589217 483078 881096 155108 518357 736098 155153 623138 612290 444290 205816 725634
 349852 400594 339527 305240 541961 354588 432496 301149 365599 502547 143471 363286 469881 167528 421870 264476 337136 270842 407755 622803 296468 583703 235677 438647 445964 527413 182493 429074 351840 263172 408365 520918 85849 549490 355047 413472 430302 144172 447166 213547 421674 230498 516114 384164 343371 269339 465740 492535 498704 349578 166850 300746 392231 115548 254401 158449 562055 425895 1 333315 477886 244577 668210 410202 103821 165669 382135 525338 165967 301597 508853 282351 379576 311321 572856 344338 369466 27776 490541 324274
 356951 685757 609366 610199 807284 600217 358323 614683 471889 763905 313446 671279 371643 320674 747117 558843 146825 468989 400031 312603 575993 725062 237055 586192 483329 724888 160250 416508 589353 96334 692679 782599 279040 646830 680676 151171 371149 190132 658300 145832 475669 563707 185600 138558 675691 110482 186655 608205 752958 383929 298591 228494 718152 218315 141272 357528 524564 222482 333315 1 639830 548181 682641 742984 391045 415639 61225 707942 468272 527953 695891 124918 588214 610402 306953 419080 641149 338746 163701 567158
 821387 277042 234284 655064 274699 182446 377971 358758 841721 874799 620338 347096 407270 346633 455454 303933 521211 733611 297634 944251 692286 1039331 402958 54821 923678 957645 579802 297849 777629 545059 276118 251889 438304 127672 430884 782304 893213 517124 97942 505221 899558 491578 751955 760410 489936 655363 824917 961549 219500 824999 364344 743584 447080 523798 660028 635139 336027 831638 477886 639830 1 621148 306480 583041 377968 313328 700686 965187 352965 745109 67730 677790 821121 310891 945518 227780 755742 450173 789126 190722
 389348 428803 409842 62384 571850 450927 670557 301339 313491 267543 244946 355434 709370 395093 342366 325008 578569 183413 635373 796399 71330 432787 479094 598179 418691 337951 387991 655877 162391 496145 436004 559361 329890 722314 291638 583273 480579 374450 556330 451589 390045 143920 733553 553772 236725 456706 634192 383296 550918 368315 401225 421657 316738 339490 430893 207178 785371 563492 244577 548181 621148 1 868254 244558 282915 337745 584712 349019 272159 152636 627980 459466 213915 342147 718569 556099 137660 258951 688157 433050
 965739 582095 529617 913235 569666 477094 326145 648436 1023350 1133827 793160 647446 323362 502402 758415 582782 536672 939043 288713 937064 936127 1251872 487137 295277 1085164 1190268 694948 269461 1010187 607433 581690 549790 598343 179089 727249 833364 1017530 641234 404406 591809 1065882 758146 720577 820589 780788 743682 862010 1157221 520053 978925 508607 858963 747447 663392 760338 821420 166702 903225 668210 682641 306480 868254 1 876338 590523 531076 734670 1191259 598889 966286 354819 767386 1044690 602669 976459 324203 1005902 642323 790811 474193
 633562 318783 349200 210856 428614 401745 765136 227941 553457 356833 470630 239259 806137 500796 153795 296913 735025 426025 708138 1019101 282010 618494 608109 581857 658777 498967 587171 725230 367167 671636 322959 426287 478787 705628 152730 805313 724956 554365 493539 619809 630323 180060 926316 775390 96170 667972 857538 600219 432570 612872 516235 655326 145844 524669 646521 440229 838178 796293 410202 742984 583041 244558 876338 1 383073 404421 789146 522730 322415 384378 562944 675695 422846 273988 951065 611573 294854 408921 896761 402146
 453671 306308 239612 335268 443373 251289 395811 223640 463786 550433 246940 281102 436024 120498 358363 172107 355097 358412 353798 695982 347676 668969 225043 341977 548014 600130 260880 373933 419722 305148 313859 421397 112222 458261 292944 494006 533517 206340 343466 251180 523095 210101 563612 465913 299999 349466 545067 585150 397689 453091 133719 399159 330158 191165 340412 257622 502526 516711 103821 391045 377968 282915 590523 383073 1 64900 446691 602491 77264 377851 405995 366221 455984 222508 657800 273472 419211 77820 554117 220604
 514132 270198 195590 385935 398123 197242 361253 213147 528406 604635 309071 261700 402193 105826 354104 146823 356394 423079 309682 726282 405064 733019 217235 277122 611449 661681 302616 328585 480831 323538 277204 374751 148356 394297 292751 531612 591605 242823 283021 270512 586858 244522 577974 504758 314019 389363 581204 650013 348385 515026 126270 451777 328225 235552 384388 321873 452605 561821 165669 415639 313328 337745 531076 404421 64900 1 474269 665077 82311 440948 343285 408214 518801 198178 697189 221143 475233 138313 579222 164865
 350485 744460 668730 645958 867493 660609 408808 670003 475122 787008 343314 727641 418362 381023 800347 616121 198374 488752 455576 252404 606612 725075 298108 646923 473037 735585 201995 471175 611268 157510 751471 842913 334475 705323 733659 101479 349429 242178 719493 205884 468956 611166 156191 98827 725504 129434 128512 606836 813487 380263 359010 224339 771122 266639 158405 386134 573924 181450 382135 61225 700686 584712 734670 789146 446691 474269 1 716156 523929 549904 757021 133404 604712 667533 247657 478974 668658 390192 108480 627501
 378627 774789 758851 334553 914310 799200 947343 648109 243539 197489 424511 698106 981326 692866 661406 673735 798162 259459 931589 843257 278488 97334 744806 937763 293186 34751 575053 953042 187919 700723 781707 903821 603568 1058747 624407 663608 431605 598803 904550 675629 278616 491183 870732 641357 560298 597531 700823 146905 897654 345688 691082 493755 641261 565448 566683 385345 1086402 602766 525338 707942 965187 349019 1191259 522730 602491 665077 716156 1 612372 224987 975802 585856 146608 690505 733133 868752 232424 550025 792861 779883
 509167 234698 175940 314371 376488 199385 443564 146465 501969 535226 301351 204095 484502 181084 282869 98629 426862 385193 390891 772908 342291 686791 291677 326568 593382 605634 336132 409358 425096 381623 242450 355995 189477 450187 218488 569672 593075 283161 300725 327635 567023 164365 639786 541267 233290 424848 621043 613233 335299 504757 198842 466683 255276 266137 414266 302639 530818 589217 165967 468272 352965 272159 598889 322415 77264 82311 523929 612372 1 392487 368951 440788 468173 147088 732610 299438 409315 145038 631380 173494
 276101 576298 549205 173757 721193 585426 729055 449011 170944 237119 219385 505682 764510 468932 494353 462678 595865 63176 709089 726738 102897 294304 527332 715408 275453 225831 378185 730464 61461 501766 583727 707504 382198 835117 444238 522458 361715 389713 690002 469019 247332 293349 705672 495266 388659 421933 568818 231621 696915 248210 468162 347928 469159 354599 391855 175740 863585 483078 301597 527953 745109 152636 966286 384378 377851 440948 549904 224987 392487 1 760025 416695 78407 486676 633490 644038 130219 325635 642599 563558
 856988 246519 223172 656182 215782 177263 445272 347006 867667 872777 652313 323733 474930 392267 425620 303635 582270 753996 364780 1003163 699280 1053946 458957 119814 953985 965925 625650 365430 787905 600225 243826 195083 478756 177821 410369 835398 932338 562799 72355 557786 928902 491743 814488 812443 473542 704500 879478 982132 165397 858311 411565 786409 421363 566104 707016 663101 400635 881096 508853 695891 67730 627980 354819 562944 405995 343285 757021 975802 368951 760025 1 726339 834156 299147 999861 290844 759092 481592 848244 196474
