NAME : domp80p26v6
COMMENT : Cherkesly, Contardo & Gruson 2022
TYPE : DOMP
DIMENSION : 80
DISPLAY_DATA_TYPE : NO_DISPLAY
OPEN_FACILITIES : 26
COST_SECTION
 1 456405 770580 749885 607467 439577 571888 525903 547409 314263 217827 130522 843230 417849 851524 744002 452704 361405 253596 504445 792655 382433 735777 703279 730835 683382 602885 605658 300482 134664 307056 850743 322729 552466 464748 692280 222182 623969 433106 371659 892017 558137 429753 707314 626478 533792 584205 166169 790172 438873 736863 202094 620571 397014 496033 635184 390565 439332 642328 496808 572839 433397 885988 653297 292488 539764 483299 342691 549763 775490 612130 879441 590654 327818 352635 265863 566667 743041 273307 576435
 456405 1 797551 731658 511111 385739 359331 514288 127590 768350 625570 433764 675549 838803 722985 598587 533194 369265 289734 725406 1033462 156134 427678 696459 746153 694963 558735 373788 155978 591014 734192 629315 574506 661229 8530 420435 640800 180689 182585 419883 713296 580406 110821 983425 516171 359363 928547 620593 539692 713015 580399 648413 223709 751152 420464 242235 346113 836855 941921 40406 567661 522179 639055 241915 392598 612842 868514 250814 661331 1047795 411530 709709 164698 730326 478621 688542 737290 594764 672723 449017
 770580 797551 1 88064 298971 418326 470211 287837 742588 855247 675761 640551 333904 746589 269296 300551 321288 465284 896087 353946 435417 891293 563993 104118 51573 102855 240192 477673 754858 816956 731692 426702 471696 225274 802136 509027 960526 799905 615019 427290 362935 228657 686739 475859 303120 449882 592301 797630 469613 442786 320025 768468 706903 576865 377254 1030673 468326 683742 505473 812766 232327 340269 478882 735583 500403 231056 663978 940625 228770 499224 432861 344435 945149 671547 420530 710934 268741 305405 660156 361550
 749885 731658 88064 1 223356 363269 392574 237541 668500 866900 679678 619453 251277 774251 193049 212491 297825 420464 852648 385954 513469 834827 477057 46732 54416 71711 174625 396978 702155 809938 746964 341157 471925 235231 735685 423150 950561 722110 549447 389245 284750 192041 621342 543902 223974 376863 643116 795129 381591 469262 231993 770887 627310 603286 315696 960110 416474 715476 565167 744076 183085 317066 393936 654671 466843 218876 701303 890509 239251 573512 351889 265919 874086 689776 397431 721476 306062 217342 671147 286742
 607467 511111 298971 223356 1 172286 171297 109587 445259 795862 600241 483795 237395 749075 246679 137989 216315 247388 660947 415784 650571 623445 293771 194856 248109 202909 69903 181481 497892 696218 691457 267622 406135 266863 514716 232112 824663 500939 330339 238945 286665 147473 401786 646899 21992 153660 689220 692878 247914 470256 134945 681862 408398 587695 115214 736946 226772 704732 642220 521749 114047 228386 315336 438051 315856 211636 706429 687401 269844 694262 138189 272936 650857 645727 285480 655663 368028 137766 610107 63386
 439577 385739 418326 363269 172286 1 169100 130687 357764 655831 462745 320985 404249 638675 418946 305517 162035 78588 493368 380808 670161 473232 348135 322403 367947 315680 190328 202632 338912 537469 564243 414098 296785 281530 391261 290342 659552 431210 207203 92652 452771 195096 276059 638583 189272 122720 633225 539449 364216 402923 297455 535500 359079 494211 57344 625535 55166 606404 613705 406504 186000 158123 453388 395433 154359 229372 619157 527348 282286 696978 189710 440696 542531 528255 163581 523742 368982 304258 483621 137178
 571888 359331 470211 392574 171297 169100 1 230505 277845 816439 626313 467716 320569 807385 363838 239283 311954 235055 559405 533384 800988 490430 179427 366113 419405 373569 235690 34913 384078 684196 730392 293199 465798 406946 361479 124353 793958 329840 192486 261382 362286 293266 257070 783508 168619 46383 795736 691923 220172 566375 221424 693572 237350 662838 144725 572793 194544 775463 767005 363314 266387 314220 319653 268019 311983 349565 787529 567160 408971 837060 52991 356154 486516 696477 332536 688776 505084 235514 650446 110059
 525903 514288 287837 237541 109587 130687 230505 1 474322 692121 496857 397580 336516 639873 329959 239739 106823 182998 615120 312629 570572 603463 386313 194360 237809 185442 77400 253619 467619 603139 584701 376278 298352 176471 519446 323684 737009 541586 333139 155719 385571 67572 403798 554979 131417 193489 583928 596039 355944 361917 240814 581319 458643 478112 97952 752022 180872 595146 543448 532843 55771 119788 424722 492475 235201 119062 597159 654674 178564 607083 218926 370050 667859 537486 184800 550203 275472 240611 503618 132546
 547409 127590 742588 668500 445259 357764 277845 474322 1 850365 689954 498607 576948 899219 631673 510093 518171 368179 412267 729056 1026928 283640 308403 638818 691151 642524 503039 282483 256143 680909 800518 520294 601440 638971 123813 310738 746995 82455 160198 417449 610546 541875 121722 989249 445400 292709 957884 705378 428022 732547 490213 726650 96260 791508 376388 295883 334019 887942 956512 106561 522534 511316 524378 115938 414346 585370 914002 378348 639854 1050222 325400 609150 209875 787425 486443 754818 725941 505766 731674 381933
 314263 768350 855247 866900 795862 655831 816439 692121 850365 1 195624 358934 1028618 181490 1015719 931436 590668 582177 553070 510600 703900 694123 993235 822271 830530 795190 765652 851341 612553 183803 126362 1061225 398893 633956 776788 940785 241938 929784 718198 566400 1077602 695134 729447 599343 817538 772158 425112 148184 1019658 420131 930684 125345 914346 297822 703440 947180 621919 243966 523164 808701 721756 574338 1104987 949290 504670 650276 293544 642874 630097 658931 845034 1061803 904847 189785 510445 145437 595194 932012 195832 786110
 217827 625570 675761 679678 600241 462745 626313 496857 689954 195624 1 192547 833366 213530 822084 735952 396612 391263 469023 349360 600928 583713 804653 634145 646771 608195 570967 661092 475327 164286 110639 865740 207891 451084 634091 750371 305823 771701 545878 372135 882422 502507 568349 507022 621915 581239 369036 130373 825623 265248 735074 92946 743978 186119 508868 831648 432137 223290 437047 664829 528003 379810 909829 780223 314718 461211 265738 556449 447428 573876 652410 866777 776700 111308 314827 65214 428298 736487 55485 591226
 130522 433764 640551 619453 483795 320985 467716 397580 498607 358934 192547 1 720890 405167 725379 621406 322183 242538 317716 391479 692638 405714 640238 572824 600413 552862 474866 502425 286386 217301 302552 735044 207045 424276 442268 591279 340937 579977 359750 245430 770013 427827 376886 616174 503607 426022 518515 224887 680882 338215 615688 233590 556904 331584 375654 646828 276939 405136 558104 472741 443241 302876 773338 592456 168231 409583 440324 396348 421733 684460 502749 756680 587702 296852 222125 256756 446019 620779 239058 457947
 843230 675549 333904 251277 237395 404249 320569 336516 576948 1028618 833366 720890 1 968111 75587 99491 439565 481904 873864 602382 764667 810940 301148 268812 305100 297418 264237 301931 701467 933584 919755 98882 633025 442392 676761 271167 1061578 605159 512864 476331 49328 342688 577110 790830 217285 336804 872955 929680 174215 673408 107356 917151 505970 800832 347325 869845 456083 917551 805370 674173 311599 454889 147143 521926 552742 400906 912205 886979 446300 823640 267632 36783 785159 870151 520053 886292 533609 100207 839079 269498
 417849 838803 746589 774251 749075 638675 807385 639873 899219 181490 213530 405167 968111 1 942728 876368 533114 576262 671278 392655 533828 794467 986724 733204 730795 703953 705251 841262 688838 316443 110809 1016107 345623 539885 847317 928781 415011 981402 750407 546089 1015443 625515 778115 427382 771034 761122 247251 271770 989705 305284 879756 222815 947952 170967 676014 1044041 618466 70662 351115 877894 656665 520752 1064405 984768 504911 570189 115351 760539 535820 483416 825547 998166 990139 112934 477099 153514 478032 877896 167557 753874
 851524 722985 269296 193049 246679 418946 363838 329959 631673 1015719 822084 725379 75587 942728 1 124788 425479 493531 903253 565398 704022 851683 370048 220005 247396 250058 253022 350783 734986 933085 902257 174321 617082 406786 724899 333901 1065926 665883 552766 480190 93778 321045 620219 736947 230428 371750 830775 925577 246691 642139 142621 909024 566529 773125 361758 926768 473219 888568 756841 724931 294090 442561 220807 585128 559045 372596 879378 923094 410824 765770 311457 75586 841257 849537 514371 871486 491060 128368 822833 292810
 744002 598587 300551 212491 137989 305517 239283 239739 510093 931436 735952 621406 99491 876368 124788 1 344704 382814 781634 521038 712167 727018 271005 212995 260159 237067 171270 227886 611708 834204 824331 146159 537751 362292 600634 224110 962121 548812 428065 376881 148701 253782 495440 727005 117800 247489 794454 830664 169233 586729 21601 818849 449907 711009 248384 805834 358043 828122 734313 601367 220846 359144 199131 471443 453272 315461 825455 799235 365992 765722 187227 135446 719958 776190 421858 789916 458732 5086 743320 172683
 452704 533194 321288 297825 216315 162035 311954 106823 518171 590668 396612 322183 439565 533114 425479 344704 1 165782 580728 221946 508783 596480 480932 251104 278871 230688 175456 340516 455497 514641 480192 482994 193462 129556 539598 418921 653569 592909 362958 117557 488128 108381 427396 477211 238199 268408 485652 503083 461126 259113 346967 484016 520572 371614 167231 775339 187998 488537 455763 558378 131432 19308 531542 556617 181245 92425 491647 633137 129149 535009 312448 471864 694778 431507 100153 447219 207797 345904 399580 230330
 361405 369265 465284 420464 247388 78588 235055 182998 368179 582177 391263 242538 481904 576262 493531 382814 165782 1 432453 361776 665573 432615 413750 376666 417113 365004 254142 269831 292665 459317 495781 492511 243996 295258 375982 359146 581020 447478 208289 50786 530629 236633 266618 621965 265646 190114 594875 462351 440330 366441 375460 460372 389188 441670 134629 611462 42241 549531 588407 396482 237655 153329 531152 426530 77696 252225 566956 475673 294922 684120 263477 518202 532376 464227 118842 453821 368041 381752 416381 215760
 253596 289734 896087 852648 660947 493368 559405 615120 412267 553070 469023 317716 873864 671278 903253 781634 580728 432453 1 703087 1009019 156695 681923 809110 848894 797027 682963 586195 177118 369866 560470 852183 520676 703887 296070 657277 374258 470066 372100 468917 918597 667871 327158 933888 674332 537213 828409 410196 772605 655617 768220 452516 504862 639834 547562 401605 438461 691931 875024 324996 670081 563230 874196 528203 399783 673032 734609 90074 702307 1002175 610421 910417 376004 580041 489765 519435 747197 779104 524126 610444
 504445 725406 353946 385954 415784 380808 533384 312629 729056 510600 349360 391479 602382 392655 565398 521038 221946 361776 703087 1 311546 758326 698322 348110 339736 318055 355331 560934 619029 508182 384686 666891 184451 159991 732700 635787 652939 806854 569799 311762 646538 270769 627374 260245 435873 490283 274221 479123 663010 90735 529690 440747 739634 223222 388805 965712 395182 330745 233818 755512 305040 222828 719078 776159 335017 206685 315441 773050 156086 322748 530043 628239 889974 322391 246892 370728 85894 523715 320943 444746
 792655 1033462 435417 513469 650571 670161 800988 570572 1026928 703900 600928 692638 764667 533828 704022 712167 508783 665573 1009019 311546 1 1069791 944221 500267 459585 475103 580956 822447 930567 764683 586160 851615 488671 394517 1040504 882677 901023 1101370 870556 614800 797209 508956 932128 107071 665673 763341 291593 726798 877071 355212 727816 679197 1025584 420281 663250 1274864 694648 464187 182811 1061946 539019 516010 905057 1060620 645839 451623 419298 1082057 392773 75418 784021 778511 1197481 526210 555608 594233 301181 716330 554687 697611
 382433 156134 891293 834827 623445 473232 490430 603463 283640 694123 583713 405714 810940 794467 851683 727018 596480 432615 156695 758326 1069791 1 580050 795273 841134 788821 660289 510553 141430 510564 684743 773326 586809 725671 159954 567346 529733 327715 298971 478941 851639 664916 234386 1006166 632407 480315 923482 547295 686416 727337 710559 584363 379827 737257 519258 253073 423320 805566 954986 183161 659074 581782 787152 396856 427730 684812 843902 96158 724938 1073271 543414 846305 219551 694301 520976 640955 786925 723680 636482 565117
 735777 427678 563993 477057 293771 348135 179427 386313 308403 993235 804653 640238 301148 986724 370048 271005 480932 413750 681923 698322 944221 580050 1 466126 518315 483149 363265 145507 505880 854449 909472 223341 644286 558216 426207 62640 956039 315897 315221 440644 322961 438984 355422 938948 278755 225609 966554 865123 130304 739173 249623 869487 220880 840472 316837 585558 372527 953939 929757 414258 406820 485937 218015 228266 489949 501478 964666 669291 560906 987698 168571 326538 504460 875900 511069 867542 659182 265921 829720 253780
 703279 696459 104118 46732 194856 322403 366113 194360 638818 822271 634145 572824 268812 733204 220005 212995 251104 376666 809110 348110 500267 795273 466126 1 53620 30203 137760 374083 661114 763382 703120 351593 426286 193322 700807 409257 903873 695788 513893 343997 307393 145742 585771 522052 199474 346131 610845 748861 380914 428986 230118 725092 602925 562364 277468 927906 374652 675732 537888 710554 139039 270351 405153 631863 421099 172987 663402 848792 197385 556340 329433 288561 842198 646632 350766 676836 271398 217401 626660 257480
 730835 746153 51573 54416 248109 367947 419405 237809 691151 830530 646771 600413 305100 730795 247396 260159 278871 417113 848894 339736 459585 841134 518315 53620 1 52383 188622 427686 705337 783030 708741 393418 440277 196591 750701 462074 925466 748927 563598 380793 339149 181072 635351 489604 253082 398461 591828 765754 429216 425535 278506 738910 656369 560002 325986 979102 418617 670360 511888 761223 182094 298103 446519 685430 455509 191850 654155 891785 200436 519167 383051 320311 893577 650125 378906 685407 257489 264810 634764 310414
 683382 694963 102855 71711 202909 315680 373569 185442 642524 795190 608195 552862 297418 703953 250058 237067 230688 365004 797027 318055 475103 788821 483149 30203 52383 1 139524 384137 652955 739959 675345 378096 400546 164235 699623 424874 881299 702091 512497 329440 336825 129585 584142 493939 210524 350200 580734 724396 403263 399437 253062 699572 610915 533047 274546 928932 366236 646086 508473 710670 129751 249995 431735 640925 404971 148003 633407 839459 168282 529638 340140 318026 843612 618367 330820 649766 241212 241253 599439 263753
 602885 558735 240192 174625 69903 190328 235690 77400 503039 765652 570967 474866 264237 705251 253022 171270 175456 254142 682963 355331 580956 660289 363265 137760 188622 139524 1 249366 528514 680291 655582 314273 368889 201321 563056 301851 814408 562927 376192 231789 312689 84637 448087 579446 85162 210690 629549 672577 308886 416590 176487 656724 472792 539772 141078 790527 244684 656909 577581 572890 50528 191316 365304 503682 311402 148747 654946 717420 204579 625577 207135 296420 704962 606041 261349 622589 301939 173034 575034 125659
 605658 373788 477673 396978 181481 202632 34913 253619 282483 851341 661092 502425 301931 841262 350783 227886 340516 269831 586195 560934 822447 510553 145507 374083 427686 384137 249366 1 409862 718759 764953 266239 498899 429723 375212 89445 827617 326780 215812 295174 341208 313536 276192 808401 174612 80284 825547 726726 188803 596803 208448 728484 230488 695451 173929 578359 229434 808581 794107 374201 284652 343905 289445 257956 346849 372259 819902 590138 431967 860627 45110 336548 492337 730581 365649 723456 529083 223671 684891 125467
 300482 155978 754858 702155 497892 338912 384078 467619 256143 612553 475327 286386 701467 688838 734986 611708 455497 292665 177118 619029 930567 141430 505880 661114 705337 652955 528514 409862 1 435124 582354 676073 451536 584503 164362 480169 491242 327340 195053 338048 745161 527161 153802 869749 509188 364922 796384 464691 595620 592317 597142 493354 341347 613390 388591 361808 286749 691519 821215 196381 523389 440569 697241 369323 286702 544497 726141 189556 583720 936312 435817 737769 301552 582677 379777 536992 645729 608868 524665 443264
 134664 591014 816956 809938 696218 537469 684196 603139 680909 183803 164286 217301 933584 316443 933085 834204 514641 459317 369866 508182 764683 510564 854449 763382 783030 739959 680291 718759 435124 1 210067 951495 346280 592131 599343 807201 145327 758140 560479 457430 982875 623016 562136 669212 716688 643066 520937 44746 898178 427479 829683 95482 751672 346661 591148 763566 494239 354295 597641 631412 643435 495954 990419 785123 383486 592138 403180 459847 588814 735334 720009 968858 722755 251776 419458 180727 583101 833882 211138 673958
 307056 734192 731692 746964 691457 564243 730392 584701 800518 126362 110639 302552 919755 110809 902257 824331 480192 495781 560470 384686 586160 684743 909472 703120 708741 675345 655582 764953 582354 210067 1 958795 286737 512568 742721 853836 323959 882198 656260 472168 968267 581260 678881 483863 713388 684754 319512 165451 923999 294074 825264 114761 854369 172559 607152 935145 537350 145094 408676 773713 609660 465203 1004710 890689 420648 532723 194994 649744 508636 546386 753695 951858 882965 63587 409052 45800 469634 825293 81476 688156
 850743 629315 426702 341157 267622 414098 293199 376278 520294 1061225 865740 735044 98882 1016107 174321 146159 482994 492511 852183 666891 851615 773326 223341 351593 393418 378096 314273 266239 676073 951495 958795 1 673756 508412 629391 209819 1072171 537616 481913 497120 102757 398220 539495 871061 245636 321738 940512 952187 93665 730858 137804 944797 440249 852893 360838 806371 460313 970083 880063 622624 364621 495803 53652 450993 568064 460829 969154 855446 512098 907694 244154 110943 723672 913336 551176 922397 604764 143250 877380 277706
 322729 574506 471696 471925 406135 296785 465798 298352 601440 398893 207891 207045 633025 345623 617082 537751 193462 243996 520676 184451 488671 586809 644286 426286 440277 400546 368889 498899 451536 346280 286737 673756 1 246448 582425 585131 490981 683030 442459 205665 681576 296268 488025 419440 428121 419421 356780 325964 644215 140789 539143 299042 631831 198228 330793 808562 285437 309688 369854 608623 323506 178634 720828 669222 187136 253328 323560 593646 243016 486821 480819 665247 738275 239678 133269 254408 244330 538792 206195 408270
 552466 661229 225274 235231 266863 281530 406946 176471 638971 633956 451084 424276 442392 539885 406786 362292 129556 295258 703887 159991 394517 725671 558216 193322 196591 164235 201321 429723 584503 592131 512568 508412 246448 1 667436 495742 736173 710576 487608 246972 486667 119525 554093 380734 285219 368825 432222 572359 510103 236098 371988 543596 631861 369073 269063 903075 315152 482941 376260 685187 152907 143951 561039 666539 304891 57470 472593 759913 4071 430990 393319 468428 821618 454717 214321 488816 101190 365171 438177 306390
 464748 8530 802136 735685 514716 391261 361479 519446 123813 776788 634091 442268 676761 847317 724899 600634 539598 375982 296070 732700 1040504 159954 426207 700807 750701 699623 563056 375212 164362 599343 742721 629391 582425 667436 1 420211 648523 174047 187128 426650 714118 585730 115677 990886 519451 362553 936639 629011 539379 720801 582285 656905 220069 759427 425214 235741 352286 845295 949640 32091 572610 528749 638421 237213 400198 618761 876889 255195 667574 1055160 413470 710752 157284 738812 485867 697070 744022 596765 681218 452424
 692280 420435 509027 423150 232112 290342 124353 323684 310738 940785 750371 591279 271167 928781 333901 224110 418921 359146 657277 635787 882677 567346 62640 409257 462074 424874 301851 89445 480169 807201 853836 209819 585131 495742 420211 1 913828 334011 285546 382986 300987 376612 335717 876461 217941 169174 904432 815789 119321 677495 202521 817899 234914 780468 255986 599958 318874 894550 867123 412835 344658 424343 219844 251366 436264 438933 904298 652613 498407 925517 106493 301081 516085 818590 452156 812561 596658 219117 773569 191163
 222182 640800 960526 950561 824663 659552 793958 737009 746995 241938 305823 340937 1061578 415011 1065926 962121 653569 581020 374258 652939 901023 529733 956039 903873 925466 881299 814408 827617 491242 145327 323959 1072171 490981 736173 648523 913828 1 818019 648421 586332 1110625 761612 635657 802415 844332 755965 643431 175764 1012352 570863 955948 221830 827735 480775 715315 774771 611861 466935 728802 680106 780153 634568 1107982 858201 508860 733955 517495 457251 732925 866968 834276 1097473 749203 377622 556032 307500 728396 961407 346860 796707
 623969 180689 799905 722110 500939 431210 329840 541586 82455 929784 771701 579977 605159 981402 665883 548812 592909 447478 470066 806854 1101370 327715 315897 695788 748927 702091 562927 326780 327340 758140 882198 537616 683030 710576 174047 334011 818019 1 240813 495990 633820 608732 203394 1066759 498190 352883 1039180 783972 443952 813017 527943 806626 99369 873764 443993 269792 411789 970394 1035769 145662 586965 587167 533444 88790 496062 655744 996391 423843 711697 1126851 371661 634814 190842 869719 566163 836460 800191 544159 813847 438587
 433106 182585 615019 549447 330339 207203 192486 333139 160198 718198 545878 359750 512864 750407 552766 428065 362958 208289 372100 569799 870556 298971 315221 513893 563598 512497 376192 215812 195053 560479 656260 481913 442459 487608 187128 285546 648421 240813 1 258041 554743 399940 71913 830042 336950 182024 798386 578575 400572 572433 411621 592937 198110 634813 238142 418998 175930 734624 796407 199784 385753 354599 502199 234550 255826 436478 758411 374800 488118 891674 245279 548588 335434 637720 326288 611091 570407 424711 583590 269416
 371659 419883 427290 389245 238945 92652 261382 155719 417449 566400 372135 245430 476331 546089 480190 376881 117557 50786 468917 311762 614800 478941 440644 343997 380793 329440 231789 295174 338048 457430 472168 497120 205665 246972 426650 382986 586332 495990 258041 1 525581 199859 317357 572006 259268 215066 550188 455528 453493 320535 372314 447974 434222 403775 137118 662032 84722 514759 539884 447266 206739 103686 539215 471403 79614 207067 529028 517423 246406 633792 281542 511839 583133 435606 73948 432212 317415 376489 391332 220120
 892017 713296 362935 284750 286665 452771 362286 385571 610546 1077602 882422 770013 49328 1015443 93778 148701 488128 530629 918597 646538 797209 851639 322961 307393 339149 336825 312689 341208 745161 982875 968267 102757 681576 486667 714118 300987 1110625 633820 554743 525581 1 389941 617350 827902 266441 381430 915580 979006 192758 719254 155368 966389 535296 847608 396005 900903 504179 964118 845259 710009 359417 503651 137499 548606 601832 446989 957832 929437 490624 858221 309731 18880 817048 918234 569297 935079 575735 149235 887703 317317
 558137 580406 228657 192041 147473 195096 293266 67572 541875 695134 502507 427827 342688 625515 321045 253782 108381 236633 667871 270769 508956 664916 438984 145742 181072 129585 84637 313536 527161 623016 581260 398220 296268 119525 585730 376612 761612 608732 399940 199859 389941 1 470189 500101 166340 258840 544968 611224 392701 332956 260450 591122 524676 458284 165489 818932 241684 575177 494860 599719 34285 127132 449631 558008 275769 64518 571681 712121 122426 549108 275395 372762 734994 529256 206255 550593 220711 255947 501802 188723
 429753 110821 686739 621342 401786 276059 257070 403798 121722 729447 568349 376886 577110 778115 620219 495440 427396 266618 327158 627374 932128 234386 355422 585771 635351 584142 448087 276192 153802 562136 678881 539495 488025 554093 115677 335717 635657 203394 71913 317357 617350 470189 1 887088 407811 251780 844731 585219 454003 622820 478214 605406 192109 674290 309648 349588 239416 768295 849747 131097 456943 417579 555321 223679 301512 504388 795659 316925 554388 950079 310017 612260 267538 666618 381052 633164 633544 491880 610561 340366
 707314 983425 475859 543902 646899 638583 783508 554979 989249 599343 507022 616174 790830 427382 736947 727005 477211 621965 933888 260245 107071 1006166 938948 522052 489604 493939 579446 808401 869749 669212 483863 871061 419440 380734 990886 876461 802415 1066759 830042 572006 827902 500101 887088 1 664398 742524 184594 629809 885364 279583 740318 581031 997613 322652 640760 1222301 655292 358128 76375 1014452 532898 480629 924688 1033784 591156 437608 312556 1010791 378055 68392 773465 809024 1148121 425484 506085 494925 279871 730695 458141 686590
 626478 516171 303120 223974 21992 189272 168619 131417 445400 817538 621915 503607 217285 771034 230428 117800 238199 265646 674332 435873 665673 632407 278755 199474 253082 210524 85162 174612 509188 716688 713388 245636 428121 285219 519451 217941 844332 498190 336950 259268 266441 166340 407811 664398 1 156937 709602 713816 227265 491511 113573 703229 404012 609477 131929 738775 243023 726541 661151 525178 132389 250365 293391 432467 335477 230790 727982 698465 288318 710736 130016 253159 652545 667718 307109 677506 386229 117246 632026 67546
 533792 359363 449882 376863 153660 122720 46383 193489 292709 772158 581239 426022 336804 761122 371750 247489 268408 190114 537213 490283 763341 480315 225609 346131 398461 350200 210690 80284 364922 643066 684754 321738 419421 368825 362553 169174 755965 352883 182024 215066 381430 258840 251780 742524 156937 1 750757 649463 256403 521081 232300 649811 265957 616530 101826 583297 150518 729082 724081 368438 234802 269712 353041 299191 267488 311843 741276 551809 370607 797282 78563 373273 497233 650334 286163 643391 465363 244428 604631 90451
 584205 928547 592301 643116 689220 633225 795736 583928 957884 425112 369036 518515 872955 247251 830775 794454 485652 594875 828409 274221 291593 923482 966554 610845 591828 580734 629549 825547 796384 520937 319512 940512 356780 432222 936639 904432 643431 1039180 798386 550188 915580 544968 844731 184594 709602 750757 1 478246 936854 230326 803618 427315 983915 188575 651640 1157657 634282 181154 111168 963752 579228 481668 992934 1021205 543831 480894 132096 912054 428488 236528 798017 896999 1090959 269213 476774 340464 339935 797265 314627 714538
 166169 620593 797630 795129 692878 539449 691923 596039 705378 148184 130373 224887 929680 271770 925577 830664 503083 462351 410196 479123 726798 547295 865123 748861 765754 724396 672577 726726 464691 44746 165451 952187 325964 572359 629011 815789 175764 783972 578575 455528 979006 611224 585219 629809 713816 649463 478246 1 902646 395620 827284 51265 772581 307228 591360 800335 499332 309952 557390 660973 633498 484886 992769 806833 385153 576409 359079 500270 568886 695370 725213 964425 756822 209088 411283 137793 556656 830614 172115 674543
 790172 539692 469613 381591 247914 364216 220172 355944 428022 1019658 825623 680882 174215 989705 246691 169233 461126 440330 772605 663010 877071 686416 130304 380914 429216 403263 308886 188803 595620 898178 923999 93665 644215 510103 539379 119321 1012352 443952 400572 453493 192758 392701 454003 885364 227265 256403 936854 902646 1 717770 150857 899715 346703 832299 317014 712790 403960 948824 886309 531346 358454 470972 101651 357404 517782 457200 952730 770884 513412 927720 178369 197062 630285 882989 515256 885158 610274 164487 842660 236179
 438873 713015 442786 469262 470256 402923 566375 361917 732547 420131 265248 338215 673408 305284 642139 586729 259113 366441 655617 90735 355212 727337 739173 428986 425535 399437 416590 596803 592317 427479 294074 730858 140789 236098 720801 677495 570863 813017 572433 320535 719254 332956 622820 279583 491511 521081 230326 395620 717770 1 593061 354724 754712 134494 422948 948634 404992 246845 229393 746192 366267 253243 781716 791920 321645 272515 238895 731417 232029 347449 571016 701387 877273 231662 247719 281542 176317 588900 232472 489421
 736863 580399 320025 231993 134945 297455 221424 240814 490213 930684 735074 615688 107356 879756 142621 21601 346967 375460 768220 529690 727816 710559 249623 230118 278506 253062 176487 208448 597142 829683 825264 137804 539143 371988 582285 202521 955948 527943 411621 372314 155368 260450 478214 740318 113573 232300 803618 827284 150857 593061 1 816772 428938 715620 240842 785808 348862 832808 745800 582426 226817 360599 189402 450168 447461 323316 831417 783996 375595 780261 168880 144098 700029 778259 420385 790053 469734 16598 744045 162152
 202094 648413 768468 770887 681862 535500 693572 581319 726650 125345 92946 233590 917151 222815 909024 818849 484016 460372 452516 440747 679197 584363 869487 725092 738910 699572 656724 728484 493354 95482 114761 944797 299042 543596 656905 817899 221830 806626 592937 447974 966389 591122 605406 581031 703229 649811 427315 51265 899715 354724 816772 1 789332 258979 584991 836840 499319 258825 508005 688610 615351 466543 987164 824428 382680 552112 307842 542424 539972 646116 723794 951211 789851 158351 397099 87093 520706 819108 125480 668086
 620571 223709 706903 627310 408398 359079 237350 458643 96260 914346 743978 556904 505970 947952 566529 449907 520572 389188 504862 739634 1025584 379827 220880 602925 656369 610915 472792 230488 341347 751672 854369 440249 631831 631861 220069 234914 827735 99369 198110 434222 535296 524676 192109 997613 404012 265957 983915 772581 346703 754712 428938 789332 1 827529 362864 366134 349736 930273 971760 201537 500561 517180 438860 37391 448327 575666 952098 474258 633332 1055413 275591 535923 283842 835138 507196 809192 725267 445215 781423 347320
 397014 751152 576865 603286 587695 494211 662838 478112 791508 297822 186119 331584 800832 170967 773125 711009 371614 441670 639834 223222 420281 737257 840472 562364 560002 533047 539772 695451 613390 346661 172559 852893 198228 369073 759427 780468 480775 873764 634813 403775 847608 458284 674290 322652 609477 616530 188575 307228 832299 134494 715620 258979 827529 1 524719 975197 483381 117193 251245 787782 490337 361350 902407 864889 379515 401070 125348 723642 365005 388694 675073 830078 911384 109345 330724 174223 309056 712804 135529 598523
 496033 420464 377254 315696 115214 57344 144725 97952 376388 703440 508868 375654 347325 676014 361758 248384 167231 134629 547562 388805 663250 519258 316837 277468 325986 274546 141078 173929 388591 591148 607152 360838 330793 269063 425214 255986 715315 443993 238142 137118 396005 165489 309648 640760 131929 101826 651640 591360 317014 422948 240842 584991 362864 524719 1 656049 111561 639378 622533 437137 147954 169980 402179 397482 207742 212831 648339 577940 270612 695885 150371 383684 571390 567557 199239 568144 364171 247222 525900 83215
 635184 242235 1030673 960110 736946 625535 572793 752022 295883 947180 831648 646828 869845 1044041 926768 805834 775339 611462 401605 965712 1274864 253073 585558 927906 979102 928932 790527 578359 361808 763566 935145 806371 808562 903075 235741 599958 774771 269792 418998 662032 900903 818932 349588 1222301 738775 583297 1157657 800335 712790 948634 785808 836840 366134 975197 656049 1 587936 1051201 1178022 219215 803996 764413 803231 358280 631284 853931 1087143 318012 903246 1287410 621180 900861 86285 941056 719421 890743 979445 801467 882990 673636
 390565 346113 468326 416474 226772 55166 194544 180872 334019 621919 432137 276939 456083 618466 473219 358043 187998 42241 438461 395182 694648 423320 372527 374652 418617 366236 244684 229434 286749 494239 537350 460313 285437 315152 352286 318874 611861 411789 175930 84722 504179 241684 239416 655292 243023 150518 634282 499332 403960 404992 348862 499319 349736 483381 111561 587936 1 591668 624411 370446 236642 178796 496938 386977 117504 267330 608706 474173 315311 716257 225986 492704 506875 506371 157509 495090 394784 356528 458216 186963
 439332 836855 683742 715476 704732 606404 775463 595146 887942 243966 223290 405136 917551 70662 888568 828122 488537 549531 691931 330745 464187 805566 953939 675732 670360 646086 656909 808581 691519 354295 145094 970083 309688 482941 845295 894550 466935 970394 734624 514759 964118 575177 768295 358128 726541 729082 181154 309952 948824 246845 832808 258825 930273 117193 639378 1051201 591668 1 281760 874971 607390 477879 1019556 967462 482603 517248 50629 779673 478871 415721 789711 946487 992770 111991 442954 176321 415056 829942 169200 714437
 642328 941921 505473 565167 642220 613705 767005 543448 956512 523164 437047 558104 805370 351115 756841 734313 455763 588407 875024 233818 182811 954986 929757 537888 511888 508473 577581 794107 821215 597641 408676 880063 369854 376260 949640 867123 728802 1035769 796407 539884 845259 494860 849747 76375 661151 724081 111168 557390 886309 229393 745800 508005 971760 251245 622533 1178022 624411 281760 1 974590 528773 456187 933363 1008517 549732 430587 236489 954308 373019 138167 762067 826439 1106341 351299 470141 421414 276290 737621 386578 675992
 496808 40406 812766 744076 521749 406504 363314 532843 106561 808701 664829 472741 674173 877894 724931 601367 558378 396482 324996 755512 1061946 183161 414258 710554 761223 710670 572890 374201 196381 631412 773713 622624 608623 685187 32091 412835 680106 145662 199784 447266 710009 599719 131097 1014452 525178 368438 963752 660973 531346 746192 582426 688610 201537 787782 437137 219215 370446 874971 974590 1 585035 548297 629035 214818 424859 635281 905980 279255 685484 1078213 414279 707480 136444 768998 508651 728023 764121 597327 711520 458830
 572839 567661 232327 183085 114047 186000 266387 55771 522534 721756 528003 443241 311599 656665 294090 220846 131432 237655 670081 305040 539019 659074 406820 139039 182094 129751 50528 284652 523389 643435 609660 364621 323506 152907 572610 344658 780153 586965 385753 206739 359417 34285 456943 532898 132389 234802 579228 633498 358454 366267 226817 615351 500561 490337 147954 803996 236642 607390 528773 585035 1 148871 415793 533092 285249 98746 604781 710379 155960 580883 245092 342595 719326 558858 224257 577837 254026 222832 529614 159219
 433397 522179 340269 317066 228386 158123 314220 119788 511316 574338 379810 302876 454889 520752 442561 359144 19308 153329 563230 222828 516010 581782 485937 270351 298103 249995 191316 343905 440569 495954 465203 495803 178634 143951 528749 424343 634568 587167 354599 103686 503651 127132 417579 480629 250365 269712 481668 484886 470972 253243 360599 466543 517180 361350 169980 764413 178796 477879 456187 548297 148871 1 543675 553555 163485 110622 482720 616761 143158 539747 317903 487614 684557 417713 80861 431429 216038 360162 384293 237876
 885988 639055 478882 393936 315336 453388 319653 424722 524378 1104987 909829 773338 147143 1064405 220807 199131 531542 531152 874196 719078 905057 787152 218015 405153 446519 431735 365304 289445 697241 990419 1004710 53652 720828 561039 638421 219844 1107982 533444 502199 539215 137499 449631 555321 924688 293391 353041 992934 992769 101651 781716 189402 987164 438860 902407 402179 803231 496938 1019556 933363 629035 415793 543675 1 445214 607747 512707 1019619 872242 564690 961317 274481 150525 722464 960504 596084 967507 657862 195999 923237 319099
 653297 241915 735583 654671 438051 395433 268019 492475 115938 949290 780223 592456 521926 984768 585128 471443 556617 426530 528203 776159 1060620 396856 228266 631863 685430 640925 503682 257956 369323 785123 890689 450993 669222 666539 237213 251366 858201 88790 234550 471403 548606 558008 223679 1033784 432467 299191 1021205 806833 357404 791920 450168 824428 37391 864889 397482 358280 386977 967462 1008517 214818 533092 553555 445214 1 485640 610081 989430 492394 668091 1091226 302922 550437 279528 871993 544461 845434 760659 466630 818098 378025
 292488 392598 500403 466843 315856 154359 311983 235201 414346 504670 314718 168231 552742 504911 559045 453272 181245 77696 399783 335017 645839 427730 489949 421099 455509 404971 311402 346849 286702 383486 420648 568064 187136 304891 400198 436264 508860 496062 255826 79614 601832 275769 301512 591156 335477 267488 543831 385153 517782 321645 447461 382680 448327 379515 207742 631284 117504 482603 549732 424859 285249 163485 607747 485640 1 273669 503811 455480 303529 656130 341163 588613 557250 392207 93445 377954 359239 452599 342307 290473
 539764 612842 231056 218876 211636 229372 349565 119062 585370 650276 461211 409583 400906 570189 372596 315461 92425 252225 673032 206685 451623 684812 501478 172987 191850 148003 148747 372259 544497 592138 532723 460829 253328 57470 618761 438933 733955 655744 436478 207067 446989 64518 504388 437608 230790 311843 480894 576409 457200 272515 323316 552112 575666 401070 212831 853931 267330 517248 430587 635281 98746 110622 512707 610081 273669 1 511368 724315 59758 488418 336047 429271 771536 478049 189822 504923 157746 317920 455067 249121
 483299 868514 663978 701303 706429 619157 787529 597159 914002 293544 265738 440324 912205 115351 879378 825455 491647 566956 734609 315441 419298 843902 964666 663402 654155 633407 654946 819902 726141 403180 194994 969154 323560 472593 876889 904298 517495 996391 758411 529028 957832 571681 795659 312556 727982 741276 132096 359079 952730 238895 831417 307842 952098 125348 648339 1087143 608706 50629 236489 905980 604781 482720 1019619 989430 503811 511368 1 821541 468556 368067 798541 939869 1026505 155860 455810 223713 396858 827562 210488 720549
 342691 250814 940625 890509 687401 527348 567160 654674 378348 642874 556449 396348 886979 760539 923094 799235 633137 475673 90074 773050 1082057 96158 669291 848792 891785 839459 717420 590138 189556 459847 649744 855446 593646 759913 255195 652613 457251 423843 374800 517423 929437 712121 316925 1010791 698465 551809 912054 500270 770884 731417 783996 542424 474258 723642 577940 318012 474173 779673 954308 279255 710379 616761 872242 492394 455480 724315 821541 1 758701 1078826 619761 922945 302888 667691 548198 608249 811175 796227 611236 632227
 549763 661331 228770 239251 269844 282286 408971 178564 639854 630097 447428 421733 446300 535820 410824 365992 129149 294922 702307 156086 392773 724938 560906 197385 200436 168282 204579 431967 583720 588814 508636 512098 243016 4071 667574 498407 732925 711697 488118 246406 490624 122426 554388 378055 288318 370607 428488 568886 513412 232029 375595 539972 633332 365005 270612 903246 315311 478871 373019 685484 155960 143158 564690 668091 303529 59758 468556 758701 1 428678 395778 472394 821924 450734 212629 484980 98336 368852 434330 308848
 775490 1047795 499224 573512 694262 696978 837060 607083 1050222 658931 573876 684460 823640 483416 765770 765722 535009 684120 1002175 322748 75418 1073271 987698 556340 519167 529638 625577 860627 936312 735334 546386 907694 486821 430990 1055160 925517 866968 1126851 891674 633792 858221 549108 950079 68392 710736 797282 236528 695370 927720 347449 780261 646116 1055413 388694 695885 1287410 716257 415721 138167 1078213 580883 539747 961317 1091226 656130 488418 368067 1078826 428678 1 824170 839408 1212442 489442 569563 559574 332011 769665 524199 737267
 612130 411530 432861 351889 138189 189710 52991 218926 325400 845034 652410 502749 267632 825547 311457 187227 312448 263477 610421 530043 784021 543414 168571 329433 383051 340140 207135 45110 435817 720009 753695 244154 480819 393319 413470 106493 834276 371661 245279 281542 309731 275395 310017 773465 130016 78563 798017 725213 178369 571016 168880 723794 275591 675073 150371 621180 225986 789711 762067 414279 245092 317903 274481 302922 341163 336047 798541 619761 395778 824170 1 303311 535012 716260 348449 713421 493642 183307 672863 86931
