NAME : domp200p66v9
COMMENT : Cherkesly, Contardo & Gruson 2022
TYPE : DOMP
DIMENSION : 200
DISPLAY_DATA_TYPE : NO_DISPLAY
OPEN_FACILITIES : 66
COST_SECTION
 1 716049 608273 707782 136402 71235 857324 189916 342979 436444 122124 602793 521400 756957 661252 514676 71802 624661 923688 261088 929814 692109 527447 282099 262095 106647 138320 745024 60948 708890 384305 463252 894044 560054 753558 476352 268366 1026477 194330 675920 129706 632796 1015464 793506 477290 135102 658104 1127036 1173096 540801 438314 659570 401892 405719 527289 521168 925955 542664 397807 868789 665909 726195 576155 531487 314018 708432 820707 474112 854892 429419 804206 370639 643196 657614 180154 595798 510528 776278 159008 580407 840053 422053 299481 589469 812027 296766 804524 938103 373296 348087 588014 639896 837870 561928 823998 250636 847346 598846 862513 776130 760724 950104 776565 712852 96253 788027 904580 345625 417302 180572 799104 675196 193848 805657 782418 297340 896038 479392 151104 743358 971205 626647 721625 564491 475252 735924 659482 524447 352259 566288 753823 530041 674950 601955 642356 268128 865376 582300 897641 616018 730494 606709 777139 530412 249828 614455 1007584 585059 166390 189651 529895 511030 44765 1092783 399318 628561 640784 575575 773135 953382 256042 674215 132725 513994 776314 857388 742152 275321 822747 629549 130835 111522 212778 142774 909192 48872 218246 1015429 827001 851719 231430 586506 911226 299238 613174 528513 718235 439718 493193 605741 432079 627478 324566 717896 751957 913494 231829 838137 465655 1067873
 716049 1 135289 343114 615518 729941 298805 776947 748054 309727 647986 393526 196896 57466 270214 212987 777615 216378 507979 459005 334057 715670 707937 585615 676990 822646 800659 294953 695205 919435 656986 621681 194943 368560 135196 301693 770497 380730 523177 113679 839040 325353 376514 532450 415848 802951 62723 563022 582080 237175 288995 792584 362008 539091 299075 619245 524888 286205 353093 212667 151993 424790 410035 231075 655752 143924 397855 666408 282912 504039 130213 572915 229802 406792 633921 120259 282407 167210 796679 775932 417045 402506 416740 211803 400196 531819 609233 295309 343347 417408 262904 636541 272994 157722 154464 784722 424507 134726 393700 662745 720545 445915 925034 705879 811476 556123 503981 802299 707918 679900 437254 648920 608362 102372 223771 473598 202133 236658 646649 204394 404570 489202 413045 429208 507251 209940 228444 755706 363973 151609 387565 265283 844634 837728 869694 544666 216946 861876 575602 537738 308003 416297 712023 788344 690779 171749 356222 133190 825337 874120 186224 358036 700104 488648 500782 579401 76421 501554 126648 302551 603209 69762 685226 477692 77247 406917 26449 454991 381150 863351 585601 604849 674045 655225 223271 731591 634762 420686 242915 245931 622422 342800 487056 608763 725091 381974 381811 716593 230521 411999 375290 864957 511436 697681 224464 197459 729803 223293 255872 488976
 608273 135289 1 256704 522403 614106 413766 693029 692123 253188 555473 274866 96703 155913 174522 162660 673881 256501 604339 347249 459441 732047 690820 522270 545587 713808 706074 377379 580775 913488 614342 597560 329685 242258 249672 268977 699929 514605 413997 189544 726057 215978 509658 594829 399179 707516 112153 689508 712433 102028 218491 793112 231588 403806 165636 608135 619119 287061 225295 344757 218178 333497 286393 212284 599158 112526 342248 641696 400053 368917 262472 437841 128816 299499 509015 74359 265017 283351 706005 762610 507871 267549 311619 230545 340803 400509 663728 427533 247461 288822 284888 650486 267563 113168 286893 710077 516003 136138 493923 703804 750807 557828 931343 727830 701651 613980 596680 742384 668774 553942 514451 669387 527123 237583 207040 401963 287844 144876 524180 300881 527174 514171 472364 303677 490623 302546 136145 733443 260248 103334 310137 255778 841817 821577 857423 475224 262988 839089 655833 555679 236366 297818 746865 763919 560070 202821 490355 56702 704377 755083 108503 225085 597910 619302 365532 596515 72834 511929 250593 435947 472815 146342 596048 472414 212186 363145 159756 366956 473138 849408 480541 496952 598322 566919 358556 618299 559716 548673 359895 368858 493413 221276 583902 475782 723898 251461 444003 681178 115876 436888 337342 850417 378797 721709 187836 318304 655665 244786 182782 616133
 707782 343114 256704 1 665425 687391 641724 841477 883982 478765 696705 122011 323161 317434 82528 406120 779379 512948 848693 470560 671484 980782 921107 713853 546067 802121 831798 627088 662116 1147906 824698 825137 495838 150661 478036 508772 870844 697097 532406 436085 800426 75656 696704 850967 639432 831226 355450 895833 906773 218822 437582 1033267 316122 356704 191912 844587 864843 539214 327416 543356 469321 81755 153208 462704 794583 200764 113898 867417 625516 317974 465361 402508 128055 89563 555899 331051 512288 510322 840247 994151 754975 285915 459266 487005 106473 425283 920427 621906 428047 362413 540928 899134 184384 366376 487666 873957 762803 392805 735239 959523 1004087 788894 1173272 978700 787797 870536 843209 926926 880564 589734 767159 920256 691884 422897 166363 593097 349377 361246 580677 542734 743518 767889 728486 173883 727157 546512 121350 958692 423134 356998 56408 506353 1079261 1049877 1088080 662323 273348 1061593 908201 806958 47446 133273 1001288 986632 564551 459219 672028 311901 750176 805382 348764 196763 713335 814206 336946 847008 318812 761253 469058 624612 491607 387899 740733 715894 409376 149665 354983 537998 719409 1078930 600651 607486 766882 715602 533170 699948 732010 753174 585758 586720 518900 121390 827870 470569 964068 183126 699634 896207 312694 691428 568044 1079465 396174 973324 140789 436761 823274 228766 406996 821695
 136402 615518 522403 665425 1 194751 730023 176373 260456 318093 33079 575519 428820 661609 606648 405720 173503 500614 788042 194865 803559 568352 413106 152510 333496 230798 185184 614671 164347 613747 269579 338752 783173 527420 637083 352009 214938 903483 136673 561836 262615 589941 891827 657228 341566 187441 554740 995205 1042664 472445 328195 547974 349305 421134 475083 394523 790010 414744 338927 750993 547576 698462 553364 412905 203096 630048 779208 356158 728759 433489 691515 397973 580674 630896 235151 496927 385468 657262 183615 473482 705628 391092 214163 467761 771855 304925 669760 816576 275762 307239 460515 510981 771753 458065 709775 211978 712793 489916 729528 644527 633901 817226 673964 587052 224607 652106 768773 284336 312237 260812 663521 546059 65137 698252 713217 165455 805899 382698 213607 619797 841701 490550 585943 546557 340006 611741 596768 419285 262838 463909 716651 405689 570296 504610 546280 132040 785019 492976 761272 481398 680101 584432 648864 431503 327765 496406 885668 490025 300193 326036 431069 474107 99518 964341 401796 495857 543075 439954 658517 832519 296145 566430 75733 377865 669133 813553 640806 160709 689404 533876 79881 93173 119770 50794 795006 178793 103327 887334 702975 728772 280704 547887 775894 341515 495383 498795 583395 334559 407037 469688 300903 532412 326279 591109 685206 811786 167294 762925 359814 937735
 71235 729941 614106 687391 194751 1 892783 257977 414213 467978 187407 576466 533185 766852 648079 537552 119929 658290 972429 271112 963778 759254 596790 345806 201692 117146 197157 784746 36445 780111 453177 529787 914082 537311 779219 512132 338780 1056610 209833 700335 114293 613851 1046297 848836 527887 192514 674692 1167563 1211474 537677 463762 729555 394745 364245 515586 586949 975780 581071 394238 894781 693948 698159 548142 561416 383185 708138 798512 542590 889062 392426 826337 325007 634694 630058 136085 610215 546460 803968 221876 650884 885887 402677 316150 621299 789241 264673 864013 967163 392810 337622 625502 704672 828868 580332 847233 319999 893432 620270 905596 839151 826664 992745 847545 779215 102246 844963 953911 415998 487677 121654 847926 739868 257040 823657 775779 344258 901192 494824 108346 775528 1008880 683148 770983 534349 534172 768763 650816 595024 367975 583591 730162 565039 745728 673095 713546 325851 864566 653526 952005 675827 714030 577844 842356 601438 187251 642814 1036717 597124 108538 146999 545519 491712 115171 1128750 364224 690598 653718 633583 797084 981733 210956 693800 203226 570593 794398 836042 756331 310255 866578 700744 161897 136922 282953 210507 931841 23915 285620 1051203 859107 882607 183844 566253 959050 250071 681947 505050 765377 510138 501716 656847 475544 698685 293750 783823 744266 926470 303008 834455 487453 1106100
 857324 298805 413766 641724 730023 892783 1 852866 761513 425190 757332 686850 422718 329788 568588 373257 903526 234814 223507 636984 75042 572903 639685 637819 897366 959581 901079 124401 856341 805372 652458 582074 211305 656021 165511 381247 815295 184979 686753 229352 987019 621875 170786 315050 412969 905365 301633 285108 321123 509543 435666 675626 598615 796705 576030 551404 242782 315312 583260 129636 214938 723454 699999 334451 682311 441450 687915 620859 18377 766825 182989 822296 526871 704367 831043 356101 346956 132157 887549 691032 154838 657099 587144 273180 691697 758762 397564 120377 512451 642963 269616 510206 545119 355073 165927 837747 159119 308718 113252 473149 547318 147177 784454 552210 951881 344918 225963 819261 688508 878010 204795 506213 696602 231583 508468 564852 395172 435455 835048 123346 119896 369697 235369 717440 475698 127423 526693 692851 542161 358105 684606 327883 729943 752764 773351 617124 457826 789341 314596 421708 605157 709825 529989 726623 907320 260139 174772 379213 998986 1039192 395037 635113 828102 235969 756135 456224 340942 411937 172759 138265 822379 267544 782624 429767 236211 691036 287537 583378 125453 771217 731983 756227 741296 753834 182676 886961 705473 158421 55989 63662 834958 634121 203154 840127 619529 663865 210238 687756 460460 319703 430210 773988 745590 540520 516585 305010 787086 484824 421336 216609
 189916 776947 693029 841477 176373 257977 852866 1 176700 469695 144777 749162 597690 826064 782984 564167 149201 636120 872219 371026 927822 561601 385427 215444 451065 201417 80159 731080 250064 536353 256834 347915 933019 701887 781898 492719 88312 1033628 310146 711180 245240 765922 1020790 719974 441931 87057 714836 1099661 1151890 647948 488089 507235 525419 577938 651417 406916 870385 544833 515284 892117 691531 872617 725886 560309 193568 802508 955315 342757 854515 595782 840371 547998 756538 804639 363206 661181 523213 797967 51203 424324 801596 564368 389317 608544 947855 463036 712297 950595 445612 481592 589799 525963 946664 619498 856466 63862 807752 646334 832948 667363 636047 919541 610035 586829 207389 707786 851427 162365 269412 369777 751139 560538 168598 852769 887690 305171 972296 550321 335264 753234 956470 555117 674701 717767 403315 744102 772576 368634 436051 626334 892287 543946 512880 433953 472039 239532 956008 407672 825060 529653 856474 756983 656318 366701 439446 642032 1018116 656699 325836 321702 596505 649040 154940 1080731 564350 530305 707397 500170 805464 967536 436308 722480 100769 449614 824237 989817 801310 326213 791917 459172 244542 244791 111580 127439 940657 234085 148257 1005646 833854 861384 414341 723330 863460 481308 473017 672571 679725 289777 578863 558077 428343 456593 487811 594429 860226 970285 76335 935723 522153 1049149
 342979 748054 692123 883982 260456 414213 761513 176700 1 442832 244575 809985 595980 802539 814703 540490 320396 570740 742816 430239 835906 390382 212592 171306 588133 376699 256839 637112 396657 366096 110800 197311 876807 759606 722546 446771 90293 946321 387398 662219 420420 810860 932287 579062 354617 263734 685642 983139 1039110 672239 473872 330601 576055 679039 692795 251345 738037 479338 561045 823355 635023 929028 791687 517803 93096 804647 995140 178718 766568 688184 785319 657912 780663 864081 491812 643886 469915 731815 227749 247625 684317 630857 427764 552398 989321 563402 558932 870276 458500 546356 519517 364400 958179 598157 797349 119046 689359 613330 721622 505095 466298 804708 436147 417198 381320 562535 721345 57779 98583 510474 628291 397450 206589 807239 897614 293354 949879 548192 467466 678848 853182 423428 556102 788195 286671 668708 795643 192008 460870 606745 938544 489390 337135 260305 299970 221925 948438 239398 681884 387670 889774 822158 488035 190874 579990 590914 934097 645700 496151 496876 585727 705347 299797 976518 656691 379250 688054 369313 748551 888114 556219 684860 213764 333758 780763 1026135 769500 346291 681101 287113 340116 352645 141193 217613 877382 391390 162547 905044 752973 781817 539536 774369 737044 601721 299269 734297 567774 116251 587823 446375 373607 284898 582873 425869 874356 929260 111792 935937 509743 940350
 436444 309727 253188 478765 318093 467978 425190 469695 442832 1 348878 441762 160906 361976 399919 97986 488973 190429 532295 216735 495803 510284 443259 276669 487254 541270 500445 322696 431538 669357 361233 348058 465810 392476 319092 52876 460834 590169 261788 243973 565523 414979 579357 451864 164994 503515 247055 703667 745148 260524 42097 555033 240331 434306 305901 365914 540077 123230 220266 433485 230063 541461 435780 95251 349792 364898 580892 391399 421115 417139 373750 445108 359076 487214 411098 201072 83765 340263 493244 516063 437632 312472 166930 153479 577256 361836 499475 501660 102337 259338 162707 429703 520735 155605 391712 475069 445812 176920 448811 515107 544601 533695 695381 512502 532307 460523 516829 495358 415587 457403 413096 455166 301476 383280 460227 164708 509579 117753 412319 307744 542445 319318 343808 442448 248831 300819 372031 483207 132548 163994 535169 99360 600517 573073 610417 234964 505628 588030 541176 346359 472600 460785 546875 512762 494483 178677 571143 203555 573815 614711 144847 344883 411569 661101 395148 382791 245626 297079 340445 516990 414681 252814 382250 242792 354617 606900 333126 161223 412598 601669 308270 331930 364745 352128 476921 463088 325481 583548 391405 415545 422321 392730 515753 441389 485999 379483 327730 428156 166129 255123 89353 602397 357381 509125 440031 500746 420168 494278 72644 639875
 122124 647986 555473 696705 33079 187407 757332 144777 244575 348878 1 605158 461811 694362 638766 437681 147602 529429 809074 226327 831200 571848 411045 159976 343956 207356 152706 640694 161230 604262 267060 342404 814423 557509 667536 381153 190412 932123 165833 592818 242163 621146 920282 674060 363203 155226 587038 1019981 1068253 505153 360210 544939 380671 444005 506818 399791 810392 442369 370765 781058 577778 728403 582432 443334 197952 663110 810551 355824 756520 458310 722570 418527 613220 660602 247239 529602 414261 687159 150538 468169 728462 420460 247060 497317 803079 327803 682988 845695 308752 337181 488190 518085 804569 490434 740560 184519 735475 521731 753681 654014 639491 841380 667370 591902 202725 667641 789493 262878 305341 267750 684787 553358 72024 730014 746113 192592 838816 415592 223225 648554 867914 506772 607113 575016 354341 640318 629339 413021 295907 496387 747547 434647 564301 495594 536939 149748 818098 481117 778670 494495 712018 613526 655526 422780 336541 526758 914627 522894 288478 309419 463813 504477 79883 990965 426640 506485 575777 454927 689287 861799 312887 598277 44140 394377 700946 845113 673194 193010 713305 524351 103158 110033 103935 26963 825725 168587 98646 914165 731482 757578 295229 578624 797477 358530 495319 528482 605888 327855 440116 490169 327332 522666 350517 596649 718009 844040 143992 795967 392180 963548
 602793 393526 274866 122011 575519 576466 686850 749162 809985 441762 605158 1 306440 384163 136040 390054 674586 521052 878487 383265 727406 952042 872057 643897 425950 692669 731950 650328 553549 1099740 762698 775598 570436 51099 521541 481514 787021 768567 439329 464373 687997 74356 766070 856261 606746 730766 386335 956540 974173 194490 399733 992392 234138 235307 136478 802672 892839 526165 250259 604980 491660 123854 31227 450517 724446 268299 224325 815504 672369 197089 523163 281245 165979 55486 442456 342615 493072 555161 742983 945106 781407 184798 382597 488458 214363 311994 918871 686842 369674 268322 538167 871340 300907 365490 547066 787074 789626 402632 768707 947942 984103 832041 1133008 953754 678058 872361 870170 848426 818329 473551 784075 896034 609831 487293 270376 527690 449023 331488 468535 575744 797258 752189 735080 52195 688008 577350 172031 904816 356901 357707 154831 492068 1034890 997246 1037046 591811 379444 1004127 925072 785232 163139 22987 984494 930343 444615 469073 743566 319909 633331 688680 336666 104921 612751 880741 218155 823152 346949 736942 518620 692321 374838 420584 649246 684542 468038 262661 411724 465717 747072 1026999 505016 508515 684315 626294 605366 590660 652053 814106 632054 638306 402533 54239 858177 350966 924113 76728 708887 835845 282687 679435 529489 1027114 282823 949917 239227 525427 738973 336443 375807 882466
 521400 196896 96703 323161 428820 533185 422718 597690 595980 160906 461811 306440 1 235591 242208 84552 584888 220404 587222 262522 480095 657830 603299 425802 488352 627755 613392 358369 498621 828364 520422 508603 386069 262418 271680 185725 603276 552221 327558 195317 642881 265681 544869 550581 316703 615120 145192 706927 737248 112456 123440 711248 177722 374010 173004 523603 599653 220665 164532 381949 208899 391556 308325 144356 503120 208992 421448 552158 412212 344879 304591 400277 199638 344338 438739 78765 190261 302964 612166 675825 488855 234553 222101 184558 418329 344537 612437 462120 153060 227800 232102 576227 362473 68199 327777 613635 497265 114085 484033 643311 683464 557907 850854 656430 616218 566089 576419 645883 575323 485176 483885 598078 431089 293649 301858 305281 377373 48174 450421 300605 541648 448711 430271 320483 405814 298837 211889 643989 169497 64634 379250 186771 758280 733494 770410 378541 358727 748927 623492 485276 313205 327951 682106 673660 500862 172676 529420 63965 628596 677226 31043 226329 508009 646073 333418 524792 120556 438747 282035 473576 413467 170841 501609 392802 264912 446483 223330 271482 456593 761886 391780 409910 501859 472208 408652 535261 463170 571298 374175 389849 430652 253236 567798 424455 641964 259441 405341 588503 38163 374272 248401 762697 327683 651457 280051 393367 559149 341488 88563 635926
 756957 57466 155913 317434 661609 766852 329788 826064 802539 361976 694362 384163 235591 1 252714 264238 820340 273057 546476 497336 354285 772046 765342 638565 700854 863246 846730 342216 732837 976812 712866 678811 186704 366208 174769 357062 822603 384677 562952 169095 877631 312128 382743 582375 472993 848747 117417 578750 592036 251964 338287 849816 387449 551614 307464 676702 564205 343591 381090 225962 207250 398815 404289 286926 709955 118198 358392 723554 312630 514781 148875 588356 218245 389659 664625 164995 338938 203030 843960 833394 459076 419456 457685 269268 361965 555962 660497 305461 386891 444728 320193 693221 223168 207272 170468 836028 466157 189883 431776 716285 775475 476259 981904 761771 851600 606944 544187 856298 764196 709734 483941 705062 657714 105565 179697 524508 147618 279426 679237 249282 426555 545360 464634 424817 564541 256156 212881 813002 405033 199929 356494 322180 901953 895175 927158 596356 159953 919200 620037 594328 277646 406263 766359 845583 715583 229193 359626 172296 859140 909244 230550 364182 743282 498886 515016 635960 118742 558665 158833 309455 628474 127122 732699 535155 93687 363500 47810 501849 423235 920815 627343 645450 724870 702864 221204 769881 685622 435973 274141 271529 649284 337060 525545 630157 782416 383980 433108 773174 265157 468457 430695 922419 533617 753379 186912 162415 781103 169514 303912 504547
 661252 270214 174522 82528 606648 648079 568588 782984 814703 399919 638766 136040 242208 252714 1 324387 732020 430984 771279 412973 602963 899131 843059 643697 526407 759893 779336 547648 620077 1069241 750814 747472 437370 134881 403567 427922 806719 637123 477690 356930 762242 61703 635429 769222 558893 779311 276290 830143 844717 143142 359342 953281 260640 346451 134029 765135 787004 456870 268325 477213 389126 159637 161336 380447 724020 134833 181994 790247 552979 306798 396869 390237 45706 137275 521901 248802 430445 436520 785538 915945 676551 247247 395504 404580 177631 393867 838190 557852 356427 313205 458427 817462 184186 283862 420102 811654 684488 310657 658579 876996 921754 715449 1093015 896700 746041 788501 765081 859643 806545 559894 686853 838239 627947 357647 141060 522002 314172 282167 544369 465312 674200 685473 646739 183384 647475 468534 41932 881814 354962 274473 137584 424133 999879 972464 1010189 592796 248097 985519 828093 724844 75071 156630 918831 910378 544036 377276 612042 229423 719949 774449 266972 161744 662470 751507 318767 765022 238686 679400 396860 562161 464525 309465 682367 634942 340938 211459 285109 470618 641195 1001281 546865 556378 702660 655948 473219 658392 666587 687322 512855 515963 490518 100463 750552 450594 884018 163211 618132 821492 234631 608936 488908 1001924 365763 891211 108255 389479 759695 207180 327615 755905
 514676 212987 162660 406120 405720 537552 373257 564167 540490 97986 437681 390054 84552 264238 324387 1 572287 149945 517402 270187 437858 574747 528189 374624 524172 621028 590294 291800 501568 751017 456250 435239 379503 344816 242054 106333 558367 522302 327720 162851 641492 350151 513019 469277 236971 592907 150677 657969 693582 196799 77543 631536 232652 434643 255127 445672 528457 136266 215151 357511 160894 475812 390469 60678 447520 271579 501100 479528 365577 409726 289634 455013 280540 428825 461078 103619 106202 268439 585074 599951 419264 298970 222109 110495 498644 386049 529157 432060 145178 271367 151428 493081 428196 57675 309923 572014 427699 84471 419930 558824 599123 498886 770424 572666 610903 483703 505038 593282 509741 508196 408413 514251 395571 292697 368130 260670 411783 67415 467755 250177 493115 364168 350492 401433 328050 245896 291548 571175 172602 66357 461893 102280 679698 658978 694764 332160 408298 677021 546088 401183 393367 411241 597592 601943 534386 113122 501341 108900 639425 684276 57421 305322 494455 605199 393873 440977 147670 355138 259554 445814 449139 160789 473624 311470 263503 524162 237145 245154 388990 686760 384017 405556 461135 443527 394875 535853 421855 528437 330830 351174 462168 337248 498752 467506 562253 339321 327220 521121 109529 289832 175740 687781 374328 567479 350389 406810 517084 398498 50310 589725
 71802 777615 673881 779379 173503 119929 903526 149201 320396 488973 147602 674586 584888 820340 732020 572287 1 673703 955659 327840 977042 691474 519986 297923 321450 62249 78489 787821 126551 684296 381190 466921 951570 631823 807906 524987 236152 1076562 260598 731487 103170 704312 1065023 817015 510428 73253 718481 1167542 1215607 609608 495046 647657 472102 475193 598001 526179 956542 588246 467264 922456 719013 797963 647896 584179 311433 775959 892391 471021 902226 499987 860705 438706 713094 729387 247537 657614 558642 829081 105698 565975 875884 493743 362950 640225 883745 367831 821004 989280 434284 419046 634012 646309 907630 621819 879708 213060 882851 656752 901282 785693 763193 988981 756375 714432 62413 809015 935890 311511 405566 240743 831576 681580 215951 864673 851668 338834 961174 541422 218397 792871 1014959 649537 753902 636105 495876 784930 729390 509791 415399 626757 825585 578746 657395 580329 619252 296259 932787 555888 922072 633300 801682 678419 781448 511212 307179 667648 1058500 648075 176805 178279 591474 582652 77832 1137749 470172 641340 703128 596479 828564 1005051 323809 732818 135049 537978 835380 929010 803479 328482 860901 606370 193379 177984 209290 157658 965013 97186 227156 1060788 876178 901774 298086 658146 944379 365636 607354 600304 753241 427294 558257 636688 474151 603934 395864 720674 821508 974967 209793 906494 524347 1110804
 624661 216378 256501 512948 500614 658290 234814 636120 570740 190429 529429 521052 220404 273057 430984 149945 673703 1 368185 403196 305597 499335 499968 425631 667723 728198 677254 141931 621846 705408 469269 419775 306135 480199 151923 148737 610273 402878 451946 105082 754195 469936 391344 338387 218546 681039 169155 515411 555275 327606 202502 577491 382591 584549 391902 409656 379904 92362 365047 256399 69190 589920 526174 101176 482996 337440 591368 463761 230795 559129 215346 604708 385286 552616 597737 182499 115178 162685 666357 565347 269856 448199 353205 40249 591393 533084 407905 316384 279815 420035 52234 420193 484641 155906 226609 629568 278293 120542 270239 452787 506516 350749 708858 490018 719915 357594 356572 627721 515310 644540 263848 432776 473177 243040 430322 337381 407526 217017 600850 119184 352725 273128 215979 539602 304095 111324 391808 549876 310111 163371 565501 94959 630092 627833 657958 396745 433009 655039 404268 321361 489402 543367 499512 583316 676691 53731 385202 203420 764241 804897 189426 446630 597242 470681 543765 363024 198420 286077 178321 332729 593313 147177 558103 268546 220063 607085 228297 349716 239094 652314 497971 521966 525753 528540 307644 652950 487922 393131 202543 228174 604181 466895 349251 614460 510702 479410 188307 520630 253753 195666 207813 654153 522870 482124 423007 365261 576280 438807 192975 450161
 923688 507979 604339 848693 788042 972429 223507 872219 742816 532295 809074 878487 587222 546476 771279 517402 955659 368185 1 747235 242326 450221 571554 662824 1019226 1016365 934780 229280 937037 683158 633164 546243 431859 841635 373342 479986 814884 327066 782581 415319 1050464 819530 312384 174512 446481 940231 495441 252210 313172 689605 557781 562545 749640 951662 755564 497958 20205 409087 731525 351624 386853 929716 887204 462700 682527 651812 904280 573937 241873 927097 404075 969704 727227 903091 939157 536320 448906 343484 915219 602791 98395 816244 698204 406938 907268 892474 237299 315279 633015 783401 373379 413270 766004 520383 388759 841485 89972 478315 114702 321591 400296 109724 642742 422617 1011657 200722 21663 797683 652931 984212 124605 394706 739760 453247 726172 628269 618511 584772 936652 306040 194370 319925 202100 902302 468923 302814 729580 622313 663755 526434 895175 436334 613352 658113 667749 659502 680933 701287 109744 356797 815692 901320 377054 653210 1025825 414727 333803 559374 1080965 1112873 556537 812148 887080 281454 910971 374623 534047 374784 387689 328551 946971 461886 823522 422761 454419 909861 501364 668321 131493 669162 811910 837475 764531 798299 399466 961544 735139 240185 275558 287097 954027 824428 20946 972908 522927 843956 207916 644908 621645 318975 498758 672622 885215 409457 731307 526158 798482 706641 556542 235096
 261088 459005 347249 470560 194865 271112 636984 371026 430239 216735 226327 383265 262522 497336 412973 270187 327840 403196 747235 1 704939 646846 526719 271986 272554 366598 367658 539095 236202 748692 398570 434539 643449 334163 512081 267810 403801 792355 67250 432671 380397 395086 782859 652533 332463 368088 403624 918520 958043 283133 201346 658242 154440 266437 280530 476710 754096 339232 144668 627355 429916 505223 362934 302581 349796 448124 584350 467263 631213 266087 556656 260302 389287 438321 194702 339136 300369 538554 372692 596869 653683 201016 50049 363970 576992 164393 688179 702194 125427 116281 379406 574173 582614 309812 578087 404664 661791 351012 665541 686778 698343 750209 795371 657643 354586 656447 731047 465918 452003 241374 626071 605927 226909 552668 525470 175129 635074 223792 198290 515948 755754 501133 553609 358340 380640 510286 405531 549327 97908 312742 521943 315854 692378 641201 682659 221565 604951 640452 748096 512701 485849 393758 706832 570112 278599 379875 771516 326483 369921 416455 274449 280350 253620 871801 236051 540604 382914 463542 528559 716000 202739 423371 270258 399181 523441 618796 485363 106426 629238 671374 135907 150054 301114 245132 662179 272741 269756 794475 598518 620220 207078 353405 731234 235871 594984 306700 540657 471863 232582 451989 258489 670804 171913 657877 496105 655871 355777 578988 219907 853134
 929814 334057 459441 671484 803559 963778 75042 927822 835906 495803 831200 727406 480095 354285 602963 437858 977042 305597 242326 704939 1 633805 709714 712825 961435 1032639 975596 198986 927337 868096 726578 654858 200244 700339 211082 453462 890265 112088 756592 284781 1059450 659285 97248 365949 487996 979830 349007 230068 257205 558752 503755 739288 657556 852525 624440 622403 262531 388870 643204 130180 277178 753009 742975 403323 757187 471037 706506 692937 74924 821060 206309 880304 563711 740095 898139 408827 419305 178112 962289 758805 200570 712753 655383 342666 711384 820937 446535 73140 579783 704411 343066 575012 556783 413880 183842 912770 202165 367477 152845 526050 602453 140828 842825 611440 1024711 396297 251149 893628 761776 945215 258541 568432 771051 249529 527107 638630 391664 497373 903225 189028 72641 438715 301394 761506 549754 195173 561564 762912 608954 415730 710367 399810 793324 819957 838923 691771 462406 857661 345942 489834 631840 750230 583383 796520 972049 325512 105941 431281 1069371 1110460 454096 683915 901292 167348 812314 522615 387251 483095 209284 86407 886261 316153 857009 503510 262361 705584 317863 655213 179875 837359 803563 827552 816257 828107 163822 958546 780345 91234 107090 90999 899943 676070 224624 901992 685538 710899 278984 760484 518217 392586 504383 840254 806352 599288 539551 292908 862127 494665 487042 156937
 692109 715670 732047 980782 568352 759254 572903 561601 390382 510284 571848 952042 657830 772046 899131 574747 691474 499335 450221 646846 633805 1 177861 416063 888865 752319 639851 469146 731808 235458 310309 229691 758312 902679 623933 473096 479782 742206 641825 603054 794614 922051 726711 278519 345297 646587 666149 701709 763079 766871 552312 112714 739893 910820 816026 174946 437434 445208 720051 682358 565142 1048558 945575 519993 380411 829692 1074146 220528 586105 903860 684598 907135 855074 996815 791145 660696 468743 614360 612468 170050 437364 810795 614467 510040 1072299 810511 216813 693165 592362 740533 455553 81676 981807 618885 684575 508866 438083 604251 484966 137481 76948 545296 213968 30796 753876 250129 429707 430428 292931 824578 376541 68344 503673 725330 925411 472729 900113 623353 775055 552574 618774 226881 339324 951227 269674 542366 865519 210760 614037 628714 1036632 476345 163314 214461 218389 448741 931902 260328 355783 178319 967216 971004 101158 232163 886958 547240 739608 675383 857418 869287 632159 854182 647641 726739 876594 136673 689729 220133 650419 710856 834211 646473 562014 267503 708471 1094807 726311 540545 453953 220974 630638 652972 483139 549403 741671 739943 473947 671561 593611 620513 827612 902600 453987 874742 94197 888588 368120 274131 672883 303675 423413 224642 818493 43388 914177 839491 487390 937954 577835 682130
 527447 707937 690820 921107 413106 596790 639685 385427 212592 443259 411045 872057 603299 765342 843059 528189 519986 499968 571554 526719 709714 177861 1 266646 743853 579733 464499 519999 572263 227734 144008 96496 794410 821130 645436 421982 302275 821731 507482 603635 622684 854746 806678 398733 294208 471307 650184 821454 880732 702302 483763 135191 644713 792797 740621 90974 563140 421755 626106 727690 569140 980214 860399 484890 213606 798623 1024145 59594 648970 792159 709491 782139 802293 921766 645049 627161 430795 645141 436528 73179 531679 711324 504260 496465 1020495 684292 362360 757495 502405 633011 448780 163959 955131 581367 715563 331303 534941 580191 575173 298915 254134 650113 268731 205258 582300 376831 549934 253558 116016 673739 470995 192920 348147 742187 895582 353911 906074 560956 625711 585199 711652 271236 410178 862295 201761 574520 815060 53199 517357 591141 977487 445100 165764 130898 167160 309725 922819 155157 494856 221950 915847 888511 276582 86957 739603 536886 814073 636503 690253 698264 583357 768934 482682 829972 762603 197173 664652 228547 672747 775713 696786 638821 395133 231476 719996 1049781 724197 422469 537519 158653 483367 503191 315056 386549 786009 576085 312531 765115 645505 674397 686308 827423 569862 739948 87687 801924 430740 96382 608650 324632 354899 159601 696921 214584 878576 863409 312584 920331 515812 789120
 282099 585615 522270 713853 152510 345806 637819 215444 171306 276669 159976 643897 425802 638565 643697 374624 297923 425631 662824 271986 712825 416063 266646 1 477751 360021 272099 515699 316651 480163 128385 186755 727804 593102 574624 288542 186211 819392 243007 508011 398256 641337 806351 519359 226530 277457 522898 885428 937019 501064 304856 401729 409853 533444 523309 242016 662410 333434 393791 681991 484801 761133 627230 358937 80846 634747 824478 207899 639857 537055 635222 519143 609380 697248 379047 477116 316057 588277 253911 332128 588429 468852 261617 401220 818831 421589 524138 737516 287333 385692 377464 358887 787513 432151 649688 204034 594847 451428 618432 494061 481436 705389 533134 434544 357742 511094 642500 220121 180256 409749 540038 394067 88775 652225 727003 122048 786182 377813 360843 540869 741056 351965 462830 625321 198100 531443 624342 281128 290887 440313 768771 336537 429132 371537 413307 52088 780722 368634 624545 335900 718758 657229 496654 299433 474164 437247 804429 477432 448431 468195 417009 538983 239278 865305 506350 346604 522147 298599 599325 754704 430341 525437 163063 241360 624612 855154 608276 178187 577446 401620 217275 238179 104060 141849 732631 328082 72366 790210 620322 648216 419674 606167 652873 473848 345622 569171 465995 200662 416657 345456 218905 400792 436667 438632 703368 772689 150731 766686 340727 833974
 262095 676990 545587 546067 333496 201692 897366 451065 588133 487254 343956 425950 488352 700854 526407 524172 321450 667723 1019226 272554 961435 888865 743853 477751 1 310921 397597 807002 201269 947054 601666 662713 871205 397983 758117 539276 524063 1039863 251351 679512 290493 479422 1031962 923329 600038 393343 632550 1181711 1217689 450604 465933 879043 314983 192174 407099 714058 1026401 610425 324788 870123 684299 538949 395108 566622 536501 617110 649485 685549 889699 228995 792764 146574 525886 474244 98815 566220 570970 787876 420563 806365 924882 286599 321065 627639 639123 145201 954797 949506 388758 260723 648928 823238 710359 550162 816092 509582 933065 595766 934633 946070 948288 1017858 1007179 904073 296171 925840 1003294 600530 645719 81538 898524 856997 397064 778170 665097 424766 817114 464507 120732 774347 1017165 767704 826142 377005 634968 769953 540650 752587 358094 549978 579740 585181 903358 837998 879606 440287 765848 824963 1020134 773581 581145 421267 959893 764919 19019 637251 1017394 547435 216329 270761 510445 364976 297017 1128730 209487 797126 602455 725962 770098 961496 75219 659185 375872 660805 750384 687999 702879 364855 899368 867146 260530 241145 447890 370854 896030 224312 436792 1052306 854350 873249 65583 431316 1002922 75928 823160 366274 813080 668013 450957 723038 529517 865610 167656 906259 632139 863059 482261 729273 476249 1113889
 106647 822646 713808 802121 230798 117146 959581 201417 376699 541270 207356 692669 627755 863246 759893 621028 62249 728198 1016365 366598 1032639 752319 579733 360021 310921 1 122691 845264 140100 737594 442210 528654 1000477 652571 859231 579537 289708 1130680 300328 781899 43825 727997 1119434 878913 570543 115984 764750 1226001 1273346 643714 544440 705896 502818 481085 626455 587979 1017517 644344 500161 974292 771141 814774 664640 636478 372786 812532 913889 531793 957738 509568 910438 441148 744112 746547 253225 702390 613502 881458 152527 623652 935650 516531 405993 693742 904776 381322 883250 1042732 479941 447243 689972 708148 938786 668556 930059 264446 942706 705278 960210 847728 824473 1047915 811412 775618 15010 871105 996720 362656 464669 234855 892122 743393 277127 912254 884315 396034 1001649 585988 225389 847193 1072136 711429 814445 651158 557868 839522 760348 567594 458779 672933 845885 633327 713719 635308 673451 356880 969457 608835 983909 695517 827357 694509 842967 567441 294449 719687 1112130 691485 131040 120312 636515 605780 131622 1194454 481332 703561 747307 658508 879113 1058208 327728 780756 197268 599688 882912 951198 848765 380064 919998 660585 237441 217882 271053 219232 1015299 102191 289397 1117293 930726 955848 300344 680782 1004829 365588 667281 620461 813148 486107 599078 697416 531513 657996 410289 782031 853373 1020081 267883 941235 572152 1168348
 138320 800659 706074 831798 185184 197157 901079 80159 256839 500445 152706 731950 613392 846730 779336 590294 78489 677254 934780 367658 975596 639851 464499 272099 397597 122691 1 781625 198468 615172 332432 422252 966248 687079 818211 530142 168161 1078767 301754 744373 166339 756231 1066502 787602 495985 6899 739743 1156114 1206623 650493 512860 587312 518802 542965 645731 481632 934051 588105 511468 930929 728122 855784 706579 594248 265936 812201 945509 420088 901378 565198 874156 508729 756915 787239 318472 682101 562469 836810 29863 504457 860137 548401 395299 646661 937350 431869 784247 993542 460437 469397 633783 601422 950164 643133 891729 142058 866658 674237 889008 742473 713693 976307 689647 664532 130194 776986 914360 240025 348570 316313 812136 636296 204604 882442 892635 340171 990692 567634 289420 795946 1008512 621145 734912 696260 467640 787337 773168 448720 445859 649053 880135 583079 592923 513647 551369 284163 968024 486375 892917 599206 850974 737463 733443 446792 383976 677423 1062033 674991 250629 242545 616211 636054 119214 1132383 534571 602608 728237 566694 840462 1009979 394287 750793 119159 512521 853421 981309 825892 345709 848136 538518 232498 224346 171066 148918 976738 173735 200030 1056302 878144 904862 369742 711419 924961 437551 552170 656347 737513 369271 590332 617493 471589 535868 458811 671777 863611 996740 152489 944481 544878 1102797
 745024 294953 377379 627088 614671 784746 124401 731080 637112 322696 640694 650328 358369 342216 547648 291800 787821 141931 229280 539095 198986 469146 519999 515699 807002 845264 781625 1 748441 696509 528108 458835 289449 612658 170364 273924 691542 309302 583107 191009 874569 593289 295183 241773 289815 786133 271646 382817 428151 460437 341095 566000 524378 726237 526309 430561 242743 203743 506943 213553 159207 707085 658328 241285 558281 435622 691936 498406 130494 700266 222701 746638 502783 676850 733692 307749 240002 151343 767055 574602 131297 589283 489099 181934 693726 674183 322298 237948 418256 561780 160309 400147 565335 291213 218441 714335 139611 249095 128417 386740 454667 211139 682973 451834 838293 268059 219907 694860 564715 780082 142302 401024 577744 268657 518572 449253 446065 358650 734889 93786 227250 253627 132524 673189 351400 86120 506452 572979 448910 297168 676086 223347 620427 637002 660052 497484 493230 671762 281717 306616 597291 673075 441009 606906 815307 185704 298079 330637 892265 929950 327865 582889 713652 350788 685435 343939 309004 291467 193213 256157 733056 239516 663893 305702 259079 701863 294590 474542 98226 657027 622953 647828 619529 635624 272930 777267 584397 274797 126540 154969 742847 596160 209568 755438 506335 614681 101734 564488 393383 196940 313774 659590 664527 441204 518796 373869 664184 510622 334431 323084
