NAME : domp80p40v3
COMMENT : Cherkesly, Contardo & Gruson 2022
TYPE : DOMP
DIMENSION : 80
DISPLAY_DATA_TYPE : NO_DISPLAY
OPEN_FACILITIES : 40
COST_SECTION
 1 460867 120204 264266 358032 307899 190505 929495 357645 735936 449760 780005 933327 889983 676276 365196 618103 698734 619029 565778 369051 324201 585141 814224 67416 220992 645715 371946 597532 370583 92465 726593 676233 560176 586326 557662 895320 742078 333833 423334 737225 882240 436752 769022 67569 829274 805612 548947 300027 697353 417717 790929 420727 517118 768886 814884 202995 720139 708536 753073 39646 684569 432870 678236 347035 630846 519521 671184 141335 172694 647639 890832 931530 159752 964898 626400 391855 622138 908338 622192
 460867 1 363887 549865 600594 329410 574581 708557 243975 737704 227744 736996 869541 760902 586614 204075 640779 453772 491755 105388 428577 335260 359101 799099 515875 493356 246893 247200 136820 246448 368618 265950 258063 612230 251046 213005 809839 281244 130356 676915 487748 435994 194690 599785 507795 592690 385146 524897 279049 282317 106004 388862 382271 352105 594738 666190 542738 783080 586718 791961 424977 285844 530395 616795 123106 463962 338472 533635 495971 329722 763998 839822 481412 386322 894696 177966 69013 376657 712667 570397
 120204 363887 1 235888 319651 304507 218239 814871 237442 649166 329726 686054 839194 785021 571753 246022 531102 580042 507872 469084 270926 210509 465858 726376 157312 177881 573694 251761 499998 250393 58126 628692 562310 476715 527972 439764 796874 642179 233565 394994 618709 771625 317669 657086 147298 712436 690420 449378 276707 582681 341976 673779 310133 399370 656449 706084 199641 646340 600654 674780 103135 568267 351453 578050 243220 516127 400951 560434 140631 52619 584822 798098 821930 190506 870230 519481 296167 502628 795826 521450
 264266 549865 235888 1 94002 538377 115656 773104 335176 502734 417961 558941 708396 693736 488735 367630 390437 588085 462565 648439 209355 245898 493200 580557 224388 59694 783957 342158 675917 341753 281862 797935 682431 329707 750533 543568 680835 806251 427450 161819 621722 897118 425615 605417 213591 692449 796381 356886 512571 697474 557108 766895 292901 415778 607774 635208 69098 469806 530972 507122 285492 673843 212364 477260 428865 492670 426471 508351 123005 237586 389275 664097 949861 408329 740387 670295 490435 530144 741229 426725
 358032 600594 319651 94002 1 624130 199987 725522 368066 423700 438342 485288 630809 629746 434519 405068 317502 565771 425461 693486 203718 272937 483835 500146 317731 143270 842000 371505 718764 371499 369782 835252 701402 257630 816550 561501 608483 841063 486207 78188 595984 913335 452748 558748 307227 655235 806433 307693 594987 713799 621252 772398 287315 408100 562189 580186 160890 381878 480156 421186 378017 687148 160438 416396 484407 462676 421518 465735 216920 311642 297531 586120 966257 499062 662689 702399 546717 518574 689577 371094
 307899 329410 304507 538377 624130 1 493356 996708 416863 919786 472295 943247 1091914 1011152 808335 393391 805049 740510 725318 407626 543866 455683 629217 993345 374790 481763 402091 430327 437035 428755 256984 550927 587468 757158 320092 521882 1040936 572676 271400 698983 778347 752670 442124 861435 375370 882954 713528 705456 52798 611726 230874 718234 549628 589124 858374 921624 492198 932703 824830 955897 271399 614223 639161 825801 290694 715179 582254 775897 427726 321763 880661 1054630 792958 150892 1121109 502554 281753 657808 990722 770702
 190505 574581 218239 115656 199987 493356 1 881794 393437 617975 484457 674595 823918 808156 601193 418491 506087 684377 568673 678319 308486 318029 582345 695605 132284 119343 791756 403731 708122 402932 243416 835014 742675 445355 745377 608055 796433 846336 445174 248874 719764 957119 484859 714496 125756 796484 863807 468876 477991 760168 560119 839021 386470 505765 716381 747286 52807 581600 642083 620179 222980 739978 326894 591481 451589 594805 514184 616421 78821 244890 497059 779566 1009117 349090 855907 716163 509040 620096 851730 539931
 929495 708557 814871 773104 725522 996708 881794 1 594786 395596 524951 323227 319077 176434 292530 608462 436359 257277 314462 703176 576135 605413 367791 375430 937103 764855 881302 579830 697620 581428 865867 711001 519862 484060 933743 495841 262009 694567 725433 746866 221192 589058 554584 167713 923854 115874 488734 418514 944448 504162 810538 441517 509995 419136 165439 155514 829041 495652 245526 460029 918005 476382 566550 319267 706325 298800 421496 265386 841689 763912 572554 327885 622032 972384 321279 613694 727529 339286 50447 355743
 357645 243975 237442 335176 368066 416863 393437 594786 1 518227 93982 532124 677603 594619 392309 39903 411322 348528 308628 327926 184751 95306 232918 587190 386683 287152 490859 15078 351726 13522 279496 467314 350069 375423 485393 214704 624885 473761 164959 441388 387555 564983 91710 448497 374706 486340 470482 300484 367608 366931 297379 447300 146042 176572 446186 506301 349228 550504 408031 564803 336881 346625 286492 412519 152138 302093 173304 359694 322810 185052 523070 641936 617372 377643 706123 336115 206754 268294 582476 359174
 735936 737704 649166 502734 423700 919786 617975 395596 518227 1 510040 76188 207189 241852 175984 552867 118219 399119 265088 787228 380208 464107 413585 78455 716076 522967 972594 508281 798144 509593 707283 870645 679669 176095 988705 574048 193145 864217 683151 412139 401754 841750 543051 273276 703581 387713 723765 217753 875126 677624 811669 675653 373982 389475 281109 244095 570785 100215 209207 71443 741168 643837 303155 134069 669559 310798 405117 248569 609554 611440 183600 162450 888628 837760 239019 737900 718937 421685 346964 168523
 449760 227744 329726 417961 438342 472295 484457 524951 93982 510040 1 510342 646649 547551 361333 88216 415588 270712 268270 286173 239082 172065 157161 571631 480526 374281 465971 81540 303621 82557 368407 405315 264844 392085 478790 125612 589037 407940 202061 506812 309384 479215 34035 391871 468610 412372 380067 299005 420390 279515 309521 354685 170089 126700 388191 454895 438495 558453 366216 565312 427079 256619 329554 389788 183635 247742 115297 314076 415592 277770 547432 615072 532008 455598 673034 268485 217666 187992 518540 342669
 780005 736996 686054 558941 485288 943247 674595 323227 532124 76188 510342 1 153410 165666 152026 563687 168625 359872 247976 776974 415142 490080 394634 69187 765382 573414 964097 520650 784963 522084 743805 847593 652470 229346 987419 558509 123363 839175 695351 480538 355992 800876 544203 216824 752570 326793 684044 239055 896474 647865 818053 634976 393624 384898 225020 176407 625591 173770 168866 136820 781948 614160 351498 120777 680279 286551 398895 217552 659557 644707 259745 112277 845769 871490 184895 718872 725251 395988 273797 173052
 933327 869541 839194 708396 630809 1091914 823918 319077 677603 207189 646649 153410 1 147550 286440 707006 318703 453617 378500 899166 568347 641197 515189 133584 917839 725385 1086560 665350 903596 666841 896859 952164 754131 379143 1117503 678052 65613 940869 838525 617749 437853 875215 680679 292477 905100 373405 763241 390957 1044200 745623 956148 713601 543176 519950 300011 227656 775866 274867 283208 229262 935346 712875 503642 266163 822558 406940 532137 336402 811747 797304 372996 44786 915134 1023928 31992 830966 863943 508147 271245 321834
 889983 760902 785021 693736 629746 1011152 808156 176434 594619 241852 547551 165666 147550 1 213735 618540 315689 322386 286011 778970 521417 577000 401804 205054 884974 698591 964974 580904 780231 582484 840734 818628 620744 373131 1003432 558785 86175 805830 747205 634996 300976 730489 580934 162732 871801 227243 620303 343205 961081 610233 854233 570832 476231 423636 168870 95082 756889 337898 187070 297533 885907 578380 481409 216715 729733 299879 432701 235357 782161 738278 425345 151556 769302 960654 157351 703327 764163 387495 126657 270053
 676276 586614 571753 488735 434519 808335 601193 292530 392309 175984 361333 152026 286440 213735 1 420770 154047 224421 95970 624949 307993 365106 243214 218384 672366 488485 812095 379668 633070 381184 627843 698425 505296 193475 836488 406747 232634 690972 552172 454467 231214 666316 395349 130476 659152 242132 548191 132378 759745 502418 670480 500374 264565 234897 135914 146560 549103 261316 48848 245639 672306 468614 277833 43195 536127 136516 248142 72852 570655 525710 308830 253742 713712 749657 314177 568067 578021 247331 255065 63467
 365196 204075 246022 367630 405068 393391 418491 608462 39903 552867 88216 563687 707006 618540 420770 1 447919 356861 333518 289253 224592 133483 241800 620404 400281 317039 450957 45283 313783 44178 281514 431523 324674 413667 446296 194793 652702 438942 131708 479238 395770 538702 71647 468177 388912 497435 448894 335463 342718 343052 260010 429163 183392 195734 465269 528321 376678 588013 433149 601177 340758 325411 326383 443378 116865 321814 189256 383190 345083 195369 562347 672425 590633 367878 734945 302721 168404 274651 599201 391296
 618103 640779 531102 390437 317502 805049 506087 436359 411322 118219 415588 168625 318703 315689 154047 447919 1 364272 209420 699622 263061 350019 346367 196196 599728 406924 881540 402724 713732 403919 589227 797632 615187 60740 890520 496241 291299 793939 575842 319419 378235 795816 447027 282662 587096 396027 677826 116738 761441 616909 707924 632332 265345 304764 288750 281821 457416 142946 202159 153545 622980 583736 185765 118213 563456 259731 321623 217526 493409 494021 159178 274887 845486 720013 350665 661368 615923 363758 393364 105296
 698734 453772 580042 588085 565771 740510 684377 257277 348528 399119 270712 359872 453617 322386 224421 356861 364272 1 157636 459388 378881 378819 115670 429049 716371 565082 643904 333462 458837 335007 626629 498601 300523 382798 687230 243033 388573 487316 469111 609738 39038 442787 298803 161667 703431 142479 325079 280711 688066 292411 554267 276624 297915 182703 154587 228888 632384 485309 191941 469634 682212 259398 409629 267568 449848 109172 179214 151760 631101 527661 523449 435790 489534 724289 472511 380951 470323 82866 258933 258988
 619029 491755 507872 462565 425461 725318 568673 314462 308628 265088 268270 247976 378500 286011 95970 333518 209420 157636 1 529010 261759 297434 148779 313761 623443 450936 716128 294996 537396 296570 561628 605634 415094 225185 741113 311341 320961 599140 463616 461197 178376 587251 302279 150101 610174 230550 469067 125368 675514 414078 577785 423111 198360 141635 150426 199707 515866 339549 99643 331348 610484 380407 265347 132297 446794 50323 153666 52653 527233 458789 368104 348076 636492 677313 404769 473730 485815 157925 289559 105624
 565778 105388 469084 648439 693486 407626 678319 703176 327926 787228 286173 776974 899166 778970 624949 289253 699622 459388 529010 1 510921 422722 384431 842349 621234 593240 187514 327666 32029 327272 473673 160816 202351 678224 230797 221184 836653 177161 235525 768322 488254 345179 258120 616249 613181 589057 314442 582916 361426 225422 177449 329600 453632 397992 610159 684038 644964 842529 617017 846503 529497 240569 609308 659582 226984 493339 382133 564152 599922 433762 833528 873508 386933 483692 921925 103633 174164 392221 714686 618735
 369051 428577 270926 209355 203718 543866 308486 576135 184751 380208 239082 415142 568347 521417 307993 224592 263061 378881 261759 510921 1 97314 285393 456564 365020 189730 675373 183374 533122 183847 328760 642667 499077 213294 665846 359511 527297 646393 335352 268316 412999 709994 258051 410172 351765 488061 602720 180040 502087 510761 473277 569044 85153 208215 411335 449722 255816 389307 343051 412169 367772 483656 103658 309352 327241 286329 220266 311374 265931 231260 346728 527173 762898 457847 599469 506938 386742 321777 549093 253168
 324201 335260 210509 245898 272937 455683 318029 605413 95306 464107 172065 490080 641197 577000 365106 133483 350019 378819 297434 422722 97314 1 269362 537956 337594 203772 581324 98803 446921 98711 264431 562315 436641 305403 569099 297676 594490 568307 238049 346095 416531 651235 181389 446588 324627 505598 551210 251106 411442 451580 376060 523387 100770 196129 446008 496124 269609 482330 391331 502219 313359 428244 200925 375950 230233 306676 201340 350036 255681 161625 443731 602175 703997 384645 671370 430012 290339 307256 585431 319617
 585141 359101 465858 493200 483835 629217 582345 367791 232918 413585 157161 394634 515189 401804 243214 241800 346367 115670 148779 384431 285393 269362 1 461595 605515 463943 571944 217862 390752 219400 511483 457083 269133 346132 603377 164140 453490 451120 358294 537396 154708 455302 187352 241133 592744 255687 339345 238965 577135 270593 453993 298174 200542 77423 236459 307126 531417 483658 232594 478695 567565 237578 337865 281059 339422 108969 68313 179744 524464 413329 499951 489085 506650 608782 538739 325031 365952 37926 362367 249378
 814224 799099 726376 580557 500146 993345 695605 375430 587190 78455 571631 69187 133584 205054 218384 620404 196196 429049 313761 842349 456564 537956 461595 1 794516 601397 1029096 576479 851151 577855 784461 915862 721181 254543 1049977 625025 135975 907718 751616 484499 424712 869792 605235 283830 782028 390861 753089 288338 947849 716817 877278 703968 445045 447602 292068 237651 648791 144080 237968 99191 819098 683091 381532 182974 737266 354213 462238 285978 687984 687781 240934 89305 914445 914400 164628 786352 784395 464227 325069 229751
 67416 515875 157312 224388 317731 374790 132284 937103 386683 716076 480526 765382 917839 884974 672366 400281 599728 716371 623443 621234 365020 337594 605515 794516 1 193149 709285 400030 652659 398820 149932 781754 719435 540125 652062 594964 883823 796221 386611 376394 754122 928912 471648 773278 13276 841556 847110 541813 367410 739614 479661 829311 427463 533669 773860 814726 157122 691651 708046 727156 106359 724518 414215 670025 398011 640405 538147 674565 106590 205124 613482 874432 979135 225482 949694 676025 447124 643180 912669 615125
 220992 493356 177881 59694 143270 481763 119343 764855 287152 522967 374281 573414 725385 698591 488485 317039 406924 565082 450936 593240 189730 203772 463943 601397 193149 1 725433 295634 621307 295049 226570 744778 636866 347100 691021 499483 693009 753926 369391 217239 600422 851838 378673 598057 180778 677754 754285 356299 454457 653003 497886 727129 267168 387069 599628 633577 67499 500456 527557 534860 236914 630896 221917 482218 371557 475850 395966 499559 86588 177903 426655 681775 904343 356072 757292 619410 432728 501583 736154 428764
 645715 246893 573694 783957 842000 402091 791756 881302 490859 972594 465971 964097 1086560 964974 812095 450957 881540 643904 716128 187514 675373 581324 571944 1029096 709285 725433 1 493952 185124 493232 560207 209007 364307 856370 94847 408509 1023871 233511 356853 919275 670921 427913 435138 802379 704095 769048 444919 764894 373401 383406 231755 474652 627660 583137 796106 870229 767356 1024422 804527 1030397 606368 407058 777286 846187 357598 680850 567698 751665 713430 551509 1009582 1061021 452167 524370 1109121 267636 295288 579127 896069 804097
 371946 247200 251761 342158 371505 430327 403731 579830 15078 508281 81540 520650 665350 580904 379668 45283 402724 333462 294996 327666 183374 98803 217862 576479 400030 295634 493952 1 350492 1609 294361 463881 341242 368470 491267 204466 612127 469583 175141 443785 372487 556212 83458 434046 387950 471281 460116 290690 380740 357502 305241 435927 138115 161860 431660 492213 358667 542731 394511 556040 351573 336330 283607 400723 161299 287578 158335 345810 334148 199273 517710 630061 608748 392640 693685 331210 213678 253307 567733 347882
 597532 136820 499998 675917 718764 437035 708122 697620 351726 798144 303621 784963 903596 780231 633070 313783 713732 458837 537396 32029 533122 446921 390752 851151 652659 621307 185124 350492 1 350202 505362 129131 187065 694649 240678 226612 840396 145142 266542 792961 485860 315719 277486 617767 644499 584630 291431 597261 391605 208899 207770 310181 472775 410171 611396 685623 674009 856416 622734 858828 561357 227732 630061 668894 257355 499641 393865 570258 629882 463875 850668 879261 356415 515475 925559 86919 205763 395510 711321 629939
 370583 246448 250393 341753 371499 428755 402932 581428 13522 509593 82557 522084 666841 582484 381184 44178 403919 335007 296570 327272 183847 98711 219400 577855 398820 295049 493232 1609 350202 1 292885 463835 341818 369515 490285 205208 613652 469620 173774 443897 374033 556790 83888 435652 386755 472860 460892 291983 379185 358154 304074 436837 139219 163468 433268 493809 357971 543856 396080 557253 350136 337092 284253 402179 160008 289186 159933 347397 333213 197920 518612 631526 609309 391048 695189 331320 212581 254815 569341 349299
 92465 368618 58126 281862 369782 256984 243416 865867 279496 707283 368407 743805 896859 840734 627843 281514 589227 626629 561628 473673 328760 264431 511483 784461 149932 226570 560207 294361 505362 292885 1 634466 585782 534786 506235 470637 854009 649765 241381 443168 665535 790455 352262 710114 143978 761468 715701 506682 235738 607267 329914 702566 364896 448134 709188 760552 236064 703970 655638 732724 60185 595610 409322 635079 254770 567606 448395 614270 172241 102845 641146 855905 839515 133230 927828 534135 299617 547488 848318 578453
 726593 265950 628692 797935 835252 550927 835014 711001 467314 870645 405315 847593 952164 818628 698425 431523 797632 498601 605634 160816 642667 562315 457083 915862 781754 744778 209007 463881 129131 463835 634466 1 198129 786007 296289 301744 887173 24692 395444 907507 517679 220097 384689 660152 773535 605277 243093 683403 509119 208961 328298 279734 574847 493843 652897 726830 799460 938242 680028 935467 690271 240256 734793 737665 385656 561948 476756 630042 757115 591518 942963 932886 249599 640457 970968 137902 334887 451643 733155 705596
 676233 258063 562310 682431 701402 587468 742675 519862 350069 679669 264844 652470 754131 620744 505296 324674 615187 300523 415094 202351 499077 436641 269133 721181 719435 636866 364307 341242 187065 341818 585782 198129 1 610915 427631 139945 689086 187218 352984 767176 319942 214973 258362 462030 708872 410643 130950 504943 536976 24291 360224 131097 420691 319336 454768 528718 699272 752695 484084 746431 645770 43508 579031 545799 335916 369046 302366 435278 669756 515214 766710 735385 267537 632842 772840 100200 313179 258072 538660 518143
 560176 612230 476715 329707 257630 757158 445355 484060 375423 176095 392085 229346 379143 373131 193475 413667 60740 382798 225185 678224 213294 305403 346132 254543 540125 347100 856370 368470 694649 369515 534786 786007 610915 1 859505 484601 351846 784170 537833 264486 402028 800973 421520 323892 527583 433197 684074 107273 715109 615018 672727 640595 230595 293049 329098 331902 396788 176941 242230 199159 566393 582673 127321 165481 526818 274249 310211 246044 433665 441946 156957 335142 851851 666579 411123 648460 581995 368993 443380 133673
 586326 251046 527972 750533 816550 320092 745377 933743 485393 988705 478790 987419 1117503 1003432 836488 446296 890520 687230 741113 230797 665846 569099 603377 1049977 652062 691021 94847 491267 240678 490285 506235 296289 427631 859505 1 445175 1056646 320976 333054 894650 717500 516385 445655 840951 648277 819287 522296 775160 298515 449018 195505 547173 628911 602612 835278 908354 726325 1032279 834297 1042356 546681 468361 769361 867474 338961 710690 588549 781103 668567 513541 1008453 1089006 543506 452967 1141809 327583 279267 616026 944211 821435
 557662 213005 439764 543568 561501 521882 608055 495841 214704 574048 125612 558509 678052 558785 406747 194793 496241 243033 311341 221184 359511 297676 164140 625025 594964 499483 408509 204466 226612 205208 470637 301744 139945 484601 445175 1 615469 299612 258732 627776 275558 353692 124197 396108 583668 380030 255780 381667 469188 153908 316755 234376 282648 192099 390282 463728 563085 637522 396348 636735 530703 131928 442232 443312 239364 273053 175015 343729 537255 389894 641519 652917 406526 537608 700742 165163 241103 171384 501641 406820
 895320 809839 796874 680835 608483 1040936 796433 262009 624885 193145 589037 123363 65613 86175 232634 652702 291299 388573 320961 836653 527297 594490 453490 135975 883823 693009 1023871 612127 840396 613652 854009 887173 689086 351846 1056646 615469 1 875681 783717 603376 372307 809911 622995 227177 870875 308874 697706 347581 992374 680337 898423 648059 494914 462549 234632 162046 746867 278555 223268 234607 895057 647675 471463 218991 767257 346093 473956 276229 778651 753093 372923 66245 850137 978824 85286 766873 806680 444906 212628 275618
 742078 281244 642179 806251 841063 572676 846336 694567 473761 864217 407940 839175 940869 805830 690972 438942 793939 487316 599140 177161 646393 568307 451120 907718 796221 753926 233511 469583 145142 469620 649765 24692 187218 784170 320976 299612 875681 1 409614 912466 504913 195410 389021 648512 787738 590281 221590 680572 530143 195621 348309 259989 576554 491334 641130 714759 809742 933767 671048 929815 706191 228007 736769 730788 398960 554470 474188 621740 768794 603753 941051 922554 225489 659402 959078 139483 350247 443716 717916 700291
 333833 130356 233565 427450 486207 271400 445174 725433 164959 683151 202061 695351 838525 747205 552172 131708 575842 469111 463616 235525 335352 238049 358294 751616 386611 369391 356853 175141 266542 173774 241381 395444 352984 537833 333054 258732 783717 409614 1 563935 506989 551151 170963 593522 378171 611555 483934 465425 219021 375859 138347 477220 310531 323589 590016 655625 415196 713944 563060 729382 299533 369470 438972 575083 19638 448318 314902 512229 366419 200383 681176 804117 599359 281522 866296 293360 64007 386416 720410 522822
 423334 676915 394994 161819 78188 698983 248874 746866 441388 412139 506812 480538 617749 634996 454467 479238 319419 609738 461197 768322 268316 346095 537396 484499 376394 217239 919275 443785 792961 443897 443168 907507 767176 264486 894650 627776 603376 912466 563935 1 637079 976915 523466 583240 367218 686598 867475 337467 671216 778331 699306 831288 347900 464093 587619 596122 220811 353613 502309 396584 446660 750452 200809 429743 561764 502997 478714 495797 282473 389247 260130 573051 1029739 570115 649079 773307 624059 570258 707390 391688
 737225 487748 618709 621722 595984 778347 719764 221192 387555 401754 309384 355992 437853 300976 231214 395770 378235 39038 178376 488254 412999 416531 154708 424712 754122 600422 670921 372487 485860 374033 665535 517679 319942 402028 717500 275558 372307 504913 506989 637079 1 445269 337051 146240 741143 105501 329371 303617 725827 309295 589363 279916 333447 220606 138362 210462 667559 492087 192548 473013 720985 277424 438141 274153 487654 134096 217772 161103 667786 566376 536845 423505 489777 763281 454690 405534 506639 121395 226739 273472
 882240 435994 771625 897118 913335 752670 957119 589058 564983 841750 479215 800876 875215 730489 666316 538702 795816 442787 587251 345179 709994 651235 455302 869792 928912 851838 427913 556212 315719 556790 790455 220097 214973 800973 516385 353692 809911 195410 551151 976915 445269 1 473291 589747 918834 503491 118295 693701 706532 199928 522579 166174 629056 518559 581603 649145 914126 925326 634431 911940 849720 226467 784149 709201 536185 537382 502437 593471 883516 726304 952798 865666 52929 822250 887826 258983 501156 432698 623012 692865
 436752 194690 317669 425615 452748 442124 484859 554584 91710 543051 34035 544203 680679 580934 395349 71647 447027 298803 302279 258120 258051 181389 187352 605235 471648 378673 435138 83458 277486 83888 352262 384689 258362 421520 445655 124197 622995 389021 170963 523466 337051 473291 1 424463 460171 441079 379594 330721 389906 275330 275506 358260 195555 160731 420600 487985 440934 589712 400097 597525 411797 255779 352773 423594 152077 281058 149130 347850 413283 266913 575920 649090 525713 432291 707035 249865 183779 215957 549606 376043
 769022 599785 657086 605417 558748 861435 714496 167713 448497 273276 391871 216824 292477 162732 130476 468177 282662 161667 150101 616249 410172 446588 241133 283830 773278 598057 802379 434046 617767 435652 710114 660152 462030 323892 840951 396108 227177 648512 593522 583240 146240 589747 424463 1 760005 115804 474917 251234 810329 453167 695011 425316 348296 272706 8246 67857 661788 370461 81664 344215 759919 420506 399253 165000 575389 146539 279216 98828 676085 607388 431997 277276 632772 822871 310855 541776 606193 224927 139470 191760
 67569 507795 147298 213591 307227 375370 125756 923854 374706 703581 468610 752570 905100 871801 659152 388912 587096 703431 610174 613181 351765 324627 592744 782028 13276 180778 704095 387950 644499 386755 143978 773535 708872 527583 648277 583668 870875 787738 378171 367218 741143 918834 460171 760005 1 828405 836246 528655 366124 728902 473869 818040 414245 520730 760591 801466 147106 679901 694785 715163 104868 713489 401512 656921 389153 627207 525307 661290 94358 194047 602360 861740 969209 227204 936943 666602 439194 630435 899395 601978
 829274 592690 712436 692449 655235 882954 796484 115874 486340 387713 412372 326793 373405 227243 242132 497435 396027 142479 230550 589057 488061 505598 255687 390861 841556 677754 769048 471281 584630 472860 761468 605277 410643 433197 819287 380030 308874 590281 611555 686598 105501 503491 441079 115804 828405 1 394938 349537 830530 396678 694718 345860 414927 313361 108665 154258 743747 485765 193905 458092 815371 367197 494819 279562 592311 202213 313609 190810 750326 660660 547463 368569 542074 863646 384567 501861 612123 225163 128037 299545
 805612 385146 690420 796381 806433 713528 863807 488734 470482 723765 380067 684044 763241 620303 548191 448894 677826 325079 469067 314442 602720 551210 339345 753089 847110 754285 444919 460116 291431 460892 715701 243093 130950 684074 522296 255780 697706 221590 483934 867475 329371 118295 379594 474917 836246 394938 1 576847 663947 108515 483852 49669 519963 405518 466856 536075 818494 807033 516943 793828 775788 123862 672106 591027 466833 419141 389912 475362 792875 642226 835131 751808 167858 763554 777268 212553 443056 315264 518507 574666
 548947 524897 449378 356886 307693 705456 468876 418514 300484 217753 299005 239055 390957 343205 132378 335463 116738 280711 125368 582916 180040 251106 238965 288338 541813 356299 764894 290690 597261 291983 506682 683403 504943 107273 775160 381667 347581 680572 465425 337467 303617 693701 330721 251234 528655 349537 576847 1 659590 508427 594901 533578 156753 189595 254527 278473 416737 259683 174300 267204 547601 475888 148046 129316 451988 171549 206654 158865 439097 406457 261771 351256 744603 632982 421578 546503 502402 261895 384689 73403
 300027 279049 276707 512571 594987 52798 477991 944448 367608 875126 420390 896474 1044200 961081 759745 342718 761441 688066 675514 361426 502087 411442 577135 947849 367410 454457 373401 380740 391605 379185 235738 509119 536976 715109 298515 469188 992374 530143 219021 671216 725827 706532 389906 810329 366124 830530 663947 659590 1 561191 183977 667480 503178 538371 807149 871023 471432 891393 775119 913213 261319 562893 599628 778293 238219 664260 531115 725736 407944 286718 842675 1007473 748017 154901 1073119 453969 229392 605416 938922 723616
 697353 282317 582681 697474 713799 611726 760168 504162 366931 677624 279515 647865 745623 610233 502418 343052 616909 292411 414078 225422 510761 451580 270593 716817 739614 653003 383406 357502 208899 358154 607267 208961 24291 615018 449018 153908 680337 195621 375859 778331 309295 199928 275330 453167 728902 396678 108515 508427 561191 1 384501 106816 430905 325421 445720 519209 716067 752939 479091 745213 667333 33805 587978 543570 358564 366860 308689 431457 687958 535016 770051 728147 252825 656156 763550 122448 337004 256238 524672 518199
 417717 106004 341976 557108 621252 230874 560119 810538 297379 811669 309521 818053 956148 854233 670480 260010 707924 554267 577785 177449 473277 376060 453993 877278 479661 497886 231755 305241 207770 304074 329914 328298 360224 672727 195505 316755 898423 348309 138347 699306 589363 522579 275506 695011 473869 694718 483852 594901 183977 384501 1 491316 443173 436210 690444 760270 536850 847815 675362 861127 378935 390350 576935 697277 146420 554861 424467 622849 481930 321688 818312 924160 564160 313407 982536 272034 92884 474983 812507 647532
 790929 388862 673779 766895 772398 718234 839021 441517 447300 675653 354685 634976 713601 570832 500374 429163 632332 276624 423111 329600 569044 523387 298174 703968 829311 727129 474652 435927 310181 436837 702566 279734 131097 640595 547173 234376 648059 259989 477220 831288 279916 166174 358260 425316 818040 345860 49669 533578 667480 106816 491316 1 485140 367536 417246 486409 792372 759969 468271 745949 762749 107825 634055 543335 459208 372956 352598 427522 770026 624211 790263 702157 213640 758572 727728 225969 441859 271700 470142 528551
 420727 382271 310133 292901 287315 549628 386470 509995 146042 373982 170089 393624 543176 476231 264565 183392 265345 297915 198360 453632 85153 100770 200542 445045 427463 267168 627660 138115 472775 139219 364896 574847 420691 230595 628911 282648 494914 576554 310531 347900 333447 629056 195555 348296 414245 414927 519963 156753 503178 430905 443173 485140 1 123210 348202 395952 334489 404661 290744 418869 412398 402614 160267 277162 298169 213100 135124 250696 335672 262207 381932 505168 681861 485099 572933 437427 351792 237271 487629 221396
 517118 352105 399370 415778 408100 589124 505765 419136 176572 389475 126700 384898 519950 423636 234897 195734 304764 182703 141635 397992 208215 196129 77423 447602 533669 387069 583137 161860 410171 163468 448134 493843 319336 293049 602612 192099 462549 491334 323589 464093 220606 518559 160731 272706 520730 313361 405518 189595 538371 325421 436210 367536 123210 1 270065 332675 454566 446841 240162 448736 502158 294395 266691 264884 306268 126190 17162 188720 449518 347405 449796 488572 570821 553547 546395 356926 344181 114638 405905 220963
 768886 594738 656449 607774 562189 858374 716381 165439 446186 281109 388191 225020 300011 168870 135914 465269 288750 154587 150426 610159 411335 446008 236459 292068 773860 599628 796106 431660 611396 433268 709188 652897 454768 329098 835278 390282 234632 641130 590016 587619 138362 581603 420600 8246 760591 108665 466856 254527 807149 445720 690444 417246 348202 270065 1 74411 663639 378071 87076 352113 759367 413133 402437 171403 571788 144094 276126 100072 677170 606530 438864 285218 624573 821182 318072 535041 601924 219302 139474 196482
 814884 666190 706084 635208 580186 921624 747286 155514 506301 244095 454895 176407 227656 95082 146560 528321 281821 228888 199707 684038 449722 496124 307126 237651 814726 633577 870229 492213 685623 493809 760552 726830 528718 331902 908354 463728 162046 714759 655625 596122 210462 649145 487985 67857 801466 154258 536075 278473 871023 519209 760270 486409 395952 332675 74411 1 695036 344220 106686 311751 808191 486842 424354 166428 637840 207329 340725 147300 714571 657726 417642 216802 690456 877018 244349 609451 670698 292418 111642 209452
 202995 542738 199641 69098 160890 492198 52807 829041 349228 570785 438495 625591 775866 756889 549103 376678 457416 632384 515866 644964 255816 269609 531417 648791 157122 67499 767356 358667 674009 357971 236064 799460 699272 396788 726325 563085 746867 809742 415196 220811 667559 914126 440934 661788 147106 743747 818494 416737 471432 716067 536850 792372 334489 454566 663639 695036 1 538901 589652 576160 228914 694841 276150 540174 419744 542144 463406 563661 64712 215983 457781 731709 966415 354683 807854 677287 479177 569071 799154 488139
 720139 783080 646340 469806 381878 932703 581600 495652 550504 100215 558453 173770 274867 337898 261316 588013 142946 485309 339549 842529 389307 482330 483658 144080 691651 500456 1024422 542731 856416 543856 703970 938242 752695 176941 1032279 637522 278555 933767 713944 353613 492087 925326 589712 370461 679901 485765 807033 259683 891393 752939 847815 759969 404661 446841 378071 344220 538901 1 301011 45608 730644 719405 295359 218150 702421 388555 463545 333580 585761 614905 98492 232018 973590 836843 304370 802671 756374 497279 446796 234740
 708536 586718 600654 530972 480156 824830 642083 245526 408031 209207 366216 168866 283208 187070 48848 433149 202159 191941 99643 617017 343051 391331 232594 237968 708046 527557 804527 394511 622734 396080 655638 680028 484084 242230 834297 396348 223268 671048 563060 502309 192548 634431 400097 81664 694785 193905 516943 174300 775119 479091 675362 468271 290744 240162 87076 106686 589652 301011 1 280484 702424 445417 321886 86355 546093 123864 250970 53195 608085 552917 354814 256570 680484 774055 307981 553349 583869 229272 210389 110623
 753073 791961 674780 507122 421186 955897 620179 460029 564803 71443 565312 136820 229262 297533 245639 601177 153545 469634 331348 846503 412169 502219 478695 99191 727156 534860 1030397 556040 858828 557253 732724 935467 746431 199159 1042356 636735 234607 929815 729382 396584 473013 911940 597525 344215 715163 458092 793828 267204 913213 745213 861127 745949 418869 448736 352113 311751 576160 45608 280484 1 761899 711481 323460 202927 716923 378550 464964 318472 620831 641002 143974 186520 959152 865015 258790 801409 768937 488982 410488 230019
 39646 424977 103135 285492 378017 271399 222980 918005 336881 741168 427079 781948 935346 885907 672306 340758 622980 682212 610484 529497 367772 313359 567565 819098 106359 236914 606368 351573 561357 350136 60185 690271 645770 566393 546681 530703 895057 706191 299533 446660 720985 849720 411797 759919 104868 815371 775788 547601 261319 667333 378935 762749 412398 502158 759367 808191 228914 730644 702424 761899 1 655790 439332 676787 313635 619254 503342 662980 164810 154760 661894 893503 898512 126503 966674 592786 356022 603999 898782 620351
 684569 285844 568267 673843 687148 614223 739978 476382 346625 643837 256619 614160 712875 578380 468614 325411 583736 259398 380407 240569 483656 428244 237578 683091 724518 630896 407058 336330 227732 337092 595610 240256 43508 582673 468361 131928 647675 228007 369470 750452 277424 226467 255779 420506 713489 367197 123862 475888 562893 33805 390350 107825 402614 294395 413133 486842 694841 719405 445417 711481 655790 1 558447 509780 351401 333086 277853 397672 669044 519449 737356 694974 279320 650898 731123 140986 335609 222527 495224 484670
 432870 530395 351453 212364 160438 639161 326894 566550 286492 303155 329554 351498 503642 481409 277833 326383 185765 409629 265347 609308 103658 200925 337865 381532 414215 221917 777286 283607 630061 284253 409322 734793 579031 127321 769361 442232 471463 736769 438972 200809 438141 784149 352773 399253 401512 494819 672106 148046 599628 587978 576935 634055 160267 266691 402437 424354 276150 295359 321886 323460 439332 558447 1 264897 430878 304194 282201 305381 308132 319728 244388 460229 836667 541853 535515 597555 490169 369920 532126 215090
 678236 616795 578050 477260 416396 825801 591481 319267 412519 134069 389788 120777 266163 216715 43195 443378 118213 267568 132297 659582 309352 375950 281059 182974 670025 482218 846187 400723 668894 402179 635079 737665 545799 165481 867474 443312 218991 730788 575083 429743 274153 709201 423594 165000 656921 279562 591027 129316 778293 543570 697277 543335 277162 264884 171403 166428 540174 218150 86355 202927 676787 509780 264897 1 559813 176798 279331 115882 566340 534106 268467 229428 756744 759968 295772 606025 604475 287745 277912 56632
 347035 123106 243220 428865 484407 290694 451589 706325 152138 669559 183635 680279 822558 729733 536127 116865 563456 449848 446794 226984 327241 230233 339422 737266 398011 371557 357598 161299 257355 160008 254770 385656 335916 526818 338961 239364 767257 398960 19638 561764 487654 536185 152077 575389 389153 592311 466833 451988 238219 358564 146420 459208 298169 306268 571788 637840 419744 702421 546093 716923 313635 351401 430878 559813 1 430511 297163 494984 373060 206832 671895 788566 584880 299996 850115 279373 62311 367208 701668 508078
 630846 463962 516127 492670 462676 715179 594805 298800 302093 310798 247742 286551 406940 299879 136516 321814 259731 109172 50323 493339 286329 306676 108969 354213 640405 475850 680850 287578 499641 289186 567606 561948 369046 274249 710690 273053 346093 554470 448318 502997 134096 537382 281058 146539 627207 202213 419141 171549 664260 366860 554861 372956 213100 126190 144094 207329 542144 388555 123864 378550 619254 333086 304194 176798 430511 1 133425 70824 548169 465363 418416 380178 586425 677547 431167 432321 464371 110975 281464 155601
 519521 338472 400951 426471 421518 582254 514184 421496 173304 405117 115297 398895 532137 432701 248142 189256 321623 179214 153666 382133 220266 201340 68313 462238 538147 395966 567698 158335 393865 159933 448395 476756 302366 310211 588549 175015 473956 474188 314902 478714 217772 502437 149130 279216 525307 313609 389912 206654 531115 308689 424467 352598 135124 17162 276126 340725 463406 463545 250970 464964 503342 277853 282201 279331 297163 133425 1 198784 456196 348662 466955 501499 554790 550942 558164 339918 332907 106223 410254 236607
 671184 533635 560434 508351 465735 775897 616421 265386 359694 248569 314076 217552 336402 235357 72852 383190 217526 151760 52653 564152 311374 350036 179744 285978 674565 499559 751665 345810 570258 347397 614270 630042 435278 246044 781103 343729 276229 621740 512229 495797 161103 593471 347850 98828 661290 190810 475362 158865 725736 431457 622849 427522 250696 188720 100072 147300 563661 333580 53195 318472 662980 397672 305381 115882 494984 70824 198784 1 577272 511429 375805 309358 640878 729780 361075 501932 531613 178458 238106 113808
 141335 495971 140631 123005 216920 427726 78821 841689 322810 609554 415592 659557 811747 782161 570655 345083 493409 631101 527233 599922 265931 255681 524464 687984 106590 86588 713430 334148 629882 333213 172241 757115 669756 433665 668567 537255 778651 768794 366419 282473 667786 883516 413283 676085 94358 750326 792875 439097 407944 687958 481930 770026 335672 449518 677170 714571 64712 585761 608085 620831 164810 669044 308132 566340 373060 548169 456196 577272 1 166251 509394 768216 935202 290157 843634 639796 430255 562389 815012 512109
 172694 329722 52619 237586 311642 321763 244890 763912 185052 611440 277770 644707 797304 738278 525710 195369 494021 527661 458789 433762 231260 161625 413329 687781 205124 177903 551509 199273 463875 197920 102845 591518 515214 441946 513541 389894 753093 603753 200383 389247 566376 726304 266913 607388 194047 660660 642226 406457 286718 535016 321688 624211 262207 347405 606530 657726 215983 614905 552917 641002 154760 519449 319728 534106 206832 465363 348662 511429 166251 1 559209 756963 777156 226854 828024 477265 264335 450047 745747 477487
 647639 763998 584822 389275 297531 880661 497059 572554 523070 183600 547432 259745 372996 425345 308830 562347 159178 523449 368104 833528 346728 443731 499951 240934 613482 426655 1009582 517710 850668 518612 641146 942963 766710 156957 1008453 641519 372923 941051 681176 260130 536845 952798 575920 431997 602360 547463 835131 261771 842675 770051 818312 790263 381932 449796 438864 417642 457781 98492 354814 143974 661894 737356 244388 268467 671895 418416 466955 375805 509394 559209 1 329715 1002956 774315 402739 805408 729481 520118 525534 264467
