NAME : domp60p15v3
COMMENT : Cherkesly, Contardo & Gruson 2022
TYPE : DOMP
DIMENSION : 60
DISPLAY_DATA_TYPE : NO_DISPLAY
OPEN_FACILITIES : 15
COST_SECTION
 1 243237 71485 631919 427620 617662 747927 211892 362743 544629 334556 813430 531224 156120 474634 106808 176782 624155 785185 612334 261504 222211 244813 445067 449011 384094 602308 199327 303644 226325 164063 595933 704757 399721 405416 544277 574899 49609 562752 317126 479519 369368 504924 341269 525044 129698 533404 692256 279103 229082 293492 188127 488673 744280 687459 465841 101284 254062 650407 95513
 243237 1 206637 793427 546150 466700 941049 74387 602790 592376 363612 806352 371808 102944 536180 167124 242617 590508 738302 777842 185285 465426 317951 618316 689015 579244 721785 431632 90237 24699 117248 631363 826331 398624 515115 304335 625344 286922 785891 559220 478678 295258 427343 584066 715855 371610 739860 680297 488638 261305 118910 89034 498715 892030 874995 648731 317293 484663 835822 158915
 71485 206637 1 613795 389956 547292 745804 197547 399637 489679 271151 751105 462004 145126 421579 43588 221468 557103 717691 595816 276497 271515 186082 430422 485395 380704 567787 226063 250722 185395 163133 539134 671969 333632 364243 495940 520971 119186 579899 371678 414915 297904 433892 385675 520442 189255 538262 628417 284289 161308 233091 177508 425826 721315 682090 456394 110848 278372 643735 102106
 631919 793427 613795 1 261784 817256 198013 807484 449673 362142 475696 567962 793877 758163 349003 638966 805532 560917 655538 23569 888439 536684 480777 187353 443623 261678 153806 471261 787713 768769 776925 390159 158091 496619 295248 1002690 352294 631386 298833 567040 478858 618990 629654 498387 148369 591906 205920 528545 368823 541173 743835 789713 455265 120002 133423 175119 531203 432021 106083 713076
 427620 546150 389956 261784 1 573765 443825 570849 412657 182869 213966 468088 539644 526999 126179 405327 603753 367106 503902 252239 664892 421153 228247 149492 456487 200186 178358 331641 530992 521524 548869 235571 283125 241128 33481 741034 198393 443261 408946 494210 244450 358204 386218 445597 251817 434694 313812 377576 245273 286701 485683 556230 226812 347588 373679 189370 337323 321242 335140 492038
 617662 466700 547292 817256 573765 1 1011350 540763 880738 466640 388625 496973 94974 551858 468279 511893 699709 307216 375078 814149 649436 794317 454988 717020 954607 735641 679055 717198 377328 459997 574144 462661 758234 336430 544378 357167 488137 666398 966857 896657 338426 263967 188221 887393 824050 730910 880866 399279 705515 421263 352902 551372 362536 864203 941993 757575 621085 750694 904966 582605
 747927 941049 745804 198013 443825 1011350 1 943344 474181 560088 654939 753104 982970 890261 543645 777825 910469 758869 849011 197639 1009431 600489 643471 325724 431748 365407 350270 560536 948291 916900 905535 587587 323031 684349 476241 1175100 550108 735572 249526 596769 673633 800736 823220 524538 225536 677698 220216 723657 468940 703768 907573 922994 650805 219627 70163 292562 647739 510205 109316 837991
 211892 74387 197547 807484 570849 540763 943344 1 574107 636609 406090 864538 445938 55848 576033 168522 171457 651582 802847 790333 116199 429882 346376 626390 660243 578226 748818 410073 164612 82906 54310 679029 853717 449474 541682 361423 669440 247828 771868 517481 531610 357398 493425 550013 717950 332553 734974 738372 480115 295888 190419 24515 549751 911556 879444 653474 301548 464591 840959 117059
 362743 602790 399637 449673 412657 880738 474181 574107 1 594295 501224 880663 812741 518572 529940 442706 483388 760390 909563 426109 602317 150540 425771 304028 86313 221860 514195 175473 649225 583373 523901 647954 586775 567098 418555 895037 611037 328171 236169 122963 615718 617855 716948 50743 302085 247486 262890 786958 182296 464205 625749 549993 608375 567659 434663 288902 290589 131164 409110 457068
 544629 592376 489679 362142 182869 466640 560088 636609 594295 1 230519 289343 461277 604454 71816 489700 711108 200667 322736 363923 744959 588087 303739 322791 639288 382724 214763 495964 549520 569583 629343 55191 292548 199672 176684 713733 32969 572463 579451 669235 139315 328321 285790 625060 410708 583847 479264 195034 421114 342763 501078 628107 112861 397684 493598 359309 472113 494898 460229 585835
 334556 363612 271151 475696 213966 388625 654939 406090 501224 230519 1 479956 337639 374967 172755 263954 489555 292800 453994 466038 515078 440533 93321 339193 570228 347891 372732 352583 329814 340307 400163 274366 474325 70374 180565 527732 263364 371164 580110 537814 145158 146129 215795 515119 448103 404965 498697 357771 321098 114214 282196 397840 154678 555239 584853 378824 285620 375397 545677 360996
 813430 806352 751105 567962 468088 496973 753104 864538 880663 289343 479956 1 544895 843883 359259 741574 968159 219543 138194 579539 979419 876806 568751 594013 920014 663906 419716 784507 741218 787142 869714 234328 431552 420742 465599 833259 269727 846944 836711 958536 337678 511745 394258 913234 662847 867251 734086 126182 710136 591999 695641 861667 325280 543897 697985 625372 751825 784214 674042 838314
 531224 371808 462004 793877 539644 94974 982970 445938 812741 461277 337639 544895 1 458189 448302 424643 606058 336108 435754 788127 554481 717167 390218 675529 889822 684211 665311 644439 282357 365489 480096 468569 752897 298642 508041 289050 487308 580470 916793 819856 323747 197595 176915 815569 784169 648566 836288 434256 642831 348755 258893 456875 349919 852908 912924 715578 542838 681717 874667 491033
 156120 102944 145126 758163 526999 551858 890261 55848 518572 604454 374967 843883 458189 1 541129 121680 147876 635257 790309 740485 140762 375156 307023 575465 604761 524900 705346 354251 186427 97144 25868 649319 810112 424521 498982 405496 636986 193325 716285 464441 507605 345834 485153 495168 665100 278375 680595 718120 425502 261692 199368 32964 523842 864177 826972 601465 246392 408792 788722 61932
 474634 536180 421579 349003 126179 468279 543645 576033 529940 71816 172755 359259 448302 541129 1 424093 642992 240954 380498 346132 681887 517550 236585 274406 579357 324693 217821 425271 500616 512697 565573 126470 311954 160404 111792 681904 100358 501414 534006 600490 130020 291403 280708 558593 371791 512035 436957 257145 353623 280298 452479 566117 107556 405572 474747 313416 400510 426211 438581 519328
 106808 167124 43588 638966 405327 511893 777825 168522 442706 489700 263954 741574 424643 121680 424093 1 226633 541293 700571 621886 260615 314989 187923 458495 528301 414012 583679 268527 207179 144752 143950 536899 688435 321158 377465 452558 521770 156338 618870 414831 403946 269846 408552 429234 552295 231083 573592 617292 321540 150007 190070 151615 417263 743449 712948 486610 152877 320128 674171 97057
 176782 242617 221468 805532 603753 699709 910469 171457 483388 711108 489555 968159 606058 147876 642992 226633 1 766795 925006 785321 127477 332927 407406 618206 565352 551938 779024 350246 331220 242712 126784 760214 881537 547782 580583 528533 742438 175622 706569 399016 630567 485443 625629 447961 691656 239003 691928 843917 443944 376266 347203 153585 643554 919393 853140 636214 274951 402415 817343 130580
 624155 590508 557103 560917 367106 307216 758869 651582 760390 200667 292800 219543 336108 635257 240954 541293 766795 1 161295 563856 767387 724798 386079 514964 815856 564021 409822 633638 522580 572310 661106 173492 471196 224699 349739 620538 208972 663018 774275 817012 150451 295259 175193 783801 608832 697007 675926 99003 579239 395813 477668 650565 152552 583434 693284 553439 577893 646029 660530 636216
 785185 738302 717691 655538 503902 375078 849011 802847 909563 322736 453994 138194 435754 790309 380498 700571 925006 161295 1 663330 919038 882571 547220 645355 959680 704040 502041 790808 664054 721790 816045 276024 535958 385964 492282 724116 316477 824295 900245 972662 310495 445654 311392 935981 728956 857665 798907 129583 730608 556520 621927 803640 308956 650793 788642 681224 738723 800030 760358 794549
 612334 777842 595816 23569 252239 814149 197639 790333 426109 363923 466038 579539 788127 740485 346132 621886 785321 563856 663330 1 869755 513781 467082 167286 420605 239482 161578 449305 774261 753221 758881 394825 177792 490021 285517 991913 356147 610818 278609 543508 476148 610371 626149 474820 124945 570062 183893 535454 347104 527638 730926 772224 453190 143220 129755 152794 511400 409410 97322 694526
 261504 185285 276497 888439 664892 649436 1009431 116199 602317 744959 515078 979419 554481 140762 681887 260615 127477 767387 919038 869755 1 452120 447506 703061 686076 645303 843163 455727 272412 198245 116788 789271 947673 562291 637728 425833 777551 279418 818226 524383 644983 473536 609534 569892 786299 354973 794341 853318 540567 402253 304071 118059 662219 997459 948745 725933 362120 509911 911465 175458
 222211 465426 271515 536684 421153 794317 600489 429882 150540 588087 440533 876806 717167 375156 517550 314989 332927 724798 882571 513781 452120 1 351724 360768 234068 277272 562939 92406 521311 448022 378087 643275 651570 510665 414962 764901 611359 182067 378156 102701 574606 531365 648706 120185 399534 98301 380836 769364 181149 373735 504318 405473 573689 656589 551563 362221 174437 106905 520318 313226
 244813 317951 186082 480777 228247 454988 643471 346376 425771 303739 93321 568751 390218 307023 236585 187923 407406 386079 547220 467082 447506 351724 1 318134 500389 304001 404249 266837 307192 293352 330763 353094 509010 162982 197229 532836 335270 279087 534451 451116 237615 193146 297414 434283 424274 311866 464254 448495 252615 60632 264566 333929 244653 574983 574681 354144 192482 296146 535012 282744
 445067 618316 430422 187353 149492 717020 325724 626390 304028 322791 339193 594013 675529 575465 274406 458495 618206 514964 645355 167286 703061 360768 318134 1 328511 85455 210474 287628 622619 593910 593158 370701 291363 380883 174262 850659 330773 444073 259642 408114 393313 484856 531151 346603 108921 407255 164971 516736 184751 378231 581898 607554 376256 303395 257734 40596 344116 253968 218209 528077
 449011 689015 485395 443623 456487 954607 431748 660243 86313 639288 570228 920014 889822 604761 579357 528301 565352 815856 959680 420605 686076 234068 500389 328511 1 256766 531897 260183 734414 669481 609795 691099 591980 633469 467752 980296 652516 413823 182843 181350 675489 693461 785678 118137 296576 332039 241021 834050 249401 542569 709915 636088 665668 556135 403208 303706 375783 212281 384212 543189
 384094 579244 380704 261678 200186 735641 365407 578226 221860 382724 347891 663906 684211 524900 324693 414012 551938 564021 704040 239482 645303 277272 304001 85455 256766 1 295088 209953 595236 555534 540166 434334 376460 401419 214282 832330 395805 376358 232595 322796 430025 487969 555284 262444 140998 330813 162534 577655 108690 360279 558531 557669 417074 380889 303446 86704 283184 171144 266341 472807
 602308 721785 567787 153806 178358 679055 350270 748818 514195 214763 372732 419716 665311 705346 217821 583679 779024 409822 502041 161578 843163 562939 404249 210474 531897 295088 1 481167 700413 697284 727215 237491 104902 376527 207267 896300 200894 613864 421685 617654 342834 505971 494223 557062 249032 594567 319699 374754 381997 460757 653633 734475 317482 187775 287213 228467 508039 456602 258345 669891
 199327 431632 226063 471261 331641 717198 560536 410073 175473 495964 352583 784507 644439 354251 425271 268527 350246 633638 790808 449305 455727 92406 266837 287628 260183 209953 481167 1 474239 411161 363384 551143 574142 422196 323772 720126 519621 176928 363679 185240 483733 453235 564102 171194 345082 120890 341684 677023 102901 296350 450278 386765 482089 589815 504748 296624 115716 54743 470122 294719
 303644 90237 250722 787713 530992 377328 948291 164612 649225 549520 329814 741218 282357 186427 500616 207179 331220 522580 664054 774261 272412 521311 307192 622619 734414 595236 700413 474239 1 89289 204629 583009 803279 350414 498278 245890 582171 351434 813804 619682 425049 231556 352985 636396 725782 433117 757737 616166 515473 246625 48444 178206 447577 878424 880224 656524 358671 524245 840610 233649
 226325 24699 185395 768769 521524 459997 916900 82906 583373 569583 340307 787142 365489 97144 512697 144752 242712 572310 721790 753221 198245 448022 293352 593910 669481 555534 697284 411161 89289 1 115928 609231 801866 376969 490543 318363 602549 271611 763577 543271 457651 277218 411563 565952 691794 355608 716425 660996 465897 236960 107952 91388 477226 867340 850719 624510 296240 463759 811513 147217
 164063 117248 163133 776925 548869 574144 905535 54310 523901 629343 400163 869714 480096 25868 565573 143950 126784 661106 816045 758881 116788 378087 330763 593158 609795 540166 727215 363384 204629 115928 1 674529 831867 450239 521331 414442 661812 196198 726643 464068 533347 371377 510519 498270 680800 280246 694106 743967 438895 286624 221257 30637 549464 884093 842985 618134 259111 418112 805007 68832
 595933 631363 539134 390159 235571 462661 587587 679029 647954 55191 274366 234328 468569 649319 126470 536899 760214 173492 276024 394825 789271 643275 353094 370701 691099 434334 237491 551143 583009 609231 674529 1 299240 233419 231336 732936 40462 625057 624244 724209 160070 355873 291700 679425 453087 638257 522899 146580 475873 388224 534697 671754 135823 410364 523306 405708 525687 549893 492078 633584
 704757 826331 671969 158091 283125 758234 323031 853717 586775 292548 474325 431552 752897 810112 311954 688435 881537 471196 535958 177792 947673 651570 509010 291363 591980 376460 104902 574142 803279 801866 831867 299240 1 472348 312148 993785 270208 714372 456385 697445 429243 603162 578222 632799 296211 690479 360562 416850 472601 565151 756149 839327 402992 114963 273678 298317 609003 544665 257384 774046
 399721 398624 333632 496619 241128 336430 684349 449474 567098 199672 70374 420742 298642 424521 160404 321158 547782 224699 385964 490021 562291 510665 162982 380883 633469 401419 376527 422196 350414 376969 450239 233419 472348 1 209991 521515 232058 438333 631194 607423 83213 131239 153996 582948 488532 474848 544446 296135 385596 172601 301991 444236 100364 563637 614289 421380 355462 443150 576035 417680
 405416 515115 364243 295248 33481 544378 476241 541682 418555 176684 180565 465599 508041 498982 111792 377465 580583 349739 492282 285517 637728 414962 197229 174262 467752 214282 207267 323772 498278 490543 521331 231336 312148 209991 1 707554 197079 423934 431765 493107 219762 325126 357537 448428 279781 421110 339227 368430 244542 254846 452744 527678 204319 380148 406079 214770 318637 318912 367325 466088
 544277 304335 495940 1002690 741034 357167 1175100 361423 895037 713733 527732 833259 289050 405496 681904 452558 528533 620538 724116 991913 425833 764901 532836 850659 980296 832330 896300 720126 245890 318363 414442 732936 993785 521515 707554 1 743743 589973 1055767 861399 575500 390657 449779 881292 957096 673821 994530 719482 758514 473578 275009 383843 601594 1081666 1105730 886980 604532 770009 1066105 463247
 574899 625344 520971 352294 198393 488137 550108 669440 611037 32969 263364 269727 487308 636986 100358 521770 742438 208972 316477 356147 777551 611359 335270 330773 652516 395805 200894 519621 582171 602549 661812 40462 270208 232058 197079 743743 1 601710 583812 690033 168331 359910 310849 643588 412635 610628 482439 186999 441157 375308 533728 660811 142151 378634 485099 365473 500371 515941 453261 617700
 49609 286922 119186 631386 443261 666398 735572 247828 328171 572463 371164 846944 580470 193325 501414 156338 175622 663018 824295 610818 279418 182067 279087 444073 413823 376358 613864 176928 351434 271611 196198 625057 714372 438333 423934 589973 601710 1 538818 272375 516265 415795 549697 302228 516054 85164 517882 727539 268329 270721 342721 223409 523704 746498 677661 460925 106052 230691 641748 131429
 562752 785891 579899 298833 408946 966857 249526 771868 236169 579451 580110 836711 916793 716285 534006 618870 706569 774275 900245 278609 818226 378156 534451 259642 182843 232595 421685 363679 813804 763577 726643 624244 456385 631194 431765 1055767 583812 538818 1 355209 651527 720504 784296 284309 173886 467621 102629 770811 298586 588511 780770 749077 635375 397758 228032 220849 470903 308997 216861 657843
 317126 559220 371678 567040 494210 896657 596769 517481 122963 669235 537814 958536 819856 464441 600490 414831 399016 817012 972662 543508 524383 102701 451116 408114 181350 322796 617654 185240 619682 543271 464068 724209 697445 607423 493107 861399 690033 272375 355209 1 667693 633397 748524 72297 421124 187683 385525 855855 249070 475723 604768 492974 664840 686155 557548 399668 277130 174347 531477 402983
 479519 478678 414915 478858 244450 338426 673633 531610 615718 139315 145158 337678 323747 507605 130020 403946 630567 150451 310495 476148 644983 574606 237615 393313 675489 430025 342834 483733 425049 457651 533347 160070 429243 83213 219762 575500 168331 516265 651527 667693 1 196033 151582 636732 495906 547180 558098 213619 433603 254672 377017 526931 26474 529885 604635 433549 428328 498009 568226 500638
 369368 295258 297904 618990 358204 263967 800736 357398 617855 328321 146129 511745 197595 345834 291403 269846 485443 295259 445654 610371 473536 531365 193146 484856 693461 487969 505971 453235 231556 277218 371377 355873 603162 131239 325126 390657 359910 415795 720504 633397 196033 1 140196 623494 593769 472882 642616 385994 445636 157674 184625 358039 220166 692154 730609 524195 359441 487339 691533 356859
 504924 427343 433892 629654 386218 188221 823220 493425 716948 285790 215795 394258 176915 485153 280708 408552 625629 175193 311392 626149 609534 648706 297414 531151 785678 555284 494223 564102 352985 411563 510519 291700 578222 153996 357537 449779 310849 549697 784296 748524 151582 140196 1 729693 637295 600224 695704 273440 536793 281495 310540 495809 176751 680887 753806 571747 482851 590269 716745 496970
 341269 584066 385675 498387 445597 887393 524538 550013 50743 625060 515119 913234 815569 495168 558593 429234 447961 783801 935981 474820 569892 120185 434283 346603 118137 262444 557062 171194 636396 565952 498270 679425 632799 582948 448428 881292 643588 302228 284309 72297 636732 623494 729693 1 351387 218267 313587 815605 205405 467199 616310 525620 631276 616884 485405 334485 280733 139801 459741 433253
 525044 715855 520442 148369 251817 824050 225536 717950 302085 410708 448103 662847 784169 665100 371791 552295 691656 608832 728956 124945 786299 399534 424274 108921 296576 140998 249032 345082 725782 691794 680800 453087 296211 488532 279781 957096 412635 516054 173886 421124 495906 593769 637295 351387 1 465300 71262 599378 247734 483721 686431 697767 477100 265576 162448 70253 424181 299335 125702 613655
 129698 371610 189255 591906 434694 730910 677698 332553 247486 583847 404965 867251 648566 278375 512035 231083 239003 697007 857665 570062 354973 98301 311866 407255 332039 330813 594567 120890 433117 355608 280246 638257 690479 474848 421110 673821 610628 85164 467621 187683 547180 472882 600224 218267 465300 1 457724 752679 223121 318905 420833 308077 550738 710134 623800 417456 119386 167561 589864 216531
 533404 739860 538262 205920 313812 880866 220216 734974 262890 479264 498697 734086 836288 680595 436957 573592 691928 675926 798907 183893 794341 380836 464254 164971 241021 162534 319699 341684 757737 716425 694106 522899 360562 544446 339227 994530 482439 517882 102629 385525 558098 642616 695704 313587 71262 457724 1 669373 255222 521724 720999 713540 540543 315289 172545 124563 435007 290409 146427 625724
 692256 680297 628417 528545 377576 399279 723657 738372 786958 195034 357771 126182 434256 718120 257145 617292 843917 99003 129583 535454 853318 769364 448495 516736 834050 577655 374754 677023 616166 660996 743967 146580 416850 296135 368430 719482 186999 727539 770811 855855 213619 385994 273440 815605 599378 752679 669373 1 610414 468275 570216 735620 203842 531671 661913 552159 635447 681980 632680 713764
 279103 488638 284289 368823 245273 705515 468940 480115 182296 421114 321098 710136 642831 425502 353623 321540 443944 579239 730608 347104 540567 181149 252615 184751 249401 108690 381997 102901 515473 465897 438895 475873 472601 385596 244542 758514 441157 268329 298586 249070 433603 445636 536793 205405 247734 223121 255222 610414 1 299344 483626 458460 426891 487061 409583 194826 179827 76486 373434 370581
 229082 261305 161308 541173 286701 421263 703768 295888 464205 342763 114214 591999 348755 261692 280298 150007 376266 395813 556520 527638 402253 373735 60632 378231 542569 360279 460757 296350 246625 236960 286624 388224 565151 172601 254846 473578 375308 270721 588511 475723 254672 157674 281495 467199 483721 318905 521724 468275 299344 1 203997 285887 267317 634106 635104 413734 202833 333086 595439 247054
 293492 118910 233091 743835 485683 352902 907573 190419 625749 501078 282196 695641 258893 199368 452479 190070 347203 477668 621927 730926 304071 504318 264566 581898 709915 558531 653633 450278 48444 107952 221257 534697 756149 301991 452744 275009 533728 342721 780770 604768 377017 184625 310540 616310 686431 420833 720999 570216 483626 203997 1 198932 399358 832741 839042 616742 335976 498201 799382 236461
 188127 89034 177508 789713 556230 551372 922994 24515 549993 628107 397840 861667 456875 32964 566117 151615 153585 650565 803640 772224 118059 405473 333929 607554 636088 557669 734475 386765 178206 91388 30637 671754 839327 444236 527678 383843 660811 223409 749077 492974 526931 358039 495809 525620 697767 308077 713540 735620 458460 285887 198932 1 544195 894994 859552 633899 279341 441364 821236 92944
 488673 498715 425826 455265 226812 362536 650805 549751 608375 112861 154678 325280 349919 523842 107556 417263 643554 152552 308956 453190 662219 573689 244653 376256 665668 417074 317482 482089 447577 477226 549464 135823 402992 100364 204319 601594 142151 523704 635375 664840 26474 220166 176751 631276 477100 550738 540543 203842 426891 267317 399358 544195 1 504224 582101 416173 432665 493506 546093 514254
 744280 892030 721315 120002 347588 864203 219627 911556 567659 397684 555239 543897 852908 864177 405572 743449 919393 583434 650793 143220 997459 656589 574983 303395 556135 380889 187775 589815 878424 867340 884093 410364 114963 563637 380148 1081666 378634 746498 397758 686155 529885 692154 680887 616884 265576 710134 315289 531671 487061 634106 832741 894994 504224 1 184331 294647 644465 551646 181995 822063
 687459 874995 682090 133423 373679 941993 70163 879444 434663 493598 584853 697985 912924 826972 474747 712948 853140 693284 788642 129755 948745 551563 574681 257734 403208 303446 287213 504748 880224 850719 842985 523306 273678 614289 406079 1105730 485099 677661 228032 557548 604635 730609 753806 485405 162448 623800 172545 661913 409583 635104 839042 859552 582101 184331 1 226411 586628 456467 39671 776000
 465841 648731 456394 175119 189370 757575 292562 653474 288902 359309 378824 625372 715578 601465 313416 486610 636214 553439 681224 152794 725933 362221 354144 40596 303706 86704 228467 296624 656524 624510 618134 405708 298317 421380 214770 886980 365473 460925 220849 399668 433549 524195 571747 334485 70253 417456 124563 552159 194826 413734 616742 633899 416173 294647 226411 1 364560 257001 187566 551887
 101284 317293 110848 531203 337323 621085 647739 301548 290589 472113 285620 751825 542838 246392 400510 152877 274951 577893 738723 511400 362120 174437 192482 344116 375783 283184 508039 115716 358671 296240 259111 525687 609003 355462 318637 604532 500371 106052 470903 277130 428328 359441 482851 280733 424181 119386 435007 635447 179827 202833 335976 279341 432665 644465 586628 364560 1 167526 549386 190757
 254062 484663 278372 432021 321242 750694 510205 464591 131164 494898 375397 784214 681717 408792 426211 320128 402415 646029 800030 409410 509911 106905 296146 253968 212281 171144 456602 54743 524245 463759 418112 549893 544665 443150 318912 770009 515941 230691 308997 174347 498009 487339 590269 139801 299335 167561 290409 681980 76486 333086 498201 441364 493506 551646 456467 257001 167526 1 423022 349426
 650407 835822 643735 106083 335140 904966 109316 840959 409110 460229 545677 674042 874667 788722 438581 674171 817343 660530 760358 97322 911465 520318 535012 218209 384212 266341 258345 470122 840610 811513 805007 492078 257384 576035 367325 1066105 453261 641748 216861 531477 568226 691533 716745 459741 125702 589864 146427 632680 373434 595439 799382 821236 546093 181995 39671 187566 549386 423022 1 738267
 95513 158915 102106 713076 492038 582605 837991 117059 457068 585835 360996 838314 491033 61932 519328 97057 130580 636216 794549 694526 175458 313226 282744 528077 543189 472807 669891 294719 233649 147217 68832 633584 774046 417680 466088 463247 617700 131429 657843 402983 500638 356859 496970 433253 613655 216531 625724 713764 370581 247054 236461 92944 514254 822063 776000 551887 190757 349426 738267 1
LAMBDA_SECTION
1 81
2 958
3 65
4 667
5 221
6 890
7 13
8 647
9 952
10 734
11 125
12 532
13 945
14 915
15 643
16 462
17 929
18 582
19 173
20 727
21 60
22 538
23 231
24 562
25 432
26 245
27 730
28 494
29 201
30 331
31 931
32 12
33 701
34 230
35 971
36 980
37 224
38 234
39 780
40 338
41 387
42 226
43 802
44 230
45 626
46 443
47 518
48 568
49 877
50 166
51 84
52 614
53 376
54 491
55 944
56 422
57 322
58 629
59 565
60 111
