NAME : domp80p26v8
COMMENT : Cherkesly, Contardo & Gruson 2022
TYPE : DOMP
DIMENSION : 80
DISPLAY_DATA_TYPE : NO_DISPLAY
OPEN_FACILITIES : 26
COST_SECTION
 1 705319 492897 816445 324586 404828 416507 689664 237213 709256 702548 767532 786096 296717 375030 353702 621404 724490 318748 547136 571590 405940 529708 842271 178385 162838 289125 135810 321743 691398 895608 573646 481884 343226 158941 298049 536312 541788 432127 602409 669511 496520 471173 631599 131675 495825 282302 715670 84645 764173 539451 566770 215226 635479 126913 112764 443504 301071 295969 195126 757179 530187 270520 183517 110991 296157 576248 443573 821883 734013 528059 513526 716675 386990 275291 523943 188954 365902 522746 250854
 705319 1 963877 163753 891634 340544 390763 311884 500272 55145 636574 356022 342968 881907 801438 355450 672980 415629 767951 721740 199365 741248 179078 599328 658869 621934 979908 595991 409554 356236 326885 498673 275799 890750 674696 478072 182581 498117 476673 210626 607873 873923 356699 83994 745988 354940 436324 59602 737225 378117 175071 966055 804873 670293 674369 744911 740244 762088 888081 858607 273078 746889 960780 766024 594461 486380 981104 1038229 272122 312135 217396 708054 187273 888593 611334 241688 883604 349436 599568 908552
 492897 963877 1 1001374 179818 790009 573158 1081438 671997 939581 1176968 1162327 851270 737983 859434 705028 1106466 1144973 209634 1038963 770033 898186 832942 1293464 670443 647607 596440 470877 720794 1097825 995500 1030820 851270 793590 651780 501052 854503 526862 494958 775253 1141820 121723 611818 920109 361433 909383 678012 943308 564522 1166868 850921 101202 278743 1119451 395561 591497 936224 787783 216288 607289 1124386 1023005 589677 309874 529341 742695 101995 836313 937146 816072 873381 317965 874292 848643 762002 723365 406560 645601 1002933 642889
 816445 163753 1001374 1 956867 487897 443917 467525 633848 123593 797965 500216 235698 1020960 953290 483715 836684 569412 821770 884525 250120 897273 319881 747881 795113 754974 1100472 694448 547363 512418 170881 662374 431093 1034582 808559 553266 332335 491125 507137 231063 770109 898679 395560 242480 835741 516656 567007 116324 859543 524279 322492 986935 882973 833868 764556 870811 898560 909120 959299 984590 414314 908887 1081374 847124 706286 630809 1002016 1179958 135703 228908 374230 713875 128069 1037040 758440 300429 983468 450553 762703 1036995
 324586 891634 179818 956867 1 667312 513150 962845 528328 876694 1022729 1043608 844957 558178 682762 589917 945298 1015678 144862 871256 711121 725557 740226 1151631 502852 485104 422478 333598 590789 973705 981765 884677 736073 613836 482663 413567 757386 528258 460279 725807 988665 235864 561910 835754 197575 779597 547115 881513 390094 1045048 756027 271937 111560 959088 249382 416176 764446 612199 37123 427471 1015876 852978 414215 150606 380730 597127 277061 659136 915840 801906 767364 369879 835130 669142 599032 661276 228014 549970 844818 463690
 404828 340544 790009 487897 667312 1 316822 295556 172667 365217 447563 376299 563212 542254 465623 90211 428968 355519 580405 435129 303866 413884 168108 516687 322321 289568 655546 334630 83087 308128 618928 282485 77710 550218 340225 306912 158081 501366 410806 346180 411026 735100 335531 257226 484639 124026 124237 372483 416101 378372 166534 826169 561930 433836 420155 418482 420623 422193 652012 529736 354354 449879 636682 520659 302755 146021 839838 697751 547609 512202 130729 632632 432815 549549 271301 282857 593384 181472 327965 576383
 416507 390763 573158 443917 513150 316822 1 557425 333006 367857 764383 634029 370265 681975 680788 233552 740038 643293 380999 727760 199261 660063 278221 820330 469595 424014 704540 281425 298208 585851 488293 599274 342295 713670 472278 120490 305162 185948 99716 212934 727842 485300 55338 352265 402708 434999 279382 372035 481969 645100 298234 578148 441176 746472 334532 501943 680618 615167 515498 607216 578827 733754 686255 407190 319958 378998 593080 841189 416845 318966 339225 337230 324649 737568 487864 150799 557377 136732 634664 663094
 689664 311884 1081438 467525 962845 295556 557425 1 452495 365664 336531 80997 648983 758052 628313 376574 397042 104095 872001 474632 437265 549671 285130 290617 569658 550420 910505 630075 374452 44921 636486 234278 230220 747417 591989 586138 255695 721290 657121 470295 313246 1018611 552009 262339 778922 195174 417750 370988 684800 87804 264859 1111093 857289 389926 715510 680235 533563 615679 947432 781971 89558 508181 892630 816036 594354 398079 1125237 894287 584005 611457 218310 893558 492179 725522 483696 451611 878245 443892 355433 819820
 237213 500272 671997 633848 528328 172667 333006 452495 1 515836 507833 530685 662140 387641 351046 150527 450399 491455 467679 411499 412485 327257 321326 623832 161403 121802 483958 201171 92097 455354 744047 358908 250328 405737 175049 259380 320280 510332 400970 451532 471945 638770 374671 419902 334620 259286 67550 522863 243495 528046 326109 724264 418015 461023 279999 246960 349537 290697 507562 359591 520716 410838 464994 377814 147905 70891 736571 547741 670028 608747 301815 580118 556353 418064 154882 374720 426005 216205 342587 408445
 709256 55145 939581 123593 876694 365217 367857 365664 515836 1 686856 411133 287847 901594 830194 367029 719052 469620 748442 762956 169557 773693 197713 653960 676489 637510 989190 593480 427513 409735 277204 545014 307511 913585 690882 464709 208865 458557 447327 171243 657335 845370 328214 120669 740289 394557 449853 7286 746988 433131 199217 936638 794585 717082 668566 756640 775043 787090 875381 870590 328193 786569 970050 756800 598337 509154 951740 1059759 218980 257848 250834 673357 132552 914719 636258 217082 882744 346132 641743 921970
 702548 636574 1176968 797965 1022729 447563 764383 336531 507833 686856 1 339166 955360 629364 460070 533645 112862 248734 975116 226636 712910 375353 548181 187128 531228 539717 824420 707931 483087 292779 963363 165196 436965 595466 554355 741085 520002 948495 857519 752707 36836 1146395 780540 570705 825155 334338 519047 693050 657961 314405 531896 1232057 911209 96528 781606 640282 339801 488605 996942 707013 413324 265699 810385 873577 647639 437107 1244282 720510 904934 911285 469460 1071238 802629 551132 429202 708954 868555 628646 181497 724031
 767532 356022 1162327 500216 1043608 376299 634029 80997 530685 411133 339166 1 698631 821822 683674 457541 418701 91441 952925 509246 502962 601974 358412 248095 641722 624904 981220 710643 454514 80145 671066 274720 311060 807520 664510 666350 329822 793588 733559 533132 323559 1098732 625841 320992 858952 271756 497952 415523 759545 25763 338042 1191332 937763 408758 796005 753708 581768 677383 1027940 852868 86035 545388 963647 896529 673846 473902 1205525 952430 624929 664905 296122 970889 542064 781560 551950 521703 955704 523517 396775 888648
 786096 342968 851270 235698 844957 563212 370265 648983 662140 287847 955360 698631 1 1039024 1009961 520239 971275 752982 701145 995532 259413 970868 413813 939176 817053 772313 1074641 651548 593892 691888 146186 801834 534277 1064578 824290 490518 439219 324759 387587 217186 923143 737448 315151 388715 767512 636051 596501 283949 847928 720182 427225 818115 793662 972056 702037 865865 981734 952738 855869 974346 616039 1012499 1056278 764518 685564 684092 832757 1199930 108174 53494 489844 540621 156932 1080156 809708 288496 924077 447457 881135 1029899
 296717 881907 737983 1020960 558178 542254 681975 758052 387641 901594 629364 821822 1039024 1 173767 538167 521645 751554 599525 413955 797505 254626 704814 806323 226293 268733 205462 420124 474081 741885 1129722 563105 613823 56468 215537 573177 699446 829150 716815 835009 606625 769668 732948 799203 406158 574720 455046 908716 213324 809403 706881 826327 469946 538454 422728 187278 292702 146361 522014 130931 842558 380470 196083 453261 364970 396337 833105 161112 1055438 985601 671311 809098 942718 115574 279078 756557 335870 593092 460482 110214
 375030 801438 859434 953290 682762 465623 680788 628313 351046 830194 460070 683674 1009961 173767 1 490130 350242 605885 693763 240652 754861 86058 633713 641080 221395 264161 377811 463907 417256 605505 1081318 413469 525678 135398 229165 590268 621552 849990 737425 795666 439824 871410 724944 717458 504036 462892 414237 837476 296005 668240 630980 939205 581540 367121 496899 268341 120520 74442 648989 279756 716475 206705 366816 555445 396679 327747 947909 270158 1008578 956854 584221 874631 893573 97967 200332 721475 477301 566920 300332 278948
 353702 355450 705028 483715 589917 90211 233552 376574 150527 367029 533645 457541 520239 538167 490130 1 506537 443392 495496 499223 265158 452022 177173 606860 311919 271260 624467 262365 74010 393448 595044 369315 146888 555220 324856 216872 182645 419461 323987 305603 496898 646546 259750 278672 415549 214216 83311 373949 381784 461866 185842 738084 488054 512923 347429 390062 465971 435803 577305 503963 425968 508741 605337 446911 244500 164085 751911 698162 521339 467367 179873 542686 407042 564237 289801 231882 537999 96887 401630 554977
 621404 672980 1106466 836684 945298 428968 740038 397042 450399 719052 112862 418701 971275 521645 350242 506537 1 327691 910304 113823 718589 267026 557596 299627 444990 460324 720106 644226 445379 357668 995765 174311 438337 485406 467033 699698 532192 925978 827402 760125 103700 1085565 763710 599044 748612 335340 475074 725759 568768 396052 544164 1167957 834483 16887 711718 548698 229730 384408 917371 606432 482297 152837 706844 798692 579772 382473 1179463 608049 932446 923909 481799 1027730 824276 439475 346280 706739 777687 603423 108200 619619
 724490 415629 1144973 569412 1015678 355519 643293 104095 491455 469620 248734 91441 752982 751554 605885 443392 327691 1 935498 420866 536850 522338 379461 187516 585186 573650 920027 682364 425737 61867 739115 192642 303921 733356 608632 659021 349464 813592 742754 571295 232163 1089937 642948 365670 825320 236372 469256 474872 707658 68398 359655 1181379 907121 317482 766360 699015 499460 605674 997214 792595 166112 457765 903050 866262 638472 428341 1195135 875847 687704 715047 306494 976081 596221 703811 489993 547693 910152 521468 312317 824817
 318748 767951 209634 821770 144862 580405 380999 872001 467679 748442 975116 952925 701145 599525 693763 495496 910304 935498 1 850909 580260 720408 628137 1085920 487622 458337 506606 267253 511998 888191 839243 825344 641904 651524 472047 295448 648473 383397 319031 591338 939436 178834 426317 718642 193768 700148 469549 752795 400176 957289 645518 257671 141509 922477 201880 428613 756154 619706 162551 475616 916312 838747 494157 146860 330580 538568 269415 724762 774490 658981 665320 239488 697869 700580 571000 531451 308232 438979 804709 522432
 547136 721740 1038963 884525 871256 435129 727760 474632 411499 762956 226636 509246 995532 413955 240652 499223 113823 420866 850909 1 737313 161671 584829 412997 368818 392880 615811 590571 429858 440198 1035600 240392 463731 374723 388594 670061 563062 912167 807225 779607 213763 1028873 758732 642442 677782 368519 450719 769997 485290 488687 574621 1107064 762342 130429 649352 462466 121723 283427 841118 507575 563320 39374 603559 729128 522860 351578 1117708 494404 968398 945600 515094 990394 856269 326800 280090 717954 689391 594101 123066 515708
 571590 199365 770033 250120 711121 303866 199261 437265 412485 169557 712910 502962 259413 797505 754861 265158 718589 536850 580260 737313 1 712590 164844 723760 571969 528772 858726 445986 337612 475178 332222 553491 280338 818147 582077 303459 193737 302313 278444 42337 678910 676443 158847 185803 585654 384006 345270 173319 621031 519789 182117 768085 633711 720602 514550 635049 722601 700830 711709 747593 432192 753474 839758 597388 463035 427451 783168 958450 257940 208430 243704 508738 146375 829155 554643 50419 734237 208142 624866 801603
 405940 741248 898186 897273 725557 413884 660063 549671 327257 773693 375353 601974 970868 254626 86058 452022 267026 522338 720408 161671 712590 1 580186 555280 233190 267936 454500 473124 378013 524726 1032812 329698 466411 220822 248505 581101 565070 836839 726177 754317 354210 899229 699904 657694 537575 393843 383621 780970 335636 585716 575253 972358 619554 283830 519268 310535 40809 122440 693640 346432 638584 132830 442010 589435 404141 288216 982051 355173 961344 918442 524166 883505 846417 182530 173096 683394 533182 537024 214594 354240
 529708 179078 832942 319881 740226 168108 278221 285130 321326 197713 548181 358412 413813 704814 633713 177173 557596 379461 628137 584829 164844 580186 1 564419 480636 443070 801245 427814 231164 318830 454257 389858 121194 715952 496002 332709 30053 436165 376897 204625 514373 756351 267451 101906 580497 222277 257285 204942 558597 371574 20372 849580 645903 558726 509790 565905 584351 589444 732496 679555 300617 604498 782129 605701 419450 311445 864250 862407 384767 366414 78866 615298 271573 717215 438661 168428 711460 190439 468127 729495
 842271 599328 1293464 747881 1151631 516687 820330 290617 623832 653960 187128 248095 939176 806323 641080 606860 299627 187516 1085920 412997 723760 555280 564419 1 682080 681830 995140 823521 575045 249374 918617 268627 478042 776091 705875 823558 534368 995250 918882 758642 201508 1248436 824171 552884 955892 392664 616678 658882 809460 223633 544969 1338032 1040689 283539 903831 795290 522071 662192 1129371 873241 334115 452253 980031 1001026 770940 554508 1351229 905263 870529 902072 489134 1147840 782267 734509 580036 732842 1019161 692680 346620 895557
 178385 658869 670443 795113 502852 322321 469595 569658 161403 676489 531228 641722 817053 226293 221395 311919 444990 585186 487622 368818 571969 233190 480636 682080 1 45590 341326 243521 249474 562241 904072 415914 397229 247526 23848 371666 477144 631947 518923 610065 499749 666450 517488 577131 309071 376334 228757 683564 127558 633896 483906 741120 393539 459534 286164 114337 268540 149486 473532 212901 647801 352850 323213 360574 175552 179668 751236 386738 829874 763559 452929 654966 716768 267989 102561 532111 338127 369701 349915 255385
 162838 621934 647607 754974 485104 289568 424014 550420 121802 637510 539717 624904 772313 268733 264161 271260 460324 573650 458337 392880 528772 267936 443070 681830 45590 1 366825 205205 212744 546368 860989 413536 366104 292440 53649 326982 441337 587201 474277 566407 506702 636721 471934 541167 288305 355465 187973 644518 134658 618759 447490 714185 374163 474001 256566 130871 300685 193691 457911 240218 625413 380601 348140 338648 136262 153385 724855 429711 786707 718825 420169 616124 674056 313558 114445 488150 338589 325205 360186 287369
 289125 979908 596440 1100472 422478 655546 704540 910505 483958 989190 824420 981220 1074641 205462 377811 624467 720106 920027 506606 615811 858726 454500 801245 995140 341326 366825 1 423122 576017 901328 1184546 739805 732588 255938 319833 584910 803051 815637 710923 890661 798993 654491 759511 901833 335243 717653 544403 995875 242684 972145 808063 693314 365182 736715 384255 237098 494089 335996 385555 128540 989123 583840 19143 366412 395697 519018 697201 243877 1110708 1022789 785613 740581 1004469 315435 430224 811861 199667 651343 648941 100497
 135810 595991 470877 694448 333598 334630 281425 630075 201171 593480 707931 710643 651548 420124 463907 262365 644226 682364 267253 590571 445986 473124 427814 823521 243521 205205 423122 1 257192 640144 764357 559944 405764 460661 234961 162303 439925 409766 298466 473997 672338 441347 336402 528522 153445 446124 213518 599482 209090 711619 440766 524643 227324 656045 85617 233194 505247 390392 317383 329736 686452 582048 404832 186046 69015 271971 536610 573568 691160 599836 442199 411477 588893 496421 311311 396887 289464 247493 537982 385691
 321743 409554 720794 547363 590789 83087 298208 374452 92097 427513 483087 454514 593892 474081 417256 74010 445379 425737 511998 429858 337612 378013 231164 575045 249474 212744 576017 257192 1 383008 665468 322455 160426 487574 265190 258022 228597 483470 382188 378559 446283 673631 329572 328434 404480 189371 43675 434636 335058 454695 234823 762988 483628 453132 342044 339052 392287 365054 573855 451607 436671 437491 557039 442470 220637 90206 776193 632607 592191 541127 210065 588183 477417 493620 217132 305715 510343 164543 338418 500015
 691398 356236 1097825 512418 973705 308128 585851 44921 455354 409735 292779 80145 691888 741885 605505 393448 357668 61867 888191 440198 475178 524726 318830 249374 562241 546368 901328 640144 383008 1 681260 201313 250106 728190 585149 606998 288923 753955 685500 509460 270670 1039077 583669 304096 786372 196167 426673 415165 681020 72779 298868 1131055 866540 349709 725039 674619 506070 597694 956768 773033 124649 474967 883810 825423 600280 396443 1144999 873622 628323 653520 247440 920238 535263 703259 471870 486778 878981 467133 323712 808554
 895608 326885 995500 170881 981765 618928 488293 636486 744047 277204 963363 671066 146186 1129722 1081318 595044 995765 739115 839243 1035600 332222 1032812 454257 918617 904072 860989 1184546 764357 665468 681260 1 821945 573529 1149769 914297 607954 473340 468645 521651 295784 934282 882716 433405 396721 890866 667495 676603 270740 950332 695057 462104 964058 923973 994067 822758 965572 1038366 1030406 990560 1077202 585187 1057247 1165785 892550 789933 753845 978734 1290645 74396 180566 520520 686463 188074 1158954 882145 374965 1045594 538788 915760 1131789
 573646 498673 1030820 662374 884677 282485 599274 234278 358908 545014 165196 274720 801834 563105 413469 369315 174311 192642 825344 240392 553491 329698 389858 268627 415914 413536 739805 559944 322455 201313 821945 1 274517 542247 439761 579536 362995 783300 692862 594193 128906 992811 615511 425299 688238 170798 360795 551677 542701 256901 374998 1080429 773434 172137 638194 529937 307437 416757 861652 614495 323209 274088 723636 734170 504519 288499 1093141 683566 759400 755787 312220 909309 652557 511337 315100 546579 751524 463757 122458 642241
 481884 275799 851270 431093 736073 77710 342295 230220 250328 307511 436965 311060 534277 613823 525678 146888 438337 303921 641904 463731 280338 466411 121194 478042 397229 366104 732588 405764 160426 250106 573529 274517 1 618527 415929 357024 100274 519658 440942 321789 401878 789359 348937 191861 557585 103956 200075 314773 493680 316437 111427 881577 632768 440268 491341 495629 467665 488212 722474 606307 280694 483956 713773 591511 378280 218406 895626 766994 505096 485991 58631 672388 392542 613680 338233 272172 670141 217561 347059 652135
 343226 890750 793590 1034582 613836 550218 713670 747417 405737 913585 595466 807520 1064578 56468 135398 555220 485406 733356 651524 374723 818147 220822 715952 776091 247526 292440 255938 460661 487574 728190 1149769 542247 618527 1 241696 608797 708278 867153 754257 856819 575009 823164 763126 807258 457800 570454 473168 920787 258697 793609 716432 881221 523985 502292 470057 231171 255803 132742 577811 187081 833791 339246 248341 505884 401627 404686 888201 149015 1075765 1011085 676800 856742 961989 60076 280305 779235 392249 617203 433307 164896
 158941 674696 651780 808559 482663 340225 472278 591989 175049 690882 554355 664510 824290 215537 229165 324856 467033 608632 472047 388594 582077 248505 496002 705875 23848 53649 319833 234961 265190 585149 914297 439761 415929 241696 1 370507 493601 630513 517367 619473 523073 650830 521440 593534 290388 398194 241553 697906 103940 656933 500006 724081 374079 481739 271503 90597 285170 155434 452770 191741 669475 371251 301533 342118 168742 199608 733943 376625 839988 770822 470953 645476 727508 267279 126160 541037 314623 377706 372949 236225
 298049 478072 501052 553266 413567 306912 120490 586138 259380 464709 741085 666350 490518 573177 590268 216872 699698 659021 295448 670061 303459 581101 332709 823558 371666 326982 584910 162303 258022 606998 607954 579536 357024 608797 370507 1 353529 260283 147295 325061 704271 432485 175826 424137 284569 430911 224677 469842 367469 673116 350242 524984 330520 708504 215078 389242 606620 520672 410774 490922 624059 670216 566763 293930 208217 319831 539181 730256 535873 439422 373429 330162 439333 637786 408444 253041 437764 144674 591684 546910
 536312 182581 854503 332335 757386 158081 305162 255695 320280 208865 520002 329822 439219 699446 621552 182645 532192 349464 648473 563062 193737 565070 30053 534368 477144 441337 803051 439925 228597 288923 473340 362995 100274 708278 493601 353529 1 465658 404312 232785 486508 780241 296426 99988 593212 197452 258829 216150 560830 342453 12005 873437 660965 532838 523185 566661 567434 580101 748437 679778 274536 583964 783987 620410 427045 303806 888026 855657 405348 392792 50793 642391 293685 707120 429236 198481 720292 209531 444928 728592
 541788 498117 526862 491125 528258 501366 185948 721290 510332 458557 948495 793588 324759 829150 849990 419461 925978 813592 383397 912167 302313 836839 436165 995250 631947 587201 815637 409766 483470 753955 468645 783300 519658 867153 630513 260283 465658 1 113147 287995 912113 415086 171097 486031 485543 616679 461955 460093 618825 807582 456461 499464 492344 932347 431427 642789 859847 780871 543293 736838 729068 916813 798829 469976 465527 561684 514405 983304 411853 289704 507135 223308 363498 897726 663755 273128 641042 322591 820564 792366
 432127 476673 494958 507137 460279 410806 99716 657121 400970 447327 857519 733559 387587 716815 737425 323987 827402 742754 319031 807225 278444 726177 376897 918882 518923 474277 710923 298466 382188 685500 521651 692862 440942 754257 517367 147295 404312 113147 1 280462 820805 398065 119974 446031 387076 531352 356630 450569 507469 744779 397050 489652 406433 834762 327520 530922 750275 667966 469117 627209 677247 810052 693628 378759 352658 455697 504731 871856 455694 342384 438939 238592 381078 784580 553129 235446 544163 229356 720606 682981
 602409 210626 775253 231063 725807 346180 212934 470295 451532 171243 752707 533132 217186 835009 795666 305603 760125 571295 591338 779607 42337 754317 204625 758642 610065 566407 890661 473997 378559 509460 295784 594193 321789 856819 619473 325061 232785 287995 280462 1 718992 677280 165083 212665 609320 425218 384642 173366 654864 551013 220960 767757 653099 761941 538945 669825 764651 740776 728422 781678 459341 795810 871787 618010 495241 468579 782874 996075 221409 166094 283248 502291 114961 868936 595362 79216 760334 243027 666918 836124
 669511 607873 1141820 770109 988665 411026 727842 313246 471945 657335 36836 323559 923143 606625 439824 496898 103700 232163 939436 213763 678910 354210 514373 201508 499749 506702 798993 672338 446283 270670 934282 128906 401878 575009 523073 704271 486508 912113 820805 718992 1 1110301 744413 540115 791112 298816 482369 663650 626899 299682 498446 1196209 877114 89926 746638 609947 320575 463972 963271 679857 393577 253130 784537 839222 612583 401144 1208497 703894 874773 878503 435831 1034421 771226 533001 397381 674017 837614 592005 151654 698830
 496520 873923 121723 898679 235864 735100 485300 1018611 638770 845370 1146395 1098732 737448 769668 871410 646546 1085565 1089937 178834 1028873 676443 899229 756351 1248436 666450 636721 654491 441347 673631 1039077 882716 992811 789359 823164 650830 432485 780241 415086 398065 677280 1110301 1 517681 837186 368336 857892 632904 848546 576518 1105590 775336 93230 300133 1097302 380547 604801 934975 797579 271306 642212 1053887 1017277 644732 318115 506968 709332 107968 885152 826920 704710 804587 198918 770776 874254 748805 632238 455890 575605 979111 684960
 471173 356699 611818 395560 561910 335531 55338 552009 374671 328214 780540 625841 315151 732948 724944 259750 763710 642948 426317 758732 158847 699904 267451 824171 517488 471934 759511 336402 329572 583669 433405 615511 348937 763126 521440 175826 296426 171097 119974 165083 744413 517681 1 328370 457462 447290 316525 331714 535288 638876 287822 609512 493722 769090 389659 554631 718409 661085 565939 660999 564909 767062 741175 460589 372951 414729 624580 892761 362385 263679 336462 354980 273407 785050 529182 115699 612483 165069 660344 716795
 631599 83994 920109 242480 835754 257226 352265 262339 419902 120669 570705 320992 388715 799203 717458 278672 599044 365670 718642 642442 185803 657694 101906 552884 577131 541167 901833 528522 328434 304096 396721 425299 191861 807258 593534 424137 99988 486031 446031 212665 540115 837186 328370 1 680651 274238 357440 127632 659335 339708 93854 930191 744055 597436 609578 665844 657333 678290 829573 779185 246917 666440 882741 704255 521352 403220 945078 954962 334795 349426 133582 683275 233111 804662 527605 214459 813171 286609 521094 828322
 131675 745988 361433 835741 197575 484639 402708 778922 334620 740289 825155 858952 767512 406158 504036 415549 748612 825320 193768 677782 585654 537575 580497 955892 309071 288305 335243 153445 404480 786372 890866 688238 557585 457800 290388 284569 593212 485543 387076 609320 791112 368336 457462 680651 1 590643 361212 745998 208362 858549 593847 435680 86091 762196 71738 236545 575174 430746 173480 284686 838138 661579 319955 51864 186906 401913 444901 536603 819540 718329 595422 410995 723821 506964 402607 535467 157175 396553 647444 334381
 495825 354940 909383 516656 779597 124026 434999 195174 259286 394557 334338 271756 636051 574720 462892 214216 335340 236372 700148 368519 384006 393843 222277 392664 376334 355465 717653 446124 189371 196167 667495 170798 103956 570454 398194 430911 197452 616679 531352 425218 298816 857892 447290 274238 590643 1 232888 401630 489704 268791 209350 948485 671537 336753 530413 485641 388337 437731 761723 589177 271557 392233 699539 630547 404268 202906 961998 719257 601332 588577 147774 756159 490861 556580 296197 375800 683953 302570 248339 629098
 282302 436324 678012 567007 547115 124237 279382 417750 67550 449853 519047 497952 596501 455046 414237 83311 475074 469256 469549 450719 345270 383621 257285 616678 228757 187973 544403 213518 43675 426673 676603 360795 200075 473168 241553 224677 258829 461955 356630 384642 482369 632904 316525 357440 361212 232888 1 456820 302019 498315 263662 721668 440019 483828 298398 308628 402027 356439 530242 422284 478588 454904 525316 398846 178540 99773 734734 615260 602631 543217 246100 553875 488849 484371 214910 308442 470157 153669 367145 472592
 715670 59602 943308 116324 881513 372483 372035 370988 522863 7286 693050 415523 283949 908716 837476 373949 725759 474872 752795 769997 173319 780970 204942 658882 683564 644518 995875 599482 434636 415165 270740 551677 314773 920787 697906 469842 216150 460093 450569 173366 663650 848546 331714 127632 745998 401630 456820 1 753724 437700 206501 939671 799879 723720 674285 763471 782290 794336 880427 877420 332225 793680 976736 762200 604774 516378 954777 1066925 213278 255014 258055 675648 129485 921978 643509 221348 888802 352219 648725 928861
 84645 737225 564522 859543 390094 416101 481969 684800 243495 746988 657961 759545 847928 213324 296005 381784 568768 707658 400176 485290 621031 335636 558597 809460 127558 134658 242684 209090 335058 681020 950332 542701 493680 258697 103940 367469 560830 618825 507469 654864 626899 576518 535288 659335 208362 489704 302019 753724 1 753388 565631 643200 285990 583789 211558 28486 374892 223404 358008 126900 758738 464539 223557 259537 162446 286996 651942 364483 876076 795088 545113 598125 767339 302593 230083 575672 210723 412898 476483 182035
 764173 378117 1166868 524279 1045048 378372 645100 87804 528046 433131 314405 25763 720182 809403 668240 461866 396052 68398 957289 488687 519789 585716 371574 223633 633896 618759 972145 711619 454695 72779 695057 256901 316437 793609 656933 673116 342453 807582 744779 551013 299682 1105590 638876 339708 858549 268791 498315 437700 753388 1 351228 1197934 938323 385709 796704 746633 564337 664315 1028549 844022 110761 525290 954767 897159 672673 469172 1212016 937621 648002 685578 306079 981346 563411 766200 542167 536694 951749 531362 378196 878596
 539451 175071 850921 322492 756027 166534 298234 264859 326109 199217 531896 338042 427225 706881 630980 185842 544164 359655 645518 574621 182117 575253 20372 544969 483906 447490 808063 440766 234823 298868 462104 374998 111427 716432 500006 350242 12005 456461 397050 220960 498446 775336 287822 93854 593847 209350 263662 206501 565631 351228 1 868557 660570 544831 523501 571996 578043 588726 747652 685333 280710 595317 788978 620167 429743 311784 883195 863550 393846 380790 62789 635385 281944 715988 437835 188052 722590 206978 456683 734550
 566770 966055 101202 986935 271937 826169 578148 1111093 724264 936638 1232057 1191332 818115 826327 939205 738084 1167957 1181379 257671 1107064 768085 972358 849580 1338032 741120 714185 693314 524643 762988 1131055 964058 1080429 881577 881221 724081 524984 873437 499464 489652 767757 1196209 93230 609512 930191 435680 948485 721668 939671 643200 1197934 868557 1 358802 1180148 457855 670971 1009219 866268 309055 696472 1146997 1093634 685701 383973 588198 795084 15118 931071 910704 787903 897516 277666 858883 934728 827609 724428 499892 668467 1062361 734899
 215226 804873 278743 882973 111560 561930 441176 857289 418015 794585 911209 937763 793662 469946 581540 488054 834483 907121 141509 762342 633711 619554 645903 1040689 393539 374163 365182 227324 483628 866540 923973 773434 632768 523985 374079 330520 660965 492344 406433 653099 877114 300133 493722 744055 86091 671537 440019 799879 285990 938323 660570 358802 1 848138 141783 313253 657791 509379 90230 342081 913362 745220 352985 41281 270153 486288 366858 587078 854855 747032 667231 378616 765802 576438 488340 583311 166827 457530 733519 385673
 635479 670293 1119451 833868 959088 433836 746472 389926 461023 717082 96528 408758 972056 538454 367121 512923 16887 317482 922477 130429 720602 283830 558726 283539 459534 474001 736715 656045 453132 349709 994067 172137 440268 502292 481739 708504 532838 932347 834762 761941 89926 1097302 769090 597436 762196 336753 483828 723720 583789 385709 544831 1180148 848138 1 724422 563987 246607 400937 931411 622703 474177 169304 723391 812097 592075 392486 1191750 624763 931441 925139 482261 1037115 824046 456318 360219 709900 792998 609762 118457 636222
 126913 674369 395561 764556 249382 420155 334532 715510 279999 668566 781606 796005 702037 422728 496899 347429 711718 766360 201880 649352 514550 519268 509790 903831 286164 256566 384255 85617 342044 725039 822758 638194 491341 470057 271503 215078 523185 431427 327520 538945 746638 380547 389659 609578 71738 530413 298398 674285 211558 796704 523501 457855 141783 724422 1 239603 554565 422475 231936 312953 772017 636871 367404 100527 134122 349764 468769 565284 750897 652051 527095 386701 653650 513663 369755 464463 222847 324953 607524 366803
 112764 744911 591497 870811 416176 418482 501943 680235 246960 756640 640282 753708 865865 187278 268341 390062 548698 699015 428613 462466 635049 310535 565905 795290 114337 130871 237098 233194 339052 674619 965572 529937 495629 231171 90597 389242 566661 642789 530922 669825 609947 604801 554631 665844 236545 485641 308628 763471 28486 746633 571996 670971 313253 563987 239603 1 350210 196305 383522 113951 756102 440556 218205 287552 182039 284193 679590 341168 891222 812821 548519 625979 781421 274262 215287 590619 229014 427067 458850 166626
 443504 740244 936224 898560 764446 420623 680618 533563 349537 775043 339801 581768 981734 292702 120520 465971 229730 499460 756154 121723 722601 40809 584351 522071 268540 300685 494089 505247 392287 506070 1038366 307437 467665 255803 285170 606620 567434 859847 750275 764651 320575 934975 718409 657333 575174 388337 402027 782290 374892 564337 578043 1009219 657791 246607 554565 350210 1 163226 732842 387123 622981 92023 481889 626996 436256 304017 1019112 384243 967790 929791 524392 914130 853222 212530 198679 695742 573721 554233 187911 394011
 301071 762088 787783 909120 612199 422193 615167 615679 290697 787090 488605 677383 952738 146361 74442 435803 384408 605674 619706 283427 700830 122440 589444 662192 149486 193691 335996 390392 365054 597694 1030406 416757 488212 132742 155434 520672 580101 780871 667966 740776 463972 797579 661085 678290 430746 437731 356439 794336 223404 664315 588726 866268 509379 400937 422475 196305 163226 1 579054 224161 701575 255210 322460 482324 323732 278438 875180 281562 956941 899378 546716 800643 842332 128566 150892 664878 412698 506629 315664 235523
 295969 888081 216288 959299 37123 652012 515498 947432 507562 875381 996942 1027940 855869 522014 648989 577305 917371 997214 162551 841118 711709 693640 732496 1129371 473532 457911 385555 317383 573855 956768 990560 861652 722474 577811 452770 410774 748437 543293 469117 728422 963271 271306 565939 829573 173480 761723 530242 880427 358008 1028549 747652 309055 90230 931411 231936 383522 732842 579054 1 391195 1002951 821978 377161 131415 359660 575314 314107 622017 923371 811490 756056 395941 839307 633473 571194 661527 190941 543031 818077 426804
 195126 858607 607289 984590 427471 529736 607216 781971 359591 870590 707013 852868 974346 130931 279756 503963 606432 792595 475616 507575 747593 346432 679555 873241 212901 240218 128540 329736 451607 773033 1077202 614495 606307 187081 191741 490922 679778 736838 627209 781678 679857 642212 660999 779185 284686 589177 422284 877420 126900 844022 685333 696472 342081 622703 312953 113951 387123 224161 391195 1 860683 478912 110780 328757 288817 391272 702973 252973 1002932 921608 660239 694097 893943 244433 302604 702474 205408 539456 528622 55991
 757179 273078 1124386 414314 1015876 354354 578827 89558 520716 328193 413324 86035 616039 842558 716475 425968 482297 166112 916312 563320 432192 638584 300617 334115 647801 625413 989123 686452 436671 124649 585187 323209 280694 833791 669475 624059 274536 729068 677247 459341 393577 1053887 564909 246917 838138 271557 478588 332225 758738 110761 280710 1146997 913362 474177 772017 756102 622981 701575 1002951 860683 1 597278 970952 872121 657073 472053 1161489 981269 539957 584083 251027 915779 460091 813378 565979 455942 946124 479445 444776 900492
 530187 746889 1023005 908887 852978 449879 733754 508181 410838 786569 265699 545388 1012499 380470 206705 508741 152837 457765 838747 39374 753474 132830 604498 452253 352850 380601 583840 582048 437491 474967 1057247 274088 483956 339246 371251 670216 583964 916813 810052 795810 253130 1017277 767062 666440 661579 392233 454904 793680 464539 525290 595317 1093634 745220 169304 636871 440556 92023 255210 821978 478912 597278 1 572177 713234 513572 355141 1103912 456048 989034 961900 537085 986312 876034 289714 270816 731834 665320 602014 153375 484206
 270520 960780 589677 1081374 414215 636682 686255 892630 464994 970050 810385 963647 1056278 196083 366816 605337 706844 903050 494157 603559 839758 442010 782129 980031 323213 348140 19143 404832 557039 883810 1165785 723636 713773 248341 301533 566763 783987 798829 693628 871787 784537 644732 741175 882741 319955 699539 525316 976736 223557 954767 788978 685701 352985 723391 367404 218205 481889 322460 377161 110780 970952 572177 1 352603 376745 500528 689960 247666 1091917 1004359 766691 726891 985541 308243 413104 792957 188961 632320 634127 87975
 183517 766024 309874 847124 150606 520659 407190 816036 377814 756800 873577 896529 764518 453261 555445 446911 798692 866262 146860 729128 597388 589435 605701 1001026 360574 338648 366412 186046 442470 825423 892550 734170 591511 505884 342118 293930 620410 469976 378759 618010 839222 318115 460589 704255 51864 630547 398846 762200 259537 897159 620167 383973 41281 812097 100527 287552 626996 482324 131415 328757 872121 713234 352603 1 230133 446521 393099 578428 822634 716925 626197 374289 731387 556234 453077 546971 174480 417929 696759 375972
 110991 594461 529341 706286 380730 302755 319958 594354 147905 598337 647639 673846 685564 364970 396679 244500 579772 638472 330580 522860 463035 404141 419450 770940 175552 136262 395697 69015 220637 600280 789933 504519 378280 401627 168742 208217 427045 465527 352658 495241 612583 506968 372951 521352 186906 404268 178540 604774 162446 672673 429743 588198 270153 592075 134122 182039 436256 323732 359660 288817 657073 513572 376745 230133 1 216442 599699 522378 715858 632794 421464 480012 608810 433792 243076 416294 293677 256034 474602 344338
 296157 486380 742695 630809 597127 146021 378998 398079 70891 509154 437107 473902 684092 396337 327747 164085 382473 428341 538568 351578 427451 288216 311445 554508 179668 153385 519018 271971 90206 396443 753845 288499 218406 404686 199608 319831 303806 561684 455697 468579 401144 709332 414729 403220 401913 202906 99773 516378 286996 469172 311784 795084 486288 392486 349764 284193 304017 278438 575314 391272 472053 355141 500528 446521 216442 1 807422 551852 680921 631332 275222 645623 565961 406709 128435 395907 482710 250241 274320 435050
 576248 981104 101995 1002016 277061 839838 593080 1125237 736571 951740 1244282 1205525 832757 833105 947909 751911 1179463 1195135 269415 1117708 783168 982051 864250 1351229 751236 724855 697201 536610 776193 1144999 978734 1093141 895626 888201 733943 539181 888026 514405 504731 782874 1208497 107968 624580 945078 444901 961998 734734 954777 651942 1212016 883195 15118 366858 1191750 468769 679590 1019112 875180 314107 702973 1161489 1103912 689960 393099 599699 807422 1 935895 925557 802728 911888 292421 873962 942101 838477 739469 505046 682814 1074075 740609
 443573 1038229 836313 1179958 659136 697751 841189 894287 547741 1059759 720510 952430 1199930 161112 270158 698162 608049 875847 724762 494404 958450 355173 862407 905263 386738 429711 243877 573568 632607 873622 1290645 683566 766994 149015 376625 730256 855657 983304 871856 996075 703894 885152 892761 954962 536603 719257 615260 1066925 364483 937621 863550 931071 587078 624763 565284 341168 384243 281562 622017 252973 981269 456048 247666 578428 522378 551852 935895 1 1216389 1146530 825135 946886 1103482 172643 428932 917659 431328 754200 569690 202489
 821883 272122 937146 135703 915840 547609 416845 584005 670028 218980 904934 624929 108174 1055438 1008578 521339 932446 687704 774490 968398 257940 961344 384767 870529 829874 786707 1110708 691160 592191 628323 74396 759400 505096 1075765 839988 535873 405348 411853 455694 221409 874773 826920 362385 334795 819540 601332 602631 213278 876076 648002 393846 910704 854855 931441 750897 891222 967790 956941 923371 1002932 539957 989034 1091917 822634 715858 680921 925557 1216389 1 123084 453700 633302 115058 1085458 809090 300604 973636 464399 849614 1057473
 734013 312135 816072 228908 801906 512202 318966 611457 608747 257848 911285 664905 53494 985601 956854 467367 923909 715047 658981 945600 208430 918442 366414 902072 763559 718825 1022789 599836 541127 653520 180566 755787 485991 1011085 770822 439422 392792 289704 342384 166094 878503 704710 263679 349426 718329 588577 543217 255014 795088 685578 380790 787903 747032 925139 652051 812821 929791 899378 811490 921608 584083 961900 1004359 716925 632794 631332 802728 1146530 123084 1 443574 510388 125598 1026738 756649 235506 874497 393968 832251 977096
 528059 217396 873381 374230 767364 130729 339225 218310 301815 250834 469460 296122 489844 671311 584221 179873 481799 306494 665320 515094 243704 524166 78866 489134 452929 420169 785613 442199 210065 247440 520520 312220 58631 676800 470953 373429 50793 507135 438939 283248 435831 804587 336462 133582 595422 147774 246100 258055 545113 306079 62789 897516 667231 482261 527095 548519 524392 546716 756056 660239 251027 537085 766691 626197 421464 275222 911888 825135 453700 443574 1 675276 343134 672302 396559 245045 714933 229103 395927 707107
