NAME : domp90p30v9
COMMENT : Cherkesly, Contardo & Gruson 2022
TYPE : DOMP
DIMENSION : 90
DISPLAY_DATA_TYPE : NO_DISPLAY
OPEN_FACILITIES : 30
COST_SECTION
 1 109481 363166 612749 754565 132661 719495 592119 97817 763297 169742 139679 724572 747761 813752 552231 896272 709873 148536 778469 542441 776342 862072 428735 526033 594164 578337 354154 573812 490972 594636 466977 525849 718302 181260 443895 98751 651184 511648 482281 395895 606669 216335 797794 457781 931966 542294 617580 908174 581632 268544 296196 687081 414127 385940 345522 191093 674046 250992 201111 285964 403148 264694 615588 600229 650430 521362 650871 754710 120431 697187 675681 284814 339701 49985 913137 356394 719666 695616 782736 268345 574168 269710 189232 639854 484554 500707 791494 584752 308069
 109481 1 256595 559293 687072 49191 629882 502683 15285 662820 223773 54931 647038 673634 712166 452153 795255 608525 217218 669333 439820 673226 756794 319302 416644 484771 528882 289850 494905 413520 551451 375374 416494 613873 72865 348352 96212 587571 458340 402143 369421 524800 240008 710592 460167 822843 463956 513894 823444 531967 160453 215710 577604 413758 306693 241150 282916 565994 327606 269506 217153 383565 329257 519081 541997 561025 484375 556457 665538 212264 597327 588182 279436 393523 135116 808950 250060 628404 592375 690513 255340 519472 267029 281860 569470 404169 469943 698166 479026 317035
 363166 256595 1 439601 651584 260043 403671 284349 265992 498487 409798 227112 582338 617967 538614 314487 542667 443340 464427 438791 187694 492883 558751 93252 176720 242285 424777 218208 446204 387564 460567 302838 192525 357944 195728 129435 335079 574931 495113 230177 363748 327340 452827 603913 495902 572896 285560 259088 718672 426784 97155 264884 337021 453935 173734 27893 537230 353466 573165 512896 187809 508714 566301 279483 551255 338697 421745 433546 439103 467737 348144 369551 354254 617115 374314 552959 7227 512006 337732 564425 327402 541905 352474 536459 538188 230842 557699 460997 222495 403952
 612749 559293 439601 1 1086670 596926 293104 252940 556011 873003 515527 504417 1011693 1048930 898132 732291 527303 824051 759473 714494 381269 850141 881086 505991 523694 549430 40168 270370 883217 827150 61940 740851 562679 466869 549211 323155 654577 1013987 931432 213538 239919 192516 799260 1014016 300952 733807 176041 412538 1123983 36904 482011 685708 611769 301421 275529 422227 798786 690334 863603 812888 342998 918141 876162 323435 990735 263444 122517 846636 308382 731344 390509 255015 358203 947565 584739 586940 438261 922447 436528 964847 360604 980570 372740 796356 975831 213606 983446 369141 435899 371728
 754565 687072 651584 1086670 1 640275 958312 880044 701637 352885 909124 718810 92956 57724 386114 363803 952532 358158 705349 579295 736125 401436 479690 581053 585687 594902 1075098 861407 206133 278029 1111728 349524 544148 788697 635430 763868 656470 105866 253736 873257 997503 939992 604980 191798 1117997 768323 919173 752243 226471 1076929 642433 472004 600842 1072017 824913 673370 779449 495645 741715 706866 809206 416237 702004 834405 164049 915461 1072128 272438 985823 756123 843013 946238 945980 672867 801355 910692 654301 227501 796273 244809 918390 195585 937111 781822 118537 873307 324800 973086 706675 991108
 132661 49191 260043 596926 640275 1 648813 522664 62313 630659 269011 98092 602628 628307 681094 419585 802658 577214 204399 652377 447222 643835 730226 309976 407031 474667 567994 326562 450658 368609 592260 336385 402060 617295 64366 365077 75037 539982 409459 429400 415111 549743 206735 669853 508791 813770 491527 519095 781741 570995 163338 170685 565375 462301 336056 249374 279387 545137 313337 253274 253975 336269 308847 532848 493646 580561 527149 519500 684603 212383 606988 608929 328130 366706 169648 811985 254219 589620 597723 652327 303637 470761 315922 278925 523103 431255 421190 713737 481048 366182
 719495 629882 403671 293104 958312 648813 1 127471 633900 676417 686233 583044 871498 910545 687907 596045 236124 637422 847080 474815 234982 642518 648598 415688 376033 365139 319950 385521 773066 740952 354140 646673 416777 204633 586342 283890 721477 909023 866908 244675 460100 129792 851474 842516 566503 451087 195759 206212 940919 318355 490709 664438 389846 551373 336980 404843 908885 489410 957481 898994 439890 907985 957089 130545 902589 69077 391512 691387 35798 837369 127772 47854 549489 1014548 710513 293837 407250 757470 181352 785165 537617 901878 559513 907367 863187 242128 945482 82718 251926 583303
 592119 502683 284349 252940 880044 522664 127471 1 506526 631448 564514 455583 797700 836279 652264 516670 333386 585747 719900 461791 144690 604692 629827 312021 295911 306792 265151 264344 685419 644104 304992 551048 337342 220434 460806 159135 594810 820909 764737 124417 358641 64402 726536 784117 478571 491822 94037 160126 889702 264858 366724 548620 360521 456042 211489 282233 781415 445181 830283 771970 314216 792673 830436 71112 808355 58416 318336 622821 162955 709899 151599 86473 434962 888988 583880 375588 287094 694758 189101 730859 420366 804478 443608 779900 777575 121814 836790 201889 188852 472837
 97817 15285 265992 556011 701637 62313 633900 506526 1 677757 208721 52911 662066 688529 726999 467166 802602 623398 214121 682246 447580 687898 771122 331231 428426 496555 524893 287595 509941 428455 546538 390659 429175 622429 86974 353633 98608 601855 471757 403596 361616 526873 243620 725866 449357 834170 465151 522111 838691 528018 170785 230559 589711 403093 307634 249422 276546 579597 324215 267048 215245 393551 327832 524873 555883 564927 478399 571697 669474 205377 604214 591641 268648 394070 120607 817453 259319 643684 600451 705783 245188 533073 255875 275325 584142 405682 481341 703191 488111 305087
 763297 662820 498487 873003 352885 630659 676417 631448 677757 1 874263 668147 261893 295263 53542 211080 620652 55680 782964 234896 492251 48558 138035 405802 352953 324931 873099 712168 282726 336295 913219 306746 318356 482036 591875 565591 682637 367497 440624 668806 859061 695778 706850 180632 992975 416050 696963 478053 265320 873997 543447 479714 287972 951943 656980 526182 867480 187769 860540 808095 685818 592710 830859 570252 403210 650439 895276 135625 697262 817983 550445 677396 850025 835313 797527 570691 504364 128229 498095 118494 822461 425489 846591 868609 320305 667891 548571 670960 442683 899651
 169742 223773 409798 515527 909124 269011 686233 564514 208721 874263 1 206398 870786 897101 921358 666214 892133 818995 300771 848192 557492 879672 956772 495351 586309 652006 477012 300789 718660 637114 483610 597126 597665 733291 286808 443632 264391 808115 673508 441800 277879 560753 383624 932917 303966 976147 493130 633110 1046369 480430 335679 439140 746682 264926 355071 384614 307257 756522 382105 346679 256596 572650 407638 605902 760077 619647 406195 775398 719032 253467 694718 639060 157701 487187 120108 921907 402591 849098 706112 910406 156571 735665 142854 304174 792104 444374 669218 765537 611350 159272
 139679 54931 227112 504417 718810 98092 583044 455583 52911 668147 206398 1 673124 701683 715689 459817 756593 612994 266492 655290 403041 674639 754014 301213 396893 464654 473952 235245 521420 442059 496662 393656 402051 579357 83916 304759 150493 621965 498496 351016 317022 474544 294846 729252 413559 799461 412455 478424 843495 477037 137634 247628 558910 366901 254911 207486 326015 557278 376297 319621 162683 434204 380659 476414 579277 513998 430085 569636 618516 254522 557530 540275 233728 446882 147344 773984 220104 644074 556265 704883 208067 558464 222602 324590 600454 353127 517342 653464 446767 274949
 724572 647038 582338 1011693 92956 602628 871498 797700 662066 261893 870786 673124 1 39076 298254 281500 860092 265230 693354 486421 653173 310321 392179 506001 502031 506868 1002214 796704 152138 234128 1039751 286793 460491 698186 589213 688580 628736 127307 257061 798220 936631 858768 597668 118348 1061124 676311 841462 665288 195359 1003882 583823 431950 508999 1015818 756034 605759 772005 403455 742816 701912 749039 427057 705444 749411 181925 830859 1004081 181675 898199 740680 754304 861238 893761 686533 769035 817805 585717 135075 706699 160319 865819 212800 886005 774057 99292 798099 349876 883669 620632 940451
 747761 673634 617967 1048930 57724 628307 910545 836279 688529 295263 897101 701683 39076 1 328510 319821 898143 301947 709784 522757 691812 343819 422168 543020 540728 545941 1038974 831268 180645 260176 1076307 319834 499173 737073 617806 725776 650924 122847 264874 835407 970192 897184 612052 136846 1093571 710896 879232 704334 190620 1040681 616394 457980 547507 1048039 791700 640970 786824 441797 754213 715626 782265 433464 715829 788316 181896 869731 1039646 220652 937271 758517 793368 900153 924677 692702 793124 855155 621172 170634 745713 187551 896824 213968 916563 789003 110344 835325 349776 922689 659617 970907
 813752 712166 538614 898132 386114 681094 687907 652264 726999 53542 921358 715689 298254 328510 1 261835 613429 103885 835849 226891 516931 48099 93928 445417 384614 348782 900343 749244 333744 389445 940718 359777 353014 488483 640714 597607 734327 410894 491326 697997 896003 716643 760278 201891 1030561 391651 722433 495375 266164 901070 588615 532183 298268 990407 692213 566468 920412 207809 913971 861373 726407 645298 884378 588311 449914 666938 926477 188480 706484 870347 560573 692511 891932 888744 847109 558949 544763 170199 507345 142196 864601 473484 889078 921511 365242 696924 598953 676031 463766 941638
 552231 452153 314487 732291 363803 419585 596045 516670 467166 211080 666214 459817 281500 319821 261835 1 617910 158031 577631 300003 372447 227211 319881 229643 221896 237676 724676 532675 181784 180420 763024 109858 180380 438700 381795 409948 472751 315704 312147 519325 677578 577368 508588 289439 808069 497203 560607 390769 404241 726179 341373 272887 270083 764765 485354 340505 662312 184308 661512 606528 495292 428712 635070 470829 319305 551723 732393 119075 624669 609899 484887 582602 653824 649249 586646 589372 319101 197552 441547 251986 625837 326890 648859 663225 268227 519052 414646 616364 344122 702897
 896272 795255 542667 527303 952532 802658 236124 333386 802602 620652 892133 756593 860092 898143 613429 617910 1 598553 1006970 387144 355733 576570 546990 514001 435339 388136 555702 595214 798543 790589 588898 700136 465725 192165 738303 454821 877684 928224 923664 457448 689131 360592 990870 800619 801033 271536 421058 284149 879538 554006 639405 771770 353147 783595 537198 554581 1078018 457014 1115827 1055530 636621 1003143 1108089 286365 937055 286629 627491 681223 219283 1007514 199559 280374 768082 1154873 896681 72769 548439 729962 206091 738779 752644 944441 776345 1077041 878741 454856 1017832 158474 326343 806190
 709873 608525 443340 824051 358158 577214 637422 585747 623398 55680 818995 612994 265230 301947 103885 158031 598553 1 733646 221282 444534 72636 170271 350879 301717 279112 822945 657749 255090 298332 862883 258587 265699 448487 537271 513421 630708 356392 411913 617891 804613 649847 660351 206560 938287 414406 648103 435632 304668 823938 487805 429388 254209 897026 603263 470980 818289 149033 813954 760439 630489 556439 785465 526740 384936 607728 843085 105631 659997 767264 513215 635610 794464 793311 743401 553493 449151 131821 461995 147771 766878 404044 790973 819316 307142 617062 520071 637281 397733 844078
 148536 217218 464427 759473 705349 204399 847080 719900 214121 782964 300771 266492 693354 709784 835849 577631 1006970 733646 1 840033 651395 804513 897196 510143 605849 672422 725725 496527 551322 471001 742828 476258 596259 821573 268703 564984 129377 599488 452057 617503 544366 740967 103622 783309 600673 1010608 678863 723492 886053 728993 367566 304752 760179 558396 521321 453002 84683 727570 110408 53618 425763 308943 116697 734875 542697 778240 669847 657273 882746 56142 810787 805357 431899 191349 187742 1016118 458557 716314 802122 779847 416493 512825 416583 85673 599441 619618 412221 914771 685216 451457
 778469 669333 438791 714494 579295 652377 474815 461791 682246 234896 848192 655290 486421 522757 226891 300003 387144 221282 840033 1 346303 189617 173850 354370 262072 198813 723519 618217 458339 478490 763979 407081 253399 270695 597237 450814 719738 573369 606563 534087 759052 524399 787182 415520 893472 199403 544178 301971 492639 723649 517762 545131 108735 858686 554756 464921 922930 117519 935479 877069 615763 728287 914338 392401 595390 464641 763496 318532 489452 861615 347375 486506 782482 938140 800395 335798 445953 352150 293929 353389 757527 610342 783349 923188 523463 532444 712015 453953 284836 831138
 542441 439820 187694 381269 736125 447222 234982 144690 447580 492251 557492 403041 653173 691812 516931 372447 355733 444534 651395 346303 1 468911 504486 181178 151238 168170 384115 284773 543745 507150 424631 413103 192711 177427 382858 116667 522203 679634 632057 187883 417467 207186 639552 640420 550253 425926 205511 76192 747272 384696 283887 435172 238503 518047 219792 198878 722395 309187 760540 700364 302973 676926 753991 104450 669999 181400 417898 478199 268102 652061 160630 213080 459001 803912 546378 371132 193174 550577 153233 588144 437435 668102 463140 721454 635338 186301 710951 279518 62513 504801
 776342 673226 492883 850141 401436 643835 642518 604692 687898 48558 879672 674639 310321 343819 48099 227211 576570 72636 804513 189617 468911 1 98048 399631 336848 300748 852256 702286 322956 370266 892626 330550 305849 444672 601232 549757 699451 414014 480698 649921 848951 669085 732465 227256 983645 367601 674403 448326 304626 852986 545682 499889 252676 943763 644841 520767 889191 159879 885995 832124 680679 628180 857808 541181 447730 620182 878489 173339 661858 837093 515521 646101 846706 865945 808330 524939 499139 176178 462531 165181 819506 468885 844148 890155 366183 648842 588892 632969 416063 896425
 862072 756794 558751 881086 479690 730226 648598 629827 771122 138035 956772 754014 392179 422168 93928 319881 546990 170271 897196 173850 504486 98048 1 466536 390484 341072 887451 758995 419770 468304 928021 426027 366579 444541 684151 598247 788801 503810 577690 691167 904088 693388 827720 293169 1039279 307715 707842 469817 343144 887826 621137 592495 269394 1001486 698419 586472 981851 206449 980993 926362 744933 726226 953603 561955 541056 636492 921529 270734 663220 927929 521050 659293 912413 963201 891720 487302 565443 263101 467533 235152 885899 563522 911127 982700 457437 689784 685805 626564 446009 961994
 428735 319302 93252 505991 581053 309976 415688 312021 331231 405802 495351 301213 506001 543020 445417 229643 514001 350879 510143 354370 181178 399631 466536 1 97442 165518 496320 307609 379490 332529 534180 240512 102325 322337 249516 182892 382694 513162 453189 292455 454237 366312 480287 517978 587489 504248 338819 234719 631792 497949 163581 258854 258538 546161 256592 121139 588664 262380 614679 554278 281053 497415 601824 285245 497214 358300 502862 347678 449185 522357 333395 390248 447362 643140 447281 512435 99569 425711 309142 475670 420381 492552 445310 588368 472328 292425 529847 458977 188541 497074
 526033 416644 176720 523694 585687 407031 376033 295911 428426 352953 586309 396893 502031 540728 384614 221896 435339 301717 605849 262072 151238 336848 390484 97442 1 68132 521401 368635 397033 368787 561245 274767 41571 243890 346939 213081 479193 532998 498803 316176 514307 357885 571073 491428 649436 406873 348346 174112 600361 522448 259533 339940 162022 611110 309036 202963 685187 184250 709075 648854 356901 567812 694544 249171 527753 329849 542508 327311 406062 619388 272733 360823 524506 732222 543618 425859 183887 400723 237406 441179 498713 528846 524327 684963 487403 315347 586713 403948 125667 573771
 594164 484771 242285 549430 594902 474667 365139 306792 496555 324931 652006 464654 506868 545941 348782 237676 388136 279112 672422 198813 168170 300748 341072 165518 68132 1 551785 421723 419164 403381 592226 312078 81232 202303 414935 257549 546392 553341 536090 351299 564916 371023 634569 480199 699968 339104 373655 159379 583516 552456 327466 399446 94758 663546 359406 267553 752316 141137 774682 714631 416960 619200 759054 248292 555133 329758 581323 326284 391334 686945 248317 358582 583821 794338 611536 370736 249505 393172 203872 425170 558754 559863 584563 752149 505520 350050 629758 379248 118697 632607
 578337 528882 424777 40168 1075098 567994 319950 265151 524893 873099 477012 473952 1002214 1038974 900343 724676 555702 822945 725725 723519 384115 852256 887451 496320 521401 551785 1 242460 870500 811778 40571 727422 559211 483530 522585 314800 623490 999658 912504 206112 200494 209193 768482 1009168 262548 752999 179658 422120 1120385 3419 460145 663874 618866 261597 255546 405564 763046 692918 828848 778988 314274 893004 842406 336263 974367 283474 82891 840553 338095 696228 409133 278939 319453 914697 548953 613103 422830 917203 452626 961578 322853 963070 334159 760558 962767 206667 961034 398445 441445 331884
 354154 289850 218208 270370 861407 326562 385521 264344 287595 712168 300789 235245 796704 831268 749244 532675 595214 657749 496527 618217 284773 702286 758995 307609 368635 421723 242460 1 655286 588808 269894 512234 396486 449916 280170 169621 385737 777908 679353 141015 146896 261569 529784 822076 281364 710228 194341 354911 936879 245343 225017 426308 509846 242493 64994 192432 544695 552884 603897 550140 72783 650985 612604 311134 747061 318895 214540 651743 418605 474563 401324 338511 176365 681296 334999 630320 213618 730209 420403 782363 158044 732956 182649 542642 745283 143592 721541 464808 345807 220440
 573812 494905 446204 883217 206133 450658 773066 685419 509941 282726 718660 521420 152138 180645 333744 181784 798543 255090 551322 458339 543745 322956 419770 379490 397033 419164 870500 655286 1 82888 906709 143552 356484 620481 437509 561419 478998 136014 157941 670265 791988 743283 460358 232231 913899 657571 718297 569522 336354 872406 437246 279979 447686 868186 619188 467530 632417 351873 610457 564962 603752 315118 575775 645430 139185 724965 866131 149871 802844 596100 665290 756422 744139 567822 617650 767196 448717 176757 622954 236963 716317 152004 735949 634218 92841 670438 266037 796971 521907 790277
 490972 413520 387564 827150 278029 368609 740952 644104 428455 336295 637114 442059 234128 260176 389445 180420 790589 298332 471001 478490 507150 370266 468304 332529 368787 403381 811778 588808 82888 1 846673 94336 331157 605275 358324 509491 396133 189109 133269 616261 721536 698772 382846 312648 840352 676840 667867 542803 418872 813878 366542 198005 448671 794261 557540 406285 553013 364294 534763 487076 533394 258153 501747 611077 164915 688005 801931 201065 772557 514616 641442 719870 667966 500175 535010 766372 389110 247840 603589 310669 640364 160965 659179 554693 159554 616688 234247 772733 494189 713254
 594636 551451 460567 61940 1111728 592260 354140 304992 546538 913219 483610 496662 1039751 1076307 940718 763024 588898 862883 742828 763979 424631 892626 928021 534180 561245 592226 40571 269894 906709 846673 1 763403 598796 522559 549497 353478 644880 1034983 945135 245461 205853 247817 789988 1048226 245806 791314 220219 462470 1159739 40334 491439 694697 659417 251854 289280 440443 776300 733351 843962 795730 340053 920674 859295 376081 1008569 321138 77682 879319 370155 710891 447484 314808 326186 932947 562648 647907 458315 956180 491792 1001045 332958 996592 341409 773694 998753 246126 991032 430871 482015 332596
 466977 375374 302838 740851 349524 336385 646673 551048 390659 306746 597126 393656 286793 319834 359777 109858 700136 258587 476258 407081 413103 330550 426027 240512 274767 312078 727422 512234 143552 94336 763403 1 237787 513094 310714 420316 380158 273522 224628 528453 650360 606674 401928 335836 774333 601895 578137 448657 449840 729370 297038 174580 364518 729063 475648 323979 560743 289940 555447 501899 462466 321604 527579 516891 257333 594156 722618 184420 678227 512345 547496 625985 608086 539682 506019 678846 305241 253285 510425 315956 580057 255206 600851 561886 235362 528725 318536 678650 400008 655379
 525849 416494 192525 562679 544148 402060 416777 337342 429175 318356 597665 402051 460491 499173 353014 180380 465725 265699 596259 253399 192711 305849 366579 102325 41571 81232 559211 396486 356484 331157 598796 237787 1 276206 344887 247761 471979 492346 462382 353364 543105 399083 554936 451557 677849 414499 387889 213349 561424 560361 264704 318474 163961 638286 339288 220096 677316 160941 696872 637106 378411 538917 680091 290527 488395 371344 577388 286346 446361 613421 310758 402252 545837 713886 547007 451280 199352 360440 272640 402434 519338 490413 544610 677302 446427 352672 552884 442376 165448 595429
 718302 613873 357944 466869 788697 617295 204633 220434 622429 482036 733291 579357 698186 737073 488483 438700 192165 448487 821573 270695 177427 444672 444541 322337 243890 202303 483530 449916 620481 605275 522559 513094 276206 1 553218 289765 692230 753593 737595 327206 568274 274828 800945 655040 694380 271569 313590 101276 747323 482942 455084 579655 194560 668146 386415 373017 895173 299677 929363 868895 477318 811541 919867 151076 757181 204827 538693 516574 218984 825580 79082 221455 626263 964568 723551 195081 364199 575126 31449 595381 606741 762166 631963 894401 705098 324881 829080 189020 136567 669614
 181260 72865 195728 549211 635430 64366 586342 460806 86974 591875 286808 83916 589213 617806 640714 381795 738303 537271 268703 597237 382858 601232 684151 249516 346939 414935 522585 280170 437509 358324 549497 310714 344887 553218 1 302453 139381 539449 419575 372067 385029 490326 265967 646531 490857 753753 434090 454807 760453 525439 98979 165581 506952 444188 281287 185203 342545 493219 377692 317584 209583 371303 372554 469090 498167 518412 488588 488816 622140 274265 542675 547224 313223 428247 207570 748021 189867 562291 533445 623664 286455 478467 303183 341941 516990 373785 446816 650226 417107 356535
 443895 348352 129435 323155 763868 365077 283890 159135 353633 565591 443632 304759 688580 725776 597607 409948 454821 513421 564984 450814 116667 549757 598247 182892 213081 257549 314800 169621 561419 509491 353478 420316 247761 289765 302453 1 438222 693827 622189 109641 308285 198021 567778 694857 442982 542478 158473 190407 806836 316262 207593 393922 342116 407910 104870 123670 630100 394416 675337 616313 187585 637346 673674 171696 674264 216141 329709 525845 319688 558765 255288 245559 342518 730671 441995 479217 130977 602753 262522 648540 320774 666819 346493 628811 654220 109553 687020 349834 176483 388729
 98751 96212 335079 654577 656470 75037 721477 594810 98608 682637 264391 150493 628736 650924 734327 472751 877684 630708 129377 719738 522203 699451 788801 382694 479193 546392 623490 385737 478998 396133 644880 380158 471979 692230 139381 438222 1 552760 412905 497415 457123 619372 145113 705800 536368 885311 559374 594127 814648 626618 238320 206049 635828 490943 402411 324110 206001 609960 238455 178594 313147 310176 235631 606999 501515 652940 576056 564546 757236 141878 681844 680811 357256 297563 147585 886842 329246 630497 672753 693975 336121 475421 343313 205774 542421 499390 405010 787540 555916 388326
 651184 587571 574931 1013987 105866 539982 909023 820909 601855 367497 808115 621965 127307 122847 410894 315704 928224 356392 599488 573369 679634 414014 503810 513162 532998 553341 999658 777908 136014 189109 1034983 273522 492346 753593 539449 693827 552760 1 148004 801909 909774 878240 499174 245439 1026659 770069 851507 705175 313447 1001691 555182 374338 575478 980324 746099 594563 673715 475056 636976 601279 721867 312978 597669 781440 59819 860909 990993 254837 938673 650364 800395 892392 851984 571390 698530 893349 576837 240762 757203 281445 824733 92006 842438 676069 50033 802203 226939 931972 657713 895972
 511648 458340 495113 931432 253736 409459 866908 764737 471757 440624 673508 498496 257061 264874 491326 312147 923664 411913 452057 606563 632057 480698 577690 453189 498803 536090 912504 679353 157941 133269 945135 224628 462382 737595 419575 622189 412905 148004 1 725184 801368 816435 351258 366140 910409 805748 780189 672156 451926 914865 454504 255955 581522 863729 657013 509772 525725 494522 489784 453292 616839 170015 451050 736472 90726 811365 893858 307398 899340 503612 771415 843315 731913 429474 560182 899590 495359 329506 735017 385168 705604 62544 721082 528090 157822 725902 108209 902171 623438 773246
 482281 402143 230177 213538 873257 429400 244675 124417 403596 668806 441800 351016 798220 835407 697997 519325 457448 617891 617503 534087 187883 649921 691167 292455 316176 351299 206112 141015 670265 616261 245461 528453 353364 327206 372067 109641 497415 801909 725184 1 241100 124414 636098 803070 368624 596268 62130 242818 914319 207405 288615 487674 426380 340985 96456 216496 673214 491746 727135 670613 197691 727734 731253 179352 780624 177902 230377 634635 278156 602006 268923 197987 310655 794810 469121 496947 229832 711136 296196 755587 295988 771930 319194 671439 762991 2605 784459 323822 249400 349374
 395895 369421 363748 239919 997503 415111 460100 358641 361616 859061 277879 317022 936631 970192 896003 677578 689131 804613 544366 759052 417467 848951 904088 454237 514307 564916 200494 146896 791988 721536 205853 650360 543105 568274 385029 308285 457123 909774 801368 241100 1 330584 600742 966650 135191 836427 268083 480985 1081755 203902 355160 545426 650329 100695 205703 337167 572686 698422 642168 596399 188300 751056 659932 419865 874769 402587 128820 796611 487786 508985 508415 412668 120335 735595 360304 734207 358745 875085 537295 928156 128828 858023 135571 569978 880069 243454 831437 542808 479890 132855
 606669 524800 327340 192516 939992 549743 129792 64402 526873 695778 560753 474544 858768 897184 716643 577368 360592 649847 740967 524399 207186 669085 693388 366312 357885 371023 209193 261569 743283 698772 247817 606674 399083 274828 490326 198021 619372 878240 816435 124414 330584 1 755900 847481 440708 543809 67630 223587 953590 208447 401067 591936 424264 423233 220750 320692 797557 509581 850834 793895 321929 835211 854054 132025 863521 76063 270985 685168 159667 726306 199957 82126 420634 916179 593231 411296 328997 757761 244229 794642 409793 858333 431072 795798 835791 122121 884393 212379 253239 453650
 216335 240008 452827 799260 604980 206735 851474 726536 243620 706850 383624 294846 597668 612052 760278 508588 990870 660351 103622 787182 639552 732465 827720 480287 571073 634569 768482 529784 460358 382846 789988 401928 554936 800945 265967 567778 145113 499174 351258 636098 600742 755900 1 692439 673008 967420 698228 707113 791874 771598 360948 242065 716606 628623 542681 447442 174809 671507 153694 104643 457032 205449 127293 731493 441564 783913 720898 576693 887251 158840 800153 812994 496733 164361 264162 992649 448054 630511 784782 693503 477337 411181 482168 177054 501913 637939 308653 913115 664837 523493
 797794 710592 603913 1014016 191798 669853 842516 784117 725866 180632 932917 729252 118348 136846 201891 289439 800619 206560 783309 415520 640420 227256 293169 517978 491428 480199 1009168 822076 232231 312648 1048226 335836 451557 655040 646531 694857 705800 245439 366140 803070 966650 847481 692439 1 1096268 592574 839444 638874 115527 1010475 623837 501600 460674 1052427 774377 629796 864632 355541 841738 797071 782899 535164 806188 728423 298137 809953 1020677 170465 865858 827251 719246 838662 937609 793245 839188 751317 608469 92288 668359 62162 909511 327941 931531 866421 212085 802568 464409 843837 598537 985972
 457781 460167 495902 300952 1117997 508791 566503 478571 449357 992975 303966 413559 1061124 1093571 1030561 808069 801033 938287 600673 893472 550253 983645 1039279 587489 649436 699968 262548 281364 913899 840352 245806 774333 677849 694380 490857 442982 536368 1026659 910409 368624 135191 440708 673008 1096268 1 964650 384949 611087 1211647 265360 477305 655745 784738 46699 340883 468781 611056 833585 686059 648915 313505 842677 710767 543982 988131 515965 180512 926842 590104 556397 630102 520815 180743 789824 413338 851256 490550 1005209 663066 1059499 205501 969193 193653 607934 999786 370784 929980 648441 612765 149717
 931966 822843 572896 733807 768323 813770 451087 491822 834170 416050 976147 799461 676311 710896 391651 497203 271536 414406 1010608 199403 425926 367601 307715 504248 406873 339104 752999 710228 657571 676840 791314 601895 414499 271569 753753 542478 885311 770069 805748 596268 836427 543809 967420 592574 964650 1 585156 356174 650858 752219 663839 727190 251027 936858 645371 595114 1091119 312914 1111207 1051547 726453 923460 1093488 422596 794104 470423 810156 515700 450932 1026036 343875 480813 884926 1123311 946804 200981 580030 541251 303009 531260 863173 809566 888936 1091003 720404 594048 910775 397864 366994 930553
 542294 463956 285560 176041 919173 491527 195759 94037 465151 696963 493130 412455 841462 879232 722433 560607 421058 648103 678863 544178 205511 674403 707842 338819 348346 373655 179658 194341 718297 667867 220219 578137 387889 313590 434090 158473 559374 851507 780189 62130 268083 67630 698228 839444 384949 585156 1 243591 948685 179988 349442 546592 439215 363745 157548 274411 733366 514697 788289 732071 256624 787808 792925 162716 832685 134658 225409 673167 226853 662328 245564 147923 353751 856827 527334 467275 285987 748225 282157 789479 342384 825269 363919 731525 811137 60325 842406 277682 261840 387956
 617580 513894 259088 412538 752243 519095 206212 160126 522111 478053 633110 478424 665288 704334 495375 390769 284149 435632 723492 301971 76192 448326 469817 234719 174112 159379 422120 354911 569522 542803 462470 448657 213349 101276 454807 190407 594127 705175 672156 242818 480985 223587 707113 638874 611087 356174 243591 1 740239 422141 356145 493480 200715 581611 290406 272766 795889 290362 831996 771636 377822 731253 823942 92996 701634 172393 466720 485346 233916 725928 99848 199999 530632 871283 622322 295571 265077 552470 78650 582827 510011 702957 535520 795037 658632 240774 757429 230039 48721 575340
 908174 823444 718672 1123983 226471 781741 940919 889702 838691 265320 1046369 843495 195359 190620 266164 404241 879538 304668 886053 492639 747272 304626 343144 631792 600361 583516 1120385 936879 336354 418872 1159739 449840 561424 747323 760453 806836 814648 313447 451926 914319 1081755 953590 791874 115527 1211647 650858 948685 740239 1 1121598 739321 612287 553269 1167878 888369 744743 965748 451515 937987 896328 898332 621719 900769 831392 372166 912392 1133961 285169 962339 931991 815467 940176 1053081 881259 950579 824809 723336 206690 763304 159232 1024982 404071 1046940 967715 294179 913724 540327 936194 702206 1101396
 581632 531967 426784 36904 1076929 570995 318355 264858 528018 873997 480430 477037 1003882 1040681 901070 726179 554006 823938 728993 723649 384696 852986 887826 497949 522448 552456 3419 245343 872406 813878 40334 729370 560361 482942 525439 316262 626618 1001691 914865 207405 203902 208447 771598 1010475 265360 752219 179988 422141 1121598 1 462671 666421 619148 264708 257872 407703 766399 693592 832163 782264 317231 895783 845676 335964 976547 282499 85923 841947 336223 699556 408345 277601 322871 917925 552305 611640 424881 918536 452081 962756 326261 965332 337577 763914 964704 207922 963636 396631 441819 335262
 268544 160453 97155 482011 642433 163338 490709 366724 170785 543447 335679 137634 583823 616394 588615 341373 639405 487805 367566 517762 283887 545682 621137 163581 259533 327466 460145 225017 437246 366542 491439 297038 264704 455084 98979 207593 238320 555182 454504 288615 355160 401067 360948 623837 477305 663839 349442 356145 739321 462671 1 203805 421491 432046 206697 86774 440093 421484 476670 416548 166896 439555 471042 371145 522501 423548 439550 457306 526461 370743 443734 453150 313782 524593 284086 650074 91069 534611 434794 592405 285688 507971 308017 439338 524909 289995 501437 552608 319425 362330
 296196 215710 264884 685708 472004 170685 664438 548620 230559 479714 439140 247628 431950 457980 532183 272887 771770 429388 304752 545131 435172 499889 592495 258854 339940 399446 663874 426308 279979 198005 694697 174580 318474 579655 165581 393922 206049 374338 255955 487674 545426 591936 242065 501600 655745 727190 546592 493480 612287 666421 203805 1 477125 609138 410227 272322 389430 429515 392044 335295 361716 244066 369288 536204 332640 601593 640243 358737 699269 338287 591616 632920 478781 396338 338386 765744 262956 424614 567775 488023 451908 313560 468746 390338 354040 488785 297841 714689 447326 521960
 687081 577604 337021 611769 600842 565375 389846 360521 589711 287972 746682 558910 508999 547507 298268 270083 353147 254209 760179 108735 238503 252676 269394 258538 162022 94758 618866 509846 447686 448671 659417 364518 163961 194560 506952 342116 635828 575478 581522 426380 650329 424264 716606 460674 784738 251027 439215 200715 553269 619148 421491 477125 1 750012 446193 362133 841264 106201 860226 800634 509457 682912 842516 293341 586788 369959 656298 328702 409548 777121 262951 394683 675495 873461 705550 319662 344244 382423 210234 400834 650919 596351 676802 841239 525849 424803 681610 383564 177938 723882
 414127 413758 453935 301421 1072017 462301 551373 456042 403093 951943 264926 366901 1015818 1048039 990407 764765 783595 897026 558396 858686 518047 943763 1001486 546161 611110 663546 261597 242493 868186 794261 251854 729063 638286 668146 444188 407910 490943 980324 863729 340985 100695 423233 628623 1052427 46699 936858 363745 581611 1167878 264708 432046 609138 750012 1 304211 426554 572047 795357 646223 607410 269567 796542 669718 518992 941576 497157 178921 883340 576999 515464 606795 504670 134454 748351 370713 830995 448379 961620 637054 1016477 158864 922556 147747 568995 953742 343286 883474 633924 580431 107076
 385940 306693 173734 275529 824913 336056 336980 211489 307634 656980 355071 254911 756034 791700 692213 485354 537198 603263 521321 554756 219792 644841 698419 256592 309036 359406 255546 64994 619188 557540 289280 475648 339288 386415 281287 104870 402411 746099 657013 96456 205703 220750 542681 774377 340883 645371 157548 290406 888369 257872 206697 410227 446193 304211 1 151731 576808 492935 630817 574524 102915 644910 635445 251308 719303 268552 248070 603958 371430 505572 340888 291543 240258 699972 373936 569419 170668 682153 357321 732098 220336 707606 245564 575050 710722 98678 708026 413377 280840 285189
 345522 241150 27893 422227 673370 249374 404843 282233 249422 526182 384614 207486 605759 640970 566468 340505 554581 470980 453002 464921 198878 520767 586472 121139 202963 267553 405564 192432 467530 406285 440443 323979 220096 373017 185203 123670 324110 594563 509772 216496 337167 320692 447442 629796 468781 595114 274411 272766 744743 407703 86774 272322 362133 426554 151731 1 523529 381016 562563 502622 159942 514719 557658 284375 568913 338286 398884 459574 440535 453296 357787 368390 326386 611257 353892 568032 21840 538053 351225 591064 299573 558346 324688 522603 558993 217430 568160 465869 239359 376079
 191093 282916 537230 798786 779449 279387 908885 781415 276546 867480 307257 326015 772005 786824 920412 662312 1078018 818289 84683 922930 722395 889191 981851 588664 685187 752316 763046 544695 632417 553013 776300 560743 677316 895173 342545 630100 206001 673715 525725 673214 572686 797557 174809 864632 611056 1091119 733366 795889 965748 766399 440093 389430 841264 572047 576808 523529 1 811131 77437 74182 477045 372600 112664 801417 615764 839815 700864 741251 944277 71517 880242 865654 454778 191000 214097 1090163 531014 799291 874495 862722 443970 585053 439189 3488 676640 675468 475446 979384 759402 465665
 674046 565994 353466 690334 495645 545137 489410 445181 579597 187769 756522 557278 403455 441797 207809 184308 457014 149033 727570 117519 309187 159879 206449 262380 184250 141137 692918 552884 351873 364294 733351 289940 160941 299677 493219 394416 609960 475056 494522 491746 698422 509581 671507 355541 833585 312914 514697 290362 451515 693592 421484 429515 106201 795357 492935 381016 811131 1 820928 763060 538789 611426 798776 382776 490769 462723 721263 224341 511307 751592 364446 489632 706379 821141 699383 418476 360286 276227 312997 296560 680038 503017 705385 811534 425109 490572 598479 488321 256391 755897
 250992 327606 573165 863603 741715 313337 957481 830283 324215 860540 382105 376297 742816 754213 913971 661512 1115827 813954 110408 935479 760540 885995 980993 614679 709075 774682 828848 603897 610457 534763 843962 555447 696872 929363 377692 675337 238455 636976 489784 727135 642168 850834 153694 841738 686059 1111207 788289 831996 937987 832163 476670 392044 860226 646223 630817 562563 77437 820928 1 60509 534002 327019 42690 845027 577760 888630 769495 730119 993142 133201 920293 915687 525899 114916 281869 1123472 567453 782601 910557 845272 513371 546135 510342 80862 645154 729278 427010 1025090 792839 539427
 201111 269506 512896 812888 706866 253274 898994 771970 267048 808095 346679 319621 701912 715626 861373 606528 1055530 760439 53618 877069 700364 832124 926362 554278 648854 714631 778988 550140 564962 487076 795730 501899 637106 868895 317584 616313 178594 601279 453292 670613 596399 793895 104643 797071 648915 1051547 732071 771636 896328 782264 416548 335295 800634 607410 574524 502622 74182 763060 60509 1 479322 298474 63591 785539 542977 830252 722403 679315 934702 93478 860255 857625 482719 140946 237773 1062973 507230 734517 850177 797643 468146 512038 467304 77034 605675 672710 401269 965900 732364 500339
 285964 217153 187809 342998 809206 253975 439890 314216 215245 685818 256596 162683 749039 782265 726407 495292 636621 630489 425763 615763 302973 680679 744933 281053 356901 416960 314274 72783 603752 533394 340053 462466 378411 477318 209583 187585 313147 721867 616839 197691 188300 321929 457032 782899 313505 726453 256624 377822 898332 317231 166896 361716 509457 269567 102915 159942 477045 538789 534002 479322 1 580884 541410 350266 687967 371450 279765 613786 474287 406250 438457 394328 167666 609230 271450 665315 181655 692055 449751 747128 141894 672202 167634 475145 691788 200071 654130 516061 359558 217113
 403148 383565 508714 918141 416237 336269 907985 792673 393551 592710 572650 434204 427057 433464 645298 428712 1003143 556439 308943 728287 676926 628180 726226 497415 567812 619200 893004 650985 315118 258153 920674 321604 538917 811541 371303 637346 310176 312978 170015 727734 751056 835211 205449 535164 842677 923460 787808 731253 621719 895783 439555 244066 682912 796542 644910 514719 372600 611426 327019 298474 580884 1 286406 779119 253207 845576 859517 457091 942629 364275 830555 876948 662091 259542 453103 989935 506538 491659 802763 550289 638697 221123 649036 375359 327786 729014 103377 956080 683768 696574
 264694 329257 566301 876162 702004 308847 957089 830436 327832 830859 407638 380659 705444 715829 884378 635070 1108089 785465 116697 914338 753991 857808 953603 601824 694544 759054 842406 612604 575775 501747 859295 527579 680091 919867 372554 673674 235631 597669 451050 731253 659932 854054 127293 806188 710767 1093488 792925 823942 900769 845676 471042 369288 842516 669718 635445 557658 112664 798776 42690 63591 541410 286406 1 841616 538239 888570 785993 699099 992853 154371 914388 916401 545916 80105 300892 1113022 560933 749330 902230 811595 531608 506450 530469 116144 607289 733307 385485 1022582 783338 562652
