NAME : domp200p100v5
COMMENT : Cherkesly, Contardo & Gruson 2022
TYPE : DOMP
DIMENSION : 200
DISPLAY_DATA_TYPE : NO_DISPLAY
OPEN_FACILITIES : 100
COST_SECTION
 1 438151 160815 439213 186546 182437 426376 549416 420373 688917 442109 624608 594998 246256 443802 475593 314959 542179 201397 115119 507572 548241 370520 803394 472310 399742 671184 386707 217514 736827 662906 451913 201238 389260 435210 578024 472726 428436 580110 475693 324004 194608 442267 285780 411676 273569 439402 382816 249566 328643 614742 183116 114120 677934 195113 87526 186919 200366 485725 242597 604949 266404 344310 704286 679567 482567 550275 356057 578526 570013 698424 320442 646488 193836 487243 450482 137043 431311 443177 352098 471389 528132 166857 258278 762162 706327 107886 465801 346222 265122 463585 619293 579818 380539 495961 384306 519799 240100 271733 494689 702950 425223 448104 45633 401715 576097 437457 553265 444584 304373 236004 135489 215895 215248 602377 506333 441012 153709 208271 501637 333131 382104 241592 391429 658704 248506 760775 489016 121734 393391 200721 318144 326135 93611 355898 349989 353775 372739 387114 570664 306680 525189 410621 421967 705853 206873 545048 166521 820697 668879 317619 126619 358458 693408 391321 187429 213728 305246 641293 251236 472404 700080 426435 157509 517490 601637 398779 441846 504797 651229 488778 283135 301660 545798 186486 358632 683079 340642 372538 117523 383304 253454 417253 339860 342644 482279 450058 276070 336213 541659 47718 683619 421913 500097 48958 634758 509184 135331 326843 482784
 438151 1 539592 599880 612559 618192 99549 222215 142312 512323 400236 445764 194516 225032 416894 708517 709315 298595 612971 552207 447270 127630 704451 509810 108561 637809 445821 238940 584963 518735 268077 500516 265376 588204 588665 847830 589342 484195 333401 649345 143066 606957 117619 609261 145323 406535 83332 725358 345510 157968 182747 621086 324075 468082 614505 460084 339244 531319 257126 556015 419350 703142 648985 524516 379400 569801 404014 711335 369983 134358 268651 579572 233134 606828 818986 682312 529446 545063 273916 102489 109652 381029 486783 539452 415919 350268 486416 533524 299960 220015 704929 385376 414229 727563 436075 213651 281070 649702 652795 406525 464568 594188 19961 404616 768991 849531 78996 835532 34133 450523 602197 462020 653785 274434 400634 513987 297810 561034 592519 802665 710459 447867 530284 615355 422326 431459 481211 844353 470146 393093 294819 493389 668995 522654 471117 160627 275917 732563 133919 269548 702130 241871 513167 283868 503163 409307 536197 589932 493717 241114 696121 524188 463484 279999 678066 491949 497080 253579 237998 193571 702916 362927 200917 530166 818076 290054 202521 784876 144828 310307 581100 715581 354855 133336 263193 350182 401855 154899 765092 516797 609409 393519 354551 208854 221751 473812 718930 712662 408872 521309 474586 249151 650476 78677 390782 207457 491573 540838 441733 48491
 160815 539592 1 586456 104205 139901 500535 595466 553700 847476 407885 605621 716599 318217 604527 328757 170807 691017 267227 157745 464484 630540 209713 952780 595941 532521 825889 414703 322204 893240 788080 611006 274778 264568 583920 419937 624831 587718 730111 618184 404230 78167 510575 128874 472048 228095 560318 473016 244837 399516 722154 177354 242330 663611 93191 86491 345931 330400 510488 97471 761557 249324 187879 862848 825521 637678 531255 196601 732525 673876 778875 183325 764619 260166 572339 305893 249087 585715 458474 470994 595348 513745 70111 395739 793269 842740 58577 380401 502953 329452 315300 621239 562755 220375 656561 422174 668150 113166 352516 654488 696499 306290 553528 204698 472322 417601 517352 394129 554047 462260 336880 80124 199908 271229 757637 666281 447222 243159 53889 341455 405486 319990 112636 528854 656457 188771 911316 558896 266641 554094 353489 471762 424417 181287 279378 485749 368674 214452 518820 604128 366234 667685 567122 575600 862985 169501 705089 225540 839557 748698 391624 238581 516961 812238 508323 82923 358286 456633 707514 346560 326463 840251 569432 276903 616213 743324 439907 524680 569601 789340 643115 200963 283204 624394 323095 340263 831811 409077 424346 45034 248583 414005 576389 385313 382094 424240 567954 214580 289148 476643 115843 788593 281146 587352 198552 745661 669792 41078 485974 578101
 439213 599880 586456 1 553036 516804 660228 806808 476790 438795 829110 974059 630108 562476 227523 912649 694809 446742 373651 444195 895858 724989 787157 630828 544535 101190 477785 712869 293988 508120 663164 138869 540756 828128 12239 1004067 56592 138719 460323 49497 586895 582472 683183 715300 678144 691632 537144 271133 646991 606991 697898 477902 443879 1015744 571814 526427 317552 260800 793440 678275 407898 498548 774241 450724 560071 91032 907933 762593 421817 677898 845359 759026 681010 376067 306154 888229 343943 65992 773545 503327 542702 882880 605903 194026 1014104 639682 543437 889207 302188 583145 899969 940028 931621 789052 256072 696916 437889 618317 317939 286057 1026816 862931 593964 408611 332170 1001142 654675 976637 579365 161968 290065 574624 490392 568833 423122 182975 783834 363053 620483 921337 325627 797119 680291 82645 980981 676267 586813 357070 320786 221085 353038 128388 255301 409716 780938 439260 705277 773966 469891 847239 359110 481203 92928 349173 474130 632237 209037 399363 1089704 823454 323210 353051 136408 713282 173900 626598 228241 347457 836141 524544 909787 613225 429302 315807 268406 533801 702207 301032 734720 589482 86929 593282 697399 732636 416853 743487 541777 618319 379343 541757 822414 229901 275191 655258 665748 885910 168484 563456 746614 946774 474656 758034 860452 678199 427024 700095 210926 549612 160951 644879
 186546 612559 104205 553036 1 44186 584934 689570 606254 863482 512045 709607 778529 399990 610487 394716 143303 727156 195917 110623 568582 712916 240586 987576 656050 484752 851860 511346 266328 915162 847589 600830 354333 352926 552616 459231 597869 578730 764481 577996 484943 37125 597178 193999 560835 331949 622126 397968 344306 483648 792988 88822 294792 767463 20457 155892 366484 292471 608802 186174 783581 147304 246022 878765 865212 616148 635120 211396 760252 746443 862795 268369 829042 190341 491602 375748 210091 563849 558090 533522 655223 617293 173576 359084 891789 892830 133760 480127 526633 414240 379845 723675 666584 237960 663500 516623 705014 65411 279346 666870 799908 396121 624530 230774 387806 455411 599744 429921 622834 451968 276932 175470 102053 356693 782737 659044 548190 190627 90964 373009 324584 423666 209521 485726 759424 292881 944428 471720 250914 561147 385932 451834 356260 149747 382087 536070 467308 221276 572593 701303 281769 711608 550240 604804 883193 271262 697849 159074 940380 832734 312278 202028 506826 876312 448561 187103 331928 490170 796315 419675 393699 886577 612896 237746 541571 788074 533779 444107 657953 837772 619889 104541 385509 708203 371813 443224 867777 494242 334016 100798 331010 416482 592412 477184 475503 527625 506843 111818 393339 578984 141747 861030 356432 667340 234797 814563 667328 78043 478858 654377
 182437 618192 139901 516804 44186 1 597490 708511 601607 841927 544568 740882 777359 412793 586539 438881 178193 714319 153504 83765 602905 723484 283009 973075 654670 445210 834217 533242 226626 895685 844896 571355 366670 395670 516972 501233 563220 549797 750690 539876 496077 81230 611084 238057 576441 363704 621838 354069 370055 496849 796443 44839 295553 798176 64438 173134 351393 257603 631786 227990 764674 109979 290171 857119 853237 583004 666045 252217 743736 751069 873788 311341 828923 148357 447417 419927 177360 530902 582599 534377 653733 647348 206217 323524 914259 885422 156105 519619 510239 428623 423993 751365 697343 278683 639555 536670 692620 104034 235930 644910 829361 438691 629006 223261 343675 497230 610946 471568 626136 423753 236064 202200 60217 372347 765051 630197 574275 153845 134537 414361 280424 459403 249632 447304 787996 325766 929359 427821 225220 537993 375336 420400 313262 124594 419264 531048 491279 260549 568817 722883 237594 702259 518935 589912 863165 300191 668803 118850 965428 843899 268189 170611 478089 875826 406647 221947 300073 478287 810851 427407 437879 877465 604040 203892 497585 778679 553265 399925 672717 829821 586221 101770 414106 719704 368646 472556 854191 507986 290411 124257 374483 393347 572373 495568 495034 563836 464524 94511 426449 616541 143729 865104 400458 676670 231350 816873 640045 105717 451436 661597
 426376 99549 500535 660228 584934 597490 1 146741 233955 610409 304181 349603 282940 185016 496495 630214 665411 396890 617146 541229 348605 130633 644802 607425 208090 685732 545117 145139 601742 618173 354208 573913 230967 510156 649721 771353 656544 555491 432418 709543 102373 573571 23105 552196 47894 335248 180670 753413 279633 101376 249139 607504 317180 376161 583630 429092 370431 553801 159024 500722 516636 691984 585792 622865 477990 640756 304929 656383 467732 199166 278446 512011 312642 610315 851940 604817 536785 610553 174710 161090 209155 281700 440200 573293 359553 443301 452886 441601 370347 171310 628053 294313 316286 670000 521430 120605 378583 613409 668205 493979 377214 511510 118905 401098 791241 773617 23706 761461 133598 503193 620044 420568 640220 229510 498546 594045 199070 565285 551036 732884 728458 360670 472334 664986 333146 365708 579898 871425 483204 466552 325952 544524 695311 517410 388940 231585 188272 677948 216780 187905 714061 340973 578658 369353 602193 351638 619364 588634 431510 248286 713430 529806 524946 356672 717668 441463 527040 314714 214935 176962 624447 458534 291422 542712 858505 389136 106711 814207 81160 406681 651769 689448 277394 123861 277451 262376 501046 91461 779128 485175 534401 440085 434765 129272 139581 377466 763659 691325 326554 423135 455217 305724 573815 93758 383372 277748 574040 509047 499402 102154
 549416 222215 595466 806808 689570 708511 146741 1 364495 724488 288101 244674 352019 303430 637150 654436 749124 512351 746932 661757 305157 143798 705843 687665 320977 831938 651793 182620 738663 721884 410849 717605 348197 540208 796236 795772 802152 699867 543315 856158 235919 672441 124020 620697 140341 393020 303866 894229 353580 224312 286792 724550 447551 253948 684927 535668 514821 693685 104371 574173 634566 809581 642796 735576 567295 785378 228198 724616 584480 248481 225553 564257 360716 739763 994203 631929 669587 756440 157929 305420 322514 212712 528715 716917 216329 511257 555849 433033 514443 284306 655766 172175 225371 733710 658118 173315 497229 707880 803839 628737 244566 529580 236307 530441 929392 799288 153272 791591 253154 649917 757305 516353 756665 337269 614345 734602 181387 695853 641220 772805 864939 376321 543118 811407 204864 430807 667447 1011356 619779 609974 470795 691166 835733 642672 416726 374351 232446 746091 354091 49183 847422 453132 724503 505744 710772 430885 757874 715275 285364 199916 849671 661737 671307 394258 862273 524780 669796 460580 132127 311461 648472 534340 423099 678208 1003007 485086 155829 955267 77474 487671 796492 793252 329473 127645 418776 289226 594810 211750 913162 588831 570278 586545 574920 212945 214072 351279 909264 799851 360294 379010 571363 316783 604146 159767 510844 315532 713011 611672 646049 192931
 420373 142312 553700 476790 606254 601607 233955 364495 1 380726 513459 583548 182300 278772 278507 778515 723395 170962 561345 525043 567895 254449 743128 415573 69442 527956 323003 354253 517151 397106 244493 366166 302997 660828 465020 911905 459502 352006 210071 525633 225570 609325 255098 647090 273108 476459 63190 637921 412540 248452 229292 594154 313476 608814 612852 467852 270009 458268 392593 593418 285520 669529 695038 393982 282905 436763 536329 742376 238224 202271 368783 635064 236583 556431 723526 751450 477636 417572 400226 99569 67715 512264 515092 450567 551937 289042 495855 633983 175518 284935 772445 526341 549547 762259 294366 329708 149981 654528 584151 264329 606572 674889 129063 378352 687976 912550 217501 895461 112380 340886 532184 484627 625439 323549 269184 374528 421507 511802 607496 855700 636511 541389 572970 504001 563919 491528 379611 755706 414175 260652 232936 383882 585320 489095 554932 70592 379307 762458 35221 411824 636556 124823 386277 143001 376898 459245 395053 547040 631297 346680 623514 475124 342381 280776 577308 525641 415589 149935 364127 229573 773336 288064 58607 470998 713713 194525 323500 694518 287058 236144 448190 703061 437481 264699 234494 449077 297282 252197 694936 521454 676167 295701 216547 309459 323462 586213 611184 693283 495718 638931 464595 295843 718930 212992 371638 239000 350894 544287 326079 177807
 688917 512323 847476 438795 863482 841927 610409 724488 380726 1 892978 957860 396778 641413 258253 1125122 1001691 213734 738501 758203 948500 589656 1054946 204684 405508 536862 84356 734831 665426 70423 377951 308797 652529 1013501 428609 1248492 386107 321344 181221 466420 603325 880027 629800 963520 652410 834407 429768 702700 772018 626844 480518 816621 616134 977138 876845 763820 502041 609116 769202 913040 95817 868142 1018578 15374 200923 349491 915123 1044029 142822 494382 639356 972188 422320 737292 744729 1097982 672489 379759 780507 475551 404148 891494 830726 560063 875848 297860 790225 1007426 345308 652566 1116696 894421 926444 1067756 206663 710391 231972 924409 715215 197037 968754 1034073 494494 643686 763863 1247898 591217 1227649 478398 429782 671192 796804 840673 678435 111906 256148 802142 704348 897015 1180805 742680 912515 900059 514092 929178 840867 167058 795784 617190 304608 496196 450583 673273 717365 919704 415041 757556 1061329 407172 773609 765652 271736 369040 281479 39533 802050 231831 745798 957042 631351 735936 676307 382567 427141 609033 846457 558317 398817 680502 589549 1120512 262448 329352 651470 702189 250296 704138 738804 648998 276531 356490 938704 805409 604337 540979 824606 168775 631677 801678 805978 1022854 448686 271801 688276 702250 965126 606589 917239 864138 1018975 736407 508748 1065801 564722 648997 463986 230542 824187 400554 532119
 442109 400236 407885 829110 512045 544568 304181 288101 513459 892978 1 198612 586615 272896 727909 371000 525011 684220 636456 529401 67104 403157 451691 910020 505947 818864 835968 161603 659389 909995 656692 783832 288453 264010 821340 510720 844118 761471 722612 874298 289886 483815 293326 382596 256380 180920 473531 824811 192952 266224 543778 575128 388923 257366 500306 385155 511877 634672 184432 348953 797236 654427 387446 906635 779090 839515 126054 478640 751244 496161 513386 309137 612501 628697 929273 350438 579148 797066 137556 417489 506701 113667 338791 681443 425853 747460 392705 145367 594242 254937 374074 229211 157498 481408 765877 186913 663438 506695 712790 745485 293475 245986 420182 448179 842418 514667 327629 508962 432851 668794 678006 344493 602588 260279 782120 820196 111358 593527 438177 496219 773473 102987 317691 804651 257954 219187 880636 930166 552363 685797 480286 700999 767680 527793 150286 481421 136442 498839 485807 266971 743039 633248 767873 624697 890356 246738 852714 596593 453477 486861 758091 568710 709343 653898 824963 325183 632127 530333 420138 320258 365048 762434 563724 598443 957037 689107 197943 883951 316770 710229 849023 604923 140491 388918 415562 86266 800234 261394 807413 421799 297318 601010 672651 204769 190835 73601 881374 621931 118832 126606 439456 589460 325438 387960 426104 573336 807824 438852 677580 405109
 624608 445764 605621 974059 709607 740882 349603 244674 583548 957860 198612 1 596222 414479 837779 533571 721893 744156 823795 720112 154877 388420 641000 931945 552528 978180 889005 261225 838708 960632 655419 907481 445029 443974 964941 663427 980453 887000 777944 1021705 391580 682054 328909 578415 313113 377678 528862 1003472 377612 369586 530975 769622 552948 59137 698367 576849 659670 807198 191480 547033 865109 850396 577591 969822 809869 970025 75074 670798 815719 493073 443180 501418 605027 816070 1107647 518144 760243 933262 200583 503462 553842 96513 536060 846772 270697 755924 587003 295690 706385 393089 540311 80680 44804 671008 867138 277781 726832 705303 896208 841237 99493 415548 463370 623225 1026184 668623 367226 668339 479540 812143 857632 539320 798037 420865 846314 934500 191471 778154 636783 666507 957721 297125 515975 961289 78955 416891 910700 1113156 725763 802556 621338 848965 945241 714427 344367 574259 276118 690226 564915 198237 930198 686535 902272 716418 947246 441033 962546 785298 274037 424467 942198 750331 845033 636996 993257 523204 797204 645223 350363 449516 527927 778705 640780 776790 1129731 725499 274758 1063779 312812 731332 980451 803443 328599 372254 558615 269718 836437 359306 995509 617213 478923 744459 777509 318820 308666 210260 1047040 820006 317200 197447 628310 555498 498959 398537 601118 559368 916978 635293 815513 428228
 594998 194516 716599 630108 778529 777359 282940 352019 182300 396778 586615 596222 1 412848 409571 902929 887405 208303 743466 703255 627139 208491 892736 335724 122690 693881 316041 427941 699094 380129 73836 503464 448547 782649 617924 1041933 602579 495045 223485 676800 335707 778135 293523 796824 330819 600408 156658 815069 538634 352136 84027 772690 483739 604214 783361 632968 452292 639862 423429 743115 320268 849758 839265 405128 217945 573938 569622 896938 272547 104368 244968 771842 54520 738470 896538 876658 659619 566319 453273 245920 123634 549380 669848 628813 479837 162124 660495 724355 342536 410934 899186 523704 572996 914582 404340 403115 205445 822550 765849 369779 588800 788577 175641 555001 866905 1043532 259298 1029146 168973 511278 713872 642343 804442 462053 297147 493883 478851 693661 770370 995059 817280 641109 718963 669139 553608 623925 316193 931665 596279 409124 414522 553156 764045 668532 665481 250927 468506 917813 211056 400159 818451 155438 537215 281123 375178 599175 502693 728319 560844 234831 804558 656867 502740 98990 748772 677209 596084 330182 285586 373144 897344 182531 207991 653289 881351 146483 389649 870139 285819 136253 585209 878035 549370 224548 408782 542991 247663 349410 876159 688560 803477 473317 355280 402860 415443 659546 777488 870302 603157 702551 637055 129316 844745 202521 546046 73261 464891 712133 492403 181523
 246256 225032 318217 562476 399990 412793 185016 303430 278772 641413 272896 414479 412848 1 456657 500151 486168 444509 443783 359695 337847 313334 480287 694228 300018 563770 595071 155275 440261 668576 486423 510973 46152 382072 553949 635178 573697 488694 484824 609252 86017 389517 198344 384697 165564 197723 263089 600760 133820 84057 407406 424439 146783 460590 399068 244230 245834 400597 248761 331248 546187 509304 426452 655921 561370 567546 346048 486348 504412 358103 462887 360641 456355 436552 703353 473166 367945 526460 216365 180460 299935 321195 262235 434372 517559 556077 268518 367823 323640 21658 494504 391500 370987 502871 496908 145503 421904 430335 503644 479012 478187 396799 240963 227847 631299 636162 200010 620150 244529 400720 459167 239082 456991 49469 534323 547730 223037 393025 370097 583478 565256 271936 306265 546821 432412 214213 658299 715477 322292 413413 209931 435844 541969 339303 278877 227552 142946 507550 245075 327211 545425 403474 496634 363266 644655 186427 580841 411851 579302 432797 549822 359627 438280 503727 581413 266925 385091 259809 398159 51872 494905 561120 316936 378733 719872 472018 157090 661851 260292 507857 577266 504479 164162 308244 145636 191892 575962 95361 611386 300533 398120 332665 403501 100074 107322 338123 633826 506432 222817 397235 271401 472269 440687 269200 207721 432489 536275 324492 407135 260593
 443802 416894 604527 227523 610487 586539 496495 637150 278507 258253 727909 837779 409571 456657 1 902551 751059 219257 480326 503120 790841 532885 814109 423159 339820 309321 270290 585299 408090 318714 437270 93982 453153 798559 215356 1017015 193580 88808 233945 270952 448883 629575 519314 726575 526019 630985 341693 462583 573519 472171 482818 559564 389812 870583 624962 524675 261249 351064 647590 678965 196874 609890 783813 273063 336820 164425 780663 799532 199298 469718 637444 746409 458355 479058 521926 875897 414860 161630 641381 336126 337963 755514 597438 304567 830354 412720 549402 819970 133788 473302 892515 789854 799231 824252 53039 564328 211248 672992 460515 66204 873661 825045 406161 400082 522324 1015681 484927 993881 389872 172039 414751 563223 582938 481730 206783 97570 657615 446343 651356 943958 492966 723626 670335 284393 829302 628914 377874 567108 361320 50459 268746 197050 425744 462394 720861 265116 592977 815623 283293 682518 512167 256677 136953 136631 284543 586631 125395 487802 909444 618467 484792 419075 129008 488124 376358 615191 300150 197603 641962 407718 898475 387303 222809 393361 492703 306293 564283 506807 560605 361999 175745 681855 615937 543189 326608 648543 321932 481006 553167 561203 802607 194034 62343 530241 543128 794712 389470 659618 672670 853424 490198 538760 844676 491008 409115 481508 80045 577458 142858 455958
 475593 708517 328757 912649 394716 438881 630214 654436 778515 1125122 371000 533571 902929 500151 902551 1 301900 940562 587510 483723 383185 750724 175906 1194083 797721 861277 1088143 491894 649335 1160273 976586 923992 477610 120368 909402 141982 948153 900268 981044 946013 568231 357893 627965 203271 585457 303811 761060 792120 367266 550829 879253 483490 513396 589184 374467 388175 642493 659001 550178 234398 1032616 528161 148739 1140219 1061366 957998 478634 216122 995318 829097 876633 156636 939830 581162 886222 27206 577817 906884 497072 680610 797821 476077 309664 723892 791111 1053648 369352 238545 783918 496644 15526 588894 505348 198695 951793 513301 917564 343616 672473 943162 632455 125173 727293 512431 781915 145055 653185 137974 734914 778872 663002 343024 493584 455164 1023849 975697 473052 570172 306988 134740 719300 278424 234776 857361 608387 287374 1157398 864312 591867 852753 635244 793686 747757 509988 242272 722402 443425 224629 744290 637478 676269 902840 885655 843863 1133687 323517 1013748 547529 806967 848571 706919 567337 832033 985359 835408 290083 684613 726668 786110 549019 5968 1060485 812514 605660 935889 972164 530441 838780 668277 1007098 964336 432108 354108 738649 584594 372165 1075126 553684 725697 372318 102719 722971 863555 502452 491022 326571 894811 463973 304068 339895 437995 934643 59699 723351 498564 907583 974703 368347 799707 730089
 314959 709315 170807 694809 143303 178193 665411 749124 723395 1001691 525011 721893 887405 486168 751059 301900 1 855872 328950 253925 570148 795985 126862 1117510 766668 622814 986096 566510 404459 1051249 958842 743905 443989 303807 694773 333534 740546 721687 894287 718008 571908 121689 673715 144295 633610 360706 731103 519823 395828 565416 892029 219509 410499 781022 126681 255611 500974 434876 656966 178132 919389 237483 165600 1017028 992037 759295 651009 87731 893484 843412 942634 226333 935342 324596 604597 290370 353069 707023 602456 641770 766061 637612 225213 501201 935974 1012316 227676 453623 660928 495732 286383 751138 682330 111169 803966 577573 833254 78461 406936 805840 818397 345804 723641 360587 498619 328674 683391 302547 724508 594832 413019 247351 216292 437950 917229 801935 587071 331757 117106 244930 442607 424800 209992 625394 782471 320845 1075242 575673 393488 701300 515103 595134 485201 292768 377779 654786 517312 88054 688679 751952 397417 835376 693541 736876 1019910 318748 840778 296801 974454 912487 432596 345223 649781 982967 581233 225365 475180 619495 867223 516840 302784 1008917 736737 380464 660712 911408 595875 558496 730698 958486 762913 133428 423076 788914 490921 474043 996867 574219 437622 202660 272512 557120 729965 544769 539686 520419 637849 167413 410412 561557 267290 957975 281808 754343 359595 915886 809652 181047 621439 746725
 542179 298595 691017 446742 727156 714319 396890 512351 170962 213734 684220 744156 208303 444509 219257 940562 855872 1 642092 632296 737772 381256 890699 261796 192080 524544 152082 524372 581710 226181 221237 311420 462966 824758 434557 1070549 410977 308052 40482 489913 396437 736672 416107 795885 439514 641619 216224 667162 577953 419401 290287 698069 449493 764119 737089 604666 363138 520989 555551 743123 122264 763821 847301 225988 139458 379031 701758 885503 72130 292993 451553 792669 249679 638829 735555 913374 563899 380884 568070 269435 190671 678289 662080 491522 674386 196441 632448 804438 209029 452805 933569 681343 712763 907234 202072 499581 23150 782216 643147 167666 756899 841225 280788 496947 724378 1070715 377512 1052323 264665 359711 592831 629552 726639 486279 102261 291968 590253 598331 743630 1009542 685486 711211 725794 499399 716630 653293 220607 777556 501532 235154 341499 396278 623385 592750 722860 218227 550268 904534 201175 561334 696554 59833 355338 127558 206444 617948 296672 637955 755635 438394 675009 564503 334540 273225 587885 675150 471237 237034 478787 393506 935582 175626 128088 549609 710256 87082 492392 716279 436217 143425 389859 815539 606128 395226 369173 619786 140995 423103 746171 653789 837857 344871 179216 480413 494415 757091 606400 800093 664677 809401 589377 335168 880865 352821 496320 281333 261738 674839 334537 319500
 201397 612971 267227 373651 195917 153504 617146 746932 561345 738501 636456 823795 743466 443783 480326 587510 328950 642092 1 111825 700131 731928 436324 890624 623708 294762 743507 587942 79937 798164 804219 447419 400227 531791 375410 654712 423856 428090 674358 391904 515754 231248 634906 384469 607546 460019 595899 205961 446542 523538 778108 109765 300382 877997 216314 253146 291635 129564 686778 364126 671040 130528 439608 753206 780927 447673 749059 405659 658430 737971 880179 449986 797454 7760 305487 567008 84251 396955 644569 516461 622421 727527 317841 187156 961285 827893 252394 639021 433106 463679 572995 820563 779092 432088 532000 584831 622480 257386 85459 543781 903872 573330 619336 216711 208532 650729 625363 625071 612496 308924 84815 299399 117014 416157 675427 507113 642099 52088 280525 567844 140004 565548 379067 299295 859829 427946 845633 296411 147188 436025 329308 294336 160582 109379 531928 492826 554971 413430 533038 770377 106612 642259 390333 514535 764316 392003 544486 42006 1021322 851503 125414 88785 359135 842116 253179 337752 180185 418994 831112 440216 586056 814323 549049 92613 349532 716568 598780 257934 697410 771510 449339 219644 497254 731528 349781 555506 776500 535915 171733 231839 514966 299174 479877 539981 543383 669170 311054 190189 524374 726295 197053 847405 545031 682207 236105 794084 521699 226219 338112 660283
 115119 552207 157745 444195 110623 83765 541229 661757 525043 758203 529401 720112 703255 359695 503120 483723 253925 632296 111825 1 591947 663338 343952 890263 580798 380696 750686 493981 165627 811945 769262 490501 314021 421620 443320 562174 487934 468552 668248 471165 438872 138277 556780 280728 525251 350915 549184 316172 342698 442823 726998 69523 228345 775519 128262 144271 269159 183422 593373 255208 680990 151336 338061 773403 771467 505683 645093 318403 660459 683137 813491 341066 755672 104356 417020 461915 100290 453361 547903 463464 579760 624418 206025 250225 872728 806153 140952 527295 427161 377762 469697 721833 675651 344876 556152 493819 610819 175851 196014 561200 803378 462669 561541 148908 320091 558863 552539 533911 557317 341978 179513 188523 101831 325122 681530 548922 543061 86523 179495 477931 251784 455124 268285 379650 760213 317536 846391 407804 141942 454406 295508 341212 266695 40840 420564 454494 456931 330001 493143 680867 216125 622053 439622 507223 779406 283263 587673 69883 928816 783970 237239 91679 396681 802107 351698 225938 221374 397172 756085 366354 481827 797152 524356 128392 458886 698325 509137 369561 619223 750276 509559 183427 391833 660912 295262 450590 771753 454659 278846 120231 406327 309699 488630 450329 451902 559177 411160 168910 415323 615676 92775 796122 438280 615102 161428 746116 557858 116760 369228 597325
 507572 447270 464484 895858 568582 602905 348605 305157 567895 948500 67104 154877 627139 337847 790841 383185 570148 737772 700131 591947 1 433687 486248 955933 554906 885960 888786 213670 725036 962578 694993 848693 355110 289273 888008 517516 910301 826506 775383 941185 347836 538707 334606 426066 301948 241306 524164 890387 259170 323975 577585 635181 456026 213456 555709 447749 578488 701239 208303 397940 853011 712882 423009 961858 826519 905180 95809 516505 806118 531989 529166 347522 648655 692375 994811 366120 644589 863191 174287 474237 555804 97856 396695 748434 408729 789076 453594 144861 657058 319176 388840 205997 122338 516266 827609 238231 717606 558442 777497 806252 254160 262304 467009 514743 906873 522235 371267 519857 480779 735318 743573 405225 661710 327097 837076 883964 149541 658120 490809 514429 837881 146708 367709 871751 225933 277400 928396 994735 618937 749580 546292 767821 833493 591946 192668 540227 197865 535736 541891 274326 806594 684989 833810 684255 944213 308684 915937 659844 424818 504692 822557 634064 775317 687819 891734 381577 699148 593276 434083 383891 377401 806165 620065 664338 1023353 737321 245928 949259 347556 754835 914787 658085 206521 418484 481555 153369 849069 317769 870535 481577 324160 667456 734646 263056 249475 56661 948275 676946 177152 75646 503101 617695 345425 425360 492710 607204 870855 497419 743702 446378
 548241 127630 630540 724989 712916 723484 130633 143798 254449 589656 403157 388420 208491 313334 532885 750724 795985 381256 731928 663338 433687 1 774069 543964 196862 765198 513993 258853 708451 582452 267597 620210 358634 631715 713590 892572 711867 605269 408854 774353 227973 702808 125328 682130 167968 462308 191345 851812 408933 231033 145047 730929 435861 395888 712376 557407 465276 656226 225491 630981 503032 814645 714284 599925 424955 690481 366766 786478 452879 104685 150351 639312 218208 725468 946197 726109 649407 668555 265620 229873 198634 348410 570774 666498 298445 367520 581848 547177 423403 301089 749665 315215 367308 799655 545818 237790 368774 743204 776038 514006 381986 629046 131091 518936 894326 895240 113335 884390 145717 577671 726051 550711 763735 359315 481694 628414 291850 679841 681378 858349 834599 475308 602293 742600 345538 494419 524432 970761 591982 513790 420551 620634 795055 636794 508453 286425 307746 808064 255432 191675 824338 321424 636822 396787 573328 481940 647207 706321 378713 120647 820035 643423 588788 254663 805663 572086 623471 380298 111166 297098 744860 390614 310712 652085 945705 345157 220339 911598 86553 344492 701877 817262 402219 16170 383643 378785 453251 221803 888130 613833 657864 521144 470995 257024 265642 473029 846484 817752 446988 509193 580217 186472 695915 50355 502962 174440 603857 637811 568080 80359
 370520 704451 209713 787157 240586 283009 644802 705843 743128 1054946 451691 641000 892736 480287 814109 175906 126862 890699 436324 343952 486248 774069 1 1151480 776729 723902 1029925 526243 506171 1098666 966054 819714 444767 200879 785671 218770 828685 796571 930495 815106 561864 206855 648887 96204 606641 314324 739997 635540 365221 550413 885377 327542 442176 699704 220340 291161 554669 526910 606588 150044 967433 360056 64337 1070305 1021764 843608 574767 40245 936267 835365 914346 143499 936612 430880 724674 166816 443635 791364 550996 652485 776418 565183 228829 593626 875291 1030215 265187 355458 709737 484516 160459 680881 605028 30028 866013 542000 867611 180382 518727 863239 739892 238377 721009 414067 619081 215156 665364 189998 724801 670513 517354 261163 331641 430886 962364 875507 531638 428836 167275 134185 559889 348705 174168 723546 708096 279815 1111266 698548 471785 763661 559131 677556 596258 377464 301604 678573 475225 52474 707909 700704 515421 862399 774232 779813 1069127 295352 914361 399505 905059 884661 548729 434224 725439 983929 689146 217505 560819 660273 831615 520489 177207 1031172 765821 471921 778240 936527 560478 677869 700298 978923 848474 259296 377337 764773 521732 418316 1030497 556983 559928 253810 166208 623644 784695 517097 509120 432340 747359 292431 348469 464947 325147 947749 163820 737610 406480 911464 879423 240542 694860 735914
 803394 509810 952780 630828 987576 973075 607425 687665 415573 204684 910020 931945 335724 694228 423159 1194083 1117510 261796 890624 890263 955933 543964 1151480 1 405303 724726 153858 748568 824172 137218 282150 494344 717730 1076291 619805 1326899 581336 501929 223286 663098 634236 997987 621644 1056274 654584 891780 439847 884630 827871 655251 406527 954509 711048 938974 998011 866399 621828 764601 756526 1003195 226596 1016205 1106701 198476 133032 544800 903730 1146990 232195 439357 544447 1049494 333939 888135 936230 1167011 816200 567984 781734 514049 404737 882738 922680 725161 794955 179636 894207 1040754 463233 699465 1187937 859058 908219 1168498 379842 723250 284631 1043493 880797 356991 921632 1089398 489880 758006 944874 1327389 584667 1309790 477272 590763 832939 890488 981942 739025 217215 448872 806450 850066 1005425 1268481 915828 951314 984816 700724 888006 906999 45363 984855 755524 459339 602689 619799 848901 850152 968303 474445 782683 1166135 449871 735588 933275 291476 551801 383177 165234 873868 430436 890674 873379 545804 907262 817902 552095 316086 795073 935158 713550 498170 609484 645090 1188908 153363 385817 799294 898080 223331 712306 925913 620816 201718 552954 1073684 850408 560078 630541 855717 121047 656208 976173 915550 1091698 591593 411170 713370 727034 983607 799259 1056649 907864 1030557 850745 406826 1134487 536165 757917 381064 419964 936506 562445 510881
 472310 108561 595941 544535 656050 654670 208090 320977 69442 405508 505947 552528 122690 300018 339820 797721 766668 192080 623708 580798 554906 196862 776729 405303 1 597277 337446 344351 582694 410211 192248 430058 332036 678206 532668 934481 525228 417180 225490 593119 230919 656194 225867 680562 253230 493911 36937 706552 430647 250886 160241 650268 361272 572067 661127 511626 333954 524504 365258 626725 313977 727857 725223 417321 273391 501060 512441 779146 264072 133455 300903 660655 174971 618486 792799 770993 539594 484307 382133 125126 1861 489554 551497 519027 495124 256211 539310 635469 244357 301283 792882 489283 522075 797613 349532 319054 176268 700800 650071 317342 565496 688072 89672 432400 755970 935648 187303 920012 74499 410319 598179 522986 682118 348204 294336 433686 405678 573350 649800 883377 703440 546676 603877 573259 524785 513889 374726 824555 476661 326383 294406 453298 653472 546414 565794 131320 377381 799779 90994 369773 702073 134013 453321 203212 395087 485895 451014 607220 575556 279905 690204 536407 410895 221334 646713 559952 482993 218356 303185 256321 792308 263397 117360 534583 783141 183186 309288 763457 244378 209981 512509 755361 448005 209139 286114 450539 294409 251183 761382 566870 696579 364572 279051 308145 321765 579524 680553 747653 504496 628454 514495 227612 738688 162374 423358 171662 408210 590320 395270 128125
 399742 637809 532521 101190 484752 445210 685732 831938 527956 536862 818864 978180 693881 563770 309321 861277 622814 524544 294762 380696 885960 765198 723902 724726 597277 1 570979 718390 218613 605471 734058 230458 534963 786318 109603 942517 157685 223815 542793 100089 602140 517105 708075 659770 697029 666972 584360 169969 629694 619830 755417 403370 430113 1023893 504492 483714 320821 202845 805982 628079 499423 412544 717908 549250 646087 191971 908622 696139 508209 730070 894936 711918 746665 298547 212748 838178 283548 157385 779626 536884 595512 884101 562150 141541 1044615 720367 496523 863069 353572 585254 847776 952004 934460 722706 345802 705394 512819 548884 228084 372655 1039132 823834 634836 377838 230981 939043 683576 913862 621680 188032 210050 533518 411240 561265 512820 280800 786710 295075 560126 857365 227566 774993 634390 25153 993137 646342 680142 260145 278059 290271 362855 144851 158598 351390 753307 479909 703699 705564 515006 868807 264036 551978 173772 414740 571203 603253 309197 326375 1117184 871004 226729 293954 192080 782383 72845 583234 188641 385547 875799 533014 858945 696132 487302 255619 187573 611183 713161 202003 763932 667942 188111 512410 681826 771014 421690 732600 630213 631906 279260 489274 776712 245962 346545 661479 670438 869757 83623 480770 726089 930441 427710 818943 812315 716397 398671 760926 306906 493285 202283 684955
 671184 445821 825889 477785 851860 834217 545117 651793 323003 84356 835968 889005 316041 595071 270290 1088143 986096 152082 743507 750686 888786 513993 1029925 153858 337446 570979 1 675702 674810 74104 293915 340699 611273 973585 466618 1215869 429374 348071 113421 511413 548516 865131 563302 936384 589040 791416 365265 730908 728008 571455 399219 812808 587859 905462 863666 740425 485643 615980 702699 884479 73457 870842 989526 90057 117018 393044 849832 1022063 93695 415973 556813 938151 339049 741436 782722 1060938 671722 414456 717954 421448 336270 826801 802588 573848 795857 214273 767681 956431 325387 604078 1080637 823030 859395 1044789 226011 650782 173826 910283 729774 204106 895089 991291 427118 625553 791252 1215741 524716 1196593 411689 439832 682776 769288 839007 635540 69172 296858 740644 705006 877216 1152081 763256 862991 868976 546919 856637 801444 109177 831083 612747 308814 472445 467300 695840 710087 873820 367710 702292 1040324 353065 700973 781869 204250 397948 250334 59420 764762 281489 746073 876885 549766 755021 674214 399290 342840 641223 816894 564783 369720 601138 543683 1083285 179044 278178 653284 745614 170198 643036 772068 577655 192453 401643 933545 757495 529099 509305 771854 85517 575040 823434 786351 985449 445954 264118 632407 646407 908953 646066 914663 816129 960859 718891 425087 1028498 492407 628048 381548 267302 806071 411140 461088
 386707 238940 414703 712869 511346 533242 145139 182620 354253 734831 161603 261225 427941 155275 585299 491894 566510 524372 587942 493981 213670 258853 526243 748568 344351 718390 675702 1 591658 749618 499344 650019 191375 373161 703805 633780 720136 628897 562283 760481 136845 492283 138099 439108 97471 212055 312161 753990 171209 113245 391697 553039 299416 305532 505471 360249 398826 554606 99393 391811 639353 637625 464101 748197 617501 710860 196832 543396 592471 342463 389831 386669 457281 580436 857163 467398 516546 672882 61237 261101 345112 171565 347002 589638 381018 587643 378295 296468 452039 133626 491008 236758 218904 553513 619088 25322 504046 526462 653161 596118 323134 370418 258900 376351 782093 636510 168842 626046 271319 550935 610645 336559 584372 172003 623425 680563 72503 538852 459277 601806 714994 217396 360940 700957 277490 248827 719033 867371 475011 547005 360121 587802 695262 480039 249637 328484 51059 564946 328381 189961 692215 472363 642131 472842 730778 248505 710687 552870 434838 360664 699469 507496 584551 500574 736664 342400 540329 389260 305373 188342 486024 601645 406565 529696 874920 527505 39160 814946 177307 549194 721097 614072 148926 246812 297651 120007 638675 105396 758267 411157 400155 483235 527043 57614 48002 235194 789054 622590 188517 285180 401613 443680 437452 234489 354948 420826 665232 433307 554677 247237
