NAME : domp30p10v9
COMMENT : Cherkesly, Contardo & Gruson 2022
TYPE : DOMP
DIMENSION : 30
DISPLAY_DATA_TYPE : NO_DISPLAY
OPEN_FACILITIES : 10
COST_SECTION
 1 338585 433496 22926 832506 14530 894126 882117 746498 707857 666674 144122 700529 892912 737486 668707 674287 391351 96663 817550 477203 258569 600160 780759 881063 624417 894078 804654 713960 609458
 338585 1 313075 332256 876074 329375 669771 691125 762373 891070 836983 242663 589031 683671 854992 375407 635217 179470 407379 727342 371388 528121 665687 699909 620545 849722 619896 712166 397364 702840
 433496 313075 1 444696 573349 419001 465338 448624 455610 662902 604027 442768 287740 460690 585410 325859 322443 139459 434260 421860 58635 456145 384385 391416 471577 662451 495479 407080 405995 432984
 22926 332256 444696 1 853807 32983 902910 893136 766773 730730 689599 125704 715206 902761 760103 670597 692206 395726 118234 833860 490019 280687 621421 797351 886936 646770 898757 820803 713262 631439
 832506 876074 573349 853807 1 820826 679239 587351 121551 366277 332978 921393 403567 638107 194509 810361 274332 712222 765888 332405 520743 648210 232395 315021 777641 481437 825000 338770 899683 232175
 14530 329375 419001 32983 820826 1 879819 867618 733945 701182 659210 144365 686119 878494 727966 655920 660565 377964 95266 803398 462676 254971 588440 766667 867231 619898 880505 790469 702030 598634
 894126 669771 465338 902910 679239 879819 1 97216 576913 954562 898411 875866 306214 45660 810021 331637 446182 518997 899561 348542 435335 904663 641185 364611 120315 1009264 168164 340794 384136 700118
 882117 691125 448624 893136 587351 867618 97216 1 489439 876620 821897 879670 236089 52233 726349 387670 368222 526670 877139 255136 408511 865328 567358 274877 214171 939408 263097 248730 453081 625190
 746498 762373 455610 766773 121551 733945 576913 489439 1 404685 357449 824097 288003 538240 241010 689617 153515 594970 688667 241304 401630 589128 161558 214944 668757 496668 715041 243649 779054 191920
 707857 891070 662902 730730 366277 701182 954562 876620 404685 1 59468 835993 648676 921212 172313 975349 508969 775822 616677 642158 634118 458055 315621 610884 1027979 134651 1069359 642050 1061611 256118
 666674 836983 604027 689599 332978 659210 898411 821897 357449 59468 1 791006 592264 865774 140344 915894 453750 718337 577914 591382 574753 423274 258034 558955 970156 148801 1011189 590520 1002203 198632
 144122 242663 442768 125704 921393 144365 875866 879670 824097 835993 791006 1 728250 882028 848163 609591 729714 356873 239569 856931 496359 398218 690956 823003 843677 760953 848985 842835 639044 709826
 700529 589031 287740 715206 403567 686119 306214 236089 288003 648676 592264 728250 1 275403 508941 416713 142735 409619 678415 139123 232015 644173 334999 117900 384644 704721 429447 123811 504254 393906
 892912 683671 460690 902761 638107 878494 45660 52233 538240 921212 865774 882028 275403 1 773557 360254 412243 526049 893434 306326 425757 890460 609687 324465 165115 980115 213438 299338 418925 668134
 737486 854992 585410 760103 194509 727966 810021 726349 241010 172313 140344 848163 508941 773557 1 874101 366211 714119 657050 482147 544891 516135 202285 454097 893453 289078 937548 483857 962966 153541
 668707 375407 325859 670597 810361 655920 331637 387670 689617 975349 915894 609591 416713 360254 874101 1 536151 281831 704955 539295 342425 766045 673748 530294 253677 985937 245974 525123 89605 729681
 674287 635217 322443 692206 274332 660565 446182 368222 153515 508969 453750 729714 142735 412243 366211 536151 1 460709 633371 163097 264908 567444 200294 123996 527338 573578 571855 155545 625560 257216
 391351 179470 139459 395726 712222 377964 518997 526670 594970 775822 718337 356873 409619 526049 714119 281831 460709 1 423132 547873 195824 493044 516051 520645 492143 758011 503034 532697 341073 560620
 96663 407379 434260 118234 765888 95266 899561 877139 688667 616677 577914 239569 678415 893434 657050 704955 633371 423132 1 785156 468687 162772 535329 746999 899395 529138 917322 773294 759374 537533
 817550 727342 421860 833860 332405 803398 348542 255136 241304 642158 591382 856931 139123 306326 482147 539295 163097 547873 785156 1 364285 728705 352398 39336 453320 721979 501968 15328 623514 404100
 477203 371388 58635 490019 520743 462676 435335 408511 401630 634118 574753 496359 232015 425757 544891 342425 264908 195824 468687 364285 1 471837 342644 333240 455676 644784 484552 349632 427617 394737
 258569 528121 456145 280687 648210 254971 904663 865328 589128 458055 423274 398218 644173 890460 516135 766045 567444 493044 162772 728705 471837 1 428257 689398 925895 366393 951466 719057 833169 416046
 600160 665687 384385 621421 232395 588440 641185 567358 161558 315621 258034 690956 334999 609687 202285 673748 200294 516051 535329 352398 342644 428257 1 316030 712359 373308 753868 348432 762193 59503
 780759 699909 391416 797351 315021 766667 364611 274877 214944 610884 558955 823003 117900 324465 454097 530294 123996 520645 746999 39336 333240 689398 316030 1 463533 687205 511431 32415 616369 369024
 881063 620545 471577 886936 777641 867231 120315 214171 668757 1027979 970156 843677 384644 165115 893453 253677 527338 492143 899395 453320 455676 925895 712359 463533 1 1070345 49233 443625 285568 771862
 624417 849722 662451 646770 481437 619898 1009264 939408 496668 134651 148801 760953 704721 980115 289078 985937 573578 758011 529138 721979 644784 366393 373308 687205 1070345 1 1108228 719417 1068271 318197
 894078 619896 495479 898757 825000 880505 168164 263097 715041 1069359 1011189 848985 429447 213438 937548 245974 571855 503034 917322 501968 484552 951466 753868 511431 49233 1108228 1 492069 262466 813337
 804654 712166 407080 820803 338770 790469 340794 248730 243649 642050 590520 842835 123811 299338 483857 525123 155545 532697 773294 15328 349632 719057 348432 32415 443625 719417 492069 1 609669 401265
 713960 397364 405995 713262 899683 702030 384136 453081 779054 1061611 1002203 639044 504254 418925 962966 89605 625560 341073 759374 623514 427617 833169 762193 616369 285568 1068271 262466 609669 1 817689
 609458 702840 432984 631439 232175 598634 700118 625190 191920 256118 198632 709826 393906 668134 153541 729681 257216 560620 537533 404100 394737 416046 59503 369024 771862 318197 813337 401265 817689 1
LAMBDA_SECTION
1 236
2 889
3 931
4 207
5 894
6 939
7 290
8 155
9 810
10 867
11 803
12 953
13 36
14 878
15 79
16 921
17 574
18 325
19 112
20 499
21 550
22 496
23 471
24 49
25 209
26 910
27 734
28 852
29 380
30 932
