NAME : domp90p45v7
COMMENT : Cherkesly, Contardo & Gruson 2022
TYPE : DOMP
DIMENSION : 90
DISPLAY_DATA_TYPE : NO_DISPLAY
OPEN_FACILITIES : 45
COST_SECTION
 1 815012 593283 987720 772434 768451 689190 676353 541237 168066 982225 72229 693199 958564 655376 632718 559861 568686 635861 247698 265016 852678 443032 380146 500696 934122 643469 774908 519324 349973 461673 642708 864444 870297 898410 454490 180885 696143 473022 846856 295158 488763 599064 321942 672487 957852 808533 893521 271313 842201 893644 803986 660872 862925 538152 894507 344039 350355 786764 262910 769846 981053 955362 203497 567564 101407 819033 1030214 538136 802293 973205 619005 362698 570963 602232 280977 791322 234918 421458 428056 451979 827134 590858 212659 220735 615984 900459 354879 524797 750979
 815012 1 684430 568238 199683 330218 189482 438818 617188 681683 207066 751508 444400 552295 231409 541046 349458 599459 425418 892681 549996 507613 439590 527901 547762 588745 224227 72779 589486 767143 723216 551263 412554 368023 421592 360954 634286 126678 396008 146791 520753 588941 343734 493476 407141 442338 312626 96487 621103 520541 387862 304745 176151 110239 301209 628611 636203 482691 561149 832666 421734 189056 637327 654624 305532 786221 225453 278817 337739 595733 641054 202135 790726 535996 679651 534702 240512 592818 470560 794363 407591 462831 490792 891834 628113 343544 145791 963811 555606 564572
 593283 684430 1 478480 793396 407875 706296 884486 898919 441602 890803 588503 269067 452354 706060 918923 349526 908396 843446 452022 494243 359439 662388 685886 819191 405099 466165 700730 863760 844767 144041 932770 432897 968516 462584 490218 519358 574407 356990 806678 509016 838831 746840 501702 859963 516509 895146 780069 346232 340605 479878 886987 522110 648830 437953 341402 256819 403891 259413 385534 339750 749381 407382 412032 671459 495788 523842 963245 378519 255857 426620 601814 271338 868352 11146 507636 835448 564748 311184 918631 365087 362159 193677 480797 411007 341153 827330 445248 844837 222317
 987720 568238 478480 1 758964 278191 710091 962130 1078422 819713 721121 956327 296055 29157 737248 1042919 468555 1072992 934440 911344 786006 135094 838381 904631 995423 79073 474851 628361 1043803 1128938 612070 1055747 165749 935492 147837 658097 850767 539695 551289 714203 779494 1029875 832527 757434 930468 134148 875696 632449 716664 147337 180479 867408 514366 468777 548144 157132 656120 672680 220173 841170 228027 498348 108874 784347 762189 906451 344967 792995 505998 224051 98679 640188 737179 1014878 467477 786783 803068 860106 576659 1186034 573241 164944 397403 933725 769334 407713 697138 920633 1014016 258426
 772434 199683 793396 758964 1 501217 93113 250783 453271 671358 230578 702275 590745 740740 117665 359691 444038 430074 247808 903013 519404 683926 340252 423973 397598 771318 337597 131439 431467 642840 798531 368026 597687 183046 611161 357168 596699 235248 452739 95397 485285 438592 197314 462177 221113 637502 117006 192752 639179 694052 578943 108611 280865 309821 359378 802067 680854 492217 721166 853028 587964 366319 819005 652317 205209 768798 414116 262037 415953 755980 824803 196145 838074 368110 791005 499401 45279 537707 521766 653858 454719 637930 607289 893586 625644 463972 156752 989946 398198 717081
 768451 330218 407875 278191 501217 1 441065 687614 800659 603582 520056 725232 139098 254148 464372 765429 212358 794859 658283 749595 536948 182889 562620 632594 717933 273370 196668 376297 766219 863659 495032 778375 114614 683166 142953 387622 610958 270261 300713 474664 524353 752998 555630 499741 656334 196791 617782 414716 508423 192978 128094 609281 238519 259299 275863 301237 474438 427371 232288 680080 91987 345490 319712 568735 484331 702109 121461 594937 243502 266461 327349 363778 599379 736696 400004 533686 546408 607189 347350 916434 322987 136802 232848 762784 548434 152984 473801 788734 736144 240606
 689190 189482 706296 710091 93113 441065 1 257571 427811 581599 296227 620224 516533 689511 43371 354162 358327 410022 238707 811653 431745 623313 270436 358039 359999 714292 261479 118934 400602 589675 706745 365054 545381 262589 562990 264492 511143 171112 361151 158177 398165 401389 154592 373995 225405 596406 189859 226151 546599 631452 533098 181508 207362 293387 269562 738153 587775 399612 650813 760760 522903 376601 760765 561471 130344 680563 370523 341045 327823 685330 768234 105062 744967 346566 704397 412416 130393 455738 429259 610640 362346 577226 523527 803113 534689 384126 215102 897509 366681 643439
 676353 438818 884486 962130 250783 687614 257571 1 221270 627975 464214 604476 742025 940177 225366 111369 560669 192319 43871 863817 474793 866523 252391 296457 195903 960111 495450 366077 210495 449844 848128 118109 796496 219088 816332 394588 528435 423369 528334 342903 441976 229180 139803 430354 32167 852394 187944 443460 635891 872323 787706 189317 449096 547248 461854 976006 704733 504643 880210 830160 762613 615899 1004990 621671 216938 705485 626934 471021 522417 913573 1014029 324532 850049 139132 885188 452960 227551 456045 576974 439314 519407 820968 723351 844254 598562 602699 401622 965029 183186 866795
 541237 617188 898919 1078422 453271 800659 427811 221270 1 546709 678267 475039 819934 1053266 385897 120392 628428 32986 207643 764884 419093 965722 246830 214827 84007 1061494 604735 546453 35864 245881 828377 123258 914905 437640 940235 434842 438614 565091 567959 548594 395839 61175 273514 398527 241684 985183 408614 642496 590246 967072 916547 409388 573057 717845 535581 1061956 675106 495065 956391 747826 860031 804038 1101876 552997 325857 597408 768203 690573 587958 986676 1113926 451918 796966 85501 902329 400860 439682 367784 591396 220751 551655 922860 772145 737760 536425 682970 609599 872608 64817 935094
 168066 681683 441602 819713 671358 603582 581599 627975 546709 1 863719 147236 525151 790557 554312 612033 398264 567436 584532 237279 156336 684695 376472 344417 484743 766788 492123 651015 517020 421914 323390 624213 697339 796025 731401 324604 108106 557730 313989 734442 190951 486906 523417 210534 616412 791031 727856 767062 104065 674391 727606 722008 516931 717178 389775 729037 185341 200295 620393 204031 602085 836307 789043 35456 474265 105179 661107 918731 380540 637122 806687 496840 256341 550976 449550 178065 697585 180160 256316 500340 294323 659102 423100 223006 56397 452107 782887 337121 511499 585162
 982225 207066 890803 721121 230578 520056 296227 464214 678267 863719 1 914409 644509 710778 335275 575581 555721 652812 470663 1084643 720549 685795 564831 650946 627086 756422 430790 213858 658856 873382 929409 581757 582598 297162 583107 539186 802442 328169 596410 139313 688229 667747 427741 662557 438581 587648 282631 110790 813590 701342 547869 278825 380195 262823 499543 806848 836663 669943 752066 1027676 611757 232838 805091 839778 425463 966039 402695 74890 541590 785856 805523 366963 992774 592773 885788 702532 238607 750475 670842 883566 605734 643749 697129 1080586 812883 550331 81778 1161262 626140 759837
 72229 751508 588503 956327 702275 725232 620224 604476 475039 147236 914409 1 660345 927239 585573 563021 513911 501476 563819 297149 203455 821907 371099 308132 430930 906915 588801 708896 451611 300656 466201 573319 825640 798130 859200 392797 119477 635003 425749 778201 230818 420890 527167 258278 600344 917930 736608 827759 248852 812882 852059 732127 602254 804064 482852 872511 332562 299874 762877 297453 734034 921327 931282 179380 497164 131738 767860 961033 488772 781078 948565 553368 382455 501092 596583 217006 720319 164653 381972 380135 403927 793430 562820 266126 188769 572250 832637 406022 455510 728507
 693199 444400 269067 296055 590745 139098 516533 742025 819934 525151 644509 660345 1 267017 530200 804771 191542 819712 707186 639097 492821 162480 573602 629171 735928 253220 255076 477173 784281 842428 364945 818379 183060 773468 216832 386132 555147 356112 263534 581398 489036 766285 603486 468794 712630 276472 703592 535706 423085 156273 224219 695062 310496 390068 286556 242123 370579 379423 138545 568569 82239 483412 286935 489706 527190 615272 257818 718885 231984 171551 301424 422472 477498 766869 261022 495221 635663 567798 281045 903856 284421 133995 110113 656728 473843 139877 590190 667100 757531 126907
 958564 552295 452354 29157 740740 254148 689511 940177 1053266 790557 710778 927239 267017 1 715701 1019535 440874 1048300 911810 883114 757427 105950 812395 877795 970091 62263 450672 610710 1018520 1101159 584732 1032450 144130 918549 130728 631237 821862 518686 523075 698755 751199 1004213 809503 729305 908639 128845 857651 619525 687510 118561 165042 849311 491641 455306 521725 140110 627161 644064 193308 812877 200021 491415 102451 755192 738478 877356 327638 783371 478622 199418 97256 617342 709453 990583 441406 758379 785128 831642 547736 1158714 544967 136569 368272 905257 740198 380233 683850 893482 988972 231324
 655376 231409 706060 737248 117665 464372 43371 225366 385897 554312 335275 585573 530200 715701 1 316594 362203 368998 202111 787056 401812 645127 229674 316567 316983 737605 277007 161860 358107 546665 697692 328024 571781 265036 591104 245327 479102 198018 354355 196137 367645 358331 112384 344713 193456 627148 191341 269123 525783 652117 562343 183634 226627 333092 268244 757607 572625 379298 666524 738528 542755 419304 783286 536023 90304 651233 401969 376001 328593 700684 791587 108210 728825 305636 704839 381750 144841 420923 418742 567270 352885 599237 528303 776850 509481 394194 255006 875745 324214 656810
 632718 541046 918923 1042919 359691 765429 354162 111369 120392 612033 575581 563021 804771 1019535 316594 1 616594 88079 115664 841268 468436 939585 258356 267643 132092 1034600 569440 468428 122373 363613 865705 13891 877349 319908 899591 433267 506228 510628 570333 453083 439349 149522 211057 434478 138755 939464 297832 552339 638106 943486 872847 299776 528935 647356 518708 1043882 715915 522106 943218 816023 834216 722214 1077753 612046 281402 676657 716145 581190 576640 975410 1088122 403224 851042 62077 920922 447718 338617 432671 607749 340958 557665 894921 772539 817547 591849 665025 512380 946596 108322 926168
 559861 349458 349526 468555 444038 212358 358327 560669 628428 398264 555721 513911 191542 440874 362203 616594 1 628578 523514 570720 324878 343844 382066 439633 544426 438797 125296 354806 592758 660393 373775 630325 319245 620914 351314 194845 398755 229674 88425 459924 313826 574796 420928 290316 532743 408045 548027 445796 310394 342329 340259 539734 176801 344727 98884 433651 299037 215105 328404 504783 240997 461204 476180 364437 343815 500278 264576 625164 40496 359611 489508 255215 447062 576638 346978 322482 486499 396152 144908 718196 110645 304850 166103 577688 342134 61412 486053 628108 566185 309632
 568686 599459 908396 1072992 430074 794859 410022 192319 32986 567436 652812 501476 819712 1048300 368998 88079 628578 1 182654 788894 434950 962743 249881 229312 89276 1058438 598350 527981 50613 278764 842352 90356 908674 406839 933182 436769 459561 553257 571749 525109 409928 81292 257082 410538 214660 976772 380214 620779 606458 964800 908602 381356 564112 701963 533947 1061336 689677 505240 956967 769733 856959 785030 1099636 572078 314972 621881 757638 662961 588090 987821 1111235 441084 815296 63465 911433 415912 414287 387605 599098 252903 556364 919314 776064 762589 554482 681630 585726 896140 63779 936798
 635861 425418 843446 934440 247808 658283 238707 43871 207643 584532 470663 563819 707186 911810 202111 115664 523514 182654 1 820614 431067 835438 208649 255717 167293 929680 464085 352841 190422 422918 805101 126348 768691 247611 789722 353251 485595 398310 488009 342600 398173 204388 103859 386484 39257 827834 205354 439513 592041 840519 762042 204965 420175 531744 424636 943117 661196 461287 845630 786507 730844 607360 973913 577947 180131 662972 603406 484185 484716 878669 983482 294520 806216 122195 844352 409220 232060 413511 535023 419156 478415 790186 684883 801394 554766 567472 403094 921523 159572 831115
 247698 892681 452022 911344 903013 749595 811653 863817 764884 237279 1084643 297149 639097 883114 787056 841268 570720 788894 820614 1 393517 780181 613216 574722 711042 844817 684335 870785 738331 595390 308072 852828 822041 1032856 855919 548836 336355 766176 501129 960439 428028 707603 760607 446392 853129 915535 964113 983023 271664 764955 860992 958096 719820 911707 591991 788874 275735 415157 693388 70611 721309 1029991 854238 251202 709711 167873 831830 1143610 565854 698762 873305 720768 180878 779443 462832 415303 931340 409823 428995 674261 486650 767002 529005 38832 277598 611632 1005279 108886 737167 654998
 265016 549996 494243 786006 519404 536948 431745 474793 419093 156336 720549 203455 492821 757427 401812 468436 324878 434950 431067 393517 1 654868 222418 205691 347655 745664 387368 511046 386134 357967 410248 481305 643439 639748 675926 189755 84504 431867 237243 587505 34728 357923 367099 58019 461742 732921 571896 629302 171514 648995 664999 566162 398867 600615 281453 723131 256561 113443 611999 355575 558721 717916 776197 146881 319257 249434 568806 771800 294645 635781 791995 355086 382694 409289 499376 21924 543636 75730 214891 427702 214874 621086 410232 378767 124289 385698 638968 491340 374630 581942
 852678 507613 359439 135094 683926 182889 623313 866523 965722 684695 685795 821907 162480 105950 645127 939585 343844 962743 835438 780181 654868 1 721847 783258 881980 95776 371367 557875 930506 1002092 485766 952830 107070 865521 121909 537319 717586 452884 422792 653761 650062 914595 731947 629005 835647 163491 800590 585836 581581 20825 152250 792097 418513 423335 430583 121429 521689 541427 103861 709752 105786 483916 138492 649346 658351 771475 284920 760252 382952 124180 148645 541992 608627 906872 348849 656695 729073 729592 443514 1061644 444309 46121 262332 801438 634559 284869 647708 794650 902055 137835
 443032 439590 662388 838381 340252 562620 270436 252391 246830 376472 564831 371099 573602 812395 229674 258356 382066 249881 208649 613216 222418 721847 1 88547 163036 817565 370433 379627 211026 328662 607799 272031 677227 428103 704473 188022 280608 354402 321917 425560 189672 192915 156077 179667 239952 752952 365513 494764 385565 722324 683398 361049 348665 523361 291339 815716 459320 263766 709674 577902 616513 627041 856938 369298 140094 458840 545770 602263 341667 739858 869478 243500 599847 205966 664840 200573 352631 211237 351521 364580 306528 679892 526246 595353 346213 437738 484672 713180 186313 688275
 380146 527901 685886 904631 423973 632594 358039 296457 214827 344417 650946 308132 629171 877795 316567 267643 439633 229312 255717 574722 205691 783258 88547 1 142218 878403 445696 468158 180970 242255 613707 279799 746696 494135 775413 246559 238829 439380 368281 511647 181083 153858 231711 184337 292579 826170 437114 583007 377202 781945 756387 433628 429558 609918 357118 870334 460658 282309 761731 548385 679239 714964 915487 345518 227911 412105 625327 685741 400308 790093 929071 330330 587156 206616 689686 186631 432512 165203 381871 284856 349617 743105 569513 552387 326547 498564 571386 679312 169219 737234
 500696 547762 819191 995423 397598 717933 359999 195903 84007 484743 627086 430930 735928 970091 316983 132092 544426 89276 167293 711042 347655 881980 163036 142218 1 977756 522482 478833 48526 255631 753665 142598 832329 413587 858086 350978 377686 487463 484637 492567 321633 41472 206212 321493 206097 903860 372126 581166 519082 883202 834956 371250 492626 644982 451693 977950 601299 415964 872431 688219 776328 736207 1017990 487317 248730 545572 688818 647072 503955 902783 1030111 373697 729367 70284 822279 328135 390924 304613 510193 256488 468691 839261 688927 686541 468707 599016 554125 817133 27001 851287
 934122 588745 405099 79073 771318 273370 714292 960111 1061494 766788 756422 906915 253220 62263 737605 1034600 438797 1058438 929680 844817 745664 95776 817565 878403 977756 1 465690 643180 1026282 1095381 541932 1047792 176339 951534 173568 632730 805666 543291 516080 735526 742254 1010339 826384 721863 929035 185767 888282 661300 662916 97089 208789 879842 511301 497042 526335 78492 596831 632369 151604 775136 201502 542460 48817 731715 753252 849282 363397 829910 478182 149252 53985 635685 668348 1002403 394001 748396 816220 820824 532450 1155874 537285 139680 344160 868737 718530 380331 724743 849350 997810 189879
 643469 224227 466165 474851 337597 196668 261479 495450 604735 492123 430790 588801 255076 450672 277007 569440 125296 598350 464085 684335 387368 371367 370433 445696 522482 465690 1 234658 570582 683329 498998 582510 310341 519512 335604 210276 469542 108348 183493 340702 366460 558402 360696 339315 464833 382597 448920 320636 416281 376874 313172 440407 57139 227655 105995 481158 418465 293909 389882 620773 267166 346545 509853 460937 288079 596963 184257 500898 118792 424236 519438 171192 570051 540029 462360 378338 382070 448392 255657 730535 199954 326121 274407 687854 436029 127509 362637 747925 540086 381976
 774908 72779 700730 628361 131439 376297 118934 366077 546453 651015 213858 708896 477173 610710 161860 468428 354806 527981 352841 870785 511046 557875 379627 468158 478833 643180 234658 1 519512 704422 725191 478568 468380 308371 480684 326466 594208 126332 385793 106077 479797 520189 273496 453350 334374 506099 247486 118948 599783 569121 448093 239272 178770 181841 288438 677457 625077 456172 602090 814021 465511 257696 691258 626427 241792 754051 283396 275969 335201 636945 696338 155976 781954 464527 697007 494025 174807 546913 459709 728245 393728 512188 508954 866904 599565 361416 135671 948014 485588 601453
 519324 589486 863760 1043803 431467 766219 400602 210495 35864 517020 658856 451611 784281 1018520 358107 122373 592758 50613 190422 738331 386134 930506 211026 180970 48526 1026282 570582 519512 1 242642 794659 128996 880568 429365 906170 399046 409088 533426 532097 526845 362030 30800 246017 363937 226987 951617 394899 618516 557543 931716 882819 394972 539940 688584 500206 1026332 641619 459993 920644 719172 824853 777201 1066499 522055 294221 571393 735690 674556 552299 950883 1078634 419892 765558 71474 867088 367489 420832 337327 555852 229286 515814 887776 736288 712150 504789 647499 588193 845539 33930 899269
 349973 767143 844767 1128938 642840 863659 589675 449844 245881 421914 873382 300656 842428 1101159 546665 363613 660393 278764 422918 595390 357967 1002092 328662 242255 255631 1095381 683329 704422 242642 1 741667 368274 976229 668612 1006455 476660 326895 681634 579371 735688 354795 220740 445679 373683 461698 1059504 627406 815779 501312 998293 989822 626255 670743 851853 588495 1078074 592721 467325 967237 597855 901153 955291 1128699 442656 462669 432338 865203 898752 623552 992244 1143710 572041 675659 313050 850937 350598 641641 283080 571226 79561 558098 964846 766775 561910 437186 721409 796926 703733 266771 938436
 461673 723216 144041 612070 798531 495032 706745 848128 828377 323390 929409 466201 364945 584732 697692 865705 373775 842352 805101 308072 410248 485766 607799 613707 753665 541932 498998 725191 794659 741667 1 879234 544144 962562 576414 459835 415576 602206 345797 828332 432630 767246 716906 432623 827328 633840 888955 819571 243117 468655 588085 881315 549606 708635 440812 482388 153749 344731 392012 241581 444827 818878 548128 299229 646406 361575 599253 998273 389995 393815 567302 602392 127733 810218 154788 427643 836977 472310 279068 818607 344946 480085 262228 336828 305333 388959 858543 308951 780333 353665
 642708 551263 932770 1055747 368026 778375 365054 118109 123258 624213 581757 573319 818379 1032450 328024 13891 630325 90356 126348 852828 481305 952830 272031 279799 142598 1047792 582510 478568 128996 368274 879234 1 890137 321525 912214 447153 518144 522739 584219 460841 452425 157289 223546 447817 146923 951790 302535 560771 651192 956818 885318 304836 541631 658009 532385 1057362 729295 535756 956841 828155 847505 731564 1091035 624589 294546 687881 728203 585717 590394 989069 1101342 415862 863965 73407 934781 460668 345649 444644 621593 342723 571555 908113 786396 828817 604562 678610 519723 958383 117914 939881
 864444 412554 432897 165749 597687 114614 545381 796496 914905 697339 582598 825640 183060 144130 571781 877349 319245 908674 768691 822041 643439 107070 677227 746696 832329 176339 310341 468380 880568 976229 544144 890137 1 776669 34270 501117 714234 374581 406198 559344 633061 867546 666842 609289 764879 94346 714679 485515 597974 125828 48558 706298 348646 321555 389656 225342 551889 531770 198587 751546 100835 376994 225066 661997 596880 791753 187123 656656 353547 225768 228530 474477 659799 850050 423206 641677 642299 715358 443979 1030130 428565 75987 293057 839161 643721 257967 548655 849105 850322 224056
 870297 368023 968516 935492 183046 683166 262589 219088 437640 796025 297162 798130 773468 918549 265036 319908 620914 406839 247611 1032856 639748 865521 428103 494135 413587 951534 519512 308371 429365 668612 962562 321525 776669 1 788171 506656 707085 418287 619262 226144 605084 448139 273658 586639 208355 810352 73727 325002 781463 876134 755016 81657 463166 473962 530905 984309 834626 637367 904211 989932 770652 502259 999560 782708 325707 884928 590921 278729 590009 939026 1004709 366703 989355 357899 966778 618164 137887 639242 683518 657490 617884 819649 785950 1018368 757148 644871 264078 1127227 402197 899948
 898410 421592 462584 147837 611161 142953 562990 816332 940235 731401 583107 859200 216832 130728 591104 899591 351314 933182 789722 855919 675926 121909 704473 775413 858086 173568 335604 480684 906170 1006455 576414 912214 34270 788171 1 530571 747367 393179 438716 568027 664956 893856 688689 640900 784526 60080 727934 489645 632176 142310 35246 719635 370731 325277 418813 232300 586074 564618 220924 785398 134610 370068 222075 696075 620090 825981 197323 656435 384791 245238 222643 496368 692945 873918 452685 673785 655326 747443 477720 1059370 461092 101268 326915 873222 677677 290241 553707 882082 875532 249413
 454490 360954 490218 658097 357168 387622 264492 394588 434842 324604 539186 392797 386132 631237 245327 433267 194845 436769 353251 548836 189755 537319 188022 246559 350978 632730 210276 326466 399046 476660 459835 447153 501117 506656 530571 1 274257 242208 137067 411774 162807 380258 258708 135080 371054 582930 433780 443161 282109 536693 513211 426599 211845 412256 111891 628223 328026 135124 521715 496453 432883 528761 670868 300918 186588 427670 394497 595483 154773 551837 683947 172616 483622 388060 491244 176137 389664 241522 183229 529019 125395 496701 340264 542434 273993 252451 458559 633054 373646 500326
 180885 634286 519358 850767 596699 610958 511143 528435 438614 108106 802442 119477 555147 821862 479102 506228 398755 459561 485595 336355 84504 717586 280608 238829 377686 805666 469542 594208 409088 326895 415576 518144 714234 707085 747367 274257 1 516360 310330 668087 114426 378898 433454 141059 519262 805398 641665 712732 174443 710051 738520 636445 482894 684791 363559 777064 265835 183657 666203 310568 625542 802275 833170 118990 393456 178237 649377 852021 371660 687278 849760 438257 362044 444769 525984 100184 618404 73630 274137 403130 288164 686502 463908 315820 110392 458298 720730 440484 404307 633784
 696143 126678 574407 539695 235248 270261 171112 423369 565091 557730 328169 635003 356112 518686 198018 510628 229674 553257 398310 766176 431867 452884 354402 439380 487463 543291 108348 126332 533426 681634 602206 522739 374581 418287 393179 242208 516360 1 269709 232357 404685 526751 300044 377017 391473 429555 350076 220209 494688 461672 364343 341531 52884 173208 174532 569043 510110 357883 485961 705990 354078 287118 589947 529786 239271 662651 205547 396075 213427 520761 597211 113875 665313 491402 570677 418209 280420 480897 344303 718463 280937 406765 382725 765779 503476 235433 256483 837253 500674 482082
 473022 396008 356990 551289 452739 300713 361151 528334 567959 313989 596410 425749 263534 523075 354355 570333 88425 571749 488009 501129 237243 422792 321917 368281 484637 516080 183493 385793 532097 579371 345797 584219 406198 619262 438716 137067 310330 269709 1 485974 228279 511400 390029 206317 503231 495964 545536 489776 232989 418997 428495 537689 220454 411142 97372 502797 240455 126683 393581 438454 323310 529941 550411 281173 314470 417586 347204 661601 66837 421830 564943 256609 396435 524607 357206 236050 491499 309675 74596 640335 22377 386510 204330 504370 257599 148560 521171 567986 508229 369106
 846856 146791 806678 714203 95397 474664 158177 342903 548594 734442 139313 778201 581398 698755 196137 453083 459924 525109 342600 960439 587505 653761 425560 511647 492567 735526 340702 106077 526845 735688 828332 460841 559344 226144 568027 411774 668087 232357 485974 1 554446 533668 290180 529526 314336 586669 181458 104048 691490 666242 534054 174837 284589 248535 388858 774483 723009 545511 703612 906362 565399 282704 784091 712361 286413 835151 372238 184412 438642 738386 787840 239767 880463 463363 803018 568743 117409 613809 558893 748588 492093 608695 615029 954086 685444 467481 61573 1041826 493540 704613
 295158 520753 509016 779494 485285 524353 398165 441976 395839 190951 688229 230818 489036 751199 367645 439349 313826 409928 398173 428028 34728 650062 189672 181083 321633 742254 366460 479797 362030 354795 432630 452425 633061 605084 664956 162807 114426 404685 228279 554446 1 334764 332591 27732 428258 720995 537171 598366 198769 645256 652394 531434 374104 575035 261313 723302 279751 112931 612443 389103 551563 691503 774493 180218 284625 283777 549533 738614 280887 637605 789788 323862 412071 381141 513520 14308 509128 83086 217129 420876 206254 614635 412316 413486 156597 375177 606555 525246 348473 583829
 488763 588941 838831 1029875 438592 752998 401389 229180 61175 486906 667747 420890 766285 1004213 358331 149522 574796 81292 204388 707603 357923 914595 192915 153858 41472 1010339 558402 520189 30800 220740 767246 157289 867546 448139 893856 380258 378898 526751 511400 533668 334764 1 247682 337887 242457 940494 409740 622611 529110 915215 871361 409237 530329 685590 484014 1008406 613945 434945 901869 688782 809151 777484 1049848 492462 288679 540619 727030 686588 534452 931643 1062343 412887 736236 93205 842385 339698 431002 307466 532298 216139 494459 872394 715176 681362 475578 630647 595210 814870 46032 879647
 599064 343734 746840 832527 197314 555630 154592 139803 273514 523417 427741 527167 603486 809503 112384 211057 420928 257082 103859 760607 367099 731947 156077 231711 206212 826384 360696 273496 246017 445679 716906 223546 666842 273658 688689 258708 433454 300044 390029 290180 332591 247682 1 315695 113233 728440 209476 375285 516275 736837 661799 204974 318222 444928 322086 839273 578158 377518 741887 720099 627193 531185 870394 511710 77139 611274 505576 456527 382615 775002 880130 192397 728393 193922 747220 345356 201157 366268 441928 459889 382189 686809 583611 745215 486750 463855 351583 856969 212094 727702
 321942 493476 501702 757434 462177 499741 373995 430354 398527 210534 662557 258278 468794 729305 344713 434478 290316 410538 386484 446392 58019 629005 179667 184337 321493 721863 339315 453350 363937 373683 432623 447817 609289 586639 640900 135080 141059 377017 206317 529526 27732 337887 315695 1 414979 696501 517734 571759 205940 624786 627669 511763 346403 547303 234480 705008 281525 99302 594466 404409 529409 663796 755035 196175 263742 306710 522670 713844 256277 620453 770029 297375 420250 377854 505664 41273 487293 109301 202298 437272 184699 592758 395882 433539 171056 351727 580963 541306 347997 566808
 672487 407141 859963 930468 221113 656334 225405 32167 241684 616412 438581 600344 712630 908639 193456 138755 532743 214660 39257 853129 461742 835647 239952 292579 206097 929035 464833 334374 226987 461698 827328 146923 764879 208355 784526 371054 519262 391473 503231 314336 428258 242457 113233 414979 1 820360 167913 413851 619513 841667 755785 168106 417846 515360 434100 945699 685850 485245 850635 817285 731979 585202 974082 608441 189819 697129 594849 448894 494920 884142 982973 293727 833208 157039 860401 439826 200531 447874 554071 456205 495138 790017 696263 834785 584691 573587 373803 952954 197150 837778
 957852 442338 516509 134148 637502 196791 596406 852394 985183 791031 587648 917930 276472 128845 627148 939464 408045 976772 827834 915535 732921 163491 752952 826170 903860 185767 382597 506099 951617 1059504 633840 951790 94346 810352 60080 582930 805398 429555 495964 586669 720995 940494 728440 696501 820360 1 753316 501323 692075 184241 69792 745190 412677 339009 471046 256410 646090 622264 266981 844986 194354 364247 230587 755736 662285 885931 225924 659166 440233 286959 226078 537038 751562 916540 506342 730163 680674 803737 536845 1110731 518327 154654 386585 933083 737123 347419 566321 940408 920375 298827
 808533 312626 895146 875696 117006 617782 189859 187944 408614 727856 282631 736608 703592 857651 191341 297832 548027 380214 205354 964113 571896 800590 365513 437114 372126 888282 448920 247486 394899 627406 888955 302535 714679 73727 727934 433780 641665 350076 545536 181458 537171 409740 209476 517734 167913 753316 1 285226 710105 810462 695529 8547 393102 421611 457391 918332 761805 565315 835724 919785 703831 464099 935921 713388 254990 818816 530756 283361 516691 870464 941789 293387 916955 324699 893499 550526 72682 575518 609937 624101 544216 754555 713377 950645 687558 573354 231346 1057166 364804 830327
 893521 96487 780069 632449 192752 414716 226151 443460 642496 767062 110790 827759 535706 619525 269123 552339 445796 620779 439513 983023 629302 585836 494764 583007 581166 661300 320636 118948 618516 815779 819571 560771 485515 325002 489645 443161 712732 220209 489776 104048 598366 622611 375285 571759 413851 501323 285226 1 711404 600334 454726 278761 271345 164384 393745 707259 730226 570137 646987 924357 506697 178936 710116 741457 355207 870731 300951 183720 433071 681163 712026 274532 885510 558077 775104 612565 220885 665859 564365 834888 500278 542475 586392 980694 714706 439542 65173 1056669 584764 653017
 271313 621103 346232 716664 639179 508423 546599 635891 590246 104065 813590 248852 423085 687510 525783 638106 310394 606458 592041 271664 171514 581581 385565 377202 519082 662916 416281 599783 557543 501312 243117 651192 597974 781463 632176 282109 174443 494688 232989 691490 198769 529110 516275 205940 619513 692075 710105 711404 1 570916 630136 703427 449025 643889 320840 625049 91419 146988 516328 214876 501255 762823 684979 69676 455789 194036 574960 873708 299313 533208 702629 451818 214313 579806 353334 191072 670600 229331 165488 577142 216704 557069 319570 271938 64800 359672 734717 350995 546040 481141
 842201 520541 340605 147337 694052 192978 631452 872323 967072 674391 701342 812882 156273 118561 652117 943486 342329 964800 840519 764955 648995 20825 722324 781945 883202 97089 376874 569121 931716 998293 468655 956818 125828 876134 142310 536693 710051 461672 418997 666242 645256 915215 736837 624786 841667 184241 810462 600334 570916 1 171958 801950 425573 438614 431511 108355 508876 535633 83543 694637 109716 501930 134841 639130 662598 759691 299449 775937 381975 103390 147257 547948 592293 909609 329930 651493 739272 724045 436352 1058886 440198 57879 251347 786811 624997 284624 661688 777605 903691 118475
 893644 387862 479878 180479 578943 128094 533098 787706 916547 727606 547869 852059 224219 165042 562343 872847 340259 908602 762042 860992 664999 152250 683398 756387 834956 208789 313172 448093 882819 989822 588085 885318 48558 755016 35246 513211 738520 364343 428495 534054 652394 871361 661799 627669 755785 69792 695529 454726 630136 171958 1 687271 344814 290402 401337 266160 588680 555064 246898 790687 143260 335470 257317 692472 594543 824172 164834 621190 371513 273398 257808 469850 701686 848724 470336 661773 622869 735260 472197 1040940 450813 124471 333068 876879 673094 280224 518908 891315 851760 272602
 803986 304745 886987 867408 108611 609281 181508 189317 409388 722008 278825 732127 695062 849311 183634 299776 539734 381356 204965 958096 566162 792097 361049 433628 371250 879842 440407 239272 394972 626255 881315 304836 706298 81657 719635 426599 636445 341531 537689 174837 531434 409237 204974 511763 168106 745190 8547 278761 703427 801950 687271 1 384571 413885 449290 909810 754613 558432 827178 913424 695297 457540 927466 707266 248678 813406 522483 281705 508509 861918 933360 285196 909917 325113 885309 544848 64517 570671 602328 624035 536516 746059 705034 944865 681371 564896 225770 1050816 364532 821793
 660872 176151 522110 514366 280865 238519 207362 449096 573057 516931 380195 602254 310496 491641 226627 528935 176801 564112 420175 719820 398867 418513 348665 429558 492626 511301 57139 178770 539940 670743 549606 541631 348646 463166 370731 211845 482894 52884 220454 284589 374104 530329 318222 346403 417846 412677 393102 271345 449025 425573 344814 384571 1 202060 128366 531508 460239 316650 443577 658409 316390 320412 556735 487671 249730 622102 197320 448693 161735 478162 565266 125835 614578 503941 518541 387043 325520 453331 294842 712760 233275 372655 331076 720816 461791 184603 309292 788432 508246 437235
 862925 110239 648830 468777 309821 259299 293387 547248 717845 717178 262823 804064 390068 455306 333092 647356 344727 701963 531744 911707 600615 423335 523361 609918 644982 497042 227655 181841 688584 851853 708635 658009 321555 473962 325277 412256 684791 173208 411142 248535 575035 685590 444928 547303 515360 339009 421611 164384 643889 438614 290402 413885 202060 1 327415 544594 643342 517281 490239 847515 350245 119198 545855 686937 397629 822314 140024 337561 345853 523720 547648 279862 791234 638668 642535 588222 349984 652818 482746 885034 427351 380962 457840 915508 661518 319680 228547 972721 654949 499897
 538152 301209 437953 548144 359378 275863 269562 461854 535581 389775 499543 482852 286556 521725 268244 518708 98884 533947 424636 591991 281453 430583 291339 357118 451693 526335 105995 288438 500206 588495 440812 532385 389656 530905 418813 111891 363559 174532 97372 388858 261313 484014 322086 234480 434100 471046 457391 393745 320840 431511 401337 449290 128366 327415 1 527518 337132 189960 424741 531462 325177 446533 566299 359853 244960 494926 288223 564297 61159 456722 578479 164542 493622 480369 436614 272878 399704 343768 171405 640584 106544 388578 262813 592517 334225 147690 423876 662972 472372 407629
 894507 628611 341402 157132 802067 301237 738153 976006 1061956 729037 806848 872511 242123 140110 757607 1043882 433651 1061336 943117 788874 723131 121429 815716 870334 977950 78492 481158 677457 1026332 1078074 482388 1057362 225342 984309 232300 628223 777064 569043 502797 774483 723302 1008406 839273 705008 945699 256410 918332 707259 625049 108355 266160 909810 531508 544594 527518 1 552431 611188 111157 720182 215251 601358 65992 694612 764096 805668 406348 881193 474067 92390 85234 652311 609941 1007724 330263 728077 847310 798837 508242 1141978 522709 165800 313545 814808 683805 379873 769108 786582 999375 144005
 344039 636203 256819 656120 680854 474438 587775 704733 675106 185341 836663 332562 370579 627161 572625 715915 299037 689677 661196 275735 256561 521689 459320 460658 601299 596831 418465 625077 641619 592721 153749 729295 551889 834626 586074 328026 265835 510110 240455 723009 279751 613945 578158 281525 685850 646090 761805 730226 91419 508876 588680 754613 460239 643342 337132 552431 1 200737 446849 207386 452005 760234 614653 155217 511735 253263 556883 901044 300090 460044 632917 486945 157591 659302 264482 274248 715923 319222 165885 668527 231365 502537 261432 288560 155790 336433 760703 329542 628084 409987
 350355 482691 403891 672680 492217 427371 399612 504643 495065 200295 669943 299874 379423 644064 379298 522106 215105 505240 461287 415157 113443 541427 263766 282309 415964 632369 293909 456172 459993 467325 344731 535756 531770 637367 564618 135124 183657 357883 126683 545511 112931 434945 377518 99302 485245 622264 565315 570137 146988 535633 555064 558432 316650 517281 189960 611188 200737 1 500181 361453 445623 636319 663381 171961 312554 305456 468983 728460 188928 524919 679009 305751 352283 468249 407482 116896 524021 188471 104202 533792 104510 507790 299494 410789 145594 274909 590237 497939 441951 471113
 786764 561149 259413 220173 721166 232288 650813 880210 956391 620393 752066 762877 138545 193308 666524 943218 328404 956967 845630 693388 611999 103861 709674 761731 872431 151604 389882 602090 920644 967237 392012 956841 198587 904211 220924 521715 666203 485961 393581 703612 612443 901869 741887 594466 850635 266981 835724 646987 516328 83543 246898 827178 443577 490239 424741 111157 446849 500181 1 623614 140356 565325 168653 585693 665684 699886 350464 826955 368883 34868 186454 559335 517653 904788 248550 617076 766370 687711 397109 1031630 413039 122707 202461 717139 574108 278421 705625 700464 894471 38449
 262910 832666 385534 841170 853028 680080 760760 830160 747826 204031 1027676 297453 568569 812877 738528 816023 504783 769733 786507 70611 355575 709752 577902 548385 688219 775136 620773 814021 719172 597855 241581 828155 751546 989932 785398 496453 310568 705990 438454 906362 389103 688782 720099 404409 817285 844986 919785 924357 214876 694637 790687 913424 658409 847515 531462 720182 207386 361453 623614 1 650792 965290 785348 208887 664795 166737 764242 1088420 502007 629647 804364 666692 117152 754873 396177 377478 883320 383691 365130 677398 425258 696396 458494 95264 233358 543812 949202 137401 714869 585266
 769846 421734 339750 228027 587964 91987 522903 762613 860031 602085 611757 734034 82239 200021 542755 834216 240997 856959 730844 721309 558721 105786 616513 679239 776328 201502 267166 465511 824853 901153 444827 847505 100835 770652 134610 432883 625542 354078 323310 565399 551563 809151 627193 529409 731979 194354 703831 506697 501255 109716 143260 695297 316390 350245 325177 215251 452005 445623 140356 650792 1 430149 243540 566643 553145 694425 210871 686645 279219 174475 254373 438273 559226 801129 330682 559015 633241 632451 352303 959124 345317 63911 192305 738732 549523 180777 565689 748675 796313 151158
 981053 189056 749381 498348 366319 345490 376601 615899 804038 836307 232838 921327 483412 491415 419304 722214 461204 785030 607360 1029991 717916 483916 627041 714964 736207 542460 346545 257696 777201 955291 818878 731564 376994 502259 370068 528761 802275 287118 529941 282704 691503 777484 531185 663796 585202 364247 464099 178936 762823 501930 335470 457540 320412 119198 446533 601358 760234 636319 565325 965290 430149 1 590159 806128 494470 941455 225777 299474 464293 596640 588176 385656 906074 721636 742258 704897 398419 767993 601010 983404 546402 446928 562639 1034284 780688 431366 238277 1089179 743278 581109
 955362 637327 407382 108874 819005 319712 760765 1004990 1101876 789043 805091 931282 286935 102451 783286 1077753 476180 1099636 973913 854238 776197 138492 856938 915487 1017990 48817 509853 691258 1066499 1128699 548128 1091035 225066 999560 222075 670868 833170 589947 550411 784091 774493 1049848 870394 755035 974082 230587 935921 710116 684979 134841 257317 927466 556735 545855 566299 65992 614653 663381 168653 785348 243540 590159 1 754324 796630 867878 412049 878503 516095 155991 19242 680459 675601 1044343 396242 780000 863977 851714 561764 1190744 571113 184097 369416 879815 742527 419202 773549 852573 1038526 204694
