NAME : domp80p40v8
COMMENT : Cherkesly, Contardo & Gruson 2022
TYPE : DOMP
DIMENSION : 80
DISPLAY_DATA_TYPE : NO_DISPLAY
OPEN_FACILITIES : 40
COST_SECTION
 1 859141 908876 128773 300116 341357 416669 255207 784205 240747 159218 258625 433374 445483 675754 892648 698534 292812 1050640 781766 696510 531198 269134 945143 485209 823822 442249 1044112 1060520 761578 497067 880914 886523 817061 592508 477218 365829 395622 815756 297055 151683 228587 824665 322391 88372 694691 865823 304315 592026 585524 854912 877085 406750 407690 933960 456153 966207 805773 407209 617227 355532 946207 979527 921376 641718 444448 335578 345420 955497 979670 672133 1005880 637017 954161 613273 320394 946295 825841 473882 171637
 859141 1 854594 740095 663041 765255 453883 628618 139475 776210 789326 675485 708030 571786 920259 586205 242514 954377 783692 127142 500104 565198 722956 290814 378851 560817 956655 190422 927552 98029 616626 887004 776688 345713 840326 615611 950996 519627 720630 756840 856257 732988 343661 545584 772013 213979 280234 1036148 320380 742612 272795 53694 642878 543499 883007 715044 606531 269546 1067009 253181 521562 535923 563391 396609 321270 623310 718431 518957 871584 322891 270644 238278 376349 547651 348255 682466 927893 513339 806573 755676
 908876 854594 1 809773 627207 1121083 702268 896791 717943 669081 991005 670511 476287 515857 308713 292923 951197 719485 229276 732517 371987 435113 641996 634935 814162 296169 575904 909608 152819 825084 438329 62108 80231 513545 342074 458313 645520 932573 138677 1080426 775557 1001999 517337 728580 877897 912945 594297 801027 918468 323420 596951 816678 518684 581852 30674 453009 322193 586881 731248 841600 696182 381476 379876 509166 580058 1091374 574126 827448 47678 632952 619148 755565 521740 375205 978220 596970 73398 345547 449017 740147
 128773 740095 809773 1 184939 350744 291311 181682 659072 167395 186255 141337 335311 324080 604751 771471 596413 297058 937087 657338 573013 411701 171663 816572 373905 702599 411457 922482 959202 643392 383250 787557 780436 688487 513750 362878 348828 315831 707398 304567 148100 221976 696065 196883 68178 587901 737144 344515 492057 489729 726273 755166 294765 281181 836426 359327 844311 677140 424664 505375 228099 821477 855272 793111 513085 407006 239563 240171 855271 850981 544209 878973 508463 829763 521713 212818 853166 702038 396885 82648
 300116 663041 627207 184939 1 505452 224123 290935 556575 114527 363834 43670 160082 147477 448027 592825 578783 291363 752855 558953 398821 231251 60087 680150 353624 524069 326055 829986 775515 573757 198607 608086 595765 538386 351679 178354 297100 379183 522497 461853 214960 380368 546350 164856 252868 558387 599397 374508 488408 311556 589803 665708 109880 128322 654491 184166 666632 541840 407721 467224 162294 649359 681931 637594 383050 515699 82231 270072 672137 711214 424498 759246 361957 656810 534650 38078 673502 528052 244457 131522
 341357 765255 1121083 350744 505452 1 451776 224989 745965 517957 182722 465950 665530 606063 949152 1018500 541329 626959 1209913 736891 818697 690959 514071 950041 415904 952832 759573 954126 1263254 672763 682799 1108447 1078462 865115 854884 662948 691307 253972 1002405 46404 475319 128867 871011 396775 297515 557323 881877 645668 446023 815421 869605 801639 607029 542244 1149870 689611 1084142 824291 746883 516601 433007 1043247 1079154 972083 678233 161993 577896 316921 1163538 988589 684760 970754 703550 1053729 432545 541418 1173172 937024 741440 433361
 416669 453883 702268 291311 224123 451776 1 238251 367832 330405 388595 226469 329334 206917 611109 567454 355511 510343 763147 366042 369615 270141 280813 535745 136589 502785 546158 632531 833530 359631 286757 702475 648241 424684 514305 272044 521222 231162 572276 420509 402604 359727 431428 94480 334238 334274 458930 586942 270575 439823 447323 465269 252966 142927 732537 347149 632394 398633 630650 243131 67914 592357 628167 532452 238128 391286 296499 135289 740140 572044 259760 589599 253624 602629 322270 253109 763457 485328 433047 301919
 255207 628618 896791 181682 290935 224989 238251 1 576521 330638 161659 256048 449515 381291 738945 798536 447222 478318 986636 570707 597476 465974 311970 764590 250148 731882 581538 818061 1038340 530781 458818 885656 853484 662081 642542 439192 525525 140759 777418 187399 329519 121497 668641 172380 169935 447238 690688 524615 340358 595486 678726 654254 386260 317261 925769 473150 866029 630990 606185 377688 209579 829097 864749 769895 474636 231282 369193 114785 938918 802059 490171 804131 491610 839107 358308 328529 950036 718878 534015 253308
 784205 139475 717943 659072 556575 745965 367832 576521 1 671085 737625 575223 582549 449761 782812 457721 291376 845359 661017 16047 360643 433251 616530 215175 332867 426576 833494 273935 797175 121965 486677 748791 640868 217207 704929 487648 834390 492141 582817 729352 760868 691205 216797 462312 700343 252243 171160 930901 327730 606507 160492 116655 522030 431141 746755 587430 486383 140959 952205 238824 432084 418520 449330 289051 189560 622685 603361 461963 736702 253568 139613 227753 240640 430582 374284 571184 791072 380564 677818 661963
 240747 776210 669081 167395 114527 517957 330405 330638 671085 1 350766 104426 196472 248673 441187 677724 679768 179948 820397 673375 492906 321592 54929 791146 451646 610051 250968 944418 821193 685710 276403 640201 650097 646153 353832 258687 201453 446091 581491 471864 114583 389104 654197 255207 228184 662318 710443 260265 584095 345700 701184 779872 189111 241992 693742 218001 752339 653705 302139 572267 264220 742277 773238 742318 496623 561859 101982 346335 715966 821252 538772 872775 472626 748768 625490 107818 705560 620254 235267 84807
 159218 789326 991005 186255 363834 182722 388595 161659 737625 350766 1 320734 519671 489317 790623 928705 598156 445171 1105841 732078 727115 577796 357708 922046 411502 860477 583090 979115 1138731 691676 557460 971229 957430 812461 700000 536970 511964 282460 882982 137901 294807 75865 819379 306260 122760 602215 846625 463368 492167 673704 834845 815763 472625 434406 1018323 543837 999171 786502 564203 537289 345048 968287 1003358 920001 626679 293428 425230 275689 1035759 959032 646360 965040 636993 977628 500876 395509 1036759 853278 582950 266617
 258625 675485 670511 141337 43670 465950 226469 256048 575223 104426 320734 1 200629 186971 484407 634053 575557 284091 796084 576482 438343 272754 61528 708854 347687 565215 341102 847199 819049 583663 241987 650686 639431 570639 389183 221659 302076 354824 566153 421767 186925 339693 578514 151989 209212 557895 628223 361200 480817 353585 618225 681447 153548 156952 697665 224851 707582 569725 406347 467876 159866 688536 721517 671724 408323 484335 113299 249370 715562 740950 447047 783532 392209 696254 523705 75817 716169 567698 278197 94290
 433374 708030 476287 335311 160082 665530 329334 449515 582549 196472 519671 200629 1 138184 292136 491554 675180 305321 624557 589169 323028 161518 165741 656647 465851 425927 251545 852657 627363 630738 105081 452262 453909 502219 194477 97125 266167 525181 385033 621841 308872 540113 510268 304456 403074 647890 578374 397987 598708 154437 571214 698526 76369 188061 502173 24231 566070 528239 384631 557081 286564 564030 592557 586306 393511 669879 97908 413620 522551 681525 442943 754119 350729 569194 651550 124834 517876 443249 104679 263861
 445483 571786 515857 324080 147477 606063 206917 381291 449761 248673 489317 186971 138184 1 405049 447619 540405 405859 616655 455334 251515 88576 196258 545747 340183 378741 384943 722300 657268 492876 81526 507788 472874 398010 309117 65246 385795 425599 397129 566475 358698 490271 406081 213167 389737 511776 465421 496142 469346 233192 456819 564696 72425 67860 545100 149869 520861 410695 504417 421679 183057 501958 534700 493715 263194 580603 160119 316164 557650 574513 310845 634155 228896 509507 524546 140920 571177 380838 241453 278929
 675754 920259 308713 604751 448027 949152 611109 738945 782812 441187 790623 484407 292136 405049 1 497727 937725 437041 527246 793592 435506 367228 435491 783705 745232 457279 278905 1029672 450737 860156 329731 255171 339050 631498 97899 341074 356427 816857 312385 904189 527834 821364 638271 596143 668714 905799 718589 508912 873310 180914 715895 897478 364375 468489 320607 270014 558261 685816 427856 818850 575968 592112 606631 677080 601307 961791 371488 705225 353453 796197 651145 899360 544160 591290 929265 410454 310511 499165 208071 524194
 892648 586205 292923 771471 592825 1018500 567454 798536 457721 677724 928705 634053 491554 447619 497727 1 725112 792736 209059 473455 201780 361577 632520 343643 643274 68880 693030 620312 341528 575305 401402 342233 213327 241127 470580 419721 738915 790457 192159 985068 792264 917271 242652 627989 836294 684951 311723 884516 717987 390507 316573 542680 490551 494963 316441 476641 74670 317858 848832 630494 589651 95567 109936 216807 370150 949470 576270 702738 296845 340102 393065 463697 325393 93644 776242 577124 363982 86207 526610 723721
 698534 242514 951197 596413 578783 541329 355511 447222 291376 679768 598156 575557 675180 540405 937725 725112 1 858088 933619 276188 579272 571588 633477 501850 228511 680634 901538 421181 1052717 174331 608987 969666 880697 495121 845459 600086 875399 315868 812525 540190 733438 532155 496782 425256 610454 40340 462201 927522 106865 757726 451171 290252 600062 488120 981555 689668 765025 424119 981880 119030 417197 701050 733865 578922 371210 389816 651877 356513 978362 538831 335617 476188 429613 713162 110042 608616 1021515 641197 779842 635338
 292812 954377 719485 297058 291363 626959 510343 478318 845359 179948 445171 284091 305321 405859 437041 792736 858088 1 904236 848549 627967 461422 231614 950846 629617 728857 165522 1119255 871017 864879 407514 677491 720111 800111 377783 394730 83227 607538 661974 581056 152991 503714 808212 432837 332354 841598 870832 92679 760507 415444 862458 956126 335950 414218 738943 317089 866650 816549 128253 751885 443949 868524 896194 889199 665438 703104 245807 516270 767080 978444 710145 1039575 634744 873297 799243 274206 739229 748280 276104 230137
 1050640 783692 229276 937087 752855 1209913 763147 986636 661017 820397 1105841 796084 624557 616655 527246 209059 933619 904236 1 676964 393759 528099 782548 516847 848122 263689 776503 791696 174670 780639 554298 291253 189785 443999 539125 574503 837769 990628 242525 1174033 933428 1102209 444221 814329 1004257 893392 503919 991614 926699 489224 510920 736940 644181 673150 232894 604659 177662 520079 934751 839506 777201 249396 227617 392562 578121 1150638 719139 897596 198374 502034 602118 629388 530695 238260 985115 730248 272158 294713 628150 879039
 781766 127142 732517 657338 558953 736891 366042 570707 16047 673375 732078 576482 589169 455334 793592 473455 276188 848549 676964 1 373635 441655 618992 228638 325291 441734 839694 271045 812679 106012 494481 762837 655656 233093 714744 494860 839106 483321 597063 721079 761545 684418 232755 460459 697328 237267 186783 933445 315067 616602 176237 109409 527422 434453 761422 594633 502406 156937 956609 227088 431126 434566 465363 304864 197398 611691 607549 456410 751650 266790 146903 234832 250329 446628 360607 574538 805588 395952 685402 662233
 696510 500104 371987 573013 398821 818697 369615 597476 360643 492906 727115 438343 323028 251515 435506 201780 579272 627967 393759 373635 1 171333 443841 353966 458738 134412 556781 594608 480494 458080 221105 393994 302328 198140 372218 236090 586599 597052 233316 784392 606152 715730 205423 426420 636756 540958 284216 720632 551196 274248 280843 470296 303848 294106 402299 314313 272357 250741 703198 471070 388227 250592 283190 265917 208082 757234 394414 504449 399793 372112 248293 465752 150363 258000 610891 387775 442866 129357 386047 530340
 531198 565198 435113 411701 231251 690959 270141 465974 433251 321592 577796 272754 161518 88576 367228 361577 571588 461422 528099 441655 171333 1 273088 495135 393240 292844 409943 698316 572875 497064 56790 432512 387661 340898 278838 66695 427489 498396 311500 652308 435047 577264 348964 295066 477844 538915 417026 553769 513566 186478 410052 549904 132515 148718 464974 159652 435463 367873 546111 453116 261413 421026 452597 427809 244334 656494 223435 392348 475207 520161 294983 593801 194619 427835 571523 217118 494107 299068 246294 362252
 269134 722956 641996 171663 60087 514071 280813 311970 616530 54929 357708 61528 165741 196258 435491 632520 633477 231614 782548 618992 443841 273088 1 736747 406493 564292 279583 890016 792827 633277 231786 617388 617490 592638 342853 212896 242265 415812 546645 468859 162673 385953 600661 212322 238545 614455 656019 314453 540397 319821 646675 725794 141970 187066 667906 189307 706932 599077 349840 523732 216344 694057 725669 689828 441704 542106 68321 310887 688159 767118 483887 817868 418227 700922 584294 56072 683001 572140 227500 98275
 945143 290814 634935 816572 680150 950041 535745 764590 215175 791146 922046 708854 656647 545747 783705 343643 501850 950846 516847 228638 353966 495135 736747 1 534142 345492 902723 277535 676498 327686 551757 679955 554746 156789 725884 560517 922365 696563 517443 929677 894527 883735 149104 626466 867220 464086 80754 1041738 542737 628211 90687 238064 614903 552628 659570 653572 340995 139610 1041154 453015 590757 269289 289450 127523 303533 834299 705655 650498 640462 38827 276061 120874 318527 279603 589242 684061 706951 296458 734024 801957
 485209 378851 814162 373905 353624 415904 136589 250148 332867 451646 411502 347687 465851 340183 745232 643274 228511 629617 848122 325291 458738 393240 406493 534142 1 584437 678964 567959 936696 280879 417628 820402 753756 458012 649063 404522 648749 162738 679358 396929 506455 359726 463128 196784 397065 214971 466992 699437 135070 571004 454684 404298 389485 278698 844778 483368 700406 410565 753779 132097 191338 649841 685643 562696 277762 311452 429982 140784 848820 572711 273928 560101 317928 661177 185701 385560 878960 557531 569636 407524
 823822 560817 296169 702599 524069 952832 502785 731882 426576 610051 860477 565215 425927 378741 457279 68880 680634 728857 263689 441734 134412 292844 564292 345492 584437 1 635145 615820 373305 539375 333648 336129 216822 217483 419816 351675 677548 728133 171967 918752 724515 850084 221172 560780 767477 640887 298672 821007 666028 333898 300934 521273 422356 426459 323476 411980 142701 291736 789344 580742 522629 142618 167541 225843 316719 887806 508860 637921 310773 349682 345363 466177 267254 145651 725014 508767 369497 49755 466625 655060
 442249 956655 575904 411457 326055 759573 546158 581538 833494 250968 583090 341102 251545 384943 278905 693030 901538 165522 776503 839694 556781 409943 279583 902723 678964 635145 1 1104171 724302 875852 353287 528546 587785 746602 237536 348220 82306 694482 538776 713169 291362 631842 754525 489853 462489 878562 825939 230086 813975 302556 819415 949103 313933 419462 592330 250293 764109 777806 158472 786907 487821 777735 801270 822621 644837 812665 249670 590469 622799 925364 693974 1003713 602007 780585 860703 293471 587465 663345 170932 330790
 1044112 190422 909608 922482 829986 954126 632531 818061 273935 944418 979115 847199 852657 722300 1029672 620312 421181 1119255 791696 271045 594608 698316 890016 277535 567959 615820 1104171 1 953759 287482 753578 951948 829400 404690 959959 756473 1107679 709936 786822 946742 1031604 923366 399174 726161 957797 398408 318521 1204464 508239 860589 318376 167332 794708 705041 935080 855842 617566 343912 1225757 443595 699068 546251 564200 405033 459605 808973 877136 707245 917068 289735 411489 162758 503746 556222 530471 845103 982213 566078 944563 931821
 1060520 927552 152819 959202 775515 1263254 833530 1038340 797175 821193 1138731 819049 627363 657268 450737 341528 1052717 871017 174670 812679 480494 572875 792827 676498 936696 373305 724302 953759 1 912167 582640 196017 185591 581996 493245 602972 795898 1064691 261877 1223686 928229 1146600 583892 867940 1027378 1013231 652569 951259 1031381 475520 657848 884184 666154 721404 132212 604381 336723 658568 877656 949338 833874 407548 392371 549433 684304 1224701 725270 962828 105376 665812 717103 792954 629595 397812 1090987 746478 143883 416938 601719 891085
 761578 98029 825084 643392 573757 672763 359631 530781 121965 685710 691676 583663 630738 492876 860156 575305 174331 864879 780639 106012 458080 497064 633277 327686 280879 539375 875852 287482 912167 1 545114 851575 749957 336779 775508 541781 865536 424329 687773 662466 762195 636213 337036 449963 674289 137687 292429 944844 232228 680043 282091 128932 562215 458345 854590 639845 607163 261638 980118 157198 427530 539986 571122 410777 260091 535712 633206 420929 846902 364521 212328 307671 319370 552071 268864 595368 897559 495388 731962 661479
 497067 616626 438329 383250 198607 682799 286757 458818 486677 276403 557460 241987 105081 81526 329731 401402 608987 407514 554298 494481 221105 56790 231786 551757 417628 333648 353287 753578 582640 545114 1 427638 400068 397143 236482 20502 371240 507119 325550 642128 390892 564155 405191 293365 450856 578129 473783 500092 543847 153422 466839 603266 90421 149357 467075 103024 475983 424593 489689 489971 264365 467310 497525 482094 297178 661800 175438 397517 481306 576452 347578 650532 249920 473351 600310 177314 491546 345465 191262 325867
 880914 887004 62108 787557 608086 1108447 702475 885656 748791 640201 971229 650686 452262 507788 255171 342233 969666 677491 291253 762837 393994 432512 617388 679955 820402 336129 528546 951948 196017 851575 427638 1 130664 551181 300229 446801 601116 930577 166817 1066612 743124 986730 555615 720811 855329 932295 634463 756233 930509 297829 636176 851487 501994 575147 65747 428321 378088 622230 681644 857240 690406 433907 435044 555989 600238 1087676 549081 823059 100047 680422 642224 800828 540727 428493 990033 575737 65619 385877 412950 714779
 886523 776688 80231 780436 595765 1078462 648241 853484 640868 650097 957430 639431 453909 472874 339050 213327 880697 720111 189785 655656 302328 387661 617490 554746 753756 216822 587785 829400 185591 749957 400068 130664 1 434302 350249 420533 651126 879392 76301 1039304 760584 962911 437912 682683 848526 841938 514393 805837 852779 308661 517223 737952 485919 536326 106656 432110 247705 508242 745773 773397 648400 303572 304433 429148 509713 1039293 551190 777241 97672 553101 546630 675410 452684 297939 912538 568645 153038 265922 444518 715572
 817061 345713 513545 688487 538386 865115 424684 662081 217207 646153 812461 570639 502219 398010 631498 241127 495121 800111 443999 233093 198140 340898 592638 156789 458012 217483 746602 404690 581996 336779 397143 551181 434302 1 570353 407023 768345 618190 384686 838930 753292 783473 8103 508079 744275 454800 87359 891773 504478 472179 86316 304235 464735 413796 540957 498144 270822 76736 886824 413282 470141 205995 239402 107816 187711 769116 556460 552241 527501 179313 184537 268006 180047 218097 559553 538375 586912 168701 577486 664817
 592508 840326 342074 513750 351679 854884 514305 642542 704929 353832 700000 389183 194477 309117 97899 470580 845459 377783 539125 714744 372218 278838 342853 725884 649063 419816 237536 959959 493245 775508 236482 300229 350249 570353 1 246161 303626 718966 303552 810296 448599 727712 577635 498263 579094 814517 656027 459128 778277 99373 652040 820884 266500 371476 361162 172152 538114 617925 395634 726437 478160 560849 580432 628155 519335 864331 277108 607334 389565 742180 569808 837646 464424 561984 833662 314447 363142 455695 118696 434770
 477218 615611 458313 362878 178354 662948 272044 439192 487648 258687 536970 221659 97125 65246 341074 419721 600086 394730 574503 494860 236090 66695 212896 560517 404522 351675 348220 756473 602972 541781 20502 446801 420533 407023 246161 1 361855 489890 346049 622114 372972 543952 415105 274761 430439 570066 481833 487094 532339 167947 474488 604006 71027 132370 486946 99787 494210 431206 480711 481077 246694 483945 514616 494486 298164 643766 158608 379804 501470 586164 348126 657046 253793 490243 588196 157956 510924 361958 190966 306206
 365829 950996 645520 348828 297100 691307 521222 525525 834390 201453 511964 302076 266167 385795 356427 738915 875399 83227 837769 839106 586599 427489 242265 922365 648749 677548 82306 1107679 795898 865536 371240 601116 651126 768345 303626 361855 1 646638 596859 644997 217393 565125 776401 454039 393913 855479 843610 155514 782599 352866 836106 948063 313427 407629 663687 272355 811767 792088 119049 764315 458222 819179 844988 851506 648984 754948 232589 547776 692896 947635 696234 1017430 612021 823060 825711 270802 661729 701188 213180 272218
 395622 519627 932573 315831 379183 253972 231162 140759 492141 446091 282460 354824 525181 425599 816857 790457 315868 607538 990628 483321 597052 498396 415812 696563 162738 728133 694482 709936 1064691 424329 507119 930577 879392 618190 718966 489890 646638 1 803394 238703 463446 217025 623625 220746 310671 322010 629709 660327 210553 656328 617404 552415 452798 357768 962709 546863 851571 573038 735777 267132 243444 804901 840858 723902 434101 160423 461399 111635 970995 735195 435187 717642 467080 815917 219935 416807 992500 706064 621023 377854
 815756 720630 138677 707398 522497 1002405 572276 777418 582817 581491 882982 566153 385033 397129 312385 192159 812525 661974 242525 597063 233316 311500 546645 517443 679358 171967 538776 786822 261877 687773 325550 166817 76301 384686 303552 346049 596859 803394 1 963420 693409 887342 389287 606467 775364 774271 468697 749930 780902 246730 470033 684710 412635 460201 169054 364186 246618 455414 697232 703220 572111 287678 297536 396323 441382 963203 481330 700980 169495 520711 480750 638144 383120 284946 840675 496536 210009 221337 386005 644357
 297055 756840 1080426 304567 461853 46404 420509 187399 729352 471864 137901 421767 621841 566475 904189 985068 540190 581056 1174033 721079 784392 652308 468859 929677 396929 918752 713169 946742 1223686 662466 642128 1066612 1039304 838930 810296 622114 644997 238703 963420 1 429194 83013 845070 359756 251155 552997 859611 601267 440744 772562 847404 790860 564755 503766 1108997 645980 1051803 801221 701544 505380 396910 1012862 1048675 946375 651396 178672 533204 287326 1123313 967987 660830 955735 673719 1023132 433493 497420 1131523 904597 696329 387206
 151683 856257 775557 148100 214960 475319 402604 329519 760868 114583 294807 186925 308872 358698 527834 792264 733438 152991 933428 761545 606152 435047 162673 894527 506455 724515 291362 1031604 928229 762195 390892 743124 760584 753292 448599 372972 217393 463446 693409 429194 1 350983 761267 314081 179450 721346 813800 197306 631491 453489 804024 865090 302879 341907 799086 329223 866867 755769 278487 634876 334765 856037 887275 851776 595082 551091 216453 381072 822855 925959 633929 970456 576712 862693 665015 218658 807907 734037 331133 100734
 228587 732988 1001999 221976 380368 128867 359727 121497 691205 389104 75865 339693 540113 490271 821364 917271 532155 503714 1102209 684418 715730 577264 385953 883735 359726 850084 631842 923366 1146600 636213 564155 986730 962911 783473 727712 543952 565125 217025 887342 83013 350983 1 789997 289311 171640 539014 810742 529826 427505 691640 798708 762527 484750 429555 1030277 564297 985591 751284 626425 479833 327644 949858 985434 891282 595941 218129 450605 233389 1045419 921469 610376 918917 612951 959761 431654 415463 1051833 838587 613445 304554
 824665 343661 517337 696065 546350 871011 431428 668641 216797 654197 819379 578514 510268 406081 638271 242652 496782 808212 444221 232755 205423 348964 600661 149104 463128 221172 754525 399174 583892 337036 405191 555615 437912 8103 577635 415105 776401 623625 389287 845070 761267 789997 1 515215 751686 456487 81155 899875 507776 479564 80940 301380 472835 421648 544559 506141 270165 75868 894867 416429 477343 204311 237222 101361 194099 774057 564556 558534 530652 171277 189375 261113 187678 216429 562520 546424 590669 172056 585339 672677
 322391 545584 728580 196883 164856 396775 94480 172380 462312 255207 306260 151989 304456 213167 596143 627989 425256 432837 814329 460459 426420 295066 212322 626466 196784 560780 489853 726161 867940 449963 293365 720811 682683 508079 498263 274761 454039 220746 606467 359756 314081 289311 515215 1 241095 409729 548450 503947 328957 438324 537111 558833 232389 146789 757998 326135 696663 488094 557221 321552 38875 662958 698260 615158 325070 369708 246092 109165 769718 662093 351348 683552 331025 672537 371973 200786 784332 549866 401485 213668
 88372 772013 877897 68178 252868 297515 334238 169935 700343 228184 122760 209212 403074 389737 668714 836294 610454 332354 1004257 697328 636756 477844 238545 867220 397065 767477 462489 957797 1027378 674289 450856 855329 848526 744275 579094 430439 393913 310671 775364 251155 179450 171640 751686 241095 1 606337 788739 364186 504071 557510 777544 791024 362742 343251 904492 427018 908683 728444 456286 529020 276522 883886 918048 850070 564765 375621 306750 257083 923430 902526 592429 923747 564783 892448 526609 280971 920945 765348 461447 144544
 694691 213979 912945 587901 558387 557323 334274 447238 252243 662318 602215 557895 647890 511776 905799 684951 40340 841598 893392 237267 540958 538915 614455 464086 214971 640887 878562 398408 1013231 137687 578129 932295 841938 454800 814517 570066 855479 322010 774271 552997 721346 539014 456487 409729 606337 1 422729 913563 112367 725343 411600 258796 573523 462150 943241 661513 724686 383971 963946 91658 398341 660741 693599 539109 332899 410636 629235 349888 939610 501397 296179 443167 391759 672852 134391 586773 983545 601170 752384 622108
 865823 280234 594297 737144 599397 881877 458930 690688 171160 710443 846625 628223 578374 465421 718589 311723 462201 870832 503919 186783 284216 417026 656019 80754 466992 298672 825939 318521 652569 292429 473783 634463 514393 87359 656027 481833 843610 629709 468697 859611 813800 810742 81155 548450 788739 422729 1 961526 489688 557407 12319 233089 534960 471910 620823 576136 326482 60365 962528 398247 512225 255691 283608 118780 224155 772636 625436 577369 605236 113858 200534 181619 237818 267422 540230 603426 667421 248985 658280 721434
 304315 1036148 801027 344515 374508 645668 586942 524615 930901 260265 463368 361200 397987 496142 508912 884516 927522 92679 991614 933445 720632 553769 314453 1041738 699437 821007 230086 1204464 951259 944844 500092 756233 805837 891773 459128 487094 155514 660327 749930 601267 197306 529826 899875 503947 364186 913563 961526 1 826954 504188 952961 1040126 427163 500373 819053 409503 958257 906651 114251 825361 519428 960953 988426 981577 753555 739784 336093 577713 848388 1069788 797236 1128729 724772 965637 861831 361290 816336 840849 364163 292277
 592026 320380 918468 492057 488408 446023 270575 340358 327730 584095 492167 480817 598708 469346 873310 717987 106865 760507 926699 315067 551196 513566 540397 542737 135070 666028 813975 508239 1031381 232228 543847 930509 852779 504478 778277 532339 782599 210553 780902 440744 631491 427505 507776 328957 504071 112367 489688 826954 1 696265 477726 360292 522464 410769 949122 615378 766534 441908 885880 91750 326211 708019 742649 599847 349309 303704 565052 251895 949694 581249 326302 538839 401854 719935 59775 520609 986205 632015 702954 534774
 585524 742612 323420 489729 311556 815421 439823 595486 606507 345700 673704 353585 154437 233192 180914 390507 757726 415444 489224 616602 274248 186478 319821 628211 571004 333898 302556 860589 475520 680043 153422 297829 308661 472179 99373 167947 352866 656328 246730 772562 453489 691640 479564 438324 557510 725343 557407 504188 696265 1 553203 722214 209242 299923 348517 130558 461657 518647 459102 639034 412896 476439 499045 533809 422217 808007 251593 545463 370268 645571 472458 738993 366331 478811 753178 278240 363441 365492 140091 417586
 854912 272795 596951 726273 589803 869605 447323 678726 160492 701184 834845 618225 571214 456819 715895 316573 451171 862458 510920 176237 280843 410052 646675 90687 454684 300934 819415 318376 657848 282091 466839 636176 517223 86316 652040 474488 836106 617404 470033 847404 804024 798708 80940 537111 777544 411600 12319 952961 477726 553203 1 226727 526714 462118 623775 569404 333756 49143 955078 386238 501022 263439 292109 128702 213194 760339 616907 565327 608807 124993 188621 186056 228661 275272 528475 594341 670182 251410 652254 711279
 877085 53694 816678 755166 665708 801639 465269 654254 116655 779872 815763 681447 698526 564696 897478 542680 290252 956126 736940 109409 470296 549904 725794 238064 404298 521273 949103 167332 884184 128932 603266 851487 737952 304235 820884 604006 948063 552415 684710 790860 865090 762527 301380 558833 791024 258796 233089 1040126 360292 722214 226727 1 636731 542478 844549 703792 559393 229799 1065335 285507 531960 488215 514613 347311 306097 663993 716208 542184 831698 269508 255884 186674 356970 499785 392952 682463 890073 472878 794353 765085
 406750 642878 518684 294765 109880 607029 252966 386260 522030 189111 472625 153548 76369 72425 364375 490551 600062 335950 644181 527422 303848 132515 141970 614903 389485 422356 313933 794708 666154 562215 90421 501994 485919 464735 266500 71027 313427 452798 412635 564755 302879 484750 472835 232389 362742 573523 534960 427163 522464 209242 526714 636731 1 112135 546398 95223 564976 481263 432136 482386 211798 553230 584398 556900 335598 600861 92109 341187 563176 642634 383237 705523 299889 559822 575185 86950 567088 431212 180539 235456
 407690 543499 581852 281181 128322 542244 142927 317261 431141 241992 434406 156952 188061 67860 468489 494963 488120 414218 673150 434453 294106 148718 187066 552628 278698 426459 419462 705041 721404 458345 149357 575147 536326 413796 371476 132370 407629 357768 460201 503766 341907 429555 421648 146789 343251 462150 471910 500373 410769 299923 462118 542478 112135 1 611336 204754 566434 413922 523591 370791 115325 540700 574800 515641 254772 512868 175052 248354 622934 584296 296979 630979 235306 549206 464223 140088 638252 422223 292580 251033
 933960 883007 30674 836426 654491 1149870 732537 925769 746755 693742 1018323 697665 502173 545100 320607 316441 981555 738943 232894 761422 402299 464974 667906 659570 844778 323476 592330 935080 132212 854590 467075 65747 106656 540957 361162 486946 663687 962709 169054 1108997 799086 1030277 544559 757998 904492 943241 620823 819053 949122 348517 623775 844549 546398 611336 1 478674 340851 614804 746294 872143 725846 402649 398923 533187 610380 1121372 599852 857319 35500 656446 649183 779957 552172 395789 1008875 623725 47628 372547 470854 765914
 456153 715044 453009 359327 184166 689611 347149 473150 587430 218001 543837 224851 24231 149869 270014 476641 689668 317089 604659 594633 314313 159652 189307 653572 483368 411980 250293 855842 604381 639845 103024 428321 432110 498144 172152 99787 272355 546863 364186 645980 329223 564297 506141 326135 427018 661513 576136 409503 615378 130558 569404 703792 95223 204754 478674 1 550933 527522 389643 571159 306901 551454 579178 579205 397928 692641 121178 435238 499433 677363 447913 753442 352520 556213 668960 149062 493939 431519 92156 287241
 966207 606531 322193 844311 666632 1084142 632394 866029 486383 752339 999171 707582 566070 520861 558261 74670 765025 866650 177662 502406 272357 435463 706932 340995 700406 142701 764109 617566 336723 607163 475983 378088 247705 270822 538114 494210 811767 851571 246618 1051803 866867 985591 270165 696663 908683 724686 326482 958257 766534 461657 333756 559393 564976 566434 340851 550933 1 345603 920637 677058 658069 71982 58199 215346 423666 1009359 650921 767529 315114 329097 440253 456308 384518 61397 823634 651449 388001 147206 599029 797710
 805773 269546 586881 677140 541840 824291 398633 630990 140959 653705 786502 569725 528239 410695 685816 317858 424119 816549 520079 156937 250741 367873 599077 139610 410565 291736 777806 343912 658568 261638 424593 622230 508242 76736 617925 431206 792088 573038 455414 801221 755769 751284 75868 488094 728444 383971 60365 906651 441908 518647 49143 229799 481263 413922 614804 527522 345603 1 911129 350160 451924 278531 310331 157945 164057 718459 570798 517987 602433 174084 140913 225944 181879 290635 494788 547196 660276 243854 612140 662599
 407209 1067009 731248 424664 407721 746883 630650 606185 952205 302139 564203 406347 384631 504417 427856 848832 981880 128253 934751 956609 703198 546111 349840 1041154 753779 789344 158472 1225757 877656 980118 489689 681644 745773 886824 395634 480711 119049 735777 697232 701544 278487 626425 894867 557221 456286 963946 962528 114251 885880 459102 955078 1065335 432136 523591 746294 389643 920637 911129 1 873458 565606 931636 956267 968673 767526 829578 349132 643642 777674 1066136 814455 1136476 731038 934991 925882 384815 738363 815170 322720 358212
 617227 253181 841600 505375 467224 516601 243131 377688 238824 572267 537289 467876 557081 421679 818850 630494 119030 751885 839506 227088 471070 453116 523732 453015 132097 580742 786907 443595 949338 157198 489971 857240 773397 413282 726437 481077 764315 267132 703220 505380 634876 479833 416429 321552 529020 91658 398247 825361 91750 639034 386238 285507 482386 370791 872143 571159 677058 350160 873458 1 308055 617491 651909 508101 265070 385078 537610 272221 870827 491687 237553 456424 320722 629455 146643 495255 910815 544893 661677 534935
 355532 521562 696182 228099 162294 433007 67914 209579 432084 264220 345048 159866 286564 183057 575968 589651 417197 443949 777201 431126 388227 261413 216344 590757 191338 522629 487821 699068 833874 427530 264365 690406 648400 470141 478160 246694 458222 243444 572111 396910 334765 327644 477343 38875 276522 398341 512225 519428 326211 412896 501022 531960 211798 115325 725846 306901 658069 451924 565606 308055 1 624095 659408 577021 288349 397556 239546 133155 736614 626005 316656 650875 292531 633686 373570 194702 753360 511196 387137 234123
 946207 535923 381476 821477 649359 1043247 592357 829097 418520 742277 968287 688536 564030 501958 592112 95567 701050 868524 249396 434566 250592 421026 694057 269289 649841 142618 777735 546251 407548 539986 467310 433907 303572 205995 560849 483945 819179 804901 287678 1012862 856037 949858 204311 662958 883886 660741 255691 960953 708019 476439 263439 488215 553230 540700 402649 551454 71982 278531 931636 617491 624095 1 35976 143365 372101 960679 642491 726404 379399 258734 383009 385550 339751 12120 764083 638030 450220 122025 608940 780865
 979527 563391 379876 855272 681931 1079154 628167 864749 449330 773238 1003358 721517 592557 534700 606631 109936 733865 896194 227617 465363 283190 452597 725669 289450 685643 167541 801270 564200 392371 571122 497525 435044 304433 239402 580432 514616 844988 840858 297536 1048675 887275 985434 237222 698260 918048 693599 283608 988426 742649 499045 292109 514613 584398 574800 398923 579178 58199 310331 956267 651909 659408 35976 1 167430 407931 996554 672928 762294 373312 274714 418152 402126 375689 25731 798426 669715 446129 153881 633625 813450
 921376 396609 509166 793111 637594 972083 532452 769895 289051 742318 920001 671724 586306 493715 677080 216807 578922 889199 392562 304864 265917 427809 689828 127523 562696 225843 822621 405033 549433 410777 482094 555989 429148 107816 628155 494486 851506 723902 396323 946375 851776 891282 101361 615158 850070 539109 118780 981577 599847 533809 128702 347311 556900 515641 533187 579205 215346 157945 968673 508101 577021 143365 167430 1 295441 872887 649004 659894 513378 124542 288824 246926 285304 154308 652586 634630 580686 179217 651790 766011
 641718 321270 580058 513085 383050 678233 238128 474636 189560 496623 626679 408323 393511 263194 601307 370150 371210 665438 578121 197398 208082 244334 441704 303533 277762 316719 644837 459605 684304 260091 297178 600238 509713 187711 519335 298164 648984 434101 441382 651396 595082 595941 194099 325070 564765 332899 224155 753555 349309 422217 213194 306097 335598 254772 610380 397928 423666 164057 767526 265070 288349 372101 407931 295441 1 588675 420559 364545 607344 338013 50676 376208 60077 383418 408354 392282 650697 283946 488267 500260
 444448 623310 1091374 407006 515699 161993 391286 231282 622685 561859 293428 484335 669879 580603 961791 949470 389816 703104 1150638 611691 757234 656494 542106 834299 311452 887806 812665 808973 1224701 535712 661800 1087676 1039293 769116 864331 643766 754948 160423 963203 178672 551091 218129 774057 369708 375621 410636 772636 739784 303704 808007 760339 663993 600861 512868 1121372 692641 1009359 718459 829578 385078 397556 960679 996554 872887 588675 1 596339 264625 1130353 873125 584683 840907 624998 971902 279783 553762 1150219 864622 760155 483228
 335578 718431 574126 239563 82231 577896 296499 369193 603361 101982 425230 113299 97908 160119 371488 576270 651877 245807 719139 607549 394414 223435 68321 705655 429982 508860 249670 877136 725270 633206 175438 549081 551190 556460 277108 158608 232589 461399 481330 533204 216453 450605 564556 246092 306750 629235 625436 336093 565052 251593 616907 716208 92109 175052 599852 121178 650921 570798 349132 537610 239546 642491 672928 649004 420559 596339 1 352216 620445 733943 466356 793844 388960 648680 613115 45326 614692 520532 164900 166063
 345420 518957 827448 240171 270072 316921 135289 114785 461963 346335 275689 249370 413620 316164 705225 702738 356513 516270 897596 456410 504449 392348 310887 650498 140784 637921 590469 707245 962828 420929 397517 823059 777241 552241 607334 379804 547776 111635 700980 287326 381072 233389 558534 109165 257083 349888 577369 577713 251895 545463 565327 542184 341187 248354 857319 435238 767529 517987 643642 272221 133155 726404 762294 659894 364545 264625 352216 1 867064 688148 377075 689479 386819 736845 284138 307225 885694 620528 510148 287022
 955497 871584 47678 855271 672137 1163538 740140 938918 736702 715966 1035759 715562 522551 557650 353453 296845 978362 767080 198374 751650 399793 475207 688159 640462 848820 310773 622799 917068 105376 846902 481306 100047 97672 527501 389565 501470 692896 970995 169495 1123313 822855 1045419 530652 769718 923430 939610 605236 848388 949694 370268 608807 831698 563176 622934 35500 499433 315114 602433 777674 870827 736614 379399 373312 513378 607344 1130353 620445 867064 1 635590 644253 760289 550153 371871 1009467 642460 75485 358821 496665 786378
 979670 322891 632952 850981 711214 988589 572044 802059 253568 821252 959032 740950 681525 574513 796197 340102 538831 978444 502034 266790 372112 520161 767118 38827 572711 349682 925364 289735 665812 364521 576452 680422 553101 179313 742180 586164 947635 735195 520711 967987 925959 921469 171277 662093 902526 501397 113858 1069788 581249 645571 124993 269508 642634 584296 656446 677363 329097 174084 1066136 491687 626005 258734 274714 124542 338013 873125 733943 688148 635590 1 312709 127413 349263 268072 627356 713812 704026 302004 755727 834434
 672133 270644 619148 544209 424498 684760 259760 490171 139613 538772 646360 447047 442943 310845 651145 393065 335617 710145 602118 146903 248293 294983 483887 276061 273928 345363 693974 411489 717103 212328 347578 642224 546630 184537 569808 348126 696234 435187 480750 660830 633929 610376 189375 351348 592429 296179 200534 797236 326302 472458 188621 255884 383237 296979 649183 447913 440253 140913 814455 237553 316656 383009 418152 288824 50676 584683 466356 377075 644253 312709 1 336895 107504 394790 383767 436174 690694 307727 538530 537252
