NAME : domp60p15v1
COMMENT : Cherkesly, Contardo & Gruson 2022
TYPE : DOMP
DIMENSION : 60
DISPLAY_DATA_TYPE : NO_DISPLAY
OPEN_FACILITIES : 15
COST_SECTION
 1 510222 806265 667661 373607 598741 521838 412503 255171 571952 495424 764475 321009 508191 440862 672171 433883 420574 671581 349750 330226 207893 629205 271104 448860 798918 312759 230531 453111 533871 506689 509330 373464 367004 346319 683687 402452 526025 557177 797495 764535 763698 261469 372202 792271 294947 624194 246490 766619 649172 468635 559337 256512 549965 269510 695903 36162 463968 167969 145447
 510222 1 475156 367661 219529 503916 436159 817710 756480 440823 358739 435340 190944 282153 231520 290944 790708 656084 379899 189355 822195 312336 119449 295978 285334 537302 284717 695254 163986 890515 864647 297162 598893 143673 332965 470578 842476 488626 114411 503171 404687 443758 544369 611701 452209 612444 213527 365131 359227 245735 716688 224701 764669 323575 755548 407890 533697 754547 678095 611815
 806265 475156 1 138826 675355 315067 338704 1198989 983382 286689 323353 862528 552320 757018 372090 720793 1194319 664809 134828 492422 1133486 683277 460751 537830 357410 110659 722738 1034028 388036 1298466 896860 772121 1033202 532749 464012 176270 1202944 378731 569420 58073 74340 874193 952889 651135 870269 1017951 262101 781416 750026 675059 704217 690340 1044721 796440 1075383 857493 840849 762810 947444 831746
 667661 367661 138826 1 552028 232806 226705 1060630 849889 183754 193042 783597 418951 647940 234128 638210 1057182 555704 13383 357215 995416 547106 382422 399008 218928 170135 594016 895215 256462 1161410 790468 662607 900386 403589 327059 123491 1064143 276978 473027 143035 108280 794057 817179 535344 795144 881601 170380 648191 682064 591458 601414 590931 907797 690963 936914 768347 702146 657603 810578 697160
 373607 219529 675355 552028 1 624544 543901 610373 628385 568360 474818 402183 166295 152599 347237 298724 576578 658141 562420 226855 645196 171225 313769 287036 395213 720212 73969 511402 299566 674390 826337 160183 379760 155448 377046 632937 642552 583862 204968 694272 609540 403846 333550 607073 428410 400813 421650 161889 393041 276347 718857 185897 607130 202443 577865 341716 385296 741155 534208 506134
 598741 503916 315067 232806 624544 1 83543 1011062 720080 63817 150719 939255 461405 754303 282794 794523 1025997 355994 223298 398002 902207 552341 561886 375119 230699 245238 641248 826951 344921 1128628 584124 767027 908708 470649 272657 138942 998989 78115 618315 272812 327913 947595 808370 350700 955790 864307 367711 667227 855849 748730 390807 721695 802307 803162 853073 908589 634876 450167 707436 579406
 521838 436159 338704 226705 543901 83543 1 933257 659381 54808 77503 870314 379620 676863 208078 726934 945910 329581 221263 317051 832159 468817 505345 291702 154172 292817 558544 751425 273469 1048949 564062 689209 825537 391228 189533 175497 923617 57363 550208 307854 332955 878056 725847 312637 888076 782507 326961 583685 792877 681893 374756 648862 734813 726269 780699 836192 557994 430958 638708 513631
 412503 817710 1198989 1060630 610373 1011062 933257 1 421492 982186 901428 878680 660744 667209 826934 851089 83475 797619 1066362 712272 213962 523258 922909 663601 846007 1203348 537719 192673 820634 135704 793689 658583 275466 694759 752198 1090486 71511 938510 813571 1196977 1148864 871344 277078 756730 907029 211347 985056 453028 938746 850136 832083 754498 301044 682671 204896 802585 376464 807409 352799 475440
 255171 756480 983382 849889 628385 720080 659381 421492 1 714067 660055 1013706 565537 758588 645873 926566 484048 420524 850663 581729 225969 462671 875924 485017 637393 952018 565257 252243 674663 556791 372588 758438 533330 612951 525666 834327 370837 641968 810910 962585 954924 1012021 437043 393663 1041932 432069 842131 491471 1021163 904261 439050 813811 121578 797737 216688 942965 244936 402500 105211 154301
 571952 440823 286689 183754 568360 63817 54808 982186 714067 1 94068 876117 407600 694753 223195 731195 992541 378635 176396 343124 885155 506783 498181 331979 173148 238034 589030 802103 283289 1095989 611967 707744 865713 413465 232686 120706 974248 94097 555176 253713 286536 884577 768439 364697 892432 826678 306164 620308 792066 685307 420663 659763 788539 743182 832902 846373 608055 478201 692205 567835
 495424 358739 323353 193042 474818 150719 77503 901428 660055 94068 1 793186 313536 603612 132423 649584 907860 374017 192026 249137 816674 415063 429099 242988 80020 303502 495002 725859 196520 1011766 608138 616312 774710 320324 149465 189058 897385 132235 472869 305208 300977 801043 679464 347811 810769 739176 259333 527697 715414 604465 425373 572749 724404 652555 761329 759975 531144 477970 627210 508860
 764475 435340 862528 783597 402183 939255 870314 878680 1013706 876117 793186 1 541233 256398 663111 145985 815379 1049632 796757 582134 982708 571986 403407 671281 717403 946063 452498 847995 596857 886886 1227854 255389 603374 505970 742507 897200 932567 921218 320947 903604 788196 14133 629852 1000041 28925 680197 614056 522294 128929 192719 1111008 230308 970913 216253 918819 76239 769149 1137995 913015 903644
 321009 190944 552320 418951 166295 461405 379620 660744 565537 407600 313536 541233 1 310937 193512 414614 646834 508505 427430 65271 640466 137649 310390 130064 235606 580345 182213 518999 164486 750279 697206 321122 481456 47717 211457 483150 676170 417943 260273 561555 494728 545527 402062 459321 564597 468424 324313 229305 501591 378781 569921 311206 576915 361666 574937 490604 346504 598898 488401 421755
 508191 282153 757018 647940 152599 754303 676863 667209 758588 694753 603612 256398 310937 1 471705 184743 616564 810550 659775 364562 742780 317660 326472 437086 523760 818030 196153 606943 413559 703410 977134 15343 402675 287305 521870 743862 712092 721201 199488 785126 685810 256222 398626 759581 284084 457975 494988 268246 276210 184443 871347 93995 721507 50736 676970 190844 513720 893677 659096 647373
 440862 231520 372090 234128 347237 282794 208078 826934 645873 223195 132423 663111 193512 471705 1 520761 823149 445076 240722 128571 770918 314231 316852 169763 54294 388686 375117 664880 67638 927400 669015 484603 671138 191792 131347 289665 832202 258132 344278 373856 324484 670580 584337 406880 681520 648098 199211 419493 590629 476434 503238 440788 689376 520400 710112 628115 474098 547926 593216 491641
 672171 290944 720793 638210 298724 794523 726934 851089 926566 731195 649584 145985 414614 184743 520761 1 798094 921329 651324 448376 925234 468817 260152 543754 574974 801773 362533 789412 453852 881573 1110240 192536 583223 374917 607257 751266 896775 778760 176727 760250 646493 155919 583336 873065 161288 642517 469145 444110 94758 46796 982769 112843 898715 172336 858917 141035 682505 1013394 830656 804030
 433883 790708 1194319 1057182 576578 1025997 945910 83475 484048 992541 907860 815379 646834 616564 823149 798094 1 837881 1063845 702842 290338 511677 890307 666060 847197 1206349 506531 238510 810061 104287 853022 606673 215054 676508 760225 1096236 154904 956109 775606 1196356 1140420 807284 247139 794168 843311 179262 969421 426854 882890 800884 876592 706861 367003 627152 269398 739774 399142 856499 404420 517891
 420574 656084 664809 555704 658141 355994 329581 797619 420524 378635 374017 1049632 508505 810550 445076 921329 837881 1 550746 474558 636475 509141 757808 378454 403882 601135 633750 605250 506187 930076 234894 818266 792519 546413 323736 492071 764401 286166 755870 627341 662511 1053661 680522 52152 1073101 715011 626772 610855 1004655 882897 61452 819711 528650 860583 605262 996698 449603 104286 449255 322180
 671581 379899 134828 13383 562420 223298 221263 1066362 850663 176396 192026 796757 427430 659775 240722 651324 1063845 550746 1 365143 998660 554429 395731 403894 222742 158632 603458 899709 265782 1168104 785321 674399 908723 413145 329371 110570 1069051 270152 485761 134128 111843 807188 824579 531508 808378 888705 183705 656518 695409 604565 595572 603429 910181 703037 940609 781217 706263 652169 812919 698338
 349750 189355 492422 357215 226855 398002 317051 712272 581729 343124 249137 582134 65271 364562 128571 448376 702842 474558 365143 1 676940 191183 304239 106737 170615 516467 247460 561241 108459 806783 676517 375908 543843 77796 160557 418060 723375 357878 281500 499182 437682 587613 460470 427828 603871 525691 277158 291759 530146 408733 535847 352365 605753 414935 612996 536860 379121 569979 513363 431928
 330226 822195 1133486 995416 645196 902207 832159 213962 225969 885155 816674 982708 640466 742780 770918 925234 290338 636475 998660 676940 1 509874 937986 601174 776554 1118804 572307 135855 782252 343448 595171 738079 413579 683283 670103 1001748 151622 825353 847474 1121455 1093989 977936 354088 603204 1011632 315030 953199 485243 1018546 913660 660961 817430 108005 770887 67383 907313 298314 627435 195404 326518
 207893 312336 683277 547106 171225 552341 468817 523258 462671 506783 415063 571986 137649 317660 314231 468817 511677 509141 554429 191183 509874 1 428920 177728 345039 702055 126434 384368 298592 615600 660492 322043 359886 175370 280804 597564 538846 495361 349625 687992 628761 572931 270161 457063 598687 334675 461873 115703 562525 443212 568011 356292 455387 364503 443321 508502 225634 583765 373958 335237
 629205 119449 460751 382422 313769 561886 505345 922909 875924 498181 429099 403407 310390 326472 316852 260152 890307 757808 395731 304239 937986 428920 1 410730 366344 542733 385296 809205 252161 987512 973399 341644 689917 263091 434640 500048 951629 561299 127256 500331 386498 414576 646766 716019 413430 714329 212059 470440 300069 214309 817309 242963 882956 355133 871029 397221 652038 858712 797147 730871
 271104 295978 537830 399008 287036 375119 291702 663601 485017 331979 242988 671281 130064 437086 169763 543754 666060 378454 403894 106737 601174 177728 410730 1 182411 540637 280446 496393 189662 770188 571970 446197 534139 169558 103076 430361 665178 317856 383449 533436 493706 675498 436716 329461 694650 496209 358578 293266 629181 506660 439877 441264 520973 487714 540428 619830 304512 469761 425551 332419
 448860 285334 357410 218928 395213 230699 154172 846007 637393 173148 80020 717403 235606 523760 54294 574974 847197 403882 222742 170615 776554 345039 366344 182411 1 359223 417705 677116 121363 951439 632337 536390 704680 240432 111807 252530 846876 203850 398424 351046 319249 724867 613184 369105 735782 675000 225762 455055 644181 530541 460368 494793 689985 572838 718011 682144 483524 507745 592921 483431
 798918 537302 110659 170135 720212 245238 292817 1203348 952018 238034 303502 946063 580345 818030 388686 801773 1206349 601135 158632 516467 1118804 702055 542733 540637 359223 1 758996 1029318 421911 1310567 827175 832718 1059823 569337 452743 117805 1200717 319174 640686 52753 172004 957050 971553 595055 955967 1034012 333036 808070 839079 755263 633812 759650 1024273 860803 1064405 934620 834608 693659 927467 804894
 312759 284717 722738 594016 73969 641248 558544 537719 565257 589030 495002 452498 182213 196153 375117 362533 506531 633750 603458 247460 572307 126434 385296 280446 417705 758996 1 438055 337678 605835 786150 198673 316469 190474 379428 664687 568819 592910 278919 737043 660029 452342 261534 581817 480014 329276 476456 87970 457289 344540 693168 250521 537490 240565 505051 385975 320535 710034 468195 451226
 230531 695254 1034028 895215 511402 826951 751425 192673 252243 802103 725859 847995 518999 606943 664880 789412 238510 605250 899709 561241 135855 384368 809205 496393 677116 1029318 438055 1 668754 325129 615839 602322 296054 559550 576602 914215 172193 752755 714831 1027054 989357 843496 222054 564065 876915 193458 838361 350536 882692 778192 640962 681856 147914 635441 70883 772857 194715 618738 165972 283178
 453111 163986 388036 256462 299566 344921 273469 820634 674663 283289 196520 596857 164486 413559 67638 453852 810061 506187 265782 108459 782252 298592 252161 189662 121363 421911 337678 668754 1 913800 725687 427068 645222 147486 184732 333999 831699 324939 277197 399490 330530 604595 566249 465641 614828 632215 171083 393383 523009 409246 565358 376781 707382 461101 719088 563789 483952 607874 613176 521767
 533871 890515 1298466 1161410 674390 1128628 1048949 135704 556791 1095989 1011766 886886 750279 703410 927400 881573 104287 930076 1168104 806783 343448 615600 987512 770188 951439 1310567 605835 325129 913800 1 929188 692510 301598 779107 863870 1200260 192100 1058076 870381 1300640 1244249 877780 349211 887985 914047 281956 1072199 528311 963033 887696 966013 795508 435892 709393 340414 812514 498544 942441 487818 608222
 506689 864647 896860 790468 826337 584124 564062 793689 372588 611967 608138 1227854 697206 977134 669015 1110240 853022 234894 785321 676517 595171 660492 973399 571970 632337 827175 786150 615839 725687 929188 1 982248 866714 740556 540975 722299 743035 518487 955275 856915 896992 1230013 758183 263257 1253349 773190 857408 741219 1198685 1075843 193418 1002426 494041 1024806 588802 1167685 522758 134072 450758 365849
 509330 297162 772121 662607 160183 767027 689209 658583 758438 707744 616312 255389 321122 15343 484603 192536 606673 818266 674399 375908 738079 322043 341644 446197 536390 832718 198673 602322 427068 692510 982248 1 392320 298969 532387 757938 704516 733056 214728 800021 700986 254369 391853 767118 283506 450110 510120 267248 282368 195240 878915 107312 718972 42637 672582 187307 513785 900385 658228 649584
 373464 598893 1033202 900386 379760 908708 825537 275466 533330 865713 774710 603374 481456 402675 671138 583223 215054 792519 908723 543843 413579 359886 689917 534139 704680 1059823 316469 296054 645222 301598 866714 392320 1 501780 636060 957176 332761 846975 570348 1042841 973188 595920 112074 742872 631658 102856 792304 252208 667870 587117 841952 494161 442927 412102 361226 527358 348903 836571 431354 502226
 367004 143673 532749 403589 155448 470649 391228 694759 612951 413465 320324 505970 47717 287305 191792 374917 676508 546413 413145 77796 683283 175370 263091 169558 240432 569337 190474 559550 147486 779107 740556 298969 501780 1 237860 478485 713395 434109 215026 546602 471446 511090 429906 498283 528288 497332 293143 252218 459628 337165 607855 275785 622256 337517 617254 459365 391440 639188 534727 469471
 346319 332965 464012 327059 377046 272657 189533 752198 525666 232686 149465 742507 211457 521870 131347 607257 760225 323736 329371 160557 670103 280804 434640 103076 111807 452743 379428 576602 184732 863870 540975 532387 636060 237860 1 338420 747992 215064 436424 451780 429979 748106 536572 281423 763957 594100 329352 396317 686332 566337 383966 512901 580824 572539 613421 697224 381909 424073 483574 371826
 683687 470578 176270 123491 632937 138942 175497 1090486 834327 120706 189058 897200 483150 743862 289665 751266 1096236 492071 110570 418060 1001748 597564 500048 430361 252530 117805 664687 914215 333999 1200260 722299 757938 957176 478485 338420 1 1085968 206527 581056 135332 197050 907090 865151 482241 910194 926125 289624 707028 800096 704493 529197 695246 906692 789497 947955 877173 719548 588243 809972 687099
 402452 842476 1202944 1064143 642552 998989 923617 71511 370837 974248 897385 932567 676170 712092 832202 896775 154904 764401 1069051 723375 151622 538846 951629 665178 846876 1200717 568819 172193 831699 192100 743035 704516 332761 713395 747992 1085968 1 924527 847326 1197477 1156236 925865 314657 726380 961172 254579 999296 481785 986404 892811 794792 796408 249274 731251 159749 856331 366472 766088 315226 443954
 526025 488626 378731 276978 583862 78115 57363 938510 641968 94097 132235 921218 417943 721201 258132 778760 956109 286166 270152 357878 825353 495361 561299 317856 203850 319174 592910 752755 324939 1058076 518487 733056 846975 434109 215064 206527 924527 1 602134 341833 380620 928604 744006 276096 939624 797800 384265 611026 846614 734164 326713 697603 724854 771121 777113 884909 562048 384564 630337 501779
 557177 114411 569420 473027 204968 618315 550208 813571 810910 555176 472869 320947 260273 199488 344278 176727 775606 755870 485761 281500 847474 349625 127256 383449 398424 640686 278919 714831 277197 870381 955275 214728 570348 215026 436424 581056 847326 602134 1 602990 496362 329476 536502 709325 337909 602868 309051 366734 249938 132199 817069 121143 802872 230856 780093 296151 574891 851363 723554 675030
 797495 503171 58073 143035 694272 272812 307854 1196977 962585 253713 305208 903604 561555 785126 373856 760250 1196356 627341 134128 499182 1121455 687992 500331 533436 351046 52753 737043 1027054 399490 1300640 856915 800021 1042841 546602 451780 135332 1197477 341833 602990 1 121559 914886 958144 617304 912606 1021914 293967 790637 794234 714005 663619 723035 1029599 826497 1065200 894875 832734 722923 932416 812974
 764535 404687 74340 108280 609540 327913 332955 1148864 954924 286536 300977 788196 494728 685810 324484 646493 1140420 662511 111843 437682 1093989 628761 386498 493706 319249 172004 660029 989357 330530 1244249 896992 700986 973188 471446 429979 197050 1156236 380620 496362 121559 1 799854 896730 643239 796014 962740 191166 722483 676034 600805 706802 617423 1009073 724364 1034019 783383 798212 763697 912087 801545
 763698 443758 874193 794057 403846 947595 878056 871344 1012021 884577 801043 14133 545527 256222 670580 155919 807284 1053661 807188 587613 977936 572931 414576 675498 724867 957050 452342 843496 604595 877780 1230013 254369 595920 511090 748106 907090 925865 928604 329476 914886 799854 1 624634 1003861 36284 674058 624758 520554 142951 202713 1114994 235317 967634 214289 914355 70639 767712 1141326 910896 903565
 261469 544369 952889 817179 333550 808370 725847 277078 437043 768439 679464 629852 402062 398626 584337 583336 247139 680522 824579 460470 354088 270161 646766 436716 613184 971553 261534 222054 566249 349211 758183 391853 112074 429906 536572 865151 314657 744006 536502 958144 896730 624634 1 630999 658756 68100 723022 179774 674221 578241 729885 481778 360001 421240 292555 554097 237735 724931 332583 392677
 372202 611701 651135 535344 607073 350700 312637 756730 393663 364697 347811 1000041 459321 759581 406880 873065 794168 52152 531508 427828 603204 457063 716019 329461 369105 595055 581817 564065 465641 887985 263257 767118 742872 498283 281423 482241 726380 276096 709325 617304 643239 1003861 630999 1 1023777 667087 594186 558772 957375 835267 111802 770403 496104 809497 568244 946300 402283 142897 412332 282476
 792271 452209 870269 795144 428410 955790 888076 907029 1041932 892432 810769 28925 564597 284084 681520 161288 843311 1073101 808378 603871 1011632 598687 413430 694650 735782 955967 480014 876915 614828 914047 1253349 283506 631658 528288 763957 910194 961172 939624 337909 912606 796014 36284 658756 1023777 1 708957 625083 550600 125890 207217 1134517 253395 999672 244775 947737 104945 797283 1162272 941426 930997
 294947 612444 1017951 881601 400813 864307 782507 211347 432069 826678 739176 680197 468424 457975 648098 642517 179262 715011 888705 525691 315030 334675 714329 496209 675000 1034012 329276 193458 632215 281956 773190 450110 102856 497332 594100 926125 254579 797800 602868 1021914 962740 674058 68100 667087 708957 1 790342 247844 731842 639822 761181 543828 340077 476727 259826 604013 265605 751258 331523 412133
 624194 213527 262101 170380 421650 367711 326961 985056 842131 306164 259333 614056 324313 494988 199211 469145 969421 626772 183705 277158 953199 461873 212059 358578 225762 333036 476456 838361 171083 1072199 857408 510120 792304 293143 329352 289624 999296 384265 309051 293967 191166 624758 723022 594186 625083 790342 1 545066 511734 422518 681199 429360 878210 534437 889779 601658 654937 731018 783622 688323
 246490 365131 781416 648191 161889 667227 583685 453028 491471 620308 527697 522294 229305 268246 419493 444110 426854 610855 656518 291759 485243 115703 470440 293266 455055 808070 87970 350536 393383 528311 741219 267248 252208 252218 396317 707028 481785 611026 366734 790637 722483 520554 179774 558772 550600 247844 545066 1 538585 429276 667737 333782 454724 306267 418119 451660 247400 677506 390997 390662
 766619 359227 750026 682064 393041 855849 792877 938746 1021163 792066 715414 128929 501591 276210 590629 94758 882890 1004655 695409 530146 1018546 562525 300069 629181 644181 839079 457289 882692 523009 963033 1198685 282368 667870 459628 686332 800096 986404 846614 249938 794234 676034 142951 674221 957375 125890 731842 511734 538585 1 122844 1065977 207354 993270 256149 952441 171470 777211 1098733 925407 897567
 649172 245735 675059 591458 276347 748730 681893 850136 904261 685307 604465 192719 378781 184443 476434 46796 800884 882897 604565 408733 913660 443212 214309 506660 530541 755263 344540 778192 409246 887696 1075843 195240 587117 337165 566337 704493 892811 734164 132199 714005 600805 202713 578241 835267 207217 639822 422518 429276 122844 1 944278 96696 882013 184906 846819 183850 661636 976353 810543 777464
 468635 716688 704217 601414 718857 390807 374756 832083 439050 420663 425373 1111008 569921 871347 503238 982769 876592 61452 595572 535847 660961 568011 817309 439877 460368 633812 693168 640962 565358 966013 193418 878915 841952 607855 383966 529197 794792 326713 817069 663619 706802 1114994 729885 111802 1134517 761181 681199 667737 1065977 944278 1 881124 553032 921287 635052 1057833 495699 60201 480254 358702
 559337 224701 690340 590931 185897 721695 648862 754498 813811 659763 572749 230308 311206 93995 440788 112843 706861 819711 603429 352365 817430 356292 242963 441264 494793 759650 250521 681856 376781 795508 1002426 107312 494161 275785 512901 695246 796408 697603 121143 723035 617423 235317 481778 770403 253395 543828 429360 333782 207354 96696 881124 1 787655 112523 750697 187356 569928 909182 718296 691527
 256512 764669 1044721 907797 607130 802307 734813 301044 121578 788539 724404 970913 576915 721507 689376 898715 367003 528650 910181 605753 108005 455387 882956 520973 689985 1024273 537490 147914 707382 435892 494041 718972 442927 622256 580824 906692 249274 724854 802872 1029599 1009073 967634 360001 496104 999672 340077 878210 454724 993270 882013 553032 787655 1 755328 97613 897305 230972 520248 97284 223306
 549965 323575 796440 690963 202443 803162 726269 682671 797737 743182 652555 216253 361666 50736 520400 172336 627152 860583 703037 414935 770887 364503 355133 487714 572838 860803 240565 635441 461101 709393 1024806 42637 412102 337517 572539 789497 731251 771121 230856 826497 724364 214289 421240 809497 244775 476727 534437 306267 256149 184906 921287 112523 755328 1 706025 145954 553454 942969 696789 690945
 269510 755548 1075383 936914 577865 853073 780699 204896 216688 832902 761329 918819 574937 676970 710112 858917 269398 605262 940609 612996 67383 443321 871029 540428 718011 1064405 505051 70883 719088 340414 588802 672582 361226 617254 613421 947955 159749 777113 780093 1065200 1034019 914355 292555 568244 947737 259826 889779 418119 952441 846819 635052 750697 97613 706025 1 843717 236088 606687 156070 286469
 695903 407890 857493 768347 341716 908589 836192 802585 942965 846373 759975 76239 490604 190844 628115 141035 739774 996698 781217 536860 907313 508502 397221 619830 682144 934620 385975 772857 563789 812514 1167685 187307 527358 459365 697224 877173 856331 884909 296151 894875 783383 70639 554097 946300 104945 604013 601658 451660 171470 183850 1057833 187356 897305 145954 843717 1 699023 1082173 841417 836794
 36162 533697 840849 702146 385296 634876 557994 376464 244936 608055 531144 769149 346504 513720 474098 682505 399142 449603 706263 379121 298314 225634 652038 304512 483524 834608 320535 194715 483952 498544 522758 513785 348903 391440 381909 719548 366472 562048 574891 832734 798212 767712 237735 402283 797283 265605 654937 247400 777211 661636 495699 569928 230972 553454 236088 699023 1 487827 149188 157189
 463968 754547 762810 657603 741155 450167 430958 807409 402500 478201 477970 1137995 598898 893677 547926 1013394 856499 104286 652169 569979 627435 583765 858712 469761 507745 693659 710034 618738 607874 942441 134072 900385 836571 639188 424073 588243 766088 384564 851363 722923 763697 1141326 724931 142897 1162272 751258 731018 677506 1098733 976353 60201 909182 520248 942969 606687 1082173 487827 1 454646 341302
 167969 678095 947444 810578 534208 707436 638708 352799 105211 692205 627210 913015 488401 659096 593216 830656 404420 449255 812919 513363 195404 373958 797147 425551 592921 927467 468195 165972 613176 487818 450758 658228 431354 534727 483574 809972 315226 630337 723554 932416 912087 910896 332583 412332 941426 331523 783622 390997 925407 810543 480254 718296 97284 696789 156070 841417 149188 454646 1 131709
 145447 611815 831746 697160 506134 579406 513631 475440 154301 567835 508860 903644 421755 647373 491641 804030 517891 322180 698338 431928 326518 335237 730871 332419 483431 804894 451226 283178 521767 608222 365849 649584 502226 469471 371826 687099 443954 501779 675030 812974 801545 903565 392677 282476 930997 412133 688323 390662 897567 777464 358702 691527 223306 690945 286469 836794 157189 341302 131709 1
LAMBDA_SECTION
1 166
2 222
3 841
4 911
5 53
6 840
7 796
8 968
9 590
10 231
11 110
12 343
13 532
14 839
15 169
16 820
17 811
18 11
19 864
20 822
21 480
22 632
23 646
24 875
25 664
26 832
27 991
28 358
29 522
30 535
31 741
32 254
33 738
34 715
35 871
36 369
37 299
38 576
39 720
40 410
41 986
42 980
43 209
44 382
45 421
46 4
47 826
48 696
49 518
50 72
51 577
52 63
53 738
54 537
55 158
56 309
57 332
58 395
59 129
60 502
