NAME : domp20p5v5
COMMENT : Cherkesly, Contardo & Gruson 2022
TYPE : DOMP
DIMENSION : 20
DISPLAY_DATA_TYPE : NO_DISPLAY
OPEN_FACILITIES : 5
COST_SECTION
 1 330644 527269 434809 546290 403938 204222 504963 959307 453960 360955 666312 934354 725622 923796 530361 663180 519939 53570 904565
 330644 1 202473 366248 224876 473713 246093 538480 630771 597041 419469 508298 835873 397574 635553 204044 352629 503398 291895 689739
 527269 202473 1 500372 143568 642964 397426 689336 456407 777105 591469 561344 895999 236430 540132 8964 255025 638177 483633 672876
 434809 366248 500372 1 401050 180255 520607 191864 756454 324031 152375 241121 506469 555671 596866 495916 438294 139147 443188 494742
 546290 224876 143568 401050 1 563999 465973 592865 415195 705742 517555 423894 756559 182953 421852 135169 131756 532421 512717 530727
 403938 473713 642964 180255 563999 1 552691 102922 935332 144610 54778 385852 560500 728886 772671 640087 615257 146341 433208 641057
 204222 246093 397426 520607 465973 552691 1 644372 852744 633358 501148 716774 1024243 625217 881531 403192 596444 637543 151285 923450
 504963 538480 689336 191864 592865 102922 644372 1 934952 179640 145309 333571 462904 743610 742179 685312 622920 78959 531824 579595
 959307 630771 456407 756454 415195 935332 852744 934952 1 1079873 897578 652184 910067 233688 306190 450074 322315 860847 922624 573739
 453960 597041 777105 324031 705742 144610 633358 179640 1079873 1 188255 510096 621127 872896 910307 774876 759850 255264 495197 758945
 360955 419469 591469 152375 517555 54778 501148 145309 897578 188255 1 379428 585822 686300 749180 588856 575950 165481 386571 636030
 666312 508298 561344 241121 423894 385852 716774 333571 652184 510096 379428 1 335470 509481 417177 553964 384157 255333 666920 256607
 934354 835873 895999 506469 756559 560500 1024243 462904 910067 621127 585822 335470 1 817479 617863 888447 698608 420345 947875 347805
 725622 397574 236430 555671 182953 728886 625217 743610 233688 872896 686300 509481 817479 1 329773 228782 126398 675322 689254 527140
 923796 635553 540132 596866 421852 772671 881531 742179 306190 910307 749180 417177 617863 329773 1 531311 290713 663335 901769 272670
 530361 204044 8964 495916 135169 640087 403192 685312 450074 774876 588856 553964 888447 228782 531311 1 246065 633444 487241 664133
 663180 352629 255025 438294 131756 615257 596444 622920 322315 759850 575950 384157 698608 126398 290713 246065 1 552638 633779 429887
 519939 503398 638177 139147 532421 146341 637543 78959 860847 255264 165481 255333 420345 675322 663335 633444 552638 1 539608 504293
 53570 291895 483633 443188 512717 433208 151285 531824 922624 495197 386571 666920 947875 689254 901769 487241 633779 539608 1 898033
 904565 689739 672876 494742 530727 641057 923450 579595 573739 758945 636030 256607 347805 527140 272670 664133 429887 504293 898033 1
LAMBDA_SECTION
1 13
2 667
3 481
4 842
5 212
6 542
7 793
8 131
9 743
10 198
11 298
12 293
13 677
14 671
15 764
16 350
17 543
18 40
19 251
20 305
