NAME : domp40p13v2
COMMENT : Cherkesly, Contardo & Gruson 2022
TYPE : DOMP
DIMENSION : 40
DISPLAY_DATA_TYPE : NO_DISPLAY
OPEN_FACILITIES : 13
COST_SECTION
 1 303706 114995 611692 390124 445119 664520 727545 293284 696034 355542 769190 235481 660074 273690 472858 630905 876793 841651 786542 381627 352544 707676 502944 670216 749815 169320 727465 395932 552858 237929 246343 560907 954111 690182 457130 112296 472737 785280 475860
 303706 1 418578 708022 489484 495410 613032 663946 540643 838081 472912 652472 308981 826981 574175 177175 364519 1019677 998261 958854 115288 300498 792993 256780 853237 815621 308981 598731 154469 262374 327143 223635 727621 793244 511130 154549 305373 588645 900597 230887
 114995 418578 1 617867 414840 483522 722596 786842 242731 677067 377037 842880 301894 630479 161134 586128 741094 851272 810666 749547 492547 434477 713618 611792 631872 762022 222427 805674 506789 666825 297446 332562 536648 1036224 782049 571628 169836 480519 775100 585099
 611692 708022 617867 1 228508 214925 317599 359216 405204 159468 258274 483543 415309 199327 698817 855261 750030 321173 314065 302400 823033 418887 96241 656929 250098 146113 779402 490973 635577 779486 401618 819834 167857 682832 580449 814485 723708 139142 193013 648912
 390124 489484 414840 228508 1 82144 335604 398579 255818 348622 38200 486797 187783 342969 525555 647697 602730 530424 509192 473571 604701 225867 322197 488611 376305 360481 555139 467387 440974 602578 173343 591342 248545 695303 504291 609668 500828 99172 416144 473869
 445119 495410 483522 214925 82144 1 253837 317180 337841 360297 117165 405104 220028 371495 602570 640339 556125 534211 521332 496323 609935 204132 297617 451706 412137 323935 603841 387386 421718 571594 211244 625088 288418 613908 433067 599652 552324 128482 407827 440868
 664520 613032 722596 317599 335604 253837 1 64408 591390 470065 370918 167526 429188 516925 852065 708362 505063 594443 605845 611052 714439 330863 332561 453805 567552 310324 805671 174855 485031 574784 428771 795504 470286 373692 283932 664021 761315 341512 455734 458329
 727545 663946 786842 359216 398579 317180 64408 1 654135 504461 434344 129513 492458 557121 916403 749240 524342 613591 630384 642328 761846 389608 358865 487746 608573 326730 866552 156891 529777 604988 492488 852432 518764 323840 285089 704911 823111 398580 477043 495318
 293284 540643 242731 405204 255818 337841 591390 654135 1 439677 221730 740528 273789 388949 293846 717647 776160 610000 568302 506820 642711 400007 496897 647849 389145 551170 452038 717178 565003 738472 256621 539355 298367 947779 735417 690440 394538 280475 542095 625718
 696034 838081 677067 159468 348622 360297 470065 504461 439677 1 367465 632381 533018 75339 724596 994510 907433 183496 161554 143026 953265 562342 153462 810320 121662 207402 865170 644812 780758 931432 516586 923553 141316 824117 739117 955355 807501 249518 109547 800638
 355542 472912 377037 258274 38200 117165 370918 434344 221730 367465 1 518952 165619 354398 487623 635889 610170 550616 526147 486135 587635 227301 353427 491892 383515 394273 521917 497131 436246 602080 149164 563040 256246 726680 526680 599265 466909 122178 441603 475360
 769190 652472 842880 483543 486797 405104 167526 129513 740528 632381 518952 1 541235 682600 983732 708026 444559 742670 759896 771200 737668 417303 488195 438539 733627 455881 891671 57021 504823 543377 545634 858843 637804 209303 189810 664666 854357 505546 606471 452646
 235481 308981 301894 415309 187783 220028 429188 492458 273789 533018 165619 541235 1 518344 448964 476756 502506 716015 691687 650263 423026 138357 507133 374088 544319 540424 385814 503876 295715 468569 19117 406712 418692 734935 488869 442635 336600 285600 603921 352252
 660074 826981 630479 199327 342969 371495 516925 557121 388949 75339 354398 682600 518344 1 665657 989730 926852 221056 181637 131922 941350 565999 220395 822637 51924 277777 827887 690092 783263 940897 500689 894917 101004 879845 775246 952304 769867 248062 181968 810632
 273690 574175 161134 698817 525555 602570 852065 916403 293846 724596 487623 983732 448964 665657 1 735913 902227 883824 836686 768893 638400 585787 790727 772880 654356 844874 327300 950269 667857 826537 441077 453543 584541 1182395 935951 724973 291564 570347 830502 746217
 472858 177175 586128 855261 647697 640339 708362 749240 717647 994510 635889 708026 476756 989730 735913 1 316900 1173175 1155880 1120988 102690 436606 933880 269676 1019141 949105 437623 651192 226898 190713 495581 319588 892126 808733 536342 44363 451448 745801 1048071 256145
 630905 364519 741094 750030 602730 556125 505063 524342 776160 907433 610170 444559 502506 926852 902227 316900 1 1066333 1063977 1048085 389344 384863 804441 130828 968262 799915 672399 389370 235025 126198 519548 583751 843727 502816 255432 283048 662246 683505 929212 156466
 876793 1019677 851272 321173 530424 534211 594443 613591 610000 183496 550616 742670 716015 221056 883824 1173175 1066333 1 56175 128022 1134950 738190 264491 977458 230628 286863 1045508 766185 955883 1100400 699779 1106602 316404 913960 876069 1133197 987628 431295 139129 969939
 841651 998261 810666 314065 509192 521332 605845 630384 568302 161554 526147 759896 691687 181637 836686 1155880 1063977 56175 1 72745 1113308 723832 273309 969963 182371 306058 1009523 779671 942229 1091714 674763 1075359 281280 938368 883906 1116846 951502 410353 154672 960940
 786542 958854 749547 302400 473571 496323 611052 642328 506820 143026 486135 771200 650263 131922 768893 1120988 1048085 128022 72745 1 1073263 694652 284366 947954 117676 328232 953032 785905 912612 1067702 632608 1024091 232366 958163 882052 1083228 894980 376961 184870 937074
 381627 115288 492547 823033 604701 609935 714439 761846 642711 953265 587635 737668 423026 941350 638400 102690 389344 1134950 1113308 1073263 1 412408 907364 311707 966731 928794 335161 682054 233711 267507 440880 217346 841665 859879 580129 112583 351025 703869 1015710 290957
 352544 300498 434477 418887 225867 204132 330863 389608 400007 562342 227301 417303 138357 565999 585787 436606 384863 738190 723832 694652 412408 1 497910 264593 601557 516654 478534 374939 218428 376713 150203 465203 474021 602918 350696 395602 438171 318006 611533 248453
 707676 792993 713618 96241 322197 297617 332561 358865 496897 153462 353427 488195 507133 220395 790727 933880 804441 264491 273309 284366 907364 497910 1 721328 271350 60553 875103 506425 710569 845342 494276 913065 231282 674000 612148 892063 819602 235352 125562 716050
 502944 256780 611792 656929 488611 451706 453805 487746 647849 810320 491892 438539 374088 822637 772880 269676 130828 977458 969963 947954 311707 264593 721328 1 861188 725091 556802 381635 110121 124378 391613 480409 734626 548176 269471 226778 541429 575619 843467 27520
 670216 853237 631872 250098 376305 412137 567552 608573 389145 121662 383515 733627 544319 51924 654356 1019141 968262 230628 182371 117676 966731 601557 271350 861188 1 327829 836085 740194 817205 977826 526097 909402 127813 931510 822905 982775 778051 285629 220646 848146
 749815 815621 762022 146113 360481 323935 310324 326730 551170 207402 394273 455881 540424 277777 844874 949105 799915 286863 306058 328232 928794 516654 60553 725091 327829 1 915607 479920 723489 849468 528995 947114 291672 632677 593963 906428 861055 281528 151476 722090
 169320 308981 222427 779402 555139 603841 805671 866552 452038 865170 521917 891671 385814 827887 327300 437623 672399 1045508 1009523 953032 335161 478534 875103 556802 836085 915607 1 844654 447285 570238 392734 128398 729320 1061588 785279 438073 58058 640791 954519 529531
 727465 598731 805674 490973 467387 387386 174855 156891 717178 644812 497131 57021 503876 690092 950269 651192 389370 766185 779671 785905 682054 374939 506425 381635 740194 479920 844654 1 449745 486548 509809 807646 637683 232557 136421 607905 809122 497005 628210 396038
 395932 154469 506789 635577 440974 421718 485031 529777 565003 780758 436246 504823 295715 783263 667857 226898 235025 955883 942229 912612 233711 218428 710569 110121 817205 723489 447285 449745 1 173483 314514 376353 689398 638974 356851 183398 431314 535682 827383 82627
 552858 262374 666825 779486 602578 571594 574784 604988 738472 931432 602080 543377 468569 940897 826537 190713 126198 1100400 1091714 1067702 267507 376713 845342 124378 977826 849468 570238 486548 173483 1 487212 471444 850510 623653 360788 158115 567462 693017 967062 130795
 237929 327143 297446 401618 173343 211244 428771 492488 256621 516586 149164 545634 19117 500689 441077 495581 519548 699779 674763 632608 440880 150203 494276 391613 526097 528995 392734 509809 314514 487212 1 418831 400796 741545 499470 461627 342049 270153 589111 370107
 246343 223635 332562 819834 591342 625088 795504 852432 539355 923553 563040 858843 406712 894917 453543 319588 583751 1106602 1075359 1024091 217346 465203 913065 480409 909402 947114 128398 807646 376353 471444 418831 1 794269 1011811 730395 326780 165068 685160 1004337 454472
 560907 727621 536648 167857 248545 288418 470286 518764 298367 141316 256246 637804 418692 101004 584541 892126 843727 316404 281280 232366 841665 474021 231282 734626 127813 291672 729320 637683 689398 850510 400796 794269 1 842121 709833 855422 671386 160257 246012 721099
 954111 793244 1036224 682832 695303 613908 373692 323840 947779 824117 726680 209303 734935 879845 1182395 808733 502816 913960 938368 958163 859879 602918 674000 548176 931510 632677 1061588 232557 638974 623653 741545 1011811 842121 1 282126 769016 1030043 714219 783721 569608
 690182 511130 782049 580449 504291 433067 283932 285089 735417 739117 526680 189810 488869 775246 935951 536342 255432 876069 883906 882052 580129 350696 612148 269471 822905 593963 785279 136421 356851 360788 499470 730395 709833 282126 1 494705 757321 556659 736967 289177
 457130 154549 571628 814485 609668 599652 664021 704911 690440 955355 599265 664666 442635 952304 724973 44363 283048 1133197 1116846 1083228 112583 395602 892063 226778 982775 906428 438073 607905 183398 158115 461627 326780 855422 769016 494705 1 446202 707237 1007097 212341
 112296 305373 169836 723708 500828 552324 761315 823111 394538 807501 466909 854357 336600 769867 291564 451448 662246 987628 951502 894980 351025 438171 819602 541429 778051 861055 58058 809122 431314 567462 342049 165068 671386 1030043 757321 446202 1 584850 897476 513922
 472737 588645 480519 139142 99172 128482 341512 398580 280475 249518 122178 505546 285600 248062 570347 745801 683505 431295 410353 376961 703869 318006 235352 575619 285629 281528 640791 497005 535682 693017 270153 685160 160257 714219 556659 707237 584850 1 319447 562955
 785280 900597 775100 193013 416144 407827 455734 477043 542095 109547 441603 606471 603921 181968 830502 1048071 929212 139129 154672 184870 1015710 611533 125562 843467 220646 151476 954519 628210 827383 967062 589111 1004337 246012 783721 736967 1007097 897476 319447 1 837108
 475860 230887 585099 648912 473869 440868 458329 495318 625718 800638 475360 452646 352252 810632 746217 256145 156466 969939 960940 937074 290957 248453 716050 27520 848146 722090 529531 396038 82627 130795 370107 454472 721099 569608 289177 212341 513922 562955 837108 1
LAMBDA_SECTION
1 663
2 558
3 197
4 295
5 153
6 424
7 908
8 238
9 417
10 689
11 946
12 968
13 838
14 233
15 716
16 8
17 718
18 128
19 701
20 670
21 502
22 214
23 662
24 928
25 901
26 95
27 157
28 122
29 938
30 835
31 296
32 487
33 269
34 769
35 4
36 932
37 270
38 74
39 821
40 736
