NAME : domp40p10v4
COMMENT : Cherkesly, Contardo & Gruson 2022
TYPE : DOMP
DIMENSION : 40
DISPLAY_DATA_TYPE : NO_DISPLAY
OPEN_FACILITIES : 10
COST_SECTION
 1 161488 348550 908231 587837 612825 644488 374652 684458 484080 417404 666094 554243 341855 535077 449736 310303 911530 708126 957195 296005 388611 438579 254178 245451 884844 34640 588836 430924 76984 780093 431925 761730 886614 720436 775796 478972 328591 737788 626122
 161488 1 285434 1016402 542229 543227 611526 488222 772107 640887 395346 653163 580547 182402 614096 343439 421528 857193 805890 913430 456878 374559 473811 148709 351421 879717 135510 719287 588089 118977 735995 587873 874063 944884 795655 837017 546814 489621 832938 737067
 348550 285434 1 880540 256806 265684 327558 427741 612910 686464 131558 377171 347503 348766 458095 137531 376649 574066 662861 628304 589590 127329 272509 142605 326343 603646 315563 659937 641748 367474 450661 634627 756021 727799 612862 629640 382972 588523 682621 628174
 908231 1016402 880540 1 823113 914853 779529 533934 270175 587266 768721 699943 574304 1175103 422721 998172 599630 949445 217856 916927 791372 758512 609985 964312 668298 692818 909621 349331 614658 984606 851701 600860 148075 343429 294966 340248 497837 721754 199002 282116
 587837 542229 256806 823113 1 91741 79662 519301 559444 812925 175996 157726 252621 584409 442579 264411 496538 323732 621038 372511 780370 207786 277126 397700 478030 366126 557702 704939 778929 618399 194488 767919 730119 582128 529020 508854 382841 760554 629490 629438
 612825 543227 265684 914853 91741 1 152681 592956 650854 882902 228807 238860 343608 556013 530663 224492 563533 316571 712216 380497 830899 260051 357329 394634 536463 423895 580454 788918 845986 632756 212818 835851 820901 669031 620727 599089 468052 817461 721042 717811
 644488 611526 327558 779529 79662 152681 1 530458 523474 825806 227088 86716 227500 662151 424803 344069 517416 277364 586576 313402 815478 256395 285077 469940 509268 286536 616046 694712 795958 680843 139749 783914 697577 518107 484674 453763 374988 789491 591319 607998
 374652 488222 427741 533934 519301 592956 530458 1 320073 295368 370841 500294 329301 657443 196098 564540 66721 799997 335651 815440 340930 343873 245576 464011 136802 665272 375828 239175 267423 450774 663421 254570 388369 550097 369037 441169 181122 290596 366358 251916
 684458 772107 612910 270175 559444 650854 523474 320073 1 498257 498736 450321 307600 920289 159747 728270 377404 727375 63625 710245 640256 489363 340996 704792 439029 502197 679414 261683 502460 757848 613581 486947 175201 251337 72594 161642 233060 577890 71366 137152
 484080 640887 686464 587266 812925 882902 825806 295368 498257 1 656056 792906 619031 823283 449517 822790 319886 1093943 474250 1105899 237803 626549 540928 677779 360215 940665 505629 250173 53248 553142 958017 53825 452244 749411 567772 655141 464788 172325 505091 367101
 417404 395346 131558 768721 175996 228807 227088 370841 498736 656056 1 258041 217599 479258 351658 229565 336182 497620 553019 540008 606060 32045 161062 265894 307845 484377 389090 583988 617913 455392 363608 608112 652769 597544 491094 501529 278689 589550 569727 532729
 666094 653163 377171 699943 157726 238860 86716 500294 450321 792906 258041 1 175461 722032 368798 416115 498021 301904 513902 316212 807285 281720 263006 518822 501724 226930 640464 640823 767707 710486 170389 754699 625451 431450 406162 369630 330457 774405 516001 545328
 554243 580547 347503 574304 252621 343608 227500 329301 307600 619031 217599 175461 1 689714 197443 439877 335737 477315 368623 487015 650714 221634 116161 471029 352822 345673 534637 468470 595865 611389 344797 582440 477502 380297 284048 284545 155141 611635 378255 380982
 341855 182402 348766 1175103 584409 556013 662151 657443 920289 823283 479258 722032 689714 1 760545 331762 591519 869632 960202 936415 633881 468841 597118 219799 521902 946174 317758 893182 770462 284658 766292 770271 1036722 1067545 934603 964415 688510 670398 985105 900491
 535077 614096 458095 422721 442579 530663 424803 196098 159747 449517 351658 368798 197443 760545 1 579252 239162 667790 204883 668206 536432 338154 190649 545289 292074 491440 527073 272030 436911 606270 539186 422059 301113 358010 185374 247554 75143 482917 226311 187164
 449736 343439 137531 998172 264411 224492 344069 564540 728270 822790 229565 416115 439877 331762 579252 1 514173 538255 782028 604693 713977 241226 388968 200091 463084 630484 415161 794552 777266 449156 436145 770582 879997 813445 719407 723785 505047 718525 799201 756109
 310303 421528 376649 599630 496538 563533 517416 66721 377404 319886 336182 498021 335737 591519 239162 514173 1 792219 397962 814153 315716 306722 235481 401624 70124 679752 310022 302810 282746 385849 654355 272337 454635 597153 420553 486685 204187 276706 427926 317912
 911530 857193 574066 949445 323732 316571 277364 799997 727375 1093943 497620 301904 477315 869632 667790 538255 792219 1 790153 80732 1092834 528638 557387 709262 786535 273950 881187 939005 1067202 940154 138084 1054549 900377 628370 670608 609509 632361 1066031 785702 836925
 708126 805890 662861 217856 621038 712216 586576 335651 63625 474250 553019 513902 368623 960202 204883 782028 397962 790153 1 771592 636584 541619 393195 747605 463711 560679 705982 227554 484925 783142 677124 469581 111578 282269 125211 209375 280015 571153 32423 107760
 957195 913430 628304 916927 372511 380497 313402 815440 710245 1105899 540008 316212 487015 936415 668206 604693 814153 80732 771592 1 1121609 569725 578870 766945 815169 226261 928132 935868 1082596 990630 178038 1069311 879703 585745 648707 580149 641221 1090334 763940 827701
 296005 456878 589590 791372 780370 830899 815478 340930 640256 237803 606060 807285 650714 633881 536432 713977 315716 1092834 636584 1121609 1 574022 544964 534910 306622 995403 326198 442064 190803 350196 954968 200691 646520 883886 699350 777585 516901 70368 669006 532053
 388611 374559 127329 758512 207786 260051 256395 343873 489363 626549 32045 281720 221634 468841 338154 241226 306722 528638 541619 569725 574022 1 148527 251782 276413 506632 361078 561672 587718 429154 393963 578141 638774 601552 486325 502451 263823 557813 559813 515693
 438579 473811 272509 609985 277126 357329 285077 245576 340996 540928 161062 263006 116161 597118 190649 388968 235481 557387 393195 578870 544964 148527 1 377438 241425 458071 419820 432417 511011 497314 419855 498868 491756 472775 341529 367561 117912 511475 411315 372618
 254178 148709 142605 964312 397700 394634 469940 464011 704792 677779 265894 518822 471029 219799 545289 200091 401624 709262 747605 766945 534910 251782 377438 1 336343 745606 219627 703180 627897 249091 590170 624036 829881 847894 716135 744625 471970 550533 771177 695504
 245451 351421 326343 668298 478030 536463 509268 136802 439029 360215 307845 501724 352822 521902 292074 463084 70124 786535 463711 815169 306622 276413 241425 336343 1 698198 242334 371559 316633 319579 648568 308802 524000 648067 476857 537028 243633 282535 492918 387092
 884844 879717 603646 692818 366126 423895 286536 665272 502197 940665 484377 226930 345673 946174 491440 630484 679752 273950 560679 226261 995403 506632 458071 745606 698198 1 861040 745060 925141 933262 235508 910730 665166 359487 435688 360249 484176 953485 549376 628935
 34640 135510 315563 909621 557702 580454 616046 375828 679414 505629 389090 640464 534637 317758 527073 415161 310022 881187 705982 928132 326198 361078 419820 219627 242334 861040 1 597181 452740 79489 750674 452784 764141 874907 712283 764463 467776 354927 734984 627725
 588836 719287 659937 349331 704939 788918 694712 239175 261683 250173 583988 640823 468470 893182 272030 794552 302810 939005 227554 935868 442064 561672 432417 703180 371559 745060 597181 1 268939 665685 811211 254396 206169 508267 334063 423180 322234 372433 257128 124642
 430924 588089 641748 614658 778929 845986 795958 267423 502460 53248 617913 767707 595865 770462 436911 777266 282746 1067202 484925 1082596 190803 587718 511011 627897 316633 925141 452740 268939 1 499897 930313 15519 474761 753501 569549 655053 443815 122613 516647 377182
 76984 118977 367474 984606 618399 632756 680843 450774 757848 553142 455392 710486 611389 284658 606270 449156 385849 940154 783142 990630 350196 429154 497314 249091 319579 933262 79489 665685 499897 1 812641 501996 838327 954356 791547 843939 547264 391530 812487 702496
 780093 735995 450661 851701 194488 212818 139749 663421 613581 958017 363608 170389 344797 766292 539186 436145 654355 138084 677124 178038 954968 393963 419855 590170 648568 235508 750674 811211 930313 812641 1 917833 788540 551927 563099 513013 498948 927952 676293 714439
 431925 587873 634627 600860 767919 835851 783914 254570 486947 53825 608112 754699 582440 770271 422059 770582 272337 1054549 469581 1069311 200691 578141 498868 624036 308802 910730 452784 254396 15519 501996 917833 1 460383 737983 554037 639573 429957 131345 501335 361850
 761730 874063 756021 148075 730119 820901 697577 388369 175201 452244 652769 625451 477502 1036722 301113 879997 454635 900377 111578 879703 646520 638774 491756 829881 524000 665166 764141 206169 474761 838327 788540 460383 1 357282 230997 306874 374951 577462 115929 137010
 886614 944884 727799 343429 582128 669031 518107 550097 251337 749411 597544 431450 380297 1067545 358010 813445 597153 628370 282269 585745 883886 601552 472775 847894 648067 359487 874907 508267 753501 954356 551927 737983 357282 1 185146 111055 407643 824231 256321 384501
 720436 795655 612862 294966 529020 620727 484674 369037 72594 567772 491094 406162 284048 934603 185374 719407 420553 670608 125211 648707 699350 486325 341529 716135 476857 435688 712283 334063 569549 791547 563099 554037 230997 185146 1 89119 248857 639182 115342 209664
 775796 837017 629640 340248 508854 599089 453763 441169 161642 655141 501529 369630 284545 964415 247554 723785 486685 609509 209375 580149 777585 502451 367561 744625 537028 360249 764463 423180 655053 843939 513013 639573 306874 111055 89119 1 296876 719607 192449 298769
 478972 546814 382972 497837 382841 468052 374988 181122 233060 464788 278689 330457 155141 688510 75143 505047 204187 632361 280015 641221 516901 263823 117912 471970 243633 484176 467776 322234 443815 547264 498948 429957 374951 407643 248857 296876 1 470639 300959 254835
 328591 489621 588523 721754 760554 817461 789491 290596 577890 172325 589550 774405 611635 670398 482917 718525 276706 1066031 571153 1090334 70368 557813 511475 550533 282535 953485 354927 372433 122613 391530 927952 131345 577462 824231 639182 719607 470639 1 603538 465557
 737788 832938 682621 199002 629490 721042 591319 366358 71366 505091 569727 516001 378255 985105 226311 799201 427926 785702 32423 763940 669006 559813 411315 771177 492918 549376 734984 257128 516647 812487 676293 501335 115929 256321 115342 192449 300959 603538 1 139523
 626122 737067 628174 282116 629438 717811 607998 251916 137152 367101 532729 545328 380982 900491 187164 756109 317912 836925 107760 827701 532053 515693 372618 695504 387092 628935 627725 124642 377182 702496 714439 361850 137010 384501 209664 298769 254835 465557 139523 1
LAMBDA_SECTION
1 576
2 531
3 786
4 101
5 110
6 322
7 452
8 462
9 90
10 556
11 533
12 808
13 841
14 541
15 6
16 952
17 209
18 625
19 312
20 118
21 159
22 933
23 368
24 326
25 225
26 192
27 516
28 792
29 265
30 603
31 404
32 77
33 392
34 833
35 911
36 241
37 840
38 440
39 987
40 490
