NAME : domp90p22v9
COMMENT : Cherkesly, Contardo & Gruson 2022
TYPE : DOMP
DIMENSION : 90
DISPLAY_DATA_TYPE : NO_DISPLAY
OPEN_FACILITIES : 22
COST_SECTION
 1 693431 363660 496659 633273 603476 402736 851007 628761 371321 604562 102018 650800 540505 148961 764984 594242 668791 638363 547586 591901 440608 305759 515003 253960 739064 594643 89324 847391 409416 554662 741289 360708 740384 542619 684465 526909 534453 687083 309036 580079 588463 262811 619927 472993 631937 634563 468111 476550 284356 280083 380499 378363 253776 610055 759840 973001 153457 626257 319927 663253 226354 290537 808040 320776 332406 317526 51724 453229 441054 452945 748390 110901 80200 437857 411204 314809 569747 486945 194286 495384 493021 390723 423268 275014 520838 243400 796553 600638 112427
 693431 1 661503 653976 1130768 1142443 960480 804340 846789 452473 648745 784647 1045855 849478 842353 945455 1207018 1240707 689644 219348 281759 1045062 809663 1157443 555882 1056254 670636 747039 832358 590755 1137596 1154876 337582 1277045 880870 847731 200482 636122 886242 906701 858536 457201 549369 686711 629998 817863 958635 225617 618825 432565 870589 597184 979639 846195 765291 1294125 967838 639380 223060 945282 132047 876706 953967 1039095 976553 813523 873707 642925 248080 568254 508650 1321697 632923 651854 346429 789048 946688 153271 233457 710001 646774 1112706 1079107 888094 961961 664617 904533 876981 1163947 774644
 363660 661503 1 138981 469531 486513 328162 493271 277523 209744 254731 363650 395585 217567 435404 413921 577721 589983 281698 447226 428180 427777 189564 557243 531041 438843 238737 450964 486290 89655 497147 504162 378996 617427 238353 325456 461219 183859 335503 667261 246036 322061 157372 262525 122398 273586 330241 475852 130760 453170 287797 68765 371991 276629 246913 634002 609424 211814 488030 668684 567414 572825 420803 474323 651275 177806 262699 338808 435336 129081 181760 668650 259349 415427 315114 127619 661099 508280 557002 547389 139652 497572 573240 230884 568193 161852 579931 433341 513863 329227
 496659 653976 138981 1 515913 550936 429157 355407 198887 240804 116850 502423 400299 201435 574370 321184 667884 659294 143039 434829 387411 531940 311628 663960 637079 402571 99806 585213 350748 99297 581510 507322 430210 667847 236770 222468 462283 48699 248312 803248 204892 237948 257332 124055 29935 178004 305593 504902 36951 538742 414489 121831 484174 407300 133730 682053 479422 343229 451431 806378 541312 710450 551487 401223 790096 292184 381424 466754 461025 94610 147297 732288 388465 541335 322043 199826 799035 504279 598505 673344 7254 599539 703627 310885 706961 24382 718330 311086 586786 468147
 633273 1130768 469531 515913 1 76137 232222 712889 404347 678362 594502 552472 165644 324153 577747 452032 239863 166587 583692 916552 890505 243466 349173 312640 880793 280572 564814 681277 680981 546964 166619 158335 830513 151934 286487 463122 930329 555787 421841 825365 344166 753749 595757 570044 528837 441090 269513 936586 541617 858422 354350 535635 277674 379802 479050 166566 725372 555964 952616 796045 1035465 723082 416321 405326 743417 333568 316346 648472 898674 577636 638206 223545 592819 712903 784544 342491 784145 977639 1007252 814845 522591 254507 496458 245887 635156 518613 708129 568923 124415 526292
 603476 1142443 486513 550936 76137 1 202772 774250 460889 691019 638800 515837 235772 370510 532712 520340 164324 108941 632318 932244 913590 184748 340973 237996 855332 354533 609569 643197 743895 569578 92113 233395 831062 140051 333556 523155 942236 593887 484261 772881 396456 786654 598226 617383 560330 496309 332658 940364 573108 844927 323930 554661 231383 350943 529854 159035 795011 543362 974263 740632 1053623 672519 363390 478841 685371 331322 294057 624178 904456 603277 662612 182747 575734 683669 798246 363688 728530 990171 1005172 777465 557204 183308 429095 255764 577708 556634 655334 633846 49183 493050
 402736 960480 328162 429157 232222 202772 1 725028 415523 516118 536697 320268 294852 305320 348938 520588 250912 284677 543883 757833 751853 102824 150990 234907 653215 411313 510667 449117 702847 417459 177186 359998 638813 342227 279336 484464 762231 477178 459629 602366 345674 648180 411228 525852 428960 441860 335239 750545 440870 643362 122729 396056 70661 149064 456521 361441 787089 343377 809031 577755 881664 498479 203869 517663 530907 152047 92229 421627 717112 455815 509884 366784 373662 482766 622771 229766 566338 810544 809630 582624 433893 170901 325786 126292 423496 442378 486664 608114 209467 294341
 851007 804340 493271 355407 712889 774250 725028 1 316363 539117 248083 856723 550832 421727 927706 278324 924847 878526 212717 618481 530888 823175 644033 951000 966407 466507 256416 939922 40361 443154 835711 622561 710123 849706 453058 251221 663087 316772 291061 1158461 385393 368142 600478 231412 378024 284919 443379 743235 374708 849124 746301 471125 791234 744960 270575 857466 163831 697617 582631 1161704 672458 1065788 885018 367922 1144123 618838 704776 818566 701431 416653 428341 933395 741597 891090 568256 511335 1154264 687235 844155 1022006 356080 882234 1033431 598945 1057687 331735 1073197 152896 820502 821979
 628761 846789 277523 198887 404347 460889 415523 316363 1 437799 215268 605209 251983 110784 668638 136965 608679 567285 190519 628931 572218 510340 362252 636145 808417 214145 186966 711586 289960 288680 519459 345450 626420 549002 137794 68953 659021 210695 58494 918992 70126 405278 430489 181861 227280 37926 141210 703776 235829 723970 457234 301446 484239 462234 87410 559320 374486 483272 636125 911994 728714 818366 592392 203527 883046 333677 410627 610834 659911 293015 345372 627643 531800 688155 520660 228201 902834 699549 796891 818876 205584 567194 734427 291889 786384 183774 819261 193147 506002 569355
 371321 452473 209744 240804 678362 691019 516118 539117 437799 1 300214 424725 601600 411994 497313 561754 766366 791268 343906 242135 244160 607786 365766 729482 428721 630106 305875 456486 547989 151484 691789 710746 189447 824726 439240 462399 251997 248468 488988 671567 429991 219922 122919 330642 211299 418791 525139 270906 204442 311042 442183 149250 545070 421667 373251 841718 687741 244380 295895 689071 365569 597219 551651 641139 691898 365545 434936 324964 228585 146512 111596 871525 266860 383137 107335 337325 684826 299532 359897 505050 234801 677328 696167 435940 634959 260400 614634 537800 714549 400202
 604562 648745 254731 116850 594502 638800 536697 248083 215268 300214 1 616715 458137 270360 689314 296771 767362 747727 44757 436915 368256 639346 426909 771326 722227 428700 29832 693741 250685 195491 679218 557933 482608 744932 308020 200440 473695 71240 242409 912968 255196 194869 352439 37969 133659 179945 351079 536237 128381 610943 530140 224067 595129 523717 127859 757374 388279 451559 430826 918349 524745 822455 667695 391932 904271 406099 495331 570903 492304 168882 188921 816284 494534 643057 351486 307502 911391 508805 635429 773924 115250 705324 819612 413924 822876 97205 831576 242308 678489 582923
 102018 784647 363650 502423 552472 515837 320268 856723 605209 424725 616715 1 589597 506768 74263 737935 495120 574233 645327 625312 659491 345391 253445 413540 351813 688206 602227 128935 848324 427763 460472 672204 448133 649952 502039 666515 609552 545476 662156 314186 548824 631926 304749 626172 483064 614415 588975 559092 489123 385181 199432 397726 286155 176512 600775 669428 965708 181668 699812 307930 744994 213311 188697 769363 287680 282612 244181 145317 540169 464236 488456 652584 161480 177086 505933 378327 299466 654395 584967 262444 502622 394186 294617 364406 212375 525497 216974 784992 508743 35864
 650800 1045855 395585 400299 165644 235772 294852 550832 251983 601600 458137 589597 1 198926 632683 286406 398531 332059 440054 827074 787094 354665 345143 455371 879896 123623 428419 715640 517706 455507 315657 109232 774111 299587 165243 304185 848139 432261 260468 890415 203242 634482 544497 428918 419816 289853 111038 870867 431958 831457 395669 452454 361233 414634 334338 308640 559944 539846 850900 869323 939199 785863 498713 244934 824832 319534 347113 652964 829637 478283 538820 382626 584252 725787 702127 274433 858217 893323 952363 843228 407481 389581 610174 227589 717932 396799 776911 404493 284807 557460
 540505 849478 217567 201435 324153 370510 305320 421727 110784 411994 270360 506768 198926 1 566862 232536 508868 479143 261809 630266 588229 401692 257541 529346 739653 221411 240703 619438 397967 261981 419531 306611 592778 474886 37669 179638 653377 235392 160690 820870 43287 437038 374610 247035 221161 137042 113626 682888 233179 669977 348749 263660 373643 355488 160669 487731 484964 403389 652086 810959 740818 718693 482539 267872 779091 228321 301235 528662 640464 281225 341178 546156 451638 605692 508416 129667 801374 697652 769303 733721 208600 460676 623714 181123 680321 199086 717665 303930 412395 471154
 148961 842353 435404 574370 577747 532712 348938 927706 668638 497313 689314 74263 632683 566862 1 799194 488496 578312 717011 691579 729525 352600 309822 397238 372623 737471 674140 125908 918270 501517 467041 707987 508647 660776 558948 731609 673312 618095 724693 258478 609585 705931 378284 697778 555749 679939 642259 616955 562118 429135 237018 471472 301798 219663 668906 680094 1033223 255420 767916 244141 809409 154093 177288 825036 216752 339247 286056 199632 601157 538248 562692 653121 231735 206183 575508 440539 234521 717018 634400 253970 574811 390387 245451 413053 138295 597159 150817 851692 518857 106421
 764984 945455 413921 321184 452032 520340 520588 278324 136965 561754 296771 737935 286406 232536 799194 1 680044 618450 257354 732159 664951 606609 490076 724093 944275 188944 275431 846991 240991 417230 593559 346040 751199 579203 246103 100219 766784 319185 78533 1052105 189618 490639 564984 258806 350980 144332 192367 820834 357315 856279 579513 433159 591118 587532 188952 585363 275248 620200 727218 1043206 821246 950503 710192 99916 1011602 460849 530934 747724 776658 415250 461105 665905 668739 825058 635478 359609 1033713 803910 916922 955635 327006 655535 845641 404901 912332 301503 950010 125535 568814 702171
 594242 1207018 577721 667884 239863 164324 250912 924847 608679 766366 767362 495120 398531 508868 488496 680044 1 114271 767155 1007575 1002748 162835 400604 104822 846892 518647 739332 611463 896602 666376 89387 393672 879306 211355 474237 674089 1010255 714265 638263 697462 540799 894858 658098 750662 671620 641945 489326 992611 683994 863596 340020 646077 229241 366375 669379 227182 955269 576107 1059889 657538 1131700 605769 311790 642669 595882 402921 333445 626808 961372 703886 759399 170404 597034 672031 872602 469374 645172 1058565 1044368 742443 673348 101271 318029 357154 494144 677861 582751 789489 115455 482568
 668791 1240707 589983 659294 166587 108941 284677 878526 567285 791268 747727 574233 332059 479143 578312 618450 114271 1 740911 1033231 1018012 228843 432702 217000 922727 443188 718478 696971 847105 674754 114137 302319 922998 97084 442034 628031 1041130 702581 587656 800815 504077 894332 693076 726117 668041 603241 435337 1034104 680792 925020 396648 658553 290708 424139 638009 113242 891153 627411 1077980 763151 1155591 705628 401622 567953 703098 427188 376339 695516 999692 709343 768097 82115 655206 748439 898599 469599 750810 1089290 1094306 830313 665491 191319 428921 359388 598956 665348 684533 735418 76773 556439
 638363 689644 281698 143039 583692 632318 543883 212717 190519 343906 44757 645327 440054 261809 717011 257354 767155 740911 1 479541 408353 645793 443731 777179 763707 400144 43721 727229 211067 231771 678259 535943 527162 732404 298899 164538 517122 104930 209124 945754 240066 233455 390694 19380 165379 153158 330530 580791 162607 654225 547124 259034 605203 542763 105780 743963 346213 484944 470150 949368 564233 853436 685634 354440 932970 420970 509530 606572 536895 208846 232957 806799 529189 679837 396177 317721 942059 551429 680091 811270 143432 710084 836608 418881 848750 119858 861358 197579 673882 610911
 547586 219348 447226 434829 916552 932244 757833 618481 628931 242135 436915 625312 827074 630266 691579 732159 1007575 1033231 479541 1 94388 847856 607125 966750 488523 837300 456734 618022 641620 372767 933828 935979 198765 1064587 661953 633243 48508 418619 670172 809710 639243 253760 352644 474636 410659 601035 739291 147626 399526 347872 678340 381109 784089 655990 548930 1081222 781720 459363 85579 839409 124586 757771 776870 823816 857881 607642 674988 495956 122186 349076 289311 1113272 464847 527200 135066 574088 838158 71897 240404 618504 427644 916970 913488 676661 822590 446029 781506 672523 956544 608279
 591901 281759 428180 387411 890505 913590 751853 530888 572218 244160 368256 659491 787094 588229 729525 664951 1002748 1018012 408353 94388 1 847099 603890 971332 565321 784762 391404 669076 556102 344259 924437 894630 269067 1041084 622389 568247 142824 362502 608258 870813 591394 175454 365986 406193 367401 541292 692359 239875 355160 424999 685323 359497 785938 665432 488261 1056786 694645 483734 64141 896660 156820 810698 795514 759856 909464 599828 675076 541350 208784 313042 252308 1096148 498187 582743 154221 550301 894344 157335 334664 684821 380172 917021 938615 658655 864621 394229 832207 595498 942010 638207
 440608 1045062 427777 531940 243466 184748 102824 823175 510340 607786 639346 345391 354665 401692 352600 606609 162835 228843 645793 847856 847099 1 243225 132086 694548 477295 613133 468796 799562 517391 115302 394944 716504 308177 372688 578952 849095 579994 550778 588264 440216 749085 496859 627925 531357 538734 416123 829879 543169 703372 177297 494796 66498 203892 556404 327502 877614 413360 902784 555944 972266 488460 179372 592301 501305 250071 172915 469393 798945 556284 608980 307788 435375 519981 713169 332586 543863 897363 881801 602568 536635 70026 257345 227040 393362 545191 470727 701266 166272 328181
 305759 809663 189564 311628 349173 340973 150990 644033 362252 365766 426909 253445 345143 257541 309822 490076 400604 432702 443731 607125 603890 243225 1 369708 539406 436232 404827 374266 628712 278623 327951 438488 490824 480401 249382 427746 611249 360179 416839 565858 300555 511223 260695 424544 304088 377596 335575 601435 314619 509256 103425 253991 183720 101433 375288 498927 733275 206928 659912 553945 731138 462679 241967 516299 521629 29437 73259 309258 567113 318482 368043 514469 245851 380847 472095 135525 544187 659561 664216 498899 314819 313191 393033 117950 424147 329705 460494 550662 356291 218809
 515003 1157443 557243 663960 312640 237996 234907 951000 636145 729482 771326 413540 455371 529346 397238 724093 104822 217000 777179 966750 971332 132086 369708 1 763846 578782 744976 522392 926070 646880 146088 470921 823752 313530 498441 704129 964736 712056 673247 595032 566248 879164 614136 759452 663003 666098 531806 937840 674719 792607 288438 623325 186022 311616 686199 330218 997888 518885 1025343 554055 1091333 505681 225166 699432 491802 379539 297019 552322 909710 686170 737522 274438 532841 590079 833055 464671 541693 1012732 981794 650421 668612 69027 213210 358307 391388 677276 481510 824718 195528 406294
 253960 555882 531041 637079 880793 855332 653215 966407 808417 428721 722227 351813 879896 739653 372623 944275 846892 922727 763707 488523 565321 694548 539406 763846 1 953819 722245 248189 972731 538065 808593 977391 296554 993215 750624 852251 449556 660964 866103 353621 773710 635290 380912 748092 608215 801797 845375 357346 606624 140773 531413 516185 632192 504414 767420 1012636 1109918 340863 574017 396256 574058 343241 538756 1004035 437256 562156 564708 232323 367751 555119 538226 1002335 295645 174910 434529 617693 399492 477240 323017 160065 633241 745862 614030 656355 452186 660754 374328 948030 854137 366376
 739064 1056254 438843 402571 280572 354533 411313 466507 214145 630106 428700 688206 123623 221411 737471 188944 518647 443188 400144 837300 784762 477295 436232 578782 953819 1 400878 810485 429763 478754 437866 157376 813391 394401 203799 241335 864487 422271 194149 995946 200356 619355 595518 393910 427933 248779 109195 900633 438417 890228 501914 483452 479789 517809 301134 399170 451111 613733 848826 978088 940768 891523 614386 124881 936716 408009 452069 734528 857595 492334 549373 483083 660764 810051 722090 336129 967350 906841 989087 933267 409726 513191 731466 324620 831110 391834 884878 314201 403691 654370
 594643 670636 238737 99806 564814 609569 510667 256416 186966 305875 29832 602227 428419 240703 674140 275431 739332 718478 43721 456734 391404 613133 404827 744976 722245 400878 1 683516 254345 188443 650988 528569 491604 715163 278351 177101 491906 61779 217131 902081 225410 220024 347702 25974 121660 152503 321653 550527 119084 614929 508236 215440 570190 502896 99747 727572 387988 441226 454546 905879 548180 809944 646363 368599 889901 383039 472056 562941 506411 167136 196377 786738 485489 636351 365027 282273 898621 528506 648786 767878 99884 678606 797852 387059 806408 77270 818062 232095 649554 567942
 89324 747039 450964 585213 681277 643197 449117 939922 711586 456486 693741 128935 715640 619438 125908 846991 611463 696971 727229 618022 669076 468796 374266 522392 248189 810485 683516 1 935832 498689 584076 800354 424218 775680 618667 769048 593029 623513 769622 219731 660113 675051 351328 708711 561904 716510 708534 524642 565639 320372 328297 469701 412367 304882 696516 795126 1060337 242323 699290 232631 729015 141911 299726 885640 240509 402567 372245 131523 515550 530361 541375 773632 200157 95205 516124 489776 228392 633258 528584 134277 584085 512020 366024 488919 216104 609317 163588 882868 633944 158429
 847391 832358 486290 350748 680981 743895 702847 40361 289960 547989 250685 848324 517706 397967 918270 240991 896602 847105 211067 641620 556102 799562 628712 926070 972731 429763 254345 935832 1 442768 807740 586407 723725 815717 427635 222722 685190 315959 259657 1153329 359832 389007 601744 228522 375385 261030 411801 762278 373415 858941 729995 469660 770111 730040 253437 823017 141980 693974 609813 1154758 700829 1058971 868320 328682 1134989 602654 687096 816935 719824 419220 436482 900290 739042 890650 584143 494497 1146982 711327 863160 1022221 352235 857136 1015282 577318 1046281 326554 1065222 115565 790695 813200
 409416 590755 89655 99297 546964 569578 417459 443154 288680 151484 195491 427763 455507 261981 501517 417230 666376 674754 231771 372767 344259 517391 278623 646880 538065 478754 188443 498689 442768 1 584749 564689 338197 697051 291155 319973 392639 126842 342048 718184 278543 232615 159674 214339 70150 272967 374490 421909 69589 440088 374805 30047 461524 361728 232118 712948 575301 256946 405786 725036 489039 629324 504794 492174 713917 267459 351865 375460 379036 40240 93502 752254 299133 448141 246846 206058 718466 437939 511230 579500 95193 587149 656767 315540 637757 122710 639880 409966 599200 395436
 554662 1137596 497147 581510 166619 92113 177186 835711 519459 691789 679218 460472 315657 419531 467041 593559 89387 114137 678259 933828 924437 115302 327951 146088 808593 437866 650988 584076 807740 584749 1 324847 815298 194655 384851 585123 939111 627361 549854 696852 451448 810972 588404 661911 586433 552598 402002 927409 598937 812269 283620 565856 176617 311047 580085 213736 868766 516560 982820 661789 1057288 599118 291709 560587 604177 326283 266716 581579 894244 621399 678151 194738 542737 634341 798787 384368 649542 987409 984668 717778 587148 93245 340460 271826 497735 590721 579677 701301 55396 442324
 741289 1154876 504162 507322 158335 233395 359998 622561 345450 710746 557933 672204 109232 306611 707987 346040 393672 302319 535943 935979 894630 394944 438488 470921 977391 157376 528569 800354 586407 564689 324847 1 882153 240955 274028 387638 957327 537172 341029 962357 306112 739234 651255 526539 527771 383069 206953 979756 539758 935133 473646 561640 418116 495693 431412 243864 605979 639526 958562 936924 1047419 858455 558737 276028 887769 415252 428127 747729 938662 587028 647406 331287 682303 818342 811348 381314 925348 1002434 1060501 930938 514544 412354 651255 321046 779577 502498 846444 470884 279594 642098
 360708 337582 378996 430210 830513 831062 638813 710123 626420 189447 482608 448133 774111 592778 508647 751199 879306 922998 527162 198765 269067 716504 490824 823752 296554 813391 491604 424218 723725 338197 815298 882153 1 969534 616673 651779 169041 436373 678261 611087 614565 354101 234811 515481 400622 608158 706398 114112 393889 157127 539840 330106 650268 514337 562624 987651 865260 304946 283626 641596 304799 561975 616728 829921 662436 500029 548690 309257 92532 335951 295239 1004957 295464 331317 146112 501312 640700 209480 178394 419897 424242 782436 742131 584672 634133 449796 586863 723533 846869 437138
 740384 1277045 617427 667847 151934 140051 342227 849706 549002 824726 744932 649952 299587 474886 660776 579203 211355 97084 732404 1064587 1041084 308177 480401 313530 993215 394401 715163 775680 815717 697051 194655 240955 969534 1 437247 603700 1076592 707549 559981 890861 492341 905676 735885 719397 680621 586456 409805 1077995 693409 984941 462101 684504 363800 489358 627074 19480 845395 683404 1102834 854753 1184571 793685 486248 516333 795842 469508 433901 762800 1041379 728554 788907 90911 715626 820549 931553 491516 842454 1124254 1144340 909804 674524 282083 524341 388993 690487 670410 773895 701306 141960 629015
 542619 880870 238353 236770 286487 333556 279336 453058 137794 439240 308020 502039 165243 37669 558948 246103 474237 442034 298899 661953 622389 372688 249382 498441 750624 203799 278351 618667 427635 291155 384851 274028 616673 437247 1 206266 683663 272245 180539 815190 67808 473424 393372 284392 254989 168374 94813 709702 267276 687042 333975 290075 348953 343393 196595 450158 507840 411406 686073 802932 774031 712053 464178 267406 768418 219961 285032 534318 667789 313058 373578 508594 458992 610718 537998 133423 793000 728532 794120 736704 243855 429526 601709 159172 667564 235658 709381 329052 376023 466855
 684465 847731 325456 222468 463122 523155 484464 251221 68953 462399 200440 666515 304185 179638 731609 100219 674089 628031 164538 633243 568247 578952 427746 704129 852251 241335 177101 769048 222722 319973 585123 387638 651779 603700 206266 1 667196 218972 47228 979360 138902 395295 471592 162842 252385 52545 194227 720616 258115 759964 524379 337726 553182 528413 89155 612773 306514 535769 631110 974112 724923 879823 660288 191611 946967 399604 478356 663375 676440 315921 360925 685144 583930 740368 535267 292604 965219 704877 816784 871997 228016 635130 803058 360759 851699 202000 881846 124473 569286 630666
 526909 200482 461219 462283 930329 942236 762231 663087 659021 251997 473695 609552 848139 653377 673312 766784 1010255 1041130 517122 48508 142824 849095 611249 964736 449556 864487 491906 593029 685190 392639 939111 957327 169041 1076592 683663 667196 1 450137 702513 778305 665075 296299 352250 511041 436577 632699 764143 100634 426114 309739 676604 397566 784320 653148 581336 1093652 825886 450796 127503 810002 136374 731010 768399 856605 831476 614089 676839 475202 82130 372893 315138 1121906 451264 500355 146480 588815 809331 48323 191897 584940 455215 917485 900971 687670 801455 475314 755858 711987 964357 594963
 534453 636122 183859 48699 555787 593887 477178 316772 210695 248468 71240 545476 432261 235392 618095 319185 714265 702581 104930 418619 362502 579994 360179 712056 660964 422271 61779 623513 315959 126842 627361 537172 436373 707549 272245 218972 450137 1 252407 842496 231272 202235 285935 87748 62430 182617 331901 501678 57940 555423 462907 154364 532735 455309 131399 721195 449630 381207 426586 847381 518571 751469 599609 406567 833038 340881 430115 501886 457496 106189 142465 774302 424837 574941 316297 247540 840356 489582 598257 706342 45473 647317 751851 357729 751828 37286 760411 290190 630953 511698
 687083 886242 335503 248312 421841 484261 459629 291061 58494 488988 242409 662156 260468 160690 724693 78533 638263 587656 209124 670172 608258 550778 416839 673247 866103 194149 217131 769622 259657 342048 549854 341029 678261 559981 180539 47228 702513 252407 1 976160 117467 436922 487341 205564 277690 70547 152353 751856 285035 779718 509437 356623 529444 515818 121266 568544 327483 541764 671580 968391 765076 875123 642788 154202 938332 387906 461824 669328 707787 342910 392009 642637 590290 746649 567352 284229 959092 741474 846510 877353 254553 604245 782090 339128 840525 230411 875445 151710 531217 626328
 309036 906701 667261 803248 825365 772881 602366 1158461 918992 671567 912968 314186 890415 820870 258478 1052105 697462 800815 945754 809710 870813 588264 565858 595032 353621 995946 902081 219731 1153329 718184 696852 962357 611087 890861 815190 979360 778305 842496 976160 1 863000 891247 570492 927079 780627 927035 900094 696647 784711 476519 495042 689045 547844 478137 910533 909575 1275387 461417 893927 52654 910836 104571 409791 1082095 116780 595252 544384 348642 697077 750088 760248 867747 419886 290252 721377 692501 62388 813255 675385 196764 802394 609688 389866 671475 203684 827187 117548 1096131 751471 349935
 580079 858536 246036 204892 344166 396456 345674 385393 70126 429991 255196 548824 203242 43287 609585 189618 540799 504077 240066 639243 591394 440216 300555 566248 773710 200356 225410 660113 359832 278543 451448 306112 614565 492341 67808 138902 665075 231272 117467 863000 1 433155 403256 227423 228719 101151 100973 700337 239717 699082 392002 284498 414680 398752 134912 503951 442724 440217 655516 853622 746013 761093 525481 230689 822168 271401 344368 566486 657253 292386 350311 567614 488692 643721 521975 170771 844106 708077 789399 772646 212135 497334 665870 222868 723575 197395 760401 262506 440353 513131
 588463 457201 322061 237948 753749 786654 648180 368142 405278 219922 194869 631926 634482 437038 705931 490639 894858 894332 233455 253760 175454 749085 511223 879164 635290 619355 220024 675051 389007 232615 810972 739234 354101 905676 473424 395295 296299 202235 436922 891247 433155 1 328538 232513 226328 372159 533364 375409 213558 504689 606156 258076 694052 591558 319080 919976 530084 450591 236704 907648 330797 814814 732647 586691 907680 499625 584472 543697 334228 193012 147174 968756 480657 603052 208091 426793 903024 324680 476263 723752 231192 818599 883314 539256 844222 237966 830843 420626 820527 603634
 262811 549369 157372 257332 595757 598226 411228 600478 430489 122919 352439 304749 544497 374610 378284 564984 658098 693076 390694 352644 365986 496859 260695 614136 380912 595518 347702 351328 601744 159674 588404 651255 234811 735885 393372 471592 352250 285935 487341 570492 403256 328538 1 373658 229278 421613 486575 342168 229235 295832 325707 135669 432271 303479 386526 753809 734970 123148 414794 582689 477216 488500 429592 630306 579667 266948 324653 222495 306654 184035 190135 774627 152924 291515 219791 270105 577349 400535 412323 421637 254006 565396 573298 349888 516502 281383 503172 568318 616483 278592
 619927 686711 262525 124055 570044 617383 525852 231412 181861 330642 37969 626172 428918 247035 697778 258806 750662 726117 19380 474636 406193 627925 424544 759452 748092 393910 25974 708711 228522 214339 661911 526539 515481 719397 284392 162842 511041 87748 205564 927079 227423 232513 373658 1 147094 145393 320280 572111 144903 640202 527951 241159 586762 523471 95132 731265 362050 466480 468688 930432 562637 834504 666418 354181 913796 401923 490576 588576 528078 192974 220474 792826 510974 662131 386916 299095 923080 546516 670876 793711 124686 692539 817470 401154 829415 100675 842288 208082 658449 591710
 472993 629998 122398 29935 528837 560330 428960 378024 227280 211299 133659 483064 419816 221161 555749 350980 671620 668041 165379 410659 367401 531357 304088 663003 608215 427933 121660 561904 375385 70150 586433 527771 400622 680621 254989 252385 436577 62430 277690 780627 228719 226328 229278 147094 1 207539 328642 476704 12804 508935 405739 94593 480947 396716 163662 695344 506144 319594 431114 785103 519679 689181 541146 430166 770612 286900 375530 441555 432952 65748 121597 742500 363882 515445 294850 202256 778029 479361 569657 647240 25098 599831 693584 314691 689744 52593 698001 339817 594449 449341
 631937 817863 273586 178004 441090 496309 441860 284919 37926 418791 179945 614415 289853 137042 679939 144332 641945 603241 153158 601035 541292 538734 377596 666098 801797 248779 152503 716510 261030 272967 552598 383069 608158 586456 168374 52545 632699 182617 70547 927035 101151 372159 421613 145393 207539 1 179130 681320 214626 712003 475605 288958 509460 478647 53139 596930 355688 483443 604952 922131 698044 827704 612459 224529 895593 349842 430476 611083 637257 272549 321513 664535 531662 688134 496896 242128 913310 672137 775994 819678 184154 597317 756933 316599 801077 159865 830012 173068 540846 578579
 634563 958635 330241 305593 269513 332658 335239 443379 141210 525139 351079 588975 111038 113626 642259 192367 489326 435337 330530 739291 692359 416123 335575 531806 845375 109195 321653 708534 411801 374490 402002 206953 706398 409805 94813 194227 764143 331901 152353 900094 100973 533364 486575 320280 328642 179130 1 796034 339941 781076 410574 377171 405800 423552 225223 419379 467092 505845 756477 885159 846862 796182 532657 184698 847286 306591 360571 627938 753418 391261 450057 490946 553229 703997 620058 227862 874825 807674 882892 828835 312845 463347 660907 231078 743840 298345 791592 301211 380178 554370
 468111 225617 475852 504902 936586 940364 750545 743235 703776 270906 536237 559092 870867 682888 616955 820834 992611 1034104 580791 147626 239875 829879 601435 937840 357346 900633 550527 524642 762278 421909 927409 979756 114112 1077995 709702 720616 100634 501678 751856 696647 700337 375409 342168 572111 476704 681320 796034 1 467954 221034 653496 419673 763752 628159 632333 1095852 904055 418991 227753 731643 216750 657904 730336 905658 758340 609048 661119 417421 44190 410989 359982 1115903 408993 429805 185633 601623 731997 120056 100930 500785 498271 896136 853620 690866 738285 521491 684607 778165 957724 549678
 476550 618825 130760 36951 541617 573108 440870 374708 235829 204442 128381 489123 431958 233179 562118 357315 683994 680792 162607 399526 355160 543169 314619 674719 606624 438417 119084 565639 373415 69589 598937 539758 393889 693409 267276 258115 426114 57940 285035 784711 239717 213558 229235 144903 12804 214626 339941 467954 1 505120 415841 96459 492301 406296 169041 708117 505738 323358 418943 789988 507802 694104 550699 438121 776461 297980 386378 444009 424082 57966 110977 755293 366898 517268 285254 214672 783067 468539 561625 648809 30482 611763 703165 327157 696693 56339 703438 341810 607153 455701
 284356 432565 453170 538742 858422 844927 643362 849124 723970 311042 610943 385181 831457 669977 429135 856279 863596 925020 654225 347872 424999 703372 509256 792607 140773 890228 614929 320372 858941 440088 812269 935133 157127 984941 687042 759964 309739 555423 779718 476519 699082 504689 295832 640202 508935 712003 781076 221034 505120 1 528650 423160 637557 501240 672164 1003961 998770 302577 433410 513272 437222 444708 571229 925331 544203 526510 551255 241065 227684 449657 422636 1006712 269917 226254 299401 558863 514359 339757 208298 280117 533907 762886 673954 619335 536429 561110 473170 845565 851840 386788
 280083 870589 287797 414489 354350 323930 122729 746301 457234 442183 530140 199432 395669 348749 237018 579513 340020 396648 547124 678340 685323 177297 103425 288438 531413 501914 508236 328297 729995 374805 283620 473646 539840 462101 333975 524379 676604 462907 509437 495042 392002 606156 325707 527951 405739 475605 410574 653496 415841 528650 1 348144 110806 27503 476663 481479 830821 236087 738011 476190 802918 390473 138821 594991 436714 127470 50059 300736 623535 415029 460466 478150 259276 360176 544858 235504 465510 724688 704518 461061 417467 242645 289617 179502 333945 432940 382973 648330 324750 171962
 380499 597184 68765 121831 535635 554661 396056 471125 301446 149250 224067 397726 452454 263660 471472 433159 646077 658553 259034 381109 359497 494796 253991 623325 516185 483452 215440 469701 469660 30047 565856 561640 330106 684504 290075 337726 397566 154364 356623 689045 284498 258076 135669 241159 94593 288958 377171 419673 96459 423160 348144 1 437538 334192 251450 700830 600687 227656 419628 695436 500075 599676 476663 504162 683967 244784 327201 347552 377726 68695 114227 736988 270557 421003 251087 193171 688792 443942 505784 552710 118850 564732 628387 299276 607732 146030 610031 432666 582514 365392
 378363 979639 371991 484174 277674 231383 70661 791234 484239 545070 595129 286155 361233 373643 301798 591118 229241 290708 605203 784089 785938 66498 183720 186022 632192 479789 570190 412367 770111 461524 176617 418116 650268 363800 348953 553182 784320 532735 529444 547844 414680 694052 432271 586762 480947 509460 405800 763752 492301 637557 110806 437538 1 137426 521539 383275 856786 346884 840658 519765 908613 445410 140626 587817 469655 194907 111048 405064 733158 501058 551682 371135 369118 458239 649711 287924 508028 832539 815303 546627 488352 133171 255145 192861 361472 499244 430788 677176 222749 266210
 253776 846195 276629 407300 379802 350943 149064 744960 462234 421667 523717 176512 414634 355488 219663 587532 366375 424139 542763 655990 665432 203892 101433 311616 504414 517809 502896 304882 730040 361728 311047 495693 514337 489358 343393 528413 653148 455309 515818 478137 398752 591558 303479 523471 396716 478647 423552 628159 406296 501240 27503 334192 137426 1 476645 508721 834323 209958 717139 461625 780508 373731 144431 607253 425066 128832 67805 273442 598792 401944 445087 505616 232017 333737 523127 236796 451274 701122 677997 436827 409847 268209 296879 193473 324846 426725 368082 651698 352226 147301
 610055 765291 246913 133730 479050 529854 456521 270575 87410 373251 127859 600775 334338 160669 668906 188952 669379 638009 105780 548930 488261 556404 375288 686199 767420 301134 99747 696516 253437 232118 580085 431412 562624 627074 196595 89155 581336 131399 121266 910533 134912 319080 386526 95132 163662 53139 225223 632333 169041 672164 476663 251450 521539 476645 1 638437 365051 458725 551877 908549 645038 813286 615141 275270 885536 349264 434372 585573 588185 226790 272393 702445 506166 661916 447273 241236 900232 620210 728044 794017 139076 618063 762956 330232 794498 112857 817576 186508 572618 565199
 759840 1294125 634002 682053 166566 159035 361441 857466 559320 841718 757374 669428 308640 487731 680094 585363 227182 113242 743963 1081222 1056786 327502 498927 330218 1012636 399170 727572 795126 823017 712948 213736 243864 987651 19480 450158 612773 1093652 721195 568544 909575 503951 919976 753809 731265 695344 596930 419379 1095852 708117 1003961 481479 700830 383275 508721 638437 1 849587 702293 1118716 873215 1200893 812626 505405 519863 814068 487666 453022 782161 1059052 744046 804527 93401 734734 840007 948426 507721 860907 1141244 1162683 929241 688785 300451 541702 406258 708938 684129 792684 708250 161337 648487
 973001 967838 609424 479422 725372 795011 787089 163831 374486 687741 388279 965708 559944 484964 1033223 275248 955269 891153 346213 781720 694645 877614 733275 997888 1109918 451111 387988 1060337 141980 575301 868766 605979 865260 845395 507840 306514 825886 449630 327483 1275387 442724 530084 734970 362050 506144 355688 467092 904055 505738 998770 830821 600687 856786 834323 365051 849587 1 820340 746388 1273553 835880 1178332 966756 330230 1249580 705504 784855 945575 861700 554919 576148 934176 866737 1020639 726100 597778 1265172 850801 1004959 1152714 481909 929085 1108583 665585 1156417 455049 1182376 182626 843673 930073
 153457 639380 211814 343229 555964 543362 343377 697617 483272 244380 451559 181668 539846 403389 255420 620200 576107 627411 484944 459363 483734 413360 206928 518885 340863 613733 441226 242323 693974 256946 516560 639526 304946 683404 411406 535769 450796 381207 541764 461417 440217 450591 123148 466480 319594 483443 505845 418991 323358 302577 236087 227656 346884 209958 458725 702293 820340 1 528406 468450 582536 372968 317816 670661 460518 225763 251234 127684 391335 290169 308534 709483 48583 204919 332487 278015 462169 497991 468658 336236 341928 478139 455621 319775 393708 367432 385054 645143 552794 155828
 626257 223060 488030 451431 952616 974263 809031 582631 636125 295895 430826 699812 850900 652086 767916 727218 1059889 1077980 470150 85579 64141 902784 659912 1025343 574017 848826 454546 699290 609813 405786 982820 958562 283626 1102834 686073 631110 127503 426586 671580 893927 655516 236704 414794 468688 431114 604952 756477 227753 418943 433410 738011 419628 840658 717139 551877 1118716 746388 528406 1 922748 94100 839823 843683 822700 939610 657240 730184 574905 206950 375725 314801 1156612 538447 609701 196033 611563 921218 121365 312405 703522 444188 972528 984010 718871 900837 458368 862877 654587 1001749 680696
 319927 945282 668684 806378 796045 740632 577755 1161704 911994 689071 918349 307930 869323 810959 244141 1043206 657538 763151 949368 839409 896660 555944 553945 554055 396256 978088 905879 232631 1154758 725036 661789 936924 641596 854753 802932 974112 810002 847381 968391 52654 853622 907648 582689 930432 785103 922131 885159 731643 789988 513272 476190 695436 519765 461625 908549 873215 1273553 468450 922748 1 943931 95935 379785 1068543 66243 583363 526116 364126 729571 758591 772805 827936 430143 313921 745275 684163 12367 846608 715559 236781 805996 572778 345467 654834 164280 829969 93602 1092920 716839 343680
 663253 132047 567414 541312 1035465 1053623 881664 672458 728714 365569 524745 744994 939199 740818 809409 821246 1131700 1155591 564233 124586 156820 972266 731138 1091333 574058 940768 548180 729015 700829 489039 1057288 1047419 304799 1184571 774031 724923 136374 518571 765076 910836 746013 330797 477216 562637 519679 698044 846862 216750 507802 437222 802918 500075 908613 780508 645038 1200893 835880 582536 94100 943931 1 866352 900305 916531 966884 731007 799370 611539 214458 461665 400762 1235217 585744 635908 259141 693182 943611 97635 276737 715962 534059 1041449 1035261 797862 937829 549449 891567 748218 1079003 729467
 226354 876706 572825 710450 723082 672519 498479 1065788 818366 597219 822455 213311 785863 718693 154093 950503 605769 705628 853436 757771 810698 488460 462679 505681 343241 891523 809944 141911 1058971 629324 599118 858455 561975 793685 712053 879823 731010 751469 875123 104571 761093 814814 488500 834504 689181 827704 796182 657904 694104 444708 390473 599676 445410 373731 813286 812626 1178332 372968 839823 95935 866352 1 309179 978616 100561 492109 439842 272706 652078 663134 678463 775233 335653 230741 657960 591018 89202 769762 651522 186555 710062 514355 310702 567145 123865 734053 31872 998017 653158 249167
 290537 953967 420803 551487 416321 363390 203869 885018 592392 551651 667695 188697 498713 482539 177288 710192 311790 401622 685634 776870 795514 179372 241967 225166 538756 614386 646363 299726 868320 504794 291709 558737 616728 486248 464178 660288 768399 599609 642788 409791 525481 732647 429592 666418 541146 612459 532657 730336 550699 571229 138821 476663 140626 144431 615141 505405 966756 317816 843683 379785 900305 309179 1 716969 329032 266203 182000 330172 706227 544906 585605 475855 321344 364925 647790 373905 367938 815337 765979 430914 554139 213108 152470 305370 220891 570583 292293 784609 344868 184836
