NAME : domp60p15v4
COMMENT : Cherkesly, Contardo & Gruson 2022
TYPE : DOMP
DIMENSION : 60
DISPLAY_DATA_TYPE : NO_DISPLAY
OPEN_FACILITIES : 15
COST_SECTION
 1 345665 417647 332923 247701 337471 191584 161296 78254 266359 612741 630313 625544 319581 657151 605597 824605 417840 634063 246621 330446 440031 395285 643520 432566 319836 521508 364942 784736 839185 545643 293551 372773 59024 417490 672868 502762 615609 415413 373310 400839 446116 396332 376171 85977 488736 98942 118664 382660 798217 168252 273480 464634 595510 628439 265711 238860 450868 424261 460167
 345665 1 718994 530309 568164 669488 306727 457449 295772 559987 927993 849694 773181 664225 997817 940884 1159733 605855 776074 589676 575711 509975 215253 944473 737001 665254 725765 477040 1121150 1179557 877874 83852 647579 287165 754027 758376 692276 816593 645383 236693 546452 722472 495625 610180 312905 674972 248500 415477 436037 1132297 287571 106013 737507 924902 914524 520791 498676 502603 468108 742895
 417647 718994 1 255990 420409 396962 423488 265977 495567 159346 609413 821676 899745 300632 344750 515716 687181 703808 911948 232872 176530 804608 656389 675436 530181 247837 759310 723642 646188 663939 202862 691323 93536 460353 156505 990648 762280 834364 655290 616961 728028 601153 754489 178034 498678 755519 488719 455423 765546 671160 580910 675571 618963 540569 212232 207008 224010 822321 803654 66352
 332923 530309 255990 1 481547 514187 225592 193246 401415 164205 779882 908566 938880 434927 599167 715260 911068 729659 948866 325079 80623 772737 420083 834347 647590 393443 817245 696540 869112 898177 457708 527657 162616 343958 378993 999946 807113 906136 707099 378818 726144 695859 728161 88729 416114 795563 353180 429372 715176 891267 493515 518754 715380 728007 403939 96740 114031 783789 756906 245635
 247701 568164 420409 481547 1 105638 426417 293510 273408 337624 365968 427447 480862 152442 516933 374523 592387 283895 492720 188817 437321 408005 642959 396151 186079 193143 345036 329940 554599 616710 449326 498850 430549 301470 328331 570964 343591 428588 237222 620610 316662 215933 357378 480510 255265 335847 340063 152733 388910 564621 299521 475303 235479 356739 618001 387025 367518 429685 419603 483570
 337471 669488 396962 514187 105638 1 500953 342636 373737 355271 281166 424715 515486 96439 427033 271400 490326 341292 528508 191005 456451 491106 730000 324739 136697 149218 370183 417234 451679 512023 379467 602319 429874 394547 273436 622080 380258 439001 275761 704510 390805 204365 441751 494725 357164 377049 434217 255727 481643 463112 405005 578973 222011 258116 574827 417455 403261 514441 508689 463123
 191584 306727 423488 225592 426417 500953 1 185764 227394 269523 782015 821897 811171 455933 733228 754446 969264 605875 818928 353884 269682 602650 246246 820358 612250 436452 712343 535031 927890 973209 601485 302709 344883 165050 489056 847304 692220 806710 606893 212667 580971 634087 564820 303466 248950 677676 153593 310246 536202 944949 308682 295144 652983 752601 610322 218443 199480 608625 577846 440026
 161296 457449 265977 193246 293510 342636 185764 1 238759 108153 620679 718138 745836 280933 550481 578623 789805 536776 755933 172665 172297 590311 432000 667374 469081 254554 624362 511860 748084 790365 423074 425582 212090 195998 305266 809981 613869 713934 514250 397991 536295 509391 543660 218736 246994 602335 222787 239363 538231 766478 329539 409603 528945 581646 472623 108997 83420 603555 579172 301941
 78254 295772 495567 401415 273408 373737 227394 238759 1 344539 637038 611896 585898 373311 723936 645124 864033 384017 593168 314388 405566 378389 386814 659621 449001 381545 495987 308191 825382 884122 617581 232207 450652 62763 488311 620183 472070 590916 396209 372500 354021 447636 338444 450709 23624 456650 83051 121857 315837 836684 92543 210013 464804 629819 706597 340793 313918 386568 357764 538413
 266359 559987 159346 164205 337624 355271 269523 108153 344539 1 616119 763354 812454 271892 468523 551941 751389 606661 823512 164314 101484 680816 510243 671802 490849 229272 681651 600734 709360 742496 333208 532288 107984 304095 230296 888079 676774 766205 572395 472661 616851 545793 632395 142963 350714 667134 330557 325928 633743 730648 433620 516914 565076 563876 364473 72960 75690 695964 673761 194171
 612741 927993 609413 779882 365968 281166 782015 620679 637038 616119 1 340340 506011 345373 459130 133352 268239 434992 519531 456570 713371 619299 1007749 74154 192493 387424 377362 568749 243160 320898 498864 853785 668662 667394 455322 639843 411906 384985 355974 983773 511411 237033 580866 745445 617254 420767 706022 515183 642067 239081 646263 829802 232581 86256 732717 684477 673991 644765 653703 673179
 630313 849694 821676 908566 427447 424715 821897 718138 611896 763354 340340 1 180106 521096 774659 466438 585329 244150 192106 605216 863976 393194 994695 282306 294963 573898 124526 384956 570653 649077 776844 766199 849641 665966 691182 315078 161919 54094 215976 983636 311988 220800 378125 906238 588276 179249 694738 511652 448418 558670 571344 743688 202720 418155 992516 814452 794575 415060 438778 887814
 625544 773181 899745 938880 480862 515486 811171 745836 585898 812454 506011 180106 1 608386 910708 623003 761094 209453 13820 669616 908160 270644 945694 455786 409886 659191 146983 297676 743797 822422 891018 689938 910220 646762 788747 135715 137472 126841 244457 942031 234778 324604 277565 953356 563241 145445 667138 513109 340641 733721 521957 669921 313323 576192 1089112 851177 827890 285962 317060 963815
 319581 664225 300632 434927 152442 96439 455933 280933 373311 271892 345373 521096 608386 1 367995 298763 513723 425511 621179 111482 371185 560216 695963 399923 230543 52804 464330 482379 472604 522034 297601 605437 337388 378602 181626 710367 471965 535169 365853 666473 466427 300800 509671 406679 361703 467476 418430 270082 540612 489091 424724 583320 318418 300830 480734 339181 328784 582067 571928 366855
 657151 997817 344750 599167 516933 427033 733228 550481 723936 468523 459130 774659 910708 367995 1 327021 403960 762627 924446 410607 518695 918098 977605 532992 501661 344774 764756 843371 369806 358077 141892 950700 437920 713218 245407 1031368 785404 807975 689677 940747 817240 586949 868564 522621 716717 786298 750226 633978 905382 398581 787034 930452 597400 372877 335400 534997 543924 941294 934419 377412
 605597 940884 515716 715260 374523 271400 754446 578623 645124 551941 133352 466438 623003 298763 327021 1 219199 520834 636758 406372 642284 700076 992368 206449 248666 326733 485411 639319 180289 244090 379661 873220 586297 663692 359246 753665 515277 507276 440733 964054 591603 321130 656583 668557 628480 521212 703623 526650 710865 192631 672786 849743 323810 48495 615469 623899 618145 725358 728941 575811
 824605 1159733 687181 911068 592387 490326 969264 789805 864033 751389 268239 585329 761094 513723 403960 219199 1 703130 774112 617233 834189 887260 1209441 305539 447605 535339 641625 834624 42033 73363 511938 1091212 768762 882805 536821 896641 677847 635537 623832 1180194 779123 503992 847996 854453 847081 687577 922755 744940 907677 29350 888890 1067617 500584 237976 736222 824308 821713 912736 920902 739398
 417840 605855 703808 729659 283895 341292 605875 536776 384017 606661 434992 244150 209453 425511 762627 520834 703130 1 219213 471205 700733 184585 758017 413534 274780 472786 119916 147727 675975 751850 720058 522245 706990 442974 606855 287070 88913 212107 80251 750033 78998 200957 150664 746304 360729 72789 466686 303919 218466 673894 331718 499893 202588 480897 901338 642776 619145 209994 221840 766143
 634063 776074 911948 948866 492720 528508 818928 755933 593168 823512 519531 192106 13820 621179 924446 636758 774112 219213 1 681520 918881 271165 950559 468902 423542 671862 160504 301813 757033 835657 904361 693031 921697 654310 801690 123100 149741 139272 256738 947458 240768 338239 280586 964177 570652 156966 674069 522350 342226 746803 527780 673280 327052 589916 1101878 861591 838159 285453 317212 975894
 246621 589676 232872 325079 188817 191005 353884 172665 314388 164314 456570 605216 669616 111482 410607 406372 617233 471205 681520 1 265450 576253 598098 509349 326971 82571 532130 495479 575561 619336 305173 540154 244661 303338 175188 757876 532265 612081 425620 566315 495897 385501 525678 304279 309059 524663 341228 239347 542751 593817 384389 519845 404482 411426 436821 228736 217423 595211 578979 295020
 330446 575711 176530 80623 437321 456451 269682 172297 405566 101484 713371 863976 908160 371185 518695 642284 834189 700733 918881 265450 1 762483 487139 770831 592244 325994 779948 683746 792323 819543 377382 562426 84209 354791 299861 978699 773497 865728 670230 446674 705691 646999 715549 46514 416361 763224 372399 409969 710360 815032 497794 550576 666321 657521 341473 64792 91677 775849 751389 174362
 440031 509975 804608 772737 408005 491106 602650 590311 378389 680816 619299 393194 270644 560216 918098 700076 887260 184585 271165 576253 762483 1 696500 597455 451608 600006 276972 80967 859420 934671 857308 428411 787799 440815 734594 252859 235827 346431 263433 698584 108656 383756 50825 808976 359904 220138 449603 354889 74348 857984 294373 410400 386727 662099 1012773 699155 672969 25481 46903 861168
 395285 215253 656389 420083 642959 730000 246246 432000 386814 510243 1007749 994695 945694 695963 977605 992368 1209441 758017 950559 598098 487139 696500 1 1038371 827128 680450 875079 649111 1168493 1216500 843440 278601 569729 343190 734460 949133 846897 969406 780472 41659 711661 833439 672927 508505 409987 830388 307285 502648 622442 1184298 426584 291144 850973 986598 823975 449808 436175 693480 659092 661374
 643520 944473 675436 834347 396151 324739 820358 667374 659621 671802 74154 282306 455786 399923 532992 206449 305539 413534 468902 509349 770831 597455 1038371 1 211340 445565 338573 555062 288569 367120 571855 867352 730556 695561 523154 591214 376448 330918 338490 1016703 492125 228814 563328 804874 638528 387661 732970 538572 628253 277956 658602 843336 218575 160199 804931 738084 725796 622658 635264 740022
 432566 737001 530181 647590 186079 136697 612250 469081 449001 490849 192493 294963 409886 230543 501661 248666 447605 274780 423542 326971 592244 451608 827128 211340 1 282927 263331 391121 415339 487497 485590 661857 566444 484231 396237 530020 284290 316556 195820 805868 343312 85367 407927 631117 428312 286383 521652 327577 463197 418395 453956 637850 97605 213198 697610 550948 535215 476836 480348 596525
 319836 665254 247837 393443 193143 149218 436452 254554 381545 229272 387424 573898 659191 52804 344774 326733 535339 472786 671862 82571 325994 600006 680450 445565 282927 1 515855 520872 493574 536765 258509 611616 287138 378091 135198 758809 522364 587704 415810 648850 509744 353560 549226 359314 372911 517310 417034 289698 575764 512302 442267 590407 371216 335305 430235 299392 291924 621037 608883 314077
 521508 725765 759310 817245 345036 370183 712343 624362 495987 681651 377362 124526 146983 464330 764756 485411 641625 119916 160504 532130 779948 276972 875079 338573 263331 515855 1 261312 619879 698034 744235 642161 775463 552537 643616 269370 41229 94930 110150 865639 188472 177966 256563 824090 472416 57126 579035 403798 326877 613152 449802 619796 167738 440132 944799 726025 704212 300418 320896 824190
 364942 477040 723642 696540 329940 417234 535031 511860 308191 600734 568749 384956 297676 482379 843371 639319 834624 147727 301813 495479 683746 80967 649111 555062 391121 520872 261312 1 804602 878139 778758 393398 707468 370952 655082 312361 223121 345284 216639 647220 72970 331785 31804 730260 288110 205732 383890 274915 73399 805275 231056 372821 338111 604024 931886 620836 594861 100246 91675 780292
 784736 1121150 646188 869112 554599 451679 927890 748084 825382 709360 243160 570653 743797 472604 369806 180289 42033 675975 757033 575561 792323 859420 1168493 288569 415339 493574 619879 804602 1 78625 473306 1053404 727249 843088 495263 878881 654966 619449 596167 1139020 750956 475665 819010 812831 808766 663926 883073 706884 877369 28961 852157 1029892 473512 203228 699782 782277 779692 884896 891904 699019
 839185 1179557 663939 898177 616710 512023 973209 790365 884122 742496 320898 649077 822422 522034 358077 244090 73363 751850 835657 619336 819543 934671 1216500 367120 487497 536765 698034 878139 78625 1 477976 1114152 749610 898002 519746 957497 732800 698026 671818 1185498 826071 551095 893429 836156 868562 741502 938028 767697 950558 93177 915872 1090894 549732 274300 693374 815326 815123 960127 966247 711884
 545643 877874 202862 457708 449326 379467 601485 423074 617581 333208 498864 776844 891018 297601 141892 379661 511938 720058 904361 305173 377382 857308 843440 571855 485590 258509 744235 778758 473306 477976 1 837040 296105 598660 130006 1001345 758022 802002 654913 805650 763916 568872 806636 380744 613662 755773 633524 542053 834271 500609 689545 818144 582980 417027 235838 396790 407640 878773 867251 238211
 293551 83852 691323 527657 498850 602319 302709 425582 232207 532288 853785 766199 689938 605437 950700 873220 1091212 522245 693031 540154 562426 428411 278601 867352 661857 611616 642161 393398 1053404 1114152 837040 1 627652 238434 710101 678456 608495 732803 563125 291123 462621 643374 412465 600960 245859 591178 204316 346625 354202 1063352 208765 24026 657906 854824 894155 502914 478605 422182 387609 721976
 372773 647579 93536 162616 430549 429874 344883 212090 450652 107984 668662 849641 910220 337388 437920 586297 768762 706990 921697 244661 84209 787799 569729 730556 566444 287138 775463 707468 727249 749610 296105 627652 1 406884 232006 990754 773464 856628 667627 529587 721188 629454 739045 86743 457796 764797 430119 433026 741566 751163 540650 613921 648233 606244 267140 126899 149377 803310 781460 95354
 59024 287165 460353 343958 301470 394547 165050 195998 62763 304095 667394 665966 646762 378602 713218 663692 882805 442974 654310 303338 354791 440815 343190 695561 484231 378091 552537 370952 843088 898002 598660 238434 406884 1 471729 682897 530310 647364 450002 324292 415936 491715 401190 398745 83903 515288 40031 160241 377240 856262 150841 219615 509677 652656 668544 290568 263994 448505 419161 497894
 417490 754027 156505 378993 328331 273436 489056 305266 488311 230296 455322 691182 788747 181626 245407 359246 536821 606855 801690 175188 299861 734594 734460 523154 396237 135198 643616 655082 495263 519746 130006 710101 232006 471729 1 891993 652897 710037 547184 698484 644941 474382 683782 317679 483922 648809 507625 412476 708201 519178 559541 690693 490597 384476 302036 301147 305776 755316 742264 218240
 672868 758376 990648 999946 570964 622080 847304 809981 620183 888079 639843 315078 135715 710367 1031368 753665 896641 287070 123100 757876 978699 252859 949133 591214 530020 758809 269370 312361 878881 957497 1001345 678456 990754 682897 891993 1 245977 262366 346433 951432 273833 445121 283310 1024885 599554 246098 696170 570903 326700 869170 542410 661493 436518 707596 1188135 918241 893348 256350 290924 1052571
 502762 692276 762280 807113 343591 380258 692220 613869 472070 676774 411906 161919 137472 471965 785404 515277 677847 88913 149741 532265 773497 235827 846897 376448 284290 522364 41229 223121 654966 732800 758022 608495 773464 530310 652897 245977 1 124325 107007 838920 150162 199862 216667 818330 448671 17463 554912 386691 287025 649169 420506 586491 192859 471088 952516 717709 695040 259204 279975 826351
 615609 816593 834364 906136 428588 439001 806710 713934 590916 766205 384985 54094 126841 535169 807975 507276 635537 212107 139272 612081 865728 346431 969406 330918 316556 587704 94930 345284 619449 698026 802002 732803 856628 647364 710037 262366 124325 1 201296 960347 272749 235656 335467 909096 567345 141626 673964 497533 405254 608470 543576 710816 219823 459479 1012063 813616 792566 367337 392683 900053
 415413 645383 655290 707099 237222 275761 606893 514250 396209 572395 355974 215976 244457 365853 689677 440733 623832 80251 256738 425620 670230 263433 780472 338490 195820 415810 110150 216639 596167 671818 654913 563125 667627 450002 547184 346433 107007 201296 1 768382 155465 120772 225605 714580 372605 101630 478929 296940 289766 594553 361082 539815 123420 400646 846042 615952 594073 288912 298182 719434
 373310 236693 616961 378818 620610 704510 212667 397991 372500 472661 983773 983636 942031 666473 940747 964054 1180194 750033 947458 566315 446674 698584 41659 1016703 805868 648850 865639 647220 1139020 1185498 805650 291123 529587 324292 698484 951432 838920 960347 768382 1 707352 815999 672317 467333 396017 822710 290752 484529 625086 1155442 420472 300717 833908 959829 782752 410812 398048 697078 662977 620766
 400839 546452 728028 726144 316662 390805 580971 536295 354021 616851 511411 311988 234778 466427 817240 591603 779123 78998 240768 495897 705691 108656 711661 492125 343312 509744 188472 72970 750956 826071 763916 462621 721188 415936 644941 273833 150162 272749 155465 707352 1 275318 71684 752004 332036 132764 433972 297094 140331 749823 287180 441361 278884 553449 931825 644741 619694 134080 143158 787741
 446116 722472 601153 695859 215933 204365 634087 509391 447636 545793 237033 220800 324604 300800 586949 321130 503992 200957 338239 385501 646999 383756 833439 228814 85367 353560 177966 331785 475665 551095 568872 643374 629454 491715 474382 445121 199862 235656 120772 815999 275318 1 344048 688249 425127 203082 526220 331475 405143 474668 435035 619448 19560 280124 776410 600319 581999 409231 416940 667211
 396332 495625 754489 728161 357378 441751 564820 543660 338444 632395 580866 378125 277565 509671 868564 656583 847996 150664 280586 525678 715549 50825 672927 563328 407927 549226 256563 31804 819010 893429 806636 412465 739045 401190 683782 283310 216667 335467 225605 672317 71684 344048 1 762063 318738 199701 413031 306635 70359 818663 259124 392724 348738 619888 962306 652635 626652 72742 72912 811455
 376171 610180 178034 88729 480510 494725 303466 218736 450709 142963 745445 906238 953356 406679 522621 668557 854453 746304 964177 304279 46514 808976 508505 804874 631117 359314 824090 730260 812831 836156 380744 600960 86743 398745 317679 1024885 818330 909096 714580 467333 752004 688249 762063 1 461992 808273 414721 456445 756645 836427 543089 590041 707463 686368 315491 110564 137342 822288 797723 158365
 85977 312905 498678 416114 255265 357164 248950 246994 23624 350714 617254 588276 563241 361703 716717 628480 847081 360729 570652 309059 416361 359904 409987 638528 428312 372911 472416 288110 808766 868562 613662 245859 457796 83903 483922 599554 448671 567345 372605 396017 332036 425127 318738 461992 1 433315 106643 102657 299308 819531 82907 222958 442147 611999 710432 351601 324734 369064 341149 543751
 488736 674972 755519 795563 335847 377049 677676 602335 456650 667134 420767 179249 145445 467476 786298 521212 687577 72789 156966 524663 763224 220138 830388 387661 286383 517310 57126 205732 663926 741502 755773 591178 764797 515288 648809 246098 17463 141626 101630 822710 132764 203082 199701 808273 433315 1 539388 373316 270053 658769 403895 569214 197668 477703 947541 706827 683883 243839 263813 819227
 98942 248500 488719 353180 340063 434217 153593 222787 83051 330557 706022 694738 667138 418430 750226 703623 922755 466686 674069 341228 372399 449603 307285 732970 521652 417034 579035 383890 883073 938028 633524 204316 430119 40031 507625 696170 554912 673964 478929 290752 433972 526220 413031 414721 106643 539388 1 195470 382631 896173 155299 187166 543860 692293 694503 309473 283598 455138 424257 522877
 118664 415477 455423 429372 152733 255727 310246 239363 121857 325928 515183 511652 513109 270082 633978 526650 744940 303919 522350 239347 409969 354889 502648 538572 327577 289698 403798 274915 706884 767697 542053 346625 433026 160241 412476 570903 386691 497533 296940 484529 297094 331475 306635 456445 102657 373316 195470 1 310450 717267 154685 323248 349467 509454 666689 348102 322782 370331 349362 508876
 382660 436037 765546 715176 388910 481643 536202 538231 315837 633743 642067 448418 340641 540612 905382 710865 907677 218466 342226 542751 710360 74348 622442 628253 463197 575764 326877 73399 877369 950558 834271 354202 741566 377240 708201 326700 287025 405254 289766 625086 140331 405143 70359 756645 299308 270053 382631 310450 1 878329 227711 336066 411498 676316 976158 646186 619601 73132 41931 819278
 798217 1132297 671160 891267 564621 463112 944949 766478 836684 730648 239081 558670 733721 489091 398581 192631 29350 673894 746803 593817 815032 857984 1184298 277956 418395 512302 613152 805275 28961 93177 500609 1063352 751163 856262 519178 869170 649169 608470 594553 1155442 749823 474668 818663 836427 819531 658769 896173 717267 878329 1 860587 1039719 471332 209385 727973 803476 800212 883461 891569 724798
 168252 287571 580910 493515 299521 405005 308682 329539 92543 433620 646263 571344 521957 424724 787034 672786 888890 331718 527780 384389 497794 294373 426584 658602 453956 442267 449802 231056 852157 915872 689545 208765 540650 150841 559541 542410 420506 543576 361082 420472 287180 435035 259124 543089 82907 403895 155299 154685 227711 860587 1 184758 449947 651320 792857 433003 406119 299952 269497 626587
 273480 106013 675571 518754 475303 578973 295144 409603 210013 516914 829802 743688 669921 583320 930452 849743 1067617 499893 673280 519845 550576 410400 291144 843336 637850 590407 619796 372821 1029892 1090894 818144 24026 613921 219615 690693 661493 586491 710816 539815 300717 441361 619448 392724 590041 222958 569214 187166 323248 336066 1039719 184758 1 634030 831110 879847 490104 465338 405151 370586 707795
 464634 737507 618963 715380 235479 222011 652983 528945 464804 565076 232581 202720 313323 318418 597400 323810 500584 202588 327052 404482 666321 386727 850973 218575 97605 371216 167738 338111 473512 549732 582980 657906 648233 509677 490597 436518 192859 219823 123420 833908 278884 19560 348738 707463 442147 197668 543860 349467 411498 471332 449947 634030 1 281216 792541 619808 601532 412196 421456 685094
 595510 924902 540569 728007 356739 258116 752601 581646 629819 563876 86256 418155 576192 300830 372877 48495 237976 480897 589916 411426 657521 662099 986598 160199 213198 335305 440132 604024 203228 274300 417027 854824 606244 652656 384476 707596 471088 459479 400646 959829 553449 280124 619888 686368 611999 477703 692293 509454 676316 209385 651320 831110 281216 1 652146 634649 626920 687495 692589 602571
 628439 914524 212232 403939 618001 574827 610322 472623 706597 364473 732717 992516 1089112 480734 335400 615469 736222 901338 1101878 436821 341473 1012773 823975 804931 697610 430235 944799 931886 699782 693374 235838 894155 267140 668544 302036 1188135 952516 1012063 846042 782752 931825 776410 962306 315491 710432 947541 694503 666689 976158 727973 792857 879847 792541 652146 1 393744 416488 1031259 1013686 172207
 265711 520791 207008 96740 387025 417455 218443 108997 340793 72960 684477 814452 851177 339181 534997 623899 824308 642776 861591 228736 64792 699155 449808 738084 550948 299392 726025 620836 782277 815326 396790 502914 126899 290568 301147 918241 717709 813616 615952 410812 644741 600319 652635 110564 351601 706827 309473 348102 646186 803476 433003 490104 619808 634649 393744 1 26885 712144 687327 222250
 238860 498676 224010 114031 367518 403261 199480 83420 313918 75690 673991 794575 827890 328784 543924 618145 821713 619145 838159 217423 91677 672969 436175 725796 535215 291924 704212 594861 779692 815123 407640 478605 149377 263994 305776 893348 695040 792566 594073 398048 619694 581999 626652 137342 324734 683883 283598 322782 619601 800212 406119 465338 601532 626920 416488 26885 1 685778 660793 244441
 450868 502603 822321 783789 429685 514441 608625 603555 386568 695964 644765 415060 285962 582067 941294 725358 912736 209994 285453 595211 775849 25481 693480 622658 476836 621037 300418 100246 884896 960127 878773 422182 803310 448505 755316 256350 259204 367337 288912 697078 134080 409231 72742 822288 369064 243839 455138 370331 73132 883461 299952 405151 412196 687495 1031259 712144 685778 1 34578 878097
 424261 468108 803654 756906 419603 508689 577846 579172 357764 673761 653703 438778 317060 571928 934419 728941 920902 221840 317212 578979 751389 46903 659092 635264 480348 608883 320896 91675 891904 966247 867251 387609 781460 419161 742264 290924 279975 392683 298182 662977 143158 416940 72912 797723 341149 263813 424257 349362 41931 891569 269497 370586 421456 692589 1013686 687327 660793 34578 1 858171
 460167 742895 66352 245635 483570 463123 440026 301941 538413 194171 673179 887814 963815 366855 377412 575811 739398 766143 975894 295020 174362 861168 661374 740022 596525 314077 824190 780292 699019 711884 238211 721976 95354 497894 218240 1052571 826351 900053 719434 620766 787741 667211 811455 158365 543751 819227 522877 508876 819278 724798 626587 707795 685094 602571 172207 222250 244441 878097 858171 1
LAMBDA_SECTION
1 652
2 877
3 213
4 764
5 870
6 276
7 396
8 430
9 958
10 310
11 620
12 737
13 270
14 552
15 893
16 574
17 740
18 246
19 725
20 588
21 69
22 306
23 784
24 309
25 53
26 700
27 350
28 635
29 784
30 573
31 563
32 222
33 682
34 727
35 386
36 712
37 651
38 654
39 297
40 527
41 781
42 438
43 418
44 285
45 797
46 278
47 249
48 999
49 889
50 71
51 420
52 438
53 130
54 654
55 135
56 599
57 598
58 13
59 87
60 946
