NAME : domp60p20v9
COMMENT : Cherkesly, Contardo & Gruson 2022
TYPE : DOMP
DIMENSION : 60
DISPLAY_DATA_TYPE : NO_DISPLAY
OPEN_FACILITIES : 20
COST_SECTION
 1 623331 581055 297810 771707 1123739 902081 266524 1090401 472545 730523 271074 1124947 776814 665371 765754 201306 289944 647007 716481 521362 73748 677527 409303 487085 455992 571265 860386 216672 769091 403664 526802 843421 641411 304387 711443 682623 710813 410916 253352 735900 439635 336528 629223 437511 627048 482372 1127845 753503 372710 181904 346252 1086154 515021 356961 786149 1038757 170779 396362 914255
 623331 1 325632 402183 534292 547538 617430 377869 567946 692059 249962 779169 594051 448061 140993 844911 799049 412909 62005 390226 294116 549775 475767 613053 464586 607294 411139 872127 452590 147039 394661 100838 703414 668442 399470 320438 234407 274713 643867 434240 481930 398267 325872 592937 475804 107325 141117 568774 178770 744781 569149 376602 511277 307810 529534 510618 470256 698592 306587 874287
 581055 325632 1 283291 833261 836357 930792 327981 881376 855204 574425 820932 903816 760709 464648 1076141 782238 291530 387570 136969 546377 516590 759358 768966 680840 784109 669886 1126685 364387 389073 187073 328366 990138 901590 276754 635656 158597 594668 793419 328012 780521 600802 449972 838604 668561 227577 306563 867294 498327 849559 625574 524165 803233 67911 677470 816562 768911 720921 194248 1144019
 297810 402183 283291 1 753132 946389 873307 76627 948564 634505 590765 545847 978651 715235 495405 894641 499067 10941 446647 418769 452114 235208 663078 550716 521864 579132 555560 966037 81163 533239 112577 329160 878054 733102 6694 611434 395812 589368 568747 44980 704941 444834 276621 688216 491094 368147 281247 963046 568615 596237 365599 342269 909463 217808 464306 751046 866125 443873 109292 1000228
 771707 534292 833261 753132 1 573971 130463 683425 459987 459180 317093 734611 495873 111135 402583 406971 840598 759546 479656 921082 302779 723742 94698 441244 287986 394228 204439 383754 744838 590086 816898 504934 175968 280732 755293 223302 768560 275161 466080 754718 52855 334532 483982 213224 339973 640334 530462 543409 435793 603424 605471 438029 546556 791816 435680 43113 504956 718937 719174 360839
 1123739 547538 836357 946389 573971 1 532806 911261 145640 991284 398280 1201577 130405 474508 461007 979521 1265668 956851 499751 838352 625884 1054345 608140 943581 757953 909730 650179 940567 987564 447297 940727 619436 716746 848302 944260 449481 690190 428326 974580 974513 555035 744833 788493 771642 801382 616275 667960 54397 378844 1108605 1014325 798088 37622 839972 895200 530993 85465 1148441 854090 896534
 902081 617430 930792 873307 130463 532806 1 805708 400091 573651 376688 859477 432413 170197 478202 465010 968906 880254 558278 1007655 421215 853476 224640 564590 418151 515766 333149 410738 869491 647352 930586 604324 188116 377580 875064 297123 850307 343715 587523 877514 170325 464186 608994 324597 469977 724753 635479 492835 489306 723013 735684 566503 512028 894750 564724 122338 477894 847640 831779 363730
 266524 377869 327981 76627 683425 911261 805708 1 903207 560510 541263 492973 934659 651101 453003 818178 463428 79671 414180 464920 385058 195645 592136 476078 446018 503316 483575 889448 76308 518039 180452 292366 804118 656508 81249 552984 416505 535284 495080 72132 636321 369730 202550 612246 414575 364694 243986 924166 532491 529975 301143 266200 873900 260108 388739 683378 828995 393427 134779 924036
 1090401 567946 881376 948564 459987 145640 400091 903207 1 900998 363616 1136467 37063 373095 453263 858147 1214378 958416 511263 904589 573460 1024920 509906 862835 680441 824034 571189 810736 978748 500676 960126 620317 587355 740101 947433 384281 748042 379590 892418 971055 450721 681657 754611 667825 728130 654325 667562 96251 389223 1029579 962650 750737 141094 873896 825921 418381 137454 1093894 866860 762112
 472545 692059 855204 634505 459180 991284 573651 560510 900998 1 622920 310125 937988 528220 632405 294714 444405 634242 671442 983445 414221 466525 391717 86255 244129 87111 344177 395664 578470 818948 740380 603302 442829 210856 640067 546967 876195 580957 66225 608420 453495 294945 407102 249099 217991 763842 589688 972333 713753 155874 297550 334945 958017 791298 177740 494170 910878 340698 671713 458606
 730523 249962 574425 590765 317093 398280 376688 541263 363616 622920 1 806007 396637 214079 109805 690068 867411 600181 188206 636769 229339 663344 290066 563217 379687 536950 281501 690685 616269 274177 615625 269479 493036 526300 590223 96038 477168 45909 595216 610356 269989 352246 393999 444664 416330 355520 313453 397811 118745 723445 616065 399815 361273 550008 504477 284080 312853 750289 518253 676296
 271074 779169 820932 545847 734611 1201577 859477 492973 1136467 310125 806007 1 1173197 778026 774581 589867 143488 540274 783276 957886 576691 313830 650952 295240 459705 345440 567516 697715 467660 924360 657577 678479 748386 518694 552519 755455 896198 773296 275274 504962 715126 457152 453573 541562 409622 814218 644631 1193446 864942 158514 210791 415104 1165339 753076 310792 762261 1116792 102906 627402 765281
 1124947 594051 903816 978651 495873 130405 432413 934659 37063 937988 396637 1173197 1 410005 483281 892445 1250420 988605 538598 922367 609057 1059030 546809 899887 717417 861092 608157 843132 1010404 519863 987510 649844 620191 776228 977370 420353 767380 414260 929479 1001977 487407 718095 788862 704341 765014 677514 697435 76475 415810 1066628 998600 786195 135544 898512 862714 454492 144760 1130090 895175 793030
 776814 448061 760709 715235 111135 474508 170197 651101 373095 528220 214079 778026 410005 1 310057 513985 870523 722839 389713 838185 267686 721078 136813 494390 318407 453055 212838 494850 718721 488188 766057 434883 284206 373844 716477 127705 681661 176549 522828 723232 80622 339940 462081 297524 369349 555356 467549 448906 331414 660894 624496 431626 444818 725521 468737 71971 401144 748202 666866 470701
 665371 140993 464648 495405 402583 461007 478202 453003 453263 632405 109805 774581 483281 310057 1 743519 819280 505332 80219 530205 218285 594778 355184 562276 390572 545324 312478 758312 529171 198590 511305 167285 575760 571183 494201 182594 372114 134546 594390 519124 351444 341841 334546 491449 415724 247677 214300 471353 90711 712163 573058 359541 423416 440796 490335 375419 377320 707623 415578 752934
 765754 844911 1076141 894641 406971 979521 465010 818178 858147 294714 690068 589867 892445 513985 743519 1 730638 896357 805741 1192411 552079 753894 400614 359542 395700 319866 434545 111828 849685 942109 991834 777228 279930 177223 899425 595610 1062093 644196 354853 875447 435614 475356 633781 252732 410201 937403 780000 946190 803719 431667 587217 560207 953060 1018312 434199 450062 911900 633805 910283 188301
 201306 799049 782238 499067 840598 1265668 968906 463428 1214378 444405 867411 143488 1250420 870523 819280 730638 1 491249 814055 917780 642398 267936 751753 414327 555454 465943 657692 837091 417909 946084 604516 699181 872880 647625 505656 830102 879674 840120 400391 454656 814948 534669 485309 660819 503299 815510 658748 1263121 909737 299240 252033 467604 1228564 715977 405255 863943 1180218 122369 595830 902646
 289944 412909 291530 10941 759546 956851 880254 79671 958416 634242 600181 540274 988605 722839 505332 896357 491249 1 457101 426547 459042 228595 669129 550847 525675 580091 561258 968739 73761 544161 117352 339295 883044 735796 15820 619875 405930 598326 568352 36594 711619 449166 281404 691916 494047 379065 291282 973320 578950 593318 362539 345870 919900 226562 465109 757955 876479 438055 119959 1003686
 647007 62005 387570 446647 479656 499751 558278 414180 511263 671442 188206 783276 538598 389713 80219 805741 814055 457101 1 449995 262017 574296 426511 595953 436077 585199 371327 827035 490187 147817 448959 122384 651139 630748 444568 262046 292052 214726 627525 475314 427844 376591 331429 553017 453509 167625 170313 517441 123206 736406 575814 371762 462822 368102 516918 454024 419846 708293 357185 825439
 716481 390226 136969 418769 921082 838352 1007655 464920 904589 983445 636769 957886 922367 838185 530205 1192411 917780 426547 449995 1 649884 653001 854876 897431 796948 909522 773979 1236165 499927 404431 316616 423135 1085564 1016127 412158 710631 160960 664605 922989 463135 868315 718371 576444 948978 789477 282903 412988 876037 542212 984102 761643 649638 808650 204812 805929 899610 780760 857876 330883 1247891
 521362 294116 546377 452114 302779 625884 421215 385058 573460 414221 229339 576691 609057 267686 218285 552079 642398 459042 262017 649884 1 460394 217587 344626 174358 327187 124166 586958 451274 407516 514411 227720 445656 375085 453936 190549 511623 198078 376809 457080 253257 125687 195117 301906 197551 385621 239937 620995 302128 498680 390367 177435 589304 498239 277504 298934 540757 523445 417266 598677
 73748 549775 516590 235208 723742 1054345 853476 195645 1024920 466525 663344 313830 1059030 721078 594778 753894 267936 228595 574296 653001 460394 1 629073 394353 444843 436651 520588 842797 155028 695408 345228 453657 807623 617177 241896 649074 612126 645615 401709 192503 685116 389295 270391 596238 398051 553753 408903 1059777 682227 388949 169215 289620 1016732 449630 328752 735201 969608 210984 328060 891823
 677527 475767 759358 663078 94698 608140 224640 592136 509906 391717 290066 650952 546809 136813 355184 400614 751753 669129 426511 854876 217587 629073 1 361840 196638 318376 110197 403777 652020 551426 731141 433141 231070 244544 665503 195044 707375 244371 389117 662984 64222 239837 391366 164740 248900 578704 453448 584678 405782 527391 513143 343558 577083 714084 346561 112195 531893 629632 634582 398967
 409303 613053 768966 550716 441244 943581 564590 476078 862835 86255 563217 295240 899887 494390 562276 359542 414327 550847 595953 897431 344626 394353 361840 1 185770 51632 293711 451128 497333 743767 655485 521916 458584 237302 556148 494722 791856 523572 32208 526119 425873 220702 321273 247355 147681 681293 506202 928571 646640 166782 228562 249794 909088 705048 91542 471159 861187 299261 585671 506050
 487085 464586 680840 521864 287986 757953 418151 446018 680441 244129 379687 459705 717417 318407 390572 395700 555454 525675 436077 796948 174358 444843 196638 185770 1 157489 109274 450026 493516 581872 608798 386643 365636 220900 525668 308953 670349 338834 217159 511743 259504 80676 247549 166429 52264 548763 385337 743756 470050 350925 317533 179922 723359 624182 150860 308701 675429 433213 521184 478840
 455992 607294 784109 579132 394228 909730 515766 503316 824034 87111 536950 345440 861092 453055 545324 319866 465943 580091 585199 909522 327187 436651 318376 51632 157489 1 260258 406234 530599 732525 680674 520475 406955 187036 584251 463093 796839 495522 71898 557471 381870 209228 334138 196288 131803 681934 509440 892570 626705 209530 274256 260115 875918 721841 115149 425751 828430 350706 605862 458269
 571265 411139 669886 555560 204439 650179 333149 483575 571189 344177 281501 567516 608157 212838 312478 434545 657692 561258 371327 773979 124166 520588 110197 293711 109274 260258 1 463626 542242 510278 627940 351389 326315 259597 558236 202907 634176 238006 324465 553972 164739 131707 281936 181978 157895 507114 363771 634930 382555 459732 412723 233613 616015 620304 257014 214959 568366 535365 533087 474577
 860386 872127 1126685 966037 383754 940567 410738 889448 810736 395664 690685 697715 843132 494850 758312 111828 837091 968739 827035 1236165 586958 842797 403777 451128 450026 406234 463626 1 927458 955180 1057699 814672 223875 232945 970368 594650 1097775 645766 451277 950650 423166 530588 696407 288081 475113 970432 823727 902701 808202 539208 679522 625309 917240 1072379 516335 425002 879350 736362 971197 78933
 216672 452590 364387 81163 744838 987564 869491 76308 978748 578470 616269 467660 1010404 718721 529171 849685 417909 73761 490187 499927 451274 155028 652020 497333 493516 530599 542242 927458 1 590870 190245 368554 856892 695218 87770 624689 472109 608945 512255 37475 699364 421445 260859 657819 456675 432842 320122 1000403 608781 527125 296749 315041 950206 298556 415638 747411 905297 365158 183660 966913
 769091 147039 389073 533239 590086 447297 647352 518039 500676 818948 274177 924360 519863 488188 198590 942109 946084 544161 147817 404431 407516 695408 551426 743767 581872 732525 510278 955180 590870 1 505623 247429 765627 769479 529662 366847 247540 314931 775340 569131 541202 524235 470797 689975 600963 173598 287759 478997 158047 883178 714945 516811 414259 395430 664388 558173 381245 845179 429708 946537
 403664 394661 187073 112577 816898 940727 930586 180452 960126 740380 615625 657577 987510 766057 511305 991834 604516 117352 448959 316616 514411 345228 731141 655485 608798 680674 627940 1057699 190245 505623 1 346148 954019 825545 106050 652276 324316 622475 675181 152791 766404 529178 361409 774673 583482 332339 303882 963370 571757 708020 477650 432792 904946 131059 566965 809635 864733 555260 99291 1087067
 526802 100838 328366 329160 504934 619436 604324 292366 620317 603302 269479 678479 649844 434883 167285 777228 699181 339295 122384 423135 227720 453657 433141 521916 386643 520475 351389 814672 368554 247429 346148 1 664205 600018 327676 313071 284866 278299 551966 355224 452172 314042 225524 529092 390707 162359 48524 634274 240628 647677 468346 279612 582201 290667 435762 488559 537959 597831 249056 824781
 843421 703414 990138 878054 175968 716746 188116 804118 587355 442829 493036 748386 620191 284206 575760 279930 872880 883044 651139 1085564 445656 807623 231070 458584 365636 406955 326315 223875 856892 765627 954019 664205 1 232191 881148 398796 936547 450751 473928 872596 224704 435568 601658 215212 409742 807867 683881 678908 611751 598510 664767 541857 693748 943771 487409 212261 656551 756913 859400 187274
 641411 668442 901590 733102 280732 848302 377580 656508 740101 210856 526300 518694 776228 373844 571183 177223 647625 735796 630748 1016127 375085 617177 244544 237302 220900 187036 259597 232945 695218 769479 825545 600018 232191 1 737451 434847 884883 480528 247317 717905 293270 301406 464679 81652 242338 760228 603378 821137 636148 366702 459526 392826 818579 845063 288475 321739 774387 535730 740485 274728
 304387 399470 276754 6694 755293 944260 875064 81249 947433 640067 590223 552519 977370 716477 494201 899425 505656 15820 444568 412158 453936 241896 665503 556148 525668 584251 558236 970368 87770 529662 106050 327676 881148 737451 1 611935 390120 589346 574357 51358 706914 448365 279951 692059 495344 363921 279940 961264 566748 602537 371943 346226 907383 211397 469498 752842 864205 450557 104308 1004178
 711443 320438 635656 611434 223302 449481 297123 552984 384281 546967 96038 755455 420353 127705 182594 595610 830102 619875 262046 710631 190549 649074 195044 494722 308953 463093 202907 594650 624689 366847 652276 313071 398796 434847 611935 1 553958 51981 526027 624531 174686 298646 380060 353289 351933 427754 349578 438156 214190 659204 578389 367869 414549 603185 446695 193369 366516 709760 553080 580901
 682623 234407 158597 395812 768560 690190 850307 416505 748042 876195 477168 896198 767380 681661 372114 1062093 879674 405930 292052 160960 511623 612126 707375 791856 670349 796839 634176 1097775 472109 247540 324316 284866 936547 884883 390120 553958 1 506647 819950 439817 716095 595298 473867 813483 670303 128701 287569 724795 381263 898239 689396 542307 658707 193929 701842 744961 627872 801775 288453 1104304
 710813 274713 594668 589368 275161 428326 343715 535284 379590 580957 45909 773296 414260 176549 134546 644196 840120 598326 214726 664605 198078 645615 244371 523572 338834 495522 238006 645766 608945 314931 622475 278299 450751 480528 589346 51981 506647 1 555392 605807 226649 317017 375227 398882 377670 381851 318595 423024 162555 685509 588153 373338 392049 565632 468438 244310 343508 721497 523861 632801
 410916 643867 793419 568747 466080 974580 587523 495080 892418 66225 595216 275274 929479 522828 594390 354853 400391 568352 627525 922989 376809 401709 389117 32208 217159 71898 324465 451277 512255 775340 675181 551966 473928 247317 574357 526027 819950 555392 1 542302 452883 252718 347793 266579 179878 710682 535137 959044 678839 138275 233291 277650 940224 728872 118128 497273 892396 289348 608143 509879
 253352 434240 328012 44980 754718 974513 877514 72132 971055 608420 610356 504962 1001977 723232 519124 875447 454656 36594 475314 463135 457080 192503 662984 526119 511743 557471 553972 950650 37475 569131 152791 355224 872596 717905 51358 624531 439817 605807 542302 1 707954 437254 272171 677271 477429 407158 306744 989242 595815 561875 331147 332002 937344 262753 442323 755200 893175 402530 151977 987926
 735900 481930 780521 704941 52855 555035 170325 636321 450721 453495 269989 715126 487407 80622 351444 435614 814948 711619 427844 868315 253257 685116 64222 425873 259504 381870 164739 423166 699364 541202 766404 452172 224704 293270 706914 174686 716095 226649 452883 707954 1 296442 438739 217664 311710 587776 478148 528695 388631 591134 574510 396955 525439 739440 409977 50251 481687 692717 668342 406321
 439635 398267 600802 444834 334532 744833 464186 369730 681657 294945 352246 457152 718095 339940 341841 475356 534669 449166 376591 718371 125687 389295 239837 220702 80676 209228 131707 530588 421445 524235 529178 314042 435568 301406 448365 298646 595298 317017 252718 437254 296442 1 168769 245504 77541 476330 308543 736345 427402 373029 285384 106700 708843 543677 152343 346665 660339 413137 440729 557906
 336528 325872 449972 276621 483982 788493 608994 202550 754611 407102 393999 453573 788862 462081 334546 633781 485309 281404 331429 576444 195117 270391 391366 321273 247549 334138 281936 696407 260859 470797 361409 225524 601658 464679 279951 380060 473867 375227 347793 272171 438739 168769 1 413773 223648 371963 196211 791467 424710 427383 244575 74477 750983 388149 229974 487134 703271 376955 276508 726274
 629223 592937 838604 688216 213224 771642 324597 612246 667825 249099 444664 541562 704341 297524 491449 252732 660819 691916 553017 948978 301906 596238 164740 247355 166429 196288 181978 288081 657819 689975 774673 529092 215212 81652 692059 353289 813483 398882 266579 677271 217664 245504 413773 1 201887 687412 536154 746296 554928 399419 449786 346048 741151 784580 272558 251466 696321 543225 685683 312503
 437511 475804 668561 491094 339973 801382 469977 414575 728130 217991 416330 409622 765014 369349 415724 410201 503299 494047 453509 789477 197551 398051 248900 147681 52264 131803 157895 475113 456675 600963 583482 390707 409742 242338 495344 351933 670303 377670 179878 477429 311710 77541 223648 201887 1 552789 382868 789068 499208 307937 265856 150704 766242 609150 99389 360960 718030 381024 500146 510534
 627048 107325 227577 368147 640334 616275 724753 364694 654325 763842 355520 814218 677514 555356 247677 937403 815510 379065 167625 282903 385621 553753 578704 681293 548763 681934 507114 970432 432842 173598 332339 162359 807867 760228 363921 427754 128701 381851 710682 407158 587776 476330 371963 687412 552789 1 176464 644023 271187 799290 603848 434630 581846 223698 593345 617495 545176 725680 261095 975912
 482372 141117 306563 281247 530462 667960 635479 243986 667562 589688 313453 644631 697435 467549 214300 780000 658748 291282 170313 412988 239937 408903 453448 506202 385337 509440 363771 823727 320122 287759 303882 48524 683881 603378 279940 349578 287569 318595 535137 306744 478148 308543 196211 536154 382868 176464 1 682628 289146 623138 433868 258349 630721 261382 417454 517280 586431 560686 205400 838293
 1127845 568774 867294 963046 543409 54397 492835 924166 96251 972333 397811 1193446 76475 448906 471353 946190 1263121 973320 517441 876037 620995 1059777 584678 928571 743756 892570 634930 902701 1000403 478997 963370 634274 678908 821137 961264 438156 724795 423024 959044 989242 528695 736345 791467 746296 789068 644023 682628 1 394598 1094622 1011173 795979 69020 867251 884772 500869 98949 1144431 874191 855961
 753503 178770 498327 568615 435793 378844 489306 532491 389223 713753 118745 864942 415810 331414 90711 803719 909737 578950 123206 542212 302128 682227 405782 646640 470050 626705 382555 808202 608781 158047 571757 240628 611751 636148 566748 214190 381263 162555 678839 595815 388631 427402 424710 554928 499208 271187 289146 394598 1 799524 663768 450026 341578 485799 577684 402177 297544 798327 480391 794950
 372710 744781 849559 596237 603424 1108605 723013 529975 1029579 155874 723445 158514 1066628 660894 712163 431667 299240 593318 736406 984102 498680 388949 527391 166782 350925 209530 459732 539208 527125 883178 708020 647677 598510 366702 602537 659204 898239 685509 138275 561875 591134 373029 427383 399419 307937 799290 623138 1094622 799524 1 230808 368281 1073744 782460 221876 635280 1025638 213688 656883 606999
 181904 569149 625574 365599 605471 1014325 735684 301143 962650 297550 616065 210791 998600 624496 573058 587217 252033 362539 575814 761643 390367 169215 513143 228562 317533 274256 412723 679522 296749 714945 477650 468346 664767 459526 371943 578389 689396 588153 233291 331147 574510 285384 244575 449786 265856 603848 433868 1011173 663768 230808 1 216503 977335 557861 177383 624426 928914 134811 431503 732453
 346252 376602 524165 342269 438029 798088 566503 266200 750737 334945 399815 415104 786195 431626 359541 560207 467604 345870 371762 649638 177435 289620 343558 249794 179922 260115 233613 625309 315041 516811 432792 279612 541857 392826 346226 367869 542307 373338 277650 332002 396955 106700 74477 346048 150704 434630 258349 795979 450026 368281 216503 1 761022 462603 159572 446770 712646 351143 350287 657963
 1086154 511277 803233 909463 546556 37622 512028 873900 141094 958017 361273 1165339 135544 444818 423416 953060 1228564 919900 462822 808650 589304 1016732 577083 909088 723359 875918 616015 917240 950206 414259 904946 582201 693748 818579 907383 414549 658707 392049 940224 937344 525439 708843 750983 741151 766242 581846 630721 69020 341578 1073744 977335 761022 1 805488 859546 503464 48554 1111539 817728 875423
 515021 307810 67911 217808 791816 839972 894750 260108 873896 791298 550008 753076 898512 725521 440796 1018312 715977 226562 368102 204812 498239 449630 714084 705048 624182 721841 620304 1072379 298556 395430 131059 290667 943771 845063 211397 603185 193929 565632 728872 262753 739440 543677 388149 784580 609150 223698 261382 867251 485799 782460 557861 462603 805488 1 613699 777863 768330 653193 126407 1092661
 356961 529534 677470 464306 435680 895200 564724 388739 825921 177740 504477 310792 862714 468737 490335 434199 405255 465109 516918 805929 277504 328752 346561 91542 150860 115149 257014 516335 415638 664388 566965 435762 487409 288475 469498 446695 701842 468438 118128 442323 409977 152343 229974 272558 99389 593345 417454 884772 577684 221876 177383 159572 859546 613699 1 458754 811128 283317 494978 563186
 786149 510618 816562 751046 43113 530993 122338 683378 418381 494170 284080 762261 454492 71971 375419 450062 863943 757955 454024 899610 298934 735201 112195 471159 308701 425751 214959 425002 747411 558173 809635 488559 212261 321739 752842 193369 744961 244310 497273 755200 50251 346665 487134 251466 360960 617495 517280 500869 402177 635280 624426 446770 503464 777863 458754 1 461852 741805 711085 398935
 1038757 470256 768911 866125 504956 85465 477894 828995 137454 910878 312853 1116792 144760 401144 377320 911900 1180218 876479 419846 780760 540757 969608 531893 861187 675429 828430 568366 879350 905297 381245 864733 537959 656551 774387 864205 366516 627872 343508 892396 893175 481687 660339 703271 696321 718030 545176 586431 98949 297544 1025638 928914 712646 48554 768330 811128 461852 1 1063076 776083 839987
 170779 698592 720921 443873 718937 1148441 847640 393427 1093894 340698 750289 102906 1130090 748202 707623 633805 122369 438055 708293 857876 523445 210984 629632 299261 433213 350706 535365 736362 365158 845179 555260 597831 756913 535730 450557 709760 801775 721497 289348 402530 692717 413137 376955 543225 381024 725680 560686 1144431 798327 213688 134811 351143 1111539 653193 283317 741805 1063076 1 528181 798115
 396362 306587 194248 109292 719174 854090 831779 134779 866860 671713 518253 627402 895175 666866 415578 910283 595830 119959 357185 330883 417266 328060 634582 585671 521184 605862 533087 971197 183660 429708 99291 249056 859400 740485 104308 553080 288453 523861 608143 151977 668342 440729 276508 685683 500146 261095 205400 874191 480391 656883 431503 350287 817728 126407 494978 711085 776083 528181 1 997284
 914255 874287 1144019 1000228 360839 896534 363730 924036 762112 458606 676296 765281 793030 470701 752934 188301 902646 1003686 825439 1247891 598677 891823 398967 506050 478840 458269 474577 78933 966913 946537 1087067 824781 187274 274728 1004178 580901 1104304 632801 509879 987926 406321 557906 726274 312503 510534 975912 838293 855961 794950 606999 732453 657963 875423 1092661 563186 398935 839987 798115 997284 1
LAMBDA_SECTION
1 447
2 818
3 700
4 276
5 517
6 308
7 20
8 792
9 575
10 127
11 684
12 300
13 415
14 280
15 964
16 504
17 957
18 46
19 291
20 984
21 449
22 425
23 577
24 391
25 487
26 959
27 817
28 933
29 741
30 339
31 891
32 228
33 100
34 977
35 692
36 367
37 876
38 819
39 364
40 441
41 727
42 254
43 502
44 229
45 103
46 363
47 278
48 567
49 9
50 436
51 830
52 820
53 449
54 130
55 507
56 129
57 862
58 985
59 138
60 612
