NAME : domp70p23v3
COMMENT : Cherkesly, Contardo & Gruson 2022
TYPE : DOMP
DIMENSION : 70
DISPLAY_DATA_TYPE : NO_DISPLAY
OPEN_FACILITIES : 23
COST_SECTION
 1 524802 619900 321144 558405 775603 1033104 372029 330301 760087 582455 956195 668742 607344 538802 744510 18774 748102 624552 998405 306131 307358 151441 657636 910484 601809 85313 358082 991213 1050361 250660 793782 888701 158720 988850 437714 20361 393293 946339 499369 820049 534138 568443 682644 705388 384899 538355 954596 333543 637878 329251 700083 862938 504008 350240 226838 750740 484906 445547 783196 379366 515301 684893 604292 193537 468280 291058 640861 620600 774282
 524802 1 661138 205655 396108 283340 519000 634208 194578 240969 637187 589087 590977 82689 274806 238831 534966 278034 99753 497948 741824 218267 383736 430156 653530 532630 439660 702100 545539 533870 321805 589984 467029 366136 465328 87182 521978 143085 423595 511778 297677 537142 727914 244818 577420 729503 407370 440031 196767 249700 628345 204530 437933 401647 276568 691888 269828 181347 563215 751041 321953 227421 610801 83114 363901 171385 725776 530766 706895 609231
 619900 661138 1 570516 283801 921741 920286 291159 590123 844747 37449 594176 144577 699570 404350 704821 638281 639794 714415 849390 506614 575892 539793 324510 437331 150692 600981 378644 731077 944064 469350 319100 631098 588395 942369 621232 599922 562742 902195 155289 874514 124834 147712 905808 207267 380022 262628 863894 630708 906224 337260 850430 622473 954583 758062 541791 658900 480993 174397 168051 818531 841478 141848 680475 672575 768888 502109 186982 61769 269062
 321144 205655 570516 1 367838 474845 713194 466724 20565 445313 539010 692674 545072 287463 286676 425181 332504 437544 305067 682089 544189 15496 178125 444117 699959 476430 236774 519925 694527 729962 132790 605448 599318 163733 667820 118809 317163 74704 625222 415595 503173 448773 599239 403175 554068 548642 363567 634434 60194 377278 451152 396092 571449 385514 192535 489353 437232 197971 432678 697222 254326 282561 565034 283390 185495 212368 527877 494035 602656 606596
 558405 396108 283801 367838 1 641743 655237 399007 383158 561988 270095 417155 194879 422705 124301 422074 576533 361711 436315 590342 596130 378883 425508 101466 353058 139841 502988 496066 504936 678397 324657 243143 397126 457736 666224 376438 542544 330981 624747 168096 590720 174404 391345 636598 188708 513541 29629 592443 423245 645751 423435 573151 380337 743434 558471 591114 379454 216443 263839 354938 620018 601446 214755 402729 525059 530939 584576 135273 339587 238947
 775603 283340 921741 474845 641743 1 403966 917466 458975 96866 901976 680147 830230 223930 518186 271592 782242 357379 207948 429136 1018783 484324 648804 643954 809767 781541 691354 984806 562763 406505 600890 783267 533659 620285 308259 360368 776860 423455 284339 780044 126871 801278 1002682 121206 802695 1012419 659787 342074 444772 187053 911475 79316 509449 455801 452764 963499 335871 446320 840976 987240 463873 299078 848761 241895 591345 315824 1002518 768518 972511 816186
 1033104 519000 920286 713194 655237 403966 1 1036335 706849 337763 916141 432590 787904 438733 568823 288668 1045292 304696 424538 79434 1199944 727731 884315 595777 622918 770459 949650 1125828 258167 24012 799735 661880 311877 876908 105357 602168 1027255 639918 119627 823213 281581 827759 1044466 516928 736050 1148178 683589 79024 715075 580357 1049083 427545 309026 842740 783003 1167632 294009 567922 915021 914755 814816 666323 800361 435938 882731 651220 1185375 734653 981091 711967
 372029 634208 291159 466724 399007 917466 1036335 1 486806 863664 257079 805437 395728 699940 467518 770527 388367 732326 717820 978150 218863 464019 350982 490482 689496 349837 384019 99098 903921 1058348 334719 563907 796005 403325 1029180 563542 351847 498225 985624 246837 909978 265868 200323 864200 452298 114538 369480 966593 519323 843427 47893 838733 778428 808627 616840 251222 745368 488844 146326 458100 669057 746356 404403 686195 488020 678258 212584 399654 269998 524818
 330301 194578 590123 20565 383158 458975 706849 486806 1 432441 558829 698978 562521 277050 297620 419722 340803 436085 294324 677847 560927 25377 191143 456955 711528 494203 245278 538989 695664 723145 152483 619090 602135 171769 658849 107428 327442 74623 616576 435079 491139 468032 619764 384775 570189 567790 379918 627934 41151 357658 470715 380553 573992 366866 175637 504574 434726 205364 453152 715462 237390 262013 582539 274319 183749 191953 544571 510743 622734 621540
 760087 240969 844747 445313 561988 96866 337763 863664 432441 1 827220 583646 746227 164799 440547 175080 768850 261028 146596 349960 982132 457033 623260 556071 713760 701037 674804 937218 470976 344903 562123 690676 437456 601735 255082 326599 758813 383731 221545 708324 63012 727023 934005 183557 715422 963864 582126 267388 426780 244196 862079 89851 412920 505092 463655 932851 239345 379925 776245 901329 486890 331077 764242 177472 586178 326324 966162 684673 897735 725337
 582455 637187 37449 539010 270095 901976 916141 257079 558829 827220 1 604731 158054 678867 386893 692151 600833 630239 694177 846822 474092 543866 503455 321827 456450 146785 563977 347063 735144 939767 434896 334984 633039 552407 934108 593952 562474 534251 893263 126476 859159 100736 134467 882002 220918 350163 246424 857489 599157 880354 302478 829464 622771 922041 725177 506866 648667 458402 136950 204502 785339 812429 159871 660202 636923 739844 469004 189818 70567 287509
 956195 589087 594176 692674 417155 680147 432590 805437 698978 583646 604731 1 449603 549980 419066 413526 973217 333257 549854 353610 1011232 707630 810708 317731 199911 466173 888791 904372 177753 454771 707411 280822 147299 829640 506918 631852 942701 625879 484570 559286 566970 546060 738831 746115 387100 918456 444547 417670 729015 789250 835304 650554 170727 990509 849240 1008256 351750 494771 661104 532526 903010 812153 453996 531969 876364 760470 1000272 417646 654782 334762
 668742 590977 144577 545072 194879 830230 787904 395728 562521 746227 158054 449603 1 614824 317744 593129 687516 520765 627576 714738 614324 553938 560784 197583 299376 70286 632049 491977 588982 811854 471867 176940 491330 602862 817762 568529 650058 518715 779280 170613 768731 138410 290300 830682 63082 499114 186988 735885 603563 840629 436314 764281 484762 928253 737602 635382 541314 411053 253122 160065 799384 793707 20205 594442 680452 722395 607107 61714 205497 130912
 607344 82689 699570 287463 422705 223930 438733 699940 277050 164799 678867 549980 614824 1 298411 166794 617612 222552 18277 422038 818271 300446 465240 437872 638173 562343 522251 772503 485833 452880 398633 589615 417657 448725 382712 169631 604292 221359 341148 556298 217829 578132 778808 220131 593082 799240 438851 359986 279006 246708 697508 150899 388979 448010 348088 770835 209584 222396 617724 773850 387182 265643 633979 21061 445465 226381 802384 553318 749334 615613
 538802 274806 404350 286676 124301 518186 568823 467518 297620 440547 386893 419066 317744 298411 1 311794 555422 265064 312135 512099 639843 300359 391803 163650 413999 263976 469767 557770 461840 590844 288801 327605 355399 411270 565780 266599 526231 232968 522862 271291 472825 287159 498896 512942 302808 579574 141792 499586 334183 524307 481321 448935 332014 641266 466849 618872 279086 101958 351835 477589 526811 488385 337283 278485 463608 420122 626271 256795 457336 339159
 744510 238831 704821 425181 422074 271592 288668 770527 419722 175080 692151 413526 593129 166794 311794 1 756841 86004 158133 259623 919732 439908 595670 397291 538828 556030 661268 854647 323917 306555 512564 520809 270332 588754 259553 317239 738587 351494 215721 582094 178821 594905 809616 333540 555885 878825 446420 210547 430871 380956 777769 237126 243763 610292 513412 883105 64283 286630 663025 743045 553920 427132 609871 157455 598665 392922 904693 532743 761597 558581
 18774 534966 638281 332504 576533 782242 1045292 388367 340803 768850 600833 973217 687516 617612 555422 756841 1 761964 634658 1011564 314165 318399 166263 675582 928771 620570 95731 371445 1006565 1062317 266894 812273 904446 169069 999647 448055 38360 405379 957313 518134 829201 552889 585470 687406 724105 397819 556661 966662 342071 641319 345019 707313 878527 499804 351705 233461 764225 499856 463904 801761 377987 517822 703664 615091 195933 472900 299484 659564 638518 792942
 748102 278034 639794 437544 361711 357379 304696 732326 436085 261028 630239 333257 520765 222552 265064 86004 761964 1 219633 254349 896367 452924 596903 323283 452825 489425 667751 821193 267526 326266 505185 437721 195535 597567 304548 343226 739967 362942 263109 527270 261974 536114 752929 413291 479549 843719 388369 234550 454606 456203 744419 318970 167204 670211 553568 866883 22338 268401 614807 666485 599961 488172 536536 207072 619451 444879 882006 461779 698370 477418
 624552 99753 714415 305067 436315 207948 424538 717820 294324 146596 694177 549854 627576 18277 312135 158133 634658 219633 1 410190 836538 317904 482969 448327 643472 576096 539397 790652 479950 438186 416872 598110 415163 465877 366341 186908 621692 239464 325128 572103 199644 593456 795216 211451 604510 817354 453125 346024 295246 242430 715604 136857 386736 453224 360190 788987 205190 238781 634628 786226 397398 270229 646592 33975 461118 235225 820648 565973 764689 625336
 998405 497948 849390 682089 590342 429136 79434 978150 677847 349960 846822 353610 714738 422038 512099 259623 1011564 254349 410190 1 1149244 697105 847907 525275 543505 700453 916484 1069753 180985 102580 758583 584381 233393 844845 164041 576694 991201 607657 158061 758373 302413 760908 976741 533404 661479 1091116 619244 89058 690341 593713 993399 438592 232320 847941 770096 1121118 248443 522597 852542 838346 807004 667311 726550 415536 858030 643757 1135097 662943 910578 635034
 306131 741824 506614 544189 596130 1018783 1199944 218863 560927 982132 474092 1011232 614324 818271 639843 919732 314165 896367 836538 1149244 1 535581 377586 693599 905905 565882 364542 129170 1095099 1220529 420060 780276 986898 418859 1178387 659200 291673 598739 1134501 459441 1035759 482105 392310 943641 669963 136672 567672 1125776 581392 909011 179170 939777 966569 807369 638713 82956 905949 633483 362637 670900 677037 794520 623248 808787 485247 736407 16460 615206 477153 742759
 307358 218267 575892 15496 378883 484324 727731 464019 25377 457033 543866 707630 553938 300446 300359 439908 318399 452924 317904 697105 535581 1 166273 456762 713172 484940 222695 514645 710022 744368 129309 617548 614752 149417 681493 131128 303857 90011 639015 421355 515393 454977 600879 409759 564305 543520 373721 648922 56833 381645 446959 405862 586901 378977 184160 479258 452498 212867 434899 705009 245780 283130 573825 296940 170102 214240 519221 503738 606700 617794
 151441 383736 539793 178125 425508 648804 884315 350982 191143 623260 503455 810708 560784 465240 391803 595670 166263 596903 482969 847907 377586 166273 1 521172 778284 491076 78454 378081 840333 902073 103607 666814 738493 52594 843762 296920 143296 246314 800776 399463 681298 435500 523566 567297 588686 407445 409158 806131 205428 531427 321574 570910 712430 458278 270818 315609 599908 333614 372803 692524 319378 418249 578780 460253 138745 358827 361127 523973 554438 653548
 657636 430156 324510 444117 101466 643954 595777 490482 456955 556071 321827 317731 197583 437872 163650 397291 675582 323283 448327 525275 693599 456762 521172 1 258873 175213 599286 588910 419523 619562 418648 163960 314161 550055 620976 429916 642213 395614 582052 247726 574482 241769 453388 657737 159431 604483 127298 540443 495025 676543 518417 582904 301837 804911 628949 691405 344000 265436 348978 346152 689409 649838 213284 416883 612348 582701 682557 139963 385431 179175
 910484 653530 437331 699959 353058 809767 622918 689496 711528 713760 456450 199911 299376 638173 413999 538828 928771 452825 643472 543505 905905 713172 778284 258873 1 340039 855967 787513 375262 645992 676539 125644 314961 808605 686518 671532 894105 646077 658373 447356 711213 423929 585028 853147 238495 796504 372136 596721 748112 884874 726738 764880 326572 1046597 879882 917974 474744 511586 543618 344636 939028 880469 296745 617690 871056 818421 897312 290784 493732 168942
 601809 532630 150692 476430 139841 781541 770459 349837 494203 701037 146785 466173 70286 562343 263976 556030 620570 489425 576096 700453 565882 484940 491076 175213 340039 1 562972 448329 589513 794172 401594 214400 486592 532748 791692 504909 583420 452898 751595 109263 727921 83981 279675 774928 106963 458797 125265 713320 535317 781593 386724 712909 476011 860556 668869 580505 508758 351448 203681 222741 730610 729687 89478 542460 610169 657896 557421 50013 210739 179693
 85313 439660 600981 236774 502988 691354 949650 384019 245278 674804 563977 888791 632049 522251 469767 661268 95731 667751 539397 916484 364542 222695 78454 599286 855967 562972 1 391697 915258 966620 182041 743455 814412 73527 904059 352634 85699 309776 861668 467172 734736 503005 569939 600503 662656 420369 485862 870990 248390 557833 347442 615426 788012 444959 275828 291717 669529 408098 429533 758334 312544 437320 649512 519486 120718 386728 348483 597832 610123 728718
 358082 702100 378644 519925 496066 984806 1125828 99098 538989 937218 347063 904372 491977 772503 557770 854647 371445 821193 790652 1069753 129170 514645 378081 588910 787513 448329 391697 1 1000571 1147447 387676 662032 892473 427589 1114100 625886 339407 561628 1070328 345935 986412 364440 263962 922694 549731 29374 466682 1054580 566997 896201 76928 905558 874235 832904 648894 183069 833173 569506 245192 541991 695822 791153 499590 760273 506718 726530 127338 498241 347988 621889
 991213 545539 731077 694527 504936 562763 258167 903921 695664 470976 735144 177753 588982 485833 461840 323917 1006565 267526 479950 180985 1095099 710022 840333 419523 375262 589513 915258 1000571 1 279412 741473 436871 108263 848516 341867 608575 980668 621213 326725 666410 439431 661159 869044 649002 529941 1018459 534504 256257 717783 701623 926874 550847 129829 933174 820924 1079543 276918 507161 766580 693547 867417 750131 597361 472311 879292 711017 1082423 545536 792816 490288
 1050361 533870 944064 729962 678397 406505 24012 1058348 723145 344903 939767 454771 811854 452880 590844 306555 1062317 326266 438186 102580 1220529 744368 902073 619562 645992 794172 966620 1147447 279412 1 818600 685777 335554 893692 100983 617847 1044822 657070 123771 846312 286753 851117 1067897 521589 760054 1169966 706666 96018 730354 585719 1070654 434313 332966 849880 795215 1187386 314876 587922 937758 938745 825629 675024 824339 450983 897768 662270 1205881 758514 1004830 735922
 250660 321805 469350 132790 324657 600890 799735 334719 152483 562123 434896 707411 471867 398633 288801 512564 266894 505185 416872 758583 420060 129309 103607 418648 676539 401594 182041 387676 741473 818600 1 567233 638281 133592 766964 240523 239277 178740 723360 319866 616399 355470 478283 535018 494480 416238 310200 722645 184854 510052 318367 521616 612764 491960 294827 373349 510183 237735 315370 612244 353040 411954 490712 390018 208667 343543 404054 430348 493133 556817
 793782 589984 319100 605448 243143 783267 661880 563907 619090 690676 334984 280822 176940 589615 327605 520809 812273 437721 598110 584381 780276 617548 666814 163960 125644 214400 743455 662032 436871 685777 567233 1 351608 700593 709209 593654 776770 559256 675428 322020 699256 298286 466330 809437 114484 671361 257662 621763 657758 832943 601112 728653 352964 968848 792156 793123 459986 429318 417979 256754 852854 812270 177255 568573 767988 745915 771734 165271 377998 54078
 888701 467029 631098 599318 397126 533659 311877 796005 602135 437456 633039 147299 491330 417657 355399 270332 904446 195535 415163 233393 986898 614752 738493 314161 314961 486592 814412 892473 108263 335554 638281 351608 1 749289 371643 521674 877531 527529 344776 559830 419672 555880 766216 603872 434711 910538 426728 281800 627164 650023 818664 507172 29100 864330 737674 971968 211420 407153 659475 606920 787595 682989 501313 401361 784784 636935 974265 444399 692843 403053
 158720 366136 588395 163733 457736 620285 876908 403325 171769 601735 552407 829640 602862 448725 411270 588754 169069 597567 465877 844845 418859 149417 52594 550055 808605 532748 73527 427589 848516 893692 133592 700593 749289 1 830590 279108 157249 237390 788245 445060 661457 481075 575735 532611 627529 456895 443768 798164 176010 492905 373104 543732 722379 406690 222358 351810 598616 342138 423358 738505 268430 375867 621319 446027 86428 320518 402467 563179 604874 690363
 988850 465328 942369 667820 666224 308259 105357 1029180 658849 255082 934108 506918 817762 382712 565780 259553 999647 304548 366341 164041 1178387 681493 843762 620976 686518 791692 904059 1114100 341867 100983 766964 709209 371643 830590 1 551747 984883 597456 43899 831612 193778 840624 1057477 425636 770960 1138117 692900 89885 661579 490610 1037202 342571 361301 757142 715038 1139526 287700 546003 917424 954956 741271 585983 832098 384576 827086 579302 1163206 760888 1001658 756124
 437714 87182 621232 118809 376438 360368 602168 563542 107428 326599 593952 631852 568529 169631 266599 317239 448055 343226 186908 576694 659200 131128 296920 429916 671532 504909 352634 625886 608575 617847 240523 593654 521674 279108 551747 1 434797 65401 509673 467479 384392 496420 673254 301290 564237 653904 381563 523151 113648 288443 553843 281103 492811 375852 217472 606956 338916 164646 506264 727209 271902 225205 588707 167531 281435 154577 643019 511110 661922 605369
 20361 521978 599922 317163 542544 776860 1027255 351847 327442 758813 562474 942701 650058 604292 526231 738587 38360 739967 621692 991201 291673 303857 143296 642213 894105 583420 85699 339407 980668 1044822 239277 776770 877531 157249 984883 434797 1 388110 942154 480420 818257 515049 548103 686094 687367 366496 521997 948939 333192 642802 309282 700699 852038 516470 357684 213946 743164 475283 425544 763474 389486 521337 666064 600549 200851 472140 276295 622937 600327 756581
 393293 143085 562742 74704 330981 423455 639918 498225 74623 383731 534251 625879 518715 221359 232968 351494 405379 362942 239464 607657 598739 90011 246314 395614 646077 452898 309776 561628 621213 657070 178740 559256 527529 237390 597456 65401 388110 1 554466 408017 439067 438259 609686 366662 519679 589471 332360 561332 103754 352149 489081 344147 499371 412575 233937 549568 362529 135248 442439 675634 293888 278940 538912 214668 258080 206439 582693 463418 601342 566018
 946339 423595 902195 625222 624747 284339 119627 985624 616576 221545 893263 484570 779280 341148 522862 215721 957313 263109 325128 158061 1134501 639015 800776 582052 658373 751595 861668 1070328 326725 123771 723360 675428 344776 788245 43899 509673 942154 554466 1 789547 162997 799134 1015796 398038 733708 1094402 651144 71030 620153 461997 993438 310699 331883 726259 676995 1095798 245565 502117 874631 918609 705058 552298 793990 342263 786219 542303 1119326 721786 961159 721279
 499369 511778 155289 415595 168096 780044 823213 246837 435079 708324 126476 559286 170613 556298 271291 582094 518134 527270 572103 758373 459441 421355 399463 247726 447356 109263 467172 345935 666410 846312 319866 322020 559830 445060 831612 467479 480420 408017 789547 1 743478 36045 227642 756508 216162 359194 139660 759607 475781 754000 280495 706334 545041 800295 604295 471503 544002 334514 101874 293448 665147 686499 185809 538179 526790 613903 450342 156833 195259 288956
 820049 297677 874514 503173 590720 126871 281581 909978 491139 63012 859159 566970 768731 217829 472825 178821 829201 261974 199644 302413 1035759 515393 681298 574482 711213 727921 734736 986412 439431 286753 616399 699256 419672 661457 193778 384392 818257 439067 162997 743478 1 759904 970578 235351 733599 1012532 612824 216006 487285 299014 910633 148797 397674 563837 526663 988620 239638 422316 816294 920609 549556 392411 785990 227153 648082 389309 1019929 707739 929371 737402
 534138 537142 124834 448773 174404 801278 827759 265868 468032 727023 100736 546060 138410 578132 287159 594905 552889 536114 593456 760908 482105 454977 435500 241769 423929 83981 503005 364440 661159 851117 355470 298286 555880 481075 840624 496420 515049 438259 799134 36045 759904 1 217123 781937 188574 375357 148538 766321 508900 781523 302996 728737 542755 833942 638368 498612 553765 357837 119711 257449 699400 717132 152319 559481 562667 644565 473835 133807 171235 261630
 568443 727914 147712 599239 391345 1002682 1044466 200323 619764 934005 134467 738831 290300 778808 498896 809616 585470 752929 795216 976741 392310 600879 523566 453388 585028 279675 569939 263962 869044 1067897 478283 466330 766216 575735 1057477 673254 548103 609686 1015796 227642 970578 217123 1 970685 353375 257185 364656 983438 657686 961624 247510 927341 755119 969548 772859 442941 770282 556450 167407 288946 829940 880791 289243 761497 662160 809121 391295 324146 95185 416736
 682644 244818 905808 403175 636598 121206 516928 864200 384775 183557 882002 746115 830682 220131 512942 333540 687406 413291 211451 533404 943641 409759 567297 657737 853147 774928 600503 922694 649002 521589 535018 809437 603872 532611 425636 301290 686094 366662 398038 756508 235351 781937 970685 1 811821 951225 649951 449682 362296 65875 852502 98155 577164 334637 345340 882596 394366 425161 804746 990441 349112 183384 850179 241188 492683 214509 927208 769605 951676 835721
 705388 577420 207267 554068 188708 802695 736050 452298 570189 715422 220918 387100 63082 593082 302808 555885 724105 479549 604510 661479 669963 564305 588686 159431 238495 106963 662656 549731 529941 760054 494480 114484 434711 627529 770960 564237 687367 519679 733708 216162 733599 188574 353375 811821 1 558155 190585 687174 610678 826530 491092 740159 429979 932059 745800 686912 500831 401837 307371 187180 807496 788745 67601 572274 701372 718812 662049 64834 267683 73063
 384899 729503 380022 548642 513541 1012419 1148178 114538 567790 963864 350163 918456 499114 799240 579574 878825 397819 843719 817354 1091116 136672 543520 407445 604483 796504 458797 420369 29374 1018459 1169966 416238 671361 910538 456895 1138117 653904 366496 589471 1094402 359194 1012532 375357 257185 951225 558155 1 484008 1077521 596063 925128 101902 933208 892889 862052 678256 200285 856114 594420 257505 540468 725084 820401 505642 786738 535802 755636 138295 508808 345128 629681
 538355 407370 262628 363567 29629 659787 683589 369480 379918 582126 246424 444547 186988 438851 141792 446420 556661 388369 453125 619244 567672 373721 409158 127298 372136 125265 485862 466682 534504 706666 310200 257662 426728 443768 692900 381563 521997 332360 651144 139660 612824 148538 364656 649951 190585 484008 1 620075 420580 656366 394320 589690 409961 743482 555554 564121 405627 226194 234356 345933 617303 606725 207178 419301 513993 535422 556293 131268 316549 247546
 954596 440031 863894 634434 592443 342074 79024 966593 627934 267388 857489 417670 735885 359986 499586 210547 966662 234550 346024 89058 1125776 648922 806131 540443 596721 713320 870990 1054580 256257 96018 722645 621763 281800 798164 89885 523151 948939 561332 71030 759607 216006 766321 983438 449682 687174 1077521 620075 1 636054 511524 977704 357046 272022 770425 705152 1091818 221418 492685 848897 869750 738093 592116 749545 356952 803721 574401 1111032 680320 923943 669531
 333543 196767 630708 60194 423245 444772 715075 519323 41151 426780 599157 729015 603563 279006 334183 430871 342071 454606 295246 690341 581392 56833 205428 495025 748112 535317 248390 566997 717783 730354 184854 657758 627164 176010 661579 113648 333192 103754 620153 475781 487285 508900 657686 362296 610678 596063 420580 636054 1 329847 500822 367824 598659 325731 135226 521036 451387 238694 491593 756612 196832 227107 623595 279382 167869 159686 564952 551532 662604 661257
 637878 249700 906224 377278 645751 187053 580357 843427 357658 244196 880354 789250 840629 246708 524307 380956 641319 456203 242430 593713 909011 381645 531427 676543 884874 781593 557833 896201 701623 585719 510052 832943 650023 492905 490610 288443 642802 352149 461997 754000 299014 781523 961624 65875 826530 925128 656366 511524 329847 1 828368 155147 622503 268763 293037 844630 438780 430191 794503 1000687 290054 126327 860476 267217 445462 172672 892551 780466 949042 855629
 329251 628345 337260 451152 423435 911475 1049083 47893 470715 862079 302478 835304 436314 697508 481321 777769 345019 744419 715604 993399 179170 446959 321574 518417 726738 386724 347442 76928 926874 1070654 318367 601112 818664 373104 1037202 553843 309282 489081 993438 280495 910633 302996 247510 852502 491092 101902 394320 977704 500822 828368 1 832337 799876 779749 590903 204532 756305 492837 183734 504717 640940 726854 446040 684899 456028 660471 170970 436039 317731 563991
 700083 204530 850430 396092 573151 79316 427545 838733 380553 89851 829464 650554 764281 150899 448935 237126 707313 318970 136857 438592 939777 405862 570910 582904 764880 712909 615426 905558 550847 434313 521616 728653 507172 543732 342571 281103 700699 344147 310699 706334 148797 728737 927341 98155 740159 933208 589690 357046 367824 155147 832337 1 480862 415571 386147 885120 299233 371870 764556 922690 403983 244117 783228 170461 518590 247923 923531 702643 899878 758375
 862938 437933 622473 571449 380337 509449 309026 778428 573992 412920 622771 170727 484762 388979 332014 243763 878527 167204 386736 232320 966569 586901 712430 301837 326572 476011 788012 874235 129829 332966 612764 352964 29100 722379 361301 492811 852038 499371 331883 545041 397674 542755 755119 577164 429979 892889 409961 272022 598659 622503 799876 480862 1 835402 708680 949962 183724 380296 643726 606061 758514 654189 495741 372534 756861 607882 953713 435492 684090 402970
 504008 401647 954583 385514 743434 455801 842740 808627 366866 505092 922041 990509 928253 448010 641266 610292 499804 670211 453224 847941 807369 378977 458278 804911 1046597 860556 444959 832904 933174 849880 491960 968848 864330 406690 757142 375852 516470 412575 726259 800295 563837 833942 969548 334637 932059 862052 743482 770425 325731 268763 779749 415571 835402 1 197333 730368 657576 539564 807276 1082241 139968 183161 948362 463203 326413 230593 791641 874749 983371 978117
 350240 276568 758062 192535 558471 452764 783003 616840 175637 463655 725177 849240 737602 348088 466849 513412 351705 553568 360190 770096 638713 184160 270818 628949 879882 668869 275828 648894 820924 795215 294827 792156 737674 222358 715038 217472 357684 233937 676995 604295 526663 638368 772859 345340 745800 678256 555554 705152 135226 293037 590903 386147 708680 197333 1 567506 546249 368424 610029 889168 61800 167371 757556 355964 156881 138238 622452 686327 786112 796395
 226838 691888 541791 489353 591114 963499 1167632 251222 504574 932851 506866 1008256 635382 770835 618872 883105 233461 866883 788987 1121118 82956 479258 315609 691405 917974 580505 291717 183069 1079543 1187386 373349 793123 971968 351810 1139526 606956 213946 549568 1095798 471503 988620 498612 442941 882596 686912 200285 564121 1091818 521036 844630 204532 885120 949962 730368 567506 1 874672 599796 382720 709187 602652 727067 646530 763020 411960 672087 70652 628235 520376 759945
 750740 269828 658900 437232 379454 335871 294009 745368 434726 239345 648667 351750 541314 209584 279086 64283 764225 22338 205190 248443 905949 452498 599908 344000 474744 508758 669529 833173 276918 314876 510183 459986 211420 598616 287700 338916 743164 362529 245565 544002 239638 553765 770282 394366 500831 856114 405627 221418 451387 438780 756305 299233 183724 657576 546249 874672 1 275031 630104 687865 591125 474979 557283 195441 617416 434108 891410 482006 717125 499473
 484906 181347 480993 197971 216443 446320 567922 488844 205364 379925 458402 494771 411053 222396 101958 286630 499856 268401 238781 522597 633483 212867 333614 265436 511586 351448 408098 569506 507161 587922 237735 429318 407153 342138 546003 164646 475283 135248 502117 334514 422316 357837 556450 425161 401837 594420 226194 492685 238694 430191 492837 371870 380296 539564 368424 599796 275031 1 396475 570977 427458 387287 431037 205137 381928 318415 618588 351687 528611 440869
 445547 563215 174397 432678 263839 840976 915021 146326 453152 776245 136950 661104 253122 617724 351835 663025 463904 614807 634628 852542 362637 434899 372803 348978 543618 203681 429533 245192 766580 937758 315370 417979 659475 423358 917424 506264 425544 442439 874631 101874 816294 119711 167407 804746 307371 257505 234356 848897 491593 794503 183734 764556 643726 807276 610029 382720 630104 396475 1 339785 668384 713669 263820 601277 509164 641874 354702 253400 181638 380258
 783196 751041 168051 697222 354938 987240 914755 458100 715462 901329 204502 532526 160065 773850 477589 743045 801761 666485 786226 838346 670900 705009 692524 346152 344636 222741 758334 541991 693547 938745 612244 256754 606920 738505 954956 727209 763474 675634 918609 293448 920609 257449 288946 990441 187180 540468 345933 869750 756612 1000687 504717 922690 606061 1082241 889168 709187 687865 570977 339785 1 950744 952191 140326 753330 819976 880522 667304 220837 195785 203995
 379366 321953 818531 254326 620018 463873 814816 669057 237390 486890 785339 903010 799384 387182 526811 553920 377987 599961 397398 807004 677037 245780 319378 689409 939028 730610 312544 695822 867417 825629 353040 852854 787595 268430 741271 271902 389486 293888 705058 665147 549556 699400 829940 349112 807496 725084 617303 738093 196832 290054 640940 403983 758514 139968 61800 602652 591125 427458 668384 950744 1 165748 819332 397452 191989 163697 661011 748110 845559 857722
 515301 227421 841478 282561 601446 299078 666323 746356 262013 331077 812429 812153 793707 265643 488385 427132 517822 488172 270229 667311 794520 283130 418249 649838 880469 729687 437320 791153 750131 675024 411954 812270 682989 375867 585983 225205 521337 278940 552298 686499 392411 717132 880791 183384 788745 820401 606725 592116 227107 126327 726854 244117 654189 183161 167371 727067 474979 387287 713669 952191 165748 1 813889 281664 321973 72596 778099 736270 878678 827412
 684893 610801 141848 565034 214755 848761 800361 404403 582539 764242 159871 453996 20205 633979 337283 609871 703664 536536 646592 726550 623248 573825 578780 213284 296745 89478 649512 499590 597361 824339 490712 177255 501313 621319 832098 588707 666064 538912 793990 185809 785990 152319 289243 850179 67601 505642 207178 749545 623595 860476 446040 783228 495741 948362 757556 646530 557283 431037 263820 140326 819332 813889 1 613542 699354 742591 616466 80667 201165 127863
 604292 83114 680475 283390 402729 241895 435938 686195 274319 177472 660202 531969 594442 21061 278485 157455 615091 207072 33975 415536 808787 296940 460253 416883 617690 542460 519486 760273 472311 450983 390018 568573 401361 446027 384576 167531 600549 214668 342263 538179 227153 559481 761497 241188 572274 786738 419301 356952 279382 267217 684899 170461 372534 463203 355964 763020 195441 205137 601277 753330 397452 281664 613542 1 446839 238731 793006 532893 730715 594567
 193537 363901 672575 185495 525059 591345 882731 488020 183749 586178 636923 876364 680452 445465 463608 598665 195933 619451 461118 858030 485247 170102 138745 612348 871056 610169 120718 506718 879292 897768 208667 767988 784784 86428 827086 281435 200851 258080 786219 526790 648082 562667 662160 492683 701372 535802 513993 803721 167869 445462 456028 518590 756861 326413 156881 411960 617416 381928 509164 819976 191989 321973 699354 446839 1 278388 469169 637736 690509 761538
 468280 171385 768888 212368 530939 315824 651220 678258 191953 326324 739844 760470 722395 226381 420122 392922 472900 444879 235225 643757 736407 214240 358827 582701 818421 657896 386728 726530 711017 662270 343543 745915 636935 320518 579302 154577 472140 206439 542303 613903 389309 644565 809121 214509 718812 755636 535422 574401 159686 172672 660471 247923 607882 230593 138238 672087 434108 318415 641874 880522 163697 72596 742591 238731 278388 1 719949 665426 806163 759249
 291058 725776 502109 527877 584576 1002518 1185375 212584 544571 966162 469004 1000272 607107 802384 626271 904693 299484 882006 820648 1135097 16460 519221 361127 682557 897312 557421 348483 127338 1082423 1205881 404054 771734 974265 402467 1163206 643019 276295 582693 1119326 450342 1019929 473835 391295 927208 662049 138295 556293 1111032 564952 892551 170970 923531 953713 791641 622452 70652 891410 618588 354702 667304 661011 778099 616466 793006 469169 719949 1 606533 474443 734959
 640861 530766 186982 494035 135273 768518 734653 399654 510743 684673 189818 417646 61714 553318 256795 532743 659564 461779 565973 662943 615206 503738 523973 139963 290784 50013 597832 498241 545536 758514 430348 165271 444399 563179 760888 511110 622937 463418 721786 156833 707739 133807 324146 769605 64834 508808 131268 680320 551532 780466 436039 702643 435492 874749 686327 628235 482006 351687 253400 220837 748110 736270 80667 532893 637736 665426 606533 1 248619 134451
 620600 706895 61769 602656 339587 972511 981091 269998 622734 897735 70567 654782 205497 749334 457336 761597 638518 698370 764689 910578 477153 606700 554438 385431 493732 210739 610123 347988 792816 1004830 493133 377998 692843 604874 1001658 661922 600327 601342 961159 195259 929371 171235 95185 951676 267683 345128 316549 923943 662604 949042 317731 899878 684090 983371 786112 520376 717125 528611 181638 195785 845559 878678 201165 730715 690509 806163 474443 248619 1 326761
 774282 609231 269062 606596 238947 816186 711967 524818 621540 725337 287509 334762 130912 615613 339159 558581 792942 477418 625336 635034 742759 617794 653548 179175 168942 179693 728718 621889 490288 735922 556817 54078 403053 690363 756124 605369 756581 566018 721279 288956 737402 261630 416736 835721 73063 629681 247546 669531 661257 855629 563991 758375 402970 978117 796395 759945 499473 440869 380258 203995 857722 827412 127863 594567 761538 759249 734959 134451 326761 1
LAMBDA_SECTION
1 395
2 883
3 542
4 366
5 497
6 858
7 151
8 622
9 119
10 904
11 398
12 696
13 183
14 860
15 275
16 913
17 350
18 958
19 562
20 842
21 518
22 537
23 442
24 615
25 554
26 609
27 761
28 133
29 648
30 512
31 446
32 779
33 85
34 232
35 507
36 762
37 240
38 924
39 431
40 742
41 402
42 686
43 17
44 554
45 355
46 838
47 212
48 366
49 943
50 557
51 844
52 967
53 314
54 937
55 944
56 661
57 363
58 391
59 65
60 304
61 268
62 111
63 315
64 127
65 10
66 928
67 641
68 540
69 903
70 93
