NAME : domp50p16v10
COMMENT : Cherkesly, Contardo & Gruson 2022
TYPE : DOMP
DIMENSION : 50
DISPLAY_DATA_TYPE : NO_DISPLAY
OPEN_FACILITIES : 16
COST_SECTION
 1 158370 79331 875095 893136 778608 757557 895088 723654 774017 980510 833512 586646 425718 206301 650429 796341 993686 735502 901220 637165 553327 511832 369664 467356 981949 479543 243386 938212 453582 673703 479545 593482 833357 716194 1056383 1050401 851838 101490 326699 1044066 856075 1087213 713117 1158788 284699 1205363 715348 356580 934210
 158370 1 236168 917781 1009336 826254 856158 894606 691093 719893 1081129 782093 614483 403313 353886 781595 775521 1087508 864124 924791 729228 502254 506793 479430 622297 983765 617419 371061 1022198 425971 696423 489818 745726 901426 824323 1108409 1116531 970231 190967 440699 1130707 965601 1147023 841917 1242691 378844 1283769 708252 503596 943942
 79331 236168 1 845279 827200 747456 700851 886760 733845 794037 921375 851383 569377 439899 130946 578861 799512 937693 664672 880735 585126 576355 513731 313723 388025 971538 405921 181434 887287 468949 657058 474915 514394 791203 655134 1020315 1007446 785085 110561 269817 991229 793401 1047116 642306 1106703 243616 1155679 713001 279599 920317
 875095 917781 845279 1 504795 98370 348702 246356 423544 522592 418576 513628 305773 546895 762688 579743 355195 375625 568240 112881 344809 550926 440382 561702 803083 259596 638068 684284 279994 538144 235184 436638 787184 153652 413367 196189 243549 509126 774944 600278 356506 438853 249093 566248 424347 602452 434003 313501 720176 198266
 893136 1009336 827200 504795 1 471400 196229 743023 844527 954751 155676 967242 595222 794130 699787 266784 811921 208420 186125 617352 314524 881042 727977 529998 557474 764271 436757 649751 256264 804741 600388 687089 464107 352374 191575 508164 417588 44588 820419 570011 283169 68969 475960 204807 377198 631620 442699 732522 571211 702815
 778608 826254 747456 98370 471400 1 292953 276507 393796 500734 414756 503693 221912 467676 664361 505176 345006 382364 504893 173656 260938 490952 365060 463880 712395 317058 547963 585922 286304 462361 168069 353480 704525 132680 348746 282190 305078 467422 678920 502117 382549 402734 324986 499839 469736 504384 491246 278757 624614 251963
 757557 856158 700851 348702 196229 292953 1 569439 650523 760824 224972 775939 399038 604639 583180 246822 623208 236859 220403 455830 129892 685859 533520 388182 517715 603768 362178 519434 200713 613375 406579 494585 467109 199378 72483 417860 357010 180531 673661 431715 294387 130406 411385 220656 410245 479026 464941 539954 482321 539543
 895088 894606 886760 246356 743023 276507 569439 1 248493 318042 664858 290725 323916 491732 836549 772991 153686 621675 779634 138851 524353 431247 388702 661130 946100 89368 787642 758242 526334 471208 240171 415577 958854 391718 623988 380565 464065 742171 794498 689647 597837 675203 447240 773333 650945 663121 646757 186951 837002 73956
 723654 691093 733845 423544 844527 393796 650523 248493 1 110302 807321 137477 270881 298040 716837 793043 96872 776154 825860 351979 559320 195548 225708 585914 890237 331119 751801 645733 679914 270822 244149 275138 936769 526357 683457 600856 666217 830875 629259 600306 772295 776039 663410 813344 847712 548925 856215 115087 760506 319079
 774017 719893 794037 522592 954751 500734 760824 318042 110302 1 915211 62728 377812 354724 791994 899529 170406 882587 934547 439974 668540 221107 308616 678148 982542 387725 850135 725161 785970 325448 354410 361921 1035986 633406 793314 690322 762497 941170 685635 688332 875664 886220 754950 921610 946485 630424 951136 223551 849074 391952
 980510 1081129 921375 418576 155676 414756 224972 664858 807321 915211 1 917804 587287 813614 799937 399717 758470 57106 329386 529697 353240 877887 731425 610860 692939 669966 555736 740156 139466 818808 569483 699223 610641 282445 267106 375020 276430 192661 898188 653908 128963 140516 333169 344369 223279 703768 288086 692305 685932 613470
 833512 782093 851383 513628 967242 503693 775939 290725 137477 62728 917804 1 407048 411490 844566 928585 159642 881992 958705 421756 691520 281883 356169 721840 1026391 350561 889188 775862 785044 382452 370887 408008 1074234 635391 813297 670032 748237 956408 743732 734649 869753 898347 736039 946912 934123 680021 934494 236557 895239 364044
 586646 614483 569377 305773 595222 221912 399038 323916 270881 377812 587287 407048 1 246065 512741 522194 281759 568733 557471 314846 293558 290748 147468 342134 638663 404684 490022 434331 479891 242566 87683 131724 672260 330161 421161 500458 526281 575747 485165 367468 585636 528924 546574 544058 683015 339584 709827 182873 519799 351186
 425718 403313 439899 546895 794130 467676 604639 491732 298040 354724 813614 411490 246065 1 442060 651674 375027 802101 710892 533384 479645 144067 108702 367378 659471 581030 553068 381357 718107 29363 312844 116816 735888 573041 605264 742976 772335 766269 332822 363778 825922 733437 791547 692602 926795 293465 955414 305057 519609 543767
 206301 353886 130946 762688 699787 664361 583180 836549 716837 791994 799937 844566 512741 442060 1 448364 769428 819551 534406 811691 474649 585800 491137 205912 272379 916824 274996 79315 775322 471126 598535 443724 392161 691563 532855 926972 904880 657130 178448 163866 876449 668883 948089 512069 992350 173762 1043963 675983 150587 860869
 650429 781595 578861 579743 266784 505176 246822 772991 793043 899529 399717 928585 522194 651674 448364 1 791543 437746 86581 677952 248768 769138 618050 314468 293437 822058 175228 411168 435708 670245 565863 567024 221519 440171 174444 664658 599778 222203 590705 345642 509033 259260 655729 64613 618885 419730 680754 696643 309710 756952
 796341 775521 799512 355195 811921 345006 623208 153686 96872 170406 758470 159642 281759 375027 769428 791543 1 722355 814534 269573 547907 289054 285879 619036 919409 234376 771716 694708 625406 350198 225806 327039 953159 476159 665054 519942 592944 803097 698902 639364 710700 742953 584560 804297 777747 597208 781072 98948 796535 226171
 993686 1087508 937693 375625 208420 382364 236859 621675 776154 882587 57106 881992 568733 802101 819551 437746 722355 1 373037 484766 358628 857793 714978 624748 729147 622030 585606 756285 96951 805296 543068 686264 653328 250011 290578 319070 219575 241885 907993 668393 75084 180996 276109 386176 181334 713091 243244 661121 712638 567306
 735502 864124 664672 568240 186125 504893 220403 779634 825860 934547 329386 958705 557471 710892 534406 86581 814534 373037 1 673194 267267 820325 666899 391214 371546 820327 261807 494851 386402 727268 589624 618275 281257 419750 156236 628281 553798 141997 673165 425347 446838 192078 611430 22386 551993 496749 615716 723280 396248 755555
 901220 924791 880735 112881 617352 173656 455830 138851 351979 439974 529697 421756 314846 533384 811691 677952 269573 484766 673194 1 434584 508059 424735 619364 882322 148177 718779 732385 390467 518997 229111 434998 878037 265364 517168 250398 327090 620651 799779 654054 459073 551012 315139 669638 513688 643291 512795 255556 787596 85468
 637165 729228 585126 344809 314524 260938 129892 524353 559320 668540 353240 691520 293558 479645 474649 248768 547907 358628 267267 434584 1 570342 416286 271732 461085 575861 296235 405108 302166 490344 322545 373324 443797 229057 128975 469276 433238 288392 549623 315641 406930 254637 480272 256398 521939 354778 570688 456024 394983 510884
 553327 502254 576355 550926 881042 490952 685859 431247 195548 221107 877887 281883 290748 144067 585800 769138 289054 857793 820325 508059 570342 1 154265 503073 800482 518460 686310 525308 766773 115626 322962 202345 871231 613723 699220 743476 791034 858205 466885 503710 869864 816257 799913 803754 960686 436082 980228 253747 661585 495549
 511832 506793 513731 440382 727977 365060 533520 388702 225708 308616 731425 356169 147468 108702 491137 618050 285879 714978 666899 424735 416286 154265 1 370502 674382 477524 547145 420375 627081 97829 205425 54134 733278 477588 545088 636569 670105 704392 413418 379721 733085 663884 686792 650696 830076 324014 855561 204411 540467 437389
 369664 479430 313723 561702 529998 463880 388182 661130 585914 678148 610860 721840 342134 367378 205912 314468 619036 624748 391214 619364 271732 503073 370502 1 304597 735554 186311 133422 573834 391522 421150 316584 368678 485651 347585 721536 699315 490827 290659 43933 677508 488381 742187 369627 792991 105566 842417 520787 177798 676039
 467356 622297 388025 803083 557474 712395 517715 946100 890237 982542 692939 1026391 638663 659471 272379 293437 919409 729147 371546 882322 461085 800482 674382 304597 1 1012795 165098 292463 716877 686004 710443 620703 131810 687304 448312 925216 874031 513074 450530 296956 798668 552423 926931 352775 910478 366787 971165 820559 141348 949898
 981949 983765 971538 259596 764271 317058 603768 89368 331119 387725 669966 350561 404684 581030 916824 822058 234376 622030 820327 148177 575861 518460 477524 735554 1012795 1 851549 838005 530582 560576 318289 502840 1017012 413023 664137 346624 441163 768506 881060 766247 588014 698446 413921 816184 625938 744133 613030 276318 909345 65109
 479543 617419 405921 638068 436757 547963 362178 787642 751801 850135 555736 889188 490022 553068 274996 175228 771716 585606 261807 718779 296235 686310 547145 186311 165098 851549 1 247332 562868 576520 555859 493084 186167 523465 296749 762372 715267 392660 428203 201407 651453 417217 766784 239740 765753 280393 823873 672886 134870 788059
 243386 371061 181434 684284 649751 585922 519434 758242 645733 725161 740156 775862 434331 381357 79315 411168 694708 756285 494851 732385 405108 525308 420375 133422 292463 838005 247332 1 707134 409720 519737 371053 396095 617103 474336 850822 831813 608520 180973 89636 810337 613426 873702 472522 925959 97512 975766 600137 152695 781765
 938212 1022198 887287 279994 256264 286304 200713 526334 679914 785970 139466 785044 479891 718107 775322 435708 625406 96951 386402 390467 302166 766773 627081 573834 716877 530582 562868 707134 1 719500 449091 601510 656944 154767 268569 252122 167691 277217 848225 617759 109349 204973 225830 394631 220960 654283 268710 564963 681868 474041
 453582 425971 468949 538144 804741 462361 613375 471208 270822 325448 818808 382452 242566 29363 471126 670245 350198 805296 727268 518997 490344 115626 97829 391522 686004 560576 576520 409720 719500 1 303067 119624 760199 572118 617260 734321 767436 778099 361517 389695 826542 742910 784593 709429 925440 320737 952191 284258 546583 525473
 673703 696423 657058 235184 600388 168069 406579 240171 244149 354410 569483 370887 87683 312844 598535 565863 225806 543068 589624 229111 322545 322962 205425 421150 710443 318289 555859 519737 449091 303067 1 207339 733397 294461 442464 431305 469620 587050 572216 449533 549138 531945 482847 578902 637776 426008 657880 134349 597584 263671
 479545 489818 474915 436638 687089 353480 494585 415577 275138 361921 699223 408008 131724 116816 443724 567024 327039 686264 618275 434998 373324 202345 54134 316584 620703 502840 493084 371053 601510 119624 207339 1 679200 456283 501321 631891 657221 661662 379201 326808 709177 624457 678277 601518 810052 273947 839216 238088 487523 457555
 593482 745726 514394 787184 464107 704525 467109 958854 936769 1035986 610641 1074234 672260 735888 392161 221519 953159 653328 281257 878037 443797 871231 733278 368678 131810 1017012 186167 396095 656944 760199 733397 679200 1 655376 394650 884675 821294 421319 567004 375578 726316 472466 877157 267152 833059 452888 896427 854700 245824 952430
 833357 901426 791203 153652 352374 132680 199378 391718 526357 633406 282445 635391 330161 573041 691563 440171 476159 250011 419750 265364 229057 613723 477588 485651 687304 413023 523465 617103 154767 572118 294461 456283 655376 1 268117 240289 217065 355511 737938 528217 256271 285667 256611 419722 353773 549641 385692 411281 623298 350746
 716194 824323 655134 413367 191575 348746 72483 623988 683457 793314 267106 813297 421161 605264 532855 174444 665054 290578 156236 517168 128975 699220 545088 347585 448312 664137 296749 474336 268569 617260 442464 501321 394650 268117 1 490318 428400 161010 637656 389702 354786 141279 483314 152889 469491 445494 527130 576808 422073 599337
 1056383 1108409 1020315 196189 508164 282190 417860 380565 600856 690322 375020 670032 500458 742976 926972 664658 519942 319070 628281 250398 469276 743476 636569 721536 925216 346624 762372 850822 252122 734321 431305 631891 884675 240289 490318 1 103939 528819 957869 763116 264122 455948 67423 633220 280580 776821 267304 498045 863513 309933
 1050401 1116531 1007446 243549 417588 305078 357010 464065 666217 762497 276430 748237 526281 772335 904880 599778 592944 219575 553798 327090 433238 791034 670105 699315 874031 441163 715267 831813 167691 767436 469620 657221 821294 217065 428400 103939 1 442669 954934 742461 160550 371578 58536 561411 186890 766508 190462 557036 826387 397613
 851838 970231 785085 509126 44588 467422 180531 742171 830875 941170 192661 956408 575747 766269 657130 222203 803097 241885 141997 620651 288392 858205 704392 490827 513074 768506 392660 608520 277217 778099 587050 661662 421319 355511 161010 528819 442669 1 780712 530104 316956 73371 501203 160330 415801 593505 480747 720484 527255 705863
 101490 190967 110561 774944 820419 678920 673661 794498 629259 685635 898188 743732 485165 332822 178448 590705 698902 907993 673165 799779 549623 466885 413418 290659 450530 881060 428203 180973 848225 361517 572216 379201 567004 737938 637656 957869 954934 780712 1 250623 955339 778734 990287 650953 1069171 194902 1113820 615978 321507 832904
 326699 440699 269817 600278 570011 502117 431715 689647 600306 688332 653908 734649 367468 363778 163866 345642 639364 668393 425347 654054 315641 503710 379721 43933 296956 766247 201407 89636 617759 389695 449533 326808 375578 528217 389702 763116 742461 530104 250623 1 721413 530077 784821 403397 836913 78991 886328 542120 160749 707917
 1044066 1130707 991229 356506 283169 382549 294387 597837 772295 875664 128963 869753 585636 825922 876449 509033 710700 75084 446838 459073 406930 869864 733085 677508 798668 588014 651453 810337 109349 826542 549138 709177 726316 256271 354786 264122 160550 316956 955339 721413 1 254829 212834 459293 115939 760919 172647 658263 775712 537814
 856075 965601 793401 438853 68969 402734 130406 675203 776039 886220 140516 898347 528924 733437 668883 259260 742953 180996 192078 551012 254637 816257 663884 488381 552423 698446 417217 613426 204973 742910 531945 624457 472466 285667 141279 455948 371578 73371 778734 530077 254829 1 430048 205369 360814 586773 423963 663794 549035 636411
 1087213 1147023 1047116 249093 475960 324986 411385 447240 663410 754950 333169 736039 546574 791547 948089 655729 584560 276109 611430 315139 480272 799913 686792 742187 926931 413921 766784 873702 225830 784593 482847 678277 877157 256611 483314 67423 58536 501203 990287 784821 212834 430048 1 618637 214820 804711 199964 558227 874905 377090
 713117 841917 642306 566248 204807 499839 220656 773333 813344 921610 344369 946912 544058 692602 512069 64613 804297 386176 22386 669638 256398 803754 650696 369627 352775 816184 239740 472522 394631 709429 578902 601518 267152 419722 152889 633220 561411 160330 650953 403397 459293 205369 618637 1 566127 475188 629302 712087 374311 751252
 1158788 1242691 1106703 424347 377198 469736 410245 650945 847712 946485 223279 934123 683015 926795 992350 618885 777747 181334 551993 513688 521939 960686 830076 792991 910478 625938 765753 925959 220960 925440 637776 810052 833059 353773 469491 280580 186890 415801 1069171 836913 115939 360814 214820 566127 1 875118 66072 736242 891054 584242
 284699 378844 243616 602452 631620 504384 479026 663121 548925 630424 703768 680021 339584 293465 173762 419730 597208 713091 496749 643291 354778 436082 324014 105566 366787 744133 280393 97512 654283 320737 426008 273947 452888 549641 445494 776821 766508 593505 194902 78991 760919 586773 804711 475188 875118 1 920882 502830 226272 689158
 1205363 1283769 1155679 434003 442699 491246 464941 646757 856215 951136 288086 934494 709827 955414 1043963 680754 781072 243244 615716 512795 570688 980228 855561 842417 971165 613030 823873 975766 268710 952191 657880 839216 896427 385692 527130 267304 190462 480747 1113820 886328 172647 423963 199964 629302 66072 920882 1 747471 947141 577018
 715348 708252 713001 313501 732522 278757 539954 186951 115087 223551 692305 236557 182873 305057 675983 696643 98948 661121 723280 255556 456024 253747 204411 520787 820559 276318 672886 600137 564963 284258 134349 238088 854700 411281 576808 498045 557036 720484 615978 542120 658263 663794 558227 712087 736242 502830 747471 1 698450 244315
 356580 503596 279599 720176 571211 624614 482321 837002 760506 849074 685932 895239 519799 519609 150587 309710 796535 712638 396248 787596 394983 661585 540467 177798 141348 909345 134870 152695 681868 546583 597584 487523 245824 623298 422073 863513 826387 527255 321507 160749 775712 549035 874905 374311 891054 226272 947141 698450 1 848558
 934210 943942 920317 198266 702815 251963 539543 73956 319079 391952 613470 364044 351186 543767 860869 756952 226171 567306 755555 85468 510884 495549 437389 676039 949898 65109 788059 781765 474041 525473 263671 457555 952430 350746 599337 309933 397613 705863 832904 707917 537814 636411 377090 751252 584242 689158 577018 244315 848558 1
LAMBDA_SECTION
1 96
2 926
3 748
4 565
5 513
6 611
7 175
8 476
9 128
10 370
11 388
12 770
13 704
14 319
15 145
16 15
17 661
18 818
19 688
20 524
21 816
22 321
23 55
24 163
25 767
26 683
27 945
28 424
29 2
30 108
31 368
32 156
33 411
34 256
35 332
36 397
37 248
38 220
39 772
40 184
41 375
42 274
43 306
44 976
45 4
46 885
47 987
48 159
49 537
50 621
