NAME : domp40p10v9
COMMENT : Cherkesly, Contardo & Gruson 2022
TYPE : DOMP
DIMENSION : 40
DISPLAY_DATA_TYPE : NO_DISPLAY
OPEN_FACILITIES : 10
COST_SECTION
 1 353201 298658 99411 764481 976357 437080 495704 74655 414508 632792 966904 557352 638848 386388 492273 94053 265192 76451 472583 484901 409553 341338 272825 239783 882043 582822 496822 289213 516816 910537 500455 379563 272260 865503 774233 763374 131185 403407 640681
 353201 1 242798 282732 868518 1162405 151452 750969 350901 755898 523163 835260 865156 873010 480000 844442 263557 431706 278637 356731 577044 59753 577402 620739 581239 1003850 897488 790747 631610 684955 985821 636257 275529 142925 780562 683607 850621 266704 629945 568738
 298658 242798 1 199589 626869 921342 205425 536366 245625 611357 348426 683343 676324 645576 238363 725612 219658 216255 236792 178124 334254 293459 367583 500592 452710 761631 713057 595416 498916 446817 748755 394924 81249 305960 598120 502071 610503 167708 410974 372382
 99411 282732 199589 1 713595 954594 345624 496489 68242 473397 538465 873607 589090 632184 319453 567384 40083 212764 47426 374985 422891 341975 327503 341026 299450 838141 619371 519157 349691 480571 854059 452379 280696 239894 776971 683942 707813 31882 387476 550753
 764481 868518 626869 713595 1 349774 785806 407001 691828 698957 482980 579276 568844 335697 400618 830135 753304 502714 759623 554735 296494 914892 451298 719308 685119 136955 604144 512172 688913 260721 153263 264027 601451 919537 438821 434640 41178 696830 399746 412933
 976357 1162405 921342 954594 349774 1 1103026 496341 913300 753447 831257 902399 561462 351785 682982 853514 994136 747095 995103 884818 592533 1214773 635080 834913 818841 239639 578087 553910 800747 479664 361451 526428 914251 1185256 770049 779969 387657 946760 573013 761796
 437080 151452 205425 345624 785806 1103026 1 741244 409498 803615 389126 688470 880685 846101 428346 908760 343230 421646 361352 238810 510615 159951 573005 681434 636330 922752 916852 800363 685145 639539 888374 581511 188903 289533 643056 547440 762451 318884 615591 442895
 495704 750969 536366 496489 407001 496341 741244 1 442450 293607 639425 885329 185309 146162 337183 423138 532927 322342 529388 589442 319785 809429 173594 342577 322881 473168 226177 110221 308832 188402 555632 247237 567048 736297 745134 692486 430685 497954 125850 593739
 74655 350901 245625 68242 691828 913300 409498 442450 1 405156 566892 899312 524652 582168 311760 500596 94541 190961 87606 412454 410396 410050 279434 273696 231381 811171 553894 457102 281558 447427 836985 427924 324171 299287 794750 704629 689865 90711 341117 571130
 414508 755898 611357 473397 698957 753447 803615 293607 405156 1 836381 1127306 202235 412263 509949 137684 494244 419445 481357 732782 546123 814798 310788 144886 175550 765126 205982 202439 125430 457415 848887 496942 672996 686695 994510 926603 720085 492784 327905 808401
 632792 523163 348426 538465 482980 831257 389126 639425 566892 836381 1 335497 820421 681095 326572 969516 564744 429886 580702 174231 320393 547119 528914 767101 718044 611980 861548 737410 752943 465794 543442 398674 272458 633191 257783 160554 448315 507677 532530 70822
 966904 835260 683343 873607 579276 902399 688470 885329 899312 1127306 335497 1 1070368 879379 628807 1264305 900239 747117 916156 506606 581622 847667 817194 1078601 1030891 662891 1110869 993410 1060121 697053 545468 640726 605630 957410 143511 201880 538210 842989 803356 331063
 557352 865156 676324 589090 568844 561462 880685 185309 524652 202235 820421 1070368 1 243267 506895 292388 619173 461377 610587 756027 502826 924874 313620 322002 329903 607732 41184 84268 290948 373319 708517 432322 720156 822998 929745 877773 597953 599639 290520 777298
 638848 873010 645576 632184 335697 351785 846101 146162 582168 412263 681095 879379 243267 1 421631 527558 669987 441499 667940 666589 368750 929993 304682 483392 467283 364468 274084 209840 449263 219803 467948 287298 662822 870618 735954 700973 369276 630339 245788 624537
 386388 480000 238363 319453 400618 682982 428346 337183 311760 509949 326572 628807 506895 421631 1 643883 358037 126575 366668 252272 104707 531794 203220 449806 402142 531436 547353 422652 432046 211229 535921 156561 241907 519289 506846 427060 390870 299309 216758 301316
 492273 844442 725612 567384 830135 853514 908760 423138 500596 137684 969516 1264305 292388 527558 643883 1 581119 546481 565810 858481 683481 901569 447224 227328 273359 888328 277310 321764 226869 593686 978147 634502 792427 757578 1132015 1063321 853013 591128 465557 943764
 94053 263557 219658 40083 753304 994136 343230 532927 94541 494244 564744 900239 619173 669987 358037 581119 1 252833 18493 397505 461865 321504 365442 357282 318877 878138 648199 551390 369246 520588 893226 492364 300634 205153 807225 713221 747156 60779 425903 580583
 265192 431706 216255 212764 502714 747095 421646 322342 190961 419445 429886 747117 461377 441499 126575 546481 252833 1 257652 313339 220010 489193 151431 337307 288173 625582 498942 379650 324547 269295 646383 240003 260754 438201 629914 546496 499363 200616 198772 416435
 76451 278637 236792 47426 759623 995103 361352 529388 87606 481357 580702 916156 610587 667940 366668 565810 18493 257652 1 414350 469869 336001 363948 343024 305819 883214 638852 544276 356095 523657 900816 497635 317912 212454 821827 728200 754405 74063 425001 595316
 472583 356731 178124 374985 554735 884818 238810 589442 412454 732782 174231 506606 756027 666589 252272 858481 397505 313339 414350 1 303324 387968 444744 642156 592762 691343 795901 671844 633755 448148 650535 382771 99026 459883 430335 333045 528615 343356 467749 212198
 484901 577044 334254 422891 296494 592533 510615 319785 410396 546123 320393 581622 502826 368750 104707 683481 461865 220010 469869 303324 1 626414 237919 511111 466665 428798 544006 421207 488283 149113 431487 81455 321759 623044 448698 382143 286171 403631 222465 274488
 409553 59753 293459 341975 914892 1214773 159951 809429 410050 814798 547119 847667 924874 929993 531794 901569 321504 489193 336001 387968 626414 1 635943 678769 639885 1050940 957239 850309 690273 738896 1027916 688345 315761 175721 802402 706376 895389 326411 687766 597678
 341338 577402 367583 327503 451298 635080 573005 173594 279434 310788 528914 817194 313620 304682 203220 447224 365442 151431 363948 444744 237919 635943 1 278538 238256 554297 352551 230409 252905 190813 603926 203507 406815 566206 686328 616099 460368 326357 62073 497958
 272825 620739 500592 341026 719308 834913 681434 342577 273696 144886 767101 1078601 322002 483392 449806 227328 357282 337307 343024 642156 511111 678769 278538 1 49461 806916 336889 288845 34189 460859 872521 481908 570185 544105 954202 876806 732959 364025 320767 750180
 239783 581239 452710 299450 685119 818841 636330 322881 231381 175550 718044 1030891 329903 467283 402142 273359 318877 288173 305819 592762 466665 639885 238256 49461 1 777977 350165 284697 50390 425026 838348 441543 521435 512005 907573 829196 696846 320690 285374 701930
 882043 1003850 761631 838141 136955 239639 922752 473168 811171 765126 611980 662891 607732 364468 531436 888328 878138 625582 883214 691343 428798 1050940 554297 806916 777977 1 637577 566710 774609 366439 129658 385780 738117 1050600 530666 544916 164800 823355 496946 541267
 582822 897488 713057 619371 604144 578087 916852 226177 553894 205982 861548 1110869 41184 274084 547353 277310 648199 498942 638852 795901 544006 957239 352551 336889 350165 637577 1 124798 307791 413882 741508 473318 758487 850901 970024 918658 634223 631250 331231 818476
 496822 790747 595416 519157 512172 553910 800363 110221 457102 202439 737410 993410 84268 209840 422652 321764 551390 379650 544276 671844 421207 850309 230409 288845 284697 566710 124798 1 255116 297536 657782 353236 637219 756387 853946 798848 537911 527241 206435 695606
 289213 631610 498916 349691 688913 800747 685145 308832 281558 125430 752943 1060121 290948 449263 432046 226869 369246 324547 356095 633755 488283 690273 252905 34189 50390 774609 307791 255116 1 431601 842018 455407 565688 561460 933770 858242 703461 370524 291766 733247
 516816 684955 446817 480571 260721 479664 639539 188402 447427 457415 465794 697053 373319 219803 211229 593686 520588 269295 523657 448148 149113 738896 190813 460859 425026 366439 413882 297536 431601 1 413692 67823 452366 706466 556737 505609 272124 469897 140105 413762
 910537 985821 748755 854059 153263 361451 888374 555632 836985 848887 543442 545468 708517 467948 535921 978147 893226 646383 900816 650535 431487 1027916 603926 872521 838348 129658 741508 657782 842018 413692 1 411812 712171 1049250 420597 450328 147171 835114 552977 473404
 500455 636257 394924 452379 264027 526428 581511 247237 427924 496942 398674 640726 432322 287298 156561 634502 492364 240003 497635 382771 81455 688345 203507 481908 441543 385780 473318 353236 455407 67823 411812 1 393049 668608 502713 445690 265035 437838 169280 348310
 379563 275529 81249 280696 601451 914251 188903 567048 324171 672996 272458 605630 720156 662822 241907 792427 300634 260754 317912 99026 321759 315761 406815 570185 521435 738117 758487 637219 565688 452366 712171 393049 1 365733 526516 429559 580452 248828 441508 303777
 272260 142925 305960 239894 919537 1185256 289533 736297 299287 686695 633191 957410 822998 870618 519289 757578 205153 438201 212454 459883 623044 175721 566206 544105 512005 1050600 850901 756387 561460 706466 1049250 668608 365733 1 890197 792877 907365 240530 625075 669425
 865503 780562 598120 776971 438821 770049 643056 745134 794750 994510 257783 143511 929745 735954 506846 1132015 807225 629914 821827 430335 448698 802402 686328 954202 907573 530666 970024 853946 933770 556737 420597 502713 526516 890197 1 97356 397647 747790 668154 226727
 774233 683607 502071 683942 434640 779969 547440 692486 704629 926603 160554 201880 877773 700973 427060 1063321 713221 546496 728200 333045 382143 706376 616099 876806 829196 544916 918658 798848 858242 505609 450328 445690 429559 792877 97356 1 394470 654281 604547 133559
 763374 850621 610503 707813 41178 387657 762451 430685 689865 720085 448315 538210 597953 369276 390870 853013 747156 499363 754405 528615 286171 895389 460368 732959 696846 164800 634223 537911 703461 272124 147171 265035 580452 907365 397647 394470 1 689506 412227 377827
 131185 266704 167708 31882 696830 946760 318884 497954 90711 492784 507677 842989 599639 630339 299309 591128 60779 200616 74063 343356 403631 326411 326357 364025 320690 823355 631250 527241 370524 469897 835114 437838 248828 240530 747790 654281 689506 1 384658 521317
 403407 629945 410974 387476 399746 573013 615591 125850 341117 327905 532530 803356 290520 245788 216758 465557 425903 198772 425001 467749 222465 687766 62073 320767 285374 496946 331231 206435 291766 140105 552977 169280 441508 625075 668154 604547 412227 384658 1 494109
 640681 568738 372382 550753 412933 761796 442895 593739 571130 808401 70822 331063 777298 624537 301316 943764 580583 416435 595316 212198 274488 597678 497958 750180 701930 541267 818476 695606 733247 413762 473404 348310 303777 669425 226727 133559 377827 521317 494109 1
LAMBDA_SECTION
1 839
2 286
3 65
4 543
5 644
6 337
7 723
8 994
9 777
10 519
11 77
12 709
13 553
14 976
15 212
16 327
17 577
18 471
19 907
20 264
21 80
22 75
23 104
24 330
25 367
26 769
27 927
28 705
29 363
30 49
31 343
32 693
33 261
34 581
35 808
36 393
37 307
38 16
39 61
40 573
