NAME : domp100p50v5
COMMENT : Cherkesly, Contardo & Gruson 2022
TYPE : DOMP
DIMENSION : 100
DISPLAY_DATA_TYPE : NO_DISPLAY
OPEN_FACILITIES : 50
COST_SECTION
 1 888999 656372 458516 478894 886053 978280 754196 825104 1019033 427499 518432 847809 507173 76808 589916 1081393 451027 1046658 26901 467558 489820 911625 551629 217833 870043 429517 765045 803325 944119 902369 1190362 827452 949800 955082 838836 473764 568620 961608 644418 495845 987419 720139 388757 816111 985059 849611 940313 207536 691548 789327 402051 583474 623382 699556 830753 868833 804128 944515 754895 1035103 459239 577165 891718 375733 419696 571050 152248 492778 712947 328992 785159 721445 805482 377066 751512 802028 433080 632013 665896 938837 261245 425548 563369 525824 545813 84832 437345 274811 671761 606217 538911 730166 76720 384226 481271 535565 807382 879273 154409
 888999 1 486944 439949 804620 506763 90418 474732 756420 285726 511422 587500 205609 434134 830956 434091 268968 441670 333022 913337 434503 795200 694546 341499 795375 867078 555595 724665 471358 389848 123655 362897 146017 76719 176172 381461 611074 617020 76279 416063 585252 291003 568672 501526 521196 245056 334591 587858 736954 429248 195885 647481 404510 325747 510102 197726 384653 219888 489452 395762 316376 506162 784826 592596 732520 545017 617071 827190 795488 249608 587499 128315 169923 603369 653316 383601 124441 464705 830395 275999 56905 681838 621379 631189 665568 497610 804968 784242 748611 502531 335855 607250 468665 833244 618455 412879 378051 521774 817600 861778
 656372 486944 1 304585 855798 858607 542725 760292 1006064 756375 526060 153944 611822 210754 636560 603347 755558 329234 802100 683083 439080 854713 1005266 311222 693510 1104175 590649 952908 787236 802657 585555 848488 347312 563114 649172 740227 687573 146453 555527 78372 678843 749027 812612 411301 831798 713240 711319 943585 450283 62440 556266 267610 564059 511947 51862 309057 759848 278936 875071 124884 785455 557269 895569 923334 734866 566654 759422 528325 856599 241480 345428 481342 367790 186460 657962 129841 362857 433852 958267 502284 541693 593172 661710 766400 771591 630786 580618 816153 405977 729478 502531 729742 740297 639731 624905 407522 457391 155416 1074979 717890
 458516 439949 304585 1 552753 620615 526666 502570 718936 625922 221980 268068 453358 93849 410458 325274 665485 24886 663667 484248 141637 551064 737652 98966 420684 811245 286268 662543 539561 609232 478699 773160 369013 507512 539418 521569 383641 329286 515223 249075 376490 603580 534281 110487 576798 585630 508583 700094 297385 304097 389651 255010 290444 267360 356362 375338 547663 350715 654625 349527 649003 255352 591180 669325 434971 262148 460363 387335 552873 258551 148564 355072 270027 490870 355577 341336 344238 130121 654136 284326 493421 309078 357171 466061 468146 338285 373691 514315 319262 453335 252005 429012 479380 413187 321497 115533 183231 451602 787516 465790
 478894 804620 855798 552753 1 535007 888652 429212 369794 789798 339122 782598 659065 645806 410444 371675 881202 528802 797400 479809 434713 15272 483165 582416 263285 395216 275685 316263 473183 652334 750260 978237 825460 832242 776306 553789 195394 847020 854734 801332 219597 750063 346151 444498 458749 772171 588881 555946 560723 856217 626405 704596 400213 479967 907651 858156 579612 844943 604440 896435 792382 320769 104013 501710 128285 296797 207728 580784 17547 762975 546861 676334 685463 1040851 197916 886778 781885 428407 153197 528858 832772 292295 200722 192409 146791 307162 459179 45115 646305 351101 472045 203522 414060 409020 231259 468281 454822 1004340 413121 328518
 886053 506763 858607 620615 535007 1 552995 132481 289244 322909 477983 881069 301235 689328 809720 313186 424155 601331 307989 900299 495397 520158 192403 560296 694429 393530 458460 286203 85058 152725 392069 494766 616919 483087 373371 127558 420322 936372 510262 781010 394361 284953 189005 581114 76527 329090 172257 85895 842755 821574 328306 873090 337664 356150 901441 669977 122554 677533 69909 821550 310545 438442 456504 88565 550405 472187 340341 911132 518545 644002 731451 416053 510740 1026206 515122 808522 572021 525665 467379 356714 497239 624880 465192 353576 401724 342445 823565 544563 902127 214653 369896 363082 157147 810252 502435 509973 438234 956379 335414 777637
 978280 90418 542725 526666 888652 552995 1 538927 817477 284975 601172 656071 260238 514196 920898 517083 236514 529586 330191 1002782 524916 878754 744522 428944 885605 927967 644116 790221 529040 420621 162178 311779 195991 69909 187502 433268 696422 679831 42765 477375 669951 302306 636424 591398 577633 251512 384425 629369 822713 482115 268165 724206 489558 412209 559148 236212 430858 264662 525402 438868 314791 594829 864178 640984 820228 634171 696782 913226 878920 316693 673176 214126 257383 637952 741780 427872 193479 555085 907230 361908 58716 772196 708664 711263 747573 581543 894066 869797 830702 575621 423259 689104 535883 923209 707243 503201 468018 554607 875804 952193
 754196 474732 760292 502570 429212 132481 538927 1 282132 369642 346541 767876 279437 577955 678024 184319 467151 481718 371219 768845 370942 415182 245885 452964 565940 392637 326041 251296 49496 223124 378926 556301 559809 471445 382465 128630 292979 825771 497950 684508 265747 329159 100991 453858 74244 359976 171750 200529 711943 729349 279753 751183 213324 248484 806052 609367 151638 611309 191600 737924 367921 306501 365859 166807 427342 339737 224102 779120 414026 563179 604940 361980 436238 935488 385832 725205 512733 399284 391929 263245 480330 492955 335948 238779 287016 209965 691124 431837 773331 85488 259107 240921 24937 678619 371287 388858 319443 870835 345380 649067
 825104 756420 1006064 718936 369794 289244 817477 282132 1 611198 512643 985490 557272 806547 750446 402904 712539 694925 597163 831208 577334 355271 135051 695145 608787 110681 460981 61370 288846 441765 655792 783400 839543 748792 650003 387481 374106 1047882 775713 934468 364774 572395 198384 639256 241927 613790 436484 255199 851971 983669 561858 942908 442612 504978 1054978 887674 397212 887395 349385 1000961 599749 472118 266637 210030 449625 484135 274298 897171 352587 831468 783130 643640 710933 1188352 461009 988708 792237 594462 240227 532468 759274 586799 421106 275728 302907 380734 785727 400750 928631 280075 510224 309793 291445 749813 469924 604871 548752 1130233 68923 685244
 1019033 285726 756375 625922 789798 322909 284975 369642 611198 1 594595 833741 174384 655247 949324 448819 101342 617233 47297 1039502 556117 776729 510259 533130 871418 716438 610925 601099 337230 170517 171197 188443 430228 224207 109915 241036 623018 873550 246566 680678 593589 40500 468498 643569 374921 43186 201139 381684 910939 703004 237312 869467 442612 395812 785687 483136 221012 503610 273479 677038 30708 569541 734693 408802 761239 611987 582161 995471 775948 515004 769755 282737 394614 886710 698578 664447 399778 591620 761204 356195 245740 772457 653438 597529 643381 509847 941437 785047 944549 439495 413136 589204 379465 950862 671814 550555 486493 806062 658095 950133
 427499 511422 526060 221980 339122 477983 601172 346541 512643 594595 1 478296 427185 315652 355585 167134 663707 197136 620217 446548 95914 335462 553216 243595 286869 597701 64930 453490 392963 518269 494416 771610 501362 557797 540209 414261 161662 542160 575105 466132 155992 561564 345634 127247 416874 562782 422387 545109 365625 520534 373232 430362 156069 203298 577689 527892 444100 511764 529174 557966 609181 42034 369554 503969 234573 42325 243602 433565 336974 426478 271900 389991 365838 712498 151171 548074 461565 92224 432242 251087 551917 179155 138835 247428 246273 142289 354909 305007 430463 274856 187579 210285 321607 356973 114361 129311 133681 669830 579828 359970
 518432 587500 153944 268068 782598 881069 656071 767876 985490 833741 478296 1 673180 191967 508721 593134 849135 291275 876873 544609 408740 784051 1005373 322492 587147 1075105 538663 928181 802436 850998 668006 949176 461872 663946 732512 773578 636376 64623 661366 185621 634065 819711 802344 351888 841882 790886 753179 962767 310962 208315 611919 118186 557529 524921 186646 434531 797235 403218 908921 275450 860796 516165 837665 934606 656001 513986 721621 381884 786291 339664 239056 551073 439930 288039 587298 277923 464909 391467 901922 530151 644264 500152 601969 725723 721360 604875 448519 739896 256232 721320 511514 688580 745271 511930 558759 383582 449021 292158 1053798 598410
 847809 205609 611822 453358 659065 301235 260238 279437 557272 174384 427185 673180 1 488919 779464 295858 236791 443734 210315 868906 382679 647448 489289 363024 709683 667804 450580 530580 269139 196610 99523 344427 322840 192082 118173 176092 477525 717637 218749 533943 448706 150278 378358 469474 318220 137494 129001 383100 736567 564105 63714 700582 281481 224968 647052 377212 179493 389414 288205 549841 195824 406033 620419 387040 612416 448595 456509 821149 647147 375932 595913 131841 244113 760187 543091 536779 281149 418101 657931 182596 202018 606237 501331 471684 513140 360591 769105 647429 771165 324108 241828 455571 278192 781131 513357 376260 313280 683944 616153 786138
 507173 434134 210754 93849 645806 689328 514196 577955 806547 655247 315652 191967 488919 1 469733 407565 681526 118573 696468 533832 231643 644397 818082 130893 500152 901091 380068 751268 611307 661127 495799 786068 335496 507559 559430 581818 477293 247849 510363 158715 469525 637845 618028 201724 651680 613137 562469 771417 320961 213530 426275 216014 370310 333254 262553 328646 605783 300150 717055 264430 680863 348085 684995 744395 526516 355985 552153 410979 646243 212195 178388 374007 270427 397024 448231 257712 322052 223569 747880 338572 490428 392778 450962 558363 561638 427044 423950 606805 317179 535793 320229 521436 555849 472702 414651 202000 261285 359111 875354 536821
 76808 830956 636560 410458 410444 809720 920898 678024 750446 949324 355585 508721 779464 469733 1 515789 1014396 399807 975746 91540 402765 420530 835291 498824 147188 798195 354124 690112 727230 870135 837762 1123115 778280 889103 888753 764526 396974 564163 902162 615851 419056 916906 643334 329511 739510 916286 776581 863551 204961 665815 722213 397458 511002 554539 682674 785675 794530 760432 868623 726460 964559 385606 506261 814912 301983 345305 494493 182862 423478 668434 295769 722836 665663 796572 300304 721874 749998 369330 562900 598573 879182 185295 348740 486994 450093 470176 64560 367629 286086 595305 537642 462206 654093 3210 307614 419428 469211 790564 805644 102296
 589916 434091 603347 325274 371675 313186 517083 184319 402904 448819 167134 593134 295858 407565 515789 1 529098 302932 468468 607320 188449 361672 412391 292266 423937 503575 164562 351379 228246 354346 381262 633368 472034 460867 413954 248933 182636 653326 483105 531595 154558 412512 210528 269566 257512 422481 262417 384835 529835 581184 256208 568887 40250 116315 652090 512633 278924 505942 362241 601473 459232 130953 353770 348397 316585 170504 187321 600362 361844 438321 420709 305859 332940 785494 249850 589575 425782 215302 404575 160674 461100 332114 205981 200252 231617 65469 520445 354977 589325 128336 114901 173517 159689 516845 223412 209830 146774 728614 471783 504267
 1081393 268968 755558 665485 881202 424155 236514 467151 712539 101342 663707 849135 236791 681526 1014396 529098 1 660240 125373 1103111 614154 868564 610550 568432 946387 817674 686889 701980 436936 271585 186981 109109 413360 194225 127172 339118 708014 882725 207804 683472 678748 140678 567002 697817 475764 109043 296195 480941 958505 698204 292203 897538 517601 460831 778994 461942 320883 486834 373093 663359 116988 642765 830380 509660 844967 685340 674296 1045685 867931 516198 812917 310703 411941 868408 778209 651463 392702 649108 859077 415830 216530 842836 735068 689692 734424 592467 1001303 873965 984258 533169 477293 678847 475297 1016151 749315 603824 545833 785732 759179 1022914
 451027 441670 329234 24886 528802 601331 529586 481718 694925 617233 197136 291275 443734 118573 399807 302932 660240 1 653924 476330 117624 526934 715273 100861 402757 786780 261495 638316 519612 594481 473999 768453 378477 507228 533597 504785 358797 353023 516198 272626 351609 593630 511238 88730 555961 577578 493597 680024 299031 327592 380176 272269 268930 250333 380977 387990 531386 364511 636947 371528 639558 230504 566422 648330 411892 237429 435614 387862 528716 272488 152924 350901 272218 515578 331944 362998 351122 105236 629328 270728 494030 289853 332658 441242 443274 314202 366282 490700 327432 430702 234400 404181 458281 402438 297560 93209 163150 475570 763443 450820
 1046658 333022 802100 663667 797400 307989 330191 371219 597163 47297 620217 876873 210315 696468 975746 468468 125373 653924 1 1066466 587438 783885 489378 572548 892373 699814 632316 591711 334093 156610 217692 187846 477456 270841 157151 243822 637585 917730 292624 726065 608186 60470 467095 676014 367048 89375 210786 358381 945095 749213 274016 909726 465953 425299 831994 530417 219668 550785 251660 723953 16785 592924 736971 390525 776239 635030 589830 1028443 782934 560900 805834 325935 438762 933766 716993 711330 446635 622967 759719 388711 292555 796524 670578 605075 651972 527138 970425 795287 981333 446322 442842 599588 383837 977168 691852 583896 517739 853225 640351 972239
 26901 913337 683083 484248 479809 900299 1002782 768845 831208 1039502 446548 544609 868906 533832 91540 607320 1103111 476330 1066466 1 489840 491309 920762 576783 222445 872968 445543 771595 818126 961666 924932 1211993 853249 973526 977040 856065 485330 594269 985646 671318 508338 1007450 731807 412475 829547 1005985 867969 952852 233868 718423 810935 427945 602210 644181 726111 856990 886070 830478 959680 781794 1055123 477066 579689 903642 381623 436841 581167 174753 494264 739201 355724 808394 746181 831402 388525 778412 827428 455657 632983 687376 962819 276578 437635 572910 533987 561465 110718 439361 299272 685734 627132 549729 745026 90589 397891 504455 557354 833900 884038 151834
 467558 434503 439080 141637 434713 495397 524916 370942 577334 556117 95914 408740 382679 231643 402765 188449 614154 117624 587438 489840 1 430677 599630 147743 362459 669920 159260 520928 411767 506794 435160 723215 410479 488108 487605 409648 251673 470646 502739 375324 240377 527207 394443 90240 444881 520153 406448 571015 361446 429046 322573 380545 158035 163187 490164 434317 438028 417152 536845 463750 574631 119253 460152 536460 329486 138101 320708 441780 432109 330902 236635 320743 278995 625248 246114 453570 372785 35535 521548 200092 479571 247804 234079 327358 334003 196650 387175 400920 410420 314852 145570 290663 346810 404752 209388 33638 69709 578745 645890 427280
 489820 795200 854713 551064 15272 520158 878754 415182 355271 776729 335462 784051 647448 644397 420530 361672 868564 526934 783885 491309 430677 1 468035 578218 273358 382627 271428 301379 458859 638284 739217 965150 818320 821799 764473 540179 187831 848557 844494 799221 210918 736916 331375 443540 443950 759522 575716 540724 567067 854023 615686 707867 391082 471140 906574 851726 565817 838982 589642 893301 779014 315443 90262 486481 132663 293176 194569 589181 2958 757775 549295 666887 678153 1040111 197663 883497 774439 425586 142382 519700 822636 297058 196661 179201 134492 297590 468095 53020 652291 337691 463641 191940 400336 419186 229808 464298 448605 1002484 399393 340377
 911625 694546 1005266 737652 483165 192403 744522 245885 135051 510259 553216 1005373 489289 818082 835291 412391 610550 715273 489378 920762 599630 468035 1 696191 700717 216452 512889 170256 228763 340283 582942 671101 795901 674656 565769 313198 441515 1065043 701854 929932 424371 473962 207655 674019 179232 519966 361024 132305 911675 975170 508160 978054 448052 493381 1051503 847399 313696 851785 237790 983417 494463 511187 384377 103850 542717 533167 341318 966762 465621 807941 823882 594881 678849 1181319 536381 970645 749645 623195 368658 508879 688166 660128 490475 348300 387270 411634 863044 507795 982221 284781 502907 374959 264995 835080 536916 622217 556984 1116600 155136 781020
 551629 341499 311222 98966 582416 560296 428944 452964 695145 533130 243595 322492 363024 130893 498824 292266 568432 100861 572548 576783 147743 578218 696191 1 490113 794527 306817 642753 483862 530644 381459 675593 280928 408557 443101 451086 396878 376153 416508 239691 382714 513053 501427 174709 525914 491984 431684 643258 396329 290625 299597 337606 252849 205349 359834 295786 474905 275296 586458 318799 557404 264366 604337 618377 475797 285834 456102 486159 579608 185793 247468 257730 171710 493524 392717 308056 251185 160128 664386 207713 394599 374866 381729 464716 476909 323759 466949 548553 415889 418316 193857 429235 431860 501373 356205 114295 147400 439648 764036 544354
 217833 795375 693510 420684 263285 694429 885605 565940 608787 871418 286869 587147 709683 500152 147188 423937 946387 402757 892373 222445 362459 273358 700717 490113 1 652257 260494 549298 615395 772400 780889 1053088 768453 844281 824858 666062 274163 648370 861002 657240 300325 835950 517931 316672 620961 842625 685376 740486 316528 710953 658491 488895 429371 488811 743369 785885 695731 764607 757434 764580 882923 303656 359625 689636 159321 261121 364182 321383 276307 673407 351064 676258 641064 867969 180316 757733 733378 336132 415737 537546 837785 115618 230051 354656 313449 368072 198307 220494 403234 480813 473759 334958 543416 145828 200832 388469 417999 848739 661821 83210
 870043 867078 1104175 811245 395216 393530 927967 392637 110681 716438 597701 1075105 667804 901091 798195 503575 817674 786780 699814 872968 669920 382627 216452 794527 652257 1 541050 152303 399082 546138 766170 884269 948764 859170 759181 497100 447535 1138403 886127 1034218 443874 678288 305754 724933 351473 721031 546192 347663 919326 1084510 672389 1024990 543733 609851 1153843 996335 505617 995295 449116 1104448 703420 558979 293323 309374 497121 565216 354212 956422 379699 937071 863577 753751 818729 1287998 524591 1092377 901413 683852 245090 639646 869820 648208 490964 351763 367457 474144 839891 433762 999458 385300 613970 388397 401258 797162 539678 699137 647260 1232187 61399 722736
 429517 555595 590649 286268 275685 458460 644116 326041 460981 610925 64930 538663 450580 380068 354124 164562 686889 261495 632316 445543 159260 271428 512889 306817 260494 541050 1 400657 374724 517545 526381 793055 556828 596273 566956 411442 98068 602896 615361 531060 97213 575561 307591 186844 391513 582388 426961 518581 398808 585461 402062 483996 169304 234895 642329 586071 441414 571303 515267 622513 622632 49586 304932 473655 178648 24687 187646 457595 272851 487779 322926 430478 418845 777047 97723 612512 515351 156994 367915 285184 592368 169055 74968 189292 183138 116447 365112 243387 470545 246419 221824 152782 301627 354963 63708 192889 184553 734757 526842 339946
 765045 724665 952908 662543 316263 286203 790221 251296 61370 601099 453490 928181 530580 751268 690112 351379 701980 638316 591711 771595 520928 301379 170256 642753 549298 152303 400657 1 267832 435104 629987 779398 799938 722649 629918 367970 312881 990939 749209 882420 304108 561308 156939 580438 226216 599409 415948 270401 790674 932468 528895 883419 391502 457845 1002333 846580 381928 844681 352074 952147 592585 413407 215217 219097 389994 424033 213486 835863 298818 785131 723215 607607 668157 1136277 399697 940082 752556 536779 199447 488766 731616 525500 359764 214516 241759 324383 724731 344605 867543 233840 461736 248920 256030 689529 408601 549299 495654 1079978 126372 626612
 803325 471358 787236 539561 473183 85058 529040 49496 288846 337230 392963 802436 269139 611307 727230 228246 436936 519612 334093 818126 411767 458859 228763 483862 615395 399082 374724 267832 1 181251 367114 521107 567396 460107 362538 100140 342240 859001 487092 710437 315154 296873 133166 496708 50195 332352 148428 160561 757704 753303 280729 790679 253768 278551 831646 618687 116218 623077 142105 757873 332384 353563 404644 136459 475934 387818 270431 826220 457559 581333 647328 366696 450825 959043 435315 744983 521001 441470 425632 285614 471073 542084 385424 284742 333180 258402 739658 477847 817407 134731 291079 289012 73165 727849 420688 427535 356513 891907 347033 698532
 944119 389848 802657 609232 652334 152725 420621 223124 441765 170517 518269 850998 196610 661127 870135 354346 271585 594481 156610 961666 506794 638284 340283 530644 772400 546138 517545 435104 181251 1 267345 344376 517926 351694 234183 106369 506257 899959 378208 724345 477440 133689 314171 596972 210818 180868 100991 213983 867826 757491 246569 863655 362884 346309 840068 572503 76701 585725 106362 745840 158071 484883 585895 238325 643973 524841 446628 945234 637109 570649 739530 327544 437068 955796 593003 732754 477358 541170 605513 325249 368927 686156 544352 461502 509496 404566 873174 654195 915477 304325 363397 460763 239571 871186 572278 511668 439849 880223 487609 854449
 902369 123655 585555 478699 750260 392069 162178 378926 655792 171197 494416 668006 99523 495799 837762 381262 186981 473999 217692 924932 435160 739217 582942 381459 780889 766170 526381 629987 367114 267345 1 294518 262262 93002 64534 271118 563869 705290 119991 510338 535765 169909 477838 515599 415519 128331 222355 470375 772737 531830 125385 711697 360710 292364 614492 316249 269593 334699 369029 506513 200922 479192 716349 479639 695329 521056 550849 860548 739080 344088 626427 123734 228240 716674 621951 493834 229190 469314 755587 243368 105231 672630 583279 565830 605583 446725 820876 735978 797310 421905 307132 547429 377584 839693 590017 421840 368970 636713 713695 854037
 1190362 362897 848488 773160 978237 494766 311779 556301 783400 188443 771610 949176 344427 786068 1123115 633368 109109 768453 187846 1211993 723215 965150 671101 675593 1053088 884269 793055 779398 521107 344376 294518 1 502071 286188 236187 427815 810070 979907 293155 778806 780679 228302 653731 806907 554888 210919 389473 538911 1067005 789427 401063 1001941 623807 569113 868451 546747 405635 573901 435169 749653 188751 749696 922011 575078 947871 792289 770586 1154426 964358 612490 920943 418091 515713 949656 883089 738333 487225 758194 946600 524631 307052 950638 838995 785950 831819 695732 1110378 973296 1091468 627793 585725 777509 567174 1124847 855014 712913 654800 866251 824126 1130266
 827452 146017 347312 369013 825460 616919 195991 559809 839543 430228 501362 461872 322840 335496 778280 472034 413360 378477 477456 853249 410479 818320 795901 280928 768453 948764 556828 799938 567396 517926 262262 502071 1 219156 320314 489368 630493 483916 208944 281477 608728 432163 643440 455345 617414 388613 447207 701440 654323 287481 288864 536741 435251 355724 366564 54626 498939 73873 610674 250089 460716 508206 823928 698022 734751 540749 659152 744921 819127 125908 506768 201309 140408 457392 651812 238114 47383 432962 876501 314854 196990 652840 629426 671609 698005 528174 742647 798176 651665 567687 359054 642002 548245 780914 615172 381298 372459 376035 904632 825067
 949800 76719 563114 507512 832242 483087 69909 471445 748792 224207 557797 663946 192082 507559 889103 460867 194225 507228 270841 973526 488108 821799 674656 408557 844281 859170 596273 722649 460107 351694 93002 286188 219156 1 120558 363733 642292 693737 27201 492686 615021 237196 569824 561077 508428 187406 314802 559610 804884 504902 206765 721981 436133 361774 585182 268081 360977 292616 456019 469135 254729 547638 803271 571094 769820 588266 636576 894605 821824 326327 655880 168109 239244 674738 693398 457244 201063 520234 844464 311272 22542 732747 657738 651314 689284 526041 866500 815464 820058 511519 374458 630851 469384 891255 659879 469676 426732 592360 806595 913924
 955082 176172 649172 539418 776306 373371 187502 382465 650003 109915 540209 732512 118173 559430 888753 413954 127172 533597 157151 977040 487605 764473 565769 443101 824858 759181 566956 629918 362538 234183 64534 236187 320314 120558 1 262740 595695 769760 145847 574331 566858 117028 483316 570750 408082 68958 214113 445738 831556 594782 167081 775166 398412 336913 677213 373302 254121 393710 339930 567454 140427 521420 734503 461935 730455 563832 572406 918579 764103 407711 686409 185940 292679 776911 660413 554918 290395 522418 769309 290464 140392 719297 619198 587680 630025 478757 874627 765359 858524 436550 352906 572791 385328 890565 630085 476755 419701 696166 704132 900081
 838836 381461 740227 521569 553789 127558 433268 128630 387481 241036 414261 773578 176092 581818 764526 248933 339118 504785 243822 856065 409648 540179 313198 451086 666062 497100 411442 367970 100140 106369 271118 427815 489368 363733 262740 1 400983 826109 390883 662100 371982 200545 227885 499212 145635 233057 49132 212430 768706 700427 200878 776520 260183 254458 781378 542485 30005 550404 135690 697328 239742 379797 494199 211248 539152 419252 346455 844066 539198 519730 645113 288608 385695 903752 486791 684254 444559 443083 520267 243521 376068 580226 438299 361628 408904 298197 768892 552924 819983 202960 270544 357972 140017 765530 465910 417885 345218 832347 443258 748083
 473764 611074 687573 383641 195394 420322 696422 292979 374106 623018 161662 636376 477525 477293 396974 182636 708014 358797 637585 485330 251673 187831 441515 396878 274163 447535 98068 312881 342240 506257 563869 810070 630493 642292 595695 400983 1 700694 663844 626425 29437 584918 246492 284751 346867 600035 426959 467905 477949 680458 438708 578457 206865 285546 739139 664282 429831 652142 483982 714992 630139 132691 208578 418318 138672 122710 101419 526646 188640 572567 416664 483028 490327 874029 96809 704578 586647 253759 270713 335081 641500 218614 48964 98379 85086 117229 421620 173383 554806 207520 276971 66647 271318 397066 96436 285018 261791 830057 437696 357360
 568620 617020 146453 329286 847020 936372 679831 825771 1047882 873550 542160 64623 717637 247849 564163 653326 882725 353023 917730 594269 470646 848557 1065043 376153 648370 1138403 602896 990939 859001 899959 705290 979907 483916 693737 769760 826109 700694 1 688851 202456 698044 861786 863172 416065 899526 830448 803520 1018935 362539 208219 657743 167183 616992 580662 161426 450453 848870 419568 961744 270872 901406 579642 902265 992243 720262 578212 785252 426366 850805 367417 302437 592070 479000 238261 651885 276277 492840 454561 966512 582689 673183 563606 666531 789563 785710 667151 502513 804215 298662 781649 567952 752404 803560 567367 623380 444462 508095 257323 1116326 656349
 961608 76279 555527 515223 854734 510262 42765 497950 775713 246566 575105 661366 218749 510363 902162 483105 207804 516198 292624 985646 502739 844494 701854 416508 861002 886127 615361 749209 487092 378208 119991 293155 208944 27201 145847 390883 663844 688851 1 486920 636866 261702 596033 573267 535495 211331 341971 586625 812460 496277 230715 723401 457252 381596 575450 255082 388172 281247 482796 457556 276816 566429 827443 598286 790003 606593 660442 902555 844572 322153 663098 185258 245406 660955 712762 445980 196542 534145 869328 331065 23221 748676 678064 675088 712444 548052 877906 837164 824850 536806 393650 653975 495540 904377 678828 482977 443028 578112 833669 929499
 644418 416063 78372 249075 801332 781010 477375 684508 934468 680678 466132 185621 533943 158715 615851 531595 683472 272626 726065 671318 375324 799221 929932 239691 657240 1034218 531060 882420 710437 724345 510338 778806 281477 492686 574331 662100 626425 202456 486920 1 615661 672318 739603 359145 755491 637500 632965 866149 443998 55035 478015 281304 491874 436616 121573 249921 681563 218710 796833 110702 709481 494510 834993 846704 683984 507713 693381 528464 800951 167347 320107 403880 290108 253904 604549 107196 291631 374325 896783 425091 471788 551233 603933 701153 709311 562574 564454 763305 414039 656448 427937 664941 664956 618940 570138 342638 387019 203704 1003317 689721
 495845 585252 678843 376490 219597 394361 669951 265747 364774 593589 155992 634065 448706 469525 419056 154558 678748 351609 608186 508338 240377 210918 424371 382714 300325 443874 97213 304108 315154 477440 535765 780679 608728 615021 566858 371982 29437 698044 636866 615661 1 555482 224885 282342 321818 570702 397589 444559 489855 669205 410765 581208 180744 260374 730150 643885 400937 632717 457137 701472 600713 121575 221879 395973 168054 121355 90684 542396 211462 554967 420086 457032 468357 865211 120816 690769 564319 246436 281769 309348 614644 237661 70967 92178 94195 89108 440682 200486 564482 180499 252730 55582 243616 419299 113245 273088 243437 818938 430077 383510
 987419 291003 749027 603580 750063 284953 302306 329159 572395 40500 561564 819711 150278 637845 916906 412512 140678 593630 60470 1007450 527207 736916 473962 513053 835950 678288 575561 561308 296873 133689 169909 228302 432163 237196 117028 200545 584918 861786 261702 672318 555482 1 428010 615651 335093 51181 161201 346954 884632 697521 213985 850466 408135 365345 780528 486065 180664 504532 238733 675254 47685 535188 694310 371716 723343 577474 542369 968055 736106 508620 745441 269771 383398 885778 661920 662466 398318 562740 720705 328286 257387 738577 616253 557722 603780 472624 910771 745838 921012 399492 382852 549949 339142 918370 635845 523451 457499 806271 620363 915252
 720139 568672 812612 534281 346151 189005 636424 100991 198384 468498 345634 802344 378358 618028 643334 210528 567002 511238 467095 731807 394443 331375 207655 501427 517931 305754 307591 156939 133166 314171 477838 653731 643440 569824 483316 227885 246492 863172 596033 739603 224885 428010 1 466662 112613 460429 272488 222672 706030 787777 372789 771092 248849 307056 860696 690638 248131 689594 258294 803292 464986 303601 272114 171941 367282 326874 155336 764321 329821 633126 616269 450703 513041 993181 343299 790956 596064 416570 292898 334214 577716 462497 294611 167255 214526 203995 665376 355917 775192 83163 313046 182996 100543 643471 337986 418811 357247 933376 266120 600655
 388757 501526 411301 110487 444498 581114 591398 453858 639256 643569 127247 351888 469474 201724 329511 269566 697817 88730 676014 412475 90240 443540 674019 174709 316672 724933 186844 580438 496708 596972 515599 806907 455345 561077 570750 499212 284751 416065 573267 359145 282342 615651 466662 1 526998 606646 496680 654385 271236 414179 408064 304884 243782 253075 463154 469841 527796 448033 624938 459893 662899 167139 488841 617259 324918 162158 370782 352468 445467 356735 151224 396731 336572 596579 246692 451533 423570 56159 552646 287514 550397 202434 252918 374249 369822 263062 305908 405125 321727 390950 235497 337179 429255 331841 213798 93995 158977 560815 706713 369729
 816111 521196 831798 576798 458749 76527 577633 74244 241927 374921 416874 841882 318220 651680 739510 257512 475764 555961 367048 829547 444881 443950 179232 525914 620961 351473 391513 226216 50195 210818 415519 554888 617414 508428 408082 145635 346867 899526 535495 755491 321818 335093 112613 526998 1 373792 194720 128239 782484 799306 330924 825259 287473 320832 876914 668552 156272 672607 145693 805439 367115 376044 382105 92733 474979 407021 264236 847592 442375 629377 678188 416828 499695 1005289 442583 792602 570941 472776 396468 331746 519898 555470 392785 277287 325341 277228 756024 468037 845461 145141 332171 287952 98072 739918 431898 463084 393645 939125 298177 704122
 985059 245056 713240 585630 772171 329090 251512 359976 613790 43186 562782 790886 137494 613137 916286 422481 109043 577578 89375 1005985 520153 759522 519966 491984 842625 721031 582388 599409 332352 180868 128331 210919 388613 187406 68958 233057 600035 830448 211331 637500 570702 51181 460429 606646 373792 1 188350 394850 872614 660011 198862 827727 413254 361810 742741 441881 217563 461760 286997 634614 72598 539559 721869 416906 737458 582134 565259 957853 758888 471900 730336 240039 351562 844522 672173 621979 357283 555558 751637 320083 208149 741427 628210 580656 625398 485111 906562 765183 904614 424322 378870 569919 367146 917907 644175 513182 450773 764141 663990 920334
 849611 334591 711319 508583 588881 172257 384425 171750 436484 201139 422387 753179 129001 562469 776581 262417 296195 493597 210786 867969 406448 575716 361024 431684 685376 546192 426961 415948 148428 100991 222355 389473 447207 314802 214113 49132 426959 803520 341971 632965 397589 161201 272488 496680 194720 188350 1 254899 767759 668935 161367 763224 266332 245386 750759 500916 51760 510402 166191 662269 204208 391053 534341 258280 565630 432118 381175 846060 574906 485146 638598 248126 350662 870421 508133 649164 403374 441048 563288 225085 327450 594089 460958 396526 442688 318089 776926 585191 814607 238357 262535 389325 179115 777772 484545 410759 339095 797277 492380 766342
 940313 587858 943585 700094 555946 85895 629369 200529 255199 381684 545109 962767 383100 771417 863551 384835 480941 680024 358381 952852 571015 540724 132305 643258 740486 347663 518581 270401 160561 213983 470375 538911 701440 559610 445738 212430 467905 1018935 586625 866149 444559 346954 222672 654385 128239 394850 254899 1 910712 907129 413281 950711 413052 438273 986771 754762 203651 762825 108277 907439 364256 504231 467115 54320 589508 534695 377708 975368 538742 729896 805462 500982 596607 1111927 564545 894413 656892 599760 466124 441373 574981 680613 515223 388971 435059 405127 882199 571964 973499 272328 451267 405536 225173 863829 556392 587723 516986 1042258 286680 823285
 207536 736954 450283 297385 560723 842755 822713 711943 851971 910939 365625 310962 736567 320961 204961 529835 958505 299031 945095 233868 361446 567067 911675 396329 316528 919326 398808 790674 757704 867826 772737 1067005 654323 804884 831556 768706 477949 362539 812460 443998 489855 884632 706030 271236 782484 872614 767759 910712 1 488487 673866 195406 509891 524200 492472 649606 797677 620964 891083 553426 931520 406576 641507 868882 435172 379200 578722 90747 569818 532879 149542 649877 567097 598390 394737 551070 635809 326713 704035 556534 790754 273042 431013 576298 552585 506445 141314 515612 86805 639681 506653 543276 687008 208106 382103 361328 429987 600158 914637 303286
 691548 429248 62440 304097 856217 821574 482115 729349 983669 703004 520534 208315 564105 213530 665815 581184 698204 327592 749213 718423 429046 854023 975170 290625 710953 1084510 585461 932468 753303 757491 531830 789427 287481 504902 594782 700427 680458 208219 496277 55035 669205 697521 787777 414179 799306 660011 668935 907129 488487 1 511024 315595 541210 482754 83091 247427 718529 217697 834103 67556 732490 548295 889033 889754 739018 562232 745905 570536 855738 189037 370592 432562 320504 206153 659531 69703 306008 428894 950593 467732 483202 605692 658552 753967 763022 614296 612892 818288 452052 704717 475078 717943 710514 668933 625056 396120 437948 149737 1052417 741792
 789327 195885 556266 389651 626405 328306 268165 279753 561858 237312 373232 611919 63714 426275 722213 256208 292203 380176 274016 810935 322573 615686 508160 299597 658491 672389 402062 528895 280729 246569 125385 401063 288864 206765 167081 200878 438708 657743 230715 478015 410765 213985 372789 408064 330924 198862 161367 413281 673866 511024 1 637200 235436 169957 593525 341685 212843 349702 327425 501581 259438 355567 596731 409299 569968 397773 429841 758995 615644 325062 532514 87748 190869 710566 497047 488472 243716 357779 639073 123641 210041 552266 457947 444557 482735 321670 709678 611141 707598 308000 185831 424353 272866 723980 465567 314428 253801 636481 624248 733175
 402051 647481 267610 255010 704596 873090 724206 751183 942908 869467 430362 118186 700582 216014 397458 568887 897538 272269 909726 427945 380545 707867 978054 337606 488895 1024990 483996 883419 790679 863655 711697 1001941 536741 721981 775166 776520 578457 167183 723401 281304 581208 850466 771092 304884 825259 827727 763224 950711 195406 315595 637200 1 537881 522163 304218 518323 802672 487410 909162 383032 894397 471396 769865 916992 576377 460000 671443 263699 710323 410880 161923 589467 486229 403458 515879 383462 530740 354927 834231 538422 704164 414196 538573 673239 661719 567865 335425 660437 138620 693891 506506 636767 727214 400656 491925 363184 434954 410302 1009789 491244
 583474 404510 564059 290444 400213 337664 489558 213324 442612 442612 156069 557529 281481 370310 511002 40250 517601 268930 465953 602210 158035 391082 448052 252849 429371 543733 169304 391502 253768 362884 360710 623807 435251 436133 398412 260183 206865 616992 457252 491874 180744 408135 248849 243782 287473 413254 266332 413052 509891 541210 235436 537881 1 80624 612559 474681 289729 467229 381668 561224 455536 127053 388906 379574 334714 169398 224169 583964 391469 398463 393791 276311 295486 745745 262087 549326 389437 188076 441450 128648 434801 330572 222600 236388 264343 94136 510694 380241 565379 165953 76421 207257 189537 512290 231877 175812 109029 688477 511446 507536
 623382 325747 511947 267360 479967 356150 412209 248484 504978 395812 203298 524921 224968 333254 554539 116315 460831 250333 425299 644181 163187 471140 493381 205349 488811 609851 234895 457845 278551 346309 292364 569113 355724 361774 336913 254458 285546 580662 381596 436616 260374 365345 307056 253075 320832 361810 245386 438273 524200 482754 169957 522163 80624 1 558185 396657 281174 390845 387319 496250 412949 187000 469183 413144 408423 228703 303496 604947 471590 327293 393222 198152 216777 688799 331685 483901 309541 198530 520822 50538 358796 382396 296582 316158 344963 174742 545681 458540 569233 224956 17628 287761 228386 556189 298598 165374 94243 626875 573102 563220
 699556 510102 51862 356362 907651 901441 559148 806052 1054978 785687 577689 186646 647052 262553 682674 652090 778994 380977 831994 726111 490164 906574 1051503 359834 743369 1153843 642329 1002333 831646 840068 614492 868451 366564 585182 677213 781378 739139 161426 575450 121573 730150 780528 860696 463154 876914 742741 750759 986771 492472 83091 593525 304218 612559 558185 1 323029 800033 294730 915533 123101 815259 608589 947228 967983 786599 618374 810218 567428 908461 272121 394022 515582 403265 135085 709807 132480 387710 485469 1009848 546131 563250 644089 713513 817370 823048 680953 625505 867966 442697 777534 549419 780790 786529 685861 676767 458364 506680 107998 1123868 765891
 830753 197726 309057 375338 858156 669977 236212 609367 887674 483136 527892 434531 377212 328646 785675 512633 461942 387990 530417 856990 434317 851726 847399 295786 785885 996335 586071 846580 618687 572503 316249 546747 54626 268081 373302 542485 664282 450453 255082 249921 643885 486065 690638 469841 668552 441881 500916 754762 649606 247427 341685 518323 474681 396657 323029 1 552671 31320 664830 202913 513716 538435 861768 750311 762397 568498 698809 739521 852678 117821 505019 253945 180014 406665 679042 191722 98011 453480 915944 358845 245604 670645 659872 710747 734835 566162 746300 828982 639744 613394 398269 679901 596900 788429 642241 403318 403365 324467 953376 838405
 868833 384653 759848 547663 579612 122554 430858 151638 397212 221012 444100 797235 179493 605783 794530 278924 320883 531386 219668 886070 438028 565817 313696 474905 695731 505617 441414 381928 116218 76701 269593 405635 498939 360977 254121 30005 429831 848870 388172 681563 400937 180664 248131 527796 156272 217563 51760 203651 797677 718529 212843 802672 289729 281174 800033 552671 1 562114 115602 713071 216923 409770 517304 210136 567764 449255 372811 873460 564757 535741 672984 299822 401302 920733 516302 699970 455133 471711 541027 267218 374800 610219 467668 387868 435496 327988 798794 579882 848165 229656 297590 385527 165602 795535 495700 445437 372894 848110 450068 777831
