NAME : domp30p10v8
COMMENT : Cherkesly, Contardo & Gruson 2022
TYPE : DOMP
DIMENSION : 30
DISPLAY_DATA_TYPE : NO_DISPLAY
OPEN_FACILITIES : 10
COST_SECTION
 1 412493 753783 222075 856561 456043 222783 450392 428802 784124 896606 683979 383227 747377 789193 107599 837283 820437 995287 787220 290393 909567 707286 756454 133716 482366 270822 316522 916050 710249
 412493 1 365889 216416 685697 321444 349826 225842 505307 717244 654665 271891 187117 448442 395330 464944 735974 461639 583185 492405 183482 526508 322668 369706 328439 520770 330124 483439 504122 380897
 753783 365889 1 580687 540475 421612 614744 527888 656478 671010 434473 165387 524873 229425 344226 778355 650641 126299 298971 256080 547886 160620 350628 5370 641217 637086 570995 701680 231057 156189
 222075 216416 580687 1 814618 405236 278631 235365 494337 795516 816442 483573 165394 630671 569756 305152 832246 668803 792800 674049 69828 741080 486761 584275 200492 531907 294254 421350 714609 574785
 856561 685697 540475 814618 1 412515 635347 911152 484603 200949 152853 675953 869215 311174 876509 809344 139572 445808 796066 287851 830052 545931 861935 536288 724686 427688 585782 602761 749946 389911
 456043 321444 421612 405236 412515 1 247504 539277 235861 400794 440613 456548 484822 315556 647631 430801 429530 430914 717820 348941 429144 542885 597635 421409 322330 225338 194904 288710 644341 308850
 222783 349826 614744 278631 635347 247504 1 495217 222861 563844 684533 590596 425727 557734 743335 183299 615070 655162 890409 593807 336627 757880 672477 616152 99284 269504 52626 144641 811911 536302
 450392 225842 527888 235365 911152 539277 495217 1 691693 939066 873404 381493 70725 660306 386110 540000 960651 643663 657131 703572 166168 680688 301039 532784 431486 718054 496103 639731 586030 585623
 428802 505307 656478 494337 484603 235861 222861 691693 1 365630 575197 687325 625814 520536 870582 351806 428169 653941 953531 544039 544914 769537 812609 656042 320701 59000 200304 123852 880200 533221
 784124 717244 671010 795516 200949 400794 563844 939066 365630 1 349876 779130 885612 450627 983080 715927 75283 600333 951748 442630 827087 711380 952768 667804 661920 307289 522702 489381 896081 514894
 896606 654665 434473 816442 152853 440613 684533 873404 575197 349876 1 586946 841781 219947 778443 866361 292366 322902 662570 182000 818974 409510 776518 429635 762910 523688 632243 682503 624145 302112
 683979 271891 165387 483573 675953 456548 590596 381493 687325 779130 586946 1 392276 370276 204014 729874 771094 291591 311340 405033 436409 302616 189614 170756 591050 681884 556745 703814 232232 288078
 383227 187117 524873 165394 869215 484822 425727 70725 625814 885612 841781 392276 1 634198 430016 470476 910941 633674 684748 678043 95789 682443 344609 529432 360764 654373 428567 570348 610362 563815
 747377 448442 229425 630671 311174 315556 557734 660306 520536 450627 219947 370276 634198 1 567289 739498 423743 151866 501191 44004 622622 268010 559195 225340 617350 484869 506080 599661 446526 82645
 789193 395330 344226 569756 876509 647631 743335 386110 870582 983080 778443 204014 430016 567289 1 855317 974727 464468 298240 598433 506812 432142 85519 349190 721832 871447 718222 870567 246623 486712
 107599 464944 778355 305152 809344 430801 183299 540000 351806 715927 866361 729874 470476 739498 855317 1 774615 830114 1038592 776328 374963 928003 776512 780366 139107 409014 235901 230897 959225 713664
 837283 735974 650641 832246 139572 429530 615070 960651 428169 75283 292366 771094 910941 423743 974727 774615 1 568547 920999 408956 858673 674824 950724 646982 711407 369202 570865 551850 869833 495159
 820437 461639 126299 668803 445808 430914 655162 643663 653941 600333 322902 291591 633674 151866 464468 830114 568547 1 352490 159621 644989 117850 476294 120932 698246 624047 606526 719584 304302 122074
 995287 583185 298971 792800 796066 717820 890409 657131 953531 951748 662570 311340 684748 501191 298240 1038592 920999 352490 1 512044 741544 253201 369485 300198 899496 935798 851612 990817 79415 444930
 787220 492405 256080 674049 287851 348941 593807 703572 544039 442630 182000 405033 678043 44004 598433 776328 408956 159621 512044 1 666542 268843 594565 251530 656373 504973 541742 628873 462610 121459
 290393 183482 547886 69828 830052 429144 336627 166168 544914 827087 818974 436409 95789 622622 506812 374963 858673 644989 741544 666542 1 708355 422747 551888 266255 578056 345116 480991 664439 560086
 909567 526508 160620 741080 545931 542885 757880 680688 769537 711380 409510 302616 682443 268010 432142 928003 674824 117850 253201 268843 708355 1 464778 156858 792880 741019 711065 830701 223640 236318
 707286 322668 350628 486761 861935 597635 672477 301039 812609 952768 776518 189614 344609 559195 85519 776512 950724 476294 369485 594565 422747 464778 1 355940 645038 818009 650770 803974 308017 476703
 756454 369706 5370 584275 536288 421409 616152 532784 656042 667804 429635 170756 529432 225340 349190 780366 646982 120932 300198 251530 551888 156858 355940 1 643394 636192 572148 702156 233096 152914
 133716 328439 641217 200492 724686 322330 99284 431486 320701 661920 762910 591050 360764 617350 721832 139107 711407 698246 899496 656373 266255 792880 645038 643394 1 368666 140747 227726 820133 584580
 482366 520770 637086 531907 427688 225338 269504 718054 59000 307289 523688 681884 654373 484869 871447 409014 369202 624047 935798 504973 578056 741019 818009 636192 368666 1 239002 182688 864508 505428
 270822 330124 570995 294254 585782 194904 52626 496103 200304 522702 632243 556745 428567 506080 718222 235901 570865 606526 851612 541742 345116 711065 650770 572148 140747 239002 1 153357 773707 486802
 316522 483439 701680 421350 602761 288710 144641 639731 123852 489381 682503 703814 570348 599661 870567 230897 551850 719584 990817 628873 480991 830701 803974 702156 227726 182688 153357 1 914213 597537
 916050 504122 231057 714609 749946 644341 811911 586030 880200 896081 624145 232232 610362 446526 246623 959225 869833 304302 79415 462610 664439 223640 308017 233096 820133 864508 773707 914213 1 383307
 710249 380897 156189 574785 389911 308850 536302 585623 533221 514894 302112 288078 563815 82645 486712 713664 495159 122074 444930 121459 560086 236318 476703 152914 584580 505428 486802 597537 383307 1
LAMBDA_SECTION
1 472
2 707
3 731
4 625
5 988
6 660
7 670
8 657
9 404
10 953
11 167
12 25
13 399
14 694
15 317
16 287
17 498
18 975
19 127
20 12
21 445
22 541
23 615
24 515
25 770
26 399
27 314
28 800
29 912
30 233
