NAME : domp40p20v8
COMMENT : Cherkesly, Contardo & Gruson 2022
TYPE : DOMP
DIMENSION : 40
DISPLAY_DATA_TYPE : NO_DISPLAY
OPEN_FACILITIES : 20
COST_SECTION
 1 184038 291541 187660 428515 280467 509746 324086 421010 271763 207918 198308 572915 64281 610776 111487 404413 235262 513399 354501 464915 35387 146857 375247 412373 490944 245877 278835 496425 184610 421039 454574 391455 46279 597572 631418 319268 175389 232252 322455
 184038 1 257228 230388 366533 418797 692097 497757 428222 429406 369633 78804 631799 183511 585112 236742 316696 89991 502789 170481 282986 154382 288591 203033 458508 312322 417949 261416 497949 77727 570203 470275 224906 224306 415186 672003 328191 286884 48216 493827
 291541 257228 1 447751 137773 315531 727829 455423 671599 554220 328893 179433 853541 231654 839628 400019 573279 345035 245874 333052 375686 261725 438360 413616 685002 374468 515188 25617 744597 179618 704156 217350 442246 292396 553034 904502 567921 209341 268661 444774
 187660 230388 447751 1 576315 458213 556373 462985 233841 251900 374459 295761 407790 247789 423562 102029 252830 203320 685841 358867 480817 200614 131943 330449 237340 518370 270855 441639 309236 287141 367805 634139 332420 223419 562452 456776 131622 362963 262939 466017
 428515 366533 137773 576315 1 421214 854005 570763 792762 691891 452510 288717 983919 369354 950525 535619 671677 446491 170559 389448 389007 397700 575360 480644 813312 372011 651990 155310 863810 293762 841757 194116 510311 430131 566473 1031489 690540 336490 363694 558718
 280467 418797 315531 458213 421214 1 449736 153987 682614 398811 92258 380913 789588 242256 878600 360878 684619 495898 402125 571799 654329 287288 361100 621551 652831 665107 338941 289957 756650 369232 526388 319915 643637 237374 817439 860059 587030 134035 460118 140562
 509746 692097 727829 556373 854005 449736 1 297278 668223 309822 401509 703584 629434 534739 845935 477736 799923 723785 851820 861303 974465 542958 430164 866131 588667 1000537 286971 704656 718598 689543 282061 769318 875460 476338 1097331 710989 623597 518974 740059 311591
 324086 497757 455423 462985 570763 153987 297278 1 660794 319298 134038 480757 723307 315224 858422 361246 711258 559071 555114 664306 761421 346044 339420 697088 611674 778532 257550 430494 730038 467370 418002 472328 714726 278438 911611 799953 578164 250372 544260 14644
 421010 428222 671599 233841 792762 682614 668223 660794 1 371340 594228 504379 231179 481626 197967 322425 217107 362181 914222 496589 607558 434168 325503 428155 92544 650868 420611 668369 75421 499010 406085 866031 413401 453955 624234 249828 104201 595813 443381 666887
 271763 429406 554220 251900 691891 398811 309822 319298 371340 1 308761 465290 404015 323956 561881 193503 490232 438485 749758 588200 708116 306670 141284 576156 304828 740586 62266 537454 431661 452293 150113 678256 581303 261894 809374 480936 315194 378830 474044 329329
 207918 369633 328893 374459 452510 92258 401509 134038 594228 308761 1 347613 697335 186140 791140 274580 610099 437468 464414 533356 628020 223135 270588 571474 561614 644596 250259 304863 667669 334409 441450 385842 590885 161969 780900 767887 500864 119909 414927 127111
 198308 78804 179433 295761 288717 380913 703584 480757 504379 465290 347613 1 702191 170948 663858 280101 393851 165613 424444 191101 280726 163199 329031 251782 529650 300237 443918 185585 575106 14051 611768 394576 277983 227264 436757 745641 402891 246949 93028 474660
 572915 631799 853541 407790 983919 789588 629434 723307 231179 404015 697335 702191 1 637195 276910 461705 446359 578888 1085797 722068 836121 596300 438842 658053 173440 878923 465967 845489 203128 694280 348381 1027020 644221 592372 854312 81647 309594 734577 655371 733286
 64281 183511 231654 247789 369354 242256 534739 315224 481626 323956 186140 170948 637195 1 668583 175704 447455 254372 449228 349155 450010 49317 208294 385536 476091 471097 289855 217165 557008 156976 474067 390466 405546 63321 596388 695396 378753 121245 229240 310737
 610776 585112 839628 423562 950525 878600 845935 858422 197967 561881 791140 663858 276910 668583 1 517736 292290 504735 1085258 608523 700905 619835 523333 523024 258865 745124 614600 839869 130239 661183 570251 1043824 499742 646711 666278 231372 292339 786151 588298 864688
 111487 236742 400019 102029 535619 360878 477736 361246 322425 193503 274580 280101 461705 175704 517736 1 351535 248234 624886 395123 514666 138309 52221 389238 303865 547145 191892 388801 397116 268142 333942 565373 397753 134008 621737 521612 226403 277821 280675 364072
 404413 316696 573279 252830 671677 684619 799923 711258 217107 490232 610099 393851 446359 447455 292290 351535 1 228325 817850 316255 411815 399296 384571 231865 300175 456073 519506 578111 253238 394346 573947 786893 210568 449005 407974 451445 187579 568370 308589 713012
 235262 89991 345035 203320 446491 495898 723785 559071 362181 438485 437468 165613 578888 254372 504735 248234 228325 1 589568 155559 277498 214450 299232 142915 406346 315428 439781 350564 427316 166794 567590 559603 156497 280634 373796 610913 269438 367485 83664 556912
 513399 502789 245874 685841 170559 402125 851820 555114 914222 749758 464414 424444 1085797 449228 1085258 624886 817850 589568 1 553813 559561 489671 655045 642545 921339 542002 699898 246061 988007 425358 894757 83466 672070 500066 736887 1141348 810122 371056 510563 541118
 354501 170481 333052 358867 389448 571799 861303 664306 496589 588200 533356 191101 722068 349155 608523 395123 316255 155559 553813 1 121979 324503 447215 93544 552276 160462 583195 349015 553529 202568 721470 546055 122770 394377 247545 746084 413930 437768 122297 659440
 464915 282986 375686 480817 389007 654329 974465 761421 607558 708116 628020 280726 836121 450010 700905 514666 411815 277498 559561 121979 1 432605 566876 180944 668668 44275 700402 397048 659465 294262 842966 569932 201471 501410 179390 855248 530598 522277 235754 755127
 35387 154382 261725 200614 397700 287288 542958 346044 434168 306670 223135 163199 596300 49317 619835 138309 399296 214450 489671 324503 432605 1 178616 351048 432321 457602 281233 250723 509459 149431 455623 434423 368994 69926 569446 652173 330829 170302 202311 343190
 146857 288591 438360 131943 575360 361100 430164 339420 325503 141284 270588 329031 438842 208294 523333 52221 384571 299232 655045 447215 566876 178616 1 439211 292071 599335 143225 425152 397885 316630 283147 591458 446572 155428 672132 503999 238762 295853 332830 344169
 375247 203033 413616 330449 480644 621551 866131 697088 428155 576156 571474 251782 658053 385536 523024 389238 231865 142915 642545 93544 180944 351048 439211 1 493592 225014 581128 426813 478588 260062 698218 629778 29668 419509 233222 674779 357015 488875 162563 694035
 412373 458508 685002 237340 813312 652831 588667 611674 92544 304828 561614 529650 173440 476091 258865 303865 300175 406346 921339 552276 668668 432321 292071 493592 1 710756 360298 678358 129982 522113 318832 866349 482579 437695 701887 220013 138348 581526 482039 619361
 490944 312322 374468 518370 372011 665107 1000537 778532 650868 740586 644596 300237 878923 471097 745124 547145 456073 315428 542002 160462 44275 457602 599335 225014 710756 1 730178 397308 703389 314154 877749 558555 245745 525240 195904 898906 572523 535059 266574 771540
 245877 417949 515188 270855 651990 338941 286971 257550 420611 62266 250259 443918 465967 289855 614600 191892 519506 439781 699898 583195 700402 281233 143225 581128 360298 730178 1 496731 484503 430337 194886 626252 589350 226538 813498 542408 354373 329266 464666 267326
 278835 261416 25617 441639 155310 289957 704656 430494 668369 537454 304863 185585 845489 217165 839869 388801 578111 350564 246061 349015 397048 250723 425152 426813 678358 397308 496731 1 742003 183837 687089 209063 455011 276254 573448 898223 564350 185745 277164 419718
 496425 497949 744597 309236 863810 756650 718598 730038 75421 431661 667669 575106 203128 557008 130239 397116 253238 427316 988007 553529 659465 509459 397885 478588 129982 703389 484503 742003 1 570357 446563 940768 460637 529128 658850 198217 178945 671176 509935 736683
 184610 77727 179618 287141 293762 369232 689543 467370 499010 452293 334409 14051 694280 156976 661183 268142 394346 166794 425358 202568 294262 149431 316630 260062 522113 314154 430337 183837 570357 1 599119 392832 285639 213230 448927 738874 396886 235200 99087 461399
 421039 570203 704156 367805 841757 526388 282061 418002 406085 150113 441450 611768 348381 474067 570251 333942 573947 567590 894757 721470 842966 455623 283147 698218 318832 877749 194886 687089 446563 599119 1 821015 699179 411937 929626 430028 386803 523963 612655 430757
 454574 470275 217350 634139 194116 319915 769318 472328 866031 678256 385842 394576 1027020 390466 1043824 565373 786893 559603 83466 546055 569932 434423 591458 629778 866349 558555 626252 209063 940768 392832 821015 1 658699 436075 749270 1085839 761905 300185 485502 458247
 391455 224906 442246 332420 510311 643637 875460 714726 413401 581303 590885 277983 644221 405546 499742 397753 210568 156497 672070 122770 201471 368994 446572 29668 482579 245745 589350 455011 460637 285639 699179 658699 1 436456 230505 657859 347794 511696 187115 712156
 46279 224306 292396 223419 430131 237374 476338 278438 453955 261894 161969 227264 592372 63321 646711 134008 449005 280634 500066 394377 501410 69926 155428 419509 437695 525240 226538 276254 529128 213230 411937 436075 436456 1 639319 654563 354390 143842 272223 276492
 597572 415186 553034 562452 566473 817439 1097331 911611 624234 809374 780900 436757 854312 596388 666278 621737 407974 373796 736887 247545 179390 569446 672132 233222 701887 195904 813498 573448 658850 448927 929626 749270 230505 639319 1 856391 571928 683617 367768 906900
 631418 672003 904502 456776 1031489 860059 710989 799953 249828 480936 767887 745641 81647 695396 231372 521612 451445 610913 1141348 746084 855248 652173 503999 674779 220013 898906 542408 898223 198217 738874 430028 1085839 657859 654563 856391 1 343998 797996 690846 809524
 319268 328191 567921 131622 690540 587030 623597 578164 104201 315194 500864 402891 309594 378753 292339 226403 187579 269438 810122 413930 530598 330829 238762 357015 138348 572523 354373 564350 178945 396886 386803 761905 347794 354390 571928 343998 1 494584 347459 582886
 175389 286884 209341 362963 336490 134035 518974 250372 595813 378830 119909 246949 734577 121245 786151 277821 568370 367485 371056 437768 522277 170302 295853 488875 581526 535059 329266 185745 671176 235200 523963 300185 511696 143842 683617 797996 494584 1 326856 241195
 232252 48216 268661 262939 363694 460118 740059 544260 443381 474044 414927 93028 655371 229240 588298 280675 308589 83664 510563 122297 235754 202311 332830 162563 482039 266574 464666 277164 509935 99087 612655 485502 187115 272223 367768 690846 347459 326856 1 539969
 322455 493827 444774 466017 558718 140562 311591 14644 666887 329329 127111 474660 733286 310737 864688 364072 713012 556912 541118 659440 755127 343190 344169 694035 619361 771540 267326 419718 736683 461399 430757 458247 712156 276492 906900 809524 582886 241195 539969 1
LAMBDA_SECTION
1 983
2 723
3 632
4 131
5 723
6 878
7 845
8 31
9 830
10 696
11 656
12 601
13 118
14 868
15 566
16 219
17 261
18 281
19 135
20 340
21 322
22 530
23 541
24 331
25 259
26 117
27 971
28 936
29 625
30 9
31 394
32 970
33 771
34 681
35 444
36 685
37 266
38 582
39 737
40 52
