NAME : domp100p50v7
COMMENT : Cherkesly, Contardo & Gruson 2022
TYPE : DOMP
DIMENSION : 100
DISPLAY_DATA_TYPE : NO_DISPLAY
OPEN_FACILITIES : 50
COST_SECTION
 1 432446 221815 765957 417658 657025 815794 261886 803285 742261 837485 598748 137154 274316 670268 437400 1063517 504172 806743 813277 693799 317384 1040599 475200 644273 803881 703762 903764 833599 1040555 810921 173308 477893 347357 404305 919104 693060 587100 393909 784200 534512 863902 632999 628188 557967 786469 776031 851299 828528 649641 1010486 670168 1121688 1003953 373562 135527 591197 755061 303524 136044 993277 939768 643577 800068 862015 500584 737419 22965 625713 976497 47475 888270 1173996 738333 876576 995807 879115 826124 638929 779954 1094212 891994 208584 879521 1103453 915344 62662 817499 690209 404324 840544 430076 595921 680368 42308 685297 688785 561295 603807 650131
 432446 1 224377 392860 215766 225742 408262 432951 468224 512510 406294 419173 303099 391702 570407 161038 632168 90703 539699 402470 380495 365621 617701 522384 357344 478275 527431 616689 747886 608126 481650 405515 272127 95848 340294 488112 556269 315065 65451 452647 115193 439990 230729 340060 193841 406669 345481 492855 437884 399874 579139 325580 708753 572832 338980 495220 375401 370127 240988 360919 649315 521834 427619 368470 492393 185023 436022 455077 203954 549849 477797 470778 756909 426059 447460 611946 501722 705847 467262 595429 700004 493148 370009 506829 693210 488082 450869 458695 418805 278177 453245 274319 319091 329148 474279 617520 350821 564270 265423 546661
 221815 224377 1 546110 299411 449279 628443 237642 656779 555990 621498 519609 84837 208762 530837 287895 847022 285750 610993 623698 482822 210963 819896 395439 437489 592776 534628 704449 708423 827022 599141 266330 279896 131121 251208 702566 539052 461319 204919 639008 336307 664289 446509 420422 336640 615492 559659 693305 651871 452924 794116 514451 899895 787311 229246 270877 401200 580654 116118 137184 780593 745373 549687 584824 643389 281692 606040 242920 427190 757016 269205 666989 952368 601504 671435 775903 659516 685282 467741 611223 873353 710863 163079 660571 881639 696288 229257 600161 571637 221834 666018 241268 468566 462308 263968 561538 537124 464634 385857 507803
 765957 392860 546110 1 592387 305872 469657 637702 649798 281689 257227 748766 629353 590951 462155 530031 406376 302269 244613 455899 129493 538061 328048 581286 180196 126546 355959 273323 584956 418764 123276 786024 321462 437740 445660 295995 414890 618524 457942 644284 379207 417271 420604 184579 211764 538202 230917 630383 531980 229747 364714 552474 374116 356367 471517 775754 278387 508477 473035 650946 258774 496086 734093 251980 99960 265433 669134 785770 362753 295375 813383 187518 431900 650608 382962 229870 113455 520267 341744 379650 329363 544091 615028 115681 352341 256681 760195 69872 686337 400810 548802 373245 617290 90121 807419 520122 574386 561403 164046 447357
 417658 215766 299411 592387 1 341461 429110 536536 385841 727635 533863 223694 336022 507771 770383 62899 745743 297647 755221 430456 594724 502969 760180 682138 573105 688690 738174 830299 950207 708785 691274 306208 475125 244866 512843 611201 762231 170576 156538 366685 221505 498196 262677 555824 407106 381034 482168 436298 427148 614890 695045 257547 864239 690553 501317 527763 586689 354374 383997 415202 851160 558991 250314 496374 689151 399840 320823 439394 286167 686409 451119 630124 904953 320849 524701 796848 694359 912819 675714 808269 874824 493402 460558 701619 852603 626244 462313 661014 277961 459720 436604 464477 179092 538789 451606 812821 273686 739949 479606 746423
 657025 225742 449279 305872 341461 1 212908 641021 353669 537877 193977 453003 528841 596225 664015 281284 414627 178963 530233 202780 370652 559796 419033 685767 381737 427480 585866 576885 824006 385722 426189 610506 396404 318585 505800 273936 632529 320340 266671 345451 129007 219717 115589 370381 230135 251998 140759 348006 262559 440411 362161 246629 523036 356680 515634 719548 449259 217112 444395 584685 551260 306004 432341 155858 387003 283290 364278 679796 61403 345842 701671 291639 563587 346312 222261 471977 384313 768380 542354 635769 540077 300899 585791 394877 512020 285109 676602 374107 380662 441416 280052 425287 317767 295845 698540 719471 268864 705160 281363 642706
 815794 408262 628443 469657 429110 212908 1 839529 204561 732144 239849 430513 699981 796605 872563 386911 367088 385584 711465 14087 562653 764437 428405 897706 583216 596163 788272 740123 1026882 317315 592433 732756 609268 503951 716570 276026 838159 315215 426359 207591 293288 93680 183279 573907 442122 91200 240624 165639 63927 643008 327395 196790 543976 326626 724620 897669 658100 88390 644195 765566 676097 130083 387244 225575 524658 496105 260794 838715 206127 357405 856554 368105 565024 240256 139386 564895 512328 968280 749392 831680 600014 88206 778249 525975 542454 316785 845848 528762 307841 651864 79739 636960 307528 487084 855014 928857 199421 918049 487582 851889
 261886 432951 237642 637702 536536 641021 839529 1 889352 532642 784863 754365 218166 47417 422632 524556 1001584 462596 607739 832810 534086 100176 951854 213825 477931 637405 476819 706757 576466 991903 646021 412428 316484 339319 198922 861027 453876 698711 432842 872104 547892 860731 663643 465787 461630 838619 724284 921549 870828 462400 950498 745965 1011460 942842 169073 174799 398647 802456 196629 145404 823585 946545 786517 752175 721089 393476 842156 265857 633514 899858 292097 797663 1068595 836768 859118 857669 743295 575195 418029 549264 961324 925482 77275 739644 989982 843589 210437 672306 809088 236991 886117 264459 705832 547625 283309 430017 769562 301071 477748 404979
 803285 468224 656779 649798 385841 353669 204561 889352 1 891264 441166 284237 711416 852291 1006268 372463 561289 484789 882787 217728 724311 831894 631327 989679 733660 775192 935960 923117 1172607 508169 772785 682939 719644 553659 806638 480474 979403 220318 456637 19392 364827 295288 257340 721296 571634 116397 431384 68124 146145 791316 526435 143662 746781 526575 807010 908470 793422 141519 706263 787072 873102 291758 229881 421754 716300 610089 84695 825149 312400 561423 836857 569848 764757 72287 342474 767037 706719 1119274 888217 988631 804566 191482 818612 719678 746141 521205 845903 714026 145893 742965 137561 734801 211043 649342 837432 1059436 119812 1025693 631409 983859
 742261 512510 555990 281689 727635 537877 732144 532642 891264 1 537473 926165 622032 494631 201456 673207 675773 441833 82448 719124 169493 440194 581413 391233 160988 180760 86727 177448 303277 695048 189876 822244 276843 502903 342183 576723 147210 808216 571851 882242 558536 691775 639819 176277 333500 788223 503616 883740 791096 112758 639275 772524 589415 631025 374009 701996 154798 754458 445869 607837 320477 774054 925835 527850 296263 327795 893288 756537 581553 565787 785828 462287 648173 877231 661068 406035 323175 239307 118094 99765 504568 812806 545499 311340 564844 535103 713920 255552 896603 339674 808525 316286 809713 245142 777992 255173 797203 337820 264290 194902
 837485 406294 621498 257227 533863 193977 239849 784863 441166 537473 1 617994 704585 737926 706522 474680 226039 336057 500698 225894 374281 693438 226920 785438 411127 378598 607002 513829 840415 207615 373088 802553 495712 491227 620007 81830 663488 486931 455599 441190 322223 167038 283986 407624 326982 324802 61918 405296 303488 469225 173003 386432 335737 166562 637628 886304 502599 305331 592848 751713 437113 239730 586698 38402 291683 394668 483999 859872 247932 152596 883413 128688 372090 463530 127315 325872 276335 776671 582446 636273 370695 299237 740291 290553 327773 93822 850747 304540 518945 560615 318218 538046 482154 305480 879575 764675 401054 784307 338593 689082
 598748 419173 519609 748766 223694 453003 430513 754365 284237 926165 617994 1 544602 728343 987216 260837 793966 484521 943028 438688 778642 726022 838619 905817 766712 860226 946258 1007845 1165940 746537 861020 447753 689421 465979 735663 681657 975198 132869 370600 266993 374491 521058 340205 750437 594400 348150 582201 351441 396132 814651 749933 237322 951761 747737 724836 723271 794275 342148 607690 624715 1002071 549972 56382 586104 837225 602281 199549 617829 391882 763804 622067 736484 981800 213894 561480 924081 836406 1124985 886432 1012877 985719 458107 677437 846357 945325 710605 652518 818583 138362 680910 396626 683738 136432 713442 624881 1031826 231119 963075 666447 963318
 137154 303099 84837 629353 336022 528841 699981 218166 711416 622032 704585 544602 1 205729 574654 338958 930383 369496 681836 696146 561082 229310 904583 409798 513423 671264 592333 777236 747395 909312 677987 212580 350224 213359 296530 785893 589682 505180 273628 692979 411163 740965 516840 496829 420851 680128 642852 752921 719047 523692 877417 571905 984685 870706 269004 199023 468240 646556 176381 80125 860056 820098 581297 667608 725942 364199 653975 158092 502698 841353 184608 751792 1037204 651686 750351 859223 742636 731011 525923 669208 957268 780099 142153 743314 966365 780480 147813 681974 613859 282550 732366 305951 513219 544454 179211 598587 593038 488164 467881 552706
 274316 391702 208762 590951 507771 596225 796605 47417 852291 494631 737926 728343 205729 1 397808 491515 954273 417474 567959 789586 488906 55622 904477 206213 433055 593267 443147 667003 559316 944847 601757 411211 270061 299685 155901 813868 424744 666437 395805 835359 506130 815846 622342 420490 414296 798204 677475 882555 829335 419890 903241 708674 964537 895572 124961 207568 356439 761782 152471 144487 780336 902043 758077 705438 675158 346117 807709 281994 590480 852450 309925 750261 1021569 801544 813438 811832 697117 552809 382129 517196 915330 883008 67775 693690 943148 796230 230268 626526 776816 190141 844851 217807 673244 500844 301299 410991 732665 289074 430570 378631
 670268 570407 530837 462155 770383 664015 872563 422632 1006268 201456 706522 987216 574654 397808 1 726391 866524 525200 279952 860728 334527 353153 777459 230684 295983 378991 114752 362009 180301 880916 388456 786883 298313 526437 280208 756545 55215 884690 616896 994366 648168 847485 748935 301766 435770 914589 663251 1010346 926209 237298 826603 874236 790481 818265 305821 597131 214772 878454 415221 535617 517115 933858 998017 690118 493786 398443 993047 679357 694945 755574 707568 648974 849362 979686 823155 607462 520805 156541 124579 152204 705809 958086 461749 509827 765952 718770 628025 449801 984771 316231 943753 306806 888162 401128 698984 58207 899911 154187 385076 23962
 437400 161038 287895 530031 62899 281284 386911 524556 372463 673207 474680 260837 338958 491515 726391 1 689642 237924 697665 386673 535903 480076 700316 653793 516685 627989 687971 770771 905258 654510 630345 346639 428766 208120 478585 553070 715071 175105 109985 354072 158997 449429 211644 499662 348282 349439 421651 415472 392739 560683 638357 233984 803233 633584 470379 536467 535989 319140 356722 414967 788791 515454 276186 436868 626503 346026 318179 459940 228173 626982 475023 568323 844790 314153 472793 733978 631536 865200 626976 756425 812348 457551 450953 638867 791217 566390 475701 598847 285374 421695 404013 423360 181748 478146 474400 771135 254321 706145 421031 702489
 1063517 632168 847022 406376 745743 414627 367088 1001584 561289 675773 226039 793966 930383 954273 866524 689642 1 561310 617443 357144 535865 907101 114375 980365 584619 496559 756716 594314 973079 55616 488113 1025118 699868 717058 826618 144491 817103 670659 679991 568526 543580 273968 485116 586274 539993 456765 287567 504949 416250 636114 53040 556789 207700 59724 847323 1110162 682238 453873 813177 976001 463710 275536 753331 263698 383050 608225 626731 1085890 461763 111068 1109449 219059 208520 606409 232563 326175 357320 905263 747830 766861 300910 374901 961198 371031 217552 158812 1076194 420264 674909 771003 423729 746416 664153 482738 1105613 924034 563831 966694 535504 852775
 504172 90703 285750 302269 297647 178963 385584 462596 484789 441833 336057 484521 369496 417474 525200 237924 561310 1 460748 377097 298103 380969 537309 514329 282225 391299 467635 532894 697458 542503 394150 492700 234901 156830 331841 416889 503652 367581 155678 471670 122990 398400 229332 265921 110800 404322 274153 497265 426638 331015 508436 349358 623929 501592 339040 550866 317685 367089 266120 416011 559273 484967 484671 299859 401719 126758 467849 526194 183049 472332 550806 387044 673742 454610 397044 521759 411064 649927 412535 530639 611053 473552 409869 416127 607503 411194 514885 368542 461773 267009 443412 254208 369685 241473 546452 576615 375091 542632 183565 502182
 806743 539699 610993 244613 755221 530233 711465 607739 882787 82448 500698 943028 681836 567959 279952 697665 617443 460748 1 697927 164704 512809 517497 473318 183562 123953 166576 99054 355863 641437 131170 875649 331846 543798 413211 530095 224837 819901 602296 875398 569728 661874 638821 201321 349950 774935 474987 869033 772715 158247 584788 772668 516031 576712 444985 774362 215809 743038 505699 674153 238468 740203 937799 496580 234393 359932 892626 822155 579794 509570 851423 411077 574152 875426 627195 331221 260326 287833 199130 151207 426905 787971 615400 247054 491372 485585 782055 201507 901545 402426 789831 376921 820469 235444 843846 330874 796434 419990 277239 275515
 813277 402470 623698 455899 430456 202780 14087 832810 217728 719124 225894 438688 696146 789586 860728 386673 357144 377097 697927 1 549644 756720 416306 888245 570768 582386 775771 726190 1014345 308157 578612 733016 599150 498278 707505 263221 825952 321297 422566 220252 287845 83189 180281 561639 431243 103346 226656 179693 78010 630604 316491 203489 531864 315495 716027 893413 646395 96883 637125 760873 662041 128835 396406 211492 510587 486066 272138 836218 199336 344883 854436 354226 553697 251534 127702 551084 498242 955518 737387 818704 586875 98282 772272 511889 530025 303483 842414 514814 317924 642873 93785 627573 313829 474133 852756 917148 207631 907634 475673 840164
 693799 380495 482822 129493 594724 370652 562653 534086 724311 169493 374281 778642 561082 488906 334527 535903 535865 298103 164704 549644 1 434001 455282 456512 56880 110186 232784 236305 468338 547294 117131 740107 221867 396750 336342 422022 289484 655198 444592 715962 405053 523951 476287 68475 187675 619632 336186 714913 621696 100256 493790 609935 490509 485441 365095 684939 152221 586331 391222 568881 299517 607573 773097 361425 189753 209726 730321 711728 417425 424867 740437 316943 549490 713551 495076 324883 214189 406994 212677 269079 429048 643575 522452 208294 467334 384895 679124 140328 737601 302228 639107 274109 655779 75736 733639 392693 634061 432560 115155 318826
 317384 365621 210963 538061 502969 559796 764437 100176 831894 440194 693438 726022 229310 55622 353153 480076 907101 380969 512809 756720 434001 1 854281 184847 377955 537871 391236 611829 520658 899506 546403 440862 216637 278748 100297 767997 376242 654959 378400 815583 477837 778603 594430 365663 367585 771527 633724 858472 800308 364272 856574 688363 912022 848796 69398 261849 300845 734679 125688 182481 724761 865711 752089 661987 620924 299351 792017 327442 558724 803900 356112 700554 969360 784549 773798 757495 643189 509371 328988 466168 861163 851691 109569 639482 890398 748615 278730 572131 764823 138012 816274 164980 661222 448056 347686 371653 712975 259163 379205 332779
 1040599 617701 819896 328048 760180 419033 428405 951854 631327 581413 226920 838619 904583 904477 777459 700316 114375 537309 517497 416306 455282 854281 1 909299 508088 400664 665057 486288 873057 160841 391638 1020902 640614 693831 767256 157017 726051 709547 672586 635736 545158 336063 509978 512517 494329 519545 279131 581557 485384 554593 114228 602949 115572 110798 790757 1073898 606217 509234 771481 942144 350396 362028 803425 263874 285203 560886 688009 1062304 474672 75105 1087532 154819 145191 667348 289143 212814 258397 804622 663024 668390 190804 455323 918899 270872 116136 133946 1046749 327658 730216 716390 495850 690160 704163 412894 1082906 834015 614263 887624 475573 765519
 475200 522384 395439 581286 682138 685767 897706 213825 989679 391233 785438 905817 409798 206213 230684 653793 980365 514329 473318 888245 456512 184847 909299 1 401734 539407 315604 567661 365805 982650 548982 617405 292686 446673 183376 851277 274639 826866 547342 974569 626571 896666 741036 396790 465313 917833 730867 1009161 940917 361940 933645 847777 946157 925435 184266 381064 304293 880575 298236 350303 708460 985243 928899 759547 643369 403666 957509 479678 697377 871210 505825 763219 1005332 948207 883686 773271 669044 372341 274746 376334 876722 985911 273793 661500 922620 822963 424074 594446 935336 247894 957731 260768 832459 498295 497031 223880 873123 88606 447885 219229
 644273 357344 437489 180196 573105 381737 583216 477931 733660 160988 411127 766712 513423 433055 295983 516685 584619 282225 183562 570768 56880 377955 508088 401734 1 161637 205104 269457 443751 592982 169616 698639 168403 361206 279804 465074 256244 647532 419205 723980 397628 552547 480214 17848 172813 633527 367343 729458 639847 59951 540769 612333 546654 532438 308866 630772 98193 598847 340836 517159 351075 638327 765256 394137 246583 176378 733115 661607 422418 474032 690520 365672 605518 717346 527255 381729 270823 386714 171525 255404 485909 666846 468335 265137 523627 430725 627242 197169 735666 247932 657391 219963 648916 105817 683514 353981 637182 382078 103513 278017
 803881 478275 592776 126546 688690 427480 596163 637405 775192 180760 378598 860226 671264 593267 378991 627989 496559 391299 123953 582386 110186 537871 400664 539407 161637 1 265234 149533 477077 518585 9686 848618 329960 503112 438546 406143 326340 732439 543430 769189 486279 541804 540460 176473 284796 664318 356880 756819 658526 179742 462161 673637 413240 454017 468517 792331 242578 634106 501039 678260 189706 618327 849419 376838 115506 316896 791738 821700 481755 387512 850456 287379 472457 773619 505624 234414 142444 409868 272308 270478 337377 669876 629927 130923 388938 361752 788442 77689 806025 409542 675344 381595 731955 149901 843613 434555 696282 501728 216140 369027
 703762 527431 534628 355959 738174 585866 788272 476819 935960 86727 607002 946258 592333 443147 114752 687971 756716 467635 166576 775771 232784 391236 665057 315604 205104 265234 1 254353 238647 773516 274595 799560 266850 501889 299501 651898 61107 834666 581729 925557 589049 755198 680383 215501 366309 837854 568166 933852 844908 145588 718418 810453 675841 710112 330255 650056 152030 802810 419828 567805 404866 839731 950961 593873 380488 344398 930903 716056 623701 646109 745140 540782 734678 916025 727537 492711 407495 183528 66888 76886 591243 871564 499970 396156 651295 612173 669571 337739 928889 312867 862457 294392 837078 304890 736942 169329 835731 254970 304835 108940
 903764 616689 704449 273323 830299 576885 740123 706757 923117 177448 513829 1007845 777236 667003 362009 770771 594314 532894 99054 726190 236305 611829 486288 567661 269457 149533 254353 1 401545 625856 150779 967497 427051 629952 512147 528180 307268 880961 680894 917558 633421 680068 689992 287189 423309 811174 499576 902587 803178 254133 568944 823146 463998 561345 543896 873313 313850 781767 601619 771906 162114 751930 998201 517104 224547 443493 941086 919547 631274 492752 948783 406371 519455 922871 640915 281385 245288 333002 295538 216039 364770 810521 714051 230506 439656 480599 880218 211420 955531 499710 819709 473688 880669 294617 941297 407291 845728 509178 351268 361508
 833599 747886 708423 584956 950207 824006 1026882 576466 1172607 303277 840415 1165940 747395 559316 180301 905258 973079 697458 355863 1014345 468338 520658 873057 365805 443751 477077 238647 401545 1 995525 485237 959963 476520 706586 457216 879508 193914 1060889 796099 1161697 820210 992228 916082 453888 601259 1075988 804518 1172002 1083529 384161 939205 1044427 863786 931043 480690 746731 380435 1040715 593531 701827 562946 1075793 1175281 829536 590109 571320 1164286 840433 860212 864547 867643 763471 920184 1150094 963087 679232 616172 68889 285272 206761 766290 1109928 625944 602908 839245 837069 786440 554385 1158938 496298 1101080 487081 1064010 542183 858902 149012 1069922 277203 542677 204208
 1040555 608126 827022 418764 708785 385722 317315 991903 508169 695048 207615 746537 909312 944847 880916 654510 55616 542503 641437 308157 547294 899506 160841 982650 592982 518585 773516 625856 995525 1 510661 994229 697174 696184 823022 132036 833144 625504 652387 515983 513612 225480 446504 592970 532068 405804 269211 450753 363936 647006 56991 509992 261857 64847 842075 1093280 689318 405030 800427 958501 503199 220561 704478 242686 408194 600205 575372 1063150 428289 133178 1085872 232857 264119 555202 187504 366679 383737 928452 759969 788786 351014 320458 947906 398054 270239 162441 1056189 441144 624901 765223 370686 741705 618670 488698 1082404 938858 515686 973970 535114 865975
 810921 481650 599141 123276 691274 426189 592433 646021 772785 189876 373088 861020 677987 601757 388456 630345 488113 394150 131170 578612 117131 546403 391638 548982 169616 9686 274595 150779 485237 510661 1 854175 337768 508122 447209 399167 335700 732799 546905 767007 487415 536912 539637 184116 288516 661459 352706 753619 654991 189062 454150 672580 403590 446028 477074 800387 251736 631564 508303 685754 182390 612795 849588 372170 106436 322301 790338 828856 481063 379313 857568 279908 462800 772098 500250 224754 133307 417852 281992 278774 327774 665463 637948 121585 379279 354431 795967 70427 805342 417543 671739 389552 732192 152699 850767 443923 695051 511413 220747 378594
 173308 405515 266330 786024 306208 610506 732756 412428 682939 822244 802553 447753 212580 411211 786883 346639 1025118 492700 875649 733016 740107 440862 1020902 617405 698639 848618 799560 967497 959963 994229 854175 1 545783 348608 507719 883734 800299 462623 348317 663548 481539 795527 557697 681143 574803 687198 744145 738334 733320 718045 972658 562721 1114152 967107 481068 308830 667447 660390 379744 268148 1032831 861849 497592 764155 885730 531907 608959 186038 566261 951030 181626 876052 1161637 613482 816737 1012074 898441 943077 732743 876353 1103512 799473 343874 901689 1098723 889213 235589 846407 555666 486893 742794 507392 471906 709321 186443 811124 577084 698496 634935 764740
 477893 272127 279896 321462 475125 396404 609268 316484 719644 276843 495712 689421 350224 270061 298313 428766 699868 234901 331846 599150 221867 216637 640614 292686 168403 329960 266850 427051 476520 697174 337768 545783 1 235289 126984 565158 287107 586761 319902 706343 356003 604259 463955 153738 172631 637171 439525 731156 655951 173603 650894 582872 695512 642871 150489 463076 122383 600099 174730 349062 519477 692856 699714 468240 405411 113213 699672 494577 414779 593777 523647 488266 753018 687428 591054 542162 427102 437720 201990 340895 645438 697302 300592 423902 673801 541103 459011 357079 688236 80697 673136 52571 590434 231538 516451 345921 608635 309482 165336 274543
 347357 95848 131121 437740 244866 318585 503951 339319 553659 502903 491227 465979 213359 299685 526437 208120 717058 156830 543798 498278 396750 278748 693831 446673 361206 503112 501889 629952 706586 696184 508122 348608 235289 1 270512 572567 521028 380195 100758 537121 210689 535016 325053 343363 226237 499311 429508 582872 532196 391713 664080 410017 778172 657393 262708 400968 353405 463223 153115 266180 684995 617462 484270 454275 537283 187043 513658 369429 299771 629161 393980 542570 829071 505872 540839 665121 550556 671654 437276 574973 758953 588445 274557 553417 760950 567988 360027 497835 488869 215056 547235 219883 385814 361047 389630 568035 434441 498113 287639 502483
 404305 340294 251208 445660 512843 505800 716570 198922 806638 342183 620007 735663 296530 155901 280208 478585 826618 331841 413211 707505 336342 100297 767256 183376 279804 438546 299501 512147 457216 823022 447209 507719 126984 270512 1 690990 293175 649083 369903 791699 443207 720091 557725 268462 293688 734655 562475 825798 758429 264004 777386 665131 819595 769401 31850 361167 200549 697404 136941 268440 624779 808406 754764 591135 524778 227880 776195 416974 514762 720749 446150 615201 877550 766348 710268 660902 547796 435734 234746 375882 764895 804724 203339 543371 797460 667819 372236 475644 756287 64835 775136 82330 654219 356433 438059 310719 690573 227614 292289 257548
 919104 488112 702566 295995 611201 273936 276026 861027 480474 576723 81830 681657 785893 813868 756545 553070 144491 416889 530095 263221 422022 767997 157017 851277 465074 406143 651898 528180 879508 132036 399167 883734 565158 572567 690990 1 710483 552953 537200 483473 402759 187048 355790 464022 400432 366455 143092 435393 335970 520658 91550 445959 271321 84851 710151 966292 560265 353792 670767 831945 428091 234215 646496 119952 304026 468646 533235 941455 325133 82742 965102 121810 300637 512562 139557 301967 283086 813722 634116 673153 324746 315367 818599 297892 267604 48855 931763 328742 573941 633343 348099 609714 547440 359838 961221 814699 457549 844494 403494 740631
 693060 556269 539052 414890 762231 632529 838159 453876 979403 147210 663488 975198 589682 424744 55215 715071 817103 503652 224837 825952 289484 376242 726051 274639 256244 326340 61107 307268 193914 833144 335700 800299 287107 521028 293175 710483 1 867985 606785 968266 626339 808682 722588 264354 407805 884255 622686 980241 893465 196372 778294 850559 736616 769975 321734 628599 186548 848648 422963 557264 461905 894090 982980 648937 441577 377746 970377 703658 667098 706371 732353 600597 795383 956223 782459 553161 468586 150677 91387 101847 651033 922556 485801 457262 712049 671461 654394 398613 965277 318882 911030 304924 870933 359325 723923 108229 876071 204723 351392 56240
 587100 315065 461319 618524 170576 320340 315215 698711 220318 808216 486931 132869 505180 666437 884690 175105 670659 367581 819901 321297 655198 654959 709547 826866 647532 732439 834666 880961 1060889 625504 732799 462623 586761 380195 649083 552953 867985 1 279607 200928 250415 401137 207370 631939 474751 243807 449664 277537 292975 698334 624757 118801 821774 622048 642844 698274 683640 228362 531022 583570 870298 441603 117926 454287 705529 490779 150397 608510 259384 634520 618852 604034 853567 151844 438479 791213 704173 1016044 777645 898194 853422 359005 624265 714319 814645 580060 632804 688196 110409 589773 297848 588400 9332 587550 619830 932489 123148 875890 545408 861053
 393909 65451 204919 457942 156538 266671 426359 432842 456637 571851 455599 370600 273628 395805 616896 109985 679991 155678 602296 422566 444592 378400 672586 547342 419205 543430 581729 680894 796099 652387 546905 348317 319902 100758 369903 537200 606785 279607 1 439585 140822 470054 243294 401694 258753 410584 396352 489685 447241 459101 627172 313145 766927 621286 363249 471582 430164 375766 253142 340919 714702 547234 385540 417287 557313 244296 413621 416850 231809 602904 437250 528756 813615 406430 483231 675457 566166 757210 519598 651741 761983 507105 363417 571548 752163 541062 419993 524044 388112 312035 461217 313375 285118 394490 434670 661239 336920 597206 329753 592971
 784200 452647 639008 644284 366685 345451 207591 872104 19392 882242 441190 266993 692979 835359 994366 354072 568526 471670 875398 220252 715962 815583 635736 974569 723980 769189 925557 917558 1161697 515983 767007 663548 706343 537121 791699 483473 968266 200928 439585 1 350867 299841 245693 711321 560476 117212 428703 84454 152298 781259 532359 127268 751289 532206 791590 889828 782054 137892 689912 768858 870823 301666 213249 420308 712830 597442 67975 806035 301884 564995 817646 569732 770652 53767 346595 766862 703934 1108990 876990 979196 806774 202367 801053 716695 750027 523139 827042 709245 128693 728233 145677 720545 191654 641295 818250 1047178 102718 1011613 621362 971828
 534512 115193 336307 379207 221505 129007 293288 547892 364827 558536 322223 374491 411163 506130 648168 158997 543580 122990 569728 287845 405053 477837 545158 626571 397628 486279 589049 633421 820210 513612 487415 481539 356003 210689 443207 402759 626339 250415 140822 350867 1 330024 116595 382362 225165 293838 266065 382935 323214 449765 491159 226914 645750 485685 445786 606755 440088 256886 354526 473463 636780 409287 368333 283882 472853 249732 344886 557431 91571 473014 578054 409799 688782 331852 342415 576001 476071 771883 535109 650040 653364 377956 485139 484205 633149 411666 558596 448922 339855 378999 338838 370031 251442 338953 575416 699355 252676 660869 295101 625116
 863902 439990 664289 417271 498196 219717 93680 860731 295288 691775 167038 521058 740965 815846 847485 449429 273968 398400 661874 83189 523951 778603 336063 896666 552547 541804 755198 680068 992228 225480 536912 795527 604259 535016 720091 187048 808682 401137 470054 299841 330024 1 237866 545749 432065 184600 188185 248346 149586 612325 233719 284699 451563 233016 732051 935164 636001 179932 664108 800890 601974 88599 479455 165295 458680 493316 354446 886854 238475 266560 906741 290017 471484 333923 47558 483898 443240 930661 722992 791445 511746 132700 805013 457523 450918 231073 888544 469667 401087 656547 161124 638347 394042 450327 904428 904992 290276 908002 465158 828215
 632999 230729 446509 420604 262677 115589 183279 663643 257340 639819 283986 340205 516840 622342 748935 211644 485116 229332 638821 180281 476287 594430 509978 741036 480214 540460 680383 689992 916082 446504 539637 557697 463955 325053 557725 355790 722588 207370 243294 245693 116595 237866 1 466963 314827 177465 242806 268331 207207 536667 435513 133861 619693 431577 561464 714838 536363 140390 471004 583400 666690 307449 317158 249395 502558 353257 254035 655942 59050 434986 674284 397211 655050 237482 262083 583977 499485 863894 631301 735613 646741 264371 599462 510245 611140 377797 662570 489267 265816 493151 222522 482502 204020 403379 672538 802143 157775 771921 377022 726520
 628188 340060 420422 184579 555824 370381 573907 465787 721296 176277 407624 750437 496829 420490 301766 499662 586274 265921 201321 561639 68475 365663 512517 396790 17848 176473 215501 287189 453888 592970 184116 681143 153738 343363 268462 464022 264354 631939 401694 711321 382362 545749 466963 1 157244 622360 361925 718354 629787 70081 541503 598582 554505 533193 296881 616703 96349 587381 324921 501805 366161 632119 749569 389158 256463 158614 719338 645705 409520 476097 674560 367756 613143 703785 521726 392440 279979 398190 177243 268977 496457 658209 454215 275057 531750 431086 611975 207229 720984 233888 647346 205798 633450 104287 667617 359431 623553 381047 89978 282899
 557967 193841 336640 211764 407106 230135 442122 461630 571634 333500 326982 594400 420851 414296 435770 348282 539993 110800 349950 431243 187675 367585 494329 465313 172813 284796 366309 423309 601259 532068 288516 574803 172631 226237 293688 400432 407805 474751 258753 560476 225165 432065 314827 157244 1 478993 268819 574642 492588 224849 489131 444144 566001 481406 310647 580107 221878 442731 277155 449924 460657 520652 592448 297462 311089 68272 564620 578467 259495 438890 605437 339516 620180 549728 418456 440458 324962 549786 316584 425150 536807 529502 424688 327371 546853 381991 556976 271982 564286 233633 510045 211447 476214 137018 599863 490368 469439 477232 72793 413925
 786469 406669 615492 538202 381034 251998 91200 838619 116397 788223 324802 348150 680128 798204 914589 349439 456765 404322 774935 103346 619632 771527 519545 917833 633527 664318 837854 811174 1075988 405804 661459 687198 637171 499311 734655 366455 884255 243807 410584 117212 293838 184600 177465 622360 478993 1 316129 96016 49208 692368 418218 127322 635114 417612 738856 879150 700091 37261 647569 750898 757222 201832 301584 305613 601505 524834 170059 809112 222400 448224 824461 453476 656081 149662 230584 650667 591267 1020235 793798 886755 689563 115401 772420 604392 633370 405931 822215 601007 219741 669962 55674 658438 235201 544046 823811 969358 121237 946317 533318 892889
 776031 345481 559659 230917 482168 140759 240624 724284 431384 503616 61918 582201 642852 677475 663251 421651 287567 274153 474987 226656 336186 633724 279131 730867 367343 356880 568166 499576 804518 269211 352706 744145 439525 429508 562475 143092 622686 449664 396352 428703 266065 188185 242806 361925 268819 316129 1 404379 303972 426683 234574 357897 382308 227941 579128 824414 454937 290813 531587 689804 442159 271568 555189 28715 285479 335826 464205 798370 199139 207208 822073 154418 423189 444268 159913 345072 275341 742595 538694 603268 403936 313176 678837 288320 371615 145650 788898 288175 493011 502124 320304 480263 445770 263451 818160 721139 375463 733523 286969 644783
 851299 492855 693305 630383 436298 348006 165639 921549 68124 883740 405296 351441 752921 882555 1010346 415472 504949 497265 869033 179693 714913 858472 581557 1009161 729458 756819 933852 902587 1172002 450753 753619 738334 731156 582872 825798 435393 980241 277537 489685 84454 382935 248346 268331 718354 574642 96016 404379 1 101815 788351 473344 181495 696366 474203 828701 951370 795935 131919 733549 826504 841733 231247 297599 390818 689460 619284 152258 873530 316878 514200 886703 533197 710915 137832 295857 729527 677669 1116171 889740 982426 760057 130458 853097 691210 697323 478824 891154 691654 213145 761328 87649 750822 268214 639249 886801 1064954 162733 1039842 629333 988566
 828528 437884 651871 531980 427148 262559 63927 870828 146145 791096 303488 396132 719047 829335 926209 392739 416250 426638 772715 78010 621696 800308 485384 940917 639847 658526 844908 803178 1083529 363936 654991 733320 655951 532196 758429 335970 893465 292975 447241 152298 323214 149586 207207 629787 492588 49208 303972 101815 1 699370 380397 175975 600771 380458 764417 917909 711446 73602 677670 788158 739981 154273 348403 289448 588443 542862 212249 851278 243678 416118 867358 431482 618731 192510 197026 627995 576238 1025960 803902 890375 660652 66771 806459 589866 600462 378297 862578 591920 265340 693595 17565 680439 284391 545978 866455 981900 170434 965413 542138 905072
 649641 399874 452924 229747 614890 440411 643008 462400 791316 112758 469225 814651 523692 419890 237298 560683 636114 331015 158247 630604 100256 364272 554593 361940 59951 179742 145588 254133 384161 647006 189062 718045 173603 391713 264004 520658 196372 698334 459101 781259 449765 612325 536667 70081 224849 692368 426683 788351 699370 1 593808 667887 584632 585460 295097 623523 63885 657439 347710 518199 361522 697901 815639 453236 281610 215057 788590 665530 479410 525122 694747 417161 643887 773222 586564 411868 307554 328110 113549 200308 515719 726769 462530 299646 560943 484566 627021 232990 789134 245800 716923 219570 700148 163870 687306 295454 692953 333056 159914 220233
 1010486 579139 794116 364714 695045 362161 327395 950498 526435 639275 173003 749933 877417 903241 826603 638357 53040 508436 584788 316491 493790 856574 114228 933645 540769 462161 718418 568944 939205 56991 454150 972658 650894 664080 777386 91550 778294 624757 627172 532359 491159 233719 435513 541503 489131 418218 234574 473344 380397 593808 1 512627 224782 8350 797519 1057629 637765 412367 761298 923366 448033 249299 710930 210671 351320 557401 588156 1032865 410264 76208 1056410 177704 238335 567641 189418 312289 326777 871996 706381 732506 304497 345049 909254 341078 229148 110709 1023313 384851 634149 720982 389409 696741 618534 437436 1052578 884427 521056 922489 487283 812061
 670168 325580 514451 552474 257547 246629 196790 745965 143662 772524 386432 237322 571905 708674 874236 233984 556789 349358 772668 203489 609935 688363 602949 847777 612333 673637 810453 823146 1044427 509992 672580 562721 582872 410017 665131 445959 850559 118801 313145 127268 226914 284699 133861 598582 444144 127322 357897 181495 175975 667887 512627 1 716958 510485 664559 770107 664012 109561 562705 646252 793785 322834 200725 357382 630939 475980 120783 692488 192908 528495 706184 509781 745323 105669 324243 702968 625916 993923 759175 867535 756853 242611 675705 637417 711625 477326 709660 620434 135616 601959 182636 595034 110858 537225 706085 925969 25764 886244 508877 851355
 1121688 708753 899895 374116 864239 523036 543976 1011460 746781 589415 335737 951761 984685 964537 790481 803233 207700 623929 516031 531864 490509 912022 115572 946157 546654 413240 675841 463998 863786 261857 403590 1114152 695512 778172 819595 271321 736616 821774 766927 751289 645750 451563 619693 554505 566001 635114 382308 696366 600771 584632 224782 716958 1 222893 845633 1144433 642326 624525 840576 1015747 308881 474068 917618 370861 303069 629176 803474 1142763 580924 188593 1169023 238180 59317 782808 404705 185102 277131 794917 685174 665909 109354 569237 985660 285239 24662 242009 1122945 351734 845195 774470 611028 747090 816664 463982 1163863 844524 728859 914218 534653 781722
 1003953 572832 787311 356367 690553 356680 326626 942842 526575 631025 166562 747737 870706 895572 818265 633584 59724 501592 576712 315495 485441 848796 110798 925435 532438 454017 710112 561345 931043 64847 446028 967107 642871 657393 769401 84851 769975 622048 621286 532206 485685 233016 431577 533193 481406 417612 227941 474203 380458 585460 8350 510485 222893 1 789615 1050506 629450 411027 753870 916309 441357 251585 709188 204430 343354 549672 587419 1026305 405430 68613 1049938 169381 238513 566869 188067 305943 318900 863864 698032 724334 300338 346419 901853 333234 226395 102478 1016477 376674 632858 713109 389795 688813 615915 429139 1046066 876093 519296 914172 479171 803715
 373562 338980 229246 471517 501317 515634 724620 169073 807010 374009 637628 724836 269004 124961 305821 470379 847323 339040 444985 716027 365095 69398 790757 184266 308866 468517 330255 543896 480690 842075 477074 481068 150489 262708 31850 710151 321734 642844 363249 791590 445786 732051 561464 296881 310647 738856 579128 828701 764417 295097 797519 664559 845633 789615 1 329441 231856 701677 119043 237563 655377 820027 746094 607675 552679 243321 773411 385862 520941 742521 414991 637862 903303 764322 724113 689091 575284 462051 265958 406394 792917 812582 171555 571258 823744 688543 340617 503727 751125 77021 780890 100993 648349 381802 406848 332874 689782 239524 315191 283723
 135527 495220 270877 775754 527763 719548 897669 174799 908470 701996 886304 723271 199023 207568 597131 536467 1110162 550866 774362 893413 684939 261849 1073898 381064 630772 792331 650056 873313 746731 1093280 800387 308830 463076 400968 361167 966292 628599 698274 471582 889828 606755 935164 714838 616703 580107 879150 824414 951370 917909 623523 1057629 770107 1144433 1050506 329441 1 560865 845525 303858 135054 981179 1016013 765089 850594 865920 515348 848222 125667 697891 1015290 142210 919234 1199607 847059 941805 1002412 886048 748669 589636 723318 1104422 978597 162490 884185 1124354 955931 73660 818531 805046 382867 931320 410916 706664 686415 134134 602206 790787 469636 611880 579722
 591197 375401 401200 278387 586689 449259 658100 398647 793422 154798 502599 794275 468240 356439 214772 535989 682238 317685 215809 646395 152221 300845 606217 304293 98193 242578 152030 313850 380435 689318 251736 667447 122383 353405 200549 560265 186548 683640 430164 782054 440088 636001 536363 96349 221878 700091 454937 795935 711446 63885 637765 664012 642326 629450 231856 560865 1 664101 291872 458344 425407 723273 799540 482650 340186 192895 783860 606412 481373 571841 635689 463465 701409 769675 614175 472736 365427 332461 95165 222069 576853 743995 400543 358522 618971 527401 566384 290953 779457 186959 728988 162308 686269 200632 628082 270760 689527 284732 171269 193791
