NAME : domp20p5v1
COMMENT : Cherkesly, Contardo & Gruson 2022
TYPE : DOMP
DIMENSION : 20
DISPLAY_DATA_TYPE : NO_DISPLAY
OPEN_FACILITIES : 5
COST_SECTION
 1 344737 233149 495993 1016891 712502 696483 577082 122725 205069 723250 395633 251795 493801 521346 365277 515122 351072 453286 363246
 344737 1 228313 657594 1103937 816888 646766 811363 348863 538119 540640 718701 555679 798496 697784 441425 230392 43548 448518 80288
 233149 228313 1 430875 900771 604161 497860 584142 161106 368632 491090 526328 359634 590665 470233 222367 306415 261852 263266 293747
 495993 657594 430875 1 526202 227171 399053 201535 382682 410896 605844 392669 325263 358361 44602 223404 651388 692640 285239 724522
 1016891 1103937 900771 526202 1 304528 519512 557742 898112 931899 780863 865748 844627 782314 512015 680617 1006852 1145272 655775 1181105
 712502 816888 604161 227171 304528 1 335316 323543 593596 637915 598722 600201 551839 539108 222760 381942 751830 856604 377678 891482
 696483 646766 497860 399053 519512 335316 1 587852 578453 720038 269506 769705 652565 754588 432157 341713 502468 690291 243240 727053
 577082 811363 584142 201535 557742 323543 587852 1 488732 423631 806846 312531 341219 225117 160065 406704 837926 841258 484143 869389
 122725 348863 161106 382682 898112 593596 578453 488732 1 207550 628455 372908 207569 449733 412070 243224 467076 369493 336184 392207
 205069 538119 368632 410896 931899 637915 720038 423631 207550 1 816564 191302 87462 295891 419961 382245 674527 550197 493330 565533
 723250 540640 491090 605844 780863 598722 269506 806846 628455 816564 1 918529 771252 933221 646862 453043 330444 581172 343121 614659
 395633 718701 526328 392669 865748 600201 769705 312531 372908 191302 918529 1 166723 117138 380699 465512 830021 734530 576968 752238
 251795 555679 359634 325263 844627 551839 652565 341219 207569 87462 771252 166723 1 245869 332824 323680 663912 574009 436788 594061
 493801 798496 590665 358361 782314 539108 754588 225117 449733 295891 933221 117138 245869 1 334168 486282 885216 818652 590780 839545
 521346 697784 470233 44602 512015 222760 432157 160065 412070 419961 646862 380699 332824 334168 1 266801 695741 732068 329551 763397
 365277 441425 222367 223404 680617 381942 341713 406704 243224 382245 453043 465512 323680 486282 266801 1 431573 479088 113154 512881
 515122 230392 306415 651388 1006852 751830 502468 837926 467076 674527 330444 830021 663912 885216 695741 431573 1 264879 379494 294299
 351072 43548 261852 692640 1145272 856604 690291 841258 369493 550197 581172 734530 574009 818652 732068 479088 264879 1 490340 36804
 453286 448518 263266 285239 655775 377678 243240 484143 336184 493330 343121 576968 436788 590780 329551 113154 379494 490340 1 526531
 363246 80288 293747 724522 1181105 891482 727053 869389 392207 565533 614659 752238 594061 839545 763397 512881 294299 36804 526531 1
LAMBDA_SECTION
1 577
2 159
3 355
4 998
5 68
6 533
7 452
8 657
9 881
10 371
11 309
12 260
13 899
14 972
15 623
16 970
17 305
18 112
19 805
20 444
