NAME : domp40p10v1
COMMENT : Cherkesly, Contardo & Gruson 2022
TYPE : DOMP
DIMENSION : 40
DISPLAY_DATA_TYPE : NO_DISPLAY
OPEN_FACILITIES : 10
COST_SECTION
 1 772332 697636 63405 187225 717841 551489 1004838 802206 758057 541548 697300 117510 572227 338517 449970 637164 803915 448030 232537 711837 282529 687693 658549 594992 821312 897594 762681 321580 506827 757544 141230 300885 721474 518341 837457 362005 554745 367975 825267
 772332 1 168030 750112 824474 548945 374590 325458 136273 859590 392398 449188 815524 217077 473878 443019 207531 281491 413574 688090 76818 1022178 426419 425204 474077 611133 434346 555701 640398 418535 297638 721931 607018 747308 356387 649717 545189 527027 665995 82222
 697636 168030 1 688395 715431 381955 218422 310490 297530 691815 236629 282349 762118 243606 368448 469023 291075 155360 433574 571475 100675 921595 259245 257189 550281 449831 309372 391300 638882 267933 147528 621488 482884 579327 399697 488091 550463 364322 526180 249983
 63405 750112 688395 1 249386 742226 559577 998122 770071 804583 551435 713597 80397 543315 343052 401447 602442 803885 403202 275927 693708 336503 702117 673157 540662 847338 906626 786332 260178 518640 759834 189219 331766 761473 475181 865830 307210 579786 409103 798227
 187225 824474 715431 249386 1 634207 527343 1005124 881927 605851 512780 639337 296668 651624 351443 587049 729571 790354 575778 146933 754542 210025 635884 607676 743755 729090 854093 679585 496595 475241 738925 109263 239931 589614 638502 737696 518497 477882 255013 889642
 717841 548945 381955 742226 634207 1 243371 503400 679216 325584 237262 99761 822243 563827 421709 726580 639350 309772 691050 500833 481716 834983 122716 130000 856703 106659 266832 45494 823251 251733 267020 588251 418031 211328 692261 133351 761917 163096 379610 629861
 551489 374590 218422 559577 527343 243371 1 479121 486183 502860 18207 171327 639206 329732 216705 483712 411542 263011 447976 380410 298193 737264 153151 127453 614157 343419 347082 275196 593947 53353 211937 447412 287522 397671 449709 375192 525290 156041 313109 455655
 1004838 325458 310490 998122 1005124 503400 479121 1 432110 823298 494916 425887 1072430 521268 669738 754777 531392 219236 721968 858390 336255 1214500 414469 434213 799421 506437 256197 482625 939798 532222 272721 918911 765999 711462 673436 540588 847756 578460 786840 355135
 802206 136273 297530 770071 881927 679216 486183 432110 1 982785 503015 579764 826541 231772 541740 410366 169801 417552 389388 755586 197539 1068431 556521 552651 394832 745550 569187 688538 616200 523828 433359 774763 683425 872221 319716 784043 521128 641913 754545 76976
 758057 859590 691815 804583 605851 325584 502860 823298 982785 1 488193 419979 875306 828400 581544 935167 912839 635321 904046 528677 787256 758134 440035 435876 1086304 325794 573513 340757 970088 478597 591304 617299 490975 114534 926696 300305 935688 349441 398452 941721
 541548 392398 236629 551435 512780 237262 18207 494916 503015 488193 1 171600 631338 342301 209490 489383 425154 277890 453970 365897 315913 722785 155249 127989 622694 339378 356103 271231 593733 37551 226148 434747 272850 384229 458394 370027 527284 140057 295715 473327
 697300 449188 282349 713597 639337 99761 171327 425887 579764 419979 171600 1 793963 473489 376859 650747 545698 218984 614518 497183 382352 846615 23781 43878 772799 179557 217803 113742 764991 197837 171865 577826 407095 305523 609028 215217 696424 166303 392752 530119
 117510 815524 762118 80397 296668 822243 639206 1072430 826541 875306 631338 793963 1 604411 422530 440155 657259 881156 447822 348343 762286 332595 782390 753450 565113 927160 986142 866447 268341 598789 837889 258063 409947 836579 520953 945230 335880 659635 483225 859452
 572227 217077 243606 543315 651624 563827 329732 521268 231772 828400 342301 473489 604411 1 319971 233551 87963 398939 200916 529714 185016 836660 450146 435018 308660 652854 551343 586996 424387 349943 384689 543824 464237 726429 156739 688672 329854 479013 544756 255166
 338517 473878 368448 343052 351443 421709 216705 669738 541740 581544 209490 376859 422530 319971 1 356183 405662 465496 327529 215070 403149 554229 363063 334646 513011 528310 563625 462651 405722 179098 419105 253324 144433 502449 363368 553074 357065 270098 231814 541773
 449970 443019 469023 401447 587049 726580 483712 754777 410366 935167 489383 650747 440155 233551 356183 1 245048 621943 36650 507695 418549 732332 629549 607845 161883 826888 767902 758715 205934 479795 599396 480879 479866 848914 90749 858888 111828 602797 578222 460865
 637164 207531 291075 602442 729571 639350 411542 531392 169801 912839 425154 545698 657259 87963 405662 245048 1 443138 221140 612481 207720 908399 522014 509506 269385 723672 599293 659405 449546 435216 438150 620833 550094 809185 154771 760453 353914 563463 632163 215851
 803915 281491 155360 803885 790354 309772 263011 219236 417552 635321 277890 218984 881156 398939 465496 621943 443138 1 586036 643421 239290 1000264 203270 219113 705329 345548 156676 301584 783421 315420 53525 708487 550507 520934 554788 383818 698201 361136 567746 352732
 448030 413574 433574 403202 575778 691050 447976 721968 389388 904046 453970 614518 447822 200916 327529 36650 221140 586036 1 488910 385764 729196 593229 571705 185812 790963 731500 722819 228872 445226 563010 468138 455683 816260 73181 823165 133087 569252 552967 435863
 232537 688090 571475 275927 146933 500833 380410 858390 755586 528677 365897 497183 348343 529714 215070 507695 612481 643421 488910 1 616042 356894 492305 463731 669363 600442 709888 546300 469193 328370 592032 92034 93103 488953 542590 613196 463438 340110 135524 756822
 711837 76818 100675 693708 754542 481716 298193 336255 197539 787256 315913 382352 762286 185016 403149 418549 207720 239290 385764 616042 1 954859 359045 355270 475752 550413 395929 491922 606051 341732 243579 653832 533227 675842 338634 588712 512799 451480 589985 157500
 282529 1022178 921595 336503 210025 834983 737264 1214500 1068431 758134 722785 846615 332595 836660 554229 732332 908399 1000264 729196 356894 954859 1 844143 816220 876652 925184 1062527 879934 593135 685251 948925 301231 449943 764154 798306 930112 643246 683035 456428 1083106
 687693 426419 259245 702117 635884 122716 153151 414469 556521 440035 155249 23781 782390 450146 363063 629549 522014 203270 593229 492305 359045 844143 1 29153 750201 202728 218395 137391 747045 184140 154042 570956 401121 325790 586612 238704 677122 169037 392657 507560
 658549 425204 257189 673157 607676 130000 127453 434213 552651 435876 127989 43878 753450 435018 334646 607845 509506 219113 571705 463731 355270 816220 29153 1 731803 220281 246418 152870 721150 155580 167478 541967 372327 322589 567729 254588 652611 145203 366017 507017
 594992 474077 550281 540662 743755 856703 614157 799421 394832 1086304 622694 772799 565113 308660 513011 161883 269385 705329 185812 669363 475752 876652 750201 731803 1 951994 859303 884634 300742 618988 693272 639351 640861 995259 164465 986219 233465 746295 738589 463182
 821312 611133 449831 847338 729090 106659 343419 506437 745550 325794 339378 179557 927160 652854 528310 826888 723672 345548 790963 600442 550413 925184 202728 220281 951994 1 251474 68227 929045 356741 315079 689447 520652 223818 787992 38643 866145 267553 474227 689167
 897594 434346 309372 906626 854093 266832 347082 256197 569187 573513 356103 217803 986142 551343 563625 767902 599293 156676 731500 709888 395929 1062527 218395 246418 859303 251474 1 236908 917105 390961 168518 786387 618011 464710 705563 284682 836499 384095 610268 500504
 762681 555701 391300 786332 679585 45494 275196 482625 688538 340757 271231 113742 866447 586996 462651 758715 659405 301584 722819 546300 491922 879934 137391 152870 884634 68227 236908 1 861837 289323 264458 633579 463187 229146 720491 101778 798193 208040 424886 635268
 321580 640398 638882 260178 496595 823251 593947 939798 616200 970088 593733 764991 268341 424387 405722 205934 449546 783421 228872 469193 606051 593135 747045 721150 300742 929045 917105 861837 1 572530 751902 408151 480630 902425 296485 956034 95788 675777 578288 664704
 506827 418535 267933 518640 475241 251733 53353 532222 523828 478597 37551 197837 598789 349943 179098 479795 435216 315420 445226 328370 341732 685251 184140 155580 618988 356741 390961 289323 572530 1 263692 397908 235311 379131 455609 385058 510246 129698 260352 498411
 757544 297638 147528 759834 738925 267020 211937 272721 433359 591304 226148 171865 837889 384689 419105 599396 438150 53525 563010 592032 243579 948925 154042 167478 693272 315079 168518 264458 751902 263692 1 658828 498996 476772 537740 353718 669511 308098 514437 374349
 141230 721931 621488 189219 109263 588251 447412 918911 774763 617299 434747 577826 258063 543824 253324 480879 620833 708487 468138 92034 653832 301231 570956 541967 639351 689447 786387 633579 408151 397908 658828 1 171373 580713 529811 703368 418779 426016 227481 784890
 300885 607018 482884 331766 239931 418031 287522 765999 683425 490975 272850 407095 409947 464237 144433 479866 550094 550507 455683 93103 533227 449943 401121 372327 640861 520652 618011 463187 480630 235311 498996 171373 1 433991 500076 536604 456037 255236 99950 678776
 721474 747308 579327 761473 589614 211328 397671 711462 872221 114534 384229 305523 836579 726429 502449 848914 809185 520934 816260 488953 675842 764154 325790 322589 995259 223818 464710 229146 902425 379131 476772 580713 433991 1 833239 205471 859505 249735 353518 829307
 518341 356387 399697 475181 638502 692261 449709 673436 319716 926696 458394 609028 520953 156739 363368 90749 154771 554788 73181 542590 338634 798306 586612 567729 164465 787992 705563 720491 296485 455609 537740 529811 500076 833239 1 821998 201605 583748 594136 370597
 837457 649717 488091 865830 737696 133351 375192 540588 784043 300305 370027 215217 945230 688672 553074 858888 760453 383818 823165 613196 588712 930112 238704 254588 986219 38643 284682 101778 956034 385058 353718 703368 536604 205471 821998 1 895265 287457 483895 727804
 362005 545189 550463 307210 518497 761917 525290 847756 521128 935688 527284 696424 335880 329854 357065 111828 353914 698201 133087 463438 512799 643246 677122 652611 233465 866145 836499 798193 95788 510246 669511 418779 456037 859505 201605 895265 1 622741 555929 568937
 554745 527027 364322 579786 477882 163096 156041 578460 641913 349441 140057 166303 659635 479013 270098 602797 563463 361136 569252 340110 451480 683035 169037 145203 746295 267553 384095 208040 675777 129698 308098 426016 255236 249735 583748 287457 622741 1 227342 608817
 367975 665995 526180 409103 255013 379610 313109 786840 754545 398452 295715 392752 483225 544756 231814 578222 632163 567746 552967 135524 589985 456428 392657 366017 738589 474227 610268 424886 578288 260352 514437 227481 99950 353518 594136 483895 555929 227342 1 741974
 825267 82222 249983 798227 889642 629861 455655 355135 76976 941721 473327 530119 859452 255166 541773 460865 215851 352732 435863 756822 157500 1083106 507560 507017 463182 689167 500504 635268 664704 498411 374349 784890 678776 829307 370597 727804 568937 608817 741974 1
LAMBDA_SECTION
1 727
2 28
3 195
4 284
5 194
6 529
7 595
8 17
9 197
10 188
11 215
12 538
13 917
14 136
15 742
16 252
17 57
18 240
19 580
20 597
21 346
22 385
23 994
24 475
25 181
26 998
27 723
28 124
29 391
30 54
31 209
32 879
33 526
34 430
35 325
36 408
37 807
38 668
39 869
40 276
