NAME : domp70p23v8
COMMENT : Cherkesly, Contardo & Gruson 2022
TYPE : DOMP
DIMENSION : 70
DISPLAY_DATA_TYPE : NO_DISPLAY
OPEN_FACILITIES : 23
COST_SECTION
 1 248116 120948 379005 264016 634700 505450 311075 795450 525612 749625 539431 160299 503371 115522 576272 184061 234885 537076 796142 587913 812516 764378 735052 738349 822892 770132 179727 513678 291329 276095 611361 525140 191755 146843 586820 859485 725131 549799 320655 373053 731200 550253 543985 490507 797763 456279 218901 854750 303191 671784 559413 571439 606456 343270 441901 789888 629296 129535 603031 479022 780334 406394 134159 474707 432440 255005 298794 475902 853107
 248116 1 368796 597488 439808 856608 565855 490131 746749 731069 713273 749472 166704 745325 249020 764967 166899 465156 762055 862636 701206 946920 811955 760697 740841 944492 946781 427624 485157 322559 493570 523605 671632 437674 389240 832129 834077 747096 745640 552138 463574 701267 757620 577811 673258 911371 600941 414616 826529 256237 615938 784081 786184 748782 588577 575250 827552 840406 160636 668547 703670 948578 499963 209526 572372 680167 81455 544317 383513 1018748
 120948 368796 1 283090 242248 541332 527714 277078 853462 449586 803921 458899 259095 392154 178978 511909 289430 154200 430945 800172 574674 777286 779324 761958 776012 795121 708502 62587 575902 354338 189750 690539 494358 82795 44406 470989 905809 754194 480838 215046 392686 783422 471652 576752 435131 775471 431976 169423 902430 392493 736775 465100 485782 573852 223584 426692 808916 545217 235522 616033 386940 724194 420002 228413 478919 313405 369250 179172 563101 797009
 379005 597488 283090 1 490645 601346 788325 507413 1130878 576253 1079907 572234 441587 401388 350010 656630 562368 361294 165320 1034904 798122 957007 1026288 1020238 1042343 986458 840077 267283 856513 636742 104524 973612 700462 287523 241256 426233 1176540 1014385 619488 76655 657137 1058527 588015 843343 608318 976232 652716 185529 1174034 673815 1017358 534567 579907 770565 159405 658608 1059201 635122 437933 865840 480955 866776 678844 506272 726700 283426 565867 166208 845462 935003
 264016 439808 242248 490645 1 428567 297787 50597 651607 293567 598445 314028 418223 372338 376668 325864 283124 133858 605501 558316 333368 548907 540492 529866 552454 561196 513327 227285 394552 215688 417148 532997 261606 203854 283394 469787 688429 523780 305850 414246 169796 575856 320572 354502 235104 538326 194206 411543 686583 302580 549787 362097 353197 342868 366773 185086 571673 404058 384318 377917 286381 520174 188386 230325 239111 366783 482744 335474 435759 592455
 634700 856608 541332 601346 428567 1 564780 383381 918542 147503 864154 121585 792890 201905 720031 185528 709327 399816 602808 640597 439876 445858 674712 715108 771389 492762 273338 482465 740011 630277 602415 887969 344898 458684 555116 226775 906801 719159 167331 545338 516080 839867 122656 627676 244711 504676 369467 657282 910263 724567 860951 76246 79565 352678 446731 403070 713158 66350 763976 568590 155723 310562 501600 651412 481229 318691 885284 460566 828594 364216
 505450 565855 527714 788325 297787 564780 1 289164 370668 421487 315540 448145 624751 604751 618815 387432 407354 430004 899884 299108 173638 413748 259319 234253 255248 397235 489334 523196 189453 244745 711520 331357 225313 501051 571450 697570 393210 226908 397851 711998 135287 291504 443323 65125 321757 358757 198356 694895 392289 317522 296555 528293 488086 261413 661170 168628 284581 510355 590801 103081 481260 472171 109489 399843 84607 637453 636914 632252 315617 527984
 311075 490131 277078 507413 50597 383381 289164 1 653356 245202 599149 266631 467082 344475 421961 275284 332128 146240 611175 530604 299084 504508 518894 515411 543997 519338 463148 252445 408783 250907 441684 551884 218427 226440 315575 441911 682373 510762 255718 430778 174219 575851 272344 350169 184552 498576 154969 444559 681362 342483 558758 319592 306653 299058 372867 153057 551870 355887 433421 358849 246989 470694 183226 280607 220141 354098 533302 346306 464387 543166
 795450 746749 853462 1130878 651607 918542 370668 653356 1 782224 55258 808376 866790 975141 894297 733986 637818 785245 1256408 376188 481981 628059 303005 229008 159713 584680 777111 863977 281813 504841 1043151 233560 574139 845984 897721 1067134 108381 217794 752148 1056538 482174 79584 801290 306043 683510 542676 565059 1008624 97331 509675 130824 891223 845954 576104 1018106 538029 277570 858404 838210 350547 849974 746827 470320 664885 453237 1006026 828139 984960 364528 778164
 525612 731069 449586 576253 293567 147503 421487 245202 782224 1 727299 26701 685905 227727 622855 83246 576690 296876 618014 535365 313583 389218 558116 589055 640556 426348 267104 397986 593334 486287 551914 741402 209897 370985 472910 301132 778804 591266 45909 508683 368659 702911 27205 485426 99744 426336 224041 590094 781314 581758 718034 109475 68104 239702 416995 256870 596388 110695 654597 435659 101013 291008 354248 522465 337171 316948 767432 416388 681296 360813
 749625 713273 803921 1079907 598445 864154 315540 599149 55258 727299 1 753493 827073 919915 850760 679864 596876 732221 1203672 338314 428710 584018 263253 185600 115709 542530 727753 812757 237781 458357 993417 216376 519539 794248 848266 1011877 121896 172601 697568 1005215 428772 24396 746535 251041 628475 499951 509817 960996 113555 470045 104546 836223 791237 523364 965152 482780 242420 804368 797620 296839 794722 698446 415985 620594 397990 951406 794347 932516 335437 732329
 539431 749472 458899 572234 314028 121585 448145 266631 808376 26701 753493 1 699560 210844 634052 97973 596924 307951 607050 556873 337990 401418 581483 613854 666027 440617 268020 405287 619903 510243 552731 767982 235398 378853 480128 279402 803978 616320 63720 506522 394527 729110 15937 512035 126389 442778 250741 594528 806610 605290 744696 84401 42023 261338 412839 283537 619832 90993 668778 461258 91748 294957 380607 541559 363852 306464 783877 415077 707009 362801
 160299 166704 259095 441587 418223 792890 624751 467082 866790 685905 827073 699560 1 651248 94048 735805 230856 393627 606903 922661 729358 962413 882675 843200 835550 969178 928743 321655 590248 386523 340140 657197 676026 340102 263607 728524 944095 831437 709851 405333 500909 811795 710492 652377 648966 941394 605733 256165 937833 357235 737291 717177 731094 757034 458100 587632 904156 789216 34759 726574 637192 937689 536690 224932 608490 567933 124483 415757 515167 1010234
 503371 745325 392154 401388 372338 201905 604751 344475 975141 227727 919915 210844 651248 1 567830 308669 621092 284324 404860 760177 530503 611056 777408 800126 844995 651304 460986 329600 750297 587870 412768 895348 422892 312396 393798 97577 985200 800260 272867 350071 513859 895717 225794 669757 307402 653436 412169 477366 986453 670965 893660 144635 199918 465497 251251 437261 815155 245583 626929 641507 132203 493789 513525 557089 521994 117968 758151 272443 807341 555387
 115522 249020 178978 350010 376668 720031 618815 421961 894297 622855 850760 634052 94048 567830 1 679582 260801 326174 515204 911126 703218 925555 878063 846378 846506 937149 875243 239979 613157 395574 247345 697733 638273 261770 175081 641326 963682 835944 650861 311406 487579 833488 646101 654816 596937 912621 570164 165750 958376 389215 767619 643833 662746 719534 365384 556788 902785 721857 88430 717402 565193 887602 521358 230462 590096 479165 218010 323699 557692 960546
 576272 764967 511909 656630 325864 185528 387432 275284 733986 83246 679864 97973 735805 308669 679582 1 604262 357710 701254 462528 254350 305979 491596 529765 585900 343449 196595 464741 569857 494492 627531 716405 162919 437010 539150 375612 721356 533666 37622 587616 361756 655652 83774 448276 92274 344821 202082 660470 724760 591565 681288 177467 121553 169049 497765 236986 530070 124601 703186 383612 184243 214805 339977 555514 306508 400188 808215 494806 671605 286727
 184061 166899 289430 562368 283124 709327 407354 332128 637818 576690 596876 596924 230856 621092 260801 604262 1 336991 718017 706284 535308 780253 660583 616277 605585 778689 782283 334888 359608 162831 460020 436941 505075 335134 324864 713841 713339 603893 587342 501100 297860 581210 603688 427375 512066 746302 434573 400528 707173 128980 509385 639800 635519 581923 509981 408441 679600 687154 200750 510425 560902 782928 334415 65191 407170 575217 230584 466234 297383 852671
 234885 465156 154200 361294 133858 399816 430004 146240 785245 296876 732221 307951 393627 284324 326174 357710 336991 1 471644 676010 441899 628771 665106 659877 685162 649859 554304 112301 524185 326276 297503 658101 351736 84476 183727 376991 821838 654572 326825 284642 303652 709685 319928 487966 282390 633289 296059 310219 820142 397702 681490 324618 337807 428572 232938 298525 697907 396426 364224 504594 244151 570303 321114 272784 365523 248094 486895 202250 550142 643048
 537076 762055 430945 165320 605501 602808 899884 611175 1256408 618014 1203672 607050 606903 404860 515204 701254 718017 471644 1 1120622 882246 1007231 1121742 1125468 1155030 1043231 865638 400301 989676 776223 268490 1114775 777887 413727 393193 390183 1292749 1121452 663759 216917 775289 1181249 622849 959172 672781 1039503 741545 350801 1291314 822996 1149291 549344 603152 838789 238886 754035 1156855 650418 602946 966824 517092 897646 791905 658928 830027 301066 731157 271951 992164 960199
 796142 862636 800172 1034904 558316 640597 299108 530604 376188 535365 338314 556873 922661 760177 911126 462528 706284 676010 1120622 1 238483 260799 75796 155593 223329 212595 434424 782635 417149 543501 972254 502943 343565 756993 841708 836204 311986 170925 493246 958662 423865 321480 544585 287825 455005 173326 382373 969594 319919 609555 406538 639534 584061 295682 889958 377605 99510 574538 888454 196310 628220 398041 389776 697813 322900 829569 935235 870242 559280 414637
 587913 701206 574674 798122 333368 439876 173638 299084 481981 313583 428710 337990 729358 530503 703218 254350 535308 441899 882246 238483 1 248774 246927 276193 331629 243382 318670 551153 361192 382284 739335 497046 107823 524621 614293 612764 467292 279490 277091 722196 237632 404805 328318 218841 223126 212386 145914 743192 470515 469880 442406 422391 371680 95916 651683 148289 284667 377765 694600 132229 398485 299245 201303 510498 129768 592976 764442 632837 489011 354410
 812516 946920 777286 957007 548907 445858 413748 504508 628059 389218 584018 401418 962413 611056 925555 305979 780253 628771 1007231 260799 248774 1 326961 399246 469122 53133 191081 740946 590225 630456 918059 710294 287383 712945 811695 666408 572267 411484 343502 885407 484370 563851 385935 442977 350848 87474 356814 938990 579825 718646 632288 470734 412974 206070 799612 375828 358473 381689 927833 335170 490174 150628 448617 750309 378306 706165 1007232 792385 726548 153951
 764378 811955 779324 1026288 540492 674712 259319 518894 303005 558116 263253 581483 882675 777408 878063 491596 660583 665106 1121742 75796 246927 326961 1 79824 147863 281962 489565 767512 351813 498242 957535 429278 354690 743107 822104 858661 247749 95316 518879 949663 391943 245922 570578 234220 470009 240469 380373 948193 254457 556497 331129 665571 612363 322589 887028 368807 38477 609709 849007 163323 645337 455540 360756 658087 301382 837602 886823 863952 492737 479313
 735052 760697 761958 1020238 529866 715108 234253 515411 229008 589055 185600 613854 843200 800126 846378 529765 616277 659877 1125468 155593 276193 399246 79824 1 70013 356982 551204 756501 286632 456680 945385 351814 379933 733695 805702 885972 191926 16263 553283 943691 369365 167063 604453 191666 495213 314515 391449 928873 196093 504495 251598 698221 647871 363699 887954 373261 72383 651822 810357 160195 669421 519551 342901 620780 295530 850380 837771 861509 424305 549199
 738349 740841 776012 1042343 552454 771389 255248 543997 159713 640556 115709 666027 835550 844995 846506 585900 605585 685162 1155030 223329 331629 469122 147863 70013 1 426985 618145 776091 256841 451635 962723 296468 430670 754826 820253 933503 140401 58082 607112 966239 385505 98168 657586 199505 544147 384527 433088 940019 141493 486670 189980 750030 701680 423094 916379 410816 130381 709350 803786 205030 716007 587371 364149 617414 328406 888006 819884 887407 385514 618584
 822892 944492 795121 986458 561196 492762 397235 519338 584680 426348 542530 440617 969178 651304 937149 343449 778689 649859 1043231 212595 243382 53133 281962 356982 426985 1 243574 762130 565838 624488 942900 679400 300968 734328 831201 710518 524575 370088 380441 913634 480952 523238 425518 419425 378164 43221 367088 959459 532496 709214 596433 513325 455350 221487 830493 381770 311524 427707 934456 310371 527233 203364 444529 752834 372309 742475 1007694 820893 704842 204797
 770132 946781 708502 840077 513327 273338 489334 463148 777111 267104 727753 268020 928743 460986 875243 196595 782283 554304 865638 434424 318670 191081 489565 551204 618145 243574 1 660895 678574 654924 819009 815690 286168 633271 735465 499943 736962 560428 229108 774466 510595 705273 252374 537503 279777 269137 351925 855670 743146 750859 756352 316361 263271 228220 680727 383084 525320 216405 895583 443336 359130 40844 480654 738889 425131 568903 995246 682729 800516 95159
 179727 427624 62587 267283 227285 482465 523196 252445 863977 397986 812757 405287 321655 329600 239979 464741 334888 112301 400301 782635 551153 740946 767512 756501 776091 762130 660895 1 591665 375939 190055 714490 463512 28078 74929 408792 909514 749942 431979 192578 390597 791292 418720 576779 393331 745230 405855 198157 906897 426592 752159 406245 429906 540792 175982 405399 798935 489567 297985 605165 329385 678837 413829 270994 466197 252718 431194 133414 593116 751257
 513678 485157 575902 856513 394552 740011 189453 408783 281813 593334 237781 619903 590248 750297 613157 569857 359608 524185 989676 417149 361192 590225 351813 286632 256841 565838 678574 591665 1 223700 765528 148106 410786 576122 619827 846807 353899 271431 575773 783694 236439 221604 617366 147259 495396 524247 371014 727747 347589 234432 160907 695189 661300 450836 754066 336997 357975 689947 560315 255670 637742 660432 240905 383274 263807 760445 564985 717870 142390 713852
 291329 322559 354338 636742 215688 630277 244745 250907 504841 486287 458357 510243 386523 587870 395574 494492 162831 326276 776223 543501 382284 630456 498242 456680 451635 624488 654924 375939 223700 1 543342 338553 369629 363801 397781 685212 568703 445004 485664 565643 147383 439879 513272 266080 404106 590117 303271 504057 563735 97117 383800 569636 551706 440356 545660 271961 518238 595424 353750 347819 497882 649987 182100 165789 252539 573307 392219 506535 223896 716577
 276095 493570 189750 104524 417148 602415 711520 441684 1043151 551914 993417 552731 340140 412768 247345 627531 460020 297503 268490 972254 739335 918059 957535 945385 962723 942900 819009 190055 765528 543342 1 877593 648023 215261 145703 459426 1094109 938427 591835 74093 577645 972751 567858 763220 567277 928606 593547 87531 1090978 574437 926361 530009 567760 722859 163933 594739 988807 626059 334643 795062 465114 841776 602485 405720 656187 299814 464622 141882 746848 912513
 611361 523605 690539 973612 532997 887969 331357 551884 233560 741402 216376 767982 657197 895348 697733 716405 436941 658101 1114775 502943 497046 710294 429278 351814 296468 679400 815690 714490 148106 338553 877593 1 555875 701987 733057 992283 335255 335592 723313 903590 382305 215163 765343 278210 643295 636466 518742 830042 325508 309373 112438 843211 809342 590064 883190 484902 422585 837317 631736 377927 784951 794652 388789 477205 409901 899744 604895 844738 142095 843405
 525140 671632 494358 700462 261606 344898 225313 218427 574139 209897 519539 235398 676026 422892 638273 162919 505075 351736 777887 343565 107823 287383 354690 379933 430670 300968 286168 463512 410786 369629 648023 555875 1 436033 531107 506368 569008 381652 178030 625391 224443 495210 227428 285408 115770 281784 71118 659762 571439 465009 518369 319366 271934 81317 550410 97934 392308 287067 641572 225863 291035 280479 194932 468685 147300 486146 726883 534371 521246 348340
 191755 437674 82795 287523 203854 458684 501051 226440 845984 370985 794248 378853 340102 312396 261770 437010 335134 84476 413727 756993 524621 712945 743107 733695 754826 734328 633271 28078 576122 363801 215261 701987 436033 1 102212 395135 889209 727471 404462 211632 369655 772484 392085 555840 365257 717678 379092 226219 886835 419874 736110 382441 404354 513047 182500 379496 774934 463940 314740 581175 304661 650975 391567 270313 442032 243638 445939 142757 583667 723440
 146843 389240 44406 241256 283394 555116 571450 315575 897721 472910 848266 480128 263607 393798 175081 539150 324864 183727 393193 841708 614293 811695 822104 805702 820253 831201 735465 74929 619827 397781 145703 733057 531107 102212 1 466273 950201 798071 506673 176308 436564 827799 493617 620938 466078 812759 470472 128986 946832 432710 780659 479026 504260 609720 199483 466780 852034 563950 244850 658889 403169 752925 463415 266191 521276 304551 380759 155462 604207 825465
 586820 832129 470989 426233 469787 226775 697570 441911 1067134 301132 1011877 279402 728524 97577 641326 375612 713841 376991 390183 836204 612764 666408 858661 885972 933503 710518 499943 408792 846807 685212 459426 992283 506368 395135 466273 1 1073252 886985 343108 389658 610419 987587 292214 762685 390787 717414 502419 533421 1074964 767521 988573 198598 256247 540558 296005 529247 896810 286114 706424 728955 217621 536545 608960 649307 614016 163896 839968 327635 904913 590894
 859485 834077 905809 1176540 688429 906801 393210 682373 108381 778804 121896 803978 944095 985200 963682 721356 713339 821838 1292749 311986 467292 572267 247749 191926 140401 524575 736962 909514 353899 568703 1094109 335255 569008 889209 950201 1073252 1 187824 744129 1100840 519672 132986 795034 333927 683290 484914 573432 1066863 11454 588044 225307 888205 838767 555623 1053906 551167 213913 843696 913916 344312 855886 703264 500883 733229 468449 1028111 914969 1023880 457328 725675
 725131 747096 754194 1014385 523780 719159 226908 510762 217794 591266 172601 616320 831437 800260 835944 533666 603893 654572 1121452 170925 279490 411484 95316 16263 58082 370088 560428 749942 271431 445004 938427 335592 381652 727471 798071 886985 187824 1 556314 937911 361514 153233 607261 181190 496455 327409 390199 920594 191109 490983 235835 700603 650951 368822 883565 370766 88469 656346 798754 158947 670028 529414 336116 609584 291493 848402 824469 856486 408562 560574
 549799 745640 480838 619488 305850 167331 397851 255718 752148 45909 697568 63720 709851 272867 650861 37622 587342 326825 663759 493246 277091 343502 518879 553283 607112 380441 229108 431979 575773 485664 591835 723313 178030 404462 506673 343108 744129 556314 1 550868 359108 673239 51706 460447 82866 380732 204855 626599 747081 582314 693759 146809 94639 197856 460499 239292 557286 114420 677724 403074 146884 249944 340611 536174 314794 362703 786062 458180 671313 321095
 320655 552138 215046 76655 414246 545338 711998 430778 1056538 508683 1005215 506522 405333 350071 311406 587616 501100 284642 216917 958662 722196 885407 949663 943691 966239 913634 774466 192578 783694 565643 74093 903590 625391 211632 176308 389658 1100840 937911 550868 1 581257 983647 522103 767406 535558 902419 576628 159851 1098456 607537 944364 475396 517360 696518 98946 582120 982548 574194 396307 789187 416312 799689 602536 442298 650051 233942 529385 93067 777909 868985
 373053 463574 392686 657137 169796 516080 135287 174219 482174 368659 428772 394527 500909 513859 487579 361756 297860 303652 775289 423865 237632 484370 391943 369365 385505 480952 510595 390597 236439 147383 577645 382305 224443 369655 436564 610419 519672 361514 359108 581257 1 406093 394404 186222 276262 448497 162108 559614 517503 240985 384554 464811 436528 293107 536565 128475 418994 472716 466387 229986 403164 503919 36620 277476 109543 528178 527647 504889 312777 569699
 731200 701267 783422 1058527 575856 839867 291504 575851 79584 702911 24396 729110 811795 895717 833488 655652 581210 709685 1181249 321480 404805 563851 245922 167063 98168 523238 705273 791292 221604 439879 972751 215163 495210 772484 827799 987587 132986 153233 673239 983647 406093 1 722170 227168 604080 480461 485476 941496 126121 455320 102922 811829 766878 499629 942621 458540 227567 780176 781918 272817 770399 676372 392637 603109 373756 927771 782084 910300 326825 711295
 550253 757620 471652 588015 320572 122656 443323 272344 801290 27205 746535 15937 710492 225794 646101 83774 603688 319928 622849 544585 328318 385935 570578 604453 657586 425518 252374 418720 617366 513272 567858 765343 227428 392085 493617 292214 795034 607261 51706 522103 394404 722170 1 506780 122209 428260 247023 608857 797851 608839 739805 95138 44855 249420 428614 280464 608982 83546 679440 453135 107668 279070 379104 549195 359367 322334 793294 430526 707154 347073
 543985 577811 576752 843343 354502 627676 65125 350169 306043 485426 251041 512035 652377 669757 654816 448276 427375 487966 959172 287825 218841 442977 234220 191666 199505 419425 537503 576779 147259 266080 763220 278210 285408 555840 620938 762685 333927 181190 460447 767406 186222 227168 506780 1 385694 378313 263030 741596 332188 322803 233329 592728 551608 312259 720288 233722 252272 572014 619283 109094 546367 517061 167396 429296 149415 700793 652647 689958 285558 568178
 490507 673258 435131 608318 235104 244711 321757 184552 683510 99744 628475 126389 648966 307402 596937 92274 512066 282390 672781 455005 223126 350848 470009 495213 544147 378164 279777 393331 495396 404106 567277 643295 115770 365257 466078 390787 683290 496455 82866 535558 276262 604080 122209 385694 1 369041 124815 591321 685370 501007 618309 207793 166673 166009 453035 158402 507792 196702 615838 339149 175364 290684 258400 463937 237503 376218 717846 442749 588603 363641
 797763 911371 775471 976232 538326 504676 358757 498576 542676 426336 499951 442778 941394 653436 912621 344821 746302 633289 1039503 173326 212386 87474 240469 314515 384527 43221 269137 745230 524247 590117 928606 636466 281784 717678 812759 717414 484914 327409 380732 902419 448497 480461 428260 378313 369041 1 344377 941497 492557 672958 553214 519051 461204 206022 821981 355867 271236 438714 906638 269228 526339 230394 411907 722853 339146 739780 976078 810165 663866 241364
 456279 600941 431976 652716 194206 369467 198356 154969 565059 224041 509817 250741 605733 412169 570164 202082 434573 296059 741545 382373 145914 356814 380373 391449 433088 367088 351925 405855 371014 303271 593547 518742 71118 379092 470472 502419 573432 390199 204855 576628 162108 485476 247023 263030 124815 344377 1 599456 574457 399705 494542 329994 291433 151376 508248 34905 416033 319192 571206 231375 284985 349174 137991 397572 113750 459346 655778 487870 469565 418195
 218901 414616 169423 185529 411543 657282 694895 444559 1008624 590094 960996 594528 256165 477366 165750 660470 400528 310219 350801 969594 743192 938990 948193 928873 940019 959459 855670 198157 727747 504057 87531 830042 659762 226219 128986 533421 1066863 920594 626599 159851 559614 941496 608857 741596 591321 941497 599456 1 1062893 522084 887378 582583 614511 737986 238587 595528 977328 673923 254154 784871 511684 875129 588150 352968 648189 370478 380357 206501 694747 947191
 854750 826529 902430 1174034 686583 910263 392289 681362 97331 781314 113555 806610 937833 986453 958376 724760 707173 820142 1291314 319919 470515 579825 254457 196093 141493 532496 743146 906897 347589 563735 1090978 325508 571439 886835 946832 1074964 11454 191109 747081 1098456 517503 126121 797851 332188 685370 492557 574457 1062893 1 581440 216154 890759 841715 559620 1052439 551651 221352 847417 907836 346234 857489 709755 499416 727915 468533 1028114 907511 1022056 448857 733046
 303191 256237 392493 673815 302580 724567 317522 342483 509675 581758 470045 605290 357235 670965 389215 591565 128980 397702 822996 609555 469880 718646 556497 504495 486670 709214 750859 426592 234432 97117 574437 309373 465009 419874 432710 767521 588044 490983 582314 607537 240985 455320 608839 322803 501007 672958 399705 522084 581440 1 380697 662074 646482 533612 601730 367787 571402 691372 328592 418301 588351 744886 273705 169439 340743 645520 333712 559953 172822 810516
 671784 615938 736775 1017358 549787 860951 296555 558758 130824 718034 104546 744696 737291 893660 767619 681288 509385 681490 1149291 406538 442406 632288 331129 251598 189980 596433 756352 752159 160907 383800 926361 112438 518369 736110 780659 988573 225307 235835 693759 944364 384554 102922 739805 233329 618309 553214 494542 887378 216154 380697 1 824507 784594 538185 912772 463466 319431 805239 709230 313123 774505 731216 380324 539588 380934 912698 697321 877354 234246 773396
 559413 784081 465100 534567 362097 76246 528293 319592 891223 109475 836223 84401 717177 144635 643833 177467 639800 324618 549344 639534 422391 470734 665571 698221 750030 513325 316361 406245 695189 569636 530009 843211 319366 382441 479026 198598 888205 700603 146809 475396 464811 811829 95138 592728 207793 519051 329994 582583 890759 662074 824507 1 57986 344542 377578 361410 703953 101827 688526 545130 80693 349335 454478 580564 443713 255343 810903 388489 774973 410858
 571439 786184 485782 579907 353197 79565 488086 306653 845954 68104 791237 42023 731094 199918 662746 121553 635519 337807 603152 584061 371680 412974 612363 647871 701680 455350 263271 429906 661300 551706 567760 809342 271934 404354 504260 256247 838767 650951 94639 517360 436528 766878 44855 551608 166673 461204 291433 614511 841715 646482 784594 57986 1 290182 421228 324614 650816 59698 700968 497452 102991 294495 422351 579141 404048 305649 818489 427761 749030 358328
 606456 748782 573852 770565 342868 352678 261413 299058 576104 239702 523364 261338 757034 465497 719534 169049 581923 428572 838789 295682 95916 206070 322589 363699 423094 221487 228220 540792 450836 440356 722859 590064 81317 513047 609720 540558 555623 368822 197856 696518 293107 499629 249420 312259 166009 206022 151376 737986 559620 533612 538185 344542 290182 1 617252 173618 361065 288479 722534 227755 334148 214253 259991 547890 198622 541636 805842 604416 572648 277090
 343270 588577 223584 159405 366773 446731 661170 372867 1018106 416995 965152 412839 458100 251251 365384 497765 509981 232938 238886 889958 651683 799612 887028 887954 916379 830493 680727 175982 754066 545660 163933 883190 550410 182500 199483 296005 1053906 883565 460499 98946 536565 942621 428614 720288 453035 821981 508248 238587 1052439 601730 912772 377578 421228 617252 1 518332 921450 477213 442524 730086 321639 707387 553040 446625 592429 136128 578488 44481 766157 775623
 441901 575250 426692 658608 185086 403070 168628 153057 538029 256870 482780 283537 587632 437261 556788 236986 408441 298525 754035 377605 148289 375828 368807 373261 410816 381770 383084 405399 336997 271961 594739 484902 97934 379496 466780 529247 551167 370766 239292 582120 128475 458540 280464 233722 158402 355867 34905 595528 551651 367787 463466 361410 324614 173618 518332 1 403137 353694 552945 213389 312649 378391 103159 374817 84794 477768 632473 495342 434679 446129
 789888 827552 808916 1059201 571673 713158 284581 551870 277570 596388 242420 619832 904156 815155 902785 530070 679600 697907 1156855 99510 284667 358473 38477 72383 130381 311524 525320 798935 357975 518238 988807 422585 392308 774934 852034 896810 213913 88469 557286 982548 418994 227567 608982 252272 507792 271236 416033 977328 221352 571402 319431 703953 650816 361065 921450 403137 1 648116 870824 193777 683150 490618 389191 680267 332915 874144 903664 897615 496461 511768
 629296 840406 545217 635122 404058 66350 510355 355887 858404 110695 804368 90993 789216 245583 721857 124601 687154 396426 650418 574538 377765 381689 609709 651822 709350 427707 216405 489567 689947 595424 626059 837317 287067 463940 563950 286114 843696 656346 114420 574194 472716 780176 83546 572014 196702 438714 319192 673923 847417 691372 805239 101827 59698 288479 477213 353694 648116 1 758763 507917 162241 251292 454939 632311 428110 357109 874730 485490 785260 310124
 129535 160636 235522 437933 384318 763976 590801 433421 838210 654597 797620 668778 34759 626929 88430 703186 200750 364224 602946 888454 694600 927833 849007 810357 803786 934456 895583 297985 560315 353750 334643 631736 641572 314740 244850 706424 913916 798754 677724 396307 466387 781918 679440 619283 615838 906638 571206 254154 907836 328592 709230 688526 700968 722534 442524 552945 870824 758763 1 692446 608261 904107 502108 190979 573836 547405 136018 399309 490008 976576
 603031 668547 616033 865840 377917 568590 103081 358849 350547 435659 296839 461258 726574 641507 717402 383612 510425 504594 966824 196310 132229 335170 163323 160195 205030 310371 443336 605165 255670 347819 795062 377927 225863 581175 658889 728955 344312 158947 403074 789187 229986 272817 453135 109094 339149 269228 231375 784871 346234 418301 313123 545130 497452 227755 730086 213389 193777 507917 692446 1 511672 419187 197775 501667 139213 690187 739959 705052 394639 465572
 479022 703670 386940 480955 286381 155723 481260 246989 849974 101013 794722 91748 637192 132203 565193 184243 560902 244151 517092 628220 398485 490174 645337 669421 716007 527233 359130 329385 637742 497882 465114 784951 291035 304661 403169 217621 855886 670028 146884 416312 403164 770399 107668 546367 175364 526339 284985 511684 857489 588351 774505 80693 102991 334148 321639 312649 683150 162241 608261 511672 1 386679 397377 500965 397239 216049 730225 325757 708668 454110
 780334 948578 724194 866776 520174 310562 472171 470694 746827 291008 698446 294957 937689 493789 887602 214805 782928 570303 897646 398041 299245 150628 455540 519551 587371 203364 40844 678837 660432 649987 841776 794652 280479 650975 752925 536545 703264 529414 249944 799689 503919 676372 279070 517061 290684 230394 349174 875129 709755 744886 731216 349335 294495 214253 707387 378391 490618 251292 904107 419187 386679 1 472357 742202 412873 599241 999742 707354 785987 72964
 406394 499963 420002 678844 188386 501600 109489 183226 470320 354248 415985 380607 536690 513525 521358 339977 334415 321114 791905 389776 201303 448617 360756 342901 364149 444529 480654 413829 240905 182100 602485 388789 194932 391567 463415 608960 500883 336116 340611 602536 36620 392637 379104 167396 258400 411907 137991 588150 499416 273705 380324 454478 422351 259991 553040 103159 389191 454939 502108 197775 397377 472357 1 313719 72928 535963 564263 523322 331631 537032
 134159 209526 228413 506272 230325 651412 399843 280607 664885 522465 620594 541559 224932 557089 230462 555514 65191 272784 658928 697813 510498 750309 658087 620780 617414 752834 738889 270994 383274 165789 405720 477205 468685 270313 266191 649307 733229 609584 536174 442298 277476 603109 549195 429296 463937 722853 397572 352968 727915 169439 539588 580564 579141 547890 446625 374817 680267 632311 190979 501667 500965 742202 313719 1 386253 510026 258233 403186 342260 813183
 474707 572372 478919 726700 239111 481229 84607 220141 453237 337171 397990 363852 608490 521994 590096 306508 407170 365523 830027 322900 129768 378306 301382 295530 328406 372309 425131 466197 263807 252539 656187 409901 147300 442032 521276 614016 468449 291493 314794 650051 109543 373756 359367 149415 237503 339146 113750 648189 468533 340743 380934 443713 404048 198622 592429 84794 332915 428110 573836 139213 397239 412873 72928 386253 1 559663 637154 566442 375993 474469
 432440 680167 313405 283426 366783 318691 637453 354098 1006026 316948 951406 306464 567933 117968 479165 400188 575217 248094 301066 829569 592976 706165 837602 850380 888006 742475 568903 252718 760445 573307 299814 899744 486146 243638 304551 163896 1028111 848402 362703 233942 528178 927771 322334 700793 376218 739780 459346 370478 1028114 645520 912698 255343 305649 541636 136128 477768 874144 357109 547405 690187 216049 599241 535963 510026 559663 1 682284 164129 797120 663976
 255005 81455 369250 565867 482744 885284 636914 533302 828139 767432 794347 783877 124483 758151 218010 808215 230584 486895 731157 935235 764442 1007232 886823 837771 819884 1007694 995246 431194 564985 392219 464622 604895 726883 445939 380759 839968 914969 824469 786062 529385 527647 782084 793294 652647 717846 976078 655778 380357 907511 333712 697321 810903 818489 805842 578488 632473 903664 874730 136018 739959 730225 999742 564263 258233 637154 682284 1 535324 464960 1071022
 298794 544317 179172 166208 335474 460566 632252 346306 984960 416388 932516 415077 415757 272443 323699 494806 466234 202250 271951 870242 632837 792385 863952 861509 887407 820893 682729 133414 717870 506535 141882 844738 534371 142757 155462 327635 1023880 856486 458180 93067 504889 910300 430526 689958 442749 810165 487870 206501 1022056 559953 877354 388489 427761 604416 44481 495342 897615 485490 399309 705052 325757 707354 523322 403186 566442 164129 535324 1 725691 777018
 475902 383513 563101 845462 435759 828594 315617 464387 364528 681296 335437 707009 515167 807341 557692 671605 297383 550142 992164 559280 489011 726548 492737 424305 385514 704842 800516 593116 142390 223896 746848 142095 521246 583667 604207 904913 457328 408562 671313 777909 312777 326825 707154 285558 588603 663866 469565 694747 448857 172822 234246 774973 749030 572648 766157 434679 496461 785260 490008 394639 708668 785987 331631 342260 375993 797120 464960 725691 1 843411
 853107 1018748 797009 935003 592455 364216 527984 543166 778164 360813 732329 362801 1010234 555387 960546 286727 852671 643048 960199 414637 354410 153951 479313 549199 618584 204797 95159 751257 713852 716577 912513 843405 348340 723440 825465 590894 725675 560574 321095 868985 569699 711295 347073 568178 363641 241364 418195 947191 733046 810516 773396 410858 358328 277090 775623 446129 511768 310124 976576 465572 454110 72964 537032 813183 474469 663976 1071022 777018 843411 1
LAMBDA_SECTION
1 308
2 795
3 944
4 457
5 685
6 248
7 56
8 795
9 322
10 441
11 88
12 603
13 877
14 189
15 545
16 157
17 226
18 731
19 874
20 199
21 848
22 473
23 551
24 925
25 738
26 978
27 841
28 858
29 401
30 757
31 951
32 857
33 493
34 636
35 695
36 500
37 7
38 348
39 509
40 292
41 479
42 25
43 139
44 629
45 601
46 559
47 172
48 350
49 433
50 195
51 864
52 267
53 653
54 729
55 447
56 718
57 378
58 171
59 239
60 601
61 714
62 252
63 894
64 552
65 154
66 863
67 324
68 456
69 26
70 844
