NAME : domp200p100v2
COMMENT : Cherkesly, Contardo & Gruson 2022
TYPE : DOMP
DIMENSION : 200
DISPLAY_DATA_TYPE : NO_DISPLAY
OPEN_FACILITIES : 100
COST_SECTION
 1 446781 205795 367719 325697 457053 269866 548290 504872 190277 242337 585764 510499 129810 251494 227819 233858 388832 153087 491079 562039 551109 658126 617504 138621 320174 208866 193691 126063 559823 528676 571305 396426 308425 461358 311190 551336 432906 158735 296577 582859 246578 498569 371083 428152 112414 375654 458961 518985 319936 318643 158992 408163 66748 638912 306154 459889 98947 368992 732891 261710 144279 78499 532622 269109 158470 381918 628082 597480 639015 319556 444233 262875 517272 809063 331947 235445 395256 584918 193844 255766 180559 655414 405516 604704 135598 553426 565193 549760 298182 324542 519430 600949 315871 574090 288156 335480 167301 744136 448357 615079 375525 491357 435006 399893 707280 323893 262284 281530 479717 311777 330603 40029 337963 430080 506750 536344 42347 438861 239772 528237 184327 309200 188845 759455 307800 348209 425210 144259 278956 345382 302648 394623 615538 635919 231751 531300 513216 474403 190472 252552 32233 602539 482595 407376 338287 658367 635973 570026 696944 530614 229935 364925 343827 346186 497544 503314 516318 575717 309312 436008 334712 523961 587624 188550 378810 476752 315931 553349 336103 529413 400045 717637 524570 423652 657504 695610 189935 501290 145462 232120 528230 480335 546739 428662 286886 336800 200274 259665 567653 310265 213088 564355 522153 530950 584640 618544 490684 343745 413346
 446781 1 502579 320047 175677 581929 568987 381526 850080 440340 378677 997388 956982 417553 695765 673425 254351 300759 550415 845777 979096 667029 622940 895905 358262 724334 351385 276977 329665 872244 466524 1012707 807559 280016 236522 429700 900107 158046 378608 483882 813248 578396 263742 250299 609218 517500 330753 876144 341763 515974 548814 601390 704733 497237 584831 549967 890820 539382 797576 1073015 459630 412090 401970 867046 178107 389267 256418 939595 686138 1009994 551743 21257 476675 772253 1138509 646851 345619 833674 600255 637986 273292 321237 968706 693650 1001790 430663 987290 1002579 854661 699269 721879 965618 922942 503814 983004 424832 382228 613098 565211 515291 981470 746805 845744 878692 775164 1035130 754036 300492 166077 427375 378289 343386 407692 623367 510261 951275 320342 407777 136952 207445 969007 625227 467419 611809 1108112 273903 771919 863676 574362 648783 127035 392150 52334 737358 951311 246795 532971 413830 174207 277025 534117 469441 409404 646208 776980 777224 1008624 905586 831937 971663 657684 421064 808625 651711 250939 560999 864525 454566 919236 281035 831022 763187 651166 852210 490798 763023 556029 699513 993129 111266 953261 780142 560777 298662 189669 926285 988712 258175 283075 301855 346294 973741 863754 985954 413872 560562 190537 591146 563652 975713 747388 272273 700157 707720 661422 994686 978584 912527 678996 478988
 205795 502579 1 277376 334234 661923 471342 712625 675981 62452 140522 502111 548927 331695 343332 277900 377463 307678 112276 658490 487616 756624 853168 806295 158343 237196 152778 337662 211311 740937 713956 554215 318965 254391 411710 158396 717976 549583 350868 501092 782087 443388 439361 522287 633896 122587 278880 388553 426981 123412 113808 285750 601748 254125 830647 100547 417780 185050 482760 895295 465476 99946 273381 706828 342340 116921 325203 806512 802453 788327 525068 491527 467841 714536 973780 150754 165598 484611 784031 301747 233797 350617 832110 601138 735983 339523 639117 534680 733794 212634 230290 561078 776695 123483 695535 486609 523528 240164 916150 648388 768526 244812 658907 501199 563041 876227 441271 214089 365638 663420 191838 230429 219704 537708 630761 561987 686811 196487 435746 331035 597609 307525 511908 343929 916554 258099 298911 511002 170146 458341 444084 174639 453654 821330 812631 369301 726876 690077 591140 234789 47610 229167 764283 688351 274529 433876 818789 826301 764204 884125 736259 430289 375295 538680 299164 698988 666455 700881 743544 254286 332620 298002 729574 780658 393930 263262 679002 202617 531158 399041 468360 560102 893546 671076 396762 847358 877620 299876 647368 266777 163760 535444 631164 619573 615160 82786 466400 120559 461033 690455 301495 231704 770149 726901 736653 704145 775561 427386 178212 611500
 367719 320047 277376 1 160005 733185 612374 652709 870223 226162 142326 766795 821157 436389 591800 538479 361439 31374 374927 857534 756010 830324 858512 969319 229221 512503 160752 342286 261018 919620 701020 831454 592086 71174 141762 137245 917624 437195 424908 585745 916828 599910 163666 470225 730865 362635 12310 660939 154931 227464 266679 512313 758890 434450 826242 274182 694172 415411 724811 1099383 550091 239964 383854 896568 250451 217239 67082 988835 865354 1006683 636419 301343 560966 858024 1174717 384761 134631 739048 810503 539863 127397 386103 1016940 753220 969480 450085 897731 811142 907476 488557 503892 832758 963508 215412 935663 544328 544338 488363 854130 690676 982789 503720 857779 765033 767425 1072017 680275 108153 273897 652155 88057 46977 347457 680581 677844 830247 604394 329203 202023 270577 861945 537728 583592 554483 1126761 75659 576069 767557 424439 644322 336264 106288 289118 901788 997620 348509 743928 659269 470377 209174 284705 399936 693638 781138 528777 684144 1025441 985519 915180 1049366 814174 505538 649799 695160 71685 743369 870485 687474 941561 69766 597049 575357 807100 934234 521601 527721 729507 473321 808245 261305 740873 767741 841922 583953 148022 1007298 1053037 285923 562946 293644 137903 812096 847878 882980 617333 297269 395422 396172 603223 929644 576960 179678 854656 833950 816294 945605 986088 700330 422718 650064
 325697 175677 334234 160005 1 602812 520322 493563 795342 271861 204118 834933 828122 346207 575408 539400 226513 151207 397361 786349 818740 697757 706410 872470 206689 564502 181457 220794 199651 833237 547672 866712 647832 106446 154454 254727 844751 277363 321001 468518 806998 517371 194159 315043 610733 369987 172077 717278 246234 340303 373309 484487 666451 387460 672675 374851 738105 404711 693990 1024797 435708 252223 308027 817821 104872 227443 111761 902639 728263 944943 527757 161115 449516 754335 1096425 474174 172016 720705 663975 518392 100621 270361 931555 658310 921555 360645 879109 852828 818514 539337 560228 838107 880805 328153 894962 418888 405171 481251 694240 551858 918512 578942 786467 758087 703802 992350 648982 125402 123134 500116 204305 172752 292148 584750 541071 828589 444416 283402 113566 135325 852665 509953 460992 510281 1056023 100150 617840 750588 431188 575810 176901 217275 134941 769842 912833 213751 596382 503474 311445 135393 362021 354583 533766 657315 608221 663780 954405 886175 813467 951741 683576 391213 668327 605776 88780 603523 802274 534277 866824 107620 666297 611631 676569 833309 431220 597247 592040 535272 845622 101310 796019 706418 682493 423949 104877 907789 961105 171586 402999 200444 173060 834723 789864 871663 469400 386828 239508 433386 512530 888201 601626 117067 725352 714219 686267 905942 918913 754965 507640 511578
 457053 581929 661923 733185 602812 1 230695 326773 380843 635488 657630 947134 725445 330825 520630 567173 376655 739206 598517 391288 916814 97750 245400 346042 545477 729094 613052 390955 492049 357321 214653 853564 784097 662013 753643 736735 421741 442296 320636 160883 244241 271187 792356 333615 68749 561787 744768 827565 848961 768689 772928 468403 234591 423600 247652 761447 799287 517139 510429 554676 196995 583409 390416 378789 497952 585982 709114 410917 140534 539479 153934 596484 194188 227542 603511 785042 634612 570271 158865 491843 607043 348252 437351 219564 576862 322415 662369 866866 335985 714010 739526 725898 407620 762529 586816 189295 202075 530985 422912 78280 509577 803619 390813 632337 381400 508878 490500 632498 482030 206730 716509 715483 443796 203206 74671 693881 375642 467685 675806 469099 680656 470367 153473 415347 595048 657659 724561 590877 563445 326179 463562 714980 553667 168620 424481 389578 146886 254187 456209 527375 709150 438444 366217 69313 833081 536869 510508 348397 279915 411085 81070 236405 674937 235607 676868 74236 413679 213587 429558 663423 837328 704463 74008 298783 275198 797331 54145 743295 846606 527488 874965 392398 385771 384651 699656 366341 438516 447262 376792 445127 631928 786591 449264 685361 184503 743756 393325 640856 238688 579240 663631 555914 122541 131024 83505 598523 498341 845962 791189 104915
 269866 568987 471342 612374 520322 230695 1 468560 281316 460075 504616 716639 511308 176928 290407 337230 316295 627111 389257 276912 686479 308975 470952 356984 391918 502849 465106 304316 351481 312915 392069 630078 554446 544544 673542 578184 331375 475768 199915 120237 313116 40541 713172 369043 178792 357373 622274 596895 752006 589221 585147 240540 147120 217829 465825 571623 569127 303855 300188 507440 121433 412466 229176 300129 425703 422951 608289 382326 360332 441540 77973 576386 103976 248741 577032 576158 490536 356840 385987 261724 487200 254630 411233 140848 442339 162817 475440 640805 298431 489465 514263 513734 360879 585538 433320 171754 243761 304874 620445 261946 412717 580484 276861 417775 214961 472880 271788 504395 421257 357745 571766 582821 273101 68948 243149 485034 491127 295705 619698 390686 480730 240415 147124 184894 540905 541939 494618 381372 346038 109131 442392 565285 525353 363620 392536 325702 354719 406067 506690 406402 516100 242785 520343 230843 608827 315774 440441 373240 303875 437022 286827 150034 445277 85506 572447 294823 296110 384265 351287 545752 608553 474316 281195 322484 90911 571847 271326 521078 621376 479160 644898 222444 586103 490157 625133 395013 442397 348769 472685 324416 487364 565674 302291 489948 309161 548696 389912 426929 10314 425617 433128 435614 312631 258734 285650 445473 409597 615406 577003 245639
 548290 381526 712625 652709 493563 326773 468560 1 697541 662638 642341 1126375 972977 434233 725928 743921 335406 644447 699318 704211 1100126 372129 252264 671668 557745 867789 599191 374985 501861 682836 121375 1076916 941129 590015 609900 716712 741968 225936 393882 348364 565774 501613 641546 192461 386942 658381 664940 999542 715938 781896 802032 644125 542905 555517 211978 796200 989531 641718 767119 881439 355760 613890 470538 700081 408478 602769 602897 737687 367762 860532 404220 402026 370298 554295 929271 860803 609738 821451 258042 678441 551395 369576 764074 527991 887774 437373 943554 1080683 661680 846300 872730 976832 733694 771846 889500 304622 233122 690216 205708 249594 830364 922565 703847 880593 672212 835614 734709 583222 383017 121178 676739 656533 514681 483258 259506 950368 67292 532096 512566 400602 948812 658078 321473 615505 921755 583957 888491 847554 690152 577370 316665 683605 382294 428793 751243 344350 204385 72614 208901 496572 757631 549011 54873 394197 954580 774980 835655 672297 605974 732592 373744 353289 875878 519569 582244 266840 726465 117005 752285 591434 983651 872188 369485 624375 445754 927029 276944 863706 1064160 392916 1063476 681679 189484 87145 557378 688968 762973 416697 98636 445919 608420 1018640 752130 958459 160999 791791 260916 746927 470490 881745 839799 515084 409947 452123 378774 901602 820556 1027462 880956 239113
 504872 850080 675981 870223 795342 380843 281316 697541 1 684835 746725 730879 434521 449234 365612 440639 597581 888838 570580 24061 698534 391759 605303 167679 641684 609382 713469 584034 612381 83452 593670 584125 625572 806526 946202 811296 50060 749431 478840 377953 229185 278118 985448 638947 314017 553418 878874 639028 1017333 799389 784313 391671 156083 439271 618423 768748 588354 490932 256368 229969 394234 646110 491161 33769 704666 662818 875376 134552 436618 165188 309388 857683 376510 179973 304499 736865 739989 306295 522912 384044 750405 534897 157454 170486 197517 434811 321523 610182 91930 607206 625074 429142 102259 799004 216566 437900 502162 447795 801339 451560 135161 694727 23329 357488 115105 202462 273460 762722 701616 576763 816389 835031 522798 230233 439080 392313 735601 541359 898350 669450 360430 372676 401038 332083 260812 804832 568978 309764 513851 226082 723290 806508 806667 397886 138335 606846 527115 626648 776785 672966 712809 472879 742188 325827 714927 311650 159519 191319 173660 228138 374814 429532 473347 198896 839140 453555 39036 590920 71655 807591 683991 548094 374251 174887 365490 674950 434967 645761 586833 759948 654760 120885 763720 739477 900088 206291 208841 625028 725807 595663 736674 512268 96664 355919 539638 739327 668375 591420 287267 209673 505176 700993 366799 291734 370254 227142 129286 640383 723709 458533
 190277 440340 62452 226162 271861 635488 460075 662638 684835 1 84372 563819 595028 305356 372806 314418 327476 255139 149018 668933 548703 731855 815080 805817 104902 296433 90424 289305 161651 744971 671298 609674 379048 195302 355233 127367 729060 491763 317445 475065 773124 436380 384868 470892 613280 141899 229439 448706 379521 133201 142219 302817 597558 249354 790598 134330 475193 201094 509934 908896 438582 52615 245375 714338 282544 60014 268343 812184 775672 806805 506412 429135 443144 707468 986571 209470 104927 518361 749393 325045 171536 308615 838763 595380 760474 315199 675736 591745 736144 271508 290591 606681 783682 127391 722841 453941 484070 268218 867380 615396 785327 307263 669291 540776 574646 886824 466628 153050 306466 620452 146191 180089 192796 528240 598526 604796 633619 168824 374454 273589 637695 326851 483012 354871 932460 198550 355317 546073 201039 461750 385228 131298 391691 798748 819225 318289 689809 644202 532988 175718 97889 219039 713274 667393 336941 465035 832980 824799 759774 884818 712260 400125 423833 533412 240301 667094 678789 657997 754207 195330 394648 352532 705412 777132 376637 325445 648164 264082 587123 337635 528261 572932 846174 617168 337123 846212 881461 246610 593552 218012 102799 587044 648134 659086 573881 130155 411572 171725 449896 717310 351425 170315 748059 709975 713065 732100 790978 487203 239305 577186
 242337 378677 140522 142326 204118 657630 504616 642341 746725 84372 1 640870 678959 336355 451471 396406 314966 170865 232664 732315 627341 755252 816838 857986 114039 377702 45511 282715 165634 802016 666188 693307 459404 114360 271627 79624 792613 452244 337406 500621 816293 486055 300612 450267 643764 221112 146393 528945 296610 142867 171438 375556 647646 307455 789094 171461 557879 276166 586413 973782 463818 102304 277856 774827 240814 83928 184895 870386 795758 876011 541176 365060 471340 753325 1050500 270757 34310 598234 757585 401048 105790 314185 897749 643828 834177 348426 756494 674664 791617 353078 370716 690508 843270 131682 798486 470098 488043 347414 848032 627874 853313 380301 732619 622983 639732 949186 542333 78838 266512 615410 69778 97147 231593 573558 612460 687941 605850 209614 298010 242134 719915 400524 504228 422346 999189 118465 438451 626455 282430 521104 344021 60737 333583 824574 878255 303690 694572 633058 491705 146477 159884 274031 690066 696733 408270 543902 898653 875787 808091 937738 736942 421717 508155 583203 158847 680613 743705 652617 817254 114160 470836 436322 729939 826293 416327 401151 663568 342329 670559 284943 608803 639027 829978 587707 256718 897445 937546 230508 564627 216251 34748 671388 716939 741063 572751 182850 383202 255825 494798 792691 435796 127783 775016 744098 738311 808116 857835 567856 305350 588126
 585764 997388 502111 766795 834933 947134 716639 1126375 730879 563819 640870 1 320804 692158 426580 386733 818876 798152 450219 706823 32359 1017906 1186055 898499 639433 273534 654033 777958 675540 814328 1085683 185527 191277 755218 907122 631112 744822 1015142 733005 814323 937701 676099 930192 956347 890222 487382 765133 127061 901000 546348 506381 488779 766234 570858 1177375 495807 149003 487838 478599 863586 791135 585560 659790 763235 825799 609101 822506 853651 1070289 738903 794287 988437 782310 870460 935573 384586 667667 424723 1102103 459201 735159 765399 866757 775631 649101 689548 471634 147028 820899 298411 275528 331926 820307 557127 595989 835486 899244 436661 1311927 972829 737633 263105 707552 375806 635524 872003 476805 716182 845383 1041407 678840 720934 623875 752372 953461 364933 1120389 612685 937831 805494 412188 480828 837273 533428 862222 759300 238293 422588 441580 627027 919118 660603 946425 1060278 851603 815657 1065189 1081987 1057120 720930 483404 579393 1181210 936879 239747 430647 797404 922153 892292 954035 995700 779419 274141 728459 799439 1010504 698339 1075030 767099 754991 170161 254193 990990 899303 695326 239863 987069 299761 167794 888907 76286 625105 1281553 1109524 897457 936924 925161 762009 1086440 719125 665866 242073 639117 430276 988843 469857 920907 406879 709098 596558 288749 725619 1012898 944003 993526 596052 754130 101348 345684 948301
 510499 956982 548927 821157 828122 725445 511308 972977 434521 595028 678959 320804 1 565110 262948 288880 725716 849730 446311 410966 290335 776575 970797 600042 622821 345586 670136 690997 632811 516163 903344 151272 303038 782532 944529 706809 438940 923796 610037 628269 657392 474310 977069 837349 659952 463274 824381 273700 974195 648035 615092 357218 508829 461999 971234 599616 210338 423452 215019 543728 617271 588176 560444 464204 779591 613330 858399 546001 827910 419601 585964 954731 603216 596165 614915 512449 692796 155412 884200 320040 741931 659484 555801 521393 328710 556287 151211 182011 526450 361647 360947 13710 513636 654429 275752 668386 740551 347071 1131694 770902 420482 410486 411715 93635 360627 554585 239622 735769 791182 867595 739254 775072 549305 522318 752709 44837 985354 550717 941394 749595 91459 335068 654700 363521 541462 784297 276307 135509 400477 403783 849701 722725 904946 804908 542222 727687 862566 914735 962695 694228 558783 487794 1026457 697093 412952 198011 479698 623340 605676 647055 755457 623192 174918 490298 826454 796915 398105 895340 458843 782912 348536 266163 752182 608958 529171 380701 773880 394515 158503 846559 250859 349108 1097109 980100 916943 635582 614520 699082 959519 655140 689913 81015 338254 110667 817416 566176 826504 428445 507239 276743 249247 711213 763013 688489 752204 275387 437753 254643 480408 756920
 129810 417553 331695 436389 346207 330825 176928 434233 449234 305356 336355 692158 565110 1 304539 311316 166611 450406 280664 440802 665931 426657 528585 533633 222316 437621 294266 140904 176489 488621 402808 651437 508028 367942 498125 413303 498771 359423 44949 170008 482055 171172 537622 274391 308868 240838 446555 565383 575095 438435 442120 214847 324039 121331 510135 430769 556230 210954 384539 678590 133927 253826 60040 471667 257404 258955 431426 558131 471304 601396 204823 421256 137790 421789 750457 461756 318637 426838 455133 251262 310538 98066 586846 317511 585837 14440 574470 651651 474856 417645 444201 571565 535286 432698 565553 158504 210513 256153 623230 318617 574221 500038 440894 478493 361787 646460 342832 328777 257733 355090 400926 408670 112996 244428 300438 551465 431912 136927 449935 222210 562305 232847 180296 203205 710004 365213 454440 456217 260068 233720 296653 396236 369268 493421 567904 171864 401782 392021 397734 229505 379140 119532 489082 362633 531469 372585 608473 549365 478792 613622 406930 100127 446403 261472 395543 368153 457395 390892 520659 369169 552898 437966 400098 497877 86141 500434 347689 439596 636637 317087 629636 365664 594971 423316 451034 571144 619271 175992 401234 147832 315590 598722 449633 577264 303118 414015 262826 326812 168294 558299 405960 258777 442826 407970 407711 577197 573789 593301 472946 283575
 251494 695765 343332 591800 575408 520630 290407 725928 365612 372806 451471 426580 262948 304539 1 75682 462945 617633 231059 344086 396184 592420 760965 521258 375461 245422 432900 428051 376660 443112 669861 350989 275788 543272 702951 497226 398958 661665 349431 393873 534096 249891 738143 578600 463962 231039 597175 309458 746719 462033 439229 94516 351951 199268 754161 423053 278728 176761 139671 566102 375234 351911 297511 399109 519315 375387 619238 500123 644711 451788 368275 694385 363971 464031 645215 374907 457969 147589 676334 57836 496644 397194 521790 359001 393412 296842 306860 356187 442486 241760 260602 270683 467389 464572 352204 423692 493079 104607 898652 549392 435046 330583 344664 183537 251698 554061 100558 495793 529715 629006 518286 548344 288998 327258 530163 255633 731975 293084 688934 488359 277258 72271 418472 111384 582832 544010 215668 176753 173588 203440 586849 504024 643990 638058 503162 464767 642233 673280 701017 440100 370303 226456 780404 511647 352822 92431 489584 544067 497728 591218 570159 372650 155276 306161 585091 584983 346077 660254 424757 543883 333326 194351 565254 509226 281021 312983 561499 280177 338703 586038 354492 244832 866266 725069 669842 562702 574451 437592 703660 394145 454802 294722 300407 296435 577030 390903 564215 237776 283195 347151 150649 460064 589396 523419 568181 360862 444615 325556 359029 527719
 227819 673425 277900 538479 539400 567173 337230 743921 440639 314418 396406 386733 288880 311316 75682 1 456177 565873 166919 419364 358595 645139 801728 594221 333954 174388 383456 417973 345794 517214 699041 344770 217248 495624 657265 434918 474570 656605 354519 428211 601677 297262 690751 583403 515212 176405 542792 262618 693015 392866 367885 102052 417275 192673 791614 351661 245680 135171 211475 641424 404414 301329 289622 474020 495336 326122 571735 575190 696950 526122 413251 669822 395819 531293 720527 299366 407101 206822 718981 75542 453422 394878 597150 422923 464613 306845 361867 341625 515823 168095 188655 299200 542598 396295 421150 449026 514106 60521 925818 587555 510028 258550 419932 226578 326230 629729 175304 448488 508965 655191 460579 493490 267732 383233 568151 292781 743186 265655 652578 467182 323510 96839 450749 152603 657552 497072 157415 233135 114050 264678 572861 445249 621126 695150 578444 455872 679458 696674 697381 406047 300594 210460 798778 565422 282670 158137 564979 616789 567953 665318 622881 393634 137873 366487 539018 627211 421682 688490 500382 496081 272152 137338 617528 580280 308618 243360 603941 205866 328006 562307 320224 319762 895074 734218 628358 635802 649419 417690 711854 373150 404094 300511 375935 344733 602656 318932 559337 165896 328730 416585 98111 422419 645339 582773 621346 429075 519904 285927 283437 561941
 233858 254351 377463 361439 226513 376655 316295 335406 597581 327476 314966 818876 725716 166611 462945 456177 1 364492 374840 592400 795636 472319 503933 655845 222593 549957 270050 41497 166458 624634 351340 800908 628610 290930 379153 392992 647640 200433 125092 245277 583927 324106 418439 145157 385061 334851 373435 692336 472410 449978 467861 369430 456397 265703 474861 461421 693474 332758 550975 822924 215112 278491 166965 615969 121962 267785 332734 693125 504952 756184 308643 260486 230683 534765 890689 526491 284812 591888 450335 406747 239872 68554 722274 446426 747660 178736 740976 796956 608133 526712 552465 732961 674376 440584 729925 192871 182907 396582 539904 329482 727876 595910 592390 641621 520822 786744 508856 269086 109634 300659 360570 350516 195060 374213 317248 714711 311072 207118 310228 92594 727589 390706 235479 367894 856998 285962 581870 621509 377448 394727 130455 363679 209155 544309 704264 13013 384780 318855 241320 169279 422239 245922 386821 430900 627948 536776 756722 667902 594455 733959 457580 172567 594022 400378 301275 382046 610797 337748 667509 292382 664944 568568 450549 614573 236450 603705 368759 539121 784062 164395 763270 525867 519034 296801 326186 689246 746820 84462 273105 110705 282919 753214 609424 743047 259880 456392 103286 421923 310417 722558 543335 193424 499155 488321 460156 741706 725490 724475 548335 288881
 388832 300759 307678 31374 151207 739206 627111 644447 888838 255139 170865 798152 849730 450406 617633 565873 364492 1 403423 876740 787304 835840 856119 984017 250296 543325 184984 348634 277169 936284 697804 861882 623133 82679 110690 168480 936668 425462 436094 594895 928601 616370 132470 465654 739734 389651 35650 692055 130335 258407 297764 536472 774043 455540 822957 305441 724879 440949 749401 1118414 559771 265832 399905 914569 248845 242301 44369 1005649 869426 1027647 647780 281296 571382 871078 1193199 416100 159666 765093 810856 564914 139914 394314 1033947 767868 992375 464360 924040 841849 923631 519290 534863 861215 980924 246417 959458 551192 547062 514740 844015 693880 1003327 535083 876965 792289 787628 1090135 704684 126654 270808 649656 119361 77791 366345 694828 681724 858102 593938 349238 176924 272307 889142 562023 591370 576742 1146465 85194 606533 793810 451841 663360 327906 137599 273676 907598 1014709 351483 743758 654397 456910 221175 315912 420937 683693 789133 560148 709831 1044964 999723 928768 1064019 820275 515001 678972 710716 64107 746298 890201 684340 960334 81526 628385 605531 813210 948022 536203 559035 733251 504431 838757 251570 772001 788299 833086 573161 121430 1021500 1068845 292931 552758 305079 162832 841789 869122 910010 616822 328642 390265 425895 618183 953334 606412 191723 861211 843139 822571 969548 1006175 731422 454081 653302
 153087 550415 112276 374927 397361 598517 389257 699318 570580 149018 232664 450219 446311 280664 231059 166919 374840 403423 1 552115 430000 689081 808863 707733 192961 177205 226330 333363 225325 638820 681681 469706 259020 338195 500083 268048 610965 566743 311816 440767 692491 356514 531508 517470 561653 40975 378433 326496 528538 232524 213950 178937 508572 175191 790797 198248 341427 85992 370534 786480 407911 146310 231500 602225 376239 171722 413422 702829 737658 677637 452129 543060 406378 623352 865245 187413 247537 373051 733618 190990 302935 329853 727621 509713 623904 284241 528777 455513 633119 153003 178141 457845 672169 234230 583262 438918 488496 128345 896741 596988 658494 223258 552569 392410 456423 769062 329306 292430 395292 632799 294604 329072 184638 451734 578279 455810 683810 168360 507460 355276 489245 198716 456304 240546 806672 340478 221722 399901 58360 359465 469004 278862 498735 749630 708253 370064 682154 666048 608843 273485 142735 162370 753189 615773 255263 321737 709825 728587 669769 784156 667744 380173 276645 447615 382787 644611 558892 669364 636702 338461 290660 214383 661409 685187 323528 229002 623020 164759 448351 440484 402899 452738 870566 670752 476570 749204 775075 312376 647178 270356 244790 441661 521359 510834 581672 168961 474500 47612 379066 578194 206119 282297 698243 647971 667482 591873 666110 362264 193287 563431
 491079 845777 658490 857534 786349 391288 276912 704211 24061 668933 732315 706823 410966 440802 344086 419364 592400 876740 552115 1 674479 407190 619740 191738 628596 587181 699913 577309 600966 107505 602611 560367 602323 794647 936310 795730 60299 748832 472049 378563 250669 270328 975406 639133 323585 536039 865977 615238 1005687 781850 766015 373411 161309 425017 631631 750360 564384 473502 232660 241880 392753 631225 480639 57132 697316 648493 864300 156322 453163 164947 310823 852827 374928 198422 318192 716449 726477 282257 536479 364364 738878 528617 177826 176234 185586 426433 300261 586265 115618 585414 602961 405746 123329 781724 199770 437962 503915 428273 813200 460138 135834 672502 749 333481 95695 218000 250742 750369 695114 583867 802056 821609 510414 230429 446926 368965 740449 528371 890602 662065 337802 353721 402454 314980 270244 793114 545971 285743 495017 213386 719284 791813 801547 416342 159085 601300 538031 633905 777182 662279 694598 458952 749849 338836 692385 288249 168518 215379 196039 251475 389571 426377 449690 197224 828052 464668 22424 599361 85283 795686 660709 525147 388655 198095 358336 652421 445415 624078 562932 753771 630708 100195 775713 743642 890920 230293 230803 616792 729351 586207 723155 488497 73837 333871 545235 720610 665979 571846 282137 192604 482367 689997 383568 307957 385140 210804 133282 616414 702671 465113
 562039 979096 487616 756010 818740 916814 686479 1100126 698534 548703 627341 32359 290335 665931 396184 358595 795636 787304 430000 674479 1 986868 1156368 866149 620845 254851 638523 754934 655132 781984 1057605 159962 171539 741655 895506 621379 712611 992878 707281 785375 905482 645941 919640 931897 859451 466172 754840 103725 893022 538522 498805 460525 734393 544773 1148143 487476 117789 463608 446282 832401 762736 568055 635099 730905 806187 592019 810248 821453 1039262 707623 764231 970675 753606 838322 904727 376984 653146 392367 1072183 430216 719506 740978 834674 743884 618163 662931 441420 121177 788541 279982 258520 301740 788092 548936 565014 807614 872069 409952 1284333 943484 706034 253912 675208 343652 603240 840384 444803 701569 825238 1013727 667955 709769 600582 721350 924135 334186 1095331 590200 923142 784984 381789 451795 808576 503819 831495 745544 213835 390348 418207 595899 898141 649722 927824 1028768 819463 792774 1035975 1054784 1034765 702216 471604 554491 1154988 905807 233528 398544 765847 889803 859978 921797 964681 751937 242924 697113 786163 980658 666039 1047082 734947 741484 159680 228428 960021 866960 666913 228369 957203 285061 140342 869957 43960 592805 1253668 1084819 884051 904593 893050 740675 1061847 697410 651224 212565 606849 400275 961179 460191 898057 387956 679059 565462 260991 707996 981539 912396 962462 565281 722443 72761 337913 919443
 551109 667029 756624 830324 697757 97750 308975 372129 391759 731855 755252 1017906 776575 426657 592420 645139 472319 835840 689081 407190 986868 1 214676 314025 642896 811794 710733 488039 589707 348045 251139 912047 862297 759164 847309 834287 424556 520860 418075 256793 202866 348187 885688 416796 130185 653440 841963 901700 943989 865016 868329 549515 268771 513903 232807 856543 869086 606081 563239 529752 293364 679971 486521 381261 592918 683075 805046 388592 52405 536945 237723 682700 289099 215947 567692 876277 732352 623642 137692 569630 704434 445867 411514 255527 588615 417605 697127 928454 326859 798091 823070 775498 393376 859068 606951 286927 293761 613696 420538 151745 508358 888758 406590 685277 419771 481909 549666 730090 576062 262075 814259 813083 539618 265534 158390 741566 430083 563572 766947 564903 722675 548609 251025 492549 571017 754739 802177 641068 651087 391010 552656 812702 642089 72099 402279 485299 168747 301780 529648 624981 803620 530979 401175 81126 917456 596863 497787 309833 253059 365409 22282 333763 743955 291191 773205 109943 428681 255282 426538 760581 917052 781568 27855 268345 365885 880717 111069 828954 907230 619359 944141 431297 382687 442769 793020 323913 399879 544443 439237 542862 729663 842930 473852 724508 256461 837989 481482 730089 318166 599747 739524 653441 37830 100806 24555 617980 494374 917427 880693 189318
 658126 622940 853168 858512 706410 245400 470952 252264 605303 815080 816838 1186055 970797 528585 760965 801728 503933 856119 808863 619740 1156368 214676 1 523009 714289 955444 771414 534125 656822 562439 159248 1098357 1016471 790175 839476 895805 639144 464918 502861 375041 411639 511312 874130 392001 311465 769358 870781 1064093 943825 945256 957120 700567 472710 639479 40587 947989 1039429 733967 755779 738501 403652 762726 582446 595799 608128 758779 818171 599962 178018 751469 392982 642364 408794 430621 769628 989748 787987 815663 86612 727485 742514 506848 621289 458277 802594 524633 903401 1110840 541342 938093 964306 971140 606815 937065 819126 370085 331059 759867 214540 214805 722984 1024664 619168 877730 622911 690244 735638 772529 585369 206471 864491 852781 635153 448605 234165 938869 319552 657455 746376 589600 924387 705829 355219 652628 779785 784683 958074 836086 782437 570858 535447 867454 614470 235421 613525 516104 126827 209224 456179 672805 900656 646640 253114 282146 1055377 781802 710930 515679 465279 564562 230517 428716 916089 480678 792089 176157 641558 172407 641166 791638 1067319 938710 231116 479093 496629 1021818 199651 963916 1090896 611518 1115261 634181 178008 339076 785192 526912 603102 587544 347145 602129 785930 1031775 684055 928186 244231 935881 467485 854313 477823 811794 899469 697343 245130 315467 235144 830376 708852 1084708 1001515 245554
 617504 895905 806295 969319 872470 346042 356984 671668 167679 805817 857986 898499 600042 533633 521258 594221 655845 984017 707733 191738 866149 314025 523009 1 746890 766675 820129 652439 708350 84352 555036 750445 788582 901490 1026710 928693 164186 772891 552086 412828 111567 371941 1066437 660645 295287 684841 979152 805051 1108206 928709 918244 531051 210711 556516 545587 903336 755435 623789 422518 215884 440773 761776 585730 136122 773378 774913 964337 79670 345018 246135 347215 907003 425262 124324 257617 883462 845955 473825 451497 530574 844120 602465 98310 216158 321889 519658 477678 777250 79223 762268 781822 593956 98375 926783 358208 471121 519826 592400 733705 424294 222781 851823 191005 525001 271460 167903 435439 861287 765038 552588 926256 939102 626927 289312 418319 557007 721663 648401 965778 739293 522100 515931 428501 467690 257186 898830 730796 477334 653813 348533 770077 918701 858735 291208 92461 667077 476723 599108 792750 763103 846881 587224 707672 277583 873765 476292 193830 23658 66405 80050 304872 483674 638809 274985 928691 406553 202144 556167 150367 902703 847087 709648 307473 47301 447857 833827 394750 800024 753833 819877 822348 280068 695958 730282 976605 41706 93808 701423 721403 680361 842734 678697 262129 515082 528346 876084 706237 734435 366097 352808 666154 792408 279351 220604 299689 366307 204978 807448 873944 445488
 138621 358262 158343 229221 206689 545477 391918 557745 641684 104902 114039 639433 622821 222316 375461 333954 222593 250296 192961 628596 620845 642896 714289 746890 1 366143 73256 184788 57662 693440 568183 660734 449313 170682 327729 191742 688758 391719 224843 387387 702772 375212 363635 366107 529992 163432 237411 517899 380542 231019 245816 289191 536235 205367 688661 238904 534351 200587 502257 870475 350561 58619 164026 668595 188003 45315 245473 762312 684406 777627 427138 350307 357641 640396 946150 309082 99164 522668 651224 320141 121198 207617 790098 531847 742414 234443 681964 647924 682201 341117 364102 633127 736168 222800 710459 359416 383423 277119 762490 519174 753600 393971 628852 555917 538205 843805 457245 123952 209788 517272 179858 193577 120188 460845 503088 625176 529418 100332 319105 173367 651685 314931 392011 326574 897591 170539 414660 552119 224526 415622 287347 174100 307032 711712 770684 213401 590009 539873 433448 81513 200906 170799 608484 583143 425203 466299 796330 764208 695736 826818 624252 309134 461642 471905 210447 571561 641335 554795 712863 171491 474406 407090 617277 714169 302893 407586 553698 343219 639993 249542 595270 538545 741428 513303 295037 785924 828115 142159 489631 113714 95913 628036 618952 671490 471694 234423 308206 232890 382237 704194 395286 89991 661882 630101 625495 720761 756870 554449 335066 480045
 320174 724334 237196 512503 564502 729094 502849 867789 609382 296433 377702 273534 345586 437621 245422 174388 549957 543325 177205 587181 254851 811794 955444 766675 366143 1 385267 508635 402313 688112 839616 321135 83404 491247 648747 383421 639721 743698 474775 580650 776044 464153 675575 690637 681626 215616 512867 152783 657465 311529 275287 262384 591434 318482 941506 260804 181974 226827 363997 798012 552135 313270 397291 643067 552267 337391 562362 743502 862929 677576 575953 715826 546692 705649 876564 166875 401351 337694 875517 246448 465892 500660 764016 596761 605129 437718 467192 298842 687860 25173 16717 359017 710377 319736 556204 590711 648093 198257 1060675 740752 665230 85351 587793 327579 496553 791089 337038 449423 571952 792545 425156 465593 356286 553928 721463 370568 856354 342848 670376 532252 414680 266012 600356 322085 809786 494744 70107 355355 177897 438337 646154 407202 673173 864880 745785 545851 830321 829384 785776 447589 230082 319389 922239 733367 108313 306024 722761 789487 742064 836124 789667 532361 176366 539318 536139 784236 587193 827987 665220 491192 115881 80113 783989 754094 459032 69444 761460 48932 297219 615489 231931 489169 1032588 844188 633426 808104 817982 489558 820778 447288 399228 313182 536820 437626 740359 228628 650744 133368 493632 553173 111564 453157 814446 754284 788492 561818 677153 190850 135825 711142
 208866 351385 152778 160752 181457 613052 465106 599191 713469 90424 45511 654033 670136 294266 432900 383456 270050 184984 226330 699913 638523 710733 771414 820129 73256 385267 1 237309 121065 766269 621089 694428 468287 112397 274423 125054 760155 413847 293279 456749 775561 448393 307306 406856 600425 207181 167737 537910 314865 183209 207576 351721 609483 275293 743809 205089 562097 256145 564491 941746 419994 82131 236767 740777 202136 57603 188356 835034 750862 846936 498921 339527 427988 713491 1017804 295697 26592 580446 712085 379932 81146 268800 862717 605098 808753 306759 739554 678082 755207 360191 380121 681175 808626 172805 774984 425148 442533 330610 804893 582532 823443 397529 700187 609162 608621 915772 519835 66100 227386 570275 106820 121748 193303 534019 567205 676228 564262 172728 285126 200127 705818 377206 459752 394058 968241 114312 441795 609319 269947 487407 305842 102394 303778 780308 843278 258956 649067 588515 454061 102626 182874 241052 647548 653119 426973 524990 867215 837464 768949 900047 692598 377485 502739 545144 156597 635301 712159 607530 784458 112782 485028 437476 685581 787406 375851 415864 618375 354273 672420 251712 617190 608537 786286 546519 250664 859179 901141 185607 523260 170793 23264 667991 687974 726397 527369 210818 341230 256843 455448 768940 432374 87500 730947 701301 694039 784971 827215 576106 327640 542734
 193691 276977 337662 342286 220794 390955 304316 374985 584034 289305 282715 777958 690997 140904 428051 417973 41497 348634 333363 577309 754934 488039 534125 652439 184788 508635 237309 1 127674 616243 384598 762714 587521 271127 375238 361757 633973 239326 105264 248510 586400 307133 414926 186064 392245 293423 353935 651538 463113 414342 430596 333919 448428 229397 506644 423572 653572 292632 521749 811625 215048 239365 130593 604246 121577 230102 320625 685339 523690 739683 306985 280355 228723 533633 881242 486078 254262 560352 476406 371211 216889 50082 714404 439540 726542 154386 711751 758007 600693 485326 511045 698615 664953 405367 706418 202559 206679 358014 578709 350516 711961 554444 577348 608432 501517 777101 478785 244001 117875 333690 332828 326727 154454 366263 336720 681471 352266 165791 315481 86941 696079 356042 243077 336868 844547 266717 541253 590176 336735 373916 159411 334368 228366 559531 695989 38084 412384 355092 280726 140236 382950 207518 426958 440761 586486 504602 743545 665748 592866 731459 471982 170449 555836 389620 287138 403450 594837 371110 654808 272544 623539 528226 464910 612765 218994 562212 388411 497624 745495 176915 722918 505809 556936 338195 324281 687317 741901 56510 314513 71329 252095 716281 589730 712171 290064 417367 143192 380429 297398 699177 503742 167115 512691 495840 474173 718040 710588 683952 507409 310063
