NAME : domp90p45v1
COMMENT : Cherkesly, Contardo & Gruson 2022
TYPE : DOMP
DIMENSION : 90
DISPLAY_DATA_TYPE : NO_DISPLAY
OPEN_FACILITIES : 45
COST_SECTION
 1 522491 430735 902565 538880 399353 301495 550967 845743 288151 410040 933089 729930 707738 838413 344469 822652 873800 117062 361174 798214 31171 843536 615354 897080 467232 742102 607106 731926 315622 590008 479580 348581 552338 340837 869340 846358 846696 469468 837628 481083 72705 218240 508980 757117 494201 660981 473711 642833 284458 931376 742301 586482 375867 529634 674383 196944 189951 716017 673437 755192 552131 415060 299996 665310 532841 676039 277503 411168 302247 914415 803634 706282 712054 150700 198004 632530 322427 363961 220317 703415 617582 474930 214184 309501 415166 264905 61645 371573 453535
 522491 1 435819 467577 200658 168664 585981 263313 432622 243051 522153 583589 290927 292091 519503 733129 308651 418877 613897 363742 310096 531950 571413 426941 457090 455985 403583 325660 392695 490202 532717 203898 447584 482882 206984 437738 442467 536675 461465 326295 835622 570632 525048 344542 506470 835814 405751 828785 255973 247916 478049 220790 79817 598231 519444 175713 583120 374480 371139 426985 468906 146135 144537 649271 164009 485106 339134 606171 415034 593959 558159 537358 520598 461939 445036 449137 337275 200765 721702 302918 464195 427767 537066 552917 215462 474780 283781 564272 679346 671925
 430735 435819 1 574580 597049 464069 688703 243655 868109 299155 100801 543418 446313 411292 444950 397762 710075 569619 546148 596893 549310 412582 430563 206248 892061 37604 824385 718114 370778 142136 162166 563839 87428 121604 431679 873423 877398 448083 41148 621439 453287 418084 251282 140824 346039 446212 271496 447906 680682 397222 910688 581417 440704 745792 800539 477814 321494 263655 791843 276002 359286 563390 299647 712790 476035 102735 754961 680151 665639 692817 530304 392593 281719 307850 280136 534904 278364 338804 367453 333949 296247 208494 777923 610526 374221 705038 429379 421030 776596 254633
 902565 467577 574580 1 642167 633400 1041135 357738 710965 625734 670863 189186 181097 195906 213319 971795 441133 60542 1013580 830560 184190 899390 291602 388723 687730 561187 765543 747849 207142 707663 528510 664494 648186 509909 659871 689142 728138 229563 564258 243943 1021315 924850 800362 437098 308404 1011341 314627 1016626 642193 682504 677515 338182 389043 1061673 981185 299993 872629 715471 739817 320003 260384 579717 501318 1097550 312072 530555 725407 1055344 882498 1048576 167293 291275 390321 309791 773923 891889 296648 611184 942016 698424 323542 387015 1003830 994781 644131 942353 724924 922832 1136440 811975
 538880 200658 597049 642167 1 151291 491539 460399 309251 328547 668948 776348 476545 484335 717551 821219 335437 587294 599108 246640 466040 558514 771602 622189 358223 623673 230301 126602 591690 615278 715770 60320 586098 664598 207357 330735 311975 735165 629089 450411 940540 603090 616688 530277 707077 944974 605582 933232 104243 266067 392812 329388 263598 478799 343049 342615 658833 452264 198565 626766 669392 62451 300423 564735 330686 663112 159591 523073 270730 500174 750481 737893 718577 662287 516435 396182 537612 277579 819611 352519 664204 623200 378143 488229 259496 330553 274841 593994 574300 806625
 399353 168664 464069 633400 151291 1 418389 373922 458848 179748 527549 735978 454055 449964 662712 670083 431179 586478 473389 197640 478683 416059 704485 524301 503948 494119 378880 258271 535334 467959 597254 103041 443018 545781 58865 477768 462468 678277 499361 489948 789364 459529 465427 420361 630264 793994 523457 782045 253494 117500 535783 376508 248410 429725 373030 344341 508105 300978 348005 543744 600851 152924 186692 483626 332577 540731 308065 440474 254786 426492 711393 667292 625650 582638 365470 288904 461573 130206 668334 201843 581688 525701 378865 390996 108274 312323 136280 451087 511103 659973
 301495 585981 688703 1041135 491539 418389 1 729559 749111 437587 692495 1117941 860039 849300 1032469 636034 825433 998509 245751 244903 895738 332016 1056142 839640 812579 726286 618960 493446 910984 599585 850586 436971 618521 805914 382320 782324 743323 1044801 729749 907860 772475 363569 515343 726054 972453 787641 866859 765344 576986 360807 853387 792259 665052 78969 295145 761392 498125 425122 603126 883674 957277 535824 546623 75926 749846 790232 569788 43459 239317 8657 1095475 1016234 939721 924295 425533 158797 820223 436029 660591 372941 918813 841648 222857 87327 399395 199169 317553 352960 95802 753668
 550967 263313 243655 357738 460399 373922 729559 1 678837 292993 344399 390196 205997 173556 302929 627290 483182 339941 665040 559571 305988 545234 333428 163963 690530 245433 665457 586817 183832 359898 284276 449974 301528 239427 373483 676498 691035 315656 250199 378076 695441 568488 444839 107822 256500 689219 149560 689803 517983 373288 702507 348490 232300 765760 746749 242372 516606 361552 633256 170017 230875 409200 192097 775641 242982 248875 602226 735659 623549 735971 369056 295044 258186 208721 417033 572208 91189 296508 602007 362580 207993 164690 747165 669847 336045 676888 416396 566992 824974 497908
 845743 432622 868109 710965 309251 458848 749111 678837 1 629833 951577 886353 599836 624770 858397 1128211 271918 650461 897096 518106 531627 866521 928566 840045 67882 888579 137819 256126 749126 909543 959807 366845 873242 911401 516197 39614 18075 877832 894057 468463 1244261 911397 921838 772429 885315 1247452 801229 1237057 205445 575083 110685 382724 446565 712820 504686 467982 966880 758264 146592 821773 837603 315397 571055 825035 460656 915454 179771 787409 509798 757573 860710 903404 921888 848864 824114 687605 731728 578520 1124624 660689 855123 840395 570267 767546 565867 556156 583359 902078 814986 1097489
 288151 243051 299155 625734 328547 179748 437587 292993 629833 1 351489 682937 448233 429854 595469 500940 551041 592022 391568 299987 510715 293325 618970 407755 668883 333014 558029 437513 476058 288255 447821 282724 266053 397814 135784 644754 635162 607445 337844 549801 614430 329599 292901 294465 536053 617848 429705 607224 426771 98739 696831 458291 300145 478683 502648 386309 344326 133229 526774 447011 519693 314850 127723 482706 377381 387981 487150 442675 368634 443760 661304 579196 509873 487674 203340 279514 383076 51358 495132 72703 482838 409620 485157 377038 76701 412220 135460 323987 532633 480325
 410040 522153 100801 670863 668948 527549 692495 344399 951577 351489 1 626054 546898 511668 528099 307118 805682 668353 518949 635889 650110 386386 503410 291221 979183 110004 898740 785425 465099 94470 199400 629963 85686 181215 487273 959236 959876 528887 107454 721977 353108 380982 201399 241085 422846 345580 361698 347885 758387 444071 999782 679140 534415 756624 839050 576544 261804 277137 866530 362996 443783 641236 380551 705990 574273 157567 828368 677780 703716 695460 615198 467887 348195 390266 267512 547248 376157 397851 273329 367949 377501 293329 808258 609234 428152 736515 469436 386375 774315 154986
 933089 583589 543418 189186 776348 735978 1117941 390196 886353 682937 626054 1 301777 292253 98470 932989 621225 244798 1049147 931783 355020 923667 142452 337295 868371 519086 927574 892231 207025 685319 447107 787432 628024 446872 749439 867439 902955 97809 520452 426868 957796 940946 791022 427469 205642 944396 275881 954239 794390 758496 860953 505131 512921 1150078 1102375 440979 862852 743430 899623 267994 184206 715047 572721 1165637 451873 470295 880429 1125384 990735 1124582 26177 165572 289444 236174 790318 961539 302213 682296 897654 752767 248629 335069 1114701 1059944 720265 1047983 801943 941191 1213615 746393
 729930 290927 446313 181097 476545 454055 860039 205997 599836 448233 546898 301777 1 37307 259031 833239 351811 143992 838581 651620 109164 728980 329072 302446 591791 442568 628771 590637 154697 565826 447774 492287 507525 414377 478939 586017 615404 278357 446759 192140 899526 757340 647536 305900 295107 892473 237795 894064 493029 501655 592061 219215 215110 881184 809249 139642 718413 546235 599978 253913 243870 414679 322152 916677 150247 430225 579397 874397 705461 867479 275655 306186 351330 268185 608526 711125 183930 431101 807925 520863 278121 301606 827920 814235 463364 764749 543947 754433 955356 698015
 707738 292091 411292 195906 484335 449964 849300 173556 624770 429854 511668 292253 37307 1 238732 800487 382818 168239 818030 647439 146450 705509 304404 265237 619647 406555 647143 601864 124787 533205 410483 495625 474535 377153 470538 612617 639909 257577 410666 229005 864576 732464 617508 270586 264007 857220 201396 859192 508216 489175 621598 247793 220766 873604 811503 158385 688866 521970 617580 218066 214024 423363 306092 903864 167491 393143 595084 861959 703549 856550 266558 278716 316486 234368 582567 698030 146626 416527 774432 502536 243709 264419 826869 800386 450627 762050 532049 729969 944925 662115
 838413 519503 444950 213319 717551 662712 1032469 302929 858397 595469 528099 98470 259031 238732 1 835157 603442 253559 954871 855691 338234 828134 79479 238835 847733 420761 885800 837960 127612 586869 352868 722533 529661 349726 671018 843419 874139 19531 422194 419264 862740 844380 692831 330862 111642 849872 178592 858999 746674 675447 845124 476268 455176 1067984 1033490 396425 764571 649248 856307 169734 85820 657955 491250 1077617 405974 373004 833615 1038030 916951 1038851 87911 80646 197678 137905 694255 874923 212398 598745 800188 663833 150615 236611 1041135 971636 637736 972711 718733 844875 1127837 651084
 344469 733129 397762 971795 821219 670083 636034 627290 1128211 500940 307118 932989 833239 800487 835157 1 1039406 963848 397626 692657 929189 313620 807733 598126 1169466 415925 1044254 913942 768526 267416 495762 767964 325977 486715 614368 1144837 1132390 835637 413927 992375 136890 274741 208628 535128 729013 151651 667540 129615 923300 556558 1197770 927966 770641 713647 872573 834591 164396 370036 1014859 669758 750893 814838 591850 615346 829497 463122 974405 604554 749222 635098 922314 773377 651513 697364 304927 541130 675167 551581 43173 468931 684544 600257 819358 550202 562412 758398 558300 285838 689428 215453
 822652 308651 710075 441133 335437 431179 825433 483182 271918 551041 805682 621225 351811 382818 603442 1039406 1 380901 904060 581042 267234 834993 677926 629764 247197 721187 351143 385484 506351 788277 765459 388473 739939 722389 486403 248110 289570 622964 726392 197406 1136443 875426 832214 588747 646533 1134976 577417 1129842 272570 539267 241688 137615 272464 814104 656786 242688 891566 683072 333020 596251 595644 290563 447561 897388 240554 731947 333700 855076 604915 834027 596116 657440 696619 616550 753618 716172 512051 506186 1025809 606771 625132 629576 704250 814571 513357 663654 566407 868417 909617 959916
 873800 418877 569619 60542 587294 586478 998509 339941 650461 592022 668353 244798 143992 168239 253559 963848 380901 1 982566 782615 124856 872509 333035 396672 627709 560049 705622 690545 216352 697382 540788 612104 638197 516837 616279 628819 667619 271518 563591 184002 1021028 900219 784753 429461 336469 1012258 323345 1015998 583781 642529 618123 278390 339394 1015966 927963 247061 856392 689384 680163 332413 285264 524919 465489 1057007 259222 536018 666399 1014458 832575 1006130 221272 326675 413336 329457 750653 851975 292422 573513 936100 664596 342578 395214 952859 955509 604551 892824 684234 897536 1093347 814244
 117062 613897 546148 1013580 599108 473389 245751 665040 897096 391568 518949 1049147 838581 818030 954871 397626 904060 982566 1 386235 901586 133895 960587 732410 953225 582241 782377 647474 847010 425338 704028 538789 462536 667688 417705 924278 895518 963365 584261 935739 532318 142016 320321 625862 874170 548814 777716 525406 700400 367234 990091 834664 683001 324719 518764 774225 280516 305728 759431 790346 871913 622406 519253 217722 764490 647729 720883 209778 420349 243268 1030169 920675 822997 829047 266919 211346 747993 418737 426595 319950 820453 734638 453750 167101 398463 407151 337654 134455 291804 543623
 361174 363742 596893 830560 246640 197640 244903 559571 518106 299987 635889 931783 651620 647439 855691 692657 581042 782615 386235 1 671547 388512 892891 698116 578331 631836 397320 263677 729002 556446 747805 193045 551115 697706 186137 548479 514700 870544 636503 674290 825343 433377 513094 587532 815141 835019 707431 817834 334571 201359 617679 555803 443361 238337 203875 538004 530364 364510 376075 726825 789828 292727 367489 318483 526002 687928 338992 277351 68762 253541 907494 854611 800797 766807 405060 175112 649719 271735 703195 267951 764330 699777 188303 249698 231474 117329 167745 422559 329295 741722
 798214 310096 549310 184190 466040 478683 895738 305988 531627 510715 650110 355020 109164 146450 338234 929189 267234 124856 901586 671547 1 800682 414712 411576 513909 548014 581439 566434 255078 662344 556932 494467 605263 523088 514540 512439 548391 357665 552398 85055 1001388 832571 736994 410238 393991 995193 345953 995715 459027 547560 508475 154085 230695 907767 808263 134400 806240 621842 555628 361224 341444 403974 383219 957705 146107 538486 541549 914730 718015 903644 329591 397995 456588 372161 687788 754996 293007 484387 905934 581659 383016 410719 836347 859044 510952 778705 587326 828591 989382 802749
 31171 531950 412582 899390 558514 416059 332016 545234 866521 293325 386386 923667 728980 705509 828134 313620 834993 872509 133895 388512 800682 1 830510 601807 916641 448501 765407 630778 724422 292316 570134 499788 328651 534042 357238 889243 867622 835793 450464 842912 450136 45498 191108 497651 744096 463134 650037 442753 662696 299601 950245 750519 593274 406772 559828 679160 166147 183992 738775 661725 744194 568972 418458 328118 670467 513938 698620 307064 440058 332584 905598 790794 690637 699774 134939 228099 624576 331199 332804 229074 690696 604054 505740 244690 321833 445422 283710 35582 400349 424248
 843536 571413 430563 291602 771602 704485 1056142 333428 928566 618970 503410 142452 329072 304404 79479 807733 677926 333035 960587 892891 414712 830510 1 228868 920525 401530 949600 894486 182577 571987 314225 771700 517667 322197 706866 915084 943923 62060 401951 496866 823601 842648 681787 335991 86431 809280 189294 820409 807838 705101 919377 548095 512782 1096546 1077335 462680 751930 657292 919403 172915 103680 713699 525494 1096792 471405 345844 894852 1058546 956372 1062085 145501 40176 156339 132669 695600 897518 243312 628498 770577 683894 140237 226607 1080215 990749 668519 1010219 747761 844197 1150645 613344
 615354 426941 206248 388723 622189 524301 839640 163963 840045 407755 291221 337295 302446 265237 238835 598126 629764 396672 732410 698116 411576 601807 228868 1 848469 182457 829419 748784 182038 348325 146081 607793 291807 121188 513853 835917 852734 241891 184233 493994 635084 613845 455703 113726 142617 624144 74117 630733 681937 500999 857851 492302 394000 885640 893220 387482 526905 430788 797214 71884 153409 572490 337642 875736 390958 142158 766023 838852 764824 845075 324872 189478 102703 101664 466872 680970 119976 426781 564440 466997 90531 2279 886299 770120 467303 814230 541716 615337 932744 424360
 897080 457090 892061 687730 358223 503948 812579 690530 67882 668883 979183 868371 591791 619647 847733 1169466 247197 627709 953225 578331 513909 916641 920525 848469 1 910212 205573 319153 744417 942664 974094 417631 903323 927043 562327 30329 80900 867260 915655 443789 1282069 961082 961776 788596 882994 1284267 804603 1274967 254308 621282 42817 372578 459493 778244 572216 466912 1009913 799658 212436 824621 833656 354755 599566 888458 461080 932751 242916 850218 573478 821093 843199 897749 925324 849163 867026 745222 736126 617964 1163831 704933 856394 848639 637226 828028 608866 621297 632932 952085 880260 1127931
 467232 455985 37604 561187 623673 494119 726286 245433 888579 333014 110004 519086 442568 406555 420761 415925 721187 560049 582241 631836 548014 448501 401530 182457 910212 1 849436 746080 355151 171018 124587 592646 120860 85787 463986 892463 898412 422634 5487 622893 461046 452644 282471 138166 318392 452270 251877 456106 704566 431492 927415 589994 454902 783179 835248 485003 351146 301255 816816 253887 335724 587593 324182 750309 484150 65633 780549 717740 700597 730412 507251 364439 249849 282912 316806 572335 267628 370844 383087 370286 270617 184622 813773 648117 407217 740830 464604 455946 814193 255587
 742102 403583 824385 765543 230301 378880 618960 665457 137819 558029 898740 927574 628771 647143 885800 1044254 351143 705622 782377 397320 581439 765407 949600 829419 205573 849436 1 135380 767074 845415 934949 277294 816251 884488 431175 176167 127837 904713 854897 533491 1166834 810840 842681 747166 895661 1172105 801748 1159461 147629 487974 248384 427370 441455 578652 366975 489634 880453 678239 32666 822917 852096 262293 525281 694760 479851 885010 70882 658553 380386 627284 901437 920104 919966 854617 739635 571121 731839 507381 1045080 576055 858790 830134 433349 643900 486728 423010 487855 800889 680954 1036890
 607106 325660 718114 747849 126602 258271 493446 586817 256126 437513 785425 892231 590637 601864 837960 913942 385484 690545 647474 263677 566434 630778 894486 748784 319153 746080 135380 1 713369 725693 841043 155472 701168 789741 305385 288885 251577 855966 751449 536930 1038798 676250 715127 656309 831862 1044953 731315 1031375 114023 359863 360204 418720 382802 460852 273471 452746 749711 551428 112401 752532 792994 180834 424751 569339 441346 787564 76406 531375 254339 501952 866164 861570 844957 787585 610310 436388 662930 388472 916512 448006 789825 749790 328547 512206 363177 303721 355895 666201 562385 917799
 731926 392695 370778 207142 591690 535334 910984 183832 749126 476058 465099 207025 154697 124787 127612 768526 506351 216352 847010 729002 255078 724422 182577 182038 744417 355151 767074 713369 1 507680 324640 595268 448412 303145 544986 737357 764101 144124 358013 340126 814423 744764 606136 238051 140448 804275 107980 809803 625339 551934 745995 372334 330902 944000 905880 281576 678675 541988 736834 116066 89383 532827 366534 958716 289801 323514 712361 918388 789764 917598 185306 154364 203112 118011 593142 754515 100156 475557 737441 546247 129857 180414 913947 853094 513839 845859 595357 744139 1006634 604845
 315622 490202 142136 707663 615278 467959 599585 359898 909543 288255 94470 685319 565826 533205 586869 267416 788277 697382 425338 556446 662344 292316 571987 348325 942664 171018 845415 725693 507680 1 283574 570969 59481 255010 421750 920717 916362 590197 171251 727351 348374 288952 112417 270739 487937 346761 412023 341894 710314 372969 966567 669648 516150 665063 757849 572408 180138 192438 813837 417571 501125 594898 345667 611732 568207 232565 774559 583968 623153 602342 671802 534365 420840 449960 174071 457004 411440 338208 243963 290711 438382 350577 723218 515688 362982 652379 393116 293748 680395 192113
 590008 532717 162166 528510 715770 597254 850586 284276 959807 447821 199400 447107 447774 410483 352868 495762 765459 540788 704028 747805 556932 570134 314225 146081 974094 124587 934949 841043 324640 283574 1 691296 241546 51506 573516 959251 971239 349532 121544 638586 510733 571376 395766 188199 241772 497322 217629 507255 787805 546485 986719 629040 514750 906619 950026 522960 460062 425710 902326 208970 275538 673168 416575 874864 524956 60781 868183 842316 816428 854787 440585 282640 158426 221814 440125 696006 264080 480716 457502 491013 207874 147197 932121 772689 519093 859104 581976 575437 938749 299593
 479580 203898 563839 664494 60320 103041 436971 449974 366845 282724 629963 787432 492287 495625 722533 767964 388473 612104 538789 193045 494467 499788 771700 607793 417631 592646 277294 155472 595268 570969 691296 1 545708 639818 153954 389763 368537 739391 597969 487808 889597 544584 565438 509534 702694 894812 598301 882233 163323 211429 452750 367570 277220 429404 317093 365086 604706 400962 247141 619216 668391 99938 275154 509089 352931 636360 206815 466971 226434 445561 761950 736352 706951 656431 463071 336413 532489 233191 767975 299172 657085 608994 341965 429796 209741 287299 216532 535324 522300 763002
 348581 447584 87428 648186 586098 443018 618521 301528 873242 266053 85686 628024 507525 474535 529661 325977 739939 638197 462536 551115 605263 328651 517667 291807 903323 120860 816251 701168 448412 59481 241546 545708 1 206627 401812 882437 880938 533581 122330 671811 400066 331793 164158 211270 432772 396610 353779 393904 677476 358408 925533 618222 467481 679807 754570 519057 235101 196553 784207 360049 443846 560752 303809 637314 515426 185698 745671 606719 619165 622021 613992 479451 369085 393434 199384 469228 351972 313022 300746 283217 382226 294075 725352 537422 342660 653249 384251 335180 703442 224611
 552338 482882 121604 509909 664598 545781 805914 239427 911401 397814 181215 446872 414377 377153 349726 486715 722389 516837 667688 697706 523088 534042 322197 121188 927043 85787 884488 789741 303145 255010 51506 639818 206627 1 522460 911634 922574 349246 84449 603001 515536 538419 367145 138978 242303 503990 195298 511408 737510 496347 940603 586876 467556 860353 899556 480611 434640 382150 851848 191383 267310 622519 365175 832534 481916 23662 817464 799035 766253 810348 437453 286864 167404 213005 401722 650219 230898 429795 450830 443030 199622 122901 882621 729403 468400 809616 532430 541732 895178 304178
 340837 206984 431679 659871 207357 58865 382320 373483 516197 135784 487273 749439 478939 470538 671018 614368 486403 616279 417705 186137 514540 357238 706866 513853 562327 463986 431175 305385 544986 421750 573516 153954 401812 522460 1 535902 519297 685505 469030 533044 735665 400665 411508 404997 629027 741002 521331 728296 310756 58983 594475 423527 284380 403079 379946 380576 451576 247081 401090 540795 603928 211737 181387 443176 369309 515108 360767 400190 251322 390020 725634 668508 616369 580716 309447 242184 463808 93198 614024 145438 578363 515445 374128 345934 59178 303424 80188 392238 477072 613735
 869340 437738 873423 689142 330735 477768 782324 676498 39614 644754 959236 867439 586017 612617 843419 1144837 248110 628819 924278 548479 512439 889243 915084 835917 30329 892463 176167 288885 737357 920717 959251 389763 882437 911634 535902 1 55156 862919 897923 445516 1258614 933818 937516 772879 875010 1261151 794119 1251475 226559 594884 72606 367204 444567 747922 542423 457816 984669 774853 182209 814376 826343 330043 578992 858210 451326 916693 212618 820031 543196 790834 842028 891234 914905 840023 841769 715905 725146 593662 1139876 679180 846845 836162 607137 798172 583427 590969 605574 924728 849933 1107012
 846358 442467 877398 728138 311975 462468 743323 691035 18075 635162 959876 902955 615404 639909 874139 1132390 289570 667619 895518 514700 548391 867622 943923 852734 80900 898412 127837 251577 764101 916362 971239 368537 880938 922574 519297 55156 1 893554 903894 485882 1249495 912640 926572 783600 899844 1252990 814868 1242262 209093 578041 123148 398865 458916 705420 494596 482731 970549 762663 140214 835488 852409 321572 579544 819238 475190 926263 175711 782074 504064 751742 877270 918431 935439 862992 827934 685441 745243 583808 1129471 664225 869085 853119 561170 763721 569991 549137 584996 903198 807677 1104941
 846696 536675 448083 229563 735165 678277 1044801 315656 877832 607445 528887 97809 278357 257577 19531 835637 622964 271518 963365 870544 357665 835793 62060 241891 867260 422634 904713 855966 144124 590197 349532 739391 533581 349246 685505 862919 893554 1 423821 438517 860129 851116 697235 338149 107874 846853 185775 856536 765264 688746 864647 495757 473166 1081296 1049580 415473 768669 657993 875140 174949 91604 675792 505228 1089053 424939 372719 852231 1049725 932232 1051098 92398 70497 192436 140238 701552 886959 224645 611986 800073 675177 152062 239634 1056399 983011 651221 987670 731946 851853 1140033 648664
 469468 461465 41148 564258 629089 499361 729749 250199 894057 337844 107454 520452 446759 410666 422194 413927 726392 563591 584261 636503 552398 450464 401951 184233 915655 5487 854897 751449 358013 171251 121544 597969 122330 84449 469030 897923 903894 423821 1 627492 457637 454083 283035 142778 319183 448672 254246 452751 710042 436270 932824 595079 460255 786939 839967 490024 351294 304655 822278 255835 337327 593064 329637 753340 489224 63476 785998 720946 705264 733829 508858 365085 249638 284301 319172 576051 271196 375905 380737 374581 271881 186377 818234 651335 412175 745305 469203 457509 817440 251589
 837628 326295 621439 243943 450411 489948 907860 378076 468463 549801 721977 426868 192140 229005 419264 992375 197406 184002 935739 674290 85055 842912 496866 493994 443789 622893 533491 536930 340126 727351 638586 487808 671811 603001 533044 445516 485882 438517 627492 1 1070676 877505 795004 484729 478826 1065497 429870 1064775 424798 573076 434353 121024 252846 912554 792646 164005 862328 669240 510512 445596 426211 390897 425194 973517 172446 617417 501870 930364 714210 916059 402356 481688 541510 457175 737418 775212 374558 517187 971294 617951 467956 493235 827693 878800 538694 775096 609986 872647 999334 875927
 481083 835622 453287 1021315 940540 789364 772475 695441 1244261 614430 353108 957796 899526 864576 862740 136890 1136443 1021028 532318 825343 1001388 450136 823601 635084 1282069 461046 1166834 1038798 814423 348374 510733 889597 400066 515536 735665 1258614 1249495 860129 457637 1070676 1 411627 324160 594035 752274 22302 708298 7510 1040781 679253 1308258 1017681 864482 850274 1008163 919122 294981 488667 1136678 706458 782319 929122 691573 749862 915417 493309 1096406 740387 883382 771393 950633 793262 668941 727935 428785 677122 728620 665754 122716 591041 714307 636994 955809 686880 681091 894192 684951 422718 823818 211706
 72705 570632 418084 924850 603090 459529 363569 568488 911397 329599 380982 940946 757340 732464 844380 274741 875426 900219 142016 433377 832571 45498 842648 613845 961082 452644 810840 676250 744764 288952 571376 544584 331793 538419 400665 933818 912640 851116 454083 877505 411627 1 180215 513570 756461 425641 665814 404335 707312 342563 994396 787841 629636 440179 601761 713525 139415 211298 784136 676331 759601 612342 452333 351747 705204 517315 743955 335092 483871 363310 923755 803314 698952 713403 151711 270390 644626 370049 297163 268666 703685 616113 545892 276801 363142 487256 328254 11235 425301 402295
 218240 525048 251282 800362 616688 465427 515343 444839 921838 292901 201399 791022 647536 617508 692831 208628 832214 784753 320321 513094 736994 191108 681787 455703 961776 282471 842681 715127 606136 112417 395766 565438 164158 367145 411508 937516 926572 697235 283035 795004 324160 180215 1 368232 596924 329827 515759 316798 717590 355329 989580 724026 565432 586033 706673 634207 72545 164535 812525 523098 607031 607493 385079 518228 628267 344870 772247 494576 575679 516991 776299 643608 532193 557234 108201 386495 507397 343863 202958 267134 546196 457976 663330 428852 357194 595832 363313 186320 589493 239432
 508980 344542 140824 437098 530277 420361 726054 107822 772429 294465 241085 427469 305900 270586 330862 535128 588747 429461 625862 587532 410238 497651 335991 113726 788596 138166 747166 656309 238051 270739 188199 509534 211270 138978 404997 772879 783600 338149 142778 484729 594035 513570 368232 1 249998 586653 152432 588694 599863 388840 802879 455288 329278 771967 784942 349478 440749 321462 714573 164497 246547 485807 234830 763013 349477 144436 680869 725755 654871 731542 410850 295856 215417 203609 363463 567341 140702 315797 506671 353309 195900 115687 775360 657227 356138 702966 428976 514013 819350 392550
 757117 506470 346039 308404 707077 630264 972453 256500 885315 536053 422846 205642 295107 264007 111642 729013 646533 336469 874170 815141 393991 744096 86431 142617 882994 318392 895661 831862 140448 487937 241772 702694 432772 242303 629027 875010 899844 107874 319183 478826 752274 756461 596924 249998 1 739068 107742 748668 751109 624244 885582 511760 454682 1014441 1003201 417459 667525 571074 864625 89125 52754 651305 447899 1011918 424672 265893 837729 974009 879720 978262 198955 46875 86229 48539 609194 813701 170207 547995 692984 599745 54110 140349 1003090 905942 588305 932353 666501 757928 1066627 540791
 494201 835814 446212 1011341 944974 793994 787641 689219 1247452 617848 345580 944396 892473 857220 849872 151651 1134976 1012258 548814 835019 995193 463134 809280 624144 1284267 452270 1172105 1044953 804275 346761 497322 894812 396610 503990 741002 1261151 1252990 846853 448672 1065497 22302 425641 329827 586653 739068 1 697665 26274 1044558 685140 1309872 1014803 862712 865151 1019725 915362 305128 493933 1141719 695240 770150 932118 691479 766504 911937 482092 1101537 756176 893897 786738 937713 779518 655202 715788 435850 689255 719865 669206 131995 596956 702086 626015 968388 701679 685754 905998 692175 436649 840537 199831
 660981 405751 271496 314627 605582 523457 866859 149560 801229 429705 361698 275881 237795 201396 178592 667540 577417 323345 777716 707431 345953 650037 189294 74117 804603 251877 801748 731315 107980 412023 217629 598301 353779 195298 521331 794119 814868 185775 254246 429870 708298 665814 515759 152432 107742 697665 1 703839 655523 516797 811014 439988 360713 907585 896184 338371 587863 472561 770133 21255 94214 551644 340300 908039 343600 216029 741402 869543 772134 872818 260542 149499 120787 59399 515892 708258 70026 440433 634951 494770 58795 72455 895423 801962 480691 824629 559201 666374 961414 497978
 473711 828785 447906 1016626 933232 782045 765344 689803 1237057 607224 347885 954239 894064 859192 858999 129615 1129842 1015998 525406 817834 995715 442753 820409 630733 1274967 456106 1159461 1031375 809803 341894 507255 882233 393904 511408 728296 1251475 1242262 856536 452751 1064775 7510 404335 316798 588694 748668 26274 703839 1 1033527 671851 1301222 1011327 857944 843104 1000704 912939 287472 481315 1129322 702183 778345 921945 684787 742988 909181 489082 1089044 733354 875886 764289 946903 789851 665547 723962 421332 669688 723615 658543 115227 583641 710361 632655 948408 679695 673773 886744 677484 415417 816963 207918
 642833 255973 680682 642193 104243 253494 576986 517983 205445 426771 758387 794390 493029 508216 746674 923300 272570 583781 700400 334571 459027 662696 807838 681937 254308 704566 147629 114023 625339 710314 787805 163323 677476 737510 310756 226559 209093 765264 710042 424798 1040781 707312 717590 599863 751109 1044558 655523 1033527 1 369659 289840 308340 296439 554572 384304 353471 761595 553590 115287 676738 708802 117371 381037 651867 342797 738500 87027 611476 343904 585634 768220 777136 773144 709192 618909 494517 585769 375425 920521 455324 712951 682672 434073 582280 360898 399555 379058 698189 653871 900318
 284458 247916 397222 682504 266067 117500 360807 373288 575083 98739 444071 758496 501655 489175 675447 556558 539267 642529 367234 201359 547560 299601 705101 500999 621282 431492 487974 359863 551934 372969 546485 211429 358408 496347 58983 594884 578041 688746 436270 573076 679253 342563 355329 388840 624244 685140 516797 671851 369659 1 653282 468185 320891 392558 403931 415467 393319 191655 458338 535192 603701 269895 186035 415046 404835 486708 417907 372898 269944 367850 735617 665860 603605 575705 251720 209512 464476 76781 557235 88215 571967 502765 387439 312999 38604 314680 43452 334357 456597 564049
 931376 478049 910688 677515 392812 535783 853387 702507 110685 696831 999782 860953 592061 621598 845124 1197770 241688 618123 990091 617679 508475 950245 919377 857851 42817 927415 248384 360204 745995 966567 986719 452750 925533 940603 594475 72606 123148 864647 932824 434353 1308258 994396 989580 802879 885582 1309872 811014 1301222 289840 653282 1 373824 473789 820028 614952 472648 1039419 828578 254732 830634 835377 384661 621866 929218 467807 947297 284224 890678 614507 861924 836167 898185 931397 853504 896674 783058 743440 646302 1190955 735651 861320 857910 679734 867296 639178 662990 666704 985587 921952 1149962
 742301 220790 581417 338182 329388 376508 792259 348490 382724 458291 679140 505131 219215 247793 476268 927966 137615 278390 834664 555803 154085 750519 548095 492302 372578 589994 427370 418720 372334 669648 629040 367570 618222 586876 423527 367204 398865 495757 595079 121024 1017681 787841 724026 455288 511760 1014803 439988 1011327 308340 468185 373824 1 159670 794129 671747 106267 787552 585152 401781 458982 461696 270035 341261 859509 105888 597289 388919 816396 593993 800568 479258 525239 559501 480215 655140 664561 374437 419890 911118 522117 488444 492089 706782 767332 436251 654830 502402 782020 882587 834050
 586482 79817 440704 389043 263598 248410 665052 232300 446565 300145 534415 512921 215110 220766 455176 770641 272464 339394 683001 443361 230695 593274 512782 394000 459493 454902 441455 382802 330902 516150 514750 277220 467481 467556 284380 444567 458916 473166 460255 252846 864482 629636 565432 329278 454682 862712 360713 857944 296439 320891 473789 159670 1 678040 594266 96351 628198 425603 410145 381808 412700 202997 181639 727467 84942 473620 383160 684431 493574 672969 487125 481166 479941 413168 495508 525857 290704 264792 755277 366264 417402 394439 614817 629855 285969 553625 358994 624128 758717 688114
 375867 598231 745792 1061673 478799 429725 78969 765760 712820 478683 756624 1150078 881184 873604 1067984 713647 814104 1015966 324719 238337 907767 406772 1096546 885640 778244 783179 578652 460852 944000 665063 906619 429404 679807 860353 403079 747922 705420 1081296 786939 912554 850274 440179 586033 771967 1014441 865151 907585 843104 554572 392558 820028 794129 678040 1 232735 773656 572808 483961 566247 925330 995819 529328 577481 134423 761780 845923 536019 118371 210735 82040 1126793 1057017 987087 965979 491789 211003 856932 469310 737337 419909 961420 887562 158235 163483 430296 157146 349366 429401 102304 825232
 529634 519444 800539 981185 343049 373030 295145 746749 504686 502648 839050 1102375 809249 811503 1033490 872573 656786 927963 518764 203875 808263 559828 1077335 893220 572216 835248 366975 273471 905880 757849 950026 317093 754570 899556 379946 542423 494596 1049580 839967 792646 1008163 601761 706673 784942 1003201 1019725 896184 1000704 384304 403931 614952 671747 594266 232735 1 681345 715126 565423 361726 916313 973667 404499 556998 364529 669223 890491 339772 338584 135425 301891 1077145 1040290 995490 955452 600015 331730 834583 470661 887899 471364 954201 894759 74546 353669 431334 114510 371614 590537 331205 940156
 674383 175713 477814 299993 342615 344341 761392 242372 467982 386309 576544 440979 139642 158385 396425 834591 242688 247061 774225 538004 134400 679160 462680 387482 466912 485003 489634 452746 281576 572408 522960 365086 519057 480611 380576 457816 482731 415473 490024 164005 919122 713525 634207 349478 417459 915362 338371 912939 353471 415467 472648 106267 96351 773656 681345 1 700417 505341 460563 358079 369678 280198 261199 823727 12162 491083 439763 780708 586108 769315 414816 435937 458848 382333 573755 621686 271070 355547 815552 455287 389484 387361 705890 725723 379634 646565 454404 708716 854984 731523
 196944 583120 321494 872629 658833 508105 498125 516606 966880 344326 261804 862852 718413 688866 764571 164396 891566 856392 280516 530364 806240 166147 751930 526905 1009913 351146 880453 749711 678675 180138 460062 604706 235101 434640 451576 984669 970549 768669 351294 862328 294981 139415 72545 440749 667525 305128 587863 287472 761595 393319 1039419 787552 628198 572808 715126 700417 1 211272 851292 594867 678753 655213 446736 490654 694001 411861 810810 472194 588772 498581 848374 714085 600927 628535 142901 386039 579931 393736 173134 306337 617297 529172 665648 410808 401269 601788 393959 148569 563903 263114
 189951 374480 263655 715471 452264 300978 425122 361552 758264 133229 277137 743430 546235 521970 649248 370036 683072 689384 305728 364510 621842 183992 657292 430788 799658 301255 678239 551428 541988 192438 425710 400962 196553 382150 247081 774853 762663 657993 304655 669240 488667 211298 164535 321462 571074 493933 472561 481315 553590 191655 828578 585152 425603 483961 565423 505341 211272 1 648014 485822 566674 444928 244947 450617 497597 365604 607755 416907 430841 429175 724570 617204 525754 525063 70558 273062 442589 182501 367367 103994 517072 432966 531609 347269 192828 460336 204342 208199 513166 378046
 716017 371139 791843 739817 198565 348005 603126 633256 146592 526774 866530 899623 599978 617580 856307 1014859 333020 680163 759431 376075 555628 738775 919403 797214 212436 816816 32666 112401 736834 813837 902326 247141 784207 851848 401090 182209 140214 875140 822278 510512 1136678 784136 812525 714573 864625 1141719 770133 1129322 115287 458338 254732 401781 410145 566247 361726 460563 851292 648014 1 791321 821436 229628 492674 679044 450559 852347 40498 641873 363853 611551 873464 889553 888118 823290 710057 548527 700273 475982 1015113 546261 827321 797944 425143 624353 456069 409567 459604 774312 668399 1005168
 673437 426985 276002 320003 626766 543744 883674 170017 821773 447011 362996 267994 253913 218066 169734 669758 596251 332413 790346 726825 361224 661725 172915 71884 824621 253887 822917 752532 116066 417571 208970 619216 360049 191383 540795 814376 835488 174949 255835 445596 706458 676331 523098 164497 89125 695240 21255 702183 676738 535192 830634 458982 381808 925330 916313 358079 594867 485822 791321 1 83955 572891 360015 923881 363546 213178 762638 885695 791786 889539 254305 132799 100771 40664 527196 724966 91108 459019 636267 511156 37977 69841 914922 817844 499373 843953 577401 677198 978001 495410
 755192 468906 359286 260384 669392 600851 957277 230875 837603 519693 443783 184206 243870 214024 85820 750893 595644 285264 871913 789828 341444 744194 103680 153409 833656 335724 852096 792994 89383 501125 275538 668391 443846 267310 603928 826343 852409 91604 337327 426211 782319 759601 607031 246547 52754 770150 94214 778345 708802 603701 835377 461696 412700 995819 973667 369678 678753 566674 821436 83955 1 612163 422659 1000046 377446 290214 795694 961117 853010 963414 171534 68583 129937 54384 609952 799001 140121 526963 716510 586292 68076 151209 976930 893960 566736 907150 646609 760291 1052214 570658
 552131 146135 563390 579717 62451 152924 535824 409200 315397 314850 641236 715047 414679 423363 657955 814838 290563 524919 622406 292727 403974 568972 713699 572490 354755 587593 262293 180834 532827 594898 673168 99938 560752 622519 211737 330043 321572 675792 593064 390897 929122 612342 607493 485807 651305 932118 551644 921945 117371 269895 384661 270035 202997 529328 404499 280198 655213 444928 229628 572891 612163 1 263774 607122 268288 622759 195064 564679 324983 544377 689119 680741 666720 607383 512351 427360 482830 263671 809965 351009 609958 573369 436802 524378 254523 385611 287974 603967 622019 784113
 415060 144537 299647 501318 300423 186692 546623 192097 571055 127723 380551 572721 322152 306092 491250 591850 447561 465489 519253 367489 383219 418458 525494 337642 599566 324182 525281 424751 366534 345667 416575 275154 303809 365175 181387 578992 579544 505228 329637 425194 691573 452333 385079 234830 447899 691479 340300 684787 381037 186035 621866 341261 181639 577481 556998 261199 446736 244947 492674 360015 422659 263774 1 598590 253027 362859 456399 557066 431835 553551 549686 487126 439217 399698 314351 392822 282560 110963 578772 199642 397751 339059 555227 494548 147626 484798 229471 447599 642425 528394
