NAME : domp60p20v8
COMMENT : Cherkesly, Contardo & Gruson 2022
TYPE : DOMP
DIMENSION : 60
DISPLAY_DATA_TYPE : NO_DISPLAY
OPEN_FACILITIES : 20
COST_SECTION
 1 577841 684443 681307 79400 334554 331084 557740 257047 384640 633362 187902 380223 554154 327845 575246 461603 420547 536821 510756 361838 661583 117273 454140 457404 443690 353097 421229 352496 587463 416602 243153 119056 221238 216388 268439 323256 446017 621233 238261 120109 492942 337269 289195 544987 617464 185862 486031 357933 334398 503798 514678 468510 269858 691871 502123 388327 329732 837626 422790
 577841 1 987774 861922 656307 678412 607079 705311 658595 769499 906943 392449 888807 245420 361912 941381 829181 990817 906186 657058 937422 703499 568417 990179 966429 954958 914600 798009 592093 614269 810503 692618 676026 792551 552653 832564 443191 589533 819256 490438 661252 106022 717394 362040 896134 936941 440562 1027821 931752 440591 1078512 647860 341292 507774 1007605 1079190 925371 488394 964624 261682
 684443 987774 1 198077 684502 360725 404858 304413 429744 300192 83885 770256 943582 783787 952682 132111 1113459 813519 1176445 340621 748704 392729 578403 479916 406117 412333 563148 264080 408110 434716 1064028 902218 742626 732883 509149 775579 553920 399492 197989 545383 763531 967716 1004279 908526 143576 67239 635035 503569 632831 553700 686087 352585 657109 513061 25437 720798 481682 1001031 291882 726095
 681307 861922 198077 1 703949 350522 355380 158334 431177 338756 133498 718314 999499 637020 895296 275856 1137601 906167 1208259 210569 836138 201725 564922 608978 535827 537726 662583 314273 342665 262714 1090128 919157 765641 786285 473607 835412 462516 286476 60093 486891 781861 860246 1017388 852432 250673 204182 580311 640268 730451 458482 813349 217145 521019 449883 223358 844013 591391 966711 159012 605623
 79400 656307 684502 703949 1 353447 366720 592808 272773 385929 641761 264827 318912 631005 388594 566772 434518 341508 504318 549527 282461 705310 162388 399058 412915 398955 288433 421016 392349 637127 386464 218381 61875 142762 262058 191837 387266 491042 644100 297647 79300 569621 319962 353440 541793 617303 259411 427664 284807 398501 429043 555133 540554 324726 689076 425408 335193 368095 862381 499831
 334554 678412 360725 350522 353447 1 77947 251303 80699 91363 301213 410774 655042 524759 593137 274547 787216 589976 857764 219300 517942 378431 221571 378692 326805 319575 373334 120490 105714 334157 739630 569059 415182 444204 149680 495624 238685 191218 290653 195934 431389 637399 668120 548957 233870 296121 278655 418341 431133 243854 549688 229165 394765 171511 372467 571056 330343 641280 508964 427171
 331084 607079 404858 355380 366720 77947 1 227118 116853 167315 335073 370316 680653 447030 551655 336414 792222 637806 866188 182858 566012 340256 213832 452558 403432 395692 436149 191999 32105 281303 746392 573286 428070 476062 118321 528978 164398 132252 296017 140856 440351 571946 668302 507763 292491 344623 232588 492431 489123 168458 615105 188983 316842 108423 420090 634020 400953 613379 508682 352295
 557740 705311 304413 158334 592808 251303 227118 1 327561 280655 220742 571158 903134 486048 744401 319206 1019181 839498 1093305 53762 767603 133942 440644 588389 521766 519503 612032 272544 205876 134444 973485 800312 654432 694254 342343 746174 307713 130879 115005 343220 667297 701923 894653 702280 277227 274669 435001 624964 674667 302823 780335 58858 365499 305822 328300 806021 554566 822848 292068 447680
 257047 658595 429744 431177 272773 80699 116853 327561 1 134635 376324 353751 576072 532194 534112 329761 706738 521697 777087 290633 449780 450277 148866 351870 313428 303447 321872 171127 148720 397042 659047 488820 334489 366740 106357 418859 238777 248583 371339 168589 350863 606281 588331 490187 294312 363370 232354 391745 372786 246938 501700 298902 407847 159108 438942 519125 294746 572136 589662 421082
 384640 769499 300192 338756 385929 91363 167315 280655 134635 1 256963 487420 664021 613899 668424 195127 818326 569599 884387 264431 498798 414384 282502 311919 251254 246377 333088 36810 191315 388180 769383 604250 445342 450454 231152 498207 329948 259436 282869 284021 465205 726625 705857 624425 160794 233043 361087 350133 397988 334910 499709 276865 483103 262012 307245 525498 274096 705610 496355 518427
 633362 906943 83885 133498 641761 301213 335073 220742 376324 256963 1 704524 917695 700409 886416 144531 1075093 804323 1141340 256956 736508 315353 522563 488745 414571 418139 555683 224249 334546 352024 1026243 860112 701792 704602 445341 750474 477088 317674 118152 475819 721044 889881 961232 842419 127683 70688 567459 517437 625027 476152 695224 268800 574363 441892 107565 727722 479005 941703 263266 645402
 187902 392449 770256 718314 264827 410774 370316 571158 353751 487420 704524 1 516465 408691 182448 681839 520796 598908 601670 518063 545004 644156 216708 629203 621292 608246 537104 523161 376876 556542 486887 332725 284462 400185 261286 441359 272478 442174 660916 231872 271551 305077 392298 138277 643601 706617 138357 663701 545639 280803 691678 516956 357725 268529 782974 689790 562877 253424 863173 282507
 380223 888807 943582 999499 318912 655042 680653 903134 576072 664021 917695 516465 1 920781 544073 814324 230763 214545 259200 863006 234216 1020838 481283 527235 580193 568143 405469 694086 708061 955339 189757 197993 262532 213574 580680 168004 702872 808182 941073 615219 260866 787412 221058 530969 801529 878856 564506 533310 345900 714066 413491 869615 846341 643445 942161 383676 488662 446265 1158350 790569
 554154 245420 783787 637020 631005 524759 447030 486048 532194 613899 700409 408691 920781 1 482130 759697 922185 970589 1002956 443673 906637 464809 495588 883624 844018 834753 835580 635233 423037 379453 891977 741386 670800 773637 438215 822390 293419 387885 600970 374144 664779 292418 796441 459556 713378 740936 373221 923355 869880 285533 1012731 432403 131722 373708 805843 1022072 824229 606957 726902 131390
 327845 361912 952682 895296 388594 593137 551655 744401 534112 668424 886416 182448 544073 482130 1 863272 467407 681317 545011 690751 641480 805271 391389 781866 783687 770133 676687 704464 556384 714313 449009 346322 380720 496962 443724 524289 438296 613827 838953 411777 358564 256004 357007 44182 825602 889053 319067 813143 670752 444738 810895 688244 477429 447499 965412 801796 716150 129010 1036036 382117
 575246 941381 132111 275856 566772 274547 336414 319206 329761 195127 144531 681839 814324 759697 863272 1 990175 681410 1051015 336617 616712 437341 477166 350804 276550 281887 431038 158824 349293 452901 940494 782432 622786 605191 422903 646412 498449 373837 246147 469875 644901 908263 884802 819218 46326 77690 552709 376881 500722 500791 557618 350338 628550 442560 127891 591529 349748 899646 405004 682499
 461603 829181 1113459 1137601 434518 787216 792222 1019181 706738 818326 1075093 520796 230763 922185 467407 990175 1 445306 80941 972338 459486 1121726 578542 739424 783756 770712 613872 852384 814098 1044214 49868 219018 373569 393443 677878 366471 766706 906462 1077606 692330 355885 723180 129731 473640 969912 1046667 617252 750718 562292 777114 643349 976095 878054 726920 1115860 614263 692495 341726 1295519 801381
 420547 990817 813519 906167 341508 589976 637806 839498 521697 569599 804323 598908 214545 970589 681317 681410 445306 1 467975 809134 72052 968403 481549 352025 417609 408101 250377 591902 669038 918730 403411 356077 314799 199619 565380 159020 709344 770016 851975 617255 330773 898113 417530 656938 679246 753843 597423 347375 180694 720313 201786 818537 872915 635567 807245 169788 332881 609648 1060908 839915
 536821 906186 1176445 1208259 504318 857764 866188 1093305 777087 884387 1141340 601670 259200 1002956 545011 1051015 80941 467975 1 1047290 493415 1198122 653089 783876 833065 820462 660026 917634 888940 1121775 120333 293707 442631 447788 753175 414019 845721 982633 1148417 769935 426982 800172 210007 552930 1032925 1110075 696483 791687 603528 856218 669490 1051442 958809 804055 1177704 637581 741328 417857 1366682 882320
 510756 657058 340621 210569 549527 219300 182858 53762 290633 264431 256956 518063 863006 443673 690751 336617 972338 809134 1047290 1 737086 159716 394209 576173 513022 509359 589103 263381 158352 125075 927211 753815 610773 656502 294495 709007 253959 77117 162539 291372 622536 650568 846860 648708 291951 302682 382452 614017 649224 249140 761627 13866 319421 254062 363279 785427 537266 770155 345467 397771
 361838 937422 748704 836138 282461 517942 566012 767603 449780 498798 736508 545004 234216 906637 641480 616712 459486 72052 493415 737086 1 896372 414426 299392 359868 349287 187189 521913 597320 846822 413710 335483 264774 146344 495604 120568 640868 698187 781467 548888 284176 847656 411108 613854 612449 687829 533568 301196 119457 651752 189452 746486 806028 566038 743465 168249 271567 580990 991558 776593
 661583 703499 392729 201725 705310 378431 340256 133942 450277 414384 315353 644156 1020838 464809 805271 437341 1121726 968403 1198122 159716 896372 1 546819 722154 654986 653014 744741 406317 313063 93020 1077803 904450 765968 815640 445862 868291 371680 215571 197338 431155 776349 720100 994499 765765 399233 380507 515844 758521 806431 363573 914090 151645 367217 395404 418102 939463 688408 897397 262094 463805
 117273 568417 578403 564922 162388 221571 213832 440644 148866 282502 522563 216708 481283 495588 391389 477166 578542 481549 653089 394209 414426 546819 1 423294 407813 395193 348713 319253 235858 475794 533060 359742 220699 293459 101052 346096 229219 331463 504904 137590 229611 499450 454537 348160 442913 512174 129793 460165 375688 240367 520651 398564 391614 162501 587805 527612 357765 423320 720722 368154
 454140 990179 479916 608978 399058 378692 452558 588389 351870 311919 488745 629203 527235 883624 781866 350804 739424 352025 783876 576173 299392 722154 423294 1 74340 71269 126089 315850 483088 700094 690658 567917 429579 352583 448015 372962 590378 567105 563808 513108 455653 922570 663358 743230 361413 427852 549622 39975 181676 598743 206875 588730 759637 509929 469539 240908 66332 766273 752002 768622
 457404 966429 406117 535827 412915 326805 403432 521766 313428 251254 414571 621292 580193 844018 783687 276550 783756 417609 833065 513022 359868 654986 407813 74340 1 13971 175098 250084 432488 637794 734303 600039 452131 391206 415967 419143 551053 510155 491825 480472 477905 905178 698841 743148 287402 353525 528158 104897 240412 558550 281211 525970 716957 472385 396326 315001 91753 780317 677836 734471
 443690 954958 412333 537726 398955 319575 395692 519503 303447 246377 418139 608246 568143 834753 770133 281887 770712 408101 820462 509359 349287 653014 395193 71269 13971 1 163584 247193 425125 633890 721219 586324 438199 377949 405207 406471 541573 504501 492633 469878 463965 893018 685247 729676 290620 358363 516230 105525 229886 549225 277086 522173 708183 462529 403261 310014 79482 766389 681322 724286
 353097 914600 563148 662583 288433 373334 436149 612032 321872 333088 555683 537104 405469 835580 676687 431038 613872 250377 660026 589103 187189 744741 348713 126089 175098 163584 1 350243 468226 707327 564942 443122 310771 226808 398925 247472 548176 563542 610750 461738 336671 838676 537610 640399 429659 503687 478506 144578 69728 557910 180104 600129 719527 467534 557100 198020 84687 650449 814794 712643
 421229 798009 264080 314273 421016 120490 191999 272544 171127 36810 224249 523161 694086 635233 704464 158824 852384 591902 917634 263381 521913 406317 319253 315850 250084 247193 350243 1 212510 388397 803282 639166 479933 480731 265412 527385 356268 269061 260753 315973 500217 757874 740972 660422 124000 196859 395443 352538 417091 360453 510717 276534 503782 291929 270653 538371 284928 742404 470097 544290
 352496 592093 408110 342665 392349 105714 32105 205876 148720 191315 334546 376876 708061 423037 556384 349293 814098 669038 888940 158352 597320 313063 235858 483088 432488 425125 468226 212510 1 250831 768874 595493 453241 505135 136525 558200 149345 101641 284431 145010 464449 562079 688995 512870 304195 350613 238528 522894 521181 151507 647107 163012 291916 108898 424861 666112 432292 624047 492705 334162
 587463 614269 434716 262714 637127 334157 281303 134444 397042 388180 352024 556542 955339 379453 714313 452901 1044214 918730 1121775 125075 846822 93020 475794 700094 637794 633890 707327 388397 250831 1 1001510 828762 696454 755366 375139 808542 284723 149200 238090 351896 704827 627846 915883 675378 410008 408751 432006 738238 765013 275881 882254 111872 275638 317951 459255 904746 659267 809147 350492 371186
 416602 810503 1064028 1090128 386464 739630 746392 973485 659047 769383 1026243 486887 189757 891977 449009 940494 49868 403411 120333 927211 413710 1077803 533060 690658 734303 721219 564942 803282 768874 1001510 1 173451 325191 343746 632983 317736 726135 862327 1030187 649707 308280 704821 95694 450899 920466 997288 577152 702574 514346 736699 599310 931269 842622 683747 1066289 571262 643137 327740 1248277 768927
 243153 692618 902218 919157 218381 569059 573286 800312 488820 604250 860112 332725 197993 741386 346322 782432 219018 356077 293707 753815 335483 904450 359742 567917 600039 586324 443122 639166 595493 828762 173451 1 159729 217595 459537 216680 555839 688940 859115 477255 139082 590310 102386 333217 759136 835086 408068 587145 407332 566588 523084 757826 680697 510845 906140 503730 512238 256000 1076827 614028
 119056 676026 742626 765641 61875 415182 428070 654432 334489 445342 701792 284462 262532 670800 380720 622786 373569 314799 442631 610773 264774 765968 220699 429579 452131 438199 310771 479933 453241 696454 325191 159729 1 118435 321395 156912 440413 551242 705827 352824 26075 583887 262047 350527 599462 675531 304877 454372 293108 451617 430394 616171 587535 381804 746420 421248 368807 340133 924141 539450
 221238 792551 732883 786285 142762 444204 476062 694254 366740 450454 704602 400185 213574 773637 496962 605191 393443 199619 447788 656502 146344 815640 293459 352583 391206 377949 226808 480731 505135 755366 343746 217595 118435 1 386252 53302 522561 606546 728100 431043 138542 701711 310810 468188 590066 667465 401354 370031 190675 533736 317697 663997 680795 453941 732628 305438 300713 444826 945039 642528
 216388 552653 509149 473607 262058 149680 118321 342343 106357 231152 445341 261286 580680 438215 443724 422903 677878 565380 753175 294495 495604 445862 101052 448015 415967 405207 398925 265412 136525 375139 632983 459537 321395 386252 1 439488 149652 230432 414102 65096 330661 500198 552490 399546 383273 445332 130033 487336 438993 159770 577884 298291 320723 70724 521689 590324 386877 497442 626865 320609
 268439 832564 775579 835412 191837 495624 528978 746174 418859 498207 750474 441359 168004 822390 524289 646412 366471 159020 414019 709007 120568 868291 346096 372962 419143 406471 247472 527385 558200 808542 317736 216680 156912 53302 439488 1 574987 659663 777636 483671 171816 739215 299257 498653 633594 710900 451245 385380 198200 586181 306436 716650 731871 506996 774223 288207 327454 460478 993909 691083
 323256 443191 553920 462516 387266 238685 164398 307713 238777 329948 477088 272478 702872 293419 438296 498449 766706 709344 845721 253959 640868 371680 229219 590378 551053 541573 548176 356268 149345 284723 726135 555839 440413 522561 149652 574987 1 176865 409272 92099 443360 413960 637319 397124 453501 498578 149639 630168 588500 11235 727422 250504 171408 81067 571806 739954 531701 525756 598257 188487
 446017 589533 399492 286476 491042 191218 132252 130879 248583 259436 317674 442174 808182 387885 613827 373837 906462 770016 982633 77117 698187 215571 331463 567105 510155 504501 563542 269061 101641 149200 862327 688940 551242 606546 230432 659663 176865 1 235435 218606 561069 577685 779641 571921 327603 353392 307795 606298 619043 172228 740758 74787 258593 181836 420403 761516 521156 694849 422227 328334
 621233 819256 197989 60093 644100 290653 296017 115005 371339 282869 118152 660916 941073 600970 838953 246147 1077606 851975 1148417 162539 781467 197338 504904 563808 491825 492633 610750 260753 284431 238090 1030187 859115 705827 728100 414102 777636 409272 235435 1 429160 721910 812583 957298 795841 213623 183820 522689 596700 677841 405936 766044 171400 480195 392393 223031 795622 542141 908271 218394 560309
 238261 490438 545383 486891 297647 195934 140856 343220 168589 284021 475819 231872 615219 374144 411777 469875 692330 617255 769935 291372 548888 431155 137590 513108 480472 469878 461738 315973 145010 351896 649707 477255 352824 431043 65096 483671 92099 218606 429160 1 357808 442690 564181 368111 427872 484208 93545 552412 499074 103122 639844 292149 259818 37408 560070 650981 451826 480452 634159 255515
 120109 661252 763531 781861 79300 431389 440351 667297 350863 465205 721044 271551 260866 664779 358564 644901 355885 330773 426982 622536 284176 776349 229611 455653 477905 463965 336671 500217 464449 704827 308280 139082 26075 138542 330661 171816 443360 561069 721910 357808 1 567401 240774 329741 620650 696356 303663 480376 317774 454498 453560 627449 585789 388345 767832 443309 394834 314593 940006 533685
 492942 106022 967716 860246 569621 637399 571946 701923 606281 726625 889881 305077 787412 292418 256004 908263 723180 898113 800172 650568 847656 720100 499450 922570 905178 893018 838676 757874 562079 627846 704821 590310 583887 701711 500198 739215 413960 577685 812583 442690 567401 1 612039 257950 864410 912394 377581 958961 850340 414029 996601 643178 353281 466333 985762 994833 856770 382404 976300 257177
 337269 717394 1004279 1017388 319962 668120 668302 894653 588331 705857 961232 392298 221058 796441 357007 884802 129731 417530 210007 846860 411108 994499 454537 663358 698841 685247 537610 740972 688995 915883 95694 102386 262047 310810 552490 299257 637319 779641 957298 564181 240774 612039 1 356558 861302 937115 487775 680309 496218 647673 600551 850145 748975 599230 1008379 577166 609864 240669 1174401 673892
 289195 362040 908526 852432 353440 548957 507763 702280 490187 624425 842419 138277 530969 459556 44182 819218 473640 656938 552930 648708 613854 765765 348160 743230 743148 729676 640399 660422 512870 675378 450899 333217 350527 468188 399546 498653 397124 571921 795841 368111 329741 257950 356558 1 781462 844874 275196 775199 637338 403922 779165 646487 445149 404027 921233 771565 677279 147798 994131 352618
 544987 896134 143576 250673 541793 233870 292491 277227 294312 160794 127683 643601 801529 713378 825602 46326 969912 679246 1032925 291951 612449 399233 442913 361413 287402 290620 429659 124000 304195 410008 920466 759136 599462 590066 383273 633594 453501 327603 213623 427872 620650 864410 861302 781462 1 77399 512523 390952 499242 455596 567678 305739 582253 399503 147426 600052 351773 866195 390712 636834
 617464 936941 67239 204182 617303 296121 344623 274669 363370 233043 70688 706617 878856 740936 889053 77690 1046667 753843 1110075 302682 687829 380507 512174 427852 353525 358363 503687 196859 350613 408751 997288 835086 675531 667465 445332 710900 498578 353392 183820 484208 696356 912394 937115 844874 77399 1 572498 454459 573402 499187 634725 315664 611958 453042 76361 668312 423958 935158 327483 675578
 185862 440562 635035 580311 259411 278655 232588 435001 232354 361087 567459 138357 564506 373221 319067 552709 617252 597423 696483 382452 533568 515844 129793 549622 528158 516230 478506 395443 238528 432006 577152 408068 304877 401354 130033 451245 149639 307795 522689 93545 303663 377581 487775 275196 512523 572498 1 587298 503940 159905 649609 382265 282659 130435 648719 655342 484865 387864 726606 243069
 486031 1027821 503569 640268 427664 418341 492431 624964 391745 350133 517437 663701 533310 923355 813143 376881 750718 347375 791687 614017 301196 758521 460165 39975 104897 105525 144578 352538 522894 738238 702574 587145 454372 370031 487336 385380 630168 606298 596700 552412 480376 958961 680309 775199 390952 454459 587298 1 188566 638578 183731 626696 799546 549648 491652 220182 102459 793118 780526 807911
 357933 931752 632831 730451 284807 431133 489123 674667 372786 397988 625027 545639 345900 869880 670752 500722 562292 180694 603528 649224 119457 806431 375688 181676 240412 229886 69728 417091 521181 765013 514346 407332 293108 190675 438993 198200 588500 619043 677841 499074 317774 850340 496218 637338 499242 573402 503940 188566 1 598741 146774 659750 758795 509207 626618 152195 152771 631489 883476 743697
 334398 440591 553700 458482 398501 243854 168458 302823 246938 334910 476152 280803 714066 285533 444738 500791 777114 720313 856218 249140 651752 363573 240367 598743 558550 549225 557910 360453 151507 275881 736699 566588 451617 533736 159770 586181 11235 172228 405936 103122 454498 414029 647673 403922 455596 499187 159905 638578 598741 1 737301 245150 161981 90433 571944 750084 540470 533857 592595 183838
 503798 1078512 686087 813349 429043 549688 615105 780335 501700 499709 695224 691678 413491 1012731 810895 557618 643349 201786 669490 761627 189452 914090 520651 206875 281211 277086 180104 510717 647107 882254 599310 523084 430394 317697 577884 306436 727422 740758 766044 639844 453560 996601 600551 779165 567678 634725 649609 183731 146774 737301 1 773252 898603 647037 674851 38533 225957 762248 958390 887904
 514678 647860 352585 217145 555133 229165 188983 58858 298902 276865 268800 516956 869615 432403 688244 350338 976095 818537 1051442 13866 746486 151645 398564 588730 525970 522173 600129 276534 163012 111872 931269 757826 616171 663997 298291 716650 250504 74787 171400 292149 627449 643178 850145 646487 305739 315664 382265 626696 659750 245150 773252 1 309216 255023 375459 796748 549208 769556 347836 389378
 468510 341292 657109 521019 540554 394765 316842 365499 407847 483103 574363 357725 846341 131722 477429 628550 878054 872915 958809 319421 806028 367217 391614 759637 716957 708183 719527 503782 291916 275638 842622 680697 587535 680795 320723 731871 171408 258593 480195 259818 585789 353281 748975 445149 582253 611958 282659 799546 758795 161981 898603 309216 1 252357 678531 910568 702101 590587 625767 100741
 269858 507774 513061 449883 324726 171511 108423 305822 159108 262012 441892 268529 643445 373708 447499 442560 726920 635567 804055 254062 566038 395404 162501 509929 472385 462529 467534 291929 108898 317951 683747 510845 381804 453941 70724 506996 81067 181836 392393 37408 388345 466333 599230 404027 399503 453042 130435 549648 509207 90433 647037 255023 252357 1 528491 660228 450804 517779 596772 262678
 691871 1007605 25437 223358 689076 372467 420090 328300 438942 307245 107565 782974 942161 805843 965412 127891 1115860 807245 1177704 363279 743465 418102 587805 469539 396326 403261 557100 270653 424861 459255 1066289 906140 746420 732628 521689 774223 571806 420403 223031 560070 767832 985762 1008379 921233 147426 76361 648719 491652 626618 571944 674851 375459 678531 528491 1 710094 474628 1010976 312396 745950
 502123 1079190 720798 844013 425408 571056 634020 806021 519125 525498 727722 689790 383676 1022072 801796 591529 614263 169788 637581 785427 168249 939463 527612 240908 315001 310014 198020 538371 666112 904746 571262 503730 421248 305438 590324 288207 739954 761516 795622 650981 443309 994833 577166 771565 600052 668312 655342 220182 152195 750084 38533 796748 910568 660228 710094 1 253687 747592 990622 895726
 388327 925371 481682 591391 335193 330343 400953 554566 294746 274096 479005 562877 488662 824229 716150 349748 692495 332881 741328 537266 271567 688408 357765 66332 91753 79482 84687 284928 432292 659267 643137 512238 368807 300713 386877 327454 531701 521156 542141 451826 394834 856770 609864 677279 351773 423958 484865 102459 152771 540470 225957 549208 702101 450804 474628 253687 1 703094 740457 707116
 329732 488394 1001031 966711 368095 641280 613379 822848 572136 705610 941703 253424 446265 606957 129010 899646 341726 609648 417857 770155 580990 897397 423320 766273 780317 766389 650449 742404 624047 809147 327740 256000 340133 444826 497442 460478 525756 694849 908271 480452 314593 382404 240669 147798 866195 935158 387864 793118 631489 533857 762248 769556 590587 517779 1010976 747592 703094 1 1114436 499832
 837626 964624 291882 159012 862381 508964 508682 292068 589662 496355 263266 863173 1158350 726902 1036036 405004 1295519 1060908 1366682 345467 991558 262094 720722 752002 677836 681322 814794 470097 492705 350492 1248277 1076827 924141 945039 626865 993909 598257 422227 218394 634159 940006 976300 1174401 994131 390712 327483 726606 780526 883476 592595 958390 347836 625767 596772 312396 990622 740457 1114436 1 719123
 422790 261682 726095 605623 499831 427171 352295 447680 421082 518427 645402 282507 790569 131390 382117 682499 801381 839915 882320 397771 776593 463805 368154 768622 734471 724286 712643 544290 334162 371186 768927 614028 539450 642528 320609 691083 188487 328334 560309 255515 533685 257177 673892 352618 636834 675578 243069 807911 743697 183838 887904 389378 100741 262678 745950 895726 707116 499832 719123 1
LAMBDA_SECTION
1 975
2 659
3 542
4 863
5 612
6 98
7 772
8 960
9 257
10 895
11 130
12 513
13 586
14 864
15 695
16 594
17 365
18 921
19 915
20 493
21 686
22 761
23 780
24 781
25 352
26 698
27 995
28 851
29 453
30 238
31 210
32 856
33 31
34 229
35 445
36 836
37 832
38 874
39 764
40 85
41 723
42 795
43 991
44 285
45 37
46 172
47 972
48 581
49 742
50 479
51 238
52 170
53 739
54 36
55 994
56 408
57 757
58 964
59 907
60 753
