NAME : domp40p20v6
COMMENT : Cherkesly, Contardo & Gruson 2022
TYPE : DOMP
DIMENSION : 40
DISPLAY_DATA_TYPE : NO_DISPLAY
OPEN_FACILITIES : 20
COST_SECTION
 1 534359 297001 557562 466455 340896 145493 439793 607875 140905 747501 280785 716555 510785 189998 436931 311180 509561 253761 294574 508841 239536 323581 495776 445240 249312 525414 297465 471088 464859 659028 547864 424001 431507 226323 375687 456648 712908 500551 175800
 534359 1 804029 636696 991681 822103 659331 594896 872536 659463 776316 479154 1198591 838629 723798 858965 598966 205223 771760 580226 737843 404001 846786 263589 888076 720996 112806 820481 735203 370777 596188 357280 753898 757178 444030 902277 873776 738100 1030454 668703
 297001 804029 1 574280 196129 72609 152138 460976 474039 156097 738790 554673 420184 354274 150249 514146 539125 727188 260659 530058 438748 532214 68492 693334 494707 101617 812452 253801 389202 618142 724673 709493 305431 313006 512122 272599 228813 714543 244127 308334
 557562 636696 574280 1 746474 530642 536308 121110 287240 545975 190338 780771 786419 327837 629854 985729 853035 442895 755622 833588 179746 698813 642752 381489 985984 479177 721418 778283 217575 266746 166144 311995 298328 294046 714578 828117 455354 155401 799779 720338
 466455 991681 196129 746474 1 217177 332351 640543 589865 332502 895330 687344 309245 473671 281682 528288 641713 922832 319660 638308 591145 684620 144898 889459 494723 295686 991447 282104 542491 813006 904182 904293 455595 461757 657551 239798 323132 875759 53469 412409
 340896 822103 72609 530642 217177 1 197086 423379 406673 203985 686258 610258 381292 286519 218221 586755 603143 727804 333089 592912 382909 580051 128576 688883 567119 101376 839949 326033 333387 604214 687135 694943 247159 254190 563422 340126 156257 664343 269991 375614
 145493 659331 152138 536308 332351 197086 1 415439 517496 10769 718608 414319 571088 407548 95566 461842 417811 601130 219646 405314 442771 383414 187456 574764 455550 115350 662250 243346 397535 516388 666345 606320 331126 339220 366349 302912 326206 688420 372292 208881
 439793 594896 460976 121110 640543 423379 415439 1 278814 425036 308478 674865 714161 271750 509339 865191 740444 421280 634608 721485 144536 596734 529118 363409 865014 363208 665803 657825 154974 248316 264137 322361 213721 212085 608915 709232 371627 275427 693334 600011
 607875 872536 474039 287240 589865 406673 517496 278814 1 528222 344518 879950 536985 120161 589609 972648 918160 699120 719083 902193 134717 815439 535249 640186 959682 414004 938450 723200 146604 523561 441867 587873 186820 178833 817547 746215 266901 340565 641367 726322
 140905 659463 156097 545975 332502 203985 10769 425036 528222 1 728649 406620 575882 418115 87484 451187 408270 604584 209749 395989 453430 377514 187706 579165 445103 124927 660548 234465 408256 522537 675053 612203 341876 349972 359603 295509 335448 698317 371337 198191
 747501 776316 738790 190338 895330 686258 718608 308478 344518 728649 1 968525 881199 434588 810102 1173116 1043027 572300 938209 1023478 304256 884987 806815 512749 1171792 650061 872111 957713 353312 412531 187782 422862 440197 433765 902376 1002170 581989 39330 948695 908245
 280785 479154 554673 780771 687344 610258 414319 674865 879950 406620 968525 1 970513 788816 413742 387013 119860 563598 383803 101755 770096 90599 560152 580970 421356 526406 411971 432954 737844 606327 842672 664910 700069 707245 66194 511807 736202 930782 707012 277928
 716555 1198591 420184 786419 309245 381292 571088 714161 536985 575882 881199 970513 1 459252 557027 836599 939682 1086256 623560 933983 607095 952298 411441 1040232 801596 482052 1220799 589724 570418 940836 952394 1026730 500469 502160 931252 547985 344912 874607 321892 706134
 510785 838629 354274 327837 473671 286519 407548 271750 120161 418115 434588 788816 459252 1 474192 856915 817274 683975 602468 802403 148117 731141 415095 629134 842535 299289 892306 604714 117414 517312 493447 594090 91460 85703 728913 626197 151204 422205 525916 616004
 189998 723798 150249 629854 281682 218221 95566 509339 589609 87484 810102 413742 557027 474192 1 383047 389643 683590 130892 381347 527046 403612 146560 661222 371419 175614 714353 148494 479972 608632 761805 697778 406669 414787 378190 208280 369189 780809 311972 158097
 436931 858965 514146 985729 528288 586755 461842 865191 972648 451187 1173116 387013 836599 856915 383047 1 271621 906695 255032 286458 904612 454965 471877 907760 45486 558644 798679 263826 859128 895908 1095628 973565 788997 797129 414951 288655 742867 1140616 517478 265606
 311180 598966 539125 853035 641713 603143 417811 740444 918160 408270 1043027 119860 939682 817274 389643 271621 1 675874 323533 20995 819532 202173 529849 688740 308993 533143 530442 367722 782265 702972 930689 768052 732932 740626 165973 439059 743552 1006500 653080 233996
 509561 205223 727188 442895 922832 727804 601130 421280 699120 604584 572300 563598 1086256 683975 683590 906695 675874 1 763155 655155 565661 474656 781635 61468 927292 631816 308971 806810 572074 177655 391001 152110 607525 609171 509921 883495 746283 534452 968126 674525
 253761 771760 260659 755622 319660 333089 219646 634608 719083 209749 938209 383803 623560 602468 130892 255032 323533 763155 1 321871 657798 403005 226386 749066 240823 305609 743473 50510 610842 710713 881304 796837 537199 545305 368712 132925 488726 908052 329604 109202
 294574 580226 530058 833588 638308 592912 405314 721485 902193 395989 1023478 101755 933983 802403 381347 286458 20995 655155 321871 1 802212 181854 523279 667801 322423 520643 513485 367468 765455 682077 910197 747058 717407 725049 145235 440881 731436 986844 651354 227870
 508841 737843 438748 179746 591145 382909 442771 144536 134717 453430 304256 770096 607095 148117 527046 904612 819532 565661 657798 802212 1 699927 505928 507357 897247 356971 804843 670697 49625 391387 345370 460149 136057 129517 705848 707424 282806 285409 644538 646794
 239536 404001 532214 698813 684620 580051 383414 596734 815439 377514 884987 90599 952298 731141 403612 454965 202173 474656 403005 181854 699927 1 548654 490653 484694 488497 350562 453504 670889 516500 754617 574317 640670 647421 40129 535519 693250 846850 710568 293822
 323581 846786 68492 642752 144898 128576 187456 529118 535249 187706 806815 560152 411441 415095 146560 471877 529849 781635 226386 523279 505928 548654 1 750584 448111 167573 847541 208057 456320 679904 792598 771204 371660 379071 524335 212155 280134 782838 186630 295854
 495776 263589 693334 381489 889459 688883 574764 363409 640186 579165 512749 580970 1040232 629134 661222 907760 688740 61468 749066 667801 507357 490653 750584 1 925593 595561 363092 790647 515780 117136 333685 98363 555219 556425 523382 864973 697987 474615 936275 666166
 445240 888076 494707 985984 494723 567119 455550 865014 959682 445103 1171792 421356 801596 842535 371419 45486 308993 927292 240823 322423 897247 484694 448111 925593 1 546430 831591 241258 850809 908259 1101213 988055 777992 786102 444565 255174 723344 1140189 480932 270233
 249312 720996 101617 479177 295686 101376 115350 363208 414004 124927 650061 526406 482052 299289 175614 558644 533143 631816 305609 520643 356971 488497 167573 595561 546430 1 738824 314267 308560 517369 625845 608683 231794 239876 475184 352206 211093 623710 345035 318935
 525414 112806 812452 721418 991447 839949 662250 665803 938450 660548 872111 411971 1220799 892306 714353 798679 530442 308971 743473 513485 804843 350562 847541 363092 831591 738824 1 793576 796239 460733 696555 460060 804012 808224 390034 876180 909925 833308 1025873 636082
 297465 820481 253801 778283 282104 326033 243346 657825 723200 234465 957713 432954 589724 604714 148494 263826 367722 806810 50510 367468 670697 453504 208057 790647 241258 314267 793576 1 622651 747652 909508 835028 545323 553335 419095 82610 482187 928845 286753 159688
 471088 735203 389202 217575 542491 333387 397535 154974 146604 408256 353312 737844 570418 117414 479972 859128 782265 572074 610842 765455 49625 670889 456320 515780 850809 308560 796239 622651 1 402265 383587 477238 86937 80795 674527 658292 238515 333377 595924 603306
 464859 370777 618142 266746 813006 604214 516388 248316 523561 522537 412531 606327 940836 517312 608632 895908 702972 177655 710713 682077 391387 516500 679904 117136 908259 517369 460733 747652 402265 1 247748 91355 447727 448193 543308 816485 596342 373444 862223 640478
 659028 596188 724673 166144 904182 687135 666345 264137 441867 675053 187782 842672 952394 493447 761805 1095628 930689 391001 881304 910197 345370 754617 792598 333685 1101213 625845 696555 909508 383587 247748 1 239304 462758 458900 777768 966391 620731 154027 957123 831303
 547864 357280 709493 311995 904293 694943 606320 322361 587873 612203 422862 664910 1026730 594090 697778 973565 768052 152110 796837 747058 460149 574317 771204 98363 988055 608683 460060 835028 477238 91355 239304 1 529877 529665 604612 905176 681833 385775 953568 722559
 424001 753898 305431 298328 455595 247159 331126 213721 186820 341876 440197 700069 500469 91460 406669 788997 732932 607525 537199 717407 136057 640670 371660 555219 777992 231794 804012 545323 86937 447727 462758 529877 1 8133 639384 576580 158957 420187 509038 539787
 431507 757178 313006 294046 461757 254190 339220 212085 178833 349972 433765 707245 502160 85703 414787 797129 740626 609171 545305 725049 129517 647421 379071 556425 786102 239876 808224 553335 80795 448193 458900 529665 8133 1 646404 584330 162098 414171 515178 547861
 226323 444030 512122 714578 657551 563422 366349 608915 817547 359603 902376 66194 931252 728913 378190 414951 165973 509921 368712 145235 705848 40129 524335 523382 444565 475184 390034 419095 674527 543308 777768 604612 639384 646404 1 500614 682900 864668 681516 259624
 375687 902277 272599 828117 239798 340126 302912 709232 746215 295509 1002170 511807 547985 626197 208280 288655 439059 883495 132925 440881 707424 535519 212155 864973 255174 352206 876180 82610 658292 816485 966391 905176 576580 584330 500614 1 491924 975284 230774 241787
 456648 873776 228813 455354 323132 156257 326206 371627 266901 335448 581989 736202 344912 151204 369189 742867 743552 746283 488726 731436 282806 693250 280134 697987 723344 211093 909925 482187 238515 596342 620731 681833 158957 162098 682900 491924 1 566700 375030 523376
 712908 738100 714543 155401 875759 664343 688420 275427 340565 698317 39330 930782 874607 422205 780809 1140616 1006500 534452 908052 986844 285409 846850 782838 474615 1140189 623710 833308 928845 333377 373444 154027 385775 420187 414171 864668 975284 566700 1 929211 875382
 500551 1030454 244127 799779 53469 269991 372292 693334 641367 371337 948695 707012 321892 525916 311972 517478 653080 968126 329604 651354 644538 710568 186630 936275 480932 345035 1025873 286753 595924 862223 957123 953568 509038 515178 681516 230774 375030 929211 1 429492
 175800 668703 308334 720338 412409 375614 208881 600011 726322 198191 908245 277928 706134 616004 158097 265606 233996 674525 109202 227870 646794 293822 295854 666166 270233 318935 636082 159688 603306 640478 831303 722559 539787 547861 259624 241787 523376 875382 429492 1
LAMBDA_SECTION
1 148
2 249
3 346
4 212
5 220
6 879
7 984
8 396
9 605
10 662
11 285
12 853
13 681
14 844
15 807
16 927
17 901
18 938
19 351
20 718
21 636
22 626
23 553
24 168
25 935
26 78
27 390
28 973
29 774
30 502
31 754
32 464
33 307
34 455
35 477
36 257
37 23
38 337
39 83
40 924
