NAME : domp40p20v5
COMMENT : Cherkesly, Contardo & Gruson 2022
TYPE : DOMP
DIMENSION : 40
DISPLAY_DATA_TYPE : NO_DISPLAY
OPEN_FACILITIES : 20
COST_SECTION
 1 341642 430809 741839 473547 337304 331199 399287 421159 220781 674262 671738 898854 724401 445676 738846 380627 537357 205296 493694 837106 96053 236324 449639 283626 314743 556416 603724 618516 479787 200059 823718 868263 657736 801183 289729 735511 321274 252475 536774
 341642 1 181299 599306 175105 34377 329549 58151 495595 528919 351391 516500 564263 442139 467495 449534 603000 394244 137521 203781 531951 289485 180584 169491 444952 102715 215480 388356 326662 550216 513569 545702 540523 342255 598221 380672 394568 288184 376706 460045
 430809 181299 1 419636 71546 215474 247385 181803 403714 562378 422029 336644 586198 551885 647382 552209 571620 221848 266505 342075 407421 347321 347553 39755 410591 123041 221356 208117 441021 727833 553128 395269 582030 238288 419005 329755 398827 466853 345629 304008
 741839 599306 419636 1 455146 633682 413938 599793 417686 761555 774965 83006 853295 925851 1057989 919560 645814 213336 651364 750346 441392 645896 748674 442317 545490 517548 576799 230178 827711 1132517 764699 344334 876775 447626 142709 482778 685394 876947 522656 214175
 473547 175105 71546 455146 1 205633 318507 152681 475148 621486 354895 372947 514656 490390 638446 489079 640908 273893 289978 295310 366755 397104 354523 32448 479231 158927 151344 229215 382679 723400 610828 371616 510890 184266 432384 399340 327329 461422 413153 364831
 337304 34377 215474 633682 205633 1 356202 68549 521176 533426 343146 550872 562525 423273 434416 432192 618513 428411 132289 182573 556462 294254 155441 202269 462838 132663 227392 422119 308544 518069 517052 574214 535150 366115 631625 402204 399104 255979 395348 492943
 331199 329549 247385 413938 318507 356202 1 368972 166776 366905 653981 349639 832449 766205 706014 770945 328688 222959 298448 532396 610018 236656 401960 286111 173618 228008 463682 320912 650907 765811 365129 564990 825093 471379 490562 90950 645585 534673 121656 205598
 399287 58151 181803 599793 152681 68549 368972 1 535744 586605 296842 516838 506540 397319 487820 402736 655207 403135 194459 166870 490469 347318 223143 158095 495500 142265 159709 379270 281942 574583 571447 512898 483974 300025 584882 427581 336522 313921 426839 478900
 421159 495595 403714 417686 475148 521176 166776 535744 1 360848 818678 381044 989327 932943 840682 937518 229646 295787 449443 698876 720863 341632 549566 443401 150007 394620 624198 416041 817673 890572 369145 657739 985560 608688 531852 137550 801665 678748 169675 215762
 220781 528919 562378 761555 621486 533426 366905 586605 360848 1 876476 708059 1093136 939368 645404 952549 206806 588655 404252 703551 961914 239547 455068 591947 216902 470302 733437 686146 830377 661500 22327 927224 1068381 800620 854133 282600 919470 539784 245849 547695
 674262 351391 422029 774965 354895 343146 653981 296842 818678 876476 1 698764 232254 156152 577890 145799 951796 622935 473146 188737 473423 637399 452431 383152 791397 435511 205933 547295 107654 670650 859835 548254 194239 339187 707255 720761 146867 464559 722633 718552
 671738 516500 336644 83006 372947 550872 349639 516838 381044 708059 698764 1 789124 848003 976405 842504 610551 135870 571757 668252 400258 575705 667836 359494 495174 436068 498166 151536 748008 1051854 709311 311887 808969 378690 150826 425921 615958 795278 464489 165938
 898854 564263 586198 853295 514656 562525 832449 506540 989327 1093136 232254 789124 1 289951 796043 265986 1148226 748622 694704 420876 454139 853747 682944 546810 985930 633272 370568 646779 324169 886968 1077810 552574 63864 412238 752318 909407 187716 695294 917772 851748
 724401 442139 551885 925851 490390 423273 766205 397319 932943 939368 156152 848003 289951 1 522417 24197 1041416 763586 539243 241031 625813 706921 489025 515184 885998 539280 350061 696569 115588 609759 920571 703602 228636 494949 862556 822728 291553 456751 818218 854677
 445676 467495 647382 1057989 638446 434416 706014 487820 840682 645404 577890 976405 796043 522417 1 545667 825652 846316 413514 417348 964182 502602 311173 636682 720492 540444 607860 855360 474160 93398 623078 998276 741347 777459 1065661 703136 708776 181165 674062 890078
 738846 449534 552209 919560 489079 432192 770945 402736 937518 952549 145799 842504 265986 24197 545667 1 1050704 761291 550927 251131 610425 718716 504258 514852 894232 544985 345690 690971 123749 633352 934017 690167 204494 484804 853000 829545 275059 476457 826165 853855
 380627 603000 571620 645814 640908 618513 328688 655207 229646 206806 951796 610551 1148226 1041416 825652 1050704 1 517066 507856 800386 932995 347790 586877 608592 162345 517460 777766 632922 927032 852808 225761 878022 1134304 800051 761377 241893 964017 695549 230534 444903
 537357 394244 221848 213336 273893 428411 222959 403135 295787 588655 622935 135870 748622 763586 846316 761291 517066 1 438099 563437 427096 441462 536143 252649 383231 306537 417069 121848 656567 919658 587737 362162 758220 341324 268042 306911 564878 665588 342827 104210
 205296 137521 266505 651364 289978 132289 298448 194459 449443 404252 473146 571757 694704 539243 413514 550927 507856 438099 1 300337 656304 167790 103968 272884 361894 144159 353001 467554 427762 482326 387024 658135 666238 469746 677464 316851 530278 237304 299361 476577
 493694 203781 342075 750346 295310 182573 532396 166870 698876 703551 188737 668252 420876 241031 417348 251131 800386 563437 300337 1 556899 468051 265429 311472 645399 304408 203663 522632 127551 510523 685568 605481 381152 379332 716739 583904 296285 281311 577902 643958
 837106 531951 407421 441392 366755 556462 610018 490469 720863 961914 473423 400258 454139 625813 964182 610425 932995 427096 656304 556899 1 754707 711622 387882 783575 523288 356768 305386 566566 1055082 954768 102771 495206 190455 315746 700937 335856 800167 727675 523938
 96053 289485 347321 645896 397104 294254 236656 347318 341632 239547 637399 575705 853747 706921 502602 718716 347790 441462 167790 468051 754707 1 239094 370480 219202 239556 496959 510710 595523 549052 224135 735650 828912 580739 705969 205337 681645 353155 172535 441905
 236324 180584 347553 748674 354523 155441 401960 223143 549566 455068 452431 667836 682944 489025 311173 504258 586877 536143 103968 265429 711622 239094 1 344802 451270 232461 378058 554504 386066 384038 435173 725924 646100 521397 765602 414611 536408 133369 393051 579394
 449639 169491 39755 442317 32448 202269 286111 158095 443401 591947 383152 359494 546810 515184 636682 514852 608592 252649 272884 311472 387882 370480 344802 1 447011 135411 181659 221703 405531 719690 581745 385325 542286 210402 429692 366962 359601 457675 381140 339571
 283626 444952 410591 545490 479231 462838 173618 495500 150007 216902 791397 495174 985930 885998 720492 894232 162345 383231 361894 645399 783575 219202 451270 447011 1 356195 615439 490938 770918 761885 222441 736278 972524 642090 643532 82983 801687 571500 68772 332318
 314743 102715 123041 517548 158927 132663 228008 142265 394620 470302 435511 436068 633272 539280 540444 544985 517460 306537 144159 304408 523288 239556 232461 135411 356195 1 265510 324161 423762 616319 457986 517445 617006 343192 534754 285826 452944 359417 287435 362633
 556416 215480 221356 576799 151344 227392 463682 159709 624198 733437 205933 498166 370568 350061 607860 345690 777766 417069 353001 203663 356768 496959 378058 181659 615439 265510 1 346931 251972 699314 719884 401827 361579 175670 524473 538939 187495 448577 547410 512862
 603724 388356 208117 230178 229215 422119 320912 379270 416041 686146 547295 151536 646779 696569 855360 690971 632922 121848 467554 522632 305386 510710 554504 221703 490938 324161 346931 1 597541 935889 682609 245656 662735 234578 211121 410512 468880 674954 442416 221998
 618516 326662 441021 827711 382679 308544 650907 281942 817673 830377 107654 748008 324169 115588 474160 123749 927032 656567 427762 127551 566566 595523 386066 405531 770918 423762 251972 597541 1 566280 812140 633299 274401 413483 774963 707181 252073 374856 702996 744846
 479787 550216 727833 1132517 723400 518069 765811 574583 890572 661500 670650 1051854 886968 609759 93398 633352 852808 919658 482326 510523 1055082 549052 384038 719690 761885 616319 699314 935889 566280 1 639398 1086729 831355 867463 1146831 753603 802154 262101 721546 956859
 200059 513569 553128 764699 610828 517052 365129 571447 369145 22327 859835 709311 1077810 920571 623078 934017 225761 587737 387024 685568 954768 224135 435173 581745 222441 457986 719884 682609 812140 639398 1 922295 1052190 791117 854247 283392 905371 518190 245304 550567
 823718 545702 395269 344334 371616 574214 564990 512898 657739 927224 548254 311887 552574 703602 998276 690167 878022 362162 658135 605481 102771 735650 725924 385325 736278 517445 401827 245656 633299 1086729 922295 1 590335 226169 213942 655278 419828 826808 685879 450867
 868263 540523 582030 876775 510890 535150 825093 483974 985560 1068381 194239 808969 63864 228636 741347 204494 1134304 758220 666238 381152 495206 828912 646100 542286 972524 617006 361579 662735 274401 831355 1052190 590335 1 430291 783196 898309 194021 648835 903910 859847
 657736 342255 238288 447626 184266 366115 471379 300025 608688 800620 339187 378690 412238 494949 777459 484804 800051 341324 469746 379332 190455 580739 521397 210402 642090 343192 175670 234578 413483 867463 791117 226169 430291 1 368361 559526 237819 610726 579843 445502
 801183 598221 419005 142709 432384 631625 490562 584882 531852 854133 707255 150826 752318 862556 1065661 853000 761377 268042 677464 716739 315746 705969 765602 429692 643532 534754 524473 211121 774963 1146831 854247 213942 783196 368361 1 571537 598853 885604 608945 316669
 289729 380672 329755 482778 399340 402204 90950 427581 137550 282600 720761 425921 909407 822728 703136 829545 241893 306911 316851 583904 700937 205337 414611 366962 82983 285826 538939 410512 707181 753603 283392 655278 898309 559526 571537 1 723988 542324 40644 268782
 735511 394568 398827 685394 327329 399104 645585 336522 801665 919470 146867 615958 187716 291553 708776 275059 964017 564878 530278 296285 335856 681645 536408 359601 801687 452944 187495 468880 252073 802154 905371 419828 194021 237819 598853 723988 1 576657 733991 667094
 321274 288184 466853 876947 461422 255979 534673 313921 678748 539784 464559 795278 695294 456751 181165 476457 695549 665588 237304 281311 800167 353155 133369 457675 571500 359417 448577 674954 374856 262101 518190 826808 648835 610726 885604 542324 576657 1 517657 712208
 252475 376706 345629 522656 413153 395348 121656 426839 169675 245849 722633 464489 917772 818218 674062 826165 230534 342827 299361 577902 727675 172535 393051 381140 68772 287435 547410 442416 702996 721546 245304 685879 903910 579843 608945 40644 733991 517657 1 308867
 536774 460045 304008 214175 364831 492943 205598 478900 215762 547695 718552 165938 851748 854677 890078 853855 444903 104210 476577 643958 523938 441905 579394 339571 332318 362633 512862 221998 744846 956859 550567 450867 859847 445502 316669 268782 667094 712208 308867 1
LAMBDA_SECTION
1 136
2 782
3 749
4 434
5 459
6 434
7 899
8 830
9 953
10 399
11 606
12 311
13 98
14 495
15 494
16 117
17 609
18 722
19 657
20 688
21 785
22 325
23 363
24 842
25 89
26 231
27 532
28 418
29 784
30 296
31 852
32 418
33 277
34 133
35 744
36 608
37 707
38 736
39 235
40 770
