NAME : domp60p30v3
COMMENT : Cherkesly, Contardo & Gruson 2022
TYPE : DOMP
DIMENSION : 60
DISPLAY_DATA_TYPE : NO_DISPLAY
OPEN_FACILITIES : 30
COST_SECTION
 1 203955 842729 444632 490791 899666 555669 247440 316244 701843 182280 574478 936380 228677 696385 492211 804792 164244 505888 1020125 914841 423363 680516 545699 747871 401248 365161 976272 530140 330598 276635 337080 946479 737640 683824 491893 465702 438203 512555 1026334 801612 471758 347127 743018 180312 901636 398226 203294 569905 61924 861010 282226 711064 858707 587878 331653 504374 972802 1094789 857720
 203955 1 771356 613344 480325 724812 388041 389307 112294 517818 359883 617572 745732 51280 714041 290672 741045 170419 302513 830504 870076 585311 631526 345985 742683 438068 182562 929738 341534 439132 139840 133787 808700 537711 524726 627453 267439 590376 405931 969761 743724 599548 473100 740535 308683 715457 298422 375612 685743 145730 681000 102933 508770 818014 480372 171191 493274 788830 1060112 724703
 842729 771356 1 853486 377364 532590 498777 733669 754209 559056 813195 444660 677720 720775 347809 814658 46475 928203 788675 709277 143958 817665 173776 852052 263736 500491 863981 184417 600913 653662 631632 768507 328436 713225 421956 736914 835823 784481 370665 203990 65004 705445 691706 273820 723614 621366 472940 802357 682615 801091 557743 835517 746652 132454 304406 895814 366077 633121 322681 280443
 444632 613344 853486 1 497181 1140600 825912 228764 714601 988354 262481 420509 1223778 610377 551913 895473 807130 605865 899875 1298720 854393 38098 684151 953058 638492 377804 793792 909429 850673 233866 598218 739755 1088578 1075749 912560 136313 877715 69529 683625 974122 792167 156085 185439 629068 307634 1176208 608034 242476 232760 480592 1120114 710528 1064495 800095 735404 769192 504335 1235102 985443 1000621
 490791 480325 377364 497181 1 674047 420115 356319 511602 567574 437083 180916 781690 437637 237203 643496 333608 607449 629719 846278 426645 459538 203999 696754 263993 124778 627275 488018 490756 279895 358310 534085 592424 694605 457838 401869 647885 431459 234167 541884 324881 366216 321799 261060 350470 728078 234320 425417 383168 461292 665552 570542 703198 369799 258210 639762 13647 775625 604001 505716
 899666 724812 532590 1140600 674047 1 344114 938948 636751 213444 976862 837545 148476 682072 807622 565123 552049 889751 532343 180756 673148 1102781 579811 565993 750551 772247 694534 697954 387709 906755 623202 632198 250272 298994 228889 1068349 602515 1082967 457464 683054 574206 1031980 955163 758103 884048 96782 540403 978850 1057211 838911 57753 721477 350391 663623 415946 747281 673143 104966 822026 254763
 555669 388041 498777 825912 420115 344114 1 610984 315608 162459 639158 600827 399836 342151 623491 320430 487774 557148 292278 478586 632385 789181 432932 353853 601864 483666 401827 681735 102308 594875 279110 318712 432002 274490 138324 774223 346465 774994 189869 700277 501152 738295 643064 605383 549090 356258 219161 643195 784438 495140 308283 404426 285836 595324 211716 446717 425160 422718 820484 356213
 247440 389307 733669 228764 356319 938948 610984 1 487146 772866 94337 369844 1010806 382722 504670 667403 689651 410885 671259 1088599 771024 197548 560118 725160 574107 234467 571484 831181 626947 98928 370319 512533 919002 851557 710173 245931 650704 201188 490159 889795 679935 224371 100882 566959 80633 965912 398790 75395 322829 267444 913147 489331 838204 713845 552616 551661 367670 1028652 932666 828751
 316244 112294 754209 714601 511602 636751 315608 487146 1 425069 467257 668229 644797 104448 748799 181657 729457 255699 190895 729960 866359 684643 632787 238679 764564 495344 116244 923715 249042 524478 154971 25869 746908 429600 453719 716736 163756 686304 383754 957083 735598 686512 562985 763933 407137 618387 294902 481513 766176 257626 589315 88912 398346 817925 451756 141646 523330 692977 1058622 667991
 701843 517818 559056 988354 567574 213444 162459 772866 425069 1 797928 745843 238890 478025 750820 356839 561082 679628 324023 320067 701805 951586 539420 365391 715204 641722 481430 742124 176814 757044 429051 419430 385822 154173 138166 934664 392982 937077 333467 746511 579071 898571 805305 720394 709429 199863 381072 802972 940822 640175 164248 508676 190684 675281 326982 533922 570758 271484 878163 337296
 182280 359883 813195 262481 437083 976862 639158 94337 467257 797928 1 463760 1036799 365827 597886 648762 770265 344875 657153 1117265 858143 241394 640758 705106 665356 319957 536309 918777 640212 193260 375892 491264 978086 861149 750036 318174 627220 258472 541661 976012 761963 303169 189707 658504 95768 995271 439466 23054 404749 220394 946393 452606 842319 800892 609619 508570 449259 1061463 1023336 887549
 574478 617572 444660 420509 180916 837545 600827 369844 668229 745843 463760 1 953362 581999 137480 813809 398398 716847 802461 1013902 433884 387686 288816 868724 218874 180693 781011 489285 670924 271489 513362 692367 722057 875285 630320 295053 814664 351091 413444 553661 380695 266289 290939 209856 402275 898484 410155 445160 239390 562390 834511 715587 884095 379809 427235 785637 175789 941157 573468 642293
 936380 745732 677720 1223778 781690 148476 399836 1010806 644797 238890 1036799 953362 1 709661 936305 534079 694625 900167 503087 85214 819468 1186654 711115 519787 885153 868174 678704 845738 406347 991148 666491 634477 396424 235781 323870 1163830 573199 1170554 552693 831522 716261 1127505 1039614 892123 948210 57171 615766 1041842 1162496 874488 122887 721655 285072 807596 526167 733782 782690 81493 970465 402364
 228677 51280 720775 610377 437637 682072 342151 382722 104448 478025 365827 581999 709661 1 673162 285207 690932 220123 291587 793932 821033 580239 582862 342686 698321 404567 202507 880442 303494 421743 89170 129985 759208 509214 477590 613323 268159 581912 354721 919722 693988 583619 459284 696546 302810 677024 247975 379085 665402 167045 639933 133907 484087 769438 429097 203886 450301 749503 1011550 674661
 696385 714041 347809 551913 237203 807622 623491 504670 748799 750820 597886 137480 936305 673162 1 876264 304378 829678 860504 987901 307975 520753 228401 927933 90755 295158 864465 359508 707415 407203 595369 771200 655998 892486 622485 421139 882694 483113 434675 425540 283083 395993 428350 80441 530690 879657 466252 580060 348826 677643 814063 806637 908984 258035 423890 876148 225573 912585 436535 585738
 492211 290672 814658 895473 643496 565123 320430 667403 181657 356839 648762 813809 534079 285207 876264 1 799073 398913 32848 617681 942524 864938 724294 58136 876902 651216 152010 995050 219860 698948 313358 157543 730340 300100 438883 892118 39160 865239 463537 1017814 809911 860674 739551 878088 587843 521528 410154 663163 935461 436103 510263 218420 256303 900562 514424 206771 653439 596683 1133426 665434
 804792 741045 46475 807130 333608 552049 487774 689651 729457 561082 770265 398398 694625 690932 304378 799073 1 895037 774243 730886 144629 771368 129610 838794 222860 455948 841009 196256 589065 608529 601803 744877 361426 714909 422974 690450 818456 738093 346065 228823 23244 658972 646103 232655 681567 637759 443064 758983 636615 764773 573083 808882 745738 114896 285042 870732 321998 654461 334359 304970
 164244 170419 928203 605865 607449 889751 557148 410885 255699 679628 344875 716847 900167 220123 829678 398913 895037 1 420957 985366 1017637 586252 778851 443883 870966 537664 251003 1078352 502904 489418 303944 266125 979068 680566 694477 655982 364852 602177 569759 1122449 895578 635225 509566 867399 339626 874047 458029 366568 732352 155022 843767 182750 644882 963547 645296 203084 621007 948536 1204407 894774
 505888 302513 788675 899875 629719 532343 292278 671259 190895 324023 657153 802461 503087 291587 860504 32848 774243 420957 1 587006 918116 868520 702781 67507 858220 643444 178722 969909 190712 698271 310328 168838 698409 270148 407874 891529 70762 867342 442277 991375 785643 859420 740046 859730 592485 489537 395526 670668 931612 448212 477577 238724 228034 877131 490288 234015 639219 564789 1108462 634360
 1020125 830504 709277 1298720 846278 180756 478586 1088599 729960 320067 1117265 1013902 85214 793932 987901 617681 730886 985366 587006 1 847610 1261335 760348 601350 931298 938081 763260 868418 490460 1065374 748942 719690 404899 318145 390395 1234409 656835 1244008 621693 847861 753301 1198020 1113904 938859 1027673 122718 691520 1121703 1228849 958274 180976 806836 365928 841154 588531 818409 846337 76455 987137 429075
 914841 870076 143958 854393 426645 673148 632385 771024 866359 701805 858143 433884 819468 821033 307975 942524 144629 1017637 918116 847610 1 821326 239010 982957 217767 538189 979461 61452 733581 681121 732489 882916 454977 855945 564165 726945 961078 784963 485297 120218 132668 699756 712128 227807 775657 763470 575098 844097 656753 880149 700417 943238 888242 57253 428103 1006851 413429 771918 192422 418936
 423363 585311 817665 38098 459538 1102781 789181 197548 684643 951586 241394 387686 1186654 580239 520753 864938 771368 586252 868520 1261335 821326 1 647721 922707 606278 339795 766690 876962 815429 196155 564938 709984 1050682 1040511 874841 114515 848123 39149 645709 941258 756715 127346 147657 597011 277615 1138868 570997 220075 214178 455850 1082562 683803 1029997 766626 697312 743890 466844 1197490 955686 962652
 680516 631526 173776 684151 203999 579811 432932 560118 632787 539420 640758 288816 711115 582862 228401 724294 129610 778851 702781 760348 239010 647721 1 769473 176315 326717 747451 299510 528291 480071 494733 650726 435482 687913 405231 572654 738904 615722 260757 345997 122091 539728 518755 182262 552550 654166 338859 629381 527795 643247 588405 707040 710929 186583 221468 771978 192449 684764 428690 360082
 545699 345985 852052 953058 696754 565993 353853 725160 238679 365391 705106 868724 519787 342686 927933 58136 838794 443883 67507 601350 982957 922707 769473 1 925630 707850 193037 1034065 251554 757075 371147 214013 747246 284052 462020 950250 80416 923238 509192 1054078 850664 918782 797678 927177 645461 513395 462690 719862 993271 490782 509504 267474 235465 942727 555654 244757 706363 587376 1172736 687424
 747871 742683 263736 638492 263993 750551 601864 574107 764564 715204 665356 218874 885153 698321 90755 876902 222860 870966 858220 931298 217767 606278 176315 925630 1 350673 880802 270998 692942 479272 615320 785305 581756 862490 581524 509595 887271 569276 419354 336287 200381 483149 505257 10478 591185 828056 472513 649017 439413 722872 762279 829632 883706 167283 393058 897876 250598 855196 358767 517295
 401248 438068 500491 377804 124778 772247 483666 234467 495344 641722 319957 180693 868174 404567 295158 651216 455948 537664 643444 938081 538189 339795 326717 707850 350673 1 605648 598839 535190 155181 342082 520232 711158 753223 547840 296426 648065 314692 316400 656249 445684 260028 198152 344875 240744 817100 269640 306201 301404 384032 757367 537387 753818 480938 360146 607347 134871 870581 705825 622893
 365161 182562 863981 793792 627275 694534 401827 571484 116244 481430 536309 781011 678704 202507 864465 152010 841009 251003 178722 763260 979461 766690 747451 193037 880802 605648 1 1036137 316646 620632 269414 96730 832025 448120 535961 809868 115299 772649 494966 1067560 848031 781620 655482 880177 490920 661194 410544 553608 866240 316262 642459 83725 406755 931892 559956 55359 639132 736713 1171863 758037
 976272 929738 184417 909429 488018 697954 681735 831181 923715 742124 918777 489285 845738 880442 359508 995050 196256 1078352 969909 868418 61452 876962 299510 1034065 270998 598839 1036137 1 783569 740520 791705 939768 468244 896185 605676 780348 1014687 840154 541300 67155 188139 754145 770629 280583 836768 790663 633826 904511 706960 941398 729158 1001567 930514 118301 481280 1064577 474778 793670 138750 443375
 530140 341534 600913 850673 490756 387709 102308 626947 249042 176814 640212 670924 406347 303494 707415 219860 589065 502904 190712 490460 733581 815429 528291 251554 692942 535190 316646 783569 1 626786 264711 245260 517482 225087 222170 814319 248295 805844 274134 802580 601871 779358 673521 695730 557045 374011 266058 647799 835788 468227 340866 334401 218967 695326 309154 366067 497756 447313 922312 447990
 330598 439132 653662 233866 279895 906755 594875 98928 524478 757044 193260 271489 991148 421743 407203 698948 608529 489418 698271 1065374 681121 196155 480071 757075 479272 155181 620632 740520 626786 1 388451 550343 862643 851315 678704 193268 687264 180191 449985 800722 597033 162046 48536 471730 150403 942979 376007 173889 247636 337861 886441 541911 843910 624217 503772 608344 289584 1001341 838028 773510
 276635 139840 631632 598218 358310 623202 279110 370319 154971 429051 375892 513362 666491 89170 595369 313358 601803 303944 310328 748942 732489 564938 494733 371147 615320 342082 269414 791705 264711 388451 1 179022 680776 485531 408260 581587 306838 560640 266679 830606 605010 549197 431301 614071 296009 628714 158807 384358 622126 216575 585613 214589 468901 681299 341727 282566 370404 698488 923358 594430
 337080 133787 768507 739755 534085 632198 318712 512533 25869 419430 491264 692367 634477 129985 771200 157543 744877 266125 168838 719690 882916 709984 650726 214013 785305 520232 96730 939768 245260 550343 179022 1 750710 415275 455988 742575 138194 711897 398821 971851 751637 712376 588791 784881 432415 610037 314163 505860 791987 279515 583436 89280 381937 835197 464987 130118 545638 685020 1075299 673436
 946479 808700 328436 1088578 592424 250272 432002 919002 746908 385822 978086 722057 396424 759208 655998 730340 361426 979068 698409 404899 454977 1050682 435482 747246 581756 711158 832025 468244 517482 862643 680776 750710 1 519247 296081 992230 762865 1023701 438801 443504 384640 957217 908330 591022 882340 347041 549983 974174 958671 891274 296640 835820 566257 459292 368475 878384 586580 333025 582644 90538
 737640 537711 713225 1075749 694605 298994 274490 851557 429600 154173 861149 875285 235781 509214 892486 300100 714909 680566 270148 318145 855945 1040511 687913 284052 862490 753223 448120 896185 225087 851315 485531 415275 519247 1 291970 1037488 339248 1030676 463055 899571 732617 1002205 898284 867136 780473 232375 484005 869886 1054625 676217 241293 498678 51945 828875 470254 503472 699568 304684 1031959 482820
 683824 524726 421956 912560 457838 228889 138324 710173 453719 138166 750036 630320 323870 477590 622485 438883 422974 694477 407874 390395 564165 874841 405231 462020 581524 547840 535961 605676 222170 678704 408260 455988 296081 291970 1 844246 469571 855895 231467 612891 440905 807849 727184 587210 656471 270504 311952 751284 839246 624640 209541 542437 324847 537118 203344 582730 458845 323186 742533 226553
 491893 627453 736914 136313 401869 1068349 774223 245931 716736 934664 318174 295053 1163830 613323 421139 892118 690450 655982 891529 1234409 726945 114515 572654 950250 509595 296426 809868 780348 814319 193268 581587 742575 992230 1037488 844246 1 879921 76437 612786 845882 673889 36399 154397 499844 323174 1113221 555709 295171 99911 513028 1053758 729477 1032657 673958 654438 794036 406390 1166995 851668 906801
 465702 267439 835823 877715 647885 602515 346465 650704 163756 392982 627220 814664 573199 268159 882694 39160 818456 364852 70762 656835 961078 848123 738904 80416 887271 648065 115299 1014687 248295 687264 306838 138194 762865 339248 469571 879921 1 850056 478643 1039505 828418 849293 726427 888010 570526 560265 416803 642523 926970 411438 548023 187109 295190 917687 533415 169249 658369 635487 1152671 695939
 438203 590376 784481 69529 431459 1082967 774994 201188 686304 937077 258472 351091 1170554 581912 483113 865239 738093 602177 867342 1244008 784963 39149 615722 923238 569276 314692 772649 840154 805844 180191 560640 711897 1023701 1030676 855895 76437 850056 1 625504 904741 722957 88438 132462 559905 281732 1121827 556006 236088 176348 466197 1064469 690506 1022050 730599 674279 752435 438061 1178989 917476 936318
 512555 405931 370665 683625 234167 457464 189869 490159 383754 333467 541661 413444 552693 354721 434675 463537 346065 569759 442277 621693 485297 645709 260757 509192 419354 316400 494966 541300 274134 449985 266679 398821 438801 463055 231467 612786 478643 625504 1 573331 353308 576390 498238 421866 445998 500938 114790 539398 610273 460858 440974 465004 475658 439760 76115 525274 237795 554451 677675 348622
 1026334 969761 203990 974122 541884 683054 700277 889795 957083 746511 976012 553661 831522 919722 425540 1017814 228823 1122449 991375 847861 120218 941258 345997 1054078 336287 656249 1067560 67155 802580 800722 830606 971851 443504 899571 612891 845882 1039505 904741 573331 1 226872 819189 832183 346071 892068 777872 671883 962421 773531 989103 718650 1037325 936659 176571 508339 1098568 528944 774596 139305 431455
 801612 743724 65004 792167 324881 574206 501152 679935 735598 579071 761963 380695 716261 693988 283083 809911 23244 895578 785643 753301 132668 756715 122091 850664 200381 445684 848031 188139 601871 597033 605010 751637 384640 732617 440905 673889 828418 722957 353308 226872 1 642874 633603 210276 674404 659325 446632 750115 618111 763005 594482 813818 762560 96268 295491 876530 312821 676861 324601 327931
 471758 599548 705445 156085 366216 1031980 738295 224371 686512 898571 303169 266289 1127505 583619 395993 860674 658972 635225 859420 1198020 699756 127346 539728 918782 483149 260028 781620 754145 779358 162046 549197 712376 957217 1002205 807849 36399 849293 88438 576390 819189 642874 1 127549 473607 298782 1076851 519959 280139 102206 489415 1017363 701993 997873 646049 618191 767403 371001 1130598 829444 871490
 347127 473100 691706 185439 321799 955163 643064 100882 562985 805305 189707 290939 1039614 459284 428350 739551 646103 509566 740046 1113904 712128 147657 518755 797678 505257 198152 655482 770629 673521 48536 431301 588791 908330 898284 727184 154397 726427 132462 498238 832183 633603 127549 1 497129 171486 991502 424326 167719 222843 362174 934972 575243 890076 655663 551172 640199 330662 1049860 863105 819514
 743018 740535 273820 629068 261060 758103 605383 566959 763933 720394 658504 209856 892123 696546 80441 878088 232655 867399 859730 938859 227807 597011 182262 927177 10478 344875 880177 280583 695730 471730 614071 784881 591022 867136 587210 499844 888010 559905 421866 346071 210276 473607 497129 1 585141 835053 472639 641971 429195 718753 769270 828202 887834 177642 397314 896632 247777 862818 366363 525941
 180312 308683 723614 307634 350470 884048 549090 80633 407137 709429 95768 402275 948210 302810 530690 587843 681567 339626 592485 1027673 775657 277615 552550 645461 591185 240744 490920 836768 557045 150403 296009 432415 882340 780473 656471 323174 570526 281732 445998 892068 674404 298782 171486 585141 1 905306 345065 94820 393426 190689 854992 408926 764907 718500 513868 471828 363222 970313 946386 791804
 901636 715457 621366 1176208 728078 96782 356258 965912 618387 199863 995271 898484 57171 677024 879657 521528 637759 874047 489537 122718 763470 1138868 654166 513395 828056 817100 661194 790663 374011 942979 628714 610037 347041 232375 270504 1113221 560265 1121827 500938 777872 659325 1076851 991502 835053 905306 1 568836 999452 1109748 839927 65784 698454 284064 750920 471556 715670 728729 75520 916557 347492
 398226 298422 472940 608034 234320 540403 219161 398790 294902 381072 439466 410155 615766 247975 466252 410154 443064 458029 395526 691520 575098 570997 338859 462690 472513 269640 410544 633826 266058 376007 158807 314163 549983 484005 311952 555709 416803 556006 114790 671883 446632 519959 424326 472639 345065 568836 1 439787 570879 346074 514661 368330 484301 524955 190772 433179 243693 630136 766644 460467
 203294 375612 802357 242476 425417 978850 643195 75395 481513 802972 23054 445160 1041842 379085 580060 663163 758983 366568 670668 1121703 844097 220075 629381 719862 649017 306201 553608 904511 647799 173889 384358 505860 974174 869886 751284 295171 642523 236088 539398 962421 750115 280139 167719 641971 94820 999452 439787 1 381764 238582 949557 470002 852253 786865 605935 527181 437301 1064826 1007403 883660
 569905 685743 682615 232760 383168 1057211 784438 322829 766176 940822 404749 239390 1162496 665402 348826 935461 636615 732352 931612 1228849 656753 214178 527795 993271 439413 301404 866240 706960 835788 247636 622126 791987 958671 1054625 839246 99911 926970 176348 610273 773531 618111 102206 222843 429195 393426 1109748 570879 381764 1 583687 1047943 788658 1054660 606439 641354 855624 384376 1158668 768569 876723
 61924 145730 801091 480592 461292 838911 495140 267444 257626 640175 220394 562390 874488 167045 677643 436103 764773 155022 448212 958274 880149 455850 643247 490782 722872 384032 316262 941398 468227 337861 216575 279515 891274 676217 624640 513028 411438 466197 460858 989103 763005 489415 362174 718753 190689 839927 346074 238582 583687 1 799730 232542 650278 824781 536739 288638 474937 911259 1063469 803148
 861010 681000 557743 1120114 665552 57753 308283 913147 589315 164248 946393 834511 122887 639933 814063 510263 573083 843767 477577 180976 700417 1082562 588405 509504 762279 757367 642459 729158 340866 886441 585613 583436 296640 241293 209541 1053758 548023 1064469 440974 718650 594482 1017363 934972 769270 854992 65784 514661 949557 1047943 799730 1 672625 292646 686613 408167 695790 665814 115506 856799 287238
 282226 102933 835517 710528 570542 721477 404426 489331 88912 508676 452606 715587 721655 133907 806637 218420 808882 182750 238724 806836 943238 683803 707040 267474 829632 537387 83725 1001567 334401 541911 214589 89280 835820 498678 542437 729477 187109 690506 465004 1037325 813818 701993 575243 828202 408926 698454 368330 470002 788658 232542 672625 1 462220 893275 535319 70052 583027 773580 1134951 756753
 711064 508770 746652 1064495 703198 350391 285836 838204 398346 190684 842319 884095 285072 484087 908984 256303 745738 644882 228034 365928 888242 1029997 710929 235465 883706 753818 406755 930514 218967 843910 468901 381937 566257 51945 324847 1032657 295190 1022050 475658 936659 762560 997873 890076 887834 764907 284064 484301 852253 1054660 650278 292646 462220 1 858756 490664 462031 709074 355816 1067308 525797
 858707 818014 132454 800095 369799 663623 595324 713845 817925 675281 800892 379809 807596 769438 258035 900562 114896 963547 877131 841154 57253 766626 186583 942727 167283 480938 931892 118301 695326 624217 681299 835197 459292 828875 537118 673958 917687 730599 439760 176571 96268 646049 655663 177642 718500 750920 524955 786865 606439 824781 686613 893275 858756 1 387106 957746 356528 764891 242117 412680
 587878 480372 304406 735404 258210 415946 211716 552616 451756 326982 609619 427235 526167 429097 423890 514424 285042 645296 490288 588531 428103 697312 221468 555654 393058 360146 559956 481280 309154 503772 341727 464987 368475 470254 203344 654438 533415 674279 76115 508339 295491 618191 551172 397314 513868 471556 190772 605935 641354 536739 408167 535319 490664 387106 1 593343 257839 517453 619307 277941
 331653 171191 895814 769192 639762 747281 446717 551661 141646 533922 508570 785637 733782 203886 876148 206771 870732 203084 234015 818409 1006851 743890 771978 244757 897876 607347 55359 1064577 366067 608344 282566 130118 878384 503472 582730 794036 169249 752435 525274 1098568 876530 767403 640199 896632 471828 715670 433179 527181 855624 288638 695790 70052 462031 957746 593343 1 652146 791185 1198941 802427
 504374 493274 366077 504335 13647 673143 425160 367670 523330 570758 449259 175789 782690 450301 225573 653439 321998 621007 639219 846337 413429 466844 192449 706363 250598 134871 639132 474778 497756 289584 370404 545638 586580 699568 458845 406390 658369 438061 237795 528944 312821 371001 330662 247777 363222 728729 243693 437301 384376 474937 665814 583027 709074 356528 257839 652146 1 775202 590425 500492
 972802 788830 633121 1235102 775625 104966 422718 1028652 692977 271484 1061463 941157 81493 749503 912585 596683 654461 948536 564789 76455 771918 1197490 684764 587376 855196 870581 736713 793670 447313 1001341 698488 685020 333025 304684 323186 1166995 635487 1178989 554451 774596 676861 1130598 1049860 862818 970313 75520 630136 1064826 1158668 911259 115506 773580 355816 764891 517453 791185 775202 1 913900 353127
 1094789 1060112 322681 985443 604001 822026 820484 932666 1058622 878163 1023336 573468 970465 1011550 436535 1133426 334359 1204407 1108462 987137 192422 955686 428690 1172736 358767 705825 1171863 138750 922312 838028 923358 1075299 582644 1031959 742533 851668 1152671 917476 677675 139305 324601 829444 863105 366363 946386 916557 766644 1007403 768569 1063469 856799 1134951 1067308 242117 619307 1198941 590425 913900 1 569582
 857720 724703 280443 1000621 505716 254763 356213 828751 667991 337296 887549 642293 402364 674661 585738 665434 304970 894774 634360 429075 418936 962652 360082 687424 517295 622893 758037 443375 447990 773510 594430 673436 90538 482820 226553 906801 695939 936318 348622 431455 327931 871490 819514 525941 791804 347492 460467 883660 876723 803148 287238 756753 525797 412680 277941 802427 500492 353127 569582 1
LAMBDA_SECTION
1 183
2 654
3 779
4 408
5 230
6 816
7 456
8 289
9 677
10 435
11 983
12 121
13 975
14 248
15 65
16 813
17 506
18 763
19 531
20 377
21 122
22 397
23 971
24 337
25 262
26 839
27 235
28 374
29 251
30 373
31 302
32 298
33 738
34 564
35 904
36 685
37 406
38 622
39 335
40 126
41 556
42 402
43 395
44 319
45 219
46 208
47 44
48 852
49 321
50 70
51 856
52 796
53 201
54 723
55 664
56 287
57 362
58 21
59 3
60 105
