NAME : domp30p7v10
COMMENT : Cherkesly, Contardo & Gruson 2022
TYPE : DOMP
DIMENSION : 30
DISPLAY_DATA_TYPE : NO_DISPLAY
OPEN_FACILITIES : 7
COST_SECTION
 1 429868 761516 294831 196912 438480 787541 770261 669461 391019 716072 551751 189894 409692 401635 76426 156388 297039 688192 64644 610193 153369 703095 272732 576491 562409 231960 653406 222091 447726
 429868 1 509458 521762 526351 582772 381174 537883 531858 388874 340723 144117 251653 645070 262410 367519 273833 194555 469735 365759 320032 532411 546918 671661 334919 724395 644096 478296 248466 704858
 761516 509458 1 976321 934237 546150 685640 40084 186359 403373 725169 399870 670097 1106781 770877 685767 642444 484255 81279 707985 790947 764233 158342 874597 191578 1213590 877228 142265 548700 719521
 294831 521762 976321 1 124337 732475 776908 993665 921374 657219 679539 665757 306226 130613 327794 341914 341342 493737 913325 309344 529579 429709 950906 503379 784749 268258 452165 892350 439113 734777
 196912 526351 934237 124337 1 632049 829610 947101 858002 583289 740114 665920 281031 216470 388259 260580 292904 452008 865293 231945 602661 313860 890179 379341 744255 376510 328037 836515 385665 619029
 438480 582772 546150 732475 632049 1 948848 531560 375893 205814 922739 611114 505896 847464 731045 396072 442507 394493 466391 429160 885503 336794 413503 386544 439944 1000575 411401 404065 375201 173494
 787541 381174 685640 776908 829610 948848 1 724727 794853 745378 107972 345289 597838 870953 449205 735764 638738 574202 690304 727049 270226 906950 793732 1045358 589481 882987 1013473 730054 629046 1082463
 770261 537883 40084 993665 947101 531560 724727 1 161725 401766 762643 433498 687695 1124264 798009 695165 656877 500149 82092 718710 824988 765002 129369 871069 211176 1234816 876048 129935 561575 704226
 669461 531858 186359 921374 858002 375893 794853 161725 1 280477 812511 465349 622955 1050919 775444 598353 580127 436539 122762 626059 844515 639503 38058 733452 208977 1176383 744085 65620 482386 546757
 391019 388874 403373 657219 583289 205814 745378 401766 280477 1 724842 405541 376784 784220 574570 322730 322742 217078 323066 352496 702748 363774 315770 471393 254242 920146 474381 274865 230420 361683
 716072 340723 725169 679539 740114 922739 107972 762643 812511 724842 1 347918 526789 768671 353872 671112 574394 534316 718000 658569 162800 844877 816406 981250 603639 775859 946012 749753 579510 1044223
 551751 144117 399870 665757 665920 611114 345289 433498 465349 405541 347918 1 386654 789140 394869 482453 396551 272878 377831 487164 391510 633497 471291 771310 256392 865043 750209 403627 344483 756230
 189894 251653 670097 306226 281031 505896 597838 687695 622955 376784 526789 386654 1 436729 235170 149314 64268 188736 607715 132217 429201 322790 650403 455954 478524 553505 419313 589492 146464 571711
 409692 645070 1106781 130613 216470 847464 870953 1124264 1050919 784220 768671 789140 436729 1 428731 464885 471297 624347 1043936 433211 610743 529177 1080811 579215 915224 165371 528030 1022669 569007 833367
 401635 262410 770877 327794 388259 731045 449205 798009 775444 574570 353872 394869 235170 428731 1 380806 298438 358586 726805 357428 216380 549138 795243 674308 590788 475789 631898 727929 356465 806635
 76426 367519 685767 341914 260580 396072 735764 695165 598353 322730 671112 482453 149314 464885 380806 1 97114 221968 613074 33156 578495 174288 631217 310322 500181 609543 278013 579826 146481 433710
 156388 273833 642444 341342 292904 442507 638738 656877 580127 322742 574394 396551 64268 471297 298438 97114 1 159111 575570 91977 486527 270497 609577 407370 451790 598975 374806 551600 97773 508201
 297039 194555 484255 493737 452008 394493 574202 500149 436539 217078 534316 272878 188736 624347 358586 221968 159111 1 419595 235633 491648 361092 462736 498485 293100 741414 478615 400957 75800 510338
 688192 469735 81279 913325 865293 466391 690304 82092 122762 323066 718000 377831 607715 1043936 726805 613074 575570 419595 1 636661 767575 685166 107379 793933 136067 1156760 797330 65476 479903 639875
 64644 365759 707985 309344 231945 429160 727049 718710 626059 352496 658569 487164 132217 433211 357428 33156 91977 235633 636661 1 559709 192339 658339 323773 520543 576724 287481 605491 162178 463403
 610193 320032 790947 529579 602661 885503 270226 824988 844515 702748 162800 391510 429201 610743 216380 578495 486527 491648 767575 559709 1 751680 855534 882169 639333 613061 842047 786808 517416 985336
 153369 532411 764233 429709 313860 336794 906950 765002 639503 363774 844877 633497 322790 529177 549138 174288 270497 361092 685166 192339 751680 1 676261 139268 595347 690357 118912 638632 289522 305437
 703095 546918 158342 950906 890179 413503 793732 129369 38058 315770 816406 471291 650403 1080811 795243 631217 609577 462736 107379 658339 855534 676261 1 771252 216357 1203855 781507 68827 511823 583897
 272732 671661 874597 503379 379341 386544 1045358 871069 733452 471393 981250 771310 455954 579215 674308 310322 407370 498485 793933 323773 882169 139268 771252 1 716203 744552 51476 741951 428157 287508
 576491 334919 191578 784749 744255 439944 589481 211176 208977 254242 603639 256392 478524 915224 590788 500181 451790 293100 136067 520543 639333 595347 216357 716203 1 1023713 712159 147892 359564 608449
 562409 724395 1213590 268258 376510 1000575 882987 1234816 1176383 920146 775859 865043 553505 165371 475789 609543 598975 741414 1156760 576724 613061 690357 1203855 744552 1023713 1 693333 1142289 695687 995505
 231960 644096 877228 452165 328037 411401 1013473 876048 744085 474381 946012 750209 419313 528030 631898 278013 374806 478615 797330 287481 842047 118912 781507 51476 712159 693333 1 748112 405731 328740
 653406 478296 142265 892350 836515 404065 730054 129935 65620 274865 749753 403627 589492 1022669 727929 579826 551600 400957 65476 605491 786808 638632 68827 741951 147892 1142289 748112 1 454221 577351
 222091 248466 548700 439113 385665 375201 629046 561575 482386 230420 579510 344483 146464 569007 356465 146481 97773 75800 479903 162178 517416 289522 511823 428157 359564 695687 405731 454221 1 469001
 447726 704858 719521 734777 619029 173494 1082463 704226 546757 361683 1044223 756230 571711 833367 806635 433710 508201 510338 639875 463403 985336 305437 583897 287508 608449 995505 328740 577351 469001 1
LAMBDA_SECTION
1 155
2 934
3 557
4 777
5 691
6 140
7 423
8 811
9 798
10 691
11 964
12 474
13 652
14 951
15 125
16 372
17 784
18 659
19 330
20 712
21 484
22 218
23 98
24 103
25 598
26 549
27 614
28 397
29 528
30 980
