NAME : domp30p10v5
COMMENT : Cherkesly, Contardo & Gruson 2022
TYPE : DOMP
DIMENSION : 30
DISPLAY_DATA_TYPE : NO_DISPLAY
OPEN_FACILITIES : 10
COST_SECTION
 1 408592 294584 104260 599407 357839 666634 280752 374300 415059 570129 671654 355140 333171 739451 740713 782580 191205 266307 573870 562011 229902 310253 157568 393973 275065 151433 494063 753047 601681
 408592 1 664761 506970 640959 714492 643619 487927 181934 451045 605533 274556 724323 484623 362352 570007 394202 585734 364962 517551 322093 178693 703089 268547 298911 681350 450309 637435 375097 240853
 294584 664761 1 197213 545042 67086 643365 522529 665167 442522 529807 898234 61158 585613 943108 804831 1055396 114444 361804 600570 856073 495729 76947 397067 522707 143777 217035 389895 956479 881894
 104260 506970 197213 1 593938 263080 673988 336278 478276 431415 568718 763539 256150 396709 825031 780203 885712 87842 297780 596537 664099 329145 206160 244148 447655 174451 138446 467032 838650 705611
 599407 640959 545042 593938 1 529173 107287 873131 773738 203713 35552 711157 562192 915789 689410 337291 977622 586486 349299 160435 955939 589862 621988 524362 342052 676824 459577 161799 698959 871728
 357839 714492 67086 263080 529173 1 631687 589554 724913 451623 518023 938515 34064 652689 977483 809435 1107307 181516 391890 601952 917637 549966 115947 449392 549446 196130 264195 369065 990675 936830
 666634 643619 643365 673988 107287 631687 1 931364 793549 252527 113801 671007 664200 968947 634471 243366 949491 675674 404141 126230 964830 622199 720141 571191 352076 770621 536424 267700 642595 862121
 280752 487927 522529 336278 873131 589554 931364 1 345220 679274 842101 757516 574813 64935 850129 967452 762023 408444 527593 827132 455924 356362 501962 365444 617558 430514 431937 774631 862747 577047
 374300 181934 665167 478276 773738 724913 793549 345220 1 572381 738354 423592 726290 325897 524029 746048 428372 565503 450429 670006 198226 196482 684434 293482 441484 642557 473037 738122 535625 241167
 415059 451045 442522 431415 203713 451623 252527 679274 572381 1 169250 571190 479304 718333 576525 362882 813234 447457 151723 165693 758529 386273 515286 322758 160669 550594 293059 196580 588310 688670
 570129 605533 529807 568718 35552 518023 113801 842101 738354 169250 1 679782 550456 883833 660993 325166 944202 565342 316645 134949 920387 555045 606641 490968 306644 658405 432918 157527 670846 836738
 671654 274556 898234 763539 711157 938515 671007 757516 423592 571190 679782 1 954251 747133 108036 501053 289535 835022 552256 555390 463317 445813 947314 519391 416222 936896 681721 766969 117027 287100
 355140 724323 61158 256150 562192 34064 664200 574813 726290 479304 550456 954251 1 638633 996260 838770 1115661 170551 411922 631898 916910 556367 86546 457193 571234 168612 275014 402485 1009544 942749
 333171 484623 585613 396709 915789 652689 968947 64935 325897 718333 883833 747133 638633 1 843929 990691 728100 471295 567478 860587 411294 373094 566557 398343 644367 495437 484449 824339 856123 546365
 739451 362352 943108 825031 689410 977483 634471 850129 524029 576525 660993 108036 996260 843929 1 437103 371863 890487 585790 529375 571335 521702 997992 583064 434388 995478 729994 766835 13621 394177
 740713 570007 804831 780203 337291 809435 243366 967452 746048 362882 325166 501053 838770 990691 437103 1 790507 807028 482612 208815 883184 618376 878109 606318 351495 911990 645187 477736 442076 745108
 782580 394202 1055396 885712 977622 1107307 949491 762023 428372 813234 944202 289535 1115661 728100 371863 790507 1 969172 753514 828681 333347 560337 1088273 658478 652570 1057357 843267 1008496 373067 187267
 191205 585734 114444 87842 586486 181516 675674 408444 565503 447457 565342 835022 170551 471295 890487 807028 969172 1 333321 612555 751939 409948 119500 318441 492266 108102 167966 444655 904063 790672
 266307 364962 361804 297780 349299 391890 404141 527593 450429 151723 316645 552256 411922 567478 585790 482612 753514 333321 1 307575 645075 255290 424366 176242 161502 441168 166032 287827 598929 604995
 573870 517551 600570 596537 160435 601952 126230 827132 670006 165693 134949 555390 631898 860587 529375 208815 828681 612555 307575 1 839015 504270 675187 462561 229143 714566 458382 273830 538763 736501
 562011 322093 856073 664099 955939 917637 964830 455924 198226 758529 920387 463317 916910 411294 571335 883184 333347 751939 645075 839015 1 393737 869155 491704 616002 819906 670083 931729 579766 183074
 229902 178693 495729 329145 589862 549966 622199 356362 196482 386273 555045 445813 556367 373094 521702 618376 560337 409948 255290 504270 393737 1 528507 102118 278234 503266 288502 543061 535106 386867
 310253 703089 76947 206160 621988 115947 720141 501962 684434 515286 606641 947314 86546 566557 997992 878109 1088273 119500 424366 675187 869155 528507 1 434825 585861 82452 268049 466510 1011486 910146
 157568 268547 397067 244148 524362 449392 571191 365444 293482 322758 490968 519391 457193 398343 583064 606318 658478 318441 176242 462561 491704 102118 434825 1 254827 417819 186688 457966 596678 488046
 393973 298911 522707 447655 342052 549446 352076 617558 441484 160669 306644 416222 571234 644367 434388 351495 652570 492266 161502 229143 616002 278234 585861 254827 1 600364 324306 356585 447060 531905
 275065 681350 143777 174451 676824 196130 770621 430514 642557 550594 658405 936896 168612 495437 995478 911990 1057357 108102 441168 714566 819906 503266 82452 417819 600364 1 276060 526834 1009078 875300
 151433 450309 217035 138446 459577 264195 536424 431937 473037 293059 432918 681721 275014 484449 729994 645187 843267 167966 166032 458382 670083 288502 268049 186688 324306 276060 1 344098 743477 674693
 494063 637435 389895 467032 161799 369065 267700 774631 738122 196580 157527 766969 402485 824339 766835 477736 1008496 444655 287827 273830 931729 543061 466510 457966 356585 526834 344098 1 778075 877636
 753047 375097 956479 838650 698959 990675 642595 862747 535625 588310 670846 117027 1009544 856123 13621 442076 373067 904063 598929 538763 579766 535106 1011486 596678 447060 1009078 743477 778075 1 401587
 601681 240853 881894 705611 871728 936830 862121 577047 241167 688670 836738 287100 942749 546365 394177 745108 187267 790672 604995 736501 183074 386867 910146 488046 531905 875300 674693 877636 401587 1
LAMBDA_SECTION
1 387
2 573
3 145
4 912
5 872
6 469
7 909
8 987
9 865
10 440
11 558
12 689
13 201
14 315
15 511
16 182
17 809
18 442
19 208
20 68
21 795
22 816
23 167
24 780
25 154
26 961
27 165
28 59
29 205
30 21
