NAME : domp80p26v9
COMMENT : Cherkesly, Contardo & Gruson 2022
TYPE : DOMP
DIMENSION : 80
DISPLAY_DATA_TYPE : NO_DISPLAY
OPEN_FACILITIES : 26
COST_SECTION
 1 743211 509368 881100 125543 586636 674924 347645 866042 904508 722095 512330 571268 199104 590664 812083 913180 480582 761646 380729 470332 883408 526512 539944 539991 821116 709517 487744 941199 900852 900907 309077 670162 849706 811278 1033864 297064 343500 771882 666439 1047299 708572 311514 597306 695908 941514 504309 935111 437136 643364 422396 139523 205103 233269 404547 761013 754310 1027320 717170 1047149 925535 829896 875138 932434 239634 892522 126342 174773 884114 514998 1031315 794807 701123 545117 566954 333912 801108 946546 461223 460680
 743211 1 848173 570338 691288 206162 209227 753521 125832 539853 884589 368549 769226 555992 166054 825466 833312 313344 407982 813718 536777 747410 240448 206424 881803 370334 85772 590194 827455 479043 743694 536897 827672 647643 594163 717250 730431 718990 74849 218253 515623 768310 522109 182533 774604 637211 928760 270142 341064 107035 503719 632592 538125 750301 338741 481163 194052 724950 31118 641683 191609 557955 481873 420432 587365 754915 676546 569179 185887 285787 713794 777637 233396 698814 307237 806296 58096 262097 303191 396737
 509368 848173 1 615875 615446 642104 907201 165457 933830 664637 231918 480203 134782 465034 770914 370104 491002 755401 597630 131339 312786 503599 619467 673038 36996 684279 867737 263489 529573 701526 527573 361150 198961 526803 518785 714503 217586 182599 829760 656255 868833 282079 712766 801276 263306 645810 99822 897993 716758 793571 346827 586282 527457 276104 606159 545117 736268 701041 817137 780990 1033300 564744 668881 781329 364228 510315 403643 531565 1032344 565445 713282 377267 667583 181659 545587 179744 898141 1108050 710062 453358
 881100 570338 615875 1 913551 458859 753334 644987 569564 57456 496087 399226 482820 701971 630730 357613 303437 734191 170947 677492 416317 213280 503579 552604 631025 204425 643917 418265 282274 124279 198697 572189 467319 116128 98250 166245 664034 619637 504623 376627 269640 369458 858002 669768 386739 71886 715473 425617 726196 603002 458743 853557 737540 727246 622762 126150 376608 167166 551116 171794 678934 53750 101176 225679 641665 217190 759080 766562 725975 461021 163021 312042 346241 439106 381641 705222 584982 793425 690332 442555
 125543 691288 615446 913551 1 562308 592884 450335 816805 929695 816166 523213 660926 212502 529564 890070 982755 401070 777327 491277 521249 943265 499136 498575 648226 826046 645459 550027 1007145 916414 958496 352391 760712 897430 853957 1073244 398244 439574 730545 651503 1051265 787215 205501 528634 776548 978509 620629 908936 361219 586342 464288 63228 180134 342710 362590 789115 733997 1068659 668365 1072791 863617 865100 893743 934627 294585 952619 212430 148533 813809 502028 1070446 867399 689119 625020 566495 446645 747773 870742 392810 474545
 586636 206162 642104 458859 562308 1 314018 550287 304326 447436 689653 163471 566712 388886 177442 648554 675980 278759 288641 609765 331427 597438 63491 94783 675900 297354 235211 385669 677848 406514 599110 340678 630864 506922 451879 622397 530365 515626 200013 96875 507664 580193 439110 217028 584230 530642 722814 348971 278483 168643 297783 499472 388663 556614 204268 343884 171763 625390 175081 577629 394353 429896 395297 392403 398589 605987 500391 421720 390534 82784 619015 603136 136483 496394 109292 604881 258046 466494 239147 191027
 674924 209227 907201 753334 592884 314018 1 781919 306202 730302 991026 460427 855611 519747 141913 961425 989378 194381 583786 843564 615958 909200 303032 243308 943419 563158 123466 672349 989816 675040 909423 555859 930405 815393 760418 908950 746916 749611 283665 378174 724148 888785 395152 106689 891186 823286 972801 477012 237935 150885 565786 544021 480346 747031 310525 649081 388574 914866 214535 842358 300030 732382 673342 625550 584538 917527 642698 504811 232163 362536 905491 916600 407114 787147 421000 824380 237148 279538 219468 466197
 347645 753521 165457 644987 450335 550287 781919 1 853251 684649 376059 400817 232068 306052 652781 482895 594946 615645 581752 61695 255667 584546 514718 561314 199546 662679 759340 231074 628512 705937 605890 226169 327486 579260 555821 771947 52149 34690 748139 586647 871045 381697 552425 678787 366146 690124 195473 849630 574422 684153 258503 420993 367842 116553 472770 548001 674306 761332 722563 816562 944056 591286 674684 769808 209553 592770 238258 369142 931806 468323 770078 475190 606765 226714 470261 62025 807707 1005765 573410 360787
 866042 125832 933830 569564 816805 304326 306202 853251 1 528849 944053 456128 842871 675856 291346 865294 855494 437152 426254 911923 621237 766020 351140 326468 965703 365603 192344 671159 843537 460657 758285 644507 890590 662955 613121 698316 834611 818561 105155 278986 455541 821013 647240 304315 829823 629481 1019709 187926 466384 232547 597231 757761 661207 860092 461661 503850 213400 708768 149112 606897 111297 569017 471918 381239 699735 772484 794452 692704 161588 387105 694951 816197 276220 773165 388663 908754 73090 224132 428885 492510
 904508 539853 664637 57456 929695 447436 730302 684649 528849 1 552297 408730 532864 719941 613743 415067 358348 725717 161444 720178 447141 268972 497201 542161 681288 169531 616875 455095 334942 71429 252985 595679 521937 173531 152206 178649 700558 657816 471131 359009 213098 424794 861688 652067 441728 100727 764433 376235 721191 581479 483973 868578 751515 761597 623493 143818 346056 185227 522922 143194 636619 100598 58059 171279 666298 272334 784776 781623 687624 459907 175190 369393 325077 485710 381555 745655 549729 752960 683816 455456
 722095 884589 231918 496087 816166 689653 991026 376059 944053 552297 1 531457 157373 636496 849195 164551 284326 872238 542914 359045 379713 325381 688234 747727 217940 627561 924857 324571 326062 607088 350273 504765 61904 385513 400784 549088 425257 378897 847421 670302 765394 130369 877933 885143 116938 502392 302417 862772 840332 856404 438557 777468 697224 492584 720514 471633 731883 532925 855274 639100 1052400 454854 575640 702207 535010 329299 605226 709396 1069459 628883 548743 193820 667916 212301 581062 406616 925290 1145321 823450 526786
 512330 368549 480203 399226 523213 163471 460427 400817 456128 408730 531457 1 403735 317968 318533 507455 553767 368003 254116 457743 168230 485832 157454 217478 513442 308789 396469 222198 563285 393331 493039 218492 471494 410911 359123 564207 388862 366321 351223 186017 534991 429183 460339 355525 430953 468382 563797 454421 348105 325818 142417 461263 343772 427330 232591 273079 274945 562546 337649 551183 553284 355958 370611 420230 287744 495063 403846 374693 553717 97940 561127 465570 209189 333564 69484 459002 417939 629773 319333 51915
 571268 769226 134782 482820 660926 566712 855611 232068 842871 532864 157373 403735 1 479132 714888 252230 368363 724967 477927 231424 239794 371957 555957 613817 148427 565227 800085 183476 404622 573151 395449 348760 99786 392033 385206 580025 277269 228443 741371 564047 739785 154552 721234 748974 137203 511152 233294 788181 691027 728541 292456 620814 539951 347210 572777 419448 636935 566762 738796 646646 947162 432501 540454 657099 377662 379114 451425 552039 955097 497895 578759 250438 569343 70416 461994 274510 814945 1031305 676845 389627
 199104 555992 465034 701971 212502 388886 519747 306052 675856 719941 636496 317968 479132 1 414306 691310 777446 333295 570875 362091 311342 733689 330165 349880 501245 625761 532545 345134 799827 710404 748140 143423 577367 685215 641462 860905 258334 282849 578480 467342 852076 590269 247769 428513 581618 766334 499420 736623 289028 461805 252512 155945 62468 236113 220713 578246 555411 856203 528323 863134 743347 653032 686320 736420 102484 743095 123816 74357 709924 315955 858125 664779 502081 432661 369141 329470 614078 777215 300370 267321
 590664 166054 770914 630730 529564 177442 141913 652781 291346 613743 849195 318533 714888 414306 1 821021 852884 148700 459793 714427 475100 774863 161120 101493 806750 452517 119016 531458 855244 564959 776504 427159 788656 683985 628914 791355 621380 619538 222064 254897 638612 747128 356059 39611 749369 701988 840341 421189 175059 59067 426743 472705 386789 629024 194024 519738 288859 795666 149467 735702 335510 604988 558693 530606 464354 783423 537864 415934 295725 220628 787926 776744 289235 646070 281278 698930 219910 363409 137963 325262
 812083 825466 370104 357613 890070 648554 961425 482895 865294 415067 164551 507455 252230 691310 821021 1 122261 871728 443052 482861 392185 164724 662283 722197 366170 520107 878494 347952 162979 477516 189102 549297 171957 241806 271503 387931 525212 475204 777158 607243 625530 103517 916370 859468 117069 350800 454908 758113 846367 816853 456265 843060 747215 596032 725714 365881 652502 371223 798548 484627 976244 325663 448431 577379 596588 167405 688019 765645 1004774 603702 387840 49365 595636 267008 540453 526692 858356 1078865 822446 519062
 913180 833312 491002 303437 982755 675980 989378 594946 855494 358348 284326 553767 368363 777446 852884 122261 1 921690 430053 599778 468263 90908 700329 758600 488191 494126 895344 432983 42145 427686 105535 634027 293853 194162 242387 287413 634222 583959 776886 618886 556435 214122 989669 892276 231168 274210 577075 726325 901102 840354 531074 932142 829731 705172 782709 353541 648151 269570 809019 396391 966625 288695 403370 529003 688214 86260 787499 851105 1004466 644532 288046 119887 599917 371632 573067 642111 858942 1075952 873098 575500
 480582 313344 755401 734191 401070 278759 194381 615645 437152 725717 872238 368003 724967 333295 148700 871728 921690 1 565683 676365 493132 851685 230893 184072 792327 574663 251438 547688 930168 684946 857155 394677 810368 770000 715887 899189 575498 585610 370549 372420 774949 786269 212264 133801 784903 806067 810414 568692 44621 207243 433852 350238 288741 566696 152190 614296 424855 901308 298149 856216 467586 701016 674041 663094 409596 860768 453981 311584 413315 279922 895842 831747 410812 660958 357321 651717 364526 469852 49334 352924
 761646 407982 597630 170947 777327 288641 583786 581752 426254 161444 542914 254116 477927 570875 459793 443052 430053 565683 1 626463 328596 341707 336211 382915 621441 87310 477350 352742 420862 139537 336373 456488 497751 240216 187997 333800 588041 551094 347694 206074 292814 413611 701045 498865 425976 242401 695589 319995 560065 433096 351042 715304 597761 642176 462335 77793 218478 336820 386303 300092 537541 150225 116902 188127 527890 348729 646716 628802 574632 298619 330426 393688 177731 416921 220723 643775 429641 645899 523043 303645
 380729 813718 131339 677492 491277 609765 843564 61695 911923 720178 359045 457743 231424 362091 714427 482861 599778 676365 626463 1 305753 598682 575477 622649 159536 709332 820649 273724 635720 746066 621206 287858 317904 603648 585078 795918 103761 95228 806770 642966 912512 385813 606292 740481 368626 718083 137341 902910 634829 745467 315392 467394 423038 148709 534246 587420 729619 784250 782709 848016 1003896 624162 714244 814477 268576 606392 282486 421834 992697 528176 794265 481458 661602 244454 526972 48406 867526 1066826 634531 419500
 470332 536777 312786 416317 521249 331427 615958 255667 621237 447141 379713 168230 239794 311342 475100 392185 468263 493132 328596 305753 1 422402 316443 374037 345483 407584 562152 56392 489025 458548 437262 168871 318014 379679 341255 564109 259462 223642 517007 344707 620500 297949 524624 509375 294251 473015 399602 597759 462773 489727 64085 467170 361645 315803 342127 304632 427770 557164 505876 586472 720624 363570 428689 515959 231911 431798 345623 384048 721883 258969 561635 359809 359132 171298 232805 317373 585759 797898 444142 149840
 883408 747410 503599 213280 943265 597438 909200 584546 766020 268972 325381 485832 371957 733689 774863 164724 90908 851685 341707 598682 422402 1 626163 683161 507442 403600 811758 396004 80654 337543 24966 591138 317680 103508 153738 223816 618328 568627 689271 535207 471535 222496 933690 814426 241650 190751 596835 635419 833835 759212 482300 889562 782267 688391 717717 266341 560167 207546 723907 321110 877023 198087 312692 438957 650797 9464 757066 805960 916319 572327 223571 132699 514241 357884 497942 637124 771275 987230 803783 513020
 526512 240448 619467 503579 499136 63491 303032 514718 351140 497201 688234 157454 555957 330165 161120 662283 700329 230893 336211 575477 316443 626163 1 60133 654502 354475 248299 372552 705719 461072 630102 296456 627852 540965 486448 668968 490185 480385 250038 158169 568941 586401 377709 198166 588385 575423 694763 410894 224023 174241 272701 436403 326636 510457 141035 383462 235168 670740 210012 631193 432031 470180 447420 453052 348771 635048 445037 359612 417269 59519 665643 618966 197664 486580 128335 566363 296638 491757 186912 167425
 539944 206424 673038 552604 498575 94783 243308 561314 326468 542161 747727 217478 613817 349880 101493 722197 758600 184072 382915 622649 374037 683161 60133 1 708526 390995 198034 430345 763045 500918 686337 338275 687165 595914 541095 716711 533346 527432 233008 188962 596295 646518 355480 138059 648430 624462 745386 413548 186449 122847 327280 437375 335591 547711 136923 435480 250260 719418 178444 672157 396025 521968 490060 482500 383514 691947 470124 367597 372471 119554 713340 678663 227894 544812 185573 610420 264430 445186 146122 224281
 539991 881803 36996 631025 648226 675900 943419 199546 965703 681288 217940 513442 148427 501245 806750 366170 488191 792327 621441 159536 345483 507442 654502 708526 1 708472 902682 294590 527892 720990 531850 398132 194347 537636 533214 722497 251441 218504 861966 687533 887871 284949 748900 837383 265796 657380 89495 925545 753735 828696 381804 620493 563626 307119 642956 566093 766265 708431 850812 793621 1066057 580903 688294 803283 400743 513659 437055 567201 1066348 599976 721440 378133 697698 204575 578034 207402 931230 1142164 746917 487959
 821116 370334 684279 204425 826046 297354 563158 662679 365603 169531 627561 308789 565227 625761 452517 520107 494126 574663 87310 709332 407584 403600 354475 390995 708472 1 447996 435934 479420 112577 394146 522210 583790 300093 253843 347254 665961 631163 301926 202250 226330 497654 730564 489747 510719 267906 781888 238108 575813 416033 422934 763141 645963 717010 490906 156517 176698 354634 353820 283274 475618 205516 111542 111879 593176 409477 710998 678107 521563 329741 343794 470910 164441 503908 259610 724600 381324 589195 536448 360524
 709517 85772 867737 643917 645459 235211 123466 759340 192344 616875 924857 396469 800085 532545 119016 878494 895344 251438 477350 820649 562152 811758 248299 198034 902682 447996 1 617587 892294 558584 809818 535948 866038 714373 659982 795173 731022 725425 160377 276600 601127 814188 463669 118009 818787 712402 942442 354457 285890 75189 520927 589850 505800 742866 311868 547170 271528 802067 94407 723647 218159 627451 559235 504308 578112 819660 655833 534835 177597 303411 791711 831809 299727 730002 344031 808231 119787 247948 252670 414944
 487744 590194 263489 418265 550027 385669 672349 231074 671159 455095 324571 222198 183476 345134 531458 347952 432983 547688 352742 273724 56392 396004 372552 430345 294590 435934 617587 1 457243 474867 413177 202057 262731 366368 334563 556203 245848 202880 567627 392978 640228 249855 569392 565765 244243 468895 354522 637890 516305 545512 114496 499238 399608 309573 396112 317009 472972 547612 559429 590007 772251 364579 443626 540785 255823 405196 361459 419203 775690 314748 553983 319684 404246 114961 284250 292874 638108 851805 498880 206210
 941199 827455 529573 282274 1007145 677848 989816 628512 843537 334942 326062 563285 404622 799827 855244 162979 42145 930168 420862 635720 489025 80654 705719 763045 527892 479420 892294 457243 1 405578 85297 656536 333611 180900 233328 249437 666317 616103 768555 615777 526568 250077 1006491 894791 267845 245236 617010 707670 911376 839860 550747 955203 850541 737141 794316 346292 639297 231393 804186 361474 954286 274532 383330 506220 713060 72643 815129 872974 995132 651308 250304 154263 594451 403394 577644 677193 850484 1065516 882017 588321
 900852 479043 701526 124279 916414 406514 675040 705937 460657 71429 607088 393331 573151 710404 564959 477516 427686 684946 139537 746066 458548 337543 461072 500918 720990 112577 558584 474867 405578 1 322741 594691 572209 238570 207676 239346 716901 677032 408276 313164 167468 477627 833639 602293 493504 171010 801163 304861 684211 528487 487033 854213 736636 774235 593853 158693 287126 248659 464201 171391 567369 153011 32699 101435 666050 341453 784969 767882 620511 430492 235918 430414 276273 520287 355263 767724 485101 684525 645463 443143
 900907 743694 527573 198697 958496 599110 909423 605890 758285 252985 350273 493039 395449 748140 776504 189102 105535 857155 336373 621206 437262 24966 630102 686337 531850 394146 809818 413177 85297 322741 1 606132 342500 96158 149850 199052 638778 589266 683972 533662 451969 246921 944293 816108 266103 170095 621198 623290 840482 759009 496084 904082 795635 708576 725463 262840 554648 182676 720892 298088 869005 189268 299320 423906 666980 22119 774597 819923 910227 577348 198862 157659 511123 379444 501768 659114 765830 980405 809618 522267
 309077 536897 361150 572189 352391 340678 555859 226169 644507 595679 504765 218492 348760 143423 427159 549297 634027 394677 456488 287858 168871 591138 296456 338275 398132 522210 535948 202057 656536 594691 606132 1 444072 546469 505108 726775 195086 193790 540652 396414 746500 449267 373559 452640 441590 633535 417861 669131 355617 460877 114070 298716 197959 216024 247789 452050 487116 720984 506446 738157 728486 521328 567940 634080 71403 600518 190284 217229 710550 258137 724134 521725 424634 295640 283364 272319 592943 783452 350305 167821
 670162 827672 198961 467319 760712 630864 930405 327486 890590 521937 61904 471494 99786 577367 788656 171957 293853 810368 497751 317904 318014 317680 627852 687165 194347 583790 866038 262731 333611 572209 342500 444072 1 362406 369771 537969 374731 326778 792583 614974 734325 99367 817510 824355 80995 481919 283402 816382 778429 796940 376659 720361 637666 443729 658620 429589 679502 522859 798071 619399 998084 422339 540091 664255 476436 323157 551031 650668 1012989 568614 537242 185910 614407 150523 522745 363966 869570 1089002 761601 465553
 849706 647643 526803 116128 897430 506922 815393 579260 662955 173531 385513 410911 392033 685215 683985 241806 194162 770000 240216 603648 379679 103508 540965 595914 537636 300093 714373 366368 180900 238570 96158 546469 362406 1 55077 192712 605698 558066 587836 438621 383966 263117 868285 723589 281455 120062 624899 532633 755556 664729 433257 840575 728603 673083 643184 167204 458525 182335 625030 257327 773855 94582 211749 339753 611563 109576 724323 754819 814241 490234 190899 197194 415305 359503 412970 636650 669713 884659 723222 444874
 811278 594163 518785 98250 853957 451879 760418 555821 613121 152206 400784 359123 385206 641462 628914 271503 242387 715887 187997 585078 341255 153738 486448 541095 533214 253843 659982 334563 233328 207676 149850 505108 369771 55077 1 222908 578378 532279 535537 383946 365036 272663 818093 668517 289524 134623 618199 489929 702122 609799 391156 796063 682702 643883 590794 113055 406435 216065 571124 263550 724278 54677 177494 306265 572021 160914 686875 709767 762628 436340 220484 223525 361348 343937 358654 614989 617537 833738 669350 395112
 1033864 717250 714503 166245 1073244 622397 908950 771947 698316 178649 549088 564207 580025 860905 791355 387931 287413 899189 333800 795918 564109 223816 668968 716711 722497 347254 795173 556203 249437 239346 199052 726775 537969 192712 222908 1 797762 750460 647309 536459 301220 439906 1023778 829919 459049 95832 811046 531992 892054 760021 612706 1014238 899239 864548 788985 291559 523944 18183 701062 119902 803071 209079 235955 321305 794411 220543 909701 927455 858955 627208 3463 355681 503340 551535 547847 829330 724446 921440 855853 606015
 297064 730431 217586 664034 398244 530365 746916 52149 834611 700558 425257 388862 277269 258334 621380 525212 634222 575498 588041 103761 259462 618328 490185 533346 251441 665961 731022 245848 666317 716901 638778 195086 374731 605698 578378 797762 1 50263 729884 574529 879844 422743 503110 645455 408145 712999 241087 842216 533370 655961 249269 369058 319397 70973 436527 560732 663805 788018 699740 835807 921805 610318 686435 775146 166190 626841 186110 319063 905514 447662 795728 514350 597517 262926 458096 77595 785797 978530 534858 344756
 343500 718990 182599 619637 439574 515626 749611 34690 818561 657816 378897 366321 228443 282849 619538 475204 583959 585610 551094 95228 223642 568627 480385 527432 218504 631163 725425 202880 616103 677032 589266 193790 326778 558066 532279 750460 50263 1 713449 552215 841414 372599 530417 646032 358138 666854 224835 815836 544932 650245 224091 406110 345176 121225 441210 519678 640057 740388 688018 791406 909453 565888 646068 738969 183356 577088 227358 348994 897556 433707 748488 464088 572641 212711 435783 94160 773098 971627 542658 326101
 771882 74849 829760 504623 730545 200013 283665 748139 105155 471131 847421 351223 741371 578480 222064 777158 776886 370549 347694 806770 517007 689271 250038 233008 861966 301926 160377 567627 768555 408276 683972 540652 792583 587836 535537 647309 729884 713449 1 177843 440802 726843 573253 246081 734632 569790 914960 200549 392923 165051 492111 669892 568227 756515 369921 423358 129361 655663 74505 568653 205921 496114 413076 346244 597331 696387 694976 600429 228145 282746 643864 728563 181752 671355 284226 803799 82058 301708 352994 387377
 666439 218253 656255 376627 651503 96875 378174 586647 278986 359009 670302 186017 564047 467342 254897 607243 618886 372420 206074 642966 344707 535207 158169 188962 687533 202250 276600 392978 615777 313164 533662 396414 614974 438621 383946 536459 574529 552215 177843 1 410992 551412 535582 293553 558457 447529 744283 273200 374662 227315 328145 588339 474547 610186 298855 271610 90727 540865 191560 484554 383730 354217 304606 295544 461271 543157 570973 507602 400183 151615 533030 559515 39633 494232 116550 645018 255066 475618 334835 230878
 1047299 515623 868833 269640 1051265 507664 724148 871045 455541 213098 765394 534991 739785 852076 638612 625530 556435 774949 292814 912512 620500 471535 568941 596295 887871 226330 601127 640228 526568 167468 451969 746500 734325 383966 365036 301220 879844 841414 440802 410992 1 637696 946560 671608 654438 282226 968517 269202 782647 591255 643480 988217 871350 934916 708848 325747 350570 317480 510487 183676 546112 311988 200017 116826 817745 473141 936057 903685 614813 551652 298644 581057 371381 687705 484927 932980 502335 666080 741989 586626
 708572 768310 282079 369458 787215 580193 888785 381697 821013 424794 130369 429183 154552 590269 747128 103517 214122 786269 413611 385813 297949 222496 586401 646518 284949 497654 814188 249855 250077 477627 246921 449267 99367 263117 272663 439906 422743 372599 726843 551412 637696 1 819221 784566 19215 382555 374344 733605 758422 748637 361543 740961 647163 493670 637449 341489 607913 425167 739845 520035 930452 326118 445946 572044 494318 228794 584534 664622 951593 526989 439070 95991 545798 163493 470906 427998 806172 1026966 736953 433886
 311514 522109 712766 858002 205501 439110 395152 552425 647240 861688 877933 460339 721234 247769 356059 916370 989669 212264 701045 606292 524624 933690 377709 355480 748900 730564 463669 569392 1006491 833639 944293 373559 817510 868285 818093 1023778 503110 530417 573253 535582 946560 819221 1 345836 812918 928059 743329 765786 181118 415085 460636 172067 185316 469357 239876 732221 605370 1022621 503913 1000850 679561 816164 816643 830761 349554 943133 335031 184854 622672 403240 1020644 884288 575182 669100 480325 569835 575201 674664 220298 423420
 597306 182533 801276 669768 528634 217028 106689 678787 304315 652067 885143 355525 748974 428513 39611 859468 892276 133801 498865 740481 509375 814426 198166 138059 837383 489747 118009 565765 894791 602293 816108 452640 824355 723589 668517 829919 645455 646032 246081 293553 671608 784566 345836 1 786473 740927 868324 446581 168112 81763 459146 474140 395895 649458 211634 559257 323337 834418 171713 772693 335544 644417 596703 565199 485479 822996 552319 423408 287018 257612 826485 815435 327189 680608 320257 723043 231392 350104 136752 359677
 695908 774604 263306 386739 776548 584230 891186 366146 829823 441728 116938 430953 137203 581618 749369 117069 231168 784903 425976 368626 294251 241650 588385 648430 265796 510719 818787 244243 267845 493504 266103 441590 80995 281455 289524 459049 408145 358138 734632 558457 654438 19215 812918 786473 1 401079 355212 745847 756201 752373 357284 731229 639217 478974 635277 354987 617053 444344 745845 538554 938845 342595 461643 587104 484581 247894 572456 655923 958499 528886 458200 114190 554097 151654 474978 411342 813458 1034062 735637 433353
 941514 637211 645810 71886 978509 530642 823286 690124 629481 100727 502392 468382 511152 766334 701988 350800 274210 806067 242401 718083 473015 190751 575423 624462 657380 267906 712402 468895 245236 171010 170095 633535 481919 120062 134623 95832 712999 666854 569790 447529 282226 382555 928059 740927 401079 1 744298 475386 797884 673279 519534 919202 803912 778361 693706 195898 443161 95404 619035 137481 737345 113561 157783 267056 701892 191605 818084 832341 787938 532439 92782 310372 416254 475260 453035 748961 649122 853607 762139 510282
 504309 928760 99822 715473 620629 722814 972801 195473 1019709 764433 302417 563797 233294 499420 840341 454908 577075 810414 695589 137341 399602 596835 694763 745386 89495 781888 942442 354522 617010 801163 621198 417861 283402 624899 618199 811046 241087 224835 914960 744283 968517 374344 743329 868324 355212 744298 1 992047 769551 867546 425052 601025 560359 279675 665627 644443 826735 797169 897643 879938 1116458 664484 768535 880162 404891 603099 416165 558682 1111026 643553 809932 467618 757995 280990 631133 175493 980500 1186126 767449 532034
 935111 270142 897993 425617 908936 348971 477012 849630 187926 376235 862772 454421 788181 736623 421189 758113 726325 568692 319995 902910 597759 635419 410894 413548 925545 238108 354457 637890 707670 304861 623290 669131 816382 532633 489929 531992 842216 815836 200549 273200 269202 733605 765786 446581 745847 475386 992047 1 587763 365282 593180 846591 737447 881522 546794 394073 182655 544489 275042 430802 277870 438882 324443 210922 734466 640443 843550 770460 345690 421566 528778 708960 245262 722628 386458 909746 243038 397985 547015 502302
 437136 341064 716758 726196 361219 278483 237935 574422 466384 721191 840332 348105 691027 289028 175059 846367 901102 44621 560065 634829 462773 833835 224023 186449 753735 575813 285890 516305 911376 684211 840482 355617 778429 755556 702122 892054 533370 544932 392923 374662 782647 758422 181118 168112 756201 797884 769551 587763 1 234029 401904 308540 244135 523034 120973 603991 434931 893285 322895 854814 503655 690494 671305 668938 367244 843036 409413 267244 452659 266448 888756 807707 413922 628371 345554 609218 394656 511244 41117 327651
 643364 107035 793571 603002 586342 168643 150885 684153 232547 581479 856404 325818 728541 461805 59067 816853 840354 207243 433096 745467 489727 759212 174241 122847 828696 416033 75189 545512 839860 528487 759009 460877 796940 664729 609799 760021 655961 650245 165051 227315 591255 748637 415085 81763 752373 673279 867546 365282 234029 1 446897 528587 438569 668618 241392 498259 245235 765467 91286 697682 282418 581508 525046 486462 503963 767451 584467 468665 250951 230775 756568 771085 257060 658715 277803 733127 161703 322692 196359 341500
 422396 503719 346827 458743 464288 297783 565786 258503 597231 483973 438557 142417 292456 252512 426743 456265 531074 433852 351042 315392 64085 482300 272701 327280 381804 422934 520927 114496 550747 487033 496084 114070 376659 433257 391156 612706 249269 224091 492111 328145 643480 361543 460636 459146 357284 519534 425052 593180 401904 446897 1 408366 300056 294642 281970 340156 416100 606957 472603 625850 691770 407537 459058 534031 182935 491740 300895 323839 686558 219018 610065 423681 349009 227141 211796 317255 555637 761986 385270 107074
 139523 632592 586282 853557 63228 499472 544021 420993 757761 868578 777468 461263 620814 155945 472705 843060 932142 350238 715304 467394 467170 889562 436403 437375 620493 763141 589850 499238 955203 854213 904082 298716 720361 840575 796063 1014238 369058 406110 669892 588339 988217 740961 172067 474140 731229 919202 601025 846591 308540 528587 408366 1 117580 321412 300883 728668 671095 1010046 608952 1011567 807815 805684 831873 871548 246669 898963 185013 87028 760631 438801 1011396 818308 625911 580439 503549 425553 689517 819734 337515 413154
 205103 538125 527457 737540 180134 388663 480346 367842 661207 751515 697224 343772 539951 62468 386789 747215 829731 288741 597761 423038 361645 782267 326636 335591 563626 645963 505800 399608 850541 736636 795635 197959 637666 728603 682702 899239 319397 345176 568227 474547 871350 647163 185316 395895 639217 803912 560359 737447 244135 438569 300056 117580 1 292217 199562 612253 559324 895523 512233 894402 720915 690352 714374 754789 164673 791715 167179 33098 681588 323771 896348 718967 511420 491598 386472 388868 596008 745991 262019 296077
 233269 750301 276104 727246 342710 556614 747031 116553 860092 761597 492584 427330 347210 236113 629024 596032 705172 566696 642176 148709 315803 688391 510457 547711 307119 717010 742866 309573 737141 774235 708576 216024 443729 673083 643883 864548 70973 121225 756515 610186 934916 493670 469357 649458 478974 778361 279675 881522 523034 668618 294642 321412 292217 1 437899 620074 700600 855243 720226 898758 941807 673683 744490 827556 164790 696972 136881 284952 919538 474147 862433 585306 636283 333781 495118 104367 807006 990750 529964 379453
 404547 338741 606159 622762 362590 204268 310525 472770 461661 623493 720514 232591 572777 220713 194024 725714 782709 152190 462335 534246 342127 717717 141035 136923 642956 490906 311868 396112 794316 593853 725463 247789 658620 643184 590794 788985 436527 441210 369921 298855 708848 637449 239876 211634 635277 693706 665627 546794 120973 241392 281970 300883 199562 437899 1 498046 375173 788869 312671 761626 523529 583544 577319 592526 274331 727006 343993 231121 489338 163805 785776 687509 338152 508957 242050 513926 396714 557398 104536 207698
 761013 481163 545117 126150 789115 343884 649081 548001 503850 143818 471633 273079 419448 578246 519738 365881 353541 614296 77793 587420 304632 266341 383462 435480 566093 156517 547170 317009 346292 158693 262840 452050 429589 167204 113055 291559 560732 519678 423358 271610 325747 341489 732221 559257 354987 195898 644443 394073 603991 498259 340156 728668 612253 620074 498046 1 294662 290859 458074 286139 615145 86721 126859 237739 522551 273764 640975 641641 650964 337766 288424 316525 248297 363489 258462 609650 505412 722777 569213 316745
 754310 194052 736268 376608 733997 171763 388574 674306 213400 346056 731883 274945 636935 555411 288859 652502 648151 424855 218478 729619 427770 560167 235168 250260 766265 176698 271528 472972 639297 287126 554648 487116 679502 458525 406435 523944 663805 640057 129361 90727 350570 607913 605370 323337 617053 443161 826735 182655 434931 245235 416100 671095 559324 700600 375173 294662 1 531257 177217 453831 323881 366784 288178 241886 551924 567207 661000 592420 356316 239621 520484 603538 68748 568297 205898 733347 211191 428339 393922 321159
 1027320 724950 701041 167166 1068659 625390 914866 761332 708768 185227 532925 562546 566762 856203 795666 371223 269570 901308 336820 784250 557164 207546 670740 719418 708431 354634 802067 547612 231393 248659 182676 720984 522859 182335 216065 18183 788018 740388 655663 540865 317480 425167 1022621 834418 444344 95404 797169 544489 893285 765467 606957 1010046 895523 855243 788869 290859 531257 1 708146 137267 814232 206631 243097 333592 788085 203951 902768 923396 869040 627809 19688 339807 508496 539798 548403 818273 733428 932242 857496 603382
 717170 31118 817137 551116 668365 175081 214535 722563 149112 522922 855274 337649 738796 528323 149467 798548 809019 298149 386303 782709 505876 723907 210012 178444 850812 353820 94407 559429 804186 464201 720892 506446 798071 625030 571124 701062 699740 688018 74505 191560 510487 739845 503913 171713 745845 619035 897643 275042 322895 91286 472603 608952 512233 720226 312671 458074 177217 708146 1 629392 222094 536521 465178 411065 557631 731570 648207 543642 216355 254710 697601 750974 209777 668380 276881 775499 86878 292545 283869 365620
 1047149 641683 780990 171794 1072791 577629 842358 816562 606897 143194 639100 551183 646646 863134 735702 484627 396391 856216 300092 848016 586472 321110 631193 672157 793621 283274 723647 590007 361474 171391 298088 738157 619399 257327 263550 119902 835807 791406 568653 484554 183676 520035 1000850 772693 538554 137481 879938 430802 854814 697682 625850 1011567 894402 898758 761626 286139 453831 137267 629392 1 707050 225538 184326 225834 808524 320200 926742 924644 768484 597834 117733 446198 447508 607483 520667 876587 641221 826771 816347 598413
 925535 191609 1033300 678934 863617 394353 300030 944056 111297 636619 1052400 553284 947162 743347 335510 976244 966625 467586 537541 1003896 720624 877023 432031 396025 1066057 475618 218159 772251 954286 567369 869005 728486 998084 773855 724278 803071 921805 909453 205921 383730 546112 930452 679561 335544 938845 737345 1116458 277870 503655 282418 691770 807815 720915 941807 523529 615145 323881 814232 222094 707050 1 679759 580302 483054 778582 883414 865215 750772 82313 475755 799751 927198 384749 877072 488089 997448 136371 120117 470821 585317
 829896 557955 564744 53750 865100 429896 732382 591286 569017 100598 454854 355958 432501 653032 604988 325663 288695 701016 150225 624162 363570 198087 470180 521968 580903 205516 627451 364579 274532 153011 189268 521328 422339 94582 54677 209079 610318 565888 496114 354217 311988 326118 816164 644417 342595 113561 664484 438882 690494 581508 407537 805684 690352 673683 583544 86721 366784 206631 536521 225538 679759 1 122909 251787 590304 204006 707265 718805 721491 424143 206124 277966 327732 386819 344942 651586 577718 791283 655879 396989
 875138 481873 668881 101176 893743 395297 673342 674684 471918 58059 575640 370611 540454 686320 558693 448431 403370 674041 116902 714244 428689 312692 447420 490060 688294 111542 559235 443626 383330 32699 299320 567940 540091 211749 177494 235955 686435 646068 413076 304606 200017 445946 816643 596703 461643 157783 768535 324443 671305 525046 459058 831873 714374 744490 577319 126859 288178 243097 465178 184326 580302 122909 1 128951 639190 317162 758106 745254 630155 413538 232492 400867 269519 487691 336679 736395 491774 696045 633228 419511
 932434 420432 781329 225679 934627 392403 625550 769808 381239 171279 702207 420230 657099 736420 530606 577379 529003 663094 188127 814477 515959 438957 453052 482500 803283 111879 504308 540785 506220 101435 423906 634080 664255 339753 306265 321305 775146 738969 346244 295544 116826 572044 830761 565199 587104 267056 880162 210922 668938 486462 534031 871548 754789 827556 592526 237739 241886 333592 411065 225834 483054 251787 128951 1 705055 442797 822845 787193 542805 434836 318062 529745 255922 599750 368500 831826 416295 602269 628549 472055
 239634 587365 364228 641665 294585 398589 584538 209553 699735 666298 535010 287744 377662 102484 464354 596588 688214 409596 527890 268576 231911 650797 348771 383514 400743 593176 578112 255823 713060 666050 666980 71403 476436 611563 572021 794411 166190 183356 597331 461271 817745 494318 349554 485479 484581 701892 404891 734466 367244 503963 182935 246669 164673 164790 274331 522551 551924 788085 557631 808524 778582 590304 639190 705055 1 660079 118929 174395 754910 317489 791839 572912 491189 334038 350607 242129 644505 825974 369870 236303
 892522 754915 510315 217190 952619 605987 917527 592770 772484 272334 329299 495063 379114 743095 783423 167405 86260 860768 348729 606392 431798 9464 635048 691947 513659 409477 819660 405196 72643 341453 22119 600518 323157 109576 160914 220543 626841 577088 696387 543157 473141 228794 943133 822996 247894 191605 603099 640443 843036 767451 491740 898963 791715 696972 727006 273764 567207 203951 731570 320200 883414 204006 317162 442797 660079 1 766181 815387 923249 581342 220436 137604 521850 366071 506798 645083 778362 993968 812902 522398
 126342 676546 403643 759080 212430 500391 642698 238258 794452 784776 605226 403846 451425 123816 537864 688019 787499 453981 646716 282486 345623 757066 445037 470124 437055 710998 655833 361459 815129 784969 774597 190284 551031 724323 686875 909701 186110 227358 694976 570973 936057 584534 335031 552319 572456 818084 416165 843550 409413 584467 300895 185013 167179 136881 343993 640975 661000 902768 648207 926742 865215 707265 758106 822845 118929 766181 1 153146 833330 422545 907209 669497 602920 421079 464037 240673 734527 900946 423233 351996
 174773 569179 531565 766562 148533 421720 504811 369142 692704 781623 709396 374693 552039 74357 415934 765645 851105 311584 628802 421834 384048 805960 359612 367597 567201 678107 534835 419203 872974 767882 819923 217229 650668 754819 709767 927455 319063 348994 600429 507602 903685 664622 184854 423408 655923 832341 558682 770460 267244 468665 323839 87028 33098 284952 231121 641641 592420 923396 543642 924644 750772 718805 745254 787193 174395 815387 153146 1 709862 356739 924600 738885 544413 506723 418759 384982 626952 773235 288145 326252
 884114 185887 1032344 725975 813809 390534 232163 931806 161588 687624 1069459 553717 955097 709924 295725 1004774 1004466 413315 574632 992697 721883 916319 417269 372471 1066348 521563 177597 775690 995132 620511 910227 710550 1012989 814241 762628 858955 905514 897556 228145 400183 614813 951593 622672 287018 958499 787938 1111026 345690 452659 250951 686558 760631 681588 919538 489338 650964 356316 869040 216355 768484 82313 721491 630155 542805 754910 923249 833330 709862 1 467592 855571 956330 409151 884683 493117 982352 146446 76211 423694 579510
 514998 285787 565445 461021 502028 82784 362536 468323 387105 459907 628883 97940 497895 315955 220628 603702 644532 279922 298619 528176 258969 572327 59519 119554 599976 329741 303411 314748 651308 430492 577348 258137 568614 490234 436340 627208 447662 433707 282746 151615 551652 526989 403240 257612 528886 532439 643553 421566 266448 230775 219018 438801 323771 474147 163805 337766 239621 627809 254710 597834 475755 424143 413538 434836 317489 581342 422545 356739 467592 1 623953 560846 187704 428235 79407 522395 339393 542970 233014 112096
 1031315 713794 713282 163021 1070446 619015 905491 770078 694951 175190 548743 561127 578759 858125 787926 387840 288046 895842 330426 794265 561635 223571 665643 713340 721440 343794 791711 553983 250304 235918 198862 724134 537242 190899 220484 3463 795728 748488 643864 533030 298644 439070 1020644 826485 458200 92782 809932 528778 888756 756568 610065 1011396 896348 862433 785776 288424 520484 19688 697601 117733 799751 206124 232492 318062 791839 220436 907209 924600 855571 623953 1 355244 499893 549912 544598 827547 721018 918097 852532 603023
