NAME : domp200p66v8
COMMENT : Cherkesly, Contardo & Gruson 2022
TYPE : DOMP
DIMENSION : 200
DISPLAY_DATA_TYPE : NO_DISPLAY
OPEN_FACILITIES : 66
COST_SECTION
 1 81151 756800 799731 417790 431256 587322 819085 568620 722771 88683 179040 298988 278417 734585 813496 868129 103605 717434 719521 812207 564703 265651 936471 1088487 635317 193885 519022 822732 432740 630295 309743 419731 1055919 718866 157052 734801 709137 126918 911805 860015 469262 71416 503070 309696 747689 451138 169676 538180 1070194 317494 838225 153351 610938 974998 876823 719204 711405 865168 428738 262345 643045 84183 374855 708830 1093361 379487 471874 588955 480216 445065 302157 615157 285191 734701 447321 34399 361191 574890 636898 784900 415663 669079 461917 526027 34948 635267 913646 167466 545094 1023354 657296 805998 392183 536523 391435 930554 138583 359175 153744 368899 350042 171124 611708 788154 1141499 145650 187270 369225 684133 608300 488087 933982 483757 908138 502992 474310 397292 675269 821678 757851 837367 51655 113952 404332 604711 661826 313525 238288 604443 131098 268077 584811 371153 1147156 304449 873318 485731 804288 650790 915412 1034106 616439 164729 703442 539035 643537 767290 922397 637862 851989 470099 673177 869189 1103105 233758 741926 436614 420371 724328 687434 69615 186085 208786 422754 694525 1070875 373464 744574 299857 133524 772145 779083 758224 531210 854122 376033 596244 465808 259468 900989 625606 440581 483026 715604 895154 886609 692037 676203 965325 514338 804164 1100244 348876 751179 668495 242230 82197 691309 777065
 81151 1 676316 723973 336783 384708 528268 793358 541821 710701 166013 205737 274613 259723 741649 733918 819491 63113 740644 678875 747295 484181 201970 901210 1032022 554685 151246 464890 741676 357863 560028 289216 340343 1005392 637873 129182 674341 646612 48298 862137 781093 461239 146932 487622 285861 669607 384010 88587 458322 1014868 312380 757441 78837 615299 907176 795835 695292 636747 785111 370539 292744 656241 135423 315805 628488 1040763 305310 480113 534781 440019 468017 256845 579929 204439 676052 377469 66847 324394 499711 555789 709299 352023 589440 494809 477564 115267 555231 874920 235331 501609 970672 596011 737985 319874 458677 346185 895012 214148 339868 200804 306207 269382 177825 533772 731335 1085226 172830 108210 395905 698693 600016 431783 894561 435359 867984 457556 405268 374461 680668 759300 704796 763510 35175 194818 408467 526722 649785 314669 160441 627969 170690 197679 532014 292471 1092508 224128 802215 406095 727728 569641 873335 984026 602518 222418 655663 459514 623356 775191 888931 627968 778464 456743 641331 788880 1045227 274573 729563 371050 348345 643697 606500 129650 234305 170645 415977 640599 1022932 302960 700943 320090 205344 735836 747189 761960 452646 791741 297041 556385 405688 258131 843899 546261 366504 401967 648919 866160 846613 705772 595180 914906 452780 766832 1046882 278540 670895 655795 161092 9537 637554 764706
 756800 676316 1 364237 352911 637986 562769 968739 809512 1001772 841829 819417 722027 737259 1132402 247625 793135 686713 1211389 783518 565584 192137 576899 969662 852914 121963 622108 595793 88755 422821 434910 739228 339142 900052 59712 662573 590690 555777 629956 809817 295457 864471 814084 843745 726569 285722 488955 588069 220382 853643 799889 85048 618888 1022920 612526 129866 916215 366621 248893 561861 885112 1095959 798450 563747 191796 903719 400386 945216 609483 687634 991825 640775 773803 481107 612152 465586 740579 681353 362399 135588 362957 525018 231690 1047011 641620 791421 226349 921436 901492 684254 851620 554797 516011 399439 328769 641654 962872 888364 759985 845940 543152 421852 770499 297786 657937 895299 799808 569851 950189 1136004 948114 575280 928955 633456 904098 658289 465510 757579 1076639 605333 684756 423136 706000 868117 883352 298584 960253 820820 539729 1119492 814127 548634 620767 425344 919864 467184 495388 273148 345391 139166 890421 889245 918894 877520 711230 221555 895164 1163468 975867 957847 437030 837575 829378 237392 845740 893416 1013284 505517 456256 34216 153401 799113 874319 625664 845001 647138 940092 490105 770520 878803 876888 851101 892410 1130512 236498 622164 418342 730511 545046 787073 717464 254638 427135 277781 502556 995359 891070 1137681 94349 837121 531673 861990 899793 443360 195142 960452 516597 677184 647580 1038504
 799731 723973 364237 1 417930 480940 324146 669807 584066 744796 865404 780334 625085 649387 902406 130280 451442 701667 1013095 490086 213392 387893 543519 635851 488967 360288 746764 394083 318284 367038 197396 635634 488295 537682 316736 774355 270769 246706 691046 459927 119404 691419 869860 652321 623830 85198 367901 644944 423232 489407 692474 358135 646760 817413 254946 348200 643794 91528 171924 424634 815396 895537 804203 461464 185376 539638 572000 785216 365896 499326 856098 556844 523477 529687 293908 361918 771393 556637 224956 313739 15296 411776 178625 919678 431139 828635 214249 586041 894909 462328 489220 274686 161175 585606 268871 506559 629507 900315 631371 824677 454420 468867 732987 197121 323234 532442 775136 643965 841467 928856 727190 396265 589624 447292 567531 459321 339736 610191 856782 254319 364193 61020 759091 910863 743588 204201 719176 716700 563663 944224 798276 533342 378973 434298 556258 507556 132578 450674 22228 286357 550078 528117 688907 860232 415640 433136 649530 928512 646721 726280 76939 660697 561087 188587 482815 840913 751326 386632 382489 351250 234950 812921 842917 759802 691205 349780 578802 430744 465632 788901 883225 547973 593613 890249 460036 264947 430878 485100 388856 707168 360091 204111 359695 398428 189718 677212 558221 927517 317659 480388 346879 549559 535571 613248 169408 716671 579632 719982 351746 768694
 417790 336783 352911 417930 1 341442 360471 751182 536403 736604 498176 466518 382275 393633 837363 403309 665033 337502 893465 582452 509029 168180 227616 804783 822200 232420 330143 346371 409104 129846 307780 400781 100726 827210 307274 360687 470863 434214 294686 698483 453817 549503 481888 541739 388653 349588 213528 249065 158610 811773 459386 428946 270819 717071 641899 464162 673780 342919 451653 270200 533777 783465 449557 247086 294244 850200 172361 618582 394951 404201 653502 302560 527941 133016 483135 187844 396898 357675 216497 223292 404880 227474 260214 704563 386610 451152 223688 764427 551768 429164 783644 399469 481363 192248 154977 329776 797809 542343 430442 493799 222947 69722 417679 220966 542101 873942 447145 238948 604937 825807 657664 312963 778998 360055 751252 389412 207847 437645 777305 535102 539861 468249 369701 531600 550862 213960 684578 478328 188257 793006 462221 197253 400873 80095 889125 116002 522415 123750 416263 234235 746770 809381 637760 526033 526533 165691 629354 870574 801945 674699 484687 527010 593077 454220 827492 540673 751830 220304 157827 318909 269769 452006 521667 342313 521195 480327 856596 166066 586271 530868 529362 652216 682760 843197 176002 564756 73136 487522 274442 439389 642439 220429 141896 78410 409490 801756 732665 829245 264485 743214 291845 674387 852155 206050 336755 687028 176881 335794 478760 782708
 431256 384708 637986 480940 341442 1 178747 431670 196773 396143 462454 335264 160245 187156 500302 555080 436913 331090 573615 295424 412351 489923 196420 521115 661259 535917 496393 99670 660779 223218 283545 164669 433330 624718 580250 497087 321405 304734 382086 480556 581564 227837 499271 206551 155028 469140 149031 353289 492732 641728 215184 693159 316257 385688 582247 713657 343161 392198 612742 76439 346867 457982 395274 98821 489969 662780 476998 314832 164547 65898 377642 129270 206094 308793 315937 172970 396920 83821 294395 504696 466053 116816 438176 440177 94978 446928 423803 491878 460769 117561 592915 251433 422268 500058 310228 40030 514658 481121 150938 387675 122705 307802 297360 360431 364003 713832 343087 375542 360792 498264 317886 85133 511021 53135 484120 72872 173574 130444 442003 411478 328611 494478 414222 519109 264523 356446 343175 239381 280686 485580 370055 220791 157764 266749 717843 296568 505004 464868 494974 498943 488780 602865 296354 421752 272284 501557 290019 532810 511100 333549 504736 199917 271895 624097 677794 379892 411975 132968 189610 605303 500506 410250 395720 516828 215770 266987 639889 176709 316259 313258 461459 356119 374053 503548 515749 442917 272541 175230 97859 242307 475903 398627 215566 410166 331316 495722 462885 500239 544111 534140 134080 385610 670077 489161 522327 345754 337588 376253 263573 443893
 587322 528268 562769 324146 360471 178747 1 410594 263515 442598 630085 511623 338408 365168 587702 421255 309635 483889 690883 229437 234082 461001 326380 445236 504016 485340 611759 79438 562816 233633 138274 343416 461152 485427 503079 622782 147790 126577 513532 347278 436102 368616 657915 328219 333653 334370 159926 475333 477393 487587 392334 599893 451844 495159 403740 610390 353493 244500 476866 158600 525459 573004 563323 212896 385083 516613 527706 463114 47142 178766 537810 292531 213636 392782 147799 180040 553895 262397 201944 443517 310415 178751 335988 602237 108032 607809 336426 404040 636095 138637 446919 73061 244236 549329 251835 214652 438237 653309 325791 562903 222611 361420 470962 264986 203755 557254 516556 489602 532157 607724 407495 100999 418538 132584 390784 137817 154737 297649 538199 236465 185582 326494 561291 684545 427198 264329 407240 416288 390701 620080 542975 336344 59387 312515 565619 373347 328852 468039 341616 428628 386740 465372 371670 597612 166833 487972 338996 616065 443846 410190 334752 337789 266633 490714 516966 558578 452765 165263 215458 534162 411188 576763 572955 630490 372475 122310 508983 242735 227531 490435 634034 299700 336297 579862 509249 268626 314915 171153 122609 420948 315834 308131 220839 404184 154872 449442 372249 607023 475786 396663 78092 318071 521598 553209 407266 406098 435901 521086 120223 476521
 819085 793358 968739 669807 751182 431670 410594 1 251589 159179 818966 667210 521175 540679 321195 792471 265509 732517 468795 185468 472578 869929 625110 156901 482142 895902 921257 404960 958465 621723 534042 509399 849957 388429 909405 916125 399064 426102 801303 294085 788991 367984 876823 322280 510176 712499 537689 778812 883704 455167 509761 997308 735825 326493 585727 1001030 100680 618726 840944 487589 623269 381898 757746 528450 783348 438701 903373 421366 366451 366564 505235 543442 226638 739871 375913 563608 785916 471057 611896 853614 660726 528782 737914 556394 365165 823614 743548 172503 780693 324076 391705 415362 520527 926269 661835 462080 154715 817174 460017 718799 550908 731817 652988 672351 354480 517853 691428 803504 555869 388963 253984 438362 191702 396655 183975 367393 546554 421879 313425 436866 306756 640811 816948 877522 453668 672507 196453 521656 711454 468245 716864 651796 357338 686245 502567 726439 598976 868342 691573 837662 208148 368330 223364 743100 259347 893967 180366 330695 132549 224812 639468 356675 160307 857142 510648 667839 148357 531615 593777 941666 815552 775798 708602 942062 411782 325521 371703 598629 204406 572733 797838 121846 76978 290635 913508 445810 690870 264339 477013 566863 386160 715280 610224 806496 483837 82769 171842 381536 884609 329664 463238 125286 452539 918967 797759 188136 769056 784060 324430 138215
 568620 541821 809512 584066 536403 196773 263515 251589 1 200247 573677 424161 269974 290410 325655 684755 356429 480934 429093 185692 443830 677444 379942 372937 603416 716976 671804 213890 819527 413036 401398 259011 629833 538803 750200 665245 345734 351026 550787 401178 698586 150480 628128 96831 259081 597793 331461 530255 683745 579214 266920 855097 485692 233600 603196 869170 154114 507769 740342 266432 392979 311806 510478 295357 642552 584846 673153 237199 218809 132257 324228 294523 77399 502408 328402 357652 535166 221062 449284 681065 571045 309104 591751 387129 168203 574664 585882 357918 543662 127165 520053 311064 474780 696217 482496 219515 367569 576626 210814 477358 319415 504555 405108 516297 349115 651461 445633 556112 349666 344877 143981 235755 379488 179800 356652 152431 349273 171592 274724 424644 296283 577784 565404 632527 236137 514092 151448 282635 467611 367921 471906 409023 205738 463207 646973 491685 563478 659073 602690 671139 369921 516060 109785 504744 218255 693059 93260 355318 356504 148792 583114 126485 109887 754228 626407 436297 215504 319633 380816 778492 662871 528217 471503 692684 182738 261428 540953 373145 222443 344365 556852 215446 212829 321167 708811 449248 468851 102101 270059 321588 441151 558382 403621 602054 400569 326543 335521 343819 717892 453968 277868 248813 595519 683588 667997 152574 526485 532509 258070 247126
 722771 710701 1001772 744796 736604 396143 442598 159179 200247 1 708686 556598 437300 451001 172907 857114 400498 647793 315277 264675 570218 876437 570104 315964 633372 913719 850485 407803 1005394 613028 579343 421689 829471 544062 942137 838494 481499 499124 727192 436311 863286 253764 773288 223313 426068 772022 530845 712774 883587 606605 405329 1042300 664544 169804 706321 1052820 106969 678789 910192 466677 499603 222836 652668 494052 827657 594255 870331 282161 395480 332405 359525 480763 228998 697328 459729 557161 691614 407186 639480 876189 733437 509350 778227 405245 362201 721656 776132 329392 659548 318672 542965 472306 611935 893363 677901 415318 313888 699600 371178 604470 518304 703315 551944 705259 456575 672057 584833 740610 418764 232420 116957 433376 349508 379176 338785 350903 547352 339394 155124 540457 402596 726929 729331 765763 329383 703802 61036 411458 657967 309134 608082 601172 383324 662887 658478 688057 697344 859318 765264 864653 361553 523191 108535 624260 333947 892989 108091 190998 291251 85926 728848 254098 183760 925248 661029 543885 19222 519575 580987 971697 852214 671080 589134 871381 300342 396917 529761 572832 298921 449373 681201 233291 193444 150357 908974 556553 668641 271911 469023 463502 514796 748108 603408 802107 555196 237246 323739 225785 911731 478327 471877 254999 607714 878475 849243 54951 717443 701173 394553 54296
 88683 166013 841829 865404 498176 462454 630085 818966 573677 708686 1 152475 312897 288098 699933 887515 894640 165086 666621 737889 860610 649718 322772 946241 1123698 720043 277680 556848 905699 499510 687894 318720 506349 1083540 802281 237617 777692 755046 213654 939260 932205 456391 76313 497245 322207 818231 506607 253783 624285 1103977 309209 922437 228042 581051 1026795 960182 718292 775495 940513 473556 218658 603346 67183 422268 785446 1123453 468066 441289 625570 502692 399639 337840 628830 365186 775196 506528 101498 384420 640752 719548 850341 467425 743654 405666 556926 54507 711088 927706 85653 569738 1053929 702072 858949 480865 607566 422597 940703 50128 363559 105626 420781 429200 170281 682503 825766 1176213 128044 274021 322685 642424 592041 529196 948707 515577 923952 530881 531968 403534 643185 866470 790918 899469 140068 58867 380781 675653 648665 298668 313147 554826 102106 332521 619801 445249 1179682 382938 930679 572100 871480 732241 933482 1061281 606174 97873 730579 625525 639676 731374 930179 622784 913455 463033 681971 945380 1140152 180374 727893 490333 483066 809020 766660 53630 129328 290503 410303 729382 1095137 434964 766188 264692 49158 784752 786476 726749 618491 898695 450707 615628 512069 252434 938092 699556 506002 566282 767247 897999 902416 651062 759481 993355 561459 817611 1131296 437514 827501 655941 325461 164662 725988 762573
 179040 205737 819417 780334 466518 335264 511623 667210 424161 556598 152475 1 176124 149317 556613 822420 755574 155270 539811 594085 745606 632070 249218 797097 990930 698702 355383 434117 871607 428823 590828 176970 504757 944343 772276 326465 656528 638198 246367 800668 861419 303943 218089 345139 183374 745292 412517 265054 614145 969956 157781 894139 216693 434360 914811 927050 566537 688836 878343 363769 87065 464089 98659 319813 730091 986081 491022 294598 499609 365301 266824 225396 483060 343242 651129 419438 155909 252316 561570 688047 765041 369092 683214 289295 426296 168931 655206 780506 125994 432774 917294 584678 750706 509062 541929 297294 791722 153025 216606 54133 325969 398044 49617 613614 697755 1042717 33994 294769 192114 505097 440165 411631 801768 387121 777663 397845 440602 256668 497994 746528 658567 806556 205761 210543 230224 607348 496409 146214 282468 426756 51768 272808 492122 397036 1044166 353895 828665 565724 789631 695311 788415 921835 453707 86608 593428 618005 487567 589039 780339 470752 819111 310846 533362 885670 1009113 75549 575815 394027 404435 785379 720423 116834 62709 373688 257829 599634 953408 357312 624366 120822 133088 637400 636872 581301 617522 778099 403721 473714 402538 103167 808443 638560 431872 542910 658491 746764 756206 513023 729814 854918 451207 670527 994701 472309 770309 503630 320899 197834 596102 610595
 298988 274613 722027 625085 382275 160245 338408 521175 269974 437300 312897 176124 1 26960 487191 683088 582387 212426 518546 425265 572370 548923 160865 638060 815357 607616 413540 259801 760558 303033 429994 19299 451084 771342 668682 401412 481546 464755 290050 627221 716376 194587 360632 214003 11261 600798 261938 278918 540656 794686 77888 788311 228641 360334 742144 815501 422025 534041 740451 200568 190805 415808 246812 168930 602390 812087 467420 241837 323934 190565 271448 81256 317663 292856 475486 275873 265323 76566 417373 586558 609868 217540 552216 324989 250177 307058 529869 616843 302092 257995 742923 411343 580516 489361 412459 124112 632240 325644 66452 229470 184018 324595 143010 477137 521641 867339 187773 308313 229641 459152 329748 240356 637551 211327 612308 221821 290883 99978 425210 571643 482720 645190 296197 371276 170635 471717 376663 99266 239927 413541 215040 194916 316175 302769 869413 292111 661308 500392 636757 587718 621118 748984 328822 262721 419014 547192 348862 521269 623582 356208 656630 184803 374317 749829 833239 220670 455983 242524 272023 687960 602145 263584 235683 434397 153874 423516 782302 232526 453295 165609 305716 474485 480148 502224 554168 602977 309881 302754 237573 83285 632366 508813 301773 460194 488784 596364 590751 464285 628321 681414 283968 506922 820355 464705 639578 382351 297622 265142 419986 491027
 278417 259723 737259 649387 393633 187156 365168 540679 290410 451001 288098 149317 26960 1 491841 704962 608145 196794 515358 449794 599175 561236 168051 660517 841871 621482 402571 286665 778058 321189 454957 31408 457873 797085 684778 387948 508489 491567 279020 653061 739188 202999 338145 228116 34426 623376 284557 272025 551332 821090 67595 805033 220320 364628 768907 833177 440915 558173 762173 225366 166011 416159 222583 190765 622246 838104 469452 239847 350892 216654 260707 98574 341145 296967 502443 297219 245287 103521 439500 602056 634144 240039 572493 311068 277042 284591 549141 640303 275308 284145 769042 438134 606966 490960 431996 150686 654787 299484 81162 202825 204053 333354 117842 498125 548505 893783 161981 302204 212932 459525 340807 266774 661151 238283 636150 248536 313499 118901 429965 598584 509340 670431 279070 346695 166928 492545 390068 84718 241262 408110 189222 201410 343112 315000 895656 298231 687408 509483 660703 604228 645416 774684 342926 235888 445096 557463 366134 525855 645531 368376 682041 197026 396359 771241 859880 194404 469891 265200 291163 703108 620456 239716 208724 423292 159399 450332 807567 249655 478432 144564 279524 497629 501885 508694 563255 629929 322131 327727 262860 57815 659127 528760 320736 471925 515140 616929 614601 465175 643958 707279 309771 530267 846473 464173 660004 396113 297186 250191 446796 505048
 734585 741649 1132402 902406 837363 500302 587702 321195 325655 172907 699933 556613 487191 491841 1 1008432 573092 679395 148857 434387 737914 990198 641256 472647 802421 1035153 890492 538615 1144935 723507 725964 468541 922122 709598 1073452 870518 646029 660112 768060 608031 1019264 294417 772214 295655 476985 921871 646913 763856 991990 775507 430801 1180206 711925 127224 878228 1194792 279049 830495 1063257 576264 481277 103131 655105 590366 968148 759864 950176 262877 541736 445299 305016 550772 378965 774159 625105 672090 707829 483601 774197 1001736 890185 617081 917238 325412 493302 725252 910415 493638 634653 452819 711890 627759 777356 972685 803925 507612 471847 679029 423494 594866 614426 793179 567287 841406 626515 839014 589216 794023 379961 81371 184289 557138 512409 498979 505009 474368 668056 404713 61982 709904 571992 889288 752877 752044 333217 838990 183447 426982 725550 185272 607411 674876 528849 759045 823641 769358 864152 961029 922045 993459 528827 689514 216202 605547 500173 1000482 253083 34080 446903 177517 892396 312263 347728 1077585 830563 521235 176521 632410 689810 1100732 987584 673046 571548 910797 333387 560126 691528 671407 469978 436797 663180 406196 365709 37842 1013202 727357 765526 418483 588119 483519 687681 883172 715780 909179 714331 388860 491733 71328 1039762 648341 601998 427275 773729 950767 993562 186587 784150 732293 557440 183598
 813496 733918 247625 130280 403309 555080 421255 792471 684755 857114 887515 822420 683088 704962 1008432 1 581222 722530 1110745 609806 343573 321905 575301 765076 609926 275236 729912 480741 190502 393969 283633 696306 449971 664862 210089 762912 394534 366431 695103 590207 55610 777141 880712 743312 683834 87279 421380 648758 359843 612604 756052 229827 661044 915352 365951 217932 759438 178395 57710 488540 868830 992771 831190 514307 112467 663997 531373 868323 466741 585352 932389 607676 630915 530642 417628 407808 788704 622130 265763 235663 135164 465605 144483 994131 522600 845125 179722 715368 928145 558888 616496 385116 291406 540558 281600 573807 758662 927200 700641 861580 501709 465975 773320 208811 451375 650410 812070 641560 908589 1028426 828731 474472 719402 530609 696966 547720 392523 685363 959454 384505 489533 182362 768157 927149 819286 215089 826670 779741 575570 1034243 832689 557941 479678 442687 675934 510059 253122 398976 108429 208700 679897 656211 792705 896504 534929 367992 757523 1036147 775317 831032 194259 747068 674592 69725 601047 888957 865079 440793 418300 241805 154043 837286 883727 739927 770527 468383 706692 465109 588124 848684 911736 670790 715727 999092 393651 395002 437575 590162 457830 761605 489902 188028 390549 360590 308655 804019 687136 1027971 224375 610100 424289 674571 658979 575288 73144 824930 578211 731530 469920 884702
 868129 819491 793135 451442 665033 436913 309635 265509 356429 400498 894640 755574 582387 608145 573092 581222 1 767758 714618 170774 238557 739807 621950 185667 247509 746582 916733 356750 763872 541747 377751 578905 764809 188956 737040 924231 206373 243889 811571 45337 565371 506888 935676 453208 573724 513107 469374 776909 763126 222881 606507 803896 747143 542457 322366 798449 297353 426563 621605 453995 740432 612382 827887 507797 601343 231099 835109 590044 288688 391991 678190 566154 282175 701591 187998 489577 833773 510467 473012 699646 446149 483337 565222 739310 342448 882941 582287 135747 880593 324931 164081 266759 290762 856231 535345 476695 179673 907481 540811 809675 522834 670816 725361 517352 135563 295034 770084 793948 705910 629808 450365 392020 138188 384785 116883 365330 463608 501656 550848 197940 125228 409357 850147 952491 592032 520074 409350 626274 694799 689792 797341 637589 289231 621910 291522 682583 354627 763113 473620 678005 98680 166642 408247 840942 164713 774076 353757 588049 199649 431231 403947 482234 257867 638630 271724 781672 396999 473258 525059 771643 642779 843850 810294 936057 537142 187349 203463 550807 134577 694338 887495 168389 207462 547148 798012 195649 624088 282540 424676 653556 121370 556126 528876 698583 291777 241082 111139 624175 721879 99474 386530 146026 240660 862150 604442 402717 743235 811386 189567 397781
 103605 63113 686713 701667 337502 331090 483889 732517 480934 647793 165086 155270 212426 196794 679395 722530 767758 1 681919 622876 708706 495620 162698 843260 985695 564795 211584 416439 746542 335046 528355 226554 359201 954915 644121 192150 631282 605533 93027 811052 767122 398127 174771 424831 223639 653243 348357 110706 473572 967673 249537 765321 68019 552835 871937 801495 633968 612343 775747 325289 240516 595141 112076 271290 621171 991648 337705 418481 486449 383365 410269 201899 521607 205790 631385 345633 71232 265879 476764 560506 686684 312221 578813 440799 425314 127926 546600 818290 214800 446662 921586 553713 703061 354967 442491 291696 837160 205821 277220 163872 265410 267862 119890 517459 685179 1038765 125432 139736 340179 637802 536916 384984 838236 382977 811955 403524 372158 312396 618258 718077 655817 737378 84814 209544 346389 510596 586850 252558 149867 569654 131678 168328 482686 280671 1044840 221506 771504 422924 707227 571588 818178 933261 539693 192393 603278 476179 561286 713021 830348 564918 751716 393771 581975 780841 1000023 228794 666683 333463 320144 653269 603850 115317 195661 231623 352897 592188 970913 272524 646378 262909 192020 678125 687974 699305 472738 750521 286304 499854 362233 196047 798005 534626 341978 409137 612403 806200 790498 644696 601253 864317 410733 709546 998290 317299 663079 592907 173341 53584 589017 701839
 717434 740644 1211389 1013095 893465 573615 690883 468795 429093 315277 666621 539811 518546 515358 148857 1110745 714618 681919 1 566467 863470 1054830 679283 621351 948362 1106346 891888 631192 1233016 791599 827235 499261 968830 857110 1153842 865636 768146 777757 774465 751376 1126920 347289 742349 370130 510149 1023487 722565 779202 1051586 921534 448328 1266210 726333 195762 1011391 1285016 417522 935312 1167082 649549 455103 117975 633853 651999 1059251 907385 984793 276758 647402 529224 273128 593313 494653 811275 748578 745828 695716 536458 862906 1077425 999975 686896 1007550 262180 588267 701432 996114 641279 590705 552356 857879 739944 899240 1006313 883801 571090 620452 636469 463566 566858 674670 840969 562916 930137 756679 986076 573795 810217 348215 86460 287359 643036 660386 584665 652080 564374 746960 457107 164914 838539 701773 1006050 745024 712089 348575 926832 309912 436691 756606 113057 586364 713388 634312 813445 971336 810507 987397 1015070 1031550 1072460 675528 836742 328159 568822 626626 1059077 375831 150212 595641 294272 1010730 373820 475842 1180440 976170 487365 321862 705875 757623 1178492 1073199 650402 538155 911085 372271 681970 839893 731146 603706 420882 623673 546405 508446 183830 1068540 858462 820346 529491 668744 490492 825990 970098 785786 969223 829047 537690 638064 90750 1117327 793533 691437 569871 921121 978684 1088359 315325 812165 731850 678967 332014
 719521 678875 783518 490086 582452 295424 229437 185468 185692 264675 737889 594085 425265 449794 434387 609806 170774 622876 566467 1 305818 690436 490622 227949 418038 713105 790670 239904 773232 452785 348682 419367 682803 354502 724271 792461 220765 243867 677509 215492 609480 336125 784435 282440 415722 528436 370649 647868 706477 393631 441217 811981 611672 383222 445061 816318 158417 434443 659782 333211 573139 457241 672067 381950 597893 399699 742966 419940 188553 239570 507918 422041 112907 589969 198120 395289 685185 358331 428617 669997 480082 370592 552510 569571 209177 731039 558744 196455 717630 177864 334393 229939 349007 765410 481164 332885 221244 746959 377607 648159 401458 572006 567631 487745 192178 465788 611217 668798 535295 480135 288575 275978 215731 248650 189132 222988 374787 337714 401660 275861 137937 466460 707138 796434 421551 488138 256558 459840 571573 529084 638304 511990 181674 524310 461450 573784 433201 695054 511442 653343 196037 331755 245713 678114 74879 716986 192852 455240 221315 273992 467138 311746 92286 675662 441533 615239 267517 368160 428162 756736 630251 688822 646379 810896 367107 141439 359895 441504 38620 526047 726972 70365 108893 414866 737787 293067 528078 123278 313934 491113 264003 530530 440572 631846 301587 220393 167739 475892 700144 268468 290648 93033 410112 763335 612736 251333 625547 670186 140009 280623
 812207 747295 565584 213392 509029 412351 234082 472578 443830 570218 860610 745606 572370 599175 737914 343573 238557 708706 863470 305818 1 542256 546971 423766 314982 535320 810114 312681 529107 408355 201850 576853 600994 339026 512295 828016 98811 107622 726016 246989 326955 577753 883476 529704 567378 280681 363474 683822 571417 307365 623603 569148 668876 672177 169998 561351 464234 203625 383049 387092 758152 749459 794369 438833 375301 351285 680324 672062 253625 401805 753485 524691 370930 584051 115576 372843 779689 496154 293953 487238 209095 396564 346766 818216 330732 835059 371049 373839 869767 344323 291349 161050 52271 698685 358493 448731 417569 885820 556007 796610 443309 536470 704368 316793 118100 365761 749825 692506 757248 777153 577408 334159 376611 363625 355149 361811 344295 524602 700395 40933 168689 171762 781574 913683 647545 321470 556323 647201 597444 811448 776009 550107 264167 490665 382868 562233 127556 583216 235478 462764 337026 326027 535630 831451 237831 582295 488201 760159 435884 569368 168114 547575 390268 400075 318650 792187 573328 376345 405800 547315 420667 807044 807027 826915 590933 182692 376740 446611 274222 721255 866743 352756 399148 720071 608269 59056 490305 342281 348548 654649 152356 348439 396539 521040 101265 470179 346966 774033 503044 271543 299197 348361 350694 715028 372485 552159 632324 740989 185948 585231
 564703 484181 192137 387893 168180 489923 461001 869929 677444 876437 649718 632070 548923 561236 990198 321905 739807 495620 1054830 690436 542256 1 395789 899939 854062 70853 436678 471233 262330 266705 362069 567128 149186 879278 158328 475538 534202 496339 437896 766027 377459 708461 622594 695450 554803 304127 346015 395945 38041 848729 626431 274060 427657 873488 639299 314510 802825 343529 355212 414301 701374 942627 607060 403167 212907 893540 219837 782035 503645 547750 820369 468397 656179 290684 551809 319947 548512 518535 267675 88478 379240 373121 209503 872293 515767 599301 176195 855205 710232 559583 832440 477221 501771 224492 209539 485201 892939 696385 594062 656210 380198 234338 583776 226165 606767 902453 610964 377882 772983 984293 807555 443247 866713 497652 839818 525569 329350 597729 931517 576595 618962 447552 513984 676258 715944 222198 828459 645843 350361 956881 624208 365260 512595 246303 922402 278254 514735 85262 377430 113724 830888 864423 783543 687159 624978 46273 768346 1022728 901274 821672 464106 684087 718045 351956 853520 706833 890194 358799 300402 159722 167867 607342 685331 442335 683272 568130 914302 323719 686207 699048 685114 760664 796826 993014 72723 601266 239175 613501 407494 607557 690693 194819 274811 89884 454882 910197 823506 987106 118034 803484 408897 777925 892735 264331 248786 829964 324624 485065 567518 918896
 265651 201970 576899 543519 227616 196420 326380 625110 379942 570104 322772 249218 160865 168051 641256 575301 621950 162698 679283 490622 546971 395789 1 717257 830299 458505 300147 265434 624470 181484 365984 180106 290380 806073 527077 303025 472405 445078 189622 663700 616423 346884 337054 353363 169149 500873 185660 157249 384086 813426 235206 648629 125855 515766 709363 679924 532591 453118 630586 169361 308437 574989 260687 114696 480998 840310 309054 402526 334774 259256 428747 90917 401573 133189 474134 183821 233927 163079 319774 443173 528373 150572 434630 477759 283360 290422 406059 686876 353596 313201 770266 394148 540415 331469 293875 163078 710753 356820 218814 286285 104318 165380 199632 366943 529703 883522 236822 179189 377523 618207 472872 231175 705547 242291 678330 267777 209767 237628 579509 557781 504732 576698 235418 371314 331469 360440 511878 252525 87947 574288 257582 34132 332959 151557 891221 131252 609116 341487 550484 448472 681531 785017 463157 321227 459801 389924 470272 675249 707501 495705 590704 330486 466625 637404 843301 320013 587673 170976 161155 542688 471536 269789 309241 320499 310938 440267 825273 112846 508885 303283 339925 552465 570027 653097 395244 590237 158574 371625 203774 211774 642134 389941 186103 306003 449961 691481 657312 622907 485175 715836 250873 581651 846095 310734 521448 516241 147348 194997 437325 621628
 936471 901210 969662 635851 804783 521115 445236 156901 372937 315964 946241 797097 638060 660517 472647 765076 185667 843260 621351 227949 423766 899939 717257 1 344817 914143 1017395 466943 945182 676044 542287 629220 905490 243372 912270 1017767 379010 414116 902524 191086 750719 508347 998554 458294 627683 694157 595667 874357 919578 318147 639720 985091 836538 483110 496359 981505 244004 604806 806667 561118 761992 538412 882347 609753 778458 292749 968494 571241 410229 461590 657069 644950 321690 817815 357556 619456 902440 577385 632747 868472 629916 598046 739114 710433 437085 944976 752485 49946 915775 404080 257435 423379 475822 990711 691104 557183 7012 949464 582747 850227 629401 798296 776925 684361 314465 373646 818235 895951 703003 543752 406864 503252 53110 476069 68794 449558 597159 542903 469471 383371 285350 594943 928008 1005107 596006 686148 351243 654612 799177 625091 844663 739473 405410 750164 354867 801422 539816 912956 658070 848635 90014 225960 372385 877129 278457 930351 323151 478148 25880 379052 589612 492202 264333 823640 374331 806096 304312 594489 653267 946372 817438 899852 843497 1037750 549030 331810 219935 668860 218576 712105 929723 165443 160461 439617 952671 380890 753620 346084 540776 694463 298392 725240 663529 848833 467402 84752 78645 535911 893919 205939 513810 135649 307240 990142 784650 343032 853451 892283 332458 289448
 1088487 1032022 852914 488967 822200 661259 504016 482142 603416 633372 1123698 990930 815357 841871 802421 609926 247509 985695 948362 418038 314982 854062 830299 344817 1 840822 1111435 569486 799911 714445 514461 814112 915577 105997 805424 1125153 361122 393770 1017309 203968 573417 753883 1158170 700247 807620 570962 657330 978202 884557 26996 846869 838536 955856 785151 249489 819589 536312 510934 630691 661554 982283 852033 1056523 716246 671253 68775 994143 837550 499644 625731 925698 787949 528134 887361 356602 671768 1054566 740567 608536 792839 491598 682214 651516 986751 566868 1106729 679764 311901 1116806 558370 90532 439528 352294 1012906 673263 701173 343031 1140723 779769 1044673 726621 844795 957069 630321 300718 53247 1002531 990673 952367 865662 695032 600849 295973 608129 298470 593811 643390 741673 787508 287151 332917 429824 1064706 1180297 838304 635331 650424 867677 892654 932459 1029732 839902 504420 797450 68348 866288 357668 897986 507526 766870 274004 119481 653532 1077213 399017 895350 598939 812836 369692 674025 416350 728641 505011 647300 29653 1022365 626616 666386 706650 840086 719708 1071469 1047964 1129332 782833 394574 145315 742090 380991 937517 1120863 409843 441924 772722 921618 257666 797884 523844 626591 890723 188183 659275 702026 836003 412763 427409 310707 859155 803185 155656 580835 381844 56992 1027743 658370 643268 933693 1024685 397909 620320
 635317 554685 121963 360288 232420 535917 485340 895902 716976 913719 720043 698702 607616 621482 1035153 275236 746582 564795 1106346 713105 535320 70853 458505 914143 840822 1 506222 506003 192325 314752 371868 625341 219705 874339 89369 545570 540277 503091 508571 769231 330449 759112 693437 742453 612817 275099 388241 466334 103110 837690 685457 203213 496947 921467 615115 243862 834697 332002 300678 459516 765943 992510 676500 454850 175868 884708 287110 836251 530283 590205 878660 526503 689189 359274 559675 363204 618737 571904 284513 48124 354003 420151 189461 932258 551521 669864 165148 867801 779560 595126 826630 491271 490725 289492 236323 535263 907197 766458 649216 724383 432968 300728 650005 229936 611547 887290 678533 448631 834121 1033504 851361 481234 877774 537872 851556 564554 367954 649905 977663 572205 629766 421235 584689 747032 772093 227996 868423 705681 418183 1011082 692507 429244 540359 307264 909027 345707 491521 154705 346558 74237 840687 860934 824945 755782 644302 106923 805915 1067093 917443 863557 437208 733482 748649 295180 837854 773036 926544 403072 348741 89014 126353 677157 753014 511236 736591 583894 911443 377933 705180 761449 754932 782640 821134 1035894 127776 594160 300172 645984 447761 669732 686733 190500 320929 156137 456135 930693 836473 1035806 53646 802999 442149 797357 882739 331246 204113 869357 394712 555428 583718 953832
 193885 151246 622108 746764 330143 496393 611759 921257 671804 850485 277680 355383 413540 402571 890492 729912 916733 211584 891888 790670 810114 436678 300147 1017395 1111435 506222 1 560747 698547 402160 611329 430037 288398 1097028 594937 43756 750334 718216 123605 956989 782002 605566 219356 627373 424710 679714 454370 143151 403329 1096909 459886 706743 186474 763671 958366 749385 825879 667482 774782 463253 442397 806704 273511 410655 618416 1128092 222359 630043 628045 557998 619199 377827 700397 226158 756196 439863 203361 450765 533254 520258 733279 433936 589012 644645 582654 224165 551726 986784 360647 613347 1058568 672122 791687 227271 479044 461553 1010896 327283 479958 343058 394092 279800 329049 549718 814308 1164523 321816 122818 546646 849321 742920 524951 1005261 542119 977929 567916 468379 511261 829154 828690 795913 794632 151589 277028 557786 542612 790040 463993 221935 779193 315691 279887 627931 321335 1175197 248190 843835 351625 746004 540052 980430 1076706 741951 358038 757130 400943 757949 924208 1007457 769729 810743 598228 764603 775260 1121351 420755 869023 446664 405418 592607 586185 261933 376429 20925 561414 731425 1119047 369783 808078 471256 325559 852512 869014 909634 386092 860502 322808 671617 492296 407538 924332 550400 413709 371811 708971 990032 957019 856257 554465 1007736 533680 881796 1132637 181657 660378 795571 178024 160110 728782 903941
 519022 464890 595793 394083 346371 99670 79438 404960 213890 407803 556848 434117 259801 286665 538615 480741 356750 416439 631192 239904 312681 471233 265434 466943 569486 506003 560747 1 606430 216772 199215 264246 445714 540796 536407 567486 222523 205066 455007 398270 501236 298034 588720 262581 254698 393519 132854 420231 481671 551243 312936 641593 391012 436735 482588 656792 331845 309121 537697 97495 446087 513350 489776 151056 430157 575906 503374 391281 70029 105508 462752 219254 185050 351685 218486 158654 485081 183481 235596 468514 379699 131262 378933 526788 45842 537507 372038 431239 559200 89136 505812 151802 323608 525925 270108 136845 460116 577985 246613 486014 166708 332169 394752 302795 269532 622479 440474 437940 453984 550402 354899 36473 448359 54129 420639 66997 142748 219627 485205 312437 239912 401777 496661 612390 351001 300400 364475 336920 339012 553777 467184 281082 67548 284721 628427 334699 407656 463746 409988 457714 421126 519644 323557 520417 196672 491627 300227 568873 461208 362567 410968 267515 248257 550450 584526 479537 420547 128507 189623 565009 449098 503924 494991 580338 297490 175863 559928 201941 250580 411055 558506 308207 336661 535056 510025 344121 288705 142804 74041 341972 382283 344631 205284 402680 233598 456594 400379 550696 504623 450467 64216 332910 582191 523452 457565 364791 389862 457136 172756 448217
