NAME : domp70p17v8
COMMENT : Cherkesly, Contardo & Gruson 2022
TYPE : DOMP
DIMENSION : 70
DISPLAY_DATA_TYPE : NO_DISPLAY
OPEN_FACILITIES : 17
COST_SECTION
 1 142714 1007792 853176 414326 310513 585724 671180 541367 595104 1110696 1029349 752819 324929 1145893 473590 545352 764234 790685 462560 561477 899247 986586 750849 626698 92113 1008945 879632 467118 696214 873972 990394 1206620 729303 992631 717923 435705 1157562 540540 421092 1060185 570231 670250 522955 106005 804513 955164 325726 1206955 657385 594871 1164352 974385 434292 790010 696654 258817 900014 673169 244078 972007 1080581 488537 1010290 1170680 628564 68414 663787 844579 637577
 142714 1 881093 713079 403451 171373 557985 601126 421632 454932 988008 913113 713048 202742 1021984 361481 404587 730973 652466 320066 552113 836122 864741 747273 485031 119825 870084 877564 360957 568974 837190 855032 1087096 670179 919313 699296 373429 1048287 398068 311864 942252 428355 527683 388883 58409 661809 868883 202685 1089042 520057 459366 1039392 897928 425453 668227 638822 158215 775955 558349 202517 838009 973767 345960 872227 1057718 522582 75270 655027 758112 558523
 1007792 881093 1 293177 807939 774039 737659 539111 468159 621582 119682 137016 688161 833139 145552 540902 513512 724873 627938 638232 810504 569000 67333 877055 576421 999174 230047 936661 554329 312194 730915 146670 227510 583927 518115 791822 666173 274540 590650 593445 129427 511304 519266 716718 938354 454656 408627 682410 238878 651909 686318 159697 489238 811905 223198 593796 751568 111951 350167 807201 123511 255799 591875 208666 249892 414178 950775 827983 406431 510827
 853176 713079 293177 1 779716 570038 773842 608317 381146 353247 408503 413918 789458 610794 424521 453315 308639 827113 334830 414538 835491 735650 332532 958437 305674 820927 160305 1048815 477142 245804 869697 178072 513887 681486 724523 871884 628234 564351 347868 495227 417852 288567 244729 455752 764607 161495 615251 541342 528309 368225 411905 429767 693091 791253 272437 676914 621853 267110 347504 705786 180911 530898 375381 167418 542781 413744 788013 886600 562784 557575
 414326 403451 807939 779716 1 496368 174532 318296 399058 695657 881101 776656 345586 567163 919943 331185 544331 352589 884574 555021 149667 514112 763256 344200 700110 481084 902214 474519 305360 545494 462857 851164 955967 347586 620474 303789 151647 869172 612236 301824 812315 580965 710807 683080 439941 813057 612241 336083 949246 775062 734763 942606 608948 22121 591475 315536 286899 697380 465820 201888 823624 788320 543828 894554 895055 396725 411221 253027 510867 314176
 310513 171373 774039 570038 496368 1 620215 606870 353362 284591 887990 827802 752356 80571 918829 319605 266597 777247 481170 158626 634026 840031 768867 825401 317256 256773 729975 953041 331895 470202 875093 726185 992128 686930 906044 763554 413627 973567 234849 286182 852924 281611 364247 219184 207881 499994 837518 180203 997261 348691 288511 933712 880684 517994 578310 659106 209488 677335 489482 305238 713296 904996 194662 734817 975988 474488 242184 731780 730495 553981
 585724 557985 737659 773842 174532 620215 1 201201 417396 769256 791257 679910 171469 697310 830202 371781 597780 178644 941338 641997 74826 349702 683403 210241 763242 646967 872154 333876 345541 528212 288744 808723 852147 194615 461156 143630 208761 748810 684282 366660 716241 633655 760182 778421 600908 840539 471089 443299 842058 848184 818926 854029 453921 157984 541225 167210 419132 633834 430153 357137 778515 669039 619234 860703 780514 361014 576390 120611 382494 228751
 671180 601126 539111 608317 318296 606870 201201 1 305704 679638 590057 478904 184690 687432 629005 296588 498509 221283 825617 577463 275736 235917 483173 352195 662211 710392 688606 441879 278203 366294 288060 619765 652533 85777 321488 265096 235482 554961 598487 320968 515233 530278 644667 714541 654463 700166 295435 430233 643248 753927 739003 652829 303641 312867 354652 69988 443706 438469 262110 427149 588742 474348 542863 675291 584028 203883 642048 290850 192648 59505
 541367 421632 468159 381146 399058 353362 417396 305704 1 373934 569335 491482 484514 429062 604597 76114 192883 518279 527925 280799 469273 516831 445275 620381 357720 541401 511981 730154 96920 162058 593735 472321 666284 391425 565525 538979 248121 628883 293297 126566 520810 225471 345875 414146 479956 424416 487929 219094 667669 448621 433878 623313 537981 411437 248643 372544 283684 358998 138565 343653 448715 556661 241413 507071 636537 125593 487355 536933 384612 246216
 595104 454932 621582 353247 695657 284591 769256 679638 373934 1 741253 714903 856889 291707 763837 399184 181335 889574 200309 146450 806511 883200 640162 978691 47676 536648 507305 1095606 424575 385450 967655 529837 849058 765353 915963 902134 568324 870191 85030 404491 730032 152420 108841 104069 491831 234919 822766 366382 860068 79623 67860 772790 886036 714449 487832 746109 438127 553042 461421 541453 527477 817493 152228 518121 859244 488284 526763 889593 733350 620149
 1110696 988008 119682 408503 881101 887990 791257 590057 569335 741253 1 114350 717268 949152 39048 638856 630317 751983 741960 755549 865729 571499 124287 908102 696023 1107007 318822 952437 649416 420578 740333 244839 107832 620129 499050 826097 746725 182450 709661 691732 79673 629549 638636 836279 1045819 569300 398615 787070 119999 770732 805893 62800 473981 882582 320699 635633 852579 212277 441410 900656 230382 196809 708882 297281 146130 498514 1055943 869878 428466 572259
 1029349 913113 137016 413918 776656 827802 679910 478904 491482 714903 114350 1 602921 894410 152202 555804 582175 637646 746482 707513 754587 459844 81489 793755 672616 1032879 367048 839114 563116 358411 627728 283328 180962 506230 394252 711854 647375 155413 671511 608264 36332 587752 619682 802910 971435 573759 289411 710518 178222 755172 781870 176482 367385 776931 249501 522394 770552 161862 356237 810175 258300 119667 660224 345681 148574 405499 977992 756216 314118 464707
 752819 713048 688161 789458 345586 752356 171469 184690 484514 856889 717268 602921 1 832077 754870 462831 676912 37904 1008884 745612 224708 194576 626002 190836 842233 809263 859386 259468 440375 549897 124311 785820 759975 108736 309932 111777 343365 640292 774049 475356 638245 709984 827407 883742 759897 884826 347940 572154 746283 932792 913793 779189 309925 329449 527731 114713 564499 598017 445598 517227 754209 564920 714850 844507 677988 388544 738675 170184 288806 242183
 324929 202742 833139 610794 567163 80571 697310 687432 429062 291707 949152 894410 832077 1 978574 399096 319938 856498 475348 198087 708046 920442 832351 900797 332244 252394 770992 1029162 412075 536001 955054 774760 1054633 767464 985491 840867 492032 1042535 264072 366681 918102 327517 386784 203736 219078 521782 915317 260133 1060873 341747 276540 992333 959850 589063 645520 739556 281493 740583 563155 370411 764385 975785 242390 777746 1042941 551859 260205 807125 809018 634414
 1145893 1021984 145552 424521 919943 918829 830202 629005 604597 763837 39048 152202 754870 978574 1 674889 659037 789361 755317 783782 904696 606371 160912 945680 717989 1140706 321561 988327 685984 453546 775711 253897 90907 658393 530658 864012 785093 196650 735547 727752 116627 656714 659650 860451 1079629 583785 432531 821643 109084 790113 827575 24320 506460 921511 356067 674207 888130 246133 478250 937670 243944 223893 737421 300549 154671 536311 1090493 908289 466088 611297
 473590 361481 540902 453315 331185 319605 371781 296588 76114 399184 638856 555804 462831 399096 674889 1 226158 493681 570373 282977 415727 523963 514570 580133 391481 480980 587411 696471 26910 237920 579284 548432 733230 380888 586459 502950 183575 687247 314677 52877 586626 262298 390331 421012 419793 483218 520094 160745 733370 477441 452620 694266 561116 345289 319153 357037 214773 430552 199585 268087 524730 612309 252663 582839 698156 162028 423044 492391 411738 239809
 545352 404587 513512 308639 544331 266597 597780 498509 192883 181335 630317 582175 676912 319938 659037 226158 1 710180 344480 125669 641052 703329 515862 805340 166340 512791 466801 919202 252730 228265 786565 459616 736553 584175 740891 726499 405183 734179 104333 243024 603386 36721 166574 235113 456020 278303 652192 246155 743765 255887 243346 672496 711602 561057 337946 565386 327348 424337 287153 422398 446874 672950 78628 470268 730450 307906 479646 718379 557902 439006
 764234 730973 724873 827113 352589 777247 178644 221283 518279 889574 751983 637646 37904 856498 789361 493681 710180 1 1043877 775876 220868 215879 662333 156979 875882 823911 897228 221720 470537 587087 110278 823508 792386 146639 330583 85404 365395 670453 806306 503681 672753 743642 862191 914034 776190 921379 377150 597219 778206 965957 945649 813679 333589 334890 565635 151360 585365 635495 482791 532596 791881 596183 746191 882304 709057 424880 753273 150692 323677 277956
 790685 652466 627938 334830 884574 481170 941338 825617 527925 200309 741960 746482 1008884 475348 755317 570373 344480 1043877 1 346020 985527 1004990 665596 1147455 184942 726613 449850 1257966 597065 482656 1110838 502199 845719 909461 1018081 1066829 749180 898578 275857 585860 752231 308104 182059 271644 685936 173359 914981 562636 861222 133815 198918 758083 986879 902297 562342 894873 636800 592238 578930 739623 511967 861192 343900 467156 877611 623458 722694 1061824 841258 766953
 462560 320066 638232 414538 555021 158626 641997 577463 280799 146450 755549 707513 745612 198087 783782 282977 125669 775876 346020 1 673101 796953 641529 852236 167320 415011 574834 973359 305358 351689 862132 576690 862001 662632 845241 779636 435917 858948 78004 275710 729008 129462 207718 138161 363695 342628 762729 221631 869371 223279 179902 796764 817096 574549 461872 639711 291732 550002 398595 395156 566404 796404 47295 580827 855888 405534 394376 761045 663165 519139
 561477 552113 810504 835491 149667 634026 74826 275736 469273 806511 865729 754587 224708 708046 904696 415727 641052 220868 985527 673101 1 413534 757067 195217 804351 630457 939315 325462 388871 590908 329028 877903 926972 266465 527134 158191 238197 823068 721592 402120 790918 677511 806044 806833 589565 893672 543218 463435 916849 886018 852260 928482 521991 128302 610582 240648 426596 705600 495813 349759 848044 743453 654747 928534 855099 425675 560759 103361 456773 300145
 899247 836122 569000 735650 514112 840031 349702 235917 516831 883200 571499 459844 194576 920442 606371 523963 703329 215879 1004990 796953 413534 1 502300 366268 858779 943456 770809 384314 508663 522927 170261 689798 595929 170245 115371 301203 465883 465648 807003 553922 492131 730830 830710 930932 888626 858653 175271 665222 579497 952272 946663 630327 118416 501795 463278 203076 679205 500431 427164 655818 658350 396775 758227 752901 507294 395470 874308 364101 173516 286059
 986586 864741 67333 332532 763256 768867 683403 483173 445275 640162 124287 81489 626002 832351 160912 514570 515862 662333 665596 641529 757067 502300 1 815752 596871 983962 291876 872196 525231 299283 665219 207238 223555 523295 450932 731218 625814 233781 600924 567446 89884 518445 542569 730780 922687 492674 341307 663378 228556 677564 706569 181687 421960 765839 196750 534887 728361 91770 317365 776765 180143 200225 594427 271018 219094 375881 932204 769707 341701 459237
 750849 747273 877055 958437 344200 825401 210241 352195 620381 978691 908102 793755 190836 900797 945680 580133 805340 156979 1147455 852236 195217 366268 815752 1 971362 823212 1040085 130324 554289 713850 216432 969298 949352 293298 477876 87131 418028 826587 893804 576858 829054 840790 965662 988559 783949 1038836 533039 651004 935090 1057373 1029030 969999 484656 322422 706309 287371 619860 783793 610946 544970 937929 752901 829179 1026245 865660 546550 754066 93672 479638 400870
 626698 485031 576421 305674 700110 317256 763242 662211 357720 47676 696023 672616 842233 332244 717989 391481 166340 875882 184942 167320 804351 858779 596871 971362 1 572456 459680 1085539 417730 351506 950059 482501 803761 747560 886599 892813 566911 828019 92234 402988 686748 132254 61166 151441 525127 190308 790878 378425 815151 93557 109954 726565 856286 718076 450482 729937 454021 510873 433545 556170 480591 777117 159313 470446 815932 466032 558294 883846 704740 602773
 92113 119825 999174 820927 481084 256773 646967 710392 541401 536648 1107007 1032879 809263 252394 1140706 480980 512791 823911 726613 415011 630457 943456 983962 823212 572456 1 979590 953037 479637 687330 932356 968520 1206546 775279 1030721 784023 477723 1168001 491620 430846 1061906 533109 620934 455523 61446 756746 984324 322507 1208659 592802 528289 1157844 1010382 502169 787598 743219 273231 894828 678166 292095 952603 1093282 447598 982837 1177542 641647 70640 733695 873407 670881
 1008945 870084 230047 160305 902214 729975 872154 688606 511981 507305 318822 367048 859386 770992 321561 587411 466801 897228 449850 574834 939315 770809 291876 1040085 459680 979590 1 1116852 608775 356776 922117 84733 411859 750915 735510 952992 751174 496620 507683 633843 356901 448372 398579 611003 922585 288827 624258 691898 430634 511527 561771 318967 705266 911322 333955 752906 771041 270378 443804 849234 114152 485632 535331 21729 464443 514345 944672 977358 599248 645837
 879632 877564 936661 1048815 474519 953041 333876 441879 730154 1095606 952437 839114 259468 1029162 988327 696471 919202 221720 1257966 973359 325462 384314 872196 130324 1085539 953037 1116852 1 671436 808155 214141 1041663 980234 367979 481855 193801 542612 848506 1011143 697679 872771 953858 1075913 1110602 914203 1140689 559517 777071 963653 1173509 1148240 1012471 496560 452723 786590 372366 748772 852353 703920 675215 1009940 781053 948004 1101426 891026 644304 884070 223038 530496 496812
 467118 360957 554329 477142 305360 331895 345541 278203 96920 424575 649416 563116 440375 412075 685984 26910 252730 470537 597065 305358 388871 508663 525231 554289 417730 479637 608775 671436 1 256298 558124 567508 741824 361431 575244 477768 156940 690923 339858 49553 594769 288965 417174 443518 418897 509817 513079 164557 741153 503096 477027 705868 550734 319100 331507 336477 209217 443200 208193 252888 543072 614802 276825 603608 703567 162326 419398 466133 403558 223005
 696214 568974 312194 245804 545494 470202 528212 366294 162058 385450 420578 358411 549897 536001 453546 237920 228265 587087 482656 351689 590908 522927 299283 713850 351506 687330 356776 808155 256298 1 639262 311255 522833 443690 538186 627682 394401 507769 325953 288484 382751 240905 313518 459467 626374 338726 439765 370552 527278 443694 453023 470515 507377 554925 110254 435860 441733 208427 104301 505707 286898 444850 304529 349758 506943 168003 638624 640869 359008 313262
 873972 837190 730915 869697 462857 875093 288744 288060 593735 967655 740333 627728 124311 955054 775711 579284 786565 110278 1110838 862132 329028 170261 665219 216432 950059 932356 922117 214141 558124 639262 1 843796 766119 202505 270671 178801 467559 634662 886195 595474 660761 818251 930896 999940 883633 977768 345528 694950 749514 1041946 1026602 799763 283273 445145 599827 222541 688765 653437 536368 640536 812066 566926 829325 905418 676957 487400 861727 247269 325392 347564
 990394 855032 146670 178072 851164 726185 808723 619765 472321 529837 244839 283328 785820 774760 253897 548432 459616 823508 502199 576690 877903 689798 207238 969298 482501 968520 84733 1041663 567508 311255 843796 1 344728 677938 651648 882434 701836 417599 516515 597725 275135 447381 421933 631188 909704 332199 540515 667497 361533 546088 589682 255885 621572 858712 267501 681975 743989 190367 386501 815033 31758 402444 533687 64409 388140 456919 928364 910163 519476 580520
 1206620 1087096 227510 513887 955967 992128 852147 652533 666284 849058 107832 180962 759975 1054633 90907 733230 736553 792386 845719 862001 926972 595929 223555 949352 803761 1206546 411859 980234 741824 522833 766119 344728 1 670666 507307 871128 828233 142332 817155 785966 147318 736626 746197 944067 1145191 673816 420882 885133 23345 877863 913602 94420 486968 955557 418978 690173 947882 314810 533928 990374 333907 199218 815173 391008 95402 585832 1153638 920484 475086 642740
 729303 670179 583927 681486 347586 686930 194615 85777 391425 765353 620129 506230 108736 767464 658393 380888 584175 146639 909461 662632 266465 170245 523295 293298 747560 775279 750915 367979 361431 443690 202505 677938 670666 1 272897 207963 297666 559577 684263 402308 542165 615752 728994 799929 721468 780446 276777 508471 658718 839457 824778 682636 262113 337047 418999 32858 514813 491014 339572 486248 646391 481100 628458 736209 593808 286256 705721 250277 195633 145215
 992631 919313 518115 724523 620474 906044 461156 321488 565525 915963 499050 394252 309932 985491 530658 586459 740891 330583 1018081 845241 527134 115371 450932 477876 886599 1030721 735510 481855 575244 538186 270671 651648 507307 272897 1 415986 556930 370102 845180 623209 422303 764459 851635 974227 973850 861410 111362 737610 488803 979818 981820 553721 31485 609603 458695 305163 761155 469556 454678 748568 621370 310210 803281 715988 414568 440022 962919 479414 182990 360860
 717923 699296 791822 871884 303789 763554 143630 265096 538979 902134 826097 711854 111777 840867 864012 502950 726499 85404 1066829 779636 158191 301203 731218 87131 892813 784023 952992 193801 477768 627682 178801 882434 871128 207963 415986 1 350883 752068 817569 504002 747462 761463 884813 916996 740323 954667 459593 585927 857683 980234 954465 888313 418659 283636 619191 200461 562656 697412 524471 497318 851105 676574 754236 939209 789667 460807 713772 68567 398205 314469
 435705 373429 666173 628234 151647 413627 208761 235482 248121 568324 746725 647375 343365 492032 785093 183575 405183 365395 749180 435917 238197 465883 625814 418028 566911 477723 751174 542612 156940 394401 467559 701836 828233 297666 556930 350883 1 753925 483428 164085 682075 441848 571283 571114 423887 666755 523849 235079 823641 647848 614521 806982 538894 163317 446089 265843 221325 554582 318905 191670 674898 673768 416564 743898 775073 252053 408427 325766 414749 206042
 1157562 1048287 274540 564351 869172 973567 748810 554961 628883 870191 182450 155413 640292 1042535 196650 687247 734179 670453 898578 858948 823068 465648 233781 826587 828019 1168001 496620 848506 690923 507769 634662 417599 142332 559577 370102 752068 753925 1 825509 738398 146529 741308 775019 957424 1106682 725359 293572 845945 121308 910428 937226 213838 352235 866056 397577 582732 900131 317191 490591 929039 397503 80852 811674 474898 46965 529009 1109966 805813 366320 555885
 540540 398068 590650 347868 612236 234849 684282 598487 293297 85030 709661 671511 774049 264072 735547 314677 104333 806306 275857 78004 721592 807003 600924 893804 92234 491620 507683 1011143 339858 325953 886195 516515 817155 684263 845180 817569 483428 825509 1 319519 690041 85124 129842 133518 441242 265221 755792 286784 826193 164427 140585 746860 815836 630746 433460 664132 361826 510799 391146 464139 509121 767722 68539 515231 818583 411545 472330 804591 662193 539106
 421092 311864 593445 495227 301824 286182 366660 320968 126566 404491 691732 608264 475356 366681 727752 52877 243024 503681 585860 275710 402120 553922 567446 576858 402988 430846 633843 697679 49553 288484 595474 597725 785966 402308 623209 504002 164085 738398 319519 1 639271 279737 409593 413024 369938 512399 562432 115226 785962 483941 452346 747093 599096 318141 371957 375742 162349 483283 252155 217394 574721 662824 253164 630130 750054 210802 371568 486303 452722 267866
 1060185 942252 129427 417852 812315 852924 716241 515233 520810 730032 79673 36332 638245 918102 116627 586626 603386 672753 752231 729008 790918 492131 89884 829054 686748 1061906 356901 872771 594769 382751 660761 275135 147318 542165 422303 747462 682075 146529 690041 639271 1 607119 632298 820315 1000486 578956 319937 739885 146884 767138 796452 140946 396413 812770 275659 558564 801379 179409 387124 843057 252937 131005 681794 335248 129214 438536 1007955 792239 349470 500732
 570231 428355 511304 288567 580965 281611 633655 530278 225471 152420 629549 587752 709984 327517 656714 262298 36721 743642 308104 129462 677511 730830 518445 840790 132254 533109 448372 953858 288965 240905 818251 447381 736626 615752 764459 761463 441848 741308 85124 279737 607119 1 129877 218621 477873 244798 673051 278973 744929 223750 217374 669038 734749 597743 348381 597794 359691 427718 309785 456337 436951 682823 87042 453330 735277 336197 503618 754227 581639 470803
 670250 527683 519266 244729 710807 364247 760182 644667 345875 108841 638636 619682 827407 386784 659650 390331 166574 862191 182059 207718 806044 830710 542569 965662 61166 620934 398579 1075913 417174 313518 930896 421933 746197 728994 851635 884813 571283 775019 129842 409593 632298 129877 1 212437 571050 135972 752681 402006 758143 135843 168294 667651 820876 727620 405985 713653 480898 458536 403551 580562 420773 726808 187004 409281 761283 443711 602091 880540 671501 585755
 522955 388883 716718 455752 683080 219184 778421 714541 414146 104069 836279 802910 883742 203736 860451 421012 235113 914034 271644 138161 806833 930932 730780 988559 151441 455523 611003 1110602 443518 459467 999940 631188 944067 799929 974227 916996 571114 957424 133518 413024 820315 218621 212437 1 417294 337734 887136 347005 954070 138271 72814 870430 945330 703388 566814 777444 406395 641569 521874 509149 627381 900714 172742 621464 949238 536813 455779 896811 791368 655888
 106005 58409 938354 764607 439941 207881 600908 654463 479956 491831 1045819 971435 759897 219078 1079629 419793 456020 776190 685936 363695 589565 888626 922687 783949 525127 61446 922585 914203 418897 626374 883633 909704 1145191 721468 973850 740323 423887 1106682 441242 369938 1000486 477873 571050 417294 1 706313 925361 261072 1147250 552399 489416 1096877 952969 461577 726266 689730 213975 833683 616755 243817 893291 1032098 393511 925328 1116113 580718 43159 692903 814501 613391
 804513 661809 454656 161495 813057 499994 840539 700166 424416 234919 569300 573759 884826 521782 583785 483218 278303 921379 173359 342628 893672 858653 492674 1038836 190308 756746 288827 1140689 509817 338726 977768 332199 673816 780446 861410 954667 666755 725359 265221 512399 578956 244798 135972 337734 706313 1 755266 523752 688846 224309 279556 587572 829971 828060 402728 770152 604468 421584 441512 700683 339922 689331 317402 303726 704266 496569 736559 958897 689784 643946
 955164 868883 408627 615251 612241 837518 471089 295435 487929 822766 398615 289411 347940 915317 432531 520094 652192 377150 914981 762729 543218 175271 341307 533039 790878 984324 624258 559517 513079 439765 345528 540515 420882 276777 111362 459593 523849 293572 755792 562432 319937 673051 752681 887136 925361 755266 1 677621 404853 883399 889590 456295 81072 605035 353099 304311 711398 358323 365329 713335 510136 221940 718898 604819 333541 363532 918963 515675 110933 318269
 325726 202685 682410 541342 336083 180203 443299 430233 219094 366382 787070 710518 572154 260133 821643 160745 246155 597219 562636 221631 463435 665222 663378 651004 378425 322507 691898 777071 164557 370552 694950 667497 885133 508471 737610 585927 235079 845945 286784 115226 739885 278973 402006 347005 261072 523752 677621 1 886731 444547 400107 839637 713866 356408 466651 479990 81424 575522 355724 178598 647915 771970 219155 691408 855043 322766 268878 557804 567946 379844
 1206955 1089042 238878 528309 949246 997261 842058 643248 667669 860068 119999 178222 746283 1060873 109084 733370 743765 778206 861222 869371 916849 579497 228556 935090 815151 1208659 430634 963653 741153 527278 749514 361533 23345 658718 488803 857683 823641 121308 826193 785962 146884 744929 758143 954070 1147250 688846 404853 886731 1 890582 925079 115498 469196 948319 421731 679010 948139 320305 533811 988342 349272 182924 822384 409586 74791 583669 1154838 908067 463102 635451
 657385 520057 651909 368225 775062 348691 848184 753927 448621 79623 770732 755172 932792 341747 790113 477441 255887 965957 133815 223279 886018 952272 677564 1057373 93557 592802 511527 1173509 503096 443694 1041946 546088 877863 839457 979818 980234 647848 910428 164427 483941 767138 223750 135843 138271 552399 224309 883399 444547 890582 1 66189 796839 949428 793937 540218 821162 514580 594242 527073 618158 548300 862650 231846 525109 895914 559098 589543 968608 798129 694435
 594871 459366 686318 411905 734763 288511 818926 739003 433878 67860 805893 781870 913793 276540 827575 452620 243346 945649 198918 179902 852260 946663 706569 1029030 109954 528289 561771 1148240 477027 453023 1026602 589682 913602 824778 981820 954465 614521 937226 140585 452346 796452 217374 168294 72814 489416 279556 889590 400107 925079 66189 1 835840 952066 754389 555691 804406 465497 620036 527143 569043 589043 885102 200244 573937 925656 551251 527411 938640 799013 679647
 1164352 1039392 159697 429767 942606 933712 854029 652829 623313 772790 62800 176482 779189 992333 24320 694266 672496 813679 758083 796764 928482 630327 181687 969999 726565 1157844 318967 1012471 705868 470515 799763 255885 94420 682636 553721 888313 806982 213838 746860 747093 140946 669038 667651 870430 1096877 587572 456295 839637 115498 796839 835840 1 529801 944376 375154 698346 906976 264353 498517 957935 248871 245882 750669 298451 169980 557546 1108382 932494 490405 634587
 974385 897928 489238 693091 608948 880684 453921 303641 537981 886036 473981 367385 309925 959850 506460 561116 711602 333589 986879 817096 521991 118416 421960 484656 856286 1010382 705266 496560 550734 507377 283273 621572 486968 262113 31485 418659 538894 352235 815836 599096 396413 734749 820876 945330 952969 829971 81072 713866 469196 949428 952066 529801 1 599020 427250 293559 739714 438696 424991 730514 591158 288474 774772 685866 395594 412391 943088 480102 154028 339584
 434292 425453 811905 791253 22121 517994 157984 312867 411437 714449 882582 776931 329449 589063 921511 345289 561057 334890 902297 574549 128302 501795 765839 322422 718076 502169 911322 452723 319100 554925 445145 858712 955557 337047 609603 283636 163317 866056 630746 318141 812770 597743 727620 703388 461577 828060 605035 356408 948319 793937 754389 944376 599020 1 597238 305490 308572 701900 472591 223994 830788 785228 562439 903207 892908 402857 432460 231619 505452 312880
 790010 668227 223198 272437 591475 578310 541225 354652 248643 487832 320699 249501 527731 645520 356067 319153 337946 565635 562342 461872 610582 463278 196750 706309 450482 787598 333955 786590 331507 110254 599827 267501 418978 418999 458695 619191 446089 397577 433460 371957 275659 348381 405985 566814 726266 402728 353099 466651 421731 540218 555691 375154 427250 597238 1 419404 532067 111699 127668 584259 237463 335036 414674 320885 397736 194796 735459 643853 290784 313192
 696654 638822 593796 676914 315536 659106 167210 69988 372544 746109 635633 522394 114713 739556 674207 357037 565386 151360 894873 639711 240648 203076 534887 287371 729937 743219 752906 372366 336477 435860 222541 681975 690173 32858 305163 200461 265843 582732 664132 375742 558564 597794 713653 777444 689730 770152 304311 479990 679010 821162 804406 698346 293559 305490 419404 1 484041 497360 331589 453772 650646 503464 606806 738919 615625 273833 673547 234926 216754 127922
 258817 158215 751568 621853 286899 209488 419132 443706 283684 438127 852579 770552 564499 281493 888130 214773 327348 585365 636800 291732 426596 679205 728361 619860 454021 273231 771041 748772 209217 441733 688765 743989 947882 514813 761155 562656 221325 900131 361826 162349 801379 359691 480898 406395 213975 604468 711398 81424 948139 514580 465497 906976 739714 308572 532067 484041 1 642679 414355 103651 723372 823944 295711 769947 912320 371423 210535 526224 600529 400332
 900014 775955 111951 267110 697380 677335 633834 438469 358998 553042 212277 161862 598017 740583 246133 430552 424337 635495 592238 550002 705600 500431 91770 783793 510873 894828 270378 852353 443200 208427 653437 190367 314810 491014 469556 697412 554582 317191 510799 483283 179409 427718 458536 641569 833683 421584 358323 575522 320305 594242 620036 264353 438696 701900 111699 497360 642679 1 238237 695954 158656 269881 502856 252643 307798 302531 844364 729151 329263 405470
 673169 558349 350167 347504 465820 489482 430153 262110 138565 461421 441410 356237 445598 563155 478250 199585 287153 482791 578930 398595 495813 427164 317365 610946 433545 678166 443804 703920 208193 104301 536368 386501 533928 339572 454678 524471 318905 490591 391146 252155 387124 309785 403551 521874 616755 441512 365329 355724 533811 527073 527143 498517 424991 472591 127668 331589 414355 238237 1 459442 358242 418100 354010 433758 499436 70657 622019 540077 271934 210077
 244078 202517 807201 705786 201888 305238 357137 427149 343653 541453 900656 810175 517227 370411 937670 268087 422398 532596 739623 395156 349759 655818 776765 544970 556170 292095 849234 675215 252888 505707 640536 815033 990374 486248 748568 497318 191670 929039 464139 217394 843057 456337 580562 509149 243817 700683 713335 178598 988342 618158 569043 957935 730514 223994 584259 453772 103651 695954 459442 1 792113 850264 397201 846292 946014 404677 221584 452548 603262 395118
 972007 838009 123511 180911 823624 713296 778515 588742 448715 527477 230382 258300 754209 764385 243944 524730 446874 791881 511967 566404 848044 658350 180143 937929 480591 952603 114152 1009940 543072 286898 812066 31758 333907 646391 621370 851105 674898 397503 509121 574721 252937 436951 420773 627381 893291 339922 510136 647915 349272 548300 589043 248871 591158 830788 237463 650646 723372 158656 358242 792113 1 377894 522395 94888 370479 428412 910796 879282 487830 550111
 1080581 973767 255799 530898 788320 904996 669039 474348 556661 817493 196809 119667 564920 975785 223893 612309 672950 596183 861192 796404 743453 396775 200225 752901 777117 1093282 485632 781053 614802 444850 566926 402444 199218 481100 310210 676574 673768 80852 767722 662824 131005 682823 726808 900714 1032098 689331 221940 771970 182924 862650 885102 245882 288474 785228 335036 503464 823944 269881 418100 850264 377894 1 749317 464123 113133 452522 1034186 728746 286754 475095
 488537 345960 591875 375381 543828 194662 619234 542863 241413 152228 708882 660224 714850 242390 737421 252663 78628 746191 343900 47295 654747 758227 594427 829179 159313 447598 535331 948004 276825 304529 829325 533687 815173 628458 803281 754236 416564 811674 68539 253164 681794 87042 187004 172742 393511 317402 718898 219155 822384 231846 200244 750669 774772 562439 414674 606806 295711 502856 354010 397201 522395 749317 1 540372 808610 364605 421124 739236 620747 483934
 1010290 872227 208666 167418 894554 734817 860703 675291 507071 518121 297281 345681 844507 777746 300549 582839 470268 882304 467156 580827 928534 752901 271018 1026245 470446 982837 21729 1101426 603608 349758 905418 64409 391008 736209 715988 939209 743898 474898 515231 630130 335248 453330 409281 621464 925328 303726 604819 691408 409586 525109 573937 298451 685866 903207 320885 738919 769947 252643 433758 846292 94888 464123 540372 1 442818 504405 946552 964725 581862 633640
 1170680 1057718 249892 542781 895055 975988 780514 584028 636537 859244 146130 148574 677988 1042941 154671 698156 730450 709057 877611 855888 855099 507294 219094 865660 815932 1177542 464443 891026 703567 506943 676957 388140 95402 593808 414568 789667 775073 46965 818583 750054 129214 735277 761283 949238 1116113 704266 333541 855043 74791 895914 925656 169980 395594 892908 397736 615625 912320 307798 499436 946014 370479 113133 808610 442818 1 542943 1121165 841818 398894 580939
 628564 522582 414178 413744 396725 474488 361014 203883 125593 488284 498514 405499 388544 551859 536311 162028 307906 424880 623458 405534 425675 395470 375881 546550 466032 641647 514345 644304 162326 168003 487400 456919 585832 286256 440022 460807 252053 529009 411545 210802 438536 336197 443711 536813 580718 496569 363532 322766 583669 559098 551251 557546 412391 402857 194796 273833 371423 302531 70657 404677 428412 452522 364605 504405 542943 1 581718 472872 259081 147503
 68414 75270 950775 788013 411221 242184 576390 642048 487355 526763 1055943 977992 738675 260205 1090493 423044 479646 753273 722694 394376 560759 874308 932204 754066 558294 70640 944672 884070 419398 638624 861727 928364 1153638 705721 962919 713772 408427 1109966 472330 371568 1007955 503618 602091 455779 43159 736559 918963 268878 1154838 589543 527411 1108382 943088 432460 735459 673547 210535 844364 622019 221584 910796 1034186 421124 946552 1121165 581718 1 664072 808040 603926
 663787 655027 827983 886600 253027 731780 120611 290850 536933 889593 869878 756216 170184 807125 908289 492391 718379 150692 1061824 761045 103361 364101 769707 93672 883846 733695 977358 223038 466133 640869 247269 910163 920484 250277 479414 68567 325766 805813 804591 486303 792239 754227 880540 896811 692903 958897 515675 557804 908067 968608 938640 932494 480102 231619 643853 234926 526224 729151 540077 452548 879282 728746 739236 964725 841818 472872 664072 1 445461 331885
 844579 758112 406431 562784 510867 730495 382494 192648 384612 733350 428466 314118 288806 809018 466088 411738 557902 323677 841258 663165 456773 173516 341701 479638 704740 873407 599248 530496 403558 359008 325392 519476 475086 195633 182990 398205 414749 366320 662193 452722 349470 581639 671501 791368 814501 689784 110933 567946 463102 798129 799013 490405 154028 505452 290784 216754 600529 329263 271934 603262 487830 286754 620747 581862 398894 259081 808040 445461 1 208724
 637577 558523 510827 557575 314176 553981 228751 59505 246216 620149 572259 464707 242183 634414 611297 239809 439006 277956 766953 519139 300145 286059 459237 400870 602773 670881 645837 496812 223005 313262 347564 580520 642740 145215 360860 314469 206042 555885 539106 267866 500732 470803 585755 655888 613391 643946 318269 379844 635451 694435 679647 634587 339584 312880 313192 127922 400332 405470 210077 395118 550111 475095 483934 633640 580939 147503 603926 331885 208724 1
LAMBDA_SECTION
1 499
2 148
3 567
4 376
5 74
6 621
7 43
8 140
9 639
10 727
11 888
12 840
13 713
14 194
15 112
16 101
17 135
18 892
19 105
20 901
21 8
22 739
23 997
24 723
25 743
26 929
27 231
28 667
29 61
30 828
31 715
32 460
33 69
34 900
35 111
36 630
37 17
38 570
39 532
40 886
41 718
42 562
43 378
44 199
45 552
46 86
47 668
48 683
49 508
50 763
51 699
52 248
53 860
54 738
55 1000
56 667
57 564
58 114
59 424
60 874
61 580
62 993
63 558
64 731
65 326
66 58
67 1
68 704
69 759
70 608
