NAME : domp40p10v3
COMMENT : Cherkesly, Contardo & Gruson 2022
TYPE : DOMP
DIMENSION : 40
DISPLAY_DATA_TYPE : NO_DISPLAY
OPEN_FACILITIES : 10
COST_SECTION
 1 459807 564863 670700 266493 595640 255460 468501 559555 510523 54306 411664 300796 434762 279484 322301 460162 445165 450886 446652 500633 444106 444254 568511 206028 711222 255000 328103 252132 695336 487339 478691 623671 345876 178967 315772 335397 301152 115763 197223
 459807 1 221912 229507 709749 274991 206132 838463 733564 940270 409514 775157 304664 877834 738836 236665 701640 607297 418083 756971 843158 600975 901566 736744 612604 866574 205135 584140 593089 760783 721318 761614 829773 768403 283189 773801 744405 666492 428964 390481
 564863 221912 1 172967 770242 53288 330483 832935 941018 971916 526426 938816 505314 927084 835175 247884 895854 531466 304827 726988 820865 524100 973806 945148 752969 749133 347892 559262 755765 616131 917828 716863 739103 905010 394536 853052 773739 679383 490462 563231
 670700 229507 172967 1 902452 201959 416701 990855 951012 1118123 624365 1004460 531338 1065734 949368 382748 927379 701973 477141 890600 983283 694686 1101990 953255 837561 921604 423589 719752 822039 785595 946011 883621 911775 993193 491895 976770 919261 829883 617410 619764
 266493 709749 770242 902452 1 788607 504212 254814 710692 244896 320653 449520 562153 169362 139959 524261 592060 434871 561860 302847 308167 438294 204588 721182 293492 629753 510569 303573 385861 677290 617512 351002 522255 317371 428136 101284 109141 167797 285130 446258
 595640 274991 53288 201959 788607 1 371016 835169 989976 981755 560207 978266 554116 941375 860819 274043 941963 520510 291313 724481 819127 513032 993005 994319 788612 723431 390475 561023 795917 584151 964384 710767 720739 938847 430578 874774 784936 688022 513987 606760
 255460 206132 330483 416701 504212 371016 1 648700 639096 737728 207703 608334 218815 672800 534940 138690 577581 472211 347631 581361 660864 467341 695517 644908 425828 749078 28794 414709 425368 675919 601407 594436 691514 580193 77178 567916 544299 473529 227476 238038
 468501 838463 832935 990855 254814 835169 648700 1 964474 192918 516253 700568 766545 225684 383808 613838 846500 349452 556809 128600 63226 356137 330241 974885 546548 433184 664536 274186 637577 530063 872112 170407 322554 563580 583194 320302 147264 175951 426011 664826
 559555 733564 941018 951012 710692 989976 639096 964474 1 913351 543992 317318 435862 821010 600325 774589 121458 1004052 967215 983116 1013376 1002656 755695 10830 417975 1269825 613191 886627 328704 1251110 100352 1022589 1178413 447725 612969 672384 817241 829701 668899 411542
 510523 940270 971916 1118123 244896 981755 737728 192918 913351 1 564375 616184 806988 92365 314355 735376 791941 530841 719574 318360 250301 536923 179097 924145 512020 621342 747174 431951 604832 722969 814866 362872 512002 474810 663823 242534 198885 293880 511358 690028
 54306 409514 526426 624365 320653 560207 207703 516253 543992 564375 1 428653 250474 489053 329504 290250 452523 462324 440435 486006 545282 460425 497441 552340 229527 734821 204385 354535 256505 707148 479299 514822 652277 378774 133550 368897 386625 345424 126408 156931
 411664 775157 938816 1004460 449520 978266 608334 700568 317318 616184 428653 1 486571 525384 317320 716142 202624 828047 862549 748092 756876 828831 448014 327918 206808 1064757 592144 696316 183537 1082379 217835 793896 962038 141508 549192 385500 558337 599534 525112 384699
 300796 304664 505314 531338 562153 554116 218815 766545 435862 806988 250474 486571 1 726119 536088 357279 396977 665550 565675 729229 793766 661795 716613 440248 361470 944851 190309 581349 313518 886499 416851 753279 875078 509433 225189 591187 636176 594347 354700 124841
 434762 877834 927084 1065734 169362 941375 672800 225684 821010 92365 489053 525384 726119 1 222174 684514 699611 526605 693893 334285 288749 531831 105204 831802 420908 657208 679737 411997 513403 741240 722602 383196 546160 383884 597085 150598 163148 265267 450563 606748
 279484 738836 835175 949368 139959 860819 534940 383808 600325 314355 329504 317320 536088 222174 1 587779 479190 564704 664612 442624 441453 567393 182167 611077 201413 769543 533732 430753 292472 812162 502905 490941 662212 180016 458287 72102 245031 305114 347234 411850
 322301 236665 247884 382748 524261 274043 138690 613838 774589 735376 290250 716142 357279 684514 587779 1 706953 372449 212643 524030 612850 366400 726948 780769 519777 639197 166985 350610 537414 550124 731702 526096 595353 667140 169474 605328 536514 448313 242620 366925
 460162 701640 895854 927379 592060 941963 577581 846500 121458 791941 452523 202624 396977 699611 479190 706953 1 904858 887784 870276 896729 904012 634657 132272 301228 1164895 554302 782867 216227 1155449 27248 911222 1070442 327451 539484 551204 699465 716874 573497 340387
 445165 607297 531466 701973 434871 520510 472211 349452 1004052 530841 462324 828047 665550 526605 564704 372449 904858 1 229242 222990 315713 7517 613369 1012791 626457 279326 498236 134449 692758 254378 932082 196343 222914 721215 440884 535905 367616 271245 336032 612165
 450886 418083 304827 477141 561860 291313 347631 556809 967215 719574 440435 862549 565675 693893 664612 212643 887784 229242 1 439231 534195 221754 762582 974273 656478 453723 376417 287848 696709 343518 913863 421509 434776 785704 355003 659023 531292 429543 338979 555708
 446652 756971 726988 890600 302847 724481 581361 128600 983116 318360 486006 748092 729229 334285 442624 524030 870276 222990 439231 1 94975 229943 433572 993053 570289 330780 601204 173426 654924 407742 896963 50064 221005 619678 524885 391594 201344 153464 375213 642033
 500633 843158 820865 983283 308167 819127 660864 63226 1013376 250301 545282 756876 793766 288749 441453 612850 896729 315713 534195 94975 1 322860 393428 1023658 595702 371907 678870 263835 685157 475888 922718 123381 261913 621468 599712 380155 199033 199875 444960 697856
 444106 600975 524100 694686 438294 513032 467341 356137 1002656 536923 460425 828831 661795 531831 567393 366400 904012 7517 221754 229943 322860 1 618000 1011347 626773 283287 493511 136750 692318 253900 931225 203725 228981 722894 436961 539417 372391 275395 334256 609621
 444254 901566 973806 1101990 204588 993005 695517 330241 755695 179097 497441 448014 716613 105204 182167 726948 634657 613369 762582 433572 393428 618000 1 766522 380272 759966 698188 490712 467854 837761 655713 483202 648864 308990 618387 128546 245966 343899 485483 592959
 568511 736744 945148 953255 721182 994319 644908 974885 10830 924145 552340 327918 440248 831802 611077 780769 132272 1012791 974273 993053 1023658 1011347 766522 1 428358 1279019 618823 895788 338841 1259487 111133 1032389 1187891 458533 619798 683141 827643 839657 677456 418566
 206028 612604 752969 837561 293492 788612 425828 546548 417975 512020 229527 206808 361470 420908 201413 519777 301228 626457 656478 570289 595702 626773 380272 428358 1 873666 414774 497243 93366 880672 327503 612506 775274 155809 358499 270726 399294 417263 318417 238554
 711222 866574 749133 921604 629753 723431 749078 433184 1269825 621342 734821 1064757 944851 657208 769543 639197 1164895 279326 453723 330780 371907 283287 759966 1279019 873666 1 775757 383265 949346 165055 1192099 280893 111103 942948 720195 721805 531906 466913 608775 887936
 255000 205135 347892 423589 510569 390475 28794 664536 613191 747174 204385 592144 190309 679737 533732 166985 554302 498236 376417 601204 678870 493511 698188 618823 414774 775757 1 436579 408699 704244 577737 615892 716576 570061 83421 570010 555856 488814 240106 216388
 328103 584140 559262 719752 303573 561023 414709 274186 886627 431951 354535 696316 581349 411997 430753 350610 782867 134449 287848 173426 263835 136750 490712 895788 497243 383265 436579 1 568244 386961 810107 179893 297819 587108 365240 404857 249037 147436 230694 510245
 252132 593089 755765 822039 385861 795917 425368 637577 328704 604832 256505 183537 313518 513403 292472 537414 216227 692758 696709 654924 685157 692318 467854 338841 93366 949346 408699 568244 1 945252 243275 695291 854265 202148 368809 362916 490375 501461 367771 203010
 695336 760783 616131 785595 677290 584151 675919 530063 1251110 722969 707148 1082379 886499 741240 812162 550124 1155449 254378 343518 407742 475888 253900 837761 1259487 880672 165055 704244 386961 945252 1 1182601 360617 232149 973705 663095 776446 594964 509619 582640 850068
 487339 721318 917828 946011 617512 964384 601407 872112 100352 814866 479299 217835 416851 722602 502905 731702 27248 932082 913863 896963 922718 931225 655713 111133 327503 1192099 577737 810107 243275 1182601 1 938070 1097531 347461 564706 574804 725183 743594 600558 364859
 478691 761614 716863 883621 351002 710767 594436 170407 1022589 362872 514822 793896 753279 383196 490941 526096 911222 196343 421509 50064 123381 203725 483202 1032389 612506 280893 615892 179893 695291 360617 938070 1 171580 667062 542633 441112 251036 195556 398652 671648
 623671 829773 739103 911775 522255 720739 691514 322554 1178413 512002 652277 962038 875078 546160 662212 595353 1070442 222914 434776 221005 261913 228981 648864 1187891 775274 111103 716576 297819 854265 232149 1097531 171580 1 837403 653522 612580 422347 362553 528294 808042
 345876 768403 905010 993193 317371 938847 580193 563580 447725 474810 378774 141508 509433 383884 180016 667140 327451 721215 785704 619678 621468 722894 308990 458533 155809 942948 570061 587108 202148 973705 347461 667062 837403 1 510763 245482 424551 476066 448187 389957
 178967 283189 394536 491895 428136 430578 77178 583194 612969 663823 133550 549192 225189 597085 458287 169474 539484 440884 355003 524885 599712 436961 618387 619798 358499 720195 83421 365240 368809 663095 564706 542633 653522 510763 1 490741 472537 407269 157565 201684
 315772 773801 853052 976770 101284 874774 567916 320302 672384 242534 368897 385500 591187 150598 72102 605328 551204 535905 659023 391594 380155 539417 128546 683141 270726 721805 570010 404857 362916 776446 574804 441112 612580 245482 490741 1 190340 267054 362767 468587
 335397 744405 773739 919261 109141 784936 544299 147264 817241 198885 386625 558337 636176 163148 245031 536514 699465 367616 531292 201344 199033 372391 245966 827643 399294 531906 555856 249037 490375 594964 725183 251036 422347 424551 472537 190340 1 102127 316840 528004
 301152 666492 679383 829883 167797 688022 473529 175951 829701 293880 345424 599534 594347 265267 305114 448313 716874 271245 429543 153464 199875 275395 343899 839657 417263 466913 488814 147436 501461 509619 743594 195556 362553 476066 407269 267054 102127 1 250070 498318
 115763 428964 490462 617410 285130 513987 227476 426011 668899 511358 126408 525112 354700 450563 347234 242620 573497 336032 338979 375213 444960 334256 485483 677456 318417 608775 240106 230694 367771 582640 600558 398652 528294 448187 157565 362767 316840 250070 1 279936
 197223 390481 563231 619764 446258 606760 238038 664826 411542 690028 156931 384699 124841 606748 411850 366925 340387 612165 555708 642033 697856 609621 592959 418566 238554 887936 216388 510245 203010 850068 364859 671648 808042 389957 201684 468587 528004 498318 279936 1
LAMBDA_SECTION
1 984
2 930
3 124
4 122
5 233
6 719
7 717
8 356
9 839
10 144
11 645
12 761
13 743
14 712
15 899
16 474
17 770
18 642
19 625
20 892
21 554
22 587
23 475
24 886
25 415
26 906
27 829
28 138
29 453
30 70
31 503
32 760
33 244
34 442
35 797
36 590
37 686
38 699
39 256
40 578
