NAME : domp90p22v6
COMMENT : Cherkesly, Contardo & Gruson 2022
TYPE : DOMP
DIMENSION : 90
DISPLAY_DATA_TYPE : NO_DISPLAY
OPEN_FACILITIES : 22
COST_SECTION
 1 348224 887917 568335 393695 780232 490711 1150438 779769 1093117 1021270 823611 489766 900927 857219 197047 659651 455786 574654 806715 1203977 827705 464096 186555 385244 830803 266892 780025 339091 632926 1184030 397802 923524 861840 897604 1019593 677444 944775 240635 228776 1015123 865479 954052 576231 313372 668491 595480 709520 950663 1140106 943169 664949 676530 838759 933414 649603 139736 508451 81715 154113 821738 883605 739118 622434 597893 158037 660156 804376 467339 798728 960666 861154 582669 1143370 285009 828333 906884 569338 912895 871352 593641 688981 434324 238235 923025 488623 907964 949079 332911 343531
 348224 1 667285 731337 276274 520022 241939 943123 629243 957583 869594 721950 513303 571375 620442 289522 585139 216068 233787 613187 1033610 708562 501319 355727 44727 554907 114424 744829 287231 705001 994551 72954 921411 667518 777383 798571 339507 911510 382203 168218 930242 632478 610217 707198 239625 360490 675668 567197 876763 997068 626926 615799 338192 560723 838714 544595 410289 186805 383183 360867 730239 748911 827338 561605 295477 198529 734072 471665 562932 457201 793482 899257 369277 991837 248802 840754 749143 652816 774980 742852 694903 428737 169034 123233 661722 260405 596657 849256 511411 78048
 887917 667285 1 797553 494594 170214 428404 275841 190409 356944 262902 298708 539437 409662 60617 699348 359513 459559 520851 99136 381473 257778 561674 744061 627152 185877 773312 442594 554214 632787 331300 595582 582544 73116 273379 133237 471065 516119 711560 820110 426776 45757 543139 734165 574584 362412 639097 233210 416519 378759 345265 402997 473586 190117 354567 315402 838761 501318 860732 777712 322385 231373 707710 390359 396482 751115 644836 421700 645375 484499 182377 648475 310201 363113 603726 570567 179308 639415 233798 243570 680072 245242 501199 766168 126751 417066 314818 349523 753918 608063
 568335 731337 797553 1 504545 801783 653936 967608 611901 798193 769970 555448 283032 1051440 806999 457226 438422 636893 847895 699001 945379 586436 273779 409647 736347 865210 733846 423861 458920 183449 962378 721482 469368 733757 631271 891660 909976 528980 363657 730399 658407 805422 1160122 65658 499456 826819 163212 565137 593812 847761 1043434 398642 910759 875019 614137 484321 428892 763403 487171 428227 537827 646122 213502 407620 775265 588005 188999 986635 184590 1017932 752562 368592 629552 864348 483862 379688 699835 158447 670536 628128 123569 749148 663432 700863 899766 627524 1002384 633222 239690 665615
 393695 276274 494594 504545 1 400724 155089 757533 395636 720602 640988 464556 248002 584981 466616 206594 314936 133120 343354 413486 819123 458736 242566 259937 261779 457840 340543 470430 67400 441155 794063 237629 645442 468902 529572 625938 410539 638539 241896 371659 670283 473971 675890 466117 80619 344866 416098 326537 612493 764788 602160 341408 411034 466804 580905 283207 353581 258994 368392 290356 469111 508187 563205 287875 282659 267193 469419 504424 321595 525302 574306 624330 196073 764582 109151 564577 522735 396057 536590 498599 441824 315919 160384 319644 538803 133844 562651 593638 334920 198366
 780232 520022 170214 801783 400724 1 294280 435333 269427 521786 426693 400042 522405 280641 111476 605543 390369 328653 353352 180672 551057 363241 538322 660586 477435 63533 631000 520483 467020 660473 497533 447106 685803 210100 403717 288050 301086 631698 638419 681092 569081 126047 411615 743712 474465 192846 656906 267195 545040 547013 246518 440372 303595 73355 485974 331582 754274 343088 766206 690953 421520 361635 756413 407519 233795 632140 678907 265693 629207 325609 343956 730533 205106 532522 506028 652184 324882 650408 374081 367876 696103 93086 362496 628515 144227 292005 206568 485736 707460 469961
 490711 241939 428404 653936 155089 294280 1 703753 392397 718511 629121 495900 383132 435011 385359 332095 380541 34949 201821 371250 791671 477463 384044 395863 205688 340931 344976 545172 217414 570340 753266 173659 726951 425638 543992 560959 256643 703581 388447 391951 703012 396343 521227 610991 203745 193360 550365 334991 654534 756776 461123 420989 257291 348599 610870 329317 484102 125218 486160 420943 507409 512727 689264 367451 128055 338979 596898 350713 469493 370217 552049 726453 128093 750756 235213 658189 508947 533261 537645 508237 580560 201328 73240 338236 438500 29752 423427 619613 489431 179707
 1150438 943123 275841 967608 757533 435333 703753 1 383720 246008 211520 412323 749287 602763 326060 957077 548139 734315 788295 344096 154427 381894 775275 994674 902929 426677 1048727 553644 812123 786829 78950 871397 622325 288654 339500 147284 725765 540220 956231 1094922 398539 312771 724167 901951 838151 626449 804496 451135 431879 226616 516739 576163 728334 426203 382290 526756 1088036 775326 1116060 1029669 430994 321499 826609 586744 668192 1020167 789623 648320 846467 711618 215673 720068 582763 198309 865515 653111 270469 812632 297570 339480 844167 518934 776729 1040832 319665 691242 503805 365784 976756 883224
 779769 629243 190409 611901 395636 269427 392397 383720 1 329078 245568 130982 368707 549203 216971 583399 174295 413746 548613 99937 424581 96856 393746 615299 596694 319907 720188 258550 441369 443296 406425 564949 416692 122209 154019 282319 534794 363065 574489 759093 319723 210157 680960 547596 474407 417765 451370 70252 283441 370887 503888 214219 536979 328134 229447 143310 707416 500562 738773 650798 152104 120343 517815 209437 420004 662802 454647 530832 470303 587169 181008 468260 265827 369259 498316 389602 127417 453456 145738 117091 492382 286055 462071 705203 308346 369885 467082 234266 593974 557562
 1093117 957583 356944 798193 720602 521786 718511 246008 329078 1 95156 272902 632826 760368 417275 896238 437226 741646 856198 358621 151930 265441 660715 918104 923905 542711 1049217 375069 760044 615036 195738 891976 394271 314126 195749 299801 820958 311290 871326 1087571 162010 402572 891928 733937 797243 707126 640599 395207 212223 50172 686305 445131 823407 546565 184323 444001 1005135 819211 1043642 954024 280282 212419 627618 476475 726930 986491 610563 778619 712725 841435 178081 500765 590567 67811 818643 444032 210471 654808 184307 222657 676512 578236 789549 1033833 463115 697469 661955 165255 859941 886543
 1021270 869594 262902 769970 640988 426693 629121 211520 245568 95156 1 219568 577490 669085 322948 824282 376199 653540 762060 264852 186023 200044 604930 850992 834797 448776 963960 348790 684605 587054 192471 802779 412087 219115 140085 221134 725822 330849 806585 1003936 197277 308346 801442 704556 719275 612135 608224 314524 221545 127693 597473 393147 728272 452921 170834 372721 940568 726871 975963 886848 233753 139452 618010 416093 632994 908037 587043 684519 665701 747137 82936 508553 501030 123696 742344 442060 120527 619202 110155 154291 646550 483671 700927 949905 373332 609190 571479 154287 806810 800019
 823611 721950 298708 555448 464556 400042 495900 412323 130982 272902 219568 1 360925 679019 337767 627445 164771 511767 667549 224556 403663 40957 388699 646219 693897 448586 802639 149678 496122 374598 409771 663084 287943 225608 80058 352731 661498 232093 598761 836107 208314 328442 811271 489794 536841 544902 392497 163451 159609 321964 630260 174332 663604 456440 116948 181362 732441 612311 771807 682110 23706 91412 424443 203694 541094 725157 378444 661752 446294 717738 198409 350064 375900 330455 555352 272665 149480 401735 115139 73275 431935 414450 560540 783631 424136 470086 594597 129085 589398 646489
 489766 513303 539437 283032 248002 522405 383132 749287 368707 632826 577490 360925 1 768428 539316 306989 202513 371982 583360 440648 763214 377710 27951 303774 505710 585934 551741 291184 226663 193364 761609 483910 438387 484000 440555 649387 635152 455047 251107 567276 532891 539886 878311 231625 275333 546189 168565 308605 466656 682370 761531 187818 636150 595756 458344 226820 380407 501319 426395 338241 352616 439396 315711 163025 498333 431391 221933 705049 107558 738771 536774 393350 346713 691376 275066 346418 480602 150190 468022 423469 197434 466327 406762 523455 629868 354849 720448 475747 229439 437986
 900927 571375 409662 1051440 584981 280641 435011 602763 549203 760368 669085 679019 768428 1 353595 764251 664743 465979 339243 455673 747849 641050 778985 829874 527761 231399 683055 800867 650573 926357 679100 507846 965891 471692 674738 473779 233905 909523 823298 737590 834912 366760 133794 998163 638472 241673 918169 546290 818173 774338 90851 715010 235593 224404 757407 604296 915509 393024 911025 853173 700996 632035 1029038 676963 309944 742915 947157 100370 870448 139166 591163 1010650 422120 753900 669593 932452 586624 908242 639752 640693 955437 304434 472290 694543 297924 451647 99845 754796 918445 557711
 857219 620442 60617 806999 466616 111476 385359 326060 216971 417275 322948 337767 539316 353595 1 673052 373600 417976 464326 117097 439679 297555 559555 721786 579186 126227 728758 475212 529251 649447 386384 548037 625069 118632 322792 179270 411324 562422 692861 777002 481318 14922 487371 745129 545150 304317 652320 243852 466565 439367 294611 420379 413856 131161 405160 322820 816550 449386 834888 754400 361043 280137 732228 400130 342257 715672 663834 361596 646602 424205 241654 684160 274808 423550 575395 605632 233031 650230 286323 290287 692970 193209 457055 723488 93516 377111 261493 401702 745089 564696
 197047 289522 699348 457226 206594 605543 332095 957077 583399 896238 824282 627445 306989 764251 673052 1 464140 299197 468857 614494 1007266 630801 284115 69452 307282 660792 276636 591867 145370 473894 988551 303577 745367 669008 700836 829456 560169 759310 95077 276094 821684 680164 837995 445075 131512 523362 438700 513156 758158 943115 793177 472413 559899 669449 738422 452580 152014 388744 161837 88979 626292 686560 590270 427707 454308 133176 502781 674429 311979 682052 764392 694540 402028 946325 99638 652773 710310 413048 715849 674342 446865 517991 294468 243658 745012 321929 755214 753726 225231 241500
 659651 585139 359513 438422 314936 390369 380541 548139 174295 437226 376199 164771 202513 664743 373600 464140 1 387933 572805 261635 562202 176163 229474 481458 562622 450914 655437 164633 337592 275885 559099 533691 346507 295525 242059 456260 590961 326836 434117 684719 359738 370400 789200 374702 381160 481302 279759 129815 299065 485832 636739 50268 592661 460356 274397 61074 567912 504704 607045 517345 162160 237353 366048 39896 457297 566921 291225 623713 298680 670907 334538 357354 282331 492739 396770 283468 278485 280072 266262 221909 320680 366371 434993 633736 467109 351665 596937 289588 431814 507565
 455786 216068 459559 636893 133120 328653 34949 734315 413746 741646 653540 511767 371982 465979 417976 299197 387933 1 211978 398787 818956 495620 370473 363958 183201 375830 315029 552074 191012 562210 782305 151770 733090 453759 563433 592464 278242 713515 358916 360631 719757 428633 548084 596482 172703 224492 540315 353389 669208 781001 494563 425689 278630 383524 627745 340063 451095 129369 451981 388157 521974 533752 682561 371453 156735 304134 589450 379323 453157 395165 577769 727211 154035 775891 203628 661005 533079 522016 559443 528315 568812 235838 48809 306621 472829 44400 457216 637304 463938 149219
 574654 233787 520851 847895 343354 353352 201821 788295 548613 856198 762060 667549 583360 339243 464326 468857 572805 211978 1 497601 902116 642291 582426 538166 191617 368015 343994 736387 394015 771961 850708 176975 918254 544170 702364 641074 105896 887689 546629 398517 868125 478541 379406 808404 363272 162522 751305 504270 826943 887720 401383 616404 104492 371171 777012 517075 612243 84968 596924 554088 682539 665628 891083 564154 129579 418009 798649 238994 664698 224399 679950 924777 294452 876474 389103 854511 647421 733526 686420 665124 780504 279121 186362 356895 479561 231289 375304 782783 663315 234988
 806715 613187 99136 699001 413486 180672 371250 344096 99937 358621 264852 224556 440648 455673 117097 614494 261635 398787 497601 1 420425 185649 463219 655344 576092 224521 713428 358409 469197 536357 384903 544044 512478 55870 223114 216900 467504 453876 620246 757140 389196 110959 588667 635909 494101 351560 541392 134163 364541 391589 405886 306525 469865 232135 305303 216274 749626 462768 774667 689718 247265 181249 615926 291532 368313 676567 549535 446257 546354 505465 183801 567831 244796 382624 521711 489215 150759 541060 195598 187213 582302 220559 444272 702847 209191 354620 370041 305303 657133 547734
 1203977 1033610 381473 945379 819123 551057 791671 154427 424581 151930 186023 403663 763214 747849 439679 1007266 562202 818956 902116 420425 1 386039 790728 1035847 996257 554692 1133023 521521 865925 761934 76571 964233 544863 366420 323607 275973 850308 462153 992052 1175502 312326 425019 872661 880566 898533 743737 785772 494720 364085 108460 664375 577921 852856 555934 331990 557430 1125975 878221 1160513 1071645 415734 325347 779036 602094 776472 1086192 758979 785171 849760 848875 244868 652385 664926 84232 922851 595859 297209 798507 296134 340304 822791 624633 864690 1121229 455361 774675 648111 313004 992396 967591
 827705 708562 257778 586436 458736 363241 477463 381894 96856 265441 200044 40957 377710 641050 297555 630801 176163 495620 642291 185649 386039 1 405044 653779 678645 410121 793367 189111 495263 407518 385367 647379 327598 184690 70906 314484 631358 268611 608128 828914 226584 287971 773714 520827 533700 514390 423225 142485 186730 312606 590725 195865 633526 417783 134838 178738 742135 590581 779169 689697 64660 62055 462622 216055 514495 722845 413067 626549 468477 683489 166314 391006 354104 317666 554118 313526 113813 430779 90316 45781 463290 382856 544402 775806 383341 452878 555461 142229 607129 634373
 464096 501319 561674 273779 242566 538322 384044 775275 393746 660715 604930 388699 27951 778985 559555 284115 229474 370473 582426 463219 790728 405044 1 277766 495987 601774 534817 318033 214106 203733 788505 475487 461793 507712 468258 673526 638396 480778 224628 548307 560535 560639 886379 227037 261995 553066 175064 332267 494200 710235 775054 215752 639290 611583 486270 251118 353019 499352 399627 311894 380528 466627 326020 189792 502562 410719 232883 712873 91713 744551 563325 412431 356873 719135 258895 368673 507107 153798 495339 450819 199259 478737 402707 505782 649281 356539 733975 503689 202354 427230
 186555 355727 744061 409647 259937 660586 395863 994674 615299 918104 850992 646219 303774 829874 721786 69452 481458 363958 538166 655344 1035847 653779 277766 1 375561 717680 331020 594661 193769 450296 1021723 372750 737100 708611 722406 871877 628694 758543 54465 321809 832579 727946 906055 405711 192367 588448 413417 545599 767380 966126 855997 482560 628473 726588 753060 478430 94798 457660 125589 35924 642572 711917 561022 443015 520125 181494 478239 741322 284684 750339 795760 676885 455656 971271 160667 642130 740580 387274 741330 698499 415558 575432 362228 297258 797467 383389 817472 769327 170979 310636
 385244 44727 627152 736347 261779 477435 205688 902929 596694 923905 834797 693897 505710 527761 579186 307282 562622 183201 191617 576092 996257 678645 495987 375561 1 511133 159139 724439 283067 698754 955662 32064 902978 629865 746624 757781 296845 889458 396677 212917 902123 591473 569905 708477 238096 315818 671034 536531 850312 962441 582414 595872 295626 516816 810244 519055 437351 142114 414577 384434 703276 716822 821229 541394 251200 231254 727542 428315 563101 415824 757617 885968 333770 956409 252700 824956 714575 649090 742304 711507 692591 386788 134637 166932 618500 226811 551989 820121 523759 70733
 830803 554907 185877 865210 457840 63533 340931 426677 319907 542711 448776 448586 585934 231399 126227 660792 450914 375830 368015 224521 554692 410121 601774 717680 511133 1 667919 575427 524737 722595 494933 482152 736162 241858 443679 281715 299100 678370 697418 719502 605430 140566 364834 806953 529321 205942 719665 325380 586927 562937 186464 500640 301670 9822 526374 392948 810737 371863 820402 747240 470905 401014 816802 469456 260863 679884 740559 235941 692709 299005 367830 785794 263971 545741 561155 707206 357621 713490 409824 409371 759018 142858 405127 668080 111549 342500 147903 524258 769407 511023
 266892 114424 773312 733846 340543 631000 344976 1048727 720188 1049217 963960 802639 551741 683055 728758 276636 655437 315029 343994 713428 1133023 793367 534817 331020 159139 667919 1 808349 329306 736024 1097327 186081 978818 768617 863518 905623 449828 977354 370964 54536 1009706 740287 714663 719622 280874 474894 703293 654855 952805 1090650 740652 679960 448343 673955 919477 621951 360359 301226 320391 324603 808494 838068 856296 627298 409444 150022 765320 582929 581303 564495 890398 944742 468689 1087180 276713 892716 843533 678663 865236 830462 716496 538836 272135 33858 773668 358913 710813 931421 499974 165814
 780025 744829 442594 423861 470430 520483 545172 553644 258550 375069 348790 149678 291184 800867 475212 591867 164633 552074 736387 358409 521521 189111 318033 594661 724439 575427 808349 1 482046 240426 541011 696168 182009 369875 214235 502339 749518 169416 542279 833433 248132 467659 930051 359170 528881 636904 265615 255869 180870 424952 760985 129088 751341 584093 190747 219572 670744 669265 717565 629347 127145 238690 275489 183247 618362 707196 238446 770842 349100 821966 344381 210372 443764 440697 539538 131794 298490 280733 257942 220851 301556 514511 598711 784425 565331 516267 723283 209821 502793 666858
 339091 287231 554214 458920 67400 467020 217414 812123 441369 760044 684605 496122 226663 650573 529251 145370 337592 191012 394015 469197 865925 495263 214106 193769 283067 524737 329306 482046 1 417770 844944 264658 649774 523841 566011 684101 468876 651459 174572 351471 697230 535929 738405 426731 48947 409638 388732 371206 636419 805804 669288 355390 469175 533765 610410 316649 288068 309064 306522 225347 497734 548544 540120 305073 345448 229432 446849 568098 280999 586126 622010 617026 261977 807524 59284 563470 568717 366319 577563 537403 409529 383104 207667 303429 603773 198931 629881 624501 272932 213527
 632926 705001 632787 183449 441155 660473 570340 786829 443296 615036 587054 374598 193364 926357 649447 473894 275885 562210 771961 536357 761934 407518 203733 450296 698754 722595 736024 240426 417770 1 779520 677246 309518 565356 448980 717779 816240 357110 396200 746118 478297 645990 1044417 118918 465725 719126 37921 405699 412683 664718 906593 229887 817456 732227 430852 330282 503551 691447 558381 479495 356030 465831 122481 253175 678419 605402 29305 873371 165754 912910 572727 229614 514259 681015 461680 213481 521326 63761 489296 447730 62186 622218 598947 706050 742961 541212 866105 449940 311612 630525
 1184030 994551 331300 962378 794063 497533 753266 78950 406425 195738 192471 409771 761609 679100 386384 988551 559099 782305 850708 384903 76571 385367 788505 1021723 955662 494933 1097327 541011 844944 779520 1 923821 587129 329205 331572 213259 793136 504080 980476 1141782 356567 372240 801847 896927 874372 690157 800428 476259 399630 164741 594008 581076 795700 495291 357909 546047 1113692 832436 1145045 1057213 425379 323314 807850 598714 727642 1059701 779384 721202 853825 784750 226692 690465 628842 136211 900299 628466 282736 810953 295834 340222 838919 576540 826505 1087507 391214 738469 579733 339781 990857 931514
 397802 72954 595582 721482 237629 447106 173659 871397 564949 891976 802779 663084 483910 507846 548037 303577 533691 151770 176975 544044 964233 647379 475487 372750 32064 482152 186081 696168 264658 677246 923821 1 875372 597852 715163 726447 279995 860459 389651 238797 871229 560213 556350 691322 222027 289748 650472 505156 819887 930429 559281 567916 278995 488057 779284 489107 440032 117036 421292 384530 672760 685126 799620 513397 223418 241056 705833 409291 545627 400933 725557 860646 301749 924357 239947 798533 682579 629089 710515 679941 673319 355990 103044 190091 588778 195112 527803 788997 514483 62124
 923524 921411 582544 469368 645442 685803 726951 622325 416692 394271 412087 287943 438387 965891 625069 745367 346507 733090 918254 512478 544863 327598 461793 737100 902978 736162 978818 182009 649774 309518 587129 875372 1 510183 314921 611007 929010 83082 682891 1000157 232562 615172 1097413 415037 697961 815114 346173 429478 190581 436865 918183 307703 930897 744147 245509 401223 802393 851208 854210 769719 265298 353897 263755 362193 799303 868193 290197 943408 463604 996782 442355 112750 625111 460939 705020 96896 412845 369914 360276 339802 367164 689662 779243 953160 709130 697934 882504 259373 616980 843369
 861840 667518 73116 733757 468902 210100 425638 288654 122209 314126 219115 225608 484000 471692 118632 669008 295525 453759 544170 55870 366420 184690 507712 708611 629865 241858 768617 369875 523841 565356 329205 597852 510183 1 204246 166476 507019 445156 672365 812649 363598 106741 605482 669623 549518 393022 573543 175456 348008 343599 412778 336425 509455 247886 286536 257328 802632 513563 828728 743222 249279 161651 636721 328961 415751 732378 576210 473458 588034 534697 136309 575368 299933 332640 576883 497495 115946 575319 168104 172472 614557 265185 498792 758364 199024 409714 380113 283184 704523 602853
 897604 777383 273379 631271 529572 403717 543992 339500 154019 195749 140085 80058 440555 674738 322792 700836 242059 563433 702364 223114 323607 70906 468258 722406 746624 443679 863518 214235 566011 448980 331572 715163 314921 204246 1 298603 684753 243760 675909 899484 167568 310949 808403 565721 604600 567738 468967 210214 143773 243864 616973 254366 687014 450366 82696 249385 809813 654317 847927 758328 93819 42716 488493 281610 573463 793734 450541 669362 526270 728462 132776 395547 418771 251015 624918 322325 98023 479410 46330 37375 507724 435384 612120 846279 399746 520220 584273 82502 669289 703757
 1019593 798571 133237 891660 625938 288050 560959 147284 282319 299801 221134 352731 649387 473779 179270 829456 456260 592464 641074 216900 275973 314484 673526 871877 757781 281715 905623 502339 684101 717779 213259 726447 611007 166476 298603 1 580268 534796 837145 952856 415308 166417 601389 826704 706238 479381 729532 341399 426325 304831 393276 493056 582835 282037 366608 422577 966290 628642 990306 906056 375262 265279 776995 491736 521066 884095 725593 509369 752321 573049 168763 693996 443420 282228 734918 619754 204478 733514 252315 282466 770363 372450 633503 898998 179394 550173 373943 355168 870960 740665
 677444 339507 471065 909976 410539 301086 256643 725765 534794 820958 725822 661498 635152 233905 411324 560169 590961 278242 105896 467504 850308 631358 638396 628694 296845 299100 449828 749518 468876 816240 793136 279995 929010 507019 684753 580268 1 889654 631685 504338 852310 426168 278876 865338 445078 117084 799590 502322 818086 847745 300467 638205 2571 299962 763722 531519 707374 172358 695740 647415 679182 645098 931338 589389 137837 519946 841290 133536 725401 122460 642886 948120 309587 833588 473564 874249 617864 784283 662408 647471 831984 249376 267324 462688 408411 282454 278055 766975 741684 334956
 944775 911510 516119 528980 638539 631698 703581 540220 363065 311290 330849 232093 455047 909523 562422 759310 326836 713515 887689 453876 462153 268611 480778 758543 889458 678370 977354 169416 651459 357110 504080 860459 83082 445156 243760 534796 889654 1 705254 1002827 149855 551542 1042306 470392 698224 773857 391145 387379 109703 354376 856944 297421 891676 685849 168232 374265 830466 825599 879565 792557 211931 284916 333028 350670 764561 876275 342681 893832 497678 949554 366125 191579 593251 378126 708919 149867 341409 412434 287372 272732 418071 644886 761116 953691 642808 675499 822675 180230 652931 833727
 240635 382203 711560 363657 241896 638419 388447 956231 574489 871326 806585 598761 251107 823298 692861 95077 434117 358916 546629 620246 992052 608128 224628 54465 396677 697418 370964 542279 174572 396200 980476 389651 682891 672365 675909 837145 631685 705254 1 367026 781940 698130 906236 355427 186977 581754 359477 505511 716344 919772 843802 432548 631685 706598 703765 435104 134016 463662 175481 87304 594142 667205 507922 395100 515522 224373 424278 738236 230770 751833 753967 622472 433582 925789 158210 587792 698337 333363 696591 653251 362717 556688 364513 337689 771865 372337 804444 720343 130225 328377
 228776 168218 820110 730399 371659 681092 391951 1094922 759093 1087571 1003936 836107 567276 737590 777002 276094 684719 360631 398517 757140 1175502 828914 548307 321809 212917 719502 54536 833433 351471 746118 1141782 238797 1000157 812649 899484 952856 504338 1002827 367026 1 1041859 788202 768321 721025 304739 528291 712057 692437 983410 1129973 794939 706162 502845 725729 952554 654809 336944 354786 291213 309657 840738 875651 864559 654641 462151 143046 775290 637461 587045 618687 931895 960453 513035 1127462 295145 911797 883802 686817 903299 867283 722283 588514 319977 54299 824311 403784 764868 965166 492754 212321
 1015123 930242 426776 658407 670283 569081 703012 398539 319723 162010 197277 208314 532891 834912 481318 821684 359738 719757 868125 389196 312326 226584 560535 832579 902123 605430 1009706 248132 697230 478297 356567 871229 232562 363598 167568 415308 852310 149855 781940 1041859 1 468292 968688 596247 740045 735283 508044 368362 67263 204548 771805 350235 854567 611472 92145 387764 913108 817146 957279 868001 201233 208136 474918 394321 739712 926622 469417 834679 597187 894512 253269 340773 580616 228381 756452 289586 248296 525674 195674 204842 540483 602937 768556 989889 549379 677715 741489 85515 750423 854641
 865479 632478 45757 805422 473971 126047 396343 312771 210157 402572 308346 328442 539886 366760 14922 680164 370400 428633 478541 110959 425019 287971 560639 727946 591473 140566 740287 467659 535929 645990 372240 560213 615172 106741 310949 166417 426168 551542 698130 788202 468292 1 500482 743143 552940 318837 649713 241007 454687 424476 306040 416472 428699 145211 393105 321108 822739 462556 841967 760829 351858 268384 726882 398046 355917 725022 659810 376174 646945 438870 227271 676008 283681 408630 582939 597589 220022 648215 273678 279040 690473 206180 468368 734572 98261 387322 273719 389246 747972 575883
 954052 610217 543139 1160122 675890 411615 521227 724167 680960 891928 801442 811271 878311 133794 487371 837995 789200 548084 379406 588667 872661 773714 886379 906055 569905 364834 714663 930051 738405 1044417 801847 556350 1097413 605482 808403 601389 278876 1042306 906236 768321 968688 500482 1 1109680 719277 334202 1033784 674503 951751 904256 208394 839336 279432 358038 891085 728283 986038 451214 974491 925710 832991 765709 1150753 798666 393265 797298 1066458 173557 976835 156417 724229 1139097 532533 883017 748866 1061258 720395 1022165 773545 774204 1069784 423854 543840 731768 428821 542575 230016 888566 1010636 613139
 576231 707198 734165 65658 466117 743712 610991 901951 547596 733937 704556 489794 231625 998163 745129 445075 374702 596482 808404 635909 880566 520827 227037 405711 708477 806953 719622 359170 426731 118918 896927 691322 415037 669623 565721 826704 865338 470392 355427 721025 596247 743143 1109680 1 470381 777814 97628 502393 531050 783633 986970 333881 866253 816737 549722 422319 439150 724705 496837 428875 472229 580467 171869 345099 729159 577981 127860 936534 145756 970288 686925 320084 577498 799843 458397 322480 634272 94930 604888 562471 58009 694588 626369 687465 838184 583574 946002 568810 243364 638025
 313372 239625 574584 499456 80619 474465 203745 838151 474407 797243 719275 536841 275333 638472 545150 131512 381160 172703 363272 494101 898533 533700 261995 192367 238096 529321 280874 528881 48947 465725 874372 222027 697961 549518 604600 706238 445078 698224 186977 304739 740045 552940 719277 470381 1 396826 436059 404798 680220 842136 663661 401423 445137 537957 652153 356015 282613 279072 291789 219061 539650 585034 587934 350102 329422 189255 494874 551791 325060 564899 653852 665969 272001 842693 32017 612144 601737 413211 613737 574732 455630 386500 178516 255678 614776 191233 625239 665708 300120 167726
 668491 360490 362412 826819 344866 192846 193360 626449 417765 707126 612135 544902 546189 241673 304317 523362 481302 224492 162522 351560 743737 514390 553066 588448 315818 205942 474894 636904 409638 719126 690157 289748 815114 393022 567738 479381 117084 773857 581754 528291 735283 318837 334202 777814 396826 1 705575 386887 701117 735557 274683 529719 119310 209587 646640 420938 675013 173713 672956 612339 562898 528231 830695 483104 70631 511515 742833 160875 643067 193790 529282 838529 205225 722540 428022 763482 502219 692366 545917 530441 740161 132363 234785 479691 317393 211050 240257 649924 679520 329915
 595480 675668 639097 163212 416098 656906 550365 804496 451370 640599 608224 392497 168565 918169 652320 438700 279759 540315 751305 541392 785772 423225 175064 413417 671034 719665 703293 265615 388732 37921 800428 650472 346173 573543 468967 729532 799590 391145 359477 712057 508044 649713 1033784 97628 436059 705575 1 408708 441747 690535 902050 237236 800709 729384 456296 330266 465704 669682 520653 442237 375301 482998 153017 252604 662011 570754 64826 861740 128734 899233 589367 267524 501785 705845 430421 249716 536646 26166 507629 465028 41016 613740 575289 672909 745678 521647 861302 475350 273732 602125
 709520 567197 233210 565137 326537 267195 334991 451135 70252 395207 314524 163451 308605 546290 243852 513156 129815 353389 504270 134163 494720 142485 332267 545599 536531 325380 654855 255869 371206 405699 476259 505156 429478 175456 210214 341399 502322 387379 505511 692437 368362 241007 674503 502393 404798 386887 408708 1 323047 438506 511834 177577 504330 334561 276249 82407 638063 449276 668796 581017 178465 183276 492689 157526 378528 593517 420722 515264 413228 567493 251238 464631 212692 438062 428334 386767 197511 407476 210901 175881 449469 260193 402133 638790 337342 310458 472799 284628 529962 493900
 950663 876763 416519 593812 612493 545040 654534 431879 283441 212223 221545 159609 466656 818173 466565 758158 299065 669208 826943 364541 364085 186730 494200 767380 850312 586927 952805 180870 636419 412683 399630 819887 190581 348008 143773 426325 818086 109703 716344 983410 67263 454687 951751 531050 680220 701117 441747 323047 1 259262 760681 285862 820253 593770 62085 332266 847029 771801 891782 802676 147247 186445 415839 331974 700026 865500 404881 810154 529929 868226 258091 290835 535478 280032 695480 231813 238334 458972 183536 177634 474842 569493 717852 932009 542397 628213 728042 71158 683246 800341
 1140106 997068 378759 847761 764788 547013 756776 226616 370887 50172 127693 321964 682370 774338 439367 943115 485832 781001 887720 391589 108460 312606 710235 966126 962441 562937 1090650 424952 805804 664718 164741 930429 436865 343599 243864 304831 847745 354376 919772 1129973 204548 424476 904256 783633 842136 735557 690535 438506 259262 1 696930 494785 850230 566027 234243 490564 1053670 854133 1091600 1002050 329990 257277 675098 525249 759035 1031288 659877 798544 762820 861859 207958 545188 628683 28702 864153 490799 247937 704876 228408 268795 726284 608783 828493 1076057 476441 736677 675014 215203 909770 927104
 943169 626926 345265 1043434 602160 246518 461123 516739 503888 686305 597473 630260 761531 90851 294611 793177 636739 494563 401383 405886 664375 590725 775054 855997 582414 186464 740652 760985 669288 906593 594008 559281 918183 412778 616973 393276 300467 856944 843802 794939 771805 306040 208394 986970 663661 274683 902050 511834 760681 696930 1 686636 302555 177383 699000 578099 945190 442313 946028 881943 653116 574424 1002772 653873 345278 786144 925329 173447 866704 224737 522688 971322 422312 675239 695497 892669 524541 894564 578869 584883 940794 297060 509198 748905 224280 472715 41087 694610 929401 603572
 664949 615799 402997 398642 341408 440372 420989 576163 214219 445131 393147 174332 187818 715010 420379 472413 50268 425689 616404 306525 577921 195865 215752 482560 595872 500640 679960 129088 355390 229887 581076 567916 307703 336425 254366 493056 638205 297421 432548 706162 350235 416472 839336 333881 401423 529719 237236 177577 285862 494785 686636 1 639850 510038 271542 111058 564877 545934 607564 518101 164856 257848 316166 54524 503470 582697 243457 673463 272827 720093 360689 310062 328827 504426 413651 238117 305787 240469 285347 240862 278234 416268 471582 656553 513853 391641 646926 288548 415263 537810
 676530 338192 473586 910759 411034 303595 257291 728334 536979 823407 728272 663604 636150 235593 413856 559899 592661 278630 104492 469865 852856 633526 639290 628473 295626 301670 448343 751341 469175 817456 795700 278995 930897 509455 687014 582835 2571 891676 631685 502845 854567 428699 279432 866253 445137 119310 800709 504330 820253 850230 302555 639850 1 302531 765939 533267 706949 171881 695111 647071 681254 647386 932661 590955 139098 519087 842547 135226 726191 123033 645337 949788 311182 836091 473540 875975 620245 785340 664737 649727 833031 251631 267265 461351 410977 283237 280307 769223 741944 334183
 838759 560723 190117 875019 466804 73355 348599 426203 328134 546565 452921 456440 595756 224404 131161 669449 460356 383524 371171 232135 555934 417783 611583 726588 516816 9822 673955 584093 533765 732227 495291 488057 744147 247886 450366 282037 299962 685849 706598 725729 611472 145211 358038 816737 537957 209587 729384 334561 593770 566027 177383 510038 302531 1 533047 402503 819543 377043 828882 756030 478857 407672 826189 479076 266129 687472 750126 232522 702526 295866 372382 794464 273248 548446 569818 715854 363438 723253 415968 416306 768757 151459 412175 674499 108990 350666 139199 530669 779000 517752
 933414 838714 354567 614137 580905 485974 610870 382290 229447 184323 170834 116948 458344 757407 405160 738422 274397 627745 777012 305303 331990 134838 486270 753060 810244 526374 919477 190747 610410 430852 357909 779284 245509 286536 82696 366608 763722 168232 703765 952554 92145 393105 891085 549722 652153 646640 456296 276249 62085 234243 699000 271542 765939 533047 1 297779 836384 725194 878393 788768 112686 125376 450046 310983 648966 839785 427077 751505 531983 810247 197899 337970 488620 250227 669694 271503 176250 470759 121456 118151 492230 514493 676550 900240 480342 585618 666648 19089 681946 763389
 649603 544595 315402 484321 283207 331582 329317 526756 143310 444001 372721 181362 226820 604296 322820 452580 61074 340063 517075 216274 557430 178738 251118 478430 519055 392948 621951 219572 316649 330282 546047 489107 401223 257328 249385 422577 531519 374265 435104 654809 387764 321108 728283 422319 356015 420938 330266 82407 332266 490564 578099 111058 533267 402503 297779 1 568831 451847 603263 514246 186599 234150 425379 77667 399042 544834 347631 562641 330886 610008 319356 417605 224252 493961 375627 342813 263449 327436 263512 221772 370655 305305 388180 602464 415889 301300 538024 310446 450693 468075
 139736 410289 838761 428892 353581 754274 484102 1088036 707416 1005135 940568 732441 380407 915509 816550 152014 567912 451095 612243 749626 1125975 742135 353019 94798 437351 810737 360359 670744 288068 503551 1113692 440032 802393 802632 809813 966290 707374 830466 134016 336944 913108 822739 986038 439150 282613 675013 465704 638063 847029 1053670 945190 564877 706949 819543 836384 568831 1 535095 58281 63579 727406 801203 604891 528748 605646 215479 529710 824619 339944 829719 887344 733070 549593 1059792 250597 706014 831852 439811 830592 787266 460228 668181 444238 327175 891832 473651 907198 853182 196215 378710
 508451 186805 501318 763403 258994 343088 125218 775326 500562 819211 726871 612311 501319 393024 449386 388744 504704 129369 84968 462768 878221 590581 499352 457660 142114 371863 301226 669265 309064 691447 832436 117036 851208 513563 654317 628642 172358 825599 463662 354786 817146 462556 451214 724705 279072 173713 669682 449276 771801 854133 442313 545934 171881 377043 725194 451847 535095 1 523730 475447 625420 620132 811520 492557 111015 350439 718568 295927 580558 294803 646555 851646 236609 845328 305664 783340 608792 651296 643099 617625 697995 256431 101448 307034 480988 154884 410792 732580 578873 164925
 81715 383183 860732 487171 368392 766206 486160 1116060 738773 1043642 975963 771807 426395 911025 834888 161837 607045 451981 596924 774667 1160513 779169 399627 125589 414577 820402 320391 717565 306522 558381 1145045 421292 854210 828728 847927 990306 695740 879565 175481 291213 957279 841967 974491 496837 291789 672956 520653 668796 891782 1091600 946028 607564 695111 828882 878393 603263 58281 523730 1 89712 768088 837043 661643 568568 602666 184674 584988 817489 393686 818138 919566 787574 563458 1096550 260465 758223 864671 494627 866453 823781 516600 677556 438893 288393 906414 479148 909094 894747 253588 361943
 154113 360867 777712 428227 290356 690953 420943 1029669 650798 954024 886848 682110 338241 853173 754400 88979 517345 388157 554088 689718 1071645 689697 311894 35924 384434 747240 324603 629347 225347 479495 1057213 384530 769719 743222 758328 906056 647415 792557 87304 309657 868001 760829 925710 428875 219061 612339 442237 581017 802676 1002050 881943 518101 647071 756030 788768 514246 63579 475447 89712 1 678386 747799 587841 478857 543234 174899 507019 763013 313760 769561 831356 707256 486423 1007178 187047 674350 776241 416074 777212 734404 442195 604648 382775 290771 828914 410160 843848 805083 188589 322607
 821738 730239 322385 537827 469111 421520 507409 430994 152104 280282 233753 23706 352616 700996 361043 626292 162160 521974 682539 247265 415734 64660 380528 642572 703276 470905 808494 127145 497734 356030 425379 672760 265298 249279 93819 375262 679182 211931 594142 840738 201233 351858 832991 472229 539650 562898 375301 178465 147247 329990 653116 164856 681254 478857 112686 186599 727406 625420 768088 678386 1 111982 402428 199627 556975 727122 358765 682211 434327 737648 218562 326359 389587 340282 557018 248999 171366 385591 133453 93977 414259 433201 570635 788682 447724 480986 617237 127437 579815 654172
 883605 748911 231373 646122 508187 361635 512727 321499 120343 212419 139452 91412 439396 632035 280137 686560 237353 533752 665628 181249 325347 62055 466627 711917 716822 401014 838068 238690 548544 465831 323314 685126 353897 161651 42716 265279 645098 284916 667205 875651 208136 268384 765709 580467 585034 528231 482998 183276 186445 257277 574424 257848 647386 407672 125376 234150 801203 620132 837043 747799 111982 1 514169 277228 536343 774252 469853 627326 530521 686713 106999 429792 386086 259815 606879 354699 60912 491373 29414 18138 522715 395901 582185 822045 357960 490022 541601 124102 668834 676514
 739118 827338 707710 213502 563205 756413 689264 826609 517815 627618 618010 424443 315711 1029038 732228 590270 366048 682561 891083 615926 779036 462622 326020 561022 821229 816802 856296 275489 540120 122481 807850 799620 263755 636721 488493 776995 931338 333028 507922 864559 474918 726882 1150753 171869 587934 830695 153017 492689 415839 675098 1002772 316166 932661 826189 450046 425379 604891 811520 661643 587841 402428 514169 1 352252 793599 722824 93804 981720 278424 1024060 619706 156743 625503 695355 583167 185381 573759 177805 533030 496297 145647 726954 720276 825844 825074 659875 962981 468431 408899 752990
