NAME : domp80p40v1
COMMENT : Cherkesly, Contardo & Gruson 2022
TYPE : DOMP
DIMENSION : 80
DISPLAY_DATA_TYPE : NO_DISPLAY
OPEN_FACILITIES : 40
COST_SECTION
 1 206243 425208 612879 239723 315510 488805 414892 137612 406140 839883 649010 781408 499962 138995 727120 278670 726434 498613 644284 508778 475221 426915 266020 170731 106230 449522 655635 838395 583180 421311 387512 595062 732438 808577 391731 831724 582955 340794 501664 660674 729730 938680 116708 786863 738057 285473 586364 139037 478658 596611 460954 419729 511715 134186 919584 313417 119801 319560 752224 795941 691966 931776 84559 579971 279509 693372 852852 754487 339104 116579 561225 1003107 649251 570978 467366 672419 312882 646702 925074
 206243 1 490736 602364 445429 227983 690179 383654 157557 256960 820870 700448 690840 540260 95028 792228 383274 669582 505564 536099 601481 410339 474346 372454 167297 291645 340061 736614 832930 771532 311523 552076 726962 908620 895744 551467 939105 589073 411503 696745 600402 900430 1032684 104830 975156 629332 272750 455256 238760 510049 703374 643031 372162 353475 318056 951493 201996 119995 524388 856443 901942 886704 1026547 221382 730878 136368 590722 879376 917049 420996 283790 520574 1036532 620806 551149 450425 786913 230890 814297 1023349
 425208 490736 1 248501 445106 325928 523065 210187 344021 436703 455190 223803 522919 88515 506648 305964 153680 414772 145471 460703 122215 285165 42049 165428 325017 498706 368885 245897 439156 496409 362930 272314 288228 555422 405090 256338 454886 199967 84906 480705 371847 529993 542460 411752 662132 528054 231191 477469 289664 89083 228784 381031 242283 501532 517294 495553 362497 505613 464388 372096 417641 622174 536478 341398 334550 412194 481977 431075 520624 87536 523800 270309 578429 305528 235844 184589 314573 318235 448106 534107
 612879 602364 248501 1 684769 379855 768975 218750 495017 433994 227033 204891 297743 164930 652080 294650 382698 174239 117163 297133 301583 218086 217719 391657 464992 704502 327918 306328 231125 726481 342268 517910 463788 752506 425933 501206 515148 52893 303739 722869 153320 720192 553162 558194 869394 330293 339439 362843 475494 160398 370702 621693 233968 445560 727368 365612 413697 659928 710821 446657 483686 847601 549968 530296 534096 481559 292603 291863 695282 319198 724719 108264 448385 60941 54184 152529 436059 375201 649067 556383
 239723 445429 445106 684769 1 500519 255093 538241 337414 613021 899978 645897 916877 533477 374746 698081 302438 833623 569284 803855 472783 616211 468373 294354 361740 190078 627297 613431 883799 372524 602677 254893 485210 537375 743318 268591 736970 641137 381150 280875 776572 543994 855769 348471 570298 892366 429171 768049 275495 526668 525561 273207 555784 717073 181060 916505 511827 351921 81118 667958 705669 466632 848216 247827 439822 497524 844995 860649 581009 365855 218065 669325 993422 735362 657701 567538 580735 495242 470973 837158
 315510 227983 325928 379855 500519 1 698433 163119 178380 124899 594051 505192 475092 348162 295825 602337 286495 442709 294779 330265 447782 182665 296054 281795 146461 421707 134023 561677 608505 735308 106092 492585 603944 839350 718737 484750 778343 373342 268803 683057 373653 821662 857102 216663 928712 424566 102953 272477 225059 314501 554471 603247 146302 220578 449530 738307 37511 311038 563848 696054 741299 861154 851768 259782 632059 101873 381296 664996 824109 287326 429794 293036 822847 393934 327106 231402 640356 7906 734955 851635
 488805 690179 523065 768975 255093 698433 1 685604 561671 820591 953099 660812 1043183 604112 626742 677795 432957 937817 667730 959143 487113 768987 560054 431953 578454 444230 809597 590938 923227 153517 789652 251121 406405 323130 676484 267775 635839 717778 495432 66766 893208 343008 757763 588129 325558 1038106 607642 945634 484420 612027 486524 156585 711032 918851 432141 902721 718557 604940 174648 587848 613488 215233 750059 475849 330101 719909 990592 862930 393927 473916 470943 788392 967159 827677 758761 691869 505097 691752 296660 734812
 414892 383654 210187 218750 538241 163119 685604 1 286128 242814 439458 349665 379322 200904 436748 448314 253555 311632 134360 273737 327615 83467 170339 256376 254017 514790 160050 418171 449346 687696 158444 447816 498056 762560 570469 435176 639120 210285 193922 655318 246895 738655 707930 345165 865151 356705 129827 270904 286303 166568 430962 562223 32217 293567 540251 575219 198795 446573 584086 558852 602890 815197 703095 338055 543359 264899 308983 501880 730735 216233 530736 146729 659731 240866 167802 68284 514711 157795 655322 704689
 137612 157557 344021 495017 337414 178380 561671 286128 1 277880 721098 562154 645092 404421 163871 649491 226127 595533 386030 506676 448777 340279 334007 215095 33493 243590 312358 588192 724815 627150 284425 399156 569509 756764 746516 397229 785176 471541 261249 559229 528517 746745 882150 67924 829255 600489 156975 450312 84012 377714 548587 496141 287020 383217 271291 823953 179814 166854 408837 702857 748165 746796 875793 89597 573997 160535 555944 754008 761348 268070 253285 432707 908729 525493 449077 344505 631243 175458 660105 871703
 406140 256960 436703 433994 613021 124899 820591 242814 277880 1 624574 591483 445136 443079 346325 690387 411172 448531 375137 285809 558729 215977 402217 406655 251346 510483 109664 660315 648993 860186 91730 617467 721001 962954 813282 609521 880596 441651 388507 807013 381377 944439 950677 293079 1053419 376582 226395 198689 340457 408654 664833 728078 214215 105691 538666 799605 102343 367789 680412 799552 844068 985937 945878 366312 753339 129583 341500 725852 945084 408190 512677 330968 882113 430822 379938 304740 750161 132394 858007 947496
 839883 820870 455190 227033 899978 594051 953099 439458 721098 624574 1 300774 297138 366680 875986 333746 601310 194992 342342 400478 466189 416453 432815 611295 690498 930670 514925 396848 55074 884997 536054 707026 592231 873090 440011 689487 542037 261294 522722 899652 249950 835882 528391 783213 995355 375705 564697 496560 702267 374716 494192 798749 448709 607291 953084 242104 624848 884934 917914 500731 522078 996041 528355 757126 673124 693762 363844 190707 797996 535433 951352 301381 301906 200133 272430 376801 529333 590447 779930 541666
 649010 700448 223803 204891 645897 505192 660812 349665 562154 591483 300774 1 491619 160288 725943 98995 374687 361131 216377 501151 178084 388286 228166 386964 539680 720310 496898 105797 264277 584738 503161 423290 292282 577273 226794 405663 310999 165972 308435 604220 356194 541504 361097 630048 698520 533501 429036 559185 512998 191942 193988 504664 377272 625922 737639 273924 542546 726626 648367 241952 278916 695349 356840 565150 372474 603075 497208 214754 508805 310497 746197 302048 355462 257092 242383 287157 241013 498515 480832 360550
 781408 690840 522919 297743 916877 475092 1043183 379322 645092 445136 297138 491619 1 452226 769066 566192 623290 131141 377525 160666 596787 307248 483923 628488 611604 885455 350793 596975 347849 1016411 379492 794144 761505 1050055 692500 778682 790100 349504 551123 1003387 151360 1017925 802611 691349 1166259 88665 500444 260873 662152 436032 668152 903949 365788 385480 912117 537234 491815 785632 958907 730472 762619 1139963 801204 711076 830763 554499 105251 477612 992577 571540 897885 254877 598852 238145 289379 353980 730325 475465 946098 811703
 499962 540260 88515 164930 533477 348162 604112 200904 404421 443079 366680 160288 452226 1 568258 254907 238306 336505 85167 411244 148442 257610 73073 249299 380676 579627 357966 217308 351534 564709 359092 353116 321124 604204 371424 336337 438252 113898 162464 558107 301244 574848 509570 472103 717104 467995 268791 445469 361570 34426 239933 457063 231534 491006 599508 420897 385667 570235 552443 358344 402119 687751 504430 415417 382486 444253 424101 352988 557231 171473 603459 209255 505246 224403 163100 149533 319765 341185 498208 505158
 138995 95028 506648 652080 374746 295825 626742 436748 163871 346325 875986 725943 769066 568258 1 812526 377949 736907 546735 618199 606894 476684 497830 365829 189213 204818 419770 749121 883013 721746 390654 518590 713805 868693 906524 520929 940143 632058 422841 640655 668190 864425 1040852 96209 925554 712302 312988 542687 224946 541223 703108 598099 431139 445937 229559 987356 277401 26056 455559 858620 903486 830943 1034311 187575 706949 219348 671722 917027 886586 427579 192912 580361 1072212 677538 603671 499835 783404 296746 780201 1029365
 727120 792228 305964 294650 698081 602337 677795 448314 649491 690387 333746 98995 566192 254907 812526 1 448915 435176 315334 591597 227103 486832 317889 461518 628950 791009 595762 87655 286025 581662 602156 458232 280174 545239 131285 441259 224189 261525 390413 616457 440539 506803 262584 717351 668008 616313 522833 654503 594461 287973 191290 521871 476173 724319 806217 225509 639784 811532 690011 168613 196697 681063 258557 644631 363300 699145 583065 188998 465856 388740 818277 396855 296547 340503 337030 386149 200385 595514 459163 263189
 278670 383274 153680 382698 302438 286495 432957 253555 226127 411172 601310 374687 623290 238306 377949 448915 1 532822 266854 527259 231121 336611 168585 12652 218959 345720 380954 377157 589406 450738 363891 207057 343911 554354 531589 198407 562214 340614 79010 406756 478409 538685 664054 289083 642249 609155 185483 513886 153020 226596 325168 319868 278143 499775 363767 648010 315485 372163 336053 480699 525538 577593 657375 197964 355122 342568 561423 584502 546143 66863 371528 370941 730140 432956 355570 269706 406217 278867 451543 651898
 726434 669582 414772 174239 833623 442709 937817 311632 595533 448531 194992 361131 131141 336505 736907 435176 532822 1 271245 205531 475816 260337 379030 539849 562620 826213 341050 466729 237365 900287 365963 686887 636041 925125 562092 670632 659195 227112 456201 893979 69190 892054 674833 650398 1042833 190258 441023 303108 596830 325796 541141 793235 308651 418114 851408 422750 467892 749904 867806 599368 631518 1021786 673128 649370 707828 535769 170742 357902 864844 474732 842366 166798 491832 113300 179773 267284 600768 440904 822469 683030
 498613 505564 145471 117163 569284 294779 667730 134360 386030 375137 342342 216377 377525 85167 546735 315334 266854 271245 1 326527 232635 176598 107889 275365 357760 588329 282038 293126 340130 640083 286981 417458 405968 687375 440147 401671 514432 85512 188263 626160 226382 658753 576547 451331 798753 386411 234733 361271 360337 59811 324772 526457 160960 413296 610845 446236 331446 552528 598516 436623 479167 764861 571990 415264 465334 395471 341530 373840 642129 205174 609149 126996 531212 166411 91475 71058 403355 288734 580881 574537
 644284 536099 460703 297133 803855 330265 959143 273737 506676 285809 400478 501151 160666 411244 618199 591597 527259 205531 326527 1 559159 190778 418752 529782 473630 750073 198781 599119 440838 954369 227960 718464 732364 1013048 722829 704898 812006 337064 465111 927330 160418 985053 847689 546248 1122405 94435 375656 102941 536306 385199 648342 832269 250426 226404 777550 621372 341528 636359 854800 741747 780006 1081191 844888 580727 790970 400445 55796 552658 968471 487176 759555 204609 694241 255202 261327 276289 722483 332040 906166 852158
 508778 601481 122215 301583 472783 447782 487113 327615 448777 558729 466189 178084 596787 148442 606894 227103 231121 475816 232635 559159 1 396666 157876 243698 434217 566189 487563 147827 436552 426897 483321 245407 173841 455933 300484 227755 337892 248743 190462 433700 446945 426409 433969 514967 569898 616129 351160 588030 382924 174535 106690 332607 359811 620890 580397 443925 484113 602476 471002 255079 300655 546340 427461 429066 234614 531740 572487 390781 409890 180803 594139 357689 520780 362523 309672 290217 192585 440044 350322 422967
 475221 410339 285165 218086 616211 182665 768987 83467 340279 215977 416453 388286 307248 257610 476684 486832 336611 260337 176598 190778 396666 1 243608 339009 306871 578565 110851 469700 436267 770001 124300 530940 569712 840350 614444 518082 690903 229630 276970 738721 191508 815152 749334 391611 945046 276257 193299 192343 355248 225391 496036 645264 60443 237704 605061 583675 209998 490151 664857 613203 655740 897396 745123 403829 619714 278790 228797 509942 804502 299244 591798 116500 666144 218091 164145 108095 577254 180621 733017 748615
 426915 474346 42049 217719 468373 296054 560054 170339 334007 402217 432815 228166 483923 73073 497830 317889 168585 379030 107889 418752 157876 243608 1 178892 311761 507025 329963 267079 421284 537551 325460 310248 327808 597308 425693 294772 482290 172771 90710 519516 333325 571610 563943 401890 704179 486910 206991 435951 288641 58311 262944 420555 202549 463135 527249 493443 333231 498940 493160 400059 445258 663600 558294 342379 376206 386835 440628 425968 561367 102717 530609 230161 577564 272182 199308 142567 347998 288572 490008 557181
 266020 372454 165428 391657 294354 281795 431953 256376 215095 406655 611295 386964 628488 249299 365829 461518 12652 539849 275365 529782 243698 339009 178892 1 208985 333583 379743 389801 600046 454069 361891 210837 354523 560825 544150 203098 574315 350332 88579 407615 484541 545879 676486 277463 647088 612675 181964 513948 140885 236641 337289 322596 279967 496768 351874 660161 309842 359823 330433 492903 537684 580560 669793 185371 363852 334823 564931 596420 554405 78172 359234 377045 742396 441122 363347 275500 418018 274261 458690 664243
 170731 167297 325017 464992 361740 146461 578454 254017 33493 251346 690498 539680 611604 380676 189213 628950 218959 562620 357760 473630 434217 306871 311761 208985 1 276457 280157 570544 695362 636736 252532 403617 562635 760889 729462 400238 771809 443186 244477 572502 495428 749152 866003 93582 837419 567337 125806 418870 94266 352701 536192 504800 254003 355918 304019 798504 151041 195080 430582 689150 734646 758297 859798 115382 571954 141557 522662 727936 761213 253703 286660 400362 883428 494048 418197 313703 619988 143112 662141 856359
 106230 291645 498706 704502 190078 421707 444230 514790 243590 510483 930670 720310 885455 579627 204818 791009 345720 826213 588329 750073 566189 578565 507025 333583 276457 1 555726 713937 925571 560314 527538 401822 625913 721296 860455 410381 872192 670837 417306 470395 761539 724464 984880 217959 759890 843679 386752 692521 230311 561979 643197 451141 521854 615768 28190 993728 419323 179232 269590 796087 837883 656691 977664 176863 596973 382433 798725 929763 756594 411172 30770 659991 1075766 744424 665494 563423 712196 419002 646547 969155
 449522 340061 368885 327918 627297 134023 809597 160050 312358 109664 514925 496898 350793 357966 419770 595762 380954 341050 282038 198781 487563 110851 329963 379743 280157 555726 1 573898 539585 829654 29180 586251 657112 915961 722063 575670 795379 340324 338911 787356 273082 893765 857913 348048 1014437 293162 202719 140810 352905 324158 590969 700183 127962 133575 583552 693052 142754 437632 686191 716190 759616 957063 853519 391897 699167 203708 251954 619443 888288 360661 563512 222778 774876 321644 274353 211127 674479 137047 809161 856425
 655635 736614 245897 306328 613431 561677 590938 418171 588192 660315 396848 105797 596975 217308 749121 87655 377157 466729 293126 599119 147827 469700 267079 389801 570544 713937 573898 1 354472 499121 576146 371047 198857 476375 159237 354194 221491 262113 326944 530219 459191 439561 297075 655457 598524 636473 473823 649972 527039 251712 105150 434762 448534 706111 727856 313106 599093 746144 603196 144112 186042 603089 291312 574898 281755 653909 598734 272896 404507 321645 741952 396271 383557 361126 337928 363172 135656 554381 383918 290163
 838395 832930 439156 231125 883799 608505 923227 449346 724815 648993 55074 264277 347849 351534 883013 286025 589406 237365 340130 440838 436552 436267 421284 600046 695362 925571 539585 354472 1 848511 558762 680514 552162 829160 387353 662869 489423 255446 511978 867842 284751 791366 473418 788765 951751 423417 570137 533467 699711 364393 454920 767688 462215 639560 946949 189446 641024 890429 897146 451071 470594 956722 473440 754636 634110 709585 408026 135642 751742 522737 947550 319780 254515 218407 281834 383652 484327 604291 738389 486886
 583180 771532 496409 726481 372524 735308 153517 687696 627150 860186 884997 584738 1016411 564709 721746 581662 450738 900287 640083 954369 426897 770001 537551 454069 636736 560314 829654 499121 848511 1 814033 243771 301490 171513 557435 254010 503374 673652 494212 96313 865093 189503 623241 666774 203961 1024425 635969 957397 544072 580784 394924 132517 716823 950513 553451 801088 761426 702861 300641 466643 485617 127590 615651 550296 218427 776154 978170 770557 241049 471919 589463 766390 857987 787220 727056 678693 391451 727894 150831 599191
 421311 311523 362930 342268 602677 106092 789652 158444 284425 91730 536054 503161 379492 359092 390654 602156 363891 365963 286981 227960 483321 124300 325460 361891 252532 527538 29180 576146 558762 814033 1 570308 650696 904736 726779 560346 797332 350645 326746 769182 297440 883567 863500 319040 1001149 322335 182014 166735 327621 324854 587997 683717 127612 139732 555423 707880 113575 408459 662997 717255 761199 941203 858896 365167 689725 175161 281074 634124 879920 348045 534954 239817 790439 340375 288209 216021 672349 109667 798327 861158
 387512 552076 272314 517910 254893 492585 251121 447816 399156 617467 707026 423290 794144 353116 518590 458232 207057 686887 417458 718464 245407 530940 310248 210837 403617 401822 586251 371047 680514 243771 570308 1 230691 357646 490583 17666 482278 466896 253971 209790 643536 348366 600880 448315 437003 793393 392460 715694 315205 361110 275497 114509 475897 706796 406230 682342 519892 504279 232677 413295 450780 370913 593325 333906 195359 539386 746283 633887 367997 231708 432542 539897 754596 576558 508155 445967 325944 485076 262563 582315
 595062 726962 288228 463788 485210 603944 406405 498056 569509 721001 592231 292282 761505 321124 713805 280174 343911 636041 405968 732364 173841 569712 327808 354523 562635 625913 657112 198857 552162 301490 650696 230691 1 289120 271995 218534 251780 412181 335548 342180 614087 256437 371537 630226 408189 786504 502641 761498 491824 348335 98309 255527 530237 789652 632982 500925 638540 704062 454116 187131 221320 404584 363907 526714 83180 678158 743830 469099 236168 318629 656271 529683 561722 523942 478998 463867 100442 596051 188867 352202
 732438 908620 555422 752506 537375 839350 323130 762560 756764 962954 873090 577273 1050055 604204 868693 545239 554354 925125 687375 1013048 455933 840350 597308 560825 760889 721296 915961 476375 829160 171513 904736 357646 289120 1 483819 360730 406073 700555 578015 267685 901699 40342 515013 804260 122771 1072061 736709 1032419 672781 628072 385587 272065 793905 1044219 716861 744861 869619 851908 469393 396277 399760 171316 507978 688492 222093 894655 1028292 729477 96882 556939 751208 813393 788035 812853 765278 738968 345087 831572 107333 489539
 808577 895744 405090 425933 743318 718737 676484 570469 746516 813282 440011 226794 692500 371424 906524 131285 531589 562092 440147 722829 300484 614444 425693 544150 729462 860455 722063 159237 387353 557435 726779 490583 271995 483819 1 475561 102072 391921 485417 611077 570873 443587 138397 813512 604226 745801 632645 785244 683208 405681 218839 527486 599658 852146 872322 263648 756230 902712 721209 90939 87859 638225 133049 729495 346655 812284 713510 263274 393463 479035 889364 527662 304944 470951 467832 511196 171797 711572 416696 134394
 391731 551467 256338 501206 268591 484750 267775 435176 397229 609521 689487 405663 778682 336337 520929 441259 198407 670632 401671 704898 227755 518082 294772 203098 400238 410381 575670 354194 662869 254010 560346 17666 218534 360730 475561 1 469558 450037 241262 224771 627906 349518 587464 448302 443999 778991 383829 703904 313540 344936 259582 127371 463682 697499 415819 665157 512863 507367 249148 399387 437550 381512 579942 335026 188670 534433 731990 616415 366389 218946 441017 524701 737702 560035 492151 431571 312260 477164 262955 569256
 831724 939105 454886 515148 736970 778343 635839 639120 785176 880596 542037 310999 790100 438252 940143 224189 562214 659195 514432 812006 337892 690903 482290 574315 771809 872192 795379 221491 489423 503374 797332 482278 251780 406073 102072 469558 1 476580 528348 569163 663829 365869 122296 850372 522450 840158 686060 868692 715197 472553 237051 496788 669742 927572 881004 358033 815489 933645 704207 82909 37284 569170 114568 757060 310156 867060 806052 364186 311281 518114 902120 612523 387481 563812 553083 584642 160070 770851 355019 100947
 582955 589073 199967 52893 641137 373342 717778 210285 471541 441651 261294 165972 349504 113898 632058 261525 340614 227112 85512 337064 248743 229630 172771 350332 443186 670837 340324 262113 255446 673652 350645 466896 412181 700555 391921 450037 476580 1 261773 670902 202479 668613 523534 536765 817020 377813 319626 393378 444277 114469 320277 569616 231720 465143 692712 364970 409039 638016 664054 404792 443726 794709 519778 499207 481616 474991 338018 291756 644783 275423 692392 136078 449586 113814 76504 142079 388439 367840 596748 524712
 340794 411503 84906 303739 381150 268803 495432 193922 261249 388507 522722 308435 551123 162464 422841 390413 79010 456201 188263 465111 190462 276970 90710 88579 244477 417306 338911 326944 511978 494212 326746 253971 335548 578015 485417 241262 528348 261773 1 462238 403954 557424 621595 328602 675593 542674 167094 463227 204763 148118 294713 368322 222617 466210 437045 579045 303024 421173 411606 445513 491103 621785 615358 256745 364972 344535 495174 513301 556586 22321 441514 296927 662364 354598 277836 197423 379942 260899 471773 611892
 501664 696745 480705 722869 280875 683057 66766 655318 559229 807013 899652 604220 1003387 558107 640655 616457 406756 893979 626160 927330 433700 738721 519516 407615 572502 470395 787356 530219 867842 96313 769182 209790 342180 267685 611077 224771 569163 670902 462238 1 852499 283525 691042 592757 289500 1003105 587862 920411 478387 568834 425287 101503 682381 902054 461824 840700 706037 620462 206076 522039 547073 190396 683341 477441 264441 713753 955938 802899 331863 440154 498859 749468 903717 782484 716260 655708 440053 676007 231489 668061
 660674 600402 371847 153320 776572 373653 893208 246895 528517 381377 249950 356194 151360 301244 668190 440539 478409 69190 226382 160418 446945 191508 333325 484541 495428 761539 273082 459191 284751 865093 297440 643536 614087 901699 570873 627906 663829 202479 403954 852499 1 870400 691700 582352 1016822 177351 375258 248759 533122 284686 522755 752829 241520 357370 787115 461586 398703 681477 814433 598063 633645 988832 689262 584902 681398 466611 142655 392346 847249 423687 776916 107497 535958 100049 138187 209184 589367 371942 796977 697476
 729730 900430 529993 720192 543994 821662 343008 738655 746745 944439 835882 541504 1017925 574848 864425 506803 538685 892054 658753 985053 426409 815152 571610 545879 749152 724464 893765 439561 791366 189503 883567 348366 256437 40342 443587 349518 365869 668613 557424 283525 870400 1 475545 796644 161834 1042034 718760 1007460 663009 599856 351316 273324 770288 1023259 721586 704893 852858 848591 479661 356297 359422 208400 468457 681766 195449 880610 998782 690262 58823 536849 754725 784077 747722 780244 734748 712355 307047 813830 87200 450125
 938680 1032684 542460 553162 855769 857102 757763 707930 882150 950677 528391 361097 802611 509570 1040852 262584 664054 674833 576547 847689 433969 749334 563943 676486 866003 984880 857913 297075 473418 623241 863500 600880 371537 515013 138397 587464 122296 523534 621595 691042 691700 475545 1 948730 625968 862855 770834 915344 816613 543754 342548 618993 736741 986885 995000 307997 894598 1036110 825243 189082 150245 682367 7729 861321 432394 950629 833872 338454 418348 614151 1014405 657938 311773 593017 598266 647579 275286 849948 473585 25643
 116708 104830 411752 558194 348471 216663 588129 345165 67924 293079 783213 630048 691349 472103 96209 717351 289083 650398 451331 546248 514967 391611 401890 277463 93582 217959 348048 655457 788765 666774 319040 448315 630226 804260 813512 448302 850372 536765 328602 592757 582352 796644 948730 1 870352 640666 218761 480136 138506 445018 613458 538211 342305 398048 246075 891172 206707 101751 425526 768313 813476 782474 942308 116554 629923 164496 597857 820927 814457 334614 219732 490536 976017 585890 510793 406480 695254 215916 710794 937916
 786863 975156 662132 869394 570298 928712 325558 865151 829255 1053419 995355 698520 1166259 717104 925554 668008 642249 1042833 798753 1122405 569898 945046 704179 647088 837419 759890 1014437 598524 951751 203961 1001149 437003 408189 122771 604226 443999 522450 817020 675593 289500 1016822 161834 625968 870352 1 1184859 827394 1136017 745719 739040 505754 333118 895780 1139612 751097 866312 956739 906445 493970 517793 518910 115509 619258 753816 335501 975436 1140281 852056 211484 653778 788332 925514 907390 930057 879479 846684 467820 921105 220365 600330
 738057 629332 528054 330293 892366 424566 1038106 356705 600489 376582 375705 533501 88665 467995 712302 616313 609155 190258 386411 94435 616129 276257 486910 612675 567337 843679 293162 636473 423417 1024425 322335 793393 786504 1072061 745801 778991 840158 377813 542674 1003105 177351 1042034 862855 640666 1184859 1 466160 182630 627696 446221 697355 905991 336696 306215 871051 611345 435884 730645 940649 775300 810469 1150162 860855 673236 850477 494099 47745 547867 1021183 564260 853554 259443 677171 276738 307529 347437 765949 426217 966203 870030
 285473 272750 231191 339439 429171 102953 607642 129827 156975 226395 564697 429036 500444 268791 312988 522833 185483 441023 234733 375656 351160 193299 206991 181964 125806 386752 202719 473823 570137 635969 182014 392460 502641 736709 632645 383829 686060 319626 167094 587862 375258 718760 770834 218761 827394 466160 1 341743 162062 237697 457518 504550 135219 314868 412789 679362 136016 320505 484656 603285 648823 762523 765127 210901 529189 181004 419474 607708 721261 184855 401659 276542 764415 368523 292397 187899 543371 95096 632104 763684
 586364 455256 477469 362843 768049 272477 945634 270904 450312 198689 496560 559185 260873 445469 542687 654503 513886 303108 361271 102941 588030 192343 435951 513948 418870 692521 140810 649972 533467 957397 166735 715694 761498 1032419 785244 703904 868692 393378 463227 920411 248759 1007460 915344 480136 1136017 182630 341743 1 493693 414865 685312 830174 240774 124631 720544 708220 273792 562967 826206 794068 834860 1084982 911916 531899 812015 323445 155996 637351 996648 485501 698545 257650 784184 332579 317475 297880 764624 276353 925095 917550
 139037 238760 289664 475494 275495 225059 484420 286303 84012 340457 702267 512998 662152 361570 224946 594461 153020 596830 360337 536306 382924 355248 288641 140885 94266 230311 352905 527039 699711 544072 327621 315205 491824 672781 683208 313540 715197 444277 204763 478387 533122 663009 816613 138506 745719 627696 162062 493693 1 339691 478164 412667 296407 443027 254784 781931 238291 219553 340063 633717 678548 664739 809996 54939 492268 235809 581241 714557 678423 205986 249292 430265 865807 514207 435368 333117 558683 219748 576486 804751
 478658 510049 89083 160398 526668 314501 612027 166568 377714 408654 374716 191942 436032 34426 541223 287973 226596 325796 59811 385199 174535 225391 58311 236641 352701 561979 324158 251712 364393 580784 324854 361110 348335 628072 405681 344936 472553 114469 148118 568834 284686 599856 543754 445018 739040 446221 237697 414865 339691 1 270772 468611 197361 457385 582860 446242 351985 544223 550575 392444 436352 705293 538657 394177 405985 411346 401273 376705 584425 161010 584803 186805 531023 216551 147461 117438 352004 307609 521427 539498
 596611 703374 228784 370702 525561 554471 486524 430962 548587 664833 494192 193988 668152 239933 703108 191290 325168 541141 324772 648342 106690 496036 262944 337289 536192 643197 590969 105150 454920 394924 587997 275497 98309 385587 218839 259582 237051 320277 294713 425287 522755 351316 342548 613458 505754 697355 457518 685312 478164 270772 1 330773 463007 724522 654291 416336 590784 696809 508007 155865 200405 502029 335513 520594 179208 637804 656031 378042 324596 282771 672471 444005 483427 430048 390418 388204 85914 546733 287059 328464
 460954 643031 381031 621693 273207 603247 156585 562223 496141 728078 798749 504664 903949 457063 598099 521871 319868 793235 526457 832269 332607 645264 420555 322596 504800 451141 700183 434762 767688 132517 683717 114509 255527 272065 527486 127371 496788 569616 368322 101503 752829 273324 618993 538211 333118 905991 504550 830174 412667 468611 330773 1 590399 819355 448616 747106 629033 580638 217831 441129 470905 258007 611266 421690 186652 643826 859086 706437 307861 346029 481419 650715 812979 681465 616068 558655 355746 595881 197768 597432
 419729 372162 242283 233968 555784 146302 711032 32217 287020 214215 448709 377272 365788 231534 431139 476173 278143 308651 160960 250426 359811 60443 202549 279967 254003 521854 127962 448534 462215 716823 127612 475897 530237 793905 599658 463682 669742 231720 222617 682381 241520 770288 736741 342305 895780 336696 135219 240774 296407 197361 463007 590399 1 261524 547984 595458 179733 442687 604628 589805 633652 844389 732026 346107 575071 247715 289237 521819 762746 244922 536190 149373 679515 248665 180880 91123 546597 142132 686719 733991
 511715 353475 501532 445560 717073 220578 918851 293567 383217 105691 607291 625922 385480 491006 445937 724319 499775 418114 413296 226404 620890 237704 463135 496768 355918 615768 133575 706111 639560 950513 139732 706796 789652 1044219 852146 697499 927572 465143 466210 902054 357370 1023259 986885 398048 1139612 306215 314868 124631 443027 457385 724522 819355 261524 1 643937 805389 205247 468554 783004 848913 892046 1077275 982731 471186 829454 233745 280470 732686 1019550 487340 617299 337369 884662 427800 394192 342940 808046 227126 937924 986314
 134186 318056 517294 727368 181060 449530 432141 540251 271291 538666 953084 737639 912117 599508 229559 806217 363767 851408 610845 777550 580397 605061 527249 351874 304019 28190 583552 727856 946949 553451 555423 406230 632982 716861 872322 415819 881004 692712 437045 461824 787115 721586 995000 246075 751097 871051 412789 720544 254784 582860 654291 448616 547984 643937 1 1011396 447433 203699 258109 805981 847165 646016 987713 202218 600557 410562 825965 948267 755567 429875 40376 684973 1092938 768267 689226 587721 721264 446744 645346 978737
 919584 951493 495553 365612 916505 738307 902721 575219 823953 799605 242104 273924 537234 420897 987356 225509 648010 422750 446236 621372 443925 583675 493443 660161 798504 993728 693052 313106 189446 801088 707880 682342 500925 744861 263648 665157 358033 364970 579045 840700 461586 704893 307997 891172 866312 611345 679362 708220 781931 446242 416336 747106 595458 805389 1011396 1 773880 990426 912997 348597 351223 893023 309903 835220 583150 839951 593071 73798 656403 582954 1019234 470794 85055 377885 419700 506959 410835 732803 669819 326411
 313417 201996 362497 413697 511827 37511 718557 198795 179814 102343 624848 542546 491815 385667 277401 639784 315485 467892 331446 341528 484113 209998 333231 309842 151041 419323 142754 599093 641024 761426 113575 519892 638540 869619 756230 512863 815489 409039 303024 706037 398703 852858 894598 206707 956739 435884 136016 273792 238291 351985 590784 629033 179733 205247 447433 773880 1 294904 578340 733129 778417 886491 889257 266422 664596 68936 394526 700437 856686 320838 424768 323467 858269 425018 360441 266964 676693 44715 765937 889086
 119801 119995 505613 659928 351921 311038 604940 446573 166854 367789 884934 726626 785632 570235 26056 811532 372163 749904 552528 636359 602476 490151 498940 359823 195080 179232 437632 746144 890429 702861 408459 504279 704062 851908 902712 507367 933645 638016 421173 620462 681477 848591 1036110 101751 906445 730645 320505 562967 219553 544223 696809 580638 442687 468554 203699 990426 294904 1 432916 852581 897189 810554 1029469 177503 694440 239591 689404 920728 872075 424568 166874 591439 1075109 687396 612507 508223 776019 311406 764975 1024059
 319560 524388 464388 710821 81118 563848 174648 584086 408837 680412 917914 648367 958907 552443 455559 690011 336053 867806 598516 854800 471002 664857 493160 330433 430582 269590 686191 603196 897146 300641 662997 232677 454116 469393 721209 249148 704207 664054 411606 206076 814433 479661 825243 425526 493970 940649 484656 826206 340063 550575 508007 217831 604628 783004 258109 912997 578340 432916 1 640646 675224 387908 817573 319713 397983 569358 892969 861777 520979 393441 296518 706982 986550 764709 689105 605721 553153 558028 412393 805119
 752224 856443 372096 446657 667958 696054 587848 558852 702857 799552 500731 241952 730472 358344 858620 168613 480699 599368 436623 741747 255079 613203 400059 492903 689150 796087 716190 144112 451071 466643 717255 413295 187131 396277 90939 399387 82909 404792 445513 522039 598063 356297 189082 768313 517793 775300 603285 794068 633717 392444 155865 441129 589805 848913 805981 348597 733129 852581 640646 1 45627 547972 181750 676458 257752 784289 739135 337794 308751 435494 825719 539801 394995 498652 481033 506133 87557 688528 325971 173247
 795941 901942 417641 483686 705669 741299 613488 602890 748165 844068 522078 278916 762619 402119 903486 196697 525538 631518 479167 780006 300655 655740 445258 537684 734646 837883 759616 186042 470594 485617 761199 450780 221320 399760 87859 437550 37284 443726 491103 547073 633645 359422 150245 813476 518910 810469 648823 834860 678548 436352 200405 470905 633652 892046 847165 351223 778417 897189 675224 45627 1 558396 142638 720794 284946 829825 775469 349965 307578 480964 867688 579394 388509 533787 520192 549118 125968 733793 339942 131833
 691966 886704 622174 847601 466632 861154 215233 815197 746796 985937 996041 695349 1139963 687751 830943 681063 577593 1021786 764861 1081191 546340 897396 663600 580560 758297 656691 957063 603089 956722 127590 941203 370913 404584 171316 638225 381512 569170 794709 621785 190396 988832 208400 682367 782474 115509 1150162 762523 1084982 664739 705293 502029 258007 844389 1077275 646016 893023 886491 810554 387908 547972 558396 1 675145 666706 322921 898743 1104149 869472 267100 599496 684232 891542 942955 908509 850652 805236 483190 853815 223218 657124
 931776 1026547 536478 549968 848216 851768 750059 703095 875793 945878 528355 356840 801204 504430 1034311 258557 657375 673128 571990 844888 427461 745123 558294 669793 859798 977664 853519 291312 473440 615651 858896 593325 363907 507978 133049 579942 114568 519778 615358 683341 689262 468457 7729 942308 619258 860855 765127 911916 809996 538657 335513 611266 732026 982731 987713 309903 889257 1029469 817573 181750 142638 675145 1 854555 424667 945048 831541 338762 411361 607762 1007213 654421 315633 590397 594705 643037 267801 844592 466050 19401
 84559 221382 341398 530296 247827 259782 475849 338055 89597 366312 757126 565150 711076 415417 187575 644631 197964 649370 415264 580727 429066 403829 342379 185371 115382 176863 391897 574898 754636 550296 365167 333906 526714 688492 729495 335026 757060 499207 256745 477441 584902 681766 861321 116554 753816 673236 210901 531899 54939 394177 520594 421690 346107 471186 202218 835220 266422 177503 319713 676458 720794 666706 854555 1 519761 249967 627369 768333 701370 255994 194726 483132 918854 568432 489725 386998 598915 255580 596420 848580
 579971 730878 334550 534096 439822 632059 330101 543359 573997 753339 673124 372474 830763 382486 706949 363300 355122 707828 465334 790970 234614 619714 376206 363852 571954 596973 699167 281755 634110 218427 689725 195359 83180 222093 346655 188670 310156 481616 364972 264441 681398 195449 432394 629923 335501 850477 529189 812015 492268 405985 179208 186652 575071 829454 600557 583150 664596 694440 397983 257752 284946 322921 424667 519761 1 697195 806450 552255 192092 345176 627719 591531 642154 594854 544285 517284 176147 624173 115736 410781
 279509 136368 412194 481559 497524 101873 719909 264899 160535 129583 693762 603075 554499 444253 219348 699145 342568 535769 395471 400445 531740 278790 386835 334823 141557 382433 203708 653909 709585 776154 175161 539386 678158 894655 812284 534433 867060 474991 344535 713753 466611 880610 950629 164496 975436 494099 181004 323445 235809 411346 637804 643826 247715 233745 410562 839951 68936 239591 569358 784289 829825 898743 945048 249967 697195 1 454766 766713 888620 359831 383556 392382 924559 493885 428591 333173 723528 107151 793411 944008
 693372 590722 481977 292603 844995 381296 990592 308983 555944 341500 363844 497208 105251 424101 671722 583065 561423 170742 341530 55796 572487 228797 440628 564931 522662 798725 251954 598734 408026 978170 281074 746283 743830 1028292 713510 731990 806052 338018 495174 955938 142655 998782 833872 597857 1140281 47745 419474 155996 581241 401273 656031 859086 289237 280470 825965 593071 394526 689404 892969 739135 775469 1104149 831541 627369 806450 454766 1 526901 979100 516813 809194 214920 662532 242587 265614 300434 726429 382566 922119 839956
 852852 879376 431075 291863 860649 664996 862930 501880 754008 725852 190707 214754 477612 352988 917027 188998 584502 357902 373840 552658 390781 509942 425968 596420 727936 929763 619443 272896 135642 770557 634124 633887 469099 729477 263274 616415 364186 291756 513301 802899 392346 690262 338454 820927 852056 547867 607708 637351 714557 376705 378042 706437 521819 732686 948267 73798 700437 920728 861777 337794 349965 869472 338762 768333 552255 766713 526901 1 645641 518599 954612 397385 157852 305789 345929 433600 386978 659564 646986 352826
 754487 917049 520624 695282 581009 824109 393927 730735 761348 945084 797996 508805 992577 557231 886586 465856 546143 864844 642129 968471 409890 804502 561367 554405 761213 756594 888288 404507 751742 241049 879920 367997 236168 96882 393463 366389 311281 644783 556586 331863 847249 58823 418348 814457 211484 1021183 721261 996648 678423 584425 324596 307861 762746 1019550 755567 656403 856686 872075 520979 308751 307578 267100 411361 701370 192092 888620 979100 645641 1 537059 787153 765438 695974 754433 713742 699458 269316 816220 110242 392836
 339104 420996 87536 319198 365855 287326 473916 216233 268070 408190 535433 310497 571540 171473 427579 388740 66863 474732 205174 487176 180803 299244 102717 78172 253703 411172 360661 321645 522737 471919 348045 231708 318629 556939 479035 218946 518114 275423 22321 440154 423687 536849 614151 334614 653778 564260 184855 485501 205986 161010 282771 346029 244922 487340 429875 582954 320838 424568 393441 435494 480964 599496 607762 255994 345176 359831 516813 518599 537059 1 436311 316988 665615 371536 295684 218298 367251 279424 450938 603645
 116579 283790 523800 724719 218065 429794 470943 530736 253285 512677 951352 746197 897885 603459 192912 818277 371528 842366 609149 759555 594139 591798 530609 359234 286660 30770 563512 741952 947550 589463 534954 432542 656271 751208 889364 441017 902120 692392 441514 498859 776916 754725 1014405 219732 788332 853554 401659 698545 249292 584803 672471 481419 536190 617299 40376 1019234 424768 166874 296518 825719 867688 684232 1007213 194726 627719 383556 809194 954612 787153 436311 1 676727 1101625 763124 684449 581559 742087 427614 677074 998852
