NAME : domp70p23v4
COMMENT : Cherkesly, Contardo & Gruson 2022
TYPE : DOMP
DIMENSION : 70
DISPLAY_DATA_TYPE : NO_DISPLAY
OPEN_FACILITIES : 23
COST_SECTION
 1 1097865 621591 93283 899759 880469 1089632 719412 392855 1167016 736523 865324 640076 528497 917311 1071779 280026 405779 1027599 586205 797840 587748 525511 878779 748798 1196280 508563 30565 869373 793945 94843 302008 223032 705282 740617 1141426 1075393 793942 803515 1129523 1097925 576796 1235642 976810 380919 633139 710241 450056 441608 677753 520566 692734 581528 876183 826130 776398 890128 736427 1244314 398165 880935 1188108 308050 790676 516918 475926 919609 462567 809969 1013798
 1097865 1 581375 1024967 383029 788484 66327 574944 713293 80230 457360 429680 751739 643054 295971 44336 818760 935807 211843 882022 419795 711607 818245 358346 693918 241506 662458 1081269 386077 416169 1020790 976831 881035 455465 372012 107718 81283 306562 402569 40532 352429 729750 151182 395359 811605 515597 389255 928072 903272 455423 755486 733342 728088 254612 696981 901309 580840 394505 184540 820347 564400 98855 821167 322458 700364 627705 319956 644149 811349 232156
 621591 581375 1 581117 606804 383589 547207 588924 360501 629208 490039 244970 202351 456695 322968 573812 369020 357885 441662 313641 527413 137845 650971 271244 222155 603390 459357 616874 578048 186290 528760 415266 405107 443079 230095 584406 596626 306857 517583 620732 481358 154294 686841 356647 526288 87104 307405 347022 322930 142546 174119 214588 609420 326833 286563 402027 738960 405139 679451 552734 720291 649200 313636 269838 519856 213860 580598 210150 351570 618450
 93283 1024967 581117 1 811596 873045 1020507 627411 313177 1096225 649107 820335 628533 438774 860963 996970 218474 421673 967482 594002 710295 567589 433392 826921 731341 1136110 418515 65244 781605 743770 109565 325241 176738 619764 676200 1074039 998396 724423 716723 1055234 1047957 559153 1165862 930746 287789 581017 635822 465136 451344 620237 503990 679642 488248 812138 809361 784113 797277 654659 1177304 304893 788290 1117249 272563 725361 424475 413658 833760 402884 806378 930307
 899759 383029 606804 811596 1 947831 429457 221783 516414 459883 163913 609585 809154 373843 507304 338771 651242 888178 510460 911325 102853 740125 487753 543824 805270 613893 394599 875694 32028 539851 846303 887079 718060 201911 394935 486213 309212 331869 101496 385779 668315 753901 524794 644749 541523 519704 299438 898926 870609 469086 751499 816377 394062 404771 844041 1004793 200705 206456 565851 538380 183052 474633 698421 381300 404972 514263 63341 534338 939405 165641
 880469 788484 383589 873045 947831 1 730916 966240 728618 800714 857056 362971 245170 839933 495636 801550 695242 488242 583718 310306 884610 315409 1030252 436670 162446 682689 841827 887216 923070 411291 787636 591169 704611 812169 553692 738312 837198 617312 871776 827982 506001 319129 831984 403671 893681 458319 661192 447243 446562 490920 371317 196712 992647 572238 103980 165404 1104538 762714 800627 921931 1085230 815262 609108 568429 901982 588944 907981 580324 76932 913092
 1089632 66327 547207 1020507 429457 730916 1 608304 712149 82071 484978 376493 707876 657357 244736 102286 809624 904470 149133 839996 453986 672924 841430 307711 643573 185057 675874 1074624 428631 373257 1009267 951561 869789 476853 352488 60395 143588 296122 436136 100234 286105 691305 146221 333410 821701 488121 389547 894003 870136 430038 720784 686178 753588 223431 641948 849120 629572 411497 160238 832684 612361 102455 804247 301873 718055 615092 366156 630259 757148 288543
 719412 574944 588924 627411 221783 966240 608304 1 369519 654935 131165 677186 781066 200059 610041 532652 505003 791343 651319 857277 155155 703184 266435 626429 808734 784450 216904 692640 202383 591706 680622 766057 567915 163216 436884 668337 511113 406388 172567 586389 799237 712659 724176 742975 342929 508429 320238 811957 783912 478166 693848 802377 173142 508947 864029 986680 178200 229614 759129 333513 165321 672216 574749 449468 203510 427288 271938 445260 940301 382248
 392855 713293 360501 313177 516414 728618 712149 369519 1 786014 352733 565068 498448 171197 576017 684313 137079 433797 672956 535263 413562 419262 309286 553490 567508 839687 158390 372671 484999 478308 330761 397675 202767 316651 379023 767443 685227 417547 416922 742749 773090 421262 856394 668259 166175 322229 324164 460905 434295 342187 383086 536655 298507 512784 640086 697933 547685 343621 870734 193614 534146 806933 208350 425270 203551 147469 530168 150694 680321 621462
 1167016 80230 629208 1096225 459883 800714 82071 654935 786014 1 537557 452292 787803 721431 322963 122561 887204 986532 217417 920424 499811 754308 898263 385711 720358 187379 740623 1151342 464448 454096 1087855 1033343 948203 535070 432706 65336 151584 373136 482655 77082 330450 772722 71771 398561 888926 569966 462019 975930 952132 511582 802696 764713 808252 305290 714906 924169 655707 473169 105970 898338 639782 21105 884390 382188 779545 693757 397250 709365 830616 303479
 736523 457360 490039 649107 163913 857056 484978 131165 352733 537557 1 552159 689281 214204 479643 417004 488149 738139 520696 779087 61336 614800 361937 498375 703839 657295 235212 712858 132963 469193 682396 729749 554808 47626 313876 545343 400846 276865 68673 473382 668073 626518 608285 613573 385908 405087 198413 752523 724111 366147 616118 704505 270810 378030 753606 891975 249079 100829 639659 386458 230283 555952 539326 321529 255547 363178 187276 382951 837420 292433
 865324 429680 244970 820335 609585 362971 376493 677186 565068 452292 552159 1 345781 608336 133915 439706 603844 581214 237678 480172 564409 331596 815079 73721 268240 378185 618162 859387 588933 90507 773128 652423 646195 514102 240592 394739 474545 281380 548865 469860 237743 349756 495281 111694 721914 244649 357049 560152 540983 227657 393468 315814 752437 213142 267728 472629 786466 451497 474950 744326 766821 469261 557336 232948 677186 422303 562210 426737 381672 554418
 640076 751739 202351 628533 809154 245170 707876 781066 498448 787803 689281 345781 1 628944 465506 751107 452001 267894 580118 134394 728834 80282 806230 403659 114763 723150 627315 645097 780366 335616 546183 362889 459449 641902 426892 734726 778572 502447 719426 792135 568534 77489 836886 440820 660143 289454 509752 234751 224250 342657 126318 53173 779499 501305 188295 206151 937361 606986 819725 689194 919003 806286 364139 460663 685424 369770 782198 357240 184686 815120
 528497 643054 456695 438774 373843 839933 657357 200059 171197 721431 214204 608336 628944 1 580384 607074 305225 601398 654794 686503 274296 548762 206991 576227 677774 811226 21018 503390 344650 517847 483134 568870 367856 194205 380327 716723 598243 386861 282855 665577 781190 554875 793201 696701 173125 391125 282396 625710 598302 383483 526437 659033 152732 494533 742992 834246 378055 248615 817197 177873 365361 741325 378957 413696 69040 259585 401421 273925 802128 504673
 917311 295971 322968 860963 507304 495636 244736 610041 576017 322963 479643 133915 465506 580384 1 306067 642684 678735 118911 598854 479134 437151 785318 62976 398995 282334 594018 907242 490889 137619 829304 737782 694357 449174 202103 269381 341643 204384 462019 336258 201113 455686 371862 137669 718038 285381 302783 663449 641448 240726 491157 441794 711822 103877 401612 605519 696016 380590 358710 736477 676563 341033 614773 167566 648795 448065 453966 458081 515504 431549
 1071779 44336 573812 996970 338771 801550 102286 532652 684313 122561 417004 439706 751107 607074 306067 1 793762 924694 236134 879401 377604 706835 778592 366769 699456 283883 626794 1054345 342221 417028 996681 961373 857071 417349 356465 150881 41870 286551 360598 58851 384445 724712 191707 416056 777008 503695 361594 918997 893567 442662 747436 735718 687803 249991 707372 908069 536512 358575 227999 784776 520065 139589 800747 308562 662880 605459 275755 622583 820469 188649
 280026 818760 369020 218474 651242 695242 809624 505003 137079 887204 488149 603844 452001 305225 642684 793762 1 322631 750264 455511 548497 380269 403258 608551 542195 919000 290051 266285 619578 525743 203678 269053 67026 450077 461049 861461 799165 514074 550854 851096 829722 376213 955666 713592 236449 362851 433017 356668 333053 401993 326423 498531 415465 596843 619385 634949 683163 469815 964411 265942 670084 908303 97377 510920 325447 196666 661616 184766 636383 748220
 405779 935807 357885 421673 888178 488242 904470 791343 433797 986532 738139 581214 267894 601398 678735 924694 322631 1 797638 182353 791607 250668 725595 623115 382594 955222 591034 418550 856484 541120 319929 104991 290942 692398 569666 942282 943629 644110 788021 974404 816335 233200 1044722 687306 559059 421000 607419 44285 43647 482118 188383 319705 730735 682452 453580 371163 966305 683875 1036714 588480 950631 1006676 228823 616235 636835 375122 879541 355243 413817 940924
 1027599 211843 441662 967482 510460 583718 149133 651319 672956 217417 520696 237678 580118 654794 118911 236134 750264 797638 1 714156 506212 555208 854017 177207 505685 168749 670629 1016164 500958 256519 941295 856068 804642 499216 294018 157386 277058 267999 488124 248901 158629 573740 257657 184277 804693 399730 372479 782082 760249 350093 609981 553003 773705 161983 497583 707549 708952 429199 240538 820500 690246 233078 728306 248489 721160 553898 450358 565670 613368 399704
 586205 882022 313641 594002 911325 310306 839996 857277 535263 920424 779087 480172 134394 686503 598854 879401 455511 182353 714156 1 824350 175817 843009 537394 233873 857355 681009 597175 881231 466853 497506 287280 443089 731498 543705 868221 905203 620412 816897 922253 700850 159662 970562 573922 684513 397554 613668 139174 144617 455956 163657 172056 830579 629463 292568 190602 1022696 705613 953974 714339 1005187 939149 358748 581905 734926 431099 890163 414388 234271 932016
 797840 419795 527413 710295 102853 884610 453986 155155 413562 499811 61336 564409 728834 274296 479134 377604 548497 791607 506212 824350 1 656576 408758 505215 735408 632137 295248 774117 71648 486161 743531 786838 615278 100393 333073 513817 357073 283453 18189 431815 658848 669261 569219 615804 444785 440900 223986 804268 775872 396172 662500 740588 315604 375476 780690 928925 222482 122885 603984 443944 202862 517189 597269 331461 311575 416612 129029 436594 869631 237350
 587748 711607 137845 567589 740125 315409 672924 703184 419262 754308 614800 331596 80282 548762 437151 706835 380269 250668 555208 175817 656576 1 726425 378439 163944 708079 547042 589830 710631 300907 492962 331262 394267 567244 367888 705263 731383 444600 647992 751523 565726 18536 808039 436677 582028 222655 441104 228661 209595 280282 68998 119120 699221 457544 241956 285773 861872 535844 795670 610871 843740 773663 297534 406510 605151 289502 716495 276995 261435 756284
 525511 818245 650971 433392 487753 1030252 841430 266435 309286 898263 361937 815079 806230 206991 785318 778592 403258 725595 854017 843009 408758 726425 1 782983 867919 1005001 197242 495560 466331 724573 516634 667258 446714 364578 586603 901703 762670 587672 423534 835269 985511 729456 969395 903505 168396 592519 484131 758050 733136 589332 692366 842134 93805 696079 936957 1007068 398165 431213 998819 140655 395020 917044 497464 617952 137976 441339 534325 450873 986138 644573
 878779 358346 271244 826921 543824 436670 307711 626429 553490 385711 498375 73721 403659 576227 62976 366769 608551 623115 177207 537394 505215 378439 782983 1 336083 332694 588067 870355 524715 85880 788883 686297 656666 463459 197167 331127 401120 222378 488945 398728 221486 396955 433231 120560 703050 246142 309470 606048 584839 211578 434881 379005 714651 141963 340705 542965 725837 397669 417704 723421 706228 403588 573056 176999 645231 417928 494168 425693 453798 481941
 748798 693918 222155 731341 805270 162446 643573 808734 567508 720358 703839 268240 114763 677774 398995 699456 542195 382594 505685 233873 735408 163944 867919 336083 1 635497 679463 752115 778808 286061 654283 477180 558191 657952 410976 662917 731065 480731 723670 734395 471766 172531 763017 348035 733092 300443 511475 348568 338947 339242 228503 63703 830453 455253 78031 209252 952595 612631 740464 761055 933524 737472 461413 433858 739571 426686 770327 418462 134321 787837
 1196280 241506 603390 1136110 613893 682689 185057 784450 839687 187379 657295 378185 723150 811226 282334 283883 919000 955222 168749 857355 632137 708079 1005001 332694 635497 1 828164 1184913 611764 417111 1109688 1018654 973296 643000 461480 134037 322788 427943 614035 258743 178109 726454 173746 288002 966735 567003 531202 936637 916290 518630 766846 689527 920675 326932 611499 824714 814294 574402 127271 981111 796920 187645 896151 414421 875709 722587 550689 734419 726023 472332
 508563 662458 459357 418515 394599 841827 675874 216904 158390 740623 235212 618162 627315 21018 594018 626794 290051 591034 670629 681009 295248 547042 197242 588067 679463 828164 1 483239 365511 527663 464604 555532 351608 214911 393094 735073 618405 402634 303867 685364 795028 552485 812392 708373 152346 396646 298173 616464 589304 392099 522199 658819 152202 509840 745912 831991 394327 268228 835849 157983 382151 760596 366734 427955 60769 257551 422436 270741 802321 525638
 30565 1081269 616874 65244 875694 887216 1074624 692640 372671 1151342 712858 859387 645097 503390 907242 1054345 266285 418550 1016164 597175 774117 589830 495560 870355 752115 1184913 483239 1 845535 786048 99959 316309 213755 682641 727269 1127156 1056988 778597 780217 1112336 1090369 579673 1220416 970592 352816 624286 692776 462790 452668 666977 523612 697369 552712 863106 829790 787723 862431 715673 1230236 369335 853501 1172413 303557 777024 489716 462937 896854 450506 817837 992293
 869373 386077 578048 781605 32028 923070 428631 202383 484999 464448 132963 588933 780366 344650 490889 342221 619578 856484 500958 881231 71648 710631 466331 524715 778808 611764 365511 845535 1 516858 815122 855061 686433 169992 369494 486694 315674 309185 69471 392127 657773 724198 531181 628553 513672 490956 270695 867495 839163 441464 720970 788576 372528 387529 819164 977080 208099 175781 570185 511468 189295 480180 666400 358613 378300 482397 70105 502467 913062 179959
 793945 416169 186290 743770 539851 411291 373257 591706 478308 454096 469193 90507 335616 517847 137619 417028 525743 541120 256519 466853 486161 300907 724573 85880 286061 417111 527663 786048 516858 1 703608 601554 572294 429248 155355 404368 446676 207982 471525 456599 304379 319407 507148 190287 633059 162938 271757 526106 503902 137991 353596 318750 662378 169495 308924 495244 708627 369335 496061 655009 689016 473184 487633 158564 586685 338351 497371 344613 414282 504110
 94843 1020790 528760 109565 846303 787636 1009267 680622 330761 1087855 682396 773128 546183 483134 829304 996681 203678 319929 941295 497506 743531 492962 516634 788883 654283 1109688 464604 99959 815122 703608 1 219496 139758 647378 658016 1059586 1002681 714999 747454 1053727 1006949 482139 1155482 884753 357036 544203 636489 364050 353124 591227 425931 598677 558963 792726 731729 688096 855982 671774 1161989 379672 845075 1108958 216128 708459 483356 394187 860865 379265 717983 950300
 302008 976831 415266 325241 887079 591169 951561 766057 397675 1033343 729749 652423 362889 568870 737782 961373 269053 104991 856068 287280 786838 331262 667258 686297 477180 1018654 555532 316309 855061 601554 219496 1 220820 686452 605236 993794 976321 675704 785653 1014008 889939 315737 1095058 761784 498865 463467 623847 148919 144715 522042 263206 415808 684475 728132 550846 476022 943792 688614 1091590 527125 929491 1053980 191839 654387 594185 376139 885930 356260 517520 957365
 223032 881035 405107 176738 718060 704611 869789 567915 202767 948203 554808 646195 459449 367856 694357 857071 67026 290942 804642 443089 615278 394267 446714 656666 558191 973296 351608 213755 686433 572294 139758 220820 1 517028 519057 920495 863496 575275 617780 914035 876618 387184 1015989 757201 278350 410674 497340 329634 309374 454730 333388 509090 468747 654193 636170 629127 745804 536572 1023081 306385 733213 969307 96902 569385 382277 254732 728637 240357 641111 814873
 705282 455465 443079 619764 201911 812169 476853 163216 316651 535070 47626 514102 641902 194205 449174 417349 450077 692398 499216 731498 100393 567244 364578 463459 657952 643000 214911 682641 169992 429248 647378 686452 517028 1 274088 537134 405771 244840 100838 475208 642030 578914 606568 580650 367256 358560 157494 706088 677676 321387 568585 657627 277807 349956 708960 844886 295885 70077 634534 371315 277279 554296 496940 286627 245720 317279 214333 337168 791284 312350
 740617 372012 230095 676200 394935 553692 352488 436884 379023 432706 313876 240592 426892 380327 202103 356465 461049 569666 294018 543705 333073 367888 586603 197167 410976 461480 393094 727269 369494 155355 658016 605236 519057 274088 1 401584 373975 76828 319258 408807 403083 384361 498531 317631 516256 150273 116654 566573 540303 89052 398270 426735 517494 135949 449744 613835 555131 214333 504029 534408 535580 453707 451781 50624 449171 264695 359697 278775 544832 388781
 1141426 107718 584406 1074039 486213 738312 60395 668337 767443 65336 545343 394739 734726 716723 269381 150881 861461 942282 157386 868221 513817 705263 901703 331127 662917 134037 735073 1127156 486694 404368 1059586 993794 920495 537134 401584 1 188928 350120 496029 126264 265353 723770 102784 335217 880097 530914 446383 929581 906579 474783 756481 709334 813966 268205 654318 864824 685564 471499 103337 891548 668688 77103 852118 351134 777863 665855 422878 680325 770204 339511
 1075393 81283 596626 998396 309212 837198 143588 511113 685227 151584 400846 474545 778572 598243 341643 41870 799165 943629 277058 905203 357073 731383 762670 401120 731065 322788 618405 1056988 315674 446676 1002681 976321 863496 405771 373975 188928 1 300789 340815 76599 426278 749011 215708 455508 769860 523258 366195 939675 913760 461872 769308 765255 670755 277725 741749 940107 504133 351400 257328 776093 488273 165483 811124 328163 651311 614546 247198 632325 853988 152373
 793942 306562 306857 724423 331869 617312 296122 406388 417547 373136 276865 281380 502447 386861 204384 286551 514074 644110 267999 620412 283453 444600 587672 222378 480731 427943 402634 778597 309185 207982 714999 675704 575275 244840 76828 350120 300789 1 267625 341302 400019 461143 441822 336741 538797 226601 104486 642206 615683 165686 474765 500193 510395 108450 513908 686079 505160 176780 453455 553511 485517 394237 514843 49456 453587 321296 290857 337594 613566 312690
 803515 402569 517583 716723 101496 871776 436136 172567 416922 482655 68673 548865 719426 282855 462019 360598 550854 788021 488124 816897 18189 647992 423534 488945 723670 614035 303867 780217 69471 471525 747454 785653 617780 100838 319258 496029 340815 267625 1 415202 640955 661004 552279 598877 454512 430791 212302 799733 771366 384601 655640 730096 330728 358274 767814 918557 237613 112452 586616 454670 217969 500182 596931 315978 323047 413511 118605 433562 857962 224763
 1129523 40532 620732 1055234 385779 827982 100234 586389 742749 77082 473382 469860 792135 665577 336258 58851 851096 974404 248901 922253 431815 751523 835269 398728 734395 258743 685364 1112336 392127 456599 1053727 1014008 914035 475208 408807 126264 76599 341302 415202 1 383736 769630 139120 433030 835741 553795 419579 967196 942237 493302 794802 773868 743984 294206 736989 941689 579952 417185 181660 843339 564315 89190 856122 359769 720876 661622 323790 678444 851501 227006
 1097925 352429 481358 1047957 668315 506001 286105 799237 773090 330450 668073 237743 568534 781190 201113 384445 829722 816335 158629 700850 658848 565726 985511 221486 471766 178109 795028 1090369 657773 304379 1006949 889939 876618 642030 403083 265353 426278 400019 640955 383736 1 583446 341343 129067 918384 466941 501767 792910 775207 432354 629675 529698 910249 292390 439740 652145 865870 572229 301815 937240 846989 338958 790821 367644 849426 639331 608687 647170 552554 556873
 576796 729750 154294 559153 753901 319129 691305 712659 421262 772722 626518 349756 77489 554875 455686 724712 376213 233200 573740 159662 669261 18536 729456 396955 172531 726454 552485 579673 724198 319407 482139 315737 387184 578914 384361 723770 749011 461143 661004 769630 583446 1 826547 454381 582664 237958 455279 210409 191763 296356 56251 122492 704529 475577 250422 279507 872913 549065 814204 611731 854914 792099 290865 423623 610019 295295 731220 281837 261761 772420
 1235642 151182 686841 1165862 524794 831984 146221 724176 856394 71771 608285 495281 836886 793201 371862 191707 955666 1044722 257657 970562 569219 808039 969395 433231 763017 173746 812392 1220416 531181 507148 1155482 1095058 1015989 606568 498531 102784 215708 441822 552279 139120 341343 826547 1 428442 960615 631750 532687 1032287 1009202 574663 859155 810628 879075 367684 751264 962973 717767 544916 53606 970098 702465 52353 950190 447908 851217 761303 462906 776475 867181 364318
 976810 395359 356647 930746 644749 403671 333410 742975 668259 398561 613573 111694 440820 696701 137669 416056 713592 687306 184277 573922 615804 436677 903505 120560 348035 288002 708373 970592 628553 190287 884753 761784 757201 580650 317631 335217 455508 336741 598877 433030 129067 454381 428442 1 820970 351999 428649 663890 646142 326526 500877 403809 835030 241358 324981 538065 833537 513452 399023 841995 814060 412303 668885 294341 765718 528513 590666 534272 440446 561708
 380919 811605 526288 287789 541523 893681 821701 342929 166175 888926 385908 721914 660143 173125 718038 777008 236449 559059 804693 684513 444785 582028 168396 703050 733092 966735 152346 352816 513672 633059 357036 498865 278350 367256 516256 880097 769860 538797 454512 835741 918384 582664 960615 820970 1 483060 436075 592806 568636 495143 540653 700372 202395 642716 806106 855619 509775 418772 981937 29850 501256 909166 332305 557184 139677 312592 573067 316831 843463 677488
 633139 515597 87104 581017 519704 458319 488121 508429 322229 569966 405087 244649 289454 391125 285381 503695 362851 421000 399730 397554 440900 222655 592519 246142 300443 567003 396646 624286 490956 162938 544203 463467 410674 358560 150273 530914 523258 226601 430791 553795 466941 237958 631750 351999 483060 1 220302 416535 390503 61427 248178 299872 542688 264693 357246 488053 654165 318390 630028 507225 635330 590558 329392 195319 457369 177729 494073 182346 433002 535272
 710241 389255 307405 635822 299438 661192 389547 320238 324164 462019 198413 357049 509752 282396 302783 361594 433017 607419 372479 613668 223986 441104 484131 309470 511475 531202 298173 692776 270695 271757 636489 623847 497340 157494 116654 446383 366195 104486 212302 419579 501767 455279 532687 428649 436075 220302 1 612515 584689 172308 456372 518341 409041 212318 557383 706870 443489 101531 549232 449917 424120 482892 448830 135478 349338 251604 277003 270445 645736 334282
 450056 928072 347022 465136 898926 447243 894003 811957 460905 975930 752523 560152 234751 625710 663449 918997 356668 44285 782082 139174 804268 228661 758050 606048 348568 936637 616464 462790 867495 526106 364050 148919 329634 706088 566573 929581 939675 642206 799733 967196 792910 210409 1032287 663890 592806 416535 612515 1 28414 477962 173247 285048 759139 673714 417214 327103 985229 693297 1022125 622436 969078 995781 260675 611531 664451 389774 887241 370343 372148 944132
 441608 903272 322930 451344 870609 446562 870136 783912 434295 952132 724111 540983 224250 598302 641448 893567 333053 43647 760249 144617 775872 209595 733136 584839 338947 916290 589304 452668 839163 503902 353124 144715 309374 677676 540303 906579 913760 615683 771366 942237 775207 191763 1009202 646142 568636 390503 584689 28414 1 451906 150311 276081 732707 649162 410084 335065 956999 665046 999930 598348 940812 972096 236338 585710 637830 361387 859161 341976 372811 916661
 677753 455423 142546 620237 469086 490920 430038 478166 342187 511582 366147 227657 342657 383483 240726 442662 401993 482118 350093 455956 396172 280282 589332 211578 339242 518630 392099 666977 441464 137991 591227 522042 454730 321387 89052 474783 461872 165686 384601 493302 432354 296356 574663 326526 495143 61427 172308 477962 451906 1 309220 347298 531201 206979 387584 535714 614105 273394 575182 517019 594907 532323 379188 134124 451848 207742 439682 217356 473462 476067
 520566 755486 174119 503990 751499 371317 720784 693848 383086 802696 616118 393468 126318 526437 491157 747436 326423 188383 609981 163657 662500 68998 692366 434881 228503 766846 522199 523612 720970 353596 425931 263206 333388 568585 398270 756481 769308 474765 655640 794802 629675 56251 859155 500877 540653 248178 456372 173247 150311 309220 1 175874 673254 500951 306242 315220 859093 545190 849620 570102 841631 822536 237835 441378 577916 268707 733360 252814 310043 782040
 692734 733342 214588 679642 816377 196712 686178 802377 536655 764713 704505 315814 53173 659033 441794 735718 498531 319705 553003 172056 740588 119120 842134 379005 63703 689527 658819 697369 788576 318750 598677 415808 509090 657627 426735 709334 765255 500193 730096 773868 529698 122492 810628 403809 700372 299872 518341 285048 276081 347298 175874 1 810868 487624 135158 188531 953492 617873 790663 729040 934782 782542 413077 455741 717935 402085 785684 391345 144007 811517
 581528 728088 609420 488248 394062 992647 753588 173142 298507 808252 270810 752437 779499 152732 711822 687803 415465 730735 773705 830579 315604 699221 93805 714651 830453 920675 152202 552712 372528 662378 558963 684475 468747 277807 517494 813966 670755 510395 330728 743984 910249 704529 879075 835030 202395 542688 409041 759139 732707 531201 673254 810868 1 618644 895662 984024 316581 346391 909797 183382 311044 826735 502601 544388 95668 409744 440612 422704 954243 550911
 876183 254612 326833 812138 404771 572238 223431 508947 512784 305290 378030 213142 501305 494533 103877 249991 596843 682452 161983 629463 375476 457544 696079 141963 455253 326932 509840 863106 387529 169495 792726 728132 654193 349956 135949 268205 277725 108450 358274 294206 292390 475577 367684 241358 642716 264693 212318 673714 649162 206979 500951 487624 618644 1 472581 664502 592190 280432 369614 658666 572724 325865 584015 87533 561656 400312 353174 413847 581568 341587
 826130 696981 286563 809361 844041 103980 641948 864029 640086 714906 753606 267728 188295 742992 401612 707372 619385 453580 497583 292568 780690 241956 936957 340705 78031 611499 745912 829790 819164 308924 731729 550846 636170 708960 449744 654318 741749 513908 767814 736989 439740 250422 751264 324981 806106 357246 557383 417214 410084 387584 306242 135158 895662 472581 1 213237 1000806 658889 723827 833677 981474 730600 539365 465200 806419 496909 804711 490012 115933 812230
 776398 901309 402027 784113 1004793 165404 849120 986680 697933 924169 891975 472629 206151 834246 605519 908069 634949 371163 707549 190602 928925 285773 1007068 542965 209252 824714 831991 787723 977080 495244 688096 476022 629127 844886 613835 864824 940107 686079 918557 941689 652145 279507 962973 538065 855619 488053 706870 327103 335065 535714 315220 188531 984024 664502 213237 1 1140743 806281 936622 885145 1122160 940519 540317 640372 889418 574718 973330 561321 100246 995561
 890128 580840 738960 797277 200705 1104538 629572 178200 547685 655707 249079 786466 937361 378055 696016 536512 683163 966305 708952 1022696 222482 861872 398165 725837 952595 814294 394327 862431 208099 708627 855982 943792 745804 295885 555131 685564 504133 505160 237613 579952 865870 872913 717767 833537 509775 654165 443489 985229 956999 614105 859093 953492 316581 592190 1000806 1140743 1 342104 761418 495824 19645 669137 752245 553590 373786 597059 263666 615856 1086339 353455
 736427 394505 405139 654659 206456 762714 411497 229614 343621 473169 100829 451497 606986 248615 380590 358575 469815 683875 429199 705613 122885 535844 431213 397669 612631 574402 268228 715673 175781 369335 671774 688614 536572 70077 214333 471499 351400 176780 112452 417185 572229 549065 544916 513452 418772 318390 101531 693297 665046 273394 545190 617873 346391 280432 658889 806281 342104 1 570446 426210 322694 492920 503991 220749 306816 312806 197319 332836 746819 278534
 1244314 184540 679451 1177304 565851 800627 160238 759129 870734 105970 639659 474950 819725 817197 358710 227999 964411 1036714 240538 953974 603984 795670 998819 417704 740464 127271 835849 1230236 570185 496061 1161989 1091590 1023081 634534 504029 103337 257328 453455 586616 181660 301815 814204 53606 399023 981937 630028 549232 1022125 999930 575182 849620 790663 909797 369614 723827 936622 761418 570446 1 992824 745601 92829 953528 453730 877246 768565 503189 782795 839438 408666
 398165 820347 552734 304893 538380 921931 832684 333513 193614 898338 386458 744326 689194 177873 736477 784776 265942 588480 820500 714339 443944 610871 140655 723421 761055 981111 157983 369335 511468 655009 379672 527125 306385 371315 534408 891548 776093 553511 454670 843339 937240 611731 970098 841995 29850 507225 449917 622436 598348 517019 570102 729040 183382 658666 833677 885145 495824 426210 992824 1 488262 918380 362010 573973 133458 338877 572821 343913 872290 678843
 880935 564400 720291 788290 183052 1085230 612361 165321 534146 639782 230283 766821 919003 365361 676563 520065 670084 950631 690246 1005187 202862 843740 395020 706228 933524 796920 382151 853501 189295 689016 845075 929491 733213 277279 535580 668688 488273 485517 217969 564315 846989 854914 702465 814060 501256 635330 424120 969078 940812 594907 841631 934782 311044 572724 981474 1122160 19645 322694 745601 488262 1 653501 737800 533946 364092 580443 246240 599362 1067325 338320
 1188108 98855 649200 1117249 474633 815262 102455 672216 806933 21105 555952 469261 806286 741325 341033 139589 908303 1006676 233078 939149 517189 773663 917044 403588 737472 187645 760596 1172413 480180 473184 1108958 1053980 969307 554296 453707 77103 165483 394237 500182 89190 338958 792099 52353 412303 909166 590558 482892 995781 972096 532323 822536 782542 826735 325865 730600 940519 669137 492920 92829 918380 653501 1 905417 403172 799066 714856 412361 730454 846421 316067
 308050 821167 313636 272563 698421 609108 804247 574749 208350 884390 539326 557336 364139 378957 614773 800747 97377 228823 728306 358748 597269 297534 497464 573056 461413 896151 366734 303557 666400 487633 216128 191839 96902 496940 451781 852118 811124 514843 596931 856122 790821 290865 950190 668885 332305 329392 448830 260675 236338 379188 237835 413077 502601 584015 539365 540317 752245 503991 953528 362010 737800 905417 1 502382 409494 197269 700677 178899 547022 777946
 790676 322458 269838 725361 381300 568429 301873 449468 425270 382188 321529 232948 460663 413696 167566 308562 510920 616235 248489 581905 331461 406510 617952 176999 433858 414421 427955 777024 358613 158564 708459 654387 569385 286627 50624 351134 328163 49456 315978 359769 367644 423623 447908 294341 557184 195319 135478 611531 585710 134124 441378 455741 544388 87533 465200 640372 553590 220749 453730 573973 533946 403172 502382 1 481803 314839 339553 329195 566072 355776
 516918 700364 519856 424475 404972 901982 718055 203510 203551 779545 255547 677186 685424 69040 648795 662880 325447 636835 721160 734926 311575 605151 137976 645231 739571 875709 60769 489716 378300 586685 483356 594185 382277 245720 449171 777863 651311 453587 323047 720876 849426 610019 851217 765718 139677 457369 349338 664451 637830 451848 577916 717935 95668 561656 806419 889418 373786 306816 877246 133458 364092 799066 409494 481803 1 316021 440599 328247 861632 547745
 475926 627705 213860 413658 514263 588944 615092 427288 147469 693757 363178 422303 369770 259585 448065 605459 196666 375122 553898 431099 416612 289502 441339 417928 426686 722587 257551 462937 482397 338351 394187 376139 254732 317279 264695 665855 614546 321296 413511 661622 639331 295295 761303 528513 312592 177729 251604 389774 361387 207742 268707 402085 409744 400312 496909 574718 597059 312806 768565 338877 580443 714856 197269 314839 316021 1 510078 20087 545945 582410
 919609 319956 580598 833760 63341 907981 366156 271938 530168 397250 187276 562210 782198 401421 453966 275755 661616 879541 450358 890163 129029 716495 534325 494168 770327 550689 422436 896854 70105 497371 860865 885930 728637 214333 359697 422878 247198 290857 118605 323790 608687 731220 462906 590666 573067 494073 277003 887241 859161 439682 733360 785684 440612 353174 804711 973330 263666 197319 503189 572821 246240 412361 700677 339553 440599 510078 1 530089 903772 110438
 462567 644149 210150 402884 534338 580324 630259 445260 150694 709365 382951 426737 357240 273925 458081 622583 184766 355243 565670 414388 436594 276995 450873 425693 418462 734419 270741 450506 502467 344613 379265 356260 240357 337168 278775 680325 632325 337594 433562 678444 647170 281837 776475 534272 316831 182346 270445 370343 341976 217356 252814 391345 422704 413847 490012 561321 615856 332836 782795 343913 599362 730454 178899 329195 328247 20087 530089 1 535346 601931
 809969 811349 351570 806378 939405 76932 757148 940301 680321 830616 837420 381672 184686 802128 515504 820469 636383 413817 613368 234271 869631 261435 986138 453798 134321 726023 802321 817837 913062 414282 717983 517520 641111 791284 544832 770204 853988 613566 857962 851501 552554 261761 867181 440446 843463 433002 645736 372148 372811 473462 310043 144007 954243 581568 115933 100246 1086339 746819 839438 872290 1067325 846421 547022 566072 861632 545945 903772 535346 1 918175
 1013798 232156 618450 930307 165641 913092 288543 382248 621462 303479 292433 554418 815120 504673 431549 188649 748220 940924 399704 932016 237350 756284 644573 481941 787837 472332 525638 992293 179959 504110 950300 957365 814873 312350 388781 339511 152373 312690 224763 227006 556873 772420 364318 561708 677488 535272 334282 944132 916661 476067 782040 811517 550911 341587 812230 995561 353455 278534 408666 678843 338320 316067 777946 355776 547745 582410 110438 601931 918175 1
LAMBDA_SECTION
1 910
2 642
3 581
4 998
5 21
6 926
7 497
8 879
9 768
10 629
11 523
12 160
13 266
14 372
15 140
16 104
17 592
18 649
19 657
20 337
21 80
22 552
23 552
24 381
25 911
26 143
27 45
28 716
29 451
30 277
31 3
32 634
33 610
34 28
35 651
36 728
37 246
38 50
39 778
40 882
41 478
42 725
43 602
44 562
45 745
46 575
47 828
48 578
49 626
50 653
51 717
52 418
53 730
54 152
55 130
56 568
57 358
58 628
59 423
60 612
61 425
62 522
63 639
64 31
65 397
66 891
67 652
68 133
69 1
70 253
