NAME : domp40p13v1
COMMENT : Cherkesly, Contardo & Gruson 2022
TYPE : DOMP
DIMENSION : 40
DISPLAY_DATA_TYPE : NO_DISPLAY
OPEN_FACILITIES : 13
COST_SECTION
 1 704501 847626 311388 663457 106851 694511 105988 623270 391062 822613 128720 217393 450372 337041 229868 479916 739740 70749 129567 123584 768487 469138 431860 410280 715246 453302 648973 205156 321852 621366 387526 402472 154798 509813 200626 263188 563728 490364 722366
 704501 1 892762 672875 321123 618318 93831 810068 600162 1005491 146472 820232 507654 948146 514507 484958 1124317 402018 700439 757846 818350 305279 962916 378660 562409 862764 363379 888288 499479 701524 647030 707116 881902 859299 677793 606272 894797 950927 768166 128135
 847626 892762 1 1106693 574938 878048 803646 881017 303841 745110 872981 948062 722091 571430 1026827 853680 844061 518043 779267 753105 847367 637183 566668 997636 1122583 150796 1004741 255209 793132 1128364 269039 1183167 553062 913537 340811 657407 750599 429766 369011 784510
 311388 672875 1106693 1 772327 236123 704654 367711 840272 689296 815946 316735 387063 761756 158547 268455 758413 867139 376761 440943 406413 852622 780525 298688 151023 989202 317691 937563 319102 29183 853424 78450 712722 389463 767297 456253 565330 870601 774180 743282
 663457 321123 574938 772327 1 617920 229581 755068 296206 848235 306421 792152 447768 744184 634899 513157 972950 99824 627618 659534 746358 113881 754947 542132 716155 561690 538946 606019 485741 800761 346545 831738 682588 804597 414488 491793 764484 704955 519050 209915
 106851 618318 878048 236123 617920 1 618179 206469 626647 494898 744080 202500 178289 538544 232457 133850 586576 702714 152917 224431 229758 715906 557408 325793 311493 755846 347410 701648 133177 253835 633415 314571 484769 250826 537309 222090 366672 637813 538500 649454
 694511 93831 803646 704654 229581 618179 1 798092 515615 966544 128959 816313 485658 895210 549044 488715 1088091 308222 681089 732384 801572 213522 908955 422757 608973 780268 411111 811943 490899 733774 563819 747267 829641 848204 605326 572486 862360 885824 700636 42127
 105988 810068 881017 367711 755068 206469 798092 1 684209 322515 926546 71326 315790 418916 425689 335015 393918 826160 128138 127991 42205 862808 436756 531570 488219 740474 553342 662288 310589 370527 675361 436925 383881 50365 553350 271180 202922 551529 513770 824906
 623270 600162 303841 840272 296206 626647 515615 684209 1 661586 602626 741803 454526 519206 742306 576000 782087 274704 563465 561767 659938 385620 524833 699742 836675 265748 705432 315302 521181 864657 51012 913473 469311 726567 165523 422645 615204 440437 268995 502949
 391062 1005491 745110 689296 848235 494898 966544 322515 661586 1 1092779 383498 508242 175390 727241 594542 124745 888234 346905 274580 282896 962055 184069 808646 800858 594371 828801 491770 544647 692987 630179 759427 198172 312288 497124 399873 128228 327787 405164 981995
 822613 146472 872981 815946 306421 744080 128959 926546 602626 1092779 1 943454 614592 1015602 658091 613052 1214935 356524 810015 861213 930429 239630 1028698 524155 708592 868050 509400 910370 618408 844798 652892 852471 950636 976586 710973 700586 990264 997188 810804 111810
 128720 820232 948062 316735 792152 202500 816313 71326 741803 383498 943454 1 345490 489039 397043 336343 442390 868187 178457 195774 112555 896826 506691 515444 448577 809002 537525 732461 325508 315481 735804 380758 455106 73308 617011 321846 269642 622812 582137 845745
 217393 507654 722091 387063 447768 178289 485658 315790 454526 508242 614592 345490 1 490805 312389 135970 621994 528134 195438 250234 316191 551350 508549 331080 407921 612484 347345 575413 71880 410647 466364 462112 426852 366152 386250 117154 390435 550953 413086 510497
 450372 948146 571430 761756 744184 538544 895210 418916 519206 175390 1015602 489039 490805 1 764068 605899 275630 768455 387121 320848 376835 855836 18867 817775 849240 421027 835553 317072 545673 771617 481378 837650 66419 427861 354401 373656 225301 153780 251317 903821
 337041 514507 1026827 158547 634899 232457 549044 425689 742306 727241 658091 397043 312389 764068 1 176437 815868 732548 383976 456267 455879 707049 782832 141442 95993 923636 161580 887435 241023 187039 763139 200038 706576 461859 696556 411728 599033 849712 724471 588468
 229868 484958 853680 268455 513157 133850 488715 335015 576000 594542 613052 336343 135970 605899 176437 1 697151 604639 249787 320570 352086 602949 624322 214868 272101 747634 234497 711256 65125 295063 593052 338463 544977 381796 520812 240373 468434 679958 548602 521772
 479916 1124317 844061 758413 972950 586576 1088091 393918 782087 124745 1214935 442390 621994 275630 815868 697151 1 1012610 447385 377967 360311 1086779 277989 908451 882029 694592 929309 588854 652085 757868 748683 822959 313775 369201 616862 518073 231829 415997 520658 1104513
 739740 402018 518043 867139 99824 702714 308222 826160 274704 888234 356524 868187 528134 768455 732548 604639 1012610 1 698025 722596 813706 119214 777159 641879 815007 529422 638769 589591 572439 895303 325114 928234 710692 874711 421109 557226 815371 709549 528667 279533
 70749 700439 779267 376761 627618 152917 681089 128138 563465 346905 810015 178457 195438 387121 383976 249787 447385 698025 1 72677 121239 736144 405979 462382 464367 645461 482864 578268 207605 389116 558529 454003 336049 177061 443172 144251 219488 494951 420082 705695
 129567 757846 753105 440943 659534 224431 732384 127991 561767 274580 861213 195774 250234 320848 456267 320570 377967 722596 72677 1 98316 770792 339599 534174 535289 613256 554456 537599 274181 450938 550295 516852 274507 165372 426224 167932 147867 438503 386407 754414
 123584 818350 847367 406413 746358 229758 801572 42205 659938 282896 930429 112555 316191 376835 455879 352086 360311 813706 121239 98316 1 855859 394630 555331 522494 705207 576821 624772 320524 410378 648572 476916 342752 67211 523805 256485 161295 510578 479021 826667
 768487 305279 637183 852622 113881 715906 213522 862808 385620 962055 239630 896826 551350 855836 707049 602949 1086779 119214 736144 770792 855859 1 866142 599215 781085 645624 592254 700617 582766 881561 436607 906664 794928 912689 519506 602865 877999 810337 625784 177396
 469138 962916 566668 780525 754947 557408 908955 436756 524833 184069 1028698 506691 508549 18867 782832 624322 277989 777159 405979 339599 394630 866142 1 835968 868083 416779 853664 311651 563909 790307 485791 856366 82613 444879 360805 391428 241707 143729 256063 916963
 431860 378660 997636 298688 542132 325793 422757 531570 699742 808646 524155 515444 331080 817775 141442 214868 908451 641879 462382 534174 555331 599215 835968 1 186221 911456 22101 891433 272151 326475 728824 328457 755401 573510 686027 446293 681810 881540 733985 463774
 410280 562409 1122583 151023 716155 311493 608973 488219 836675 800858 708592 448577 407921 849240 95993 272101 882029 815007 464367 535289 522494 781085 868083 186221 1 1019560 199290 982441 336312 171380 858369 150439 793647 518362 792519 504563 673340 940493 819205 649934
 715246 862764 150796 989202 561690 755846 780268 740474 265748 594371 868050 809002 612484 421027 923636 747634 694592 529422 645461 613256 705207 645624 416779 911456 1019560 1 921218 107150 684363 1009062 216500 1066917 402543 770537 227338 533771 601837 282812 226872 768603
 453302 363379 1004741 317691 538946 347410 411111 553342 705432 828801 509400 537525 347345 835553 161580 234497 929309 638769 482864 554456 576821 592254 853664 22101 199290 921218 1 903431 290316 345140 735739 344420 772803 595443 696582 463267 702194 896935 747037 452504
 648973 888288 255209 937563 606019 701648 811943 662288 315302 491770 910370 732461 575413 317072 887435 711256 588854 589591 578268 537599 624772 700617 311651 891433 982441 107150 903431 1 646423 955283 264549 1015940 304957 688193 214641 482580 509183 175685 163871 805555
 205156 499479 793132 319102 485741 133177 490899 310589 521181 544647 618408 325508 71880 545673 241023 65125 652085 572439 207605 274181 320524 582766 563909 272151 336312 684363 290316 646423 1 343809 535373 392786 483669 359917 458053 176470 421002 615742 483604 520322
 321852 701524 1128364 29183 800761 253835 733774 370527 864657 692987 844798 315481 410647 771617 187039 295063 757868 895303 389116 450938 410378 881561 790307 326475 171380 1009062 345140 955283 343809 1 876847 66619 724255 388721 788383 475441 570660 883949 792296 772437
 621366 647030 269039 853424 346545 633415 563819 675361 51012 630179 652892 735804 466364 481378 763139 593052 748683 325114 558529 550295 648572 436607 485791 728824 858369 216500 735739 264549 535373 876847 1 928080 434944 715665 134086 421749 592146 394518 230062 552277
 387526 707116 1183167 78450 831738 314571 747267 436925 913473 759427 852471 380758 462112 837650 200038 338463 822959 928234 454003 516852 476916 906664 856366 328457 150439 1066917 344420 1015940 392786 66619 928080 1 789649 454062 844340 534379 637271 948394 852503 787220
 402472 881902 553062 712722 682588 484769 829641 383881 469311 198172 950636 455106 426852 66419 706576 544977 313775 710692 336049 274507 342752 794928 82613 755401 793647 402543 772803 304957 483669 724255 434944 789649 1 399826 303807 309878 206864 167936 207439 838829
 154798 859299 913537 389463 804597 250826 848204 50365 726567 312288 976586 73308 366152 427861 461859 381796 369201 874711 177061 165372 67211 912689 444879 573510 518362 770537 595443 688193 359917 388721 715665 454062 399826 1 591001 318456 204112 567602 544838 875175
 509813 677793 340811 767297 414488 537309 605326 553350 165523 497124 710973 617011 386250 354401 696556 520812 616862 421109 443172 426224 523805 519506 360805 686027 792519 227338 696582 214641 458053 788383 134086 844340 303807 591001 1 316702 458772 290888 107591 602792
 200626 606272 657407 456253 491793 222090 572486 271180 422645 399873 700586 321846 117154 373656 411728 240373 518073 557226 144251 167932 256485 602865 391428 446293 504563 533771 463267 482580 176470 475441 421749 534379 309878 318456 316702 1 289951 439595 318757 591905
 263188 894797 750599 565330 764484 366672 862360 202922 615204 128228 990264 269642 390435 225301 599033 468434 231829 815371 219488 147867 161295 877999 241707 681810 673340 601837 702194 509183 421002 570660 592146 637271 206864 204112 458772 289951 1 371073 386507 881025
 563728 950927 429766 870601 704955 637813 885824 551529 440437 327787 997188 622812 550953 153780 849712 679958 415997 709549 494951 438503 510578 810337 143729 881540 940493 282812 896935 175685 615742 883949 394518 948394 167936 567602 290888 439595 371073 1 186554 887258
 490364 768166 369011 774180 519050 538500 700636 513770 268995 405164 810804 582137 413086 251317 724471 548602 520658 528667 420082 386407 479021 625784 256063 733985 819205 226872 747037 163871 483604 792296 230062 852503 207439 544838 107591 318757 386507 186554 1 701131
 722366 128135 784510 743282 209915 649454 42127 824906 502949 981995 111810 845745 510497 903821 588468 521772 1104513 279533 705695 754414 826667 177396 916963 463774 649934 768603 452504 805555 520322 772437 552277 787220 838829 875175 602792 591905 881025 887258 701131 1
LAMBDA_SECTION
1 821
2 345
3 685
4 57
5 32
6 222
7 68
8 649
9 187
10 526
11 764
12 281
13 365
14 91
15 468
16 926
17 392
18 722
19 973
20 274
21 908
22 429
23 30
24 580
25 150
26 600
27 79
28 414
29 892
30 640
31 931
32 928
33 700
34 573
35 425
36 782
37 527
38 725
39 545
40 289
