NAME : domp50p16v8
COMMENT : Cherkesly, Contardo & Gruson 2022
TYPE : DOMP
DIMENSION : 50
DISPLAY_DATA_TYPE : NO_DISPLAY
OPEN_FACILITIES : 16
COST_SECTION
 1 189111 601789 248057 783669 296390 499975 436806 485379 652897 795352 251061 293206 599841 428602 799010 529993 677719 701339 400280 421161 651653 165333 622173 577733 602183 48352 689191 230988 425403 527041 287347 579106 223293 309060 594044 778873 199280 744898 418118 506822 238437 769607 557875 582363 290269 407570 243311 206705 670705
 189111 1 764951 350575 780275 136100 316865 438446 509403 463809 791895 277791 439411 763868 374383 767389 406909 697341 702849 506795 429418 697255 351708 782416 391159 758434 212323 672649 51159 507460 565019 376755 720508 283126 200047 404965 715988 247916 666349 437074 318707 378405 760642 656136 636279 397283 219652 329996 74151 716657
 601789 764951 1 439703 743423 892025 1079462 591954 545278 1195409 750713 805662 328233 6367 705420 836231 894516 617188 682653 335035 947759 525243 450491 27921 1147096 46372 613840 728031 814932 393368 514242 758189 133926 760787 910346 1138840 911032 756666 930337 933859 1071133 389246 751644 322695 477580 730688 976406 741256 738428 531546
 248057 350575 439703 1 565645 486061 652114 246361 264945 756417 576948 498982 121769 440074 308557 603855 479859 448006 483139 158235 668513 409448 218424 452194 714034 423930 287578 486601 401645 177466 292948 519148 374385 468718 530938 700390 617177 446895 604406 664365 637531 77831 556393 313596 338513 512163 546487 480137 308301 428018
 783669 780275 743423 565645 1 895447 954895 349292 301793 941003 11740 1021865 626629 748468 414794 117317 517297 130567 82798 490292 1190805 218182 782926 732343 971576 699445 830574 113870 817379 423999 278284 1070343 609807 1003361 978272 907762 246789 974544 312216 1192377 908394 627379 28425 422042 273702 1069157 862596 1026964 707115 212906
 296390 136100 892025 486061 895447 1 212207 562493 637165 391270 906880 262009 570063 890571 481863 871295 467614 821001 820901 642749 370811 827099 461122 910691 295774 888036 302020 784749 86182 643172 694797 383690 853680 289295 97069 335456 805079 257989 747392 385109 235620 509656 874055 792165 768156 414025 146037 343337 196513 846402
 499975 316865 1079462 652114 954895 212207 1 660819 742308 195259 965472 456529 751930 1078639 549942 905324 456697 906112 890414 800420 520206 932769 665157 1095903 85307 1070596 511394 841025 269739 786352 804469 581400 1026461 491353 265829 150133 811934 463132 742475 540126 60081 690710 929878 937748 883904 614894 106551 545451 343913 951172
 436806 438446 591954 246361 349292 562493 660819 1 82384 700953 361031 672574 345253 594654 130368 365036 318625 259011 268409 258885 841652 272011 460838 594106 697803 560344 484435 252543 479921 199221 145317 724144 482079 654562 638395 654343 370996 625389 362965 843088 625414 321289 333549 322995 226450 725308 558417 679859 367719 290566
 485379 509403 545278 264945 301793 637165 742308 82384 1 782759 313264 729283 340520 548646 209788 342504 392417 193130 219017 225504 899721 191560 483193 544153 780118 509810 531395 224004 553158 157116 62945 770576 426575 707391 709263 736536 378611 680193 387239 899503 707560 331051 291534 253751 144189 768183 639297 728071 440998 210514
 652897 463809 1195409 756417 941003 391270 195259 700953 782759 1 950324 647137 868766 1195463 574359 870208 423927 918583 888950 889029 715158 963767 813709 1208576 117703 1180228 673399 829851 426101 860857 845483 771433 1124877 679006 458268 58870 757034 648789 681349 735273 155807 808936 913733 1008550 926830 803546 250202 733246 464510 980537
 795352 791895 750713 576948 11740 906880 965472 361031 313264 950324 1 1033604 637201 755805 426067 118384 526776 139944 94334 500389 1202543 225638 794114 739312 981673 706550 842239 124537 828915 434364 289043 1081999 616985 1015083 989831 917444 250246 986277 317231 1204116 918757 638395 36605 429837 282668 1080755 873453 1038643 718706 219566
 251061 277791 805662 498982 1021865 262009 456529 672574 729283 647137 1033604 1 529452 802480 636807 1024906 684507 922409 940674 648735 170826 901296 358646 829489 541679 815276 213611 921314 272751 676408 774666 124919 807380 47904 191138 593633 986058 52657 940517 170536 491944 481347 1005569 806219 832658 159643 407801 94106 346256 920468
 293206 439411 328233 121769 626629 570063 751930 345253 340520 868766 637201 529452 1 327798 425392 682173 600998 499967 546901 144744 691362 440447 185870 343984 818878 319100 318445 563510 490058 203756 348628 520479 286450 491233 599351 811733 712853 477035 708198 683050 742901 61226 622221 289636 369107 504816 648370 489120 410202 456771
 599841 763868 6367 440074 748468 890571 1078639 594654 548646 1195463 755805 802480 327798 1 707531 840902 896392 622039 687378 337340 943995 530287 447792 33680 1146568 52406 611429 732426 813761 396270 518150 754228 139238 757488 908244 1138806 915105 753622 934000 929986 1070661 388711 756545 327481 482180 726550 975752 737598 737928 536720
 428602 374383 705420 308557 414794 481863 549942 130368 209788 574359 426067 636807 425392 707531 1 393026 191489 356198 343750 370633 799326 390342 497730 710213 579129 677233 476643 303053 406661 319731 271901 708623 603323 627770 567821 529883 351710 595204 316956 804392 509425 386046 392585 452232 353111 716670 452272 661936 300233 407668
 799010 767389 836231 603855 117317 871295 905324 365036 342504 870208 118384 1024906 682173 840902 393026 1 452926 221092 153850 556163 1190204 316587 821890 827490 912619 793796 847108 118667 798928 486991 339635 1085881 704157 1011615 959775 842368 135479 980611 208089 1194153 854718 673007 95034 513676 358838 1088822 820197 1040644 693239 315740
 529993 406909 894516 479859 517297 467614 456697 318625 392417 423927 526776 684507 600998 896392 191489 452926 1 499787 465898 560641 828344 555376 638610 900235 459701 867554 573680 405932 417259 511205 451345 780217 794661 688801 564075 391118 355401 653770 288000 838729 403572 554116 490226 641599 530417 796785 381913 732854 343302 570489
 677719 697341 617188 448006 130567 821001 906112 259011 193130 918583 139944 922409 499967 622039 356198 221092 499787 1 68247 361241 1092845 95867 662449 607488 933571 574055 723213 131022 738867 296364 155298 961625 484310 900189 897344 878861 320632 873236 366754 1092602 865140 504918 134741 294612 143369 957784 807446 919789 626704 97805
 701339 702849 682653 483139 82798 820901 890414 268409 219017 888950 94334 940674 546901 687378 343750 153850 465898 68247 1 413238 1110000 164085 700699 673685 911982 640037 748116 69428 741364 345653 198335 987826 550367 921517 901758 852381 254175 892990 304582 1111209 846252 545754 75426 359995 205805 986443 795219 944593 630272 165521
 400280 506795 335035 158235 490292 642749 800420 258885 225504 889029 500389 648735 144744 337340 370633 556163 560641 361241 413238 1 815913 296469 325743 339653 857367 306924 435182 438626 557605 69565 216689 654452 238200 614875 689168 835248 603912 596148 611198 809831 780906 171279 488546 157626 225753 641923 693989 619571 459098 312419
 421161 429418 947759 668513 1190805 370811 520206 841652 899721 715158 1202543 170826 691362 943995 799326 1190204 828344 1092845 1110000 815913 1 1072060 512685 972991 599911 962017 381436 1088794 411261 845970 945472 192493 962230 201075 276088 668929 1145073 221888 1095598 24302 568665 646611 1173937 972936 1003276 225954 503970 207165 502120 1091217
 651653 697255 525243 409448 218182 827099 932769 272011 191560 963767 225638 901296 440447 530287 390342 316587 555376 95867 164085 296469 1072060 1 614259 514392 967940 481356 694552 223459 742388 239896 132332 928586 391676 874812 896294 920181 414352 850415 455887 1069723 896465 455429 227456 204384 71987 921145 830378 889140 630615 19447
 165333 351708 450491 218424 782926 461122 665157 460838 483193 813709 794114 358646 185870 447792 497730 821890 638610 662449 700699 325743 512685 614259 1 473180 742222 457366 165540 704928 395754 374413 507250 335815 449984 316220 464678 754869 828794 308041 809044 502554 670399 158861 774404 475405 542273 319025 571267 307154 354775 631745
 622173 782416 27921 452194 732343 910691 1095903 594106 544153 1208576 739312 829489 343984 33680 710213 827490 900235 607488 673685 339653 972991 514392 473180 1 1162459 34462 635604 721036 832675 394934 510278 783882 123355 784923 931076 1152360 905766 780141 927312 959336 1086312 405197 741506 314019 469653 756753 992277 766272 753850 519789
 577733 391159 1147096 714034 971576 295774 85307 697803 780118 117703 981673 541679 818878 1146568 579129 912619 459701 933571 911982 857367 599911 967940 742222 1162459 1 1136048 591872 858187 346752 837881 842943 666576 1087850 576659 350793 89195 809955 548355 737195 620525 76562 757863 945468 988599 923611 700171 172045 630757 408678 985773
 602183 758434 46372 423930 699445 888036 1070596 560344 509810 1180228 706550 815276 319100 52406 677233 793796 867554 574055 640037 306924 962017 481356 457366 34462 1136048 1 617758 686924 808967 361129 475824 774405 89751 771438 911237 1124316 871417 765245 892850 949056 1059759 380262 708247 280172 435691 748483 966439 754931 727740 487140
 48352 212323 613840 287578 830574 302020 511394 484435 531395 673399 842239 213611 318445 611429 476643 847108 573680 723213 748116 435182 381436 694552 165540 635604 591872 617758 1 736921 247466 464872 571525 239858 601177 181147 299167 614781 827130 160986 792700 376806 523616 268140 816853 592622 624605 241964 424791 196676 242501 713467
 689191 672649 728031 486601 113870 784749 841025 252543 224004 829851 124537 921314 563510 732426 303053 118667 405932 131022 69428 438626 1088794 223459 704928 721036 858187 686924 736921 1 708073 369244 222790 976534 597875 905402 869240 795408 190969 875406 236231 1091464 794631 554830 89744 407451 251803 977836 748955 932015 598951 228177
 230988 51159 814932 401645 817379 86182 269739 479921 553158 426101 828915 272751 490058 813761 406661 798928 417259 738867 741364 557605 411261 742388 395754 832675 346752 808967 247466 708073 1 557055 610056 382502 771603 286656 161217 367610 740519 251862 687117 421485 276583 429142 796836 706249 682711 407046 177488 337379 112279 761735
 425403 507460 393368 177466 423999 643172 786352 199221 157116 860857 434364 676408 203756 396270 319731 486991 511205 296364 345653 69565 845970 239896 374413 394934 837881 361129 464872 369244 557055 1 147980 693478 283900 646011 698188 809036 534910 624356 544001 841674 762007 215655 421069 151426 167916 684059 679908 655866 452075 257338
 527041 565019 514242 292948 278284 694797 804469 145317 62945 845483 289043 774666 348628 518150 271901 339635 451345 155298 198335 216689 945472 132332 507250 510278 842943 475824 571525 222790 610056 147980 1 808693 389266 750231 764237 799436 397532 724509 417303 944100 770234 350119 273724 206254 81348 803825 701053 767637 498302 151689
 287347 376755 758189 519148 1070343 383690 581400 724144 770576 771433 1081999 124919 520479 754228 708623 1085881 780217 961625 987826 654452 192493 928586 335815 783882 666576 774405 239858 976534 382502 693478 808693 1 780090 96095 316040 717412 1060329 130641 1021110 176339 615975 483182 1056711 808456 857603 38386 529711 47467 436957 947164
 579106 720508 133926 374385 609807 853680 1026461 482079 426575 1124877 616985 807380 286450 139238 603323 704157 794661 484310 550367 238200 962230 391676 449984 123355 1087850 89751 601177 597875 771603 283900 389266 780090 1 766009 885781 1070244 783289 755809 806566 951253 1011296 344989 618499 190678 346355 757649 920868 755690 682574 397692
 223293 283126 760787 468718 1003361 289295 491353 654562 707391 679006 1015083 47904 491233 757488 627770 1011615 688801 900189 921517 614875 201075 874812 316220 784923 576659 771438 181147 905402 286656 646011 750231 96095 766009 1 228787 624186 978880 35231 936487 195664 523256 445590 988109 771861 805241 124743 435086 54246 346428 893822
 309060 200047 910346 530938 978272 97069 265829 638395 709263 458268 989831 191138 599351 908244 567821 959775 564075 897344 901758 689168 276088 896294 464678 931076 350793 911237 299167 869240 161217 698188 764237 316040 885781 228787 1 406502 898142 204261 842022 291785 304489 541432 957917 843320 834093 350385 229481 282142 271502 915722
 594044 404965 1138840 700390 907762 335456 150133 654343 736536 58870 917444 593633 811733 1138806 529883 842368 391118 878861 852381 835248 668929 920181 754869 1152360 89195 1124316 614781 795408 367610 809036 799436 717412 1070244 624186 406502 1 734397 593395 660143 688318 102017 751685 880960 957718 880723 748885 192545 678373 406229 937348
 778873 715988 911032 617177 246789 805079 811934 370996 378611 757034 250246 986058 712853 915105 351710 135479 355401 320632 254175 603912 1145073 414352 828794 905766 809955 871417 827130 190969 740519 534910 397532 1060329 783289 978880 898142 734397 1 945917 77279 1151621 757915 692228 220365 594115 439610 1067987 735469 1013638 642953 418373
 199280 247916 756666 446895 974544 257989 463132 625389 680193 648789 986277 52657 477035 753622 595204 980611 653770 873236 892990 596148 221888 850415 308041 780141 548355 765245 160986 875406 251862 624356 724509 130641 755809 35231 204261 593395 945917 1 902751 219593 492984 428697 958808 753607 781452 157036 403235 86360 311669 869536
 744898 666349 930337 604406 312216 747392 742475 362965 387239 681349 317231 940517 708198 934000 316956 208089 288000 366754 304582 611198 1095598 455887 809044 927312 737195 892850 792700 236231 687117 544001 417303 1021110 806566 936487 842022 660143 77279 902751 1 1103383 687359 681363 284460 620950 470538 1031173 669867 973961 594792 462653
 418118 437074 933859 664365 1192377 385109 540126 843088 899503 735273 1204116 170536 683050 929986 804392 1194153 838729 1092602 1111209 809831 24302 1069723 502554 959336 620525 949056 376806 1091464 421485 841674 944100 176339 951253 195664 291785 688318 1151621 219593 1103383 1 587634 639777 1175981 966435 1000461 208047 520694 195590 508964 1088800
 506822 318707 1071133 637531 908394 235620 60081 625414 707560 155807 918757 491944 742901 1070661 509425 854718 403572 865140 846252 780906 568665 896465 670399 1086312 76562 1059759 523616 794631 276583 762007 770234 615975 1011296 523256 304489 102017 757915 492984 687359 587634 1 681957 882845 912895 850579 647845 99254 577489 332743 914519
 238437 378405 389246 77831 627379 509656 690710 321289 331051 808936 638395 481347 61226 388711 386046 673007 554116 504918 545754 171279 646611 455429 158861 405197 757863 380262 268140 554830 429142 215655 350119 483182 344989 445590 541432 751685 692228 428697 681363 639777 681957 1 620242 326721 383447 471128 587224 448504 349219 472985
 769607 760642 751644 556393 28425 874055 929878 333549 291534 913733 36605 1005569 622221 756545 392585 95034 490226 134741 75426 488546 1173937 227456 774404 741506 945468 708247 816853 89744 796836 421069 273724 1056711 618499 988109 957917 880960 220365 958808 284460 1175981 882845 620242 1 429231 277525 1056434 838438 1012885 687174 224457
 557875 656136 322695 313596 422042 792165 937748 322995 253751 1008550 429837 806219 289636 327481 452232 513676 641599 294612 359995 157626 972936 204384 475405 314019 988599 280172 592622 407451 706249 151426 206254 808456 190678 771861 843320 957718 594115 753607 620950 966435 912895 326721 429231 1 155734 794060 831320 774967 602759 213012
 582363 636279 477580 338513 273702 768156 883904 226450 144189 926830 282668 832658 369107 482180 353111 358838 530417 143369 205805 225753 1003276 71987 542273 469653 923611 435691 624605 251803 682711 167916 81348 857603 346355 805241 834093 880723 439610 781452 470538 1000461 850579 383447 277525 155734 1 849719 779907 818557 571823 89803
 290269 397283 730688 512163 1069157 414025 614894 725308 768183 803546 1080755 159643 504816 726550 716670 1088822 796785 957784 986443 641923 225954 921145 319025 756753 700171 748483 241964 977836 407046 684059 803825 38386 757649 124743 350385 748885 1067987 157036 1031173 208047 647845 471128 1056434 794060 849719 1 559749 70786 453795 939476
 407570 219652 976406 546487 862596 146037 106551 558417 639297 250202 873453 407801 648370 975752 452272 820197 381913 807446 795219 693989 503970 830378 571267 992277 172045 966439 424791 748955 177488 679908 701053 529711 920868 435086 229481 192545 735469 403235 669867 520694 99254 587224 838438 831320 779907 559749 1 488996 238805 848982
 243311 329996 741256 480137 1026964 343337 545451 679859 728071 733246 1038643 94106 489120 737598 661936 1040644 732854 919789 944593 619571 207165 889140 307154 766272 630757 754931 196676 932015 337379 655866 767637 47467 755690 54246 282142 678373 1013638 86360 973961 195590 577489 448504 1012885 774967 818557 70786 488996 1 389570 907876
 206705 74151 738428 308301 707115 196513 343913 367719 440998 464510 718706 346256 410202 737928 300233 693239 343302 626704 630272 459098 502120 630615 354775 753850 408678 727740 242501 598951 112279 452075 498302 436957 682574 346428 271502 406229 642953 311669 594792 508964 332743 349219 687174 602759 571823 453795 238805 389570 1 649931
 670705 716657 531546 428018 212906 846402 951172 290566 210514 980537 219566 920468 456771 536720 407668 315740 570489 97805 165521 312419 1091217 19447 631745 519789 985773 487140 713467 228177 761735 257338 151689 947164 397692 893822 915722 937348 418373 869536 462653 1088800 914519 472985 224457 213012 89803 939476 848982 907876 649931 1
LAMBDA_SECTION
1 277
2 295
3 30
4 298
5 790
6 513
7 585
8 84
9 134
10 645
11 48
12 740
13 454
14 275
15 315
16 364
17 85
18 389
19 386
20 42
21 940
22 125
23 701
24 668
25 872
26 217
27 206
28 951
29 904
30 182
31 373
32 81
33 715
34 24
35 437
36 615
37 413
38 368
39 226
40 2
41 534
42 547
43 287
44 677
45 376
46 557
47 962
48 588
49 336
50 240
