NAME : domp100p25v5
COMMENT : Cherkesly, Contardo & Gruson 2022
TYPE : DOMP
DIMENSION : 100
DISPLAY_DATA_TYPE : NO_DISPLAY
OPEN_FACILITIES : 25
COST_SECTION
 1 632637 1090762 300046 661685 347269 294113 549519 106923 693546 283923 422990 829324 26178 559363 938059 204935 303359 839521 858298 1001342 947340 902547 799431 107005 799709 991785 1068389 596131 866112 67744 162571 867950 52208 311357 683465 32699 921769 695591 699923 1070266 947186 888109 969466 582350 313427 917235 561773 200441 409718 591905 786240 59805 343827 729616 262592 890076 848884 786077 920950 774189 875340 327918 167934 49531 724713 872561 659463 598259 140339 480997 556203 812674 238136 785498 652414 1018411 556867 922951 194911 266450 726848 538293 674215 255151 304153 323963 656039 712171 407959 967056 213664 621589 979793 563330 619344 239108 241527 645633 608655
 632637 1 472831 365188 495864 430544 355748 436367 530329 64460 633670 350789 268554 629842 694577 568720 608814 406308 492740 384933 369216 425541 555538 185649 537123 276236 388126 496673 221196 311129 681992 471602 237285 668428 540452 190558 659368 319460 610613 73690 490979 314739 371840 346596 85879 469597 303117 576234 619967 277919 520552 517262 665813 558669 629662 399650 266216 317644 360417 475514 149109 491012 320367 586592 652207 339867 321707 436805 291261 668622 218904 564149 552728 565953 155467 495206 432361 368113 456315 645011 499628 595664 104788 78529 468438 598616 317362 549947 720388 393655 358310 497340 149879 347804 138578 537359 515132 490180 140877 469010
 1090762 472831 1 799499 871827 898032 827102 855631 984813 424640 1104480 722682 282340 1084111 973028 778888 1081645 878588 756947 589436 151068 274860 791055 376242 988600 509435 109517 163269 524338 463075 1145442 934572 243025 1131060 1009008 544237 1119757 360661 792068 423233 142234 192925 297299 279358 547537 863140 173572 839822 1036508 748399 762929 606731 1129780 1023979 790507 871631 206785 500845 632300 396702 369599 478463 764219 1013285 1103087 477741 261843 808203 694329 1139422 683029 830311 626137 1038403 348187 694321 130295 648003 364523 1117761 971612 751387 554561 465541 885682 1067803 766913 750605 914809 760252 126077 970029 562851 205851 591177 762300 987797 962953 450033 699795
 300046 365188 799499 1 599602 327021 176275 489812 193638 429530 438106 142521 531385 289002 438031 810546 374718 261987 714634 677125 723180 647423 782908 547547 193574 591596 697341 769021 296111 647440 362424 171249 588916 346828 387196 474651 331590 679211 479681 438102 771441 670944 588111 711772 341229 136379 626987 371166 255383 256909 365418 517595 348787 422110 511681 201388 604774 640564 619895 626061 514030 587588 49460 221562 305209 429654 573296 568654 451297 387550 298369 361014 548564 359498 520311 402378 720664 279196 625937 397297 321411 496298 261616 424587 108022 425351 62316 425884 540875 150170 674255 277184 407181 709143 345026 393268 315241 292607 350141 357628
 661685 495864 871827 599602 1 316920 434381 114931 615942 499311 448016 697398 753884 678001 1036706 301097 492556 373383 214628 333074 725495 911849 261216 497943 632216 368793 825072 952853 682178 430849 664816 543279 642540 660646 366553 336641 667588 534344 1035930 493632 941524 678945 862452 616999 416003 734563 738825 954909 787028 345374 926632 991478 650314 346748 1062652 434093 689536 393645 260319 971191 515434 984596 558447 740154 707290 825662 805860 63823 204671 589789 331569 943475 1027416 441480 539100 931519 883123 789895 951066 527079 396280 1035915 514376 447583 689693 405333 541078 975149 1121951 727940 792685 448263 348254 675525 364862 950945 424370 420178 629803 893797
 347269 430544 898032 327021 316920 1 151591 203057 300219 473420 209180 455685 689779 362164 757642 592095 210340 65977 494070 532603 776809 839417 555926 545465 316774 496741 818353 925638 522780 567734 358964 229774 655840 352387 111104 393266 356466 644942 802609 474930 920860 722185 781184 709854 350791 450150 732342 698184 474313 153761 688387 809608 343286 128695 833494 130343 691972 542587 455651 859424 535841 845442 300160 427310 391496 677345 741791 312263 271495 299080 215024 687987 843788 157599 554313 714786 862555 578147 848877 249428 93003 814424 380330 434406 395989 170111 282205 746092 867892 474214 788067 134140 347486 741216 307776 715591 120043 107837 516254 671644
 294113 355748 827102 176275 434381 151591 1 321200 208472 411813 300782 304849 589824 298550 611403 673680 259152 88603 575153 570768 723107 729714 641951 509819 221577 506334 736459 831016 393352 572133 333317 134835 592792 321213 227691 389527 315891 628904 651206 416707 829075 668160 670106 680068 293949 304538 655021 547131 361076 118369 536930 665671 316713 259042 682262 45535 621246 555711 502423 734884 488294 712387 149037 315521 325569 545468 639222 411698 317830 312875 187296 536807 699096 224356 501994 565220 772900 430802 727914 292914 167587 663842 277403 386083 255764 276371 131310 595056 716903 322624 708538 146186 327542 696402 270075 564222 173017 147017 406766 521625
 549519 436367 855631 489812 114931 203057 321200 1 501177 453622 354778 594915 703373 565047 927782 396515 389450 258461 301199 377335 716251 861264 358590 480140 517402 379102 795993 918387 600471 448587 556139 428363 616729 551066 264614 311671 556900 544272 938182 450244 909229 665509 808196 621852 351411 623553 708143 850862 672118 240761 826972 907628 541160 251153 966148 319321 660955 415336 298097 908493 487750 913444 450707 625234 594373 749748 756383 114829 161303 485628 242480 839669 943357 336784 510448 837474 850026 695792 891206 425870 286179 941315 434590 403558 576930 310686 432961 878161 1019239 623099 763778 335856 300574 670816 298305 852174 314498 308208 560253 798020
 106923 530329 984813 193638 615942 300219 208472 501177 1 592283 308017 321646 722418 99772 506615 875835 230159 243266 776942 779239 897982 841056 842390 701436 16966 712668 885277 961495 489712 776842 169067 75359 764177 153368 300138 594905 138013 826663 616267 599154 963344 844156 781715 870794 484871 227310 811367 487444 177085 326840 507729 691333 156032 336524 650112 188160 785089 762234 710458 817245 674176 774296 221207 130867 122298 620774 765664 604302 524593 208413 394267 480359 719352 240732 684428 562228 911527 457783 818334 238432 240304 643396 433792 575886 164527 313457 217937 571824 647134 311114 860790 181624 530732 878080 470533 535776 218691 209326 538866 517658
 693546 64460 424640 429530 499311 473420 411813 453622 592283 1 680067 412247 254616 691536 751328 536763 660212 455564 468375 344418 311344 412547 527631 122532 599541 232517 348532 465873 266958 257296 741307 531774 183379 728041 584372 170852 719651 256403 655516 11251 457849 256360 363834 282252 123041 533450 261043 630060 684403 324359 570897 547036 724990 599805 672438 454591 218711 268866 331706 478082 84651 504519 384395 650848 714397 365743 306580 437481 298467 724088 258471 618064 581691 615325 92159 539361 398593 418911 455367 697222 548018 637000 169169 51738 532895 643167 380924 595833 768725 455196 317214 550194 153613 286276 167794 585962 565327 541010 174737 516552
 283923 633670 1104480 438106 448016 209180 300782 354778 308017 680067 1 580445 884741 308643 814569 747209 80179 228840 654546 722991 985566 1028697 707988 754639 323195 699543 1021602 1124052 693826 770979 253984 275950 863157 257007 100026 600597 272673 852108 909614 682171 1120576 930833 969353 918519 557039 524528 936717 787441 472760 356183 797011 953966 244645 103655 942767 256859 897896 743501 643933 1035514 744616 1010714 432673 431074 332992 844846 935461 468621 469483 161812 422716 779251 985755 78969 762722 839977 1063040 715624 1028691 94307 135796 930966 571297 642700 461428 44288 417880 859630 951423 585274 991976 162101 556604 950374 516106 825257 128188 153967 704613 795074
 422990 350789 722682 142521 697398 455685 304849 594915 321646 412247 580445 1 442637 407077 355386 871465 517032 393375 780671 713694 670147 536352 848683 534738 317059 614525 615365 668467 198462 658954 489058 312228 539648 473193 525999 506149 455596 668467 347639 422736 673833 622389 479167 684368 361229 140819 556502 257954 317230 354160 234035 375464 477056 559954 377998 337412 544538 660419 668780 498937 494295 452748 155830 301397 416974 303709 476596 657378 523631 524846 371499 246347 406122 501716 494025 261642 628296 137658 502821 538698 461013 359002 251355 424669 175310 566568 173580 290423 424661 42955 596817 419093 441592 666691 384973 260613 456562 433236 281359 217409
 829324 268554 282340 531385 753884 689779 589824 703373 722418 254616 884741 442637 1 819958 698750 764258 848974 656107 708483 563101 269897 158256 761848 299296 724191 453935 173474 241699 244386 446964 888195 680427 183568 873135 796783 422747 859830 385398 536308 260778 241552 241978 110671 348278 354433 583444 134027 565600 758701 536115 490528 372559 873312 818448 541316 635358 152310 473792 570351 234393 261279 282515 501750 738186 836573 209637 53155 692086 552019 894156 484742 555409 400898 811934 239938 428825 189280 366869 207288 882185 748964 501999 313573 306353 610028 853288 507511 487472 659584 479061 158878 736004 406770 293186 406938 493610 760243 734362 185290 427300
 26178 629842 1084111 289002 678001 362164 298550 565047 99772 691536 308643 407077 819958 1 533757 951016 229207 315004 852294 866367 997715 935079 915984 799522 95815 804883 984024 1058021 584392 870438 89958 164434 863938 75298 332196 687932 54120 923462 672635 698256 1060373 943846 876094 969212 582603 293000 910739 538237 174399 415709 570003 766891 84373 365424 706652 270137 884785 854247 795169 905813 773045 858520 320011 142963 29333 709920 862290 673754 607661 166510 485846 532898 792783 260185 783648 631816 1009206 539478 908593 220543 284503 704609 533561 674056 236448 327547 317453 634043 687355 390089 959842 229833 625040 977510 565862 597273 257763 258165 637193 588347
 559363 694577 973028 438031 1036706 757642 611403 927782 506615 751328 814569 355386 698750 533757 1 1226484 736603 691669 1134802 1067753 961627 724042 1202995 871294 491800 966027 864354 870075 494154 1005700 621109 548458 843920 607906 794915 860483 586457 1002252 224861 762392 882614 922269 682498 1003989 715261 307531 830871 133312 360777 691862 210269 411315 617897 831733 250026 627486 834828 1010444 1024151 631616 827887 551114 478336 392125 522541 495298 711270 1002624 875155 697915 721204 143345 415144 744778 822863 284148 854200 341671 652893 741481 729657 273948 602088 771708 363690 817369 495629 236220 168806 316868 855912 674318 796636 971423 740356 214558 714230 697916 592461 273246
 938059 568720 778888 810546 301097 592095 673680 396515 875835 536763 747209 871465 764258 951016 1226484 1 785945 636242 98905 201727 629185 908438 40385 465215 890779 310833 770240 902120 788716 325969 950343 800556 601241 944310 660767 379365 948516 419907 1175337 526638 885744 599711 873186 499530 519759 945622 697340 1123319 1034498 561083 1077871 1083211 934938 644573 1196255 687686 648694 293330 208615 998509 503592 1036428 762791 989184 980200 902419 808189 281959 359963 882095 512269 1111239 1118120 733280 524355 1061350 833964 927660 971375 822134 680542 1163292 636243 493909 913625 703840 748249 1113981 1279182 909689 740569 726150 435510 573962 487328 1097667 708841 699793 707324 1031770
 204935 608814 1081645 374718 492556 210340 259152 389450 230159 660212 80179 517032 848974 229207 736603 785945 1 205615 690319 741898 970079 987579 747797 745116 244806 706485 993799 1090132 645201 777220 181688 206359 843390 182372 126005 600293 196181 851279 838564 663581 1088032 915027 927811 912685 537969 451059 910983 713829 392649 337732 727019 892313 170329 150070 872010 213617 874981 752713 664202 986343 730454 956536 375750 351255 254301 792871 898259 504193 481677 97378 409263 706034 923148 53641 746840 773569 1031604 653885 981586 39142 118632 861856 536287 627397 387612 101068 362638 790273 876128 518229 965254 112995 549632 938502 502504 755283 95992 119275 665616 728575
 303359 406308 878588 261987 373383 65977 88603 258461 243266 455564 228840 393375 656107 315004 691669 636242 205615 1 537441 558522 764703 801489 601648 539796 259270 510139 793608 895214 474007 579611 325552 169906 638924 316672 144233 399389 317295 648623 739298 458582 891774 709673 742438 707966 332896 384174 709370 633072 413904 132129 624967 752960 309135 172839 770521 64598 671805 557970 484441 813994 524861 795381 237545 366959 344097 627693 707062 361423 296659 280729 203956 622985 786642 159845 541407 653814 834324 518992 805295 243645 93490 752376 342919 421834 330268 197943 219890 683449 802693 410197 764307 102574 345548 732890 296952 652372 109947 86680 477188 610227
 839521 492740 756947 714634 214628 494070 575153 301199 776942 468375 654546 780671 708483 852294 1134802 98905 690319 537441 1 168237 605882 858646 68387 414452 791905 258643 734800 867080 709456 293919 852711 701671 557897 846434 565807 302304 850332 397322 1092339 459064 852191 569428 818855 481152 435960 850218 656213 1034742 936108 463355 992134 1009933 837198 551293 1114517 588799 606345 256531 138178 940875 447840 972582 667343 890674 881458 831128 755411 186401 263357 785947 416940 1022721 1045313 637333 470249 979660 797558 843510 915427 727004 583249 1082669 551694 421770 816791 610782 652420 1030795 1193187 817972 703736 627997 351859 551374 399241 1012875 611496 601865 633256 948288
 858298 384933 589436 677125 333074 532603 570768 377335 779239 344418 722991 713694 563101 866367 1067753 201727 741898 558522 168237 1 438404 706736 204870 263831 792155 112441 572081 704360 605915 127478 884056 705090 400062 875115 625737 207571 874892 229236 995525 333704 688701 403901 671675 312924 352573 806429 496886 956013 920012 452401 904098 890848 867656 620572 1014183 596256 447824 92268 79430 797470 303326 837495 627734 877576 894394 709019 606556 279625 262317 831512 387748 943873 925180 688415 323451 879978 635477 751932 770030 780667 625604 979622 466438 306992 784493 678837 615938 934876 1104668 754521 541734 658885 273374 383655 333761 921758 652270 636684 518448 853794
 1001342 369216 151068 723180 725495 776809 723107 716251 897982 311344 985566 670147 269897 997715 961627 629185 970079 764703 605882 438404 1 341290 640467 237127 903912 360061 161195 282919 479251 312029 1051206 840751 134310 1037636 887752 405041 1028422 209919 806187 306989 264133 55076 336863 130725 432236 806349 136819 829408 971920 632683 756260 638417 1035015 899555 811002 765920 127509 349869 482055 460081 240971 530267 682433 943346 1019210 479287 278598 662202 555474 1035416 563152 818689 664276 923883 223318 697783 221802 622488 427313 1007503 856067 771636 464728 343207 818913 946813 681962 756702 929414 711094 142109 860973 432575 55224 469554 761226 874649 850808 388805 693497
 947340 425541 274860 647423 911849 839417 729714 861264 841056 412547 1028697 536352 158256 935079 724042 908438 987579 801489 858646 706736 341290 1 909020 444807 840524 601132 185534 146035 351391 584877 1009615 807602 309093 994102 944171 579258 979005 508403 527338 418347 159397 337349 59897 452891 511315 673760 220698 593243 851336 686576 515349 336019 995627 967666 522259 774961 264165 615324 721091 122783 411276 203675 625374 837744 948553 242419 106014 849834 710262 1024960 639129 585195 352835 953825 388509 440057 144621 428775 90067 1018940 893126 483829 459427 464268 711086 999415 634007 492342 648120 565734 199217 875254 565011 383321 564117 509608 902234 876207 324301 454512
 902547 555538 791055 782908 261216 555926 641951 358590 842390 527631 707988 848683 761848 915984 1202995 40385 747797 601648 68387 204870 640467 909020 1 464324 857540 308201 776919 909173 773861 332032 913538 767237 604143 907773 622375 365063 912378 430550 1158284 517901 893397 608111 871610 512248 501794 918551 701447 1102320 1003017 531044 1058932 1072044 898251 605581 1180030 654387 652158 297047 196055 995472 500570 1030315 735683 957403 945223 892251 807258 244521 331612 844191 485311 1090284 1107237 695328 522174 1045115 840343 909763 969130 783737 643543 1147770 617915 482683 884824 664750 720714 1096787 1260101 886143 746604 690062 417493 585349 466432 1079387 671870 663426 695423 1014355
 799431 185649 376242 547547 497943 545465 509819 480140 701436 122532 754639 534738 299296 799522 871294 465215 745116 539796 414452 263831 237127 444807 464324 1 709954 156333 328888 459284 381410 151769 842947 636862 146707 830485 655698 168475 823805 133912 764701 112277 446396 185405 407977 170279 217081 655221 245163 747950 802918 408225 685965 639583 826390 665507 779183 549611 195022 175019 277916 533684 45230 575910 500998 767866 823697 457960 343141 434126 318975 816987 335876 736060 672653 696734 60630 648593 389206 535268 506214 783402 628620 742374 290085 125559 652500 714658 495908 706424 881025 577691 296708 639513 198211 196361 243155 699319 649137 626474 284446 629327
 107005 537123 988600 193574 632216 316774 221577 517402 16966 599541 323195 317059 724191 95815 491800 890779 244806 259270 791905 792155 903912 840524 857540 709954 1 724174 888267 962499 489453 787805 172031 90319 769909 156176 316933 606201 139201 836052 605256 606637 964716 850306 781366 878950 493826 216927 815305 475376 160119 339836 497612 684301 160113 353272 639166 203155 789908 773781 723944 814264 681924 769773 224389 113939 115301 617935 766724 620007 538549 218264 406315 468542 711821 256875 691696 553671 913426 452206 816029 251534 257258 633256 439303 584403 155008 329533 222462 561788 633863 304416 864190 198575 541572 884922 480968 525558 235545 226292 541387 509287
 799709 276236 509435 591596 368793 496741 506334 379102 712668 232517 699543 614525 453935 804883 966027 310833 706485 510139 258643 112441 360061 601132 308201 156333 724174 1 477992 609961 496168 71485 832565 640872 299405 822157 599760 118385 819446 166729 885870 221683 595721 317610 563470 248298 255022 715881 397896 851054 841301 390111 796737 778482 815920 601223 903826 537867 347911 49651 124436 687949 192854 725969 542250 800968 831783 596611 499059 306793 231145 790004 319041 838931 812771 654262 214064 770018 540151 644315 661205 745627 587940 868859 364089 197732 699617 656501 532324 825547 996598 656278 446505 612658 185132 308255 247465 813560 612590 593737 406998 745021
 991785 388126 109517 697341 825072 818353 736459 795993 885277 348532 1021602 615365 173474 984024 864354 770240 993799 793608 734800 572081 161195 185534 776919 328888 888267 477992 1 132340 416905 444996 1048230 838122 182654 1033554 928522 489663 1021431 353294 687110 349461 117795 172312 195150 284638 468510 756065 87977 731081 930453 666044 654437 505756 1032853 946056 687103 781589 135712 480114 602364 307667 310230 384362 664111 908487 1002054 369275 153178 761307 636017 1046909 604776 721450 527514 952738 286816 587001 63880 538503 274699 1028921 887077 647780 460284 394923 780539 986739 667950 643900 810297 652305 32405 881264 496702 209898 516119 654493 901516 876176 347214 591214
 1068389 496673 163269 769021 952853 925638 831016 918387 961495 465873 1124052 668467 241699 1058021 870075 902120 1090132 895214 867080 704360 282919 146035 909173 459284 962499 609961 132340 1 475206 577191 1128319 921541 312577 1113123 1034187 616403 1099296 483976 671708 468441 21039 302889 193264 411742 580718 808086 214481 739157 985467 771990 661253 478306 1113643 1054221 665155 876543 264414 612435 734246 254643 437469 340311 741744 968885 1073463 384820 195834 889247 760017 1135803 715572 731015 492057 1052234 413775 586085 70079 569402 225662 1123628 988444 627224 554018 514962 841077 1091427 748211 638091 791415 700720 163459 977138 617857 335751 630885 655640 1000590 974802 426847 600155
 596131 221196 524338 296111 682178 522780 393352 600471 489712 266958 693826 198462 244386 584392 494154 788716 645201 474007 709456 605915 479251 351391 773861 381410 489453 496168 416905 475206 1 524125 658226 457714 353703 642712 618114 409401 627694 509670 389723 278202 479062 434784 292004 510200 275817 339182 359843 367506 514381 380553 304666 309343 644269 646216 408468 436985 352053 535214 580113 341743 336877 322757 275211 494842 598844 154661 280706 629351 482504 675890 358098 355766 345293 616376 329888 274066 431403 154176 336443 674309 560743 374698 167804 298942 366711 669345 285177 329423 501769 236159 398598 534975 358400 481984 321139 319043 565698 539860 98414 249604
 866112 311129 463075 647440 430849 567734 572133 448587 776842 257296 770979 658954 446964 870438 1005700 325969 777220 579611 293919 127478 312029 584877 332032 151769 787805 71485 444996 577191 524125 1 900641 706095 276204 889926 671167 182651 886628 105673 911565 246046 561367 276431 553170 190111 306675 767526 371455 886544 899844 457316 828184 791110 883973 672703 927335 605174 323121 38477 174325 680758 195959 726378 598482 860697 896924 609302 487365 370516 302583 859918 385154 874501 824316 725167 212172 795325 508538 676115 652121 816354 658618 891091 407700 234528 755240 727968 589753 852370 1025811 701411 414925 682183 246260 257748 307565 843167 683011 663789 429880 773631
 67744 681992 1145442 362424 664816 358964 333317 556139 169067 741307 253984 489058 888195 89958 621109 950343 181688 325552 852711 884056 1051206 1009615 913538 842947 172031 832565 1048230 1128319 658226 900641 1 211071 918706 15871 302292 718408 35865 961758 762542 747047 1129581 996646 950155 1013224 626448 381171 971893 628189 260408 443557 659428 853809 16682 330453 796562 296060 942892 881133 809541 986056 820115 941717 386590 232351 98891 789638 932544 669078 622009 94259 516520 622853 880356 226167 832681 720158 1076856 623699 987372 159864 270073 794240 591222 718655 322699 282448 380884 723531 776478 475109 1022728 226342 659057 1027321 603063 686805 241734 251177 703595 676390
 162571 471602 934572 171249 543279 229774 134835 428363 75359 531774 275950 312228 680427 164434 548458 800556 206359 169906 701671 705090 840751 807602 767237 636862 90319 640872 838122 921541 457714 706095 211071 1 707925 197075 246598 523665 187879 759548 633734 537924 921975 786340 747784 806916 419782 249695 761062 512143 244597 252934 521437 687650 195249 283456 666960 112876 731821 690318 635677 794192 611893 758314 182507 197591 190918 598372 726214 529892 449462 218426 321887 503715 717916 200262 623557 567238 868319 449720 792363 226471 182079 655900 380193 511675 187481 271434 173782 584398 677662 311897 812238 125860 460606 818041 401540 549700 165798 150198 495244 522243
 867950 237285 243025 588916 642540 655840 592792 616729 764177 183379 863157 539648 183568 863938 843920 601241 843390 638924 557897 400062 134310 309093 604143 146707 769909 299405 182654 312577 353703 276204 918706 707925 1 904959 766915 307882 895353 203061 704211 180999 299850 82958 281544 167643 306327 674229 98685 713474 838277 507703 643228 552615 902611 781251 712974 636328 48552 307973 423015 410572 129025 465505 548147 809262 885209 379483 215549 578753 455882 905616 440849 702294 582385 798700 106369 591508 242499 502444 380389 880229 731387 674222 330624 222532 685233 825828 547808 650784 825884 581226 150330 732945 320551 128282 348452 651130 748646 724245 259381 581770
 52208 668428 1131060 346828 660646 352387 321213 551066 153368 728041 257007 473193 873135 75298 607906 944310 182372 316672 846434 875115 1037636 994102 907773 830485 156176 822157 1033554 1113123 642712 889926 15871 197075 904959 1 300230 707532 21457 949996 747526 733897 1114474 983139 934667 1000759 613791 365577 957497 613405 247467 432650 644090 838037 12440 329548 781549 284895 928797 870866 801042 970250 807203 925848 371446 218141 86846 773843 917329 663461 613323 100511 505381 607969 864641 224367 819546 704550 1061874 607833 971624 163612 264904 778989 577024 705979 306933 283436 365975 708215 762481 459265 1008173 218917 647658 1014165 591198 671509 236613 244570 688645 660741
 311357 540452 1009008 387196 366553 111104 227691 264614 300138 584372 100026 525999 796783 332196 794915 660767 126005 144233 565807 625737 887752 944171 622375 655698 316933 599760 928522 1034187 618114 671167 302292 246598 766915 300230 1 500650 310430 752112 866517 585979 1029884 833177 885379 818868 461606 492780 842816 752073 476125 262650 752410 892732 288997 36867 898744 189201 802824 644012 547030 958223 646802 939047 371900 430683 360219 771556 848313 379439 370136 223272 326073 742853 925830 76153 665379 787641 971826 656497 949391 161371 66332 883340 484854 545497 432371 59062 355295 813072 919923 537338 898424 120930 457521 851702 418873 780353 81734 97371 620014 743310
 683465 190558 544237 474651 336641 393266 389527 311671 594905 170852 600597 506149 422747 687932 860483 379365 600293 399389 302304 207571 405041 579258 365063 168475 606201 118385 489663 616403 409401 182651 718408 523665 307882 707532 500650 1 704040 251688 796404 163035 605431 353867 532965 319739 145242 601093 402773 750356 723197 274886 701002 707637 701731 506649 816967 422684 353952 168016 170752 648885 179439 674140 425217 682666 714556 529066 473414 273265 150521 680115 202508 738219 743010 549310 202944 682090 546809 549710 625831 639298 481815 783928 260430 121137 582610 558891 414783 735173 902185 546955 457262 501830 67474 361299 129713 719882 505047 484698 330953 653194
 32699 659368 1119757 331590 667588 356466 315891 556900 138013 719651 272673 455596 859830 54120 586457 948516 196181 317295 850332 874892 1028422 979005 912378 823805 139201 819446 1021431 1099296 627694 886628 35865 187879 895353 21457 310430 704040 1 944690 726677 725766 1100961 974088 919698 994012 606830 345720 946190 592354 226063 429412 623660 818820 32142 340992 760697 281582 918307 868382 801578 953390 799568 908004 358133 196782 65945 757104 903464 668424 613698 119573 501591 586997 845155 235225 811408 684704 1048792 589563 955228 180343 271311 758423 566423 698911 287765 297053 353489 687748 741083 440652 996408 222366 643223 1005914 585899 651010 243245 249063 675765 641025
 921769 319460 360661 679211 534344 644942 628904 544272 826663 256403 852108 668467 385398 923462 1002252 419907 851279 648623 397322 229236 209919 508403 430550 133912 836052 166729 353294 483976 509670 105673 961758 759548 203061 949996 752112 251688 944690 1 886221 246189 466927 181149 484339 84479 342580 788900 288663 877154 934519 520193 812882 748089 945099 757043 898496 666055 244550 144144 279858 613440 174897 667886 631961 898483 948542 569608 418457 473000 390845 928952 446706 865381 779362 800688 179787 770821 417160 663839 582949 890184 733003 860722 423642 254715 784958 810149 625944 829450 1004853 711421 325237 750495 303685 154837 358830 824729 755707 734681 411482 754579
 695591 610613 792068 479681 1035930 802609 651206 938182 616267 655516 909614 347639 536308 672635 224861 1175337 838564 739298 1092339 995525 806187 527338 1158284 764701 605256 885870 687110 671708 389723 911565 762542 633734 704211 747526 866517 796404 726677 886221 1 666703 686483 774948 494934 871165 656502 389102 670069 137342 516583 698176 114366 195980 755259 901698 34026 680723 684681 924329 966943 422556 719501 338218 502476 532574 669708 327110 536088 990821 849303 823363 704781 140645 193346 832850 708781 116241 666306 249296 447696 852935 800444 49427 540689 688620 452419 901811 520497 61591 123490 329649 684573 752945 740791 825988 694799 87054 792209 770832 481686 144175
 699923 73690 423233 438102 493632 474930 416707 450244 599154 11251 682171 422736 260778 698256 762392 526638 663581 458582 459064 333704 306989 418347 517901 112277 606637 221683 349461 468441 278202 246046 747047 537924 180999 733897 585979 163035 725766 246189 666703 1 459957 251926 370484 273920 125687 543197 261688 641252 693165 326989 582146 557497 730687 600778 683562 459107 218137 257716 322094 485936 75984 513588 392606 659256 721348 376050 312334 431488 293885 728567 259910 629252 592080 618204 85653 550539 400684 430152 462805 700787 550713 648075 178458 46775 541912 644866 388772 607045 779968 465677 317880 554035 149734 280276 168102 597209 568455 544324 185788 527793
 1070266 490979 142234 771441 941524 920860 829075 909229 963344 457849 1120576 673833 241552 1060373 882614 885744 1088032 891774 852191 688701 264133 159397 893397 446396 964716 595721 117795 21039 479062 561367 1129581 921975 299850 1114474 1029884 605431 1100961 466927 686483 459957 1 286099 202645 393569 574299 813904 202707 751195 991036 767401 673295 493944 1114760 1049304 680652 874567 252143 596970 720114 271821 426138 357141 743032 973541 1076299 394558 198481 877828 750207 1135319 709709 742844 508602 1049400 402528 598922 59273 577878 242073 1121906 985135 642493 551746 506250 845546 1087396 749018 651664 806770 706907 149726 975056 608927 317470 623861 668392 997815 972108 426777 611765
 947186 314739 192925 670944 678945 722185 668160 665509 844156 256360 930833 622389 241978 943846 922269 599711 915027 709673 569428 403901 55076 337349 608111 185405 850306 317610 172312 302889 434784 276431 996646 786340 82958 983139 833177 353867 974088 181149 774948 251926 286099 1 323307 115626 377163 757183 118384 790942 920984 577675 719284 614412 980426 845323 781708 710904 90352 313010 441334 450682 186405 514996 629529 891618 965584 448090 260464 615355 504378 980398 508307 779957 642143 868902 168338 664198 236124 581479 418631 952436 801112 742563 411443 288304 767936 892236 628654 723409 897574 663843 145319 805898 378824 51250 414754 725801 819619 795754 341689 657113
 888109 371840 297299 588111 862452 781184 670106 808196 781715 363834 969353 479167 110671 876094 682498 873186 927811 742438 818855 671675 336863 59897 871610 407977 781366 563470 195150 193264 292004 553170 950155 747784 281544 934667 885379 532965 919698 484339 494934 370484 202645 323307 1 436861 457209 617533 205062 550268 795135 628714 472496 310683 936102 909251 493274 715310 241147 581485 680772 129114 371248 193407 565612 780489 889888 191917 66073 801093 659551 965085 582887 541579 332538 894291 349437 400219 172300 376177 99059 959095 833857 454114 400927 415482 653417 940380 574158 455097 617534 509699 199292 815547 514512 372391 510232 469200 842726 816695 265366 410338
 969466 346596 279358 711772 616999 709854 680068 621852 870794 282252 918519 684368 348278 969212 1003989 499530 912685 707966 481152 312924 130725 452891 512248 170279 878950 248298 284638 411742 510200 190111 1013224 806916 167643 1000759 818868 319739 994012 84479 871165 273920 393569 115626 436861 1 387195 812188 233037 875252 966493 577066 806897 719634 996665 826117 880415 719629 197292 228587 364118 565050 197946 626833 666520 933091 993090 547091 372705 555084 465165 986355 504127 863822 748859 863399 192297 757779 347693 662523 533272 951231 795342 841736 450833 295257 814613 877481 662576 817004 992376 727011 259711 808481 363199 76144 412409 816035 816720 794587 412457 746272
 582350 85879 547537 341229 416003 350791 293949 351411 484871 123041 557039 361229 354433 582603 715261 519759 537969 332896 435960 352573 432236 511315 501794 217081 493826 255022 468510 580718 275817 306675 626448 419782 306327 613791 461606 145242 606830 342580 656502 125687 574299 377163 457209 387195 1 461536 381890 605673 595086 201385 558150 582647 609940 477803 678566 335185 341218 302587 312438 558043 194502 568594 292630 557463 607036 411109 407586 359076 211832 604269 136307 593543 618521 492532 209308 543734 515358 408080 540003 575283 425096 646959 116502 92210 448799 520318 285017 594996 759468 402372 437814 428826 84341 402937 53108 577957 442776 418700 213845 512565
 313427 469597 863140 136379 734563 450150 304538 623553 227310 533450 524528 140819 583444 293000 307531 945622 451059 384174 850218 806429 806349 673760 918551 655221 216927 715881 756065 808086 339182 767526 381171 249695 674229 365577 492780 601093 345720 788900 389102 543197 813904 757183 617533 812188 461536 1 695931 262948 177610 393174 280686 474423 371936 529292 422894 320107 681983 763981 752240 627521 617577 572784 182883 168028 296522 436218 617115 704805 587018 435161 433409 254985 499839 449889 620111 338991 768940 254461 634510 464028 426699 416330 365278 537440 63508 521067 198059 344870 428038 108082 737181 373891 533901 799827 472713 308637 413929 395415 418661 295359
 917235 303117 173572 626987 738825 732342 655021 708143 811367 261043 936717 556502 134027 910739 830871 697340 910983 709370 656213 496886 136819 220698 701447 245163 815305 397896 87977 214481 359843 371455 971893 761062 98685 957497 842816 402773 946190 288663 670069 261688 202707 118384 205062 233037 381890 695931 1 697993 867181 580702 623607 501807 956250 859682 674395 699826 50166 404626 521658 332322 223434 397402 590968 842469 929942 343647 143355 675141 548363 966822 518193 687579 528114 868896 199840 562827 144482 495085 300348 946630 802729 635005 381194 306995 715410 901239 593442 621498 793422 595624 56195 798857 408728 167424 428791 627323 817912 792781 278986 560505
 561773 576234 839822 371166 954909 698184 547131 850862 487444 630060 787441 257954 565600 538237 133312 1123319 713829 633072 1034742 956013 829408 593243 1102320 747950 475376 851054 731081 739157 367506 886544 628189 512143 713474 613405 752073 750356 592354 877154 137342 641252 751195 790942 550268 875252 605673 262948 697993 1 379504 610529 77909 293270 621566 788124 170781 571452 702935 893782 917670 505569 703827 428115 402427 396971 534096 362145 578027 915330 780528 692426 629252 12141 303895 712396 697382 155864 721609 213416 525017 725622 685744 177774 489951 654402 326263 783065 420573 118870 169783 227840 722616 634983 688999 840473 636123 88255 674847 655073 465836 140201
 200441 619967 1036508 255383 787028 474313 361076 672118 177085 684403 472760 317230 758701 174399 360777 1034498 392649 413904 936108 920012 971920 851336 1003017 802918 160119 841301 930453 985467 514381 899844 260408 244597 838277 247467 476125 723197 226063 934519 516583 693165 991036 920984 795135 966493 595086 177610 867181 379504 1 474551 423331 635710 257802 512142 550227 353311 849984 890732 856841 802454 769006 744013 302766 47007 161764 613051 793774 770568 676630 340580 532854 376032 657339 412672 774594 493822 945336 429097 810647 390523 417330 553368 515712 679836 153048 484461 310232 485505 518585 285603 910432 358645 656170 961103 593858 448772 395143 386410 588327 453583
 409718 277919 748399 256909 345374 153761 118369 240761 326840 324359 356183 354160 536115 415709 691862 561083 337732 132129 463355 452401 632683 686576 531044 408225 339836 390111 666044 771990 380553 457316 443557 252934 507703 432650 262650 274886 429412 520193 698176 326989 767401 577675 628714 577066 201385 393174 580702 610529 474551 1 586456 679371 426877 282452 726645 147866 541746 439196 384551 711084 392733 702430 213594 430088 443177 534757 588240 311790 202097 409449 73487 599249 714561 291292 409369 599724 709240 458640 699039 375627 223725 702907 228744 289716 354619 320699 196617 638555 778593 383010 636129 231416 216528 600805 165112 611889 242039 218622 364633 559239
 591905 520552 762929 365418 926632 688387 536930 826972 507729 570897 797011 234035 490528 570003 210269 1077871 727019 624967 992134 904098 756260 515349 1058932 685965 497612 796737 654437 661253 304666 828184 659428 521437 643228 644090 752410 701002 623660 812882 114366 582146 673295 719284 472496 806897 558150 280686 623607 77909 423331 586456 1 222925 651133 787498 146353 566376 630499 837727 870420 429071 641272 353282 388316 433445 569581 285204 501284 883267 743909 715823 596548 70192 238390 719839 633291 80374 644005 152445 447806 742664 686403 135670 441650 599080 343224 788329 406373 64220 201318 215321 646691 639457 642362 769302 593036 28267 678562 656948 401818 63316
 786240 517262 606731 517595 991478 809608 665671 907628 691333 547036 953966 375464 372559 766891 411315 1083211 892313 752960 1009933 890848 638417 336019 1072044 639583 684301 778482 505756 478306 309343 791110 853809 687650 552615 838037 892732 707637 818820 748089 195980 557497 493944 614412 310683 719634 582647 474423 501807 293270 635710 679371 222925 1 843458 924709 186879 703870 524854 810281 876205 226841 595155 142245 522184 638955 770900 182080 360698 938568 791525 897989 665268 289132 35956 875017 579863 144232 478300 238514 253035 914113 829727 149437 477129 589544 531111 937341 538029 176251 313232 380236 507575 791956 662961 665547 629805 205279 828129 803812 376708 182138
 59805 665813 1129780 348787 650314 343286 316713 541160 156032 724990 244645 477056 873312 84373 617897 934938 170329 309135 837198 867656 1035015 995627 898251 826390 160113 815920 1032853 1113643 644269 883973 16682 195249 902611 12440 288997 701731 32142 945099 755259 730687 1114760 980426 936102 996665 609940 371936 956250 621566 257802 426877 651133 843458 1 317954 789284 279379 927014 864503 793250 973275 803672 929801 371913 227300 98083 776800 917912 653848 605663 88225 499838 615964 870374 213014 816313 710763 1061851 612288 974238 151186 254993 786225 575441 702149 312537 271371 365860 715303 771680 464143 1007229 210312 642379 1010956 586417 678655 226665 235456 688570 666797
 343827 558669 1023979 422110 346748 128695 259042 251153 336524 599805 103655 559954 818448 365424 831733 644573 150070 172839 551293 620572 899555 967666 605581 665507 353272 601223 946056 1054221 646216 672703 330453 283456 781251 329548 36867 506649 340992 757043 901698 600778 1049304 845323 909251 826117 477803 529292 859682 788124 512142 282452 787498 924709 317954 1 933786 222582 818516 644064 541350 985113 658999 968034 405176 466895 393026 800219 870410 365181 370234 246868 341531 778823 958075 105905 678324 821538 990902 689275 975441 181581 102601 917898 508326 558974 469063 59545 388269 847843 956185 572277 915553 157792 467507 861851 432820 815375 118474 133997 644071 777356
 729616 629662 790507 511681 1062652 833494 682262 966148 650112 672438 942767 377998 541316 706652 250026 1196255 872010 770521 1114517 1014183 811002 522259 1180030 779183 639166 903826 687103 665155 408468 927335 796562 666960 712974 781549 898744 816967 760697 898496 34026 683562 680652 781708 493274 880415 678566 422894 674395 170781 550227 726645 146353 186879 789284 933786 1 712441 691357 941262 987686 413200 733955 327746 533346 566520 703664 333852 537751 1016601 874115 857302 731195 174461 178257 865839 722334 134929 663289 273669 439898 886614 832751 39446 563390 707208 486162 934565 551292 88115 126406 361526 686170 785689 762691 832896 718193 118413 824854 803295 497918 168927
 262592 399650 871631 201388 434093 130343 45535 319321 188160 454591 256859 337412 635358 270137 627486 687686 213617 64598 588799 596256 765920 774961 654387 549611 203155 537867 781589 876543 436985 605174 296060 112876 636328 284895 189201 422684 281582 666055 680723 459107 874567 710904 715310 719629 335185 320107 699826 571452 353311 147866 566376 703870 279379 222582 712441 1 665527 586839 525229 778702 529681 754561 182728 306614 298339 588206 684730 417917 338094 269498 220499 561594 736797 179639 544057 598962 818336 467310 772222 247518 126082 695730 322860 426973 265691 234581 166108 626004 740803 351081 753525 100657 363025 738103 307841 594066 128714 102903 452223 554820
 890076 266216 206785 604774 689536 691972 621246 660955 785089 218711 897896 544538 152310 884785 834828 648694 874981 671805 606345 447824 127509 264165 652158 195022 789908 347911 135712 264414 352053 323121 942892 731821 48552 928797 802824 353952 918307 244550 684681 218137 252143 90352 241147 197292 341218 681983 50166 702935 849984 541746 630499 524854 927014 818516 691357 665527 1 355624 471565 370112 174519 429628 566337 823102 905023 357758 176040 625801 500634 933932 477129 692100 553116 831619 151135 574268 194352 495139 339073 911227 764849 652215 351884 262196 697300 861520 567458 633435 807391 585036 103313 763546 362683 141556 386179 636407 781029 756217 263410 568049
