NAME : domp30p7v4
COMMENT : Cherkesly, Contardo & Gruson 2022
TYPE : DOMP
DIMENSION : 30
DISPLAY_DATA_TYPE : NO_DISPLAY
OPEN_FACILITIES : 7
COST_SECTION
 1 733498 550835 1066588 923670 317600 867811 469983 840383 788568 583586 486353 179802 479679 625380 867190 922772 825745 462934 827307 548527 724805 627206 352766 935265 873082 306464 376561 1067677 768146
 733498 1 444916 434163 747015 475944 749187 538721 744689 782054 258226 250008 554074 302268 193162 947031 463832 811760 862400 818033 189136 154539 159816 386238 363860 460396 642941 435463 455966 279039
 550835 444916 1 575085 415862 243260 382421 119714 364748 366990 187371 306069 430119 202993 508923 520327 383130 402656 451807 407819 318248 324815 477847 388429 434134 328806 296940 190734 564542 282589
 1066588 434163 575085 1 596824 755329 640667 694364 654728 735665 483030 608025 901492 587556 627322 894012 248325 747555 1016382 754340 553086 353826 593263 763216 141032 300778 867087 697705 38646 302541
 923670 747015 415862 596824 1 647591 72545 457149 102849 197171 543524 702599 834464 606423 876115 315002 355982 185604 621642 190945 694620 592846 839831 803555 496802 319599 622647 602059 563972 473656
 317600 475944 243260 755329 647591 1 603358 200568 580387 554345 274894 235484 187796 180960 439998 677029 605493 592766 418355 596293 289627 427507 423802 204708 620918 556745 178456 58986 753989 453997
 867811 749187 382421 640667 72545 603358 1 407315 30952 124895 528909 680450 788158 580715 864888 256109 394181 117013 550720 122981 678770 597084 829700 770292 530443 350118 563844 561703 609886 484566
 469983 538721 119714 694364 457149 200568 407315 1 382773 353874 283212 355122 381421 256094 569845 482795 494440 392265 335163 395869 385269 433964 543594 390847 553349 437931 187029 171697 683011 401895
 840383 744689 364748 654728 102849 580387 30952 382773 1 96447 518203 666038 764114 565177 854512 239344 406961 94624 519774 101143 666947 594005 819849 751226 540374 360070 535700 540340 624985 484959
 788568 782054 366990 735665 197171 554345 124895 353874 96447 1 540063 673008 730781 569699 873143 167830 487438 38483 434641 42094 682744 636984 840445 739739 614309 436259 482153 522264 707853 538564
 583586 258226 187371 483030 543524 274894 528909 283212 518203 540063 1 168740 421829 106618 336310 700431 368849 572923 614025 578740 151107 158512 301907 307202 353239 333536 412831 219607 484655 187363
 486353 250008 306069 608025 702599 235484 680450 355122 666038 673008 168740 1 308579 103591 215660 823248 531721 708709 645550 713887 62176 254271 192957 155196 493321 500358 411558 208084 617301 338418
 179802 554074 430119 901492 834464 187796 788158 381421 764114 730781 421829 308579 1 315364 449663 839531 778270 769230 503885 772177 370599 553494 449210 173899 774919 733184 279600 240148 905505 609085
 479679 302268 202993 587556 606423 180960 580715 256094 565177 569699 106618 103591 315364 1 314485 719721 471520 605595 563286 610706 129991 248159 287511 208670 459558 432277 340790 133977 590425 293979
 625380 193162 508923 627322 876115 439998 864888 569845 854512 873143 336310 215660 449663 314485 1 1029247 635617 907139 856831 912756 190717 315757 38061 277381 550778 621689 618453 421424 648716 438742
 867190 947031 520327 894012 315002 677029 256109 482795 239344 167830 700431 823248 839531 719721 1029247 1 646048 147299 446824 140448 838553 803728 997868 873551 777460 597785 569502 654463 864316 706390
 922772 463832 383130 248325 355982 605493 394181 494440 406961 487438 368849 531721 778270 471520 635617 646048 1 499361 794691 506159 494508 319947 597614 676043 142475 58680 679011 546756 220927 199346
 825745 811760 402656 747555 185604 592766 117013 392265 94624 38483 572923 708709 769230 605595 907139 147299 499361 1 462719 6854 717035 664896 874038 777534 630162 450555 519450 560341 718420 562863
 462934 862400 451807 1016382 621642 418355 550720 335163 519774 434641 614025 645550 503885 563286 856831 446824 794691 462719 1 461117 690789 768213 837994 613420 876126 736022 241962 437552 1000689 733588
 827307 818033 407819 754340 190945 596293 122981 395869 101143 42094 578740 713887 772177 610706 912756 140448 506159 6854 461117 1 722580 671336 879737 781784 637013 457396 521130 564357 725168 569540
 548527 189136 318248 553086 694620 289627 678770 385269 666947 682744 151107 62176 370599 129991 190717 838553 494508 717035 690789 722580 1 199938 160170 212819 443899 468448 461947 254887 564327 296783
 724805 154539 324815 353826 592846 427507 597084 433964 594005 636984 158512 254271 553494 248159 315757 803728 319947 664896 768213 671336 199938 1 277802 409462 246335 309599 571342 375027 364389 126179
 627206 159816 477847 593263 839831 423802 829700 543594 819849 840445 301907 192957 449210 287511 38061 997868 597614 874038 837994 879737 160170 277802 1 275381 513958 583657 601820 400863 613815 400681
 352766 386238 388429 763216 803555 204708 770292 390847 751226 739739 307202 155196 173899 208670 277381 873551 676043 777534 613420 781784 212819 409462 275381 1 647038 639509 371741 219159 772196 488444
 935265 363860 434134 141032 496802 620918 530443 553349 540374 614309 353239 493321 774919 459558 550778 777460 142475 630162 876126 637013 443899 246335 513958 647038 1 180417 726997 562610 133291 167144
 873082 460396 328806 300778 319599 556745 350118 437931 360070 436259 333536 500358 733184 432277 621689 597785 58680 450555 736022 457396 468448 309599 583657 639509 180417 1 623357 498436 275943 183685
 306464 642941 296940 867087 622647 178456 563844 187029 535700 482153 412831 411558 279600 340790 618453 569502 679011 519450 241962 521130 461947 571342 601820 371741 726997 623357 1 207735 859010 566999
 376561 435463 190734 697705 602059 58986 561703 171697 540340 522264 219607 208084 240148 133977 421424 654463 546756 560341 437552 564357 254887 375027 400863 219159 562610 498436 207735 1 695775 395883
 1067677 455966 564542 38646 563972 753989 609886 683011 624985 707853 484655 617301 905505 590425 648716 864316 220927 718420 1000689 725168 564327 364389 613815 772196 133291 275943 859010 695775 1 300007
 768146 279039 282589 302541 473656 453997 484566 401895 484959 538564 187363 338418 609085 293979 438742 706390 199346 562863 733588 569540 296783 126179 400681 488444 167144 183685 566999 395883 300007 1
LAMBDA_SECTION
1 316
2 353
3 471
4 916
5 987
6 108
7 900
8 59
9 405
10 442
11 64
12 868
13 330
14 926
15 957
16 552
17 129
18 80
19 234
20 249
21 127
22 561
23 612
24 736
25 566
26 905
27 856
28 656
29 493
30 851
