NAME : domp200p50v9
COMMENT : Cherkesly, Contardo & Gruson 2022
TYPE : DOMP
DIMENSION : 200
DISPLAY_DATA_TYPE : NO_DISPLAY
OPEN_FACILITIES : 50
COST_SECTION
 1 572443 580191 812113 536827 312846 611782 188267 747676 619529 554501 461255 284485 547015 571597 762388 1105661 746547 851440 853406 786349 876024 77871 504770 76878 758798 635020 277804 28324 395172 758543 162479 675160 566865 807781 481201 860003 61929 443329 596649 596209 540282 450701 576128 382653 1039696 828007 712523 728417 586188 305432 454477 758448 799469 411523 686045 456788 233685 752274 977493 675129 661169 387353 387524 698401 168539 716499 475202 1003828 148955 843439 709429 1087341 674201 1001655 890342 670713 225653 758745 319281 597437 379772 411785 692423 759164 690428 778510 724461 230903 760122 843729 792289 242420 90017 279437 524941 156647 777495 357152 623969 902362 698739 424197 147134 229588 1046064 715921 814628 770872 758158 849293 262223 835523 812062 502047 449262 590909 841899 346000 519919 735519 561433 379748 161425 68724 714525 713729 184797 588824 601833 192732 462665 688232 817511 150881 175480 482256 290592 527603 540944 712447 810453 484442 858749 205943 376491 262555 702917 646148 854058 670250 115838 186496 759428 651166 173417 61613 396601 471800 315466 434809 198964 803019 552767 297496 732433 758816 676471 597428 99785 815063 756067 701891 670976 805244 585604 56475 770868 954493 941567 1025904 399085 778881 148105 522860 885717 472645 788881 336728 84292 641319 851876 226524 246278 380699 730252 748701 401502 515370 144445
 572443 1 617537 351759 38123 263822 147855 517101 205799 677499 72230 339656 297860 771294 305968 189967 640090 199301 282181 615338 279039 432433 641475 118422 555169 195338 128508 498208 544157 627597 557741 653607 519613 617322 238517 515380 295219 519494 562224 735326 492264 646998 216708 344089 224245 565345 266364 195500 546356 291643 381851 185522 200736 242597 435279 641804 279937 473093 343974 442111 133065 227964 591724 200352 706309 478787 651637 183306 500539 425957 589271 354546 653916 408146 532124 557109 605492 347058 409195 495614 620533 196385 416060 314156 411718 498519 207211 711742 670068 658829 361365 631605 387302 571723 293662 702649 617309 354028 452583 325351 354473 208341 256413 537775 511446 589646 794082 282368 653297 198121 400351 482467 264205 522757 236156 728420 168668 329817 229461 82476 659479 647779 313337 628845 620439 350620 161823 523659 537256 319818 646048 111864 464318 433482 676102 522252 112226 558399 463912 255386 344179 238565 255103 307125 583946 196210 751256 294071 367473 295566 160378 610684 448579 201845 766502 419071 611599 186969 417527 476087 297149 536820 464246 390352 414721 520518 215644 266318 102875 616516 616018 287491 187002 98558 511002 61608 523822 510025 404411 401993 560995 173592 470138 431902 685552 433275 733692 217875 297798 656218 652235 385950 491814 443885 345461 447412 355080 194668 274864 431745
 580191 617537 1 969280 587970 494336 513521 391982 812484 60222 666533 808189 472569 220224 854696 733165 750343 803096 766405 356074 601359 1049923 645192 664374 639412 684175 744976 774582 567408 217619 271603 742586 202414 15697 799295 118127 753118 588171 137151 135551 154516 72945 407999 298565 445396 711894 842625 811759 242252 357186 713422 678224 669599 830438 214264 115774 340613 353766 473115 762315 604593 836320 205217 603481 120059 420634 148753 696377 726623 557257 362736 951208 698373 313729 678418 460632 119290 533902 413988 805451 18935 511150 824707 428950 411977 240783 764652 144410 430155 200242 596914 259289 400051 496712 512223 151730 459673 498017 807757 350620 736157 548445 375522 690356 743655 693980 179024 887388 217169 788654 1017835 322394 807996 376399 381808 259365 763413 636409 562270 536817 168772 52151 723323 464310 557056 949897 766961 395418 99140 339367 770044 549449 272258 1043572 728035 704985 630052 817692 154662 800892 421672 783105 362498 715855 762244 548508 840658 461894 327324 729741 777912 495706 655835 795123 151398 600421 640604 494185 867493 272243 757039 733441 419803 239354 319332 271084 820422 459888 713561 517345 301601 904849 803853 676536 377717 572565 586738 331236 777443 745388 689787 539224 380270 495564 133467 1050768 241738 774632 664242 628947 61133 1003257 356202 353193 750403 338992 456538 620168 798866 507633
 812113 351759 969280 1 382260 556163 475231 818794 179023 1029256 309246 383908 592598 1116068 264463 304580 817562 191353 365430 930508 509302 80724 863161 332594 766584 368509 224956 620229 786456 964577 888374 832025 861809 968926 260370 865710 396271 750809 908505 1085611 841638 997188 565217 690461 553065 747283 221953 160686 881934 634504 526073 362579 387893 204042 781922 990346 630564 786594 633500 566033 402010 153346 930000 441478 1056629 772840 998024 340634 661464 667656 902111 147193 859805 740185 726229 842935 953542 604289 713011 594035 972253 501432 471084 626680 715951 836373 276843 1060728 967891 1000520 588014 964837 695134 842545 569963 1049597 902876 631474 535813 661968 482092 489139 602724 720529 657523 785447 1145727 135618 992857 221854 48708 803144 283496 831743 587825 1064597 229936 532596 491722 432844 1004357 998827 440989 913916 874229 137206 218116 824345 888167 660939 808179 433524 799179 121346 866794 694099 365626 667015 815623 276247 653801 287338 606800 446813 735183 478115 904582 597406 702269 420895 191387 884652 638928 213750 1117947 638791 830550 505648 427488 807984 388263 694633 762531 740250 742428 852184 176777 577323 259260 883858 941896 65015 167130 310121 819824 400638 756136 830058 506656 530514 753857 470579 779675 700720 1033186 82370 1072699 273973 475792 887060 1003472 39881 803731 759666 452445 769198 649823 423990 306770 695587
 536827 38123 587970 382260 1 226778 144944 478987 242597 648101 83007 331107 260383 736889 311311 225931 654870 236542 315555 604380 295187 462642 606736 111523 521757 225738 157343 474193 508513 591437 542176 622140 499299 587139 276229 483467 326728 484794 528158 703400 467315 614986 183229 322559 186325 580622 304486 229167 528931 273270 358417 171684 228950 280623 401218 617115 248344 435037 344441 466779 153772 250735 555731 172207 679901 440811 628408 173992 519718 391245 579207 373548 664535 393506 546281 554309 581273 311932 404124 474224 591722 159151 402156 308680 406479 480448 244484 686553 631949 638114 374661 614593 349188 534375 257565 668928 579387 357226 434060 309900 381305 217720 221865 507022 484652 602612 765468 318953 633589 236187 430569 444645 301363 514476 208749 692238 184133 348192 196406 51495 637116 616606 295192 590925 583787 370487 199187 485550 510423 302038 616048 74659 447855 458000 643479 492723 94481 534665 435365 258308 338823 275481 225839 334545 555595 161674 721200 292242 352200 324932 191743 573130 418344 239822 735905 386411 577216 148952 408947 439065 285301 508453 459709 365321 377212 504854 252653 263034 126001 579217 601719 317464 220135 135207 502909 66058 489015 498551 432146 427242 574831 137768 462383 395167 652101 464307 697965 255231 273488 620796 624687 417576 453741 405857 328308 436108 353820 169172 273695 395327
 312846 263822 494336 556163 226778 1 304311 263831 454779 551684 260710 314247 36650 584621 374778 452557 817084 451397 539228 644658 479826 630775 385752 224106 308389 446085 348229 326721 284581 422233 559637 417556 489656 487687 502094 376406 547220 265227 391532 579400 426972 495118 165325 336124 85882 747132 527172 427899 535673 321353 234074 204255 445606 500863 280229 563187 206087 230941 468995 668300 362467 404066 390972 121214 607592 220363 584988 225894 702374 173758 626619 492470 809326 435665 709794 642732 534047 95752 495848 345005 504793 67701 334870 413484 497079 488445 471028 623783 415479 612582 544269 616370 139287 308061 38130 527361 356850 491268 330182 364462 590670 392334 159980 310482 316641 759311 669695 527575 615540 457519 600336 249948 527999 577475 225850 518750 326451 535663 71993 207085 599585 505232 229286 368321 357176 493943 415872 269731 448936 345116 420179 152128 470565 596587 432212 305149 192959 383484 368824 325050 438778 502225 218095 546458 372373 78265 522540 415648 398267 541286 385485 347520 231429 459973 623395 183869 358048 84122 373884 265050 263803 327794 547650 342491 198357 525547 465675 386449 309444 352777 621950 493295 417462 361966 568037 272776 268862 545213 642737 631350 735997 92201 533529 168567 514430 636812 530587 481696 171291 397136 546438 595375 247712 205083 257690 491110 469770 139686 315327 169402
 611782 147855 513521 475231 144944 304311 1 510905 305029 571578 219416 475372 328026 693152 453022 220852 522417 294503 272820 468776 175528 555071 687141 256419 612678 179990 265671 599678 584000 569013 415898 721285 386765 516262 286575 426633 269883 568402 486358 641264 372982 555097 171721 219603 229236 449823 329182 314622 407456 161420 486981 314804 170187 317313 365042 518840 207744 457544 199519 365725 92623 369744 532339 297843 588134 483618 524328 318634 399055 478000 442259 498611 525576 266415 413702 410224 481615 399745 261419 604966 513055 244449 543078 166301 263920 361296 251654 589486 657925 525304 243628 491410 387989 588967 341706 620626 619286 213119 569706 186753 294073 88068 210186 611330 602983 467406 683210 377234 517713 276533 523591 457033 298213 375146 149037 667679 316042 231363 304588 115701 529820 551150 432937 630555 646950 493919 260582 517970 423571 186437 721600 182976 324680 569792 736508 602099 237523 660047 359686 401303 196336 272322 173643 254139 668031 266851 825248 147498 227434 255663 289807 622756 526770 283398 664908 485308 660770 221651 553022 434658 428348 621579 316619 275123 385615 379084 311722 118847 247903 633386 472313 414414 308860 167409 363353 86262 571734 364076 345948 330295 441359 239346 322445 463803 601979 553100 667967 261882 402395 695515 539005 504665 476494 428343 466721 301591 209015 300297 418226 467517
 188267 517101 391982 818794 478987 263831 510905 1 715947 432514 523522 527663 227182 381705 616139 698608 964090 711727 775157 676248 675832 891988 256370 487701 249956 679772 611584 413877 176173 218663 580624 350607 496015 378768 754068 294533 777351 201470 255295 416806 415872 354421 339218 420960 295431 903182 783450 691168 549649 444032 390020 459990 674840 758929 233881 498158 320621 58200 614469 868607 590290 665930 204204 378159 510499 49760 528898 482222 879109 202193 668780 744581 937250 512703 865092 726284 483869 227008 606336 451191 409177 325468 508455 553697 606260 515106 721065 536309 153026 573427 719873 608936 129801 109501 249461 347683 109722 641324 470815 475938 804087 591272 302429 307688 374007 903752 532803 789930 584879 714769 862069 78340 777053 644281 375935 293052 588860 729135 327431 446077 548079 374739 436486 120588 174875 747295 675317 7109 403611 453630 378699 407026 517927 851383 337385 327489 456780 445757 347860 572626 568877 750526 353721 765043 377554 342029 449869 570746 490477 765700 648915 124805 296493 717976 470319 249380 249064 330445 563382 130989 486410 355553 644959 386676 135327 557320 726665 548228 572858 142651 634712 756517 680801 611757 638690 510348 199120 600797 855510 836507 886916 354177 616617 140992 342888 898711 312360 731995 378703 244774 453101 858232 43166 84367 451647 566795 607518 396173 555698 151821
 747676 205799 812484 179023 242597 454779 305029 715947 1 871692 194960 396037 490863 975339 301363 128658 655855 12479 207507 752233 331697 255083 809852 243102 717025 191142 113607 612319 720031 833347 712836 801800 690872 813682 103242 715801 236581 689860 766034 935003 677083 847108 421028 524048 428036 583177 91635 50039 707925 466351 501460 300953 210259 59799 639330 823796 481510 675078 454578 411911 225314 151924 797415 360153 892510 674689 829239 283906 500539 598727 723692 259174 692006 566006 558923 664077 786604 524631 534469 596729 813662 390571 487301 449589 537426 663508 105677 894434 868778 828566 412311 789685 586818 760044 478324 905729 811616 452480 542720 490274 322153 310801 461438 685130 638983 618813 985687 76664 819894 46628 225040 686255 135087 653192 432145 934170 177127 358854 403824 287286 834354 846160 417187 823078 802494 250564 45578 722241 726257 491366 786028 309824 625442 291257 830675 663582 266396 667906 657827 278426 476103 126562 453591 281225 716720 378901 889117 419536 529378 256817 82541 800678 596661 39316 963151 580916 778188 386646 462572 681657 376381 671437 583606 577399 619588 677111 11144 400623 150296 804011 765076 129959 57562 137648 641292 240401 694748 652686 356054 373231 587340 362751 601315 617097 888215 251025 939205 106511 429922 828932 841949 202798 693495 646277 440447 592415 471031 346550 311167 614777
 619529 677499 60222 1029256 648101 551684 571578 432514 871692 1 726749 865848 528780 195327 914109 790526 781900 862194 821111 372835 653211 1109917 681157 724449 682039 740423 805049 824971 608686 238512 297503 781905 239804 64079 856713 175501 806904 631910 178852 95771 205844 81520 468216 354829 504781 747831 900415 871516 271209 413754 767671 737605 725448 888772 271505 118411 400832 399208 521211 808719 662125 896539 234849 662238 83813 465082 148235 755927 767971 606692 383856 1011330 726075 360959 715658 488488 138925 587509 457413 856917 58659 570321 880175 480149 455192 279219 822208 113938 452724 200404 644123 269597 452227 533520 568276 139773 490356 545189 861285 404508 786663 603555 435582 735821 792381 727161 119185 946374 220038 847265 1077830 367406 864672 407225 441614 256655 823615 686030 620324 596913 166487 58350 780209 493810 591216 1010050 826203 435256 150910 394605 811139 609587 314330 1103793 764917 751885 690090 866266 214039 860430 470723 840028 422532 768178 807246 607424 877294 513659 378439 782921 837876 528478 705704 853814 95466 650862 678896 553739 924021 319817 814946 780364 457572 296653 371630 303832 879524 513478 773734 550325 316521 964872 863672 735430 410079 632018 630119 364091 826531 793591 725164 598645 417667 544038 126395 1110676 234883 832083 720794 662868 53348 1063108 399590 401600 806728 380103 504006 679082 857993 556199
 554501 72230 666533 309246 83007 260710 219416 523522 194960 726749 1 272077 297093 806852 233812 224054 706901 192679 322884 685019 346333 388474 618881 58096 528073 246534 88566 448151 526630 656037 624594 619362 582300 665007 257238 559249 340908 497839 599611 778608 549348 690234 258930 405525 244599 631942 273699 167768 611742 356103 332211 127416 255887 244973 473324 699134 325936 485415 416203 499060 199529 169854 621178 167985 760982 481037 710933 119654 563897 405656 659357 290675 723344 475560 599624 629191 663499 330265 480825 441173 671040 198542 352658 385591 483311 563338 231965 768303 675873 721081 429988 697356 395485 565085 283375 740740 617238 426109 394363 392122 408847 279492 294737 502419 466712 657813 844759 266872 716595 204049 356633 499123 287480 593526 290267 756365 101126 394932 209270 133583 719850 693130 256500 628669 608045 287789 159229 529642 591415 384801 607775 124464 530452 377304 645323 483779 72262 507346 515227 183227 415681 264648 306012 361164 542045 184078 712537 366146 434416 346139 125907 605754 412867 205009 813011 391132 587731 198639 349480 500286 232975 495359 536024 447453 435613 587282 205998 338152 50613 609065 683777 244298 157505 137757 581831 133465 502580 579390 456620 458403 628647 169347 541057 422164 724552 391606 763891 241350 251737 636641 705033 346437 503400 457283 286683 516817 427244 156554 203591 419973
 461255 339656 808189 383908 331107 314247 475372 527663 396037 865848 272077 1 339788 888953 120374 479252 978856 401697 578630 915630 618002 433173 498368 221585 402378 513961 296987 236619 439691 722871 841398 452546 782134 801817 491102 690454 601174 399830 704004 891831 729011 808693 433315 611478 370538 903932 487649 347280 822082 576460 156224 161176 525326 455831 594346 871604 495054 517326 674655 767201 471229 256552 695052 210743 919905 477904 891024 157265 835596 336075 893024 256920 993491 700418 871326 880864 840368 302579 729218 210585 818155 304702 91721 634652 731331 773050 476620 934673 657498 913514 700961 906648 433171 513961 301798 836537 583633 688238 152805 618476 675696 547060 449915 346656 276229 929166 983942 436880 913861 429247 411118 543764 524119 833043 487778 813139 221595 667008 246302 364322 904146 819338 91401 593244 528730 263799 384808 531171 757352 604870 426052 306807 747299 362191 489628 317922 237955 283678 676618 118478 664455 507307 492244 628346 352738 265587 520816 621524 659158 610789 316033 555310 275750 425982 936995 294816 466120 327176 77954 570793 52385 314498 784873 634916 506346 804871 405688 591643 277313 548590 903523 342817 338649 404224 821999 395549 405300 810494 720964 726404 900287 282565 782685 388720 824840 445432 828551 483368 151115 525882 859114 421109 529502 498350 80654 749884 683012 197352 85168 379445
 284485 297860 472569 592598 260383 36650 328026 227182 490863 528780 297093 339788 1 553287 406711 485558 833937 487306 570464 642541 503247 666961 359187 260702 286912 476588 384762 327851 256465 389583 554999 398735 481833 465068 536363 354451 577383 240713 364216 552053 415401 469157 176478 336858 100617 765150 562313 464420 529686 328463 245059 238776 475221 536339 258508 546914 206067 195079 483106 693479 391328 440324 359214 155581 587884 183954 570127 260652 723639 152942 625876 526856 823098 437601 727506 648440 519267 82170 504289 350074 483969 101618 352476 425865 505319 483552 504866 605409 378917 600255 564445 608390 103500 274027 39761 497846 320967 506447 341232 370689 617892 415556 162385 296510 312305 775491 645869 563919 604379 492799 636612 215174 561732 579926 234863 485039 362798 558993 105078 237073 585489 480491 251925 332463 325310 528572 451576 233090 433276 350307 404641 186000 468472 631582 410422 294687 229604 382130 354284 358118 449757 535771 223487 574459 361914 114892 505018 430780 401937 570356 422039 312832 223769 495409 597417 171684 332802 113659 395260 233477 290727 319145 554573 336672 167534 522010 501726 402385 345987 318909 616877 529835 453998 395518 570974 303111 243893 545540 670026 657245 753119 128113 537996 137578 485581 673123 497569 515604 192110 368616 526471 631855 211562 169891 277953 493797 482531 174054 346758 140051
 547015 771294 220224 1116068 736889 584621 693152 381705 975339 195327 806852 888953 553287 1 959391 913343 970450 967445 959341 567839 804830 1195221 592235 790912 619936 871285 892286 795552 544881 166883 489194 701736 422638 208236 978251 267532 949516 577463 209322 103786 368515 151757 554650 494862 564907 931898 1018474 966049 461013 549958 764849 787001 858810 1002100 336079 313732 494516 374679 685041 974872 785765 971851 194186 705052 266097 427410 343190 807836 944341 581918 577855 1073542 917496 528552 898143 679577 331577 588955 631298 832829 233864 623282 882976 636060 629451 460893 943118 296250 334760 394815 809161 464921 455799 457067 588846 74117 395283 710998 850313 552934 941663 742580 515062 684178 754905 914199 212920 1051884 414801 958384 1163446 346137 991341 596123 547886 101251 894921 844428 656606 688880 360850 168229 798243 394330 500613 1074065 930099 381202 315414 537888 737197 682870 491249 1174182 675926 706556 756229 825523 344921 909302 632719 965328 524639 917042 750670 654840 783832 667289 536420 928308 928026 437416 678006 963980 145689 629127 598983 613903 934658 319827 842158 734034 639688 434333 386277 491006 984455 660648 856852 458297 511671 1051081 957001 845305 597743 736992 574169 551280 985603 955287 909889 654186 600286 518554 93774 1198436 75676 953673 737963 567374 248203 1152848 365738 390977 818847 558027 669480 723337 899779 530253
 571597 305968 854696 264463 311311 374778 453022 616139 301363 914109 233812 120374 406711 959391 1 403782 925221 309289 499443 915321 569930 313041 613873 203832 517241 449168 222035 356931 548314 796293 850027 572410 800295 850291 402518 739544 525196 509690 763810 950859 757088 864702 456161 624160 409330 850353 390968 251325 834541 580354 271118 176511 463603 359865 645418 904781 522910 597204 649837 697809 425772 151199 765613 255127 959931 566924 920589 158680 775506 437103 890400 138576 948326 702906 820498 862996 871090 389492 714277 329648 862429 344044 206745 618907 716724 785497 394460 971334 754775 936796 655001 920282 507888 616463 373432 901485 683400 659011 271379 619220 605689 510745 481922 464687 396352 879890 1033271 329932 934492 340794 290744 620443 435282 825753 502021 891169 147460 613447 302788 356093 931665 872395 191864 693629 637606 144656 300734 620486 792383 609346 546384 315138 755237 246066 608953 436632 233706 402582 712513 54939 649041 422407 512119 559845 473088 308097 640969 599954 661355 539250 229259 658508 389229 336034 992222 400347 581373 360593 167380 639703 136837 434383 769609 657680 573115 812774 309638 571845 216889 653899 910606 227787 244535 343783 814162 367263 515158 809420 646714 657374 849655 315476 773567 482695 887991 325130 904206 399354 241072 640270 900763 301117 611547 574694 194899 747113 661043 237221 60523 474926
 762388 189967 733165 304580 225931 452557 220852 698608 128658 790526 224054 479252 485558 913343 403782 1 530728 116293 99903 635109 204856 376422 831313 282055 744192 64372 183822 671848 734095 784221 603749 840235 591444 736415 66209 647330 122241 709341 705621 861941 588712 775936 372724 436098 403189 457198 111456 168131 602275 377081 556149 350654 83897 108597 582145 730259 422479 650791 335334 294234 128664 265433 747587 385832 801950 663210 732059 339952 376749 615833 606078 384144 564313 461689 431653 539965 692866 537022 417283 663291 731882 384864 566637 339286 420304 560692 32687 800604 850655 725911 283960 680940 569430 759510 483392 841127 801972 330134 614132 393023 202265 198553 414134 723674 690690 491651 899976 178755 715419 83041 348186 656166 79659 535267 366184 884035 260701 230207 418817 252554 735088 771743 478550 813501 809679 376082 106070 705391 641086 398466 830420 300547 521274 419586 864196 706326 291252 730686 580009 369021 363194 52931 390123 157646 765659 386149 935434 306844 428611 135699 175843 797681 634094 91073 884525 607607 801278 372603 552608 641811 448496 718826 463544 493948 585780 569407 128533 292755 202872 804429 652462 258614 170032 91589 523511 188898 713703 539168 243327 254025 460302 363392 484557 621050 822587 370064 885707 41695 475614 846184 755691 323302 669816 621211 507097 481154 352801 377243 398677 621255
 1105661 640090 750343 817562 654870 817084 522417 964090 655855 781900 706901 978856 833937 970450 925221 530728 1 644101 452549 426517 361060 875483 1183388 758475 1120202 477356 703900 1122077 1079616 922201 484918 1232670 548154 762979 559035 743225 421917 1071627 817829 877396 611587 821175 658315 544610 733790 75029 595644 698686 510753 521676 1008858 824916 461929 615124 746646 669000 650049 905897 353392 254092 507663 795306 891355 819530 737526 953036 647184 823363 156123 986871 406625 914397 76543 464190 108827 294929 643099 912342 361554 1126488 736718 763502 1055888 413491 362203 510740 550186 716584 1086273 605658 280397 530523 864861 1062545 855213 901195 1071846 328382 1088673 488154 335702 438486 681618 1127550 1124694 60382 840268 681961 585477 609275 853210 891901 534094 374806 603907 997538 777860 312559 826388 637155 635379 802471 950039 1081757 1126732 906078 636522 970957 659201 510462 1237209 705018 484893 938273 1242876 1120878 748827 1182461 659329 882816 395572 532622 621261 374631 1187581 788766 1338808 403633 477121 399300 704123 1087833 1045933 616570 866774 1000912 1160818 738940 1056377 849270 937234 1141694 335798 588576 828880 479497 653022 431567 709907 1103362 480496 783237 700753 581597 372728 588817 1074120 419175 314455 287248 81232 761313 373295 960066 882158 864619 985001 549884 923953 1185714 729153 824782 922326 881266 983167 420229 357770 820598 907923 966415
 746547 199301 803096 191353 236542 451397 294503 711727 12479 862194 192679 401697 487306 967445 309289 116293 644101 1 196685 740186 319219 267076 809466 242600 717101 178670 114542 615664 718802 826442 701266 803133 679934 804455 93741 707192 225462 689125 758124 926180 666921 838386 413498 513768 422498 571303 87153 58600 696576 455901 504055 302176 197781 55591 631545 813341 473299 670169 442354 400861 213755 160943 790418 359118 882304 670949 818521 285747 488912 597599 711612 270608 679889 554672 546866 651678 776117 522868 522371 600836 804085 386605 492700 437817 525331 652327 93950 883985 864656 817462 399865 778160 582380 757452 475715 897578 808224 440125 547291 479328 310794 298792 454113 686332 641514 606777 975887 84638 808663 34880 237181 680845 126154 641084 423281 927255 181518 346499 401913 280155 823489 837178 420299 819704 800695 262100 37552 718074 716366 480708 787966 305056 614153 303724 831530 665193 264600 671689 648435 284617 464206 116078 444970 269482 719060 376112 891352 407614 518244 245246 86307 797899 597603 28096 953896 580717 777930 381896 469233 675386 380618 673553 571375 567504 613748 665617 17332 388940 149864 801561 753299 142354 64757 127326 629189 231582 693967 640826 345383 361996 575320 359242 589258 614717 879969 262787 932005 95319 431321 828147 832045 214649 688668 641253 444240 580667 458859 345966 317090 612637
 851440 282181 766405 365430 315555 539228 272820 775157 207507 821111 322884 578630 570464 959341 499443 99903 452549 196685 1 619868 181411 427152 922146 380977 837110 95397 282231 771014 823118 841201 603508 935570 605282 771544 106832 691815 30896 800253 755521 899190 615647 815964 439978 468417 481823 381855 144200 254408 607307 410830 655081 449950 102635 162622 636816 748553 480556 724475 325677 204594 185408 355878 804565 481426 822561 742917 745954 439674 296445 706728 590388 466270 494899 472815 361426 509259 711570 627272 408019 762986 762749 471819 666392 347247 411049 570781 105178 817502 925313 732798 240576 679707 647752 842946 572031 885830 881120 312585 714018 416667 116847 218075 480321 819438 788893 420291 924600 230083 719947 162203 402910 726673 82301 520522 421680 939188 358918 181321 511431 333614 746308 808954 578198 892584 895762 457437 198734 782098 670207 427043 927035 388953 530584 485817 958278 802999 388240 830059 617732 467095 365070 81201 446333 84205 863252 477223 1032183 312937 446014 57920 270194 879790 730021 168591 916381 701224 892751 456806 651376 706882 548380 816288 446025 528721 655384 572143 203091 308271 302722 887905 645369 331559 258666 186864 509385 267600 804425 532993 148767 166653 388719 453009 473717 707517 866678 417680 938442 101605 573783 935602 781624 375151 743551 694931 606929 480709 344453 473896 497348 708627
 853406 615338 356074 930508 604380 644658 468776 676248 752233 372835 685019 915630 642541 567839 915321 635109 426517 740186 619868 1 439723 1007257 928226 712300 893598 571767 733459 970033 832999 561328 95727 1006995 180734 370982 695153 394396 595233 840260 460825 467818 261204 428896 488618 309472 563518 409231 742210 773428 127226 339181 876945 757402 552537 743696 443070 254720 438573 622515 299859 526121 529017 837979 538650 709828 316208 685115 227911 767457 455090 777850 29484 967203 362266 215227 384717 137800 237698 723130 218033 989663 339062 621772 964702 305531 215039 163327 666981 292690 759872 181451 386681 106102 621731 785409 677713 505719 769719 308172 971776 297654 541120 441450 484830 925665 953997 378791 415704 813397 160821 713074 977231 597912 688879 100005 430052 615318 784005 444126 689542 559623 213315 406376 851445 777181 851105 962302 712582 681901 286931 310794 1024698 609599 174178 1033812 1003639 930427 685640 1024630 328473 861574 277221 670975 430305 543562 995999 659305 1112927 333242 256499 566498 754607 797676 864175 721053 448680 809330 914617 596301 989466 545730 864211 956893 173884 307936 556165 121986 755973 355230 716622 817416 56610 874156 769433 622531 111646 554324 840772 105920 564210 526544 385359 637325 150939 729257 488519 1002541 597711 673712 803399 920172 319682 954678 633551 607199 884523 168276 282320 720336 873416 739378
 786349 279039 601359 509302 295187 479826 175528 675832 331697 653211 346333 618002 503247 804830 569930 204856 361060 319219 181411 439723 1 581023 862122 397415 788203 140803 352422 767228 758719 702930 422489 896540 428790 608138 258735 539862 159771 743801 608984 736259 447623 656741 339613 310231 403750 286314 305242 364719 427382 258060 652361 464080 121490 310933 500496 573131 358497 620197 144449 192999 146819 451361 667039 463673 647904 652563 568433 462304 225857 653528 410287 577778 378477 296758 253332 336214 536660 575187 226611 769015 595721 419098 694965 173171 229640 392890 234313 640957 817824 552889 85200 498454 557716 759798 517149 730722 785322 131637 729181 252183 137328 87693 373724 785837 773883 311546 751700 382223 539502 287465 553016 615453 249622 339985 300647 796610 422773 55838 476580 283407 567722 647014 590142 796352 819364 570662 300253 682940 503031 267065 896108 351125 352769 622788 912032 775643 388454 827779 459911 524885 186709 233310 324004 115248 840990 438890 1000097 139572 274780 132753 359747 791905 700291 295562 748648 660198 836049 396901 695650 585651 576187 794237 265915 370557 545008 391791 332744 144466 353092 803719 464007 460934 363974 227939 328681 229428 747085 351588 184693 161207 282325 411503 292437 638253 711133 574230 792541 239338 567241 869794 610630 527888 638732 591832 622981 300098 163277 463069 548626 642339
 876024 432433 1049923 80724 462642 630775 555071 891988 255083 1109917 388474 433173 666961 1195221 313041 376422 875483 267076 427152 1007257 581023 1 923494 408599 826685 440782 305299 669125 851117 1042557 967084 885445 941797 1049503 326032 945999 457977 814299 988061 1165843 922271 1077418 645407 770930 631351 807156 283267 240920 961205 714776 582461 432968 460298 270993 861639 1070889 710982 861654 709043 621869 479918 226775 1008241 513857 1137307 845274 1078360 410765 720009 734094 978659 178290 921622 819351 788345 916344 1034049 673995 789400 639715 1052949 578092 515234 704490 792366 915947 346828 1141299 1039654 1080353 657359 1043726 770031 910958 642593 1129185 973088 705786 581394 741720 542232 565864 682612 776871 709354 846783 1226439 199660 1072454 295156 32090 879127 344972 908092 668527 1142299 304595 600566 564561 513362 1084535 1079247 499480 983975 939670 170278 296338 897357 968883 741048 859161 512375 878504 96323 921796 749260 442302 711898 896321 335395 731164 352926 687430 510502 785818 553163 952252 674612 781777 484225 272078 953187 698468 287074 1198465 702699 890874 583427 465986 885531 445159 747423 837986 820928 819623 931077 251372 655353 338894 951359 1019941 145181 247664 389122 896206 481238 819696 907703 561683 588518 815281 547076 856325 770407 1112909 16295 1150872 342563 539415 948621 1084196 53135 878476 835185 506971 847238 725741 495957 363040 764658
 77871 641475 645192 863161 606736 385752 687141 256370 809852 681157 618881 498368 359187 592235 613873 831313 1183388 809466 922146 928226 862122 923494 1 566880 96812 830427 696476 288764 103998 449919 833059 111351 749196 631307 874400 550901 931752 121982 508058 650769 669721 600641 527756 653677 458414 1117232 892500 772509 802635 664058 342957 512119 830807 863263 485455 753724 534656 306311 830013 1052665 748122 714707 446685 450929 761761 243310 784792 531858 1080592 215533 918902 752448 1165210 751427 1079212 967504 740178 294877 836532 329836 662933 451719 437355 770218 836937 765583 846092 788763 261401 829749 920614 864581 320244 148538 350847 577906 197408 855163 376557 701802 976333 774447 501836 156094 239276 1123829 772172 874457 841245 822929 898052 333167 902945 888736 579657 491965 647529 917777 412802 592550 804097 622815 424033 197907 91963 758299 777787 251858 659814 679654 150678 533264 764399 859528 84428 186883 546745 285098 601216 588415 790310 878322 562218 932208 190646 445312 196185 780483 723741 926738 730732 155827 225054 823755 705682 229084 32632 469849 497414 386491 478603 202004 880590 629327 373291 807686 820989 753880 659687 134352 888780 809604 761931 739732 882071 657818 117724 847164 1028425 1016339 1103558 469138 856136 224575 577838 934053 516723 856280 388376 32280 706232 902620 297156 321253 419401 807355 826525 463510 560565 219829
 504770 118422 664374 332594 111523 224106 256419 487701 243102 724449 58096 221585 260702 790912 203832 282055 758475 242600 380977 712300 397415 408599 566880 1 474660 303751 130287 390057 477243 635064 646196 563428 597437 661490 313165 552873 398895 446759 586768 769945 557342 682085 258259 420878 226281 683695 326564 208689 630864 376527 274134 69643 312366 296729 462628 706277 326027 454047 455849 555532 251076 182202 601324 117491 764547 442997 720533 64890 617867 355876 687787 287035 771941 499255 650545 665692 671721 283261 515187 383396 670460 169605 298078 419801 517498 581868 289103 774106 638462 734722 479728 716629 362681 521011 241261 727436 576583 468120 337381 415611 465837 325505 288869 446428 408919 708033 843371 310536 731817 257739 377644 470681 344020 624194 299797 734313 104455 447716 163930 152678 730845 687041 198937 587879 560695 286163 211792 493472 595550 405520 550897 115410 551408 383691 590337 427053 34815 449284 516983 149467 449916 321759 311647 418153 484571 145855 655468 403764 457678 403680 166095 562366 357058 257884 807375 338135 535330 177020 299529 477543 178843 438012 570835 456697 411313 608944 254246 374521 92828 564272 706812 269288 198056 195601 612740 174319 451652 606382 514053 514979 679416 138529 572447 377676 712180 413857 743631 298239 194171 585833 706756 371569 471292 427075 229721 544276 465341 103448 162453 374390
 76878 555169 639412 766584 521757 308389 612678 249956 717025 682039 528073 402378 286912 619936 517241 744192 1120202 717101 837110 893598 788203 826685 96812 474660 1 747047 603454 203527 75277 464329 800043 114659 718435 626798 784772 534819 848285 53429 503899 665022 641336 604362 461898 604442 387523 1051892 801079 678563 770913 607307 246561 417733 748669 771388 457427 741301 478844 286525 768133 976276 667490 618630 453458 360305 758832 219311 770733 437009 1010123 134700 881546 655803 1106962 704611 1014174 920223 723368 213472 782585 245168 655978 371354 344820 709690 783287 730298 757461 783764 307750 812094 851240 839158 272406 163920 271353 594320 233081 792147 286708 647403 897029 700670 441186 70677 154495 1061424 782446 780297 821533 731846 801280 317321 814030 845159 517733 523381 552404 844039 325718 512084 789244 624480 327222 238192 142128 661594 686266 247848 639352 625796 132414 449792 724327 763026 123832 100093 456354 213725 573025 491641 731965 789914 502901 851898 130798 360226 221970 716640 673473 844904 637107 192657 128247 732336 719081 136996 64205 391839 405054 369167 381811 122327 829765 587995 339831 771752 728141 688706 567244 176494 858505 713454 668029 652691 837537 576160 53543 805973 948907 938916 1039557 385473 808545 165818 591034 837261 546234 767440 292476 123525 700303 805998 283226 292893 323003 761213 766406 371772 463756 157067
 758798 195338 684175 368509 225738 446085 179990 679772 191142 740423 246534 513961 476588 871285 449168 64372 477356 178670 95397 571767 140803 440782 830427 303751 747047 1 227184 691868 730497 748984 542934 847837 534433 688333 124232 603991 101337 708752 665618 815110 536553 730401 344918 385699 386738 402906 171277 226584 542731 326992 575448 373387 19528 172283 545016 675104 387358 629108 271910 253311 90274 318846 712307 395642 747774 647750 675409 366073 326342 615392 542644 441895 506594 403346 375207 475594 637778 535716 354254 686979 681797 379047 598026 279286 357287 502429 95339 745088 829937 667140 221475 620067 552494 748339 479713 798242 785854 265976 640885 338609 162385 139985 385466 732486 706529 435181 847507 242943 655995 146663 412451 631523 125046 471830 328966 847649 302558 170096 422104 239515 677598 724753 502687 797310 801850 434277 162384 686717 590016 346143 841134 297445 462649 482388 869108 717457 305769 751716 532843 409654 301904 102347 353522 114742 779282 386839 946335 246082 372112 100439 227182 784899 643524 154762 835143 612092 801491 363022 589592 612507 478500 732157 399689 445001 560288 509196 191957 234500 237591 793280 590370 320779 226943 109834 460125 173488 712796 477002 210380 212527 404182 361772 421510 613941 779331 434424 847731 101993 492224 843056 703523 387666 648185 599558 533198 419933 289632 389841 437135 615408
 635020 128508 744976 224956 157343 348229 265671 611584 113607 805049 88566 296987 384762 892286 222035 183822 703900 114542 282231 733459 352422 305299 696476 130287 603454 227184 1 502735 607521 743304 681137 688605 646595 744344 196003 640758 306045 576784 684171 860656 620746 772234 340279 471935 332357 629172 200965 79681 671371 418290 390142 187645 241982 169904 557407 770233 405685 573951 448509 476601 214148 104669 708189 247749 834796 568562 779739 171360 553520 486150 706390 234288 729447 531423 600102 663466 733853 413205 521143 489561 748378 286996 386100 428455 523875 624147 179642 840219 763678 785847 437565 756067 483881 650179 369096 825175 704006 453329 437452 449888 384456 303464 378057 571830 527467 659784 922044 180622 779724 135538 273226 587653 228716 637961 364291 843808 76880 393122 293028 208184 787275 773949 307228 715390 690855 228988 89382 617642 665677 445972 673503 211996 588847 305888 717177 550657 156240 559559 591828 185200 457680 210596 382531 338185 604831 270769 777028 403782 491559 318276 37374 691256 483195 133840 893208 467466 664742 287044 369146 588143 270447 559183 574591 518853 523806 644144 124706 378990 38798 693747 737971 160121 69237 124486 626048 183274 581715 629380 427069 436009 629228 257502 585112 506902 808598 307103 850850 186584 316780 715867 780534 260737 591903 545846 332545 567032 462201 233555 215118 504017
 277804 498208 774582 620229 474193 326721 599678 413877 612319 824971 448151 236619 327851 795552 356931 671848 1122077 615664 771014 970033 767228 669125 288764 390057 203527 691868 502735 1 266311 631739 882844 220925 808871 764274 697641 659863 788700 226904 647672 825289 739847 753730 490268 662549 411246 1049173 702801 566720 857347 647013 116431 321204 698687 671211 568983 862708 531975 430045 784985 940128 627907 486211 613268 303557 894076 369680 888538 333205 992874 218722 952740 491677 1122711 762366 1013321 968302 838318 249507 819677 41643 788801 364385 157098 733164 821092 811393 676803 915260 504615 922619 842518 935102 375233 355678 292406 759034 428212 804733 91396 690385 852576 684479 486409 134135 49592 1066883 935018 663047 928237 638195 647627 461633 729754 904185 551160 704629 435723 821400 297661 485210 905162 770442 195509 435019 345244 499104 591807 414383 751782 671487 190701 417224 795868 594058 260856 103624 386335 60552 675746 348018 760135 709180 544712 805104 117515 334627 284367 730505 724909 792264 529811 390610 119592 636551 876972 174186 259594 390401 214708 505587 238275 87375 872586 664492 455616 849797 622852 700266 473146 376926 944672 576564 557003 585318 894703 538619 231468 871679 902050 900143 1041036 361780 859847 282365 752269 681684 725252 685270 200751 319938 833014 657668 434375 423767 172768 817818 788173 305022 315442 270184
