NAME : domp60p30v9
COMMENT : Cherkesly, Contardo & Gruson 2022
TYPE : DOMP
DIMENSION : 60
DISPLAY_DATA_TYPE : NO_DISPLAY
OPEN_FACILITIES : 30
COST_SECTION
 1 247444 440528 29146 809543 752156 450558 627178 934948 493064 807231 427943 717569 706058 889151 793192 702206 391626 352832 191354 733828 454787 255700 509080 694567 381918 763687 698744 863716 294885 405574 573587 531998 258365 447492 488730 644436 475512 307693 648610 122472 373414 100106 642299 74284 281521 203073 208592 190670 736956 329840 630795 108970 459156 629800 546564 264561 626535 131746 885803
 247444 1 631413 236759 1000067 909016 370864 752678 1098345 739461 872138 666800 624755 615295 1037574 895197 922803 170375 600232 156456 934740 546864 487417 743104 914833 417189 689530 809618 990882 96890 478908 687048 742662 109261 688942 699227 672483 541702 90329 887922 125660 429089 347375 804005 312349 516574 59394 448703 222567 946475 454963 600828 176430 522947 813800 477541 434704 863564 348765 1040549
 440528 631413 1 468554 371277 323753 547124 260982 497931 435996 507791 484895 721603 709938 462777 433949 312528 799815 329316 486096 303470 256209 459445 222421 304383 359237 722368 341716 460864 618944 291847 250508 129194 684615 474589 95562 459733 312335 714964 357697 523171 325655 388412 215721 436331 451697 612208 416286 421629 319208 215298 556293 457915 313850 189277 574964 197127 323670 476106 454621
 29146 236759 468554 1 836928 781048 466109 656270 963557 502941 835026 431810 734167 722796 918141 822046 726520 372973 366581 200662 760486 482767 255304 531012 718949 406204 782262 727691 892860 292923 432430 602467 558067 236956 452943 514946 670064 502432 290366 668453 115606 398963 113714 671158 75748 282914 187974 212638 208645 762726 358438 652412 119510 485862 657826 564239 293698 647246 122816 914672
 809543 1000067 371277 836928 1 181535 853005 346996 187593 632866 528819 730802 949244 939551 226233 396551 209968 1169461 604833 850565 92342 524565 777430 386930 210543 669036 921164 370648 308707 979546 589578 408280 288527 1055889 707679 328122 626037 568877 1085050 381961 894285 638522 747634 226449 797409 760009 983077 747901 784388 129970 557742 771722 828357 581127 186770 844837 565732 361410 828375 197430
 752156 909016 323753 781048 181535 1 709895 183612 189728 696160 348473 774451 778634 769510 139047 218286 335866 1079220 628602 753709 215300 387099 778867 440741 332419 536347 745825 190953 161103 873452 457330 252580 307653 979397 757045 330499 451953 421931 997772 492556 816945 509542 710072 110037 756673 768042 901830 738557 686900 267638 454102 602208 747683 436972 160063 687767 489983 463745 799193 133728
 450558 370864 547124 466109 853005 709895 1 527634 891953 859126 556560 834609 268747 257676 811944 618722 856657 498156 708314 272026 817225 328453 688714 744411 848635 189304 323809 554731 738283 280745 265624 457548 676229 479737 844837 640910 341594 287989 447281 893210 385529 222561 518981 627902 520037 707741 410244 633247 260698 848063 334383 235235 347448 273541 677153 106916 395815 860939 581607 824620
 627178 752678 260982 656270 346996 183612 527634 1 364932 692623 252334 745873 602253 592560 290103 175866 434880 921159 590090 596226 343399 211768 707881 455355 428753 359837 576099 81027 239595 707548 283026 70601 321200 832532 735309 319848 281249 240326 842753 555282 672908 335865 605297 130889 646601 704117 752806 659265 530701 389598 304119 424729 602960 256334 216536 504412 364376 521774 697932 299076
 934948 1098345 497931 963557 187593 189728 891953 364932 1 815314 453184 908354 934603 926569 93722 323343 397560 1268622 774123 943259 276248 574156 938200 564004 398049 723327 892228 346052 197166 1063110 644977 435491 448684 1167097 886851 481911 607725 605229 1186871 569541 1004437 697514 886220 295366 934260 923791 1090102 902974 876417 317557 643582 762670 935527 621236 312768 861178 675623 548521 972708 70096
 493064 739461 435996 502941 632866 696160 859126 692623 815314 1 942904 119534 1092601 1080423 820695 858439 433629 866818 151433 662130 540859 662228 274134 255763 430202 704359 1112084 771532 854907 784215 667384 686358 389981 726353 88546 376789 881934 714065 788702 279943 615467 675710 393074 611278 427928 242919 690141 295300 626744 508169 560676 949615 587952 708570 536492 925191 474463 284552 405278 800919
 807231 872138 507791 835026 528819 348473 556560 252334 453184 942904 1 989857 508789 503067 359501 134051 667573 1028821 833200 723138 557912 352618 933126 707652 662513 455670 453725 180095 256630 804192 405852 261393 572775 968267 981415 572108 215516 336783 960900 802338 821833 448760 808443 363850 842642 933591 888012 880550 666100 609121 480665 357752 755126 354875 454326 486820 564359 769547 900429 386187
 427943 666800 484895 431810 730802 774451 834609 745873 908354 119534 989857 1 1082683 1070536 905030 917960 539852 780074 156699 611084 638486 681700 181172 344569 535592 698393 1110381 826583 929051 722801 674248 728915 467432 639879 31639 445232 903939 729142 706172 395361 547302 673208 332248 680831 356341 150740 613393 219523 586313 610669 566517 953041 531700 720765 614769 911304 474148 396165 320210 887690
 717569 624755 721603 734167 949244 778634 268747 602253 934603 1092601 508789 1082683 1 12185 843575 618063 1007040 724471 945384 540579 938178 466771 948147 939138 999624 388250 79249 592107 749469 529009 434715 544339 843426 733660 1089488 816582 327856 411001 690284 1079299 653386 417593 780047 727921 785316 964825 670512 891606 526934 979075 535616 177619 615969 407861 800127 172942 618171 1045247 847698 864524
 706058 615295 709938 722796 939551 769510 257676 592560 926569 1080423 503067 1070536 12185 1 835780 610885 996031 716782 933199 529625 927812 455288 936202 927292 988597 376074 83056 583503 742220 519761 422768 534149 831973 724293 1077318 804966 319341 399582 681592 1067630 642625 405446 768180 717825 773651 952818 660613 879639 515404 968494 523516 167832 604720 396260 789563 161020 605996 1033597 836084 856479
 889151 1037574 462777 918141 226233 139047 811944 290103 93722 820695 359501 905030 843575 835780 1 229871 426597 1207169 762604 881406 299832 501843 916645 565238 425313 649758 799757 259671 104083 996503 573100 360173 437882 1111836 886066 464743 517763 527973 1127075 595038 949948 625935 848889 248529 895257 905080 1033382 877096 815008 348633 583403 673124 880288 544824 291875 775830 625772 569951 938192 31051
 793192 895197 433949 822046 396551 218286 618722 175866 323343 858439 134051 917960 618063 610885 229871 1 547062 1059544 763107 740382 431807 349940 883733 612226 542658 482465 571082 96250 131465 838638 416308 219639 474577 982939 905981 481826 297855 355554 985438 691888 827583 466554 777836 254151 817544 879917 902376 834897 677758 483794 464308 452578 758271 374209 342116 566913 534329 660402 870656 254814
 702206 922803 312528 726520 209968 335866 856657 434880 397560 433629 667573 539852 1007040 996031 426597 547062 1 1085865 433139 787252 126839 544926 615267 210975 8172 667511 994751 490017 491602 922327 594752 473193 185249 959403 513997 226711 707003 598788 1000293 172019 805034 634122 623095 306908 673264 593181 894657 596371 725728 80011 527644 832787 746379 605319 218347 874566 500165 153245 691329 400607
 391626 170375 799815 372973 1169461 1079220 498156 921159 1268622 866818 1028821 780074 724471 716782 1207169 1059544 1085865 1 737789 325799 1102688 713413 599280 899372 1077994 578033 796765 975980 1158496 224888 644198 854659 908093 140565 805750 864516 822825 704367 85579 1040225 280835 593096 486519 974373 443208 630345 191381 571524 392419 1112775 625122 733387 342189 685631 983457 600009 603755 1017850 462182 1210528
 352832 600232 329316 366581 604833 628602 708314 590090 774123 151433 833200 156699 945384 933199 762604 763107 433139 737789 1 513427 513923 528566 183873 223111 427357 557660 967913 670954 779761 638541 526141 572217 326150 598770 151543 298187 750575 577691 656546 324010 474850 530208 253347 530711 294582 160157 554416 177681 475933 494440 418401 807456 441614 570430 470744 776567 328758 311789 286671 747438
 191354 156456 486096 200662 850565 753709 272026 596226 943259 662130 723138 611084 540579 529625 881406 740382 787252 325799 513427 1 789140 391178 445220 621624 779150 267745 594384 653782 834546 135555 324282 530774 603714 245148 627641 560989 530916 389047 246575 770897 114776 275941 279176 649693 265326 469324 164922 394716 66903 804468 299697 480439 82388 370388 663827 375304 289396 743673 322037 884767
 733828 934740 303470 760486 92342 215300 817225 343399 276248 540859 557912 638486 938178 927812 299832 431807 126839 1102688 513923 789140 1 492022 688466 294831 125505 629362 917550 385886 366654 921028 551606 394222 204390 984586 615340 246321 623883 541383 1017602 296192 824529 597275 666847 212782 716999 670216 914025 660860 724088 52367 505099 761057 760529 551263 140799 820243 500579 273124 744870 274219
 454787 546864 256209 482767 524565 387099 328453 211768 574156 662228 352618 681700 466771 455288 501843 349940 544926 713413 528566 391178 492022 1 595696 477170 537237 149281 466298 262767 445415 496853 71260 142479 376701 633008 680014 350368 222239 56137 637192 613403 478349 124097 458963 299694 490960 600745 552461 540524 327888 526401 129745 300172 409510 60400 351262 330279 219763 579186 549933 509918
 255700 487417 459445 255304 777430 778867 688714 707881 938200 274134 933126 181172 948147 936202 916645 883733 615267 599280 183873 445220 688466 595696 1 404351 609198 577601 984709 788076 920304 548182 571194 674741 491108 458932 206516 456289 812804 634679 525000 505714 370695 557890 170004 673837 181713 31428 433032 57251 430830 673234 468671 836310 363470 622726 627456 775207 376053 495184 139307 904775
 509080 743104 222421 531012 386930 440741 744411 455355 564004 255763 707652 344569 939138 927292 565238 612226 210975 899372 223111 621624 294831 477170 404351 1 204848 563586 943349 530586 600220 756666 505051 462916 137809 767363 322907 137044 681340 533082 814384 151029 620395 530686 422401 360332 471699 382719 708449 386202 566600 271776 412150 777215 568522 533116 281597 785713 353782 122102 484227 546079
 694567 914833 304383 718949 210543 332419 848635 428753 398049 430202 662513 535592 999624 988597 425313 542658 8172 1077994 427357 779150 125505 537237 609198 204848 1 659506 987627 484635 488898 914211 586845 466407 177078 951679 509985 218564 700221 591178 992420 171604 797168 626109 615762 301224 665954 587320 886805 589837 717594 80730 519516 825507 738412 597625 212272 866796 492015 151408 684376 399661
 381918 417189 359237 406204 669036 536347 189304 359837 723327 704359 455670 698393 388250 376074 649758 482465 667511 578033 557660 267745 629362 149281 577601 563586 659506 1 412005 403120 588284 356175 79757 289586 488016 512731 703472 453869 267114 126965 506645 710121 370962 33583 417709 446547 436072 590228 432662 520351 214093 659161 151701 258712 308152 108430 489975 223922 229923 677180 499245 658680
 763687 689530 722368 782262 921164 745825 323809 576099 892228 1112084 453725 1110381 79249 83056 799757 571082 994751 796765 967913 594384 917550 466298 984709 943349 987627 412005 1 555979 702250 595135 445791 524156 839194 798775 1115073 815755 295188 410287 758790 1078656 708664 437857 819146 705160 828614 999409 732523 927653 573651 960959 551471 166139 666109 410764 782536 219136 639155 1044296 891716 822471
 698744 809618 341716 727691 370648 190953 554731 81027 346052 771532 180095 826583 592107 583503 259671 96250 490017 975980 670954 653782 385886 262767 788076 530586 484635 403120 555979 1 185501 757753 331936 125750 394391 894296 815688 396740 264258 277056 899945 622244 737081 383782 681757 184279 721782 784727 813955 738914 589835 435679 371055 417802 667422 295094 274742 516194 438641 589482 774560 276335
 863716 990882 460864 892860 308707 161103 738283 239595 197166 854907 256630 929051 749469 742220 104083 131465 491602 1158496 779761 834546 366654 445415 920304 600220 488898 588284 702250 185501 1 941942 515694 303879 465102 1072046 913015 483827 427548 462514 1081109 652475 912488 568011 834622 249096 878324 912134 992218 876228 769500 418432 543629 582820 842535 480475 318628 693174 599402 624249 926271 132944
 294885 96890 618944 292923 979546 873452 280745 707548 1063110 784215 804192 722801 529009 519761 996503 838638 922327 224888 638541 135555 921028 496853 548182 756666 914211 356175 595135 757753 941942 1 426254 639233 738369 204807 742238 695853 598046 483100 166560 905491 178251 374009 392769 772621 367127 575359 150147 503345 197377 937948 423232 514330 196956 464484 792878 386320 423256 878641 413685 1002144
 405574 478908 291847 432430 589578 457330 265624 283026 644977 667384 405852 674248 434715 422768 573100 416308 594752 644198 526141 324282 551606 71260 571194 505051 586845 79757 445791 331936 515694 426254 1 213572 418772 568043 675876 387386 243681 70023 569175 647875 416893 52839 422754 366791 449384 579774 487400 514586 263027 582848 107857 282238 349466 53826 411656 283117 200507 614265 510698 581042
 573587 687048 250508 602467 408280 252580 457548 70601 435491 686358 261393 728915 544339 534149 360173 219639 473193 854659 572217 530774 394222 142479 674741 462916 466407 289586 524156 125750 303879 639233 213572 1 336548 769708 721198 325947 233815 169887 777302 577225 611751 266359 560087 183834 598692 673843 689544 623537 466035 436822 245325 366965 542001 185748 258466 437833 315581 542974 652906 369640
 531998 742662 129194 558067 288527 307653 676229 321200 448684 389981 572775 467432 843426 831973 437882 474577 185249 908093 326150 603714 204390 376701 491108 137809 177078 488016 839194 394391 465102 738369 418772 336548 1 785733 449453 43610 563876 432436 822593 241759 627915 454445 462575 222621 512784 475524 717715 459643 541360 205320 344239 673991 566637 436196 147613 701479 315460 207311 540742 421642
 258365 109261 684615 236956 1055889 979397 479737 832532 1167097 726353 968267 639879 733660 724293 1111836 982939 959403 140565 598770 245148 984586 633008 458932 767363 951679 512731 798775 894296 1072046 204807 568043 769708 785733 1 665338 742169 773597 633866 72523 905376 162733 520773 349409 871735 304438 489931 80644 431088 305259 991050 529422 708228 231720 615262 871926 586525 492936 884159 321618 1112469
 447492 688942 474589 452943 707679 757045 844837 735309 886851 88546 981415 31639 1089488 1077318 886066 905981 513997 805750 151543 627641 615340 680014 206516 322907 509985 703472 1115073 815688 913015 742238 675876 721198 449453 665338 1 429537 902081 728754 730774 366359 568059 677302 350065 665675 377223 175409 636449 240336 600049 586038 568020 956181 549355 721118 597056 918907 476797 368422 344467 868006
 488730 699227 95562 514946 328122 330499 640910 319848 481911 376789 572108 445232 816582 804966 464743 481826 226711 864516 298187 560989 246321 350368 456289 137044 218564 453869 815755 396740 483827 695853 387386 325947 43610 742169 429537 1 546947 406479 779009 263053 584309 420307 420649 236184 470742 442329 674110 422312 499073 248885 307278 649884 523139 408722 172962 670500 273460 228819 500259 450549
 644436 672483 459733 670064 626037 451953 341594 281249 607725 881934 215516 903939 327856 319341 517763 297855 707003 822825 750575 530916 623883 222239 812804 681340 700221 267114 295188 264258 427548 598046 243681 233815 563876 773597 902081 546947 1 178135 759203 805635 637534 271103 666421 411132 692088 819737 694762 756648 480865 668573 344317 155497 575262 190635 491382 273225 437730 771182 753888 537636
 475512 541702 312335 502432 568877 421931 287989 240326 605229 714065 336783 729142 411001 399582 527973 355554 598788 704367 577691 389047 541383 56137 634679 533082 591178 126965 410287 277056 462514 483100 70023 169887 432436 633866 728754 406479 178135 1 631635 669523 485128 113112 490228 342557 518271 641695 553308 578577 329923 577570 166228 244149 418374 18764 400682 278891 259795 635295 579126 538833
 307693 90329 714964 290366 1085050 997772 447281 842753 1186871 788702 960900 706172 690284 681592 1127075 985438 1000293 85579 656546 246575 1017602 637192 525000 814384 992420 506645 758790 899945 1081109 166560 569175 777302 822593 72523 730774 779009 759203 631635 1 955960 195273 519184 404077 892112 362404 555635 105999 493729 312262 1027346 543997 680722 257095 612874 899309 552572 519337 933221 386308 1129664
 648610 887922 357697 668453 381961 492556 893210 555282 569541 279943 802338 395361 1079299 1067630 595038 691888 172019 1040225 324010 770897 296192 613403 505714 151029 171604 710121 1078656 622244 652475 905491 647875 577225 241759 905376 366359 263053 805635 669523 955960 1 763805 676873 556532 439557 603910 478944 850466 500811 716960 251992 559550 912873 715016 671518 349955 930382 504594 34480 607002 570204
 122472 125660 523171 115606 894285 816945 385529 672908 1004437 615467 821833 547302 653386 642625 949948 827583 805034 280835 474850 114776 824529 478349 370695 620395 797168 370962 708664 737081 912488 178251 416893 611751 627915 162733 568059 584309 637534 485128 195273 763805 1 373371 222576 709086 190980 398507 89804 327935 156884 832939 368931 594489 69962 466960 709753 489715 330318 740102 235435 950155
 373414 429089 325655 398963 638522 509542 222561 335865 697514 675710 448760 673208 417593 405446 625935 466554 634122 593096 530208 275941 597275 124097 557890 530686 626109 33583 437857 383782 568011 374009 52839 266359 454445 520773 677302 420307 271103 113112 519184 676873 373371 1 401676 417341 423380 569164 440234 500724 217341 626468 119413 280471 307819 94489 458304 255773 201548 643866 486012 633780
 100106 347375 388412 113714 747634 710072 518981 605297 886220 393074 808443 332248 780047 768180 848889 777836 623095 486519 253347 279176 666847 458963 170004 422401 615762 417709 819146 681757 834622 392769 422754 560087 462575 349409 350065 420649 666421 490228 404077 556532 222576 401676 1 600368 50361 191359 301147 116271 260890 664599 329231 675212 199482 476129 575185 607181 245016 536368 92839 842323
 642299 804005 215721 671158 226449 110037 627902 130889 295366 611278 363850 680831 727921 717825 248529 254151 306908 974373 530711 649693 212782 299694 673837 360332 301224 446547 705160 184279 249096 772621 366791 183834 222621 871735 665675 236184 411132 342557 892112 439557 709086 417341 600368 1 646770 664459 794798 631840 582791 258737 350288 550394 640166 355156 90493 618549 380822 407397 689874 243518
 74284 312349 436331 75748 797409 756673 520037 646601 934260 427928 842642 356341 785316 773651 895257 817544 673264 443208 294582 265326 716999 490960 181713 471699 665954 436072 828614 721782 878324 367127 449384 598692 512784 304438 377223 470742 692088 518271 362404 603910 190980 423380 50361 646770 1 208253 262235 136971 259342 714953 361991 690383 183024 503173 623901 613272 283223 584534 63450 889351
 281521 516574 451697 282914 760009 768042 707741 704117 923791 242919 933591 150740 964825 952818 905080 879917 593181 630345 160157 469324 670216 600745 31428 382719 587320 590228 999409 784727 912134 575359 579774 673843 475524 489931 175409 442329 819737 641695 555635 478944 398507 569164 191359 664459 208253 1 462756 75113 451772 653137 475469 848766 388155 630455 614585 791988 382037 469590 169490 892295
 203073 59394 612208 187974 983077 901830 410244 752806 1090102 690141 888012 613393 670512 660613 1033382 902376 894657 191381 554416 164922 914025 552461 433032 708449 886805 432662 732523 813955 992218 150147 487400 689544 717715 80644 636449 674110 694762 553308 105999 850466 89804 440234 301147 794798 262235 462756 1 396927 224647 922717 450326 634444 155156 534721 798064 517097 418098 827471 293817 1034588
 208592 448703 416286 212638 747901 738557 633247 659265 902974 295300 880550 219523 891606 879639 877096 834897 596371 571524 177681 394716 660860 540524 57251 386202 589837 520351 927653 738914 876228 503345 514586 623537 459643 431088 240336 422312 756648 578577 493729 500811 327935 500724 116271 631840 136971 75113 396927 1 376711 649508 412812 779059 313945 566367 590669 718684 320762 486600 111131 866592
 190670 222567 421629 208645 784388 686900 260698 530701 876417 626744 666100 586313 526934 515404 815008 677758 725728 392419 475933 66903 724088 327888 430830 566600 717594 214093 573651 589835 769500 197377 263027 466035 541360 305259 600049 499073 480865 329923 312262 716960 156884 217341 260890 582791 259342 451772 224647 376711 1 740575 232838 446342 96471 311519 597620 355985 226003 688649 321055 818115
 736956 946475 319208 762726 129970 267638 848063 389598 317557 508169 609121 610669 979075 968494 348633 483794 80011 1112775 494440 804468 52367 526401 673234 271776 80730 659161 960959 435679 418432 937948 582848 436822 205320 991050 586038 248885 668573 577570 1027346 251992 832939 626468 664599 258737 714953 653137 922717 649508 740575 1 528484 802573 770899 586342 178959 856228 515074 232036 738672 321925
 329840 454963 215298 358438 557742 454102 334383 304119 643582 560676 480665 566517 535616 523516 583403 464308 527644 625122 418401 299697 505099 129745 468671 412150 519516 151701 551471 371055 543629 423232 107857 245325 344239 529422 568020 307278 344317 166228 543997 559550 368931 119413 329231 350288 361991 475469 450326 412812 232838 528484 1 389310 298970 155467 371794 375178 93757 526955 420390 585671
 630795 600828 556293 652412 771722 602208 235235 424729 762670 949615 357752 953041 177619 167832 673124 452578 832787 733387 807456 480439 761057 300172 836310 777215 825507 258712 166139 417802 582820 514330 282238 366965 673991 708228 956181 649884 155497 244149 680722 912873 594489 280471 675212 550394 690383 848766 634444 779059 446342 802573 389310 1 542407 244904 623633 139495 479385 878547 753828 692613
 108970 176430 457915 119510 828357 747683 347448 602960 935527 587952 755126 531700 615969 604720 880288 758271 746379 342189 441614 82388 760529 409510 363470 568522 738412 308152 666109 667422 842535 196956 349466 542001 566637 231720 549355 523139 575262 418374 257095 715016 69962 307819 199482 640166 183024 388155 155156 313945 96471 770899 298970 542407 1 400453 643061 447327 263008 689669 239846 880755
 459156 522947 313850 485862 581127 436972 273541 256334 621236 708570 354875 720765 407861 396260 544824 374209 605319 685631 570430 370388 551263 60400 622726 533116 597625 108430 410764 295094 480475 464484 53826 185748 436196 615262 721118 408722 190635 18764 612874 671518 466960 94489 476129 355156 503173 630455 534721 566367 311519 586342 155467 244904 400453 1 410465 270028 249216 637423 564393 555216
 629800 813800 189277 657826 186770 160063 677153 216536 312768 536492 454326 614769 800127 789563 291875 342116 218347 983457 470744 663827 140799 351262 627456 281597 212272 489975 782536 274742 318628 792878 411656 258466 147613 871926 597056 172962 491382 400682 899309 349955 709753 458304 575185 90493 623901 614585 798064 590669 597620 178959 371794 623633 643061 410465 1 679569 380089 318288 660481 277753
 546564 477541 574964 564239 844837 687767 106916 504412 861178 925191 486820 911304 172942 161020 775830 566913 874566 600009 776567 375304 820243 330279 775207 785713 866796 223922 219136 516194 693174 386320 283117 437833 701479 586525 918907 670500 273225 278891 552572 930382 489715 255773 607181 618549 613272 791988 517097 718684 355985 856228 375178 139495 447327 270028 679569 1 452040 896954 675934 791981
 264561 434704 197127 293698 565732 489983 395815 364376 675623 474463 564359 474148 618171 605996 625772 534329 500165 603755 328758 289396 500579 219763 376053 353782 492015 229923 639155 438641 599402 423256 200507 315581 315460 492936 476797 273460 437730 259795 519337 504594 330318 201548 245016 380822 283223 382037 418098 320762 226003 515074 93757 479385 263008 249216 380089 452040 1 474027 337688 623688
 626535 863564 323670 647246 361410 463745 860939 521774 548521 284552 769547 396165 1045247 1033597 569951 660402 153245 1017850 311789 743673 273124 579186 495184 122102 151408 677180 1044296 589482 624249 878641 614265 542974 207311 884159 368422 228819 771182 635295 933221 34480 740102 643866 536368 407397 584534 469590 827471 486600 688649 232036 526955 878547 689669 637423 318288 896954 474027 1 590756 545926
 131746 348765 476106 122816 828375 799193 581607 697932 972708 405278 900429 320210 847698 836084 938192 870656 691329 462182 286671 322037 744870 549933 139307 484227 684376 499245 891716 774560 926271 413685 510698 652906 540742 321618 344467 500259 753888 579126 386308 607002 235435 486012 92839 689874 63450 169490 293817 111131 321055 738672 420390 753828 239846 564393 660481 675934 337688 590756 1 930711
 885803 1040549 454621 914672 197430 133728 824620 299076 70096 800919 386187 887690 864524 856479 31051 254814 400607 1210528 747438 884767 274219 509918 904775 546079 399661 658680 822471 276335 132944 1002144 581042 369640 421642 1112469 868006 450549 537636 538833 1129664 570204 950155 633780 842323 243518 889351 892295 1034588 866592 818115 321925 585671 692613 880755 555216 277753 791981 623688 545926 930711 1
LAMBDA_SECTION
1 656
2 281
3 460
4 226
5 354
6 628
7 333
8 896
9 910
10 876
11 488
12 987
13 301
14 716
15 155
16 272
17 275
18 923
19 213
20 687
21 538
22 965
23 500
24 271
25 982
26 968
27 562
28 601
29 884
30 254
31 570
32 404
33 939
34 106
35 819
36 173
37 961
38 654
39 232
40 518
41 71
42 10
43 248
44 534
45 126
46 641
47 815
48 570
49 276
50 854
51 515
52 849
53 300
54 902
55 766
56 282
57 763
58 662
59 427
60 231
