NAME : domp60p20v6
COMMENT : Cherkesly, Contardo & Gruson 2022
TYPE : DOMP
DIMENSION : 60
DISPLAY_DATA_TYPE : NO_DISPLAY
OPEN_FACILITIES : 20
COST_SECTION
 1 354281 770582 419880 653544 397069 484238 306946 674486 197326 513359 590248 294624 735513 657781 347506 332839 748607 179567 568387 627237 382063 105289 57578 492053 159095 275357 453053 179488 595052 290340 273775 560945 413078 656897 211539 570541 801556 430561 645328 263024 397707 382868 587636 136285 219098 426717 647752 483941 503308 444472 459200 436156 345066 344475 459517 617294 385568 228019 799182
 354281 1 609905 696269 479387 42808 452614 542723 323712 268970 207176 505432 139554 579787 530701 292057 343203 561536 332269 593520 306434 606933 322112 408626 312804 257676 561939 596275 182879 350463 367196 603244 375841 638800 617197 231029 362254 472313 81767 315855 167092 255135 413947 371618 414241 252481 193739 339556 388961 157853 208463 419863 404062 148570 59347 363815 455667 523979 482741 452470
 770582 609905 1 793452 130673 600449 316269 669928 684452 825730 752393 203490 528778 35138 119229 423245 939575 67524 871037 356822 425664 1139320 668597 790953 912835 792242 1045540 544235 639367 277794 946498 848240 966702 682202 242036 796417 248616 866580 629955 770525 756188 864863 422212 948071 897651 821066 793960 830022 998292 532741 804787 328287 1012017 758328 669236 973515 159328 533372 988560 777901
 419880 696269 793452 1 726957 733566 487727 158552 1010594 616989 892544 592142 573544 762483 678199 490184 751004 807596 594492 451801 870735 698488 385653 371872 906336 577022 562473 253776 523360 761889 703047 185663 976550 112334 577524 627638 709807 1168580 777755 1011838 666916 812403 401170 999034 511200 637890 826006 1029388 903811 804111 844448 489029 853743 743140 713064 879369 690552 263404 574109 1142151
 653544 479387 130673 726957 1 470824 239470 589458 575957 697659 627242 151356 400238 100882 89312 307319 809425 95076 744747 330361 319679 1015876 554415 678493 783821 665315 926877 490853 513651 158861 817533 757659 838950 619671 249688 667563 119626 761933 501684 654834 625969 734434 333186 821953 776847 692201 664607 711999 867990 409008 675837 239740 881349 627743 538699 843105 38187 463622 866710 679682
 397069 42808 600449 733566 470824 1 465913 578734 282269 306238 183594 509738 167398 571690 528135 311891 369355 548844 370532 609306 272418 642810 362872 451303 313493 297727 601966 624045 224674 333177 398342 644500 371928 672809 624603 267906 351834 435941 46750 281007 200631 267469 436289 362001 455444 288215 193907 310115 399167 118967 205924 433579 421962 166571 82261 375271 449923 552883 522004 411889
 484238 452614 316269 487727 239470 465913 1 354933 672323 587145 648411 114384 323482 282664 197173 169157 721529 321271 617602 145911 454872 865164 378961 493697 760990 546517 757416 254685 396250 306859 711333 532028 826906 380235 178625 566904 246735 857524 509785 720773 549547 688750 108321 824218 618796 590321 644519 764687 819651 464325 660231 32894 811289 582733 504083 792743 203797 224324 711173 796244
 306946 542723 669928 158552 589458 578734 354933 1 853615 496165 742891 466454 416478 636973 551461 333737 637332 675547 486461 357573 713214 645724 246166 272748 772270 453273 514278 178093 376212 609799 597250 188280 843254 107141 477187 500131 560242 1014563 623670 858560 529879 679864 256750 861590 424140 514044 683660 879141 782333 646010 702139 349799 740656 601699 563699 756640 551916 143232 503077 985285
 674486 323712 684452 1010594 575957 282269 672323 853615 1 547630 204799 674780 437160 666691 657985 552364 550883 619078 612874 817179 258818 858923 645108 730205 380830 553586 847577 875378 506588 417754 601453 926758 393411 942134 795244 510737 469239 187867 244209 109456 439005 407476 676145 351442 713104 524066 316480 174232 493838 213892 309649 644051 553672 365581 331755 481765 573213 809200 764266 131715
 197326 268970 825730 616989 697659 306238 587145 496165 547630 1 358629 675741 297464 792223 726190 422737 144205 788916 65730 700377 575176 338423 256985 249624 299203 44382 300886 622415 191967 596881 124286 466524 366258 603294 765756 38478 592231 643746 321042 494341 109866 205862 504090 396581 169752 25757 254881 483058 287337 425183 270503 556558 246132 184123 228524 262480 666409 549744 218468 660082
 513359 207176 752393 892544 627242 183594 648411 742891 204799 358629 1 685274 346491 727042 694279 495312 346532 694258 421756 792467 358820 656113 509093 570872 187837 373041 653269 803448 369319 475156 398887 781276 222123 842000 802605 324527 508189 288708 138639 135734 256333 202683 619203 196368 528020 333588 112619 136982 298425 220007 104852 616311 351820 175092 179501 282930 612080 731041 569660 303061
 590248 505432 203490 592142 151356 509738 114384 466454 674780 675741 685274 1 392170 170981 86065 253696 803575 217150 712183 179080 432951 968406 485521 603611 818231 637460 865045 347119 483881 269812 799759 645839 880405 481854 120589 651709 210427 862615 549276 738489 624996 754329 222376 871664 722782 675895 699008 789132 887732 481050 713102 132319 887601 646375 561723 861356 125228 330520 815024 790221
 294624 139554 528778 573544 400238 167398 323482 416478 437160 297464 346491 392170 1 495615 433068 156712 414107 491581 346812 459712 335188 622662 226547 338841 438184 266542 548512 457336 122281 308631 417749 504011 505236 507225 495800 267654 296454 601380 214029 447899 233146 365638 275268 506197 394954 292303 323606 476963 497604 232959 340164 290633 495489 259252 183225 470902 369487 385675 479350 568812
 735513 579787 35138 762483 100882 571690 282664 636973 666691 792223 727042 170981 495615 1 85537 388231 907313 65864 836977 330726 408104 1104693 633470 755817 884698 758371 1010512 514692 605259 254531 913358 814379 939640 651630 221188 763261 220374 850533 602447 749916 724055 834904 387981 922161 862778 787908 765487 808408 968570 508059 776708 293818 980911 727978 639052 943585 126290 501453 953768 764086
 657781 530701 119229 678199 89312 528135 197173 551461 657985 726190 694279 86065 433068 85537 1 312471 847132 132886 767620 255354 404688 1031101 554499 675566 841213 690369 933131 432309 536347 240680 848929 729046 899746 567814 162095 699198 190517 845031 563271 732045 665162 784746 303033 886308 787333 723748 721402 787031 918806 480148 734013 209370 925561 676802 589172 893106 84949 416479 878974 765306
 347506 292057 423245 490184 307319 311891 169157 333737 552364 422737 495312 253696 156712 388231 312471 1 553971 402306 458571 303011 381094 718667 247116 371211 594800 383888 622298 323031 230779 281589 546959 472187 661942 403026 345775 400238 240105 729804 357939 583104 380434 520340 125646 662191 475055 424085 480172 619869 650693 338472 496556 136819 642437 415154 339624 623750 270421 258633 566547 682329
 332839 343203 939575 751004 809425 369355 721529 637332 550883 144205 346532 803575 414107 907313 847132 553971 1 896926 157317 840243 639558 311711 400961 379285 214835 188583 335077 766616 325927 692053 63848 589717 267478 744259 899513 155364 697271 604981 365897 473237 183487 145957 643737 309353 259143 133408 234411 443477 159434 482340 242129 690033 103395 206150 287635 139882 781061 693922 256425 643685
 748607 561536 67524 807596 95076 548844 321271 675547 619078 788916 694258 217150 491581 65864 132886 402306 896926 1 837417 387457 360577 1109756 649420 773415 859124 757626 1021797 564269 606936 219350 907536 847752 910927 698160 283923 757914 199871 800244 575693 707066 713526 815304 421283 890459 871511 782501 741152 767389 947911 474252 751158 326665 965347 710049 620799 923681 132093 544636 961120 710848
 179567 332269 871037 594492 744747 370532 617602 486461 612874 65730 421756 712183 346812 836977 767620 458571 157317 837417 1 721874 637636 278521 262004 222626 345793 80553 235195 626691 231734 651709 110789 432651 408994 592638 795755 103937 643246 704722 386555 557251 175594 255957 527560 443885 111630 88867 315323 543136 314690 489320 329965 588355 259336 248328 293832 292566 712116 556327 152767 724057
 568387 593520 356822 451801 330361 609306 145911 357573 817179 700377 792467 179080 459712 330726 255354 303011 840243 387457 721874 1 592549 948680 466047 564335 897609 657527 830032 198094 515349 436186 822814 545838 964948 339608 125836 684928 375035 1002916 653862 866679 676634 821226 196510 964709 704548 707078 783144 910265 949456 610131 799431 176765 934633 717371 642555 922365 303366 215140 795433 939846
 627237 306434 425664 870735 319679 272418 454872 713214 258818 575176 358820 432951 335188 408104 404688 381094 639558 360577 637636 592549 1 913349 560577 673679 541291 560736 862996 689240 448611 164889 670728 831292 580934 783355 551256 537400 222540 442792 274978 348354 472499 522958 488998 552144 711661 558888 434246 410585 644662 157499 438765 432067 681573 433781 354537 624339 321166 633556 786088 360627
 382063 606933 1139320 698488 1015876 642810 865164 645724 858923 338423 656113 968406 622662 1104693 1031101 718667 311711 1109756 278521 948680 913349 1 487019 386182 519438 358677 136021 814842 503300 929519 257473 512910 558744 738753 1038902 375964 918660 915192 652391 784791 442444 457619 764911 606325 246408 354677 543495 754507 431755 761612 552728 838966 352651 498872 562562 425073 981795 754718 154109 955267
 105289 322112 668597 385653 554415 362872 378961 246166 645108 256985 509093 485521 226547 633470 554499 247116 400961 649420 262004 466047 560577 487019 1 124623 526150 212796 379535 366306 140869 508467 369719 282026 597108 352415 551897 256081 478302 790565 403484 633032 283976 433719 277991 616168 240746 272066 440584 646066 539140 454305 459049 354145 503086 357887 330357 512990 517518 294784 332911 774537
 57578 408626 790953 371872 678493 451303 493697 272748 730205 249624 570872 603611 338841 755817 675566 371211 379285 773415 222626 564335 673679 386182 124623 1 546952 213919 266186 431695 229919 631400 331735 217738 615220 375971 660874 266897 602640 858975 486055 702614 320365 452717 388194 643133 151803 272629 484021 705329 533741 554874 501709 471360 481883 402540 401119 510029 641395 369018 235828 855607
 492053 312804 912835 906336 783821 313493 760990 772270 380830 299203 187837 818231 438184 884698 841213 594800 214835 859124 345793 897609 541291 519438 526150 546952 1 333131 549461 869236 405569 640653 278018 764621 71122 878042 929207 280532 664450 397671 283439 284519 242658 94356 708535 98093 456966 274900 119816 241098 113009 392007 108053 728097 178856 181383 257472 103272 763414 794690 469372 450118
 159095 257676 792242 577022 665315 297727 546517 453273 553586 44382 373041 637460 266542 758371 690369 383888 188583 757626 80553 657527 560736 358677 212796 213919 333131 1 304306 578045 154112 571191 165489 431654 401853 560410 725122 53176 562896 660981 318651 508339 116833 238839 461479 429227 159978 61078 275888 502420 329225 415512 292751 516349 290300 198472 225629 303836 633111 505364 225466 670683
 275357 561939 1045540 562473 926877 601966 757416 514278 847577 300886 653269 865045 548512 1010512 933131 622298 335077 1021797 235195 830032 862996 136021 379535 266186 549461 304306 1 686483 426231 856733 271491 376889 601538 604714 926732 338814 838331 930576 620822 787787 410698 470842 653373 644400 153577 323675 543552 768102 483356 719790 556438 733471 407867 482226 527771 469609 891147 629514 83612 956310
 453053 596275 544235 253776 490853 624045 254685 178093 875378 622415 803448 347119 457336 514692 432309 323031 766616 564269 626691 198094 689240 814842 366306 431695 869236 578045 686483 1 464063 555054 735667 361734 939902 141521 323754 617388 497030 1051481 670795 902059 630039 782143 201595 950031 582353 635654 766373 934105 898436 661491 784329 266024 867906 689555 632160 871667 456852 74561 667243 1005306
 179488 182879 639367 523360 513651 224674 396250 376212 506588 191967 369319 483881 122281 605259 536347 230779 325927 606936 231734 515349 448611 503300 140869 229919 405569 154112 426231 464063 1 430724 316182 420548 476469 478755 574680 170798 415728 649698 263536 492170 166618 318224 319158 489579 272678 194073 308540 506262 438720 324956 326959 365221 419323 228048 190019 411647 480585 389507 357774 635060
 595052 350463 277794 761889 158861 333177 306859 609799 417754 596881 475156 269812 308631 254531 240680 281589 692053 219350 651709 436186 164889 929519 508467 631400 640653 571191 856733 555054 430724 1 709427 753522 691649 664620 386896 562748 61165 604457 357322 496198 510574 600635 363368 671232 703283 586798 523469 554017 731966 255219 532867 289629 753790 497604 408890 708361 156504 508685 787910 525240
 290340 367196 946498 703047 817533 398342 711333 597250 601453 124286 398887 799759 417749 913358 848929 546959 63848 907536 110789 822814 670728 257473 369719 331735 278018 165489 271491 735667 316182 709427 1 536480 331293 703386 889955 150097 709235 664731 401591 529018 200466 203606 626910 373097 201111 125450 286303 502615 220103 515154 296214 680818 154419 244075 316197 202381 787230 664502 192587 699395
 273775 603244 848240 185663 757659 644500 532028 188280 926758 466524 781276 645839 504011 814379 729046 472187 589717 847752 432651 545838 831292 512910 282026 217738 764621 431654 376889 361734 420548 753522 536480 1 832630 245239 664655 484623 711156 1067173 684079 909802 536042 670426 426948 860870 337859 490021 699615 917272 747122 735141 717549 521668 690184 617312 606020 724332 719526 331130 392362 1055602
 560945 375841 966702 976550 838950 371928 826906 843254 393411 366258 222123 880405 505236 939640 899746 661942 267478 910927 408994 964948 580934 558744 597108 615220 71122 401853 601538 939902 476469 691649 331293 832630 1 949100 993029 349724 719326 375799 337358 288295 313761 164153 777259 50474 519028 342625 182449 233272 128546 438549 167423 794032 206894 251039 322848 134054 820338 865372 523875 442603
 413078 638800 682202 112334 619671 672809 380235 107141 942134 603294 842000 481854 507225 651630 567814 403026 744259 698160 592638 339608 783355 738753 352415 375971 878042 560410 604714 141521 478755 664620 703386 245239 949100 1 465266 607107 610169 1108389 718614 953729 635440 786042 301282 966424 525994 621165 787141 977401 889442 731080 805591 384319 847613 705748 663696 863716 583922 157467 601106 1073760
 656897 617197 242036 577524 249688 624603 178625 477187 795244 765756 802605 120589 495800 221188 162095 345775 899513 283923 795755 125836 551256 1038902 551897 660874 929207 725122 926732 323754 574680 386896 889955 664655 993029 465266 1 745187 329010 983097 665540 858773 725581 861154 274056 986435 792628 768718 810855 908824 993402 601057 825621 209523 988002 753935 671790 966680 234188 333972 884800 909838
 211539 231029 796417 627638 667563 267906 566904 500131 510737 38478 324527 651709 267654 763261 699198 400238 155364 757914 103937 684928 537400 375964 256081 266897 280532 53176 338814 617388 170798 562748 150097 484623 349724 607107 745187 1 560163 611287 282644 460215 71993 186178 488434 376261 203797 24650 224208 451682 283064 386868 240708 535667 252010 149444 190057 256934 637139 543782 256691 624696
 570541 362254 248616 709807 119626 351834 246735 560242 469239 592231 508189 210427 296454 220374 190517 240105 697271 199871 643246 375035 222540 918660 478302 602640 664450 562896 838331 497030 415728 61165 709235 711156 719326 610169 329010 560163 1 656868 382081 541529 513976 616771 309222 702521 685800 584651 545410 596802 749952 291106 556429 231045 765702 510823 421588 725350 105799 453351 773123 581021
 801556 472313 866580 1168580 761933 435941 857524 1014563 187867 643746 288708 862615 601380 850533 845031 729804 604981 800244 704722 1002916 442792 915192 790565 858975 397671 660981 930576 1051481 649698 604457 664731 1067173 375799 1108389 983097 611287 656868 1 390953 157556 544609 461244 854979 325434 813482 618228 389404 162487 500624 394351 375051 828523 574731 462517 461260 498480 760413 982944 847516 104547
 430561 81767 629955 777755 501684 46750 509785 623670 244209 321042 138639 549276 214029 602447 563271 357939 365897 575693 386555 653862 274978 652391 403484 486055 283439 318651 620822 670795 263536 357322 401591 684079 337358 718614 665540 282644 382081 390953 1 235148 211752 249736 482637 323353 478347 300512 166552 263376 376924 117570 175551 477673 407698 159756 93136 354588 483120 599597 539240 371567
 645328 315855 770525 1011838 654834 281007 720773 858560 109456 494341 135734 738489 447899 749916 732045 583104 473237 707066 557251 866679 348354 784791 633032 702614 284519 508339 787787 902059 492170 496198 529018 909802 288295 953729 858773 460215 541529 157556 235148 1 391519 327290 708748 244143 663753 469251 244499 65403 396583 258195 232970 690368 462028 310772 303802 387536 647247 832118 704223 170480
 263024 167092 756188 666916 625969 200631 549547 529879 439005 109866 256333 624996 233146 724055 665162 380434 183487 713526 175594 676634 472499 442444 283976 320365 242658 116833 410698 630039 166618 510574 200466 536042 313761 635440 725581 71993 513976 544609 211752 391519 1 152306 481971 332412 274515 88778 163698 387122 273288 319225 181526 517245 262755 82728 120238 246165 597854 555535 328321 554257
 397707 255135 864863 812403 734434 267469 688750 679864 407476 205862 202683 754329 365638 834904 784746 520340 145957 815304 255957 821226 522958 457619 433719 452717 94356 238839 470842 782143 318224 600635 203606 670426 164153 786042 861154 186178 616771 461244 249736 327290 152306 1 628869 190816 367584 181149 93669 299025 134061 366585 97859 655977 158701 108122 195971 108682 710721 707610 388625 497730
 382868 413947 422212 401170 333186 436289 108321 256750 676145 504090 619203 222376 275268 387981 303033 125646 643737 421283 527560 196510 488998 764911 277991 388194 708535 461479 653373 201595 319158 363368 626910 426948 777259 301282 274056 488434 309222 854979 482637 708748 481971 628869 1 780725 518731 510572 597240 745144 755216 462435 614272 94740 738473 527287 457770 728095 295437 145858 610824 805275
 587636 371618 948071 999034 821953 362001 824218 861590 351442 396581 196368 871664 506197 922161 886308 662191 309353 890459 443885 964709 552144 606325 616168 643133 98093 429227 644400 950031 489579 671232 373097 860870 50474 966424 986435 376261 702521 325434 323353 244143 332412 190816 780725 1 555020 371963 184051 186145 178158 416262 166577 791478 255725 261548 323052 181300 805314 875729 565351 394017
 136285 414241 897651 511200 776847 455444 618796 424140 713104 169752 528020 722782 394954 862778 787333 475055 259143 871511 111630 704548 711661 246408 240746 151803 456966 159978 153577 582353 272678 703283 201111 337859 519028 525994 792628 203797 685800 813482 478347 663753 274515 367584 518731 555020 1 195261 424411 652593 418576 571708 439695 592816 355519 353073 385462 398291 741701 517624 92384 828451
 219098 252481 821066 637890 692201 288215 590321 514044 524066 25757 333588 675895 292303 787908 723748 424085 133408 782501 88867 707078 558888 354677 272066 272629 274900 61078 323675 635654 194073 586798 125450 490021 342625 621165 768718 24650 584651 618228 300512 469251 88778 181149 510572 371963 195261 1 229223 457412 268307 407116 244776 559224 232395 159557 208831 242805 661789 562407 240689 635458
 426717 193739 793960 826006 664607 193907 644519 683660 316480 254881 112619 699008 323606 765487 721402 480172 234411 741152 315323 783144 434246 543495 440584 484021 119816 275888 543552 766373 308540 523469 286303 699615 182449 787141 810855 224208 545410 389404 166552 244499 163698 93669 597240 184051 424411 229223 1 228192 211173 280012 18485 611653 250395 83012 140620 190115 643780 692178 460060 414147
 647752 339556 830022 1029388 711999 310115 764687 879141 174232 483058 136982 789132 476963 808408 787031 619869 443477 767389 543136 910265 410585 754507 646066 705329 241098 502420 768102 934105 506262 554017 502615 917272 233272 977401 908824 451682 596802 162487 263376 65403 387122 299025 745144 186145 652593 457412 228192 1 349676 308356 213175 733509 419906 304433 316336 343970 702584 862630 685079 210429
 483941 388961 998292 903811 867990 399167 819651 782333 493838 287337 298425 887732 497604 968570 918806 650693 159434 947911 314690 949456 644662 431755 539140 533741 113009 329225 483356 898436 438720 731966 220103 747122 128546 889442 993402 283064 749952 500624 376924 396583 273288 134061 755216 178158 418576 268307 211173 349676 1 491176 205935 787013 79105 242089 329923 27123 844624 824323 409543 559937
 503308 157853 532741 804111 409008 118967 464325 646010 213892 425183 220007 481050 232959 508059 480148 338472 482340 474252 489320 610131 157499 761612 454305 554874 392007 415512 719790 661491 324956 255219 515154 735141 438549 731080 601057 386868 291106 394351 117570 258195 319225 366585 462435 416262 571708 407116 280012 308356 491176 1 286328 434710 524927 276382 199531 469819 396383 595626 640403 344246
 444472 208463 804787 844448 675837 205924 660231 702139 309649 270503 104852 713102 340164 776708 734013 496556 242129 751158 329965 799431 438765 552728 459049 501709 108053 292751 556438 784329 326959 532867 296214 717549 167423 805591 825621 240708 556429 375051 175551 232970 181526 97859 614272 166577 439695 244776 18485 213175 205935 286328 1 627390 250529 101379 156955 186510 655713 710177 473091 403222
 459200 419863 328287 489029 239740 433579 32894 349799 644051 556558 616311 132319 290633 293818 209370 136819 690033 326665 588355 176765 432067 838966 354145 471360 728097 516349 733471 266024 365221 289629 680818 521668 794032 384319 209523 535667 231045 828523 477673 690368 517245 655977 94740 791478 592816 559224 611653 733509 787013 434710 627390 1 779212 549884 471203 760123 202437 226920 685183 769032
 436156 404062 1012017 853743 881349 421962 811289 740656 553672 246132 351820 887601 495489 980911 925561 642437 103395 965347 259336 934633 681573 352651 503086 481883 178856 290300 407867 867906 419323 753790 154419 690184 206894 847613 988002 252010 765702 574731 407698 462028 262755 158701 738473 255725 355519 232395 250395 419906 79105 524927 250529 779212 1 256189 345077 76264 855343 794776 336881 628853
 345066 148570 758328 743140 627743 166571 582733 601699 365581 184123 175092 646375 259252 727978 676802 415154 206150 710049 248328 717371 433781 498872 357887 402540 181383 198472 482226 689555 228048 497604 244075 617312 251039 705748 753935 149444 510823 462517 159756 310772 82728 108122 527287 261548 353073 159557 83012 304433 242089 276382 101379 549884 256189 1 89254 216307 603356 615102 398798 475968
 344475 59347 669236 713064 538699 82261 504083 563699 331755 228524 179501 561723 183225 639052 589172 339624 287635 620799 293832 642555 354537 562562 330357 401119 257472 225629 527771 632160 190019 408890 316197 606020 322848 663696 671790 190057 421588 461260 93136 303802 120238 195971 457770 323052 385462 208831 140620 316336 329923 199531 156955 471203 345077 89254 1 304628 514750 558603 446388 454756
 459517 363815 973515 879369 843105 375271 792743 756640 481765 262480 282930 861356 470902 943585 893106 623750 139882 923681 292566 922365 624339 425073 512990 510029 103272 303836 469609 871667 411647 708361 202381 724332 134054 863716 966680 256934 725350 498480 354588 387536 246165 108682 728095 181300 398291 242805 190115 343970 27123 469819 186510 760123 76264 216307 304628 1 819370 797515 393853 553348
 617294 455667 159328 690552 38187 449923 203797 551916 573213 666409 612080 125228 369487 126290 84949 270421 781061 132093 712116 303366 321166 981795 517518 641395 763414 633111 891147 456852 480585 156504 787230 719526 820338 583922 234188 637139 105799 760413 483120 647247 597854 710721 295437 805314 741701 661789 643780 702584 844624 396383 655713 202437 855343 603356 514750 819370 1 427401 831958 681699
 385568 523979 533372 263404 463622 552883 224324 143232 809200 549744 731041 330520 385675 501453 416479 258633 693922 544636 556327 215140 633556 754718 294784 369018 794690 505364 629514 74561 389507 508685 664502 331130 865372 157467 333972 543782 453351 982944 599597 832118 555535 707610 145858 875729 517624 562407 692178 862630 824323 595626 710177 226920 794776 615102 558603 797515 427401 1 604726 939868
 228019 482741 988560 574109 866710 522004 711173 503077 764266 218468 569660 815024 479350 953768 878974 566547 256425 961120 152767 795433 786088 154109 332911 235828 469372 225466 83612 667243 357774 787910 192587 392362 523875 601106 884800 256691 773123 847516 539240 704223 328321 388625 610824 565351 92384 240689 460060 685079 409543 640403 473091 685183 336881 398798 446388 393853 831958 604726 1 872699
 799182 452470 777901 1142151 679682 411889 796244 985285 131715 660082 303061 790221 568812 764086 765306 682329 643685 710848 724057 939846 360627 955267 774537 855607 450118 670683 956310 1005306 635060 525240 699395 1055602 442603 1073760 909838 624696 581021 104547 371567 170480 554257 497730 805275 394017 828451 635458 414147 210429 559937 344246 403222 769032 628853 475968 454756 553348 681699 939868 872699 1
LAMBDA_SECTION
1 417
2 453
3 165
4 622
5 430
6 666
7 164
8 489
9 818
10 865
11 202
12 435
13 675
14 404
15 579
16 930
17 836
18 332
19 931
20 302
21 538
22 850
23 92
24 76
25 97
26 973
27 366
28 470
29 195
30 833
31 311
32 269
33 59
34 484
35 437
36 34
37 236
38 459
39 560
40 915
41 195
42 842
43 234
44 859
45 97
46 407
47 288
48 811
49 579
50 661
51 136
52 564
53 632
54 703
55 949
56 57
57 286
58 860
59 680
60 878
