NAME : domp70p23v6
COMMENT : Cherkesly, Contardo & Gruson 2022
TYPE : DOMP
DIMENSION : 70
DISPLAY_DATA_TYPE : NO_DISPLAY
OPEN_FACILITIES : 23
COST_SECTION
 1 838188 688698 524605 572131 637049 959000 488564 304149 689445 786878 346618 134898 722625 158730 499943 717522 716578 490446 813142 464273 611959 618699 510249 575375 745418 874185 363056 546003 255029 573010 1020620 677727 502195 194108 868431 468162 492150 791930 331064 70622 285645 723960 958011 705868 194872 502312 570420 781423 100593 729668 525210 899448 417280 24260 258281 732597 829633 574734 219770 545619 472247 217047 64583 333192 830201 768560 293984 473135 344974
 838188 1 379959 568003 289311 397017 433087 572943 739056 760896 417536 538110 963696 466899 717523 542080 145070 464646 731126 262253 474110 861812 760024 334732 669047 105958 153055 493331 729540 775255 311772 378589 169204 737941 650263 53051 370027 878163 113408 638696 773070 552567 248411 406550 684515 653621 374890 962474 97401 938762 135744 523291 555459 581154 835543 654323 577030 426226 589385 622913 325818 728910 706952 777473 540643 410903 79310 577400 511039 521445
 688698 379959 1 228951 405015 51986 270325 250747 739967 382268 699726 343131 823392 94994 633817 656349 394854 90826 390290 583450 224468 496549 389255 277873 305127 289691 290949 344077 372968 521714 183279 343025 266772 393448 552382 432964 342273 540763 442410 653210 643976 453769 131586 270199 304557 562187 455009 612759 282693 780742 256828 653098 856440 645258 697169 438541 200873 146485 741494 528651 210026 393981 659565 645288 358498 713533 376466 543178 224820 505469
 524605 568003 228951 1 476312 186230 472318 36139 661430 242014 794435 224268 653808 216077 517466 659118 533221 211089 165405 714372 140886 298113 208944 319771 114721 464408 510407 266000 163060 313345 272011 564257 415184 170866 441416 618490 358987 315780 598899 595917 497315 368312 337800 480388 209622 453560 487159 395255 473870 604447 432694 665581 950168 619876 538805 267459 208092 335885 754048 425448 274796 166623 562346 496527 243745 819515 539714 477153 92536 461504
 572131 289311 405015 476312 1 383694 601583 462477 450089 713936 318141 338027 689671 496788 437422 275486 150453 491537 610251 262663 339823 764829 684982 156543 591032 228710 384619 278221 630705 569348 228307 598639 180449 620790 378516 306845 133843 736672 221214 349686 503386 293140 323965 584102 660502 379476 85799 830937 272666 671271 234003 264170 474086 297918 565721 440565 588443 527335 347076 352379 210911 601244 420294 508599 331244 344796 211173 293240 389140 236935
 637049 397017 51986 186230 383694 1 321972 204325 695680 365750 688382 291976 771681 116671 584977 624078 392856 110786 350680 581463 172777 467347 363384 245187 274239 299530 324946 295670 338833 471039 155833 394087 265234 354986 503557 449388 307090 501411 447461 611174 593023 406417 154678 322180 294761 513628 425806 577389 300042 728838 266437 622637 845825 607973 645751 386557 205994 195214 711784 480341 178309 352788 612693 594227 307711 705327 383140 499022 173385 463817
 959000 433087 270325 472318 601583 321972 1 502067 993898 522656 838627 613331 1093653 257123 899932 874453 526685 261671 612150 691656 494733 672385 563173 515777 506844 400448 281428 610736 577523 781899 422116 122894 424455 611153 818728 477216 581411 753819 537784 901596 913871 717621 280510 29861 436347 827948 671698 806513 364862 1050569 379737 865284 984691 879632 967463 707408 321168 136439 948473 794033 452673 621064 920969 915305 628392 838567 477285 798714 491244 755157
 488564 572943 250747 36139 462477 204325 502067 1 628219 265769 780307 192171 618029 247465 482390 633744 528995 242180 158726 706738 122812 304006 224454 306556 133976 468052 524553 237639 168752 280820 269207 590416 415166 166588 406981 622357 340396 305592 597038 564758 461239 336670 350823 508877 241199 419209 467548 390132 480738 568927 437204 641302 935011 591683 502689 231321 244213 365863 729159 391659 267939 155994 528228 460425 211534 806973 539904 446103 73339 432890
 304149 739056 739967 661430 450089 695680 993898 628219 1 880238 549875 437501 345537 806078 171600 248323 596618 799737 697601 624145 545207 845545 819637 479496 749944 672992 825487 407056 746122 502734 571792 1020702 613777 710554 226396 752082 415178 747939 658106 100404 253168 296142 719751 983793 869167 213776 364309 837273 716069 362506 670669 276311 632905 173041 281825 428072 855084 885581 294955 237303 541226 680524 107698 259440 418016 595612 660271 196795 579069 239238
 689445 760896 382268 242014 713936 365750 522656 265769 880238 1 1031136 453512 802917 307299 722530 899501 753642 307296 199518 940192 382876 158230 73999 557993 132857 665247 667705 502935 143516 438616 496929 640253 628260 188432 654353 813681 600560 275953 812177 824713 681486 596970 513375 542905 86956 666948 728909 297531 663506 748135 632134 906800 1187850 856416 708643 457228 206620 405996 994852 643359 506222 217610 775873 678909 472251 1053855 748549 706936 334368 697494
 786878 417536 699726 794435 318141 688382 838627 780307 549875 1031136 1 641081 875235 794546 629756 302080 315152 790011 925495 160595 657524 1081595 1003120 474671 909150 440479 567696 579425 948135 854722 538133 795725 436528 936432 603703 389445 443881 1045554 304998 471772 716964 554472 591239 814603 974673 598725 327509 1141043 473798 874870 466013 274126 157551 382975 772645 728575 894235 798940 275978 584469 525435 915528 582876 723450 630429 45786 361566 496527 706982 453970
 346618 538110 343131 224268 338027 291976 613331 192171 437501 453512 641081 1 481515 386712 301330 453212 448960 380427 297211 599986 120309 456387 401950 207950 320732 435145 543120 61664 333476 239228 238964 674616 369018 309522 221784 578694 204206 404783 524725 372703 301105 144523 382483 611607 433242 233341 314204 500617 463751 441352 412336 464201 788774 403872 354213 116490 420329 486457 549272 203168 216526 284026 340487 302254 19492 674240 482228 254181 143392 245262
 134898 963696 823392 653808 689671 771681 1093653 618029 345537 802917 875235 481515 1 855560 254581 576930 837977 849572 603584 918770 598930 709576 730284 640327 696006 873790 1006007 496655 659825 364400 706393 1155407 806437 614486 313550 991385 594527 580605 910820 404451 191492 412718 858045 1092844 826797 310957 614396 647096 910963 56123 859484 604095 973536 493846 130294 390197 861064 963791 638090 340817 678540 585640 292517 187766 468027 920010 891905 400211 606481 455178
 722625 466899 94994 216077 496788 116671 257123 247465 806078 307299 794546 386712 855560 1 686554 740746 489552 6359 357628 677955 267250 438290 327954 361779 256974 381580 361389 401045 328061 528284 270818 356876 361618 357739 605678 519897 423700 503271 535320 724225 685216 512957 220209 267453 223819 616458 542037 564690 370638 809154 349123 739174 951352 723871 733848 465434 110206 121019 828236 584077 294630 365442 719072 685658 404371 808526 469045 610155 249624 577542
 158730 717523 633817 517466 437422 584977 899932 482390 171600 722530 629756 301330 254581 686554 1 341277 587014 680223 533727 664700 419346 677635 658618 408133 595381 633307 774279 289773 584506 331234 487530 944908 567430 546573 81439 742034 354032 576813 658546 174223 92363 183470 641428 894260 719769 72041 360243 665718 672908 245918 622685 366480 740720 258846 142968 265519 720209 779940 418022 106107 457512 516183 66333 99163 282863 673546 643388 145747 444188 201237
 499943 542080 656349 659118 275486 624078 874453 633744 248323 899501 302080 453212 576930 740746 341277 1 397472 734854 749746 383589 520494 908531 853411 379174 767388 500900 656623 397934 786447 618157 473117 873984 455933 762240 335243 543294 317607 841580 444654 172648 432646 324391 594523 858112 864743 327018 203702 937227 544656 581239 508996 28002 399722 83423 483007 505067 817000 790478 96061 323422 446830 735762 287008 439395 436581 347713 463562 231301 566790 212130
 717522 145070 394854 533221 150453 392856 526685 528995 596618 753642 315152 448960 837977 489552 587014 397472 1 485632 686193 188880 414079 831126 738671 241914 644188 126323 269576 395436 695638 687752 261224 497045 128298 695014 525273 156557 256352 825131 76451 496501 649877 433940 277982 504070 687131 527105 234066 915497 163774 817437 150869 379374 467829 436470 712442 561046 594532 484354 448779 498537 261529 680521 570710 654815 447027 322257 66100 443485 458934 387161
 716578 464646 90826 211089 491537 110786 261671 242180 799737 307296 790011 380427 849572 6359 680223 734854 485632 1 354067 674146 260929 436739 326531 355952 254261 378474 360823 394687 325277 522980 265276 360245 357592 354372 599339 517669 417733 500197 532025 717937 679023 506598 217463 271503 224429 610114 536333 562415 368183 803253 345919 733378 946895 717749 727745 459474 112413 125368 822473 577726 288884 361643 712714 679480 398067 804241 465818 603828 243531 571284
 490446 731126 390290 165405 610251 350680 612150 158726 697601 199518 925495 297211 603584 357628 533727 749746 686193 354067 1 861001 273754 159221 128340 457159 110410 626531 675459 355918 56268 239196 427565 714271 573833 12978 471538 780846 481682 150752 755183 652457 485703 430657 503171 624595 232151 484121 604071 231469 638063 549000 595444 761326 1077634 695985 510058 269565 304779 477855 845761 464513 424673 18210 590998 482721 313235 954725 698549 538436 227299 539440
 813142 262253 583450 714372 262663 581463 691656 706738 624145 940192 160595 599986 918770 677955 664700 383589 188880 674146 861001 1 587261 1010615 921966 404875 827200 303496 414787 540724 875085 831855 444276 640558 317164 870653 620191 229990 395954 993845 154001 532044 742675 547702 463369 666225 875300 618389 313202 1086724 330261 908665 333172 357451 293501 451161 803083 703055 783378 665747 393287 596451 439651 853696 630793 748569 593771 148726 217591 520406 634639 468170
 464273 474110 224468 140886 339823 172777 494733 122812 545207 382876 657524 120309 598930 267250 419346 520494 414079 260929 273754 587261 1 425439 346721 184405 254274 368162 451348 138393 290912 315130 162436 561566 308762 283427 338622 520601 218449 411247 485080 470525 421161 249289 281460 494278 344329 349572 346387 501519 388184 556519 340042 525938 812215 485766 473096 216406 310618 366431 614816 317630 153431 266944 453777 422142 137338 684485 431912 352793 49606 329503
 611959 861812 496549 298113 764829 467347 672385 304006 845545 158230 1081595 456387 709576 438290 677635 908531 831126 436739 159221 1010615 425439 1 110550 609839 193148 760003 787493 515092 135593 357947 570010 786476 712982 147135 621415 913258 638442 136686 896961 806471 619433 587905 621768 690588 238584 633841 762218 139306 765895 653507 727687 920397 1234768 853340 633833 419508 351416 548448 1004495 616887 571265 172773 738032 615519 472229 1109624 837272 694423 376770 697699
 618699 760024 389255 208944 684982 363384 563173 224454 819637 73999 1003120 401950 730284 327954 658618 853411 738671 326531 128340 921966 346721 110550 1 528481 94786 660153 679827 455483 74221 366345 478026 676333 616907 116513 593251 812079 564817 207677 801563 768829 613499 542781 516713 580800 134778 605873 691959 243845 663315 675286 627412 862492 1158517 805736 638389 393206 242007 438060 949306 584036 483009 146549 714026 610642 419904 1028452 740056 652341 297125 647211
 510249 334732 277873 319771 156543 245187 515777 306556 479496 557993 474671 207950 640327 361779 408133 379174 241914 355952 457159 404875 184405 609839 528481 1 434490 236325 367044 158806 475142 447175 96024 543090 168492 467232 332125 372486 65930 589184 317161 385867 448921 228716 240433 504616 507167 338186 181435 681849 271192 610555 219422 377461 630521 368693 510316 322277 443347 416619 466682 304830 67853 449229 415498 452564 207839 500462 274820 287429 233303 240259
 575375 669047 305127 114721 591032 274239 506844 133976 749944 132857 909150 320732 696006 256974 595381 767388 644188 254261 110410 827200 254274 193148 94786 434490 1 567943 595811 370293 71146 334580 383362 613120 523131 106478 524857 720711 472723 247181 707698 692404 560532 464443 428763 520980 130810 537395 600514 309255 572902 642914 535419 775209 1064874 723580 592923 331835 194689 374724 862923 512705 388242 123842 646648 558531 339543 934065 646727 574406 204916 564659
 745418 105958 289691 464408 228710 299530 400448 468052 672992 665247 440479 435145 873790 381580 633307 500900 126323 378474 626531 303496 368162 760003 660153 236325 567943 1 156039 393201 626714 670963 205870 376612 67847 633633 561944 154317 279985 772894 154426 573067 682369 461083 162243 378157 592072 566475 312438 857987 43966 845922 33142 486428 591053 526456 744385 551607 490245 362337 562661 534436 220841 623900 629458 686373 438750 444756 87900 498570 405288 444075
 874185 153055 290949 510407 384619 324946 281428 524553 825487 667705 567696 543120 1006007 361389 774279 656623 269576 360823 675459 414787 451348 787493 679827 367044 595811 156039 1 512531 662678 766183 304471 228960 211771 679923 699143 195800 421180 826107 262852 726115 815004 595700 173882 254206 585189 705009 467690 901969 112099 973711 154861 641598 708225 682089 875741 657537 469368 293858 715974 671809 329636 676956 776131 818377 550938 563179 209602 645424 476157 592497
 363056 493331 344077 266000 278221 295670 610736 237639 407056 502935 579425 61664 496655 401045 289773 397934 395436 394687 355918 540724 138393 515092 455483 158806 370293 393201 512531 1 389263 293329 209963 661563 325748 367970 208358 531185 144890 466413 471719 332784 308418 111942 361574 606019 475275 218116 252577 562201 425272 461726 373315 407368 727243 354119 366694 165670 448950 490319 493827 184686 183013 343449 318094 310878 53050 612709 433021 214613 176543 195523
 546003 729540 372968 163060 630705 338833 577523 168752 746122 143516 948135 333476 659825 328061 584506 786447 695638 325277 56268 875085 290912 135593 74221 475142 71146 626714 662678 389263 1 295427 434614 684262 578242 46252 519730 780500 506157 176298 761892 696972 539523 472120 493416 591968 179046 532349 631572 239836 634425 605265 594702 796584 1102148 736294 565350 319183 262409 445812 882485 511077 435677 74200 640253 536736 350817 975396 702746 581222 241849 578332
 255029 775255 521714 313345 569348 471039 781899 280820 502734 438616 854722 239228 364400 528284 331234 618157 687752 522980 239196 831855 315130 357947 366345 447175 334580 670963 766183 293329 295427 1 468461 864725 606089 250207 291870 817119 437550 246294 763716 482992 263298 302125 596421 787315 464773 302963 529973 334573 696600 309995 646174 636638 993042 547934 276301 128801 511916 646094 709792 297024 450228 221240 395769 258933 240916 891874 721270 387443 298343 411403
 573010 311772 183279 272011 228307 155833 422116 269207 571792 496929 538133 238964 706393 270818 487530 473117 261224 265276 427565 444276 162436 570010 478026 96024 383362 205870 304471 209963 434614 468461 1 457450 147067 435769 408202 358230 161758 570669 327858 480006 517068 304247 153955 412410 436729 415899 271944 658420 228278 671592 178625 469888 695639 464711 576262 354327 360148 320596 558456 381829 30678 423222 501870 519869 246470 558222 271356 377100 201932 333116
 1020620 378589 343025 564257 598639 394087 122894 590416 1020702 640253 795725 674616 1155407 356876 944908 873984 497045 360245 714271 640558 561566 786476 676333 543090 613120 376612 228960 661563 684262 864725 457450 1 418442 714595 865183 413869 605886 859973 490747 924176 969707 761503 303855 98096 553421 873159 676954 918036 334620 1115943 365109 861173 933035 890705 1026586 777916 435558 238908 939069 839058 487681 721477 957966 971901 687439 789283 438481 830516 567466 782084
 677727 169204 266772 415184 180449 265234 424455 415166 613777 628260 436528 369018 806437 361618 567430 455933 128298 357592 573833 317164 308762 712982 616907 168492 523131 67847 211771 325748 578242 606089 147067 418442 1 581694 495113 212522 213504 717699 184672 514576 614971 393728 155854 405532 559908 499920 259224 805010 105487 778204 56911 444189 591928 473752 676890 485336 466235 364470 525103 467608 157517 569946 565780 618912 371974 447726 124755 434872 348967 381259
 502195 737941 393448 170866 620790 354986 611153 166588 710554 188432 936432 309522 614486 357739 546573 762240 695014 354372 12978 870653 283427 147135 116513 467232 106478 633633 679923 367970 46252 250207 435769 714595 581694 1 484506 787924 492721 147423 763556 665401 498117 443445 508158 624164 224381 497088 615562 224594 644423 559745 602347 773696 1088843 708739 521957 282509 301154 477473 858267 477489 433571 30550 603930 495087 325683 965392 706444 551310 236388 552076
 194108 650263 552382 441416 378516 503557 818728 406981 226396 654353 603703 221784 313550 605678 81439 335243 525273 599339 471538 620191 338622 621415 593251 332125 524857 561944 699143 208358 519730 291870 408202 865183 495113 484506 1 677966 282004 530891 598982 191210 124871 104189 562150 813315 646506 12622 308399 623414 600289 292757 549359 356961 727008 259421 187279 202341 641843 698503 422604 27509 378493 454618 121827 130133 202943 645567 578402 107706 365115 152805
 868431 53051 432964 618490 306845 449388 477216 622357 752082 813681 389445 578694 991385 519897 742034 543294 156557 517669 780846 229990 520601 913258 812079 372486 720711 154317 195800 531185 780500 817119 358230 413869 212522 787924 677966 1 401529 927055 99156 652216 801939 583137 301436 449807 737513 680484 390557 1012301 150314 968795 185820 522534 519877 589102 864544 694273 630043 477121 582545 650887 370031 778174 727133 806626 580017 377932 99919 599366 559038 543064
 468162 370027 342273 358987 133843 307090 581411 340396 415178 600560 443881 204206 594527 423700 354032 317607 256352 417733 481682 395954 218449 638442 564817 65930 472723 279985 421180 144890 506157 437550 161758 605886 213504 492721 282004 401529 1 604142 332712 320524 403415 182550 304711 569846 555952 286510 128473 698914 318938 568736 268680 317997 596328 303261 465763 309090 500250 482254 407605 254502 132734 471654 355709 407680 197930 474214 301666 225840 267885 176209
 492150 878163 540763 315780 736672 501411 753819 305592 747939 275953 1045554 404783 580605 503271 576813 841580 825131 500197 150752 993845 411247 136686 207677 589184 247181 772894 826107 466413 176298 246294 570669 859973 717699 147423 530891 927055 604142 1 896282 721219 508797 517241 653540 768161 341225 542738 718984 96188 786329 524509 742436 856785 1193458 778285 515118 337220 437271 621845 936193 531365 564580 149854 640513 504132 416731 1077808 841947 616617 368738 629672
 791930 113408 442410 598899 221214 447461 537784 597038 658106 812177 304998 524725 910820 535320 658546 444654 76451 532025 755183 154001 485080 896961 801563 317161 707698 154426 262852 471719 761892 763716 327858 490747 184672 763556 598982 99156 332712 896282 1 558882 723784 509313 316625 512574 741984 600344 301014 985532 176948 891555 186293 423577 446964 492697 786260 637272 643277 514355 483633 572497 331702 750291 639046 728851 523140 301087 66527 513893 528488 457698
 331064 638696 653210 595917 349686 611174 901596 564758 100404 824713 471772 372703 404451 724225 174223 172648 496501 717937 652457 532044 470525 806471 768829 385867 692404 573067 726115 332784 696972 482992 480006 924176 514576 665401 191210 652216 320524 721219 558882 1 266580 228220 625021 890360 805456 180038 263910 814302 616282 409031 571409 199656 571418 89399 312774 387736 780944 797491 243900 190348 449750 636387 115105 273379 353486 516942 559964 118768 508883 147767
 70622 773070 643976 497315 503386 593023 913871 461239 253168 681486 716964 301105 191492 685216 92363 432646 649877 679023 485703 742675 421161 619433 613499 448921 560532 682369 815004 308418 539523 263298 517068 969707 614971 498117 124871 801939 403415 508797 723784 266580 1 221289 669801 911175 689249 124736 432315 593458 719472 167892 668006 457371 831523 350700 62610 231003 704801 787534 510380 151343 488660 467611 155786 6800 285502 760106 702209 223368 436269 274538
 285645 552567 453769 368312 293140 406417 717621 336670 296142 596970 554472 144523 412718 512957 183470 324391 433940 506598 430657 547702 249289 587905 542781 228716 464443 461083 595700 111942 472120 302125 304247 761503 393728 443445 104189 583137 182550 517241 509313 228220 221289 1 458197 711319 577621 111663 235885 612996 498412 386202 447104 339779 690931 265448 283422 181691 558949 600245 419389 77582 274411 415592 206398 225361 125269 593044 483223 109969 283371 112462
 723960 248411 131586 337800 323965 154678 280510 350823 719751 513375 591239 382483 858045 220209 641428 594523 277982 217463 503171 463369 281460 621768 516713 240433 428763 162243 173882 361574 493416 596421 153955 303855 155854 508158 562150 301436 304711 653540 316625 625021 669801 458197 1 266378 436132 569842 391369 731480 151258 821487 130638 586215 745508 599486 728231 493397 329775 208618 670831 535779 183945 504020 654280 672389 392901 600214 250114 527555 303068 480549
 958011 406550 270199 480388 584102 322180 29861 508877 983793 542905 814603 611607 1092844 267453 894260 858112 504070 271503 624595 666225 494278 690588 580800 504616 520980 378157 254206 606019 591968 787315 412410 98096 405532 624164 813315 449807 569846 768161 512574 890360 911175 711319 266378 1 456205 822221 656121 823426 341288 1050779 358885 848186 959527 865753 965765 708701 339220 146742 930447 788194 443079 632805 913267 912824 626055 813598 453046 789509 493787 744677
 705868 684515 304557 209622 660502 294761 436347 241199 869167 86956 974673 433242 826797 223819 719769 864743 687131 224429 232151 875300 344329 238584 134778 507167 130810 592072 585189 475275 179046 464773 436729 553421 559908 224381 646506 737513 555952 341225 741984 805456 689249 577621 436132 456205 1 658884 684082 376424 587223 773611 558951 869597 1132088 828564 723133 459123 119960 319139 958749 632234 449928 248323 768172 687487 452652 994797 677184 686705 299529 670611
 194872 653621 562187 453560 379476 513628 827948 419209 213776 666948 598725 233341 310957 616458 72041 327018 527105 610114 484121 618389 349572 633841 605873 338186 537395 566475 705009 218116 532349 302963 415899 873159 499920 497088 12622 680484 286510 542738 600344 180038 124736 111663 569842 822221 658884 1 307580 635048 605244 292343 554533 349232 720348 250145 186519 214871 653557 708426 413375 34116 386006 467186 109349 130398 214386 640929 581105 102198 376722 150290
 502312 374890 455009 487159 85799 425806 671698 467548 364309 728909 327509 314204 614396 542037 360243 203702 234066 536333 604071 313202 346387 762218 691959 181435 600514 312438 467690 252577 631572 529973 271944 676954 259224 615562 308399 390557 128473 718984 301014 263910 432315 235885 391369 656121 684082 307580 1 814769 356234 599689 314820 198239 474837 214661 493805 402486 624647 587054 286516 283887 247498 592913 338033 437949 303029 362586 296404 214576 395601 159225
 570420 962474 612759 395255 830937 577389 806513 390132 837273 297531 1141043 500617 647096 564690 665718 937227 915497 562415 231469 1086724 501519 139306 243845 681849 309255 857987 901969 562201 239836 334573 658420 918036 805010 224594 623414 1012301 698914 96188 985532 814302 593458 612996 731480 823426 376424 635048 814769 1 869002 591594 826835 952665 1289379 873101 594065 432425 485521 679180 1031636 625037 654175 235256 730333 588393 512788 1172914 929657 711357 457044 725453
 781423 97401 282693 473870 272666 300042 364862 480738 716069 663506 473798 463751 910963 370638 672908 544656 163774 368183 638063 330261 388184 765895 663315 271192 572902 43966 112099 425272 634425 696600 228278 334620 105487 644423 600289 150314 318938 786329 176948 616282 719472 498412 151258 341288 587223 605244 356234 869002 1 881746 51986 529939 621458 570364 781174 580123 480594 338288 605452 572792 247379 636643 670794 723288 468737 475052 113124 539863 421798 485811
 100593 938762 780742 604447 671271 728838 1050569 568927 362506 748135 874870 441352 56123 809154 245918 581239 817437 803253 549000 908665 556519 653507 675286 610555 642914 845922 973711 461726 605265 309995 671592 1115943 778204 559745 292757 968795 568736 524509 891555 409031 167892 386202 821487 1050779 773611 292343 599689 591594 881746 1 829947 607641 980447 497825 105885 344098 810902 919323 648886 319060 644643 531132 294232 162710 429148 918959 868950 388274 561107 441184
 729668 135744 256828 432694 234003 266437 379737 437204 670669 632134 466013 412336 859484 349123 622685 508996 150869 345919 595444 333172 340042 727687 627412 219422 535419 33142 154861 373315 594702 646174 178625 365109 56911 602347 549359 185820 268680 742436 186293 571409 668006 447104 130638 358885 558951 554533 314820 826835 51986 829947 1 496091 618252 529479 729602 528777 457514 333936 574976 521882 196273 593167 622211 671764 417040 472269 119927 491348 375695 437973
 525210 523291 653098 665581 264170 622637 865284 641302 276311 906800 274126 464201 604095 739174 366480 28002 379374 733378 761326 357451 525938 920397 862492 377461 775209 486428 641598 407368 796584 636638 469888 861173 444189 773696 356961 522534 317997 856785 423577 199656 457371 339779 586215 848186 869597 349232 198239 952665 529939 607641 496091 1 374249 110259 508679 521245 818243 784862 89628 343808 444609 747746 313490 464093 448176 319741 445323 251418 573069 227359
 899448 555459 856440 950168 474086 845825 984691 935011 632905 1187850 157551 788774 973536 951352 740720 399722 467829 946895 1077634 293501 812215 1234768 1158517 630521 1064874 591053 708225 727243 1102148 993042 695639 933035 591928 1088843 727008 519877 596328 1193458 446964 571418 831523 690931 745508 959527 1132088 720348 474837 1289379 621458 980447 618252 374249 1 482928 882720 869563 1051613 952113 338305 710866 682603 1067031 686355 838230 776850 146430 508339 619517 861785 584061
 417280 581154 645258 619876 297918 607973 879632 591683 173041 856416 382975 403872 493846 723871 258846 83423 436470 717749 695985 451161 485766 853340 805736 368693 723580 526456 682089 354119 736294 547934 464711 890705 473752 708739 259421 589102 303261 778285 492697 89399 350700 265448 599486 865753 828564 250145 214661 873101 570364 497825 529479 110259 482928 1 399974 441153 791353 785302 163231 250959 435991 681023 203595 357477 385839 428316 501845 161752 529043 158923
 24260 835543 697169 538805 565721 645751 967463 502689 281825 708643 772645 354213 130294 733848 142968 483007 712442 727745 510058 803083 473096 633833 638389 510316 592923 744385 875741 366694 565350 276301 576262 1026586 676890 521957 187279 864544 465763 515118 786260 312774 62610 283422 728231 965765 723133 186519 493805 594065 781174 105885 729602 508679 882720 399974 1 271549 746897 839225 555892 213910 548303 491849 198015 58084 339864 816320 764807 282828 484227 335367
 258281 654323 438541 267459 440565 386557 707408 231321 428072 457228 728575 116490 390197 465434 265519 505067 561046 459474 269565 703055 216406 419508 393206 322277 331835 551607 657537 165670 319183 128801 354327 777916 485336 282509 202341 694273 309090 337220 637272 387736 231003 181691 493397 708701 459123 214871 402486 432425 580123 344098 528777 521245 869563 441153 271549 1 475506 575366 599233 197590 332787 252453 321465 229776 114455 764920 597090 279622 217026 293908
 732597 577030 200873 208092 588443 205994 321168 244213 855084 206620 894235 420329 861064 110206 720209 817000 594532 112413 304779 783378 310618 351416 242007 443347 194689 490245 469368 448950 262409 511916 360148 435558 466235 301154 641843 630043 500250 437271 643277 780944 704801 558949 329775 339220 119960 653557 624647 485521 480594 810902 457514 818243 1051613 791353 746897 475506 1 199464 907854 623414 379423 317011 760673 704181 439497 910473 577277 663406 276999 638120
 829633 426226 146485 335885 527335 195214 136439 365863 885581 405996 798940 486457 963791 121019 779940 790478 484354 125368 477855 665747 366431 548448 438060 416619 374724 362337 293858 490319 445812 646094 320596 238908 364470 477473 698503 477121 482254 621845 514355 797491 787534 600245 208618 146742 319139 708426 587054 679180 338288 919323 333936 784862 952113 785302 839225 575366 199464 1 871648 674971 349661 486118 806032 788566 502602 806202 448644 688873 358413 649757
 574734 589385 741494 754048 347076 711784 948473 729159 294955 994852 275978 549272 638090 828236 418022 96061 448779 822473 845761 393287 614816 1004495 949306 466682 862923 562661 715974 493827 882485 709792 558456 939069 525103 858267 422604 582545 407605 936193 483633 243900 510380 419389 670831 930447 958749 413375 286516 1031636 605452 648886 574976 89628 338305 163231 555892 599233 907854 871648 1 413311 533609 831722 357896 517179 532624 320692 513601 322390 661603 307506
 219770 622913 528651 425448 352379 480341 794033 391659 237303 643359 584469 203168 340817 584077 106107 323422 498537 577726 464513 596451 317630 616887 584036 304830 512705 534436 671809 184686 511077 297024 381829 839058 467608 477489 27509 650887 254502 531365 572497 190348 151343 77582 535779 788194 632234 34116 283887 625037 572792 319060 521882 343808 710866 250959 213910 197590 623414 674971 413311 1 351974 448012 137324 156354 183925 625729 551262 92394 346416 131140
 545619 325818 210026 274796 210911 178309 452673 267939 541226 506222 525435 216526 678540 294630 457512 446830 261529 288884 424673 439651 153431 571265 483009 67853 388242 220841 329636 183013 435677 450228 30678 487681 157517 433571 378493 370031 132734 564580 331702 449750 488660 274411 183945 443079 449928 386006 247498 654175 247379 644643 196273 444609 682603 435991 548303 332787 379423 349661 533609 351974 1 419070 471273 491605 222445 547649 278992 346430 197406 302683
 472247 728910 393981 166623 601244 352788 621064 155994 680524 217610 915528 284026 585640 365442 516183 735762 680521 361643 18210 853696 266944 172773 146549 449229 123842 623900 676956 343449 74200 221240 423222 721477 569946 30550 454618 778174 471654 149854 750291 636387 467611 415592 504020 632805 248323 467186 592913 235256 636643 531132 593167 747746 1067031 681023 491849 252453 317011 486118 831722 448012 419070 1 573779 464604 299578 945335 694525 522893 221810 524988
 217047 706952 659565 562346 420294 612693 920969 528228 107698 775873 582876 340487 292517 719072 66333 287008 570710 712714 590998 630793 453777 738032 714026 415498 646648 629458 776131 318094 640253 395769 501870 957966 565780 603930 121827 727133 355709 640513 639046 115105 155786 206398 654280 913267 768172 109349 338033 730333 670794 294232 622211 313490 686355 203595 198015 321465 760673 806032 357896 137324 471273 573779 1 162493 321220 627549 630437 130932 483680 185827
 64583 777473 645288 496527 508599 594227 915305 460425 259440 678909 723450 302254 187766 685658 99163 439395 654815 679480 482721 748569 422142 615519 610642 452564 558531 686373 818377 310878 536736 258933 519869 971901 618912 495087 130133 806626 407680 504132 728851 273379 6800 225361 672389 912824 687487 130398 437949 588393 723288 162710 671764 464093 838230 357477 58084 229776 704181 788566 517179 156354 491605 464604 162493 1 286921 766547 706858 229534 436502 280404
 333192 540643 358498 243745 331244 307711 628392 211534 418016 472251 630429 19492 468027 404371 282863 436581 447027 398067 313235 593771 137338 472229 419904 207839 339543 438750 550938 53050 350817 240916 246470 687439 371974 325683 202943 580017 197930 416731 523140 353486 285502 125269 392901 626055 452652 214386 303029 512788 468737 429148 417040 448176 776850 385839 339864 114455 439497 502602 532624 183925 222445 299578 321220 286921 1 664380 482658 235063 162504 227532
 830201 410903 713533 819515 344796 705327 838567 806973 595612 1053855 45786 674240 920010 808526 673546 347713 322257 804241 954725 148726 684485 1109624 1028452 500462 934065 444756 563179 612709 975396 891874 558222 789283 447726 965392 645567 377932 474214 1077808 301087 516942 760106 593044 600214 813598 994797 640929 362586 1172914 475052 918959 472269 319741 146430 428316 816320 764920 910473 806202 320692 625729 547649 945335 627549 766547 664380 1 361941 538785 733667 494833
 768560 79310 376466 539714 211173 383140 477285 539904 660271 748549 361566 482228 891905 469045 643388 463562 66100 465818 698549 217591 431912 837272 740056 274820 646727 87900 209602 433021 702746 721270 271356 438481 124755 706444 578402 99919 301666 841947 66527 559964 702209 483223 250114 453046 677184 581105 296404 929657 113124 868950 119927 445323 508339 501845 764807 597090 577277 448644 513601 551262 278992 694525 630437 706858 482658 361941 1 501677 473247 445487
 293984 577400 543178 477153 293240 499022 798714 446103 196795 706936 496527 254181 400211 610155 145747 231301 443485 603828 538436 520406 352793 694423 652341 287429 574406 498570 645424 214613 581222 387443 377100 830516 434872 551310 107706 599366 225840 616617 513893 118768 223368 109969 527555 789509 686705 102198 214576 711357 539863 388274 491348 251418 619517 161752 282828 279622 663406 688873 322390 92394 346430 522893 130932 229534 235063 538785 501677 1 390309 56324
 473135 511039 224820 92536 389140 173385 491244 73339 579069 334368 706982 143392 606481 249624 444188 566790 458934 243531 227299 634639 49606 376770 297125 233303 204916 405288 476157 176543 241849 298343 201932 567466 348967 236388 365115 559038 267885 368738 528488 508883 436269 283371 303068 493787 299529 376722 395601 457044 421798 561107 375695 573069 861785 529043 484227 217026 276999 358413 661603 346416 197406 221810 483680 436502 162504 733667 473247 390309 1 371315
 344974 521445 505469 461504 236935 463817 755157 432890 239238 697494 453970 245262 455178 577542 201237 212130 387161 571284 539440 468170 329503 697699 647211 240259 564659 444075 592497 195523 578332 411403 333116 782084 381259 552076 152805 543064 176209 629672 457698 147767 274538 112462 480549 744677 670611 150290 159225 725453 485811 441184 437973 227359 584061 158923 335367 293908 638120 649757 307506 131140 302683 524988 185827 280404 227532 494833 445487 56324 371315 1
LAMBDA_SECTION
1 247
2 507
3 386
4 945
5 470
6 150
7 315
8 709
9 775
10 394
11 529
12 269
13 835
14 557
15 516
16 741
17 134
18 814
19 258
20 47
21 796
22 757
23 768
24 953
25 235
26 301
27 513
28 101
29 75
30 345
31 174
32 566
33 50
34 265
35 275
36 402
37 996
38 891
39 977
40 784
41 343
42 820
43 515
44 296
45 414
46 951
47 454
48 434
49 64
50 594
51 308
52 905
53 886
54 270
55 981
56 632
57 153
58 607
59 429
60 954
61 646
62 866
63 528
64 301
65 858
66 548
67 919
68 611
69 881
70 777
