NAME : domp60p20v3
COMMENT : Cherkesly, Contardo & Gruson 2022
TYPE : DOMP
DIMENSION : 60
DISPLAY_DATA_TYPE : NO_DISPLAY
OPEN_FACILITIES : 20
COST_SECTION
 1 495529 406722 505202 222146 51369 655493 586161 258252 392895 216947 316061 422467 701292 185558 579818 334721 535444 461523 226028 543520 492166 514308 598507 104070 259317 185382 372334 612766 431588 84597 544739 406830 174436 511114 456642 408034 338578 338683 392506 466601 757980 341850 397296 352248 625450 584117 191147 487655 437847 322375 192299 82278 137099 375661 557522 400640 536967 544405 613363
 495529 1 707130 479457 648711 445089 1149124 153550 683707 735484 581412 532840 571454 938535 568837 1074022 382181 726871 71240 473719 674684 960529 475512 798019 528570 752999 673192 852897 775513 154056 577642 588591 772802 667389 240273 889865 550433 157009 227186 803320 154252 940787 236461 889322 840905 796359 776468 420572 644135 483603 250358 619040 531233 400677 367800 1050956 613986 936303 933239 1108891
 406722 707130 1 364301 217655 412108 646441 710867 202635 764692 189799 174974 829173 294677 578760 666079 333560 167494 642526 244684 949782 711111 377606 995849 502557 465584 345644 591794 242040 568439 418715 308153 763848 370994 566104 744163 199949 581488 664610 183083 589622 359289 471493 555787 547494 246744 201152 589193 893655 837174 456785 233692 476973 364504 756280 566651 119246 256395 244602 656081
 505202 479457 364301 1 468193 471603 988117 415993 482756 893631 383623 240519 853853 493068 683293 977661 177442 291205 408486 290980 979433 962696 13359 1067457 604114 703600 576891 836257 315399 326381 570712 112178 911084 591335 260381 953054 166392 426383 559281 535038 327341 473233 281504 828677 801254 336970 330431 607295 930312 814495 283257 457173 586119 376292 702230 899277 245307 619378 605357 982718
 222146 648711 217655 468193 1 247934 534707 699393 37524 548652 86534 228208 634470 504277 371885 509837 348795 376724 597213 202447 749871 511205 480643 785402 302078 255505 129703 386997 454601 541423 209163 459686 546477 153961 582704 531042 317198 498743 540101 171784 571701 576208 437854 365392 345992 461795 416662 413272 693279 658913 418378 31747 276319 250046 596585 440472 267774 316383 322671 518894
 51369 445089 412108 471603 247934 1 704782 534862 285266 422063 224563 300909 422789 704581 211753 631033 297241 528272 410225 205956 546989 541592 479917 612566 132987 310663 231387 422843 604013 380666 135858 519663 440212 222951 462300 501210 388285 288081 297191 419701 415765 754905 292503 448665 403480 618092 578547 177135 492305 425131 273308 216508 117762 96011 351041 606691 390922 564232 569750 663945
 655493 1149124 646441 988117 534707 704782 1 1223124 511146 674028 620385 750587 893619 792990 658920 152730 883466 800165 1108766 737019 958744 366582 1001232 913834 652431 410701 476465 371525 859065 1064195 577736 952219 636658 481894 1115817 490382 824528 992289 984940 463371 1096718 896786 962883 298431 352100 853995 813041 792817 911405 973294 942798 556406 639361 755932 971158 98172 753505 453094 477792 83652
 586161 153550 710867 415993 699393 534862 1223124 1 730771 870883 621425 538168 721012 903802 690290 1163483 378113 694536 134948 504173 827009 1070652 408293 948648 638811 844856 748990 956092 729693 158960 670719 528037 905612 748233 156019 1011188 528434 266229 372165 836131 127721 889226 261661 983134 938322 751215 739598 549126 794896 636129 281394 672890 636615 468131 519046 1125533 602984 957424 950417 1191434
 258252 683707 202635 482756 37524 285266 511146 730771 1 571746 110982 242403 666868 480985 401724 495832 373752 367062 631080 229655 780759 512892 495520 812323 334540 263115 144862 391106 443677 573445 239337 465678 567074 171298 610515 541538 326022 534730 577595 134643 603058 557278 469682 361951 347988 449248 403711 449182 724148 693923 450463 69264 308959 286299 633297 418837 268890 279294 286157 500292
 392895 735484 764692 893631 548652 422063 674028 870883 571746 1 586262 706339 244746 1052409 210340 533040 718333 913433 736031 618794 285286 329267 901804 255711 290320 347460 429092 307148 991999 743316 349550 937633 45863 401894 847215 208096 799977 606560 510099 678780 777574 1123980 682591 386424 339947 1002192 958428 323550 241348 348123 666859 531057 310618 517459 405865 599396 784785 803187 819935 597417
 216947 581412 189799 383623 86534 224563 620385 621425 110982 586262 1 145674 639379 484349 392323 595668 263282 327189 525783 118730 760249 586201 395861 809721 314313 327021 198157 460330 405739 465024 236746 382932 590255 217089 499540 594327 238770 437323 496764 222150 493819 543447 361249 446042 422048 416219 373010 400935 704226 649322 342446 74081 289026 194799 573544 526679 202024 359861 360588 605427
 316061 532840 174974 240519 228208 300909 750587 538168 242403 706339 145674 1 721675 429394 501517 737193 160056 232899 467677 96554 846843 731296 253195 912485 420101 471787 343172 605169 305485 393574 361674 239721 715818 360656 397857 734228 95873 412702 508369 310062 415409 463175 296771 591575 567518 321104 284979 470930 792674 711231 282553 219747 397310 225513 617463 660178 95449 420230 412384 742641
 422467 571454 829173 853853 634470 422789 893619 721012 666868 244746 639379 721675 1 1123662 270983 762082 678537 950987 592467 625335 126280 569027 858837 228502 332435 514678 545783 522440 1026318 624498 428550 923839 290523 520581 738192 452022 803858 478955 350065 794572 654429 1177464 595152 596090 543627 1040721 1001335 252022 77616 109556 584997 607951 358157 499364 204984 809843 813356 933998 945886 822390
 701292 938535 294677 493068 504277 704581 792990 903802 480985 1052409 484349 429394 1123662 1 872296 860271 558384 211770 868665 519977 1244458 955499 503125 1288584 796958 732821 625273 847168 180335 787320 710953 386160 1047937 652061 748124 1009303 388519 836465 937751 395581 799173 105010 705916 795704 800552 159382 164227 881611 1188324 1128601 696107 524692 771300 647713 1042424 738945 335368 341041 316104 829917
 185558 568837 578760 683293 371885 211753 658920 690290 401724 210340 392323 501517 270983 872296 1 546878 508143 717301 556259 411183 379473 397078 691476 417442 81513 255705 275024 305491 795277 550945 162733 729094 230891 249623 648689 321564 593519 424398 358528 525726 586093 935655 480643 363966 309967 807057 764659 151647 322908 323651 463719 348338 104636 307142 313000 567402 584451 663643 676138 597594
 579818 1074022 666079 977661 509837 631033 152730 1163483 495832 533040 595668 737193 762082 860271 546878 1 851022 830171 1041214 704305 818279 215454 990231 766145 555459 321035 419431 243751 897290 1006230 496533 958904 493291 416346 1071230 341144 821568 917544 891569 489138 1040348 960275 909231 186388 238617 895806 851997 690569 773318 848587 889052 524187 547111 697169 859101 130148 759368 522291 547043 69219
 334721 382181 333560 177442 348795 297241 883466 378113 373752 718333 263282 160056 678537 558384 508143 851022 1 347763 314059 147247 804502 810271 184367 890314 430225 555347 435031 684826 404031 236350 406688 250285 737447 444494 240623 789156 170093 283456 403055 463696 256112 570219 147539 687841 654161 423783 398855 430390 754526 644672 138468 328913 413713 201259 536442 789123 232320 579827 572380 865710
 535444 726871 167494 291205 376724 528272 800165 694536 367062 913433 327189 232899 950987 211770 717301 830171 347763 1 656917 328782 1075193 878153 302620 1133619 637456 629870 506403 757893 78631 575557 563935 195660 916587 530446 539544 907380 177678 628423 735865 341858 587744 230447 495112 723249 714081 90026 52521 701872 1020250 943913 486016 386831 612930 458192 850025 725694 138221 371376 351640 816371
 461523 71240 642526 408486 597213 410225 1108766 134948 631080 736031 525783 467677 592467 868665 556259 1041214 314059 656917 1 414248 702792 940022 404750 820855 507256 720818 632406 827689 704653 82828 545501 517391 770665 629052 176272 877541 481054 131862 242407 746503 86074 869776 171129 858580 812146 725554 706201 414198 667691 513361 187016 568565 506560 353953 394204 1010693 546339 876548 872447 1072558
 226028 473719 244684 290980 202447 205956 737019 504173 229655 618794 118730 96554 625335 519977 411183 704305 147247 328782 414248 1 750667 672815 301784 818458 329718 414745 290801 546517 402012 349302 282050 319067 631189 302670 380895 662821 182776 338935 421145 333285 376884 558614 246049 544131 513171 417452 380532 374398 696707 615135 228127 181683 308240 129475 523264 642232 190645 462684 459589 718464
 543520 674684 949782 979433 749871 546989 958744 827009 780759 285286 760249 846843 126280 1244458 379473 818279 804502 1075193 702792 750667 1 611801 984226 134532 448767 605144 652827 589353 1150970 741060 541422 1050107 325825 626590 855589 486616 929796 595995 461913 904952 769541 1300650 717686 667312 617880 1165060 1125185 378136 56611 191127 708318 724704 474606 625314 308659 881698 937895 1041345 1054651 882654
 492166 960529 711111 962696 511205 541592 366582 1070652 512892 329267 586201 731296 569027 955499 397078 215454 810271 878153 940022 672815 611801 1 973973 551972 432953 259623 388143 126452 952986 920590 409755 968891 286319 371596 1003264 127040 824925 809641 755551 560726 955937 1046876 833925 159804 165259 956335 910761 548664 570413 664493 814522 512705 434044 626405 694538 314739 778889 640474 663091 284142
 514308 475512 377606 13359 480643 479917 1001232 408293 495520 901804 395861 253195 858837 503125 691476 990231 184367 302620 404750 301784 984226 973973 1 1073456 612620 715027 588570 847552 324795 323084 580728 119941 919740 602750 253154 963294 179747 426794 560779 548375 322653 481221 282363 840597 812812 346351 340997 613194 935474 817934 285059 469291 594942 384349 704963 912268 258638 632598 618506 995574
 598507 798019 995849 1067457 785402 612566 913834 948648 812323 255711 809721 912485 228502 1288584 417442 766145 890314 1133619 820855 818458 134532 551972 1073456 1 496232 602358 674216 557136 1211189 852343 577635 1129086 282650 647022 965579 425184 1000818 706844 578455 927034 882637 1353096 818417 636974 593225 1223548 1181588 460274 153886 318380 806995 763900 521034 699802 430236 846239 999109 1055627 1071494 833620
 104070 528570 502557 604114 302078 132987 652431 638811 334540 290320 314313 420101 332435 796958 81513 555459 430225 637456 507256 329718 448767 432953 612620 496232 1 241749 222676 325048 715188 492391 98680 647875 307249 200876 584028 376656 512007 376689 336135 463809 527819 857632 414252 369086 317529 727349 685372 141576 392300 365505 396252 276080 25848 228994 327886 556995 503761 605344 615903 599009
 259317 752999 465584 703600 255505 310663 410701 844856 263115 347460 327021 471787 514678 732821 255705 321035 555347 629870 720818 414745 605144 259623 715027 602358 241749 1 128884 133382 706761 688912 175552 709942 330021 112278 760881 278881 565782 596517 575832 342466 723537 815861 594856 138337 98818 712301 666731 382280 551115 578609 574844 254044 229596 382766 563384 315741 522719 457617 475567 359009
 185382 673192 345644 576891 129703 231387 476465 748990 144862 429092 198157 343172 545783 625273 275024 419431 435031 506403 632406 290801 652827 388143 588570 674216 222676 128884 1 262175 584186 590491 125155 581063 422702 27262 651835 401457 436927 516676 523811 253425 623893 702057 491337 253331 224656 591064 545786 357235 596514 587804 471135 125282 200066 280860 546207 378338 394825 388750 401837 442670
 372334 852897 591794 836257 386997 422843 371525 956092 391106 307148 460330 605169 522440 847168 305491 243751 684826 757893 827689 546517 589353 126452 847552 557136 325048 133382 262175 1 833792 803410 288437 843210 274584 245166 882255 167331 699100 699102 657785 451793 838569 934945 713814 79838 46951 838177 792535 453053 540687 605632 694148 387123 321852 504142 616226 292503 654734 547392 568307 300501
 612766 775513 242040 315399 454601 604013 859065 729693 443677 991999 405739 305485 1026318 180335 795277 897290 404031 78631 704653 402012 1150970 952986 324795 1211189 715188 706761 584186 833792 1 622160 642477 206423 995215 608470 573675 984749 237365 687335 800572 408209 630721 166280 549255 796942 789530 21572 46025 776226 1096294 1016281 542162 465285 690806 530826 919764 788743 213098 417607 395590 880053
 431588 154056 568439 326381 541423 380666 1064195 158960 573445 743316 465024 393574 624498 787320 550945 1006230 236350 575557 82828 349302 741060 920590 323084 852343 492391 688912 590491 803410 622160 1 516124 434738 774461 590362 114900 868368 400660 145544 280939 682512 35437 787110 103804 827244 783633 643122 624422 420106 701449 555866 123048 514480 487515 309730 436053 966644 468285 808225 802786 1033098
 84597 577642 418715 570712 209163 135858 577736 670719 239337 349550 236746 361674 428550 710953 162733 496533 406688 563935 545501 282050 541422 409755 580728 577635 98680 175552 125155 288437 642477 516124 1 598737 355138 105704 593984 382935 457044 421026 408533 366163 551094 777269 425379 313081 267652 652870 609373 232498 484812 464120 405716 186304 75071 216685 421369 480320 435909 506972 517924 532170
 544739 588591 308153 112178 459686 519663 952219 528037 465678 937633 382932 239721 923839 386160 729094 958904 250285 195660 517391 319067 1050107 968891 119941 1129086 647875 709942 581063 843210 206423 434738 598737 1 950194 599634 372541 973912 144321 523459 650774 489756 437939 361297 378791 825024 804271 227867 227110 672835 998678 894436 376906 456188 627017 429334 786715 868800 199985 552061 535044 956114
 406830 772802 763848 911084 546477 440212 636658 905612 567074 45863 590255 715818 290523 1047937 230891 493291 737447 916587 770665 631189 325825 286319 919740 282650 307249 330021 422702 274584 995215 774461 355138 950194 1 395877 876164 163259 810509 640207 548763 667865 809078 1122682 709710 354407 310887 1004525 960204 356653 284348 393917 693316 531191 325116 536193 449384 565052 790840 787621 805342 558716
 174436 667389 370994 591335 153961 222951 481894 748233 171298 401894 217089 360656 520581 652061 249623 416346 444494 530446 629052 302670 626590 371596 602750 647022 200876 112278 27262 245166 608470 590362 105704 599634 395877 1 655899 378774 455324 510471 510726 280410 624262 728154 492887 243856 210501 615754 570599 338049 570353 564898 472710 146139 179417 280903 526767 383773 416276 414773 428246 443664
 511114 240273 566104 260381 582704 462300 1115817 156019 610515 847215 499540 397857 738192 748124 648689 1071230 240623 539544 176272 380895 855589 1003264 253154 965579 584028 760881 651835 882255 573675 114900 593984 372541 876164 655899 1 960401 377034 259632 395838 704307 91820 733503 170124 898187 858206 595198 583977 526083 815348 670757 189006 559510 575801 378516 550952 1019818 454053 817758 808933 1092116
 456642 889865 744163 953054 531042 501210 490382 1011188 541538 208096 594327 734228 452022 1009303 321564 341144 789156 907380 877541 662821 486616 127040 963294 425184 376656 278881 401457 167331 984749 868368 382935 973912 163259 378774 960401 1 829963 745702 674250 615238 903749 1094218 790400 238755 213830 990758 945241 469902 447218 552313 772048 524867 384975 593703 595103 430177 794914 714649 735419 409091
 408034 550433 199949 166392 317198 388285 824528 528434 326022 799977 238770 95873 803858 388519 593519 821568 170093 177678 481054 182776 929796 824925 179747 1000818 512007 565782 436927 699100 237365 400660 457044 144321 810509 455324 377034 829963 1 451507 563257 368787 415350 402559 317518 682473 660528 256169 228993 551887 876611 785474 308359 312291 489954 304497 685218 737444 80977 456271 443705 822653
 338578 157009 581488 426383 498743 288081 992289 266229 534730 606560 437323 412702 478955 836465 424398 917544 283456 628423 131862 338935 595995 809641 426794 706844 376689 596517 516676 699102 687335 145544 421026 523459 640207 510471 259632 745702 451507 1 139286 659123 176280 853397 145151 733296 685514 706895 680279 283560 555931 412425 147032 468251 377309 248777 293151 894131 502472 796422 795473 951923
 338683 227186 664610 559281 540101 297191 984940 372165 577595 510099 496764 508369 350065 937751 358528 891569 403055 735865 242407 421145 461913 755551 560779 578455 336135 575832 523811 657785 800572 280939 408533 650774 548763 510726 395838 674250 563257 139286 1 710071 308026 964950 278789 705211 653385 819026 788355 206893 425414 274995 276063 508359 346238 303012 155127 888106 602757 853122 855994 934491
 392506 803320 183083 535038 171784 419701 463371 836131 134643 678780 222150 310062 794572 395581 525726 489138 463696 341858 746503 333285 904952 560726 548375 927034 463809 342466 253425 451793 408209 682512 366163 489756 667865 280410 704307 615238 368787 659123 710071 1 709437 486329 579331 401136 405081 407300 363080 583073 848468 826386 561268 203226 438706 413469 767849 384542 293189 144652 152445 474762
 466601 154252 589622 327341 571701 415765 1096718 127721 603058 777574 493819 415409 654429 799173 586093 1040348 256112 587744 86074 376884 769541 955937 322653 882637 527819 723537 623893 838569 630721 35437 551094 437939 809078 624262 91820 903749 415350 176280 308026 709437 1 794443 134176 861851 818512 651926 635470 454165 731061 582864 154086 545328 522937 343415 462959 999323 485982 832782 826575 1066562
 757980 940787 359289 473233 576208 754905 896786 889226 557278 1123980 543447 463175 1177464 105010 935655 960275 570219 230447 869776 558614 1300650 1046876 481221 1353096 857632 815861 702057 934945 166280 787110 777269 361297 1122682 728154 733503 1094218 402559 853397 964950 486329 794443 1 715518 887422 888801 146511 178197 930090 1245178 1173583 708420 592959 832443 688088 1080465 840640 368028 444044 419197 931920
 341850 236461 471493 281504 437854 292503 962883 261661 469682 682591 361249 296771 595152 705916 480643 909231 147539 495112 171129 246049 717686 833925 282363 818417 414252 594856 491337 713814 549255 103804 425379 378791 709710 492887 170124 790400 317518 145151 278789 579331 134176 715518 1 732854 691238 569427 545926 366127 672747 542509 20202 411230 405693 212371 426392 865625 377913 706728 702049 933864
 397296 889322 555787 828677 365392 448665 298431 983134 361951 386424 446042 591575 596090 795704 363966 186388 687841 723249 858580 544131 667312 159804 840597 636974 369086 138337 253331 79838 796942 827244 313081 825024 354407 243856 898187 238755 682473 733296 705211 401136 861851 887422 732854 1 54130 799494 754040 504965 617757 674927 712803 372010 360889 520590 676961 214662 630569 483316 505397 233630
 352248 840905 547494 801254 345992 403480 352100 938322 347988 339947 422048 567518 543627 800552 309967 238617 654161 714081 812146 513171 617880 165259 812812 593225 317529 98818 224656 46951 789530 783633 267652 804271 310887 210501 858206 213830 660528 685514 653385 405081 818512 888801 691238 54130 1 793523 747891 451975 567422 621201 671332 348248 310673 479734 622938 266238 613638 500830 521606 287685
 625450 796359 246744 336970 461795 618092 853995 751215 449248 1002192 416219 321104 1040721 159382 807057 895806 423783 90026 725554 417452 1165060 956335 346351 1223548 727349 712301 591064 838177 21572 643122 652870 227867 1004525 615754 595198 990758 256169 706895 819026 407300 651926 146511 569427 799494 793523 1 45643 791214 1110177 1032304 562064 473764 702758 546615 936807 785462 227462 409285 386717 876954
 584117 776468 201152 330431 416662 578547 813041 739598 403711 958428 373010 284979 1001335 164227 764659 851997 398855 52521 706201 380532 1125185 910761 340997 1181588 685372 666731 545786 792535 46025 624422 609373 227110 960204 570599 583977 945241 228993 680279 788355 363080 635470 178197 545926 754040 747891 45643 1 752875 1070040 995621 537265 429175 660586 510000 902309 742909 189895 372286 350543 834264
 191147 420572 589193 607295 413272 177135 792817 549126 449182 323550 400935 470930 252022 881611 151647 690569 430390 701872 414198 374398 378136 548664 613194 460274 141576 382280 357235 453053 776226 420106 232498 672835 356653 338049 526083 469902 551887 283560 206893 583073 454165 930090 366127 504965 451975 791214 752875 1 325898 248423 352405 383396 159289 247427 188978 697950 563780 727243 735233 737126
 487655 644135 893655 930312 693279 492305 911405 794896 724148 241348 704226 792674 77616 1188324 322908 773318 754526 1020250 667691 696707 56611 570413 935474 153886 392300 551115 596514 540687 1096294 701449 484812 998678 284348 570353 815348 447218 876611 555931 425414 848468 731061 1245178 672747 617757 567422 1110177 1070040 325898 1 166579 662512 668173 418133 572316 276351 832399 883197 985126 998306 836604
 437847 483603 837174 814495 658913 425131 973294 636129 693923 348123 649322 711231 109556 1128601 323651 848587 644672 943913 513361 615135 191127 664493 817934 318380 365505 578609 587804 605632 1016281 555866 464120 894436 393917 564898 670757 552313 785474 412425 274995 826386 582864 1173583 542509 674927 621201 1032304 995621 248423 166579 1 535495 629830 389413 485743 119908 885388 805766 969396 978829 905873
 322375 250358 456785 283257 418378 273308 942798 281394 450463 666859 342446 282553 584997 696107 463719 889052 138468 486016 187016 228127 708318 814522 285059 806995 396252 574844 471135 694148 542162 123048 405716 376906 693316 472710 189006 772048 308359 147032 276063 561268 154086 708420 20202 712803 671332 562064 537265 352405 662512 535495 1 391549 387171 192267 420672 845511 365958 689735 685452 913668
 192299 619040 233692 457173 31747 216508 556406 672890 69264 531057 74081 219747 607951 524692 348338 524187 328913 386831 568565 181683 724704 512705 469291 763900 276080 254044 125282 387123 465285 514480 186304 456188 531191 146139 559510 524867 312291 468251 508359 203226 545328 592959 411230 372010 348248 473764 429175 383396 668173 629830 391549 1 250236 219474 565793 460962 270144 347725 353565 536820
 82278 531233 476973 586119 276319 117762 639361 636615 308959 310618 289026 397310 358157 771300 104636 547111 413713 612930 506560 308240 474606 434044 594942 521034 25848 229596 200066 321852 690806 487515 75071 627017 325116 179417 575801 384975 489954 377309 346238 438706 522937 832443 405693 360889 310673 702758 660586 159289 418133 389413 387171 250236 1 213137 347519 543139 479819 580624 590915 588362
 137099 400677 364504 376292 250046 96011 755932 468131 286299 517459 194799 225513 499364 647713 307142 697169 201259 458192 353953 129475 625314 626405 384349 699802 228994 382766 280860 504142 530826 309730 216685 429334 536193 280903 378516 593703 304497 248777 303012 413469 343415 688088 212371 520590 479734 546615 510000 247427 572316 485743 192267 219474 213137 1 394720 658066 320107 553997 555317 723383
 375661 367800 756280 702230 596585 351041 971158 519046 633297 405865 573544 617463 204984 1042424 313000 859101 536442 850025 394204 523264 308659 694538 704963 430236 327886 563384 546207 616226 919764 436053 421369 786715 449384 526767 550952 595103 685218 293151 155127 767849 462959 1080465 426392 676961 622938 936807 902309 188978 276351 119908 420672 565793 347519 394720 1 878344 712863 912438 919254 910591
 557522 1050956 566651 899277 440472 606691 98172 1125533 418837 599396 526679 660178 809843 738945 567402 130148 789123 725694 1010693 642232 881698 314739 912268 846239 556995 315741 378338 292503 788743 966644 480320 868800 565052 383773 1019818 430177 737444 894131 888106 384542 999323 840640 865625 214662 266238 785462 742909 697950 832399 885388 845511 460962 543139 658066 878344 1 669060 398551 423488 91684
 400640 613986 119246 245307 267774 390922 753505 602984 268890 784785 202024 95449 813356 335368 584451 759368 232320 138221 546339 190645 937895 778889 258638 999109 503761 522719 394825 654734 213098 468285 435909 199985 790840 416276 454053 794914 80977 502472 602757 293189 485982 368028 377913 630569 613638 227462 189895 563780 883197 805766 365958 270144 479819 320107 712863 669060 1 375386 362730 756149
 536967 936303 256395 619378 316383 564232 453094 957424 279294 803187 359861 420230 933998 341041 663643 522291 579827 371376 876548 462684 1041345 640474 632598 1055627 605344 457617 388750 547392 417607 808225 506972 552061 787621 414773 817758 714649 456271 796422 853122 144652 832782 444044 706728 483316 500830 409285 372286 727243 985126 969396 689735 347725 580624 553997 912438 398551 375386 1 24960 489148
 544405 933239 244602 605357 322671 569750 477792 950417 286157 819935 360588 412384 945886 316104 676138 547043 572380 351640 872447 459589 1054651 663091 618506 1071494 615903 475567 401837 568307 395590 802786 517924 535044 805342 428246 808933 735419 443705 795473 855994 152445 826575 419197 702049 505397 521606 386717 350543 735233 998306 978829 685452 353565 590915 555317 919254 423488 362730 24960 1 514106
 613363 1108891 656081 982718 518894 663945 83652 1191434 500292 597417 605427 742641 822390 829917 597594 69219 865710 816371 1072558 718464 882654 284142 995574 833620 599009 359009 442670 300501 880053 1033098 532170 956114 558716 443664 1092116 409091 822653 951923 934491 474762 1066562 931920 933864 233630 287685 876954 834264 737126 836604 905873 913668 536820 588362 723383 910591 91684 756149 489148 514106 1
LAMBDA_SECTION
1 204
2 743
3 146
4 351
5 795
6 460
7 772
8 861
9 44
10 435
11 71
12 352
13 245
14 184
15 387
16 338
17 763
18 740
19 648
20 393
21 637
22 713
23 571
24 180
25 99
26 250
27 59
28 110
29 296
30 990
31 651
32 988
33 987
34 751
35 16
36 216
37 966
38 722
39 103
40 558
41 708
42 868
43 788
44 252
45 976
46 897
47 37
48 537
49 125
50 814
51 157
52 85
53 96
54 817
55 42
56 824
57 50
58 586
59 51
60 72
