NAME : domp20p6v10
COMMENT : Cherkesly, Contardo & Gruson 2022
TYPE : DOMP
DIMENSION : 20
DISPLAY_DATA_TYPE : NO_DISPLAY
OPEN_FACILITIES : 6
COST_SECTION
 1 639971 403677 417656 197248 239980 445481 390553 507372 405524 624322 143790 376446 381502 296219 219038 374544 353581 393168 453223
 639971 1 270968 844975 707754 845967 437517 314011 299567 615844 264759 577359 678866 771563 660724 646326 753402 743339 605915 187527
 403677 270968 1 576174 439908 585237 413648 50261 342360 360880 402146 387459 415148 503571 390660 481628 626289 610504 349191 134492
 417656 844975 576174 1 220655 279841 827916 531024 843681 255387 941684 556361 175789 74438 186855 635928 784322 763455 259127 695335
 197248 707754 439908 220655 1 161734 617582 405786 650376 266028 757552 336096 209096 187506 133084 416054 567878 546911 257862 535708
 239980 845967 585237 279841 161734 1 684276 556300 745461 418433 860592 377024 349895 289282 285107 422854 545953 526138 412171 665549
 445481 437517 413648 827916 617582 684276 1 451945 144564 701802 249112 309003 720497 771838 658157 307068 346531 343057 687694 316618
 390553 314011 50261 531024 405786 556300 451945 1 389022 311133 452069 392617 367284 457801 346918 491350 642167 625372 299639 184575
 507372 299567 342360 843681 650376 745461 144564 389022 1 677777 120927 391137 712260 779777 662032 420190 486038 480485 664348 218090
 405524 615844 360880 255387 266028 418433 701802 311133 677777 1 756811 503977 81745 183615 133915 604952 768338 747898 14222 492754
 624322 264759 402146 941684 757552 860592 249112 452069 120927 756811 1 511641 799860 874773 756781 540022 595640 591960 744094 267715
 143790 577359 387459 556361 336096 377024 309003 392617 391137 503977 511641 1 492032 513744 415599 104563 267487 247871 490313 392414
 376446 678866 415148 175789 209096 349895 720497 367284 712260 81745 799860 492032 1 102584 80764 587908 748830 728002 83663 541980
 381502 771563 503571 74438 187506 289282 771838 457801 779777 183615 874773 513744 102584 1 118038 600288 754696 733714 186246 624765
 296219 660724 390660 186855 133084 285107 658157 346918 662032 133915 756781 415599 80764 118038 1 509473 669494 648616 127079 508480
 219038 646326 481628 635928 416054 422854 307068 491350 420190 604952 540022 104563 587908 600288 509473 1 163766 143754 591498 467961
 374544 753402 626289 784322 567878 545953 346531 642167 486038 768338 595640 267487 748830 754696 669494 163766 1 20985 754957 589509
 353581 743339 610504 763455 546911 526138 343057 625372 480485 747898 591960 247871 728002 733714 648616 143754 20985 1 734549 577064
 393168 605915 349191 259127 257862 412171 687694 299639 664348 14222 744094 490313 83663 186246 127079 591498 754957 734549 1 480553
 453223 187527 134492 695335 535708 665549 316618 184575 218090 492754 267715 392414 541980 624765 508480 467961 589509 577064 480553 1
LAMBDA_SECTION
1 272
2 657
3 302
4 174
5 427
6 907
7 570
8 555
9 709
10 482
11 64
12 821
13 149
14 173
15 472
16 271
17 510
18 908
19 540
20 610
