NAME : domp80p20v9
COMMENT : Cherkesly, Contardo & Gruson 2022
TYPE : DOMP
DIMENSION : 80
DISPLAY_DATA_TYPE : NO_DISPLAY
OPEN_FACILITIES : 20
COST_SECTION
 1 665580 619735 437572 349637 531398 361260 624455 212356 640942 869380 835699 602213 695043 197464 559304 546379 430209 92266 455846 160976 726412 109416 711215 829440 276528 38265 540147 662459 472911 537129 438440 820164 700648 390369 235066 203945 806359 735866 613949 525968 737207 396572 796587 869980 218762 596045 596792 952055 719585 568892 287621 35514 800253 650032 120359 261178 903982 374646 822373 481495 722179 685933 772236 584050 249270 249543 793604 404675 658605 461920 868227 496121 601804 380067 622153 532048 502147 243702 625929
 665580 1 120863 778710 819207 823144 463267 275368 702735 32886 540030 722539 323167 752490 841078 163586 120578 439978 757833 272578 689941 953321 571954 767639 295513 407137 661131 377268 576264 192737 400935 273020 474179 430484 989932 452483 520774 834205 812382 164032 880384 471656 1015007 259295 354463 489786 510603 310793 514872 228295 971628 561218 630856 623871 114766 600780 771610 863026 870469 863913 897357 149011 675093 857682 193691 429154 764471 740504 451849 245599 737498 935339 730172 971372 965040 815943 936878 180950 905231 461740
 619735 120863 1 802349 822552 858254 487008 367646 692880 91286 651196 814736 407989 821493 807226 229622 139604 480594 710524 180642 671636 1005430 538599 837640 416210 346014 622030 445405 655855 177181 467709 189674 584637 527612 972402 433236 507049 911594 881619 256338 907898 571330 992520 379693 475139 475028 583662 394805 634132 342865 994645 570228 584240 720008 221491 537935 764170 950943 871658 940536 914799 268712 749949 927642 74310 406798 755665 825265 347630 347490 769383 1010908 768648 1000298 950673 866937 958105 208004 863304 543587
 437572 778710 802349 1 139474 94293 316879 576266 226183 770672 668351 513231 526123 321604 385783 618105 672735 343229 453097 710885 277439 288978 391865 332850 780835 568923 399504 443721 400171 625621 423190 687271 649176 541604 355755 407679 340716 417491 340253 643066 107467 553445 401556 763256 793832 366572 382733 530901 795429 693884 193101 240039 444521 528468 699385 535590 202089 527508 174739 424375 123922 747168 358698 365100 807066 433758 210712 449969 759937 624170 65650 454077 106111 199701 321117 200766 158312 603152 464567 446313
 349637 819207 822552 139474 1 222073 363172 653537 148598 805908 786692 649549 608244 460760 255240 667045 704576 410370 342338 704129 194305 404568 337326 472248 866341 541409 314337 525693 523528 646660 508571 681440 760571 646536 223421 396344 321680 556637 479306 702042 187706 664794 267343 844270 886636 352882 493166 610454 906976 770450 219278 258151 366021 657461 755244 462248 88576 666898 52528 562682 132243 811842 493247 502503 814565 423863 100148 587888 719165 700102 199540 588827 242374 253465 189130 337225 182506 638519 329597 551778
 531398 823144 858254 94293 222073 1 372221 598432 320407 818434 645653 459603 545662 258989 475237 660005 724035 383208 547037 780977 371593 195028 481518 266763 791799 648823 493257 466475 377280 683733 443888 757257 635760 538275 420892 485184 422808 341838 264859 677599 77786 542245 467858 778407 797884 446131 379178 552484 779538 713966 170746 314830 537431 491611 734994 627303 293998 453391 244872 344536 146217 775612 314399 282927 869474 510031 303218 391668 842333 646237 90239 366922 94427 153245 386999 118303 150223 653770 551538 445682
 361260 463267 487008 316879 363172 372221 1 299657 275365 454073 509174 494135 262250 399862 460403 305730 355868 69348 435371 416178 286230 533384 255895 417468 515293 317070 332837 187314 312359 311599 179531 392640 462923 342341 558949 166396 158209 509444 454581 338872 421251 376827 592704 489368 543988 152782 239155 260977 600562 413215 509942 111282 341334 444746 392355 389975 333091 588284 415563 532822 434117 449031 360778 499022 497556 179488 329070 465369 510393 343723 282708 594047 285687 513489 529308 397201 474430 286303 541780 264669
 624455 275368 367646 576266 653537 598432 299657 1 574880 288250 303709 448533 54061 485180 754459 145910 242385 243397 710095 422440 582223 700724 515405 499309 215636 451270 604643 132815 303237 271005 154662 407198 238555 160267 857681 390354 429170 560742 544200 112645 666060 204948 892199 190874 247529 407594 244597 45950 340104 117780 761616 410817 596150 352402 162445 609467 632009 587849 705928 590689 700124 180461 404087 588539 420803 381051 628410 465194 590171 47995 522565 662363 504220 751512 827341 567646 731219 203332 832874 188844
 212356 702735 692880 226183 148598 320407 275365 574880 1 685935 759993 672848 537011 508544 198747 560792 584252 337626 231308 563063 51436 515122 188765 523336 790487 395445 174728 459043 517276 520571 447133 540973 722633 602823 288987 260110 185833 616285 542106 603447 314230 630130 319186 763861 819089 217855 466577 536211 865598 687110 364337 165003 223011 657460 652401 317794 71834 720245 187829 628889 275517 715598 516284 574580 678410 287150 62796 621112 570647 618264 257606 668524 295868 393279 262553 417499 326355 522457 283776 513727
 640942 32886 91286 770672 805908 818434 454073 288250 685935 1 562657 736752 333247 758244 819206 163695 101750 435529 733103 240159 671147 953908 549529 773760 325427 378919 637808 381408 585384 169649 404748 241251 496363 446208 971882 432499 502412 842999 818315 175615 873622 488607 995860 288658 384301 471028 517156 320457 542852 252553 963768 548593 605984 639562 133324 572946 755555 875725 856728 872473 887870 177506 682730 863926 162475 408338 748073 751862 419050 262766 731675 943611 726240 965149 947689 815970 928477 168241 881789 471352
 869380 540030 651196 668351 786692 645653 509174 303709 759993 562657 1 265720 292273 423289 957072 446893 540559 439838 944368 725897 784424 661471 761770 428020 287917 743509 841942 332456 269386 574689 332639 710898 66773 170433 1009240 650063 665437 436478 464176 400662 723311 132351 1051170 307813 248729 653387 295611 303091 141103 312141 814896 602922 847066 173552 429822 880425 797900 404246 834131 464256 782465 397800 341873 494672 713017 648875 798429 323877 893106 307472 603130 528920 567266 787252 975381 562439 795692 507008 1041235 247293
 835699 722539 814736 513231 649549 459603 494135 448533 672848 736752 265720 1 407051 202246 868305 586626 682561 436629 891632 837101 711264 419916 740410 198494 530028 796208 801336 388643 183835 689949 372481 817135 300030 292855 868971 659812 644800 175578 221459 561174 534614 255786 914756 539319 503057 645565 263083 420315 403194 514707 614961 548091 823023 103769 608010 882469 688191 145419 687964 201227 605689 602375 157716 241054 862470 669594 692458 71466 976754 477763 450140 263450 407622 578194 834339 352094 604911 627739 952787 277387
 602213 323167 407989 526123 608244 545662 262250 54061 537011 333247 292273 407051 1 432676 721655 179652 276057 200705 685065 444104 547991 646732 492800 447103 258098 451542 579823 82964 253133 292537 103003 426834 231366 131013 816207 371563 402216 511075 491995 159138 614123 177224 852022 237510 282166 383567 191308 13301 351036 168547 709871 372060 575781 315210 212725 597325 591256 543289 660414 540835 650044 234519 352788 536667 456055 365863 588317 418677 603926 100903 471124 612342 451623 698847 785194 513591 680026 226415 801799 138574
 695043 752490 821493 321604 460760 258989 399862 485180 508544 758244 423289 202246 432676 1 695391 595457 682109 364413 737264 799335 553034 239312 613180 17609 632820 716921 658079 377140 187962 667495 354211 776848 432108 367077 674880 561060 525875 112350 60151 589800 332837 351778 721345 630497 622419 535637 242061 444013 563868 583339 412935 415574 689080 253370 645037 762474 510842 211716 494724 133221 405174 662521 87185 106166 854192 577811 516847 132865 909763 527191 263065 195620 220209 377300 640434 150029 402745 616446 777943 297673
 197464 841078 807226 385783 255240 475237 460403 754459 198747 819206 957072 868305 721655 695391 1 717128 720519 526969 128807 649895 174405 659664 269889 708986 968248 470116 186118 647540 715902 649558 637968 631351 917606 797167 200514 390355 330556 798838 722519 766517 441623 826364 200322 938864 1001574 357998 664818 719252 1058856 861248 452935 355763 231301 855994 809730 312334 185251 906298 252375 808166 376687 878221 710921 750176 776634 412241 178602 813824 599833 794819 434435 839852 476334 495527 198310 586526 421800 667838 85070 710113
 559304 163586 229622 618105 667045 660005 305730 145910 560792 163695 446893 586626 179652 595457 717128 1 96960 277132 650194 280189 555060 790681 455748 611190 283908 340010 547390 218321 426384 132278 241435 267001 380675 304871 849778 328747 387593 682785 655587 59457 718441 350247 878474 247286 334696 359164 355414 166363 463893 176809 810566 409461 526919 494291 92645 519276 626754 721557 719058 711942 738274 162907 521574 701361 276663 310650 620686 595664 454189 142580 575018 782675 566798 808967 822790 652980 776417 68060 788295 313983
 546379 120578 139604 672735 704576 724035 355868 242385 584252 101750 540559 682561 276057 682109 720519 96960 1 343314 638638 194876 570070 866942 451532 698334 348204 295454 541021 306769 518870 74242 328728 186293 473963 401792 870538 332065 401102 773353 742215 140977 776788 447074 895004 310033 404057 369878 445295 262757 546807 251464 865763 447681 511914 591057 134126 486785 653810 816055 755250 802095 788580 205307 611470 788272 180006 308587 646349 689436 375238 233399 636137 872193 633093 868761 846136 728498 830028 70281 785098 408126
 430209 439978 480594 343229 410370 383208 69348 243397 337626 435529 439838 436629 200705 364413 526969 277132 343314 1 504705 435777 352565 525455 323993 381852 457703 361960 402131 121424 252993 312416 111133 413010 393849 273183 615566 225228 226622 469668 422218 299868 441621 307495 651346 434266 482658 218326 176086 201388 532443 360081 534547 172802 409521 380561 356184 453934 390560 540059 462828 495092 465448 405482 313749 467937 501387 233161 387719 414201 549648 289738 297924 560028 290712 531865 584718 387030 501239 273235 609137 195976
 92266 757833 710524 453097 342338 547037 435371 710095 231308 733103 944368 891632 685065 737264 128807 650194 638638 504705 1 543828 184295 739676 195893 752540 917615 365726 105459 619177 724743 565174 614151 527313 897884 777520 329320 323598 283006 846308 772822 704163 528374 812027 327010 885372 956727 302515 663111 680411 1032867 808085 556202 348184 127142 864356 741323 189915 256682 948571 354751 859663 473086 813099 737832 805829 672738 339618 246178 844545 476654 745799 488825 899817 527104 594499 325902 648342 521784 593881 155327 698434
 455846 272578 180642 710885 704129 780977 416178 422440 563063 240159 725897 837101 444104 799335 649895 280189 194876 435777 543828 1 533022 949471 389237 816624 541972 179793 463940 448525 660535 151887 465813 23722 660112 574918 827719 308633 382649 901461 857722 333106 818350 621123 842795 503774 598481 352038 581409 431370 740880 446228 896798 470863 420574 754471 327990 363499 634730 960248 749320 928129 811560 396026 741168 903569 129446 281226 624921 832087 181923 422614 690800 994681 699721 910318 809513 813306 858740 219291 698686 560125
 160976 689941 671636 277439 194305 371593 286230 582223 51436 671147 784424 711264 547991 553034 174405 555060 570070 352565 184295 533022 1 566412 148457 568261 796956 360363 123504 473215 550010 503213 463572 511676 743745 623177 301232 239388 169257 662028 588733 601209 365239 653179 325115 768593 828739 200194 494398 545961 884554 691196 412515 181838 172851 690341 647511 268479 109141 764448 227883 675585 324058 713473 555980 622340 652264 265089 97806 662012 528604 623704 306691 716938 343771 442988 279100 467005 374892 511587 257223 537179
 726412 953321 1005430 288978 404568 195028 533384 700724 515122 953908 661471 419916 646732 239312 659664 790681 866942 525455 739676 949471 566412 1 674318 233462 866171 830956 688280 578173 420932 837336 554327 925883 671334 600330 571212 666566 609564 253165 199694 796280 219104 589080 617562 860808 859240 630181 458039 656428 802394 807449 248694 497540 732265 489445 853464 821389 484108 352885 413891 238635 291761 881073 325150 182157 1026114 689712 494057 349386 1026236 745997 273453 223712 252927 200246 540298 138496 260469 797494 731041 521275
 109416 571954 538599 391865 337326 481518 255895 515405 188765 549529 761770 740410 492800 613180 269889 455748 451532 323993 195893 389237 148457 674318 1 630021 721781 213156 91667 431455 563192 379917 429186 368873 711607 592489 438543 127804 97749 725471 658664 508840 491561 629835 455142 689479 761417 109461 493667 487390 842761 612201 550650 197758 85530 698972 547529 150332 256433 818006 375076 743895 461728 618518 595140 697949 512298 145481 245458 702757 381890 550242 401863 794918 430173 576153 420477 558028 512282 401856 334217 519964
 711215 767639 837640 332850 472248 266763 417468 499309 523336 773760 428020 198494 447103 17609 708986 611190 698334 381852 752540 816624 568261 233462 630021 1 643434 734527 674151 392925 200025 684357 370135 794168 439375 378171 684716 578581 543061 95470 44897 604678 339176 361171 731327 641933 631704 553012 257043 458592 568934 596074 416802 432500 705580 256491 659658 779437 524167 197400 505051 115688 412632 675981 97935 90177 870842 595386 530389 127694 927367 540820 275662 178184 233041 379709 650360 154372 408161 632923 791213 311246
 829440 295513 416210 780835 866341 791799 515293 215636 790487 325427 287917 530028 258098 632820 968248 283908 348204 457703 917615 541972 796956 866171 721781 643434 1 623916 812562 340802 445828 409614 359142 534480 233579 266066 1072946 594450 640265 681583 686466 224519 863714 284538 1107762 38201 58953 616542 415513 256343 224193 110161 959756 626432 799151 426598 214155 800465 847418 675097 918505 711542 904522 148806 545799 725990 487728 581198 843944 571813 723257 173431 723161 781679 699519 944560 1042351 742502 931820 351294 1045421 349099
 276528 407137 346014 568923 541409 648823 317070 451270 395445 378919 743509 796208 451542 716921 470116 340010 295454 361960 365726 179793 360363 830956 213156 734527 623916 1 284237 422618 612519 222413 432058 161913 682740 576663 650075 164404 228444 826321 771204 399433 674945 621130 663800 587141 673998 202811 533187 441387 790879 516120 745419 334419 241129 729874 419377 194162 465939 901682 583265 849886 657706 493658 674640 815209 307524 141982 455476 776158 195766 470159 560802 910757 578078 764644 633162 700963 706891 272920 519935 532875
 38265 661131 622030 399504 314337 493257 332837 604643 174728 637808 841942 801336 579823 658079 186118 547390 541021 402131 105459 463940 123504 688280 91667 674151 812562 284237 1 514897 629701 468561 510615 445254 794242 674166 370364 219340 178145 769189 698347 600471 488737 709613 380638 780575 851343 197058 564860 575056 928190 703187 533570 253485 53754 768201 639094 149737 226249 867470 341605 784928 445744 710178 650553 734452 590517 236943 214573 758119 426895 640519 423686 830338 458037 565595 357298 583949 496433 492962 244101 597092
 540147 377268 445405 443721 525693 466475 187314 132815 459043 381408 332456 388643 82964 377140 647540 218321 306769 121424 619177 448525 473215 578173 431455 392925 340802 422618 514897 1 214275 303072 23848 428494 280171 162075 735243 317611 336874 466609 437275 218107 533374 202806 771804 320427 362431 322297 138581 87197 414028 250193 628855 294211 516248 310467 275362 548171 511000 514055 577777 495327 567626 309415 304702 483083 483125 317117 508513 386194 592393 180808 389765 565525 372114 619346 703886 442337 598407 244506 729094 112881
 662459 576264 655855 400171 523528 377280 312359 303237 517276 585384 269386 183835 253133 187962 715902 426384 518870 252993 724743 660535 550010 420932 563192 200025 445828 612519 629701 214275 1 517135 195076 639747 259922 179763 746940 477050 466289 257946 244395 412254 454690 170177 790306 442618 438678 464793 80085 265482 402347 396198 547415 376900 647228 140352 465314 702092 544781 300035 569030 287715 513087 477137 102404 287184 696772 486116 546969 171994 794566 342647 334660 359278 297991 522352 712644 303779 526942 458527 800969 114618
 472911 192737 177181 625621 646660 683733 311599 271005 520571 169649 574689 689949 292537 667495 649558 132278 74242 312416 565174 151887 503213 837336 379917 684357 409614 222413 468561 303072 517135 1 322253 136228 509222 423185 804372 263933 335475 764931 727040 189369 731546 469370 827301 371873 463124 303707 439558 279709 596163 306388 817668 393143 438278 604654 199047 412750 591169 817085 696322 792657 737620 272823 603166 773203 188972 239157 583150 689126 321999 274342 594306 861124 595655 824039 781026 699091 781028 67681 712642 412568
 537129 400935 467709 423190 508571 443888 179531 154662 447133 404748 332639 372481 103003 354211 637968 241435 328728 111133 614151 465813 463572 554327 429186 370135 359142 432058 510615 23848 195076 322253 1 445322 283734 163581 720259 319317 333251 445062 414361 241953 511473 201093 757558 340148 378217 320771 117557 108744 421319 271356 607116 283008 514436 298260 299195 550408 496969 495109 560424 473571 547107 332496 283020 460251 504081 320869 494925 367028 605719 202593 368221 543485 349613 596902 688532 418539 577074 265304 720259 100817
 438440 273020 189674 687271 681440 757257 392640 407198 540973 241251 710898 817135 426834 776848 631351 267001 186293 413010 527313 23722 511676 925883 368873 794168 534480 161913 445254 428494 639747 136228 445322 1 645447 557814 807410 285620 359838 879426 835103 321632 794738 604034 823175 496299 590279 329068 560407 414256 729685 436366 873385 447263 403038 735606 320346 349619 612705 939232 726903 905956 788274 390148 719413 880903 145612 258168 602988 811090 189092 409570 667079 972276 676038 886735 788771 789802 835355 203903 681778 540504
 820164 474179 584637 649176 760571 635760 462923 238555 722633 496363 66773 300030 231366 432108 917606 380675 473963 393849 897884 660112 743745 671334 711607 439375 233579 682740 794242 280171 259922 509222 283734 645447 1 120746 981208 596277 616560 461547 478996 333927 712619 95953 1021795 249016 203028 602464 267784 241361 146552 246873 806363 561939 796412 198661 363364 825331 764983 443854 809614 490672 767183 333545 346533 513807 646253 593394 764649 349081 828631 240763 585065 558574 552086 782217 947871 562372 784467 441560 1000966 210230
 700648 430484 527612 541604 646536 538275 342341 160267 602823 446208 170433 292855 131013 367077 797167 304871 401792 273183 777520 574918 623177 600330 592489 378171 266066 576663 674166 162075 179763 423185 163581 557814 120746 1 865331 479654 496812 423442 421746 271564 613302 46220 905073 263904 261664 483706 159854 143574 263098 225090 708649 441425 677587 193445 315750 710004 646861 435731 696564 453690 662493 311188 280297 462577 580869 478533 646127 319024 734339 185105 479242 525090 449780 688881 832380 479026 683912 356544 880383 95419
 390369 989932 972402 355755 223421 420892 558949 857681 288987 971882 1009240 868971 816207 674880 200514 849778 870538 615566 329320 827719 301232 571212 438543 684716 1072946 650075 370364 735243 746940 804372 720259 807410 981208 865331 1 540618 469471 762727 685715 891974 360100 885758 47074 1048082 1097667 500916 714706 816849 1127248 972155 329583 447793 421358 880571 941346 509130 225859 874281 181017 764597 283008 1003967 714115 702288 950330 566244 230333 805069 795032 902517 419681 779829 461638 378487 34650 539084 311053 810387 216965 771441
 235066 452483 433236 407679 396344 485184 166396 390354 260110 432499 650063 659812 371563 561060 390355 328747 332065 225228 323598 308633 239388 666566 127804 578581 594450 164404 219340 317611 477050 263933 319317 285620 596277 479654 540618 1 74920 672147 613273 381170 514610 519841 563449 561865 635049 43489 401255 365069 722593 484698 589532 170391 205832 605621 420930 231107 331754 754051 442922 694269 503465 491263 526689 656326 419036 27522 322885 631713 359808 423606 396694 752685 413715 605542 517869 537151 551260 277484 459648 416174
 203945 520774 507049 340716 321680 422808 158209 429170 185833 502412 665437 644800 402216 525875 330556 387593 401102 226622 283006 382649 169257 609564 97749 543061 640265 228444 178145 336874 466289 335475 333251 359838 616560 496812 469471 74920 1 638140 574325 436012 446510 533283 494369 609771 676592 32024 396038 397868 750049 532108 518170 114056 183129 601450 480227 238848 257251 727092 368015 658102 431235 547862 502183 615428 493948 102367 248622 609402 419757 467126 336691 712459 358603 536303 445596 485105 479733 342398 405387 422570
 806359 834205 911594 417491 556637 341838 509444 560742 616285 842999 436478 175578 511075 112350 798838 682785 773353 469668 846308 901461 662028 253165 725471 95470 681583 826321 769189 466609 257946 764931 445062 879426 461547 423442 762727 672147 638140 1 77397 670199 407678 397392 809695 685060 662115 647522 328059 523416 576202 647657 474177 527906 800987 264433 723049 874819 613618 111629 585580 30256 484009 731526 162065 71213 949022 688232 620395 112896 1017969 598605 364405 101938 322735 431738 728824 223704 471909 710266 880066 372528
 735866 812382 881619 340253 479306 264859 454581 544200 542106 818315 464176 221459 491995 60151 722519 655587 742215 422218 772822 857722 588733 199694 658664 44897 686466 771204 698347 437275 244395 727040 414361 835103 478996 421746 685715 613273 574325 77397 1 649505 332225 403305 732649 685629 673451 585954 301820 503471 605278 640572 402671 462157 732033 291095 704535 808703 537270 188617 508251 86853 408023 720748 142041 46177 914006 631065 544264 150289 964966 585638 288212 139565 247125 362288 651740 147076 398070 676426 803371 356075
 613949 164032 256338 643066 702042 677599 338872 112645 603447 175615 400662 561174 159138 589800 766517 59457 140977 299868 704163 333106 601209 796280 508840 604678 224519 399433 600471 218107 412254 189369 241953 321632 333927 271564 891974 381170 436012 670199 649505 1 739971 315003 922368 188101 275348 408928 347739 146828 408059 117590 833793 446923 582171 464555 57597 577509 667282 700247 754431 699933 765222 112303 511412 694571 313310 364712 661897 576907 510061 93231 595683 771399 583398 828870 863945 660251 800933 127309 839525 297712
 525968 880384 907898 107467 187706 77786 421251 666060 314230 873622 723311 534614 614123 332837 441623 718441 776788 441621 528374 818350 365239 219104 491561 339176 863714 674945 488737 533374 454690 731546 511473 794738 712619 613302 360100 514610 446510 407678 332225 739971 1 618669 407114 848972 871709 473117 453676 620193 856786 782669 96044 347498 537028 569174 796945 630787 271768 519099 194986 406812 77269 841026 391679 344029 913968 540866 282524 465685 864607 714032 144345 419753 164342 92564 327455 185892 72440 706865 511967 519825
 737207 471656 571330 553445 664794 542245 376827 204948 630130 488607 132351 255786 177224 351778 826364 350247 447074 307495 812027 621123 653179 589080 629835 361171 284538 621130 709613 202806 170177 469370 201093 604034 95953 46220 885758 519841 533283 397392 403305 315003 618669 1 926618 288059 270643 521766 171845 189792 242503 258924 712985 471451 715216 153571 356943 750724 670659 400445 713719 427458 671973 346720 264675 441856 625747 519917 670624 289077 780303 226149 489534 498059 457180 690282 852327 473925 690243 402661 910244 116404
 396572 1015007 992520 401556 267343 467858 592704 892199 319186 995860 1051170 914756 852022 721345 200322 878474 895004 651346 327010 842795 325115 617562 455142 731327 1107762 663800 380638 771804 790306 827301 757558 823175 1021795 905073 47074 563449 494369 809695 732649 922368 407114 926618 1 1082044 1133969 525221 756095 852173 1167523 1005633 374580 481438 429330 924796 970541 512647 260821 921232 226927 811652 329983 1034593 759483 749355 967308 588270 263835 851233 800083 936388 465025 826818 507218 423691 80986 586078 357203 836609 197631 811728
 796587 259295 379693 763256 844270 778407 489368 190874 763861 288658 307813 539319 237510 630497 938864 247286 310033 434266 885372 503774 768593 860808 689479 641933 38201 587141 780575 320427 442618 371873 340148 496299 249016 263904 1048082 561865 609771 685060 685629 188101 848972 288059 1082044 1 96011 585275 405893 234080 257038 77665 944962 600650 765862 435551 175964 765122 822285 684734 896620 715205 887151 111412 544007 726388 450709 547807 818431 577089 685061 145656 707091 786022 685269 931543 1017953 734341 916053 314304 1015153 340417
 869980 354463 475139 793832 886636 797884 543988 247529 819089 384301 248729 503057 282166 622419 1001574 334696 404057 482658 956727 598481 828739 859240 761417 631704 58953 673998 851343 362431 438678 463124 378217 590279 203028 261664 1097667 635049 676592 662115 673451 275348 871709 270643 1133969 96011 1 654452 418794 283035 167979 157948 967520 654188 840670 401259 270522 846602 873155 646654 938323 691635 916714 207364 535299 710889 546533 623490 870374 550417 779292 211509 733936 760433 707453 949473 1066294 740485 941267 402655 1080343 352206
 218762 489786 475028 366572 352882 446131 152782 407594 217855 471028 653387 645565 383567 535637 357998 359164 369878 218326 302515 352038 200194 630181 109461 553012 616542 202811 197058 322297 464793 303707 320771 329068 602464 483706 500916 43489 32024 647522 585954 408928 473117 521766 525221 585275 654452 1 391875 378401 733314 507686 546820 132642 193953 597424 451790 237303 289265 733327 399633 668522 460448 520354 506934 628045 462229 71006 280645 613368 396553 443957 358588 724858 377916 563628 477319 503050 508483 312154 430824 413605
 596045 510603 583662 382733 493166 379178 239155 244597 466577 517156 295611 263083 191308 242061 664818 355414 445295 176086 663111 581409 494398 458039 493667 257043 415513 533187 564860 138581 80085 439558 117557 560407 267784 159854 714706 401255 396038 328059 301820 347739 453676 171845 756095 405893 418794 391875 1 202267 414333 349491 549211 315569 578625 205601 403116 628807 502357 378844 541901 356881 502879 424034 166290 347086 621512 408920 503054 250690 714508 288560 319724 427337 289954 530731 681100 328619 524104 382764 749535 66709
 596792 310793 394805 530901 610454 552484 260977 45950 536211 320457 303091 420315 13301 444013 719252 166363 262757 201388 680411 431370 545961 656428 487390 458592 256343 441387 575056 87197 265482 279709 108744 414256 241361 143574 816849 365069 397868 523416 503471 146828 620193 189792 852173 234080 283035 378401 202267 1 357985 162996 715791 371455 569879 328488 201067 589580 591553 556371 662739 553123 654798 225519 364703 548288 442755 358535 588359 431588 592017 93850 476795 624574 458273 705565 786097 522686 685530 213411 798894 151050
 952055 514872 634132 795429 906976 779538 600562 340104 865598 542852 141103 403194 351036 563868 1058856 463893 546807 532443 1032867 740880 884554 802394 842761 568934 224193 790879 928190 414028 402347 596163 421319 729685 146552 263098 1127248 722593 750049 576202 605278 408059 856786 242503 1167523 257038 167979 733314 414333 357985 1 296197 949760 703218 926377 314521 418857 947320 909864 536353 956126 603459 912785 365865 481333 635486 703151 716518 909207 464027 917873 323169 731103 666541 697468 923948 1094019 700953 928889 530601 1141484 355831
 719585 228295 342865 693884 770450 713966 413215 117780 687110 252553 312141 514707 168547 583339 861248 176809 251464 360081 808085 446228 691196 807449 612201 596074 110161 516120 703187 250193 396198 306388 271356 436366 246873 225090 972155 484698 532108 647657 640572 117590 782669 258924 1005633 77665 157948 507686 349491 162996 296197 1 878405 524446 689129 412150 123198 690655 746300 659155 822904 677910 817771 88474 498599 683179 409138 471129 742227 544110 625369 70381 639576 749501 620050 867193 942323 677286 848411 244826 937488 286886
 568892 971628 994645 193101 219278 170746 509942 761616 364337 963768 814896 614961 709871 412935 452935 810566 865763 534547 556202 896798 412515 248694 550650 416802 959756 745419 533570 628855 547415 817668 607116 873385 806363 708649 329583 589532 518170 474177 402671 833793 96044 712985 374580 944962 967520 546820 549211 715791 949760 878405 1 427746 584964 656996 890529 680957 307730 583493 202069 468401 88947 935872 478873 405912 997244 616513 319353 544492 930284 809603 239191 468600 260327 49352 301417 262914 38560 796235 512334 615498
 287621 561218 570228 240039 258151 314830 111282 410817 165003 548593 602922 548091 372060 415574 355763 409461 447681 172802 348184 470863 181838 497540 197758 432500 626432 334419 253485 294211 376900 393143 283008 447263 561939 441425 447793 170391 114056 527906 462157 446923 347498 471451 481438 600650 654188 132642 315569 371455 703218 524446 427746 1 276512 516227 498744 346950 221956 620494 309830 546803 345236 558118 399139 502513 569645 195290 217796 506890 529006 455004 226386 599584 245436 439487 418428 371307 390248 380765 439053 355630
 35514 630856 584240 444521 366021 537431 341334 596150 223011 605984 847066 823023 575781 689080 231301 526919 511914 409521 127142 420574 172851 732265 85530 705580 799151 241129 53754 516248 647228 438278 514436 403038 796412 677587 421358 205832 183129 800987 732033 582171 537028 715216 429330 765862 840670 193953 578625 569879 926377 689129 584964 276512 1 783712 617173 96500 278469 896306 394735 818098 496734 689675 675617 769700 548650 218056 266796 783364 374295 629170 464046 866226 496223 615833 409529 623371 547532 468816 279214 605493
 800253 623871 720008 528468 657461 491611 444746 352402 657460 639562 173552 103769 315210 253370 855994 494291 591057 380561 864356 754471 690341 489445 698972 256491 426598 729874 768201 310467 140352 604654 298260 735606 198661 193445 880571 605621 601450 264433 291095 464555 569174 153571 924796 435551 401259 597424 205601 328488 314521 412150 656996 516227 783712 1 509114 834178 683323 249187 700899 293002 634125 500168 178129 321148 770951 611785 685907 151540 902855 378343 462974 360078 423171 625621 846057 398067 641397 540223 941063 197840
 650032 114766 221491 699385 755244 734994 392355 162445 652401 133324 429822 608010 212725 645037 809730 92645 134126 356184 741323 327990 647511 853464 547529 659658 214155 419377 639094 275362 465314 199047 299195 320346 363364 315750 941346 420930 480227 723049 704535 57597 796945 356943 970541 175964 270522 451790 403116 201067 418857 123198 890529 498744 617173 509114 1 604692 717631 749011 807499 752946 821153 74324 565491 749336 286147 402167 711824 627335 509111 130840 652714 824573 640840 886079 913988 717643 857419 149524 880572 350728
 120359 600780 537935 535590 462248 627303 389975 609467 317794 572946 880425 882469 597325 762474 312334 519276 486785 453934 189915 363499 268479 821389 150332 779437 800465 194162 149737 548171 702092 412750 550408 349619 825331 710004 509130 231107 238848 874819 808703 577509 630787 750724 512647 765122 846602 237303 628807 589580 947320 690655 680957 346950 96500 834178 604692 1 374904 965627 491196 893685 592534 678815 741030 848211 492893 231943 363235 848224 287622 636695 550309 945202 579858 711060 499963 707671 643370 455397 343997 647004
 261178 771610 764170 202089 88576 293998 333091 632009 71834 755555 797900 688191 591256 510842 185251 626754 653810 390560 256682 634730 109141 484108 256433 524167 847418 465939 226249 511000 544781 591169 496969 612705 764983 646861 225859 331754 257251 613618 537270 667282 271768 670659 260821 822285 873155 289265 502357 591553 909864 746300 307730 221956 278469 683323 717631 374904 1 721353 118807 622964 220765 779019 530476 565251 750226 358868 11680 631428 637569 676695 249217 655748 291274 341784 196725 402305 271081 590917 267102 554794
 903982 863026 950943 527508 666898 453391 588284 587849 720245 875725 404246 145419 543289 211716 906298 721557 816055 540059 948571 960248 764448 352885 818006 197400 675097 901682 867470 514055 300035 817085 495109 939232 443854 435731 874281 754051 727092 111629 188617 700247 519099 400445 921232 684734 646654 733327 378844 556371 536353 659155 583493 620494 896306 249187 749011 965627 721353 1 696787 115569 595558 746436 227524 177589 995100 767652 727697 128163 1089056 619656 472440 146284 430089 539847 840337 335318 582588 757667 988300 407929
 374646 870469 871658 174739 52528 244872 415563 705928 187829 856728 834131 687964 660414 494724 252375 719058 755250 462828 354751 749320 227883 413891 375076 505051 918505 583265 341605 577777 569030 696322 560424 726903 809614 696564 181017 442922 368015 585580 508251 754431 194986 713719 226927 896620 938323 399633 541901 662739 956126 822904 202069 309830 394735 700899 807499 491196 118807 696787 1 589304 124864 864322 533199 527798 861851 470381 130077 624315 756374 752548 238877 610053 280655 243259 146378 362901 169562 689652 318036 601543
 822373 863913 940536 424375 562682 344536 532822 590689 628889 872473 464256 201227 540835 133221 808166 711942 802095 495092 859663 928129 675585 238635 743895 115688 711542 849886 784928 495327 287715 792657 473571 905956 490672 453690 764597 694269 658102 30256 86853 699933 406812 427458 811652 715205 691635 668522 356881 553123 603459 677910 468401 546803 818098 293002 752946 893685 622964 115569 589304 1 483783 761736 190626 62919 977295 711002 630173 141624 1042290 628728 374279 71763 333619 424398 731011 226413 468582 738602 888479 402329
 481495 897357 914799 123922 132243 146217 434117 700124 275517 887870 782465 605689 650044 405174 376687 738274 788580 465448 473086 811560 324058 291761 461728 412632 904522 657706 445744 567626 513087 737620 547107 788274 767183 662493 283008 503465 431235 484009 408023 765222 77269 671973 329983 887151 916714 460448 502879 654798 912785 817771 88947 345236 496734 634125 821153 592534 220765 595558 124864 483783 1 870277 458402 421072 914592 530645 232283 537884 841646 748008 183275 496836 215414 121481 250630 261083 50854 719744 442640 567549
 722179 149011 268712 747168 811842 775612 449031 180461 715598 177506 397800 602375 234519 662521 878221 162907 205307 405482 813099 396026 713473 881073 618518 675981 148806 493658 710178 309415 477137 272823 332496 390148 333545 311188 1003967 491263 547862 731526 720748 112303 841026 346720 1034593 111412 207364 520354 424034 225519 365865 88474 935872 558118 689675 500168 74324 678815 779019 746436 864322 761736 870277 1 579305 764224 339330 473535 773785 629833 577877 135550 696801 833462 681193 928188 975730 748075 904117 223454 950481 364849
 685933 675093 749949 358698 493247 314399 360778 404087 516284 682730 341873 157716 352788 87185 710921 521574 611470 313749 737832 741168 555980 325150 595140 97935 545799 674640 650553 304702 102404 603166 283020 719413 346533 280297 714115 526689 502183 162065 142041 511412 391679 264675 759483 544007 535299 506934 166290 364703 481333 498599 478873 399139 675617 178129 565491 741030 530476 227524 533199 190626 458402 579305 1 184920 786959 540128 534777 107751 863381 444515 294466 261101 252601 447843 679467 221041 463723 548202 795287 215320
 772236 857682 927642 365100 502503 282927 499022 588539 574580 863926 494672 241054 536667 106166 750176 701361 788272 467937 805829 903569 622340 182157 697949 90177 725990 815209 734452 483083 287184 773203 460251 880903 513807 462577 702288 656326 615428 71213 46177 694571 344029 441856 749355 726388 710889 628045 347086 548288 635486 683179 405912 502513 769700 321148 749336 848211 565251 177589 527798 62919 421072 764224 184920 1 960180 674634 572846 172869 1009370 629395 317948 97072 278726 362409 668813 165367 405689 722569 829655 400013
 584050 193691 74310 807066 814565 869474 497556 420803 678410 162475 713017 862470 456055 854192 776634 276663 180006 501387 672738 129446 652264 1026114 512298 870842 487728 307524 590517 483125 696772 188972 504081 145612 646253 580869 950330 419036 493948 949022 914006 313310 913968 625747 967308 450709 546533 462229 621512 442755 703151 409138 997244 569645 548650 770951 286147 492893 750226 995100 861851 977295 914592 339330 786959 960180 1 391665 740987 868033 279294 406320 779557 1046601 782888 1006517 930684 887948 959875 238779 827336 587330
 249270 429154 406798 433758 423863 510031 179488 381051 287150 408338 648875 669594 365863 577811 412241 310650 308587 233161 339618 281226 265089 689712 145481 595386 581198 141982 236943 317117 486116 239157 320869 258168 593394 478533 566244 27522 102367 688232 631065 364712 540866 519917 588270 547807 623490 71006 408920 358535 716518 471129 616513 195290 218056 611785 402167 231943 358868 767652 470381 711002 530645 473535 540128 674634 391665 1 349889 644057 337738 412042 421092 770611 436788 632027 543952 559063 578284 256536 479435 419549
 249543 764471 755665 210712 100148 303218 329070 628410 62796 748073 798429 692458 588317 516847 178602 620686 646349 387719 246178 624921 97806 494057 245458 530389 843944 455476 214573 508513 546969 583150 494925 602988 764649 646127 230333 322885 248622 620395 544264 661897 282524 670624 263835 818431 870374 280645 503054 588359 909207 742227 319353 217796 266796 685907 711824 363235 11680 727697 130077 630173 232283 773785 534777 572846 740987 349889 1 636407 626358 672792 256061 663830 297776 353216 202165 410432 282649 583928 261417 554566
 793604 740504 825265 449969 587888 391668 465369 465194 621112 751862 323877 71466 418677 132865 813824 595664 689436 414201 844545 832087 662012 349386 702757 127694 571813 776158 758119 386194 171994 689126 367028 811090 349081 319024 805069 631713 609402 112896 150289 576907 465685 289077 851233 577089 550417 613368 250690 431588 464027 544110 544492 506890 783364 151540 627335 848224 631428 128163 624315 141624 537884 629833 107751 172869 868033 644057 636407 1 962140 499643 388470 210133 345537 507152 770507 281884 535364 630170 897673 281682
 404675 451849 347630 759937 719165 842333 510393 590171 570647 419050 893106 976754 603926 909763 599833 454189 375238 549648 476654 181923 528604 1026236 381890 927367 723257 195766 426895 592393 794566 321999 605719 189092 828631 734339 795032 359808 419757 1017969 964966 510061 864607 780303 800083 685061 779292 396553 714508 592017 917873 625369 930284 529006 374295 902855 509111 287622 637569 1089056 756374 1042290 841646 577877 863381 1009370 279294 337738 626358 962140 1 596309 755140 1104397 773474 952666 783823 896710 891754 388735 628456 705164
 658605 245599 347490 624170 700102 646237 343723 47995 618264 262766 307472 477763 100903 527191 794819 142580 233399 289738 745799 422614 623704 745997 550242 540820 173431 470159 640519 180808 342647 274342 202593 409570 240763 185105 902517 423606 467126 598605 585638 93231 714032 226149 936388 145656 211509 443957 288560 93850 323169 70381 809603 455004 629170 378343 130840 636695 676695 619656 752548 628728 748008 135550 444515 629395 406320 412042 672792 499643 596309 1 570558 700490 552071 799356 872505 613806 779208 207855 872103 229578
 461920 737498 769383 65650 199540 90239 282708 522565 257606 731675 603130 450140 471124 263065 434435 575018 636137 297924 488825 690800 306691 273453 401863 275662 723161 560802 423686 389765 334660 594306 368221 667079 585065 479242 419681 396694 336691 364405 288212 595683 144345 489534 465025 707091 733936 358588 319724 476795 731103 639576 239191 226386 464046 462974 652714 550309 249217 472440 238877 374279 183275 696801 294466 317948 779557 421092 256061 388470 755140 570558 1 411051 43016 233950 385035 160457 208979 565955 515908 384275
