NAME : domp70p23v1
COMMENT : Cherkesly, Contardo & Gruson 2022
TYPE : DOMP
DIMENSION : 70
DISPLAY_DATA_TYPE : NO_DISPLAY
OPEN_FACILITIES : 23
COST_SECTION
 1 598107 314526 529412 360774 355353 314229 275253 546277 477060 578753 414660 393482 361997 332635 283077 598378 682773 282008 371550 326157 391656 274099 199596 92589 395292 446088 204761 327383 366237 238493 386949 571672 654325 276623 228532 451532 555148 181796 237376 320780 316136 390400 252014 502170 682733 781884 591400 621709 213163 235742 321317 302748 647853 344174 251898 586616 444612 601425 193673 211662 349706 513934 542494 546880 238595 250515 488523 277455 212954
 598107 1 834724 143945 356137 770751 409018 606530 779422 123004 128160 993820 280814 460145 482668 635196 67086 758269 327764 231900 757825 982594 389276 600948 522095 934011 245478 557290 915291 557580 577535 681333 1118904 768497 372368 778218 991227 193095 744770 542743 518827 399383 250228 387690 809318 823259 832599 1178270 1178360 634535 797280 886170 319039 756444 288915 450521 49121 900258 721536 760578 749128 351146 804242 445983 881105 722785 623913 115540 874678 397114
 314526 834724 1 802267 667804 148456 444398 572139 387097 726163 849020 200152 688003 676522 398368 571827 853307 577680 510378 605346 565556 231495 447533 235496 403542 509697 737381 279957 180218 363672 541988 276747 284224 534542 463070 90528 156565 839488 138223 547415 633019 626981 674947 447044 305702 537370 664093 377342 344728 497775 98284 420529 515845 533819 546934 389209 809249 148528 497432 363781 412755 502465 776774 597680 786310 112654 541134 741122 228227 504301
 529412 143945 802267 1 228435 763335 420714 485421 815819 106305 49622 940761 157332 326332 501240 513939 93822 827934 298712 214912 638534 921018 382074 579082 443080 827501 110688 538937 856053 580651 461665 695565 1082635 830536 362172 734211 956159 61415 694979 427302 390188 277445 142072 368999 830534 882733 911216 1120464 1138471 524250 749655 789022 303512 818942 290415 443329 179195 888981 779195 669217 650350 371482 666691 524852 745200 694572 507120 89866 805359 316844
 360774 356137 667804 228435 1 669054 402879 257290 786981 249577 273622 772112 75427 106903 477494 285707 320603 853073 258122 246066 410461 742017 344909 479141 268205 604446 118222 450017 681965 552078 236115 640574 932429 842728 326570 586691 811351 224469 541429 202701 162984 52669 112398 317198 776536 887721 947408 941803 982116 301785 596027 573509 282796 832596 302106 390059 374148 781509 787390 461840 435695 380302 451565 590996 526352 573402 280506 248018 620018 170510
 355353 770751 148456 763335 669054 1 362887 630315 241275 674507 806414 344206 672882 700656 298390 636411 799831 429350 464667 552785 656116 379772 384752 190539 427941 635941 716865 225764 327652 243475 593796 134865 383097 386630 403627 197094 266776 808698 228237 590612 670421 636842 651234 394471 166615 392116 516896 510898 447795 564028 219348 545905 461610 385621 483953 322563 738605 129981 348983 465783 509809 421957 859697 472959 880945 122318 604046 690879 366167 498624
 314229 409018 444398 420714 402879 362887 1 506241 398464 322026 458376 626001 373709 479073 81034 527295 442952 450793 145596 206155 612597 630427 60323 211316 298733 709494 403398 167570 562501 160668 463316 276244 725789 439942 76609 407397 599283 474013 387379 439588 485671 395273 339203 91530 409985 485921 546468 811892 788027 479110 431240 634275 125680 429739 130324 65194 375746 492811 384738 507830 523350 59293 761002 232327 813637 332441 498911 339147 546352 260520
 275253 606530 572139 485421 257290 630315 506241 1 814616 490439 530903 612861 329146 176947 556319 28682 576581 932694 396189 440784 153172 567755 448376 467627 221643 354657 375508 460887 520735 610921 43052 655255 791674 909844 438458 481699 686218 479346 433939 70637 105518 208471 356303 417177 776024 943853 1031912 758043 830000 78487 479531 340186 425873 902036 462537 461425 617438 712256 855015 257190 214784 513694 255264 733485 309435 511626 35361 493057 444382 260307
 546277 779422 387097 815819 786981 241275 398464 814616 1 713084 849928 572753 768330 844834 317608 826460 825287 197914 539486 603298 867858 615359 448365 347653 595292 871775 801139 355634 567308 238438 773897 159569 562281 151407 468379 435965 471841 871097 460905 762393 831377 768079 736166 472350 89877 150848 277519 720713 624831 758990 459498 782047 523339 153391 526876 397207 737214 297261 129871 691019 730564 444344 1060058 372561 1091526 349229 794046 730383 607220 624009
 477060 123004 726163 106305 249577 674507 322026 490439 713084 1 136968 877922 175523 356349 401357 518962 127155 721629 215790 122071 639977 864183 289840 496072 399428 812033 156653 453827 797379 480114 459280 598234 1009474 724445 270895 664812 882019 166741 629221 424603 408732 286908 137792 281929 731598 776845 805134 1061225 1067559 514081 682656 763262 213391 712821 192611 352009 127015 802343 673346 637574 626414 269664 701110 419425 775207 615641 505706 17301 754242 274130
 578753 128160 849020 49622 273622 806414 458376 530903 849928 136968 1 989574 204834 367688 538092 559283 63996 852628 342619 254700 684071 970299 423154 623889 492662 875251 155441 583045 905189 616994 508477 734352 1130109 857627 403591 782095 1003397 67925 743325 474324 433597 323855 191611 412011 868236 910733 933107 1169636 1186341 571896 797887 837866 345116 845860 328352 484967 172251 932948 807439 718536 699177 406615 703856 545143 783444 740597 553590 119679 854876 366329
 414660 993820 200152 940761 772112 344206 626001 612861 572753 877922 989574 1 808139 754268 589826 603126 1003326 768388 666161 761930 554445 63786 618334 415082 506183 425302 860710 458437 92499 561887 594579 476115 184190 723421 630952 219309 127576 969293 249051 611030 697079 724343 803967 611319 485599 719519 849696 186287 217141 534414 197513 349974 677546 723961 713370 565486 974042 286567 690574 360400 409511 681492 763945 795401 752131 299231 577945 891268 170096 626564
 393482 280814 688003 157332 75427 672882 373709 329146 768330 175523 204834 808139 1 181270 452521 357773 247440 817893 229156 191971 482005 782848 320111 482597 302492 670436 53537 448415 720170 530326 304378 629402 960812 811383 300301 611936 836890 165026 569006 269976 238046 120687 42921 296459 766457 858946 909616 983067 1013340 367097 624118 633988 248492 800723 258493 372985 299013 791466 756805 516889 495346 341667 526360 541473 601628 587056 349962 173035 663507 184239
 361997 460145 676522 326332 106903 700656 479073 176947 844834 356349 367688 754268 181270 1 547498 202877 419997 928799 340266 345855 325563 716597 419016 516269 275447 531591 216335 494576 662057 616997 171161 691661 924722 914406 402844 589779 809541 310240 542256 145937 71551 85606 219292 388749 824204 956222 1025320 913139 969450 240130 594469 513728 367925 904930 393602 454593 480231 802855 858709 416607 381439 465667 345101 682617 420984 593828 207543 354304 592306 222610
 332635 482668 398368 501240 477494 298390 81034 556319 317608 401357 538092 589826 452521 547498 1 574896 520192 382279 223408 287001 648916 601931 133048 180826 338886 723275 483733 144773 535526 79643 513317 198782 673057 366994 152391 376367 548869 554946 365430 493114 547411 465592 419095 160449 330270 410394 480121 773463 736612 519844 402010 642722 205836 357438 210879 95554 446409 427772 311332 521544 544170 132656 811420 218099 858740 290743 544759 418572 531011 325467
 283077 635196 571827 513939 285707 636411 527295 28682 826460 518962 559283 603126 357773 202877 574896 1 605199 949001 420875 467842 124843 556015 470142 478874 237512 329212 403927 474558 511508 627229 65774 666911 783539 925076 460944 481305 680893 507273 434002 97248 131347 237111 384970 439154 785183 957896 1048333 743707 820078 74071 477555 319127 450473 917518 487754 480555 645947 714014 870536 244339 199138 536805 237143 755893 286574 516407 32570 521665 433660 285445
 598378 67086 853307 93822 320603 799831 442952 576581 825287 127155 63996 1003326 247440 419997 520192 605199 1 814789 342940 248801 729423 987906 415170 622982 516570 914363 203887 580495 921588 597466 551095 718619 1136535 822771 396694 791322 1009114 131545 755023 516469 483088 368126 224952 408675 849796 876891 891774 1185832 1194448 611883 808771 872137 339884 810824 316121 477328 114682 928212 774303 749569 733819 387537 760381 503888 839005 742777 596985 112453 875810 389607
 682773 758269 577680 827934 853073 429350 450793 932694 197914 721629 852628 768388 817893 928799 382279 949001 814789 1 594965 632277 1008870 808374 510220 486614 711554 1040433 839712 478584 756860 321811 890081 315925 758562 47846 527401 615563 669708 887893 633135 872349 929530 845740 779720 540100 287711 88603 99398 918626 820363 888068 640736 952126 571322 44590 560015 477269 710965 495160 83546 849455 883579 476226 1186104 312657 1227244 522742 917667 738230 789498 707477
 282008 327764 510378 298712 258122 464667 145596 396189 539486 215790 342619 666161 229156 340266 223408 420875 342940 594965 1 95929 523196 656570 91127 281471 225243 656903 262686 240442 588845 301261 355104 404630 793819 585364 71163 450631 666307 345097 417128 325984 356470 255006 197055 71119 541502 631507 689406 850961 852240 387231 469517 593881 29749 575056 68647 147730 309210 590435 530257 464259 465826 125515 644927 344925 705228 399982 396712 230901 552843 136103
 371550 231900 605346 214912 246066 552785 206155 440784 603298 122071 254700 761930 191971 345855 287001 467842 248801 632277 95929 1 580411 751468 168557 374182 304247 731986 207543 331783 683934 366599 403315 480673 889119 629428 149228 546553 761526 267987 512880 370596 379912 262560 150582 159903 615684 679398 721642 946518 947842 446950 565412 674604 91342 618302 76425 230559 215368 680368 576103 545887 541959 160419 676458 349508 743548 494304 448252 138161 645779 190422
 326157 757825 565556 638534 410461 656116 612597 153172 867858 639977 684071 554445 482005 325563 648916 124843 729423 1008870 523196 580411 1 499552 559404 524656 313866 214659 528680 530453 467765 690716 180707 709821 738561 980355 553375 477850 649998 631994 434688 215380 254563 361333 507846 529870 815450 1007640 1108021 672168 766810 136056 467375 227522 552021 973973 591583 558693 766675 713385 927578 203736 153380 630804 212912 844672 224929 533818 134299 643530 386295 392091
 391656 982594 231495 921018 742017 379772 630427 567755 615359 864183 970299 63786 782848 716597 601931 556015 987906 808374 656570 751468 499552 1 616682 422723 480530 362352 836008 464185 68306 582020 552654 506960 242742 764550 627607 225566 189537 946034 244002 571632 656485 692697 781871 606519 530373 764206 892878 200225 267301 489781 200175 289153 670504 764285 708178 567671 965750 338503 728687 311722 359081 683625 706934 813199 692277 315739 532508 876715 124394 604565
 274099 389276 447533 382074 344909 384752 60323 448376 448365 289840 423154 618334 320111 419016 133048 470142 415170 510220 91127 168557 559404 616682 1 212372 246461 667018 353490 168292 548377 210215 405608 315245 731576 498069 20324 399195 604026 431876 372806 380939 425472 335532 288063 31506 451706 542837 606337 804585 792181 424709 421080 595361 78660 488099 100372 62190 361825 513074 442622 466967 478291 75673 702606 286202 756704 334995 442453 306336 523903 200238
 199596 600948 235496 579082 479141 190539 211316 467627 347653 496072 623889 415082 482597 516269 180826 478874 622982 486614 281471 374182 524656 422723 212372 1 251204 562205 527322 44498 355659 182125 427551 188085 519283 456133 228598 197647 391818 621779 184651 418390 492611 448678 462031 214382 311053 483238 585141 600731 580220 411516 222558 477105 283339 450154 312306 153780 574192 310781 404223 365284 397232 268151 712618 397315 746406 122844 446431 511715 350837 308632
 92589 522095 403542 443080 268205 427941 298733 221643 595292 399428 492662 506183 302492 275447 338886 237512 516570 711554 225243 304247 313866 480530 246461 251204 1 431660 355523 240106 417702 389754 179637 436638 664225 688227 242158 319654 543610 465574 273647 167384 242821 224208 302247 217936 562198 722386 810864 680709 714237 181403 327995 370520 251153 680475 292883 246132 515493 527410 633462 241642 240583 319629 474655 530881 519859 318460 206532 409377 362584 127027
 395292 934011 509697 827501 604446 635941 709494 354657 871775 812033 875251 425302 670436 531591 723275 329212 914363 1040433 656903 731986 214659 362352 667018 562205 431660 1 720834 584102 358215 743670 368530 725489 602828 1004489 667057 439066 543341 828892 410884 401768 460092 552514 689429 642240 802555 1020778 1136256 497817 616603 303363 418602 90043 682527 1000480 724372 646995 935472 653747 956899 202136 191079 742591 378230 936917 343749 522633 325821 818479 285580 543166
 446088 245478 737381 110688 118222 716865 403398 375508 801139 156653 155441 860710 53537 216335 483733 403927 203887 839712 262686 207543 528680 836008 353490 527322 355523 720834 1 491413 773078 562704 353320 666872 1011875 835981 333260 662716 887411 111558 620367 319354 279501 168632 66145 332623 803888 885118 929123 1036210 1064966 417544 675486 686213 277902 824994 280595 409681 270598 837414 782163 569994 547669 365373 559000 553059 636526 634789 398244 149188 716908 235303
 204761 557290 279957 538937 450017 225764 167570 460887 355634 453827 583045 458437 448415 494576 144773 474558 580495 478584 240442 331783 530453 464185 168292 44498 240106 584102 491413 1 396645 162142 419453 198259 563616 451706 184968 240072 436208 583181 223170 406860 476486 422991 425641 171900 329685 483339 577859 644335 624667 410627 264339 501335 240615 444714 268457 109284 530025 350046 397983 384006 411591 223882 710670 362856 748996 167306 442540 469681 387086 280245
 327383 915291 180218 856053 681965 327652 562501 520735 567308 797379 905189 92499 720170 662057 535526 511508 921588 756860 588845 683934 467765 68306 548377 355659 417702 358215 773078 396645 1 518469 502099 449756 272741 714265 559320 159604 187175 882500 175740 518590 604592 633603 717743 538286 485343 717564 844176 264486 309439 442259 133565 275594 602466 713245 639996 499556 897957 306266 675823 270067 319901 615455 679090 748221 672054 252385 485913 810119 81542 540239
 366237 557580 363672 580651 552078 243475 160668 610921 238438 480114 616994 561887 530326 616997 79643 627229 597466 321811 301261 366599 690716 582020 210215 182125 389754 743670 562704 162142 518469 1 568362 126216 625783 300340 230105 359701 505693 634566 359071 551258 611595 536997 497755 235374 252340 339443 421111 740891 690264 567120 386294 659118 284954 291896 290399 162828 519433 368871 244925 545013 573665 210593 864355 234031 906698 266338 595978 497368 526138 394410
 238493 577535 541988 461665 236115 593796 463316 43052 773897 459280 508477 594579 304378 171161 513317 65774 551095 890081 355104 403315 180707 552654 405608 427551 179637 368530 353320 419453 502099 568362 1 614732 770651 867565 395937 451955 661706 460448 403908 34796 104642 184688 327974 374467 737000 902022 989259 746489 811429 69081 451614 343522 384708 859673 422007 418387 585970 679620 812648 246884 210288 471477 298316 690966 351581 476502 46432 462978 428397 219712
 386949 681333 276747 695565 640574 134865 276244 655255 159569 598234 734352 476115 629402 691661 198782 666911 718619 315925 404630 480673 709821 506960 315245 188085 436638 725489 666872 198259 449756 126216 614732 1 514757 279007 335538 301349 401286 746854 317211 603958 674730 617638 600871 334250 137087 299090 410786 645636 579587 599483 327144 636748 393600 275104 406002 257191 644327 249418 232523 538171 575513 331238 900573 342666 932907 207214 634487 615325 475463 473613
 571672 1118904 284224 1082635 932429 383097 725789 791674 562281 1009474 1130109 184190 960812 924722 673057 783539 1136535 758562 793819 889119 738561 242742 731576 519283 664225 602828 1011875 563616 272741 625783 770651 514757 1 710954 747268 349301 127678 1117020 391950 784443 871180 887305 951489 731214 472924 692911 824704 184638 64831 713237 336920 531880 799952 714568 831128 672654 1093372 270615 690899 542799 592494 784497 948084 855944 934995 396588 757185 1024183 353173 776695
 654325 768497 534542 830536 842728 386630 439942 909844 151407 724445 857627 723421 811383 914406 366994 925076 822771 47846 585364 629428 980355 764550 498069 456133 688227 1004489 835981 451706 714265 300340 867565 279007 710954 1 516161 575779 623160 889663 595407 851319 911639 832539 774449 526943 240907 56047 131955 871854 772647 862303 600549 915664 563265 12193 555401 460323 722122 448344 55711 815995 851635 470732 1161822 326545 1200507 484251 893374 741329 749258 692086
 276623 372368 463070 362172 326570 403627 76609 438458 468379 270895 403591 630952 300301 402844 152391 460944 396694 527401 71163 149228 553375 627607 20324 228598 242158 667057 333260 184968 559320 230105 395937 335538 747268 516161 1 412190 619632 411681 384155 370182 411643 318789 267907 24822 472025 561476 622993 817076 807471 418022 433479 597192 58661 506061 83865 81380 346286 531565 460827 468191 477376 77550 691840 295034 747449 350759 433973 287256 532290 186305
 228532 778218 90528 734211 586691 197094 407397 481699 435965 664812 782095 219309 611936 589779 376367 481305 791322 615563 450631 546553 477850 225566 399195 197647 319654 439066 662716 240072 159604 359701 451955 301349 349301 575779 412190 1 225114 767756 48107 458245 544262 543856 602194 393146 363637 586427 707486 405591 404264 407250 26663 349026 460250 573289 495078 346280 756665 235839 532747 278302 326018 462355 688072 588636 700168 95721 450612 678886 174140 427711
 451532 991227 156565 956159 811351 266776 599283 686218 471841 882019 1003397 127576 836890 809541 548869 680893 1009114 669708 666307 761526 649998 189537 604026 391818 543610 543341 887411 436208 187175 505693 661706 401286 127678 623160 619632 225114 1 991547 269978 672603 759434 767647 826264 603537 382289 613043 744791 249338 188750 608496 215845 462505 672282 625140 703495 545352 965787 175261 596212 447946 498685 657776 862518 738239 858435 269038 652691 896806 267158 652652
 555148 193095 839488 61415 224469 808698 474013 479346 871097 166741 67925 969293 165026 310240 554946 507273 131545 887893 345097 267987 631994 946034 431876 621779 465574 828892 111558 583181 882500 634566 460448 746854 1117020 889663 411681 767756 991547 1 726642 427168 378664 276698 165715 416156 882714 941451 971863 1146144 1171295 526188 781676 796671 353310 878144 344331 492009 233807 932519 837882 681387 658306 427107 640678 585937 721029 734073 504333 150759 827649 342741
 181796 744770 138223 694979 541429 228237 387379 433939 460905 629221 743325 249051 569006 542256 365430 434002 755023 633135 417128 512880 434688 244002 372806 184651 273647 410884 620367 223170 175740 359071 403908 317211 391950 595407 384155 48107 269978 726642 1 410160 496227 497760 560929 363625 393994 610020 727359 434100 444714 359931 55121 321258 428994 592023 465596 324008 725330 281190 549716 238543 284467 439787 643565 581682 658202 111781 403112 642784 167214 385069
 237376 542743 547415 427302 202701 590612 439588 70637 762393 424603 474324 611030 269976 145937 493114 97248 516469 872349 325984 370596 215380 571632 380939 418390 167384 401768 319354 406860 518590 551258 34796 603958 784443 851319 370182 458245 672603 427168 410160 1 86862 150805 293194 349554 729181 887326 971264 767473 827178 99483 459896 373500 355703 843099 392046 397690 551348 681653 796094 270974 237937 444656 321709 664979 379263 475837 81188 428217 447248 189951
 320780 518827 633019 390188 162984 670421 485671 105518 831377 408732 433597 697079 238046 71551 547411 131347 483088 929530 356470 379912 254563 656485 425472 492611 242821 460092 279501 476486 604592 611595 104642 674730 871180 911639 411643 544262 759434 378664 496227 86862 1 122227 271168 394142 803468 950478 1027530 850979 913501 172268 546434 443904 385712 902796 416792 452264 534913 765346 856024 351496 313758 480936 296967 701330 367446 558125 137019 408841 532122 225372
 316136 399383 626981 277445 52669 636842 395273 208471 768079 286908 323855 724343 120687 85606 465592 237111 368126 845740 255006 262560 361333 692697 335532 448678 224208 552514 168632 422991 633603 536997 184688 617638 887305 832539 318789 543856 767647 276698 497760 150805 122227 1 149875 305800 752099 875451 941741 892139 935807 249514 551877 520848 282441 822849 308085 374179 413462 745417 776904 409543 383033 380278 418042 597016 489625 536377 229765 287673 570087 144186
 390400 250228 674947 142072 112398 651234 339203 356303 736166 137792 191611 803967 42921 219292 419095 384970 224952 779720 197055 150582 507846 781871 288063 462031 302247 689429 66145 425641 717743 497755 327974 600871 951489 774449 267907 602194 826264 165715 560929 293194 271168 149875 1 266649 737913 822811 870571 981774 1005595 387242 615969 648112 213524 763629 219709 343693 263760 772450 720217 527349 509563 303853 563536 499917 637416 570997 374235 137812 664830 177521
 252014 387690 447044 368999 317198 394471 91530 417177 472350 281929 412011 611319 296459 388749 160449 439154 408675 540100 71119 159903 529870 606519 31506 214382 217936 642240 332623 171900 538286 235374 374467 334250 731214 526943 24822 393146 603537 416156 363625 349554 394142 305800 266649 1 471271 570842 636618 797236 790814 394785 413816 572436 68994 517147 102055 77060 363752 521109 471372 443397 452602 101736 671245 316848 725727 335291 411712 297799 509588 169040
 502170 809318 305702 830534 776536 166615 409985 776024 89877 731598 868236 485599 766457 824204 330270 785183 849796 287711 541502 615684 815450 530373 451706 311053 562198 802555 803888 329685 485343 252340 737000 137087 472924 240907 472025 363637 382289 882714 393994 729181 803468 752099 737913 471271 1 234041 364242 630967 535805 714934 385387 712519 529775 243230 540281 394220 770093 207464 218052 629940 672439 462616 1014404 431403 1040289 284681 752613 748796 530607 608490
 682733 823259 537370 882733 887721 392116 485921 943853 150848 776845 910733 719519 858946 956222 410394 957896 876891 88603 631507 679398 1007640 764206 542837 483238 722386 1020778 885118 483339 717564 339443 902022 299090 692911 56047 561476 586427 613043 941451 610020 887326 950478 875451 822811 570842 234041 1 132092 859692 753008 893210 610174 931270 610472 68213 604633 501647 777127 437884 103569 836817 874599 519789 1193824 382340 1229610 498242 925865 793821 758039 733616
 781884 832599 664093 911216 947408 516896 546468 1031912 277519 805134 933107 849696 909616 1025320 480121 1048333 891774 99398 689406 721642 1108021 892878 606337 585141 810864 1136256 929123 577859 844176 421111 989259 410786 824704 131955 622993 707486 744791 971863 727359 971264 1027530 941741 870571 636618 364242 132092 1 991735 884455 987463 732115 1047519 664866 135876 651153 575416 784330 569555 180947 946878 981725 568477 1285448 388169 1326612 616194 1017027 821352 880748 804692
 591400 1178270 377342 1120464 941803 510898 811892 758043 720713 1061225 1169636 186287 983067 913139 773463 743707 1185832 918626 850961 946518 672168 200225 804585 600731 680709 497817 1036210 644335 264486 740891 746489 645636 184638 871854 817076 405591 249338 1146144 434100 767473 850979 892139 981774 797236 630967 859692 991735 1 152963 681319 383601 446971 863072 874092 899288 751694 1159427 423511 845547 500973 544586 867647 868991 974922 841335 482852 722689 1074175 322147 804353
 621709 1178360 344728 1138471 982116 447795 788027 830000 624831 1067559 1186341 217141 1013340 969450 736612 820078 1194448 820363 852240 947842 766810 267301 792181 580220 714237 616603 1064966 624667 309439 690264 811429 579587 64831 772647 807471 404264 188750 1171295 444714 827178 913501 935807 1005595 790814 535805 753008 884455 152963 1 751554 389637 552100 859323 776565 891319 733889 1153748 334979 753856 576740 625215 846522 973199 920696 954930 457377 795071 1082009 386532 829672
 213163 634535 497775 524250 301785 564028 479110 78487 758990 514081 571896 534414 367097 240130 519844 74071 611883 888068 387231 446950 136056 489781 424709 411516 181403 303363 417544 410627 442259 567120 69081 599483 713237 862303 418022 407250 608496 526188 359931 99483 172268 249514 387242 394785 714934 893210 987463 681319 751554 1 403725 274607 415994 855180 455685 427532 639672 640032 808343 180447 141548 495317 301103 710604 339679 443437 44196 519188 366159 257342
 235742 797280 98284 749655 596027 219348 431240 479531 459498 682656 797887 197513 624118 594469 402010 477555 808771 640736 469517 565412 467375 200175 421080 222558 327995 418602 675486 264339 133565 386294 451614 327144 336920 600549 433479 26663 215845 781676 55121 459896 546434 551877 615969 413816 385387 610174 732115 383601 389637 403725 1 328685 480232 598255 515863 369417 776760 246677 558090 265525 314483 485551 678868 614884 688056 122244 447533 696429 148769 440188
 321317 886170 420529 789022 573509 545905 634275 340186 782047 763262 837866 349974 633988 513728 642722 319127 872137 952126 593881 674604 227522 289153 595361 477105 370520 90043 686213 501335 275594 659118 343522 636748 531880 915664 597192 349026 462505 796671 321258 373500 443904 520848 648112 572436 712519 931270 1047519 446971 552100 274607 328685 1 617874 911839 659813 570547 883582 565567 868580 129689 138690 670999 423039 858419 403360 433038 306963 771223 199261 490004
 302748 319039 515845 303512 282796 461610 125680 425873 523339 213391 345116 677546 248492 367925 205836 450473 339884 571322 29749 91342 552021 670504 78660 283339 251153 682527 277902 240615 602466 284954 384708 393600 799952 563265 58661 460250 672282 353310 428994 355703 385712 282441 213524 68994 529775 610472 664866 863072 859323 415994 480232 617874 1 552737 41951 139921 296529 589039 508495 488185 491493 98010 674647 315956 734955 404230 426117 229490 569728 165845
 647853 756444 533819 818942 832596 385621 429739 902036 153391 712821 845860 723961 800723 904930 357438 917518 810824 44590 575056 618302 973973 764285 488099 450154 680475 1000480 824994 444714 713245 291896 859673 275104 714568 12193 506061 573289 625140 878144 592023 843099 902796 822849 763629 517147 243230 68213 135876 874092 776565 855180 598255 911839 552737 1 544445 451143 710031 450651 47027 811084 846240 459841 1154382 314359 1193679 481153 885898 729685 747015 682732
 344174 288915 546934 290415 302106 483953 130324 462537 526876 192611 328352 713370 258493 393602 210879 487754 316121 560015 68647 76425 591583 708178 100372 312306 292883 724372 280595 268457 639996 290399 422007 406002 831128 555401 83865 495078 703495 344331 465596 392046 416792 308085 219709 102055 540281 604633 651153 899288 891319 455685 515863 659813 41951 544445 1 161971 262468 612790 501589 530125 533320 84855 708794 289458 770877 434600 464285 209564 609291 202318
 251898 450521 389209 443329 390059 322563 65194 461425 397207 352009 484967 565486 372985 454593 95554 480555 477328 477269 147730 230559 558693 567671 62190 153780 246132 646995 409681 109284 499556 162828 418387 257191 672654 460323 81380 346280 545352 492009 324008 397690 452264 374179 343693 77060 394220 501647 575416 751694 733889 427532 369417 570547 139921 451143 161971 1 421693 450975 404617 444995 462548 116134 716652 290917 765365 276568 450829 368472 481555 232009
 586616 49121 809249 179195 374148 738605 375746 617438 737214 127015 172251 974042 299013 480231 446409 645947 114682 710965 309210 215368 766675 965750 361825 574192 515493 935472 270598 530025 897957 519433 585970 644327 1093372 722122 346286 756665 965787 233807 725330 551348 534913 413462 263760 363752 770093 777127 784330 1159427 1153748 639672 776760 883582 296529 710031 262468 421693 1 868483 675887 756281 748075 316885 825329 398413 900485 696785 632379 126182 861115 393684
 444612 900258 148528 888981 781509 129981 492811 712256 297261 802343 932948 286567 791466 802855 427772 714014 928212 495160 590435 680368 713385 338503 513074 310781 527410 653747 837414 350046 306266 368871 679620 249418 270615 448344 531565 235839 175261 932519 281190 681653 765346 745417 772450 521109 207464 437884 569555 423511 334979 640032 246677 565567 589039 450651 612790 450975 868483 1 423388 512193 560919 551915 923910 592025 934714 209276 682628 818527 368810 612476
 601425 721536 497432 779195 787390 348983 384738 855015 129871 673346 807439 690574 756805 858709 311332 870536 774303 83546 530257 576103 927578 728687 442622 404223 633462 956899 782163 397983 675823 244925 812648 232523 690899 55711 460827 532747 596212 837882 549716 796094 856024 776904 720217 471372 218052 103569 180947 845547 753856 808343 558090 868580 508495 47027 501589 404617 675887 423388 1 766252 800804 416792 1107425 284895 1146978 439529 838935 690341 706804 636377
 193673 760578 363781 669217 461840 465783 507830 257190 691019 637574 718536 360400 516889 416607 521544 244339 749569 849455 464259 545887 203736 311722 466967 365284 241642 202136 569994 384006 270067 545013 246884 538171 542799 815995 468191 278302 447946 681387 238543 270974 351496 409543 527349 443397 629940 836817 946878 500973 576740 180447 265525 129689 488185 811084 530125 444995 756281 512193 766252 1 50781 542639 416577 734782 422531 345259 221831 646255 190331 363523
 211662 749128 412755 650350 435695 509809 523350 214784 730564 626414 699177 409511 495346 381439 544170 199138 733819 883579 465826 541959 153380 359081 478291 397232 240583 191079 547669 411591 319901 573665 210288 575513 592494 851635 477376 326018 498685 658306 284467 237937 313758 383033 509563 452602 672439 874599 981725 544586 625215 141548 314483 138690 491493 846240 533320 462548 748075 560919 800804 50781 1 553589 366047 753458 374156 388223 179687 633907 239478 354543
 349706 351146 502465 371482 380302 421957 59293 513694 444344 269664 406615 681492 341667 465667 132656 536805 387537 476226 125515 160419 630804 683625 75673 268151 319629 742591 365373 223882 615455 210593 471477 331238 784497 470732 77550 462355 657776 427107 439787 444656 480936 380278 303853 101736 462616 519789 568477 867647 846522 495317 485551 670999 98010 459841 84855 116134 316885 551915 416792 542639 553589 1 765804 220905 823040 390175 510397 286941 595155 257274
 513934 804242 776774 666691 451565 859697 761002 255264 1060058 701110 703856 763945 526360 345101 811420 237143 760381 1186104 644927 676458 212912 706934 702606 712618 474655 378230 559000 710670 679090 864355 298316 900573 948084 1161822 691840 688072 862518 640678 643565 321709 296967 418042 563536 671245 1014404 1193824 1285448 868991 973199 301103 678868 423039 674647 1154382 708794 716652 825329 923910 1107425 416577 366047 765804 1 986437 82685 737701 268497 699388 597551 509217
 542494 445983 597680 524852 590996 472959 232327 733485 372561 419425 545143 795401 541473 682617 218099 755893 503888 312657 344925 349508 844672 813199 286202 397315 530881 936917 553059 362856 748221 234031 690966 342666 855944 326545 295034 588636 738239 585937 581682 664979 701330 597016 499917 316848 431403 382340 388169 974922 920696 710604 614884 858419 315956 314359 289458 290917 398413 592025 284895 734782 753458 220905 986437 1 1042440 497876 728556 435179 748148 478178
 546880 881105 786310 745200 526352 880945 813637 309435 1091526 775207 783444 752131 601628 420984 858740 286574 839005 1227244 705228 743548 224929 692277 756704 746406 519859 343749 636526 748996 672054 906698 351581 932907 934995 1200507 747449 700168 858435 721029 658202 379263 367446 489625 637416 725727 1040289 1229610 1326612 841335 954930 339679 688056 403360 734955 1193679 770877 765365 900485 934714 1146978 422531 374156 823040 82685 1042440 1 758671 314846 774324 591299 569148
 238595 722785 112654 694572 573402 122318 332441 511626 349229 615641 740597 299231 587056 593828 290743 516407 742777 522742 399982 494304 533818 315739 334995 122844 318460 522633 634789 167306 252385 266338 476502 207214 396588 484251 350759 95721 269038 734073 111781 475837 558125 536377 570997 335291 284681 498242 616194 482852 457377 443437 122244 433038 404230 481153 434600 276568 696785 209276 439529 345259 388223 390175 737701 497876 758671 1 484231 630880 268945 405591
 250515 623913 541134 507120 280506 604046 498911 35361 794046 505706 553590 577945 349962 207543 544759 32570 596985 917667 396712 448252 134299 532508 442453 446431 206532 325821 398244 442540 485913 595978 46432 634487 757185 893374 433973 450612 652691 504333 403112 81188 137019 229765 374235 411712 752613 925865 1017027 722689 795071 44196 447533 306963 426117 885898 464285 450829 632379 682628 838935 221831 179687 510397 268497 728556 314846 484231 1 509401 409250 262494
 488523 115540 741122 89866 248018 690879 339147 493057 730383 17301 119679 891268 173035 354304 418572 521665 112453 738230 230901 138161 643530 876715 306336 511715 409377 818479 149188 469681 810119 497368 462978 615325 1024183 741329 287256 678886 896806 150759 642784 428217 408841 287673 137812 297799 748796 793821 821352 1074175 1082009 519188 696429 771223 229490 729685 209564 368472 126182 818527 690341 646255 633907 286941 699388 435179 774324 630880 509401 1 765904 283298
 277455 874678 228227 805359 620018 366167 546352 444382 607220 754242 854876 170096 663507 592306 531011 433660 875810 789498 552843 645779 386295 124394 523903 350837 362584 285580 716908 387086 81542 526138 428397 475463 353173 749258 532290 174140 267158 827649 167214 447248 532122 570087 664830 509588 530607 758039 880748 322147 386532 366159 148769 199261 569728 747015 609291 481555 861115 368810 706804 190331 239478 595155 597551 748148 591299 268945 409250 765904 1 488559
 212954 397114 504301 316844 170510 498624 260520 260307 624009 274130 366329 626564 184239 222610 325467 285445 389607 707477 136103 190422 392091 604565 200238 308632 127027 543166 235303 280245 540239 394410 219712 473613 776695 692086 186305 427711 652652 342741 385069 189951 225372 144186 177521 169040 608490 733616 804692 804353 829672 257342 440188 490004 165845 682732 202318 232009 393684 612476 636377 363523 354543 257274 509217 478178 569148 405591 262494 283298 488559 1
LAMBDA_SECTION
1 701
2 336
3 152
4 167
5 864
6 37
7 701
8 881
9 685
10 538
11 314
12 338
13 34
14 322
15 241
16 187
17 322
18 298
19 35
20 194
21 132
22 489
23 232
24 506
25 961
26 185
27 557
28 393
29 695
30 91
31 848
32 90
33 253
34 947
35 712
36 268
37 895
38 425
39 648
40 741
41 254
42 704
43 725
44 545
45 490
46 567
47 770
48 284
49 266
50 180
51 565
52 850
53 730
54 808
55 635
56 415
57 373
58 647
59 859
60 402
61 891
62 416
63 456
64 515
65 927
66 34
67 866
68 788
69 790
70 568
