NAME : domp50p12v10
COMMENT : Cherkesly, Contardo & Gruson 2022
TYPE : DOMP
DIMENSION : 50
DISPLAY_DATA_TYPE : NO_DISPLAY
OPEN_FACILITIES : 12
COST_SECTION
 1 185520 361211 234074 284085 256168 289739 475452 611354 682702 702423 450248 584269 349340 600417 722481 272506 726825 439187 414131 376287 333635 297883 436390 482286 133969 746607 577251 631317 701532 226221 566904 720120 543931 433441 689431 463659 729518 443200 375205 429270 324108 465195 274496 376504 200868 235493 162295 440101 356487
 185520 1 510951 233451 407582 282899 426710 417829 796190 760510 840073 631324 766501 391484 785094 905973 440723 898339 614499 547976 526158 512375 279768 311637 331929 146844 923539 631733 800475 834572 411260 751237 781108 725521 430333 726038 576848 866077 275099 496785 500223 147718 606506 456662 372857 354121 383006 183899 299745 527573
 361211 510951 1 354697 121801 313145 89369 517306 467864 401132 342107 222089 488957 657783 463060 472243 110129 403187 167296 578427 511974 366340 647203 603715 682200 372236 444445 363975 303420 343257 275598 444439 463997 296057 397494 485207 157877 369411 685463 96548 694535 605048 596152 318566 376214 160988 443334 348465 632086 422369
 234074 233451 354697 1 233494 53439 265931 243554 753688 530430 646228 537746 746146 570164 744984 811719 331478 757767 500660 643535 599096 521955 487558 256388 329634 109927 797972 398538 658055 636079 396866 716214 547990 627982 207280 493663 371138 670322 331646 305914 659949 267723 690613 456803 148523 239626 464404 72510 279771 559023
 284085 407582 121801 233494 1 191386 37507 404844 562980 407510 432492 325867 572317 615437 556439 589472 139172 524363 279050 587216 526311 400560 581419 482117 560401 263041 566207 326653 424715 427456 284410 533115 455143 409081 293863 448456 179575 458550 564898 91840 671445 489382 616792 340813 263656 101235 427808 234157 510285 452028
 256168 282899 313145 53439 191386 1 226288 242302 731406 478502 594670 507161 728929 601371 723342 777624 303351 714698 466073 654415 605705 515996 526927 290885 369234 148165 757583 349280 615294 583972 389955 696088 498468 595056 177408 448875 318879 618476 378725 256994 685424 320643 698075 450783 121635 216489 476653 106923 319119 557111
 289739 426710 89369 265931 37507 226288 1 442351 525993 418016 416040 288360 536524 609874 519587 552743 106011 492400 241918 566277 503672 372488 584192 517159 594428 285187 532186 348643 392604 413254 260833 496675 470426 371875 330630 471298 180181 442697 596230 90929 659867 516254 592986 314820 301148 92926 412690 259763 544348 425319
 475452 417829 517306 243554 404844 242302 442351 1 964978 499729 717697 730708 967354 796350 957688 989368 535226 896444 682335 887004 842401 758239 696338 185373 264737 343852 949719 352504 801113 699218 632210 932144 481292 812298 131654 389583 456247 736006 327041 434635 893958 358448 934077 693000 141410 455156 707816 313404 229618 798585
 611354 796190 467864 753688 562980 731406 525993 964978 1 813737 587467 246844 75665 681535 12825 207197 429873 370926 306594 443513 391816 297982 759676 1007568 1071682 710844 323722 819846 354628 610029 385134 48364 888314 204629 856600 935045 603237 606964 1047192 564113 635821 934160 406759 342285 825088 515435 470599 711201 1024152 312540
 682702 760510 401132 530430 407510 478502 418016 499729 813737 1 302103 579290 854884 1022491 812993 730719 504855 564048 518166 977503 912009 767392 979427 672755 757908 618273 635506 147785 500856 274882 671745 804537 77589 610779 384655 167410 244487 306326 804576 328295 1077674 785429 997184 718786 422255 507588 830483 578195 715494 823493
 702423 840073 342107 646228 432492 594670 416040 717697 587467 302103 1 399882 645184 991077 590455 457800 444353 272607 351625 869824 800990 645240 988736 859452 944970 694987 346148 398910 235997 28044 592601 592810 376953 387870 586666 466467 276660 27494 969620 344642 1013979 912960 870862 618208 598795 501559 765292 663586 896667 700077
 450248 631324 222089 537746 325867 507161 288360 730708 246844 579290 399882 1 276783 642820 242958 277512 206567 294442 61537 478244 410100 256422 678098 794074 865627 518201 300007 574298 215482 416100 251130 228230 651321 94300 616307 691219 358044 424620 853820 317802 640773 753710 473238 248893 589461 300257 407925 508517 816312 307506
 584269 766501 488957 746146 572317 728929 536524 967354 75665 854884 645184 276783 1 621015 65502 282861 434587 441914 338319 375055 327920 256298 707030 995979 1055766 693133 397852 849142 417010 666354 360658 52389 927684 257424 865524 967298 633772 666111 1025617 585330 568442 908371 334740 310007 829710 512762 420935 697834 1009489 259160
 349340 391484 657783 570164 615437 601371 609874 796350 681535 1022491 991077 642820 621015 1 668711 860012 549268 936260 663626 263870 294150 401945 136211 702747 713822 460432 930538 924953 856644 996607 402212 633736 1065180 718889 776379 1038553 790055 1018518 643258 700639 117809 518232 324099 393980 718035 517382 234896 498507 687655 371227
 600417 785094 463060 744984 556439 723342 519587 957688 12825 812993 590455 242958 65502 668711 1 217913 422469 378119 303311 430952 379046 285660 747024 998469 1062090 700919 332546 816805 358735 612666 374223 35747 887240 205603 850212 932603 600272 610351 1036969 559460 623159 923476 394609 330644 818056 507157 458012 701768 1014693 299777
 722481 905973 472243 811719 589472 777624 552743 989368 207197 730719 457800 277512 282861 860012 217913 1 482666 196022 311564 639573 581704 459408 920895 1067265 1140871 795706 130579 773410 230052 484354 507458 244729 808235 184278 867023 875418 565708 470628 1131087 557657 827968 1030943 608674 483648 848427 576778 633942 785593 1091255 490097
 272506 440723 110129 331478 139172 303351 106011 535226 429873 504855 444353 206567 434587 549268 422469 482666 1 457699 176206 472658 407562 269259 545744 587865 659068 316159 484439 450066 360421 448163 167230 397260 563482 298390 431003 572879 260458 471842 648786 180537 584413 553184 494483 215115 395961 94149 333239 303198 609747 323515
 726825 898339 403187 757767 524363 714698 492400 896444 370926 564048 272607 294442 441914 936260 378119 196022 457699 1 288550 752346 687131 541351 971513 1003521 1083816 768662 73632 631241 99805 300346 544454 393406 641184 221320 766995 720092 444729 281369 1088625 465722 927134 1004746 734678 542432 760609 546069 701540 748934 1033722 586117
 439187 614499 167296 500660 279050 466073 241918 682335 306594 518166 351625 61537 338319 663626 303311 311564 176206 288550 1 518899 450123 294395 687012 755812 830163 492356 309074 513506 197073 365576 262838 289606 589917 130084 564508 629941 297036 377440 823603 261041 671620 729389 519402 274343 540936 269547 430086 478328 780396 348659
 414131 547976 578427 643535 587216 654415 566277 887004 443513 977503 869824 478244 375055 263870 430952 639573 472658 752346 518899 1 68836 224603 379222 844005 878003 548097 730880 913714 689775 882078 306312 398519 1035186 531599 828211 1035670 733053 896000 822542 651528 193623 694079 62935 260190 775528 488662 179234 574156 841305 170823
 376287 526158 511974 599096 526311 605705 503672 842401 391816 912009 800990 410100 327920 294150 379046 581704 407562 687131 450123 68836 1 155781 392901 811626 851358 509307 668188 852035 622505 813263 242850 345108 970897 465956 776754 974405 667531 827173 801071 587358 246264 673759 92608 193412 725736 429519 143846 531928 812222 102634
 333635 512375 366340 521955 400560 515996 372488 758239 297982 767392 645240 256422 256298 401945 285660 459408 269259 541351 294395 224603 155781 1 464773 760120 813251 452518 530007 719313 470912 657711 126044 250034 829738 320711 674822 842131 523958 671397 776835 449165 386068 656378 231399 65283 629563 313574 175510 464169 769007 56585
 297883 279768 647203 487558 581419 526927 584192 696338 759676 979427 988736 678098 707030 136211 747024 920895 545744 971513 687012 379222 392901 464773 1 584711 587785 379268 975839 867944 884005 990448 427129 711315 1013682 763184 694283 974615 760845 1016153 513715 671852 253935 392003 441900 438226 635505 492281 289547 420159 565480 448331
 436390 311637 603715 256388 482117 290885 517159 185373 1007568 672755 859452 794074 995979 702747 998469 1067265 587865 1003521 755812 844005 811626 760120 584711 1 86294 307944 1048091 525136 904566 844363 639063 968694 661622 883882 288539 573690 585284 880589 142130 539901 811729 202798 898559 696405 261892 495679 668794 298222 44276 789915
 482286 331929 682200 329634 560401 369234 594428 264737 1071682 757908 944970 865627 1055766 713822 1062090 1140871 659068 1083816 830163 878003 851358 813251 587785 86294 1 362675 1126499 610168 984492 930158 695923 1031218 744763 956856 374260 654310 670181 966313 85543 622156 827121 195919 935122 751060 348070 565574 707533 360765 50118 838751
 133969 146844 372236 109927 263041 148165 285187 343852 710844 618273 694987 518201 693133 460432 700919 795706 316159 768662 492356 548097 509307 452518 379268 307944 362675 1 799822 495139 669470 688765 333344 669443 643548 611984 317056 596993 430037 720731 337749 350851 552102 237102 598857 389322 258366 223515 369394 41335 317053 482139
 746607 923539 444445 797972 566207 757583 532186 949719 323722 635506 346148 300007 397852 930538 332546 130579 484439 73632 309074 730880 668188 530007 975839 1048091 1126499 799822 1 697384 149649 373832 550164 352916 712842 212878 821890 789570 503776 354957 1126547 515772 912205 1036884 707557 539944 811741 576319 697614 783254 1076396 569905
 577251 631733 363975 398538 326653 349280 348643 352504 819846 147785 398910 574298 849142 924953 816805 773410 450066 631241 513506 913714 852035 719313 867944 525136 610168 495139 697384 1 551340 375359 609320 802173 149469 626631 237507 122826 216622 411191 657965 271690 991767 644409 941623 663233 278330 426749 753006 453991 568027 773165
 631317 800475 303420 658055 424715 615294 392604 801113 354628 500856 235997 215482 417010 856644 358735 230052 360421 99805 197073 689775 622505 470912 884005 904566 984492 669470 149649 551340 1 260668 458639 365196 578414 165935 672727 648364 354230 253481 988833 368281 856123 905282 679014 463441 663982 447370 621933 649307 934386 520012
 701532 834572 343257 636079 427456 583972 413254 699218 610029 274882 28044 416100 666354 996607 612666 484354 448163 300346 365576 882078 813263 657711 990448 844363 930158 688765 373832 375359 260668 1 600316 613967 349351 408937 568687 439900 265108 36805 956904 337915 1022618 903445 884892 628309 583010 500843 772951 656306 882221 713026
 226221 411260 275598 396866 284410 389955 260833 632210 385134 671745 592601 251130 360658 402212 374223 507458 167230 544454 262838 306312 242850 126044 427129 639063 695923 333344 550164 609320 458639 600316 1 340893 728875 338643 550068 731811 427532 619858 665098 345217 422755 549496 332496 60918 503923 191140 172703 341432 650333 170687
 566904 751237 444439 716214 533115 696088 496675 932144 48364 804537 592810 228230 52389 633736 35747 244729 397260 393406 289606 398519 345108 250034 711315 968694 1031218 669443 352916 802173 365196 613967 340893 1 877799 205036 826943 919445 586173 613793 1004772 540985 589988 890377 364429 295961 793220 479622 422270 671369 984120 264278
 720120 781108 463997 547990 455143 498468 470426 481292 888314 77589 376953 651321 927684 1065180 887240 808235 563482 641184 589917 1035186 970897 829738 1013682 661622 744763 643548 712842 149469 578414 349351 728875 877799 1 686131 379307 108242 306128 379291 798305 383665 1126350 791653 1057794 778527 424887 556349 882364 602545 705383 885334
 543931 725521 296057 627982 409081 595056 371875 812298 204629 610779 387870 94300 257424 718889 205603 184278 298390 221320 130084 531599 465956 320711 763184 883882 956856 611984 212878 626631 165935 408937 338643 205036 686131 1 693534 738074 411199 409208 946884 387208 706039 847805 516524 327149 670918 392501 485229 601352 907315 364798
 433441 430333 397494 207280 293863 177408 330630 131654 856600 384655 586666 616307 865524 776379 850212 867023 431003 766995 564508 828211 776754 674822 694283 288539 374260 317056 821890 237507 672727 568687 550068 826943 379307 693534 1 303936 325050 605432 420542 309548 862589 415713 869358 610671 58803 362201 651810 277953 330928 720348
 689431 726038 485207 493663 448456 448875 471298 389583 935045 167410 466467 691219 967298 1038553 932603 875418 572879 720092 629941 1035670 974405 842131 974615 573690 654310 596993 789570 122826 648364 439900 731811 919445 108242 738074 303936 1 333552 472540 713470 394124 1109262 719471 1064212 785990 356604 547820 873225 555685 617903 895984
 463659 576848 157877 371138 179575 318879 180181 456247 603237 244487 276660 358044 633772 790055 600272 565708 260458 444729 297036 733053 667531 523958 760845 585284 670181 430037 503776 216622 354230 265108 427532 586173 306128 411199 325050 333552 1 299848 692990 89609 838092 638721 753033 474360 327568 272854 588861 395216 621395 579795
 729518 866077 369411 670322 458550 618476 442697 736006 606964 306326 27494 424620 666111 1018518 610351 470628 471842 281369 377440 896000 827173 671397 1016153 880589 966313 720731 354957 411191 253481 36805 619858 613793 379291 409208 605432 472540 299848 1 992347 370080 1041050 937399 896371 645035 619386 528651 792536 688939 918264 726052
 443200 275099 685463 331646 564898 378725 596230 327041 1047192 804576 969620 853820 1025617 643258 1036969 1131087 648786 1088625 823603 822542 801071 776835 513715 142130 85543 337749 1126547 657965 988833 956904 665098 1004772 798305 946884 420542 713470 692990 992347 1 635717 758486 128679 881481 716991 384568 554660 657633 345590 98557 797453
 375205 496785 96548 305914 91840 256994 90929 434635 564113 328295 344642 317802 585330 700639 559460 557657 180537 465722 261041 651528 587358 449165 671852 539901 622156 350851 515772 271690 368281 337915 345217 540985 383665 387208 309548 394124 89609 370080 635717 1 750364 570032 674925 395558 295969 183315 502265 318945 572339 503884
 429270 500223 694535 659949 671445 685424 659867 893958 635821 1077674 1013979 640773 568442 117809 623159 827968 584413 927134 671620 193623 246264 386068 253935 811729 827121 552102 912205 991767 856123 1022618 422755 589988 1126350 706039 862589 1109262 838092 1041050 758486 750364 1 632273 243528 397546 805284 570490 251289 587454 798977 342323
 324108 147718 605048 267723 489382 320643 516254 358448 934160 785429 912960 753710 908371 518232 923476 1030943 553184 1004746 729389 694079 673759 656378 392003 202798 195919 237102 1036884 644409 905282 903445 549496 890377 791653 847805 415713 719471 638721 937399 128679 570032 632273 1 753272 598499 366773 460567 530714 256584 175968 673993
 465195 606506 596152 690613 616792 698075 592986 934077 406759 997184 870862 473238 334740 324099 394609 608674 494483 734678 519402 62935 92608 231399 441900 898559 935122 598857 707557 941623 679014 884892 332496 364429 1057794 516524 869358 1064212 753033 896371 881481 674925 243528 753272 1 279375 818252 521023 230030 622744 897384 174815
 274496 456662 318566 456803 340813 450783 314820 693000 342285 718786 618208 248893 310007 393980 330644 483648 215115 542432 274343 260190 193412 65283 438226 696405 751060 389322 539944 663233 463441 628309 60918 295961 778527 327149 610671 785990 474360 645035 716991 395558 397546 598499 279375 1 564801 250534 159129 399718 706243 111392
 376504 372857 376214 148523 263656 121635 301148 141410 825088 422255 598795 589461 829710 718035 818056 848427 395961 760609 540936 775528 725736 629563 635505 261892 348070 258366 811741 278330 663982 583010 503923 793220 424887 670918 58803 356604 327568 619386 384568 295969 805284 366773 818252 564801 1 320067 598115 219529 301397 673211
 200868 354121 160988 239626 101235 216489 92926 455156 515435 507588 501559 300257 512762 517382 507157 576778 94149 546069 269547 488662 429519 313574 492281 495679 565574 223515 576319 426749 447370 500843 191140 479622 556349 392501 362201 547820 272854 528651 554660 183315 570490 460567 521023 250534 320067 1 326717 209086 516443 361599
 235493 383006 443334 464404 427808 476653 412690 707816 470599 830483 765292 407925 420935 234896 458012 633942 333239 701540 430086 179234 143846 175510 289547 668794 707533 369394 697614 753006 621933 772951 172703 422270 882364 485229 651810 873225 588861 792536 657633 502265 251289 530714 230030 159129 598115 326717 1 394927 668624 162172
 162295 183899 348465 72510 234157 106923 259763 313404 711201 578195 663586 508517 697834 498507 701768 785593 303198 748934 478328 574156 531928 464169 420159 298222 360765 41335 783254 453991 649307 656306 341432 671369 602545 601352 277953 555685 395216 688939 345590 318945 587454 256584 622744 399718 219529 209086 394927 1 312954 497658
 440101 299745 632086 279771 510285 319119 544348 229618 1024152 715494 896667 816312 1009489 687655 1014693 1091255 609747 1033722 780396 841305 812222 769007 565480 44276 50118 317053 1076396 568027 934386 882221 650333 984120 705383 907315 330928 617903 621395 918264 98557 572339 798977 175968 897384 706243 301397 516443 668624 312954 1 796061
 356487 527573 422369 559023 452028 557111 425319 798585 312540 823493 700077 307506 259160 371227 299777 490097 323515 586117 348659 170823 102634 56585 448331 789915 838751 482139 569905 773165 520012 713026 170687 264278 885334 364798 720348 895984 579795 726052 797453 503884 342323 673993 174815 111392 673211 361599 162172 497658 796061 1
LAMBDA_SECTION
1 522
2 147
3 458
4 764
5 488
6 777
7 897
8 168
9 72
10 31
11 591
12 168
13 335
14 181
15 540
16 245
17 365
18 523
19 243
20 971
21 89
22 732
23 883
24 387
25 595
26 43
27 774
28 153
29 444
30 276
31 683
32 274
33 598
34 319
35 880
36 723
37 834
38 511
39 373
40 924
41 832
42 50
43 429
44 718
45 947
46 839
47 124
48 425
49 880
50 685
