NAME : domp60p15v5
COMMENT : Cherkesly, Contardo & Gruson 2022
TYPE : DOMP
DIMENSION : 60
DISPLAY_DATA_TYPE : NO_DISPLAY
OPEN_FACILITIES : 15
COST_SECTION
 1 723729 656928 520569 783275 841168 965829 506942 843479 606916 973934 783219 921691 627434 338747 422961 637017 992580 851364 290572 932169 728733 865726 807162 362613 788321 908567 900808 806109 775602 830193 850867 396412 726470 598352 803382 868119 230019 1126996 292036 518126 198907 712923 140441 1116078 1027712 342499 556428 719292 500592 709279 745282 345825 904055 800525 687929 629561 609051 434392 760676
 723729 1 250173 322495 449023 117441 330497 271821 358600 118416 524720 169205 261130 150400 595698 431443 188791 282369 276765 611268 420853 559839 261093 644716 734774 101203 233352 327034 353225 413076 309724 692087 330680 414570 127520 418215 144476 494121 483652 614202 738560 527455 198843 623789 521959 382892 491553 230057 263950 512839 238043 96213 665414 815574 202690 418709 447934 598009 292236 457222
 656928 250173 1 455980 218188 318232 576724 384226 196892 244143 769870 417558 287030 333335 655381 522441 70034 494362 525896 652056 668961 751809 511257 844440 790391 349968 474855 577029 589329 186876 174326 895010 293020 172094 205855 202949 334491 454096 722002 655538 843217 490480 75562 600852 768910 624936 547883 371728 487864 637779 53818 343666 723536 1011417 162314 616662 199981 750474 316584 218480
 520569 322495 455980 1 671919 419409 456332 72826 633158 230034 465046 292000 582580 173295 289435 121879 390193 521298 337008 316925 412449 312366 356542 408097 423413 332039 420184 383142 286875 642433 592335 459966 256314 619854 258980 658805 445323 316076 612696 319137 416221 333294 453826 388474 595828 517384 201319 93909 200465 192053 480403 285304 355719 566253 502378 201992 594632 294789 181569 667423
 783275 449023 218188 671919 1 482825 755445 599510 146135 461812 973666 617846 358100 550218 848124 729314 287641 641430 724041 837735 868644 969996 704674 1062564 977183 541328 650475 771535 799374 36691 185185 1113053 478923 58825 423936 47979 489903 615992 884188 841290 1046133 650194 250248 759050 945110 795368 743950 589541 701420 849174 211703 545230 913360 1229591 278618 834591 159504 965381 519843 29332
 841168 117441 318232 419409 482825 1 273187 378284 363920 235225 515167 180797 199990 247598 702058 535103 272408 178014 265453 720840 405033 614343 237993 690504 839827 99651 168180 302861 372443 446182 313260 733955 447599 460978 244066 443753 27382 611544 406074 723639 830485 644785 249134 740225 462314 313167 600657 331963 309949 603460 287708 139678 770926 860257 205787 475556 516993 674335 409218 497409
 965829 330497 576724 456332 755445 273187 1 458889 635938 403229 277138 189712 449616 346925 735117 574812 518901 166484 121288 768980 172898 493237 100356 539834 856568 229399 105037 93649 227375 718762 585547 570624 610508 730858 434147 716904 270358 743089 163579 770816 794907 769068 514832 840781 192192 61889 657164 409675 259690 585679 554539 251321 794488 694282 478963 386076 776382 603471 546443 769047
 506942 271821 384226 72826 599510 378284 458889 1 564431 167226 507842 278918 527076 133005 324310 159959 319413 500295 345557 342852 442311 383113 358807 478673 463054 300793 406837 396747 320941 570347 525007 530494 194670 547171 191593 587165 405214 287089 620346 345587 475255 310901 385481 384298 615121 520770 222663 50856 220162 257030 410454 254175 393769 638488 439225 264737 522405 366269 117878 594734
 843479 358600 196892 633158 146135 363920 635938 564431 1 406004 872967 520140 214641 485998 850531 711661 248301 508662 620986 848497 764508 910286 597482 998731 986465 437910 531392 663872 710616 117052 50805 1047357 489905 162270 374222 98302 365798 648968 753937 851965 1033370 685140 179364 795722 821372 670306 742494 542658 621982 821305 156009 451939 919183 1168886 160918 770393 269163 926888 510257 171819
 606916 118416 244143 230034 461812 235225 403229 167226 406004 1 543356 216096 361480 90143 485268 325870 174248 389757 318430 497576 451597 509401 315018 601083 624935 188466 320657 373445 355579 429117 363419 651364 218197 415791 39894 441725 262475 376972 564904 500626 642306 409779 227140 505375 586723 461806 378940 137321 249379 421521 257716 153387 555451 769120 272682 372815 418725 521434 173994 462533
 973934 524720 769870 465046 973666 515167 277138 507842 872967 543356 1 355876 709535 457671 674437 551011 702519 443548 251983 718882 110689 314773 277191 317904 764344 435374 361856 213299 190991 937591 822298 331829 698830 938443 582521 941529 521524 780902 311585 719496 656968 796225 723560 835377 227931 289935 633011 474338 299508 499911 762696 428586 716184 443851 712050 288232 959325 456982 622900 981773
 783219 169205 417558 292000 617846 180797 189712 278918 520140 216096 355876 1 380077 158181 580886 413876 352690 230307 108449 608760 251756 435891 99207 509972 711959 84656 128760 161220 193803 581730 469885 553164 420836 583715 249859 585808 197770 557419 353129 611028 678522 585002 367887 663195 370653 250345 491455 228226 134001 454569 407216 73894 645678 679509 359793 299601 612379 507635 357919 626409
 921691 261130 287030 582580 358100 199990 449616 527076 214641 361480 709535 380077 1 411492 846442 686785 286217 304424 463419 856684 598855 809332 433995 888291 986144 296611 350177 496239 572424 325058 173396 932641 530345 359430 348009 311354 188701 701762 549636 859843 998781 737809 216007 843687 624925 474368 739380 489181 505408 773683 234956 328994 916682 1058595 125526 668998 449226 857854 518767 381032
 627434 150400 333335 173295 550218 247598 346925 133005 485998 90143 457671 158181 411492 1 454842 287532 263304 369272 246924 475436 370846 424614 250769 514634 592266 167936 281151 301877 268064 516897 440760 564332 264626 505296 129922 528256 274091 400119 510501 478110 588611 428684 309783 511792 520237 408108 355354 84592 160481 362533 343111 121610 523449 683864 341678 285874 508180 449768 199756 551812
 338747 595698 655381 289435 848124 702058 735117 324310 850531 485268 674437 580886 846442 454842 1 168247 603939 810639 613860 48827 656484 398238 637769 470818 139703 619659 708352 653116 534186 826602 818872 513040 369228 790086 500082 849191 728779 267092 883364 48099 214499 248772 679774 205379 850383 794285 108609 370263 475518 175741 695185 572693 70270 566795 748013 388291 727846 270861 340688 834962
 422961 431443 522441 121879 729314 535103 574812 159959 711661 325870 551011 413876 686785 287532 168247 1 463465 643056 454273 195317 514542 330144 475813 421154 304735 451474 541984 497445 388788 703562 675460 471117 264568 673524 346041 723336 561620 250368 728132 197446 321716 255663 535157 284618 704182 635213 84427 203192 315902 127660 555803 404521 236019 558039 595514 265586 629218 256310 209656 720365
 637017 188791 70034 390193 287641 272408 518901 319413 248301 174248 702519 352690 286217 263304 603939 463465 1 450421 461126 604457 603091 682656 448355 774963 741133 289934 419522 513304 520472 255412 214991 825415 253621 242086 136384 269538 292345 422463 669038 607867 785141 458944 78499 567706 710639 569794 495533 303803 418239 575109 92342 278992 673156 942348 163509 546958 259863 684982 263253 288509
 992580 282369 494362 521298 641430 178014 166484 500295 508662 389757 443548 230307 304424 369272 810639 643056 450421 1 240562 837205 337551 632487 206355 690272 942261 204263 109512 244545 364305 605470 460562 725310 607898 627011 408153 598467 159875 762974 245771 839582 904541 793843 422779 880819 322031 173953 718712 449710 353399 683006 459811 248298 875865 850879 364230 508811 691325 725136 558505 659358
 851364 276765 525896 337008 724041 265453 121288 345557 620986 318430 251983 108449 463419 246924 613860 454273 461126 240562 1 648015 144622 391994 34429 451437 735597 183660 134299 55206 123972 687723 570316 488822 510675 691248 354423 690665 274788 632235 276159 649814 678060 656423 474727 723701 273674 180953 537111 298273 138597 465508 514296 182295 673261 615313 460069 272601 720759 490655 441841 733425
 290572 611268 652056 316925 837735 720840 768980 342852 848497 497576 718882 608760 856684 475436 48827 195317 604457 837205 648015 1 697171 446581 670517 519644 139462 642316 737095 689240 573595 817957 819217 561795 361061 779235 508778 841526 747881 239598 919939 3561 248233 216495 681614 159739 890211 828897 120205 391169 509419 222364 694376 595389 79211 613994 753744 431578 711365 319598 342609 823104
 932169 420853 668961 412449 868644 405033 172898 442311 764508 451597 110689 251756 598855 370846 656484 514542 603091 337551 144622 697171 1 346813 167352 377897 761804 328083 251574 102636 126126 832338 713756 403747 625265 835421 489588 835230 410934 725802 249457 698315 674683 745221 619185 797240 194969 198592 598831 402163 222974 489082 658681 325505 706693 524977 603659 272597 861955 475265 551588 877859
 728733 559839 751809 312366 969996 614343 493237 383113 910286 509401 314773 435891 809332 424614 398238 330144 682656 632487 391994 446581 346813 1 426133 95745 462771 514810 524715 399791 269020 938057 864215 147614 565433 921324 546282 951124 633247 580383 596208 446209 342971 583328 734301 588893 531252 536471 394155 381914 304470 228155 766777 480397 424505 259730 761357 141156 904828 145515 492927 968687
 865726 261093 511257 356542 704674 237993 100356 358807 597482 315018 277191 99207 433995 250769 637769 475813 448355 206355 34429 670517 167352 426133 1 485836 761795 163466 99912 66881 158388 668173 546700 523020 515367 673947 349065 669942 245354 643787 261947 672435 708394 669300 456757 740426 271801 162118 557651 309917 162791 493422 496560 170247 698511 649443 436754 304995 708191 522784 449124 715164
 807162 644716 844440 408097 1062564 690504 539834 478673 998731 601083 317904 509972 888291 514634 470818 421154 774963 690272 451437 519644 377897 95745 485836 1 515227 591890 585736 448945 327929 1030178 951831 51871 660934 1014668 638628 1042537 707558 670347 621479 518819 375390 671226 824283 668749 544982 575455 479964 476091 383617 310317 857651 560896 486856 170925 847199 228768 1000000 201526 588638 1061923
 362613 734774 790391 423413 977183 839827 856568 463054 986465 624935 764344 711959 986144 592266 139703 304735 741133 942261 735597 139462 761804 462771 761795 515227 1 755301 837793 770592 644889 957389 956111 548172 500281 918666 639651 980883 866354 373823 998322 135911 163121 346657 817626 263768 956764 913962 247575 507877 599055 273579 831756 708452 69487 571564 887180 489221 849665 318729 478149 962442
 788321 101203 349968 332039 541328 99651 229399 300793 437910 188466 435374 84656 296611 167936 619659 451474 289934 204263 183660 642316 328083 514810 163466 591890 755301 1 135062 230265 278458 504871 387379 636030 406157 510648 212439 507196 120657 558773 384550 644906 736941 589584 293381 677538 420757 282856 522505 251289 210360 510291 333220 46980 687201 762035 277091 375906 548646 576213 354363 551701
 908567 233352 474855 420184 650475 168180 105037 406837 531392 320657 361856 128760 350177 281151 708352 541984 419522 109512 134299 737095 251574 524715 99912 585736 837793 135062 1 150481 258101 613796 480897 622804 535918 626496 346994 611870 166525 681006 250300 739320 795847 709835 411148 790781 295664 150325 620127 356006 244613 575547 450702 168017 772269 749134 373966 399425 674815 615625 478535 664285
 900808 327034 577029 383142 771535 302861 93649 396747 663872 373445 213299 161220 496239 301877 653116 497445 513304 244545 55206 689240 102636 399791 66881 448945 770592 230265 150481 1 134048 735042 613075 481847 565190 740535 409153 736807 308318 683813 230776 690867 703415 707141 523425 771312 219589 144304 581174 350573 182688 498057 563197 234388 710143 606841 503268 293844 773146 510555 495656 781920
 806109 353225 589329 286875 799374 372443 227375 320941 710616 355579 190991 193803 572424 268064 534186 388788 520472 364305 123972 573595 126126 269020 158388 327929 644889 278458 258101 134048 1 764060 660886 366716 509175 760272 395219 770738 386303 601471 353934 574873 570575 620038 549772 671131 316639 276975 473159 284532 108609 371314 587703 258677 587139 493467 551420 160835 773787 376580 433840 805057
 775602 413076 186876 642433 36691 446182 718762 570347 117052 429117 937591 581730 325058 516897 826602 703562 255412 605470 687723 817957 832338 938057 668173 1030178 957389 504871 613796 735042 764060 1 151671 1080473 457609 52807 391776 28652 453422 600555 847889 821502 1021974 635394 214490 745072 908480 758802 721351 558577 666829 821918 176426 509287 892701 1197757 242222 801895 163952 936565 494679 55983
 830193 309724 174326 592335 185185 313260 585547 525007 50805 363419 822298 469885 173396 440760 818872 675460 214991 460562 570316 819217 713756 864215 546700 951831 956111 387379 480897 613075 660886 151671 1 1000103 464304 188071 333643 139392 315610 628069 705344 822641 996969 664509 140304 774733 771565 620610 710409 500652 573530 782012 125599 402256 888141 1122260 110294 723883 286198 884851 478210 207639
 850867 692087 895010 459966 1113053 733955 570624 530494 1047357 651364 331829 553164 932641 564332 513040 471117 825415 725310 488822 561795 403747 147614 523020 51871 548172 636030 622804 481847 366716 1080473 1000103 1 712666 1065516 689158 1092506 750133 719556 641216 560777 401060 719505 873696 713398 559648 602331 527692 527420 429554 357466 907441 606594 524517 126782 894744 278608 1051651 242202 640480 1112715
 396412 330680 293020 256314 478923 447599 610508 194670 489905 218197 698830 420836 530345 264626 369228 264568 253621 607898 510675 361061 625265 565433 515367 660934 500281 406157 535918 565190 509175 457609 464304 712666 1 421007 203551 480702 474128 171465 773964 364587 570076 207467 332105 314609 784330 671100 265704 224652 403045 391645 338709 367956 435111 812092 413927 457241 366126 518283 76823 466268
 726470 414570 172094 619854 58825 460978 730858 547171 162270 415791 938443 583715 359430 505296 790086 673524 242086 627011 691248 779235 835421 921324 673947 1014668 918666 510648 626496 740535 760272 52807 188071 1065516 421007 1 376978 81344 471070 557187 866160 782791 989176 591435 217306 700396 922132 774032 686355 539769 659734 794512 177437 510202 855052 1180541 263222 787580 111280 912206 463880 47573
 598352 127520 205855 258980 423936 244066 434147 191593 374222 39894 582521 249859 348009 129922 500082 346041 136384 408153 354423 508778 489588 546282 349065 638628 639651 212439 346994 409153 395219 391776 333643 689158 203551 376978 1 405313 270582 369671 594275 511958 665805 403931 194864 504031 620118 491464 392249 169094 289241 448452 222855 182839 570336 805985 249518 410829 378878 552831 173051 423910
 803382 418215 202949 658805 47979 443753 716904 587165 98302 441725 941529 585808 311354 528256 849191 723336 269538 598467 690665 841526 835230 951124 669942 1042537 980883 507196 611870 736807 770738 28652 139392 1092506 480702 81344 405313 1 449303 626224 842284 845064 1042743 661273 221427 771180 905417 755089 743353 573340 675441 840319 185380 514217 915752 1210844 238186 813923 192254 953392 515183 75166
 868119 144476 334491 445323 489903 27382 270358 405214 365798 262475 521524 197770 188701 274091 728779 561620 292345 159875 274788 747881 410934 633247 245354 707558 866354 120657 166525 308318 386303 453422 315610 750133 474128 471070 270582 449303 1 638584 395165 750667 855226 671919 263199 767563 456318 305788 627686 358574 329439 628249 300749 163380 797528 876689 211358 495449 531756 696826 436465 505819
 230019 494121 454096 316076 615992 611544 743089 287089 648968 376972 780902 557419 701762 400119 267092 250368 422463 762974 632235 239598 725802 580383 643787 670347 373823 558773 681006 683813 601471 600555 628069 719556 171465 557187 369671 626224 638584 1 905733 243027 481588 36527 500539 146794 902121 804895 196992 334145 505995 364861 503262 516284 318802 798805 584412 506453 479199 492334 204513 598365
 1126996 483652 722002 612696 884188 406074 163579 620346 753937 564904 311585 353129 549636 510501 883364 728132 669038 245771 276159 919939 249457 596208 261947 621479 998322 384550 250300 230776 353934 847889 705344 641216 773964 866160 594275 842284 395165 905733 1 921541 921212 931089 654998 999858 100010 103142 811713 571793 412698 724887 693765 411863 939237 755425 605698 513450 921781 723130 709965 900805
 292036 614202 655538 319137 841290 723639 770816 345587 851965 500626 719496 611028 859843 478110 48099 197446 607867 839582 649814 3561 698315 446209 672435 518819 135911 644906 739320 690867 574873 821502 822641 560777 364587 782791 511958 845064 750667 243027 921541 1 245292 219781 685001 161935 891469 830674 122983 393803 511219 222484 697818 597971 75776 612326 757036 432343 714917 318575 345953 826664
 518126 738560 843217 416221 1046133 830485 794907 475255 1033370 642306 656968 678522 998781 588611 214499 321716 785141 904541 678060 248233 674683 342971 708394 375390 163121 736941 795847 703415 570575 1021974 996969 401060 570076 989176 665805 1042743 855226 481588 921212 245292 1 462507 856680 403004 866533 847352 305249 509683 551246 227027 877483 692049 175359 411147 914443 409783 934550 200690 527566 1035248
 198907 527455 490480 333294 650194 644785 769068 310901 685140 409779 796225 585002 737809 428684 248772 255663 458944 793843 656423 216495 745221 583328 669300 671226 346657 589584 709835 707141 620038 635394 664509 719505 207467 591435 403931 661273 671919 36527 931089 219781 462507 1 537045 110603 924463 830946 192279 359410 527515 362546 539752 546392 295149 793899 620778 517451 511219 487566 236274 632065
 712923 198843 75562 453826 250248 249134 514832 385481 179364 227140 723560 367887 216007 309783 679774 535157 78499 422779 474727 681614 619185 734301 456757 824283 817626 293381 411148 523425 549772 214490 140304 873696 332105 217306 194864 221427 263199 500539 654998 685001 856680 537045 1 646037 706667 560110 571202 363391 454066 642490 39891 295024 749314 993645 90531 595525 268568 747556 339482 258699
 140441 623789 600852 388474 759050 740225 840781 384298 795722 505375 835377 663195 843687 511792 205379 284618 567706 880819 723701 159739 797240 588893 740426 668749 263768 677538 790781 771312 671131 745072 774733 713398 314609 700396 504031 771180 767563 146794 999858 161935 403004 110603 646037 1 983902 902460 202716 434977 588779 360760 649763 632552 227733 771996 728521 548516 616946 472507 331950 740219
 1116078 521959 768910 595828 945110 462314 192192 615121 821372 586723 227931 370653 624925 520237 850383 704182 710639 322031 273674 890211 194969 531252 271801 544982 956764 420757 295664 219589 316639 908480 771565 559648 784330 922132 620118 905417 456318 902121 100010 891469 866533 924463 706667 983902 1 151212 788601 569792 397098 684008 746290 438636 901492 668908 667245 467546 968525 666158 715231 959564
 1027712 382892 624936 517384 795368 313167 61889 520770 670306 461806 289935 250345 474368 408108 794285 635213 569794 173953 180953 828897 198592 536471 162118 575455 913962 282856 150325 144304 276975 758802 620610 602331 671100 774032 491464 755089 305788 804895 103142 830674 847352 830946 560110 902460 151212 1 717914 471558 319505 641952 599411 308878 852709 723218 517051 437592 824916 653217 607774 810494
 342499 491553 547883 201319 743950 600657 657164 222663 742494 378940 633011 491455 739380 355354 108609 84427 495533 718712 537111 120205 598831 394155 557651 479964 247575 522505 620127 581174 473159 721351 710409 527692 265704 686355 392249 743353 627686 196992 811713 122983 305249 192279 571202 202716 788601 717914 1 271238 399121 170370 586959 475626 178529 602358 639633 345815 629306 295825 232345 731879
 556428 230057 371728 93909 589541 331963 409675 50856 542658 137321 474338 228226 489181 84592 370263 203192 303803 449710 298273 391169 402163 381914 309917 476091 507877 251289 356006 350573 284532 558577 500652 527420 224652 539769 169094 573340 358574 334145 571793 393803 509683 359410 363391 434977 569792 471558 271238 1 179235 285950 391919 204458 438968 640802 408870 252773 525434 384299 149603 587226
 719292 263950 487864 200465 701420 309949 259690 220162 621982 249379 299508 134001 505408 160481 475518 315902 418239 353399 138597 509419 222974 304470 162791 383617 599055 210360 244613 182688 108609 666829 573530 429554 403045 659734 289241 675441 329439 505995 412698 511219 551246 527515 454066 588779 397098 319505 399121 179235 1 332061 490628 177280 535752 554414 466422 166067 668103 374657 328771 705369
 500592 512839 637779 192053 849174 603460 585679 257030 821305 421521 499911 454569 773683 362533 175741 127660 575109 683006 465508 222364 489082 228155 493422 310317 273579 510291 575547 498057 371314 821918 782012 357466 391645 794512 448452 840319 628249 364861 724887 222484 227027 362546 642490 360760 684008 641952 170370 285950 332061 1 666782 465160 218004 434590 694146 217067 754827 129532 332611 841729
 709279 238043 53818 480403 211703 287708 554539 410454 156009 257716 762696 407216 234956 343111 695185 555803 92342 459811 514296 694376 658681 766777 496560 857651 831756 333220 450702 563197 587703 176426 125599 907441 338709 177437 222855 185380 300749 503262 693765 697818 877483 539752 39891 649763 746290 599411 586959 391919 490628 666782 1 334111 764118 1026404 111951 628934 232029 775006 354624 219198
 745282 96213 343666 285304 545230 139678 251321 254175 451939 153387 428586 73894 328994 121610 572693 404521 278992 248298 182295 595389 325505 480397 170247 560896 708452 46980 168017 234388 258677 509287 402256 606594 367956 510202 182839 514217 163380 516284 411863 597971 692049 546392 295024 632552 438636 308878 475626 204458 177280 465160 334111 1 640292 731675 293081 340018 538789 534852 312433 553219
 345825 665414 723536 355719 913360 770926 794488 393769 919183 555451 716184 645678 916682 523449 70270 236019 673156 875865 673261 79211 706693 424505 698511 486856 69487 687201 772269 710143 587139 892701 888141 524517 435111 855052 570336 915752 797528 318802 939237 75776 175359 295149 749314 227733 901492 852709 178529 438968 535752 218004 764118 640292 1 562970 818134 435055 789298 285734 409957 899393
 904055 815574 1011417 566253 1229591 860257 694282 638488 1168886 769120 443851 679509 1058595 683864 566795 558039 942348 850879 615313 613994 524977 259730 649443 170925 571564 762035 749134 606841 493467 1197757 1122260 126782 812092 1180541 805985 1210844 876689 798805 755425 612326 411147 793899 993645 771996 668908 723218 602358 640802 554414 434590 1026404 731675 562970 1 1017987 398495 1160851 306540 743084 1227965
 800525 202690 162314 502378 278618 205787 478963 439225 160918 272682 712050 359793 125526 341678 748013 595514 163509 364230 460069 753744 603659 761357 436754 847199 887180 277091 373966 503268 551420 242222 110294 894744 413927 263222 249518 238186 211358 584412 605698 757036 914443 620778 90531 728521 667245 517051 639633 408870 466422 694146 111951 293081 818134 1017987 1 620417 338000 790456 411617 295332
 687929 418709 616662 201992 834591 475556 386076 264737 770393 372815 288232 299601 668998 285874 388291 265586 546958 508811 272601 431578 272597 141156 304995 228768 489221 375906 399425 293844 160835 801895 723883 278608 457241 787580 410829 813923 495449 506453 513450 432343 409783 517451 595525 548516 467546 437592 345815 252773 166067 217067 628934 340018 435055 398495 620417 1 778115 218112 381258 834654
 629561 447934 199981 594632 159504 516993 776382 522405 269163 418725 959325 612379 449226 508180 727846 629218 259863 691325 720759 711365 861955 904828 708191 1000000 849665 548646 674815 773146 773787 163952 286198 1051651 366126 111280 378878 192254 531756 479199 921781 714917 934550 511219 268568 616946 968525 824916 629306 525434 668103 754827 232029 538789 789298 1160851 338000 778115 1 878395 422991 133515
 609051 598009 750474 294789 965381 674335 603471 366269 926888 521434 456982 507635 857854 449768 270861 256310 684982 725136 490655 319598 475265 145515 522784 201526 318729 576213 615625 510555 376580 936565 884851 242202 518283 912206 552831 953392 696826 492334 723130 318575 200690 487566 747556 472507 666158 653217 295825 384299 374657 129532 775006 534852 285734 306540 790456 218112 878395 1 455428 959690
 434392 292236 316584 181569 519843 409218 546443 117878 510257 173994 622900 357919 518767 199756 340688 209656 263253 558505 441841 342609 551588 492927 449124 588638 478149 354363 478535 495656 433840 494679 478210 640480 76823 463880 173051 515183 436465 204513 709965 345953 527566 236274 339482 331950 715231 607774 232345 149603 328771 332611 354624 312433 409957 743084 411617 381258 422991 455428 1 510711
 760676 457222 218480 667423 29332 497409 769047 594734 171819 462533 981773 626409 381032 551812 834962 720365 288509 659358 733425 823104 877859 968687 715164 1061923 962442 551701 664285 781920 805057 55983 207639 1112715 466268 47573 423910 75166 505819 598365 900805 826664 1035248 632065 258699 740219 959564 810494 731879 587226 705369 841729 219198 553219 899393 1227965 295332 834654 133515 959690 510711 1
LAMBDA_SECTION
1 912
2 673
3 572
4 897
5 312
6 506
7 352
8 737
9 889
10 221
11 231
12 963
13 198
14 812
15 960
16 214
17 525
18 379
19 823
20 924
21 824
22 738
23 669
24 8
25 424
26 620
27 692
28 812
29 5
30 408
31 108
32 27
33 311
34 507
35 350
36 290
37 419
38 19
39 48
40 988
41 301
42 474
43 854
44 883
45 944
46 541
47 169
48 28
49 252
50 85
51 928
52 91
53 283
54 530
55 590
56 505
57 425
58 281
59 187
60 193
