NAME : domp100p50v3
COMMENT : Cherkesly, Contardo & Gruson 2022
TYPE : DOMP
DIMENSION : 100
DISPLAY_DATA_TYPE : NO_DISPLAY
OPEN_FACILITIES : 50
COST_SECTION
 1 796838 125394 979163 567513 356721 508062 369756 274260 309332 157150 652606 402826 253974 279974 242099 268179 902734 570152 170951 120727 684046 507030 680078 652632 270832 612312 171958 764850 650335 718068 848333 369219 151765 626931 380452 382472 723492 740255 866689 557215 281451 943764 325214 110801 818959 326026 737181 480347 392977 295887 955842 689005 415980 383791 847275 722137 520836 546949 275889 364971 389511 382308 169723 273110 497927 396004 887988 122205 85231 217908 709265 244039 32503 614980 392366 266065 636265 786484 660261 662335 328880 667632 658732 614902 422517 109683 675986 379116 169544 131267 732599 181712 404982 569430 194614 688353 642933 328149 800028
 796838 1 686892 411083 406167 578811 289686 994411 1069118 657700 944132 816950 939193 1050687 873594 623209 1065011 385494 254927 889069 762374 304103 624938 817533 338265 563658 370279 947660 224889 1003140 125091 116308 818248 738637 345265 423401 434447 820380 89733 418167 387094 1076991 349075 1056638 688105 489406 682288 449525 574318 580622 754959 278137 412272 449216 437391 407240 700730 955609 530777 547672 534917 473689 539612 627145 544440 300763 534018 341279 822545 722622 750441 871972 654219 771700 463452 442183 538418 927621 214498 680511 249723 793048 778627 143649 883659 392608 749270 122175 454771 916148 683598 352683 621105 830226 692139 959572 335034 156959 723033 578494
 125394 686892 1 853897 442258 330364 397290 380236 384243 311436 257665 564468 381152 369016 264581 218921 384210 777375 475114 282272 89733 559112 496638 589858 581915 145499 486918 297069 641776 598941 617899 731094 311504 88842 501627 286044 297673 630388 636971 741406 431821 392693 819024 386465 75800 695281 337781 613012 364159 275767 224652 833324 564118 349604 262136 721969 614472 479283 427102 211843 322320 326666 259724 78279 150037 393694 273449 762940 218997 102690 153345 625144 240057 93862 566910 316148 148762 570305 663795 552965 577248 268134 572526 553203 542490 302964 162483 568195 304298 234077 6670 607206 66591 345891 467221 274667 563033 530863 243173 680360
 979163 411083 853897 1 416341 891509 542633 1031769 1220312 957534 1093543 678706 947235 1212338 933160 890693 1228252 78797 598493 1118330 898072 296529 985306 664042 734189 708402 368397 1149877 243668 897170 524056 296729 830913 865065 352293 687126 715592 642949 492135 135046 422987 1230042 62032 1143316 889906 236547 988164 281567 560597 623399 807161 154428 307360 765650 603308 149245 512850 906520 486017 807322 845199 781969 611310 825785 707943 581977 598798 94510 1048976 929101 841984 709963 928069 947733 852193 738833 722130 813722 232655 531254 643827 826069 628355 495318 774023 573618 975288 469708 747425 1040011 848234 248621 801616 825159 598592 1086933 290954 448932 762839 334983
 567513 406167 442258 416341 1 558446 255897 637104 803981 605689 677236 414180 564334 796146 528281 521071 812085 338262 377830 716280 481867 138074 695862 418016 553147 297749 50650 739326 243792 597417 424585 382678 442339 448736 74479 348300 384746 427987 417146 299181 26556 813703 389290 734488 486656 262582 638600 178553 174973 213223 401328 426973 124025 457482 215734 279803 325074 558837 124736 441996 516298 462075 195246 425052 303125 300316 183068 329895 648064 525671 427810 472498 559284 535506 630705 416835 324045 521455 268212 289114 483758 427935 380058 349111 477494 205801 577178 341103 419717 624308 436270 167724 395888 446075 286488 671220 129050 285998 359827 282077
 356721 578811 330364 891509 558446 1 349007 706283 604983 81760 507892 839750 711359 576299 594450 116068 586389 828059 324005 357267 414699 613343 168764 859884 327737 351373 580961 439346 648460 915748 466650 668091 632881 419205 580708 212398 178739 892388 498445 816727 535378 609241 839774 681805 267887 813448 103484 731638 582428 507460 543403 814022 673543 130789 349815 797481 838009 803765 614582 137937 46391 110166 464318 257670 321460 310200 474163 797745 306886 274513 480574 904412 116133 352464 262622 152742 287452 875539 662494 782598 369333 590002 833490 437784 841704 352651 255874 462766 144978 525097 333482 681256 290765 665008 719341 550969 633511 457478 548759 839826
 508062 289686 397290 542633 255897 349007 1 721557 779584 415827 654446 641254 678120 761596 598394 357369 776075 479382 128442 611028 474386 269882 458508 651421 301496 279962 258667 663173 300190 790190 232303 345459 562408 452350 250133 149086 173710 669527 244845 471426 229368 787537 491874 771442 400531 481875 445927 405531 367243 338276 488087 474602 347900 225998 158942 452643 577965 717471 358205 275435 302782 240018 289463 338388 257549 45863 288970 448755 542682 436314 471293 704312 392911 482331 375082 196269 249083 725106 315537 535774 243715 530826 616182 159520 682934 115722 468116 171623 204828 627745 394093 340100 331421 581062 508667 670606 294013 134931 463483 528410
 369756 994411 380236 1031769 637104 706283 721557 1 334249 672874 284277 463255 99907 354626 123766 591065 366341 953696 826092 498481 292217 775165 867683 493246 954226 444570 687482 433818 879382 349228 953795 1005944 201112 294268 711408 648475 667891 540388 965260 899259 642741 343707 1017140 155694 438542 815470 692916 751827 472511 426169 240591 1063778 726040 727454 563041 883139 605772 220819 545966 591931 701983 705727 458727 458106 472087 733674 466721 956402 479901 438105 252811 494777 603355 361611 946932 690826 492839 376443 903775 553258 937466 209170 502769 880120 379288 607477 478678 888379 679967 216461 378599 793667 435842 212446 459251 227639 763635 840318 278062 752446
 274260 1069118 384243 1220312 803981 604983 779584 334249 1 539696 128009 767586 422067 33983 339737 499134 36306 1142083 844305 270083 323232 931644 730423 797747 918892 522418 852502 178999 1020954 682828 992316 1115264 467455 355420 870731 654711 655970 845042 1014278 1098854 798766 10524 1191039 189307 384997 1036006 544560 959265 680042 602570 439804 1213029 918199 683892 645283 1080232 882391 551755 754386 546731 623121 656632 609142 442711 532984 771526 621866 1132824 300460 355577 384401 809983 489032 297540 867593 663966 532719 702463 1043687 822962 934377 444799 798203 932295 697821 686975 351716 948958 650528 185158 388309 971703 448684 496195 725474 140253 931015 913998 484926 997303
 309332 657700 311436 957534 605689 81760 415827 672874 539696 1 451821 852596 688935 509543 568214 98353 518536 891569 402802 282671 387094 673059 197861 874765 407572 366263 633022 368424 715947 909164 547320 743972 622356 398191 635445 270979 242167 910269 578668 876241 584298 543123 907657 632472 239641 865407 33067 782318 608023 527180 534225 886625 724903 208485 391239 856730 866788 790718 648431 164644 122871 184680 488715 249775 340100 380323 499972 863257 239240 234774 464780 916250 71448 311817 332748 222193 307390 875800 731263 809048 451088 578978 851197 515631 844787 402147 201252 540113 211901 478690 315904 739021 287350 656210 738474 499367 690961 531421 546335 883881
 157150 944132 257665 1093543 677236 507892 654446 284277 128009 451821 1 671105 351975 119565 246630 395795 135621 1015480 724440 221208 195665 803980 648595 700763 809687 394445 725428 149572 892948 616141 870860 988076 369108 228522 743323 534148 538338 747321 891663 973257 671466 137220 1063566 187593 266528 913037 462862 835117 558860 478807 326664 1085022 792732 573086 517714 954482 772902 482305 632190 433003 519815 546529 482878 320191 405498 648361 495795 1005557 221782 242114 263729 719023 392516 175284 768832 549256 406419 622581 915679 712260 818871 339761 696976 808822 611531 559741 252472 824715 536063 77681 261423 844931 323033 401441 615608 58208 803789 788395 370149 878603
 652606 816950 564468 678706 414180 839750 641254 463255 767586 852596 671105 1 363352 777604 428445 754278 792380 610339 769684 822958 531925 520065 1003970 30279 941039 488865 446671 797824 622730 219255 837329 774804 302188 501739 471839 669728 705076 77769 831200 546358 436847 778014 687245 614377 638955 442170 883533 414041 275930 334312 357646 764414 422896 783945 520080 536675 171308 264693 290962 702003 810280 776398 381672 606252 518292 678333 374735 630957 771593 666461 434926 65151 785892 624430 993846 738616 552299 136176 644626 149450 883514 332964 51234 760559 101395 544515 725923 754409 735028 594463 558234 496861 567624 271539 132589 631933 493221 699053 325152 349058
 402826 939193 381152 947235 564334 711359 678120 99907 422067 688935 351975 363352 1 438680 123049 599643 451741 869892 790974 551384 302126 701860 877697 393356 931425 411930 613844 498077 808102 264483 909532 941169 122395 292401 638755 624008 647977 440527 917774 813460 572939 432023 936055 253088 449406 725916 712503 665955 393521 360327 190856 988098 644327 714344 519604 798071 507640 130988 464048 586485 700574 695234 399593 454886 442511 695834 405398 875346 521621 457616 233006 395867 617714 387093 937381 674327 468329 281037 832529 456527 905601 147421 403090 833623 280759 562445 506353 839275 664766 276383 377885 714385 426110 122076 364326 300356 687655 788635 216499 658562
 253974 1050687 369016 1212338 796146 576299 761596 354626 33983 509543 119565 777604 438680 1 349183 472258 16062 1134405 822472 237228 314281 921713 698988 807629 892661 510055 844047 146047 1008970 701425 971238 1099714 476008 347677 861539 633610 633364 854719 993946 1092629 789860 34122 1181581 215595 363979 1032542 513491 954681 677968 598345 442174 1200925 912157 658564 631041 1073811 887219 569237 751545 522835 595797 631141 602128 423557 518757 751877 615113 1123880 270457 332760 382408 821969 460645 279436 838761 640093 516526 717633 1031415 827157 910370 450740 806487 912674 711088 671911 324868 929947 626593 186948 373493 963773 432044 506116 729969 145812 922218 896338 486589 997089
 279974 873594 264581 933160 528281 594450 598394 123766 339737 568214 246630 428445 123049 349183 1 481041 363935 854489 702330 432371 181218 665612 759189 458503 831886 320832 578930 385816 767563 376722 830521 889339 127849 176217 601774 525479 545800 505665 842484 803294 531378 350218 914128 211591 329387 726668 590983 657241 373173 315117 126994 954918 625824 607379 440200 786186 546008 244083 448657 474401 586655 586512 342500 340957 348355 609971 351671 853660 399537 335496 129120 473580 497291 264101 828494 569644 369547 376547 791818 488131 813862 111448 458486 757252 364948 484813 383395 766023 559134 168956 262084 689916 315878 156934 390646 203661 656643 718694 170346 674314
 242099 623209 218921 890693 521071 116068 357369 591065 499134 98353 395795 754278 599643 472258 481041 1 483543 821516 373470 270743 300346 599843 278194 776545 420620 268779 552215 343000 653105 813377 523664 698437 527470 307322 557173 208307 189484 812307 551711 801308 501239 504221 843999 566601 152552 782982 129524 699221 512064 429996 438694 831929 642739 189969 305338 781603 771198 697035 555390 83381 124355 162217 392897 152487 243701 329108 404545 796191 209995 158783 371571 817903 38278 236528 373195 182475 211830 778390 670428 712863 445022 484179 753246 479576 746929 322649 147454 501862 169319 409555 222745 663011 189476 560804 640807 436702 615001 483911 449078 795453
 268179 1065011 384210 1228252 812085 586389 776075 366341 36306 518536 135621 792380 451741 16062 363935 483543 1 1150340 835820 243392 330219 937485 706627 822434 904117 525615 859943 152458 1024509 713923 984811 1114677 490984 363669 877378 647255 646494 869568 1007748 1108638 805727 31597 1197382 224381 377815 1048604 521618 970736 694010 614406 457942 1216437 928176 670543 646301 1089812 902797 582076 767602 535515 606746 643053 618122 437872 534049 765924 631117 1139727 279896 346029 398429 836345 471018 294147 848644 652726 531469 731200 1046915 842801 922869 466110 821574 926697 725148 687022 336338 944136 639205 202618 388754 979698 446937 520852 745570 160905 938085 910872 502425 1013075
 902734 385494 777375 78797 338262 828059 479382 953696 1142083 891569 1015480 610339 869892 1134405 854489 821516 1150340 1 546378 1044116 820124 223024 929654 597393 692378 631903 290932 1073817 188296 827568 488333 278725 752984 786966 275953 620604 650570 579395 458952 64712 345802 1151845 79184 1064558 815119 171501 922743 205440 482121 544624 728420 173768 228665 704592 529581 74169 448212 832058 407776 738293 781975 719399 532975 751306 632452 520708 520382 44652 974897 854349 763292 645173 859215 871142 806041 675388 647740 744203 183772 461583 602912 747619 560701 449856 703645 501775 901615 425454 683278 961478 771633 170715 726201 747831 524518 1008398 214505 397518 684155 274599
 570152 254927 475114 598493 377830 324005 128442 826092 844305 402802 724440 769684 790974 822472 702330 373470 835820 546378 1 643053 560076 362414 388017 779681 175329 381818 372422 708208 358214 916141 150655 347331 679093 543416 358890 190350 190029 797132 178349 551734 351385 851245 541259 860063 459354 580698 427453 510876 495550 462797 600122 500484 455572 194328 274471 534552 702411 838825 485515 303648 279994 219202 413037 404740 354098 96551 413837 509251 578816 489792 573340 832674 402317 549162 265454 190995 336140 852424 366101 662251 117034 644862 744238 114592 810521 236124 507927 140430 204208 709176 473369 432789 408919 700159 637096 748790 391290 149596 579934 639183
 170951 889069 282272 1118330 716280 357267 611028 498481 270083 282671 221208 822958 551384 237228 432371 270743 243392 1044116 643053 1 291177 821838 464456 850645 683575 419913 757566 91182 892127 808747 793602 956438 534638 322715 769125 466520 455205 894287 820796 1013413 702716 271332 1078028 406795 229735 974191 281452 891047 645885 557657 465577 1078989 839865 459918 515047 993725 891836 676453 709325 341447 385321 432269 541251 292858 413443 589890 554944 1025114 69497 190624 388033 878843 247852 201118 615417 452413 396377 801007 911997 829995 714816 495968 838555 745989 781923 547076 144182 766985 439032 282027 288875 876451 320409 570132 740005 279038 830260 743476 498970 962522
 120727 762374 89733 898072 481867 414699 474386 292217 323232 387094 195665 531925 302126 314281 181218 300346 330219 820124 560076 291177 1 608416 578289 559494 671323 202238 529841 277517 698529 536770 699946 798663 251673 35049 547658 372776 386344 603136 717279 778810 475810 332696 867913 299992 148238 722002 410378 642601 372895 288647 175275 890582 598581 439333 328228 759888 606027 410683 443572 301084 409824 416289 288235 167938 218030 475209 301390 809899 241390 156164 97202 588575 316090 94220 656008 405642 226409 518081 721509 544212 664610 210101 547629 632630 495323 371840 208782 646007 393900 153902 89413 649495 152336 287405 451585 198492 608143 605496 207902 694323
 684046 304103 559112 296529 138074 613343 269882 775165 931644 673059 803980 520065 701860 921713 665612 599843 937485 223024 362414 821838 608416 1 728157 517909 528970 413883 88022 854118 107844 718445 357532 255721 580079 576624 63861 402631 434656 517764 339936 203447 135100 941103 260107 870409 593406 218394 704821 154697 310000 350538 538784 289306 109025 495111 306892 184141 396640 690803 248359 516882 567917 506975 327915 529257 411886 314466 316797 204053 752511 632591 561588 571924 637753 652954 627801 461878 425602 639073 131938 378708 446638 565997 478768 293709 595328 278895 678961 276518 468498 755132 553625 70887 505425 582804 402422 801889 32158 229315 497730 286827
 507030 624938 496638 985306 695862 168764 458508 867683 730423 197861 648595 1003970 877697 698988 759189 278194 706627 929654 388017 464456 578289 728157 1 1023087 306720 517517 710719 554377 742921 1084484 501321 729753 801487 585302 705961 350212 313007 1053884 536451 927967 670969 732982 928881 830260 430122 939357 186456 860820 740932 670123 712049 886994 802575 238417 499741 909601 992110 972226 766184 305079 193693 235653 624882 425797 486702 413696 633740 894539 431628 430375 648220 1068900 264701 508201 190715 279802 452759 1043577 752653 938916 381436 758533 995303 498497 1009206 493398 399086 524985 278748 676482 500150 798567 459451 833732 880869 697014 752472 536836 717417 977433
 680078 817533 589858 664042 418016 859884 651421 493246 797747 874765 700763 30279 393356 807629 458503 776545 822434 597393 779681 850645 559494 517909 1023087 1 952172 509834 447712 826658 618677 238191 842389 771294 332017 528881 472331 685891 721645 47491 835016 533022 441597 808179 675038 644580 663931 427686 905966 404843 289321 352967 385767 754665 417761 800643 535222 524236 152430 292610 296904 722403 829436 793945 399068 629639 538637 689617 391379 619780 798533 692126 462681 54560 808707 651583 1008205 755350 572580 156750 640035 141033 892500 362181 39162 766220 126488 557759 751715 759063 752204 624238 583558 490778 590948 301633 144896 661925 490055 703856 352157 331672
 652632 338265 581915 734189 553147 327737 301496 954226 918892 407572 809687 941039 931425 892661 831886 420620 904117 692378 175329 683575 671323 528970 306720 952172 1 520141 546453 762141 506185 1077939 214170 451890 826585 661757 531646 307476 286389 970986 248956 706959 526710 924302 673612 965908 545896 746806 420908 680915 665557 624835 742512 614145 627057 236719 431726 691195 877707 992106 659689 377756 298884 263169 574412 504658 489021 262707 577062 651631 628682 567575 703762 1004649 436649 638579 126679 265794 463601 1017873 508606 837011 90468 789120 917336 243235 976882 399349 567817 266977 277908 809508 581911 597806 520292 850993 808608 843727 559289 302193 728628 810894
 270832 563658 145499 708402 297749 351373 279962 444570 522418 366263 394445 488865 411930 510055 320832 268779 525615 631903 381818 419913 202238 413883 517517 509834 520141 1 341622 442141 498921 575068 510994 596473 307502 175606 356128 213569 241042 544277 524806 596609 286496 531445 673925 493016 191709 554295 398157 471151 245358 161304 222371 690910 420585 314246 126757 577097 504343 476149 297048 213444 324620 300268 128198 135390 32519 289173 141134 617569 352699 229979 192294 553316 303154 239334 536855 270782 65214 527911 521441 445107 494715 269085 485201 439479 492280 171184 284787 450400 263414 355554 139852 461839 100844 334119 372217 400678 417536 406789 211617 547394
 612312 370279 486918 368397 50650 580961 258667 687482 852502 633022 725428 446671 613844 844047 578930 552215 859943 290932 372422 757566 529841 88022 710719 447712 546453 341622 1 783762 194946 637664 401208 337750 492063 497093 26261 368770 403986 453113 390093 255850 55134 862152 339472 785021 527864 232667 665644 150871 222442 263870 451974 376424 92622 472840 248705 236176 341106 604734 164380 471235 537343 480201 244705 465117 344234 304417 232843 280495 688849 567051 477845 502235 590489 580562 632315 434584 362543 559912 219277 312919 471760 478320 408981 328779 515964 230905 616871 317405 438910 673650 481090 120351 437782 494921 323280 720538 78896 263792 410385 269744
 171958 947660 297069 1149877 739326 439346 663173 433818 178999 368424 149572 797824 498077 146047 385816 343000 152458 1073817 708208 91182 277517 854118 554377 826658 762141 442141 783762 1 931912 760836 858687 1007568 500041 312175 797883 524608 518319 871987 884050 1038472 728636 180150 1113278 326392 265019 990624 369927 909031 648518 562217 442211 1121765 860959 532721 550778 1019026 882861 627117 716918 404588 463317 504976 553827 329565 442270 646910 567493 1058169 133461 227442 368529 849926 325811 204254 700289 519974 431499 761619 952964 821142 787452 465284 818585 806108 746909 587179 200319 825601 506410 221808 303074 903957 349037 534383 727371 207076 859332 797602 480895 969414
 764850 224889 641776 243668 243792 648460 300190 879382 1020954 715947 892948 622730 808102 1008970 767563 653105 1024509 188296 358214 892127 698529 107844 742921 618677 506185 498921 194946 931912 1 824624 308675 152894 686025 668217 169498 446863 473781 614954 282939 202396 236664 1030110 191713 969580 667709 264600 746116 228871 417378 453443 641258 192080 201312 522038 381304 188366 489262 798646 356105 569878 602100 538688 426490 602961 491988 338532 416375 151622 822662 706366 659011 672065 689839 734860 618089 495965 500414 744554 24435 478090 417620 670400 579543 262998 700981 345466 748007 239494 504926 848438 636763 132398 583563 689716 508434 894832 130139 209223 601403 354817
 650335 1003140 598941 897170 597417 915748 790190 349228 682828 909164 616141 219255 264483 701425 376722 813377 713923 827568 916141 808747 536770 718445 1084484 238191 1077939 575068 637664 760836 824624 1 1005997 973967 287598 516558 663809 782311 813526 272267 1005131 764040 616081 692466 903576 502993 673700 660779 936481 627721 431577 453712 374939 977188 629653 888869 646222 753585 389853 133855 473668 780643 895491 875321 503936 661159 607509 820292 502378 846195 772145 690758 446899 205485 838184 629294 1109993 844729 639761 83449 847626 366099 1033007 330888 270352 927862 124745 680609 745473 926058 838069 539858 594014 704560 625697 253077 316191 564815 694564 871070 367289 568271
 718068 125091 617899 524056 424585 466650 232303 953795 992316 547320 870860 837329 909532 971238 830521 523664 984811 488333 150655 793602 699946 357532 501321 842389 214170 510994 401208 858687 308675 1005997 1 237726 792445 680400 380046 337665 340374 852121 35404 510849 400809 999490 462722 999226 607438 566112 569753 511868 575000 562061 719996 400035 464912 340435 391179 497033 742225 942872 546370 454209 424774 366653 515529 550672 486645 224738 513003 445813 729470 638958 702985 896788 551613 695864 338587 341288 473641 935686 306353 712460 124799 762122 804599 78168 892296 347398 658456 83840 354606 851500 615579 419513 551314 809372 706912 892535 389647 138589 693999 644007
 848333 116308 731094 296729 382678 668091 345459 1005944 1115264 743972 988076 774804 941169 1099714 889339 698437 1114677 278725 347331 956438 798663 255721 729753 771294 451890 596473 337750 1007568 152894 973967 237726 1 818803 771453 311495 491619 509448 767842 203246 319714 369861 1123779 234747 1083588 743451 403742 770796 379462 557531 581465 765505 162425 354195 537303 470783 311885 641790 941509 501958 618564 622658 559483 547377 679903 582674 369336 539233 234076 888140 780218 772812 824805 732089 820740 575641 523032 583209 894789 133193 630858 362151 798939 732144 233028 851028 428337 813552 206919 534558 951956 726957 284327 667763 825911 658087 997140 281584 214533 728850 500621
 369219 818248 311504 830913 442339 632881 562408 201112 467455 622356 369108 302188 122395 476008 127849 527470 490984 752984 679093 534638 251673 580079 801487 332017 826585 307502 492063 500041 686025 287598 792445 818803 1 229374 516802 520998 548144 378899 799338 698190 450603 477948 817384 330587 386107 614826 649234 550732 273168 238338 89544 867098 525858 619083 405293 682153 419479 171326 345515 500635 616012 602509 279163 376075 339543 583025 284235 756631 491364 403714 159386 350583 551177 345529 842615 576850 368760 267053 710458 362722 795007 43386 330770 715812 247654 446795 459409 720418 568521 292288 306695 594632 342145 35783 265834 330204 566565 668988 99185 555050
 151765 738637 88842 865065 448736 419205 452350 294268 355420 398191 228522 501739 292401 347677 176217 307322 363669 786966 543416 322715 35049 576624 585302 528881 661757 175606 497093 312175 668217 516558 680400 771453 229374 1 515388 358959 375521 571957 696452 745000 443372 365059 835712 319152 158911 687314 423307 608154 337847 253720 147759 860147 564618 433213 302349 726151 572072 393629 408599 298406 410453 411505 254454 164779 194813 455966 267473 777409 269932 174341 70404 559459 326754 122706 653024 397153 207471 493646 691401 510221 650558 186603 515911 611419 469073 346613 230636 623783 386040 180818 85965 616446 141814 264715 418235 226788 575598 581682 176729 659275
 626931 345265 501627 352293 74479 580708 250133 711408 870731 635445 743323 471839 638755 861539 601774 557173 877378 275953 358890 769125 547658 63861 705961 472331 531646 356128 26261 797883 169498 663809 380046 311495 516802 515388 1 368327 402635 476671 367662 245693 72201 880286 320324 806861 539723 233773 667823 155425 248145 286686 474931 353149 97866 469039 256632 225909 362433 630831 190624 475293 536396 477859 264918 476293 356646 295987 253539 262361 700107 578958 498542 526808 595384 595452 621093 432251 373030 585904 193892 336472 454880 502249 433487 309067 541967 234582 627424 296440 437342 693072 495948 107523 450397 520219 349190 739900 61450 243743 433891 280465
 380452 423401 286044 687126 348300 212398 149086 648475 654711 270979 534148 669728 624008 633610 525479 208307 647255 620604 190350 466520 372776 402631 350212 685891 307476 213569 368770 524608 446863 782311 337665 491619 520998 358959 368327 1 37246 712836 360735 606036 324428 661839 638400 672217 269777 601120 302375 519569 398022 337792 435655 623685 461387 115538 152031 586631 643392 688779 416923 126989 168611 114647 288627 214415 181927 123371 295002 592727 399363 301718 396847 734824 243897 358891 328213 71008 156259 728740 463352 591896 291896 482575 655281 281510 690123 143530 325872 301236 71714 519771 284716 469626 220572 546920 541389 558770 421724 277536 424239 630357
 382472 434447 297673 715592 384746 178739 173710 667891 655970 242167 538338 705076 647977 633364 545800 189484 646494 650570 190029 455205 386344 434656 313007 721645 286389 241042 403986 518319 473781 813526 340374 509448 548144 375521 402635 37246 1 749104 366143 638074 360608 662649 665492 683816 271929 635941 272572 554855 434321 372208 461475 646536 496591 79039 188828 618797 680550 717191 454115 114087 133804 77561 323552 222286 208725 140601 330404 621424 389781 300633 418189 770207 222647 363447 296513 33963 179985 761548 489233 628863 281160 508753 691386 291011 723438 180540 318133 312721 35008 529262 297145 502533 234453 575161 577334 566433 454823 294967 452630 666821
 723492 820380 630388 642949 427987 892388 669527 540388 845042 910269 747321 77769 440527 854719 505665 812307 869568 579395 797132 894287 603136 517764 1053884 47491 970986 544277 453113 871987 614954 272267 852121 767842 378899 571957 476671 712836 749104 1 842843 514702 452733 855481 657941 691986 703774 408170 941829 394368 314815 384986 430359 741298 413739 828129 561180 507451 131383 337320 311672 755510 860531 822709 429005 667248 572100 709270 420315 604582 841108 732932 506680 68676 845234 694560 1031839 782979 605849 194384 635356 140213 908149 408244 59078 777084 169416 580831 792649 768399 780498 670975 624004 484585 628537 348869 173099 708972 488520 713603 395344 308151
 740255 89733 636971 492135 417146 498445 244845 965260 1014278 578668 891663 831200 917774 993946 842484 551711 1007748 458952 178349 820796 717279 339936 536451 835016 248956 524806 390093 884050 282939 1005131 35404 203246 799338 696452 367662 360735 366143 842843 1 484139 394459 1021661 430539 1015595 629969 543763 601761 493101 573560 566082 729351 365663 448458 370944 402288 471020 729973 946332 540570 480227 455892 396676 520912 571794 501880 243413 517477 415888 755893 662451 715933 889538 580633 717144 373785 369262 490928 933227 278703 702770 160017 770418 796826 85345 889592 357784 684112 79550 382397 869765 634355 399009 570426 814883 702008 911554 372076 134068 701560 624903
 866689 418167 741406 135046 299181 816727 471426 899259 1098854 876241 973257 546358 813460 1092629 803294 801308 1108638 64712 551734 1013413 778810 203447 927967 533022 706959 596609 255850 1038472 202396 764040 510849 319714 698190 745000 245693 606036 638074 514702 484139 1 310787 1108775 143666 1014262 783714 106824 908109 147553 430122 497741 678205 234714 180672 697336 502321 19786 383551 771479 354775 718761 771214 709956 490589 720888 600069 514978 477528 96934 944665 822898 717201 580568 839395 834686 815499 665020 618055 680626 205664 397945 619195 694978 496520 463874 640391 478887 872487 441173 671830 916558 735438 138495 693558 691422 463562 963395 186353 406294 633315 210244
 557215 387094 431821 422987 26556 535378 229368 642741 798766 584298 671466 436847 572939 789860 531378 501239 805727 345802 351385 702716 475810 135100 670969 441597 526710 286496 55134 728636 236664 616081 400809 369861 450603 443372 72201 324428 360608 452733 394459 310787 1 808353 392396 735387 472988 281763 617117 198173 188922 216806 404812 423943 141557 432553 196336 291149 351304 572974 146123 421252 492772 437751 192867 410461 289305 273861 181699 334091 634092 512153 426540 495981 539505 525494 604233 392378 308241 541272 261043 314374 457787 433836 403934 324757 497379 182947 562362 317627 395610 620876 426009 175391 382773 456306 307773 667708 132359 262330 364741 306516
 281451 1076991 392693 1230042 813703 609241 787537 343707 10524 543123 137220 778014 432023 34122 350218 504221 31597 1151845 851245 271332 332696 941103 732982 808179 924302 531445 862152 180150 1030110 692466 999490 1123779 477948 365059 880286 661839 662649 855481 1021661 1108775 808353 1 1200578 197553 392068 1046178 547382 969339 690297 612647 450265 1222176 928130 689636 654004 1090132 892913 561571 764591 552967 628033 662310 618937 450305 541683 779067 631692 1142429 303930 362097 394619 820302 493422 305303 871795 670232 541026 712526 1052797 833478 940626 455323 808690 939860 708056 695545 356768 956680 656771 195519 396843 981426 456868 506642 735992 150731 940627 922041 495365 1007685
 943764 349075 819024 62032 389290 839774 491874 1017140 1191039 907657 1063566 687245 936055 1181581 914128 843999 1197382 79184 541259 1078028 867913 260107 928881 675038 673612 673925 339472 1113278 191713 903576 462722 234747 817384 835712 320324 638400 665492 657941 430539 143666 392396 1200578 1 1122526 851074 250476 937783 277528 544635 600810 787337 100377 291732 712549 563611 150811 526644 903738 472100 760669 793392 729839 584177 786541 671078 529620 572254 60754 1008544 890112 817097 723367 880957 912827 792510 687444 683052 820341 177578 538080 583180 809395 637995 436113 779296 531260 934308 410253 696540 1013054 813589 224212 764275 814258 597281 1059925 260589 392046 744029 353768
 325214 1056638 386465 1143316 734488 681805 771442 155694 189307 632472 187593 614377 253088 215595 211591 566601 224381 1064558 860063 406795 299992 870409 830260 644580 965908 493016 785021 326392 969580 502993 999226 1083588 330587 319152 806861 672217 683816 691986 1015595 1014262 735387 197553 1122526 1 422279 938248 646090 868568 584280 521772 336198 1159197 835997 730487 619328 996965 748469 376384 659898 589360 687824 705544 543219 461895 513897 774580 553800 1062314 408688 407943 311231 648931 569033 331239 938082 700532 525659 532092 993556 692906 963701 322378 651293 930570 533825 664045 431231 942763 688124 157553 387533 898493 451679 351359 596353 133782 863454 899802 380952 884329
 110801 688105 75800 889906 486656 267887 400531 438542 384997 239641 266528 638955 449406 363979 329387 152552 377815 815119 459354 229735 148238 593406 430122 663931 545896 191709 527864 265019 667709 673700 607438 743451 386107 158911 539723 269777 271929 703774 629969 783714 472988 392068 851074 422279 1 745531 264397 662100 428116 339995 300071 856995 610372 309377 287481 764035 682679 552379 486353 168144 267295 283784 316870 64750 183709 388268 330361 797162 161462 39237 227037 700095 168325 92719 516843 283100 168026 646046 688465 621617 552353 342820 645572 548971 618278 322474 93875 566777 270043 264863 81529 646932 91121 420812 538489 297831 600969 535428 318855 738284
 818959 489406 695281 236547 262582 813448 481875 815470 1036006 865407 913037 442170 725916 1032542 726668 782982 1048604 171501 580698 974191 722002 218394 939357 427686 746806 554295 232667 990624 264600 660779 566112 403742 614826 687314 233773 601120 635941 408170 543763 106824 281763 1046178 250476 938248 745531 1 898102 84056 357004 434279 604696 339211 140512 702783 477843 102194 277241 675085 281830 702900 769557 711528 436822 685432 563232 527483 423179 200620 906869 784142 651679 474416 821243 786515 845970 665905 585872 577337 276150 295195 663107 616219 391818 508446 537991 463286 837402 488966 670757 851563 688967 149043 654413 604610 367851 897931 189711 445536 559008 104093
 326026 682288 337781 988164 638600 103484 445927 692916 544560 33067 462862 883533 712503 513491 590983 129524 521618 922743 427453 281452 410378 704821 186456 905966 420908 398157 665644 369927 746116 936481 569753 770796 649234 423307 667823 302375 272572 941829 601761 908109 617117 547382 937783 646090 264397 898102 1 815085 640525 559253 561655 915115 757609 233778 424265 888632 899402 816648 681376 197710 148155 211474 521230 279140 372413 409410 532575 893983 245199 255828 490901 946998 98765 331305 337651 251002 339890 904596 761069 841510 469584 605852 882769 541084 874149 434818 216532 565939 241333 494346 342540 771089 317151 683412 770285 512459 723051 559179 575143 916927
 737181 449525 613012 281567 178553 731638 405531 751827 959265 782318 835117 414041 665955 954681 657241 699221 970736 205440 510876 891047 642601 154697 860820 404843 680915 471151 150871 909031 228871 627721 511868 379462 550732 608154 155425 519569 554855 394368 493101 147553 198173 969339 277528 868568 662100 84056 815085 1 284390 356695 533017 350378 58328 623311 393978 132333 264866 626856 208693 619424 688166 631028 355741 601692 479491 451375 342208 218850 823508 700809 575663 455964 737469 704797 774841 585405 501879 544839 246383 264750 600250 548250 366541 448236 503100 380402 753729 431206 589781 775596 606757 97026 571003 543902 319815 822232 122909 383528 487767 132169
 480347 574318 364159 560597 174973 582428 367243 472511 680042 608023 558860 275930 393521 677968 373173 512064 694010 482121 495550 645885 372895 310000 740932 289321 665557 245358 222442 648518 417378 431577 575000 557531 273168 337847 248145 398022 434321 314815 573560 430122 188922 690297 544635 584280 428116 357004 640525 284390 1 88438 248650 594613 253772 513335 246476 413083 259225 384205 75731 447748 548352 508345 119309 378827 268369 402944 108451 483894 583082 463379 295767 340252 547522 448104 718886 468217 300641 360900 441685 201061 610681 265500 257442 496979 317792 268680 521797 494550 465939 495168 357502 321483 341598 273216 144442 541317 294308 439506 203387 321431
 392977 580622 275767 623399 213223 507460 338276 426169 602570 527180 478807 334312 360327 598345 315117 429996 614406 544624 462797 557657 288647 350538 670123 352967 624835 161304 263870 562217 453443 453712 562061 581465 238338 253720 286686 337792 372208 384986 566082 497741 216806 612647 600810 521772 339995 434279 559253 356695 88438 1 188247 639833 317347 450699 193502 479565 344386 380820 155020 370548 476470 442289 50451 292241 187492 366698 49350 540709 494657 375015 219480 399414 464442 360619 665012 405404 221036 393616 477801 284403 579792 217751 326045 484320 353623 226936 433569 486633 401264 419139 269113 376958 254500 249800 212080 465887 341893 433798 148112 407247
 295887 754959 224652 807161 401328 543403 488087 240591 439804 534225 326664 357646 190856 442174 126994 438694 457942 728420 600122 465577 175275 538784 712049 385767 742512 222371 451974 442211 641258 374939 719996 765505 89544 147759 474931 435655 461475 430359 729351 678205 404812 450265 787337 336198 300071 604696 561655 533017 248650 188247 1 828077 499818 531096 329276 660818 446297 260809 324379 411155 526528 513940 218170 286894 253729 505018 226444 726927 416501 320521 78164 413412 463268 269054 754715 489422 281563 346668 665564 385598 714876 47542 376393 644729 321325 372609 377960 651451 480722 255432 219487 563136 252644 122111 289062 299573 529649 602045 45825 558673
 955842 278137 833324 154428 426973 814022 474602 1063778 1213029 886625 1085022 764414 988098 1200925 954918 831929 1216437 173768 500484 1078989 890582 289306 886994 754665 614145 690910 376424 1121765 192080 977188 400035 162425 867098 860147 353149 623685 646536 741298 365663 234714 423943 1222176 100377 1159197 856995 339211 915115 350378 594613 639833 828077 1 350762 683977 572052 237026 610098 966885 526510 749616 767876 704065 616086 792299 683375 506524 605399 138601 1009697 895326 849419 804887 867480 926142 737349 664440 690569 894642 169547 615072 524202 854654 716641 388503 852447 534588 934837 362014 674886 1040194 828394 276681 774274 867633 664946 1086662 300534 356818 786797 443296
 689005 412272 564118 307360 124025 673543 347900 726040 918199 724903 792732 422896 644327 912157 625824 642739 928176 228665 455572 839865 598581 109025 802575 417761 627057 420585 92622 860959 201312 629653 464912 354195 525858 564618 97866 461387 496591 413739 448458 180672 141557 928130 291732 835997 610372 140512 757609 58328 253772 317347 499818 350762 1 565000 337876 162258 289491 616350 180405 562442 629964 572714 310380 549017 427001 393762 297194 231019 771822 649314 536716 470920 681010 656790 718633 527088 448036 548144 222295 276944 548077 519211 378680 398210 505127 322802 701150 382757 531506 735931 557999 74947 519466 522569 315003 782782 77346 332955 455492 183843
 415980 449216 349604 765650 457482 130789 225998 727454 683892 208485 573086 783945 714344 658564 607379 189969 670543 704592 194328 459918 439333 495111 238417 800643 236719 314246 472840 532721 522038 888869 340435 537303 619083 433213 469039 115538 79039 828129 370944 697336 432553 689636 712549 730487 309377 702783 233778 623311 513335 450699 531096 683977 565000 1 267566 678471 758490 789324 531917 141296 85783 27756 402326 271450 281728 183940 409347 672548 399938 331015 482191 849085 213356 401991 223621 45331 250661 838559 534988 707359 255082 578611 770424 307386 800928 256347 334681 332163 50834 573597 350296 564694 291697 647374 656366 607164 517772 327202 525398 739022
 383791 437391 262136 603308 215734 349815 158942 563041 645283 391239 517714 520080 519604 631041 440200 305338 646301 529581 274471 515047 328228 306892 499741 535222 431726 126757 248705 550778 381304 646222 391179 470783 405293 302349 256632 152031 188828 561180 402288 502321 196336 654004 563611 619328 287481 477843 424265 393978 246476 193502 329276 572052 337876 267566 1 482537 492408 564515 266536 226864 310877 264646 143067 222935 112332 178032 147010 510095 445671 326502 314248 585005 343557 354256 473942 222789 119503 587100 402736 440092 391128 372508 503911 317090 546858 44909 372078 326130 221675 481930 257551 364056 202284 425721 390428 526691 316878 280753 306124 492727
 847275 407240 721969 149245 279803 797481 452643 883139 1080232 856730 954482 536675 798071 1073811 786186 781603 1089812 74169 534552 993725 759888 184141 909601 524236 691195 577097 236176 1019026 188366 753585 497033 311885 682153 726151 225909 586631 618797 507451 471020 19786 291149 1090132 150811 996965 764035 102194 888632 132333 413083 479565 660818 237026 162258 678471 482537 1 376089 758248 337968 699087 752023 690890 471706 701171 580407 496384 458700 98457 924958 803225 698967 572626 819698 815298 798745 645895 598309 670250 193438 387714 603858 678245 487265 448350 629575 459152 852746 426041 652618 898168 716016 118729 673921 675999 450559 945026 166621 389939 616068 206272
 722137 700730 614472 512850 325074 838009 577965 605772 882391 866788 772902 171308 507640 887219 546008 771198 902797 448212 702411 891836 606027 396640 992110 152430 877707 504343 341106 882861 489262 389853 742225 641790 419479 572072 362433 643392 680550 131383 729973 383551 351304 892913 526644 748469 682679 277241 899402 264866 259225 344386 446297 610098 289491 758490 492408 376089 1 427409 226600 705287 801758 756990 378303 636625 527542 620666 366828 473216 832496 716143 515081 197200 806744 690966 949576 714400 559563 307264 508738 61878 808666 437690 120134 669677 271953 503424 775482 658463 713954 700308 607825 357529 598802 397159 157319 742643 366079 604854 403866 179317
