NAME : domp90p45v3
COMMENT : Cherkesly, Contardo & Gruson 2022
TYPE : DOMP
DIMENSION : 90
DISPLAY_DATA_TYPE : NO_DISPLAY
OPEN_FACILITIES : 45
COST_SECTION
 1 57938 483681 754430 359786 616165 818002 235410 547740 80512 867791 565338 767442 239619 125252 396119 356523 607199 297650 430469 45053 210755 679206 688975 257154 30274 694681 544767 382238 219570 422250 467133 261260 354940 904448 359841 488684 542738 831732 203130 553454 226758 636066 462762 727479 517366 610113 527684 467077 341291 284151 46868 775726 448917 678923 166899 308400 131851 568107 770132 313053 735591 385378 680012 238227 660034 658385 756167 265119 343638 272824 391346 124719 521014 466936 440720 482985 68905 123617 815423 608629 149070 650026 175021 843934 415266 138867 630512 650525 253671
 57938 1 541143 762678 417250 640492 869996 192691 596015 83512 916061 607484 765355 188572 167971 450669 346637 657018 335993 459279 68462 262961 729303 741067 303857 83447 719477 553963 324487 191191 478961 524737 318972 392124 955217 306247 542679 593203 882227 248099 611173 173656 691460 519271 766561 513461 630167 580538 475745 394727 232662 100923 789217 503919 729016 110242 250482 180002 607476 823772 283687 790454 435615 707977 266644 717475 666510 797971 305954 400268 328344 448902 131277 547171 509838 496826 539788 36284 167261 824229 665182 193682 700209 134855 889242 392350 155371 627689 695977 311277
 483681 541143 1 793251 123899 560350 395223 670567 252401 504086 487905 346245 881494 697716 431842 133871 633375 389374 424595 429654 485719 297039 305184 281629 299202 463848 608871 635657 861227 618997 171185 19494 222834 347222 490117 818534 253582 213672 427419 341587 136421 706663 180564 176024 485677 703935 593458 292076 592813 267232 739707 441168 767702 222038 305028 650503 789713 379139 381180 329009 686430 279684 309439 568893 413773 176355 721408 475164 406778 145228 221088 145300 528757 489713 419491 190040 166112 547347 399657 837425 233138 378630 282263 617210 503773 734066 471961 778807 352285 230087
 754430 762678 793251 1 753741 238572 751495 662655 569724 681599 685228 472110 136419 714431 847369 673875 438483 1157706 992029 382288 710743 656853 639081 691049 596972 771733 224450 209669 856180 609796 905811 796455 747107 483010 768815 750189 1008329 609925 719243 612887 929631 879233 765793 935162 443224 276530 199948 1054722 287507 921594 717017 726863 74913 963380 638890 815802 838062 665424 432492 773661 558137 795541 985952 268284 531985 875521 96197 500145 956355 718907 688705 856134 879142 305010 1107380 933491 937393 798503 656547 61792 1026351 642955 630920 675830 607340 465112 615575 185065 536241 740712
 359786 417250 123899 753741 1 534225 492531 551212 281539 382065 569893 354860 826482 576228 313577 93833 534630 404050 335603 373691 362443 179760 377417 368316 196820 340202 594862 575471 737865 502474 152071 107793 99299 277442 585760 697639 254593 253974 517699 229342 218924 583208 288333 183282 515448 625912 558464 301104 521533 196646 618770 317383 739463 209864 377193 526623 666039 258246 381552 433069 574961 389844 255112 560113 311437 300249 672732 518757 311231 36199 103786 102553 409351 450165 377828 179767 189637 423714 279322 803831 301802 260017 350019 496426 570908 632299 354740 712345 394453 106273
 616165 640492 560350 238572 534225 1 531631 599655 331167 557187 485348 233740 351044 651903 684682 448096 393972 934843 807988 189354 577632 470410 407235 457904 406289 625947 79037 178833 820107 535508 685040 565123 544798 285081 564275 723786 786775 371477 505720 437653 696178 788127 527596 711126 240797 303815 50502 832177 219705 715433 669139 578967 207520 743407 407019 719066 781989 502696 194122 544834 520248 561911 779095 80479 378004 636953 191170 298570 773700 501331 484723 636443 736985 96495 902620 712225 711072 673241 500292 277586 793219 480332 396346 591082 414932 468267 485122 300146 305190 539892
 818002 869996 395223 751495 492531 531631 1 943419 286504 809071 121737 332165 877985 984320 801119 426079 817845 726712 818845 536347 804190 607398 149635 129030 570215 806651 527051 691312 1161688 879864 561764 414321 582783 524868 94937 1093545 623633 278841 48959 626473 458367 1043579 216101 555224 310279 804653 581612 649652 693164 662455 1019321 771281 694001 604326 149934 978620 1099155 690291 362764 73777 916040 131762 702221 483466 651955 291907 722307 257092 799009 491374 549967 540520 893298 526606 803969 575411 537614 886692 705146 769403 528149 679037 176174 903772 185648 917126 752764 828460 233616 586649
 235410 192691 670567 662655 551212 599655 943419 1 657371 175239 966428 639068 635565 52849 358452 556463 224422 841850 528482 449645 205911 373541 795061 818433 384555 265659 676217 467694 225853 66561 643462 657109 462087 422260 1019166 151241 718636 666434 946075 332941 762959 223980 794088 684581 777283 390083 574886 759498 394710 573149 76231 256002 704637 676693 794761 173054 182518 293216 627002 909442 112909 886218 620106 676861 291519 842360 570096 819622 497804 525408 449584 606150 317897 519397 701152 664729 702844 220626 271929 723891 828789 291945 767462 60571 924830 226662 199791 500829 738626 453060
 547740 596015 252401 569724 281539 331167 286504 657371 1 529371 320130 99513 675444 699167 553352 190159 537302 641680 613401 264535 528444 339034 137698 166396 292238 540767 366576 450072 877179 593497 409405 263210 345653 238693 363120 807204 502492 41380 289754 348375 380704 769189 199392 423977 236846 548115 372808 543239 432606 477673 733404 500981 533218 465908 137398 702132 816465 416563 138387 261747 630581 255982 533583 324019 365858 305933 512242 237287 585989 262955 297563 368574 637789 284652 653627 433119 417115 616533 428909 606521 476704 402478 110332 619224 301086 638514 469463 595386 113727 346331
 80512 83512 504086 681599 382065 557187 809071 175239 529371 1 848113 533068 689467 194332 202388 399827 276198 670832 374510 377186 37036 210706 665065 680879 238862 107351 636196 472364 359728 145333 468253 489391 289305 314834 891482 316210 544271 530447 818168 182619 589736 244004 641270 509366 689017 438543 546662 585857 394214 400047 237478 83101 706595 501841 664771 174779 291995 125634 530601 767141 237373 737773 449915 625274 185566 678731 585404 722611 340836 359315 283931 431500 200759 464224 539603 489507 527755 117868 106692 742986 653762 131455 636270 116453 817348 336020 72235 552169 624841 280507
 867791 916061 487905 685228 569893 485348 121737 966428 320130 848113 1 329376 817388 1011103 866872 491587 816567 839480 903772 532904 848345 658408 193581 206281 612213 860223 463869 657689 1189829 900846 658466 506012 651820 544433 84784 1113394 728645 328110 73176 668190 567485 1089064 317801 656696 246121 778099 535732 757914 673141 752298 1042629 820999 621369 705273 193830 1021651 1132046 736692 349288 192095 925207 248803 797329 423805 677392 407591 670119 187789 880913 562162 610851 631527 954699 502264 905014 674854 640946 936616 748873 694881 642870 722438 222242 932904 80406 911158 785830 785372 227943 654252
 565338 607484 346245 472110 354860 233740 332165 639068 99513 533068 329376 1 581717 685143 591948 261069 489856 733635 674250 206039 539029 367964 188683 233940 310238 563632 267131 367033 863770 573036 494163 355053 400808 220085 390910 784738 591032 140822 320816 362291 477759 776960 293874 512732 168021 474616 277589 633483 361647 550606 715107 519951 433919 551959 188415 707837 808824 434153 39624 327188 595948 334915 609971 224894 353957 403718 418983 190830 644101 329627 345360 449976 668015 199673 732424 519337 507992 632533 442107 507527 574299 416298 170944 608706 286489 587163 466338 509953 102720 399392
 767442 765355 881494 136419 826482 351044 877985 635565 675444 689467 817388 581717 1 684238 873052 754892 421354 1228549 1029589 454388 722477 705835 758184 808946 651658 788830 353747 251447 805374 592600 977146 882265 804805 549221 900260 698133 1079177 713937 848014 656360 1017345 858851 874424 1009752 573083 252027 304326 1126184 315764 978567 678408 747150 209862 1033050 757971 800992 798955 698073 542511 895265 524154 912890 1042455 395537 567399 980275 163218 630810 993583 790568 749525 927110 890224 394989 1160250 1004971 1014711 801633 685479 158562 1112696 676661 747271 660500 740474 416912 630931 137701 655857 797404
 239619 188572 697716 714431 576228 651903 984320 52849 699167 194332 1011103 685143 684238 1 356407 588771 276643 845419 521648 499102 218771 402062 836789 858207 419773 268954 728673 520423 178746 116915 658430 683339 483457 466708 1061874 122179 728173 706231 988616 366019 783408 179639 828604 699348 826292 440829 627571 767291 447558 580908 44551 268516 757139 687867 836490 139207 130088 318580 674498 947954 160085 922588 623829 728798 334057 871542 622271 867593 493070 552628 476901 623882 302535 570712 697120 678254 718653 209643 298263 775534 844714 320676 808822 81760 971412 271140 233638 550508 783677 474724
 125252 167971 431842 847369 313577 684682 801119 358452 553352 202388 866872 591948 873052 356407 1 376466 473195 490252 172506 495330 165355 225185 673688 673753 287536 95694 760883 639075 477092 344710 332997 413236 218475 404683 892355 472217 383114 539117 821823 247418 474301 292143 601787 370975 759441 627004 686576 417982 563567 235594 400274 127707 860725 348133 673427 253123 401214 183559 602861 745020 438082 703284 269905 739995 316011 604409 752514 779567 139933 309891 256374 313131 97371 588191 342702 346406 393281 150542 190831 907034 515233 206247 644757 298670 854436 538354 244483 737937 663973 214482
 396119 450669 133871 673875 93833 448096 426079 556463 190159 399827 491587 261069 754892 588771 376466 1 501520 486749 423352 300743 388195 189562 298024 297819 174029 382354 505401 506419 759467 500459 238190 129903 160266 213961 516230 706905 339044 166784 445384 223533 264807 622869 241647 263033 422078 570565 475861 384140 460359 290201 628767 350126 654925 296680 297773 560745 691342 275046 288408 374487 561499 339804 348920 469297 285199 288996 597161 427260 396464 72964 124327 191231 467365 368875 471424 264885 263718 463999 293136 721545 358429 268911 269400 507101 485661 602962 356757 647981 303798 162732
 356523 346637 633375 438483 534630 393972 817845 224422 537302 276198 816567 489856 421354 276643 473195 501520 1 899968 641226 284030 311828 365993 668989 703613 338085 381540 466358 245433 431109 172819 665051 625476 473355 305602 880766 331059 758399 558692 810329 311377 752577 442081 710819 704273 600278 170067 362064 804270 177282 629856 283808 345721 480669 712152 668694 381140 403069 321806 467281 799049 127642 788901 688945 473973 223250 785490 345679 649807 605964 500632 434253 618468 474997 328220 794084 691054 716851 382731 303320 499881 835738 305347 644807 240280 762900 102730 230705 283960 592529 464263
 607199 657018 389374 1157706 404050 934843 726712 841850 641680 670832 839480 733635 1228549 845419 490252 486749 899968 1 344717 777474 636960 537598 679005 642838 581716 577225 990620 977116 961939 815187 252070 378858 430996 679636 816536 962443 149579 602993 769688 592045 274288 766601 524666 223734 874324 1016342 961529 102987 918714 272532 889652 587814 1141506 195499 678914 739959 886381 580918 766757 652973 903984 595027 221824 952749 684641 435204 1076497 860198 362989 439268 481308 301991 565050 853598 181961 224303 225769 640575 601227 1207185 200016 595326 660739 781279 872555 986821 681032 1110086 739647 439521
 297650 335993 424595 992029 335603 807988 818845 528482 613401 374510 903772 674250 1029589 521648 172506 423352 641226 344717 1 621781 337530 338490 712404 699541 401974 268198 879956 787746 621167 517191 272780 405223 273701 522975 913482 632069 275471 588769 848280 379183 414510 423462 605157 298270 840745 788772 817706 295986 715409 160657 564351 296512 997341 257743 712188 403098 546342 331548 693696 753598 610587 703546 149842 853047 463083 574864 899407 850034 36006 350455 331452 280494 225356 713081 177203 272071 321822 312016 345099 1049770 423572 352958 685359 469473 906491 710085 410620 897001 727106 275891
 430469 459279 429654 382288 373691 189354 536347 449645 264535 377186 532904 206039 454388 499102 495330 300743 284030 777474 621781 1 394035 283312 389017 427821 220091 438477 266114 206041 675412 383125 525419 429130 366045 101269 596860 589321 627900 293502 526816 248387 564467 615994 455317 556569 327770 286309 196128 674631 170651 540023 524211 391513 377314 582418 388729 546104 627295 313629 183920 523417 394216 520503 604339 249552 193004 547954 299051 372139 587007 338221 306980 475487 549407 92871 726506 553216 560722 490429 312076 435498 659036 291387 366707 428810 481950 381238 305137 349665 308602 360097
 45053 68462 485719 710743 362443 577632 804190 205911 528444 37036 848345 539029 722477 218771 165355 388195 311828 636960 337530 394035 1 198926 662413 675428 236209 70439 656431 501138 375508 181239 439910 470217 266748 324123 888571 340869 512799 526628 815461 180163 565250 240745 629738 480904 698416 472317 569750 553599 423263 367310 262939 50242 733300 471184 662123 174441 304605 114109 539247 759482 273859 727745 415581 643363 201032 661468 614624 729540 303960 342288 268241 405162 168733 483276 503321 460237 499988 96486 99569 771875 626067 125983 633384 145673 820905 373049 95521 585498 627690 258338
 210755 262961 297039 656853 179760 470410 607398 373541 339034 210706 658408 367964 705835 402062 225185 189562 365993 537598 338490 283312 198926 1 468726 478393 64429 201822 543927 457458 570420 322929 299097 283879 107536 185516 693716 522059 393295 332185 621061 54769 397126 436318 431209 338573 534861 480524 479224 439645 390373 274365 443353 163947 659234 346786 468445 372462 501821 85493 377732 560923 395859 528844 337494 519737 147045 469576 566300 557159 303707 151977 76398 253126 300952 374942 454452 325072 352029 279596 104193 713400 473683 81678 439523 320931 638168 459395 175323 579635 445413 98588
 679206 729303 305184 639081 377417 407235 149635 795061 137698 665065 193581 188683 758184 836789 673688 298024 668989 679005 712404 389017 662413 468726 1 53008 426666 670109 418428 554644 1014684 731098 476124 321939 458243 375405 226418 944808 555192 136559 153129 483038 405037 902886 161207 479611 223769 663265 455314 589293 549898 563847 871100 632338 589691 526792 301 836656 953442 549321 223326 139152 766406 156994 612188 373467 503552 273710 597815 190402 688647 368669 418064 444844 762395 387656 724637 495095 466619 748109 562899 665447 491899 536554 29217 756703 198608 768835 606509 695905 102841 460721
 688975 741067 281629 691049 368316 457904 129030 818433 166396 680879 206281 233940 808946 858207 673753 297819 703613 642838 699541 427821 675428 478393 53008 1 442136 677683 471058 600972 1034948 755712 452328 299748 455832 404054 218614 969105 525124 152029 149384 498266 368661 914620 118706 451722 275871 706707 505392 556629 592311 546513 894046 642261 642380 499979 53149 849830 971552 561457 270544 95683 796130 104507 591049 426088 527539 226372 647913 239461 677862 364641 421347 425430 765182 433605 699430 469192 436870 757662 576532 718098 451500 550498 62998 777274 229718 804618 625783 743523 155086 459332
 257154 303857 299202 596972 196820 406289 570215 384555 292238 238862 612213 310238 651658 419773 287536 174029 338085 581716 401974 220091 236209 64429 426666 442136 1 253591 479539 401337 594295 326935 335179 289505 153181 121241 653027 535616 434186 291613 579790 56380 414513 476953 409554 372280 475520 435163 416212 481190 338043 327142 458214 210912 596944 387448 426374 410112 529586 125308 317141 529463 388132 502818 391263 455361 115404 462883 507936 500721 367473 162548 100839 286344 358190 311112 511068 362419 382564 325505 136674 652624 498512 110241 397750 338096 586782 436814 186153 529057 393372 145760
 30274 83447 463848 771733 340202 625947 806651 265659 540767 107351 860223 563632 788830 268954 95694 382354 381540 577225 268198 438477 70439 201822 670109 677683 253591 1 703993 562169 407210 249062 395602 446818 241017 358067 894349 388522 459897 533560 822000 202178 528843 243148 620426 435856 727673 539903 622189 498431 485003 312205 313434 46990 790637 420691 669830 187902 332593 130158 568509 756840 342395 720649 355422 687551 248511 640076 675933 754263 235318 326363 258157 366292 111038 530109 436768 413380 456453 83513 126882 832384 581767 150151 640894 205289 839047 443282 158029 652399 645858 233961
 694681 719477 608871 224450 594862 79037 527051 676217 366576 636196 463869 267131 353747 728673 760883 505401 466358 990620 879956 266114 656431 543927 418428 471058 479539 703993 1 236197 895084 612642 743579 615600 613229 358482 546524 797233 844160 407929 495111 513511 742822 866870 554550 767210 219462 359803 105004 888642 289649 781157 744661 657004 171371 802072 418256 797898 858704 579727 229226 550737 593554 575413 844178 44971 456458 667468 210385 277066 846121 563477 553172 696031 815017 173885 967967 770254 765340 752142 577972 247041 839746 557501 412876 669159 387834 534685 564110 333451 316047 608874
 544767 553963 635657 209669 575471 178833 691312 467694 450072 472364 657689 367033 251447 520423 639075 506419 245433 977116 787746 206041 501138 457458 554644 600972 401337 562169 236197 1 675733 409927 725815 635136 554250 298046 733615 573562 827773 485016 670815 410097 770479 677321 648308 758747 416811 125164 133444 874796 78219 728479 529241 517500 238531 781618 554388 611947 648152 458401 331328 693704 372089 701131 792577 256314 325181 747558 113771 473495 751861 539469 498374 675784 669481 167388 911593 753634 764185 589610 448466 270747 864838 436174 537976 473768 590487 300754 405918 145921 458211 547044
 382238 324487 861227 856180 737865 820107 1161688 225853 877179 359728 1189829 863770 805374 178746 477092 759467 431109 961939 621167 675412 375508 570420 1014684 1034948 594295 407210 895084 675733 1 292414 802359 845657 641214 645450 1240112 107246 860110 883163 1166807 539257 935658 200076 1000711 842259 1003107 579780 791843 894803 607963 712241 151732 421180 906443 823897 1014386 223992 75892 485157 852577 1123653 303709 1096395 745277 898577 512638 1036901 768918 1045384 599282 717524 642811 773352 397028 743215 797684 819110 863259 329007 466391 915477 988045 490656 986553 257986 1149932 392135 409179 680200 962422 633078
 219570 191191 618997 609796 502474 535508 879864 66561 593497 145333 900846 573036 592600 116915 344710 500459 172819 815187 517191 383125 181239 322929 731098 755712 326935 249062 612642 409927 292414 1 604923 606513 418126 357152 954521 213711 685737 603885 881551 278073 717814 269562 735418 645990 710732 342552 512369 728356 334967 543509 142121 228236 648126 642201 730797 208547 246801 247910 560575 847515 93601 825914 594788 612065 228174 788298 515688 753103 484340 474580 399316 564821 322383 453797 684551 627659 662989 225033 226146 671423 788193 242715 703749 67916 858579 201525 147745 455818 672956 408884
 422250 478961 171185 905811 152071 685040 561764 643462 409405 468253 658466 494163 977146 658430 332997 238190 665051 252070 272780 525419 439910 299097 476124 452328 335179 395602 743579 725815 802359 604923 1 154216 192178 427968 656596 780240 102536 374574 596413 353677 145122 624688 345670 41134 646186 770072 710285 149225 669231 113149 702752 389937 890942 58495 475962 580078 727202 358388 524445 492538 686987 439205 140610 707340 443978 302630 824457 640983 263608 187202 234428 50038 427756 602098 248615 27830 60904 473967 380022 955773 186440 368078 452569 584403 674728 757867 460842 860557 516581 201425
 467133 524737 19494 796455 107793 565123 414321 657109 263210 489391 506012 355053 882265 683339 413236 129903 625476 378858 405223 429130 470217 283879 321939 299748 289505 446818 615600 635136 845657 606513 154216 1 205954 343841 509186 804462 240113 225538 446098 329907 135346 689391 199944 161904 498061 700341 596958 280053 590240 248180 725602 425096 772629 206659 321775 633835 773792 364900 389052 348377 675491 299176 291384 576272 404618 193314 723002 489237 387296 131949 207582 126316 510263 492138 402813 174292 153910 530274 385661 841629 230574 365230 298405 603144 520533 725601 459132 777448 365692 213469
 261260 318972 222834 747107 99299 544798 582783 462087 345653 289305 651820 400808 804805 483457 218475 160266 473355 430996 273701 366045 266748 107536 458243 455832 153181 241017 613229 554250 641214 418126 192178 205954 1 264777 674426 605481 285837 326253 604424 162304 300873 483937 384693 232209 567863 585610 560685 332306 491062 174652 526782 220047 742725 239280 457993 427886 568633 170240 420060 526699 496940 486012 238985 583653 254105 399107 659657 579817 243319 91432 60106 147891 312479 452968 360486 217769 246947 324521 191991 801403 370788 177310 429661 405255 644722 565690 271624 681821 458936 9339
 354940 392124 347222 483010 277442 285081 524868 422260 238693 314834 544433 220085 549221 466708 404683 213961 305602 679636 522975 101269 324123 185516 375405 404054 121241 358067 358482 298046 645450 357152 427968 343841 264777 1 597492 570572 530139 255080 524656 158297 478369 558763 405299 460708 374513 356717 296643 577088 246780 438839 498490 312015 478326 484205 375105 489238 589071 228657 215777 498341 392084 484491 503172 335486 133916 484390 397776 408098 488622 241424 205807 377930 467328 190282 625244 455796 466447 419696 231846 536701 570557 207927 348854 389163 506389 408250 246658 436051 317006 258850
 904448 955217 490117 768815 585760 564275 94937 1019166 363120 891482 84784 390910 900260 1061874 892355 516230 880766 816536 913482 596860 888571 693716 226418 218614 653027 894349 546524 733615 1240112 954521 656596 509186 674426 597492 1 1168053 717100 362015 73380 709405 550818 1128858 310972 649543 327585 852060 614773 741994 744466 757343 1095344 857604 705632 698676 226711 1062899 1179553 775218 415730 165720 984876 222707 797089 505627 728012 381408 751108 269532 893325 583183 639293 635416 983504 574353 898141 669992 631613 973309 789115 779360 617043 762802 255278 982221 165120 977603 832557 864369 288259 677945
 359841 306247 818534 750189 697639 723786 1093545 151241 807204 316210 1113394 784738 698133 122179 472217 706905 331059 962443 632069 589321 340869 522059 944808 969105 535616 388522 797233 573562 107246 213711 780240 804462 605481 570572 1168053 1 848404 817171 1095145 483423 905569 240117 945170 821098 916490 474114 693105 886731 508318 700695 78871 390463 801773 808724 944508 231543 122362 439565 770303 1060448 203685 1037459 741502 803179 441685 991582 663986 961335 605559 673326 597490 746021 408050 651151 808925 799763 840566 322318 418882 809158 966598 440413 917446 201331 1069079 285472 350197 573250 885453 596708
 488684 542679 253582 1008329 254593 786775 623633 718636 502492 544271 728645 591032 1079177 728173 383114 339044 758399 149579 275471 627900 512799 393295 555192 525124 434186 459897 844160 827773 860110 685737 102536 240113 285837 530139 717100 848404 1 465534 662516 448045 168637 672724 410959 78524 738099 869318 812593 47108 770149 148143 772723 462641 993009 46754 555063 636120 784257 443988 622711 551381 771462 494931 125853 807192 539892 342663 926919 728745 279740 289706 333427 152414 470316 704490 184458 74847 88574 531911 465079 1058151 149170 456341 534015 658470 752744 848406 545922 961540 605663 294711
 542738 593203 213672 609925 253974 371477 278841 666434 41380 530447 328110 140822 713937 706231 539117 166784 558692 602993 588769 293502 526628 332185 136559 152029 291613 533560 407929 485016 883163 603885 374574 225538 326253 255080 362015 817171 465534 1 289070 347954 340074 766843 163350 387137 272567 579181 412257 505424 463414 448190 742022 495873 574279 430221 136279 701014 820316 413204 179476 244144 646347 230268 502184 365399 375743 266470 550730 267279 562742 239427 282859 335677 626612 321260 620732 397472 379275 611635 427246 647386 435808 400989 107348 625383 318879 660764 474073 630751 142455 327945
 831732 882227 427419 719243 517699 505720 48959 946075 289754 818168 73176 320816 848014 988616 821823 445384 810329 769688 848280 526816 815461 621061 153129 149384 579790 822000 495111 670815 1166807 881551 596413 446098 604424 524656 73380 1095145 662516 289070 1 636164 499185 1055846 252026 592233 276089 787196 556108 690220 677875 693967 1022234 784874 659389 641144 153420 989745 1106175 702226 347646 119290 912966 176562 736311 452504 654825 336192 695027 220284 827021 513470 567793 572345 912235 508847 841042 611439 575536 900616 715971 734306 572093 689640 182081 908897 138389 907978 759180 804810 218741 607650
 203130 248099 341587 612887 229342 437653 626473 332941 348375 182619 668190 362291 656360 366019 247418 223533 311377 592045 379183 248387 180163 54769 483038 498266 56380 202178 513511 410097 539257 278073 353677 329907 162304 158297 709405 483423 448045 347954 636164 1 448043 420877 462586 392964 525531 427410 441860 494357 340598 327119 405430 157705 619400 401549 482746 353817 473801 72072 366333 585011 345982 557210 389573 492837 92897 510307 520721 553112 343593 198618 125852 307304 309843 341228 504488 379761 406005 270866 80864 670618 526745 54514 454128 284261 641531 405556 133235 528321 448154 153348
 553454 611173 136421 929631 218924 696178 458367 762959 380704 589736 567485 477759 1017345 783408 474301 264807 752577 274288 414510 564467 565250 397126 405037 368661 414513 528843 742822 770479 935658 717814 145122 135346 300873 478369 550818 905569 168637 340074 499185 448043 1 764146 250855 116463 606398 834324 729799 191286 725042 257409 827055 516641 903335 161658 404954 715962 861391 470530 514063 385315 792981 328143 271663 702000 529720 174026 857633 588512 407841 252000 322212 162772 570359 626108 352881 142475 93299 609891 492174 973477 97078 475294 387643 705946 598352 850955 570359 912698 470528 309909
 226758 173656 706663 879233 583208 788127 1043579 223980 769189 244004 1089064 776960 858851 179639 292143 622869 442081 766601 423462 615994 240745 436318 902886 914620 476953 243148 866870 677321 200076 269562 624688 689391 483937 558763 1128858 240117 672724 766843 1055846 420877 764146 1 862643 663038 932620 611043 771138 704585 600799 526640 202296 272909 915852 639634 902598 69952 128998 353641 774486 996715 336769 962323 553669 860287 427906 882704 784790 966615 403708 569294 499492 601667 202955 698878 599074 638547 685195 159767 340292 940900 807343 366718 873808 203670 1060585 449787 313225 723252 867654 477033
 636066 691460 180564 765793 288333 527596 216101 794088 199392 641270 317801 293874 874424 828604 601787 241647 710819 524666 605157 455317 629738 431209 161207 118706 409554 620426 554550 648308 1000711 735418 345670 199944 384693 405299 310972 945170 410959 163350 252026 462586 250855 862643 1 340221 379926 741535 570981 440351 625774 447340 867656 590632 724688 389171 161193 801672 932953 516689 333480 148447 788271 101512 486123 510212 511382 114997 711288 351203 586946 294838 363259 325460 697007 483848 589053 359722 323609 703126 534614 799327 332836 510063 151211 746845 348156 813512 595362 793974 246919 390058
 462762 519271 176024 935162 183282 711126 555224 684581 423977 509366 656696 512732 1009752 699348 370975 263033 704273 223734 298270 556569 480904 338573 479611 451722 372280 435856 767210 758747 842259 645990 41134 161904 232209 460708 649543 821098 78524 387137 592233 392964 116463 663038 340221 1 659700 806364 738254 121440 703960 143486 743695 430890 917890 49154 479471 619582 766971 399277 544724 484231 727799 429120 155893 729779 482522 284314 855480 650982 292935 219299 271942 86077 464688 630588 248849 26389 23707 513580 420937 983969 145912 408667 457661 625490 677781 797755 501699 895065 527591 241503
 727479 766561 485677 443224 515448 240797 310279 777283 236846 689017 246121 168021 573083 826292 759441 422078 600278 874324 840745 327770 698416 534861 223769 275871 475520 727673 219462 416811 1003107 710732 646186 498061 567863 374513 327585 916490 738099 272567 276089 525531 606398 932620 379926 659700 1 539958 290811 777722 441797 712093 851978 682998 383844 702433 223686 862869 953613 597601 159374 342404 718519 376045 769400 178043 505015 494629 424007 58334 811150 493112 513139 605272 833703 273330 890152 669653 651634 793473 603863 459148 699305 578656 228745 753994 174144 687890 619548 540023 136119 566765
 517366 513461 703935 276530 625912 303815 804653 390083 548115 438543 778099 474616 252027 440829 627004 570565 170067 1016342 788772 286309 472317 480524 663265 706707 435163 539903 359803 125164 579780 342552 770072 700341 585610 356717 852060 474114 869318 579181 787196 427410 834324 611043 741535 806364 539958 1 258434 916290 115778 754513 441096 499833 328754 822571 662995 551057 562321 458668 441957 801242 282570 803405 816888 381435 334819 833237 190823 595911 752884 589869 535988 720829 639202 278407 929807 797445 815113 549730 443805 336488 924982 438570 644117 410223 712913 190291 382915 114332 571086 577304
 610113 630167 593458 199948 558464 50502 581612 574886 372808 546662 535732 277589 304326 627571 686576 475861 362064 961529 817706 196128 569750 479224 455314 505392 416212 622189 105004 133444 791843 512369 710285 596958 560685 296643 614773 693105 812593 412257 556108 441860 729799 771138 570981 738254 290811 258434 1 858592 184979 733634 642013 575456 182187 768312 455091 702931 757365 503203 238260 593463 489507 609000 797761 123113 373842 678616 142531 348747 782799 524414 501041 661014 732908 108579 920633 737784 739578 664008 498634 245724 826589 480564 443351 570979 464871 429854 475404 249683 353837 555105
 527684 580538 292076 1054722 301104 832177 649652 759498 543239 585857 757914 633483 1126184 767291 417982 384140 804270 102987 295986 674631 553599 439645 589293 556629 481190 498431 888642 874796 894803 728356 149225 280053 332306 577088 741994 886731 47108 505424 690220 494357 191286 704585 440351 121440 777722 916290 858592 1 817255 186511 811808 503628 1038699 93758 589180 670978 818913 488435 665890 576573 815008 519289 151266 851192 586410 362889 973674 766311 305282 336411 380463 199222 501647 750626 175760 121417 126160 567964 509334 1104231 146004 501375 569292 699132 785578 893540 589986 1008646 644181 341103
 467077 475745 592813 287507 521533 219705 693164 394710 432606 394214 673141 361647 315764 447558 563567 460359 177282 918714 715409 170651 423263 390373 549898 592311 338043 485003 289649 78219 607963 334967 669231 590240 491062 246780 744466 508318 770149 463414 677875 340598 725042 600799 625774 703960 441797 115778 184979 817255 1 663895 459190 440760 315633 723593 549623 534839 576449 384579 330688 687215 304888 688161 727528 300181 252383 718182 191362 495476 679434 485334 437584 619428 591759 170927 844634 696912 711162 511402 373533 348789 817295 362691 529966 397573 611723 249180 328212 191393 460162 483360
 341291 394727 267232 921594 196646 715433 662455 573149 477673 400047 752298 550606 978567 580908 235594 290201 629856 272532 160657 540023 367310 274365 563847 546513 327142 312205 781157 728479 712241 543509 113149 248180 174652 438839 757343 700695 148143 448190 693967 327119 257409 526640 447340 143486 712093 754513 733634 186511 663895 1 625441 317481 915815 113115 563652 488284 636424 309115 575634 595658 631629 544467 64360 749064 419891 414287 834302 714555 150531 221437 233045 121943 325422 625417 187201 117240 167110 383814 329094 975520 282291 324525 538054 512731 760911 714822 408578 853832 589907 181511
 284151 232662 739707 717017 618770 669139 1019321 76231 733404 237478 1042629 715107 678408 44551 400274 628767 283808 889652 564351 524211 262939 443353 871100 894046 458214 313434 744661 529241 151732 142121 702752 725602 526782 498490 1095344 78871 772723 742022 1022234 405430 827055 202296 867656 743695 851978 441096 642013 811808 459190 625441 1 312815 763345 732399 870800 173775 121286 360703 702618 984689 158947 960654 668135 747290 367553 912917 626891 894958 536270 594510 518685 667893 343474 591508 740262 722685 762912 252451 340051 777462 888986 361740 843434 122499 1000698 261713 272327 547406 814806 517981
 46868 100923 441168 726863 317383 578967 771281 256002 500981 83101 820999 519951 747150 268516 127707 350126 345721 587814 296512 391513 50242 163947 632338 642261 210912 46990 657004 517500 421180 228236 389937 425096 220047 312015 857604 390463 462641 495873 784874 157705 516641 272909 590632 430890 682998 499833 575456 503628 440760 317481 312815 1 744637 420946 632055 211159 348726 85833 523688 723808 319498 689818 366816 640649 201673 617385 631261 710750 261863 299500 227446 355873 158022 483120 457889 410081 450139 115772 80299 787298 576198 104455 603158 195868 797585 414276 116964 611386 604200 211986
 775726 789217 767702 74913 739463 207520 694001 704637 533218 706595 621369 433919 209862 757139 860725 654925 480669 1141506 997341 377314 733300 659234 589691 642380 596944 790637 171371 238531 906443 648126 890942 772629 742725 478326 705632 801773 993009 574279 659389 619400 903335 915852 724688 917890 383844 328754 182187 1038699 315633 915815 763345 744637 1 949152 589521 850358 883491 677279 394835 720969 604691 746685 979947 216332 545046 836799 137964 439179 962145 705801 683158 841946 900079 290612 1102793 918302 918266 824394 670650 75852 1000404 654598 584203 712284 542386 519043 637800 250861 487405 737048
 448917 503919 222038 963380 209864 743407 604326 676693 465908 501841 705273 551959 1033050 687867 348133 296680 712152 195499 257743 582418 471184 346786 526792 499979 387448 420691 802072 781618 823897 642201 58495 206659 239280 484205 698676 808724 46754 430221 641144 401549 161658 639634 389171 49154 702433 822571 768312 93758 723593 113115 732399 420946 949152 1 526645 600130 748186 399000 582602 533382 727060 478252 110684 765787 493268 332389 881343 695633 256360 244479 286707 107317 438530 660028 199902 32790 69298 494999 420244 1013691 169788 410827 504276 616775 725208 802683 501191 914986 571655 248202
 678923 729016 305028 638890 377193 407019 149934 794761 137398 664771 193830 188415 757971 836490 673427 297773 668694 678914 712188 388729 662123 468445 301 53149 426374 669830 418256 554388 1014386 730797 475962 321775 457993 375105 226711 944508 555063 136279 153420 482746 404954 902598 161193 479471 223686 662995 455091 589180 549623 563652 870800 632055 589521 526645 1 836366 953145 549034 223072 139400 766107 157164 612009 373294 503252 273730 597593 190388 688423 368427 417798 444661 762127 387396 724478 494944 466491 747825 562609 665276 491844 536264 28939 756405 198768 768543 606212 695659 102649 460468
 166899 110242 650503 815802 526623 719066 978620 173054 702132 174779 1021651 707837 800992 139207 253123 560745 381140 739959 403098 546104 174441 372462 836656 849830 410112 187902 797898 611947 223992 208547 580078 633835 427886 489238 1062899 231543 636120 701014 989745 353817 715962 69952 801672 619582 862869 551057 702931 670978 534839 488284 173775 211159 850358 600130 836366 1 148144 288388 704888 933381 284760 900548 521888 790789 358039 826856 720760 897230 378673 510338 438585 553216 177837 629339 580300 596047 640957 106192 273786 877567 765129 300105 807664 140861 992002 398998 243374 664350 799305 420434
 308400 250482 789713 838062 666039 781989 1099155 182518 816465 291995 1132046 808824 798955 130088 401214 691342 403069 886381 546342 627295 304605 501821 953442 971552 529586 332593 858704 648152 75892 246801 727202 773792 568633 589071 1179553 122362 784257 820316 1106175 473801 861391 128998 932953 766971 953613 562321 757365 818913 576449 636424 121286 348726 883491 748186 953145 148144 1 416331 800106 1058799 279931 1029757 669434 858836 455243 965756 747467 993549 523920 646843 572784 698884 321705 700452 723138 743680 788106 253476 398441 898612 912684 423449 924978 200223 1095306 382046 347002 668567 905647 560675
 131851 180002 379139 665424 258246 502696 690291 293216 416563 125634 736692 434153 698073 318580 183559 275046 321806 580918 331548 313629 114109 85493 549321 561457 125308 130158 579727 458401 485157 247910 358388 364900 170240 228657 775218 439565 443988 413204 702226 72072 470530 353641 516689 399277 597601 458668 503203 488435 384579 309115 360703 85833 677279 399000 549034 288388 416331 1 438385 645398 328672 614118 367240 561010 133449 553281 571244 624938 295543 234071 158452 317107 238672 406266 473609 382087 415614 200259 21771 724604 540461 22690 520218 238260 712089 405904 102484 565650 518678 161020
 568107 607476 381180 432492 381552 194122 362764 627002 138387 530601 349288 39624 542511 674498 602861 288408 467281 766757 693696 183920 539247 377732 223326 270544 317141 568509 229226 331328 852577 560575 524445 389052 420060 215777 415730 770303 622711 179476 347646 366333 514063 774486 333480 544724 159374 441957 238260 665890 330688 575634 702618 523688 394835 582602 223072 704888 800106 438385 1 362429 577699 372646 636190 187943 347816 443257 379958 193503 662564 354202 362711 479055 675085 164599 759316 550162 540989 634149 444490 468205 610856 419314 207669 599937 298895 562414 461887 473021 129474 417865
 770132 823772 329009 773661 433069 544834 73777 909442 261747 767141 192095 327188 895265 947954 745020 374487 799049 652973 753598 523417 759482 560923 139152 95683 529463 756840 550737 693704 1123653 847515 492538 348377 526699 498341 165720 1060448 551381 244144 119290 585011 385315 996715 148447 484231 342404 801242 593463 576573 687215 595658 984689 723808 720969 533382 139400 933381 1058799 645398 362429 1 890206 57985 633147 506053 619536 218136 735818 295602 735166 435512 498751 473833 838908 526588 732635 505082 466042 838299 661588 796810 454376 635950 157259 866629 246247 900186 714707 835036 239666 531288
 313053 283687 686430 558137 574961 520248 916040 112909 630581 237373 925207 595948 524154 160085 438082 561499 127642 903984 610587 394216 273859 395859 766406 796130 388132 342395 593554 372089 303709 93601 686987 675491 496940 392084 984876 203685 771462 646347 912966 345982 792981 336769 788271 727799 718519 282570 489507 815008 304888 631629 158947 319498 604691 727060 766107 284760 279931 328672 577699 890206 1 873828 684684 599828 277586 850450 468008 765606 577538 544581 471184 644751 414438 449763 776968 710749 743654 316560 307143 618699 867659 319630 740452 152717 876160 114253 226190 390767 698243 487606
 735591 790454 279684 795541 389844 561911 131762 886218 255982 737773 248803 334915 912890 922588 703284 339804 788901 595027 703546 520503 727745 528844 156994 104507 502818 720649 575413 701131 1096395 825914 439205 299176 486012 484491 222707 1037459 494931 230268 176562 557210 328143 962323 101512 429120 376045 803405 609000 519289 688161 544467 960654 689818 746685 478252 157164 900548 1029757 614118 372646 57985 873828 1 579705 530448 599302 160157 751448 334349 686435 395812 462862 423119 798410 533862 676963 450612 410362 803047 631381 822438 396393 606325 165651 840911 298108 891027 688955 844785 259556 491251
 385378 435615 309439 985952 255112 779095 702221 620106 533583 449915 797329 609971 1042455 623829 269905 348920 688945 221824 149842 604339 415581 337494 612188 591049 391263 355422 844178 792577 745277 594788 140610 291384 238985 503172 797089 741502 125853 502184 736311 389573 271663 553669 486123 155893 769400 816888 797761 151266 727528 64360 668135 366816 979947 110684 612009 521888 669434 367240 636190 633147 684684 579705 1 811525 482077 439609 898613 769380 154709 282423 297369 167643 350719 689474 123805 131223 178448 420443 386444 1039837 273757 383873 587462 559538 810399 771532 464485 917128 644536 245758
