NAME : domp20p5v3
COMMENT : Cherkesly, Contardo & Gruson 2022
TYPE : DOMP
DIMENSION : 20
DISPLAY_DATA_TYPE : NO_DISPLAY
OPEN_FACILITIES : 5
COST_SECTION
 1 934041 440431 748180 411669 386482 34667 260086 546188 484538 839888 694498 626385 658194 413302 582258 727386 711194 901091 407313
 934041 1 880688 337886 643808 553977 918707 1092221 670634 1221461 773913 249475 585874 374697 900687 1076465 881624 788338 544444 1066976
 440431 880688 1 573563 250457 518319 406007 347519 231703 362608 442035 714399 338641 778522 36157 212138 294373 303291 595420 209415
 748180 337886 573563 1 369857 442684 723366 841349 347939 931045 446062 309262 252671 466223 599236 754634 543748 450468 263576 774775
 411669 643808 250457 369857 1 295734 381244 471495 156642 577744 458685 464349 216060 532640 263027 461154 408031 353344 489511 423239
 386482 553977 518319 442684 295734 1 376516 587011 440427 767536 724239 309261 453651 287211 517358 727708 701708 638888 669071 632338
 34667 918707 406007 723366 381244 376516 1 243811 513280 464182 805934 682127 595079 653911 379178 550882 692719 676840 870733 379351
 260086 1092221 347519 841349 471495 587011 243811 1 546625 227721 789547 874045 649694 873522 311443 394951 632643 650750 924290 199246
 546188 670634 231703 347939 156642 440427 513280 546625 1 594214 303162 541262 107352 642192 261875 407504 264729 199003 377748 439885
 484538 1221461 362608 931045 577744 767536 464182 227721 594214 1 761776 1027025 701248 1053191 333134 274371 578622 628252 951632 156306
 839888 773913 442035 446062 458685 724239 805934 789547 303162 761776 1 735815 272098 872163 478107 501426 190122 138926 263492 630418
 694498 249475 714399 309262 464349 309261 682127 874045 541262 1027025 735815 1 488258 164777 727059 923126 791561 705510 572149 877989
 626385 585874 338641 252671 216060 453651 595079 649694 107352 701248 272098 488258 1 610190 369202 504552 304895 217252 278701 547183
 658194 374697 778522 466223 532640 287211 653911 873522 642192 1053191 872163 164777 610190 1 784037 990659 903803 824157 729702 914119
 413302 900687 36157 599236 263027 517358 379178 311443 261875 333134 478107 727059 369202 784037 1 210536 327922 339316 629508 178042
 582258 1076465 212138 754634 461154 727708 550882 394951 407504 274371 501426 923126 504552 990659 210536 1 312699 376909 718390 195709
 727386 881624 294373 543748 408031 701708 692719 632643 264729 578622 190122 791561 304895 903803 327922 312699 1 93897 430933 457240
 711194 788338 303291 450468 353344 638888 676840 650750 199003 628252 138926 705510 217252 824157 339316 376909 93897 1 346064 493019
 901091 544444 595420 263576 489511 669071 870733 924290 377748 951632 263492 572149 278701 729702 629508 718390 430933 346064 1 803610
 407313 1066976 209415 774775 423239 632338 379351 199246 439885 156306 630418 877989 547183 914119 178042 195709 457240 493019 803610 1
LAMBDA_SECTION
1 65
2 932
3 972
4 144
5 809
6 707
7 643
8 667
9 189
10 29
11 258
12 548
13 658
14 649
15 356
16 472
17 523
18 625
19 925
20 744
