NAME : domp40p13v4
COMMENT : Cherkesly, Contardo & Gruson 2022
TYPE : DOMP
DIMENSION : 40
DISPLAY_DATA_TYPE : NO_DISPLAY
OPEN_FACILITIES : 13
COST_SECTION
 1 997186 485372 807985 690519 600658 209590 302005 895069 371520 1080338 408715 488074 541275 590964 1181309 446195 354780 511414 1051056 669335 728826 283856 467575 1217103 508966 641225 518331 1023548 683077 990588 781489 608922 306238 258264 485286 881588 332871 251634 182010
 997186 1 640056 528060 361695 568071 792530 698426 595721 740576 397608 612455 863728 470690 830776 324877 680607 667226 723045 72711 667976 302563 850796 846163 318438 756438 701540 601400 232934 359746 48711 309606 563465 690949 789971 532801 333070 677703 746956 860173
 485372 640056 1 737533 491170 572296 299253 315062 845539 122008 609488 150986 235009 365035 248617 734752 514689 371220 614814 708882 207507 337521 237855 212830 779219 138454 196707 513102 585910 280311 614946 569505 577030 278007 438722 365683 690718 345863 323429 304713
 807985 528060 737533 1 268562 208030 670008 548830 108082 764354 883619 608898 957616 373016 986011 850483 363131 472775 326371 523572 891990 546767 825754 931198 846447 874746 904744 291098 729101 571329 563406 242183 199907 571547 549721 387252 200689 503573 593890 763441
 690519 361695 491170 268562 1 212554 507003 391688 373420 542009 647864 384762 721882 155629 735925 651449 320778 337659 362669 393025 628224 281525 625582 697062 661928 629569 643947 239853 508534 302869 378670 92225 209447 398835 453474 205522 207293 357649 442757 592711
 600658 568071 572296 208030 212554 1 465088 345185 303366 578770 854421 430375 777131 219309 818798 864003 159453 267290 158499 589889 750370 469084 628288 749944 873876 704308 755770 83096 719997 473316 589004 262971 8323 371074 342546 206709 315332 299021 388167 558797
 209590 792530 299253 670008 507003 465088 1 121700 768451 207559 875098 200274 384343 352132 467714 972087 336073 197799 427676 849007 500558 519363 184772 357993 1007546 363398 480141 383573 814130 473545 783778 599226 472689 108210 177485 304246 708474 166447 77569 93726
 302005 698426 315062 548830 391688 345185 121700 1 648287 265708 827956 172782 463029 239734 529498 906325 227948 79448 325759 750239 522197 447377 287569 435506 936782 416367 510863 264936 747378 410145 694904 483598 352606 37822 128246 186504 589787 46695 51103 214678
 895069 595721 845539 108082 373420 303366 768451 648287 1 870571 968114 715836 1064774 480849 1094048 920594 449117 570654 394686 579775 999243 647609 928852 1038242 911059 982637 1012460 385498 809381 675075 635468 335248 295780 672938 637797 492971 263172 602294 691504 862156
 371520 740576 122008 764354 542009 578770 207559 265708 870571 1 731492 157910 200091 396687 265441 854723 489205 338078 588997 806765 299590 440104 116911 172545 898039 156441 275204 508033 703902 384232 719647 628338 584833 228754 372717 377671 748375 307172 255156 189519
 1080338 397608 609488 883619 647864 854421 875098 827956 968114 731492 1 675600 760981 674369 683434 177755 912871 835152 986322 449952 507307 398824 846744 755329 235514 663268 548950 854145 164794 421436 349780 642316 852855 803370 949872 728800 708308 829714 863286 906774
 408715 612455 150986 608898 384762 430375 200274 172782 715836 157910 675600 1 349051 239020 389874 772711 363772 221139 464004 674314 353860 324961 246666 322417 809394 274736 347009 366042 615300 275828 598124 472281 435802 138845 300654 224921 591629 197577 194205 250084
 488074 863728 235009 957616 721882 777131 384343 463029 1064774 200091 760981 349051 1 585740 108514 911263 688641 537394 788028 934365 256550 563820 211269 27596 961626 107646 215596 707750 776277 506969 834293 802869 782961 426965 559956 573520 924099 505985 445730 327254
 541275 470690 365035 373016 155629 219309 352132 239734 480849 396687 674369 239020 585740 1 613651 716905 238515 196982 317040 516694 532625 275887 472933 559685 738495 501794 540172 187000 561591 266035 474340 247678 222191 243933 319337 62312 361155 210740 290730 437101
 590964 830776 248617 986011 735925 818798 467714 529498 1094048 265441 683434 389874 108514 613651 1 842501 747812 598220 848315 902948 177992 540503 308908 124117 895303 115348 137266 755898 717396 486184 796781 809909 823838 491969 637806 612162 930417 568754 520519 422658
 1181309 324877 734752 850483 651449 864003 972087 906325 920594 854723 177755 772711 911263 716905 842501 1 950394 898575 1010213 352422 664556 459009 971614 902486 57766 808637 705707 880665 158952 499187 287081 620846 860788 887449 1019434 776955 657795 899373 947658 1016886
 446195 680607 514689 363131 320778 159453 336073 227948 449117 489205 912871 363772 688641 238515 747812 950394 1 151251 100565 713742 713113 514242 514106 661048 968329 632795 709758 85811 797277 500356 693051 395173 167740 262252 188715 186973 467793 183031 259223 428068
 354780 667226 371220 472775 337659 267290 197799 79448 570654 338078 835152 221139 537394 196982 598220 898575 151251 1 250947 713593 574849 442276 366886 509802 924701 483630 567812 186084 740483 413721 668995 427587 274898 111388 123160 135909 527082 32817 121126 291510
 511414 723045 614814 326371 362669 158499 427676 325759 394686 588997 986322 464004 788028 317040 848315 1010213 100565 250947 1 747505 811874 590562 609122 760448 1023503 733333 809408 132185 861433 583011 741338 420950 164744 361122 264471 274640 469718 282044 352574 517311
 1051056 72711 708882 523572 393025 589889 849007 750239 579775 806765 449952 674314 934365 516694 902948 352422 713742 713593 747505 1 740657 371578 915406 916371 334200 827271 774105 631639 288008 428820 115319 326982 584482 745332 835227 577901 323300 726492 799738 919877
 669335 667976 207507 891990 628224 750370 500558 522197 999243 299590 507307 353860 256550 532625 177992 664556 713113 574849 811874 740657 1 393421 392806 255224 717317 172032 41648 700933 540736 344977 630861 690321 753926 485356 646214 548616 807108 551190 530521 487976
 728826 302563 337521 546767 281525 469084 519363 447377 647609 440104 398824 324961 563820 275887 540503 459009 514242 442276 590562 371578 393421 1 552786 545183 490141 457355 420562 458633 300099 57249 279546 316380 468896 429536 561526 330101 424167 441100 489507 574880
 283856 850796 237855 825754 625582 628288 184772 287569 928852 116911 846744 246666 211269 472933 308908 971614 514106 366886 609122 915406 392806 552786 1 187796 1014918 226534 361419 550573 820709 497817 831900 715347 635250 257661 361928 441264 832807 334069 256690 116078
 467575 846163 212830 931198 697062 749944 357993 435506 1038242 172545 755329 322417 27596 559685 124117 902486 661048 509802 760448 916371 255224 545183 187796 1 952039 94164 215440 680320 764983 488114 817739 778790 755810 399399 533160 546638 899975 478405 418589 303336
 1217103 318438 779219 846447 661928 873876 1007546 936782 911059 898039 235514 809394 961626 738495 895303 57766 968329 924701 1023503 334200 717317 490141 1014918 952039 1 857983 758231 895728 194859 534036 287128 623647 870164 919675 1046642 799568 650007 927333 979609 1055889
 508966 756438 138454 874746 629569 704308 363398 416367 982637 156441 663268 274736 107646 501794 115348 808637 632795 483630 733333 827271 172032 457355 226534 94164 857983 1 136601 640682 670838 400775 726704 707103 709473 378654 528390 497851 828223 454585 410494 331448
 641225 701540 196707 904744 643947 755770 480141 510863 1012460 275204 548950 347009 215596 540172 137266 705707 709758 567812 809408 774105 41648 420562 361419 215440 758231 136601 1 702603 580346 369690 665577 709800 759732 473454 632329 551540 828019 542554 515335 461012
 518331 601400 513102 291098 239853 83096 383573 264936 385498 508033 854145 366042 707750 187000 755898 880665 85811 186084 132185 631639 700933 458633 550573 680320 895728 640682 702603 1 730498 452781 616435 310405 91191 292918 260613 152928 382391 218376 306314 477286
 1023548 232934 585910 729101 508534 719997 814130 747378 809381 703902 164794 615300 776277 561591 717396 158952 797277 740483 861433 288008 540736 300099 820709 764983 194859 670838 580346 730498 1 340757 184990 490660 717457 728583 860939 620780 547673 740746 788769 861149
 683077 359746 280311 571329 302869 473316 473545 410145 675075 384232 421436 275828 506969 266035 486184 499187 500356 413721 583011 428820 344977 57249 497817 488114 534036 400775 369690 452781 340757 1 335845 350879 474135 389050 529282 313515 464233 408828 449369 524503
 990588 48711 614946 563406 378670 589004 783778 694904 635468 719647 349780 598124 834293 474340 796781 287081 693051 668995 741338 115319 630861 279546 831900 817739 287128 726704 665577 616435 184990 335845 1 336531 584938 684850 792140 536643 372297 677195 742244 847550
 781489 309606 569505 242183 92225 262971 599226 483598 335248 628338 642316 472281 802869 247678 809909 620846 395173 427587 420950 326982 690321 316380 715347 778790 623647 707103 709800 310405 490660 350879 336531 1 257502 491059 540785 297198 121244 448724 534628 684769
 608922 563465 577030 199907 209447 8323 472689 352606 295780 584833 852855 435802 782961 222191 823838 860788 167740 274898 164744 584482 753926 468896 635250 755810 870164 709473 759732 91191 717457 474135 584938 257502 1 378185 350828 211676 307896 306525 395847 566385
 306238 690949 278007 571547 398835 371074 108210 37822 672938 228754 803370 138845 426965 243933 491969 887449 262252 111388 361122 745332 485356 429536 257661 399399 919675 378654 473454 292918 728583 389050 684850 491059 378185 1 162352 197053 600982 79224 60327 196245
 258264 789971 438722 549721 453474 342546 177485 128246 637797 372717 949872 300654 559956 319337 637806 1019434 188715 123160 264471 835227 646214 561526 361928 533160 1046642 528390 632329 260613 860939 529282 792140 540785 350828 162352 1 257487 632303 120586 117994 258808
 485286 532801 365683 387252 205522 206709 304246 186504 492971 377671 728800 224921 573520 62312 612162 776955 186973 135909 274640 577901 548616 330101 441264 546638 799568 497851 551540 152928 620780 313515 536643 297198 211676 197053 257487 1 404233 152635 237472 393172
 881588 333070 690718 200689 207293 315332 708474 589787 263172 748375 708308 591629 924099 361155 930417 657795 467793 527082 469718 323300 807108 424167 832807 899975 650007 828223 828019 382391 547673 464233 372297 121244 307896 600982 632303 404233 1 551465 640246 796544
 332871 677703 345863 503573 357649 299021 166447 46695 602294 307172 829714 197577 505985 210740 568754 899373 183031 32817 282044 726492 551190 441100 334069 478405 927333 454585 542554 218376 740746 408828 677195 448724 306525 79224 120586 152635 551465 1 91002 260007
 251634 746956 323429 593890 442757 388167 77569 51103 691504 255156 863286 194205 445730 290730 520519 947658 259223 121126 352574 799738 530521 489507 256690 418589 979609 410494 515335 306314 788769 449369 742244 534628 395847 60327 117994 237472 640246 91002 1 171090
 182010 860173 304713 763441 592711 558797 93726 214678 862156 189519 906774 250084 327254 437101 422658 1016886 428068 291510 517311 919877 487976 574880 116078 303336 1055889 331448 461012 477286 861149 524503 847550 684769 566385 196245 258808 393172 796544 260007 171090 1
LAMBDA_SECTION
1 843
2 944
3 31
4 170
5 119
6 199
7 485
8 396
9 296
10 568
11 590
12 420
13 994
14 492
15 408
16 570
17 850
18 5
19 632
20 107
21 239
22 135
23 322
24 533
25 780
26 649
27 133
28 20
29 446
30 120
31 241
32 252
33 924
34 830
35 834
36 567
37 405
38 665
39 121
40 700
