NAME : domp60p20v10
COMMENT : Cherkesly, Contardo & Gruson 2022
TYPE : DOMP
DIMENSION : 60
DISPLAY_DATA_TYPE : NO_DISPLAY
OPEN_FACILITIES : 20
COST_SECTION
 1 260665 503314 706390 251820 107631 814514 144548 822466 266704 740037 641844 515504 30468 495656 182838 793633 934562 689221 443248 342833 192248 600432 308217 573226 629634 744689 391162 550869 600912 198519 80086 165912 447428 51158 314925 281336 270678 386345 741551 488329 129919 856108 763156 607829 539445 512848 692302 419888 602791 751278 308584 559403 217034 262282 588306 768120 203710 266180 481432
 260665 1 599691 696524 275285 361614 618389 266596 736133 402455 501957 387948 265151 263049 552747 443405 720954 813944 628509 289609 206734 350663 664560 94432 414204 370630 494128 130656 711970 727195 64631 340503 104884 285693 283009 59210 441149 250834 174041 519434 236565 263086 732966 716430 683890 296061 652277 434540 528083 654943 494428 487425 597076 139788 483224 459035 507836 132782 156223 429312
 503314 599691 1 299220 748071 542358 743741 647393 514793 761549 810829 803716 833935 473105 89133 517347 469063 665045 380338 881052 453540 311251 112855 692260 519301 892336 1039682 675297 186732 137914 580749 490759 518824 488474 548481 651618 764272 352765 773729 761559 806066 632852 610533 401247 108246 692382 109224 956558 83612 130750 907664 234739 134262 459905 332075 467163 994898 650148 711699 303247
 706390 696524 299220 1 918266 775798 559603 838265 234371 972762 698030 746552 864495 676865 239504 774910 186663 385880 140662 983813 496399 535097 202668 788807 415233 879529 1027532 720014 463622 368072 705418 721476 653103 465631 757071 731809 986597 463606 856732 628257 841084 824994 348807 109617 230728 656473 397540 935375 353572 174951 828814 511987 171369 572991 608903 340624 945858 791364 841756 269084
 251820 275285 748071 918266 1 275547 892110 113780 993895 154518 758382 626191 417955 279949 729264 363633 973314 1082798 874364 244562 465518 440501 838476 235285 687136 548887 622141 369643 802434 851599 231438 300188 269566 556702 219379 289478 201373 455421 265641 786307 399334 127374 1001855 957417 849313 555247 764182 599079 665623 837163 718718 560271 787861 352915 506292 726164 688786 143688 136849 665622
 107631 361614 542358 775798 275547 1 920500 163850 909954 225817 847371 746753 606331 122743 551176 91785 878317 1028295 772994 501833 448381 241524 647914 396166 676838 725630 833148 492090 553704 620535 297551 54327 272194 552884 80090 412510 222389 366246 467639 849138 580330 152487 951070 841760 650173 646021 530167 786659 459599 654781 855199 320574 618577 323899 245271 687757 865716 280555 335169 569562
 814514 618389 743741 559603 892110 920500 1 876969 383414 1018579 218657 353272 589824 798067 654624 973994 413772 330887 419042 808106 472144 755819 707822 666609 253184 520182 633521 534363 929554 867221 672488 877474 664026 367800 857245 605469 1054339 571519 682826 141225 583153 870376 279670 478425 741054 354756 850817 545925 737459 679196 367894 834166 629596 597721 899302 280354 507312 751115 761820 449495
 144548 266596 647393 838265 113780 163850 876969 1 935169 145298 768413 649211 472670 174420 636156 254128 910353 1035929 808104 340636 421580 336662 742747 266626 652744 599407 692159 386603 691752 745028 206073 186450 217708 521714 106460 302270 177424 383654 324479 784850 449441 14648 955732 886936 751196 562449 656539 656049 564099 743835 750843 450233 698032 296988 392935 681285 741032 147052 185625 598070
 822466 736133 514793 234371 993895 909954 383414 935169 1 1078478 569011 658797 835621 796045 437904 929038 47728 152178 142606 1002500 531161 682744 432199 818053 350299 815153 953561 717074 691087 600265 764553 856977 725523 457305 873239 754682 1101055 553654 869384 489512 817771 923777 122118 125782 462385 597602 620251 860184 550640 402899 715743 697054 380532 642271 787888 284536 848037 854151 891802 341149
 266704 402455 761549 972762 154518 225817 1018579 145298 1078478 1 900062 773256 572135 296702 760801 290534 1052567 1180981 949490 390458 566799 452260 863165 381951 797581 702872 775622 512480 779295 845643 346093 272618 362840 666412 216805 429159 47333 525420 419721 921691 552888 155327 1100869 1026432 868224 694695 755399 753574 678041 867191 869206 545675 825503 442205 470228 826565 843090 272452 286315 739781
 740037 501957 810829 698030 758382 847371 218657 768413 569011 900062 1 149614 399067 731011 725763 916394 588989 544032 562350 630708 425690 734467 804251 523348 296110 309706 415131 388823 986688 945565 564460 813503 575764 340429 774208 471030 941038 547783 517580 81337 399073 765026 483293 639544 836091 205970 909045 328939 782054 778900 150762 840675 720926 530706 885308 363153 289475 627763 622012 509131
 641844 387948 803716 746552 626191 746753 353272 649211 658797 773256 149614 1 249734 637806 725450 823406 669838 660739 621842 482908 370070 670853 817987 391663 331833 167264 295069 262632 966600 941499 452500 719411 476112 315322 669672 346985 816290 494617 374958 213077 251200 647701 591631 707447 847584 115259 892104 202156 760703 796023 112571 791110 734889 448669 820685 407222 199562 503982 489401 517244
 515504 265151 833935 864495 417955 606331 589824 472670 835621 572135 399067 249734 1 523006 772825 694371 835080 869332 763366 235789 385872 613561 880188 210282 485408 131174 229752 158760 965067 967959 319379 595169 369941 399361 526348 206071 618422 483122 152422 455243 28913 475878 793263 853975 904389 245038 900133 183455 770787 864906 315598 749173 803529 389331 748374 554973 271028 329106 289834 601192
 30468 263049 473105 676865 279949 122743 798067 174420 796045 296702 731011 637806 523006 1 465231 186036 766521 910110 661844 463332 325929 162248 569972 318806 554128 633603 752697 392346 523904 571914 203774 82500 162730 430337 80212 319495 310132 246292 399247 729368 495300 159831 832096 734854 577453 532833 484243 697154 389736 572336 748289 281619 529108 202898 241252 566285 770670 221088 285008 454897
 495656 552747 89133 239504 729264 551176 654624 636156 437904 760801 725763 725450 772825 465231 1 540842 393818 585786 299283 839947 387669 310392 112168 646906 432445 822535 971151 615407 275601 219805 542470 497437 482527 410540 544243 600749 769009 301917 725533 674516 745687 622001 527671 331764 132071 616215 197423 885686 115074 107925 827122 272492 69456 414484 369626 378531 919380 618990 677505 216775
 182838 443405 517347 774910 363633 91785 973994 254128 929038 290534 916394 823406 694371 186036 540842 1 893995 1055563 788633 593379 504200 246345 627760 484764 724958 811289 922239 573967 499514 577495 380663 103996 347434 607063 169180 496852 274090 406301 558064 912286 667861 243464 980757 850346 625378 718867 487550 873272 438119 638630 933440 284214 610040 386370 193134 727260 950404 371040 426724 593939
 793633 720954 469063 186663 973314 878317 413772 910353 47728 1052567 588989 669838 835080 766521 393818 893995 1 199740 105500 993077 514564 647706 384817 805518 350841 822104 963318 710254 644129 552711 745833 824891 703999 448023 844640 742952 1073599 527154 860490 511115 815947 898565 166184 78538 414838 601525 573841 869762 507407 355615 733037 656172 334860 620572 748271 280221 862589 835324 875639 312868
 934562 813944 665045 385880 1082798 1028295 330887 1035929 152178 1180981 544032 660739 869332 910110 585786 1055563 199740 1 286646 1059929 617910 810914 584359 887078 402537 825969 952635 771985 842886 752431 851361 976796 820324 528254 984283 822641 1207482 663970 927198 462952 855725 1025680 81007 276477 614553 624426 771383 861558 696617 555018 694787 837848 530945 739037 925603 356670 833168 939910 969784 461625
 689221 628509 380338 140662 874364 772994 419042 808104 142606 949490 562350 621842 763366 661844 299283 788633 105500 286646 1 906897 421886 542313 310343 715970 291048 764065 909617 629407 562034 478751 649263 719502 604800 366936 740296 654802 969666 424468 775606 490381 742224 796061 230587 90768 342691 540513 488154 816441 410135 280420 697648 554610 247330 521514 645288 215647 819649 738359 781419 210057
 443248 289609 881052 983813 244562 501833 808106 340636 1002500 390458 630708 482908 235789 463332 839947 593379 993077 1059929 906897 1 488385 601708 952062 195593 659506 358236 394964 288047 974005 1002644 300394 511960 362634 545460 430477 252722 437578 538810 133308 680160 231763 350224 980496 996575 970031 453505 922217 393009 805092 943515 550433 736161 886258 425520 704523 718415 486135 243594 178800 715162
 342833 206734 453540 496399 465518 448381 472144 421580 531161 566799 425690 370070 385872 325929 387669 504200 514564 617910 421886 488385 1 308924 494321 294904 232637 439236 586151 230495 602415 590242 234415 405784 203996 104597 387141 235770 597011 125053 360333 410663 359284 412530 537116 510226 518807 254811 530906 503992 398906 479266 481308 421938 418138 127672 459901 261377 548844 323787 361115 227321
 192248 350663 311251 535097 440501 241524 755819 336662 682744 452260 734467 670853 613561 162248 310392 246345 647706 810914 542313 601708 308924 1 410906 430847 502733 705293 839609 462685 372447 411538 309731 187427 249445 400401 237446 409542 458757 188315 515257 714849 584677 322065 737327 605500 416605 557018 325537 771182 227729 415522 783367 137197 377231 229667 151025 493472 832394 359694 424265 349841
 600432 664560 112855 202668 838476 647914 707822 742747 432199 863165 804251 817987 880188 569972 112168 627760 384817 584359 310343 952062 494321 410906 1 758802 508141 924097 1073347 723759 260955 168844 654598 595213 594510 506386 647718 711890 868564 413752 836999 746199 853462 728416 538679 310883 33255 712266 196919 986112 189807 29924 915414 346812 83614 526564 444523 444873 1014767 730585 789460 300928
 308217 94432 692260 788807 235285 396166 666609 266626 818053 381951 523348 391663 210282 318806 646906 484764 805518 887078 715970 195593 294904 430847 758802 1 484610 333503 437506 135279 798320 818043 121420 387046 181775 361882 316272 64446 425759 345052 84440 554171 184954 268300 806477 804874 777840 321640 741190 392080 619145 749349 487828 567981 691502 232977 553179 536621 475021 120225 98665 520598
 573226 414204 519301 415233 687136 676838 253184 652744 350299 797581 296110 331833 485408 554128 432445 724958 350841 402537 291048 659506 232637 502733 508141 484610 1 474044 618703 371639 699880 651915 457016 631203 435150 131309 618902 420166 829010 319841 526318 242264 467508 644224 322132 378698 540018 251441 621308 525446 499329 482878 415314 583560 424841 360229 646328 75526 530791 543463 569011 216054
 629634 370630 892336 879529 548887 725630 520182 599407 815153 702872 309706 167264 131174 633603 822535 811289 822104 825969 764065 358236 439236 705293 924097 333503 474044 1 149526 244277 1038667 1029382 431126 709719 473887 420748 645593 314714 748976 552993 283246 379409 150582 601657 755076 852608 951141 223713 969068 66042 837366 905394 196673 836966 843432 475783 847506 548778 141626 453707 419060 630084
 744689 494128 1039682 1027532 622141 833148 633521 692159 953561 775622 415131 295069 229752 752697 971151 922239 963318 952635 909617 394964 586151 839609 1073347 437506 618703 149526 1 377574 1182137 1176283 549125 824104 599011 570243 753498 435328 822878 696446 367914 493237 257838 696968 885533 997264 1100190 371059 1113951 93563 982698 1054818 271396 973816 992853 612052 977060 693979 139609 553400 506570 779588
 391162 130656 675297 720014 369643 492090 534363 386603 717074 512480 388823 262632 158760 392346 615407 573967 710254 771985 629407 288047 230495 462685 723759 135279 371639 244277 377574 1 807522 809200 194575 470845 230728 262913 413131 84354 554658 324426 155250 419106 130772 385304 692461 720030 747249 186374 741782 309605 612138 709453 365792 596287 648512 234479 603372 432539 378591 241602 233690 452636
 550869 711970 186732 463622 802434 553704 929554 691752 691087 779295 986688 966600 965067 523904 275601 499514 644129 842886 562034 974005 602415 372447 260955 798320 699880 1038667 1182137 807522 1 108350 678807 511299 616899 654696 585648 768805 770570 485840 882548 941686 936356 677278 792590 571502 234436 852599 78856 1104238 206151 289183 1074155 242324 314953 576852 309445 651521 1151132 732089 796705 484800
 600912 727195 137914 368072 851599 620535 867221 745028 600265 845643 945565 941499 967959 571914 219805 577495 552711 752431 478751 1002644 590242 411538 168844 818043 651915 1029382 1176283 809200 108350 1 702772 573404 640319 626204 641209 781059 841775 485075 900856 893712 939822 730384 707516 477455 137880 830293 90448 1093821 199121 198679 1045006 300005 238452 588010 384362 595596 1132794 765924 829214 436543
 198519 64631 580749 705418 231438 297551 672488 206073 764553 346093 564460 452500 319379 203774 542470 380663 745833 851361 649263 300394 234415 309731 654598 121420 457016 431126 549125 194575 678807 702772 1 278600 62474 326038 218596 116412 382622 245354 205662 578835 291557 201303 770420 734785 671268 358919 623720 494007 504810 647793 559033 446767 592524 132656 432908 494730 569758 89600 136906 443607
 80086 340503 490759 721476 300188 54327 877474 186450 856977 272618 813503 719411 595169 82500 497437 103996 824891 976796 719502 511960 405784 187427 595213 387046 631203 709719 824104 470845 511299 573404 278600 1 243466 509723 82470 395008 273587 316862 463617 811275 568132 172878 900041 787699 598248 615132 483335 772359 407636 601521 829481 273743 564617 284728 207199 639068 848129 278348 338282 517071
 165912 104884 518824 653103 269566 272194 664026 217708 725523 362840 575764 476112 369941 162730 482527 347434 703999 820324 604800 362634 203996 249445 594510 181775 435150 473887 599011 230728 616899 640319 62474 243466 1 304321 198687 163872 393953 189895 266203 581425 341410 209092 739795 688199 610459 373832 561306 538368 442468 588577 586015 386641 534359 83427 378486 464561 609310 138765 194985 396314
 447428 285693 488474 465631 556702 552884 367800 521714 457305 666412 340429 315322 399361 430337 410540 607063 448023 528254 366936 545460 104597 400401 506386 361882 131309 420748 570243 262913 654696 626204 326038 509723 304321 1 491493 297967 698274 212096 412596 314513 376821 513399 447282 457674 534892 206075 578897 481025 448576 486218 420008 500534 424395 231682 549750 174748 509134 413146 441595 209351
 51158 283009 548481 757071 219379 80090 857245 106460 873239 216805 774208 669672 526348 80212 544243 169180 844640 984283 740296 430477 387141 237446 647718 316272 618902 645593 753498 413131 585648 641209 218596 82470 198687 491493 1 332840 230218 320771 388891 779599 500274 92251 905560 814309 654038 571161 552129 706569 464882 650954 777279 344625 608710 259882 286932 636450 785788 201917 259022 532298
 314925 59210 651618 731809 289478 412510 605469 302270 754682 429159 471030 346985 206071 319495 600749 496852 742952 822641 654802 252722 235770 409542 711890 64446 420166 314714 435328 84354 768805 781059 116412 395008 163872 297967 332840 1 470831 299828 126072 496832 177582 301130 742054 744197 732540 266326 707780 377739 582022 700770 449391 546112 641697 193244 542334 472637 453599 157482 156378 462868
 281336 441149 764272 986597 201373 222389 1054339 177424 1101055 47333 941038 816290 618422 310132 769009 274090 1073599 1207482 969666 437578 597011 458757 868564 425759 829010 748976 822878 554658 770570 841775 382622 273587 393953 698274 230218 470831 1 547420 466006 960519 598783 184907 1127821 1044443 871832 735295 751330 800205 681216 874187 913493 542211 835073 470735 461246 854870 889438 313449 331344 760827
 270678 250834 352765 463606 455421 366246 571519 383654 553654 525420 547783 494617 483122 246292 301917 406301 527154 663970 424468 538810 125053 188315 413752 345052 319841 552993 696446 324426 485840 485075 245354 316862 189895 212096 320771 299828 547420 1 423851 526537 454862 371603 585809 504011 433221 379417 417927 618701 287730 404708 606163 296892 347978 113728 338162 322267 669298 328598 382197 214483
 386345 174041 773729 856732 265641 467639 682826 324479 869384 419721 517580 374958 152422 399247 725533 558064 860490 927198 775606 133308 360333 515257 836999 84440 526318 283246 367914 155250 882548 900856 205662 463617 266203 412596 388891 126072 466006 423851 1 559792 134233 329062 847582 865632 857056 328636 824832 334794 701797 826362 458261 652369 767533 313825 635997 585187 423433 187096 139282 587652
 741551 519434 761559 628257 786307 849138 141225 784850 489512 921691 81337 213077 455243 729368 674516 912286 511115 462952 490381 680160 410663 714849 746199 554171 242264 379409 493237 419106 941686 893712 578835 811275 581425 314513 779599 496832 960519 526537 559792 1 451133 780015 402004 564484 778650 233092 863244 404902 739707 719741 231993 811819 663673 526556 864218 301431 370249 649893 651976 458314
 488329 236565 806066 841084 399334 580330 583153 449441 817771 552888 399073 251200 28913 495300 745687 667861 815947 855725 742224 231763 359284 584677 853462 184954 467508 150582 257838 130772 936356 939822 291557 568132 341410 376821 500274 177582 598783 454862 134233 451133 1 452126 778836 832938 877384 233186 871623 207166 742452 838523 325840 720263 777277 360471 719773 535729 291999 304648 268489 576589
 129919 263086 632852 824994 127374 152487 870376 14648 923777 155327 765026 647701 475878 159831 622001 243464 898565 1025680 796061 350224 412530 322065 728416 268300 644224 601657 696968 385304 677278 730384 201303 172878 209092 513399 92251 301130 184907 371603 329062 780015 452126 1 945610 874460 736747 559146 641909 659063 549537 729638 750324 435690 684072 287109 378998 671552 743241 148132 191026 586080
 856108 732966 610533 348807 1001855 951070 279670 955732 122118 1100869 483293 591631 793263 832096 527671 980757 166184 81007 230587 980496 537116 737327 538679 806477 322132 755076 885533 692461 792590 707516 770420 900041 739795 447282 905560 742054 1127821 585809 847582 402004 778836 945610 1 244085 570294 548892 718654 793479 635272 508841 633543 771049 477904 658766 856401 275792 770321 858927 888839 387488
 763156 716430 401247 109617 957417 841760 478425 886936 125782 1026432 639544 707447 853975 734854 331764 850346 78538 276477 90768 996575 510226 605500 310883 804874 378698 852608 997264 720030 571502 477455 734785 787699 688199 457674 814309 744197 1044443 504011 865632 564484 832938 874460 244085 1 339844 629382 503346 903896 446733 282320 778953 600571 268349 605339 695198 303854 903964 823399 868198 291890
 607829 683890 108246 230728 849313 650173 741054 751196 462385 868224 836091 847584 904389 577453 132071 625378 414838 614553 342691 970031 518807 416605 33255 777840 540018 951141 1100190 747249 234436 137880 671268 598248 610459 534892 654038 732540 871832 433221 857056 778650 877384 736747 570294 339844 1 740941 175692 1013591 190620 62682 945910 342085 115183 545022 438675 477439 1043772 745197 805079 331126
 539445 296061 692382 656473 555247 646021 354756 562449 597602 694695 205970 115259 245038 532833 616215 718867 601525 624426 540513 453505 254811 557018 712266 321640 251441 223713 371059 186374 852599 830293 358919 615132 373832 206075 571161 266326 735295 379417 328636 233092 233186 559146 548892 629382 740941 1 778678 279196 646983 691624 226933 676038 629945 338170 707329 325558 303172 422258 419887 413353
 512848 652277 109224 397540 764182 530167 850817 656539 620251 755399 909045 892104 900133 484243 197423 487550 573841 771383 488154 922217 530906 325537 196919 741190 621308 969068 1113951 741782 78856 90448 623720 483335 561306 578897 552129 707780 751330 417927 824832 863244 871623 641909 718654 503346 175692 778678 1 1034318 132056 222838 998794 209726 240917 514676 294469 572667 1078695 683078 746990 406038
 692302 434540 956558 935375 599079 786659 545925 656049 860184 753574 328939 202156 183455 697154 885686 873272 869762 861558 816441 393009 503992 771182 986112 392080 525446 66042 93563 309605 1104238 1093821 494007 772359 538368 481025 706569 377739 800205 618701 334794 404902 207166 659063 793479 903896 1013591 279196 1034318 1 902515 966835 193835 902994 904909 541732 912974 600796 93142 511790 473130 690223
 419888 528083 83612 353572 665623 459599 737459 564099 550640 678041 782054 760703 770787 389736 115074 438119 507407 696617 410135 805092 398906 227729 189807 619145 499329 837366 982698 612138 206151 199121 504810 407636 442468 448576 464882 582022 681216 287730 701797 739707 742452 549537 635272 446733 190620 646983 132056 902515 1 201092 868021 160350 182238 388912 258437 457173 946669 571043 633439 288082
 602791 654943 130750 174951 837163 654781 679196 743835 402899 867191 778900 796023 864906 572336 107925 638630 355615 555018 280420 943515 479266 415522 29924 749349 482878 905394 1054818 709453 289183 198679 647793 601521 588577 486218 650954 700770 874187 404708 826362 719741 838523 729638 508841 282320 62682 691624 222838 966835 201092 1 892132 360621 61965 518195 458728 418311 993514 725735 783505 278838
 751278 494428 907664 828814 718718 855199 367894 750843 715743 869206 150762 112571 315598 748289 827122 933440 733037 694787 697648 550433 481308 783367 915414 487828 415314 196673 271396 365792 1074155 1045006 559033 829481 586015 420008 777279 449391 913493 606163 458261 231993 325840 750324 633543 778953 945910 226933 998794 193835 868021 892132 1 902912 831875 561008 933252 488514 139486 604231 583116 614798
 308584 487425 234739 511987 560271 320574 834166 450233 697054 545675 840675 791110 749173 281619 272492 284214 656172 837848 554610 736161 421938 137197 346812 567981 583560 836966 973816 596287 242324 300005 446767 273743 386641 500534 344625 546112 542211 296892 652369 811819 720263 435690 771049 600571 342085 676038 209726 902994 160350 360621 902912 1 341299 361880 98146 558286 960595 492969 557821 395320
 559403 597076 134262 171369 787861 618577 629596 698032 380532 825503 720926 734889 803529 529108 69456 610040 334860 530945 247330 886258 418138 377231 83614 691502 424841 843432 992853 648512 314953 238452 592524 564617 534359 424395 608710 641697 835073 347978 767533 663673 777277 684072 477904 268349 115183 629945 240917 904909 182238 61965 831875 341299 1 461703 438736 362671 932067 672386 728872 217661
 217034 139788 459905 572991 352915 323899 597721 296988 642271 442205 530706 448669 389331 202898 414484 386370 620572 739037 521514 425520 127672 229667 526564 232977 360229 475783 612052 234479 576852 588010 132656 284728 83427 231682 259882 193244 470735 113728 313825 526556 360471 287109 658766 605339 545022 338170 514676 541732 388912 518195 561008 361880 461703 1 375209 384445 603145 218859 269489 313483
 262282 483224 332075 608903 506292 245271 899302 392935 787888 470228 885308 820685 748374 241252 369626 193134 748271 925603 645288 704523 459901 151025 444523 553179 646328 847506 977060 603372 309445 384362 432908 207199 378486 549750 286932 542334 461246 338162 635997 864218 719773 378998 856401 695198 438675 707329 294469 912974 258437 458728 933252 98146 438736 375209 1 629654 977840 462182 526255 473620
 588306 459035 467163 340624 726164 687757 280354 681285 284536 826565 363153 407222 554973 566285 378531 727260 280221 356670 215647 718415 261377 493472 444873 536621 75526 548778 693979 432539 651521 595596 494730 639068 464561 174748 636450 472637 854870 322267 585187 301431 535729 671552 275792 303854 477439 325558 572667 600796 457173 418311 488514 558286 362671 384445 629654 1 605962 583442 615237 169145
 768120 507836 994898 945858 688786 865716 507312 741032 848037 843090 289475 199562 271028 770670 919380 950404 862589 833168 819649 486135 548844 832394 1014767 475021 530791 141626 139609 378591 1151132 1132794 569758 848129 609310 509134 785788 453599 889438 669298 423433 370249 291999 743241 770321 903964 1043772 303172 1078695 93142 946669 993514 139486 960595 932067 603145 977840 605962 1 595243 560303 714724
 203710 132782 650148 791364 143688 280555 751115 147052 854151 272452 627763 503982 329106 221088 618990 371040 835324 939910 738359 243594 323787 359694 730585 120225 543463 453707 553400 241602 732089 765924 89600 278348 138765 413146 201917 157482 313449 328598 187096 649893 304648 148132 858927 823399 745197 422258 683078 511790 571043 725735 604231 492969 672386 218859 462182 583442 595243 1 64874 531823
 266180 156223 711699 841756 136849 335169 761820 185625 891802 286315 622012 489401 289834 285008 677505 426724 875639 969784 781419 178800 361115 424265 789460 98665 569011 419060 506570 233690 796705 829214 136906 338282 194985 441595 259022 156378 331344 382197 139282 651976 268489 191026 888839 868198 805079 419887 746990 473130 633439 783505 583116 557821 728872 269489 526255 615237 560303 64874 1 578195
 481432 429312 303247 269084 665622 569562 449495 598070 341149 739781 509131 517244 601192 454897 216775 593939 312868 461625 210057 715162 227321 349841 300928 520598 216054 630084 779588 452636 484800 436543 443607 517071 396314 209351 532298 462868 760827 214483 587652 458314 576589 586080 387488 291890 331126 413353 406038 690223 288082 278838 614798 395320 217661 313483 473620 169145 714724 531823 578195 1
LAMBDA_SECTION
1 55
2 844
3 752
4 17
5 8
6 604
7 963
8 399
9 971
10 132
11 99
12 24
13 538
14 286
15 833
16 674
17 614
18 963
19 700
20 558
21 539
22 361
23 679
24 427
25 257
26 841
27 19
28 643
29 292
30 472
31 333
32 345
33 61
34 45
35 547
36 720
37 388
38 303
39 62
40 747
41 675
42 243
43 581
44 772
45 967
46 997
47 738
48 212
49 828
50 872
51 36
52 819
53 519
54 687
55 46
56 570
57 49
58 824
59 424
60 719
