NAME : domp30p7v9
COMMENT : Cherkesly, Contardo & Gruson 2022
TYPE : DOMP
DIMENSION : 30
DISPLAY_DATA_TYPE : NO_DISPLAY
OPEN_FACILITIES : 7
COST_SECTION
 1 551622 438803 423712 454300 760336 421286 214181 477157 403164 700734 715085 272081 319521 377147 598495 558229 156329 242066 254657 239672 247873 370183 582805 411579 355955 76931 289531 744157 780790
 551622 1 133869 698706 865530 213641 606392 502533 386861 920264 878526 730366 406606 771724 310833 736705 401564 671239 676363 680161 611996 457830 283300 439832 956356 587550 599505 470589 341988 724103
 438803 133869 1 566749 731691 324527 477407 431976 401777 792038 758477 629456 351490 639493 182392 617297 313224 546516 595480 547884 478939 396510 152543 352683 834466 544317 478694 336986 349378 637432
 423712 698706 566749 1 213554 847526 108430 625610 829408 402323 277868 356435 646183 227599 389043 199605 418732 330657 655191 200533 184462 643851 415414 412375 512318 775370 363288 235064 683591 449301
 454300 865530 731691 213554 1 1034218 319657 668125 919791 229402 383253 542820 719092 137437 568022 375689 628680 307669 639400 206618 259805 701172 588774 624701 352782 802684 378063 397656 891441 642004
 760336 213641 324527 847526 1034218 1 745020 714590 561474 1113909 980737 793707 616293 954701 466262 841818 473605 870760 889374 863590 792176 668341 447422 503839 1158984 789975 803099 637457 280416 759955
 421286 606392 477407 108430 319657 745020 1 603636 775525 490080 303322 300832 606789 307912 295724 180241 310362 366574 662351 252385 204425 613099 324877 305046 590957 756198 376057 168302 575169 381183
 214181 502533 431976 625610 668125 714590 603636 1 290289 592522 897974 878890 104622 532436 459994 783875 656851 364718 177013 468401 445821 53695 438720 689557 569512 152690 290065 446454 778249 929872
 477157 386861 401777 829408 919791 561474 775525 290289 1 875428 1078627 999917 205259 790879 532906 946982 707614 633438 444052 713303 670983 239867 501384 746423 859391 269475 552838 607332 725226 1024409
 403164 920264 792038 402323 229402 1113909 490080 592522 875428 1 612257 755251 670738 183182 661678 590745 774832 254054 506846 261567 334225 637750 672755 780610 124092 698795 333879 496977 1022257 850754
 700734 878526 758477 277868 383253 980737 303322 897974 1078627 612257 1 236744 908514 471966 577823 141839 507553 604298 932945 472321 462194 911876 609741 480389 734688 1049288 641121 471614 753416 331854
 715085 730366 629456 356435 542820 793707 300832 878890 999917 755251 236744 1 861781 584025 467740 167196 330524 666714 957150 546644 504989 878743 499915 294518 868293 1030626 675545 433611 542061 101460
 272081 406606 351490 646183 719092 616293 606789 104622 205259 670738 908514 861781 1 587972 414801 784856 609029 428408 280933 513496 477228 52876 388630 644576 659872 193697 348140 440726 700863 902403
 319521 771724 639493 227599 137437 954701 307912 532436 790879 183182 471966 584025 587972 1 493014 424434 593297 170281 503343 91609 162695 567276 508021 597967 285348 665406 242727 323330 844738 676267
 377147 310833 182392 389043 568022 466262 295724 459994 532906 661678 577823 467740 414801 493014 1 437446 196878 437687 589588 403514 330667 443824 32685 230557 724597 601166 388410 171557 373113 493605
 598495 736705 617297 199605 375689 841818 180241 783875 946982 590745 141839 167196 784856 424434 437446 1 370276 525701 837782 398441 369275 792765 469625 345996 706153 936436 547728 344209 623879 267295
 558229 401564 313224 418732 628680 473605 310362 656851 707614 774832 507553 330524 609029 593297 196878 370276 1 586304 781895 515223 445364 640069 220524 39471 858141 797394 554154 291421 265687 325211
 156329 671239 546516 330657 307669 870760 366574 364718 633438 254054 604298 666714 428408 170281 437687 525701 586304 1 337927 132025 162299 402703 442127 601886 289499 495160 81456 294912 809765 746971
 242066 676363 595480 655191 639400 889374 662351 177013 444052 506846 932945 957150 280933 503343 589588 837782 781895 337927 1 466523 471626 228391 574518 810274 451625 203380 291973 529296 934086 1021793
 254657 680161 547884 200533 206618 863590 252385 468401 713303 261567 472321 546644 513496 91609 403514 398441 515223 132025 466523 1 73127 498012 417445 523438 345409 609561 181944 235898 760705 632351
 239672 611996 478939 184462 259805 792176 204425 445821 670983 334225 462194 504989 477228 162695 330667 369275 445364 162299 471626 73127 1 468621 345329 455512 412914 593515 179757 162854 688120 584696
 247873 457830 396510 643851 701172 668341 613099 53695 239867 637750 911876 878743 52876 567276 443824 792765 640069 402703 228391 498012 468621 1 419837 674380 619644 157349 324800 450608 745265 924426
 370183 283300 152543 415414 588774 447422 324877 438720 501384 672755 609741 499915 388630 508021 32685 469625 220524 442127 574518 417445 345329 419837 1 256018 730772 577089 387886 191120 374607 524012
 582805 439832 352683 412375 624701 503839 305046 689557 746423 780610 480389 294518 644576 597967 230557 345996 39471 601886 810274 523438 455512 674380 256018 1 868165 831722 574340 307729 280237 285909
 411579 956356 834466 512318 352782 1158984 590957 569512 859391 124092 734688 868293 659872 285348 724597 706153 858141 289499 451625 345409 412914 619644 730772 868165 1 653095 356854 570457 1094155 961462
 355955 587550 544317 775370 802684 789975 756198 152690 269475 698795 1049288 1030626 193697 665406 601166 936436 797394 495160 203380 609561 593515 157349 577089 831722 653095 1 427908 598862 893569 1079446
 76931 599505 478694 363288 378063 803099 376057 290065 552838 333879 641121 675545 348140 242727 388410 547728 554154 81456 291973 181944 179757 324800 387886 574340 356854 427908 1 268801 761223 748161
 289531 470589 336986 235064 397656 637457 168302 446454 607332 496977 471614 433611 440726 323330 171557 344209 291421 294912 529296 235898 162854 450608 191120 307729 570457 598862 268801 1 525804 492714
 744157 341988 349378 683591 891441 280416 575169 778249 725226 1022257 753416 542061 700863 844738 373113 623879 265687 809765 934086 760705 688120 745265 374607 280237 1094155 893569 761223 525804 1 492969
 780790 724103 637432 449301 642004 759955 381183 929872 1024409 850754 331854 101460 902403 676267 493605 267295 325211 746971 1021793 632351 584696 924426 524012 285909 961462 1079446 748161 492714 492969 1
LAMBDA_SECTION
1 101
2 349
3 368
4 967
5 329
6 7
7 948
8 305
9 47
10 471
11 499
12 3
13 177
14 104
15 972
16 154
17 507
18 688
19 702
20 876
21 668
22 874
23 387
24 558
25 981
26 641
27 214
28 765
29 529
30 599
