NAME : domp50p25v3
COMMENT : Cherkesly, Contardo & Gruson 2022
TYPE : DOMP
DIMENSION : 50
DISPLAY_DATA_TYPE : NO_DISPLAY
OPEN_FACILITIES : 25
COST_SECTION
 1 884969 514744 374469 309584 738311 641266 671633 152788 909330 397855 471045 554802 354996 49883 580251 160637 234164 269456 198552 550145 648418 433822 477472 958052 557434 724721 543738 134579 553997 413008 210059 560255 492422 236287 694713 365927 916757 239183 536948 404692 591701 288911 748246 932640 756121 500973 588097 552135 850307
 884969 1 1035157 523560 637019 150292 519319 497974 802728 180732 755039 414993 478895 536215 869990 813380 747585 748066 636673 772771 356065 470273 463421 879473 451691 625576 203573 480042 911495 454285 969404 789817 853360 909711 738670 474815 843736 238485 962622 419799 604889 528216 612697 409042 321157 229966 486851 557835 825167 180299
 514744 1035157 1 580943 455257 893708 554367 1056719 645423 1140752 284468 722245 927101 673284 468345 272194 464614 708859 659885 681555 824551 1022263 623227 983895 861453 994474 962127 915139 381050 581411 927747 362215 221687 129954 706035 618089 211510 1172290 282649 617426 825206 524965 522693 698553 909710 822301 868140 498652 243580 912390
 374469 523560 580943 1 128194 373609 334975 488752 338751 583452 306150 141944 361793 127697 351701 456995 225543 325192 198608 330336 244240 451483 60656 581899 608162 467552 396619 350455 387940 211461 605897 271218 472226 477984 315882 368653 369960 605885 444939 174168 314227 291101 89432 401163 565077 382013 306239 303890 448127 475840
 309584 637019 455257 128194 1 486941 334105 604972 329193 708905 190839 269977 475812 223904 273709 363307 149125 347437 244975 338687 372098 569286 179965 628521 648823 562569 523115 464015 284948 246660 625365 153671 368734 358882 340009 385449 243757 733067 325607 239662 397413 284645 76524 439324 630253 468634 417710 284710 347879 565494
 738311 150292 893708 373609 486941 1 403975 443318 663794 260626 611178 272115 388101 394972 721647 684564 598206 615037 497548 636992 232419 408274 313314 776174 433681 541914 144923 385944 761465 317749 853686 639577 721342 770520 605383 371874 697958 306327 812509 276284 488584 403199 462887 322862 322064 144889 380486 432882 693159 171248
 641266 519319 554367 334975 334105 403975 1 747587 655576 664236 314449 396964 638952 456686 601373 301965 482241 656282 532712 656391 467401 707757 312707 916322 332658 773470 522230 630026 589457 133815 938417 452187 347276 424427 647378 65358 407275 709992 587545 192376 638716 49576 380811 144461 356841 290247 595643 60907 320059 368691
 671633 497974 1056719 488752 604972 443318 747587 1 529762 386381 793100 363705 129620 383439 686164 942659 613773 447823 416733 484100 280202 39831 467220 431075 873931 161144 305965 141593 766772 617706 550644 706340 960574 963552 442629 745870 846200 355205 859190 557499 267472 721077 534226 727247 765331 578014 188697 744824 935934 612819
 152788 802728 645423 338751 329193 663794 655576 529762 1 801727 475242 392053 420568 269094 185436 663015 204809 83277 166330 46700 451061 510025 388971 338623 946725 406988 624271 410361 277797 545421 302466 298996 652864 602156 87317 699170 469985 802049 383077 512884 262866 607230 274922 738738 900685 709260 371676 611152 639378 797501
 909330 180732 1140752 583452 708905 260626 664236 386381 801727 1 856323 449682 413331 555192 904116 943215 792739 733952 643346 764375 359661 369951 528993 806216 632246 537326 187886 418850 960720 574953 913338 854163 978367 1021332 725563 628966 937835 58172 1027401 527941 565700 663585 666803 571968 501887 388052 442548 693211 950297 357983
 397855 755039 284468 306150 190839 611178 314449 793100 475242 856323 1 444282 664612 414432 349388 187784 270442 514187 428924 497237 545792 756559 342248 799802 645754 753019 678006 652944 305162 305597 777631 187921 182036 172080 508341 379341 94332 887971 278642 335441 586756 272865 266547 454498 666044 550531 607130 253566 165152 644410
 471045 414993 722245 141944 269977 272115 396964 363705 392053 449682 444282 1 244943 122979 459476 580907 343555 348076 226166 367200 102366 324648 104869 550993 602756 376920 261802 235156 511371 263334 605875 406752 601862 616332 338256 409181 511623 467896 578900 204959 257746 364190 218264 414206 530637 330015 198736 385592 576246 410887
 554802 478895 927101 361793 475812 388101 638952 129620 420568 413331 664612 244943 1 253824 565299 817786 486523 342298 292405 377038 179600 97096 345159 401468 801041 154171 275322 12026 642838 506315 500907 577548 834017 834592 335606 644385 716631 399335 732867 446707 161241 608404 404653 635777 704212 506328 59236 630386 809843 558557
 354996 536215 673284 127697 223904 394972 456686 383439 269094 555192 414432 122979 253824 1 349213 578227 245851 229090 103596 245520 195546 349281 146794 460920 704353 342901 369769 241873 411851 327016 498481 327879 589169 582502 219233 483642 462882 565742 491529 278548 186530 415159 150965 504731 643277 446106 194969 429857 566589 530975
 49883 869990 468345 351701 273709 721647 601373 686164 185436 904116 349388 459476 565299 349213 1 530833 128417 261854 274177 228334 544521 660678 412091 518958 922175 580713 717715 553863 92452 520120 460167 162152 510439 442831 262322 656563 316047 914681 197979 507305 421792 551925 263374 712936 901972 730612 509424 546817 502514 825932
 580251 813380 272194 456995 363307 684564 301965 942659 663015 943215 187784 580907 817786 578227 530833 1 458222 700163 607860 684368 676444 904308 476201 985393 590952 921051 780297 806676 474086 368435 965414 372422 50540 152289 693961 361031 223833 983068 419458 419445 759100 285282 439446 441471 647812 588100 763102 255831 33704 670346
 160637 747585 464614 225543 149125 598206 482241 613773 204809 792739 270442 343555 486523 245851 128417 458222 1 250392 200071 229160 435750 583614 286192 534657 797420 533080 605017 474582 168001 393617 507198 102822 448690 404194 246029 534538 271854 807799 246982 378997 364651 432676 136303 587641 774019 602423 427829 430679 434679 697970
 234164 748066 708859 325192 347437 615037 656282 447823 83277 733952 514187 348076 342298 229090 261854 700163 250392 1 129054 36650 392454 429393 366328 285659 928836 323901 561757 332617 352881 536618 282238 351829 695406 654580 9861 693559 522188 730799 456742 496527 182295 609799 280755 724718 872098 675132 296653 617688 679313 758802
 269456 636673 659885 198608 244975 497548 532712 416733 166330 643346 428924 226166 292405 103596 274177 607860 200071 129054 1 142220 287444 388801 237329 388688 799806 334643 461990 280757 350524 409776 407448 298926 610366 585718 119363 567150 457147 648282 442830 367959 165454 487531 170361 596141 744047 548535 235568 497713 591011 634358
 198552 772771 681555 330336 338687 636992 656391 484100 46700 764375 497237 367200 377038 245520 228334 684368 229160 36650 142220 1 418419 465161 375837 305955 937515 360303 589751 367120 320106 540637 286680 328362 677246 632048 41622 696523 499533 762718 424715 503777 217908 608988 276834 731445 885434 690680 329902 615149 662268 776481
 550145 356065 824551 244240 372098 232419 467401 280202 451061 359661 545792 102366 179600 195546 544521 676444 435750 392454 287444 418419 1 240371 204115 545817 624148 329769 174902 173228 603549 337895 621353 505618 699773 717717 383170 467727 613988 372058 676201 277693 256182 441418 317200 456279 533498 332352 154312 465823 673615 395220
 648418 470273 1022263 451483 569286 408274 707757 39831 510025 369951 756559 324648 97096 349281 660678 904308 583614 429393 388801 465161 240371 1 428507 438416 837240 167837 273993 109060 739324 577908 552671 674376 922816 927430 423541 706229 811359 343978 829895 517700 247263 681297 499570 688272 730298 541039 156080 705108 897996 578598
 433822 463421 623227 60656 179965 313314 312707 467220 388971 528993 342248 104869 345159 146794 412091 476201 286192 366328 237329 375837 204115 428507 1 607538 562517 466283 343760 334652 448156 180996 642692 328705 497042 513924 356673 336979 414352 554159 502459 132029 326009 273983 150066 359495 511782 324260 294219 291938 471381 416971
 477472 879473 983895 581899 628521 776174 916322 431075 338623 806216 799802 550993 401468 460920 518958 985393 534657 285659 388688 305955 545817 438416 607538 1 1153714 271022 676134 399570 610696 787896 134238 634299 981060 938002 291504 944510 805487 782393 716146 738630 294491 872998 557161 961796 1075549 873145 396136 884936 964900 941006
 958052 451691 861453 608162 648823 433681 332658 873931 946725 632246 645754 602756 801041 704353 922175 590952 797420 928836 799806 937515 624148 837240 562517 1153714 1 953605 578057 796060 918708 405146 1202783 780570 641250 734482 919166 270032 737090 689600 920203 434030 859813 378780 677961 209999 132378 296360 777478 393284 617964 277771
 557434 625576 994474 467552 562569 541914 773470 161144 406988 537326 753019 376920 154171 342901 580713 921051 533080 323901 334643 360303 329769 167837 466283 271022 953605 1 423115 157874 668298 639665 389625 633402 930729 916364 321194 785232 790112 511633 768065 581841 169273 738641 486479 782832 858294 659801 180063 757966 908773 712604
 724721 203573 962127 396619 523115 144923 522230 305965 624271 187886 678006 261802 275322 369769 717715 780297 605017 561757 461990 589751 174902 273993 343760 676134 578057 423115 1 276587 772966 414386 768719 666768 811529 846235 552821 500239 756162 210641 839790 360859 406691 511745 479080 460555 462765 288815 285888 540336 783882 308744
 543738 480042 915139 350455 464015 385944 630026 141593 410361 418850 652944 235156 12026 241873 553863 806676 474582 332617 280757 367120 173228 109060 334652 399570 796060 157874 276587 1 631128 497154 496631 565527 822657 822825 325773 636327 704706 406276 720973 437695 152363 598990 392730 628909 700596 501937 47211 620731 798555 555928
 134579 911495 381050 387940 284948 761465 589457 766772 277797 960720 305162 511371 642838 411851 92452 474086 168001 352881 350524 320106 603549 739324 448156 610696 918708 668298 772966 631128 1 526857 547026 138276 447277 369123 352777 649196 251368 975602 105605 524579 506012 541218 299029 712865 911823 753447 585424 531256 443379 850204
 553997 454285 581411 211461 246660 317749 133815 617706 545421 574953 305597 263334 506315 327016 520120 368435 393617 536618 409776 540637 337895 577908 180996 787896 405146 639665 414386 497154 526857 1 817214 389654 403766 455428 527331 157482 398021 614752 548057 60214 506437 103572 273335 195217 384974 245158 462067 129213 375620 340101
 413008 969404 927747 605897 625365 853686 938417 550644 302466 913338 777631 605875 500907 498481 460167 965414 507198 282238 407448 286680 621353 552671 642692 134238 1202783 389625 768719 496631 547026 817214 1 598391 954286 898507 291050 974542 767648 894460 649571 774403 365679 892034 562060 1002179 1136512 935455 482923 899757 941447 1011391
 210059 789817 362215 271218 153671 639577 452187 706340 298996 854163 187921 406752 577548 327879 162152 372422 102822 351829 298926 328362 505618 674376 328705 634299 780570 633402 666768 565527 138276 389654 598391 1 356704 303747 347930 511266 171277 874577 173797 390867 464350 403618 188593 574599 774420 620656 518357 394745 345835 717660
 560255 853360 221687 472226 368734 721342 347276 960574 652864 978367 182036 601862 834017 589169 510439 50540 448690 695406 610366 677246 699773 922816 497042 981060 641250 930729 811529 822657 447277 403766 954286 356704 1 104642 689776 407882 196141 1016589 384511 451629 766143 326845 445234 488560 696315 630183 778061 297957 28219 714451
 492422 909711 129954 477984 358882 770520 424427 963552 602156 1021332 172080 616332 834592 582502 442831 152289 404194 654580 585718 632048 717717 927430 513924 938002 734482 916364 846235 822825 369123 455428 898507 303747 104642 1 650168 488250 132519 1055235 293284 494736 748154 395337 432299 568657 780016 694145 776588 368801 120217 783373
 236287 738670 706035 315882 340009 605383 647378 442629 87317 725563 508341 338256 335606 219233 262322 693961 246029 9861 119363 41622 383170 423541 356673 291504 919166 321194 552821 325773 352777 527331 291050 347930 689776 650168 1 684344 517880 722850 456139 486986 176287 601015 272606 715184 862258 665272 289152 609125 673412 748964
 694713 474815 618089 368653 385449 371874 65358 745870 699170 628966 379341 409181 644385 483642 656563 361031 534538 693559 567150 696523 467727 706229 336979 944510 270032 785232 500239 636327 649196 157482 974542 511266 407882 488250 684344 1 472433 677559 650923 207043 660103 108807 424733 80761 292053 245058 605532 125880 381211 314739
 365927 843736 211510 369960 243757 697958 407275 846200 469985 937835 94332 511623 716631 462882 316047 223833 271854 522188 457147 499533 613988 811359 414352 805487 737090 790112 756162 704706 251368 398021 767648 171277 196141 132519 517880 472433 1 966777 199660 424099 621153 366760 311979 548357 760170 643178 657851 346554 192353 737642
 916757 238485 1172290 605885 733067 306327 709992 355205 802049 58172 887971 467896 399335 565742 914681 983068 807799 730799 648282 762718 372058 343978 554159 782393 689600 511633 210641 406276 975602 614752 894460 874577 1016589 1055235 722850 677559 966777 1 1046722 564998 556907 706629 686158 623343 559587 439584 435247 736045 988676 414365
 239183 962622 282649 444939 325607 812509 587545 859190 383077 1027401 278642 578900 732867 491529 197979 419458 246982 456742 442830 424715 676201 829895 502459 716146 920203 768065 839790 720973 105605 548057 649571 173797 384511 293284 456139 650923 199660 1046722 1 557168 603168 542279 360775 721485 928459 786598 674420 527005 386537 883509
 536948 419799 617426 174168 239662 276284 192376 557499 512884 527941 335441 204959 446707 278548 507305 419445 378997 496527 367959 503777 277693 517700 132029 738630 434030 581841 360859 437695 524579 60214 774403 390867 451629 494736 486986 207043 424099 564998 557168 1 453062 163733 249191 228200 395746 229874 403438 188734 423770 326900
 404692 604889 825206 314227 397413 488584 638716 267472 262866 565700 586756 257746 161241 186530 421792 759100 364651 182295 165454 217908 256182 247263 326009 294491 859813 169273 406691 152363 506012 506437 365679 464350 766143 748154 176287 660103 621153 556907 603168 453062 1 599149 320910 671189 781404 579019 123285 615158 745093 649439
 591701 528216 524965 291101 284645 403199 49576 721077 607230 663585 272865 364190 608404 415159 551925 285282 432676 609799 487531 608988 441418 681297 273983 872998 378780 738641 511745 598990 541218 103572 892034 403618 326845 395337 601015 108807 366760 706629 542279 163733 599149 1 332775 181635 393570 303345 562624 29768 298857 388960
 288911 612697 522693 89432 76524 462887 380811 534226 274922 666803 266547 218264 404653 150965 263374 439446 136303 280755 170361 276834 317200 499570 150066 557161 677961 486479 479080 392730 299029 273335 562060 188593 445234 432299 272606 424733 311979 686158 360775 249191 320910 332775 1 468342 644754 467749 345911 338316 424381 562694
 748246 409042 698553 401163 439324 322862 144461 727247 738738 571968 454498 414206 635777 504731 712936 441471 587641 724718 596141 731445 456279 688272 359495 961796 209999 782832 460555 628909 712865 195217 1002179 574599 488560 568657 715184 80761 548357 623343 721485 228200 671189 181635 468342 1 212663 183929 603031 203127 461949 240577
 932640 321157 909710 565077 630253 322064 356841 765331 900685 501887 666044 530637 704212 643277 901972 647812 774019 872098 744047 885434 533498 730298 511782 1075549 132378 858294 462765 700596 911823 384974 1136512 774420 696315 780016 862258 292053 760170 559587 928459 395746 781404 393570 644754 212663 1 202406 687707 415779 670498 154599
 756121 229966 822301 382013 468634 144889 290247 578014 709260 388052 550531 330015 506328 446106 730612 588100 602423 675132 548535 690680 332352 541039 324260 873145 296360 659801 288815 501937 753447 245158 935455 620656 630183 694145 665272 245058 643178 439584 786598 229874 579019 303345 467749 183929 202406 1 486656 332442 602168 97026
 500973 486851 868140 306239 417710 380486 595643 188697 371676 442548 607130 198736 59236 194969 509424 763102 427829 296653 235568 329902 154312 156080 294219 396136 777478 180063 285888 47211 585424 462067 482923 518357 778061 776588 289152 605532 657851 435247 674420 403438 123285 562624 345911 603031 687707 486656 1 583325 754261 547487
 588097 557835 498652 303890 284710 432882 60907 744824 611152 693211 253566 385592 630386 429857 546817 255831 430679 617688 497713 615149 465823 705108 291938 884936 393284 757966 540336 620731 531256 129213 899757 394745 297957 368801 609125 125880 346554 736045 527005 188734 615158 29768 338316 203127 415779 332442 583325 1 270066 416991
 552135 825167 243580 448127 347879 693159 320059 935934 639378 950297 165152 576246 809843 566589 502514 33704 434679 679313 591011 662268 673615 897996 471381 964900 617964 908773 783882 798555 443379 375620 941447 345835 28219 120217 673412 381211 192353 988676 386537 423770 745093 298857 424381 461949 670498 602168 754261 270066 1 686756
 850307 180299 912390 475840 565494 171248 368691 612819 797501 357983 644410 410887 558557 530975 825932 670346 697970 758802 634358 776481 395220 578598 416971 941006 277771 712604 308744 555928 850204 340101 1011391 717660 714451 783373 748964 314739 737642 414365 883509 326900 649439 388960 562694 240577 154599 97026 547487 416991 686756 1
LAMBDA_SECTION
1 812
2 136
3 875
4 137
5 17
6 741
7 315
8 301
9 924
10 447
11 184
12 661
13 724
14 982
15 244
16 758
17 675
18 54
19 23
20 784
21 874
22 594
23 810
24 124
25 183
26 887
27 207
28 996
29 468
30 141
31 749
32 23
33 10
34 790
35 683
36 708
37 197
38 764
39 916
40 504
41 283
42 907
43 966
44 78
45 974
46 618
47 760
48 905
49 949
50 168
