NAME : domp30p10v6
COMMENT : Cherkesly, Contardo & Gruson 2022
TYPE : DOMP
DIMENSION : 30
DISPLAY_DATA_TYPE : NO_DISPLAY
OPEN_FACILITIES : 10
COST_SECTION
 1 457856 333485 218802 136007 91249 700366 728106 716870 422521 702670 623456 493243 419308 182717 350060 196311 390930 476228 456045 430156 552960 208101 622214 287649 444208 85853 713811 237275 569208
 457856 1 279179 606732 435770 473770 990011 628590 539405 72576 963301 325483 887511 106683 571102 677373 332414 827752 145380 839872 728128 905814 314608 749399 680341 407388 511248 564984 612469 406394
 333485 279179 1 386563 235026 400096 1009273 832840 769712 304071 1000618 584966 826011 329457 358708 661153 137709 720692 395150 787083 733497 878707 125506 853821 451772 559972 340063 785648 384511 620055
 218802 606732 386563 1 170974 296105 833319 946762 934154 591253 850074 825596 568910 597407 38344 504310 276907 421056 661254 548181 586964 658906 295056 819082 75045 662832 132965 932159 22760 784844
 136007 435770 235026 170974 1 225760 835263 823749 795324 421698 838564 666316 614847 429754 135709 485633 108637 494525 495013 581611 566084 682884 126561 750473 244999 535242 107555 798568 177901 642740
 91249 473770 400096 296105 225760 1 616324 656052 656375 426304 615454 589277 431484 415615 263196 265324 268265 354071 463808 389505 343180 478611 276279 532005 358216 379833 167044 649099 316633 514575
 700366 990011 1009273 833319 835263 616324 1 682152 783434 920967 66831 900212 304900 892715 817435 351032 883213 463267 900835 299750 275788 190782 889476 344289 857743 630703 746703 745399 855813 743790
 728106 628590 832840 946762 823749 656052 682152 1 127632 564095 622608 347481 797388 529682 910783 596602 782857 858681 484157 750143 568391 732521 774436 337956 1013093 288559 813836 84220 965355 222223
 716870 539405 769712 934154 795324 656375 783434 127632 1 481536 727482 233017 863412 449197 896695 648333 739276 904007 394346 813881 634956 811509 728426 441619 1004493 276881 802173 43745 950831 153509
 422521 72576 304071 591253 421698 426304 920967 564095 481536 1 892954 281460 829036 35184 554164 614551 326603 778147 91679 780490 661998 842207 310039 676833 666034 335101 484795 504195 599547 342214
 702670 963301 1000618 850074 838564 615454 66831 622608 727482 892954 1 854772 348768 863349 831516 353470 878789 500891 866953 335192 272530 234309 883750 286127 879734 590644 755436 688442 872766 696355
 623456 325483 584966 825596 666316 589277 900212 347481 233017 281460 854772 1 903417 255962 787265 676059 587549 902082 189905 852109 691361 879935 573216 585336 900020 277786 702070 268737 838262 160908
 493243 887511 826011 568910 614847 431484 304900 797388 863412 829036 348768 903417 1 809409 561517 227452 689455 162470 839898 51309 229439 114836 700524 497240 578891 629308 512022 835611 590138 771278
 419308 106683 329457 597407 429754 415615 892715 529682 449197 35184 863349 255962 809409 1 559799 592064 339711 764571 67827 760289 636671 818732 323971 643511 672420 300727 485987 470860 606909 308073
 182717 571102 358708 38344 135709 263196 817435 910783 896695 554164 831516 787265 561517 559799 1 482483 243294 419372 623388 537678 565363 646990 261406 790224 113068 626082 97377 895135 54575 747076
 350060 677373 661153 504310 485633 265324 351032 596602 648333 614551 353470 676059 227452 592064 482483 1 532783 262791 617524 176172 82893 228713 539655 347719 542953 403126 402602 624323 527058 546746
 196311 332414 137709 276907 108637 268265 883213 782857 739276 326603 878789 587549 689455 339711 243294 532783 1 583137 407004 651494 608308 745589 18150 755594 349150 497065 206364 747846 280891 585818
 390930 827752 720692 421056 494525 354071 463267 858681 904007 778147 500891 902082 162470 764571 419372 262791 583137 1 806290 165734 311264 272792 596769 597419 422534 643852 387331 882696 441020 790072
 476228 145380 395150 661254 495013 463808 900835 484157 394346 91679 866953 189905 839898 67827 623388 617524 407004 806290 1 789793 654723 840543 391456 631352 736298 285318 546545 419610 671464 262307
 456045 839872 787083 548181 581611 389505 299750 750143 813881 780490 335192 852109 51309 760289 537678 176172 651494 165734 789793 1 181778 112435 661823 456954 564464 578085 481387 786675 570016 720275
 430156 728128 733497 586964 566084 343180 275788 568391 634956 661998 272530 691361 229439 636671 565363 82893 608308 311264 654723 181778 1 188949 614133 286159 624337 413718 485091 606420 609718 550369
 552960 905814 878707 658906 682884 478611 190782 732521 811509 842207 234309 879935 114836 818732 646990 228713 745589 272792 840543 112435 188949 1 754547 412785 676730 602167 586001 779761 680929 736596
 208101 314608 125506 295056 126561 276279 889476 774436 728426 310039 883750 573216 700524 323971 261406 539655 18150 596769 391456 661823 614133 754547 1 754882 367257 489795 222686 737857 298979 575094
 622214 749399 853821 819082 750473 532005 344289 337956 441619 676833 286127 585336 497240 643511 790224 347719 755594 597419 631352 456954 286159 412785 754882 1 869791 346078 697330 402324 841072 424486
 287649 680341 451772 75045 244999 358216 857743 1013093 1004493 666034 879734 900020 578891 672420 113068 542953 349150 422534 736298 564464 624337 676730 367257 869791 1 731430 202460 1001247 68421 856227
 444208 407388 559972 662832 535242 379833 630703 288559 276881 335101 590644 277786 629308 300727 626082 403126 497065 643852 285318 578085 413718 602167 489795 346078 731430 1 530018 269952 680588 146231
 85853 511248 340063 132965 107555 167044 746703 813836 802173 484795 755436 702070 512022 485987 97377 402602 206364 387331 546545 481387 485091 586001 222686 697330 202460 530018 1 799531 151782 653780
 713811 564984 785648 932159 798568 649099 745399 84220 43745 504195 688442 268737 835611 470860 895135 624323 747846 882696 419610 786675 606420 779761 737857 402324 1001247 269952 799531 1 949537 165606
 237275 612469 384511 22760 177901 316633 855813 965355 950831 599547 872766 838262 590138 606909 54575 527058 280891 441020 671464 570016 609718 680929 298979 841072 68421 680588 151782 949537 1 800893
 569208 406394 620055 784844 642740 514575 743790 222223 153509 342214 696355 160908 771278 308073 747076 546746 585818 790072 262307 720275 550369 736596 575094 424486 856227 146231 653780 165606 800893 1
LAMBDA_SECTION
1 241
2 640
3 764
4 195
5 962
6 277
7 122
8 198
9 896
10 736
11 208
12 671
13 492
14 40
15 788
16 449
17 406
18 18
19 285
20 63
21 242
22 759
23 393
24 633
25 175
26 694
27 720
28 827
29 883
30 9
