NAME : domp50p16v6
COMMENT : Cherkesly, Contardo & Gruson 2022
TYPE : DOMP
DIMENSION : 50
DISPLAY_DATA_TYPE : NO_DISPLAY
OPEN_FACILITIES : 16
COST_SECTION
 1 663935 828408 277029 129022 658530 535028 690883 415868 383669 230689 692702 212342 298696 511554 286346 505423 182858 371617 446352 175554 312326 457508 512743 299478 724413 263265 312470 384348 217198 246518 360908 225751 546951 798184 384556 480738 278910 805594 186929 329221 103822 469339 624283 416936 563482 544800 622318 432347 401210
 663935 1 174861 631810 555875 288243 754785 318222 1048274 1045081 651614 569084 766391 952328 1119925 598224 959578 529423 706355 983561 682394 380965 226236 1158456 948928 85977 404692 858990 1046913 450902 908800 1024733 619674 633939 901146 928606 624708 596242 161830 789492 339685 580864 709547 745153 1074867 782800 439630 136648 505913 670839
 828408 174861 1 762247 713953 313892 841219 325497 1198430 1205498 789526 594975 940101 1109914 1262777 772863 1076029 681092 879486 1115039 856104 530650 374841 1311257 1105229 104183 574065 1033553 1208209 612177 1074632 1189008 794415 707653 943567 1063679 790087 770967 31708 940631 510390 750155 806417 809671 1233163 865737 508427 288896 605906 842293
 277029 631810 762247 1 199193 507152 261100 528605 458915 512584 52661 447142 489273 409592 505938 521480 335384 162580 629663 353171 445899 263480 406780 575983 398120 662883 343957 587284 520821 259639 445590 526417 473017 276706 522318 301723 704522 513809 733332 229439 385010 320486 194050 347284 525511 291145 335003 648932 202311 647372
 129022 555875 713953 199193 1 530063 457392 562060 495678 491584 170985 572801 323011 396676 576899 322638 498564 57049 434173 472312 262798 187598 339470 603374 393054 609798 179547 427966 494557 106748 369225 478526 276751 443313 713769 410839 505853 314997 689522 238904 239213 125259 389745 533087 519605 488330 419018 532702 313904 448990
 658530 288243 313892 507152 530063 1 535127 39340 964766 1001289 546517 287197 825116 899491 1011651 715645 789823 481001 839890 847513 746621 350169 249867 1081473 891027 250173 460547 929418 1007041 453620 896799 1000048 711263 397662 631860 803276 808475 710870 282284 718911 418849 611991 507987 496369 1021098 557558 202011 405709 319822 820895
 535028 754785 841219 261100 457392 535127 1 538176 581789 682618 304345 330968 745778 587938 578834 779763 291165 412653 890352 394515 706494 458291 555657 690592 572182 757267 575368 839889 694325 496230 663100 716622 733344 141215 263895 379697 957735 772159 809683 436668 599725 580824 67660 111316 680501 32235 333870 812325 251104 906336
 690883 318222 325497 528605 562060 39340 538176 1 987321 1028117 569999 269606 860822 925874 1030797 754162 800781 511721 878607 863618 782932 384830 289004 1104279 916916 272350 498205 965433 1034243 488680 927129 1028764 748938 398463 618182 821288 847811 749320 294441 744600 457549 647215 515716 491566 1046789 558889 209973 439862 335516 859975
 415868 1048274 1198430 458915 495678 964766 581789 987321 1 144305 418433 878478 490846 133429 111632 669488 339985 519037 707645 210218 526101 668899 825474 117125 124168 1095280 668611 519357 158867 602424 261708 209783 605739 682488 805795 203104 854672 663312 1171748 258784 732265 519301 547298 692944 116808 592387 791646 1027343 658442 755141
 383669 1045081 1205498 512584 491584 1001289 682618 1028117 144305 1 464077 954073 395091 103092 245936 593248 470929 528621 609456 343843 448072 677266 831025 159414 114939 1101328 646928 401230 14598 594420 161748 68807 531987 765748 922605 320680 766105 588093 1181083 284962 712853 479261 638435 793400 44145 697892 846034 1005577 714456 661309
 230689 651614 789526 52661 170985 546517 304345 569999 418433 464077 1 499188 441956 360986 473561 488020 335135 148145 591443 333192 403025 274210 425387 534987 350274 688389 333643 538231 471819 249621 393076 475564 436298 328967 567596 277021 675286 480303 761426 179526 381743 284863 238817 395795 478913 333005 381982 658097 250644 612421
 692702 569084 594975 447142 572801 287197 330968 269606 878478 954073 499188 1 895804 852121 894664 849810 620605 515759 974878 713013 831641 454480 450537 993343 839164 537363 593622 1000667 963421 545492 891796 972625 824572 199521 349878 686032 987465 843332 564016 675415 580917 688948 338691 249869 961871 340788 172854 671836 260357 971350
 212342 766391 940101 489273 323011 825116 745778 860822 490846 395091 441956 895804 1 357488 601267 209361 680758 380047 217000 595051 84004 476678 594703 552480 368391 839881 374284 105842 387994 372607 235218 340349 158069 758262 1009426 538646 371038 205979 922264 350163 432752 214377 680758 836556 438422 773537 739406 689814 636659 266709
 298696 952328 1109914 409592 396676 899491 587938 925874 133429 103092 360986 852121 357488 1 243952 538265 400077 430241 574228 281547 394009 580002 735076 214581 17573 1005864 559682 390626 111403 501606 132422 129415 474820 665462 834386 244368 721811 532285 1084845 181976 625008 399548 540740 697904 123399 605072 742948 919705 611381 621791
 511554 1119925 1262777 505938 576899 1011651 578834 1030797 111632 245936 473561 894664 601267 243952 1 775163 303922 592331 817732 184350 633228 738971 894499 136552 233033 1161059 754374 630919 259842 682798 373331 314267 711210 695360 777189 211092 962566 768760 1234881 338499 815994 615342 556435 687215 208944 583455 827650 1109204 696183 864380
 286346 598224 772863 521480 322638 715645 779763 754162 669488 593248 488020 849810 209361 538265 775163 1 790712 368660 126133 731074 145393 396486 467732 745907 545489 678541 260885 274853 587931 306431 431556 544202 63990 753451 1033471 669782 194417 7721 759215 471280 297029 203451 712104 850928 635003 810855 679798 503151 607749 126973
 505423 959578 1076029 335384 498564 789823 291165 800781 339985 470929 335135 620605 680758 400077 303922 790712 1 483213 873637 129827 674514 598818 737804 431085 382505 981584 668598 750553 484927 584740 515148 523685 731118 423768 473508 156052 984508 783147 1045623 331096 716299 592225 288656 392871 454105 288984 590821 984019 472479 906328
 182858 529423 681092 162580 57049 481001 412653 511721 519037 528621 148145 515759 380047 430241 592331 368660 483213 1 484378 472038 318676 150448 306814 630489 424685 577388 185513 485009 532780 101559 415809 521064 327164 389500 664870 412408 545433 361164 655355 260322 235238 178590 345158 482750 553632 444212 362685 519832 257072 495616
 371617 706355 879486 629663 434173 839890 890352 878607 707645 609456 591443 974878 217000 574228 817732 126133 873637 484378 1 799951 199165 522284 590970 767958 584707 789130 387002 229916 601424 430136 451490 551086 157449 872704 1147939 740900 165098 132074 868170 544675 421059 309603 822863 966814 653232 920748 805418 600012 730009 56941
 446352 983561 1115039 353171 472312 847513 394515 863618 210218 343843 333192 713013 595051 281547 184350 731074 129827 472038 799951 1 602385 607380 757593 303889 264240 1016037 650957 653255 358084 571109 405437 399813 668565 513492 600020 62330 925189 723831 1085860 259848 706383 543784 374324 502945 324967 399319 656596 990125 528237 838305
 175554 682394 856104 445899 262798 746621 706494 782932 526101 448072 403025 831641 84004 394009 633228 145393 674514 318676 199165 602385 1 400683 512793 600557 401937 755970 291950 183384 443018 297156 286506 400544 84349 705403 968151 542695 329544 140051 838337 345718 349265 142850 639851 790802 489665 735762 670737 607140 575202 236165
 312326 380965 530650 263480 187598 350169 458291 384830 668899 677266 274210 454480 476678 580002 738971 396486 598818 150448 522284 607380 400683 1 156576 780852 574845 426948 139559 581834 680840 104074 556416 666069 377176 387043 680200 550461 537290 390267 505026 410433 143259 262577 396697 497579 703386 490315 283416 385613 230739 516900
 457508 226236 374841 406780 339470 249867 555657 289004 825474 831025 425387 450537 594703 735076 894499 467732 737804 306814 590970 757593 512793 156576 1 937302 730428 270850 220918 695984 834012 240321 703941 816508 468316 452379 739912 702392 561379 463307 350059 566984 170930 389138 502951 567308 858342 585915 285233 256719 305294 571041
 512743 1158456 1311257 575983 603374 1081473 690592 1104279 117125 159414 534987 993343 552480 214581 136552 745907 431085 630489 767958 303889 600557 780852 937302 1 213410 1207753 771834 560304 169322 709752 317405 224258 683425 796306 903747 311166 922975 740362 1285006 370651 836598 614097 659757 801136 115275 698973 908724 1131790 775532 819135
 299478 948928 1105229 398120 393054 891027 572182 916916 124168 114939 350274 839164 368391 17573 233033 545489 382505 424685 584707 264240 401937 574845 730428 213410 1 1001277 558738 404747 124508 498666 147214 146127 481812 651463 817709 226800 730576 539366 1079863 172332 623744 401448 525727 682358 130147 588971 732200 918786 600230 631510
 724413 85977 104183 662883 609798 250173 757267 272350 1095280 1101328 688389 537363 839881 1005864 1161059 678541 981584 577388 789130 1016037 755970 426948 270850 1207753 1001277 1 471400 934931 1104028 508042 970723 1084922 696754 628283 879996 963653 710481 676196 82454 837201 408487 647201 718204 734987 1129086 783329 429179 219829 515368 754890
 263265 404692 574065 343957 179547 460547 575368 498205 668611 646928 333643 593622 374284 559682 754374 260885 668598 185513 387002 650957 291950 139559 220918 771834 558738 471400 1 475072 647542 84515 505086 622054 250737 519866 810690 589829 398649 255190 553723 415887 66056 176266 510029 626895 679679 607589 421816 360065 365695 378368
 312470 858990 1033553 587284 427966 929418 839889 965433 519357 401230 538231 1000667 105842 390626 630919 274853 750553 485009 229916 653255 183384 581834 695984 560304 404747 934931 475072 1 390994 477815 258413 336872 239863 859392 1103772 601308 395006 274022 1017037 426128 530894 319942 776157 933994 445295 866589 845116 774145 741080 286648
 384348 1046913 1208209 520821 494557 1007041 694325 1034243 158867 14598 471819 963421 387994 111403 259842 587931 484927 532780 601424 358084 443018 680840 834012 169322 124508 1104028 647542 390994 1 596597 156548 56030 527140 775942 935386 334170 759004 582910 1184039 292396 713541 478506 649442 804971 54938 709944 853617 1005555 722386 653726
 217198 450902 612177 259639 106748 453620 496230 488680 602424 594420 249621 545492 372607 501606 682798 306431 584740 101559 430136 571109 297156 104074 240321 709752 498666 508042 84515 477815 596597 1 463678 576950 279327 451016 737947 510658 466276 299600 588832 345369 135360 158554 429999 554043 623980 528354 378417 426423 301800 431226
 246518 908800 1074632 445590 369225 896799 663100 927129 261708 161748 393076 891796 235218 132422 373331 431556 515148 415809 451490 405437 286506 556416 703941 317405 147214 970723 505086 258413 156548 463678 1 118596 370595 718733 920425 360057 605589 426461 1052035 226836 570998 331179 607712 768787 204124 684600 762731 858760 637522 501926
 360908 1024733 1189008 526417 478526 1000048 716622 1028764 209783 68807 475564 972625 340349 129415 314267 544202 523685 521064 551086 399813 400544 666069 816508 224258 146127 1084922 622054 336872 56030 576950 118596 1 484890 789815 963783 369666 710534 539559 1165774 297244 688073 449208 667998 826182 110879 734213 854842 977008 725580 604295
 225751 619674 794415 473017 276751 711263 733344 748938 605739 531987 436298 824572 158069 474820 711210 63990 731118 327164 157449 668565 84349 377176 468316 683425 481812 696754 250737 239863 527140 279327 370595 484890 1 716055 990502 607529 256674 57585 778575 408991 298618 152556 665793 809401 573287 763904 657574 535235 575529 177059
 546951 633939 707653 276706 443313 397662 141215 398463 682488 765748 328967 199521 758262 665462 695360 753451 423768 389500 872704 513492 705403 387043 452379 796306 651463 628283 519866 859392 775942 451016 718733 789815 716055 1 293676 487458 916475 746214 675976 495124 529697 567864 139170 114958 770435 160427 199534 705272 156705 879927
 798184 901146 943567 522318 713769 631860 263895 618182 805795 922605 567596 349878 1009426 834386 777189 1033471 473508 664870 1147939 600020 968151 680200 739912 903747 817709 879996 810690 1103772 935386 737947 920425 963783 990502 293676 1 604756 1204140 1025999 912343 695872 823138 838657 328848 183951 914043 237877 463951 986932 450352 1160442
 384556 928606 1063679 301723 410839 803276 379697 821288 203104 320680 277021 686032 538646 244368 211092 669782 156052 412408 740900 62330 542695 550461 702392 311166 226800 963653 589829 601308 334170 510658 360057 369666 607529 487458 604756 1 864036 662498 1034927 198544 646011 481538 349592 490569 309373 389411 616938 931547 486066 778265
 480738 624708 790087 704522 505853 808475 957735 847811 854672 766105 675286 987465 371038 721811 962566 194417 984508 545433 165098 925189 329544 537290 561379 922975 730576 710481 398649 395006 759004 466276 605589 710534 256674 916475 1204140 864036 1 201829 783931 665498 407175 393970 890403 1020279 809330 989455 814627 501628 763875 108458
 278910 596242 770967 513809 314997 710870 772159 749320 663312 588093 480303 843332 205979 532285 768760 7721 783147 361164 132074 723831 140051 390267 463307 740362 539366 676196 255190 274022 582910 299600 426461 539559 57585 746214 1025999 662498 201829 1 757041 464016 292480 195731 704499 843506 629713 803237 673502 502541 600771 134452
 805594 161830 31708 733332 689522 282284 809683 294441 1171748 1181083 761426 564016 922264 1084845 1234881 759215 1045623 655355 868170 1085860 838337 505026 350059 1285006 1079863 82454 553723 1017037 1184039 588832 1052035 1165774 778575 675976 912343 1034927 783931 757041 1 914359 490933 729396 775199 777976 1208179 834129 476783 285207 575041 832507
 186929 789492 940631 229439 238904 718911 436668 744600 258784 284962 179526 675415 350163 181976 338499 471280 331096 260322 544675 259848 345718 410433 566984 370651 172332 837201 415887 426128 292396 345369 226836 297244 408991 495124 695872 198544 665498 464016 914359 1 477665 286917 380906 541951 302232 458960 561223 771605 430168 580458
 329221 339685 510390 385010 239213 418849 599725 457549 732265 712853 381743 580917 432752 625008 815994 297029 716299 235238 421059 706383 349265 143259 170930 836598 623744 408487 66056 530894 713541 135360 570998 688073 298618 529697 823138 646011 407175 292480 490933 477665 1 241339 536708 640767 745366 631873 408102 295265 373069 404208
 103822 580864 750155 320486 125259 611991 580824 647215 519301 479261 284863 688948 214377 399548 615342 203451 592225 178590 309603 543784 142850 262577 389138 614097 401448 647201 176266 319942 478506 158554 331179 449208 152556 567864 838657 481538 393970 195731 729396 286917 241339 1 513298 658307 514852 611351 528047 527862 433452 327637
 469339 709547 806417 194050 389745 507987 67660 515716 547298 638435 238817 338691 680758 540740 556435 712104 288656 345158 822863 374324 639851 396697 502951 659757 525727 718204 510029 776157 649442 429999 607712 667998 665793 139170 328848 349592 890403 704499 775199 380906 536708 513298 1 161293 639842 99060 306407 759399 203825 838679
 624283 745153 809671 347284 533087 496369 111316 491566 692944 793400 395795 249869 836556 697904 687215 850928 392871 482750 966814 502945 790802 497579 567308 801136 682358 734987 626895 933994 804971 554043 768787 826182 809401 114958 183951 490569 1020279 843506 777976 541951 640767 658307 161293 1 791736 104174 306542 819702 269402 977879
 416936 1074867 1233163 525511 519605 1021098 680501 1046789 116808 44145 478913 961871 438422 123399 208944 635003 454105 553632 653232 324967 489665 703386 858342 115275 130147 1129086 679679 445295 54938 623980 204124 110879 573287 770435 914043 309373 809330 629713 1208179 302232 745366 514852 639842 791736 1 693929 860330 1039230 727821 704849
 563482 782800 865737 291145 488330 557558 32235 558889 592387 697892 333005 340788 773537 605072 583455 810855 288984 444212 920748 399319 735762 490315 585915 698973 588971 783329 607589 866589 709944 528354 684600 734213 763904 160427 237877 389411 989455 803237 834129 458960 631873 611351 99060 104174 693929 1 357477 842465 280859 937319
 544800 439630 508427 335003 419018 202011 333870 209973 791646 846034 381982 172854 739406 742948 827650 679798 590821 362685 805418 656596 670737 283416 285233 908724 732200 429179 421816 845116 853617 378417 762731 854842 657574 199534 463951 616938 814627 673502 476783 561223 408102 528047 306407 306542 860330 357477 1 523730 133232 800051
 622318 136648 288896 648932 532702 405709 812325 439862 1027343 1005577 658097 671836 689814 919705 1109204 503151 984019 519832 600012 990125 607140 385613 256719 1131790 918786 219829 360065 774145 1005555 426423 858760 977008 535235 705272 986932 931547 501628 502541 285207 771605 295265 527862 759399 819702 1039230 842465 523730 1 561664 559014
 432347 505913 605906 202311 313904 319822 251104 335516 658442 714456 250644 260357 636659 611381 696183 607749 472479 257072 730009 528237 575202 230739 305294 775532 600230 515368 365695 741080 722386 301800 637522 725580 575529 156705 450352 486066 763875 600771 575041 430168 373069 433452 203825 269402 727821 280859 133232 561664 1 733005
 401210 670839 842293 647372 448990 820895 906336 859975 755141 661309 612421 971350 266709 621791 864380 126973 906328 495616 56941 838305 236165 516900 571041 819135 631510 754890 378368 286648 653726 431226 501926 604295 177059 879927 1160442 778265 108458 134452 832507 580458 404208 327637 838679 977879 704849 937319 800051 559014 733005 1
LAMBDA_SECTION
1 67
2 63
3 879
4 327
5 935
6 491
7 380
8 766
9 484
10 144
11 633
12 599
13 639
14 90
15 849
16 851
17 790
18 348
19 90
20 183
21 775
22 817
23 250
24 746
25 996
26 685
27 926
28 582
29 143
30 257
31 21
32 496
33 626
34 602
35 637
36 103
37 736
38 669
39 524
40 810
41 566
42 285
43 84
44 685
45 840
46 820
47 996
48 112
49 199
50 317
