NAME : domp90p22v3
COMMENT : Cherkesly, Contardo & Gruson 2022
TYPE : DOMP
DIMENSION : 90
DISPLAY_DATA_TYPE : NO_DISPLAY
OPEN_FACILITIES : 22
COST_SECTION
 1 875757 533582 321233 483912 977982 1064023 277669 629194 788876 956250 780028 431133 746172 751871 1150262 587758 891790 77838 999620 708050 817045 739136 1106023 733595 992516 261753 527907 748198 290658 404211 383362 870943 786348 687396 396447 340885 999808 1150535 923688 1185419 561555 864609 949060 699853 1132187 494635 321455 357040 1116806 760910 515801 678307 1008993 306988 104098 915663 320864 411945 944024 687174 924399 898968 657318 759676 480718 569300 986978 491760 701080 885656 298288 704885 937542 446378 807648 771813 621169 1209277 935436 975338 752957 1134919 888695 846604 759403 794484 755708 584968 687422
 875757 1 693281 582764 590883 241620 699916 600321 246844 758751 288250 134606 451943 247518 135361 757349 468161 412896 849324 730357 260529 811863 650504 646700 235529 186114 834293 634213 983936 842544 486562 693932 194391 905950 813928 838003 662073 753051 716011 1001883 627809 371317 240337 132187 205595 688361 899128 836535 888062 666836 230408 471677 913831 575886 568771 815463 1063952 794903 476937 817145 191252 174404 756952 543532 1030147 754664 558144 782623 423635 978498 765201 804749 966169 274445 526287 353105 712538 254631 658707 1073268 576602 581086 521576 829411 339833 469337 224714 194701 756650 780696
 533582 693281 1 316270 122266 653643 551385 396461 528039 255928 602172 680594 379481 456582 564105 635234 225378 468916 459003 474722 699571 288925 215074 613810 708428 707470 301108 59834 321021 283955 508316 151434 807547 294876 180951 204748 207897 471600 645356 432399 714764 340528 830398 688876 492143 631712 217991 256433 274825 620158 475710 237811 240714 526095 422061 429490 455883 231299 504490 410582 577112 634188 366082 190472 359738 81811 136802 455088 574474 299939 352220 255031 291242 589772 222168 424288 238878 512068 732596 472472 488132 252933 696475 357936 465154 315748 496975 701116 78417 166839
 321233 582764 316270 1 213788 659250 773924 82356 346553 554710 635329 511149 134257 426646 450827 860097 277832 574890 275627 724004 476854 596357 476253 802796 495644 679245 264826 279684 620471 281030 209837 194570 623210 610585 497050 321320 129979 729444 853251 748652 873198 241513 630438 639298 390677 832537 417972 286370 344664 815467 442136 200403 539185 704103 106288 239819 768578 248248 209386 700061 406815 608898 645273 368215 650880 312302 285875 725960 294287 587512 636593 248176 583512 616768 137748 487930 524666 334523 898500 785969 673164 469048 816822 659325 526191 452049 475319 504916 391356 482184
 483912 590883 122266 213788 1 583816 580292 296144 409719 341131 540777 566436 258451 367409 457998 666621 138789 433057 416804 520052 579006 384028 265031 624159 588843 627819 298696 70097 443287 292962 391005 126384 692441 411087 297211 254397 143819 522943 666824 545194 710695 226023 713197 602322 386078 648954 308403 274912 314755 634122 386471 121719 362874 528664 315266 382732 574771 237063 386475 486723 461156 553595 433083 173970 481656 164973 86023 515997 453479 421200 423609 255806 413046 525687 100747 367240 311045 393887 732556 590676 493677 269354 673826 445709 409279 286218 412473 583364 200251 276880
 977982 241620 653643 659250 583816 1 488881 703687 401031 634581 67873 364093 551095 232754 268885 534326 445044 234531 934525 539816 486279 683242 538488 419974 465379 81585 871239 602104 892372 871206 635769 706625 434288 795259 724882 836767 696662 565120 488371 864980 387816 417820 480929 115739 290416 461108 871570 856712 898571 440184 217187 487866 834790 364905 683142 898477 937582 816992 625469 652105 369100 72076 598520 469607 940989 729562 520846 601682 599251 899409 611588 832842 884695 69523 557438 232217 591129 399403 418506 943076 376101 464015 280297 681438 195097 356265 183956 425915 697989 689911
 1064023 699916 551385 773924 580292 488881 1 851108 727735 345094 424348 786007 742511 510218 648066 86436 500068 291615 995205 101645 882205 361998 336601 105524 871747 570284 851661 540138 600273 835333 878190 688067 890009 482704 484157 749893 723210 123986 98282 479353 226758 601164 932946 598026 611556 94995 721483 807597 820004 96252 515795 579899 583472 124812 855178 962006 563345 782079 869473 246440 734026 535129 232443 408444 644722 627134 495705 168250 892770 632933 253178 805484 616209 432573 636190 376428 331408 716222 227183 560283 126631 311068 288701 311261 370627 332477 499560 840356 536086 458386
 277669 600321 396461 82356 296144 703687 851108 1 355131 637020 686234 512601 153748 473888 474515 937002 352005 640306 250358 803945 458554 678391 558146 875843 480792 715341 295204 361731 694227 317339 162794 265831 614614 689711 576696 377431 199539 810011 928238 828406 941309 292449 615680 671440 422407 906814 479292 329924 388267 889200 487522 272625 613476 776849 41876 218194 845794 296794 166124 782310 414434 648045 727267 447829 722378 385997 367083 807384 255265 658905 718769 290651 655963 667025 216259 549777 606989 345931 967473 863525 747158 548825 879631 741639 586030 525280 521390 496475 470202 562950
 629194 246844 528039 346553 409719 401031 727735 355131 1 668204 409704 165914 212468 222716 135329 802944 324819 446615 605205 723682 177017 721208 559903 709078 181496 387712 607638 468973 844056 619883 243718 487958 286120 789300 682610 633380 443947 740524 774797 907385 732154 189531 303720 336806 123027 748378 710062 618756 674095 727286 223204 290228 766287 617541 322308 572117 954839 577622 233704 768559 60298 332962 705680 432406 885787 572188 408763 757762 198271 827487 707322 583680 817929 389942 322844 353143 623986 16042 762419 967825 602551 506969 642753 759120 369146 416782 250856 173708 602106 653872
 788876 758751 255928 554710 341131 634581 345094 637020 668204 1 569589 790305 582100 513205 652932 418771 348409 403929 713530 249989 844834 53713 109976 433110 845787 707353 546719 276147 272387 525056 721958 407340 915098 162956 139365 427492 461106 238312 443348 243932 551229 486534 947907 708537 588999 437606 382139 494511 494920 432573 529093 409797 240727 370776 656046 684863 306599 477871 715995 155532 701891 643798 121235 235956 320580 313731 283297 210820 770502 295651 103087 501963 279013 565067 432758 415666 46247 652759 560578 314842 333537 177994 569870 104620 443999 290944 535056 827414 210736 116914
 956250 288250 602172 635329 540777 67873 424348 686234 409704 569589 1 399502 536537 213052 285941 473694 402581 167483 908547 472514 516372 617561 475789 360749 498086 148555 833713 553082 830095 831721 633604 665695 482637 731023 663892 790948 661146 497683 429827 798148 342006 394982 528378 174137 290667 402286 820016 815428 854673 380982 201572 453488 774574 299792 669296 872323 871405 776625 623344 584281 386903 114648 530947 414796 878832 679990 472532 533956 606689 838837 544219 793678 823850 19990 524423 177886 526724 405442 373049 876592 309262 401497 240291 614242 137460 296804 167946 460287 642282 628928
 780028 134606 680594 511149 566436 364093 786007 512601 165914 790305 399502 1 376902 287304 141844 851311 464358 494396 762652 802150 126027 844013 680332 745644 102094 318304 773343 620819 989568 785786 379005 652016 127450 924743 823405 797672 609592 822554 814538 1033698 741305 340719 157684 263373 201330 786999 871244 784569 839690 765342 276409 444894 914276 665475 476493 730785 1088120 743375 370259 870669 107318 292689 808400 560004 1033266 730852 553248 846915 304579 977147 813526 749588 966503 382705 485193 416298 744487 179753 772354 1099547 659727 617940 639002 872324 415608 513453 287179 61893 751442 792457
 431133 451943 379481 134257 258451 551095 742511 153748 212468 582100 536537 376902 1 323503 322846 826447 249553 506007 398188 709217 348649 630192 486752 754108 365444 561597 397578 327967 699313 411838 141315 297602 490136 668847 555319 438360 243330 719374 811385 800877 808673 150109 499305 517977 268730 788088 526160 413832 470978 769135 336105 174741 618112 655407 132762 363847 833102 373761 134488 712727 272761 494465 652932 361624 735357 401128 298811 724179 195059 673350 648322 377051 666705 517041 157705 411667 544550 200826 836221 848825 629434 458996 739516 684123 444841 410152 370058 372232 457889 533407
 746172 247518 456582 426646 367409 232754 510218 473888 222716 513205 213052 287304 323503 1 145488 582627 232979 224341 701791 517115 372511 566650 404141 486572 363757 262679 643654 399457 737320 645744 424969 484423 406469 658497 567036 621556 468088 536654 552756 756983 512180 185141 443360 234942 101829 526141 669783 633665 679239 504944 19194 260368 668664 396335 456264 665731 817251 592979 414825 583977 223820 188851 522008 296517 783935 524832 319793 559875 409040 733617 527968 607220 720834 193541 327759 133859 466963 213693 542032 826992 383880 336655 428580 588955 146430 227907 48897 335445 514739 533556
 751871 135361 564105 450827 457998 268885 648066 474515 135329 652932 285941 141844 322846 145488 1 716173 340747 357110 721000 660952 237356 706615 543086 613775 224221 252460 699435 504533 863262 707344 377828 558817 262566 792218 694719 703191 526798 681079 681936 896800 620999 236264 298137 202302 72093 654643 766391 701179 752752 633067 134820 337719 790552 529558 445968 686480 953868 659548 367683 729212 101176 199068 667082 426867 908372 622517 431056 705107 331914 854590 672592 669491 842973 266956 391006 275309 606857 137161 651851 964561 521473 478583 524773 732382 277627 372363 148709 192428 630470 662583
 1150262 757349 635234 860097 666621 534326 86436 937002 802944 418771 473694 851311 826447 582627 716173 1 585591 359563 1081199 168786 952362 428956 420165 115392 940393 614265 936011 625670 662131 919119 961023 773549 950019 544961 558048 831837 809410 183268 54538 522924 208242 683504 994133 647498 684436 76943 799143 890996 901687 95681 586559 665408 652589 186744 940529 1048117 607028 866315 952159 300355 805666 587504 300535 494879 704477 709794 582119 221676 972732 698280 320891 889845 681700 484627 722351 449899 409963 792067 196857 601425 201265 397324 297334 370313 439121 416340 567563 907487 616466 534374
 587758 468161 225378 277832 138789 445044 500068 352005 324819 348409 402581 464358 249553 232979 340747 585591 1 306103 528527 460429 501680 400214 244515 524974 505638 490469 432508 167040 525232 429360 390289 263124 591794 464636 359718 392288 264096 469979 576273 583636 597952 138457 618693 467355 269364 555084 436808 412883 453536 537784 252172 79832 450667 426276 355159 492760 630044 374082 382790 467043 365853 416339 405982 115289 569250 291860 90323 474835 426587 514274 402995 391495 503036 387185 142140 231553 306446 308951 622385 643016 395538 209603 549520 445400 273323 174227 276030 492230 289725 329832
 891790 412896 468916 574890 433057 234531 291615 640306 446615 403929 167483 494396 506007 224341 357110 359563 306103 1 834358 318212 592822 450878 315303 262508 581221 312372 731714 428031 668598 724760 628491 558986 599942 566261 505755 668566 569020 341715 328418 630666 302669 355983 642180 325860 326030 301823 682841 704183 736120 280679 227185 376104 617483 172824 633280 798471 704158 668524 618844 419256 446306 259764 364349 278723 717437 550017 353079 374272 626260 680704 377109 688311 665212 166256 445600 96746 362207 436808 330375 709176 165559 242557 243491 446908 79587 153245 208405 549098 497097 471054
 77838 849324 459003 275627 416804 934525 995205 250358 605205 713530 908547 762652 398188 701791 721000 1081199 528527 834358 1 928181 701844 740658 667145 1040812 725759 954540 184266 456569 670900 213426 397198 310175 861536 708561 610101 318805 272986 927543 1083308 845851 1123925 516718 859410 913636 664287 1065718 417860 243954 281563 1050920 717553 460424 600591 944711 286498 36248 838162 243149 403492 868897 664702 884482 824960 590772 683153 403859 502757 913493 488971 624110 811217 220476 627654 890352 389539 753558 697732 595568 1146961 857905 910222 684377 1077849 812617 793534 697380 750572 744171 508314 610734
 999620 730357 474722 724004 520052 539816 101645 803945 723682 249989 472514 802150 709217 517115 660952 168786 460429 318212 928181 1 887852 262155 261236 203832 880573 621050 775696 471788 499178 757360 848701 618321 914089 381583 389266 666917 659646 26601 197193 380313 326274 576956 954699 641447 615000 196588 630855 728436 736299 197090 526164 538924 485051 185205 812560 896277 463901 705867 840661 145853 738232 576050 132709 356125 543311 546327 439169 70479 873572 532831 153340 729691 516145 476935 587711 385856 243046 710711 328405 461739 164564 255123 376748 209617 391152 309580 516054 852459 450233 365803
 708050 260529 699571 476854 579006 486279 882205 458554 177017 844834 516372 126027 348649 372511 237356 952362 501680 592822 701844 887852 1 897953 736169 851031 28999 443979 741233 641356 1018050 757850 305106 643619 164691 965901 858417 786434 591867 906271 919038 1084390 856041 365210 157583 388952 272867 891807 870634 761710 819261 870256 366436 462723 939375 765620 418402 673036 1131569 722068 298414 941430 149635 414305 878546 609209 1058815 737725 584505 926363 216600 999510 881127 724282 990576 498497 485960 506282 800376 192778 887017 1144684 755639 681259 756662 934585 513247 586100 385081 67401 775113 830174
 817045 811863 288925 596357 384028 683242 361998 678391 721208 53713 617561 844013 630192 566650 706615 428956 400214 450878 740658 262155 897953 1 163687 456611 899142 757120 568442 316678 240215 545006 769210 439463 968803 124191 140666 443424 496590 245697 459150 190351 577276 538571 1001609 759680 642703 456502 386154 513753 508198 453855 582421 459321 223773 403148 699243 713479 255202 500983 763536 140930 755374 694619 129619 288810 286650 337198 331727 210645 820118 270936 108899 524910 254212 613813 478520 467196 99787 705708 584112 262535 367395 230815 604235 73563 494350 343402 587904 880983 232547 130662
 739136 650504 215074 476253 265031 538488 336601 558146 559903 109976 475789 680332 486752 404141 543086 420165 244515 315303 667145 261236 736169 163687 1 404461 736574 608021 516013 211351 354323 498967 627888 357134 805163 259129 190785 414121 400393 260691 431552 353716 512519 381109 837939 605593 479030 419235 396154 471025 484447 409051 420377 312199 302701 323743 572465 635540 413469 446256 621240 226583 592405 541899 169233 129600 403087 290791 192367 251043 670430 365475 162213 469874 349922 469203 345565 312874 64371 544605 527391 422880 284977 74482 510942 201042 344579 186165 427770 717717 205444 156409
 1106023 646700 613810 802796 624159 419974 105524 875843 709078 433110 360749 745644 754108 486572 613775 115392 524974 262508 1040812 203832 851031 456611 404461 1 837497 499454 909167 593701 696637 895429 883542 740264 840307 579555 569725 816985 767908 227993 69319 583800 122486 606609 885049 533901 587984 41663 798846 869407 887401 20242 488292 603458 673761 99065 874918 1006378 667577 840574 874228 349683 706740 475134 328762 450289 742260 693036 538141 272688 887069 726432 349248 863231 709683 372692 666169 357726 412266 699312 127631 664996 130687 362575 188115 411682 340439 350822 466308 803234 609394 541219
 733595 235529 708428 495644 588843 465379 871747 480792 181496 845787 498086 102094 365444 363757 224221 940393 505638 581221 725759 880573 28999 899142 736574 837497 1 420274 760406 649694 1025410 776295 329871 658033 137675 970274 864046 801761 607956 899587 905868 1086624 838945 371021 135208 365401 266367 878508 883993 779220 836418 856903 356331 470823 947380 753764 441157 696431 1135602 739202 322802 938370 145001 393658 875562 610857 1066883 749269 590242 920912 242948 1008207 878817 742172 998883 480638 497851 496943 800909 197528 869968 1148326 745117 679649 738226 933737 501675 581791 372876 40843 783129 835124
 992516 186114 707470 679245 627819 81585 570284 715341 387712 707353 148555 318304 561597 262679 252460 614265 490469 312372 954540 621050 443979 757120 608021 499454 420274 1 905975 653263 960192 908399 629959 746806 370411 866420 791189 882197 730279 646238 567352 940973 459622 441333 417514 55086 293117 540293 924301 896259 941211 519604 244362 523031 899632 446442 690708 918946 1012100 855635 619769 731313 345725 74231 676690 529293 1008529 780439 572007 682362 582457 964614 689138 869874 950343 146218 589772 296284 663053 389369 489767 1018235 457554 533694 350002 758465 263686 423002 215664 379636 757069 756329
 261753 834293 301108 264826 298696 871239 851661 295204 607638 546719 833713 773343 397578 643654 699435 936011 432508 731714 184266 775696 741233 568442 516013 909167 760406 905975 1 315659 486650 29866 457483 172936 887629 527108 433246 134797 175738 771897 944434 663158 1003416 468816 895257 873061 632918 929579 234330 59704 104324 916902 661690 383760 416713 817433 336898 168261 653927 69830 459998 701913 667443 832451 663152 464014 499713 232996 380423 753135 548821 440112 647673 46178 443436 817480 316271 663904 536975 594567 1023584 673689 780638 546674 971718 641550 705773 583367 691738 769502 336764 437782
 527907 634213 59834 279684 70097 602104 540138 361731 468973 276147 553082 620819 327967 399457 504533 625670 167040 428031 456569 471788 641356 316678 211351 593701 649694 653263 315659 1 377332 303457 461100 147933 747820 341104 227370 240696 189426 472028 630802 475140 688423 280962 770938 632882 432528 615014 271138 279640 308162 601813 418633 178872 298046 501835 383149 424489 505143 247778 456565 425709 517534 579578 375102 151200 417461 127490 81377 460994 522844 358539 363908 269922 349258 539783 170422 375602 249855 452976 708138 520881 464980 231584 662070 380659 417157 275399 441012 641808 133874 206812
 748198 983936 321021 620471 443287 892372 600273 694227 844056 272387 830095 989568 699313 737320 863262 662131 525232 668598 670900 499178 1018050 240215 354323 696637 1025410 960192 486650 377332 1 457546 823234 428408 1117013 117595 170508 352723 494699 480157 696203 199291 817485 654655 1143161 954041 793118 695170 254756 427005 395063 693391 755354 555371 81562 641764 726101 653113 168492 434466 820312 362530 889625 892048 368331 440841 48841 308429 436704 440485 893815 51749 347679 454265 43558 823245 542782 663938 308421 828015 824019 188554 605132 428616 841864 291823 697767 537231 768766 1015360 243536 204743
 290658 842544 283955 281030 292962 871206 835333 317339 619883 525056 831721 785786 411838 645744 707344 919119 429360 724760 213426 757360 757850 545006 498967 895429 776295 908399 29866 303457 457546 1 478678 166639 901819 500219 408486 106814 180726 752762 928990 635547 991869 474427 910784 876976 639686 914788 204691 31797 75515 902616 664060 385376 388403 804913 358711 198095 625073 56265 480737 679822 679307 834569 642622 453552 470091 212045 372047 732797 569162 410711 626691 38528 414257 815921 320093 659927 517146 606407 1011388 644881 767722 532906 963211 618335 701926 574852 693383 784062 314470 414467
 404211 486562 508316 209837 391005 635769 878190 162794 243718 721958 633604 379005 141315 424969 377828 961023 390289 628491 397198 848701 305106 769210 627888 883542 329871 629959 457483 461100 823234 478678 1 402990 466900 801720 687624 530231 339597 859500 943189 936136 929452 277707 462518 580049 345565 919036 627808 489186 547808 899450 433288 316040 741672 785717 120918 369426 964169 453693 10302 853992 295370 571179 794247 502911 856129 517499 438824 865113 93178 793096 789579 450030 788041 613633 291817 532076 685158 240677 958084 980589 761934 599881 852401 824546 560696 545941 466166 351573 586283 667866
 383362 693932 151434 194570 126384 706625 688067 265831 487958 407340 665695 652016 297602 484423 558817 773549 263124 558986 310175 618321 643619 439463 357134 740264 658033 746806 172936 147933 428408 166639 402990 1 774037 430614 320822 145697 66294 617383 778544 570477 831811 322616 788978 717966 488614 762432 228675 150088 195457 748875 503116 225606 347791 647006 298650 279340 582032 110989 401591 561725 544732 672679 515639 292203 457052 120518 207582 603660 482642 393599 502551 129445 390256 650158 168294 493311 388537 473104 852575 600209 610779 379037 798786 509208 535321 410462 531193 659345 213480 313512
 870943 194391 807547 623210 692441 434288 890009 614614 286120 915098 482637 127450 490136 406469 262566 950019 591794 599942 861536 914089 164691 968803 805163 840307 137675 370411 887629 747820 1117013 901819 466900 774037 1 1051483 950704 919361 728641 935622 909624 1158829 821629 467261 47115 320610 327108 881963 995668 902511 958633 860388 393439 571175 1041696 766892 575832 831548 1214425 861738 459554 990113 231356 368670 928351 686391 1160708 856391 680687 962318 380622 1104502 934435 866519 1093909 468633 608686 529790 869103 301190 852455 1225593 765175 741149 714580 994842 523459 634292 398659 118543 878760 919618
 786348 905950 294876 610585 411087 795259 482704 689711 789300 162956 731023 924743 668847 658497 792218 544961 464636 566261 708561 381583 965901 124191 259129 579555 970274 866420 527108 341104 117595 500219 801720 430614 1051483 1 114155 393651 494609 362678 578623 139935 700744 600896 1081049 864721 724560 577621 313781 468453 449550 576021 675588 509169 125007 527280 716648 685817 165981 465546 797424 246195 829696 800944 250961 365402 162770 313233 382484 323453 863412 155085 230365 488097 139036 725758 511499 571938 204306 773376 706806 180434 491332 332960 728224 174875 602741 445293 685248 956180 219515 136660
 687396 813928 180951 497050 297211 724882 484157 576696 682610 139365 663892 823405 555319 567036 694719 558048 359718 505755 610101 389266 858417 140666 190785 569725 864046 791189 433246 227370 170508 408486 687624 320822 950704 114155 1 304850 383427 376787 582438 251711 685772 493287 978360 783950 625252 576030 246066 376889 368229 570197 584990 398456 111931 501216 602968 585009 277911 367703 683383 281079 725526 722371 258898 270519 217989 207610 273927 346412 750107 175100 239443 391220 159960 656136 397783 494953 158786 666602 696691 293512 462935 263402 695968 213850 529857 368786 598262 851825 107501 34977
 396447 838003 204748 321320 254397 836767 749893 377431 633380 427492 790948 797672 438360 621556 703191 831837 392288 668566 318805 666917 786434 443424 414121 816985 801761 882197 134797 240696 352723 106814 530231 145697 919361 393651 304850 1 195413 660293 845590 528735 919394 466961 933553 856338 632440 833260 105715 75255 70418 822570 640558 367157 281918 730558 416004 300407 519445 85502 530380 580636 690375 807977 547171 390504 368297 123996 319056 637447 615497 307364 530228 102405 309774 776774 313688 614481 424277 618618 936911 539148 692444 457515 900158 516977 656332 515625 666863 804185 217569 313781
 340885 662073 207897 129979 143819 696662 723210 199539 443947 461106 661146 609592 243330 468088 526798 809410 264096 569020 272986 659646 591867 496590 400393 767908 607956 730279 175738 189426 494699 180726 339597 66294 728641 494609 383427 195413 1 660832 810494 634241 852891 293833 740787 697423 458961 792753 288560 175402 230152 777938 486044 208797 414037 672117 232744 239025 647678 133943 338759 613507 502495 656824 564269 317787 523157 186642 229789 650419 421836 459690 552561 142703 456497 644422 140535 494991 438267 429840 875292 665718 637368 412149 811782 564525 536412 426859 516306 612163 275951 373685
 999808 753051 471600 729444 522943 565120 123986 810011 740524 238312 497683 822554 719374 536654 681079 183268 469979 341715 927543 26601 906271 245697 260691 227993 899587 646238 771897 472028 480157 752762 859500 617383 935622 362678 376787 660293 660832 1 216498 355812 350188 589840 975825 665873 633580 218162 620375 723389 729184 220165 546263 547654 469385 211779 819921 896154 439647 702119 851647 122494 756644 600301 118007 362834 523518 541061 443789 44797 886817 515284 138027 726061 498667 501740 594049 406492 236108 727289 351154 437024 190527 262142 402901 189005 413424 324745 537183 872098 442925 355042
 1150535 716011 645356 853251 666824 488371 98282 928238 774797 443348 429827 814538 811385 552756 681936 54538 576273 328418 1083308 197193 919038 459150 431552 69319 905868 567352 944434 630802 696203 928990 943189 778544 909624 578623 582438 845590 810494 216498 1 566217 154070 665588 954348 602677 654431 27661 819281 901789 915851 49281 555188 655660 681322 158404 929363 1049512 650470 875117 934053 337903 774036 544295 329543 493224 739932 722335 581238 258592 949992 729969 350253 898286 713272 441946 715787 422219 429280 764646 144509 645871 182019 399616 243678 405496 407186 403518 534050 871882 633013 556582
 923688 1001883 432399 748652 545194 864980 479353 828406 907385 243932 798148 1033698 800877 756983 896800 522924 583636 630666 845851 380313 1084390 190351 353716 583800 1086624 940973 663158 475140 199291 635547 936136 570477 1158829 139935 251711 528735 634241 355812 566217 1 705955 721880 1191187 946347 832371 571925 441497 603937 580620 575587 772685 635924 249163 553846 854436 824025 84253 603355 931415 234995 943572 880762 272588 475835 220771 453100 507645 311186 994306 250627 256339 625482 239250 796026 644634 655105 290118 891698 705882 81780 522896 420826 753426 185408 680174 532875 777645 1069570 358608 268332
 1185419 627809 714764 873198 710695 387816 226758 941309 732154 551229 342006 741305 808673 512180 620999 208242 597952 302669 1123925 326274 856041 577276 512519 122486 838945 459622 1003416 688423 817485 991869 929452 831811 821629 700744 685772 919394 852891 350188 154070 705955 1 658630 868011 503162 609130 138529 908668 967394 989580 130868 509277 672916 791852 189230 935548 1088655 789834 936164 919658 472110 719704 453560 450382 539621 863512 795597 625388 394770 921064 845983 470732 958034 829254 358615 739971 397869 527217 724653 31050 787000 227818 461880 110358 533998 369319 426546 481578 801754 717843 655969
 561555 371317 340528 241513 226023 417820 601164 292449 189531 486534 394982 340719 150109 185141 236264 683504 138457 355983 516718 576956 365210 538571 381109 606609 371021 441333 468816 280962 654655 474427 277707 322616 467261 600896 493287 466961 293833 589840 665588 721880 658630 1 490006 405193 166163 641611 532970 466467 517009 622202 200882 104312 577257 508409 279801 480696 766711 424916 268716 599649 236586 369467 537542 251557 696718 390862 219364 600049 297046 638978 536336 436172 629083 376107 155338 261599 443951 173494 686290 780132 484230 337820 590080 582122 295439 269846 233865 361139 413281 464988
 864609 240337 830398 630438 713197 480929 932946 615680 303720 947907 528378 157684 499305 443360 298137 994133 618693 642180 859410 954699 157583 1001609 837939 885049 135208 417514 895257 770938 1143161 910784 462518 788978 47115 1081049 978360 933553 740787 975825 954348 1191187 868011 490006 1 367555 358909 926688 1013144 913089 969976 905084 431325 592883 1066760 810315 575770 830601 1244912 872806 455945 1027302 253669 414740 965213 716910 1186084 875903 706459 1001572 372855 1128881 970673 876333 1118764 514036 625960 569436 902123 319423 898871 1256559 807647 775573 761221 1029884 564931 670468 438673 130098 903096 947939
 949060 132187 688876 639298 602322 115739 598026 671440 336806 708537 174137 263373 517977 234942 202302 647498 467355 325860 913636 641447 388952 759680 605593 533901 365401 55086 873061 632882 954041 876976 580049 717966 320610 864721 783950 856338 697423 665873 602677 946347 503162 405193 367555 1 249519 575266 903809 866369 913211 554140 215854 492657 890367 473280 645232 878349 1014825 825314 569925 744039 292601 66271 687208 517270 1001912 759077 552301 699851 529831 955522 698311 838485 941774 165692 557059 293036 663314 339435 533740 1021989 480402 532078 394862 766323 266282 419429 191922 324824 742753 749380
 699853 205595 492143 390677 386078 290416 611556 422407 123027 588999 290667 201330 268730 101829 72093 684436 269364 326030 664287 615000 272867 642703 479030 587984 266367 293117 632918 432528 793118 639686 345565 488614 327108 724560 625252 632440 458961 633580 654431 832371 609130 166163 358909 249519 1 627738 694480 632439 683169 606486 100390 266189 719718 498162 397705 629119 887317 590851 335263 673281 123307 228170 610630 359316 837871 550492 359592 654546 316583 783550 614757 601591 772125 270713 321469 235160 543221 116162 639394 898527 485397 417491 520487 672089 247559 316009 128062 241681 559024 593562
 1132187 688361 631712 832537 648954 461108 94995 906814 748378 437606 402286 786999 788088 526141 654643 76943 555084 301823 1065718 196588 891807 456502 419235 41663 878508 540293 929579 615014 695170 914788 919036 762432 881963 577621 576030 833260 792753 218162 27661 571925 138529 641611 926688 575266 627738 1 810119 888029 903626 21659 528324 634192 677090 133399 907164 1031665 656105 860505 909832 340593 747051 516720 327099 475052 739706 709638 563122 261746 924619 727392 347824 883490 710655 414327 695324 396155 420843 738366 134144 652323 159677 383450 220795 406184 380344 381615 506891 844426 622418 549089
 494635 899128 217991 417972 308403 871570 721483 479292 710062 382139 820016 871244 526160 669783 766391 799143 436808 682841 417860 630855 870634 386154 396154 798846 883993 924301 234330 271138 254756 204691 627808 228675 995668 313781 246066 105715 288560 620375 819281 441497 908668 532970 1013144 903809 694480 810119 1 175473 140427 801894 688977 429241 192494 719837 516664 402379 423150 191216 627214 526960 764653 850686 503233 406586 265400 145073 352298 591878 710192 206545 484373 207307 211214 807741 387251 642156 390076 694699 923156 443154 681087 452954 902188 458514 682845 530581 712024 883100 191171 265337
 321455 836535 256433 286370 274912 856712 807597 329924 618756 494511 815428 784569 413832 633665 701179 890996 412883 704183 243954 728436 761710 513753 471025 869407 779220 896259 59704 279640 427005 31797 489186 150088 902511 468453 376889 75255 175402 723389 901789 603937 967394 466467 913089 866369 632439 888029 175473 1 58639 876208 652223 373758 357102 779824 370593 226983 594224 41636 490614 649038 677608 822210 612562 430559 440645 182335 351105 702800 578245 380691 596419 39275 383830 800048 311220 642060 487521 604847 986421 613986 742370 507186 941128 587140 684108 553190 680771 785352 283801 383300
 357040 888062 274825 344664 314755 898571 820004 388267 674095 494920 854673 839690 470978 679239 752752 901687 453536 736120 281563 736299 819261 508198 484447 887401 836418 941211 104324 308162 395063 75515 547808 195457 958633 449550 368229 70418 230152 729184 915851 580620 989580 517009 969976 913211 683169 903626 140427 58639 1 892978 698039 421057 331500 800821 429068 270143 563516 97219 549252 646794 732533 867007 615235 458863 403296 194390 384683 705412 636865 346228 597909 97797 351506 839982 361789 679231 493404 659946 1007223 583536 762749 527716 969224 581708 721215 583551 725552 841835 286266 379866
 1116806 666836 620158 815467 634122 440184 96252 889200 727286 432573 380982 765342 769135 504944 633067 95681 537784 280679 1050920 197090 870256 453855 409051 20242 856903 519604 916902 601813 693391 902616 899450 748875 860388 576021 570197 822570 777938 220165 49281 575587 130868 622202 905084 554140 606486 21659 801894 876208 892978 1 506977 616636 672828 113802 888981 1016684 659593 848045 890199 342522 725626 495354 325072 460152 738511 698749 548169 264501 904193 724370 345712 870877 707620 392883 678494 375342 413728 717361 131352 656456 142322 370291 204876 406298 359025 363924 485383 822788 613249 542447
 760910 230408 475710 442136 386471 217187 515795 487522 223204 529093 201572 276409 336105 19194 134820 586559 252172 227185 717553 526164 366436 582421 420377 488292 356331 244362 661690 418633 755354 664060 433288 503116 393439 675588 584990 640558 486044 546263 555188 772685 509277 200882 431325 215854 100390 528324 688977 652223 698039 506977 1 278721 687073 399903 468774 681555 833722 611466 423079 596680 219133 170785 535007 314514 802089 544025 338914 570600 413419 752063 541483 625533 739201 181783 345604 140809 482848 215376 539418 843250 389209 352009 422855 603301 148003 242017 33955 326574 533588 551388
 515801 471677 237811 200403 121719 487866 579899 272625 290228 409797 453488 444894 174741 260368 337719 665408 79832 376104 460424 538924 462723 459321 312199 603458 470823 523031 383760 178872 555371 385376 316040 225606 571175 509169 398456 367157 208797 547654 655660 635924 672916 104312 592883 492657 266189 634192 429241 373758 421057 616636 278721 1 476716 504550 275359 424281 675052 332838 309180 537996 340084 449199 478238 187202 596194 286618 128390 550599 360817 537399 473597 346853 528092 436375 71333 293137 370898 274257 698111 689488 474543 285935 619118 510632 333306 252719 308121 463401 312437 372511
 678307 913831 240714 539185 362874 834790 583472 613476 766287 240727 774574 914276 618112 668664 790552 652589 450667 617483 600591 485051 939375 223773 302701 673761 947380 899632 416713 298046 81562 388403 741672 347791 1041696 125007 111931 281918 414037 469385 681322 249163 791852 577257 1066760 890367 719718 677090 192494 357102 331500 672828 687073 476716 1 609609 644948 580841 239100 360542 738755 360700 813093 829844 352377 373645 119505 227487 361075 434030 812472 65164 331842 381469 52423 766353 461905 603837 267716 750257 801276 258425 571693 374989 806150 289029 639696 478535 702430 938355 164279 146439
 1008993 575886 526095 704103 528664 364905 124812 776849 617541 370776 299792 665475 655407 396335 529558 186744 426276 172824 944711 185205 765620 403148 323743 99065 753764 446442 817433 501835 641764 804913 785717 647006 766892 527280 501216 730558 672117 211779 158404 553846 189230 508409 810315 473280 498162 133399 719837 779824 800821 113802 399903 504550 609609 1 775861 910014 635244 749517 776490 320860 619033 410323 283938 355414 689147 606669 442711 254002 791589 666355 302744 771756 649747 307773 567747 264482 342498 607074 206623 635572 38775 273177 201553 371573 252377 252054 380896 721133 528857 470232
 306988 568771 422061 106288 315266 683142 855178 41876 322308 656046 669296 476493 132762 456264 445968 940529 355159 633280 286498 812560 418402 699243 572465 874918 441157 690708 336898 383149 726101 358711 120918 298650 575832 716648 602968 416004 232744 819921 929363 854436 935548 279801 575770 645232 397705 907164 516664 370593 429068 888981 468774 275359 644948 775861 1 255752 874865 336612 124346 798175 380712 625114 741645 457097 755681 417708 380187 819516 213467 692238 734172 331326 688669 649802 227089 540594 623962 314186 962416 892252 747585 557859 869779 760483 575213 525857 502727 458046 497550 587405
 104098 815463 429490 239819 382732 898477 962006 218194 572117 684863 872323 730785 363847 665731 686480 1048117 492760 798471 36248 896277 673036 713479 635540 1006378 696431 918946 168261 424489 653113 198095 369426 279340 831548 685817 585009 300407 239025 896154 1049512 824025 1088655 480696 830601 878349 629119 1031665 402379 226983 270143 1016684 681555 424281 580841 910014 255752 1 819367 220777 375223 839963 631836 848716 794901 556620 667627 377794 468556 882994 461953 607486 781559 199372 610176 854141 353460 717406 667734 562166 1111851 838950 875738 651011 1041957 784928 757342 662122 714529 713795 481718 584154
 915663 1063952 455883 768578 574771 937582 563345 845794 954839 306599 871405 1088120 833102 817251 953868 607028 630044 704158 838162 463901 1131569 255202 413469 667577 1135602 1012100 653927 505143 168492 625073 964169 582032 1214425 165981 277911 519445 647678 439647 650470 84253 789834 766711 1244912 1014825 887317 656105 423150 594224 563516 659593 833722 675052 239100 635244 874865 819367 1 599458 960230 318237 994405 949816 352214 528118 171478 461774 548461 395114 1027971 218588 334798 620066 212042 868272 675467 722152 352394 938943 790018 20141 603375 484390 835567 264323 749539 597463 841036 1120857 378272 302574
 320864 794903 231299 248248 237063 816992 782079 296794 577622 477871 776625 743375 373761 592979 659548 866315 374082 668524 243149 705867 722068 500983 446256 840574 739202 855635 69830 247778 434466 56265 453693 110989 861738 465546 367703 85502 133943 702119 875117 603355 936164 424916 872806 825314 590851 860505 191216 41636 97219 848045 611466 332838 360542 749517 336612 220777 599458 1 454657 633245 636346 781647 593718 397499 452375 164292 315782 683617 541573 390686 578422 24099 392082 761008 269718 604221 467361 563630 955896 618909 712479 478000 906970 573806 646242 518598 640270 744781 268668 370397
 411945 476937 504490 209386 386475 625469 869473 166124 233704 715995 623344 370259 134488 414825 367683 952159 382790 618844 403492 840661 298414 763536 621240 874228 322802 619769 459998 456565 820312 480737 10302 401591 459554 797424 683383 530380 338759 851647 934053 931415 919658 268716 455945 569925 335263 909832 627214 490614 549252 890199 423079 309180 738755 776490 124346 375223 960230 454657 1 847174 285708 560903 787248 495804 853633 515235 432750 857616 89143 790695 782776 451534 785439 603372 286842 522382 678867 230525 948332 976535 752896 592389 842362 818355 550819 537334 455932 343769 582593 663230
 944024 817145 410582 700061 486723 652105 246440 782310 768559 155532 584281 870669 712727 583977 729212 300355 467043 419256 868897 145853 941430 140930 226583 349683 938370 731313 701913 425709 362530 679822 853992 561725 990113 246195 281079 580636 613507 122494 337903 234995 472110 599649 1027302 744039 673281 340593 526960 649038 646794 342522 596680 537996 360700 320860 798175 839963 318237 633245 847174 1 793436 677770 62899 352106 404196 469008 418625 79324 893505 400921 64427 657329 384596 585100 571678 464060 175980 754050 473622 316663 292213 262574 518964 71862 480653 357471 594084 914947 365364 266988
 687174 191252 577112 406815 461156 369100 734026 414434 60298 701891 386903 107318 272761 223820 101176 805666 365853 446306 664702 738232 149635 755374 592405 706740 145001 345725 667443 517534 889625 679307 295370 544732 231356 829696 725526 690375 502495 756644 774036 943572 719704 236586 253669 292601 123307 747051 764653 677608 732533 725626 219133 340084 813093 619033 380712 631836 994405 636346 285708 793436 1 298328 730612 467793 932427 625038 452967 776975 237410 875251 733817 642884 865098 367777 378142 357668 656772 72908 750425 1006658 607631 534722 625071 788940 366989 437163 240853 126485 649452 695603
 924399 174404 634188 608898 553595 72076 535129 648045 332962 643798 114648 292689 494465 188851 199068 587504 416339 259764 884482 576050 414305 694619 541899 475134 393658 74231 832451 579578 892048 834569 571179 672679 368670 800944 722371 807977 656824 600301 544295 880762 453560 369467 414740 66271 228170 516720 850686 822210 867007 495354 170785 449199 829844 410323 625114 848716 949816 781647 560903 677770 298328 1 620980 457989 940148 706632 498404 633911 530702 894938 632170 796048 880919 102982 516388 229026 598804 332438 484497 956745 415897 468030 348184 700326 200590 355896 141491 354412 685086 687644
 898968 756952 366082 645273 433083 598520 232443 727267 705680 121235 530947 808400 652932 522008 667082 300535 405982 364349 824960 132709 878546 129619 169233 328762 875562 676690 663152 375102 368331 642622 794247 515639 928351 250961 258898 547171 564269 118007 329543 272588 450382 537542 965213 687208 610630 327099 503233 612562 615235 325072 535007 478238 352377 283938 741645 794901 352214 593718 787248 62899 730612 620980 1 291536 413556 430603 361472 90300 832087 400525 20736 617795 383810 530604 514660 403926 127229 691188 455874 353761 251225 200038 485224 87909 422340 295012 533264 852310 329679 238138
