NAME : domp60p30v4
COMMENT : Cherkesly, Contardo & Gruson 2022
TYPE : DOMP
DIMENSION : 60
DISPLAY_DATA_TYPE : NO_DISPLAY
OPEN_FACILITIES : 30
COST_SECTION
 1 595346 469715 372624 710307 760821 360840 362385 633442 557315 165197 56491 456725 477851 405804 693019 193865 194512 284526 179391 676533 477709 824835 668795 420365 751672 440262 411404 346289 25548 790208 619966 767430 471526 221234 149238 86055 796290 395355 21881 648431 372775 477540 295838 260316 630626 531584 176433 823940 453206 131905 217194 305263 659535 431475 492709 396812 51492 642105 47618
 595346 1 249051 568986 385121 817830 461353 296685 479511 189111 545421 592682 845111 1052764 513661 616341 753375 492857 353279 633533 839192 661710 269322 859978 759286 329839 1024804 951062 509049 613723 341307 583295 758357 328662 569229 555743 583756 873453 644336 617204 815008 370195 768543 314819 572709 41044 64118 695768 314354 1034958 519506 725019 343144 612521 411892 865867 978305 645911 798911 605118
 469715 249051 1 604629 595723 938231 508583 107433 641288 376785 492736 445184 838298 947534 267742 766815 657537 453839 185191 443336 922504 718922 516046 933982 766004 563999 908421 873094 272584 493591 582346 715346 897632 448086 539487 377096 425779 990317 403693 489452 895008 429896 795735 292265 357006 259077 206810 617538 563020 922106 355971 535067 350741 751926 163315 867029 866031 512835 881308 460638
 372624 568986 604629 1 456280 391537 107635 521351 318691 420852 207805 423379 285410 605610 692650 334836 362943 196422 473060 545716 330177 119453 689474 334784 195184 539054 604410 470083 640866 363664 582566 261723 394994 265226 153393 489775 446332 431651 734100 382434 301474 198812 200012 312417 595716 609852 523872 293644 649218 605592 448292 589015 254672 298123 664743 300724 557888 403552 290682 419181
 710307 385121 595723 456280 1 507732 383420 587657 169953 219148 576534 738019 725791 1057677 823827 288886 788136 527382 601379 830267 581100 481421 305073 613146 635832 107153 1050625 925348 797617 716193 144951 295625 428149 238849 558065 751675 745441 562793 929086 729310 565483 339221 610736 442770 817849 408072 396891 717230 231034 1053999 704991 907113 410225 304411 740775 730587 1002954 758455 548176 743272
 760821 817830 938231 391537 507732 1 448265 875374 350671 630276 597877 813336 453145 858324 1072264 218871 706202 587039 842220 936476 143402 284080 812401 180481 403997 614665 880450 716642 1023890 749217 649343 234653 90818 498621 539602 881216 837232 56181 1123790 768456 155136 511306 339145 663057 986105 853231 796613 648036 737617 874129 839192 974504 602013 209383 1030090 431388 841979 786556 148356 808069
 360840 461353 508583 107635 383420 448265 1 433079 275713 317263 204350 402979 389301 676530 624168 336002 405885 166382 394453 517751 414501 211400 591056 425433 300539 454245 667494 548496 576793 359245 497343 264726 430573 166614 175537 451164 420239 495481 682815 375811 386725 91202 307415 219811 548145 502219 416743 334689 557304 671310 405704 575724 158946 305270 583945 406857 619728 401954 373442 402917
 362385 296685 107433 521351 587657 875374 433079 1 604321 372232 391527 339330 740288 840233 236546 720335 550253 356546 77967 348552 846687 638834 564053 855039 671658 575333 801537 766136 217901 386185 600575 662338 843205 404443 441609 277060 321311 925287 353866 382251 818550 364403 705784 213445 276660 319196 238750 511390 596952 815058 251643 441068 274666 700952 159607 770296 758894 406024 805855 354552
 633442 479511 641288 318691 169953 350671 275713 604321 1 290590 480061 671423 568731 923591 830408 137614 674309 439625 595884 779056 412224 320054 466876 443599 480975 275029 923073 786070 793625 633665 314663 126446 281204 200460 446890 706030 685217 406774 915594 649583 395866 272097 449028 415698 790200 511819 469254 603248 398994 924254 658920 844710 365151 141548 763839 570062 876441 676526 378540 673188
 557315 189111 376785 420852 219148 630276 317263 372232 290590 1 458576 572753 705819 969883 608750 427239 677856 404041 395034 647448 659789 496824 279904 683234 616012 208027 951374 852273 586484 569231 240169 395632 569328 158115 463098 566949 573669 686133 720435 578397 637009 233653 613977 264097 618450 223050 183291 611606 266787 958447 522491 731652 256126 423817 522577 721413 903452 608440 620405 581274
 165197 545421 492736 207805 576534 597877 204350 391527 480061 458576 1 215676 350527 513237 514296 529976 219441 54695 324444 338606 521537 316802 737566 517807 290521 633127 492824 405643 458055 158514 674450 456601 602315 341230 61813 287536 239446 635332 536485 176542 492957 239897 337264 231931 397369 585013 486371 153639 721267 500189 250060 382235 207369 495743 508429 382276 444939 200275 485119 211422
 56491 592682 445184 423379 738019 813336 402979 339330 671423 572753 215676 1 512337 506795 356127 737851 237712 237501 261876 123998 731661 531093 832756 724509 476855 772505 464542 452728 296573 77869 809588 665334 817211 500514 274137 96651 30586 849845 339262 61549 703449 404912 533867 308666 205468 625878 528566 229629 837795 479029 91599 173324 328385 705326 390461 548482 423785 72402 696801 16210
 456725 845111 838298 285410 725791 453145 389301 740288 568731 705819 350527 512337 1 405188 854423 527735 313512 384511 674911 628222 317856 249648 974332 290003 91104 816679 428952 263790 795980 434560 860029 469120 509729 550626 298940 605280 542578 460601 851447 452132 299288 478073 126202 556463 716979 886153 794821 286333 930961 421674 579464 629713 509567 490187 857793 37062 393042 455322 304790 500042
 477851 1052764 947534 605610 1057677 858324 676530 840233 923591 969883 513237 506795 405188 1 841698 913255 299453 567858 762348 561369 721439 628239 1249646 691022 466996 1130338 59578 143145 784853 454320 1173184 846791 912736 838538 508780 592821 531236 863944 772843 458149 704136 741684 524825 738352 675853 1091002 991195 359658 1228070 40051 598390 503343 720511 874766 893786 428690 84108 436048 709972 490702
 405804 513661 267742 692650 823827 1072264 624168 236546 830408 608750 514296 356127 854423 841698 1 937885 593482 501164 235537 280793 1022508 811846 782479 1024227 803869 810739 791665 805841 59581 430710 834467 874706 1051186 630119 574816 259744 326285 1118251 140711 416920 993737 573115 851297 418965 166190 526552 463639 581949 824551 808730 276081 353821 476872 914663 107514 888941 757659 426607 983308 371482
 693019 616341 766815 334836 288886 218871 336002 720335 137614 427239 529976 737851 527735 913255 937885 1 696365 500356 702405 853746 305622 285173 593557 341461 449394 395888 921618 771123 896484 688426 431168 73584 143828 318931 484082 786457 756011 274162 1011410 706141 295947 365477 401700 518925 880000 649167 603427 628025 519115 919874 740471 909635 462124 38517 879576 520283 877301 730214 279505 736824
 193865 753375 657537 362943 788136 706202 405885 550253 674309 677856 219441 237712 313512 299453 593482 696365 1 273830 473356 333418 594316 430511 956390 576545 312506 850383 274130 217668 534005 168403 892200 623915 735472 557379 230374 333744 267225 729942 561266 178535 569113 456997 378670 439220 437166 791551 691742 71285 940608 282621 324794 319402 424489 658858 625119 350421 226558 167029 567753 222098
 194512 492857 453839 196422 527382 587039 166382 356546 439625 404041 54695 237501 384511 567858 501164 500356 273830 1 295186 355430 522942 313342 682903 523248 315652 580793 547440 458691 447459 194101 621771 427861 583412 290247 85661 294645 256590 628037 537679 210003 494150 188773 354454 181454 399354 532746 434685 208314 667260 554874 252158 409642 152978 467920 484351 413865 499577 236990 484635 236759
 284526 353279 185191 473060 601379 842220 394453 77967 595884 395034 324444 261876 674911 762348 235537 702405 473356 295186 1 280929 802347 592221 614186 807805 610484 602654 723576 689838 198594 308466 631957 639760 817421 396101 378253 205295 244923 889932 327717 304308 773815 338075 648929 183560 226001 380710 291183 436656 638280 737094 175728 373042 242371 679556 191698 706173 680940 328087 762121 276943
 179391 633533 443336 545716 830267 936476 517751 348552 779056 647448 338606 123998 628222 561369 280793 853746 333418 355430 280929 1 855621 654791 889739 848179 598150 853276 510885 534910 225507 197062 887503 782054 938177 597626 397847 80604 99409 973539 227848 178192 827429 508036 656476 388765 114627 661631 570657 342101 905690 528018 125648 92525 422030 822396 345286 664875 477448 173077 820798 132088
 676533 839192 922504 330177 581100 143402 414501 846687 412224 659789 521537 731661 317856 721439 1022508 305622 594316 522942 802347 855621 1 210753 877639 38582 282795 687142 746807 581331 970005 661418 726035 285793 221004 510594 460107 809063 758167 142751 1057609 680814 28796 494394 216173 634021 918510 877559 807765 543029 811186 739338 770791 882775 573406 279866 993820 292800 710408 695041 41261 724126
 477709 661710 718922 119453 481421 284080 211400 638834 320054 496824 316802 531093 249648 628239 811846 285173 430511 313342 592221 654791 210753 1 748000 216217 165478 577324 638182 485962 759652 465422 620091 221383 304974 339145 256963 603370 555984 318757 850101 484711 182032 298405 129397 427739 711245 701829 622415 368082 696040 635730 563462 690507 368211 246748 783852 250076 594792 502490 171547 525153
 824835 269322 516046 689474 305073 812401 591056 564053 466876 279904 737566 832756 974332 1249646 782479 593557 956390 682903 614186 889739 877639 748000 1 907266 883424 199430 1230305 1131870 778224 839245 172690 592792 733147 425090 742916 809967 828830 867672 913635 846461 859494 512066 872843 529207 837923 257851 325424 890944 88861 1237730 769732 979197 532383 606665 679361 986452 1182472 876327 842185 843188
 668795 859978 933982 334784 613146 180481 425433 855039 443599 683234 517807 724509 290003 691022 1024227 341461 576545 523248 807805 848179 38582 216217 907266 1 264045 718606 718237 552155 970674 652538 758074 317526 259546 531457 456028 804695 751761 173834 1054248 671872 47803 508567 198269 643575 915151 898861 826351 528452 842463 710137 767819 871479 583617 314269 999499 262653 683030 684631 65139 716234
 420365 759286 766004 195184 635832 403997 300539 671658 480975 616012 290521 476855 91104 466996 803869 449394 312506 315652 610484 598150 282795 165478 883424 264045 1 725861 481800 323934 746795 401117 769245 386857 448531 460172 232604 564628 505936 421500 814404 419972 258741 390387 66632 478869 676864 800312 710723 266575 839876 477553 533517 612786 428579 411185 797845 106597 440885 428945 259344 466560
 751672 329839 563999 539054 107153 614665 454245 575333 275029 208027 633127 772505 816679 1130338 810739 395888 850383 580793 602654 853276 687142 577324 199430 718606 725861 1 1118924 1002449 791830 760820 43514 401370 534145 293152 623532 773019 775871 669571 926644 771947 670855 393515 705817 466040 826471 343893 357586 780724 124128 1123745 727840 935661 446414 411436 719140 824057 1070926 801786 653523 779752
 440262 1024804 908421 604410 1050625 880450 667494 801537 923073 951374 492824 464542 428952 59578 791665 921618 274130 547440 723576 510885 746807 638182 1230305 718237 481800 1118924 1 166513 735617 417898 1161328 853190 930192 825959 495394 546964 487377 889552 718395 419692 727829 727123 543013 711956 625510 1062256 962388 340048 1212745 19606 555781 448945 698612 883117 847618 455857 48055 395586 732400 448683
 411404 951062 873094 470083 925348 716642 548496 766136 786070 852273 405643 452728 263790 143145 805841 771123 217668 458691 689838 534910 581331 485962 1131870 552155 323934 1002449 166513 1 746762 386000 1045671 705457 769791 713521 389434 547139 481209 724062 759768 395323 563076 620197 381828 637038 644960 990591 891709 258472 1104701 158026 541617 498413 610998 732672 842138 289577 136953 380596 568327 436731
 346289 509049 272584 640866 797617 1023890 576793 217901 793625 586484 458055 296573 795980 784853 59581 896484 534005 447459 198594 225507 970005 759652 778224 970674 746795 791830 735617 746762 1 371160 818050 831586 1005958 594341 519024 200264 266785 1068827 136072 357340 941212 531009 795308 378759 112132 526319 454510 522504 814396 752428 216998 303590 434364 871856 130828 830687 700758 367196 931199 311964
 25548 613723 493591 363664 716193 749217 359245 386185 633665 569231 158514 77869 434560 454320 430710 688426 168403 194101 308466 197062 661418 465422 839245 652538 401117 760820 417898 386000 371160 1 799957 615088 758617 477388 210738 173087 108322 783406 416912 19404 633529 377422 459612 310091 283230 649577 550198 152213 836016 430432 157380 225653 315048 654257 457017 470778 373871 42899 627736 65757
 790208 341307 582346 582566 144951 649343 497343 600575 314663 240169 674450 809588 860029 1173184 834467 431168 892200 621771 631957 887503 726035 620091 172690 758074 769245 43514 1161328 1045671 818050 799957 1 440563 566955 335376 665955 807046 812052 703722 953489 810688 710395 435206 748750 501939 856934 350450 375599 822759 88993 1166305 762378 971061 485065 448697 740266 867204 1113311 840603 693082 817241
 619966 583295 715346 261723 295625 234653 264726 662338 126446 395632 456601 665334 469120 846791 874706 73584 623915 427861 639760 782054 285793 221383 592792 317526 386857 401370 853190 705457 831586 615088 440563 1 182288 268859 410505 715840 683965 290513 943904 632880 269889 301686 344466 456336 811164 618579 563677 555206 525396 852060 670190 836765 397855 40670 820678 465119 808327 656796 252595 664038
 767430 758357 897632 394994 428149 90818 430573 843205 281204 569328 602315 817211 509729 912736 1051186 143828 735472 583412 817421 938177 221004 304974 733147 259546 448531 534145 930192 769791 1005958 758617 566955 182288 1 450790 548032 877331 838870 139330 1113276 777422 224689 480206 387969 634795 977821 791884 742736 672594 655746 925443 833261 984007 575061 147179 1000858 492600 889370 798162 213011 813684
 471526 328662 448086 265226 238849 498621 166614 404443 200460 158115 341230 500514 550626 838538 630119 318931 557379 290247 396101 597626 510594 339145 425090 531457 460172 293152 825959 713521 594341 477388 335376 268859 450790 1 330619 520888 509430 552992 718590 490464 486350 101494 456018 218855 597099 367405 299501 487585 391249 831043 473707 671158 175650 304259 564047 564818 777939 519612 470255 505203
 221234 569229 539487 153393 558065 539602 175537 441609 446890 463098 61813 274137 298940 508780 574816 484082 230374 85661 378253 397847 460107 256963 742916 456028 232604 623532 495394 389434 519024 210738 665955 410505 548032 330619 1 349016 299202 575718 598232 229714 431582 232907 276488 263499 459126 609694 513182 159246 719290 500447 311871 436362 226090 448501 565272 328713 447395 250200 424030 268477
 149238 555743 377096 489775 751675 881216 451164 277060 706030 566949 287536 96651 605280 592821 259744 786457 333744 294645 205295 80604 809063 603370 809967 804695 564628 773019 546964 547139 200264 173087 807046 715840 877331 520888 349016 1 66551 920926 250279 157987 780491 434081 618722 309361 112277 584952 492453 325295 825156 562659 47252 169551 345311 756418 300974 640997 508936 166982 772580 111777
 86055 583756 425779 446332 745441 837232 420239 321311 685217 573669 239446 30586 542578 531236 326285 756011 267225 256590 244923 99409 758167 555984 828830 751761 505936 775871 487377 481209 266785 108322 812052 683965 838870 509430 299202 66551 1 874668 309302 92117 729840 416180 562242 310115 174925 615753 519712 260208 837109 502400 69813 161761 335225 724190 363690 578649 447758 100684 722839 45237
 796290 873453 990317 431651 562793 56181 495481 925287 406774 686133 635332 849845 460601 863944 1118251 274162 729942 628037 889932 973539 142751 318757 867672 173834 421500 669571 889552 724062 1068827 783406 703722 290513 139330 552992 575718 920926 874668 1 1165668 802758 163274 562015 355137 712355 1027366 909027 851520 674927 792196 882075 879908 1007731 651152 265550 1078865 435255 852996 819470 162414 843789
 395355 644336 403693 734100 929086 1123790 682815 353866 915594 720435 536485 339262 851447 772843 140711 1011410 561266 537679 327717 227848 1057609 850101 913635 1054248 814404 926644 718395 759768 136072 416912 953489 943904 1113276 718590 598232 250279 309302 1165668 1 399376 1028935 647525 868991 500177 139125 660382 590446 566890 950466 736767 286834 269534 551600 984510 247668 887688 690437 399021 1020469 351424
 21881 617204 489452 382434 729310 768456 375811 382251 649583 578397 176542 61549 452132 458149 416920 706141 178535 210003 304308 178192 680814 484711 846461 671872 419972 771947 419692 395323 357340 19404 810688 632880 777422 490464 229714 157987 92117 802758 399376 1 652930 391123 478748 317371 266823 652437 553428 168252 845090 432897 146339 206660 325633 672175 446830 488482 376652 30043 647139 47987
 648431 815008 895008 301474 565483 155136 386725 818550 395866 637009 492957 703449 299288 704136 993737 295947 569113 494150 773815 827429 28796 182032 859494 47803 258741 670855 727829 563076 941212 633529 710395 269889 224689 486350 431582 780491 729840 163274 1028935 652930 1 467499 192193 606058 889844 853641 782567 516698 794691 720905 742110 855338 545554 267647 965328 276413 690519 667459 17339 696036
 372775 370195 429896 198812 339221 511306 91202 364403 272097 233653 239897 404912 478073 741684 573115 365477 456997 188773 338075 508036 494394 298405 512066 508567 390387 393515 727123 620197 531009 377422 435206 301686 480206 101494 232907 434081 416180 562015 647525 391123 467499 1 398599 154751 519229 411088 325893 387762 486392 732794 386921 577235 96648 341552 520899 496922 679070 419922 453134 408478
 477540 768543 795735 200012 610736 339145 307415 705784 449028 613977 337264 533867 126202 524825 851297 401700 378670 354454 648929 656476 216173 129397 872843 198269 66632 705817 543013 381828 795308 459612 748750 344466 387969 456018 276488 618722 562242 355137 868991 478748 192193 398599 1 504649 730569 809322 723882 330495 823512 537741 585183 675119 450133 364308 838790 121244 503417 489568 193254 524441
 295838 314819 292265 312417 442770 663057 219811 213445 415698 264097 231931 308666 556463 738352 418965 518925 439220 181454 183560 388765 634021 427739 529207 643575 478869 466040 711956 637038 378759 310091 501939 456336 634795 218855 263499 309361 310115 712355 500177 317371 606058 154751 504649 1 378686 353822 254678 380970 529495 721477 263131 469648 61257 496046 367180 582612 665011 347305 593056 317396
 260316 572709 357006 595716 817849 986105 548145 276660 790200 618450 397369 205468 716979 675853 166190 880000 437166 399354 226001 114627 918510 711245 837923 915151 676864 826471 625510 644960 112132 283230 856934 811164 977821 597099 459126 112277 174925 1027366 139125 266823 889844 519229 730569 378686 1 595833 512911 435058 864211 642636 147807 192080 425078 851831 237851 752846 591877 270886 881445 219094
 630626 41044 259077 609852 408072 853231 502219 319196 511819 223050 585013 625878 886153 1091002 526552 649167 791551 532746 380710 661631 877559 701829 257851 898861 800312 343893 1062256 990591 526319 649577 350450 618579 791884 367405 609694 584952 615753 909027 660382 652437 853641 411088 809322 353822 595833 1 99878 734744 313209 1072672 550299 753625 383653 646784 422219 906895 1015960 680838 837437 638708
 531584 64118 206810 523872 396891 796613 416743 238750 469254 183291 486371 528566 794821 991195 463639 603427 691742 434685 291183 570657 807765 622415 325424 826351 710723 357586 962388 891709 454510 550198 375599 563677 742736 299501 513182 492453 519712 851520 590446 553428 782567 325893 723882 254678 512911 99878 1 635344 360973 972796 455718 661874 287880 595694 365721 817056 916083 582043 766961 541017
 176433 695768 617538 293644 717230 648036 334689 511390 603248 611606 153639 229629 286333 359658 581949 628025 71285 208314 436656 342101 543029 368082 890944 528452 266575 780724 340048 258472 522504 152213 822759 555206 672594 487585 159246 325295 260208 674927 566890 168252 516698 387762 330495 380970 435058 734744 635344 1 872768 346843 306541 347066 360853 590821 601572 323140 292038 169063 513828 216131
 823940 314354 563020 649218 231034 737617 557304 596952 398994 266787 721267 837795 930961 1228070 824551 519115 940608 667260 638280 905690 811186 696040 88861 842463 839876 124128 1212745 1104701 814396 836016 88993 525396 655746 391249 719290 825156 837109 792196 950466 845090 794691 486392 823512 529495 864211 313209 360973 872768 1 1218864 782440 992561 522390 535441 725104 940238 1164704 875132 777354 846860
 453206 1034958 922106 605592 1053999 874129 671310 815058 924254 958447 500189 479029 421674 40051 808730 919874 282621 554874 737094 528018 739338 635730 1237730 710137 477553 1123745 19606 158026 752428 430432 1166305 852060 925443 831043 500447 562659 502400 882075 736767 432897 720905 732794 537741 721477 642636 1072672 972796 346843 1218864 1 570445 467256 706661 881358 863504 447510 56809 409420 725898 463081
 131905 519506 355971 448292 704991 839192 405704 251643 658920 522491 250060 91599 579464 598390 276081 740471 324794 252158 175728 125648 770791 563462 769732 767819 533517 727840 555781 541617 216998 157380 762378 670190 833261 473707 311871 47252 69813 879908 286834 146339 742110 386921 585183 263131 147807 550299 455718 306541 782440 570445 1 210160 298103 710809 300524 614468 515324 163287 733650 107729
 217194 725019 535067 589015 907113 974504 575724 441068 844710 731652 382235 173324 629713 503343 353821 909635 319402 409642 373042 92525 882775 690507 979197 871479 612786 935661 448945 498413 303590 225653 971061 836765 984007 671158 436362 169551 161761 1007731 269534 206660 855338 577235 675119 469648 192080 753625 661874 347066 992561 467256 210160 1 496932 876478 429504 666774 421186 188267 850421 172886
 305263 343144 350741 254672 410225 602013 158946 274666 365151 256126 207369 328385 509567 720511 476872 462124 424489 152978 242371 422030 573406 368211 532383 583617 428579 446414 698612 610998 434364 315048 485065 397855 575061 175650 226090 345311 335225 651152 551600 325633 545554 96648 450133 61257 425078 383653 287880 360853 522390 706661 298103 496932 1 437899 428093 533810 650949 355539 532373 334504
 659535 612521 751926 298123 304411 209383 305270 700952 141548 423817 495743 705326 490187 874766 914663 38517 658858 467920 679556 822396 279866 246748 606665 314269 411185 411436 883117 732672 871856 654257 448697 40670 147179 304259 448501 756418 724190 265550 984510 672175 267647 341552 364308 496046 851831 646784 595694 590821 535441 881358 710809 876478 437899 1 859597 483450 838831 695786 250758 703844
 431475 411892 163315 664743 740775 1030090 583945 159607 763839 522577 508429 390461 857793 893786 107514 879576 625119 484351 191698 345286 993820 783852 679361 999499 797845 719140 847618 842138 130828 457017 740266 820678 1000858 564047 565272 300974 363690 1078865 247668 446830 965328 520899 838790 367180 237851 422219 365721 601572 725104 863504 300524 429504 428093 859597 1 890390 809909 462850 953489 406644
 492709 865867 867029 300724 730587 431388 406857 770296 570062 721413 382276 548482 37062 428690 888941 520283 350421 413865 706173 664875 292800 250076 986452 262653 106597 824057 455857 289577 830687 470778 867204 465119 492600 564818 328713 640997 578649 435255 887688 488482 276413 496922 121244 582612 752846 906895 817056 323140 940238 447510 614468 666774 533810 483450 890390 1 421843 492057 283568 536347
 396812 978305 866031 557888 1002954 841979 619728 758894 876441 903452 444939 423785 393042 84108 757659 877301 226558 499577 680940 477448 710408 594792 1182472 683030 440885 1070926 48055 136953 700758 373871 1113311 808327 889370 777939 447395 508936 447758 852996 690437 376652 690519 679070 503417 665011 591877 1015960 916083 292038 1164704 56809 515324 421186 650949 838831 809909 421843 1 353629 694384 407757
 51492 645911 512835 403552 758455 786556 401954 406024 676526 608440 200275 72402 455322 436048 426607 730214 167029 236990 328087 173077 695041 502490 876327 684631 428945 801786 395586 380596 367196 42899 840603 656796 798162 519612 250200 166982 100684 819470 399021 30043 667459 419922 489568 347305 270886 680838 582043 169063 875132 409420 163287 188267 355539 695786 462850 492057 353629 1 662322 56259
 642105 798911 881308 290682 548176 148356 373442 805855 378540 620405 485119 696801 304790 709972 983308 279505 567753 484635 762121 820798 41261 171547 842185 65139 259344 653523 732400 568327 931199 627736 693082 252595 213011 470255 424030 772580 722839 162414 1020469 647139 17339 453134 193254 593056 881445 837437 766961 513828 777354 725898 733650 850421 532373 250758 953489 283568 694384 662322 1 689722
 47618 605118 460638 419181 743272 808069 402917 354552 673188 581274 211422 16210 500042 490702 371482 736824 222098 236759 276943 132088 724126 525153 843188 716234 466560 779752 448683 436731 311964 65757 817241 664038 813684 505203 268477 111777 45237 843789 351424 47987 696036 408478 524441 317396 219094 638708 541017 216131 846860 463081 107729 172886 334504 703844 406644 536347 407757 56259 689722 1
LAMBDA_SECTION
1 113
2 827
3 281
4 671
5 384
6 863
7 418
8 680
9 750
10 475
11 393
12 319
13 413
14 978
15 963
16 338
17 895
18 870
19 104
20 168
21 193
22 381
23 394
24 133
25 672
26 767
27 976
28 597
29 1
30 161
31 218
32 333
33 829
34 344
35 103
36 464
37 65
38 184
39 645
40 636
41 270
42 755
43 672
44 592
45 992
46 377
47 576
48 21
49 571
50 541
51 741
52 746
53 893
54 690
55 659
56 764
57 381
58 298
59 523
60 595
