NAME : domp50p25v4
COMMENT : Cherkesly, Contardo & Gruson 2022
TYPE : DOMP
DIMENSION : 50
DISPLAY_DATA_TYPE : NO_DISPLAY
OPEN_FACILITIES : 25
COST_SECTION
 1 434529 219716 576562 405905 480690 434357 574247 513177 422182 531537 554942 610113 212268 726916 456571 554961 397699 604719 288150 146551 288825 588281 394168 534459 136124 338991 265647 654425 114659 116594 227455 610256 302467 407954 526919 416058 566007 344844 291844 107282 184832 409539 344154 212171 72723 634799 356415 494678 576071
 434529 1 509871 998347 144090 869422 165371 942548 947530 813428 689020 751970 1006767 311678 1161443 890963 988769 591603 949224 253255 546611 688010 1021845 821579 941783 564627 527955 422319 1078829 353821 397327 367785 812784 146824 738003 947660 756797 696168 745817 715378 529462 591420 729711 773483 222607 482627 1055519 679803 738929 952508
 219716 509871 1 522026 417731 366583 432827 723772 525343 564306 749990 769227 729256 198623 734414 489582 555438 180999 768966 271419 332226 210050 583934 477755 645069 282763 131708 123421 722474 312987 137404 149684 822304 422727 594707 472182 247269 785333 260868 273381 281014 158917 223668 338294 318204 276127 713244 171424 703177 443882
 576562 998347 522026 1 931261 191014 950187 580412 165740 480939 896718 868219 500618 705532 257378 217797 139434 584865 653654 786380 529947 315803 136032 329439 433734 476679 596562 643809 371193 684713 603312 668328 893223 876976 621190 50809 342169 943078 261365 285067 513077 406996 386097 235707 778964 556519 389978 401178 780541 210552
 405905 144090 417731 931261 1 784287 34184 961355 903070 818750 770269 825262 1010631 225766 1118260 852644 940773 467512 978866 146357 540912 615573 972512 799507 938110 542028 408358 311414 1059891 360433 333044 268148 886605 206293 768706 880567 657805 784615 671437 657389 511469 529282 625895 719939 213056 468727 1040690 579807 798174 859558
 480690 869422 366583 191014 784287 1 799101 672309 294210 539337 902316 889754 618274 562486 445649 309542 294615 399232 740336 637944 483741 191875 307405 387987 538520 420089 418668 481298 525020 595208 473783 516257 925981 763699 652639 155218 153298 946654 136976 215989 450386 295950 197190 212593 660196 484338 534731 220179 805225 99269
 434357 165371 432827 950187 34184 799101 1 993222 926705 849558 804301 859432 1041009 246356 1141714 877489 963664 469600 1011550 163891 571320 634401 995077 827029 967742 570392 413226 321485 1087362 392884 356322 283353 920777 239911 801659 899623 668962 818414 689513 679215 540589 550963 635569 742399 245845 498578 1068760 591053 832267 871866
 574247 942548 723772 580412 961355 672309 993222 1 414674 159478 446172 383236 116744 786515 487665 370855 446903 889747 74075 860423 428131 591167 465714 286778 148268 451615 854181 819455 289326 601436 683910 795648 377583 795940 211556 566138 746370 488062 594928 510282 469510 572055 774412 473751 748934 502768 252333 745520 310021 751847
 513177 947530 525343 165740 903070 294210 926705 414674 1 322307 750283 715555 337864 681264 215245 66898 46527 634193 487961 764934 429621 320276 79828 179950 268216 390069 627996 647834 231269 608271 570402 657045 736356 813816 468954 157101 417455 796905 285240 252774 427348 378656 457535 187645 724945 474442 240827 453103 627866 352814
 422182 813428 564306 480939 818750 539337 849558 159478 322307 1 436605 395202 193438 633780 461191 263202 364062 730880 211615 710152 278632 437855 391113 154990 135775 294711 694719 661215 298869 463137 528473 639525 414050 666897 152796 455826 597475 482956 447521 359187 315609 413013 622782 331064 608862 352646 266280 590971 308069 626649
 531537 689020 749990 896718 770269 902316 804301 446172 750283 436605 1 77189 559182 693035 896060 685859 794693 929205 402240 733852 437226 740162 823944 571077 550720 501559 869904 786293 717273 467621 638634 734750 129664 565391 283994 862243 901700 46627 777238 688128 484524 660433 909457 694816 580525 475888 680917 861517 136684 1000000
 554942 751970 769227 868219 825262 889754 859432 383236 715555 395202 77189 1 498588 731045 847979 653234 758522 949979 333423 778198 444471 737998 786199 539199 498685 506066 893579 816414 662564 504751 666860 768327 61355 622841 247160 836981 902251 108446 770335 679303 494373 666117 913660 678757 628136 493101 625719 868052 87767 985699
 610113 1006767 729256 500618 1010631 618274 1041009 116744 337864 193438 559182 498588 1 819609 377141 308753 362099 882998 183185 898069 469732 569683 375301 257118 85713 477696 855510 835518 175457 656432 711198 820097 494315 860161 303957 494624 712503 602085 562072 486884 502837 571497 745328 438683 801715 542689 139207 723709 422519 688174
 212268 311678 198623 705532 225766 562486 246356 786515 681264 633780 693035 731045 819609 1 896002 633761 717628 301627 815951 83734 358626 389937 748878 591074 741669 341972 233801 124086 850069 226357 112604 61729 790121 240946 615096 654823 445157 719475 446123 432875 318172 304622 418363 496225 145810 284178 833886 368134 683052 642325
 726916 1161443 734414 257378 1118260 445649 1141714 487665 215245 461191 896060 847979 377141 896002 1 270975 179294 826598 558937 979596 633553 525480 150822 360455 350613 600234 828618 857680 202948 818331 785474 870122 855530 1025917 613574 291217 591869 941984 482120 465028 637053 592407 635104 400447 939004 684468 238083 641945 763438 463826
 456571 890963 489582 217797 852644 309542 877489 370855 66898 263202 685859 653234 308753 633761 270975 1 113387 613339 442391 717461 365566 293622 146287 114783 230409 329373 600357 609980 238322 547615 521703 613932 676251 754943 406145 196270 413522 732451 269422 217244 366322 336307 450358 154427 668742 413692 237477 438102 565468 382194
 554961 988769 555438 139434 940773 294615 963664 446903 46527 364062 794693 758522 362099 717628 179294 113387 1 654501 520772 801104 475154 347206 33896 225479 298886 434139 652611 678606 235274 652017 607747 690912 777808 856444 512494 144955 428704 841319 306604 285847 471503 413521 470412 221521 766177 518391 251503 471094 670956 341062
 397699 591603 180999 584865 467512 399232 469600 889747 634193 730880 929205 949979 882998 301627 826598 613339 654501 1 939512 338869 512607 320209 677584 626329 797447 460530 68034 177581 851629 479644 298026 240058 1003275 542333 772894 540664 246450 963507 348998 400830 461353 317911 203300 459480 445887 456928 848194 184807 884145 442512
 604719 949224 768966 653654 978866 740336 1011550 74075 487961 211615 402240 333423 183185 815951 558937 442391 520772 939512 1 886380 458392 649367 539778 352761 222316 490364 900365 858363 358468 618725 717895 830104 319119 803816 211513 638263 807887 441072 657125 570094 503679 621823 834061 537852 765816 532138 321882 802582 270258 821948
 288150 253255 271419 786380 146357 637944 163891 860423 764934 710152 733852 778198 898069 83734 979596 717461 801104 338869 886380 1 432562 470579 832230 673274 821370 421368 274708 170159 932743 278351 195993 122004 838499 222180 681653 735789 513108 756229 525918 516038 395320 387827 482621 579636 155968 357975 916001 435189 737095 713934
 146551 546611 332226 529947 540912 483741 571320 428131 429621 278632 437226 444471 469732 358626 633553 365566 475154 512607 458392 432562 1 306913 509011 278845 398339 65362 462007 404313 532604 192889 259970 372108 494203 402933 266128 484872 465224 477936 350414 268959 51255 223262 472246 297430 333501 74644 508909 424800 373066 583010
 288825 688010 210050 315803 615573 191875 634401 591167 320276 437855 740162 737998 569683 389937 525480 293622 347206 320209 649367 470579 306913 1 374726 313007 484032 241568 308073 333428 531701 403382 290761 353125 781072 575446 517839 265225 165587 782447 58057 82800 267128 104092 185471 139367 473334 296418 528013 154800 658197 287888
 588281 1021845 583934 136032 972512 307405 995077 465714 79828 391113 823944 786199 375301 748878 150822 146287 33896 677584 539778 832230 509011 374726 1 256661 317468 467973 678107 707279 235645 685786 639473 721060 803944 889949 540983 153233 447178 870559 331590 316375 505345 444433 489664 252679 799283 552202 256324 493349 698823 344642
 394168 821579 477755 329439 799507 387987 827029 286778 179950 154990 571077 539199 257118 591074 360455 114783 225479 626329 352761 673274 278845 313007 256661 1 171410 258694 601092 589774 260385 469903 478973 582011 563934 680149 292042 301606 461493 617669 309901 230287 292435 318870 491763 187428 602757 338972 242815 467499 451450 472736
 534459 941783 645069 433734 938110 538520 967742 148268 268216 135775 550720 498685 85713 741669 350613 230409 298886 797447 222316 821370 398339 484032 317468 171410 1 400015 770602 752960 167888 588845 631942 739579 504926 795967 275193 422329 628135 595849 477300 401236 427432 486884 660385 353867 731819 469394 133002 638164 415785 612423
 136124 564627 282763 476679 542028 420089 570392 451615 390069 294711 501559 506066 477696 341972 600234 329373 434139 460530 490364 421368 65362 241568 467973 258694 400015 1 414293 368388 518642 218328 234147 344825 553999 426051 312391 429943 400312 542730 285805 206852 37410 160063 408416 241501 344392 84402 498693 362006 431824 519305
 338991 527955 131708 596562 408358 418668 413226 854181 627996 694719 869904 893579 855510 233801 828618 600357 652611 68034 900365 274708 462007 308073 678107 601092 770602 414293 1 109921 837259 415158 234127 172154 948077 474652 725838 549708 271347 903071 346523 383693 411011 284287 231928 446064 377858 401917 830931 198495 830419 474449
 265647 422319 123421 643809 311414 481298 321485 819455 647834 661215 786293 816414 835518 124086 857680 609980 678606 177581 858363 170159 404313 333428 707279 589774 752960 368388 109921 1 840082 321876 150018 62785 873227 364774 670224 594329 347489 816641 383307 395271 355877 274755 314541 460380 269058 335761 829000 269622 759563 550717
 654425 1078829 722474 371193 1059891 525020 1087362 289326 231269 298869 717273 662564 175457 850069 202948 238322 235274 851629 358468 932743 532604 531701 235645 260385 167888 518642 837259 840082 1 725439 737610 837719 664018 935523 443024 379986 646402 761966 506721 453571 551456 565416 685153 392342 861832 597229 37127 675735 581525 576334
 114659 353821 312987 684713 360433 595208 392884 601436 608271 463137 467621 504751 656432 226357 818331 547615 652017 479644 618725 278351 192889 403382 685786 469903 588845 218328 415158 321876 725439 1 181644 267617 564035 210321 409471 635826 527754 495868 459088 401878 181297 299458 518343 449847 147552 133939 701746 464590 459270 690729
 116594 397327 137404 603312 333044 473783 356322 683910 570402 528473 638634 666860 711198 112604 785474 521703 607747 298026 717895 195993 259970 290761 639473 478973 631942 234147 234127 150018 737610 181644 1 112211 723382 292796 524014 552508 375189 670423 348502 324871 214656 197350 357077 386948 187985 188363 721773 303444 609564 560703
 227455 367785 149684 668328 268148 516257 283353 795648 657045 639525 734750 768327 820097 61729 870122 613932 690912 240058 830104 122004 372108 353125 721060 582011 739579 344825 172154 62785 837719 267617 112211 1 826227 302673 635408 617997 391762 763484 407102 405095 326740 278505 362556 469831 206274 299903 824003 314000 715281 591995
 610256 812784 822304 893223 886605 925981 920777 377583 736356 414050 129664 61355 494315 790121 855530 676251 777808 1003275 319119 838499 494203 781072 803944 563934 504926 553999 948077 873227 664018 564035 723382 826227 1 684159 274851 864614 946189 146621 810552 718858 544817 713608 959496 713768 689005 546522 626906 915198 122931 1020458
 302467 146824 422727 876976 206293 763699 239911 795940 813816 666897 565391 622841 860161 240946 1025917 754943 856444 542333 803816 222180 402933 575446 889949 680149 795967 426051 474652 364774 935523 210321 292796 302673 684159 1 592380 826819 667148 578584 633427 591953 389794 473950 646315 646372 104984 342428 911353 593507 601961 852798
 407954 738003 594707 621190 768706 652639 801659 211556 468954 152796 283994 247160 303957 615096 613574 406145 512494 772894 211513 681653 266128 517839 540983 292042 275193 312391 725838 670224 443024 409471 524014 635408 274851 592380 1 590793 683319 330448 541880 449869 315936 463951 701029 440084 555816 335655 408074 660884 159409 746209
 526919 947660 472182 50809 880567 155218 899623 566138 157101 455826 862243 836981 494624 654823 291217 196270 144955 540664 638263 735789 484872 265225 153233 301606 422329 429943 549708 594329 379986 635826 552508 617997 864614 826819 590793 1 301269 908358 211335 235147 465953 356270 344840 188445 728485 508692 394415 356162 749607 196875
 416058 756797 247269 342169 657805 153298 668962 746370 417455 597475 901700 902251 712503 445157 591869 413522 428704 246450 807887 513108 465224 165587 447178 461493 628135 400312 271347 347489 646402 527754 375189 391762 946189 667148 683319 301269 1 943041 151614 238487 420936 244481 43982 274578 562172 442167 650046 77999 823271 204189
 566007 696168 785333 943078 784615 946654 818414 488062 796905 482956 46627 108446 602085 719475 941984 732451 841319 963507 441072 756229 477936 782447 870559 617669 595849 542730 903071 816641 761966 495868 670423 763484 146621 578584 330448 908358 943041 1 820569 731984 524206 700749 949742 739926 601421 513124 725475 901160 180497 1044584
 344844 745817 260868 261365 671437 136976 689513 594928 285240 447521 777238 770335 562072 446123 482120 269422 306604 348998 657125 525918 350414 58057 331590 309901 477300 285805 346523 383307 506721 459088 348502 407102 810552 633427 541880 211335 151614 820569 1 92016 314660 160928 183378 123433 531389 347529 506845 169056 688212 235103
 291844 715378 273381 285067 657389 215989 679215 510282 252774 359187 688128 679303 486884 432875 465028 217244 285847 400830 570094 516038 268959 82800 316375 230287 401236 206852 383693 395271 453571 401878 324871 405095 718858 591953 449869 235147 238487 731984 92016 1 239780 128254 264206 65144 494702 278694 448041 237244 596674 315063
 107282 529462 281014 513077 511469 450386 540589 469510 427348 315609 484524 494373 502837 318172 637053 366322 471503 461353 503679 395320 51255 267128 505345 292435 427432 37410 411011 355877 551456 181297 214656 326740 544817 389794 315936 465953 420936 524206 314660 239780 1 176942 425648 277569 310444 47442 530389 377040 424009 549350
 184832 591420 158917 406996 529282 295950 550963 572055 378656 413013 660433 666117 571497 304622 592407 336307 413521 317911 621823 387827 223262 104092 444433 318870 486884 160063 284287 274755 565416 299458 197350 278505 713608 473950 463951 356270 244481 700749 160928 128254 176942 1 249039 192007 373350 198588 555068 201944 591138 391343
 409539 729711 223668 386097 625895 197190 635569 774412 457535 622782 909457 913660 745328 418363 635104 450358 470412 203300 834061 482621 472246 185471 489664 491763 660385 408416 231928 314541 685153 518343 357077 362556 959496 646315 701029 344840 43982 949742 183378 264206 425648 249039 1 306653 541636 442470 687584 53990 836633 242604
 344154 773483 338294 235707 719939 212593 742399 473751 187645 331064 694816 678757 438683 496225 400447 154427 221521 459480 537852 579636 297430 139367 252679 187428 353867 241501 446064 460380 392342 449847 386948 469831 713768 646372 440084 188445 274578 739926 123433 65144 277569 192007 306653 1 551639 320819 388999 287827 593535 306985
 212171 222607 318204 778964 213056 660196 245845 748934 724945 608862 580525 628136 801715 145810 939004 668742 766177 445887 765816 155968 333501 473334 799283 602757 731819 344392 377858 269058 861832 147552 187985 206274 689005 104984 555816 728485 562172 601421 531389 494702 310444 373350 541636 551639 1 264751 840164 488694 592981 748436
 72723 482627 276127 556519 468727 484338 498578 502768 474442 352646 475888 493101 542689 284178 684468 413692 518391 456928 532138 357975 74644 296418 552202 338972 469394 84402 401917 335761 597229 133939 188363 299903 546522 342428 335655 508692 442167 513124 347529 278694 47442 198588 442470 320819 264751 1 575425 391581 428527 582587
 634799 1055519 713244 389978 1040690 534731 1068760 252333 240827 266280 680917 625719 139207 833886 238083 237477 251503 848194 321882 916001 508909 528013 256324 242815 133002 498693 830931 829000 37127 701746 721773 824003 626906 911353 408074 394415 650046 725475 506845 448041 530389 555068 687584 388999 840164 575425 1 675284 544997 591289
 356415 679803 171424 401178 579807 220179 591053 745520 453103 590971 861517 868052 723709 368134 641945 438102 471094 184807 802582 435189 424800 154800 493349 467499 638164 362006 198495 269622 675735 464590 303444 314000 915198 593507 660884 356162 77999 901160 169056 237244 377040 201944 53990 287827 488694 391581 675284 1 792558 281341
 494678 738929 703177 780541 798174 805225 832267 310021 627866 308069 136684 87767 422519 683052 763438 565468 670956 884145 270258 737095 373066 658197 698823 451450 415785 431824 830419 759563 581525 459270 609564 715281 122931 601961 159409 749607 823271 180497 688212 596674 424009 591138 836633 593535 592981 428527 544997 792558 1 900502
 576071 952508 443882 210552 859558 99269 871866 751847 352814 626649 1000000 985699 688174 642325 463826 382194 341062 442512 821948 713934 583010 287888 344642 472736 612423 519305 474449 550717 576334 690729 560703 591995 1020458 852798 746209 196875 204189 1044584 235103 315063 549350 391343 242604 306985 748436 582587 591289 281341 900502 1
LAMBDA_SECTION
1 151
2 337
3 981
4 393
5 719
6 125
7 948
8 591
9 377
10 602
11 848
12 263
13 883
14 892
15 481
16 899
17 831
18 955
19 327
20 164
21 430
22 950
23 316
24 589
25 723
26 785
27 713
28 389
29 326
30 894
31 975
32 963
33 595
34 919
35 402
36 120
37 226
38 404
39 855
40 757
41 669
42 586
43 31
44 904
45 672
46 146
47 410
48 301
49 337
50 119
