NAME : domp80p40v6
COMMENT : Cherkesly, Contardo & Gruson 2022
TYPE : DOMP
DIMENSION : 80
DISPLAY_DATA_TYPE : NO_DISPLAY
OPEN_FACILITIES : 40
COST_SECTION
 1 153473 489353 718418 466864 345552 849452 182427 499667 198264 855888 412689 710159 488688 555347 396163 543887 507439 667848 771302 282689 773384 298288 92551 367234 200271 670139 144577 347488 28510 563112 346965 421413 201744 597250 657102 539672 778661 397233 719936 778609 369069 534726 603904 66848 981375 213906 754287 452062 49794 37247 584788 633273 75725 565869 391890 513164 680629 652175 648821 594152 451261 552239 196986 813810 455662 578434 324369 283393 719141 356314 572507 140061 658045 634742 192665 644221 412932 203987 478657
 153473 1 392803 596159 525576 275871 853059 321323 353463 258033 880249 540592 743200 345028 403778 246568 390654 458487 558488 629472 161260 777611 440626 221545 221766 51016 631250 278694 194746 137542 547310 193727 350214 54643 640284 504222 502360 640653 549951 605405 789254 517631 436540 467028 206003 851566 73108 750346 309285 202127 135222 434978 600236 134530 440214 250639 465178 688471 505014 539831 639044 505289 617893 255416 684574 346721 428964 420162 417604 708636 215191 481301 145298 507424 687461 261164 570256 565521 334015 354585
 489353 392803 1 772491 918376 153037 1221951 557644 246421 392081 1261640 901328 1129944 494797 328327 270291 364691 799142 780899 707868 476034 1148586 779800 580787 428261 350720 969258 521805 312367 492714 911613 323364 679760 344940 1030872 491144 850973 740087 841441 805559 1164216 836268 45376 611014 495055 963344 412522 1116046 215003 533256 495923 317102 946375 513996 637400 216400 806199 1063895 572110 766320 1030025 897992 1010640 646361 819679 615042 498435 804431 771084 1070417 229921 757717 537910 536473 1079490 650394 865562 857415 693293 113367
 718418 596159 772491 1 715821 765328 707586 900833 535202 852148 805119 930621 747820 283760 471583 509749 424228 373978 92476 178414 438747 662539 904279 729692 390085 579367 426376 861754 490686 691387 490692 481247 349746 583326 723802 348424 410660 143220 1054077 52355 693736 994490 792303 161605 783916 268058 523052 615872 557730 752987 683794 504747 440421 652460 156213 564647 376192 626971 233916 103555 729273 693588 784674 641020 107524 266049 283571 763925 861049 568904 566423 211914 595461 287854 782857 657188 266610 1066620 794453 662508
 466864 525576 918376 715821 1 793511 429592 556311 832164 658639 404116 283281 254909 657117 847459 725447 812406 343881 627300 857712 489452 360262 352644 383109 592636 569256 394262 548864 663378 450090 264282 655564 387235 574752 137375 867278 319959 840467 494545 684520 352405 418559 961980 700637 504883 965602 516854 361774 802293 445544 443646 888286 353545 414506 624578 752526 342832 274286 799174 613079 132426 24163 93479 276394 822294 506053 760610 173646 309883 349382 720913 504091 380695 835045 167905 276431 488255 498919 318286 871185
 345552 275871 153037 765328 793511 1 1127386 404732 300278 240450 1156107 754204 1018365 481829 384967 262803 405874 720302 755426 735962 397149 1052274 629864 438038 384534 245825 893647 368783 274921 352782 819530 284737 604410 239673 913495 541200 768271 761506 688406 789897 1064645 684054 197050 609303 344684 986307 316660 1023676 250387 386576 357203 390392 865919 380618 616377 212835 727253 963825 597467 738721 911842 774616 883886 517556 830123 564240 517182 667164 623546 980696 201082 708715 414989 573876 958470 519369 810366 704379 548043 197624
 849452 853059 1221951 707586 429592 1127386 1 972102 1064291 1047714 117943 698231 196844 814274 1045713 975930 999710 432227 621129 885131 746275 76169 782066 781383 813896 882255 289283 957749 919770 826168 310344 909369 549869 888403 300379 996684 377355 850651 919590 657543 77325 843817 1260271 785532 901116 873009 813560 106905 1053023 841978 818025 1088092 292931 781447 708856 1019651 425408 168874 894046 618541 307615 431975 396922 654144 788801 646535 894593 601675 739437 155545 996688 542610 727497 945052 310147 661472 447212 922403 740387 1145566
 182427 321323 557644 900833 556311 404732 972102 1 634831 168928 959997 399659 810875 665383 702115 542161 698668 672906 849562 949435 464232 897544 263470 200708 542461 358917 826443 43449 503650 209795 708872 505547 597132 358289 693544 820678 698613 958532 284966 902095 897283 292009 600969 783923 117627 1163379 389753 885419 583130 153738 217728 725703 787172 252161 748005 524013 678038 804868 826334 830532 688736 547158 626704 330760 995794 637847 749992 386670 279204 856120 490749 751343 314907 827704 718722 319340 817149 300760 239003 581610
 499667 353463 246421 535202 832164 300278 1064291 634831 1 500179 1122079 892182 1005532 272236 85798 109645 118282 632066 555259 461448 343879 995560 793763 574955 252605 302756 790454 592157 170577 488898 759584 177309 515420 300058 922102 247648 686985 493983 894689 572566 1016320 868537 259256 374134 536068 716933 326175 957461 53018 549458 487678 93129 775107 486945 413080 110825 638898 919751 326115 542753 923097 809074 925259 589702 575182 422825 254873 760179 770919 908943 144913 554738 480130 290265 977350 599388 665189 910613 687235 133054
 198264 258033 392081 852148 658639 240450 1047714 168928 500179 1 1052740 552049 906090 588637 575880 422030 581451 693728 816519 870074 419226 971639 418726 275534 467611 273985 861186 140143 398016 222218 759031 403002 596376 270657 791790 712011 730291 886055 453728 863057 976790 458640 434463 715756 154306 1102667 330473 952203 447192 213139 230666 593189 825801 268692 695937 391950 699881 878893 737812 797863 788268 644676 739979 394665 936924 604545 657532 503383 423918 916388 362873 736513 329009 729324 826217 389188 819862 469448 362578 427839
 855888 880249 1261640 805119 404116 1156107 117943 959997 1122079 1052740 1 647925 149208 884442 1111328 1027685 1067093 496588 715908 980665 791064 142586 747194 779489 869550 914601 379322 950762 968969 835126 363457 959044 607822 920660 266752 1076134 441742 948254 873565 756648 112457 799146 1301943 869286 901393 983769 849324 189276 1105901 841652 827572 1153943 372534 793351 790593 1067657 490312 202415 978293 711311 272016 412983 348124 658975 891585 714654 971348 576912 708220 236736 1041953 626164 745438 1027391 253298 663618 539902 874450 722394 1193180
 412689 540592 901328 930621 283281 754204 698231 399659 892182 552049 647925 1 506561 795908 932810 783249 909811 583730 850670 1044497 588006 634677 136255 323808 697250 591587 670257 414385 725524 413405 537423 721366 581069 595134 398164 997883 576202 1036519 226157 909375 621434 153772 946690 875024 411604 1194204 569693 641719 849689 368131 412133 968209 628395 406081 809491 791227 585025 554151 956977 833815 390754 292320 302375 317471 1037861 682230 899880 166698 130720 632287 755735 727991 416514 980548 395181 303865 740037 226530 209302 888724
 710159 743200 1129944 747820 254909 1018365 196844 810875 1005532 906090 149208 506561 1 783663 1002679 906550 960789 400993 655626 916109 666855 150232 600142 631905 753666 780283 331284 802062 846232 690279 266120 836800 499945 786242 117557 984507 350011 888271 730672 703803 125271 655520 1171400 786826 753958 956882 717773 180825 985083 694230 682959 1045176 308738 649769 706799 943108 395759 124291 894764 647463 122975 264082 204242 513747 843874 614919 877449 427860 560262 205326 915472 550037 604759 940391 113628 517525 483041 732447 573186 1067489
 488688 345028 494797 283760 657117 481829 814274 665383 272236 588637 884442 795908 783663 1 233859 227298 186284 387930 286497 284456 215233 750210 732912 526864 123294 315958 531078 623230 207910 465423 522652 198977 284637 318668 718311 210222 442702 297535 867008 311944 774448 820098 518841 129457 548504 515628 275764 708774 283220 531871 459587 275479 521441 437457 142938 282440 394144 683526 165643 272639 721061 632956 744784 479220 352681 169882 105090 638207 697053 659190 282697 285685 395799 184734 777388 493720 395851 881473 618156 388865
 555347 403778 328327 471583 847459 384967 1045713 702115 85798 575880 1111328 932810 1002679 233859 1 160438 49066 615675 502482 382044 359833 979918 842715 623569 255009 355130 764499 658911 209591 541294 747944 212329 504296 353625 926947 163001 670873 416800 952545 512888 1002851 921318 336330 314045 597911 637369 363266 939594 134803 604853 538915 42623 753444 532807 365028 184211 622209 909219 250612 491957 928682 823764 939323 621923 501569 399179 188052 791973 816266 890268 213559 519005 516519 209626 984108 633205 628726 968270 732649 215652
 396163 246568 270291 509749 725447 262803 975930 542161 109645 422030 1027685 783249 906550 227298 160438 1 159471 545388 511706 473556 240383 905223 687144 467936 163930 196643 710444 498874 62072 383435 667730 70291 426361 194620 819328 291162 599366 498706 793038 539240 924255 763749 298851 350337 437502 723551 216545 869073 78534 445849 381628 188706 691304 378813 368597 55153 552376 826045 335263 496710 819974 702609 818760 480104 568651 348248 254584 650553 663022 821506 63471 488963 370499 315443 873554 489745 597869 808829 579275 172923
 543887 390654 364691 424228 812406 405874 999710 698668 118282 581451 1067093 909811 960789 186284 49066 159471 1 570823 453556 343186 328762 934622 825036 606836 220607 344360 717344 655245 196716 527719 703992 196941 461313 343688 887713 135415 625948 375861 940567 464751 958047 905871 376553 265695 590640 598654 342969 893840 157961 592778 524594 89326 707116 515128 315980 196094 577266 865277 208180 442934 889705 788534 903530 595778 458208 353452 140798 764713 796450 844391 219816 470717 493495 172517 945442 607822 580236 956099 713259 251327
 507439 458487 799142 373978 343881 720302 432227 672906 632066 693728 496588 583730 400993 387930 615675 545388 570823 1 283988 527090 325260 364462 589114 473778 382336 476154 173483 644209 491120 479531 135714 480460 119595 482213 355215 584138 55217 504864 745346 340759 387238 676266 835295 386910 571522 622117 404286 325424 621757 520842 470640 658236 147240 431754 306893 591136 7057 295723 494172 270560 359933 322574 410749 350409 479442 218083 477631 421076 542154 276920 570555 162404 367808 539398 415225 364995 158016 755193 495067 716642
 667848 558488 780899 92476 627300 755426 621129 849562 555259 816519 715908 850670 655626 286497 502482 511706 453556 283988 1 264776 397417 573371 832351 669316 371377 549130 336613 812365 482064 639963 398308 471721 273809 553767 631694 402024 318740 233369 984680 58706 604069 922361 805329 191483 734401 343587 486311 526920 569624 698378 631886 539732 348832 598035 143579 566699 285781 535218 289159 19031 637241 605480 694079 571401 195543 213267 318404 684224 787896 479272 562636 124025 537759 343613 690625 587559 176100 996602 725272 675306
 771302 629472 707868 178414 857712 735962 885131 949435 461448 870074 980665 1044497 916109 284456 382044 473556 343186 527090 264776 1 491570 838141 998512 802494 407747 599415 601350 907467 476793 747093 653566 470065 473320 601796 882161 226192 570711 43606 1139884 230137 868751 1087719 718271 171716 832275 255537 559684 791695 498110 812921 740800 404146 612108 715923 236193 523575 530613 797686 138562 269987 886986 834369 933956 736630 136954 362650 219015 879806 958999 743991 536503 367597 668213 172479 942053 752267 440782 1153726 884620 594501
 282689 161260 476034 438747 489452 397149 746275 464232 343879 419226 791064 588006 666855 215233 359833 240383 328762 325260 397417 491570 1 673472 518337 312182 109842 159747 497803 424096 179447 257065 435983 170240 207604 165307 579065 410061 375697 496768 651951 445275 690349 605053 513996 322148 346704 699225 90521 640144 318804 321976 250280 399800 472186 224362 284239 276769 332288 590781 380820 378704 579816 466082 582164 270786 531644 185503 315262 437230 483671 594384 251158 322637 180638 396627 633716 284142 417171 666343 403649 402120
 773384 777611 1148586 662539 360262 1052274 76169 897544 995560 971639 142586 634677 150232 750210 979918 905223 934622 364462 573371 838141 673472 1 712774 705884 744141 807427 236850 882576 848296 750035 237779 838007 480228 813568 237249 937763 309254 805669 853338 614163 33726 777379 1187328 729124 825343 845700 739153 46853 982724 766290 741882 1022436 232280 705281 651022 947980 357830 93054 838077 568942 244971 360846 336874 578275 749598 581193 834021 530561 669302 94548 924328 485686 651391 887869 257424 585781 397419 856830 667217 1073910
 298288 440626 779800 904279 352644 629864 782066 263470 793763 418726 747194 136255 600142 732912 842715 687144 825036 589114 832351 998512 518337 712774 1 219282 623382 491061 705414 279728 633158 305287 573972 630562 558595 493709 484685 924952 594378 996025 156316 890321 704795 90213 824968 826848 285181 1171943 482200 711892 747968 249979 306123 875245 663247 310095 769338 688180 591971 625154 897875 814291 478274 352770 399928 263829 1009429 643349 833506 185745 47443 693935 652480 714677 338113 914883 495201 247773 746851 166194 114758 776641
 92551 221545 580787 729692 383109 438038 781383 200708 574955 275534 779489 323808 631905 526864 623569 467936 606836 473778 669316 802494 312182 705884 219282 1 411464 272213 625736 178173 413983 89600 509163 411578 405812 275092 516788 710815 498067 805025 340412 724539 708314 299258 626132 631615 122098 996734 264931 690685 529957 62478 88619 655964 586533 92056 583431 470552 478698 612836 692480 650427 513089 369414 465306 130830 830288 463644 623761 233073 197108 659146 434869 563178 135189 704858 550708 120826 621324 355125 114596 564954
 367234 221766 428261 390085 592636 384534 813896 542461 252605 467611 869550 697250 753666 123294 255009 163930 220607 382336 371377 407747 109842 744141 623382 411464 1 193861 546515 500159 116358 344956 507455 105386 264059 196973 673510 301958 436724 420016 751709 408848 764267 708555 460265 248180 425883 635068 153450 706991 239437 411711 339594 296339 527694 320339 235732 213267 389285 667276 284945 354399 674973 568883 684342 380365 469729 186826 212598 547040 590462 659001 199483 330374 285544 293466 730067 393460 437380 766536 509159 336629
 200271 51016 350720 579367 569256 245825 882255 358917 302756 273985 914601 591587 780283 315958 355130 196643 344360 476154 549130 599415 159747 807427 491061 272213 193861 1 649635 315624 147651 186794 573821 148004 362597 6156 680161 462143 523057 613434 597503 592821 820671 567107 393480 442024 247096 828763 72046 778141 258275 249724 185124 385314 620870 185509 423262 199667 483038 719878 470877 530897 679307 548337 662126 302920 662942 341697 392718 469493 468530 734920 164278 481859 191578 469257 728969 309590 576732 613196 384978 305817
 670139 631250 969258 426376 394262 893647 289283 826443 790454 861186 379322 670257 331284 531078 764499 710444 717344 173483 336613 601350 497803 236850 705414 625736 546515 649635 1 801340 658834 642987 133053 647992 290453 655696 340262 707897 130896 569311 860028 378956 267485 786524 1004261 496262 731930 625659 577766 190624 784981 678017 634143 806431 42250 595172 419931 758426 166602 207097 604769 332118 347556 380291 427226 496433 516654 367790 606887 523178 658073 142663 739751 253651 532623 655826 392064 509088 160581 867676 626524 882989
 144577 278694 521805 861754 548864 368783 957749 43449 592157 140143 950762 414385 802062 623230 658911 498874 655245 644209 812365 907467 424096 882576 279728 178173 500159 315624 801340 1 460204 172729 686925 462123 563974 314937 685338 777276 672330 917121 319679 864211 883870 319151 565687 742648 78006 1123295 347866 868395 540634 123541 181080 682791 762810 217381 708229 481333 649574 789603 783660 793340 680944 537999 623578 308882 955724 599965 707051 383427 288615 837279 447870 716546 281294 784573 713806 298927 785543 335681 236773 541564
 347488 194746 312367 490686 663378 274921 919770 503650 170577 398016 968969 725524 846232 207910 209591 62072 196716 491120 482064 476793 179447 848296 633158 413983 116358 147651 658834 460204 1 332246 610549 11003 371587 147007 757901 317788 544389 497202 744543 515092 866572 711892 345623 336762 394149 719780 156556 813056 139714 396626 329605 242918 637871 323387 341720 100039 498154 767796 341474 465863 758458 640551 756697 419562 559424 303095 260494 590135 607232 766005 83126 446709 310883 331364 811870 429615 553627 760157 523530 225831
 28510 137542 492714 691387 450090 352782 826168 209795 488898 222218 835126 413405 690279 465423 541294 383435 527719 479531 639963 747093 257065 750035 305287 89600 344956 186794 642987 172729 332246 1 537355 330952 392909 189032 578499 638029 512381 753641 412975 692308 755994 380327 537990 578911 95244 954949 192397 730049 442692 66816 8892 572083 606420 47869 539386 382899 485305 657477 629651 620934 575678 433577 537170 176552 787427 428054 556971 314413 286149 694208 347197 544087 111869 637073 617684 174006 615767 428441 204157 475391
 563112 547310 911613 490692 264282 819530 310344 708872 759584 759031 363457 537423 266120 522652 747944 667730 703992 135714 398308 653566 435983 237779 573972 509163 507455 573821 133053 686925 610549 537355 1 600285 244511 579977 234533 719833 83951 627967 727941 450695 256814 654081 949969 520711 621436 720478 504236 204716 745429 564988 528724 790564 91000 490368 440681 710205 130116 161297 628676 388052 240563 248823 308285 378378 591753 352829 613335 390713 526765 161342 686643 286056 431229 674661 292684 389544 236264 735323 499369 836133
 346965 193727 323364 481247 655564 284737 909369 505547 177309 403002 959044 721366 836800 198977 212329 70291 196941 480460 471721 470065 170240 838007 630562 411578 105386 148004 647992 462123 11003 330952 600285 1 360955 147816 749067 315238 533810 489799 743670 505168 856419 709994 356538 328105 395028 711912 151791 802629 148575 395844 328033 246846 627153 320543 331699 110679 487491 757753 335448 455443 749695 632644 748818 413934 550996 292101 254730 584523 603959 755508 94101 435749 305981 326898 803263 424271 542630 759226 520326 236330
 421413 350214 679760 349746 387235 604410 549869 597132 515420 596376 607822 581069 499945 284637 504296 426361 461313 119595 273809 473320 207604 480228 558595 405812 264059 362597 290453 563974 371587 392909 244511 360955 1 368536 434704 490360 173016 459919 711438 331985 500997 648568 715732 313403 487797 615311 290580 442967 503184 443422 384186 546908 266695 346720 238083 471617 126642 405444 413378 255899 437807 363434 469155 298961 456833 120454 382568 414413 514092 395170 450986 158431 282692 452350 494233 315029 223851 723154 452510 597211
 201744 54643 344940 583326 574752 239673 888403 358289 300058 270657 920660 595134 786242 318668 353625 194620 343688 482213 553767 601796 165307 813568 493709 275092 196973 6156 655696 314937 147007 189032 579977 147816 368536 1 685970 462487 529169 616195 598921 597170 826792 569230 387791 445147 247246 832011 78036 784295 255025 251334 187628 383324 626976 189125 427282 196110 489101 725997 472704 535575 685091 553892 667573 307852 666362 346771 394246 474036 471652 741075 160604 487215 196641 470390 734669 314340 582380 614648 388178 301005
 597250 640284 1030872 723802 137375 913495 300379 693544 922102 791790 266752 398164 117557 718311 926947 819328 887713 355215 631694 882161 579065 237249 484685 516788 673510 680161 340262 685338 757901 578499 234533 749067 434704 685970 1 925060 313225 858828 619334 684930 223354 543650 1073331 739015 638877 954149 621219 249787 897582 579238 571487 968969 306378 539688 659557 852149 351555 165189 844033 620586 8104 147589 100662 402204 825922 554401 817268 310390 443875 252079 822730 515508 498529 885790 60152 404759 470201 622034 455661 974655
 657102 504222 491144 348424 867278 541200 996684 820678 247648 712011 1076134 997883 984507 210222 163001 291162 135415 584138 402024 226192 410061 937763 924952 710815 301958 462143 707897 777276 317788 638029 719833 315238 490360 462487 925060 1 637180 264931 1049691 396596 964402 1009313 497295 214387 708937 478957 446772 894024 292187 704490 633795 179201 705637 618904 287979 331215 589742 878453 114717 396536 928154 843116 954557 680441 355330 371060 107793 843893 892417 844290 353312 454247 587439 60663 984574 694084 556291 1064832 810949 378647
 539672 502360 850973 410660 319959 768271 377355 698613 686985 730291 441742 576202 350011 442702 670873 599366 625948 55217 318740 570711 375697 309254 594378 498067 436724 523057 130896 672330 544389 512381 83951 533810 173016 529169 313225 637180 1 546065 750499 373003 332100 679176 887710 436824 601980 648618 451644 270489 676049 548834 503524 713429 97933 464537 356812 644426 48683 241537 544911 307369 318625 300688 377738 370344 513630 272961 531143 418618 546985 222277 623097 203146 401796 591263 372546 383800 168317 759389 507377 770121
 778661 640653 740087 143220 840467 761506 850651 958532 493983 886055 948254 1036519 888271 297535 416800 498706 375861 504864 233369 43606 496768 805669 996025 805025 420016 613434 569311 917121 497202 753641 627967 489799 459919 616195 858828 264931 546065 1 1140004 193392 836757 1085716 752201 174758 841006 225081 569500 759030 528232 818738 746996 441063 582174 720386 227472 550202 507936 768459 167989 240814 863925 817449 914224 732856 93610 354749 245086 870838 955382 711915 560936 343328 670053 208595 918443 748710 409150 1153524 882908 626837
 397233 549951 841441 1054077 494545 688406 919590 284966 894689 453728 873565 226157 730672 867008 952545 793038 940567 745346 984680 1139884 651951 853338 156316 340412 751709 597503 860028 319679 744543 412975 727941 743670 711438 598921 619334 1049691 750499 1140004 1 1042251 842382 76002 885185 968332 360019 1322108 602920 856305 845461 347918 416520 981416 817800 431449 914931 785191 748245 768827 1032650 966396 612266 498209 526575 413491 1158104 790565 964129 337436 203577 841722 750100 868540 472215 1045164 620443 397309 902999 16104 259693 857632
 719936 605405 805559 52355 684520 789897 657543 902095 572566 863057 756648 909375 703803 311944 512888 539240 464751 340759 58706 230137 445275 614163 890321 724539 408848 592821 378956 864211 515092 692308 450695 505168 331985 597170 684930 396596 373003 193392 1042251 1 645746 980387 827376 199166 786205 284893 532621 567386 591789 751869 684385 547627 395354 651329 173635 594384 342209 581854 281882 76088 690692 662907 749771 628818 141071 264274 325199 742923 846039 521044 593451 182378 592006 336331 743378 644991 220890 1054291 782702 697236
 778609 789254 1164216 693736 352405 1064645 77325 897283 1016320 976790 112457 621434 125271 774448 1002851 924255 958047 387238 604069 868751 690349 33726 704795 708314 764267 820671 267485 883870 866572 755994 256814 856419 500997 826792 223354 964402 332100 836757 842382 645746 1 766581 1203543 756986 828767 879122 753360 79616 1002093 769386 748006 1045430 260120 712056 678430 965944 380782 100825 865990 599185 230688 355219 320797 582392 781787 604933 860001 524793 662282 124842 941487 513776 659931 915272 236541 589063 427983 845283 664394 1091796
 369069 517631 836268 994490 418559 684054 843817 292009 868537 458640 799146 153772 655520 820098 921318 763749 905871 676266 922361 1087719 605053 777379 90213 299258 708555 567107 786524 319151 711892 380327 654081 709994 648568 569230 543650 1009313 679176 1085716 76002 980387 766581 1 880904 916013 343520 1262142 564161 780326 821127 319362 382424 952409 744275 391276 859217 760937 678878 692838 985399 904340 536632 422405 451624 353951 1099624 733397 919729 263376 134961 765982 725378 804299 424429 1001072 545879 337868 834224 81364 203110 842397
 534726 436540 45376 792303 961980 197050 1260271 600969 259256 434463 1301943 946690 1171400 518841 336330 298851 376553 835295 805329 718271 513996 1187328 824968 626132 460265 393480 1004261 565687 345623 537990 949969 356538 715732 387791 1073331 497295 887710 752201 885185 827376 1203543 880904 1 630727 540112 973681 453635 1154087 235835 578607 541144 319528 982416 558875 661779 247015 842348 1103441 584724 791359 1072606 941419 1054424 690681 834390 646442 514018 849418 816428 1108021 264749 787806 581786 545936 1122448 694929 896535 901129 738669 130178
 603904 467028 611014 161605 700637 609303 785532 783923 374134 715756 869286 875024 786826 129457 314045 350337 265695 386910 191483 171716 322148 729124 826848 631615 248180 442024 496262 742648 336762 578911 520711 328105 313403 445147 739015 214387 436824 174758 968332 199166 756986 916013 630727 1 666360 387073 395349 684474 396170 644115 572302 349758 496979 546078 80056 404849 391687 675266 109008 183807 743052 676827 781492 565312 223235 196426 127398 711336 787536 634955 408852 243466 497004 159714 799155 580875 342335 982121 712910 500904
 66848 206003 495055 783916 504883 344684 901116 117627 536068 154306 901393 411604 753958 548504 597911 437502 590640 571522 734401 832275 346704 825343 285181 122098 425883 247096 731930 78006 394149 95244 621436 395028 487797 247246 638877 708937 601980 841006 360019 786205 828767 343520 540112 666360 1 1045913 272742 808470 486092 59743 103798 624485 694292 141217 630655 425931 577097 732315 710355 715378 635152 491468 585679 247209 878328 521960 634889 349495 281039 775115 391179 639329 205607 713414 672250 239721 710212 376070 211925 499489
 981375 851566 963344 268058 965602 986307 873009 1163379 716933 1102667 983769 1194204 956882 515628 637369 723551 598654 622117 343587 255537 699225 845700 1171943 996734 635068 828763 625659 1123295 719780 954949 720478 711912 615311 832011 954149 478957 648618 225081 1322108 284893 879122 1262142 973681 387073 1045913 1 778958 799619 752717 1017844 947644 658032 651818 917630 415564 775258 622858 832612 392189 360418 960521 944621 1026113 908934 167586 533390 470162 1027688 1128388 759143 785519 467003 862048 427747 1010584 925109 484215 1334608 1062460 849981
 213906 73108 412522 523052 516854 316660 813560 389753 326175 330473 849324 569693 717773 275764 363266 216545 342969 404286 486311 559684 90521 739153 482200 264931 153450 72046 577766 347866 156556 192397 504236 151791 290580 78036 621219 446772 451644 569500 602920 532621 753360 564161 453635 395349 272742 778958 1 708848 289364 259206 187569 398595 549360 172887 367117 236412 411188 652718 438367 467746 620884 494913 610292 263589 611823 275572 364691 434009 453677 665005 204110 412999 154328 444679 672162 273241 505848 618076 370343 354643
 754287 750346 1116046 615872 361774 1023676 106905 885419 957461 952203 189276 641719 180825 708774 939594 869073 893840 325424 526920 791695 640144 46853 711892 690685 706991 778141 190624 868395 813056 730049 204716 802629 442967 784295 249787 894024 270489 759030 856305 567386 79616 780326 1154087 684474 808470 799619 708848 1 946130 750014 721706 982028 188493 684374 606781 912975 318630 87643 793344 522724 257827 359220 350441 561375 702746 540464 790899 527462 667231 49776 890258 441021 628395 843520 279291 569955 351090 860650 659297 1038873
 452062 309285 215003 557730 802293 250387 1053023 583130 53018 447192 1105901 849689 985083 283220 134803 78534 157961 621757 569624 498110 318804 982724 747968 529957 239437 258275 784981 540634 139714 442692 745429 148575 503184 255025 897582 292187 676049 528232 845461 591789 1002093 821127 235835 396170 486092 752717 289364 946130 1 501773 441975 146138 767015 443657 426130 60298 628711 904124 360533 555851 898162 779627 895698 552328 605635 419895 284554 722167 726671 898309 95749 557516 441503 329730 951577 561156 667396 861435 643198 105698
 49794 202127 533256 752987 445544 386576 841978 153738 549458 213139 841652 368131 694230 531871 604853 445849 592778 520842 698378 812921 321976 766290 249979 62478 411711 249724 678017 123541 396626 66816 564988 395844 443422 251334 579238 704490 548834 818738 347918 751869 769386 319362 578607 644115 59743 1017844 259206 750014 501773 1 72284 634504 639703 100604 602441 441576 526160 673243 696309 679363 575558 431887 527205 188664 850490 488138 623783 292828 237842 717330 406024 598085 161602 703884 613079 180511 663584 363551 161745 526677
 37247 135222 495923 683794 443646 357203 818025 217728 487678 230666 827572 412133 682959 459587 538915 381628 524594 470640 631886 740800 250280 741882 306123 88619 339594 185124 634143 181080 329605 8892 528724 328033 384186 187628 571487 633795 503524 746996 416520 684385 748006 382424 541144 572302 103798 947644 187569 721706 441975 72284 1 570158 597613 38996 532086 382363 476414 649375 624076 612856 568740 426893 531160 169354 780153 420163 551839 310025 285689 685725 346662 535585 102988 632112 611111 167326 606977 431895 203125 476614
 584788 434978 317102 504747 888286 390392 1088092 725703 93129 593189 1153943 968209 1045176 275479 42623 188706 89326 658236 539732 404146 399800 1022436 875245 655964 296339 385314 806431 682791 242918 572083 790564 246846 546908 383324 968969 179201 713429 441063 981416 547627 1045430 952409 319528 349758 624485 658032 398595 982028 146138 634504 570158 1 795718 566003 404146 202419 664761 951841 278176 529834 970642 864661 980367 659273 528486 441577 222559 829638 850055 932672 234958 560020 552582 232468 1025984 670174 669457 997244 766326 207833
 633273 600236 946375 440421 353545 865919 292931 787172 775107 825801 372534 628395 308738 521441 753444 691304 707116 147240 348832 612108 472186 232280 663247 586533 527694 620870 42250 762810 637871 606420 91000 627153 266695 626976 306378 705637 97933 582174 817800 395354 260120 744275 982416 496979 694292 651818 549360 188493 767015 639703 597613 795718 1 558716 418743 737822 140184 186593 605967 342155 313379 339031 390006 456720 535163 354495 602414 480928 615919 138721 717668 253666 496842 655596 360362 469078 174466 825431 585055 863105
 75725 134530 513996 652460 414506 380618 781447 252161 486945 268692 793351 406081 649769 437457 532807 378813 515128 431754 598035 715923 224362 705281 310095 92056 320339 185509 595172 217381 323387 47869 490368 320543 346720 189125 539688 618904 464537 720386 431449 651329 712056 391276 558875 546078 141217 917630 172887 684374 443657 100604 38996 566003 558716 1 502420 385166 437504 612998 602837 579012 537257 396734 503750 138213 750380 387536 532881 290719 284217 647878 349716 499420 64446 613801 581149 138841 568999 446370 200466 486507
 565869 440214 637400 156213 624578 616377 708856 748005 413080 695937 790593 809491 706799 142938 365028 368597 315980 306893 143579 236193 284239 651022 769338 583431 235732 423262 419931 708229 341720 539386 440681 331699 238083 427282 659557 287979 356812 227472 914931 173635 678430 859217 661779 80056 630655 415564 367117 606781 426130 602441 532086 404146 418743 502420 1 423682 311642 595670 188356 129885 663694 600945 703895 505816 248078 127338 189585 644220 728253 557131 420920 166288 448291 236864 719707 521742 270087 928172 656776 531792
 391890 250639 216400 564647 752526 212835 1019651 524013 110825 391950 1067657 791227 943108 282440 184211 55153 196094 591136 566699 523575 276769 947980 688180 470552 213267 199667 758426 481333 100039 382899 710205 110679 471617 196110 852149 331215 644426 550202 785191 594384 965944 760937 247015 404849 425931 775258 236412 912975 60298 441576 382363 202419 737822 385166 423682 1 598167 866882 385017 551598 852364 730258 846005 497371 621999 399513 305262 666442 667462 866001 35704 541525 386001 361262 904947 505572 649803 801161 584126 125934
 513164 465178 806199 376192 342832 727253 425408 678038 638898 699881 490312 585025 395759 394144 622209 552376 577266 7057 285781 530613 332288 357830 591971 478698 389285 483038 166602 649574 498154 485305 130116 487491 126642 489101 351555 589742 48683 507936 748245 342209 380782 678878 842348 391687 577097 622858 411188 318630 628711 526160 476414 664761 140184 437504 311642 598167 1 289682 499167 272686 356385 321769 408494 354775 481310 224345 483370 422892 544937 270059 577608 165015 373640 544678 411494 369250 155774 757982 498691 723662
 680629 688471 1063895 626971 274286 963825 168874 804868 919751 878893 202415 554151 124291 683526 909219 826045 865277 295723 535218 797686 590781 93054 625154 612836 667276 719878 207097 789603 767796 657477 161297 757753 405444 725997 165189 878453 241537 768459 768827 581854 100825 692838 1103441 675266 732315 832612 652718 87643 904124 673243 649375 951841 186593 612998 595670 866882 289682 1 784013 528020 173292 272387 265346 485288 721323 513645 772641 441344 580843 88630 841930 434545 559940 831575 202081 492733 360980 773085 575681 992626
 652175 505014 572110 233916 799174 597467 894046 826334 326115 737812 978293 956977 894764 165643 250612 335263 208180 494172 289159 138562 380820 838077 897875 692480 284945 470877 604769 783660 341474 629651 628676 335448 413378 472704 844033 114717 544911 167989 1032650 281882 865990 985399 584724 109008 710355 392189 438367 793344 360533 696309 624076 278176 605967 602837 188356 385017 499167 784013 1 284952 847803 775151 882510 641817 250987 293327 81289 796526 861312 743863 398380 352393 561283 54692 904089 656687 449401 1047111 783132 458884
 648821 539831 766320 103555 613079 738721 618541 830532 542753 797863 711311 833815 647463 272639 491957 496710 442934 270560 19031 269987 378704 568942 814291 650427 354399 530897 332118 793340 465863 620934 388052 455443 255899 535575 620586 396536 307369 240814 966396 76088 599185 904340 791359 183807 715378 360418 467746 522724 555851 679363 612856 529834 342155 579012 129885 551598 272686 528020 284952 1 625987 591050 681179 553035 209215 194345 309633 667274 769965 474576 546829 109022 518775 339009 679787 569201 171721 978377 706918 661469
 594152 639044 1030025 729273 132426 911842 307615 688736 923097 788268 272016 390754 122975 721061 928682 819974 889705 359933 637241 886986 579816 244971 478274 513089 674973 679307 347556 680944 758458 575678 240563 749695 437807 685091 8104 928154 318625 863925 612266 690692 230688 536632 1072606 743052 635152 960521 620884 257827 898162 575558 568740 970642 313379 537257 663694 852364 356385 173292 847803 625987 1 143687 92647 399557 831644 557694 820362 304911 437736 260163 822750 520599 496854 889263 56430 401809 476466 614866 450603 974605
 451261 505289 897992 693588 24163 774616 431975 547158 809074 644676 412983 292320 264082 632956 823764 702609 788534 322574 605480 834369 466082 360846 352770 369414 568883 548337 380291 537999 640551 433577 248823 632644 363434 553892 147589 843116 300688 817449 498209 662907 355219 422405 941419 676827 491468 944621 494913 359220 779627 431887 426893 864661 339031 396734 600945 730258 321769 272387 775151 591050 143687 1 116188 258531 800244 482082 736450 169779 308621 343611 698868 482031 360815 810920 184416 259584 468964 503318 310660 849433
 552239 617893 1010640 784674 93479 883886 396922 626704 925259 739979 348124 302375 204242 744784 939323 818760 903530 410749 694079 933956 582164 336874 399928 465306 684342 662126 427226 623578 756697 537170 308285 748818 469155 667573 100662 954557 377738 914224 526575 749771 320797 451624 1054424 781492 585679 1026113 610292 350441 895698 527205 531160 980367 390006 503750 703895 846005 408494 265346 882510 681179 92647 116188 1 366341 889607 589277 847354 240331 362766 351113 814367 573115 472737 920283 95280 364968 542945 528220 387950 964540
 196986 255416 646361 641020 276394 517556 654144 330760 589702 394665 658975 317471 513747 479220 621923 480104 595778 350409 571401 736630 270786 578275 263829 130830 380365 302920 496433 308882 419562 176552 378378 413934 298961 307852 402204 680441 370344 732856 413491 628818 582392 353951 690681 565312 247209 908934 263589 561375 552328 188664 169354 659273 456720 138213 505816 497371 354775 485288 641817 553035 399557 258531 366341 1 745781 379558 582734 170591 222543 528843 463363 457056 111628 663614 442947 16184 503044 425746 153886 608707
 813810 684574 819679 107524 822294 830123 788801 995794 575182 936924 891585 1037861 843874 352681 501569 568651 458208 479442 195543 136954 531644 749598 1009429 830288 469729 662942 516654 955724 559424 787427 591753 550996 456833 666362 825922 355330 513630 93610 1158104 141071 781787 1099624 834390 223235 878328 167586 611823 702746 605635 850490 780153 528486 535163 750380 248078 621999 481310 721323 250987 209215 831644 800244 889607 745781 1 367839 321255 871176 966657 657614 629088 318219 695378 297037 884431 761915 360879 1170885 898742 707036
 455662 346721 615042 266049 506053 564240 646535 637847 422825 604545 714654 682230 614919 169882 399179 348248 353452 218083 213267 362650 185503 581193 643349 463644 186826 341697 367790 599965 303095 428054 352829 292101 120454 346771 554401 371060 272961 354749 790565 264274 604933 733397 646442 196426 521960 533390 275572 540464 419895 488138 420163 441577 354495 387536 127338 399513 224345 513645 293327 194345 557694 482082 589277 379558 367839 1 263388 517189 601708 491096 386179 144685 329535 331929 614121 395581 250555 803515 531568 520997
 578434 428964 498435 283571 760610 517182 894593 749992 254873 657532 971348 899880 877449 105090 188052 254584 140798 477631 318404 219015 315262 834021 833506 623761 212598 392718 606887 707051 260494 556971 613335 254730 382568 394246 817268 107793 531143 245086 964129 325199 860001 919729 514018 127398 634889 470162 364691 790899 284554 623783 551839 222559 602414 532881 189585 305262 483370 772641 81289 309633 820362 736450 847354 582734 321255 263388 1 743012 798822 741124 317489 353964 495481 81378 876783 596972 459624 978885 718868 385938
 324369 420162 804431 763925 173646 667164 601675 386670 760179 503383 576912 166698 427860 638207 791973 650553 764713 421076 684224 879806 437230 530561 185745 233073 547040 469493 523178 383427 590135 314413 390713 584523 414413 474036 310390 843893 418618 870838 337436 742923 524793 263376 849418 711336 349495 1027688 434009 527462 722167 292828 310025 829638 480928 290719 644220 666442 422892 441344 796526 667274 304911 169779 240331 170591 871176 517189 743012 1 139975 508358 631994 561860 280666 822824 332118 161013 578602 344614 147710 774746
 283393 417604 771084 861049 309883 623546 739437 279204 770919 423918 708220 130720 560262 697053 816266 663022 796450 542154 787896 958999 483671 669302 47443 197108 590462 468530 658073 288615 607232 286149 526765 603959 514092 471652 443875 892417 546985 955382 203577 846039 662282 134961 816428 787536 281039 1128388 453677 667231 726671 237842 285689 850055 615919 284217 728253 667462 544937 580843 861312 769965 437736 308621 362766 222543 966657 601708 798822 139975 1 648290 631802 669438 305077 880140 457738 206774 699985 213046 83753 761202
 719141 708636 1070417 568904 349382 980696 155545 856120 908943 916388 236736 632287 205326 659190 890268 821506 844391 276920 479272 743991 594384 94548 693935 659146 659001 734920 142663 837279 766005 694208 161342 755508 395170 741075 252079 844290 222277 711915 841722 521044 124842 765982 1108021 634955 775115 759143 665005 49776 898309 717330 685725 932672 138721 647878 557131 866001 270059 88630 743863 474576 260163 343611 351113 528843 657614 491096 741124 508358 648290 1 843828 391490 590322 793908 290704 538353 303210 846928 634659 991829
 356314 215191 229921 566423 720913 201082 996688 490749 144913 362873 1041953 755735 915472 282697 213559 63471 219816 570555 562636 536503 251158 924328 652480 434869 199483 164278 739751 447870 83126 347197 686643 94101 450986 160604 822730 353312 623097 560936 750100 593451 941487 725378 264749 408852 391179 785519 204110 890258 95749 406024 346662 234958 717668 349716 420920 35704 577608 841930 398380 546829 822750 698868 814367 463363 629088 386179 317489 631994 631802 843828 1 529830 351838 378868 874856 471263 636683 766052 548495 152088
