NAME : domp30p10v10
COMMENT : Cherkesly, Contardo & Gruson 2022
TYPE : DOMP
DIMENSION : 30
DISPLAY_DATA_TYPE : NO_DISPLAY
OPEN_FACILITIES : 10
COST_SECTION
 1 715549 432146 581593 411332 428897 395220 411022 168577 330492 687797 468900 730924 499363 314848 313167 674094 613420 439385 689222 753205 847499 371499 301570 730116 327993 83096 806270 417112 500921
 715549 1 287718 582483 684345 385014 754462 304564 563424 396039 172124 453083 320820 484966 608988 567147 551642 629643 656428 367351 183499 396420 961032 863241 115758 462475 672380 206661 452721 503074
 432146 287718 1 503007 445350 236951 503399 46323 275823 108638 312769 259724 421777 305871 347592 360275 529774 477510 495339 349949 373052 478598 716845 620639 328853 193832 384919 422566 228780 322248
 581593 582483 503007 1 867951 266764 895731 458754 560791 522762 427508 749807 334365 797063 749693 268920 110108 967285 177299 840738 464634 940028 565936 488609 500350 628368 612312 500148 706380 811225
 411332 684345 445350 867951 1 622693 79774 467503 319223 365821 755271 238071 865780 223624 118702 625420 928427 231357 780088 448137 812034 601214 779996 712800 759265 256739 330889 858259 231837 209871
 428897 385014 236951 266764 622693 1 661696 192138 343531 262757 286297 484428 302265 531681 507618 186969 307267 702754 277998 581040 348098 693621 587339 490660 347032 372005 426295 399451 443004 546342
 395220 754462 503399 895731 79774 661696 1 520591 336128 414450 815814 314601 919260 302864 157540 642594 963395 299185 794028 527906 874498 680705 754029 694604 824330 310132 321170 922116 302439 289462
 411022 304564 46323 458754 467503 192138 520591 1 264065 108918 303374 297290 398897 344161 363225 315678 489469 516033 449144 396202 366538 523053 679587 582729 329551 211292 371412 417938 261451 359843
 168577 563424 275823 560791 319223 343531 336128 264065 1 168695 560988 310185 630793 346002 202359 307463 633830 481884 461156 522708 625761 679833 516714 432408 593058 162556 109209 678174 256649 350715
 330492 396039 108638 522762 365821 262757 414450 108918 168695 1 411963 232087 505225 278611 256934 326394 569913 445858 476968 392849 474613 539756 641258 548041 434651 110213 277874 525528 184690 291216
 687797 172124 312769 427508 755271 286297 815814 303374 560988 411963 1 545616 150745 585836 660359 471986 384189 747287 528744 517534 65433 566253 872350 776256 72844 506601 663589 118487 529040 603910
 468900 453083 259724 749807 238071 484428 314601 297290 310185 232087 545616 1 672753 47266 201539 555829 786614 218817 708365 234362 596461 395877 826871 741251 538162 151429 390455 638766 54031 62601
 730924 320820 421777 334365 865780 302265 919260 398897 630793 505225 150745 672753 1 715770 761758 463914 262762 882262 474313 666036 150958 716521 850327 759191 209495 610150 723199 171989 648924 733431
 499363 484966 305871 797063 223624 531681 302864 344161 346002 278611 585836 47266 715770 1 212210 601012 833587 171883 754165 227922 634798 386411 862098 778336 574857 192346 418904 675618 96239 18244
 314848 608988 347592 749693 118702 507618 157540 363225 202359 256934 660359 201539 761758 212210 1 507158 811993 298910 662188 435085 720078 595997 686305 612467 672104 153764 231818 768610 169348 206985
 313167 567147 360275 268920 625420 186969 642594 315678 307463 326394 471986 555829 463914 601012 507158 1 361886 761184 156042 706765 532165 838687 400537 304279 533969 412865 345122 582305 504940 611717
 674094 551642 529774 110108 928427 307267 963395 489469 633830 569913 384189 786614 262762 833587 811993 361886 1 1005422 287186 847865 407817 930616 675983 598443 455010 679267 696779 434631 748015 849083
 613420 629643 477510 967285 231357 702754 299185 516033 481884 445858 747287 218817 882262 171883 298910 761184 1005422 1 916232 298784 791961 421643 984578 908228 728929 348384 530325 829160 261232 156474
 439385 656428 495339 177299 780088 277998 794028 449144 461156 476968 528744 708365 474313 754165 662188 156042 287186 916232 1 845272 579472 967638 390380 311311 598714 567861 486244 623476 658459 765476
 689222 367351 349949 840738 448137 581040 527906 396202 522708 392849 517534 234362 666036 227922 435085 706765 847865 298784 845272 1 547011 161668 1030453 939150 479496 361230 615310 574009 277957 239199
 753205 183499 373052 464634 812034 348098 874498 366538 625761 474613 65433 596461 150958 634798 720078 532165 407817 791961 579472 547011 1 578126 931752 836277 67947 566525 728787 53066 583466 653001
 847499 396420 478598 940028 601214 693621 680705 523053 679833 539756 566253 395877 716521 386411 595997 838687 930616 421643 967638 161668 578126 1 1180910 1087722 511387 519983 775140 591441 439384 395912
 371499 961032 716845 565936 779996 587339 754029 679587 516714 641258 872350 826871 850327 862098 686305 400537 675983 984578 390380 1030453 931752 1180910 1 97805 934354 677543 454487 981064 773206 865723
 301570 863241 620639 488609 712800 490660 694604 582729 432408 548041 776256 741251 759191 778336 612467 304279 598443 908228 311311 939150 836277 1087722 97805 1 837532 590599 382456 886054 687299 783072
 730116 115758 328853 500350 759265 347032 824330 329551 593058 434651 72844 538162 209495 574857 672104 533969 455010 728929 598714 479496 67947 511387 934354 837532 1 519668 698964 100765 528711 593098
 327993 462475 193832 628368 256739 372005 310132 211292 162556 110213 506601 151429 610150 192346 153764 412865 679267 348384 567861 361230 566525 519983 677543 590599 519668 1 255604 615390 97460 200826
 83096 672380 384919 612312 330889 426295 321170 371412 109209 277874 663589 390455 723199 418904 231818 345122 696779 530325 486244 615310 728787 775140 454487 382456 698964 255604 1 781554 339920 419701
 806270 206661 422566 500148 858259 399451 922116 417938 678174 525528 118487 638766 171989 675618 768610 582305 434631 829160 623476 574009 53066 591441 981064 886054 100765 615390 781554 1 628375 693860
 417112 452721 228780 706380 231837 443004 302439 261451 256649 184690 529040 54031 648924 96239 169348 504940 748015 261232 658459 277957 583466 439384 773206 687299 528711 97460 339920 628375 1 107065
 500921 503074 322248 811225 209871 546342 289462 359843 350715 291216 603910 62601 733431 18244 206985 611717 849083 156474 765476 239199 653001 395912 865723 783072 593098 200826 419701 693860 107065 1
LAMBDA_SECTION
1 899
2 799
3 787
4 327
5 677
6 544
7 330
8 408
9 204
10 78
11 186
12 61
13 247
14 898
15 977
16 710
17 464
18 28
19 704
20 37
21 806
22 974
23 362
24 250
25 666
26 992
27 752
28 593
29 95
30 909
