NAME : domp200p66v10
COMMENT : Cherkesly, Contardo & Gruson 2022
TYPE : DOMP
DIMENSION : 200
DISPLAY_DATA_TYPE : NO_DISPLAY
OPEN_FACILITIES : 66
COST_SECTION
 1 852945 380456 378928 445779 846423 127587 328711 99648 249320 49507 364673 233779 719001 399119 822027 372620 183662 452660 278762 445983 370265 436564 247000 796847 678279 419293 488025 75628 389460 378761 161838 625221 317827 305545 266981 170272 277267 692443 151527 745027 212730 677253 280618 5865 430782 480168 784906 103376 429208 561378 453110 436700 249222 529330 260782 408556 93290 530640 524842 535694 357588 443773 897228 592380 430274 116228 230462 260399 334393 357905 485986 313904 152184 675851 439210 48497 737268 374222 378716 89799 439623 470313 723816 170007 335734 289830 211500 744268 922991 464628 386921 439029 415614 11784 509359 403221 351695 431924 433949 506117 477064 260726 526165 454222 325745 369395 645587 301970 826335 402202 527783 393166 692586 700659 756771 603258 366030 683306 628525 247243 602968 743567 350225 474014 400217 283360 398670 435122 854654 318679 432421 250154 472774 675233 816567 471277 337800 500713 486555 728115 429477 739802 397615 216357 187775 292157 373533 787771 703787 556786 556291 420170 587715 748369 734034 523011 76338 369492 796348 404223 228980 486721 660124 491756 640835 487692 612310 215708 573434 627259 460098 449286 834578 580699 797109 549189 178431 547955 40719 662337 612443 206191 576718 337345 618584 300149 254143 130800 504028 676271 525327 462430 700719 428548 738422 633982 491642 593411 781921
 852945 1 1086084 839554 1200103 845864 875325 613954 905661 1092693 847931 1107591 629300 613297 499151 150581 1163327 1035483 411053 846760 525403 487492 555086 803416 811275 174685 810496 1123569 902023 578869 779195 726615 364272 581563 705507 772952 1017304 848360 396401 1003786 748537 1057434 982874 634234 857858 1192799 805450 258509 794422 638609 291674 869204 677649 958796 418542 747596 700406 818490 829576 723986 364206 575447 1236766 113435 614715 816498 969172 725641 693180 588150 885383 366961 1086025 838647 233604 667313 889181 895265 488457 884930 839843 630410 867268 139843 697058 1085528 1033829 672487 140158 101456 449758 903643 1153388 771191 862209 804639 1115782 1050174 492390 604101 583567 1130866 1086118 419987 637520 697046 495472 272853 580967 217630 454669 512785 1068520 169917 506058 229174 268431 581256 558737 452231 842788 314596 139891 789477 1028869 551700 714455 534224 1248826 70719 1128594 1172374 912406 508170 767539 145692 418185 1171241 1309525 575126 572550 464513 123748 1056650 697403 786553 869416 624797 859394 391824 802860 405203 1098025 268981 272258 704205 600498 804748 766196 57272 1079840 980568 375653 272316 748822 933860 655359 314960 751203 981973 976333 848974 591708 23334 428001 758309 600392 676592 983386 818039 479195 659226 801704 926391 905599 498432 947762 910297 731931 355220 251772 924813 671225 894420 864237 666650 289001 535921 271866 210364
 380456 1086084 1 279343 121345 724741 491271 690233 442180 263909 341494 53107 565782 710486 729713 1007711 142240 357456 745923 651667 570895 619799 795000 625840 686805 920683 797750 121035 416074 749084 758715 530150 764084 663501 683395 647338 384037 649869 795780 320835 664466 400974 452036 640082 381004 121185 859430 933822 350727 802550 816351 826486 814199 581843 859157 640884 787478 332582 909197 473410 723737 711249 187530 1095024 597913 808412 341005 607774 634168 498314 725392 745244 102875 278609 964653 815848 395364 573678 678637 235088 316543 487371 844424 946423 435577 66625 92384 567922 953868 1130023 637770 751985 68325 361459 369665 402081 29722 36269 595075 505113 873525 103041 208628 678468 489322 392460 603654 827544 515081 986991 691433 616890 39146 952472 748617 922368 882827 723154 706177 718389 244144 908038 953651 729700 179015 753325 371650 552833 229016 1065209 171794 89528 177611 593610 581867 1004666 784121 241201 264571 551890 740110 621760 994658 59244 402084 313131 218217 467780 650800 807124 444998 885952 46184 822556 897360 677095 556348 360786 342535 1029636 40245 151504 773167 960721 872185 441641 863591 919680 341746 332280 398044 835912 816164 1064135 700442 714929 574262 506443 302262 381201 730035 587653 292108 376443 699257 685650 138396 178598 486600 783411 855955 323714 839571 533159 288488 701527 935775 849866 868612 950510
 378928 839554 279343 1 400549 491497 505339 581162 476146 441889 329900 320224 443735 435253 576609 745673 403335 478767 557658 641736 314167 419690 669256 598666 446028 685395 761257 285867 449228 629896 714222 460673 496990 536586 612864 606006 489852 640755 520270 429519 408865 525446 300330 535172 383313 400152 815121 663790 286161 705886 594979 807234 730580 627964 691933 588461 712891 287408 867111 198867 476329 587753 463021 834665 319048 772988 423848 544490 556744 275925 723734 533238 331338 227491 755045 728646 420689 364137 508585 46842 289351 215540 822354 700392 310984 310627 275190 472541 702063 871977 392607 754010 337828 82117 374384 144432 306187 249436 351168 238039 757338 296009 399038 420772 214329 154559 396919 570915 317550 718524 507257 344974 249687 725038 469278 656839 672002 603125 427346 442655 133580 714398 702048 691081 190515 624031 162155 311838 496935 810077 402092 368162 169442 332691 328656 743473 607747 470478 541139 278748 462554 387969 762334 232937 241616 198906 99346 217041 424677 531386 193552 716423 274667 589469 628253 413013 277990 312305 73406 785076 258786 261315 576705 760117 808243 262001 770333 727134 190656 209275 253325 808679 703365 816722 431368 461683 295091 398339 190917 351219 451590 312223 175460 199360 708417 407794 160676 163975 412900 580821 597190 152280 752649 325695 51422 432195 737647 718974 655880 685009
 445779 1200103 121345 400549 1 832057 538951 770101 486406 259238 415687 92959 654345 829938 821703 1125818 90432 370508 847310 698262 689439 726483 877128 680376 796675 1032486 848648 180193 463561 830332 813972 604874 883722 749715 750833 706023 401583 696234 916817 347259 778560 405990 546195 720478 444865 18368 911419 1053793 439632 874955 925390 869734 881801 609074 952729 703856 852692 418469 958994 593247 839575 794930 81753 1212573 718754 858552 376952 676121 706008 612037 765295 852727 132119 374553 1069222 884650 448574 677336 776547 355883 399532 608270 888227 1060817 531917 118073 170921 648600 1069659 1246929 753770 789304 72283 482659 434146 519654 94811 154071 711218 625446 950754 156067 211315 796607 610497 510627 712152 944879 623741 1106579 792764 737571 152939 1062025 869812 1041410 988472 805411 826959 839488 357638 1008637 1069393 783839 277652 837615 487111 668905 134095 1181513 150769 33094 287699 712702 696119 1122582 881599 196407 150539 672815 860336 735674 1105271 172048 508262 417972 336905 586315 757191 928188 560789 979793 135187 934450 1017185 793401 677692 443928 463699 1143330 146228 231949 876290 1062763 931168 543135 933261 1019831 450432 430084 494359 882008 893595 1178456 820552 827988 695555 594120 401440 456156 851378 707390 399890 481447 735874 806969 256064 289846 565529 888000 973668 432010 907641 637434 407463 819210 1037356 932397 974907 1069501
 846423 845864 724741 491497 832057 1 964062 933440 946052 931609 801025 775852 814336 237612 872328 700241 865469 968773 798969 1072539 501492 688451 983719 1022449 51257 770625 1159394 660829 921330 960393 1110474 875092 514636 877634 999212 1018298 977643 1072205 454346 919396 117840 1014881 305191 901620 851675 838805 1200826 589664 743948 1050472 749336 1215559 1086307 1091041 937771 994357 1080661 753649 1250030 322449 597102 921447 909181 777403 304322 1170873 910494 948365 946114 579619 1152443 732227 804486 705113 897117 1080672 892917 158827 796977 517189 762028 432966 1227065 742542 721353 776133 753327 862397 719714 819305 566119 1182756 759932 433632 844841 347272 742843 706742 554184 453056 1069655 682917 885829 530867 415123 526386 663181 611309 639640 639317 772165 432918 686404 824700 343782 616845 831173 937914 298171 421047 619072 903291 720588 1095004 554588 942619 566857 549381 953623 784920 878996 799736 660616 489216 171486 703386 857115 950021 982577 420132 274730 597333 837473 666091 649048 659114 590794 504974 75402 456823 298021 952960 697754 711776 573682 154126 370296 771589 478714 811256 689804 750625 795799 923116 1175338 292233 1109619 915554 631587 405887 347029 1210235 1028736 824302 474481 88291 347910 795377 432527 811203 380413 262321 643640 350642 1145578 381852 643173 655115 834344 785484 616842 401185 1101674 196341 455512 184071 911285 1017304 814602 636080
 127587 875325 491271 505339 538951 964062 1 288764 53317 303078 177080 467379 249095 821886 387148 865933 456523 198871 464434 160680 532848 417650 390751 143248 913824 703374 309789 604660 75823 345846 275760 149321 694952 300683 231861 172840 169289 158810 769722 198102 859104 199129 804418 251076 123972 522275 372493 843816 222395 359473 586978 335225 356020 127085 507207 178542 323884 218009 420545 641616 593707 325289 521127 933719 697380 319852 163617 169304 205681 422237 235083 515236 411378 279547 675425 360970 96661 860622 386977 506249 217144 545457 353218 756107 254746 438825 398920 202838 781404 954835 534210 262922 544021 537503 134287 632423 510955 465968 508194 535393 443425 591589 334203 597862 561406 438440 424517 698866 377142 879548 422107 617985 508794 707992 792143 810866 612296 328192 781101 712649 374534 595588 780525 245349 598830 364208 397305 481470 500961 887146 396892 531029 376008 558474 792577 859715 467288 394735 565673 585288 826603 495380 755734 515476 319176 310357 419738 475459 907989 780563 678970 532676 533782 621705 808724 844878 626178 194964 491234 820678 519150 342598 499848 652860 394188 767338 409493 602810 333202 701016 754689 345203 390359 859260 659010 910324 652546 215921 675466 155148 750615 721921 330968 703744 211755 709093 424686 380237 157916 520106 728795 652709 381823 824818 555385 845871 627201 442566 605631 833892
 328711 613954 690233 581162 770101 933440 288764 1 333392 571770 354414 684093 137447 737152 115927 634931 700700 480988 215936 233102 435305 254017 107856 189971 882509 451966 239357 782449 341681 60753 193823 166874 527796 56616 94181 159003 454341 234630 613728 466863 816910 487332 865344 50158 330923 756084 270056 641195 340658 125101 344885 301075 154823 348213 219755 133945 147376 357687 317483 632724 412572 38980 772390 688850 632172 249613 429078 120642 84472 357519 281244 288589 638112 415799 397115 150789 342219 873109 160066 604744 374008 505429 307911 512221 273601 655629 605614 122335 543590 703012 390699 304798 754328 571275 340476 661693 716346 657137 387431 482049 183745 776692 588913 448073 523456 447948 276278 495542 297237 664093 198011 514867 693970 444052 672927 600809 345524 39464 682500 580126 486189 314167 542478 191409 737572 75480 423225 384827 763088 638171 647389 753589 527397 452496 771652 627748 195805 662824 828752 513842 726440 351658 490624 693072 339547 401650 534072 437148 895588 622387 697102 244538 723767 390033 611216 789245 563431 329539 531807 563254 705958 542588 248186 370217 242127 818514 189412 319800 394353 789813 826420 289350 126650 601059 517300 860726 586862 188907 772011 313955 625839 671341 427958 768453 296056 595092 579379 529101 204765 270432 521440 730262 173916 845822 630784 776305 345404 162964 343042 618514
 99648 905661 442180 476146 486406 946052 53317 333392 1 250119 146798 416400 276373 815282 425619 888418 403434 148591 496432 212073 534894 436481 437748 196559 896437 732268 362266 557305 27930 391997 328961 180957 706025 339448 282734 225782 120957 210095 777417 144850 844271 155484 772563 292334 94493 469601 425083 860117 202498 410627 615174 385430 408508 152806 549366 230127 376649 192787 472647 624359 609529 368509 467814 959174 689212 372147 110378 216526 252330 423117 283259 541704 359738 248655 712382 413218 55648 836219 417861 472930 187183 536453 403651 782639 254728 388043 349821 236355 806238 982033 544653 309874 493252 515101 102210 608528 460928 418180 515379 529187 493855 543405 280934 607656 551521 424322 440325 717107 383740 898332 451010 618570 461345 740158 792424 829116 646104 372814 777666 716743 343226 634222 805422 298496 557101 408764 382134 485315 447867 913964 343660 479162 336784 561239 774832 882478 504178 341926 512696 580886 822807 507221 787889 469010 310934 287366 386069 468747 887355 788531 656149 575350 485450 647090 824315 832641 619103 175034 469027 850209 471372 295504 531686 691701 447483 737517 461868 642071 315029 665858 721639 396388 439920 888770 665884 896227 645397 233913 639389 136287 752590 710625 305196 672512 257403 709752 383439 341351 175848 551121 747449 620091 434370 799375 524993 836157 665803 490545 638396 853078
 249320 1092693 263909 441889 259238 931609 303078 571770 250119 1 245080 218523 482859 861286 648300 1048426 169191 113757 699791 454729 637149 605404 678974 445956 887325 918355 606103 383804 233857 632153 576578 406813 830666 566049 531425 475867 145983 452534 885572 106117 850318 146761 692171 525799 245694 240994 668946 998204 299823 659238 802730 620481 658519 353523 778079 479684 626765 275965 713933 634056 756580 603322 222882 1128226 735974 615135 143368 461618 495864 533956 514968 727019 161233 274439 923974 663059 229602 793943 621998 414634 254956 593398 639175 959539 395917 197432 190693 459273 976695 1156838 677106 536986 290013 511604 238305 585985 269592 257891 638630 598899 741134 363382 55281 733235 602926 474946 599594 867473 519964 1044550 648008 707873 297466 936526 869580 975440 849782 610327 839696 813661 327810 852080 976121 545903 429611 645449 436467 599368 198018 1088750 108559 262710 272821 663866 770535 1043640 720430 92007 262597 652887 880892 647576 983191 313422 409922 333926 344134 543849 862235 897259 634744 804946 309682 824528 960938 851750 676243 287946 473580 1035604 302879 181002 733200 909132 695697 671241 711788 861530 373547 572896 637449 634782 685937 1073321 776739 903278 700020 426073 542822 278044 838899 741610 332111 602917 483767 793090 289766 278210 380038 749534 898094 546919 684408 753575 476261 866891 882997 733258 839162 1002086
 49507 847931 341494 329900 415687 801025 177080 354414 146798 245080 1 330548 244796 680449 413122 808465 348510 201800 456352 326167 416805 361117 461546 291872 751794 673467 463725 445078 120760 414687 421738 189963 602059 336278 341917 309387 195734 324760 665470 160680 701345 238153 627847 304838 53514 401751 523763 765299 65319 461993 557672 499718 472717 298064 544503 300587 446106 48245 574734 480374 518624 379887 421633 886288 553323 474899 132068 266294 293119 306713 406077 481959 283726 102781 681137 474460 92149 689439 379518 329210 40549 401073 516650 715691 152635 301856 253172 233150 734004 913802 443357 435345 402770 368865 44608 461851 365794 310961 408048 397679 535634 435333 245821 503099 414874 284594 356777 629383 281819 808887 403833 496131 351284 691522 667321 739368 605638 389940 647192 598909 197835 611688 733381 393958 426394 422658 242009 372212 418644 845565 298936 399650 202265 443821 630177 803349 480693 327975 483568 451158 691517 410507 738130 354383 183853 141985 242658 337707 741290 676967 509640 571634 379275 580228 728370 691835 485193 44610 322958 790911 362678 190655 489210 668182 532311 591686 522375 621723 173201 523962 577773 505843 478352 828754 554081 753730 511127 185437 498564 40507 630637 571199 158540 527370 386248 586127 253082 206044 149984 505037 660122 475855 498126 652582 379301 697750 642126 516824 594658 765250
 364673 1107591 53107 320224 92959 775852 467379 684093 416400 218523 330548 1 565048 754430 731619 1035021 89794 318770 755043 628003 599309 633570 790425 605781 737187 939655 776451 166280 391573 743895 739383 520507 794514 661357 670090 629385 347174 626096 830441 286390 713064 360229 505095 634167 364425 85504 838765 964912 349589 792226 832431 801828 801255 549895 862311 625095 773216 329207 887612 517227 747724 707533 142833 1121383 639182 786787 310650 594756 623172 519691 699049 759795 59414 282578 976562 803555 373412 625729 684909 278079 311070 521889 820045 968423 440304 28948 79470 562013 977689 1155382 662041 724638 77015 401895 353333 448867 51087 71502 619587 537658 866083 145076 163713 706034 525244 420529 619193 853676 530788 1017157 700478 650331 92168 969068 788142 951428 895683 718554 747453 753459 265736 916583 977406 709760 232120 750062 395510 577284 179470 1089711 120536 69940 195310 623056 630508 1031653 790136 188722 221005 586380 782693 643286 1012344 112040 415322 325046 248149 496348 702212 841912 493019 889320 94341 841644 928120 724280 594203 355687 378896 1050761 92795 142096 783768 970469 854902 494167 851848 927868 357523 385263 451047 812522 808763 1086017 732076 763991 613295 504965 355200 370999 767472 631363 306965 428552 671466 722538 167435 197695 479348 795297 882678 375265 826922 585146 334369 747534 945133 845612 882060 979455
 233779 629300 565782 443735 654345 814336 249095 137447 276373 482859 244796 565048 1 632847 168452 617115 592212 410248 221380 277388 328618 174955 232585 224842 763105 455972 345070 651800 273502 189265 296141 100251 460272 98457 185051 210995 389687 277823 540915 384282 699756 428892 729779 92699 237768 641675 388813 599596 215669 262217 338995 401719 288715 351348 299918 184558 274749 235948 439429 504829 352147 148431 665836 684734 519160 356572 347559 140675 132083 234798 349559 266327 523957 287628 442547 285989 263230 743979 142452 467550 254903 381855 412806 507358 137542 537371 485645 55183 532319 706432 305116 378483 631777 436035 244596 527992 593106 531442 289347 361430 317297 647534 489831 368106 399853 313301 187715 453218 175313 632768 174638 413286 566120 464439 582006 564739 371995 162383 582753 493956 351244 369230 531443 281498 602056 189005 286583 275443 663314 638554 543724 634985 396942 350124 648414 610824 237572 570025 728336 400001 628038 264520 512102 563657 202127 266947 398492 310867 771685 550976 565337 327061 596465 372638 565544 675727 448068 210818 395534 573853 578251 423034 256300 426349 371294 683612 326647 378697 257348 652491 689906 395901 261551 612419 434581 746224 473024 60252 634569 206857 536723 554500 292985 632152 351339 500320 448080 398152 104648 275161 482597 593145 309743 715033 493459 667142 400208 286242 363319 586900
 719001 613297 710486 435253 829938 237612 821886 737152 815282 861286 680449 754430 632847 1 661655 471618 838572 871195 578966 905657 304492 484007 773228 853554 198584 533083 972353 684931 794187 755577 924180 709267 277689 680536 812994 843382 872595 905729 218138 823106 135668 913574 411155 712371 724744 831590 1007207 361871 616706 846576 516841 1031677 884902 947367 713080 817332 883753 632434 1054014 237227 367365 719478 896798 553604 127335 983367 805392 772696 763845 404845 981444 507359 766090 599920 660728 878198 767464 292703 588792 476362 646201 279493 1041126 505484 567626 745844 709337 685511 483768 595787 351071 1010823 762438 355638 720463 312436 735208 683087 349727 286568 855717 702321 825084 305555 265668 396869 460918 373766 459889 415043 559386 222289 677004 587208 107450 384365 597076 735486 61743 185405 533486 670891 484591 912822 572636 735000 439219 357439 932097 555414 835277 796941 593333 284984 175460 473948 636043 901705 974609 237410 43908 387395 599996 658151 504457 543974 523016 346797 246500 221687 278686 726187 697421 476998 341610 91199 196182 642862 388728 576065 684203 686915 571451 687850 975248 370924 902152 682853 508255 459409 425618 1023275 819706 591188 243027 149520 169891 627199 475037 679685 143013 123092 536933 394749 980040 150811 595114 588364 675336 558990 379409 422276 897529 302656 422478 53874 677116 801404 580818 405711
 399119 499151 729713 576609 821703 872328 387148 115927 425619 648300 413122 731619 168452 661655 1 519923 760631 568383 103059 348857 371380 184934 111746 304322 822368 336040 342022 809370 428613 99976 300662 245950 430132 86479 209678 274475 544710 350343 517180 547087 754551 581087 841134 137380 402618 809359 360415 531030 382136 188562 230207 404358 229363 460244 131472 248632 236773 403331 401768 590759 314830 79143 834286 572926 568019 351008 509643 227720 194253 319106 395628 180071 691876 451191 288490 221282 423175 829718 76034 607621 422772 459673 408378 396452 294589 704285 652149 190933 428192 587271 310610 417882 796574 550523 410349 633353 757658 694694 318145 432767 197808 806988 657566 360736 477062 429061 210964 387405 264144 551177 102446 442213 727385 329278 587149 489451 230965 89484 603755 492805 504044 208676 427062 303099 749715 75155 414459 327127 831383 522271 712050 801527 556863 383299 718751 512660 81570 736738 896522 454283 645763 275812 376266 723317 343189 422282 548530 399100 842131 524907 662518 158616 758063 276766 502617 722754 504021 378991 517009 447797 739579 589935 133221 266114 319198 791997 240674 216474 404350 779424 807817 389369 158061 485760 429290 794465 524879 228484 765460 374713 539625 611045 446991 749224 411683 513994 606349 557450 268320 155453 411748 717825 238224 806552 622736 705115 240282 148531 227620 505936
 822027 150581 1007711 745673 1125818 700241 865933 634931 888418 1048426 808465 1035021 617115 471618 519923 1 1098906 1005468 419307 865265 436859 452765 599783 817298 667819 193083 855092 1031509 880222 612832 817628 717349 250066 592132 729103 790567 991399 866538 259999 968577 607283 1033206 856676 643838 827425 1120470 860782 110580 749085 686712 290059 916472 728046 963992 474423 763461 745267 772715 892102 607494 292381 599065 1170463 89623 488760 862738 936655 733800 705531 520595 915550 353587 1020591 781561 315415 718137 863267 759348 487286 792255 793552 530716 917526 128705 655965 1015470 965669 667072 92937 129691 375420 937518 1073147 671182 829881 691298 1037046 972719 416936 507735 647305 1041321 1034571 329270 534529 615347 452724 182371 528476 67512 449058 404112 985990 227965 365763 92653 310269 608556 420510 325763 769736 379251 94187 822485 930540 585132 639912 458917 1188340 84787 1070673 1096219 840705 414899 633270 7908 446118 1120153 1245919 469881 429503 401318 203545 972187 640556 725203 789531 539935 718057 253433 683229 469057 1014188 247113 131964 562812 486452 763975 673632 136266 996672 917606 386825 355615 808484 809181 716001 384561 687145 867554 855257 898623 642475 132294 316484 613441 481695 654517 872220 783935 344943 530334 736245 808740 930901 371268 870004 837851 712653 364568 152576 813479 726787 761863 763651 524103 362965 593969 304998 66923
 372620 1163327 142240 403335 90432 865469 456523 700700 403434 169191 348510 89794 592212 838572 760631 1098906 1 281431 794846 614233 666761 681360 808422 599175 826490 992500 765285 243523 382072 761361 732263 534054 863299 684786 674671 626268 312927 612145 904255 261295 801259 315841 593926 651846 370966 72081 828187 1033914 382147 800538 881781 784052 804936 520813 892102 625955 774864 359322 874917 601778 808482 727833 74403 1183746 720925 774907 293137 601023 632464 579158 679104 807485 78385 325853 1018990 808350 369616 715520 721152 363257 338918 597041 802638 1025361 478480 92751 134879 580919 1037084 1216297 723778 702421 135609 483931 360841 536045 131215 159343 681985 610479 878624 220085 123763 771683 601900 489535 669621 916686 582609 1084829 740699 723453 181362 1018388 867644 1017873 939966 737277 828922 828022 331412 954303 1036712 701872 320726 770619 460061 640002 93875 1149646 61387 99838 260783 691587 718786 1095119 824943 110100 147018 661069 865436 701586 1063030 201472 466051 376842 322883 564953 791928 915841 581007 919246 178546 895175 996816 811375 672552 381887 457269 1106160 180617 182762 825519 1009691 850372 583827 857156 964978 413131 474385 540102 797067 821879 1142349 802629 852485 692813 532161 444428 388260 844709 715513 363179 518335 649011 799302 244893 264403 497878 838848 946336 465035 830875 674940 421257 833602 983909 863635 927293 1045660
 183662 1035483 357456 478767 370508 968773 198871 480988 148591 113757 201800 318770 410248 871195 568383 1005468 281431 1 631480 343585 618043 553927 586083 339011 921788 860924 494580 478398 140077 540102 467038 322497 803729 483193 430622 370591 32433 341340 867051 49383 877820 47411 754435 438289 178419 352482 557252 966052 266418 558329 743809 507170 554227 239836 694761 377413 521616 245751 601428 656772 717950 515241 336525 1080889 743946 503309 69793 365082 400767 508435 401579 668689 259380 271476 852012 559465 147049 841564 552574 461196 228460 594081 525883 907267 350986 293754 271674 377481 927921 1106534 644492 423297 394033 537147 175589 621852 368666 343373 609732 593919 642062 460100 159616 704714 606336 474891 552750 828261 482262 1008608 582710 696010 386034 873489 865395 939034 782192 520300 842115 799687 349951 776034 927218 436351 506648 556129 433087 573994 308911 1038200 220110 370844 313647 645084 801593 1000061 644817 201102 371938 648006 885548 610702 920947 398989 384883 327547 379790 534992 903311 878573 671106 721087 403548 771135 929261 873534 678550 245864 494258 979085 393561 237529 666162 833529 586249 727361 607806 784509 364706 638556 700520 521878 588422 1017411 755772 930882 703877 359087 609430 221648 830153 756730 334732 659334 370130 785182 346170 319109 305669 684330 858982 603765 579906 802203 520729 883690 807464 639076 773181 964493
 452660 411053 745923 557658 847310 798969 464434 215936 496432 699791 456352 755043 221380 578966 103059 419307 794846 631480 1 446231 306561 138320 203523 399129 750244 241176 444927 812822 494754 201844 403707 316222 333195 173860 310089 371508 611044 447554 420258 604060 681350 650019 798966 226329 457047 836686 461284 427984 412974 287112 129360 507235 328720 550288 142936 344622 338669 436277 500726 537910 219663 181307 869230 476522 496196 453784 567857 317522 287357 283926 497098 78863 721728 472799 224926 319996 484432 771334 78931 594296 457221 407821 510924 298602 316509 729271 676394 261650 328602 493812 233003 520063 814054 517941 462924 591501 774979 709923 251356 378848 278849 813511 701634 273681 423887 403793 162638 284847 241358 448562 54574 366067 738201 243812 497307 386423 150754 192492 519178 402914 507848 162164 327529 405598 741088 175411 399381 271651 872367 427292 751440 824097 568791 312693 653864 412205 58357 784326 936238 389798 559209 205490 291566 731382 344965 432805 547513 357745 775241 427328 614469 163571 769060 174223 399800 646568 437996 416598 491085 357028 750331 616548 35416 215456 417144 748572 333045 174007 406755 750295 771017 491895 250746 395540 339912 717716 455967 274261 739965 421750 449980 541685 454668 712887 511661 428818 614456 568375 325820 56433 308786 688086 334742 751954 599227 625358 190101 223395 142032 403175
 278762 846760 651667 641736 698262 1072539 160680 233102 212073 454729 326167 628003 277388 905657 348857 865265 614233 343585 446231 1 603285 448783 306758 52563 1021445 684741 151422 763983 236440 271959 125523 197914 734609 273272 141885 74724 311409 2367 816945 353289 961677 328870 941946 222476 276570 681319 214325 863660 356224 246544 575579 175076 228365 132859 441730 101915 194226 358963 260771 753056 623048 271347 676319 921500 787423 160740 321427 138083 160575 501538 82078 513956 571727 424231 626154 236121 256358 983616 380178 649121 363546 641673 192817 744315 351811 599481 559372 222536 774831 936094 582154 112529 704686 661352 287772 757255 671599 625747 566441 625638 331474 751474 490877 644713 659055 549478 464147 716621 445850 890732 419154 688804 668302 676922 859034 825349 578382 265902 857779 771343 516894 542152 773756 95473 752513 297628 512210 549901 652116 871083 553773 691223 528415 625954 902491 858248 428807 544487 715505 669528 903298 541512 723249 674260 425681 442836 564460 569330 1022723 826741 800999 463256 693797 618705 831613 941710 715471 331391 615850 796340 678856 502213 479737 596259 243866 901534 280511 546274 456749 844813 894642 184529 288560 834098 711751 1010565 741292 279311 820878 294918 813991 818698 466698 841009 74409 776985 578852 532209 238687 501867 744274 792795 251910 950223 692948 936759 572603 348300 576137 844814
 445983 525403 570895 314167 689439 501492 532848 435305 534894 637149 416805 599309 328618 304492 371380 436859 666761 618043 306561 603285 1 186982 482448 550906 451244 375128 668387 598886 517623 459141 620042 409040 196725 378863 508707 539462 612216 603473 249461 574070 383935 654783 501467 408325 451844 684590 704965 367232 351719 549542 298302 727374 586198 654843 449263 513175 582585 372453 752786 234706 163321 420786 736828 524573 197717 679494 548605 468876 459361 111853 677823 253136 588430 362830 461693 580189 493605 464786 295709 359743 390774 111840 737073 386417 280230 580817 532314 381846 388111 560481 85294 706976 636314 247988 450213 299316 600200 536021 55209 82574 569103 607149 614637 107881 124376 178837 161726 258046 158473 418245 272951 85950 549325 418699 259525 352120 381375 437158 254514 182548 335517 438955 388067 608347 503644 441128 207089 53386 758139 497166 643704 659558 406477 27047 348548 433927 364651 699098 813362 83560 300013 101265 452580 535883 233160 303533 352783 103146 471273 261073 314117 468315 577792 282644 330082 354307 132841 373920 240848 471140 560121 488525 311419 474866 675913 450514 608179 451988 263918 471545 480270 719359 527264 502557 139590 425961 153634 327308 467916 405271 217927 239704 309119 424285 677677 176444 433425 403258 379350 307051 285598 410903 600758 446155 340387 341236 456035 517874 364271 380154
 370265 487492 619799 419690 726483 688451 417650 254017 436481 605404 361117 633570 174955 484007 184934 452765 681360 553927 138320 448783 186982 1 295557 396668 638225 313659 492032 679813 427527 272778 444909 272748 286007 197554 335801 378338 538901 449444 368343 519077 570833 580555 664201 235127 375535 717217 523761 426352 307010 363545 200494 552844 401156 525746 277445 350698 399892 331079 570080 407900 177367 235588 755527 526965 384422 502663 485825 310701 292843 145693 515978 126356 605571 355540 345263 394712 410601 645646 108972 457117 352445 276684 560868 354627 209582 609233 556525 229602 374045 553194 137226 543409 688122 380110 378635 456194 649271 583554 135252 248967 382727 681804 598998 197281 293693 265575 26312 281287 106099 462255 91800 262045 609078 337028 419534 393338 263064 251718 428627 327692 377667 295760 373357 437149 604476 254187 263025 142407 764075 484882 643254 701353 442235 200849 533818 447069 191522 683933 826099 269477 472440 97673 381945 600906 218327 308529 414506 221252 657222 378020 481912 300173 639800 219151 391650 540310 319289 317525 352766 430323 621081 499545 157816 344443 491375 614210 421383 308301 278072 612329 634508 542560 340287 467937 265806 612055 340615 202878 601705 333259 372730 426638 327849 576170 521588 341095 485078 441216 261383 164802 311372 550133 414707 623519 460916 524821 320686 332633 248845 416802
 436564 555086 795000 669256 877128 983719 390751 107856 437748 678974 461546 790425 232585 773228 111746 599783 808422 586083 203523 306758 482448 295557 1 274319 933640 408326 256746 884055 447654 47104 224177 274727 536518 134541 168494 239800 558540 308745 623629 573723 865986 589877 943397 156734 438775 863295 262221 624384 444429 87054 317944 317251 128740 433782 138158 220861 146314 462582 298491 698183 422202 84258 880212 641938 679460 263696 535992 221568 185452 423806 332542 282310 745258 518510 325842 119160 449374 938027 186756 696514 479655 567601 317766 472046 369820 762099 711634 228548 506849 650303 422250 349107 859802 650469 448327 736588 821564 761380 429605 541438 89358 879287 696729 471269 585230 527429 321264 485384 366136 638463 213844 553957 797245 388513 697301 580990 292821 71904 715083 602834 583577 241897 505604 236296 833814 45278 508058 437015 870858 589348 755241 860082 628985 494882 828914 592152 157632 770230 936525 565006 756791 387540 431867 795461 429505 499437 630428 504433 952531 630807 767974 157359 827343 367608 598678 834431 614840 435044 614207 509437 809317 648607 225298 292792 214439 895017 130069 244013 487823 875660 907765 298892 47311 545417 539373 906151 636057 289632 859817 421168 649789 722149 525373 849282 355856 625157 680411 630352 311606 245803 507180 814828 131632 913737 717325 816851 270668 55279 295512 594561
 247000 803416 625840 598666 680376 1022449 143248 189971 196559 445956 291872 605781 224842 853554 304322 817298 599175 339011 399129 52563 550906 396668 274319 1 971297 639048 172301 734998 217150 235268 133703 147361 682603 225360 105827 34910 307907 52987 764683 341326 910996 331511 898312 173477 245713 663994 233593 813285 315166 225830 528243 209662 216257 159944 405101 56047 183042 320317 283699 703890 571466 228877 664328 875390 735816 183281 306718 86161 111822 449768 130007 464901 551245 386060 586536 222265 232482 936063 330851 608390 327115 590874 225840 697694 302956 576957 534140 169973 727496 891124 529693 160399 681744 614799 257096 710592 647291 598152 513881 574329 311500 723743 477292 592332 608359 500988 411754 666177 393680 841313 369693 636367 639967 633508 806481 775452 535064 225521 805415 718797 476780 503077 726447 104004 717285 259235 464620 497521 643947 825504 539879 671045 493371 573481 852808 810377 385298 537342 708463 617695 850914 489055 680303 644615 377355 400031 525001 518514 973598 774526 753610 428003 666568 570355 780906 890479 663911 291738 569672 752042 650908 474864 433210 558339 251199 856933 269866 508029 411430 803774 851957 214199 263086 790062 659271 959590 689653 227955 780621 257506 761428 767610 424644 797518 126812 724456 544751 496849 190326 455186 694114 750429 241620 903247 650039 885059 534021 320494 531926 795345
 796847 811275 686805 446028 796675 51257 913824 882509 896437 887325 751794 737187 763105 198584 822368 667819 826490 921788 750244 1021445 451244 638225 933640 971297 1 729263 1108168 628674 871907 909890 1059245 823946 472512 826769 947999 967063 930008 1021120 416721 872407 69325 967655 284313 850486 802140 802649 1149715 557424 694163 999854 703776 1164305 1035532 1040850 889702 943106 1029689 704256 1198978 272302 550948 870796 872567 747424 254628 1119651 862704 897117 894869 528407 1101285 684502 763612 656694 853703 1029957 843555 137624 746884 473755 713019 381710 1175823 703715 670380 736208 711443 811141 682346 789526 517258 1131588 724860 385478 795456 301599 706041 667306 504283 401866 1019852 650124 842495 483850 363869 475836 612845 570158 588457 608812 722545 384244 648917 783092 305995 582135 786227 887277 257064 378208 571858 857469 683166 1043749 520225 892331 516534 498705 915812 752139 837766 764059 615442 439557 121628 670540 808477 908469 946964 369504 238756 547791 797621 628662 598257 609820 545081 453726 59230 420113 252617 905336 661773 667400 539159 109943 319621 721782 430116 774628 652929 706353 747851 878762 1124464 263800 1059210 869843 581704 375572 320601 1159003 978498 789325 429412 58434 297610 744165 400619 761316 339550 211726 594859 316935 1094541 337377 600059 609963 783328 738021 577292 364677 1051045 169407 412183 144823 866281 967764 769519 602627
 678279 174685 920683 685395 1032486 770625 703374 451966 732268 918355 673467 939655 455972 533083 336040 193083 992500 860924 241176 684741 375128 313659 408326 639048 729263 1 664618 965454 728009 424364 628732 554230 256921 414479 545489 610189 843010 686186 321282 829102 661783 883335 860596 467145 683205 1024461 668341 244444 620651 494963 117256 725530 536032 791437 281341 583879 554388 644717 699094 593907 212452 414586 1066299 236916 501925 671897 794505 558514 527597 422780 729906 192294 915722 666999 138148 526028 714769 791882 316597 729327 666088 485489 725977 64379 523027 916751 864597 500766 101053 252637 292989 750536 988533 623001 687527 668859 950401 884542 334246 457134 454252 971133 912649 278500 495437 537095 323063 159320 410017 240961 281489 382506 905236 54332 428732 199215 117194 422554 472607 351532 676589 188194 99722 635429 875890 396644 550331 374400 1076800 186456 956229 1005617 745125 362697 663871 185276 258180 997584 1138153 437726 498567 300460 77476 894460 526561 616406 706238 468399 769879 321845 674743 276532 935252 98130 232597 619331 471840 630443 612213 118190 916819 809907 206276 174664 615569 810115 522961 194874 582231 844427 846928 707151 450151 156639 308293 682603 477688 502188 842334 643370 390224 549336 632823 793418 747358 394734 782896 743334 557907 184745 157699 784731 534097 784370 714967 586563 176060 400919 112815 202645
 419293 810496 797750 761257 848648 1159394 309789 239357 362266 606103 463725 776451 345070 972353 342022 855092 765285 494580 444927 151422 668387 492032 256746 172301 1108168 664618 1 907299 385469 243720 48954 300699 766640 294943 160318 156398 462295 153594 852837 504584 1044583 477688 1058580 260062 418008 831867 62928 872810 482713 171895 568987 62357 134159 270232 391963 172888 110443 489948 111461 848117 651191 266381 827728 898684 862655 11772 472233 217801 213713 579798 109307 521863 721008 555649 578824 144535 403173 1085488 398647 774422 498047 726856 68868 728012 455108 747738 705847 299068 762256 906659 629176 109216 852769 769451 429390 864215 818792 770357 623263 706415 239184 895988 642092 687290 744833 650416 513059 729382 519975 890947 435647 750393 812245 645056 911532 830758 549543 253250 919173 819138 644142 496040 761037 70574 887938 271059 617745 616275 803332 846074 704982 840732 664471 687414 993198 847544 409396 695623 866497 743475 963595 589632 687807 816905 529524 564519 692822 655557 1116184 861364 904616 406852 838746 617250 844639 1019649 792172 460820 725751 765893 823161 646988 472906 543179 101611 1015251 170917 496616 571267 968747 1014177 51002 218981 801535 756477 1090511 816704 370859 946701 428332 864608 899148 589984 958420 143606 832819 716168 667790 348359 494696 753712 913533 146711 1054823 812642 1009323 523111 277052 551856 846227
 488025 1123569 121035 285867 180193 660829 604660 782449 557305 383804 445078 166280 651800 684931 809370 1031509 243523 478398 812822 763983 598886 679813 884055 734998 628674 965454 907299 1 530492 839413 866449 628778 782526 750253 784893 754252 504652 762287 801449 440970 617641 522008 368008 732512 489310 191825 968130 948150 442490 899509 868576 939058 914413 700205 935449 745532 889437 427841 1018664 454798 759492 799799 261795 1120530 585330 918240 459474 709562 733288 545509 839654 801588 222634 366779 1023899 915245 508067 503750 751579 239467 414873 501021 956701 983982 516110 186590 209759 661244 986987 1157803 674501 866951 110733 362192 477932 373190 115693 139246 632222 523902 966136 24196 328605 706115 498569 428360 660462 856405 573728 1003335 759221 629706 95961 1002136 739177 942407 940942 812874 691174 724104 306150 974274 986933 838186 112453 840803 418777 591250 312937 1095637 286096 151853 255149 618253 536502 1029334 856188 351378 327881 563374 719523 665281 1041574 90723 469339 387147 265444 498842 585489 812235 407480 961652 74869 868192 913033 637479 557005 457244 358466 1068473 86258 262079 836933 1024224 977231 369145 962027 986478 407233 255244 317607 947320 909094 1100908 716649 664643 570383 594606 228372 483049 728003 565735 362429 311782 814694 686259 203734 253703 582917 844566 882934 268113 939280 464713 272946 667117 1000235 938030 925680 970551
