NAME : domp100p25v3
COMMENT : Cherkesly, Contardo & Gruson 2022
TYPE : DOMP
DIMENSION : 100
DISPLAY_DATA_TYPE : NO_DISPLAY
OPEN_FACILITIES : 25
COST_SECTION
 1 461242 238459 421624 214342 567125 678780 442263 293789 518291 247343 521323 643299 354247 620282 134447 374037 566745 525582 461142 339703 333894 619486 447625 621939 475702 190514 412380 246318 463441 555403 325934 626160 510946 139239 523349 533097 298492 603421 436017 257231 339308 444782 655892 492608 337043 718344 389397 349276 458687 145739 240290 146335 415378 366830 425795 508732 180497 549657 352621 401186 513904 568250 300802 124768 610847 426005 163899 411276 453681 539698 677176 473328 328400 315216 633258 87531 309075 335397 282060 391057 484726 573561 159787 299140 566531 318770 350199 200026 482649 249706 378200 602300 372965 275730 311825 524953 92931 534175 755668
 461242 1 479719 67961 303691 800067 336624 874676 743521 697186 329661 782301 706987 799246 600043 334112 557845 181796 683434 281824 156806 400589 1078427 591811 1073222 936774 497517 86905 695443 200592 264675 786590 460918 919153 335841 364875 630286 733657 332679 896265 710837 768520 20986 931243 33139 205270 926627 288160 360574 589360 392814 277032 382673 872160 277783 226674 907119 492754 97355 756863 300789 660491 969580 511015 371232 522780 869005 610780 291404 528698 613058 317128 299026 302766 163606 1089873 376810 393228 671066 245184 534090 695909 404521 459967 455475 880211 661564 714300 450679 205737 684658 310135 912444 475683 721349 736519 267327 376282 810779 940612
 238459 479719 1 417259 181899 805539 779705 621493 463796 754374 150625 759150 868211 524862 827262 215498 605918 638572 759872 602746 323293 143090 728995 209361 757626 561546 427081 473158 305255 572532 668555 450418 792545 707244 298885 682046 759427 489585 729679 550786 328410 531871 458960 890882 502184 456306 956777 544042 182544 686984 354659 389110 349747 474458 519628 551382 711703 416993 577019 563086 559192 746604 766101 62799 316545 799658 592348 244860 564394 221414 762181 769174 619051 206290 397782 752443 217863 126415 569986 234842 153199 722408 734173 391974 75776 797509 552894 577827 43361 590132 271564 542550 833067 589261 455949 299180 647385 272095 770812 994015
 421624 67961 417259 1 246071 808592 403028 848234 710702 710822 266652 786210 736800 768439 637685 289529 564979 248591 699623 323912 94708 333065 1041104 523920 1040768 894342 482454 120965 647494 248965 323725 747355 512256 899189 307153 410627 653123 705267 392211 857536 664167 742041 47784 935712 85055 219110 941172 315838 292687 605785 372975 268519 362416 825812 301009 265001 889235 476531 161916 735884 330252 677499 951613 445807 345515 566542 839259 563503 323337 460859 638551 384337 342033 235217 157289 1054410 334825 326362 660331 182564 466460 704851 454012 442308 389478 877684 649392 700005 390451 257722 633647 334651 911002 489463 689808 683004 321609 342952 812915 958733
 214342 303691 181899 246071 1 733102 598089 656314 505364 660538 54896 695619 745377 566735 684374 93749 505506 456894 659610 430490 151881 167141 818651 345485 829338 663018 354570 291314 408938 393212 488678 524732 625162 724614 174791 513812 641806 512770 551332 634190 427588 553648 283486 839530 329112 282797 880761 378843 159517 575403 251330 234310 242430 588257 354870 375953 721268 345386 400790 564557 394763 642353 781480 226209 209618 643721 638442 327391 397647 313641 638533 587293 447700 120281 218445 835869 134536 145346 527583 72194 281443 637952 565539 312061 182626 759936 512591 552369 148190 410320 390867 381938 795490 465031 488829 437769 469304 176699 714526 910749
 567125 800067 805539 808592 733102 1 764617 436081 479914 115655 783158 57774 262384 466870 372119 640795 243619 766107 141651 567623 778569 887665 688522 1014429 619639 677564 382989 713937 658716 643911 670696 570120 548414 374780 559897 536124 225158 426597 659775 605543 645917 408202 797231 139291 830340 595005 151271 523665 891123 222643 481951 545723 491209 702502 527178 597393 344160 392880 836636 342787 515842 164452 377418 867669 523501 455909 475676 633186 529396 1018503 255825 785008 559838 851641 651510 670597 609873 862877 249547 774790 958130 104159 546659 423366 864148 155910 266715 271488 766800 654089 697177 498492 165424 325904 461962 751724 635624 558887 76557 192346
 678780 336624 779705 403028 598089 764617 1 997883 904757 648968 638619 771625 571375 947405 436504 586899 566399 154891 624212 234822 477152 726763 1241315 920170 1213406 1129311 616015 309335 924604 215830 124789 972689 239762 1009520 540166 230244 545003 876498 105255 1073855 933662 899960 355486 903694 334658 342436 848781 308397 690522 545528 553056 438853 546989 1085386 325014 254271 988659 616868 265587 864917 303588 600662 1047278 822299 557136 337692 1007580 842634 289217 862025 516629 30291 231278 630619 384214 1243535 614664 715495 742856 558429 859681 671420 220350 596479 771937 891150 741043 796824 743144 196700 927403 329745 915420 473160 878892 987647 159509 586275 805683 843288
 442263 874676 621493 848234 656314 436081 997883 1 157753 487661 684490 380431 667775 97045 732911 574068 459197 931144 514600 763626 775691 752172 263497 799112 216913 249072 389085 806958 346627 806729 877114 198944 848161 101673 541238 782853 582468 144230 899448 179972 324158 106256 861835 419851 907680 699141 548049 692218 777817 525188 482961 604682 492754 298692 679567 758179 122818 390916 949916 134152 695082 523392 155735 670069 503928 782699 46380 379022 709827 837663 608665 1007221 766652 766612 712825 254922 527215 729174 267456 724195 761303 438759 818110 419600 696514 314131 263837 212715 599936 824018 391956 669184 337126 539373 168872 420421 840221 506503 361135 600853
 293789 743521 463796 710702 505364 479914 904757 157753 1 495211 530308 422347 667915 62154 704463 427951 417551 820218 517020 670791 632577 594807 339696 644539 330119 234116 290201 682791 202202 701133 780752 92245 785890 247170 407747 705352 567692 53330 812683 170699 182679 81849 728965 507044 776022 584144 616095 596487 621319 498826 361750 485300 370271 228399 580022 655020 256940 288385 825037 141179 602422 518659 305680 513054 374102 735552 133298 222439 616269 680685 588612 910218 677032 612419 585945 347498 380849 571994 246820 574984 604841 446994 747003 308803 538766 399763 233862 209601 442344 719505 247088 576243 430851 478211 26426 287698 745251 368144 415203 665507
 518291 697186 754374 710822 660538 115655 648968 487661 495211 1 713034 134001 180127 496652 266505 571444 155224 653485 29620 454949 689068 821610 749420 963460 688918 713348 327829 610434 651055 533141 556109 587454 434431 446064 485764 420678 113208 443269 544155 641722 642048 435565 695870 254794 726471 493656 230356 415219 820024 110010 411186 455501 419186 723493 420930 487825 417045 337880 728184 372199 406235 49494 460802 817162 453086 344085 521046 611457 419234 958920 144080 669451 446364 775851 555172 736019 546597 797320 248532 694766 904202 49310 431129 362725 806452 256708 262519 289999 713353 542431 684826 390671 274000 221798 473146 744069 521423 492876 168050 252054
 247343 329661 150625 266652 54896 783158 638619 684490 530308 713034 1 744267 800102 592310 739070 142424 558254 493192 712750 480618 172944 112247 832322 293627 848509 672004 402331 329549 414255 438746 533121 540857 676475 757516 227550 565126 696228 542488 597263 648686 434694 584170 308814 886719 351613 333199 931624 431432 107991 629342 302513 288972 294052 592504 407660 424733 755967 392866 426834 599963 447466 695822 815154 184099 260567 697344 663557 337022 449775 258912 693229 626090 498135 82145 265386 851559 176835 90677 571746 84480 229854 689304 616594 360475 134245 804503 556235 593440 127250 455165 390668 435415 840189 519577 515800 431346 515746 224533 762112 962538
 521323 782301 759150 786210 695619 57774 771625 380431 422347 134001 744267 1 302930 409177 400359 602439 225361 761440 163462 564204 750284 846539 635502 967343 568914 620420 342055 697259 602868 636602 671416 512404 565181 323867 524557 541516 246996 369046 666375 548355 589621 350432 778031 149508 813423 577163 201754 514090 852206 226263 445957 519785 455684 644731 514949 588634 293642 351666 824996 285014 507892 182428 331759 820841 486781 477062 419218 579762 522094 974401 277773 790308 558182 815135 628963 618779 569121 821636 195932 740864 912168 100451 557341 383833 819818 123142 213333 214437 721347 648186 641906 488426 143903 315290 404667 695689 635333 519771 34590 246703
 643299 706987 868211 736800 745377 262384 571375 667775 667915 180127 800102 302930 1 673854 136044 665678 273245 617838 153661 431479 738130 912130 929452 1073096 867914 890807 458506 622083 809090 516285 507033 759795 333847 623988 577027 366633 110395 617256 473947 819564 802722 612746 711025 381007 731474 520561 288371 421124 902130 185597 513612 516824 518954 896097 436174 481096 594416 467783 713816 550482 407221 149266 634678 930313 552764 234585 700768 759798 415711 1056447 106961 596983 417057 850783 593209 915657 651418 889291 421923 764351 1010919 229079 354760 483628 910060 418098 434100 467360 825348 519419 838939 402431 426635 281222 644576 900631 478992 596655 333545 274147
 354247 799246 524862 768439 566735 466870 947405 97045 62154 496652 592310 409177 673854 1 721813 487954 437505 869112 520747 712679 691936 656734 293969 702358 274437 216954 331477 736060 252314 747834 824293 113544 816664 191916 463533 741599 578716 70929 852767 146066 230643 61126 785232 477332 831952 633907 594865 639157 683452 513733 412761 536295 421824 236759 624053 700686 205745 331144 878777 125421 643960 525230 249342 573055 428422 760314 71769 281991 658208 740637 601892 954288 717739 674435 639944 297284 440848 634001 253584 635976 664260 447496 780989 355227 600045 369280 243968 206710 504130 765863 297739 617762 397723 506684 78849 331023 788180 425492 397166 645957
 620282 600043 827262 637685 684374 372119 436504 732911 704463 266505 739070 400359 136044 721813 1 615036 287049 493097 236940 318559 652660 850906 996307 1024392 943120 936061 452959 518614 817466 402333 379955 793383 197987 705125 528609 243026 155225 658061 341366 867200 815038 662095 606740 502517 621579 430677 422097 325740 834816 208556 478572 450099 481318 927835 345260 374038 677411 460672 595539 605332 310110 219717 724773 887318 512643 98904 759930 757000 315090 997980 125959 462720 302070 779498 506322 986777 610071 829703 469899 691681 960771 307967 223267 466915 859333 522377 478057 522091 783903 402452 841299 312607 536898 248691 679163 904982 355176 557234 434062 410115
 134447 334112 215498 289529 93749 640795 586899 574068 427951 571444 142424 602439 665678 487954 615036 1 417100 459386 572026 392124 205351 250327 752722 409806 756384 604861 260979 296735 361507 372770 468759 458445 578274 637577 88657 468448 559604 429855 525469 568689 376728 469593 316335 745911 364217 249443 789205 329994 250339 490702 160381 173854 152272 538116 305598 344764 632750 251729 426534 475942 344802 555759 693652 273245 118420 584324 559635 276752 350802 391328 558763 580715 407591 214019 204987 767216 47112 226290 434068 152078 346602 546992 520548 218654 245205 666283 419222 459984 172792 391439 353024 327379 701815 384471 409209 408389 443556 82982 620981 820356
 374037 557845 605918 564979 505506 243619 566399 459197 417551 155224 558254 225361 273245 437505 287049 417100 1 540097 155175 345801 537004 667420 719944 814063 674783 649911 185932 472338 538965 413745 457105 506354 390494 450670 330799 338597 163386 372001 462293 581873 534227 379063 554315 373562 588649 352575 381368 290374 665018 88182 257302 303407 264890 641044 289963 365028 427131 195464 599808 326778 285435 140693 483458 668648 299002 324233 481075 486817 300061 806206 177175 581744 342223 620629 407898 713964 394222 643286 191745 539796 753728 140181 366133 214781 654827 333238 196509 246747 564048 426382 567044 264568 362159 94314 392155 629420 420063 339903 255642 406810
 566745 181796 638572 248591 456894 766107 154891 931144 820218 653485 493192 761440 617838 869112 493097 459386 540097 1 633357 198562 326563 575974 1159905 768915 1141660 1034215 542070 165866 812227 127734 114334 878643 319576 957453 428222 251364 564371 799316 171536 984578 823959 828104 200904 904201 180637 236299 872549 251005 538310 543887 458819 336079 450806 981184 256898 177524 940232 540559 118030 802605 254694 609283 1001402 677268 452984 401619 934279 728135 240039 708734 540568 135934 207784 478962 254833 1166157 493271 566047 693780 410810 709409 665082 273459 514060 624786 873329 688471 744332 604429 113743 809595 276720 901747 446884 795485 867038 138846 474203 793647 876513
 525582 683434 759872 699623 659610 141651 624212 514600 517020 29620 712750 163462 153661 520747 236940 572026 155175 633357 1 435114 681612 822346 776884 968470 717255 737654 335268 596545 667752 514762 533945 609184 406918 474874 485200 397052 84367 465620 519714 666254 659571 459622 682921 279805 712125 481340 243396 398934 819091 94108 412447 448775 419924 745419 406092 470470 446010 345210 711104 396972 389143 24093 490233 822658 454088 315553 547155 625202 401664 961379 115265 645264 425734 773410 545131 763957 549328 798284 270259 691031 908480 76019 405473 367941 809853 285943 283393 314082 718327 523313 700384 374941 302514 210350 494376 760443 499812 495066 197368 259452
 461142 281824 602746 323912 430490 567623 234822 763626 670791 454949 480618 564204 431479 712679 318559 392124 345801 198562 435114 1 355661 585440 1006625 774150 978798 897346 381421 203090 703155 84833 114146 740892 197707 778660 327677 88493 368314 641760 144066 840450 710122 665185 289578 705908 303051 147694 675471 74805 559388 345327 325745 224063 321015 857416 94885 60291 759018 382537 282807 631119 68766 411067 818783 654571 336548 242647 772795 623994 54535 731468 346185 243757 18528 499781 217771 1008713 409560 568302 512095 414403 710467 467023 137407 363511 613059 678146 509150 565182 561854 89247 710655 94932 705604 251615 644798 772960 76850 371720 596853 681576
 339703 156806 323293 94708 151881 778569 477152 775691 632577 689068 172944 750284 738130 691936 652660 205351 537004 326563 681612 355661 1 249684 957637 443024 961581 807140 427496 170790 557026 294942 382630 663161 552333 833265 241515 444104 645410 631646 450065 773374 574507 670142 135911 899094 179111 222024 918105 327356 214084 589792 315587 233708 304953 735986 307419 295549 825681 420275 253896 670017 343309 660999 887599 354527 281793 592688 763420 473776 340379 387077 634990 461765 374168 153739 146399 972498 252179 239552 607363 88485 382928 676731 492275 385213 299784 832554 594818 642227 295784 308302 541388 340383 866968 472755 613089 589498 372360 269889 774375 940540
 333894 400589 143090 333065 167141 887665 726763 752172 594807 821610 112247 846539 912130 656734 850906 250327 667420 575974 822346 585440 249684 1 871427 193485 897875 704481 504920 418836 447431 536857 628637 589501 782588 832810 337727 671505 807817 614918 694749 692030 470280 657293 379786 986171 415989 439318 1037253 540158 46297 740229 410424 400871 402551 617527 516747 527847 834433 495147 494206 681156 556318 805945 891358 132690 368540 807326 726065 382267 557759 147567 805222 711395 603352 97848 367914 894304 277795 24971 667548 172279 133601 796090 722415 464344 74807 899733 651331 684081 153063 552050 414608 545452 935513 631387 584080 440831 614596 329586 862573 1069705
 619486 1078427 728995 1041104 818651 688522 1241315 263497 339696 749420 832322 635502 929452 293969 996307 752722 719944 1159905 776884 1006625 957637 871427 1 860216 88405 170822 625313 1020973 424010 1040274 1118034 294540 1106040 315373 744077 1034504 845901 364898 1146646 184518 401380 344969 1062889 645007 1110448 923835 782312 933002 906809 788346 701393 824868 709811 264791 917594 993656 346176 624714 1162546 393200 937917 786399 330550 760763 712215 1044125 239189 495500 952142 918960 872161 1247932 1011696 911849 923649 36698 706565 852233 528854 890624 840187 700888 1072702 647481 803265 549366 523469 474979 721998 1058508 458610 911716 563239 795889 364523 448793 1082027 702208 612068 835736
 447625 591811 209361 523920 345485 1014429 920170 799112 644539 963460 293627 967343 1073096 702358 1024392 409806 814063 768915 968470 774150 443024 193485 860216 1 904396 689504 636397 612290 457592 729096 821622 611120 970078 891668 497669 858721 965262 678089 887331 697089 481408 719363 571214 1096677 605079 626818 1165696 724326 231238 893783 560085 576878 554289 595484 700348 717771 899744 626308 683479 757967 740246 954727 950218 146823 520357 988442 764364 422817 743032 83841 966506 904525 791724 289957 557922 888815 421889 206938 776381 364662 64078 931765 910219 600828 165123 1000852 759116 780640 250167 744655 414371 727057 1036135 792561 641511 411668 806682 476733 978018 1203285
 621939 1073222 757626 1040768 829338 619639 1213406 216913 330119 688918 848509 568914 867914 274437 943120 756384 674783 1141660 717255 978798 961581 897875 88405 904396 1 223740 600704 1010485 454028 1018864 1091843 308854 1064536 245085 737386 999680 790174 342735 1115721 208224 430295 314232 1058902 566158 1105828 907308 704821 906626 930295 737180 686946 810334 696116 316607 893040 970924 275536 601505 1153214 351065 910107 728678 250815 795084 702742 997144 207385 516184 924728 957796 817698 1222028 982354 929675 914359 56465 709426 877229 483234 900359 878996 641413 1035000 627714 833077 474773 480430 428062 745790 1036537 493345 884078 485724 756195 351875 494178 1055160 698252 543139 758097
 475702 936774 561546 894342 663018 677564 1129311 249072 234116 713348 672004 620420 890807 216954 936061 604861 649911 1034215 737654 897346 807140 704481 170822 689504 223740 1 520632 886305 258685 920500 1004627 156626 1019515 341172 608721 936713 795070 278015 1040584 72115 237402 278064 919970 668905 967866 798592 796241 822586 741280 728806 577847 698520 584930 94555 804536 876521 367788 517695 1025124 341280 829754 742151 381443 591077 581310 969534 204672 335907 843080 748269 817664 1132716 904835 749846 788621 199829 560373 686093 470088 735205 669533 664125 979521 533897 635029 563052 459692 423576 557208 939340 290099 803758 586096 712321 260376 277983 970137 564265 604826 848748
 190514 497517 427081 482454 354570 382989 616015 389085 290201 327829 402331 342055 458506 331477 452959 260979 185932 542070 335268 381421 427496 504920 625313 636397 600704 520632 1 423334 365151 418224 492823 365891 501887 422639 188790 416082 348183 260629 522604 460661 364215 286536 487375 484961 530612 311137 533279 307694 510217 272910 111923 221039 122546 491874 292785 370234 409681 10089 565402 262503 312798 324288 472123 489807 148889 463320 393536 304945 326904 636132 358347 622852 387077 474634 333932 628226 227207 480078 179869 404388 578086 295495 459393 43115 482168 408157 167595 217620 386693 435837 388401 286589 443314 206517 263987 452026 456719 178052 360005 568161
 412380 86905 473158 120965 291314 713937 309335 806958 682791 610434 329549 697259 622083 736060 518614 296735 472338 165866 596545 203090 170790 418836 1020973 612290 1010485 886305 423334 1 654824 129208 212100 732931 392235 845970 277885 289670 543724 668524 279948 841289 668070 701381 88946 845893 116407 120393 839765 201928 384747 502479 324230 202783 314712 827615 190921 144786 832472 419490 142982 685135 215058 573589 894806 513508 308821 445734 804391 570127 206464 557863 526927 296628 221136 324258 97719 1030275 333740 406629 592725 249171 551085 609793 333534 388267 462616 797205 584144 637971 438611 139970 649244 223438 828970 389078 659443 705121 204476 322057 726223 853738
 246318 695443 305255 647494 408938 658716 924604 346627 202202 651055 414255 602868 809090 252314 817466 361507 538965 812227 667752 703155 557026 447431 424010 457592 454028 258685 365151 654824 1 709573 800790 153550 855877 444223 385552 758858 701222 248145 846623 246178 23968 283656 677312 702815 725074 583304 802634 629739 483106 626804 378454 485760 382390 179319 608287 670962 457131 358103 787913 337573 640185 663742 501348 341119 367920 826600 308734 84838 651462 505170 716086 923416 714112 491336 558894 447198 321218 428292 410743 480778 426682 606529 807133 358859 380073 597077 394294 389850 298651 728780 45427 615799 629500 571611 208830 93329 769517 339241 601524 849477
 463441 200592 572532 248965 393212 643911 215830 806729 701133 533141 438746 636602 516285 747834 402333 372770 413745 127734 514762 84833 294942 536857 1040274 729096 1018864 920500 418224 129208 709573 1 96311 764086 263306 830583 324543 164295 450916 677486 158524 867912 719213 704755 210515 781016 219685 126640 756637 123660 506260 423135 342655 224373 335688 872766 129354 49804 812987 417399 198595 677005 128711 490856 874010 619402 343091 322319 811579 627175 114652 679714 429733 213992 100325 445742 174904 1045117 399056 522167 566317 364647 666445 541664 205216 392831 572959 746890 561277 617224 534065 19208 711672 149469 775824 321369 675878 771819 77804 370741 668330 764340
 555403 264675 668555 323725 488678 670696 124789 877114 780752 556109 533121 671416 507033 824293 379955 468759 457105 114334 533945 114146 382630 628637 1118034 821622 1091843 1004627 492823 212100 800790 96311 1 848002 206396 892794 417389 141062 460618 753450 68497 949523 809489 777904 279551 809814 274281 220833 769019 185301 596125 448270 428288 315153 422281 960694 200735 129872 873058 493333 226515 744916 182124 509896 932688 714730 433012 287428 885432 719300 167302 769491 435093 130187 114962 535543 270779 1120913 493922 614932 626198 456997 759477 572637 159156 472190 667353 787679 623295 679328 630284 78427 804578 207933 814065 362814 754985 865382 37401 463267 704697 770046
 325934 786590 450418 747355 524732 570120 972689 198944 92245 587454 540857 512404 759795 113544 793383 458445 506354 878643 609184 740892 663161 589501 294540 611120 308854 156626 365891 732931 153550 764086 848002 1 866764 299729 455047 781649 658791 144828 884274 110245 129841 163871 770484 589361 818235 642708 703429 666112 621460 589061 421446 542676 428681 136308 647947 719939 316763 362458 872995 228238 673444 610573 354655 491465 426169 820753 157605 207410 686683 657153 679113 976129 748565 621551 635225 311208 412558 568580 339035 596537 579020 539228 825275 377572 526135 481366 325903 301122 437089 782891 197628 647498 510559 562211 115336 221499 813536 411519 503564 753646
 626160 460918 792545 512256 625162 548414 239762 848161 785890 434431 676475 565181 333847 816664 197987 578274 390494 319576 406918 197707 552333 782588 1106040 970078 1064536 1019515 501887 392235 855877 263306 206396 866764 1 840060 504077 111365 323394 747357 152461 955913 858997 761600 472693 685013 475335 343480 616832 248504 757065 343284 481618 404786 479974 993684 272920 257095 815390 506429 432768 714521 233481 384939 869304 846754 503329 99284 866934 782822 228334 928944 293028 267080 179493 697487 415351 1102126 588715 764981 581380 611974 906197 465603 60301 498558 807690 688026 584331 636644 750573 255462 870217 251997 707915 310252 759491 934060 194178 543972 599770 607505
 510946 919153 707244 899189 724614 374780 1009520 101673 247170 446064 757516 323867 623988 191916 705125 637577 450670 957453 474874 778660 833265 832810 315373 891668 245085 341172 422639 845970 444223 830583 892794 299729 840060 1 593360 786505 550620 218094 907686 275949 422410 175680 908072 334335 952290 732367 468932 710946 855311 503144 527079 643556 537471 398515 701407 781028 30816 426732 987866 163434 711505 487728 58866 758702 554045 765809 147041 469172 726553 926186 579182 1021687 779281 839100 755638 295925 591823 809108 266734 789507 851098 399579 816613 459187 781185 234569 269768 213675 682480 846748 489649 686464 251333 539292 251546 520872 855438 563801 298233 522339
 139239 335841 298885 307153 174791 559897 540166 541238 407747 485764 227550 524557 577027 463533 528609 88657 330799 428222 485200 327677 241515 337727 744077 497669 737386 608721 188790 277885 385552 324543 417389 455047 504077 593360 1 396772 471031 398794 467754 563553 396221 435003 321711 670643 368458 197983 706613 259185 334261 402562 78685 103752 68881 552992 235442 288350 584810 180770 418544 429928 272595 468378 646922 358717 40415 502508 533629 302677 280863 479868 470119 538077 341272 291841 180181 754547 84857 314052 367939 216629 434753 463535 448330 145767 333494 596828 354669 400931 255559 343744 387274 252177 631877 295829 385516 448038 387985 46311 545302 736040
 523349 364875 682046 410627 513812 536124 230244 782853 705352 420678 565126 541516 366633 741599 243026 468448 338597 251364 397052 88493 444104 671505 1034504 858721 999680 936713 416082 289670 758858 164295 141062 781649 111365 786505 396772 1 321147 671055 125032 876049 763619 689832 374284 675400 383387 232245 629019 138527 646578 315633 381123 295703 378336 904292 162879 148764 764282 419198 352760 648777 124284 373186 821643 735769 399148 158167 796966 683047 117698 818069 294809 249084 69967 587260 304822 1033556 480904 653737 521189 501293 794835 441433 52131 406468 696359 660915 521210 576084 640307 161417 770408 145360 685251 247256 678974 833779 112630 438198 575510 629134
 533097 630286 759427 653123 641806 225158 545003 582468 567692 113208 696228 246996 110395 578716 155225 559604 163386 564371 84367 368314 645410 807817 845901 965262 790174 795070 348183 543724 701222 450916 460618 658791 323394 550620 471031 321147 1 518551 441395 724772 695633 518023 631893 361822 657241 434184 308520 342252 799886 75351 405228 417904 411008 794808 353294 409774 522620 357426 649238 458368 330413 64827 569554 821727 445054 231205 611824 650201 341389 950898 30903 567143 356983 750317 503320 835002 543374 784575 325132 665033 903489 152756 325072 373365 802994 369886 335487 374617 716737 457505 730122 320323 386879 177036 543489 792223 427995 488533 281197 313426
 298492 733657 489585 705267 512770 426597 876498 144230 53330 443269 542488 369046 617256 70929 658061 429855 372001 799316 465620 641760 631646 614918 364898 678089 342735 278015 260629 668524 248145 677486 753450 144828 747357 218094 398794 671055 518551 1 781866 210155 230407 42415 720223 456325 766529 564603 563344 568281 638270 451092 344504 467703 353846 280330 553303 630149 222419 260455 811431 89925 573037 468014 276844 542186 362426 693072 135879 255730 587295 709331 540347 883476 646813 624476 573079 367765 383032 591337 195431 580195 635124 394801 710867 285258 563229 349662 183373 156400 464387 695433 291944 546841 381592 437829 39324 336699 717299 362863 362251 612522
 603421 332679 729679 392211 551332 659775 105255 899448 812683 544155 597263 666375 473947 852767 341366 525469 462293 171536 519714 144066 450065 694749 1146646 887331 1115721 1040584 522604 279948 846623 158524 68497 884274 152461 907686 467754 125032 441395 781866 1 982812 853915 803441 347870 798938 341036 276027 746918 218704 663076 440302 469725 364128 464831 1001462 238755 180880 886224 524326 288436 765858 210834 496058 944311 777535 479261 244116 911021 766813 197716 836535 413558 125749 135778 602486 332888 1147497 547366 680446 641377 522716 824825 566184 119310 506710 731466 785943 640302 695786 690496 142703 853123 236840 810166 369648 786540 914972 82314 512760 700429 743430
 436017 896265 550786 857536 634190 605543 1073855 179972 170699 641722 648686 548355 819564 146066 867200 568689 581873 984578 666254 840450 773374 692030 184518 697089 208224 72115 460661 841289 246178 867912 949523 110245 955913 275949 563553 876049 724772 210155 982812 1 222610 206977 880327 599394 928029 748312 725346 765935 725875 659411 526035 648540 533813 127317 748862 822696 301045 458537 981946 269539 772285 671131 320544 587017 533409 903180 134465 312578 785975 749595 747826 1078535 847079 728726 743660 203089 522767 672003 399642 706133 670809 592467 917601 477377 625962 492917 389798 352210 540964 886520 285125 746145 516888 647236 197092 289162 914377 520629 533008 777686
 257231 710837 328410 664167 427588 645917 933662 324158 182679 642048 434694 589621 802722 230643 815038 376728 534227 823959 659571 710122 574507 470280 401380 481408 430295 237402 364215 668070 23968 719213 809489 129841 858997 422410 396221 763619 695633 230407 853915 222610 1 264472 692990 686288 740835 593342 788498 636256 505456 621680 384585 494965 389111 161646 615250 679618 435990 357660 802517 320233 646244 656377 479228 364948 376528 827039 285648 100742 657871 529128 711386 933193 720591 512482 571579 424087 335166 450870 399269 499624 450648 596801 811282 360756 403416 579993 383158 375769 320746 738403 68064 621521 611989 570645 191260 106728 777645 349996 587141 835943
 339308 768520 531871 742041 553648 408202 899960 106256 81849 435565 584170 350432 612746 61126 662095 469593 379063 828104 459622 665185 670142 657293 344969 719363 314232 278064 286536 701381 283656 704755 777904 163871 761600 175680 435003 689832 518023 42415 803441 206977 264472 1 755607 426810 801507 594833 539591 592623 680451 453760 377206 499446 386900 294301 578826 656714 180547 287582 844361 65459 596435 464178 234440 584171 397682 702741 107633 296655 610962 751422 541503 908086 669261 666083 606882 344082 422976 633684 192974 620498 676985 386431 727733 314960 605600 319125 184041 145594 506800 722363 328267 570337 349624 451349 78037 369499 741346 400637 340129 589966
 444782 20986 458960 47784 283486 797231 355486 861835 728965 695870 308814 778031 711025 785232 606740 316335 554315 200904 682921 289578 135911 379786 1062889 571214 1058902 919970 487375 88946 677312 210515 279551 770484 472693 908072 321711 374284 631893 720223 347870 880327 692990 755607 1 927243 47917 202415 925767 290627 339989 588815 381137 267972 370856 854443 278650 232709 896603 482284 118060 745407 303945 660219 959072 490042 357961 531656 855300 592751 295402 508612 615535 336584 307196 281985 153953 1074798 359679 372294 662378 224334 513318 693112 415481 449040 434490 874075 652458 704649 430191 217241 665882 311604 906650 474097 707100 717260 280040 361140 805992 940908
 655892 931243 890882 935712 839530 139291 903694 419851 507044 254794 886719 149508 381007 477332 502517 745911 373562 904201 279805 705908 899094 986171 645007 1096677 566158 668905 484961 845893 702815 781016 809814 589361 685013 334335 670643 675400 361822 456325 798938 599394 686288 426810 927243 1 962178 726005 139797 659655 994329 361581 591964 669180 601940 711654 661813 733850 304753 494185 971878 366425 652536 303115 315388 951366 632094 590651 464930 693247 666370 1109346 391998 924241 698521 959560 778459 621063 710350 961203 320952 887262 1044010 239353 685275 527590 954944 108055 337991 319222 855035 791713 745116 634208 83167 460908 495170 792856 774597 662945 125347 192502
 492608 33139 502184 85055 329112 830340 334658 907680 776022 726471 351613 813423 731474 831952 621579 364217 588649 180637 712125 303051 179111 415989 1110448 605079 1105828 967866 530612 116407 725074 219685 274281 818235 475335 952290 368458 383387 657241 766529 341036 928029 740835 801507 47917 962178 1 236272 955470 315039 374304 618146 425932 310037 415781 902310 306050 250380 940231 525874 78402 789999 326981 689010 1002690 530690 404110 541553 901809 640551 316822 539039 639221 312912 319601 318316 196722 1122148 407592 410347 703919 267381 548905 726198 420495 493104 474074 912210 694503 747325 474772 222353 713305 337792 944290 505333 753968 764242 281162 408476 842165 968522
 337043 205270 456306 219110 282797 595005 342436 699141 584144 493656 333199 577163 520561 633907 430677 249443 352575 236299 481340 147694 222024 439318 923835 626818 907308 798592 311137 120393 583304 126640 220833 642708 343480 732367 197983 232245 434184 564603 276027 748312 593342 594833 202415 726005 236272 1 723753 105484 415414 387315 222549 100074 214513 748107 85616 95512 717541 308486 256892 573587 121574 458937 779633 507186 218276 372847 700086 500657 120074 586100 420361 340134 164988 356830 75980 930591 273091 421505 475179 269932 563039 490857 283466 279887 465376 676889 467411 522043 416064 145821 585035 119029 708589 271860 559577 645225 194178 244233 605931 740065
 718344 926627 956777 941172 880761 151271 848781 548049 616095 230356 931624 201754 288371 594865 422097 789205 381368 872549 243396 675471 918105 1037253 782312 1165696 704821 796241 533279 839765 802634 756637 769019 703429 616832 468932 706613 629019 308520 563344 746918 725346 788498 539591 925767 139797 955470 723753 1 642209 1039457 337326 629450 684399 638362 831529 649463 713224 438621 543237 953823 475517 632139 266767 454045 1018931 671270 518197 591584 781472 644385 1169245 334228 872343 664876 998379 785465 759317 759602 1012542 397686 919671 1109305 243323 628581 572989 1015003 235019 415084 412824 917928 764343 842462 618320 219214 451948 600556 894988 736511 707917 201448 53437
 389397 288160 544042 315838 378843 523665 308397 692218 596487 415219 431432 514090 421124 639157 325740 329994 290374 251005 398934 74805 327356 540158 933002 724326 906626 822586 307694 201928 629739 123660 185301 666112 248504 710946 259185 138527 342252 568281 218704 765935 636256 592623 290627 659655 315039 105484 642209 1 518512 305606 251682 157262 247353 782782 24419 74659 692387 308472 313142 560546 16261 375443 752926 598540 264632 268285 700137 551396 21881 687544 325003 315470 84374 460716 181459 935643 342837 521189 445304 373236 660284 420538 190581 288810 560794 623368 441190 497277 502097 137571 638360 25829 652531 198905 570565 701074 149026 301753 545447 653740
 349276 360574 182544 292687 159517 891123 690522 777817 621319 820024 107991 852206 902130 683452 834816 250339 665018 538310 819091 559388 214084 46297 906809 231238 930295 741280 510217 384747 483106 506260 596125 621460 757065 855311 334261 646578 799886 638270 663076 725875 505456 680451 339989 994329 374304 415414 1039457 518512 1 734397 410138 386648 401496 655875 495726 500691 855444 500713 452687 700587 534763 801716 913512 178451 368239 786693 753672 414128 535081 173483 795551 674118 577574 60592 341772 928703 284033 56158 678340 145483 174908 796961 696770 468444 119722 911089 662600 698285 184931 520657 452320 525756 946819 622881 609072 481695 584046 332511 869854 1070014
 458687 589360 686984 605785 575403 222643 545528 525188 498826 110010 629342 226263 185597 513733 208556 490702 88182 543887 94108 345327 589792 740229 788346 893783 737180 728806 272910 502479 626804 423135 448270 589061 343284 503144 402562 315633 75351 451092 440302 659411 621680 453760 588815 361581 618146 387315 337326 305606 734397 1 333912 358112 340286 724603 312167 377898 476813 282202 618361 396805 296345 71738 528258 749480 374519 262933 551465 574950 309258 881846 90322 564667 337230 686721 451819 779619 472131 716614 261353 602898 832500 125911 331485 298901 732502 347311 269792 313690 644543 432519 655190 281318 370161 117196 474053 717482 413026 417316 260527 352971
 145739 392814 354659 372975 251330 481951 553056 482961 361750 411186 302513 445957 513612 412761 478572 160381 257302 458819 412447 325745 315587 410424 701393 560085 686946 577847 111923 324230 378454 342655 428288 421446 481618 527079 78685 381123 405228 344504 469725 526035 384585 377206 381137 591964 425932 222549 629450 251682 410138 333912 1 123642 10669 532589 230974 299177 516383 104776 467206 364271 261772 396902 578803 416702 41966 465313 480377 301964 273286 549076 407527 555247 336007 369744 230031 708678 138244 386158 291788 295300 498601 386826 430361 69847 398664 518975 279298 327854 311740 361497 389361 237363 553881 235175 337425 452906 395006 83409 466621 660037
 240290 277032 389110 268519 234310 545723 438853 604682 485300 455501 288972 519785 516824 536295 450099 173854 303407 336079 448775 224063 233708 400871 824868 576878 810334 698520 221039 202783 485760 224373 315153 542676 404786 643556 103752 295703 417904 467703 364128 648540 494965 499446 267972 669180 310037 100074 684399 157262 386648 358112 123642 1 115059 648590 133081 185508 630670 216861 345490 482383 171545 428707 693092 445517 118737 412144 603512 404173 178601 547883 410939 438350 238001 334031 114028 832317 185913 379613 394406 247594 512902 443334 347657 185515 411919 609166 384607 437292 346602 243536 489739 153526 642537 242034 461056 551100 284819 148695 545493 707213
 146335 382673 349747 362416 242430 491209 546989 492754 370271 419186 294052 455684 518954 421824 481318 152272 264890 450806 419924 321015 304953 402551 709811 554289 696116 584930 122546 314712 382390 335688 422281 428681 479974 537471 68881 378336 411008 353846 464831 533813 389111 386900 370856 601940 415781 214513 638362 247353 401496 340286 10669 115059 1 538414 226140 292865 526891 115439 457663 374583 257929 404031 589303 411533 34273 465878 489723 304842 269073 542000 412614 548707 331727 360434 220103 717417 132466 378397 302414 285347 492508 395534 427998 80515 392248 529387 289954 338512 306670 354612 392135 233926 564258 239549 346134 455444 389381 77731 476594 668532
 415378 872160 474458 825812 588257 702502 1085386 298692 228399 723493 592504 644731 896097 236759 927835 538116 641044 981184 745419 857416 735986 617527 264791 595484 316607 94555 491874 827615 179319 872766 960694 136308 993684 398515 552992 904292 794808 280330 1001462 127317 161646 294301 854443 711654 902310 748107 831529 782782 655875 724603 532589 648590 538414 1 763069 831178 421492 487271 963299 359725 791466 746880 446013 500573 529907 951942 252339 262342 803971 655501 814776 1086525 866522 668193 730587 294374 495891 600165 475206 660084 576924 675115 949724 497832 546612 603852 462194 435927 473520 891866 203696 765985 630534 693059 251564 184523 927593 507185 633766 882709
 366830 277783 519628 301009 354870 527178 325014 679567 580022 420930 407660 514949 436174 624053 345260 305598 289963 256898 406092 94885 307419 516747 917594 700348 893040 804536 292785 190921 608287 129354 200735 647947 272920 701407 235442 162879 353294 553303 238755 748862 615250 578826 278650 661813 306050 85616 649463 24419 495726 312167 230974 133081 226140 763069 1 79646 683658 292923 310115 548854 39923 382961 744657 574188 242100 290988 686128 529336 45528 664210 337691 330358 106516 438292 161062 920994 318827 497574 436966 350646 636293 423436 214957 271492 536666 621677 431976 487954 477678 145366 616128 33750 651612 201288 554275 678632 165626 278439 545601 662829
 425795 226674 551382 265001 375953 597393 254271 758179 655020 487825 424733 588634 481096 700686 374038 344764 365028 177524 470470 60291 295549 527847 993656 717771 970924 876521 370234 144786 670962 49804 129872 719939 257095 781028 288350 148764 409774 630149 180880 822696 679618 656714 232709 733850 250380 95512 713224 74659 500691 377898 299177 185508 292865 831178 79646 1 763300 369766 240641 627990 81629 446734 824273 601375 303144 301882 763763 589667 68840 673253 390207 256197 78814 440817 159993 997902 366726 511343 516567 356175 654333 494595 196889 346282 558042 697969 511622 567597 511396 65913 675203 100462 727186 273370 629558 736346 99764 333967 620073 722779
 508732 907119 711703 889235 721268 344160 988659 122818 256940 417045 755967 293642 594416 205745 677411 632750 427131 940232 446010 759018 825681 834433 346176 899744 275536 367788 409681 832472 457131 812987 873058 316763 815390 30816 584810 764282 522620 222419 886224 301045 435990 180547 896603 304753 940231 717541 438621 692387 855444 476813 516383 630670 526891 421492 683658 763300 1 414385 973769 156824 692381 459358 62470 764603 545062 739701 169153 476938 707458 931726 551455 1001457 759072 837120 743514 326669 587612 810453 247122 784828 857499 371020 793263 447640 784902 204019 251765 196036 685399 828830 502470 667628 221630 517054 258237 536634 835666 557142 267632 492005
