NAME : domp200p100v10
COMMENT : Cherkesly, Contardo & Gruson 2022
TYPE : DOMP
DIMENSION : 200
DISPLAY_DATA_TYPE : NO_DISPLAY
OPEN_FACILITIES : 100
COST_SECTION
 1 829812 765857 397927 513084 172216 141028 903692 349499 773159 426612 584387 659921 313969 433427 542476 856494 799417 970304 603921 321396 909632 780706 534617 890939 844425 430406 257280 366883 549306 698643 193064 993459 307167 276812 629457 491729 714975 902844 552071 694030 872929 688810 756375 872246 509928 533055 694270 436264 190891 376468 235982 431117 553625 917377 716932 820957 658188 962366 658714 442424 636458 653421 388925 817007 887035 824664 428621 911189 499256 310787 478631 953363 934326 646237 531242 894440 512864 241049 354523 332831 723025 957701 538444 619912 948441 589231 372518 642200 889056 880721 292733 675654 764259 360031 404094 441670 806066 639173 507523 949743 1028395 781286 786203 773202 903208 248165 876838 506355 321892 948158 675134 117923 510552 723511 125178 616604 209326 124383 213186 622303 329061 899151 241361 800017 559066 699294 879371 419914 505786 460608 709556 379356 412614 480566 757277 554574 428183 898986 62018 697901 79600 358826 598784 250397 114749 413343 556492 422162 201838 738479 164125 768139 719732 437157 354300 346332 592012 702610 830495 178780 572045 494457 154026 708548 846959 738924 877506 564299 459601 997713 573995 852741 880144 839635 85892 450257 948907 206179 825962 529627 824182 429785 790342 984280 397241 826228 86535 931064 652190 590051 216402 560649 174173 776946 397239 188883 451982 728696 412752
 829812 1 298006 630056 438422 673131 788193 148641 519649 271424 966704 261572 792706 670671 687165 846727 49104 169539 667002 253639 556777 94661 96298 347826 699180 380253 827890 762821 1005961 405769 385710 677005 177876 532995 560814 228729 349245 144434 203615 308406 425646 270034 756214 763222 532105 424374 863089 750744 507557 682119 720569 594099 475798 602983 116295 148165 698757 320411 135374 298604 442640 239357 258825 541445 728362 331310 576866 486662 459757 823788 521988 853433 677536 177487 184561 373538 509512 319260 925269 1028483 732846 316606 129518 561341 827592 168062 543534 576749 280186 332901 241167 856089 360520 217858 525998 433837 457029 568955 250986 399568 615884 208210 155440 231775 641871 73850 633939 74753 836929 508936 656541 237784 846145 619975 178734 910583 213213 624542 751545 740408 715684 625152 490350 918379 508907 285179 771079 547030 906433 692402 536477 152907 826611 449340 507408 149718 848749 580303 677487 820125 131933 783695 975967 485349 615704 811039 804048 485226 872928 787769 769285 807170 206858 173694 393574 484356 528508 590242 674830 47164 673363 559356 451762 777502 122581 606086 328026 449772 460525 863737 168714 508479 178101 50555 56197 890344 901409 736317 882839 334874 499683 336065 413546 574553 678418 751375 577387 813450 687855 430439 346887 949514 350834 780238 70974 831540 741503 386924 228580 542205
 765857 298006 1 443990 568261 650506 677739 446534 416363 527844 1028212 240798 958431 512774 478587 605624 346613 442997 931816 213104 592031 294088 204243 466496 941970 649623 915282 611928 1037081 552324 106978 578740 339861 534742 551734 382154 308173 356132 500408 240247 641682 557020 935896 961465 791721 549505 978600 932826 344236 582356 529876 557115 337179 755095 407261 363974 923895 107672 392159 498552 323508 408031 449339 616903 948279 615716 818921 341964 736385 593099 472032 952956 937455 240994 267119 500018 776978 366340 930801 1048540 557054 549811 383446 709468 975867 460646 712494 649608 466682 617579 532198 892719 103862 473186 577350 458376 543316 806926 427252 516209 882769 372841 421000 68560 861559 340322 648787 370901 604913 468886 918039 440645 822636 754880 408530 874529 290666 562047 729765 756080 880334 682663 761042 925625 752184 257705 951722 806586 977759 820578 345487 362242 896972 356164 315961 153629 604666 392401 925146 734740 273225 746966 1011869 236597 517092 707417 598254 258105 950783 799105 961559 803779 464395 150386 377589 424123 419885 332479 869579 341776 656637 311184 572631 663784 258444 850312 567386 719995 236984 955418 381950 672502 153547 324987 352686 843765 983665 987411 884811 603670 643936 604231 353492 807455 944634 551465 819795 719873 941525 166479 509546 939141 493229 781364 237047 907294 747156 429435 465490 376688
 397927 630056 443990 1 555401 372606 271107 754061 173594 712107 780214 376176 880160 85475 72662 252642 672638 684023 1046550 377896 429499 679968 547733 500519 1005934 823498 723792 176101 746872 570928 349710 215211 750864 355746 344897 522531 311169 575883 781349 325965 723909 792168 884919 937895 916028 540057 817382 886459 123217 215064 90781 302870 161356 701981 742445 581773 955745 347238 761670 616358 198769 544475 582933 501442 966258 831828 902182 149074 910015 216036 260094 772244 1039702 665599 464621 521617 921431 401641 622309 742696 113087 690741 754437 664575 866220 788797 698496 515384 585015 834053 784045 632789 340561 676226 446841 372383 483154 884656 558520 514543 1009265 786780 659809 489172 894505 699540 428125 698289 229430 275852 1026651 594073 495160 675372 611605 522583 451010 263804 426400 498756 815608 511997 915828 620168 851469 357258 899496 928123 751446 712422 99501 575110 684250 214719 129913 504134 259959 52231 1001850 346789 515447 418330 731327 224547 185898 303491 175297 189847 738567 524179 927529 507252 674105 468370 318245 244102 163264 194630 857074 652636 385170 178681 544899 255911 516369 932102 711230 881160 207984 762609 776081 664448 574097 677193 664417 483817 772119 1062873 579260 787343 617307 786519 264210 875532 1061194 121932 903580 325051 1028934 291739 572922 609281 539888 496486 561023 700322 477965 394449 647204 90276
 513084 438422 568261 555401 1 341829 543796 446754 381870 273785 532451 330835 390461 535444 627994 806958 440802 332189 496398 357702 191973 533019 446177 102577 450608 331421 389944 585809 583298 39810 578154 449705 615470 230465 257708 213390 300559 294158 424793 350757 185594 374354 371819 407604 375734 19093 427671 369893 463417 455088 620304 314126 419967 186970 480626 291111 403746 494143 543254 165772 388139 199147 185891 130735 418151 378441 349325 431024 400046 767734 304599 415170 487033 602176 311920 69787 390857 208883 523649 611229 604297 215750 542013 141332 409042 493463 153545 159845 166297 380341 389624 436886 541231 282612 153691 183080 78330 331278 188055 52771 464047 643334 322987 540336 341128 498305 267038 451224 780645 286449 475598 209840 479623 189418 271747 549034 282187 367048 399179 349400 312757 213373 392083 515910 305796 320114 387682 385720 470493 259485 514741 285801 392385 353784 503253 459104 814888 531060 446668 533276 335380 442537 551836 578264 415092 551308 706292 545568 436018 394319 403412 425342 290191 436085 252229 311364 392380 654222 318171 414827 334351 617291 19079 540627 352888 378263 229209 366746 530615 425352 594905 114613 556393 479538 418945 542907 463584 507476 487609 315436 76400 313512 308976 320961 511077 657365 350783 539205 474346 575954 97443 559263 87682 397697 422068 395671 360475 170737 249132 479818
 172216 673131 650506 372606 341829 1 222676 737232 252943 601217 411487 442453 542252 306688 431042 582578 696073 630642 811472 465393 149857 757491 633523 363814 739792 672822 353886 304667 394643 377471 601194 170563 842573 140829 112318 463435 352800 550851 733432 418926 524567 701212 560782 623967 706741 338030 451333 564724 359415 173630 391768 93706 338007 403560 754260 552178 674037 545096 802903 486791 335646 468394 483019 221533 674434 714820 664062 340304 741161 538513 178615 403129 796386 792189 492980 359262 727016 353872 281090 400896 357222 550813 798811 381396 515184 782657 429890 210831 471082 716841 709708 264330 572403 593668 188290 240209 269503 645365 469887 335344 787597 876568 613415 659360 621587 745499 84583 715060 548890 182196 789500 505202 176144 364178 555649 237720 461538 110170 80700 126482 491262 177380 730638 276371 634664 417805 573287 714671 379143 376562 399013 544902 312158 297344 409389 616849 593436 382353 744962 193685 542236 111114 373488 525736 187148 220725 458310 482521 366084 157822 608675 154131 597932 580700 289365 226563 255144 548922 559216 669615 13558 520586 323416 224921 554524 688218 566766 707617 483132 391649 841835 410299 716425 722819 678087 218058 399546 798352 234983 653812 364035 652043 298055 630663 825746 423542 665620 203309 776338 565073 417897 289489 388760 134451 625602 328589 107553 288047 558054 348241
 141028 788193 677739 271107 543796 222676 1 881895 273274 779095 563151 529768 760269 185659 297169 402089 821282 786961 1028709 544333 358788 859027 725781 538450 960959 866620 549423 116443 507684 574696 598566 111392 939563 314960 286362 613016 439177 691127 891053 489179 729389 874821 781798 845948 917645 535841 651476 786073 335011 106162 237615 230837 341883 625815 886819 694554 896260 571442 923401 666802 362964 625711 651200 436629 897068 898286 880576 336062 941898 358627 274082 598873 1014877 869618 604320 543864 934538 486816 381588 495449 193356 737385 917709 601839 727929 924048 648803 431042 644184 900429 877186 423438 580496 760340 393744 395427 466232 861898 632610 524586 1002118 975402 766091 707974 842887 861954 306726 844039 366060 290678 1006936 670162 255810 586835 709631 263912 578723 180873 224889 317882 712694 400055 935785 381536 846298 504957 793870 926642 550607 597053 348117 687132 500810 343574 372511 694410 414115 309195 965082 80938 658037 193907 498671 486397 172809 32384 272785 446258 548382 322035 830180 290735 762228 656326 399979 304978 266351 465206 781864 796740 235153 449406 526906 15198 665683 905993 755492 909121 458134 582413 951691 626047 782810 838630 807074 223392 578638 1019585 344792 841434 578337 839941 374759 848056 1043145 256605 882120 56648 996063 546564 603688 357010 571172 292225 728023 518589 292563 439519 725804 305578
 903692 148641 446534 754061 446754 737232 881895 1 624868 201469 976449 377927 748556 784948 815721 981675 99947 114645 552645 377663 603322 188031 244352 379634 602770 275168 829170 871674 1030009 408254 533402 770937 231665 597316 627300 274249 453753 190837 64080 428105 371020 149944 704396 698230 427492 437840 846871 697538 630881 776344 843206 669592 594669 578887 57495 187804 616463 464656 124920 282830 558877 269439 263868 568909 648896 209347 486256 606401 340482 956059 608440 846796 567259 287331 290075 395111 398040 395628 964559 1057331 850637 263659 129091 543399 793092 46799 513018 602218 281509 210364 116008 882879 506934 167874 567651 499607 488582 482363 270676 422426 501029 243053 125807 379815 566450 126062 683807 76880 969409 592816 545454 239767 901936 605652 182599 969533 308458 708043 810880 783119 675955 654652 376341 957101 421319 397883 717949 441762 913155 677250 665283 195244 837220 557399 637589 297602 984511 706585 577765 903044 238630 848011 998585 627654 713036 901357 929332 623724 877471 830081 708238 855479 158601 318080 482113 578083 634781 732352 616478 108364 734878 700053 463803 872799 238909 512133 265966 338440 599226 861065 184396 484941 317938 130059 96437 954618 902413 631958 925419 235639 490615 237525 515008 492013 562513 875988 486439 899824 582699 576042 349357 995456 366712 827731 215293 839021 788888 451785 198419 664260
 349499 519649 416363 173594 381870 252943 273274 624868 1 554739 660870 258682 715484 166517 246135 425312 555792 540784 874371 271598 266675 586865 453143 331514 832354 660393 581774 246864 647396 398284 353393 165844 666634 191434 188124 370458 171844 437056 642675 216169 552706 641546 716706 767484 745524 366700 668715 717749 108923 170166 243164 163124 85688 531472 623386 441742 782413 308692 654988 452504 93115 389163 423795 333305 793411 675731 729304 87362 744929 386847 94098 628107 866952 596662 338489 350408 752706 243317 530926 651996 236283 527023 648873 492831 706674 664367 525424 351015 423044 677952 637671 515160 327842 524613 278663 198963 309738 711659 400870 341888 838067 702546 517821 439112 721012 592951 283728 579725 399953 106594 854256 437908 413653 507264 464853 460616 316596 150187 325864 374885 648115 355925 748300 526868 679814 234535 731601 757273 622512 549504 154972 434548 548386 70749 159232 421148 433080 155224 828432 320644 392309 335743 626415 273170 102656 299672 331628 230127 604017 410482 757982 405368 524095 383062 154126 70516 11067 308091 685163 532475 262524 275884 371312 261174 398044 759030 547171 714996 230199 622019 680439 491007 510755 569690 543425 428336 638153 889344 485047 626876 444069 625848 110061 702269 889036 280066 730716 308031 855703 313248 403895 531750 370404 387275 456982 562864 359232 224041 492964 107894
 773159 271424 527844 712107 273785 601217 779095 201469 554739 1 788261 361603 547163 721250 781563 959067 244970 103775 404551 375771 455086 353633 336069 241228 428057 123545 638191 794114 849897 234036 586587 673179 419149 469984 500428 190776 402128 172704 160334 408137 169577 100914 503705 501034 265502 270483 648859 497061 595157 678770 794075 551417 552542 380753 251451 164784 428571 503281 321288 114446 514893 167659 131061 403916 459097 121102 305464 565042 212955 926506 509945 652100 411844 447327 282488 241956 249142 312034 796912 880217 790953 64495 323469 348164 591845 244060 313843 433601 135062 123314 117168 706838 552680 55515 416710 383776 333884 297638 154088 266441 355037 437151 116196 472669 373687 298929 534536 240850 940033 491934 391723 118043 751057 410744 120699 820294 278481 598413 666507 622822 474536 487131 233761 789111 237484 370740 517512 280481 724002 480976 639765 167630 651186 498416 617365 377723 964305 672471 407082 784165 257007 707934 817894 645226 623712 792872 882996 627917 687577 668041 509711 698380 65667 377969 400637 493272 565696 743538 416826 227888 595976 707341 292580 772755 270168 334891 64502 192953 605791 667906 380188 288720 442936 289375 224273 811460 710534 467040 761361 79473 301675 79399 449535 303830 417113 829998 305999 785782 419258 612120 184032 833046 212513 670623 301841 651169 632880 341506 67990 623383
 426612 966704 1028212 780214 532451 411487 563151 976449 660870 788261 1 795320 374792 706795 832623 963856 972581 861966 787604 822174 436545 1060491 958913 618999 679108 797622 152373 675363 106975 569383 996238 567429 1144569 495740 483711 738054 720058 823974 947397 787999 638259 882327 427713 494706 746918 544298 197584 436731 769100 568653 784597 497747 743769 419647 1012756 821670 601270 929421 1075690 693650 735170 728483 718330 427710 580604 866465 672441 747596 826994 919907 575522 157749 762330 1120226 814666 593621 782829 677393 194952 148790 744211 724121 1074368 442922 310526 1022766 486259 392294 698508 867809 904738 147547 964119 809314 455490 571571 511675 657599 719422 567233 789836 1173799 854600 1022096 582729 1029624 383672 983624 928114 572164 767047 742223 308728 381474 804197 326915 781570 521463 354829 286217 390285 349499 797956 191642 684785 774334 429286 746724 64866 318721 810245 815876 140237 694061 819371 958629 975676 793443 699655 488341 851306 372222 86769 933732 597172 540443 834636 890881 101946 256056 471880 276310 818058 927658 650633 620808 664341 960376 492491 946324 400304 931979 517107 573934 867574 680141 729907 795733 889294 133598 1126803 502317 1060526 1010109 950927 362331 88983 727073 220957 802889 487154 800568 680591 638513 798323 811194 673789 512324 731066 967029 629267 241025 618184 283926 940382 137450 304002 607131 778058 759556
 584387 261572 240798 376176 330835 442453 529768 377927 258682 361603 795320 1 721132 410176 439036 609556 300039 313415 744938 27718 359428 329389 197169 231400 735875 483052 676821 501325 812886 319320 250672 419367 411078 311603 333972 176815 92739 204372 406706 50520 431745 427094 701771 732455 605164 311829 737990 699352 253057 424275 465322 354093 217122 517662 369059 211106 707372 164809 396705 293989 182263 203782 248039 377300 728508 474241 616359 228673 572842 581288 273741 713323 745505 350792 88919 264718 599446 125579 714956 828335 474061 360223 390432 472062 736129 413560 479638 410698 259572 476415 414436 665203 213696 316216 340638 224000 302527 601959 222470 278196 699840 446625 288664 226779 643811 334509 424208 324935 594757 264137 728239 249353 618584 515154 247295 677905 83176 375331 523130 533556 643582 446753 588198 709013 553572 25338 717645 619261 742370 580036 289732 205193 661115 188081 263678 174486 613446 329315 723108 567703 139421 548640 785881 284554 356970 554122 551469 266409 714001 578998 730598 589855 311664 138328 153423 230809 267258 381946 640989 278320 445785 345854 333697 518450 141850 648145 380380 549097 244194 716641 422050 439454 274278 311303 289833 652689 746376 786351 669837 440889 407143 440641 156298 599104 758840 498089 617456 558803 743845 260019 285051 730369 262866 565091 198418 670546 528354 190135 293626 286337
 659921 792706 958431 880160 390461 542252 760269 748556 715484 547163 374792 721132 1 833218 948569 1115359 780241 644494 421045 748113 450738 884957 821911 491946 308332 506698 253595 846361 476999 407412 966457 708184 959400 525208 535519 589327 682261 653301 701698 738258 377594 619526 57545 119987 410367 409388 177314 67073 815984 712091 921678 582334 776606 203498 797849 647878 231809 883567 867296 494356 751391 568159 537462 382920 207524 583896 329227 785616 506273 1072165 622482 222174 394214 967619 697852 458440 450302 597674 510014 518647 892521 486834 868825 249131 66473 790015 251285 365051 516350 584557 649587 403758 929745 588154 437182 539888 429723 318980 551587 442964 431604 980873 647388 927784 229316 837693 464579 781988 1083524 608893 401899 556256 561955 212054 613979 615144 670036 630822 541088 447826 78520 372355 470028 502824 364278 709447 55058 405873 320922 168385 866587 644769 303230 711601 862263 842330 1125385 870483 331634 709809 712936 581913 449019 953218 703779 751158 996062 916419 291090 460882 97105 501640 599034 822662 623436 650410 723886 1016323 144651 757896 528896 980934 387788 764713 730670 327595 482674 480580 904941 248137 925396 289532 934905 823805 757989 635184 287938 353260 505143 528783 314505 526471 675218 300855 430387 956299 330257 727664 361557 959626 457200 562444 467367 486482 793557 288280 472952 547742 567632 822927
 313969 670671 512774 85475 535444 306688 185659 784948 166517 721250 706795 410176 833218 1 125857 282296 710210 705254 1031549 417244 387001 728931 594944 495296 982217 826038 660563 99189 668091 556313 424477 139526 803963 317797 300762 536397 331883 599849 806101 362270 712854 807664 842820 899523 906071 522038 757239 845166 171764 138144 88629 250926 195575 665451 779164 604946 927195 410806 804871 618266 228093 555544 590287 463542 934876 842248 884767 185578 909753 239590 230927 709744 1022470 723964 495490 511735 915199 409735 542627 662089 70160 692682 798145 631364 813995 822656 669798 472302 589263 844468 803061 560098 411161 690746 410307 356532 459240 866704 567382 500404 997341 840069 681889 552062 867768 742463 371787 735074 251465 248996 1010914 604384 414825 634802 629988 438989 476915 203743 351970 430486 772857 461184 911750 540913 838688 388196 856808 917295 681808 664836 169897 597887 618309 228379 197740 555608 292185 126515 980623 261614 548493 339531 653974 304857 129615 218041 170959 266948 671475 451702 887489 431485 689991 518408 320620 231159 155585 279934 822864 688308 319901 263837 522627 170462 552002 913573 712690 879339 281964 698260 824484 638587 633633 719541 699697 399801 704473 1040100 500599 793112 590318 792055 274360 856016 1046234 124423 886225 239658 1009123 368925 567248 527182 533550 423073 604137 634980 408197 387552 659351 137266
 433427 687165 478587 72662 627994 431042 297169 815721 246135 781563 832623 439036 948569 125857 1 180200 731238 749942 1119132 438127 498506 731253 601259 572735 1078484 894196 784521 186087 792447 643578 377439 265370 798514 425598 413085 591361 379640 641251 845608 388521 796377 859700 954725 1008595 988341 612698 880031 956467 187601 263988 64625 368123 229109 772871 801180 647405 1027937 389945 816469 687478 266786 613924 653102 571760 1038136 900735 974837 216621 981125 144985 331084 833468 1112347 709168 527931 594133 993378 472319 666580 785131 107790 761729 808942 736006 932705 848862 770553 584464 655792 902957 850445 685954 374954 744343 517316 445006 555470 957316 628434 587196 1081692 834082 725509 529992 966838 754829 492115 757191 158498 347295 1099261 663543 538582 745362 678755 558491 516437 325096 477808 555729 885190 578553 987511 665144 923988 421677 969159 1000498 807454 780462 150813 640919 743119 285935 179812 555016 187334 110105 1074485 377161 577360 464398 779013 245768 247888 328734 120298 220653 796622 577546 997860 557132 741823 520738 390164 316651 235713 183569 928492 712364 444072 181843 617380 282492 577013 1004763 782270 952544 242975 822634 827242 736754 617329 732968 724289 518521 829764 1135470 625221 857436 689480 856664 335439 948187 1133772 73772 976234 353574 1101592 316853 645088 648862 612151 548929 617111 759626 533722 466934 716059 158200
 542476 846727 605624 252642 806958 582578 402089 981675 425312 959067 963856 609556 1115359 282296 180200 1 892813 922680 1299161 605289 668851 880631 756141 752927 1257054 1073104 934600 288524 909333 823379 498844 412023 940646 598225 582637 768410 557005 813621 1015537 559308 976540 1034490 1125024 1181178 1168540 791985 1033605 1127289 363929 408996 193713 533186 406975 946402 962463 820117 1205024 533993 971005 866919 444482 791655 831592 744522 1214151 1077384 1154553 394492 1160452 44263 506648 984193 1292147 845310 698177 774258 1173436 651524 783481 895274 225371 941007 963038 911060 1094890 1012049 947387 754385 834918 1079600 1023607 821162 507211 920163 690687 624252 733394 1136948 806670 766979 1261875 975146 898013 665639 1144486 910752 652613 919056 36201 523637 1279219 841220 657821 916689 853435 661625 689554 484906 614857 701347 1055092 743129 1167378 783571 1104110 594290 1139059 1180694 946925 946995 320599 813902 889604 465775 345883 706496 12342 286860 1253618 480851 745248 591885 900760 371379 411907 428052 129350 362616 940707 715474 1169457 688636 917110 675222 570280 495712 414675 273781 1103213 875884 596083 295361 795832 390417 743073 1184336 961591 1132153 387270 970790 975321 914451 754747 889909 887947 621066 972579 1314298 746787 1035656 866775 1034947 515225 1127566 1313808 159445 1155959 456116 1281004 439369 825265 756342 792348 685757 775825 906856 677456 647082 892894 337068
 856494 49104 346613 672638 440802 696073 821282 99947 555792 244970 972581 300039 780241 710210 731238 892813 1 141205 631059 294889 573198 108696 145381 356852 669235 345630 830547 800776 1016653 405727 434798 709898 179403 555299 584021 239505 384191 150350 157288 348490 407191 229572 741087 743799 498801 428305 860084 735139 549686 715123 762845 620524 516369 596141 69942 151612 673424 368757 107147 290176 482209 244834 256136 551307 704066 291201 548278 527556 421434 869087 551774 853560 642969 204669 217517 379473 473912 343693 940790 1040806 773611 296676 103897 556218 818432 119890 534133 586199 276964 292645 198840 867283 409407 194986 540540 455872 467505 541611 253161 406351 579626 203770 133379 279891 618523 58198 651931 26300 882297 537773 621646 233148 866904 616468 171069 932547 242746 653788 773189 756480 704348 636262 453846 933695 480853 322527 755579 513594 911144 689041 580428 157924 832350 486149 551745 198797 895067 623527 646384 849755 163625 807094 986116 533291 649541 843070 847233 532091 876815 803882 751179 825337 183812 221868 423222 516429 565038 638185 657200 26843 695441 606904 455557 811089 158293 576570 305538 413859 507424 865210 154225 501049 220971 44460 22404 914012 904215 703867 899334 301366 496943 302780 447879 548541 641992 794302 548693 844197 655004 479177 345796 967287 354399 798046 118599 836261 759135 408147 212610 584000
 799417 169539 442997 684023 332189 630642 786961 114645 540784 103775 861966 313415 644494 705254 749942 922680 141205 1 498775 320872 492935 249859 243166 268943 529981 211959 715105 786651 915481 293615 512783 677218 316804 492251 522627 173965 374569 109075 104198 363430 268377 117222 603260 603511 362772 323578 735249 596983 562460 682733 770528 567950 522683 467954 154956 102607 532311 433840 223361 168321 485446 163137 150899 455374 562868 173124 408145 534950 295032 893466 512973 733615 508518 344013 225717 282129 341390 301459 851393 943030 773208 157930 224486 431035 685886 161287 403241 488334 167556 175058 101027 768586 481275 56438 456479 396829 376190 400932 160848 309315 447992 336566 24841 383212 477349 195807 573597 138318 906977 496301 487696 127178 792061 492960 77332 860213 233526 609565 702357 670939 569981 541020 323098 843872 340415 328594 617450 377721 798787 564957 602301 109024 722641 477133 576923 289749 926742 639838 508017 802517 185559 740761 884021 587123 622091 804441 858515 575718 763210 717679 611480 744099 45861 296824 391052 487392 551263 689385 517921 124686 627484 654626 349355 778847 194185 436992 165045 282158 552183 747425 280946 373297 344739 185628 120567 846847 788457 566786 812810 166104 376742 167159 431159 407501 510537 804999 408617 800937 518364 545573 234847 883249 253275 716285 208770 724560 677573 349892 83940 593796
 970304 667002 931816 1046550 496398 811472 1028709 552645 874371 404551 787604 744938 421045 1031549 1119132 1299161 631059 498775 1 764172 670107 736153 739775 548382 115533 286880 647412 1080724 883339 476163 984706 942403 783485 723483 748192 568567 758913 575725 489206 784984 323578 403873 364194 306174 140650 509516 594039 354735 944155 947622 1115535 804914 899812 419767 610119 567865 189298 899375 674463 451236 864292 541391 497076 592133 216859 343332 148324 911815 212259 1261212 800897 630037 28646 834879 677142 525123 157494 658547 888348 923432 1100617 386462 679930 431915 487435 576002 381828 600831 485687 342285 437117 779981 949464 459844 636534 676203 573772 166937 522508 532525 51629 790638 517038 877208 208187 675368 727547 618434 1274322 782651 22192 498644 901348 464831 523312 966043 665430 858719 846459 767252 398245 641275 177259 880408 195729 747559 366565 126091 727975 493879 993866 569817 687602 836312 977087 782273 1306461 1017032 89502 1004104 659315 891946 852910 1027425 911154 1031260 1202206 1003416 693632 798645 328398 838904 469374 781566 731073 804426 885184 1118367 296347 620490 800834 1081166 510226 1027581 673478 123406 367235 217325 983747 654953 732104 402684 843499 672820 613851 974298 698697 98252 870294 332681 450649 331674 787785 180830 14685 1152631 146797 1014780 62447 1003890 477237 937693 508890 815764 705378 677265 787950 652338 466591 965556
 603921 253639 213104 377896 357702 465393 544333 377663 271598 375771 822174 27718 748113 417244 438127 605289 294889 320872 764172 1 386001 315371 181547 257616 757939 498286 704335 510506 838631 345254 226384 434784 395233 336515 358062 195663 113076 212679 410400 55708 453738 436303 728204 758062 623997 338736 765707 725674 254832 439541 467978 375849 222162 544620 364608 219879 730993 140006 387636 314249 189522 222896 267184 404915 752655 485618 637671 233050 588107 578629 294056 740965 765482 330406 95475 291046 616902 153244 739519 853568 479247 378323 380962 498999 763561 411082 505732 438231 280010 487764 421698 691304 189602 328234 367832 250652 330235 623614 241987 305152 718396 431073 296031 200039 667547 325231 449633 320435 592018 285514 747867 266533 641385 542566 258716 699791 98918 394605 546090 558842 670451 473888 604910 733674 574107 48450 744075 638252 769524 607639 287621 214567 688311 200916 260112 153365 608650 329368 744543 585141 139969 570464 811845 269586 371877 569570 552790 255082 741321 603998 756520 613995 322893 116037 177519 249642 279497 369617 666472 274773 469162 334272 360896 532574 138891 669463 398196 565348 231891 744194 409526 465548 251118 302298 286592 673756 773761 807737 694233 455239 433929 455116 174256 621284 777946 499695 638735 575363 764665 239719 309160 753992 288114 589526 187142 697855 553095 217650 307872 289115
 321396 556777 592031 429499 191973 149857 358788 603322 266675 455086 436545 359428 450738 387001 498506 668851 573198 492935 670107 386001 1 646586 532866 224028 606284 523087 328928 416927 455873 227921 566398 276120 732152 75242 86243 334410 284187 423794 593685 351796 375320 555719 456527 512526 560020 188586 407157 458566 371431 281017 475548 139391 335777 279289 626129 423840 545726 495170 680216 341129 317137 334436 342667 79262 550731 566558 521887 343142 591513 626527 172737 371522 656797 694764 387815 214148 578820 246386 368500 474595 450574 402533 677069 248330 440001 649636 292133 85960 328629 568547 566279 306793 532643 451879 38704 135434 121303 503222 332790 188715 643417 764360 477815 586037 489091 626299 80671 589643 638465 160812 648402 365908 299152 247844 420736 367564 354682 192668 211516 183639 386809 94085 581740 361646 488291 337964 470809 568581 385967 283480 420523 416912 305656 275285 420029 526660 678360 420724 608559 342017 430924 253013 427830 522592 257789 363107 554910 482203 360287 231020 500606 252730 457113 493987 214864 206349 274429 572835 437277 546369 142627 539009 173591 357475 445588 547667 417935 558034 475180 369671 724177 267441 628690 604568 553567 356569 393781 664868 326275 504904 219564 503090 250995 489639 684580 511327 523428 349158 639003 544090 271069 394199 243900 225187 518812 316974 186236 174992 416358 374568
 909632 94661 294088 679968 533019 757491 859027 188031 586865 353633 1060491 329389 884957 728931 731253 880631 108696 249859 736153 315371 646586 1 134242 441493 777352 452372 922329 824244 1098068 500422 395278 748754 85597 618560 645416 322476 421200 239094 251760 371016 514408 332553 847195 851575 605821 518843 957674 841467 560361 753653 770682 675208 533525 696925 133766 242761 782119 346640 98804 391735 503446 333904 353123 634405 812724 393817 656753 543356 525045 861695 599455 948073 749031 99430 264575 467792 579624 404778 1014879 1119803 787384 404191 89999 655592 921038 183025 636749 669791 374450 395073 300021 948099 377507 302999 616968 520249 549957 650242 345645 493625 684575 119095 240772 225898 727079 61970 722483 117747 874434 587744 727524 331679 931990 714470 271514 995208 296055 702012 836847 829966 808348 717495 558948 1008127 589434 354412 861868 620522 1000509 786931 582691 247565 920494 516128 552564 176258 881396 628585 754154 896157 216281 867246 1068327 510943 686273 883509 850532 518588 967170 877212 858530 895166 291819 211627 472558 558928 594861 614204 764333 127713 758522 586921 546226 847533 203061 684849 413746 519543 494147 958294 96125 602216 145155 64494 129594 973344 995810 811036 971876 408808 594212 410308 485410 657236 746670 799113 657151 887893 762028 448170 441471 1037557 445399 868549 132687 925642 830020 474347 318246 595557
 780706 96298 204243 547733 446177 633523 725781 244352 453143 336069 958913 197169 821911 594944 601259 756141 145381 243166 739775 181547 532866 134242 1 346587 761187 453946 827667 690036 988301 419413 289418 615925 213998 497148 522446 234207 289756 174478 296336 237060 471832 354344 790770 805655 601498 429631 873565 786244 427132 620746 638513 548183 399446 624144 211298 181395 752541 225713 215441 332995 369205 253842 286233 531353 780003 414075 637687 409404 538194 734896 469930 857909 747840 161976 145146 377079 582986 286696 898457 1007404 654065 369130 207769 580064 850209 263854 570634 566699 306760 415857 328469 838610 264492 280554 506706 401298 448072 627718 270382 400225 689544 249691 223086 140787 692699 154615 605307 170975 747870 459269 727561 270562 809254 634505 223639 870698 178365 572037 713726 714252 743617 610815 565514 892037 569729 222447 806176 616485 901428 705512 451527 182387 820317 382461 421726 53421 757675 496784 741714 764870 110800 741878 959603 391268 553184 750734 719731 393645 869844 760992 809233 775981 270644 80982 345236 427867 460978 496027 714924 137825 635578 466036 456303 714093 93322 668192 384158 524444 368948 865486 229542 532725 113397 134049 149024 847080 900201 802503 854387 407818 515354 408645 353450 630924 751963 667780 638386 755869 755078 334677 365265 917943 360174 750064 34454 827211 712123 357994 280391 462267
 534617 347826 466496 500519 102577 363814 538450 379634 331514 241228 618999 231400 491946 495296 572735 752927 356852 268943 548382 257616 224028 441493 346587 1 520500 332720 482559 560073 659828 88210 481118 434032 525697 229195 259733 119099 215229 206638 370354 256488 224804 339277 470621 501485 415661 84519 527384 468059 395791 439618 574678 310189 351450 288722 405013 205291 483559 395944 462635 128385 316195 112668 119342 194480 502143 359837 407819 363435 414655 716335 273154 511486 543678 504975 209663 33542 421323 116128 586444 684105 565440 200451 460311 243140 511618 426113 248242 229496 107712 361980 346105 510438 444091 229854 188018 144344 110794 391343 108959 53639 509366 555472 253946 437759 419836 412608 304674 370821 729639 254705 529213 142101 523123 291756 197253 591296 179628 357605 433755 403787 413847 279479 416816 579142 352666 223225 486489 427976 559222 361000 445702 198933 479023 288170 429951 357161 759760 468943 511837 543300 236175 472956 629380 492458 387873 551716 663049 463188 526307 450918 499261 475848 234268 333570 182975 264141 342553 575710 410312 330151 359834 538429 110227 532528 253362 438889 219600 384047 445978 519696 510509 208061 455403 392267 336016 578530 555665 574604 546406 303901 177491 302528 239428 384965 562927 611566 409116 544589 536307 483403 72466 616034 39528 448098 324341 484429 409258 107759 194241 417549
 890939 699180 941970 1005934 450608 739792 960959 602770 832354 428057 679108 735875 308332 982217 1078484 1257054 669235 529981 115533 757939 606284 777352 761187 520500 1 327613 543316 1022596 777323 438810 983317 882197 833898 666909 688829 564524 735627 589360 542179 770810 304208 453370 252408 191430 176996 466464 483551 243114 911874 887169 1068614 744700 867886 337636 659653 581849 77927 896888 727461 445470 834271 537497 494288 527037 101866 397834 123557 879361 276770 1217303 751850 522328 87354 873590 678327 492632 212535 635650 790468 818050 1049706 393275 731860 359209 374797 632786 314385 529918 478973 397362 487476 681680 946970 482801 576134 633687 523825 135112 518061 494225 141201 845463 544243 893011 118226 719011 655210 660652 1230075 734272 99684 501379 813720 380418 538143 876097 661450 798462 766558 682458 293670 564560 236071 782669 191463 734563 253415 163864 621107 398024 962805 582337 586229 802387 949062 798442 1265164 981220 30111 929316 669478 811613 747566 1011380 857291 960501 1153061 983442 587812 710015 213953 751003 493441 792216 698387 761839 842788 1096199 194972 654628 728242 1058923 461227 961269 685256 93185 377195 267842 965634 547707 786632 343649 870323 712911 649837 887525 590570 58643 775733 369059 392038 367438 755698 136804 123094 1105529 122822 941989 53718 995649 454263 841004 482315 729473 727508 574671 704625 617171 480973 929838
 844425 380253 649623 823498 331421 672822 866620 275168 660393 123545 797622 483052 506698 826038 894196 1073104 345630 211959 286880 498286 523087 452372 453946 332720 327613 1 645250 892792 871516 295439 710094 765157 506361 552121 581596 308713 516890 295889 215292 528369 162419 126281 455781 436951 153485 334928 636164 447704 709591 770719 902538 635954 666170 378024 332060 287971 344818 626813 399933 207896 628768 283444 241812 459280 378300 77792 212613 678641 89829 1039104 605803 649831 297501 550179 405712 323023 129437 421908 835429 905566 896158 133375 404259 357918 560856 306543 311553 483178 238484 78231 160287 737025 676224 176662 484541 476614 404239 210844 267148 342231 236034 518004 230865 592668 300405 392814 598196 334850 1052584 587310 276358 234871 807107 417127 244152 876388 400245 686243 729982 673378 443300 535178 111640 827393 151286 490713 467394 168152 732777 479642 755802 291050 667540 608800 734667 498102 1078851 786267 302917 862692 380212 773726 839215 767345 720538 877179 991409 748778 695681 715543 450182 749979 185230 500319 507099 595317 671452 864555 364794 333936 665652 828085 350187 861771 392937 237279 113398 70538 727068 669201 459206 300992 556638 388322 327680 872724 713854 358710 804529 46140 331219 45426 559356 222963 298579 939005 212659 867119 309661 735445 263551 876536 296806 722926 419496 664204 687270 439496 190697 736204
 430406 827890 915282 723792 389944 353886 549423 829170 581774 638191 152373 676821 253595 660563 784521 934600 830547 715105 647412 704335 328928 922329 827667 482559 543316 645250 1 650475 236770 425048 895042 523584 1005268 398526 394562 600527 610154 683905 797924 676370 486088 731121 298837 368875 597875 403518 102696 306945 690336 526211 745316 423650 658892 267285 867504 681009 465606 822021 931877 547011 643886 588568 574751 300037 449056 714276 525422 664802 675623 890377 489761 49681 623408 987336 685664 454692 632928 554069 256541 276186 709470 573840 931000 291320 199328 875169 333924 266134 554355 715604 754192 151988 860920 661482 338291 457665 380472 509863 577996 429423 645697 1033276 709050 902255 439970 888182 298669 840164 900238 482212 626227 598279 321429 229453 660549 367364 653110 460162 324689 233753 249824 235084 647401 249449 534207 657924 304036 598429 87543 166741 736263 675603 52262 601937 740333 832247 945721 727505 561373 486737 718110 358088 205758 848338 538050 533952 808219 806871 50441 229338 347080 266399 670571 803617 541644 530371 587365 889287 351102 804692 340667 857646 376129 556943 734973 535355 578923 644083 801642 40759 984482 350888 933212 869480 808580 391777 73671 594826 254734 650835 338598 648508 579916 490870 658938 776319 526821 507737 593530 872762 485112 309061 477197 258471 806723 35374 258361 486691 631197 687107
 257280 762821 611928 176101 585809 304667 116443 871674 246864 794114 675363 501325 846361 99189 186087 288524 800776 786651 1080724 510506 416927 824244 690036 560073 1022596 892792 650475 1 623382 611421 522658 141039 900514 357325 333872 614718 418159 683800 889083 454989 768791 884477 862448 923376 961096 574635 751055 865827 270424 136394 123528 277922 291101 694709 869024 688378 962627 509909 897696 686694 321093 631689 663283 496097 966946 915112 932632 281965 973515 244545 287143 700155 1069434 822011 584219 572139 973625 486556 497113 611795 78918 760216 891209 665252 819702 910855 708212 497966 659930 917314 882337 532839 510121 767779 446564 416565 507660 914186 641795 557218 1049797 936625 764000 651003 905820 835356 382587 825146 252908 305707 1059485 679352 370324 659535 710189 380268 563289 224282 327702 416733 792489 476475 972150 496770 891595 478289 875497 971400 658992 679531 268154 681147 603963 314916 296565 652209 300316 223185 1023707 197275 637818 303371 613463 400336 172532 145981 159514 364025 653947 427902 909326 400192 767973 614714 396403 301244 236894 363131 852702 778045 318167 352536 570956 103320 642544 960037 779612 941977 380089 685507 919383 680681 732012 812263 789180 339697 685344 1081081 459131 862746 632107 861512 356892 901986 1095354 140187 934137 172729 1053495 466193 630207 473440 596575 398077 697639 621456 392186 453956 735012 236254
