NAME : domp20p5v8
COMMENT : Cherkesly, Contardo & Gruson 2022
TYPE : DOMP
DIMENSION : 20
DISPLAY_DATA_TYPE : NO_DISPLAY
OPEN_FACILITIES : 5
COST_SECTION
 1 417006 869815 458122 271761 592206 892183 211204 199118 339477 677422 562659 560736 642037 203203 171637 465842 909051 530129 358850
 417006 1 482546 166047 425047 191753 475178 337333 329712 266931 264880 265506 396904 250736 214348 446159 432394 526681 113313 67441
 869815 482546 1 575358 905383 290822 246244 714231 715729 733615 341052 333125 772396 232695 673284 926969 868148 513536 392893 549963
 458122 166047 575358 1 359134 302730 493304 451155 439712 173515 268517 423698 232643 362523 285246 421980 294247 452810 188885 151099
 271761 425047 905383 359134 1 615253 851846 431785 416480 185815 626277 663129 344510 675257 296701 115829 213713 786444 515534 358740
 592206 191753 290822 302730 615253 1 321287 465827 463373 447740 178421 178076 523974 61028 390689 637112 595887 462472 114045 259188
 892183 475178 246244 493304 851846 321287 1 785508 782148 666709 225785 463331 633768 298492 689363 903223 758707 273969 362157 535591
 211204 337333 714231 451155 431785 465827 785508 1 15410 409740 595868 386641 627761 502937 176995 362005 578704 863973 441654 307206
 199118 329712 715729 439712 416480 463373 782148 15410 1 395182 589914 390021 613832 502000 163205 347563 563602 856029 435561 297211
 339477 266931 733615 173515 185815 447740 666709 409740 395182 1 441509 526814 224905 508727 234790 260063 180503 608200 340743 208634
 677422 264880 341052 268517 626277 178421 225785 595868 589914 441509 1 356375 435111 203640 477197 678423 545067 286440 154380 318576
 562659 265506 333125 423698 663129 178076 463331 386641 390021 526814 356375 1 656152 168675 384910 653437 697396 638447 259754 318180
 560736 396904 772396 232643 344510 523974 633768 627761 613832 224905 435111 656152 1 580635 450771 451435 152094 485767 411236 366831
 642037 250736 232695 362523 675257 61028 298492 502937 502000 508727 203640 168675 580635 1 442695 694277 656196 475218 173652 317976
 203203 214348 673284 285246 296701 390689 689363 176995 163205 234790 477197 384910 450771 442695 1 268915 409276 722315 327652 160213
 171637 446159 926969 421980 115829 637112 903223 362005 347563 260063 678423 653437 451435 694277 268915 1 328484 867674 549997 379067
 465842 432394 868148 294247 213713 595887 758707 578704 563602 180503 545067 697396 152094 656196 409276 328484 1 634144 482638 381933
 909051 526681 513536 452810 786444 462472 273969 863973 856029 608200 286440 638447 485767 475218 722315 867674 634144 1 429500 564058
 530129 113313 392893 188885 515534 114045 362157 441654 435561 340743 154380 259754 411236 173652 327652 549997 482638 429500 1 174320
 358850 67441 549963 151099 358740 259188 535591 307206 297211 208634 318576 318180 366831 317976 160213 379067 381933 564058 174320 1
LAMBDA_SECTION
1 716
2 110
3 709
4 195
5 58
6 866
7 885
8 128
9 188
10 437
11 28
12 581
13 30
14 421
15 441
16 218
17 412
18 192
19 798
20 799
