NAME : domp200p66v2
COMMENT : Cherkesly, Contardo & Gruson 2022
TYPE : DOMP
DIMENSION : 200
DISPLAY_DATA_TYPE : NO_DISPLAY
OPEN_FACILITIES : 66
COST_SECTION
 1 687897 720155 753111 741069 1136742 342544 937677 847702 916873 763243 634953 845600 705822 528352 867020 827621 572392 298075 681239 615778 800883 254017 309735 432140 705268 454839 1080436 466806 65413 420741 237049 234533 745268 854828 952588 504172 504908 436102 840603 486826 712471 911335 535832 489796 805821 701341 713687 688722 119948 131001 319120 91656 785387 399522 828960 795278 182759 380268 705981 628280 196321 978892 1148403 488290 1066441 612821 912243 428702 874856 671073 237602 658540 401916 907518 736486 639283 223076 676302 502604 193231 927147 596783 580078 393399 390106 665831 430459 424978 811942 986207 639784 1177685 769412 592861 869953 379097 719102 171163 174757 1048903 715940 681951 94409 928550 935958 590109 422585 769994 677482 306449 948067 281403 434016 115274 482471 313812 764563 359118 27515 1123750 974441 636068 748079 341905 117830 407999 526093 667771 775294 1000801 557705 827735 674341 1032976 748764 908595 831720 884144 1061099 364356 175081 559611 345500 636371 304035 175536 682290 534365 291872 505405 411916 729518 877106 739185 403522 951931 701638 653708 530607 811429 507328 215829 364788 927214 674720 723327 446535 1010645 192572 1076788 968314 786219 380776 169249 648966 855582 221520 221667 722307 892819 886166 890740 258001 150156 580683 373755 659035 626913 724525 69187 899784 446718 862739 692596 1082178 871486 236495 145135 840132
 687897 1 907881 858528 719260 705032 513727 625748 509346 659774 268751 769362 1064155 721268 225361 803484 299430 910257 429222 10330 101012 1036297 678016 388460 276681 387892 702687 723223 770919 696142 864875 779022 889224 348235 692767 589006 786747 393564 640747 1047476 495697 741100 1074745 621355 436340 954502 655620 867295 134242 807490 556954 376172 742957 874630 730481 531036 463576 864630 432532 162361 958748 531798 642963 755041 247490 643963 698554 603815 272088 1111904 27972 817497 43112 342535 783489 340792 468975 467159 230886 746291 865942 703951 190516 109427 323765 298550 628288 285405 845713 866293 629886 116134 752017 923515 144572 288683 754334 98030 792776 861254 682120 164948 667101 615986 859293 742159 180233 705374 326750 40525 754289 629735 744240 427693 604311 513909 383751 391825 369140 669794 690414 692541 967682 913090 570334 571120 568781 256950 502239 1068764 512608 301822 356544 367429 804525 169145 948375 214590 933758 742771 444532 651666 931505 345041 961433 889432 835177 179753 585477 407420 641475 644461 956012 816469 901797 340264 573437 688243 211660 788213 378733 226142 668858 556624 428680 617725 356324 690228 747575 518663 670729 669548 1065059 313961 848213 689398 918525 764038 772656 154339 317240 558902 477188 807074 835130 512996 460501 563330 141854 941724 629125 977767 569254 510182 201813 697736 731839 503280 822171 777137
 720155 907881 1 99197 254023 801323 477068 582719 590956 519373 739887 138534 157426 222870 690849 303134 780014 197805 839702 897557 918441 129248 466736 675471 695606 579486 275904 690454 253580 785321 352530 511531 653086 648605 406054 641678 216126 516944 320339 142730 418909 204296 195612 290051 476618 87287 295554 48355 1009029 740239 713349 784366 656908 121000 320693 547452 581206 721567 529673 1039296 179233 815174 621987 766587 684322 752999 209818 571923 831662 204185 914822 542381 864991 888708 377906 648400 461032 743030 707651 222394 692014 486869 976566 830363 850850 773683 304465 681373 331908 164680 646228 793615 819193 54711 933185 847654 343482 998331 604118 791428 684679 1046556 269896 653664 331337 459187 727673 302491 691375 870452 421713 592696 445660 503879 784762 402586 678411 623343 628824 697046 795665 563973 180771 33300 433013 724108 387983 655688 440959 182761 794688 606127 722953 579644 535542 817903 226361 874671 203131 640193 528282 548208 237138 715051 172222 536135 659251 1037043 324114 788859 281821 335371 57808 302991 31487 888402 657173 258433 1039212 189743 682761 700595 505224 425856 776805 321074 623159 287377 559616 791148 740469 579228 170815 800190 707340 228299 175455 520178 525248 806718 849521 585655 676347 507223 728547 397939 504978 371804 767521 42166 747258 195916 366399 607700 743303 720099 384887 589631 697443 296805
 753111 858528 99197 1 165330 703576 473494 487204 503520 422723 670375 120554 218775 143504 649884 204160 705563 282536 837773 848288 879026 207046 500085 666036 668603 508861 298288 591842 299048 817101 422229 562643 714074 576136 309298 547670 263467 477152 326696 199340 387516 123137 216291 263559 440861 97380 216964 59216 967547 787328 729146 776305 699001 32929 359222 459725 499050 776334 512708 998240 273967 826065 525512 667761 648880 656720 171406 477739 811146 268010 868084 598468 816290 875832 278762 577029 396817 746654 647183 252417 748344 388653 944295 789491 836396 755356 234734 654265 398477 71476 550251 742726 720635 74209 897884 772956 389688 952118 654669 842352 586958 1004870 196623 678165 236084 360154 679730 330920 618235 819744 469383 496916 491489 477948 805322 373911 668383 547127 612113 728265 698243 465870 276610 77002 438440 741690 383105 613864 371291 275138 704580 558200 645024 513401 436657 754961 157209 805934 132399 541198 514490 578194 323950 700940 267758 602520 713263 998842 291263 784765 270536 347262 154129 204504 70564 875277 563921 179774 1004962 233720 604307 662979 537671 425798 691986 248869 552187 307004 460501 800943 643277 481838 260099 784433 760821 169462 103186 568743 575066 746259 772560 494263 589262 562822 779480 345943 491149 302987 716785 139566 771934 148729 353812 519633 682709 622107 286444 595032 748194 197730
 741069 719260 254023 165330 1 555192 417482 331817 338474 271855 512441 166116 383365 43422 525283 126266 543814 393842 765265 709241 751640 372064 503266 587810 563377 351679 312383 450425 348257 800764 494433 591826 754119 416567 161932 388629 323055 361992 308618 363578 294499 53551 367837 205433 334890 259271 64087 205835 836418 799045 688998 696093 705144 167910 387187 294728 334225 802518 431308 867293 404696 774389 372874 527843 532062 502746 138111 319236 711160 432403 731782 634498 678330 785583 173685 418352 250308 685922 498260 290108 778390 247810 825257 661722 744743 660160 97264 549412 467366 149060 395833 603256 577499 239536 775546 610825 425802 815478 677894 859378 439242 873087 64223 654873 189348 231673 545094 347659 457828 679382 499522 342227 516591 384757 770293 287418 589120 385047 525003 714212 548322 322131 409809 239981 401176 704006 335964 489215 218762 436309 540923 427048 481533 360593 324118 602231 230419 647780 214607 405600 438105 569815 435061 613999 400752 657426 740298 871426 213222 710459 237242 334229 311809 137061 231392 784670 403590 41156 882509 296402 440684 542633 536310 380887 526658 103133 394115 314748 329801 748288 492645 333520 422858 692232 785137 94371 199855 593058 601205 596082 609220 331633 424179 599976 798468 222813 416588 156233 577937 296183 745010 258872 298391 354801 533144 475651 154109 544450 767935 99084
 1136742 705032 801323 703576 555192 1 802088 226910 289671 283387 448332 718049 899414 595302 668744 509314 405966 946621 1014330 699901 794733 902488 960624 865267 765730 434939 819642 119427 875526 1180151 1024034 1070481 1231907 412257 395726 188151 859473 632114 785799 879101 663456 608708 848432 680959 648393 778425 539037 754994 835851 1230315 1035648 938111 1137431 690729 892269 314518 341503 1256647 756606 860107 959886 1078187 183526 71380 704524 70716 668955 245816 883956 943856 731608 1117242 686970 974115 435886 422073 503840 984308 523583 818656 1240285 315198 889407 732662 938102 864299 555260 758517 996469 651630 164225 633810 47124 772665 836973 425078 932516 788113 1139294 1294041 116645 859785 569740 1042394 512214 348495 630804 849772 406195 672631 990425 215830 999541 702815 1114312 673714 863320 381254 798616 1109862 14728 237957 964970 780215 823602 1053311 765849 650685 483164 977344 194566 596794 358094 467557 305963 536648 661309 502796 666624 176813 772398 998387 986991 858382 955906 1160222 1201093 882573 658945 966399 724109 809389 857618 514269 774118 972180 185464 567722 916654 837243 352350 696086 981481 797777 276440 537914 426769 815971 255413 1054391 64370 222297 960731 897318 1237893 624087 675764 1065388 1074940 555508 398983 257132 254786 1087445 1241704 577299 763739 519710 624062 842776 1110514 713770 731523 274110 532029 82060 417512 900897 1215194 507888
 342544 513727 477068 473494 417482 802088 1 596631 512506 574336 477902 354746 629274 388774 293395 542978 540647 414771 364734 504085 488737 591142 180699 199055 248232 381531 213251 739701 271911 395323 351150 294197 442257 433827 515280 615481 296948 183290 157948 617544 144283 400104 670572 217495 155501 550495 369193 452286 580429 428425 272127 307309 335365 502077 220558 490150 462940 456233 81801 608032 469071 358212 638540 809272 266294 732645 307954 571527 363462 670731 510012 339669 472673 412701 574485 426454 299472 273926 400827 266400 442391 585274 525445 412363 375990 303902 332144 235916 332299 517632 647308 420185 841283 513612 491107 596067 241022 585496 344534 492153 709415 616791 354507 249517 606698 595946 352878 203634 466736 485781 246051 607198 240979 111212 354170 140747 202271 443746 162729 315046 789679 631953 478256 495763 57346 287673 90520 270280 325988 599807 682736 266516 522642 354290 692337 500235 616326 580459 593659 718855 69254 197488 428660 241616 473712 401381 403813 598030 204273 312576 202960 148897 509111 554295 484823 412517 616625 376473 590486 308529 498271 287876 188564 52251 617787 338519 408273 200112 668297 332324 740547 626231 601952 326948 437437 332956 567865 283682 293425 477714 613320 547797 564705 318533 439833 238191 55442 317645 397814 498284 333155 620937 121983 528550 428151 743523 534854 126990 413989 514567
 937677 625748 582719 487204 331817 226910 596631 1 118246 67984 358643 492318 693335 370494 522565 307238 348573 720576 854117 618041 697831 691268 744793 690132 607844 268990 594659 143147 649170 986080 797889 852037 1014951 281286 178735 66391 632633 441947 563774 672907 453611 384975 653081 456859 449038 569256 312230 535339 759680 1023766 847273 777153 929481 478329 668136 113981 171594 1045011 562530 788100 735680 903160 44231 215591 551653 170935 442056 26285 743417 740009 648321 898448 596161 832381 242462 290034 298534 807969 404893 592054 1026770 116283 789646 619948 793145 712042 328646 597901 770304 442616 64087 528283 256217 558977 735351 399864 708490 720610 924941 1087351 116586 790371 342948 843536 328738 160475 502225 625609 299047 587223 769127 11237 779636 506898 928599 461376 689045 238615 620975 910325 218517 68112 741084 564199 611291 864674 550324 496180 270814 762342 236787 432708 279207 301400 184647 463134 471144 465896 471181 129744 577028 789043 760691 692875 732054 938147 987471 804021 437173 802226 499868 588067 639949 315219 557140 830716 86742 341643 830323 610335 248938 549053 768364 585666 261737 311498 281708 591565 123238 878011 162889 43803 747004 746469 1026396 397304 474698 848080 857462 472427 384314 67614 163392 867551 1032437 362552 564815 297173 510834 624689 918828 520663 514251 115569 426859 153115 209080 705807 1004725 298773
 847702 509346 590956 503520 338474 289671 512506 118246 1 153743 244690 479673 720007 368432 407142 357310 244211 700673 743824 501398 579779 710479 673853 584859 495780 155480 547440 243720 609215 892366 754715 785242 945161 163183 223527 106074 598995 344014 506855 699908 375206 386663 693573 408463 358768 594945 298061 542604 642926 940653 749562 666825 847869 502338 616643 43815 56254 967621 468009 671668 724614 798562 145594 303568 437890 220175 417856 94756 628032 768592 531359 832161 478774 717494 309210 171835 215482 703689 286702 555387 951840 202395 671431 501722 678760 598993 300844 486599 727515 473737 143866 410224 329984 577680 617134 303053 656242 605071 851321 1004377 206834 674223 326958 753306 395663 245235 384417 574682 183678 470396 708668 124155 716007 413692 829471 386481 583380 120371 516562 820716 277175 183460 731139 578416 535544 767162 479829 382415 199331 773708 206168 321198 173635 188686 295733 349630 523289 361492 517973 244628 483558 709108 738327 583721 722380 878815 912734 686890 381574 693052 451114 529031 648690 368150 569655 715774 104308 333867 712563 580818 137836 433970 693296 509736 190300 282502 163854 541981 238304 773957 229092 161696 760915 633217 948848 378492 514945 779271 788919 357066 292853 50655 85747 803534 952245 292904 474301 248875 392600 632919 823381 567769 447177 18096 309321 236971 262993 612402 925943 340045
 916873 659774 519373 422723 271855 283387 574336 67984 153743 1 397916 435651 626479 312395 535346 239362 396747 664318 855149 651465 725228 625426 711998 685748 613404 284238 550655 182028 601229 968173 750184 815956 979749 311556 113431 133979 582181 433814 525098 606049 430056 325393 585203 415808 434248 502807 260390 472513 792473 997279 833779 778684 902399 412495 625375 129199 196320 1014464 548994 821718 676540 896523 102806 259241 560731 234042 390470 70544 754320 672878 680756 861789 627340 841685 174872 319210 284523 801531 432577 543304 994700 51250 814809 643456 801569 718402 281948 602368 722612 375915 128109 556360 306554 493654 760645 452731 665717 756387 892548 1060490 167439 824692 290683 823511 261608 96068 522771 583031 336475 620230 730093 76004 742266 493207 916001 435302 685131 267955 616313 889378 276843 58312 681591 499689 583004 850882 519632 505962 251244 697665 303759 439898 326208 314070 146037 502783 403192 514361 403221 147173 562371 761724 705039 693350 672526 897441 955462 835560 400356 801946 458089 550169 576213 247247 493011 840149 153752 286278 859227 558452 291516 560788 737964 557864 322343 266142 306096 548746 98777 870886 221346 62121 681903 752965 996038 344588 407008 813208 822371 509102 439623 110534 219078 829788 1003845 336391 547897 262257 536763 561132 902809 452684 482145 158484 458308 204002 141454 689551 975295 231677
 763243 268751 739887 670375 512441 448332 477902 358643 244690 397916 1 607488 887625 526898 242220 571747 64507 795660 583726 261712 349644 868126 658458 460546 344216 161516 602984 455587 673102 793160 799629 772081 915106 97023 447904 320269 676569 298738 546330 868854 386354 547305 880143 483590 337526 767521 453999 693892 402989 873204 643699 510678 789564 678977 654905 272279 205771 915686 405092 430652 833751 662481 374299 492125 282292 382988 535685 337837 441983 936867 292813 817315 243296 531224 538629 94182 279654 574296 87922 631678 907510 444958 444033 284350 497586 431284 436985 341140 775217 660895 361212 185493 495373 742147 390657 119973 688912 362207 815745 934684 414537 432485 474115 673668 620724 485925 190856 618826 61775 231765 717271 362034 716101 367047 713783 404442 457359 136039 404243 738942 433608 426156 841811 736720 522606 660953 490060 237661 299666 916779 265765 212937 90673 161329 540216 104940 729828 135576 719336 474021 421804 665187 826215 440091 834058 878812 870793 448298 447414 541370 517551 560352 794479 584102 726223 529183 304942 490772 477650 668135 110172 267818 664778 500128 181008 421792 118395 593094 481395 641429 407562 402340 908432 461968 897294 511589 709515 761230 770925 114460 135420 292773 208950 796306 892928 353263 424829 368754 176657 778957 721509 767091 472220 243478 84824 432178 488262 533607 871918 548630
 634953 769362 138534 120554 166116 718049 354746 492318 479673 435651 607488 1 295447 123660 552666 266013 650848 228672 719457 759038 780673 267177 383329 549675 560883 448943 180804 615790 194655 698485 334149 454060 611006 518788 327793 544794 163863 378678 206143 279676 281834 113955 320153 153282 338836 197917 183063 101360 870997 674529 608598 659701 584300 151559 247261 437599 461966 668113 398931 901341 245482 705677 534743 693274 547071 662659 72367 477082 699970 342679 776312 492883 726463 761196 330595 517783 327835 627055 571224 140779 641402 413855 840519 692308 722363 642962 180495 546578 307875 177426 556320 655201 742113 162140 796280 718342 281473 859854 544709 731361 602945 908514 153100 558385 316647 396878 589148 214875 561745 731996 360111 503107 380695 368941 684953 266170 552241 496917 498584 609722 710476 487555 251711 147304 318095 621185 264227 517380 311703 309314 685801 467636 597256 446352 486772 682046 273687 741303 249337 571673 399309 459874 269468 586491 242877 505839 605009 899580 186161 666948 152441 226897 188658 271884 135882 760743 557755 150765 902667 135037 557940 562929 420312 306121 658908 198550 492463 188451 495745 680625 654729 497693 301610 670884 651862 101605 221096 458482 465495 670047 722109 482720 563105 457386 668834 260600 375878 243710 629108 173654 652035 269283 237143 497270 606820 639623 319027 474967 637635 247217
 845600 1064155 157426 218775 383365 899414 629274 693335 720007 626479 887625 295447 1 361665 848085 390285 924063 279273 988630 1053840 1075837 45632 597239 828289 852480 726244 421233 782921 384308 910982 444191 621957 745089 794135 514895 756512 348754 674116 471412 20430 576334 341466 90485 447476 633989 125197 435428 197108 1166351 849857 852939 936180 774030 217811 452768 676205 717538 821310 685290 1196647 230960 957107 728472 855592 841746 859063 365604 686856 987162 49295 1071558 645128 1021358 1041900 463665 794740 611239 889748 860238 366567 790155 586250 1133764 987671 1004661 928788 450712 838279 430518 250740 754473 949454 910711 145580 1090573 991521 467166 1155189 712389 895168 784123 1203875 413588 787543 394093 550920 884049 442995 836432 1026408 539809 702252 564765 660950 920119 559978 831417 765771 783977 824480 895775 662634 225861 151970 582221 862328 541628 812826 587997 114559 918156 762334 863797 729127 609879 969514 250222 1023051 237885 728434 683174 679489 304904 869191 221894 623030 761480 1194468 481414 939024 438167 483755 120947 385168 163006 1041678 773986 398068 1196528 327857 823081 858000 635428 577401 909386 465883 769747 433644 646903 933958 842338 681941 92975 954533 809203 378794 224282 633425 636806 959452 991322 707392 805690 611931 833439 552537 660012 519059 923366 130993 879732 198321 522146 735649 895892 817360 485438 736770 803215 394815
 705822 721268 222870 143504 43422 595302 388774 370494 368432 312395 526898 123660 361665 1 519667 162284 562402 352095 742834 711115 747941 346040 464758 566181 550214 365382 271046 492155 305106 766403 451041 550887 712643 432671 204194 425254 279645 351239 271043 342514 274452 20438 355925 172669 320158 240643 73861 174601 834576 760581 658671 675533 667137 154188 345385 325112 358800 762410 409443 865412 365192 746868 412337 569634 523171 541299 96832 356528 696780 410959 732273 593092 679577 768305 215702 433527 255192 660188 505632 247072 737847 290344 818180 657985 727773 644010 93179 536043 423996 146851 434580 605154 618679 216141 769718 629877 383645 816269 637798 820398 479807 871604 54334 621187 222742 275059 544308 306463 474842 681913 458152 381120 475739 366086 739241 265075 567792 404217 505607 679197 588046 363905 370662 213153 368257 673240 304155 483456 228133 405576 573071 424033 502749 370541 367447 612420 238955 662465 219808 448169 414860 533288 393068 595056 361647 614792 699971 867958 186180 688313 200499 296319 280461 171655 203518 767499 439328 36417 876934 252992 462192 535251 498596 349267 553978 105876 408686 274038 372918 720898 532306 374345 393449 675249 745188 56974 200110 552584 560581 604448 630056 365789 453643 558387 759134 213687 392613 160519 579441 264661 712329 259130 267732 385370 541008 516394 197530 515591 728447 137392
 528352 225361 690849 649884 525283 668744 293395 522565 407142 535346 242220 552666 848085 519667 1 625962 304875 684951 346377 215256 229142 817968 466231 220548 101998 253699 477332 648907 545614 553854 643418 573679 700749 256855 535623 508296 561483 174017 415391 832265 273567 538456 865591 401480 214684 743632 461396 652604 318446 642408 404637 271199 564535 669250 506513 411066 351553 690489 211601 348925 733794 420471 552720 700599 40497 599266 483832 496947 220931 894950 227059 615535 182756 310391 621604 247018 284132 332207 154579 521352 686023 569798 300233 139826 272043 195556 429358 99544 623235 666514 548760 127125 714542 710853 250321 342051 531952 309010 601552 702115 609999 355935 467071 442679 686858 600197 63518 480344 265660 193862 538225 529930 530698 202350 472293 291218 217017 292202 172318 505449 654332 581412 742761 698732 348713 421563 343547 36212 322028 846560 500958 101101 320533 221984 679710 222178 755368 305461 738160 651331 225304 453191 706206 197885 736630 684032 651438 349008 366746 300989 418461 419315 736660 639070 687325 308656 499369 489804 357427 563473 317234 27358 462790 333277 419150 422186 246025 464867 632594 399226 618488 564030 843760 228765 672660 480808 719727 560182 569388 196491 365803 456649 414468 600602 665009 306093 238680 370976 106353 722831 482353 778796 344223 415701 165151 635609 570791 309709 646738 597610
 867020 803484 303134 204160 126266 509314 542978 307238 357310 239362 571747 266013 390285 162284 625962 1 590864 478798 885986 793854 846550 393803 627033 708296 674635 419295 431717 393789 459220 926934 600013 711560 872188 474990 134741 372504 429790 472740 433196 369929 415626 159703 345846 331638 450664 269428 177271 261644 927193 922844 814812 815204 829417 185040 504939 315849 372701 923898 552707 957915 476629 898904 339667 468036 637701 469438 258571 304582 823042 435465 818932 752923 764580 900794 75323 479114 342264 809423 574890 402728 898892 196363 925530 757549 859735 774541 214750 661053 573863 143537 366201 689236 522276 266804 874026 654775 542140 901224 799351 982543 393841 962900 188478 781115 64315 160975 637146 467217 512138 763012 618266 315305 636623 503759 896282 410217 709329 436639 643671 840228 505509 272376 479806 277420 527438 829941 462210 590667 305290 470768 540000 525264 522784 436360 232506 670044 166574 703261 164227 340747 560519 695175 520743 731762 470854 770705 861276 965021 338782 831045 362296 458552 356020 13125 273236 899755 391416 166763 979849 401043 482698 645868 660836 507102 545722 213995 457481 435445 259257 872752 452099 292238 453204 807455 906817 218497 168037 713832 721656 668306 647803 332673 439403 717888 921146 335643 539611 257712 665100 342305 871260 213992 424540 369915 607836 427258 98551 669838 890387 29293
 827621 299430 780014 705563 543814 405966 540647 348573 244211 396747 64507 650848 924063 562402 304875 590864 1 846594 643065 294042 389261 907006 720954 524172 406717 202113 658132 427959 727764 857078 857433 834821 978949 132105 461502 300668 729327 359981 602902 904845 443780 582606 911092 534333 397383 801945 488651 733099 431643 937709 707613 571096 854003 711618 712603 279331 218188 980101 468846 457198 882525 724300 356766 455872 345193 344601 579994 331101 497834 973355 325751 880268 281412 586022 550433 133842 324865 637067 151636 684219 971779 446345 483849 333167 553877 490778 475582 404199 832578 690319 339769 234541 453033 778536 431968 67641 747453 386095 879657 999170 387013 457716 511224 738157 635290 489440 250643 675551 89153 266696 778248 349999 777749 429552 777027 461443 520906 158768 468561 803378 391304 416648 890360 774608 584167 724816 549232 301801 339503 959296 215779 276815 70603 210306 533101 130685 753131 117682 744499 453415 485605 729133 878447 502448 882382 940986 934970 478107 498866 602133 570158 618026 835704 602687 764451 583924 282743 525995 511075 719339 108569 329870 728056 561235 130487 459298 159001 648717 471537 703661 371772 391126 949910 520546 961695 552457 736954 824224 833941 150389 74758 287056 187687 858743 957414 402924 488058 408417 230486 820022 785435 793250 529550 238288 142331 399948 501862 598098 936342 569811
 572392 910257 197805 282536 393842 946621 414771 720576 700673 664318 795660 228672 279273 352095 684951 478798 846594 1 748433 900106 898854 233657 333413 606573 660464 646446 207848 844171 142888 637419 165375 343682 467893 715937 555772 771625 123610 522592 269732 278230 420683 340646 356708 312329 478751 279620 409364 223627 991034 570768 595054 706984 496954 311566 201453 660033 676654 542497 487765 1019554 57729 701474 763227 921625 667244 890521 282973 704697 776551 303602 911187 365856 867466 816415 549595 713071 523574 645508 743577 166088 511553 641506 940102 817231 783025 716834 400190 647335 151404 353772 784486 803848 970744 251940 904413 912604 202159 990931 433361 615991 831614 1027976 378755 522880 517833 622036 734636 211148 758265 877175 266257 731432 291261 482873 655313 401820 610488 701274 577499 552940 938918 715886 66508 231079 359175 602167 343016 653841 517312 203792 906358 620754 800768 636459 708151 854700 424086 923551 400617 799147 480188 414046 41952 652951 64850 347092 482306 1011265 348258 703716 278905 269018 177080 481663 228005 816599 783760 378968 1005068 127539 763613 687063 369956 364184 872059 418511 688265 220578 721959 680295 883182 726346 213849 737032 530109 324777 372441 355918 358740 838118 920424 707971 781667 332751 554178 443673 459596 454832 778609 179175 612171 392321 341407 718600 777770 868294 544374 498149 523944 465347
 298075 429222 839702 837773 765265 1014330 364734 854117 743824 855149 583726 719457 988630 742834 346377 885986 643065 748433 1 424993 341073 948436 423817 177690 248986 588386 567450 987530 612442 284360 633273 478902 529400 602074 828671 848140 644349 425484 519399 978181 470871 756603 1034307 577560 437867 914949 708743 816734 401399 413766 182405 77015 378122 865756 547673 740217 687572 480149 333968 415047 805871 108851 888377 1043363 309807 944454 669897 827899 157506 1027676 407053 500529 410347 104709 903274 592263 575191 103967 498243 622112 491152 881102 304275 332949 106692 152442 671363 257348 626051 878900 887488 418081 1059768 877957 309984 667591 548586 438713 449404 456821 949958 424929 701048 264904 950263 903516 392926 547998 611940 430521 504508 862641 483596 382467 191047 478203 176736 634797 243976 290225 1000007 906865 814828 859721 406851 187557 455241 363978 612378 946792 846557 422627 666119 555142 992808 534904 977011 611790 955080 983851 327979 355271 750650 161801 812133 575023 470380 389097 557196 54964 567389 505105 867721 898289 848905 106489 841063 724396 357680 661841 663533 319227 393753 414494 763624 672426 588667 554988 953923 105695 962505 892971 951977 123208 467255 689585 930203 461256 466486 508357 694407 791193 759622 506694 446590 552851 350414 635243 415089 858050 229640 984466 484214 754500 500810 977575 856971 252451 443171 856748
 681239 10330 897557 848288 709241 699901 504085 618041 501398 651465 261712 759038 1053840 711115 215256 793854 294042 900106 424993 1 101709 1025970 668923 380694 267979 378699 692564 716679 760848 690256 855232 770315 881421 339910 683578 581964 776585 383251 630626 1037168 485400 730934 1064513 611030 426043 944239 645574 856986 141647 800727 550357 370684 735519 864440 720609 522622 455202 857497 422815 170319 948539 526841 635715 749291 237805 638368 688238 595948 267620 1101584 31711 808982 32812 339830 774244 332354 458973 460987 221809 736084 858536 695411 193228 101796 319986 292393 618153 276480 835987 856200 622923 106032 746926 913228 145609 285443 744606 107428 784779 854816 675581 173268 656961 608617 849814 733433 169906 695367 319163 31366 744985 622145 735078 417602 598686 503621 376005 383514 360292 662898 685260 684692 957469 902785 560628 564672 558729 246713 492350 1058451 507936 291507 350054 357929 796377 163456 938434 212366 923760 735652 434915 643215 921438 337754 951210 880767 827568 186591 575148 402086 631186 634430 945683 806848 891491 337561 566584 678134 217220 777988 371509 216379 660053 546788 423700 607641 347552 680117 739677 513319 664904 661844 1054737 308675 841001 679140 908460 755400 764053 147508 314069 551082 470417 798321 828161 502725 450745 553275 131678 931395 622922 967707 559063 502474 193271 691594 722580 494865 814943 767448
 615778 101012 918441 879026 751640 794733 488737 697831 579779 725228 349644 780673 1075837 747941 229142 846550 389261 898854 341073 101709 1 1044666 638253 332972 240638 443986 691587 804553 756720 617329 835846 731501 828260 416597 745427 667082 776812 402630 630264 1060345 499719 766957 1094694 628465 441865 972652 687564 881057 92198 735693 485335 297481 678511 898248 709241 596128 529805 796240 411512 121411 950445 447303 719119 841379 234939 731392 712535 674439 188427 1122261 73707 766660 107849 247677 834608 408029 505042 392722 293282 739364 800453 766292 94682 89982 234382 228095 656750 252834 819100 894692 708411 169557 841851 939667 43953 385890 728507 104501 734795 786275 763604 129380 694871 551772 905436 801772 209651 689178 402541 123655 718110 702907 705204 419868 524029 516583 328140 459659 330946 600106 780032 762891 959553 927211 546064 497961 556202 265195 541336 1069648 604716 324612 439997 418439 871188 259156 982054 313881 965509 819641 420475 601221 916019 284981 954029 840515 772157 120022 594518 326961 642263 629907 962857 859666 915789 245423 653041 717288 134683 782094 456828 217863 623937 536463 519705 648572 419191 678637 817186 436956 756806 741442 1067979 235177 780722 709915 947783 715512 723518 239227 414560 630264 557882 760124 765213 534738 439851 595965 188523 949367 553323 1006963 563552 582968 271890 781821 783001 454323 754969 818927
 800883 1036297 129248 207046 372064 902488 591142 691268 710479 625426 868126 267177 45632 346040 817968 393803 907006 233657 948436 1025970 1044666 1 553396 790172 818405 707307 381115 787586 341307 866241 398563 576511 699586 776052 512565 753034 306342 644376 433212 48795 544996 326387 130736 416507 603361 124475 419772 174235 1135672 804295 810213 897366 728773 212962 409592 666699 704532 775692 649610 1165783 185616 914799 728057 861632 810018 859181 338916 683119 951001 79590 1042781 599509 993344 1003809 468572 776134 589783 848847 836871 326519 744548 587699 1100351 957145 967025 892281 431652 804287 384936 250859 753497 922342 916061 133144 1058126 974618 422874 1126098 666835 849537 786406 1173203 395842 743882 404885 554691 856065 401464 818683 999093 494858 700613 519843 627580 876557 528107 793413 749546 747677 779973 898130 664727 180743 132895 542784 819321 504625 783090 568726 83357 911482 734699 848583 708288 619489 947036 267633 1003145 251819 734294 646792 635603 259490 831926 176535 577603 715849 1162707 451447 899398 404066 444346 82548 390127 142670 1003643 769775 382315 1163573 286714 808118 826847 591473 539049 898535 447713 750958 393747 652698 891885 843934 682705 62608 917343 763572 356805 233610 588081 591390 935952 975661 700994 796208 566345 787815 527148 623801 499537 896252 95328 835778 218629 486994 726654 872526 820503 485759 696217 757601 394955
 254017 678016 466736 500085 503266 960624 180699 744793 673853 711998 658458 383329 597239 464758 466231 627033 720954 333413 423817 668923 638253 553396 1 310795 402419 554690 202528 887089 214304 318877 210351 114350 271363 610959 634014 772494 251343 361908 194974 590860 299238 468804 659303 303599 329024 552010 472547 459698 726934 295845 261862 394432 202649 532582 146168 646107 628383 303257 258322 751937 391028 368485 788335 960264 434485 892882 368842 721211 482195 629663 670612 160789 638981 503602 674973 604043 458458 319852 581369 248707 282703 713246 657122 571624 475512 424770 440264 392800 202250 560750 800572 593200 997025 515498 632178 776762 131723 740090 180554 356249 860599 761339 449047 190630 686285 714896 527981 169165 645435 653876 82654 755819 66958 291441 323400 287375 315452 617329 309663 230367 949056 770297 399575 494241 140207 268758 194869 446842 477505 536709 855017 447181 700536 529646 812405 679161 656338 760133 631739 859116 242825 82261 329878 360430 398247 220743 243476 736997 312388 384775 266610 169177 478978 636134 485253 504191 776276 466150 721747 277006 674187 456487 38509 165500 793831 452435 584623 195433 799125 348013 897452 768954 545137 436627 285120 409097 602932 105926 115690 655960 793874 703593 733719 137855 296000 383534 235026 449936 572305 473008 282519 646079 230586 690877 608143 896181 644526 188688 266016 601702
 309735 388460 675471 666036 587810 865267 199055 690132 584859 685748 460546 549675 828289 566181 220548 708296 524172 606573 177690 380694 332972 790172 310795 1 122406 431472 411028 827571 465078 333326 516675 398797 500765 457367 653268 690685 493060 252375 357001 816412 293327 580430 867970 403579 261058 746956 531055 648958 418766 426395 184105 110298 355547 692980 406286 576353 529096 479210 156766 442592 662486 213706 726784 887895 180090 794631 496299 663853 172719 869760 375642 433731 354962 213647 726327 447890 402653 119088 372673 464840 478587 708884 346346 279034 177434 114180 493685 121366 503513 704144 728498 330382 909236 710380 322754 562514 416749 436924 404661 484346 791635 452155 523612 229371 772574 729355 281045 397490 475514 372934 392796 699276 377345 204896 253837 301177 4833 484283 69442 288220 851380 739248 671641 693155 249533 201021 287524 223663 438899 797010 711023 268827 532617 398379 820348 439229 801760 522067 780249 819305 152154 268272 615628 49647 667749 507552 446988 426552 381265 122757 397283 346810 708166 720603 682077 213472 685847 547018 411065 506541 522349 198172 292701 251129 632490 494775 439486 398007 784279 189306 809786 727149 799901 130530 462174 513689 756008 382656 390586 412692 586343 629904 611690 427494 451399 375610 175227 458330 317180 697305 261806 811251 312620 597232 385681 821428 680590 122796 436066 679059
 432140 276681 695606 668603 563377 765730 248232 607844 495780 613404 344216 560883 852480 550214 101998 674635 406717 660464 248986 267979 240638 818405 402419 122406 1 340326 454385 739313 517819 454181 595807 502348 617140 353617 599160 599539 539604 202044 393975 838336 281090 567262 880310 407787 230115 757630 501502 662243 332202 548491 305665 172422 475255 691715 468789 494378 439556 600009 172894 359873 713187 318610 640864 794414 62395 695703 497658 581759 148411 897243 268217 541140 239571 230095 680318 343837 342466 230397 256551 504082 597990 643235 282418 169227 189273 105026 466148 14342 578648 695315 639159 208430 810997 722727 243990 441809 487925 339271 519258 606727 701407 368583 501149 350337 737712 669555 159545 449889 365901 256204 480372 616000 469039 191958 370982 295262 118380 385814 92779 410464 751466 663008 722342 708107 305521 322216 319653 115071 380907 837186 601773 175139 421579 307230 754652 316981 789144 399711 769811 737510 180522 375566 676297 95894 717185 612789 565112 350804 377495 200911 414462 391572 735931 687533 696705 228753 592173 524715 346513 546940 416110 77166 392214 296749 520628 462702 339698 441291 711928 297232 713535 647729 837002 139582 582676 504117 748539 487426 496098 290381 466308 543821 510950 530395 572900 340814 200906 417067 194775 723309 382986 806467 331795 506006 266074 728696 631219 227487 556589 645528
 705268 387892 579486 508861 351679 434939 381531 268990 155480 284238 161516 448943 726244 365382 253699 419295 202113 646446 588386 378699 443986 707307 554690 431472 340326 1 464258 399149 532532 746333 668271 668714 822865 70047 304881 260095 531304 201537 412776 707415 259831 385791 719048 335015 226564 606009 292564 533103 516710 804223 600900 511397 713774 517664 524257 157639 99237 836855 325655 546851 681046 645038 300616 456700 282921 364224 377910 243279 474455 775502 405860 715415 351453 563402 395623 68946 123140 550538 157115 486115 823834 322827 531752 360088 524260 443784 275787 331125 642402 500513 299117 277553 478198 580725 477799 269464 561312 485908 725873 867651 361743 550856 312673 611355 472722 357793 238728 484989 112964 347423 601600 276592 604803 274581 679375 275461 429768 62645 364044 678819 421342 328071 688784 575565 414510 618574 368479 227414 138584 757756 301228 165777 155561 33303 429980 252125 572639 297085 560955 398144 342049 578620 679413 428572 680729 769533 785331 557801 300613 537820 372803 430732 634639 432058 565149 561732 254427 329269 578597 519691 122139 280081 568737 389499 240521 260364 43674 455886 380059 620777 378388 310335 748776 478092 818078 351360 549902 660465 670254 249063 274639 203757 185510 689981 818692 203675 336559 207776 255892 619025 676216 608001 342785 166381 188848 390386 344001 468778 794079 394401
 454839 702687 275904 298288 312383 819642 213251 594659 547440 550655 602984 180804 421233 271046 477332 431717 658132 207848 567450 692564 691587 381115 202528 411028 454385 464258 1 731792 70547 518834 207416 279927 441739 531290 458337 634253 85270 318291 61943 411212 218746 272041 471491 139323 274656 357282 294321 261525 783785 494943 437745 516847 403846 330554 75560 511833 512779 492370 281502 812526 258946 539276 638879 808051 459428 756406 174361 574025 576606 460507 703368 322128 659978 624242 486067 527022 345972 468715 543929 54668 467176 542424 735584 609447 588432 517108 268772 440994 180439 358228 655598 597394 850876 320124 698313 722127 115493 783106 367972 552917 710931 820842 266562 381269 488523 536670 528092 35501 572079 670025 187155 605895 204909 275105 510664 200024 414510 523640 374602 429993 809739 607728 268080 299882 162020 448904 135396 446673 350200 386557 746660 416830 619716 448879 632669 653847 453994 726040 429458 696227 275179 279910 229773 454771 262809 348283 429628 804989 167047 518298 96363 64364 300298 439842 289963 624176 642349 279375 800265 95516 585593 479215 239652 161148 700567 284606 503308 13180 628407 515315 755290 611279 388915 540001 475476 218857 400791 282197 289948 635854 732816 566171 620892 287614 490844 262572 253678 300908 572416 290939 475174 445514 135414 565467 577128 747678 461928 315571 459835 408183
 1080436 723223 690454 591842 450425 119427 739701 143147 243720 182028 455587 615790 782921 492155 648907 393789 427959 844171 987530 716679 804553 787586 887089 827571 739313 399149 731792 1 783200 1128253 932162 993439 1156718 396014 288628 140735 764163 582287 703885 762688 596758 503833 730027 595616 591255 663212 442407 645092 857091 1166910 988317 910536 1072606 577143 806150 252905 299967 1187845 704130 883723 853781 1041153 101750 77497 680861 110349 572424 168225 869259 826730 748034 1039665 698847 959140 319376 405608 441155 946096 517447 725316 1169339 204103 898459 733112 920935 842109 463432 730267 904585 536988 100219 636976 128815 659226 844586 463647 846527 813359 1067411 1230491 41105 884736 472649 986219 393546 232948 620975 763703 402600 687171 909268 132505 920509 648691 1069214 604445 826234 357213 758860 1053116 119589 128295 858397 667889 754259 1005794 692908 625489 413956 863835 247335 564906 366680 432389 186911 554835 542718 538308 548695 57495 718893 932141 885221 827394 849316 1077533 1130041 902969 577846 936745 638291 728550 745922 397959 662357 957365 152031 467586 933191 740251 347876 675994 911136 728668 310756 447212 403116 729475 136687 1016311 79767 120559 846680 876204 1169253 526434 558817 989876 999196 569195 441502 197720 246727 1008316 1175486 505523 707213 438069 622832 731397 1060568 595372 656505 233466 533482 43073 305582 847849 1147691 394589
