NAME : domp40p13v3
COMMENT : Cherkesly, Contardo & Gruson 2022
TYPE : DOMP
DIMENSION : 40
DISPLAY_DATA_TYPE : NO_DISPLAY
OPEN_FACILITIES : 13
COST_SECTION
 1 676765 530535 433311 438876 513336 447113 584025 277885 531555 485658 429349 162560 510921 308094 132773 317586 169080 539368 366472 502318 336209 237274 505779 349195 191543 184072 507698 215887 383612 491482 284883 99984 545441 125997 419527 186682 561751 151652 221993
 676765 1 464179 740762 1076347 1179322 895387 121464 632295 915106 233136 419074 763714 1114465 452135 547011 832237 844384 790414 1008289 916233 993627 562509 485728 424998 761726 859842 912708 608011 610457 240839 693515 776745 724706 552061 622489 692137 241890 745841 895569
 530535 464179 1 850730 774273 909836 498550 476051 305176 1000776 264541 115009 685417 774054 547512 424053 489766 676411 941782 721683 982579 730780 298301 34084 557221 485695 687403 493338 334601 737874 500287 353578 606771 266938 434522 205578 416156 222331 670733 728452
 433311 740762 850730 1 792912 800021 879826 619351 687170 174350 672229 735722 317047 888770 318051 456420 748831 468142 106081 727473 179612 678990 618718 838132 328224 622937 479005 941006 619460 130883 500284 709537 461437 950671 446775 812805 616814 768624 313283 481056
 438876 1076347 774273 792912 1 149207 339244 1000845 476353 813161 855526 720616 479960 107261 746851 544557 286216 327040 891253 72406 773193 114014 523035 740634 788034 315542 314811 397020 476309 790462 921435 421718 356557 617995 543008 577288 387639 904280 487957 313194
 513336 1179322 909836 800021 149207 1 488446 1094405 606784 787760 967289 847532 507735 224169 812237 634872 428267 365418 889801 188256 746654 186952 642542 876703 853658 433410 350075 545549 596575 821676 1004815 556354 417576 765750 631244 717915 506994 1024139 520028 330651
 447113 895387 498550 879826 339244 488446 1 852813 270566 961649 662253 485097 580501 297463 704629 472502 132694 463117 985898 320547 927542 359964 353483 464943 739457 257118 462232 68795 318387 825532 809352 213512 433379 288857 477720 293831 273889 679595 577618 490276
 584025 121464 476051 619351 1000845 1094405 852813 1 583136 793700 213774 403729 656507 1048117 336139 459712 774833 748272 669606 930766 795148 911206 505093 490284 306480 690873 764003 878643 547723 489149 120009 642935 683444 718857 463162 600810 625479 268611 638758 797794
 277885 632295 305176 687170 476353 606784 270566 583136 1 804480 400349 244788 439958 492197 456442 235899 203380 390030 790797 419355 777395 425846 85830 273138 486801 181109 398564 304861 67759 606501 539718 61286 326680 268294 244265 144298 115675 433646 429534 438674
 531555 915106 1000776 174350 813161 787760 961649 793700 804480 1 839276 886407 381478 916758 485892 587778 828986 510985 163370 756246 41164 703362 746081 985086 499921 707586 517283 1027078 738340 304904 674575 816413 528455 1072529 577432 939544 717791 935357 385959 505219
 485658 233136 264541 672229 855526 967289 662253 213774 400349 839276 1 192039 603254 887080 354246 353045 601899 654269 748007 789792 830159 780366 334683 276880 347829 540031 668829 680506 381097 545676 242298 461635 583196 506095 360581 393495 468177 96416 585758 707540
 429349 419074 115009 735722 720616 847532 485097 403729 244788 886407 192039 1 579159 735405 433881 314862 446017 583908 826993 661628 868781 663281 210239 106663 445408 414845 596083 495895 253425 623309 406806 302921 512630 315225 325168 203426 341744 194595 563802 637072
 162560 763714 685417 317047 479960 507735 580501 656507 439958 381478 603254 579159 1 572846 331357 265396 447808 152955 419934 412406 348651 366100 397942 662565 370375 326210 165403 645637 378437 314693 547216 442345 148682 706621 255472 582070 341924 688915 17890 177155
 510921 1114465 774054 888770 107261 224169 297463 1048117 492197 916758 887080 735405 572846 1 817344 602061 289396 420645 989043 161844 877128 213503 552612 739977 857821 357782 409947 342622 506620 877649 977629 432604 439461 586149 602165 570187 423260 925839 579132 413360
 308094 452135 547512 318051 746851 812237 704629 336139 456442 485892 354246 433881 331357 817344 1 232359 590592 448616 398426 674450 479062 642108 373050 539872 41473 474695 464386 752709 393682 193789 220040 499229 395895 692934 227936 552284 433121 450615 314349 491684
 132773 547011 424053 456420 544557 634872 472502 459712 235899 587778 353045 314862 265396 602061 232359 1 359134 301778 558142 473341 565488 451615 162356 403831 268533 248274 316630 522169 168992 370623 377091 270791 231600 494527 10534 356414 200968 431062 249523 354764
 317586 832237 489766 748831 286216 428267 132694 774833 203380 828986 601899 446017 447808 289396 590592 359134 1 333688 854839 242165 795001 266640 270642 455894 627589 126138 334091 198803 227112 699298 717308 143250 300851 345218 362792 291073 158764 636833 445012 364872
 169080 844384 676411 468142 327040 365418 463117 748272 390030 510985 654269 583908 152955 420645 448616 301778 333688 1 569087 259658 473877 213275 378223 648420 489855 230430 15885 531177 343557 464990 649815 371596 72034 639288 295065 533141 275836 728240 161227 53738
 539368 790414 941782 106081 891253 889801 985898 669606 790797 163370 748007 826993 419934 989043 398426 558142 854839 569087 1 827335 191043 777704 720446 931085 400178 728981 579177 1047065 723040 204797 554407 814586 565945 1052652 548765 913918 722526 844126 417301 578205
 366472 1008289 721683 727473 72406 188256 320547 930766 419355 756246 789792 661628 412406 161844 674450 473341 242165 259658 827335 1 716930 54232 459717 688498 715630 250475 248472 384522 413202 720666 849926 368144 285029 584637 471539 530144 323722 841799 419505 251809
 502318 916233 982579 179612 773193 746654 927542 795148 777395 41164 830159 868781 348651 877128 479062 565488 795001 473877 191043 716930 1 663852 721697 965773 496290 674762 479662 993462 711919 306507 675395 787058 494167 1045678 555041 914248 687733 925776 354327 466391
 336209 993627 730780 678990 114014 186952 359964 911206 425846 703362 780366 663281 366100 213503 642108 451615 266640 213275 777704 54232 663852 1 456589 698273 683518 248437 200839 426094 411001 677544 825491 379619 247541 611855 448712 546216 321719 837635 374399 200243
 237274 562509 298301 618718 523035 642542 353483 505093 85830 746081 334683 210239 397942 552612 373050 162356 270642 378223 720446 459717 721697 456589 1 271136 402228 209481 389469 390410 46738 530494 455874 140096 308491 332208 171945 194401 136005 382112 385085 430547
 505779 485728 34084 838132 740634 876703 464943 490284 273138 985086 276880 106663 662565 739977 539872 403831 455894 648420 931085 688498 965773 698273 271136 1 552020 454040 659077 460886 305491 728083 506738 320355 579399 240444 414353 171665 385288 244967 648282 700067
 349195 424998 557221 328224 788034 853658 739457 306480 486801 499921 347829 445408 370375 857821 41473 268533 627589 489855 400178 715630 496290 683518 402228 552020 1 513290 505606 785950 425748 198959 187783 531919 437367 715999 264879 575910 469479 443991 353603 532542
 191543 761726 485695 622937 315542 433410 257118 690873 181109 707586 540031 414845 326210 357782 474695 248274 126138 230430 728981 250475 674762 248437 209481 454040 513290 1 235070 320291 163233 574107 620595 146414 183571 410232 249953 314697 73602 591571 321997 272105
 184072 859842 687403 479005 314811 350075 462232 764003 398564 517283 668829 596083 165403 409947 464386 316630 334091 15885 579177 248472 479662 200839 389469 659077 505606 235070 1 530578 353820 478614 665686 378014 85834 644922 310063 541069 283711 742176 174560 41081
 507698 912708 493338 941006 397020 545549 68795 878643 304861 1027078 680506 495895 645637 342622 752709 522169 198803 531177 1047065 384522 993462 426094 390410 460886 785950 320291 530578 1 360632 881960 843479 254180 499456 257428 528226 295298 328450 688333 642089 558965
 215887 608011 334601 619460 476309 596575 318387 547723 67759 738340 381097 253425 378437 506620 393682 168992 227112 343557 723040 413202 711919 411001 46738 305491 425748 163233 353820 360632 1 539327 493374 106478 275982 334244 177046 203853 89639 428601 367051 394741
 383612 610457 737874 130883 790462 821676 825532 489149 606501 304904 545676 623309 314693 877649 193789 370623 699298 464990 204797 720666 306507 677544 530494 728083 198959 574107 478614 881960 539327 1 369760 637756 438375 861221 362292 721003 553512 642044 304099 491608
 491482 240839 500287 500284 921435 1004815 809352 120009 539718 674575 242298 406806 547216 977629 220040 377091 717308 649815 554407 849926 675395 825491 455874 506738 187783 620595 665686 843479 493374 369760 1 595934 588713 715844 378429 585764 561408 325475 529719 697185
 284883 693515 353578 709537 421718 556354 213512 642935 61286 816413 461635 302921 442345 432604 499229 270791 143250 371596 814586 368144 787058 379619 140096 320355 531919 146414 378014 254180 106478 637756 595934 1 314969 268606 277730 169212 100708 493687 434057 416476
 99984 776745 606771 461437 356557 417576 433379 683444 326680 528455 583196 512630 148682 439461 395895 231600 300851 72034 565945 285029 494167 247541 308491 579399 437367 183571 85834 499456 275982 438375 588713 314969 1 583540 225441 470831 215693 656373 148830 125768
 545441 724706 266938 950671 617995 765750 288857 718857 268294 1072529 506095 315225 706621 586149 692934 494527 345218 639288 1052652 584637 1045678 611855 332208 240444 715999 410232 644922 257428 334244 861221 715844 268606 583540 1 504000 140801 368361 485135 696892 682337
 125997 552061 434522 446775 543008 631244 477720 463162 244265 577432 360581 325168 255472 602165 227936 10534 362792 295065 548765 471539 555041 448712 171945 414353 264879 249953 310063 528226 177046 362292 378429 277730 225441 504000 1 366171 205225 439565 239490 347813
 419527 622489 205578 812805 577288 717915 293831 600810 144298 939544 393495 203426 582070 570187 552284 356414 291073 533141 913918 530144 914248 546216 194401 171665 575910 314697 541069 295298 203853 721003 585764 169212 470831 140801 366171 1 257377 393427 570876 580686
 186682 692137 416156 616814 387639 506994 273889 625479 115675 717791 468177 341744 341924 423260 433121 200968 158764 275836 722526 323722 687733 321719 136005 385288 469479 73602 283711 328450 89639 553512 561408 100708 215693 368361 205225 257377 1 518115 334038 323493
 561751 241890 222331 768624 904280 1024139 679595 268611 433646 935357 96416 194595 688915 925839 450615 431062 636833 728240 844126 841799 925776 837635 382112 244967 443991 591571 742176 688333 428601 642044 325475 493687 656373 485135 439565 393427 518115 1 671718 781921
 151652 745841 670733 313283 487957 520028 577618 638758 429534 385959 585758 563802 17890 579132 314349 249523 445012 161227 417301 419505 354327 374399 385085 648282 353603 321997 174560 642089 367051 304099 529719 434057 148830 696892 239490 570876 334038 671718 1 189455
 221993 895569 728452 481056 313194 330651 490276 797794 438674 505219 707540 637072 177155 413360 491684 354764 364872 53738 578205 251809 466391 200243 430547 700067 532542 272105 41081 558965 394741 491608 697185 416476 125768 682337 347813 580686 323493 781921 189455 1
LAMBDA_SECTION
1 439
2 661
3 549
4 220
5 214
6 51
7 717
8 422
9 678
10 655
11 677
12 691
13 280
14 354
15 749
16 276
17 198
18 432
19 523
20 801
21 917
22 149
23 45
24 610
25 794
26 630
27 871
28 362
29 534
30 663
31 30
32 252
33 911
34 457
35 598
36 605
37 132
38 648
39 927
40 345
