NAME : domp70p23v2
COMMENT : Cherkesly, Contardo & Gruson 2022
TYPE : DOMP
DIMENSION : 70
DISPLAY_DATA_TYPE : NO_DISPLAY
OPEN_FACILITIES : 23
COST_SECTION
 1 371000 332305 194734 241249 496295 530285 566320 182534 401019 797647 810967 342621 319172 160658 166187 212510 404679 756119 495043 465206 614436 594807 332053 144360 421912 323203 678017 289521 344295 461505 352197 399190 782105 409790 387793 565606 189710 413916 349338 259265 622216 321420 133762 678218 352022 703979 407215 435518 221007 174774 429317 276975 820551 135765 520291 258869 258684 284168 409903 206728 237928 538647 114693 774458 417999 506523 494461 426584 213528
 371000 1 645714 411771 138066 440471 204127 324640 546972 91368 606976 605184 641069 236220 428014 505460 559466 670461 470812 126357 274119 255230 317436 89191 251100 106779 274934 316093 642988 417136 233453 115418 125886 514486 635845 625604 307681 323650 435336 461404 457211 361355 691030 488950 767367 594467 372557 426175 69745 195871 437666 295630 313401 615137 281665 596162 610642 125717 193485 41739 232223 139003 252014 354737 873794 50122 407052 190526 74090 207943
 332305 645714 1 496236 543551 517068 834358 892463 305878 701707 845002 869469 33387 476932 217717 370864 132903 113406 894612 770675 604344 846409 915368 575646 397567 653421 655493 908960 373369 348593 626781 663244 709292 900608 173485 148818 717893 329480 412765 307857 222619 946705 221106 334729 497402 135741 894074 412973 715409 544120 458135 545863 384360 877186 467470 405009 367060 562035 610593 687452 536102 508732 855203 438165 565298 695834 558966 697945 714492 538815
 194734 411771 496236 1 278394 667487 502119 481000 226174 397133 944153 952619 513818 462776 354705 153073 364099 584722 862813 513977 595737 666267 524887 415078 286692 497962 219633 725412 274530 530586 578472 337504 377160 898024 599020 575665 678584 369849 595842 540964 453976 538934 402788 171847 872688 540446 781719 588296 457602 215934 45607 574591 448355 962547 143012 712753 244928 287132 240759 439462 179893 321254 483595 88673 969190 445750 667822 582335 438908 203847
 241249 138066 543551 278394 1 463462 292799 359078 411579 161096 691483 695323 544298 239537 329715 367654 442796 586335 587444 256216 341024 392679 374327 141754 150774 219930 195151 454047 505414 385617 314014 120160 165758 625547 564745 549923 408206 250019 426322 419837 384410 409422 562603 352506 750998 515844 503493 417198 196543 68778 301178 337530 278699 705367 143808 577938 473043 18493 108075 172760 104192 70076 312409 216818 856409 180395 445567 305177 185670 79423
 496295 440471 517068 667487 463462 1 629051 764726 646606 531767 329652 352739 491105 223925 388601 657651 528552 461428 404573 511830 192916 479256 752252 356211 381510 360391 658539 525927 757024 175867 240621 540522 564375 397202 390850 400305 272447 306728 104630 209468 309827 798040 691535 619078 351549 391597 455684 105751 487746 523075 662696 147513 220395 360700 535341 205487 731871 472156 571179 467064 548919 393611 688185 579212 454086 472185 56873 334346 506093 529468
 530285 204127 834358 502119 292799 629051 1 159633 687340 132654 733088 723009 833058 438408 618000 631059 735503 868467 545538 124038 445252 268030 127014 292372 437144 269013 295397 299958 767333 620979 398065 178486 131888 599019 837543 826146 435583 522292 635648 665527 657607 174349 849087 625890 966436 794032 409809 626615 142855 313773 540216 481543 517511 732309 409786 796901 735512 274434 264498 167362 339613 328374 72728 476489 1072578 160631 588337 318944 130164 323701
 566320 324640 892463 481000 359078 764726 159633 1 694478 234010 891172 881865 896860 557514 684996 628027 778778 943792 704862 280117 589871 426231 59293 411904 509406 411946 262157 452675 755529 730918 544465 242838 205836 758559 923820 908874 591571 608333 757129 770675 743373 58007 867403 633512 1089135 874597 567369 747889 281628 348359 524945 618717 623669 891236 432088 916674 725710 341688 282492 298806 359722 415644 86990 484236 1195590 294603 728993 472495 260186 354064
 182534 546972 305878 226174 411579 646606 687340 694478 1 564602 962679 978623 331511 494415 261852 74750 178696 411701 936029 667785 641779 795005 732483 514010 326064 603927 433567 858277 111548 477990 641475 510055 555738 959862 448156 422048 745431 347634 552385 466430 359267 752329 176717 61693 759694 391438 886512 547466 608121 374164 181006 600872 437037 987932 277757 623931 85329 427351 425676 583976 348122 418546 683417 212606 843765 591768 666045 676984 596186 363812
 401019 91368 701707 397133 161096 531767 132654 234010 564602 1 688016 683884 700567 324030 485476 513156 603793 737185 534059 120134 363543 285688 231417 177914 304595 189503 219821 338191 650983 500879 321014 59852 38430 581790 708451 696173 385953 392066 523693 542971 527885 273444 721597 503854 855845 663533 419326 514474 74544 191446 430502 386957 394824 693713 287566 683836 618744 142966 157659 75592 222320 196974 165963 357936 962314 75520 498262 265119 48955 202601
 797647 606976 845002 944153 691483 329652 733088 891172 962679 688016 1 34166 817830 483163 712044 963532 856661 780426 235053 611090 351185 486422 858033 552673 663571 500623 875072 495449 1074164 504866 379118 722360 726292 184770 706514 719909 302433 615228 434139 538572 639055 905052 1020136 927961 543365 715848 373736 435372 619929 759697 949203 370792 525680 36688 802411 479625 1047010 692621 787385 612443 792922 630791 804631 860270 612665 613236 298134 423655 645343 769307
 810967 605184 869469 952619 695323 352739 723009 881865 978623 683884 34166 1 842849 494116 730809 977103 877182 807449 210225 602266 357332 471070 846906 555145 674691 498445 875841 476216 1090170 526694 381516 720559 722281 157339 733979 746719 298117 630997 457361 562184 660792 893683 1040866 942284 576926 741595 352683 458072 614312 763873 959233 382171 541768 10047 810257 509697 1062526 695555 788827 608327 797742 636498 795046 869836 646783 608655 317421 418787 640044 773798
 342621 641069 33387 513818 544298 491105 833058 896860 331511 700567 817830 842849 1 462949 215105 393946 154663 82109 873547 765014 586070 834635 917744 568118 395984 643397 664869 896670 403472 325661 610492 664394 709927 877941 140114 115589 699355 320720 387312 282799 204841 950328 254268 356435 464056 104597 877587 388026 710809 549060 477218 526653 369086 850414 476332 373044 395875 562714 616106 682767 543219 505688 856640 451687 532634 691111 534571 684421 711112 544423
 319172 236220 476932 462776 239537 223925 438408 557514 494415 324030 483163 494116 462949 1 277550 485114 430853 471882 444462 336726 147451 373422 553559 147042 180589 191834 434632 434481 605106 185052 154511 322963 352433 465645 423737 418854 255244 158885 199669 232960 259738 596994 588777 452337 531816 392836 419542 190446 296496 300120 466115 112380 95018 503866 323301 360047 575745 248478 347302 271052 327660 169736 488057 377547 638285 277948 209609 221488 308756 307109
 160658 428014 217717 354705 329715 388601 618000 684996 261852 485476 712044 730809 215105 277550 1 287836 153779 259625 716983 553163 418790 635965 703788 359700 180884 440624 464669 699338 370189 216666 431972 449875 495116 732075 252667 232593 530770 119648 291327 205729 102925 737470 315041 246165 521096 196768 696349 286868 497699 339606 330388 367285 196077 739699 278601 370135 346909 348065 407139 469750 338672 291199 642117 274774 615280 478136 413929 492737 496920 336347
 166187 505460 370864 153073 367654 657651 631059 628027 74750 513156 963532 977103 393946 485114 287836 1 239284 471786 918622 621771 630512 758251 668412 483331 307556 572598 366013 820572 138126 496935 624636 456341 500661 946372 500987 475510 728588 351661 569634 492776 390109 686017 250219 42025 802553 442824 858318 563734 562573 321756 107518 595501 440643 986672 226445 657590 105766 381792 366932 540052 292047 385794 622050 155282 891131 547465 670959 650283 548342 310562
 212510 559466 132903 364099 442796 528552 735503 778778 178696 603793 856661 877182 154663 430853 153779 239284 1 233403 870594 685821 572530 782281 806274 500827 308896 585871 533047 846072 263322 352722 585360 559411 606307 884832 271054 244729 684536 272149 426102 327031 219677 834512 163757 202128 588824 215961 848620 423408 627874 432203 325377 520356 349315 885781 347814 466199 250113 461100 496456 600614 419237 420490 748819 310493 668675 608988 559818 643148 623119 425369
 404679 670461 113406 584722 586335 461428 868467 943792 411701 737185 780426 807449 82109 471882 259625 471786 233403 1 857160 791025 580766 845090 960516 591634 435647 659925 722199 905395 485578 311455 610667 706100 750226 856337 75460 61124 692015 346894 361786 262800 215040 995507 333352 433081 388638 79111 874926 364403 739682 599230 550249 519386 376941 814395 534238 316387 477726 604405 666762 711684 597433 540274 897746 517248 452573 719868 510053 691439 742740 595882
 756119 470812 894612 862813 587444 404573 545538 704862 936029 534059 235053 210225 873547 444462 716983 918622 870594 857160 1 433396 298516 280052 663528 447784 611946 369346 745023 272725 1045361 548603 294663 581090 571758 56589 790451 796654 190609 601660 496344 594985 672737 708923 1031360 889719 713603 782284 146975 493066 459971 655019 878733 351176 521399 216819 721077 602797 1014971 582533 664022 461722 691313 542610 618226 789067 799603 459689 350449 283018 486182 666362
 495043 126357 770675 513977 256216 511830 124038 280117 667785 120134 611090 602266 765014 336726 553163 621771 685821 791025 433396 1 324242 168867 251024 199633 377381 152538 338769 218419 759880 521771 276445 179280 151267 484787 752377 743817 311962 445519 527687 569100 576425 298374 815973 608473 855019 713895 307532 518925 59697 302173 545147 364746 423984 611722 395446 688400 727503 240642 276829 85500 335913 265356 193884 467845 960527 77236 468559 194944 75070 314002
 465206 274119 604344 595737 341024 192916 445252 589871 641779 363543 351185 357332 586070 147451 418790 630512 572530 580766 298516 324242 1 289923 571030 205489 323461 177993 528831 341401 752312 270182 48259 385846 399723 318195 521463 522628 113610 303195 240191 320480 381826 617795 732873 598783 543879 502731 294225 233515 308392 408868 604045 61997 224063 367314 453112 388565 722747 343267 440201 291917 441791 279632 508893 514188 646959 295509 144968 141448 329933 418299
 614436 255230 846409 666267 392679 479256 268030 426231 795005 285688 486422 471070 834635 373422 635965 758251 782281 845090 280052 168867 289923 1 383539 284065 479025 196476 505507 63956 894848 545520 246606 342210 319349 335113 794111 791001 219775 518041 527789 596228 632925 428875 927136 739056 830523 765992 141947 520442 213788 450432 692890 348197 468436 479678 536486 678458 862640 380939 437211 227665 486386 376635 340248 609475 931538 222136 425917 155481 237250 462529
 594807 317436 915368 524887 374327 752252 127014 59293 732483 231417 858033 846906 917744 553559 703788 668412 806274 960516 663528 251024 571030 383539 1 406535 524875 393742 305308 404560 798833 732215 524211 254418 211231 718207 936138 922586 562111 619355 752765 774345 755256 47366 902982 671021 1084733 889063 522867 743608 264541 374087 567760 604988 626233 856064 463295 913576 768380 356155 311464 285848 390270 424166 65579 520427 1191135 280286 713186 445952 246892 381281
 332053 89191 575646 415078 141754 356211 292372 411904 514010 177914 552673 555145 568118 147042 359700 483331 500827 591634 447784 199633 205489 284065 406535 1 195014 89918 323515 347990 617258 328636 173715 185328 208576 484394 552980 544194 266485 247501 346347 373757 376868 450161 643143 460282 678469 514313 375012 337165 152318 210479 432549 215201 226454 565191 273989 507042 585449 140485 235123 125578 245820 97745 341055 343799 784919 133010 327094 168552 162290 221154
 144360 251100 397567 286692 150774 381510 437144 509406 326064 304595 663571 674691 395984 180589 180884 307556 308896 435647 611946 377381 323461 479025 524875 195014 1 283453 313173 542967 433878 261041 317459 270468 314968 638834 414932 399493 421538 106095 317417 285659 235623 560180 448131 277782 623584 365211 561470 309131 320150 175424 286407 292829 165317 684449 155576 453442 403181 168768 240808 292553 187314 112248 462350 199302 726785 300953 381384 351844 317481 176110
 421912 106779 653421 497962 219930 360391 269013 411946 603927 189503 500623 498445 643397 191834 440624 572598 585871 659925 369346 152538 177993 196476 393742 89918 283453 1 380354 260365 706988 375399 132822 222115 227168 410551 614829 608841 200933 324013 376191 424313 445341 440271 731226 550080 702501 581307 286359 367562 130400 286356 518219 212938 284511 508391 359322 536438 675121 213652 296239 115278 322880 186825 331068 430554 807990 118107 319499 86370 152397 297913
 323203 274934 655493 219633 195151 658539 295397 262157 433567 219821 875072 875841 664869 434632 464669 366013 533047 722199 745023 338769 528831 505507 305308 323515 313173 380354 1 557169 493915 570036 496120 165239 187904 789390 715827 696935 580553 419224 617190 598362 542943 320163 608120 373209 935193 661233 637663 608222 292827 139965 262996 531062 466077 885863 188570 763473 463805 188034 88889 285051 127562 264934 266746 226960 1039193 288382 640214 465370 268398 137341
 678017 316093 908960 725412 454047 525927 299958 452675 858277 338191 495449 476216 896670 434481 699338 820572 846072 905395 272725 218419 341401 63956 404560 347990 542967 260365 557169 1 957479 603040 301006 396453 369462 329299 852912 850576 257451 581107 581271 653867 694213 447407 991084 801996 875418 826288 125779 574295 269310 510028 753212 401597 529373 484057 597752 728195 925226 441667 492996 285952 545596 440129 369526 670818 974567 279777 470972 214024 291009 522114
 289521 642988 373369 274530 505414 757024 767333 755529 111548 650983 1074164 1090170 403472 605106 370189 138126 263322 485578 1045361 759880 752312 894848 798833 617258 433878 706988 493915 957479 1 586849 750698 593790 637638 1070180 532568 506147 854772 459178 661476 572523 464206 813461 180939 157121 852145 478903 991575 656855 700649 459685 231075 712181 548556 1099476 364567 724831 32385 519772 502849 677978 429333 520348 755240 293059 930848 685435 777340 782555 686462 448395
 344295 417136 348593 530586 385617 175867 620979 730918 477990 500879 504866 526694 325661 185052 216666 496935 352722 311455 548603 521771 270182 545520 732215 328636 261041 375399 570036 603040 586849 1 303352 489773 525240 552317 251471 252614 380621 161548 74732 50846 134194 774056 515679 456574 365754 234541 564330 70944 480268 430119 517828 208410 107693 534989 414017 193439 563231 399663 490278 454085 447018 319377 666670 442418 470843 461316 211409 390058 490838 433048
 461505 233453 626781 578472 314014 240621 398065 544465 641475 321014 379118 381516 610492 154511 431972 624636 585360 610667 294663 276445 48259 246606 524211 173715 317459 132822 496120 301006 750698 303352 1 347341 357963 322383 554501 553899 104102 313359 281191 354167 405662 571124 742907 595165 590949 531923 267294 273900 262846 382695 590212 101663 242599 391562 435475 433433 720332 314048 408275 247869 417061 257961 462610 500119 694433 250917 193223 94498 285217 392848
 352197 115418 663244 337504 120160 540522 178486 242838 510055 59852 722360 720559 664394 322963 449875 456341 559411 706100 581090 179280 385846 342210 254418 185328 270468 222115 165239 396453 593790 489773 347341 1 47015 626710 682627 668568 422869 366255 520733 528361 501832 290792 670607 448863 851299 634846 472560 511469 128502 135898 371479 400491 382170 730505 232308 678178 561656 101847 97827 119924 164472 172811 192259 301086 957550 123146 512410 304468 105453 146362
 399190 125886 709292 377160 165758 564375 131888 205836 555738 38430 726292 722281 709927 352433 495116 500661 606307 750226 571758 151267 399723 319349 211231 208576 314968 227168 187904 369462 637638 525240 357963 47015 1 619827 724916 711500 424314 408125 551817 565638 544035 250027 717290 494383 883612 678135 455014 542564 111799 181907 412993 420838 418182 732115 278048 710981 605629 147289 136534 113958 208664 213007 147541 345639 990042 113929 532525 303531 85646 191953
 782105 514486 900608 898024 625547 397202 599019 758559 959862 581790 184770 157339 877941 465645 732075 946372 884832 856337 56589 484787 318195 335113 718207 484394 638834 410551 789390 329299 1070180 552317 322383 626710 619827 1 787361 795380 219696 619724 494585 596418 680619 763860 1047115 915858 687572 783403 203562 492319 508299 693811 911751 364849 536029 163121 755450 588006 1040370 621865 706663 508264 729727 576818 671747 821738 769232 506771 346315 324468 534560 704878
 409790 635845 173485 599020 564745 390850 837543 923820 448156 708451 706514 733979 140114 423737 252667 500987 271054 75460 790451 752377 521463 794111 936138 552980 414932 614829 715827 852912 532568 251471 554501 682627 724916 787361 1 26422 630667 316818 294110 200984 180883 973403 393483 460266 324648 58778 815359 297641 703909 586016 568644 459550 330394 740765 531097 241060 521009 582193 653183 676215 588836 512246 872083 524433 398292 684181 441271 639115 709369 584155
 387793 625604 148818 575665 549923 400305 826146 908874 422048 696173 719909 746719 115589 418854 232593 475510 244729 61124 796654 743817 522628 791001 922586 544194 399493 608841 696935 850576 506147 252614 553899 668568 711500 795380 26422 1 633154 304109 300906 203174 168563 959148 367965 434957 350457 35898 816845 303691 694182 568761 544602 460977 324501 753731 511167 260613 494634 567595 636125 666344 570351 499439 858909 502269 424712 674402 449073 636564 698747 566490
 565606 307681 717893 678584 408206 272447 435583 591571 745431 385953 302433 298117 699355 255244 530770 728588 684536 692015 190609 311962 113610 219775 562111 266485 421538 200933 580553 257451 854772 380621 104102 422869 424314 219696 630667 633154 1 413623 342176 430143 495328 609451 843765 699263 618862 614506 186235 336700 317522 476858 692060 173065 337164 308000 535879 477461 824430 405828 494983 310364 512305 357331 505778 602059 717254 310932 216153 121222 342910 487623
 189710 323650 329480 369849 250019 306728 522292 608333 347634 392066 615228 630997 320720 158885 119648 351661 272149 346894 601660 445519 303195 518041 619355 247501 106095 324013 419224 581107 459178 161548 313359 366255 408125 619724 316818 304109 413623 1 226384 180627 135967 657011 430143 314140 519031 271741 576818 219144 393031 281343 359537 255913 89628 640299 253623 350591 431784 266867 346016 364995 292930 195470 555269 281393 621535 373224 319861 373250 395868 282203
 413916 435336 412765 595842 426322 104630 635648 757129 552385 523693 434139 457361 387312 199669 291327 569634 426102 361786 496344 527687 240191 527789 752765 346347 317417 376191 617190 581271 661476 74732 281191 520733 551817 494585 294110 300906 342176 226384 1 104948 206584 796501 588419 529670 332165 289415 528377 9266 492911 477735 585766 179771 152882 465329 472801 161262 637667 438359 533667 468604 498440 357145 687345 507224 438631 475070 148455 373949 506932 482108
 349338 461404 307857 540964 419837 209468 665527 770675 466430 542971 538572 562184 282799 232960 205729 492776 327031 262800 594985 569100 320480 596228 774345 373757 285659 424313 598362 653867 572523 50846 354167 528361 565638 596418 200984 203174 430143 180627 104948 1 108817 815321 487413 451397 338415 187341 614443 105241 525951 459221 524111 258577 148262 570082 433441 171977 550904 434914 521797 499326 472971 356175 708933 454204 441131 506753 251820 440788 535401 461030
 259265 457211 222619 453976 384410 309827 657607 743373 359267 527885 639055 660792 204841 259738 102925 390109 219677 215040 672737 576425 381826 632925 755256 376868 235623 445341 542943 694213 464206 134194 405662 501832 544035 680619 180883 168563 495328 135967 206584 108817 1 792623 381871 348257 419275 137484 672751 204242 525989 409243 431891 323271 165035 669129 363887 267489 443217 401685 475747 498091 415381 331432 691229 370938 515302 506191 344648 481013 530231 408378
 622216 361355 946705 538934 409422 798040 174349 58007 752329 273444 905052 893683 950328 596994 737470 686017 834512 995507 708923 298374 617795 428875 47366 450161 560180 440271 320163 447407 813461 774056 571124 290792 250027 763860 973403 959148 609451 657011 796501 815321 792623 1 924997 691300 1128628 925221 567257 787313 310616 403053 582930 650941 667507 902804 488592 957011 783683 391594 338067 331141 415945 462651 109891 541799 1235075 325860 759572 493292 292106 409276
 321420 691030 221106 402788 562603 691535 849087 867403 176717 721597 1020136 1040866 254268 588777 315041 250219 163757 333352 1031360 815973 732873 927136 902982 643143 448131 731226 608120 991084 180939 515679 742907 670607 717290 1047115 393483 367965 843765 430143 588419 487413 381871 924997 1 235144 718055 348533 1002650 586086 756592 535882 357459 682306 511099 1049436 441421 614438 189536 579883 592833 730621 514048 554650 851204 383199 785920 738796 723539 794706 748003 526646
 133762 488950 334729 171847 352506 619078 625890 633512 61693 503854 927961 942284 356435 452337 246165 42025 202128 433081 889719 608473 598783 739056 671021 460282 277782 550080 373209 801996 157121 456574 595165 448863 494383 915858 460266 434957 699263 314140 529670 451397 348257 691300 235144 1 760582 401929 834460 523945 548889 313027 128510 561558 403558 951775 216579 615715 125723 367840 363989 525211 286528 363626 621740 150934 849419 532894 633951 625445 536302 302535
 678218 767367 497402 872688 750998 351549 966436 1089135 759694 855845 543365 576926 464056 531816 521096 802553 588824 388638 713603 855019 543879 830523 1084733 678469 623584 702501 935193 875418 852145 365754 590949 851299 883612 687572 324648 350457 618862 519031 332165 338415 419275 1128628 718055 760582 1 374006 794881 341375 823582 795446 851131 492799 472316 579939 771529 173282 837729 764579 856032 799919 810801 683730 1019373 788066 106470 806160 404806 685227 838482 797945
 352022 594467 135741 540446 515844 391597 794032 874597 391438 663533 715848 741595 104597 392836 196768 442824 215961 79111 782284 713895 502731 765992 889063 514313 365211 581307 661233 826288 478903 234541 531923 634846 678135 783403 58778 35898 614506 271741 289415 187341 137484 925221 348533 401929 374006 1 796724 291174 663376 533559 509881 441608 297935 748941 475313 269438 466000 533627 600977 635451 534760 466614 825630 466550 452862 643572 437794 612338 667262 531144
 703979 372557 894074 781719 503493 455684 409809 567369 886512 419326 373736 352683 877587 419542 696349 858318 848620 874926 146975 307532 294225 141947 522867 375012 561470 286359 637663 125779 991575 564330 267294 472560 455014 203562 815359 816845 186235 576818 528377 614443 672751 567257 1002650 834460 794881 796724 1 522811 345164 566983 803850 355924 509831 360167 645088 661169 959946 494790 563536 353496 603620 472686 481801 716740 889300 349545 398845 209638 370372 578920
 407215 426175 412973 588296 417198 105751 626615 747889 547466 514474 435372 458072 388026 190446 286868 563734 423408 364403 493066 518925 233515 520442 743608 337165 309131 367562 608222 574295 656855 70944 273900 511469 542564 492319 297641 303691 336700 219144 9266 105241 204242 787313 586086 523945 341375 291174 522811 1 483901 468823 578650 172700 144335 466160 464591 170288 632778 429187 524588 459535 489703 347979 678179 499652 447843 466023 146762 366334 497834 473258
 435518 69745 715409 457602 196543 487746 142855 281628 608121 74544 619929 614312 710809 296496 497699 562573 627874 739682 459971 59697 308392 213788 264541 152318 320150 130400 292827 269310 700649 480268 262846 128502 111799 508299 703909 694182 317522 393031 492911 525951 525989 310616 756592 548889 823582 663376 345164 483901 1 244087 487574 340448 378766 624048 336415 654172 668266 181113 223821 28064 278535 207903 201025 409032 929734 19814 449043 196334 26262 256029
 221007 195871 544120 215934 68778 523075 313773 348359 374164 191446 759697 763873 549060 300120 339606 321756 432203 599230 655019 302173 408868 450432 374087 210479 175424 286356 139965 510028 459685 430119 382695 135898 181907 693811 586016 568761 476858 281343 477735 459221 409243 403053 535882 313027 795446 533559 566983 468823 244087 1 243624 402557 326214 773914 96449 623558 427409 72741 67539 224325 36673 131981 317711 166648 899677 230958 508659 372254 227713 12098
 174774 437666 458135 45607 301178 662696 540216 524945 181006 430502 949203 959233 477218 466115 330388 107518 325377 550249 878733 545147 604045 692890 567760 432549 286407 518219 262996 753212 231075 517828 590212 371479 412993 911751 568644 544602 692060 359537 585766 524111 431891 582930 357459 128510 851131 509881 803850 578650 487574 243624 1 578486 442364 969078 158901 694940 200810 311988 276595 467866 209235 336212 524782 90100 945579 474568 666914 600964 470272 231614
 429317 295630 545863 574591 337530 147513 481543 618717 600872 386957 370792 382171 526653 112380 367285 595501 520356 519386 351176 364746 61997 348197 604988 215201 292829 212938 531062 401597 712181 208410 101663 400491 420838 364849 459550 460977 173065 255913 179771 258577 323271 650941 682306 561558 492799 441608 355924 172700 340448 402557 578486 1 171210 391867 434121 332399 683559 343055 442292 320324 432775 270602 541152 489803 597368 325206 111950 195478 359294 410746
 276975 313401 384360 448355 278699 220395 517511 623669 437037 394824 525680 541768 369086 95018 196077 440643 349315 376941 521399 423984 224063 468436 626233 226454 165317 284511 466077 529373 548556 107693 242599 382170 418182 536029 330394 324501 337164 89628 152882 148262 165035 667507 511099 403558 472316 297935 509831 144335 378766 326214 442364 171210 1 551017 320891 299245 521343 292345 384431 351824 345813 211794 560780 359796 577865 359392 230405 315991 387462 330066
 820551 615137 877186 962547 705367 360700 732309 891236 987932 693713 36688 10047 850414 503866 739699 986672 885781 814395 216819 611722 367314 479678 856064 565191 684449 508391 885863 484057 1099476 534989 391562 730505 732115 163121 740765 753731 308000 640299 465329 570082 669129 902804 1049436 951775 579939 748941 360167 466160 624048 773914 969078 391867 551017 1 820208 515370 1071891 705601 798862 618164 807776 646512 804395 879706 648506 618462 326121 428605 649800 783836
 135765 281665 467470 143012 143808 535341 409786 432088 277757 287566 802411 810257 476332 323301 278601 226445 347814 534238 721077 395446 453112 536486 463295 273989 155576 359322 188570 597752 364567 414017 435475 232308 278048 755450 531097 511167 535879 253623 472801 433441 363887 488592 441421 216579 771529 475313 645088 464591 336415 96449 158901 434121 320891 820208 1 604186 332211 156431 151924 314541 73031 178675 409924 73081 872689 321761 531073 442225 321897 86097
 520291 596162 405009 712753 577938 205487 796901 916674 623931 683836 479625 509697 373044 360047 370135 657590 466199 316387 602797 688400 388565 678458 913576 507042 453442 536438 763473 728195 724831 193439 433433 678178 710981 588006 241060 260613 477461 350591 161262 171977 267489 957011 614438 615715 173282 269438 661169 170288 654172 623558 694940 332399 299245 515370 604186 1 706287 591383 683379 629811 640114 510482 848092 626163 279379 636310 262329 527742 668067 626448
 258869 610642 367060 244928 473043 731871 735512 725710 85329 618744 1047010 1062526 395875 575745 346909 105766 250113 477726 1014971 727503 722747 862640 768380 585449 403181 675121 463805 925226 32385 563231 720332 561656 605629 1040370 521009 494634 824430 431784 637667 550904 443217 783683 189536 125723 837729 466000 959946 632778 668266 427409 200810 683559 521343 1071891 332211 706287 1 487388 471067 645596 397222 488411 724144 260809 918785 653051 750807 751069 654107 416147
 258684 125717 562035 287132 18493 472156 274434 341688 427351 142966 692621 695555 562714 248478 348065 381792 461100 604405 582533 240642 343267 380939 356155 140485 168768 213652 188034 441667 519772 399663 314048 101847 147289 621865 582193 567595 405828 266867 438359 434914 401685 391594 579883 367840 764579 533627 494790 429187 181113 72741 311988 343055 292345 705601 156431 591383 487388 1 99455 158290 109356 81228 294054 229479 870208 165673 452294 299648 169054 84435
 284168 193485 610593 240759 108075 571179 264498 282492 425676 157659 787385 788827 616106 347302 407139 366932 496456 666762 664022 276829 440201 437211 311464 235123 240808 296239 88889 492996 502849 490278 408275 97827 136534 706663 653183 636125 494983 346016 533667 521797 475747 338067 592833 363989 856032 600977 563536 524588 223821 67539 276595 442292 384431 798862 151924 683379 471067 99455 1 210608 78917 178145 258418 213338 960928 215415 551741 382199 202340 71780
 409903 41739 687452 439462 172760 467064 167362 298806 583976 75592 612443 608327 682767 271052 469750 540052 600614 711684 461722 85500 291917 227665 285848 125578 292553 115278 285051 285952 677978 454085 247869 119924 113958 508264 676215 666344 310364 364995 468604 499326 498091 331141 730621 525211 799919 635451 353496 459535 28064 224325 467866 320324 351824 618164 314541 629811 645596 158290 210608 1 259680 180344 221250 387475 906199 8404 430209 189605 39041 236387
 206728 232223 536102 179893 104192 548919 339613 359722 348122 222320 792922 797742 543219 327660 338672 292047 419237 597433 691313 335913 441791 486386 390270 245820 187314 322880 127562 545596 429333 447018 417061 164472 208664 729727 588836 570351 512305 292930 498440 472971 415381 415945 514048 286528 810801 534760 603620 489703 278535 36673 209235 432775 345813 807776 73031 640114 397222 109356 78917 259680 1 162805 337158 136982 914099 266093 537079 408672 261051 24971
 237928 139003 508732 321254 70076 393611 328374 415644 418546 196974 630791 636498 505688 169736 291199 385794 420490 540274 542610 265356 279632 376635 424166 97745 112248 186825 264934 440129 520348 319377 257961 172811 213007 576818 512246 499439 357331 195470 357145 356175 331432 462651 554650 363626 683730 466614 472686 347979 207903 131981 336212 270602 211794 646512 178675 510482 488411 81228 178145 180344 162805 1 359864 246869 789499 188740 377027 265974 205760 140222
 538647 252014 855203 483595 312409 688185 72728 86990 683417 165963 804631 795046 856640 488057 642117 622050 748819 897746 618226 193884 508893 340248 65579 341055 462350 331068 266746 369526 755240 666670 462610 192259 147541 671747 872083 858909 505778 555269 687345 708933 691229 109891 851204 621740 1019373 825630 481801 678179 201025 317711 524782 541152 560780 804395 409924 848092 724144 294054 258418 221250 337158 359864 1 470812 1125792 216001 650068 387549 182215 325826
 114693 354737 438165 88673 216818 579212 476489 484236 212606 357936 860270 869836 451687 377547 274774 155282 310493 517248 789067 467845 514188 609475 520427 343799 199302 430554 226960 670818 293059 442418 500119 301086 345639 821738 524433 502269 602059 281393 507224 454204 370938 541799 383199 150934 788066 466550 716740 499652 409032 166648 90100 489803 359796 879706 73081 626163 260809 229479 213338 387475 136982 246869 470812 1 885983 394632 580683 512348 393895 155339
 774458 873794 565298 969190 856409 454086 1072578 1195590 843765 962314 612665 646783 532634 638285 615280 891131 668675 452573 799603 960527 646959 931538 1191135 784919 726785 807990 1039193 974567 930848 470843 694433 957550 990042 769232 398292 424712 717254 621535 438631 441131 515302 1235075 785920 849419 106470 452862 889300 447843 929734 899677 945579 597368 577865 648506 872689 279379 918785 870208 960928 906199 914099 789499 1125792 885983 1 912395 505732 788406 944803 901862
 417999 50122 695834 445750 180395 472185 160631 294603 591768 75520 613236 608655 691111 277948 478136 547465 608988 719868 459689 77236 295509 222136 280286 133010 300953 118107 288382 279777 685435 461316 250917 123146 113929 506771 684181 674402 310932 373224 475070 506753 506191 325860 738796 532894 806160 643572 349545 466023 19814 230958 474568 325206 359392 618462 321761 636310 653051 165673 215415 8404 266093 188740 216001 394632 912395 1 434671 189879 34435 242996
 506523 407052 558966 667822 445567 56873 588337 728993 666045 498262 298134 317421 534571 209609 413929 670959 559818 510053 350449 468559 144968 425917 713186 327094 381384 319499 640214 470972 777340 211409 193223 512410 532525 346315 441271 449073 216153 319861 148455 251820 344648 759572 723539 633951 404806 437794 398845 146762 449043 508659 666914 111950 230405 326121 531073 262329 750807 452294 551741 430209 537079 377027 650068 580683 505732 434671 1 284932 468985 516105
 494461 190526 697945 582335 305177 334346 318944 472495 676984 265119 423655 418787 684421 221488 492737 650283 643148 691439 283018 194944 141448 155481 445952 168552 351844 86370 465370 214024 782555 390058 94498 304468 303531 324468 639115 636564 121222 373250 373949 440788 481013 493292 794706 625445 685227 612338 209638 366334 196334 372254 600964 195478 315991 428605 442225 527742 751069 299648 382199 189605 408672 265974 387549 512348 788406 189879 284932 1 221690 383703
 426584 74090 714492 438908 185670 506093 130164 260186 596186 48955 645343 640044 711112 308756 496920 548342 623119 742740 486182 75070 329933 237250 246892 162290 317481 152397 268398 291009 686462 490838 285217 105453 85646 534560 709369 698747 342910 395868 506932 535401 530231 292106 748003 536302 838482 667262 370372 497834 26262 227713 470272 359294 387462 649800 321897 668067 654107 169054 202340 39041 261051 205760 182215 393895 944803 34435 468985 221690 1 239449
 213528 207943 538815 203847 79423 529468 323701 354064 363812 202601 769307 773798 544423 307109 336347 310562 425369 595882 666362 314002 418299 462529 381281 221154 176110 297913 137341 522114 448395 433048 392848 146362 191953 704878 584155 566490 487623 282203 482108 461030 408378 409276 526646 302535 797945 531144 578920 473258 256029 12098 231614 410746 330066 783836 86097 626448 416147 84435 71780 236387 24971 140222 325826 155339 901862 242996 516105 383703 239449 1
LAMBDA_SECTION
1 722
2 876
3 485
4 851
5 414
6 530
7 301
8 22
9 959
10 516
11 354
12 630
13 727
14 411
15 414
16 55
17 898
18 282
19 940
20 389
21 32
22 979
23 743
24 473
25 631
26 25
27 981
28 508
29 371
30 168
31 836
32 293
33 380
34 203
35 595
36 681
37 219
38 402
39 62
40 760
41 890
42 275
43 556
44 815
45 672
46 356
47 631
48 19
49 304
50 284
51 517
52 537
53 991
54 589
55 124
56 900
57 852
58 232
59 999
60 206
61 852
62 5
63 583
64 11
65 300
66 134
67 440
68 496
69 463
70 819
