NAME : domp50p16v5
COMMENT : Cherkesly, Contardo & Gruson 2022
TYPE : DOMP
DIMENSION : 50
DISPLAY_DATA_TYPE : NO_DISPLAY
OPEN_FACILITIES : 16
COST_SECTION
 1 335068 782884 636353 238539 562048 392026 453678 448106 160631 185881 481246 487893 513561 681231 370616 235027 337353 550868 594466 729769 592675 665624 375427 703190 456228 404964 257623 516111 400984 386439 329596 306774 547362 320912 592849 579629 624261 273016 395877 349107 293735 222241 380125 727747 458735 350221 283171 310123 489299
 335068 1 867957 939265 150102 472272 689414 465598 246105 418731 325345 533148 822918 586846 792260 615358 258978 624919 419075 850587 857403 849706 998835 695898 798314 789380 503641 583472 608935 246986 429117 642255 622466 881563 557467 320515 292354 340775 297592 674809 533627 121793 132464 663456 866378 318642 608152 182023 602731 824181
 782884 867957 1 676446 734666 466401 1053880 403305 682766 631201 614935 335444 891207 284712 110394 1108685 630629 586633 540616 474797 112971 477657 930862 701874 80125 939789 1187730 894133 1298845 644387 1161248 664138 954654 971970 1073988 789110 818819 820890 1029497 1089364 442186 941875 876377 567399 140286 594101 1080126 976517 1006517 918833
 636353 939265 676446 1 798576 862595 611737 702818 925517 520574 624963 649775 324055 619317 583178 735486 710148 314781 907374 202423 564535 199760 269355 269331 622850 403940 933425 517144 1011746 865079 960665 306933 547969 378970 736129 1086450 1092828 1123881 889247 666405 469295 926971 851763 278731 539387 874781 704883 919431 620931 354605
 238539 150102 734666 798576 1 386408 626324 339591 216183 280031 177076 399673 711697 450408 652640 581954 110284 483877 352256 701863 715699 701067 878957 566156 661864 689127 531764 495986 645095 180076 475057 509417 544842 777520 526184 354401 341481 385753 333193 623572 383532 207921 151073 520647 723039 249773 567533 249503 541741 717123
 562048 472272 466401 862595 386408 1 940280 160946 239512 483393 384095 217136 918207 261976 434395 932566 329706 601406 74349 691095 504769 692122 1040327 726561 420410 927877 916349 784089 1030317 225338 861456 667036 844010 998128 881592 322848 353753 354537 719592 953141 403335 577730 535248 615829 525368 154646 912125 628931 865183 935146
 392026 689414 1053880 611737 626324 940280 1 810305 839515 464905 556409 815423 302862 830164 943701 143965 623154 473123 937659 693805 970473 690769 474271 386759 975749 221991 384171 163223 427707 792994 447834 401742 100867 298496 177244 979269 962292 1008651 459034 56444 624370 601067 557560 502153 958129 849265 121655 556360 86684 278713
 453678 465598 403305 702818 339591 160946 810305 1 291893 345712 267801 76901 763394 133450 337589 819943 246714 442477 207317 536540 406886 537335 880435 569166 337312 778033 839557 649670 953978 245437 797286 510485 711252 844360 773225 427397 448188 463753 658075 829244 242795 547206 488010 455406 421404 209535 796559 587977 740828 781741
 448106 246105 682766 925517 216183 239512 839515 291893 1 442045 322685 368688 895300 425338 627885 798043 235103 622283 176860 790136 697857 790205 1048677 727684 623901 883409 731522 701930 841811 60471 664752 667324 754314 967152 742067 161997 168303 198983 525905 838906 462876 362827 339596 650829 713124 89278 783700 420045 755934 904901
 160631 418731 631201 520574 280031 483393 464905 345712 442045 1 119361 353197 454500 375053 526630 487017 207712 206269 492939 447014 572022 445580 607967 289196 551101 450570 561410 303980 670066 384126 546929 230673 365557 528992 446759 602151 599610 637834 431346 486312 191181 417561 340599 245666 568818 420617 460906 422836 398281 466067
 185881 325345 614935 624963 177076 384095 556409 267801 322685 119361 1 298712 573339 336140 519949 553739 88907 311599 383789 525260 576017 524398 726804 406832 536890 566053 579741 402483 693281 264918 546999 347227 461184 646788 505872 482964 481238 518805 414751 569372 214482 352610 278080 346268 578743 304594 531442 373722 481252 584089
 481246 533148 335444 649775 399673 217136 815423 76901 368688 353197 298712 1 739557 56767 262702 838302 298200 412430 274783 474139 331243 475216 843245 541659 265406 762034 878244 652631 991943 321124 842116 485767 714956 821832 794928 503086 524664 539141 705620 839216 210979 607334 543833 418648 345009 286254 813102 644189 751367 760249
 487893 822918 891207 324055 711697 918207 302862 763394 895300 454500 573339 739557 1 733190 783457 440334 660199 328333 939488 454946 790406 451664 188172 199076 820943 82394 665621 265830 725380 838210 712422 253909 267288 82922 455788 1053613 1047841 1088398 678399 359277 528578 770642 705944 332019 771453 874111 412336 743811 336085 31178
 513561 586846 284712 619317 450408 261976 830164 133450 425338 375053 336140 56767 733190 1 206695 862064 345941 404905 324684 435859 274726 437219 825515 534151 211740 761595 915042 666941 1027979 377852 882786 481273 729313 815998 821129 557874 580276 593616 748332 857235 210113 657277 591758 405300 288247 342302 835757 691965 770258 755585
 681231 792260 110394 583178 652640 434395 943701 337589 627885 526630 519949 262702 783457 206695 1 1000320 545144 476326 505904 380824 70764 383438 830669 592544 39696 830494 1086085 784290 1196152 583025 1063171 553964 844631 864726 966684 750332 776204 784480 934277 979584 336073 857398 788868 457719 91612 541982 971512 888218 897162 810680
 370616 615358 1108685 735486 581954 932566 143965 819943 798043 487017 553739 838302 440334 862064 1000320 1 604128 550701 918585 793453 1035498 790624 616819 489478 1028923 361910 242408 232015 285388 758938 312523 489650 188208 442074 57898 923604 901674 949510 349986 92426 667839 512271 483797 586106 1026544 822605 31361 460089 116363 418483
 235027 258978 630629 710148 110284 329706 623154 246714 235103 207712 88907 298200 660199 345941 545144 604128 1 398478 315897 599903 607050 599316 815558 495738 556159 649594 596017 475938 710580 178884 550850 436105 531913 732330 552314 394475 392332 430125 411362 630340 276303 312291 245897 431577 613694 226682 584808 346197 543664 669951
 337353 624919 586633 314781 483877 601406 473123 442477 622283 206269 311599 412430 328333 404905 476326 550701 398478 1 631962 261834 498164 259676 439583 129472 510899 360430 693690 321379 790451 562025 700428 78710 377541 411102 529112 784268 787106 821221 605747 514258 202017 619244 542863 42945 485115 581993 519925 617976 438585 350837
 550868 419075 540616 907374 352256 74349 937659 207317 176860 492939 383789 274783 939488 324684 505904 918585 315897 631962 1 743856 576516 744651 1071359 753105 493330 942804 883738 786154 996617 177163 823739 692607 844236 1017558 865558 248534 279526 280537 682405 946166 440699 530608 495644 650621 596351 103748 900109 584811 859249 954381
 594466 850587 474797 202423 701863 691095 693805 536540 790136 447014 525260 474139 454946 435859 380824 793453 599903 261834 743856 1 363629 3289 459181 307232 420480 521516 953467 561611 1047092 731075 962224 305586 609249 528002 779282 946091 958204 983630 865724 742574 328997 863836 786815 219529 339394 727356 762118 869446 677673 485572
 729769 857403 112971 564535 715699 504769 970473 406886 697857 572022 576017 331243 790406 274726 70764 1035498 607050 498164 576516 363629 1 366565 821467 606229 90497 843105 1133370 814098 1241863 652196 1114447 573486 873020 869975 1004770 821095 846905 855234 988423 1009173 381012 918701 848726 474227 28566 612323 1005984 947351 929077 818858
 592675 849706 477657 199760 701067 692122 690769 537335 790205 445580 524398 475216 451664 437219 383438 790624 599316 259676 744651 3289 366565 1 456098 304232 423103 518270 951048 558805 1044531 731088 960021 302912 606332 524715 776579 946325 958306 983871 863814 739591 328818 862517 785495 217298 342390 727700 759286 867921 674818 482293
 665624 998835 930862 269355 878957 1040327 474271 880435 1048677 607967 726804 843245 188172 825515 830669 616819 815558 439583 1071359 459181 821467 456098 1 321498 870105 256588 848970 453957 901825 989643 898990 382302 453117 177798 638078 1209672 1207552 1245607 866375 529981 637823 953588 886544 425475 798068 1017160 590772 929230 519273 201822
 375427 695898 701874 269331 566156 726561 386759 569166 727684 289196 406832 541659 199076 534151 592544 489478 495738 129472 753105 307232 606229 304232 321498 1 628901 237951 669399 259835 754100 668417 692486 60897 303083 281954 480684 889032 888070 925219 620484 435391 330887 669033 596062 135430 589854 695938 458135 656335 373148 222567
 703190 798314 80125 622850 661864 420410 975749 337312 623901 551101 536890 265406 820943 211740 39696 1028923 556159 510899 493330 420480 90497 423103 870105 628901 1 866775 1108109 815435 1219035 581796 1082523 588953 876217 902451 993969 740086 767502 773403 951634 1010544 362109 868198 801350 493751 116897 536547 1000465 901234 927299 847912
 456228 789380 939789 403940 689127 927877 221991 778033 883409 450570 566053 762034 82394 761595 830494 361910 649594 360430 942804 521516 843105 518270 256588 237951 866775 1 592397 211847 647298 828464 643956 281959 198823 94434 381492 1038268 1029420 1071870 620992 278419 552670 727040 666811 373056 825864 870379 334963 695280 262840 56750
 404964 503641 1187730 933425 531764 916349 384171 839557 731522 561410 579741 878244 665621 915042 1086085 242408 596017 693690 883738 953467 1133370 951048 848970 669399 1108109 592397 1 417292 114564 708665 88948 651378 398906 678306 211036 823938 794134 842339 206766 334818 752371 382955 391949 734762 1130110 780582 262586 322467 329862 647570
 257623 583472 894133 517144 495986 784089 163223 649670 701930 303980 402483 652631 265830 666941 784290 232015 475938 321379 786154 561611 814098 558805 453957 259835 815435 211847 417292 1 495639 651324 453048 257728 62401 306255 221030 849975 837244 881734 412687 195335 461552 515828 457745 355125 803205 702453 200747 483442 117456 256770
 516111 608935 1298845 1011746 645095 1030317 427707 953978 841811 670066 693281 991943 725380 1027979 1196152 285388 710580 790451 996617 1047092 1241863 1044531 901825 754100 1219035 647298 114564 495639 1 820919 180201 742253 465761 726099 275643 927712 896367 944210 315921 372657 861246 487240 502866 830360 1237693 893236 313079 426914 393048 703861
 400984 246986 644387 865079 180076 225338 792994 245437 60471 384126 264918 321124 838210 377852 583025 758938 178884 562025 177163 731075 652196 731088 989643 668417 581796 828464 708665 651324 820919 1 646990 607926 705300 911015 703988 222279 228275 259383 505949 795165 403208 354279 318893 590387 666065 73589 742977 407770 710692 848519
 386439 429117 1161248 960665 475057 861456 447834 797286 664752 546929 546999 842116 712422 882786 1063171 312523 550850 700428 823739 962224 1114447 960021 898990 692486 1082523 643956 88948 453048 180201 646990 1 667095 445883 733584 270603 747524 716202 764084 141865 403220 734871 307338 328117 742733 1113399 720024 327417 247211 382589 697268
 329596 642255 664138 306933 509417 667036 401742 510485 667324 230673 347227 485767 253909 481273 553964 489650 436105 78710 692607 305586 573486 302912 382302 60897 588953 281959 651378 257728 742253 607926 667095 1 309631 336066 473741 828824 828358 865118 585273 445794 274819 621500 547156 100536 559266 635045 458431 612549 374894 274704
 306774 622466 954654 547969 544842 844010 100867 711252 754314 365557 461184 714956 267288 729313 844631 188208 531913 377541 844236 609249 873020 606332 453117 303083 876217 198823 398906 62401 465761 705300 445883 309631 1 290920 191186 899227 884769 930078 425422 136721 523610 545819 493396 409042 861453 758589 157223 508041 73019 251391
 547362 881563 971970 378970 777520 998128 298496 844360 967152 528992 646788 821832 82922 815998 864726 442074 732330 411102 1017558 528002 869975 524715 177798 281954 902451 94434 678306 306255 726099 911015 733584 336066 290920 1 467445 1123863 1116424 1158047 714827 353556 610878 821112 760159 414813 850394 949554 417325 789696 351060 63179
 320912 557467 1073988 736129 526184 881592 177244 773225 742067 446759 505872 794928 455788 821129 966684 57898 552314 529112 865558 779282 1004770 776579 638078 480684 993969 381492 211036 221030 275643 703988 270603 473741 191186 467445 1 866225 844041 891925 294744 135716 631924 454717 425956 566707 997148 768580 58817 403098 119766 436919
 592849 320515 789110 1086450 354401 322848 979269 427397 161997 602151 482964 503086 1053613 557874 750332 923604 394475 784268 248534 946091 821095 946325 1209672 889032 740086 1038268 823938 849975 927712 222279 747524 828824 899227 1123863 866225 1 40411 37587 618106 973292 621289 441113 443745 812565 839474 220448 912635 501640 893860 1062089
 579629 292354 818819 1092828 341481 353753 962292 448188 168303 599610 481238 524664 1047841 580276 776204 901674 392332 787106 279526 958204 846905 958306 1207552 888070 767502 1029420 794134 837244 896367 228275 716202 828358 884769 1116424 844041 40411 1 48423 589245 954220 631178 411260 419236 816991 864456 238872 891822 471687 876365 1055175
 624261 340775 820890 1123881 385753 354537 1008651 463753 198983 637834 518805 539141 1088398 593616 784480 949510 430125 821221 280537 983630 855234 983871 1245607 925219 773403 1071870 842339 881734 944210 259383 764084 865118 930078 1158047 891925 37587 48423 1 637595 1001301 658871 459530 467438 849760 874004 257621 939392 519924 922900 1096463
 273016 297592 1029497 889247 333193 719592 459034 658075 525905 431346 414751 705620 678399 748332 934277 349986 411362 605747 682405 865724 988423 863814 866375 620484 951634 620992 206766 412687 315921 505949 141865 585273 425422 714827 294744 618106 589245 637595 1 427830 612827 178477 187209 648686 989195 578754 352465 118985 378391 668996
 395877 674809 1089364 666405 623572 953141 56444 829244 838906 486312 569372 839216 359277 857235 979584 92426 630340 514258 946166 742574 1009173 739591 529981 435391 1010544 278419 334818 195335 372657 795165 403220 445794 136721 353556 135716 973292 954220 1001301 427830 1 654695 579715 542349 545536 997902 854549 76935 531489 88431 335130
 349107 533627 442186 469295 383532 403335 624370 242795 462876 191181 214482 210979 528578 210113 336073 667839 276303 202017 440699 328997 381012 328818 637823 330887 362109 552670 752371 461552 861246 403208 734871 274819 523610 610878 631924 621289 631178 658871 612827 654695 1 566973 491903 212613 378656 406180 639890 585518 569350 549410
 293735 121793 941875 926971 207921 577730 601067 547206 362827 417561 352610 607334 770642 657277 857398 512271 312291 619244 530608 863836 918701 862517 953588 669033 868198 727040 382955 515828 487240 354279 307338 621500 545819 821112 454717 441113 411260 459530 178477 579715 566973 1 77024 660667 924387 427734 508808 60528 515278 767638
 222241 132464 876377 851763 151073 535248 557560 488010 339596 340599 278080 543833 705944 591758 788868 483797 245897 542863 495644 786815 848726 785495 886544 596062 801350 666811 391949 457745 502866 318893 328117 547156 493396 760159 425956 443745 419236 467438 187209 542349 491903 77024 1 584107 853426 391917 475932 100359 470904 704762
 380125 663456 567399 278731 520647 615829 502153 455406 650829 245666 346268 418648 332019 405300 457719 586106 431577 42945 650621 219529 474227 217298 425475 135430 493751 373056 734762 355125 830360 590387 742733 100536 409042 414813 566707 812565 816991 849760 648686 545536 212613 660667 584107 1 459357 606217 555093 660284 472581 357035
 727747 866378 140286 539387 723039 525368 958129 421404 713124 568818 578743 345009 771453 288247 91612 1026544 613694 485115 596351 339394 28566 342390 798068 589854 116897 825864 1130110 803205 1237693 666065 1113399 559266 861453 850394 997148 839474 864456 874004 989195 997902 378656 924387 853426 459357 1 628567 996758 951420 918867 800239
 458735 318642 594101 874781 249773 154646 849265 209535 89278 420617 304594 286254 874111 342302 541982 822605 226682 581993 103748 727356 612323 727700 1017160 695938 536547 870379 780582 702453 893236 73589 720024 635045 758589 949554 768580 220448 238872 257621 578754 854549 406180 427734 391917 606217 628567 1 805352 481357 768726 886563
 350221 608152 1080126 704883 567533 912125 121655 796559 783700 460906 531442 813102 412336 835757 971512 31361 584808 519925 900109 762118 1005984 759286 590772 458135 1000465 334963 262586 200747 313079 742977 327417 458431 157223 417325 58817 912635 891822 939392 352465 76935 639890 508808 475932 555093 996758 805352 1 458713 85064 391296
 283171 182023 976517 919431 249503 628931 556360 587977 420045 422836 373722 644189 743811 691965 888218 460089 346197 617976 584811 869446 947351 867921 929230 656335 901234 695280 322467 483442 426914 407770 247211 612549 508041 789696 403098 501640 471687 519924 118985 531489 585518 60528 100359 660284 951420 481357 458713 1 471794 738609
 310123 602731 1006517 620931 541741 865183 86684 740828 755934 398281 481252 751367 336085 770258 897162 116363 543664 438585 859249 677673 929077 674818 519273 373148 927299 262840 329862 117456 393048 710692 382589 374894 73019 351060 119766 893860 876365 922900 378391 88431 569350 515278 470904 472581 918867 768726 85064 471794 1 317726
 489299 824181 918833 354605 717123 935146 278713 781741 904901 466067 584089 760249 31178 755585 810680 418483 669951 350837 954381 485572 818858 482293 201822 222567 847912 56750 647570 256770 703861 848519 697268 274704 251391 63179 436919 1062089 1055175 1096463 668996 335130 549410 767638 704762 357035 800239 886563 391296 738609 317726 1
LAMBDA_SECTION
1 396
2 976
3 735
4 321
5 409
6 377
7 581
8 250
9 536
10 320
11 165
12 366
13 755
14 667
15 547
16 122
17 236
18 563
19 593
20 497
21 855
22 115
23 859
24 770
25 266
26 775
27 497
28 344
29 259
30 582
31 456
32 175
33 517
34 297
35 21
36 9
37 960
38 673
39 207
40 717
41 395
42 72
43 562
44 510
45 235
46 802
47 760
48 108
49 909
50 541
