NAME : domp40p10v7
COMMENT : Cherkesly, Contardo & Gruson 2022
TYPE : DOMP
DIMENSION : 40
DISPLAY_DATA_TYPE : NO_DISPLAY
OPEN_FACILITIES : 10
COST_SECTION
 1 660137 801295 588582 364167 800273 705715 240220 503040 638174 297187 704363 121998 161061 313591 426526 590084 303728 724402 509720 750647 858930 250895 584261 368874 669283 673959 630562 276320 129886 713425 437898 640585 253615 595464 264495 157029 455910 206368 693844
 660137 1 551153 73636 872389 602022 433045 889488 622440 1004335 893241 726439 782134 528148 376505 840905 809038 702299 714858 758394 678371 497055 819742 1018290 563651 714968 820680 973296 800384 731933 835187 222304 431111 686101 523716 689769 725887 571363 766512 259207
 801295 551153 1 529785 762454 63318 125444 1026974 371172 716197 860815 293707 894149 644800 531584 665882 489571 610637 262914 497101 196708 126140 1045222 783072 456825 310136 435808 677147 741641 780130 423646 570212 169445 977898 218160 986552 942468 380725 994065 293188
 588582 73636 529785 1 799882 575619 406774 819866 562268 938507 819616 679338 710528 454712 302960 770862 748447 630657 670501 694587 639365 492145 755514 949349 495642 665151 765674 908334 727190 658492 782611 151904 393915 626788 475718 631136 659705 508803 701797 248555
 364167 872389 762454 799882 1 732875 716710 424020 391369 292787 135496 542946 334043 379526 500891 117327 348050 175071 574517 290532 628430 862936 547692 222371 338955 507867 445504 297031 89406 235160 486685 674599 649460 609930 549111 620519 491766 389898 526539 793291
 800273 602022 63318 575619 732875 1 169320 1019661 343024 667051 837707 238642 886951 647732 547092 631379 442673 589159 206160 458058 138209 186884 1047676 738472 443886 259015 382008 627871 718904 768930 366824 603228 194017 989363 205572 998416 946074 362314 997778 347042
 705715 433045 125444 406774 716710 169320 1 938431 337948 719981 800552 334677 806499 545815 419302 632978 493644 552073 312351 480566 260072 154678 943417 772620 388047 337829 463113 682161 682538 700013 462153 445489 68832 866428 176394 874658 839821 326898 890999 181692
 240220 889488 1026974 819866 424020 1019661 938431 1 698549 715585 296278 892744 132852 399644 553761 528070 739271 460410 917574 664637 953764 1092697 161394 633624 576816 856413 833173 721035 364719 255002 874745 667986 871727 300335 814239 306980 187125 661888 177982 933984
 503040 622440 371172 562268 391369 343024 337948 698549 1 395765 495169 201726 568520 376819 354907 297253 186601 248986 221637 147041 255726 475778 753408 437081 138305 167538 215283 360639 376801 443598 243637 498798 276015 730553 162606 740876 658817 61943 709155 456727
 638174 1004335 716197 938507 292787 667051 719981 715585 395765 1 420883 431691 625264 604106 674465 212596 227758 357029 466135 249766 533774 837408 839584 103907 444806 408065 290781 39195 368182 515898 318932 845199 664937 890690 545687 901497 778093 436457 815920 852346
 297187 893241 860815 819616 135496 837707 800552 296278 495169 420883 1 664325 228930 369639 517001 250718 478990 250350 694295 415267 743597 951956 433468 337417 412611 628401 576382 429182 119176 175259 617938 680834 731874 519067 643237 529042 394240 480449 420853 852411
 704363 726439 293707 679338 542946 238642 334677 892744 201726 431691 664325 1 764929 576957 534324 430405 214619 433991 34699 252676 102251 419311 954319 509904 339288 36452 143486 392547 551322 638251 130610 652164 303969 931316 203621 941552 860416 255519 910619 505115
 121998 782134 894149 710528 334043 886951 806499 132852 568520 625264 228930 764929 1 272995 430860 424135 621659 336578 788745 544506 823036 960937 214509 554728 444551 728769 713094 625186 259328 127653 754257 559894 739514 291320 681481 301037 165516 530087 193577 808176
 161061 528148 644800 454712 379526 647732 545815 399644 376819 604106 369639 576957 272995 1 159737 396606 501208 247149 592600 421837 610470 698476 400528 575518 238563 543921 571973 587041 294391 203785 608069 311727 481585 354527 445358 364683 298367 321704 350068 535270
 313591 376505 531584 302960 500891 547092 419302 553761 354907 674465 517001 534324 430860 159737 1 486012 521316 338144 541035 451148 541316 565552 531125 668211 238739 507013 569408 649751 425153 360360 598494 175239 362352 447234 361458 455597 427434 292964 477419 381187
 426526 840905 665882 770862 117327 631379 632978 528070 297253 212596 250718 430405 424135 396606 486012 1 230920 151338 462899 178111 519794 773025 638126 182470 281153 396157 328303 204361 165171 307525 369405 660809 568210 679733 459473 690579 570118 309794 610376 729842
 590084 809038 489571 748447 348050 442673 493644 739271 186601 227758 478990 214619 621659 501208 521316 230920 1 288351 249166 80681 313952 609869 828095 296500 283422 185822 97499 189213 377708 495148 138951 677629 441165 837955 321504 848753 745537 240860 791860 634290
 303728 702299 610637 630657 175071 589159 552073 460410 248986 357029 250350 433991 336578 247149 338144 151338 288351 1 460558 209216 502996 702328 539934 333265 166571 397545 377128 341182 131261 208988 418031 513382 483714 555234 392907 566113 457793 230107 503608 619008
 724402 714858 262914 670501 574517 206160 312351 917574 221637 466135 694295 34699 788745 592600 541035 462899 249166 460558 1 284865 68488 388934 974950 544596 356866 66755 177082 427011 580221 662698 160873 651099 287488 947105 196768 957213 879720 271134 930294 486782
 509720 758394 497101 694587 290532 458058 480566 664637 147041 249766 415267 252676 544506 421837 451148 178111 80681 209216 284865 1 342091 610544 749122 292055 212512 218110 168710 216033 307462 417370 210147 613242 421218 757276 304197 768074 665461 187631 712130 603584
 750647 678371 196708 639365 628430 138209 260072 953764 255726 533774 743597 102251 823036 610470 541316 519794 313952 502996 68488 342091 1 322824 1001484 610288 382020 128208 245485 494607 627287 698983 228665 634951 247261 963274 181526 973077 903670 294972 954871 439611
 858930 497055 126140 492145 862936 186884 154678 1092697 475778 837408 951956 419311 960937 698476 565552 773025 609869 702328 388934 610544 322824 1 1093943 900159 540328 434146 560603 798553 833365 854621 549528 565067 222890 1010510 314244 1018294 990163 473925 1041011 243604
 250895 819742 1045222 755514 547692 1047676 943417 161394 753408 839584 433468 954319 214509 400528 531125 638126 828095 539934 974950 749122 1001484 1093943 1 766784 619769 918968 916398 839678 473676 334518 956813 606425 880768 158292 843937 161729 103824 706803 54487 907729
 584261 1018290 783072 949349 222371 738472 772620 633624 437081 103907 337417 509904 554728 575518 668211 182470 296500 333265 544596 292055 610288 900159 766784 1 454933 482278 375303 133247 308012 456563 408143 842753 712785 832107 596249 842727 714043 466284 747961 889662
 368874 563651 456825 495642 338955 443886 388047 576816 138305 444806 412611 339288 444551 238563 238739 281153 283422 166571 356866 212512 382020 540328 619769 454933 1 305679 340243 416889 295180 325045 373786 402484 319308 592298 239709 602603 523177 87071 574005 454776
 669283 714968 310136 665151 507867 259015 337829 856413 167538 408065 628401 36452 728769 543921 507013 396157 185822 397545 66755 218110 128208 434146 918968 482278 305679 1 127133 368878 515077 601997 125122 630783 300289 897973 191536 908267 825558 223386 875609 502027
 673959 820680 435808 765674 445504 382008 463113 833173 215283 290781 576382 143486 713094 571973 569408 328303 97499 377128 177082 168710 245485 560603 916398 375303 340243 127133 1 251936 473674 585806 41789 712804 420949 917360 305474 928045 830574 276939 878140 621521
 630562 973296 677147 908334 297031 627871 682161 721035 360639 39195 429182 392547 625186 587041 649751 204361 189213 341182 427011 216033 494607 798553 839678 133247 416889 368878 251936 1 366181 511537 280868 818769 627829 883956 508395 894811 774203 403554 813716 816671
 276320 800384 741641 727190 89406 718904 682538 364719 376801 368182 119176 551322 259328 294391 425153 165171 377708 131261 580221 307462 627287 833365 473676 308012 295180 515077 473674 366181 1 149013 515462 596313 613990 525047 524085 535749 410053 361312 447933 741128
 129886 731933 780130 658492 235160 768930 700013 255002 443598 515898 175259 638251 127653 203785 360360 307525 495148 208988 662698 417370 698983 854621 334518 456563 325045 601997 585806 511537 149013 1 626869 514512 631809 376036 564407 386742 262667 408535 303350 721471
 713425 835187 423646 782611 486685 366824 462153 874745 243637 318932 617938 130610 754257 608069 598494 369405 138951 418031 160873 210147 228665 549528 956813 408143 373786 125122 41789 280868 515462 626869 1 736723 425304 955407 314151 966051 870215 305564 918072 626987
 437898 222304 570212 151904 674599 603228 445489 667986 498798 845199 680834 652164 559894 311727 175239 660809 677629 513382 651099 613242 634951 565067 606425 842753 402484 630783 712804 818769 596313 514512 736723 1 409432 484136 456000 489427 509122 438869 552363 334084
 640585 431111 169445 393915 649460 194017 68832 871727 276015 664937 731874 303969 739514 481585 362352 568210 441165 483714 287488 421218 247261 222890 880768 712785 319308 300289 420949 627829 613990 631809 425304 409432 1 809127 119662 817673 777462 260183 828867 201761
 253615 686101 977898 626788 609930 989363 866428 300335 730553 890690 519067 931316 291320 354527 447234 679733 837955 555234 947105 757276 963274 1010510 158292 832107 592298 897973 917360 883956 525047 376036 955407 484136 809127 1 792767 10892 126747 676218 122682 804866
 595464 523716 218160 475718 549111 205572 176394 814239 162606 545687 643237 203621 681481 445358 361458 459473 321504 392907 196768 304197 181526 314244 843937 596249 239709 191536 305474 508395 524085 564407 314151 456000 119662 792767 1 802212 743117 162806 794782 316649
 264495 689769 986552 631136 620519 998416 874658 306980 740876 901497 529042 941552 301037 364683 455597 690579 848753 566113 957213 768074 973077 1018294 161729 842727 602603 908267 928045 894811 535749 386742 966051 489427 817673 10892 802212 1 136049 686386 129021 811481
 157029 725887 942468 659705 491766 946074 839821 187125 658817 778093 394240 860416 165516 298367 427434 570118 745537 457793 879720 665461 903670 990163 103824 714043 523177 825558 830574 774203 410053 262667 870215 509122 777462 126747 743117 136049 1 609892 51704 804898
 455910 571363 380725 508803 389898 362314 326898 661888 61943 436457 480449 255519 530087 321704 292964 309794 240860 230107 271134 187631 294972 473925 706803 466284 87071 223386 276939 403554 361312 408535 305564 438869 260183 676218 162806 686386 609892 1 660832 423628
 206368 766512 994065 701797 526539 997778 890999 177982 709155 815920 420853 910619 193577 350068 477419 610376 791860 503608 930294 712130 954871 1041011 54487 747961 574005 875609 878140 813716 447933 303350 918072 552363 828867 122682 794782 129021 51704 660832 1 853408
 693844 259207 293188 248555 793291 347042 181692 933984 456727 852346 852411 505115 808176 535270 381187 729842 634290 619008 486782 603584 439611 243604 907729 889662 454776 502027 621521 816671 741128 721471 626987 334084 201761 804866 316649 811481 804898 423628 853408 1
LAMBDA_SECTION
1 202
2 645
3 82
4 876
5 565
6 887
7 746
8 639
9 745
10 91
11 512
12 86
13 90
14 895
15 335
16 983
17 257
18 584
19 134
20 215
21 69
22 536
23 651
24 123
25 727
26 114
27 751
28 190
29 614
30 283
31 274
32 470
33 336
34 607
35 135
36 760
37 851
38 45
39 452
40 146
