NAME : domp40p10v10
COMMENT : Cherkesly, Contardo & Gruson 2022
TYPE : DOMP
DIMENSION : 40
DISPLAY_DATA_TYPE : NO_DISPLAY
OPEN_FACILITIES : 10
COST_SECTION
 1 144044 509906 910252 361002 868716 720585 312062 880596 1096081 374863 721203 1072835 591458 896933 597057 804447 964630 458792 338918 808852 595403 802205 257333 232109 625584 820954 674214 1033497 821739 598528 865925 451674 729739 345557 584556 81441 552364 552900 920286
 144044 1 373342 882898 427519 826407 666564 180565 873922 1049530 234717 794003 1025689 508304 895204 473306 789815 927288 367646 313724 890407 456603 790034 357210 199313 671733 730782 756377 971618 890926 533978 889684 568859 811439 307690 567598 73702 577847 615822 884088
 509906 373342 1 779489 634851 689881 525401 198424 826335 877333 140861 951252 853877 322849 857748 139034 733557 791631 236370 401648 1059375 88167 740191 636385 374326 784468 468665 939315 764514 1029964 399194 917662 848132 987762 373189 554219 428823 663065 775221 756633
 910252 882898 779489 1 639419 105428 254342 783172 129684 222486 818789 597792 206074 456648 160280 671627 125123 82135 569690 575292 675617 811241 135080 765118 690140 462712 418470 648211 261679 595711 384490 315386 826639 655097 576251 326329 864746 423260 554654 56885
 361002 427519 634851 639419 1 632877 531916 476370 574463 852833 552187 366805 832204 509673 582144 645925 517738 710096 444467 241070 463356 718639 511134 132262 273331 268086 716086 330140 829542 465035 463671 520378 238374 384708 270395 335427 365978 223458 192307 666664
 868716 826407 689881 105428 632877 1 168144 711506 218545 227749 740355 650932 204959 368533 253197 575837 168885 103788 492331 529841 738149 716011 182498 750944 641190 497273 313051 693680 205421 662878 305184 397643 839440 708084 525799 300410 816053 432521 579477 66998
 720585 666564 525401 254342 531916 168144 1 544469 320736 383380 572212 643112 359443 202618 355685 418747 233840 271901 324403 384151 743454 557725 244656 635505 489315 468824 228601 670381 313907 680214 137521 462440 758596 697233 375036 205296 662170 370648 528678 233377
 312062 180565 198424 783172 476370 711506 544469 1 798744 924861 76860 822777 900818 361057 825217 293093 708384 815074 221967 274474 927523 285281 711544 453822 203122 672266 569520 799400 832687 911141 406980 851170 669793 851557 252860 496902 230748 559469 641539 774303
 880596 873922 826335 129684 574463 218545 320736 798744 1 336389 844635 478470 324164 509895 35824 733513 92814 208018 600373 560232 550431 869598 87488 705323 675420 361582 521035 533581 391170 468908 428077 185727 737333 535286 567784 306982 845376 351094 459629 186100
 1096081 1049530 877333 222486 852833 227749 383380 924861 336389 1 945857 814549 24044 568568 356684 750125 347022 143862 703059 757164 885705 888209 357466 974507 867590 685073 433415 867828 138361 802846 519235 513893 1047669 871508 752240 525477 1042083 642115 777004 186284
 374863 234717 140861 818789 552187 740355 572212 76860 844635 945857 1 894850 921899 377290 872799 260475 752865 844106 249133 342555 1000387 221935 757147 530329 279303 740549 566514 873363 845284 981561 435784 908795 746486 925021 318569 549067 295053 625094 714079 805060
 721203 794003 951252 597792 366805 650932 643112 822777 478470 814549 894850 1 801273 729897 462266 924139 484245 679890 726565 554445 108844 1026282 471208 467464 625806 179608 869935 70832 851786 101711 653777 318877 358459 57379 581075 458328 732593 299776 181547 647991
 1072835 1025689 853877 206074 832204 204959 359443 900818 324164 24044 921899 801273 1 544616 346257 727103 329592 125507 679019 733929 874426 865402 340457 953193 844109 668663 412043 853438 122611 792198 495215 504280 1029049 858382 728782 503648 1018522 622889 759584 166452
 591458 508304 322849 456648 509673 368533 202618 361057 509895 568568 377290 729897 544616 1 542894 224607 417956 471397 141590 291807 837508 359744 426067 578165 364798 550725 230329 738718 471659 789344 85444 623016 748036 777275 269450 278033 521054 430792 577791 434883
 896933 895204 857748 160280 582144 253197 355685 825217 35824 356684 872799 462266 346257 542894 1 766912 124939 235158 630064 581585 529154 902411 117560 713855 696172 357136 556835 520171 420052 446178 460364 158453 735248 518454 590524 330488 864360 358956 456884 217152
 597057 473306 139034 671627 645925 575837 418747 293093 733513 750125 260475 924139 727103 224607 766912 1 642034 674600 203068 404894 1032954 140235 650418 675183 417183 748869 332042 922563 632268 993162 309311 845779 875194 966591 375651 491288 516195 626004 757579 642794
 804447 789815 733557 125123 517738 168885 233840 708384 92814 347022 752865 484245 329592 417956 124939 642034 1 204138 507851 476996 569487 777487 13708 645389 592630 339818 445980 530302 367592 494018 335568 237297 701521 541573 482411 222572 764860 299061 430044 166592
 964630 927288 791631 82135 710096 103788 271901 815074 208018 143862 844106 679890 125507 471397 235158 674600 204138 1 596115 626521 756909 814814 215176 833103 739457 543541 391179 730262 185628 676369 408956 392974 903890 737182 624274 386508 914540 498271 634084 44548
 458792 367646 236370 569690 444467 492331 324403 221967 600373 703059 249133 726565 679019 141590 630064 203068 507851 596115 1 204405 835356 301846 513118 484917 242497 554627 364482 721673 611788 800270 187186 681996 676930 767023 175778 318216 384937 431991 556499 556461
 338918 313724 401648 575292 241070 529841 384151 274474 560232 757164 342555 554445 733929 291807 581585 404894 476996 626521 204405 1 661340 482291 476761 287402 115651 398191 516982 538361 698031 639266 272586 585400 472603 587898 29406 254442 289474 285388 375417 582339
 808852 890407 1059375 675617 463356 738149 743454 927523 550431 885705 1000387 108844 874426 837508 529154 1032954 569487 756909 835356 661340 1 1134851 556008 551988 728621 286785 971434 134784 934535 86160 760417 374581 409400 79261 688349 564104 826467 408135 286373 728514
 595403 456603 88167 811241 718639 716011 557725 285281 869598 888209 221935 1026282 865402 359744 902411 140235 777487 814814 301846 482291 1134851 1 785290 723909 461492 856127 463611 1017454 767486 1101849 442364 973748 934827 1064720 453306 613336 514698 733680 852657 782981
 802205 790034 740191 135080 511134 182498 244656 711544 87488 357466 757147 471208 340457 426067 117560 650418 13708 215176 513118 476761 556008 785290 1 639492 592307 328390 458558 517793 380578 480384 343040 224215 692080 528555 483000 222439 763860 291183 419579 178591
 257333 357210 636385 765118 132262 750944 635505 453822 705323 974507 530329 467464 953193 578165 713855 675183 645389 833103 484917 287402 551988 723909 639492 1 262738 395459 798853 417590 942025 568847 547906 651209 216782 473032 312798 450595 286284 354910 309303 789112
 232109 199313 374326 690140 273331 641190 489315 203122 675420 867590 279303 625806 844109 364798 696172 417183 592630 739457 242497 115651 728621 461492 592307 262738 1 486124 595123 598644 801641 717612 366552 692569 474009 651633 115396 370064 175089 383805 444299 695516
 625584 671733 784468 462712 268086 497273 468824 672266 361582 685073 740549 179608 668663 550725 357136 748869 339818 543541 554627 398191 286785 856127 328390 395459 486124 1 693565 201886 702246 245737 474172 259954 378690 230231 422179 278989 619308 122934 100869 506273
 820954 730782 468665 418470 716086 313051 228601 569520 521035 433415 566514 869935 412043 230329 556835 332042 445980 391179 364482 516982 971434 463611 458558 798853 595123 693565 1 893883 305561 908814 252709 682155 952233 923238 496909 419325 748966 587869 745349 372700
 674214 756377 939315 648211 330140 693680 670381 799400 533581 867828 873363 70832 853438 738718 520171 922563 530302 730262 721673 538361 134784 1017454 517793 417590 598644 201886 893883 1 897123 163923 666878 383084 290864 55546 566325 476131 691925 309781 165181 696152
 1033497 971618 764514 261679 829542 205421 313907 832687 391170 138361 845284 851786 122611 471659 420052 632268 367592 185628 611788 698031 934535 767486 380578 942025 801641 702246 305561 897123 1 856073 438203 576873 1042385 909132 688232 494140 972722 636431 784827 206549
 821739 890926 1029964 595711 465035 662878 680214 911141 468908 802846 981561 101711 792198 789344 446178 993162 494018 676369 800270 639266 86160 1101849 480384 568847 717612 245737 908814 163923 856073 1 709220 290059 454682 119368 664610 512127 830978 368305 275275 649599
 598528 533978 399194 384490 463671 305184 137521 406980 428077 519235 435784 653777 495215 85444 460364 309311 335568 408956 187186 272586 760417 442364 343040 547906 366552 474172 252709 666878 438203 709220 1 537574 700574 702911 257108 197129 535103 357187 509395 369340
 865925 889684 917662 315386 520378 397643 462440 851170 185727 513893 908795 318877 504280 623016 158453 845779 237297 392974 681996 585400 374581 973748 224215 651209 692569 259954 682155 383084 576873 290059 537574 1 630051 372546 601467 363858 847289 314417 358651 371584
 451674 568859 848132 826639 238374 839440 758596 669793 737333 1047669 746486 358459 1029049 748036 735248 875194 701521 903890 676930 472603 409400 934827 692080 216782 474009 378690 952233 290864 1042385 454682 700574 630051 1 338824 501170 555170 496004 407221 278372 862864
 729739 811439 987762 655097 384708 708084 697233 851557 535286 871508 925021 57379 858382 777275 518454 966591 541573 737182 767023 587898 79261 1064720 528555 473032 651633 230231 923238 55546 909132 119368 702911 372546 338824 1 615432 508970 747275 346509 212608 705367
 345557 307690 373189 576251 270395 525799 375036 252860 567784 752240 318569 581075 728782 269450 590524 375651 482411 624274 175778 29406 688349 453306 483000 312798 115396 422179 496909 566325 688232 664610 257108 601467 501170 615432 1 260829 290339 306934 402842 580421
 584556 567598 554219 326329 335427 300410 205296 496902 306982 525477 549067 458328 503648 278033 330488 491288 222572 386508 318216 254442 564104 613336 222439 450595 370064 278989 419325 476131 494140 512127 197129 363858 555170 508970 260829 1 542559 168552 326334 342019
 81441 73702 428823 864746 365978 816053 662170 230748 845376 1042083 295053 732593 1018522 521054 864360 516195 764860 914540 384937 289474 826467 514698 763860 286284 175089 619308 748966 691925 972722 830978 535103 847289 496004 747275 290339 542559 1 533156 556990 870605
 552364 577847 663065 423260 223458 432521 370648 559469 351094 642115 625094 299776 622889 430792 358956 626004 299061 498271 431991 285388 408135 733680 291183 354910 383805 122934 587869 309781 636431 368305 357187 314417 407221 346509 306934 168552 533156 1 158160 456464
 552900 615822 775221 554654 192307 579477 528678 641539 459629 777004 714079 181547 759584 577791 456884 757579 430044 634084 556499 375417 286373 852657 419579 309303 444299 100869 745349 165181 784827 275275 509395 358651 278372 212608 402842 326334 556990 158160 1 594952
 920286 884088 756633 56885 666664 66998 233377 774303 186100 186284 805060 647991 166452 434883 217152 642794 166592 44548 556461 582339 728514 782981 178591 789112 695516 506273 372700 696152 206549 649599 369340 371584 862864 705367 580421 342019 870605 456464 594952 1
LAMBDA_SECTION
1 480
2 262
3 571
4 291
5 828
6 204
7 12
8 625
9 682
10 925
11 706
12 840
13 917
14 670
15 59
16 973
17 181
18 955
19 534
20 243
21 311
22 978
23 514
24 240
25 285
26 498
27 560
28 580
29 475
30 452
31 586
32 402
33 347
34 439
35 488
36 283
37 645
38 955
39 964
40 999
