NAME : domp90p45v9
COMMENT : Cherkesly, Contardo & Gruson 2022
TYPE : DOMP
DIMENSION : 90
DISPLAY_DATA_TYPE : NO_DISPLAY
OPEN_FACILITIES : 45
COST_SECTION
 1 702082 745185 486362 556879 752182 699234 767832 764019 787382 1021879 133348 736483 418417 1032992 881857 1042367 1028388 553950 658441 526211 613045 578913 516962 683036 476787 855462 684432 587157 751098 501696 699797 740265 673909 456947 756472 806099 532703 414698 326731 135776 841090 650807 1021941 769032 135176 957532 597264 724200 820397 959389 594356 416853 802070 476718 1026815 473182 197110 460655 490523 849250 183007 608914 404868 811476 523585 714612 641258 969295 675796 791649 521462 240266 351837 507602 395721 745128 645440 225722 397795 399063 130156 779697 903115 196678 374306 795640 738912 706748 89581
 702082 1 734445 598238 1004539 840874 587703 168960 932570 128356 820564 835075 287219 666703 657392 454355 782332 719203 763236 642738 784009 440353 814762 256562 121898 360507 985719 1088356 624943 865929 355121 942210 335248 537278 278732 857520 744460 430716 891189 709106 720246 982523 1001095 788092 774376 566937 582800 662193 777191 387655 764854 232812 896199 993684 575163 764513 244262 589847 255422 298404 590299 821381 360283 900455 109472 217900 943602 472979 560396 841970 272001 567850 511827 355159 228815 344301 43328 61970 741142 831824 343589 831593 84021 647224 741361 755125 959670 1027333 88392 672129
 745185 734445 1 261992 521709 126130 149525 624605 236470 690933 301802 809700 482848 333291 440848 443296 351916 379497 239445 103582 286560 295262 259439 517539 829689 430120 259674 521485 163837 158580 418352 298264 436716 198185 551004 144436 67983 330034 517153 442897 633141 260759 423419 320157 39956 687229 406090 147953 68788 447270 250802 505647 521161 293986 276774 342549 590872 554422 724551 487763 262865 927348 374740 539575 794642 773212 287829 261473 445228 190952 540810 240325 791180 692877 765119 767953 759690 687805 561369 466817 530786 804786 801779 271318 589654 423110 252924 384246 656899 656176
 486362 598238 261992 1 431168 301539 225940 544772 361156 600449 537832 562167 431502 107550 590243 495088 565725 564234 165574 172245 187299 217709 216930 345028 666038 240390 436424 495762 100802 313816 243146 349343 403725 217938 351275 312428 320238 176445 356746 214826 383464 427416 404476 541909 290536 425672 526261 115973 255339 459200 476739 371897 361839 418220 23927 551545 394702 293010 512393 304971 393450 669264 275185 374736 684962 571911 353624 220272 551100 262712 499885 50978 535675 457590 560597 536848 633683 540474 324574 293881 309834 557207 678142 437709 349064 222894 392424 431022 541104 398427
 556879 1004539 521709 431168 1 432848 600033 972672 362855 1024872 811336 526779 862635 340820 956579 908714 870888 901011 301518 512451 258245 646597 265384 748680 1049383 647400 443133 129107 467241 408057 658085 267058 833478 617939 731543 422773 585761 605647 143656 306566 425719 425535 140034 837226 514289 604398 909859 439871 458359 882954 768649 792158 140838 361057 449603 862854 772260 478641 853488 706763 764710 687905 706135 152054 1100689 921956 285619 642113 943369 338834 930999 477566 749517 762328 907353 838458 1043780 943464 342715 183266 671834 523405 1087701 787543 366296 253141 381699 242647 959401 489733
 752182 840874 126130 301539 432848 1 269107 741508 110667 806781 380052 796933 601883 334982 555999 569421 444562 485514 201540 198487 239843 401260 195094 609512 929097 513268 145085 411652 226413 32942 506156 183297 557279 313789 633421 18363 169952 419187 458588 430058 628009 141857 317450 409420 97282 716045 527845 193408 64798 572254 342783 608800 461740 167973 322622 438718 675478 574498 803309 575352 386919 929619 481250 481418 907809 857638 169801 372168 568165 96590 662148 300774 834820 757370 847977 835731 868914 790666 546363 419257 602779 792183 911955 388741 576614 395367 127332 263832 767270 662799
 699234 587703 149525 225940 600033 269107 1 475110 375167 541409 326505 784809 333721 328104 369027 315314 343434 338294 298543 88976 343241 154275 338077 383889 686745 309222 408472 626527 140397 299335 292553 419152 288333 50857 426232 287267 159844 208568 560202 439406 606356 408547 527121 322887 188795 618021 312448 160896 204807 306717 262529 362318 564940 435383 227795 328319 462866 502187 599798 359423 171229 881649 230691 580727 645375 642516 412807 116711 343813 306818 393070 181018 701920 583361 635938 653403 611627 543289 550501 501024 418160 779855 653307 211819 574676 439039 395936 508757 508575 614331
 767832 168960 624605 544772 972672 741508 475110 1 842242 67632 667965 896359 143741 632805 490549 289161 623426 556756 701422 545009 730796 347481 752071 256330 290777 336180 883238 1039753 544637 769852 319834 867403 192836 427962 311168 759235 622353 368348 876877 699578 756304 882581 946057 632335 663606 635708 418009 581582 676711 226862 616054 188310 882062 903560 524444 605974 297190 619817 373484 291813 442988 911010 273173 889914 177057 359403 865661 370676 393226 759824 106960 504019 615566 449849 365765 465046 167013 173566 757138 814231 372483 892293 197795 495745 764185 736361 866185 956057 88517 719943
 764019 932570 236470 361156 362855 110667 375167 842242 1 906395 472477 790443 704920 362899 663410 679649 542544 589289 217887 297383 238065 497233 185209 692219 1014567 591472 92615 317604 308172 77911 587796 95893 661729 417045 708631 92699 278501 504036 420244 437386 632688 77231 231937 506440 207405 747201 637790 271354 171320 680591 442588 699759 422340 61417 384505 538480 751675 602554 873267 655420 497502 934054 576200 442297 1004804 931537 77637 471568 678424 98939 766898 373848 875945 816644 920714 896513 962760 879807 545372 394573 670762 785939 1006410 497621 576134 391735 32495 159510 862554 676614
 787382 128356 690933 600449 1024872 806781 541409 67632 906395 1 733536 918253 211287 684128 548664 350313 687033 618688 759859 609566 787416 410019 810883 290572 244833 381056 949094 1096195 606176 834725 367563 928962 260460 493706 336454 824393 689692 424378 924016 744499 786850 948128 1003747 697087 730091 653194 478706 643355 742011 291437 682471 233280 929171 967779 579294 669772 314414 651522 366299 329737 509904 921221 333472 936021 110118 339975 927792 435085 451298 822465 171149 561826 617936 454531 348950 457912 112268 156277 794481 862050 400916 914398 135272 561869 799314 784145 930844 1017124 80682 746041
 1021879 820564 301802 537832 811336 380052 326505 667965 472477 733536 1 1099215 533474 626092 251060 391920 81108 155151 541035 366473 587885 455686 556983 676050 936026 622270 435422 788557 438367 408189 601716 560496 485389 362725 729919 392443 233821 526681 818343 738211 920734 447910 696800 47500 299142 944475 278209 437248 355983 442306 64521 630573 822247 509631 545446 87354 760529 825560 897596 661602 231890 1204810 511959 840877 843513 929000 544961 416940 319901 472503 562413 500421 1025634 897810 925480 962246 831239 792413 855358 768618 733860 1094260 865485 173340 882286 723085 470418 631672 732629 935209
 133348 835075 809700 562167 526779 796933 784809 896359 790443 918253 1099215 1 857043 476412 1133411 993667 1127338 1120609 595400 732743 559598 716454 609916 642882 815886 593378 883058 655644 660857 790487 617652 714631 857041 765724 585216 798272 874302 637624 395855 368919 178717 867316 641381 1104056 828486 268198 1060647 664315 778771 935378 1038752 719037 396377 820015 557263 1112752 603840 297187 593769 613798 943680 162394 721723 379850 944509 656077 731325 740889 1075805 711478 914750 603867 364419 485112 640154 526667 878177 778033 250843 399868 524976 4961 912971 994079 221119 402371 820403 738234 837745 182679
 736483 287219 482848 431502 862635 601883 333721 143741 704920 211287 533474 857043 1 529081 384094 182755 496075 435933 578594 407763 612216 219311 627873 228574 404605 265374 742185 919457 415433 631068 242517 735973 49617 288243 295330 619831 478740 260666 779671 610508 700230 742162 823322 500954 521472 613018 305103 451357 537161 110309 478613 151275 784869 765972 413924 478134 301983 564988 417993 247055 304206 897089 158104 795001 319603 427225 732907 235636 291084 626271 68403 385823 626345 464618 428496 502580 298830 264301 685121 716185 341085 852581 335523 360156 697239 639568 727695 825450 199158 675049
 418417 666703 333291 107550 340820 334982 328104 632805 362899 684128 626092 476412 529081 1 695516 602094 660988 665144 145013 261576 136495 321489 184901 410158 720432 307366 449792 422957 191503 336882 317314 322836 505012 324584 400175 340643 398176 268766 251870 112716 300309 437388 341475 634835 353201 385143 633001 188969 306182 564177 567601 451339 257031 411527 118129 647776 442686 241280 542533 368300 498015 598213 371049 268845 760698 607585 332501 327079 658445 267015 597339 158483 513405 468875 594446 549147 704996 606376 229319 188459 346186 471496 749176 539365 256808 115460 395392 391176 618824 328844
 1032992 657392 440848 590243 956579 555999 369027 490549 663410 548664 251060 1133411 384094 695516 1 203760 175071 96313 659073 449330 705761 420027 691201 586609 778884 571704 650331 962261 509339 588455 546977 737134 347159 373045 651061 572544 386073 500523 928280 805067 957976 659407 864253 203654 459581 930002 81056 526449 508967 274376 238625 520341 932934 712226 587466 164276 669693 839155 796709 587838 197843 1210110 438604 949123 654031 810838 725109 392716 97414 631793 385393 541353 977793 826852 811441 876215 657214 645170 911606 869797 677134 1128530 683897 169738 933487 807794 670447 819828 570376 954838
 881857 454355 443296 495088 908714 569421 315314 289161 679649 350313 391920 993667 182755 602094 203760 1 338393 268396 608551 404008 650479 286041 651326 399318 575558 406138 694350 941608 441474 601823 380982 732683 152622 290853 465848 587707 413806 359129 851232 701337 825677 698626 842272 351765 475552 767320 128852 470239 509142 72578 348762 327084 856271 737120 484693 321625 478816 696558 599926 408086 194176 1051666 272948 869672 458474 609823 725119 275025 108576 620501 182749 444213 797448 639875 611241 682866 456170 441492 794319 788756 501549 988958 485277 229279 811670 717519 695759 821696 366932 811326
 1042367 782332 351916 565725 870888 444562 343434 623426 542544 687033 81108 1127338 496075 660988 175071 338393 1 79189 589972 399502 637422 452457 611159 660725 900675 618605 511572 855843 469852 474448 596299 627269 450322 370595 718807 458430 285633 528764 867664 773703 948669 523287 761930 36725 356673 956326 215332 474762 412580 396645 102298 607745 871818 583105 570135 18185 745898 845260 881022 651132 210982 1224481 498363 889850 796115 906913 612600 415905 253751 533252 516590 523704 1027375 891071 904749 951082 789296 759398 888664 814931 729978 1122380 821069 149288 914250 763947 542962 702050 693943 957759
 1028388 719203 379497 564234 901011 485514 338294 556756 589289 618688 155151 1120609 435933 665144 96313 268396 79189 1 610323 407748 657767 423405 637150 616828 839095 585672 567964 896319 474247 517045 562109 668638 392803 355238 677955 500953 318142 502805 885514 777150 942781 578260 800005 107656 391923 934487 141176 485210 445098 331575 150837 558064 889927 634500 565324 68024 701736 831891 834217 611610 179689 1208814 458558 907145 726765 855443 655280 390112 176754 568122 449851 518463 995693 852635 854385 908439 723543 700232 888787 829772 695448 1115671 753543 126724 912775 773241 593287 747878 630975 946358
 553950 763236 239445 165574 301518 201540 298543 701422 217887 759859 541035 595400 578594 145013 659073 608551 589972 610323 1 211459 47537 359290 51539 510602 831320 405942 305422 340997 168192 197314 408384 186269 544287 317803 514850 203624 307326 336391 277835 229183 427313 292640 244988 559110 245751 529700 609272 138550 190642 586783 489779 534951 281917 267605 189206 579596 558292 385301 670606 470480 464737 729410 428425 300182 847909 732550 192941 348322 642102 122929 646028 198120 658216 605642 720516 685950 798066 705857 344842 228117 469081 590647 842503 491704 375141 194390 250380 265568 703811 465120
 658441 642738 103582 172245 512451 198487 88976 545009 297383 609566 366473 732743 407763 261576 449330 404008 399502 407748 211459 1 257245 202786 249391 417265 733335 327276 343025 537647 71930 225289 316451 333156 365498 121303 448312 215594 150780 228085 479595 374279 554291 340342 438276 373343 141086 591765 397817 77653 134456 392127 306579 411206 484165 358620 182613 386542 488672 463993 621548 386033 253560 841398 282817 500793 709605 671236 328013 174482 430929 221254 470669 141430 690748 589447 662811 664378 670451 593413 490036 422490 427204 727788 713468 284645 516388 365959 321279 423021 568794 570663
 526211 784009 286560 187299 258245 239843 343241 730796 238065 787416 587885 559598 612216 136495 705761 650479 637422 657767 47537 257245 1 393576 52894 528910 846471 424088 329252 308964 209007 231008 429124 187040 579978 359695 527373 239452 354339 363058 230594 199481 396100 314968 217340 606439 291397 512507 654878 182415 235542 625959 537093 559136 234613 280593 209472 627102 570576 367710 676544 487872 510790 698232 459027 253039 872131 740443 197838 385831 687050 151965 680163 227241 645862 605221 727744 685528 820170 725372 310607 182571 477416 554929 864622 538778 341281 157265 269996 255483 728349 438573
 613045 440353 295262 217709 646597 401260 154275 347481 497233 410019 455686 716454 219311 321489 420027 286041 452457 423405 359290 202786 393576 1 408622 230253 534616 166877 545745 700200 197497 427468 146056 520004 186896 104100 276682 418258 314065 80561 573187 416156 544107 543105 604027 440826 335198 512091 344812 234216 337161 242838 391561 210387 578327 558649 203427 435100 311052 420324 448650 208665 244693 790305 80103 590326 507647 488988 518188 39604 359589 412515 286829 169185 574970 442124 482868 507682 467665 392578 508620 509886 278575 711631 510714 304247 526733 435955 522675 608875 366133 536116
 578913 814762 259439 216930 265384 195094 338077 752071 185209 810883 556983 609916 627873 184901 691201 651326 611159 637150 51539 249391 52894 408622 1 561932 882316 457209 276619 293017 214514 182590 459871 138646 592565 361583 565209 192472 325706 387744 264866 252215 448288 262186 195550 578788 257953 564703 645285 181871 201114 632517 509558 586433 268296 228323 240465 601985 608623 419871 719123 521689 499857 750220 478946 287697 899349 781758 147614 395914 679697 102405 695006 249362 696978 651451 769503 731813 849602 757324 362041 224268 518250 605296 894038 522266 392779 208277 217106 214698 755243 491406
 516962 256562 517539 345028 748680 609512 383889 256330 692219 290572 676050 642882 228574 410158 586609 399318 660725 616828 510602 417265 528910 230253 561932 1 322741 104872 754091 831946 385152 631153 104443 692909 246847 334255 66974 624799 543077 190359 639054 457710 499989 748751 745524 655104 556850 388699 505578 421228 548698 328963 613293 78620 644143 752343 321478 642667 85185 363573 221547 41925 450157 670993 164097 649697 352919 258740 695765 269419 502501 597755 276565 319839 398932 240968 252762 291619 295121 196709 503953 578430 118011 638680 339151 512074 509356 501061 721164 775946 215916 464512
 683036 121898 829689 666038 1049383 929097 686745 290777 1014567 244833 936026 815886 404605 720432 778884 575558 900675 839095 831320 733335 846471 534616 882316 322741 1 426036 1074113 1142945 706826 952007 427116 1014966 451205 635893 320258 944934 845805 510969 926337 745700 723994 1069502 1060913 905062 869573 550983 703708 743297 866889 507908 878801 324509 931127 1074881 642240 882738 278010 603401 222909 361347 704616 778919 456122 932853 179512 160626 1018208 570236 682020 920475 393587 642571 467163 332317 176219 294577 134401 145078 759003 870470 377582 812956 135696 762899 754267 796487 1043180 1096885 208648 668538
 476787 360507 430120 240390 647400 513268 309222 336180 591472 381056 622270 593378 265374 307366 571704 406138 618605 585672 405942 327276 424088 166877 457209 104872 426036 1 656770 727916 287068 533136 25200 588940 263902 263579 121081 527784 463622 101411 542965 363872 434913 650530 640843 607644 468335 361683 492566 321959 454520 343611 558004 148458 548118 651017 216749 601085 162308 299673 294452 64691 409177 645632 134574 555060 453388 344836 592237 205331 498668 495771 327224 217734 410059 275863 335862 344204 397955 301326 424240 481123 111698 588829 442256 469786 434157 403261 621068 671406 312272 410858
 855462 985719 259674 436424 443133 145085 408472 883238 92615 949094 435422 883058 742185 449792 650331 694350 511572 567964 305422 343025 329252 545745 276619 754091 1074113 656770 1 379625 369734 123889 650430 179502 696345 455389 776297 129296 280826 563876 510611 528731 724731 17599 306083 474851 222289 834910 635920 335157 208587 704790 417353 753808 512493 84929 458866 510515 818697 690682 944673 719399 503922 1026339 625816 532380 1051267 1000383 160790 515644 678489 182778 800477 441801 960934 894005 990349 973230 1013367 935731 637722 486806 743047 878553 1056236 492571 668488 483993 64054 215308 911430 767670
 684432 1088356 521485 495762 129107 411652 626527 1039753 317604 1096195 788557 655644 919457 422957 962261 941608 855843 896319 340997 537647 308964 700200 293017 831946 1142945 727916 379625 1 507528 381397 735114 228574 885197 653579 822788 397414 578481 671930 269791 414604 551874 362763 99477 820350 504548 725437 925044 474476 453321 925227 754336 866826 267580 294789 517246 850327 864966 593920 956652 790274 779729 816946 767703 280354 1179293 1023916 243610 688818 962115 330565 986994 535961 870101 871020 1009921 948964 1125721 1028572 466558 298709 766767 652317 1170085 792802 491673 357731 326379 164322 1035919 614679
 587157 624943 163837 100802 467241 226413 140397 544637 308172 606176 438367 660857 415433 191503 509339 441474 469852 474247 168192 71930 209007 197497 214514 385152 706826 287068 369734 507528 1 246257 281047 322838 378575 150758 407015 240722 219697 195949 420055 304114 482375 363803 409765 444490 195740 523854 452021 37404 170062 418629 378183 392259 424830 369003 113273 456422 449155 393513 577239 349749 311603 770041 272822 440438 700586 631230 321752 181609 481707 217555 481836 77861 627879 535814 621579 612871 656090 571674 418917 360633 377760 655901 700035 349142 444939 299526 336374 411447 557212 499123
 751098 865929 158580 313816 408057 32942 299335 769852 77911 834725 408189 790487 631068 336882 588455 601823 474448 517045 197314 225289 231008 427468 182590 631153 952007 533136 123889 381397 246257 1 527233 152827 587017 342827 652478 16102 202530 441218 442007 426349 624437 117598 288615 438982 130185 720826 560766 211335 94575 603676 373066 633408 444892 136312 335882 469108 694941 577903 820814 596005 419831 926633 507190 464747 934815 876529 138441 399689 601107 80297 692047 317916 842968 771259 866466 850226 894758 814777 540799 406167 619301 785800 938038 421483 571325 388123 96683 231447 793585 662090
 501696 355121 418352 243146 658085 506156 292553 319834 587796 367563 601716 617652 242517 317314 546977 380982 596299 562109 408384 316451 429124 146056 459871 104443 427116 25200 650430 735114 281047 527233 1 589355 239413 245529 133925 521184 448935 88384 557315 379865 457834 644814 646388 586061 457109 386880 467692 316920 446114 318741 537615 134310 562491 647900 220046 578688 172567 323165 307897 69608 386343 670822 109430 570114 444345 354886 591860 185168 473531 493360 305523 215607 433630 296127 346819 362203 391073 297499 444579 494938 133750 613080 435517 447258 455432 417015 616815 673186 301676 435045
 699797 942210 298264 349343 267058 183297 419152 867403 95893 928962 560496 714631 735973 322836 737134 732683 627269 668638 186269 333156 187040 520004 138646 692909 1014966 588940 179502 228574 322838 152827 589355 1 696281 454111 700280 168841 351630 511803 332966 377161 565564 162103 137488 591801 277757 697244 704304 285822 229477 725127 525796 711069 334554 105738 373250 621809 743733 552833 856842 653629 560354 863542 595516 354305 1022105 918778 18796 500364 743042 112344 800972 374449 832392 790096 906780 870458 975352 886329 476226 314974 655335 710303 1019610 568474 506688 325706 116098 89890 878251 614941
 740265 335248 436716 403725 833478 557279 288333 192836 661729 260460 485389 857041 49617 505012 347159 152622 450322 392803 544287 365498 579978 186896 592565 246847 451205 263902 696345 885197 378575 587017 239413 696281 1 244729 313543 575360 430412 240332 756757 592447 695059 696800 788083 453862 474934 621141 266746 413565 492736 82491 429795 174834 761933 722518 387890 432273 326332 561808 449830 257723 255264 905869 140092 773027 369107 464579 692458 197055 257927 585615 105201 355966 645426 487259 464646 531142 348077 309084 673686 693258 351957 852460 385080 312066 687772 617755 683700 786028 247608 674404
 673909 537278 198185 217938 617939 313789 50857 427962 417045 493706 362725 765724 288243 324584 373045 290853 370595 355238 317803 121303 359695 104100 361583 334255 635893 263579 455389 653579 150758 342827 245529 454111 244729 1 378539 331665 210519 164776 566628 432502 588380 454624 554711 353846 237890 585831 308429 179841 249016 272301 298212 311462 571539 477933 214424 354342 414238 477058 551557 311141 178321 855199 179836 586192 596603 592991 449265 65930 334653 342451 349925 168406 662914 539060 586706 607494 561716 492497 538742 505527 373991 760795 603654 229292 561137 438807 439462 544000 458807 591196
 456947 278732 551004 351275 731543 633421 426232 311168 708631 336454 729919 585216 295330 400175 651061 465848 718807 677955 514850 448312 527373 276682 565209 66974 320258 121081 776297 822788 407015 652478 133925 700280 313543 378539 1 647617 582842 221321 613743 431697 450643 769581 740860 711349 589345 326193 570131 441147 575287 395779 666375 144548 618701 767398 327354 700877 43454 316156 174020 68335 507827 606559 220483 622365 383382 224218 704890 316269 568297 611697 341343 335203 332007 175803 214873 232573 320658 216765 463903 555438 65628 581167 362733 569621 466010 479736 738794 779858 257410 410078
 756472 857520 144436 312428 422773 18363 287267 759235 92699 824393 392443 798272 619831 340643 572544 587707 458430 500953 203624 215594 239452 418258 192472 624799 944934 527784 129296 397414 240722 16102 521184 168841 575360 331665 647617 1 186720 434582 453856 432782 630906 125005 304374 423002 114784 723422 545332 206787 82672 590605 357003 625257 456845 149618 334009 453040 689859 581116 816852 590220 404805 932907 498171 476641 925133 871798 154538 389602 585817 91126 680269 313959 843931 769249 861961 847907 885844 806956 548123 416613 615840 793556 928970 405761 578540 396091 108992 247436 784356 667267
 806099 744460 67983 320238 585761 169952 159844 622353 278501 689692 233821 874302 478740 398176 386073 413806 285633 318142 307326 150780 354339 314065 325706 543077 845805 463622 280826 578481 219697 202530 448935 351630 430412 210519 582842 186720 1 362217 584915 508838 696997 285986 481873 253098 73952 742461 359874 210195 127598 428335 183853 521658 588889 330718 332562 277116 620712 613180 756830 517069 223374 988759 390150 607377 796357 801391 339167 276448 401212 250129 531358 292209 840498 733510 794419 806264 766445 701829 627035 534797 569231 869372 807140 219133 654944 490531 288692 433779 663183 717576
 532703 430716 330034 176445 605647 419187 208568 368348 504036 424378 526681 637624 260666 268766 500523 359129 528764 502805 336391 228085 363058 80561 387744 190359 510969 101411 563876 671930 195949 441218 88384 511803 240332 164776 221321 434582 362217 1 519007 352119 466997 558790 579476 515096 368734 431935 424879 232703 358415 308363 462184 199367 524204 564702 156289 511717 260839 340883 395258 157948 323462 709745 102591 534447 511729 443258 512912 113164 438254 411627 328765 138480 499551 374886 435086 445081 463566 376210 436644 455520 209675 632832 507857 381846 452936 378996 532312 597831 367613 456601
 414698 891189 517153 356746 143656 458588 560202 876877 420244 924016 818343 395855 779671 251870 928280 851232 867664 885514 277835 479595 230594 573187 264866 639054 926337 542965 510611 269791 420055 442007 557315 332966 756757 566628 613743 453856 584915 519007 1 182107 282351 493620 245568 836943 520791 461591 872027 402069 464311 815629 767613 691038 5204 438044 369766 857041 652408 340286 722906 597651 731055 553983 621588 22843 991719 792038 351127 576888 900842 362797 847705 407309 606733 627505 776982 701818 931957 829390 199256 63522 551097 392042 975090 764092 222671 140690 446558 343993 853904 346089
 326731 709106 442897 214826 306566 430058 439406 699578 437386 744499 738211 368919 610508 112716 805067 701337 773703 777150 229183 374279 199481 416156 252215 457710 745700 363872 528731 414604 304114 426349 379865 377161 592447 432502 431697 432782 508838 352119 182107 1 198131 514400 353357 747483 460000 323642 740421 300971 409854 657872 680111 512327 187102 477106 219270 760470 470656 182851 546925 416558 608175 500285 453740 191988 810022 615450 390854 427617 763932 349671 677607 264208 464269 457086 600805 534502 749956 647293 118660 124860 369405 364073 793025 651072 147807 57601 469129 427146 673105 239340
 135776 720246 633141 383464 425719 628009 606356 756304 632688 786850 920734 178717 700230 300309 957976 825677 948669 942781 427313 554291 396100 544107 448288 499989 723994 434913 724731 551874 482375 624437 457834 565564 695059 588380 450643 630906 696997 466997 282351 198131 1 709908 515293 925340 653460 193483 886587 486818 605361 770767 860108 571642 284927 668684 378678 934138 477838 136703 503707 465756 766601 302281 556728 274672 828661 571933 580763 566383 903590 547326 761641 425355 334768 396480 555886 458984 763468 659764 90027 262141 385943 173757 802355 816146 61056 241191 663920 603180 708051 66761
 841090 982523 260759 427416 425535 141857 408547 882581 77231 948128 447910 867316 742162 437388 659407 698626 523287 578260 292640 340342 314968 543105 262186 748751 1069502 650530 17599 362763 363803 117598 644814 162103 696800 454624 769581 125005 285986 558790 493620 514400 709908 1 288555 486590 224497 822335 643076 328592 206334 707294 427948 750248 495458 67977 450130 521762 812167 677912 937098 713532 509356 1011279 623074 515328 1049564 993487 143424 513869 685370 170627 801256 434610 949383 884798 983248 964231 1010747 931884 622590 470489 735140 862830 1053808 499999 653351 468965 47248 198453 909126 753534
 650807 1001095 423419 404476 140034 317450 527121 946057 231937 1003747 696800 641381 823322 341475 864253 842272 761930 800005 244988 438276 217340 604027 195550 745524 1060913 640843 306083 99477 409765 288615 646388 137488 788083 554711 740860 304374 481873 579476 245568 353357 515293 288555 1 726868 408111 674536 825985 376078 355694 826635 659974 776372 245256 222576 426804 755734 783672 536150 882432 704236 680571 798658 673259 262740 1089420 948354 154687 591321 862849 232544 890534 442119 817014 802441 934923 881741 1037457 942161 426104 253236 687656 637534 1081904 694633 454246 295871 246727 103390 945579 573594
 1021941 788092 320157 541909 837226 409420 322887 632335 506440 697087 47500 1104056 500954 634835 203654 351765 36725 107656 559110 373343 606439 440826 578788 655104 905062 607644 474851 820350 444490 438982 586061 591801 453862 353846 711349 423002 253098 515096 836943 747483 925340 486590 726868 1 322965 939271 234088 447332 379247 405696 69360 605568 841022 546560 547516 39921 740090 824973 876273 643269 205635 1204481 491560 859251 806759 904782 576955 403160 274886 499064 526026 501499 1014594 881864 901972 943917 797004 762469 863326 785118 719310 1099095 830120 144188 889416 735874 506511 665948 699840 936473
 769032 774376 39956 290536 514289 97282 188795 663606 207405 730091 299142 828486 521472 353201 459581 475552 356673 391923 245751 141086 291397 335198 257953 556850 869573 468335 222289 504548 195740 130185 457109 277757 474934 237890 589345 114784 73952 368734 520791 460000 653460 224497 408111 322965 1 716139 430586 174685 56852 482812 254394 545581 524533 262355 307042 349124 629520 580833 762634 526611 290297 950388 414695 543476 834137 811991 265530 301398 471037 176949 578627 273355 823476 728835 803723 804535 799515 727752 578646 473719 567641 823605 841539 291685 607621 435732 220634 360631 696677 679657
 135176 566937 687229 425672 604398 716045 618021 635708 747201 653194 944475 268198 613018 385143 930002 767320 956326 934487 529700 591765 512507 512091 564703 388699 550983 361683 834910 725437 523854 720826 386880 697244 621141 585831 326193 723422 742461 431935 461591 323642 193483 822335 674536 939271 716139 1 852152 541460 678063 702720 880545 467026 465007 793006 410595 939873 339577 144834 328091 365969 754887 284729 496156 458074 676349 392995 709581 544377 860044 652136 665068 450446 145147 218725 376892 270656 610008 510293 262884 426996 272188 264794 644841 811991 243752 379972 779640 750765 572517 128084
 957532 582800 406090 526261 909859 527845 312448 418009 637790 478706 278209 1060647 305103 633001 81056 128852 215332 141176 609272 397817 654878 344812 645285 505578 703708 492566 635920 925044 452021 560766 467692 704304 266746 308429 570131 545332 359874 424879 872027 740421 886587 643076 825985 234088 430586 852152 1 473020 474861 196491 246858 439425 876822 690555 521426 199837 588640 765065 715944 507197 145660 1133400 358855 892232 586191 731003 693847 320206 43910 595306 311543 476249 897437 745906 731330 795187 585020 567813 843825 812031 597015 1055797 613830 143545 864617 746948 648524 790055 495074 880857
 597264 662193 147953 115973 439871 193408 160896 581582 271354 643355 437248 664315 451357 188969 526449 470239 474762 485210 138550 77653 182415 234216 181871 421228 743297 321959 335157 474476 37404 211335 316920 285822 413565 179841 441147 206787 210195 232703 402069 300971 486818 328592 376078 447332 174685 541460 473020 1 141111 450764 379452 429559 406666 332013 133698 462348 483619 406819 610080 385203 329884 779533 310088 423197 737977 665231 284474 216541 504694 180155 517350 107371 650780 565010 655262 642896 693455 608701 418287 344842 409374 659379 737415 362293 445632 289351 299950 374685 594615 508327
 724200 777191 68788 255339 458359 64798 204807 676711 171320 742011 355983 778771 537161 306182 508967 509142 412580 445098 190642 134456 235542 337161 201114 548698 866889 454520 208587 453321 170062 94575 446114 229477 492736 249016 575287 82672 127598 358415 464311 409854 605361 206334 355694 379247 56852 678063 474861 141111 1 509329 310409 545511 468007 230819 274429 404533 616810 539677 746667 515596 331355 904394 417230 487030 843231 799345 219167 307536 513869 123216 597688 247009 791010 705420 790141 782803 804800 727616 528230 418078 547791 773923 847722 339672 557660 382689 191129 315705 702961 634634
 820397 387655 447270 459200 882954 572254 306717 226862 680591 291437 442306 935378 110309 564177 274376 72578 396645 331575 586783 392127 625959 242838 632517 328963 507908 343611 704790 925227 418629 603676 318741 725127 82491 272301 395779 590605 428335 308363 815629 657872 770767 707294 826635 405696 482812 702720 196491 450764 509329 1 392866 255402 820752 739975 446052 379143 407259 639081 527392 340134 224095 987424 214125 833011 401276 537518 719313 241031 180776 612948 120331 409281 727747 568877 538789 610648 392748 371335 744899 752444 434274 930744 424628 271773 760502 678790 699579 814921 299504 752711
 959389 764854 250802 476739 768649 342783 262529 616054 442588 682471 64521 1038752 478613 567601 238625 348762 102298 150837 489779 306579 537093 391561 509558 613293 878801 558004 417353 754336 378183 373066 537615 525796 429795 298212 666375 357003 183853 462184 767613 680111 860108 427948 659974 69360 254394 880545 246858 379452 310409 392866 1 569717 771685 485456 483486 96060 697523 762792 834808 598042 174560 1142224 449226 789934 792588 867403 511422 352688 290465 430961 511892 438032 961116 833650 863556 898539 777308 734555 796511 715962 669548 1033793 812774 121136 822967 667404 444664 601936 677401 873136
 594356 232812 505647 371897 792158 608800 362318 188310 699759 233280 630573 719037 151275 451339 520341 327084 607745 558064 534951 411206 559136 210387 586433 78620 324509 148458 753808 866826 392259 633408 134310 711069 174834 311462 144548 625257 521658 199367 691038 512327 571642 750248 776372 605568 545581 467026 439425 429559 545511 255402 569717 1 696203 760883 349769 589566 151863 434942 276886 106021 400067 749596 131636 703394 313117 299284 711883 245738 432686 609515 198058 337639 475071 313919 297043 356408 264315 182326 569168 628898 195408 714760 308542 461402 576917 550979 726901 797191 169213 539313
 416853 896199 521161 361839 140838 461740 564940 882062 422340 929171 822247 396377 784869 257031 932934 856271 871818 889927 281917 484165 234613 578327 268296 644143 931127 548118 512493 267580 424830 444892 562491 334554 761933 571539 618701 456845 588889 524204 5204 187102 284927 495458 245256 841022 524533 465007 876822 406666 468007 820752 771685 696203 1 439470 374910 861248 657314 344415 727442 602751 735753 554903 626785 19986 996789 796596 352783 581961 905709 365826 852904 412383 610138 631826 781521 706001 936989 834393 202472 68710 555999 392606 980108 768623 225484 145889 448441 344232 859022 348939
 802070 993684 293986 418220 361057 167973 435383 903560 61417 967779 509631 820015 765972 411527 712226 737120 583105 634500 267605 358620 280593 558649 228323 752343 1074881 651017 84929 294789 369003 136312 647900 105738 722518 477933 767398 149618 330718 564702 438044 477106 668684 67977 222576 546560 262355 793006 690555 332013 230819 739975 485456 760883 439470 1 441824 580489 810569 648178 930607 715168 552402 967920 637591 459103 1066212 989708 88693 532897 731897 155754 827649 433284 924757 871321 978637 951430 1024036 940673 579848 420568 728051 815660 1067718 548887 610453 427822 42032 130476 923919 716113
 476718 575163 276774 23927 449603 322622 227795 524444 384505 579294 545446 557263 413924 118129 587466 484693 570135 565324 189206 182613 209472 203427 240465 321478 642240 216749 458866 517246 113273 335882 220046 373250 387890 214424 327354 334009 332562 156289 369766 219270 378678 450130 426804 547516 307042 410595 521426 133698 274429 446052 483486 349769 374910 441824 1 555490 370780 281479 488854 281274 391923 659722 256669 386961 662681 548135 377549 209771 544670 286221 482322 46864 517111 435385 536882 514395 610885 517165 324530 306462 286304 552306 655344 438605 347634 233123 415644 454733 518968 389764
 1026815 764513 342549 551545 862854 438718 328319 605974 538480 669772 87354 1112752 478134 647776 164276 321625 18185 68024 579596 386542 627102 435100 601985 642667 882738 601085 510515 850327 456422 469108 578688 621809 432273 354342 700877 453040 277116 511717 857041 760470 934138 521762 755734 39921 349124 939873 199837 462348 404533 379143 96060 589566 861248 580489 555490 1 727845 829709 862906 633246 193080 1208773 480414 879133 778972 888730 607478 398757 239177 526012 499191 508942 1010062 873291 886573 933109 771703 741356 874981 803700 712394 1107795 803669 131509 900339 751680 539969 697887 676128 942498
 473182 244262 590872 394702 772260 675478 462866 297190 751675 314414 760529 603840 301983 442686 669693 478816 745898 701736 558292 488672 570576 311052 608623 85185 278010 162308 818697 864966 449155 694941 172567 743733 326332 414238 43454 689859 620712 260839 652408 470656 477838 812167 783672 740090 629520 339577 588640 483619 616810 407259 697523 151863 657314 810569 370780 727845 1 345876 137713 103648 535280 614073 248703 660346 351385 182645 748323 350591 583776 654899 340712 378049 326426 162744 174256 206968 287044 182791 496951 594925 101321 599990 327791 597197 497186 519863 781735 823258 233934 433161
 197110 589847 554422 293010 478641 574498 502187 619817 602554 651522 825560 297187 564988 241280 839155 696558 845260 831891 385301 463993 367710 420324 419871 363573 603401 299673 690682 593920 393513 577903 323165 552833 561808 477058 316156 581116 613180 340883 340286 182851 136703 677912 536150 824973 580833 144834 765065 406819 539677 639081 762792 434942 344415 648178 281479 829709 345876 1 389323 329056 653087 379526 425087 341528 697245 458727 564956 446549 779124 507971 625613 325309 281752 288814 443115 361658 632807 528624 155912 296291 250869 292451 672894 706334 151858 240280 634972 608447 573305 115795
 460655 255422 724551 512393 853488 803309 599798 373484 873267 366299 897596 593769 417993 542533 796709 599926 881022 834217 670606 621548 676544 448650 719123 221547 222909 294452 944673 956652 577239 820814 307897 856842 449830 551557 174020 816852 756830 395258 722906 546925 503707 937098 882432 876273 762634 328091 715944 610080 746667 527392 834808 276886 727442 930607 488854 862906 137713 389323 1 240439 670983 567261 385643 727031 361288 69431 863166 488216 707267 775072 443176 502956 256523 109410 54083 91893 296036 210225 545050 671087 202559 590736 324985 732862 537605 601337 904191 931903 290734 446554
 490523 298404 487763 304971 706763 575352 359423 291813 655420 329737 661602 613798 247055 368300 587838 408086 651132 611610 470480 386033 487872 208665 521689 41925 361347 64691 719399 790274 349749 596005 69608 653629 257723 311141 68335 590220 517069 157948 597651 416558 465756 713532 704236 643269 526611 365969 507197 385203 515596 340134 598042 106021 602751 715168 281274 633246 103648 329056 240439 1 440167 650201 153226 608528 394635 285460 656904 248268 507747 560093 301259 281973 390709 241026 277688 300763 337045 238300 465828 536839 94458 609474 381071 501879 472383 459384 684791 735990 256588 433528
 849250 590299 262865 393450 764710 386919 171229 442988 497502 509904 231890 943680 304206 498015 197843 194176 210982 179689 464737 253560 510790 244693 499857 450157 704616 409177 503922 779729 311603 419831 386343 560354 255264 178321 507827 404805 223374 323462 731055 608175 766601 509356 680571 205635 290297 754887 145660 329884 331355 224095 174560 400067 735753 552402 391923 193080 535280 653087 670983 440167 1 1029327 287400 751733 619924 699203 550508 210539 182742 450509 340460 345377 818965 680317 696338 740142 603009 560690 716453 672186 520091 938758 638957 61918 739238 609977 510516 647051 502859 767951
 183007 821381 927348 669264 687905 929619 881649 911010 934054 921221 1204810 162394 897089 598213 1210110 1051666 1224481 1208814 729410 841398 698232 790305 750220 670993 778919 645632 1026339 816946 770041 926633 670822 863542 905869 855199 606559 932907 988759 709745 553983 500285 302281 1011279 798658 1204481 950388 284729 1133400 779533 904394 987424 1142224 749596 554903 967920 659722 1208773 614073 379526 567261 650201 1029327 1 779766 539227 928451 619478 879465 820116 1142959 849598 947503 704391 312186 467566 604702 484837 862864 770382 388712 551549 556005 165280 892062 1084113 357963 542348 964980 893238 841117 271222
 608914 360283 374740 275185 706135 481250 230691 273173 576200 333472 511959 721723 158104 371049 438604 272948 498363 458558 428425 282817 459027 80103 478946 164097 456122 134574 625816 767703 272822 507190 109430 595516 140092 179836 220483 498171 390150 102591 621588 453740 556728 623074 673259 491560 414695 496156 358855 310088 417230 214125 449226 131636 626785 637591 256669 480414 248703 425087 385643 153226 287400 779766 1 637024 428714 419900 594558 114116 364102 489722 226295 231792 539718 394163 415187 452748 387676 313207 533612 558095 238770 717060 430852 349244 547939 481575 602079 683669 286481 539136
