NAME : domp80p40v5
COMMENT : Cherkesly, Contardo & Gruson 2022
TYPE : DOMP
DIMENSION : 80
DISPLAY_DATA_TYPE : NO_DISPLAY
OPEN_FACILITIES : 40
COST_SECTION
 1 515138 486106 248837 950759 557799 653376 700818 844050 551831 225487 774812 113077 95103 128894 802558 262543 660204 696179 117223 829465 407472 400015 979929 672753 831477 501895 548908 646008 186017 755501 486711 369581 402201 537149 966904 469602 140940 129629 820417 878096 819576 162045 502212 615567 6832 687075 722613 922324 533582 47504 210490 608429 451232 614992 679431 610933 961339 464055 896134 715247 493978 537099 698721 481645 801338 348922 717639 968328 756983 544242 841412 812339 359749 452866 654585 782723 780079 330129 269329
 515138 1 691944 305402 731633 459914 483264 220756 934195 186946 473021 845277 620276 609495 426600 537861 313055 720345 187342 601696 460245 226973 672882 626312 164404 467383 155184 726539 326126 402178 667223 390244 300081 614408 725979 645890 179831 605198 637630 911210 392358 409261 476992 721812 245596 512648 726035 245511 531324 383796 517899 306027 141590 348480 593032 281399 793928 678013 274096 605293 217361 592298 220652 660596 44664 298360 466243 264434 668180 258257 717713 555353 298888 186154 637977 648264 268852 354351 227794 646393
 486106 691944 1 435242 639572 336535 423102 911876 361188 579861 286807 302064 545899 511937 407712 581500 647412 215842 797366 579982 701400 744576 99286 789561 843185 697302 566073 63914 561230 373900 394662 345781 391875 90117 51064 746337 527728 382195 551606 338354 884035 739779 338351 30458 907320 492338 249300 759610 788216 388536 438691 537860 684136 365866 267972 959176 126080 705578 442187 666220 787110 132691 538574 318850 647450 860962 228051 955874 726856 818339 61210 625537 948058 517292 53985 268184 884888 732273 478968 248586
 248837 305402 435242 1 734169 352924 435163 518796 746807 304271 173066 664045 361913 341165 131167 569808 229415 536766 469014 359927 582382 309355 391009 736409 469801 584832 256321 484570 399315 96886 572308 271387 133773 347336 479130 728055 221884 306176 378367 722456 636052 570742 171764 462146 481820 249214 554905 481667 674568 308586 234062 121420 370528 226663 447760 538731 554389 729519 220210 661161 481121 374989 288262 531778 263971 567309 215203 551417 733279 521937 476866 605792 601097 123527 384508 498157 559260 531651 85913 342456
 950759 731633 639572 734169 1 393130 299561 866270 525728 546362 737901 470012 1053667 1023564 823507 194388 935845 447292 673364 1067836 329447 931421 719828 258596 780078 319438 589945 604265 405508 765934 246499 466380 600551 653937 618656 192585 587947 922546 1066638 518112 583533 409192 797965 657520 966052 953978 416955 577308 342394 425585 915456 846789 609769 507909 377191 982258 617930 119377 527848 157257 631842 527418 520727 322606 709065 645151 614084 926448 151306 629545 598749 187287 789251 692720 618811 371976 712386 453963 689579 835531
 557799 459914 336535 352924 393130 1 102556 659513 478854 294492 346619 389752 660723 630933 431161 267094 572434 271160 505884 674793 365975 604463 382167 470776 578433 362433 306417 337436 231716 373699 223852 83565 224857 307705 344788 438760 280854 534743 673894 456830 555601 403701 405439 364636 703818 561126 270648 447194 455133 77011 522373 472079 398432 132246 135110 741016 390226 416393 189296 360383 484711 204028 251570 201785 421731 547714 226085 713322 429641 509003 328667 310864 656098 345838 293226 189480 584816 399813 328465 465173
 653376 483264 423102 435163 299561 102556 1 662441 497194 300528 447210 411040 758592 729525 525331 165305 643275 311262 490012 770597 282325 656093 478407 371279 577379 277143 329044 413448 192562 467765 187047 167158 301942 404825 423222 336743 314738 636360 772224 477850 500291 333004 504637 449214 728496 656326 299619 415532 365745 127210 619874 549746 393565 208571 175494 758166 456897 314213 238126 257985 460854 291472 262825 202704 451028 511136 328308 719668 327088 477684 405270 209432 634312 404610 384803 216131 558947 341339 395929 567319
 700818 220756 911876 518796 866270 659513 662441 1 1138273 366169 689938 1049134 795882 791242 630806 674765 457759 927431 194663 769326 551806 320164 893480 702393 86743 561101 356578 944703 478987 614108 849472 598276 520125 835096 944756 739837 390037 807148 812882 1116026 372736 479612 688029 941871 157313 697107 929824 293747 593800 582548 712293 492172 269143 560665 794591 132348 1011258 788754 483434 720603 239276 808575 408312 854514 265416 266157 686868 60222 771236 255746 935795 679712 158831 404807 857891 848865 195390 424937 446318 861245
 844050 934195 361188 746807 525728 478854 497194 1138273 1 773203 631128 89147 907077 873120 753067 586729 974011 215312 980700 940947 750200 1045885 457186 762072 1057213 742219 783526 297293 688628 709743 333276 543973 657295 441850 310767 700579 754454 743200 912624 24377 992347 816456 689392 351797 1173915 850050 208548 911927 810269 555751 796993 863145 876165 587375 343745 1215399 245658 634878 660099 633410 955188 372117 730401 294543 893579 1008317 533987 1191561 665262 974232 300923 619755 1128506 792478 391299 290092 1054393 834264 762641 607109
 551831 186946 579861 304271 546362 294492 300528 366169 773203 1 429935 684152 664678 645162 434329 353720 427841 564669 218330 658559 301668 390498 585613 466955 284017 306763 54245 601667 142011 389407 486870 241603 217922 516714 604511 476157 82389 601946 681422 751295 337388 272910 458514 610300 429644 551643 565137 189454 386584 217983 538162 371512 106079 214028 429521 457643 664123 500144 138641 427103 208162 461794 43383 488430 162937 287173 374453 421593 493640 242476 592584 374835 369790 197888 527213 483307 305036 228978 221899 600996
 225487 473021 286807 173066 737901 346619 447210 689938 631128 429935 1 556855 317934 286613 122260 606049 362591 437959 622738 338067 662653 471643 224727 798166 636519 662644 392958 344713 483828 89763 532203 287318 213059 196886 335754 775930 353154 190895 329898 607008 766915 670032 63510 309662 653729 230353 463529 618359 757104 339331 183175 255311 515876 264417 390362 711419 412201 760920 306395 700578 627717 270259 400757 473601 429782 712028 125578 724086 771725 666417 338472 647788 762610 286942 243438 429110 714030 641312 245381 174933
 774812 845277 302064 664045 470012 389752 411040 1049134 89147 684152 556855 1 844353 810369 677794 509980 892396 128353 892277 875995 670671 960222 401055 693898 968150 663051 694410 239467 601522 632058 256340 455119 570538 374683 254689 634649 665498 682154 851082 67409 908711 734577 616983 298988 1085452 780573 119417 824698 734972 466627 728344 781854 787295 498911 254650 1126545 204245 572471 571195 563749 867317 291483 641314 209261 804820 921757 453561 1102420 601683 887040 240921 545372 1040496 705505 323542 201286 966727 750145 676526 550639
 113077 620276 545899 361913 1053667 660723 758592 795882 907077 664678 317934 844353 1 33996 239215 910982 342793 737112 803829 45758 941996 489164 451364 1091286 774127 943878 614411 609808 758521 294805 849540 593107 481007 470074 596390 1076808 582515 164474 17356 884230 989302 932649 256079 556916 697906 113036 766147 833739 1035038 641510 138778 314300 719099 559956 706717 762243 665920 1069044 576209 1004969 824632 575753 650174 788641 588946 910432 443504 807671 1077035 866481 606484 950567 914838 471483 521122 742178 888928 893068 442850 304659
 95103 609495 511937 341165 1023564 630933 729525 791242 873120 645162 286613 810369 33996 1 214801 883342 343351 703352 791151 73587 918338 489977 417567 1065845 765922 919962 595858 575844 734939 268809 817446 564757 456248 436130 562451 1050060 562808 130805 43312 850259 972883 911167 225599 523082 698979 96973 732489 817451 1011760 613848 111445 303945 703411 532885 674356 763219 632129 1040915 552200 977522 810349 542395 628952 755964 576512 896439 412049 805516 1049474 852082 572502 923358 905982 454458 487167 709248 877441 872807 423937 271351
 128894 426600 407712 131167 823507 431161 525331 630806 753067 434329 122260 677794 239215 214801 1 673666 250399 556988 597568 245836 703549 374826 337758 852074 589992 705216 387305 466592 520140 57585 634757 358379 241824 318265 457245 838211 352072 178622 254667 728901 767204 697219 73576 429287 571175 131323 581183 612816 796964 404767 104522 152853 501287 322344 497233 632344 533541 832489 337439 767251 611385 388753 415599 581948 387844 697674 232821 656871 839440 652430 460496 712555 725097 252496 365570 540422 687033 660213 216872 245881
 802558 537861 581500 569808 194388 267094 165305 674765 586729 353720 606049 509980 910982 883342 673666 1 756684 437801 483672 919355 167140 741856 642179 208129 588221 158227 399458 564530 212015 616761 253958 319364 437235 569169 575915 171681 401350 796551 925384 571837 422719 241842 660764 605950 771708 804883 417064 390342 225323 269508 772414 675024 415607 351334 318984 788701 599280 159719 353076 94532 443974 452233 330956 309483 516657 467367 490896 734795 166146 446212 556978 44373 607827 512254 546580 343087 530222 275906 514601 732266
 262543 313055 647412 229415 935845 572434 643275 457759 974011 427841 362591 892396 342793 343351 250399 756684 1 765614 499594 312752 729482 146658 585780 894163 447510 734419 373902 702068 558779 273719 795362 488967 347600 557353 694706 898842 359590 393394 359257 949636 704629 695843 323860 671577 355663 257281 784237 553903 813326 516837 289119 111005 441054 440908 675784 419939 771101 913373 408039 841523 530212 601918 434203 759091 296088 611129 440129 465660 911627 571290 695022 786660 588626 244431 600360 726979 575379 645755 247348 492911
 660204 720345 215842 536766 447292 271160 311262 927431 215312 564669 437959 128353 737112 703352 556988 437801 765614 1 776995 765837 587104 831871 312356 637303 847940 580593 571354 165008 494136 508992 203226 330313 442313 269507 180782 584368 540931 578620 745256 191676 811029 643540 499772 224554 958950 665653 33729 715238 661221 346772 614741 655390 669338 372605 139438 1001205 170804 531591 446442 507319 754890 168240 521430 131185 679219 814456 328688 979596 557369 777455 161771 478177 926932 577380 220068 96288 854896 652186 548182 455822
 696179 187342 797366 469014 673364 505884 490012 194663 980700 218330 622738 892277 803829 791151 597568 483672 499594 776995 1 787183 357228 397971 798061 510311 111805 366482 235220 819997 299105 564492 675036 459469 421149 731351 822785 545702 275544 774981 821172 959684 212889 286263 638611 827823 322197 694198 774598 99322 403373 431463 694555 489950 113252 431939 639204 320100 882253 594101 355189 526192 46074 680107 261002 689488 214884 111804 585957 254743 576659 76842 810914 486328 151535 345602 744364 691100 91307 230857 384083 797490
 117223 601696 579982 359927 1067836 674793 770597 769326 940947 658559 338067 875995 45758 73587 245836 919355 312752 765837 787183 1 942278 457793 487339 1094759 751799 944634 606969 643769 759073 303154 870032 603922 484972 501317 630799 1082990 577062 202179 55395 917826 977568 929075 274804 592466 665576 114515 794034 822126 1034465 650600 154922 297730 706924 568098 728422 729873 701706 1078294 578222 1012764 810148 602107 646929 811430 572706 895355 463068 778386 1084987 852064 640030 957928 893012 462525 552458 766124 870501 887518 437044 343147
 829465 460245 701400 582382 329447 365975 282325 551806 750200 301668 662653 670671 941996 918338 703549 167140 729482 587104 357228 942278 1 682832 746464 166718 468228 10010 355601 695396 183476 650574 417003 385380 462617 671709 704743 189720 374203 851275 957871 734238 258117 79767 708052 728663 670044 830452 570360 258067 94455 332468 807426 667661 321238 398655 456431 675844 738918 237905 366164 174029 312715 568735 299832 464621 452027 316274 564804 611743 219434 304134 687106 147701 461245 494084 659193 490824 385209 127890 509779 812132
 407472 226973 744576 309355 931421 604463 656093 320164 1045885 390498 471643 960222 489164 489977 374826 741856 146658 831871 397971 457793 682832 1 695769 849512 324902 689377 342415 793412 531893 382616 826787 522815 391021 656335 788316 864708 344421 533352 505491 1021735 610333 635519 445317 771297 209009 402509 845654 470386 757254 537037 430340 222013 368276 474174 724329 273283 863270 890636 419884 817597 435792 677766 411077 802978 231001 508644 522475 321847 883805 474019 785564 765071 462374 259194 693784 778592 461632 581052 283953 620674
 400015 672882 99286 391009 719828 382167 478407 893480 457186 585613 224727 401055 451364 417567 337758 642179 585780 312356 798061 487339 746464 695769 1 849539 831196 743509 562985 161790 590897 314467 479040 369739 378791 74765 147128 811332 522918 286942 456117 434919 906784 776020 264841 105663 872201 406520 345311 772227 836955 419077 352591 479856 685553 377252 342879 927670 214562 776577 447382 731238 793488 193684 547302 404839 628301 872147 212105 932916 795520 827906 160173 686551 945950 490025 101123 353579 888039 761593 449248 150136
 979929 626312 789561 736409 258596 470776 371279 702393 762072 466955 798166 693898 1091286 1065845 852074 208129 894163 637303 510311 1094759 166718 849512 849539 1 622102 160588 520461 771225 339354 797040 440918 511856 610385 776098 782988 66020 536421 988927 1106605 750563 362945 224592 848724 813797 829369 981446 613431 411688 110661 459099 954412 828175 486311 535348 525605 830362 802909 139473 516645 130682 464438 660304 461495 506449 618742 448469 689356 761308 107925 447649 763860 164027 592968 655822 754568 545181 521732 281020 668396 934317
 672753 164404 843185 469801 780078 578433 577379 86743 1057213 284017 636519 968150 774127 765922 589992 588221 447510 847940 111805 751799 468228 324902 831196 622102 1 477349 280271 872838 392583 566581 764303 520676 453612 769662 873761 657145 316419 768402 791402 1035262 308945 398046 641388 873442 213634 669756 849073 210917 514897 501723 678750 462275 183825 485556 713506 208297 938231 704289 407639 635485 157694 735054 326876 771263 206766 200975 621467 146583 687550 180796 863847 593787 141386 349656 789304 767315 140458 342483 391148 810380
 831477 467383 697302 584832 319438 362433 277143 561101 742219 306763 662644 663051 943878 919962 705216 158227 734419 580593 366482 944634 10010 689377 743509 160588 477349 1 360525 690481 185566 651918 408963 383936 463962 668778 699991 181197 378245 851640 959679 726411 267861 89773 708686 724388 678576 832543 563472 267397 94962 330868 808933 671416 328865 398406 450684 684832 733347 228291 367778 164075 322101 564688 303647 457461 458464 326248 563521 621074 210212 313894 682239 137914 471179 498068 655556 484341 395092 137557 513046 810871
 501895 155184 566073 256321 589945 306417 329044 356578 783526 54245 392958 694410 614411 595858 387305 399458 373902 571354 235220 606969 355601 342415 562985 520461 280271 360525 1 593236 190235 345232 512145 241707 186268 497066 594658 528026 40490 558372 631292 760928 380236 326689 416473 596485 400750 501436 574993 227229 440829 229722 490284 317898 123955 205287 440678 434989 658138 549371 127393 476444 235183 454928 69388 506095 122304 319070 350899 408265 544150 273465 584213 423230 383428 144934 512524 495619 325778 281428 171930 566472
 548908 726539 63914 484570 604265 337436 413448 944703 297293 601667 344713 239467 609808 575844 466592 564530 702068 165008 819997 643769 695396 793412 161790 771225 872838 690481 593236 1 567985 429734 357768 361701 427684 148681 16059 724148 556425 446094 615510 274442 892217 739828 398748 61180 948938 555073 198669 775249 778703 398537 501574 591700 707304 388917 245658 998753 69860 678477 466778 644665 806394 140107 559203 281691 682483 876742 271596 990971 701659 835425 9087 607768 971423 557884 101801 233463 905462 737207 521258 311776
 646008 326126 561230 399315 405508 231716 192562 478987 688628 142011 483828 601522 758521 734939 520140 212015 558779 494136 299105 759073 183476 531893 590897 339354 392583 185566 190235 567985 1 467508 376019 221191 279682 516869 574451 340064 199204 670530 774401 668701 324235 188098 526578 590539 563255 647027 486894 223310 276906 173151 624127 488905 211329 223304 354729 584673 621940 359143 182915 286210 268415 431075 124739 394667 304858 320699 394962 537840 354294 285604 559099 233187 441803 317344 513413 402578 366408 171335 329078 640297
 186017 402178 373900 96886 765934 373699 467765 614108 709743 389407 89763 632058 294805 268809 57585 616761 273719 508992 564492 303154 650574 382616 314467 797040 566581 651918 345232 429734 467508 1 578971 300859 187965 283791 421752 782013 308019 213145 309771 685443 725256 647276 74879 397859 568606 188694 531821 572307 744388 347606 157394 165605 463459 265454 442866 627582 498253 775383 284604 710517 574834 341109 367444 527790 360855 660713 181326 644825 782662 615161 423002 655958 697889 219799 327941 487487 655085 612298 180410 247966
 755501 667223 394662 572308 246499 223852 187047 849472 333276 486870 532203 256340 849540 817446 634757 253958 795362 203226 675036 870032 417003 826787 479040 440918 764303 408963 512145 357768 376019 578971 1 307297 447924 417448 372204 384658 493554 705359 860723 317926 662665 484679 595252 411538 912813 759737 175364 596047 478678 290367 715132 692945 580522 356087 144185 944225 373846 328936 407822 310240 643815 291031 447963 76194 632890 687674 406965 906702 355542 657442 352300 289092 816639 569020 378062 126489 740221 506251 552304 604322
 486711 390244 345781 271387 466380 83565 167158 598276 543973 241603 287318 455119 593107 564757 358379 319364 488967 330313 459469 603922 385380 522815 369739 511856 520676 383936 241707 361701 221191 300859 307297 1 141499 295884 365621 488646 210638 478175 607124 520966 539665 407441 341418 375839 630972 489530 336027 414428 478866 53293 454337 389450 347679 48931 205163 671434 422834 476170 116172 413851 444705 221606 198531 280472 349751 515919 179676 649600 485415 474024 352620 360621 611001 263709 295566 260487 543920 391923 245037 426985
 369581 300081 391875 133773 600551 224857 301942 520125 657295 217922 213059 570538 481007 456248 241824 437235 347600 442313 421149 484972 462617 391021 378791 610385 453612 463962 186268 427684 279682 187965 447924 141499 1 316059 426468 598243 145787 393056 496486 633361 554112 461551 248475 421789 523555 371208 454885 407216 556491 175012 345048 248596 310154 94290 334427 571531 495952 596919 96978 529443 420759 297341 187709 415287 255633 503217 167878 564208 601676 457883 418977 474247 567530 135287 337902 388098 511957 429761 107475 383077
 402201 614408 90117 347336 653937 307705 404825 835096 441850 516714 196886 374683 470074 436130 318265 569169 557353 269507 731351 501317 671709 656335 74765 776098 769662 668778 497066 148681 516869 283791 417448 295884 316059 1 138983 739019 457507 309531 477355 418243 834186 701534 250077 115067 823297 408212 300400 701772 762291 344667 355167 447962 618357 305823 277065 876582 215349 706168 378093 659066 724870 126847 477390 345534 569748 802226 148327 876952 724280 758383 143099 613526 880493 435409 51142 294709 820619 687801 395905 189218
 537149 725979 51064 479130 618656 344788 423222 944756 310767 604511 335754 254689 596390 562451 457245 575915 694706 180782 822785 630799 704743 788316 147128 782988 873761 699991 594658 16059 574451 421752 372204 365621 426468 138983 1 736565 557391 432434 601857 288173 898585 747930 388580 45180 946330 543372 214471 779779 788806 403975 489741 584631 709883 391111 257427 996804 76516 691685 468724 656931 810034 144395 562303 296052 681767 881293 267665 990378 714570 839632 19909 619334 974086 555397 94763 247342 908822 744231 518203 297250
 966904 645890 746337 728055 192585 438760 336743 739837 700579 476157 775930 634649 1076808 1050060 838211 171681 898842 584368 545702 1082990 189720 864708 811332 66020 657145 181197 528026 724148 340064 782013 384658 488646 598243 739019 736565 1 539260 966717 1091619 689816 415628 260701 829299 769356 859745 968861 559014 446381 162742 437328 938756 826211 509100 517198 479573 865100 752162 73499 508053 80210 500579 619600 464712 453183 633922 493913 662245 799498 42309 488235 717130 128431 639502 656724 714221 494524 565950 314920 665278 903924
 469602 179831 527728 221884 587947 280854 314738 390037 754454 82389 353154 665498 582515 562808 352072 401350 359590 540931 275544 577062 374203 344421 522918 536421 316419 378245 40490 556425 199204 308019 493554 210638 145787 457507 557391 539260 1 520960 599217 731534 417387 352547 378260 558094 422970 469490 546225 265814 462628 205653 455807 293744 164433 170714 413303 461219 622050 555429 94492 483045 275505 418997 74956 482271 140895 359022 310893 439751 552503 313470 547437 428662 423165 119891 474027 468581 366211 310664 140039 526336
 140940 605198 382195 306176 922546 534743 636360 807148 743200 601946 190895 682154 164474 130805 178622 796551 393394 578620 774981 202179 851275 533352 286942 988927 768402 851640 558372 446094 670530 213145 705359 478175 393056 309531 432434 966717 520960 1 169427 720513 938310 854506 144611 392544 737637 147624 608764 785442 945696 530217 104495 318571 676072 454352 561223 800383 501478 950504 489555 891054 787097 422250 578086 640149 566390 873174 309161 830559 961974 827702 443050 838501 903714 429389 360131 591756 864886 822246 391821 140969
 129629 637630 551606 378367 1066638 673894 772224 812882 912624 681422 329898 851082 17356 43312 254667 925384 359257 745256 821172 55395 957871 505491 456117 1106605 791402 959679 631292 615510 774401 309771 860723 607124 496486 477355 601857 1091619 599217 169427 1 889936 1006450 949056 268702 561771 714114 129857 774631 850892 1051023 655878 152975 331656 736294 574581 717582 778454 670526 1083211 591941 1019467 841920 585029 666607 799078 606290 927735 455353 824371 1091482 883764 612413 965171 932138 488527 528281 752230 906283 909708 459647 308119
 820417 911210 338354 722456 518112 456830 477850 1116026 24377 751295 607008 67409 884230 850259 728901 571837 949636 191676 959684 917826 734238 1021735 434919 750563 1035262 726411 760928 274442 668701 685443 317926 520966 633361 418243 288173 689816 731534 720513 889936 1 974499 799447 665426 329764 1150536 826394 186221 891926 796097 533626 773410 838768 854595 564054 321778 1192326 224769 625254 637126 621255 934687 347744 708397 275548 870433 988784 509611 1169078 655276 954260 277834 605823 1107886 768576 367585 268659 1034062 816139 738575 584968
 878096 392358 884035 636052 583533 555601 500291 372736 992347 337388 766915 908711 989302 972883 767204 422719 704629 811029 212889 977568 258117 610333 906784 362945 308945 267861 380236 892217 324235 725256 662665 539665 554112 834186 898585 415628 417387 938310 1006450 974499 1 180881 795525 913651 521373 877052 799826 155569 253591 495591 869442 680690 270647 529994 672927 505070 945662 479965 465826 426282 175359 754912 367146 699493 410297 108063 701165 426173 454582 136341 883326 405772 237499 518431 834955 716401 177612 158955 550691 936340
 819576 409261 739779 570742 409192 403701 333004 479612 816456 272910 670032 734577 932649 911167 697219 241842 695843 643540 286263 929075 79767 635519 776020 224592 398046 89773 326689 739828 188098 647276 484679 407441 461551 701534 747930 260701 352547 854506 949056 799447 180881 1 709989 768205 604821 819911 629513 187269 122280 356961 801739 644421 267707 411357 508400 606337 787952 314988 364969 253362 240652 607598 282488 526198 407612 237147 582977 539076 294207 227748 731228 226631 382533 470692 694381 547614 307165 56627 492227 828343
 162045 476992 338351 171764 797965 405439 504637 688029 689392 458514 63510 616983 256079 225599 73576 660764 323860 499772 638611 274804 708052 445317 264841 848724 641388 708686 416473 398748 526578 74879 595252 341418 248475 250077 388580 829299 378260 144611 268702 665426 795525 709989 1 358620 637570 167001 525936 643688 802385 391982 119886 223649 536302 313380 453736 697622 464428 817192 345094 755220 647959 332652 433716 537085 435734 733582 188313 717584 826833 687966 393122 701691 772721 294497 299038 492601 729371 677680 254706 176830
 502212 721812 30458 462146 657520 364636 449214 941871 351797 610300 309662 298988 556916 523082 429287 605950 671577 224554 827823 592466 728663 771297 105663 813797 873442 724388 596485 61180 590539 397859 411538 375839 421789 115067 45180 769356 558094 392544 561771 329764 913651 768205 358620 1 935984 508581 258282 789837 814762 418073 454709 562614 714594 396297 289950 988229 109272 726881 472644 689377 817507 160619 568981 335378 677285 891213 257148 985611 748852 848653 62911 649806 978514 546385 84138 285546 915324 761438 507765 255318
 615567 245596 907320 481820 966052 703818 728496 157313 1173915 429644 653729 1085452 697906 698979 571175 771708 355663 958950 322197 665576 670044 209009 872201 829369 213634 678576 400750 948938 563255 568606 912813 630972 523555 823297 946330 859745 422970 737637 714114 1150536 521373 604821 637570 935984 1 610782 966757 418448 724372 628357 636116 420285 356642 586555 835508 64340 1018032 901177 515741 830054 368110 820894 465676 905164 282090 413346 679420 129538 887261 394259 940453 783908 316108 391057 854196 890873 347038 548350 428391 814399
 6832 512648 492338 249214 953978 561126 656326 697107 850050 551643 230353 780573 113036 96973 131323 804883 257281 665653 694198 114515 830452 402509 406520 981446 669756 832543 501436 555073 647027 188694 759737 489530 371208 408212 543372 968861 469490 147624 129857 826394 877052 819911 167001 508581 610782 1 692396 721531 923175 536086 53936 207502 607184 453601 619481 674704 617250 963786 465318 898356 713658 499239 537424 703321 479540 799689 353360 713472 970568 755428 550365 843569 809526 358856 458821 659377 780483 780068 329819 276135
 687075 726035 249300 554905 416955 270648 299619 929824 208548 565137 463529 119417 766147 732489 581183 417064 784237 33729 774598 794034 570360 845654 345311 613431 849073 563472 574993 198669 486894 531821 175364 336027 454885 300400 214471 559014 546225 608764 774631 186221 799826 629513 525936 258282 966757 692396 1 709402 641688 347407 642059 674607 668703 380428 135705 1007360 201227 504297 451999 482992 750740 193300 522199 107665 685777 807591 350689 983016 530779 771740 195494 456295 923548 589225 251661 84317 850469 640875 561702 487716
 722613 245511 759610 481667 577308 447194 415532 293747 911927 189454 618359 824698 833739 817451 612816 390342 553903 715238 99322 822126 258067 470386 772227 411688 210917 267397 227229 775249 223310 572307 596047 414428 407216 701772 779779 446381 265814 785442 850892 891926 155569 187269 643688 789837 418448 721531 709402 1 305927 377755 714533 525541 115383 396112 575907 419152 833798 495333 325256 428145 54861 635456 225076 617934 257960 101514 562365 353680 477491 62352 766194 390023 221139 363055 708261 625130 144205 131571 396017 790247
 922324 531324 788216 674568 342394 455133 365745 593800 810269 386584 757104 734972 1035038 1011760 796964 225323 813326 661221 403373 1034465 94455 757254 836955 110661 514897 94962 440829 778703 276906 744388 478678 478866 556491 762291 788806 162742 462628 945696 1051023 796097 253591 122280 802385 814762 724372 923175 641688 305927 1 425763 901020 756332 389843 493050 535983 722828 818705 230610 459817 189215 357317 655891 389306 534325 528418 337901 658472 652314 203032 338372 770654 190601 482308 582312 747694 565563 411282 178402 600150 905820
 533582 383796 388536 308586 425585 77011 127210 582548 555751 217983 339331 466627 641510 613848 404767 269508 516837 346772 431463 650600 332468 537037 419077 459099 501723 330868 229722 398537 173151 347606 290367 53293 175012 344667 403975 437328 205653 530217 655878 533626 495591 356961 391982 418073 628357 536086 347407 377755 425763 1 502911 422537 322638 83065 212043 664592 456055 427780 117467 363696 412389 259760 174871 276850 346443 479049 232924 636314 435627 438791 389534 309792 582341 281157 340287 266488 512402 344483 269662 480184
 47504 517899 438691 234062 915456 522373 619874 712293 796993 538162 183175 728344 138778 111445 104522 772414 289119 614741 694555 154922 807426 430340 352591 954412 678750 808933 490284 501574 624127 157394 715132 454337 345048 355167 489741 938756 455807 104495 152975 773410 869442 801739 119886 454709 636116 53936 642059 714533 901020 502911 1 220377 601819 421645 573537 699333 563446 930327 441266 866493 710758 449284 520067 656685 481748 797088 308177 732762 938509 752157 496973 812213 816621 352137 405946 611724 782793 764584 318792 224060
 210490 306027 537860 121420 846789 472079 549746 492172 863145 371512 255311 781854 314300 303945 152853 675024 111005 655390 489950 297730 667661 222013 479856 828175 462275 671416 317898 591700 488905 165605 692945 389450 248596 447962 584631 826211 293744 318571 331656 838768 680690 644421 223649 562614 420285 207502 674607 525541 756332 422537 220377 1 410169 342884 569163 482409 660921 833971 321992 763668 512424 491101 367830 653195 275184 597657 329195 512618 835120 554340 584552 708274 602067 174057 490105 619356 574628 598992 161039 398664
 608429 141590 684136 370528 609769 398432 393565 269143 876165 106079 515876 787295 719099 703411 501287 415607 441054 669338 113252 706924 321238 368276 685553 486311 183825 328865 123955 707304 211329 463459 580522 347679 310154 618357 709883 509100 164433 676072 736294 854595 270647 267707 536302 714594 356642 607184 668703 115383 389843 322638 601819 410169 1 318871 533001 373980 770089 546056 241951 474276 111915 567570 149308 588211 145300 197291 473506 327214 533833 151706 698225 427336 264210 249698 631114 586074 202488 212802 284616 689905
 451232 348480 365866 226663 507909 132246 208571 560665 587375 214028 264417 498911 559956 532885 322344 351334 440908 372605 431939 568098 398655 474174 377252 535348 485556 398406 205287 388917 223304 265454 356087 48931 94290 305823 391111 517198 170714 454352 574581 564054 529994 411357 313380 396297 586555 453601 380428 396112 493050 83065 421645 342884 318871 1 251999 628762 453058 510216 78035 445076 421390 249876 172848 328858 306762 496881 172763 610345 517210 453491 379857 390613 583073 214997 313413 307097 519030 389305 196220 416995
 614992 593032 267972 447760 377191 135110 175494 794591 343745 429521 390362 254650 706717 674356 497233 318984 675784 139438 639204 728422 456431 724329 342879 525605 713506 450684 440678 245658 354729 442866 144185 205163 334427 277065 257427 479573 413303 561223 717582 321778 672927 508400 453736 289950 835508 619481 135705 575907 535983 212043 573537 569163 533001 251999 1 874412 282856 437621 319778 399736 616094 150311 386665 85016 553700 675023 266139 848204 459018 638157 238255 362117 788552 465528 242105 55375 716004 514342 441845 461674
 679431 281399 959176 538731 982258 741016 758166 132348 1215399 457643 711419 1126545 762243 763219 632344 788701 419939 1001205 320100 729873 675844 273283 927670 830362 208297 684832 434989 998753 584673 627582 944225 671434 571531 876582 996804 865100 461219 800383 778454 1192326 505070 606337 697622 988229 64340 674704 1007360 419152 722828 664592 699333 482409 373980 628762 874412 1 1067369 910810 555364 841090 365924 868202 496388 941076 322007 398435 731140 84507 894888 386165 990139 797471 284084 441885 905694 929621 327627 550681 480706 874360
 610933 793928 126080 554389 617930 390226 456897 1011258 245658 664123 412201 204245 665920 632129 533541 599280 771101 170804 882253 701706 738918 863270 214562 802909 938231 733347 658138 69860 621940 498253 373846 422834 495952 215349 76516 752162 622050 501478 670526 224769 945662 787952 464428 109272 1018032 617250 201227 833798 818705 456055 563446 660921 770089 453058 282856 1067369 1 701436 531090 673993 866923 203213 621255 300276 750065 935101 341389 1058286 726573 894649 77885 641290 1033786 626996 170825 257830 966477 788954 590685 363198
 961339 678013 705578 729519 119377 416393 314213 788754 634878 500144 760920 572471 1069044 1040915 832489 159719 913373 531591 594101 1078294 237905 890636 776577 139473 704289 228291 549371 678477 359143 775383 328936 476170 596919 706168 691685 73499 555429 950504 1083211 625254 479965 314988 817192 726881 901177 963786 504297 495333 230610 427780 930327 833971 546056 510216 437621 910810 701436 1 512261 73046 550136 583126 482709 401162 661702 551715 642439 848838 31966 541882 671960 126789 697335 669183 677395 445824 622148 365794 673239 878280
 464055 274096 442187 220210 527848 189296 238126 483434 660099 138641 306395 571195 576209 552200 337439 353076 408039 446442 355189 578222 366164 419884 447382 516645 407639 367778 127393 466778 182915 284604 407822 116172 96978 378093 468724 508053 94492 489555 591941 637126 465826 364969 345094 472644 515741 465318 451999 325256 459817 117467 441266 321992 241951 78035 319778 555364 531090 512261 1 442599 346801 327901 100201 391056 233980 424782 237138 533944 514449 380550 457727 387154 505952 166605 389196 375137 443254 334927 162202 471395
 896134 605293 666220 661161 157257 360383 257985 720603 633410 427103 700578 563749 1004969 977522 767251 94532 841523 507319 526192 1012764 174029 817597 731238 130682 635485 164075 476444 644665 286210 710517 310240 413851 529443 659066 656931 80210 483045 891054 1019467 621255 426282 253362 755220 689377 830054 898356 482992 428145 189215 363696 866493 763668 474276 445076 399736 841090 673993 73046 442599 1 483001 539398 410015 376273 588687 490288 585029 780791 72253 477287 637559 55445 635242 597576 634020 416171 559024 300845 602725 825283
 715247 217361 787110 481121 631842 484711 460854 239276 955188 208162 627717 867317 824632 810349 611385 443974 530212 754890 46074 810148 312715 435792 793488 464438 157694 322101 235183 806394 268415 574834 643815 444705 420759 724870 810034 500579 275505 787097 841920 934687 175359 240652 647959 817507 368110 713658 750740 54861 357317 412389 710758 512424 111915 421390 616094 365924 866923 550136 346801 483001 1 666288 248558 662232 238342 86338 581894 299078 532093 41917 797310 444579 173512 359008 734802 666727 100109 185665 395306 801586
 493978 592298 132691 374989 527418 204028 291472 808575 372117 461794 270259 291483 575753 542395 388753 452233 601918 168240 680107 602107 568735 677766 193684 660304 735054 564688 454928 140107 431075 341109 291031 221606 297341 126847 144395 619600 418997 422250 585029 347744 754912 607598 332652 160619 820894 499239 193300 635456 655891 259760 449284 491101 567570 249876 150311 868202 203213 583126 327901 539398 666288 1 419213 220503 548810 736967 162173 856352 602559 695455 131023 496509 831583 431270 94628 170541 765370 601539 397605 313531
 537099 220652 538574 288262 520727 251570 262825 408312 730401 43383 400757 641314 650174 628952 415599 330956 434203 521430 261002 646929 299832 411077 547302 461495 326876 303647 69388 559203 124739 367444 447963 198531 187709 477390 562303 464712 74956 578086 666607 708397 367146 282488 433716 568981 465676 537424 522199 225076 389306 174871 520067 367830 149308 172848 386665 496388 621255 482709 100201 410015 248558 419213 1 446921 190930 324908 337337 463058 478802 281012 550117 356147 412533 194481 486254 440666 346611 244888 210945 569195
 698721 660596 318850 531778 322606 201785 202704 854514 294543 488430 473601 209261 788641 755964 581948 309483 759091 131185 689488 811430 464621 802978 404839 506449 771263 457461 506095 281691 394667 527790 76194 280472 415287 345534 296052 453183 482271 640149 799078 275548 699493 526198 537085 335378 905164 703321 107665 617934 534325 276850 656685 653195 588211 328858 85016 941076 300276 401162 391056 376273 662232 220503 446921 1 623154 713835 350237 909910 426478 680169 276146 348643 835732 543785 304222 51260 760938 540887 522265 533818
 481645 44664 647450 263971 709065 421731 451028 265416 893579 162937 429782 804820 588946 576512 387844 516657 296088 679219 214884 572706 452027 231001 628301 618742 206766 458464 122304 682483 304858 360855 632890 349751 255633 569748 681767 633922 140895 566390 606290 870433 410297 407612 435734 677285 282090 479540 685777 257960 528418 346443 481748 275184 145300 306762 553700 322007 750065 661702 233980 588687 238342 548810 190930 623154 1 322805 421597 308629 653806 280176 673680 537142 337561 142890 593492 609038 301288 354701 184401 603638
 801338 298360 860962 567309 645151 547714 511136 266157 1008317 287173 712028 921757 910432 896439 697674 467367 611129 814456 111804 895355 316274 508644 872147 448469 200975 326248 319070 876742 320699 660713 687674 515919 503217 802226 881293 493913 359022 873174 927735 988784 108063 237147 733582 891213 413346 799689 807591 101514 337901 479049 797088 597657 197291 496881 675023 398435 935101 551715 424782 490288 86338 736967 324908 713835 322805 1 661504 321264 529703 45656 867690 459770 145713 445333 809471 723274 73851 192089 481453 885328
 348922 466243 228051 215203 614084 226085 328308 686868 533987 374453 125578 453561 443504 412049 232821 490896 440129 328688 585957 463068 564804 522475 212105 689356 621467 563521 350899 271596 394962 181326 406965 179676 167878 148327 267665 662245 310893 309161 455353 509611 701165 582977 188313 257148 679420 353360 350689 562365 658472 232924 308177 329195 473506 172763 266139 731140 341389 642439 237138 585029 581894 162173 337337 350237 421597 661504 1 729251 655104 616928 263522 533828 734025 289263 174777 307701 675992 562065 251030 247350
 717639 264434 955874 551417 926448 713322 719668 60222 1191561 421593 724086 1102420 807671 805516 656871 734795 465660 979596 254743 778386 611743 321847 932916 761308 146583 621074 408265 990971 537840 644825 906702 649600 564208 876952 990378 799498 439751 830559 824371 1169078 426173 539076 717584 985611 129538 713472 983016 353680 652314 636314 732762 512618 327214 610345 848204 84507 1058286 848838 533944 780791 299078 856352 463058 909910 308629 321264 729251 1 831153 313953 982143 739925 200238 442891 901946 902802 248699 484673 483811 892771
 968328 668180 726856 733279 151306 429641 327088 771236 665262 493640 771725 601683 1077035 1049474 839440 166146 911627 557369 576659 1084987 219434 883805 795520 107925 687550 210212 544150 701659 354294 782662 355542 485415 601676 724280 714570 42309 552503 961974 1091482 655276 454582 294207 826833 748852 887261 970568 530779 477491 203032 435627 938509 835120 533833 517210 459018 894888 726573 31966 514449 72253 532093 602559 478802 426478 653806 529703 655104 831153 1 521881 694942 127493 675415 668085 697080 469920 600986 346763 674110 893602
 756983 258257 818339 521937 629545 509003 477684 255746 974232 242476 666417 887040 866481 852082 652430 446212 571290 777455 76842 852064 304134 474019 827906 447649 180796 313894 273465 835425 285604 615161 657442 474024 457883 758383 839632 488235 313470 827702 883764 954260 136341 227748 687966 848653 394259 755428 771740 62352 338372 438791 752157 554340 151706 453491 638157 386165 894649 541882 380550 477287 41917 695455 281012 680169 280176 45656 616928 313953 521881 1 826356 442633 161826 400216 766540 687473 84173 176467 436055 839800
 544242 717713 61210 476866 598749 328667 405270 935795 300923 592584 338472 240921 606484 572502 460496 556978 695022 161771 810914 640030 687106 785564 160173 763860 863847 682239 584213 9087 559099 423002 352300 352620 418977 143099 19909 717130 547437 443050 612413 277834 883326 731228 393122 62911 940453 550365 195494 766194 770654 389534 496973 584552 698225 379857 238255 990139 77885 671960 457727 637559 797310 131023 550117 276146 673680 867690 263522 982143 694942 826356 1 600303 962342 549397 95150 227457 896376 728407 512898 309773
