NAME : domp100p25v8
COMMENT : Cherkesly, Contardo & Gruson 2022
TYPE : DOMP
DIMENSION : 100
DISPLAY_DATA_TYPE : NO_DISPLAY
OPEN_FACILITIES : 25
COST_SECTION
 1 714924 195083 507255 429097 142239 459102 343892 470096 311810 349857 592441 538748 580542 336085 636758 410392 406616 88782 245325 352556 338503 584736 545779 268352 434441 369207 366150 714426 509245 421926 40745 487390 147895 60711 491927 176929 345698 179014 614487 417229 327792 424915 498615 91550 248722 308236 412208 74268 649791 347936 629856 315373 258025 497394 324253 619413 454473 399217 623370 489788 142935 294625 543874 585893 503159 441174 520400 77681 322674 446843 267127 156782 186143 517604 381977 391042 240108 270210 495404 450728 304313 528551 247190 310248 329660 417238 334859 628953 611199 468171 351552 130092 619998 347762 380813 644554 286631 316251 547792
 714924 1 909196 1157662 1077883 596630 522718 879450 1148210 945007 755595 260276 317792 246212 831737 139841 915530 710515 802755 526264 1002501 409240 653366 710385 727450 843860 376353 623716 65700 577548 1114335 719106 227535 758988 745246 992654 612218 778160 622777 327643 443165 899374 606286 231774 779586 547667 473288 304185 787758 837587 1050718 866475 1029568 911834 1160366 895213 734711 866169 882364 901402 1004082 662533 428435 171061 950119 1214481 288083 322000 790614 516045 1157360 649683 870448 554836 756027 880147 613035 511669 691827 318458 268025 941147 833189 470582 908122 439730 1132141 909165 298925 563331 823518 546821 628560 281081 447333 882106 185891 453165 1026348 801845
 195083 909196 1 357308 290468 329815 597650 361097 301168 260039 404401 772277 726221 772137 345399 831483 423371 515307 111566 428348 228972 522158 689556 631194 367907 453951 554455 478393 909499 632179 243522 192126 681727 206005 181317 445429 346647 422145 326433 785161 578990 286091 566547 689586 158718 409446 480243 605642 126385 705685 163181 672725 128674 168094 338620 284662 703811 466448 428719 652271 435768 297869 484978 738242 625811 308529 631595 695986 118586 477943 252764 378464 38846 375005 618211 408628 505745 417995 359575 673614 643548 251781 603786 439494 253948 506805 224568 327325 803107 739587 538596 513074 307755 796496 518977 367559 830140 470957 143770 601968
 507255 1157662 357308 1 80808 648529 714025 707274 82804 587432 445027 961326 1038902 1072083 353117 1110201 763947 872432 451226 751944 158824 748426 723568 641643 724799 409963 781348 579071 1173715 711827 143454 480811 940457 405841 521333 282052 681968 778688 536099 946848 745303 267071 918410 926027 508455 610253 685696 861535 462820 645294 213559 595597 348471 255030 34161 270790 696640 402863 775188 554450 262657 639583 736690 994535 968838 253208 869715 879708 437623 651781 235894 516760 379581 690732 975393 755150 601886 647709 476525 866922 892993 580353 957997 704037 251361 718897 317701 667040 972776 811176 892742 855564 636699 973485 715758 320058 1034662 706188 388712 563496
 429097 1077883 290468 80808 1 569687 642591 647970 96849 533968 376379 884882 958679 991401 284160 1029457 707324 802679 377367 673070 78191 668665 663476 583825 654842 353865 701688 507111 1093336 644855 124813 401450 860001 325034 446306 247679 604800 712377 455812 872791 669341 194354 844331 846375 435773 530851 606600 781045 388191 601243 168373 553993 304575 174643 84873 197714 643109 350500 715971 516516 229689 563762 656091 914222 911749 263220 789845 803275 361473 574341 229065 439984 308544 611446 907529 695847 530906 567417 400547 789673 812747 526433 894192 623240 174529 639657 297958 610235 898099 746709 828976 778945 558959 898137 637354 258157 957298 625940 344966 512687
 142239 596630 329815 648529 569687 1 449786 340363 612313 362956 426488 514368 397503 442396 439011 506052 398699 316486 218300 103416 492415 268147 601250 581621 211469 523104 291553 395407 588785 513118 563422 168787 371833 265238 152156 607417 60747 292751 214775 551589 380664 451086 305632 397127 184435 241259 267964 304045 203430 702375 487986 692345 439428 396640 639387 447167 651723 545664 376409 695146 608167 80134 208801 427052 536230 637655 343721 453336 217778 308048 582434 314632 293336 45205 425424 364130 414686 201764 335540 424733 343985 357557 455594 159762 439010 275646 543992 351538 559798 602847 404032 220308 35214 547107 303112 489527 553159 221717 432006 607050
 459102 522718 597650 714025 642591 449786 1 782720 731417 770579 270270 274207 586508 570230 361148 543703 844785 749124 531883 480845 580163 226228 168680 195494 661207 337267 232834 135552 564538 72726 719634 432556 377175 393066 517925 493427 507290 742081 281566 238897 99966 448292 699996 320999 550646 214432 187423 327431 521651 330912 681901 350506 724375 513007 727070 444884 241402 356909 824820 381150 508117 525332 283030 407890 983523 850525 291518 201123 501861 142298 795631 221903 564032 443761 848921 811377 112207 248242 251498 205867 328577 763210 894021 312395 470232 195287 806299 784443 267929 154034 848490 602012 479926 273789 163285 400707 355110 246339 740997 280018
 343892 879450 361097 707274 647970 340363 782720 1 638617 132547 691189 846471 599743 667528 663685 760549 67086 228704 315352 363559 590028 607540 922529 888546 152182 768707 628808 705988 853739 840872 574217 382139 673952 478834 284495 795534 293320 119434 515526 889250 720084 629189 328835 715524 264092 568685 606728 621296 314819 993453 495343 972092 370788 521778 683267 626737 961841 786577 68018 962863 788351 260667 546256 722882 264718 568116 668480 790826 348089 640606 530730 609629 354873 362730 297786 47914 729484 538411 614069 761516 659925 136879 257777 498745 601460 615959 452674 48748 895289 936747 194557 342174 306743 881200 642929 700108 875203 562056 335572 890994
 470096 1148210 301168 82804 96849 612313 731417 638617 1 515050 468691 965887 1008008 1045979 376961 1091354 692896 814497 404043 715089 151861 740439 758928 679935 667919 450520 773793 595927 1159723 737256 65060 448863 926332 389327 475473 340960 639815 716694 526002 957858 751942 285552 867578 917952 458087 605115 681567 847355 417019 697711 143931 650065 272957 236438 49959 288512 739799 447348 706142 611801 322325 594240 721812 981610 897501 174832 860513 884523 395831 654335 153229 522349 328944 656096 914528 686262 620578 636588 484748 869201 880983 508330 892550 685070 261212 713891 235158 596582 982194 840332 827464 810823 596660 981143 714453 354098 1036105 695051 312513 609535
 311810 945007 260039 587432 533968 362956 770579 132547 515050 1 635326 876471 689112 752007 592454 836772 178441 352013 252175 418744 483368 625893 894014 849146 238231 700720 652042 675192 927060 820820 450089 342311 727326 420227 252689 705248 334078 240889 490729 909559 722657 543535 442209 758783 220405 558223 610218 664767 257841 941272 373913 913964 243268 427810 561424 541725 923096 715911 195893 898792 695792 286865 570025 780262 382520 435926 706417 812191 286387 632326 399995 574106 265466 397613 429497 177072 700873 540347 569536 784555 704620 8437 389630 520172 512600 626161 320488 85046 919969 922988 326991 434428 327892 908245 648952 621599 915901 576026 205998 837207
 349857 755595 404401 445027 376379 426488 270270 691189 468691 635326 1 530936 724911 733896 92262 740692 758172 739546 384040 507146 320762 365035 298290 229681 612823 101744 392842 138199 784898 268625 465557 310030 563093 215388 407217 237201 485223 692856 214835 507016 317012 183154 729808 528814 427927 238556 295621 490461 380602 305949 442466 280975 516935 272919 459903 180289 300637 125841 748679 273815 248549 474994 383342 609700 935247 603939 479710 450672 349701 242076 552547 125037 381309 447662 850020 731067 158256 294287 92190 443753 511231 627013 871670 375452 210227 327793 580147 676343 534617 372141 813889 638034 440845 537749 311923 131300 608878 341463 543370 201905
 592441 260276 772277 961326 884882 514368 274207 846471 965887 876471 530936 1 435099 389318 616136 322892 897389 736782 679688 487193 814751 254224 393325 453351 700304 608668 225245 393157 312953 321176 942742 582491 216497 588846 638984 763124 553702 770122 451421 75786 216297 695008 653925 149770 675113 367541 292994 232941 665986 578033 890676 608613 900151 733253 969576 691128 474608 629323 869295 645374 776678 593215 306482 207767 986179 1060281 181015 81623 658274 311566 1003219 444899 734214 484859 813742 861291 376860 354749 484803 98914 200446 870706 878233 356406 710491 265479 995361 863652 58801 303891 849568 566928 549581 38903 255667 661851 81095 306001 906532 547852
 538748 317792 726221 1038902 958679 397503 586508 599743 1008008 689112 724911 435099 1 73356 773873 179466 624588 404601 614740 298156 880531 373890 752266 777870 453985 825986 357037 626160 272564 658051 960641 559563 224633 637649 545590 948522 383745 487513 528891 508508 486567 813930 295813 293701 573382 486356 438584 259079 600114 914319 885477 926077 828314 784037 1032488 809702 827832 850156 589747 947335 954323 435971 342040 229133 635780 1032208 299553 438628 615196 500013 977945 600407 690455 352783 439449 591103 629309 431085 638435 413945 263275 687114 518121 353037 810396 412048 933141 636930 493494 695473 514119 257770 418644 472820 438786 827858 408963 384872 814680 845631
 580542 246212 772137 1072083 991401 442396 570230 667528 1045979 752007 733896 389318 73356 1 790107 106827 694743 477036 660679 348531 913265 372301 731631 764779 519587 833437 350000 625258 199259 639771 1001450 597447 194426 667253 593539 963519 436541 557219 549225 464547 471516 837276 368775 259204 623369 497024 440476 248754 645771 900904 928477 916722 879373 817212 1067749 833014 809626 857478 660147 941353 970694 489241 352288 181982 709130 1080014 278714 404818 657986 499810 1024821 611395 735287 397192 512608 660803 625206 444594 651279 383270 241658 749577 591452 372870 836641 410779 984280 703236 446337 666439 587159 325523 467048 425458 434077 843937 353203 392789 868083 838960
 336085 831737 345399 353117 284160 439011 361148 663685 376961 592454 92262 616136 773873 790107 1 806468 730611 740398 348795 530505 230696 430523 385120 310729 604436 108779 460863 226909 856971 360718 376457 295445 629660 188726 386862 174819 493508 681084 246164 596072 400297 91934 744414 601823 400600 294704 362039 553874 348890 363039 359659 327648 446928 195133 367647 89457 377497 123636 725276 307374 180680 473616 438010 679243 917748 516674 549620 535044 315619 315759 466912 183311 329062 467852 851614 706606 248944 345515 141334 525737 578649 584023 864616 420838 121749 395474 500932 642928 622978 463390 803861 657958 446352 625104 384532 53990 692571 399073 477003 261050
 636758 139841 831483 1110201 1029457 506052 543703 760549 1091354 836772 740692 322892 179466 106827 806468 1 791802 579209 721392 422202 952030 376456 695074 738821 610083 836455 347851 619979 94607 608486 1051338 647909 177599 704772 658074 975966 510674 653962 576409 398345 450300 863265 472495 222853 690323 512327 445692 252780 706297 872639 982146 894204 945356 857640 1108967 859008 775480 859986 757757 923486 985070 562896 374486 136006 814620 1139880 262562 357458 714284 499419 1083594 623652 793473 461667 618862 757138 615245 466044 665262 342181 229524 833683 697157 406660 866827 413001 1049715 793671 375526 618507 690748 421210 534675 354988 430029 859327 271102 409128 937652 821321
 410392 915530 423371 763947 707324 398699 844785 67086 692896 178441 758172 897389 624588 694743 730611 791802 1 231084 382093 410907 651771 663525 986924 954287 197125 835759 683234 771092 885924 904151 628043 448905 717193 545919 351284 860982 347875 137841 580530 943055 779348 695012 339501 762507 331176 631344 666411 669014 381792 1060123 550827 1039043 421681 586195 738733 692629 1027434 853573 35513 1029940 853460 320207 601265 763942 204892 610854 717802 844769 414994 702506 577415 675460 419311 417215 275524 36211 794266 598908 680601 815113 706814 184764 220150 554923 666840 674006 495854 97109 947716 998702 163899 370593 366177 932929 701807 766670 922156 619575 384330 957799
 406616 710515 515307 872432 802679 316486 749124 228704 814497 352013 739546 736782 404601 477036 740398 579209 231084 1 428502 269112 733462 536367 909174 895881 147838 832840 546724 710290 673787 817229 753432 446425 534895 554026 366251 898392 255988 111232 530913 793787 665737 733134 110526 591020 368785 552436 561716 504036 420073 1018611 671800 1008753 565933 648112 853757 729754 964541 854418 195645 1010605 895756 266861 473131 573836 249492 773719 556790 698986 451399 612291 729658 630981 494136 308568 111217 202893 728163 504981 650083 668704 537085 353894 145616 437173 712902 558180 659996 275771 792170 897146 114494 171034 298742 774770 589584 786894 746284 504213 537018 923507
 88782 802755 111566 451226 377367 218300 531883 315352 404043 252175 384040 679688 614740 660679 348795 721392 382093 428502 1 317046 305632 426236 644894 597401 281464 455015 457333 426778 800804 576189 350355 100623 575275 168653 71521 483861 236882 347841 250775 699324 498495 316545 467263 587387 59830 328051 392415 500622 15104 689795 272174 663995 226926 220151 436841 313789 671328 472108 378469 651302 478250 190201 383383 631701 573734 419530 529955 606454 34343 400755 364142 324915 76335 263501 536296 359332 453159 325801 317763 582113 539296 243979 533548 335937 291369 415610 329604 294527 714803 681037 469735 406788 196523 706459 431907 384864 732953 374394 227655 585902
 245325 526264 428348 751944 673070 103416 480845 363559 715089 418744 507146 487193 298156 348531 530505 422202 410907 269112 317046 1 595724 268175 643161 636041 213910 606935 281218 453555 510079 549947 665208 271913 311680 364832 247458 702121 88642 283418 292377 536458 396677 549886 226931 352158 275563 293186 293516 258243 302589 763938 588679 759737 531222 499814 742677 545870 702203 630277 382181 767619 704066 141228 204579 362794 511147 734084 307004 439115 319680 346654 679798 387376 393087 63702 368460 374719 468545 241135 414958 408963 296498 414919 414629 168465 539626 289068 636140 387242 538916 628058 373892 131447 120597 523369 320501 582558 511891 235216 519572 674240
 352556 1002501 228972 158824 78191 492415 580163 590028 151861 483368 320762 814751 880531 913265 230696 952030 651771 733462 305632 595724 1 593535 615680 539658 585840 316756 626714 444817 1016827 588421 146112 323890 783372 247318 372878 244266 528909 646855 379824 806009 600343 138921 770950 771314 364946 456576 532750 704362 315500 573244 147883 529540 271262 96515 157882 141243 603499 318456 657689 496926 229696 489187 579174 837889 854725 288057 714424 733289 287233 503338 241840 370666 241110 533830 839914 637595 469835 491295 332888 718503 736585 475439 830569 545598 110845 565505 291813 555224 830424 692871 765590 703367 482613 829534 564627 217379 885752 549871 309857 478189
 338503 409240 522158 748426 668665 268147 226228 607540 740439 625893 365035 254224 373890 372301 430523 376456 663525 536367 426236 268175 593535 1 394710 408002 469404 462724 33425 253386 428162 298760 709513 330651 199202 352416 384921 599543 315672 546000 214448 284008 131932 491966 477726 177780 421032 138959 69422 125535 412323 543803 650460 552888 648929 504053 751341 487757 464121 486598 638644 573446 608632 348265 63749 249311 779132 818079 121420 186302 406190 127538 760735 247369 483636 246521 630737 628129 255435 105798 289192 158959 148175 619788 681974 108797 499283 38526 746453 619642 294264 363976 642002 380454 302897 283430 65878 483078 307983 51873 653617 471811
 584736 653366 689556 723568 663476 601250 168680 922529 758928 894014 298290 393325 752266 731631 385120 695074 986924 909174 644894 643161 615680 394710 1 85188 811643 314208 401209 218858 703051 95980 761569 551818 537262 485859 645383 462096 660824 893501 407488 333210 267499 476760 865445 475853 674624 360008 350851 493661 637252 185454 740737 221665 809071 570804 743519 474484 81388 324574 969925 264497 480252 672275 450030 561424 1137479 901439 454132 338583 611931 296928 850641 320130 661092 601106 1011564 955077 193721 404235 330765 353080 491144 886146 1052910 475674 506583 362611 877408 918609 364430 105874 1004489 767360 628457 378123 330834 405416 471653 411461 832236 183179
 545779 710385 631194 641643 583825 581621 195494 888546 679935 849146 229681 453351 777870 764779 310729 738821 954287 895881 597401 636041 539658 408002 85188 1 787956 231681 421073 186308 755893 132850 685767 509889 572404 432476 606288 377226 642247 870019 375044 400476 293265 401115 862088 516323 632843 343894 353193 519428 591312 136466 669734 156367 746309 501732 662582 399175 73952 240613 939909 192219 395512 647157 455975 603170 1115101 827013 486282 389403 563541 293121 777638 278933 605453 587835 1001711 923974 167857 395034 279651 398598 523226 841051 1037066 473341 432402 372023 809146 880488 431774 187750 985232 764544 605528 443256 342135 325840 533731 414217 771887 100567
 268352 727450 367907 724799 654842 211469 661207 152182 667919 238231 612823 700304 453985 519587 604436 610083 197125 147838 281464 213910 585840 469404 811643 787956 1 701571 487680 601866 702764 724408 607572 309018 522438 416050 222090 756965 155085 82086 414093 746792 589407 590489 210903 565882 221641 451829 477982 472134 273708 903533 525911 888821 426065 501506 706508 587270 859357 722127 169688 886372 753360 140882 406424 570870 327148 635829 520694 648665 305781 519512 589196 513545 346299 223097 254882 160993 622714 413045 526861 618854 510192 237418 260248 361559 568731 482522 524268 183796 750908 814045 201068 197088 183234 735956 511563 648597 725603 427605 400427 804673
 434441 843860 453951 409963 353865 523104 337267 768707 450520 700720 101744 608668 825986 833437 108779 836455 835759 832840 455015 606935 316756 462724 314208 231681 701571 1 489119 220157 876538 315265 461615 393764 659075 290364 488424 156763 580669 780046 314696 575820 401100 183524 827890 620942 504775 339746 393580 588236 454145 259057 456428 220361 552399 299271 431245 182797 289284 24174 829066 198597 172605 566544 484102 703771 1019586 604479 574274 530801 421337 337116 558330 226739 437802 546551 943801 810726 232405 395793 192881 527579 607025 692296 961600 477168 217781 424846 600110 749530 605155 406495 902229 737334 535063 610863 406443 99432 688547 441809 583707 161441
 369207 376353 554455 781348 701688 291553 232834 628808 773793 652042 392842 225245 357037 350000 460863 347851 683234 546724 457333 281218 626714 33425 401209 421073 487680 489119 1 275847 396604 305464 742935 362665 170253 385840 414046 628497 335735 562524 247823 260501 133966 523988 482219 144689 450183 171380 98831 101254 443257 557457 683740 569333 680870 537424 784487 519794 473615 512811 657325 592071 638037 371323 82816 218381 791973 851211 89174 162082 438019 152093 793864 277552 515854 266250 637711 647552 275218 139065 319598 133189 118430 646129 692047 132069 531868 65463 778875 642787 268320 361708 654550 386204 326647 256203 84209 513014 275918 83499 684905 489884
 366150 623716 478393 579071 507111 395407 135552 705988 595927 675192 138199 393157 626160 625258 226909 619979 771092 710290 426778 453555 444817 253386 218858 186308 601866 220157 275847 1 656863 154050 585197 332962 443613 272505 426845 371091 456077 683947 190568 369305 181365 312876 680403 401837 455789 160396 187702 376880 418757 310385 550379 308758 602134 380272 591656 309430 257599 242675 755561 323419 383994 461164 288280 485852 928983 717866 357445 313416 394225 126182 663662 101977 447563 402963 816892 740052 27404 214754 120950 308214 391615 667340 850951 296469 334723 214873 678906 700547 396592 261826 798925 583651 419261 399553 191677 269487 471690 244839 622094 224274
 714426 65700 909499 1173715 1093336 588785 564538 853739 1159723 927060 784898 312953 272564 199259 856971 94607 885924 673787 800804 510079 1016827 428162 703051 755893 702764 876538 396604 656863 1 623261 1122731 722296 233510 770803 739891 1021975 597942 748094 637631 383867 479033 920070 566838 256084 773135 566993 495299 312544 785710 885745 1056148 912259 1026506 924152 1174550 915854 784407 899407 851991 945327 1032462 649596 438011 179325 908311 1216974 307511 366594 791352 543144 1160225 673777 871059 545301 711824 851132 648447 526035 715918 358674 281042 923718 790683 475858 926495 461713 1130232 886054 356492 616781 785165 515383 618944 337630 473417 908568 243914 467643 1020713 844553
 509245 577548 632179 711827 644855 513118 72726 840872 737256 820820 268625 321176 658051 639771 360718 608486 904151 817229 576189 549947 588421 298760 95980 132850 724408 315265 305464 154050 623261 1 731848 479310 445870 426186 569288 471430 571822 805868 330242 272054 172075 451707 770858 386916 600433 273220 256686 399085 567169 264179 701548 289116 756183 530793 727989 448758 170023 331614 885601 324313 487791 586523 354620 473418 1048735 867439 361324 256683 544539 205704 814151 254179 600809 510173 918376 871458 126647 313328 274692 266933 398423 813195 961613 381839 477581 267026 832192 839867 303054 107844 914627 672796 541816 313086 235150 392532 401885 316764 775927 227125
 421926 1114335 243522 143454 124813 563422 719634 574217 65060 450089 465557 942742 960641 1001450 376457 1051338 628043 753432 350355 665208 146112 709513 761569 685767 607572 461615 742935 585197 1122731 731848 1 404451 890057 357196 421821 370483 587195 654200 495835 939612 731683 284912 809600 885902 401971 577522 653916 811421 364021 715906 81665 670575 207903 209791 113320 287102 749316 461824 641623 635381 353065 540043 686177 945924 832577 143188 827963 861993 345682 631900 104283 503987 274225 607894 852228 621786 610982 604324 469112 844875 846371 443411 828804 646898 255398 685320 177087 531852 962618 837192 763804 756087 545545 960242 688579 362563 1010355 662244 247526 622830
 40745 719106 192126 480811 401450 168787 432556 382139 448863 342311 310030 582491 559563 597447 295445 647909 448905 446425 100623 271913 323890 330651 551818 509889 309018 393764 362665 332962 722296 479310 404451 1 492079 107629 97646 452696 210818 386432 151003 599778 397965 289754 461297 497632 123131 227444 292934 415008 89292 611341 334296 590463 318279 227902 473100 286107 583716 413742 438668 583273 451044 181213 293096 548538 626305 495431 439576 507900 75788 300174 438398 232372 153370 209997 557521 421164 358563 227763 232374 484309 452362 334515 569241 248568 273885 317381 416692 370896 615948 582969 508915 384626 162916 608195 332313 340590 638534 279190 324275 508896
 487390 227535 681727 940457 860001 371833 377175 673952 926332 727326 563093 216497 224633 194426 629660 177599 717193 534895 575275 311680 783372 199202 537262 572404 522438 659075 170253 443613 233510 445870 890057 492079 1 537309 518592 798501 393275 583227 404512 286873 279741 688884 444265 69349 553298 336418 268254 79035 560292 708086 824748 725832 802134 690655 941064 684644 615532 682673 686172 752556 807772 441507 204536 56516 783657 987506 87090 214133 563157 321968 930472 446568 643001 331733 603595 681082 440201 293036 488347 190368 52079 722887 672002 243926 694115 235434 904612 698912 275254 473354 649212 363921 404830 255269 252807 682279 211630 234938 799442 650090
 147895 758988 206005 405841 325034 265238 393066 478834 389327 420227 215388 588846 637649 667253 188726 704772 545919 554026 168653 364832 247318 352416 485859 432476 416050 290364 385840 272505 770803 426186 357196 107629 537309 1 198467 345851 314033 492360 138768 592462 383772 185887 565830 529298 214743 221561 297502 458284 165596 521197 301842 495586 331419 153351 404294 182000 506130 309194 538711 484233 344966 288279 332794 592385 729720 471622 471593 509204 134316 282065 414730 172573 175412 301179 665140 520425 299824 247626 155101 490247 491658 411948 676099 298280 175056 328388 415100 461766 613127 533587 615156 485162 265982 608893 333352 232971 654202 305927 349770 417261
 60711 745246 181317 521333 446306 152156 517925 284495 475473 252689 407217 638984 545590 593539 386862 658074 351284 366251 71521 247458 372878 384921 645383 606288 222090 488424 414046 426845 739891 569288 421821 97646 518592 198467 1 535064 165592 295183 239104 665182 472067 368413 398160 536450 36138 305769 361043 446542 58645 708981 343291 687901 287300 283356 507721 365213 679971 507597 341607 679944 531284 118813 335626 574617 531279 486865 480198 569566 86060 379891 432359 327767 147642 197046 475930 323861 451673 291664 329830 543457 485998 245401 480216 286309 346901 379961 391837 274234 678144 670578 418142 335438 126979 668148 400331 428597 686984 333426 281186 606519
 491927 992654 445429 282052 247679 607417 493427 795534 340960 705248 237201 763124 948522 963519 174819 975966 860982 898392 483861 702121 244266 599543 462096 377226 756965 156763 628497 371091 1021975 471430 370483 452696 798501 345851 535064 1 659127 829353 420930 732217 552263 167374 911020 765908 541396 466787 530276 724277 487899 364037 391683 313733 513039 277440 309688 170279 423457 140033 860724 272507 19509 633872 611231 846177 1057107 510879 716145 684212 454367 478896 474238 353053 442535 638890 1009184 841175 386272 519157 312375 679188 746895 696936 1014930 595498 194147 563119 534137 767764 761347 559216 952089 827559 611241 766591 548713 120975 842387 571307 550213 288872
 176929 612218 346647 681968 604800 60747 507290 293320 639815 334078 485223 553702 383745 436541 493508 510674 347875 255988 236882 88642 528909 315672 660824 642247 155085 580669 335735 456077 597942 571822 587195 210818 393275 314033 165592 659127 1 234922 274953 596043 434323 499351 251904 427248 190357 301061 323057 332762 223208 763090 508883 752765 444569 434892 670286 495574 712167 602908 323265 755004 658871 52710 253473 446269 476937 649419 377430 497635 244748 366283 595947 374994 313170 69486 365393 312461 475157 259088 394861 468241 372311 329748 394884 207204 484642 327555 549403 310517 602001 659594 343847 174633 48097 588068 356481 542854 586044 272711 431698 667532
 345698 778160 422145 778688 712377 292751 742081 119434 716694 240889 692856 770122 487513 557219 681084 653962 137841 111232 347841 283418 646855 546000 893501 870019 82086 780046 562524 683947 748094 805868 654200 386432 583227 492360 295183 829353 234922 1 495979 819736 668398 662170 209590 631412 288737 533584 557842 539094 342129 985161 572984 969858 460706 567138 758017 659136 941443 800171 104205 966610 824793 222888 482520 628549 245105 666460 589387 722125 375331 600692 624153 595256 405746 301174 198115 103608 704787 493839 607800 692061 575867 242951 185787 439259 638636 560992 551994 165207 822299 894516 122959 232753 265225 806596 590591 723733 790544 505972 429959 885934
 179014 622777 326433 536099 455812 214775 281566 515526 526002 490729 214835 451421 528891 549225 246164 576409 580530 530913 250775 292377 379824 214448 407488 375044 414093 314696 247823 190568 637631 330242 495835 151003 404512 138768 239104 420930 274953 495979 1 459295 252564 288373 515407 391995 270329 84088 159029 325730 240185 489880 439775 477913 455087 289605 537705 284106 447534 338184 565152 480457 425867 273259 201929 458438 741026 609027 334762 372699 221923 151895 551891 100205 290055 233004 640186 549526 214031 111613 122695 352587 356935 483166 667815 176696 290422 189623 546101 511220 478318 432562 613304 423201 233799 472939 195782 299961 515608 170131 466918 392818
 614487 327643 785161 946848 872791 551589 238897 889250 957858 909559 507016 75786 508508 464547 596072 398345 943055 793787 699324 536458 806009 284008 333210 400476 746792 575820 260501 369305 383867 272054 939612 599778 286873 592462 665182 732217 596043 819736 459295 1 208840 679815 715842 218130 701026 375746 306923 291450 686379 518643 892925 552891 913801 729970 957651 676150 413499 594928 916457 592343 747004 631556 343240 282688 1042381 1063009 238158 98428 675127 310406 1006521 436006 748041 526570 875321 907229 349104 374402 473147 127950 263754 903338 937023 391827 698529 285257 1005255 903070 31339 237098 905136 625826 586540 46569 267475 638167 141921 333556 923419 498381
 417229 443165 578990 745303 669341 380664 99966 720084 751942 722657 317012 216297 486567 471516 400297 450300 779348 665737 498495 396677 600343 131932 267499 293265 589407 401100 133966 181365 479033 172075 731683 397965 279741 383772 472067 552263 434323 668398 252564 208840 1 478773 609595 227873 506960 170714 113560 227490 486397 429472 684097 446092 707631 521907 754139 474910 341364 423160 756743 473495 564804 459556 193216 314359 905696 854182 193169 134865 472157 101774 797682 229709 542539 367254 761897 744770 169924 183053 268870 126929 230022 715825 811297 230089 494830 107933 797412 726959 230937 232287 769176 512182 413467 229202 77846 447075 292357 162792 719098 371170
 327792 899374 286091 267071 194354 451086 448292 629189 285552 543535 183154 695008 813930 837276 91934 863265 695012 733134 316545 549886 138921 491966 476760 401115 590489 183524 523988 312876 920070 451707 284912 289754 688884 185887 368413 167374 499351 662170 288373 679815 478773 1 750775 667800 374037 353078 426127 611025 320536 442542 273098 402289 372337 120700 278784 4268 466076 189713 693936 374959 162872 470591 489454 740956 890026 425924 613126 613440 287029 387366 377339 251831 278576 486186 843594 674482 336552 397269 210644 601633 639336 535142 847830 464412 34678 459734 416589 602785 705709 555078 784835 671043 451255 706535 453423 86069 769335 454325 405727 343975
 424915 606286 566547 918410 844331 305632 699996 328835 867578 442209 729808 653925 295813 368775 744414 472495 339501 110526 467263 226931 770950 477726 865445 862088 210903 827890 482219 680403 566838 770858 809600 461297 444265 565830 398160 911020 251904 209590 515407 715842 609595 750775 1 505159 410262 520009 514602 424472 456142 990764 728347 986560 635629 679865 903067 747049 927147 850710 303995 993706 910744 282899 417345 478136 344520 845755 477766 624651 483741 570785 797971 612643 539652 282484 159823 309230 694953 467102 637942 594736 453624 442721 229244 390199 734933 504984 734903 373131 711045 841682 218404 98085 299875 692575 537012 794371 655506 454105 611066 901039
 498615 231774 689586 926027 846375 397127 320999 715524 917952 758783 528814 149770 293701 259204 601823 222853 762507 591020 587387 352158 771314 177780 475853 516323 565882 620942 144689 401837 256084 386916 885902 497632 69349 529298 536450 765908 427248 631412 391995 218130 227873 667800 505159 1 572129 315909 241676 94522 572737 650754 824775 671449 813663 681519 929119 663628 555343 643983 732805 700678 776493 471983 204617 86904 840476 990841 58234 145978 571524 287162 933522 419020 650753 361268 664954 726296 394962 281687 461204 124265 55695 753760 730889 251492 676349 208068 914014 737041 208107 407264 704657 420297 431665 188669 217561 652996 159735 223671 814386 598578
 91550 779586 158718 508455 435773 184435 550646 264092 458087 220405 427927 675113 573382 623369 400600 690323 331176 368785 59830 275563 364946 421032 674624 632843 221641 504775 450183 455789 773135 600433 401971 123131 553298 214743 36138 541396 190357 288737 270329 701026 506960 374037 410262 572129 1 339658 396422 481841 53508 731922 321898 708890 256051 279960 492814 371125 706710 522963 324681 698848 536351 139914 371678 609178 518059 459103 516029 605556 87072 413729 405625 355483 129429 228671 476467 306091 481135 327226 354476 579522 521388 212843 474521 322291 349923 415775 360931 248922 714147 702704 411035 354358 156465 704221 435784 439379 723020 369509 247587 628751
 248722 547667 409446 610253 530851 241259 214432 568685 605115 558223 238556 367541 486356 497024 294704 512327 631344 552436 328051 293186 456576 138959 360008 343894 451829 339746 171380 160396 566993 273220 577522 227444 336418 221561 305769 466787 301061 533584 84088 375746 170714 353078 520009 315909 339658 1 76510 259551 316220 470762 523252 467922 538107 369480 614082 348862 412119 363920 612410 478989 474595 313328 145108 387915 777481 692751 260309 288617 301443 74123 635679 114490 372515 244040 657822 598399 176039 57006 154414 268796 286371 551054 694699 140016 360490 108930 630016 570028 394354 368391 644899 423308 268838 388854 111884 348091 432902 104534 548647 382724
 308236 473288 480243 685696 606600 267964 187423 606728 681567 610218 295621 292994 438584 440476 362039 445692 666411 561716 392415 293516 532750 69422 350851 353193 477982 393580 98831 187702 495299 256686 653916 292934 268254 297502 361043 530276 323057 557842 159029 306923 113560 426127 514602 241676 396422 76510 1 194872 379548 487142 598803 492455 608579 445990 690088 421957 414332 417508 644354 510343 539537 346362 102957 317208 797507 767981 187789 215743 368435 62029 710806 178729 442556 257581 661810 632034 193019 69885 220768 194081 216828 603510 706694 125182 435223 33647 702613 613409 323228 337186 661877 416519 300301 316253 39541 414275 356703 61228 616922 409707
 412208 304185 605642 861535 781045 304045 327431 621296 847355 664767 490461 232941 259079 248754 553874 252780 669014 504036 500622 258243 704362 125535 493661 519428 472134 588236 101254 376880 312544 399085 811421 415008 79035 458284 446542 724277 332762 539094 325730 291450 227490 611025 424472 94522 481841 259551 194872 1 485752 655886 746735 669413 727517 611628 862038 606776 568775 612089 639743 692968 732952 377904 125543 134504 753339 910317 53300 201403 487081 252163 853183 371419 566835 267155 583876 632810 376453 214417 412808 172176 39947 659842 646227 166441 615648 163489 829256 642529 288206 442486 616640 334816 338261 270749 185400 606909 253944 156707 726311 590673
 74268 787758 126385 462820 388191 203430 521651 314819 417019 257841 380602 665986 600114 645771 348890 706297 381792 420073 15104 302589 315500 412323 637252 591312 273708 454145 443257 418757 785710 567169 364021 89292 560292 165596 58645 487899 223208 342129 240185 686379 486397 320536 456142 572737 53508 316220 379548 485752 1 685921 286294 661138 241863 228039 449077 317633 665263 471785 376769 649520 482850 177418 368874 616709 571004 434527 515373 593139 33721 389287 379064 317124 90514 248621 528564 357902 444911 312497 311733 568586 524480 249769 527914 321258 296509 402279 344667 296199 701565 671513 464514 394031 182165 693028 419071 386579 718746 360460 241984 582239
 649791 837587 705685 645294 601243 702375 330912 993453 697711 941272 305949 578033 914319 900904 363039 872639 1060123 1018611 689795 763938 573244 543803 185454 136466 903533 259057 557457 310385 885745 264179 715906 611341 708086 521197 708981 364037 763090 985161 489880 518643 429472 442542 990764 650754 731922 470762 487142 655886 685921 1 715166 53045 809904 557335 671365 441853 106011 254820 1048537 101525 383545 762904 590098 737415 1229866 859088 622270 519518 655453 426089 815037 390020 685298 712691 1126226 1031619 296794 524353 379720 531032 659274 932960 1157375 604660 476838 507375 859087 980811 549841 286500 1103174 893870 723536 563561 477932 357541 656866 547748 839925 104194
 347936 1050718 163181 213559 168373 487986 681901 495343 143931 373913 442466 890676 885477 928477 359659 982146 550827 671800 272174 588679 147883 650460 740737 669734 525911 456428 683740 550379 1056148 701548 81665 334296 824748 301842 343291 391683 508883 572984 439775 892925 684097 273098 728347 824775 321898 523252 598803 746735 286294 715166 1 673388 136905 170859 188006 274151 737154 460903 563049 642676 376494 460803 622416 881004 755680 170086 766578 811000 270607 582808 113925 461479 195847 532853 770931 543098 577136 544678 430612 792028 782844 366886 748675 580841 239457 628948 144673 454109 914347 808662 683568 676253 468424 910531 635113 357636 955242 601551 177423 617062
 629856 866475 672725 595597 553993 692345 350506 972092 650065 913964 280975 608613 926077 916722 327648 894204 1039043 1008753 663995 759737 529540 552888 221665 156367 888821 220361 569333 308758 912259 289116 670575 590463 725832 495586 687901 313733 752765 969858 477913 552891 446092 402289 986560 671449 708890 467922 492455 669413 661138 53045 673388 1 772730 519565 622332 401949 148130 212716 1029044 48869 333214 748985 594947 758351 1213652 813621 639150 545753 629723 430547 770877 377777 654439 705907 1117614 1011625 299513 523282 362065 554787 675832 905592 1145238 605226 436883 515400 817811 957149 584222 326278 1089429 890677 711387 596786 487447 316415 688557 551862 804014 85556
 315373 1029568 128674 348471 304575 439428 724375 370788 272957 243268 516935 900151 828314 879373 446928 945356 421681 565933 226926 531222 271262 648929 809071 746309 426065 552399 680870 602134 1026506 756183 207903 318279 802134 331419 287300 513039 444569 460706 455087 913801 707631 372337 635629 813663 256051 538107 608579 727517 241863 809904 136905 772730 1 253184 320558 372126 817544 561259 437225 747176 499703 392492 609240 858531 625626 210226 755982 824304 242878 606500 163726 503780 166032 484175 658058 417696 629538 545526 481894 801625 766099 236966 627857 562443 337747 634697 104921 326508 931601 863920 563527 597651 412505 924800 647428 458180 956776 597429 40520 707818
 258025 911834 168094 255030 174643 396640 513007 521778 236438 427810 272919 733253 784037 817212 195133 857640 586195 648112 220151 499814 96515 504053 570804 501732 501506 299271 537424 380272 924152 530793 209791 227902 690655 153351 283356 277440 434892 567138 289605 729970 521907 120700 679865 681519 279960 369480 445990 611628 228039 557335 170859 519565 253184 1 251384 119980 570776 308218 588190 494377 268275 397147 486144 745677 785469 337654 624080 652363 197335 422172 283491 294835 166929 437653 756380 568344 406829 400179 261542 635645 644816 419500 752480 450985 86983 478000 307416 491732 752843 637823 688146 609521 388054 750467 479794 205638 801713 458670 285482 456067
 497394 1160366 338620 34161 84873 639387 727070 683267 49959 561424 459903 969576 1032488 1067749 367647 1108967 738733 853757 436841 742677 157882 751341 743519 662582 706508 431245 784487 591656 1174550 727989 113320 473100 941064 404294 507721 309688 670286 758017 537705 957651 754139 278784 903067 929119 492814 614082 690088 862038 449077 671365 188006 622332 320558 251384 1 282234 719446 425604 751019 582136 290486 626427 736741 995687 943541 219109 872286 887981 425540 658820 202294 524693 363418 682343 955373 731052 615242 649162 485383 874163 894430 554529 935724 702331 259372 722987 285058 642087 982971 828884 870527 842927 625874 982982 721349 338418 1041720 707740 360478 587175
 324253 895213 284662 270790 197714 447167 444884 626737 288512 541725 180289 691128 809702 833014 89457 859008 692629 729754 313789 545870 141243 487757 474484 399175 587270 182797 519794 309430 915854 448758 287102 286107 684644 182000 365213 170279 495574 659136 284106 676150 474910 4268 747049 663628 371125 348862 421957 606776 317633 441853 274151 401949 372126 119980 282234 1 464450 189517 691375 375066 166115 467012 485189 736734 887365 427840 608928 609552 284089 383335 378963 247804 276617 482170 840257 671947 333215 393009 206678 597668 635109 533326 844767 460151 34993 455561 417404 600571 701989 552322 781836 667161 447479 702755 449322 86067 765380 450075 405263 342929
 619413 734711 703811 696640 643109 651723 241402 961841 739799 923096 300637 474608 827832 809626 377497 775480 1027434 964541 671328 702203 603499 464121 81388 73952 859357 289284 473615 257599 784407 170023 749316 583716 615532 506130 679971 423457 712167 941443 447534 413499 341364 466076 927147 555343 706710 412119 414332 568775 665263 106011 737154 148130 817544 570776 719446 464450 1 293895 1012658 194625 442515 718726 516028 641327 1186418 891513 531311 419572 637446 356401 843404 352389 678624 656043 1069324 996887 237041 461172 353590 433311 568406 915000 1106617 537152 498417 429923 877915 954197 444603 180500 1055698 829258 676526 458770 398857 387073 552661 475549 843846 134586
