NAME : domp60p30v10
COMMENT : Cherkesly, Contardo & Gruson 2022
TYPE : DOMP
DIMENSION : 60
DISPLAY_DATA_TYPE : NO_DISPLAY
OPEN_FACILITIES : 30
COST_SECTION
 1 738392 424192 355977 943004 461927 794086 705300 922490 339967 977566 360505 1112197 78062 1177553 760577 928566 430598 709327 997081 900954 285702 784807 479742 693387 1050343 162242 515367 858567 534372 593703 862736 736074 945170 682636 774768 524312 685666 758259 567932 885496 1047581 746012 1102815 433941 200431 703910 509490 832811 210722 1070642 720983 611531 929909 734029 561991 240325 662962 221747 886008
 738392 1 646109 668911 1033719 458438 416974 120167 643927 762459 497890 595280 831461 732398 909137 908227 196943 364783 260310 545186 948783 480911 647163 258797 48961 583960 577333 327478 1015666 216755 163355 1144428 371065 292950 923130 804081 414156 87663 247003 545915 869709 872174 1031431 700554 599553 537983 436841 250303 356774 531388 772137 48114 587998 549333 723515 281365 764389 800341 516714 148841
 424192 646109 1 73763 541815 188567 472068 551429 530305 158212 650521 82282 703320 353021 763459 363724 835678 296521 471199 654162 487278 276591 375502 464081 621036 704678 355330 319034 473684 538759 486284 540812 434619 720700 320798 352387 245347 562065 523601 183634 462765 626473 418105 726500 48097 372062 368880 540415 544450 402905 668242 657732 207309 571059 310290 368619 234673 252362 365143 781828
 355977 668911 73763 1 595733 224368 534199 583118 603166 99181 715400 73646 777074 282687 836988 414350 862617 307117 517092 721435 547397 250856 449234 464260 639368 772610 304736 347793 520026 539377 506139 565557 492190 769148 354981 418825 289366 588221 570253 252307 529565 698924 442126 798261 105758 327959 431619 536167 601632 359689 741903 675471 280171 640109 381645 400329 161645 309557 324852 809850
 943004 1033719 541815 595733 1 647084 657817 914814 496790 606066 735413 622928 497137 865730 500697 182451 1181793 778603 780644 701635 88534 810743 399153 945755 1029835 724772 896758 749109 103620 1012390 908812 265669 678259 951185 274254 230946 652226 947948 813006 512050 180619 352894 276269 650959 557556 913584 601634 1025846 749094 944120 512757 1064465 459469 618649 310921 774470 709943 289603 905654 1128410
 461927 458438 188567 224368 647084 1 336642 363115 468232 323369 521598 154670 667009 411637 737997 488630 647122 131737 293731 537259 574864 203599 353304 301816 435438 590359 332239 130962 601668 372667 300816 702787 284126 546238 478574 423848 68824 373734 347025 142808 521547 627989 584147 641491 141315 325665 242346 381778 389959 348721 620133 472272 198447 467994 353664 180086 360391 372561 308804 593263
 794086 416974 472068 534199 657817 336642 1 300632 227467 629372 184974 477832 423127 747720 501351 573944 531591 381331 163824 203807 569435 516451 258891 464342 431575 257024 650948 295848 665372 497257 355976 825537 64763 297858 627786 443835 270533 345261 171002 292680 480975 455335 732781 331589 429412 633128 103217 526719 93057 648259 365005 458795 296237 154354 368543 269195 687820 491557 612478 480531
 705300 120167 551429 583118 914814 363115 300632 1 528099 680108 402882 510034 720172 687066 798251 793177 286381 293678 140665 447004 829465 428605 527012 247377 131259 490531 543360 235327 899268 240665 115443 1032777 251745 250580 813478 685790 310322 47233 135187 434680 749766 754661 922185 600189 503712 509015 316722 275842 250382 509558 661153 158570 473658 440005 605203 183267 695388 687543 486687 231749
 922490 643927 530305 603166 496790 468232 227467 528099 1 682331 239844 569287 205558 862919 282123 471675 744722 556890 390235 204969 411024 670369 166173 672633 658989 232902 800465 481499 534459 714523 576690 714026 281987 478125 558032 331834 419134 572560 397091 357011 317796 231046 647711 202073 501792 792414 250751 741466 296558 813366 153203 686197 323035 124659 285323 471070 764775 432016 774320 696580
 339967 762459 158212 99181 606066 323369 629372 680108 682331 1 808651 170344 845493 261949 900745 424333 957393 398247 616273 812266 570880 318843 522279 546640 730971 862609 336055 444950 519054 621093 599182 531247 589482 868304 342669 459780 388536 683400 669431 341759 568804 755588 410853 880940 200187 368580 526320 614298 699162 400031 814654 766615 361377 728591 437874 497919 104164 336658 371226 905143
 977566 497890 650521 715400 735413 521598 184974 402882 239844 808651 1 661486 362882 932429 435147 691909 548574 558060 299608 50376 648643 697296 365077 615316 527632 87728 831523 471115 766348 633210 491283 940954 241674 261495 764355 552711 455152 449950 273080 467727 555335 451455 862875 204620 609876 811258 284497 666235 160743 824283 305797 545311 460319 116873 490101 435935 871120 630018 790032 507817
 360505 595280 82282 73646 622928 154670 477832 510034 569287 170344 661486 1 753380 295182 817507 445723 789002 234191 448400 671265 566044 194998 425082 394619 565981 723411 276126 274753 555940 469768 432573 619574 431453 700903 401625 426921 221955 514628 501693 212306 536194 687520 496342 758547 74022 290665 377069 468430 539810 321237 713940 602161 251771 593839 377283 327603 210081 333326 283134 736289
 1112197 831461 703320 777074 497137 667009 423127 720172 205558 845493 362882 753380 1 1048542 78235 545271 908522 761412 586774 313268 429649 870414 328688 877557 851362 303996 998112 686976 568959 917503 777958 752994 482524 624217 650318 422709 621946 766130 585762 544508 352515 144452 718171 186746 682023 992572 456307 945264 475178 1014679 59407 875969 501667 282504 412611 676201 936459 547805 975184 864926
 78062 732398 353021 282687 865730 411637 747720 687066 862919 261949 932429 295182 1048542 1 1112148 683361 926550 400679 676174 948890 824964 258700 720111 477121 689765 1001969 162733 481304 780712 539031 579791 785582 692394 919172 604611 701142 477278 672323 726959 506289 811872 978887 668346 1047915 367065 206407 653615 518174 793273 226867 1008889 719887 546887 877866 663298 531096 162606 587217 223780 881164
 1177553 909137 763459 836988 500697 737997 501351 798251 282123 900745 435147 817507 78235 1112148 1 573753 982770 835837 665008 384982 443656 941595 392793 954703 929411 370141 1067724 762730 582571 995353 856032 763544 560571 696570 682501 462043 695282 844270 663725 611464 377831 158807 741062 246167 745084 1063631 532618 1022915 552609 1086434 137120 953818 566023 359886 463613 753183 994535 590618 1046701 940030
 760577 908227 363724 414350 182451 488630 573944 793177 471675 424333 691909 445723 545271 683361 573753 1 1072275 619870 668663 668691 155608 637166 327430 790427 897857 703336 717051 602592 113214 860465 769890 251836 578249 871505 111576 140197 505693 820753 708750 365729 195955 414947 177114 659494 384216 735653 496703 870406 666877 766600 540739 933823 320264 578111 205943 635391 528398 116644 728830 1017656
 928566 196943 835678 862617 1181793 647122 531591 286381 744722 957393 548574 789002 908522 926550 982770 1072275 1 560807 403978 598950 1094423 677319 784594 449929 236838 623927 769107 516996 1175235 396077 359508 1315622 503609 290536 1098158 957214 596580 274453 368803 719368 1009238 975413 1206956 750161 788330 728448 580954 425070 449006 719135 849909 207584 755413 631701 877243 467230 961287 970028 707810 54919
 430598 364783 296521 307117 778603 131737 381331 293678 556890 398247 558060 234191 761412 400679 835837 619870 560807 1 278789 584129 705442 144913 465897 171531 332801 636967 275850 87073 733003 244441 201454 828714 318423 518504 604772 554027 143362 288949 327831 270200 648964 738971 708256 708629 254902 253230 309524 250954 406079 266984 709992 368642 325599 530216 481687 131439 402814 503538 231982 509642
 709327 260310 471199 517092 780644 293731 163824 140665 390235 616273 299608 448400 586774 676174 665008 668663 403978 278789 1 336368 694216 423629 388351 315832 269716 385557 553720 194914 771279 338928 196155 913907 111130 252536 699857 553959 227827 182974 53305 324651 612289 614854 808464 482197 423409 527636 179256 370345 138971 536577 528412 298975 354580 311945 473714 147747 651429 568762 505571 349641
 997081 545186 654162 721435 701635 537259 203807 447004 204969 812266 50376 671265 313268 948890 384982 668691 598950 584129 336368 1 615989 720256 345090 651815 573523 53279 854752 497858 737844 673386 530804 915281 265707 311588 746427 528643 472837 494215 314745 470531 522741 406552 842105 155627 615682 836573 295777 705770 199608 851088 256755 592316 457180 91765 470804 466403 879573 614002 815763 558074
 900954 948783 487278 547397 88534 574864 569435 829465 411024 570880 648643 566044 429649 824964 443656 155608 1094423 705442 694216 615989 1 747974 310944 870059 946237 640934 842017 670845 139549 934976 827331 323370 590815 862657 265073 151696 574709 863538 725627 436189 93333 288293 300944 572879 497024 855642 515007 949903 660602 885422 438690 980494 382041 531785 228987 693628 674896 238091 846156 1041218
 285702 480911 276591 250856 810743 203599 516451 428605 670369 318843 697296 194998 870414 258700 941595 637166 677319 144913 423629 720256 747974 1 555400 237043 441357 773451 134499 230079 748676 308552 323485 813516 455831 661772 596610 601928 253619 415715 472698 338604 706884 829486 690089 836524 253385 122168 433875 297730 548755 145637 822861 474057 392010 659690 540561 276341 291381 522424 105428 629493
 784807 647163 375502 449234 399153 353304 258891 527012 166173 522279 365077 425082 328688 720111 392793 327430 784594 465897 388351 345090 310944 555400 1 610143 649922 384498 677662 407037 409710 665464 541876 578062 281532 554585 401366 189986 322638 564650 416176 219603 224755 274752 497932 368213 353362 676466 210380 686537 350882 701026 292975 682411 173348 253454 125718 415125 609647 270189 660816 731851
 479742 258797 464081 464260 945755 301816 464342 247377 672633 546640 615316 394619 877557 477121 954703 790427 449929 171531 315832 651815 870059 237043 610143 1 213764 701376 319299 203547 903418 75161 133171 999831 400314 497956 776059 718369 296158 215884 347098 434060 808214 875603 878925 794074 424720 279313 423323 80154 454576 272916 822005 242811 488062 618590 643117 201687 528328 674362 258253 406309
 693387 48961 621036 639368 1029835 435438 431575 131259 658989 730971 527632 565981 851362 689765 929411 897857 236838 332801 269716 573523 946237 441357 649922 213764 1 614673 533033 305402 1006954 168114 134794 1129722 380571 336151 907010 799212 396914 86761 265868 532990 869950 884570 1014689 728005 575428 492987 440031 201418 379862 485304 792300 36849 578016 570763 718935 263994 727988 787651 472011 192640
 1050343 583960 704678 772610 724772 590359 257024 490531 232902 862609 87728 723411 303996 1001969 370141 703336 623927 636967 385557 53279 640934 773451 384498 701376 614673 1 907944 550550 767052 720614 578471 946922 318576 333626 785219 563168 526081 537563 360657 521100 548313 412707 878381 127136 666901 889571 348631 753477 247286 903880 251924 631598 505595 135862 509673 518236 931288 654609 868705 586041
 162242 577333 355330 304736 896758 332239 650948 543360 800465 336055 831523 276126 998112 162733 1067724 717051 769107 275850 553720 854752 842017 134499 677662 319299 533033 907944 1 362515 824359 377875 431468 863258 590191 784905 658982 702477 386809 523432 601142 458240 811007 949370 740806 970087 347449 43814 567557 355897 681716 68959 952158 561690 508599 793697 648793 405979 267762 607603 61702 725450
 515367 327478 319034 347793 749109 130962 295848 235327 481499 444950 471115 274753 686976 481304 762730 602592 516996 87073 194914 497858 670845 230079 407037 203547 305402 550550 362515 1 714252 264322 171468 826983 232270 441089 603358 519530 97265 243043 245835 238180 605964 675054 710387 625157 272161 340271 231127 281561 319207 353399 633792 342247 289641 446600 442487 53636 465809 488987 318938 463474
 858567 1015666 473684 520026 103620 601668 665372 899268 534459 519054 766348 555940 568959 780712 582571 113214 1175235 733003 771279 737844 139549 748676 409710 903418 1006954 767052 824359 714252 1 973178 880366 184681 676088 962940 178666 221551 617133 928478 808875 476581 222863 427827 173209 707079 496333 844644 595743 983435 758314 875853 576069 1042648 428993 650066 299183 745627 621803 229840 838619 1120910
 534372 216755 538759 539377 1012390 372667 497257 240665 714523 621093 633210 469768 917503 539031 995353 860465 396077 244441 338928 673386 934976 308552 665464 75161 168114 720614 377875 264322 973178 1 142834 1073139 435397 485316 849140 783503 360360 199430 360272 500397 869950 925232 952650 821101 498795 335677 469638 35560 473834 323967 860551 189720 553241 649633 706793 250616 599764 744874 316174 357414
 593703 163355 486284 506139 908812 300816 355976 115443 576690 599182 491283 432573 777958 579791 856032 769890 359508 201454 196155 530804 827331 323485 541876 133171 134794 578471 431468 171468 880366 142834 1 997899 295469 365594 774544 677901 265370 92537 219070 404163 755565 792827 881770 678282 440636 395701 337756 175021 331381 394964 720439 171569 451948 507406 598527 134827 602270 657880 373511 308974
 862736 1144428 540812 565557 265669 702787 825537 1032777 714026 531247 940954 619574 752994 785582 763544 251836 1315622 828714 913907 915281 323370 813516 578062 999831 1129722 946922 863258 826983 184681 1073139 997899 1 827704 1122842 224224 388493 732910 1056791 956189 598628 407115 610885 123489 890995 575898 891206 745807 1078082 918381 923065 760746 1166287 560217 825857 457777 865738 623193 345595 889730 1260767
 736074 371065 434619 492190 678259 284126 64763 251745 281987 589482 241674 431453 482524 692394 560571 578249 503609 318423 111130 265707 590815 455831 281532 400314 380571 318576 590191 232270 676088 435397 295469 827704 1 300656 621243 455756 216058 293814 134826 263552 506274 504190 728483 396351 389595 571042 82001 464098 109834 585384 425226 410103 278843 218901 376906 204434 641243 486419 550135 450522
 945170 292950 720700 769148 951185 546238 297858 250580 478125 868304 261495 700903 624217 919172 696570 871505 290536 518504 252536 311588 862657 661772 554585 497956 336151 333626 784905 441089 962940 485316 365594 1122842 300656 1 920849 741484 479795 286372 199231 561168 771902 704025 1027364 460253 673381 753334 381658 520876 204802 756409 566652 339770 579491 356977 666358 389111 903383 785304 730904 255626
 682636 923130 320798 354981 274254 478574 627786 813478 558032 342669 764355 401625 650318 604611 682501 111576 1098158 604772 699857 746427 265073 596610 401366 776059 907010 785219 658982 603358 178666 849140 774544 224224 621243 920849 1 231322 510115 835633 744775 378881 305625 523876 108806 752885 353155 682895 539504 854604 718917 714582 641520 943680 345561 654730 275711 643217 444378 136291 679131 1043240
 774768 804081 352387 418825 230946 423848 443835 685790 331834 459780 552711 426921 422709 701142 462043 140197 957214 554027 553959 528643 151696 601928 189986 718369 799212 563168 702477 519530 221551 783503 677901 388493 455756 741484 231322 1 423166 717872 589430 284513 110745 306568 315912 522611 355095 713077 376392 798229 536802 742075 410711 834025 230390 438299 80589 543658 561086 129788 702302 903246
 524312 414156 245347 289366 652226 68824 270533 310322 419134 388536 455152 221955 621946 477278 695282 505693 596580 143362 227827 472837 574709 253619 322638 296158 396914 526081 386809 97265 617133 360360 265370 732910 216058 479795 510115 423166 1 327210 280918 140916 512184 595646 617958 583281 197261 374772 180913 375584 321205 394573 572240 433566 192888 407346 347060 133176 429058 392716 355955 542047
 685666 87663 562065 588221 947948 373734 345261 47233 572560 683400 449950 514628 766130 672323 844270 820753 274453 288949 182974 494215 863538 415715 564650 215884 86761 537563 523432 243043 928478 199430 92537 1056791 293814 286372 835633 717872 327210 1 182059 458256 785806 797822 943998 647411 515046 486971 354418 234948 297512 484886 707219 117761 500496 486580 637369 195003 691571 712683 464909 221746
 758259 247003 523601 570253 813006 347025 171002 135187 397091 669431 273080 501693 585762 726959 663725 708750 368803 327831 53305 314745 725627 472698 416176 347098 265868 360657 601142 245835 808875 360272 219070 956189 134826 199231 744775 589430 280918 182059 1 372782 640928 626185 853060 466286 475929 573473 213170 393616 115946 580831 526606 290404 399253 304920 509960 196410 704585 612111 551232 315717
 567932 545915 183634 252307 512050 142808 292680 434680 357011 341759 467727 212306 544508 506289 611464 365729 719368 270200 324651 470531 436189 338604 219603 434060 532990 521100 458240 238180 476581 500397 404163 598628 263552 561168 378881 284513 140916 458256 372782 1 379214 491671 487649 547563 147342 458420 190038 514043 371775 484009 502917 569234 55704 387908 211584 269763 412907 254730 443651 664450
 885496 869709 462765 529565 180619 521547 480975 749766 317796 568804 555335 536194 352515 811872 377831 195955 1009238 648964 612289 522741 93333 706884 224755 808214 869950 548313 811007 605964 222863 869950 755565 407115 506274 771902 305625 110745 512184 785806 640928 379214 1 219029 365782 484233 463629 820198 433334 887248 571104 848684 354524 903370 323561 438486 167925 623800 670807 233957 808667 956586
 1047581 872174 626473 698924 352894 627989 455335 754661 231046 755588 451455 687520 144452 978887 158807 414947 975413 738971 614854 406552 288293 829486 274752 875603 884570 412707 949370 675054 427827 925232 792827 610885 504190 704025 523876 306568 595646 797822 626185 491671 219029 1 583025 313778 613744 949996 455858 949239 527601 975108 169438 913214 440885 347105 318403 675635 852619 436140 934819 927563
 746012 1031431 418105 442126 276269 584147 732781 922185 647711 410853 862875 496342 718171 668346 741062 177114 1206956 708256 808464 842105 300944 690089 497932 878925 1014689 878381 740806 710387 173209 952650 881770 123489 728483 1027364 108806 315912 617958 943998 853060 487649 365782 583025 1 836607 454359 768194 646584 956725 824558 800050 716504 1051411 454003 750870 372839 751126 505747 242123 766469 1152037
 1102815 700554 726500 798261 650959 641491 331589 600189 202073 880940 204620 758547 186746 1047915 246167 659494 750161 708629 482197 155627 572879 836524 368213 794074 728005 127136 970087 625157 707079 821101 678282 890995 396351 460253 752885 522611 583281 647411 466286 547563 484233 313778 836607 1 694624 956515 402650 852437 350341 974000 144463 747524 519765 178558 484770 600781 959723 631151 936766 711164
 433941 599553 48097 105758 557556 141315 429412 503712 501792 200187 609876 74022 682023 367065 745084 384216 788330 254902 423409 615682 497024 253385 353362 424720 575428 666901 347449 272161 496333 498795 440636 575898 389595 673381 353155 355095 197261 515046 475929 147342 463629 613744 454359 694624 1 358747 326528 502370 499377 388400 644003 612196 180689 534669 303449 321133 265578 269060 349183 734371
 200431 537983 372062 327959 913584 325665 633128 509015 792414 368580 811258 290665 992572 206407 1063631 735653 728448 253230 527636 836573 855642 122168 676466 279313 492987 889571 43814 340271 844644 335677 395701 891206 571042 753334 682895 713077 374772 486971 573473 458420 820198 949996 768194 956515 358747 1 554076 312891 658659 31859 944984 520887 510728 779004 655704 380422 306673 623981 22430 685595
 703910 436841 368880 431619 601634 242346 103217 316722 250751 526320 284497 377069 456307 653615 532618 496703 580954 309524 179256 295777 515007 433875 210380 423323 440031 348631 567557 231127 595743 469638 337756 745807 82001 381658 539504 376392 180913 354418 213170 190038 433334 455858 646584 402650 326528 554076 1 494576 183771 572285 402688 472168 198845 226477 296793 221722 586624 404490 534569 527175
 509490 250303 540415 536167 1025846 381778 526719 275842 741466 614298 666235 468430 945264 518174 1022915 870406 425070 250954 370345 705770 949903 297730 686537 80154 201418 753477 355897 281561 983435 35560 175021 1078082 464098 520876 854604 798229 375584 234948 393616 514043 887248 949239 956725 852437 502370 312891 494576 1 506397 298776 888740 220645 567866 679829 722643 273604 587244 754255 294439 388355
 832811 356774 544450 601632 749094 389959 93057 250382 296558 699162 160743 539810 475178 793273 552609 666877 449006 406079 138971 199608 660602 548755 350882 454576 379862 247286 681716 319207 758314 473834 331381 918381 109834 204802 718917 536802 321205 297512 115946 371775 571104 527601 824558 350341 499377 658659 183771 506397 1 669785 415787 402149 382346 192726 461579 279388 749115 582877 636982 400145
 210722 531388 402905 359689 944120 348721 648259 509558 813366 400031 824283 321237 1014679 226867 1086434 766600 719135 266984 536577 851088 885422 145637 701026 272916 485304 903880 68959 353399 875853 323967 394964 923065 585384 756409 714582 742075 394573 484886 580831 484009 848684 975108 800050 974000 388400 31859 572285 298776 669785 1 966258 511681 536994 795979 683551 390536 336053 654533 40381 677823
 1070642 772137 668242 741903 512757 620133 365005 661153 153203 814654 305797 713940 59407 1008889 137120 540739 849909 709992 528412 256755 438690 822861 292975 822005 792300 251924 952158 633792 576069 860551 720439 760746 425226 566652 641520 410711 572240 707219 526606 502917 354524 169438 716504 144463 644003 944984 402688 888740 415787 966258 1 816729 463351 223100 389637 621071 902580 530690 927089 805982
 720983 48114 657732 675471 1064465 472272 458795 158570 686197 766615 545311 602161 875969 719887 953818 933823 207584 368642 298975 592316 980494 474057 682411 242811 36849 631598 561690 342247 1042648 189720 171569 1166287 410103 339770 943680 834025 433566 117761 290404 569234 903370 913214 1051411 747524 612196 520887 472168 220645 402149 511681 816729 1 613816 594300 753646 300555 761986 823941 500316 167787
 611531 587998 207309 280171 459469 198447 296237 473658 323035 361377 460319 251771 501667 546887 566023 320264 755413 325599 354580 457180 382041 392010 173348 488062 578016 505595 508599 289641 428993 553241 451948 560217 278843 579491 345561 230390 192888 500496 399253 55704 323561 440885 454003 519765 180689 510728 198845 567866 382346 536994 463351 613816 1 370146 156091 317122 441750 214635 496614 700568
 929909 549333 571059 640109 618649 467994 154354 440005 124659 728591 116873 593839 282504 877866 359886 578111 631701 530216 311945 91765 531785 659690 253454 618590 570763 135862 793697 446600 650066 649633 507406 825857 218901 356977 654730 438299 407346 486580 304920 387908 438486 347105 750870 178558 534669 779004 226477 679829 192726 795979 223100 594300 370146 1 379169 423043 799930 522244 759032 585918
 734029 723515 310290 381645 310921 353664 368543 605203 285323 437874 490101 377283 412611 663298 463613 205943 877243 481687 473714 470804 228987 540561 125718 643117 718935 509673 648793 442487 299183 706793 598527 457777 376906 666358 275711 80589 347060 637369 509960 211584 167925 318403 372839 484770 303449 655704 296793 722643 461579 683551 389637 753646 156091 379169 1 464662 534219 146701 643348 823169
 561991 281365 368619 400329 774470 180086 269195 183267 471070 497919 435935 327603 676201 531096 753183 635391 467230 131439 147747 466403 693628 276341 415125 201687 263994 518236 405979 53636 745627 250616 134827 865738 204434 389111 643217 543658 133176 195003 196410 269763 623800 675635 751126 600781 321133 380422 221722 273604 279388 390536 621071 300555 317122 423043 464662 1 519365 524059 358490 413240
 240325 764389 234673 161645 709943 360391 687820 695388 764775 104164 871120 210081 936459 162606 994535 528398 961287 402814 651429 879573 674896 291381 609647 528328 727988 931288 267762 465809 621803 599764 602270 623193 641243 903383 444378 561086 429058 691571 704585 412907 670807 852619 505747 959723 265578 306673 586624 587244 749115 336053 902580 761986 441750 799930 534219 519365 1 439862 314821 911244
 662962 800341 252362 309557 289603 372561 491557 687543 432016 336658 630018 333326 547805 587217 590618 116644 970028 503538 568762 614002 238091 522424 270189 674362 787651 654609 607603 488987 229840 744874 657880 345595 486419 785304 136291 129788 392716 712683 612111 254730 233957 436140 242123 631151 269060 623981 404490 754255 582877 654533 530690 823941 214635 522244 146701 524059 439862 1 616154 915173
 221747 516714 365143 324852 905654 308804 612478 486687 774320 371226 790032 283134 975184 223780 1046701 728830 707810 231982 505571 815763 846156 105428 660816 258253 472011 868705 61702 318938 838619 316174 373511 889730 550135 730904 679131 702302 355955 464909 551232 443651 808667 934819 766469 936766 349183 22430 534569 294439 636982 40381 927089 500316 496614 759032 643348 358490 314821 616154 1 664552
 886008 148841 781828 809850 1128410 593263 480531 231749 696580 905143 507817 736289 864926 881164 940030 1017656 54919 509642 349641 558074 1041218 629493 731851 406309 192640 586041 725450 463474 1120910 357414 308974 1260767 450522 255626 1043240 903246 542047 221746 315717 664450 956586 927563 1152037 711164 734371 685595 527175 388355 400145 677823 805982 167787 700568 585918 823169 413240 911244 915173 664552 1
LAMBDA_SECTION
1 945
2 375
3 753
4 412
5 359
6 758
7 309
8 625
9 231
10 772
11 49
12 946
13 454
14 372
15 89
16 542
17 813
18 417
19 60
20 776
21 442
22 5
23 560
24 851
25 508
26 370
27 120
28 241
29 808
30 550
31 843
32 448
33 75
34 417
35 519
36 207
37 746
38 716
39 182
40 522
41 839
42 239
43 303
44 339
45 322
46 577
47 345
48 720
49 176
50 298
51 211
52 602
53 548
54 93
55 352
56 24
57 321
58 337
59 282
60 866
