NAME : domp70p17v4
COMMENT : Cherkesly, Contardo & Gruson 2022
TYPE : DOMP
DIMENSION : 70
DISPLAY_DATA_TYPE : NO_DISPLAY
OPEN_FACILITIES : 17
COST_SECTION
 1 731020 548602 487063 628065 639037 717472 922400 269561 630432 645200 169080 406612 510598 612748 675167 546372 539437 111372 710870 275735 714106 827756 594993 576545 710425 236007 676714 538540 355229 234578 614437 620542 545271 265521 287450 579308 676584 541733 293023 482024 238838 457095 277214 255765 190571 695791 281256 611338 656372 689991 582629 95000 444434 628714 518139 455479 199686 538347 623014 81171 712834 664053 526531 865816 37401 102806 379929 197284 727092
 731020 1 548166 379056 734548 499064 795296 435416 658000 143328 278516 854435 720763 335207 269732 142239 561401 847443 822929 433092 498632 274122 323960 203098 586508 23016 951983 526397 322542 631490 670631 162106 157311 448040 685857 679847 911624 665765 863900 449437 564002 688058 279844 516072 851438 623440 83932 517919 541823 331475 802753 669569 820778 286623 772752 304395 790129 548393 630028 119405 680221 884767 937196 230137 415587 694119 811449 375708 732527 758209
 548602 548166 1 641684 982698 110328 1070314 949898 297949 565385 692828 717671 832415 623573 281134 411137 824971 987551 569310 844144 543503 329821 831846 347138 861109 542402 661535 885021 638905 212819 679163 565164 392694 744987 317030 295996 1044142 971716 997101 354489 69666 339352 374340 569418 791244 358078 467141 287011 64822 245796 1058090 916593 590105 419822 1004524 601183 903416 383248 864070 522462 564145 1115154 1110677 354304 912911 520086 559659 504464 693904 1055186
 487063 379056 641684 1 376360 659315 452437 435391 564547 236282 168317 553836 344478 44082 470268 425064 201034 468725 597405 234389 211700 547481 345555 394483 233881 356507 722571 245242 64424 592073 334320 217141 379302 103584 585784 593012 533006 337507 485016 326323 613814 572895 276084 211073 515212 482579 401478 428573 673671 549763 450400 307901 581320 226609 409714 74888 411900 385313 261352 264879 412068 524997 563602 331281 378791 457862 587745 147618 405810 427022
 628065 734548 982698 376360 1 1018411 91550 569534 823920 593645 463524 584932 230949 414201 844595 799624 176216 195974 728172 355569 447583 923833 553921 770511 148080 713694 820268 244858 418101 879956 393551 576495 755394 287772 836267 851304 239845 109338 212620 632552 941436 815017 642346 424332 480903 727061 771105 722231 1024384 923201 75815 68727 698886 592650 42510 446252 221513 643521 119567 631146 550577 150408 220021 704935 517377 618833 723225 483928 444294 102530
 639037 499064 110328 659315 1018411 1 1102916 921125 401237 543401 683430 807518 887954 634622 231595 357027 852684 1042744 669575 842036 594746 248858 803838 311144 888056 497654 767058 895762 645698 319332 745764 546962 353120 762550 422292 402138 1101882 995865 1053687 410449 176827 443134 383365 621285 872555 450573 415280 364126 56398 171022 1094224 950660 688270 432708 1043857 608466 960919 459289 898856 497198 645276 1157139 1162774 341695 889739 607982 659463 534496 768757 1083124
 717472 795296 1070314 452437 91550 1102916 1 581016 915441 657599 518674 666626 315557 487206 922675 870228 252037 245307 815981 389835 538113 998269 583779 846477 218595 775405 904530 279535 487550 971035 482916 641504 828517 356687 927816 942842 270388 131603 258536 721858 1030408 906544 723868 515203 558189 818607 838037 812687 1110625 1002017 37914 153839 786121 673984 92416 518598 293267 734798 206454 697833 640701 111992 218639 783460 534061 709181 811383 568840 530741 50497
 922400 435416 949898 435391 569534 921125 581016 1 967010 384884 286262 979785 695615 414177 690005 573026 463778 752198 1032485 235750 646778 709323 118056 610317 460904 430188 1157960 331106 386619 972600 752842 387027 568099 397347 991677 994131 805623 462821 770218 723118 947897 983705 595315 646212 922254 898124 516494 821017 957016 760758 607220 532481 1016710 564275 611493 413458 737696 802664 526149 427566 847218 692316 787024 596275 58925 892688 1022678 558716 825641 531217
 269561 658000 297949 564547 823920 401237 915441 967010 1 606136 681811 434439 629327 567490 454092 556750 698639 777610 272136 797514 385484 544349 855711 472559 733931 642726 366274 800158 592016 88424 456686 596411 512120 654523 28035 28612 825722 844545 783252 244389 228335 41976 389115 404655 524438 97710 596773 147100 362757 469283 894486 766113 294891 407535 835030 559150 691245 184991 715235 579293 309853 934020 904103 427949 917495 249792 262901 419174 447491 913350
 630432 143328 565385 236282 593645 543401 657599 384884 606136 1 151964 738193 579517 192281 316912 223360 419330 704241 730519 315018 376824 362245 266974 233869 445602 121265 860584 396390 179262 598686 541173 19428 197696 306185 632749 631342 768387 529855 720762 372385 563519 629582 218878 390741 723868 553025 182144 459410 575433 394007 663194 527861 723720 200680 631159 162077 647998 466148 487294 47626 570747 744039 794194 211403 348037 594923 719393 255613 606677 622682
 645200 278516 692828 168317 463524 683430 518674 286262 681811 151964 1 721449 495082 135566 463179 375320 297660 598845 753526 163338 370597 513994 182762 379834 317291 260042 881158 248051 107861 691718 502546 141613 347387 188021 706109 709207 661351 388173 616372 437539 680971 697661 322560 374503 682782 611864 332231 536632 710511 541982 528432 401951 740152 285050 503579 128474 555617 516532 369047 198745 573691 612389 674704 342592 235701 613579 743297 273401 574126 480243
 169080 854435 717671 553836 584932 807518 666626 979785 434439 738193 721449 1 354298 586995 767664 816868 551680 450721 192931 752141 361745 869611 898696 740760 574463 832541 241683 694128 614049 521692 228155 720366 761022 584370 426837 449466 475443 657181 447789 442312 650933 400127 593929 350815 119888 359610 830259 446924 780400 816880 633767 555676 159578 571656 574259 602617 377745 358635 522036 739607 179469 636608 565731 668337 921214 199766 195483 482840 156463 687455
 406612 720763 832415 344478 230949 887954 315557 695615 629327 579517 495082 354298 1 388440 754181 744726 232618 155203 501403 459999 293411 847124 642405 693719 243106 697897 589561 374599 406737 696511 175440 560163 692254 313029 637322 654940 214253 307165 165744 479383 781091 613739 545130 266833 255096 531756 732402 551917 882860 826165 285357 204688 471032 500507 224312 417525 74434 461711 180918 603260 333832 307711 279116 619537 637420 402778 497267 380665 215456 333380
 510598 335207 623573 44082 414201 634622 487206 414177 567490 192281 135566 586995 388440 1 437702 385507 238026 512333 619649 231539 235355 511077 317334 359706 269001 312725 746603 262009 27947 588533 371525 173192 341620 131617 590058 595655 576570 367921 528720 324929 599996 578971 252007 238963 553646 490239 359666 427040 652076 517739 487245 346246 605443 204165 448882 32252 455981 393297 301426 221923 438289 563756 605651 300309 359472 479660 609603 148817 441996 459097
 612748 269732 281134 470268 844595 231595 922675 690005 454092 316912 463179 767664 754181 437702 1 130126 670903 903203 678897 625317 470353 101963 573063 83390 704147 266750 798465 690887 442894 403324 643910 322884 121994 569277 481549 469217 966019 805616 916681 325652 306827 491880 209294 495704 802561 454118 187024 342724 272171 80298 919521 775868 687108 256206 875313 407903 828595 413070 726635 269673 589382 990732 1014335 139705 660051 576179 667452 374854 686329 896513
 675167 142239 411137 425064 799624 357027 870228 573026 556750 223360 375320 816868 744726 385507 130126 1 623410 885053 754935 538200 483715 140355 458408 84620 653441 143193 880257 617823 382732 517330 661625 235256 56140 513753 584751 575379 949203 745881 900121 382404 433542 591200 223409 506074 833774 539297 58316 428207 400872 189425 872160 731752 758186 254085 834307 353389 817839 479582 686342 177241 637704 949261 987001 148945 548324 637781 743336 369110 714447 838540
 546372 561401 824971 201034 176216 852684 252037 463778 698639 419330 297660 551680 232618 238026 670903 623410 1 304709 655433 228915 313161 748282 418852 595514 36348 540088 765523 144566 242272 743767 328033 401749 579428 113380 714942 726998 365648 148322 322626 484292 789224 696746 472157 295195 473282 605575 595338 580955 862523 750097 249477 108799 630937 422254 212056 270045 275616 513788 71610 455624 465212 326148 377707 531543 405994 527929 648196 320715 396008 230703
 539437 847443 987551 468725 195974 1042744 245307 752198 777610 704241 598845 450721 155203 512333 903203 885053 304709 1 622698 525221 448006 993738 720909 839342 295886 825034 692401 421209 525750 847842 320954 685341 834389 410846 783727 802322 64354 303441 18115 634565 935766 759249 693927 421460 333690 680632 867739 706225 1038046 976777 207661 219728 590188 647682 162546 543607 86392 614845 233870 733360 473834 187586 126494 766514 697157 541591 620477 528367 342165 283400
 111372 822929 569310 597405 728172 669575 815981 1032485 272136 730519 753526 192931 501403 619649 678897 754935 655433 622698 1 822191 385751 777950 936267 672137 684776 803236 130068 787388 647551 360030 336223 715353 702098 656631 257097 279795 655689 782442 622649 375297 499921 232098 544480 388271 307720 227359 781061 336548 633978 712680 786707 686365 33716 538230 725555 625762 542216 276309 643938 719477 191522 802679 743859 608530 976186 139995 11601 484875 286184 828718
 710870 433092 844144 234389 355569 842036 389835 235750 797514 315018 163338 752141 459999 231539 625317 538200 228915 525221 822191 1 440341 677231 198420 542138 229780 416811 943423 111552 209926 820057 524045 304922 510611 168279 819348 825847 582137 259469 543335 556170 826156 806997 469938 434383 688738 716901 493358 658413 866242 704557 407722 307750 803151 426463 398025 246590 504156 619623 294099 362032 632341 494482 575472 500342 177421 684486 813175 378430 596419 345063
 275735 498632 543503 211700 447583 594746 538113 646778 385484 376824 370597 361745 293411 235355 470353 483715 313161 448006 385751 440341 1 567890 552686 419719 348477 476143 511613 422030 263289 433862 177919 358797 428080 280508 401997 413838 507604 459404 459138 189043 496938 384465 266185 26581 353795 292967 485617 274649 591380 538256 521326 385556 370364 229635 464922 245418 366919 200736 333498 381174 203171 572974 568691 343766 590445 246167 376051 123016 234344 531328
 714106 274122 329821 547481 923833 248858 998269 709323 544349 362245 513994 869611 847124 511077 101963 140355 748282 993738 777950 677231 567890 1 596317 154790 780021 279705 895647 753390 512002 485600 743028 372828 170492 641928 571154 557012 1057146 876841 1007788 427607 371551 583614 303026 592738 903790 551886 193482 441403 301094 84221 997758 855314 787140 346640 956531 479719 921356 514500 807714 315258 691339 1071997 1101732 227592 687004 677670 766576 466474 787076 968981
 827756 323960 831846 345555 553921 803838 583779 118056 855711 266974 182762 898696 642405 317334 573063 458408 418852 720909 936267 198420 552686 596317 1 492820 425096 316616 1063749 309327 289397 858013 675562 269678 451076 330982 880934 882425 779095 455539 739000 612974 830281 874134 479306 555376 851867 790380 402880 709043 839205 644897 604046 505347 922666 450288 596396 311000 693495 696280 487687 309520 755506 690851 773870 478318 92157 796306 926053 455201 748078 536854
 594993 203098 347138 394483 770511 311144 846477 610317 472559 233869 379834 740760 693719 359706 83390 84620 595514 839342 672137 542138 419719 154790 492820 1 627924 195576 796735 609453 363043 435607 596868 239518 45875 491222 500578 491609 902884 727223 853540 302005 360916 506708 153667 443659 764055 455023 127852 343740 347315 162523 844844 701877 676298 193606 802607 329072 767791 397756 653747 186873 561293 918106 946943 75958 578666 557689 660546 313229 645549 818745
 576545 586508 861109 233881 148080 888056 218595 460904 733931 445602 317291 574463 243106 269001 704147 653441 36348 295886 684776 229780 348477 780021 425096 627924 1 565620 792618 132509 270992 779764 354010 428536 610592 140114 749941 762243 354288 112032 313990 520605 825550 731467 506889 329930 490948 640454 623610 617099 898354 783589 218770 84735 659520 456994 186709 300660 277213 549196 65341 483503 495499 298443 358152 565056 404289 559254 677832 356753 419965 195076
 710425 23016 542402 356507 713694 497654 775405 430188 642726 121265 260042 832541 697897 312725 266750 143193 540088 825034 803236 416811 476143 279705 316616 195576 565620 1 932501 508093 300518 618634 647818 139808 149792 426781 670492 665052 889242 646278 841444 430600 555539 672031 261423 493403 828759 605854 86354 501406 538748 332262 782338 648417 800609 266013 751657 281775 767372 529334 608417 96427 658779 863995 915429 215716 407491 673618 791782 353173 709918 738860
 236007 951983 661535 722571 820268 767058 904530 1157960 366274 860584 881158 241683 589561 746603 798465 880257 765523 692401 130068 943423 511613 895647 1063749 796735 792618 932501 1 902000 774545 448721 438791 845389 828266 776318 344836 365544 715672 884439 689305 503301 592040 324298 672921 511955 360064 344381 908309 456145 726182 826629 872697 785133 141271 667922 812485 753885 618602 404104 746572 849366 311410 878145 806378 735186 1101115 268230 141259 614131 377446 922417
 676714 526397 885021 245242 244858 895762 279535 331106 800158 396390 248051 694128 374599 262009 690887 617823 144566 421209 787388 111552 422030 753390 309327 609453 132509 508093 902000 1 250226 834163 468138 382843 583450 146145 819366 828769 475740 148399 439257 568508 858880 803877 513928 409674 617835 712294 578431 669973 914068 771140 296312 201612 764832 466135 287366 287300 409259 616476 197567 440838 595898 383024 464877 557639 276043 654801 779418 391267 537872 236474
 538540 322542 638905 64424 418101 645698 487550 386619 592016 179262 107861 614049 406737 27947 442894 382732 242272 525750 647551 209926 263289 512002 289397 363043 270992 300518 774545 250226 1 610843 397205 160873 341671 131048 614945 620058 589750 364854 542477 348625 617724 604359 265294 266659 578801 516113 353073 450374 665219 523170 489755 351067 633389 219167 454273 37727 472603 419380 308708 213431 466187 568323 615107 307763 332243 507559 637489 174495 468114 457010
 355229 631490 212819 592073 879956 319332 971035 972600 88424 598686 691718 521692 696511 588533 403324 517330 743767 847842 360030 820057 433862 485600 858013 435607 779764 618634 448721 834163 610843 1 527692 591539 478549 688071 104467 83178 898516 891550 854590 265872 143347 128055 380115 455938 608393 171432 563041 164260 277511 406072 952429 819211 383265 408355 894238 575599 761540 237130 767307 566277 388633 997143 974067 403493 926274 332744 350995 444457 525530 965186
 234578 670631 679163 334320 393551 745764 482916 752842 456686 541173 502546 228155 175440 371525 643910 661625 328033 320954 336223 524045 177919 743028 675562 596868 354010 647818 438791 468138 397205 527692 1 522236 605997 356494 463334 481588 370909 447082 327037 336751 622917 439279 443202 156268 183094 359690 662398 393032 733931 708229 455824 350152 308545 407551 394591 391704 234572 298437 308675 551681 158885 483131 447438 520934 694117 227847 330618 296876 72825 493090
 614437 162106 565164 217141 576495 546962 641504 387027 596411 19428 141613 720366 560163 173192 322884 235256 401749 685341 715353 304922 358797 372828 269678 239518 428536 139808 845389 382843 160873 591539 522236 1 205813 288814 622773 621980 749518 514401 701815 360354 560906 618908 211445 372307 705015 541020 196916 449424 577383 401030 646500 510401 708014 189454 613712 142791 628748 452892 469305 58034 553805 726902 775969 210893 347797 579151 704285 238179 588013 607248
 620542 157311 392694 379302 755394 353120 828517 568099 512120 197696 347387 761022 692254 341620 121994 56140 579428 834389 702098 510611 428080 170492 451076 45875 610592 149792 828266 583450 341671 478549 605997 205813 1 471930 540152 532104 898379 706449 849174 328259 406697 545069 167341 450692 777696 489220 84827 379123 391224 196628 828814 687095 704531 198481 788997 309966 765718 426157 640452 150076 581959 904299 938453 94038 538182 583142 690498 314738 658405 798680
 545271 448040 744987 103584 287772 762550 356687 397347 654523 306185 188021 584370 313029 131617 569277 513753 113380 410846 656631 168279 280508 641928 330982 491222 140114 426781 776318 146145 131048 688071 356494 288814 471930 1 674122 683129 473510 236349 428355 422521 715947 659184 379196 271125 525326 567750 483504 523859 777252 649262 358801 221683 636569 329930 324975 162296 369537 471421 183130 343431 465866 438163 490518 431481 338454 520388 647933 246057 429113 327524
 265521 685857 317030 585784 836267 422292 927816 991677 28035 632749 706109 426837 637322 590058 481549 584751 714942 783727 257097 819348 401997 571154 880934 500578 749941 670492 344836 819366 614945 104467 463334 622773 540152 674122 1 22871 830348 859990 788763 268593 247413 26780 416211 420084 521275 109728 624800 173365 381799 495423 905989 779642 281950 433645 846122 582589 697499 202937 729230 606424 312460 943319 910166 455844 941707 249297 248544 441415 449756 927084
 287450 679847 295996 593012 851304 402138 942842 994131 28612 631342 709207 449466 654940 595655 469217 575379 726998 802322 279795 825847 413838 557012 882425 491609 762243 665052 365544 828769 620058 83178 481588 621980 532104 683129 22871 1 849634 872757 807644 272045 226508 49355 413599 432806 543127 124356 616898 173395 360674 480095 921589 793851 304800 433524 861978 587002 716013 213474 743096 603574 332390 960262 928804 449716 944907 270245 271316 447459 469908 941158
 579308 911624 1044142 533006 239845 1101882 270388 805623 825722 768387 661351 475443 214253 576570 966019 949203 365648 64354 655689 582137 507604 1057146 779095 902884 354288 889242 715672 475740 589750 898516 370909 749518 898379 473510 830348 849634 1 349176 49364 692544 990879 805299 756727 481024 355837 729568 932082 760885 1095771 1039086 232799 274573 622513 710843 200951 607891 141024 668054 294235 797684 518386 187802 91150 829777 751625 584723 654456 591320 383019 314532
 676584 665765 971716 337507 109338 995865 131603 462821 844545 529855 388173 657181 307165 367921 805616 745881 148322 303441 782442 259469 459404 876841 455539 727223 112032 646278 884439 148399 364854 891550 447082 514401 706449 236349 859990 872757 349176 1 320571 632613 937102 840978 613231 439984 562259 750340 711307 729062 1007759 885610 148517 102479 755514 563505 149823 398157 316493 660103 138511 571453 596216 235333 324210 667731 412263 661907 776208 467273 507495 92847
 541733 863900 997101 485016 212620 1053687 258536 770218 783252 720762 616372 447789 165744 528720 916681 900121 322626 18115 622649 543335 459138 1007788 739000 853540 313990 841444 689305 439257 542477 854590 327037 701815 849174 428355 788763 807644 49364 320571 1 644800 944570 764047 707388 432563 329684 686581 883410 714762 1048198 989830 220704 237738 589887 661480 178059 559875 93819 622661 251878 749472 477852 194423 122334 780414 715222 545118 620761 541964 344543 298011
 293023 449437 354489 326323 632552 410449 721858 723118 244389 372385 437539 442312 479383 324929 325652 382404 484292 634565 375297 556170 189043 427607 612974 302005 520605 430600 503301 568508 348625 265872 336751 360354 328259 422521 268593 272045 692544 632613 644800 1 309019 261181 169753 214935 480435 180681 405887 102366 403483 379755 707274 568159 376408 171934 652187 315060 551526 99198 515568 352870 263732 761520 756741 234260 673181 255696 363726 178777 367739 710913
 482024 564002 69666 613814 941436 176827 1030408 947897 228335 563519 680971 650933 781091 599996 306827 433542 789224 935766 499921 826156 496938 371551 830281 360916 825550 555539 592040 858880 617724 143347 622917 560906 406697 715947 247413 226508 990879 937102 944570 309019 1 269693 358495 522160 727654 291528 486532 230093 134486 287883 1016262 876599 521097 399737 961152 580287 850752 324818 823980 523589 501432 1069911 1060101 353191 907583 454609 490350 471323 633511 1017981
 238838 688058 339352 572895 815017 443134 906544 983705 41976 629582 697661 400127 613739 578971 491880 591200 696746 759249 232098 806997 384465 583614 874134 506708 731467 672031 324298 803877 604359 128055 439279 618908 545069 659184 26780 49355 805299 840978 764047 261181 269693 1 415001 401571 494602 91646 629382 171302 404174 509544 884176 759227 256185 429460 824085 572841 673112 187976 709185 604994 287083 920250 885631 458665 932927 223186 223251 430155 424125 906740
 457095 279844 374340 276084 642346 383365 723868 595315 389115 218878 322560 593929 545130 252007 209294 223409 472157 693927 544480 469938 266185 303026 479306 153667 506889 261423 672921 513928 265294 380115 443202 211445 167341 379196 416211 413599 756727 613231 707388 169753 358495 415001 1 290413 611563 344884 238738 243727 400183 283980 717905 573813 544087 49904 671052 227608 619511 268892 523238 190215 415131 786062 805778 77750 551887 419768 532941 165646 492651 701606
 277214 516072 569418 211073 424332 621285 515203 646212 404655 390741 374503 350815 266833 238963 495704 506074 295195 421460 388271 434383 26581 592738 555376 443659 329930 493403 511955 409674 266659 455938 156268 372307 450692 271125 420084 432806 481024 439984 432563 214935 522160 401571 290413 1 335367 310534 506132 298359 617665 564177 497586 363349 370821 252269 440630 252251 340346 220851 311668 397752 201025 547870 542329 367763 589188 250106 379035 140927 216667 509812
 255765 851438 791244 515212 480903 872555 558189 922254 524438 723868 682782 119888 255096 553646 802561 833774 473282 333690 307720 688738 353795 903790 851867 764055 490948 828759 360064 617835 578801 608393 183094 705015 777696 525326 521275 543127 355837 562259 329684 480435 727654 494602 611563 335367 1 438854 838896 508516 851518 860140 523866 459783 274006 580763 465935 574573 265577 413478 432811 732987 227512 520755 446372 688852 863330 275677 308524 476024 119631 583005
 190571 623440 358078 482579 727061 450573 818607 898124 97710 553025 611864 359610 531756 490239 454118 539297 605575 680632 227359 716901 292967 551886 790380 455023 640454 605854 344381 712294 516113 171432 359690 541020 489220 567750 109728 124356 729568 750340 686581 180681 291528 91646 344884 310534 438854 1 571628 111965 421062 485378 797237 670031 240863 352436 737628 485643 594243 97280 619536 532280 217205 836313 807104 398219 846349 163731 216254 341621 354188 817442
 695791 83932 467141 401478 771105 415280 838037 516494 596773 182144 332231 830259 732402 359666 187024 58316 595338 867739 781061 493358 485617 193482 402880 127852 623610 86354 908309 578431 353073 563041 662398 196916 84827 483504 624800 616898 932082 711307 883410 405887 486532 629382 238738 506132 838896 571628 1 462398 458662 247594 842147 704125 782006 259348 807286 327466 804293 504753 660825 140239 652448 921381 965063 173571 493531 658445 769477 365944 719266 804153
 281256 517919 287011 428573 722231 364126 812687 821017 147100 459410 536632 446924 551917 427040 342724 428207 580955 706225 336548 658413 274649 441403 709043 343740 617099 501406 456145 669973 450374 164260 393032 449424 379123 523859 173365 173395 760885 729062 714762 102366 230093 171302 243727 298359 508516 111965 462398 1 344504 377749 795861 659787 346607 260437 738958 416219 620950 96390 607488 433814 281154 845148 831032 289802 772281 247487 325178 281102 407376 804624
 611338 541823 64822 673671 1024384 56398 1110625 957016 362757 575433 710511 780400 882860 652076 272171 400872 862523 1038046 633978 866242 591380 301094 839205 347315 898354 538748 726182 914068 665219 277511 733931 577383 391224 777252 381799 360674 1095771 1007759 1048198 403483 134486 404174 400183 617665 851518 421062 458662 344504 1 220293 1100070 957397 654517 448139 1047942 627610 954793 440859 905130 530391 624079 1159924 1159962 368066 923264 582081 624275 542114 751843 1093215
 656372 331475 245796 549763 923201 171022 1002017 760758 469283 394007 541982 816880 826165 517739 80298 189425 750097 976777 712680 704557 538256 84221 644897 162523 783589 332262 826629 771140 523170 406072 708229 401030 196628 649262 495423 480095 1039086 885610 989830 379755 287883 509544 283980 564177 860140 485378 247594 377749 220293 1 998316 854485 724207 332392 953335 488086 900584 458529 804857 346461 641154 1068644 1089681 218559 733369 620873 701499 449308 746209 976337
 689991 802753 1058090 450400 75815 1094224 37914 607220 894486 663194 528432 633767 285357 487245 919521 872160 249477 207661 786707 407722 521326 997758 604046 844844 218770 782338 872697 296312 489755 952429 455824 646500 828814 358801 905989 921589 232799 148517 220704 707274 1016262 884176 717905 497586 523866 797237 842147 795861 1100070 998316 1 144093 756386 668166 61283 519104 258409 715567 195380 701958 614340 86818 184877 779924 558562 683103 782434 559742 500805 83570
 582629 669569 916593 307901 68727 950660 153839 532481 766113 527861 401951 555676 204688 346246 775868 731752 108799 219728 686365 307750 385556 855314 505347 701877 84735 648417 785133 201612 351067 819211 350152 510401 687095 221683 779642 793851 274573 102479 237738 568159 876599 759227 573813 363349 459783 670031 704125 659787 957397 854485 144093 1 658499 524080 103312 378381 218068 583857 52621 564420 503284 217527 273537 636209 477651 570398 680625 416194 407714 147526
 95000 820778 590105 581320 698886 688270 786121 1016710 294891 723720 740152 159578 471032 605443 687108 758186 630937 590188 33716 803151 370364 787140 922666 676298 659520 800609 141271 764832 633389 383265 308545 708014 704531 636569 281950 304800 622513 755514 589887 376408 521097 256185 544087 370821 274006 240863 782006 346607 654517 724207 756386 658499 1 534767 695327 613138 510266 278630 617031 714820 170812 770926 710901 610605 959918 128889 36298 474549 255583 799856
 444434 286623 419822 226609 592650 432708 673984 564275 407535 200680 285050 571656 500507 204165 256206 254085 422254 647682 538230 426463 229635 346640 450288 193606 456994 266013 667922 466135 219167 408355 407551 189454 198481 329930 433645 433524 710843 563505 661480 171934 399737 429460 49904 252269 580763 352436 259348 260437 448139 332392 668166 524080 534767 1 621640 181471 574718 267593 473641 182065 395074 736756 758130 119051 518233 407605 526850 119843 461212 651740
 628714 772752 1004524 409714 42510 1043857 92416 611493 835030 631159 503579 574259 224312 448882 875313 834307 212056 162546 725555 398025 464922 956531 596396 802607 186709 751657 812485 287366 454273 894238 394591 613712 788997 324975 846122 861978 200951 149823 178059 652187 961152 824085 671052 440630 465935 737628 807286 738958 1047942 953335 61283 103312 695327 621640 1 481082 201523 657175 148861 667667 553170 115504 177515 735619 559621 621967 721231 510142 439762 122083
 518139 304395 601183 74888 446252 608466 518598 413458 559150 162077 128474 602617 417525 32252 407903 353389 270045 543607 625762 246590 245418 479719 311000 329072 300660 281775 753885 287300 37727 575599 391704 142791 309966 162296 582589 587002 607891 398157 559875 315060 580287 572841 227608 252251 574573 485643 327466 416219 627610 488086 519104 378381 613138 181471 481082 1 485965 389552 333677 190078 448377 595903 637746 271599 360771 485935 615431 145273 460905 489743
 455479 790129 903416 411900 221513 960919 293267 737696 691245 647998 555617 377745 74434 455981 828595 817839 275616 86392 542216 504156 366919 921356 693495 767791 277213 767372 618602 409259 472603 761540 234572 628748 765718 369537 697499 716013 141024 316493 93819 551526 850752 673112 619511 340346 265577 594243 804293 620950 954793 900584 258409 218068 510266 574718 201523 485965 1 528999 211879 673497 388249 260823 212867 693764 680551 456339 539397 454882 258626 321392
 199686 548393 383248 385313 643521 459289 734798 802664 184991 466148 516532 358635 461711 393297 413070 479582 513788 614845 276309 619623 200736 514500 696280 397756 549196 529334 404104 616476 419380 237130 298437 452892 426157 471421 202937 213474 668054 660103 622661 99198 324818 187976 268892 220851 413478 97280 504753 96390 440859 458529 715567 583857 278630 267593 657175 389552 528999 1 532409 449582 186939 760207 740440 332390 750314 163179 264724 244932 310993 730595
 538347 630028 864070 261352 119567 898856 206454 526149 715235 487294 369047 522036 180918 301426 726635 686342 71610 233870 643938 294099 333498 807714 487687 653747 65341 608417 746572 197567 308708 767307 308675 469305 640452 183130 729230 743096 294235 138511 251878 515568 823980 709185 523238 311668 432811 619536 660825 607488 905130 804857 195380 52621 617031 473641 148861 333677 211879 532409 1 521906 458199 264363 307478 586931 469373 524407 637735 364367 370298 198199
 623014 119405 522462 264879 631146 497198 697833 427566 579293 47626 198745 739607 603260 221923 269673 177241 455624 733360 719477 362032 381174 315258 309520 186873 483503 96427 849366 440838 213431 566277 551681 58034 150076 343431 606424 603574 797684 571453 749472 352870 523589 604994 190215 397752 732987 532280 140239 433814 530391 346461 701958 564420 714820 182065 667667 190078 673497 449582 521906 1 567874 781488 827404 170399 392957 586705 708163 258181 614397 664285
 81171 680221 564145 412068 550577 645276 640701 847218 309853 570747 573691 179469 333832 438289 589382 637704 465212 473834 191522 632341 203171 691339 755506 561293 495499 658779 311410 595898 466187 388633 158885 553805 581959 465866 312460 332390 518386 596216 477852 263732 501432 287083 415131 201025 227512 217205 652448 281154 624079 641154 614340 503284 170812 395074 553170 448377 388249 186939 458199 567874 1 641456 599858 489031 790094 68977 183560 316055 137639 648604
 712834 884767 1115154 524997 150408 1157139 111992 692316 934020 744039 612389 636608 307711 563756 990732 949261 326148 187586 802679 494482 572974 1071997 690851 918106 298443 863995 878145 383024 568323 997143 483131 726902 904299 438163 943319 960262 187802 235333 194423 761520 1069911 920250 786062 547870 520755 836313 921381 845148 1159924 1068644 86818 217527 770926 736756 115504 595903 260823 760207 264363 781488 641456 1 115150 851048 644465 710359 799589 624329 517647 162464
 664053 937196 1110677 563602 220021 1162774 218639 787024 904103 794194 674704 565731 279116 605651 1014335 987001 377707 126494 743859 575472 568691 1101732 773870 946943 358152 915429 806378 464877 615107 974067 447438 775969 938453 490518 910166 928804 91150 324210 122334 756741 1060101 885631 805778 542329 446372 807104 965063 831032 1159962 1089681 184877 273537 710901 758130 177515 637746 212867 740440 307478 827404 599858 115150 1 875963 736131 667316 742232 640403 466876 267950
 526531 230137 354304 331281 704935 341695 783460 596275 427949 211403 342592 668337 619537 300309 139705 148945 531543 766514 608530 500342 343766 227592 478318 75958 565056 215716 735186 557639 307763 403493 520934 210893 94038 431481 455844 449716 829777 667731 780414 234260 353191 458665 77750 367763 688852 398219 173571 289802 368066 218559 779924 636209 610605 119051 735619 271599 693764 332390 586931 170399 489031 851048 875963 1 558608 489133 596933 238882 570118 758092
 865816 415587 912911 378791 517377 889739 534061 58925 917495 348037 235701 921214 637420 359472 660051 548324 405994 697157 976186 177421 590445 687004 92157 578666 404289 407491 1101115 276043 332243 926274 694117 347797 538182 338454 941707 944907 751625 412263 715222 673181 907583 932927 551887 589188 863330 846349 493531 772281 923264 733369 558562 477651 959918 518233 559621 360771 680551 750314 469373 392957 790094 644465 736131 558608 1 836554 966489 505672 766901 484943
 37401 694119 520086 457862 618833 607982 709181 892688 249792 594923 613579 199766 402778 479660 576179 637781 527929 541591 139995 684486 246167 677670 796306 557689 559254 673618 268230 654801 507559 332744 227847 579151 583142 520388 249297 270245 584723 661907 545118 255696 454609 223186 419768 250106 275677 163731 658445 247487 582081 620873 683103 570398 128889 407605 621967 485935 456339 163179 524407 586705 68977 710359 667316 489133 836554 1 130001 346013 201963 716290
 102806 811449 559659 587745 723225 659463 811383 1022678 262901 719393 743297 195483 497267 609603 667452 743336 648196 620477 11601 813175 376051 766576 926053 660546 677832 791782 141259 779418 637489 350995 330618 704285 690498 647933 248544 271316 654456 776208 620761 363726 490350 223251 532941 379035 308524 216254 769477 325178 624275 701499 782434 680625 36298 526850 721231 615431 539397 264724 637735 708163 183560 799589 742232 596933 966489 130001 1 474229 282432 823492
 379929 375708 504464 147618 483928 534496 568840 558716 419174 255613 273401 482840 380665 148817 374854 369110 320715 528367 484875 378430 123016 466474 455201 313229 356753 353173 614131 391267 174495 444457 296876 238179 314738 246057 441415 447459 591320 467273 541964 178777 471323 430155 165646 140927 476024 341621 365944 281102 542114 449308 559742 416194 474549 119843 510142 145273 454882 244932 364367 258181 316055 624329 640403 238882 505672 346013 474229 1 356884 551279
 197284 732527 693904 405810 444294 768757 530741 825641 447491 606677 574126 156463 215456 441996 686329 714447 396008 342165 286184 596419 234344 787076 748078 645549 419965 709918 377446 537872 468114 525530 72825 588013 658405 429113 449756 469908 383019 507495 344543 367739 633511 424125 492651 216667 119631 354188 719266 407376 751843 746209 500805 407714 255583 461212 439762 460905 258626 310993 370298 614397 137639 517647 466876 570118 766901 201963 282432 356884 1 545929
 727092 758209 1055186 427022 102530 1083124 50497 531217 913350 622682 480243 687455 333380 459097 896513 838540 230703 283400 828718 345063 531328 968981 536854 818745 195076 738860 922417 236474 457010 965186 493090 607248 798680 327524 927084 941158 314532 92847 298011 710913 1017981 906740 701606 509812 583005 817442 804153 804624 1093215 976337 83570 147526 799856 651740 122083 489743 321392 730595 198199 664285 648604 162464 267950 758092 484943 716290 823492 551279 545929 1
LAMBDA_SECTION
1 41
2 896
3 241
4 114
5 472
6 867
7 901
8 309
9 663
10 823
11 436
12 844
13 10
14 906
15 723
16 797
17 800
18 941
19 129
20 648
21 40
22 455
23 381
24 294
25 81
26 915
27 87
28 77
29 535
30 560
31 116
32 459
33 782
34 9
35 753
36 272
37 221
38 471
39 633
40 168
41 187
42 958
43 716
44 708
45 385
46 889
47 624
48 721
49 218
50 854
51 468
52 827
53 118
54 802
55 854
56 354
57 146
58 695
59 941
60 967
61 304
62 380
63 16
64 299
65 558
66 123
67 647
68 965
69 751
70 644
