NAME : domp70p23v10
COMMENT : Cherkesly, Contardo & Gruson 2022
TYPE : DOMP
DIMENSION : 70
DISPLAY_DATA_TYPE : NO_DISPLAY
OPEN_FACILITIES : 23
COST_SECTION
 1 635339 513378 192110 542369 624385 640186 778845 277749 182920 422462 769129 76204 332169 793692 113871 207565 432558 422844 598977 850024 546650 515547 678380 722755 248416 554828 761898 186127 837658 756935 208924 629262 470404 880579 862140 347193 537575 455034 622478 402038 394841 90340 421962 614931 212234 486293 463281 280996 299236 81122 614222 553882 770205 135380 292921 594330 315178 709695 438389 548653 800541 164516 875252 443684 798631 726716 537526 275772 573549
 635339 1 141126 582792 97929 430205 4848 336055 453398 678244 438849 376641 618379 482032 526299 659342 513773 819034 621422 55089 258906 334227 666416 636299 702907 504893 93926 201561 612947 247437 317867 742084 251064 764076 601318 227998 334426 896811 565639 215861 255088 767721 621073 499435 24361 522121 820873 357127 519048 375248 715116 179802 266048 310099 627715 606990 608734 322300 293154 481580 302603 392732 560027 315120 459850 164423 92035 536719 402198 527109
 513378 141126 1 444143 47781 338405 145445 438800 377061 581868 408332 350908 488198 341404 469037 525975 423271 678474 484584 136274 340066 354031 535721 531592 598608 364611 47356 330588 474493 327620 417614 643907 194269 626157 553995 354192 263056 757941 432861 284330 117126 627029 489484 364693 130394 383319 682048 228274 447536 291341 594332 250493 167431 310172 492392 465867 491900 198904 382059 454137 325988 375845 423528 449035 327968 291987 223341 415891 264407 413257
 192110 582792 444143 1 484870 458818 587403 803908 374797 370016 518056 625011 117187 159630 623442 112304 330901 290349 231214 561075 754171 602059 324298 488714 531172 86806 491023 747778 30501 742370 781036 401000 505126 298101 706955 796126 386110 392815 264605 636265 327804 242167 105015 239924 567428 60836 328211 317290 409965 348891 248173 617569 427678 641978 70755 103298 403958 277898 735110 547465 593850 656506 40682 867336 269794 735097 667459 351781 180695 390154
 542369 97929 47781 484870 1 377568 102563 393027 382827 597906 396328 370047 522241 387743 499277 562271 435817 724704 532219 88540 322963 325113 583390 574849 641913 407364 20242 282858 515019 310630 372160 660972 219724 673584 581811 320091 264929 805091 480616 242630 157237 673129 524488 412473 84120 424213 729229 275486 451860 299476 622789 207686 206185 320011 530157 510934 537612 227540 338015 441555 295560 392502 462239 401498 375642 256808 185748 462201 304270 458215
 624385 430205 338405 458818 377568 1 431945 763847 631596 765809 712541 194472 562694 299417 170262 570901 644299 542514 324432 456610 425027 688386 312807 209607 274783 380226 363208 629332 483191 417337 744326 815871 185686 451699 259392 534926 546382 581314 250113 620177 330268 502356 554843 228195 435577 416366 512420 171929 699129 551278 696547 584981 171468 250598 529205 403045 206503 409257 713626 757479 661905 222216 468454 734553 190126 495830 461207 163712 365193 129912
 640186 4848 145445 587403 102563 431945 1 335116 457897 682928 442525 376156 623186 486172 526639 664110 518427 823145 625149 58548 255182 336767 669720 638357 704912 509388 98181 199068 617569 243774 317134 746779 252134 767876 601222 223180 338953 900694 569098 217070 259669 771859 625864 503040 28592 526720 824756 360489 523440 379890 719963 181157 268442 308937 632442 611284 611343 327128 293062 485138 305123 391906 564718 311995 463297 159612 87222 539556 406827 529634
 778845 336055 438800 803908 393027 763847 335116 1 513418 738863 401401 704248 793970 752626 860444 844939 590095 1078819 908755 308100 511201 244705 969526 966392 1033400 745683 403854 161944 830419 504684 22901 799207 587110 1044269 931888 388193 433273 1169659 865380 168728 515628 1026948 802228 795559 328388 749355 1095243 666244 548173 480224 845792 194022 595142 629772 825601 860164 930563 528641 69543 419791 233588 715791 770105 163804 762890 362003 340856 854674 636736 851202
 277749 453398 377061 374797 382827 631596 457897 513418 1 234766 147442 712836 314902 421300 794749 368198 76686 663589 570871 403806 704638 273102 659121 761930 821001 362615 401409 525939 390974 692431 492600 298541 554187 669020 884837 675708 119127 767204 567307 371114 310847 616660 327115 507024 429423 343584 702821 461998 70987 86395 335837 372530 496174 684137 363854 466914 690102 222451 446004 172769 279870 741049 334188 629032 503013 613689 542741 615444 291747 637892
 182920 678244 581868 370016 597906 765809 682928 738863 234766 1 342285 886403 258207 491789 935907 295030 165072 611631 600937 631787 920157 494338 694174 846008 894591 410543 614548 760637 367727 907750 719158 64188 734474 653265 1025166 904265 347520 715792 626061 604614 488877 576198 272745 584383 654977 376854 667653 595956 190805 303440 177458 607210 665205 872870 318137 472802 763914 391937 673630 339316 506744 916824 336843 862212 598543 841368 769441 701105 400922 733814
 422462 438849 408332 518056 396328 712541 442525 401401 147442 342285 1 759093 462335 544746 865119 515614 215335 808082 700993 384033 697704 158399 785470 866623 929100 496264 416555 452178 535968 686282 383162 400171 601126 807921 953409 639702 168226 910848 688394 290757 382359 760203 474547 623480 414805 481666 844691 552328 153361 180656 474125 305802 557604 715697 510852 605739 801361 316854 339860 45893 178400 784157 477779 538468 611790 582534 517596 723887 410506 740644
 769129 376641 350908 625011 370047 194472 376156 704248 712836 886403 759093 1 716865 467646 168120 734141 744072 736492 517441 421588 263874 693899 506161 368863 423220 540366 350404 550182 652273 259855 688411 942747 159260 646146 228124 396314 607256 775173 443134 591260 404031 695327 711467 412409 392115 574410 706814 309193 783682 626815 846619 554816 221317 82525 692951 584589 391824 499459 668312 804938 663570 31584 626634 635812 369339 375376 367304 357991 494573 322130
 76204 618379 488198 117187 522241 562694 623186 793970 314902 258207 462335 716865 1 265512 730474 53378 254281 364660 347023 587362 817592 571749 439550 605468 648356 182669 532419 761338 109939 805387 771520 284748 584170 396279 815986 841666 361362 470033 381524 631719 372456 324087 14833 352502 599723 146368 415168 408091 332565 316198 134397 619194 507284 724388 60420 216836 520917 296554 724429 484104 569636 748433 94886 877917 377662 778748 707987 466691 232874 503918
 332169 482032 341404 159630 387743 299417 486172 752626 421300 491789 544746 467646 265512 1 465469 271512 404602 337071 160901 473350 617215 587653 240793 355366 407943 83754 388187 667932 185280 605984 729974 534106 358051 291648 550502 676900 384827 419334 146082 584853 238903 285690 256643 92759 471618 120043 343956 164782 475867 364095 399907 558956 282233 490166 229813 129821 275862 239857 687321 582920 571576 498993 170637 787728 112151 619340 557264 209378 134536 242644
 793692 526299 469037 623442 499277 170262 526639 860444 794749 935907 865119 168120 730474 465469 1 735738 811661 665525 460060 564948 430124 822722 420081 239392 279390 547811 481492 710863 646173 426889 843292 986132 280410 565805 90249 564379 702538 683312 389475 734978 486932 632562 722028 386015 538220 584164 623193 340719 863519 712186 864699 698576 307839 250645 694171 558205 291748 572586 819316 910726 794027 173141 635793 801330 353776 542581 529552 291859 535101 249590
 113871 659342 525975 112304 562271 570901 664110 844939 368198 295030 515614 734141 53378 271512 735738 1 306533 318720 327458 630754 849488 624509 417649 594741 633179 193812 571277 808201 91968 837424 822404 312693 608395 359351 819066 880157 413093 423812 371047 681636 409119 281318 42834 351631 641552 160123 372796 425193 384237 368527 144234 668050 530943 747206 41700 197217 509385 339651 775404 536945 621894 765703 108925 925590 382092 817718 747759 461642 264484 500858
 207565 513773 423271 330901 435817 644299 518427 590095 76686 165072 215335 744072 254281 404602 811661 306533 1 613508 543365 466809 758737 349439 634616 755795 811514 335502 453157 599059 342453 746383 569245 229231 587843 628892 901872 739325 182572 718379 549567 446217 340437 568946 267711 494999 490349 310433 657660 472428 79453 138578 260570 445943 523634 722870 308319 429407 679475 244678 522603 231392 356554 773493 290566 704069 497958 676523 604712 608324 286095 634993
 432558 819034 678474 290349 724704 542514 823145 1078819 663589 611631 808082 736492 364660 337071 665525 318720 613508 1 220170 809664 933866 889158 246807 448721 454323 333492 725231 1003619 272641 923574 1055949 620647 668268 103942 727307 1007829 673921 105374 293876 910092 573132 52004 350080 338618 808650 334710 68203 481038 692911 638591 443857 887316 599657 782172 306393 218688 376244 551085 1011411 836333 878895 764721 330358 1123667 384324 952393 892599 381389 442099 421384
 422844 621422 484584 231214 532219 324432 625149 908755 570871 600937 700993 517441 347023 160901 460060 327458 543365 220170 1 620120 716018 748553 93314 274511 306648 208765 529367 815020 238581 706017 886286 631721 450495 143657 531148 796537 544276 278237 74352 742075 393129 177960 333704 123906 614249 233415 203011 269579 619163 520721 471439 714736 384948 562008 291837 130795 189924 400699 844614 737419 732360 546199 264771 933598 168138 743628 687884 168570 293719 210613
 598977 55089 136274 561075 88540 456610 58548 308100 403806 631787 384033 421588 587362 473350 564948 630754 466809 809664 620120 1 313678 280709 671925 658298 725302 487235 96301 195028 590723 302305 288032 695856 285541 760962 643050 272530 285520 891829 569135 170375 237558 757892 591155 500873 32053 501090 816058 363781 468060 328355 677682 133875 287091 359077 601277 594127 624196 291170 257451 426591 249199 439661 535393 314441 464179 209989 139040 549529 380873 544014
 850024 258906 340066 754171 322963 425027 255182 511201 704638 920157 697704 263874 817592 617215 430124 849488 758737 933866 716018 313678 1 584876 728988 623918 682436 668181 305699 349334 784388 12446 501152 982820 265642 856460 474475 142226 585832 990602 645827 450796 448007 886725 816804 595259 283074 694989 917312 456162 772578 622263 931145 419008 336375 183550 812212 746514 631496 538110 496162 740168 553349 257621 742013 404214 549544 149218 188167 580055 585521 552760
 546650 334227 354031 602059 325113 688386 336767 244705 273102 494338 158399 693899 571749 587653 822722 624509 349439 889158 748553 280709 584876 1 823462 867960 933746 559468 344145 301183 625202 574501 225604 554504 544567 871707 906517 506424 215977 987153 720610 143640 375963 838576 581798 651279 312686 554479 916072 549070 303565 256636 608654 168425 519973 637305 611155 674801 814254 347993 181566 183964 31674 714769 564428 380768 628995 454643 397541 735389 457038 743449
 515547 666416 535721 324298 583390 312807 669720 969526 659121 694174 785470 506161 439550 240793 420081 417649 634616 246807 93314 671925 728988 823462 1 204777 223773 299167 577724 864978 330429 720021 947459 724294 468120 145725 480524 822891 625078 269188 104363 805543 456918 220042 426020 174547 662234 325658 203858 309368 709554 604815 561880 776109 412746 562073 383386 222762 129459 477986 907643 823249 805319 532184 358082 981357 207754 774320 724452 149949 375292 184097
 678380 636299 531592 488714 574849 209607 638357 966392 761930 846008 866623 368863 605468 355366 239392 594741 755795 448721 274511 658298 623918 867960 204777 1 67065 435465 562739 836841 503114 617513 946133 885223 395270 345180 283437 741465 698598 451196 224171 815912 493661 424755 593713 262710 639715 469601 397732 319324 822682 691730 736347 781938 371483 441991 556080 398842 85479 550156 912862 909207 844150 387509 513983 943664 259023 704633 670755 147472 471528 126080
 722755 702907 598608 531172 641913 274783 704912 1033400 821001 894591 929100 423220 648356 407943 279390 633179 811514 454323 306648 725302 682436 933746 223773 67065 1 485076 629784 903205 542736 676569 1013167 931028 460360 350722 305609 803210 761392 441082 268572 882917 558784 437557 635887 316527 706561 517830 396827 384738 880222 752835 776518 848980 438408 499363 596108 435965 132116 612282 979925 971203 910226 439183 559408 1009321 318506 768049 735870 205845 529537 190487
 248416 504893 364611 86806 407364 380226 509388 745683 362615 410543 496264 540366 182669 83754 547811 193812 335502 333492 208765 487235 668181 559468 299167 435465 485076 1 411884 677829 116497 656451 722796 451184 418343 313835 633545 713795 347075 428261 217547 576989 250443 281847 174626 174681 490973 36427 356607 231649 410558 317832 316919 555141 340882 555493 152597 115716 353733 217594 678040 530975 547374 571921 88237 797936 195553 653525 587193 291226 109300 325817
 554828 93926 47356 491023 20242 363208 98181 403854 401409 614548 416555 350404 532419 388187 481492 571277 453157 725231 529367 96301 305699 344145 577724 562739 629784 411884 1 287269 521327 293317 383420 677385 201427 671511 563391 309251 283932 803784 475694 257418 163441 673870 534176 408370 84934 430224 727859 268725 470730 317522 635506 221895 192361 299792 538295 513107 527900 239651 350784 461793 314342 372601 469760 404581 370217 246487 176824 453381 310933 447753
 761898 201561 330588 747778 282858 629332 199068 161944 525939 760637 452178 550182 761338 667932 710863 808201 599059 1003619 815020 195028 349334 301183 864978 836841 903205 677829 287269 1 776693 342744 152299 824178 446283 955990 778303 230984 420678 1086734 762887 161482 430551 951745 766940 695173 202872 688920 1010998 555814 577341 468846 836639 153431 467508 473157 782141 787030 810277 471464 155512 483782 275318 559531 719191 120178 657479 200200 183125 737909 569680 728666
 186127 612947 474493 30501 515019 483191 617569 830419 390974 367727 535968 652273 109939 185280 646173 91968 342453 272641 238581 590723 784388 625202 330429 503114 542736 116497 521327 776693 1 772609 807573 394192 534432 290292 728586 826607 409289 376697 279220 663195 358037 226644 95918 260863 597421 91263 315321 345497 421883 370425 233811 645172 457054 670728 53393 107812 417846 306057 761436 563701 617965 683711 60875 896095 293362 765545 697824 369777 210763 409209
 837658 247437 327620 742370 310630 417337 243774 504684 692431 907750 686282 259855 805387 605984 426889 837424 746383 923574 706017 302305 12446 574501 720021 617513 676569 656451 293317 342744 772609 1 494209 970400 255530 846747 473360 141399 573661 981001 636106 441185 435651 876267 804645 584957 271546 683114 907550 445321 760444 609970 918780 409080 325523 178636 800221 735372 623698 525677 488272 728870 542939 255042 730022 400859 539280 143131 178473 571337 573391 544571
 756935 317867 417614 781036 372160 744326 317134 22901 492600 719158 383162 688411 771520 729974 843292 822404 569245 1055949 886286 288032 501152 225604 947459 946133 1013167 722796 383420 152299 807573 494209 1 779839 568729 1021608 915701 381740 411026 1146871 843271 145862 493173 1004081 779709 773399 309257 726457 1072488 644728 528626 458128 824296 171623 575113 614876 802906 837298 909492 505741 47249 403086 213027 700657 747277 171038 740992 352247 327198 833394 613861 830372
 208924 742084 643907 401000 660972 815871 746779 799207 298541 64188 400171 942747 284748 534106 986132 312693 229231 620647 631721 695856 982820 554504 724294 885223 931028 451184 677385 824178 394192 970400 779839 1 792571 671422 1074784 968303 411706 722808 662806 667535 548413 589421 298345 625865 718883 416061 680214 647765 251321 367502 176839 670752 721985 931747 342004 501556 801805 451814 734683 393320 568040 973431 371700 924863 643358 905357 833379 742344 452809 776746
 629262 251064 194269 505126 219724 185686 252134 587110 554187 734474 601126 159260 584170 358051 280410 608395 587843 668268 450495 285541 265642 544567 468120 395270 460360 418343 201427 446283 534432 255530 568729 792571 1 591565 362088 356246 448001 726037 380990 454993 247458 621378 580737 329702 260284 449048 652261 193794 625113 468008 708861 418687 77522 140953 568670 485512 382970 344066 541887 647013 515236 186871 499471 549263 283952 312490 275529 322103 353779 300913
 470404 764076 626157 298101 673584 451699 767876 1044269 669020 653265 807921 646146 396279 291648 565805 359351 628892 103942 143657 760962 856460 871707 145725 345180 350722 313835 671511 955990 290292 846747 1021608 671422 591565 1 625080 939836 660796 134831 210642 876390 529925 93628 381497 267539 756248 326315 61091 413220 707768 631168 497651 850592 527868 697034 335870 202305 274804 525170 978805 840504 858020 673288 338327 1075068 311335 887228 831473 288268 415108 326216
 880579 601318 553995 706955 581811 259392 601222 931888 884837 1025166 953409 228124 815986 550502 90249 819066 901872 727307 531148 643050 474475 906517 480524 283437 305609 633545 563391 778303 728586 473360 915701 1074784 362088 625080 1 614222 791715 734632 463763 813425 576513 698262 807077 467726 615015 669965 679788 430600 953697 802061 950365 776921 395806 307068 777692 636843 351203 662752 894214 999109 877306 221533 721131 862098 438377 600056 595378 365924 624576 323912
 862140 227998 354192 796126 320091 534926 223180 388193 675708 904265 639702 396314 841666 676900 564379 880157 739325 1007829 796537 272530 142226 506424 822891 741465 803210 713795 309251 230984 826607 141399 381740 968303 356246 939836 614222 1 557900 1074643 731169 363816 471206 958250 843378 672816 250180 735368 999543 527648 738460 600827 942291 338635 412246 313842 846427 806161 738099 547617 385779 678172 476380 394482 777262 265412 628510 63619 135970 678257 617908 656572
 347193 334426 263056 386110 264929 546382 338953 433273 119127 347520 168226 607256 361362 384827 702538 413093 182572 673921 544276 285520 585832 215977 625078 698598 761392 347075 283932 420678 409289 573661 411026 411706 448001 660796 791715 557900 1 772950 525512 275428 216386 623674 370264 458933 310533 339589 702913 384275 186993 48464 418260 269360 397023 572760 396941 461414 634423 149862 363810 211947 209610 634238 348484 530309 444903 495507 424209 556561 250623 572572
 537575 896811 757941 392815 805091 581314 900694 1169659 767204 715792 910848 775173 470033 419334 683312 423812 718379 105374 278237 891829 990602 987153 269188 451196 441082 428261 803784 1086734 376697 981001 1146871 722808 726037 134831 734632 1074643 772950 1 345053 1001149 658183 150649 455454 402133 888272 433446 75938 547781 797814 739243 546011 976767 662698 828974 411694 312578 392375 644857 1103155 939968 975604 801362 433224 1206241 446133 1021855 965566 417677 534808 453254
 455034 565639 432861 264605 480616 250113 569098 865380 567307 626061 688394 443134 381524 146082 389475 371047 549567 293876 74352 569135 645827 720610 104363 224171 268572 217547 475694 762887 279220 636106 843271 662806 380990 210642 463763 731169 525512 345053 1 701196 352590 252312 369619 70205 560474 249464 271500 208945 621718 508038 512193 671859 318948 488763 332021 177122 139395 376998 803324 727499 701926 471849 291106 880029 105811 680103 627216 97975 278195 140250
 622478 215861 284330 636265 242630 620177 217070 168728 371114 604614 290757 591260 631719 584853 734978 681636 446217 910092 742075 170375 450796 143640 805543 815912 882917 576989 257418 161482 663195 441185 145862 667535 454993 876390 813425 363816 275428 1001149 701196 1 349418 858221 639185 631090 199146 581104 926878 507008 418430 323721 693393 36509 448814 525955 660427 691437 773976 360135 102544 323346 115342 608309 603188 257924 600406 314325 262713 696682 468011 696695
 402038 255088 117126 327804 157237 330268 259669 515628 310847 488877 382359 404031 372456 238903 486932 409119 340437 573132 393129 237558 448007 375963 456918 493661 558784 250443 163441 430551 358037 435651 493173 548413 247458 529925 576513 471206 216386 658183 352590 349418 1 521228 373189 282386 240559 267074 582857 174410 381165 226239 483155 321608 185372 384158 375276 356691 438314 97036 451870 427217 354122 433183 306431 550666 254965 409109 340214 359464 147497 368298
 394841 767721 627029 242167 673129 502356 771859 1026948 616660 576198 760203 695327 324087 285690 632562 281318 568946 52004 177960 757892 886725 838576 220042 424755 437557 281847 673870 951745 226644 876267 1004081 589421 621378 93628 698262 958250 623674 150649 252312 858221 521228 1 309313 291851 757121 284145 91478 432394 648397 589130 413569 835352 551555 738193 264503 166785 347633 499426 959610 789412 827924 724153 282595 1071812 337652 902333 841957 344051 390265 385190
 90340 621073 489484 105015 524488 554843 625864 802228 327115 272745 474547 711467 14833 256643 722028 42834 267711 350080 333704 591155 816804 581798 426020 593713 635887 174626 534176 766940 95918 804645 779709 298345 580737 381497 807077 843378 370264 455454 369619 639185 373189 309313 1 342355 602796 138676 400367 402383 346253 325723 144068 625952 503615 720601 45628 203258 508971 300021 732689 496978 579072 743048 86391 883989 368708 780641 710196 455871 231383 493524
 421962 499435 364693 239924 412473 228195 503040 795559 507024 584383 623480 412409 352502 92759 386015 351631 494999 338618 123906 500873 595259 651279 174547 262710 316527 174681 408370 695173 260863 584957 773399 625865 329702 267539 467726 672816 458933 402133 70205 631090 282386 291851 342355 1 493290 210126 326786 145682 564405 443858 486415 601918 261817 448349 310481 174852 184480 309587 733270 663543 632229 442712 258181 812950 45801 619725 564254 116727 215525 151611
 614931 24361 130394 567428 84120 435577 28592 328388 429423 654977 414805 392115 599723 471618 538220 641552 490349 808650 614249 32053 283074 312686 662234 639715 706561 490973 84934 202872 597421 271546 309257 718883 260284 756248 615015 250180 310533 888272 560474 199146 240559 757121 602796 493290 1 506950 812366 352977 494864 351781 694404 162712 268329 328118 610665 595051 609018 303237 281638 457697 281150 409453 543571 319665 454900 186792 114552 535697 386737 527984
 212234 522121 383319 60836 424213 416366 526720 749355 343584 376854 481666 574410 146368 120043 584164 160123 310433 334710 233415 501090 694989 554479 325658 469601 517830 36427 430224 688920 91263 683114 726457 416061 449048 326315 669965 735368 339589 433446 249464 581104 267074 284145 138676 210126 506950 1 364373 265274 387251 306368 280541 561154 371530 587321 119701 124074 387077 221224 680978 514349 544333 605988 52479 808702 231961 674282 606629 326348 120293 361554
 486293 820873 682048 328211 729229 512420 824756 1095243 702821 667653 844691 706814 415168 343956 623193 372796 657660 68203 203011 816058 917312 916072 203858 397732 396827 356607 727859 1010998 315321 907550 1072488 680214 652261 61091 679788 999543 702913 75938 271500 926878 582857 91478 400367 326786 812366 364373 1 472336 737044 670740 503975 902077 587882 758106 355318 241506 331504 571965 1029039 875318 903727 733769 368890 1130446 371122 946408 889795 348837 461743 386228
 463281 357127 228274 317290 275486 171929 360489 666244 461998 595956 552328 309193 408091 164782 340719 425193 472428 481038 269579 363781 456162 549070 309368 319324 384738 231649 268725 555814 345497 445321 644728 647765 193794 413220 430600 527648 384275 547781 208945 507008 174410 432394 402383 145682 352977 265274 472336 1 528523 384041 539151 475151 119798 325811 384191 291732 267726 240841 607381 596195 525938 340776 317447 671992 103252 474082 418910 189782 195131 194381
 280996 519048 447536 409965 451860 699129 523440 548173 70987 190805 153361 783682 332565 475867 863519 384237 79453 692911 619163 468060 772578 303565 709554 822682 880222 410558 470730 577341 421883 760444 528626 251321 625113 707768 953697 738460 186993 797814 621718 418430 381165 648397 346253 564405 494864 387251 737044 528523 1 157373 324377 424497 566536 755059 387455 507617 748583 290951 483369 159411 316743 811966 369514 674724 563762 677194 607067 675508 351155 699899
 299236 375248 291341 348891 299476 551278 379890 480224 86395 303440 180656 626815 316198 364095 712186 368527 138578 638591 520721 328355 622263 256636 604815 691730 752835 317832 317522 468846 370425 609970 458128 367502 468008 631168 802061 600827 48464 739243 508038 323721 226239 589130 325723 443858 351781 306368 670740 384041 157373 1 369824 317789 411165 597771 354538 429876 623656 143290 410881 219688 253438 654878 310060 578769 434475 537968 466135 547059 229950 566350
 81122 715116 594332 248173 622789 696547 719963 845792 335837 177458 474125 846619 134397 399907 864699 144234 260570 443857 471439 677682 931145 608654 561880 736347 776518 316919 635506 836639 233811 918780 824296 176839 708861 497651 950365 942291 418260 546011 512193 693393 483155 413569 144068 486415 694404 280541 503975 539151 324377 369824 1 687187 633027 849738 180498 340867 651268 395905 777191 483745 613411 878112 229282 948345 512058 878734 806692 599763 355086 637578
 614222 179802 250493 617569 207686 584981 181157 194022 372530 607210 305802 554816 619194 558956 698576 668050 445943 887316 714736 133875 419008 168425 776109 781938 848980 555141 221895 153431 645172 409080 171623 670752 418687 850592 776921 338635 269360 976767 671859 36509 321608 835352 625952 601918 162712 561154 902077 475151 424497 317789 687187 1 413769 489877 645055 668669 741445 339976 132234 341549 137875 572002 585767 261178 570057 286223 230899 664545 445862 663542
 553882 266048 167431 427678 206185 171468 268442 595142 496174 665205 557604 221317 507284 282233 307839 530943 523634 599657 384948 287091 336375 519973 412746 371483 438408 340882 192361 467508 457054 325523 575113 721985 77522 527868 395806 412246 397023 662698 318948 448814 185372 551555 503615 261817 268329 371530 587882 119798 566536 411165 633027 413769 1 217117 491163 410740 343442 278993 543139 603309 492641 251620 422024 578341 216825 361749 312915 274010 278114 261398
 770205 310099 310172 641978 320011 250598 308937 629772 684137 872870 715697 82525 724388 490166 250645 747206 722870 782172 562008 359077 183550 637305 562073 441991 499363 555493 299792 473157 670728 178636 614876 931747 140953 697034 307068 313842 572760 828974 488763 525955 384158 738193 720601 448349 328118 587321 758106 325811 755059 597771 849738 489877 217117 1 707013 614080 455770 481193 597477 761155 606266 86395 638380 555109 403157 293663 290069 412150 494654 380460
 135380 627715 492392 70755 530157 529205 632442 825601 363854 318137 510852 692951 60420 229813 694171 41700 308319 306393 291837 601277 812212 611155 383386 556080 596108 152597 538295 782141 53393 800221 802906 342004 568670 335870 777692 846427 396941 411694 332021 660427 375276 264503 45628 310481 610665 119701 355318 384191 387455 354538 180498 645055 491163 707013 1 161043 470899 311247 756184 535334 606540 724501 70199 900437 340474 784378 715077 421360 228895 460218
 292921 606990 465867 103298 510934 403045 611284 860164 466914 472802 605739 584589 216836 129821 558205 197217 429407 218688 130795 594127 746514 674801 222762 398842 435965 115716 513107 787030 107812 735372 837298 501556 485512 202305 636843 806161 461414 312578 177122 691437 356691 166785 203258 174852 595051 124074 241506 291732 507617 429876 340867 668669 410740 614080 161043 1 313365 332953 792863 638210 663026 615354 140752 907196 215495 748061 684840 272301 223513 313512
 594330 608734 491900 403958 537612 206503 611343 930563 690102 763914 801361 391824 520917 275862 291748 509385 679475 376244 189924 624196 631496 814254 129459 85479 132116 353733 527900 810277 417846 623698 909492 801805 382970 274804 351203 738099 634423 392375 139395 773976 438314 347633 508971 184480 609018 387077 331504 267726 748583 623656 651268 741445 343442 455770 470899 313365 1 484698 873519 842768 792214 415362 430191 921777 189580 695390 653852 78877 398389 82504
 315178 322300 198904 277898 227540 409257 327128 528641 222451 391937 316854 499459 296554 239857 572586 339651 244678 551085 400699 291170 538110 347993 477986 550156 612282 217594 239651 471464 306057 525677 505741 451814 344066 525170 662752 547617 149862 644857 376998 360135 97036 499426 300021 309587 303237 221224 571965 240841 290951 143290 395905 339976 278993 481193 311247 332953 484698 1 460668 359060 332982 529022 247802 590428 295132 484265 412775 407050 110250 424365
 709695 293154 382059 735110 338015 713626 293062 69543 446004 673630 339860 668312 724429 687321 819316 775404 522603 1011411 844614 257451 496162 181566 907643 912862 979925 678040 350784 155512 761436 488272 47249 734683 541887 978805 894214 385779 363810 1103155 803324 102544 451870 959610 732689 733270 281638 680978 1029039 607381 483369 410881 777191 132234 543139 597477 756184 792863 873519 460668 1 362116 166961 682368 701035 203669 702016 349287 315064 796733 569352 795308
 438389 481580 454137 547465 441555 757479 485138 419791 172769 339316 45893 804938 484104 582920 910726 536945 231392 836333 737419 426591 740168 183964 823249 909207 971203 530975 461793 483782 563701 728870 403086 393320 647013 840504 999109 678172 211947 939968 727499 323346 427217 789412 496978 663543 457697 514349 875318 596195 159411 219688 483745 341549 603309 761155 535334 638210 842768 359060 362116 1 208472 829939 506890 563953 653315 622116 558467 765684 449306 783358
 548653 302603 325988 593850 295560 661905 305123 233588 279870 506744 178400 663570 569636 571576 794027 621894 356554 878895 732360 249199 553349 31674 805319 844150 910226 547374 314342 275318 617965 542939 213027 568040 515236 858020 877306 476380 209610 975604 701926 115342 354122 827924 579072 632229 281150 544333 903727 525938 316743 253438 613411 137875 492641 606266 606540 663026 792214 332982 166961 208472 1 684142 557091 360673 608394 423904 366159 713425 442913 720216
 800541 392732 375845 656506 392502 222216 391906 715791 741049 916824 784157 31584 748433 498993 173141 765703 773493 764721 546199 439661 257621 714769 532184 387509 439183 571921 372601 559531 683711 255042 700657 973431 186871 673288 221533 394482 634238 801362 471849 608309 433183 724153 743048 442712 409453 605988 733769 340776 811966 654878 878112 572002 251620 86395 724501 615354 415362 529022 682368 829939 684142 1 658216 640687 399971 378523 376426 385024 525829 348113
 164516 560027 423528 40682 462239 468454 564718 770105 334188 336843 477779 626634 94886 170637 635793 108925 290566 330358 264771 535393 742013 564428 358082 513983 559408 88237 469760 719191 60875 730022 747277 371700 499471 338327 721131 777262 348484 433224 291106 603188 306431 282595 86391 258181 543571 52479 368890 317447 369514 310060 229282 585767 422024 638380 70199 140752 430191 247802 701035 506890 557091 658216 1 838229 282785 715449 646582 373194 159371 409758
 875252 315120 449035 867336 401498 734553 311995 163804 629032 862212 538468 635812 877917 787728 801330 925590 704069 1123667 933598 314441 404214 380768 981357 943664 1009321 797936 404581 120178 896095 400859 171038 924863 549263 1075068 862098 265412 530309 1206241 880029 257924 550666 1071812 883989 812950 319665 808702 1130446 671992 674724 578769 948345 261178 578341 555109 900437 907196 921777 590428 203669 563953 360673 640687 838229 1 774358 262830 274855 851119 689663 839621
 443684 459850 327968 269794 375642 190126 463297 762890 503013 598543 611790 369339 377662 112151 353776 382092 497958 384324 168138 464179 549544 628995 207754 259023 318506 195553 370217 657479 293362 539280 740992 643358 283952 311335 438377 628510 444903 446133 105811 600406 254965 337652 368708 45801 454900 231961 371122 103252 563762 434475 512058 570057 216825 403157 340474 215495 189580 295132 702016 653315 608394 399971 282785 774358 1 576153 522003 112662 212665 137196
 798631 164423 291987 735097 256808 495830 159612 362003 613689 841368 582534 375376 778748 619340 542581 817718 676523 952393 743628 209989 149218 454643 774320 704633 768049 653525 246487 200200 765545 143131 352247 905357 312490 887228 600056 63619 495507 1021855 680103 314325 409109 902333 780641 619725 186792 674282 946408 474082 677194 537968 878734 286223 361749 293663 784378 748061 695390 484265 349287 622116 423904 378523 715449 262830 576153 1 72390 632263 556190 613182
 726716 92035 223341 667459 185748 461207 87222 340856 542741 769441 517596 367304 707987 557264 529552 747759 604712 892599 687884 139040 188167 397541 724452 670755 735870 587193 176824 183125 697824 178473 327198 833379 275529 831473 595378 135970 424209 965566 627216 262713 340214 841957 710196 564254 114552 606629 889795 418910 607067 466135 806692 230899 312915 290069 715077 684840 653852 412775 315064 558467 366159 376426 646582 274855 522003 72390 1 586720 487670 571353
 537526 536719 415891 351781 462201 163712 539556 854674 615444 701105 723887 357991 466691 209378 291859 461642 608324 381389 168570 549529 580055 735389 149949 147472 205845 291226 453381 737909 369777 571337 833394 742344 322103 288268 365924 678257 556561 417677 97975 696682 359464 344051 455871 116727 535697 326348 348837 189782 675508 547059 599763 664545 274010 412150 421360 272301 78877 407050 796733 765684 713425 385024 373194 851119 112662 632263 586720 1 324408 42319
 275772 402198 264407 180695 304270 365193 406827 636736 291747 400922 410506 494573 232874 134536 535101 264484 286095 442099 293719 380873 585521 457038 375292 471528 529537 109300 310933 569680 210763 573391 613861 452809 353779 415108 624576 617908 250623 534808 278195 468011 147497 390265 231383 215525 386737 120293 461743 195131 351155 229950 355086 445862 278114 494654 228895 223513 398389 110250 569352 449306 442913 525829 159371 689663 212665 556190 487670 324408 1 349257
 573549 527109 413257 390154 458215 129912 529634 851202 637892 733814 740644 322130 503918 242644 249590 500858 634993 421384 210613 544014 552760 743449 184097 126080 190487 325817 447753 728666 409209 544571 830372 776746 300913 326216 323912 656572 572572 453254 140250 696695 368298 385190 493524 151611 527984 361554 386228 194381 699899 566350 637578 663542 261398 380460 460218 313512 82504 424365 795308 783358 720216 348113 409758 839621 137196 613182 571353 42319 349257 1
LAMBDA_SECTION
1 909
2 755
3 893
4 857
5 751
6 974
7 656
8 76
9 817
10 646
11 111
12 61
13 641
14 532
15 5
16 144
17 161
18 428
19 680
20 381
21 567
22 399
23 828
24 753
25 468
26 857
27 109
28 374
29 909
30 36
31 846
32 922
33 357
34 15
35 24
36 494
37 634
38 524
39 580
40 300
41 632
42 524
43 347
44 870
45 294
46 770
47 139
48 396
49 599
50 666
51 700
52 748
53 912
54 492
55 174
56 739
57 818
58 224
59 721
60 806
61 551
62 739
63 299
64 702
65 703
66 915
67 460
68 574
69 710
70 815
