NAME : domp200p100v8
COMMENT : Cherkesly, Contardo & Gruson 2022
TYPE : DOMP
DIMENSION : 200
DISPLAY_DATA_TYPE : NO_DISPLAY
OPEN_FACILITIES : 100
COST_SECTION
 1 651692 374779 1042603 655932 763780 526372 904407 494692 115553 669410 407285 532362 364149 949963 380799 686291 644311 445766 912212 591027 263099 304445 929954 781769 984631 124412 823327 721068 469689 177711 98251 1026300 290840 324081 834556 85933 707891 729500 621328 270262 470251 273077 904929 345858 261895 875968 258579 322007 225599 557122 877355 623002 589975 488321 177998 455096 713561 74230 470546 282124 740506 822596 894177 427629 136428 784445 558426 211424 169994 975043 520072 398462 709088 193058 798749 576777 402175 287779 235700 897571 875054 598799 712343 700714 544293 372634 591505 576268 351128 607216 522447 78679 618567 942898 222110 759424 665590 903435 342668 504910 235405 848580 885228 698356 665218 605812 590564 601416 424017 235052 276304 819799 360015 592533 512311 425445 207134 442013 362331 227362 179093 654780 600849 332335 562806 481846 782823 626073 656588 108347 617121 409872 657101 115167 322560 905713 423822 901348 672202 680986 798194 482235 760254 381561 322459 380713 125090 346647 619522 345908 122368 291160 793803 931593 349107 735985 391897 632358 344819 392152 365350 736598 467994 143762 468819 386270 740177 780769 389824 589875 501401 702163 503073 434757 405364 288926 827074 604260 668027 604706 849426 822841 384076 863509 765845 626164 777480 275609 339050 669942 590125 758972 273922 662621 666860 384792 820129 48351 785706
 651692 1 687816 503004 5590 666911 358958 500770 513868 764662 881133 889702 762563 294613 525548 490835 483264 867118 319832 481146 332654 898819 639493 584836 596853 529008 775298 776780 936675 493784 607085 725242 499960 366768 938212 568092 728319 892751 862388 622792 809082 589920 765637 313902 382144 468817 556334 545051 564472 655550 577054 474540 840355 491100 209372 497738 438611 61953 632693 704625 390785 784136 857649 661798 876625 515374 247818 655251 462291 621643 458938 574068 538067 780658 541600 323180 304506 642756 784001 494877 305624 408734 310403 67391 266702 406745 804410 460786 424849 920550 103648 174519 685038 58091 422218 466086 453945 921093 531398 450838 735158 528635 507376 445816 120721 34871 583562 284067 73518 415791 588507 870283 434777 310033 921208 693776 508701 464200 804731 955975 525186 490246 344428 705273 795355 834479 698116 862029 821872 835200 615686 122823 244674 766099 638865 350490 460227 795580 643925 620838 811551 363105 226352 602148 728952 330279 384143 715216 735026 71387 790532 773975 714400 945358 1013478 885917 629376 398394 905317 424946 279398 339095 208363 420669 625317 759994 654497 531815 612703 363391 88435 398770 832364 271380 283775 479884 366383 326652 272178 465292 343496 769938 206807 342905 514109 867761 238650 378371 379836 981649 147910 229935 875044 584727 572350 901715 551080 617953 693904 431642
 374779 687816 1 895430 693344 446306 754046 700827 240943 434830 297268 225020 157607 507234 747815 678096 447239 272725 370923 722142 799407 407195 76247 689666 499186 793505 429801 477193 351672 237778 532542 458883 872414 390196 387751 577235 358120 334089 355234 301009 228855 163603 171819 821897 312512 253079 634836 175458 126896 149489 256446 680038 249796 342208 478446 454778 724541 739144 441239 98695 492729 379218 456372 607392 198448 378649 694657 215260 464198 530402 823316 221203 159870 344527 514706 666910 774256 63382 178534 242877 816792 714749 464011 724390 586179 791008 134721 852822 825913 317376 598326 513991 311614 633830 800581 487274 546085 302560 682983 620857 130531 552461 625689 706536 668048 682061 304265 776921 616123 684404 159753 318956 629115 526843 255373 147823 198852 458863 117527 369490 541861 445475 494373 242885 151983 197005 112815 411845 251409 281815 270374 592922 478500 289654 259621 372361 725461 107799 624476 359593 308378 642947 461683 471020 42602 430539 303792 284572 70448 694882 135339 411150 104886 419417 557111 263111 429733 289876 272602 607990 546589 569441 659841 728469 232290 99825 41061 482290 490546 324560 601062 331827 328765 687020 616468 216386 456650 701016 783325 437543 448326 510333 779111 597526 640939 392965 530985 609209 390310 480612 622973 507902 385128 132353 372858 298660 142554 535692 408176 589336
 1042603 503004 895430 1 503249 583742 861778 226007 654769 1156880 932420 1120042 878333 748327 193317 984366 462793 931813 598830 191851 830334 1240287 888183 303317 483026 146218 1163210 672609 970592 658808 1057283 1134191 27370 762824 1252731 393579 1099028 919996 862911 655738 1096519 737438 1040337 196378 699378 791938 331387 836493 812826 945963 661045 233640 912015 558864 565018 933108 939773 464056 1050563 853290 842948 751137 783547 450242 1089298 919839 271418 738782 902651 1069440 72122 686682 742990 771533 993470 244246 804087 832862 1054452 821439 204058 180690 451961 442433 341907 908904 1030125 960079 924963 1202217 474439 537748 1045350 491711 99889 914543 360378 989188 265381 936856 864808 992485 306727 194431 392411 469810 628284 781961 500924 913967 882071 1179290 272162 773738 1040413 813297 702207 902504 988029 1250158 986415 922538 406396 762741 1042777 946302 838682 821287 886095 881208 967439 454715 664998 793206 983563 723557 178807 988148 418142 611258 832630 254654 566567 510273 935947 744781 670206 1058165 963306 573619 1028898 1155091 971752 928528 920408 1152498 564402 665736 991250 909792 749649 817771 321058 922569 958660 917309 854374 453963 502610 657153 504347 575508 843734 773638 775626 697042 801988 215685 767875 466040 456465 640539 304291 828956 295726 842339 416568 286372 779547 1324808 396964 452983 857549 857368 568601 961929 762336 469642 1090496 311596
 655932 5590 693344 503249 1 671759 358553 503436 519407 768773 886665 895082 768146 298224 527821 492183 488019 872668 325414 483493 331212 903455 644927 587934 601351 530783 779462 781676 942191 499351 610184 729118 500508 371416 943070 572042 732755 898240 867795 628126 814213 595499 770871 313421 387526 474029 559808 550368 569955 660772 582508 477329 845909 496375 214904 501362 439133 58059 636502 710214 394171 789375 862776 665763 882072 519581 249532 660760 465855 624791 459846 579591 543647 785984 544731 325656 303289 648327 789248 500027 305151 410840 315457 65496 270446 406086 809842 459631 423792 925656 108930 180095 689640 63563 423177 469429 457986 926657 534361 452734 740745 531408 510800 448191 123004 37104 588892 282597 79096 416761 593770 875224 438000 313246 926796 699352 514291 467812 810272 960979 528053 493953 349054 710749 800707 840066 703705 867297 827410 840708 620455 127804 249333 771530 643679 355481 462438 801106 647726 625991 816991 366017 231907 606805 734467 334724 389657 719974 740480 70515 795924 778236 719753 950752 1018628 891129 634257 403946 910896 426945 282446 341579 210778 421040 630252 765575 660051 536354 617269 368904 94021 404284 837787 271737 285545 485468 370275 328588 270438 470120 348533 774682 205889 344967 517412 873088 243386 381727 384394 986219 151575 235066 880402 590102 577446 907265 556650 622269 698013 435269
 763780 666911 446306 583742 671759 1 919350 357808 273369 852705 359963 638546 351504 681327 395250 932528 184633 364869 433848 392255 933382 852930 485060 298939 101010 445796 851448 110615 390932 301882 874020 860365 556572 603630 832495 191112 777307 340872 280632 146893 675020 298885 618104 607959 484592 522690 255853 505238 443467 568491 206878 352111 350571 204907 518950 758098 940246 686671 811138 361672 730678 167673 208679 173742 597715 700161 513482 232077 746857 878494 520065 244528 365319 191551 830214 438934 902605 390026 624395 540406 607136 428774 358265 661039 422368 968291 561480 1034455 999377 755482 565270 531294 723266 611817 514906 769115 251556 418890 320887 870170 352772 854397 277490 397147 575315 640851 158035 892689 601909 900260 532536 765033 329788 711979 489676 309009 340989 743202 490819 808858 844297 745911 324603 222632 592097 403350 344619 238539 324112 311148 657540 544219 600676 225429 659308 558922 408314 498878 199348 91692 257373 391280 502893 76906 473325 621145 443016 710262 513705 715915 572537 835313 549554 345017 360890 699036 38307 420933 428363 847085 711211 768914 510774 933975 628252 414557 412690 148353 81161 450373 590275 325076 264560 825883 777289 367360 679589 467788 889594 201671 325200 106210 627981 794899 288018 258640 428609 353587 615985 926852 530211 439123 273826 494232 112237 390605 379467 118510 807746 299326
 526372 358958 754046 861778 358553 919350 1 842035 686417 611635 1022474 892652 882166 254172 872667 187352 754102 1001989 488301 827696 70238 786980 682802 915804 875873 881925 626215 1019967 1080813 657436 392711 555664 858903 366312 850443 873626 612045 1047498 1037879 827506 772049 731672 750753 670287 471016 501930 878064 578839 633085 652756 764794 814046 975169 716564 403728 350634 103673 401109 470658 813537 267685 990988 1074622 963601 897539 415949 603213 821525 321941 408468 817300 744685 654071 975143 342941 670476 73187 736024 769331 511478 662080 759130 580465 420270 594013 50741 827556 115425 80049 869544 412387 400625 592791 379917 780466 306278 761003 1045196 866408 191439 850838 306597 831862 792419 475088 392772 792279 97425 376568 111205 603901 799191 766375 229475 1009413 826404 645200 327139 864116 886938 310715 352576 634857 875876 800483 942723 814622 1060838 964839 987489 554477 436900 320578 942462 579299 394963 808830 849188 952609 848561 983223 702951 418269 871439 785306 329734 503245 637105 771281 288162 805095 634358 728742 1119210 1221630 855512 881391 526405 1019708 182700 216997 185000 559062 82288 583744 849478 736383 812046 887042 488275 379398 597720 1006273 97035 145602 609735 297581 679589 115809 732846 609870 1025368 561386 157566 841589 1057289 537592 708843 364234 856368 486943 509660 1059028 622849 809518 1034012 657039 905545 549591 753119
 904407 500770 700827 226007 503436 357808 842035 1 461859 1014038 709371 922005 664776 669246 47300 926188 254446 710010 464196 37155 828440 1072544 705533 97431 257269 93962 1018035 447840 745903 472411 952804 1000842 198787 649761 1074952 167677 948696 695371 637457 438498 915239 538137 857445 296045 560493 643430 107416 671789 635685 772983 453184 28931 691317 358621 472403 825875 900383 487633 926028 647024 753502 525321 558301 232891 888001 796106 261774 525615 800706 962682 165364 483162 558924 546450 893494 178366 798680 637448 869669 671277 298676 105173 310708 460635 249130 892400 833997 952268 915587 1015550 429682 457913 893116 465146 168900 817085 155168 766842 44234 870534 654242 901719 82157 61663 380733 466341 414944 780585 466191 867507 714452 1001980 85610 698861 823127 603081 519080 799268 783539 1065891 893872 814152 251272 544318 851874 730069 631436 595302 665097 658476 816046 405135 578687 570386 828297 604880 59717 785695 202201 390170 608628 139242 466689 285031 739123 643353 523791 898182 770682 569415 836102 1007052 786887 702522 698112 963003 339522 512960 770692 843577 682196 751329 293000 886786 800427 710039 660141 233602 276719 516056 462654 407251 618963 746107 726780 522008 705777 183924 770513 263308 300140 417340 362335 769223 69954 616359 315242 137842 666301 1155227 357374 350143 631633 684496 350979 739244 578294 244008 952714 119044
 494692 513868 240943 654769 519407 273369 686417 461859 1 590173 367324 465276 254920 435428 509070 672530 211429 353383 207552 481874 713190 618339 245628 459493 288776 553755 590635 351574 423302 30274 600813 592378 631572 341804 614715 352280 517129 380843 358013 145809 454359 86591 396273 591789 222781 249434 404079 237246 183614 319813 79249 440135 326764 105402 317798 486538 690878 554483 538766 208881 469165 305081 389721 401515 435160 426910 467217 142999 477552 605150 582681 61346 102300 288937 558345 430350 683779 178112 408012 267211 587392 474151 238221 534649 357048 732342 375498 798531 765594 553704 413012 344797 461621 455992 560694 500392 306706 408095 446911 610053 231394 584284 389359 465644 464299 498974 117843 678905 440562 649837 271039 542297 388391 464123 420366 184318 69271 473590 336942 604090 573990 474459 257992 195763 390542 328245 197551 374623 308009 322241 391033 400586 368391 260721 396119 300674 484655 335191 411642 184123 304466 403395 299389 265920 281180 366398 184960 455798 309824 541165 375466 576123 325425 441191 535241 501471 242701 161553 394579 588881 470216 519137 438439 687601 365507 272107 199902 255427 286479 198323 425956 115956 326717 599947 540863 94160 419525 464698 679892 199128 216237 368913 562450 546775 404767 372595 313605 368845 352141 698888 416312 299551 375979 235347 168028 387999 120543 327210 540153 348702
 115553 764662 434830 1156880 768773 852705 611635 1014038 590173 1 716324 405425 588358 473998 1060029 447344 789274 690936 558932 1023139 679253 184221 374396 1035507 878924 1095878 15436 903194 763385 567395 226773 59790 1140211 406135 259578 936759 76924 757356 787234 707317 268411 554562 294704 1020473 458542 370687 980963 353422 409797 289639 646199 987396 672604 689665 603873 277422 529386 826603 142520 533490 386393 812236 890991 991661 435872 249783 899792 636294 313129 212888 1088893 608275 490065 778532 268702 912813 668279 474335 303619 342802 1013120 987972 710964 826167 814987 622659 396367 662578 652294 314518 722452 637961 129441 732958 1057088 318790 866711 703358 1011263 421348 564168 306662 955668 996915 813702 779162 696002 684240 715964 503712 320626 235901 930003 466889 618802 580517 521267 309660 476666 308680 301444 281541 765820 673460 352159 606177 547001 846428 679814 711153 200517 732581 524306 724224 194175 438064 1017403 458595 1000827 761115 742556 910965 597717 855801 430905 436748 491633 150439 390580 729799 370137 32772 336593 844132 987362 331272 827423 501136 668854 429223 499334 465103 852046 545072 225041 518862 455131 841150 876371 502004 704641 608414 762256 600376 535422 505242 399497 941519 699136 771877 715342 932278 938138 480521 970767 826669 740708 889189 390722 245230 785492 704869 817782 358560 756524 709082 474302 917363 70761 895066
 669410 881133 297268 932420 886665 359963 1022474 709371 367324 716324 1 367707 143765 768749 750261 967144 479557 25388 570427 741175 1059215 641988 372568 658520 455067 800781 708779 315476 58360 389027 829807 747998 905853 657270 593530 547574 641848 43457 100520 284739 465799 297581 424488 921041 554054 526441 612991 460320 396071 444168 309136 698841 48344 410620 682980 748117 1006027 920445 737669 212931 773153 202071 233167 529312 323194 673049 806332 226825 754117 827610 864700 307183 369349 170070 810488 749609 1031474 291780 419662 524763 918277 763943 591986 899661 698854 1063839 328629 1128129 1098429 502037 779785 711560 601312 823200 853433 777644 577104 59166 676197 907789 174926 847174 627264 739534 825263 865522 319917 1029919 807872 965032 454687 543437 664599 793116 150163 196759 384847 748964 243163 552693 836503 738151 591877 181805 372478 110801 209012 173696 59584 51503 567100 766339 718562 139218 554796 627911 753800 260375 557492 321728 102637 709619 664567 425704 288314 692741 527987 567532 326374 907355 352206 688877 381527 128765 276099 448646 370904 506609 77512 892354 807035 842072 786886 1007493 528714 200592 297926 478608 437242 546394 793279 482530 99765 944883 878899 419183 731134 782729 1033185 483540 563595 357624 912107 870596 639746 144758 670702 670770 661527 695676 776828 662282 128395 422245 367581 30768 365443 478228 699284 627691
 407285 889702 225020 1120042 895082 638546 892652 922005 465276 405425 367707 1 290902 667752 968655 777015 667594 344578 582485 944692 947993 284651 251860 904229 706201 1015304 393586 642171 399376 462780 584995 453439 1096801 553351 227201 789944 344969 411092 460975 502487 139160 384222 142258 1045054 507559 425491 850308 345756 330045 244173 470803 902217 337067 564221 682644 552825 841092 944759 481342 280460 625281 529681 588334 808624 44715 479785 917372 410767 574910 576891 1047948 438976 382820 491944 592520 891765 926826 287186 124181 403626 1039741 939406 687504 932549 809734 921306 90667 976688 955491 134598 807369 719681 328607 838875 1025519 594376 768110 334328 901801 729228 285818 634852 845009 930217 882852 888163 514592 934146 820712 804647 305409 187766 852462 680038 234536 331079 422788 569458 147919 185078 625473 547483 719317 417061 95583 264178 297274 532233 355477 384644 341402 804776 661583 437292 317966 550110 948887 140112 829279 560589 433706 867920 667368 676605 184097 596007 509677 282559 160626 886892 99372 373357 175873 492911 641238 84535 629526 500227 300321 723838 705873 710615 880904 849995 309324 223991 265965 697697 694832 529905 805920 555405 446077 842221 769437 436708 602972 925818 943638 659409 672891 680956 997743 736326 860059 505725 751964 833982 547820 329285 839472 726726 491640 304988 583256 349572 364414 740526 416740 812582
 532362 762563 157607 878333 768146 351504 882166 664776 254920 588358 143765 290902 1 629263 709486 823427 415541 121036 445081 692277 921082 537251 230990 632337 428386 758638 582247 351995 201016 270163 688541 615287 853045 516124 501355 517283 512277 177543 198919 227401 355686 172908 306143 839336 417235 383648 580857 316556 252706 306905 219582 649101 95421 325547 558296 604545 863148 806485 598632 69380 630171 241927 309977 524231 248305 529721 717728 139607 610353 686936 807629 202329 233420 204556 667485 672120 893944 148263 305754 381180 835550 701542 491931 787675 607742 922629 224573 986481 957333 416340 664167 589531 467914 705382 790971 633881 518030 164143 638266 764194 31451 703802 583917 684056 719055 750238 250390 893514 689061 822250 311951 441367 606174 652695 166828 70681 255455 605200 143851 469651 693118 594508 503984 128968 263425 73343 67965 260188 93875 124235 427734 653363 584013 148619 417215 488864 700789 155624 547261 281633 155942 638230 540101 398063 158066 552734 394809 438015 200047 782576 242469 562964 252025 262036 400076 359792 347189 374787 143431 749003 667956 700509 691746 865017 389805 73457 154332 432092 414617 414226 674133 369813 174360 806933 739622 287599 588965 706313 897655 413372 467515 390243 816393 729010 598111 238755 568318 600677 519672 601222 671162 554240 229428 278754 314265 151930 226783 459875 565094 566884
 364149 294613 507234 748327 298224 681327 254172 669246 435428 473998 768749 667752 629263 1 707787 261124 530067 748563 248017 664056 292762 621177 439602 726694 650416 729089 485528 776987 827106 405892 315989 431786 737966 117378 670148 664106 445429 793376 784050 578893 561870 477592 529781 581361 217029 254340 681365 334583 383132 423587 514444 640316 721645 476451 196912 203139 258934 356264 338806 561079 97654 740507 825007 748184 666169 228729 477069 568095 167706 329844 689510 492402 399975 723138 250493 519303 267050 484427 548781 268862 573326 606983 371305 359381 425784 297902 594014 363733 331808 668704 276398 214414 408704 272659 653603 172845 558584 792845 684157 202371 598055 244589 640026 630879 366010 313883 545233 270166 258097 219018 366176 607879 585864 31263 761901 572438 391402 169591 620864 696249 239115 195880 431484 622400 572726 691471 561501 808738 710894 733351 349338 294134 90959 689019 374369 140884 650016 607114 742309 604722 729373 537421 204221 641526 541329 76964 250803 445480 532345 255810 573991 486137 495717 865168 969762 644148 644229 274166 768269 175957 39360 88298 427320 253453 369233 599943 486392 589853 658912 237360 250286 356258 752457 179788 110375 355937 75348 539233 277724 508430 394988 786115 485289 113573 652221 804294 354493 531414 120248 701115 351893 319106 805606 379110 569539 780894 403354 683536 403462 563236
 949963 525548 747815 193317 527821 395250 872667 47300 509070 1060029 750261 968655 709486 707787 1 962914 301071 751702 508301 44979 856065 1119722 752831 111061 295942 50603 1064180 480124 785249 519710 995333 1046135 166016 692406 1122252 204149 995099 734850 675781 482652 962531 584970 904727 294312 605424 689352 139839 718691 682940 820204 499287 72636 733614 405636 511398 868424 934308 507464 970488 693043 793757 562888 591374 257118 934385 840263 280706 570639 842601 1005470 142293 529716 606223 585551 935405 202950 826736 684434 916925 717364 298158 117873 354310 480983 283868 922737 880825 981433 944863 1062738 460701 494915 939584 493647 155763 858512 202417 808139 74384 908196 699583 942586 125570 80281 404843 490783 460189 807855 496105 902355 761498 1049278 130171 736983 866625 648555 566375 841306 829650 1113128 934929 856796 295769 587816 898964 773996 677340 630884 707283 699659 862398 436529 617667 611653 874879 647963 65624 832031 225136 432936 648879 171723 506626 324719 785959 684624 569254 945038 817730 595440 883115 1053364 834154 738575 727095 1010113 379498 558893 812960 881131 719203 788541 317261 920116 847138 755851 707172 277538 314751 561029 493684 453925 658370 777479 761331 569158 746680 200886 797036 310375 345313 447408 372305 805574 111612 652925 353299 177836 709028 1202456 385965 389077 668620 731683 395304 780353 625593 278771 998293 165609
 380799 490835 678096 984366 492183 932528 187352 926188 672530 447344 967144 777015 823427 261124 962914 1 789266 944284 504433 918547 257140 629391 602328 986890 908517 980712 462573 1022476 1024320 642259 220899 388540 977289 330849 699210 925073 462510 998082 1000133 818337 645622 696663 635849 802780 450412 443994 942224 507022 571507 552529 751276 897314 918813 728363 456032 226985 87313 544151 314110 754221 203366 973146 1058877 1008345 789772 303431 714926 791686 213903 235557 931304 723743 614331 951064 187764 768244 258164 675433 653176 442591 794501 857327 632339 557586 679139 181924 724997 215297 207769 731916 512029 468294 455720 492890 894599 190888 819610 979890 943167 62524 792220 145434 900334 884497 592202 520411 788053 280647 483494 81490 518859 656732 844059 230127 927813 778358 617310 219233 776480 741415 153544 234596 692317 844479 691314 874520 759123 1035119 913301 939677 437060 533874 351564 910096 459483 373995 902952 759727 1003118 851086 946071 791377 464717 897950 701820 311613 490693 502409 679079 427109 700016 473822 629475 1077087 1195310 727183 896429 513520 950643 86080 244015 175208 666551 107060 472368 777666 669956 849196 915983 482194 480818 609246 969172 229517 208934 583313 253506 784315 298733 767661 656056 1035391 697381 157544 912249 1026466 611030 788538 320529 691829 590382 576942 1025024 546923 820295 973431 611700 942509 393126 823012
 686291 483264 447239 462793 488019 184633 754102 254446 211429 789274 479557 667594 415541 530067 301071 789266 1 475662 285600 278643 761888 829033 457048 248958 121791 347988 791288 295199 524185 226743 765483 784486 437571 472334 826056 148428 719116 474159 425355 195933 665593 284030 607419 443875 361447 426340 193607 437450 392151 529626 199542 235664 453929 106150 350378 641764 785901 502039 719954 393267 593954 324902 385914 220260 633613 596278 337429 276008 623802 772680 392201 228718 312204 333838 713460 271800 730919 383886 618728 450869 441741 287121 178166 476429 239816 804114 579829 869507 833602 763309 382637 356968 663159 428982 376873 644022 102630 533746 236036 728177 402524 730973 178581 268576 390890 456576 165782 719195 419954 747471 476331 753713 190634 561320 578353 351060 274351 621052 529512 814328 721652 629481 139978 302857 598810 483940 377980 403247 428776 428099 588769 360907 443139 342136 597372 425530 285641 531358 219823 162149 385451 230123 336260 120123 484982 480456 319639 662028 517389 534573 582576 778208 536445 501902 541327 710035 148240 302056 532392 703206 555283 618300 329330 777295 567742 456720 406818 59957 133622 319757 408988 190663 400745 658462 616604 284655 542645 304127 714721 21637 146122 286678 450019 642232 193906 416576 244637 191232 487065 910070 345585 257851 428326 443002 112737 507633 331114 153477 733648 151473
 644311 867118 272725 931813 872668 364869 1001989 710010 353383 690936 25388 344578 121036 748563 751702 944284 475662 1 554334 741122 1039631 617445 348267 662264 457691 802100 683399 327574 80037 373868 805238 722666 905438 636329 569812 550133 616468 67867 118964 279875 440805 280581 399184 915103 534721 504566 615521 437295 373739 419175 298954 698515 27243 402320 667227 724546 984122 907573 712753 190413 751161 212564 250989 536132 299954 649274 798816 215382 731027 802923 863419 294161 350001 178331 786490 744192 1012110 269298 394477 502182 912130 761449 581617 887229 690606 1042931 303659 1106998 1077582 478660 766369 696510 576022 809311 851119 754510 574628 58153 677928 885173 152435 823403 627854 738270 814051 852283 313492 1010958 793726 943197 430676 518960 662570 772540 133430 178089 367267 725847 218064 529650 812742 714675 583970 174288 347403 85592 187555 192154 47455 54129 542274 753520 700088 140396 529777 607843 753027 235184 563576 320558 110177 705283 648845 427926 263080 672316 509739 542156 301009 891789 327074 663501 356191 153954 300874 424891 373274 488708 64208 870038 787024 820960 777989 985868 503846 175512 274570 477884 440437 528460 779035 469115 112388 925343 858827 401157 709675 777595 1014526 478531 553949 369530 903279 849475 640690 163916 660049 666572 640231 671905 765665 650391 148469 398688 364674 34620 345251 482466 674009 625094
 445766 319832 370923 598830 325414 433848 488301 464196 207552 558932 570427 582485 445081 248017 508301 504433 285600 554334 1 468752 509407 647164 330782 503583 404093 540377 564784 531983 627567 182262 491224 540029 581533 190107 668941 426508 500234 586909 565544 341208 522106 274038 471398 479125 100573 194229 453330 250998 252498 365546 281995 436211 527204 229323 113234 364788 506683 368731 462272 385272 308516 506195 588322 505646 564701 331972 352310 350015 342957 500263 530167 268753 218257 493871 434739 354587 479429 323258 488398 223944 472692 429289 154199 353479 257732 536284 494055 602642 568267 633253 227413 145408 446861 264169 498942 361819 330554 606262 469014 442973 416787 448571 417977 440466 300501 311649 304834 473202 246909 467011 297657 596504 378660 278968 601611 377833 189810 340776 486736 675556 439687 352758 212958 403255 491202 516082 379451 579150 510845 527590 369079 222660 167823 468217 386239 143532 460909 478579 502806 360292 512002 352452 95023 393956 412869 194886 76048 462236 423556 337752 483356 556317 411397 648742 738486 591199 396505 82266 588427 418363 277389 336094 309018 500137 363035 440167 335928 345537 411707 59301 231818 109546 534268 397782 344431 160064 257338 384421 473400 264111 165791 539149 418098 361493 431908 578945 185826 332951 205895 732177 258324 152999 583022 282931 322554 588663 231686 438371 494012 347704
 912212 481146 722142 191851 483493 392255 827696 37155 481874 1023139 741175 944692 692277 664056 44979 918547 278643 741122 468752 1 811310 1087465 723480 132389 291381 73285 1027659 483990 778812 490504 953794 1007861 164932 651121 1092347 203242 959315 728227 671073 467206 933286 560471 875810 261515 566879 652558 144323 684959 651921 788575 478173 43176 721863 380475 467980 826953 889459 464245 930987 671899 750772 559452 594159 270041 911626 800441 237426 552773 800627 964150 128887 506715 576759 579687 893404 158226 781930 658856 888562 680929 264542 75510 314554 437591 239410 877775 856005 936539 899959 1035172 415726 450782 904028 448752 131809 816201 176712 798262 81176 864101 680624 899892 114914 35409 360491 446426 441937 763138 451137 857625 728509 1019149 94877 693087 852222 629260 536466 799438 808035 1084942 892353 815411 257441 573696 872414 758677 656618 630274 695779 690082 826542 391564 574162 602013 839730 607117 24494 809548 239290 420696 641017 127175 463668 318434 761177 642301 531670 910912 791565 550855 857151 1017289 805637 737229 734803 983320 372559 522299 801205 837008 674963 744340 272791 875213 812475 735351 681252 263433 311095 522612 448708 419698 651929 732501 716577 537157 704088 157904 752420 285332 307798 453973 332793 761145 104505 650893 309704 136256 667802 1170710 341037 345788 665958 699787 379690 770846 596202 279802 960562 133592
 591027 332654 799407 830334 331212 933382 70238 828440 713190 679253 1059215 947993 921082 292762 856065 257140 761888 1039631 509407 811310 1 852829 730275 907031 883025 861415 693677 1036975 1117549 685164 462106 623913 829505 409243 914746 873390 676914 1082157 1068757 850610 830832 764747 806786 635879 505199 546329 872579 625457 675861 705912 790226 801165 1012576 733759 414434 413858 171879 366312 537625 853291 323520 1015459 1097710 965114 950725 475639 580400 851750 383339 477923 790385 772929 689867 1001896 410822 653117 30987 777045 825551 558658 627818 740261 585017 388303 583940 91071 879766 129929 96116 930602 401174 404951 655228 363313 753881 369425 759303 1084957 855741 260669 890006 375500 825108 775902 452619 367448 814096 48631 363341 181342 653703 861671 756542 272813 1054407 862494 677367 388339 911864 949823 379191 414788 635855 906027 854665 984082 853182 1087480 1000784 1022055 612976 425975 344859 972303 638058 432268 791197 897574 951928 867263 1014319 689326 430650 880993 832526 369726 533784 698700 821088 261513 858151 701236 780866 1151005 1247470 914330 895142 556370 1060803 250083 253598 237423 539257 150839 640480 892689 779147 818235 895491 517138 368869 617368 1037170 114346 182940 642117 346759 658819 62879 741101 616015 1039586 526764 212514 833796 1085698 534165 698994 409537 923492 471070 509756 1088499 669879 825712 1072351 694533 910694 616088 746815
 263099 898819 407195 1240287 903455 852930 786980 1072544 618339 184221 641988 284651 537251 621177 1119722 629391 829033 617445 647164 1087465 852829 1 374169 1077721 899056 1160701 168788 881664 679558 602640 409928 244007 1220773 532052 80096 969985 177624 685256 727807 706694 181833 559865 235825 1124911 549332 453577 1022302 404067 437502 299829 655770 1048185 605017 723567 716072 441018 709546 959911 317377 499349 544297 777442 847012 1009799 325512 393117 999112 622454 474463 396523 1169578 618177 516832 740728 446265 997660 839405 463343 232518 423913 1118173 1063682 788357 955513 903295 801533 315455 844143 832188 160110 841513 752772 213966 859747 1140890 484947 918827 615241 1062367 599282 520716 486309 1005025 1065504 929764 908268 705516 853538 841840 681611 359284 98687 992607 620179 518210 551915 555163 470097 401219 134848 480078 442143 836102 646963 274067 532675 515605 795117 618757 649803 284976 847380 654147 684566 263847 552729 1085680 385593 1024418 764708 691874 987083 706178 872334 385593 569546 572537 186382 343103 873566 295046 155691 303380 770021 918032 200193 834511 574955 580600 604423 651815 628329 954390 724245 284352 463796 440401 873203 892423 587863 828945 668469 708040 766152 697470 550585 546021 1029127 867333 814938 785260 916288 1053654 647149 1020455 771101 832931 959851 519221 85030 895277 799823 759006 388053 772348 627605 498006 936642 237861 954719
 304445 639493 76247 888183 644927 485060 682802 705533 245628 374396 372568 251860 230990 439602 752831 602328 457048 348267 330782 723480 730275 374169 1 704872 525288 796156 371130 529098 427530 233154 457602 392737 866530 322230 369506 596060 297582 408402 425726 338210 209813 187278 152493 798945 258032 185946 649484 105020 78982 84901 282880 682660 324754 351011 431436 378580 650186 693648 368409 166498 419289 438814 519381 636613 237257 302406 670879 262280 388487 455954 816264 244913 146730 406123 438577 652296 705944 99972 166276 171659 793274 708154 443908 680965 565393 718540 164923 779632 753437 314112 555604 468265 247072 587762 790903 411452 550548 378794 692209 545515 202014 476223 634668 704574 631262 636891 333005 709768 569675 610317 83598 296799 628943 457475 327982 208367 187096 383125 181597 362219 465621 369346 482248 299485 160963 273242 177407 478442 324747 354474 197774 552927 418764 353191 189824 309349 724227 167515 650501 394714 376603 633645 415864 499041 102504 363708 257864 226952 96116 640527 152601 353682 83898 492923 627868 266046 463600 248576 348647 533205 478893 497848 632420 654663 160725 176053 82021 499380 519290 278169 554800 313832 397937 619009 547582 192094 385250 685717 717015 444219 433270 559159 747258 525665 650094 461458 503891 602532 320783 453615 588352 476985 454874 60495 398811 374743 127302 563080 340919 589894
 929954 584836 689666 303317 587934 298939 915804 97431 459493 1035507 658520 904229 632337 726694 111061 986890 248958 662264 503583 132389 907031 1077721 704872 1 205521 157409 1038105 374780 689528 475699 994641 1027760 276196 693299 1072868 115101 966562 639662 578418 405599 912222 526298 853924 393380 593516 668246 55420 685402 641097 778512 434240 115645 646223 354167 530892 868360 967640 576756 958563 624512 805043 464772 486333 147327 867325 831156 353667 496758 846021 1003347 252784 468477 560940 490461 938173 267899 876753 626873 864430 694350 396084 202205 356948 549479 323095 966478 819166 1028081 991342 1007012 505914 521872 910600 544762 262482 864079 173170 717242 55856 929062 626161 950242 86722 158749 466671 551070 389690 859871 543712 932920 725033 1000998 150626 757229 782880 576502 523307 844034 760759 1058830 941759 856309 295996 506189 841631 692581 608056 528963 619697 609036 835296 481111 635769 521948 844921 647009 156389 765124 115084 350915 556077 222576 522479 235831 725090 692335 553838 910674 760113 651476 824369 1025563 782849 636924 618172 952620 289660 539553 725015 902537 743630 811739 380029 955329 815641 685158 650192 207382 221924 549520 538443 428683 563450 819034 793609 532706 755487 278208 850878 264513 338370 340080 458001 831674 74800 552451 379782 208064 709322 1158359 438286 411382 568785 691948 321314 689058 579715 180433 977814 164218
 781769 596853 499186 483026 601351 101010 875873 257269 288776 878924 455067 706201 428386 650416 295942 908517 121791 457691 404093 291381 883025 899056 525288 205521 1 346544 879401 201466 489314 312211 874153 879823 455911 587345 886545 92514 805834 438909 380251 203885 726515 339423 668433 510980 472650 527604 157935 525738 471285 604795 243716 251101 441023 193109 472156 752714 907067 610128 821568 425758 711142 268111 307194 112740 667698 702304 422969 295740 736968 880362 419059 280948 389951 289632 824870 344587 852044 438267 677073 549483 510586 328660 298253 583636 340203 925900 623871 991271 955341 815278 498654 478092 750382 544428 414143 757939 157776 513376 221611 847040 424093 844673 176538 296269 496669 568287 194934 839922 536651 868396 559553 816420 230498 681628 577360 375744 357693 733904 560559 868004 835069 740404 253016 301177 649884 487276 408928 339495 414516 404920 679460 475931 564293 317299 684894 540877 307304 566240 125500 146917 353223 295573 458036 30399 531489 598247 430332 743416 569073 651481 631525 864783 597887 446006 455692 759746 84432 410680 520013 822441 676413 738710 425563 898717 654271 484318 461681 65414 20262 433110 526453 302735 362429 780159 738263 376516 659696 371775 835047 143176 267020 181255 537970 763017 187357 359567 359235 259142 601412 976714 454164 376324 374577 523149 126819 485377 407002 38441 827898 202507
 984631 529008 793505 146218 530783 445796 881925 93962 553755 1095878 800781 1015304 758638 729089 50603 980712 347988 802100 540377 73285 861415 1160701 796156 157409 346544 1 1100514 529689 835851 563066 1023052 1080000 119365 720921 1165210 254714 1032365 785452 726354 532140 1005968 631223 948393 272439 639039 725402 190200 758243 724958 861726 547015 113635 783875 451403 534307 896375 947995 505215 1002357 740869 817662 613414 641067 304654 981598 871611 281259 619540 869347 1033693 105762 576662 649427 636153 962017 213040 832734 730155 960980 753868 277412 123656 386286 479592 303317 931465 927016 988459 952122 1107347 472633 514876 977129 502017 128740 884357 247424 858608 124974 927569 748202 967267 175099 100219 408807 494146 508894 812909 506267 917457 801779 1092056 168095 757525 916481 697041 609236 868320 877331 1157330 959966 884954 330058 637647 944181 823639 725324 681123 757569 750138 899592 449201 640014 662112 912903 677461 80039 879342 272451 483014 699451 192524 531080 375294 832145 710607 604291 984179 863157 599922 928674 1090266 878088 788874 775358 1055202 430064 595244 863234 900392 738064 807503 322974 932984 885707 803949 752708 327077 365344 594869 505329 492980 708972 788036 776397 610323 771836 202684 801179 356062 380625 496353 360865 823168 161596 703319 376176 207430 737658 1243898 395677 412855 719068 772963 444675 830847 668856 329086 1032980 206393
 124412 775298 429801 1163210 779462 851448 626215 1018035 590635 15436 708779 393586 582247 485528 1064180 462573 791288 683399 564784 1027659 693677 168788 371130 1038105 879401 1100514 1 900212 755209 568397 242089 75225 1146276 415220 244305 938453 74143 750069 780994 705672 257421 552909 285916 1028580 464263 375113 983419 354536 409271 286236 645243 991563 665474 690939 612150 290319 544434 837216 156454 528494 398905 808011 886162 992135 424841 260009 907317 633341 325858 228261 1094926 607222 489964 773996 283333 919038 682456 470912 294116 346825 1021277 993463 716190 836405 821396 637595 387083 677781 667334 300396 731596 646560 129024 742854 1063370 332108 869948 694740 1014608 436130 558565 321581 958791 1001783 822678 789331 695186 698242 725750 518520 320251 221914 934259 479053 609071 576161 521954 322272 468248 293689 316238 294082 770507 669582 342712 598410 542284 840938 673207 704600 202826 741334 534153 719417 194604 446101 1022266 450259 1001778 759957 736913 916402 605618 855931 424464 446669 496538 145298 383671 741327 361054 20429 330246 836842 980642 318416 826698 505404 660150 443710 511465 478325 859793 560023 225131 512165 451283 842590 876495 507428 714261 611792 756376 613982 548594 506884 410782 948027 713036 774146 719895 929799 947188 494123 973938 820806 747358 894108 400020 230362 793846 711708 811650 357751 756396 700977 473844 917828 82152 899013
 823327 776780 477193 672609 781676 110615 1019967 447840 351574 903194 315476 642171 351995 776987 480124 1022476 295199 327574 531983 483990 1036975 881664 529098 374780 201466 529689 900212 1 331510 381685 947434 917292 645241 691740 851625 281056 826527 285528 220175 207373 700265 353382 646164 712426 572101 597750 341251 567984 501734 613999 275190 446538 321054 303556 623098 836894 1035524 797215 876755 382341 819336 115761 111554 230765 598748 774019 622118 266903 828990 950490 612874 308415 430187 152586 908231 545556 1006365 429533 649341 611795 712051 528242 467310 771626 532733 1068225 575088 1134564 1099996 768143 674725 637524 774769 721319 611447 851907 358111 373601 407230 959954 362869 935380 371630 493472 685929 751084 234557 997343 711018 995002 588450 788658 431376 807088 460332 330088 413764 824962 495831 821527 925013 824935 435139 234809 611201 386384 366236 158459 296692 274598 715248 653999 699775 205144 713499 648759 502395 507305 262287 172272 218536 496887 606465 183679 496092 712980 531940 755850 538575 824607 590581 882747 582028 265198 254262 711507 147464 508989 391251 937945 808651 863519 620823 1030412 682678 423173 450037 256958 181442 541769 699108 422438 215884 927866 876411 444484 768984 573184 994920 311880 434157 42177 736905 890249 379918 185206 538773 460038 702848 950062 640783 548255 202835 549544 211286 345642 440985 204467 864680 403935
