NAME : domp200p50v6
COMMENT : Cherkesly, Contardo & Gruson 2022
TYPE : DOMP
DIMENSION : 200
DISPLAY_DATA_TYPE : NO_DISPLAY
OPEN_FACILITIES : 50
COST_SECTION
 1 598814 868749 711389 545679 347136 197291 708234 744521 98473 455590 363831 546353 384251 562181 211149 480386 412025 278351 419240 488201 235378 462666 517073 438495 672332 695404 512678 173577 428524 231001 90405 262972 313813 325952 688987 363460 590752 424049 544272 375035 344993 740708 409745 314807 611335 352131 490629 577816 385290 595007 547020 655200 299976 528777 675556 690608 636619 444073 527663 692749 364526 317727 472920 547672 530469 222881 333177 687503 78686 492609 196393 385303 366074 148609 131596 549892 753477 109004 475976 205114 198083 583715 574927 596139 790319 10006 367554 557437 727932 608607 165900 686565 671035 628873 305222 118729 483994 242767 157664 764337 553617 421425 142473 156184 103998 492494 653945 545871 415070 688231 194844 617079 532492 551105 443760 328752 251908 307109 794879 157840 368250 302081 571994 491060 417020 396644 614273 237039 336214 687254 527853 111776 191564 386721 414318 571109 408960 561161 447607 608594 281163 613956 320268 172549 340054 354845 463345 555158 301550 446905 192726 498533 384469 511514 440388 705821 459876 416081 277784 468008 668857 72805 456578 455197 490922 311722 198026 598389 189918 447952 220102 710069 640064 308861 472121 181996 786749 39298 592276 291747 71971 472308 487453 536978 59460 424625 233136 579784 333169 57508 615077 507323 509109 166700 723121 439021 603433 633878 358721
 598814 1 759061 115266 970025 645002 699934 220473 675853 508552 362960 770542 830050 751340 967796 744272 775334 203541 867868 765747 724361 753417 142334 330909 831893 464514 110579 221283 769774 345354 784371 674460 845153 292310 692826 171249 934546 744723 705025 579934 245461 629790 699281 538760 602182 397941 636007 348675 222133 213525 166368 816975 427674 826281 733929 709469 609321 580081 198741 226216 650457 860667 761508 383000 489445 437887 376348 274523 541045 653045 735201 693052 960551 298664 494257 525105 597398 693598 659315 136657 396758 567030 529768 92339 623409 239411 600078 278884 225638 226292 163405 536869 342387 100090 380583 664597 540796 258611 557938 672650 718722 972630 788534 570693 573950 512629 705459 95535 180164 572932 89510 564853 1107829 791764 794770 237589 896281 840677 561060 239106 441968 686127 900107 410165 461243 245148 367074 512121 761001 874974 410018 608195 495088 416071 230043 399608 235655 360944 591117 917247 556008 875986 711141 771494 592044 660095 594338 248362 44914 358153 685535 610069 189592 365741 285309 387581 216053 280865 968629 870726 328966 81269 654679 734815 856789 122750 730607 433187 1047096 732327 792218 730380 114097 248718 732050 847710 748801 221296 613893 654401 712213 657636 959794 203475 799333 545132 319902 455137 105832 278243 621118 615556 954405 275678 688275 155342 402359 824868 66689 292465
 868749 759061 1 814428 731230 1156972 1064451 584889 124307 792683 1023307 1220738 514863 1230126 704549 1079109 528809 811963 970616 590730 466977 1104019 780586 459024 1296623 294847 728328 929880 941749 510284 1092467 952383 1095839 710703 1164908 926374 956943 361762 524089 325222 669692 556498 134544 1131435 573861 365772 1155502 1030887 538001 746111 592839 497259 331614 825581 427450 223609 182894 235397 850815 942769 176560 793104 1180823 1049779 337394 375509 787877 804450 223956 847716 471989 763039 982536 894417 729778 738807 321773 117248 977715 797710 810763 1007929 293720 667716 277140 964448 877878 870354 956470 979487 597235 702927 427584 845987 379080 1137705 924457 540664 1034594 1024527 114652 724865 615162 730578 980658 875056 445301 692283 586000 459613 777538 1004064 900711 484469 465087 897180 928067 1074909 567494 959722 784929 570606 1037355 369626 394694 881065 523761 279083 803998 863729 352507 348351 853926 834378 676212 1029023 525759 516559 308811 774892 265275 1079641 302848 714967 709746 1159865 529264 923773 741561 900056 482063 699248 889693 979559 500661 1034955 972744 537356 935036 1084080 491522 733915 938664 514122 666119 797936 675820 879287 801307 1057354 587751 781327 762551 1002596 680654 1327366 1041848 936370 845079 292907 1146444 864145 818541 592484 487950 863661 532884 943096 854852 693200 925305 254958 756957 977601 790499 887385 1046294 436774 822867 878480
 711389 115266 814428 1 1080838 730213 803057 235233 743930 622542 427864 861041 933752 838065 1077543 848828 881340 306914 982176 875271 827538 856296 249830 419217 918247 525737 86804 281658 883195 448008 890128 784893 953688 407342 782799 134153 1049683 839407 812172 670701 360386 739752 770367 611701 713279 467890 720224 405286 296645 326754 236332 919923 489593 941454 834084 791306 680239 657614 290903 279930 724713 975215 856537 443132 575657 525015 488526 382497 606224 767281 838505 808266 1075625 391752 609440 640288 688326 761980 767525 239348 507785 666800 612394 182639 709848 150626 712264 375425 267111 176277 227072 652073 387062 63749 445286 755542 647809 356266 653239 777788 787901 1083114 898727 685958 677363 622442 807446 124845 268199 676965 38678 664936 1221106 894571 896172 319873 1011444 950273 672158 146812 555374 796068 1013198 488981 554774 334495 472948 588630 876245 990195 462129 702269 605801 525792 345070 472198 312024 465581 680290 1030639 636331 986649 801048 885425 707166 746829 703122 322113 160178 456310 790382 724996 262140 446479 375755 455042 178032 381689 1083883 980972 426230 82816 765234 840824 967699 224323 843999 539322 1158601 838029 901040 845596 54543 252487 845562 931162 856520 124465 727652 743279 806945 771484 1073604 305386 902167 656655 424132 554648 158980 393501 731333 698866 1066542 330915 803527 75306 469678 923304 85622 388579
 545679 970025 731230 1080838 1 883392 691668 958725 636072 561567 973937 858312 217925 892604 32659 670105 228055 852314 406350 207902 298020 697177 875701 699832 921379 735306 1026533 984840 462132 640920 651432 567918 600329 705444 847328 1115325 328403 375241 280662 503837 731198 341403 608810 955112 367844 725527 890341 1004346 822952 792935 873111 236265 746444 267065 322242 515090 630420 595576 896989 1001533 594458 194215 804402 995626 591608 622673 681055 784753 687894 470149 288345 350503 341798 855997 529300 504990 491551 631124 614314 895258 681590 742660 587685 901547 510805 1204606 554134 846295 1029688 1165852 887018 471477 845950 1066320 756146 833462 663329 735438 787952 662877 621761 10695 182673 454065 700305 635391 324088 976655 826877 422002 1046056 739620 172019 253718 269818 917957 323692 574554 408966 1205861 618407 285302 468774 679810 573756 890020 611392 633479 314407 261565 795471 461017 630416 685277 746953 941907 808485 620521 508227 110776 588218 549559 439260 228777 419407 872502 379741 944363 927250 807187 315465 394838 956885 902964 730858 964957 1146965 706957 270496 560554 672160 1009747 570352 262629 113242 907046 253943 714533 81100 650842 186549 326031 1054574 1109942 254460 957192 613782 1190104 506541 475294 799687 482700 122395 778770 248554 592481 661317 767193 1002707 709929 587002 538555 48447 1000711 378980 1123046 966870 294738 1028026 843079
 347136 645002 1156972 730213 883392 1 207233 831889 1036208 381366 317319 138865 892352 108222 902756 249038 825772 448978 533598 766152 827618 232371 510863 733666 188047 911702 755577 453645 438071 658424 290217 316861 374132 467427 67611 646566 636476 922959 765976 845349 526332 681589 1039541 145466 648307 839186 12874 350975 737728 478323 725934 892148 884850 622246 865861 988591 974089 921955 446265 460046 987623 693295 158732 313688 820232 787698 373286 401861 950112 415854 833114 540787 648365 347342 442861 445800 854912 1048252 270023 510561 348556 155952 863258 671571 900798 742329 337505 369318 482428 661487 735507 488361 874161 671037 846264 58343 245506 669420 122554 225215 1063686 892086 768529 478565 193636 291617 828666 731893 689313 731489 724358 159786 928569 876370 894040 410896 612498 389617 630876 750075 373225 711620 511646 812008 762480 399969 637778 882463 569009 645804 902324 838980 309763 323809 528159 265497 738249 646901 862715 778953 891842 435194 936726 663913 513184 21018 682994 408697 614192 297715 784179 535857 468157 283846 708368 289210 639602 656941 703198 423134 688321 726269 313081 799701 799762 523255 658578 279728 927472 258958 795029 559106 754251 545443 655584 202841 299358 752504 385646 905392 119744 401910 795396 643006 881256 318735 641789 220524 571431 489096 298163 914463 841538 414464 508759 705656 276735 945676 644851 355825
 197291 699934 1064451 803057 691668 207233 1 848447 940389 275528 449827 172205 729034 201602 713638 50213 665276 497142 326632 599509 680077 53517 557602 690254 244194 855664 806534 555158 234829 604319 95886 129131 177569 449793 157893 748913 429664 785545 614452 740708 514744 539661 937381 326835 510790 790218 217511 487293 730164 497037 735413 731809 835285 425852 721800 872844 885012 831103 513743 566552 888887 498354 122087 457065 738837 717354 345021 426633 877405 242414 683633 365363 441157 415738 336538 325644 746740 949749 89818 564896 319237 140987 776759 699147 793053 850419 187706 428809 594195 776544 747653 362613 852328 752027 804477 150259 166598 644069 171691 39925 961094 700945 596924 339466 125987 209632 686210 772171 690176 612339 787638 141872 724675 719553 739262 494708 406846 188234 504382 856753 305936 557757 305696 754242 681331 473850 575610 804970 379633 444441 862917 725057 232174 294755 522512 397820 726280 587132 757703 583996 802542 234035 810721 482902 367661 191259 551647 504326 660659 348150 640391 385648 555266 390812 677037 425770 753831 623900 497035 222902 641343 777881 134794 645355 617798 579675 486561 268103 729622 52720 626199 375786 814014 670344 482848 278959 92372 853866 227262 789564 108023 225879 596177 634917 723388 204867 595463 250136 652756 471998 139875 811535 647590 532074 331500 797002 417995 792004 718996 416165
 708234 220473 584889 235233 958725 831889 848447 1 525651 610147 575407 946509 781974 933896 949149 886911 740227 384547 950075 751349 677282 901191 324916 258910 1013692 306400 148728 439277 865097 326579 921703 794441 969514 400291 871292 361109 997725 663310 678672 491794 335850 624246 554943 741676 606366 263667 824467 565100 140860 357238 113670 765832 272848 873446 673443 590435 466702 454038 398060 445588 514285 890704 928913 597380 392296 347779 503979 433244 388190 743718 688309 747422 1025407 488018 574485 603099 508933 543694 790727 330262 529373 729201 419593 161437 519912 382164 712313 464361 446106 409319 100862 599091 159487 279346 235367 842037 682120 238499 730335 815472 570018 958912 777848 637151 725955 643365 653766 127805 162428 537136 201807 726334 1115205 740735 737528 443401 959409 959976 567815 376755 554373 677699 994808 297991 390574 443482 360701 386497 814978 923406 236805 529860 622199 553695 326584 606130 153327 349157 497325 929983 438210 988570 615084 795174 647070 844442 583093 459642 230948 534550 647949 658144 404436 566335 230798 597955 407538 267527 1017692 985806 290031 162685 774746 701157 849100 320830 749366 583785 1039448 871296 772443 783318 181177 462859 752111 1033584 879373 353125 712014 557070 881345 752772 976407 221145 748193 664590 313361 622868 325967 378807 744421 503424 953985 493838 752672 310377 612465 754847 268251 477522
 744521 675853 124307 743930 636072 1036208 940389 525651 1 669241 915597 1097467 418195 1107570 611876 954816 421982 707060 850733 479211 356174 979759 680955 357973 1173361 219624 660224 830823 818870 397975 968209 828078 972276 597032 1042568 846296 841557 260846 408752 200958 560553 434724 34382 1015631 450757 278173 1035091 925581 454075 639157 512508 399809 254819 708636 320099 121756 68522 115067 748038 844578 52557 680335 1057103 942216 220550 263894 669484 693192 138034 723633 362520 640886 867713 784367 606206 614760 198020 18090 853501 699144 691675 886006 175087 583519 154358 894484 753674 760901 860508 900697 519226 578673 366525 768276 298721 1015607 801762 440175 913694 900464 44367 630771 504942 606280 857972 752420 332711 619357 497383 335821 705815 882129 807722 383473 366301 793140 811428 951562 443403 890705 663419 452242 916820 269891 276066 775236 407855 170345 683918 748552 289337 225617 731515 714771 568456 918076 440223 401758 184659 668950 145433 957113 197245 598505 585646 1038563 406114 820547 653237 785645 365905 575484 790808 868395 402343 925618 891782 432689 823492 961309 384129 661513 814366 402595 560886 700915 557749 759820 710368 933054 479567 660348 694848 912548 562533 1204351 917590 868011 720773 174808 1023184 740020 714161 494919 388042 740099 422252 824256 765698 580722 801141 130973 657088 876229 667736 813999 936369 347538 741575 768230
 98473 508552 792683 622542 561567 381366 275528 610147 669241 1 413318 428279 522979 440336 572933 299375 455461 331455 359785 403953 449295 320783 376755 421201 504170 581310 601820 445482 261773 333262 324811 187493 361352 218993 376671 610516 433306 541734 390574 472017 278344 302997 668606 409287 268658 517834 383209 445069 479343 295891 497094 520328 562344 344951 486023 610920 611729 558042 368364 461413 618551 398738 388467 434373 463712 441931 139249 253309 601923 144945 455572 218319 457781 304021 63298 65825 479810 679580 195656 391801 129078 225543 502509 479437 526175 710384 103605 299894 491032 652901 510794 108566 589298 585796 534061 351347 136520 385721 262258 236113 692598 568138 412638 109760 191713 90071 448633 559130 447734 351451 597513 221678 656869 502309 518470 376008 396092 350324 249515 714297 68854 339205 392567 480180 406027 348129 302624 529650 277487 388615 592563 461271 75340 126071 290658 380371 472677 314612 489289 475016 528981 378548 556071 333176 146236 379468 301780 398978 464244 248003 404910 171288 425950 341932 413900 403459 631383 361938 477002 375660 372041 575930 168615 425385 459608 406411 310958 153095 623726 279640 434275 251929 618040 573931 309480 535514 277476 704537 105537 527328 354023 149115 507244 389206 507825 71212 327818 209791 498737 237238 143421 542497 529155 450545 199932 639469 405320 568929 547858 293558
 455590 362960 1023307 427864 973937 317319 449827 575407 915597 413318 1 455253 908991 424693 983789 500017 842783 213380 724177 802960 818088 497229 258713 565174 502492 741032 469459 146425 616383 518497 545606 490085 624603 326803 378716 331274 816677 884259 771600 756774 355069 681224 928995 185351 645794 665509 305740 37525 519154 277197 487066 902331 707447 751546 845458 904946 847600 802904 182369 148469 875491 810208 463937 26659 697179 651709 299666 226652 800487 532840 826804 630712 836701 134798 446867 469285 771162 931102 453909 248209 294066 311728 743265 417011 811460 425249 450602 156025 167075 344169 492350 505374 660292 365489 661735 355547 344992 485182 278496 439677 952127 980157 816091 519888 342066 352354 809182 457565 465969 682714 429389 311865 1067442 880562 892327 134407 783293 630493 612502 433127 356201 729203 729268 654135 646669 143842 514318 746423 685468 790788 709289 766821 350562 288663 347397 53314 525413 517874 772804 888112 773273 674448 875705 746176 554927 336502 663365 115775 344534 167156 772527 579788 173387 71714 526319 28309 322308 486039 871550 665046 532252 441306 474525 806873 869154 255596 721162 262443 1037042 497504 833429 662627 460683 228729 720169 510876 528854 436460 489385 829384 415935 527560 919012 439067 887192 397884 493485 224476 270964 338996 442280 815735 942410 99052 609024 393501 42221 937126 345443 151017
 363831 770542 1220738 861041 858312 138865 172205 946509 1097467 428279 455253 1 901213 46280 881515 188368 837302 569781 474397 771711 850671 161901 632316 821899 75895 995031 880848 588359 396673 740449 214036 301316 288621 563268 78269 782678 576276 954536 785478 900029 626150 708676 1096756 283107 678614 925610 151196 489445 842190 589388 837058 903877 971308 591321 891913 1036466 1039236 985753 572872 595692 1046828 664178 54180 452406 889008 862463 461129 513271 1024682 414463 854532 537517 582781 472019 491453 485686 907330 1107858 260664 634364 434750 223417 929333 788721 953740 879542 353899 491858 619048 799254 847727 525371 973648 803342 936287 105945 297732 765418 216175 208724 1120710 867869 769016 505985 242121 347043 855925 853777 796702 775703 852791 226892 878045 891368 910912 541222 559225 309992 669146 887136 441581 728951 436896 893716 830936 527497 715343 953916 549247 604778 993898 887447 368999 408774 630536 402853 840868 725848 917253 749185 956412 351889 977061 654156 536209 118915 718159 541714 736910 414620 810211 555392 600072 417000 802083 427309 777222 749246 646044 339005 774301 851522 306436 816811 788425 647862 658723 369857 891547 207529 798380 547053 881953 683766 654986 108328 244956 888860 396847 952875 74295 398015 757559 746181 895291 357730 727504 323720 703088 585707 306785 970630 813092 551409 503623 840205 415142 963607 775429 478248
 546353 830050 514863 933752 217925 892352 729034 781974 418195 522979 908991 901213 1 927121 194137 722067 67540 750259 517938 129813 106345 749961 759553 526716 972345 531439 869337 888333 531435 485831 716806 600040 688472 601941 871520 989094 473879 157450 137419 301019 609964 227807 390932 932139 263347 532466 896463 933941 654313 683245 709802 18634 547057 360258 112233 297174 415083 383931 796884 904953 377357 306083 850329 933533 396465 435371 609755 695182 476975 486863 95316 364523 495755 779072 471630 457587 286456 413217 641167 780021 618646 738808 384251 751138 298656 1069325 556222 763888 930579 1042609 722718 415700 654155 929660 563497 851530 650508 578021 780260 693150 404251 212597 137881 416435 699001 610536 128360 819695 668460 257146 896695 735188 389548 41567 52440 827141 453396 663514 297165 1069155 561434 183870 586987 489571 391507 800732 463067 428852 369378 384313 596288 258756 598248 630294 624904 887346 638960 469172 302106 266571 380249 652038 221711 260021 380553 886186 248818 855485 790684 744386 145227 356997 854944 842254 564361 906177 1026057 552067 436962 660324 509179 856691 595115 102322 160258 789476 243930 668768 292965 700314 105878 361299 900241 1005427 248055 1007567 670479 1050916 509135 261384 833003 503210 306918 628646 34444 575799 510407 730742 881150 599876 599673 325656 242226 914718 398508 985391 911317 83984 893063 764082
 384251 751340 1230126 838065 892604 108222 201602 933896 1107570 440336 424693 46280 927121 1 914975 225299 862315 553195 514528 798156 872451 200329 615478 821277 80554 996726 861901 561865 432610 742087 255060 329605 332169 558638 66106 754596 616987 974041 808091 912016 620067 728796 1108263 246879 697644 925939 119146 457631 834524 577976 826138 929006 971703 626115 912922 1051003 1047866 994767 552757 568204 1057565 698849 95112 419809 896030 867209 459106 501417 1029823 440642 876798 565242 624448 452919 503597 500559 920095 1118555 286305 616121 433136 223846 937420 774556 966434 849919 374246 474077 590369 768725 836262 541465 968471 779119 935155 95076 305832 761402 207233 234575 1132320 901985 796802 524850 249635 355151 876482 836949 787564 790782 831642 227608 917654 915557 934621 518470 598585 352756 685690 857743 446579 751988 479571 895865 837929 506703 718613 960094 581216 641834 992206 901470 376208 407368 623330 373320 834057 728628 929329 784266 965093 395489 993906 684158 556605 91359 735873 516800 719462 399562 831000 576937 576116 391893 799131 396473 746967 746759 686405 382659 774472 832568 332420 840203 819284 629136 686190 366013 928277 242763 825498 577101 861343 652124 682633 101211 281821 860447 419320 967374 94379 424680 794409 738927 919759 371310 727647 314017 679387 580852 328481 982269 848040 522325 531606 813872 383637 987134 752625 460494
 562181 967796 704549 1077543 32659 902756 713638 949149 611876 572933 983789 881515 194137 914975 1 693622 212275 856119 434541 202280 281064 720903 877307 690334 945614 718369 1021179 989966 486270 634659 676317 588549 627315 708323 868383 1115870 359110 351455 270593 486603 731346 338012 583892 970681 366546 711582 909382 1013492 814794 795270 866179 212720 730856 291307 301908 490454 608780 575691 901268 1006695 571493 218875 827772 1005954 576728 609785 688688 790217 668420 487951 270908 366010 373207 863681 537636 514514 473624 606326 634623 897084 690443 759881 570563 897204 490574 1203715 570895 853117 1034527 1167014 879923 479366 832587 1064917 742380 853750 678959 729199 804892 683876 596136 22786 179472 464289 717635 649239 306933 971241 820777 412041 1042260 756753 196325 231943 246520 923761 352963 601506 407443 1204714 627670 281671 497960 666435 561756 895962 606177 616113 334681 289335 780029 443728 643237 695294 747044 953143 800103 614822 490059 138467 569676 577694 415813 242590 428893 892398 374644 950552 925518 816734 302523 404002 961068 913194 722828 975668 1148490 701071 302385 588484 664570 1005167 590105 249185 115457 908523 262638 726023 98877 673990 177632 343901 1049838 1114110 263740 981446 637545 1188477 522911 454246 821631 501131 154362 774075 226245 607100 655937 780245 1003793 711790 605378 518059 79250 1007512 395816 1121579 978044 267782 1026841 850401
 211149 744272 1079109 848828 670105 249038 50213 886911 954816 299375 500017 188368 722067 225299 693622 1 660075 542269 290627 592259 679962 27931 602014 719207 252969 880511 849889 604094 208305 632003 45695 128168 128453 486918 192914 797317 393625 788205 613493 754168 551757 543431 950061 374669 516672 817104 260151 537489 765503 538748 773485 726097 861701 403060 722600 881947 901608 847615 560525 615712 902837 475922 134326 507264 758598 740045 382964 470114 898208 240763 682736 357694 402999 463457 357369 342643 759116 963381 103870 610050 357859 190459 794863 740108 805148 898997 202529 475706 643531 825667 786050 376336 884234 798746 832769 190841 205694 677040 221897 71959 973513 679715 587353 349225 171766 244091 687939 814369 727240 622865 832476 191130 692756 715407 735781 542863 373719 141173 514229 905226 337943 556581 262932 779499 701743 521451 601912 825132 362957 416790 891289 735920 265953 334331 560366 448033 760889 613806 770898 560838 819693 187006 817040 469787 373924 231397 559027 553152 704268 395400 642115 389451 603304 440654 708535 475983 802948 655643 462390 175367 670085 821444 140493 642915 602647 624930 478217 311222 703454 22264 617653 363210 858359 720082 474198 288741 56660 901970 234646 799267 138133 223693 569500 671024 718776 231312 624910 297961 699893 508801 156784 824870 624755 581806 323764 844466 468185 788563 765214 463272
 480386 775334 528809 881340 228055 825772 665276 740227 421982 455461 842783 837302 67540 862315 212275 660075 1 687574 469726 71664 70275 687895 699236 482234 909078 507253 819957 825287 474193 433820 656719 536581 632472 538811 805994 931522 436141 168033 72738 275832 549910 161732 398542 864603 197009 499355 829729 868184 608504 621476 662090 66701 518820 313663 101971 305636 407832 369684 734076 841958 376137 268512 786935 867171 364470 398038 543308 630676 461215 422866 61323 302511 459996 713548 404195 390050 263852 419860 576843 719614 551739 671883 359641 699139 285958 1014045 490297 698840 868001 984523 675438 348167 620482 874388 530183 785602 583398 527492 713111 628856 415016 225728 89550 349152 632289 543137 96341 770083 618769 205676 844862 668244 397915 56738 78657 763199 411798 607946 232259 1014232 494154 116331 538909 454391 350823 736535 408636 405462 314013 343902 567944 233052 530741 563075 565099 820494 593458 415759 280663 247032 360802 599334 226464 207120 313405 819892 186160 791387 734942 677749 92479 290068 792580 775669 517210 839574 967453 500494 407534 606944 460256 805898 530908 40534 138988 729539 183962 601345 308448 638153 59385 302686 849988 943835 188424 944128 609517 996593 443578 252692 768381 439429 292252 575986 59012 508725 457209 663224 822300 537743 534313 314032 239257 850428 336360 930518 844544 130200 837261 698706
 412025 203541 811963 306914 852314 448978 497142 384547 707060 331455 213380 569781 750259 553195 856119 542269 687574 1 688501 660760 651034 550552 62547 353043 633588 527748 312433 138388 585529 314157 583274 480381 647213 149019 492719 279064 764758 701443 614838 559690 151601 528249 722351 359532 495034 452280 441009 218948 309070 70727 284100 740723 494071 670194 672022 705642 638688 596134 46712 154875 669192 715479 558694 239343 491520 443958 192302 78900 588506 475183 660844 537928 789171 103548 334702 364228 575248 723071 461056 67785 207015 363491 537354 223312 612551 379215 411701 79911 180429 322601 291785 387480 450566 260539 448393 464013 341016 272255 355482 471024 745002 856765 678982 414792 371201 317821 637888 284041 256404 505136 290517 361315 971490 717038 725456 86335 727469 644498 456476 383400 262602 581929 713624 442356 444533 69591 316150 536992 602813 716317 496559 575206 302784 221884 140650 230209 314112 317338 574783 782769 567125 681949 684588 635195 443316 462608 501685 114515 167284 155466 606993 465361 105307 185439 313234 229101 301632 274919 806895 675785 322955 283267 460965 648697 741032 82677 600564 232443 923864 531172 690109 574346 317336 258076 600876 651562 549786 374749 433113 634340 509582 476880 820904 225807 724207 354887 287746 251662 167899 150759 426720 613922 828668 172892 526218 311313 242209 765322 224789 93249
 278351 867868 970616 982176 406350 533598 326632 950075 850733 359785 724177 474397 517938 514528 434541 290627 469726 688501 1 398373 514440 314300 736250 724069 528936 845470 958193 790739 107825 637577 260412 235962 196552 576408 482579 966603 103140 628618 450636 658093 631378 417454 836074 641433 407872 799944 543472 760563 811876 655651 840379 527844 838276 157741 558136 751468 813430 762439 721995 805552 798873 220867 420603 738647 700294 701857 496897 609636 836099 214904 512774 218529 115865 643795 378800 348798 656241 854204 277909 750782 481702 427351 723286 833091 696915 1067557 280460 645871 835292 1006187 854688 351448 897383 945303 823976 476889 379296 713732 471332 311431 856818 416785 382066 313168 388878 380346 531605 913678 789656 523773 956493 425718 403721 525779 548001 721989 86237 171268 428997 1071878 427777 400449 69203 754468 652925 695345 602290 763958 166824 145288 879196 626304 390085 469704 645063 678434 802172 615038 671827 296104 740386 143212 675275 263236 308032 517890 451155 741074 823350 578019 490568 303549 776856 654846 731884 705818 984117 685918 171894 154286 678385 933202 250049 468714 368759 765536 296389 474731 424920 276397 414352 192048 976078 917704 291510 564186 235757 1063005 255576 677722 428607 211697 292570 731025 526543 337518 643017 499862 856388 592752 281901 722421 358248 785060 202296 998517 702161 597476 907507 636883
 419240 765747 590730 875271 207902 766152 599509 751349 479211 403953 802960 771711 129813 798156 202280 592259 71664 660760 398373 1 123761 620151 678452 492584 842628 541331 819281 796703 403389 433186 587394 470447 561358 511951 743325 915525 368330 234159 78163 314746 531101 136094 458248 812596 166449 524023 770721 830284 615109 597652 665257 134712 548576 242980 164581 367174 457957 415188 706631 813451 430924 202461 720657 826521 393299 419722 503755 598613 503752 357598 119137 234725 393019 677215 357918 340020 305651 478775 511979 698474 509332 613965 396237 694984 334959 1002217 429005 664422 840548 967247 679143 299969 642899 863186 554146 723947 526720 527734 656405 563914 476215 208974 28088 294994 573446 489041 146501 769362 619240 215981 839987 610427 366921 128304 150313 732219 342435 536718 206689 1003071 449065 79964 467527 477434 369586 704867 404139 442120 242578 275423 596931 273608 478491 518126 546710 777242 600695 413004 322776 195804 402130 527705 288107 135497 258482 759286 172451 759777 723681 636328 119599 233932 766052 734143 523009 797742 949145 499381 344572 535367 464266 803007 465884 76732 98395 709444 114231 553874 288224 570501 30535 232312 847723 918683 118452 877888 540806 986605 381396 305713 703929 373809 243263 571915 130002 452049 453981 613558 804113 513755 471501 362972 204555 817951 268712 919797 801717 201452 825243 663040
 488201 724361 466977 827538 298020 827618 680077 677282 356174 449295 818088 850671 106345 872451 281064 679962 70275 651034 514440 123761 1 707403 657339 420993 924155 437499 763013 789402 505990 379729 681158 553403 664885 503946 813448 884543 491095 114312 66984 205852 507820 146340 334591 854657 180835 431875 830522 841271 548384 582873 603592 92617 449875 362611 44098 243453 338725 299609 697744 805908 308831 326148 802158 843242 296321 332194 521162 599641 390971 439451 11080 327554 516195 686049 392645 383571 193624 355271 590455 677864 532664 672031 289761 644908 216326 963725 498207 669501 830847 938332 616566 340762 553364 824107 462824 791274 582534 471703 711015 642138 352455 295372 148822 349450 634300 539007 26085 713359 562116 151559 790423 668266 468181 67500 74619 729969 463857 641262 207261 963441 479155 123640 583083 387663 286747 704163 357663 335492 351872 397940 499080 163009 524229 546806 522478 799796 533086 363418 210406 313847 290534 637084 164505 252320 316138 823476 155013 758572 685383 656074 45716 295551 755020 753304 458170 817133 922128 445853 468262 643657 402839 750357 545365 47215 207332 686851 219105 587653 378099 657758 124072 335241 793897 904277 223952 958561 632329 945040 453857 184243 779629 456461 360004 522561 75033 508888 404536 651649 777512 500283 544345 244450 309288 818096 360124 879687 823206 120553 787723 670643
 235378 753417 1104019 856296 697177 232371 53517 901191 979759 320783 497229 161901 749961 200329 720903 27931 687895 550552 314300 620151 707403 1 611087 738938 225256 902067 860050 606406 235129 652268 58068 154825 141764 502005 172763 800703 416968 815353 641000 779291 566951 570341 975432 363531 543235 837798 244033 534538 781837 550412 788025 753948 882609 430113 749955 908073 925952 871967 566697 617462 927887 502966 107725 503049 781935 762368 397429 480146 921250 268045 710254 385557 425295 468241 379991 366442 784501 988526 126763 618293 371833 192253 818732 752436 830614 901994 226447 481749 644781 827414 800362 401093 902554 804949 852846 174067 219077 694720 218876 86906 998950 706832 615283 374866 179469 260450 715177 825628 742460 648604 841062 193473 717332 743178 763513 546836 398271 158014 540042 908441 355843 584089 282831 800856 724841 526395 622752 848364 390709 442878 911347 761637 282753 347601 574998 444639 777661 634497 796092 587707 843852 203205 843655 497675 400288 213722 585354 555751 714175 400975 669340 416240 607458 440364 727012 472381 804719 673971 486193 190970 689892 831396 166080 670556 630415 633053 506125 321578 729647 49766 645574 391129 867491 719957 502111 261054 83396 905907 260489 825250 116955 250996 595659 686850 746574 251451 644363 302748 705501 524111 179729 850049 651643 581801 351616 849528 463856 816300 772113 469015
 462666 142334 780586 249830 875701 510863 557602 324916 680955 376755 258713 632316 759553 615478 877307 602014 699236 62547 736250 678452 657339 611087 1 323179 695913 490881 250251 149871 635357 299374 642330 535069 704253 172421 555207 241281 808427 698061 626780 547362 149603 543493 698710 416931 512012 416395 502689 256890 261042 84496 229136 748727 455860 707815 674592 689839 612447 573242 76357 163809 646326 748845 621085 283199 471194 421452 239985 132916 556650 521642 667591 574531 833577 164049 371574 402042 563732 697596 518171 20547 258249 425276 516148 163517 597960 336990 463170 141553 182122 290296 235417 420386 401783 209061 408974 526532 399030 240912 417979 530454 720619 879489 698482 450847 431619 372618 642086 221564 207813 507858 230631 423019 1002223 724351 730969 124379 770634 700521 471968 340058 308474 598700 764738 412248 429068 119362 308319 510729 641040 755163 453420 567164 356056 275963 134871 283228 268162 306967 561427 812203 545305 736829 675664 664652 476506 524757 513307 147045 104780 217987 614715 497043 109883 241659 280052 278159 271271 249781 847265 731146 300329 221181 515421 659474 763194 31486 627346 291073 949544 590257 706948 611530 256423 248045 628104 713577 607433 328755 480810 622865 572025 524732 852179 188192 731709 407179 272032 313727 127645 165795 481504 596520 854952 197311 565740 262976 292139 767807 171362 155080
 517073 330909 459024 419217 699832 733666 690254 258910 357973 421201 565174 821899 526716 821277 690334 719207 482234 353043 724069 492584 420993 738938 323179 1 895731 180131 346722 473031 651820 88937 746011 607430 777906 267352 755256 501657 759094 420787 419799 251498 215877 367457 376919 685647 352378 105753 729805 571909 127930 288412 185663 511281 151248 629418 421062 378909 289526 253053 391939 486654 325469 639527 791832 591518 158540 107015 362206 351972 235468 532960 432068 510879 787145 438989 369799 393159 269119 374799 616163 341201 388148 598911 199608 240964 292662 564720 523597 414343 502624 556852 197635 376853 173532 429163 114582 726223 528810 82269 615443 652436 398284 700003 519237 414862 581885 481768 398403 298270 152171 278293 380771 595325 857340 485959 484629 438159 721534 763807 315906 562748 384856 419835 776447 89440 137180 422312 122975 188123 575862 678951 172788 283777 459071 413964 220066 573957 112415 110179 261453 673779 226992 785121 382116 543354 416040 740588 325828 464846 301751 453429 389792 422079 432958 525097 45935 578027 545210 80113 771972 784712 49165 338031 589163 442822 590505 342999 496765 455669 780591 700169 513534 544650 379354 556948 499878 922168 698409 542028 509909 324652 749639 545207 720691 137385 493507 487903 94921 513273 411726 246735 564502 284824 695716 519326 522036 480772 589913 507217 397581 423452
 438495 831893 1296623 918247 921379 188047 244194 1013692 1173361 504170 502492 75895 972345 80554 945614 252969 909078 633588 528936 842628 924155 225256 695913 895731 1 1069667 942454 641268 459368 814992 270695 372497 335932 635238 142863 833187 628753 1028876 858626 975881 697422 782946 1172621 321394 753275 999806 198343 534551 912678 657326 905449 975515 1045538 654462 965704 1112035 1115083 1061617 633300 647230 1122719 727224 122182 496297 964701 937800 534173 580841 1100121 486377 927789 607986 632701 533464 567337 561371 983128 1183748 333701 696653 507926 296821 1005134 854647 1029539 927630 428611 554559 668841 845956 915735 600852 1045545 859051 1009967 172318 373307 837809 285018 282108 1196570 931152 838953 580860 317504 422675 929923 917415 866270 851243 912084 300416 931933 963583 983383 598799 614864 359567 744456 935579 516783 801947 484935 968455 906617 587224 790316 1029509 615925 664476 1067377 963114 444528 481996 701189 451809 911847 800702 993099 811418 1032257 397775 1052184 722445 610563 171856 793169 596709 799962 479648 884148 629287 656203 471888 874974 474198 824392 822313 699005 384897 848393 913121 378987 889535 855611 709684 729095 441956 950913 273762 868779 615606 941829 728750 725231 35835 308296 938802 470690 1028465 150182 469698 817058 816870 967340 433588 801567 392482 759477 657584 381212 1046496 875356 600699 574008 893148 461002 1036138 832860 540969
 672332 464514 294847 525737 735306 911702 855664 306400 219624 581310 741032 995031 531439 996726 718369 880511 507253 527748 845470 541331 437499 902067 490881 180131 1069667 1 441255 638803 787652 254706 903330 762163 926147 446971 930620 632866 862899 389129 463170 231769 395783 444178 248544 865737 442944 75633 908235 745254 243155 466054 298600 513371 36842 728065 419298 291425 160968 158234 563585 651052 209573 721438 962281 767084 150244 144732 538825 531742 81802 674903 447497 626976 890793 617583 523890 542393 245237 237707 776656 507005 564244 773286 147811 372939 238014 676360 679933 592706 663469 686524 303765 517232 148193 553269 84249 901871 698885 256240 792258 816786 263959 732853 569418 552744 753411 650510 411519 401712 291626 335785 487944 769606 904145 490394 481055 610992 827568 909483 416933 672308 554180 484711 904410 101545 192547 597338 280489 102594 685114 775021 72819 274642 627969 589743 399261 752377 231015 269482 229342 736086 152719 925350 331388 627567 544689 917906 403990 636452 446813 633558 423094 543963 598682 703892 214927 755241 679003 259935 862722 926638 223446 443782 745135 474069 637530 506146 581085 632565 815586 860383 553838 655979 475857 707857 585158 1097168 854102 649417 658921 277176 921877 689095 783834 303268 497120 651000 269915 691742 560102 426664 723908 215025 743007 688139 645312 596961 767527 484899 528840 602278
 695404 110579 728328 86804 1026533 755577 806534 148728 660224 601820 469459 880848 869337 861901 1021179 849889 819957 312433 958193 819281 763013 860050 250251 346722 942454 441255 1 324717 863524 386816 889033 774502 947104 382855 803220 214219 1019063 767271 752711 596822 327146 685342 687391 647889 661338 386142 746560 452296 220189 312996 161063 854731 405466 904546 766467 712095 597507 577215 309313 327095 642855 932882 871076 488108 499829 450205 475360 379932 522266 744503 774066 772731 1045764 409138 580330 610912 614434 678303 762108 246539 497496 675482 534448 128070 633222 236122 697479 389024 320965 260893 149601 617340 300774 133752 362190 774911 645150 292562 667680 778032 704362 1028137 843867 653178 680701 614220 741758 49950 201193 614376 53807 673193 1172731 829332 829477 347368 980568 941371 620550 231531 537581 741260 994371 410382 483768 355685 415173 508236 841173 954034 376370 630414 595566 518392 313173 508296 235867 406357 605372 983188 557189 975104 725936 840540 670753 770665 646901 356438 145967 467694 727995 686488 296588 475770 305714 494950 260131 320208 1048470 970470 360222 29339 754617 779640 913987 233002 797327 538752 1105583 837146 843721 809912 34625 323410 799296 958272 851829 208375 707283 667833 821893 750511 1027532 248144 836924 644043 365301 563971 201359 365553 721670 620728 1015314 377999 771422 161708 509760 853775 131665 402627
 512678 221283 929880 281658 984840 453645 555158 439277 830823 445482 146425 588359 888333 561865 989966 604094 825287 138388 790739 796703 789402 606406 149871 473031 641268 638803 324717 1 684324 445945 648375 567370 721298 286487 510338 195652 874432 838802 752571 693483 287255 665331 848432 330185 631676 564937 442964 127722 403079 207804 361959 878954 603282 789997 810316 837636 762313 722813 91680 16751 795932 840036 590013 163530 620153 570816 309354 200165 706028 583380 799191 660235 897286 147279 459861 487726 709471 847449 539271 132174 316408 414291 665366 287099 745179 295858 510280 145973 45603 221797 364796 515527 540591 219797 555989 484618 420189 390763 391408 537011 870415 989701 814100 539329 434744 410635 776260 316795 350591 643370 283200 413294 1097696 855336 863836 69510 838361 722948 593675 302597 378409 718400 807249 562024 576359 97375 451310 660583 722412 834096 597659 710952 400946 323224 274703 191182 412040 451414 708056 910867 694674 764153 820111 763984 570355 471419 639622 51164 210191 215091 745299 593530 40188 171687 429671 173395 199084 399238 921783 756300 449470 297145 549290 786611 874595 132840 731659 316668 1054607 597402 826321 695566 314571 128452 731642 652214 623098 301866 539782 768661 540666 582223 947105 337434 862488 453312 418853 307425 124694 289142 515005 744791 959214 54568 644929 252039 188056 903634 199052 153993
