NAME : domp20p10v2
COMMENT : Cherkesly, Contardo & Gruson 2022
TYPE : DOMP
DIMENSION : 20
DISPLAY_DATA_TYPE : NO_DISPLAY
OPEN_FACILITIES : 10
COST_SECTION
 1 604680 483876 817383 789510 402087 679638 399011 187744 333481 357750 780089 356912 173984 248651 851902 392089 517174 354332 313763
 604680 1 424673 243179 447731 433176 357154 329511 697087 359979 290364 244124 819818 443564 366209 927064 783389 109938 787110 811062
 483876 424673 1 501096 323662 82578 232751 135629 660027 510500 453406 434704 495056 335114 405691 516435 427389 432292 452952 511506
 817383 243179 501096 1 344901 546356 315938 466277 929650 602346 531263 73950 972355 646238 594889 926309 917942 353117 934023 975234
 789510 447731 323662 344901 1 403167 115237 392405 951461 714911 642788 274427 809095 623598 646143 599904 732538 525247 765669 830928
 402087 433176 82578 546356 403167 1 305711 106734 580169 457348 407721 485051 430539 259111 344508 549578 371620 419570 390261 441430
 679638 357154 232751 315938 115237 305711 1 280849 838199 601270 529782 242199 727565 511424 530907 611799 657404 422727 685182 744042
 399011 329511 135629 466277 392405 106734 280849 1 559581 375755 317777 412177 507399 231205 275870 646445 459934 312999 470499 508963
 187744 697087 660027 929650 951461 580169 838199 559581 1 357496 412893 903755 504846 328968 334911 1037755 558382 594599 513390 452870
 333481 359979 510500 602346 714911 457348 601270 375755 357496 1 74251 591899 658615 256788 123274 1004152 663369 250870 642159 627021
 357750 290364 453406 531263 642788 407721 529782 317777 412893 74251 1 518627 656418 244524 113782 957245 650838 183336 635410 630405
 780089 244124 434704 73950 274427 485051 242199 412177 903755 591899 518627 1 914110 606833 569554 852364 856256 350478 874772 919797
 356912 819818 495056 972355 809095 430539 727565 507399 504846 658615 656418 914110 1 412279 544558 608949 91936 766052 44006 56282
 173984 443564 335114 646238 623598 259111 511424 231205 328968 256788 244524 606833 412279 1 135416 774383 408118 368109 390934 388840
 248651 366209 405691 594889 646143 344508 530907 275870 334911 123274 113782 569554 544558 135416 1 886138 543504 271026 525181 517183
 851902 927064 516435 926309 599904 549578 611799 646445 1037755 1004152 957245 852364 608949 774383 886138 1 521057 947754 575142 661639
 392089 783389 427389 917942 732538 371620 657404 459934 558382 663369 650838 856256 91936 408118 543504 521057 1 740623 54085 140924
 517174 109938 432292 353117 525247 419570 422727 312999 594599 250870 183336 350478 766052 368109 271026 947754 740623 1 737266 750728
 354332 787110 452952 934023 765669 390261 685182 470499 513390 642159 635410 874772 44006 390934 525181 575142 54085 737266 1 87090
 313763 811062 511506 975234 830928 441430 744042 508963 452870 627021 630405 919797 56282 388840 517183 661639 140924 750728 87090 1
LAMBDA_SECTION
1 820
2 39
3 519
4 233
5 528
6 438
7 682
8 28
9 583
10 506
11 735
12 535
13 502
14 548
15 519
16 282
17 918
18 298
19 143
20 454
