NAME : domp70p35v4
COMMENT : Cherkesly, Contardo & Gruson 2022
TYPE : DOMP
DIMENSION : 70
DISPLAY_DATA_TYPE : NO_DISPLAY
OPEN_FACILITIES : 35
COST_SECTION
 1 315497 719578 526652 412793 768769 971288 535612 544437 368380 547409 706106 662331 675678 276481 600297 272622 829546 568593 269984 532757 100647 353489 962430 855121 278990 317847 293176 435378 654999 669514 594115 568855 338708 909471 570085 312120 562428 588293 693875 522561 66820 305131 291066 685071 127800 570156 376269 186900 480811 113118 168173 749739 418512 255390 418106 806545 601797 726686 612990 786060 269659 493047 679836 749833 190308 177472 540142 274319 644658
 315497 1 567363 733933 430819 835691 980031 710883 832806 239227 234228 784764 604613 466792 458708 770470 108450 876307 500686 210181 217260 228849 456245 971099 847569 242438 469288 118863 174177 753104 409237 865354 848384 280280 939980 747780 433523 354385 417933 551276 410499 361389 382588 42638 631648 367355 287084 371020 376949 436247 379847 223730 540046 126445 65296 453611 780774 672773 440697 465264 774614 48852 781613 589975 693249 505336 353790 574459 580842 345137
 719578 567363 1 729680 369078 529509 535699 658234 979125 361169 509116 521182 202662 151028 970331 680300 501829 520260 201080 454041 550228 628849 482941 528433 410125 440804 996840 478266 404366 539828 288237 955412 965141 381004 538365 681807 510968 223005 149441 30476 198614 786377 467485 543278 215788 653250 377790 368406 600170 273512 829787 552828 142279 633126 565490 386786 335672 457161 378642 107836 356117 596226 941385 136589 232728 866010 856893 371374 855263 429707
 526652 733933 729680 1 396144 393384 634214 79441 285916 582880 903886 335212 548973 793795 758426 110879 632008 467818 530597 539407 913421 542314 302021 627398 574790 511722 808363 633188 736607 273842 875450 233935 255350 511459 552352 80947 308587 729264 688212 699764 581929 554903 368157 692452 552360 404899 847684 437494 366735 480062 597718 513369 842757 860246 672236 369369 573334 305516 969147 666552 536605 708848 269771 608862 591197 481601 690429 360599 365941 937610
 412793 430819 369078 396144 1 405343 571902 340660 616826 213676 538898 354091 254554 402848 687852 385612 323687 450177 176352 223949 558411 349781 114273 562895 448018 192213 725834 312226 368908 326161 479416 603856 607807 152452 520459 373491 143008 333182 295994 338880 190845 476054 112002 389435 275120 312762 461578 60101 250743 95757 525109 276328 459167 549170 386941 28215 394813 242434 574038 284066 376828 428194 576322 285632 338874 520078 581244 145439 490930 550557
 768769 835691 529509 393384 405343 1 240910 320098 676504 607900 915276 65043 330485 654457 1040565 287520 728986 74488 392628 629092 942372 732566 417888 234019 202211 597115 1085146 716871 752257 126325 778509 610627 640678 555696 160086 313045 457657 649087 574094 507415 491072 821053 480198 794602 313954 644744 811794 464774 582160 415286 870660 668159 670399 951579 792022 384513 235088 169180 878252 525975 198536 833311 663150 394075 309063 805290 946146 261394 717760 891969
 971288 980031 535699 634214 571902 240910 1 560809 916338 741195 1008541 302031 386676 683976 1247332 527309 880290 166426 484882 788097 1043050 919907 618855 9018 134711 758440 1288973 863569 862678 364855 820341 847732 879361 705844 83533 553702 660994 718761 634990 525304 584713 1028923 668731 942356 360201 853592 887670 624674 788971 544032 1078953 848059 672983 1083095 947626 559157 208553 379117 913859 578861 206293 987821 903947 426952 311863 1030386 1146129 432421 951240 954587
 535612 710883 658234 79441 340660 320098 560809 1 364444 539825 865386 259656 473213 730002 783915 64690 605432 394523 461322 508147 878378 536388 260963 553703 496632 478370 832662 603708 695967 197345 818565 312926 334759 469367 480029 36939 277580 672444 625827 628659 519960 572223 332626 668579 475443 409033 799966 388191 360897 417817 618071 496878 775618 837159 651923 312811 493951 226301 914299 600427 457305 690461 345515 534400 512683 518247 706815 287192 413073 889540
 544437 832806 979125 285916 616826 676504 916338 364444 1 754591 1042745 620298 815591 1017230 684678 389092 750627 750521 778305 681465 1040578 607115 504036 909886 860704 662885 734894 760577 890648 559511 1074561 92003 48430 686804 833533 364163 487582 933120 910434 948657 807090 537874 545530 797277 822860 465500 1018509 639121 467457 711119 562543 615402 1075905 950796 767534 595138 857484 587313 1159029 900757 821253 794712 51554 870268 867656 403739 658077 625154 278231 1106283
 368380 239227 361169 582880 213676 607900 741195 539825 754591 1 327067 562029 366375 308072 609382 591227 147800 642990 262143 98598 344871 272089 281122 732284 608429 99043 635749 126875 156802 538780 325226 762390 756817 71483 703297 575010 278106 197909 221351 338917 178393 434184 217046 203499 393276 332066 267236 155943 298474 198496 474333 200591 381599 345444 215751 240646 541621 452456 404735 253389 535523 252827 707408 357130 455812 535611 495902 347737 558348 356880
 547409 234228 509116 903886 538898 915276 1008541 865386 1042745 327067 1 876292 622513 368336 677568 918008 292765 939100 531083 367893 45140 454895 604870 1000144 874152 393100 679747 282241 170311 859678 254728 1064750 1052899 396265 986805 901004 595412 293126 377231 505346 429196 595493 535830 256752 648582 581592 132778 482693 575879 501117 613566 428410 425900 186043 292047 566496 800124 770769 239959 433981 805251 282686 992572 584222 698996 737710 579942 662908 804977 132472
 706106 784764 521182 335212 354091 65043 302031 259656 620298 562029 876292 1 318637 636121 976946 233458 677185 136975 365066 576321 901308 672726 357111 294666 244220 544105 1021866 666293 710492 62825 754562 558259 586294 506121 223254 256166 396029 619817 548997 496636 459012 757522 421736 743149 306790 581379 778343 414116 519284 375274 807012 610187 659083 902959 738750 331372 260186 112270 854640 504584 221921 780039 604586 384604 315521 740264 883566 214550 653112 861093
 662331 604613 202662 548973 254554 330485 386676 473213 815591 366375 622513 318637 1 324903 933784 487344 512183 331201 104302 431243 656465 588854 352411 378144 252002 406128 968682 492717 476838 338381 453236 780816 795689 346482 366620 492684 390077 336023 254343 178154 199075 727159 366548 569865 27149 567250 504651 286335 505206 184177 775378 511353 341013 700576 580555 258804 179479 259263 551905 201100 182894 618790 783152 66363 90522 773966 823945 190563 735814 577080
 675678 466792 151028 793795 402848 654457 683976 730002 1017230 308072 368336 636121 324903 1 902506 762818 424737 654942 277270 406605 411465 577593 513459 676458 555507 404034 922644 400624 293552 643814 137275 1006696 1010159 354126 681281 758440 531102 116137 106947 158721 212500 740846 476770 451402 344795 634903 235559 379044 592400 313786 779006 508484 75165 511230 479841 427327 480139 555162 230433 133269 496509 503526 974659 265827 375477 842525 789881 454905 854720 279524
 276481 458708 970331 758426 687852 1040565 1247332 783915 684678 609382 677568 976946 933784 902506 1 847422 477775 1103345 836625 517538 646852 346431 628751 1238499 1131588 535308 50966 501902 624529 923201 865155 758570 722758 597062 1184336 815303 586887 786370 829079 947130 779292 219548 581471 459218 957409 395962 745724 647687 459520 750303 169936 424503 977654 500796 426445 694242 1082352 875386 898951 862496 1062375 412403 639106 946119 1022504 287769 113491 816593 417835 800256
 600297 770470 680300 110879 385612 287520 527309 64690 389092 591227 918008 233458 487344 762818 847422 1 664128 361435 488805 565501 932739 600176 316672 520810 477094 535037 896373 661328 747954 175829 858273 324808 353375 521835 444691 33028 337046 712887 660894 651533 556336 636546 389665 728004 485987 473702 847129 437057 425049 455065 682138 558878 803875 896474 712489 357408 484169 229819 955514 631103 446357 751476 377917 551223 516002 578971 771279 310546 469763 936167
 272622 108450 501829 632008 323687 728986 880290 605432 750627 147800 292765 677185 512183 424737 477775 664128 1 771415 407922 101738 290562 172846 348764 871310 749261 134017 499092 24166 162757 644795 399621 775993 762222 175473 837161 642238 327867 308602 355519 481777 326035 331524 275129 66134 538838 289013 297732 264288 285342 336729 362760 135647 499891 232720 68373 345838 684832 565060 454081 395212 676190 107572 700222 504922 602177 459365 365222 468187 514574 374915
 829546 876307 520260 467818 450177 74488 166426 394523 750521 642990 939100 136975 331201 654942 1103345 361435 771415 1 408995 673563 968808 787790 476446 159591 146981 642170 1146973 757605 780715 199559 784430 683535 714226 596298 86280 387387 517443 662713 583668 501409 510397 883860 534418 836178 310156 707467 829144 507913 643910 445806 933711 720415 662524 988381 836312 432206 198651 227961 883038 531955 167913 877425 737572 389526 289860 874217 1006423 304803 789632 905576
 568593 500686 201080 530597 176352 392628 484882 461322 778305 262143 531083 365066 104302 277270 836625 488805 407922 408995 1 328611 562521 490478 287035 476138 350532 304745 870016 388417 378375 367492 389652 754608 764061 244128 456413 487112 319119 256462 184075 170688 101911 634422 284387 465642 131136 481913 420573 193686 422769 88361 681648 412513 315146 598803 476294 189705 280891 278123 489729 144036 278709 514488 741162 111998 194335 692679 725635 178669 667270 499401
 269984 210181 454041 539407 223949 629092 788097 508147 681465 98598 367893 576321 431243 406605 517538 565501 101738 673563 328611 1 374364 175156 249056 779086 659140 32326 546815 95867 209196 543152 415360 698165 688284 84793 741578 544743 231711 295314 318601 430004 261929 336033 175843 167828 457036 239550 339066 165689 215513 249267 377121 102010 480196 333522 162993 245010 597835 464096 487252 346419 586274 204254 632539 433487 521757 438372 404469 369217 468445 425413
 532757 217260 550228 913421 558411 942372 1043050 878378 1040578 344871 45140 901308 656465 411465 646852 932739 290562 968808 562521 374364 1 444080 617416 1034562 908440 401744 646580 283575 190900 882066 299786 1066389 1052762 411579 1018903 914430 605000 331645 415173 545325 460708 577243 546628 245920 682850 576523 176239 500700 575872 527176 592096 425200 470264 148762 279341 585511 834974 794144 282940 471729 838732 264012 989928 620677 734921 722511 552647 687087 796010 175249
 100647 228849 628849 542314 349781 732566 919907 536388 607115 272089 454895 672726 588854 577593 346431 600176 172846 787790 490478 175156 444080 1 315871 910931 797744 189554 379843 192802 335429 627410 568868 645595 625527 251151 863782 572694 279075 463483 493276 604315 434539 163559 253381 198575 613077 145509 470574 304182 176242 404837 202246 78073 652063 343686 164833 360761 743583 563420 626788 521386 726582 187914 555668 599694 678299 286773 235213 487967 352143 546758
 353489 456245 482941 302021 114273 417888 618855 260963 504036 281122 604870 357111 352411 513459 628751 316672 348764 476446 287035 249056 617416 315871 1 610064 507210 218377 671284 344922 436065 311991 580055 495635 497018 209873 555984 297086 42367 435107 406564 452650 303149 410069 73663 413617 369016 235164 545780 138775 170315 209983 460099 257248 572096 581481 401054 97356 466210 249351 670935 397860 441279 441294 462654 392354 428895 427667 530028 192469 383653 635717
 962430 971099 528433 627398 562895 234019 9018 553703 909886 732284 1000144 294666 378144 676458 1238499 520810 871310 159591 476138 779086 1034562 910931 610064 1 126145 749425 1280100 854608 854008 357483 812717 841738 873135 696847 78217 546975 652217 710548 626832 517759 576060 1020128 659801 933400 351719 844841 879480 615657 780204 535077 1070158 839059 666059 1074274 938636 550179 200291 370706 906438 570759 197501 978839 897158 418874 303862 1021980 1137226 423482 943223 946660
 855121 847569 410125 574790 448018 202211 134711 496632 860704 608429 874152 244220 252002 555507 1131588 477094 749261 146981 350532 659140 908440 797744 507210 126145 1 630263 1171524 731903 728039 302006 690757 801740 828534 575881 130506 497961 549561 585168 501721 397001 450052 915115 550246 810491 225622 742045 754148 497900 677116 412535 965020 724019 550408 949136 816999 438169 75591 286208 785923 445967 73071 856828 841561 294409 180375 929108 1027555 315596 860730 822628
 278990 242438 440804 511722 192213 597115 758440 478370 662885 99043 393100 544105 406128 404034 535308 535037 134017 642170 304745 32326 401744 189554 218377 749425 630263 1 566579 127108 230061 510830 423454 676226 667869 61761 710863 514833 203261 296322 310956 415563 245107 345723 145744 200128 431498 233091 355649 134642 200995 222745 389069 112275 476311 365395 194910 212858 570101 431865 499866 334010 557550 236203 614671 411879 496505 438492 422985 337607 459499 443548
 317847 469288 996840 808363 725834 1085146 1288973 832662 734894 635749 679747 1021866 968682 922644 50966 896373 499092 1146973 870016 546815 646580 379843 671284 1280100 1171524 566579 1 523240 639274 968916 878216 809288 773287 628247 1227256 864384 629750 806677 853386 974541 808643 264699 621354 474307 992802 440488 755804 683428 503187 784677 216043 457581 997622 498582 443408 733502 1120646 919069 906661 889118 1101667 425026 689599 978396 1058007 338732 144854 857307 468779 805583
 293176 118863 478266 633188 312226 716871 863569 603708 760577 126875 282241 666293 492717 400624 501902 661328 24166 757605 388417 95867 283575 192802 344922 854608 731903 127108 523240 1 143056 635728 377412 783333 770788 161432 821976 640365 326705 284493 331630 458499 304426 353221 271664 78919 519507 302123 278561 252313 293672 319562 385479 148386 475782 238698 89199 335473 666579 554439 434216 371876 658847 126083 710520 483738 582429 478392 389291 455607 529498 357922
 435378 174177 404366 736607 368908 752257 862678 695967 890648 156802 170311 710492 476838 293552 624529 747954 162757 780715 378375 209196 190900 335429 436065 854008 728039 230061 639274 143056 1 691369 241266 906219 897211 226601 833886 731377 429010 184214 256577 392049 278000 493718 368616 165351 503780 440865 135541 312393 424067 336983 522940 288594 366173 230278 198642 396382 656316 603267 291362 309267 656844 214585 841627 448991 560064 621433 515041 496205 669779 217514
 654999 753104 539828 273842 326161 126325 364855 197345 559511 538780 859678 62825 338381 643814 923201 175829 644795 199559 367492 543152 882066 627410 311991 357483 302006 510830 968916 635728 691369 1 755523 499897 526591 478306 285793 195995 348610 616125 550635 513348 454281 704238 380514 710927 331153 528870 768721 385947 468208 362657 753361 568457 673445 874027 703894 300939 309307 90889 855358 510725 271254 745011 542679 404638 350687 681238 832353 199134 591608 853922
 669514 409237 288237 875450 479416 778509 820341 818565 1074561 325226 254728 754562 453236 137275 865155 858273 399621 784430 389652 415360 299786 568868 580055 812717 690757 423454 878216 377412 241266 755523 1 1074781 1073195 388803 815037 849853 588783 146252 205588 295190 303527 730585 529414 406082 475142 654703 130366 441283 623699 403366 762270 511133 176449 422094 439877 506609 615214 665069 100082 252927 629757 453381 1028752 398222 510403 850186 756217 559589 882745 146263
 594115 865354 955412 233935 603856 610627 847732 312926 92003 762390 1064750 558259 780816 1006696 758570 324808 775993 683535 754608 698165 1066389 645595 495635 841738 801740 676226 809288 783333 906219 499897 1074781 1 43579 692276 764347 304628 486705 930521 899847 925142 794439 596305 547154 827567 785286 500532 1029239 634087 490730 694935 625963 643216 1061033 987094 800258 579686 805183 539226 1163378 884561 767961 830602 122611 839103 825101 472704 722628 590963 343094 1118368
 568855 848384 965141 255350 607807 640678 879361 334759 48430 756817 1052899 586294 795689 1010159 722758 353375 762222 714226 764061 688284 1052762 625527 497018 873135 828534 667869 773287 770788 897211 526591 1073195 43579 1 687660 796211 330597 484450 930120 903213 934743 798641 567137 543951 811591 801531 481611 1022644 634317 477161 700651 594634 628043 1066621 968524 783117 584762 828683 560209 1159912 890593 791910 812043 83755 852299 843832 438659 690925 605193 310319 1111217
 338708 280280 381004 511459 152452 555696 705844 469367 686804 71483 396265 506121 346482 354126 597062 521835 175473 596298 244128 84793 411579 251151 209873 696847 575881 61761 628247 161432 226601 478306 388803 692276 687660 1 661709 504817 206941 252664 256261 355170 184056 405527 145881 239880 372245 281208 338285 92411 239254 164724 449705 173527 424398 396856 241952 177470 513612 394773 472413 275051 502893 282516 640357 350352 436989 491240 484737 294331 501552 428062
 909471 939980 538365 552352 520459 160086 83533 480029 833533 703297 986805 223254 366620 681281 1184336 444691 837161 86280 456413 741578 1018903 863782 555984 78217 130506 710863 1227256 821976 833886 285793 815037 764347 796211 661709 1 471630 597558 702639 620647 523604 558197 965091 610733 900871 342145 788911 871156 576229 724865 504803 1015048 794375 679494 1048167 903336 504789 202813 310007 911558 566221 185367 944130 821915 416855 306238 959117 1085735 376667 875730 943213
 570085 747780 681807 80947 373491 313045 553702 36939 364163 575010 901004 256166 492684 758440 815303 33028 642238 387387 487112 544743 914430 572694 297086 546975 497961 514833 864384 640365 731377 195995 849853 304628 330597 504817 471630 1 314415 703938 655131 652577 549698 605217 369102 705461 493125 444005 833935 422470 396963 447765 650484 533752 802109 874040 688860 345451 500860 239165 946198 627835 463477 727395 350294 555309 526724 546062 740164 310520 436787 923357
 312120 433523 510968 308587 143008 457657 660994 277580 487582 278106 595412 396029 390077 531102 586887 337046 327867 517443 319119 231711 605000 279075 42367 652217 549561 203261 629750 326705 429010 348610 588783 486705 484450 206941 597558 314415 1 445897 424841 480963 324521 367992 61068 391128 407701 192832 545217 152072 128027 237600 418016 225444 592820 559686 375603 131779 508091 289833 676675 421183 483474 414943 443840 426970 468535 386767 489046 234655 348348 634957
 562428 354385 223005 729264 333182 649087 718761 672444 933120 197909 293126 619817 336023 116137 786370 712887 308602 662713 256462 295314 331645 463483 435107 710548 585168 296322 806677 284493 184214 616125 146252 930521 930120 252664 702639 703938 445897 1 84290 214676 161847 626997 387669 336665 360932 529263 168983 296447 491598 258745 664204 396442 191290 410649 364263 360358 510266 525276 242676 141054 518451 389177 888289 292366 407574 733402 673764 418164 753487 243150
 588293 417933 149441 688212 295994 574094 634990 625827 910434 221351 377231 548997 254343 106947 829079 660894 355519 583668 184075 318601 415173 493276 406564 626832 501721 310956 853386 331630 256577 550635 205588 899847 903213 256261 620647 655131 424841 84290 1 135473 106286 654562 371508 394392 278519 537149 252745 272928 491324 208302 695499 420122 169920 486512 417639 320724 426613 460502 305669 56777 435878 447388 868090 208268 323519 747457 715632 356532 752961 322738
 693875 551276 30476 699764 338880 507415 525304 628659 948657 338917 505346 496636 178154 158721 947130 651533 481777 501409 170688 430004 545325 604315 452650 517759 397001 415563 974541 458499 392049 513348 295190 925142 934743 355170 523604 652577 480963 214676 135473 1 171650 760694 438089 525585 193567 625247 375695 339340 571493 243413 804620 527784 163039 621931 546491 356394 321778 429616 388996 86684 339634 578370 910913 113343 217397 838045 833797 342064 825774 433011
 522561 410499 198614 581929 190845 491072 584713 519960 807090 178393 429196 459012 199075 212500 779292 556336 326035 510397 101911 261929 460708 434539 303149 576060 450052 245107 808643 304426 278000 454281 303527 794439 798641 184056 558197 549698 324521 161847 106286 171650 1 589374 274980 378473 226128 455014 320723 174891 403385 102171 633760 357350 268979 501954 393607 214864 378494 363438 402524 97756 379079 429473 765707 179740 284573 667670 666354 256602 661635 402105
 66820 361389 786377 554903 476054 821053 1028923 572223 537874 434184 595493 757522 727159 740846 219548 636546 331524 883860 634422 336033 577243 163559 410069 1020128 915115 345723 264699 353221 493718 704238 730585 596305 567137 405527 965091 605217 367992 626997 654562 760694 589374 1 366693 342103 749536 176420 627305 441568 240245 546442 50031 234526 815140 453289 305795 479900 868406 655911 784251 679733 846896 313462 487442 745865 814093 151490 135529 599585 260290 698742
 305131 382588 467485 368157 112002 480198 668731 332626 545530 217046 535830 421736 366548 476770 581471 389665 275129 534418 284387 175843 546628 253381 73663 659801 550246 145744 621354 271664 368616 380514 529414 547154 543951 145881 610733 369102 61068 387669 371508 438089 274980 366693 1 339959 387007 200787 484151 100097 139009 197905 416228 188492 540797 507838 327786 113208 501749 311073 616342 372642 480933 368223 500675 395483 450466 408816 477727 236351 387808 573889
 291066 42638 543278 692452 389435 794602 942356 668579 797277 203499 256752 743149 569865 451402 459218 728004 66134 836178 465642 167828 245920 198575 413617 933400 810491 200128 474307 78919 165351 710927 406082 827567 811591 239880 900871 705461 391128 336665 394392 525585 378473 342103 339959 1 596774 331987 290520 329828 337839 398325 365478 184572 525776 168582 36347 411849 744696 631066 446890 439037 737453 53007 746291 558210 659164 481334 350309 533571 550150 357097
 685071 631648 215788 552360 275120 313954 360201 475443 822860 393276 648582 306790 27149 344795 957409 485987 538838 310156 131136 457036 682850 613077 369016 351719 225622 431498 992802 519507 503780 331153 475142 785286 801531 372245 342145 493125 407701 360932 278519 193567 226128 749536 387007 596774 1 587786 529780 309723 525141 209015 798012 535796 356469 727711 607205 277393 152580 256418 573221 224260 157520 645562 791733 80279 65231 793029 847998 198350 751497 601082
 127800 367355 653250 404899 312762 644744 853592 409033 465500 332066 581592 581379 567250 634903 395962 473702 289013 707467 481913 239550 576523 145509 235164 844841 742045 233091 440488 302123 440865 528870 654703 500532 481611 281208 788911 444005 192832 529263 537149 625247 455014 176420 200787 331987 587786 1 574893 289346 64930 393851 226245 153788 705603 486974 302067 312178 698417 479534 725954 551151 675137 330462 414393 593785 651097 212799 303981 426622 229413 658232
 570156 287084 377790 847684 461578 811794 887670 799966 1018509 267236 132778 778343 504651 235559 745724 847129 297732 829144 420573 339066 176239 470574 545780 879480 754148 355649 755804 278561 135541 768721 130366 1029239 1022644 338285 871156 833935 545217 168983 252745 375695 320723 627305 484151 290520 529780 574893 1 411846 554494 406072 654519 423571 294532 291734 326107 489792 679210 678153 157001 309201 687286 333612 970296 461004 576259 756862 639426 569623 804166 89940
 376269 371020 368406 437494 60101 464774 624674 388191 639121 155943 482693 414116 286335 379044 647687 437057 264288 507913 193686 165689 500700 304182 138775 615657 497900 134642 683428 252313 312393 385947 441283 634087 634317 92411 576229 422470 152072 296447 272928 339340 174891 441568 100097 329828 309723 289346 411846 1 232684 105332 489378 227906 441532 489069 328421 85370 440478 302530 532619 272546 425633 369577 595833 305651 374828 501399 538578 203936 487425 501534
 186900 376949 600170 366735 250743 582160 788971 360897 467457 298474 575879 519284 505206 592400 459520 425049 285342 643910 422769 215513 575872 176242 170315 780204 677116 200995 503187 293672 424067 468208 623699 490730 477161 239254 724865 396963 128027 491598 491324 571493 403385 240245 139009 337839 525141 64930 554494 232684 1 335405 290234 153321 661007 501325 312645 248537 633758 415958 700769 500675 610273 346372 417898 534213 587995 269950 364365 361708 262400 640859
 480811 436247 273512 480062 95757 415286 544032 417817 711119 198496 501117 375274 184177 313786 750303 455065 336729 445806 88361 249267 527176 404837 209983 535077 412535 222745 784677 319562 336983 362657 403366 694935 700651 164724 504803 447765 237600 258745 208302 243413 102171 546442 197905 398325 209015 393851 406072 105332 335405 1 593915 327219 366159 543592 404550 116020 349002 272188 501296 189943 339464 444295 671336 200347 274176 605110 640012 163618 583847 491771
 113118 379847 829787 597718 525109 870660 1078953 618071 562543 474333 613566 807012 775378 779006 169936 682138 362760 933711 681648 377121 592096 202246 460099 1070158 965020 389069 216043 385479 522940 753361 762270 625963 594634 449705 1015048 650484 418016 664204 695499 804620 633760 50031 416228 365478 798012 226245 654519 489378 290234 593915 1 276961 853699 460946 329267 529425 917977 705777 811438 722666 896678 331083 513163 792794 862702 162475 96849 649520 284590 722322
 168173 223730 552828 513369 276328 668159 848059 496878 615402 200591 428410 610187 511353 508484 424503 558878 135647 720415 412513 102010 425200 78073 257248 839059 724019 112275 457581 148386 288594 568457 511133 643216 628043 173527 794375 533752 225444 396442 420122 527784 357350 234526 188492 184572 535796 153788 423571 227906 153321 327219 276961 1 582185 348719 159886 289668 668224 499213 576845 445742 652328 195488 564844 521622 601026 339248 313123 417728 381455 505419
 749739 540046 142279 842757 459167 670399 672983 775618 1075905 381599 425900 659083 341013 75165 977654 803875 499891 662524 315146 480196 470264 652063 572096 666059 550408 476311 997622 475782 366173 673445 176449 1061033 1066621 424398 679494 802109 592820 191290 169920 163039 268979 815140 540797 525776 356469 705603 294532 441532 661007 366159 853699 582185 1 578747 554627 481875 476683 587578 250897 176576 498177 577668 1034685 276339 374659 914558 865044 493431 922825 322468
 418512 126445 633126 860246 549170 951579 1083095 837159 950796 345444 186043 902959 700576 511230 500796 896474 232720 988381 598803 333522 148762 343686 581481 1074274 949136 365395 498582 238698 230278 874027 422094 987094 968524 396856 1048167 874040 559686 410649 486512 621931 501954 453289 507838 168582 727711 486974 291734 489069 501325 543592 460946 348719 578747 1 188836 573302 879443 791589 424138 539544 876818 156525 899353 677315 786340 603294 411393 690321 691016 317631
 255390 65296 565490 672236 386941 792022 947626 651923 767534 215751 292047 738750 580555 479841 426445 712489 68373 836312 476294 162993 279341 164833 401054 938636 816999 194910 443408 89199 198642 703894 439877 800258 783117 241952 903336 688860 375603 364263 417639 546491 393607 305795 327786 36347 607205 302067 326107 328421 312645 404550 329267 159886 554627 188836 1 407709 752968 626482 482704 459808 743937 41301 716358 572821 670544 445698 316413 532166 516954 393429
 418106 453611 386786 369369 28215 384513 559157 312811 595138 240646 566496 331372 258804 427327 694242 357408 345838 432206 189705 245010 585511 360761 97356 550179 438169 212858 733502 335473 396382 300939 506609 579686 584762 177470 504789 345451 131779 360358 320724 356394 214864 479900 113208 411849 277393 312178 489792 85370 248537 116020 529425 289668 481875 573302 407709 1 388560 219223 601630 305905 368213 449010 555669 295580 339609 515637 589399 128132 479676 578760
 806545 780774 335672 573334 394813 235088 208553 493951 857484 541621 800124 260186 179479 480139 1082352 484169 684832 198651 280891 597835 834974 743583 466210 200291 75591 570101 1120646 666579 656316 309307 615214 805183 828683 513612 202813 500860 508091 510266 426613 321778 378494 868406 501749 744696 152580 698417 679210 440478 633758 349002 917977 668224 476683 879443 752968 388560 1 271080 710570 370678 38291 792210 834167 218957 104812 892924 976041 274261 833401 747145
 601797 672773 457161 305516 242434 169180 379117 226301 587313 452456 770769 112270 259263 555162 875386 229819 565060 227961 278123 464096 794144 563420 249351 370706 286208 431865 919069 554439 603267 90889 665069 539226 560209 394773 310007 239165 289833 525276 460502 429616 363438 655911 311073 631066 256418 479534 678153 302530 415958 272188 705777 499213 587578 791589 626482 219223 271080 1 764819 421907 236113 667770 563124 324430 287569 651275 778869 108572 575832 763128
 726686 440697 378642 969147 574038 878252 913859 914299 1159029 404735 239959 854640 551905 230433 898951 955514 454081 883038 489729 487252 282940 626788 670935 906438 785923 499866 906661 434216 291362 855358 100082 1163378 1159912 472413 911558 946198 676675 242676 305669 388996 402524 784251 616342 446890 573221 725954 157001 532619 700769 501296 811438 576845 250897 424138 482704 601630 710570 764819 1 352373 726577 488251 1112096 495329 605902 912525 794297 658959 955311 107696
 612990 465264 107836 666552 284066 525975 578861 600427 900757 253389 433981 504584 201100 133269 862496 631103 395212 531955 144036 346419 471729 521386 397860 570759 445967 334010 889118 371876 309267 510725 252927 884561 890593 275051 566221 627835 421183 141054 56777 86684 97756 679733 372642 439037 224260 551151 309201 272546 500675 189943 722666 445742 176576 539544 459808 305905 370678 421907 352373 1 381075 491779 860362 151927 267157 763461 749059 322103 759376 377122
 786060 774614 356117 536605 376828 198536 206293 457305 821253 535523 805251 221921 182894 496509 1062375 446357 676190 167913 278709 586274 838732 726582 441279 197501 73071 557550 1101667 658847 656844 271254 629757 767961 791910 502893 185367 463477 483474 518451 435878 339634 379079 846896 480933 737453 157520 675137 687286 425633 610273 339464 896678 652328 498177 876818 743937 368213 38291 236113 726577 381075 1 783758 798684 231539 123570 866287 957409 248820 803291 758177
 269659 48852 596226 708848 428194 833311 987821 690461 794712 252827 282686 780039 618790 503526 412403 751476 107572 877425 514488 204254 264012 187914 441294 978839 856828 236203 425026 126083 214585 745011 453381 830602 812043 282516 944130 727395 414943 389177 447388 578370 429473 313462 368223 53007 645562 330462 333612 369577 346372 444295 331083 195488 577668 156525 41301 449010 792210 667770 488251 491779 783758 1 743322 609099 708508 458765 306060 573379 538181 393702
 493047 781613 941385 269771 576322 663150 903947 345515 51554 707408 992572 604586 783152 974659 639106 377917 700222 737572 741162 632539 989928 555668 462654 897158 841561 614671 689599 710520 841627 542679 1028752 122611 83755 640357 821915 350294 443840 888289 868090 910913 765707 487442 500675 746291 791733 414393 970296 595833 417898 671336 513163 564844 1034685 899353 716358 555669 834167 563124 1112096 860362 798684 743322 1 835977 838868 355750 609084 593432 228577 1057720
 679836 589975 136589 608862 285632 394075 426952 534400 870268 357130 584222 384604 66363 265827 946119 551223 504922 389526 111998 433487 620677 599694 392354 418874 294409 411879 978396 483738 448991 404638 398222 839103 852299 350352 416855 555309 426970 292366 208268 113343 179740 745865 395483 558210 80279 593785 461004 305651 534213 200347 792794 521622 276339 677315 572821 295580 218957 324430 495329 151927 231539 609099 835977 1 115257 804163 834468 248367 775212 528221
 749833 693249 232728 591197 338874 309063 311863 512683 867656 455812 698996 315521 90522 375477 1022504 516002 602177 289860 194335 521757 734921 678299 428895 303862 180375 496505 1058007 582429 560064 350687 510403 825101 843832 436989 306238 526724 468535 407574 323519 217397 284573 814093 450466 659164 65231 651097 576259 374828 587995 274176 862702 601026 374659 786340 670544 339609 104812 287569 605902 267157 123570 708508 838868 115257 1 854833 913196 249275 809388 642836
 190308 505336 866010 481601 520078 805290 1030386 518247 403739 535611 737710 740264 773966 842525 287769 578971 459365 874217 692679 438372 722511 286773 427667 1021980 929108 438492 338732 478392 621433 681238 850186 472704 438659 491240 959117 546062 386767 733402 747457 838045 667670 151490 408816 481334 793029 212799 756862 501399 269950 605110 162475 339248 914558 603294 445698 515637 892924 651275 912525 763461 866287 458765 355750 804163 854833 1 255440 618668 130240 833491
 177472 353790 856893 690429 581244 946146 1146129 706815 658077 495902 579942 883566 823945 789881 113491 771279 365222 1006423 725635 404469 552647 235213 530028 1137226 1027555 422985 144854 389291 515041 832353 756217 722628 690925 484737 1085735 740164 489046 673764 715632 833797 666354 135529 477727 350309 847998 303981 639426 538578 364365 640012 96849 313123 865044 411393 316413 589399 976041 778869 794297 749059 957409 306060 609084 834468 913196 255440 1 713988 380654 698318
 540142 574459 371374 360599 145439 261394 432421 287192 625154 347737 662908 214550 190563 454905 816593 310546 468187 304803 178669 369217 687087 487967 192469 423482 315596 337607 857307 455607 496205 199134 559589 590963 605193 294331 376667 310520 234655 418164 356532 342064 256602 599585 236351 533571 198350 426622 569623 203936 361708 163618 649520 417728 493431 690321 532166 128132 274261 108572 658959 322103 248820 573379 593432 248367 249275 618668 713988 1 563072 654837
 274319 580842 855263 365941 490930 717760 951240 413073 278231 558348 804977 653112 735814 854720 417835 469763 514574 789632 667270 468445 796010 352143 383653 943223 860730 459499 468779 529498 669779 591608 882745 343094 310319 501552 875730 436787 348348 753487 752961 825774 661635 260290 387808 550150 751497 229413 804166 487425 262400 583847 284590 381455 922825 691016 516954 479676 833401 575832 955311 759376 803291 538181 228577 775212 809388 130240 380654 563072 1 886858
 644658 345137 429707 937610 550557 891969 954587 889540 1106283 356880 132472 861093 577080 279524 800256 936167 374915 905576 499401 425413 175249 546758 635717 946660 822628 443548 805583 357922 217514 853922 146263 1118368 1111217 428062 943213 923357 634957 243150 322738 433011 402105 698742 573889 357097 601082 658232 89940 501534 640859 491771 722322 505419 322468 317631 393429 578760 747145 763128 107696 377122 758177 393702 1057720 528221 642836 833491 698318 654837 886858 1
LAMBDA_SECTION
1 851
2 858
3 258
4 117
5 215
6 696
7 253
8 199
9 764
10 776
11 306
12 460
13 477
14 683
15 403
16 28
17 672
18 926
19 507
20 836
21 254
22 567
23 579
24 258
25 142
26 802
27 794
28 738
29 747
30 771
31 197
32 425
33 183
34 465
35 502
36 11
37 859
38 648
39 363
40 400
41 735
42 92
43 871
44 121
45 551
46 774
47 203
48 319
49 530
50 32
51 898
52 174
53 747
54 522
55 842
56 374
57 481
58 202
59 348
60 634
61 773
62 775
63 38
64 45
65 431
66 667
67 802
68 116
69 735
70 945
