NAME : domp70p23v9
COMMENT : Cherkesly, Contardo & Gruson 2022
TYPE : DOMP
DIMENSION : 70
DISPLAY_DATA_TYPE : NO_DISPLAY
OPEN_FACILITIES : 23
COST_SECTION
 1 455991 561874 438250 291304 544380 202239 855770 477732 239732 268952 445556 353982 142868 260437 225952 430394 464997 217097 497488 272907 553738 125626 605760 243173 527221 203837 189102 229482 519215 399964 619911 167272 365068 615683 535314 148217 4086 80068 654964 475834 298989 147066 570513 602022 270107 491704 828710 209534 93116 667118 671208 679472 579376 656239 459029 736980 496930 158108 162558 286257 502750 295577 668744 416781 600520 504657 463853 799433 613982
 455991 1 885243 677823 734727 733559 655310 676228 172684 358297 703004 325666 117583 313171 631365 681615 808415 42885 239832 604410 504700 160380 332451 598464 695308 815006 331040 296281 537756 567135 806348 686238 318585 762475 459071 742917 423453 459676 535897 469120 728573 754802 484444 583685 602924 405271 843109 530306 465428 548015 335760 463334 233431 350173 316342 162674 529577 859826 388567 307868 718912 271834 702990 227557 75687 144570 832440 595989 530489 174659
 561874 885243 1 225717 591479 254936 532352 836144 794416 799837 617745 641491 830952 648477 722857 473089 162086 914846 687171 383943 380620 1030810 619207 527830 539504 89731 561012 608825 361054 456075 737847 435368 592559 737309 698209 227150 486012 558484 530935 742336 180475 497579 437975 498552 517177 480858 84436 957792 426851 535822 895243 772031 1114251 758668 897670 784938 802258 100906 719660 694599 626651 740883 292446 1022629 885562 1011218 57377 360519 905539 1059616
 438250 677823 225717 1 578339 113280 492647 640953 573571 656536 589749 416491 638413 483473 659929 448167 246826 710860 504751 172724 188217 830088 455153 327162 516128 141979 370485 424317 208805 242865 728842 262487 413151 714242 478336 98247 319580 435964 439123 523476 50806 503969 292545 292891 317349 274757 223690 739599 249996 449739 669641 552551 901605 533342 671957 565376 588588 251041 584411 534739 603452 515881 279428 800641 687757 796484 187424 141756 689056 850295
 291304 734727 591479 578339 1 691014 98384 1117217 769030 428595 43704 725344 623610 426611 178695 130177 429472 736810 502461 700264 483635 807519 414785 836631 63543 601497 488136 480162 411402 743036 151164 819119 457862 145875 886211 671729 407836 288547 216367 928433 594463 97948 367331 798996 830464 527342 507117 1113450 440242 201134 957383 947669 945698 863511 946978 750299 1010111 495716 361460 427141 40750 790722 311156 954673 684575 877481 544358 662163 1080762 879032
 544380 733559 254936 113280 691014 1 605903 581216 608608 753581 702950 439760 709547 575046 772193 560848 332511 769982 586244 146814 280144 890910 547912 275088 629038 167250 451070 506935 315838 214615 841713 181170 499336 827477 457827 28332 416094 542374 550284 499669 104828 614785 397405 248772 264302 346952 287541 712224 345563 561363 672369 529893 947265 534749 678078 603761 553393 316106 685075 627425 716568 536039 388376 828696 753447 840114 240241 140397 658424 901137
 202239 655310 532352 492647 98384 605903 1 1018899 678041 377562 97604 628090 548364 342977 192563 62239 373481 661105 418354 606245 386851 740553 327772 740054 41096 530641 392706 388589 315906 646841 239770 726323 365712 221648 787949 588330 310023 199009 123380 830299 513308 104427 268996 702541 734109 428992 449512 1016758 342043 109237 863564 849753 873490 766899 853764 659623 911919 442778 301349 351345 112555 695549 241355 870722 610570 799403 481026 568424 983371 807201
 855770 676228 836144 640953 1117217 581216 1018899 1 506859 939053 1109046 422603 745497 778184 1114683 1001124 887120 717597 728289 468693 640347 811226 768448 313805 1055628 747795 656463 691628 715951 402190 1249282 402175 705592 1218385 244968 609037 714686 856667 911460 215657 668653 1075133 749904 348630 323738 591594 860232 236400 677108 926926 370753 214248 768150 329179 390652 521223 146677 888551 914918 818749 1126077 415851 884598 589663 743264 679843 816812 503120 190668 762431
 477732 172684 794416 573571 769030 608608 678041 506859 1 464987 744953 172620 243214 349873 702100 689257 746221 215379 278038 468603 426800 324233 355961 437414 719129 715307 294638 289454 480060 420112 866805 534106 312413 826638 286549 622616 391647 480536 554721 296974 623681 767042 451892 427450 443063 324345 766390 385628 408328 569275 199081 292844 342333 178484 184367 19493 360747 787225 466914 370367 762037 99916 664205 228646 236456 234714 746571 468212 375191 305303
 239732 358297 799837 656536 428595 753581 377562 939053 464987 1 388799 518765 241522 183902 287247 426406 669949 344589 212067 676344 473452 388716 207913 749126 409903 759687 321065 268447 452204 677401 464572 792471 265931 418829 695206 749380 337824 243426 292966 724137 699291 481328 368369 719336 748399 425303 731185 850256 408313 296494 662677 731097 534585 620685 646269 446047 801329 736661 82850 132031 401687 532582 533769 585077 290273 485984 742484 649092 835862 468585
 268952 703004 617745 589749 43704 702950 97604 1109046 744953 388799 1 710159 590297 398699 135360 146650 456438 703352 474279 703164 482074 770648 389187 835070 78344 622357 470284 457787 412411 742343 142982 823585 436206 124671 874749 684963 395577 266627 199548 916059 609220 134533 360527 797725 829379 517573 533762 1096370 434196 183941 935964 934226 910427 846580 924854 725982 997998 524115 324455 395159 17382 771428 331426 925000 650542 844799 568703 665469 1065414 843721
 445556 325666 641491 416491 725344 439760 628090 422603 172620 518765 710159 1 352053 355908 699178 623853 615274 367521 306909 297208 300413 485232 347661 273036 667758 558118 241794 270467 367989 247589 845224 363113 286248 810555 177642 455591 318542 447102 510739 211867 465001 701874 368328 258426 277290 210848 623735 389478 305621 526322 263085 225944 514951 141398 261458 171982 293204 647118 492339 396254 727523 99405 556638 389087 371124 407319 597838 299827 355451 476186
 353982 117583 830952 638413 623610 709547 548364 745497 243214 241522 590297 352053 1 212954 514387 579492 737309 113204 149037 594725 454304 205398 236960 618922 587512 768483 270563 222768 472535 570576 689976 691851 241198 645799 512205 714573 350066 357884 432550 531356 688113 650048 407400 597684 621434 364861 780209 625001 404142 443483 432368 531501 325712 416678 414454 226495 600879 794020 272018 197221 605832 329733 621242 345136 62810 254737 775763 579118 617915 260010
 142868 313171 648477 483473 426611 575046 342977 778184 349873 183902 398699 355908 212954 1 354067 368733 537751 322630 75856 492604 296437 416012 29281 568223 383408 597687 137702 88481 288822 494132 516974 608610 82289 476834 533304 572898 165452 146596 222726 567175 529040 441648 211055 537369 566973 241425 588578 719699 233549 234972 545992 578576 537504 475771 533038 330539 647573 599008 137647 52748 415433 391994 413884 528420 275666 457673 591536 465944 696718 472439
 260437 631365 722857 659929 178695 772193 192563 1114683 702100 287247 135360 699178 514387 354067 1 254455 565426 624476 424070 747856 520943 675962 354574 864397 198247 715085 458855 430912 461927 775894 177443 870547 413259 132061 872798 757881 407443 260080 224191 910537 687418 266153 391725 828539 860208 530375 640805 1073125 462534 211703 899586 924959 821359 827019 886125 682634 992249 634963 242989 333255 140218 745119 430527 858359 570162 767144 670225 712132 1048279 755103
 225952 681615 473089 448167 130177 560848 62239 1001124 689257 426406 146650 623853 579492 368733 254455 1 313037 690899 442068 573259 362171 776857 349603 713168 69084 475707 397223 401870 287800 618991 281006 690898 378344 270344 776263 541693 306516 222167 147001 819881 464755 78432 256482 675349 706540 417877 389669 1013295 325965 137079 868395 840993 905162 764518 859921 671492 900703 381928 347031 384859 158033 697885 184797 890903 642229 826183 422925 534962 977154 839467
 430394 808415 162086 246826 429472 332511 373481 887120 746221 669949 456438 615274 737309 537751 565426 313037 1 832536 588761 418428 319923 942048 509269 573541 378378 190155 477393 516274 271232 486420 575860 505430 496405 575329 710981 305638 387740 426630 386762 756980 228954 335568 330142 538552 563878 421877 77663 971758 344281 389261 878010 784733 1041618 747638 876705 733517 827110 69963 587658 578233 464961 711531 139885 973353 796278 944076 119453 384689 923866 982263
 464997 42885 914846 710860 736810 769982 661105 717597 215379 344589 703352 367521 113204 322630 624476 690899 832536 1 252949 643003 534349 121121 344539 640488 700432 846590 356463 317010 563161 607447 800904 727016 338225 756309 501856 778512 445476 468827 544192 511450 761483 762319 505462 625155 644807 436868 870055 566516 491724 555515 372287 505166 215142 392428 352461 205558 570921 885854 383407 310281 718810 314675 722809 242815 54466 142695 861270 633383 568863 151338
 217097 239832 687171 504751 502461 586244 418354 728289 278038 212067 474279 306909 149037 75856 424070 442068 588761 252949 1 487416 317071 354420 92622 543003 458923 628891 135306 80440 326699 477858 590424 596751 94613 549433 483857 587744 202621 220660 297164 514197 553011 516052 258654 515348 543152 240272 633457 654478 261329 309882 476013 522823 467995 415454 462184 258567 592744 646435 192370 94122 490937 329040 472388 452649 209949 384350 631241 465474 634675 404072
 497488 604410 383943 172724 700264 146814 606245 468693 468603 676344 703164 297208 594725 492604 747856 573259 418428 643003 487416 1 226934 764025 468805 155306 636722 294371 357527 413087 290981 72157 845948 122758 411348 824231 315239 167669 352802 496499 524458 358732 205954 639391 356268 120226 145931 251359 395035 573875 287993 538048 525634 388616 809938 387971 531265 465431 419011 422861 617737 545088 718712 391393 428276 684752 632404 702337 355024 38447 521656 767063
 272907 504700 380620 188217 483635 280144 386851 640347 426800 473452 482074 300413 454304 296437 520943 362171 319923 534349 317071 226934 1 651117 268648 353205 420577 314221 184117 236663 75721 260280 625005 349667 224945 600735 424972 276607 136103 271584 297865 470367 235951 434956 129360 315729 347343 103072 341776 676649 65787 311723 563150 494653 734692 438418 560327 414694 548530 361256 405695 348339 498250 393769 258599 654704 506596 633067 327881 191763 634270 679188
 553738 160380 1030810 830088 807519 890910 740553 811226 324233 388716 770648 485232 205398 416012 675962 776857 942048 121121 354420 764025 651117 1 441325 757443 778030 964537 470163 426138 675344 727513 853244 846549 445643 807421 608653 899153 554384 557747 630188 613212 880574 844125 612483 743557 762193 555525 983094 637822 605303 639829 449351 603338 149688 494745 428795 317774 665453 997725 446249 392114 784884 423980 826591 267777 145956 149675 976487 754493 648911 89199
 125626 332451 619207 455153 414785 547912 327772 768448 355961 207913 389187 347661 236960 29281 354574 349603 509269 344539 92622 468805 268648 441325 1 549601 368622 568537 118462 77215 259577 473144 512292 586087 64032 473562 524079 545244 136507 129009 205509 559513 500406 424067 181901 517872 547920 218485 559531 718845 205158 218736 549409 572302 559678 472497 537329 336899 640592 570161 153425 79699 406205 390845 386680 543125 299295 476971 562278 441191 693760 495193
 605760 598464 527830 327162 836631 275088 740054 313805 437414 749126 835070 273036 618922 568223 864397 713168 573541 640488 543003 155306 353205 757443 549601 1 773405 438429 431271 481010 425639 94501 977903 115226 486540 952435 201593 301700 457581 605589 646105 236454 355857 782973 476943 37892 10835 337627 547118 441155 403723 660760 434218 266439 774353 305041 444832 440818 280133 575311 703008 617829 851347 342476 579348 625354 643071 668242 504758 191064 386183 742333
 243173 695308 539504 516128 63543 629038 41096 1055628 719129 409903 78344 667758 587512 383408 198247 69084 378378 700432 458923 636722 420577 778030 368622 773405 1 544433 433318 429678 348015 679713 212717 755637 406786 201305 826211 610238 349361 239982 164474 868876 533603 73287 306161 735738 767173 467021 455600 1056708 378524 150267 904408 888697 912223 806932 894693 700716 950351 446367 336039 390321 88982 736135 253443 911424 649518 839234 490359 598623 1022855 845822
 527221 815006 89731 141979 601497 167250 530641 747795 715307 759687 622357 558118 768483 597687 715085 475707 190155 846590 628891 294371 314221 964537 568537 438429 544433 1 498050 549021 309444 366471 751591 348390 534904 745530 608991 139066 432472 524218 508449 652942 93375 513316 391773 408875 427809 409852 127748 868246 367831 515732 808864 682704 1041101 671810 811897 706829 712532 155207 682271 646461 633304 657458 290991 942580 820560 936641 77656 271856 815882 988480
 203837 331040 561012 370485 488136 451070 392706 656463 294638 321065 470284 241794 270563 137702 458855 397223 477393 356463 135306 357527 184117 470163 118462 431271 433318 498050 1 56215 206871 356468 603727 471675 55461 568766 413943 452447 97979 205476 271925 452061 419362 475533 159524 399908 429742 106755 513658 626095 135341 287343 471690 467616 564240 376309 462792 277883 533960 529437 271867 189048 487665 302844 377178 509531 324617 467977 506376 333093 595774 505143
 189102 296281 608825 424317 480162 506935 388589 691628 289454 268447 457787 270467 222768 88481 430912 401870 516274 317010 80440 413087 236663 426138 77215 481010 429678 549021 56215 1 249772 409439 585248 526007 23632 547676 447080 507845 128614 191699 265274 482308 472587 478976 188550 450903 480087 162862 557498 643643 182118 279886 478189 495139 529259 396234 467151 271068 563379 571651 225989 136823 475037 316010 406743 490929 280210 437839 553317 389161 617455 467787
 229482 537756 361054 208805 411402 315838 315906 715951 480060 452204 412411 367989 472535 288822 461927 287800 271232 563161 326699 290981 75721 675344 259577 425639 348015 309444 206871 249772 1 331742 555322 412318 232199 533269 499811 305906 124964 227250 237836 544986 248029 359646 84389 387891 419245 159601 307798 749357 73154 250316 628775 568766 770705 508029 624623 466176 623646 322726 377416 337048 428146 457465 188811 705004 529411 672848 304734 253627 708022 711997
 519215 567135 456075 242865 743036 214615 646841 402190 420112 677401 742343 247589 570576 494132 775894 618991 486420 607447 477858 72157 260280 727513 473144 94501 679713 366471 356468 409439 331742 1 885283 121275 411844 860692 243927 237515 371238 518770 555603 286932 277949 688519 386050 56618 87550 256011 466128 501798 313607 570007 459668 316924 762407 322722 466509 419326 346985 493750 625647 545377 758479 335643 485680 628520 602426 654820 426846 101784 449501 723378
 399964 806348 737847 728842 151164 841713 239770 1249282 866805 464572 142982 845224 689976 516974 177443 281006 575860 800904 590424 845948 625005 853244 512292 977903 212717 751591 603727 585248 555322 885283 1 966083 565038 46201 1012895 822698 534700 398254 337851 1053353 745595 240295 502556 940602 972271 657743 653428 1228154 576285 322362 1061684 1070485 998801 979179 1049393 847496 1135395 640157 417961 503367 127240 901139 461923 1032556 746719 943596 692532 808172 1199395 932538
 619911 686238 435368 262487 819119 181170 726323 402175 534106 792471 823585 363113 691851 608610 870547 690898 505430 727016 596751 122758 349667 846549 586087 115226 755637 348390 471675 526007 412318 121275 966083 1 526564 945399 316535 209446 474407 618984 647003 351580 277588 754431 479015 108819 105284 367604 467093 553168 410528 660486 547931 381478 875236 416158 557798 534927 391160 495697 736835 660585 838877 444210 536741 733103 723253 768069 420824 158826 497555 839005
 167272 318585 592559 413151 457862 499336 365712 705592 312413 265931 436206 286248 241198 82289 413259 378344 496405 338225 94613 411348 224945 445643 64032 486540 406786 534904 55461 23632 232199 411844 565038 526564 1 528092 461660 498998 108870 169711 242501 498006 460630 455537 167378 455335 485104 159991 539363 663234 167094 257246 499870 511782 551219 414961 489157 294149 579451 552852 216970 134034 453498 336168 384800 514542 299921 460669 536645 385695 635965 489286
 365068 762475 737309 714242 145875 827477 221648 1218385 826638 418829 124671 810555 645799 476834 132061 270344 575329 756309 549433 824231 600735 807421 473562 952435 201305 745530 568766 547676 533269 860692 46201 945399 528092 1 980165 809611 503942 363658 307947 1019901 733871 242188 475659 915438 947180 627611 652965 1191248 549229 292774 1022479 1036272 953237 942934 1009807 807263 1101937 641536 373913 461076 112323 863667 454583 989068 702043 898997 689814 786861 1163653 887041
 615683 459071 698209 478336 886211 457827 787949 244968 286549 695206 874749 177642 512205 533304 872798 776263 710981 501856 483857 315239 424972 608653 524079 201593 826211 608991 413943 447080 499811 243927 1012895 316535 461660 980165 1 481355 479205 616848 675585 46121 518391 852653 520588 214039 211274 359220 701240 261510 450415 691174 234298 74231 599419 117603 246551 296938 124456 727835 669952 573853 891986 187410 681209 437333 518733 497782 665446 338125 212978 577257
 535314 742917 227150 98247 671729 28332 588330 609037 622616 749380 684963 455591 714573 572898 757881 541693 305638 778512 587744 167669 276607 899153 545244 301700 610238 139066 452447 507845 305906 237515 822698 209446 498998 809611 481355 1 411562 533133 537365 523783 80071 593636 388891 274311 290956 350269 259377 737189 341128 547931 692839 553931 959451 555095 697972 617009 579043 287925 679112 624926 698239 552923 366541 844656 760137 852643 211934 155959 683711 911999
 148217 423453 486012 319580 407836 416094 310023 714686 391647 337824 395577 318542 350066 165452 407443 306516 387740 445476 202621 352802 136103 554384 136507 457581 349361 432472 97979 128614 124964 371238 534700 474407 108870 503942 479205 411562 1 148009 196857 520851 364130 384884 61826 422298 453807 123850 430837 707852 70544 212378 562993 539834 656820 458464 555343 375271 602682 444024 269744 215598 412796 391749 280513 607446 408555 563078 429610 320955 673495 595986
 4086 459676 558484 435964 288547 542374 199009 856667 480536 243426 266627 447102 357884 146596 260080 222167 426630 468827 220660 496499 271584 557747 129009 605589 239982 524218 205476 191699 227250 518770 398254 618984 169711 363658 616848 533133 148009 1 76543 656277 473300 295395 145200 570246 601783 270321 488124 830672 208509 89813 669581 672669 683342 581251 658787 461868 738304 493243 161670 166622 283951 504917 291667 672132 420686 604216 501287 462712 801180 617877
 80068 535897 530935 439123 216367 550284 123380 911460 554721 292966 199548 510739 432550 222726 224191 147001 386762 544192 297164 524458 297865 630188 205509 646105 164474 508449 271925 265274 237836 555603 337851 647003 242501 307947 675585 537365 196857 76543 1 716638 470144 218954 169582 609499 641259 320031 454796 897753 242384 15611 741262 734682 758249 647832 731126 536269 798612 455831 210549 238080 216884 574365 247244 748596 495264 680387 474918 488366 866103 692496
 654964 469120 742336 523476 928433 499669 830299 215657 296974 724137 916059 211867 531356 567175 910537 819881 756980 511450 514197 358732 470367 613212 559513 236454 868876 652942 452061 482308 544986 286932 1053353 351580 498006 1019901 46121 523783 520851 656277 716638 1 562871 896569 563797 253151 246698 402254 746630 216123 494332 732245 211316 30310 592598 119078 226300 309714 82049 773336 702782 605745 933342 201866 727007 424178 532734 494314 710376 382793 166908 575430
 475834 728573 180475 50806 594463 104828 513308 668653 623681 699291 609220 465001 688113 529040 687418 464755 228954 761483 553011 205954 235951 880574 500406 355857 533603 93375 419362 472587 248029 277949 745595 277588 460630 733871 518391 80071 364130 473300 470144 562871 1 514684 332417 323906 345547 325104 191626 778715 295640 479707 715625 592387 952379 578697 718556 615714 624928 220038 625408 579719 622051 564292 287295 850373 737969 847191 149265 180323 727104 901097
 298989 754802 497579 503969 97948 614785 104427 1075133 767042 481328 134533 701874 650048 441648 266153 78432 335568 762319 516052 639391 434956 844125 424067 782973 73287 513316 475533 478976 359646 688519 240295 754431 455537 242188 852653 593636 384884 295395 218954 896569 514684 1 333995 745085 775937 495030 413151 1091244 402262 206906 946807 918065 975619 842676 938281 749162 977107 400320 405739 453645 137550 776315 227488 966657 712532 899251 452492 600950 1054673 909528
 147066 484444 437975 292545 367331 397405 268996 749904 451892 368369 360527 368328 407400 211055 391725 256482 330142 505462 258654 356268 129360 612483 181901 476943 306161 391773 159524 188550 84389 386050 502556 479015 167378 475659 520588 388891 61826 145200 169582 563797 332417 333995 1 440154 471915 161556 377747 757426 73731 183968 619001 584585 717665 509499 612180 435860 644923 389041 293043 256678 377285 447003 218873 669051 467025 624629 380860 321027 720719 656333
 570513 583685 498552 292891 798996 248772 702541 348630 427450 719336 797725 258426 597684 537369 828539 675349 538552 625155 515348 120226 315729 743557 517872 37892 735738 408875 399908 450903 387891 56618 940602 108819 455335 915438 214039 274311 422298 570246 609499 253151 323906 745085 440154 1 31762 303707 514412 463625 367147 624071 441571 283457 767571 308178 450665 429236 304735 542419 671112 587635 813956 335959 541842 624285 624818 660655 473144 154712 409660 732719
 602022 602924 517177 317349 830464 264302 734109 323738 443063 748399 829379 277290 621434 566973 860208 706540 563878 644807 543152 145931 347343 762193 547920 10835 767173 427809 429742 480087 419245 87550 972271 105284 485104 947180 211274 290956 453807 601783 641259 246698 345547 775937 471915 31762 1 334706 536896 451908 398904 655833 443366 276740 780888 313380 453742 446059 290943 565120 701264 616898 845589 348869 571161 633078 646534 674565 494364 182157 396971 748188
 270107 405271 480858 274757 527342 346952 428992 591594 324345 425303 517573 210848 364861 241425 530375 417877 421877 436868 240272 251359 103072 555525 218485 337627 467021 409852 106755 162862 159601 256011 657743 367604 159991 627611 359220 350269 123850 270321 320031 402254 325104 495030 161556 303707 334706 1 444721 597786 94839 335444 469564 423118 633402 352079 465108 311861 483469 464327 369965 293791 534660 297954 348123 551856 413034 530888 429376 226339 559812 579174
 491704 843109 84436 223690 507117 287541 449512 860232 766390 731185 533762 623735 780209 588578 640805 389669 77663 870055 633457 395035 341776 983094 559531 547118 455600 127748 513658 557498 307798 466128 653428 467093 539363 652965 701240 259377 430837 488124 454796 746630 191626 413151 377747 514412 536896 444721 1 962704 378340 458609 883615 775467 1074892 749593 884118 755221 812273 28606 649793 632183 542470 722214 211543 994944 837180 974386 50209 365423 912554 1017733
 828710 530306 957792 739599 1113450 712224 1016758 236400 385628 850256 1096370 389478 625001 719699 1073125 1013295 971758 566516 654478 573875 676649 637822 718845 441155 1056708 868246 626095 643643 749357 501798 1228154 553168 663234 1191248 261510 737189 707852 830672 897753 216123 778715 1091244 757426 463625 451908 597786 962704 1 692358 913244 194549 187331 566174 249944 214094 404334 162205 989339 846650 748564 1113751 328021 935106 386667 604719 493251 926452 598808 56313 573875
 209534 465428 426851 249996 440242 345563 342043 677108 408328 408313 434196 305621 404142 233549 462534 325965 344281 491724 261329 287993 65787 605303 205158 403723 378524 367831 135341 182118 73154 313607 576285 410528 167094 549229 450415 341128 70544 208509 242384 494332 295640 402262 73731 367147 398904 94839 378340 692358 1 257059 562883 516164 698100 446903 557695 394034 574871 394434 339927 284758 450914 390793 256788 632356 459572 599814 371660 254430 653709 639875
 93116 548015 535822 449739 201134 561363 109237 926926 569275 296494 183941 526322 443483 234972 211703 137079 389261 555515 309882 538048 311723 639829 218736 660760 150267 515732 287343 279886 250316 570007 322362 660486 257246 292774 691174 547931 212378 89813 15611 732245 479707 206906 183968 624071 655833 335444 458609 913244 257059 1 756333 750291 769177 663332 746094 550759 814217 458691 214739 247967 201278 589669 249413 761840 506097 692408 480192 501757 881673 703259
 667118 335760 895243 669641 957383 672369 863564 370753 199081 662677 935964 263085 432368 545992 899586 868395 878010 372287 476013 525634 563150 449351 549409 434218 904408 808864 471690 478189 628775 459668 1061684 547931 499870 1022479 234298 692839 562993 669581 741262 211316 715625 946807 619001 441571 443366 469564 883615 194549 562883 756333 1 188077 397535 137754 20569 218498 232257 907803 665900 569022 953222 172246 817552 220449 410227 310842 854917 539515 199574 393307
 671208 463334 772031 552551 947669 529893 849753 214248 292844 731097 934226 225944 531501 578576 924959 840993 784733 505166 522823 388616 494653 603338 572302 266439 888697 682704 467616 495139 568766 316924 1070485 381478 511782 1036272 74231 553931 539834 672669 734682 30310 592387 918065 584585 283457 276740 423118 775467 187331 516164 750291 188077 1 575980 114942 204362 306993 70301 802044 713000 615372 951551 202255 752116 404612 529300 479959 739620 412189 140072 561764
 679472 233431 1114251 901605 945698 947265 873490 768150 342333 534585 910427 514951 325712 537504 821359 905162 1041618 215142 467995 809938 734692 149688 559678 774353 912223 1041101 564240 529259 770705 762407 998801 875236 551219 953237 599419 959451 656820 683342 758249 592598 952379 975619 717665 767571 780888 633402 1074892 566174 698100 769177 397535 575980 1 481852 377938 344508 628612 1092205 586600 522163 925259 432047 935967 180125 263097 107669 1062484 807251 589097 66708
 579376 350173 758668 533342 863511 534749 766899 329179 178484 620685 846580 141398 416678 475771 827019 764518 747638 392428 415454 387971 438418 494745 472497 305041 806932 671810 376309 396234 508029 322722 979179 416158 414961 942934 117603 555095 458464 581251 647832 119078 578697 842676 509499 308178 313380 352079 749593 249944 446903 663332 137754 114942 481852 1 143794 192156 184255 774372 607308 509106 863962 88503 696203 322194 414805 380323 719447 401882 221265 460189
 656239 316342 897670 671957 946978 678078 853764 390652 184367 646269 924854 261458 414454 533038 886125 859921 876705 352461 462184 531265 560327 428795 537329 444832 894693 811897 462792 467151 624623 466509 1049393 557798 489157 1009807 246551 697972 555343 658787 731126 226300 718556 938281 612180 450665 453742 465108 884118 214094 557695 746094 20569 204362 377938 143794 1 203857 251120 907949 651183 554731 942071 167160 813227 201769 391061 290429 856401 543798 220122 372927
 459029 162674 784938 565376 750299 603761 659623 521223 19493 446047 725982 171982 226495 330539 682634 671492 733517 205558 258567 465431 414694 317774 336899 440818 700716 706829 277883 271068 466176 419326 847496 534927 294149 807263 296938 617009 375271 461868 536269 309714 615714 749162 435860 429236 446059 311861 755221 404334 394034 550759 218498 306993 344508 192156 203857 1 375558 775649 447453 350875 743046 109531 649288 240012 223024 236917 736408 463467 392933 304204
 736980 529577 802258 588588 1010111 553393 911919 146677 360747 801329 997998 293204 600879 647573 992249 900703 827110 570921 592744 419011 548530 665453 640592 280133 950351 712532 533960 563379 623646 346985 1135395 391160 579451 1101937 124456 579043 602682 738304 798612 82049 624928 977107 644923 304735 290943 483469 812273 162205 574871 814217 232257 70301 628612 184255 251120 375558 1 839559 782502 685048 1015273 272192 803533 452692 596986 536775 773785 446855 106396 619204
 496930 859826 100906 251041 495716 316106 442778 888551 787225 736661 524115 647118 794020 599008 634963 381928 69963 885854 646435 422861 361256 997725 570161 575311 446367 155207 529437 571651 322726 493750 640157 495697 552852 641536 727835 287925 444024 493243 455831 773336 220038 400320 389041 542419 565120 464327 28606 989339 394434 458691 907803 802044 1092205 774372 907949 775649 839559 1 654708 641274 532056 745236 209533 1015577 851770 992562 77591 392788 939463 1034308
 158108 388567 719660 584411 361460 685075 301349 914918 466914 82850 324455 492339 272018 137647 242989 347031 587658 383407 192370 617737 405695 446249 153425 703008 336039 682271 271867 225989 377416 625647 417961 736835 216970 373913 669952 679112 269744 161670 210549 702782 625408 405739 293043 671112 701264 369965 649793 846650 339927 214739 665900 713000 586600 607308 651183 447453 782502 654708 1 98293 338910 521327 451069 615385 329507 526013 662377 588139 826978 519909
 162558 307868 694599 534739 427141 627425 351345 818749 370367 132031 395159 396254 197221 52748 333255 384859 578233 310281 94122 545088 348339 392114 79699 617829 390321 646461 189048 136823 337048 545377 503367 660585 134034 461076 573853 624926 215598 166622 238080 605745 579719 453645 256678 587635 616898 293791 632183 748564 284758 247967 569022 615372 522163 509106 554731 350875 685048 641274 98293 1 411143 423034 449904 530876 259237 450350 637420 518639 728685 455943
 286257 718912 626651 603452 40750 716568 112555 1126077 762037 401687 17382 727523 605832 415433 140218 158033 464961 718810 490937 718712 498250 784884 406205 851347 88982 633304 487665 475037 428146 758479 127240 838877 453498 112323 891986 698239 412796 283951 216884 933342 622051 137550 377285 813956 845589 534660 542470 1113751 450914 201278 953222 951551 925259 863962 942071 743046 1015273 532056 338910 411143 1 788778 342326 941301 665845 860438 578356 680933 1082787 858552
 502750 271834 740883 515881 790722 536039 695549 415851 99916 532582 771428 99405 329733 391994 745119 697885 711531 314675 329040 391393 393769 423980 390845 342476 736135 657458 302844 316010 457465 335643 901139 444210 336168 863667 187410 552923 391749 504917 574365 201866 564292 776315 447003 335959 348869 297954 722214 328021 390793 589669 172246 202255 432047 88503 167160 109531 272192 745236 521327 423034 788778 1 646075 293484 331895 325767 696992 396964 305651 400770
 295577 702990 292446 279428 311156 388376 241355 884598 664205 533769 331426 556638 621242 413884 430527 184797 139885 722809 472388 428276 258599 826591 386680 579348 253443 290991 377178 406743 188811 485680 461923 536741 384800 454583 681209 366541 280513 291667 247244 727007 287295 227488 218873 541842 571161 348123 211543 935106 256788 249413 817552 752116 935967 696203 813227 649288 803533 209533 451069 449904 342326 646075 1 885587 682270 843502 239896 390281 892030 874010
 668744 227557 1022629 800641 954673 828696 870722 589663 228646 585077 925000 389087 345136 528420 858359 890903 973353 242815 452649 684752 654704 267777 543125 625354 911424 942580 509531 490929 705004 628520 1032556 733103 514542 989068 437333 844656 607446 672132 748596 424178 850373 966657 669051 624285 633078 551856 994944 386667 632356 761840 220449 404612 180125 322194 201769 240012 452692 1015577 615385 530876 941301 293484 885587 1 295907 118411 975145 688909 409028 191387
 416781 75687 885562 687757 684575 753447 610570 743264 236456 290273 650542 371124 62810 275666 570162 642229 796278 54466 209949 632404 506596 145956 299295 643071 649518 820560 324617 280210 529411 602426 746719 723253 299921 702043 518733 760137 408555 420686 495264 532734 737969 712532 467025 624818 646534 413034 837180 604719 459572 506097 410227 529300 263097 414805 391061 223024 596986 851770 329507 259237 665845 331895 682270 295907 1 196992 830987 619694 603160 197241
 600520 144570 1011218 796484 877481 840114 799403 679843 234714 485984 844799 407319 254737 457673 767144 826183 944076 142695 384350 702337 633067 149675 476971 668242 839234 936641 467977 437839 672848 654820 943596 768069 460669 898997 497782 852643 563078 604216 680387 494314 847191 899251 624629 660655 674565 530888 974386 493251 599814 692408 310842 479959 107669 380323 290429 236917 536775 992562 526013 450350 860438 325767 843502 118411 196992 1 960254 699985 508743 82597
 504657 832440 57377 187424 544358 240241 481026 816812 746571 742484 568703 597838 775763 591536 670225 422925 119453 861270 631241 355024 327881 976487 562278 504758 490359 77656 506376 553317 304734 426846 692532 420824 536645 689814 665446 211934 429610 501287 474918 710376 149265 452492 380860 473144 494364 429376 50209 926452 371660 480192 854917 739620 1062484 719447 856401 736408 773785 77591 662377 637420 578356 696992 239896 975145 830987 960254 1 327688 875382 1007003
 463853 595989 360519 141756 662163 140397 568424 503120 468212 649092 665469 299827 579118 465944 712132 534962 384689 633383 465474 38447 191763 754493 441191 191064 598623 271856 333093 389161 253627 101784 808172 158826 385695 786861 338125 155959 320955 462712 488366 382793 180323 600950 321027 154712 182157 226339 365423 598808 254430 501757 539515 412189 807251 401882 543798 463467 446855 392788 588139 518639 680933 396964 390281 688909 619694 699985 327688 1 547740 761942
 799433 530489 905539 689056 1080762 658424 983371 190668 375191 835862 1065414 355451 617915 696718 1048279 977154 923866 568863 634675 521656 634270 648911 693760 386183 1022855 815882 595774 617455 708022 449501 1199395 497555 635965 1163653 212978 683711 673495 801180 866103 166908 727104 1054673 720719 409660 396971 559812 912554 56313 653709 881673 199574 140072 589097 221265 220122 392933 106396 939463 826978 728685 1082787 305651 892030 409028 603160 508743 875382 547740 1 590755
 613982 174659 1059616 850295 879032 901137 807201 762431 305303 468585 843721 476186 260010 472439 755103 839467 982263 151338 404072 767063 679188 89199 495193 742333 845822 988480 505143 467787 711997 723378 932538 839005 489286 887041 577257 911999 595986 617877 692496 575430 901097 909528 656333 732719 748188 579174 1017733 573875 639875 703259 393307 561764 66708 460189 372927 304204 619204 1034308 519909 455943 858552 400770 874010 191387 197241 82597 1007003 761942 590755 1
LAMBDA_SECTION
1 239
2 453
3 957
4 390
5 371
6 18
7 849
8 577
9 423
10 62
11 249
12 520
13 94
14 109
15 461
16 149
17 945
18 144
19 101
20 935
21 158
22 115
23 15
24 521
25 697
26 835
27 767
28 301
29 51
30 119
31 831
32 460
33 831
34 50
35 831
36 476
37 362
38 98
39 225
40 849
41 457
42 828
43 589
44 921
45 43
46 7
47 399
48 644
49 191
50 127
51 28
52 17
53 85
54 537
55 607
56 878
57 499
58 532
59 218
60 443
61 490
62 418
63 430
64 863
65 456
66 835
67 400
68 770
69 671
70 496
