NAME : domp50p25v10
COMMENT : Cherkesly, Contardo & Gruson 2022
TYPE : DOMP
DIMENSION : 50
DISPLAY_DATA_TYPE : NO_DISPLAY
OPEN_FACILITIES : 25
COST_SECTION
 1 439932 620885 910881 340056 1072858 349705 891292 471195 549225 423174 837819 632848 582103 670857 921531 975518 649380 1150268 974975 431228 948977 510308 355385 464865 666775 693138 962479 726575 235490 899679 846490 628250 498815 1009708 543992 933609 491150 433570 970333 571084 563367 478406 557541 573072 827603 221856 616267 694608 558199
 439932 1 282272 514174 307925 813209 326397 622639 568857 747775 316352 704418 415799 789358 442254 508871 644748 220735 890315 676187 114723 787272 577685 450120 182352 434580 610603 748296 540570 205052 592310 665364 485821 693904 570211 255087 627923 107568 79107 792331 356843 761445 110483 119449 705329 458473 319817 324020 408193 728659
 620885 282272 1 297803 324242 531325 329700 341609 507462 703955 260372 466582 184974 743550 194011 323680 370399 183886 608167 394758 205717 529994 493171 441200 156240 185945 417044 475278 297537 410071 311155 408917 286338 659270 525831 85199 346918 175226 223843 528759 160695 714704 176462 275483 627787 206821 419432 68564 132504 670593
 910881 514174 297803 1 621360 455494 625682 333520 776034 968411 552756 579845 402466 1005337 381475 63731 223620 302092 512342 302377 481330 585490 752546 730162 448657 377183 605473 484996 447907 687510 248633 493762 500185 929608 358049 382391 265358 427785 486112 565165 421439 977363 437601 439819 880218 109007 716424 330673 297729 930217
 340056 307925 324242 621360 1 732831 19945 552700 262164 440925 83557 512149 294069 482578 332170 647205 647599 428396 810213 639298 213193 618839 276007 143846 192273 328593 378576 623949 387768 225847 567398 510527 292470 387813 812043 239145 600096 274460 242516 637131 234970 454368 257734 407698 398637 523937 118207 297826 365949 420753
 1072858 813209 531325 455494 732831 1 724126 191543 728336 871559 649734 324756 441814 895416 404456 517178 232223 669080 78583 156269 723959 240957 686491 763289 658304 409560 455540 141314 352256 907790 232986 258443 455113 856371 808144 570453 202012 705718 749124 203981 506336 874066 704942 794689 767334 411893 851008 494266 407581 826372
 349705 326397 329700 625682 19945 724126 1 545963 242982 423605 78671 497267 287798 465263 325834 653277 644938 440863 801167 634060 229367 604971 256182 127660 203954 322686 361791 612954 376918 244802 563600 498229 279833 370901 823995 244517 595790 289345 259614 624032 231019 436917 272668 424476 379506 526639 128772 299362 364111 402569
 891292 622639 341609 333520 552700 191543 545963 1 588860 755500 469144 263187 258658 785309 220570 396927 158452 490587 269756 99013 532421 252048 551683 600807 467017 224518 341208 155382 197525 718110 86704 173559 295738 730754 689654 379015 87486 515075 557688 232314 320676 760664 513858 610048 654420 256746 670127 302724 216053 711748
 471195 568857 507462 776034 262164 728336 242982 588860 1 196539 267215 426531 376880 236585 405282 817478 726611 656882 796581 687538 466663 540572 45498 133125 426035 407245 277582 593178 391374 466580 638652 471056 296818 153630 1030303 431254 662718 520903 499210 570849 356490 207628 504804 661835 136536 667911 310349 452926 480425 165888
 549225 747775 703955 968411 440925 871559 423605 755500 196539 1 460270 550250 566576 41659 591749 1011733 902303 851470 932368 854312 652621 655939 215901 297674 617948 594671 419061 731044 560590 615414 814614 614699 476836 55307 1226616 627579 835214 710331 683211 690865 551511 14613 693891 847999 104346 859719 454278 648606 671164 45289
 423174 316352 260372 552756 83557 649734 78671 469144 267215 460270 1 440191 210523 501417 248623 583445 566270 391388 727288 556083 205812 543432 267045 181244 158895 245107 316093 542972 307044 286638 485035 431848 215798 411048 769962 176473 517375 254956 240594 559811 152406 472483 239265 397986 400239 451577 201394 223643 285628 432897
 837819 704418 466582 579845 512149 324756 497267 263187 426531 550250 440191 1 291353 572168 273155 640631 420740 648292 382231 348293 593190 114706 381814 493198 522983 281287 150829 183485 169300 726400 346900 89634 226485 539745 923582 453646 350272 605465 626917 144488 347579 551842 597101 735074 445938 484259 623921 401450 344064 504961
 632848 415799 184974 402466 294069 441814 287798 258658 376880 566576 210523 291353 1 603052 38101 449020 364438 368611 519995 346614 308082 371953 350711 355606 237556 35223 232869 346097 124790 470346 279522 250653 105202 529660 694143 162499 310038 314573 340056 379324 65907 575225 306934 444464 477867 293522 411497 116493 104750 527856
 582103 789358 743550 1005337 482578 895416 465263 785309 236585 41659 501417 572168 603052 1 627203 1049506 934021 892463 954284 883834 694261 675027 253126 339281 659292 630393 446350 754392 591936 655407 846602 640106 511150 96026 1266887 667838 866242 751873 724869 710640 590002 28989 735446 889649 130891 896496 494447 687392 707772 75351
 670857 442254 194011 381475 332170 404456 325834 220570 405282 591749 248623 273155 38101 627203 1 431319 329107 377190 482759 308869 337538 345502 376540 390957 267535 8136 235360 312335 103856 505860 243272 223365 118737 556907 686532 187197 273056 338548 368240 350207 101996 599805 332278 462787 500102 272676 449567 128319 87633 551859
 921531 508871 323680 63731 647205 517178 653277 396927 817478 1011733 583445 640631 449020 1049506 431319 1 284962 289683 571940 365190 490313 648777 796380 763354 466183 426362 659937 548711 503931 692942 312304 555374 549801 971044 294377 408787 328946 431969 490448 628757 461061 1021216 443654 422720 926319 160829 735740 366250 345179 974740
 975518 644748 370399 223620 647599 232223 644938 158452 726611 902303 566270 420740 364438 934021 329107 284962 1 467816 289763 85096 576002 394168 692791 719913 520908 329686 494826 283500 342105 777951 88001 331308 429811 873741 576584 434910 71025 541385 593513 367054 414190 908418 545088 602482 803397 197963 760093 359854 282021 859516
 649380 220735 183886 302092 428396 669080 440863 490587 656882 851470 391388 648292 368611 892463 377190 289683 467816 1 741220 517973 229198 704369 650438 566353 237048 369200 599631 637605 480026 415112 436492 585540 468080 802410 383920 232370 469502 163566 217456 699228 336660 863493 179108 138554 785871 270249 489175 252135 306270 822730
 1150268 890315 608167 512342 810213 78583 801167 269756 796581 932368 727288 382231 519995 954284 482759 571940 289763 741220 1 223718 802118 284702 753838 836974 736706 487949 520935 203560 427345 986370 304920 325576 529775 920050 857912 648766 271803 782919 826971 247385 584693 934070 782454 868920 828029 479237 928417 572415 485658 887082
 974975 676187 394758 302377 639298 156269 634060 99013 687538 854312 556083 348293 346614 883834 308869 365190 85096 517973 223718 1 596077 311718 650619 695697 535003 311515 438811 199627 296364 790760 83947 260521 393258 829766 658630 446734 48825 569809 617716 283260 404620 859356 571115 647410 752964 256202 755364 369444 284253 810457
 431228 114723 205717 481330 213193 723959 229367 532421 466663 652621 205812 593190 308082 694261 337538 490313 576002 229198 802118 596077 1 679897 471357 356830 70603 330256 496031 648260 432123 207269 513498 558730 372275 600217 610495 154106 549257 65890 35785 687125 246298 665769 50107 195524 602234 405724 260074 229705 316478 629927
 948977 787272 529994 585490 618839 240957 604971 252048 540572 655939 543432 114706 371953 675027 345502 648777 394168 704369 284702 311718 679897 1 495630 607111 609308 353361 265533 113821 247913 827279 338087 122185 327636 649070 940581 532500 329555 684049 712001 37510 434321 656420 677623 804712 552180 503146 732823 470476 399215 610795
 510308 577685 493171 752546 276007 686491 256182 551683 45498 215901 267045 381814 350711 253126 376540 796380 692791 650438 753838 650619 471357 495630 1 162244 425071 379211 233695 550304 354294 490132 604800 428587 263763 181216 1018451 420916 627599 521937 505147 526237 337393 224905 506307 664934 135516 643826 338412 435108 455268 178544
 355385 450120 441200 730162 143846 763289 127660 600807 133125 297674 181244 493198 355606 339281 390957 763354 719913 566353 836974 695697 356830 607111 162244 1 329419 390229 344053 638204 411604 333867 634172 516732 308659 244127 948203 357701 663135 416944 386342 632407 313865 311326 400284 551543 264826 626279 177400 399493 449013 279999
 464865 182352 156240 448657 192273 658304 203954 467017 426035 617948 158895 522983 237556 659292 267535 466183 520908 237048 736706 535003 70603 609308 425071 329419 1 260374 429396 578990 361521 257137 453679 488208 303502 567618 620066 88432 489216 98183 103996 616731 175784 630428 83952 242734 558957 362760 269570 165734 252178 591563
 666775 434580 185945 377183 328593 409560 322686 224518 407245 594671 245107 281287 35223 630393 8136 426362 329686 369200 487949 311515 330256 353361 379211 390229 260374 1 242073 319093 111988 499941 244439 231201 123440 559258 680012 179498 274824 330696 360776 357799 96802 602880 324534 454675 503714 268265 445709 120184 81827 555066
 693138 610603 417044 605473 378576 455540 361791 341208 277582 419061 316093 150829 232869 446350 235360 659937 494826 599631 520935 438811 496031 265533 233695 344053 429396 242073 1 317423 159148 600806 409551 197148 131987 400996 921825 378111 425062 522079 531500 294078 266896 422929 510701 662053 315922 499181 484432 348519 322429 374360
 962479 748296 475278 484996 623949 141314 612954 155382 593178 731044 542972 183485 346097 754392 312335 548711 283500 637605 203560 199627 648260 113821 550304 638204 578990 319093 317423 1 236181 815944 236520 122624 335133 717186 842638 495088 222460 641721 677424 83636 411944 733303 637856 749757 626740 412125 741565 424433 343097 685807
 726575 540570 297537 447907 387768 352256 376918 197525 391374 560590 307044 169300 124790 591936 103856 503931 342105 480026 427345 296364 432123 247913 354294 411604 361521 111988 159148 236181 1 584330 254923 128186 102979 533960 774002 286960 274637 439068 464551 257769 186428 566460 431674 566191 461293 343199 505439 232156 179494 517535
 235490 205052 410071 687510 225847 907790 244802 718110 466580 615414 286638 726400 470346 655407 505860 692942 777951 415112 986370 790760 207269 827279 490132 333867 257137 499941 600806 815944 584330 1 710239 711967 500658 560111 775261 344487 745625 261013 202497 841279 404461 629900 250071 323743 597968 612784 161282 421513 506679 606604
 899679 592310 311155 248633 567398 232986 563600 86704 638652 814614 485035 346900 279522 846602 243272 312304 88001 436492 304920 83947 513498 338087 604800 634172 453679 244439 409551 236520 254923 710239 1 257528 341840 785775 606118 365770 35796 486063 534475 316627 332638 820854 487595 564370 716096 182182 681802 288787 205526 771975
 846490 665364 408917 493762 510527 258443 498229 173559 471056 614699 431848 89634 250653 640106 223365 555374 331308 585540 325576 260521 558730 122185 428587 516732 488208 231201 197148 122624 128186 711967 257528 1 218430 598110 841635 410457 260718 561896 590472 129589 314083 617813 555578 683070 510797 401574 626973 348498 279399 569676
 628250 485821 286338 500185 292470 455113 279833 295738 296818 476836 215798 226485 105202 511150 118737 549801 429811 468080 529775 393258 372275 327636 263763 308659 303502 123440 131987 335133 102979 500658 341840 218430 1 444978 799303 246707 366258 393141 407088 344726 135326 484230 382612 531350 382803 391412 408555 218088 204931 435846
 498815 693904 659270 929608 387813 856371 370901 730754 153630 55307 411048 539745 529660 96026 556907 971044 873741 802410 920050 829766 600217 649070 181216 244127 567618 559258 400996 717186 533960 560111 785775 598110 444978 1 1179656 581142 808061 658823 630307 682760 510004 69799 642297 795356 104582 821392 398971 606100 633608 62466
 1009708 570211 525831 358049 812043 808144 823995 689654 1030303 1226616 769962 923582 694143 1266887 686532 294377 576584 383920 857912 658630 610495 940581 1018451 948203 620066 680012 921825 842638 774002 775261 606118 841635 799303 1179656 1 599055 623311 544681 593242 921926 685349 1237928 560939 452216 1153414 440062 869983 588144 599456 1194933
 543992 255087 85199 382391 239145 570453 244517 379015 431254 627579 176473 453646 162499 667838 187197 408787 434910 232370 648766 446734 154106 532500 420916 357701 88432 179498 378111 495088 286960 344487 365770 410457 246707 581142 599055 1 401207 152114 182339 537252 111385 638876 145125 285003 556382 287719 337094 77331 163781 596150
 933609 627923 346918 265358 600096 202012 595790 87486 662718 835214 517375 350272 310038 866242 273056 328946 71025 469502 271803 48825 549257 329555 627599 663135 489216 274824 425062 222460 274637 745625 35796 260718 366258 808061 623311 401207 1 521771 570270 304942 365137 840980 523366 598608 735449 210040 715118 324117 240198 792044
 491150 107568 175226 427785 274460 705718 289345 515075 520903 710331 254956 605465 314573 751873 338548 431969 541385 163566 782919 569809 65890 684049 521937 416944 98183 330696 522079 641721 439068 261013 486063 561896 393141 658823 544681 152114 521771 1 58555 687708 259743 723168 16738 144562 655034 360779 325931 217295 300766 685707
 433570 79107 223843 486112 242516 749124 259614 557688 499210 683211 240594 626917 340056 724869 368240 490448 593513 217456 826971 617716 35785 712001 505147 386342 103996 360776 531500 677424 464551 202497 534475 590472 407088 630307 593242 182339 570270 58555 1 718351 279508 696529 49382 165336 635163 416873 277481 255542 341721 661579
 970333 792331 528759 565165 637131 203981 624032 232314 570849 690865 559811 144488 379324 710640 350207 628757 367054 699228 247385 283260 687125 37510 526237 632407 616731 357799 294078 83636 257769 841279 316627 129589 344726 682760 921926 537252 304942 687708 718351 1 443358 691634 682135 804202 586883 487373 752470 471963 396678 645654
 571084 356843 160695 421439 234970 506336 231019 320676 356490 551511 152406 347579 65907 590002 101996 461061 414190 336660 584693 404620 246298 434321 337393 313865 175784 96802 266896 411944 186428 404461 332638 314083 135326 510004 685349 111385 365137 259743 279508 443358 1 561446 250307 396203 470425 314859 350782 97959 135753 515868
 563367 761445 714704 977363 454368 874066 436917 760664 207628 14613 472483 551842 575225 28989 599805 1021216 908418 863493 934070 859356 665769 656420 224905 311326 630428 602880 422929 733303 566460 629900 820854 617813 484230 69799 1237928 638876 840980 723168 696529 691634 561446 1 706759 861204 107070 868576 468740 658754 679904 48941
 478406 110483 176462 437601 257734 704942 272668 513858 504804 693891 239265 597101 306934 735446 332278 443654 545088 179108 782454 571115 50107 677623 506307 400284 83952 324534 510701 637856 431674 250071 487595 555578 382612 642297 560939 145125 523366 16738 49382 682135 250307 706759 1 159256 639149 367494 310099 213737 298581 669465
 557541 119449 275483 439819 407698 794689 424476 610048 661835 847999 397986 735074 444464 889649 462787 422720 602482 138554 868920 647410 195524 804712 664934 551543 242734 454675 662053 749757 566191 323743 564370 683070 531350 795356 452216 285003 598608 144562 165336 804202 396203 861204 159256 1 796992 406279 435247 335000 407883 825428
 573072 705329 627787 880218 398637 767334 379506 654420 136536 104346 400239 445938 477867 130891 500102 926319 803397 785871 828029 752964 602234 552180 135516 264826 558957 503714 315922 626740 461293 597968 716096 510797 382803 104582 1153414 556382 735449 655034 635163 586883 470425 107070 639149 796992 1 771219 438641 568374 582527 59074
 827603 458473 206821 109007 523937 411893 526639 256746 667911 859719 451577 484259 293522 896496 272676 160829 197963 270249 479237 256202 405724 503146 643826 626279 362760 268265 499181 412125 343199 612784 182182 401574 391412 821392 440062 287719 210040 360779 416873 487373 314859 868576 367494 406279 771219 1 624776 227957 188773 821341
 221856 319817 419432 716424 118207 851008 128772 670127 310349 454278 201394 623921 411497 494447 449567 735740 760093 489175 928417 755364 260074 732823 338412 177400 269570 445709 484432 741565 505439 161282 681802 626973 408555 398971 869983 337094 715118 325931 277481 752470 350782 468740 310099 435247 438641 624776 1 404170 478112 445466
 616267 324020 68564 330673 297826 494266 299362 302724 452926 648606 223643 401450 116493 687392 128319 366250 359854 252135 572415 369444 229705 470476 435108 399493 165734 120184 348519 424433 232156 421513 288787 348498 218088 606100 588144 77331 324117 217295 255542 471963 97959 658754 213737 335000 568374 227957 404170 1 86820 613480
 694608 408193 132504 297729 365949 407581 364111 216053 480425 671164 285628 344064 104750 707772 87633 345179 282021 306270 485658 284253 316478 399215 455268 449013 252178 81827 322429 343097 179494 506679 205526 279399 204931 633608 599456 163781 240198 300766 341721 396678 135753 679904 298581 407883 582527 188773 478112 86820 1 632592
 558199 728659 670593 930217 420753 826372 402569 711748 165888 45289 432897 504961 527856 75351 551859 974740 859516 822730 887082 810457 629927 610795 178544 279999 591563 555066 374360 685807 517535 606604 771975 569676 435846 62466 1194933 596150 792044 685707 661579 645654 515868 48941 669465 825428 59074 821341 445466 613480 632592 1
LAMBDA_SECTION
1 297
2 254
3 554
4 737
5 951
6 949
7 17
8 146
9 401
10 140
11 366
12 829
13 905
14 493
15 12
16 162
17 398
18 415
19 706
20 756
21 17
22 376
23 577
24 877
25 193
26 589
27 72
28 331
29 822
30 386
31 882
32 484
33 864
34 591
35 925
36 308
37 489
38 628
39 586
40 436
41 437
42 760
43 437
44 715
45 726
46 128
47 495
48 245
49 834
50 991
