NAME : domp60p15v7
COMMENT : Cherkesly, Contardo & Gruson 2022
TYPE : DOMP
DIMENSION : 60
DISPLAY_DATA_TYPE : NO_DISPLAY
OPEN_FACILITIES : 15
COST_SECTION
 1 795864 850789 289183 853445 719998 215120 821367 640642 727306 966321 626731 543090 508428 579309 648269 586750 906880 509241 339863 521600 774542 771536 901163 109971 619250 774429 465086 771951 283860 781545 172269 759119 305356 661756 383015 529935 313329 123410 441841 516994 420752 517132 366385 798271 763064 749796 410700 573986 856543 596075 569713 416424 361962 748090 848630 280205 546263 653397 650040
 795864 1 137517 874018 589651 284574 582274 957558 311342 702878 211743 215155 253982 326447 727248 305472 486600 205347 652904 635298 564313 158256 312929 339256 763197 176864 669659 603983 796709 728627 475867 770218 928117 998135 321723 463908 1005257 977500 876496 541862 440774 482297 957114 998671 798660 255352 747560 992167 239668 161269 937167 839583 619272 982501 396605 525868 802334 445334 194357 758358
 850789 137517 1 884432 482970 210409 644937 884054 268518 626400 115887 225529 317584 429624 679822 260544 438781 71418 618168 736581 686749 85150 215106 206988 801677 261193 582522 720557 718341 823685 377631 850315 862109 1017793 267219 486117 984670 992885 916513 654517 560151 484903 934331 1006589 715984 164582 669696 991269 341637 24467 899223 799280 605594 989401 305476 415970 811390 568860 198674 699132
 289183 874018 884432 1 723045 702879 393840 567282 626324 543737 997149 667146 631493 664699 377649 634798 499783 923485 347264 602028 767883 799810 739961 866673 197543 712975 607269 721159 559330 565943 688137 460147 504526 143925 638031 410301 240802 111499 195211 680923 727760 399562 230224 124910 588213 753457 551827 136494 700550 882101 319989 320624 297209 109642 685011 740928 73082 760237 692652 439100
 853445 589651 482970 723045 1 313349 725837 446960 332782 218763 535445 450896 555515 705436 365360 332435 271708 459131 375890 929835 974401 431553 276728 304703 757291 576427 147073 977562 284712 978330 118485 944107 447511 865393 308052 509173 698829 829355 853330 906109 855201 448609 648666 814866 269912 334370 246154 771395 648259 461716 568235 478555 446066 796809 199254 68313 661670 879089 448622 335093
 719998 284574 210409 702879 313349 1 536635 678433 80090 421558 307427 150341 269558 419592 469857 72066 230428 227464 411999 690119 695364 134132 58269 181798 651594 270193 385204 710727 514865 759854 195712 757969 653675 842137 64876 337168 781345 813759 764531 639170 569773 312808 730346 820977 515317 51432 465783 799257 349159 198160 690352 590200 411779 803215 114664 255647 630235 589341 140583 489035
 215120 582274 644937 393840 725837 536635 1 806275 460979 649270 759443 425120 331419 297032 534632 467642 454948 704712 445446 239739 379924 572747 592184 717908 214284 405421 679101 341761 715473 257406 634905 223332 748821 472387 485180 217698 613241 465755 312983 291683 334661 277946 583479 506983 737349 574377 681932 530331 359045 652766 630730 571631 346260 496156 586155 706594 344367 366882 451079 603940
 821367 957558 884054 567282 446960 678433 806275 1 648069 257658 960201 762054 819051 939740 276403 653181 479794 879231 370309 1045767 1159163 812545 670024 740199 711661 875663 309710 1136700 167453 1051419 516497 971537 62902 672975 635867 648939 399964 634908 757206 1074349 1067483 582947 369204 593231 177264 719852 214913 530456 919189 867339 260497 252064 463749 579586 579617 509359 545940 1098373 773874 215665
 640642 311342 268518 626324 332782 80090 460979 648069 1 396763 375028 122066 223518 374563 418287 8474 176118 298242 350770 626293 647402 184385 131690 260531 571505 247254 373633 656808 490557 691062 216265 683460 616997 764450 26855 257641 716153 736774 684476 584919 525178 233215 665850 745792 495457 128081 441686 726507 315638 261306 633756 534476 339164 728195 142680 286319 553435 547799 127676 447031
 727306 702878 626400 543737 218763 421558 649270 257658 396763 1 704002 515021 586434 720392 166581 401115 240980 622654 218069 879227 964079 555529 412489 488917 621258 634270 73183 952284 93928 906197 262791 848330 241114 680230 382188 454476 485093 642467 700744 884627 859392 385357 436275 620011 100882 462258 44924 570432 686985 609733 350513 265051 313777 602534 322188 269446 492570 888166 524165 119202
 966321 211743 115887 997149 535445 307427 759443 960201 375028 704002 1 341408 430099 531436 774547 366720 537644 81987 719424 840573 776054 197951 295102 232543 917499 367596 652393 815101 792874 930591 444329 962040 943829 1131764 369501 601547 1088567 1106232 1032337 751835 652217 598072 1037668 1118512 787050 256806 745434 1101203 443142 115053 996451 896196 714145 1101153 383181 467150 924068 657070 314552 787120
 626731 215155 225529 667146 450896 150341 425120 762054 122066 515021 341408 1 121392 269567 518012 120298 282885 280381 439831 550158 545400 148027 206561 310849 576219 125817 495186 562659 608317 626684 332773 638428 727227 796808 143907 262080 790198 773561 691047 491490 419491 269962 741967 790937 614733 166303 559849 780910 199826 229875 723581 626942 404306 774267 254030 399376 594562 439048 26857 555112
 543090 253982 317584 631493 555515 269558 331419 819051 223518 586434 430099 121392 1 151462 556440 225042 345541 381959 468167 430909 426379 254249 326878 431350 509776 81701 578952 441534 676614 511163 439739 532736 777185 749446 249464 224849 787360 731013 622690 370224 302274 263180 742721 756346 687309 287585 630094 756193 100666 328369 742129 651604 408167 741005 364993 509654 561832 324307 140404 605047
 508428 326447 429624 664699 705436 419592 297032 939740 374563 720392 531436 269567 151462 1 668023 376346 480815 499597 575259 309359 275834 383617 476126 573197 506669 170110 720019 296487 807276 402316 590520 451636 892942 762415 400715 300629 853408 751159 609851 227233 150813 359934 813835 786021 820626 433165 762669 798149 88357 445761 831092 748674 498161 772887 516402 660863 602281 173672 284255 724076
 579309 727248 679822 377649 365360 469857 534632 276403 418287 166581 774547 518012 556440 668023 1 425152 242409 692908 94056 772985 882765 599186 481186 585223 470470 620551 233758 860948 192708 785359 367780 714577 225353 513663 413947 373331 337455 475949 541036 798085 792130 308712 286186 454719 219556 518720 175817 407505 654731 667971 223121 123502 188920 437051 399531 400160 329387 823320 534628 71269
 648269 305472 260544 634798 332435 72066 467642 653181 8474 401115 366720 120298 225042 376346 425152 1 182826 289821 358379 630937 649822 176606 124662 252980 579575 245946 376620 660031 494978 696514 215297 689927 622673 772913 24493 265312 724143 745247 692625 588153 527078 241556 673790 754251 499449 119680 446032 734895 315829 253107 641125 541746 347515 736650 140175 284622 561909 549328 124186 453075
 586750 486600 438781 499783 271708 230428 454948 479794 176118 240980 537644 282885 345541 480815 242409 182826 1 456998 182319 666895 732503 357145 251288 370914 496193 396523 241588 726676 331335 709359 196856 672404 444414 643191 171894 240147 552529 611056 599602 656885 622808 177142 501203 610123 341823 280855 284556 581199 446153 428159 460452 360510 202887 591951 185617 261923 430201 650610 296534 272704
 906880 205347 71418 923485 459131 227464 704712 879231 298242 622654 81987 280381 381959 499597 692908 289821 456998 1 639088 805352 758130 132374 213115 162116 852381 330282 572164 791547 712028 891021 364142 913943 862181 1059883 290694 534694 1008751 1033334 967072 725151 631441 525932 957687 1043766 706786 176325 664366 1024626 411917 54094 915040 814782 637091 1026237 301384 390880 850452 640275 253955 705133
 509241 652904 618168 347264 375890 411999 445446 370309 350770 218069 719424 439831 468167 575259 94056 358379 182319 639088 1 682356 788984 534919 433020 548583 403432 535529 269548 767987 271299 699039 347929 634072 319184 490131 351182 279351 370264 454701 486889 704585 698144 215433 318891 444559 294900 462806 242561 408182 565121 608788 284332 187152 99786 426307 360789 395361 286503 729392 458680 159361
 339863 635298 736581 602028 929835 690119 239739 1045767 626293 879227 840573 550158 430909 309359 772985 630937 666895 805352 682356 1 185906 683090 748377 860953 405098 475390 902142 125527 950174 101939 827072 197436 988528 644345 652909 428495 835501 649008 463209 121812 226888 496330 810941 698977 970809 715683 914308 735015 397484 751268 866305 810772 584122 691946 765470 900052 565978 245928 571071 841521
 521600 564313 686749 767883 974401 695364 379924 1159163 647402 964079 776054 545400 426379 275834 882765 649822 732503 758130 788984 185906 1 652411 751957 846290 575016 439002 974060 66478 1044432 276330 861860 382733 1105985 823213 673948 513109 992933 824953 644160 88338 127953 581615 963322 872461 1061491 708324 1003513 903431 354013 705825 1006456 939660 696934 863970 789961 933273 723377 119027 559604 946795
 774542 158256 85150 799810 431553 134132 572747 812545 184385 555529 197951 148027 254249 383617 599186 176606 357145 132374 534919 683090 652411 1 154958 198407 721328 214198 517060 679632 648661 765351 318806 783748 787547 933874 185279 404323 900297 908564 836121 610849 524476 400420 850123 921724 648463 97742 599629 906130 299042 83426 817096 717420 520504 904493 240920 367616 726745 537621 121710 621810
 771536 312929 215106 739961 276728 58269 592184 670024 131690 412489 295102 206561 326878 476126 481186 124662 251288 213115 433020 748377 751957 154958 1 130461 699528 322468 367439 768323 503731 817723 164486 814187 650411 881036 109837 388610 803183 851333 811376 696855 625845 358420 751672 855447 500919 57706 455301 830198 403459 197399 703973 603803 444867 837471 90520 213826 667992 644660 194039 492023
 901163 339256 206988 866673 304703 181798 717908 740199 260531 488917 232543 310849 431350 573197 585223 252980 370914 162116 548583 860953 846290 198407 130461 1 829984 407517 430490 869442 573066 935552 226359 938440 729953 1008625 240042 518150 916157 978164 941800 799177 718469 488839 864379 980134 564234 145894 527522 952103 492354 182644 807796 708714 570115 962035 187896 236771 795256 733385 291135 584672
 109971 763197 801677 197543 757291 651594 214284 711661 571505 621258 917499 576219 509776 506669 470470 579575 496193 852381 403432 405098 575016 721328 699528 829984 1 590109 671003 525722 663177 369881 692862 269218 649519 258106 590145 318012 435533 252907 114839 489436 546488 341657 417354 297755 689788 697797 642249 330016 558806 804591 490334 460239 314152 288954 666687 757357 174347 578101 603054 540943
 619250 176864 261193 712975 576427 270193 405421 875663 247254 634270 367596 125817 81701 170110 620551 245946 396523 330282 535529 475390 439002 214198 322468 407517 590109 1 618539 465502 726623 563305 458133 596701 837145 831081 269703 305062 864839 812712 702412 397117 311084 338333 819337 837853 734747 273331 678794 836972 85028 276275 814042 721252 482536 822435 378674 523613 643061 326127 129657 664413
 774429 669659 582522 607269 147073 385204 679101 309710 373633 73183 652393 495186 578952 720019 233758 376620 241588 572164 269548 902142 974060 517060 367439 430490 671003 618539 1 967186 142833 936429 208077 886084 303300 746007 355200 473763 557999 708664 756395 897848 863847 405896 508922 688476 134658 420853 100012 640497 678284 564192 423644 337740 358009 670798 277371 202408 552499 891189 500781 192121
 465086 603983 720557 721159 977562 710727 341761 1136700 656808 952284 815101 562659 441534 296487 860948 660031 726676 791547 767987 125527 66478 679632 768323 869442 525722 465502 967186 1 1029290 210724 867986 319629 1081739 768976 683625 498023 950804 772639 588323 71890 163702 567159 923561 821684 1047789 728119 990193 855554 381079 738334 972339 910229 672977 814037 799305 940311 680698 166609 579357 927007
 771951 796709 718341 559330 284712 514865 715473 167453 490557 93928 792874 608317 676614 807276 192708 494978 331335 712028 271299 950174 1044432 648661 503731 573066 663177 726623 142833 1029290 1 970150 349045 904371 163036 687339 476115 531828 458933 648779 731448 963076 943376 462955 414610 618827 29234 554651 49152 563266 777275 701129 315424 250072 371059 602373 413220 344342 517962 972841 617853 122883
 283860 728627 823685 565943 978330 759854 257406 1051419 691062 906197 930591 626684 511163 402316 785359 696514 709359 891021 699039 101939 276330 765351 817723 935552 369881 563305 936429 210724 970150 1 881792 117032 991862 587070 717074 469477 805343 597013 404848 222776 328826 533396 786488 650233 992801 789662 938028 693041 489217 836992 852760 807789 599271 645526 825890 954425 541261 347441 649335 855791
 781545 475867 377631 688137 118485 195712 634905 516497 216265 262791 444329 332773 439739 590520 367780 215297 196856 364142 347929 827072 861860 318806 164486 226359 692862 458133 208077 867986 349045 881792 1 856802 503904 832061 190814 417361 704144 798283 796339 796225 740896 363886 652499 791775 342732 221065 302380 755955 530904 358191 587604 490243 395106 773504 81117 72980 621015 763940 330141 360143
 172269 770218 850315 460147 944107 757969 223332 971537 683460 848330 962040 638428 532736 451636 714577 689927 672404 913943 634072 197436 382733 783748 814187 938440 269218 596701 886084 319629 904371 117032 856802 1 910453 471626 708000 439580 700874 483193 290028 315996 411896 495709 685717 537383 928797 793747 876387 582931 532577 860721 759040 722890 535267 533664 809434 927962 443501 435777 663304 785804
 759119 928117 862109 504526 447511 653675 748821 62902 616997 241114 943829 727227 777185 892942 225353 622673 444414 862181 319184 988528 1105985 787547 650411 729953 649519 837145 303300 1081739 163036 991862 503904 910453 1 611779 606950 598525 343779 573566 694306 1020461 1017296 534023 310155 532968 182078 697531 203591 470820 876604 846654 201295 189511 409189 518950 560876 505705 483174 1048575 740716 172735
 305356 998135 1017793 143925 865393 842137 472387 672975 764450 680230 1131764 796808 749446 762415 513663 772913 643191 1059883 490131 644345 823213 933874 881036 1008625 258106 831081 746007 768976 687339 587070 832061 471626 611779 1 777457 535703 293365 38673 182406 740314 803512 534014 307737 86426 716533 892221 684640 150682 808969 1016812 413799 440111 440372 95506 828127 884539 213454 834761 822925 570679
 661756 321723 267219 638031 308052 64876 485180 635867 26855 382188 369501 143907 249464 400715 413947 24493 171894 290694 351182 652909 673948 185279 109837 240042 590145 269703 355200 683625 476115 717074 190814 708000 606950 777457 1 278926 719242 748948 702423 611737 551417 249762 668501 756127 479692 115932 427045 734747 340242 257675 632137 532318 347177 738375 116023 260191 565416 573764 146020 438676
 383015 463908 486117 410301 509173 337168 217698 648939 257641 454476 601547 262080 224849 300629 373331 265312 240147 534694 279351 428495 513109 404323 388610 518150 318012 305062 473763 498023 531828 469477 417361 439580 598525 535703 278926 1 564618 513874 432510 431257 418801 69146 521492 535108 549838 381394 492182 532016 307472 487736 531219 448108 197541 519188 371675 488913 339163 450059 288592 434741
 529935 1005257 984670 240802 698829 781345 613241 399964 716153 485093 1088567 790198 787360 853408 337455 724143 552529 1008751 370264 835501 992933 900297 803183 916157 435533 864839 557999 950804 458933 805343 704144 700874 343779 293365 719242 564618 1 259213 428828 904821 938645 527074 51796 207390 487123 832432 472967 142693 871764 976683 145487 220465 386029 198419 728417 737292 270107 971539 812344 365908
 313329 977500 992885 111499 829355 813759 465755 634908 736774 642467 1106232 773561 731013 751159 475949 745247 611056 1033334 454701 649008 824953 908564 851333 978164 252907 812712 708664 772639 648779 597013 798283 483193 573566 38673 748948 513874 259213 1 193513 740646 799263 508169 270913 56914 677980 864181 646401 117384 794152 991191 376169 401439 408638 61019 796391 849676 183541 830961 799417 532387
 123410 876496 916513 195211 853330 764531 312983 757206 684476 700744 1032337 691047 622690 609851 541036 692625 599602 967072 486889 463209 644160 836121 811376 941800 114839 702412 756395 588323 731448 404848 796339 290028 694306 182406 702423 432510 428828 193513 1 563134 633352 452961 424249 248687 759399 811311 716512 299118 667244 919402 514833 506547 407275 246696 774859 858385 214400 663570 717884 608684
 441841 541862 654517 680923 906109 639170 291683 1074349 584919 884627 751835 491490 370224 227233 798085 588153 656885 725151 704585 121812 88338 610849 696855 799177 489436 397117 897848 71890 963076 222776 796225 315996 1020461 740314 611737 431257 904821 740646 563134 1 109821 500238 875015 787170 980955 657229 923170 816774 313460 671613 918404 852472 611273 778247 727417 868506 635435 124862 508639 863041
 516994 440774 560151 727760 855201 569773 334661 1067483 525178 859392 652217 419491 302274 150813 792130 527078 622808 631441 698144 226888 127953 524476 625845 718469 546488 311084 863847 163702 943376 328826 740896 411896 1017296 803512 551417 418801 938645 799263 633352 109821 1 484700 904126 841564 958553 581199 900426 864184 226128 578807 935424 860757 612048 830817 667176 811496 674280 32903 432753 852635
 420752 482297 484903 399562 448609 312808 277946 582947 233215 385357 598072 269962 263180 359934 308712 241556 177142 525932 215433 496330 581615 400420 358420 488839 341657 338333 405896 567159 462955 533396 363886 495709 534023 534014 249762 69146 527074 508169 452961 500238 484700 1 481076 522272 480757 361176 423063 510949 355208 483040 479681 391685 145003 505321 327435 433630 326555 515446 294613 367936
 517132 957114 934331 230224 648666 730346 583479 369204 665850 436275 1037668 741967 742721 813835 286186 673790 501203 957687 318891 810941 963322 850123 751672 864379 417354 819337 508922 923561 414610 786488 652499 685717 310155 307737 668501 521492 51796 270913 424249 875015 904126 481076 1 225063 443216 781363 426028 161426 828962 926064 108882 171224 338473 212640 676655 686240 245783 937023 763746 317117
 366385 998671 1006589 124910 814866 820977 506983 593231 745792 620011 1118512 790937 756346 786021 454719 754251 610123 1043766 444559 698977 872461 921724 855447 980134 297755 837853 688476 821684 618827 650233 791775 537383 532968 86426 756127 535108 207390 56914 248687 787170 841564 522272 225063 1 648050 871966 620291 64872 824373 1003544 332894 369086 410582 18271 795674 839489 196483 873629 816237 506268
 798271 798660 715984 588213 269912 515317 737349 177264 495457 100882 787050 614733 687309 820626 219556 499449 341823 706786 294900 970809 1061491 648463 500919 564234 689788 734747 134658 1047789 29234 992801 342732 928797 182078 716533 479692 549838 487123 677980 759399 980955 958553 480757 443216 648050 1 553261 58129 592400 787866 698072 343130 279246 394401 631603 410513 332149 546185 987628 623092 150734
 763064 255352 164582 753457 334370 51432 574377 719852 128081 462258 256806 166303 287585 433165 518720 119680 280855 176325 462806 715683 708324 97742 57706 145894 697797 273331 420853 728119 554651 789662 221065 793747 697531 892221 115932 381394 832432 864181 811311 657229 581199 361176 781363 871966 553261 1 505836 850602 356412 149972 739994 639768 463073 854238 143784 271456 680709 598415 148926 535238
 749796 747560 669696 551827 246154 465783 681932 214913 441686 44924 745434 559849 630094 762669 175817 446032 284556 664366 242561 914308 1003513 599629 455301 527522 642249 678794 100012 990193 49152 938028 302380 876387 203591 684640 427045 492182 472967 646401 716512 923170 900426 423063 426028 620291 58129 505836 1 567694 730709 652680 333337 256294 341179 603252 364832 302316 505198 929513 569080 114130
 410700 992167 991269 136494 771395 799257 530331 530456 726507 570432 1101203 780910 756193 798149 407505 734895 581199 1024626 408182 735015 903431 906130 830198 952103 330016 836972 640497 855554 563266 693041 755955 582931 470820 150682 734747 532016 142693 117384 299118 816774 864184 510949 161426 64872 592400 850602 567694 1 830066 986701 269961 313258 387609 56380 765666 799906 196395 896686 805407 454322
 573986 239668 341637 700550 648259 349159 359045 919189 315638 686985 443142 199826 100666 88357 654731 315829 446153 411917 565121 397484 354013 299042 403459 492354 558806 85028 678284 381079 777275 489217 530904 532577 876604 808969 340242 307472 871764 794152 667244 313460 226128 355208 828962 824373 787866 356412 730709 830066 1 358243 834718 746435 499524 810035 453321 598744 633854 242022 209420 704787
 856543 161269 24467 882101 461716 198160 652766 867339 261306 609733 115053 229875 328369 445761 667971 253107 428159 54094 608788 751268 705825 83426 197399 182644 804591 276275 564192 738334 701129 836992 358191 860721 846654 1016812 257675 487736 976683 991191 919402 671613 578807 483040 926064 1003544 698072 149972 652680 986701 358243 1 888420 788305 600013 986211 287913 394381 809021 588359 203154 685185
 596075 937167 899223 319989 568235 690352 630730 260497 633756 350513 996451 723581 742129 831092 223121 641125 460452 915040 284332 866305 1006456 817096 703973 807796 490334 814042 423644 972339 315424 852760 587604 759040 201295 413799 632137 531219 145487 376169 514833 918404 935424 479681 108882 332894 343130 739994 333337 269961 834718 888420 1 100259 335257 319610 622614 612500 316228 968051 742875 233297
 569713 839583 799280 320624 478555 590200 571631 252064 534476 265051 896196 626942 651604 748674 123502 541746 360510 814782 187152 810772 939660 717420 603803 708714 460239 721252 337740 910229 250072 807789 490243 722890 189511 440111 532318 448108 220465 401439 506547 852472 860757 391685 171224 369086 279246 639768 256294 313258 746435 788305 100259 1 250605 352895 522936 518829 294080 892987 645529 145909
 416424 619272 605594 297209 446066 411779 346260 463749 339164 313777 714145 404306 408167 498161 188920 347515 202887 637091 99786 584122 696934 520504 444867 570115 314152 482536 358009 672977 371059 599271 395106 535267 409189 440372 347177 197541 386029 408638 407275 611273 612048 145003 338473 410582 394401 463073 341179 387609 499524 600013 335257 250605 1 392606 387823 453252 227320 643990 426845 257687
 361962 982501 989401 109642 796809 803215 496156 579586 728195 602534 1101153 774267 741005 772887 437051 736650 591951 1026237 426307 691946 863970 904493 837471 962035 288954 822435 670798 814037 602373 645526 773504 533664 518950 95506 738375 519188 198419 61019 246696 778247 830817 505321 212640 18271 631603 854238 603252 56380 810035 986211 319610 352895 392606 1 777488 821269 180168 863005 799482 489179
 748090 396605 305476 685011 199254 114664 586155 579617 142680 322188 383181 254030 364993 516402 399531 140175 185617 301384 360789 765470 789961 240920 90520 187896 666687 378674 277371 799305 413220 825890 81117 809434 560876 828127 116023 371675 728417 796391 774859 727417 667176 327435 676655 795674 410513 143784 364832 765666 453321 287913 622614 522936 387823 777488 1 145423 614822 689124 249939 405183
 848630 525868 415970 740928 68313 255647 706594 509359 286319 269446 467150 399376 509654 660863 400160 284622 261923 390880 395361 900052 933273 367616 213826 236771 757357 523613 202408 940311 344342 954425 72980 927962 505705 884539 260191 488913 737292 849676 858385 868506 811496 433630 686240 839489 332149 271456 302316 799906 598744 394381 612500 518829 453252 821269 145423 1 676070 833949 394380 379885
 280205 802334 811390 73082 661670 630235 344367 545940 553435 492570 924068 594562 561832 602281 329387 561909 430201 850452 286503 565978 723377 726745 667992 795256 174347 643061 552499 680698 517962 541261 621015 443501 483174 213454 565416 339163 270107 183541 214400 635435 674280 326555 245783 196483 546185 680709 505198 196395 633854 809021 316228 294080 227320 180168 614822 676070 1 707046 619960 395498
 546263 445334 568860 760237 879089 589341 366882 1098373 547799 888166 657070 439048 324307 173672 823320 549328 650610 640275 729392 245928 119027 537621 644660 733385 578101 326127 891189 166609 972841 347441 763940 435777 1048575 834761 573764 450059 971539 830961 663570 124862 32903 515446 937023 873629 987628 598415 929513 896686 242022 588359 968051 892987 643990 863005 689124 833949 707046 1 450839 883316
 653397 194357 198674 692652 448622 140583 451079 773874 127676 524165 314552 26857 140404 284255 534628 124186 296534 253955 458680 571071 559604 121710 194039 291135 603054 129657 500781 579357 617853 649335 330141 663304 740716 822925 146020 288592 812344 799417 717884 508639 432753 294613 763746 816237 623092 148926 569080 805407 209420 203154 742875 645529 426845 799482 249939 394380 619960 450839 1 569237
 650040 758358 699132 439100 335093 489035 603940 215665 447031 119202 787120 555112 605047 724076 71269 453075 272704 705133 159361 841521 946795 621810 492023 584672 540943 664413 192121 927007 122883 855791 360143 785804 172735 570679 438676 434741 365908 532387 608684 863041 852635 367936 317117 506268 150734 535238 114130 454322 704787 685185 233297 145909 257687 489179 405183 379885 395498 883316 569237 1
LAMBDA_SECTION
1 462
2 669
3 116
4 549
5 677
6 611
7 876
8 510
9 620
10 419
11 740
12 282
13 998
14 84
15 541
16 828
17 385
18 27
19 889
20 636
21 285
22 558
23 94
24 323
25 404
26 784
27 426
28 509
29 671
30 679
31 374
32 37
33 54
34 68
35 826
36 300
37 242
38 802
39 452
40 995
41 401
42 312
43 314
44 670
45 413
46 720
47 280
48 75
49 447
50 48
51 977
52 904
53 388
54 857
55 843
56 285
57 213
58 831
59 311
60 501
