NAME : domp80p40v10
COMMENT : Cherkesly, Contardo & Gruson 2022
TYPE : DOMP
DIMENSION : 80
DISPLAY_DATA_TYPE : NO_DISPLAY
OPEN_FACILITIES : 40
COST_SECTION
 1 319836 1031938 237033 739770 495947 675358 836982 516090 826580 829469 936371 429429 411019 1161596 593444 982093 339683 382115 902861 990093 1242213 1012376 494438 992258 1156473 468643 1080944 865201 769797 1025508 707177 983350 738358 944966 782137 851714 612114 658305 789725 755138 845996 771579 895454 349139 921618 506471 495610 964176 280396 896187 195877 245434 808286 273119 1028719 927821 550189 733414 303969 453319 762509 874608 724461 630836 797989 768016 540621 668772 1133645 723989 168259 881361 889459 875538 386699 111362 917127 154320 691330
 319836 1 712243 82836 507339 352000 461226 551758 246072 541478 517129 675467 154199 331785 843908 311886 697843 277637 72929 670928 699640 922713 760786 299587 736799 846939 275095 777754 545784 454401 714434 536412 800455 588052 722226 463618 542781 365257 453592 621734 438166 652121 451746 631285 300311 676882 199807 196801 741798 252760 576397 189395 308064 546668 55837 728308 615721 287599 485387 170652 242988 468925 559391 404794 390496 575177 448298 225013 396918 822822 424731 177742 695970 594618 639400 96258 359142 667582 170404 477386
 1031938 712243 1 795073 571129 777846 620836 377246 589006 418877 271104 481736 638408 835180 152933 504695 374148 844757 651957 588023 387129 210946 541795 703588 518472 243952 709833 266226 167418 295200 225674 758895 782944 779851 632660 253076 248735 562566 674490 751037 298432 695856 261073 507240 860438 544830 545343 554671 640543 869042 136171 871664 946430 513972 761860 274994 224387 582501 528119 794579 692753 371836 218902 307478 569980 639715 263946 494917 483862 216944 400255 881587 774950 359170 610774 654362 1057274 570281 879875 653938
 237033 82836 795073 1 560765 366737 507664 623362 305743 611040 596776 739813 212725 327078 926268 380055 769737 261533 149286 726035 771733 1005516 822682 330223 799772 926945 303755 855769 628560 535200 793817 566647 841679 616480 774892 546142 622274 421212 493395 656228 519611 695084 534569 694016 282626 736092 275724 270387 794511 221175 659231 131595 259190 607870 43453 805385 695390 345218 543797 158904 276437 542960 640205 487616 444617 623320 531129 306259 462591 903197 499008 104199 733468 667929 692718 162048 282143 725612 90396 520923
 739770 507339 571129 560765 1 808404 73222 198261 613646 732374 591226 208725 575015 372005 620013 220026 295564 422724 439561 165460 823601 726505 274116 733273 256498 542039 718467 445030 454723 533767 727990 930008 311058 209210 214913 396422 324575 142364 828846 189763 509834 168003 441138 853439 425464 182279 516308 330989 234502 474987 491538 543919 542641 799134 558690 390143 652143 644377 46952 673986 684734 210407 589637 411696 116873 893387 427116 365512 146245 531331 614495 663627 1043332 732192 919524 411220 704775 914452 601496 834134
 495947 352000 777846 366737 808404 1 779150 783812 210818 421810 511724 932642 234198 682590 929902 589331 916369 623531 393137 959540 576444 976095 1023265 80686 996239 982735 90114 942691 642462 483906 672687 211451 1117050 926690 1015504 590474 714130 670670 175071 952694 485199 969095 549275 445254 645585 952741 300122 478872 1034268 587590 655014 494689 622389 364426 331975 906161 592127 200594 774952 212196 123692 695840 565721 524524 697826 314851 555304 447884 671659 954785 380067 345593 385471 498151 397319 427361 592064 448148 427764 211041
 675358 461226 620836 507664 73222 779150 1 258595 593381 742765 612121 281754 544987 299437 680681 204981 367036 352312 397513 227811 846001 786097 343844 706954 327707 609310 690084 513231 491835 550434 762556 914426 340375 176984 270480 424712 372120 111506 814544 180115 525925 191634 464371 862884 353996 251450 496267 301027 289924 406022 530022 480029 471844 802795 509866 457757 681097 627176 98111 630775 655793 250461 616732 428865 85149 889487 450742 348720 155237 597203 619940 608743 1037220 750067 921939 366637 635816 921678 541484 822931
 836982 551758 377246 623362 198261 783812 258595 1 574204 607228 448135 155906 566098 527561 422541 244371 146376 561299 478841 229991 669635 528605 245475 703638 217496 354789 695504 262141 283749 404143 553200 863004 428254 404285 284022 251171 140913 242351 761811 373795 383491 321890 303487 726611 570265 198569 484667 354958 297617 603441 316026 646504 678668 687527 607511 206141 489447 594373 160628 697887 665221 88295 432997 293300 235920 797302 290020 347120 170597 340548 507052 726622 948985 590119 807330 461342 825247 791147 686105 758700
 516090 246072 589006 305743 613646 210818 593381 574204 1 310514 338749 724717 93344 559486 737981 393833 705598 515787 248597 757955 474047 794958 815504 130147 788204 779866 126704 734976 441812 295082 524586 322838 924598 753593 814699 383059 504090 482207 226293 771867 290658 778734 345405 388279 538524 747990 97440 294895 833022 497516 459130 432116 553958 302320 262291 696868 431861 41990 576744 224320 104263 486588 390717 316337 509170 332767 349924 248164 471769 752359 215882 347988 464114 374680 393699 280535 583709 421809 392905 242474
 826580 541478 418877 611040 732374 421810 742765 607228 310514 1 167611 759805 399966 812498 567632 544923 693063 785118 519115 832870 164063 587554 844409 368115 816639 657489 386221 652013 349648 203407 257713 346198 1026108 919226 889007 356142 481342 638871 275795 918017 225436 897050 303767 121163 806866 805577 344187 500822 903773 779955 338101 730862 845135 95201 568021 635502 197864 277714 686537 530207 386894 539180 207137 322254 661232 220945 317359 426413 590405 629271 128948 658414 361658 77109 204285 542893 892068 184188 700248 247871
 829469 517129 271104 596776 591226 511724 612121 448135 338749 167611 1 597650 406736 732472 423965 428743 526354 719011 473984 676893 233909 464372 680359 441012 652811 499172 450609 486604 182071 68751 197343 490800 873141 788764 731930 198839 316849 516989 403752 780318 92101 750871 150273 281328 738956 646551 323030 417418 745751 726194 171959 699134 798603 259425 557264 468258 98623 323712 544413 558912 438375 387831 53999 183763 535956 382797 164356 342238 456911 470691 131658 666857 528040 142542 371825 488812 876155 346884 686751 384496
 936371 675467 481736 739813 208725 932642 281754 155906 724717 759805 597650 1 709160 580646 481531 364118 118987 629464 603326 113828 811688 588240 90815 853100 63613 374958 843428 278086 424391 557598 682292 1018353 301440 363210 151226 404031 281662 324336 916996 314031 537707 238778 456845 878090 633258 65847 632539 481893 158923 679839 451661 741110 749538 841951 730138 232104 629252 746902 203708 831689 812093 239454 577336 449026 306015 952890 443722 488499 278553 372304 662522 844008 1104505 738182 961279 580702 908851 943115 791787 914386
 429429 154199 638408 212725 575015 234198 544987 566098 93344 399966 406736 709160 1 476451 782260 357059 705531 428382 168660 728656 562249 848123 799019 164082 772657 809529 145298 754751 480676 353461 599663 392156 882980 695116 784009 410260 518078 436553 303405 719267 343509 734931 382149 481480 451162 724525 94191 244768 802987 406783 503907 338831 461318 395651 169307 711755 503638 134025 542842 156179 110874 477930 455570 343880 463697 421203 383399 220662 440988 783044 294805 262810 545384 460343 485378 202626 492241 514917 300736 325040
 411019 331785 835180 327078 372005 682590 299437 527561 559486 812498 732472 580646 476451 1 928140 330569 656665 73203 310889 520977 952715 1027018 641995 630975 626877 880702 606798 789672 677585 663735 918049 866711 575166 327844 554510 593390 600277 286865 779842 381236 640707 444140 611547 919689 62186 549669 482031 316070 572743 131770 716025 234559 178995 841695 353533 733695 822776 601126 383402 484186 574302 481438 757709 563403 291768 891787 601292 392032 365370 864147 684245 402621 1021554 846896 947364 279634 348897 966063 313187 800445
 1161596 843908 152933 926268 620013 929902 680681 422541 737981 567632 423965 481531 782260 928140 1 603741 362892 947227 779509 595008 515399 107527 518534 854919 500709 137045 860335 211092 302069 446316 347302 910243 776278 821045 629269 380459 328291 644241 827041 782523 447623 715743 400396 648185 960687 547374 688328 672596 632622 977907 279270 992143 1055649 662196 895727 249600 370351 733367 583027 937979 842103 447622 371429 442432 645843 787592 400412 620992 564325 121754 553101 1017287 918503 503594 753400 777702 1178285 708971 1007902 805933
 593444 311886 504695 380055 220026 589331 204981 244371 393833 544923 428743 364118 357059 330569 603741 1 390502 343562 239394 371881 660706 699513 450869 513514 426124 572971 499263 490924 348084 362585 600107 712065 530793 377372 426972 265736 276142 95148 611474 385041 338018 385159 291309 663562 357621 370645 296425 118254 445996 375636 386861 405516 453153 600136 367039 437240 509569 425437 185798 468544 465810 170328 443701 247164 120012 684573 279417 146003 86225 552815 419245 483859 832265 559982 718469 218561 587952 720617 441871 618725
 982093 697843 374148 769737 295564 916369 367036 146376 705598 693063 526354 118987 705531 656665 362892 390502 1 696874 624955 232801 725646 469382 167760 835733 144492 257596 829659 159897 345446 497106 585342 978247 415650 474588 266962 347196 215107 378853 878731 429024 480508 356576 399144 807183 703892 184710 620396 501085 271667 742171 366013 790385 815858 780786 753633 113299 543102 721762 274015 841524 800732 230378 497959 403827 367385 898017 387693 489324 313619 253642 609669 872972 1048060 661782 897141 607715 966910 872906 831881 871649
 339683 277637 844757 261533 422724 623531 352312 561299 515787 785118 719011 629464 428382 73203 947227 343562 696874 1 270110 578447 931668 1042800 696081 576620 679208 909620 551571 821746 682455 650502 909816 813887 644211 398713 615422 596555 619232 319186 730705 450367 628597 509634 608547 887535 22781 603724 446177 303009 634105 59328 719947 161612 120074 806827 291853 766198 812632 557765 427704 420181 520205 505827 748793 559223 329555 848370 599533 376967 393128 891344 658668 331392 973084 825213 908004 242856 284769 930525 240775 753390
 382115 72929 651957 149286 439561 393137 397513 478841 248597 519115 473984 603326 168660 310889 779509 239394 624955 270110 1 601839 671321 861415 689193 330304 664941 777699 308735 706758 484666 408239 670683 560788 737828 534646 654065 400584 472992 297199 470563 564020 389709 589116 393656 618221 292605 606221 176627 123884 673572 260843 517070 225888 327995 536846 128679 656756 571740 290259 415487 234447 274539 396251 512252 345204 323156 581034 388823 158518 324820 754041 395627 249379 711432 565000 638414 34362 407853 660432 228503 489993
 902861 670928 588023 726035 165460 959540 227811 229991 757955 832870 676893 113828 728656 520977 595008 371881 232801 578447 601839 1 899617 701881 127025 882233 121435 488201 869441 391734 513194 629502 779622 1065660 198765 261675 57438 478552 369453 305860 963864 207215 607622 127434 529781 953203 578456 48712 661952 488228 75101 633254 544179 707272 697068 909387 723036 345797 719116 785014 187019 835751 836469 294667 662980 512952 281524 1013759 515947 511891 287924 486063 725965 829037 1165377 819234 1029959 574672 862805 1017057 766492 965204
 990093 699640 387129 771733 823601 576444 846001 669635 474047 164063 233909 811688 562249 952715 515399 660706 725646 931668 671321 899617 1 505733 888511 528704 861973 629635 548093 648879 387562 298155 168197 463994 1097729 1022567 952915 427919 531359 750318 416022 1013102 322765 980707 382731 155222 952753 865603 500264 636917 965378 931268 360823 888518 999169 215389 729062 646394 182837 441772 776681 694260 550312 617264 236874 417575 769678 317536 396670 560963 690775 603387 275924 822034 419134 106526 257639 692306 1053512 203165 861491 382900
 1242213 922713 210946 1005516 726505 976095 786097 528605 794958 587554 464372 588240 848123 1027018 107527 699513 469382 1042800 861415 701881 505733 1 622000 904654 605251 229083 912850 314515 377014 499876 341667 933751 881098 928344 735051 461046 427054 745411 858039 890045 505904 823116 471986 651143 1057133 654050 755528 760290 737812 1070838 347108 1079001 1148539 678883 972662 356137 391876 785313 688769 1004274 897819 548933 410375 517953 748357 801554 474551 703608 665396 221171 596029 1092527 921830 516372 757182 862456 1265005 707192 1089694 833454
 1012376 760786 541795 822682 274116 1023265 343844 245475 815504 844409 680359 90815 799019 641995 518534 450869 167760 696081 689193 127025 888511 622000 1 943799 28071 397240 933964 307690 503353 643408 752067 1108456 260806 386879 126607 489964 363531 403084 1007208 330020 624247 247222 542900 961546 697732 92416 723145 569057 122282 749009 527706 816546 815687 928253 814920 273621 705675 837696 280155 919301 902500 330148 656838 537542 382234 1040766 530098 578410 364738 401019 750357 926739 1192194 819349 1046947 665319 978836 1026897 870825 1004143
 494438 299587 703588 330223 733273 80686 706954 703638 130147 368115 441012 853100 164082 630975 854919 513514 835733 576620 330304 882233 528704 904654 943799 1 916669 904351 26823 862824 564451 408621 610844 237655 1043048 859135 938501 510569 633592 597304 166178 882532 408422 895673 470249 410648 599160 874327 221026 405939 957120 546383 578389 461603 589406 325153 290692 825836 525851 122147 698627 192406 56677 615777 494828 444387 624476 303857 475894 370355 594640 876524 309971 332232 403395 442241 381233 364631 581113 424910 403102 197513
 992258 736799 518472 799772 256498 996239 327707 217496 788204 816639 652811 63613 772657 626877 500709 426124 144492 679208 664941 121435 861973 605251 28071 916669 1 382860 907038 290778 476298 615489 726856 1080497 275859 383099 133626 462014 335963 381482 979276 328221 596264 246831 514948 933934 681607 79251 696141 544166 133318 731280 501153 796567 799080 900308 791185 253473 679152 810135 258998 894247 875703 302489 629768 509471 361497 1012714 502118 552002 340180 384932 722302 903913 1164153 792055 1019069 641615 960947 999246 849484 976128
 1156473 846939 243952 926945 542039 982735 609310 354789 779866 657489 499172 374958 809529 880702 137045 572971 257596 909620 777699 488201 629635 229083 397240 904351 382860 1 905887 98162 340411 504270 464406 989659 657870 731125 515364 399596 304896 593946 899743 686582 499057 613640 434542 750619 920369 439538 715866 660879 516177 947110 332392 975862 1024003 752606 901377 151905 467116 782411 511700 961531 883502 404475 451630 466511 589997 878153 430100 622239 516879 28510 619240 1024188 1016753 601748 853368 769888 1160154 814032 1002259 882762
 468643 275095 709833 303755 718467 90114 690084 695504 126704 386221 450609 843428 145298 606798 860335 499263 829659 551571 308735 869441 548093 912850 933964 26823 907038 905887 1 861679 566921 414645 624868 263472 1027423 839892 925391 509731 630330 581162 192932 864554 412870 879630 471349 433561 574054 862856 211016 389415 944159 520554 582539 435047 562909 347475 264545 823374 537874 127560 684853 165977 34525 607369 504111 443039 608330 330121 476254 357865 581551 878259 320697 305781 430050 459213 406896 343096 554565 449640 376280 223968
 1080944 777754 266226 855769 445030 942691 513231 262141 734976 652013 486604 278086 754751 789672 211092 490924 159897 821746 706758 391734 648879 314515 307690 862824 290778 98162 861679 1 311205 478258 491521 969895 566637 632964 421489 352256 237633 503806 875561 588647 468516 516395 395154 755043 831496 343219 662783 586490 423588 861577 314646 896194 937789 745646 833038 56042 474116 742378 416120 902722 836786 320657 445382 418663 498058 869390 387931 555447 428731 94615 595320 955494 1013666 605246 853801 695973 1078764 820143 927359 862137
 865201 545784 167418 628560 454723 642462 491835 283749 441812 349648 182071 424391 480676 677585 302069 348084 345446 682455 484666 513194 387562 377014 503353 564451 476298 340411 566921 311205 1 167168 273416 658692 711809 662173 565748 86471 143957 417139 564753 643244 159189 601539 98527 461890 699032 478160 386587 388316 577933 704237 39084 704383 781317 440318 596207 287816 205972 442365 408433 636117 545975 244433 153485 141331 429048 561726 98525 327503 342725 312363 284167 716863 709005 316604 553893 486985 889903 527651 712770 550934
 769797 454401 295200 535200 533767 483906 550434 404143 295082 203407 68751 557598 353461 663735 446316 362585 497106 650502 408239 629502 298155 499876 643408 408621 615489 504270 414645 478258 167168 1 262604 491774 823273 727395 685602 153584 282567 452455 397620 721652 24650 696370 100770 323803 670363 602314 265148 348696 700385 658428 172438 633926 731327 284924 496804 452515 163806 287310 487325 508389 398185 336224 105014 122207 472381 400988 114123 273619 395698 475891 117077 609579 551021 199634 403703 421822 812712 387582 624634 383985
 1025508 714434 225674 793817 727990 672687 762556 553200 524586 257713 197343 682292 599663 918049 347302 600107 585342 909816 670683 779622 168197 341667 752067 610844 726856 464406 624868 491521 273416 262604 1 600007 978177 934788 829564 339388 412358 679990 533503 916658 282547 873717 308924 309487 929025 741043 519192 606836 840013 920134 237872 896157 993597 342963 753948 495691 98963 502713 681555 748259 618132 517595 161025 355314 694941 462418 320698 533370 610172 438914 308760 861568 580227 181664 415516 684346 1073490 366200 883900 505189
 707177 536412 758895 566647 930008 211451 914426 863004 322838 346198 490800 1018353 392156 866711 910243 712065 978247 813887 560788 1065660 463994 933751 1108456 237655 1080497 989659 263472 969895 658692 491774 600007 1 1240736 1076392 1123022 632207 764285 802955 101803 1093672 503281 1096896 582006 311020 836485 1050125 418695 617624 1140549 783993 658787 697430 825464 257090 527977 943652 543143 287279 890508 419410 293753 779670 540603 574740 829669 149177 592218 566283 785204 961155 374716 555966 174257 419038 227431 594615 803325 287129 634899 107793
 983350 800455 782944 841679 311058 1117050 340375 428254 924598 1026108 873141 301440 882980 575166 776278 530793 415650 644211 737828 198765 1097729 881098 260806 1043048 275859 657870 1027423 566637 711809 823273 978177 1240736 1 249712 150290 674346 568167 446437 1139408 193953 800707 148744 724653 1146966 637242 238391 827211 638213 143994 703248 742944 794516 752781 1099424 847474 527781 917659 955415 350562 970573 993397 487049 860931 704310 419312 1199266 710674 676522 455652 660724 914914 939605 1350174 1015664 1220189 706641 923168 1210090 864356 1143842
 738358 588052 779851 616480 209210 926690 176984 404285 753593 919226 788764 363210 695116 327844 821045 377372 474588 398713 534646 261675 1022567 928344 386879 859135 383099 731125 839892 632964 662173 727395 934788 1076392 249712 1 269532 599180 533785 282227 978230 61351 702897 143064 640404 1039053 390022 306660 658110 458788 283456 458036 699527 554091 503999 977401 628978 580929 855817 789829 254256 757981 805369 417897 792000 605729 258401 1060328 626657 516020 331913 724120 795510 708834 1206248 927028 1095835 500957 674294 1097241 627703 989104
 944966 722226 632660 774892 214913 1015504 270480 284022 814699 889007 731930 151226 784009 554510 629269 426972 266962 615422 654065 57438 952915 735051 126607 938501 133626 515364 925391 421489 565748 685602 829564 1123022 150290 269532 1 534026 421792 357057 1021229 209866 663934 126578 585594 1009135 613726 88573 718489 542406 19621 671674 595657 750094 732495 966174 773561 379892 771698 842069 241325 888363 892267 351528 716638 569720 331785 1071013 571830 568160 343894 516058 782969 877214 1222657 874072 1086681 626071 900185 1073182 811871 1022636
 782137 463618 253076 546142 396422 590474 424712 251171 383059 356142 198839 404031 410260 593390 380459 265736 347196 596555 400584 478552 427919 461046 489964 510569 462014 399596 509731 352256 86471 153584 339388 632207 674346 599180 534026 1 132275 340971 533788 586172 134470 553034 52937 475464 613394 449675 316382 301910 548311 617805 123393 618669 694856 438294 515269 316977 256639 390320 349472 563581 485636 189546 193266 67078 355554 552155 40567 242564 271077 372879 262666 636951 703069 341381 557286 401590 804417 539982 629039 525124
 851714 542781 248735 622274 324575 714130 372120 140913 504090 481342 316849 281662 518078 600277 328291 276142 215107 619232 472992 369453 531359 427054 363531 633592 335963 304896 630330 237633 143957 282567 412358 764285 568167 533785 421792 132275 1 318910 665481 509083 265461 461793 184038 598020 632453 334253 427117 356239 434029 651487 175147 673052 729114 567087 597604 193889 349912 515748 280388 665121 603826 123924 295895 192091 323690 683173 172675 318888 239026 281987 394564 720351 833554 456620 684646 465055 858319 663402 697454 657320
 612114 365257 562566 421212 142364 670670 111506 242351 482207 638871 516989 324336 436553 286865 644241 95148 378853 319186 297199 305860 750318 745411 403084 597304 381482 593946 581162 503806 417139 452455 679990 802955 446437 282227 357057 340971 318910 1 703038 291378 427805 298471 373929 757993 327917 315072 384979 191799 376606 363319 456193 417156 437359 695229 417179 447989 593039 515726 123012 531631 547055 196656 527507 333469 27175 779224 361048 237254 80017 577286 513908 524842 926383 651261 813617 269049 589075 815468 468004 711540
 658305 453592 674490 493395 828846 175071 814544 761811 226293 275795 403752 916996 303405 779842 827041 611474 878731 730705 470563 963864 416022 858039 1007208 166178 979276 899743 192932 875561 564753 397620 533503 101803 1139408 978230 1021229 533788 665481 703038 1 994130 407319 995969 484484 274919 753456 948384 320139 519607 1038748 705071 567549 624984 752178 200636 452385 847390 466242 188440 789055 358286 217070 678132 455633 474925 729619 141021 494169 465978 683794 871248 280971 498033 242397 352390 222541 503731 747040 273254 568838 36113
 789725 621734 751037 656228 189763 952694 180115 373795 771867 918017 780318 314031 719267 381236 782523 385041 429024 450367 564020 207215 1013102 890045 330020 882532 328221 686582 864554 588647 643244 721652 916658 1093672 193953 61351 209866 586172 509083 291378 994130 1 697478 83431 630454 1038734 443295 254081 675108 477764 223063 509475 679461 602140 559102 980942 665578 538296 841846 806401 236705 792359 830085 399546 779398 599446 265256 1069368 616472 528605 327636 681276 797225 751589 1217305 920706 1100563 531182 729479 1098587 673538 1002916
 755138 438166 298432 519611 509834 485199 525925 383491 290658 225436 92101 537707 343509 640707 447623 338018 480508 628597 389709 607622 322765 505904 624247 408422 596264 499057 412870 468516 159189 24650 282547 503281 800707 702897 663934 134470 265461 427805 407319 697478 1 672903 81656 346276 648265 581247 253033 326248 678941 637645 169970 615587 711069 304245 482021 440411 184326 286399 463480 499279 394605 313744 122611 98140 447750 417848 94153 251639 371274 470847 129670 596538 568623 224158 423841 402074 795573 409559 608562 395582
 845996 652121 695856 695084 168003 969095 191634 321890 778734 897050 750871 238778 734931 444140 715743 385159 356576 509634 589116 127434 980707 823116 247222 895673 246831 613640 879630 516395 601539 696370 873717 1096896 148744 143064 126578 553034 461793 298471 995969 83431 672903 1 600718 1018212 505215 175716 681295 490238 140471 567745 635884 654157 623133 965925 699695 468251 804696 810570 211555 822063 845507 363504 744520 575071 271301 1061310 586624 531161 314247 610166 781150 794188 1211329 892957 1086487 558035 792806 1079979 721495 1001801
 771579 451746 261073 534569 441138 549275 464371 303487 345405 303767 150273 456845 382149 611547 400396 291309 399144 608547 393656 529781 382731 471986 542900 470249 514948 434542 471349 395154 98527 100770 308924 582006 724653 640404 585594 52937 184038 373929 484484 630454 81656 600718 1 423551 626616 501814 288068 307490 600146 625011 124915 616764 700989 385362 500853 363440 219149 348685 394278 537637 449262 238154 153585 49734 390958 499487 14095 240059 309283 406967 210542 620558 650272 292262 504436 399186 801056 487798 620355 474605
 895454 631285 507240 694016 853439 445254 862884 726611 388279 121163 281328 878090 481480 919689 648185 663562 807183 887535 618221 953203 155222 651143 961546 410648 933934 750619 433561 755043 461890 323803 309487 311020 1146966 1039053 1009135 475464 598020 757993 274919 1038734 346276 1018212 423551 1 909735 925138 441608 612777 1023673 877533 445648 819509 938800 87179 650564 743192 283609 349337 807656 592390 443308 659946 311880 443375 780800 162961 437307 539963 711098 723034 244534 727967 271172 149867 106076 644732 970238 65782 780603 239639
 349139 300311 860438 282626 425464 645585 353996 570265 538524 806866 738956 633258 451162 62186 960687 357621 703892 22781 292605 578456 952753 1057133 697732 599160 681607 920369 574054 831496 699032 670363 929025 836485 637242 390022 613726 613394 632453 327917 753456 443295 648265 505215 626616 909735 1 605317 468502 322241 632178 71897 736757 177890 118784 829209 313746 775774 832109 580499 432888 441448 542777 517427 768031 577454 336631 871127 617357 396745 403498 902579 680174 349578 995838 846340 930643 265005 287600 952969 257826 776169
 921618 676882 544830 736092 182279 952741 251450 198569 747990 805577 646551 65847 724525 549669 547374 370645 184710 603724 606221 48712 865603 654050 92416 874327 79251 439538 862856 343219 478160 602314 741043 1050125 238391 306660 88573 449675 334253 315072 948384 254081 581247 175716 501814 925138 605317 1 653341 488646 99777 656854 507541 725743 723291 884727 730250 297914 684003 773008 192298 838507 830519 272224 629718 488826 292967 992163 488234 505162 284700 437627 702754 839861 1143935 788306 1004883 580868 886701 989589 781525 947991
 506471 199807 545343 275724 516308 300122 496267 484667 97440 344187 323030 632539 94191 482031 688328 296425 620396 446177 176627 661952 500264 755528 723145 221026 696141 715866 211016 662783 386587 265148 519192 418695 827211 658110 718489 316382 427117 384979 320139 675108 253033 681295 288068 441608 468502 653341 1 199499 736952 436725 410359 388266 500953 360767 234969 621005 421352 131720 479785 249678 180634 396464 369185 249826 411893 413886 289210 150956 375041 689252 224952 344525 552748 394928 465555 203776 557400 484765 366112 332506
 495610 196801 554671 270387 330989 478872 301027 354958 294895 500822 417418 481893 244768 316070 672596 118254 501085 303009 123884 488228 636917 760290 569057 405939 544166 660879 389415 586490 388316 348696 606836 617624 638213 458788 542406 301910 356239 191799 519607 477764 326248 490238 307490 612777 322241 488646 199499 1 561651 317573 424068 319548 393895 539977 252559 535417 509887 331168 301277 350294 355270 272793 445823 257814 218955 608550 299480 75982 204478 638225 371889 372490 750808 531395 652932 109485 505697 663937 341471 531586
 964176 741798 640543 794511 234502 1034268 289924 297617 833022 903773 745751 158923 802987 572743 632622 445996 271667 634105 673572 75101 965378 737812 122282 957120 133318 516177 944159 423588 577933 700385 840013 1140549 143994 283456 19621 548311 434029 376606 1038748 223063 678941 140471 600146 1023673 632178 99777 736952 561651 1 690520 607160 769393 750923 981678 793164 383850 783759 860111 260470 907845 911096 367345 729442 585287 351374 1087289 586453 586766 362612 517952 798814 896820 1238985 887687 1102083 645633 918843 1087902 831358 1039834
 280396 252760 869042 221175 474987 587590 406022 603441 497516 779955 726194 679839 406783 131770 977907 375636 742171 59328 260843 633254 931268 1070838 749009 546383 731280 947110 520554 861577 704237 658428 920134 783993 703248 458036 671674 617805 651487 363319 705071 509475 637645 567745 625011 877533 71897 656854 436725 317573 690520 1 740758 106835 77751 794735 256532 806508 821910 539359 476764 379526 490752 542650 759458 575303 376383 827918 617041 387560 433413 927753 656017 279873 947139 824794 891213 239176 229851 917229 187079 729771
 896187 576397 136171 659231 491538 655014 530022 316026 459130 338101 171959 451661 503907 716025 279270 386861 366013 719947 517070 544179 360823 347108 527706 578389 501153 332392 582539 314646 39084 172438 237872 658787 742944 699527 595657 123393 175147 456193 567549 679461 169970 635884 124915 445648 736757 507541 410359 424068 607160 740758 1 738449 817634 431163 625752 297909 178001 456342 445490 659947 563356 281631 133796 171945 467960 554747 128310 361147 381565 303937 286860 745420 699520 297565 541251 520803 923542 511354 744521 551432
 195877 189395 871664 131595 543919 494689 480029 646504 432116 730862 699134 741110 338831 234559 992143 405516 790385 161612 225888 707272 888518 1079001 816546 461603 796567 975862 435047 896194 704383 633926 896157 697430 794516 554091 750094 618669 673052 417156 624984 602140 615587 654157 616764 819509 177890 725743 388266 319548 769393 106835 738449 1 128054 734208 173250 842740 797195 472722 537864 283171 408028 575804 738105 567568 435290 754265 610912 377318 476791 954351 613075 173579 864949 783129 822525 217688 186164 853689 80264 652349
 245434 308064 946430 259190 542641 622389 471844 678668 553958 845135 798603 749538 461318 178995 1055649 453153 815858 120074 327995 697068 999169 1148539 815687 589406 799080 1024003 562909 937789 781317 731327 993597 825464 752781 503999 732495 694856 729114 437359 752178 559102 711069 623133 700989 938800 118784 723291 500953 393895 750923 77751 817634 128054 1 854597 299819 882541 895068 595253 547652 410495 535457 619539 833288 651257 448870 879927 693301 462438 509207 1004876 723316 291618 992640 892925 946547 309880 170388 975631 198868 778963
 808286 546668 513972 607870 799134 364426 802795 687527 302320 95201 259425 841951 395651 841695 662196 600136 780786 806827 536846 909387 215389 678883 928253 325153 900308 752606 347475 745646 440318 284924 342963 257090 1099424 977401 966174 438294 567087 695229 200636 980942 304245 965925 385362 87179 829209 884727 360767 539977 981678 794735 431163 734208 854597 1 564427 727524 291942 262796 754406 505322 356367 614721 301729 396456 719180 125761 398288 469474 654361 724364 184795 640790 268723 162649 120766 564529 883322 124458 694004 167884
 273119 55837 761860 43453 558690 331975 509866 607511 262291 568021 557264 730138 169307 353533 895727 367039 753633 291853 128679 723036 729062 972662 814920 290692 791185 901377 264545 833038 596207 496804 753948 527977 847474 628978 773561 515269 597604 417179 452385 665578 482021 699695 500853 650564 313746 730250 234969 252559 793164 256532 625752 173250 299819 564427 1 783827 655800 301803 538333 131781 235931 524762 601696 454906 441852 581024 498155 279143 451672 877035 457056 122812 693263 625574 649803 149602 324480 682310 132441 479260
 1028719 728308 274994 805385 390143 906161 457757 206141 696868 635502 468258 232104 711755 733695 249600 437240 113299 766198 656756 345797 646394 356137 273621 825836 253473 151905 823374 56042 287816 452515 495691 943652 527781 580929 379892 316977 193889 447989 847390 538296 440411 468251 363440 743192 775774 297914 621005 535417 383850 806508 297909 842740 882541 727524 783827 1 467098 706676 360430 857444 797346 266937 431404 381818 442048 849511 354798 507753 373356 143205 569221 905941 996232 594270 839074 644815 1024685 808794 875490 835908
 927821 615721 224387 695390 652143 592127 681097 489447 431861 197864 98623 629252 503638 822776 370351 509569 543102 812632 571740 719116 182837 391876 705675 525851 679152 467116 537874 474116 205972 163806 98963 543143 917659 855817 771698 256639 349912 593039 466242 841846 184326 804696 219149 283609 832109 684003 421352 509887 783759 821910 178001 797195 895068 291942 655800 467098 1 412999 605258 654212 528536 442818 65875 262685 609666 417243 232012 435787 526738 439457 217724 764681 550572 134799 386457 585627 974705 347604 785373 441679
 550189 287599 582501 345218 644377 200594 627176 594373 41990 277714 323712 746902 134025 601126 733367 425437 721762 557765 290259 785014 441772 785313 837696 122147 810135 782411 127560 742378 442365 287310 502713 287279 955415 789829 842069 390320 515748 515726 188440 806401 286399 810570 348685 349337 580499 773008 131720 331168 860111 539359 456342 472722 595253 262796 301803 706676 412999 1 606122 252640 115584 507699 376983 324862 542487 290886 354764 279456 500810 754535 195276 381944 423684 345344 351903 321913 621164 380968 431271 202285
 733414 485387 528119 543797 46952 774952 98111 160628 576744 686537 544413 203708 542842 383402 583027 185798 274015 427704 415487 187019 776681 688769 280155 698627 258998 511700 684853 416120 408433 487325 681555 890508 350562 254256 241325 349472 280388 123012 789055 236705 463480 211555 394278 807656 432888 192298 479785 301277 260470 476764 445490 537864 547652 754406 538333 360430 605258 606122 1 649008 651514 164003 542694 365365 102582 850310 380247 328876 105355 499238 569649 647598 1000702 685521 874944 389204 705365 868979 590705 793282
 303969 170652 794579 158904 673986 212196 630775 697887 224320 530207 558912 831689 156179 484186 937979 468544 841524 420181 234447 835751 694260 1004274 919301 192406 894247 961531 165977 902722 636117 508389 748259 419410 970573 757981 888363 563581 665121 531631 358286 792359 499279 822063 537637 592390 441448 838507 249678 350294 907845 379526 659947 283171 410495 505322 131781 857444 654212 252640 649008 1 149418 611271 609111 497929 557595 496090 538358 352555 554764 935491 439907 139827 590901 597599 572274 264164 388762 613166 215840 389904
 453319 242988 692753 276437 684734 123692 655793 665221 104263 386894 438375 812093 110874 574302 842103 465810 800732 520205 274539 836469 550312 897819 902500 56677 875703 883502 34525 836786 545975 398185 618132 293753 993397 805369 892267 485636 603826 547055 217070 830085 394605 845507 449262 443308 542777 830519 180634 355270 911096 490752 563356 408028 535457 356367 235931 797346 528536 115584 651514 149418 1 576978 491254 418656 574218 350305 453410 325361 548546 856098 310823 287553 457333 457604 424335 308897 534887 463954 352628 245724
 762509 468925 371836 542960 210407 695840 250461 88295 486588 539180 387831 239454 477930 481438 447622 170328 230378 505827 396251 294667 617264 548933 330148 615777 302489 404475 607369 320657 244433 336224 517595 779670 487049 417897 351528 189546 123924 196656 678132 399546 313744 363504 238154 659946 517427 272224 396464 272793 367345 542650 281631 575804 619539 614721 524762 266937 442818 507699 164003 611271 576978 1 381464 218299 199973 720190 224097 259547 116704 385580 431483 645276 871941 530225 735304 381167 758112 723275 609868 676540
 874608 559391 218902 640205 589637 565721 616732 432997 390717 207137 53999 577336 455570 757709 371429 443701 497959 748793 512252 662980 236874 410375 656838 494828 629768 451630 504111 445382 153485 105014 161025 540603 860931 792000 716638 193266 295895 527507 455633 779398 122611 744520 153585 311880 768031 629718 369185 445823 729442 759458 133796 738105 833288 301729 601696 431404 65875 376983 542694 609111 491254 381464 1 196827 544434 426875 166660 372414 462030 423267 185655 713700 568623 164032 408536 524598 917536 377567 729644 435166
 724461 404794 307478 487616 411696 524524 428865 293300 316337 322254 183763 449026 343880 563403 442432 247164 403827 559223 345204 512952 417575 517953 537542 444387 509471 466511 443039 418663 141331 122207 355314 574740 704310 605729 569720 67078 192091 333469 474925 599446 98140 575071 49734 443375 577454 488826 249826 257814 585287 575303 171945 567568 651257 396456 454906 381818 262685 324862 365365 497929 418656 218299 196827 1 352195 504029 43637 190553 273848 439666 213992 575559 655745 321550 517008 349911 752165 505909 572588 468681
 630836 390496 569980 444617 116873 697826 85149 235920 509170 661232 535956 306015 463697 291768 645843 120012 367385 329555 323156 281524 769678 748357 382234 624476 361497 589997 608330 498058 429048 472381 694941 829669 419312 258401 331785 355554 323690 27175 729619 265256 447750 271301 390958 780800 336631 292967 411893 218955 351374 376383 467960 435290 448870 719180 441852 442048 609666 542487 102582 557595 574218 199973 544434 352195 1 804582 377774 263692 86666 574423 537114 547885 952131 671677 837941 294426 604002 838840 488701 737814
 797989 575177 639715 623320 893387 314851 889487 797302 332767 220945 382797 952890 421203 891787 787592 684573 898017 848370 581034 1013759 317536 801554 1040766 303857 1012714 878153 330121 869390 561726 400988 462418 149177 1199266 1060328 1071013 552155 683173 779224 141021 1069368 417848 1061310 499487 162961 871127 992163 413886 608550 1087289 827918 554747 754265 879927 125761 581024 849511 417243 290886 850310 496090 350305 720190 426875 504029 804582 1 511644 544741 747221 849875 290420 635862 151774 285683 83463 612276 884430 140060 702671 106726
 768016 448298 263946 531129 427116 555304 450742 290020 349924 317359 164356 443722 383399 601292 400412 279417 387693 599533 388823 515947 396670 474551 530098 475894 502118 430100 476254 387931 98525 114123 320698 592218 710674 626657 571830 40567 172675 361048 494169 616472 94153 586624 14095 437307 617357 488234 289210 299480 586453 617041 128310 610912 693301 398288 498155 354798 232012 354764 380247 538358 453410 224097 166660 43637 377774 511644 1 233700 295730 402772 222103 618508 662626 306355 517594 393228 795658 501452 616216 485000
 540621 225013 494917 306259 365512 447884 348720 347120 248164 426413 342238 488499 220662 392032 620992 146003 489324 376967 158518 511891 560963 703608 578410 370355 552002 622239 357865 555447 327503 273619 533370 566283 676522 516020 568160 242564 318888 237254 465978 528605 251639 531161 240059 539963 396745 505162 150956 75982 586766 387560 361147 377318 462438 469474 279143 507753 435787 279456 328876 352555 325361 259547 372414 190553 263692 544741 233700 1 224367 597922 297504 401954 690254 455526 584616 159657 562487 592744 386961 474337
 668772 396918 483862 462591 146245 671659 155237 170597 471769 590405 456911 278553 440988 365370 564325 86225 313619 393128 324820 287924 690775 665396 364738 594640 340180 516879 581551 428731 342725 395698 610172 785204 455652 331913 343894 271077 239026 80017 683794 327636 371274 314247 309283 711098 403498 284700 375041 204478 362612 433413 381565 476791 509207 654361 451672 373356 526738 500810 105355 554764 548546 116704 462030 273848 86666 747221 295730 224367 1 499386 470103 566726 897091 595293 774474 302397 654678 771114 519677 688362
 1133645 822822 216944 903197 531331 954785 597203 340548 752359 629271 470691 372304 783044 864147 121754 552815 253642 891344 754041 486063 603387 221171 401019 876524 384932 28510 878259 94615 312363 475891 438914 961155 660724 724120 516058 372879 281987 577286 871248 681276 470847 610166 406967 723034 902579 437627 689252 638225 517952 927753 303937 954351 1004876 724364 877035 143205 439457 754535 499238 935491 856098 385580 423267 439666 574423 849875 402772 597922 499386 1 590773 999832 988776 573991 825553 746953 1139087 786615 979359 854253
 723989 424731 400255 499008 614495 380067 619940 507052 215882 128948 131658 662522 294805 684245 553101 419245 609669 658668 395627 725965 275924 596029 750357 309971 722302 619240 320697 595320 284167 117077 308760 374716 914914 795510 782969 262666 394564 513908 280971 797225 129670 781150 210542 244534 680174 702754 224952 371889 798814 656017 286860 613075 723316 184795 457056 569221 217724 195276 569649 439907 310823 431483 185655 213992 537114 290420 222103 297504 470103 590773 1 557594 441983 170071 305474 417544 781145 301761 589274 266925
