NAME : domp80p40v7
COMMENT : Cherkesly, Contardo & Gruson 2022
TYPE : DOMP
DIMENSION : 80
DISPLAY_DATA_TYPE : NO_DISPLAY
OPEN_FACILITIES : 40
COST_SECTION
 1 626356 139271 808132 423239 999332 348384 386847 426427 436905 298751 788822 424072 598622 639023 592593 602692 240983 646104 284255 93110 829805 773945 613142 198012 754408 594741 86940 346438 154166 526667 84820 646755 386659 720693 302926 267576 408130 327649 523319 870244 218142 690887 586258 901718 751092 522457 409735 148224 631275 703426 120271 668065 795459 310621 376920 429830 498840 206562 172258 229106 906780 855778 689323 467959 950816 775101 361765 533828 339107 886314 247537 251318 388674 895929 368321 297321 468949 296000 517606
 626356 1 524019 545468 322986 515861 746866 296864 360965 588741 424621 420580 203107 385460 446247 163188 503031 465043 107326 428263 590042 414240 187592 674732 468605 216276 690008 708786 371708 677072 514947 661758 340800 480502 261796 720172 616503 466767 364932 103816 415311 410589 366341 215699 417123 423044 352064 221337 723458 165007 138293 509860 196664 564471 723379 751752 223928 183206 584598 554365 744843 407673 235279 200468 301634 453789 343264 296148 148573 735780 396429 541440 398021 672619 276632 425922 636558 394838 445940 483095
 139271 524019 1 797234 389063 947107 456254 336293 405622 486606 294149 753201 330216 577911 628678 467732 610147 101758 528164 145274 67351 786330 655139 661112 198206 679233 649159 223448 322880 276527 545647 216616 611304 406963 660155 411282 178114 422775 193126 425112 734512 155048 656448 526658 845909 721465 383647 322901 199442 559222 619187 59650 540468 790765 418557 481261 311182 426769 112189 232722 233798 773507 744571 619684 332159 893735 724573 302331 456346 286582 828635 127091 127707 469386 783481 369276 210852 329699 301896 528977
 808132 545468 797234 1 410959 319112 662515 471596 391653 435067 511959 145172 557244 220952 169662 699071 217622 808525 652692 798616 837739 192181 693176 347471 614983 379097 381644 852239 474629 743870 302756 781491 215818 428082 296999 670195 962798 404183 756175 538159 948340 643242 180720 345947 287348 123950 854376 541946 953776 380736 434172 746305 742126 36875 667362 643986 657223 442501 903762 643810 1020254 925415 657739 352867 781627 317929 232546 509731 444108 1081087 292953 890051 723720 549080 685959 439928 993308 871636 512330 299508
 423239 322986 389063 410959 1 576634 433578 65427 41461 267243 134378 367594 192038 190124 246056 406403 251198 398404 405090 391953 435405 406641 510155 380186 225763 357415 387551 485740 78206 409730 221564 421339 224943 157523 305627 413142 551854 144659 356866 241155 713576 234063 269779 177512 480583 333204 497378 167220 560425 239392 329603 342022 477267 408266 415039 434632 292558 139876 493399 286544 617921 719039 547058 287522 417912 529930 352804 103232 176839 670626 466218 479275 314267 350937 587916 105389 582362 495590 148696 192138
 999332 515861 947107 319112 576634 1 937689 615392 579704 710490 707492 230145 635771 425249 418109 676149 496934 924404 604472 899499 1002192 175906 582630 659356 802365 300125 692225 1061784 654460 975291 575470 995767 359402 665093 288651 935613 1085038 640018 842608 568111 832794 796551 319640 420494 102918 277740 867831 633604 1132363 398095 377828 909003 685797 355750 934440 924603 711040 523632 1037635 857873 1180865 790043 501479 338405 812883 62416 224307 646071 500652 1207880 122384 1007838 841999 827280 512800 651305 1110938 907417 716928 559352
 348384 746866 456254 662515 433578 937689 1 450018 404593 229033 323573 707562 566250 515948 520835 787124 448399 545949 810998 577086 436523 763105 928996 356054 318083 781283 325576 320613 375190 196189 364811 267554 589743 287833 713873 45576 614223 310369 592946 651183 1095944 407683 622544 603233 858828 660301 792666 540871 469413 670092 762198 403465 865287 636360 37989 31392 630125 568825 550319 237358 560687 1115600 977799 711411 720439 906399 734002 455345 607593 684662 850026 581813 508852 113446 1019009 328585 644855 756079 301597 378416
 386847 296864 336293 471596 65427 615392 450018 1 101941 311152 128704 416968 135389 250881 309342 357694 316559 336998 366537 328197 387651 450775 480009 438931 195863 371827 443693 456641 75062 396362 283165 396997 275486 197179 333869 423760 492981 191008 291604 203159 668163 182356 320602 199437 516161 386435 434921 109002 516973 248910 330926 294115 431864 470749 426782 455488 231548 124209 436647 270944 568471 678392 529182 304481 355176 564985 391333 38435 163324 613218 500200 419034 252125 380157 570550 137446 522829 430959 149394 254902
 426427 360965 405622 391653 41461 579704 404593 101941 1 227894 128686 362838 232843 173938 223231 447820 217633 423857 445413 420927 447221 406471 548478 339148 228768 378828 346140 483150 83121 397720 181524 416213 221824 121506 319410 387307 573537 105850 389699 281849 754639 252218 265132 199244 486822 324699 536577 207624 567840 265502 357908 355023 518425 385678 388595 403508 332386 177901 513032 278207 630050 759404 581556 308648 456912 536200 358131 137325 213294 690288 473792 502867 341250 316633 622110 77889 604713 532676 137264 152965
 436905 588741 486606 435067 267243 710490 229033 311152 227894 1 222800 480450 445867 294119 292633 668737 219500 546103 672141 560854 499026 537066 776304 176803 291756 578544 162553 454082 244522 329998 135865 383858 370542 114152 503063 235315 664331 122601 551326 507920 978562 369043 399325 409401 635036 432761 729380 419152 583316 479380 573100 426995 742058 410585 232322 214149 535203 405786 597719 266463 665793 985951 805499 510818 650249 681703 513176 334022 440638 763208 627575 608847 479643 116876 845450 174519 697082 711264 204028 151946
 298751 424621 294149 511959 134378 707492 323573 128704 128686 222800 1 491456 244775 299875 342313 468774 316382 333698 487909 342639 327196 534932 605474 382797 103026 489823 377924 354608 58223 275602 252636 288374 350449 119478 439991 295554 469566 130746 328899 327647 779843 153143 393808 310884 613179 452678 508383 218706 442299 369297 455860 238537 545886 501888 298825 331356 320992 251944 405494 152212 508905 795437 657749 420403 429958 662581 484786 132023 291202 580640 599381 404987 260495 264648 699135 75176 501859 488503 22589 234857
 788822 420580 753201 145172 367594 230145 707562 416968 362838 480450 491456 1 471923 197889 188530 580468 269376 746774 526160 729427 802474 59466 554828 442080 590833 236824 473149 845356 442625 751882 345775 777338 142654 437807 160913 706004 906169 412629 679539 432076 811945 598687 97978 246761 162785 48256 750351 462197 927933 261079 298199 708886 615464 176914 704694 694520 564326 353350 852426 638255 984502 785762 513812 221045 682736 204952 88158 452122 344026 1027849 161880 830368 661754 597192 541246 429439 934707 775966 498211 329207
 424072 203107 330216 557244 192038 635771 566250 135389 232843 445867 244775 471923 1 346513 410489 224923 435361 289941 245728 263780 394016 490991 368444 571984 269352 352668 578145 505831 203485 477211 413516 458957 343836 331721 347818 534714 449992 326382 208910 99444 536275 207506 385485 225700 532912 452981 308784 26789 528425 238204 289294 309460 301300 563675 538837 575673 103520 118574 406464 357118 559556 550663 436462 298824 230738 578419 422260 114187 135145 572744 514068 372724 210954 507812 477457 271459 475282 316006 267336 383693
 598622 385460 577911 220952 190124 425249 515948 250881 173938 294119 299875 197889 346513 1 64779 518958 122301 587652 489356 578615 621057 249380 561436 307397 401868 300320 330616 650831 256881 554302 168452 581869 77470 240129 216546 511207 741962 214982 538283 347862 800763 423316 106705 169951 342895 154861 652299 328247 741374 231856 317138 528574 575245 220500 510358 505537 449316 240315 683370 442586 803904 790754 560054 240199 576114 390686 219111 289148 253652 860649 334276 669100 502955 408773 596433 233524 772394 662468 304130 143672
 639023 446247 628678 169662 246056 418109 520835 309342 223231 292633 342313 188530 410489 64779 1 582900 83912 644369 551243 637507 668211 246455 618471 268656 445333 340969 296114 685348 305805 581151 157363 615062 115495 263581 253217 521755 796325 238885 599267 412275 861337 475421 121329 230692 347383 140470 716883 391602 784283 288155 368085 577053 637890 162606 519960 506774 513534 305091 736224 476509 850648 849273 610175 287557 640471 392237 234859 347776 317762 913503 342461 724744 560321 409505 645088 270703 827265 726256 343051 143067
 592593 163188 467732 699071 406403 676149 787124 357694 447820 668737 468774 580468 224923 518958 582900 1 627532 385351 80299 341164 534791 576895 192717 783297 477938 378235 793070 679278 428225 678181 622149 646376 487394 554865 423722 753256 516134 547545 279754 172674 311359 398580 518398 356508 578923 578988 197850 251607 660213 320286 300475 472424 78689 715013 757900 798206 165162 284245 499324 566571 662553 328813 296338 362398 168546 613808 505579 339107 265328 627054 558185 447926 342492 732591 330378 495038 530026 251462 491361 590823
 602692 503031 610147 217622 251198 496934 448399 316559 217633 219500 316382 269376 435361 122301 83912 627532 1 638917 604571 638102 642447 328206 682112 187122 417321 419384 213076 640312 292804 528021 85193 569110 192601 216559 333012 453605 783708 194565 607099 454876 917517 462265 204680 289380 430123 221134 744087 413138 750318 353601 439409 554910 688331 197150 451070 432015 538594 343619 720788 433818 822517 910011 682331 361725 665505 474121 318737 353768 364045 896728 425821 715767 557695 335483 718576 241253 815591 746031 311711 85260
 240983 465043 101758 808525 398404 924404 545949 336998 423857 546103 333698 746774 289941 587652 644369 385351 638917 1 452599 46279 160376 773087 576837 714825 255623 641873 707037 324281 346179 374483 584231 317473 608679 452764 635803 501928 160718 464113 105768 374031 637522 180558 653273 507401 821745 720357 283135 290838 275874 527894 575118 143253 453835 806670 508899 568989 242255 401349 119564 312929 281061 679179 672914 588631 237102 867831 706946 299092 424286 283528 803222 83816 85263 546046 710240 405335 188039 227967 347214 563171
 646104 107326 528164 652692 405090 604472 810998 366537 445413 672141 487909 526160 245728 489356 551243 80299 604571 452599 1 410144 595513 516547 127842 771060 512849 310736 784177 731820 440776 718617 610024 693258 447619 560292 366127 780254 590277 549563 347054 164366 313480 441081 473665 320635 509652 530039 277456 270358 724431 272332 234705 526100 89520 671793 784267 819214 217362 270275 569314 601349 732555 313992 221187 305211 247094 542060 446580 355886 242153 703498 488937 519872 400777 746663 257698 502444 605682 331731 510239 578195
 284255 428263 145274 798616 391953 899499 577086 328197 420927 560854 342639 729427 263780 578615 637507 341164 638102 46279 410144 1 206209 752696 533258 725435 275251 612310 719782 368674 347386 412214 588506 358215 593956 462053 611570 533893 189224 471135 63819 341327 591433 191813 637945 486466 796616 705471 238376 268452 321573 501621 543313 179274 408490 798846 540634 598787 204358 379253 159221 341126 322411 632902 631022 561965 190832 841827 685071 289771 398923 310869 777663 113212 82251 569641 667821 410936 212322 186020 358402 565596
 93110 590042 67351 837739 435405 1002192 436523 387651 447221 499026 327196 802474 394016 621057 668211 534791 642447 160376 595513 206209 1 838310 722479 675639 225134 740069 660481 167362 364179 245477 572603 177706 659919 431801 716972 390950 177794 450283 258559 490225 797581 205658 704935 582623 901855 768553 443200 384995 134445 618873 682018 93647 607061 828845 398548 463950 378491 485742 114322 234189 182851 838070 811724 678909 396017 950153 778597 356137 516954 264275 885089 154832 194954 465832 850715 401691 208925 385776 330768 559037
 829805 414240 786330 192181 406641 175906 763105 450775 406471 537066 534932 59466 490991 249380 246455 576895 328206 773087 516547 752696 838310 1 531693 501487 632007 212416 532611 889539 483558 800275 403186 822605 184856 489193 153855 760123 933466 464113 699880 439969 789799 633120 143866 266232 103390 107274 755216 484245 966145 264864 282808 744695 604725 226873 759068 750857 577761 373542 882133 684108 1019169 759374 480345 214774 691319 145922 71887 484009 358279 1055877 103708 856901 688779 653562 504732 476507 961045 785590 543322 385324
 773945 187592 655139 693176 510155 582630 928996 480009 548478 776304 605474 554828 368444 561436 618471 192717 682112 576837 127842 533258 722479 531693 1 858585 637444 319722 875212 859644 555055 844355 700117 820533 506455 667571 396252 900144 708492 654232 471069 277829 258109 567996 523056 392811 499571 569417 370113 391608 850374 330342 259224 653927 142010 717514 903798 935418 344916 370612 691821 725508 855107 232793 112689 341666 358666 521936 468290 474214 336065 817785 479818 640641 528031 858578 140435 612138 721583 432524 627401 668368
 613142 674732 661112 347471 380186 659356 356054 438931 339148 176803 382797 442080 571984 307397 268656 783297 187122 714825 771060 725435 675639 501487 858585 1 464105 606403 34836 625679 387506 498154 161361 556684 379700 263460 520121 379044 839174 256821 708721 612669 1084222 534983 389888 467459 604861 395262 872808 546603 758780 534810 623488 601692 850265 314078 373764 330270 670476 501856 772786 443241 842190 1082095 866013 547595 792939 645465 501800 470102 529127 939706 603118 781302 643281 251259 903078 317907 871927 862861 367746 193033
 198012 468605 198206 614983 225763 802365 318083 195863 228768 291756 103026 590833 269352 401868 445333 477938 417321 255623 512849 275251 225134 632007 637444 464105 1 567658 453818 261543 148480 208473 348869 201257 448748 209096 527117 279705 376121 226046 279142 365585 782294 90345 492887 393862 705727 553443 475786 247894 339599 444617 524038 139865 556626 604737 285202 334944 315961 316139 310389 88775 406139 806299 703754 500262 402496 754988 578381 178477 353878 482653 690862 317387 198133 295187 745018 176705 408802 443427 105725 334147
 754408 216276 679233 379097 357415 300125 781283 371827 378828 578544 489823 236824 352668 300320 340969 378235 419384 641873 310736 612310 740069 212416 319722 606403 567658 1 630738 827660 431702 764967 465896 768823 226841 493618 88665 765971 800813 471992 552470 273071 577725 539047 225654 180168 200864 257695 567870 356574 873955 123284 77984 650129 396735 406784 767067 777372 416160 255817 759100 640120 911115 549311 279425 70188 513185 238450 149170 392881 223117 923090 180159 723714 563547 685022 310051 456635 824611 607575 505797 437718
 594741 690008 649159 381644 387551 692225 325576 443693 346140 162553 377924 473149 578145 330616 296114 793070 213076 707037 784177 719782 660481 532611 875212 34836 453818 630738 1 603283 387861 474644 175122 535206 404712 259938 545404 350602 826858 256612 706066 623896 1096650 528361 417408 486208 635893 425927 875216 552289 739047 554570 644605 589547 861653 348525 345020 298944 674722 514092 760221 426804 823805 1096519 886439 570313 795412 677152 530448 473069 543058 924756 633606 771134 637935 223977 924064 317146 859606 862585 361384 206936
 86940 708786 223448 852239 485740 1061784 320613 456641 483150 454082 354608 845356 505831 650831 685348 679278 640312 324281 731820 368674 167362 889539 859644 625679 261543 827660 603283 1 407602 130204 559752 71322 704973 424565 788645 277624 324556 448109 414077 605273 956666 298430 748026 655330 966320 805230 607038 489962 149424 704391 780146 206855 754921 836432 285225 351428 516086 573513 271537 208886 241083 993620 939778 761040 554243 1015661 838422 435243 609791 371447 951812 319755 338256 384791 980161 417371 350624 551763 347192 555276
 346438 371708 322880 474629 78206 654460 375190 75062 83121 244522 58223 442625 203485 256881 305805 428225 292804 346179 440776 347386 364179 483558 555055 387506 148480 431702 387861 407602 1 333435 241762 343176 300353 131070 383288 349823 492515 131267 323075 277964 739455 170588 344650 253088 558747 406095 487756 176716 485918 311076 397928 271902 503738 467939 352618 380427 290754 195431 431117 209254 547024 751578 603188 362387 408091 608105 430841 89898 234644 608195 544423 423249 265961 306068 644499 71139 524026 475372 76364 218210
 154166 677072 276527 743870 409730 975291 196189 396362 397720 329998 275602 751882 477211 554302 581151 678181 528021 374483 718617 412214 245477 800275 844355 498154 208473 764967 474644 130204 333435 1 444760 71401 615891 317591 714963 151379 421692 342436 441897 574025 974622 279605 656661 586461 884256 708947 643642 456276 275557 643504 727284 232953 756499 725170 159108 225895 513380 519926 359767 125419 366038 1003797 912225 695803 579373 933584 755535 384741 558547 488476 871479 396767 357765 254710 953482 324009 451472 597615 261669 444414
 526667 514947 545647 302756 221564 575470 364811 283165 181524 135865 252636 345775 413516 168452 157363 622149 85193 584231 610024 588506 572603 403186 700117 161361 348869 465896 175122 559752 241762 444760 1 488433 245862 141000 384349 368705 722026 122916 564378 451315 923021 404309 269191 312433 502765 297808 718046 388772 674831 381596 473079 488448 688907 281247 366310 349750 513867 340533 657505 355680 750103 921749 713543 402041 638332 548573 384306 316914 368378 831380 496465 657419 506600 252631 751774 178987 754392 712571 243796 31875
 84820 661758 216616 781491 421339 995767 267554 396997 416213 383858 288374 777338 458957 581869 615062 646376 569110 317473 693258 358215 177706 822605 820533 556684 201257 768823 535206 71322 343176 71401 488433 1 637803 353594 726033 222604 351954 377309 394740 557946 934546 252889 680374 593895 901456 736536 594221 440786 206869 645846 724787 181966 723677 765372 230337 297099 481383 517047 291381 139284 296263 967460 895283 701148 534549 950851 773140 378883 554393 417114 887438 331402 313146 319877 936145 348369 381235 544201 279343 484126
 646755 340800 611304 215818 224943 359402 589743 275486 221824 370542 350449 142654 343836 77470 115495 487394 192601 608679 447619 593956 659919 184856 506455 379700 448748 226841 404712 704973 300353 615891 245862 637803 1 308340 140700 582811 766994 283637 547302 323016 753526 456541 45145 131289 271193 111686 638562 330525 785321 177747 253148 566363 536049 228099 582372 580508 442258 227368 711907 499253 842084 738398 494789 172102 566001 319939 144352 311499 228499 888044 260906 691875 523433 484209 529594 291923 796129 656551 358488 220976
 386659 480502 406963 428082 157523 665093 287833 197179 121506 114152 119478 437807 331721 240129 263581 554865 216559 452764 560292 462053 431801 489193 667571 263460 209096 493618 259938 424565 131070 317591 141000 353594 308340 1 426644 275857 584370 25186 446188 395927 865080 272336 345570 316641 579528 393341 618104 305002 534628 384807 477966 348959 628639 411898 276038 284150 421760 297387 519111 217284 609142 873667 703018 423892 538610 628177 452178 220100 333936 691677 568999 522304 379863 195246 743604 60432 616936 603060 106121 131301
 720693 261796 660155 296999 305627 288651 713873 333869 319410 503063 439991 160913 347818 216546 253217 423722 333012 635803 366127 611570 716972 153855 396252 520121 527117 88665 545404 788645 383288 714963 384349 726033 140700 426644 1 702062 796471 403547 555791 288061 652250 511894 137001 134742 186275 173527 601596 344977 848763 112992 137794 624478 455185 322454 702517 707624 428335 235057 749096 592171 893921 628419 366127 61361 538785 233605 82063 361551 212746 919310 168519 719302 553367 613184 397972 396692 822583 633302 453330 357608
 302926 720172 411282 670195 413142 935613 45576 423760 387307 235315 295554 706004 534714 511207 521755 753256 453605 501928 780254 533893 390950 760123 900144 379044 279705 765971 350602 277624 349823 151379 368705 222604 582811 275857 702062 1 568647 299826 551597 622492 1060620 368279 617844 586541 853500 659498 752153 509912 425784 651821 742741 359118 831707 645880 7733 74516 594212 545008 504771 196084 516803 1082045 952884 695830 680969 901694 727083 425941 584106 639682 843714 536572 467148 128329 994227 309825 599290 714110 274373 378693
 267576 616503 178114 962798 551854 1085038 614223 492981 573537 664331 469566 906169 449992 741962 796325 516134 783708 160718 590277 189224 177794 933466 708492 839174 376121 800813 826858 324556 492515 421692 722026 351954 766994 584370 796471 568647 1 599402 251710 530508 724289 321947 811824 668000 982337 878541 366834 451532 207557 688159 732441 237489 575089 958930 576261 641742 392710 562065 66806 405739 161836 775203 811244 748815 351137 1028268 867592 455855 584703 122842 963740 77269 244723 640925 846360 544251 32757 299552 478760 704118
 408130 466767 422775 404183 144659 640018 310369 191008 105850 122601 130746 412629 326382 214982 238885 547545 194565 464113 549563 471135 450283 464113 654232 256821 226046 471992 256612 448109 131267 342436 122916 377309 283637 25186 403547 299826 599402 1 452046 385389 856648 283613 320547 296353 554785 368161 618739 299896 555787 365204 458694 365541 620142 388727 299791 305385 419637 283621 534696 240127 628932 863416 686469 402532 538983 603367 427637 217470 319122 708471 544419 535668 388897 214214 726821 61092 631832 606424 120891 109606
 327649 364932 193126 756175 356866 842608 592946 291604 389699 551326 328899 679539 208910 538283 599267 279754 607099 105768 347054 63819 258559 699880 471069 708721 279142 552470 706066 414077 323075 441897 564378 394740 547302 446188 555791 551597 251710 452046 1 280188 542611 189393 590437 434229 739695 658124 202071 217454 380657 444541 482172 212794 349435 758710 557870 612164 141034 326777 222769 355687 385724 580452 567680 504358 140385 784169 631108 253664 343187 372202 720439 176621 84878 573215 604745 390981 273107 164287 347331 539292
 523319 103816 425112 538159 241155 568111 651183 203159 281849 507920 327647 432076 99444 347862 412275 172674 454876 374031 164366 341327 490225 439969 277829 612669 365585 273071 623896 605273 277964 574025 451315 557946 323016 395927 288061 622492 530508 385389 280188 1 473207 306938 358367 192215 465708 422789 318538 117813 624297 175300 202039 407810 237764 550915 626068 657937 143272 111696 493076 452065 650484 478033 338285 231098 251451 508127 368440 196597 95167 652034 445783 453916 301367 583164 379488 338217 553120 345621 349598 419746
 870244 415311 734512 948340 713576 832794 1095944 668163 754639 978562 779843 811945 536275 800763 861337 311359 917517 637522 313480 591433 797581 789799 258109 1084222 782294 577725 1096650 956666 739455 974622 923021 934546 753526 865080 652250 1060620 724289 856648 542611 473207 1 697896 774482 630983 754746 824391 359916 562938 906980 575795 514493 753742 236514 971187 1065593 1108113 466490 582619 731569 869936 885146 67678 333116 595525 402475 773668 725954 650461 555610 808641 735423 674785 621539 1043906 331421 805608 725958 425498 802421 891240
 218142 410589 155048 643242 234063 796551 407683 182356 252218 369043 153143 598687 207506 423316 475421 398580 462265 180558 441081 191813 205658 633120 567996 534983 90345 539047 528361 298430 170588 279605 404309 252889 456541 272336 511894 368279 321947 283613 189393 306938 697896 1 501675 377324 696362 566478 385503 191798 336917 416555 485743 112602 476943 637895 374055 425141 233934 283315 260814 173275 386134 724881 642918 475830 312802 744778 572950 150562 316924 438083 679752 253745 111124 383874 683641 225326 353551 353613 167267 384261
 690887 366341 656448 180720 269779 319640 622544 320602 265132 399325 393808 97978 385485 106705 121329 518398 204680 653273 473665 637945 704935 143866 523056 389888 492887 225654 417408 748026 344650 656661 269191 680374 45145 345570 137001 617844 811824 320547 590437 358367 774482 501675 1 166439 236301 67688 675872 373229 830014 201340 265042 611401 562874 198137 617037 611734 482301 267856 756947 541495 887159 755811 501802 182093 604678 283983 115250 356503 265304 932990 228254 736566 568052 514759 534525 333200 840852 696163 401066 247638
 586258 215699 526658 345947 177512 420494 603233 199437 199244 409401 310884 246761 225700 169951 230692 356508 289380 507401 320635 486466 582623 266232 392811 467459 393862 180168 486208 655330 253088 586461 312433 593895 131289 316641 134742 586541 668000 296353 434229 192215 630983 377324 166439 1 319358 232014 509443 218018 714119 70169 163741 489925 407813 359382 587834 600763 318006 107476 618254 462261 760444 621016 401259 110092 438736 367532 199653 226874 98970 790631 302469 591201 423588 510544 439879 276836 695193 530896 326148 281430
 901718 417123 845909 287348 480583 102918 858828 516161 486822 635036 613179 162785 532912 342895 347383 578923 430123 821745 509652 796616 901855 103390 499571 604861 705727 200864 635893 966320 558747 884256 502765 901456 271193 579528 186275 853500 982337 554785 739695 465708 754746 696362 236301 319358 1 210122 768370 531014 1032800 295178 278841 808937 593454 323539 852864 847936 608460 421325 935359 764673 1079706 716905 429678 235567 711767 49405 128723 545801 397816 1105177 20744 905117 739573 750867 447304 560699 1008127 806416 623913 483107
 751092 423044 721465 123950 333204 277740 660301 386435 324699 432761 452678 48256 452981 154861 140470 578988 221134 720357 530039 705471 768553 107274 569417 395262 553443 257695 425927 805230 406095 708947 297808 736536 111686 393341 173527 659498 878541 368161 658124 422789 824391 566478 67688 232014 210122 1 741028 440907 892012 259094 310305 675223 619548 149203 658047 646890 549167 335101 823066 597271 951124 801819 537095 228930 670747 253078 117220 422849 330957 999422 207866 803522 635107 549574 566840 388174 907758 762703 458159 281887
 522457 352064 383647 854376 497378 867831 792666 434921 536577 729380 508383 750351 308784 652299 716883 197850 744087 283135 277456 238376 443200 755216 370113 872808 475786 567870 875216 607038 487756 643642 718046 594221 638562 618104 601596 752153 366834 618739 202071 318538 359916 385503 675872 509443 768370 741028 1 331237 547506 490972 490021 412664 228255 864755 758243 810634 205523 413615 371677 556072 526354 408538 481448 541650 79870 805827 683335 402707 410603 461456 747754 314871 286871 765184 510313 558850 371857 67871 529190 689351
 409735 221337 322901 541946 167220 633604 540871 109002 207624 419152 218706 462197 26789 328247 391602 251607 413138 290838 270358 268452 384995 484245 391608 546603 247894 356574 552289 489962 176716 456276 388772 440786 330525 305002 344977 509912 451532 299896 217454 117813 562938 191798 373229 218018 531014 440907 331237 1 519368 238390 297088 297768 327748 546961 513910 549870 125790 110891 404917 334852 554589 576828 456098 299221 252379 577396 416844 87585 134617 574361 512638 374413 208839 481286 497293 244714 477980 334918 241232 359271
 148224 723458 199442 953776 560425 1132363 469413 516973 567840 583316 442299 927933 528425 741374 784283 660213 750318 275874 724431 321573 134445 966145 850374 758780 339599 873955 739047 149424 485918 275557 674831 206869 785321 534628 848763 425784 207557 555787 380657 624297 906980 336917 830014 714119 1032800 892012 547506 519368 1 752349 816425 224461 729676 942086 433451 499987 508701 619079 177145 320298 91682 951971 942545 812131 511466 1081389 908265 487247 650891 226155 1016420 233966 326298 526573 981009 513950 225900 484246 441564 665357
 631275 165007 559222 380736 239392 398095 670092 248910 265502 479380 369297 261079 238204 231856 288155 320286 353601 527894 272332 501621 618873 264864 330342 534810 444617 123284 554570 704391 311076 643504 381596 645846 177747 384807 112992 651821 688159 365204 444541 175300 575795 416555 201340 70169 295178 259094 490972 238390 752349 1 93743 528142 361599 399474 653425 668591 315429 133311 643195 518340 792150 561344 331999 60839 426483 340245 193199 269638 103817 810935 276065 610892 447100 579386 370222 342147 713442 520839 386271 350857
 703426 138293 619187 434172 329603 377828 762198 330926 357908 573100 455860 298199 289294 317138 368085 300475 439409 575118 234705 543313 682018 282808 259224 623488 524038 77984 644605 780146 397928 727284 473079 724787 253148 477966 137794 742741 732441 458694 482172 202039 514493 485743 265042 163741 278841 310305 490021 297088 816425 93743 1 594460 322127 458299 744587 761373 343645 207927 693581 601867 848688 491881 242924 82954 436409 315929 214402 345907 170474 854068 258140 655712 499528 672800 279595 433730 755156 530570 474002 442774
 120271 509860 59650 746305 342022 909003 403465 294115 355023 426995 238537 708886 309460 528574 577053 472424 554910 143253 526100 179274 93647 744695 653927 601692 139865 650129 589547 206855 271902 232953 488448 181966 566363 348959 624478 359118 237489 365541 212794 407810 753742 112602 611401 489925 808937 675223 412664 297768 224461 528142 594460 1 548175 738430 366179 427283 309589 394834 171156 174782 275903 788484 737180 587770 352787 857375 685241 263144 427300 342932 792352 185184 132470 411219 777079 313664 270245 364770 244736 472775
 668065 196664 540468 742126 477267 685797 865287 431864 518425 742058 545886 615464 301300 575245 637890 78689 688331 453835 89520 408490 607061 604725 142010 850265 556626 396735 861653 754921 503738 756499 688907 723677 536049 628639 455185 831707 575089 620142 349435 237764 236514 476943 562874 407813 593454 619548 228255 327748 729676 361599 322127 548175 1 760962 836301 875998 243169 348512 564165 645257 726535 250359 254075 394442 224052 623541 535224 415320 324331 680687 572835 510743 417060 809026 282061 569286 586027 291632 568468 657262
 795459 564471 790765 36875 408266 355750 636360 470749 385678 410585 501888 176914 563675 220500 162606 715013 197150 806670 671793 798846 828845 226873 717514 314078 604737 406784 348525 836432 467939 725170 281247 765372 228099 411898 322454 645880 958930 388727 758710 550915 971187 637895 198137 359382 323539 149203 864755 546961 942086 399474 458299 738430 760962 1 642747 616836 665072 451383 898709 628852 1010793 950163 686097 376040 790648 354707 262666 509136 456077 1075951 328607 887274 722389 522968 715316 428445 989866 879295 500688 281400
 310621 723379 418557 667362 415039 934440 37989 426782 388595 232322 298825 704694 538837 510358 519960 757900 451070 508899 784267 540634 398548 759068 903798 373764 285202 767067 345020 285225 352618 159108 366310 230337 582372 276038 702517 7733 576261 299791 557870 626068 1065593 374055 617037 587834 852864 658047 758243 513910 433451 653425 744587 366179 836301 642747 1 66788 599262 547614 512331 202237 524491 1086655 955786 696957 686813 900961 726691 429590 586663 647414 843244 543956 473498 123587 997108 311307 606929 720547 277459 376901
 376920 751752 481261 643986 434632 924603 31392 455488 403508 214149 331356 694520 575673 505537 506774 798206 432015 568989 819214 598787 463950 750857 935418 330270 334944 777372 298944 351428 380427 225895 349750 297099 580508 284150 707624 74516 641742 305385 612164 657937 1108113 425141 611734 600763 847936 646890 810634 549870 499987 668591 761373 427283 875998 616836 66788 1 643425 571857 577352 257810 591131 1126057 980897 707840 737283 895033 724380 463361 610241 714140 839793 607434 528657 97328 1021956 329245 672635 775893 308979 365536
 429830 223928 311182 657223 292558 711040 630125 231548 332386 535203 320992 564326 103520 449316 513534 165162 538594 242255 217362 204358 378491 577761 344916 670476 315961 416160 674722 516086 290754 513380 513867 481383 442258 421760 428335 594212 392710 419637 141034 143272 466490 233934 482301 318006 608460 549167 205523 125790 508701 315429 343645 309589 243169 665072 599262 643425 1 214893 361561 404014 523135 491133 433845 373209 127222 651284 507044 202180 220442 512670 588666 317515 183573 585035 472433 361496 413452 214416 343164 484695
 498840 183206 426769 442501 139876 523632 568825 124209 177901 405786 251944 353350 118574 240315 305091 284245 343619 401349 270275 379253 485742 373542 370612 501856 316139 255817 514092 573513 195431 519926 340533 517047 227368 297387 235057 545008 562065 283621 326777 111696 582619 283315 267856 107476 421325 335101 413615 110891 619079 133311 207927 394834 348512 451383 547614 571857 214893 1 514040 394579 660177 583665 409100 193174 339358 468296 305955 138371 39260 684848 403324 485043 318393 490344 450241 243798 588766 429229 271643 308824
 206562 584598 112189 903762 493399 1037635 550319 436647 513032 597719 405494 852426 406464 683370 736224 499324 720788 119564 569314 159221 114322 882133 691821 772786 310389 759100 760221 271537 431117 359767 657505 291381 711907 519111 749096 504771 66806 534696 222769 493076 731569 260814 756947 618254 935359 823066 371677 404917 177145 643195 693581 171156 564165 898709 512331 577352 361561 514040 1 339041 163321 778338 790239 704033 341698 982123 817777 400464 539380 177329 917247 56961 196098 574519 826957 480468 99470 307487 413867 640323
 172258 554365 232722 643810 286544 857873 237358 270944 278207 266463 152212 638255 357118 442586 476509 566571 433818 312929 601349 341126 234189 684108 725508 443241 88775 640120 426804 208886 209254 125419 355680 139284 499253 217284 592171 196084 405739 240127 355687 452065 869936 173275 541495 462261 764673 597271 556072 334852 320298 518340 601867 174782 645257 628852 202237 257810 404014 394579 339041 1 399993 894757 789642 571205 485306 814075 636087 260166 433274 498288 751175 359612 271495 236666 830994 209097 438183 518729 140950 348562
 229106 744843 233798 1020254 617921 1180865 560687 568471 630050 665793 508905 984502 559556 803904 850648 662553 822517 281061 732555 322411 182851 1019169 855107 842190 406139 911115 823805 241083 547024 366038 750103 296263 842084 609142 893921 516803 161836 628932 385724 650484 885146 386134 887159 760444 1079706 951124 526354 554589 91682 792150 848688 275903 726535 1010793 524491 591131 523135 660177 163321 399993 1 934844 953381 852776 503167 1127513 958109 535510 688832 140177 1062414 215868 349373 614745 990226 582783 168081 459757 511090 738335
 906780 407673 773507 925415 719039 790043 1115600 678392 759404 985951 795437 785762 550663 790754 849273 328813 910011 679179 313992 632902 838070 759374 232793 1082095 806299 549311 1096519 993620 751578 1003797 921749 967460 738398 873667 628419 1082045 775203 863416 580452 478033 67678 724881 755811 621016 716905 801819 408538 576828 951971 561344 491881 788484 250359 950163 1086655 1126057 491133 583665 778338 894757 934844 1 288651 574440 442178 732410 698463 664191 553462 864144 698225 721982 656040 1057528 280545 815241 778763 475657 817995 889874
 855778 235279 744571 657739 547058 501479 977799 529182 581556 805499 657749 513812 436462 560054 610175 296338 682331 672914 221187 631022 811724 480345 112689 866013 703754 279425 886439 939778 603188 912225 713543 895283 494789 703018 366127 952884 811244 686469 567680 338285 333116 642918 501802 401259 429678 537095 481448 456098 942545 331999 242924 737180 254075 686097 955786 980897 433845 409100 790239 789642 953381 288651 1 322715 464722 443795 425677 530977 370674 923346 411544 741056 616874 897765 41426 652179 826049 542562 678565 682666
 689323 200468 619684 352867 287522 338405 711411 304481 308648 510818 420403 221045 298824 240199 287557 362398 361725 588631 305211 561965 678909 214774 341666 547595 500262 70188 570313 761040 362387 695803 402041 701148 172102 423892 61361 695830 748815 402532 504358 231098 595525 475830 182093 110092 235567 228930 541650 299221 812131 60839 82954 587770 394442 376040 696957 707840 373209 193174 704033 571205 852776 574440 322715 1 480319 279900 143214 327599 164655 871563 216116 671547 507938 615995 357604 386448 773937 574992 436058 372927
 467959 301634 332159 781627 417912 812883 720439 355176 456912 650249 429958 682736 230738 576114 640471 168546 665505 237102 247094 190832 396017 691319 358666 792939 402496 513185 795412 554243 408091 579373 638332 534549 566001 538610 538785 680969 351137 538983 140385 251451 402475 312802 604678 438736 711767 670747 79870 252379 511466 426483 436409 352787 224052 790648 686813 737283 127222 339358 341698 485306 503167 442178 464722 480319 1 751555 619679 322838 339835 459177 691391 287309 221974 688719 497976 479211 363034 94719 451044 609760
 950816 453789 893735 317929 529930 62416 906399 564985 536200 681703 662581 204952 578419 390686 392237 613808 474121 867831 542060 841827 950153 145922 521936 645465 754988 238450 677152 1015661 608105 933584 548573 950851 319939 628177 233605 901694 1028268 603367 784169 508127 773668 744778 283983 367532 49405 253078 805827 577396 1081389 340245 315929 857375 623541 354707 900961 895033 651284 468296 982123 814075 1127513 732410 443795 279900 751555 1 178077 594239 443569 1151078 65103 951011 786163 797850 457283 609952 1053684 845999 673307 529772
 775101 343264 724573 232546 352804 224307 734002 391333 358131 513176 484786 88158 422260 219111 234859 505579 318737 706946 446580 685071 778597 71887 468290 501800 578381 149170 530448 838422 430841 755535 384306 773140 144352 452178 82063 727083 867592 427637 631108 368440 725954 572950 115250 199653 128723 117220 683335 416844 908265 193199 214402 685241 535224 262666 726691 724380 507044 305955 817777 636087 958109 698463 425677 143214 619679 178077 1 422709 288442 990258 116855 790725 623239 627791 453421 432043 894613 714030 495271 362018
 361765 296148 302331 509731 103232 646071 455345 38435 137325 334022 132023 452122 114187 289148 347776 339107 353768 299092 355886 289771 356137 484009 474214 470102 178477 392881 473069 435243 89898 384741 316914 378883 311499 220100 361551 425941 455855 217470 253664 196597 650461 150562 356503 226874 545801 422849 402707 87585 487247 269638 345907 263144 415320 509136 429590 463361 202180 138371 400464 260166 535510 664191 530977 327599 322838 594239 422709 1 175529 576578 529228 381459 214064 393707 572396 159688 485438 395771 154389 289605
 533828 148573 456346 444108 176839 500652 607593 163324 213294 440638 291202 344026 135145 253652 317762 265328 364045 424286 242153 398923 516954 358279 336065 529127 353878 223117 543058 609791 234644 558547 368378 554393 228499 333936 212746 584106 584703 319122 343187 95167 555610 316924 265304 98970 397816 330957 410603 134617 650891 103817 170474 427300 324331 456077 586663 610241 220442 39260 539380 433274 688832 553462 370674 164655 339835 443569 288442 175529 1 707521 379068 507450 343284 527766 411715 281609 610314 432297 310884 336510
 339107 735780 286582 1081087 670626 1207880 684662 613218 690288 763208 580640 1027849 572744 860649 913503 627054 896728 283528 703498 310869 264275 1055877 817785 939706 482653 923090 924756 371447 608195 488476 831380 417114 888044 691677 919310 639682 122842 708471 372202 652034 808641 438083 932990 790631 1105177 999422 461456 574361 226155 810935 854068 342932 680687 1075951 647414 714140 512670 684848 177329 498288 140177 864144 923346 871563 459177 1151078 990258 576578 707521 1 1086568 200072 367125 726730 957115 655798 99235 393789 587643 815374
 886314 396429 828635 292953 466218 122384 850026 500200 473792 627575 599381 161880 514068 334276 342461 558185 425821 803222 488937 777663 885089 103708 479818 603118 690862 180159 633606 951812 544423 871479 496465 887438 260906 568999 168519 843714 963740 544419 720439 445783 735423 679752 228254 302469 20744 207866 747754 512638 1016420 276065 258140 792352 572835 328607 843244 839793 588666 403324 917247 751175 1062414 698225 411544 216116 691391 65103 116855 529228 379068 1086568 1 886497 721341 742923 430111 548417 989345 786020 610622 475819
