NAME : domp100p50v10
COMMENT : Cherkesly, Contardo & Gruson 2022
TYPE : DOMP
DIMENSION : 100
DISPLAY_DATA_TYPE : NO_DISPLAY
OPEN_FACILITIES : 50
COST_SECTION
 1 204501 578754 393930 121627 675258 915279 832010 61913 825047 790451 282976 682737 87997 154131 121572 192031 489471 618027 781334 780244 536775 953884 765239 790522 920203 368238 800586 554692 776579 117802 396034 485634 812522 632126 333824 249287 264163 139035 187404 382755 104781 625479 537599 574034 178867 885778 535839 145155 715953 424663 699568 567059 674987 647849 539124 814575 735837 611565 899366 736171 310387 459870 645293 164000 485452 972510 697190 427661 685001 819805 644585 786144 179414 746142 826863 856352 822619 885420 517279 336551 230839 737663 283190 189436 216969 47545 1066261 718745 538789 683075 126085 610795 545259 728869 841010 706432 938633 422420 377503
 204501 1 374342 228712 235406 515573 766492 770807 243001 645902 619683 142047 487668 195487 261761 184057 340050 286456 519375 723801 582345 570727 834821 630743 595166 801294 373930 671862 362039 573367 314458 463933 370805 744056 484703 190721 145188 152791 316702 165901 277936 258813 431809 335610 542721 369321 697198 484832 315460 732397 485525 497413 571989 629956 479797 559675 741617 764611 437185 759417 541948 136727 535876 443386 316934 319534 798328 495389 388163 524156 630595 692174 582040 382723 546704 797286 727763 681690 712430 325341 185892 284809 592838 409511 261452 124153 244579 900736 531254 337552 489628 149853 410288 446581 553251 757945 553283 831263 225652 410440
 578754 374342 1 292396 591341 352959 575116 781410 614919 377067 386841 361842 179110 559350 602352 537029 686812 108442 517429 750039 240500 772323 710096 506754 284952 682088 595348 553016 169492 203752 687347 726579 405989 745274 374146 333134 408119 388417 683964 483916 399784 623514 154803 69325 657561 739290 385152 585858 680272 881521 736298 154406 734010 699146 302568 745992 734334 927434 256669 593534 248256 310095 793651 93824 669088 283953 526429 156197 545682 354316 323766 891379 208372 756933 199979 861766 597459 527981 454974 174585 320566 585167 450466 733001 582453 413286 617237 645496 277256 100218 190432 498571 88092 474778 319325 726878 398225 734545 178864 649853
 393930 228712 292396 1 354629 580385 828339 931785 404942 655300 651220 111830 462549 338157 487222 305245 560971 185230 663712 889649 532885 788674 935234 723799 411392 903587 591034 769562 181806 487083 475041 690813 517493 900349 573976 352439 153710 353683 455288 234872 450567 395513 421367 299513 734749 513166 675458 669104 447231 940363 711146 350383 779885 809097 533120 773748 894255 976727 483310 835518 356246 92028 762898 385218 535764 92615 809153 345847 586739 585784 612026 911594 482040 550413 492374 979643 821857 761530 731494 147480 340985 513208 674155 636076 489966 342485 440845 924978 329660 204405 471038 376779 368534 598442 580471 900820 625200 945725 264008 632754
 121627 235406 591341 354629 1 746027 993777 943116 77725 881218 853753 246137 720498 45458 275741 54324 305630 490484 716738 892989 812648 658309 1047238 850636 765486 1013473 486383 888925 531885 794681 128789 517375 576457 921769 709889 408063 201112 346938 100806 119871 474653 43938 665573 562857 689294 158614 931855 646775 92767 837199 546151 691714 687051 788557 712757 660134 922679 857444 671507 982687 710329 289642 580314 669394 277994 438867 1033255 688250 539304 755065 865209 766036 799033 202877 775599 943960 945058 905082 947084 495134 407261 351277 817583 398658 310284 300663 155145 1134078 683786 532475 723237 229257 638946 643009 788081 946461 781432 1036549 459537 498388
 675258 515573 352959 580385 746027 1 253126 452016 731755 179994 125047 594026 214786 702454 612415 697838 686366 419115 227156 431207 276519 582309 360278 153797 602173 330803 475362 200096 517373 356984 792405 608320 225594 414467 63931 341740 628196 411464 811040 677510 311030 760760 203058 302011 418275 854063 272290 357587 813847 628423 603068 472782 516357 414646 50513 547418 400649 679641 99378 255258 581508 545813 655630 290754 681896 609912 304227 477803 386717 10700 226493 679064 390704 842512 279541 553398 246524 181566 218235 512214 340326 550589 97858 687133 572809 458363 693842 391024 622091 443525 200402 553756 270440 233119 95420 384582 45925 381678 321505 528464
 915279 766492 575116 828339 993777 253126 1 415787 973915 223708 190193 846901 403211 949466 833933 947105 899729 657888 347407 424817 405634 704650 175299 161507 776839 165679 658562 148501 744556 501335 1030640 775422 436025 383676 284075 586060 881322 651809 1053206 929710 536209 1005720 420993 537520 527160 1092851 293772 492511 1057126 684910 761997 661961 625651 471460 296498 667957 365503 735693 345671 52081 770079 798226 805862 493367 899975 849491 180992 668141 564252 245849 305985 770503 535231 1074833 431858 542952 119976 98989 163118 745719 586517 762059 177656 882848 790961 699236 928960 184269 819711 673088 389569 790664 487112 400665 255796 324799 213225 229048 573569 703428
 832010 770807 781410 931785 943116 452016 415787 1 893409 573892 511942 898290 666424 898704 698126 912706 730652 816472 270600 51340 722823 399066 283162 323792 1049625 268177 473358 294636 928363 808134 926062 528423 414338 37628 411501 588593 914298 619076 964376 928433 493768 936444 646792 718091 265450 984593 668573 296442 973584 301283 503100 917589 321919 161574 495711 368864 53447 346145 531824 363968 1023955 864857 523651 736368 743673 989801 594200 921989 404428 456061 649694 412065 842203 942578 730468 128374 297454 353952 550338 912822 597765 613059 374324 673886 653637 657175 823693 585856 1058423 855887 652192 713862 709698 333395 533877 91397 416968 225022 678498 488489
 61913 243001 614919 404942 77725 731755 973915 893409 1 877695 845128 293281 728973 67965 208080 104353 229349 520204 679671 842654 824826 590788 1015107 825134 810876 981405 427696 861021 575110 815718 72837 446564 546149 874178 690263 390028 252976 322121 79358 178368 443245 46375 672347 578585 634547 126769 935332 597386 83862 770971 475905 727546 624536 735936 702702 594982 876337 788920 664879 958976 755967 329052 507370 686336 202065 493632 1026708 724674 489183 741333 869015 695222 823226 146464 789548 886392 916880 882002 939773 537765 391771 288703 796433 322582 246936 274700 80670 1122475 734024 566661 730158 187205 653243 606775 782250 902905 764039 1000306 467112 433983
 825047 645902 377067 655300 881218 179994 223708 573892 877695 1 64354 695910 197987 840050 779124 829758 856368 473486 395113 565470 182127 759210 391144 250646 554166 372898 654635 281160 544321 277785 942829 788208 403901 537057 243484 494207 736385 566791 955924 797535 481913 901624 233994 355788 590591 1003111 97963 533812 956938 790912 783054 443455 690362 572296 184368 723756 520446 842709 213750 260425 549997 643957 835467 287025 849662 660304 155154 449878 566656 169592 83266 851157 311555 998627 210577 690189 297841 226875 77973 551627 489668 722867 206680 863043 741854 611614 848997 269875 601693 477283 186910 709396 290888 411651 97579 491384 182917 435622 426756 708155
 790451 619683 386841 651220 853753 125047 190193 511942 845128 64354 1 681763 213044 811363 735068 803626 810197 474708 331882 502158 225372 697657 345339 188168 590968 323782 599713 221582 556283 319748 908136 731602 350576 474877 186238 457004 719946 528588 924032 776474 434684 871562 234452 354425 527683 969216 162307 472270 925923 726656 725289 472869 627761 507963 142613 661966 458531 778466 182526 217367 581554 630917 776840 303313 804995 665234 182435 478939 509993 114348 138462 787941 354405 961004 246212 626884 244386 171310 95299 559324 453903 674971 142431 812166 696244 574642 811675 281607 630196 485874 199499 671518 298765 351892 70778 431070 120384 384877 408354 652273
 282976 142047 361842 111830 246137 594026 846901 898290 293281 695910 681763 1 514189 226872 385976 195000 455661 255095 637981 852970 596568 712720 935493 725880 519832 902650 515971 769809 285750 564672 363827 602855 488220 869535 575576 309757 47159 289247 346107 128141 405363 285674 465171 348759 680194 403945 729898 619477 338882 873901 625482 447542 713320 763593 551151 701667 865578 906557 503347 847224 464712 52762 674440 448567 429617 202507 851056 443765 526811 601058 664151 833971 564798 439063 557209 932587 824451 770638 768844 249055 301074 421881 681416 534872 394162 265762 330174 961904 440822 290820 520072 279158 424096 567672 611705 877846 636270 938683 274201 551968
 682737 487668 179110 462549 720498 214786 403211 666424 728973 197987 213044 514189 1 682721 667927 667029 750785 278329 425575 643714 101140 744970 550686 361040 389628 525537 597456 404818 346703 149355 798468 734988 360913 628941 259390 374683 557499 445153 804227 625464 400747 746407 57923 165821 599988 855739 215715 531559 803121 820591 737467 264141 690650 615985 171603 713346 615337 870294 146614 427278 373620 461468 794034 90513 738594 462703 348212 269794 525219 211822 150339 854278 180666 861465 78908 764112 441879 369165 275929 353692 365916 628696 303880 777073 637784 483533 713833 466620 419419 279325 14716 579929 94281 406503 151483 598968 254079 582713 262082 653829
 87997 195487 559350 338157 45458 702454 949466 898704 67965 840050 811363 226872 682721 1 240028 37147 279168 461258 671301 848704 776282 620429 1001855 805638 745938 968090 444743 843746 510644 761844 136956 482319 531068 877054 665474 363509 185458 301660 124677 110603 429210 64293 627156 527470 646095 180995 892677 602490 121254 798272 510522 666152 646478 744773 669950 620875 877807 819926 629395 937903 690908 265217 547146 634682 251151 426149 991442 663024 495279 711593 826079 730396 767614 212258 739854 901326 899872 860343 905046 473441 363047 311865 773034 370947 271604 255274 129628 1091211 667642 505742 684947 184992 603148 597565 746272 901308 737378 991092 420943 459145
 154131 261761 602352 487222 275741 612415 833933 698126 208080 779124 735068 385976 667927 240028 1 269505 84555 533114 510134 646872 768908 383113 848631 676211 849745 815532 225561 705962 620703 784179 228470 242295 398211 682129 559864 293562 365402 222986 269744 323615 301844 254328 610221 547745 434666 286478 852550 406310 280565 562970 270653 741994 417270 537904 595240 386924 686195 581880 568280 810835 797941 395760 307821 650559 71024 579365 916489 740985 299913 622884 789356 490586 800068 249168 739974 682025 760046 736963 829937 584742 302011 85079 658212 149043 45444 189630 129863 998355 791122 587422 664936 112090 612546 441700 681579 716998 635796 826183 427038 226264
 121572 184057 537029 305245 54324 697838 947105 912706 104353 829758 803626 195000 667029 37147 269505 1 313594 436428 678874 863197 758718 646396 1005823 806527 714828 972088 466135 845804 480320 740358 170568 511199 535683 889881 663741 363011 151687 305839 151453 74116 435243 90714 612397 508777 663890 209152 878965 617342 145234 822814 538857 638604 669054 760924 663304 645258 889913 846015 621167 937550 659711 236557 577313 615189 285560 391893 982373 635244 511225 706675 812313 758365 744767 246079 721541 920036 901941 859827 896482 443345 361184 337101 771741 404558 297986 261150 165395 1084484 634900 478965 669980 202470 584926 605026 737307 911773 734251 997304 406602 483929
 192031 340050 686812 560971 305630 686366 899729 730652 229349 856368 810197 455661 750785 279168 84555 313594 1 616239 566362 679392 851866 380747 902472 739976 931931 869973 261192 766794 701300 868469 222226 229946 466897 718464 631418 376107 429917 306578 270362 377325 375516 274048 693218 632278 465236 269487 932137 448723 283711 561439 260243 825704 429629 569080 672053 392422 724421 573006 647350 873681 879687 470700 282989 734886 28037 653548 990530 824589 348064 696952 869654 474358 884547 215926 823471 700059 819540 801660 904522 664944 385072 137715 726147 93250 114688 274179 150735 1068342 871139 670233 747435 192777 696775 501815 759034 758763 707106 875637 511579 243147
 489471 286456 108442 185230 490484 419115 657888 816472 520204 473486 474708 255095 278329 461258 533114 436428 616239 1 546400 780009 348265 752309 779266 569947 318455 749268 563628 616530 114776 309670 593030 686574 415136 782017 425830 296606 301848 335757 585782 379508 381625 524849 241035 120492 659481 642181 490274 588678 581082 879541 700278 211125 724757 715578 369334 729887 773120 922230 319746 670455 269138 204304 756632 200155 595912 191729 626124 209360 529983 422764 427137 874556 310105 664790 307918 883676 665388 599956 550573 96576 283219 529222 516321 672371 519726 349964 530910 743333 275260 55381 287539 423934 184060 492152 404606 771935 465000 797101 148198 614879
 618027 519375 517429 663712 716738 227156 347407 270600 679671 395113 331882 637981 425575 671301 510134 678874 566362 546400 1 233974 500769 369238 338636 187145 793691 305429 314402 203964 658998 574095 725641 428032 149830 237384 168657 330233 658595 373998 756447 682987 244065 718305 394789 451838 195987 787387 492202 147174 763176 401293 415175 660310 296474 190455 256946 332898 230579 452485 280825 313239 763724 600988 460930 483090 570682 719501 480692 664125 220830 235307 452422 456080 606182 758451 498512 344863 254180 249055 407108 642585 337576 430976 198482 539661 465105 417726 621153 528493 794502 587169 412623 492698 452318 73849 322113 239874 212273 320649 408003 356686
 781334 723801 750039 889649 892989 431207 424817 51340 842654 565470 502158 852970 643714 848704 646872 863197 679392 780009 233974 1 705783 352391 309055 315172 1022509 289470 422034 292464 892895 788173 874876 478579 372493 50188 385552 543672 867819 571597 913355 880181 447765 885847 620320 685272 214164 933329 661901 246220 922637 269959 453712 889711 273805 110361 472148 321070 66067 317939 505032 374091 994811 820749 476085 709752 692345 950009 599223 893855 353936 436280 638147 374469 821776 891239 710745 124730 304873 353290 548795 875991 553266 561800 361216 623249 602431 608831 772623 601114 1027293 821142 629784 663772 681371 291748 517528 113374 399707 255004 639596 437383
 780244 582345 240500 532885 812648 276519 405634 722823 824826 182127 225372 596568 101140 776282 768908 758718 851866 348265 500769 705783 1 836055 569730 403552 372390 549035 695203 442489 392323 95701 895106 832813 453685 685221 332135 475780 641524 546042 898965 713098 500074 840329 158688 250424 684221 951463 151309 617984 897233 900947 834227 267513 778039 690218 244494 803399 670162 951552 234084 440045 370935 543944 890383 148517 839514 518256 306128 274210 619992 270310 103298 941986 129801 959382 40657 828983 469531 396141 253356 407706 466912 729698 349353 877920 738921 583877 812507 427145 424806 335170 106095 679800 174050 491496 188951 647869 306283 610241 358004 751471
 536775 570727 772323 788674 658309 582309 704650 399066 590788 759210 697657 712720 744970 620429 383113 646396 380747 752309 369238 352391 836055 1 640165 551239 1055829 613304 197723 556159 863516 891647 600206 151502 384147 400611 518583 456598 708460 435785 646274 688852 373525 637141 698679 703533 177531 650149 854220 225420 658534 181087 121378 926711 81642 252905 597529 36725 412768 199620 602024 662576 1013603 700804 125614 774751 401916 871325 849477 928474 226747 592001 807393 123363 919115 595193 823555 334193 594606 610286 776192 834759 469945 309311 567719 302170 348850 448254 511085 888794 1027153 805468 734975 451106 737015 349543 676664 457071 577289 595378 606736 163670
 953884 834821 710096 935234 1047238 360278 175299 283162 1015107 391144 345339 935493 550686 1001855 848631 1005823 902472 779266 338636 309055 569730 640165 1 211438 935704 33767 644825 166039 876764 664780 1063385 740304 470789 260178 361748 644988 963999 700489 1092781 1000721 573030 1052108 556189 662132 470926 1125322 468103 459903 1098900 578988 721065 814519 558524 388518 410451 604996 243116 626409 459633 130918 923869 891059 755638 637723 908130 969579 350578 820304 554493 357263 474409 680959 699315 1097086 591493 410127 113922 182417 337552 872453 648970 768598 262990 867917 803501 746582 959036 312585 969976 803178 536204 827924 624341 409391 399235 195981 314355 61700 671925 679381
 765239 630743 506754 723799 850636 153797 161507 323792 825134 250646 188168 725880 361040 805638 676211 806527 739976 569947 187145 315172 403552 551239 211438 1 750661 180036 497057 46612 670549 493121 878827 614903 280671 286711 150655 443544 755813 504601 904032 796298 382944 859277 356014 454661 374223 941123 346732 333708 908860 552635 602320 623433 474472 333513 204216 514548 270398 604417 251739 134847 732666 680611 647653 442254 741132 759341 300993 628707 402747 153032 326008 626636 527784 919801 415921 439810 98638 62521 237707 664216 446030 602494 57309 721435 632610 551758 775885 341348 774741 596574 346334 639530 423804 239448 216173 244611 108997 228062 460551 542153
 790522 595166 284952 411392 765486 602173 776839 1049625 810876 554166 590968 519832 389628 745938 849745 714828 931931 318455 793691 1022509 372390 1055829 935704 750661 1 912331 874385 794338 236023 277506 882609 1001665 690279 1012556 638143 607902 564393 653210 865835 646022 682426 805504 402835 354277 941990 923704 510773 870331 858223 1166118 1013684 133535 1018912 979509 555278 1030214 999992 1212283 517898 808279 55162 482013 1070629 313264 910459 336233 669833 130187 829558 600258 475104 1175659 245610 957316 345203 1138381 829685 756336 625353 273458 594726 847614 693469 990592 837905 668380 835049 788545 98956 263246 404339 739155 341472 756645 538512 986566 643237 970981 452291 927532
 920203 801294 682088 903587 1013473 330803 165679 268177 981405 372898 323782 902650 525537 968090 815532 972088 869973 749268 305429 289470 549035 613304 33767 180036 912331 1 612932 134025 847983 643507 1029842 710355 437023 242010 329741 611371 930866 666731 1059115 967190 539270 1018362 528778 632812 442251 1091803 453939 428792 1065205 559057 691648 789652 531703 363005 381188 577802 224326 607405 429981 116458 899110 858484 727319 611571 875363 939141 345444 795330 522131 328296 455999 658166 678181 1063855 569206 396344 84631 156375 324242 842936 615424 735768 233083 836495 770449 712816 925519 319336 944304 774233 510957 794229 596967 375873 374428 178172 284921 63821 640024 648322
 368238 373930 595348 591034 486383 475362 658562 473358 427696 654635 599713 515971 597456 444743 225561 466135 261192 563628 314402 422034 695203 197723 644825 497057 874385 612932 1 518185 672296 737065 454025 137611 251087 458921 413577 267310 513829 238838 494411 500669 199546 472724 545169 528432 209129 511643 742093 187673 504584 361209 141823 748958 203556 312582 475399 185985 464115 391024 465840 627148 829450 503100 199245 611451 271504 674331 771550 750027 94311 485982 686487 320573 761104 469557 675996 458717 568357 559574 689318 642078 280656 140676 493312 225261 182131 250787 353580 835290 838823 617966 589818 264641 572450 258841 561779 497668 485186 615538 422126 56396
 800586 671862 553016 769562 888925 200096 148501 294636 861021 281160 221582 769809 404818 843746 705962 845804 766794 616530 203964 292464 442489 556159 166039 46612 794338 134025 518185 1 717099 533694 912937 630272 314954 258663 195768 483291 798940 542165 939583 837662 417838 896205 401711 501250 378687 975188 374335 346072 944859 542260 615738 667999 477193 325714 250577 519471 241384 593635 298308 109462 777355 725102 658438 487312 769344 805806 309348 673363 424278 198918 359994 623590 568456 951602 456990 415786 56145 61005 256589 710826 486447 629968 102719 743397 661732 589004 809376 332730 820076 643138 390103 674577 469644 265052 257456 210252 154888 181592 506030 560435
 554692 362039 169492 181806 531885 517373 744556 928363 575110 544321 556283 285750 346703 510644 620703 480320 701300 114776 658998 892895 392323 863516 876764 670549 236023 847983 672296 717099 1 327920 647059 791131 529735 893456 531141 406927 331442 438920 631685 413289 494934 571024 323821 216187 774119 689459 542661 703395 624625 993706 806460 170998 838200 830079 466890 842069 884019 1035972 418820 762206 181484 246096 862084 257413 678789 130825 690544 165901 642919 519694 485294 986227 315960 721572 352331 997827 763480 695250 622286 37438 393573 626787 615230 764974 612798 446452 599512 810725 170927 74076 358805 508989 257579 606282 488762 880960 563150 898589 262656 722017
 776579 573367 203752 487083 794681 356984 501335 808134 815718 277785 319748 564672 149355 761844 784179 740358 868469 309670 574095 788173 95701 891647 664780 493121 277506 643507 737065 533694 327920 1 887691 873878 507628 770515 406666 496911 611254 562569 886259 687619 537979 826105 193272 239630 749166 940995 236381 680417 882982 969945 878318 181893 839081 764547 318110 860657 756089 1019634 295967 535425 279577 513369 935377 133672 853410 458086 394991 188762 669461 352268 197653 1002458 34796 955717 77678 909930 563118 489550 347871 349783 486271 754556 437538 903904 758626 595163 812803 515157 335478 282921 161642 686977 171782 555727 276957 736183 391486 704206 359054 793395
 117802 314458 687347 475041 128789 792405 1030640 926062 72837 942829 908136 363827 798468 136956 228470 170568 222226 593030 725641 874876 895106 600206 1063385 878827 882609 1029842 454025 912937 647059 887691 1 450909 598358 909195 748204 451321 321949 380981 49600 244025 495888 84873 741497 649984 663106 62297 1002956 632498 64051 781289 481075 800313 642370 766214 765525 608744 912634 794672 729365 1013354 827624 401166 505103 757782 198705 562425 1090249 797413 524860 802220 936857 696577 895586 75515 860275 909532 968392 937039 1003146 609770 454266 313426 852989 312525 272462 334067 104543 1183427 804583 639454 799221 239984 724241 653998 846670 941825 822894 1045358 537121 451449
 396034 463933 726579 690813 517375 608320 775422 528423 446564 788208 731602 602855 734988 482319 242295 511199 229946 686574 428032 478579 832813 151502 740304 614903 1001665 710355 137611 630272 791131 873878 450909 1 386445 523076 545491 394331 591433 352213 497866 560914 335906 492865 682419 660936 272322 499415 877303 284728 510558 331599 30307 878993 210373 370273 611096 167769 532346 343893 603065 739677 954902 599641 72098 747134 252206 778818 899402 879680 221648 618831 822773 248751 897389 443740 813467 479866 676478 677039 819089 758863 407331 181738 617884 151487 215436 350189 366036 956009 960277 741677 727414 327471 708000 383325 696781 572585 614724 703108 550309 81430
 485634 370805 405989 517493 576457 225594 436025 414338 546149 403901 350576 488220 360913 531068 398211 535683 466897 415136 149830 372493 453685 384147 470789 280671 690279 437023 251087 314954 529735 507628 598358 386445 1 383457 166141 180752 508914 229917 624637 535473 102906 581922 315001 336991 251716 660645 491096 180090 630003 475906 384160 557618 333572 300511 224652 353068 378329 522669 220024 415435 653909 451915 439050 394205 465270 578108 526796 560356 167377 236283 436459 495765 535579 639441 439619 469451 370743 339992 442393 509283 187785 329510 260027 462065 355873 275796 495233 601459 677520 461179 351182 359629 357841 80951 310706 389691 240977 462056 269933 305522
 812522 744056 745274 900349 921769 414467 383676 37628 874178 537057 474877 869535 628941 877054 682129 889881 718464 782017 237384 50188 685221 400611 260178 286711 1012556 242010 458921 258663 893456 770515 909195 523076 383457 1 374517 559811 886778 593157 946364 903290 466312 916572 609728 682394 254381 968451 632082 277005 955171 319041 499029 880665 321089 152813 458355 368510 18201 366234 494870 332210 987239 835002 523458 699293 730269 956866 560787 885108 385161 418466 612471 424628 804593 928426 692848 159373 264418 318487 514901 878471 568570 597257 336840 665620 637226 632476 806083 556808 1022136 820748 614691 692644 672918 302735 496279 64216 379341 205152 645301 478071
 632126 484703 374146 573976 709889 63931 284075 411501 690263 243484 186238 575576 259390 665474 559864 663741 631418 425830 168657 385552 332135 518583 361748 150655 638143 329741 413577 195768 531141 406666 748204 545491 166141 374517 1 302006 606295 368182 769600 649401 258192 721674 235333 315456 356049 810274 336217 294165 773298 569188 539709 506152 453397 358595 88628 483820 362358 620058 120358 274765 613000 530004 591984 324910 628380 612763 360656 510620 323848 74022 289357 616502 439326 795064 330444 504885 249278 197101 276491 521549 302714 494594 108151 628116 518939 415581 647645 438703 649423 457159 245901 508361 298647 169236 158279 352785 75936 372858 310285 466039
 333824 190721 333134 352439 408063 341740 586060 588593 390028 494207 457004 309757 374683 363509 293562 363011 376107 296606 330233 543672 475780 456598 644988 443544 607902 611371 267310 483291 406927 496911 451321 394331 180752 559811 302006 1 328405 72839 469335 356275 98221 419951 317174 269526 382698 512691 561844 316686 472347 593535 405783 484737 434885 457797 314416 435757 556070 633148 280592 574763 562295 277589 462761 364602 364443 424899 639308 485365 239085 351364 497571 579416 515994 504612 447990 628094 539380 497100 552153 378456 13390 257679 409537 407034 263380 117691 355044 732598 571865 350714 371421 215203 325605 258584 397115 569796 374591 640557 155983 319685
 249287 145188 408119 153710 201112 628196 881322 914298 252976 736385 719946 47159 557499 185458 365402 151687 429917 301848 658595 867819 641524 708460 963999 755813 564393 930866 513829 798940 331442 611254 321949 591433 508914 886778 606295 328405 1 297838 301647 81850 420582 241808 507314 392662 687799 359531 773068 629935 293832 874286 615516 494420 714458 774977 586818 699766 883712 904760 539900 879639 509233 98057 662211 493883 403034 240697 891413 490577 533067 635642 707051 828098 611733 397434 602411 942471 854112 802558 808363 295057 321191 409695 713197 513000 378637 267807 296831 1000876 483289 337975 562898 264217 468450 586880 650361 898196 669441 964693 311593 545853
 264163 152791 388417 353683 346938 411464 651809 619076 322121 566791 528588 289247 445153 301660 222986 305839 306578 335757 373998 571597 546042 435785 700489 504601 653210 666731 238838 542165 438920 562569 380981 352213 229917 593157 368182 72839 297838 1 401439 310504 129933 354768 387370 329156 391096 442764 634617 332098 405355 587880 368005 535589 427135 477172 386153 420080 591427 623238 353292 637702 604842 268430 423250 429241 293475 435584 711001 535510 237635 421328 570215 559024 579812 432477 517004 644780 598275 560445 623839 406883 79562 196813 474386 344786 196201 47428 283088 802469 608255 391101 442498 142948 390787 300265 469571 609916 442282 691503 209786 284805
 139035 316702 683964 455288 100806 811040 1053206 964376 79358 955924 924032 346107 804227 124677 269744 151453 270362 585782 756447 913355 898965 646274 1092781 904032 865835 1059115 494411 939583 631685 886259 49600 497866 624637 946364 769600 469335 301647 401439 1 220658 521745 61069 748038 651036 702988 57885 1012157 669362 14756 827325 527920 789683 686145 805476 781686 653686 949162 841757 743438 1038007 810691 387834 553347 758492 245998 539618 1105437 786409 561269 820596 945712 744428 892257 109137 863009 951766 995368 961113 1018565 594759 470951 353846 875695 361426 312280 354024 140915 1201691 784566 629647 805880 265118 726389 683918 860778 976983 843396 1076924 542145 494973
 187404 165901 483916 234872 119871 677510 929710 928433 178368 797535 776474 128141 625464 110603 323615 74116 377325 379508 682987 880181 713098 688852 1000721 796298 646022 967190 500669 837662 413289 687619 244025 560914 535473 903290 649401 356275 81850 310504 220658 1 439628 161715 573036 462832 688974 278484 840014 636787 212363 861283 587177 575609 704102 781918 639279 684311 901841 887804 594429 924152 590861 175493 629453 566797 349515 319316 951827 571873 534111 685680 773558 804695 689568 319440 674712 945578 893519 846500 867259 376862 351772 381507 757415 465689 345486 271352 233838 1058080 563916 418083 629775 237788 539164 609645 708187 920232 716571 996747 370814 525203
 382755 277936 399784 450567 474653 311030 536209 493768 443245 481913 434684 405363 400747 429210 301844 435243 375516 381625 244065 447765 500074 373525 573030 382944 682426 539270 199546 417838 494934 537979 495888 335906 102906 466312 258192 98221 420582 129933 521745 439628 1 479222 347019 331629 285331 558184 561573 218545 527100 499696 341303 554130 343267 359787 297622 349128 463687 541126 277821 517492 640135 375266 398661 411921 370933 521556 615257 555662 148517 321577 501663 494377 561638 538651 478689 529965 473648 441418 529064 468880 109644 240955 358981 383383 261780 174283 393188 696877 655084 433538 394065 256792 372952 170347 385079 480653 334119 562200 234264 255685
 104781 258813 623514 395513 43938 760760 1005720 936444 46375 901624 871562 285674 746407 64293 254328 90714 274048 524849 718305 885847 840329 637141 1052108 859277 805504 1018362 472724 896205 571024 826105 84873 492865 581922 916572 721674 419951 241808 354768 61069 161715 479222 1 690620 591700 678814 118501 955686 640133 56977 817271 522241 728624 670400 779710 729655 641171 918343 835294 690091 992460 750380 326832 553326 698953 247116 481024 1052275 725360 532023 770097 889133 741486 831730 159057 804013 931426 952221 915153 965650 534029 420511 334338 828656 367272 292639 307524 126857 1150561 725070 568580 748440 225941 667318 645001 807234 944020 794532 1038879 484456 480035
 625479 431809 154803 421367 665573 203058 420993 646792 672347 233994 234452 465171 57923 627156 610221 612397 693218 241035 394789 620320 158688 698679 556189 356014 402835 528778 545169 401711 323821 193272 741497 682419 315001 609728 235333 317174 507314 387370 748038 573036 347019 690620 1 121918 560054 799110 267074 490197 747209 782756 685978 271308 647669 583881 153995 668033 597259 831608 115289 438733 379211 412708 742873 89580 680837 430854 388408 276005 476200 202995 200540 810554 220578 804024 132235 737896 444190 373844 310222 325084 308228 572034 299014 720707 580438 425611 656186 503614 419034 252107 57843 522034 68190 367585 165405 585081 247018 582684 206215 601560
 537599 335610 69325 299513 562857 302011 537520 718091 578585 355788 354425 348759 165821 527470 547745 508777 632278 120492 451838 685272 250424 703533 662132 454661 354277 632812 528432 501250 216187 239630 649984 660936 336991 682394 315456 269526 392662 329156 651036 462832 331629 591700 121918 1 588436 704668 381426 516727 648675 812318 669790 223296 664706 631549 251693 676942 672077 858144 202977 550967 316935 296000 727213 107803 616055 311971 509810 225319 476819 304899 316137 822293 252686 716933 212771 795347 548498 481600 432137 210422 257458 524904 399781 673699 524946 358131 573259 625509 343160 142113 172790 448016 76378 406845 284184 666804 347909 682620 120727 583373
 574034 542721 657561 734749 689294 418275 527160 265450 634547 590591 527683 680194 599988 646095 434666 663890 465236 659481 195987 214164 684221 177531 470926 374223 941990 442251 209129 378687 774119 749166 663106 272322 251716 254381 356049 382698 687799 391096 702988 688974 285331 678814 560054 588436 1 720732 687219 71711 712849 224254 250998 809305 100786 103936 440527 140817 261974 271837 453595 485532 905203 655800 285154 643147 478313 806881 673614 812067 155155 427271 644765 260928 779162 677382 676752 256676 418151 432849 602375 750487 394684 349686 393506 411485 390891 420897 562074 711275 927171 708339 588464 461762 607878 193504 513672 300653 407683 431317 511487 223746
 178867 369321 739290 513166 158614 854063 1092851 984593 126769 1003111 969216 403945 855739 180995 286478 209152 269487 642181 787387 933329 951463 650149 1125322 941123 923704 1091803 511643 975188 689459 940995 62297 499415 660645 968451 810274 512691 359531 442764 57885 278484 558184 118501 799110 704668 720732 1 1061835 692138 67052 830921 529717 846901 695987 824200 826630 660705 972243 841870 789877 1075649 868561 445283 549485 812332 248822 597269 1151182 843690 584863 863831 995574 741736 947657 68793 916018 964675 1030619 999322 1064123 652496 515323 371534 915196 355267 331226 395709 166286 1245081 842399 686654 856918 302189 779595 715934 907237 1002089 884863 1106840 593848 505900
 885778 697198 385152 675458 931855 272290 293772 668573 935332 97963 162307 729898 215715 892677 852550 878965 932137 490274 492202 661901 151309 854220 468103 346732 510773 453939 742093 374335 542661 236381 1002956 877303 491096 632082 336217 561844 773068 634617 1012157 840014 561573 955686 267074 381426 687219 1061835 1 629062 1011962 888833 873563 416281 786599 670258 266827 819064 615170 940621 284882 338037 515924 677181 926929 291334 923514 666939 159083 423081 656463 262373 66653 948010 265716 1062448 190482 786537 384801 317200 130674 556379 555630 801462 304483 944811 817472 677358 913206 278788 571733 482870 210330 775341 307740 505379 180537 584240 279954 517634 472369 796578
 535839 484832 585858 669104 646775 357587 492511 296442 597386 533812 472270 619477 531559 602490 406310 617342 448723 588678 147174 246220 617984 225420 459903 333708 870331 428792 187673 346072 703395 680417 632498 284728 180090 277005 294165 316686 629935 332098 669362 636787 218545 640133 490197 516727 71711 692138 629062 1 678181 295817 269678 737708 160156 145334 375804 190009 280142 342846 385688 455319 833495 592480 313948 572430 457948 739123 627296 740439 108211 367110 583485 324062 709929 654196 608949 313111 391754 395013 551985 680298 328175 321927 344424 408158 361125 365957 529156 674829 855643 637130 520404 417552 536849 126671 452443 311069 351923 428323 440891 219531
 145155 315460 680272 447231 92767 813847 1057126 973584 83862 956938 925923 338882 803121 121254 280565 145234 283711 581082 763176 922637 897233 658534 1098900 908860 858223 1065205 504584 944859 624625 882982 64051 510558 630003 955171 773298 472347 293832 405355 14756 212363 527100 56977 747209 648675 712849 67052 1011962 678181 1 839534 540552 783828 697464 815073 783747 665477 957744 854435 744889 1042601 803064 381753 566639 755928 259008 530598 1107028 780450 570012 823316 945446 757489 888426 122804 860966 962421 1000728 965552 1020263 587838 473554 364202 879740 375129 322516 357932 151062 1204205 776111 624162 805041 270977 724276 690405 862156 985082 846765 1083771 541105 506284
 715953 732397 881521 940363 837199 628423 684910 301283 770971 790912 726656 873901 820591 798272 562970 822814 561439 879541 401293 269959 900947 181087 578988 552635 1166118 559057 361209 542260 993706 969945 781289 331599 475906 319041 569188 593535 874286 587880 827325 861283 499696 817271 782756 812318 224254 830921 888833 295817 839534 1 301296 1033523 160773 219461 656466 177557 335880 51873 673986 636206 1128854 856303 291295 866821 582934 1017714 851095 1036252 354681 636424 852814 121181 1000668 775048 896153 194107 565887 602437 790009 968465 606303 486408 585634 480307 526972 608273 691611 865712 1149604 929653 808540 624025 831875 415178 723151 383097 610307 523936 731353 339135
 424663 485525 736298 711146 546151 603068 761997 503100 475905 783054 725289 625482 737467 510522 270653 538857 260243 700278 415175 453712 834227 121378 721065 602320 1013684 691648 141823 615738 806460 878318 481075 30307 384160 499029 539709 405783 615516 368005 527920 587177 341303 522241 685978 669790 250998 529717 873563 269678 540552 301296 1 889494 183066 346446 608332 139159 508865 313892 602773 724921 967761 620453 57453 753223 282386 798222 890379 890400 217219 613468 820430 219935 902679 473978 816206 451292 660611 664101 811266 774839 418973 206390 607933 181037 241896 369246 395474 943667 974791 755133 729378 352220 714245 374744 693086 549982 607250 682314 561557 86447
 699568 497413 154406 350383 691714 472782 661961 917589 727546 443455 472869 447542 264141 666152 741994 638604 825704 211125 660310 889711 267513 926711 814519 623433 133535 789652 748958 667999 170998 181893 800313 878993 557618 880665 506152 484737 494420 535589 789683 575609 554130 728624 271308 223296 809305 846901 416281 737708 783828 1033523 889494 1 887617 845976 424839 900238 868411 1080046 385796 689612 109487 402099 946752 182169 806033 299080 573390 6873 700044 471549 370054 1045585 159707 873180 233444 1005078 706011 633278 518509 202968 471854 732032 566125 878033 725984 555706 741639 694253 158238 160993 278760 634062 208358 623232 415345 856264 515071 846746 328898 803083
 567059 571989 734010 779885 687051 516357 625651 321919 624536 690362 627761 713320 690650 646478 417270 669054 429629 724757 296474 273805 778039 81642 558524 474472 1018912 531703 203556 477193 838200 839081 642370 210373 333572 321089 453397 434885 714458 427135 686145 704102 343267 670400 647669 664706 100786 695987 786599 160156 697464 160773 183066 887617 1 171657 535910 47453 332603 198271 545289 582700 979360 695548 202383 727760 447581 858038 774269 889899 195880 525622 742700 163948 868010 645538 768413 270912 514268 532452 703135 811799 447845 336234 494268 360570 377806 447837 547126 809912 997190 776095 679773 468112 691174 286825 611560 376300 507560 513981 576951 191183
 674987 629956 699146 809097 788557 414646 471460 161574 735936 572296 507963 763593 615985 744773 537904 760924 569080 715578 190455 110361 690218 252905 388518 333513 979509 363005 312582 325714 830079 764547 766214 370273 300511 152813 358595 457797 774977 477172 805476 781918 359787 779710 583881 631549 103936 824200 670258 145334 815073 219461 346446 845976 171657 1 447130 218937 162476 271326 470786 424873 947093 735027 372981 671329 582248 875476 633107 849455 249718 421949 636338 299532 796616 781289 688859 170577 354817 385005 570637 809761 468594 452843 366445 513400 493796 511262 664594 654627 974464 760808 603072 559854 639161 224902 508081 204920 393156 342490 570185 327041
 647849 479797 302568 533120 712757 50513 296498 495711 702702 184368 142613 551151 171603 669950 595240 663304 672053 369334 256946 472148 244494 597529 410451 204216 555278 381188 475399 250577 466890 318110 765525 611096 224652 458355 88628 314416 586818 386153 781686 639279 297622 729655 153995 251693 440527 826630 266827 375804 783747 656466 608332 424839 535910 447130 1 563721 445231 707061 49981 302712 533121 501978 662568 242674 665626 560466 324903 429693 391136 53437 212166 699683 350925 818624 241818 592602 296814 230675 237743 462007 311308 538557 148353 679563 557590 432076 669214 421322 572744 393069 157817 529100 220759 249178 87584 431470 96275 432166 277278 530141
 539124 559675 745992 773748 660134 547418 667957 368864 594982 723756 661966 701667 713346 620875 386924 645258 392422 729887 332898 321070 803399 36725 604996 514548 1030214 577802 185985 519471 842069 860657 608744 167769 353068 368510 483820 435757 699766 420080 653686 684311 349128 641171 668033 676942 140817 660705 819064 190009 665477 177557 139159 900238 47453 218937 563721 1 380056 205040 569561 625993 988932 687228 155022 745465 411884 854646 812945 902185 200851 557018 772921 145450 888600 608126 791738 312172 558137 573562 739949 814192 449003 309045 531372 319113 349853 436082 516274 852089 1004075 782423 703080 446787 708073 315102 642031 423690 541584 561053 583251 161774
 814575 741617 734334 894255 922679 400649 365503 53447 876337 520446 458531 865578 615337 877807 686195 889913 724421 773120 230579 66067 670162 412768 243116 270398 999992 224326 464115 241384 884019 756089 912634 532346 378329 18201 362358 556070 883712 591427 949162 901841 463687 918343 597259 672077 261974 972243 615170 280142 957744 335880 508865 868411 332603 162476 445231 380056 1 383458 482682 314019 975341 830224 534774 686774 735617 949423 542754 872934 387950 404363 596348 440139 790265 933266 678412 177500 246305 300969 497393 869649 564505 601520 321312 673453 641121 631515 809184 538673 1010911 811065 601017 693789 660980 298029 481219 47308 364677 189052 637754 485179
