NAME : domp200p100v3
COMMENT : Cherkesly, Contardo & Gruson 2022
TYPE : DOMP
DIMENSION : 200
DISPLAY_DATA_TYPE : NO_DISPLAY
OPEN_FACILITIES : 100
COST_SECTION
 1 692772 774982 157606 624730 470621 236249 387895 683148 851464 484270 1005671 529451 242979 223350 873104 562293 704398 949536 583498 561167 590982 261281 557409 666286 776907 916154 877620 1042357 700855 758686 529435 518737 436058 624594 214029 607749 817597 661427 287776 129945 587732 904711 843132 237037 584958 428664 385173 757738 541941 867264 883612 593904 592205 405676 892680 802044 555075 451057 918581 576509 954782 861711 586457 905559 689367 418998 168387 882976 631937 822660 105249 468092 472183 698479 412494 182125 747553 737187 180851 305090 851124 908470 936664 841488 1056865 572285 949457 968826 620097 1041475 78770 739612 599305 871686 296588 707639 522947 129368 264449 202103 368147 735238 197772 600826 707955 730466 860206 434840 504940 187419 566057 1082927 779429 412561 392297 920263 748418 522877 600303 671369 1068591 646336 938399 712243 301769 307144 594028 108743 701797 652062 1033246 232750 618110 1017427 71509 679459 610796 1081214 733220 543535 447033 979293 786732 588123 898080 583451 513288 874860 563158 992147 290503 100681 567590 261224 596437 413552 1047578 725999 568745 110033 614393 963461 294211 511697 110126 402321 364713 304925 617116 850344 620577 848116 572945 599259 887549 228469 706877 712568 737204 170859 822205 1048033 529235 302953 405503 491753 899776 1028480 563212 62639 1006847 809345 489145 510905 689247 535857 945704 500295 580652
 692772 1 592627 848557 697780 814370 716076 462989 447907 613196 585144 400537 761890 576321 489775 264636 641371 503531 470890 366161 144414 816439 561390 339214 686303 959477 1028271 673627 561453 692070 66076 429660 784751 383088 405937 543602 591095 675505 489005 420299 582399 285948 951614 822762 709387 218008 791094 789691 922965 295502 601122 534863 106130 367342 761464 847492 789088 386502 309432 870045 227452 340346 1013047 690643 725928 593537 455325 525564 709999 584177 647545 605156 372666 283914 617560 764964 790326 292193 305557 542699 473602 932357 574951 485260 876015 520522 221868 479622 703350 730422 597319 672335 444822 313836 425029 416628 579119 400267 820331 562811 853550 349597 846741 886403 668827 344336 373919 922055 612506 244865 566131 220386 599692 101295 449993 385744 269592 312506 609660 850100 520960 591890 184468 554372 401653 678824 432515 455946 801384 209006 159559 530869 676826 75392 500272 755430 604486 591834 584364 130024 529934 316909 572947 863210 276711 462122 201485 847533 988736 234267 400671 547884 597604 144992 562259 668336 640790 612598 733386 744775 749606 559645 406545 625861 277780 605421 779218 628963 747857 841818 193542 336050 464583 282029 636470 634730 775470 572039 390320 556707 856645 744372 507655 182675 805552 329231 284059 232162 446650 701386 655427 468296 319627 792726 337277 479441 279367 720596 500886 129690
 774982 592627 1 871174 249871 508523 608984 394465 148806 80880 306552 511758 400493 533284 584266 476256 261197 95406 333271 262252 623080 409145 514143 301179 199886 454732 470265 106103 379740 174781 618857 264951 434286 381074 207552 563932 183778 82953 129367 686871 754416 329363 378506 244280 602912 741685 518595 554304 418641 789266 106068 180286 608139 255954 507548 258891 221261 267656 427656 279514 393248 505375 476573 278692 147899 97425 364222 657964 127127 154908 58821 760785 813920 430034 103970 505192 729825 876002 885512 754218 482234 376976 177189 299676 310331 447104 401867 323692 194140 287552 345347 816094 152206 839846 281263 542198 70533 285905 851229 511188 803228 504620 334874 889125 245485 250856 225587 359669 366837 437626 588802 407819 407314 571313 372581 766407 552880 894362 280052 442220 107752 391880 746015 234485 192044 526104 505729 197176 848673 388634 433888 396565 582842 585887 404550 843620 114910 180949 419287 722482 232282 734932 275311 322846 800138 272908 416443 511332 438084 395114 486339 484700 737855 504068 514266 249288 402421 341697 201617 348094 744675 164719 429673 501986 393389 767183 528555 440357 580113 418373 544806 869690 211068 341426 220903 115894 672148 69359 203862 42803 859883 158685 446982 497808 642094 468429 407227 579115 489375 310235 712516 424370 335045 468464 340001 120318 370344 173445 274889 630468
 157606 848557 871174 1 686653 479648 270834 505598 797884 950639 567009 1148458 564221 346600 368273 1019141 633609 811199 1078372 709181 718444 616405 367158 687592 734610 790172 935703 968820 1168097 771029 914578 645674 544844 566425 744311 339345 693155 902393 768727 445023 283543 724139 941298 900521 275565 741510 440988 392287 777857 695762 969887 997964 750779 717621 427338 951258 861699 678114 593271 975841 720046 1099638 875479 646944 990223 779111 535571 322995 968099 720067 913143 258426 618104 616163 784134 433459 156087 901632 890492 333423 432451 883891 1019006 1062487 886452 1189740 716624 1077153 1064665 673301 1162013 206513 857225 751287 1000034 443653 801349 644577 28307 369148 109201 515788 772265 41715 667923 837661 857253 896931 509672 651269 311510 710875 1207696 933273 530926 544864 1069683 901573 600286 616582 773564 1192877 803319 1054777 834718 353881 446409 705287 51163 845386 799658 1162234 290007 774256 1148878 112470 766374 696199 1207975 890824 639934 602469 1096915 826917 742287 1023708 729382 516543 897308 706583 1133566 396091 257690 720194 366771 663329 479506 1166544 789423 612835 126914 706682 1101487 369530 652925 261590 416222 434971 323674 638504 1001384 771062 969615 710289 673997 986501 222998 801848 836578 836925 28150 893838 1181676 681285 289076 550500 633744 1051306 1167929 618949 195835 1141378 945966 508763 643436 799266 675253 1035896 602941 737990
 624730 697780 249871 686653 1 264947 415832 315455 296687 324837 157341 732449 154192 389814 486746 665423 71199 259716 571485 333473 675270 160430 376164 358604 54203 261718 347532 315435 627636 90059 742632 270307 187431 356821 305385 439361 110133 239279 242134 631990 643869 412747 299078 218416 411256 784867 282283 324498 225220 810071 353779 427519 674528 333790 278545 268050 177415 311287 432507 293859 470682 713666 319778 39747 320242 160486 297507 553678 300338 127499 264228 642282 806220 448838 146656 274599 533823 946401 950675 660013 388491 258277 427060 540389 226294 689434 476863 563425 415415 39706 595146 683152 345316 870231 507770 476710 191054 300762 671674 372242 601928 473027 152964 696347 31586 411560 402372 257832 191722 476236 456790 479366 656660 710872 307100 740839 741833 961182 115698 194780 217132 641146 809066 483574 361980 333523 432703 246015 675130 528313 545537 641529 400888 664420 645797 685489 141057 110273 667781 818642 170309 732058 524966 185255 834259 508722 496845 262821 304770 465137 708252 351620 617667 571374 375862 34152 211590 591542 102823 99284 566339 145506 654540 330588 432548 649942 297475 260105 369336 173409 713301 901087 443577 415759 61311 354651 469447 196954 372743 240505 670087 209548 687793 548330 423441 452131 435305 756662 719498 70179 563719 660485 528865 224198 368072 270773 422697 374689 210471 688925
 470621 814370 508523 479648 264947 1 234404 353052 513214 586672 250036 948674 111040 303553 431814 856976 250836 493935 809786 494839 745523 141526 304302 501477 319114 311435 456158 580366 876937 354114 871643 412919 79332 431317 493365 362462 333768 504187 462644 597029 539531 558734 465925 447697 233998 833426 42021 88046 298235 833336 614311 678955 758323 499459 69506 497740 414715 462146 507218 519507 598342 919147 396917 230847 583541 412666 359095 473626 564338 361867 528629 527972 799980 531707 404865 63006 324933 1008402 1007121 573719 372353 407159 683996 782061 418816 929654 601209 803470 680361 234792 850054 544644 571883 897672 738578 464005 442659 434940 472442 300711 378534 499235 300843 477956 263326 609586 611415 422277 205372 569801 363628 600347 909136 856659 364412 722800 928662 1018572 249162 137021 448253 893481 874887 736954 574096 186109 425042 431545 483665 694098 686975 886023 245142 760748 885523 513621 394105 335952 917904 915564 334741 739483 779568 356545 868792 746937 621455 44186 417691 588037 926488 298995 504968 671139 303492 259380 173763 848154 355601 167217 380106 365203 877487 226584 537987 536136 68317 190979 165997 160163 884017 926952 682194 554168 288556 617967 258765 446968 582305 490771 457304 466477 926164 637136 191135 500290 530341 932511 945439 198710 421091 894209 734285 40767 484730 496230 541898 639101 336329 763396
 236249 716076 608984 270834 415832 234404 1 283856 553591 689488 302449 946006 299817 139777 248914 829683 363761 558132 847583 484254 614319 358022 155761 472258 463947 541788 682907 703116 931126 500465 780078 409454 285395 361552 508369 180365 427424 634532 517128 404046 313881 520110 678214 630476 7153 678673 192426 150075 524100 660842 710924 749134 636946 491804 170000 681116 591266 450410 415727 705956 535652 904301 626923 376135 721906 514380 308404 265419 700022 455291 647497 299278 610500 441786 517451 176768 121031 854122 848913 353917 243447 622555 766062 827230 619626 964184 535014 844539 800646 403349 918130 310595 614902 724560 769954 308199 538524 416588 256351 154923 194347 367863 508253 282589 397297 614391 628245 633619 242777 481628 166655 531237 968839 781875 307209 530615 891296 860555 332562 365052 517229 953524 730367 807362 599654 83875 284280 459905 261818 654336 624385 930349 39430 649639 921379 282723 500422 430424 971998 793198 382354 562416 850357 561738 701958 788849 552271 277307 642353 522763 927741 174837 277753 572812 154931 392695 210097 920719 518619 344912 153293 444504 888056 113634 466639 307319 166091 168638 69430 383115 832145 751448 729893 509383 404638 724870 67754 539783 603772 577542 255062 623212 957684 533899 95325 387410 451413 882889 956529 348424 188147 919773 733167 253832 436090 549652 482065 769374 352554 633956
 387895 462989 394465 505598 315455 353052 283856 1 295481 467568 160608 662345 317434 160308 190616 546575 244425 317655 573797 204945 395164 380492 139730 188920 336102 553417 660312 499786 662558 362792 522324 141748 333874 82221 239010 173869 250914 448403 274798 318152 360367 236488 613796 516468 276703 491395 328190 328074 521346 504653 481329 496153 405838 213128 298477 560426 474450 172839 154296 587085 258153 620499 624909 289115 533989 319034 31133 264051 511441 267880 446691 366320 492592 179221 333575 301999 389522 662987 663704 363801 87790 573473 520576 557022 539266 687357 259020 572130 586057 332414 657074 422651 353051 567211 495467 162830 331461 139084 481750 138405 463484 161665 463448 531790 284329 335025 352523 573191 160455 218181 200743 256556 702098 513597 25328 425547 610094 674891 200422 409858 287813 687285 527076 551650 329123 225386 119943 206432 474021 371981 348355 657531 246172 407708 645575 458647 313832 253620 702557 562642 173851 420542 593136 500614 534002 518245 278037 388746 617052 246104 644401 112750 343456 318770 140244 281343 181494 662203 398487 317941 380556 245019 606116 175288 191637 372735 316407 166032 296411 408804 554412 597736 464234 226365 265653 503461 350961 329299 331074 354400 500660 471984 680009 284140 359799 151170 180600 604812 674255 284278 326889 640846 450574 335131 152653 301588 202322 567694 124521 412341
 683148 447907 148806 797884 296687 513214 553591 295481 1 194816 270457 439570 419081 451400 474954 369512 269572 55670 299950 120081 474358 449980 430927 158712 265347 545754 590430 245449 378125 259436 478938 153750 451215 258570 65479 469175 190409 230111 54581 556651 643329 180893 507328 376090 546795 593006 511151 536206 508333 641785 198755 200719 459413 112502 492050 399590 344624 135541 290374 422316 244509 417489 584760 308305 293466 154010 264512 547828 274121 169210 206943 653121 669956 288867 177583 491685 670178 728176 737326 636192 379126 494420 225995 275886 433468 419509 253161 295127 310203 335827 365263 713663 61632 691499 225993 421883 133759 163113 775051 428810 745031 374152 425618 821447 276703 118442 105703 481262 328881 292083 496208 259212 415322 436194 270622 626516 446353 746308 264060 485686 82130 399968 597435 256911 65294 476776 391062 93735 768537 250261 288395 380235 521127 437658 375553 754060 169342 189339 419201 577163 181803 590969 299083 430021 651695 238444 267642 528472 553594 246702 416253 401820 631794 355267 431278 278525 367724 368950 298480 378191 671461 154640 365211 440329 249309 658719 513785 392299 541103 467574 423659 721230 176846 193513 242697 227327 620654 126352 76214 109614 790784 296469 414988 349765 606674 335090 264952 464166 432638 332863 622358 381499 232204 477247 202634 31830 224677 306418 201323 481662
 851464 613196 80880 950639 324837 586672 689488 467568 194816 1 387142 475514 477566 610826 655658 462158 341231 153006 286156 314786 660516 481630 591379 353520 272589 507268 501884 61966 316495 243048 631403 332462 511250 446265 259718 639157 264636 107079 194342 749302 825736 371422 403963 273127 683370 779032 598066 634507 472791 832124 31275 126951 641600 307308 587711 272762 261367 326856 484692 287619 432503 478219 517806 356011 114752 177993 436807 729347 103275 235787 69455 833233 863849 483683 182079 585223 810243 902507 913583 822927 554954 413792 109683 250757 344754 391742 441364 275045 118763 360980 275824 890176 171176 879199 250088 609317 151345 349741 930341 588549 883786 566482 391143 969139 323353 269866 239351 393385 447574 485823 664597 448047 339702 578710 444677 821328 536313 921766 360923 513496 180214 324712 777172 171157 216039 606761 574918 264131 927269 404543 458646 338421 662901 616071 351434 920674 194851 261796 354116 742930 310868 784942 207931 369776 839061 231988 453320 587546 474614 436593 449801 561842 810736 540866 591541 327343 483280 269977 262185 423953 823974 245001 392412 581839 443822 839394 608601 520903 660992 488481 539505 908307 180224 385359 300465 36093 752878 149724 226085 114352 939746 188039 393507 539952 722914 528384 459739 568067 445896 387987 789188 376675 325744 546339 396677 174277 418636 112337 351316 665785
 484270 585144 306552 567009 157341 250036 302449 160608 270457 387142 1 699958 177275 242615 330288 607105 86427 262619 570351 245767 540837 232161 226492 256211 186939 394938 499797 401868 645325 219051 637619 164880 202776 214886 243966 286985 126177 336183 224936 474965 490830 314024 456376 368671 296418 644383 242477 265750 361931 662877 409187 454417 545562 249972 221848 415853 326520 214038 294008 442390 360649 669288 464661 128624 424284 212357 147300 398694 401941 153228 346184 491028 653188 314314 217340 221782 423355 811963 814336 504411 231172 413909 467658 545369 383422 689965 364905 565265 498526 171832 625858 536481 331379 724607 496137 319918 236077 189793 548339 222817 496677 321330 302905 583355 127379 360102 363675 414778 61096 347458 306888 365423 680629 616186 156273 585766 679300 825248 42014 265150 218997 665041 674721 513188 327819 219639 275780 183236 547776 446709 445974 649901 277336 540951 645998 549377 199378 129227 686560 697387 88667 580729 556446 341407 690181 508495 385505 273504 456510 352005 678234 199626 466599 447930 226336 123830 98983 626715 249253 163108 441455 142339 630637 197730 308423 498449 243549 133813 276720 258703 636972 755317 445461 311593 116780 422445 365866 237419 335169 276103 554524 338506 685382 419205 340891 305232 305929 684714 699066 125036 421908 651270 484897 218845 248010 258860 306126 468893 87901 556339
 1005671 400537 511758 1148458 732449 948674 946006 662345 439570 475514 699958 1 858273 818187 782778 140923 709085 472870 194556 465315 533834 888876 798378 473773 693916 965175 976472 531312 230020 678409 363832 545936 890008 588302 456056 810921 629488 578476 493375 775670 920386 427853 879398 747445 938860 618180 942225 961140 928535 696039 447407 349609 496477 458716 919890 747862 730776 499732 555503 761165 429229 60195 987668 747269 578528 576335 637864 841213 574266 606411 540385 939072 770943 533564 595933 920528 1049681 649891 668515 891454 719876 886043 377901 229645 817748 150647 433395 206974 500321 772095 286145 1007407 387143 710723 230500 709133 547727 532421 1121850 797839 1122309 638063 844377 1180299 715008 340268 337483 866917 752910 501328 838329 439704 252981 303681 638799 773464 142988 671461 700599 924455 515609 253277 577458 322286 375889 881040 702088 517185 1108337 303874 358206 190818 908517 460467 158716 1075474 594998 628234 230516 486854 613935 708622 308696 834577 675391 243531 423009 966675 947229 442621 25714 773909 924858 459543 799034 717122 790889 303826 710897 817613 1030580 594002 83103 835009 495546 941677 941289 804285 950739 905278 210732 729948 300975 440326 681498 473435 1013281 540753 366923 501306 1148967 661072 138139 491583 1016265 600174 514887 191138 55839 772409 954426 118945 215828 914325 511521 462415 473558 541567 617861 523871
 529451 761890 400493 564221 154192 111040 299817 317434 419081 477566 177275 858273 1 322180 442434 775630 149931 393770 710319 419115 710735 67057 315711 432650 208270 254942 387693 469596 773333 243088 814858 340438 33812 385662 408347 380164 232314 393278 366268 603812 576319 490423 378480 342954 297024 808814 133434 179978 230811 819265 505777 574075 718233 422353 138103 393600 307756 389006 464851 416646 537919 832793 336898 121801 472555 306115 313882 497418 453301 258977 418290 569141 797944 486926 296534 132593 408228 980062 981064 602963 362014 322820 577007 681210 322393 829779 542126 703312 569507 124005 744130 597454 475185 882612 641633 456860 336556 366611 553165 311665 470082 476621 208625 568017 155162 523352 521287 333905 157014 521927 389320 542541 804290 793098 321397 724670 849617 992222 161155 92559 348336 788673 843659 631465 482399 227811 413892 345365 560767 620935 622982 784354 296721 715644 785732 581720 287118 234127 814034 872089 249592 730743 673669 262786 850442 647264 562722 111646 345825 529196 835214 300350 544864 623156 315092 151555 144658 741519 245426 56312 452893 266181 784183 247541 484512 577244 153189 186043 240561 96065 810942 912862 582073 488568 183464 508223 341481 341382 491610 385460 544451 356299 827012 592822 284339 468510 480692 857782 851228 90664 473177 796790 646739 70299 425083 398903 483229 528064 264240 727168
 242979 576321 533284 346600 389814 303553 139777 160308 451400 610826 242615 818187 322180 1 128504 697170 323776 466863 734084 365210 477149 388803 20633 347277 427514 577109 705841 635105 822394 461006 640305 299118 322445 229926 397994 59288 364906 574621 424059 293620 256975 390354 680784 607334 133067 548025 265713 242291 551838 537737 628011 651734 498462 373424 234856 655870 565587 333096 277485 682160 399954 773861 658321 353381 662581 446475 189495 175346 640000 388959 579985 253188 497906 303354 455521 240958 231500 724201 720390 280859 104205 631152 673735 716988 612844 847545 398700 732336 727386 390933 815441 294255 510626 602114 655761 173279 465257 299249 323674 22614 304466 228737 514876 371695 363618 495098 512819 636998 198114 342932 68164 394492 861687 642749 185511 419900 756321 732007 282469 407667 431405 846773 596844 708310 488764 121411 145189 359201 317953 521302 487512 817793 100511 510272 805853 310478 436481 367948 862537 655440 301216 441222 750362 562519 576317 678225 415225 346997 662996 386816 801164 49665 228536 433070 20195 359419 185280 819950 488651 349267 220686 371620 764661 77598 330674 261008 243876 137743 179511 417426 695244 630405 623237 378310 358814 646907 201667 464738 491078 496481 340655 581120 840091 394127 230808 247682 314413 746030 832425 334260 180349 800705 608812 304753 306742 453738 348114 703123 259761 496598
 223350 489775 584266 368273 486746 431814 248914 190616 474954 655658 330288 782778 442434 128504 1 651482 416525 503850 728819 367271 373297 509490 128603 338152 516109 695946 818613 689919 822898 545964 555630 324140 446257 218926 412854 71307 438037 638925 461555 165215 170183 365091 784579 698072 243537 430088 394212 369713 668476 413049 667602 672872 400091 376057 363313 744092 655857 341745 227728 770749 353553 732591 774878 454123 724603 509426 220187 73725 702057 457019 637152 178239 369637 249231 523315 369370 302039 605275 600003 174953 103466 738691 700733 717517 713009 834446 349597 729285 774400 495061 825067 239734 527823 477140 651448 75530 522039 311908 340888 132463 363775 147577 623844 403038 457512 487750 511841 741938 301550 283232 82829 343563 863861 568629 211692 291412 701438 611645 372297 530965 476994 849832 483161 725551 496820 249417 85817 391953 325985 478970 431442 812264 213957 418128 795512 294077 503587 440882 861139 552286 363218 315308 765226 667667 453386 679204 361566 475050 775347 340157 768969 142342 156940 354670 129343 453818 299484 832181 578764 462557 260435 434979 740150 205291 288347 184045 372278 256582 301928 538466 633648 504754 632174 350070 445129 691286 296953 519783 495989 543567 372242 659621 825414 315274 344218 182836 268430 683801 805135 440414 172577 784046 586281 431318 290634 485673 312622 757674 314576 393214
 873104 264636 476256 1019141 665423 856976 829683 546575 369512 462158 607105 140923 775630 697170 651482 1 630596 414441 232664 362711 393795 814284 678019 362546 634574 914097 946033 523268 310135 625917 237230 445017 805481 468333 367369 684649 556919 553438 423717 636097 783447 310267 854598 720366 822539 482535 845724 859515 876743 559231 439562 349439 356843 357675 820987 730337 696658 396279 426471 747725 299725 83353 947881 673646 574955 520176 525011 706953 565402 538051 517578 802794 631769 403029 542474 822409 927992 531884 549104 753033 595925 851726 386375 257816 786189 257834 302670 244001 519061 704108 355072 871294 330556 577901 218988 576802 495098 426369 992067 677887 999213 504978 793327 1052350 643581 254308 264231 835416 654781 368332 711535 308286 344840 174212 524538 632672 77240 553431 614708 850065 451183 339402 446189 345376 304607 770194 573412 430366 977454 175882 221538 275454 791238 320766 242892 942082 537090 556259 326943 364095 526243 568220 349604 792568 541259 249628 289917 879662 912462 313180 137021 655394 789470 319508 678733 644933 691257 372010 662834 741071 904183 520900 145025 721614 368280 805082 841809 698443 840924 833882 91695 598904 283442 320340 609121 470826 896020 487639 293328 454793 1021148 634120 244744 352656 905474 468743 386490 106551 182536 695086 823933 207413 141516 825564 393923 397870 349105 550707 520852 384542
 562293 641371 261197 633609 71199 250836 363761 244425 269572 341231 86427 709085 149931 323776 416525 630596 1 244304 560873 282805 610831 183987 309043 303216 104019 321688 417028 344430 626161 138882 689306 211716 182751 288890 263886 371198 83108 272529 216416 560797 575568 359520 370236 283967 358537 718496 257727 293287 286665 741470 367219 428195 612022 284561 246483 332129 242022 256650 365974 358474 413985 685051 385845 49605 358961 163943 227269 484321 337420 111036 289700 574868 735835 383627 160113 244020 484025 882354 885940 590342 317563 329068 434359 532258 297008 680508 419527 554091 444027 91919 599527 617963 325255 802185 491726 405512 193093 241287 616954 305211 554800 402820 220822 646268 40988 376807 372813 329015 127501 413051 389780 421339 658323 661470 236772 669923 705678 896604 44557 219690 198723 642666 744888 486326 333460 280013 361507 201304 618646 482916 493316 635852 344513 603871 636418 625129 146402 85191 667099 759304 111903 662133 529072 256191 766707 497850 439888 260693 373980 407284 685825 283442 550324 510497 308801 37412 154113 598013 164923 110515 510542 116264 634436 269738 370631 582417 267391 200242 325065 205415 671293 833010 432770 360600 41752 374464 422032 196919 343022 240378 618779 261339 677522 485366 384319 383184 371674 716664 701358 64510 500544 646958 498937 212211 306852 248972 363254 408706 144667 625164
 704398 503531 95406 811199 259716 493935 558132 317655 55670 153006 262619 472870 393770 466863 503850 414441 244304 1 316589 167187 528270 417731 446838 206198 222179 499850 537958 197042 384439 211478 533896 179911 426920 293269 112240 490840 161460 175147 42973 596988 673696 234413 453131 321183 551594 646775 496293 525606 462552 693868 163865 191954 514188 160694 480034 343964 290715 175062 334461 366647 298582 456205 534844 277041 242528 105863 286608 577434 222271 135534 154184 681818 719048 335654 128064 478907 677179 783578 792575 670071 404283 442217 208280 288150 380002 436207 307124 309807 271500 299406 363240 739979 86126 744639 248956 456336 81366 196777 789555 444312 751739 414208 378946 832419 243929 169757 151263 428229 323352 342312 517002 312927 418658 490056 294002 672780 491655 801619 247766 453002 45685 403027 652403 250669 112081 478135 422317 111909 784764 304551 344040 392117 528131 492937 392114 774478 123425 159659 425624 632826 176438 640038 293916 379612 704991 253553 322223 504944 501975 300059 448576 417305 659645 409584 447086 246455 361598 364254 248816 348340 684299 128733 394877 446597 298273 687824 501709 392130 538779 432907 473561 774548 188477 246184 211635 188000 623985 73843 124096 54430 802270 240885 433263 402535 603379 376770 312519 512277 460264 304551 642616 403354 274191 456123 246442 25068 274987 261228 208292 536046
 949536 470890 333271 1078372 571485 809786 847583 573797 299950 286156 570351 194556 710319 734084 728819 232664 560873 316589 1 369242 573790 731535 713481 392265 527131 787337 787935 339147 97914 506467 459786 438389 743506 513882 339218 740476 478034 391882 347550 763102 885623 365750 689376 559282 840618 679860 810019 836087 751573 750429 256638 159220 542086 360867 791696 556392 546024 400992 507328 568578 396285 212646 803174 592445 384964 411160 544880 796262 381852 451589 353589 900397 809552 491940 427548 791164 960765 755228 771077 866358 647112 699731 184082 35640 630799 119911 403537 12617 306337 610953 126487 966278 239079 780295 78353 662028 380839 434887 1053718 712025 1035397 597548 668021 1105503 558939 241612 221283 679523 628752 471046 768364 411168 139550 397138 548573 792576 290282 776503 561645 766233 362154 127864 654990 127796 247973 773675 643315 390948 1044090 292602 361402 83883 813125 507794 75793 1021002 430541 476193 132981 586248 481685 737014 119657 652704 741255 63062 402308 821532 760660 407638 169309 685812 882311 469833 713977 561769 667598 142204 534887 663903 954190 444965 113823 733965 447961 904543 813440 690536 839598 744487 324087 804704 128334 381597 527618 280617 915206 374660 243973 331755 1074318 473910 116705 489951 905389 556233 468516 333234 159874 620782 892269 91260 161504 772426 438682 313727 421041 347012 498741 570287
 583498 366161 262252 709181 333473 494839 484254 204945 120081 314786 245767 465315 419115 365210 367271 362711 282805 167187 369242 1 367326 464993 344656 39040 320162 594909 663050 363613 459621 327303 409184 82315 447136 148407 55301 372098 225282 338914 136520 437645 532328 80255 590073 465741 477158 484759 483021 497927 558071 528246 318437 307476 357630 8788 458534 496719 429178 34417 170439 521296 142636 429003 646896 330585 409713 234195 176956 438412 389339 218236 321063 543964 551866 169071 257559 459829 593810 630710 637901 521653 279022 567453 338112 353862 513581 482432 150165 367995 430129 367995 458304 606991 163009 580720 290891 308211 226328 67704 684676 343347 668063 255856 480770 736328 305779 130400 148080 558306 292082 175646 399905 154488 499818 378783 179891 506716 433825 647566 258589 500206 166407 485324 496073 358634 129550 416177 281690 89889 675540 201828 212065 453080 448091 341092 440644 654978 242356 225903 499109 490624 171676 472854 397976 497508 541508 315134 168518 519248 623035 140507 445662 317488 523801 251738 345179 305791 328788 465036 368789 391477 584994 193492 404014 371644 131138 549051 479504 339119 485531 487852 391874 610974 265089 86586 272384 347392 551964 220224 129117 220036 705120 394448 475179 239173 551171 215991 145519 439139 472641 346056 524824 436319 250165 464603 83273 142901 108809 426004 158519 377053
 561167 144414 623080 718444 675270 745523 614319 395164 474358 660516 540837 533834 710735 477149 373297 393795 610831 528270 573790 367326 1 771340 465446 331281 675099 932323 1019255 716850 669449 688360 205883 407604 728767 326148 418372 435301 577462 703213 502997 280559 444947 293864 953140 832092 608104 118721 716850 707582 897496 178035 654859 605775 38544 371764 685866 864024 794434 375633 246853 888616 229850 474208 995044 660179 766746 600979 396938 397475 748081 577692 681289 468547 238977 227315 623957 690313 674881 271558 275415 402765 381104 925417 644789 581415 876209 640811 221214 580585 764021 702681 697558 534429 489767 218891 515283 306335 593530 377051 690138 467641 733331 250482 828108 757571 644305 395753 428257 918795 554644 199623 454344 215347 709746 244497 389341 242428 410212 285920 572786 802471 533556 700049 134094 636465 444878 590119 332644 453000 669826 284135 216053 643056 576170 73680 614990 620664 607789 578904 697192 179213 505370 175190 662170 853329 178658 552211 207438 782936 977569 228396 530675 457974 463237 119673 466347 642837 576426 711201 729618 703937 627544 551431 527755 537534 244723 468108 701277 554853 655353 798758 333800 247793 539339 282719 615407 687597 668401 587288 435544 582637 728729 761742 628504 129046 707656 245285 240037 375414 575680 664409 529430 587242 413337 729928 309055 503203 260369 772287 466182 19939
 590982 816439 409145 616405 160430 141526 358022 380492 449980 481630 232161 888876 67057 388803 509490 814284 183987 417731 731535 464993 771340 1 382656 482284 209481 188748 325225 465058 787865 239156 867386 389706 72633 445317 447866 446992 259583 388154 395716 670747 642011 539599 325531 309743 355902 871584 176171 225056 166806 883958 511406 587740 777295 467302 189878 358978 279673 436943 524683 379809 590481 867165 271869 141683 460487 320851 374659 564119 443153 282687 417614 634247 864155 545847 306785 183479 460504 1041639 1043180 669431 428367 267547 586114 700685 277402 849741 595248 723624 563159 121681 754416 660579 502259 947050 666591 523169 351457 417571 607199 378617 518021 540889 159319 617105 173978 560200 554705 281518 220932 579561 455661 596212 816408 842538 382650 791261 889562 1054252 207733 35796 373676 800941 904800 643416 514808 290585 479970 385270 616408 666117 673180 801959 358510 773108 806044 640742 301417 260729 827887 929548 293335 796319 684456 215024 914363 668666 615827 119336 284351 582537 865082 367397 610094 680082 382030 171762 211378 750259 230029 73650 509818 295378 812262 313542 540449 642376 200250 253061 294760 29070 855005 977416 603434 539161 207403 509428 393610 357280 524869 400922 595204 338576 847968 651161 330393 531028 538059 900589 877987 119555 536064 820124 681262 107767 479192 426507 537084 518285 315747 787320
 261281 561390 514143 367158 376164 304302 155761 139730 430927 591379 226492 798378 315711 20633 128603 678019 309043 446838 713481 344656 465446 382656 1 327009 412403 570262 696805 616380 801762 445391 624971 278531 318080 210277 377373 65086 347398 556657 403994 293391 268315 370612 669201 592952 148853 539664 267880 247930 544057 532224 608285 631323 485641 352856 236622 641120 551058 312491 260098 667502 381471 754380 650593 340452 644511 428142 168863 182625 621907 370972 561383 266121 495702 286110 437687 242434 251354 715865 712603 289168 87898 620487 653506 696357 600338 827023 380429 711717 708182 378951 794864 310023 490073 596659 635162 164655 446433 278633 344125 4083 324614 215719 504469 392327 349266 474601 492223 625655 184951 325899 80742 376386 841058 626115 164912 418582 737743 724197 266986 403028 411753 826147 587090 687832 468132 127163 132803 338860 338139 502194 469495 797184 116335 496367 785297 329478 418530 350428 841906 643106 282327 436673 729851 551136 569834 657594 397254 347147 653791 368408 781223 29573 241513 417562 903 345151 175547 799409 473951 339918 241310 353120 744450 78124 312235 273780 247290 129802 189913 411495 677285 625336 602624 358755 343101 627468 219365 445778 470449 477028 361286 564806 819600 378880 244357 232240 296370 728063 812278 322637 198666 780264 588630 302736 286866 433501 329104 684447 240139 484728
 557409 339214 301179 687592 358604 501477 472258 188920 158712 353520 256211 473773 432650 347277 338152 362546 303216 206198 392265 39040 331281 482284 327009 1 349632 620276 693831 402646 485123 359317 386107 92597 458982 121654 94313 348704 253008 377337 174668 400746 500570 57816 623350 500848 465114 448031 486522 497686 583816 490047 356552 341495 323430 46212 460489 533076 463501 47344 132737 557918 112186 433490 675241 352123 448714 269729 164168 407880 428287 249082 359977 513190 512851 130180 292680 462347 578012 596959 603533 487842 255327 598697 373451 379558 546598 502149 118728 392050 468384 391348 487258 577347 198397 543169 314293 275748 263550 66676 662446 326109 651600 220007 508411 716177 329634 150668 173690 590475 296460 137194 376615 121938 525911 360608 165061 467849 430348 613388 274571 516946 203857 511780 461438 390849 161570 408593 252340 122065 652181 193078 190900 476073 434949 308900 461470 628903 276669 253967 523815 460945 191357 433842 429082 527880 504152 341138 138389 528572 653222 107671 455553 301276 493719 217759 327604 329196 331296 494866 400798 409356 564937 223439 417478 361458 92277 517985 480910 335958 479009 506367 382576 573533 295050 57413 297297 385867 539614 257661 159162 258872 684853 431262 494144 202519 544009 179446 106498 431360 485457 364794 500024 454130 261756 473498 48210 181941 71197 464900 168493 341778
 666286 686303 199886 734610 54203 319114 463947 336102 265347 272589 186939 693916 208270 427514 516109 634574 104019 222179 527131 320162 675099 209481 412403 349632 1 280870 344580 261330 579322 36878 727462 267533 241354 366243 284592 473796 97639 185085 211953 654244 677767 400411 281865 181977 459062 787785 336256 377933 243449 818018 302079 379362 671266 319072 331730 228941 139768 302682 438010 255457 461387 678383 326922 91534 266443 117606 314300 585395 246329 102518 210603 677764 820197 451725 99584 327971 583097 944577 950023 690733 415030 250319 376666 495091 205527 643853 468255 518536 361255 88392 544987 721761 308265 876585 466472 498916 146909 298052 718751 408619 652278 487678 162208 745654 66702 383065 370349 244641 231453 475512 493080 471566 607191 691866 324072 758028 711557 960230 145547 242335 183405 591765 807881 434350 329973 380763 455644 230366 721189 506924 530515 594764 446753 658388 600564 728849 98981 96256 619071 810261 173319 744357 475121 178501 839542 464858 487558 316063 303630 457294 669284 386228 653284 566417 412190 71289 256186 540780 62703 152919 612735 126676 614522 373348 430469 685233 350978 303434 420223 218695 687697 907436 400194 405472 71036 301553 519531 153577 341344 195445 718848 159269 642801 546597 475758 462885 435749 729233 678165 123426 604561 617087 495597 278358 366045 236785 417412 320546 220047 687558
 776907 959477 454732 790172 261718 311435 541788 553417 545754 507268 394938 965175 254942 577109 695946 914097 321688 499850 787337 594909 932323 188748 570262 620276 280870 1 147017 469036 823495 288611 1004077 531159 259095 608445 563957 634928 370043 400538 492750 855120 830757 674400 189355 253521 540325 1038622 351938 399473 37429 1057587 538490 630547 933667 594936 371800 286974 249140 572976 686639 296513 732287 954199 85485 272198 443698 394001 542232 752292 433936 381921 437818 822867 1044017 705023 372165 365052 636200 1203878 1207194 857904 610424 133220 616883 753088 186763 898149 738370 777316 553040 230230 779719 847894 585008 1119511 734973 704550 420154 561377 783721 566201 686722 715066 121125 786157 290884 663796 650048 157339 399678 734728 644229 740723 844427 971014 551140 973194 991246 1217928 359978 176737 463634 829914 1066410 678422 609861 478374 660657 506586 795094 786958 806903 845465 545385 924923 856763 823700 377037 369687 860281 1079759 430664 973632 714220 139771 1085096 727595 758427 273707 114003 726525 939970 553605 798758 831646 569665 291647 396503 771492 254291 236532 690900 403803 883752 502239 692054 831003 377933 440461 475559 160874 968565 1150200 665498 677468 323022 524754 570190 427481 621422 464430 767057 324416 899135 807038 501096 700166 693361 1009891 944106 269904 723340 878581 774022 287967 627960 516426 683538 502154 466311 946807
 916154 1028271 470265 935703 347532 456158 682907 660312 590430 501884 499797 976472 387693 705841 818613 946033 417028 537958 787935 663050 1019255 325225 696805 693831 344580 147017 1 450759 806886 336208 1066178 611702 397693 704261 622931 761891 442098 398088 542495 972432 962178 743172 101600 229033 680962 1130856 495766 543948 158846 1157562 531349 628809 1015844 661256 513583 236287 249381 647080 779204 232096 805154 974536 66382 371202 411825 437503 644286 879380 409471 444985 436097 956025 1152635 794463 413514 506964 781042 1289112 1294396 985967 726698 96167 606669 752437 159935 889052 812221 776657 515463 327991 756765 985083 617065 1217500 747689 818546 456970 642298 928509 692723 833041 819812 196900 932527 379113 707662 688078 110626 517340 819636 773835 815741 821138 1026268 653765 1085508 1022885 1304658 460183 319614 510883 807882 1152308 667816 649862 615165 774297 573226 939138 840155 870576 834235 683546 1002722 850818 965563 424740 440806 839855 1153673 514666 1079160 697678 166080 1181236 733210 831251 419844 43383 801486 950785 677245 931609 910954 696292 381402 521259 745716 294966 356891 833771 470400 893447 633775 774824 964086 521379 568098 618217 299833 1010811 1248365 676687 749088 405037 509680 714650 464460 661932 492236 912963 315494 892185 890995 646758 799655 779471 1047600 947751 379375 860707 878041 804562 429833 710300 558931 761983 464301 557577 1031971
 877620 673627 106103 968820 315435 580366 703116 499786 245449 61966 401868 531312 469596 635105 689919 523268 344430 197042 339147 363613 716850 465058 616380 402646 261330 469036 450759 1 357917 227359 692879 370988 502649 486956 308340 667894 275889 76938 234473 792470 860006 425334 350997 224510 697343 835536 595928 635461 436277 886644 84710 181800 699153 356702 588732 217292 219960 371810 531473 229858 487709 536823 471717 350580 52845 189793 469760 763579 43018 248759 55685 866013 915153 532497 185831 585586 824137 962065 972801 860255 587575 366358 156104 303509 297207 438407 496512 327463 100189 348024 311271 920531 229735 935096 309232 648294 170016 391424 949787 613285 896505 609992 357794 984985 320011 329594 299742 344560 460406 537479 692297 502950 376098 640523 478241 869801 596932 981140 370753 494709 213849 361904 835523 217058 274200 619463 611773 303050 948314 465331 518024 383783 679190 674485 400104 945563 202732 272864 392960 803502 334090 836142 248191 329557 895078 288527 509413 576590 426266 490987 505636 587118 842926 597207 616458 324368 493840 302533 237105 414126 842956 263659 448368 599338 494265 872493 608887 534951 669063 468348 601299 964486 240408 438580 302692 58951 764289 171146 284772 148277 956330 144656 441427 594361 728740 573267 509130 629368 498874 382959 815032 428174 387543 539626 443479 220774 470052 68144 378748 722813
