NAME : domp90p30v1
COMMENT : Cherkesly, Contardo & Gruson 2022
TYPE : DOMP
DIMENSION : 90
DISPLAY_DATA_TYPE : NO_DISPLAY
OPEN_FACILITIES : 30
COST_SECTION
 1 899999 797879 173643 370436 383023 477355 760724 693113 284287 687426 292387 204001 429308 440260 513034 882373 205763 259612 367771 871145 735004 679341 725678 579555 529674 675876 1095341 833388 698474 484034 29251 879502 655991 397349 58836 707161 369363 326348 220538 912781 823488 516905 477742 690334 327527 858321 508207 499760 745732 351700 853183 314039 779668 201002 708951 366463 597238 793419 604418 281077 718985 572382 703092 134802 859247 435520 1088243 791711 795921 469396 555002 559456 588237 355475 367338 208977 499118 645078 1112406 485228 1082681 837544 718507 535281 501779 628960 776906 340973 314779
 899999 1 644271 807052 697681 883907 681025 284433 430973 621280 658078 763323 742273 841632 464665 415166 311331 752249 665562 622516 73760 838339 590182 266311 332925 378625 973017 308690 111673 254178 907056 889642 607578 536464 935850 873956 651247 561152 691658 697696 148068 111015 459345 800945 289406 931901 352736 964325 642637 967263 858936 239748 726683 377521 812855 938686 963470 474819 947176 310253 948745 281903 343000 270729 910160 229004 865947 418500 174638 213527 930903 794566 680501 497599 641650 840243 829296 796012 500741 383986 442332 376697 1055262 197471 365588 398522 508262 132044 910778 600683
 797879 644271 1 626811 882108 510236 323388 363702 878238 669024 115279 885425 597281 442721 617306 448222 359030 800853 566731 443584 688537 230006 125105 397665 482841 496988 406973 571577 534273 699997 458333 771313 101988 173143 546222 742127 93740 706475 471983 730874 522554 538233 377765 376316 393528 591929 309051 499009 298120 366523 514028 412283 484857 266751 863883 351683 594924 845193 325308 632815 640845 383027 474408 407430 710810 424231 457017 463060 475131 757290 491302 310782 245351 860082 809224 488988 884791 355971 905685 523879 674842 491374 433318 640561 575857 571202 215848 549480 563396 546257
 173643 807052 626811 1 433421 232162 304651 627722 686263 254941 515136 379807 65661 265988 381036 396390 742296 274224 142980 213479 790751 563497 510652 599664 474744 428480 518840 966611 725909 641764 330249 145675 711322 492103 261255 115947 535204 353448 159454 238349 795852 717636 379673 307967 564408 203474 712969 365063 329239 583617 196096 723005 141956 631934 309546 545733 247366 597491 627152 539484 180780 590526 465329 579542 105083 730529 276523 943767 676462 740904 322420 383817 386361 594920 389462 206030 326169 328663 655327 974160 444491 943005 679471 644662 458071 424133 469050 677293 204824 208211
 370436 697681 882108 433421 1 657690 626289 681905 361975 222807 797591 88333 395153 673765 286084 452601 808834 168076 363865 469158 644954 914823 758309 632609 466543 425330 923292 965969 673656 449199 747920 383586 931623 710305 692881 392956 810900 179662 485478 196981 767408 661105 509254 692691 603961 636802 805781 790797 623913 974400 620025 752271 502102 746288 178869 935256 680642 267893 1002932 393088 608246 634152 467144 607493 477168 753235 690723 1010299 657978 529150 746836 752748 699347 251213 73643 622722 182302 707783 297606 1011304 266584 988554 1076328 500376 373701 355184 669431 606425 637504 350762
 383023 883907 510236 232162 657690 1 222001 645594 863800 455301 396215 610341 262674 67669 538641 478288 734342 504632 310163 273499 886425 376788 422158 635121 562972 529116 292888 972240 784774 775659 101011 354000 608874 432076 51981 326026 417954 547985 211459 460722 833448 779807 424601 134063 603849 82962 693605 133540 262884 364591 37747 739092 179134 612740 541645 329112 88646 784377 416817 672539 136867 621907 551389 622028 255022 749174 59211 913780 725501 870594 90311 207274 274175 786286 605815 44984 557988 155197 846464 958300 610881 925044 454555 758303 585977 556129 429590 752486 55194 357184
 477355 681025 323388 304651 626289 222001 1 427778 738681 403499 210560 607888 282389 165908 419481 302781 512427 511220 270872 157328 692917 288698 213947 422540 381567 360380 328726 750509 576612 612520 226087 450037 412609 212751 270585 420496 230874 471718 157128 446727 617531 573086 232470 120105 393807 293215 471657 283301 41145 360100 211106 519631 163338 390744 568022 321917 310230 675268 379208 515342 333457 408387 369666 412443 387763 530065 189140 693394 515116 699844 251109 138307 82576 683116 559341 186622 588183 118070 739573 736640 491731 703460 463127 580769 432423 409734 207605 552429 265824 276119
 760724 284433 363702 627722 681905 645594 427778 1 559077 522434 374332 719487 569915 593581 397125 252565 128292 669770 502263 417600 324860 554334 306723 51657 215415 259566 695089 339001 172868 363604 650452 742726 342764 255495 696134 720169 366924 507303 483227 601620 190550 175460 248067 543661 78225 706676 126866 706252 386942 684696 627254 95925 515182 101547 736995 657400 731361 552848 662907 328140 734835 47761 215613 75524 732308 104719 616917 335331 111680 402818 677658 524695 410400 572384 610958 605251 756948 534919 604328 352174 422686 323471 771192 295099 310933 326724 232992 187585 681948 446508
 693113 430973 878238 686263 361975 863800 738681 559077 1 432478 834102 448434 626478 852452 326493 449492 661126 493334 559644 602486 360824 996061 774214 509429 396352 392399 1067281 737127 461525 199556 930178 696821 888472 714823 910704 695330 838745 334376 654390 475125 550866 449123 527769 843329 498438 874456 680609 983869 716183 1094545 828232 587355 684938 654410 530278 1057663 916412 96810 1101346 245446 864891 519636 405671 490288 765230 582567 875045 827201 480394 220010 941150 876831 784649 110837 343384 820424 538605 850064 77036 805255 253322 791988 1196258 272291 312788 330176 672299 400698 864657 506763
 284287 621280 669024 254941 222807 455301 403499 522434 432478 1 578895 216716 199087 461617 157271 271646 650185 147529 147422 246356 588473 692018 544106 479256 317621 267990 706055 841623 564270 414424 538136 279571 726891 500353 496635 271360 593309 98553 266471 80003 650028 553354 309240 474165 445724 450799 636770 585391 401646 753950 417790 607035 287121 567025 214949 714841 494146 342602 780738 320486 435214 476248 313216 454641 334053 610967 480652 857748 530372 512339 541233 531264 476921 340094 157391 416104 235256 488072 400569 871102 202562 844190 856391 435289 255902 223925 461783 503445 445237 128206
 687426 658078 115279 515136 797591 396215 210560 374332 834102 578895 1 793129 489318 328959 548025 388023 407428 703608 465326 342498 691610 180356 68044 395163 439760 442785 331199 637761 546428 670440 350299 660345 212702 125923 433882 630893 21756 627087 363317 635109 554588 547702 311236 262757 380977 477421 358288 395084 189563 311165 398989 444276 373483 293965 764597 286254 481891 790019 289718 590863 525808 379487 429605 397897 596730 456255 344329 547217 483624 739748 382990 202122 130607 802696 726101 373904 785297 243138 852691 602281 611915 568866 397261 619051 523069 512250 164601 547418 448877 452480
 292387 763323 885425 379807 88333 610341 607888 719487 448434 216716 793129 1 352321 634137 324049 477295 847669 105721 337612 454105 714907 895618 760405 672342 505484 459928 887207 1019151 729663 520908 705080 308852 943320 717066 641014 322179 808247 213711 457848 161307 821718 717483 523611 660639 641315 580368 839753 743833 611308 943733 573253 796378 468855 774663 93662 904730 623677 353181 977461 454072 546614 671974 504129 647153 408773 798518 648889 1052751 707788 605881 700538 726266 685403 337613 121858 579103 94466 677620 385591 1058835 322691 1034338 1044045 566137 420647 396826 678338 663584 584304 340672
 204001 742273 597281 65661 395153 262674 282389 569915 626478 199087 489318 352321 1 281824 316640 333469 687299 247681 77361 164188 725252 558161 476902 539736 410452 363649 535051 908169 662625 576561 353739 180285 676459 452054 300183 153911 508262 296460 126042 198305 734319 654108 322249 311346 504338 251728 660193 395646 299964 593611 224960 664566 123352 580168 294815 554851 295159 539651 631299 474070 238445 531232 401274 518928 168081 671684 297034 890921 614354 675649 351691 381815 364891 538370 343919 227984 313728 329841 598926 918812 381592 888161 692829 579001 392430 358512 425114 612944 247081 142637
 429308 841632 442721 265988 673765 67669 165908 593581 852452 461617 328959 634137 281824 1 525970 445503 676644 529260 314196 251165 848795 314585 357077 586869 528958 499495 253945 915058 739431 750204 77991 400058 541659 370485 107824 370877 350677 548956 200159 478409 783064 735271 384776 66431 557051 150336 634495 132073 206961 317818 81544 685522 174710 554555 572506 280277 153444 777826 364163 648579 202783 573032 517142 575539 308205 695971 24471 851775 678755 842642 91717 140737 209104 781683 616743 62082 590155 87578 841089 897962 599296 864570 413715 727137 562466 534713 371392 711366 122103 351073
 440260 464665 617306 381036 286084 538641 419481 397125 326493 157271 548025 324049 316640 525970 1 171845 524865 290775 242803 276581 431301 692527 498311 348936 181984 139246 745948 697949 413270 262827 603732 433378 655671 444313 586580 421942 557553 110529 328237 233091 502428 401772 239835 518714 318936 555083 519983 657392 402190 779186 503740 472330 359512 460528 354752 741262 595704 256003 792927 164504 552020 349401 181617 323730 474145 474530 548558 728958 385650 361943 614754 557521 475072 263711 214104 494817 372984 526726 320269 735029 73494 710314 882001 278309 101067 73146 401459 350079 542931 183694
 513034 415166 448222 396390 452601 478288 302781 252565 449492 271646 388023 477295 333469 445503 171845 1 379357 419153 259690 208815 409591 546574 332859 213329 84865 58452 628381 582492 329544 309741 518304 497130 483828 276312 530049 476781 394989 272968 277515 349977 401772 321449 78279 418524 178318 519278 365185 575461 273692 648453 449960 341589 312723 297409 486591 612606 553082 402027 652266 214217 533818 207976 73542 190203 501071 347000 469882 587201 281228 398364 537158 437258 337420 415077 379148 433554 506885 420119 464694 604044 226724 575888 749053 281639 136705 124422 233025 283563 499669 198707
 882373 311331 359030 742296 808834 734342 512427 128292 661126 650185 407428 847669 687299 676644 524865 379357 1 797628 622893 529355 371936 578082 346446 176229 342911 387791 738563 238505 216922 461745 724672 863192 303230 311238 782853 839536 393874 635207 591537 729115 170895 226369 365804 620177 206363 801908 50182 777805 471462 714263 720536 76445 621332 122218 864922 692463 822238 665954 681046 443917 835164 175696 343611 201372 845726 84715 698589 207872 181286 480154 754338 587115 477293 686530 738376 697079 884949 607852 713254 231884 547267 200865 789963 389426 436233 453812 305262 264060 775681 569820
 205763 752249 800853 274224 168076 504632 511220 669770 493334 147529 703608 105721 247681 529260 290775 419153 797628 1 240564 361458 712295 797053 675874 626045 462672 413709 782720 985832 703922 526028 599639 216469 865052 636676 535474 224887 719866 192295 357884 71310 792120 692501 453426 557666 592807 475522 784215 638117 518014 840583 467574 753431 366390 713847 67464 801683 519006 396646 876019 443554 443408 623395 458996 601283 309374 757034 543625 1005100 673709 619020 594843 625091 590657 385874 151156 473682 88008 575231 441241 1017543 313499 990987 940314 559334 391835 362543 600234 640799 478881 255336
 259612 665562 566731 142980 363865 310163 270872 502263 559644 147422 465326 337612 77361 314196 242803 259690 622893 240564 1 123249 647918 558022 442845 469340 334493 287049 560031 838867 587655 500530 390796 240523 638221 410029 353851 218177 482447 237824 121760 176307 661425 578851 257296 328876 433883 314854 598815 438709 277967 610685 273078 595750 139800 520606 299474 571543 356806 476327 641133 397624 309230 461729 325643 447676 244623 602322 333331 828633 540908 599468 394616 390113 350114 477106 303313 269698 320079 343975 537511 853330 310493 823371 712479 501738 315334 281514 378248 536745 305453 65293
 367771 622516 443584 213479 469158 273499 157328 417600 602486 246356 342498 454105 164188 251165 276581 208815 529355 361458 123249 1 618329 445667 320023 393756 293499 256488 472771 756436 531017 502344 328315 344471 516847 289896 324521 317852 359348 316241 69196 294034 592959 524259 171625 242825 359233 310465 499493 383210 157218 513113 242870 513425 104172 418500 422115 474297 344784 531254 535931 399538 326716 383248 282331 375700 316372 521579 274517 730289 476607 597102 341689 289277 231545 536909 402022 228519 442842 252410 595193 761232 350073 729878 616163 485646 313029 284163 261240 490502 291200 118799
 871145 73760 688537 790751 644954 886425 692917 324860 360824 588473 691610 714907 725252 848795 431301 409591 371936 712295 647918 618329 1 871699 623613 296541 324831 365203 996925 382031 157931 196014 917529 862939 660108 567168 938359 849331 686813 520019 686727 662081 217188 151625 464023 812914 312676 928764 409514 975037 656363 996893 859151 297201 721969 423509 770326 966509 962614 410718 981292 269305 941345 312176 336050 294834 891779 287571 873256 491329 213483 141500 939496 813578 701009 433443 593095 841997 785740 809972 432399 457730 399066 450090 1088203 153466 336993 371065 535035 144867 909246 582626
 735004 838339 230006 563497 914823 376788 288698 554334 996061 692018 180356 895618 558161 314585 692527 546574 578082 797053 558022 445667 871699 1 248382 575383 608074 604016 182211 799573 726674 842222 293021 706027 324190 304797 395184 676186 187913 756495 439260 734313 731894 728039 468302 257954 560289 457767 528038 314963 293642 137081 396096 621026 434830 470445 851039 122796 445496 943754 109787 757073 513255 559690 597205 577501 621031 633073 317578 692882 663946 915679 323695 180009 218505 954266 847224 374948 870640 236138 1007586 753859 761419 721288 216928 794400 683277 667811 340122 727297 431482 564250
 679341 590182 125105 510652 758309 422158 213947 306723 774214 544106 68044 760405 476902 357077 498311 332859 346446 675874 442845 320023 623613 248382 1 327138 378300 385331 393645 580554 478555 606278 390464 653514 200681 60067 464590 624793 65622 583874 353054 605811 488727 479730 258697 293280 313385 500137 298407 439716 182243 378100 419022 378996 369278 229582 739139 351823 510157 734096 357755 529714 544493 311467 368632 330142 599749 390897 375522 499504 415673 673528 422177 245647 148047 747728 685702 393844 760072 276566 796001 550827 559060 517259 465263 553229 465439 457181 101916 479503 471844 421164
 725678 266311 397665 599664 632609 635121 422540 51657 509429 479256 395163 672342 539736 586869 348936 213329 176229 626045 469340 393756 296541 575383 327138 1 166970 213229 706710 369740 156560 315697 647976 708913 385921 271395 686439 687479 390309 459397 461334 558937 199999 155360 222139 541138 35458 691833 178467 704676 382673 702117 614209 128413 494573 146089 692988 672870 718998 501436 684880 276643 716578 15722 168383 25207 704694 133690 610748 380552 93459 361188 673647 529631 415230 520874 562203 593293 712683 534413 553388 391997 371936 364959 792085 249111 260435 277604 241960 153221 668199 410908
 579555 332925 482841 474744 466543 562972 381567 215415 396352 317621 439760 505484 410452 528958 181984 84865 342911 462672 334493 293499 324831 608074 378300 166970 1 50244 702774 524021 254276 235466 600764 566054 501907 318664 614776 547814 443245 292428 361974 397619 334360 244911 149503 499338 137422 603941 339688 658103 349522 717473 534814 291739 397210 286104 529021 682869 637928 364610 716033 151415 617530 167655 11913 141764 578531 294741 553390 547270 213661 318499 620471 512688 407582 381072 395568 518289 548327 499569 423610 555526 211186 529863 816265 199328 100134 111449 276463 202550 584492 270527
 529674 378625 496988 428480 425330 529116 360380 259566 392399 267990 442785 459928 363649 499495 139246 58452 387791 413709 287049 256488 365203 604016 385331 213229 50244 1 686648 573877 303798 252484 573392 516515 525266 327301 580535 498702 448667 248342 323486 347984 384600 294135 136009 475018 181432 565559 381036 630291 331967 706858 499305 339822 358645 321641 480345 671050 601031 348944 710147 155789 576299 212121 45291 188194 531578 343325 523750 593681 263893 343154 591210 495463 395813 363224 353180 484178 499853 477292 410672 603898 180762 577689 807356 229233 80291 76026 284066 249930 547346 222446
 675876 973017 406973 518840 923292 292888 328726 695089 1067281 706055 331199 887207 535051 253945 745948 628381 738563 782720 560031 472771 996925 182211 393645 706710 702774 686648 1 967974 862695 937093 191913 646813 504552 439744 287435 618618 345932 786793 439593 729828 881243 862060 553843 232148 685364 358834 689486 180559 354691 81924 325036 772264 421200 623226 826418 63729 331905 1001924 148206 842321 414166 691143 691055 703734 547013 784095 242415 869097 799220 1020488 210333 191282 297171 1008699 863074 312816 843967 220402 1066148 927931 818870 894889 161670 899622 760561 738428 464811 852462 338882 586506
 1095341 308690 571577 966611 965969 972240 750509 339001 737127 841623 637761 1019151 908169 915058 697949 582492 238505 985832 838867 756436 382031 799573 580554 369740 524021 573877 967974 1 293123 548906 962897 1078644 492719 549049 1021056 1057042 622105 806418 821406 921612 198666 305919 586946 858639 405153 1038485 283128 1015648 709461 936652 957518 243647 852697 360719 1051495 918242 1059875 771487 896692 574670 1069950 377185 528879 392301 1071275 236582 937070 151412 312374 522007 992723 823946 715299 794015 901472 934360 1070294 846120 804017 89657 699741 103087 1004033 480758 598808 624903 543670 360806 1012631 780605
 833388 111673 534273 725909 673656 784774 576612 172868 461525 564270 546428 729663 662625 739431 413270 329544 216922 703922 587655 531017 157931 726674 478555 156560 254276 303798 862695 293123 1 264445 802583 820272 502382 425170 836506 802063 539587 518836 600063 643413 94795 12948 362528 695961 182823 837021 252063 859561 537363 855836 761687 140879 634551 267817 767942 827531 866582 483765 835506 281588 857536 171894 262329 164170 830475 132256 763553 365799 63477 265603 827478 686157 571781 505905 610523 741896 785927 689960 522110 348641 408182 332259 943595 192748 312376 341550 397914 67697 814671 524376
 698474 254178 699997 641764 449199 775659 612520 363604 199556 414424 670440 520908 576561 750204 262827 309741 461745 526028 500530 502344 196014 842222 606278 315697 235466 252484 937093 548906 264445 1 825018 693791 700128 546218 826250 683840 671868 334909 565593 482134 356434 251762 383291 727473 309580 804126 482572 881627 582749 952939 743805 387801 599880 461766 580851 918273 842302 222819 950709 103848 807253 327309 246895 298907 736763 383051 774270 630011 280854 99222 841794 746349 642860 245469 399449 730717 595209 729710 257679 611760 214356 596543 1051598 72827 190021 221606 505858 201636 788628 437205
 484034 907056 458333 330249 747920 101011 226087 650452 930178 538136 350299 705080 353739 77991 603732 518304 724672 599639 390796 328315 917529 293021 390464 647976 600764 573392 191913 962897 802583 825018 1 455007 559888 414000 103255 426973 371243 626459 278103 551674 840907 799152 454231 106918 619761 171147 680201 57515 265329 264998 134448 739835 251910 602612 639539 230723 152949 855813 320074 724041 227416 633586 588883 638420 355363 750721 57498 889894 740855 916390 32997 148236 247761 859661 692401 125979 656396 116841 919079 939800 677101 906243 353568 799704 638228 611074 421722 778071 148581 428987
 29251 889642 771313 145675 383586 354000 450037 742726 696821 279571 660345 308852 180285 400058 433378 497130 863192 216469 240523 344471 862939 706027 653514 708913 566054 516515 646813 1078644 820272 693791 455007 1 853905 631421 369064 29941 680229 368788 300484 221900 898090 810643 497406 448654 673493 299654 838042 479741 473268 716520 322512 835893 286864 758799 219765 679716 339166 601644 764171 597875 254380 701749 558456 686722 108158 842246 406313 1068364 777086 791890 440661 526019 531943 593667 363326 338088 229654 470077 651415 1093831 481899 1063790 808477 710969 526225 492400 605288 765058 312486 298426
 879502 607578 101988 711322 931623 608874 412609 342764 888472 726891 212702 943320 676459 541659 655671 483828 303230 865052 638221 516847 660108 324190 200681 385921 501907 525266 504552 492719 502382 700128 559888 853905 1 228776 646315 825297 190998 752885 553429 794053 473600 508565 422403 475447 390985 689820 256522 600984 382724 458072 610696 368338 569938 241268 930005 446961 694539 866180 410108 645736 737391 373289 495364 401251 799837 379581 556851 372401 449007 745512 592827 412022 339044 882956 858042 585520 951024 455653 923821 436501 706006 405188 514871 634981 600166 601230 265198 529578 661281 609906
 655991 536464 173143 492103 710305 432076 212751 255495 714823 500353 125923 717066 452054 370485 444313 276312 311238 636676 410029 289896 567168 304797 60067 271395 318664 327301 439744 549049 425170 546218 414000 631421 228776 1 478076 603568 125655 533798 332668 565832 442075 425579 204641 310896 255507 505778 266202 466636 174584 430873 423697 334477 353755 189865 701370 402404 520720 676244 414549 470062 545881 255673 309156 272718 586608 346088 391208 481709 361859 613997 444221 276386 166276 690306 637163 399010 722384 297372 737769 527645 503007 494204 521046 493496 407145 400179 43321 422596 478160 381383
 397349 935850 546222 261255 692881 51981 270585 696134 910704 496635 433882 641014 300183 107824 586580 530049 782853 535474 353851 324521 938359 395184 464590 686439 614776 580535 287435 1021056 836506 826250 103255 369064 646315 478076 1 342887 455471 591112 261079 496208 884436 831608 476562 171859 655366 71780 741352 111329 311690 364529 82959 789228 227760 660962 567806 331916 50514 829749 422066 722942 126739 673114 603213 673592 264263 799425 89624 959527 777065 921556 77473 237234 316756 830927 644047 96496 583033 190749 891290 1005326 658308 971973 447327 809759 636399 606184 477688 804454 57391 403996
 58836 873956 742127 115947 392956 326026 420496 720169 695330 271360 630893 322179 153911 370877 421942 476781 839536 224887 218177 317852 849331 676186 624793 687479 547814 498702 618618 1057042 802063 683840 426973 29941 825297 603568 342887 1 650851 364047 271919 220730 878375 792694 473797 418908 652026 274436 813473 453083 444179 687727 293922 813893 257453 733779 236303 650771 314944 601074 734892 586274 231519 679901 539832 665666 87348 820497 377593 1044041 757526 782439 413418 496181 502298 594176 367273 308992 248069 440283 652734 1070596 473822 1040297 780245 698191 512338 478293 578113 748086 285944 278361
 707161 651247 93740 535204 810900 417954 230874 366924 838745 593309 21756 808247 508262 350677 557553 394989 393874 719866 482447 359348 686813 187913 65622 390309 443245 448667 345932 622105 539587 671868 371243 680229 190998 125655 455471 650851 1 639043 382377 650953 544287 541351 319216 284449 377945 499177 344327 415370 208300 321640 420714 433568 393399 282965 781394 298613 503558 796895 295989 594622 547531 374722 433408 394395 617638 445596 365943 528790 477208 738950 403998 223010 151737 810055 739028 395622 802156 264743 859185 584746 620171 551412 404437 618766 528921 519404 166824 543192 470633 467611
 369363 561152 706475 353448 179662 547985 471718 507303 334376 98553 627087 213711 296460 548956 110529 272968 635207 192295 237824 316241 520019 756495 583874 459397 292428 248342 786793 806418 518836 334909 626459 368788 752885 533798 591112 364047 639043 1 349771 149256 609727 506935 330947 554874 429081 547756 629351 675849 462880 829347 510852 582756 374590 567679 251726 790505 590826 244055 850877 251567 533531 459626 291690 434191 431062 584822 569249 839486 494549 429798 631870 605514 538280 241938 106188 507262 268524 566733 302483 845133 121298 820655 932381 367183 207616 183120 492220 453861 541043 200305
 326348 691658 471983 159454 485478 211459 157128 483227 654390 266471 363317 457848 126042 200159 328237 277515 591537 357884 121760 69196 686727 439260 353054 461334 361974 323486 439593 821406 600063 565593 278103 300484 553429 332668 261079 271919 382377 349771 1 296880 660943 593381 239544 207743 427111 242184 559313 330058 174141 488957 178329 579150 35244 477505 412352 449814 277807 578019 519817 462090 257550 450394 350934 443852 257145 587641 221656 789508 545252 661601 286932 268647 239350 581591 423622 167034 432252 222308 641108 823088 401083 791272 590871 552110 375606 345129 310085 559657 224058 150929
 220538 697696 730874 238349 196981 460722 446727 601620 475125 80003 635109 161307 198305 478409 233091 349977 729115 71310 176307 294034 662081 734313 605811 558937 397619 347984 729828 921612 643413 482134 551674 221900 794053 565832 496208 220730 650953 149256 296880 1 729742 632357 382279 501245 525224 441693 714581 593894 451175 784205 423070 686848 309442 643430 138118 745124 485607 380435 816681 392893 416624 555680 393199 534396 296091 690864 494675 936833 610255 578229 549977 565487 524779 373478 152171 426156 158950 517644 432249 950870 267801 923802 885155 508615 333383 302270 529121 581892 441220 184759
 912781 148068 522554 795852 767408 833448 617531 190550 550866 650028 554588 821718 734319 783064 502428 401772 170895 792120 661425 592959 217188 731894 488727 199999 334360 384600 881243 198666 94795 356434 840907 898090 473600 442075 884436 878375 544287 609727 660943 729742 1 107699 421441 734071 233835 891580 217338 896784 576884 865604 813483 111033 694392 261458 856999 840472 918120 577362 838178 376073 916560 212129 340748 217300 900913 98971 806595 278191 121071 345389 867904 714564 600501 599639 703378 792191 875393 725466 613844 255327 501365 241153 947215 285903 402292 429789 422811 162447 867699 600039
 823488 111015 538233 717636 661105 779807 573086 175460 449123 553354 547702 717483 654108 735271 401772 321449 226369 692501 578851 524259 151625 728039 479730 155360 244911 294135 862060 305919 12948 251762 799152 810643 508565 425579 831608 792694 541351 506935 593381 632357 107699 1 356675 692678 179740 831111 260046 856241 534126 856432 756263 150030 627995 272318 756346 827714 861115 470868 837094 268861 850921 170920 253273 161021 822061 141953 759457 378350 64145 254826 823713 684313 570081 492997 598184 736721 774250 687071 509401 361562 395799 345065 944960 179938 300794 330302 397276 54894 809013 515308
 516905 459345 377765 379673 509254 424601 232470 248067 527769 309240 311236 523611 322249 384776 239835 78279 365804 453426 257296 171625 464023 468302 258697 222139 149503 136009 553843 586946 362528 383291 454231 497406 422403 204641 476562 473797 319216 330947 239544 382279 421441 356675 1 351158 187642 474499 341906 511730 200043 571401 399863 343375 273282 265220 520374 535961 504613 479093 574157 290955 496051 211838 137656 204310 484353 351071 409235 571358 306133 467999 475549 363373 260431 491492 435707 380905 541229 350540 542125 596840 300957 566508 671555 348392 214983 201330 162100 327903 452359 207710
 477742 800945 376316 307967 692691 134063 120105 543661 843329 474165 262757 660639 311346 66431 518714 418524 620177 557666 328876 242825 812914 257954 293280 541138 499338 475018 232148 858639 695961 727473 106918 448654 475447 310896 171859 418908 284449 554874 207743 501245 734071 692678 351158 1 513150 216455 576619 163602 158600 283096 142978 633477 191861 497971 606049 244098 219181 773974 320497 628227 267851 526709 487427 531829 363577 644283 82361 790487 634094 816777 134513 78725 146221 779730 631364 119593 624706 22423 837971 838322 592112 804831 383983 698659 543543 518354 315996 672528 188067 354572
 690334 289406 393528 564408 603961 603849 393807 78225 498438 445724 380977 641315 504338 557051 318936 178318 206363 592807 433883 359233 312676 560289 313385 35458 137422 181432 685364 405153 182823 309580 619761 673493 390985 255507 655366 652026 377945 429081 427111 525224 233835 179740 187642 513150 1 659120 202675 676746 354556 684252 582122 163277 460590 157308 659901 653872 687005 484174 670052 259679 682945 30712 137391 18720 669456 168932 581093 412650 121770 364082 644745 505205 391292 502849 532841 561585 679731 507344 538335 426173 346286 398626 776271 247249 234345 248848 222361 167810 635832 375556
 327527 931901 591929 203474 636802 82962 293215 706676 874456 450799 477421 580368 251728 150336 555083 519278 801908 475522 314854 310465 928764 457767 500137 691833 603941 565559 358834 1038485 837021 804126 171147 299654 689820 505778 71780 274436 499177 547756 242184 441693 891580 831111 474499 216455 659120 1 763083 182853 332851 435102 82109 801543 206963 681405 503685 401661 43916 789909 491220 700287 56300 679454 592795 676781 193529 811131 141189 986525 779793 901324 148517 290218 352851 789424 592164 106830 518047 237903 849983 1028723 624720 995706 519033 793762 614378 582566 499452 799874 28545 371456
 858321 352736 309051 712969 805781 693605 471657 126866 680609 636770 358288 839753 660193 634495 519983 365185 50182 784215 598815 499493 409514 528038 298407 178467 339688 381036 689486 283128 252063 482572 680201 838042 256522 266202 741352 813473 344327 629351 559313 714581 217338 260046 341906 576619 202675 763083 1 732626 431013 664326 681318 113049 587837 82219 851673 642822 781883 678585 630867 454262 798179 173521 338643 202257 815297 123770 655985 230838 207310 509644 710327 540848 432468 698412 734082 657466 872026 563537 728784 265869 548839 233179 739782 411541 436930 451091 264069 291180 736416 548813
 508207 964325 499009 365063 790797 133540 283301 706252 983869 585391 395084 743833 395646 132073 657392 575461 777805 638117 438709 383210 975037 314963 439716 704676 658103 630291 180559 1015648 859561 881627 57515 479741 600984 466636 111329 453083 415370 675849 330058 593894 896784 856241 511730 163602 676746 182853 732626 1 322201 260676 170948 794876 301804 656001 674133 231712 152042 908015 322531 780327 236415 690194 646229 695422 375536 805870 108872 938974 797681 973380 44180 194328 300535 911232 737753 169330 690076 171423 970949 990321 730591 956747 337806 856952 694330 666750 476331 835484 167256 480344
 499760 642637 298120 329239 623913 262884 41145 386942 716183 401646 189563 611308 299964 206961 402190 273692 471462 518014 277967 157218 656363 293642 182243 382673 349522 331967 354691 709461 537363 582749 265329 473268 382724 174584 311690 444179 208300 462880 174141 451175 576884 534126 200043 158600 354556 332851 431013 322201 1 378563 250809 478562 187433 349904 577362 341484 350937 656594 390959 487682 371467 368354 337690 373239 417582 489028 230049 653734 475530 667987 291228 163622 75600 665609 554996 226636 597885 153703 720834 696246 473072 663127 480810 548019 406650 386094 166960 514885 305759 273446
 745732 967263 366523 583617 974400 364591 360100 684696 1094545 753950 311165 943733 593611 317818 779186 648453 714263 840583 610685 513113 996893 137081 378100 702117 717473 706858 81924 936652 855836 952939 264998 716520 458072 430873 364529 687727 321640 829347 488957 784205 865604 856432 571401 283096 684252 435102 664326 260676 378563 1 394079 755065 474935 604513 887648 39144 410627 1034549 68012 862321 491019 686400 706075 702068 619610 767076 310215 828723 792628 1031645 287057 223837 311050 1042897 911325 379070 905885 266757 1098841 890335 850924 857890 103114 910156 783715 764372 461927 852042 413530 630308
 351700 858936 514028 196096 620025 37747 211106 627254 828232 417790 398989 573253 224960 81544 503740 449960 720536 467574 273078 242870 859151 396096 419022 614209 534814 499305 325036 957518 761687 743805 134448 322512 610696 423697 82959 293922 420714 510852 178329 423070 813483 756263 399863 142978 582122 82109 681318 170948 250809 394079 1 721685 144811 599757 505614 357571 104920 748031 443488 640379 126822 601447 523372 600050 227435 731456 83906 904433 703387 839453 127324 220615 272430 749655 568076 25223 522243 165300 809908 946858 575619 913804 486530 728502 553866 523453 417531 727147 55145 321469
 853183 239748 412283 723005 752271 739092 519631 95925 587355 607035 444276 796378 664566 685522 472330 341589 76445 753431 595750 513425 297201 621026 378996 128413 291739 339822 772264 243647 140879 387801 739835 835893 368338 334477 789228 813893 433568 582756 579150 686848 111033 150030 343375 633477 163277 801543 113049 794876 478562 755065 721685 1 611075 150611 820158 730410 825440 596138 727160 376990 830410 134200 294583 152525 827727 12063 708520 258155 107027 403743 767899 609318 496095 617172 683492 699360 839670 623502 641475 264114 487486 238141 836203 315150 378605 399717 318698 188397 776529 538454
 314039 726683 484857 141956 502102 179134 163338 515182 684938 287121 373483 468855 123352 174710 359512 312723 621332 366390 139800 104172 721969 434830 369278 494573 397210 358645 421200 852697 634551 599880 251910 286864 569938 353755 227760 257453 393399 374590 35244 309442 694392 627995 273282 191861 460590 206963 587837 301804 187433 474935 144811 611075 1 505769 417089 435902 242915 606808 509754 496256 222997 483347 386159 477524 232892 619772 194660 817384 579301 696180 258109 259267 245624 609588 442994 135490 436362 208878 669451 852465 431857 820403 575713 587144 409860 379022 334246 594664 189155 178951
 779668 377521 266751 631934 746288 612740 390744 101547 654410 567025 293965 774663 580168 554555 460528 297409 122218 713847 520606 418500 423509 470445 229582 146089 286104 321641 623226 360719 267817 461766 602612 758799 241268 189865 660962 733779 282965 567679 477505 643430 261458 272318 265220 497971 157308 681405 82219 656001 349904 604513 599757 150611 505769 1 781250 580210 700834 641358 576878 416983 716084 134853 282747 164126 733832 162647 576421 312064 210272 504247 632172 466217 355472 659845 673518 576052 801847 485776 695613 347974 497255 315371 685873 394868 386037 395375 183275 288886 654885 472919
 201002 812855 863883 309546 178869 541645 568022 736995 530278 214949 764597 93662 294815 572506 354752 486591 864922 67464 299474 422115 770326 851039 739139 692988 529021 480345 826418 1051495 767942 580851 639539 219765 930005 701370 567806 236303 781394 251726 412352 138118 856999 756346 520374 606049 659901 503685 851673 674133 577362 887648 505614 820158 417089 781250 1 849060 546112 433724 926112 502983 465733 690517 525609 668166 323646 823608 584939 1072318 739193 671245 631829 676294 648692 420255 188886 514414 21023 624656 471717 1084242 371463 1057876 985825 618199 455569 427211 665587 704074 510496 320140
 708951 938686 351683 545733 935256 329112 321917 657400 1057663 714841 286254 904730 554851 280277 741262 612606 692463 801683 571543 474297 966509 122796 351823 672870 682869 671050 63729 918242 827531 918273 230723 679716 446961 402404 331916 650771 298613 790505 449814 745124 840472 827714 535961 244098 653872 401661 642822 231712 341484 39144 357571 730410 435902 580210 849060 1 379182 996815 90858 826690 457821 657178 671384 671887 583921 742366 273671 814734 764164 998157 254652 185071 275566 1004955 872221 341848 867377 227627 1061117 874954 813196 842179 141882 876743 747404 727543 431594 821654 379214 591334
 366463 963470 594924 247366 680642 88646 310230 731361 916412 494146 481891 623677 295159 153444 595704 553082 822238 519006 356806 344784 962614 445496 510157 718998 637928 601031 331905 1059875 866582 842302 152949 339166 694539 520720 50514 314944 503558 590826 277807 485607 918120 861115 504613 219181 687005 43916 781883 152042 350937 410627 104920 825440 242915 700834 546112 379182 1 832526 469738 738540 86667 706154 626603 704952 231730 835347 137945 1002421 808300 938961 124894 287012 362110 832322 636056 126111 560126 238979 892869 1046769 665932 1013538 489820 829881 652333 620981 517820 831597 53760 412018
 597238 474819 845193 597491 267893 784377 675268 552848 96810 342602 790019 353181 539651 777826 256003 402027 665954 396646 476327 531254 410718 943754 734096 501436 364610 348944 1001924 771487 483765 222819 855813 601644 866180 676244 829749 601074 796895 244055 578019 380435 577362 470868 479093 773974 484174 789909 678585 908015 656594 1034549 748031 596138 606808 641358 433724 996815 832526 1 1046256 224877 777382 509211 371920 479481 672893 593216 799660 846728 490236 278249 864656 813421 728108 22782 246575 741939 442407 782487 64307 832353 183626 815628 1137183 291474 269380 277800 633002 417983 781702 427866
 793419 947176 325308 627152 1002932 416817 379208 662907 1101346 780738 289718 977461 631299 364163 792927 652266 681046 876019 641133 535931 981292 109787 357755 684880 716033 710147 148206 896692 835506 950709 320074 764171 410108 414549 422066 734892 295989 850877 519817 816681 838178 837094 574157 320497 670052 491220 630867 322531 390959 68012 443488 727160 509754 576878 926112 90858 469738 1046256 1 864149 547477 669200 705017 687229 670729 739222 359947 782472 772967 1025088 345017 251204 318159 1055943 937516 426217 944953 301460 1110338 845872 863129 814011 109081 903737 788797 771982 449810 836972 468094 654553
 604418 310253 632815 539484 393088 672539 515342 328140 245446 320486 590863 454072 474070 648579 164504 214217 443917 443554 397624 399538 269305 757073 529714 276643 151415 155789 842321 574670 281588 103848 724041 597875 645736 470062 722942 586274 594622 251567 462090 392893 376073 268861 290955 628227 259679 700287 454262 780327 487682 862321 640379 376990 496256 416983 502983 826690 738540 224877 864149 1 703607 284343 161276 254609 635946 375399 672503 632560 274140 202027 739995 651085 551291 244245 332930 627639 519175 631521 278898 625568 132092 605521 962466 115917 86562 117762 427866 213987 684884 333861
 281077 948745 640845 180780 608246 136867 333457 734835 864891 435214 525808 546614 238445 202783 552020 533818 835164 443408 309230 326716 941345 513255 544493 716578 617530 576299 414166 1069950 857536 807253 227416 254380 737391 545881 126739 231519 547531 533531 257550 416624 916560 850921 496051 267851 682945 56300 798179 236415 371467 491019 126822 830410 222997 716084 465733 457821 86667 777382 547477 703607 1 704931 606807 700089 146333 839550 195924 1024168 802170 905552 204092 343466 398772 775307 568621 151920 478767 289796 835776 1064040 619093 1031312 573751 801947 618917 586070 536197 816837 81813 370418
 718985 281903 383027 590526 634152 621907 408387 47761 519636 476248 379487 671974 531232 573032 349401 207976 175696 623395 461729 383248 312176 559690 311467 15722 167655 212121 691143 377185 171894 327309 633586 701749 373289 255673 673114 679901 374722 459626 450394 555680 212129 170920 211838 526709 30712 679454 173521 690194 368354 686400 601447 134200 483347 134853 690517 657178 706154 509211 669200 284343 704931 1 167955 29744 695469 140607 596841 381962 108615 375099 659464 514441 399998 528325 563203 580321 710370 519745 562101 396120 375393 368304 776380 261788 263538 278974 226360 168639 655596 404264
 572382 343000 474408 465329 467144 551389 369666 215613 405671 313216 429605 504129 401274 517142 181617 73542 343611 458996 325643 282331 336050 597205 368632 168383 11913 45291 691055 528879 262329 246895 588883 558456 495364 309156 603213 539832 433408 291690 350934 393199 340748 253273 137656 487427 137391 592795 338643 646229 337690 706075 523372 294583 386159 282747 525609 671384 626603 371920 705017 161276 606807 167955 1 143263 569341 298038 541578 548933 219779 330361 608640 500901 396029 387976 395652 506734 545088 487664 431495 558637 214808 532520 805009 211241 105128 112938 266732 212136 573204 262063
