NAME : domp30p7v7
COMMENT : Cherkesly, Contardo & Gruson 2022
TYPE : DOMP
DIMENSION : 30
DISPLAY_DATA_TYPE : NO_DISPLAY
OPEN_FACILITIES : 7
COST_SECTION
 1 455260 314509 280119 387258 211512 664082 355645 530487 348755 549358 453858 780972 445176 132620 671973 589560 349712 536341 892516 573130 48545 646177 175512 341352 688499 486684 662215 810054 114895
 455260 1 674564 579949 310679 426401 736659 788812 321575 469861 674406 647956 867847 475391 479910 478268 857457 526622 226550 856666 753619 500653 1000353 610133 288011 879832 84395 211881 862567 538801
 314509 674564 1 108062 449888 524115 475898 187050 588855 659985 355986 242242 560239 383458 208209 669380 288682 652184 652193 734908 329306 277204 338162 174125 646430 416804 670330 850779 607000 364689
 280119 579949 108062 1 342195 489823 416322 284630 480866 627181 294975 185655 518761 281732 150470 565753 314838 629736 545101 667660 298175 256723 420904 201389 585557 408998 569536 748541 557053 360704
 387258 310679 449888 342195 1 503269 428461 611259 149072 612042 364509 351370 560374 164713 319228 285980 566959 647544 204144 581179 447658 410762 738044 464196 477016 572098 264386 426652 560532 501699
 211512 426401 524115 489823 503269 1 851732 532640 622070 137419 743293 656207 974791 608100 339765 782149 801000 149316 587920 1061715 777182 247282 849557 368515 188364 895944 489289 634894 997799 189914
 664082 736659 475898 416322 428461 851732 1 655512 453695 981796 121631 234979 132071 267303 535471 397411 329209 1000569 567756 260603 172055 655913 551571 617550 882246 219582 678970 809249 146280 764106
 355645 788812 187050 284630 611259 532640 655512 1 756724 655221 538104 425728 727756 566185 312186 850229 411221 629761 806465 915934 497707 307332 349002 181941 693058 562054 800868 982604 779417 344551
 530487 321575 588855 480866 149072 622070 453695 756724 1 715820 428167 450706 578008 239524 468298 165482 664319 758902 115145 537005 523221 557106 854532 613157 558736 637161 245917 355577 561309 643638
 348755 469861 659985 627181 612042 137419 981796 655221 715820 1 876037 791804 1106776 731298 477001 880036 938312 63712 663838 1183171 913054 382782 981444 499937 183898 1032682 545375 662809 1127349 311370
 549358 674406 355986 294975 364509 743293 121631 538104 428167 876037 1 113959 231930 201257 418800 418361 257844 891098 535204 378923 98405 538344 474942 496051 788980 210357 627165 775842 263173 646188
 453858 647956 242242 185655 351370 656207 234979 425728 450706 791804 113959 1 333155 211505 321319 480190 216169 801383 545112 492776 121536 437397 407900 384917 722622 246060 613644 777439 372254 543790
 780972 867847 560239 518761 560374 974791 132071 727756 578008 1106776 231930 333155 1 399285 649813 501522 348672 1122850 692941 235077 231315 768470 558778 716379 1012378 197626 808545 933010 64561 875765
 445176 475391 383458 281732 164713 608100 267303 566185 239524 731298 201257 211505 399285 1 335212 286307 424912 757153 338748 453680 289680 451552 617735 459344 618638 410836 425954 576967 405583 556692
 132620 479910 208209 150470 319228 339765 535471 312186 468298 477001 418800 321319 649813 335212 1 590051 464394 481645 501665 771152 440534 120927 546318 146192 440974 556755 488698 670475 680841 229199
 671973 478268 669380 565753 285980 782149 397411 850229 165482 880036 418361 480190 501522 286307 590051 1 674895 921645 254111 404122 516343 692266 885383 728342 724205 609074 397333 462956 468717 786752
 589560 857457 288682 314838 566959 801000 329209 411221 664319 938312 257844 216169 348672 424912 464394 674895 1 935799 761055 571629 163613 558609 222467 462765 899188 158229 827641 993392 409887 652211
 349712 526622 652184 629736 647544 149316 1000569 629761 758902 63712 891098 801383 1122850 757153 481645 921645 935799 1 713313 1210655 921689 377191 964457 485554 244127 1038180 599816 723101 1146717 292034
 536341 226550 652193 545101 204144 587920 567756 806465 115145 663838 535204 545112 692941 338748 501665 254111 761055 713313 1 646311 627693 570823 940473 647554 493205 745369 143768 242066 676365 643409
 892516 856666 734908 667660 581179 1061715 260603 915934 537005 1183171 378923 492776 235077 453680 771152 404122 571629 1210655 646311 1 427695 891791 788674 868526 1058090 429702 782919 866960 170702 999643
 573130 753619 329306 298175 447658 777182 172055 497707 523221 913054 98405 121536 231315 289680 440534 516343 163613 921689 627693 427695 1 554081 384843 489722 842956 127612 712010 866646 281799 658872
 48545 500653 277204 256723 410762 247282 655913 307332 557106 382782 538344 437397 768470 451552 120927 692266 558609 377191 570823 891791 554081 1 603948 128209 387949 665305 528740 705971 800952 108303
 646177 1000353 338162 420904 738044 849557 551571 349002 854532 981444 474942 407900 558778 617735 546318 885383 222467 964457 940473 788674 384843 603948 1 481570 983354 361182 985117 1160420 622342 672642
 175512 610133 174125 201389 464196 368515 617550 181941 613157 499937 496051 384917 716379 459344 146192 728342 462765 485554 647554 868526 489722 128209 481570 1 516158 587374 627501 808353 757164 194156
 341352 288011 646430 585557 477016 188364 882246 693058 558736 183898 788980 722622 1012378 618638 440974 724205 899188 244127 493205 1058090 842956 387949 983354 516158 1 968673 366495 479119 1023863 365222
 688499 879832 416804 408998 572098 895944 219582 562054 637161 1032682 210357 246060 197626 410836 556755 609074 158229 1038180 745369 429702 127612 665305 361182 587374 968673 1 835963 986191 261469 766863
 486684 84395 670330 569536 264386 489289 678970 800868 245917 545375 627165 613644 808545 425954 488698 397333 827641 599816 143768 782919 712010 528740 985117 627501 366495 835963 1 181868 798827 580948
 662215 211881 850779 748541 426652 634894 809249 982604 355577 662809 775842 777439 933010 576967 670475 462956 993392 723101 242066 866960 866646 705971 1160420 808353 479119 986191 181868 1 913290 749893
 810054 862567 607000 557053 560532 997799 146280 779417 561309 1127349 263173 372254 64561 405583 680841 468717 409887 1146717 676365 170702 281799 800952 622342 757164 1023863 261469 798827 913290 1 908989
 114895 538801 364689 360704 501699 189914 764106 344551 643638 311370 646188 543790 875765 556692 229199 786752 652211 292034 643409 999643 658872 108303 672642 194156 365222 766863 580948 749893 908989 1
LAMBDA_SECTION
1 985
2 232
3 80
4 54
5 4
6 717
7 253
8 205
9 688
10 680
11 471
12 755
13 610
14 359
15 509
16 210
17 736
18 984
19 733
20 405
21 755
22 721
23 475
24 39
25 691
26 257
27 22
28 857
29 439
30 173
