NAME : domp40p20v4
COMMENT : Cherkesly, Contardo & Gruson 2022
TYPE : DOMP
DIMENSION : 40
DISPLAY_DATA_TYPE : NO_DISPLAY
OPEN_FACILITIES : 20
COST_SECTION
 1 704768 742431 519880 138247 696494 1003241 541634 194691 56907 517619 278044 594662 956408 694130 674410 722823 908133 837371 59519 559417 537951 357698 812489 894624 222893 439128 865199 489161 935666 41083 289189 603287 1079357 595979 826694 881326 88550 613211 809641
 704768 1 754074 280643 667946 170589 589808 358449 585917 658083 290124 492257 217468 531552 25178 243411 513245 337314 176416 684427 445051 529908 475386 141210 221371 498381 323415 363838 621713 234072 734092 615079 500388 720521 216552 857209 1005831 618396 324013 979377
 742431 754074 1 851549 605213 893640 486493 410583 559072 750785 494284 814847 540751 480846 768845 939452 263020 629118 925424 782372 320907 259544 444694 730527 958275 603252 521799 543882 255490 855968 730533 453675 257240 473514 861926 106709 253853 724054 430102 245514
 519880 280643 851549 1 535945 187932 826421 449266 474863 464721 365361 254764 358382 767868 257956 154533 665047 604890 343484 481787 534447 594011 447487 421582 400389 372457 330389 611722 646566 498883 557234 551052 601231 947762 83254 958125 1083213 432414 463702 1037799
 138247 667946 605213 535945 1 693416 891743 443043 86935 160560 437151 333775 521931 848336 661971 686612 602838 825456 819234 186138 444963 411700 250114 757801 874634 172235 365851 773485 353551 889258 126724 154002 481444 959150 601542 688506 745000 152020 518230 674566
 696494 170589 893640 187932 693416 1 760351 484652 621674 643155 404046 441034 354835 702131 146576 77423 667675 502906 157480 663046 574689 651753 551694 296350 213354 522245 406514 534181 728726 334726 731786 677838 636446 891074 104816 999167 1140405 608010 468577 1106262
 1003241 589808 486493 826421 891743 760351 1 466569 812654 984043 516685 932418 478523 58797 614195 832302 298574 279851 705026 1018223 446781 494114 646088 480835 709499 792408 594049 226696 592847 546493 1010602 751378 417870 134500 789057 536762 694264 945226 404605 717100
 541634 358449 410583 449266 443043 484652 466569 1 358335 518720 84616 479421 141576 416714 369025 528874 224617 388617 534686 552728 90086 171469 193465 378756 575945 326217 137883 330896 268234 517272 553315 326607 154174 558707 452285 516927 655760 479331 76174 623637
 194691 585917 559072 474863 86935 621674 812654 358335 1 192464 350223 304439 435087 767647 581143 621158 528684 738907 741425 225165 366739 343530 167168 672151 796008 102408 279292 688027 303589 804566 197980 111853 408718 885393 534452 649846 723684 165319 432945 658390
 56907 658083 750785 464721 160560 643155 984043 518720 192464 1 486940 221157 559935 935330 646384 619182 710859 874982 786095 34319 545182 532764 343689 770070 843531 193137 407100 836150 495487 890405 97460 298436 593744 1065906 541789 839475 903617 41354 587624 834227
 517619 290124 494284 365361 437151 404046 516685 84616 350223 486940 1 416362 88478 462730 297282 445476 302749 391097 465992 519869 173384 247763 202507 335807 511060 295155 80345 349328 332165 473808 535160 345497 238616 619755 367910 600806 737273 446034 113348 702251
 278044 492257 814847 254764 333775 441034 932418 479421 304439 221157 416362 1 461834 877470 475299 406589 700734 766806 592843 232206 539119 562845 370153 621956 650425 220012 342596 747726 569922 725273 318147 409744 601616 1035341 336526 915601 1010862 197379 529558 951176
 594662 217468 540751 358382 521931 354835 478523 141576 435087 559935 88478 461834 1 421409 229505 407989 316101 315391 393382 591807 227636 312768 290964 247738 434404 371948 157039 286275 408253 386112 614854 433974 284680 593356 340829 645481 790624 518627 114036 762282
 956408 531552 480846 767868 848336 702131 58797 416714 767647 935330 462730 877470 421409 1 555854 773813 267427 228592 649814 969387 404319 458832 600561 424974 656191 742925 541015 169347 562130 496877 965264 711453 381980 190165 730261 541601 702289 896042 351802 718697
 694130 25178 768845 257956 661971 146576 614195 369025 581143 646384 297282 475299 229505 555854 1 218562 531316 362489 169519 671984 456874 540351 476713 165067 218683 491279 324586 388462 629446 249975 724366 614795 513873 744575 192016 872628 1019765 607135 338898 991692
 674410 243411 939452 154533 686612 77423 832302 528874 621158 619182 445476 406589 407989 773813 218562 1 723871 578724 221780 635757 618647 690623 571468 373253 273243 519322 434826 606950 759206 409393 711728 688378 682700 961838 87783 1045778 1182056 586918 521833 1143755
 722823 513245 263020 665047 602838 667675 298574 224617 528684 710859 302749 700734 316101 267427 531316 723871 1 369450 677222 745132 166712 196401 367176 472035 705249 526299 362043 285207 295075 593980 725610 457053 121785 356745 656073 355596 514586 674631 203241 507422
 908133 337314 629118 604890 825456 502906 279851 388617 738907 874982 391097 766806 315391 228592 362489 578724 369450 1 428581 907062 426052 508205 579775 209380 430021 685276 469015 85402 620655 268424 926256 715186 440186 414155 551288 711817 874290 833723 312681 874623
 837371 176416 925424 343484 819234 157480 705026 534686 741425 786095 465992 592843 393382 649814 169519 221780 677222 428581 1 808364 620600 706090 645214 225321 57683 647093 493283 481809 797929 201401 870562 781724 674269 839350 260390 1027039 1178313 748979 496729 1154043
 59519 684427 782372 481787 186138 663046 1018223 552728 225165 34319 519869 232206 591807 969387 671984 635757 745132 907062 808364 1 579492 566518 377957 798791 865940 226854 439853 869174 527337 917451 98798 329204 627886 1100222 560533 869978 931023 73896 621309 860688
 559417 445051 320907 534447 444963 574689 446781 90086 366739 545182 173384 539119 227636 404319 456874 618647 166712 426052 620600 579492 1 89381 202012 451728 659774 359590 210365 355660 198204 588332 564657 307933 67014 520782 541184 427425 565770 508443 131817 534852
 537951 529908 259544 594011 411700 651753 494114 171469 343530 532764 247763 562845 312768 458832 540351 690623 196401 508205 706090 566518 89381 1 197202 541066 746698 361740 263627 433651 112459 677705 536776 262246 76868 549095 609759 365326 491791 499778 221196 454510
 357698 475386 444694 447487 250114 551694 646088 193465 167168 343689 202507 370153 290964 600561 476713 571468 367176 579775 645214 377957 202012 197202 1 537575 695332 164673 152147 524350 205675 674810 364734 143178 250986 722699 484474 545958 649852 307873 269255 597078
 812489 141210 730527 421582 757801 296350 480835 378756 672151 770070 335807 621956 247738 424974 165067 373253 472035 209380 225321 798791 451728 541066 537575 1 239160 595785 394255 256535 645726 138812 838115 680753 493408 614866 356925 827290 984234 729240 319985 968795
 894624 221371 958275 400389 874634 213354 709499 575945 796008 843531 511060 650425 434404 656191 218683 273243 705249 430021 57683 865940 659774 746698 695332 239160 1 702649 543187 491204 841722 179070 927599 833344 710704 843962 317178 1058193 1211896 806279 532832 1190596
 222893 498381 603252 372457 172235 522245 792408 326217 102408 193137 295155 220012 371948 742925 491279 519322 526299 685276 647093 226854 359590 361740 164673 595785 702649 1 216262 643774 352966 723685 243667 192987 413815 878240 432960 701169 791352 153197 394492 731168
 439128 323415 521799 330389 365851 406514 594049 137883 279292 407100 80345 342596 157039 541015 324586 434826 362043 469015 493283 439853 210365 263627 152147 394255 543187 216262 1 429520 324404 529048 458191 292194 277105 693098 350657 628199 753664 366081 189448 710987
 865199 363838 543882 611722 773485 534181 226696 330896 688027 836150 349328 747726 286275 169347 388462 606950 285207 85402 481809 869174 355660 433651 524350 256535 491204 643774 429520 1 545860 341881 880260 654331 362700 359500 567895 626505 788933 795319 255268 789396
 489161 621713 255490 646566 353551 728726 592847 268234 303589 495487 332165 569922 408253 562130 629446 759206 295075 620655 797929 527337 198204 112459 205675 645726 841722 352966 324404 545860 1 783589 480055 200032 185044 633482 674527 348956 444241 468589 328117 392314
 935666 234072 855968 498883 889258 334726 546493 517272 804566 890405 473808 725273 386112 496877 249975 409393 593980 268424 201401 917451 588332 677705 674810 138812 179070 723685 529048 341881 783589 1 963470 817914 626856 679865 422147 949071 1108538 850279 456549 1097439
 41083 734092 730533 557234 126724 731786 1010602 553315 197980 97460 535160 318147 614854 965264 724366 711728 725610 926256 870562 98798 564657 536776 364734 838115 927599 243667 458191 880260 480055 963470 1 280723 604860 1082329 632224 811424 859364 124827 626480 786270
 289189 615079 453675 551052 154002 677838 751378 326607 111853 298436 345497 409744 433974 711453 614795 688378 457053 715186 781724 329204 307933 262246 143178 680753 833344 192987 292194 654331 200032 817914 280723 1 335313 811338 600599 541040 611832 275355 402522 546832
 603287 500388 257240 601231 481444 636446 417870 154174 408718 593744 238616 601616 284680 381980 513873 682700 121785 440186 674269 627886 67014 76868 250986 493408 710704 413815 277105 362700 185044 626856 604860 335313 1 477718 606451 363189 505953 558688 177886 479987
 1079357 720521 473514 947762 959150 891074 134500 558707 885393 1065906 619755 1035341 593356 190165 744575 961838 356745 414155 839350 1100222 520782 549095 722699 614866 843962 878240 693098 359500 633482 679865 1082329 811338 477718 1 914984 497310 642382 1028809 506438 679016
 595979 216552 861926 83254 601542 104816 789057 452285 534452 541789 367910 336526 340829 730261 192016 87783 656073 551288 260390 560533 541184 609759 484474 356925 317178 432960 350657 567895 674527 422147 632224 600599 606451 914984 1 968544 1101548 507779 452852 1061226
 826694 857209 106709 958125 688506 999167 536762 516927 649846 839475 600806 915601 645481 541601 872628 1045778 355596 711817 1027039 869978 427425 365326 545958 827290 1058193 701169 628199 626505 348956 949071 811424 541040 363189 497310 968544 1 162750 815137 533747 182185
 881326 1005831 253853 1083213 745000 1140405 694264 655760 723684 903617 737273 1010862 790624 702289 1019765 1182056 514586 874290 1178313 931023 565770 491791 649852 984234 1211896 791352 753664 788933 444241 1108538 859364 611832 505953 642382 1101548 162750 1 885380 681974 80103
 88550 618396 724054 432414 152020 608010 945226 479331 165319 41354 446034 197379 518627 896042 607135 586918 674631 833723 748979 73896 508443 499778 307873 729240 806279 153197 366081 795319 468589 850279 124827 275355 558688 1028809 507779 815137 885380 1 547525 817804
 613211 324013 430102 463702 518230 468577 404605 76174 432945 587624 113348 529558 114036 351802 338898 521833 203241 312681 496729 621309 131817 221196 269255 319985 532832 394492 189448 255268 328117 456549 626480 402522 177886 506438 452852 533747 681974 547525 1 657860
 809641 979377 245514 1037799 674566 1106262 717100 623637 658390 834227 702251 951176 762282 718697 991692 1143755 507422 874623 1154043 860688 534852 454510 597078 968795 1190596 731168 710987 789396 392314 1097439 786270 546832 479987 679016 1061226 182185 80103 817804 657860 1
LAMBDA_SECTION
1 435
2 357
3 933
4 33
5 706
6 267
7 275
8 11
9 834
10 957
11 428
12 935
13 110
14 388
15 714
16 30
17 688
18 793
19 45
20 431
21 421
22 764
23 29
24 771
25 100
26 939
27 365
28 600
29 989
30 69
31 145
32 402
33 327
34 377
35 888
36 62
37 495
38 282
39 143
40 512
