NAME : domp80p40v9
COMMENT : Cherkesly, Contardo & Gruson 2022
TYPE : DOMP
DIMENSION : 80
DISPLAY_DATA_TYPE : NO_DISPLAY
OPEN_FACILITIES : 40
COST_SECTION
 1 289209 461525 437254 567809 288936 494548 209013 659570 47918 532977 318525 396431 600153 151315 269819 681408 176649 517856 391830 231873 286204 631823 584633 662741 501561 382664 379189 175681 494321 362240 470187 235734 522686 505212 247974 190498 468432 719604 460120 848258 697271 658643 70176 564443 522473 647279 611164 153475 538132 291856 196028 659857 320677 657287 730067 512946 383652 340514 356280 127949 215867 664540 687106 290465 146082 383691 357278 608372 556598 612401 562056 395659 609905 308310 411617 227066 697853 182993 604602
 289209 1 533134 306387 416338 25421 217503 172095 750298 284043 806054 172838 549202 324609 266354 318570 544636 280240 501380 122907 520362 507312 474205 764004 759582 474633 93458 519547 359297 595226 650721 734293 374464 730754 602188 355156 479700 413336 797807 686778 930533 537387 574178 300135 715824 313588 773436 367678 418013 803614 250699 97736 691529 61273 399632 487409 333653 382789 623738 392628 215842 312262 782520 835957 285243 211460 670799 195333 459507 342222 367849 411577 462498 742361 580896 181546 130393 786144 434691 891062
 461525 533134 1 820017 385612 554561 592161 368716 217429 508224 565254 679077 149136 651969 600601 717342 417958 298779 154524 649829 547012 286604 424746 300280 226452 940420 585054 130154 290936 73848 572693 481473 226491 329884 75611 215538 509261 213597 268843 346412 401844 466063 323214 531698 223287 465503 249053 574446 386956 532182 706964 515193 201139 501421 636979 649025 413304 163437 654855 140701 379170 670264 253523 323519 247965 368052 565913 712509 398496 488824 577523 381850 854403 225163 436247 470562 405598 253994 612988 714915
 437254 306387 820017 1 711795 281207 434656 452078 1036511 398819 954907 141094 804778 516480 301876 224182 839232 532910 805473 238002 611790 719667 764688 1009870 1043927 200655 314111 779888 586563 874480 754362 900808 625997 956451 883039 618301 587731 719292 1088572 896773 1221703 823948 878635 393587 976514 592030 1046859 608736 590472 966638 151448 305121 991587 360640 615791 714614 624769 681177 674705 682967 451514 274063 1059456 1099870 577811 458142 782747 111228 753712 613651 607583 707567 281388 1012506 737424 467300 418773 1073707 469322 995680
 567809 416338 385612 711795 1 441178 318418 362674 542264 595895 909003 587723 507815 323814 637624 721892 128321 413256 244749 479359 762435 584118 64054 685820 557777 890506 400377 476669 483986 457055 846291 823859 436444 708976 455160 400634 716659 173922 560669 709359 674540 129877 189105 620995 607017 136753 610615 214079 600084 884833 664999 472999 418642 356167 272471 265072 88644 260630 881192 310253 439890 700290 605374 692708 294648 421731 851803 604586 43498 137571 217413 5774 870261 597242 725065 244749 360838 565649 750682 1042478
 288936 25421 554561 281207 441178 1 230736 190202 771903 279570 811874 147483 566195 337064 252864 297949 569495 294846 525808 109722 518399 518514 498670 780392 780932 449537 98388 537077 371070 615628 651172 741617 389908 744644 622834 372219 478876 438270 820105 698682 952965 561574 599598 293864 733956 336440 793321 386504 423450 810876 227306 93302 715232 85293 415907 505533 357973 405945 619077 414326 226234 294842 802882 854706 307011 223709 672203 170078 484278 364397 386523 436458 440364 761768 586218 204510 149795 807972 426182 892916
 494548 217503 592161 434656 318418 230736 1 318120 794756 496820 980832 342644 657653 107240 483233 521771 434558 428925 502995 199565 725861 660454 356393 869297 807554 631037 138484 624723 517184 664221 848309 902721 507773 858017 667594 477783 682839 406974 829060 829464 955166 406746 506032 514917 805584 182162 840965 174089 602455 971266 440707 313983 699222 174004 189062 284511 232502 428879 834299 461290 393323 524505 843548 915014 370106 381573 865076 343380 353565 192421 172981 316036 656029 816861 761561 122830 281366 825679 650983 1081805
 209013 172095 368716 452078 362674 190202 318120 1 585929 233437 662939 310985 377200 416338 282527 382823 481652 114171 364826 294599 425882 347277 426656 592237 594138 587622 246251 347453 200683 426887 536904 585723 204499 562232 434562 183239 380570 291947 636759 523008 769908 492550 476177 258377 543907 314680 603686 408692 286658 654609 350561 149521 541979 161908 459305 525425 304040 232963 541490 230897 83996 349923 613867 664504 127220 67964 551251 343838 404493 348963 410247 356988 530691 571755 443715 214297 42832 622705 390147 765373
 659570 750298 217429 1036511 542264 771903 794756 585929 1 707364 602004 895755 274380 842615 805277 923720 527384 509418 300927 866004 696813 424983 562258 240856 17017 1150584 799386 283130 483982 165827 682617 530952 426004 326198 155671 423688 666953 392104 63968 385344 188897 583398 409473 728998 168223 648803 93435 750455 556967 558577 919742 731427 147151 716910 811652 804262 592838 373561 789169 357671 591212 873634 74428 171382 465056 581520 666605 929564 540357 666144 753723 540128 1055228 111607 551374 676123 623027 38294 790958 759682
 47918 284043 508224 398819 595895 279570 496820 233437 707364 1 561675 287631 444220 603651 105196 222730 712814 218852 559662 376135 240731 330913 659923 630618 710604 454675 376623 427106 223557 542025 378559 503148 282983 566497 552868 293798 204590 506005 767266 501975 896087 725746 695794 25880 611842 541001 695095 624051 193250 570000 250536 186834 705802 323384 666977 744078 536081 424534 339768 399627 159121 168120 712426 734320 327657 177134 402665 325803 637379 574707 625054 590188 347898 657668 339939 423758 243835 745650 159352 623033
 532977 806054 565254 954907 909003 811874 980832 662939 602004 561675 1 849167 417274 1075826 653055 747156 972679 552627 715200 919616 351445 329636 962025 369604 591277 959578 896274 442758 464197 521688 220977 85356 486251 276125 531481 521306 368073 741871 658885 223922 731900 1014271 887525 562696 433789 935780 521955 1044878 388426 47490 803561 722919 711243 819266 1103088 1147877 899828 648526 347392 598821 593617 689590 547904 488869 638256 602430 188765 887457 934596 967860 1047196 903921 808787 492243 225865 870070 701618 626746 504305 157681
 318525 172838 679077 141094 587723 147483 342644 310985 895755 287631 849167 1 667997 439725 209500 191327 716015 394498 666224 148487 520181 591852 644090 876015 903343 302883 206814 642134 453344 734250 661838 788579 488731 827280 742649 479234 489173 581805 947548 771393 1080687 706022 746783 289352 839412 477341 907681 512630 471023 856236 101706 164813 850943 231660 531413 626977 503216 540556 601060 541874 314068 214939 919776 962448 436830 319393 687694 38865 630606 502849 512075 583111 314233 873794 626117 347102 278046 932866 394302 906412
 396431 549202 149136 804778 507815 566195 657653 377200 274380 444220 417274 667997 1 733771 546509 665579 558208 274481 298139 671797 425591 153715 555007 215520 274125 896394 619249 33285 223176 125146 431548 332954 179321 205328 137203 194061 393624 334812 337779 203168 459083 602681 470257 463833 171786 562738 250902 674439 282868 385988 674199 504994 325392 533165 736290 762921 516954 252389 524758 206523 353930 612297 268891 295300 287736 349479 422007 704897 527840 590839 677242 503274 789762 213492 295131 535420 419538 311666 516988 565857
 600153 324609 651969 516480 323814 337064 107240 416338 842615 603651 1075826 439725 733771 1 589872 623838 419467 523323 543125 292095 830852 751206 343568 940394 856625 716364 242043 700506 611701 725546 950907 996033 595740 937451 727410 563615 787361 450558 870380 914690 991026 379893 511060 621999 871727 195493 897544 122272 702717 1063911 539975 421222 733430 280381 102055 200977 252343 492056 940364 530604 494812 629394 897380 975050 450385 481946 966668 435414 349092 186291 119475 323298 753936 876744 859612 205942 382342 870713 758193 1181707
 151315 266354 600601 301876 637624 252864 483233 282527 805277 105196 653055 209500 546509 589872 1 119102 760826 303357 636071 327905 313490 436104 700670 735667 809338 350346 349928 527800 323932 639478 456077 599772 379281 671484 649927 385096 286473 572042 863958 606145 994172 766518 758417 93567 715425 562065 797013 630609 297251 665072 150721 175167 794357 319532 665592 751121 567645 500265 391695 482250 228866 70255 813627 838262 397029 244380 483317 244487 680605 594027 631067 632126 255312 759950 436539 434592 276905 843552 185756 699786
 269819 318570 717342 224182 721892 297949 521771 382823 923720 222730 747156 191327 665579 623838 119102 1 848328 418896 744578 337368 397528 552414 783128 852958 927999 231985 383294 646867 443024 757894 538444 700880 497759 786209 768224 502188 379818 674759 981988 718690 1112593 848085 856956 206894 834239 630823 916113 684092 410914 763663 91769 249051 908932 378767 710275 802343 645162 609541 451646 595209 341090 58580 932704 956918 504377 355047 568158 212241 765364 660363 684011 716655 148993 879034 539408 499164 368146 961975 248998 776264
 681408 544636 417958 839232 128321 569495 434558 481652 527384 712814 972679 716015 558208 419467 760826 848328 1 517328 263490 605342 862634 658906 78208 708180 544100 1018818 526671 530505 578432 481093 934230 887448 523395 747697 476053 489122 817483 236357 531052 760984 628398 57043 119985 738333 625010 253913 608212 298697 696264 943726 792957 599278 386826 484485 345219 300095 214505 335093 981132 383088 554499 824879 597726 691679 396558 536304 936331 732548 85568 243153 301794 133066 996987 602799 806472 371933 484111 543110 864187 1114441
 176649 280240 298779 532910 413256 294846 428925 114171 509418 218852 552627 394498 274481 523323 303357 418896 517328 1 341270 402988 349281 233237 476042 486558 515271 642018 359628 247725 88434 344553 443097 473816 95653 450546 353996 86047 303451 294805 565546 409104 697519 539663 484772 244165 445251 398167 514058 501513 191123 542349 410374 230673 491014 275975 556528 612926 374338 207118 467991 180922 82091 373486 527232 568050 120771 75164 453703 430917 450705 432095 503480 407507 558427 479602 338122 317870 156249 547382 353085 662022
 517856 501380 154524 805473 244749 525808 502995 364826 300927 559662 715200 666224 298139 543125 636071 744578 263490 341270 1 603995 652596 415728 275330 448180 315720 952179 530051 272938 371689 219149 700747 630525 307149 484213 215269 280055 610410 96245 327668 499431 452174 312488 173376 585180 366685 348415 365903 449658 484864 683995 715129 512535 197239 455508 511094 509577 292145 135882 767261 163941 407522 705966 361252 447979 240208 391692 698171 694418 250296 365218 452915 241992 890198 352947 566977 390329 390090 327711 689881 861557
 391830 122907 649829 238002 479359 109722 199565 294599 866004 376135 919616 148487 671797 292095 327905 337368 605342 402988 603995 1 616857 628196 529515 886769 875988 431800 79122 641883 480623 714078 753010 850402 497366 853382 720543 477817 579453 511358 911146 808263 1043127 587350 654106 386627 837622 355159 892994 373040 531363 919596 249888 196972 798439 149817 386249 483439 391170 494373 711620 509167 335935 352197 901190 957074 402320 333030 775352 144171 520208 375839 372112 475499 462183 862692 693775 235253 252373 901108 511188 996297
 231873 520362 547012 611790 762435 518399 725861 425882 696813 240731 351445 520181 425591 830852 313490 397528 862634 349281 652596 616857 1 272266 824944 542820 694230 608494 613761 426452 285485 548843 142729 315530 346498 454358 560983 377393 45938 631359 760755 376518 874338 887968 815669 232490 557244 738875 653557 834466 168359 372493 460781 425103 744199 552246 883677 951171 721008 534348 118788 492388 342143 340983 676471 665714 468392 357998 171096 556692 799291 773206 835967 756695 460476 615103 170674 637462 452110 732728 153000 386443
 286204 507312 286604 719667 584118 518514 660454 347277 424983 330913 329636 591852 153715 751206 436104 552414 658906 233237 415728 628196 272266 1 639947 301264 423009 784150 591143 158689 148181 278173 286819 246634 156999 236944 290304 191724 242278 423277 488857 180797 605243 695806 588060 345554 294896 606168 387727 715521 144769 313256 577464 440039 476705 508685 774172 818367 570576 326089 371768 276764 292286 495681 409189 412519 308717 295903 282537 630474 612610 638227 717878 578843 663394 349048 151428 545357 388830 461315 374160 458423
 631823 474205 424746 764688 64054 498670 356393 426656 562258 659923 962025 644090 555007 343568 700670 783128 78208 476042 275330 529515 824944 639947 1 722926 578436 946940 451219 524940 544927 493492 906241 876708 495316 752661 490266 459780 779244 220813 573787 757830 680016 65989 174620 685003 641952 176269 636732 224405 661633 936231 724090 534604 429421 413386 275039 244265 140874 314216 943729 363891 503916 762744 629096 719837 356657 485751 910897 659132 27430 165003 227604 69788 931135 626804 783146 297916 424112 582201 814714 1098255
 584633 764004 300280 1009870 685820 780392 869297 592237 240856 630618 369604 876015 215520 940394 735667 852958 708180 486558 448180 886769 542820 301264 722926 1 227774 1084886 834760 246938 423327 229454 490025 308011 390936 98669 232928 409004 525304 513650 292501 174793 364268 759685 600905 646335 84443 760810 153816 871335 445571 324027 872918 715340 371387 748671 933831 949212 710701 449484 612104 409916 563222 796628 179455 127137 500998 560670 467654 913680 697212 786069 874324 682103 964021 129436 376171 746556 634732 260498 667989 526171
 662741 759582 226452 1043927 557777 780932 807554 594138 17017 710604 591277 903343 274125 856625 809338 927999 544100 515271 315720 875988 694230 423009 578436 227774 1 1155602 810067 284813 487061 170785 676638 521399 430283 315198 161337 429338 665245 406068 69293 376352 185792 600049 426322 731903 158000 663151 77868 765367 556992 547424 925631 738807 164136 727169 826693 820156 607336 384690 784880 367088 597232 877363 57708 154552 474409 587958 659972 937464 556374 680884 768627 555571 1058312 99364 546445 688441 631744 38704 791110 748902
 501561 474633 940420 200655 890506 449537 631037 587622 1150584 454675 959578 302883 896394 716364 350346 231985 1018818 642018 952179 431800 608494 784150 946940 1084886 1155602 1 503261 876706 673359 984957 742824 920803 725692 1017039 994915 727146 598640 873877 1207502 948206 1339145 1008622 1045938 438615 1065742 778868 1146436 804814 641843 980559 237072 439951 1126577 534346 814856 913296 806070 820246 636877 812113 561269 288561 1162440 1188607 714150 573020 774196 290430 933449 803069 803852 885854 161153 1109659 762461 649616 563340 1188718 455498 968175
 382664 93458 585054 314111 400377 98388 138484 246251 799386 376623 896274 206814 619249 242043 349928 383294 526671 359628 530051 79122 613761 591143 451219 834760 810067 503261 1 588108 443088 651776 744025 823024 450524 808316 657501 427086 573157 436199 842307 768693 973462 509877 575236 391753 781001 277923 831206 305841 509111 892332 302906 189795 725795 86104 327275 421142 312327 426052 716384 445173 303275 387358 838006 898244 340242 296430 763852 212848 441417 300277 305319 396475 518476 802385 671793 156131 203575 833689 524564 983892
 379189 519547 130154 779888 476669 537077 624723 347453 283130 427106 442758 642134 33285 700506 527800 646867 530505 247725 272938 641883 426452 158689 524940 246938 284813 876706 588108 1 203934 123445 443179 357824 154001 238440 135477 165028 391908 304318 345293 232949 470599 573848 446013 447771 197669 529682 269910 641400 275818 413257 651856 478359 318521 502004 703198 730576 484221 219897 529947 173522 328410 594717 285847 320331 254991 322888 435845 678642 497681 557941 644191 472045 774229 233824 306575 502399 389512 321138 508941 588769
 175681 359297 290936 586563 483986 371070 517184 200683 483982 223557 464197 453344 223176 611701 323932 443024 578432 88434 371689 480623 285485 148181 544927 423327 487061 673359 443088 203934 1 319008 363216 385552 66171 375950 330061 92441 241352 345908 544339 327642 672606 606355 530827 245032 393821 481708 473165 587140 117875 454224 451977 295853 491638 361185 643163 696460 453836 249004 403303 208728 145278 390836 489711 517298 190416 147838 371171 491367 518566 515220 589214 478342 571288 436301 251448 406118 241469 522255 323762 575542
 494321 595226 73848 874480 457055 615628 664221 426887 165827 542025 521688 734250 125146 725546 639478 757894 481093 344553 219149 714078 548843 278173 493492 229454 170785 984957 651776 123445 319008 1 555792 440492 260197 269706 12145 258580 515094 286461 225333 298391 354707 531413 378830 563982 150178 539341 179445 648157 399045 485045 754882 569494 200794 567112 710680 721275 487008 235425 649724 206929 426564 707937 187294 250800 312024 417574 545059 768933 467759 562517 651244 453489 889921 152684 419707 542151 465870 204085 631557 675539
 362240 650721 572693 754362 846291 651172 848309 536904 682617 378559 220977 661838 431548 950907 456077 538444 934230 443097 700747 753010 142729 286819 906241 490025 676638 742824 744025 443179 363216 555792 1 208686 411467 392911 567620 446632 173975 698121 745675 315232 845385 966133 871616 372934 525249 841172 622841 942781 252402 251131 603459 558215 756573 676818 995586 1055806 816333 599249 131698 552196 456189 482665 647850 617117 553624 469739 32215 698687 879494 875161 944584 840700 589561 586304 136655 751197 568630 715155 290506 244727
 470187 734293 481473 900808 823859 741617 902721 585723 530952 503148 85356 788579 332954 996033 599772 700880 887448 473816 630525 850402 315530 246634 876708 308011 521399 920803 823024 357824 385552 440492 208686 1 403622 210134 450669 438270 322338 656519 590048 146410 672209 928923 803127 507239 363442 852536 455929 962117 320170 69327 750358 654793 633348 744135 1020797 1064003 815746 563322 340327 513634 519750 642504 481901 432692 555266 527351 179233 827248 849280 884363 964485 818797 775715 423651 163389 790101 625407 558079 466827 235054
 235734 374464 226491 625997 436444 389908 507773 204499 426004 282983 486251 488731 179321 595740 379281 497759 523395 95653 307149 497366 346498 156999 495316 390936 430283 725692 450524 154001 66171 260197 411467 403622 1 357795 270684 36025 303566 288160 484903 322056 614897 554691 469397 305856 350712 449690 422983 558647 178211 470103 498497 325733 426523 365385 617176 662712 415860 189618 462876 145928 174701 447861 437611 473918 152119 170299 415589 525578 468401 482068 560981 430951 630536 387512 288852 390332 247327 464275 389859 609474
 522686 730754 329884 956451 708976 744644 858017 562232 326198 566497 276125 827280 205328 937451 671484 786209 747697 450546 484213 853382 454358 236944 752661 98669 315198 1017039 808316 238440 375950 269706 392911 210134 357795 1 277024 382889 441052 535080 382790 78895 462247 795860 648393 579591 158220 768064 246583 879760 375310 232383 814283 671798 442847 723064 941616 967021 721955 457216 517057 411846 520717 728648 272581 225342 488396 521181 369748 865706 725925 796055 882566 704687 889113 216120 284851 736769 605041 350659 586919 433712
 505212 602188 75611 883039 455160 622834 667594 434562 155671 552868 531481 742649 137203 727410 649927 768224 476053 353996 215269 720543 560983 290304 490266 232928 161337 994915 657501 135477 330061 12145 567620 450669 270684 277024 1 268138 527194 285793 214399 307914 344411 526958 372245 574954 151967 540092 174300 648364 410973 494397 764369 577965 189035 573123 710846 719767 487247 238736 661833 212347 435919 718525 180678 247911 318266 426637 556719 777123 464773 562705 651474 451716 900744 149553 431603 545810 473159 193842 643341 685720
 247974 355156 215538 618301 400634 372219 477783 183239 423688 293798 521306 479234 194061 563615 385096 502188 489122 86047 280055 477817 377393 191724 459780 409004 429338 727146 427086 165028 92441 258580 446632 438270 36025 382889 268138 1 333604 254783 480428 351842 612037 519542 438478 317900 362496 414476 428573 523850 209173 504270 496303 314725 412014 341266 582757 627132 380026 157006 494679 116498 168134 454727 441378 484490 117000 160167 451236 515141 432938 446668 526226 395124 638954 394575 324831 358881 225746 461728 411347 645437
 190498 479700 509261 587731 716659 478876 682839 380570 666953 204590 368073 489173 393624 787361 286473 379818 817483 303451 610410 579453 45938 242278 779244 525304 665245 598640 573157 391908 241352 515094 173975 322338 303566 441052 527194 333604 1 586915 730729 365065 847319 842390 772079 199828 533371 693173 628365 789245 125557 383934 436284 385651 708003 509604 838874 905688 675085 490355 164541 449199 297000 321870 650521 645585 422779 312634 198590 526478 753653 727500 790775 710916 456671 589726 165406 592733 407556 703490 148053 418492
 468432 413336 213597 719292 173922 438270 406974 291947 392104 506005 741871 581805 334812 450558 572042 674759 236357 294805 96245 511358 631359 423277 220813 513650 406068 873877 436199 304318 345908 286461 698121 656519 288160 535080 285793 254783 586915 1 422593 537266 548247 272988 190237 531879 436588 257743 449664 363499 463594 715515 637672 434437 293375 364328 425804 435575 202955 98880 749158 146824 348090 640705 447868 529551 178360 330763 699979 608066 193476 277957 366662 169725 822559 432145 570159 294237 310816 420910 647765 880342
 719604 797807 268843 1088572 560669 820105 829060 636759 63968 767266 658885 947548 337779 870380 863958 981988 531052 565546 327668 911146 760755 488857 573787 292501 69293 1207502 842307 345293 544339 225333 745675 590048 484903 382790 214399 480428 730729 422593 1 445351 133150 587932 411210 789307 226641 675175 138877 772610 620004 614558 975196 783942 144645 761461 832647 817818 618523 416800 852987 406397 646844 932754 113889 201663 513281 636355 729189 980550 553881 689847 775920 559140 1115141 166728 614966 712976 672430 32148 853833 816379
 460120 686778 346412 896773 709359 698682 829464 523008 385344 501975 223922 771393 203168 914690 606145 718690 760984 409104 499431 808263 376518 180797 757830 174793 376352 948206 768693 232949 327642 298391 315232 146410 322056 78895 307914 351842 365065 537266 445351 1 534063 805839 669614 513204 218916 754931 313889 866408 308904 186776 751790 620830 487768 684915 927238 960456 712589 450685 438329 402368 472603 660612 339651 301899 464608 475381 293175 810127 730595 784776 869043 704666 816635 279872 206432 710617 565335 413574 511998 379839
 848258 930533 401844 1221703 674540 952965 955166 769908 188897 896087 731900 1080687 459083 991026 994172 1112593 628398 697519 452174 1043127 874338 605243 680016 364268 185792 1339145 973462 470599 672606 354707 845385 672209 614897 462247 344411 612037 847319 548247 133150 534063 1 685281 509381 917548 320640 795554 222851 888382 741748 685356 1107570 917016 257605 893346 946863 923756 738696 548813 959727 539495 779075 1062509 198564 243732 646272 768888 825842 1113696 662676 807685 891713 673641 1243894 260395 720220 841120 805502 150623 975837 886596
 697271 537387 466063 823948 129877 561574 406746 492550 583398 725746 1014271 706022 602681 379893 766518 848085 57043 539663 312488 587350 887968 695806 65989 759685 600049 1008622 509877 573848 606355 531413 966133 928923 554691 795860 526958 519542 842390 272988 587932 805839 685281 1 177002 750865 677070 232195 663178 257698 723595 986809 787758 599848 443602 476313 298771 246058 203818 369839 1006742 419043 569422 828344 653231 746653 419616 551239 969810 719771 89151 214644 260589 135568 995840 656742 841089 359007 490049 599683 880219 1153301
 658643 574178 323214 878635 189105 599598 506032 476177 409473 695794 887525 746783 470257 511060 758417 856956 119985 484772 173376 654106 815669 588060 174620 600905 426322 1045938 575236 446013 530827 378830 871616 803127 469397 648393 372245 438478 772079 190237 411210 669614 509381 177002 1 721673 516783 325506 492727 395891 647315 855282 812671 611321 267235 518003 449071 415416 273627 282149 932256 323514 537334 826095 480939 575998 368360 519755 870105 768571 162861 325698 399173 190754 1005656 489895 738943 419924 489106 423872 837840 1034767
 70176 300135 531698 393587 620995 293864 514917 258377 728998 25880 562696 289352 463833 621999 93567 206894 738333 244165 585180 386627 232490 345554 685003 646335 731903 438615 391753 447771 245032 563982 372934 507239 305856 579591 574954 317900 199828 531879 789307 513204 917548 750865 721673 1 630115 564170 714705 645561 204541 573139 243311 202415 729878 342270 687426 765817 560314 450169 325737 424772 184927 150341 732482 752099 353528 202907 398387 326773 662603 597735 646491 615298 326471 677047 343868 445367 267280 767264 137512 617655
 564443 715824 223287 976514 607017 733956 805584 543907 168223 611842 433789 839412 171786 871727 715425 834239 625010 445251 366685 837622 557244 294896 641952 84443 158000 1065742 781001 197669 393821 150178 525249 363442 350712 158220 151967 362496 533371 436588 226641 218916 320640 677070 516783 630115 1 688042 97790 797519 437982 390554 845571 675923 289336 695092 860065 871414 636423 379701 639282 344302 525413 779824 122601 123575 442240 520400 506666 876106 616607 711944 800578 603515 954005 61315 399778 682825 585485 194747 669037 591468
 522473 313588 465503 592030 136753 336440 182162 314680 648803 541001 935780 477341 562738 195493 562065 630823 253913 398167 348415 355159 738875 606168 176269 760810 663151 778868 277923 529682 481708 539341 841172 852536 449690 768064 540092 414476 693173 257743 675175 754931 795554 232195 325506 564170 688042 1 707114 111738 588876 917836 563734 388366 537953 252528 173640 214835 56859 312193 855537 356221 398528 618108 705610 786257 297577 381730 851715 489021 171552 34338 114510 134777 776004 688352 732745 132042 297205 676123 700206 1056483
 647279 773436 249053 1046859 610615 793321 840965 603686 93435 695095 521955 907681 250902 897544 797013 916113 608212 514058 365903 892994 653557 387727 636732 153816 77868 1146436 831206 269910 473165 179445 622841 455929 422983 246583 174300 428573 628365 449664 138877 313889 222851 663178 492727 714705 97790 707114 1 812821 528455 477019 921447 742982 237804 746447 874897 875165 652615 412476 736987 386325 595857 863142 26000 83478 491298 588719 603863 943247 613323 727453 816016 607895 1040425 38682 497473 719581 643553 107068 761342 679104
 611164 367678 574446 608736 214079 386504 174089 408692 750455 624051 1044878 512630 674439 122272 630609 684092 298697 501513 449658 373040 834466 715521 224405 871335 765367 804814 305841 641400 587140 648157 942781 962117 558647 879760 648364 523850 789245 363499 772610 866408 888382 257698 395891 645561 797519 111738 812821 1 690515 1027911 607764 455645 631870 311180 62548 120666 161150 423514 949261 467916 492325 679882 810015 893041 406865 476651 954831 516108 233034 85660 3335 214770 823296 795603 838587 200296 384217 775887 782997 1162675
 153475 418013 386956 590472 600084 423450 602455 286658 556967 193250 388426 471023 282868 702717 297251 410914 696264 191123 484864 531363 168359 144769 661633 445571 556992 641843 509111 275818 117875 399045 252402 320170 178211 375310 410973 209173 125557 463594 620004 308904 741748 723595 647315 204541 437982 588876 528455 690515 1 389010 443594 335016 587166 434941 743847 803438 565278 366177 285574 324051 209422 353364 548701 556965 305508 220975 264879 509865 635485 622918 692348 594397 518658 489929 162893 500596 321114 594450 234127 479359
 538132 803614 532182 966638 884833 810876 971266 654609 558577 570000 47490 856236 385988 1063911 665072 763663 943726 542349 683995 919596 372493 313256 936231 324027 547424 980559 892332 413257 454224 485045 251131 69327 470103 232383 494397 504270 383934 715515 614558 186776 685356 986809 855282 573139 390554 917836 477019 1027911 389010 1 815786 723836 671246 813312 1087026 1128290 879814 624256 381060 574771 589058 705539 502907 442072 621131 596580 219302 894828 908838 949312 1030330 879882 832602 448169 230166 857973 694466 582411 525253 202151
 291856 250699 706964 151448 664999 227306 440707 350561 919742 250536 803561 101706 674199 539975 150721 91769 792957 410374 715129 249888 460781 577464 724090 872918 925631 237072 302906 651856 451977 754882 603459 750358 498497 814283 764369 496303 436284 637672 975196 751790 1107570 787758 812671 243311 845571 563734 921447 607764 443594 815786 1 203271 890404 311967 629769 724030 583942 583281 528071 576258 328540 128018 935979 969123 477214 338919 631594 120475 708401 591361 607421 660044 215611 885680 587050 431813 326871 957647 321088 845577
 196028 97736 515193 305121 472999 93302 313983 149521 731427 186834 722919 164813 504994 421222 175167 249051 599278 230673 512535 196972 425103 440039 534604 715340 738807 439951 189795 478359 295853 569494 558215 654793 325733 671798 577965 314725 385651 434437 783942 620830 917016 599848 611321 202415 675923 388366 742982 455645 335016 723836 203271 1 691493 145031 492157 576236 397889 382245 526590 379500 152167 230030 754970 798647 276725 155543 579636 200423 516446 419774 456158 467727 397803 709283 497054 259635 123622 768688 337212 800488
 659857 691529 201139 991587 418642 715232 699222 541979 147151 705802 711243 850943 325392 733430 794357 908932 386826 491014 197239 798439 744199 476705 429421 371387 164136 1126577 725795 318521 491638 200794 756573 633348 426523 442847 189035 412014 708003 293375 144645 487768 257605 443602 267235 729878 289336 537953 237804 631870 587166 671246 890404 691493 1 649049 691090 673596 481095 310411 848374 314557 567942 864499 221336 318306 414842 554694 745726 881334 409979 550442 635195 417441 1049411 245542 620396 587562 572898 156938 814122 867605
 320677 61273 501421 360640 356167 85293 174004 161908 716910 323384 819266 231660 533165 280381 319532 378767 484485 275975 455508 149817 552246 508685 413386 748671 727169 534346 86104 502004 361185 567112 676818 744135 365385 723064 573123 341266 509604 364328 761461 684915 893346 476313 518003 342270 695092 252528 746447 311180 434941 813312 311967 145031 649049 1 347248 431612 272682 344662 660298 361030 226015 369673 753769 812716 255163 216913 694736 250774 399174 281605 311587 351509 523476 717172 596478 120543 119858 751757 479170 913167
 657287 399632 636979 615791 272471 415907 189062 459305 811652 666977 1103088 531413 736290 102055 665592 710275 345219 556528 511094 386249 883677 774172 275039 933831 826693 814856 327275 703198 643163 710680 995586 1020797 617176 941616 710846 582757 838874 425804 832647 927238 946863 298771 449071 687426 860065 173640 874897 62548 743847 1087026 629769 492157 691090 347248 1 99244 223677 485759 997046 529797 542062 710746 871827 955294 465954 527114 1008631 530407 287088 148164 59516 273674 845059 857944 894432 246240 431694 836573 824874 1218481
 730067 487409 649025 714614 265072 505533 284511 525425 804262 744078 1147877 626977 762921 200977 751121 802343 300095 612926 509577 483439 951171 818367 244265 949212 820156 913296 421142 730576 696460 721275 1055806 1064003 662712 967021 719767 627132 905688 435575 817818 960456 923756 246058 415416 765817 871414 214835 875165 120666 803438 1128290 724030 576236 673596 431612 99244 1 248519 510692 1066844 558212 609372 799662 869184 957522 510783 593204 1066536 627557 264213 181262 120080 268231 939616 862293 947304 320453 503006 825502 903179 1270814
 512946 333653 413304 624769 88644 357973 232502 304040 592838 536081 899828 503216 516954 252343 567645 645162 214505 374338 292145 391170 721008 570576 140874 710701 607336 806070 312327 484221 453836 487008 816333 815746 415860 721955 487247 380026 675085 202955 618523 712589 738696 203818 273627 560314 636423 56859 652615 161150 565278 879814 583942 397889 481095 272682 223677 248519 1 264750 838934 310985 386027 627456 650530 732371 264900 368391 825006 518538 129106 75523 164242 85296 792497 634747 702764 157503 294136 619780 693977 1025153
 383652 382789 163437 681177 260630 405945 428879 232963 373561 424534 648526 540556 252389 492056 500265 609541 335093 207118 135882 494373 534348 326089 314216 449484 384690 820246 426052 219897 249004 235425 599249 563322 189618 457216 238736 157006 490355 98880 416800 450685 548813 369839 282149 450169 379701 312193 412476 423514 366177 624256 583281 382245 310411 344662 485759 510692 264750 1 651674 49732 271644 570220 416265 486216 106112 255895 601288 571001 286818 339134 426406 255641 754627 388002 471735 307128 262514 407639 558815 784144
 340514 623738 654855 674705 881192 619077 834299 541490 789169 339768 347392 601060 524758 940364 391695 451646 981132 467991 767261 711620 118788 371768 943729 612104 784880 636877 716384 529947 403303 649724 131698 340327 462876 517057 661833 494679 164541 749158 852987 438329 959727 1006742 932256 325737 639282 855537 736987 949261 285574 381060 528071 526590 848374 660298 997046 1066844 838934 651674 1 608745 457503 401052 761197 738484 587177 473924 162362 635115 918077 889874 950658 875450 478643 699354 239515 750915 565512 823584 207524 331300
 356280 392628 140701 682967 310253 414326 461290 230897 357671 399627 598821 541874 206523 530604 482250 595209 383088 180922 163941 509167 492388 276764 363891 409916 367088 812113 445173 173522 208728 206929 552196 513634 145928 411846 212347 116498 449199 146824 406397 402368 539495 419043 323514 424772 344302 356221 386325 467916 324051 574771 576258 379500 314557 361030 529797 558212 310985 49732 608745 1 254177 552504 392848 456043 107386 240368 553409 574350 336484 384445 470721 305228 737551 358790 423385 338523 266048 393648 526082 734590
 127949 215842 379170 451514 439890 226234 393323 83996 591212 159121 593617 314068 353930 494812 228866 341090 554499 82091 407522 335935 342143 292286 503916 563222 597232 561269 303275 328410 145278 426564 456189 519750 174701 520717 435919 168134 297000 348090 646844 472603 779075 569422 537334 184927 525413 398528 595857 492325 209422 589058 328540 152167 567942 226015 542062 609372 386027 271644 457503 254177 1 299008 609241 648581 170292 18213 471983 351098 480593 432833 493826 434140 483865 561134 370468 296174 112471 629107 310804 688597
 215867 312262 670264 274063 700290 294842 524505 349923 873634 168120 689590 214939 612297 629394 70255 58580 824879 373486 705966 352197 340983 495681 762744 796628 877363 288561 387358 594717 390836 707937 482665 642504 447861 728648 718525 454727 321870 640705 932754 660612 1062509 828344 826095 150341 779824 618108 863142 679882 353364 705539 128018 230030 864499 369673 710746 799662 627456 570220 401052 552504 299008 1 880297 902102 466579 314334 511955 243096 743531 649097 680086 694881 185060 825765 480879 488188 340992 911925 195297 722253
 664540 782520 253523 1059456 605374 802882 843548 613867 74428 712426 547904 919776 268891 897380 813627 932704 597726 527232 361252 901190 676471 409189 629096 179455 57708 1162440 838006 285847 489711 187294 647850 481901 437611 272581 180678 441378 650521 447868 113889 339651 198564 653231 480939 732482 122601 705610 26000 810015 548701 502907 935979 754970 221336 753769 871827 869184 650530 416265 761197 392848 609241 880297 1 96991 498939 601479 629147 954941 606279 724934 813239 602870 1058603 61844 521705 722853 653105 82497 782114 705011
 687106 835957 323519 1099870 692708 854706 915014 664504 171382 734320 488869 962448 295300 975050 838262 956918 691679 568050 447979 957074 665714 412519 719837 127137 154552 1188607 898244 320331 517298 250800 617117 432692 473918 225342 247911 484490 645585 529551 201663 301899 243732 746653 575998 752099 123575 786257 83478 893041 556965 442072 969123 798647 318306 812716 955294 957522 732371 486216 738484 456043 648581 902102 96991 1 558154 643212 594773 998966 696242 807504 896209 689868 1074733 98364 501296 792865 705576 173404 785171 642961
 290465 285243 247965 577811 294648 307011 370106 127220 465056 327657 638256 436830 287736 450385 397029 504377 396558 120771 240208 402320 468392 308717 356657 500998 474409 714150 340242 254991 190416 312024 553624 555266 152119 488396 318266 117000 422779 178360 513281 464608 646272 419616 368360 353528 442240 297577 491298 406865 305508 621131 477214 276725 414842 255163 465954 510783 264900 106112 587177 107386 170292 466579 498939 558154 1 153402 561009 468431 330902 329983 409251 288947 650325 462146 437871 248388 159475 500982 471124 760456
 146082 211460 368052 458142 421731 223709 381573 67964 581520 177134 602430 319393 349479 481946 244380 355047 536304 75164 391692 333030 357998 295903 485751 560670 587958 573020 296430 322888 147838 417574 469739 527351 170299 521181 426637 160167 312634 330763 636355 475381 768888 551239 519755 202907 520400 381730 588719 476651 220975 596580 338919 155543 554694 216913 527114 593204 368391 255895 473924 240368 18213 314334 601479 643212 153402 1 484777 355754 462397 416055 478209 415980 498904 554511 380548 281674 100214 619264 328981 700315
 383691 670799 565913 782747 851803 672203 865076 551251 666605 402665 188765 687694 422007 966668 483317 568158 936331 453703 698171 775352 171096 282537 910897 467654 659972 774196 763852 435845 371171 545059 32215 179233 415589 369748 556719 451236 198590 699979 729189 293175 825842 969810 870105 398387 506666 851715 603863 954831 264879 219302 631594 579636 745726 694736 1008631 1066536 825006 601288 162362 553409 471983 511955 629147 594773 561009 484777 1 724868 883950 885510 956721 846269 621391 567923 131198 765388 584399 698306 320959 220946
 357278 195333 712509 111228 604586 170078 343380 343838 929564 325803 887457 38865 704897 435414 244487 212241 732548 430917 694418 144171 556692 630474 659132 913680 937464 290430 212848 678642 491367 768933 698687 827248 525578 865706 777123 515141 526478 608066 980550 810127 1113696 719771 768571 326773 876106 489021 943247 516108 509865 894828 120475 200423 881334 250774 530407 627557 518538 571001 635115 574350 351098 243096 954941 998966 468431 355754 724868 1 646984 512724 515308 600186 321947 909678 664685 361219 309027 966470 427829 943093
 608372 459507 398496 753712 43498 484278 353565 404493 540357 637379 934596 630606 527840 349092 680605 765364 85568 450705 250296 520208 799291 612610 27430 697212 556374 933449 441417 497681 518566 467759 879494 849280 468401 725925 464773 432938 753653 193476 553881 730595 662676 89151 162861 662603 616607 171552 613323 233034 635485 908838 708401 516446 409979 399174 287088 264213 129106 286818 918077 336484 480593 743531 606279 696242 330902 462397 883950 646984 1 165647 236318 48721 913752 602577 756034 286420 403734 561289 791349 1070890
 556598 342222 488824 613651 137571 364397 192421 348963 666144 574707 967860 502849 590839 186291 594027 660363 243153 432095 365218 375839 773206 638227 165003 786069 680884 803069 300277 557941 515220 562517 875161 884363 482068 796055 562705 446668 727500 277957 689847 784776 807685 214644 325698 597735 711944 34338 727453 85660 622918 949312 591361 419774 550442 281605 148164 181262 75523 339134 889874 384445 432833 649097 724934 807504 329983 416055 885510 512724 165647 1 88779 137010 804641 710003 766050 161287 331004 692237 733973 1089623
 612401 367849 577523 607583 217413 386523 172981 410247 753723 625054 1047196 512075 677242 119475 631067 684011 301794 503480 452915 372112 835967 717878 227604 874324 768627 803852 305319 644191 589214 651244 944584 964485 560981 882566 651474 526226 790775 366662 775920 869043 891713 260589 399173 646491 800578 114510 816016 3335 692348 1030330 607421 456158 635195 311587 59516 120080 164242 426406 950658 470721 493826 680086 813239 896209 409251 478209 956721 515308 236318 88779 1 218103 822978 798755 840660 201328 385505 779177 783946 1164755
