NAME : domp90p22v8
COMMENT : Cherkesly, Contardo & Gruson 2022
TYPE : DOMP
DIMENSION : 90
DISPLAY_DATA_TYPE : NO_DISPLAY
OPEN_FACILITIES : 22
COST_SECTION
 1 282623 1043125 1198056 1028463 440505 1007595 843456 878649 752442 319626 503531 835476 980809 877829 631472 702672 539565 902696 400785 800762 376767 1127015 998439 373787 771707 602436 625191 729536 921004 749077 579165 1197878 966562 935914 655622 793188 568400 684614 339619 427720 92390 1022050 921555 406052 603127 743495 1108820 748203 579760 642741 869609 209683 742659 828857 631413 81896 480875 896443 291080 693299 393598 406644 831033 711984 37040 749768 794492 1116542 569251 101419 933783 1091345 856227 430684 545576 705838 495712 895257 263311 808286 192616 777860 1006947 875306 1012331 817702 361852 384219 298968
 282623 1 955304 1103478 885922 531310 875447 603538 808118 777855 141277 595558 630339 840591 824732 647342 613462 440976 807015 121904 800481 183196 968286 814931 326244 751407 412495 724305 797773 705445 719552 679707 1078073 896021 727039 679826 518947 588754 539547 101065 481838 190869 846861 648124 565069 492925 468909 994562 755818 395797 560846 647611 376875 715974 946475 375992 289836 291857 624533 338778 706557 445026 347508 738171 764411 250533 775885 735455 1032174 702543 186476 682473 935694 658128 148260 404724 740941 316017 778324 207550 917800 392417 883560 824556 779381 968014 557613 310435 101601 139157
 1043125 955304 1 155126 211518 683868 174956 641588 168055 424788 815861 656855 497535 212789 189871 469952 345965 519310 148401 906078 345054 773262 289551 380166 673325 320920 580101 635006 538346 523697 323468 648270 190670 92064 493111 468281 850354 518534 429115 858624 651349 998412 344399 869686 806237 462858 847673 115415 387487 585829 403956 557521 878375 332154 694857 747401 1115551 674879 848359 755999 427930 674037 641603 217755 502277 1013513 427437 254415 76942 726236 1029089 706069 268064 465102 930974 551850 464847 648665 192678 800407 663355 918565 647008 375104 175931 157682 749711 687131 941671 823568
 1198056 1103478 155126 1 276557 835079 259311 737646 322438 559580 965225 804808 599790 302530 337709 618866 498949 671288 298648 1048306 480337 920630 297586 444465 827563 466838 716659 772404 667360 605778 473697 789858 111046 239724 572248 614083 955055 670088 569541 1005469 804975 1152352 401445 957122 955228 613079 958565 129384 527703 724954 557683 650070 1033059 482118 804569 872087 1270135 818736 938753 911125 572625 828407 795634 369886 636545 1168257 562429 408698 87835 865791 1182685 786408 294700 564761 1071036 698831 603443 792796 327661 953755 776261 1073073 764594 436650 326520 254070 849799 841183 1084612 973843
 1028463 885922 211518 276557 1 741936 42866 461540 272569 555806 755727 733007 326522 47725 322910 554066 344608 489581 194857 813521 482866 704294 113458 172671 656886 433924 478054 746567 673081 329583 418383 747696 205219 261000 296402 565266 680232 584406 349693 785077 692343 967963 133755 680888 871407 425712 686166 147430 509213 491666 401823 373740 896167 427057 852430 611147 1091988 594129 662254 760840 532404 704867 623955 241766 628617 994909 557801 333277 256624 828179 994219 511113 78085 290906 830849 490331 583754 569979 151927 768699 817835 938303 795582 166342 208217 360400 574111 667557 851015 768383
 440505 531310 683868 835079 741936 1 708522 773054 517244 320797 424683 65942 690240 696994 497543 218417 401429 327146 568459 578880 381556 436800 854140 782817 248495 371712 503464 195021 289391 780254 361390 149273 864254 595392 778688 232090 842536 165355 475603 489139 70864 444380 788509 947648 129878 372826 803467 775247 327590 481339 351480 752295 233705 353022 415519 654349 522383 449143 918741 192672 273829 95300 254788 504636 272392 425510 317910 432214 747922 178905 479852 878031 817430 692761 619633 395721 271904 439352 590613 326180 388017 264023 354419 788106 545469 612685 808547 258662 593466 411969
 1007595 875447 174956 259311 42866 708522 1 480390 230440 514371 742639 697303 340730 43280 280309 516524 315312 468033 153686 808023 440813 692810 152483 205244 634553 393037 472452 707211 631732 354070 378713 709502 204261 218803 322090 526524 696230 549110 336251 775065 660997 949837 170078 704013 837574 404618 699254 131228 468184 484228 373935 393645 869293 387474 810068 616064 1072946 584497 684224 735470 492805 675071 601581 205187 587721 974653 516412 293804 227548 789966 977035 536648 118883 305970 827252 475274 543247 559653 118398 749935 775585 911271 753607 200163 168987 319777 591727 645874 845228 754321
 843456 603538 641588 737646 461540 773054 480390 1 589893 778628 523833 803235 145165 437345 639041 695629 469411 447885 529549 492065 739470 466913 484539 307151 558465 671507 273491 884784 873189 143032 636839 861214 660926 642123 176926 725563 221310 681319 329416 514027 702987 757848 351537 231039 887422 416001 236808 608262 731099 297391 477058 88146 805357 641182 1070225 231345 878958 371720 207689 674432 717321 690603 536306 502232 823221 806433 778905 579822 705368 930063 770233 104997 466036 176487 489087 377815 777070 365304 461572 598816 1033348 843560 1001469 316960 514399 749734 113261 558104 527045 544574
 878649 808118 168055 322438 272569 517244 230440 589893 1 284876 667116 493427 446935 242548 54127 306633 195316 367305 79822 770958 210375 629319 381720 398055 512432 166485 463037 484738 402269 500412 160392 492421 348231 88978 476814 309275 777470 351956 311799 714917 483336 837579 377415 820471 641311 317588 765666 260791 240214 463269 247924 516525 710622 169340 579950 646335 952467 539946 795798 589926 271464 506059 481617 89728 359689 849920 287040 86363 238339 572081 869182 672892 349230 421865 799573 412698 316911 513699 146197 641862 545273 750669 523177 397220 80116 171870 686995 526849 804845 672692
 752442 777855 424788 559580 555806 320797 514371 778628 284876 1 644377 270277 652359 521624 240896 130541 309529 391123 360950 784538 79834 629305 666327 661003 451703 123529 564400 212937 117413 726746 149054 234373 615432 333222 711138 99420 922238 191276 450818 705872 325186 740303 648492 996151 418251 384850 896648 534537 49681 552159 308033 724265 551766 142455 304410 753893 833483 582239 968478 471792 73572 360827 433050 327214 77519 732617 3039 229009 472537 307091 775509 876444 633236 638068 821600 468911 49661 560457 415023 575986 268042 584326 242098 662310 350067 313296 853293 467460 810329 640545
 319626 141277 815861 965225 755727 424683 742639 523833 667116 644377 1 485250 523790 709492 683460 514416 472763 299852 667800 154241 662808 58007 843373 698581 194732 611945 294167 610882 673347 606124 579518 568387 943690 755189 623503 547830 491374 458310 406564 64818 366306 235474 727194 616266 483951 353029 443541 858816 619691 273980 419655 552577 325676 576193 833619 316694 359648 169324 589567 240792 572029 331903 211383 598352 636780 282608 642563 594180 892627 602285 252265 614951 809604 547761 195056 268131 609946 189538 641866 108068 802843 354478 768072 707777 640061 826756 502468 179680 170804 21786
 503531 595558 656855 804808 733007 65942 697303 803235 493427 270277 485250 1 710949 689722 467734 187021 401389 355441 551491 639069 337728 493664 846217 788251 302204 338022 538826 129338 226206 799353 333734 84150 841639 566352 795017 191708 886401 148819 493198 549978 120412 509971 790217 987156 151095 392899 849186 753934 284569 517950 358008 775898 294976 324930 350922 699493 585414 496380 958234 257527 233888 153348 303590 492117 214010 489793 267283 411191 717078 128921 545404 908097 809916 710240 679650 429752 220625 484169 581089 389385 322685 322188 288865 792788 530492 573283 846166 313905 655071 473537
 835476 630339 497535 599790 326522 690240 340730 145165 446935 652359 523790 710949 1 297451 497199 582106 344097 365068 384723 534632 606804 466079 368554 194894 505831 539580 233121 778410 753469 91299 506485 759960 530333 497071 100471 609335 355560 577299 218413 531926 623046 757580 234958 375937 812737 318360 359651 470782 603600 256264 363483 72122 761794 511690 950685 297793 882884 355704 352854 624159 595929 617522 478152 360606 703312 798840 652939 443139 562923 833499 776034 227819 344017 35890 542526 312093 656089 339765 316440 576090 913700 802548 883192 205138 370306 604859 252388 509515 572118 541965
 980809 840591 212789 302530 47725 696994 43280 437345 242548 521624 709492 689722 297451 1 295105 512849 298203 441862 162873 770296 451086 658549 157149 169524 609162 398644 434582 707548 638401 312471 380619 707003 243486 245525 281043 525584 652956 540941 303092 739889 646359 920619 139298 661645 826652 377999 656050 174111 474027 447361 354875 350810 848784 389105 821396 574195 1044523 549000 641601 713263 494151 658274 576230 200932 592813 947302 523473 295620 269389 787436 947039 495123 120462 262711 788599 443457 547146 524575 109863 721237 786259 890942 762825 165714 171620 350481 548533 619844 807663 721875
 877829 824732 189871 337709 322910 497543 280309 639041 54127 240896 683460 467734 497199 295105 1 281282 219921 384709 133190 794926 163261 649191 429837 452124 518800 131060 497737 447168 357512 553073 136245 458782 378490 98629 530030 278437 821983 332907 349316 734329 470339 842051 430999 869027 617762 341202 808219 294805 199741 495810 265046 567458 701614 144526 530071 684538 953615 565818 843922 587143 238100 496175 489419 136813 317487 850620 243301 89300 250386 537239 874617 723993 398471 473192 825248 438024 277353 539852 200320 649903 495940 740558 475124 451214 133956 143468 733877 533833 827730 687409
 631472 647342 469952 618866 554066 218417 516524 695629 306633 130541 514416 187021 582106 512849 281282 1 243959 276002 367380 656378 169462 501194 667514 627355 321256 153403 458896 200780 182227 664457 146714 194387 654751 379796 654243 34843 819182 63278 367410 576380 204841 613867 623584 902768 336493 283780 789800 567342 116786 443651 219446 652064 437608 137912 376284 643415 711563 461342 874407 345635 62224 237876 303321 312353 134878 609559 128544 225788 531316 274693 648805 797583 631826 574065 694031 356310 97607 441158 403072 445685 339769 473392 306851 630623 347990 394688 759141 336986 681312 510216
 702672 613462 345965 498949 344608 401429 315312 469411 195316 309529 472763 401389 344097 298203 219921 243959 1 173802 200819 576390 273078 434039 454895 387605 329707 205082 282405 444422 409588 422651 169018 433189 495863 282602 410891 267960 625267 254403 145206 519657 348357 653639 388909 690023 531299 122421 605400 406406 261699 278032 60086 415630 554491 172559 606675 472855 772661 346248 662887 422582 251946 360282 297353 129168 359465 671616 309920 134214 422015 511537 683759 566946 418016 332603 605897 218505 312093 320176 197650 454807 569694 596339 539484 391789 173124 361879 548455 342857 609911 479191
 539565 440976 519310 671288 489581 327146 468033 447885 367305 391123 299852 355441 365068 441862 384709 276002 173802 1 372641 413544 387475 264675 591345 482311 167424 327762 187511 444784 457628 455948 292306 416823 660693 455561 457410 310284 545943 244026 159850 349638 258586 484144 497785 637151 447732 63930 514695 572701 354426 169634 119945 425390 415787 290859 647641 367517 605756 193488 608364 276915 318557 252688 134588 301697 410880 506718 390177 295463 595608 482874 513045 552813 555049 370935 446444 80658 371137 170238 356858 284135 611912 457976 577880 489341 344769 528176 494438 178017 444858 305575
 902696 807015 148401 298648 194857 568459 153686 529549 79822 360950 667800 551491 384723 162873 133190 367380 200819 372641 1 758310 288664 624874 306090 319635 530373 239352 435473 554520 478234 430448 226093 558512 299767 113412 404892 374978 726740 405258 283289 710225 527199 854440 297810 760558 695726 314965 719094 209749 314515 439790 260242 451859 746866 234958 658838 609352 973331 526884 736978 619275 340036 545770 498120 71729 434037 872039 362945 142036 225340 638829 884434 607030 272414 356758 783836 403457 389641 500630 70911 655403 623890 788016 601061 318405 27874 220188 631521 543642 793711 675837
 400785 121904 906078 1048306 813521 578880 808023 492065 770958 784538 154241 639069 534632 770296 794926 656378 576390 413544 758310 1 795108 155244 887106 725322 343519 739217 335720 763893 821769 603254 704680 721898 1012251 856099 627504 690607 397047 603531 478772 90525 519638 308399 760424 526227 635153 454084 347008 932664 755739 324290 530826 543496 464237 702551 986371 261315 411735 231685 502725 393938 711235 485759 354678 693267 783126 366955 782952 706411 982819 756511 307482 565756 856421 565127 40871 358263 753358 258008 720647 258631 955073 486924 920207 735275 731500 937891 438656 329443 37788 168661
 800762 800481 345054 480337 482866 381556 440813 739470 210375 79834 662808 337728 606804 451086 163261 169462 273078 387475 288664 795108 1 641045 591851 597563 475951 68124 546100 292110 194588 675789 104222 310868 535718 253647 657560 149548 897318 232367 418218 721566 374248 780771 581892 962669 488162 368247 875477 455377 53984 536976 286703 678908 606440 101840 370317 737688 880628 580951 935707 513486 108629 407225 452979 263719 157348 778375 82556 167548 393091 385571 815396 833689 559595 589183 830303 459927 123644 557318 347418 605174 335233 641431 312811 598089 280820 237088 821466 491862 823486 661542
 376767 183196 773262 920630 704294 436800 692810 466913 629319 629305 58007 493664 466079 658549 649191 501194 434039 264675 624874 155244 641045 1 789623 642354 192695 586526 237566 615370 668097 548138 552642 574895 895080 716419 565671 535477 445355 448945 356659 85652 373278 293424 671745 567878 509334 312241 398879 811379 600884 218182 384152 494596 366578 550092 836803 265260 417640 112975 540611 265034 556027 341812 200523 556740 628639 339728 627713 560023 850188 615695 310120 559342 756283 490436 193071 221806 598270 134955 595147 145560 804653 398590 769700 651645 597358 792642 449609 179955 182465 77829
 1127015 968286 289551 297586 113458 854140 152483 484539 381720 666327 843373 846217 368554 157149 429837 667514 454895 591345 306090 887106 591851 789623 1 177760 758609 545418 556026 859502 783734 342436 531084 861071 195107 357426 308038 678470 705671 697533 442890 867249 803222 1062645 134368 685271 983782 527516 719315 188501 620478 572606 510706 397698 1002586 539817 959816 665404 1187718 677370 670601 865852 645168 814478 725884 355224 740058 1092667 668415 446081 310612 941555 1087365 511713 36901 333366 900550 583433 695710 654682 265175 865082 925777 1044830 904583 167763 321075 446638 597223 768404 924881 857544
 998439 814931 380166 444465 172671 782817 205244 307151 398055 661003 698581 788251 194894 169524 452124 627355 387605 482311 319635 725322 597563 642354 177760 1 643660 537988 404822 827764 774529 166211 513233 819764 357727 413679 131720 646640 528438 641992 322927 714742 722968 926841 44719 514935 911681 422026 541555 317431 611660 424618 431716 219985 897541 520788 965094 492615 1052767 529465 498302 758277 621559 726677 612389 334348 726306 962707 662432 432316 429267 898728 948536 342678 159517 161360 735389 454633 678946 509383 252325 735251 928948 939589 902778 10271 319599 519734 420130 650887 763031 714850
 373787 326244 673325 827563 656886 248495 634553 558465 512432 451703 194732 302204 505831 609162 518800 321256 329707 167424 530373 343519 475951 192695 758609 643660 1 430761 285778 422687 478976 596710 401384 382524 824175 601311 603796 354105 599688 263850 321521 258423 181938 325298 661971 710706 339045 231353 558565 735270 430033 261512 270148 556393 256441 396767 644192 410982 442966 205291 682025 118379 380325 153410 32973 458646 442049 342067 449766 431530 748121 426746 356761 661486 722380 518481 383183 194127 415809 200386 521508 131644 612253 297788 577323 651251 502770 659338 576333 15915 364555 189118
 771707 751407 320920 466838 433924 371712 393037 671507 166485 123529 611945 338022 539580 398644 131060 153403 205082 327762 239352 739217 68124 586526 545418 537988 430761 1 480208 318417 239767 609955 37010 328042 509176 229371 592616 147555 829773 210194 350272 668756 351953 744810 524985 894547 488698 303749 808498 424280 75396 471926 221621 611700 585501 36923 427108 671880 850008 520570 867594 481232 107059 381410 405265 203849 194705 747063 125194 105688 379076 406964 778743 766137 511694 522679 773358 397295 150650 496309 291551 561857 391021 622813 365607 539120 227027 243273 753388 446538 768829 612260
 602436 412495 580101 716659 478054 503464 472452 273491 463037 564400 294167 538826 233121 434582 497737 458896 282405 187511 435473 335720 546100 237566 556026 404822 285778 480208 1 632258 641114 320335 443198 603554 676711 541470 333592 492222 360287 431222 152582 311582 432799 525671 434947 449865 614687 179631 332337 598228 522501 24428 259549 273879 537016 444481 833553 191673 651352 124846 421033 402949 494641 418243 262844 377312 593057 565859 563901 415890 655870 667344 545489 377556 523905 254474 355232 109163 550779 106822 389993 343328 797506 576588 763799 414156 410333 634801 307665 286469 373088 311175
 625191 724305 635006 772404 746567 195021 707211 884784 484738 212937 610882 129338 778410 707548 447168 200780 444422 444784 554520 763893 292110 615370 859502 827764 422687 318417 632258 1 122123 862693 328538 46414 825146 542980 853690 182332 988396 203487 561058 675700 244643 637136 822852 1081896 236690 468791 954138 741900 247640 613576 415083 847114 415509 319748 222851 804689 706744 606578 1053127 386766 214489 280113 419223 506744 137082 613971 210053 413427 685200 95231 672418 988381 824649 772312 804195 524002 170159 591464 597825 517557 193524 437758 159542 830848 538440 525454 938973 435641 781374 600159
 729536 797773 538346 667360 673081 289391 631732 873189 402269 117413 673347 226206 753469 638401 357512 182227 409588 457628 478234 821769 194588 668097 783734 774529 478976 239767 641114 122123 1 831668 261350 159983 728886 447602 818113 149238 1001400 220940 543796 737369 319186 731934 763630 1083804 355503 465173 971911 649729 164425 625816 396313 824678 521180 253743 197341 825142 811431 639146 1055567 469566 157667 356833 467574 442179 50163 714884 115325 344246 581531 215190 767488 973670 750583 741937 860815 538144 97607 620181 531078 590635 160370 547581 130036 776249 466782 415680 940212 493736 843529 665852
 921004 705445 523697 605778 329583 780254 354070 143032 500412 726746 606124 799353 91299 312471 553073 664457 422651 455948 430448 603254 675789 548138 342436 166211 596710 609955 320335 862693 831668 1 578725 845984 523241 538377 34504 690231 363440 663234 306157 609234 713515 841133 210921 351353 903434 407699 379656 476970 677379 344094 447843 61696 852411 584646 1028223 352068 965770 440160 333336 715075 674057 708538 569274 419389 781656 884190 727553 509150 581591 920610 858121 182653 325727 90410 606708 403202 734063 426019 359654 663602 991294 893000 961690 175664 420894 647064 254927 600112 640048 625068
 749077 719552 323468 473697 418383 361390 378713 636839 160392 149054 579518 333734 506485 380619 136245 146714 169018 292306 226093 704680 104222 552642 531084 513233 401384 37010 443198 328538 261350 578725 1 333081 508176 234057 562449 149477 793144 196667 314064 635456 335133 718893 502598 858935 482771 266895 771628 421165 99374 434960 184710 578581 567575 8975 453282 634870 826457 484653 831864 458033 114092 362347 374795 181503 213700 723384 150185 85136 386559 413180 752432 732364 496456 490676 738427 360811 167042 460217 271670 532903 416758 605922 389724 514902 210168 263260 717473 417029 734728 580506
 579165 679707 648270 789858 747696 149273 709502 861214 492421 234373 568387 84150 759960 707003 458782 194387 433189 416823 558512 721898 310868 574895 861071 819764 382524 328042 603554 46414 159983 845984 333081 1 837187 556304 838701 183638 956841 182761 541670 633176 202281 590734 817343 1053378 195521 445913 921327 752118 262172 583971 398523 827412 369503 324124 266777 771625 660786 571149 1024522 341586 221246 236718 381102 506249 163741 567671 231362 416503 702189 80485 626010 965455 825603 755855 762364 494618 187248 557192 597164 473436 238748 392476 205199 823387 540567 547306 911081 394942 738534 557085
 1197878 1078073 190670 111046 205219 864254 204261 660926 348231 615432 943690 841639 530333 243486 378490 654751 495863 660693 299767 1012251 535718 895080 195107 357727 824175 509176 676711 825146 728886 523241 508176 837187 1 282346 488919 655664 881420 699356 538536 978036 826086 1144790 313208 872525 989346 598788 889523 90026 577510 688320 555948 572784 1046530 517063 881241 816197 1266166 787867 856016 917746 616164 845418 791420 369791 692905 1166147 618071 432098 161799 915722 1173222 699743 199918 494511 1031463 675615 655020 762769 304030 944692 850731 1087746 835702 348874 325762 331685 774127 836579 1049424 954525
 966562 896021 92064 239724 261000 595392 218803 642123 88978 333222 755189 566352 497071 245525 98629 379796 282602 455561 113412 856099 253647 716419 357426 413679 601311 229371 541470 542980 447602 538377 234057 556304 282346 1 511053 376895 840112 430365 388954 802066 565939 926382 384713 873007 716288 404228 832048 202401 295431 543653 336551 563099 795541 242545 609239 719769 1040823 624576 849714 677141 336247 590353 570566 164421 410643 938160 335833 172225 153098 634182 958070 717247 330132 468153 883731 498098 372822 598261 180795 730836 576783 835082 558978 410658 133639 108698 744819 615771 890475 761100
 935914 727039 493111 572248 296402 778688 322090 176926 476814 711138 623503 795017 100471 281043 530030 654243 410891 457410 404892 627504 657560 565671 308038 131720 603796 592616 333592 853690 818113 34504 562449 838701 488919 511053 1 678843 397709 656225 303104 629637 713122 857696 176434 384957 903456 405961 413177 443659 661573 356708 440204 92594 860129 568720 1013946 380011 982860 455880 367370 721910 660826 709960 575349 398193 768294 899260 712069 490255 549614 914432 875764 214839 291235 86476 632521 409682 720572 440208 333983 676498 977100 901142 948118 141161 396875 619615 289220 608062 664602 641909
 655622 679826 468281 614083 565266 232090 526524 725563 309275 99420 547830 191708 609335 525584 278437 34843 267960 310284 374978 690607 149548 535477 678470 646640 354105 147555 492222 182332 149238 690231 149477 183638 655664 376895 678843 1 852470 91923 396556 610102 227904 641357 640789 934680 342793 315940 823557 569625 95565 477367 248560 679847 458019 140512 344957 677521 736282 496165 906410 372816 42277 262707 337039 324672 100875 634883 97130 233044 526266 263861 676494 826881 643299 599967 728398 390423 62903 475916 415773 476994 308218 492342 275936 649460 357539 382198 791072 369744 715240 543205
 793188 518947 850354 955055 680232 842536 696230 221310 777470 922238 491374 886401 355560 652956 821983 819182 625267 545943 726740 397047 897318 445355 705671 528438 599688 829773 360287 988396 1001400 363440 793144 956841 881420 840112 397709 852470 1 789852 480487 455179 772210 701322 572846 129189 938227 538107 50040 825847 878593 376363 614559 309091 811794 795654 1193411 188716 808756 394576 106897 700560 853778 750120 588222 687773 953275 757799 921911 751106 917677 1015184 703617 224646 687319 390317 376547 465502 910625 403198 662978 590909 1157503 843815 1123642 538217 707846 944846 108521 593453 422718 513015
 568400 588754 518534 670088 584406 165355 549110 681319 351956 191276 458310 148819 577299 540941 332907 63278 254403 244026 405258 603531 232367 448945 697533 641992 263850 210194 431222 203487 220940 663234 196667 182761 699356 430365 656225 91923 789852 1 359133 521281 142747 550759 642522 879945 290567 265319 757703 610621 180025 413646 216048 645088 376251 188506 404609 609313 648376 418878 851265 282424 125474 174871 248893 344022 179704 546311 189029 267268 583136 258557 585751 785016 661183 573135 641995 324351 152189 400694 432481 385210 369400 412912 334975 646183 383305 453325 736700 279306 626943 452878
 684614 539547 429115 569541 349693 475603 336251 329416 311799 450818 406564 493198 218413 303092 349316 367410 145206 159850 283289 478772 418218 356659 442890 322927 321521 350272 152582 561058 543796 306157 314064 541670 538536 388954 303104 396556 480487 359133 1 439558 410548 619975 340503 545798 600962 103203 462105 455810 404336 156724 148057 286081 574615 317267 740911 335268 744871 250066 518410 435364 388035 409364 289827 224994 493810 649994 450933 272143 505401 615111 645327 430335 407682 217427 502251 140944 447691 224569 241894 422233 704010 616674 672306 330210 257858 483660 403653 329582 515098 418783
 339619 101065 858624 1005469 785077 489139 775065 514027 714917 705872 64818 549978 531926 739889 734329 576380 519657 349638 710225 90525 721566 85652 867249 714742 258423 668756 311582 675700 737369 609234 635456 633176 978036 802066 629637 610102 455179 521281 439558 1 431120 249134 746217 582800 544906 397893 405939 895088 679736 294733 469359 552601 377900 632581 898434 293282 365908 190949 557282 303417 633121 396638 273075 642294 700222 303571 704132 645099 935560 666391 257342 598668 834631 558891 131371 306879 672477 215420 679378 168214 867623 403069 832842 724305 682757 877796 479048 243658 106232 78136
 427720 481838 651349 804975 692343 70864 660997 702987 483336 325186 366306 120412 623046 646359 470339 204841 348357 258586 527199 519638 374248 373278 803222 722968 181938 351953 432799 244643 319186 713515 335133 202281 826086 565939 713122 227904 772210 142747 410548 431120 1 417086 730981 876829 190415 307365 733546 736321 321107 410572 294536 683966 233638 327537 467472 584230 508468 379457 847918 150730 266081 37654 185316 460172 291990 407433 322575 397042 719023 245531 452540 807928 766352 626889 560086 325366 279705 369023 542602 274356 437283 271001 402708 728697 502663 595216 737685 193495 536733 355553
 92390 190869 998412 1152352 967963 444380 949837 757848 837579 740303 235474 509971 757580 920619 842051 613867 653639 484144 854440 308399 780771 293424 1062645 926841 325298 744810 525671 637136 731934 841133 718893 590734 1144790 926382 857696 641357 701322 550759 619975 249134 417086 1 952736 829869 436853 546200 651556 1056823 730033 503953 594670 788014 233959 713270 850482 542054 125930 401879 804962 268543 676069 380256 356811 782804 708512 59875 737826 755842 1073381 593319 35558 846083 1027628 780143 338619 479219 696245 419036 840833 200130 826693 233365 794513 935683 826693 980606 728085 311289 292365 216078
 1022050 846861 344399 401445 133755 788509 170078 351537 377415 648492 727194 790217 234958 139298 430999 623584 388909 497785 297810 760424 581892 671745 134368 44719 661971 524985 434947 822852 763630 210921 502598 817343 313208 384713 176434 640789 572846 642522 340503 746217 730981 952736 1 559336 918043 435798 585340 275470 599659 453563 437182 264096 913546 510536 951389 532530 1078545 558788 542897 774670 613387 736931 630093 321470 716294 986717 650093 419575 389722 897010 975484 386790 114811 200251 771902 476638 669416 537657 234475 758763 915636 955752 890587 35674 301369 488718 464612 670061 798197 742747
 921555 648124 869686 957122 680888 947648 704013 231039 820471 996151 616266 987156 375937 661645 869027 902768 690023 637151 760558 526227 962669 567878 685271 514935 710706 894547 449865 1081896 1083804 351353 858935 1053378 872525 873007 384957 934680 129189 879945 545798 582800 876829 829869 559336 1 1049627 618990 179228 828301 950086 469600 689258 312185 932888 862576 1279033 304317 937920 506070 28928 816607 931177 857595 696026 732319 1034522 885972 996159 806822 930974 1115998 832622 173586 673170 405782 505441 558775 989865 510826 692335 712946 1242533 966216 1209502 523663 745384 980735 143627 705959 551760 638017
 406052 565069 806237 955228 871407 129878 837574 887422 641311 418251 483951 151095 812737 826652 617762 336493 531299 447732 695726 635153 488162 509334 983782 911681 339045 488698 614687 236690 355503 903434 482771 195521 989346 716288 903456 342793 938227 290567 600962 544906 190415 436853 918043 1049627 1 497778 896151 900924 435330 591444 480880 872505 203009 474091 423880 749639 485377 544260 1020904 244523 384982 196943 354617 633171 355119 401877 415223 557510 867582 164855 470209 991996 947105 817172 675771 510088 368740 538885 719891 376762 405492 213484 377030 917131 673373 724220 914036 344775 642737 467086
 603127 492925 462858 613079 425712 372826 404618 416001 317588 384850 353029 392899 318360 377999 341202 283780 122421 63930 314965 454084 368247 312241 527516 422026 231353 303749 179631 468791 465173 407699 266895 445913 598788 404228 405961 315940 538107 265319 103203 397893 307365 546200 435798 618990 497778 1 511799 511389 342953 168850 82286 383097 478046 267345 660046 370261 668557 224737 590630 339671 315678 306550 198505 245337 416279 570042 384388 253437 539602 516987 574435 519804 491181 319940 484047 97078 372765 198930 294759 346072 623548 520302 590542 428707 287167 483872 475363 241845 487497 360880
 743495 468909 847673 958565 686166 803467 699254 236808 765666 896648 443541 849186 359651 656050 808219 789800 605400 514695 719094 347008 875477 398879 719315 541555 558565 808498 332337 954138 971911 379656 771628 921327 889523 832048 413177 823557 50040 757703 462105 405939 733546 651556 585340 179228 896151 511799 1 829937 854214 346190 590361 321762 765453 773639 1162111 149752 758721 354393 156476 656741 826955 710201 548711 676014 924426 708199 896178 734151 916998 977674 653645 259189 698800 395287 326720 434039 882786 365026 657724 544380 1126524 796845 1092378 551576 698828 935006 131293 551625 372788 465097
 1108820 994562 115415 129384 147430 775247 131228 608262 260791 534537 858816 753934 470782 174111 294805 567342 406406 572701 209749 932664 455377 811379 188501 317431 735270 424280 598228 741900 649729 476970 421165 752118 90026 202401 443659 569625 825847 610621 455810 895088 736321 1056823 275470 828301 900924 511389 829937 1 494544 608380 466476 520705 956511 430103 809825 746847 1177668 705839 809668 827936 530873 755448 702593 279843 611682 1077325 537067 343418 122127 831242 1085633 658193 176154 435623 953456 590734 572157 680375 217186 856832 778020 997721 760997 310095 235765 270311 720443 747858 969518 869038
 748203 755818 387487 527703 509213 327590 468184 731099 240214 49681 619691 284569 603600 474027 199741 116786 261699 354426 314515 755739 53984 600884 620478 611660 430033 75396 522501 247640 164425 677379 99374 262172 577510 295431 661573 95565 878593 180025 404336 679736 321107 730033 599659 950086 435330 342953 854214 494544 1 511358 264083 675580 552810 92853 354021 713070 828345 547268 922584 462110 55041 354610 408701 278223 119617 726334 50873 180087 440018 339002 764844 828269 586918 588874 791875 430283 77617 524599 366695 557747 317586 587597 291166 613065 302415 288983 807574 445934 782939 617348
 579760 395797 585829 724954 491666 481339 484228 297391 463269 552159 273980 517950 256264 447361 495810 443651 278032 169634 439790 324290 536976 218182 572606 424618 261512 471926 24428 613576 625816 344094 434960 583971 688320 543653 356708 477367 376363 413646 156724 294733 410572 503953 453563 469600 591444 168850 346190 608380 511358 1 250391 298181 512594 435778 817072 201776 629765 105240 440707 378568 481520 395248 238933 379234 578238 543281 551546 412170 662054 646660 524429 401208 539898 276568 346098 89576 536762 85002 397489 319853 781219 552189 747303 433798 414008 634586 328222 262080 361241 290352
 642741 560846 403956 557683 401823 351480 373935 477058 247924 308033 419655 358008 363483 354875 265046 219446 60086 119945 260242 530826 286703 384152 510706 431716 270148 221621 259549 415083 396313 447843 184710 398523 555948 336551 440204 248560 614559 216048 148057 469359 294536 594670 437182 689258 480880 82286 590361 466476 264083 250391 1 432882 495374 185388 593190 451028 713094 304360 661339 362705 241939 303832 238005 188513 346485 611846 307834 175958 479470 474466 625151 578383 473809 357555 562261 177887 300961 279049 256921 396474 556335 537336 524419 436798 232691 408491 546000 283551 563094 424825
 869609 647611 557521 650070 373740 752295 393645 88146 516525 724265 552577 775898 72122 350810 567458 652064 415630 425390 451859 543496 678908 494596 397698 219985 556393 611700 273879 847114 824678 61696 578581 827412 572784 563099 92594 679847 309091 645088 286081 552601 683966 788014 264096 312185 872505 383097 321762 520705 675580 298181 432882 1 810242 583754 1021968 290622 911941 389230 291098 674571 667257 676142 530593 431207 774515 832664 724820 514998 619646 899852 803838 156573 378318 95107 546012 365454 727409 377119 382363 615156 984982 850153 954263 229937 438883 671443 201360 558543 580061 572064
 209683 376875 878375 1033059 896167 233705 869293 805357 710622 551766 325676 294976 761794 848784 701614 437608 554491 415787 746866 464237 606440 366578 1002586 897541 256441 585501 537016 415509 521180 852411 567575 369503 1046530 795541 860129 458019 811794 376251 574615 377900 233638 233959 913546 932888 203009 478046 765453 956511 552810 512594 495374 810242 1 560236 621350 628719 291293 436065 905166 139330 497847 205441 286071 676913 506095 200575 548968 624415 948238 362284 267202 905770 965861 774914 503235 450532 503755 440126 752116 221104 599678 42283 568791 904785 720793 828717 808278 252301 464677 305298
 742659 715974 332154 482118 427057 353022 387474 641182 169340 142455 576193 324930 511690 389105 144526 137912 172559 290859 234958 702551 101840 550092 539817 520788 396767 36923 444481 319748 253743 584646 8975 324124 517063 242545 568720 140512 795654 188506 317267 632581 327537 713270 510536 862576 474091 267345 773639 430103 92853 435778 185388 583754 560236 1 446359 636124 820255 483649 835407 451682 105357 355130 370578 189669 205797 717200 143469 93781 394901 404236 746922 737191 505136 496342 736576 360511 158927 459403 280026 528172 409762 598427 382429 522550 218843 269823 720860 412464 732320 576869
 828857 946475 694857 804569 852430 415519 810068 1070225 579950 304410 833619 350922 950685 821396 530071 376284 606675 647641 658838 986371 370317 836803 959816 965094 644192 427108 833553 222851 197341 1028223 453282 266777 881241 609239 1013946 344957 1193411 404609 740911 898434 467472 850482 951389 1279033 423880 660046 1162111 809825 354021 817072 593190 1021968 621350 446359 1 1013910 908903 821304 1250647 608149 354758 502911 638754 630884 247492 821920 303150 532790 724232 259617 885251 1170944 928499 938712 1026562 728259 294599 804312 717110 740131 36987 636823 69769 966198 650921 551863 1135407 657529 1004181 823006
 631413 375992 747401 872087 611147 654349 616064 231345 646335 753893 316694 699493 297793 574195 684538 643415 472855 367517 609352 261315 737688 265260 665404 492615 410982 671880 191673 804689 825142 352068 634870 771625 816197 719769 380011 677521 188716 609313 335268 293282 584230 542054 532530 304317 749639 370261 149752 746847 713070 201776 451028 290622 628719 636124 1013910 1 658629 205877 276459 513233 683009 561575 399775 558059 778266 594847 753260 605267 820612 828044 550348 306653 639098 332294 257951 287110 737645 215395 554732 409384 978541 662522 944239 502872 586384 817949 186340 404885 295821 338439
 81896 289836 1115551 1270135 1091988 522383 1072946 878958 952467 833483 359648 585414 882884 1044523 953615 711563 772661 605756 973331 411735 880628 417640 1187718 1052767 442966 850008 651352 706744 811431 965770 826457 660786 1266166 1040823 982860 736282 808756 648376 744871 365908 508468 125930 1078545 937920 485377 668557 758721 1177668 828345 629765 713094 911941 291293 820255 908903 658629 1 527278 914156 368778 773540 473832 475357 901603 793739 103088 830830 869145 1189700 649313 108732 964544 1152543 905797 435680 604343 787126 544811 962570 323290 888904 272081 858763 1061602 945736 1089543 843413 429933 388567 340952
 480875 291857 674879 818736 594129 449143 584497 371720 539946 582239 169324 496380 355704 549000 565818 461342 346248 193488 526884 231685 580951 112975 677370 529465 205291 520570 124846 606578 639146 440160 484653 571149 787867 624576 455880 496165 394576 418878 250066 190949 379457 401879 558788 506070 544260 224737 354393 705839 547268 105240 304360 389230 436065 483649 821304 205877 527278 1 477511 311715 508979 355853 194357 461584 594971 444038 581108 478162 751712 624305 420919 470239 644346 378740 259707 127796 558494 26327 491438 227528 786949 473117 752184 538726 499959 708127 374450 199920 266828 186580
 896443 624533 848359 938753 662254 918741 684224 207689 795798 968478 589567 958234 352854 641601 843922 874407 662887 608364 736978 502725 935707 540611 670601 498302 682025 867594 421033 1053127 1055567 333336 831864 1024522 856016 849714 367370 906410 106897 851265 518410 557282 847918 804962 542897 28928 1020904 590630 156476 809668 922584 440707 661339 291098 905166 835407 1250647 276459 914156 477511 1 788261 903218 828743 667209 707337 1006344 860701 968459 780685 910681 1087078 808374 160779 657234 383611 483186 529910 961803 482065 669237 685482 1214175 938733 1181091 507273 721291 957154 115388 677367 529167 611336
 291080 338778 755999 911125 760840 192672 735470 674432 589926 471792 240792 257527 624159 713263 587143 345635 422582 276915 619275 393938 513486 265034 865852 758277 118379 481232 402949 386766 469566 715075 458033 341586 917746 677141 721910 372816 700560 282424 435364 303417 150730 268543 774670 816607 244523 339671 656741 827936 462110 378568 362705 674571 139330 451682 608149 513233 368778 311715 788261 1 407859 113177 146938 548228 442566 265853 469329 504916 828238 365257 303718 776590 829250 636395 434787 312256 428127 311628 619401 136137 580208 181313 546300 765565 592477 721273 686125 116497 405059 225288
 693299 706557 427930 572625 532404 273829 492805 717321 271464 73572 572029 233888 595929 494151 238100 62224 251946 318557 340036 711235 108629 556027 645168 621559 380325 107059 494641 214489 157667 674057 114092 221246 616164 336247 660826 42277 853778 125474 388035 633121 266081 676069 613387 931177 384982 315678 826955 530873 55041 481520 241939 667257 497847 105357 354758 683009 773540 508979 903218 407859 1 299737 360648 293969 107601 671644 72248 199130 484792 300640 710988 817017 610484 584280 748173 397059 60160 487414 384772 506402 317773 532817 287647 623848 324194 339936 787855 396163 737301 568716
 393598 445026 674037 828407 704867 95300 675071 690603 506059 360827 331903 153348 617522 658274 496175 237876 360282 252688 545770 485759 407225 341812 814478 726677 153410 381410 418243 280113 356833 708538 362347 236718 845418 590353 709960 262707 750120 174871 409364 396638 37654 380256 736931 857595 196943 306550 710201 755448 354610 395248 303832 676142 205441 355130 502911 561575 473832 355853 828743 113177 299737 1 161969 477200 329408 372192 358272 419729 743200 274095 415652 795262 777578 623500 526373 313146 316058 347460 556826 237732 473274 244742 438839 732837 520450 624259 720040 163364 501837 320367
 406644 347508 641603 795634 623955 254788 601581 536306 481617 433050 211383 303590 478152 576230 489419 303321 297353 134588 498120 354678 452979 200523 725884 612389 32973 405265 262844 419223 467574 569274 374795 381102 791420 570566 575349 337039 588222 248893 289827 273075 185316 356811 630093 696026 354617 198505 548711 702593 408701 238933 238005 530593 286071 370578 638754 399775 475357 194357 667209 146938 360648 161969 1 426408 428449 374742 431261 401597 716636 430649 387773 640079 689618 489650 393363 166072 399491 185524 488619 160568 605890 327798 570917 619866 470468 630697 559470 45550 378297 208702
