NAME : domp80p26v2
COMMENT : Cherkesly, Contardo & Gruson 2022
TYPE : DOMP
DIMENSION : 80
DISPLAY_DATA_TYPE : NO_DISPLAY
OPEN_FACILITIES : 26
COST_SECTION
 1 73917 712768 328538 677850 342050 623039 849958 429582 707013 759141 449726 115860 443640 337003 613693 334144 594605 284313 498605 820446 836428 822267 436049 853893 833015 905926 830105 769715 605737 771954 497439 117559 669172 108730 969311 92006 842908 281702 699578 755780 996427 646298 854565 543151 901331 709424 679703 545962 595822 583871 670625 1030879 836954 701959 1043078 950233 685589 358005 846464 605392 578059 772522 343998 325645 69362 527299 147280 618593 460638 914655 720912 619275 550436 855000 484167 435323 311757 985930 241062
 73917 1 656808 257893 605011 331377 555186 780700 355674 633172 699028 375816 168749 409464 263100 566117 304969 550933 213818 437360 756738 774033 759175 383099 782816 763733 835933 756936 714068 541379 714269 459078 123141 599083 34994 895538 165773 769303 261580 633971 684797 923235 577407 782487 516852 827566 638544 613684 472315 523915 516245 609326 957428 775470 634719 969245 876848 628952 318436 780893 540947 504783 700734 299212 262736 131425 459511 216793 580494 387492 840830 655925 545766 476523 787894 448087 379322 259474 912815 173007
 712768 656808 1 432634 356395 908779 214688 294244 469725 500391 77988 464339 824188 328734 491976 138795 836134 925574 466678 719911 861429 892706 160420 765201 722903 285205 788424 619721 57321 728513 912892 896057 623584 653111 634854 651783 790788 468884 482524 158142 670192 533273 670123 687497 997015 608786 286001 739505 490205 318418 668478 803869 729319 906664 729422 693908 678336 29120 804837 846733 727123 518056 335409 376549 397490 781491 259122 790368 219572 398339 607358 147467 390539 441559 249450 900569 277758 401122 520959 492271
 328538 257893 432634 1 352618 476797 299469 523041 144830 406065 460551 160736 423015 302808 82079 378302 407496 549824 44225 363078 628349 653242 511867 370438 594005 506068 655676 542692 489026 427544 626054 494219 290735 430414 227104 666068 419405 522604 269458 382051 501238 671925 422291 582631 586910 599249 380911 479353 261095 268012 379568 508583 734554 660373 488871 736984 656333 403553 382632 638210 426530 300505 444328 188955 73947 389173 204694 452116 428170 141586 610274 405187 300083 246679 532467 493953 181400 138757 661026 89825
 677850 605011 356395 352618 1 730848 154200 219613 265571 144198 317175 247365 761981 510720 347702 424745 645342 641302 396081 443525 510638 542323 305569 519237 367607 205109 433825 269388 385823 412405 575397 643573 641186 311571 571726 342123 769621 174201 577930 201766 315306 319321 336065 334387 748602 283154 83186 403045 196891 89798 354738 476880 418513 557347 386869 404610 350995 338076 598172 492401 410990 203647 106508 460697 384260 733946 199628 804722 517149 217814 288320 220228 71319 157589 261144 654503 359043 439628 308496 442442
 342050 331377 908779 476797 730848 1 748845 943840 473472 689844 930659 488577 279173 723396 420502 848969 87007 317599 447115 346277 634743 638985 971514 249164 745962 927689 777770 768641 964660 453495 547681 213711 449102 567770 327667 923276 368713 855983 590666 837800 656190 1014725 533059 764385 214793 859505 793596 530543 541502 676885 467653 482804 964638 632680 561952 997448 886565 879661 140600 674629 453980 553123 837324 603319 524749 310371 664222 449227 883222 539761 876508 862406 659860 573784 970538 193750 650170 553074 1007143 434529
 623039 555186 214688 299469 154200 748845 1 228996 281245 293263 197493 270813 722031 372349 331129 270547 668899 723268 342474 517571 647750 678863 223115 573900 519661 212301 586312 423550 255098 516405 698396 704451 562602 438508 525812 486693 711497 306595 467539 89437 459383 421461 455550 487903 808138 432318 113678 524906 278579 103889 456331 590340 564502 692558 514789 542756 501409 192081 629992 634784 515001 304240 183999 346554 301218 686536 95751 732600 363134 210684 435327 114245 176501 229642 233025 711447 234314 340365 409189 382422
 849958 780700 294244 523041 219613 943840 228996 1 471412 328783 220462 455449 945722 574177 541201 418587 859556 858597 566938 662867 689199 720779 155038 738508 509542 16974 567595 397633 288895 624859 770927 863183 791584 512175 750122 381105 939256 214239 690471 173537 490581 239630 541754 467094 968206 353984 150377 604406 416410 268646 569327 682671 454901 737560 582984 410726 419025 294228 814246 661114 623466 421961 119583 569899 530095 912095 323755 961583 508957 410604 347102 164415 289973 375215 62204 874075 455779 568223 227470 608901
 429582 355674 469725 144830 265571 473472 281245 471412 1 277904 473945 20156 502566 429594 93333 456572 390771 458556 174415 255444 487219 513285 503855 295928 450884 455042 511631 407129 520665 295674 495081 426941 419218 285816 320903 540563 521216 417790 414275 370588 356983 575092 279341 441903 529220 472691 321044 339432 120680 203481 242475 377413 604592 521528 346443 613881 524691 441667 349453 494812 294507 158193 370152 326612 213351 478987 210660 567673 525285 71941 485550 395410 198308 121370 497131 432475 283299 280631 565445 219245
 707013 633172 500391 406065 144198 689844 293263 328783 277904 1 460427 257876 774017 623459 371187 561435 602858 543299 444307 364188 369275 401076 441867 453925 226920 318214 293825 142216 529764 303321 442879 565459 693715 183848 598285 262682 798348 169192 662001 345808 171788 325555 215246 198399 668066 194882 222449 275794 162644 202685 253337 354916 328637 416734 254365 336075 250345 481447 550289 348832 301991 138770 210690 553283 457471 753973 313593 845499 651802 265884 207680 363575 128275 159950 382090 579695 466105 521142 318629 491222
 759141 699028 77988 460551 317175 930659 197493 220462 473945 460427 1 465412 867632 398483 510255 214936 854188 920740 498553 714986 827722 859369 82897 769057 676562 213049 740663 569713 72662 711403 887875 899946 676922 624851 674469 588403 840774 407911 544510 117046 632131 460091 645477 638837 1002957 549790 238825 714260 474829 298235 651470 783210 665068 874221 701028 626328 618630 89344 818809 809234 709989 497878 276981 432682 436463 826863 267402 846011 297559 402114 546796 96948 362982 425973 172337 906192 325750 450299 447927 529471
 449726 375816 464339 160736 247365 488577 270813 455449 20156 257876 465412 1 522472 438772 113311 457182 405066 461770 192382 257019 475958 502632 492504 303649 433575 439208 494953 387830 514210 289392 488192 434544 438454 271742 341052 520551 541369 397947 429718 359806 340508 555466 267304 423652 537677 452701 305109 329232 101871 188609 234340 370895 584834 511419 334615 593808 505034 436642 362317 481949 288175 140267 352508 338881 226997 499089 205441 587645 528469 66614 465496 384597 179313 101276 482731 440926 289536 294404 545887 237793
 115860 168749 824188 423015 761981 279173 722031 945722 502566 774017 867632 522472 1 559433 414539 728427 300393 571953 379590 516696 838347 850412 927851 437916 897963 928749 944557 887465 881349 629180 774764 468618 229755 710916 196241 1033121 92132 920341 396089 802050 800391 1077087 683660 904012 492768 965347 801248 706674 611376 684633 617954 684291 1089815 848450 732543 1107879 1008878 796583 339634 869665 629092 639037 861087 458944 431469 48575 626598 171282 734453 544544 979868 824219 698985 623544 955012 451980 546435 424331 1067175 341059
 443640 409464 328734 302808 510720 723396 372349 574177 429594 623459 398483 438772 559433 1 384848 196819 672209 849756 305398 665842 913963 941151 478966 668367 842155 559889 908175 765145 377945 724347 923862 786042 333943 705135 401258 852664 504120 677034 170541 400782 760237 791334 704945 820098 870957 793463 486017 767993 522152 426495 672068 806054 929231 950165 772249 912661 860242 309662 660961 916888 723231 561934 555997 122664 229789 511864 312726 485496 176050 386382 799036 410985 495708 487927 549514 782927 157979 176660 778902 297369
 337003 263100 491976 82079 347702 420502 331129 541201 93333 371187 510255 113311 414539 384848 1 451746 344637 468651 92438 281175 555422 579073 552338 290614 538664 524399 597430 499728 546769 349829 547047 416746 327499 365556 228537 633862 428841 507286 339289 419061 442843 662919 353128 532177 512307 566007 392617 406032 213061 274047 305056 430085 697825 585267 418312 707081 617815 462940 313340 568492 348885 248914 448619 269577 155447 388435 243815 474345 506947 131657 578793 443420 284690 213462 559504 417800 258977 217583 652865 131820
 613693 566117 138795 378302 424745 848969 270547 418587 456572 561435 214936 457182 728427 196819 451746 1 784342 912668 402454 711833 901422 931493 297818 740246 788353 407053 855238 694056 182654 741822 936317 868190 514097 688317 549364 749888 684508 566445 360830 256346 722128 652619 698451 757863 963841 699470 372161 766945 510130 361057 683404 821614 828082 943602 762707 799742 769079 127256 760933 893847 740512 544698 434174 269714 324245 683054 264644 674945 94143 391775 700937 256936 437764 465022 381259 869544 198960 307012 640110 416474
 334144 304969 836134 407496 645342 87007 668899 859556 390771 602858 854188 405066 300393 672209 344637 784342 1 271650 382307 263391 563953 570924 891967 167415 664188 843538 698662 683273 891266 373397 485458 168362 427782 483711 292437 837676 381359 768999 553059 758187 572842 927719 449644 681037 211884 773513 709534 451467 454904 593665 383574 409852 880408 566215 482059 912044 801852 807046 55464 601514 373771 466134 751850 550109 461908 319891 586910 460951 824962 458698 790412 782911 574210 488003 887728 152497 585557 497665 920146 376705
 594605 550933 925574 549824 641302 317599 723268 858597 458556 543299 920740 461770 571953 849756 468651 912668 271650 1 544643 205947 346808 342618 935298 182182 507132 845162 519014 566976 974055 241214 241546 104906 672150 369785 528993 716315 650839 708396 767124 808558 438946 853714 333536 538249 153423 662962 721105 293891 450659 625536 290822 218704 737673 332493 326372 784280 668637 898153 236963 392924 242467 437676 739718 729566 620664 589187 667133 729323 974382 528286 681145 832614 575028 498137 902387 124039 726519 675267 849387 560485
 284313 213818 466678 44225 396081 447115 342474 566938 174415 444307 498553 192382 379590 305398 92438 402454 382307 544643 1 367389 647856 671483 552428 363010 625239 549968 685526 578839 523575 441598 637833 481780 249869 456098 183443 705572 375217 565171 246862 423816 530792 715393 444950 616034 570296 638394 425130 498465 294187 312050 397488 521352 772929 677579 510473 777122 694090 437754 362465 660577 440684 332499 488480 185073 80204 345170 247211 408949 444505 182586 649880 446611 342022 284379 575488 479719 203498 131036 704566 47233
 498605 437360 719911 363078 443525 346277 517571 662867 255444 364188 714986 257019 516696 665842 281175 711833 263391 205947 367389 1 323008 337881 731445 97220 400843 648609 437330 424636 768135 113468 279441 202249 546275 221834 407295 579584 575181 533349 607480 603426 309917 687616 186790 418120 306473 517606 520825 192069 248508 420943 122107 172118 618550 338439 220793 653058 540985 692641 207946 352971 113557 241611 545785 550275 436619 516856 461918 644964 777987 323631 535089 627638 374830 294585 703216 215654 531884 497384 681492 393627
 820446 756738 861429 628349 510638 634743 647750 689199 487219 369275 827722 475958 838347 913963 555422 901422 563953 346808 647856 323008 1 31813 810977 402993 205243 680873 188028 305865 895396 215441 118848 431556 859213 213297 725113 423614 898169 489053 894653 711568 199160 598276 209022 248283 500155 389723 591319 149391 395658 545834 250553 154874 421870 48460 141771 478947 368590 839796 511821 48617 215922 358229 575845 813791 699837 839811 637464 967281 984670 528679 406626 730801 471251 437482 746445 452193 760841 766645 598037 684529
 836428 774033 892706 653242 542323 638985 678863 720779 513285 401076 859369 502632 850412 941151 579073 931493 570924 342618 671483 337881 31813 1 842789 413220 232945 712527 209693 335882 926930 234400 105038 432164 878630 243176 742958 449619 912521 519895 918341 743152 230920 626794 236730 276640 495156 418061 623085 174002 424533 576719 274081 166458 444176 18233 169992 502735 394101 870934 519959 70114 235030 387620 607597 839577 725244 853546 667297 982841 1014226 556614 434714 762459 502387 467078 778134 452920 788782 791798 626838 707178
 822267 759175 160420 511867 305569 971514 223115 155038 503855 441867 82897 492504 927851 478966 552338 297818 891967 935298 552428 731445 810977 842789 1 793824 645742 152394 707307 535522 139125 714912 880717 923592 745834 617006 732677 534750 906405 361008 620040 133785 612397 390981 641477 605449 1027964 503208 222439 708612 484752 310733 655933 781946 609395 858575 691914 565750 570150 171616 852992 788101 713490 501897 239673 505201 496938 888851 309602 915998 379664 433741 497922 109112 363334 437204 97809 931527 394632 517970 379224 587186
 436049 383099 765201 370438 519237 249164 573900 738508 295928 453925 769057 303649 437916 668367 290614 740246 167415 182182 363010 97220 402993 413220 793824 1 497167 723488 531316 521336 816565 206016 338094 131018 500555 319021 357382 676256 504676 622825 586190 662326 407056 779075 283984 515238 234267 613703 592175 284257 322438 484295 219119 248136 715769 410692 314663 749940 638133 736914 112340 437887 206375 323803 624185 547707 439964 444257 506412 578806 797558 367813 631046 687018 448536 363908 774511 137704 549583 493352 772453 378344
 853893 782816 722903 594005 367607 745962 519661 509542 450884 226920 676562 433575 897963 842155 538664 788353 664188 507132 625239 400843 205243 232945 645742 497167 1 503881 66984 111984 747881 293129 316634 568987 865042 187087 748333 219779 940807 298739 861385 565815 98137 394035 216684 44627 656304 185284 438528 219455 333160 428849 283679 288450 230598 251160 186540 280569 166366 705505 608767 164202 292536 293501 406074 761305 656136 888358 537343 999604 878576 465061 201785 581121 352946 357106 569997 587964 684181 722787 394387 669290
 833015 763733 285205 506068 205109 927689 212301 16974 455042 318214 213049 439208 928749 559889 524399 407053 843538 845162 549968 648609 680873 712527 152394 723488 503881 1 562917 392192 282876 612347 760886 848578 774903 501093 733148 382358 922344 211203 674635 159110 481946 248083 530122 461913 953631 352385 134102 593425 401646 252089 556389 671222 457140 729159 572575 414867 418477 283791 798458 653684 610949 408077 107813 553970 513320 895127 306920 944846 498126 393902 346326 151424 275026 359923 66159 859294 439917 551801 235756 591956
 905926 835933 788424 655676 433825 777770 586312 567595 511631 293825 740663 494953 944557 908175 597430 855238 698662 519014 685526 437330 188028 209693 707307 531316 66984 562917 1 171817 812312 325306 306392 590491 922168 236852 801800 245616 991334 354315 924023 630974 154738 432499 261057 102006 671269 227589 503357 247325 395787 495833 326672 303943 234485 227446 216736 293681 189293 771431 643645 140328 324969 355683 467979 825683 719253 937399 604170 1052437 945541 529226 241693 645739 419904 421996 628795 610265 750234 786180 434489 728777
 830105 756936 619721 542692 269388 768641 423550 397633 407129 142216 569713 387830 887465 765145 499728 694056 683273 566976 578839 424636 305865 335882 535522 521336 111984 392192 171817 1 641664 332311 407276 613005 826282 204410 721954 154948 920086 187140 802651 461725 128738 296612 241223 69948 708500 96013 333806 273632 286674 341349 302593 353141 202398 353757 242146 228808 121520 603966 628291 270329 331322 252202 296166 695173 597455 871976 454023 972212 786116 404831 114182 475508 269444 296406 458261 630249 608056 661970 295005 625084
 769715 714068 57321 489026 385823 964660 255098 288895 520665 529764 72662 514210 881349 377945 546769 182654 891266 974055 523575 768135 895396 926930 139125 816565 747881 282876 812312 641664 1 771494 952018 947556 679478 690119 692174 660615 847210 480505 535859 184075 701129 527860 709173 710598 1049216 622439 309491 778327 533505 358566 711416 845191 737064 941456 766461 697349 691241 85880 859049 878216 770090 559118 349607 432205 454780 838511 310235 845521 250762 448881 619370 166836 427230 484591 235990 952606 334920 457992 515875 549537
 605737 541379 728513 427544 412405 453495 516405 624859 295674 303321 711403 289392 629180 724347 349829 741822 373397 241214 441598 113468 215441 234400 714912 206016 293129 612347 325306 332311 771494 1 199533 281052 644317 129817 509675 485633 685049 467229 687823 595404 208619 613291 92945 315144 376577 427925 494751 78707 238317 413411 60083 81757 517276 238151 108669 556963 442477 703207 318340 241346 1422 213817 505304 616183 501018 627662 479966 752809 816799 351533 445954 618194 351701 287079 672343 298816 578633 566108 608679 475050
 771954 714269 912892 626054 575397 547681 698396 770927 495081 442879 887875 488192 774764 923862 547047 936317 485458 241546 637833 279441 118848 105038 880717 338094 316634 760886 306392 407276 952018 199533 1 336505 825438 263850 685337 536412 842725 582245 882482 770831 286143 703573 242895 357215 392519 496973 658344 173700 426966 594529 254349 117810 539270 92248 189004 594846 482520 889030 437650 167417 200664 395453 653548 814941 699770 782348 672410 916224 1013729 548850 514526 792021 525054 473973 824968 357232 777696 764246 702251 668607
 497439 459078 896057 494219 643573 213711 704451 863183 426941 565459 899946 434544 468618 786042 416746 868190 168362 104906 481780 202249 431556 432164 923592 131018 568987 848578 590491 613005 947556 281052 336505 1 581782 409040 440212 766670 549351 734359 688941 792618 489400 886840 372011 594710 105088 708264 718814 349623 447000 613390 315684 287020 796788 424236 382683 837915 723161 867712 140681 474717 281971 443341 747014 663893 560835 487774 637374 628566 922388 498831 726191 817257 573754 490683 901412 20775 675056 609544 881191 490484
 117559 123141 623584 290735 641186 449102 562602 791584 419218 693715 676922 438454 229755 333943 327499 514097 427782 672150 249869 546275 859213 878630 745834 500555 865042 774903 922168 826282 679478 644317 825438 581782 1 686998 143431 955372 170849 812796 166871 630979 768272 959702 669506 859625 639629 888098 659855 712664 539866 553936 612553 716564 1022179 881468 730702 1026989 942926 597832 441245 879618 643732 576376 727074 247346 262385 181246 468804 170736 509964 432038 899709 650324 590797 533786 789068 571075 351554 227953 948489 202699
 669172 599083 653111 430414 311571 567770 438508 512175 285816 183848 624851 271742 710916 705135 365556 688317 483711 369785 456098 221834 213297 243176 617006 319021 187087 501093 236852 204410 690119 129817 263850 409040 686998 1 564973 359000 755057 340840 699797 507843 90414 483953 37079 197871 506169 299261 394583 92390 183640 335317 100157 171160 396870 255548 76365 431793 319170 630377 428324 211756 128702 145239 393291 610269 498682 701879 424191 815599 771386 318757 317160 528647 262990 224223 563965 426027 550160 566078 479612 497371
 108730 34994 634854 227104 571726 327667 525812 750122 320903 598285 674469 341052 196241 401258 228537 549364 292437 528993 183443 407295 725113 742958 732677 357382 748333 733148 801800 721954 692174 509675 685337 440212 143431 564973 1 860607 200344 735191 263278 606015 650358 889553 543759 747715 503553 792631 606870 581186 437340 491497 483152 578901 922436 744789 601699 934351 841854 606660 300277 748474 509205 469795 668315 286322 238234 162729 430358 251403 568973 354008 805930 628348 511805 441871 758778 430429 358510 242520 879208 145501
 969311 895538 651783 666068 342123 923276 486693 381105 540563 262682 588403 520551 1033121 852664 633862 749888 837676 716315 705572 579584 423614 449619 534750 676256 219779 382358 245616 154948 660615 485633 536412 766670 955372 359000 860607 1 1060428 183820 913465 497869 278179 193237 395598 180825 860632 67994 377988 422551 423585 429130 457535 499223 78195 467810 389944 75105 56329 642312 782824 379618 484703 394090 317491 799290 712321 1014927 541537 1108179 844006 524641 55854 504606 370953 421941 442659 784218 700834 773037 197741 752685
 92006 165773 790788 419405 769621 368713 711497 939256 521216 798348 840774 541369 92132 504120 428841 684508 381359 650839 375217 575181 898169 912521 906405 504676 940807 922344 991334 920086 847210 685049 842725 549351 170849 755057 200344 1060428 1 934913 334998 786113 842678 1088329 730761 942872 580569 992436 800008 760637 636898 687118 667030 746104 1121303 911950 784281 1134353 1040552 764350 414899 926381 684804 668341 863683 416286 411821 61653 615896 80614 680155 552559 1005918 806887 711274 642213 942549 533855 515252 390662 1077801 330981
 842908 769303 468884 522604 174201 855983 306595 214239 417790 169192 407911 397947 920341 677034 507286 566445 768999 708396 565171 533349 489053 519895 361008 622825 298739 211203 354315 187140 480505 467229 582245 734359 812796 340840 735191 183820 934913 1 751891 314115 296123 159496 375772 255177 836530 142469 195363 428205 317824 263977 420661 509552 261939 537417 401427 236163 210754 458722 717283 456295 465962 302868 133805 634020 558003 895705 370944 973988 660586 383286 138909 321469 223772 297290 276125 748779 529699 613826 151289 612116
 281702 261580 482524 269458 577930 590666 467539 690471 414275 662001 544510 429718 396089 170541 339289 360830 553059 767124 246862 607480 894653 918341 620040 586190 861385 674635 924023 802651 535859 687823 882482 688941 166871 699797 263278 913465 334998 751891 1 520065 769969 885312 690663 847509 761740 849043 576371 745269 528346 488190 644345 766860 986118 924354 756695 980347 910779 459448 553381 906567 686944 568347 646900 121004 205673 347742 383722 315334 345969 398429 857869 535706 542749 507487 677180 682010 234720 140903 873338 214040
 699578 633971 158142 382051 201766 837800 89437 173537 370588 345808 117046 359806 802050 400782 419061 256346 758187 808558 423816 603426 711568 743152 133785 662326 565815 159110 630974 461725 184075 595404 770831 792618 630979 507843 606015 497869 786113 314115 520065 1 517065 397968 528478 529770 896591 452137 127925 597225 360065 183430 535601 666501 575880 757829 584050 544513 521860 144940 719429 694145 593987 381652 180385 400421 374332 764751 177833 801708 349944 300119 451554 24822 246004 311472 158415 799973 286308 404079 385432 461054
 755780 684797 670192 501238 315306 656190 459383 490581 356983 171788 632131 340508 800391 760237 442843 722128 572842 438946 530792 309917 199160 230920 612397 407056 98137 481946 154738 128738 701129 208619 286143 489400 768272 90414 650358 278179 842678 296123 769969 517065 1 423047 123206 108215 582462 224370 394203 145160 242408 361348 189610 224415 309348 247299 113415 348545 233860 650137 517392 177117 207779 202069 376686 673576 565693 790348 463332 901574 809598 377362 242564 535233 284760 272317 547394 507379 602808 632829 420514 574083
 996427 923235 533273 671925 319321 1014725 421461 239630 575092 325555 460091 555466 1077087 791334 662919 652619 927719 853714 715393 687616 598276 626794 390981 779075 394035 248083 432499 296612 527860 613291 703573 886840 959702 483953 889553 193237 1088329 159496 885312 397968 423047 1 520437 350159 987429 208759 309387 564932 477315 405796 571333 645986 248294 644974 535132 190040 247195 531365 875585 558212 612110 461712 238581 765035 700294 1051069 501767 1124002 744856 535792 192476 395694 378229 455556 293224 902071 654983 751304 12537 761748
 646298 577407 670123 422291 336065 533059 455550 541754 279341 215246 645477 267304 683660 704945 353128 698451 449644 333536 444950 186790 209022 236730 641477 283984 216684 530122 261057 241223 709173 92945 242895 372011 669506 37079 543759 395598 730761 375772 690663 528478 123206 520437 1 231416 469120 336258 419245 69408 188845 351713 67003 141296 431878 246991 67346 468075 354887 646490 394191 215951 91800 154075 422380 605837 492593 676424 433809 793245 779247 319891 354180 550030 282498 233595 592043 389072 552067 559742 515930 484397
 854565 782487 687497 582631 334387 764385 487903 467094 441903 198399 638837 423652 904012 820098 532177 757863 681037 538249 616034 418120 248283 276640 605449 515238 44627 461913 102006 69948 710598 315144 357215 594710 859625 197871 747715 180825 942872 255177 847509 529770 108215 350159 231416 1 685189 141467 401980 246085 321927 400990 297657 320017 202185 294816 212999 246087 130462 671043 625591 208419 314391 283744 366022 744020 641842 892061 511790 999071 849099 449330 158365 544156 326469 340345 527933 613126 662275 707743 350261 661142
 543151 516852 997015 586910 748602 214793 808138 968206 529220 668066 1002957 537677 492768 870957 512307 963841 211884 153423 570296 306473 500155 495156 1027964 234267 656304 953631 671269 708500 1049216 376577 392519 105088 639629 506169 503553 860632 580569 836530 761740 896591 582462 987429 469120 685189 1 804316 823889 439146 552078 718037 416309 368608 886226 484324 472199 930401 814985 968472 210286 546345 377634 547958 851861 748300 650303 520645 739011 661166 1014087 601157 822388 921280 678835 595725 1006483 96766 768310 694450 982141 573623
 901331 827566 608786 599249 283154 859505 432318 353984 472691 194882 549790 452701 965347 793463 566007 699470 773513 662962 638394 517606 389723 418061 503208 613703 185284 352385 227589 96013 622439 427925 496973 708264 888098 299261 792631 67994 992436 142469 849043 452137 224370 208759 336258 141467 804316 1 327836 369466 355593 367812 395989 448536 137177 436250 337736 142538 69786 597068 718927 349477 426913 326319 273644 736054 646853 946975 481148 1040345 793300 458018 18195 461398 306320 354434 416182 725281 639902 708358 209214 685452
 709424 638544 286001 380911 83186 793596 113678 150377 321044 222449 238825 305109 801248 486017 392617 372161 709534 721105 425130 520825 591319 623085 222439 592175 438528 134102 503357 333806 309491 494751 658344 718814 659855 394583 606870 377988 800008 195363 576371 127925 394203 309387 419245 401980 823889 327836 1 486186 272393 118814 436579 560001 456155 638439 469645 430986 397590 271304 664802 571132 493332 283901 70872 455841 397704 769504 193865 827805 466208 261320 328820 142658 146188 228325 182607 728790 345672 444368 297273 469100
 679703 613684 739505 479353 403045 530543 524906 604406 339432 275794 714260 329232 706674 767993 406032 766945 451467 293891 498465 192069 149391 174002 708612 284257 219455 593425 247325 273632 778327 78707 173700 349623 712664 92390 581186 422551 760637 428205 745269 597225 145160 564932 69408 246085 439146 369466 486186 1 256867 421089 101317 81468 447640 182195 33132 491386 375881 715897 396587 167307 78544 223175 485635 665590 551248 703947 502365 826964 846889 385119 387660 618551 351374 302482 656355 368520 616881 617843 561588 535319
 545962 472315 490205 261095 196891 541502 278579 416410 120680 162644 474829 101871 611376 522152 213061 510130 454904 450659 294187 248508 395658 424533 484752 322438 333160 401646 395787 286674 533505 238317 426966 447000 539866 183640 437340 423585 636898 317824 528346 360065 242408 477315 188845 321927 552078 355593 272393 256867 1 176735 178273 314572 485399 435506 254585 497756 405093 465023 405374 395168 236925 40395 301846 431400 323481 591621 245671 686387 590403 136142 369370 383597 126764 48938 454910 457670 366597 390502 468860 339653
 595822 523915 318418 268012 89798 676885 103889 268646 203481 202685 298235 188609 684633 426495 274047 361057 593665 625536 312050 420943 545834 576719 310733 484295 428849 252089 495833 341349 358566 413411 594529 613390 553936 335317 491497 429130 687118 263977 488190 183430 361348 405796 351713 400990 718037 367812 118814 421089 176735 1 353401 486636 504432 590066 411471 493365 433889 295133 550521 534806 412001 200552 176830 371360 295226 654215 113775 719130 449994 142564 374442 207198 76709 128050 294149 621882 272093 349855 394554 357524
 583871 516245 668478 379568 354738 467653 456331 569327 242475 253337 651470 234340 617954 672068 305056 683404 383574 290822 397488 122107 250553 274081 655933 219119 283679 556389 326672 302593 711416 60083 254349 315684 612553 100157 483152 457535 667030 420661 644345 535601 189610 571333 67003 297657 416309 395989 436579 101317 178273 353401 1 138230 497006 280814 118570 530952 419045 643235 328176 267163 58684 154250 449997 566925 452122 611876 420783 731079 759597 294524 413593 558497 292600 227004 615416 331468 523822 518281 565891 434018
 670625 609326 803869 508583 476880 482804 590340 682671 377413 354916 783210 370895 684291 806054 430085 821614 409852 218704 521352 172118 154874 166458 781946 248136 288450 671222 303943 353141 845191 81757 117810 287020 716564 171160 578901 499223 746104 509552 766860 666501 224415 645986 141296 320017 368608 448536 560001 81468 314572 486636 138230 1 518970 166337 111108 566098 450479 779176 357224 191942 82910 286105 563436 697390 582211 687088 558685 816767 897627 432393 466714 688616 420823 362656 733321 307061 660271 646956 642791 553383
 1030879 957428 729319 734554 418513 964638 564502 454901 604592 328637 665068 584834 1089815 929231 697825 828082 880408 737673 772929 618550 421870 444176 609395 715769 230598 457140 234485 202398 737064 517276 539270 796788 1022179 396870 922436 78195 1121303 261939 986118 575880 309348 248294 431878 202185 886226 137177 456155 447640 485399 504432 497006 518970 1 461893 414508 65697 80944 720193 825079 374689 516508 452966 395498 873220 783548 1073895 617432 1171767 922199 593774 130200 582302 443451 488552 515807 815275 776477 845382 255497 819802
 836954 775470 906664 660373 557347 632680 692558 737560 521528 416734 874221 511419 848450 950165 585267 943602 566215 332493 677579 338439 48460 18233 858575 410692 251160 729159 227446 353757 941456 238151 92248 424236 881468 255548 744789 467810 911950 537417 924354 757829 247299 644974 246991 294816 484324 436250 638439 182195 435506 590066 280814 166337 461893 1 181073 520683 412262 884635 515991 88242 238875 399187 623947 847362 732761 852617 679180 983017 1025688 566523 452921 777353 516175 478795 794677 445010 798574 799064 644987 712489
 701959 634719 729422 488871 386869 561952 514789 582984 346443 254365 701028 334615 732543 772249 418312 762707 482059 326372 510473 220793 141771 169992 691914 314663 186540 572575 216736 242146 766461 108669 189004 382683 730702 76365 601699 389944 784281 401427 756695 584050 113415 535132 67346 212999 472199 337736 469645 33132 254585 411471 118570 111108 414508 181073 1 458450 342902 706584 426966 150238 108290 218135 465022 673018 559566 728361 498192 849219 844621 386934 355926 604710 339354 297773 636315 401521 619108 626630 532116 548988
 1043078 969245 693908 736984 404610 997448 542756 410726 613881 336075 626328 593808 1107879 912661 707081 799742 912044 784280 777122 653058 478947 502735 565750 749940 280569 414867 293681 228808 697349 556963 594846 837915 1026989 431793 934351 75105 1134353 236163 980347 544513 348545 190040 468075 246087 930401 142538 430986 491386 497756 493365 530952 566098 65697 520683 458450 1 115645 686998 857091 432767 556082 468856 365659 864656 781001 1089313 604044 1181207 893784 595402 128435 548474 439429 494432 469996 855776 763409 840468 198634 824314
 950233 876848 678336 656333 350995 886565 501409 419025 524691 250345 618630 505034 1008878 860242 617815 769079 801852 668637 694090 540985 368590 394101 570150 638133 166366 418477 189293 121520 691241 442477 482520 723161 942926 319170 841854 56329 1040552 210754 910779 521860 233860 247195 354887 130462 814985 69786 397590 375881 405093 433889 419045 450479 80944 412262 342902 115645 1 666797 746633 324025 441634 372220 343033 799495 707131 992992 547575 1091463 862855 516173 72237 530905 369263 409837 481156 741222 705661 769893 250752 740811
 685589 628952 29120 403553 338076 879661 192081 294228 441667 481447 89344 436642 796583 309662 462940 127256 807046 898153 437754 692641 839796 870934 171616 736914 705505 283791 771431 603966 85880 703207 889030 867712 597832 630377 606660 642312 764350 458722 459448 144940 650137 531365 646490 671043 968472 597068 271304 715897 465023 295133 643235 779176 720193 884635 706584 686998 666797 1 775872 826207 701823 493774 324918 351275 369037 754173 231245 765335 214866 370468 596450 138527 368551 416577 254282 872078 250311 374180 518940 463738
 358005 318436 804837 382632 598172 140600 629992 814246 349453 550289 818809 362317 339634 660961 313340 760933 55464 236963 362465 207946 511821 519959 852992 112340 608767 798458 643645 628291 859049 318340 437650 140681 441245 428324 300277 782824 414899 717283 553381 719429 517392 875585 394191 625591 210286 718927 664802 396587 405374 550521 328176 357224 825079 515991 426966 857091 746633 775872 1 548394 318687 414562 704590 538299 442668 353305 551540 492755 806967 419313 735914 744234 526871 440584 844575 130156 563352 484622 868227 363593
 846464 780893 846733 638210 492401 674629 634784 661114 494812 348832 809234 481949 869665 916888 568492 893847 601514 392924 660577 352971 48617 70114 788101 437887 164202 653684 140328 270329 878216 241346 167417 474717 879618 211756 748474 379618 926381 456295 906567 694145 177117 558212 215951 208419 546345 349477 571132 167307 395168 534806 267163 191942 374689 88242 150238 432767 324025 826207 548394 1 241579 356091 550514 820829 708162 868965 631641 993666 979240 530513 365858 712344 458868 433736 719654 495214 761764 775411 558580 699225
 605392 540947 727123 426530 410990 453980 515001 623466 294507 301991 709989 288175 629092 723231 348885 740512 373771 242467 440684 113557 215922 235030 713490 206375 292536 610949 324969 331322 770090 1422 200664 281971 643732 128702 509205 484703 684804 465962 686944 593987 207779 612110 91800 314391 377634 426913 493332 78544 236925 412001 58684 82910 516508 238875 108290 556082 441634 701823 318687 241579 1 212398 503912 615147 499986 627465 478624 752479 815533 350264 444936 616775 350279 285682 670935 299695 577438 565109 607483 474218
 578059 504783 518056 300505 203647 553123 304240 421961 158193 138770 497878 140267 639037 561934 248914 544698 466134 437676 332499 241611 358229 387620 501897 323803 293501 408077 355683 252202 559118 213817 395453 443341 576376 145239 469795 394090 668341 302868 568347 381652 202069 461712 154075 283744 547958 326319 283901 223175 40395 200552 154250 286105 452966 399187 218135 468856 372220 493774 414562 356091 212398 1 304265 471794 363693 621350 280103 720043 626611 176323 341018 404379 138668 79677 464712 455559 405913 430778 454028 377409
 772522 700734 335409 444328 106508 837324 183999 119583 370152 210690 276981 352508 861087 555997 448619 434174 751850 739718 488480 545785 575845 607597 239673 624185 406074 107813 467979 296166 349607 505304 653548 747014 727074 393291 668315 317491 863683 133805 646900 180385 376686 238581 422380 366022 851861 273644 70872 485635 301846 176830 449997 563436 395498 623947 465022 365659 343033 324918 704590 550514 503912 304265 1 526499 465561 831025 263745 893992 528269 317137 271953 187943 177735 264028 171485 758546 416542 513999 226511 533468
 343998 299212 376549 188955 460697 603319 346554 569899 326612 553283 432682 338881 458944 122664 269577 269714 550109 729566 185073 550275 813791 839577 505201 547707 761305 553970 825683 695173 432205 616183 814941 663893 247346 610269 286322 799290 416286 634020 121004 400421 673576 765035 605837 744020 748300 736054 455841 665590 431400 371360 566925 697390 873220 847362 673018 864656 799495 351275 538299 820829 615147 471794 526499 1 115179 413356 264088 414071 282711 296469 744024 416899 430251 404317 558189 660507 114233 54428 753003 174706
 325645 262736 397490 73947 384260 524749 301218 530095 213351 457471 436463 226997 431469 229789 155447 324245 461908 620664 80204 436619 699837 725244 496938 439964 656136 513320 719253 597455 454780 501018 699770 560835 262385 498682 238234 712321 411821 558003 205673 374332 565693 700294 492593 641842 650303 646853 397704 551248 323481 295226 452122 582211 783548 732761 559566 781001 707131 369037 442668 708162 499986 363693 465561 115179 1 391914 206627 431626 364301 192838 656516 395367 341623 301860 530864 559251 125801 67407 688829 94915
 69362 131425 781491 389173 733946 310371 686536 912095 478987 753973 826863 499089 48575 511864 388435 683054 319891 589187 345170 516856 839811 853546 888851 444257 888358 895127 937399 871976 838511 627662 782348 487774 181246 701879 162729 1014927 61653 895705 347742 764751 790348 1051069 676424 892061 520645 946975 769504 703947 591621 654215 611876 687088 1073895 852617 728361 1089313 992992 754173 353305 868965 627465 621350 831025 413356 391914 1 590832 141208 687182 516135 960970 786470 672933 600356 919143 472383 503863 380694 1040867 304184
 527299 459511 259122 204694 199628 664222 95751 323755 210660 313593 267402 205441 626598 312726 243815 264644 586910 667133 247211 461918 637464 667297 309602 506412 537343 306920 604170 454023 310235 479966 672410 637374 468804 424191 430358 541537 615896 370944 383722 177833 463332 501767 433809 511790 739011 481148 193865 502365 245671 113775 420783 558685 617432 679180 498192 604044 547575 231245 551540 631641 478624 280103 263745 264088 206627 590832 1 638249 347625 139234 487284 201485 185342 200431 328449 642380 159417 250510 489867 286688
 147280 216793 790368 452116 804722 449227 732600 961583 567673 845499 846011 587645 171282 485496 474345 674945 460951 729323 408949 644964 967281 982841 915998 578806 999604 944846 1052437 972212 845521 752809 916224 628566 170736 815599 251403 1108179 80614 973988 315334 801708 901574 1124002 793245 999071 661166 1040345 827805 826964 686387 719130 731079 816767 1171767 983017 849219 1181207 1091463 765335 492755 993666 752479 720043 893992 414071 431626 141208 638249 1 659605 590834 1053023 821044 750498 686880 959764 613408 521418 398466 1113050 362301
 618593 580494 219572 428170 517149 883222 363134 508957 525285 651802 297559 528469 734453 176050 506947 94143 824962 974382 444505 777987 984670 1014226 379664 797558 878576 498126 945541 786116 250762 816799 1013729 922388 509964 771386 568973 844006 680155 660586 345969 349944 809598 744856 779247 849099 1014087 793300 466208 846889 590403 449994 759597 897627 922199 1025688 844621 893784 862855 214866 806967 979240 815533 626611 528269 282711 364301 687182 347625 659605 1 465278 794925 349376 526481 547194 468198 921942 248033 330395 732375 449177
 460638 387492 398339 141586 217814 539761 210684 410604 71941 265884 402114 66614 544544 386382 131657 391775 458698 528286 182586 323631 528679 556614 433741 367813 465061 393902 529226 404831 448881 351533 548850 498831 432038 318757 354008 524641 552559 383286 398429 300119 377362 535792 319891 449330 601157 458018 261320 385119 136142 142564 294524 432393 593774 566523 386934 595402 516173 370468 419313 530513 350264 176323 317137 296469 192838 516135 139234 590834 465278 1 468821 324922 159665 109068 431925 504415 232181 258413 525330 229784
 914655 840830 607358 610274 288320 876508 435327 347102 485550 207680 546796 465496 979868 799036 578793 700937 790412 681145 649880 535089 406626 434714 497922 631046 201785 346326 241693 114182 619370 445954 514526 726191 899709 317160 805930 55854 1005918 138909 857869 451554 242564 192476 354180 158365 822388 18195 328820 387660 369370 374442 413593 466714 130200 452921 355926 128435 72237 596450 735914 365858 444936 341018 271953 744024 656516 960970 487284 1053023 794925 468821 1 459892 315241 366481 409275 743155 646408 717373 193467 697013
