NAME : domp100p50v2
COMMENT : Cherkesly, Contardo & Gruson 2022
TYPE : DOMP
DIMENSION : 100
DISPLAY_DATA_TYPE : NO_DISPLAY
OPEN_FACILITIES : 50
COST_SECTION
 1 494522 813114 1027187 563047 594956 592604 137556 134972 439727 682494 690813 882989 749644 696850 532185 709522 679940 899383 572040 235821 561789 934189 1061158 858270 271243 885611 731023 919697 678583 638195 267836 1209929 388657 871736 1111847 889264 120256 872727 960708 895584 478691 526146 562160 616186 841588 947441 958849 535673 1032939 743918 107316 588088 888117 637764 313013 655548 676176 438732 473272 885897 640490 512861 835363 442252 214138 686965 390982 757058 714845 840146 802052 773875 313098 830894 429925 499094 582192 683777 858446 19723 633264 891462 1005975 816290 945154 449644 510763 1118516 256846 413763 820248 655791 837137 626506 749727 927201 810708 981135 72125
 494522 1 323726 534989 74336 196186 209250 357334 395886 121777 597539 402073 416326 272476 208655 309295 296781 218205 407338 411523 268666 551633 793768 567888 450252 356444 488364 238029 441056 209625 274348 274272 721851 492405 707341 617523 470749 446759 381825 476043 411854 306768 468252 331295 591437 347085 480922 524986 344498 546610 325745 420770 175721 467351 536994 183887 457400 336341 158317 219278 590300 337889 109464 366694 204555 351080 302486 214087 262950 483812 467461 323040 406749 429149 560338 306152 318247 137679 568773 592360 509690 500384 576848 515947 351893 517349 288774 169526 630920 410656 293452 496340 164193 403097 316995 265839 515472 615547 517132 425560
 813114 323726 1 259409 268641 266844 371282 677483 702613 420357 796226 403727 276995 203211 176965 530564 345694 155542 88545 623340 592256 794449 923499 281141 269661 670712 455414 132715 128754 147921 293421 567288 450328 783502 836403 317006 411201 770480 155299 251214 213619 476062 711533 536062 819986 84366 316032 418661 567009 299611 344808 729887 338257 258373 741841 500164 629698 449087 446432 407487 642643 370162 358770 248458 481062 672790 264640 462982 76570 623891 331702 54905 450175 734410 644035 578943 472440 242485 758087 670857 827023 698085 614340 192932 255808 424579 479815 341438 368159 725349 573272 409112 189483 346558 470228 68060 450506 743344 347724 742331
 1027187 534989 259409 1 464286 524274 483756 889636 930251 597668 839887 654613 207736 287940 330649 631959 395676 413125 183541 700561 794474 876929 896899 38771 477340 839912 383369 296964 259882 403215 552239 802051 192607 915255 817890 99473 333719 965144 154747 96210 148150 734014 802782 624340 887240 195029 182766 292675 662190 64221 372338 955601 467491 450494 796862 718873 675012 496566 611716 661617 590792 626953 524935 231960 631805 857761 520308 709107 282551 645223 549137 304944 444555 886734 617042 711739 731204 490652 798223 634772 1043117 752847 556212 170163 254019 309436 735957 593732 109004 892480 712812 635382 371620 307680 539299 324583 351348 735314 188206 959621
 563047 74336 268641 464286 1 213378 168689 425496 468744 152091 587726 426363 342222 198159 135323 300520 235357 195193 347324 402525 332246 557761 766203 498116 435529 402079 423473 168095 392654 182003 291173 348605 649448 521594 678478 549444 402438 507471 310186 402580 338127 363601 473337 316700 592358 280589 406715 453719 337652 473585 261391 493057 129967 446912 528296 255872 435838 292064 180772 275298 541719 364917 99517 292591 220368 405914 308206 283173 200697 453321 463971 278039 350777 467355 517693 322544 372373 145604 555327 549290 578854 488433 525112 457246 278200 446984 349379 215301 558305 456721 313681 505290 92745 333250 283293 219158 447592 584827 442988 495357
 594956 196186 266844 524274 213378 1 382065 469612 469920 316372 792229 213003 481612 346927 274714 503388 435834 111380 352928 606017 408312 747489 979147 547781 272501 527540 610504 270703 340345 121381 78887 330352 716350 678134 891578 582969 579873 581757 394786 498520 444722 209748 664320 523415 787622 332948 538309 615462 539307 557664 455686 498840 343260 297619 731883 299842 646531 504369 353635 143392 750164 152514 299058 436531 400324 506423 108903 211689 251688 666452 276601 233018 554707 607346 729461 500862 207837 68143 762201 760786 605544 694204 731090 443448 430732 613956 213139 85349 631988 579044 487110 300159 235418 507843 496515 199869 624984 798089 574353 522887
 592604 209250 371282 483756 168689 382065 1 462020 531432 162745 431742 595038 302261 199889 194506 160009 116947 350795 427342 252876 360096 423330 597991 521978 588053 364982 302267 239655 499591 335132 459745 441765 644381 432747 510103 580844 298542 506999 337799 398655 336803 515788 340960 165122 449208 343977 363663 366409 195928 470187 151339 549627 39469 593752 374657 331846 271958 127097 154346 428517 381162 533344 106606 259973 156234 394933 474640 414968 294728 285004 624294 400475 204361 403944 351866 228015 527496 314247 396306 383785 611082 332172 368711 533091 238355 353302 496706 376205 554864 414831 229394 671260 190305 244669 115025 345274 339021 416265 394700 535462
 137556 357334 677483 889636 425496 469612 462020 1 95393 305097 613759 589410 747641 612850 559347 420699 578807 548187 763183 477031 101930 504951 861866 923611 738431 190251 759793 593492 786622 545770 520174 160094 1072674 348381 791708 974424 760286 122910 735197 823637 758531 384151 452279 451847 559479 704297 812330 828225 430724 895770 613136 98612 454630 766229 562134 177745 558341 554285 307701 360186 777929 533636 377481 699621 317505 126986 567397 277420 620127 613924 726897 668462 650725 261489 726371 325671 405292 450664 607476 755621 153786 549397 779983 870414 680911 815321 353071 387748 981274 204601 307275 716463 518241 705495 507063 615022 799633 721457 846447 73477
 134972 395886 702613 930251 468744 469920 531432 95393 1 369526 709066 555997 803741 663834 604043 507524 646640 561776 790425 569321 180449 600101 956793 962329 727975 285627 832922 633543 802308 562286 507856 139573 1117737 441046 885886 1009896 829404 192035 777649 871293 806697 343733 547529 538933 654686 739444 868798 894454 520301 942286 680543 29213 518745 758900 657118 213117 649631 632796 379439 341962 864189 506450 437846 754683 396764 222252 557178 261082 652741 703781 707213 686330 727318 354986 814379 416600 364122 464727 702337 844206 140451 643520 864404 894211 737378 882873 314813 384737 1026778 297254 397684 685529 560074 770694 588023 636977 870437 814169 903990 72956
 439727 121777 420357 597668 152091 316372 162745 305097 369526 1 484858 516395 443282 313007 269647 202235 277119 335787 496836 300958 204020 431348 694944 633677 571255 250735 465009 310319 544725 325323 393454 281411 774310 373265 610850 688320 459909 367698 443351 524535 459566 390423 348692 228899 472841 425084 507718 525312 234131 597158 311031 388737 149959 587161 424153 170494 357435 275711 37641 309865 524980 451616 73691 395881 84732 260461 423750 274337 350297 393633 589202 429531 364165 315529 485533 184615 405885 259454 459097 517422 457379 390461 517966 606967 376602 513426 366140 276281 683023 305287 171675 616154 236555 401816 240615 370754 501250 522585 541540 378374
 682494 597539 796226 839887 587726 792229 431742 613759 709066 484858 1 999282 632156 601846 620562 288877 460236 779761 838990 186213 546658 128733 251723 877840 1018919 424150 484979 663624 921878 764798 871013 701823 947245 302670 197598 938431 525659 562295 724548 743820 698672 868043 161662 271091 85682 753318 668541 594220 253057 801928 474363 709624 469713 1025445 60714 606661 168367 352905 447719 792465 332114 934785 493710 613780 401344 487813 894271 744340 720723 196688 1051520 830167 396542 369451 273184 318119 885273 728194 41891 280447 701278 99702 360360 935425 593361 573603 840881 760906 872536 426007 337208 1090922 621884 533042 325999 776318 532194 174640 682015 666479
 690813 402073 403727 654613 426363 213003 595038 589410 555997 516395 999282 1 663139 541779 473678 711362 644920 279949 471083 813470 557798 945723 1191659 668318 227115 694714 811457 458646 413596 296657 136927 430164 836793 857295 1104239 687671 776613 711380 555543 654756 611925 212861 864304 733014 988905 485725 712437 803057 746371 701428 662295 584430 556262 265446 938648 450692 857764 717122 554019 234809 960938 64831 509074 623016 601097 660084 142151 314098 422742 879182 173682 352047 764090 778911 941869 697492 193318 281028 970846 973049 696050 902442 940655 527733 621397 804433 241185 241742 762950 741135 681856 129800 440109 705073 709350 352293 820744 1010908 746441 623142
 882989 416326 276995 207736 342222 481612 302261 747641 803741 443282 632156 663139 1 144920 216152 436270 197754 385283 261869 496919 647202 672226 699441 245745 545983 667184 192911 210920 361012 369597 535856 690055 343692 722888 617551 306449 143651 805817 129533 111712 77683 679842 600481 424956 680566 195104 65062 142016 463620 175279 169740 825953 297060 531579 589602 591518 467668 291937 447959 595724 397785 618167 370223 49634 457892 694586 521025 620971 240436 437649 608636 331431 237212 703666 416399 525001 683060 426673 590488 437054 900538 545754 365002 327497 66731 147709 672924 527696 256264 717007 529069 684411 262468 100835 337814 312667 176992 531855 100835 820503
 749644 272476 203211 287940 198159 346927 199889 612850 663834 313007 601846 541779 144920 1 73328 356182 143923 262272 237236 438455 514351 614306 720289 325353 462063 552040 270740 85320 322442 245314 408679 546690 461345 632459 633238 382946 234914 680439 138104 211579 146561 538512 534644 354613 633671 151574 208827 269296 389853 284169 141729 687025 179934 456684 550285 450830 433724 249997 324489 453114 443145 491142 239442 95603 343945 571559 401856 476113 136671 422895 515272 248452 247839 599694 441396 426929 542912 287425 562377 468796 766540 505886 416700 337609 84961 267072 530150 385827 370026 604541 426671 581759 118465 163300 278438 208958 279388 540349 245292 684824
 696850 208655 176965 330649 135323 274714 194506 559347 604043 269647 620562 473678 216152 73328 1 354208 182904 196652 236394 446385 463838 617829 760510 365541 413294 517604 337955 45508 305090 179413 338952 482034 514239 615267 672507 419025 305342 635647 175963 267402 203254 465262 535251 359110 643024 157595 278577 342536 390402 338262 192752 628372 162938 412907 565476 391192 455205 278661 288245 380129 497096 421050 199205 167673 316137 530002 335798 405699 100577 454045 460580 210235 298782 573331 488309 409036 469585 214220 583046 517464 713004 521944 473282 345017 158272 339902 457243 312626 423036 571510 405454 521719 46638 233316 294883 159938 350343 578320 315277 629917
 532185 309295 530564 631959 300520 503388 160009 420699 507524 202235 288877 711362 436270 356182 354208 1 238641 494652 587153 102687 327360 264016 493042 670651 734926 268835 370492 399507 659117 480415 582201 457680 778971 286919 409822 730688 387314 426468 492352 541748 483810 592352 181044 31467 293384 503328 490938 462372 37367 610598 267478 518140 192639 744001 228700 350287 156468 159181 167346 512018 357243 647097 204926 401298 125822 318561 605623 473718 454005 200358 764367 557341 254669 278914 306978 105386 608052 439398 259499 337172 551816 191094 360022 692174 379048 444886 567427 475083 692523 307177 119075 802119 345716 356023 106047 500699 417104 323995 516682 489567
 709522 296781 345694 395676 235357 435834 116947 578807 646640 277119 460236 644920 197754 143923 182904 238641 1 375595 379551 305931 476878 482794 579337 434446 595808 476748 192622 217976 466363 358445 508102 550927 541090 525136 491706 494982 182827 622435 265712 303728 248106 598776 407223 228845 497237 294057 254516 249479 267048 371994 34397 665514 129672 593954 410721 442941 291871 107333 271230 510434 316878 587729 212242 163801 270905 510173 512080 510409 274643 278975 643329 387619 119170 507790 305426 328603 607729 368811 420149 334770 728020 366183 295736 475379 141668 236651 583562 450293 454006 524514 333937 702468 206236 128176 143965 341623 224890 398101 282977 652268
 679940 218205 155542 413125 195193 111380 350795 548187 561776 335787 779761 279949 385283 262272 196652 494652 375595 1 242296 595866 473285 752944 944156 436401 240419 573985 532716 178698 240543 17250 150773 423463 605046 708978 855893 472125 496857 651654 287954 391188 340654 320966 668523 508935 787263 223384 437976 523876 531942 448030 388775 589992 311642 252375 721039 371338 622737 460721 369455 252468 692105 232899 294397 343644 412453 564072 139638 312389 146983 632460 273640 125903 493715 647338 679576 515341 318199 97749 745862 709643 692301 680114 669258 336832 341484 524735 324275 187847 521110 627885 505000 327000 170135 425516 464435 88562 540850 761407 473200 608051
 899383 407338 88545 183541 347324 352928 427342 763183 790425 496836 838990 471083 261869 237236 236394 587153 379551 242296 1 674155 675890 848824 945254 199327 302618 747504 452961 191283 99260 235842 372210 655572 369225 851555 859937 230068 404820 853300 132918 201789 186480 560940 767648 588763 870110 85676 283694 396115 622359 233676 370781 817530 398575 280864 787478 586384 670764 486585 520070 494753 652330 444722 431077 248635 551211 753217 337884 551450 146714 657250 372279 123707 470022 807458 662035 645409 556233 331015 799342 686331 913601 743100 621338 110132 262745 406025 566052 429344 291980 801970 641542 456479 260811 349378 515383 156337 438592 769148 309557 828944
 572040 411523 623340 700561 402525 606017 252876 477031 569321 300958 186213 813470 496919 438455 446385 102687 305931 595866 674155 1 393994 176898 400948 739287 835813 300798 392754 490934 751068 581306 684808 538439 832675 256141 321960 800022 420859 457197 570049 606858 553718 688559 104778 87927 196664 589028 544655 495755 67159 672002 328351 575625 288993 843867 126032 435942 83674 205019 264483 610359 321628 749079 307596 468765 219332 360283 708267 567209 546931 144873 866495 653329 281904 280312 262733 153768 705001 542077 158158 288197 591711 89508 334283 776029 446905 476379 662536 576059 750144 324239 173300 904802 442555 405881 162085 597775 441754 244947 565647 540091
 235821 268666 592256 794474 332246 408312 360096 101930 180449 204020 546658 557798 647202 514351 463838 327360 476878 473285 675890 393994 1 449790 788801 829234 680777 145487 658416 500074 706919 468610 469045 161360 975246 315901 714241 881489 658413 178900 639746 725714 660588 369191 385964 358807 502596 612737 711712 726302 341625 798112 511208 193461 353073 705360 491177 109650 472334 454420 205794 322989 683764 497076 277041 599543 217592 102287 512880 246582 530707 524868 678173 588387 550196 230259 634328 240238 389827 377920 535084 664367 253364 472777 684036 784612 580493 713396 337996 333353 883832 185032 220795 679370 424562 603631 408433 532688 697914 638701 745554 175394
 561789 551633 794449 876929 557761 747489 423330 504951 600101 431348 128733 945723 672226 614306 617829 264016 482794 752944 848824 176898 449790 1 376539 915617 993158 315170 552929 662964 922892 739608 824801 609906 1004257 176088 326326 976401 586652 441686 746809 782768 730411 794679 84432 260075 54811 764118 717677 659930 227445 846867 504592 597698 456650 1004360 110662 524846 215653 380533 393912 726016 433772 880909 458692 645334 347170 377974 854032 668516 717879 269038 1017533 821134 449042 249897 371944 248231 813322 688147 147398 386458 580106 141069 456951 951880 623555 639845 765705 704083 923564 308003 264241 1047468 609472 578850 338982 764156 601910 293831 736682 551755
 934189 793768 923499 896899 766203 979147 597991 861866 956793 694944 251723 1191659 699441 720289 760510 493042 579337 944156 945254 400948 788801 376539 1 931219 1173569 673570 513542 797300 1038822 927653 1057335 938405 956742 552533 88269 988263 563238 814006 816570 803574 775630 1085320 410505 466193 324977 862894 714250 611842 464146 845605 578865 958777 637324 1173066 299746 836889 337752 483832 660383 1004038 306869 1128909 684552 698763 617550 737088 1072344 966332 853915 312988 1217005 966899 475526 621171 283815 551544 1100793 911744 254481 262594 952994 316454 342048 1025624 682887 592609 1060457 962884 899096 677588 571238 1268462 775422 600883 483013 920289 548884 182770 714832 916857
 1061158 567888 281141 38771 498116 547781 521978 923611 962329 633677 877840 668318 245745 325353 365541 670651 434446 436401 199327 739287 829234 915617 931219 1 481955 877023 417810 330198 264029 427545 571349 832746 169927 953732 853002 60840 368559 1000846 190328 134036 186848 757188 841546 663105 925709 223934 217175 323699 700941 88363 411029 987999 505142 452931 835172 751710 713284 535210 648471 687014 624671 643919 561252 270725 669297 893988 537064 737200 311652 682868 554470 322875 482116 924628 652478 749988 753495 517567 836136 669518 1076878 791208 589860 162810 292789 341281 760415 619737 98409 929772 750877 641728 405372 345210 578061 348006 383942 771334 218813 993128
 858270 450252 269661 477340 435529 272501 588053 738431 727975 571255 1018919 227115 545983 462063 413294 734926 595808 240419 302618 835813 680777 993158 1173569 481955 1 797759 724092 379254 218057 254537 220174 590493 643058 942313 1085463 488885 680635 853126 420128 503774 478477 407174 908758 748568 1027675 351103 580186 686969 772244 533671 601810 757187 549467 38366 960617 572028 859539 690397 606408 386058 905178 240624 534474 517917 650702 778759 171391 467421 325429 864906 72842 216761 708699 875603 900691 753588 392348 313998 984253 929187 867111 919218 878599 325794 524198 693691 427835 350835 580173 850066 742303 160949 400241 614796 699724 254426 720166 991125 609070 786863
 271243 356444 670712 839912 402079 527540 364982 190251 285627 250735 424150 694714 667184 552040 517604 268835 476748 573985 747504 300798 145487 315170 673570 877023 797759 1 635419 559766 793798 566013 595409 305644 1008176 170456 606021 933475 646509 158597 687450 760224 696533 513193 263151 296968 369520 674484 728510 719798 267200 832544 510205 285484 373716 818675 374038 244688 384318 422636 229463 460988 616506 632245 318406 623875 209658 63665 635580 388689 601022 443898 803115 677197 520424 85285 560473 163640 533579 485410 419779 587595 290917 364872 623851 857635 602643 703904 482223 461091 917930 54651 150435 812277 486932 603958 370334 618858 680268 540843 758911 243751
 885611 488364 455414 383369 423473 610504 302267 759793 832922 465009 484979 811457 192911 270740 337955 370492 192622 532716 452961 392754 658416 552929 513542 417810 724092 635419 1 355735 551496 515651 676876 742481 463415 644769 435495 475463 50206 789441 320055 290762 270577 786435 495847 347325 548155 379528 200721 109247 384483 333100 162645 850195 321485 713705 454238 633494 337331 212825 453743 698333 207727 758834 403809 207693 443528 677982 672353 702368 402199 290002 781804 507338 115843 648811 236107 474593 794089 546348 443453 251751 904683 414294 173690 519501 199894 88625 772851 635576 393645 677012 485426 851340 375092 109475 265555 476402 49136 356864 204033 832783
 731023 238029 132715 296964 168095 270703 239655 593492 633543 310319 663624 458646 210920 85320 45508 399507 217976 178698 191283 490934 500074 662964 797300 330198 379254 559766 355735 1 260172 162075 327438 507352 484736 660274 709603 381426 318441 674009 144448 243124 181987 470849 580541 403898 687598 114787 268880 346356 435583 311282 222566 658714 208445 376101 609127 421910 497427 318314 330874 388692 526476 410023 241648 166383 360320 569915 317828 422738 57459 493665 430661 169942 329463 617154 521685 454170 473159 217134 625661 549975 746687 565387 500859 300378 162890 346432 465806 319966 394293 613917 450280 496446 75512 247500 337645 124972 362223 615808 305328 662944
 919697 441056 128754 259882 392654 340345 499591 786622 802308 544725 921878 413596 361012 322442 305090 659117 466363 240543 99260 751068 706919 922892 1038822 264029 218057 793798 551496 260172 1 241115 338062 663815 427476 911042 952745 275226 503680 885813 231751 296851 285714 537160 840129 664065 947726 176063 381909 495073 695450 318073 461193 830534 466952 190667 868365 609012 754511 571973 572405 483131 749098 399336 485732 345778 608397 792116 295209 550318 205178 745326 290457 118542 563329 859914 756505 707095 528914 337963 883155 781629 932384 824369 718644 114173 358513 505214 547617 423927 362151 848428 701001 377742 317721 446727 596150 175330 537820 860921 406349 847970
 678583 209625 147921 403215 182003 121381 335132 545770 562286 325323 764798 296657 369597 245314 179413 480415 358445 17250 235842 581306 468610 739608 927653 427545 254537 566013 515651 162075 241115 1 166261 424718 595523 698574 839386 464919 480009 647313 274721 378250 326515 331014 655177 494167 773332 211636 423028 507710 517745 436394 371530 590262 296102 264910 706262 368373 607085 444087 358313 259731 674905 248657 281472 327466 400644 557851 156730 316249 132625 616162 289736 124047 476507 638265 662565 503413 329134 97641 730629 692586 691325 665119 652020 333516 324945 508342 332937 193548 510698 620127 493497 344081 153183 408592 448446 79925 524088 744891 458448 606875
 638195 274348 293421 552239 291173 78887 459745 520174 507856 393454 871013 136927 535856 408679 338952 582201 508102 150773 372210 684808 469045 824801 1057335 571349 220174 595409 676876 327438 338062 166261 1 370376 741269 750314 969647 599661 643490 637036 436816 539146 490735 200911 741940 602301 865572 369770 588690 673663 618044 592469 525929 537069 420705 251430 810632 359403 725270 580759 430914 166103 824014 82589 377943 493463 477799 569568 49903 247268 297553 744491 209129 248514 627264 676987 805199 577515 191185 145592 841078 836311 646942 773061 803834 448937 490175 673835 215601 135703 661195 645494 563251 222800 303827 571634 574466 232959 688066 875981 623800 566912
 267836 274272 567288 802051 348605 330352 441765 160094 139573 281411 701823 430164 690055 546690 482034 457680 550927 423463 655572 538439 161360 609906 938405 832746 590493 305644 742481 507352 663815 424718 370376 1 991864 475898 860368 878217 732395 282924 651752 748811 685190 224186 542952 488504 662074 608923 754840 792366 479355 818384 583418 168507 421297 620669 644549 111146 611304 556867 302938 205671 802975 375996 338770 640462 334082 253797 419260 123149 521431 657965 573161 548623 645148 389147 759564 386976 245339 327085 687052 790902 276765 622165 797916 757707 624934 782825 193023 245203 901628 339250 367315 558074 436436 668738 519011 500774 775568 779585 790889 196852
 1209929 721851 450328 192607 649448 716350 644381 1072674 1117737 774310 947245 836793 343692 461345 514239 778971 541090 605046 369225 832675 975246 1004257 956742 169927 643058 1008176 463415 484736 427476 595523 741269 991864 1 1065868 887375 154942 421649 1141417 340307 249776 314807 926010 937319 765912 1005998 387410 288692 354718 804845 177189 511505 1142423 634932 611535 912598 905247 792047 629007 784127 854203 654329 813643 700679 384482 798521 1031734 706793 901197 474633 750917 715900 492802 555811 1047156 695170 868661 922748 683195 905489 705145 1226457 870581 619016 317386 406028 375318 928397 786338 91419 1058974 872458 803890 557666 426918 677957 516495 418441 816724 267582 1143830
 388657 492405 783502 915255 521594 678134 432747 348381 441046 373265 302670 857295 722888 632459 615267 286919 525136 708978 851555 256141 315901 176088 552533 953732 942313 170456 644769 660274 911042 698574 750314 475898 1065868 1 498933 1013087 668184 269518 770497 826969 767388 682140 166912 302222 229253 771642 777829 743625 263369 896651 554394 434638 455160 959703 268817 411192 330948 441754 341052 625851 570234 793747 425442 686505 302666 225422 787036 556686 709094 393226 954661 799087 530666 87615 508902 206445 702290 628455 312955 529820 406466 279404 586773 960193 664290 725106 651398 619039 979138 143882 210309 970795 594150 642207 390073 740220 693249 454303 803157 385652
 871736 707341 836403 817890 678478 891578 510103 791708 885886 610850 197598 1104239 617551 633238 672507 409822 491706 855893 859937 321960 714241 326326 88269 853002 1085463 606021 435495 709603 952745 839386 969647 860368 887375 498933 1 910947 484445 752197 732282 723561 692962 1001217 345608 381976 280340 777013 635837 537501 382731 768576 492098 889563 549387 1085192 234129 756861 253519 395582 576976 919083 233101 1041681 597974 614619 535195 668950 984280 883536 766345 225157 1128741 879324 389916 560506 201235 474857 1016324 824062 188204 184016 890904 242367 268488 942354 598136 517708 976878 876677 825699 615076 494534 1180305 687166 518014 395200 832344 473738 94503 638736 849746
 1111847 617523 317006 99473 549444 582969 580844 974424 1009896 688320 938431 687671 306449 382946 419025 730688 494982 472125 230068 800022 881489 976401 988263 60840 488885 933475 475463 381426 275226 464919 599661 878217 154942 1013087 910947 1 426694 1054622 246039 194745 247083 790870 902155 723517 986542 270679 275465 378252 761250 142678 471810 1036072 562877 456874 895959 800837 774058 596025 704416 724435 681447 668465 616527 331354 726595 948781 562043 778704 357196 743259 561711 352453 542482 982633 710865 808823 785806 558134 896704 727178 1127190 852014 646426 163126 353366 396576 796104 658383 116554 986550 809301 649820 456933 405603 638693 385011 439830 830250 273839 1043074
 889264 470749 411201 333719 402438 579873 298542 760286 829404 459909 525659 776613 143651 234914 305342 387314 182827 496857 404820 420859 658413 586652 563238 368559 680635 646509 50206 318441 503680 480009 643490 732395 421649 668184 484445 426694 1 797551 271952 240668 221163 762545 525220 367037 585300 333384 151393 75443 405365 284737 149304 848051 311965 668983 491605 625272 372165 228190 452635 675003 257829 725877 394380 162746 447610 685421 636236 684527 361735 329270 739916 464008 138956 666108 284184 488935 769076 517534 483874 301066 908026 450282 223888 469523 157896 57631 750631 610474 348383 690594 498082 811389 345493 72035 281268 436072 45447 404085 157665 833663
 120256 446759 770480 965144 507471 581757 506999 122910 192035 367698 562295 711380 805817 680439 635647 426468 622435 651654 853300 457197 178900 441686 814006 1000846 853126 158597 789441 674009 885813 647313 637036 282924 1141417 269518 752197 1054622 797551 1 810604 891738 826917 507046 406612 455154 496165 787817 868985 869480 425796 964398 656567 176932 508785 879368 518107 282518 540870 577320 358039 480317 774851 654650 441037 760080 351534 112300 683083 398160 707431 601284 845150 767283 675392 192862 718342 321761 528190 555612 564099 744997 138995 514894 782444 962445 739784 854480 475939 502644 1050260 137136 307458 837734 598702 750582 525834 711477 833121 692918 901090 124114
 872727 381825 155299 154747 310186 394786 337799 735197 777649 443351 724548 555543 129533 138104 175963 492352 265712 287954 132918 570049 639746 746809 816570 190328 420128 687450 320055 144448 231751 274721 436816 651752 340307 770497 732282 246039 271952 810604 1 103758 58566 602386 668845 488670 762855 70946 160956 267545 525007 167690 250459 802579 317555 403789 676246 565520 556458 372377 458504 524356 520577 517050 370985 117819 480749 703671 414322 564525 143218 536726 485177 210101 343272 737258 532814 565032 602228 351330 683866 556085 888783 631714 489124 212018 134546 275763 600629 455512 249879 740515 564646 564127 217805 217530 408177 204412 306524 643005 192469 805488
 960708 476043 251214 96210 402580 498520 398655 823637 871293 524535 743820 654756 111712 211579 267402 541748 303728 391188 201789 606858 725714 782768 803574 134036 503774 760224 290762 243124 296851 378250 539146 748811 249776 826969 723561 194745 240668 891738 103758 1 65131 706081 709784 532506 791999 169671 93330 208561 570775 72661 278569 895356 386520 482650 701240 658285 579326 402236 534795 627577 498481 618608 450911 140507 550776 782321 514616 665660 246973 549023 572273 304459 348345 802591 522445 625585 705985 454536 702129 541080 977411 657335 464360 236148 162749 222971 704030 558683 158524 811722 627952 654591 312419 211474 446409 306216 262601 639993 110587 895178
 895584 411854 213619 148150 338127 444722 336803 758531 806697 459566 698672 611925 77683 146561 203254 483810 248106 340654 186480 553718 660588 730411 775630 186848 478477 696533 270577 181987 285714 326515 490735 685190 314807 767388 692962 247083 221163 826917 58566 65131 1 650018 655324 476450 742506 129277 102439 210251 514171 137619 226445 830610 322889 461562 653361 593627 532009 350864 470332 569608 475142 571747 385980 85361 487358 717736 470248 604528 193892 506595 543732 268486 308157 740542 492111 564515 650983 396952 657350 513571 912300 609052 442549 250306 106875 219579 646491 500718 223468 748370 566170 622609 248820 174949 392003 259833 252622 605944 134719 830120
 478691 306768 476062 734014 363601 209748 515788 384151 343733 390423 868043 212861 679842 538512 465262 592352 598776 320966 560940 688559 369191 794679 1085320 757188 407174 513193 786435 470849 537160 331014 200911 224186 926010 682140 1001217 790870 762545 507046 602386 706081 650018 1 718759 619315 842991 542271 739601 806950 622747 766765 624869 371941 482361 442460 807884 272253 747854 642766 425128 88344 896948 169666 412386 632436 469261 469596 248657 126508 459246 782062 373306 438789 712270 598467 865455 551808 21157 253717 845759 897540 483459 777540 883568 645871 623466 802875 31449 152756 841704 553988 533673 342654 420573 691593 620087 409523 807974 912266 776128 412138
 526146 468252 711533 802782 473337 664320 340960 452279 547529 348692 161662 864304 600481 534644 535251 181044 407223 668523 767648 104778 385964 84432 410505 841546 908758 263151 495847 580541 840129 655177 741940 542952 937319 166912 345608 902155 525220 406612 668845 709784 655324 718759 1 180215 124957 683387 649132 599916 145290 775715 431261 548561 373384 919934 111680 451876 167188 308983 311115 647543 404175 799473 374309 570822 264149 326748 770452 593293 634988 228343 933512 737379 386293 215658 342556 167921 736905 604367 157693 362960 545298 113190 422114 871791 548790 580384 690443 622978 854431 269480 185302 964436 525749 510448 263497 680211 544953 290695 670389 506368
 562160 331295 536062 624340 316700 523415 165122 451847 538933 228899 271091 733014 424956 354613 359110 31467 228845 508935 588763 87927 358807 260075 466193 663105 748568 296968 347325 403898 664065 494167 602301 488504 765912 302222 381976 723517 367037 455154 488670 532506 476450 619315 180215 1 284093 504054 477284 442412 39006 600046 255246 549410 201071 756203 212107 380621 128541 139584 195240 537905 326096 669065 224374 392614 155578 348246 623882 501946 459572 169474 780430 565487 231652 301671 275523 133398 634627 458303 239024 305706 581820 171738 329500 692021 370441 424355 594909 498772 680712 333193 148461 820802 354629 340445 88115 509853 394747 294726 501512 520420
 616186 591437 819986 887240 592358 787622 449208 559479 654686 472841 85682 988905 680566 633671 643024 293384 497237 787263 870110 196664 502596 54811 324977 925709 1027675 369520 548155 687598 947726 773332 865572 662074 1005998 229253 280340 986542 585300 496165 762855 791999 742506 842991 124957 284093 1 784769 722251 656714 256031 853691 516081 652455 484571 1037306 93918 574654 214197 391757 435209 772415 411041 924079 494366 657147 388138 432493 893007 717217 743553 258729 1054807 849415 450532 304638 350407 292859 861309 726624 115811 360940 634416 135546 437175 970825 635824 636296 814420 747739 927871 362787 310047 1087774 638181 584245 355437 793395 596546 259344 738846 606565
 841588 347085 84366 195029 280589 332948 343977 704297 739444 425084 753318 485725 195104 151574 157595 503328 294057 223384 85676 589028 612737 764118 862894 223934 351103 674484 379528 114787 176063 211636 369770 608923 387410 771642 777013 270679 333384 787817 70946 169671 129277 542271 683387 504054 784769 1 231709 335882 538145 224766 286290 765485 316941 336593 701845 530183 585105 400988 445418 467587 573752 448949 356217 171997 473667 684444 345089 514107 87758 572178 415046 139211 387370 730920 580443 565209 540759 295858 713698 605626 856760 657455 543831 189195 183101 342756 542678 399337 300368 728580 562355 493353 189289 272566 429838 136846 370805 685567 263406 772541
 947441 480922 316032 182766 406715 538309 363663 812330 868798 507718 668541 712437 65062 208827 278577 490938 254516 437976 283694 544655 711712 717677 714250 217175 580186 728510 200721 268880 381909 423028 588690 754840 288692 777829 635837 275465 151393 868985 160956 93330 102439 739601 649132 477284 722251 231709 1 115684 516240 134336 223626 890977 360586 562246 629752 656572 508115 340453 511491 656531 408027 670402 434854 114437 519795 757457 570440 684163 291184 472086 645971 370912 272385 762270 435455 583116 742034 485933 626657 452362 965073 586745 373464 329015 131584 129644 733749 588116 205908 777601 588160 725048 325155 138881 389287 360167 169670 554827 36718 885266
 958849 524986 418661 292675 453719 615462 366409 828225 894454 525312 594220 803057 142016 269296 342536 462372 249479 523876 396115 495755 726302 659930 611842 323699 686969 719798 109247 346356 495073 507710 673663 792366 354718 743625 537501 378252 75443 869480 267545 208561 210251 806950 599916 442412 656714 335882 115684 1 480783 236014 215112 914049 375710 671328 562827 687313 444743 303372 520708 720671 305297 756217 457098 180246 518516 757216 661153 736871 381083 398997 750363 473251 213964 741009 341449 563384 811889 556718 552678 353705 977410 522327 269939 444600 184772 20648 797316 654199 288224 764615 572086 826426 386414 123932 356355 454081 64097 462943 104888 901695
 535673 344498 567009 662190 337652 539307 195928 430724 520301 234131 253057 746371 463620 389853 390402 37367 267048 531942 622359 67159 341625 227445 464146 700941 772244 267200 384483 435583 695450 517745 618044 479355 804845 263369 382731 761250 405365 425796 525007 570775 514171 622747 145290 39006 256031 538145 516240 480783 1 638616 293972 529034 229481 781368 192592 374293 132037 178387 197977 543809 350232 681955 241455 430681 153664 321582 642131 502372 490439 183481 801378 594355 269126 265737 296239 106042 638930 475780 225206 325020 555387 156558 356663 726677 408474 462564 597123 508926 719501 300162 123591 838434 382785 379449 127120 537850 432258 300239 540517 497350
 1032939 546610 299611 64221 473585 557664 470187 895770 942286 597158 801928 701428 175279 284169 338262 610598 371994 448030 233676 672002 798112 846867 845605 88363 533671 832544 333100 311282 318073 436394 592469 818384 177189 896651 768576 142678 284737 964398 167690 72661 137619 766765 775715 600046 853691 224766 134336 236014 638616 1 344948 966614 458898 508501 761826 729447 639932 466984 607418 690594 538776 669770 523548 210694 623006 854962 564004 732194 308427 605751 604625 349454 405403 873973 568861 696433 765495 517823 760071 584710 1049555 718409 503749 233866 232753 254055 766366 621918 85870 883865 699246 689750 382549 269566 513069 360604 297188 688745 131305 967130
 743918 325745 344808 372338 261391 455686 151339 613136 680543 311031 474363 662295 169740 141729 192752 267478 34397 388775 370781 328351 511208 504592 578865 411029 601810 510205 162645 222566 461193 371530 525929 583418 511505 554394 492098 471810 149304 656567 250459 278569 226445 624869 431261 255246 516081 286290 223626 215112 293972 344948 1 699590 162662 597775 427408 475991 306639 124439 305599 536620 304584 606594 245111 141100 305037 544287 526999 539787 277373 287000 652236 389873 106900 539585 299793 360305 633106 389646 433518 327585 762416 382990 280567 462107 119772 202475 610658 474963 425551 557509 366317 714470 222187 94034 168143 347507 192166 399781 250790 686602
 107316 420770 729887 955601 493057 498840 549627 98612 29213 388737 709624 584430 825953 687025 628372 518140 665514 589992 817530 575625 193461 597698 958777 987999 757187 285484 850195 658714 830534 590262 537069 168507 1142423 434638 889563 1036072 848051 176932 802579 895356 830610 371941 548561 549410 652455 765485 890977 914049 529034 966614 699590 1 538503 788103 659065 237190 656940 647777 396466 371171 875335 535316 458399 777089 411031 221834 586386 290265 679046 712345 736283 714305 743183 350004 824356 424195 392205 492779 704609 853776 111670 647372 876640 921753 759439 902055 343281 413708 1051341 291706 405701 714041 584833 790496 601860 664524 888552 819970 925937 53102
 588088 175721 338257 467491 129967 343260 39469 454630 518745 149959 469713 556262 297060 179934 162938 192639 129672 311642 398575 288993 353073 456650 637324 505142 549467 373716 321485 208445 466952 296102 420705 421297 634932 455160 549387 562877 311965 508785 317555 386520 322889 482361 373384 201071 484571 316941 360586 375710 229481 458898 162662 538503 1 555801 412077 313358 311119 162962 150926 394558 415428 494872 82571 251549 164508 397787 435204 385765 261777 324341 585037 364954 231819 419782 388594 248792 493347 275317 434791 420363 606076 370039 401214 505983 231029 364340 464413 340181 544406 425503 247327 631796 153630 252010 154442 308868 354515 455454 393498 528021
 888117 467351 258373 450494 446912 297619 593752 766229 758900 587161 1025445 265446 531579 456684 412907 744001 593954 252375 280864 843867 705360 1004360 1173066 452931 38366 818675 713705 376101 190667 264910 251430 620669 611535 959703 1085192 456874 668983 879368 403789 482650 461562 442460 919934 756203 1037306 336593 562246 671328 781368 508501 597775 788103 555801 1 967830 597366 864000 691407 621461 417496 899332 277325 546376 506391 664793 802072 201793 497902 320403 866599 106952 208417 704398 895120 897467 767697 428165 333350 989917 925320 897433 925806 871780 294226 514180 679050 462233 378581 551331 871551 757184 194746 404117 604930 703598 252970 707286 991124 589783 816446
 637764 536994 741841 796862 528296 731883 374657 562134 657118 424153 60714 938648 589602 550285 565476 228700 410721 721039 787478 126032 491177 110662 299746 835172 960617 374038 454238 609127 868365 706262 810632 644549 912598 268817 234129 895959 491605 518107 676246 701240 653361 807884 111680 212107 93918 701845 629752 562827 192592 761826 427408 659065 412077 967830 1 547807 121961 303901 387033 731938 323502 874131 433622 568073 340711 437465 834299 684507 665924 164962 992240 774365 357599 326440 261864 259163 825002 668097 46018 275805 656883 44539 347575 885919 547098 542399 780893 700193 835112 381008 278474 1030817 564961 492260 272406 719828 502636 186562 645670 617607
 313013 183887 500164 718873 255872 299842 331846 177745 213117 170494 606661 450692 591518 450830 391192 350287 442941 371338 586384 435942 109650 524846 836889 751710 572028 244688 633494 421910 609012 368373 359403 111146 905247 411192 756861 800837 625272 282518 565520 658285 593627 272253 451876 380621 574654 530183 656572 687313 374293 729447 475991 237190 313358 597366 547807 1 505547 445750 192067 216401 692202 389013 230895 542270 225241 210936 403475 145940 444735 549959 568530 490771 534562 329590 649563 288654 291929 274265 588626 681051 327316 522101 686838 693066 525410 676909 242217 223722 814153 290480 269458 570656 347727 563399 408039 437316 667830 673784 692033 242752
 655548 457400 629698 675012 435838 646531 271958 558341 649631 357435 168367 857764 467668 433724 455205 156468 291871 622737 670764 83674 472334 215653 337752 713284 859539 384318 337331 497427 754511 607085 725270 611304 792047 330948 253519 774058 372165 540870 556458 579326 532009 747854 167188 128541 214197 585105 508115 444743 132037 639932 306639 656940 311119 864000 121961 505547 1 184541 323466 666287 240370 794286 348856 446826 282162 443314 744022 630082 554760 62652 896147 665375 236372 362465 180262 233034 763148 580156 128691 204806 675230 78652 255827 767115 426072 424545 723378 625925 713681 407646 252018 941083 459921 370374 160603 612846 386277 168322 524743 622543
