NAME : domp50p25v2
COMMENT : Cherkesly, Contardo & Gruson 2022
TYPE : DOMP
DIMENSION : 50
DISPLAY_DATA_TYPE : NO_DISPLAY
OPEN_FACILITIES : 25
COST_SECTION
 1 715923 562162 584547 915350 758794 712754 985995 932065 643412 559704 959377 506686 981011 836177 662102 478480 296551 286625 1134180 358312 254923 1021698 660509 1057231 1125856 291669 609123 664618 449675 916854 499545 741231 485879 664544 514048 241825 226267 940618 313378 528839 523416 951799 582352 562636 824655 890951 1148503 249670 549631
 715923 1 617821 393530 874630 260568 937181 783713 573372 142938 883742 703556 211809 1216359 417541 529267 252925 514819 429308 820596 837660 462376 920597 62608 678586 731260 424641 162567 52602 813581 360084 240615 499685 669218 786655 790959 594750 598115 988467 405691 355202 285226 812567 930591 665331 243058 1112034 760643 732534 889464
 562162 617821 1 229233 364470 450902 319390 427579 435950 475668 295252 414830 531828 602522 415459 156395 562175 296164 470079 589211 371720 450085 463785 605436 544346 610047 456481 647041 594482 275874 559004 420357 255382 106199 172878 209544 322045 337802 426491 434261 264739 341776 389639 341905 49626 534755 497498 627131 359917 306796
 584547 393530 229233 1 504159 232254 547145 470558 352568 250594 515254 414743 349232 822907 254973 148097 392448 289838 380816 578850 531996 380618 572640 388940 479971 548142 366932 447463 376067 469071 366225 233575 174753 301974 393844 423906 361943 374416 604816 337797 73337 143900 471573 562711 278465 316330 718729 572862 467430 524331
 915350 874630 364470 504159 1 635699 329555 203638 408524 737490 458506 273036 852178 442798 510728 356119 892310 660633 829829 377207 646673 812598 114133 883364 434110 472491 815895 950655 868612 525216 659826 736077 376814 429604 263322 437900 681077 696689 137442 791645 570171 647107 123880 481118 353726 701618 367040 472265 686844 476125
 758794 260568 450902 232254 635699 1 757887 526214 313308 164877 743790 444122 354695 1015644 157353 320314 409017 484817 500344 561862 761064 517300 669507 293309 423522 480742 489307 390146 275956 701316 158977 280528 260791 533049 599587 653735 565535 575239 759292 460958 247654 235399 561080 791037 500395 84353 914649 509827 686038 753786
 712754 937181 319390 547145 329555 757887 1 513479 649449 795046 161960 555739 838620 293701 688458 439172 862093 541075 731972 695760 377628 701807 438106 923396 718482 770459 720322 958641 912946 265099 842439 732275 520855 289661 158813 202803 520167 533023 270156 705185 583214 658698 438513 164978 272171 839494 190677 776692 463288 177043
 985995 783713 427579 470558 203638 526214 513479 1 239678 660418 616300 88835 810367 644576 377245 338457 857929 702136 841811 182834 774464 833841 162914 805899 234009 268874 827609 888856 789449 658607 507752 698402 301926 522170 404386 571850 744202 759818 335682 799865 543756 610000 79805 647704 440618 575388 570657 269102 785262 633574
 932065 573372 435950 352568 408524 313308 649449 239678 1 468069 703936 150843 642950 843515 155958 286602 695298 635515 729108 249799 807295 732052 400528 605714 127692 195589 715611 699062 588475 709269 268689 543026 193304 542091 503267 633384 698803 712933 545704 686047 419768 464216 299523 745147 471923 346736 755881 220820 779280 719072
 643412 142938 475668 250594 737490 164877 795046 660418 468069 1 746767 585050 191902 1073434 314811 388082 246119 403888 365789 717849 716453 390522 789531 146797 584500 643791 357081 231396 131356 682089 309554 143902 366678 531319 643848 653901 486411 492413 848193 331759 215423 153013 682468 793941 523580 195902 969140 672660 620280 753345
 559704 883742 295252 515254 458506 743790 161960 616300 703936 746767 1 639751 754493 423587 707489 446552 769402 428183 616044 797898 216005 581897 572076 859944 793663 852860 605952 878996 851986 110812 853783 658905 542200 215695 212481 92871 389641 400345 425275 595599 531646 598557 549627 47486 247327 828031 331250 863851 310627 17632
 959377 703556 414830 414743 273036 444122 555739 88835 150843 585050 639751 1 743700 715391 291851 298541 793089 668233 793468 175426 778207 789165 250522 728916 164660 215142 779387 815438 712160 667846 419062 634706 240442 516813 428222 584015 718417 733687 409735 750779 487825 548303 154458 675571 437392 489405 635058 224184 774424 656393
 506686 211809 531828 349232 852178 354695 838620 810367 642950 191902 754493 743700 1 1129894 495901 496952 54337 343045 220830 890479 669130 256601 921458 153987 764806 826909 218049 125698 159449 668133 501115 116105 508461 551823 704125 664821 414814 414748 945504 203673 282208 205392 818913 798881 572297 385394 1024935 855258 552953 756723
 981011 1216359 602522 822907 442798 1015644 293701 644576 843515 1073434 423587 715391 1129894 1 920426 697004 1154871 833732 1024666 806024 626442 993636 505905 1207391 876828 912628 1013237 1248243 1195951 534356 1075368 1021409 761206 583270 430484 490144 807736 819674 309300 998615 866862 944294 565644 398798 558635 1092877 105099 909794 733382 432066
 836177 417541 415459 254973 510728 157353 688458 377245 155958 314811 707489 291851 495901 920426 1 260946 549351 543930 606251 404847 769413 615086 528642 450093 269902 331010 593554 544760 432808 688300 155359 403702 168144 514874 531238 624832 616905 629372 642301 563971 307860 333954 421289 752782 460974 198208 824427 359418 718011 720296
 662102 529267 156395 148097 356119 320314 439172 338457 286602 388082 446552 298541 496952 697004 260946 1 538917 369703 503664 472406 523057 495437 426686 531515 403392 471212 489451 594841 517603 432035 409104 381011 99239 260135 280392 364612 422477 437447 460348 462007 216317 291578 328750 491974 200269 400700 595066 491410 493342 459371
 478480 252925 562175 392448 892310 409017 862093 857929 695298 246119 769402 793089 54337 1154871 549351 538917 1 347856 198985 942100 669343 237778 965001 191637 817828 880315 199624 132151 200488 678153 555086 159691 556123 573124 732989 681718 412976 410847 981278 192338 322705 249057 863770 812562 600186 438890 1050255 908569 548858 770425
 296551 514819 296164 289838 660633 484817 541075 702136 635515 403888 428183 668233 343045 833732 543930 369703 347856 1 190944 841837 326850 161778 758184 474533 760838 829463 179595 468414 471547 331506 638225 274235 445060 257454 440094 346093 82771 90692 714302 167428 241198 258243 676873 469078 313892 559537 731731 852348 217917 427290
 286625 429308 470079 380816 829829 500344 731972 841811 729108 365789 616044 793468 220830 1024666 606251 503664 198985 190944 1 959626 485954 39920 919485 374213 856737 923972 14217 331085 378021 514620 658902 223815 555079 446553 625922 536380 233070 226963 895499 43106 309978 272862 829097 655084 495777 556096 922641 949877 360648 613871
 1134180 820596 589211 578850 377207 561862 695760 182834 249799 717849 797898 175426 890479 806024 404847 472406 942100 841837 959626 1 948504 957719 300762 854931 149801 132476 945701 948853 837635 835305 490040 787097 404743 689772 585538 749653 893526 908742 498413 916633 650657 704414 257929 830126 609396 586659 740887 115646 949086 815057
 358312 837660 371720 531996 646673 761064 377628 774464 807295 716453 216005 778207 669130 626442 769413 523057 669343 326850 485954 948504 1 446998 760462 800349 915400 980318 479542 793918 796516 121754 897223 597784 621664 265566 383845 208809 256453 259851 634145 478880 518178 563904 718640 228783 341396 843363 541548 996202 127870 202335
 254923 462376 450085 380618 812598 517300 701807 833841 732052 390522 581897 789165 256601 993636 615086 495437 237778 161778 39920 957719 446998 1 905165 408855 859720 927502 38639 369665 411766 478956 676268 246850 553089 419191 600987 504192 195854 188850 873301 58817 312454 284958 817471 620046 472697 577071 892320 952794 321233 579135
 1021698 920597 463785 572640 114133 669507 438106 162914 400528 789531 572076 250522 921458 505905 528642 426686 965001 758184 919485 300762 760462 905165 1 936321 391418 415142 905368 1011596 920622 639121 666556 806158 422860 537419 376768 551654 784562 800280 201608 879760 642844 716449 108431 593410 459082 726081 446430 408514 797513 589676
 660509 62608 605436 388940 883364 293309 923396 805899 605714 146797 859944 728916 153987 1207391 450093 531515 191637 474533 374213 854931 800349 408855 936321 1 716429 771944 370592 104452 17423 784125 409513 203990 513472 647786 776909 767673 552258 554397 991805 353666 340703 264887 829195 906195 651344 290524 1102535 801219 690810 864555
 1057231 678586 544346 479971 434110 423522 718482 234009 127692 584500 793663 164660 764806 876828 269902 403392 817828 760838 856737 149801 915400 859720 391418 716429 1 68626 843262 813437 699026 811298 340736 667948 316168 650081 584857 730961 821931 836352 568871 813687 547460 590836 311460 831740 575125 440787 798791 93142 896245 809771
 1125856 731260 610047 548142 472491 480742 770459 268874 195589 643791 852860 215142 826909 912628 331010 471212 880315 829463 923972 132476 980318 927502 415142 771944 68626 1 910568 870745 754522 874525 382848 732381 384763 715404 642324 792986 890419 904870 603350 880962 615109 656788 348616 889698 639357 490199 839448 29395 963568 869252
 291669 424641 456481 366932 815895 489307 720322 827609 715611 357081 605952 779387 218049 1013237 593554 489451 199624 179595 14217 945701 479542 38639 905368 370592 843262 910568 1 331321 373776 505379 648028 214303 541109 434261 613027 525495 225255 219934 882101 29660 296293 260538 814897 645425 482602 546214 910998 936403 355087 604070
 609123 162567 647041 447463 950655 390146 958641 888856 699062 231396 878996 815438 125698 1248243 544760 594841 132151 468414 331085 948853 793918 369665 1011596 104452 813437 870745 331321 1 120917 793692 513241 226858 590466 673979 819914 788750 538701 537858 1051469 321972 387827 308668 906102 923700 689639 394037 1143155 899888 676200 881568
 664618 52602 594482 376067 868612 275956 912946 789449 588475 131356 851986 712160 159449 1195951 432808 517603 200488 471547 378021 837635 796516 411766 920622 17423 699026 754522 373776 120917 1 777751 392559 198950 497834 639071 765490 759530 550189 552816 977950 355715 329821 255175 813358 898420 640794 273482 1091184 783797 688530 856905
 449675 813581 275874 469071 525216 701316 265099 658607 709269 682089 110812 667846 668133 534356 688300 432035 678153 331506 514620 835305 121754 478956 639121 784125 811298 874525 505379 793692 777751 1 825753 580486 531183 173446 262898 87944 284132 293694 514111 497551 471228 530026 600126 142074 237392 785380 441620 888820 200182 103282
 916854 360084 559004 366225 659826 158977 842439 507752 268689 309554 853783 419062 501115 1075368 155359 409104 555086 638225 658902 490040 897223 676268 666556 409513 340736 382848 648028 513241 392559 825753 1 437561 321599 653060 684550 768130 717353 727916 793589 619805 397620 393832 562023 899895 606458 119289 979726 411963 832027 865734
 499545 240615 420357 233575 736077 280528 732275 698402 543026 143902 658905 634706 116105 1021409 403702 381011 159691 274235 223815 787097 597784 246850 806158 203990 667948 732381 214303 226858 198950 580486 437561 1 396748 449748 593195 567299 354648 358667 830123 188199 166155 89710 704340 704654 462789 332365 916317 759972 492048 662783
 741231 499685 255382 174753 376814 260791 520855 301926 193304 366678 542200 240442 508461 761206 168144 99239 556123 445060 555079 404743 621664 553089 422860 513472 316168 384763 541109 590466 497834 531183 321599 396748 1 359356 363225 462450 506037 520343 498510 512154 247546 308988 316094 586805 297873 333024 662683 407301 587008 555617
 485879 669218 106199 301974 429604 533049 289661 522170 542091 531319 215695 516813 551823 583270 514874 260135 573124 257454 446553 689772 265566 419191 537419 647786 650081 715404 434261 673979 639071 173446 653060 449748 359356 1 185361 123028 256561 271675 463110 417356 316041 384453 475930 263064 81646 617389 479464 731939 263946 223338
 664544 786655 172878 393844 263322 599587 158813 404386 503267 643848 212481 428222 704125 430484 531238 280392 732989 440094 625922 585538 383845 600987 376768 776909 584857 642324 613027 819914 765490 262898 684550 593195 363225 185361 1 175102 441398 456301 278144 593663 436454 514204 340260 247397 133103 680877 325703 652402 427404 229550
 514048 790959 209544 423906 437900 653735 202803 571850 633384 653901 92871 584015 664821 490144 624832 364612 681718 346093 536380 749653 208809 504192 551654 767673 730961 792986 525495 788750 759530 87944 768130 567299 462450 123028 175102 1 318182 330677 433424 512967 438818 505811 512411 140101 164578 738070 390695 806301 266773 100476
 241825 594750 322045 361943 681077 565535 520167 744202 698803 486411 389641 718417 414814 807736 616905 422477 412976 82771 233070 893526 256453 195854 784562 552258 821931 890419 225255 538701 550189 284132 717353 354648 506037 256561 441398 318182 1 15757 719480 222629 319736 340898 711240 425905 327453 641314 708877 912055 138663 385643
 226267 598115 337802 374416 696689 575239 533023 759818 712933 492413 400345 733687 414748 819674 629372 437447 410847 90692 226963 908742 259851 188850 800280 554397 836352 904870 219934 537858 552816 293694 727916 358667 520343 271675 456301 330677 15757 1 734424 219332 330380 348619 726987 435705 343029 650225 721291 926639 138343 395834
 940618 988467 426491 604816 137442 759292 270156 335682 545704 848193 425275 409735 945504 309300 642301 460348 981278 714302 895499 498413 634145 873301 201608 991805 568871 603350 882101 1051469 977950 514111 793589 830123 498510 463110 278144 433424 719480 734424 1 860536 664636 743502 257429 434828 400674 829052 244837 600613 698379 441929
 313378 405691 434261 337797 791645 460958 705185 799865 686047 331759 595599 750779 203673 998615 563971 462007 192338 167428 43106 916633 478880 58817 879760 353666 813687 880962 29660 321972 355715 497551 619805 188199 512154 417356 593663 512967 222629 219332 860536 1 266873 231178 788309 636223 462254 519146 895759 906828 356853 594535
 528839 355202 264739 73337 570171 247654 583214 543756 419768 215423 531646 487825 282208 866862 307860 216317 322705 241198 309978 650657 518178 312454 642844 340703 547460 615109 296293 387827 329821 471228 397620 166155 247546 316041 436454 438818 319736 330380 664636 266873 1 79160 543151 578914 311044 327135 761940 640578 438449 538588
 523416 285226 341776 143900 647107 235399 658698 610000 464216 153013 598557 548303 205392 944294 333954 291578 249057 258243 272862 704414 563904 284958 716449 264887 590836 656788 260538 308668 255175 530026 393832 89710 308988 384453 514204 505811 340898 348619 743502 231178 79160 1 614740 645371 386856 303950 839273 683633 471124 604244
 951799 812567 389639 471573 123880 561080 438513 79805 299523 682468 549627 154458 818913 565644 421289 328750 863770 676873 829097 257929 718640 817471 108431 829195 311460 348616 814897 906102 813358 600126 562023 704340 316094 475930 340260 512411 711240 726987 257429 788309 543151 614740 1 578462 394654 618257 490863 348782 739790 567116
 582352 930591 341905 562711 481118 791037 164978 647704 745147 793941 47486 675571 798881 398798 752782 491974 812562 469078 655084 830126 228783 620046 593410 906195 831740 889698 645425 923700 898420 142074 899895 704654 586805 263064 247397 140101 425905 435705 434828 636223 578914 645371 578462 1 293575 875250 312909 899733 336045 42173
 562636 665331 49626 278465 353726 500395 272171 440618 471923 523580 247327 437392 572297 558635 460974 200269 600186 313892 495777 609396 341396 472697 459082 651344 575125 639357 482602 689639 640794 237392 606458 462789 297873 81646 133103 164578 327453 343029 400674 462254 311044 386856 394654 293575 1 584173 453538 654871 345498 259531
 824655 243058 534755 316330 701618 84353 839494 575388 346736 195902 828031 489405 385394 1092877 198208 400700 438890 559537 556096 586659 843363 577071 726081 290524 440787 490199 546214 394037 273482 785380 119289 332365 333024 617389 680877 738070 641314 650225 829052 519146 327135 303950 618257 875250 584173 1 992885 519586 765116 838093
 890951 1112034 497498 718729 367040 914649 190677 570657 755881 969140 331250 635058 1024935 105099 824427 595066 1050255 731731 922641 740887 541548 892320 446430 1102535 798791 839448 910998 1143155 1091184 441620 979726 916317 662683 479464 325703 390695 708877 721291 244837 895759 761940 839273 490863 312909 453538 992885 1 839186 641761 341763
 1148503 760643 627131 572862 472265 509827 776692 269102 220820 672660 863851 224184 855258 909794 359418 491410 908569 852348 949877 115646 996202 952794 408514 801219 93142 29395 936403 899888 783797 888820 411963 759972 407301 731939 652402 806301 912055 926639 600613 906828 640578 683633 348782 899733 654871 519586 839186 1 982515 880439
 249670 732534 359917 467430 686844 686038 463288 785262 779280 620280 310627 774424 552953 733382 718011 493342 548858 217917 360648 949086 127870 321233 797513 690810 896245 963568 355087 676200 688530 200182 832027 492048 587008 263946 427404 266773 138663 138343 698379 356853 438449 471124 739790 336045 345498 765116 641761 982515 1 301328
 549631 889464 306796 524331 476125 753786 177043 633574 719072 753345 17632 656393 756723 432066 720296 459371 770425 427290 613871 815057 202335 579135 589676 864555 809771 869252 604070 881568 856905 103282 865734 662783 555617 223338 229550 100476 385643 395834 441929 594535 538588 604244 567116 42173 259531 838093 341763 880439 301328 1
LAMBDA_SECTION
1 429
2 532
3 949
4 950
5 540
6 280
7 345
8 731
9 742
10 606
11 681
12 354
13 950
14 855
15 588
16 785
17 765
18 53
19 478
20 339
21 921
22 47
23 456
24 866
25 853
26 139
27 515
28 189
29 953
30 429
31 196
32 63
33 609
34 113
35 482
36 869
37 417
38 871
39 924
40 367
41 396
42 598
43 187
44 178
45 941
46 296
47 867
48 363
49 734
50 991
