NAME : domp50p16v3
COMMENT : Cherkesly, Contardo & Gruson 2022
TYPE : DOMP
DIMENSION : 50
DISPLAY_DATA_TYPE : NO_DISPLAY
OPEN_FACILITIES : 16
COST_SECTION
 1 786869 873399 801787 847483 880868 485695 968134 263650 741425 549239 1016029 428597 222006 238798 948039 953402 229085 516170 1062321 668380 724828 414190 748809 921425 558153 832622 68198 526494 811612 944739 801936 833651 952822 358303 251988 964460 776880 621153 597187 790964 1008406 494944 442035 599812 588568 255330 432097 754938 733901
 786869 1 242563 457819 339051 384004 447321 269254 658465 325323 267294 232206 607015 867090 647215 565269 699565 626949 436248 275617 764237 806905 651134 194141 136526 240877 130331 726148 851119 203461 683449 685232 108580 187210 461318 668344 177611 354817 565300 800766 250562 228167 295875 388539 743598 384190 603281 366989 305089 649303
 873399 242563 1 268245 120757 155072 424813 103595 811244 179172 329808 329072 572092 894008 791992 337638 486303 669975 400125 332172 643192 672202 616893 126293 273552 414683 112706 806374 782740 64225 470350 513574 136470 177394 611253 691660 264322 179103 454752 705699 90423 341232 442798 431782 643620 323446 747358 446723 154412 497346
 801787 457819 268245 1 149550 137083 317217 353381 824327 136822 364137 595914 409052 756511 796984 153566 245811 574411 286826 600332 393071 413234 447013 264267 531094 518595 352736 734236 564185 265955 230008 245439 376752 445521 646046 571536 529654 103020 233202 470606 211049 606796 511473 396171 408758 223175 756343 444729 153458 235701
 847483 339051 120757 149550 1 47819 371294 204680 822710 106600 335272 449829 500868 838877 799516 226315 368071 630193 342617 451631 535356 559955 543745 162813 391470 459733 218700 779348 690353 135737 352003 394762 243582 297854 629135 641490 384866 79943 356717 605251 94469 461871 471651 410665 542837 264557 756017 441982 93334 383163
 880868 384004 155072 137083 47819 1 399588 222772 864928 141028 379014 481015 519793 862372 841056 183428 331728 660358 369983 478173 530059 549836 561285 210621 428610 506976 260558 812671 695973 180640 315864 375735 285413 327838 672962 667952 417943 104131 362066 605750 142217 494330 517489 448210 543572 293535 797890 482847 133614 372258
 485695 447321 424813 317217 371294 399588 1 527671 524032 265130 193225 666760 160161 470466 493955 466953 500960 261188 30491 696967 360926 415983 204971 316573 575116 343053 425798 417812 405266 372480 489172 383733 437761 554037 372014 270506 601537 295718 193462 368944 334906 667779 298735 117875 319881 106738 456928 181315 283240 319313
 968134 269254 103595 353381 204680 222772 527671 1 890134 281025 420023 271747 675686 995945 873124 390065 547347 769494 503389 259508 738851 764580 720486 219988 245376 480551 152405 901766 884546 158055 532007 597173 165570 124286 689032 793179 217569 275408 554433 805050 193983 288277 518055 528450 742758 426969 828328 537807 256798 587837
 263650 658465 811244 824327 822710 864928 524032 890134 1 726187 488403 868918 547792 475009 33912 977881 1024991 353660 551101 921446 814900 874646 554899 686708 780724 418148 740247 258222 724891 747073 1013128 899337 733528 842394 201125 410632 829596 768015 705915 767660 744829 856970 372319 428207 751082 601880 67986 383139 731325 831647
 741425 325323 179172 136822 106600 141028 265130 281025 726187 1 244929 486451 400080 734027 701611 272948 382624 523596 236875 499902 468623 501988 443973 131389 411892 388515 233200 673256 603692 150306 366797 361719 255235 344351 537182 535566 418530 43269 276405 527235 95081 494561 389052 307186 465374 158495 658821 343274 25359 332642
 549239 267294 329808 364137 335272 379014 193225 420023 488403 244929 1 496857 347343 603537 466521 513285 598393 365317 191960 534590 544913 596258 389805 203518 401893 166009 284400 483774 596699 266153 583797 523430 287831 408384 293972 402577 436098 288111 356622 561414 256991 494624 147433 122012 510156 175482 422443 117785 245967 469236
 1016029 232206 329072 595914 449829 481015 666760 271747 868918 486451 496857 1 826758 1098886 861729 658116 812278 858945 651534 56703 952906 988309 871721 367686 95680 461089 254947 956547 1063736 336419 796538 840161 236029 153263 679089 899238 68096 500097 756036 1002421 392629 21048 521687 618793 942387 589051 819164 599192 461623 818133
 428597 607015 572092 409052 500868 519793 160161 675686 547792 400080 347343 826758 1 347653 514390 540163 526444 207599 176635 856180 267951 327776 45377 472124 735274 480391 583477 367334 250668 524640 518601 373534 596494 711162 446165 177796 761281 421202 196643 238764 481727 827917 425778 243587 207446 249170 487376 299124 421998 305342
 222006 867090 894008 756511 838877 862372 470466 995945 475009 734027 603537 1098886 347653 1 445741 886165 855324 240477 497451 1138051 521817 571070 312887 779401 1003350 668574 880804 218131 340578 838777 849883 690451 888010 1008256 512549 203360 1039441 760725 538817 433390 804727 1095209 602513 481856 454929 575950 449994 501289 753257 627414
 238798 647215 791992 796984 799516 841056 493955 873124 33912 701611 466521 861729 514390 445741 1 950457 994812 319749 521443 913429 781317 841045 521124 666755 772114 406344 724357 228034 691211 727768 983121 867540 718637 829479 186330 376813 820273 743069 674240 733759 723448 850459 356849 400882 717362 574113 44797 358351 707570 799700
 948039 565269 337638 153566 226315 183428 466953 390065 977881 272948 513285 658116 540163 886165 950457 1 159656 719326 436908 649570 456285 456676 573316 382095 610908 661461 443826 881102 654131 362051 145345 264520 468706 505182 798801 710761 597333 230685 347987 548953 316879 672684 659784 549703 491697 376433 909897 597994 280958 293718
 953402 699565 486303 245811 368071 331728 500960 547347 1024991 382624 598393 812278 526444 855324 994812 159656 1 726426 474263 806478 366111 348214 549321 507965 759255 758890 585957 889737 577300 500543 16137 168919 610722 659015 863284 704183 749659 346710 332386 465934 449300 825933 745022 604344 418238 435065 957815 661237 398261 227960
 229085 626949 669975 574411 630193 660358 261188 769494 353660 523596 365317 858945 207599 240477 319749 719326 726426 1 291332 898967 466935 526113 204811 550138 763334 431480 646460 163539 375777 611442 717289 579461 652070 772668 305998 63198 800231 556292 394102 414183 583158 854980 365856 244986 400942 366835 300673 260813 539545 510898
 516170 436248 400125 286826 342617 369983 30491 503389 551101 236875 191960 651534 176635 497451 521443 436908 474263 291332 1 679877 354214 407309 221999 295755 561181 349152 406843 448298 414904 349699 462150 362411 420044 534571 394052 298876 585549 266314 176070 370549 309857 653402 309441 135782 318259 78507 483714 198146 255811 299711
 1062321 275617 332172 600332 451631 478173 696967 259508 921446 499902 534590 56703 856180 1138051 913429 649570 806478 898967 679877 1 968460 1001100 901416 389069 141865 510446 275188 1001764 1088562 350003 791028 845726 259946 156005 729737 936981 98798 508893 773835 1022657 404891 75379 569442 656511 961787 613829 870499 640835 474646 828130
 668380 764237 643192 393071 535356 530059 360926 738851 814900 468623 544913 952906 267951 521817 781317 456285 366111 466935 354214 968460 1 59828 262126 586556 872604 703003 697992 615137 212202 618521 366031 199791 717870 812970 708632 421623 884810 464385 199039 100288 563698 959527 659472 475731 68737 383060 755211 538389 493931 164135
 724828 806905 672202 413234 559955 549836 415983 764580 874646 501988 596258 988309 327776 571070 841045 456676 348214 526113 407309 1001100 59828 1 321338 624583 910749 756454 734050 672751 246792 652276 350719 192446 754864 845146 767654 479740 920305 493215 243410 138925 596551 995904 714704 531973 125771 430025 815035 594962 527010 177584
 414190 651134 616893 447013 543745 561285 204971 720486 554899 443973 389805 871721 45377 312887 521124 573316 549321 204811 221999 901416 262126 321338 1 517495 780001 517836 628836 356648 212408 569860 542524 390585 641782 756538 468442 162710 806375 463910 226053 216619 526578 872716 461172 282116 196487 294285 497368 334640 466205 323842
 748809 194141 126293 264267 162813 210621 316573 219988 686708 131389 203518 367686 472124 779401 666755 382095 507965 550138 295755 389069 586556 624583 517495 1 286255 301238 113912 682163 699634 62912 491916 492606 131711 239451 487635 576122 299775 161548 388725 634882 68554 373304 321650 308466 574709 225570 622225 320592 111046 460308
 921425 136526 273552 531094 391470 428610 575116 245376 780724 411892 401893 95680 735274 1003350 772114 610908 759255 763334 561181 141865 872604 910749 780001 286255 1 368583 179283 861498 975031 265561 743235 771613 156658 123207 588033 804003 51568 431083 674280 917563 321599 93008 427821 523704 858428 501745 729009 503513 388021 744418
 558153 240877 414683 518595 459733 506976 343053 480551 418148 388515 166009 461089 480391 668574 406344 661461 758890 431480 349152 510446 703003 756454 517836 301238 368583 1 328299 501950 730072 353172 743879 689412 318605 424347 220523 484224 415281 430989 520203 709445 368360 451991 66113 236929 662664 341465 362420 184539 382244 634988
 832622 130331 112706 352736 218700 260558 425798 152405 740247 233200 284400 254947 583477 880804 724357 443826 585957 646460 406843 275188 697992 734050 628836 113912 179283 328299 1 767771 813408 86784 569841 592336 24897 128436 539182 677641 186859 251949 501174 748453 142405 261860 367944 401560 688031 338881 679591 400574 209000 565833
 68198 726148 806374 734236 779348 812671 417812 901766 258222 673256 483774 956547 367334 218131 228034 881102 889737 163539 448298 1001764 615137 672751 356648 682163 861498 501950 767771 1 487575 744885 880721 740777 769486 889128 313262 194108 903523 708684 557355 549476 723431 949606 437454 374716 547084 520421 232505 367295 686860 672425
 526494 851119 782740 564185 690353 695973 405266 884546 724891 603692 596699 1063736 250668 340578 691211 654131 577300 375777 414904 1088562 212202 246792 212408 699634 975031 730072 813408 487575 1 744741 576364 409228 829234 937980 669662 315149 996810 612279 334163 111933 695154 1066660 673544 493787 162691 474949 675731 547046 628329 362060
 811612 203461 64225 265955 135737 180640 372480 158055 747073 150306 266153 336419 524640 838777 727768 362051 500543 611442 349699 350003 618521 652276 569860 62912 265561 353172 86784 744885 744741 1 484410 506323 110982 195127 547203 635751 268660 165571 424177 673938 56406 345123 379195 370855 612634 275688 683137 383419 125287 481804
 944739 683449 470350 230008 352003 315864 489172 532007 1013128 366797 583797 796538 518601 849883 983121 145345 16137 717289 462150 791028 366031 350719 542524 491916 743235 743879 569841 880721 576364 484410 1 167170 594603 643277 850130 696187 733806 330707 323590 465401 433170 810126 730581 591457 416268 421485 945841 647921 382290 223176
 801936 685232 513574 245439 394762 375735 383733 597173 899337 361719 523430 840161 373534 690451 867540 264520 168919 579461 362411 845726 199791 192446 390585 492606 771613 689412 592336 740777 409228 506323 167170 1 615415 690676 755695 550269 773329 340829 193531 298496 450074 850345 662260 498167 249350 348217 833953 559987 384415 68653
 833651 108580 136470 376752 243582 285413 437761 165570 733528 255235 287831 236029 596494 888010 718637 468706 610722 652070 420044 259946 717870 754864 641782 131711 156658 318605 24897 769486 829234 110982 594603 615415 1 120626 532798 685215 168233 275489 520356 766407 165986 241697 361789 407139 706369 354294 673956 402277 231430 587782
 952822 187210 177394 445521 297854 327838 554037 124286 842394 344351 408384 153263 711162 1008256 829479 505182 659015 772668 534571 156005 812970 845146 756538 239451 123207 424347 128436 889128 937980 195127 643277 690676 120626 1 643150 805286 93768 352936 619295 868978 249272 167532 473755 527712 807743 464935 785090 522200 319040 672167
 358303 461318 611253 646046 629135 672962 372014 689032 201125 537182 293972 679089 446165 512549 186330 798801 863284 305998 394052 729737 708632 767654 468442 487635 588033 220523 539182 313262 669662 547203 850130 755695 532798 643150 1 368830 635462 579964 564752 683704 547715 668748 171238 259590 652629 429393 142047 202561 539721 691156
 251988 668344 691660 571536 641490 667952 270506 793179 410632 535566 402577 899238 177796 203360 376813 710761 704183 63198 298876 936981 421623 479740 162710 576122 804003 484224 677641 194108 315149 635751 696187 550269 685215 805286 368830 1 838614 564810 373275 361023 602853 896414 419460 280566 353970 377077 360615 306937 553672 482468
 964460 177611 264322 529654 384866 417943 601537 217569 829596 418530 436098 68096 761281 1039441 820273 597333 749659 800231 585549 98798 884810 920305 806375 299775 51568 415281 186859 903523 996810 268660 733806 773329 168233 93768 635462 838614 1 432883 687984 934614 324960 77151 472776 558076 874478 521933 776885 542052 393767 750459
 776880 354817 179103 103020 79943 104131 295718 275408 768015 43269 288111 500097 421202 760725 743069 230685 346710 556292 266314 508893 464385 493215 463910 161548 431083 430989 251949 708684 612279 165571 330707 340829 275489 352936 579964 564810 432883 1 279749 529858 109551 509770 432300 346600 467511 189457 700512 384906 51857 319238
 621153 565300 454752 233202 356717 362066 193462 554433 705915 276405 356622 756036 196643 538817 674240 347987 332386 394102 176070 773835 199039 243410 226053 388725 674280 520203 501174 557355 334163 424177 323590 193531 520356 619295 564752 373275 687984 279749 1 250950 370867 762021 484531 310549 188974 186788 640431 373622 301691 126793
 597187 800766 705699 470606 605251 605750 368944 805050 767660 527235 561414 1002421 238764 433390 733759 548953 465934 414183 370549 1022657 100288 138925 216619 634882 917563 709445 748453 549476 111933 673938 465401 298496 766407 868978 683704 361023 934614 529858 250950 1 621380 1007229 659094 474031 62415 416931 712204 533467 552475 255304
 790964 250562 90423 211049 94469 142217 334906 193983 744829 95081 256991 392629 481727 804727 723448 316879 449300 583158 309857 404891 563698 596551 526578 68554 321599 368360 142405 723431 695154 56406 433170 450074 165986 249272 547715 602853 324960 109551 370867 621380 1 401501 385049 349029 559728 233024 679267 370497 69772 425513
 1008406 228167 341232 606796 461871 494330 667779 288277 856970 494561 494624 21048 827917 1095209 850459 672684 825933 854980 653402 75379 959527 995904 872716 373304 93008 451991 261860 949606 1066660 345123 810126 850345 241697 167532 668748 896414 77151 509770 762021 1007229 401501 1 513585 616310 947567 592552 808203 594658 469963 826857
 494944 295875 442798 511473 471651 517489 298735 518055 372319 389052 147433 521687 425778 602513 356849 659784 745022 365856 309441 569442 659472 714704 461172 321650 427821 66113 367944 437454 673544 379195 730581 662260 361789 473755 171238 419460 472776 432300 484531 659094 385049 513585 1 185294 615196 315431 312183 126694 387054 604225
 442035 388539 431782 396171 410665 448210 117875 528450 428207 307186 122012 618793 243587 481856 400882 549703 604344 244986 135782 656511 475731 531973 282116 308466 523704 236929 401560 374716 493787 370855 591457 498167 407139 527712 259590 280566 558076 346600 310549 474031 349029 616310 185294 1 430002 173839 360223 63458 317335 435312
 599812 743598 643620 408758 542837 543572 319881 742758 751082 465374 510156 942387 207446 454929 717362 491697 418238 400942 318259 961787 68737 125771 196487 574709 858428 662664 688031 547084 162691 612634 416268 249350 706369 807743 652629 353970 874478 467511 188974 62415 559728 947567 615196 430002 1 359410 692598 491260 490651 199404
 588568 384190 323446 223175 264557 293535 106738 426969 601880 158495 175482 589051 249170 575950 574113 376433 435065 366835 78507 613829 383060 430025 294285 225570 501745 341465 338881 520421 474949 275688 421485 348217 354294 464935 429393 377077 521933 189457 186788 416931 233024 592552 315431 173839 359410 1 533910 226851 177332 293978
 255330 603281 747358 756343 756017 797890 456928 828328 67986 658821 422443 819164 487376 449994 44797 909897 957815 300673 483714 870499 755211 815035 497368 622225 729009 362420 679591 232505 675731 683137 945841 833953 673956 785090 142047 360615 776885 700512 640431 712204 679267 808203 312183 360223 692598 533910 1 315609 664329 766543
 432097 366989 446723 444729 441982 482847 181315 537807 383139 343274 117785 599192 299124 501289 358351 597994 661237 260813 198146 640835 538389 594962 334640 320592 503513 184539 400574 367295 547046 383419 647921 559987 402277 522200 202561 306937 542052 384906 373622 533467 370497 594658 126694 63458 491260 226851 315609 1 349522 497851
 754938 305089 154412 153458 93334 133614 283240 256798 731325 25359 245967 461623 421998 753257 707570 280958 398261 539545 255811 474646 493931 527010 466205 111046 388021 382244 209000 686860 628329 125287 382290 384415 231430 319040 539721 553672 393767 51857 301691 552475 69772 469963 387054 317335 490651 177332 664329 349522 1 356960
 733901 649303 497346 235701 383163 372258 319313 587837 831647 332642 469236 818133 305342 627414 799700 293718 227960 510898 299711 828130 164135 177584 323842 460308 744418 634988 565833 672425 362060 481804 223176 68653 587782 672167 691156 482468 750459 319238 126793 255304 425513 826857 604225 435312 199404 293978 766543 497851 356960 1
LAMBDA_SECTION
1 490
2 285
3 187
4 591
5 801
6 198
7 921
8 921
9 101
10 622
11 935
12 601
13 857
14 165
15 551
16 656
17 685
18 821
19 248
20 969
21 4
22 527
23 865
24 864
25 411
26 754
27 855
28 886
29 336
30 137
31 176
32 725
33 790
34 797
35 485
36 761
37 125
38 152
39 234
40 430
41 240
42 424
43 766
44 192
45 239
46 328
47 499
48 806
49 775
50 679
