NAME : domp80p20v5
COMMENT : Cherkesly, Contardo & Gruson 2022
TYPE : DOMP
DIMENSION : 80
DISPLAY_DATA_TYPE : NO_DISPLAY
OPEN_FACILITIES : 20
COST_SECTION
 1 374225 711583 905627 294037 36157 368838 846026 243952 406903 342796 265529 571767 876429 435663 967638 215106 806624 459504 410607 751527 854774 742585 524215 545450 703391 706665 287143 597537 716892 434754 775866 926127 731600 827942 798711 386280 464888 932519 983522 644131 610230 616480 628808 555167 443170 657987 100129 929082 786325 737222 762878 545430 590498 843906 388825 543018 443498 140923 323407 731435 245638 394197 1087634 953501 714952 421216 603080 271556 894802 384433 474611 324422 503315 219537 920593 777284 464825 738693 138711
 374225 1 341114 570394 274467 338071 289462 477440 232358 129329 82701 590461 253215 737869 668842 704653 163084 787621 261064 240624 390919 780187 371669 378406 462808 413705 433301 521990 225999 622768 136400 640116 804708 405197 666030 641463 712266 271811 798997 883886 414600 509683 290744 621173 510857 260747 313469 310135 709381 553403 444540 655718 662850 236862 474801 245276 207757 100265 233468 105162 658696 225130 440770 748056 911084 607266 92708 343892 137077 574341 557550 218237 133837 219001 336402 660882 432398 445640 548029 236999
 711583 341114 1 411380 526330 675564 491625 221873 557557 327603 399416 929911 210015 829211 987431 652702 496600 970692 381561 483173 215790 921752 142581 565392 666818 412340 449573 849830 159561 776660 354932 753672 901374 333007 748145 733789 1050473 475471 884992 989519 500745 686518 300723 837598 727367 480541 255464 651213 716305 582335 422906 791699 939760 139841 216560 503120 199431 271853 572285 425111 822362 550661 722357 545109 1061603 753310 295868 429168 447701 449520 866603 399971 406794 279465 663045 623282 295017 694239 629589 572902
 905627 570394 411380 1 836404 872026 829616 207725 675486 642384 568508 1040434 596993 548671 1009166 272597 722197 770484 745262 519391 205395 679792 270558 489086 567153 229296 249891 915794 372036 579523 472079 515004 613944 174184 475621 476400 1141363 473262 589234 699133 344433 545243 289600 705813 624019 492855 256927 814794 374549 307043 201538 569364 880737 514609 213332 545533 564649 571193 773108 584368 625981 671343 715040 182039 810431 552999 592465 333198 707470 59031 881465 436579 694437 646554 757807 261249 139985 645139 395239 784786
 294037 274467 526330 836404 1 270114 74931 714327 361027 202645 315851 559557 336901 984880 716493 978579 186996 987872 182434 470305 644179 1004474 607449 613426 677156 688012 706540 561459 470672 850169 404436 883764 1047250 676787 918938 892329 679526 516123 1045546 1120091 679536 734671 564237 809891 710907 499204 581363 311672 977610 822138 718995 889361 786157 387386 710555 462546 328781 270629 227469 318182 878594 356289 587802 1009336 1124796 839469 247233 613343 149090 845114 640661 480651 142632 259839 421419 934391 696620 628201 806533 207762
 36157 338071 675564 872026 270114 1 344274 810254 216550 372624 307673 292116 537705 857307 450378 939230 179227 797630 429959 381972 716173 841048 706645 500216 526943 671999 676306 298071 561524 700078 400558 756153 908807 698150 806538 777448 414515 436360 914204 968472 616092 591400 582637 618716 540265 414745 623341 78689 903768 759214 705822 745442 547253 555056 808101 361094 508128 407877 104831 288813 716671 217522 383759 1053971 943475 696954 385761 572768 236939 862152 389458 442798 290661 470188 205992 892247 742866 450042 714308 102815
 368838 289462 491625 829616 74931 344274 1 691982 416597 187369 346335 634366 290307 1020037 788419 990520 241543 1038896 121286 508075 631024 1048586 586873 651554 722385 699148 721056 632939 458360 892589 425246 920144 1084585 677734 950987 925368 754453 549735 1081061 1160232 703530 777188 569840 862720 760240 534685 579388 381969 998832 842853 728540 929758 850568 351895 687790 503672 292278 258547 293939 353793 923581 411184 646505 997355 1172616 880165 238242 633352 188086 843494 708840 505570 157936 214281 485849 947710 689771 680674 835139 275622
 846026 477440 221873 207725 714327 810254 691982 1 645473 511883 505252 1026596 426618 713046 1039106 474369 640263 902591 591400 519773 107032 829402 107352 546418 642129 313110 349191 921375 251729 704590 424577 658193 782933 218330 633996 627369 1139349 489320 761450 870910 431426 640460 273462 803087 703817 503229 214745 767929 562450 458378 305473 706495 947426 348063 5728 545051 405232 444304 705814 527383 752331 639705 750397 323318 966688 678597 468321 382706 607622 258070 911615 426947 579906 488777 743501 455178 147569 698391 530350 712310
 243952 232358 557557 675486 361027 216550 416597 645473 1 335969 159003 381508 483615 650996 436683 723691 175326 627464 447704 166955 543069 651398 550329 285886 326301 463874 464602 292723 414533 501790 220958 548991 706984 501803 595382 566685 497354 221079 709643 773080 400184 388412 391509 448971 352749 199330 440667 145046 687516 542759 497596 544647 444206 467868 644393 144883 439734 331013 151671 133133 525148 7229 230799 857026 766504 495011 318204 361209 233381 659298 326205 238993 283034 438727 105720 676644 555267 267670 498894 172923
 406903 129329 327603 642384 202645 372624 187369 511883 335969 1 207940 653984 165208 863957 762397 808200 200346 916436 132472 369731 445150 909316 405229 507554 591864 517618 542030 609513 271826 751897 260619 767294 931639 491197 790609 766823 777836 400686 925021 1011760 534909 638993 385711 748502 638961 390033 392373 371405 824227 668769 545746 784327 778105 192223 508051 373246 138337 71200 279489 226051 788017 328993 558579 811415 1040412 736101 51843 460966 135881 656273 660166 343335 83534 104386 432013 766465 502485 570903 670960 272596
 342796 82701 399416 568508 315851 307673 346335 505252 159003 207940 1 532753 334541 673702 594412 671119 157318 709234 336610 164613 408868 707178 404350 306722 385502 385664 398814 451706 262544 550081 98330 573952 738504 396271 605141 579234 651916 203422 734731 815197 364129 435576 279393 540564 431196 188981 316282 263001 662665 507780 418562 585341 580720 310662 503449 165668 287686 182269 205521 25870 583985 151947 358385 749760 835708 536140 175312 300796 166898 563904 479711 165795 189193 301487 264714 625668 436317 363647 491023 216313
 265529 590461 929911 1040434 559557 292116 634366 1026596 381508 653984 532753 1 818362 859893 217190 1035030 453708 713860 721724 521596 923240 795301 931756 578612 551170 816471 807558 147176 794169 691321 602367 770249 891990 870332 833852 805091 123872 567453 906398 928365 724504 610988 766559 558539 530838 547595 818945 283768 966254 848206 848646 739012 398493 823764 1025625 495324 783415 676963 374520 507800 688209 387548 366540 1218866 860905 699284 657594 710250 519264 1015997 246160 609325 575611 755539 284847 989091 929602 453811 777108 383058
 571767 253215 210015 596993 336901 537705 290307 426618 483615 165208 334541 818362 1 923757 917890 808073 364739 1015452 173968 475898 391682 990767 330691 597447 692332 532320 564389 767465 243717 835613 345923 834571 994645 477856 845360 825331 942138 491838 983486 1079542 584624 729427 398747 858606 746311 487474 380268 535060 848568 699447 553422 861255 915145 82470 421686 486787 50554 153050 444154 358181 876592 476409 692598 746708 1127398 816188 165982 507183 301088 624949 809741 420971 247422 77149 585220 771797 464489 690178 722960 437765
 876429 737869 829211 548671 984880 857307 1020037 713046 650996 863957 673702 859893 923757 1 719519 325190 804013 262179 996243 514590 636897 144981 706715 372045 331035 418087 380282 712814 694249 168583 603344 102103 72175 506667 81116 98446 911352 470324 61133 160459 339236 266201 534620 315573 332006 486040 573837 778891 200420 254928 413687 120909 521900 855016 717169 523881 874748 809471 802021 667567 179172 652735 501985 639458 262737 163419 817008 416641 836874 490351 621965 520627 862624 930540 658765 305796 568339 418419 201779 822765
 435663 668842 987431 1009166 716493 450378 788419 1039106 436683 762397 594412 217190 917890 719519 1 947703 570139 531914 855482 520223 932163 629710 957492 520714 458193 779924 761454 155884 835648 556271 634985 643413 738121 852106 711056 684577 203454 550850 757174 759775 668970 504962 766313 404197 416871 535977 824412 407279 859059 767201 808260 601259 207883 904477 1039335 495790 875520 766437 499485 568711 540616 443896 294373 1177330 673311 570855 751908 678403 638430 973949 128340 612951 694944 866770 332825 904859 919945 367534 683110 515155
 967638 704653 652702 272597 978579 939230 990520 474369 723691 808200 671119 1035030 808073 325190 947703 1 826623 580522 929635 557271 437103 469418 511390 458434 491951 291401 272591 893537 564943 421296 575882 335571 377219 330283 274089 289584 1114848 502896 348890 453988 323604 442944 422847 575083 531204 524557 428428 868393 125349 186969 262456 391880 777918 727554 479675 578852 766719 740178 855411 677493 458979 722088 672987 317857 582763 398307 756400 371759 833779 216937 829122 507614 838346 841130 776313 47087 357810 587983 264602 872215
 215106 163084 496600 722197 186996 179227 241543 640263 175326 200346 157318 453708 364739 804013 570139 826623 1 801019 286179 291075 551434 818344 534725 431995 491024 542821 554951 415121 389043 664912 255525 702269 864586 551596 741097 713678 577538 340765 864219 935583 513706 549614 434679 623389 523917 321967 466876 171265 811944 658787 575814 705097 611808 376468 637702 280132 331551 228959 79503 149182 692287 170165 404976 902394 937845 655147 207361 455107 68379 720035 477406 319159 125307 302929 249435 780773 587153 441507 633109 76414
 806624 787621 970692 770484 987872 797630 1038896 902591 627464 916436 709234 713860 1015452 262179 531914 580522 801019 1 1045781 547095 810214 122602 870522 418132 325106 589732 553405 575554 817641 198226 670295 256367 241648 684649 307862 298510 734813 523862 268886 234424 476726 287365 671533 179803 279191 530036 723876 721248 458756 463516 598390 201124 324185 960732 905716 543571 964904 877669 773331 694176 150640 631859 414000 885945 148645 224015 877939 542531 851069 715585 468357 594979 890929 1002384 592405 554143 755247 359805 377059 795037
 459504 261064 381561 745262 182434 429959 121286 591400 447704 132472 336610 721724 173968 996243 855482 929635 286179 1045781 1 500305 541687 1041225 489656 639452 722009 641334 667875 699926 374687 883811 392973 899750 1064062 605775 922527 898964 844465 532830 1057283 1144226 665695 770466 507202 875579 767353 521680 505710 450606 951914 797134 667788 916636 891761 244228 586819 502226 186169 191531 356819 352126 919377 441195 676488 905424 1171585 868291 180020 590845 218768 765544 763059 475671 164934 102793 534253 889298 607253 695997 802436 343192
 410607 240624 483173 519391 470305 381972 508075 519773 166955 369731 164613 521596 475898 514590 520223 557271 291075 547095 500305 1 413172 542613 437734 143576 222184 300152 298400 403967 324851 385631 133610 413504 577331 348767 450107 422880 626584 54392 575242 652157 234258 270967 249261 383404 271740 32914 305700 311999 526873 378341 333540 421744 456899 432768 519781 26308 425927 331894 302553 154286 419428 164972 240011 699166 671359 372265 331004 195546 322701 498239 393770 92861 352604 456153 238460 510278 409763 216478 343181 321199
 751527 390919 215790 205395 644179 716173 631024 107032 543069 445150 408868 923240 391682 636897 932163 437103 551434 810214 541687 413172 1 744370 74664 441665 538840 222769 260571 815580 173596 612047 323066 572994 708313 130289 556258 546201 1034704 382294 689119 796864 334512 540890 166471 702395 600761 396237 107753 669730 506191 383178 223210 618084 841743 309260 107618 438603 359565 374581 612674 429600 659574 537542 643409 366357 883322 586608 397246 279694 525658 236049 804617 320435 504716 441941 639284 408888 79295 592319 445098 620844
 854774 780187 921752 679792 1004474 841048 1048586 829402 651398 909316 707178 795301 990767 144981 629710 469418 818344 122602 1041225 542613 744370 1 809881 401782 327345 521621 483810 651371 775926 157421 652803 171489 119444 615114 204995 204084 829627 508740 146296 133148 421016 271737 621289 237211 301253 519601 668253 762714 345161 375371 524305 130621 423308 928910 833051 545011 940515 862750 802174 696012 126278 654642 462468 781399 139883 174702 866434 494423 861057 622736 549838 572287 894820 986984 635646 447492 682193 391118 299583 823729
 742585 371669 142581 270558 607449 706645 586873 107352 550329 405229 404350 931756 330691 706715 957492 511390 534725 870522 489656 437734 74664 809881 1 486717 586595 289513 327566 832909 145684 672990 330136 639053 778467 200992 625775 614366 1046969 414770 760040 867022 393853 594897 206564 753855 648579 425718 148801 667318 580431 454411 293789 682021 881252 249453 104054 461747 304132 337162 601931 427505 720117 544219 674848 416690 949385 648131 361104 331494 500605 306992 831483 345727 472564 387736 651247 483539 153718 631357 511867 607618
 524215 378406 565392 489086 613426 500216 651554 546418 285886 507554 306722 578612 597447 372045 520714 458434 431995 418132 639452 143576 441665 401782 486717 1 101472 260457 240750 440981 407521 244363 253369 270478 433882 340206 310880 282742 666076 107386 432404 508736 149400 132580 280210 272226 162720 118033 338992 424174 405721 271654 287750 278622 401835 543308 547926 151879 546893 462714 433993 297780 281367 286494 227938 657027 533831 229472 465258 165207 466208 453337 393756 176887 495593 587422 320090 411907 411855 156748 214516 454100
 545450 462808 666818 567153 677156 526943 722385 642129 326301 591864 385502 551170 692332 331035 458193 491951 491024 325106 722009 222184 538840 327345 586595 101472 1 343938 317715 405976 508729 175493 346454 231253 382287 430629 288225 258843 623739 200835 387285 446792 223172 64914 380071 170930 62029 205314 438239 448361 415191 309174 366844 219110 313739 641393 643944 220431 641865 552674 477899 371975 201486 329034 184670 725847 450912 170107 552848 259457 534487 525425 337287 274772 570398 677339 327910 447977 503422 97549 228469 499219
 703391 413705 412340 229296 688012 671999 699148 313110 463874 517618 385664 816471 532320 418087 779924 291401 542821 589732 641334 300152 222769 521621 289513 260457 343938 1 38054 688372 290250 391599 288241 350303 490102 94918 336991 324872 914308 249976 472899 578543 122283 331923 135060 495246 403399 270795 158836 607631 316248 170960 33832 395569 657154 455740 316104 325480 487316 450600 580126 395175 439322 460732 485749 402957 660696 365723 465929 106226 544735 199529 652174 229414 547214 556904 537174 248877 166495 417033 222598 595003
 706665 433301 449573 249891 706540 676306 721056 349191 464602 542030 398814 807558 564389 380282 761454 272591 554951 553405 667875 298400 260571 483810 327566 240750 317715 38054 1 676057 323902 355489 303297 312425 452344 131776 299171 286831 902073 245794 435442 540740 94619 300829 165666 463810 375689 267319 195115 609371 285378 135740 49341 358226 631452 489036 352357 322674 518493 476507 587621 406097 403237 462005 468325 416627 622782 329430 490657 103585 561233 212678 634433 237009 567137 586006 531885 227873 201895 395797 184614 603463
 287143 521990 849830 915794 561459 298071 632939 921375 292723 609513 451706 147176 767465 712814 155884 893537 415121 575554 699926 403967 815580 651371 832909 440981 405976 688372 676057 1 703266 544232 504103 623140 745819 749841 686974 658300 226043 443997 759756 784517 589286 464729 653145 414175 383769 425881 708768 251447 821122 707280 719431 591957 273819 758778 921008 377949 726622 617522 343655 425838 541961 299760 221503 1091198 723793 552111 601750 582846 483488 887257 109991 495750 540224 713862 187005 848097 813242 308430 633281 359279
 597537 225999 159561 372036 470672 561524 458360 251729 414533 271826 262544 794169 243717 694249 835648 564943 389043 817641 374687 324851 173596 775926 145684 407521 508729 290250 323902 703266 1 626544 200665 611620 766135 235304 614105 596644 911736 315922 752450 853051 357280 531508 160163 679653 568812 321118 136642 524558 606094 459624 310003 645312 780770 165529 248947 345739 201929 201054 456728 286783 671117 408035 564679 539631 915224 604296 223652 281719 356365 390903 712661 240419 331963 279221 518229 528152 232936 534716 492503 462059
 716892 622768 776660 579523 850169 700078 892589 704590 501790 751897 550081 691321 835613 168583 556271 421296 664912 198226 883811 385631 612047 157421 672990 244363 175493 391599 355489 544232 626544 1 495809 89425 209415 486514 157503 134375 744716 351357 218325 271355 279177 115541 476293 157927 164947 362220 527162 621389 313343 275513 401111 47863 366233 775752 707662 388952 785220 705738 653390 539410 47749 504482 334944 708090 291787 26568 709146 347503 705501 526761 454455 415849 738119 830132 497668 386569 557384 253659 184383 674710
 434754 136400 354932 472079 404436 400558 425246 424577 220958 260619 98330 602367 345923 603344 634985 575882 255525 670295 392973 133610 323066 652803 330136 253369 346454 288241 303297 504103 200665 495809 1 506919 671114 298952 530423 506327 716848 146484 664416 751807 278334 385940 182484 513151 400705 141642 224016 348117 574300 418442 320845 525869 588622 299343 423453 150051 295504 209949 301067 112293 534490 215135 368553 653798 786727 478496 214594 209110 258002 465911 512365 82718 268093 334366 321142 530998 342612 350058 411792 313288
 775866 640116 753672 515004 883764 756153 920144 658193 548991 767294 573952 770249 834571 102103 643413 335571 702269 256367 899750 413504 572994 171489 639053 270478 231253 350303 312425 623140 611620 89425 506919 1 164682 443632 68192 46064 828921 370580 161953 245574 254418 166390 454352 247348 239436 385570 499017 677874 224330 208068 352916 57049 455542 768780 661787 422175 784929 714945 699943 567017 123409 550684 407559 631473 310415 72645 721341 330320 736102 459519 537968 424376 763098 837352 559094 303562 510863 322080 128096 720672
 926127 804708 901374 613944 1047250 908807 1084585 782933 706984 931639 738504 891990 994645 72175 738121 377219 864586 241648 1064062 577331 708313 119444 778467 433882 382287 490102 452344 745819 766135 209415 671114 164682 1 578168 153240 169658 934973 535191 29697 88566 410483 318742 606628 336257 373620 549910 646010 830139 252298 325636 485146 163365 534461 926491 787150 584940 945455 878397 858576 731197 203860 709185 542866 694672 205848 212262 885316 487786 900031 555199 649430 588464 927678 1000117 707027 363836 638978 462967 273638 879632
 731600 405197 333007 174184 676787 698150 677734 218330 501803 491197 396271 870332 477856 506667 852106 330283 551596 684649 605775 348767 130289 615114 200992 340206 430629 94918 131776 749841 235304 486514 298952 443632 578168 1 425981 416036 974276 305861 559281 666730 214014 423887 116956 587064 491432 324204 100090 640624 383423 253476 93029 489997 741420 397291 221245 375061 437225 420804 599947 411172 534235 497536 558225 356208 753716 460638 439692 175468 541631 169244 723778 263256 534158 513547 586438 295416 73105 496258 315567 612182
 827942 666030 748145 475621 918938 806538 950987 633996 595382 790609 605141 833852 845360 81116 711056 274089 741097 307862 922527 450107 556258 204995 625775 310880 288225 336991 299171 686974 614105 157503 530423 68192 153240 425981 1 29423 895183 402826 138421 241570 260877 224645 454241 315412 303485 420020 492810 728900 157895 175658 333085 120135 523705 775629 638011 461913 796675 734299 744701 600787 188147 596452 469124 578840 335518 140271 742778 338279 770185 418149 604154 447907 793146 854235 613735 246283 488547 382532 122402 764921
 798711 641463 733789 476400 892329 777448 925368 627369 566685 766823 579234 805091 825331 98446 684577 289584 713678 298510 898964 422880 546201 204084 614366 282742 258843 324872 286831 658300 596644 134375 506327 46064 169658 416036 29423 1 867435 376405 158803 256505 240893 195395 437399 291909 275099 393171 478341 699741 178982 171312 323770 102453 499521 756843 631196 434129 776304 711575 716284 574303 169431 567837 440057 587716 339409 114817 719473 318262 743748 419939 576434 423659 767643 832321 584344 258205 480829 353357 104408 736586
 386280 712266 1050473 1141363 679526 414515 754453 1139349 497354 777836 651916 123872 942138 911352 203454 1114848 577538 734813 844465 626584 1034704 829627 1046969 666076 623739 914308 902073 226043 911736 744716 716848 828921 934973 974276 895183 867435 1 668763 952519 960817 814842 678555 874749 598882 593174 650074 928972 407302 1036436 929596 945451 791251 410634 946544 1138646 600336 906875 800070 498385 626600 734096 503757 442188 1317189 876756 756463 780960 808646 643130 1113280 291030 716986 699444 879399 395986 1070019 1036338 526953 852205 506853
 464888 271811 475471 473262 516123 436360 549735 489320 221079 400686 203422 567453 491838 470324 550850 502896 340765 523862 532830 54392 382294 508740 414770 107386 200835 249976 245794 443997 315922 351357 146484 370580 535191 305861 402826 376405 668763 1 531330 612753 179901 239858 215904 369692 257278 21770 274734 366076 473714 324239 282897 383950 467946 440899 489841 77054 441322 355379 356118 197961 388747 219257 261282 651475 641217 335463 357918 144130 367378 449163 422866 75933 392522 480120 287230 455896 370571 219416 292353 374415
 932519 798997 884992 589234 1045546 914204 1081061 761450 709643 925021 734731 906398 983486 61133 757174 348890 864219 268886 1057283 575242 689119 146296 760040 432404 387285 472899 435442 759756 752450 218325 664416 161953 29697 559281 138421 158803 952519 531330 1 110071 398865 322854 592501 353739 383270 546902 630001 835641 224369 305944 466300 170835 555079 914034 765768 584128 934649 870297 860941 728429 218861 711555 553243 666586 234888 217603 877979 476307 897677 530348 665363 581700 923692 991121 714051 336867 618539 471514 260681 881804
 983522 883886 989519 699133 1120091 968472 1160232 870910 773080 1011760 815197 928365 1079542 160459 759775 453988 935583 234424 1144226 652157 796864 133148 867022 508736 446792 578543 540740 784517 853051 271355 751807 245574 88566 666730 241570 256505 960817 612753 110071 1 496501 386066 693904 370351 428403 626217 734091 889881 331253 414079 573707 230750 552352 1012483 875173 657748 1030071 960342 924625 806441 252098 775819 593216 771708 145216 280622 966374 573524 974203 640206 682751 669459 1004256 1082911 764020 445066 727320 518750 360875 945983
 644131 414600 500745 344433 679536 616092 703530 431426 400184 534909 364129 724504 584624 339236 668970 323604 513706 476726 665695 234258 334512 421016 393853 149400 223172 122283 94619 589286 357280 279177 278334 254418 410483 214014 260877 240893 814842 179901 398865 496501 1 210017 200364 373320 281668 201398 248387 544797 298692 145342 143674 291027 536902 516062 433990 255307 535821 475708 535159 365637 326266 398712 377218 508362 560859 254551 485685 77442 530912 305316 542627 198936 546084 594101 455714 276530 286955 302254 138592 552912
 610230 509683 686518 545243 734671 591400 777188 640460 388412 638993 435576 610988 729427 266201 504962 442944 549614 287365 770466 270967 540890 271737 594897 132580 64914 331923 300829 464729 531508 115541 385940 166390 318742 423887 224645 195395 678555 239858 322854 386066 210017 1 390783 163330 88271 248978 446273 512884 357891 266527 349941 156298 342025 673445 642814 273517 678884 595237 540070 424293 149070 390777 245008 694834 401579 106600 597459 263404 589993 499074 389017 308469 623090 719969 392823 400830 496908 158040 178612 561224
 616480 290744 300723 289600 564237 582637 569840 273462 391509 385711 279393 766559 398747 534620 766313 422847 434679 671533 507202 249261 166471 621289 206564 280210 380071 135060 165666 653145 160163 476293 182484 454352 606628 116956 454241 437399 874749 215904 592501 693904 200364 390783 1 547962 442037 230395 59545 527224 450541 300813 160609 491072 677114 324135 274078 275200 352901 317332 483538 294776 522365 386753 476941 471392 761083 452703 333871 129011 426277 285575 638548 157764 421907 421848 481712 382097 163788 427254 333059 495463
 628808 621173 837598 705813 809891 618716 862720 803087 448971 748502 540564 558539 858606 315573 404197 575083 623389 179803 875579 383404 702395 237211 753855 272226 170930 495246 463810 414175 679653 157927 513151 247348 336257 587064 315412 291909 598882 369692 353739 370351 373320 163330 547962 1 112520 371569 605072 541915 470813 414692 512760 199388 208585 810517 805326 375938 808363 715079 593739 523532 136466 453605 234982 848752 324812 177835 713055 423237 675510 657584 313943 444694 717579 838902 413094 537748 660123 182053 321986 615436
 555167 510857 727367 624019 710907 540265 760240 703817 352749 638961 431196 530838 746311 332006 416871 531204 523917 279191 767353 271740 600761 301253 648579 162720 62029 403399 375689 383769 568812 164947 400705 239436 373620 491432 303485 275099 593174 257278 383270 428403 281668 88271 442037 112520 1 259090 500259 461774 443983 353908 425002 212559 257541 698027 705682 265730 696021 603630 502236 415375 176418 356538 170102 778747 414051 169216 602260 321249 572252 580385 302632 332496 611742 727780 335639 489060 564366 90350 266862 523886
 443170 260747 480541 492855 499204 414745 534685 503229 199330 390033 188981 547595 487474 486040 535977 524557 321967 530036 521680 32914 396237 519601 425718 118033 205314 270795 267319 425881 321118 362220 141642 385570 549910 324204 420020 393171 650074 21770 546902 626217 201398 248978 230395 371569 259090 1 288489 344316 494203 345430 303879 396497 460131 439605 503556 55381 437100 347696 335301 181530 398031 197552 249134 671628 650501 347477 348843 165252 350870 469714 408388 81357 378098 472465 266426 477545 387627 213873 311402 353816
 657987 313469 255464 256927 581363 623341 579388 214745 440667 392373 316282 818945 380268 573837 824412 428428 466876 723876 505710 305700 107753 668253 148801 338992 438239 158836 195115 708768 136642 527162 224016 499017 646010 100090 492810 478341 928972 274734 630001 734091 248387 446273 59545 605072 500259 288489 1 572086 471850 329795 174878 538932 736630 301009 215144 331283 338291 321636 521801 334585 573884 435480 535969 435665 808118 502833 341149 182916 450546 264328 696873 213142 438909 413691 534361 391535 120337 486789 374200 532022
 100129 310135 651213 814794 311672 78689 381969 767929 145046 371405 263001 283768 535060 778891 407279 868393 171265 721248 450606 311999 669730 762714 667318 424174 448361 607631 609371 251447 524558 621389 348117 677874 830139 640624 728900 699741 407302 366076 835641 889881 544797 512884 527224 541915 461774 344316 572086 1 828954 686507 641427 666775 481627 540626 766231 289585 499648 393452 94106 240569 638154 147371 307278 996770 866453 618331 373851 505870 238560 801325 330022 380273 295583 474186 128845 821324 689868 371623 638620 108019
 929082 709381 716305 374549 977610 903768 998832 562450 687516 824227 662665 966254 848568 200420 859059 125349 811944 458756 951914 526873 506191 345161 580431 405721 415191 316248 285378 821122 606094 313343 574300 224330 252298 383423 157895 178982 1036436 473714 224369 331253 298692 357891 450541 470813 443983 494203 471850 828954 1 155980 296999 278025 677969 771615 567308 544650 803376 760384 829410 664267 346031 687134 599849 442375 457567 293243 773397 365499 829286 315704 746500 497077 842310 871358 724704 114707 429278 512711 192136 848018
 786325 553403 582335 307043 822138 759214 842853 458378 542759 668769 507780 848206 699447 254928 767201 186969 658787 463516 797134 378341 383178 375371 454411 271654 309174 170960 135740 707280 459624 275513 418442 208068 325636 253476 175658 171312 929596 324239 305944 414079 145342 266527 300813 414692 353908 345430 329795 686507 155980 1 160659 262400 607944 624654 462426 398158 653010 605665 680149 510353 320784 541702 487419 434553 510007 249338 618147 209530 674097 252281 646097 342002 686387 718566 590512 140903 313431 403525 92926 698077
 737222 444540 422906 201538 718995 705822 728540 305473 497596 545746 418562 848646 553422 413687 808260 262456 575814 598390 667788 333540 223210 524305 293789 287750 366844 33832 49341 719431 310003 401111 320845 352916 485146 93029 333085 323770 945451 282897 466300 573707 143674 349941 160609 512760 425002 303879 174878 641427 296999 160659 1 401112 680575 475307 308968 358738 509622 477838 613783 428482 448811 494488 514517 371822 662289 374817 493944 138815 576569 167831 680858 263195 577721 581271 570122 221532 157986 443610 224934 628557
 762878 655718 791699 569364 889361 745442 929758 706495 544647 784327 585341 739012 861255 120909 601259 391880 705097 201124 916636 421744 618084 130621 682021 278622 219110 395569 358226 591957 645312 47863 525869 57049 163365 489997 120135 102453 791251 383950 170835 230750 291027 156298 491072 199388 212559 396497 538932 666775 278025 262400 401112 1 407812 798607 709886 427001 811120 735576 696316 576011 68016 547060 382634 688359 270101 49952 740219 363870 743501 514543 501391 444462 774173 859343 543942 360505 558929 300719 177157 717497
 545430 662850 939760 880737 786157 547253 850568 947426 444206 778105 580720 398493 915145 521900 207883 777918 611808 324185 891761 456899 841743 423308 881252 401835 313739 657154 631452 273819 780770 366233 588622 455542 534461 741420 523705 499521 410634 467946 555079 552352 536902 342025 677114 208585 257541 460131 736630 481627 677969 607944 680575 407812 1 883550 948723 438573 867552 762928 558702 557737 343182 450846 222717 1036111 467134 384801 754291 566995 675314 837851 164679 541435 726899 878741 364909 738371 813499 249957 517587 578764
 590498 236862 139841 514609 387386 555056 351895 348063 467868 192223 310662 823764 82470 855016 904477 727554 376468 960732 244228 432768 309260 928910 249453 543308 641393 455740 489036 758778 165529 775752 299343 768780 926491 397291 775629 756843 946544 440899 914034 1012483 516062 673445 324135 810517 698027 439605 301009 540626 771615 624654 475307 798607 883550 1 343335 447229 59621 147681 455033 336110 818338 460671 661218 666041 1066959 755098 169296 438963 320549 542566 790279 366775 274317 141451 572764 692071 382114 649225 653408 452514
 843906 474801 216560 213332 710555 808101 687790 5728 644393 508051 503449 1025625 421686 717169 1039335 479675 637702 905716 586819 519781 107618 833051 104054 547926 643944 316104 352357 921008 248947 707662 423453 661787 787150 221245 638011 631196 1138646 489841 765768 875173 433990 642814 274078 805326 705682 503556 215144 766231 567308 462426 308968 709886 948723 343335 1 544979 400653 440680 703600 525721 755397 638587 751004 328719 970466 681708 464743 384491 604580 263475 911933 426931 576467 484161 742741 460264 150991 699547 533887 709942
 388825 245276 503120 545533 462546 361094 503672 545051 144883 373246 165668 495324 486787 523881 495790 578852 280132 543571 502226 26308 438603 545011 461747 151879 220431 325480 322674 377949 345739 388952 150051 422175 584940 375061 461913 434129 600336 77054 584128 657748 255307 273517 275200 375938 265730 55381 331283 289585 544650 398158 358738 427001 438573 447229 544979 1 437284 339889 285551 151571 420486 143574 219239 725140 671256 377183 337151 220349 316640 523925 369890 118172 350217 463150 212435 531795 436002 203404 358509 304902
 543018 207757 199431 564649 328781 508128 292278 405232 439734 138337 287686 783415 50554 874748 875520 766719 331551 964904 186169 425927 359565 940515 304132 546893 641865 487316 518493 726622 201929 785220 295504 784929 945455 437225 796675 776304 906875 441322 934649 1030071 535821 678884 352901 808363 696021 437100 338291 499648 803376 653010 509622 811120 867552 59621 400653 437284 1 109145 410946 311924 826102 432507 644868 720599 1077006 765900 126054 458398 271535 589278 765296 370434 221758 83667 542707 729363 429179 640683 674306 406484
 443498 100265 271853 571193 270629 407877 258547 444304 331013 71200 182269 676963 153050 809471 766437 740178 228959 877669 191531 331894 374581 862750 337162 462714 552674 450600 476507 617522 201054 705738 209949 714945 878397 420804 734299 711575 800070 355379 870297 960342 475708 595237 317332 715079 603630 347696 321636 393452 760384 605665 477838 735576 762928 147681 440680 339889 109145 1 307360 205390 744063 323794 540653 740674 996449 688399 24482 400123 175956 585290 656945 291227 137268 124796 433614 699100 431287 542392 613298 305173
 140923 233468 572285 773108 227469 104831 293939 705814 151671 279489 205521 374520 444154 802021 499485 855411 79503 773331 356819 302553 612674 802174 601931 433993 477899 580126 587621 343655 456728 653390 301067 699943 858576 599947 744701 716284 498385 356118 860941 924625 535159 540070 483538 593739 502236 335301 521801 94106 829410 680149 613783 696316 558702 455033 703600 285551 410946 307360 1 188786 676026 149416 364943 954704 914744 646665 286298 484888 145097 765967 414937 351113 201931 381287 194152 808777 641815 414935 644039 21715
 323407 105162 425111 584368 318182 288813 353793 527383 133133 226051 25870 507800 358181 667567 568711 677493 149182 694176 352126 154286 429600 696012 427505 297780 371975 395175 406097 425838 286783 539410 112293 567017 731197 411172 600787 574303 626600 197961 728429 806441 365637 424293 294776 523532 415375 181530 334585 240569 664267 510353 428482 576011 557737 336110 525721 151571 311924 205390 188786 1 571893 126079 335848 766053 822827 526483 196841 305926 169448 577590 454497 169978 198821 322409 238845 631601 454063 344931 488885 201422
 731435 658696 822362 625981 878594 716671 923581 752331 525148 788017 583985 688209 876592 179172 540616 458979 692287 150640 919377 419428 659574 126278 720117 281367 201486 439322 403237 541961 671117 47749 534490 123409 203860 534235 188147 169431 734096 388747 218861 252098 326266 149070 522365 136466 176418 398031 573884 638154 346031 320784 448811 68016 343182 818338 755397 420486 826102 744063 676026 571893 1 528371 342023 751493 252518 74020 746497 393407 735809 572676 446505 455869 770671 868737 511951 426420 605132 266730 230760 697561
 245638 225130 550661 671343 356289 217522 411184 639705 7229 328993 151947 387548 476409 652735 443896 722088 170165 631859 441195 164972 537542 654642 544219 286494 329034 460732 462005 299760 408035 504482 215135 550684 709185 497536 596452 567837 503757 219257 711555 775819 398712 390777 386753 453605 356538 197552 435480 147371 687134 541702 494488 547060 450846 460671 638587 143574 432507 323794 149416 126079 528371 1 236764 852984 770448 497355 311023 358522 227378 655676 333393 235029 276617 431667 112770 675062 550463 272061 498977 170460
 394197 440770 722357 715040 587802 383759 646505 750397 230799 558579 358385 366540 692598 501985 294373 672987 404976 414000 676488 240011 643409 462468 674848 227938 184670 485749 468325 221503 564679 334944 368553 407559 542866 558225 469124 440057 442188 261282 553243 593216 377218 245008 476941 234982 170102 249134 535969 307278 599849 487419 514517 382634 222717 661218 751004 219239 644868 540653 364943 335848 342023 236764 1 884856 559785 338832 532667 384082 464138 681002 166426 329583 512649 657819 178457 627937 626871 87285 411827 386408
 1087634 748056 545109 182039 1009336 1053971 997355 323318 857026 811415 749760 1218866 746708 639458 1177330 317857 902394 885945 905424 699166 366357 781399 416690 657027 725847 402957 416627 1091198 539631 708090 653798 631473 694672 356208 578840 587716 1317189 651475 666586 771708 508362 694834 471392 848752 778747 671628 435665 996770 442375 434553 371822 688359 1036111 666041 328719 725140 720599 740674 954704 766053 751493 852984 884856 1 899745 682432 763033 508956 884898 204117 1050766 618036 868563 804067 937574 333956 315750 810371 527477 966071
 953501 911084 1061603 810431 1124796 943475 1172616 966688 766504 1040412 835708 860905 1127398 262737 673311 582763 937845 148645 1171585 671359 883322 139883 949385 533831 450912 660696 622782 723793 915224 291787 786727 310415 205848 753716 335518 339409 876756 641217 234888 145216 560859 401579 761083 324812 414051 650501 808118 866453 457567 510007 662289 270101 467134 1066959 970466 671256 1077006 996449 914744 822827 252518 770448 559785 899745 1 311865 999013 633943 984545 752435 616045 707415 1021308 1121064 737708 567328 819875 499810 438231 936451
 714952 607266 753310 552999 839469 696954 880165 678597 495011 736101 536140 699284 816188 163419 570855 398307 655147 224015 868291 372265 586608 174702 648131 229472 170107 365723 329430 552111 604296 26568 478496 72645 212262 460638 140271 114817 756463 335463 217603 280622 254551 106600 452703 177835 169216 347477 502833 618331 293243 249338 374817 49952 384801 755098 681708 377183 765900 688399 646665 526483 74020 497355 338832 682432 311865 1 692514 324216 693744 500344 465581 397674 724811 812486 496467 362591 531307 255009 157922 667808
 421216 92708 295868 592465 247233 385761 238242 468321 318204 51843 175312 657594 165982 817008 751908 756400 207361 877939 180020 331004 397246 866434 361104 465258 552848 465929 490657 601750 223652 709146 214594 721341 885316 439692 742778 719473 780960 357918 877979 966374 485685 597459 333871 713055 602260 348843 341149 373851 773397 618147 493944 740219 754291 169296 464743 337151 126054 24482 286298 196841 746497 311023 532667 763033 999013 692514 1 411041 152348 605278 644404 296969 112794 126319 419256 714747 452486 538247 622471 283257
 603080 343892 429168 333198 613343 572768 633352 382706 361209 460966 300796 710250 507183 416641 678403 371759 455107 542531 590845 195546 279694 494423 331494 165207 259457 106226 103585 582846 281719 347503 209110 330320 487786 175468 338279 318262 808646 144130 476307 573524 77442 263404 129011 423237 321249 165252 182916 505870 365499 209530 138815 363870 566995 438963 384491 220349 458398 400123 484888 305926 393407 358522 384082 508956 633943 324216 411041 1 465966 305747 550221 135951 476887 517373 431327 325706 246681 320821 215931 501125
 271556 137077 447701 707470 149090 236939 188086 607622 233381 135881 166898 519264 301088 836874 638430 833779 68379 851069 218768 322701 525658 861057 500605 466208 534487 544735 561233 483488 356365 705501 258002 736102 900031 541631 770185 743748 643130 367378 897677 974203 530912 589993 426277 675510 572252 350870 450546 238560 829286 674097 576569 743501 675314 320549 604580 316640 271535 175956 145097 169448 735809 227378 464138 884898 984545 693744 152348 465966 1 710865 544293 332211 57083 236289 315566 788993 569344 493583 657446 136852
 894802 574341 449520 59031 845114 862152 843494 258070 659298 656273 563904 1015997 624949 490351 973949 216937 720035 715585 765544 498239 236049 622736 306992 453337 525425 199529 212678 887257 390903 526761 465911 459519 555199 169244 418149 419939 1113280 449163 530348 640206 305316 499074 285575 657584 580385 469714 264328 801325 315704 252281 167831 514543 837851 542566 263475 523925 589278 585290 765967 577590 572676 655676 681002 204117 752435 500344 605278 305747 710865 1 847077 421062 702512 669371 736113 202861 160461 607569 342440 778995
 384433 557550 866603 881465 640661 389458 708840 911615 326205 660166 479711 246160 809741 621965 128340 829122 477406 468357 763059 393770 804617 549838 831483 393756 337287 652174 634433 109991 712661 454455 512365 537968 649430 723778 604154 576434 291030 422866 665363 682751 542627 389017 638548 313943 302632 408388 696873 330022 746500 646097 680858 501391 164679 790279 911933 369890 765296 656945 414937 454497 446505 333393 166426 1050766 616045 465581 644404 550221 544293 847077 1 486205 599132 763841 229116 785262 791632 243235 564983 433410
