NAME : domp200p66v4
COMMENT : Cherkesly, Contardo & Gruson 2022
TYPE : DOMP
DIMENSION : 200
DISPLAY_DATA_TYPE : NO_DISPLAY
OPEN_FACILITIES : 66
COST_SECTION
 1 536783 229807 576993 253118 247876 242952 422450 225679 215761 583121 514760 357488 473746 232974 571318 393395 413120 766420 318830 140243 699501 841804 468650 221796 389108 697536 124786 736690 646286 405586 366303 362335 384218 35639 159056 801170 520749 192166 295490 653006 358251 427041 632654 457599 396432 309501 364888 653613 598511 350530 365990 325788 598668 333010 440429 375550 444508 322712 247569 98877 561685 630954 518329 333875 162926 433938 102020 289802 277040 328970 459013 473131 566525 390121 311549 643030 376934 470701 221020 582310 258073 491197 545753 567084 579788 270474 609281 551483 258755 413425 653780 179091 290727 183412 590484 182083 329412 373848 774860 199659 478179 681151 297480 383055 576686 473089 526005 548907 350641 336048 322459 454544 598867 702221 496143 398421 657932 298678 559841 432035 471281 236153 143517 685002 502277 314874 395610 414972 248237 638798 571722 375662 334265 396020 573136 530455 239164 303662 390483 384484 300405 511306 785636 630455 490639 724386 620130 435195 200889 345146 262427 167197 239288 412708 397173 549487 368239 307249 142341 112585 205984 630416 620050 622013 467271 280407 181295 670491 480675 268870 536863 352411 544834 243246 261605 308203 591722 523038 607823 426722 235104 419643 173463 610766 267432 684077 364342 454650 411998 222126 121713 386221 221234 573801 240838 451970 620658 291583 373755
 536783 1 671312 1094565 595390 694201 394099 655780 663214 741251 1074725 692058 577225 269422 313296 972770 200968 768666 967909 585335 604846 920815 1009929 210779 663520 890060 922675 576509 910159 256627 140472 512562 322686 297254 548521 549806 975283 183824 708555 250994 1180698 583722 148102 451917 186052 904585 235197 885156 760025 301940 716603 494979 274400 479195 774414 977200 912329 154365 613846 784329 600361 898962 760871 646105 570793 374067 723299 477321 465507 285225 550086 415640 559666 423356 149979 472070 577479 233570 68753 330679 92104 513692 592301 998344 75802 1108820 671570 483573 806134 793859 263184 1178799 357942 626292 719708 472001 718866 489825 253201 967028 474741 1014728 828967 534248 799708 786608 512445 759416 45138 739209 690432 672197 862915 220098 770275 686364 413903 1190996 349747 248169 110569 909628 679782 550892 940892 158242 730427 679191 824198 288636 345523 1098704 186656 670676 141001 925698 403062 551199 723441 444121 649672 816580 709753 941132 913822 1027311 948365 832867 971943 450674 853324 292849 565512 402837 931067 150486 898730 687608 509284 467685 497323 710752 953564 787419 903146 924984 261971 663336 886282 1016561 790337 131816 268995 917657 756224 725666 766735 1072039 910427 722504 692612 693325 686007 631363 713553 332181 867566 530641 978432 253894 692830 499766 522618 691897 735563 480216 375177 999960 809844 904559
 229807 671312 1 435302 110672 23003 283907 254738 411143 302903 403595 349167 583152 513015 417396 343854 577270 189697 560274 182880 90324 491942 640783 534288 8598 226322 489012 112898 541039 699680 563618 282055 575746 425791 256698 381537 600782 592379 310950 469722 532659 225798 597406 602148 535983 245681 438524 417358 492342 626650 131611 595793 405790 550475 109760 398212 343213 619936 540940 255266 133379 334430 463555 376067 559316 339808 233412 211206 251074 466888 219812 428843 367783 539081 543650 262011 558977 569295 614672 413126 689530 190646 371249 335019 678263 466850 54679 560851 346455 229476 615902 526148 353029 118988 206721 544269 220809 559218 443650 570846 429387 438498 499837 525388 154282 385159 392974 332772 669220 533560 535355 121095 226102 659663 549317 328935 624065 556879 514883 606485 560771 251749 8487 123940 469034 585148 85144 208358 185887 403908 654561 452779 548907 539726 541721 344010 508897 144063 73877 618472 212353 378778 336475 591980 410731 446326 514509 422162 395343 429331 426474 379625 106039 275400 281993 520847 321036 574011 536654 370934 184676 99813 403374 439118 403259 257982 451866 349393 466755 450091 345511 627372 552617 315034 134610 56225 95674 401181 293483 450900 639317 403932 234442 363326 458481 342341 489710 593490 334124 468980 385126 178839 295353 41017 402736 210030 442534 391333 180160 287469
 576993 1094565 435302 1 537093 414241 717607 609308 607511 445370 114988 676809 830712 947718 807962 354214 969899 453704 733588 590988 490068 677774 815563 969449 441711 208982 671950 518303 754256 1134287 974254 697416 932189 861076 580496 660300 785775 1027495 483811 868637 107389 624255 1000729 1015742 970330 190994 859370 402099 793112 1058575 459989 883913 838071 957886 356655 235190 266424 1019747 766723 360286 496546 471027 759608 728355 809579 733038 541507 617600 683494 853632 633963 851859 757001 957115 956403 691533 941658 953918 1033226 797419 1120997 623035 747689 237001 1108759 78813 456378 967470 590789 330729 988494 94422 748710 525409 404494 953141 412737 849879 877874 749644 741018 238021 759691 795234 367797 652228 795879 613980 1097241 676516 712759 493742 354210 1094851 853687 659995 946293 154296 868026 1041068 984589 288667 427378 546421 625260 1019434 408027 553927 366327 811958 1083293 61059 949671 730466 958298 446487 930694 576741 409140 928721 577388 436780 652981 800094 568036 229089 684745 660561 240110 753276 450727 802252 535722 709293 164769 945626 450085 756799 818704 700957 597303 384016 506572 714557 569028 246704 852271 553923 673667 256973 431406 1061102 928668 408562 339300 379113 348246 154450 381955 767188 827390 577518 571431 590069 780260 773570 719168 864891 124676 904192 560605 595253 705422 406824 706840 645116 870978 405072 286920 213248
 253118 595390 110672 537093 1 126978 201331 171819 467427 388183 492532 266680 607375 412253 380369 381969 529836 185925 514130 77788 134161 447832 588741 439405 107745 329399 446173 133491 483599 598250 502336 171486 551388 328950 287235 412015 548101 497400 387655 422468 637545 122114 541177 491562 444696 350848 371443 515854 409133 521501 125698 603413 322219 439865 186168 508314 452076 565716 575736 355440 182064 333564 383708 281531 584145 307901 183375 187929 146918 429298 110034 319121 261346 428764 481090 154559 451279 527801 544632 381302 602911 87259 268501 404052 593269 573768 81543 450262 300212 334397 580193 629674 317502 40399 298505 433621 310574 568056 354027 522169 439402 548718 429935 545199 204450 323599 283256 272927 587756 593389 585687 83819 268413 560494 462249 247174 614944 664503 495923 505149 486303 314717 116666 109899 437396 493572 137580 142826 229044 352512 547275 558953 496430 585805 475542 352859 399094 44235 132575 615189 132020 470325 260299 532706 386887 556751 473330 367127 505304 433200 518917 313210 85959 192609 389599 446184 326505 620033 550675 378195 160769 204494 399273 368564 377624 333418 404394 411196 418059 559924 436034 536917 517578 334909 243934 162559 188920 483968 322023 364800 679772 467616 166537 415986 370067 263512 430994 608037 442008 374243 450542 151045 185346 150178 324637 116022 334805 417283 290814 398134
 247876 694201 23003 414241 126978 1 306157 259220 421303 305679 380827 352217 598650 533581 439732 324011 599892 179335 553209 195209 110116 484802 634673 555805 31255 205334 481625 134182 536535 720213 586597 297120 596998 446933 273316 396945 594957 613923 316533 492422 512560 236885 620292 618096 557906 225448 461510 413713 494594 646192 125340 613658 428202 565352 87855 385645 332609 642764 554796 251858 149978 320475 465019 382462 574792 362063 230908 233621 270450 489173 234057 446088 379041 555633 566643 280417 570537 591659 637656 435191 711929 209880 380721 312360 700764 447572 57934 575639 341003 223225 637899 505606 375426 129118 208271 559349 222966 577021 465648 564273 447510 425622 498506 541757 135179 382654 406511 330464 691909 542251 546191 122860 206749 680616 552468 332006 643836 538002 535804 626995 583670 229753 14528 146814 459528 607076 70039 210006 167110 426782 673318 433149 571717 551432 564723 328349 526071 163291 58678 637616 217224 378495 338012 587675 400159 432933 506638 417854 383043 448210 425551 402602 129027 297610 262995 543728 306162 585601 553822 389703 207304 96997 389345 438320 393087 235145 474590 358718 460740 437914 345879 649432 574644 297928 125082 35757 72680 378199 275305 454207 651805 412358 235815 374654 462441 364927 485768 610415 315330 490458 393243 201626 309471 38453 404138 230884 461013 372797 166377 272673
 242952 394099 283907 717607 201331 306157 1 294460 459421 451313 686138 362479 523632 242400 220187 581104 344964 379242 644392 202534 235404 585263 705944 253534 276851 509102 585388 209785 598673 425993 306187 172818 393959 151013 274420 364501 666550 311086 432871 243179 811645 215706 347994 389916 252753 526783 174175 598742 478971 365007 324034 491501 122401 358675 382112 641751 578659 373652 513950 458375 251618 518320 465105 340746 503469 172240 347498 142290 92873 262540 177834 218800 270884 323940 284455 111238 413386 349532 343982 229396 405888 122974 297832 604545 395067 742991 278150 369137 449051 453645 406532 806717 172308 233563 391018 350238 396563 461058 160298 648284 349899 682047 527293 459352 405611 448447 253283 408105 387700 578568 552537 279881 469358 382542 515471 349246 475752 830590 350621 334294 285025 515611 292183 175093 590576 301833 336758 301576 430300 174156 401645 730411 307653 544380 276862 542052 287707 157193 330183 484918 275196 538083 370778 641219 551218 692644 612851 496517 637462 333835 584626 119334 182179 8750 559155 244942 515066 575538 454149 295597 143737 343470 578853 471710 540905 532104 226236 422772 551603 688877 504895 343640 347768 529499 389987 339881 377471 680850 519711 433149 620255 474286 314830 409128 431131 62346 548322 507415 609801 189245 463075 139773 191802 310908 418841 87409 209085 612264 443769 547966
 422450 655780 254738 609308 171819 259220 294460 1 639232 553813 535442 95675 771357 418168 509361 348173 638758 159295 355114 105752 304687 292829 424118 463557 256426 420249 292464 305282 317205 587616 593463 143465 684443 360003 457268 580275 383638 516438 556569 537565 716019 78809 637711 417547 479052 445518 463495 672002 239171 497720 154281 759159 389656 355976 264572 637269 588655 663947 743724 509894 353430 248871 212397 125249 748601 446924 78301 344637 202902 554697 116779 280436 151772 366914 571542 189311 332417 643992 618833 515166 638948 184351 138539 417830 633810 662465 201681 364698 154983 482433 700835 703587 452602 140978 459926 352570 473320 725067 402696 360976 599532 675984 258739 707998 241612 158911 198416 114116 636794 765208 756904 136919 268556 560900 294875 75745 759175 753693 635586 500589 555922 333875 256496 279169 296183 523114 218665 55864 245380 468034 508879 645130 600494 756391 560575 279023 348737 185117 223475 763714 42434 632607 88867 364689 259974 681668 320051 205843 635358 590352 680637 412776 256671 287706 489860 518412 253181 790500 710695 538613 320501 354284 298362 197602 249409 369284 520462 582828 260089 690020 598919 566615 641339 281942 383837 286933 287327 514750 285583 196480 848789 639207 40009 587724 203748 349967 264798 767520 540476 405817 621943 310288 136172 294681 152862 218382 313325 358870 419464 519822
 225679 663214 411143 607511 467427 421303 459421 639232 1 163543 654275 733657 223428 670712 356873 718716 476647 600317 970212 538933 336992 902082 1049245 653122 405232 475663 899380 333951 946809 826451 522742 591973 387634 586802 190368 114167 1008881 697807 127976 414639 651498 580246 524913 847333 635740 470345 472227 252384 874805 793671 542501 285920 517402 818084 489740 400530 347496 532402 159545 253172 287351 739955 850592 741577 202999 324352 638963 325091 514920 378061 552929 678166 698754 782025 515008 536831 867222 448547 594570 337632 729636 483209 716336 660834 712320 580407 462581 828555 755166 290605 457022 659807 336799 501121 237908 809658 223361 256216 564919 980169 191819 425972 897065 195862 546110 787742 698227 735787 687745 126144 125561 524244 611630 777279 925225 714384 364404 635988 332307 748131 575770 606852 414459 362380 880148 673783 490936 605622 577208 401453 837672 579641 478387 134410 528418 744279 745499 460721 479720 339811 599091 188584 727676 996978 821369 440095 925209 828391 394471 214775 207618 443119 383206 457274 464214 549993 724174 167254 223350 198911 338231 338682 808353 835638 814134 588167 407141 64063 875629 418899 180470 700438 413660 709697 348966 418447 457689 675265 683078 829535 237177 34919 630985 52330 833313 469565 894577 261342 486213 605608 47429 347388 611866 384700 791978 466448 666733 775298 371367 397216
 215761 741251 302903 445370 388183 305679 451313 553813 163543 1 491058 649334 385690 688024 428671 571844 576248 481421 857121 465655 255952 788780 939460 684391 299529 316605 785313 266740 842183 862033 604437 542520 510920 597605 195070 224385 900007 736412 39485 491991 495687 509809 617920 836042 673226 309149 521743 149139 792900 812639 430978 440091 541451 796232 356663 252227 192507 631048 323025 90308 214351 609299 765088 669531 364299 370282 535946 309689 478587 464162 490907 659091 644101 769735 591731 498149 827753 553155 673373 412500 793521 431773 655055 504238 777655 423171 357574 806946 646494 129449 575133 502273 385962 413137 97826 788548 82784 407104 589423 868711 310362 284157 802739 350646 413180 687801 655683 635464 757539 257231 279601 423812 472393 814621 848316 629207 508652 486103 448925 775212 640879 458047 303386 303799 759708 717487 370253 510642 442234 456362 851727 420781 567444 293538 600559 608914 734580 396709 359965 488191 511543 87052 638303 893343 698374 297892 809578 723532 246300 327437 134866 477468 316459 446302 300886 608134 591556 323724 375207 285654 309000 210582 675856 741976 692342 434775 479597 108982 765799 281847 53616 751162 521967 571564 205174 292041 323063 512910 543065 750095 395148 137001 536759 146243 756495 482107 791438 419733 323099 627177 118253 314896 560568 267242 704479 427132 657441 630492 215558 233896
 583121 1074725 403595 114988 492532 380827 686138 535442 654275 491058 1 592900 873697 903909 805722 245893 968411 376257 624488 534706 474481 571201 705286 931792 411273 194027 565227 502618 648835 1088833 963205 639733 945115 821461 593488 689557 676819 989845 526624 863240 209788 562496 994019 950510 936041 189531 841072 479071 699621 1007999 395909 917419 808475 890297 306368 323242 336949 1015023 813249 401104 492256 368419 666227 648097 851331 728490 462250 604990 638742 853642 578108 795032 686561 895293 943966 643397 864571 955942 1017082 797673 1091980 579777 673412 131251 1081165 193655 411266 899354 495793 364574 995921 190649 743357 473174 429593 886337 440993 881941 844352 640744 764280 335727 660316 831552 300624 557812 729536 524026 1072706 738457 768613 435134 268833 1052469 759360 577649 970894 264140 881154 996132 964159 202187 395151 524486 517142 985120 355901 481999 290544 801354 1028508 175361 944001 783961 943360 341312 871735 535285 360010 956696 508454 501228 567832 693181 462130 329277 576398 561269 327045 773285 523881 782436 509218 677498 190207 924313 348282 812963 852387 717543 581386 378429 397696 619059 464069 166851 845985 595351 569656 355493 488842 1028061 934047 305889 340129 349105 308751 39480 282089 677455 884400 627726 496004 628623 691256 745622 616653 902534 179885 866527 609272 577446 644914 384215 616797 606591 818332 293124 296168 261561
 514760 692058 349167 676809 266680 352217 362479 95675 733657 649334 592900 1 859220 436286 582186 379251 699616 224246 283791 195936 400119 229918 343607 488500 351249 499010 231311 399847 236225 587858 646693 192534 756426 395671 549919 671390 304081 535992 652240 603481 784186 158877 692544 387625 508440 524739 521281 765822 143568 494319 238654 842288 440148 323870 347192 724063 677976 719082 834286 603794 448643 260226 117029 61277 836823 525431 137186 432205 269884 624974 193800 287394 138018 348882 625026 251507 275914 708286 663076 590046 663001 266756 108434 467550 660388 735354 295368 330682 128702 575191 766449 770110 529336 236652 555068 322764 568603 809065 443637 286546 685905 761976 168580 795351 314790 94649 190319 81708 667724 859738 850211 229360 324700 568373 200278 20236 836141 825584 711389 508016 599765 391554 350459 372247 249959 547920 305497 142606 310921 536008 496284 717337 659788 849023 611768 293442 339864 275769 311775 842910 137797 727643 26414 279969 233180 766883 257712 141039 722494 675239 775534 475985 350532 357006 569782 564846 271819 882988 796437 625530 409594 448244 290172 109869 222781 431194 587236 677875 195346 776786 694078 589732 709345 309280 475815 377978 373269 567667 321870 102002 939968 734295 117553 681939 110984 411220 186029 852717 618822 438173 717174 399407 176613 388558 59310 297154 326009 374555 508546 605674
 357488 577225 583152 830712 607375 598650 523632 771357 223428 385690 873697 859220 1 674512 334689 915056 376292 769915 1121427 665693 496130 1055190 1194689 639079 575677 689522 1053467 482273 1088339 792405 446900 687598 256236 608410 327075 201709 1154073 668986 348144 366860 874039 700344 429136 876528 614553 686886 456499 464707 991306 785272 707714 90673 530500 862808 678172 621783 570553 425530 68112 473754 449821 917364 972335 852526 23861 352744 790089 427138 603936 324693 666324 729346 791891 816603 448708 625874 931772 343662 514244 316893 660387 592930 816148 869686 642199 803416 627241 872345 907412 509148 323588 882807 356238 646302 447662 853935 434750 87409 570592 1129170 174774 644787 1027676 64475 732035 928817 776888 879398 612720 204322 148942 679783 801792 743988 1033787 841915 184999 856375 232346 731664 519800 807337 588554 497776 1042278 639700 667935 750122 764033 393172 833227 802946 396927 124904 467644 926903 780849 586356 656550 152824 736145 406963 859291 1136026 987940 658865 1080534 973707 615739 189833 415361 455243 522485 525292 684446 508372 904184 123861 74302 233910 450868 532492 986273 967602 979498 794061 369472 278570 1025328 635999 403022 653526 308575 896225 553067 604996 649008 892598 872301 944923 115734 255051 773150 245342 945410 506079 1035788 53383 708785 610331 270698 461079 707813 566625 918478 565364 706402 968304 583817 619532
 473746 269422 513015 947718 412253 533581 242400 418168 670712 688024 903909 436286 674512 1 340643 758772 358464 555406 703846 374147 476350 660716 742169 59133 507109 738906 663116 451609 644315 186666 281286 278657 464597 91471 500621 562722 708385 99742 665897 312201 1045605 357788 325962 210128 87110 758695 218079 836760 491833 124771 515051 615192 153368 219044 597973 884011 821040 349938 685557 700379 493932 667033 494484 384977 659424 347617 493164 379247 265398 352806 332157 150347 299328 163422 265166 260935 313551 382490 262479 359339 227118 325260 331208 806766 225856 978894 493789 225500 558274 696018 437861 1039122 336921 431284 632874 210904 637844 594677 106739 701946 518902 924360 562479 615457 607882 530499 248969 510154 237438 778605 742478 472296 660503 148658 500855 433823 563571 1067907 452752 93497 206972 717077 520727 415755 686093 114088 548010 453632 626145 283363 166984 965352 318876 729121 245052 696865 136810 371167 544196 584987 423115 773802 456861 673335 666168 934863 687813 574822 879765 496733 818891 229113 419259 249242 794074 190054 670678 755752 600220 480641 385087 583179 714070 524392 655527 741520 306417 645249 626518 931274 741560 153932 403179 696419 629334 568962 600577 893108 695230 455845 785197 691587 453842 624715 446133 206327 603870 642365 845681 65705 683548 381844 282306 545087 474123 303032 110513 775796 682473 788141
 232974 313296 417396 807962 380369 439732 220187 509361 356873 428671 805722 582186 334689 340643 1 754621 162761 566073 862707 409371 333935 802023 925785 309555 408830 613240 801784 306938 818400 475111 175841 392889 175083 274614 238749 242783 886224 347148 395381 63529 885892 430947 194087 542016 287775 623427 123997 571863 698105 455378 504382 283592 196483 530690 527120 669492 605005 211874 345762 477288 313946 713727 685077 560509 318939 77834 552860 206210 312321 49642 393119 401563 487359 482904 163367 331400 605179 151937 244990 19745 373417 326805 515920 751807 356376 812730 437310 539923 661684 491354 200412 886379 64493 419737 415486 521800 412655 258392 235947 867163 181868 705877 747479 274843 566617 666193 462285 623463 333174 449223 407837 464120 637126 425760 732047 568349 256276 890614 131325 404311 219201 669045 425539 294997 803323 320807 493822 507408 596245 58769 502475 804493 142702 392430 173862 733139 447551 342832 484207 267833 484488 503290 589368 861335 759425 718839 829358 714035 664031 158449 540486 123634 317110 225254 643236 193555 706858 417199 260590 158050 233243 428231 778562 691669 749485 673962 51438 351015 768860 706564 477181 344500 137379 713545 470185 464377 510214 810083 697994 652572 444556 384669 524529 320563 649941 182800 767688 306361 686715 275928 382342 240189 411584 425506 638933 291384 375117 795068 521219 606710
 571318 972770 343854 354214 381969 324011 581104 348173 718716 571844 245893 379251 915056 758772 754621 1 909593 204997 379431 389506 433929 325322 461431 798263 352316 272688 319338 456428 403137 934098 884300 480317 918229 689151 594766 714604 431670 854040 596942 801672 455249 400987 922922 760883 809359 292143 753215 620123 465760 845370 257130 936102 698382 697797 238548 502395 486817 947231 865617 488437 472644 127813 433068 439325 891272 678371 269933 550126 508512 804229 428698 627732 496209 713878 863028 505115 655003 905215 925057 752486 970431 459345 475716 117260 962900 428839 317311 705593 264356 447880 954850 436494 690266 347552 481912 695464 497036 899411 723754 395545 770591 528731 419150 861045 189742 325356 545576 301360 961055 828188 843554 301227 118044 904921 523564 368075 967800 507823 858152 845212 865355 114173 336665 460623 271461 856385 261781 305619 158846 732597 856999 409633 877456 852947 857141 97326 696843 425055 272074 961533 336033 616266 352882 447299 216516 527094 330849 321243 503928 772028 653177 695154 437683 572526 328412 825497 110482 885959 875008 713482 522334 383192 152379 383502 218974 145893 783566 654698 324768 547938 592172 900376 891583 70072 370113 311205 266165 211004 63543 449979 955541 701602 309141 678666 464702 643412 372685 930882 356644 735980 681788 514768 478777 350905 390353 493805 658650 60657 358230 397975
 393395 200968 577270 969899 529836 599892 344964 638758 476647 576248 968411 699616 376292 358464 162761 909593 1 715273 983399 546534 495776 926928 1039268 307051 568767 776000 927447 468388 933417 430040 80684 507175 123548 330285 394893 366686 1001117 318120 540170 108011 1045972 560246 52870 567935 278065 786080 178726 712603 799048 443825 655429 295272 264459 574904 686649 823369 759600 55814 413870 633016 476700 859639 791411 667569 369923 239997 691780 366526 435887 116356 522546 468716 586102 520534 93496 450913 663859 32661 139220 172493 285469 464741 617580 912251 267335 972580 593182 582252 793649 649923 79485 1047098 225453 567528 573693 566375 569600 288885 279375 985917 284928 858342 857336 334104 723601 789529 550094 751692 237164 542486 492170 613297 793044 384307 823792 688582 220069 1048594 150693 386786 160899 828181 585543 453720 934903 286814 650911 645819 752330 177327 492195 964917 41414 471709 114059 881355 490107 489073 641777 247997 620029 643768 711042 972315 896171 871673 954694 837638 817733 261911 675953 225996 474482 352279 805278 168459 854629 487422 308589 291429 392599 590981 922062 806081 885866 834800 126092 486391 892802 857526 621122 289343 68221 864743 632740 625745 671152 972400 851200 755756 491765 508846 659756 451358 750444 289381 885045 330297 848011 307525 511108 398640 523213 587320 752559 428252 433141 947082 683423 766617
 413120 768666 189697 453704 185925 179335 379242 159295 600317 481421 376257 224246 769915 555406 566073 204997 715273 1 375726 184512 273801 307428 458495 593629 196266 277070 303903 289006 364509 733522 684637 278116 735923 484252 442863 568957 419455 649726 494897 608166 560952 198305 724847 576091 604404 302921 552826 574805 352004 646869 63392 776462 494459 514992 134907 509663 469759 749800 729827 417413 321078 150050 319324 274676 746163 492649 87819 368544 303720 615125 224060 429670 310855 523435 663085 300133 489333 713690 722458 566453 765454 256486 297181 259622 757908 511118 142700 523832 169339 382576 766067 547527 502830 147776 383612 511377 398805 740279 518872 387519 610171 545904 338169 710586 91856 220931 355702 172679 756245 721584 724873 102124 109830 702539 412840 206706 795553 601458 679057 643344 662025 174586 185917 281659 280201 651551 111293 107483 87432 538028 662088 493139 681179 729419 656078 167092 502707 226311 121936 793531 136310 548487 201755 415777 221102 549612 328253 248046 508746 607188 593612 495713 256749 370824 348163 622377 141038 763697 719799 549899 340530 270899 218013 282179 213826 210587 590114 537975 285617 561904 517523 695541 703370 150317 283655 189494 166670 355579 141963 319703 828914 591687 119747 552948 331519 441249 315974 777091 395940 531075 572546 331627 278764 216983 261334 291884 458129 233085 303535 390910
 766420 967909 560274 733588 514130 553209 644392 355114 970212 857121 624488 283791 1121427 703846 862707 379431 983399 375726 1 459745 634892 68409 85011 759690 565618 618466 71849 643113 65502 831581 929817 476254 1037598 674791 799638 925470 52350 801843 869727 886587 834234 432336 975884 600781 782233 642667 805060 945715 222691 737648 428738 1113371 723333 541944 505647 858926 829553 1002437 1089030 791552 684384 270994 211278 322226 1098245 801932 332817 697309 551519 906756 469879 553822 408477 584338 908240 534203 456688 991790 943314 869367 930147 539444 375781 496588 929675 807454 507739 544583 215450 755247 1049773 815049 807279 475726 759301 544625 774457 1078877 724212 16593 951907 890447 145572 1058953 452210 196644 455785 242805 940235 1093658 1092951 446670 413064 821423 246970 295374 1114114 887244 990199 763193 880202 463147 557896 623944 109089 817743 486879 371322 428830 818459 727100 788225 943572 1095354 894533 289496 587402 536886 497270 1118825 386426 923258 273615 78301 170476 891092 50230 149275 859262 943897 967552 759400 599535 638443 685361 846439 292408 1129738 1063292 890722 671890 646556 227055 180610 172821 505658 870115 909332 96106 908543 892804 857387 992034 329916 657963 565211 539014 588066 359637 249883 1191898 964171 348467 920926 261611 694775 100358 1120436 723014 714976 945399 661765 460341 591455 233299 573019 594189 333024 671502 744038
 318830 585335 182880 590988 77788 195209 202534 105752 538933 465655 534706 195936 665693 374147 409371 389506 546534 184512 459745 1 210575 396085 529809 409876 181535 387571 395283 206355 422955 556116 508168 106428 584085 300016 354026 475689 489298 466498 464142 442325 694423 44328 550472 426667 420009 410796 376310 593459 335876 473424 141074 653796 311901 371710 234346 580596 526092 576178 638860 432703 257060 316482 312265 204885 642987 343882 145247 238886 119829 456109 43421 261334 185057 366456 486336 115731 376101 549076 541385 413832 580997 82693 190821 432779 573396 633831 140305 381829 252681 410527 604600 684874 350533 67257 376285 366094 388354 619549 334518 466113 493786 620699 363051 602276 235157 264274 211546 217185 571947 665077 654442 99597 286584 522415 387143 177480 655966 725243 533230 464326 479998 343254 187483 176722 394101 467384 182965 99288 252059 371978 494244 618039 509907 653095 477622 341430 339738 79945 182282 659555 75169 548080 193738 470336 350729 628124 422855 310590 577866 484743 596684 321735 156002 194753 452070 440791 314396 687052 604969 432862 214905 280251 376322 302368 340629 369662 424734 484627 364133 632685 513769 511361 543764 332366 317488 229125 245964 521149 326408 290680 744291 541075 115172 486972 294973 262679 370529 661829 504408 346807 524527 204690 115709 223677 255042 118831 283654 414628 361550 467736
 140243 604846 90324 490068 134161 110116 235404 304687 336992 255952 474481 400119 496130 476350 333935 433929 495776 273801 634892 210575 1 567128 712861 488559 82053 285626 564734 28378 609890 661199 488919 288571 487472 385572 169064 295241 672399 545707 253626 389447 579719 254434 519653 594848 485837 299748 369723 390244 543023 596503 211957 505971 351204 549670 197552 408854 347197 541001 456954 235021 49676 421673 517053 415322 472368 256124 302529 130511 233092 382919 235045 417287 388395 529321 469955 250168 573975 485640 544683 327999 632090 179782 399140 418831 619379 509701 131197 560343 419463 222837 530109 576204 270337 164691 171896 542501 182046 469457 393951 644326 339461 449433 560873 437187 244538 450754 402398 398805 607250 462242 458279 188224 316333 617942 596409 380382 533877 596157 425931 569069 494663 338825 97277 60596 549027 534434 174968 268679 276201 326885 629600 497959 469896 460480 470241 432896 496019 141296 163864 528148 263519 340074 392233 659995 492899 459440 591079 491631 404871 339049 388764 312237 63133 227889 327807 455583 409274 494867 447484 280695 107699 108622 490485 499449 484801 340601 371981 278707 539690 457581 305575 574738 467033 404924 155214 130739 177140 476824 383755 498891 557872 334924 294159 286629 504228 286304 557611 504534 377074 424618 317398 105189 305908 91578 457429 183148 422801 481642 209303 312572
 699501 920815 491942 677774 447832 484802 585263 292829 902082 788780 571201 229918 1055190 660716 802023 325322 926928 307428 68409 396085 567128 1 151648 714971 497333 554177 6288 575836 78967 798426 876025 420357 977093 625205 732478 858503 114154 759812 801319 828231 780298 371077 921627 575116 736163 578721 749306 878445 201697 704090 360381 1048788 669565 513883 437955 794703 763822 948131 1021944 723664 616553 209334 181146 275798 1031922 739482 265587 632329 492567 846908 408939 510408 361962 551892 854288 476265 436067 934072 892944 807991 887801 476906 329679 441379 886264 750115 439540 517730 148034 687595 991601 761750 745389 409016 690957 515551 706101 1014041 673497 80365 886488 826960 127374 992990 385028 137424 411764 179041 895117 1025390 1025006 378925 348648 784784 241240 238801 1051742 831947 928368 725475 829644 401514 489522 557460 57806 773849 418529 305252 362460 759390 697596 730903 887609 1027605 841361 231338 551148 472066 428895 1055639 321886 855267 216013 122331 109823 828033 27837 89397 794869 879003 899743 701803 532894 578965 621975 794750 230819 1061993 997875 825266 606541 578206 175129 138797 109905 444520 811458 841084 34592 844811 824685 814648 932973 270361 590002 496922 471223 536031 299078 217272 1124480 895861 283179 852930 231101 637634 69924 1055117 661086 667007 877065 596465 405668 523047 186640 511209 550292 284713 604423 678979
 841804 1009929 640783 815563 588741 634673 705944 424118 1049245 939460 705286 343607 1194689 742169 925785 461431 1039268 458495 85011 529809 712861 151648 1 799684 645811 703457 155822 719648 107528 855484 981776 534582 1099893 722214 875594 1000754 40644 837840 951115 945775 915051 498879 1028365 617738 823913 727624 860545 1030066 250422 762945 509639 1183039 776336 563003 589591 943898 914510 1054898 1164473 875208 762502 355778 250074 371923 1171735 868237 410363 768609 613469 968301 535559 594321 455718 610192 960530 594802 470546 1049607 990157 933599 965724 607093 423363 578690 966727 890122 587563 564067 294408 839231 1108156 895519 872592 551383 841644 566908 856711 1149112 772823 71301 1023547 975313 182552 1131645 536605 265878 498809 315815 979605 1173380 1171126 525010 498072 850020 254448 358048 1179545 968775 1054905 793722 927622 547727 638772 698596 193377 856166 569304 446264 513605 879047 747244 870901 998788 1172804 945719 373411 618093 608502 579500 1185755 458564 1006719 338171 68835 255341 975874 135192 221715 944249 1014460 1051322 817936 674611 700574 770234 895680 377150 1207159 1134771 962544 743999 728899 309323 234293 257828 590075 929842 989015 174033 993449 975982 893955 1052026 414118 741505 647905 622831 668251 444055 287857 1268221 1044231 422217 999414 296378 752971 159397 1191631 807546 759810 1025647 733808 517204 673046 287502 639264 634762 412521 755980 829047
 468650 210779 534288 969449 439405 555805 253534 463557 653122 684391 931792 488500 639079 59133 309555 798263 307051 593629 759690 409876 488559 714971 799684 1 527753 760531 717169 462293 700893 177648 227994 321238 418249 110740 492489 542170 765468 58139 659494 272737 1064752 398453 271229 261763 29468 779057 185674 833528 549541 146273 549290 574938 143128 276376 625468 891828 827924 294361 655063 704314 500488 711707 551245 439250 625394 328927 536452 380431 294859 314606 369599 205989 353014 220352 213625 294377 372034 332956 204136 328995 175636 352306 385333 839951 171947 996427 520529 282289 607914 703367 386494 1059410 316353 462499 636694 268457 640284 556788 95975 758215 490939 931755 619321 582183 639961 583065 303974 560150 180546 755598 716522 505580 696078 130930 559661 484782 517813 1084123 412232 95338 150918 750087 542327 428498 738435 59744 576765 495102 660206 255405 194160 983690 268833 701739 192992 740662 195474 396528 571972 540906 464670 768685 508029 730858 715999 942830 742264 628195 887305 467851 812287 210944 435326 261442 812342 139522 714137 726750 564912 458152 390416 596886 761308 579678 705323 772075 269694 632924 680610 937482 737502 103066 356324 737858 643439 590512 625151 923151 734821 512718 751798 676284 497566 609524 503395 205543 659503 603942 863193 65377 669798 388681 327476 563549 528688 325633 165541 818406 697278 801050
 221796 663520 8598 441711 107745 31255 276851 256426 405232 299529 411273 351249 575677 507109 408830 352316 568767 196266 565618 181535 82053 497333 645811 527753 1 232780 494479 104341 545589 693768 555377 279219 567169 419532 249027 374126 605732 585817 306600 461246 538497 224881 589040 598699 529148 251710 430525 416188 494608 621331 137272 587756 398562 547550 118345 400586 344823 611526 533907 254212 125856 341753 466120 376856 551849 331232 237589 202649 246006 458316 217473 424811 366586 535356 535451 257484 557538 560734 606674 404535 682292 185747 370804 343501 670929 472266 58548 557964 351414 229557 607309 532234 344472 118974 203974 541251 217806 551198 436769 576036 421311 440976 503356 517703 162692 389143 390746 336738 661692 528058 529193 124312 234518 653492 551226 331031 615664 562066 506333 600598 552967 260336 16787 115561 475129 578306 93079 211190 194237 395531 649671 458383 540485 533304 533628 351720 504870 139284 81888 610178 213995 376407 339118 596449 417148 449019 520111 426706 397606 421100 424295 371662 98080 268382 287359 513074 328579 567615 528777 362732 176168 99368 410688 442489 409569 266381 443400 343781 471813 452267 342939 620423 544025 323051 136356 63030 103774 409197 301702 452804 632649 398570 237305 357085 460138 334951 494101 585664 339352 462483 379875 170400 292950 42458 405364 204077 437849 399596 183378 290899
 389108 890060 226322 208982 329399 205334 509102 420249 475663 316605 194027 499010 689522 738906 613240 272688 776000 277070 618466 387571 285626 554177 703457 760531 232780 1 549225 314001 623179 925525 773954 493573 751104 652096 399796 499726 668026 818597 348142 671743 308179 423799 803168 814178 761711 25854 655124 347597 628945 850712 266204 728006 630090 758228 156640 240536 215458 823562 632047 227461 299318 348350 596101 544099 666571 536448 361983 415438 475179 660734 429789 646608 561508 753824 755283 483952 750534 762776 830303 604629 913483 414633 556059 188586 901599 246292 249727 768134 437455 187265 802083 300460 551587 320811 241919 752957 254829 692094 669277 632939 571999 273417 610011 643916 185218 494603 596581 448842 890985 572709 595900 293853 205544 885898 689839 480375 778383 337781 687166 832305 779680 162033 218400 339691 510876 810846 206509 364468 197155 611589 876555 230516 752730 608803 755849 335802 726065 368196 205603 765134 384001 348135 477870 673085 448265 275509 568265 514400 240798 580231 382257 597226 327665 500728 71102 740302 327302 639827 663374 524037 393317 185089 404663 556978 445665 127041 654737 413852 540988 290869 327370 852727 740371 294591 146155 170133 141799 205416 263797 596517 711082 452708 385477 444472 607997 565844 579775 715123 120253 695252 433347 390378 503106 198988 538403 436169 664075 333343 105782 127170
 697536 922675 489012 671950 446173 481625 585388 292464 899380 785313 565227 231311 1053467 663116 801784 319338 927447 303903 71849 395283 564734 6288 155822 717169 494479 549225 1 573720 85213 801788 876979 421149 976865 626826 730399 856502 118870 762301 798103 828438 774375 370878 922502 579186 738194 573713 749979 874261 206566 707445 357414 1047592 670573 517797 433947 789759 759177 948993 1019878 719776 614108 203887 185432 278142 1030169 738868 263601 631069 492766 846830 408782 512850 364163 555412 855222 476662 440589 934376 894385 807605 890224 476348 331972 435485 888567 744400 436803 521738 146088 683576 991816 755794 744901 407203 687497 519381 702665 1012774 674947 84535 885057 821899 132751 991369 380786 138175 414212 178482 897221 1022529 1022454 376581 343682 787823 246823 239712 1051104 826103 927865 728426 831073 396152 486500 555700 51521 776126 415087 303751 357943 759479 701307 725186 888218 1025188 842414 225565 554316 470898 425512 1054809 320886 851447 216788 128149 104114 822909 27598 90401 789955 877732 895811 702175 531075 579026 616883 796030 225380 1059576 996434 823829 605172 574760 168974 142212 104487 439110 811613 838256 36601 839789 820962 817043 933033 264731 586159 493379 467271 529996 293561 221216 1122248 892943 281974 850346 235183 638105 75219 1053703 655799 668824 874109 595114 406673 519825 189212 510806 552655 278509 600158 674184
 124786 576509 112898 518303 133491 134182 209785 305282 333951 266740 502618 399847 482273 451609 306938 456428 468388 289006 643113 206355 28378 575836 719648 462293 104341 314001 573720 1 615473 635776 460674 275804 462895 360512 156716 283052 679066 519207 260326 361768 607480 249104 491681 575958 458957 328076 341370 405677 541647 572660 226097 487828 324025 532568 222036 432555 370105 513187 446184 254216 52520 438260 516847 410885 458657 229107 310310 102477 214666 356116 226125 398216 378364 510086 441654 233026 561026 458796 516306 301571 604273 165087 391218 445091 591450 537203 146808 543270 427821 245200 504061 604165 243057 168470 188908 525184 197508 451519 367322 651961 321361 473003 563348 422025 266694 455679 388979 404293 579111 459954 452597 197855 338485 592067 593497 380486 512155 623238 401996 543972 466358 363854 120538 38228 560344 507412 195540 273637 297960 298743 606697 525656 442064 453344 441874 451083 476189 131513 184781 507605 265345 352476 393784 665049 505674 483337 600416 497977 428403 319391 401010 283958 50878 202538 355788 427325 426818 487659 430796 261517 79321 136021 506774 501951 497229 367082 344225 278377 547405 480513 317998 547443 440873 424645 182504 157451 203363 504574 404599 496802 548818 334834 298427 282504 501319 259143 562966 488102 404782 398716 318178 76982 294005 119070 458043 163683 401762 502648 236651 338827
