NAME : domp90p30v6
COMMENT : Cherkesly, Contardo & Gruson 2022
TYPE : DOMP
DIMENSION : 90
DISPLAY_DATA_TYPE : NO_DISPLAY
OPEN_FACILITIES : 30
COST_SECTION
 1 727929 256242 878662 684809 803380 517014 460945 469640 299495 492609 660713 889993 634395 17966 537729 197399 615273 426068 123500 456356 237981 166383 498070 436792 154999 745225 409886 712016 532000 449800 211498 182493 383770 77425 473384 861603 312429 546050 779535 728479 196714 755308 284817 420274 991627 790812 431810 397636 583172 548287 257138 410576 467498 556665 256173 285450 726947 729706 517571 206492 417248 677572 832032 394893 314942 90855 556001 173240 352911 913745 141455 517047 511474 228129 178888 277703 694288 878121 707132 694596 674567 441923 179622 387040 749287 109441 349019 664257 726938
 727929 1 841482 426289 310351 346271 230357 884597 1011603 965104 310349 549087 470265 917758 713033 504946 565239 192419 994662 732485 425859 849538 609153 824640 690115 803742 390144 351344 536596 539418 910568 895067 642777 475458 781987 256276 381775 416768 964450 742018 641345 608727 483527 881915 500437 642260 202432 856136 960966 999921 406429 975961 320634 713767 321797 491797 651738 59947 591713 790134 905738 390407 1081307 321810 394784 648474 811379 459350 633542 616833 549903 687627 907289 388403 808814 566615 780004 99523 449062 839527 197992 917410 923713 888390 497777 762999 618744 542395 213704 371737
 256242 841482 1 1078876 698796 996167 611523 706172 683839 141294 547707 897828 1097277 886663 251873 772599 288370 683502 635440 376959 674322 463676 406236 751839 692407 386059 951805 490355 944826 772118 689229 395375 203238 609494 302776 592571 1054914 471020 785860 1030367 973007 441386 977428 506438 653924 1216303 952149 679163 613396 820696 537510 235750 560596 723513 583108 359290 205763 822733 968666 773340 372932 619479 911653 1016232 450666 569244 206451 782875 422309 270965 1132301 397426 763362 517605 35132 299944 83330 835890 1082829 963353 747802 928432 677464 342524 373997 1002469 312883 322892 836282 931291
 878662 426289 1078876 1 730677 89813 564657 797840 956917 1170039 662662 317212 47080 737276 870502 385444 794175 591904 961337 820694 424842 886381 715894 705592 601935 879405 135874 653466 263951 412125 836284 966792 880098 500365 899594 537517 45454 609862 847736 439505 357330 693426 178908 898993 478397 217795 225361 780904 933178 872013 791494 1132069 530912 605453 707955 729999 934188 486193 303740 655140 988687 463444 925427 105006 705457 642494 969295 345967 721225 927557 131759 774142 792688 760072 1043745 779272 1042252 342740 27942 599264 621368 713705 857461 984268 822337 482708 781081 852303 267371 152071
 684809 310351 698796 730677 1 645804 239283 991656 1082824 838116 200659 785529 772474 1078018 667044 703366 488330 150046 1053018 740727 589862 876494 632143 959592 828403 808555 671588 288397 790314 732269 1006327 888804 535593 603186 756818 304851 687401 438731 1081302 982341 884267 649389 756318 918615 648242 942479 511028 959567 1019306 1120274 163377 890521 387612 859489 128228 431360 493064 253656 842577 939265 889201 524469 1212110 628004 290691 744148 746673 668873 665122 431828 847994 706881 1029125 182415 673032 506204 621035 388290 751450 1040457 113048 1091016 1012590 863975 326031 991161 591214 376821 483973 650216
 803380 346271 996167 89813 645804 1 474945 761082 916271 1091163 572934 298568 127051 721772 794310 338536 709947 504770 916497 752782 356031 827622 643309 673952 559959 814352 90688 564097 256208 369403 797630 903633 796004 432029 828839 447940 58801 525713 818698 454441 361422 623291 175821 843826 416935 297021 152773 741289 886828 846017 702325 1058731 443873 568198 619103 644364 847172 406106 306027 625911 924093 386209 907024 51121 616095 585390 894225 293595 651347 838993 203699 705581 762073 670512 961052 696234 957211 257605 106351 597531 538073 704003 817523 917694 732969 490812 703037 763519 177561 93801
 517014 230357 611523 564657 239283 474945 1 761317 864014 737145 98023 557933 599600 839534 500781 467381 340453 108712 838626 543804 351248 673040 424931 723497 590976 614836 476169 121168 570135 495015 779064 702423 414513 364816 579085 66124 526968 222688 849399 752796 657109 434829 549279 711422 409041 760031 375837 729821 804550 887865 231526 755994 151602 621456 154980 268236 421967 214116 619651 701289 708633 285193 978096 473130 165215 513539 595026 435988 454961 391176 664723 503615 795809 196209 579153 345839 549708 244906 579901 802192 192532 851840 787366 687669 274125 757891 410735 315411 297891 453406
 460945 884597 706172 797840 991656 761082 761317 1 162563 694961 794816 484620 783772 193205 471980 424100 592619 868982 181523 338421 461195 249690 386670 100554 203573 320608 673213 710195 542953 391872 41881 341756 624548 410456 403444 696206 805443 554712 91860 477941 487516 357629 622836 217497 385440 804390 834872 32730 165462 131520 903927 580765 609936 193034 874303 605284 731939 914312 523158 153053 371714 496573 227406 808296 727562 247902 501061 471799 352832 788762 762644 338651 57457 859229 683139 562371 738300 805284 782778 327716 951625 242532 66160 392641 779351 428237 473418 758992 715115 667290
 469640 1011603 683839 956917 1082824 916271 864014 162563 1 640486 882412 645873 944377 320093 484825 577784 638951 972723 49829 363028 598134 231682 452580 262362 356381 314653 829854 795032 704566 547244 121702 289125 649777 537584 397037 801585 962595 645532 161444 636238 649877 433436 783433 184827 522829 966816 980590 176030 72095 175726 976427 512306 716206 351666 959397 668822 754820 1035452 685677 315173 314215 621389 244003 962254 802990 363181 480124 623946 418745 820231 924928 383981 190236 933633 667653 610920 732448 939157 942715 475905 1056528 371167 99511 342991 834062 585151 517248 805006 856795 822579
 299495 965104 141294 1170039 838116 1091163 737145 694961 640486 1 680198 960090 1184158 884855 303760 837218 401191 815509 590679 398900 752353 445282 465519 757090 721952 381914 1038665 616669 1011499 831178 670611 357400 322636 681551 312203 711544 1149874 574238 764540 1072099 1025950 496142 1053488 480529 719598 1290556 1061252 672288 574974 795508 677694 134396 669268 749548 720267 474683 345417 950509 1028790 787064 329134 706601 880138 1115702 580957 606360 216118 854687 471979 412148 1211390 432779 752145 656255 165112 405041 223934 951210 1171295 982996 882874 930739 654682 304009 512372 1038444 389043 461390 940190 1019437
 492609 310349 547707 662662 200659 572934 98023 794816 882412 680198 1 641541 697387 891526 475208 542438 300531 135804 852367 541207 421118 676361 431489 768232 640160 609823 572232 87776 658240 567111 807959 692059 361691 419994 561920 140335 624963 240187 885254 833493 740320 449030 642464 718166 469258 856835 471490 762475 818666 924511 139092 714505 205967 672576 80075 236507 348410 280100 705915 751751 694115 349538 1017525 570899 101064 548459 561406 515915 464478 307319 761644 506502 834334 99705 517449 314086 479127 339516 677764 869135 205446 908431 813499 670118 187907 834652 394258 234475 395760 549377
 660713 549087 897828 317212 785529 298568 557933 484620 645873 960090 641541 1 299514 423810 657788 125425 642471 635892 654791 573243 240218 607273 495810 389794 298222 619059 208199 591692 59570 129483 524321 697586 720788 290817 659673 501661 331964 478662 530748 197154 99182 463999 139068 610986 243916 341413 415729 470379 628910 554813 780383 895135 445651 295261 711844 598308 802802 600305 71765 338604 723251 312466 610436 349463 637274 370215 745936 129156 488293 821155 282483 531924 476177 738342 864023 618435 883013 450254 299803 303195 699103 405527 546496 725427 743448 213916 584946 755563 336245 211471
 889993 470265 1097277 47080 772474 127051 599600 783772 944377 1184158 697387 299514 1 712911 882672 381116 814972 631819 951170 826193 433854 885127 725511 689290 591962 882570 145683 683805 242798 404890 823080 968321 900533 508141 907051 568965 92108 631151 829411 404583 327992 701191 160962 895336 481606 172226 270639 768481 923984 852069 828271 1141134 556510 592834 745471 752832 958747 530211 276459 637913 991187 478666 901662 150653 735682 641345 980203 345747 728654 955184 84694 780319 775404 795623 1062182 798661 1063665 384184 21205 569657 664075 686852 844881 988243 852426 450015 795245 880567 301742 166019
 634395 917758 886663 737276 1078018 721772 839534 193205 320093 884855 891526 423810 712911 1 643023 415720 737671 941715 355849 511086 498990 440337 529357 137971 251564 505596 631108 813506 473445 380514 226473 534376 783071 474844 585135 773514 755309 659277 159674 343188 388057 494853 558729 410452 431916 694271 825798 212734 349112 160789 1014437 773276 690694 218994 971411 735370 888904 957523 436719 139958 564433 555805 188895 772354 840617 360209 684694 463966 498846 938472 672846 500273 139609 968939 861283 707092 911241 827094 717024 166232 1020137 51292 248533 584425 910738 289559 626267 898374 722245 631814
 17966 713033 251873 870502 667044 794310 500781 471980 484825 303760 475208 657788 882672 643023 1 534127 179477 598446 441749 133606 449540 253166 162119 506156 440569 170451 737606 392828 708293 529557 462037 229257 165976 377928 94939 458026 852677 298376 557994 780508 727398 194353 749827 300093 416108 986799 778944 442386 412915 595432 530322 268723 396652 471874 538922 238872 269996 711268 727265 524069 224455 408111 690199 822161 377261 317489 101463 550928 172495 336604 907933 146136 527699 493533 222317 161304 268236 680862 870477 712048 677514 682411 454819 197550 369191 751305 95750 331446 652967 719017
 537729 504946 772599 385444 703366 338536 467381 424100 577784 837218 542438 125425 381116 415720 534127 1 518256 556886 578411 455887 123991 504324 372009 342152 221654 506626 253545 483917 174296 35281 459695 589603 595760 165735 540913 405920 386368 359676 487672 294717 211407 341277 227277 514364 118735 456188 416044 403173 549262 518246 679397 776878 339243 232526 617038 476684 679358 548495 196886 298487 613639 198239 589398 384653 526463 261093 624230 49168 366476 700391 385373 412698 430048 635778 738721 493715 757707 412059 375302 340267 628081 412612 479209 613080 628054 292231 459728 636905 306691 244962
 197399 565239 288370 794175 488330 709947 340453 592619 638951 401191 300531 642471 814972 737671 179477 518256 1 429575 600550 276421 406316 412820 208828 600721 501392 335312 670404 223670 682896 525676 592797 406343 86074 352917 272074 310491 768549 184335 683706 799679 727978 242820 704857 458814 404077 942999 664242 560415 569019 723002 351540 416612 272265 535920 360475 73573 162729 554529 714232 604066 403558 342930 819288 728501 200421 379654 260885 518836 241100 201133 855485 258055 643301 314109 253587 30610 248816 550595 799615 770843 505364 768949 591101 377021 195841 781453 121998 167280 547987 649155
 615273 192419 683502 591904 150046 504770 108712 868982 972723 815509 135804 635892 631819 941715 598446 556886 429575 1 947178 649527 447125 780249 532109 828675 695161 720156 524456 206395 640276 586843 887306 806457 495580 468419 680513 172789 550097 330282 956537 832856 734496 543053 607408 819207 509888 799742 379955 837653 913111 994795 214022 845854 259090 724785 129528 360856 483681 150589 692547 804550 811349 385911 1084272 491927 234776 621422 689095 520795 562685 439087 704657 610391 902467 197789 653137 439472 614596 250337 611068 895768 83879 951786 895845 789259 320012 842681 511616 368450 337249 502703
 426068 994662 635440 961337 1053018 916497 838626 181523 49829 590679 852367 654791 951170 355849 441749 578411 600550 947178 1 324139 588335 189178 421003 281662 359486 271307 831791 764687 714065 549552 139808 240266 607389 524047 352076 777433 964676 618027 200964 659463 666083 404856 790624 142350 514144 982207 973450 186529 34098 220290 942034 462528 692943 359576 928321 633947 711517 1015973 698812 333472 264844 605888 293051 961231 770110 348924 432608 623011 387903 778056 936048 349028 220023 899872 619881 573211 685447 925651 948407 505674 1031057 407140 115411 293920 796224 609651 479541 765539 847724 823219
 123500 732485 376959 820694 740727 752782 543804 338421 363028 398900 541207 573243 826193 511086 133606 455887 276421 649527 324139 1 396945 137569 123397 375200 323373 71506 684992 453850 628241 443922 329557 162728 290685 320947 87728 489564 809298 322389 425027 673469 631308 131460 681174 182732 345051 911780 763226 308787 292669 462829 620657 321906 412943 351953 613654 313179 397676 741561 639035 396812 176264 376484 558090 787202 452389 208686 183948 482439 103604 459604 840175 47670 394097 579641 350452 249198 401119 683110 816604 589166 732400 551801 323635 165484 472098 639579 155683 441991 633579 669042
 456356 425859 674322 424842 589862 356031 351248 461195 598134 752353 421118 240218 433854 498990 449540 123991 406316 447125 588335 396945 1 476250 291697 398910 264257 458483 289884 360179 276782 146047 489883 548340 487594 76018 474763 287518 412354 238455 538897 418700 333149 268605 303186 497137 75879 541997 386193 434164 556047 574102 556950 707641 216312 288581 497228 358613 564551 460835 311315 366324 568257 74250 655990 392243 402473 241260 546397 112949 296460 580998 459532 349943 481569 512952 639647 384244 651467 344090 422579 450965 522958 505665 505151 561679 504909 414968 365046 515516 259395 272807
 237981 849538 463676 886381 876494 827622 673040 249690 231682 445282 676361 607273 885127 440337 253166 504324 412820 780249 189178 137569 476250 1 248156 317700 319205 83068 751244 588697 665892 483730 227256 98447 418427 402785 166800 615663 881257 450355 323213 668444 646307 241495 730698 46959 410698 948261 858485 227616 159751 357214 758216 334157 534933 337416 749945 450590 523158 863640 665359 354852 128222 473796 448121 867012 589290 243959 257238 540523 218679 589040 886637 170263 306940 717094 443889 386266 505243 791520 878379 551471 863715 487345 214022 144557 608661 626596 293045 576842 729015 738290
 166383 609153 406236 715894 632143 643309 424931 386670 452580 465519 431489 495810 725511 529357 162119 372009 208828 532109 421003 123397 291697 248156 1 392081 299717 194594 581456 343754 546185 367954 390638 286114 258011 217933 186536 368428 700942 202285 478361 624810 567266 36795 589015 287713 254086 825258 643996 354127 387421 517927 524930 416176 290075 333511 507367 219890 361232 619057 565548 397597 298531 259982 614039 674770 350519 174960 255231 389629 34434 409171 747581 79220 435727 481575 373798 178223 404994 560360 714239 572739 615625 561958 391857 284601 392764 598997 101056 373164 514904 563854
 498070 824640 751839 705592 959592 673952 723497 100554 262362 757090 768232 389794 689290 137971 506156 342152 600721 828675 281662 375200 398910 317700 392081 1 135174 375425 584681 687418 447153 308079 142417 415153 645116 360804 452097 657437 715718 531752 145551 378151 387576 358064 528741 295340 325627 704542 757721 100082 263447 177027 886696 651601 572469 111791 848306 601105 751037 859149 424665 52863 445269 445698 257521 722409 711420 226176 552142 391080 361167 801244 664888 362612 88205 841318 725649 570117 774221 739886 689328 236296 909398 176612 166578 461967 776734 329239 488415 762662 643069 580521
 436792 690115 692407 601935 828403 559959 590976 203573 356381 721952 640160 298222 591962 251564 440569 221654 501392 695161 359486 323373 264257 319205 299717 135174 1 349189 473556 561977 357791 190898 238125 415016 557638 226755 409784 524852 606367 408151 275275 353590 327383 263070 431786 316335 190486 634654 631465 181540 332030 309913 763078 634356 440794 34694 720112 490377 659493 724054 349787 111634 443096 310939 392694 606306 589868 125210 507290 268661 274900 702096 580700 295350 217645 717573 662623 471343 701564 606729 588944 273383 775315 273091 257582 451215 664419 316809 400659 655877 512963 466231
 154999 803742 386059 879405 808555 814352 614836 320608 314653 381914 609823 619059 882570 505596 170451 506626 335312 720156 271307 71506 458483 83068 194594 375425 349189 1 743532 522840 675837 491089 303361 92359 336140 382655 84849 560994 870068 393768 400084 702776 669409 199282 733646 129826 401249 959904 830628 294751 242638 435581 684248 285254 484401 373451 680984 378692 440345 813065 682030 405507 109779 443368 528146 850387 518978 248918 180455 537087 172274 506825 891997 116647 377979 644272 364421 310202 423806 753198 873958 602024 802807 550141 292623 106526 530760 664955 218788 497088 700809 728550
 745225 390144 951805 135874 671588 90688 476169 673213 829854 1038665 572232 208199 145683 631108 737606 253545 670404 524456 831791 684992 289884 751244 581456 584681 473556 743532 1 549576 168917 282662 710400 831012 755740 365045 764377 437834 132890 487099 729067 372555 276233 558231 96177 764832 342575 285590 219992 654319 802794 755938 707569 997513 416418 480181 627762 609525 816430 448025 221270 536127 852827 332986 816367 141328 600943 507546 835633 211577 585937 815974 191468 638553 672688 671754 916723 653550 919208 292891 132896 508756 569816 613725 730756 848420 716926 405585 649687 742343 187617 22938
 409886 351344 490355 653466 288397 564097 121168 710195 795032 616669 87776 591692 683805 813506 392828 483917 223670 206395 764687 453850 360179 588697 343754 687418 561977 522840 549576 1 615058 505335 722227 606075 294210 347890 477221 116992 619581 156073 801080 778208 688932 361809 609899 630403 399512 834934 483268 677712 731016 840486 201856 640274 146045 595137 164820 154532 302866 333845 659236 673548 609040 286244 934172 569924 51999 465196 482701 463241 376834 278909 741021 418765 751075 156484 458031 233134 429241 356597 665365 800465 284710 832774 727222 585778 168876 774949 308743 202446 387802 526695
 712016 536596 944826 263951 790314 256208 570135 542953 704566 1011499 658240 59570 242798 473445 708293 174296 682896 640276 714065 628241 276782 665892 546185 447153 357791 675837 168917 615058 1 184804 582930 755480 763246 335446 714060 517931 283007 512784 586623 207271 108168 515563 85313 670224 292326 284075 386055 529318 688348 609440 797304 949881 469898 354491 725062 634655 841251 590745 55223 395439 780825 345190 661479 307274 662638 427347 798434 164062 540638 855499 222915 585974 532803 756669 910660 660169 926551 437073 244686 341554 698324 451332 605284 782318 772201 236966 632281 787613 323137 177642
 532000 539418 772118 412125 732269 369403 495015 391872 547244 831178 567111 129483 404890 380514 529557 35281 525676 586843 549552 443922 146047 483730 367954 308079 190898 491089 282662 505335 184804 1 428231 571590 600703 173589 530221 432403 415495 374726 453628 277731 202790 335377 247404 491210 121622 468869 450813 371936 521093 483763 702943 765771 362285 199429 642859 488305 687830 582292 197728 263688 596535 219181 554264 416428 546151 242922 616673 84239 359220 712292 403018 402442 396136 658844 738712 499948 761015 447006 400416 309025 659292 377995 448264 597591 644613 269748 459635 650955 341966 275609
 449800 910568 689229 836284 1006327 797630 779064 41881 121702 670611 807959 524321 823080 226473 462037 459695 592797 887306 139808 329557 489883 227256 390638 142417 238125 303361 710400 722227 582930 428231 1 314463 619150 435209 387710 714629 842920 567905 96748 519715 529055 364278 662120 190227 414011 845850 867545 56716 125341 133397 912865 552850 628355 230837 886897 610474 726491 938346 564126 194815 343968 520887 228599 844316 736826 266544 483027 506758 356299 785844 803237 335663 86868 868608 667724 562968 725519 833547 821692 367642 970466 277008 24409 366841 782804 469846 471915 759930 746128 703839
 211498 895067 395375 966792 888804 903633 702423 341756 289125 357400 692059 697586 968321 534376 229257 589603 406343 806457 240266 162728 548340 98447 286114 415153 415016 92359 831012 606075 755480 571590 314463 1 391475 472829 134580 650246 958804 482962 407348 765987 741058 291626 816855 124484 488453 1038999 922665 322445 220098 438124 757864 239010 575146 434697 760690 457449 489051 903211 757849 453200 30167 535389 523887 940560 598170 328854 195332 622586 264621 559795 974281 208881 398096 719701 380945 384344 448451 845463 960418 649649 888433 582418 297621 54182 598388 724672 297863 560374 792822 816679
 182493 642777 203238 880098 535593 796004 414513 624548 649777 322636 361691 720788 900533 783071 165976 595760 86074 495580 607389 290685 487594 418427 258011 645116 557638 336140 755740 294210 763246 600703 619150 391475 1 430038 259419 390819 854615 270338 713480 871126 803490 294574 788150 465385 479339 1026690 748915 593419 578078 751918 385334 355321 357628 591512 410923 156069 107421 628027 792492 654485 382402 426595 847698 814494 260988 432964 217145 599339 285422 170686 939937 286216 678213 354520 168825 103441 164225 633236 885326 830316 566677 817978 614154 352908 216988 849867 157635 172621 633718 734625
 383770 475458 609494 500365 603186 432029 364816 410456 537584 681551 419994 290817 508141 474844 377928 165735 352917 468419 524047 320947 76018 402785 217933 360804 226755 382655 365045 347890 335446 173589 435209 472829 430038 1 399333 298739 488359 205170 493638 450517 375156 193204 371939 425791 53844 609506 456358 381228 491034 530718 549448 632995 216241 256669 499173 314990 514624 503857 362479 336502 492434 86165 617594 467794 383340 175151 473150 173876 220896 538912 530047 274011 437782 504245 575253 328035 592249 401823 497440 452859 548664 488992 448290 485669 475193 438053 297400 478788 327556 348436
 77425 781987 302776 899594 756818 828839 579085 403444 397037 312203 561920 659673 907051 585135 94939 540913 272074 680513 352076 87728 474763 166800 186536 452097 409784 84849 764377 477221 714060 530221 387710 134580 259419 399333 1 530997 886130 365444 484458 760888 718935 206170 764813 212773 427788 997093 829491 376436 324954 520234 623600 235973 461663 437426 628594 325882 360664 785232 726034 477933 132392 446517 612981 861070 466187 296413 100125 565394 178458 429385 923906 128223 460595 585879 280085 251000 338968 740984 896703 672452 761307 628200 377391 108747 463852 726410 168901 426379 700815 747569
 473384 256276 592571 537517 304851 447940 66124 696206 801585 711544 140335 501661 568965 773514 458026 405920 310491 172789 777433 489564 287518 615663 368428 657437 524852 560994 437834 116992 517931 432403 714629 650246 390819 298739 530997 1 502979 167305 783928 694642 600599 375480 504032 652709 343426 723385 367838 664864 743335 822289 279425 719715 86307 555358 211332 236924 414914 254248 565632 635189 658257 219867 912246 452953 168796 448639 555515 377042 397001 395480 628779 447596 730108 239003 558919 310508 537413 244368 550171 738334 255860 786172 723414 638841 285422 697574 364862 319102 271124 414897
 861603 381775 1054914 45454 687401 58801 526968 805443 962595 1149874 624963 331964 92108 755309 852677 386368 768549 550097 964676 809298 412354 881257 700942 715718 606367 870068 132890 619581 283007 415495 842920 958804 854615 488359 886130 502979 1 584362 859407 469440 382462 680322 198143 896151 470985 263227 180272 786947 935629 885235 751941 1116650 501753 612439 667899 702675 904893 441620 327635 666388 979724 444572 942381 59998 671557 638167 952432 343553 708331 895562 176462 762248 803482 721548 1019801 754975 1015618 300172 71697 623073 577541 734323 863425 973910 788350 510167 761631 819859 231858 143127
 312429 416768 471020 609862 438731 525713 222688 554712 645532 574238 240187 478662 631151 659277 298376 359676 184335 330282 618027 322389 238455 450355 202285 531752 408151 393768 487099 156073 512784 374726 567905 482962 270338 205170 365444 167305 584362 1 645346 652351 570772 213228 526545 488930 258902 763093 487225 522330 584037 684688 355283 565442 98306 441831 319595 123557 331724 420671 549609 519416 491332 167598 778175 545268 182013 309138 398686 350579 232409 342862 673955 281148 595047 309817 435968 171422 432605 383011 615552 655660 414008 680375 573868 472578 270268 642521 202991 277295 366559 465582
 546050 964450 785860 847736 1081302 818698 849399 91860 161444 764540 885254 530748 829411 159674 557994 487672 683706 956537 200964 425027 538897 323213 478361 145551 275275 400084 729067 801080 586623 453628 96748 407348 713480 493638 484458 783928 859407 645346 1 489708 517241 449486 669761 284253 464015 832238 903029 124575 200424 39666 995491 644147 697820 256247 964901 697130 820896 996529 559354 193026 436298 579710 135701 867440 819115 337166 579578 536556 444431 878903 799937 428406 57887 950723 764466 653550 822143 881985 830497 320722 1038713 210339 109904 460534 871096 436987 563913 850323 787277 725458
 779535 742018 1030367 439505 982341 454441 752796 477941 636238 1072099 833493 197154 404583 343188 780508 294717 799679 832856 659463 673469 418700 668444 624810 378151 353590 702776 372555 778208 207271 277731 519715 765987 871126 450517 760888 694642 469440 652351 489708 1 100686 589125 278885 658188 397316 353803 591982 476821 641474 500696 971616 987902 632873 331330 905720 765504 962361 794860 152371 327735 794760 492950 526979 504374 821171 465937 856212 317639 608350 989384 347000 640285 447073 928627 998424 772756 1027679 642602 414472 179902 896174 304758 544080 804284 921928 53643 722755 928669 528321 383733
 728479 641345 973007 357330 884267 361422 657109 487516 649877 1025950 740320 99182 327992 388057 727398 211407 727978 734496 666083 631308 333149 646307 567266 387576 327383 669409 276233 688932 108168 202790 529055 741058 803490 375156 718935 600599 382462 570772 517241 100686 1 533240 186068 643083 324253 316970 494202 479616 643857 535157 879047 951631 542947 313911 810956 688034 889768 694204 55403 334726 768452 406774 576839 412149 733679 423059 810098 225709 555289 911791 285005 593597 467552 836769 939954 702563 963635 541943 334523 242026 796572 359331 552724 774249 838013 129483 661283 848065 427654 285761
 196714 608727 441386 693426 649389 623291 434829 357629 433436 496142 449030 463999 701191 494853 194353 341277 242820 543053 404856 131460 268605 241495 36795 358064 263070 199282 558231 361809 515563 335377 364278 291626 294574 193204 206170 375480 680322 213228 449486 589125 533240 1 561346 277249 224670 796227 631920 324930 370899 489141 548722 440152 293613 296961 526448 247718 397241 622149 533103 361959 307298 245028 584932 656668 372974 138560 283176 361637 28120 443744 720287 83807 404993 504672 409299 212249 441594 554575 690635 535993 626888 526587 367200 296786 422423 562716 137839 405214 502212 541409
 755308 483527 977428 178908 756318 175821 549279 622836 783433 1053488 642464 139068 160962 558729 749827 227277 704857 607408 790624 681174 303186 730698 589015 528741 431786 733646 96177 609899 85313 247404 662120 816855 788150 371939 764813 504032 198143 526545 669761 278885 186068 561346 1 738573 337124 238916 315785 607566 763767 693436 780254 1000545 469119 431946 703408 650078 858237 540491 130714 477664 840901 361935 746655 226265 659855 488183 843975 199712 587859 865258 159094 636790 615242 742090 942697 684754 952366 385092 160743 425151 657888 536457 683943 840015 773487 315218 667852 794111 275186 112025
 284817 881915 506438 898993 918615 843826 711422 217497 184827 480529 718166 610986 895336 410452 300093 514364 458814 819207 142350 182732 497137 46959 287713 295340 316335 129826 764832 630403 670224 491210 190227 124484 465385 425791 212773 652709 896151 488930 284253 658188 643083 277249 738573 1 428260 950276 882103 199602 112831 316560 802767 363404 570547 330137 792605 494803 570076 898202 665811 337069 154298 500836 405506 884830 632682 258554 300391 553298 256523 635992 892442 211762 273640 761258 487769 431896 550316 820511 889632 531413 902891 458985 174353 176629 654621 614064 338414 623333 753300 753028
 420274 500437 653924 478397 648242 416935 409041 385440 522829 719598 469258 243916 481606 431916 416108 118735 404077 509888 514144 345051 75879 410698 254086 325627 190486 401249 342575 399512 292326 121622 414011 488453 479339 53844 427788 343426 470985 258902 464015 397316 324253 224670 337124 428260 1 571599 459353 358292 482214 499686 600566 663430 263867 216944 547796 368312 566325 533578 314980 296042 510338 124089 583118 456750 436191 170020 507800 137610 250840 592096 496203 299956 406929 555542 620109 378346 640282 419882 472722 400998 588312 442800 429386 506674 529006 384233 341042 532509 334042 328393
 991627 642260 1216303 217795 942479 297021 760031 804390 966816 1290556 856835 341413 172226 694271 986799 456188 942999 799742 982207 911780 541997 948261 825258 704542 634654 959904 285590 834934 284075 468869 845850 1038999 1026690 609506 997093 723385 263227 763093 832238 353803 316970 796227 238916 950276 571599 1 442805 795684 959080 847783 990803 1233051 699412 626048 909507 886598 1094672 702201 285040 651689 1064617 600164 880200 322616 886139 711317 1079390 435905 822056 1098400 95440 868883 783897 956099 1181591 923352 1190914 554527 193407 533548 835094 658140 869410 1066377 1001766 406877 906251 1025721 464742 308523
 790812 202432 952149 225361 511028 152773 375837 834872 980590 1061252 471490 415729 270639 825798 778944 416044 664242 379955 973450 763226 386193 858485 643996 757721 631465 830628 219992 483268 386055 450813 867545 922665 748915 456358 829491 367838 180272 487225 903029 591982 494202 631920 315785 882103 459353 442805 1 810914 941564 934200 589061 1047647 392433 646922 503759 592912 782397 261997 439960 714488 939212 387278 1004466 120361 533845 627453 880403 366910 659630 762025 352766 715666 845230 563146 917602 656703 902482 132432 249514 718770 399714 815016 884888 927894 648049 622750 683683 685554 129856 208455
 431810 856136 679163 780904 959567 741289 729821 32730 176030 672288 762475 470379 768481 212734 442386 403173 560415 837653 186529 308787 434164 227616 354127 100082 181540 294751 654319 677712 529318 371936 56716 322445 593419 381228 376436 664864 786947 522330 124575 476821 479616 324930 607566 199602 358292 795684 810914 1 165144 164239 871239 561006 578566 175672 841903 572604 700759 884946 512528 149104 352586 467202 260045 787822 694878 216283 474935 450117 320359 757006 750548 307294 85322 826559 655438 530120 709437 778086 766703 335198 920446 260028 76560 371846 746751 428706 441561 726638 689783 647515
 397636 960966 613396 933178 1019306 886828 804550 165462 72095 574974 818666 628910 923984 349112 412915 549262 569019 913111 34098 292669 556047 159751 387421 263447 332030 242638 802794 731016 688348 521093 125341 220098 578078 491034 324954 743335 935629 584037 200424 641474 643857 370899 763767 112831 482214 959080 941564 165144 1 225058 909203 449481 658853 334281 894784 601185 682903 982035 674891 314015 246538 572487 305274 931116 736889 316017 408913 593236 354190 748622 910816 316135 210395 866875 596550 541383 660814 892450 920766 492881 996990 400188 101570 274253 764506 592648 447671 734540 815429 793765
 583172 999921 820696 872013 1120274 846017 887865 131520 175726 795508 924511 554813 852069 160789 595432 518246 723002 994795 220290 462829 574102 357214 517927 177027 309913 435581 755938 840486 609440 483763 133397 438124 751918 530718 520234 822289 885235 684688 39666 500696 535157 489141 693436 316560 499686 847783 934200 164239 225058 1 1035096 673026 736265 288774 1004205 736772 859314 1032851 579473 220645 466534 616659 96287 895245 858719 376233 614263 567327 483959 917788 819387 467273 92971 990309 799953 692887 858557 916360 853967 326534 1076788 208545 143236 491799 910677 447343 602995 889712 820095 753211
 548287 406429 537510 791494 163377 702325 231526 903927 976427 677694 139092 780383 828271 1014437 530322 679397 351540 214022 942034 620657 556950 758216 524930 886696 763078 684248 707569 201856 797304 702943 912865 757864 385334 549448 623600 279425 751941 355283 995491 971616 879047 548722 780254 802767 600566 990803 589061 871239 909203 1035096 1 736888 340658 796472 85455 308109 332289 361453 844986 874517 754759 484123 1129824 695761 176378 662435 601133 654242 559246 268861 895404 593069 947281 45507 512945 374392 458653 457055 808178 1001535 240267 1034433 915814 727608 169297 971554 465776 218449 526932 684843
 257138 975961 235750 1132069 890521 1058731 755994 580765 512306 134396 714505 895135 1141134 773276 268723 776878 416612 845854 462528 321906 707641 334157 416176 651601 634356 285254 997513 640274 949881 765771 552850 239010 355321 632995 235973 719715 1116650 565442 644147 987902 951631 440152 1000545 363404 663430 1233051 1047647 561006 449481 673026 736888 1 663667 658603 766243 487790 412729 969531 960807 686579 209107 673197 754411 1088481 613448 528659 167298 800981 413041 485762 1159630 364195 637041 708741 242718 410424 314935 948448 1130207 883638 919950 821030 535069 189653 567625 950169 364241 518915 921371 980026
 410576 320634 560596 530912 387612 443873 151602 609936 716206 669268 205967 445651 556510 690694 396652 339243 272265 259090 692943 412943 216312 534933 290075 572469 440794 484401 416418 146045 469898 362285 628355 575146 357628 216241 461663 86307 501753 98306 697820 632873 542947 293613 469119 570547 263867 699412 392433 578566 658853 736265 340658 663667 1 471968 283971 202528 403346 329105 513375 551706 585226 143722 826583 458489 192748 362333 496982 317241 316602 399559 607128 369139 644218 296664 525849 264367 515317 284874 539453 663179 342111 705166 637271 567768 304449 631137 301167 326314 276439 393934
 467498 713767 723513 605453 859489 568198 621456 193034 351666 749548 672576 295261 592834 218994 471874 232526 535920 724785 359576 351953 288581 337416 333511 111791 34694 373451 480181 595137 354491 199429 230837 434697 591512 256669 437426 555358 612439 441831 256247 331330 313911 296961 431946 330137 216944 626048 646922 175672 334281 288774 796472 658603 471968 1 752436 525037 693722 749374 341207 79835 463430 339440 367554 615702 623690 158638 535825 281014 307985 736687 576624 326105 198384 750966 694136 505830 734240 628277 591051 240601 804302 238839 252156 473342 698988 291605 434321 690569 531364 474429
 556665 321797 583108 707955 128228 619103 154980 874303 959397 720267 80075 711844 745471 971411 538922 617038 360475 129528 928321 613654 497228 749945 507367 848306 720112 680984 627762 164820 725062 642859 886897 760690 410923 499173 628594 211332 667899 319595 964901 905720 810956 526448 703408 792605 547796 909507 503759 841903 894784 1004205 85455 766243 283971 752436 1 303250 378172 278851 774322 831682 760975 426829 1097385 611291 162523 628279 619664 588229 540819 324271 814067 580870 914198 71368 555406 377996 508643 371902 725203 946757 168562 987925 892028 735767 209622 908871 463249 260572 444900 605207
 256173 491797 359290 729999 431360 644364 268236 605284 668822 474683 236507 598308 752832 735370 238872 476684 73573 360856 633947 313179 358613 450590 219890 601105 490377 378692 609525 154532 634655 488305 610474 457449 156069 314990 325882 236924 702675 123557 697130 765504 688034 247718 650078 494803 368312 886598 592912 572604 601185 736772 308109 487790 202528 525037 303250 1 208169 482051 669723 597984 458242 290026 832632 660742 140746 375315 328360 471462 254296 223992 797189 285072 652465 266510 324879 78617 313089 477644 736763 752563 438888 762527 611662 433777 175643 751656 160194 166679 478966 587759
 285450 651738 205763 934188 493064 847172 421967 731939 754820 345417 348410 802802 958747 888904 269996 679358 162729 483681 711517 397676 564551 523158 361232 751037 659493 440345 816430 302866 841251 687830 726491 489051 107421 514624 360664 414914 904893 331724 820896 962361 889768 397241 858237 570076 566325 1094672 782397 700759 682903 859314 332289 412729 403346 693722 378172 208169 1 627447 874490 758782 476838 497637 955060 860034 256962 535746 302586 677483 390280 74110 1004915 393495 785483 311916 180730 190635 131109 658519 942160 930875 544304 922885 721281 446278 168616 944086 262639 117600 676830 794427
 726947 59947 822733 486193 253656 406106 214116 914312 1035452 950509 280100 600305 530211 957523 711268 548495 554529 150589 1015973 741561 460835 863640 619057 859149 724054 813065 448025 333845 590745 582292 938346 903211 628027 503857 785232 254248 441620 420671 996529 794860 694204 622149 540491 898202 533578 702201 261997 884946 982035 1032851 361453 969531 329105 749374 278851 482051 627447 1 645660 827038 912002 417767 1116548 381638 372314 673536 807341 504518 645622 587041 609770 698190 939932 348221 791049 559120 757452 155403 509008 886130 140644 959568 950288 892969 467597 813922 618867 514560 267767 429079
 729706 591713 968666 303740 842577 306027 619651 523158 685677 1028790 705915 71765 276459 436719 727265 196886 714232 692547 698812 639035 311315 665359 565548 424665 349787 682030 221270 659236 55223 197728 564126 757849 792492 362479 726034 565632 327635 549609 559354 152371 55403 533103 130714 665811 314980 285040 439960 512528 674891 579473 844986 960807 513375 341207 774322 669723 874490 645660 1 371997 784300 382848 625581 356747 705678 433342 813982 199214 556812 892304 240689 598870 507643 803648 934979 690186 954591 492192 281744 295771 751935 410586 587264 787979 813129 184819 655828 826189 378172 231554
 517571 790134 773340 655140 939265 625911 701289 153053 315173 787064 751751 338604 637913 139958 524069 298487 604066 804550 333472 396812 366324 354852 397597 52863 111634 405507 536127 673548 395439 263688 194815 453200 654485 336502 477933 635189 666388 519416 193026 327735 334726 361959 477664 337069 296042 651689 714488 149104 314015 220645 874517 686579 551706 79835 831682 597984 758782 827038 371997 1 483071 419036 292276 674887 700904 224492 577930 347652 369068 805198 612364 378332 137589 829016 745686 573638 790550 702832 638375 197060 883911 164984 218807 497586 772913 280086 496872 762249 602886 532855
 206492 905738 372932 988687 889201 924093 708633 371714 314215 329134 694115 723251 991187 564433 224455 613639 403558 811349 264844 176264 568257 128222 298531 445269 443096 109779 852827 609040 780825 596535 343968 30167 382402 492434 132392 658257 979724 491332 436298 794760 768452 307298 840901 154298 510338 1064617 939212 352586 246538 466534 754759 209107 585226 463430 760975 458242 476838 912002 784300 483071 1 552144 551258 960154 598579 353614 177891 645489 279693 548666 998751 223627 427934 717638 360316 383246 429345 858882 982884 679621 892651 612541 326740 31243 592913 753827 300319 553201 809476 838046
 417248 390407 619479 463444 524469 386209 285193 496573 621389 706601 349538 312466 478666 555805 408111 198239 342930 385911 605888 376484 74250 473796 259982 445698 310939 443368 332986 286244 345190 219181 520887 535389 426595 86165 446517 219867 444572 167598 579710 492950 406774 245028 361935 500836 124089 600164 387278 467202 572487 616659 484123 673197 143722 339440 426829 290026 497637 417767 382848 419036 552144 1 702907 415405 328224 258210 508102 183635 272932 510353 513624 328835 523699 439822 584466 323367 590802 320490 465098 519929 464877 566766 533496 541673 431310 488708 317650 443359 257443 313158
 677572 1081307 911653 925427 1212110 907024 978096 227406 244003 880138 1017525 610436 901662 188895 690199 589398 819288 1084272 293051 558090 655990 448121 614039 257521 392694 528146 816367 934172 661479 554264 228599 523887 847698 617594 612981 912246 942381 778175 135701 526979 576839 584932 746655 405506 583118 880200 1004466 260045 305274 96287 1129824 754411 826583 367554 1097385 832632 955060 1116548 625581 292276 551258 702907 1 957218 953471 469118 705290 638498 580128 1013915 861440 563423 183191 1084909 891919 789170 951826 994961 905520 347149 1165622 222224 235825 577997 1006751 473538 699238 985984 894937 815799
