NAME : domp50p12v3
COMMENT : Cherkesly, Contardo & Gruson 2022
TYPE : DOMP
DIMENSION : 50
DISPLAY_DATA_TYPE : NO_DISPLAY
OPEN_FACILITIES : 12
COST_SECTION
 1 676117 186073 794166 211940 647444 665795 764312 360415 421196 329062 505207 428102 913114 811331 481749 590092 454960 754072 480912 418759 232222 647329 683950 304791 344100 799090 748165 709788 483351 220182 819940 805312 881186 805791 455518 357991 844522 615688 894037 615417 866190 923945 890847 69521 418376 1071306 617630 660900 816429
 676117 1 861010 322308 879956 368436 784372 351268 330148 284041 925600 604497 963561 681180 769290 209674 1037951 223838 450384 511673 292551 571384 63245 710740 373325 333538 963119 822485 419959 1021719 877879 809085 781321 963327 1058317 983743 711616 854872 259657 887629 225773 1232520 739420 1015703 693903 303822 864217 906234 764709 597878
 186073 861010 1 974138 91322 819923 765224 941252 546197 606514 274083 636486 395972 1061200 932454 667813 578593 640754 921363 632052 603658 384457 833273 803599 490760 527921 869665 848858 878577 437091 124423 933554 923142 966825 847495 422011 448321 951119 796691 1000370 798299 859791 1063667 964051 193221 602446 1207178 670802 764903 968554
 794166 322308 974138 1 962569 182020 604338 58992 448853 386713 945637 485395 942165 378220 521329 355261 958456 398559 174196 414600 385227 605336 275791 508842 514949 513668 765548 613014 173110 992766 949011 566138 538419 732332 884271 955033 670222 612277 178935 633488 185977 1088634 443736 794422 783124 380961 552959 774969 583267 314026
 211940 879956 91322 962569 1 799345 699688 925186 554878 611777 183115 588122 305406 1017457 874504 678524 488589 656518 894251 595992 607276 359103 846405 746371 506643 551897 793138 782825 853382 345774 34543 872111 863719 894272 763905 331170 387083 886506 788457 935254 793940 769350 1014594 887614 186912 603471 1154943 591473 701225 928377
 647444 368436 819923 182020 799345 1 441952 131285 336742 283083 769191 304651 761125 338858 401148 287863 777550 330527 117054 232859 276723 440282 306148 355028 401957 420911 613527 465422 71385 811153 783008 441755 413817 599908 723211 773526 489387 487890 110981 519379 144585 919394 386101 655998 626797 265582 525119 600114 421067 243192
 665795 784372 765224 604338 699688 441952 1 545430 579164 569128 572954 201554 497377 403319 194218 624867 419130 650368 439108 288186 557638 449837 721624 101951 612705 667463 180045 83676 431234 522841 669157 177890 177400 220716 281375 494452 317374 186872 532992 235591 564720 486021 367865 249316 606893 540316 482812 198565 21079 358428
 764312 351268 941252 58992 925186 131285 545430 1 429912 369491 900111 430504 892056 333710 464629 349149 903187 393442 117380 363527 366319 566394 298132 449857 496582 502358 706702 554266 114206 941610 910118 509151 481310 674893 825284 904113 620476 555435 159294 577987 176676 1029960 396449 736492 748896 359607 513873 717237 524363 261766
 360415 330148 546197 448853 554878 336742 579164 429912 1 62682 596311 377674 641602 660406 643675 123724 736517 108928 453598 295251 63761 246871 291861 540980 66677 93414 754826 642474 407539 700774 550355 670771 647172 791858 820496 663493 408935 709849 271720 754009 263703 962264 693874 828248 367968 71449 841330 644688 563922 559750
 421196 284041 606514 386713 611777 283083 569128 369491 62682 1 642899 370119 679886 614062 615188 74768 762524 82836 400078 281006 11555 287435 239316 520777 128238 137832 747733 626559 354430 738304 605608 645407 620553 775553 822623 700467 434055 686491 210570 728701 201229 975977 651647 816244 425109 28814 797388 653527 552391 514149
 329062 925600 274083 945637 183115 769191 572954 900111 596311 642899 1 507511 122634 931775 760718 716256 306350 704863 847113 543066 635539 357162 881950 637687 564942 621215 638515 652695 811591 164473 149710 750520 746860 747300 593652 148068 293035 757495 784064 804295 797111 586418 917472 732068 270298 626989 1048778 433692 578874 852404
 505207 604497 636486 485395 588122 304651 201554 430504 377674 370119 507511 1 473913 430095 306953 429898 473079 452284 352126 93203 358572 274942 543485 182373 412032 466030 378057 269383 324695 518519 563034 320034 302586 417625 456490 482291 214524 351002 369959 399216 397638 630116 427391 450814 456387 341359 570964 304379 186998 345568
 428102 963561 395972 942165 305406 761125 497377 892056 641602 679886 122634 473913 1 879742 690629 754626 183790 750118 824892 528558 671061 394745 914440 575049 621556 681758 537141 571850 794102 59747 271587 674443 674638 650765 479459 27557 271963 675332 793121 719792 810812 463945 857171 628744 362553 659922 979884 334057 506869 809137
 913114 681180 1061200 378220 1017457 338858 403319 333710 660406 614062 931775 430095 879742 1 227005 626460 821968 668589 232840 432373 606038 682620 623956 308815 721223 750340 499754 360747 271065 913894 992962 267851 248403 422782 634536 881832 641528 303862 443877 302590 474627 856493 70428 491119 874100 592363 186524 601748 387265 100868
 811331 769290 932454 521329 874504 401148 194218 464629 643675 615188 760718 306953 690629 227005 1 652983 609253 687914 347355 357276 604679 581883 706623 128891 692157 736957 273775 135729 360189 717050 845886 45643 21419 212669 407944 688399 487424 91011 509983 118399 543959 629628 178755 277992 759808 588013 289338 386360 183780 218806
 481749 209674 667813 355261 678524 287863 624867 349149 123724 74768 716256 429898 754626 626460 652983 1 835933 44385 401190 337946 84146 361742 168180 568240 178116 160661 804647 676963 357792 813068 674052 686399 660398 824664 885589 775234 507720 729282 193076 769120 172586 1044872 670589 868934 491625 97669 812367 720782 607094 529167
 590092 1037951 578593 958456 488589 777550 419130 903187 736517 762524 306350 473079 183790 821968 609253 835933 1 840506 817071 551073 752228 498607 982669 514490 731144 793663 401197 477011 794853 159729 454490 582827 590164 520242 315444 159872 328568 572171 832947 610329 856484 281741 786206 484857 521326 738293 890738 222982 434704 768500
 454960 223838 640754 398559 656518 330527 650368 393442 108928 82836 704863 452284 750118 668589 687914 44385 840506 1 444665 362219 94334 355403 192769 598616 150408 121906 829423 705848 400895 809168 654065 720026 694491 854389 905421 771750 512012 762142 237408 803077 216815 1057974 711416 896572 470201 111225 854161 736094 633274 570662
 754072 450384 921363 174196 894251 117054 439108 117380 453598 400078 847113 352126 824892 232840 347355 401190 817071 444665 1 304420 393776 537683 391933 340337 518509 537890 594050 441063 46165 870571 875421 392023 364260 558137 715964 834145 557867 438233 212770 460670 242424 925125 289036 620402 728338 382550 418729 620125 418228 148520
 480912 511673 632052 414600 595992 232859 288186 363527 295251 281006 543066 93203 528558 432373 357276 337946 551073 362219 304420 1 269538 250389 450987 246524 337304 386655 467289 347468 268671 578295 575003 379655 357871 496856 549552 540684 257321 416599 282977 462229 308742 721707 444688 535477 442557 252203 593296 395452 271402 337072
 418759 292551 603658 385227 607276 276723 557638 366319 63761 11555 635539 358572 671061 606038 604679 84146 752228 94334 393776 269538 1 279442 246413 509650 130330 144745 736208 615255 347965 729345 600519 634650 609888 764287 811100 691444 423849 675601 207966 717960 200459 964798 642869 804827 420850 17344 788950 642187 540932 505932
 232222 571384 384457 605336 359103 440282 449837 566394 246871 287435 357162 274942 394745 682620 581883 361742 498607 355403 537683 250389 279442 1 525543 456045 232797 295155 601619 529369 495688 453907 343856 593268 577052 669848 635005 416682 182879 620913 434736 670050 444257 743918 691860 688594 192750 270135 839089 447076 441938 587318
 647329 63245 833273 275791 846405 306148 721624 298132 291861 239316 881950 543485 914440 623956 706623 168180 982669 192769 391933 450987 246413 525543 1 647518 342539 311487 900182 759266 359690 971992 842215 746192 718468 900110 996291 933826 658060 791913 196731 824996 162789 1172486 680689 952466 659557 255530 808231 846151 701884 538448
 683950 710740 803599 508842 746371 355028 101951 449857 540980 520777 637687 182373 575049 308815 128891 568240 514490 598616 340337 246524 509650 456045 647518 1 583609 632978 258872 111753 336174 606470 718138 137662 121365 256549 375817 575423 359451 170645 453696 217725 486714 586051 282155 305075 631427 492434 411590 297712 82502 257131
 304791 373325 490760 514949 506643 401957 612705 496582 66677 128238 564942 412032 621556 721223 692157 178116 731144 150408 518509 337304 130330 232797 342539 583609 1 62692 784281 680654 472372 681249 505216 716647 694176 829478 840601 644999 409072 753889 338269 799432 329395 969522 752029 861838 320914 137741 900308 659257 598948 620379
 344100 333538 527921 513668 551897 420911 667463 502358 93414 137832 621215 466030 681758 750340 736957 160661 793663 121906 537890 386655 144745 295155 311487 632978 62692 1 841067 732968 492261 741496 553206 763665 740259 882222 900640 705562 471716 802346 343196 846842 328365 1031911 785633 916778 369109 157978 932499 720465 652936 650003
 799090 963119 869665 765548 793138 613527 180045 706702 754826 747733 638515 378057 537141 499754 273775 804647 401197 829423 594050 467289 736208 601619 900182 258872 784281 841067 1 153083 593828 543131 759884 231947 252436 119302 135351 525102 441119 200997 709366 224912 741712 357714 444586 94483 734582 718928 515494 204854 198828 486115
 748165 822485 848858 613014 782825 465422 83676 554266 642474 626559 652695 269383 571850 360747 135729 676963 477011 705848 441063 347468 615255 529369 759266 111753 680654 732968 153083 1 441950 593090 752065 105860 115176 149396 280667 566869 401047 104825 565326 152608 598410 499555 314425 193500 689952 597937 414328 254274 87552 335862
 709788 419959 878577 173110 853382 71385 431234 114206 407539 354430 811591 324695 794102 271065 360189 357792 794853 400895 46165 268671 347965 495688 359690 336174 472372 492261 593828 441950 1 841363 835300 403429 375348 567066 711275 804458 524817 449942 172935 476540 204359 915857 322527 626966 685410 336563 457585 604522 410165 179425
 483351 1021719 437091 992766 345774 811153 522841 941610 700774 738304 164473 518519 59747 913894 717050 813068 159729 809168 870571 578295 729345 453907 971992 606470 681249 741496 543131 593090 841363 1 313282 697576 700003 659810 471441 38372 323954 694677 847006 737228 865560 429332 887570 631896 419045 717945 1005258 345676 534237 847368
 220182 877879 124423 949011 34543 783008 669157 910118 550355 605608 149710 563034 271587 992962 845886 674052 454490 654065 875421 575003 600519 343856 842215 718138 505216 553206 759884 752065 835300 313282 1 842507 834692 861823 729537 297589 358698 856028 776551 904606 783424 735478 988453 854342 184418 595770 1127726 557778 671203 905142
 819940 809085 933554 566138 872111 441755 177890 509151 670771 645407 750520 320034 674443 267851 45643 686399 582827 720026 392023 379655 634650 593268 746192 137662 716647 763665 231947 105860 403429 697576 842507 1 28104 167102 366958 670509 485874 46515 549466 83340 583405 589182 214136 232380 765837 617739 308594 360133 172093 264399
 805312 781321 923142 538419 863719 413817 177400 481310 647172 620553 746860 302586 674638 248403 21419 660398 590164 694491 364260 357871 609888 577052 718468 121365 694176 740259 252436 115176 375348 700003 834692 28104 1 194265 386535 671846 476756 74611 521737 108731 555689 608209 199311 258645 752591 593065 305415 367189 168423 238608
 881186 963327 966825 732332 894272 599908 220716 674893 791858 775553 747300 417625 650765 422782 212669 824664 520242 854389 558137 496856 764287 669848 900110 256549 829478 882222 119302 149396 567066 659810 861823 167102 194265 1 240510 640182 525947 122589 704288 123597 737903 456819 359865 68445 819764 746985 408623 316711 231624 430919
 805791 1058317 847495 884271 763905 723211 281375 825284 820496 822623 593652 456490 479459 634536 407944 885589 315444 905421 715964 549552 811100 635005 996291 375817 840601 900640 135351 280667 711275 471441 729537 366958 386535 240510 1 461814 457665 336138 811783 357037 842717 222369 579931 185872 737738 794229 647093 189618 302364 616514
 455518 983743 422011 955033 331170 773526 494452 904113 663493 700467 148068 482291 27557 881832 688399 775234 159872 771750 834145 540684 691444 416682 933826 575423 644999 705562 525102 566869 804458 38372 297589 670509 671846 640182 461814 1 285811 669523 808722 713101 827210 438460 857159 615634 389769 679940 977260 324010 504960 813596
 357991 711616 448321 670222 387083 489387 317374 620476 408935 434055 293035 214524 271963 641528 487424 507720 328568 512012 557867 257321 423849 182879 658060 359451 409072 471716 441119 401047 524817 323954 358698 485874 476756 525947 457665 285811 1 502820 523404 552118 542867 561709 632056 532967 294343 410181 769440 268184 316585 559812
 844522 854872 951119 612277 886506 487890 186872 555435 709849 686491 757495 351002 675332 303862 91011 729282 572171 762142 438233 416599 675601 620913 791913 170645 753889 802346 200997 104825 449942 694677 856028 46515 74611 122589 336138 669523 502820 1 595219 49580 629132 558314 244829 189464 788308 658568 320559 351736 186269 308402
 615688 259657 796691 178935 788457 110981 532992 159294 271720 210570 784064 369959 793121 443877 509983 193076 832947 237408 212770 282977 207966 434736 196731 453696 338269 343196 709366 565326 172935 847006 776551 549466 521737 704288 811783 808722 523404 595219 1 628374 33977 998405 494724 757910 606786 202563 630355 673873 512669 351457
 894037 887629 1000370 633488 935254 519379 235591 577987 754009 728701 804295 399216 719792 302590 118399 769120 610329 803077 460670 462229 717960 670050 824996 217725 799432 846842 224912 152608 476540 737228 904606 83340 108731 123597 357037 713101 552118 49580 628374 1 662350 577101 237556 191624 837887 701060 290609 392493 235665 323020
 615417 225773 798299 185977 793940 144585 564720 176676 263703 201229 797111 397638 810812 474627 543959 172586 856484 216815 242424 308742 200459 444257 162789 486714 329395 328365 741712 598410 204359 865560 783424 583405 555689 737903 842717 827210 542867 629132 33977 662350 1 1027184 526755 791187 610351 197846 660926 701970 544525 383518
 866190 1232520 859791 1088634 769350 919394 486021 1029960 962264 975977 586418 630116 463945 856493 629628 1044872 281741 1057974 925125 721707 964798 743918 1172486 586051 969522 1031911 357714 499555 915857 429332 735478 589182 608209 456819 222369 438460 561709 558314 998405 577101 1027184 1 802299 394658 796805 948940 865434 326336 506902 834586
 923945 739420 1063667 443736 1014594 386101 367865 396449 693874 651647 917472 427391 857171 70428 178755 670589 786206 711416 289036 444688 642869 691860 680689 282155 752029 785633 444586 314425 322527 887570 988453 214136 199311 359865 579931 857159 632056 244829 494724 237556 526755 802299 1 428297 880572 628218 149311 563768 354242 143269
 890847 1015703 964051 794422 887614 655998 249316 736492 828248 816244 732068 450814 628744 491119 277992 868934 484857 896572 620402 535477 804827 688594 952466 305075 861838 916778 94483 193500 626966 631896 854342 232380 258645 68445 185872 615634 532967 189464 757910 191624 791187 394658 428297 1 827032 787483 472627 298461 264414 496778
 69521 693903 193221 783124 186912 626797 606893 748896 367968 425109 270298 456387 362553 874100 759808 491625 521326 470201 728338 442557 420850 192750 659557 631427 320914 369109 734582 689952 685410 419045 184418 765837 752591 819764 737738 389769 294343 788308 606786 837887 610351 796805 880572 827032 1 417604 1026380 550169 603232 779628
 418376 303822 602446 380961 603471 265582 540316 359607 71449 28814 626989 341359 659922 592363 588013 97669 738293 111225 382550 252203 17344 270135 255530 492434 137741 157978 718928 597937 336563 717945 595770 617739 593065 746985 794229 679940 410181 658568 202563 701060 197846 948940 628218 787483 417604 1 774706 625928 523594 492037
 1071306 864217 1207178 552959 1154943 525119 482812 513873 841330 797388 1048778 570964 979884 186524 289338 812367 890738 854161 418729 593296 788950 839089 808231 411590 900308 932499 515494 414328 457585 1005258 1127726 308594 305415 408623 647093 977260 769440 320559 630355 290609 660926 865434 149311 472627 1026380 774706 1 668452 473103 283674
 617630 906234 670802 774969 591473 600114 198565 717237 644688 653527 433692 304379 334057 601748 386360 720782 222982 736094 620125 395452 642187 447076 846151 297712 659257 720465 204854 254274 604522 345676 557778 360133 367189 316711 189618 324010 268184 351736 673873 392493 701970 326336 563768 298461 550169 625928 668452 1 215808 554616
 660900 764709 764903 583267 701225 421067 21079 524363 563922 552391 578874 186998 506869 387265 183780 607094 434704 633274 418228 271402 540932 441938 701884 82502 598948 652936 198828 87552 410165 534237 671203 172093 168423 231624 302364 504960 316585 186269 512669 235665 544525 506902 354242 264414 603232 523594 473103 215808 1 339569
 816429 597878 968554 314026 928377 243192 358428 261766 559750 514149 852404 345568 809137 100868 218806 529167 768500 570662 148520 337072 505932 587318 538448 257131 620379 650003 486115 335862 179425 847368 905142 264399 238608 430919 616514 813596 559812 308402 351457 323020 383518 834586 143269 496778 779628 492037 283674 554616 339569 1
LAMBDA_SECTION
1 987
2 245
3 186
4 827
5 718
6 555
7 881
8 22
9 40
10 499
11 918
12 36
13 568
14 307
15 795
16 985
17 634
18 374
19 995
20 767
21 530
22 111
23 835
24 28
25 169
26 825
27 137
28 178
29 505
30 636
31 626
32 419
33 350
34 591
35 310
36 895
37 324
38 259
39 369
40 554
41 742
42 163
43 875
44 347
45 280
46 307
47 269
48 77
49 281
50 196
