NAME : domp70p23v7
COMMENT : Cherkesly, Contardo & Gruson 2022
TYPE : DOMP
DIMENSION : 70
DISPLAY_DATA_TYPE : NO_DISPLAY
OPEN_FACILITIES : 23
COST_SECTION
 1 210509 750643 187350 762041 739387 542658 568888 418706 548373 406270 249032 539431 270406 464921 642735 370753 558116 348554 410188 139277 304803 472545 473612 349420 714829 694678 714908 428411 258729 125454 422262 141603 789199 470774 326089 412708 286524 38259 551830 488413 603953 560505 615021 100916 385375 415861 495701 653310 504087 430297 419028 474735 667938 169073 556056 370956 404290 345803 342279 194231 138828 97633 122451 556316 168157 427099 632892 514934 650766
 210509 1 637872 76850 562556 541901 407655 524853 318415 346096 484621 402213 329313 447903 295855 455999 520886 729731 406298 558388 347541 97332 406081 534969 274976 625884 621556 525925 256523 367836 291110 215585 339659 600871 260311 162895 366665 213675 242228 392277 548513 538302 359960 422631 289177 425026 483200 669937 443598 669342 444700 588084 265322 591371 210932 429249 460245 529988 335060 133277 399611 222049 238999 291548 417719 357695 485773 425619 585299 484640
 750643 637872 1 594307 828719 830495 233803 263264 911403 462717 1118870 711485 608228 781788 800005 836369 742957 921488 528557 1160048 865607 577230 1011412 529961 893511 91035 146367 868738 402057 626477 873899 639342 783680 920964 572210 476360 988079 842136 753392 879750 528178 199211 448215 792281 851362 1062885 541590 892355 650065 861575 1080609 827332 543327 142906 841023 966541 588987 685250 437384 619989 840607 840463 832591 716704 227409 915811 1123012 686465 1222058 925218
 187350 76850 594307 1 623113 604072 371626 459048 393121 364196 525247 338204 376055 390034 370691 524506 453396 665701 329584 575563 325849 134582 477705 458121 345320 573485 564196 592914 242220 296137 293919 274010 295787 667655 302270 139831 434351 281323 210109 467670 471666 477949 375366 488916 281823 475110 406491 607291 490635 603903 501519 524663 300448 534731 247367 506080 384755 457810 260622 191116 359100 246619 246115 238700 383708 351473 532112 478787 629972 558531
 762041 562556 828719 623113 1 28414 650187 895301 463327 384087 816522 961262 266858 1010212 322238 145903 1075527 1288806 919372 976832 886255 490906 526686 1031126 521415 879128 910148 93014 527890 914748 797552 349151 899412 98302 339747 559616 564728 541079 797898 284870 1041702 867683 393490 153466 813388 725475 991506 1230272 181288 1226771 691750 1147739 356873 882277 667568 374433 987161 1072943 809683 432348 956138 702875 748992 854098 644527 870582 785601 159123 865198 223962
 739387 541901 830495 604072 28414 1 646252 888660 435200 379970 788322 941927 255647 989793 295514 117604 1057115 1269656 904590 949181 862313 472967 498279 1018041 493806 878353 907901 67025 518546 897079 772490 330167 877467 90563 326503 545550 536402 514497 775536 256472 1028869 862895 390472 127468 788948 697256 977389 1210750 180520 1207970 663364 1128378 345328 879621 641972 346272 971579 1056051 796590 412993 933591 677597 724306 833273 641256 845465 757277 151072 836785 196822
 542658 407655 233803 371626 650187 646252 1 254702 678469 266317 891527 560528 402343 631140 573304 631409 624838 829774 408319 945882 669146 343467 778135 466433 659714 245468 264851 673853 169253 478361 661181 412778 601438 734446 353490 244904 754278 608808 552052 657840 471325 218298 256862 586715 643139 832172 452334 787850 469280 765319 848000 711837 325601 235273 614790 739718 481086 583741 289152 387120 663420 617783 616106 532940 16098 710705 893410 495826 992950 712696
 568888 524853 263264 459048 895301 888660 254702 1 837560 512823 967948 470817 636257 538322 766756 858873 485608 658317 280265 973537 660402 502801 929791 266703 799711 184863 142021 909117 375007 388356 693926 614942 565640 974288 575178 392637 891368 738153 560801 860108 265190 64295 505957 814712 664320 928851 280929 630401 716421 598809 959345 568039 550568 126493 696624 927046 332133 424514 223592 563533 615190 685051 662364 503999 265301 720899 981511 737634 1075845 929344
 418706 318415 911403 393121 463327 435200 678469 837560 1 500283 353353 665265 384351 688531 159630 317770 787942 975215 715765 517146 501001 340298 101120 846214 74283 916932 921268 383605 509422 656559 393847 288292 555833 446226 370229 450159 106078 132183 456312 182493 860273 843900 518349 316290 422754 262485 791886 912508 455049 922539 234591 837359 396556 890428 264037 141782 760891 814292 653326 291428 595368 303187 358843 539000 684010 460794 324263 409596 410565 274303
 548373 346096 462717 364196 384087 379970 266317 512823 500283 1 791995 672872 146056 735389 360256 373742 769841 986265 580044 895528 687643 248952 600334 675353 508169 501549 528590 409953 164696 606650 637105 212422 657825 468502 130077 240959 596118 478351 573964 426658 684027 483600 18074 329574 634511 714690 644372 934093 203803 921384 712224 851904 104372 499971 542607 521756 653200 749742 459613 242436 721886 562225 584803 596192 261392 703497 780583 229903 878926 463355
 406270 484621 1118870 525247 816522 788322 891527 967948 353353 791995 1 617212 707589 602149 505921 670760 721630 849306 752862 187178 377304 563913 304514 873707 303918 1097811 1085137 734795 739158 654088 290839 589982 478906 793278 670470 647365 253541 315204 425707 533341 888449 996320 809006 669171 328375 91156 816101 789669 795738 814502 137618 734968 690494 1056548 277943 462895 765898 775118 747842 550524 478942 283325 308951 507895 902039 305259 45860 754093 108678 616645
 249032 402213 711485 338204 961262 941927 560528 470817 665265 672872 617212 1 711166 71110 691678 858150 122815 327796 191363 556875 243357 471783 721559 275509 597605 649360 612378 928110 517105 85091 330438 612114 138444 1003048 636039 432515 661274 533489 213830 784465 289187 525312 679563 824648 291615 616927 223085 269105 824759 267182 667906 186478 629909 593083 417021 799684 164337 159352 277876 528997 159434 383578 332628 126734 576528 316195 647265 815992 722210 880949
 539431 329313 608228 376055 266858 255647 402343 636257 384351 146056 707589 711166 1 765827 230915 229654 820506 1036161 654593 834274 674410 241659 480242 764498 408141 643486 667099 273169 263426 657588 603523 124509 667342 338487 75644 294594 487097 394298 571521 284807 774964 614589 161920 185069 609879 623392 725739 979604 114774 972803 610941 896652 90016 637615 488785 383733 723744 812602 543136 197492 728415 516528 551279 614154 399820 674963 689346 109019 784081 317317
 270406 447903 781788 390034 1010212 989793 631140 538322 688531 735389 602149 71110 765827 1 729380 901273 120015 287974 258062 521723 225282 524610 736374 326723 618016 718377 680216 972289 582481 155936 326543 661709 135013 1047183 691423 494444 673720 556417 232413 819417 339301 594079 742860 869752 288263 612335 279181 225904 880169 234080 666680 148847 687166 661691 430821 826450 219609 182045 348962 578408 124404 394338 339872 157487 647114 296897 635878 868699 703636 917469
 464921 295855 800005 370691 322238 295514 573304 766756 159630 360256 505921 691678 230915 729380 1 184469 812783 1016206 698601 657112 577053 269118 250516 824762 203292 818132 830547 256705 406744 663273 481420 160792 606349 328631 232921 375533 265557 219007 502756 97584 837707 761859 378136 169068 501161 416549 775316 954890 295420 958073 393571 874810 261533 799727 348973 166601 755445 825410 613045 204468 657206 385902 435524 572291 575889 553875 480440 250337 569423 189458
 642735 455999 836369 524506 145903 117604 631409 858873 317770 373742 670760 858150 229654 901273 184469 1 976639 1185393 840280 832804 759771 401059 381846 960069 377817 873140 896259 72585 483884 820590 665692 259058 783092 146470 283702 489345 418827 402394 679916 139313 971879 841154 388209 44694 684618 579678 915349 1125141 210601 1125315 545977 1043694 308984 866580 533434 233675 903409 981908 740483 336236 836503 570229 619199 743824 629291 738255 639699 161882 719800 101627
 370753 520886 742957 453396 1075527 1057115 624838 485608 787942 769841 721630 122815 820506 120015 812783 976639 1 216733 219070 639800 344386 584659 842810 239767 719909 670280 626156 1045872 608659 163829 442269 726956 247879 1120719 744920 533420 781778 656066 334619 906237 249636 546663 774720 942035 403530 729158 206200 165425 932673 152470 782276 87046 736373 612036 537494 922492 154021 72760 335905 644423 244406 502913 450322 249031 640901 416500 754705 927089 823553 1002200
 558116 729731 921488 665701 1288806 1269656 829774 658317 975215 986265 849306 327796 1036161 287974 1016206 1185393 216733 1 421866 727272 490531 798593 1018500 391983 903825 840878 791250 1255643 824427 380546 599668 939707 419415 1330591 960667 750141 954515 843329 519980 1107048 395165 722278 990869 1152315 563621 875810 383941 62817 1148779 65192 933589 141702 952684 782774 714689 1113914 348694 246035 544155 856678 386770 676972 621374 444018 845660 553660 888429 1142139 940790 1204782
 348554 406298 528557 329584 919372 904590 408319 280265 715765 580044 752862 191363 654593 258062 698601 840280 219070 421866 1 724280 404520 439469 791242 130659 659160 461350 422197 904466 415393 112774 463400 581558 301407 977650 580016 360050 739175 592710 327232 796031 144983 336864 582092 800927 427936 733341 76907 379815 760694 357170 775701 305873 565717 404183 507849 834924 74392 176182 123507 505193 342627 484240 445973 250378 424282 472544 775445 763569 861201 884264
 410188 558388 1160048 575563 976832 949181 945882 973537 517146 895528 187178 556875 834274 521723 657112 832804 639800 727272 724280 1 319830 650888 484583 830453 455423 1124833 1103284 900368 812119 614574 286155 710901 424773 963174 785276 712137 427258 444798 413120 699634 844582 1012272 911132 825339 310640 269040 775270 672451 933186 703513 323202 632334 800640 1077142 352924 639547 718919 703536 750154 655137 399919 336347 329811 475145 958545 253312 232219 896233 233792 788984
 139277 347541 865607 325849 886255 862313 669146 660402 501001 687643 377304 243357 674410 225282 577053 759771 344386 490531 404520 319830 1 443192 531946 512398 427067 821015 794629 832356 565077 294930 110211 554506 106268 905388 607546 463213 466867 374017 118415 655945 526739 703619 699770 735908 78291 388830 456462 428290 787333 447237 444849 364195 612713 770151 237416 642677 401279 398872 439197 476933 104945 198147 143528 156952 683545 72983 410597 764185 480318 755640
 304803 97332 577230 134582 490906 472967 343467 502801 340298 248952 563913 471783 241659 524610 269118 401059 584659 798593 439469 650888 443192 1 437757 561405 316344 577346 580991 466639 178778 424114 388157 143668 426869 540681 168701 110731 410940 266367 334108 365839 573747 504747 263115 362625 386433 496136 514996 740831 356361 736140 506877 658029 170087 550142 299227 424760 502492 583590 345422 66360 488897 315279 335858 372523 350970 455026 559809 344387 659767 447805
 472545 406081 1011412 477705 526686 498279 778135 929791 101120 600334 304514 721559 480242 736374 250516 381846 842810 1018500 791242 484583 531946 437757 1 921857 132823 1015086 1017871 439628 609357 722743 421770 388837 601501 492886 470267 546464 65939 198810 508194 242740 936224 938876 618408 389796 455814 215996 866138 955723 542514 969627 169700 884499 496958 987116 305754 159392 830818 875779 738071 391535 632700 342140 397306 594974 784008 480495 266819 494876 338999 315474
 473612 534969 529961 458121 1031126 1018041 466433 266703 846214 675353 873707 275509 764498 326723 824762 960069 239767 391983 130659 830453 512398 561405 921857 1 789815 448944 399942 1022159 512305 219965 582917 701056 406285 1094282 691630 472993 869472 723360 448987 922336 14804 330884 674785 919498 545934 858968 57788 367456 865812 333756 903041 313156 674600 390797 636238 964121 111592 169685 221469 627678 434941 611091 570105 366118 481296 583545 898521 873282 981359 1008595
 349420 274976 893511 345320 521415 493806 659714 799711 74283 508169 303918 597605 408141 618016 203292 377817 719909 903825 659160 455423 427067 316344 132823 789815 1 891877 891987 446605 493017 593654 319609 297504 484472 512399 380392 421811 94601 66500 386489 248669 804122 811107 525970 370202 348880 216396 734397 841050 492072 852092 204486 766842 403947 861408 190621 216014 700383 749132 605448 279328 522359 229598 285425 470938 666841 386572 281869 450182 375962 344327
 714829 625884 91035 573485 879128 878353 245468 184863 916932 501549 1097811 649360 643486 718377 818132 873140 670280 840878 461350 1124833 821015 577346 1015086 448944 891877 1 55399 911460 411924 565216 839869 657897 732917 968129 598434 470083 986242 836355 713259 903303 445950 124497 489114 828539 814303 1047947 465780 814667 698280 782360 1070529 752901 570248 58431 820478 984293 516561 609303 383741 627285 786714 815752 802091 667823 245011 875913 1105594 730458 1203308 956961
 694678 621556 146367 564196 910148 907901 264851 142021 921268 528590 1085137 612378 667099 680216 830547 896259 626156 791250 422197 1103284 794629 580991 1017871 399942 891987 55399 1 937897 424140 529345 820120 671706 702982 996965 617272 471421 985792 834231 690340 918502 396095 91113 517446 851566 792762 1039222 420426 766928 728873 733697 1064712 707389 589784 30921 809315 995686 473294 563193 355439 634703 754484 802010 784779 639510 267616 852274 1095144 758466 1191750 976780
 714908 525925 868738 592914 93014 67025 673853 909117 383605 409953 734795 928110 273169 972289 256705 72585 1045872 1255643 904466 900368 832356 466639 439628 1022159 446605 911460 937897 1 534978 888607 738085 323235 855038 74950 336451 549614 481567 473805 751981 201560 1033621 887606 422515 104134 757181 643646 978846 1195663 222834 1195169 606856 1113976 359159 908852 605644 284414 968971 1049400 801518 403054 908792 642590 691737 814922 670290 810579 702020 182306 778626 131316
 428411 256523 402057 242220 527890 518546 169253 375007 509422 164696 739158 517105 263426 582481 406744 483884 608659 824427 415393 812119 565077 178778 609357 512305 493017 411924 424140 534978 1 446652 534930 247584 518895 601826 200183 102438 587357 445056 447164 494528 521475 359831 167085 439706 524040 674073 479944 773648 355426 759365 685651 692090 175861 393411 467455 572549 488696 585930 295060 217998 583369 476813 485463 453387 174653 593691 737122 368789 837079 556828
 258729 367836 626477 296137 914748 897079 478361 388356 656559 606650 654088 85091 657588 155936 663273 820590 163829 380546 112774 614574 294930 424114 722743 219965 593654 565216 529345 888607 446652 1 363249 567360 190127 963200 581952 369596 666187 527612 230948 758850 234632 441473 611945 784507 326041 642421 162789 327448 769284 316227 688849 245483 572843 509332 425998 784823 112610 162161 193257 485738 229908 397530 353132 146236 494422 364835 679788 764705 761544 852386
 125454 291110 873899 293919 797552 772490 661181 693926 393847 637105 290839 330438 603523 326543 481420 665692 442269 599668 463400 286155 110211 388157 421770 582917 319609 839869 820120 738085 534930 363249 1 480038 194534 809797 542399 433092 356657 270410 136724 554967 597649 729407 651068 645151 38881 287072 525356 537189 713174 554498 340238 470444 551953 793316 133617 535618 475155 489686 470550 409001 212931 95561 52654 217075 674215 73083 317758 685323 398496 654321
 422262 215585 639342 274010 349151 330167 412778 614942 288292 212422 589982 612114 124509 661709 160792 259058 726956 939707 581558 710901 554506 143668 388837 701056 297504 657897 671706 323235 247584 567360 480038 1 555073 397086 83036 232189 383898 274899 456094 247076 712933 605758 230444 219421 487824 508594 656390 881125 233494 877849 501987 798592 108313 640992 364288 327391 645739 727207 481923 83314 614263 392174 428037 506458 415147 551914 574738 210669 671612 315719
 141603 339659 783680 295787 899412 877467 601438 565640 555833 657825 478906 138444 667342 135013 606349 783092 247879 419415 301407 424773 106268 426869 601501 406285 484472 732917 702982 855038 518895 190127 194534 555073 1 929545 595532 421150 538720 424066 103597 693379 420583 612581 667812 754271 155721 481588 350617 356682 782051 368282 534398 283073 595660 679986 296172 694973 295059 296454 349182 472905 64499 259392 204869 68503 616639 178454 509599 765277 583767 792363
 789199 600871 920964 667655 98302 90563 734446 974288 446226 468502 793278 1003048 338487 1047183 328631 146470 1120719 1330591 977650 963174 905388 540681 492886 1094282 512399 968129 996965 74950 601826 963200 809797 397086 929545 1 405535 621355 539821 543461 826385 264100 1105560 950248 479599 178740 829762 702395 1051679 1270610 270910 1270094 662100 1188926 426712 968462 676856 334077 1042711 1123818 873268 477518 982923 714238 764151 889796 729888 882008 758505 238641 830607 177413
 470774 260311 572210 302270 339747 326503 353490 575178 370229 130077 670470 636039 75644 691423 232921 283702 744920 960667 580016 785276 607546 168701 470267 691630 380392 598434 617272 336451 200183 581952 542399 83036 595532 405535 1 220006 466860 355322 501594 307559 702389 558428 148149 239566 545902 590342 651786 904276 188817 897244 584847 821317 28981 587068 434685 397424 648691 737068 470161 133469 657343 459269 489795 540856 353472 612545 656456 183874 753806 359516
 326089 162895 476360 139831 559616 545550 244904 392637 450159 240959 647365 432515 294594 494444 375533 489345 533420 750141 360050 712137 463213 110731 546464 472993 421811 470083 471421 549614 102438 369596 433092 232189 421150 621355 220006 1 516161 366995 345641 470673 484206 394120 248930 447716 421649 587303 431928 696223 402479 685753 604309 613583 206266 440654 371965 534420 429318 520003 251939 171303 485612 378335 384166 357365 254825 491279 648544 403537 748146 546948
 412708 366665 988079 434351 564728 536402 754278 891368 106078 596118 253541 661274 487097 673720 265557 418827 781778 954515 739175 427258 466867 410940 65939 869472 94601 986242 985792 481567 587357 666187 356657 383898 538720 539821 466860 516161 1 153269 447487 280419 883984 904248 614078 420533 391238 162575 813111 891785 560934 906429 128739 821422 491762 955276 244321 212302 775626 816867 692779 372555 568256 279471 334005 535074 761332 414647 220875 515663 304646 363539
 286524 213675 842136 281323 541079 514497 608808 738153 132183 478351 315204 533489 394298 556417 219007 402394 656066 843329 592710 444798 374017 266367 198810 723360 66500 836355 834231 473805 445056 527612 270410 274899 424066 543461 355322 366995 153269 1 324143 284949 737680 751799 495658 387678 295871 236468 667904 780664 488908 790393 240842 705229 375861 803855 137123 271175 633994 683806 540628 239734 465296 176204 230609 407054 616900 340854 302252 451439 400968 384051
 38259 242228 753392 210109 797898 775536 552052 560801 456312 573964 425707 213830 571521 232413 502756 679916 334619 519980 327232 413120 118415 334108 508194 448987 386489 713259 690340 751981 447164 230948 136724 456094 103597 826385 501594 345641 447487 324143 1 590008 463775 599278 585401 651664 103816 411541 391230 457527 685816 466269 458971 381144 504162 664510 203199 594056 343555 370861 337245 375096 158423 170254 122397 88615 566248 162761 449539 666741 533978 688885
 551830 392277 879750 467670 284870 256472 657840 860108 182493 426658 533341 784465 284807 819417 97584 139313 906237 1107048 796031 699634 655945 365839 242740 922336 248669 903303 918502 201560 494528 758850 554967 247076 693379 264100 307559 470673 280419 284949 590008 1 935289 852672 443779 149591 578494 442186 872779 1045289 315893 1049927 406909 966071 336482 887843 421362 103808 852343 920864 710384 300469 741356 459952 512662 663143 659130 625794 501197 265710 580493 99709
 488413 548513 528178 471666 1041702 1028869 471325 265190 860273 684027 888449 289187 774964 339301 837707 971879 249636 395165 144983 844582 526739 573747 936224 14804 804122 445950 396095 1033621 521475 234632 597649 712933 420583 1105560 702389 484206 883984 737680 463775 935289 1 329481 683138 931131 560633 873771 72590 372802 875556 338137 917818 320968 685009 388039 650965 977725 125664 178578 232362 640061 448589 625873 584907 380814 486000 597987 913308 883647 996078 1021160
 603953 538302 199211 477949 867683 862895 218298 64295 843900 483600 996320 525312 614589 594079 761859 841154 546663 722278 336864 1012272 703619 504747 938876 330884 811107 124497 91113 887606 359831 441473 729407 605758 612581 950248 558428 394120 904248 751799 599278 852672 329481 1 474861 796602 701800 952257 343305 693597 687126 662458 979355 629988 532265 67892 721436 925145 392742 487043 264474 561812 664864 713026 694631 548723 226043 761167 1007275 712009 1103320 916610
 560505 359960 448215 375366 393490 390472 256862 505957 518349 18074 809006 679563 161920 742860 378136 388209 774720 990869 582092 911132 699770 263115 618408 674785 525970 489114 517446 422515 167085 611945 651068 230444 667812 479599 148149 248930 614078 495658 585401 443779 683138 474861 1 344264 647757 732055 645152 939338 212430 925883 729949 857382 122317 489168 558222 539309 655610 753009 460781 259024 732020 577256 598887 605472 251051 716918 797908 241402 896356 478930
 615021 422631 792281 488916 153466 127468 586715 814712 316290 329574 669171 824648 185069 869752 169068 44694 942035 1152315 800927 825339 735908 362625 389796 919498 370202 828539 851566 104134 439706 784507 645151 219421 754271 178740 239566 447716 420533 387678 651664 149591 931131 796602 344264 1 662044 578585 875569 1092558 175028 1091597 549007 1010695 264538 821887 514504 251281 865055 945267 699331 298921 809213 550180 597210 712561 584620 718095 640483 124771 724335 138915
 100916 289177 851362 281823 813388 788948 643139 664320 422754 634511 328375 291615 609879 288263 501161 684618 403530 563621 427936 310640 78291 386433 455814 545934 348880 814303 792762 757181 524040 326041 38881 487824 155721 829762 545902 421649 391238 295871 103816 578494 560633 701800 647757 662044 1 325931 488505 500994 721308 517364 378822 433011 553498 766517 159136 564406 437570 450835 440729 413306 177036 119869 65871 179819 656650 69749 356204 695762 435525 678145
 385375 425026 1062885 475110 725475 697256 832172 928851 262485 714690 91156 616927 623392 612335 416549 579678 729158 875810 733341 269040 388830 496136 215996 858968 216396 1047947 1039222 643646 674073 642421 287072 508594 481588 702395 590342 587303 162575 236468 411541 442186 873771 952257 732055 578585 325931 1 801204 814430 708297 835452 60842 752945 611782 1009831 232479 373091 755026 776277 713793 475758 493681 249718 289303 498629 841684 322221 66145 665727 164610 525988
 415861 483200 541590 406491 991506 977389 452334 280929 791886 644372 816101 223085 725739 279181 775316 915349 206200 383941 76907 775270 456462 514996 866138 57788 734397 465780 420426 978846 479944 162789 525356 656390 350617 1051679 651786 431928 813111 667904 391230 872779 72590 343305 645152 875569 488505 801204 1 350972 829888 321791 845426 287168 636296 407378 578887 911739 59606 143741 184962 580946 382111 553455 512318 308729 467831 527159 840768 834750 923836 960641
 495701 669937 892355 607291 1230272 1210750 787850 630401 912508 934093 789669 269105 979604 225904 954890 1125141 165425 62817 379815 672451 428290 740831 955723 367456 841050 814667 766928 1195663 773648 327448 537189 881125 356682 1270610 904276 696223 891785 780664 457527 1045289 372802 693597 939338 1092558 500994 814430 350972 1 1092764 41970 871927 82962 897152 756271 651873 1051339 309037 208036 499771 797946 324260 614158 558571 382600 803858 492210 828244 1084906 882598 1143229
 653310 443598 650065 490635 181288 180520 469280 716421 455049 203803 795738 824759 114774 880169 295420 210601 932673 1148779 760694 933186 787333 356361 542514 865812 492072 698280 728873 222834 355426 769284 713174 233494 782051 270910 188817 402479 560934 488908 685816 315893 875556 687126 212430 175028 721308 708297 829888 1092764 1 1085104 688612 1009803 196612 700991 594110 419695 831288 922367 645612 311035 842973 623930 661347 728880 463367 785264 773281 50595 864207 311791
 504087 669342 861575 603903 1226771 1207970 765319 598809 922539 921384 814502 267182 972803 234080 958073 1125315 152470 65192 357170 703513 447237 736140 969627 333756 852092 782360 733697 1195169 759365 316227 554498 877849 368282 1270094 897244 685753 906429 790393 466269 1049927 338137 662458 925883 1091597 517364 835452 321791 41970 1085104 1 892042 85261 888836 724070 664453 1060054 284382 181810 479185 795010 342351 627495 572455 387059 781235 513719 852010 1079159 909555 1147083
 430297 444700 1080609 501519 691750 663364 848000 959345 234591 712224 137618 667906 610941 666680 393571 545977 782276 933589 775701 323202 444849 506877 169700 903041 204486 1070529 1064712 606856 685651 688849 340238 501987 534398 662100 584847 604309 128739 240842 458971 406909 917818 979355 729949 549007 378822 60842 845426 871927 688612 892042 1 808965 608150 1034851 268742 329079 801224 827106 748479 478867 549790 291983 336745 547076 856585 380017 97328 643883 175974 484765
 419028 588084 827332 524663 1147739 1128378 711837 568039 837359 851904 734968 186478 896652 148847 874810 1043694 87046 141702 305873 632334 364195 658029 884499 313156 766842 752901 707389 1113976 692090 245483 470444 798592 283073 1188926 821317 613583 821422 705229 381144 966071 320968 629988 857382 1010695 433011 752945 287168 82962 1009803 85261 808965 1 814216 694516 579236 975064 238810 144482 422828 715469 259276 542360 487420 302934 727904 432112 771472 1002024 832073 1063561
 474735 265322 543327 300448 356873 345328 325601 550568 396556 104372 690494 629909 90016 687166 261533 308984 736373 952684 565717 800640 612713 170087 496958 674600 403947 570248 589784 359159 175861 572843 551953 108313 595660 426712 28981 206266 491762 375861 504162 336482 685009 532265 122317 264538 553498 611782 636296 897152 196612 888836 608150 814216 1 559688 448651 426313 635534 725850 453306 145695 658257 471448 499302 538948 325240 621048 677801 198690 775730 387109
 667938 591371 142906 534731 882277 879621 235273 126493 890428 499971 1056548 593083 637615 661691 799727 866580 612036 782774 404183 1077142 770151 550142 987116 390797 861408 58431 30921 908852 393411 509332 793316 640992 679986 968462 587068 440654 955276 803855 664510 887843 388039 67892 489168 821887 766517 1009831 407378 756271 700991 724070 1034851 694516 559688 1 780328 964815 458413 550879 331347 603783 732617 773582 757252 615752 238663 826777 1066089 729872 1162939 946583
 169073 210932 841023 247367 667568 641972 614790 696624 264037 542607 277943 417021 488785 430821 348973 533434 537494 714689 507849 352924 237416 299227 305754 636238 190621 820478 809315 605644 467455 425998 133617 364288 296172 676856 434685 371965 244321 137123 203199 421362 650965 721436 558222 514504 159136 232479 578887 651873 594110 664453 268742 579236 448651 780328 1 405493 537276 573295 481524 302958 331788 39270 94827 291084 625754 205186 285860 562602 382844 520759
 556056 429249 966541 506080 374433 346272 739718 927046 141782 521756 462895 799684 383733 826450 166601 233675 922492 1113914 834924 639547 642677 424760 159392 964121 216014 984293 995686 284414 572549 784823 535618 327391 694973 334077 397424 534420 212302 271175 594056 103808 977725 925145 539309 251281 564406 373091 911739 1051339 419695 1060054 329079 975064 426313 964815 405493 1 885242 944878 760657 363790 736214 444710 500209 674406 742446 602201 426098 369475 496573 156843
 370956 460245 588987 384755 987161 971579 481086 332133 760891 653200 765898 164337 723744 219609 755445 903409 154021 348694 74392 718919 401279 502492 830818 111592 700383 516561 473294 968971 488696 112610 475155 645739 295059 1042711 648691 429318 775626 633994 343555 852343 125664 392742 655610 865055 437570 755026 59606 309037 831288 284382 801224 238810 635534 458413 537276 885242 1 102659 197899 567269 323703 509635 465730 258126 496967 472806 792147 832532 873021 942971
 404290 529988 685250 457810 1072943 1056051 583741 424514 814292 749742 775118 159352 812602 182045 825410 981908 72760 246035 176182 703536 398872 583590 875779 169685 749132 609303 563193 1049400 585930 162161 489686 727207 296454 1123818 737068 520003 816867 683806 370861 920864 178578 487043 753009 945267 450835 776277 143741 208036 922367 181810 827106 144482 725850 550879 573295 944878 102659 1 299236 646347 304367 541111 491266 282369 599625 471806 806024 920723 879131 1014546
 345803 335060 437384 260622 809683 796590 289152 223592 653326 459613 747842 277876 543136 348962 613045 740483 335905 544155 123507 750154 439197 345422 738071 221469 605448 383741 355439 801518 295060 193257 470550 481923 349182 873268 470161 251939 692779 540628 337245 710384 232362 264474 460781 699331 440729 713793 184962 499771 645612 479185 748479 422828 453306 331347 481524 760657 197899 299236 1 411691 403922 466461 440401 284412 305239 497888 763677 651993 856214 793062
 342279 133277 619989 191116 432348 412993 387120 563533 291428 242436 550524 528997 197492 578408 204468 336236 644423 856678 505193 655137 476933 66360 391535 627678 279328 627285 634703 403054 217998 485738 409001 83314 472905 477518 133469 171303 372555 239734 375096 300469 640061 561812 259024 298921 413306 475758 580946 797946 311035 795010 478867 715469 145695 603783 302958 363790 567269 646347 411691 1 532811 326212 356425 423337 392587 479424 541145 292390 640367 381455
 194231 399611 840607 359100 956138 933591 663420 615190 595368 721886 478942 159434 728415 124404 657206 836503 244406 386770 342627 399919 104945 488897 632700 434941 522359 786714 754484 908792 583369 229908 212931 614263 64499 982923 657343 485612 568256 465296 158423 741356 448589 664864 732020 809213 177036 493681 382111 324260 842973 342351 549790 259276 658257 732617 331788 736214 323703 304367 403922 532811 1 293103 237158 131447 678761 173992 513803 824840 579541 840856
 138828 222049 840463 246619 702875 677597 617783 685051 303187 562225 283325 383578 516528 394338 385902 570229 502913 676972 484240 336347 198147 315279 342140 611091 229598 815752 802010 642590 476813 397530 95561 392174 259392 714238 459269 378335 279471 176204 170254 459952 625873 713026 577256 550180 119869 249718 553455 614158 623930 627495 291983 542360 471448 773582 39270 444710 509635 541111 466461 326212 293103 1 55945 258824 629466 168062 297216 594085 390833 559451
 97633 238999 832591 246115 748992 724306 616106 662364 358843 584803 308951 332628 551279 339872 435524 619199 450322 621374 445973 329811 143528 335858 397306 570105 285425 802091 784779 691737 485463 353132 52654 428037 204869 764151 489795 384166 334005 230609 122397 512662 584907 694631 598887 597210 65871 289303 512318 558571 661347 572455 336745 487420 499302 757252 94827 500209 465730 491266 440401 356425 237158 55945 1 210335 628735 123931 329517 634186 417627 612326
 122451 291548 716704 238700 854098 833273 532940 503999 539000 596192 507895 126734 614154 157487 572291 743824 249031 444018 250378 475145 156952 372523 594974 366118 470938 667823 639510 814922 453387 146236 217075 506458 68503 889796 540856 357365 535074 407054 88615 663143 380814 548723 605472 712561 179819 498629 308729 382600 728880 387059 547076 302934 538948 615752 291084 674406 258126 282369 284412 423337 131447 258824 210335 1 548152 222446 534125 715002 615308 760764
 556316 417719 227409 383708 644527 641256 16098 265301 684010 261392 902039 576528 399820 647114 575889 629291 640901 845660 424282 958545 683545 350970 784008 481296 666841 245011 267616 670290 174653 494422 674215 415147 616639 729888 353472 254825 761332 616900 566248 659130 486000 226043 251051 584620 656650 841684 467831 803858 463367 781235 856585 727904 325240 238663 625754 742446 496967 599625 305239 392587 678761 629466 628735 548152 1 724429 903286 491266 1002941 712014
 168157 357695 915811 351473 870582 845465 710705 720899 460794 703497 305259 316195 674963 296897 553875 738255 416500 553660 472544 253312 72983 455026 480495 583545 386572 875913 852274 810579 593691 364835 73083 551914 178454 882008 612545 491279 414647 340854 162761 625794 597987 761167 716918 718095 69749 322221 527159 492210 785264 513719 380017 432112 621048 826777 205186 602201 472806 471806 497888 479424 173992 168062 123931 222446 724429 1 339832 757986 407505 724860
 427099 485773 1123012 532112 785601 757277 893410 981511 324263 780583 45860 647265 689346 635878 480440 639699 754705 888429 775445 232219 410597 559809 266819 898521 281869 1105594 1095144 702020 737122 679788 317758 574738 509599 758505 656456 648544 220875 302252 449539 501197 913308 1007275 797908 640483 356204 66145 840768 828244 773281 852010 97328 771472 677801 1066089 285860 426098 792147 806024 763677 541145 513803 297216 329517 534125 903286 339832 1 730203 99972 581318
 632892 425619 686465 478787 159123 151072 495826 737634 409596 229903 754093 815992 109019 868699 250337 161882 927089 1142139 763569 896233 764185 344387 494876 873282 450182 730458 758466 182306 368789 764705 685323 210669 765277 238641 183874 403537 515663 451439 666741 265710 883647 712009 241402 124771 695762 665727 834750 1084906 50595 1079159 643883 1002024 198690 729872 562602 369475 832532 920723 651993 292390 824840 594085 634186 715002 491266 757986 730203 1 819757 262419
 514934 585299 1222058 629972 865198 836785 992950 1075845 410565 878926 108678 722210 784081 703636 569423 719800 823553 940790 861201 233792 480318 659767 338999 981359 375962 1203308 1191750 778626 837079 761544 398496 671612 583767 830607 753806 748146 304646 400968 533978 580493 996078 1103320 896356 724335 435525 164610 923836 882598 864207 909555 175974 832073 775730 1162939 382844 496573 873021 879131 856214 640367 579541 390833 417627 615308 1002941 407505 99972 819757 1 653404
 650766 484640 925218 558531 223962 196822 712696 929344 274303 463355 616645 880949 317317 917469 189458 101627 1002200 1204782 884264 788984 755640 447805 315474 1008595 344327 956961 976780 131316 556828 852386 654321 315719 792363 177413 359516 546948 363539 384051 688885 99709 1021160 916610 478930 138915 678145 525988 960641 1143229 311791 1147083 484765 1063561 387109 946583 520759 156843 942971 1014546 793062 381455 840856 559451 612326 760764 712014 724860 581318 262419 653404 1
LAMBDA_SECTION
1 120
2 147
3 769
4 811
5 879
6 216
7 356
8 845
9 691
10 107
11 575
12 49
13 326
14 880
15 672
16 976
17 509
18 132
19 520
20 273
21 813
22 421
23 998
24 370
25 219
26 3
27 769
28 221
29 982
30 589
31 524
32 792
33 348
34 924
35 274
36 894
37 233
38 833
39 885
40 362
41 650
42 16
43 226
44 36
45 508
46 322
47 954
48 806
49 845
50 954
51 270
52 194
53 258
54 985
55 512
56 722
57 497
58 635
59 350
60 276
61 692
62 203
63 520
64 423
65 74
66 920
67 25
68 311
69 492
70 437
