NAME : domp50p25v6
COMMENT : Cherkesly, Contardo & Gruson 2022
TYPE : DOMP
DIMENSION : 50
DISPLAY_DATA_TYPE : NO_DISPLAY
OPEN_FACILITIES : 25
COST_SECTION
 1 757294 277871 347316 374611 415241 300882 243301 867252 430513 339745 295845 171585 333982 491860 709986 437919 449695 301746 529005 212572 695660 478191 232692 202988 321720 461159 430413 350144 314923 500952 468458 435818 447281 801551 243204 431265 314006 506163 498277 430219 582139 798912 527762 92907 168021 804752 965391 113211 192719
 757294 1 935089 628210 1104772 530626 457682 804727 122954 442748 432594 968049 834951 871361 276530 363523 782754 313639 1054805 831064 797697 359626 746028 951152 898202 650466 614552 334438 626123 1064406 652985 453923 391732 830915 350946 534756 472203 1064316 274901 548401 354697 584598 93601 288869 849869 847826 631555 254112 833864 949577
 277871 935089 1 349037 198441 456467 516229 497938 1054803 519591 505034 34689 114028 136969 658702 961725 313235 623975 230010 795377 467843 766245 752027 380830 394428 599580 738672 643167 627820 218522 778817 535911 554707 708838 1047455 492608 695436 221911 661530 507358 658818 564332 953729 757556 233679 390943 778169 1169370 166234 225315
 347316 628210 349037 1 544971 109001 323626 567928 751126 186744 249103 383634 288692 250777 366059 755678 170845 345083 542889 808586 540031 417354 736255 573798 549997 560944 663524 409091 572422 541136 714982 191078 237034 743292 822894 369052 554092 543096 357682 164356 446253 238939 629036 530370 401391 514415 462946 877545 334676 474854
 374611 1104772 198441 544971 1 650752 662497 524314 1221157 707822 672346 165326 272481 328189 829260 1084487 505792 791135 115796 816499 499284 960862 793195 347240 387459 669755 812137 793281 702832 91287 843155 728223 737281 725791 1176128 616718 803905 95509 836052 705166 799733 762683 1131830 898487 290266 408821 975156 1328215 274828 209780
 415241 530626 456467 109001 650752 1 301583 611402 653417 90285 206259 491141 387863 359142 283293 695144 252451 272077 641551 822519 586205 310127 744059 647525 616574 571789 655160 354366 576719 641637 707879 82638 148744 766458 753675 370484 528196 643296 268935 88699 398559 178134 524876 470120 482855 575859 392982 782911 424777 565051
 300882 457682 516229 323626 662497 301583 1 381043 566373 249323 101642 545413 405179 495654 205638 453229 490037 162311 601416 532611 365509 469894 450060 498294 448383 285709 353917 130901 283401 612914 406726 297815 214203 488457 533802 93601 230959 612409 227552 384446 142979 471516 505703 241350 393777 398444 661661 666662 387688 493600
 243301 804727 497938 567928 524314 611402 381043 1 894277 597950 466624 506382 406404 574805 583989 641153 678350 541419 416320 298843 30903 845756 268942 199538 144365 180240 308698 476436 215095 438796 328579 643630 581408 210973 739006 287893 364074 435598 607830 699645 450086 788201 868842 526509 264652 115643 1003160 964429 336275 315599
 867252 122954 1054803 751126 1221157 653417 566373 894277 1 565692 550540 1087443 952903 993661 396353 369040 905396 431260 1167097 886087 890218 463041 804510 1051614 997059 730224 673833 438177 702534 1177679 705752 576185 514518 897196 323910 636789 544218 1177394 396749 668969 449611 700903 161289 368027 960138 946877 728137 135953 948571 1059966
 430513 442748 519591 186744 707822 90285 249323 597950 565692 1 147720 554107 437585 435512 193798 610409 341991 186299 685867 781397 575734 265887 699348 661789 624264 532594 600177 276222 532422 688820 652993 48530 59617 733221 665875 331839 463712 689976 178660 145710 323393 226448 442633 387023 509055 579557 413778 693991 462234 599166
 339745 432594 505034 249103 672346 206259 101642 466624 550540 147720 1 537270 402499 457938 157121 506787 419874 119285 627336 634107 447533 379162 551701 558953 514314 386263 453550 160262 384962 635246 506404 196189 115911 588174 576530 187842 322087 635465 167352 285476 197862 371299 463095 282048 429095 466196 560264 664637 403461 526990
 295845 968049 34689 383634 165326 491141 545413 506382 1087443 554107 537270 1 140590 165055 691567 988348 342660 656379 207415 804934 476842 800883 764822 376832 395421 616531 756866 673266 645762 193442 795638 570595 588791 717260 1075064 518101 719234 197162 694858 541517 687593 597461 987570 786537 241976 396348 810090 1201170 182693 218738
 171585 834951 114028 288692 272481 387863 405179 406404 952903 437585 402499 140590 1 170962 558671 848155 312156 521752 254328 698796 375585 695910 649736 326849 324905 491551 628728 533705 518428 253777 670438 461417 464982 615063 934527 378618 581526 255443 564325 453020 547123 522744 859655 646124 154622 309464 744721 1064067 73190 195038
 333982 871361 136969 250777 328189 359142 495654 574805 993661 435512 457938 165055 170962 1 600071 948856 177769 571369 366509 862652 543904 661790 808295 492734 495019 642584 773181 611400 665861 355488 818562 441641 480529 781207 1027339 497431 703414 358859 596988 394171 636734 440611 877978 731863 324997 480381 647981 1115875 244068 346800
 491860 276530 658702 366059 829260 283293 205638 583989 396353 193798 157121 691567 558671 600071 1 423213 531272 43432 783731 693962 570047 294712 607023 701785 653179 464879 487940 130567 452125 792052 538170 224564 134561 666182 473189 296611 336085 792203 30376 331007 179323 397276 307290 208289 582938 603488 534517 515814 560428 681745
 709986 363523 961725 755678 1084487 695144 453229 641153 369040 610409 506787 988348 848155 948856 423213 1 926520 424120 1002331 547160 648230 667696 475334 830230 772245 461003 356312 346596 426565 1019081 372002 646430 551290 579037 97915 471021 285325 1017440 447526 752845 313244 820287 457087 225817 796145 726559 935875 370639 816013 889347
 437919 782754 313235 170845 505792 252451 490037 678350 905396 341991 419874 342660 312156 177769 531272 926520 1 513544 540154 944187 648244 521131 878185 636676 627394 703960 817892 579930 720034 530840 867921 329825 398258 871284 993213 524278 718382 533993 519677 251997 616618 276585 772483 701189 460407 602273 472959 1035342 380277 505246
 449695 313639 623975 345083 791135 272077 162311 541419 431260 186299 119285 656379 521752 571369 43432 424120 513544 1 743155 659421 527104 327160 572940 658437 609751 426240 457084 102320 415097 751957 508242 224208 127439 628520 481936 253756 307524 752011 67064 329895 152682 402859 349222 201355 541148 560056 555219 546582 520755 640222
 301746 1054805 230010 542889 115796 641551 601416 416320 1167097 685867 627336 207415 254328 366509 783731 1002331 540154 743155 1 704282 393161 947847 684932 232512 275795 571293 712570 731668 605419 24511 740402 713082 706737 613474 1096329 543505 718237 20367 794372 707124 731803 774662 1090430 828893 209633 302117 994626 1267050 225595 112984
 529005 831064 795377 808586 816499 822519 532611 298843 886087 781397 634107 804934 698796 862652 693962 547160 944187 659421 704282 1 328095 986568 87406 473590 429055 250731 216917 564137 249254 727907 180353 829924 745535 90811 636917 452410 367291 724298 723473 909762 518473 998774 914643 546955 562983 412475 1194267 915154 631387 610968
 212572 797697 467843 540031 499284 586205 365509 30903 890218 575734 447533 476842 375585 543904 570047 648230 648244 527104 393161 328095 1 826558 294388 184439 127093 189809 324565 466703 225132 415136 348168 620817 561436 241014 745838 273450 367427 412094 592988 674167 443191 762389 859331 523439 234915 91044 978589 964201 305648 289834
 695660 359626 766245 417354 960862 310127 469894 845756 463041 265887 379162 800883 695910 661790 294712 667696 521131 327160 947847 986568 826558 1 900090 925739 885977 750241 782590 425180 741247 949308 832878 234768 265719 953465 687089 562765 630732 950748 264511 270571 473963 262321 303556 485863 774930 839743 273807 598368 726239 864323
 478191 746028 752027 736255 793195 744059 450060 268942 804510 699348 551701 764822 649736 808295 607023 475334 878185 572940 684932 87406 294388 900090 1 461234 410357 175346 131565 477018 167491 707600 103338 747857 661699 107435 568367 373670 280092 704347 636634 830481 431133 919045 828671 460617 524189 384381 1111170 839346 586042 584099
 232692 951152 380830 573798 347240 647525 498294 199538 1051614 661789 558953 376832 326849 492734 701785 830230 636676 658437 232512 473590 184439 925739 461234 1 57997 374151 507821 616731 409480 256696 527801 700772 662820 382885 927454 416400 546779 252809 720202 729359 602114 811490 1003851 690376 176947 105753 1035017 1134450 256444 158587
 202988 898202 394428 549997 387459 616574 448383 144365 997059 624264 514314 395421 324905 495019 653179 772245 627394 609751 275795 429055 127093 885977 410357 57997 1 316505 451325 563848 351827 299130 472885 665120 621357 338332 869490 363798 488932 295624 672717 700715 547451 785063 952979 634409 170284 50378 1007390 1078175 251922 184930
 321720 650466 599580 560944 669755 571789 285709 180240 730224 532594 386263 616531 491551 642584 464879 461003 703960 426240 571293 250731 189809 750241 175346 374151 316505 1 142526 341105 35329 591538 179240 581046 499892 203407 558886 201920 188777 589003 492724 659104 303533 748199 722979 363697 384337 275177 946238 791475 434099 461554
 461159 614552 738672 663524 812137 655160 353917 308698 673833 600177 453550 756866 628728 773181 487940 356312 817892 457084 712570 216917 324565 782590 131565 507821 451325 142526 1 357412 111160 733177 52855 648109 556756 225879 452513 294715 153455 730549 518083 738288 309160 824830 697729 330151 526707 413508 1005926 713265 574181 603581
 430413 334438 643167 409091 793281 354366 130901 476436 438177 276222 160262 673266 533705 611400 130567 346596 579930 102320 731668 564137 466703 425180 477018 616731 563848 341105 357412 1 325340 743518 407843 318903 221096 539635 417436 200332 206120 742950 160672 421924 50365 499518 392651 121998 523273 513470 657512 535831 518511 622973
 350144 626123 627820 572422 702832 576719 283401 215095 702534 532422 384962 645762 518428 665861 452125 426565 720034 415097 605419 249254 225132 741247 167491 409480 351827 35329 111160 325340 1 625441 152772 580950 496384 214324 524475 206606 158822 622968 480752 663005 284655 751556 700917 337922 416110 310288 945031 760573 463091 495194
 314923 1064406 218522 541136 91287 641637 612914 438796 1177679 688820 635246 193442 253777 355488 792052 1019081 530840 751957 24511 727907 415136 949308 707600 256696 299130 591538 733177 743518 625441 1 761776 714619 711613 637110 1112594 557694 735591 4563 801856 704994 745088 770562 1098180 842668 224041 324127 989278 1279253 231975 130840
 500952 652985 778817 714982 843155 707879 406726 328579 705752 652993 506404 795638 670438 818562 538170 372002 867921 508242 740402 180353 348168 832878 103338 527801 472885 179240 52855 407843 152772 761776 1 700897 609316 208656 465188 345947 202312 758929 568415 791121 358967 877685 738283 372930 561516 438832 1058258 736845 613299 633614
 468458 453923 535911 191078 728223 82638 297815 643630 576185 48530 196189 570595 461417 441641 224564 646430 329825 224208 713082 829924 620817 234768 747857 700772 665120 581046 648109 318903 580950 714619 700897 1 97879 781461 697539 380110 510322 716030 204554 106510 367177 180860 443715 425500 543535 621398 365486 707471 491984 630789
 435818 391732 554707 237034 737281 148744 214203 581408 514518 59617 115911 588791 464982 480529 134561 551290 398258 127439 706737 745535 561436 265719 661699 662820 621357 499892 556756 221096 496384 711613 609316 97879 1 702607 606259 303479 415393 712417 121491 202609 269661 278440 399740 328684 519941 574569 449881 640535 481272 614034
 447281 830915 708838 743292 725791 766458 488457 210973 897196 733221 588174 717260 615063 781207 666182 579037 871284 628520 613474 90811 241014 953465 107435 382885 338332 203407 225879 539635 214324 637110 208656 781461 702607 1 673342 401383 358847 633495 694573 854752 498120 944234 909652 542362 475622 323009 1146946 939122 546220 520735
 801551 350946 1047455 822894 1176128 753675 533802 739006 323910 665875 576530 1075064 934527 1027339 473189 97915 993213 481936 1096329 636917 745838 687089 568367 927454 869490 558886 452513 417436 524475 1112594 465188 697539 606259 673342 1 560300 381502 1111070 493709 803762 391138 864616 441145 295791 889067 823472 959934 295068 905639 983391
 243204 534756 492608 369052 616718 370484 93601 287893 636789 331839 187842 518101 378618 497431 296611 471021 524278 253756 543505 452410 273450 562765 373670 416400 363798 201920 294715 200332 206606 557694 345947 380110 303479 401383 560300 1 206249 556609 319970 457387 190001 546366 589862 285552 333923 313439 745588 727079 345370 432024
 431265 472203 695436 554092 803905 528196 230959 364074 544218 463712 322087 719234 581526 703414 336085 285325 718382 307524 718237 367291 367427 630732 280092 546779 488932 188777 153455 206120 158822 735591 202312 510322 415393 358847 381502 206249 1 733796 366386 606548 156772 690144 551225 183516 514062 442258 860967 602717 541101 605315
 314006 1064316 221911 543096 95509 643296 612409 435598 1177394 689976 635465 197162 255443 358859 792203 1017440 533993 752011 20367 724298 412094 950748 704347 252809 295624 589003 730549 742950 622968 4563 758929 716030 712417 633495 1111070 556609 733796 1 802172 707035 744216 772932 1098459 841695 222814 321065 991859 1278633 232369 128750
 506163 274901 661530 357682 836052 268935 227552 607830 396749 178660 167352 694858 564325 596988 30376 447526 519677 67064 794372 723473 592988 264511 636634 720202 672717 492724 518083 160672 480752 801856 568415 204554 121491 694573 493709 319970 366386 802172 1 310281 209643 372965 296407 236237 596212 623360 505011 520277 569899 694313
 498277 548401 507358 164356 705166 88699 384446 699645 668969 145710 285476 541517 453020 394171 331007 752845 251997 329895 707124 909762 674167 270571 830481 729359 700715 659104 738288 421924 663005 704994 791121 106510 202609 854752 803762 457387 606548 707035 310281 1 468991 89518 527330 531236 560888 661247 306781 802492 497617 638113
 430219 354697 658818 446253 799733 398559 142979 450086 449611 323393 197862 687593 547123 636734 179323 313244 616618 152682 731803 518473 443191 473963 431133 602114 547451 303533 309160 50365 284655 745088 358967 367177 269661 498120 391138 190001 156772 744216 209643 468991 1 548004 421115 99151 522248 497269 707875 537082 525351 621111
 582139 584598 564332 238939 762683 178134 471516 788201 700903 226448 371299 597461 522744 440611 397276 820287 276585 402859 774662 998774 762389 262321 919045 811490 785063 748199 824830 499518 751556 770562 877685 180860 278440 944234 864616 546366 690144 772932 372965 89518 548004 1 549854 603114 640218 746843 224015 836441 573047 712716
 798912 93601 953729 629036 1131830 524876 505703 868842 161289 442633 463095 987570 859655 877978 307290 457087 772483 349222 1090430 914643 859331 303556 828671 1003851 952979 722979 697729 392651 700917 1098180 738283 443715 399740 909652 441145 589862 551225 1098459 296407 527330 421115 549854 1 368265 890202 902744 566849 295292 866251 989030
 527762 288869 757556 530370 898487 470120 241350 526509 368027 387023 282048 786537 646124 731863 208289 225817 701189 201355 828893 546955 523439 485863 460617 690376 634409 363697 330151 121998 337922 842668 372930 425500 328684 542362 295791 285552 183516 841695 236237 531236 99151 603114 368265 1 619262 584773 739896 444305 624294 717575
 92907 849869 233679 401391 290266 482855 393777 264652 960138 509055 429095 241976 154622 324997 582938 796145 460407 541148 209633 562983 234915 774930 524189 176947 170284 384337 526707 523273 416110 224041 561516 543535 519941 475622 889067 333923 514062 222814 596212 560888 522248 640218 890202 619262 1 158213 864218 1058017 81712 99831
 168021 847826 390943 514415 408821 575859 398444 115643 946877 579557 466196 396348 309464 480381 603488 726559 602273 560056 302117 412475 91044 839743 384381 105753 50378 275177 413508 513470 310288 324127 438832 621398 574569 323009 823472 313439 442258 321065 623360 661247 497269 746843 902744 584773 158213 1 968006 1028761 236622 199961
 804752 631555 778169 462946 975156 392982 661661 1003160 728137 413778 560264 810090 744721 647981 534517 935875 472959 555219 994626 1194267 978589 273807 1111170 1035017 1007390 946238 1005926 657512 945031 989278 1058258 365486 449881 1146946 959934 745588 860967 991859 505011 306781 707875 224015 566849 739896 864218 968006 1 861141 796731 936058
 965391 254112 1169370 877545 1328215 782911 666662 964429 135953 693991 664637 1201170 1064067 1115875 515814 370639 1035342 546582 1267050 915154 964201 598368 839346 1134450 1078175 791475 713265 535831 760573 1279253 736845 707471 640535 939122 295068 727079 602717 1278633 520277 802492 537082 836441 295292 444305 1058017 1028761 861141 1 1053766 1157377
 113211 833864 166234 334676 274828 424777 387688 336275 948571 462234 403461 182693 73190 244068 560428 816013 380277 520755 225595 631387 305648 726239 586042 256444 251922 434099 574181 518511 463091 231975 613299 491984 481272 546220 905639 345370 541101 232369 569899 497617 525351 573047 866251 624294 81712 236622 796731 1053766 1 140566
 192719 949577 225315 474854 209780 565051 493600 315599 1059966 599166 526990 218738 195038 346800 681745 889347 505246 640222 112984 610968 289834 864323 584099 158587 184930 461554 603581 622973 495194 130840 633614 630789 614034 520735 983391 432024 605315 128750 694313 638113 621111 712716 989030 717575 99831 199961 936058 1157377 140566 1
LAMBDA_SECTION
1 594
2 78
3 425
4 160
5 807
6 778
7 202
8 386
9 579
10 937
11 266
12 439
13 496
14 380
15 163
16 835
17 15
18 425
19 892
20 861
21 735
22 379
23 952
24 391
25 649
26 708
27 578
28 376
29 724
30 942
31 272
32 706
33 657
34 267
35 493
36 262
37 976
38 878
39 753
40 623
41 259
42 790
43 401
44 384
45 222
46 754
47 45
48 627
49 956
50 157
