NAME : domp60p15v2
COMMENT : Cherkesly, Contardo & Gruson 2022
TYPE : DOMP
DIMENSION : 60
DISPLAY_DATA_TYPE : NO_DISPLAY
OPEN_FACILITIES : 15
COST_SECTION
 1 549950 437357 591570 471068 245159 482837 256600 307050 497188 71317 339815 476647 375279 586314 483271 206684 671823 346924 499882 108537 297650 765512 396250 670706 492785 271927 447709 514394 443645 42298 554235 445515 381557 507276 450894 42869 220404 314214 355571 153382 534594 336807 250155 561107 553991 685909 486367 192973 200117 616866 536862 572149 426655 245784 472513 508139 111952 377831 547049
 549950 1 282206 318310 520933 513593 369213 788056 811680 301759 602337 704896 504876 923791 41931 843522 508217 301386 284093 399883 639175 518754 306042 727030 288634 221812 818928 898746 410117 886558 532319 1097421 479611 804103 926174 324156 519867 738771 259795 905186 400489 918109 213397 627020 108466 528573 965334 873849 502127 730024 300498 1080378 294763 385920 344816 695547 846756 571545 691514 446784
 437357 282206 1 551370 238727 286730 96734 693529 742420 62979 460090 713213 641188 794855 290314 864911 509463 566470 381935 129051 487862 565137 587960 754837 555892 427669 667067 870025 142918 862666 442280 922699 607936 568452 918446 44815 427835 656970 158623 759089 338434 930553 234122 619594 374020 692564 1033957 882104 300542 563056 547512 906949 525147 525737 363087 771696 879600 511300 724081 184696
 591570 318310 551370 1 774591 680863 647785 757775 749139 591395 661234 573085 267361 915240 346636 675629 439746 103264 248937 680130 699655 392042 230045 569057 111823 126316 850067 779075 693318 763000 555833 1129391 260967 942277 780401 596138 549661 702431 442894 919009 451827 751446 347679 530683 211925 251553 737191 716564 646538 791592 40404 1111932 26271 196631 348558 488628 666116 550480 534640 734098
 471068 520933 238727 774591 1 230519 162125 698101 764859 233689 456627 802180 817297 754469 527659 950749 620746 799973 570576 140677 467363 697585 826605 854107 790187 648460 615523 915932 140461 913124 496031 823226 782514 417305 977996 197910 483651 678117 337361 703832 447594 1005179 432597 707706 610477 879626 1144618 956730 279271 509025 775539 809874 748388 713336 517067 902703 972939 575289 829537 135632
 245159 513593 286730 680863 230519 1 287721 468313 534345 329912 226120 583103 653948 536008 537405 728310 419255 733878 441272 293538 238598 504795 794746 637887 727797 559030 399842 686104 305163 683757 275193 639406 619458 291105 749502 277045 264438 447615 258882 491191 264570 779305 341728 490721 570576 724996 928679 731249 53316 292353 693439 624141 656361 568711 359158 701001 752605 354105 616510 328688
 482837 369213 96734 647785 162125 287721 1 733836 789754 71885 492428 782445 733130 819597 371216 934349 583201 660179 474926 32352 514589 645863 674863 827580 649170 524353 685774 926650 46457 920754 495193 924836 699428 543803 979922 52682 481055 702730 243961 777628 407524 996919 327566 687555 466223 786644 1111520 948166 317246 578786 643178 909975 621584 619369 447159 853594 951408 569511 798431 88622
 256600 788056 693529 757775 698101 468313 733836 1 79896 752670 243698 269196 561350 160020 826924 349095 318184 852307 542250 748103 231105 377224 962409 323456 854781 686016 167215 242085 761855 246728 260230 390300 541046 453036 317335 705160 274076 55406 568053 183394 389671 367652 576341 244608 780333 635805 562814 328221 424044 221880 790835 373697 744290 565648 451664 446167 383797 219182 329840 791240
 307050 811680 742420 749139 764859 534345 789754 79896 1 803166 308235 216586 532259 202344 851840 274067 317294 847333 550766 806097 301592 358791 962711 264255 851187 689335 244099 162675 820362 166854 300786 436940 516113 532931 237469 757695 315220 87418 607685 243255 422105 288285 604187 219765 793403 603150 486009 250115 487374 301102 784418 421421 738127 553347 468384 391561 309527 242052 277271 851690
 497188 301759 62979 591395 233689 329912 71885 752670 803166 1 516507 776183 697148 849695 301181 927864 572288 597226 437562 99511 542623 626889 606250 817646 585669 470625 719609 932322 108541 925123 503627 969167 664387 601006 981213 52901 489204 717301 220526 811755 401383 993526 290292 682571 402160 745819 1096084 945070 350471 614224 584016 953775 565408 580021 424292 832953 942447 573550 786762 145475
 71317 602337 460090 661234 456627 226120 492428 243698 308235 516507 1 383349 546321 335776 636838 518418 273993 739625 415039 505369 38908 364388 830240 442013 738022 559775 217280 461791 518861 460470 112285 495573 515650 313862 527805 467031 114178 221691 355008 306316 216141 562461 391397 300458 621481 623920 727245 515541 180378 132572 685682 478416 641354 497965 313858 529006 546234 166822 427718 547641
 339815 704896 713213 573085 802180 583103 782445 269196 216586 776183 383349 1 329934 417762 746779 151951 206536 675461 422360 805710 398924 191014 798355 59764 681805 539616 428208 206298 821277 190787 308020 652608 320478 677086 221404 739996 319431 226821 558670 451746 375627 218941 521399 95261 661290 395053 346095 171689 530016 444197 611457 636772 567011 378376 370649 177067 170865 229018 61045 858817
 476647 504876 641188 267361 817297 653948 733130 561350 532259 697148 546321 329934 1 720950 543829 412442 274554 369476 259590 763618 579509 190073 497041 312968 379041 289004 688716 529747 779007 512618 434523 950438 34888 857837 521243 681360 435293 507615 490708 739622 389432 487285 407214 317030 423020 78068 474829 455380 606128 659696 307763 933511 270279 121045 301358 221425 400394 393127 281310 821126
 375279 923791 794855 915240 754469 536008 819597 160020 202344 849695 335776 417762 720950 1 960918 465378 475617 1008178 692859 828585 307125 537220 1115443 466598 1010050 838525 139349 323549 840763 335752 391866 234852 701008 424729 399537 798995 403997 214953 687574 64814 523568 461483 710403 403948 925736 794883 668212 433079 502378 245550 947439 219141 900929 724567 598029 593694 501543 368736 478738 864479
 586314 41931 290314 346636 527659 537405 371216 826924 851840 301181 636838 746779 543829 960918 1 885433 549686 318724 326005 400584 673174 560676 306419 768945 305060 258134 853878 940296 409516 928186 570041 1131061 519260 828490 968036 329754 557347 778136 288898 940939 438346 960036 250971 668610 134749 564982 1006224 915778 529288 763141 325271 1114111 324297 425635 385781 736657 888577 611188 733419 443954
 483271 843522 864911 675629 950749 728310 934349 349095 274067 927864 518418 151951 412442 465378 885433 1 356697 778829 559430 957465 527883 324833 905355 116519 787164 662739 516274 157343 973006 140221 454873 692258 414676 792589 114665 891933 467100 325389 709758 514504 527561 76411 668614 246860 790667 459683 214882 46994 675702 556657 715611 678433 674164 490751 517822 198266 36177 375524 152050 1010336
 206684 508217 509463 439746 620746 419255 583201 318184 317294 572288 273993 206536 274554 475617 549686 356697 1 534322 235013 608262 305713 91004 646566 245379 537118 372112 421343 390692 624017 378936 164529 694132 245930 587561 423126 538494 168320 262938 353236 482483 176744 425477 316007 119501 478704 352599 529047 378041 366785 385284 472662 676794 426117 250243 166241 282945 370168 119827 215269 663088
 671823 301386 566470 103264 799973 733878 660179 852307 847333 597226 739625 675461 369476 1008178 318724 778829 534322 1 324901 692041 778450 492311 127694 672258 15067 180725 936321 881620 703791 865663 638614 1217612 364153 1006993 883634 610905 631097 797180 482614 1008707 525320 854590 392510 630143 195370 346733 835532 819826 704947 871586 64005 1200122 109391 297679 426067 590900 769018 640741 637764 742585
 346924 284093 381935 248937 570576 441272 474926 542250 550766 437562 415039 422360 259590 692859 326005 559430 235013 324901 1 505896 453794 234694 423321 442941 323988 147007 612932 620590 521090 607440 314200 895149 226974 693945 643746 422776 306316 488608 235634 688262 202996 634092 147814 349789 243736 312239 688924 590129 402635 546761 270911 877663 227449 144704 101216 418499 563047 324408 407426 563306
 499882 399883 129051 680130 140677 293538 32352 748103 806097 99511 505369 805710 763618 828585 400584 957465 608262 692041 505896 1 525605 672910 705138 851880 680944 556695 693265 945679 15826 940261 514395 926077 729784 537478 1000429 84748 500433 718826 273576 784720 431930 1018977 358820 710608 497841 817840 1137104 970185 327448 585849 675422 911550 653931 650462 475587 880767 975263 589946 823276 57512
 108537 639175 487862 699655 467363 238598 514589 231105 301592 542623 38908 398924 579509 307125 673174 527883 305713 778450 453794 525605 1 395154 869105 458343 776889 598655 182649 459864 538540 460068 147831 458283 549459 285789 528871 492142 151236 217838 389428 273296 255019 567429 429008 321067 659903 657351 739385 521583 198188 93703 724345 441212 679919 534627 352593 551595 557246 193187 446666 565319
 297650 518754 565137 392042 697585 504795 645863 377224 358791 626889 364388 191014 190073 537220 560676 324833 91004 492311 234694 672910 395154 1 612197 208317 497404 348927 498762 395277 688735 380640 255525 763490 165439 678173 411187 598274 259186 322377 406526 551969 250022 399404 350555 139159 470586 267735 469757 355748 453104 471659 428655 746400 382968 195456 203277 207880 329839 204728 172976 729136
 765512 306042 587960 230045 826605 794746 674863 962409 962711 606250 830240 798355 497041 1115443 306419 905355 646566 127694 423321 705138 869105 612197 1 797567 118252 276928 1034989 1004651 714789 989010 735711 1317624 490840 1078130 1009056 630189 726736 907834 536328 1111537 614103 981291 456865 748190 224528 473276 962535 945837 772689 962805 189831 1300153 231913 420016 521874 718447 896154 746708 762736 750078
 396250 727030 754837 569057 854107 637887 827580 323456 264255 817646 442013 59764 312968 466598 768945 116519 245379 672258 442941 851880 458343 208317 797567 1 679780 548806 485228 217964 867560 200453 362779 701074 309780 736846 211491 783590 373516 283984 598239 504289 420081 191509 553541 147186 675404 370399 290976 150019 584642 503793 608510 685644 565696 379469 403031 128648 124998 284620 35942 905901
 670706 288634 555892 111823 790187 727797 649170 854781 851187 585669 738022 681805 379041 1010050 305060 787164 537118 15067 323988 680944 776889 497404 118252 679780 1 178309 936355 888065 692537 872242 638107 1218024 372600 1002534 891244 600212 630300 799762 475180 1009615 523103 863068 386139 634701 183531 358485 846770 827795 699746 870197 71581 1200533 114810 303553 424943 600388 777908 642101 645092 731097
 492785 221812 427669 126316 648460 559030 524353 686016 689335 470625 559775 539616 289004 838525 258134 662739 372112 180725 147007 556695 598655 348927 276928 548806 178309 1 759897 744104 570259 729564 460977 1042156 267849 827484 757827 472279 452756 631688 316851 835085 344821 739041 222083 479249 134209 306937 759892 698806 527324 692032 134415 1024669 100286 176782 247233 494686 659967 469790 512933 611495
 271927 818928 667067 850067 615523 399842 685774 167215 244099 719609 217280 428208 688716 139349 853878 516274 421343 936321 612932 693265 182649 498762 1034989 485228 936355 759897 1 400420 705004 407745 299280 282766 663606 300329 477566 668040 308582 201403 571864 92147 425300 531766 606904 383505 833014 765983 729661 494196 369661 107580 878651 265327 832819 669524 513172 602898 551012 302735 487176 727438
 447709 898746 870025 779075 915932 686104 926650 242085 162675 932322 461791 206298 529747 323549 940296 157343 390692 881620 620590 945679 459864 395277 1004651 217964 888065 744104 400420 1 960526 18067 431473 541764 523832 694510 77499 890243 445596 242028 724485 379455 535497 137999 703431 271765 862662 588336 345401 115714 636727 463749 817617 528817 773282 584672 556179 337129 191822 358774 248438 994249
 514394 410117 142918 693318 140461 305163 46457 761855 820362 108541 518861 821277 779007 840763 409516 973006 624017 703791 521090 15826 538540 688735 714789 867560 692537 570259 705004 960526 1 955205 529350 935456 745214 543898 1015558 99135 515426 733049 289154 796287 447646 1034366 373863 726156 509234 832930 1152881 985570 340354 597505 688075 921064 667146 665602 491349 896592 990892 605110 839007 42233
 443645 886558 862666 763000 913124 683757 920754 246728 166854 925123 460470 190787 512618 335752 928186 140221 378936 865663 607440 940261 460068 380640 989010 200453 872242 729564 407745 18067 955205 1 425867 556340 507123 699742 70619 883640 439858 242604 715863 390338 527007 126265 692798 259621 849003 570742 332482 99920 633853 467581 801668 543161 757491 568995 544825 319096 175093 351854 231359 989374
 42298 532319 442280 555833 496031 275193 495193 260230 300786 503627 112285 308020 434523 391866 570041 454873 164529 638614 314200 514395 147831 255525 735711 362779 638107 460977 299280 431473 529350 425867 1 581971 403557 423839 486804 459738 14453 217174 308532 378402 131835 509841 319116 215693 536225 511955 653492 461215 222029 236627 582374 564510 537156 386905 213951 433594 478022 79370 342357 563867
 554235 1097421 922699 1129391 823226 639406 924836 390300 436940 969167 495573 652608 950438 234852 1131061 692258 694132 1217612 895149 926077 458283 763490 1317624 701074 1218024 1042156 282766 541764 935456 556340 581971 1 928655 419163 613123 916357 591346 442977 845016 211833 707566 678154 886966 634578 1115240 1025621 885798 656034 622646 368174 1159102 17492 1112996 944320 795754 828462 728325 579101 713589 950088
 445515 479611 607936 260967 782514 619458 699428 541046 516113 664387 515650 320478 34888 701008 519260 414676 245930 364153 226974 729784 549459 165439 490840 309780 372600 267849 663606 523832 745214 507123 403557 928655 1 826183 520451 647793 403791 486663 456641 717274 355018 490485 374201 298156 402003 108685 492237 455943 571868 631123 301023 911607 260521 93695 266471 230833 405568 365380 276343 787295
 381557 804103 568452 942277 417305 291105 543803 453036 532931 601006 313862 677086 857837 424729 828490 792589 587561 1006993 693945 537478 285789 678173 1078130 736846 1002534 827484 300329 694510 543898 699742 423839 419163 826183 1 770329 549334 422546 467406 546662 361304 493169 819586 621331 605168 855632 934834 1007308 777932 305578 235936 960488 408147 919600 798931 597721 836214 824898 478758 728512 550660
 507276 926174 918446 780401 977996 749502 979922 317335 237469 981213 527805 221404 521243 399537 968036 114665 423126 883634 643746 1000429 528871 411187 1009056 211491 891244 757827 477566 77499 1015558 70619 486804 613123 520451 770329 1 941247 500471 312067 768528 456440 580718 66036 739096 304324 881746 572139 272742 67917 698912 538145 819936 600801 777186 590640 589155 311934 141682 410509 246555 1050596
 450894 324156 44815 596138 197910 277045 52682 705160 757695 52901 467031 739996 681360 798995 329754 891933 538494 610905 422776 84748 492142 598274 630189 783590 600212 472279 668040 890243 99135 883640 459738 916357 647793 549334 941247 1 445400 671293 193722 760182 364373 955962 275228 645569 417967 734271 1065549 907316 298547 562299 592313 900996 569908 567089 397994 805661 907926 531794 753705 141256
 42869 519867 427835 549661 483651 264438 481055 274076 315220 489204 114178 319431 435293 403997 557347 467100 168320 631097 306316 500433 151236 259186 726736 373516 630300 452756 308582 445596 515426 439858 14453 591346 403791 422546 500471 445400 1 231471 294377 389107 119611 522828 306537 226331 525532 512385 664414 474152 211157 241974 575501 573908 530549 383789 205524 441350 489771 91719 352266 550131
 220404 738771 656970 702431 678117 447615 702730 55406 87418 717301 221691 226821 507615 214953 778136 325389 262938 797180 488608 718826 217838 322377 907834 283984 799762 631688 201403 242028 733049 242604 217174 442977 486663 467406 312067 671293 231471 1 525567 233397 343080 354811 528323 191784 727950 582646 540254 311364 400184 231606 735598 426153 689054 510253 399674 402150 358318 167619 286098 764280
 314214 259795 158623 442894 337361 258882 243961 568053 607685 220526 355008 558670 490708 687574 288898 709758 353236 482614 235634 273576 389428 406526 536328 598239 475180 316851 571864 724485 289154 715863 308532 845016 456641 546662 768528 193722 294377 525567 1 661311 189007 777086 95923 466418 311912 547564 875560 728986 242706 476882 448833 828265 417055 380095 204677 613136 723195 368709 566847 331044
 355571 905186 759089 919009 703832 491191 777628 183394 243255 811755 306316 451746 739622 64814 940939 514504 482483 1008707 688262 784720 273296 551969 1111537 504289 1009615 835085 92147 379455 796287 390338 378402 211833 717274 361304 456440 760182 389107 233397 661311 1 507945 516597 692291 425080 914579 815334 721678 485232 461771 198912 949437 194604 903167 732719 590353 628808 550462 368551 512633 818022
 153382 400489 338434 451827 447594 264570 407524 389671 422105 401383 216141 375627 389432 523568 438346 527561 176744 525320 202996 431930 255019 250022 614103 420081 523103 344821 425300 535497 447646 527007 131835 707566 355018 493169 580718 364373 119611 343080 189007 507945 1 592215 187377 281391 407726 461238 705766 543713 217091 348712 473464 690206 430422 310132 104561 455676 543930 180855 391382 486454
 534594 918109 930553 751446 1005179 779305 996919 367652 288285 993526 562461 218941 487285 461483 960036 76411 425477 854590 634092 1018977 567429 399404 981291 191509 863068 739041 531766 137999 1034366 126265 509841 678154 490485 819586 66036 955962 522828 354811 777086 516597 592215 1 739817 310992 866637 531792 207779 48804 727529 585098 791498 665599 750279 567154 588951 269895 89613 431283 227366 1070766
 336807 213397 234122 347679 432597 341728 327566 576341 604187 290292 391397 521399 407214 710403 250971 668614 316007 392510 147814 358820 429008 350555 456865 553541 386139 222083 606904 703431 373863 692798 319116 886966 374201 621331 739096 275228 306537 528323 95923 692291 187377 739817 1 434965 236187 459079 818737 693063 316118 521264 355270 869793 322008 291866 150876 550799 677817 362374 519875 416096
 250155 627020 619594 530683 707706 490721 687555 244608 219765 682571 300458 95261 317030 403948 668610 246860 119501 630143 349789 710608 321067 139159 748190 147186 634701 479249 383505 271765 726156 259621 215693 634578 298156 605168 304324 645569 226331 191784 466418 425080 281391 310992 434965 1 592957 391200 438122 262671 437465 379080 566756 617824 520756 334320 285706 231081 265920 138209 127872 763598
 561107 108466 374020 211925 610477 570576 466223 780333 793403 402160 621481 661290 423020 925736 134749 790667 478704 195370 243736 497841 659903 470586 224528 675404 183531 134209 833014 862662 509234 849003 536225 1115240 402003 855632 881746 417967 525532 727950 311912 914579 407726 866637 236187 592957 1 436359 893856 824915 550063 753190 192184 1097895 189608 310283 328735 627670 789763 561156 639467 547609
 553991 528573 692564 251553 879626 724996 786644 635805 603150 745819 623920 395053 78068 794883 564982 459683 352599 346733 312239 817840 657351 267735 473276 370399 358485 306937 765983 588336 832930 570742 511955 1025621 108685 934834 572139 734271 512385 582646 547564 815334 461238 531792 459079 391200 436359 1 489409 504791 678328 737763 290551 1008791 261928 167540 368234 261925 442690 471173 341803 875162
 685909 965334 1033957 737191 1144618 928679 1111520 562814 486009 1096084 727245 346095 474829 668212 1006224 214882 529047 835532 688924 1137104 739385 469757 962535 290976 846770 759892 729661 345401 1152881 332482 653492 885798 492237 1007308 272742 1065549 664414 540254 875560 721678 705766 207779 818737 438122 893856 489409 1 236744 875474 771376 777198 873336 743303 583685 673033 270504 182676 574876 315400 1192118
 486367 873849 882104 716564 956730 731249 948166 328221 250115 945070 515541 171689 455380 433079 915778 46994 378041 819826 590129 970185 521583 355748 945837 150019 827795 698806 494196 115714 985570 99920 461215 656034 455943 777932 67917 907316 474152 311364 728986 485232 543713 48804 693063 262671 824915 504791 236744 1 679335 542641 756335 642708 714199 529017 542272 244129 77515 382568 185874 1021962
 192973 502127 300542 646538 279271 53316 317246 424044 487374 350471 180378 530016 606128 502378 529288 675702 366785 704947 402635 327448 198188 453104 772689 584642 699746 527324 369661 636727 340354 633853 222029 622646 571868 305578 698912 298547 211157 400184 242706 461771 217091 727529 316118 437465 550063 678328 875474 679335 1 263771 661479 606741 622682 524950 315548 648091 699708 301073 563195 367724
 200117 730024 563056 791592 509025 292353 578786 221880 301102 614224 132572 444197 659696 245550 763141 556657 385284 871586 546761 585849 93703 471659 962805 503793 870197 692032 107580 463749 597505 467581 236627 368174 631123 235936 538145 562299 241974 231606 476882 198912 348712 585098 521264 379080 753190 737763 771376 542641 263771 1 816960 351387 772263 622557 445550 609117 589001 266953 497991 619871
 616866 300498 547512 40404 775539 693439 643178 790835 784418 584016 685682 611457 307763 947439 325271 715611 472662 64005 270911 675422 724345 428655 189831 608510 71581 134415 878651 817617 688075 801668 582374 1159102 301023 960488 819936 592313 575501 735598 448833 949437 473464 791498 355270 566756 192184 290551 777198 756335 661479 816960 1 1141622 46546 233779 371891 529010 706341 581010 573933 728173
 536862 1080378 906949 1111932 809874 624141 909975 373697 421421 953775 478416 636772 933511 219141 1114111 678433 676794 1200122 877663 911550 441212 746400 1300153 685644 1200533 1024669 265327 528817 921064 543161 564510 17492 911607 408147 600801 900996 573908 426153 828265 194604 690206 665599 869793 617824 1097895 1008791 873336 642708 606741 351387 1141622 1 1095521 926967 778282 812834 714539 561665 697780 936129
 572149 294763 525147 26271 748388 656361 621584 744290 738127 565408 641354 567011 270279 900929 324297 674164 426117 109391 227449 653931 679919 382968 231913 565696 114810 100286 832819 773282 667146 757491 537156 1112996 260521 919600 777186 569908 530549 689054 417055 903167 430422 750279 322008 520756 189608 261928 743303 714199 622682 772263 46546 1095521 1 188747 327907 490368 666025 534684 530827 707965
 426655 385920 525737 196631 713336 568711 619369 565648 553347 580021 497965 378376 121045 724567 425635 490751 250243 297679 144704 650462 534627 195456 420016 379469 303553 176782 669524 584672 665602 568995 386905 944320 93695 798931 590640 567089 383789 510253 380095 732719 310132 567154 291866 334320 310283 167540 583685 529017 524950 622557 233779 926967 188747 1 209622 317941 485737 366833 344105 707829
 245784 344816 363087 348558 517067 359158 447159 451664 468384 424292 313858 370649 301358 598029 385781 517822 166241 426067 101216 475587 352593 203277 521874 403031 424943 247233 513172 556179 491349 544825 213951 795754 266471 597721 589155 397994 205524 399674 204677 590353 104561 588951 150876 285706 328735 368234 673033 542272 315548 445550 371891 778282 327907 209622 1 408676 527582 232490 369728 532636
 472513 695547 771696 488628 902703 701001 853594 446167 391561 832953 529006 177067 221425 593694 736657 198266 282945 590900 418499 880767 551595 207880 718447 128648 600388 494686 602898 337129 896592 319096 433594 828462 230833 836214 311934 805661 441350 402150 613136 628808 455676 269895 550799 231081 627670 261925 270504 244129 648091 609117 529010 812834 490368 317941 408676 1 181054 362816 116355 937015
 508139 846756 879600 666116 972939 752605 951408 383797 309527 942447 546234 170865 400394 501543 888577 36177 370168 769018 563047 975263 557246 329839 896154 124998 777908 659967 551012 191822 990892 175093 478022 728325 405568 824898 141682 907926 489771 358318 723195 550462 543930 89613 677817 265920 789763 442690 182676 77515 699708 589001 706341 714539 666025 485737 527582 181054 1 398722 157945 1028821
 111952 571545 511300 550480 575289 354105 569511 219182 242052 573550 166822 229018 393127 368736 611188 375524 119827 640741 324408 589946 193187 204728 746708 284620 642101 469790 302735 358774 605110 351854 79370 579101 365380 478758 410509 531794 91719 167619 368709 368551 180855 431283 362374 138209 561156 471173 574876 382568 301073 266953 581010 561665 534684 366833 232490 362816 398722 1 265899 640525
 377831 691514 724081 534640 829537 616510 798431 329840 277271 786762 427718 61045 281310 478738 733419 152050 215269 637764 407426 823276 446666 172976 762736 35942 645092 512933 487176 248438 839007 231359 342357 713589 276343 728512 246555 753705 352266 286098 566847 512633 391382 227366 519875 127872 639467 341803 315400 185874 563195 497991 573933 697780 530827 344105 369728 116355 157945 265899 1 877784
 547049 446784 184696 734098 135632 328688 88622 791240 851690 145475 547641 858817 821126 864479 443954 1010336 663088 742585 563306 57512 565319 729136 750078 905901 731097 611495 727438 994249 42233 989374 563867 950088 787295 550660 1050596 141256 550131 764280 331044 818022 486454 1070766 416096 763598 547609 875162 1192118 1021962 367724 619871 728173 936129 707965 707829 532636 937015 1028821 640525 877784 1
LAMBDA_SECTION
1 126
2 81
3 504
4 107
5 378
6 591
7 810
8 207
9 574
10 715
11 888
12 954
13 265
14 184
15 295
16 426
17 186
18 721
19 552
20 603
21 890
22 25
23 221
24 549
25 601
26 291
27 360
28 393
29 414
30 854
31 838
32 425
33 766
34 427
35 514
36 105
37 439
38 441
39 555
40 28
41 146
42 216
43 584
44 864
45 720
46 62
47 816
48 748
49 554
50 966
51 768
52 519
53 720
54 817
55 825
56 540
57 159
58 46
59 809
60 101
