NAME : domp30p10v7
COMMENT : Cherkesly, Contardo & Gruson 2022
TYPE : DOMP
DIMENSION : 30
DISPLAY_DATA_TYPE : NO_DISPLAY
OPEN_FACILITIES : 10
COST_SECTION
 1 962352 846525 594586 480864 586270 656711 574024 1022316 383721 891167 770333 398366 875111 695255 185935 727755 552461 414448 582011 725627 739734 813034 887344 592904 706056 790348 846058 302513 674753
 962352 1 303138 419030 826808 376113 313335 498393 86030 596700 202780 477868 821438 481015 702078 861963 536352 538777 581348 692885 406900 297826 179996 117744 826885 604872 178669 591929 823266 289495
 846525 303138 1 253985 875000 342745 350905 283426 387872 557389 446319 179959 840658 182425 833968 701632 690456 316827 563492 427411 138808 440364 351796 355118 913061 314444 303804 289041 806884 315934
 594586 419030 253985 1 656999 160648 228132 94020 497950 319048 451305 242529 610850 335206 670129 460601 559096 131617 334312 307453 157236 359593 341584 393759 713777 287124 294185 371809 565087 209810
 480864 826808 875000 656999 1 532256 541648 705695 849452 345734 667659 898468 83337 991755 248342 576227 360931 712921 323302 844026 813202 531016 646838 715531 112168 908095 656680 1020995 181338 575994
 586270 376113 342745 160648 532256 1 86362 247705 438189 230864 337054 391588 500121 472207 514759 496733 398489 278458 227178 455452 297050 214809 238569 308290 574197 447771 206802 525852 475783 91141
 656711 313335 350905 228132 541648 86362 1 320774 366161 283644 251369 435926 522353 503783 483554 578483 347927 354996 268446 532732 338950 132445 157550 230798 566897 510313 135538 572484 513568 35424
 574024 498393 283426 94020 705695 247705 320774 1 580253 360245 544343 205298 651165 308968 743928 419602 642984 40457 384034 213435 152447 452804 434266 483430 772606 208460 385851 316047 593363 303693
 1022316 86030 387872 497950 849452 438189 366161 580253 1 648248 189334 563643 852218 563714 701647 931464 534087 620707 628623 777559 492772 319973 214480 139270 838219 690898 232047 676061 863178 348008
 383721 596700 557389 319048 345734 230864 283644 360245 648248 1 507860 556603 292632 653502 427909 352792 388752 367436 41127 507883 476231 356026 435100 510396 419846 562674 419154 676037 249514 308148
 891167 202780 446319 451305 667659 337054 251369 544343 189334 507860 1 595566 677326 627960 512324 827661 344772 582891 480852 756599 506239 153333 110424 95304 650578 702673 161159 725550 698779 251083
 770333 477868 179959 242529 898468 391588 435926 205298 563643 556603 595566 1 849222 104959 906346 603708 782915 218725 575219 265652 96993 553051 490400 511776 956212 136647 438699 136629 796256 406350
 398366 821438 840658 610850 83337 500121 522353 651165 852218 292632 677326 849222 1 945826 313274 494382 399170 654775 278196 776720 768065 532353 642984 714984 194713 848996 646230 967200 98018 555051
 875111 481015 182425 335206 991755 472207 503783 308968 563714 653502 627960 104959 945826 1 983864 707164 851165 323678 669479 351717 178576 609385 530345 537444 1044196 208869 480597 118410 896351 471197
 695255 702078 833968 670129 248342 514759 483554 743928 701647 427909 512324 906346 313274 983864 1 748142 167565 763862 389143 924406 811400 413380 530649 584382 167647 952039 558618 1040238 397323 518173
 185935 861963 701632 460601 576227 496733 578483 419602 931464 352792 827661 603708 494382 707164 748142 1 738541 391486 392694 398109 571564 685470 734897 804901 682436 527262 702582 668204 398285 587802
 727755 536352 690456 559096 360931 398489 347927 642984 534087 388752 344772 782915 399170 851165 167565 738541 1 669326 347765 840883 686121 255491 368908 418624 316128 846171 401584 919168 457714 379969
 552461 538777 316827 131617 712921 278458 354996 40457 620707 367436 582891 218725 654775 323678 763862 391486 669326 1 394608 177742 181445 487397 473051 523306 784498 195239 425115 315858 591952 339823
 414448 581348 563492 334312 323302 227178 268446 384034 628623 41127 480852 575219 278196 669479 389143 392694 347765 394608 1 541485 491160 327850 414339 489791 389922 589451 402789 698253 248873 296160
 582011 692885 427411 307453 844026 455452 532732 213435 777559 507883 756599 265652 776720 351717 924406 398109 840883 177742 541485 1 293208 665117 646259 691597 926913 144953 596866 281645 700199 516955
 725627 406900 138808 157236 813202 297050 338950 152447 492772 476231 506239 96993 768065 178576 811400 571564 686121 181445 491160 293208 1 456766 398945 426505 866366 199931 347041 233609 721290 309416
 739734 297826 440364 359593 531016 214809 132445 452804 319973 356026 153333 553051 532353 609385 413380 685470 255491 487397 327850 665117 456766 1 119232 184522 529473 637763 146173 689242 547752 151484
 813034 179996 351796 341584 646838 238569 157550 434266 214480 435100 110424 490400 642984 530345 530649 734897 368908 473051 414339 646259 398945 119232 1 75458 648567 593697 51909 622719 649574 148380
 887344 117744 355118 393759 715531 308290 230798 483430 139270 510396 95304 511776 714984 537444 584382 804901 418624 523306 489791 691597 426505 184522 75458 1 711190 625632 103410 638557 724062 217152
 592904 826885 913061 713777 112168 574197 566897 772606 838219 419846 650578 956212 194713 1044196 167647 682436 316128 784498 389922 926913 866366 529473 648567 711190 1 979150 666952 1083958 292166 602265
 706056 604872 314444 287124 908095 447771 510313 208460 690898 562674 702673 136647 848996 208869 952039 527262 846171 195239 589451 144953 199931 637763 593697 625632 979150 1 541978 141098 783067 486397
 790348 178669 303804 294185 656680 206802 135538 385851 232047 419154 161159 438699 646230 480597 558618 702582 401584 425115 402789 596866 347041 146173 51909 103410 666952 541978 1 571414 644947 116074
 846058 591929 289041 371809 1020995 525852 572484 316047 676061 676037 725550 136629 967200 118410 1040238 668204 919168 315858 698253 281645 233609 689242 622719 638557 1083958 141098 571414 1 907455 542974
 302513 823266 806884 565087 181338 475783 513568 593363 863178 249514 698779 796256 98018 896351 397323 398285 457714 591952 248873 700199 721290 547752 649574 724062 292166 783067 644947 907455 1 543239
 674753 289495 315934 209810 575994 91141 35424 303693 348008 308148 251083 406350 555051 471197 518173 587802 379969 339823 296160 516955 309416 151484 148380 217152 602265 486397 116074 542974 543239 1
LAMBDA_SECTION
1 346
2 655
3 632
4 182
5 645
6 883
7 81
8 240
9 949
10 726
11 730
12 445
13 783
14 294
15 551
16 170
17 339
18 219
19 849
20 389
21 546
22 662
23 958
24 715
25 764
26 694
27 220
28 510
29 246
30 695
