NAME : domp70p23v5
COMMENT : Cherkesly, Contardo & Gruson 2022
TYPE : DOMP
DIMENSION : 70
DISPLAY_DATA_TYPE : NO_DISPLAY
OPEN_FACILITIES : 23
COST_SECTION
 1 144080 239005 226838 381074 61324 126921 263240 545181 832505 714997 688212 336252 442981 853566 771811 334224 159815 126090 779362 562516 542849 787693 773418 463280 359586 246468 662794 396913 893408 811273 735762 620099 851310 526118 104756 261552 811927 86202 572664 674959 477788 254393 348775 567563 663491 519596 675422 889604 308307 354129 515905 292451 516877 129739 133492 473065 495666 360188 113511 372122 242033 97295 598269 211233 396954 385701 453441 265289 536328
 144080 1 225262 345315 436729 200116 220551 363913 656848 929625 845196 825144 454054 479246 909544 828634 452485 32209 32441 879096 702752 575921 850356 788423 569467 249207 346500 806868 515752 933155 869658 787289 742565 866133 645331 56495 356595 946286 156648 709899 778330 555944 384795 269488 604098 806614 626471 681778 1023129 397426 493929 658760 414228 652121 273537 221313 606686 627323 356047 40192 508387 370734 241128 608856 75320 471538 411879 569482 397383 620122
 239005 225262 1 456656 235404 289651 365678 241253 512704 750681 735813 741424 561921 260760 693519 613952 559569 256953 246550 705094 734381 353868 639028 563281 421942 213120 483745 786326 400075 710442 655397 570232 616731 641081 745024 253824 226110 847471 315638 756187 613218 368436 470031 151255 382872 764410 475503 457417 918962 245912 449501 672845 322666 571134 321660 158995 523193 696607 131521 243299 445502 460974 284444 383766 284206 287235 191093 677213 477376 435320
 226838 345315 456656 1 534428 168531 127924 376218 582200 882361 678900 622660 109968 610086 973058 893542 108123 344934 315860 826359 380752 705597 900357 943546 523711 583337 57520 525872 435812 1032786 929074 866313 618809 1019339 301204 289844 384717 752527 190146 377345 720474 589251 59573 575525 725129 550809 571260 856620 830642 429309 312942 356588 348241 475467 149685 313033 445414 286197 564403 305547 349278 45147 179214 778926 388269 524035 567110 227051 74186 632383
 381074 436729 235404 534428 1 401824 493487 164713 307913 516708 548359 577658 617456 81166 475588 394022 614687 468647 448335 472961 689414 171221 413951 409334 224094 431072 580229 682387 247559 512535 434519 355610 421418 484911 770405 445576 152458 664117 467052 724363 386763 135774 520514 349409 191350 640190 267300 328789 728471 116640 370477 616446 233529 426590 385476 247804 383087 695042 169500 440804 346068 518220 362484 253269 505922 67022 86703 717838 521220 202274
 61324 200116 289651 168531 401824 1 91810 264562 529745 823755 682830 649142 276898 470172 866372 784918 274774 210956 177492 769406 503137 569202 797885 803881 453188 420818 194850 609942 378712 913125 823296 751653 595432 881236 465813 153004 266816 775199 86968 512132 663634 484532 193169 407675 592096 614809 507961 709908 853458 314566 313867 458787 275128 480909 77330 158800 439407 434362 403613 165148 336736 181029 57536 632193 261345 407833 418411 393910 203970 538761
 126921 220551 365678 127924 493487 91810 1 354760 609726 906866 745350 702262 234301 560959 957676 876302 232876 217724 189913 851921 503431 660260 888764 894083 537195 464799 127186 634709 458263 1004934 914496 843344 667058 971627 425132 164254 357814 830817 63903 503368 745661 575063 176777 466761 683475 650214 590647 798592 909431 405516 371580 471527 357138 540727 139831 248728 502956 413990 486665 180388 400439 161362 140739 721056 260352 499248 507477 349011 191083 627952
 263240 363913 241253 376218 164713 264562 354760 1 293353 570644 499107 500286 454091 245167 603996 523027 451302 392308 364018 518391 537362 334138 534215 571882 205592 453186 425518 557421 161451 657600 560533 492532 385770 646196 606038 352557 17001 608636 343051 568783 415662 220338 357688 390590 351217 528370 262609 493480 681719 53108 225247 467408 86284 330055 230792 142761 282167 532941 264829 353458 211849 356397 215311 417624 439096 148169 222532 553163 357635 274640
 545181 656848 512704 582200 307913 529745 609726 293353 1 300273 243228 290778 617474 355503 449763 385771 614787 684608 655270 244387 542393 374659 374015 552165 90858 723580 639283 457719 151484 542026 408168 383324 115091 606010 703753 641811 302415 359150 615573 589255 138277 192839 539194 648292 367423 394529 40962 527471 420916 269141 281276 467641 254709 195473 470298 435546 180328 605104 476832 644216 241083 545851 472910 475688 732128 241251 393446 679336 531496 157528
 832505 929625 750681 882361 516708 823755 906866 570644 300273 1 334936 432838 913404 521083 298507 290635 910781 959572 933018 56096 793134 478030 252779 527532 370596 945707 939506 657199 449928 410148 278993 326990 292091 544610 981184 922857 575175 401779 907927 842884 162093 382245 838360 861292 453627 580655 316224 564540 412069 532344 577153 724561 549772 450905 768320 711681 458087 878560 673679 922955 537691 845487 767989 551912 1003623 464656 583984 966069 830125 315374
 714997 845196 735813 678900 548359 682830 745350 499107 243228 334936 1 99351 674784 598730 599032 558019 672589 869019 836804 294280 485110 612674 532193 763633 324636 948914 735051 327290 337658 706735 565827 572731 128144 805636 694936 818695 512309 115995 769035 535068 250942 435587 623761 878859 601962 249725 284075 756464 183163 490520 373856 426480 432339 204988 610195 630755 243477 590861 715465 824697 346357 635311 626179 711761 919486 481338 634711 697335 611705 392283
 688212 825144 741424 622660 577658 649142 702262 500286 290778 432838 99351 1 605500 637440 687600 641030 603516 846328 813155 389893 392372 665107 618108 835093 356390 953362 676913 228132 343359 793023 652309 651141 186109 882266 607817 792956 515324 129868 733090 441875 334205 480416 565055 889407 658181 150521 328745 817570 208123 502250 335306 338974 423391 173902 573385 620095 221109 504509 738650 800727 316787 577915 594580 766379 897590 511684 664164 616456 551927 447869
 336252 454054 561921 109968 617456 276898 234301 454091 617474 913404 674784 605500 1 695989 1033466 956105 2823 451980 423982 857421 303280 788043 958921 1025953 572193 693302 118427 471806 481436 1101106 989392 933054 634563 1100187 191454 398130 465125 733754 297843 289249 753924 655069 97352 684539 805225 510407 613490 944455 809891 506102 336585 298459 409306 480007 244456 412629 459538 190013 664094 414063 376533 102522 279089 867336 493281 598216 658925 117203 96511 690539
 442981 479246 260760 610086 81166 470172 560959 245167 355503 521083 598730 637440 695989 1 432764 353321 693238 511452 495138 483589 769353 99893 379504 334385 281112 429927 653965 755812 319952 455079 394806 309533 470593 411301 851171 495982 232148 714643 529099 804882 410123 164665 598796 343386 125860 710128 314681 248710 774646 197806 450159 695926 314366 495086 460507 312369 453707 776206 155212 489096 424269 595879 435065 172458 543443 131748 70259 797817 600045 221743
 853566 909544 693519 973058 475588 866372 957676 603996 449763 298507 599032 687600 1033466 432764 1 81763 1030656 941700 923036 314854 992154 344327 76178 263675 465544 845702 1025713 893584 555841 111773 44088 123480 510781 257533 1144887 921063 599927 686343 938572 1038910 354331 384660 943503 758143 314207 822481 436213 340663 706675 552312 711846 917327 626246 643494 833415 720262 629647 1049736 578863 915909 672560 945958 819238 365814 975615 458563 502595 1111895 939523 342927
 771811 828634 613952 893542 394022 784918 876302 523027 385771 290635 558019 641030 956105 353321 81763 1 953290 860763 841774 292106 926544 268482 40679 237824 392198 771526 945751 838044 481455 156277 41524 49661 458715 256415 1072232 839570 518659 653667 856848 972358 307614 304446 865193 683831 238330 769424 367791 291538 682390 471113 638528 851094 547764 581152 752883 638500 563512 978710 501911 834546 599811 867257 738149 302868 895234 377086 423437 1037003 861599 266468
 334224 452485 559569 108123 614687 274774 232876 451302 614787 910781 672589 603516 2823 693238 1030656 953290 1 450582 422479 854794 302764 785263 956116 1023167 569415 691452 117848 470628 478664 1098284 986582 930232 632077 1097392 193161 396607 462350 731832 296352 289190 751266 652246 94641 682433 802431 508887 610751 941713 808023 503304 333928 297264 406484 477627 241911 410116 457028 190287 661552 412516 373862 99958 276627 864602 492044 595405 656241 119219 93711 687730
 159815 32209 256953 344934 468647 210956 217724 392308 684608 959572 869019 846328 451980 511452 941700 860763 450582 1 33794 908723 710122 608075 882368 819889 597882 264872 340765 820632 541948 965306 901769 819476 768374 897530 642429 58213 385594 968669 154808 715052 807430 587037 388187 293100 636280 823088 654900 712911 1045874 427232 513348 668983 439491 673957 286824 249549 629115 629638 387401 46375 529626 373598 256845 640307 51454 502688 444039 565892 401380 650930
 126090 32441 246550 315860 448335 177492 189913 364018 655270 933018 836804 813155 423982 495138 923036 841774 422479 33794 1 881652 677820 592996 862266 809466 569332 281642 315133 786966 511325 950007 882551 801450 737339 887373 615024 26110 358108 935847 126148 683544 779623 563269 357265 300525 620642 789296 626321 703964 1013174 400907 479852 635887 408308 641010 253117 221578 596384 599338 378034 12588 496545 342901 223061 630092 85147 479199 429127 538904 370207 626340
 779362 879096 705094 826359 472961 769406 851921 518391 244387 56096 294280 389893 857421 483589 314854 292106 854794 908723 881652 1 741560 449146 258087 523569 316562 903602 883529 611005 394477 426050 288387 321712 239323 548520 926950 870912 523553 372435 853946 791122 106439 337410 782267 820280 426796 535277 261493 549621 392589 481686 521109 672071 494975 396990 713136 660112 402783 824639 633790 871405 481617 789411 713401 529656 953438 418039 543925 910863 774030 270691
 562516 702752 734381 380752 689414 503137 503431 537362 542393 793134 485110 392372 303280 769353 992154 926544 302764 710122 677820 741560 1 839960 916374 1061855 543338 912400 414696 192215 465273 1082285 950443 918767 502453 1126450 224519 652124 553723 503741 559502 50127 654735 664951 326718 879650 847078 255447 558988 1006387 570690 575109 319236 76095 457004 350684 435155 576246 363049 131405 798008 665980 348060 342234 472352 936383 757958 643080 758927 256644 312349 671803
 542849 575921 353868 705597 171221 569202 660260 334138 374659 478030 612674 665107 788043 99893 344327 268482 785263 608075 592996 449146 839960 1 299697 238145 318354 503126 750905 807480 377895 357236 309722 221275 486458 313805 936743 594691 322970 726636 628980 878337 394602 187573 691306 415424 30180 754857 336427 166441 779365 283128 522192 764992 393747 540512 556477 411895 504036 857272 234641 587348 491925 689268 532514 101954 638000 198506 164049 886615 691660 220399
 787693 850356 639028 900357 413951 797885 888764 534215 374015 252779 532193 618108 958921 379504 76178 40679 956116 882368 862266 258087 916374 299697 1 277594 389813 802466 953564 820499 480298 174923 34616 88007 438604 292101 1068840 858979 531073 624395 871993 962998 283916 313971 869646 714788 269810 750292 360040 331841 650117 483326 635969 841440 552780 568226 762338 654931 553701 973572 530826 854616 596598 872429 749480 340631 918275 391009 449755 1036291 865381 268676
 773418 788423 563281 943546 409334 803881 894083 571882 552165 527532 763633 835093 1025953 334385 263675 237824 1023167 819889 809466 523569 1061855 238145 277594 1 522042 662677 988223 1007360 596652 198654 259374 201897 649021 78108 1171425 814709 561021 868433 858908 1102861 516070 396906 929337 579721 221431 946545 521443 111770 905691 520279 748954 985978 627330 739684 794240 645400 710251 1088825 432526 805458 715557 927398 769419 179583 842745 431524 387764 1123258 929514 398796
 463280 569467 421942 523711 224094 453188 537195 205592 90858 370596 324636 356390 572193 281112 465544 392198 569415 597882 569332 316562 543338 318354 389813 522042 1 633163 579549 490226 90919 544905 421839 378192 198877 583935 680055 557043 213420 440197 537412 586743 211680 130991 486658 558747 317535 436523 57019 480481 505895 178453 246456 467246 180399 222374 399839 348346 188651 586953 390894 558590 207616 491236 397655 420192 644600 157157 310710 646502 480911 128957
 359586 249207 213120 583337 431072 420818 464799 453186 723580 945707 948914 953362 693302 429927 845702 771526 691452 264872 281642 903602 912400 503126 802466 662677 633163 1 591964 985213 613011 839419 812633 723726 829276 735123 884356 304596 438545 1060538 401762 927329 817110 566837 613972 87702 533234 969168 685459 550927 1132068 458729 650749 857798 531867 781914 479047 346839 733954 854532 274717 288259 651419 601557 441035 493079 251117 490753 362893 810252 624695 633117
 246468 346500 483745 57520 580229 194850 127186 425518 639283 939506 735051 676913 118427 653965 1025713 945751 117848 340765 315133 883529 414696 750905 953564 988223 579549 591964 1 570494 492249 1083073 981812 917371 676256 1064642 303306 290008 432881 806744 190448 405176 777557 641305 111884 592539 771498 599751 627761 898481 884624 478574 370370 398686 402699 532127 195267 349444 502669 307838 598058 306328 406796 99741 219065 820659 379206 573684 607510 226161 125100 686211
 662794 806868 786326 525872 682387 609942 634709 557421 457719 657199 327290 228132 471806 755812 893584 838044 470628 820632 786966 611005 192215 807480 820499 1007360 490226 985213 570494 1 435881 993603 855112 840018 383244 1063474 416632 762899 574379 321107 681665 235993 540881 621009 466765 937309 807746 77616 486021 970693 382826 580418 336853 173375 471141 268349 533877 638395 303675 321574 820643 774480 345617 482073 565883 908788 871269 624075 763104 445432 451931 608614
 396913 515752 400075 435812 247559 378712 458263 161451 151484 449928 337658 343359 481436 319952 555841 481455 478664 541948 511325 394477 465273 377895 480298 596652 90919 613011 492249 435881 1 632689 512015 464988 227010 662295 591217 496169 174909 447662 464898 506387 288042 199784 396876 546516 382796 392757 135521 543939 520315 159004 157639 389513 104550 180762 318943 296484 135779 500024 398391 499820 120511 401986 321676 477281 590951 188251 330932 556056 390725 215698
 893408 933155 710442 1032786 512535 913125 1004934 657600 542026 410148 706735 793023 1101106 455079 111773 156277 1098284 965306 950007 426050 1082285 357236 174923 198654 544905 839419 1083073 993603 632689 1 140930 168373 612833 165346 1223876 951048 650992 796639 979489 1127806 458822 446038 1008212 753415 329374 924249 523314 299482 818236 604618 790284 1006702 691808 737425 888327 760312 719348 1131842 586364 944130 752204 1009207 870130 346542 994630 509445 521283 1186087 1005584 417010
 811273 869658 655397 929074 434519 823296 914496 560533 408168 278993 565827 652309 989392 394806 44088 41524 986582 901769 882551 288387 950443 309722 34616 259374 421839 812633 981812 855112 512015 140930 1 89279 473152 266371 1101445 880091 556692 656806 896073 996942 318174 340922 899419 724949 279551 784860 393459 323822 680930 509027 668222 875417 582175 602595 789700 678104 587638 1006629 543364 875226 629027 901890 775821 340510 936481 415608 464939 1068066 895436 298856
 735762 787289 570232 866313 355610 751653 843344 492532 383324 326990 572731 651141 933054 309533 123480 49661 930232 819476 801450 321712 918767 221275 88007 201897 378192 723726 917371 840018 464988 168373 89279 1 466215 233141 1055980 800186 486919 673095 821330 963466 322069 278115 840559 636068 191105 773761 360650 244759 706563 439883 622626 842885 523759 578256 723249 602272 556817 964695 455588 794595 584892 841842 706636 253290 852742 344881 379228 1017733 837704 249590
 620099 742565 616731 618809 421418 595432 667058 385770 115091 292091 128144 186109 634563 470593 510781 458715 632077 768374 737339 239323 502453 486458 438604 649021 198877 829276 676256 383244 227010 612833 473152 466215 1 696514 689866 721315 397459 244063 682399 551908 157743 307554 568744 756685 477085 311757 155972 634206 307185 370851 305892 432764 329040 159843 527944 523447 175311 586845 589449 725656 270308 578069 537911 586450 817688 354457 507483 677998 558632 266506
 851310 866133 641081 1019339 484911 881236 971627 646196 606010 544610 805636 882266 1100187 411301 257533 256415 1097392 897530 887373 548520 1126450 313805 292101 78108 583935 735123 1064642 1063474 662295 165346 266371 233141 696514 1 1242492 892749 635848 906095 936867 1168541 555165 462889 1003879 653434 294980 1000081 578085 186432 937899 594105 816696 1050399 698678 797419 870280 722905 770620 1158055 510130 883436 782170 1002305 846053 257315 919824 503605 465725 1195904 1003687 457459
 526118 645331 745024 301204 770405 465813 425132 606038 703753 981184 694936 607817 191454 851171 1144887 1072232 193161 642429 615024 926950 224519 936743 1068840 1171425 680055 884356 303306 416632 591217 1223876 1101445 1055980 689866 1242492 1 589266 619595 724947 488894 182873 830950 783515 275357 873011 950247 478450 710205 1099027 793852 654529 433751 268986 544099 530331 423474 590548 526823 104205 838698 605277 472497 285636 460611 1023603 682318 739956 822826 77318 267656 806914
 104756 56495 253824 289844 445576 153004 164254 352557 641811 922857 818695 792956 398130 495982 921063 839570 396607 58213 26110 870912 652124 594691 858979 814709 557043 304596 290008 762899 496169 951048 880091 800186 721315 892749 589266 1 347722 916464 100387 657574 768055 556649 331186 319019 621792 766360 613918 710505 994038 391803 458812 610774 392431 621445 229340 211451 577346 573230 385126 16402 476744 316803 200604 635756 108376 473076 431433 513259 344160 618714
 261552 356595 226110 384717 152458 266816 357814 17001 302415 575175 512309 515324 465125 232148 599927 518659 462350 385594 358108 523553 553723 322970 531073 561021 213420 438545 432881 574379 174909 650992 556692 486919 397459 635848 619595 347722 1 622522 343078 584782 421840 217948 368337 374839 341011 545027 270294 480787 695146 47753 242189 484014 103256 345741 237678 136562 297920 547715 247863 347867 228789 366467 219744 404523 431547 142043 206910 565680 368818 274821
 811927 946286 847471 752527 664117 775199 830817 608636 359150 401779 115995 129868 733754 714643 686343 653667 731832 968669 935847 372435 503741 726636 624395 868433 440197 1060538 806744 321107 447662 796639 656806 673095 244063 906095 724947 916464 622522 1 859974 551574 352375 551254 694897 992063 714906 248875 400029 867094 78618 603210 461634 458486 537484 295057 700202 736036 339619 623263 830794 923532 439850 707780 719822 824874 1019664 597100 750546 739218 681731 506343
 86202 156648 315638 190146 467052 86968 63903 343051 615573 907927 769035 733090 297843 529099 938572 856848 296352 154808 126148 853946 559502 628980 871993 858908 537412 401762 190448 681665 464898 979489 896073 821330 682399 936867 488894 100387 343078 859974 1 562078 748519 560638 234670 407115 653759 691872 592767 759944 938381 390482 398341 523056 360871 566372 159779 219276 525558 475097 441448 116489 422720 219754 144491 683058 199475 480992 471147 412879 248312 617546
 572664 709899 756187 377345 724363 512132 503368 568783 589255 842884 535068 441875 289249 804882 1038910 972358 289190 715052 683544 791122 50127 878337 962998 1102861 586743 927329 405176 235993 506387 1127806 996942 963466 551908 1168541 182873 657574 584782 551574 562078 1 703487 706142 327419 898861 886524 302792 604579 1044591 617257 608931 356193 121626 490978 398959 448313 597293 409306 102875 826140 672051 387490 342468 486301 973490 761493 680541 791185 225399 313832 715552
 674959 778330 613218 720474 386763 663634 745661 415662 138277 162093 250942 334205 753924 410123 354331 307614 751266 807430 779623 106439 654735 394602 283916 516070 211680 817110 777557 540881 288042 458822 318174 322069 157743 555165 830950 768055 421840 352375 748519 703487 1 251985 677122 736171 377376 468604 155753 520109 392869 381838 417339 582729 388890 304914 606763 558112 304263 729939 553216 769117 377484 683969 607427 486145 853100 326787 464125 811245 669186 188707
 477788 555944 368436 589251 135774 484532 575063 220338 192839 382245 435587 480416 655069 164665 384660 304446 652246 587037 563269 337410 664951 187573 313971 396906 130991 566837 641305 621009 199784 446038 340922 278115 307554 462889 783515 556649 217948 551254 560638 706142 251985 1 562461 484734 186840 567345 152672 349743 610157 170280 354044 589091 245780 353356 448779 347192 318381 696218 301295 554338 319295 563882 435530 289507 628155 84456 212578 741875 559606 66903
 254393 384795 470031 59573 520514 193169 176777 357688 539194 838360 623761 565055 97352 598796 943503 865193 94641 388187 357265 782267 326718 691306 869646 929337 486658 613972 111884 466765 396876 1008212 899419 840559 568744 1003879 275357 331186 368337 694897 234670 327419 677122 562461 1 598358 708902 491248 531321 847187 772825 410036 263534 298499 317430 421653 149334 317635 394070 242682 568403 346099 301608 15641 185642 770027 434121 502950 561645 207801 14885 600972
 348775 269488 151255 575525 349409 407675 466761 390590 648292 861292 878859 889407 684539 343386 758143 683831 682433 293100 300525 820280 879650 415424 714788 579721 558747 87702 592539 937309 546516 753415 724949 636068 756685 653434 873011 319019 374839 992063 407115 898861 736171 484734 598358 1 445534 915605 609261 468010 1061851 388910 600564 820375 473399 720574 454929 304015 672727 833357 188339 303753 596701 587438 416581 407603 294197 411416 277457 801585 607522 550426
 567563 604098 382872 725129 191350 592096 683475 351217 367423 453627 601962 658181 805225 125860 314207 238330 802431 636280 620642 426796 847078 30180 269810 221431 317535 533234 771498 807746 382796 329374 279551 191105 477085 294980 950247 621792 341011 714906 653759 886524 377376 186840 708902 445534 1 752957 330555 162948 765465 299190 530949 771684 406251 539815 576568 435742 505200 868762 264691 614765 499215 707405 553811 109999 666846 210304 192372 901841 708731 210707
 663491 806614 764410 550809 640190 614809 650214 528370 394529 580655 249725 150521 510407 710128 822481 769424 508887 823088 789296 535277 255447 754857 750292 946545 436523 969168 599751 77616 392757 924249 784860 773761 311757 1000081 478450 766360 545027 248875 691872 302792 468604 567345 491248 915605 752957 1 425834 915600 315445 545074 319180 217859 443115 215313 537560 623612 257106 378777 786944 776714 318909 505896 566268 856714 874347 578823 723526 498991 476785 549058
 519596 626471 475503 571260 267300 507961 590647 262609 40962 316224 284075 328745 613490 314681 436213 367791 610751 654900 626321 261493 558988 336427 360040 521443 57019 685459 627761 486021 135521 523314 393459 360650 155972 578085 710205 613918 270294 400029 592767 604579 155753 152672 531321 609261 330555 425834 1 491821 461814 234157 280504 483393 233553 219378 452289 405364 196278 613800 436429 615556 240319 536906 451909 437902 701591 200821 352633 681524 524610 123225
 675422 681778 457417 856620 328789 709908 798592 493480 527471 564540 756464 817570 944455 248710 340663 291538 941713 712911 703964 549621 1006387 166441 331841 111770 480481 550927 898481 970693 543939 299482 323822 244759 634206 186432 1099027 710505 480787 867094 759944 1044591 520109 349743 847187 468010 162948 915600 491821 1 912748 444543 688404 931432 558169 702739 706950 551164 668027 1021756 325949 700559 658362 843941 679528 77828 734018 364228 291526 1046461 848644 369950
 889604 1023129 918962 830642 728471 853458 909431 681719 420916 412069 183163 208123 809891 774646 706675 682390 808023 1045874 1013174 392589 570690 779365 650117 905691 505895 1132068 884624 382826 520315 818236 680930 706563 307185 937899 793852 994038 695146 78618 938381 617257 392869 610157 772825 1061851 765465 315445 461814 912748 1 673667 540051 529959 612714 372910 778622 811384 416791 693485 896629 1000898 517693 785826 797920 875311 1096764 661561 814309 811519 759558 560604
 308307 397426 245912 429309 116640 314566 405516 53108 269141 532344 490520 502250 506102 197806 552312 471113 503304 427232 400907 481686 575109 283128 483326 520279 178453 458729 478574 580418 159004 604618 509027 439883 370851 594105 654529 391803 47753 603210 390482 608931 381838 170280 410036 388910 299190 545074 234157 444543 673667 1 257554 503136 118121 338025 283711 180419 291286 578406 241895 391088 237143 409067 267078 369664 471782 95183 185248 603489 409595 228182
 354129 493929 449501 312942 370477 313867 371580 225247 281276 577153 373856 335306 336585 450159 711846 638528 333928 513348 479852 521109 319236 522192 635969 748954 246456 650749 370370 336853 157639 790284 668222 622626 305892 816696 433751 458812 242189 461634 398341 356193 417339 354044 263534 600564 530949 319180 280504 688404 540051 257554 1 245986 140511 169158 238573 304541 133328 342705 490040 467328 40315 272356 259426 617501 564782 324378 442621 401226 254154 373274
 515905 658760 672845 356588 616446 458787 471527 467408 467641 724561 426480 338974 298459 695926 917327 851094 297264 668983 635887 672071 76095 764992 841440 985978 467246 857798 398686 173375 389513 1006702 875417 842885 432764 1050399 268986 610774 484014 458486 523056 121626 582729 589091 298499 820375 771684 217859 483393 931432 529959 503136 245986 1 385298 277890 386445 516366 287793 165550 730141 623687 273135 314068 422023 861966 718336 568683 687747 281700 283622 595737
 292451 414228 322666 348241 233529 275128 357138 86284 254709 549772 432339 423391 409306 314366 626246 547764 406484 439491 408308 494975 457004 393747 552780 627330 180399 531867 402699 471141 104550 691808 582175 523759 329040 698678 544099 392431 103256 537484 360871 490978 388890 245780 317430 473399 406251 443115 233553 558169 612714 118121 140511 385298 1 250468 219447 198671 202619 463646 350604 396616 125611 319719 218583 484798 489129 195959 302474 498072 314059 284341
 516877 652121 571134 475467 426590 480909 540727 330055 195473 450905 204988 173902 480007 495086 643494 581152 477627 673957 641010 396990 350684 540512 568226 739684 222374 781914 532127 268349 180762 737425 602595 578256 159843 797419 530331 621445 345741 295057 566372 398959 304914 353356 421653 720574 539815 215313 219378 702739 372910 338025 169158 277890 250468 1 406870 446283 47967 427688 578891 628659 144803 432528 425087 642203 725070 364099 511122 518499 410248 340931
 129739 273537 321660 149685 385476 77330 139831 230792 470298 768320 610195 573385 244456 460507 833415 752883 241911 286824 253117 713136 435155 556477 762338 794240 399839 479047 195267 533877 318943 888327 789700 723249 527944 870280 423474 229340 237678 700202 159779 448313 606763 448779 149334 454929 576568 537560 452289 706950 778622 283711 238573 386445 219447 406870 1 168379 366837 378448 419641 240615 263913 141967 38392 629273 337675 378891 417816 357135 155846 497177
 133492 221313 158995 313033 247804 158800 248728 142761 435546 711681 630755 620095 412629 312369 720262 638500 410116 249549 221578 660112 576246 411895 654931 645400 348346 346839 349444 638395 296484 760312 678104 602272 523447 722905 590548 211451 136562 736036 219276 597293 558112 347192 317635 304015 435742 623612 405364 551164 811384 180419 304541 516366 198671 446283 168379 1 399032 538340 251729 211306 308500 310247 134139 473425 296583 264934 259644 525397 323519 407957
 473065 606686 523193 445414 383087 439407 502956 282167 180328 458087 243477 221109 459538 453707 629647 563512 457028 629115 596384 402783 363049 504036 553701 710251 188651 733954 502669 303675 135779 719348 587638 556817 175311 770620 526823 577346 297920 339619 525558 409306 304263 318381 394070 672727 505200 257106 196278 668027 416791 291286 133328 287793 202619 47967 366837 399032 1 426512 532688 584109 102926 403840 382909 605183 680065 322115 466708 508086 383660 313200
 495666 627323 696607 286197 695042 434362 413990 532941 605104 878560 590861 504509 190013 776206 1049736 978710 190287 629638 599338 824639 131405 857272 973572 1088825 586953 854532 307838 321574 500024 1131842 1006629 964695 586845 1158055 104205 573230 547715 623263 475097 102875 729939 696218 242682 833357 868762 378777 613800 1021756 693485 578406 342705 165550 463646 427688 378448 538340 426512 1 778896 588377 379812 256589 416821 947841 674145 658991 754038 125298 230717 715113
 360188 356047 131521 564403 169500 403613 486665 264829 476832 673679 715465 738650 664094 155212 578863 501911 661552 387401 378034 633790 798008 234641 530826 432526 390894 274717 598058 820643 398391 586364 543364 455588 589449 510130 838698 385126 247863 830794 441448 826140 553216 301295 568403 188339 264691 786944 436429 325949 896629 241895 490040 730141 350604 578891 419641 251729 532688 778896 1 374802 475354 561605 385851 252949 411173 235612 89866 775759 573445 365496
 113511 40192 243299 305547 440804 165148 180388 353458 644216 922955 824697 800727 414063 489096 915909 834546 412516 46375 12588 871405 665980 587348 854616 805458 558590 288259 306328 774480 499820 944130 875226 794595 725656 883436 605277 16402 347867 923532 116489 672051 769117 554338 346099 303753 614765 776714 615556 700559 1000898 391088 467328 623687 396616 628659 240615 211306 584109 588377 374802 1 484154 331843 210475 626254 97732 470422 423693 529356 358922 617073
 372122 508387 445502 349278 346068 336736 400439 211849 241083 537691 346357 316787 376533 424269 672560 599811 373862 529626 496545 481617 348060 491925 596598 715557 207616 651419 406796 345617 120511 752204 629027 584892 270308 782170 472497 476744 228789 439850 422720 387490 377484 319295 301608 596701 499215 318909 240319 658362 517693 237143 40315 273135 125611 144803 263913 308500 102926 379812 475354 484154 1 309783 280529 588920 580847 295738 422034 441259 292756 335325
 242033 370734 460974 45147 518220 181029 161362 356397 545851 845487 635311 577915 102522 595879 945958 867257 99958 373598 342901 789411 342234 689268 872429 927398 491236 601557 99741 482073 401986 1009207 901890 841842 578069 1002305 285636 316803 366467 707780 219754 342468 683969 563882 15641 587438 707405 505896 536906 843941 785826 409067 272356 314068 319719 432528 141967 310247 403840 256589 561605 331843 309783 1 177117 766601 419229 502637 557173 216240 30462 603835
 97295 241128 284444 179214 362484 57536 140739 215311 472910 767989 626179 594580 279089 435065 819238 738149 276627 256845 223061 713401 472352 532514 749480 769419 397655 441035 219065 565883 321676 870130 775821 706636 537911 846053 460611 200604 219744 719822 144491 486301 607427 435530 185642 416581 553811 566268 451909 679528 797920 267078 259426 422023 218583 425087 38392 134139 382909 416821 385851 210475 280529 177117 1 601718 308169 361780 388908 393176 193011 487403
 598269 608856 383766 778926 253269 632193 721056 417624 475688 551912 711761 766379 867336 172458 365814 302868 864602 640307 630092 529656 936383 101954 340631 179583 420192 493079 820659 908788 477281 346542 340510 253290 586450 257315 1023603 635756 404523 824874 683058 973490 486145 289507 770027 407603 109999 856714 437902 77828 875311 369664 617501 861966 484798 642203 629273 473425 605183 947841 252949 626254 588920 766601 601718 1 663476 293313 213784 970105 771682 319945
 211233 75320 284206 388269 505922 261345 260352 439096 732128 1003623 919486 897590 493281 543443 975615 895234 492044 51454 85147 953438 757958 638000 918275 842745 644600 251117 379206 871269 590951 994630 936481 852742 817688 919824 682318 108376 431547 1019664 199475 761493 853100 628155 434121 294197 666846 874347 701591 734018 1096764 471782 564782 718336 489129 725070 337675 296583 680065 674145 411173 97732 580847 419229 308169 663476 1 543700 474620 605310 447671 692918
 396954 471538 287235 524035 67022 407833 499248 148169 241251 464656 481338 511684 598216 131748 458563 377086 595405 502688 479199 418039 643080 198506 391009 431524 157157 490753 573684 624075 188251 509445 415608 344881 354457 503605 739956 473076 142043 597100 480992 680541 326787 84456 502950 411416 210304 578823 200821 364228 661561 95183 324378 568683 195959 364099 378891 264934 322115 658991 235612 470422 295738 502637 361780 293313 543700 1 153556 692300 501782 149988
 385701 411879 191093 567110 86703 418411 507477 222532 393446 583984 634711 664164 658925 70259 502595 423437 656241 444039 429127 543925 758927 164049 449755 387764 310710 362893 607510 763104 330932 521283 464939 379228 507483 465725 822826 431433 206910 750546 471147 791185 464125 212578 561645 277457 192372 723526 352633 291526 814309 185248 442621 687747 302474 511122 417816 259644 466708 754038 89866 423693 422034 557173 388908 213784 474620 153556 1 765258 564419 275987
 453441 569482 677213 227051 717838 393910 349011 553163 679336 966069 697335 616456 117203 797817 1111895 1037003 119219 565892 538904 910863 256644 886615 1036291 1123258 646502 810252 226161 445432 556056 1186087 1068066 1017733 677998 1195904 77318 513259 565680 739218 412879 225399 811245 741875 207801 801585 901841 498991 681524 1046461 811519 603489 401226 281700 498072 518499 357135 525397 508086 125298 775759 529356 441259 216240 393176 970105 605310 692300 765258 1 202333 770578
 265289 397383 477376 74186 521220 203970 191083 357635 531496 830125 611705 551927 96511 600045 939523 861599 93711 401380 370207 774030 312349 691660 865381 929514 480911 624695 125100 451931 390725 1005584 895436 837704 558632 1003687 267656 344160 368818 681731 248312 313832 669186 559606 14885 607522 708731 476785 524610 848644 759558 409595 254154 283622 314059 410248 155846 323519 383660 230717 573445 358922 292756 30462 193011 771682 447671 501782 564419 202333 1 596741
 536328 620122 435320 632383 202274 538761 627952 274640 157528 315374 392283 447869 690539 221743 342927 266468 687730 650930 626340 270691 671803 220399 268676 398796 128957 633117 686211 608614 215698 417010 298856 249590 266506 457459 806914 618714 274821 506343 617546 715552 188707 66903 600972 550426 210707 549058 123225 369950 560604 228182 373274 595737 284341 340931 497177 407957 313200 715113 365496 617073 335325 603835 487403 319945 692918 149988 275987 770578 596741 1
LAMBDA_SECTION
1 877
2 243
3 734
4 753
5 578
6 645
7 559
8 30
9 226
10 488
11 272
12 599
13 473
14 999
15 415
16 594
17 556
18 403
19 820
20 29
21 877
22 756
23 251
24 958
25 969
26 348
27 847
28 857
29 293
30 835
31 580
32 702
33 216
34 411
35 878
36 435
37 99
38 876
39 224
40 535
41 227
42 407
43 605
44 187
45 40
46 439
47 704
48 473
49 567
50 867
51 347
52 736
53 1000
54 853
55 888
56 296
57 135
58 819
59 681
60 121
61 169
62 814
63 682
64 689
65 116
66 510
67 391
68 466
69 499
70 535
