NAME : domp90p30v3
COMMENT : Cherkesly, Contardo & Gruson 2022
TYPE : DOMP
DIMENSION : 90
DISPLAY_DATA_TYPE : NO_DISPLAY
OPEN_FACILITIES : 30
COST_SECTION
 1 755089 745810 423097 76109 897977 829723 738684 470846 582829 351887 716131 545193 688920 1137289 640707 770758 64264 823029 815685 677865 772860 1016197 776614 446181 475196 311023 586980 533498 991246 1080826 838576 688870 184134 782448 1028217 805563 457900 366445 637784 782562 360680 908081 938742 555318 919041 757792 593541 693163 257528 990459 557339 538590 248891 430089 594957 361909 431738 639313 629732 887860 558672 845558 358202 771553 821718 844165 873111 560563 534951 455783 654675 1019168 736471 931767 564028 656212 836027 850427 329318 719960 290411 931332 229851 80990 133475 424919 780734 716579 537263
 755089 1 500074 503352 830454 828836 1228943 1066751 352602 779820 903665 1022711 453051 766130 889023 167114 1137854 791603 193152 351245 1093955 506542 804154 1041687 1000942 907779 468579 492839 315136 599378 930784 106033 815352 572405 263625 652282 688922 700106 927887 143885 445166 402049 506603 936206 639266 947416 1164362 1026185 508464 499060 834249 322164 247350 541010 326503 471612 872785 758682 153477 404134 848366 341366 255023 883691 37797 585497 546833 746613 387297 880243 372537 109441 727277 788458 884410 1009640 649540 945241 1142288 428594 468448 472505 937989 610670 834357 700973 898984 902935 938781 697040
 745810 500074 1 322718 799357 328843 822472 653345 336060 388590 673393 608226 202465 315167 439191 360298 729995 741540 357560 195584 719345 27205 330585 604927 736013 598909 469393 160191 294227 246899 445154 474365 371353 599091 258417 282463 189851 392018 693870 395641 79882 471208 177494 437712 269271 451945 771371 677239 57842 588176 344366 262627 371478 507098 514716 150886 629889 463575 379682 140133 349532 245171 315900 645109 474101 96984 98682 247100 211694 530146 338013 434221 290799 319582 384447 672959 207128 467540 700992 503980 36201 598944 440295 517218 819106 780750 619978 435853 504580 333431
 423097 503352 322718 1 477806 522348 736919 583178 154542 308663 416414 541965 124087 352656 729299 339996 648854 420734 479680 416642 595143 349787 609656 574851 505705 404466 175004 164485 190275 568589 693099 544716 382203 286391 408632 605124 405200 201998 440170 359468 363697 214995 488231 593524 193852 586141 669050 524085 270555 298187 595360 193487 260721 190548 307575 171907 379956 255617 350724 215403 522414 181646 479917 392692 499838 400990 421088 476789 158436 381668 136167 396157 600470 393994 567407 506625 271377 537222 673283 234488 297599 322615 589532 195006 496808 466203 398319 483523 478321 225455
 76109 830454 799357 477806 1 929353 806871 729929 538922 602809 331312 711617 601528 715737 1177482 713306 754850 59146 894240 879896 658593 826542 1056452 774902 415151 467153 380814 639374 601343 1045964 1113814 912861 709885 258481 850369 1080913 845442 484863 341529 711480 840660 434039 965716 961899 592268 939687 736470 576183 745089 333534 1026637 623797 610988 314963 505924 649201 350313 448330 712538 689173 916732 623729 914801 343510 846395 870892 896964 910863 622127 536883 522962 729303 1065837 763162 959718 546299 694456 851127 841990 403571 775343 366480 953807 282860 28842 189339 413761 796959 723727 566576
 897977 828836 328843 522348 929353 1 624529 472542 611180 341899 689094 435871 449561 217819 278745 684002 543056 870897 679645 506740 576775 324933 177856 398218 706087 561122 697085 390457 589456 376733 185250 799952 243820 801302 582160 360618 140890 444830 701252 718815 392238 726376 399144 113859 345384 139159 597221 574062 327174 820532 116542 561951 676537 705484 797284 401732 646355 491838 703142 442718 34462 541041 630644 661101 802868 252386 306256 87622 495281 469251 604926 758691 262745 173011 55617 584729 251518 209370 470547 751962 360728 843639 119606 679308 955062 973095 605959 217478 329979 362791
 829723 1228943 822472 736919 806871 624529 1 169181 890939 452417 478122 214455 777868 508368 880539 1061840 92970 770095 1152435 1014435 154552 837421 800011 228309 394271 368991 854245 747497 915666 980694 750880 1248338 452034 866451 1057721 976053 682642 534926 465615 1087206 902324 921968 969910 549232 593971 510716 73115 239432 779142 936442 732960 906785 995681 807144 1027095 770236 470470 490420 1075974 845308 590497 887863 1125671 472285 1218512 803827 863352 688173 843501 356949 873017 1126500 886017 514663 601277 267694 617243 415653 163476 923839 833844 976702 537630 733031 834877 958129 410282 413989 319755 532691
 738684 1066751 653345 583178 729929 472542 169181 1 735326 287201 401697 45369 614110 339683 740546 899739 76781 684716 984656 845288 118648 668505 650246 81386 348854 263737 714833 581040 755721 817068 617427 1082455 283429 745175 889394 815255 517671 383153 397156 926331 733185 778973 802545 413036 428661 374986 125429 167511 610030 807959 585656 744906 838260 675465 882087 603666 379718 350585 914524 678296 439636 725399 956972 386589 1054877 636731 695924 528863 679917 217434 718227 966222 729870 348482 457268 195059 448094 270055 112080 784776 664701 846459 401236 606535 758738 859288 316192 256000 152618 369828
 470846 352602 336060 154542 538922 611180 890939 735326 1 455108 553372 693281 161851 477074 773821 195474 802285 488787 360252 349595 749684 359182 660873 722467 648928 556685 160625 220744 62672 558118 763547 404652 515546 295431 311649 603431 477617 356223 577562 209532 342579 138028 464440 698563 325244 697765 823424 678181 302423 261802 662151 89237 106698 224194 186241 210575 521024 409382 202938 196553 618721 97263 376157 532362 352746 430813 429235 548769 124737 536176 20077 243936 626596 512174 662083 660112 375025 664679 822020 172974 301558 265997 696569 276442 551212 470066 546425 614021 623179 370441
 582829 779820 388590 308663 602809 341899 452417 287201 455108 1 347901 242908 326957 125462 613884 612927 360005 546273 701068 571562 333276 408459 498961 267360 376553 230176 462824 295191 470540 592673 525982 795972 107119 527713 607827 604999 306562 131971 361263 640109 466312 518071 555347 359414 141639 337024 392844 289021 338136 572875 452316 458363 555153 441293 615551 317971 304717 154967 627999 393293 322720 438587 677215 319616 767679 398201 451739 351372 392771 146628 439335 680316 545398 168923 362867 286766 184120 255388 367068 530770 392840 606499 351098 389611 630056 678393 268366 199364 169712 84712
 351887 903665 673393 416414 331312 689094 478122 401697 553372 347901 1 388008 519976 473327 961581 748484 423542 292008 896065 817665 327710 698705 845578 454016 105534 146490 451350 527619 602275 908295 871848 956884 447296 416789 821966 929790 645395 282714 24223 762286 738619 524425 850832 692305 409579 663374 406633 244873 615754 497237 800215 609329 656470 386068 628252 546637 44552 213662 756281 613213 668009 598059 893951 29039 905951 714095 757997 696993 571042 233038 533302 794230 883962 516198 705791 214992 501957 562660 513312 513144 662840 539218 682425 307228 359856 481920 91622 513910 420741 354745
 716131 1022711 608226 541965 711617 435871 214455 45369 693281 242908 388008 1 569854 295037 707397 855777 121771 664240 939393 799981 143095 623581 613720 67763 346536 244713 677701 536095 712419 774685 587234 1037548 238903 713470 844058 774044 474979 343420 386132 882676 688046 740592 758487 383553 384113 346246 167028 169826 564702 773849 550343 701079 795595 640859 842921 558686 361863 315659 870724 633201 403664 681426 911606 370249 1010487 592872 651868 488765 635669 185834 676447 922706 690638 305472 424082 193620 402788 238866 138460 747559 619390 811712 371829 573906 740457 833787 299120 218413 110068 326163
 545193 453051 202465 124087 601528 449561 777868 614110 161851 326957 519976 569854 1 324188 626148 286481 686091 544694 387753 299167 648340 229070 509488 589318 600027 481289 269740 59263 151793 446135 605790 472199 368219 397027 304648 484425 317792 263146 542798 314999 239612 282380 364244 537169 186245 537456 715226 587213 155190 391415 505023 133540 241138 304634 347743 54288 479916 331296 302182 94429 456880 112760 376904 493954 440842 287927 301119 389562 65815 437230 155558 355805 488117 355405 500245 574726 215756 510692 689925 311955 174843 406753 535436 318674 620048 578677 486710 462591 486864 245182
 688920 766130 315167 352656 715737 217819 508368 339683 477074 125462 473327 295037 324188 1 488440 603564 416463 657877 658854 509398 416815 329156 374091 290135 498993 352428 523838 275010 475974 487556 402814 765469 56350 610501 560923 493788 190718 231394 486685 634745 395008 567404 464205 251693 158869 237490 460692 390903 276359 642871 326903 456274 565185 517679 654530 295166 430010 274166 620796 362905 201493 434861 625338 444976 748352 299543 357719 227644 386012 263742 465172 675958 425755 47563 243994 394747 117577 187606 387638 586760 329770 671757 245430 479388 742106 773677 393200 138455 189465 152245
 1137289 889023 439191 729299 1177482 278745 880539 740546 773821 613884 961581 707397 626148 488440 1 780206 806349 1118358 706240 537782 850028 418723 121119 662074 983794 838129 894835 570652 733358 300317 135722 828580 521147 1015649 625465 251768 332099 701498 975123 815166 458674 906166 383725 331314 585453 369853 862561 851977 472917 1017427 162833 701625 807988 919808 953904 571947 918005 756931 799272 579188 307056 684361 645784 933089 855644 343119 355963 268232 649089 746833 774047 849337 161797 447493 283405 863275 483103 470573 719213 937317 474919 1032390 342942 909846 1201414 1195132 881197 491363 605315 619480
 640707 167114 360298 339996 713306 684002 1061840 899739 195474 612927 748484 855777 286481 603564 780206 1 970744 668035 186564 261224 927398 372459 683061 875677 842812 744055 335098 328824 149930 511997 803653 209327 651345 457139 184684 563891 543114 534023 772647 35435 321914 280302 413450 787108 472711 795193 997396 860594 357568 397714 703779 155055 102379 406156 242710 308405 715337 594113 19410 245934 700425 174352 224281 727007 159898 453358 425615 606084 220921 713849 215467 74769 620127 628490 739032 844716 488243 785590 976292 313384 325597 382584 787874 467716 721633 611386 737861 741326 773010 529976
 770758 1137854 729995 648854 754850 543056 92970 76781 802285 360005 423542 121771 686091 416463 806349 970744 1 713663 1059566 921625 100102 745259 720125 145042 353687 298861 772469 654900 825323 892558 680057 1155971 360203 793009 964767 889731 593519 447202 414778 996578 809817 838714 879148 476106 501633 437602 57559 178694 686300 859798 654362 815717 906369 728740 943079 677614 408850 407208 985125 752587 509567 796577 1032703 413109 1126894 713254 772532 602572 751808 272599 784681 1036115 802489 424650 524160 208591 524455 336679 115558 842339 741035 899317 464333 656761 783393 895756 346082 328543 228928 441032
 64264 791603 741540 420734 59146 870897 770095 684716 488787 546273 292008 664240 544694 657877 1118358 668035 713663 1 846621 826174 619338 768738 997323 726287 383677 421024 333369 581437 550786 988295 1055205 870533 653226 220346 799361 1022779 786310 426732 305264 668222 784127 391313 908932 904925 533194 883292 698622 535604 686964 301123 967704 572044 565689 264735 470564 591693 305611 392356 668355 633326 858637 570974 864930 300565 805690 812249 838924 851812 567358 486253 472114 688218 1006883 705358 901794 505889 635352 796196 796740 363034 718012 337622 896982 226249 84240 197633 369114 741649 671354 508194
 823029 193152 357560 479680 894240 679645 1152435 984656 360252 701068 896065 939393 387753 658854 706240 186564 1059566 846621 1 175676 1031201 355989 630203 946827 983014 868860 513604 406569 301138 410971 759902 123570 712889 640618 99254 463515 545201 650897 919765 201568 287464 464412 322631 791601 560859 808239 1093889 973679 383706 583936 667828 288119 285811 582236 427681 383742 858948 718443 193718 308070 703566 298058 62314 872014 156167 428006 380217 593481 328051 823068 378620 208581 545520 671519 734871 962086 542100 823602 1045851 498418 333348 569102 795105 636411 904013 797866 871887 788475 843868 625513
 815685 351245 195584 416642 879896 506740 1014435 845288 349595 571562 817665 799981 299167 509398 537782 261224 921625 826174 175676 1 904791 187902 455957 799516 893068 765152 509191 293337 288308 253388 584949 298905 565251 644660 87751 306088 375860 548472 840075 293095 118003 482110 156801 619624 439084 638199 960860 856206 235372 607976 492196 260528 324898 566795 484120 272562 776613 619912 278375 204898 532050 257126 123949 791021 318226 254370 204658 419849 260262 706169 362019 321153 376034 515166 561579 848743 397195 661843 896200 518063 180592 605151 623721 602046 894779 819213 777851 631361 698343 505523
 677865 1093955 719345 595143 658593 576775 154552 118648 749684 333276 327710 143095 648340 416815 850028 927398 100102 619338 1031201 904791 1 737523 754384 199320 253775 214673 703506 624717 779003 903670 730323 1120524 363236 712085 939686 906687 604438 394315 317372 950860 798085 772400 879354 526537 470632 489071 81438 85070 670737 782777 692036 772905 855640 654337 878100 647526 317037 342970 940490 723228 545186 755050 1009715 319709 1085981 716011 773371 624984 713007 213873 731121 989193 827729 435756 566873 113986 512371 381946 208823 772750 725600 823267 514795 579446 686960 805082 256067 359581 247130 405702
 772860 506542 27205 349787 826542 324933 837421 668505 359182 408459 698705 623581 229070 329156 418723 372459 745259 768738 355989 187902 737523 1 313069 617719 759959 621823 495036 187395 315115 219699 431215 475202 385503 625317 257663 255519 189271 416836 718990 407893 69919 495186 152276 435908 292950 452307 787784 697444 84203 613147 331440 283194 389738 533663 535767 177904 655060 488161 391867 162651 347762 266608 310727 670326 479118 80901 72185 240575 235444 551377 361916 445559 267501 330004 380466 693933 225333 474152 712612 528318 57668 623134 439199 544359 846255 806949 644013 445164 518509 356262
 1016197 804154 330585 609656 1056452 177856 800011 650246 660873 498961 845578 613720 509488 374091 121119 683061 720125 997323 630203 455957 754384 313069 1 575115 872428 726072 776876 452900 623785 251617 131237 753765 411318 896039 541886 217201 211020 581769 859908 718417 362310 790992 312424 260245 464578 296394 774699 748983 358532 899981 69167 592585 702019 800015 843417 455578 801675 638709 702391 468921 210669 574323 572681 816890 772827 233628 258585 149043 536507 635935 659915 754619 106932 335968 200807 758117 362186 384429 643115 821359 366773 916235 270601 788918 1080331 1075029 767207 395315 507370 500079
 776614 1041687 604927 574851 774902 398218 228309 81386 722467 267360 454016 67763 589318 290135 662074 875677 145042 726287 946827 799516 199320 617719 575115 1 414288 309319 719985 550099 736341 752780 537374 1049829 234600 764578 849681 747745 455761 382650 452915 904195 684638 779941 745047 332989 403438 294715 200531 236718 566094 821224 509336 722367 821968 687908 880059 572134 426283 364850 891499 644713 364616 701974 915058 435315 1027210 578892 638815 459896 654756 242235 706648 944821 658484 289835 379399 261181 405021 191814 100616 789394 619823 857929 321185 624282 803720 891577 364202 185680 103348 352037
 446181 1000942 736013 505705 415151 706087 394271 348854 648928 376553 105534 346536 600027 498993 983794 842812 353687 383677 983014 893068 253775 759959 872428 414288 1 146606 554659 599980 694672 961267 883166 1049830 462658 522084 904486 977914 682882 345887 84051 858440 806017 627720 911931 692081 467016 659535 326322 181509 679433 602760 820988 699130 753619 490634 732208 620506 128318 273909 851627 690898 681108 686290 976740 118668 1001529 765606 814088 726615 655453 236962 628878 891670 921925 536805 714728 154025 549301 553350 455829 617555 729653 644743 681328 411616 442597 578541 116094 511011 405343 405239
 475196 907779 598909 404466 467153 561122 368991 263737 556685 230176 146490 244713 481289 352428 838129 744055 298861 421024 868860 765152 214673 621823 726072 309319 146606 1 493454 472481 594127 818264 740136 945912 317329 497462 784660 833316 536697 218550 149831 763902 671740 564018 772890 553461 330076 522753 295945 131287 543540 568406 675417 593380 663365 441106 670203 494167 117153 150894 755154 567587 537114 577974 856681 126061 903951 622669 672884 580029 541604 92522 537206 800157 775561 390771 572187 107023 406049 419538 375724 561867 595565 609100 543125 365267 495993 597707 55160 373098 275269 265567
 311023 468579 469393 175004 380814 697085 854245 714833 160625 462824 451350 677701 269740 523838 894835 335098 772469 333369 513604 509191 703506 495036 776876 719985 554659 493454 1 324190 223230 705426 865763 540164 548273 135645 471705 747654 576862 337492 475134 337480 490754 73084 615455 767904 365429 759414 782697 623599 424878 123909 766893 248828 232976 72473 178266 323968 428096 365333 336391 337963 697417 252926 534562 436156 478413 557602 567095 648871 264547 499980 147174 361321 757663 566749 742409 600476 446360 704929 814334 69954 438285 148119 763645 145704 391737 314438 468565 649988 630333 385459
 586980 492839 160191 164485 639374 390457 747497 581040 220744 295191 527619 536095 59263 275010 570652 328824 654900 581437 406569 293337 624717 187395 452900 550099 599980 472481 324190 1 205177 407085 547024 501461 322659 447472 315736 441670 258680 255160 549412 359743 212952 340800 332618 479454 154315 480927 687675 569252 106190 447085 446490 182494 294663 353034 406834 22833 485555 326587 345867 98516 398305 160910 386804 500287 477205 236867 257627 330551 112054 418423 214818 400952 436853 302638 441436 559522 161836 459218 650540 369608 139745 464038 478046 357713 659424 628618 484580 413182 446861 219178
 533498 315136 294227 190275 601343 589456 915666 755721 62672 470540 602275 712419 151793 475974 733358 149930 825323 550786 301138 288308 779003 315115 623785 736341 694672 594127 223230 205177 1 504633 732356 355166 519325 357710 249073 551540 451782 384984 626328 171878 290351 194801 409124 683240 333403 685854 850141 711138 268884 320361 630684 32205 89580 286455 220655 189559 567801 444233 161707 154872 600258 49623 314269 579902 309825 390880 382650 521124 94484 565209 78725 210835 581906 506722 642246 694951 366396 662397 836731 230598 258443 320737 682279 335667 613822 530908 588494 614359 634865 386367
 991246 599378 246899 568589 1045964 376733 980694 817068 558118 592673 908295 774685 446135 487556 300317 511997 892558 988295 410971 253388 903670 219699 251617 752780 961267 818264 705426 407085 504633 1 380457 531464 540436 838545 339565 52958 299830 625691 927399 545040 215635 696142 98793 485008 498729 515080 941677 876842 302842 818773 309971 472834 562117 749214 719041 396812 864042 695136 529891 367469 410086 461056 349297 879496 564298 195677 151855 297376 441020 739280 564709 574382 148304 469418 421454 878047 412246 577252 836725 730939 271302 823932 493041 763485 1065374 1019535 846644 567595 664747 556686
 1080826 930784 445154 693099 1113814 185250 750880 617427 763547 525982 871848 587234 605790 402814 135722 803653 680057 1055205 759902 584949 730323 431215 131237 537374 883166 740136 865763 547024 732356 380457 1 883456 424691 976754 669937 341646 289159 629733 883116 839087 486370 887793 443577 204415 526063 242677 736962 739815 463521 989670 101673 702226 814516 880452 948872 553695 829619 676958 823058 578481 203841 682761 703037 844173 900298 350318 383953 217027 641339 647678 760249 876463 232622 357207 168572 753765 427631 348383 588390 915966 481029 1009660 216218 859360 1139288 1151600 786973 377172 490521 547496
 838576 106033 474365 544716 912861 799952 1248338 1082455 404652 795972 956884 1037548 472199 765469 828580 209327 1155971 870533 123570 298905 1120524 475202 753765 1049829 1049830 945912 540164 501461 355166 531464 883456 1 817919 654529 217872 583541 663655 731450 981000 202703 407999 479333 445408 911043 654371 926284 1186947 1057934 494563 586370 791082 352629 308273 612182 416685 478918 922912 795124 204526 405179 822852 368102 182797 934898 73528 549379 503075 714464 407700 908795 424582 184513 668328 781863 855381 1043891 647919 936235 1149796 509331 447333 563496 914115 676248 918892 793862 942921 898446 946491 716516
 688870 815352 371353 382203 709885 243820 452034 283429 515546 107119 447296 238903 368219 56350 521147 651345 360203 653226 712889 565251 363236 385503 411318 234600 462658 317329 548273 322659 519325 540436 424691 817919 1 624995 615374 544405 241450 233289 458442 681691 451217 596861 519829 252336 190865 230260 404940 342345 331495 663857 358332 501493 607786 535040 688274 343744 405460 262040 668133 413826 220893 480339 680467 419830 798709 354639 413251 269624 431831 225697 502309 722799 471249 76049 258732 348629 170789 156903 332976 613650 385294 695018 243979 489496 737078 781292 362535 101732 133229 164217
 184134 572405 599091 286391 258481 801302 866451 745175 295431 527713 416789 713470 397027 610501 1015649 457139 793009 220346 640618 644660 712085 625317 896039 764578 522084 497462 135645 447472 357710 838545 976754 654529 624995 1 604820 879578 690509 395815 438207 453666 624747 176853 749866 861012 458173 847904 793404 627923 551529 84961 880340 384168 355321 96358 250243 450408 406376 399738 455347 471377 797521 388571 665662 409866 587924 683889 697501 761580 398655 528167 282715 470828 884129 656338 842589 601200 550293 780872 851924 145208 569404 125829 855440 140428 264795 181667 459787 724787 685632 461523
 782448 263625 258417 408632 850369 582160 1057721 889394 311649 607827 821966 844058 304648 560923 625465 184684 964767 799361 99254 87751 939686 257663 541886 849681 904486 784660 471705 315736 249073 339565 669937 217872 615374 604820 1 392460 446622 566110 845220 213464 190130 434038 244176 693562 469136 709585 1000490 884935 285111 558842 575485 227694 263749 535425 420336 293117 783053 635488 199920 217877 605424 231624 72262 796731 231110 331599 286953 496593 251130 734103 327436 237646 463692 572653 637553 874724 444675 724394 948318 469710 234195 550928 696842 580647 862860 772897 791357 689613 746975 534721
 1028217 652282 282463 605124 1080913 360618 976053 815255 603431 604999 929790 774044 484425 493788 251768 563891 889731 1022779 463515 306088 906687 255519 217201 747745 977914 833316 747654 441670 551540 52958 341646 583541 544405 879578 392460 1 303224 648240 948088 597158 261272 741367 150456 463962 521026 496302 940501 884666 335827 862876 280759 519532 611659 788802 767701 433347 885323 716136 581922 410189 394819 506815 401693 900833 617133 216500 184085 288028 484102 751358 609099 626900 110344 470932 400765 887639 429214 566599 827822 775795 310264 869427 472834 799331 1101093 1061007 864476 562071 664012 575800
 805563 688922 189851 405200 845442 140890 682642 517671 477617 306562 645395 474979 317792 190718 332099 543114 593519 786310 545201 375860 604438 189271 211020 455761 682882 536697 576862 258680 451782 299830 289159 663655 241450 690509 446622 303224 1 373735 661473 577940 258627 599069 291509 247865 253857 263045 642002 581603 186619 700746 190194 423394 537741 594170 663754 267042 600981 434363 562258 302663 159706 402815 499433 616416 663671 127725 187462 72139 358339 451361 473062 617802 239320 169595 196072 585241 151470 292572 544093 626894 220482 720504 250524 579119 869317 867721 572480 272847 365162 293453
 457900 700106 392018 201998 484863 444830 534926 383153 356223 131971 282714 343420 263146 231394 701498 534023 447202 426732 650897 548472 394315 416836 581769 382650 345887 218550 337492 255160 384984 625691 629733 731450 233289 395815 566110 648240 373735 1 302390 556741 460339 397784 569108 480939 127237 462298 467213 326863 334781 443081 545613 380443 461647 310608 499519 276396 238649 72002 546641 349179 431909 363623 638139 254036 693302 432034 475286 433272 324762 180446 338130 594902 608413 278946 475125 312505 224323 386598 478166 406769 384017 477958 473703 257716 510970 548049 229987 330450 293906 82490
 366445 927887 693870 440170 341529 701252 465615 397156 577562 361263 24223 386132 542798 486685 975123 772647 414778 305264 919765 840075 317372 718990 859908 452915 84051 149831 475134 549412 626328 927399 883116 981000 458442 438207 845220 948088 661473 302390 1 786499 759877 548195 871209 700884 428745 671116 394949 236350 636337 519261 813301 633205 680692 409457 651821 568665 64041 232270 780477 635807 679334 621802 917252 49127 930157 732786 777501 711661 594403 239817 557491 818452 900420 528677 716328 206518 519566 568949 508081 536565 683952 561247 690798 330733 369757 497702 97210 521439 425087 372447
 637784 143885 395641 359468 711480 718815 1087206 926331 209532 640109 762286 882676 314999 634745 815166 35435 996578 668222 201568 293095 950860 407893 718417 904195 858440 763902 337480 359743 171878 545040 839087 202703 681691 453666 213464 597158 577940 556741 786499 1 357078 277465 446710 821418 500809 829051 1021947 882503 392101 389436 739201 181884 106838 409573 226978 339865 730474 614827 16037 279499 734922 202253 245922 741680 143883 488792 460839 641236 250085 737043 229569 41236 654884 660679 773767 865807 520135 817748 1004780 308626 360852 370911 822050 474899 718434 601229 755517 772801 801854 556542
 782562 445166 79882 363697 840660 392238 902324 733185 342579 466312 738619 688046 239612 395008 458674 321914 809817 784127 287464 118003 798085 69919 362310 684638 806017 671740 490754 212952 290351 215635 486370 407999 451217 624747 190130 261272 258627 460339 759877 357078 1 480603 125604 504176 341761 521492 850932 754248 128915 603163 389099 258296 354371 537348 507902 197009 695852 532324 341108 153591 416208 245680 240924 710833 416012 141677 103889 306465 226230 606040 349093 392523 299900 398368 447548 749021 286398 543902 780395 515327 76371 608506 507810 557944 858595 805152 689952 514116 584441 407278
 360680 402049 471208 214995 434039 726376 921968 778973 138028 518071 524425 740592 282380 567404 906166 280302 838714 391313 464412 482110 772400 495186 790992 779941 627720 564018 73084 340800 194801 696142 887793 479333 596861 176853 434038 741367 599069 397784 548195 277465 480603 1 602216 804686 408750 799214 850930 693495 433254 125875 787271 225124 178708 142213 106218 335667 501026 431763 278642 333097 729906 235168 491883 509191 414589 564239 565972 671111 259743 566165 133271 297066 761994 607921 774423 670979 479605 752196 875949 35967 437532 128176 801323 218324 441518 338920 540631 698341 687256 437364
 908081 506603 177494 488231 965716 399144 969910 802545 464440 555347 850832 758487 364244 464205 383725 413450 879148 908932 322631 156801 879354 152276 312424 745047 911931 772890 615455 332618 409124 98793 443577 445408 519829 749866 244176 150456 291509 569108 871209 446710 125604 602216 1 512472 444947 537531 924767 843978 235276 726016 358799 377682 463961 662917 621460 318969 807258 640427 431466 279109 429481 367177 262775 822504 472530 166180 106624 312570 351212 700135 472240 476747 222932 455501 450284 841965 371235 583050 835243 637401 192909 729475 518729 682891 983902 929887 796061 564034 650320 507536
 938742 936206 437712 593524 961899 113859 549232 413036 698563 359414 692305 383553 537169 251693 331314 787108 476106 904925 791601 619624 526537 435908 260245 332989 692081 553461 767904 479454 683240 485008 204415 911043 252336 861012 693562 463962 247865 480939 700884 821418 504176 804686 512472 1 404148 38577 532823 540028 429691 889338 191088 657580 771904 767174 883028 493704 652312 514368 805997 542632 88218 636219 743573 666000 911404 365511 420047 201461 588798 461449 690174 861867 359485 204927 63555 555893 325475 144932 388342 827393 467908 915931 11805 731040 988926 1025369 603702 181072 290908 403737
 555318 639266 269271 193852 592268 345384 593971 428661 325244 141639 409579 384113 186245 158869 585453 472711 501633 533194 560859 439084 470632 292950 464578 403438 467016 330076 365429 154315 333403 498729 526063 654371 190865 458173 469136 521026 253857 127237 428745 500809 341761 408750 444947 404148 1 394127 533459 417486 213475 485591 435264 318948 420320 363456 497824 177147 365315 196579 488253 252789 339613 298663 539520 380768 626415 304800 348865 318654 251969 267128 311595 541390 483791 201372 384612 409674 102410 343915 503995 427899 265736 513497 399274 333947 616613 627812 351115 291044 301512 66443
 919041 947416 451945 586141 939687 139159 510716 374986 697765 337024 663374 346246 537456 237490 369853 795193 437602 883292 808239 638199 489071 452307 296394 294715 659535 522753 759414 480927 685854 515080 242677 926284 230260 847904 709585 496302 263045 462298 671116 829051 521492 799214 537531 38577 394127 1 494373 504550 439173 879598 227405 661349 775069 755152 880747 496540 624188 491404 813850 549584 108117 639835 762016 637567 923760 385473 441878 224978 591756 431318 688375 869818 393569 192779 96362 521172 322820 108529 350056 820590 480476 907525 26915 715643 967029 1009179 573917 149699 256208 387657
 757792 1164362 771371 669050 736470 597221 73115 125429 823424 392844 406633 167028 715226 460692 862561 997396 57559 698622 1093889 960860 81438 787784 774699 200531 326322 295945 782697 687675 850141 941677 736962 1186947 404940 793404 1000490 940501 642002 467213 394949 1021947 850932 850930 924767 532823 533459 494373 1 166374 725609 863683 709480 842450 928758 734729 956327 710495 397805 419960 1011085 785987 564032 823967 1069443 399954 1155012 759439 818190 654285 780547 287702 805216 1060844 855242 472497 579911 194836 564620 392316 169350 852159 780527 904041 521035 660292 764643 885695 337304 381251 276943 470431
 593541 1026185 677239 524085 576183 574062 239432 167511 678181 289021 244873 169826 587213 390903 851977 860594 178694 535604 973679 856206 85070 697444 748983 236718 181509 131287 623599 569252 711138 876842 739815 1057934 342345 627923 884935 884666 581603 326863 236350 882503 754248 693495 843978 540028 417486 504550 166374 1 625519 699614 690593 707301 784705 572307 799536 591823 232203 268880 872835 667178 544925 690407 956030 235360 1020061 684539 739608 611423 650514 150833 659161 919967 813544 418073 572378 29899 472959 396070 274764 692378 679757 740363 528627 496542 604711 720240 170998 362719 249464 351136
 693163 508464 57842 270555 745089 327174 779142 610030 302423 338136 615754 564702 155190 276359 472917 357568 686300 686964 383706 235372 670737 84203 358532 566094 679433 543540 424878 106190 268884 302842 463521 494563 331495 551529 285111 335827 186619 334781 636337 392101 128915 433254 235276 429691 213475 439173 725609 625519 1 545999 361850 239120 352621 457975 486157 101197 572334 406498 376558 116444 342858 219329 349006 587526 485840 132738 152045 253427 178480 477130 301483 432336 332952 287950 381844 620114 162010 441676 663996 464527 54942 559645 430740 463810 765389 733044 563350 404866 464107 278584
 257528 499060 588176 298187 333534 820532 936442 807959 261802 572875 497237 773849 391415 642871 1017427 397714 859798 301123 583936 607976 782777 613147 899981 821224 602760 568406 123909 447085 320361 818773 989670 586370 663857 84961 558842 862876 700746 443081 519261 389436 603163 125875 726016 889338 485591 879598 863683 699614 545999 1 890740 350179 299095 133317 172905 445693 483849 458191 393245 452907 820249 358958 614830 488468 517388 678470 684776 772768 378967 590592 254070 401859 877988 686827 865300 673879 569456 820752 912017 89914 555797 41987 884741 203416 335663 214547 534303 765204 736752 499778
 990459 834249 344366 595360 1026637 116542 732960 585656 662151 452316 800215 550343 505023 326903 162833 703779 654362 967704 667828 492196 692036 331440 69167 509336 820988 675417 766893 446490 630684 309971 101673 791082 358332 880340 575485 280759 190194 545613 813301 739201 389099 787271 358799 191088 435264 227405 709480 690593 361850 890740 1 600577 712990 783983 847325 452590 756902 597994 723188 476868 146859 581090 612761 771878 804641 250640 288532 118772 539732 584026 659102 776999 172090 284999 132307 701216 334471 317893 575105 815874 380073 909888 201493 766306 1051435 1056765 718921 332458 445757 463152
 557339 322164 262627 193487 623797 561951 906785 744906 89237 458363 609329 701079 133540 456274 701625 155055 815717 572044 288119 260528 772905 283194 592585 722367 699130 593380 248828 182494 32205 472834 702226 352629 501493 384168 227694 519532 423394 380443 633205 181884 258296 225124 377682 657580 318948 661349 842450 707301 239120 350179 600577 1 114615 308998 252615 165019 573390 442693 169646 123947 573735 21603 295513 586006 313108 359422 350495 492087 70464 559635 101809 222461 549812 485118 615219 692279 344329 641550 822938 260706 226728 351841 656965 353201 637218 559295 590740 594710 620149 375084
 538590 247350 371478 260721 610988 676537 995681 838260 106698 555153 656470 795595 241138 565185 807988 102379 906369 565689 285811 324898 855640 389738 702019 821968 753619 663365 232976 294663 89580 562117 814516 308273 607786 355321 263749 611659 537741 461647 680692 106838 354371 178708 463961 771904 420320 775069 928758 784705 352621 299095 712990 114615 1 304430 159235 278550 625442 515978 103796 236405 688299 135761 316073 636349 250576 468394 453146 605974 183321 641929 126206 138064 652654 596279 729833 766778 455975 751828 922088 212627 335278 287883 771138 368251 619549 513577 652502 703491 721229 470541
 248891 541010 507098 190548 314963 705484 807144 675465 224194 441293 386068 640859 304634 517679 919808 406156 728740 264735 582236 566795 654337 533663 800015 687908 490634 441106 72473 353034 286455 749214 880452 612182 535040 96358 535425 788802 594170 310608 409457 409573 537348 142213 662917 767174 363456 755152 734729 572307 457975 133317 783983 308998 304430 1 242764 357202 366126 325239 408097 383818 702268 309808 600335 372942 550833 589845 605747 665223 312981 458303 208001 433785 789882 562938 747368 547639 454266 691659 778920 127117 478636 170995 761893 79082 328312 275784 411216 635796 603876 370880
 430089 326503 514716 307575 505924 797284 1027095 882087 186241 615551 628252 842921 347743 654530 953904 242710 943079 470564 427681 484120 878100 535767 843417 880059 732208 670203 178266 406834 220655 719041 948872 416685 688274 250243 420336 767701 663754 499519 651821 226978 507902 106218 621460 883028 497824 880747 956327 799536 486157 172905 847325 252615 159235 242764 1 396737 606137 536686 233966 374868 804269 269554 466710 613905 346235 611139 602863 734738 307728 670755 192919 232973 802348 692369 847870 777147 558127 841403 977159 116110 479039 146839 880634 321102 508563 377249 646670 788867 785245 532954
 594957 471612 150886 171907 649201 401732 770236 603666 210575 317971 546637 558686 54288 295166 571947 308405 677614 591693 383742 272562 647526 177904 455578 572134 620506 494167 323968 22833 189559 396812 553695 478918 343744 450408 293117 433347 267042 276396 568665 339865 197009 335667 318969 493704 177147 496540 710495 591823 101197 445693 452590 165019 278550 357202 396737 1 504937 347527 325738 75702 411194 143442 364318 519545 455426 233865 249430 338280 95231 440990 206555 381100 434127 321210 453689 581897 180425 478134 672510 365784 126524 460705 492723 366681 668583 631975 505349 432988 468846 241948
 361909 872785 629889 379956 350313 646355 470470 379718 521024 304717 44552 361863 479916 430010 918005 715337 408850 305611 858948 776613 317037 655060 801675 426283 128318 117153 428096 485555 567801 864042 829619 922912 405460 406376 783053 885323 600981 238649 64041 730474 695852 501026 807258 652312 365315 624188 397805 232203 572334 483849 756902 573390 625442 366126 606137 504937 1 169189 723857 572578 625834 561320 855178 15521 873736 669708 713902 652983 532604 196541 500959 763475 839471 473364 664167 203068 457408 525091 491798 492379 619915 525631 642629 287111 379141 488054 63572 475154 385794 310196
 431738 758682 463575 255617 448330 491838 490420 350585 409382 154967 213662 315659 331296 274166 756931 594113 407208 392356 718443 619912 342970 488161 638709 364850 273909 150894 365333 326587 444233 695136 676958 795124 262040 399738 635488 716136 434363 72002 232270 614827 532324 431763 640427 514368 196579 491404 419960 268880 406498 458191 597994 442693 515978 325239 536686 347527 169189 1 605652 419442 475127 427119 707658 184698 753954 500573 545437 489666 390870 134650 390302 651767 671806 320426 516425 251020 288641 404483 453865 435247 455991 496164 505985 259437 475808 534844 158098 349522 289513 141603
 639313 153477 379682 350724 712538 703142 1075974 914524 202938 627999 756281 870724 302182 620796 799272 19410 985125 668355 193718 278375 940490 391867 702391 891499 851627 755154 336391 345867 161707 529891 823058 204526 668133 455347 199920 581922 562258 546641 780477 16037 341108 278642 431466 805997 488253 813850 1011085 872835 376558 393245 723188 169646 103796 408097 233966 325738 723857 605652 1 264398 719407 189594 235364 735276 149904 472766 444851 625386 236933 726767 223014 55976 639064 646262 758134 856509 505845 803354 992104 310733 344944 376248 806695 471774 720115 606020 747763 758725 789000 544696
 629732 404134 140133 215403 689173 442718 845308 678296 196553 393293 613213 633201 94429 362905 579188 245934 752587 633326 308070 204898 723228 162651 468921 644713 690898 567587 337963 98516 154872 367469 578481 405179 413826 471377 217877 410189 302663 349179 635807 279499 153591 333097 279109 542632 252789 549584 785987 667178 116444 452907 476868 123947 236405 383818 374868 75702 572578 419442 264398 1 456877 105422 289459 586828 385466 236273 232893 369855 73947 516357 199936 320371 430129 384351 496944 656848 245729 541242 744801 366737 105087 461221 542955 407156 706423 652119 576521 498955 541367 317635
 887860 848366 349532 522414 916732 34462 590497 439636 618721 322720 668009 403664 456880 201493 307056 700425 509567 858637 703566 532050 545186 347762 210669 364616 681108 537114 697417 398305 600258 410086 203841 822852 220893 797521 605424 394819 159706 431909 679334 734922 416208 729906 429481 88218 339613 108117 564032 544925 342858 820249 146859 573735 688299 702268 804269 411194 625834 475127 719407 456877 1 552544 655988 640358 823346 278365 334066 116912 505795 444817 611425 775193 297186 154706 45116 556531 251173 175105 436136 754293 379958 844786 91672 672437 942875 966898 583332 185606 298977 350841
 558672 341366 245171 181646 623729 541041 887863 725399 97263 438587 598059 681426 112760 434861 684361 174352 796577 570974 298058 257126 755050 266608 574323 701974 686290 577974 252926 160910 49623 461056 682761 368102 480339 388571 231624 506815 402815 363623 621802 202253 245680 235168 367177 636219 298663 639835 823967 690407 219329 358958 581090 21603 135761 309808 269554 143442 561320 427119 189594 105422 552544 1 301229 574213 331085 341628 335066 471849 48917 542125 106291 243048 533844 463542 594165 675903 322744 620010 802568 270234 209582 362878 635549 349632 638016 565688 576829 573283 599602 355678
 845558 255023 315900 479917 914801 630644 1125671 956972 376157 677215 893951 911606 376904 625338 645784 224281 1032703 864930 62314 123949 1009715 310727 572681 915058 976740 856681 534562 386804 314269 349297 703037 182797 680467 665662 72262 401693 499433 638139 917252 245922 240924 491883 262775 743573 539520 762016 1069443 956030 349006 614830 612761 295513 316073 600335 466710 364318 855178 707658 235364 289459 655988 301229 1 868813 218290 378260 327267 543657 322954 805211 392993 259890 485635 634332 685415 946183 510338 783414 1012964 526989 295930 603568 747659 648607 926298 829377 863610 751070 812839 605389
