NAME : domp30p15v5
COMMENT : Cherkesly, Contardo & Gruson 2022
TYPE : DOMP
DIMENSION : 30
DISPLAY_DATA_TYPE : NO_DISPLAY
OPEN_FACILITIES : 15
COST_SECTION
 1 126919 578337 233477 626366 438217 186797 766357 134970 682227 313967 539193 146448 465844 349888 252567 372325 859756 681957 526983 221872 474828 295467 853873 617189 217971 451210 257799 389669 307014
 126919 1 665714 282791 748506 562029 263798 892447 61111 806283 399795 634283 241008 490498 476497 378629 429509 985976 804452 651315 250911 578147 396208 980692 714063 91054 512054 165714 447856 196320
 578337 665714 1 754355 676368 344922 402117 672011 703676 418242 731777 63492 432818 335734 477565 428589 839540 603196 385463 585684 767795 752340 286704 639385 82469 735920 889942 827107 249720 726789
 233477 282791 754355 1 563018 515333 404040 736403 231483 737041 143827 704036 355382 695506 371616 341197 146790 880456 748844 490032 47055 336311 470758 858714 774642 343200 229272 269925 605397 473868
 626366 748506 676368 563018 1 342433 635278 186549 729447 348932 426450 613913 602054 864377 294973 412806 509204 381373 383927 108654 608510 260914 551481 338193 633032 836863 489621 816547 726165 932412
 438217 562029 344922 515333 342433 1 356765 392854 570794 244254 442777 281432 343796 531649 157025 189161 555235 430094 244561 243651 545501 416856 234690 434855 319651 651697 587279 687826 393100 707453
 186797 263798 402117 404040 635278 356765 1 737041 302733 590981 443097 371157 50340 296324 340643 223036 527086 784740 581027 527072 402094 557858 142179 791613 451192 338448 598302 425360 203668 360062
 766357 892447 672011 736403 186549 392854 737041 1 881682 268838 605398 615453 713276 920467 417032 526857 693562 212550 307243 247946 780364 447343 626577 159919 610509 982974 676147 978649 782967 1065095
 134970 61111 703676 231483 729447 570794 302733 881682 1 814081 358078 668253 272024 546652 470347 382915 377001 987437 815127 636742 195554 542945 426052 978429 747216 114515 459603 124307 495732 242396
 682227 806283 418242 737041 348932 244254 590981 268838 814081 1 639378 368307 584155 705523 365604 431250 747748 199611 38575 312736 772354 548688 455738 224240 349070 895887 760190 929378 575652 947707
 313967 399795 731777 143827 426450 442777 443097 605398 358078 639378 1 674824 392966 738700 286682 303273 112478 764004 656741 364233 190881 192543 466681 736774 736771 472546 160619 412713 628517 595939
 539193 634283 63492 704036 613913 281432 371157 615453 668253 368307 674824 1 396233 355508 415735 372478 783752 559218 337913 522404 719919 689963 243907 591762 80190 709019 831925 792418 248296 711192
 146448 241008 432818 355382 602054 343796 50340 713276 272024 584155 392966 396233 1 346664 307279 189848 476879 773883 577433 494766 355413 511827 155298 777009 475316 323067 547963 396196 250348 363844
 465844 490498 335734 695506 864377 531649 296324 920467 546652 705523 738700 355508 346664 1 587717 482440 823011 903476 680732 757548 687682 838588 315621 928635 416803 527205 894616 652318 138713 465985
 349888 476497 477565 371616 294973 157025 340643 417032 470347 365604 286682 415735 307279 587717 1 117842 398970 520810 377510 187504 406877 275534 272609 508502 466543 567379 430523 576516 453420 648705
 252567 378629 428589 341197 412806 189161 223036 526857 382915 431250 303273 372478 189848 482440 117842 1 411301 607351 433620 305101 365512 358395 175315 603102 437845 469399 462284 498771 353532 539432
 372325 429509 839540 146790 509204 555235 527086 693562 377001 747748 112478 783752 476879 823011 398970 411301 1 863559 766449 461305 182669 252918 568002 832642 847308 486586 82630 397110 721356 619195
 859756 985976 603196 880456 381373 430094 784740 212550 987437 199611 764004 559218 773883 903476 520810 607351 863559 1 222897 402319 920414 631889 652688 60349 527154 1076685 858761 1096993 774904 1137515
 681957 804452 385463 748844 383927 244561 581027 307243 815127 38575 656741 337913 577433 680732 377510 433620 766449 222897 1 341528 782604 575072 442984 254140 314119 893229 782373 932366 553396 939766
 526983 651315 585684 490032 108654 243651 527072 247946 636742 312736 364233 522404 494766 757548 187504 305101 461305 402319 341528 1 533301 237967 443670 372611 550082 740949 459022 731094 619724 831083
 221872 250911 767795 47055 608510 545501 402094 780364 195554 772354 190881 719919 355413 687682 406877 365512 182669 920414 782604 533301 1 383348 481831 900171 792636 303922 264945 223562 605448 437036
 474828 578147 752340 336311 260914 416856 557858 447343 542945 548688 192543 689963 511827 838588 275534 358395 252918 631889 575072 237967 383348 1 533087 594529 735933 657083 228937 605026 711876 773743
 295467 396208 286704 470758 551481 234690 142179 626577 426052 455738 466681 243907 155298 315621 272609 175315 568002 652688 442984 443670 481831 533087 1 664371 321744 476529 627297 550358 180981 501717
 853873 980692 639385 858714 338193 434855 791613 159919 978429 224240 736774 591762 777009 928635 508502 603102 832642 60349 254140 372611 900171 594529 664371 1 566176 1071709 822944 1084437 796932 1139098
 617189 714063 82469 774642 633032 319651 451192 610509 747216 349070 736771 80190 475316 416803 466543 437845 847308 527154 314119 550082 792636 735933 321744 566176 1 789177 891268 871468 321754 790431
 217971 91054 735920 343200 836863 651697 338448 982974 114515 895887 472546 709019 323067 527205 567379 469399 486586 1076685 893229 740949 303922 657083 476529 1071709 789177 1 568819 138391 505821 136273
 451210 512054 889942 229272 489621 587279 598302 676147 459603 760190 160619 831925 547963 894616 430523 462284 82630 858761 782373 459022 264945 228937 627297 822944 891268 568819 1 475652 787815 701738
 257799 165714 827107 269925 816547 687826 425360 978649 124307 929378 412713 792418 396196 652318 576516 498771 397110 1096993 932366 731094 223562 605026 550358 1084437 871468 138391 475652 1 613510 266435
 389669 447856 249720 605397 726165 393100 203668 782967 495732 575652 628517 248296 250348 138713 453420 353532 721356 774904 553396 619724 605448 711876 180981 796932 321754 505821 787815 613510 1 480815
 307014 196320 726789 473868 932412 707453 360062 1065095 242396 947707 595939 711192 363844 465985 648705 539432 619195 1137515 939766 831083 437036 773743 501717 1139098 790431 136273 701738 266435 480815 1
LAMBDA_SECTION
1 479
2 82
3 481
4 518
5 558
6 21
7 340
8 896
9 8
10 46
11 967
12 101
13 38
14 791
15 551
16 526
17 608
18 255
19 519
20 401
21 434
22 389
23 629
24 43
25 655
26 562
27 201
28 669
29 569
30 872
