NAME : domp80p20v8
COMMENT : Cherkesly, Contardo & Gruson 2022
TYPE : DOMP
DIMENSION : 80
DISPLAY_DATA_TYPE : NO_DISPLAY
OPEN_FACILITIES : 20
COST_SECTION
 1 267030 703042 628627 279412 864820 329174 91732 406124 872459 343736 363492 698381 617973 720400 764581 366520 576860 220716 508434 352276 100770 450964 815174 778989 747403 275446 510935 411308 729417 259170 506037 450630 946122 257430 713104 137034 358902 339327 160448 581255 371034 840442 448584 889123 863557 605012 504722 835065 436007 286855 575845 744772 389645 285979 542177 551981 10883 556439 335002 517379 304864 70212 589386 599924 673156 193976 734058 485827 683246 170974 290664 225990 786330 714378 689092 763595 183878 331528 440453
 267030 1 701419 639953 51441 862182 62145 309999 669137 1004023 384181 623027 915814 862142 782299 863568 100504 735039 364257 378943 616733 188892 656349 756992 884275 884139 177068 777964 677472 933317 524507 676002 456538 1115210 440591 701246 370254 541636 594838 355746 677457 413981 1038561 705418 1048577 958099 860065 540611 885936 227411 553446 804699 812908 366290 415834 582021 736962 275733 706162 600290 680853 38679 263046 839883 853129 825004 420681 945372 747297 578286 282897 504845 446901 858186 846789 801355 984491 424970 587465 323362
 703042 701419 1 76525 653073 163722 715056 626046 944677 481411 359669 935805 699443 787103 180918 311203 742092 428833 496943 382711 790496 638556 552024 179813 338460 422002 525578 947610 847126 658707 758181 452709 256426 664717 515925 27483 626482 488726 718661 572311 258351 332025 704411 1011664 588317 360888 849849 202850 222139 561056 828742 686264 209680 338390 441938 173558 508167 711278 400249 792009 435289 700994 768539 808878 833371 438190 604420 693250 1014075 272747 532165 566882 588256 243581 391930 318491 755403 636281 718217 402411
 628627 639953 76525 1 592996 236227 657869 550462 869512 474473 286237 859917 649662 726471 177860 302508 687095 375796 420773 347609 716387 566927 485186 240656 329817 397355 463025 875687 773923 614496 682335 390881 186901 648805 439636 94408 550070 415571 644992 496039 205013 257783 670163 936280 571723 370327 785915 126441 254946 516395 752795 626162 210961 273919 365421 97905 450760 636675 344632 717415 374683 642258 694793 745458 769732 399285 527949 647487 939605 279835 458023 491904 512024 252958 363396 290024 708957 559808 644310 355739
 279412 51441 653073 592996 1 813118 74192 307482 685400 968348 345122 641582 898088 853500 739071 824165 113640 705941 342774 327635 621216 189037 638077 705831 845564 850024 132287 787409 683905 911968 530668 649863 411346 1085363 422673 652227 366781 520514 593469 344749 639370 374173 1015208 725610 1017276 917564 856457 497108 840972 182046 565509 791126 770147 320211 389119 538361 713061 289142 675918 605826 653416 51835 287698 834097 848584 793875 413311 925814 764789 526913 263168 491668 437121 815548 812279 764228 967326 421405 586396 271984
 864820 862182 163722 236227 813118 1 872927 785838 1085767 472936 522290 1081151 772062 883937 226468 328312 898156 519950 654957 525371 927561 802076 669675 189476 350619 455939 687345 1075361 980230 719981 903940 561520 420103 664079 666271 160937 782620 625577 854530 729622 365217 494004 741987 1153685 592953 331171 954409 361033 173455 709246 974866 783762 235190 501430 597036 326523 604736 872816 498484 931139 542165 860017 930998 912634 937360 499682 756423 756874 1151518 373144 694249 709463 737656 240708 436806 372643 818804 788163 855011 554755
 329174 62145 715056 657869 74192 872927 1 369980 730818 1041758 417861 684327 969765 920647 808369 896133 40738 780112 415315 370116 678526 249058 709840 756001 917871 923832 203222 840108 739478 984870 586446 723739 479320 1159555 494088 712522 430098 593165 655531 412722 712094 446499 1088646 766278 1091418 988810 920295 566573 908282 199497 615558 860939 839833 387563 462960 607580 786546 337871 750109 662195 727458 25753 323520 899426 913076 868041 479299 998161 808735 568820 334906 561052 504597 885296 886017 837244 1038805 484884 648226 322368
 91732 309999 626046 550462 307482 785838 369980 1 405731 780833 271128 372339 619787 553203 632878 673587 409993 485874 133169 473630 316416 121108 366713 748930 687667 655798 261202 488221 380986 646606 229630 415721 379635 857294 166188 638038 60279 268884 286089 68728 491277 295652 756559 458643 799103 772568 550315 424806 748059 435687 277678 501576 656369 330985 197212 460505 463985 95667 464950 302485 426542 344333 161484 529915 543175 582049 113734 653490 486545 632951 105807 206957 143548 697306 622672 597674 686597 114974 278957 406539
 406124 669137 944677 869512 685400 1085767 730818 405731 1 900653 636720 54628 566612 411858 883832 866304 765686 623550 484114 875333 162278 502514 445606 1098603 868077 789205 665690 145128 133103 628715 192144 555625 737431 889530 435403 963816 364563 460301 235028 417167 729530 651089 732899 68535 861120 955328 347741 748274 994169 836748 128958 443301 895262 715605 518021 771608 550993 396270 626018 155315 575304 707671 409754 361721 354621 703958 357739 611898 80870 1017796 504546 377824 364035 924329 771131 785562 606976 328584 233110 809446
 872459 1004023 481411 474473 968348 472936 1041758 780833 900653 1 624451 920012 397209 556444 301503 172166 1078523 299932 663047 806748 743868 861435 466192 635684 144738 125092 839748 829734 769885 327452 770196 374133 587337 191145 615286 506748 743188 518051 678279 712131 332307 596924 298689 966238 122451 143982 640491 498178 299501 950283 832070 477062 271734 673199 600201 463832 353800 875422 316359 757058 359262 1020106 941407 602081 623965 205079 691828 362890 941031 750072 739173 601689 660779 242481 159168 206442 414997 715511 683092 795813
 343736 384181 359669 286237 345122 522290 417861 271128 636720 624451 1 615856 615394 622861 402577 479465 454148 380226 153962 272589 503370 281795 370819 478343 500527 508554 215308 678386 568366 611668 444650 339179 108516 751823 209667 369372 283597 253882 442028 227446 294272 30680 703913 698778 680614 574013 655890 166750 511538 346132 510434 536652 431811 89918 126323 207225 409316 352234 346934 498082 336584 396953 408874 622031 642903 459681 279013 633235 713925 381772 172765 286271 275332 476633 470319 419423 684692 308861 438448 222977
 363492 623027 935805 859917 641582 1081151 684327 372339 54628 920012 615856 1 600671 451741 885246 875746 718355 635644 462020 845289 176193 461971 458229 1084618 879202 805324 629259 198534 166626 660106 177639 565263 719330 919156 421391 953796 336869 458464 243919 391534 730525 632354 766750 86408 886995 967151 392601 736551 997423 797626 107216 474113 898577 691288 501570 762259 567364 353265 635119 163472 584470 661671 361622 403009 398090 719998 338071 645642 124750 994724 474491 371829 348947 929681 785020 794488 644816 307302 240298 778579
 698381 915814 699443 649662 898088 772062 969765 619787 566612 397209 615394 600671 1 168509 547230 454811 1010426 274276 555727 877190 435334 733969 260013 879087 440300 331474 796128 463571 434949 71389 498678 281583 647792 328957 475680 726537 563268 379338 392992 562502 444707 602055 166302 624117 317574 506824 252375 588220 618086 955970 540020 130758 537127 698931 518259 578579 210873 696390 307132 453854 290416 944413 755119 219272 237384 272531 506711 45376 586688 911171 634996 413688 476240 540393 339596 399422 69837 514608 400411 836538
 617973 862142 787103 726471 853500 883937 920647 553203 411858 556444 622861 451741 168509 1 657874 586610 961155 364191 524899 895038 302894 673754 255543 965364 577020 473643 770248 297773 285637 238868 383033 335592 680942 496884 441411 812826 493102 369057 282665 508756 529469 617510 329459 464547 485091 652474 84579 640506 744548 941708 408632 100942 654577 712091 506181 641542 280399 613640 388469 322992 352116 894894 664672 51884 68970 399973 441478 212508 423211 963860 595520 364632 416392 666584 472393 519001 196188 439128 290670 844595
 720400 782299 180918 177860 739071 226468 808369 632878 883832 301503 402577 885246 547230 657874 1 130346 840874 294452 500100 522994 722597 678152 452346 347401 157688 245162 606795 860471 770579 498069 711175 341386 329638 483818 488973 207146 616042 427235 649281 568805 154725 371919 531576 952330 407508 192918 729498 241965 115714 684324 781559 557998 33418 421470 435708 200800 379634 726597 275203 728547 321518 790153 790051 687660 712368 275969 579511 534370 944743 448770 558270 516236 555619 77992 219012 149254 596645 609999 650795 524272
 764581 863568 311203 302508 824165 328312 896133 673587 866304 172166 479465 875746 454811 586610 130346 1 931132 244354 545885 639093 704231 737942 421144 473162 27479 128158 692913 822007 743461 396951 709848 310822 427481 353759 514981 337222 645810 432323 632671 605837 187754 450029 413774 934426 277793 98982 664788 337161 163904 789957 777612 491439 103119 516747 480518 299819 325100 769223 240661 713567 291370 875939 834758 623329 647514 186795 600958 434392 919045 578111 614992 522364 572832 88022 115561 81432 495314 628795 635730 632601
 366520 100504 742092 687095 113640 898156 40738 409993 765686 1078523 454148 718355 1010426 961155 840874 931132 1 819222 455777 387113 717071 288942 750481 775156 953239 961314 238872 877207 777502 1025257 624686 763494 511308 1198335 534757 738394 470179 633617 695217 453390 748058 482296 1128778 799415 1129791 1023006 960252 599542 939028 207945 652114 901670 872652 419439 502758 640271 826643 374897 788945 700508 766963 66392 356807 939662 953161 906562 519746 1038709 842980 583730 375510 601778 545202 918133 923372 873513 1079489 524948 687867 344469
 576860 735039 428833 375796 705941 519950 780112 485874 623550 299932 380226 635644 274276 364191 294452 244354 819222 1 377236 621446 462032 576040 177981 608576 244573 176271 586116 578431 499308 246574 476003 74398 387741 380234 319700 455491 444926 219148 391745 417668 171345 359656 326227 691372 315844 331861 435078 318751 388600 725929 541116 263820 293997 452818 319652 305516 85345 579100 35199 472478 59720 756485 644816 393232 417933 96444 392482 276150 674825 638410 457357 301776 361161 312547 150460 165867 336017 415652 395421 589507
 220716 364257 496943 420773 342774 654957 415315 133169 484114 663047 153962 462020 555727 524899 500100 545885 455777 377236 1 401685 357895 199208 295835 629178 561477 538956 245646 534911 424089 569608 292537 313682 259685 756373 83565 510463 131240 177852 303188 75690 361047 172736 674307 545329 693060 644729 542495 294442 615109 417416 357010 453261 524119 232046 65509 328748 372827 226581 351655 350453 320401 390307 290752 513716 531741 471054 126910 583041 562203 533713 81539 161868 129540 565617 503901 472320 625173 155577 298387 340375
 508434 378943 382711 347609 327635 525371 370116 473630 875333 806748 272589 845289 877190 895038 522994 639093 387113 621446 401685 1 759198 411916 641555 388492 665284 709733 239715 936401 825553 864871 688065 595958 233932 964502 474288 372245 510809 526326 704248 459668 486579 278346 946770 931307 888655 715813 928176 313907 599531 185747 746378 807022 556408 182968 395376 343906 667001 519182 586301 750862 589126 364116 552520 894590 915349 683275 526045 890239 955438 199521 371023 553860 531201 599745 671844 605312 945255 551208 699724 68000
 352276 616733 790496 716387 621216 927561 678526 316416 162278 743868 503370 176193 435334 302894 722597 704231 717071 462032 357895 759198 1 432196 284073 949845 706390 629836 572958 177285 66536 490490 93380 393463 597324 746763 294564 810780 261472 302525 73349 303552 568672 513353 599741 230698 712121 793893 265468 598398 832305 749471 106152 305624 733432 588104 378936 618710 391640 345110 463821 20290 413095 653461 383478 261233 264687 544491 233696 479351 224047 884318 398042 226328 229089 762133 610468 623392 486052 211757 72566 696486
 100770 188892 638556 566927 189037 802076 249058 121108 502514 861435 281795 461971 733969 673754 678152 737942 288942 576040 199208 411916 432196 1 476713 736411 755232 737731 175647 599120 494941 756310 341755 510667 382273 954195 264033 645669 181364 368343 406510 171491 550638 311695 864316 547644 891868 836061 671311 448325 790114 335942 379315 619120 705273 309997 261264 488255 565957 111601 550853 416806 518549 223477 141884 651002 664265 670215 232647 765718 582874 592894 123088 320525 260139 748809 702277 667338 801795 236081 399238 344210
 450964 656349 552024 485186 638077 669675 709840 366713 445606 466192 370819 458229 260013 255543 452346 421144 750481 177981 295835 641555 284073 476713 1 725841 422472 347967 537969 408192 322780 280075 304167 112252 425436 501780 215840 576061 313936 121434 214380 305546 304473 363317 389906 513515 452872 509835 303174 388858 556602 702021 366257 165839 458699 458987 262118 394413 113211 450560 182289 294846 132341 684531 513194 264280 287746 262926 257010 289274 498397 709868 375006 160370 224996 483453 326793 340951 329352 271601 218462 593708
 815174 756992 179813 240656 705831 189476 756001 748930 1098603 635684 478343 1084618 879087 965364 347401 473162 775156 608576 629178 388492 949845 736411 725841 1 499183 592558 592791 1113123 1009381 837233 908302 630125 370120 824658 663709 153112 760341 652400 879811 704385 437784 456527 878387 1164025 749940 501287 1026239 351449 344267 573246 977550 864693 370278 426805 583230 334400 687310 824574 579638 949366 613252 747462 875031 985615 1009966 615731 747411 872149 1171294 204135 646846 723698 735891 393361 565266 493017 934398 778862 878560 434492
 778989 884275 338460 329817 845564 350619 917871 687667 868077 144738 500527 879202 440300 577020 157688 27479 953239 244573 561477 665284 706390 755232 422472 499183 1 109768 714710 819304 743554 380259 715576 314026 451727 326799 527181 364376 657969 441228 635548 619538 207018 471428 391650 935939 251108 88451 656481 361527 182521 814594 782539 483608 129769 540349 496358 324865 322241 783330 244833 716412 295107 897377 849072 615293 639243 177573 611754 417808 918907 605590 632160 530662 582972 110021 104782 90309 478028 638933 638922 657784
 747403 884139 422002 397355 850024 455939 923832 655798 789205 125092 508554 805324 331474 473643 245162 128158 961314 176271 538956 709733 629836 737731 347967 592558 109768 1 723178 728758 660698 270520 650462 250668 482402 255205 490198 449138 618184 393275 561972 587108 224255 482331 287423 855961 178939 178849 554937 396282 291438 842502 714076 383929 224780 564035 476726 366562 238290 750338 191289 641874 235034 901612 816319 514400 537828 85346 567097 308075 834438 677185 615901 477802 536205 216165 38563 107622 368275 591161 566302 692181
 275446 177068 525578 463025 132287 687345 203222 261202 665690 839748 215308 629259 796128 770248 606795 692913 238872 586116 245646 239715 572958 175647 537969 592791 714710 723178 1 747658 638803 803370 489840 535151 279625 963090 329198 526527 311692 417042 531780 272798 509220 243477 902707 715597 893314 785736 784247 364837 709205 176873 538454 698312 637862 189238 278305 406114 601544 286328 554614 560667 536546 183618 313852 757311 774371 670775 345079 820298 746557 429797 178504 405991 361715 683266 685095 634641 865922 361994 525644 173509
 510935 777964 947610 875687 787409 1075361 840108 488221 145128 829734 678386 198534 463571 297773 860471 822007 877207 578431 534911 936401 177285 599120 408192 1113123 819304 728758 747658 1 110848 531276 258651 519941 769065 792364 468785 969512 436092 460731 237220 480357 710765 686747 627060 176634 773887 903298 221618 762752 964128 923518 226012 354254 866651 764222 552862 779218 497169 502339 588872 187339 540008 815737 528463 245895 232434 645731 410955 508573 127528 1057915 574430 395680 405708 889826 716994 744288 492963 388266 240202 873770
 411308 677472 847126 773923 683905 980230 739478 380986 133103 769885 568366 166626 434949 285637 770579 743461 777502 499308 424089 825553 66536 494941 322780 1009381 743554 660698 638803 110848 1 496024 153274 434709 660654 756555 359001 868160 327134 358440 129715 370021 618081 577485 601214 196490 728153 829892 232048 658144 877918 815130 139399 310367 779411 653736 443276 676674 423304 403486 504997 78503 454719 714656 436750 237930 235329 575780 300222 480099 175630 948661 464405 287851 294978 805802 644453 663636 478191 278116 131632 762972
 729417 933317 658707 614496 911968 719981 984870 646606 628715 327452 611668 660106 71389 238868 498069 396951 1025257 246574 569608 864871 490490 756310 280075 837233 380259 270520 803370 531276 496024 1 546649 272494 632188 261741 493465 686094 592689 391802 441755 585466 410437 595181 112452 688130 246401 442030 323141 565324 560854 956515 593147 185995 484917 691090 525472 551039 202808 728393 281489 508117 276545 959911 789480 288865 307838 222408 535665 37562 652780 883528 650558 439788 504059 484061 283602 348856 98823 547276 448743 828879
 259170 524507 758181 682335 530668 903940 586446 229630 192144 770196 444650 177639 498678 383033 711175 709848 624686 476003 292537 688065 93380 341755 304167 908302 715576 650462 489840 258651 153274 546649 1 402857 545457 794465 244599 776279 179480 284012 105692 228398 556603 458996 658420 255873 752493 804003 354747 559296 824513 665187 70937 368073 725972 524452 326296 584643 417216 251844 470824 75863 421004 561543 290788 345968 352286 566081 165804 540677 269667 825968 319764 195435 172533 758856 626458 628431 555338 137542 98294 623328
 506037 676002 452709 390881 649863 561520 723739 415721 555625 374133 339179 565263 281583 335592 341386 310822 763494 74398 313682 595958 393463 510667 112252 630125 314026 250668 535151 519941 434709 272494 402857 1 366306 443607 250127 478005 372632 147175 321882 348170 197867 323058 367642 623852 383426 402178 397373 311147 444421 684380 468874 235464 346713 419416 260781 307625 71065 507842 70446 402782 20096 699495 573279 356238 380785 169720 319316 295080 610250 636085 394939 227589 287719 371235 224078 229937 349302 341801 325054 557277
 450630 456538 256426 186901 411346 420103 479320 379635 737431 587337 108516 719330 647792 680942 329638 427481 511308 387741 259685 233932 597324 382273 425436 370120 451727 482402 279625 769065 660654 632188 545457 366306 1 735404 303480 263667 390567 321273 531878 334501 258180 87131 712840 800961 660552 514881 723918 90347 429637 363164 612982 587650 361657 91872 219641 129607 436934 459423 352563 593943 357872 461852 514311 687201 709613 450448 381281 658582 813097 290452 280015 373393 373542 407120 444000 381735 714895 412111 529215 209780
 946122 1115210 664717 648805 1085363 664079 1159555 857294 889530 191145 751823 919156 328957 496884 483818 353759 1198335 380234 756373 964502 746763 954195 501780 824658 326799 255205 963090 792364 756555 261741 794465 443607 735404 1 693024 690917 810176 588745 692212 790713 478115 727727 173261 949650 77089 334179 579610 650710 490646 1092247 846550 446230 456555 814048 699858 621723 394461 947003 409449 763410 435973 1136179 1011366 548087 565345 292378 754389 284392 914481 928044 837065 658056 722084 431482 292723 361892 313667 772102 698594 944943
 257430 440591 515925 439636 422673 666271 494088 166188 435403 615286 209667 421391 475680 441411 488973 514981 534757 319700 83565 474288 294564 264033 215840 663709 527181 490198 329198 468785 359001 493465 244599 250127 303480 693024 1 533035 130841 104651 232412 98090 339319 218811 600556 500350 633513 613632 460787 315303 604591 500549 314187 370279 508891 296747 84373 342585 302153 260150 299075 290531 260441 468736 326122 431083 449590 415863 90962 504789 509971 589785 159516 80383 72511 547071 457697 436875 544749 122284 228781 416040
 713104 701246 27483 94408 652227 160937 712522 638038 963816 506748 369372 953796 726537 812826 207146 337222 738394 455491 510463 372245 810780 645669 576061 153112 364376 449138 526527 969512 868160 686094 776279 478005 263667 690917 533035 1 640772 509747 739321 586066 284686 342769 731837 1030498 614653 383914 874847 218160 240754 553237 846628 712054 235115 341531 457273 192265 534319 721590 426560 811818 460819 699306 777681 833994 858439 465660 620653 720581 1034012 250984 542136 586276 605508 267438 419272 345886 782713 652492 738677 396288
 137034 370254 626482 550070 366781 782620 430098 60279 364563 743188 283597 336869 563268 493102 616042 645810 470179 444926 131240 510809 261472 181364 313936 760341 657969 618184 311692 436092 327134 592689 179480 372632 390567 810176 130841 640772 1 225796 226789 56151 468727 303823 703522 422008 754511 744473 490257 423641 731749 488029 235633 443215 637287 354864 185636 456134 415763 137017 426934 248981 385212 404425 201285 469642 482988 541362 57027 598064 444639 658538 140610 153633 88956 676386 586673 567660 629391 54791 219826 445204
 358902 541636 488726 415571 520514 625577 593165 268884 460301 518051 253882 458464 379338 369057 427235 432323 633617 219148 177852 526326 302525 368343 121434 652400 441228 393275 417042 460731 358440 391802 284012 147175 321273 588745 104651 509747 225796 1 230100 201973 272604 250198 497325 528394 530299 529263 404193 302695 540539 580642 354325 285661 442099 343373 140721 318621 197620 360668 202598 305566 159429 568148 426138 369036 390545 315575 173826 405418 526551 611032 258785 90463 143209 475852 362993 351702 449059 198748 230000 475661
 339327 594838 718661 644992 593469 854530 655531 286089 235028 678279 442028 243919 392992 282665 649281 632671 695217 391745 303188 704248 73349 406510 214380 879811 635548 561972 531780 237220 129715 441755 105692 321882 531878 692212 232412 739321 226789 230100 1 258988 495324 449645 553237 303551 653091 723373 266107 528498 759188 708561 155311 262383 660293 528929 316075 547535 324660 334040 392043 80900 341313 629981 382458 250468 260609 476727 186722 435103 296993 820757 353711 158558 174102 689359 541145 551613 449952 172528 8005 643560
 160448 355746 572311 496039 344749 729622 412722 68728 417167 712131 227446 391534 562502 508756 568805 605837 453390 417668 75690 459668 303552 171491 305546 704385 619538 587108 272798 480357 370021 585466 228398 348170 334501 790713 98090 586066 56151 201973 258988 1 424797 247863 694240 476113 731581 704796 514747 369624 684328 449577 288628 448994 591361 299755 134154 403150 398571 164040 396343 293242 358496 387005 230014 490438 505916 513717 72285 594318 496613 603278 95001 149390 92443 631621 553944 529446 630448 92203 252904 395121
 581255 677457 258351 205013 639370 365217 712094 491277 729530 332307 294272 730525 444707 529469 154725 187754 748058 171345 361047 486579 568672 550638 304473 437784 207018 224255 509220 710765 618081 410437 556603 197867 258180 478115 339319 284686 468727 272604 495324 424797 1 265764 472944 797993 402720 285435 594644 172675 268238 619382 626908 428537 170497 341393 295544 146814 249883 586503 141900 574217 179270 691203 651442 553255 577899 201879 428826 442854 791470 474718 427871 361939 403559 207760 185925 125957 504119 458643 496638 467950
 371034 413981 332025 257783 374173 494004 446499 295652 651089 596924 30680 632354 602055 617510 371919 450029 482296 359656 172736 278346 513353 311695 363317 456527 471428 482331 243477 686747 577485 595181 458996 323058 87131 727727 218811 342769 303823 250198 449645 247863 265764 1 684874 714253 655766 544118 654223 136631 480899 366569 526146 528683 401225 96939 134455 176825 393838 379256 325704 509187 318923 425971 437019 619223 640713 436146 294375 618043 727264 371199 200262 291957 287619 446092 443951 391338 670919 325081 446551 234517
 840442 1038561 704411 670163 1015208 741987 1088646 756559 732899 298689 703913 766750 166302 329459 531576 413774 1128778 326227 674307 946770 599741 864316 389906 878387 391650 287423 902707 627060 601214 112452 658420 367642 712840 173261 600556 731837 703522 497325 553237 694240 472944 684874 1 790024 188223 433959 410234 638717 573360 1050034 703421 294121 512195 778876 626638 618854 302157 839655 361090 617816 367736 1063975 901183 381261 396793 271630 646509 121126 751518 946682 755704 550183 614691 501307 313143 386012 140615 658923 560334 915727
 448584 705418 1011664 936280 725610 1153685 766278 458643 68535 966238 698778 86408 624117 464547 952330 934426 799415 691372 545329 931307 230698 547644 513515 1164025 935939 855961 715597 176634 196490 688130 255873 623852 800961 949650 500350 1030498 422008 528394 303551 476113 797993 714253 790024 1 923669 1023029 394425 814347 1062703 883480 188349 503913 963796 775686 582101 838401 617938 438221 694269 223787 643573 744096 442811 413261 403325 770811 420009 669493 58014 1078773 560372 445072 428404 992812 838481 853774 660686 389926 301641 864715
 889123 1048577 588317 571723 1017276 592953 1091418 799103 861120 122451 680614 886995 317574 485091 407508 277793 1129791 315844 693060 888655 712121 891868 452872 749940 251108 178939 893314 773887 728153 246401 752493 383426 660552 77089 633513 614653 754511 530299 653091 731581 402720 655766 188223 923669 1 266235 569486 575081 419638 1018951 808362 420990 380825 740506 634624 545452 341605 890620 342673 727618 373713 1068408 955705 534504 554040 223576 699710 276598 892281 851007 772956 604512 667559 357464 216883 285084 319022 719362 658969 870269
 863557 958099 360888 370327 917564 331171 988810 772568 955328 143982 574013 967151 506824 652474 192918 98982 1023006 331861 644729 715813 793893 836061 509835 501287 88451 178849 785736 903298 829892 442030 804003 402178 514881 334179 613632 383914 744473 529263 723373 704796 285435 544118 433959 1023029 266235 1 733730 424862 158755 874493 870865 562265 159554 605708 579322 385457 407255 868205 333217 804192 383387 969211 933737 693095 716603 257989 699076 479313 1004975 633576 713232 618881 670599 118283 186318 177642 536771 726573 726853 715221
 605012 860065 849849 785915 856457 954409 920295 550315 347741 640491 655890 392601 252375 84579 729498 664788 960252 435078 542495 928176 265468 671311 303174 1026239 656481 554937 784247 221618 232048 323141 354747 397373 723918 579610 460787 874847 490257 404193 266107 514747 594644 654223 410234 394425 569486 733730 1 691970 820338 959100 366431 173463 728286 745803 533688 697065 349873 599355 456175 285609 415442 894646 644451 41857 17284 478944 443856 295654 348930 1011429 606367 380795 423222 742738 551700 594593 273034 435469 273765 873885
 504722 540611 202850 126441 497108 361033 566573 424806 748274 498178 166750 736551 588220 640506 241965 337161 599542 318751 294442 313907 598398 448325 388858 351449 361527 396282 364837 762752 658144 565324 559296 311147 90347 650710 315303 218160 423641 302695 528498 369624 172675 136631 638717 814347 575081 424862 691970 1 346669 453110 629337 542990 273261 180895 239266 41462 379009 512448 283906 598075 299075 548202 571901 653077 676603 371056 402499 594294 820147 324975 335059 372311 387814 318726 358200 293481 652977 434335 527157 297670
 835065 885936 222139 254946 840972 173455 908282 748059 994169 299501 511538 997423 618086 744548 115714 163904 939028 388600 615109 599531 832305 790114 556602 344267 182521 291438 709205 964128 877918 560854 824513 444421 429637 490646 604591 240754 731749 540539 759188 684328 268238 480899 573360 1062703 419638 158755 820338 346669 1 771308 894600 647041 98924 520946 550994 305296 473362 841432 375283 839131 424327 891336 904525 778570 803068 347478 695042 598288 1052946 491193 671440 630141 670854 78143 278498 225766 659198 725423 761097 610677
 436007 227411 561056 516395 182046 709246 199497 435687 836748 950283 346132 797626 955970 941708 684324 789957 207945 725929 417416 185747 749471 335942 702021 573246 814594 842502 176873 923518 815130 956515 665187 684380 363164 1092247 500549 553237 488029 580642 708561 449577 619382 366569 1050034 883480 1018951 874493 959100 453110 771308 1 711044 865510 717429 278508 439922 490279 753739 446664 692196 736848 682541 201201 459157 931058 948767 801883 521840 976601 917443 377446 354984 579166 537702 762267 803943 744253 1025724 538802 702467 160702
 286855 553446 828742 752795 565509 974866 615558 277678 128958 832070 510434 107216 540020 408632 781559 777612 652114 541116 357010 746378 106152 379315 366257 977550 782539 714076 538454 226012 139399 593147 70937 468874 612982 846550 314187 846628 235633 354325 155311 288628 626908 526146 703421 188349 808362 870865 366431 629337 894600 711044 1 409682 795948 587746 394685 655186 478284 277794 537726 86606 487484 591522 302669 365683 367310 629161 231790 583598 209352 890576 375606 266243 241765 828298 691444 696185 591917 201578 149699 680505
 575845 804699 686264 626162 791126 783762 860939 501576 443301 477062 536652 474113 130758 100942 557998 491439 901670 263820 453261 807022 305624 619120 165839 864693 483608 383929 698312 354254 310367 185995 368073 235464 587650 446230 370279 712054 443215 285661 262383 448994 428537 528683 294121 503913 420990 562265 173463 542990 647041 865510 409682 1 555659 624655 425994 542435 179581 573105 287562 323796 251551 835305 629869 131895 156180 306046 387843 173916 471295 867339 528897 299931 359045 569358 378863 421276 189412 392217 269864 759546
 744772 812908 209680 210961 770147 235190 839833 656369 895262 271734 431811 898577 537127 654577 33418 103119 872652 293997 524119 556408 733432 705273 458699 370278 129769 224780 637862 866651 779411 484917 725972 346713 361657 456555 508891 235115 637287 442099 660293 591361 170497 401225 512195 963796 380825 159554 728286 273261 98924 717429 795948 555659 1 453394 459213 232381 379280 750687 278323 740210 326644 821360 814655 686435 711067 264623 598879 521736 954301 479742 584561 531936 573974 45482 202370 137868 583731 628916 662182 557478
 389645 366290 338390 273919 320211 501430 387563 330985 715605 673199 89918 691288 698931 712091 421470 516747 419439 452818 232046 182968 588104 309997 458987 426805 540349 564035 189238 764222 653736 691090 524452 419416 91872 814048 296747 341531 354864 343373 528929 299755 341393 96939 778876 775686 740506 605708 745803 180895 520946 278508 587746 624655 453394 1 214971 221105 490331 399364 418287 581680 414576 370394 448268 711854 732789 524646 358954 714492 794091 303690 225590 374804 359060 498868 525474 466821 767721 387117 525001 137862
 285979 415834 441938 365421 389119 597036 462960 197212 518021 600201 126323 501570 518259 506181 435708 480518 502758 319652 65509 395376 378936 261264 262118 583230 496358 476726 278305 552862 443276 525472 326296 260781 219641 699858 84373 457273 185636 140721 316075 134154 295544 134455 626638 582101 634624 579322 533688 239266 550994 439922 394685 425994 459213 214971 1 270629 324591 291594 292053 374763 265033 438731 356094 501376 521369 411532 164310 541994 593456 505433 139219 159988 153996 500427 441059 407457 588091 195948 312706 340239
 542177 582021 173558 97905 538361 326523 607580 460505 771608 463832 207225 762259 578579 641542 200800 299819 640271 305516 328748 343906 618710 488255 394413 334400 324865 366562 406114 779218 676674 551039 584643 307625 129607 621723 342585 192265 456134 318621 547535 403150 146814 176825 618854 838401 545452 385457 697065 41462 305296 490279 655186 542435 232381 221105 270629 1 372450 549635 271648 619580 293483 589380 609952 657300 681251 348481 431612 581575 841787 332899 373462 394013 414821 277863 329093 261427 641494 463459 546736 332922
 551981 736962 508167 450760 713061 604736 786546 463985 550993 353800 409316 567364 210873 280399 379634 325100 826643 85345 372827 667001 391640 565957 113211 687310 322241 238290 601544 497169 423304 202808 417216 71065 436934 394461 302153 534319 415763 197620 324660 398571 249883 393838 302157 617938 341605 407255 349873 379009 473362 753739 478284 179581 379280 490331 324591 372450 1 552668 108217 404016 79989 761934 616912 308043 332758 152983 359935 224206 597947 703380 454349 263762 327635 396801 221281 249094 278282 378247 329351 628182
 10883 275733 711278 636675 289142 872816 337871 95667 396270 875422 352234 353265 696390 613640 726597 769223 374897 579100 226581 519182 345110 111601 450560 824574 783330 750338 286328 502339 403486 728393 251844 507842 459423 947003 260150 721590 137017 360668 334040 164040 586503 379256 839655 438221 890620 868205 599355 512448 841432 446664 277794 573105 750687 399364 291594 549635 552668 1 559218 327587 519527 313736 66030 584349 594525 675474 193623 732483 475831 693577 179513 290474 225822 792020 717599 693324 761231 181807 326193 451196
 556439 706162 400249 344632 675918 498484 750109 464950 626018 316359 346934 635119 307132 388469 275203 240661 788945 35199 351655 586301 463821 550853 182289 579638 244833 191289 554614 588872 504997 281489 470824 70446 352563 409449 299075 426560 426934 202598 392043 396343 141900 325704 361090 694269 342673 333217 456175 283906 375283 692196 537726 287562 278323 418287 292053 271648 108217 559218 1 472930 50737 726743 625167 414484 439206 119523 376321 310565 680577 604497 430751 289264 345792 301311 160414 159590 369957 401165 395069 554743
 335002 600290 792009 717415 605826 931139 662195 302485 155315 757058 498082 163472 453854 322992 728547 713567 700508 472478 350453 750862 20290 416806 294846 949366 716412 641874 560667 187339 78503 508117 75863 402782 593943 763410 290531 811818 248981 305566 80900 293242 574217 509187 617816 223787 727618 804192 285609 598075 839131 736848 86606 323796 740210 581680 374763 619580 404016 327587 472930 1 422204 637244 364601 281513 284942 556556 224818 497662 222226 879604 387114 225834 222870 769793 621625 632492 505316 201067 78150 687503
 517379 680853 435289 374683 653416 542165 727458 426542 575304 359262 336584 584470 290416 352116 321518 291370 766963 59720 320401 589126 413095 518549 132341 613252 295107 235034 536546 540008 454719 276545 421004 20096 357872 435973 260441 460819 385212 159429 341313 358496 179270 318923 367736 643573 373713 383387 415442 299075 424327 682541 487484 251551 326644 414576 265033 293483 79989 519527 50737 422204 1 703463 585198 374138 398750 156152 332825 301118 630238 623620 401179 242793 301585 351173 207053 210326 357040 356255 344367 552341
 304864 38679 700994 642258 51835 860017 25753 344333 707671 1020106 396953 661671 944413 894894 790153 875939 66392 756485 390307 364116 653461 223477 684531 747462 897377 901612 183618 815737 714656 959911 561543 699495 461852 1136179 468736 699306 404425 568148 629981 387005 691203 425971 1063975 744096 1068408 969211 894646 548202 891336 201201 591522 835305 821360 370394 438731 589380 761934 313736 726743 637244 703463 1 301695 873704 887391 844934 453549 972991 785910 563511 309694 535403 478855 866786 863912 816053 1013406 459214 622693 313010
 70212 263046 768539 694793 287698 930998 323520 161484 409754 941407 408874 361622 755119 664672 790051 834758 356807 644816 290752 552520 383478 141884 513194 875031 849072 816319 313852 528463 436750 789480 290788 573279 514311 1011366 326122 777681 201285 426138 382458 230014 651442 437019 901183 442811 955705 933737 644451 571901 904525 459157 302669 629869 814655 448268 356094 609952 616912 66030 625167 364601 585198 301695 1 632459 640910 741220 257080 792262 486317 734765 236915 353793 289393 856350 783624 759125 818835 242262 374473 485123
 589386 839883 808878 745458 834097 912634 899426 529915 361721 602081 622031 403009 219272 51884 687660 623329 939662 393232 513716 894590 261233 651002 264280 985615 615293 514400 757311 245895 237930 288865 345968 356238 687201 548087 431083 833994 469642 369036 250468 490438 553255 619223 381261 413261 534504 693095 41857 653077 778570 931058 365683 131895 686435 711854 501376 657300 308043 584349 414484 281513 374138 873704 632459 1 24728 437724 420786 263721 371406 973694 580348 351894 398200 701007 510517 552840 247793 414990 258387 841515
 599924 853129 833371 769732 848584 937360 913076 543175 354621 623965 642903 398090 237384 68970 712368 647514 953161 417933 531741 915349 264687 664265 287746 1009966 639243 537828 774371 232434 235329 307838 352286 380785 709613 565345 449590 858439 482988 390545 260609 505916 577899 640713 396793 403325 554040 716603 17284 676603 803068 948767 367310 156180 711067 732789 521369 681251 332758 594525 439206 284942 398750 887391 640910 24728 1 461698 435507 281098 359239 996652 596840 369893 414023 725461 534461 577320 260759 428214 268396 861607
 673156 825004 438190 399285 793875 499682 868041 582049 703958 205079 459681 719998 272531 399973 275969 186795 906562 96444 471054 683275 544491 670215 262926 615731 177573 85346 670775 645731 575780 222408 566081 169720 450448 292378 415863 465660 541362 315575 476727 513717 201879 436146 271630 770811 223576 257989 478944 371056 347478 801883 629161 306046 264623 524646 411532 348481 152983 675474 119523 556556 156152 844934 741220 437724 461698 1 488751 258449 749871 675054 550273 397215 457308 269383 72820 127141 320767 511520 481118 658207
 193976 420681 604420 527949 413311 756423 479299 113734 357739 691828 279013 338071 506711 441478 579511 600958 519746 392482 126910 526045 233696 232647 257010 747411 611754 567097 345079 410955 300222 535665 165804 319316 381281 754389 90962 620653 57027 173826 186722 72285 428826 294375 646509 420009 699710 699076 443856 402499 695042 521840 231790 387843 598879 358954 164310 431612 359935 193623 376321 224818 332825 453549 257080 420786 435507 488751 1 541199 435416 660166 167043 96861 32314 636385 536635 521593 573161 31861 180699 462864
 734058 945372 693250 647487 925814 756874 998161 653490 611898 362890 633235 645642 45376 212508 534370 434392 1038709 276150 583041 890239 479351 765718 289274 872149 417808 308075 820298 508573 480099 37562 540677 295080 658582 284392 504789 720581 598064 405418 435103 594318 442854 618043 121126 669493 276598 479313 295654 594294 598288 976601 583598 173916 521736 714492 541994 581575 224206 732483 310565 497662 301118 972991 792262 263721 281098 258449 541199 1 631959 914412 663298 446640 510149 521401 320786 385269 62364 550748 442393 852351
 485827 747297 1014075 939605 764789 1151518 808735 486545 80870 941031 713925 124750 586688 423211 944743 919045 842980 674825 562203 955438 224047 582874 498397 1171294 918907 834438 746557 127528 175630 652780 269667 610250 813097 914481 509971 1034012 444639 526551 296993 496613 791470 727264 751518 58014 892281 1004975 348930 820147 1052946 917443 209352 471295 954301 794091 593456 841787 597947 475831 680577 222226 630238 785910 486317 371406 359239 749871 435416 631959 1 1095491 584880 448027 439658 981214 819224 839265 619114 407019 296609 889752
 683246 578286 272747 279835 526913 373144 568820 632951 1017796 750072 381772 994724 911171 963860 448770 578111 583730 638410 533713 199521 884318 592894 709868 204135 605590 677185 429797 1057915 948661 883528 825968 636085 290452 928044 589785 250984 658538 611032 820757 603278 474718 371199 946682 1078773 851007 633576 1011429 324975 491193 377446 890576 867339 479742 303690 505433 332899 703380 693577 604497 879604 623620 563511 734765 973694 996652 675054 660166 914412 1095491 1 527145 662696 657039 515930 642984 569790 974391 689288 817733 258142
 170974 282897 532165 458023 263168 694249 334906 105807 504546 739173 172765 474491 634996 595520 558270 614992 375510 457357 81539 371023 398042 123088 375006 646846 632160 615901 178504 574430 464405 650558 319764 394939 280015 837065 159516 542136 140610 258785 353711 95001 427871 200262 755704 560372 772956 713232 606367 335059 671440 354984 375606 528897 584561 225590 139219 373462 454349 179513 430751 387114 401179 309694 236915 580348 596840 550273 167043 663298 584880 527145 1 231096 183351 627620 580084 544266 704178 186293 347740 304901
