NAME : domp40p10v2
COMMENT : Cherkesly, Contardo & Gruson 2022
TYPE : DOMP
DIMENSION : 40
DISPLAY_DATA_TYPE : NO_DISPLAY
OPEN_FACILITIES : 10
COST_SECTION
 1 841704 1003191 403546 565458 719689 1035770 1075057 89814 340849 52464 848922 390026 906209 603874 420474 181414 430407 864115 330282 358517 442713 631240 648667 747167 359818 142415 564627 348805 238648 865894 616132 855880 318227 508972 646681 598074 76886 531309 560824
 841704 1 630204 452913 283215 365915 735805 718786 758334 502730 881477 867866 453594 390651 1131123 424393 680466 650528 409442 600989 504337 420426 566955 399349 178930 492996 934781 982695 586392 604209 59141 1077597 32370 827592 856401 312578 632213 803275 310518 454160
 1003191 630204 1 805516 713220 343497 110905 91891 918216 745725 1013112 399822 716926 240113 906035 757130 828723 585957 225993 674037 689749 803459 375338 388753 771491 817090 1009605 748918 959778 816166 686991 826302 660784 776680 658290 450234 426329 1014686 682398 456469
 403546 452913 805516 1 169713 465072 876243 893543 330781 120406 449513 826985 107549 631059 847317 48386 276930 422603 606426 295267 179505 40112 509101 418086 343633 43826 518895 736025 158094 186305 469058 820955 462318 504311 623862 361438 527287 354949 153506 371258
 565458 283215 713220 169713 1 372220 798428 804537 486217 236869 608349 815261 191416 509410 939627 144995 417207 472918 496130 377875 260806 138197 485947 349553 193266 210415 669833 809296 309959 332973 301043 900629 293046 607569 687194 266658 526663 522264 54499 341467
 719689 365915 343497 465072 372220 1 426275 433856 630256 419529 741385 502114 384103 186529 820872 416846 538339 369843 147367 397228 372922 460753 215126 74057 461329 480492 761283 662382 621533 503854 424363 756048 398077 574847 540290 106797 287899 714845 339076 166510
 1035770 735805 110905 876243 798428 426275 1 64850 954424 805223 1040266 335574 781450 347995 869929 828110 868012 607969 327315 712587 745205 878183 405874 459021 870728 883399 1027083 719088 1026512 866338 793294 788207 766856 783659 643364 532052 440918 1054949 763289 512768
 1075057 718786 91891 893543 804537 433856 64850 1 991856 829720 1082048 400117 802764 328140 931652 845179 903776 650972 317453 748361 771991 892634 443868 475687 862685 903698 1072972 779317 1046679 896363 774933 850202 748957 833158 699629 540652 486037 1090509 772932 538312
 89814 758334 918216 330781 486217 630256 954424 991856 1 255732 123155 783470 304982 816747 596519 341732 91956 354384 775062 244190 269265 370767 548775 559564 672376 287122 188792 533851 305909 154245 784903 596671 773757 277940 461198 556908 520383 105822 448896 472455
 340849 502730 745725 120406 236869 419529 805223 829720 255732 1 378883 723023 49271 600055 729038 101854 180627 305708 566584 175096 66229 154031 417311 359281 428881 96292 434464 615668 228813 102204 530850 701008 518779 387290 503723 327743 424432 312689 194616 292461
 52464 881477 1013112 449513 608349 741385 1040266 1082048 123155 378883 1 838117 428127 927687 562531 463515 208232 432359 883782 346148 389605 489103 638688 669081 792660 405688 91441 533826 400851 277314 907687 579611 896767 296903 488259 673749 600004 128156 571881 579224
 848922 867866 399822 826985 815261 502114 335574 400117 783470 723023 838117 1 719736 549226 546999 784668 713534 438000 501557 574303 656798 844064 329315 482446 950284 817115 800340 408946 950167 746288 926446 464530 900092 547222 368289 576304 299731 889292 765946 474074
 390026 453594 716926 107549 191416 384103 781450 802764 304982 49271 428127 719736 1 561092 760676 71406 228397 318386 530094 199016 78017 131221 404326 328358 384483 102456 482723 640735 245213 151413 482370 728501 469934 422097 524637 287779 420006 360234 146571 270650
 906209 390651 240113 631059 509410 186529 347995 328140 816747 600055 927687 549226 561092 1 961898 584102 724845 542148 54586 582790 557295 620074 353178 258770 539081 652193 945548 800478 789147 688188 447030 890284 420934 748216 686244 273355 426138 900354 489620 350136
 603874 1131123 906035 847317 939627 820872 869929 931652 596519 729038 562531 546999 760676 961898 1 829049 591459 480996 907318 563101 683709 882954 612149 757622 1127471 812932 479307 161557 887885 675601 1179386 82470 1158255 343696 280688 826413 537825 676396 886204 682214
 420474 424393 757130 48386 144995 416846 828110 845179 341732 101854 463515 784668 71406 584102 829049 1 276841 389601 558674 269349 149002 60528 464116 369777 331937 72561 526837 711414 205385 189635 445650 798562 436551 488415 595911 313597 485342 378895 116211 324674
 181414 680466 828723 276930 417207 538339 868012 903776 91956 180627 208232 713534 228397 724845 591459 276841 1 277248 683115 155509 181746 316575 462172 467615 608188 235866 254485 505470 297052 90862 710691 578913 697824 251907 415791 466319 439042 186943 374901 380786
 430407 650528 585957 422603 472918 369843 607969 650972 354384 305708 432359 438000 318386 542148 480996 389601 277248 1 491059 138891 243098 449596 211136 297982 653264 401885 423658 338790 522889 310265 698392 432250 677359 206132 214639 351468 167880 459082 418430 210732
 864115 409442 225993 606426 496130 147367 327315 317453 775062 566584 883782 501557 530094 54586 907318 558674 683115 491059 1 537917 520188 598583 299105 215503 545537 624573 898666 745894 764034 651076 467545 835723 440899 696870 631849 245097 371798 861439 471064 304656
 330282 600989 674037 295267 377875 397228 712587 748361 244190 175096 346148 574303 199016 582790 563101 269349 155509 138891 537917 1 121174 326734 306831 324043 568709 269282 365116 442104 384580 172064 641062 529486 623628 231044 328634 340883 288059 342433 325487 233261
 358517 504337 689749 179505 260806 372922 745205 771991 269265 66229 389605 656798 78017 557295 683709 149002 181746 243098 520188 121174 1 207760 352848 307859 453566 161404 432742 562719 294623 130964 538838 650610 523874 347280 446955 290060 358255 343769 210635 233691
 442713 420426 803459 40112 138197 460753 878183 892634 370767 154031 489103 844064 131221 620074 882954 60528 316575 449596 598583 326734 207760 1 521814 419168 304812 83653 558969 768663 174814 226119 433812 854761 428247 540641 654508 355097 545041 392407 132862 380557
 631240 566955 375338 509101 485947 215126 405874 443868 548775 417311 638688 329315 404326 353178 612149 464116 462172 211136 299105 306831 352848 521814 1 167622 627208 505712 634634 451722 645593 465406 623140 544103 598073 409148 333832 258269 74397 649095 436870 145011
 648667 399349 388753 418086 349553 74057 459021 475687 559564 359281 669081 482446 328358 258770 757622 369777 467615 297982 215503 324043 307859 419168 167622 1 467926 428357 687545 601170 571157 438046 455563 695635 430453 502043 477091 93866 234492 646634 308383 92455
 747167 178930 771491 343633 193266 461329 870728 862685 672376 428881 792660 950284 384483 539081 1127471 331937 608188 653264 545537 568709 453566 304812 627208 467926 1 387351 858638 991944 447745 521539 157438 1084772 166324 799334 867659 374159 680391 696715 243426 491171
 359818 492996 817090 43826 210415 480492 883399 903698 287122 96292 405688 817115 102456 652193 812932 72561 235866 401885 624573 269282 161404 83653 505712 428357 387351 1 475413 706224 143136 145004 510946 789338 503460 469314 597133 379830 517766 312333 187989 373104
 142415 934781 1009605 518895 669833 761283 1027083 1072972 188792 434464 91441 800340 482723 945548 479307 526837 254485 423658 898666 365116 432742 558969 634634 687545 858638 475413 1 466499 485867 337228 965090 503034 952308 253286 438492 704231 586988 219113 629050 595509
 564627 982695 748918 736025 809296 662382 719088 779317 533851 615668 533826 408946 640735 800478 161557 711414 505470 338790 745894 442104 562719 768663 451722 601170 991944 706224 466499 1 799780 579649 1032960 94978 1010851 256738 126309 674040 377327 628459 755001 529925
 348805 586392 959778 158094 309959 621533 1026512 1046679 305909 228813 400851 950167 245213 789147 887885 205385 297052 522889 764034 384580 294623 174814 645593 571157 447745 143136 485867 799780 1 221320 592279 875613 590380 548726 701299 518942 652623 280066 307119 515651
 238648 604209 816166 186305 332973 503854 866338 896363 154245 102204 277314 746288 151413 688188 675601 189635 90862 310265 651076 172064 130964 226119 465406 438046 521539 145004 337228 579649 221320 1 630765 657905 619512 332668 480029 419569 456666 214274 294662 359925
 865894 59141 686991 469058 301043 424363 793294 774933 784903 530850 907687 926446 482370 447030 1179386 445650 710691 698392 467545 641062 538838 433812 623140 455563 157438 510946 965090 1032960 592279 630765 1 1127707 26848 869912 906673 366961 687216 823165 336313 506514
 616132 1077597 826302 820955 900629 756048 788207 850202 596671 701008 579611 464530 728501 890284 82470 798562 578913 432250 835723 529486 650610 854761 544103 695635 1084772 789338 503034 94978 875613 657905 1127707 1 1105683 327007 221203 769003 469774 684834 846508 624901
 855880 32370 660784 462318 293046 398077 766856 748957 773757 518779 896767 900092 469934 420934 1158255 436551 697824 677359 440899 623628 523874 428247 598073 430453 166324 503460 952308 1010851 590380 619512 26848 1105683 1 851532 884543 342705 662750 815095 324888 483288
 318227 827592 776680 504311 607569 574847 783659 833158 277940 387290 296903 547222 422097 748216 343696 488415 251907 206132 696870 231044 347280 540641 409148 502043 799334 469314 253286 256738 548726 332668 869912 327007 851532 1 191477 546007 350419 375928 555927 411976
 508972 856401 658290 623862 687194 540290 643364 699629 461198 503723 488259 368289 524637 686244 280688 595911 415791 214639 631849 328634 446955 654508 333832 477091 867659 597133 438492 126309 701299 480029 906673 221203 884543 191477 1 548161 260146 563199 632744 403945
 646681 312578 450234 361438 266658 106797 532052 540652 556908 327743 673749 576304 287779 273355 826413 313597 466319 351468 245097 340883 290060 355097 258269 93866 374159 379830 704231 674040 518942 419569 366961 769003 342705 546007 548161 1 320302 633530 232283 144278
 598074 632213 426329 527287 526663 287899 440918 486037 520383 424432 600004 299731 420006 426138 537825 485342 439042 167880 371798 288059 358255 545041 74397 234492 680391 517766 586988 377327 652623 456666 687216 469774 662750 350419 260146 320302 1 623994 474901 189324
 76886 803275 1014686 354949 522264 714845 1054949 1090509 105822 312689 128156 889292 360234 900354 676396 378895 186943 459082 861439 342433 343769 392407 649095 646634 696715 312333 219113 628459 280066 214274 823165 684834 815095 375928 563199 633530 623994 1 493629 563172
 531309 310518 682398 153506 54499 339076 763289 772932 448896 194616 571881 765946 146571 489620 886204 116211 374901 418430 471064 325487 210635 132862 436870 308383 243426 187989 629050 755001 307119 294662 336313 846508 324888 555927 632744 232283 474901 493629 1 291904
 560824 454160 456469 371258 341467 166510 512768 538312 472455 292461 579224 474074 270650 350136 682214 324674 380786 210732 304656 233261 233691 380557 145011 92455 491171 373104 595509 529925 515651 359925 506514 624901 483288 411976 403945 144278 189324 563172 291904 1
LAMBDA_SECTION
1 64
2 75
3 274
4 425
5 685
6 994
7 813
8 427
9 27
10 798
11 270
12 640
13 258
14 986
15 715
16 17
17 833
18 386
19 551
20 660
21 116
22 811
23 122
24 111
25 767
26 587
27 414
28 663
29 697
30 658
31 456
32 326
33 433
34 397
35 170
36 508
37 325
38 838
39 577
40 96
