NAME : domp200p100v7
COMMENT : Cherkesly, Contardo & Gruson 2022
TYPE : DOMP
DIMENSION : 200
DISPLAY_DATA_TYPE : NO_DISPLAY
OPEN_FACILITIES : 100
COST_SECTION
 1 574802 541815 650775 263390 113351 910051 396047 178085 434312 488698 492219 513482 86869 250588 676028 143159 246016 601495 312794 399395 624782 219903 789025 592664 614230 195383 654887 404506 125158 420214 787128 651620 109185 167144 284523 373495 735686 338308 390169 561649 178090 243985 357071 272707 53692 239415 262083 661770 715268 197124 144003 487002 139343 592697 435719 347774 138954 96034 347685 809666 714878 538241 533834 610200 625863 628822 823236 448027 742149 641055 436198 757274 786052 411477 155907 270489 931228 706366 444539 762797 730346 570848 281678 683520 401980 423946 494560 228715 782296 868245 191748 768627 437583 556073 546531 664299 472908 637709 325719 43325 752988 441987 385316 556825 713651 738252 387621 563167 476279 310323 124612 595623 301019 551062 746580 448868 594818 356741 645757 80504 268233 487695 697090 362939 445088 84011 269357 631776 481755 778907 588713 371185 687528 83434 344217 383419 340997 742890 432681 605271 634182 86204 448052 168479 570596 629223 627413 438485 66219 472602 335466 570972 490383 742297 263353 641401 557929 618963 173041 156478 657962 75004 307199 228054 344270 604730 538511 675060 782553 298370 183958 175536 394955 781996 294305 252176 267426 219185 655872 300002 668112 265389 931057 634790 699980 742446 514464 180423 575214 617438 40697 276234 774798 541437 397976 514620 195502 205364 553575
 574802 1 860017 163686 315115 462090 748436 266693 514402 810220 383696 627814 236221 632825 667533 488003 525065 810711 745718 610999 688039 525211 738914 216307 133827 366121 517226 174506 604345 608351 391353 560079 125391 528535 705649 441088 703171 458985 340325 771385 234300 413395 447206 312626 779602 525293 409059 375772 399810 677565 386145 601440 852518 659691 34161 400181 598332 542374 621386 238185 740960 501868 651978 984363 499281 598683 811139 635538 655297 177288 147682 599972 185540 214140 750312 475047 762703 748230 368377 956057 202051 156381 910465 704545 120684 257699 802909 359131 763951 582799 679993 759322 245255 161283 810022 155037 732578 105775 702133 249508 576907 197642 757015 699418 445379 216260 164564 408781 37071 712711 710246 569001 165951 283545 186495 271726 770612 41433 758209 743317 641883 459404 553339 185063 791390 144959 644194 377668 83659 237629 417196 777381 218527 336620 645759 614843 200218 737822 251778 433245 166650 811657 506690 248636 690710 92577 606111 605679 621792 616052 825663 657024 993173 675237 226171 803054 100210 73339 223412 693921 430642 139445 586746 838002 413630 630555 163516 776614 517439 224981 593476 704142 675798 816680 543190 741830 379600 313942 526606 88412 759230 678270 755876 761748 122163 475253 457143 339959 500184 348711 500007 550103 365493 213481 159671 623303 252680 439078 443008 610253
 541815 860017 1 825374 617159 563609 657028 593407 419058 116406 512594 264113 935900 601905 291230 580929 680302 468327 226386 854497 938596 489419 370214 1018525 950509 624392 404510 1012332 945301 416686 914719 654662 857667 464690 418063 799574 178113 679542 523019 910112 686667 539441 441786 816405 333358 572388 736319 742763 644260 445210 648648 682247 75665 650826 891867 473241 266046 428797 622404 736712 514176 614430 271122 228176 499555 417039 185094 634325 210807 960389 826396 268331 1029693 1012798 941276 474596 315415 689903 723102 336800 968135 976984 52877 262202 979085 834542 125991 538192 683957 626767 658118 597870 1104043 702413 89389 735779 320922 764736 320435 690526 499215 1055835 109811 173377 502208 1066167 1005054 453239 828705 154781 835904 426480 969598 707396 715476 860959 98548 852973 190537 284961 486668 418317 343819 868623 203160 721106 483435 752995 866537 907039 774477 172155 661287 727723 579728 886026 682695 202759 874201 440148 976883 192020 606587 616358 665795 796666 413086 411525 245111 589207 73865 225887 190427 207295 1082843 394279 865441 800941 1015238 395196 635364 854225 467171 370163 725456 885746 974862 115783 552335 1081284 287770 676547 378161 179148 663383 803036 732811 609874 757014 902991 800703 383776 315947 677019 838846 620725 689854 567004 429670 604114 506144 516425 753486 978086 729129 939656 640733 482600 715555 331896
 650775 163686 825374 1 390235 538815 603751 270623 547687 797146 314873 571180 399343 721530 684457 360014 632669 867025 674444 745403 828935 417178 778054 195470 292232 244643 545008 317352 751331 654071 546269 414098 49163 580693 754903 575486 689772 311169 347346 902855 139186 474680 468017 455175 810926 607760 531281 499955 264949 565555 484201 707058 832369 756963 187163 352600 581500 584630 714551 356775 615839 365010 584910 981782 392745 499588 743269 492197 614622 137494 16040 557101 228232 189319 887332 522188 790435 599838 216054 978087 142784 166578 877874 717663 215819 405962 791481 288720 861451 440905 533876 842049 346039 216296 761971 106338 642303 204774 614313 348084 642430 275592 732197 682141 351754 341208 204175 379951 137715 671416 835555 613948 324785 394479 114073 112701 746090 122605 758303 659677 705879 469586 490823 47831 796031 213969 707482 504289 89132 398476 256335 714718 281445 185358 729625 753514 273166 739003 98515 385352 323656 742427 597400 226430 789261 92574 507044 507068 580286 702521 804338 648792 980514 624853 336887 845733 74348 114586 380613 738078 526941 36921 644466 874635 533242 768208 320491 727731 393595 291531 590713 803899 715557 816813 396072 860043 501289 384608 649447 117653 875881 578707 783679 615115 42460 338800 307516 261329 534402 242300 391273 618934 492406 152756 112305 768450 185262 480571 559923 533590
 263390 315115 617159 390235 1 150122 759518 162937 215781 541590 308729 447299 319377 331300 374117 495482 252908 495597 575242 402941 497350 474868 427839 526879 357100 403115 224151 421341 446915 296537 322003 602655 388553 215675 391559 256153 442459 529325 149908 545254 318405 99996 175650 210361 471734 217882 189245 172103 452518 604707 105692 322927 590389 367814 336367 275261 354779 234415 324670 120295 692621 529077 486983 697669 453015 510452 627046 656590 441892 478998 379633 399599 500000 523678 542210 167227 457296 773235 478551 650820 499436 468966 661756 412858 429221 218269 532693 301983 471854 607868 704454 453056 529029 174872 591545 288716 602216 210945 570898 77516 262071 502420 507548 444370 390122 479622 479635 243155 300726 492884 469831 258480 368656 92547 298179 491150 519645 332330 477170 597669 327050 201610 399997 435646 504022 181704 329282 181797 368498 290019 550068 587218 108840 454498 339967 421524 120030 456716 484944 292400 377316 630034 207739 211421 400292 307555 516258 514901 415096 312393 566590 393663 716457 475758 503999 490043 378011 294540 406545 381434 142263 395320 271830 526832 184604 432178 375945 562571 506633 531622 329843 415233 365438 532816 592799 483950 166300 11165 290686 393451 497733 576296 450579 778566 372021 508246 533848 310501 201978 364986 458445 235765 175102 511437 284282 455449 279027 140421 200658 472024
 113351 462090 563609 538815 150122 1 841126 290779 148494 468470 402351 458285 418792 184735 283947 593077 146022 351955 578991 326441 421564 552542 300808 675845 486501 519429 165617 549715 399450 174852 355149 703891 538577 101856 256356 236286 386184 643776 242541 441904 455432 75211 176710 270803 350137 70007 173183 183929 568141 660045 97450 196874 520790 227077 480815 354242 328922 135828 181864 239745 753154 630427 503258 598202 534931 567038 617627 747203 429131 628801 528739 403329 645341 672824 450954 97443 340899 859498 606404 529124 649466 617326 600630 321490 572330 307027 458493 404078 328293 702862 793725 303336 662062 324652 559767 435427 628010 359681 598882 213803 117899 642998 456087 393762 476914 608632 625937 309220 449895 468830 361847 146201 492028 194270 441618 636669 465725 481545 394668 614961 181843 206676 435852 584791 411847 331820 184519 193494 518429 387063 678954 576685 258316 585583 190908 353152 270143 375762 632012 358226 501459 622064 73668 342770 259477 457559 571440 569771 411486 164831 501431 340524 626904 469495 636053 356369 528106 444647 520100 252243 72148 545131 135962 396988 162112 358673 500663 536529 596640 672505 287019 274990 243058 443266 696915 362568 173601 154530 212982 542619 373149 619631 334688 861517 521895 613154 649761 420605 141434 480230 541627 89689 196400 661467 430545 399886 410484 118030 152811 506500
 910051 748436 657028 603751 759518 841126 1 606842 733367 719674 450790 459864 958704 996739 755369 271595 985239 1003163 431634 1156634 1252452 288724 884203 760086 882101 388883 717180 917669 1206425 825464 1054264 189674 652893 801298 900613 1015325 658208 292583 612680 1283016 520223 769246 669090 940892 881008 899325 948700 930413 349365 219150 858771 1035891 715904 1049262 779284 489651 599793 776337 1004769 821470 143985 248558 422700 884310 307908 290377 476974 112951 530194 714301 616968 506022 819651 753407 1289800 757693 855409 34219 388140 969803 702652 757806 698743 762108 819437 915564 722103 459314 1132571 165903 70334 1069589 947084 678675 567864 599235 336188 722347 340704 782125 875151 873879 639854 641024 369689 944923 798290 532249 712855 549761 1202939 799908 913847 830490 567813 543023 648468 713339 742457 372083 912441 642509 430171 615517 781324 694165 911414 939557 690814 945699 367872 484917 700283 418408 988277 1178177 712443 734805 568863 482901 915025 470763 914416 572972 1078365 656011 288912 290852 516644 976259 694066 655686 846272 497848 939891 942783 677521 677093 971521 873510 881890 639838 854299 943478 943581 1187380 911902 546723 253826 884708 647720 1093709 845354 778924 207729 1199736 925375 748437 1041332 721403 1207859 281142 851179 21592 643589 274748 296552 457161 729760 417199 301886 869464 931431 705465 596413 1214689 523507 724833 956339 378726
 396047 266693 593407 270623 162937 290779 606842 1 277190 545728 161975 369562 386412 474915 416473 338009 413428 598739 493344 565217 658985 330724 507466 444402 364873 240347 274420 423713 603579 384689 450089 442542 286538 314263 485582 412026 438131 366504 78272 708011 165610 218402 197655 335575 540621 360561 348546 326659 289710 473151 268526 480055 586701 517621 298480 150279 332150 315137 472604 217156 554497 369523 399444 724057 306581 382044 555252 500416 390330 388799 264857 336322 441809 439627 705034 255190 520527 618078 317714 709883 403198 394763 643774 451132 386391 317486 538825 148291 618957 450176 548454 587146 510797 111290 545708 164895 496976 174269 465337 175491 380986 463377 490466 433593 243042 475078 417859 145334 236422 447429 632032 344750 388362 223740 160333 354321 504105 262714 498048 500848 442201 201780 301813 318453 533590 130801 443432 335203 283496 364996 389899 519178 97267 295425 478448 582729 114266 478031 353929 179520 394264 556571 359364 52085 550102 212646 388769 387763 357409 454568 559607 393092 729396 413090 490060 575247 286470 211847 440321 467978 302558 288089 379045 604053 345217 593953 391838 512789 353057 489621 330922 565547 445080 556851 431821 643706 322750 152906 453587 317622 656588 456220 513742 625005 267550 347585 370934 150885 264045 202558 310847 360282 326293 414662 158615 613922 119763 212622 363171 367327
 178085 514402 419058 547687 215781 148494 733367 277190 1 331444 327472 318388 531015 264007 158340 507838 284594 324980 434438 467187 560174 450342 230440 713850 571781 460625 18167 635976 545953 110804 495670 618159 560626 69020 210434 383931 240946 575913 202797 564647 434855 123641 83612 399654 266378 179872 318481 323721 505440 537201 229636 314676 382303 317259 540225 271251 181607 44996 274000 334371 631588 547538 364233 481892 437426 447919 470161 649491 282637 660536 541388 262425 699260 709648 581439 55620 248465 755349 559729 441655 676994 659975 458892 197082 633445 423759 321997 338288 399844 610682 693621 343711 741301 356302 411430 441603 490285 408896 462653 293288 141790 708973 310207 247111 387838 693819 677008 222351 492564 320511 484085 73592 584305 297858 437042 628352 320592 522750 263079 474146 185907 97723 309624 595511 288387 370324 185803 333977 551503 500462 631005 429264 295915 545439 254926 495788 314931 242870 629858 262363 592876 474782 206633 324650 345446 482705 451203 449387 267731 243885 360698 193840 501832 323849 716894 298062 557148 476584 621995 191213 218324 563487 123185 327892 307922 499573 591442 388040 503584 737529 138525 360655 167891 317584 614582 471925 313798 211829 357364 582252 478045 490645 241630 754502 542013 535000 583573 362376 14246 422907 444903 138278 334453 688706 435465 544896 383788 76516 301072 376095
 434312 810220 116406 797146 541590 468470 719674 545728 331444 1 495804 279272 860393 489627 186427 600412 575412 353038 293708 745673 827577 511780 253957 985069 888626 621371 319536 951932 838818 310236 823230 687870 824114 367112 302694 701842 107866 695733 469983 795550 661830 454945 371127 730815 217348 469062 641517 651246 649169 501289 558854 571983 52872 537348 840308 447721 215866 332697 510795 661834 581425 637502 303863 188969 516237 452784 274533 680356 209149 927718 795940 259371 987477 979776 827834 386537 199019 750899 724674 250397 938410 938824 136680 152660 930779 754687 10373 519478 567762 664172 710403 481516 1050082 649389 173792 700136 388569 709702 379359 617819 392700 1007813 81557 115199 504324 1007875 963413 417235 781727 172066 722266 325513 904836 628075 683920 847068 71403 808442 77693 354711 374475 353100 347771 842766 87041 666952 371116 661159 827334 830343 783353 248086 600668 724204 466740 777591 621735 93891 857152 417186 912771 281596 504282 576911 551187 756413 450571 448766 237931 477962 42574 153255 183949 228256 1027401 279186 828425 757395 946737 280667 540605 822593 360820 258066 630320 776456 911012 180809 576727 1034663 217484 561573 265417 66720 693680 688044 641047 535701 652187 862497 685268 438858 199554 740610 804971 638990 705762 549119 343772 595106 523632 412303 662892 949079 693440 831940 612429 402157 617672 359990
 488698 383696 512594 314873 308729 402351 450790 161975 327472 495804 1 256373 542916 574462 419649 191007 541718 645002 364972 707846 803320 169060 536272 509951 502521 136612 316041 555139 755637 436138 611590 301567 351354 386771 530866 564618 391682 248611 163616 840566 175716 327672 247428 496840 555666 466795 497929 479862 178553 312231 408976 599209 525769 623570 417823 57346 286311 372297 577878 378990 392523 228083 272766 684179 145558 223257 432399 349077 302022 451739 317585 244683 530961 503933 843590 333035 531718 464911 240480 703577 457405 473762 565361 445405 492738 479283 491495 26251 717382 302124 396667 669305 625407 257083 447133 236859 349593 314930 318808 336138 461628 566286 424810 381236 81980 599945 506011 105480 347630 357967 761704 400958 529788 382386 210960 351563 438589 364664 469444 359630 512800 229933 176454 356653 510015 275989 512908 489132 367628 523542 308596 401692 259092 233298 571531 728401 274985 452139 362863 80117 534208 432206 475855 144007 654852 302816 230307 229497 267949 553489 497548 357521 676101 310078 608515 604172 363276 313802 585054 507566 434777 346032 448940 622729 492924 738124 531458 412888 198359 588491 310079 670534 480467 525671 294713 764918 474667 297652 593143 404930 775303 300359 525514 469874 333313 211560 256132 54417 318841 102824 150425 448635 481295 466927 230711 764008 135440 293581 506477 226973
 492219 627814 264113 571180 447299 458285 459864 369562 318388 279272 256373 1 746624 574452 298414 322685 601177 545374 128083 783616 877605 232891 426348 766323 734303 360527 300248 792217 856856 386214 768460 408807 607377 385948 447939 680945 200198 419733 315179 881889 432071 403599 287717 657653 421156 498215 611580 606547 380479 243170 515112 632554 293794 628412 661292 227842 148696 353378 587733 555460 334586 358895 46023 463896 239160 176807 185838 406016 72400 708110 573931 56074 785406 760303 899787 361447 395573 488317 459069 521602 713548 729318 316750 302478 742463 659727 278770 282591 697634 386069 440101 625757 872772 480582 191503 489840 172143 543336 145856 507442 451481 817685 198308 183541 238131 841711 760482 224775 593572 112661 801566 369885 757878 539014 465991 598767 210293 614201 286117 156677 474503 256940 81065 612280 326601 500192 472744 617064 621527 721507 511915 149865 455122 463729 560525 811160 475763 276520 613115 194587 763826 187469 523534 379179 653638 554216 175797 173891 58127 555699 266725 196295 443132 56832 853944 483218 618248 562226 809197 420446 519715 602341 424723 483836 602736 815981 761399 157324 297710 841161 199561 667983 392983 329457 414411 785874 598142 437352 671223 658707 790166 185733 391411 481402 589130 361875 429933 309950 320793 341792 246260 454352 613558 722910 483407 858083 390160 345317 603654 83141
 513482 236221 935900 399343 319377 418792 958704 386412 531015 860393 542916 746624 1 541831 687777 689135 411358 758966 873634 431786 491371 705981 719565 403584 133578 569822 541383 172200 398130 592392 177228 775183 361138 513920 673602 279643 761823 678243 431451 590091 439489 407981 494139 159877 768774 459849 284600 255247 611080 854540 321688 482123 909602 550379 219480 536546 671677 540985 523490 199266 929908 710240 780941 1010260 680386 766033 931529 846381 752805 387664 383304 705152 335649 404652 559088 478000 758561 962664 593666 947915 414233 347915 981013 726644 262612 111979 851339 523697 646087 793397 892921 667647 283351 286870 905929 362750 883177 236581 851496 245558 533153 300526 826499 763510 619187 223241 329435 524056 262957 806444 543698 559502 113115 233258 393063 507824 838748 277654 794067 885796 592591 518160 685433 420290 818411 268967 595815 250342 318263 31805 648587 893216 292851 562150 562050 426210 273244 773796 487266 564509 122035 933672 429125 399937 576339 317191 772994 772114 723277 530944 885948 713029 1032746 782900 257009 773214 335089 293641 109754 670952 357730 375408 554514 814972 294332 443238 123520 875529 713403 327006 649077 586485 661406 848250 759757 587209 264207 326167 380381 310721 606600 841824 752182 974013 358301 684299 677986 514519 517885 543220 683098 504652 240990 423636 364591 420304 437067 458258 323477 752995
 86869 632825 601905 721530 331300 184735 996739 474915 264007 489627 574462 574452 541831 1 314266 762445 133808 232560 679789 262115 338456 711648 249839 848881 635195 698302 280929 695085 361526 194048 422900 873580 718577 195503 194506 283107 441857 820670 421387 313003 639974 256857 330709 381990 301428 114739 257468 286834 746238 800710 246779 88385 541206 53961 647475 522016 427945 223068 23857 397777 895153 801157 620406 564073 697043 711913 702992 910095 526687 804820 710880 518649 811204 846382 340045 242325 306410 1018038 788598 456178 826678 789200 625847 339793 735596 433794 479321 579558 144428 869034 955113 128008 810193 505891 624906 619227 746126 534826 720262 384142 123453 801573 507974 455219 643418 753029 793661 474107 624949 550737 235499 204572 634080 350976 626197 820991 513357 656451 412349 726224 115262 355100 573233 766863 411022 511240 118554 291495 695516 510868 861197 663550 440124 768753 25948 294714 449923 399147 815774 519465 643926 708653 126245 526985 81644 637828 715149 713326 519506 20973 530107 408137 607616 569153 783498 273207 706310 623333 650527 211218 202337 725948 150020 318445 247513 290995 643777 610000 761813 831102 377581 97091 224216 442200 868239 211904 278327 337118 194831 716966 215728 752559 302749 1017773 702548 785925 827243 598656 266989 659176 704269 127566 300999 838651 614505 350449 594395 280893 218864 638142
 250588 667533 291230 684457 374117 283947 755369 416473 158340 186427 419649 298414 687777 314266 1 572432 389882 247795 380472 563321 648320 496703 128919 860197 729813 555924 151626 793964 654356 125459 639085 676030 702998 182108 151859 515691 128778 655940 338306 626302 559998 279853 221158 550713 136574 282863 456366 467679 594343 541139 377036 391805 239263 365435 694705 363246 156504 149334 333545 492328 632999 612512 340931 323583 491595 466061 393792 690053 234829 805128 680095 249363 851008 855596 654256 209786 112138 782276 660128 293659 819635 808575 321806 38883 787546 579087 176200 437733 414581 660648 728883 335365 898310 507237 311052 580437 459609 562855 438730 451627 208035 863707 193710 143553 457663 851621 828110 319652 643459 244502 549711 139319 742624 454558 570921 753671 199387 672722 110858 433793 200382 215029 330081 732004 130636 522632 197524 477368 698307 656896 727417 355938 450127 651746 293853 594804 469959 92628 758745 341456 751171 399884 317924 458028 384108 628061 466870 464923 240376 300058 222814 104752 345532 275306 874177 191173 702368 624469 780151 124500 355847 704225 175990 203735 445065 594655 749720 298121 558597 891903 113838 396449 99127 160870 676751 521673 457388 370098 466683 730824 521793 484078 106063 776961 683984 606167 664937 465918 172235 522160 499491 226271 479808 831056 573963 648453 508222 234416 431575 376922
 676028 488003 580929 360014 495482 593077 271595 338009 507838 600412 191007 322685 689135 762445 572432 1 732670 812244 376287 897157 992262 91600 697601 541107 620112 121935 494254 661142 940942 612059 783041 111162 408064 571182 700814 749369 510146 99058 354170 1031492 254573 518576 432364 670078 708067 656675 684341 664064 96037 211843 598003 789947 616390 812511 520478 240493 420609 552755 766942 550593 256032 40255 309854 786485 84298 172844 444063 162551 391264 487768 370589 344206 587081 534396 1033905 520157 682793 280464 167613 834787 482769 524707 632163 590566 572664 643979 599012 193645 904128 112416 210578 851547 705156 407237 498241 334541 313646 452557 292609 512359 646458 635583 520354 495576 120003 694579 563556 288416 451382 434935 952701 579966 651050 561569 302750 333614 532687 456337 595581 340602 693534 410758 254235 383972 637221 423001 693252 672840 440699 675119 198928 428180 429620 187807 758055 916808 441197 581918 355655 245482 653115 440867 666658 301773 843404 395739 178981 179936 363792 741507 589408 489338 764983 377819 694249 763095 429712 415050 708674 675597 625264 396909 630937 774764 680063 927039 650057 466649 36120 651141 458594 859057 647524 645357 106796 955599 659670 484606 782961 474825 965723 240671 677262 288612 395275 39890 109405 187205 500988 146089 76796 635566 664159 488666 330941 950508 252523 482293 695173 249048
 143159 525065 680302 632669 252908 146022 985239 413428 284594 575412 541718 601177 411358 133808 389882 732670 1 363879 719024 182639 276548 696516 360391 740855 511991 650935 302671 569756 265468 265182 289732 842730 622702 222047 305889 150056 507694 776792 378737 298865 571248 215999 322696 251750 413390 108600 127314 159119 700250 806062 149637 76404 628246 139999 535554 496489 465770 258194 113253 286899 899113 768954 646604 675895 678090 712983 753412 889284 567014 701070 620363 545626 696561 738996 305209 240157 412788 1002794 730784 579852 724481 680456 711529 422871 619715 306189 565076 540778 241029 843659 936238 256590 685072 417504 687870 536506 772020 434644 743329 284973 182941 681861 577329 517922 618708 626819 680775 453001 522479 602108 220249 254665 508099 242496 549058 738623 585251 553199 498160 757636 217936 352496 581654 675389 505846 418710 221661 162091 594765 380958 802599 712654 355817 707235 157097 211348 360483 481660 730002 502627 517990 758266 77961 463521 168426 543865 717423 715760 552098 127772 612688 465995 713974 608407 658278 396365 607225 526536 520765 314924 110945 631767 214647 441408 118650 215029 518091 667547 738349 711160 419985 180640 318681 537888 834689 231059 151962 261817 76804 612039 245182 765402 407895 1005438 608331 750303 782029 554348 280678 612054 684576 163877 172699 736289 532734 261869 531479 264043 88441 651985
 246016 810711 468327 867025 495597 351955 1003163 598739 324980 353038 645002 545374 758966 232560 247795 812244 363879 1 616072 481325 541085 740940 119059 1021032 837522 780836 332473 900182 583441 214650 653508 918635 875035 286685 114804 513931 358322 890040 527000 479563 759403 398466 408512 601287 136626 299679 480013 505554 823380 788462 442552 317459 395256 255044 831255 587684 403867 283983 255780 591303 879677 852498 586743 361600 733866 713728 616160 936412 479100 970978 859385 497149 995386 1017513 521392 344854 158688 1030010 882184 233077 989703 963955 474993 244976 923456 647746 344343 658864 237236 905163 976000 151018 1013376 663069 520629 760728 701358 706186 682658 565035 234538 994800 404907 375581 694329 959028 975214 539954 795208 478226 419076 254172 841316 545179 759050 952237 404053 826620 289738 672989 170119 418025 576729 914606 266158 673618 167451 512002 860386 727308 952513 582661 597692 869288 207558 513449 613072 287667 952652 571924 850923 622900 329912 647976 251622 794880 714618 712672 487572 236108 395297 349406 414513 517534 987196 74094 868205 785271 864918 137497 402494 879492 224644 107695 469093 506204 850321 518034 801238 1024277 358048 255292 165070 289377 918071 371745 495982 497110 427270 887609 363219 730607 160609 1024755 857089 843808 898440 684543 336834 744228 741727 262316 519846 1001628 754905 568865 708576 386591 443137 624652
 601495 745718 226386 674444 575242 578991 431634 493344 434438 293708 364972 128083 873634 679789 380472 376287 719024 616072 1 901624 994321 286365 500100 869682 856829 445495 416353 913340 978433 486687 896073 436127 714208 499347 532006 805844 257975 474914 442419 991303 537250 528278 412860 785603 482575 613423 736801 732951 453778 219007 640673 744454 284746 733388 779592 346779 254302 464757 695217 683397 290087 404984 94108 452751 302698 204111 69581 409550 153469 811911 679061 177829 895355 863403 1012472 481563 458448 464159 533580 543455 814697 837165 271415 372653 857349 787726 297722 390867 793410 406009 431901 715776 989386 603523 137005 601819 95897 665787 94642 635397 559187 931232 218761 240934 325309 961167 870420 350157 710487 137901 911770 477028 881375 667057 575603 687173 224613 729063 331656 61062 572988 382376 192759 712267 365782 623180 570734 743492 732442 848888 574962 55361 581435 544527 663321 930117 601819 329697 704466 314851 886985 68074 641066 498140 756232 667616 198657 197443 167515 662259 264150 276616 416679 111181 971660 547145 727575 677685 933662 504826 642959 707699 530153 537757 727658 934009 884472 115459 343796 953423 303126 769803 479467 357175 446739 891577 724357 565350 791073 769744 894141 158254 455838 451949 696702 415841 485221 415328 438771 435258 307811 565760 740322 823236 595643 978525 500369 469233 727143 141046
 312794 610999 854497 745403 402941 326441 1156634 565217 467187 745673 707846 783616 431786 262115 563321 897157 182639 481325 901624 1 96010 868597 511907 816565 557858 805539 485281 603864 102269 437943 261023 1005260 725281 403637 456490 170463 685502 931617 544487 160903 709985 391158 502574 299156 563522 289276 219494 247602 854860 984360 299155 174959 798059 226847 611810 667093 648149 439411 238911 389283 1076606 931557 828940 825808 848726 890611 935237 1056921 749435 786818 731202 728155 758427 816125 142479 422281 568218 1172370 875333 712484 812359 756802 882353 593448 681669 356652 735303 703551 275018 1009304 1104487 339089 714370 541907 867241 661283 954133 540630 925202 407504 355734 730149 754450 696651 787480 654205 747640 626352 618728 783485 115575 433174 543478 356755 679822 856735 761561 646323 667982 940150 373663 532877 761878 782802 670444 537494 377244 242025 690353 408431 945052 894568 489846 848963 287538 32621 488004 652998 843837 676635 552864 940193 260573 611327 231477 652990 895361 893751 734736 269851 784724 645566 869726 790933 688326 532083 705145 632162 536367 471904 275209 736658 387698 576853 220985 32391 554004 848059 906127 757578 601806 231470 481864 702050 995661 168218 248259 413511 115581 699095 188151 945620 564358 1176346 714118 911075 935799 713344 463294 767707 854800 341474 253601 823470 658834 88462 677032 443546 202302 832833
 399395 688039 938596 828935 497350 421564 1252452 658985 560174 827577 803320 877605 491371 338456 648320 992262 276548 541085 994321 96010 1 964516 586252 887373 622388 899103 578324 662668 98222 523725 314430 1099979 805981 495239 531621 254908 772845 1025000 640105 114172 800521 487081 598009 375847 636275 380939 311197 337003 948331 1080206 394393 256516 879416 294871 685724 762981 740320 530509 316815 475533 1172540 1026350 923097 895339 944551 986517 1026153 1152363 841609 861453 814304 821954 824908 887445 69929 516697 643510 1268006 966598 774155 887455 828542 964018 676521 749385 430587 817241 798620 314762 1104500 1199987 392053 768737 630413 955455 748761 1048565 624610 1019858 497506 442707 791892 841036 784695 883169 709058 816114 722356 698800 873946 126462 522270 604476 446288 768650 941067 847509 725060 750070 1033952 453205 628191 857309 864451 749464 624738 456620 330334 769286 471857 1035626 985657 580941 939643 362431 76760 577814 736107 926980 772643 613383 1031265 354072 704205 290461 736362 991237 989622 827905 349643 867592 734473 942219 883378 743530 598634 784629 714784 589672 549572 371211 817949 474286 642277 313833 65225 614890 937438 1001652 818137 693126 285800 562279 780571 1090125 183113 338848 508048 211591 775200 199612 1041082 640221 1272117 795893 1005588 1028961 807848 556894 861542 950590 430912 341306 898220 746664 73662 769190 539026 297090 928062
 624782 525211 489419 417178 474868 552542 288724 330724 450342 511780 169060 232891 705981 711648 496703 91600 696516 740940 286365 868597 964516 1 624133 606952 652668 173330 435106 699690 921170 548765 780620 180276 462644 516936 632157 730986 424961 190566 326081 994383 293160 480524 381947 665893 630518 611640 663306 646808 170144 152355 571715 747794 526035 763486 558959 201598 341648 494431 718558 547872 224534 126073 218308 696695 26008 86288 354881 199227 302903 551212 425353 259021 645180 600363 1001139 470781 604970 307292 249002 749746 549499 583756 540583 511651 621566 647372 510825 183785 850096 164223 243487 791747 755507 419156 406670 370424 231029 472494 206887 505195 591693 689384 431129 409738 87820 738571 620841 243529 488145 344516 914387 519797 681998 551173 339521 409138 443183 498465 511061 254734 633493 356550 169762 447852 552541 437067 632825 656301 489998 688353 288882 337401 427501 263326 704659 890700 442593 498459 428954 194384 685290 352037 625932 306616 793252 435831 93296 93808 277208 690953 499298 407883 674057 287224 742050 687865 481277 452086 738799 606032 593581 453255 572967 696512 657646 899551 682364 375051 64996 707591 383545 808739 577722 558967 183372 912179 641167 463713 753158 526080 920793 162475 599759 308994 447572 131477 200910 191699 445459 178279 25921 584088 648865 556604 365573 928512 274768 436734 669171 157524
 219903 738914 370214 778054 427839 300808 884203 507466 230440 253957 536272 426348 719565 249839 128919 697601 360391 119059 500100 511907 586252 624133 1 942704 782127 672817 233573 846070 610548 131307 639409 802731 790811 212284 55531 504425 242199 778136 431964 544715 662373 327844 311037 568780 52999 268892 456896 476455 713648 669412 397936 337354 302068 291634 762641 479016 285304 196853 273014 536139 760731 737813 467921 316137 617995 594979 504455 818545 360519 890108 771827 378182 924435 938674 579785 263882 57578 911187 775717 228468 907017 887798 385855 127507 855897 607720 244231 551972 313811 788289 857671 227772 956037 583980 412378 672026 583671 633166 564340 502770 189229 929941 294269 259167 580934 904849 902895 432577 719423 362253 474201 169974 790118 492656 666916 856522 295274 750154 182225 556033 142549 315175 458621 825884 168777 596790 138819 484668 780520 687817 844830 469349 521143 764800 224708 544486 538735 176047 859033 460726 799333 511015 304391 554078 301329 712389 595779 593832 368519 243083 296375 230543 357860 399478 930626 68554 786711 705364 820427 48694 364778 793852 165141 99131 445382 540789 798333 406427 685246 959012 240610 310474 63250 197809 802797 436405 466214 427000 433826 810319 432557 611675 55237 905795 772270 730210 786823 578842 243940 637322 625880 216871 490170 918772 665870 600155 610794 301525 424497 505629
 789025 216307 1018525 195470 526879 675845 760086 444402 713850 985069 509951 766323 403584 848881 860197 541107 740855 1021032 869682 816565 887373 606952 942704 1 270171 433671 714088 251986 798024 813953 577934 574730 161206 735869 913174 648974 877251 474544 522638 977466 334283 622567 639557 517859 980178 740402 622669 589166 445188 751440 602333 817258 1022408 875974 206648 545291 769271 746037 837653 454190 792958 538669 780373 1166973 583436 691123 938610 653648 808081 58243 192520 750646 80267 6751 952487 679946 961499 750150 380163 1152874 58491 60524 1070792 895365 141305 459927 978876 483737 980175 606029 689922 975035 211414 358992 956783 284940 834997 316177 807671 464994 788765 139113 923003 870721 545996 239465 75829 568781 226157 865183 920181 773989 295206 499811 303109 217115 936885 194581 941588 853582 853686 646082 686140 159158 977762 347481 855818 590225 162356 417693 392782 910187 423492 354666 861397 817095 408039 921769 191515 578482 288450 937701 722677 408356 906935 232136 698512 698663 773725 831899 994575 834350 1168958 819605 216915 1008586 157936 237357 333666 899480 646831 164375 796404 1041209 627897 833461 286018 922561 576347 136165 773883 920295 879475 1000381 555804 954438 593661 524434 738925 133481 972268 769352 954669 768071 180261 513978 468299 456676 699893 435942 581249 762644 578117 54631 291638 818948 377914 641186 657670 728734
 592664 133827 950509 292232 357100 486501 882101 364873 571781 888626 502521 734303 133578 635195 729813 620112 511991 837522 856829 557858 622388 652668 782127 270171 1 498191 578464 64243 530565 651210 309632 693886 247847 570261 741721 396777 784345 592792 428344 717851 365612 455988 517730 266721 827736 539645 385775 353046 533186 804755 395561 586663 934501 651824 105281 510337 684786 591305 619575 246862 871346 635117 762728 1052692 626660 722611 919799 769176 753224 257448 276654 700483 202702 271400 689188 524314 814057 882054 501744 1007259 283875 215507 998973 768279 129051 208427 880431 479497 752256 716377 813768 763104 175965 253721 908746 285660 851832 191080 820777 280195 604377 173080 843742 783051 570098 122749 195858 510161 169316 809646 666785 614379 32563 292414 317448 392987 856868 171466 829300 859798 667667 536052 664262 303818 858588 234120 670515 351129 204445 150557 548256 884015 289366 470023 652512 554927 267998 808729 370184 541978 33012 920950 513778 360535 680266 226091 729941 729365 721013 621478 908876 736354 1068082 777663 149678 841544 220821 205370 89597 734603 437587 262487 620597 880449 393548 571729 29946 876332 648636 201470 671614 691893 720668 886339 677016 706663 360038 360113 493956 188137 725523 801482 807374 895520 249776 608531 590880 463555 557726 478544 627948 576020 339863 292655 289550 552270 377983 495425 424001 725830
 614230 366121 624392 244643 403115 519429 388883 240347 460625 621371 136612 360527 569822 698302 555924 121935 650935 780836 445495 805539 899103 173330 672817 433671 498191 1 450257 539512 841156 570441 672058 208729 291166 516599 666434 650122 520548 126222 277285 947457 132756 444315 378571 561112 692110 587029 588234 564968 49423 320993 508453 714255 646684 745166 398715 193802 418266 505019 699473 442163 376027 140532 362983 810338 149862 257719 515075 276726 418425 377893 253660 363383 472873 427094 945318 460496 668044 393746 104793 837453 376361 411101 677144 580869 453459 530713 617979 122366 842431 223859 323695 799209 586765 292433 550107 212688 402201 333521 375895 407855 590421 518772 546317 508677 122780 573996 448750 240900 329462 470673 870653 534204 529180 458580 180911 241712 559753 334962 601169 422767 644448 363946 280673 274542 642262 306802 644789 573016 321310 557106 172014 491416 323403 103511 697627 822715 332126 584641 259244 214774 531197 513253 591446 195857 777124 273965 265061 265278 385993 677408 618620 489726 797601 417217 574834 740765 311275 293122 586824 643522 540690 281092 580155 759206 585270 834142 528136 516397 152007 535915 445378 792786 616612 656076 195537 879424 561707 392874 693794 356385 891285 335682 661882 404375 277070 115000 131103 99779 451067 39205 147583 575082 563431 383674 209211 852514 136986 419084 603515 305717
 195383 517226 404510 545008 224151 165617 717180 274420 18167 319536 316041 300248 541383 280929 151626 494254 302671 332473 416353 485281 578324 435106 233573 714088 578464 450257 1 642566 563694 120202 510385 604256 559488 86626 217670 400410 226486 564051 198399 582593 429284 135803 77481 412776 266583 198034 334428 338709 494410 519928 244306 332691 369802 334355 543790 259345 163806 59345 291384 343712 614345 534098 346105 474295 422726 431049 452473 634324 264711 660172 539201 244274 701525 709753 599560 70617 247414 739464 550348 439501 676058 660961 445253 189865 636830 435152 310282 327907 415568 596127 678169 357584 746691 357926 394867 439264 472173 412093 444597 301432 158166 712736 295272 231920 374281 700105 678985 210607 494332 303214 502056 85726 591848 308634 433419 623247 305968 524160 253100 455980 199354 86315 292375 592833 280289 372614 199012 349036 551761 511093 621238 411558 299156 536881 271182 513820 318712 232694 625486 248856 600277 457046 224714 320512 362222 482391 434232 432406 249584 260957 347569 178794 492335 305829 722552 301801 556883 477142 630694 196875 234731 561885 137862 329635 323999 517668 598765 371037 489168 741094 121707 377354 172114 308730 601045 489464 328885 219428 375253 583171 495384 472968 240585 738364 540733 522114 571876 352731 25217 412930 430263 155854 349140 687695 433020 562794 377890 83732 317881 358412
 654887 174506 1012332 317352 421341 549715 917669 423713 635976 951932 555139 792217 172200 695085 793964 661142 569756 900182 913340 603864 662668 699690 846070 251986 64243 539512 642566 1 568188 715235 348247 728301 269493 634317 805295 448072 847281 625940 489542 762280 408455 520175 581263 320765 891845 601655 442756 410656 571054 852045 457791 643519 997474 709754 141032 566564 746927 655522 678815 310368 915013 673182 819263 1116741 673750 772507 977236 805125 813404 253467 302833 759978 175327 254737 730803 588552 878251 915562 532313 1071405 278482 206169 1061144 832403 117006 263890 943811 531263 808916 752805 848432 822765 115321 312467 968933 329510 904699 249467 873944 344399 667520 130816 906041 845697 619314 58918 176398 568977 211576 870118 715189 678514 61958 355466 360864 407773 919246 205051 893124 914070 730521 599093 720584 319585 922622 293096 733413 407947 228372 196376 572545 942070 351863 500992 713035 598353 330587 872552 383163 598780 52109 978172 574976 415447 737522 265623 779911 779434 780850 681920 971688 799436 1131768 836792 88536 905181 243125 247776 82021 798459 499228 283728 684188 944291 451106 615400 51733 936255 691236 155686 734738 748703 784720 950271 710805 757431 418184 424342 547236 202899 776615 851920 871572 930060 275714 646551 623111 513391 621911 523128 674508 639098 397082 285217 334176 590908 426494 559597 481398 780376
