NAME : domp40p20v7
COMMENT : Cherkesly, Contardo & Gruson 2022
TYPE : DOMP
DIMENSION : 40
DISPLAY_DATA_TYPE : NO_DISPLAY
OPEN_FACILITIES : 20
COST_SECTION
 1 616435 526052 1017888 651717 939356 267024 775697 635704 69137 246819 653075 113123 761153 419280 236864 416867 145276 393098 428130 180033 944981 313199 862087 911759 444920 314854 267592 373845 586899 677928 74783 226993 947656 280991 528040 340935 975944 367172 553213
 616435 1 375412 546458 80284 371189 675705 342173 55967 553152 618506 246666 598235 196486 257468 422008 396900 561871 528599 770831 470979 387670 554525 256225 353373 264159 444410 620478 427393 713010 212340 548732 403338 439525 335871 749516 476626 609977 678022 157504
 526052 375412 1 921868 335361 734126 722432 709267 429902 494822 672713 595253 442700 570038 454150 478011 110709 566855 686514 868096 347765 754179 662012 597551 721080 151522 568273 685778 158427 912031 575640 494059 324930 814168 357844 907041 614351 975901 778846 217976
 1017888 546458 921868 1 596345 238941 931578 243741 492429 948996 887019 371420 1048345 354181 606070 781059 934442 901852 711269 932144 934752 210769 789349 380268 230546 801265 721389 875776 957282 737549 363986 943252 866457 114508 771696 829783 716986 178309 867350 703921
 651717 80284 335361 596345 1 398830 735606 409066 128114 592159 678393 323254 620203 242310 326061 475667 378149 612409 600659 838904 493251 419326 620682 264274 386674 253205 510033 682043 415537 790678 284535 588241 429581 485119 376564 823976 545104 674883 745413 127083
 939356 371189 734126 238941 398830 1 917460 236549 326992 871059 865029 308162 944813 182543 522871 711991 767415 848432 713779 958990 821086 28188 775887 148592 32451 635236 683794 858988 798572 809840 268115 865758 751260 131474 666346 885083 694965 387238 878739 520392
 267024 675705 722432 931578 735606 917460 1 708530 672595 250103 57252 609446 377921 760638 422553 264493 624178 157519 221649 161746 392828 915036 143337 880857 886116 601861 238091 58516 591225 343744 651165 247964 397958 888289 382839 268311 222579 846468 109067 674061
 775697 342173 709267 243741 409066 236549 708530 1 286321 706656 660026 128650 804613 190030 362330 539192 707599 664075 494394 732666 691717 223752 565197 291085 204618 576702 486608 650989 725945 573595 133697 700949 623852 179794 528485 651129 488048 267947 657442 495371
 635704 55967 429902 492429 128114 326992 672595 286321 1 570190 615822 195195 626679 147056 250056 428090 446114 569080 510744 757358 500523 341294 544935 226693 306651 312618 436743 615903 473988 683242 157557 565426 431401 387081 355186 726326 464692 554059 665929 212433
 69137 553152 494822 948996 592159 871059 250103 706656 570190 1 216507 583939 140474 693485 350314 168179 389198 101476 339460 410782 149325 876389 265276 796111 843271 398598 251572 235925 350763 545247 609012 5843 178208 878524 217361 495996 281618 909216 338624 499419
 246819 618506 672713 887019 678393 865029 57252 660026 615822 216507 1 557490 352274 705944 365850 208470 576965 116619 184198 198810 351287 863358 98930 825362 833919 548639 182886 20942 546181 342657 597929 213336 349790 839784 328270 281657 172030 809200 122235 617970
 653075 246666 595253 371420 323254 308162 609446 128650 195195 583939 557490 1 677516 173349 235872 418087 585100 548540 407476 655362 563385 305884 467726 299516 276682 456534 377553 551011 600977 531932 53463 578319 495320 294627 400278 593984 386889 383377 572430 388095
 113123 598235 442700 1048345 620203 944813 377921 804613 626679 140474 352274 677516 1 762928 442296 285227 331999 240731 478350 539565 127446 953689 405713 852213 919492 388226 382700 372493 285006 685578 694263 145159 195351 968544 279923 633670 417195 1024664 474248 508692
 761153 196486 570038 354181 242310 182543 760638 190030 147056 693485 705944 173349 762928 1 350001 538760 592554 677833 571457 821240 638747 194827 623039 126597 160110 459234 523061 702298 621026 705255 120495 688326 568961 244252 485383 766235 540945 442106 735042 352377
 419280 257468 454150 606070 326061 522871 422553 362330 250056 350314 365850 235872 442296 350001 1 189268 407312 327848 275578 513627 332149 526913 297148 463312 494250 302633 187467 365889 408837 479730 258721 344825 266761 529436 169497 501407 219428 592666 420612 304130
 236864 422008 478011 781059 475667 711991 264493 539192 428090 168179 208470 418087 285227 538760 189268 1 392776 141004 223298 393765 210457 715495 184223 648989 683121 344546 107459 216665 371485 450463 446391 162391 174233 712602 122539 431422 151252 743017 302239 409587
 416867 396900 110709 934442 378149 767415 624178 707599 446114 389198 576965 585100 331999 592554 407312 392776 1 467079 610546 774670 240472 784514 576300 641308 750265 133568 491051 591451 49122 838444 575235 388884 227275 832456 279872 824165 537413 968341 688024 251126
 145276 561871 566855 901852 612409 848432 157519 664075 569080 101476 116619 548540 240731 677833 327848 141004 467079 1 248201 314191 235943 850566 168134 789616 818880 452481 182350 135245 433708 445223 581084 97747 241926 841077 241348 394555 200526 845873 238017 536175
 393098 528599 686514 711269 600659 713779 221649 494394 510744 339460 184198 407476 478350 571457 275578 223298 610546 248201 1 249984 429710 708454 86806 696585 681706 542108 119500 169063 592931 228100 454670 334273 397452 673260 331150 227476 73180 625795 165019 573821
 428130 770831 868096 932144 838904 958990 161746 732666 757358 410782 198810 655362 539565 821240 513627 393765 774670 314191 249984 1 549848 951906 219422 946540 926677 738305 329629 183256 744777 240291 703744 408309 547407 908160 516294 140517 294227 819911 93955 795073
 180033 470979 347765 934752 493251 821086 392828 691717 500523 149325 351287 563385 127446 638747 332149 210457 240472 235943 429710 549848 1 830936 373609 725455 796531 268359 317666 368353 201459 652729 575856 149493 69874 850490 163320 619085 359886 923334 469757 384201
 944981 387670 754179 210769 419326 28188 915036 223752 341294 876389 863358 305884 953689 194827 526913 715495 784514 850566 708454 951906 830936 1 772795 174612 34721 651789 683142 856665 814564 797153 269500 871012 761062 103949 674420 874542 692464 360372 873159 539166
 313199 554525 662012 789349 620682 775887 143337 565197 544935 265276 98930 467726 405713 623039 297148 184223 576300 168134 86806 219422 373609 772795 1 745362 744333 525469 110657 86434 552689 281572 510943 260559 353150 744953 304855 248431 82109 710356 125468 576130
 862087 256225 597551 380268 264274 148592 880857 291085 226693 796111 825362 299516 852213 126597 463312 648989 641308 789616 696585 946540 725455 174612 745362 1 149825 512686 642772 822814 676579 831033 247005 791252 656871 266660 581830 892827 663297 508034 859440 390459
 911759 353373 721080 230546 386674 32451 886116 204618 306651 843271 833919 276682 919492 160110 494250 683121 750265 818880 681706 926677 796531 34721 744333 149825 1 617428 653017 827668 780073 777649 237959 837922 726661 117763 640389 852659 663568 368375 846636 505539
 444920 264159 151522 801265 253205 635236 601861 576702 312618 398598 548639 456534 388226 459234 302633 344546 133568 452481 542108 738305 268359 651789 525469 512686 617428 1 425878 559310 164019 765239 443644 396353 220441 698900 222012 766042 471210 839775 646551 128185
 314854 444410 568273 721389 510033 683794 238091 486608 436743 251572 182886 377553 382700 523061 187467 107459 491051 182350 119500 329629 317666 683142 110657 642772 653017 425878 1 180218 473783 347532 416040 245844 279941 665375 211830 340173 46383 664023 235783 467888
 267592 620478 685778 875776 682043 858988 58516 650989 615903 235925 20942 551011 372493 702298 365889 216665 591451 135245 169063 183256 368353 856665 86434 822814 827668 559310 180218 1 561661 321752 592650 232579 364178 830779 337993 261228 164212 794820 102786 625127
 373845 427393 158427 957282 415537 798572 591225 725945 473988 350763 546181 600977 285006 621026 408837 371485 49122 433708 592931 744777 201459 814564 552689 676579 780073 164019 473783 561661 1 820971 595218 350938 199721 857904 266479 801118 519828 982873 660283 288735
 586899 713010 912031 737549 790678 809840 343744 573595 683242 545247 342657 531932 685578 705255 479730 450463 838444 445223 228100 240291 652729 797153 281572 831033 777649 765239 347532 321752 820971 1 585125 540804 624655 734855 558755 103740 301272 604376 235239 783857
 677928 212340 575640 363986 284535 268115 651165 133697 157557 609012 597929 53463 694263 120495 258721 446391 575235 581084 454670 703744 575856 269500 510943 247005 237959 443644 416040 592650 595218 585125 1 603536 506575 274651 414584 645876 429282 400702 619182 362588
 74783 548732 494059 943252 588241 865758 247964 700949 565426 5843 213336 578319 145159 688326 344825 162391 388884 97747 334273 408309 149493 871012 260559 791252 837922 396353 245844 232579 350938 540804 603536 1 176106 872914 213045 492291 276096 903373 335336 496247
 226993 403338 324930 866457 429581 751260 397958 623852 431401 178208 349790 495320 195351 568961 266761 174233 227275 241926 397452 547407 69874 761062 353150 656871 726661 220441 279941 364178 199721 624655 506575 176106 1 781145 97362 601564 324997 859313 461322 326441
 947656 439525 814168 114508 485119 131474 888289 179794 387081 878524 839784 294627 968544 244252 529436 712602 832456 841077 673260 908160 850490 103949 744953 266660 117763 698900 665375 830779 857904 734855 274651 872914 781145 1 689106 819148 667783 256827 835357 596335
 280991 335871 357844 771696 376564 666346 382839 528485 355186 217361 328270 400278 279923 485383 169497 122539 279872 241348 331150 516294 163320 674420 304855 581830 640389 222012 211830 337993 266479 558755 414584 213045 97362 689106 1 549233 258198 761959 424681 294852
 528040 749516 907041 829783 823976 885083 268311 651129 726326 495996 281657 593984 633670 766235 501407 431422 824165 394555 227476 140517 619085 874542 248431 892827 852659 766042 340173 261228 801118 103740 645876 492291 601564 819148 549233 1 295252 703355 161327 801284
 340935 476626 614351 716986 545104 694965 222579 488048 464692 281618 172030 386889 417195 540945 219428 151252 537413 200526 73180 294227 359886 692464 82109 663297 663568 471210 46383 164212 519828 301272 429282 276096 324997 667783 258198 295252 1 648619 201562 509147
 975944 609977 975901 178309 674883 387238 846468 267947 554059 909216 809200 383377 1024664 442106 592666 743017 968341 845873 625795 819911 923334 360372 710356 508034 368375 839775 664023 794820 982873 604376 400702 903373 859313 256827 761959 703355 648619 1 767551 763139
 367172 678022 778846 867350 745413 878739 109067 657442 665929 338624 122235 572430 474248 735042 420612 302239 688024 238017 165019 93955 469757 873159 125468 859440 846636 646551 235783 102786 660283 235239 619182 335336 461322 835357 424681 161327 201562 767551 1 701265
 553213 157504 217976 703921 127083 520392 674061 495371 212433 499419 617970 388095 508692 352377 304130 409587 251126 536175 573821 795073 384201 539166 576130 390459 505539 128185 467888 625127 288735 783857 362588 496247 326441 596335 294852 801284 509147 763139 701265 1
LAMBDA_SECTION
1 226
2 254
3 226
4 147
5 989
6 384
7 280
8 936
9 976
10 211
11 864
12 101
13 827
14 242
15 659
16 231
17 135
18 754
19 583
20 424
21 915
22 645
23 869
24 857
25 635
26 696
27 382
28 402
29 679
30 543
31 344
32 687
33 369
34 251
35 291
36 95
37 736
38 234
39 972
40 836
