NAME : domp90p45v2
COMMENT : Cherkesly, Contardo & Gruson 2022
TYPE : DOMP
DIMENSION : 90
DISPLAY_DATA_TYPE : NO_DISPLAY
OPEN_FACILITIES : 45
COST_SECTION
 1 96974 687686 353375 670977 724267 425531 290828 452287 224809 418565 297408 442339 599589 641474 542053 294991 759820 778617 721380 384892 379962 125933 281146 478408 102972 564826 804641 186584 719581 88230 921667 538335 594356 729514 749197 618799 411857 662339 133864 231899 806884 241931 385217 924574 448938 661464 643899 183986 785546 580395 532804 292007 343247 254187 134399 520745 610866 662934 430545 857423 272644 552034 624998 312776 994471 597299 363978 567754 404928 576017 281728 489249 302073 286636 649815 260947 139429 111521 681394 352922 284079 348928 392354 208383 496378 584016 456305 165852 722559
 96974 1 614849 404125 576280 633641 329870 235909 413111 141223 353914 388302 382310 504298 548321 474086 206139 672378 681643 638733 318485 282989 92444 368061 494367 89801 488181 729684 282833 623592 94831 829433 487479 541742 634324 669707 552835 338534 567177 221132 314973 721276 255233 367013 836357 470601 648353 569513 273819 698701 489150 463545 388884 322908 234730 95363 427850 517358 567371 333757 768229 366632 455261 546311 225344 903151 504253 267884 471486 334561 510150 295295 438212 340023 303003 561882 211408 183267 154860 597402 344046 381031 266146 325831 229729 437009 492653 462346 261258 665665
 687686 614849 1 1016500 575340 685342 385401 726584 880143 474296 272334 867959 785969 331091 599230 800637 587684 754072 489944 788801 726376 455961 563342 831022 1070082 698621 130031 920390 825867 552622 708291 778637 220268 186885 586966 839267 90685 702946 331117 739331 779353 808507 555767 898553 852877 1055898 1148048 817097 868846 778300 609254 787182 926730 860097 796197 686194 565245 285160 344995 419397 790619 872651 461203 770007 596589 849927 584650 502571 491783 282760 834475 886024 247832 947401 557357 184250 727686 633194 769662 750223 897617 930068 629177 729269 833511 212615 249682 1025025 840325 992872
 353375 404125 1016500 1 828377 836475 686558 363397 380144 542634 757980 455340 453454 852407 785186 555804 481787 844008 982683 778581 444018 619378 474679 471634 196727 317936 888058 808363 349837 891798 309402 1032188 887732 943028 888203 784418 956862 487960 913363 396413 460320 873574 585077 272770 1000185 157761 434947 667074 236235 862879 715187 554667 363962 268083 261583 332074 678189 877936 909467 673788 945836 413234 757629 673757 486394 1091705 745295 582042 759164 738354 572281 162472 838383 77801 624616 942956 341189 474201 250925 752014 231313 340628 488365 448741 187021 840414 864527 217265 283089 651519
 670977 576280 575340 828377 1 110030 306684 466631 505743 503524 547330 963931 400422 245161 48561 339671 381057 178734 182230 222823 387175 308559 614270 941378 769858 598105 494318 352153 857376 67921 617801 261863 662605 679575 60537 272824 600027 343229 251954 796467 886249 233630 744665 586390 300450 776949 730876 291798 822530 203302 115512 330914 960716 571039 568927 564060 154643 290257 238205 276697 230748 942863 147183 246590 366913 339297 83108 309892 117523 514979 356143 665920 640285 751440 781563 393134 492602 733880 668900 192776 614000 949977 347297 383562 661400 596215 329799 714247 824773 472044
 724267 633641 685342 836475 110030 1 400067 486145 484288 580096 647636 1021160 387745 355127 98905 303073 429277 68810 261280 126404 393889 387765 683324 1001696 752638 641305 603100 248260 908220 148879 661282 200351 768277 787228 116476 172735 709339 350827 360273 854594 948151 123862 824523 577674 207612 765100 680455 224075 860944 93494 144661 298209 1007693 570463 585497 606030 208824 400284 346374 366034 137072 996664 246930 188153 411838 270424 136802 378082 214510 614304 308061 676098 743856 761866 864068 502875 515595 802224 706108 112024 611299 994889 381089 388591 683508 700942 439567 697069 868840 392280
 425531 329870 385401 686558 306684 400067 1 354150 495891 216666 251998 696274 400577 174556 301196 422478 214520 460131 362415 464885 341685 73130 336258 668440 703680 387246 263391 589891 606463 331516 403471 567071 387452 418986 353085 511456 367428 317594 237502 532482 611748 516966 444776 523619 604483 695001 763348 458887 602511 487953 274767 408801 714197 488679 438613 362039 213130 192407 237505 38987 533783 682580 160239 415411 218726 644925 266358 119275 189277 217445 458429 536842 354831 610880 478645 261875 362129 451937 465231 421075 529291 708382 245631 344291 499871 317700 179205 654637 590985 623104
 290828 235909 726584 363397 466631 486145 354150 1 181791 302951 510581 575644 151551 504032 425090 254066 140229 505671 619661 453093 100223 281358 324878 565860 349621 188751 597500 520762 451960 528974 206429 685943 659098 706905 526883 473128 688051 137873 562110 422189 520595 544978 490382 171981 669230 342632 437977 361255 383576 528384 355568 246116 539957 134667 102362 156582 314988 535819 556553 331694 607619 543509 397151 350199 136034 751772 383843 237169 396581 480575 286360 201436 612895 285842 538100 615769 32042 415041 232438 418126 175289 523962 126090 107319 197434 596215 531698 300692 400097 432750
 452287 413111 880143 380144 505743 484288 495891 181791 1 483102 683942 712689 107776 616784 457780 184199 299889 478424 681758 406609 154321 424252 504137 709827 268351 350349 754162 428276 586346 573523 364073 669413 833423 878933 560372 406922 851173 185228 667052 575095 671193 500953 668316 107639 626787 282404 268050 290636 495154 493947 391406 186815 657211 126778 202404 324538 380346 655965 658528 465172 577690 675866 487680 304910 286963 722532 426711 377604 475272 652279 194103 242443 788522 317056 716080 748419 202009 585581 366923 386274 151300 637618 250978 152281 289730 768382 662472 212816 524352 286436
 224809 141223 474296 542634 503524 580096 216666 302951 483102 1 220036 479973 422463 384823 485601 491972 201216 629923 579000 612671 353229 194987 120063 451786 614700 224749 347059 721335 395506 539611 233996 764745 362760 414240 556661 651547 415341 355982 446429 317837 395084 683727 244780 464078 787616 595146 739835 567994 408572 657615 438317 479341 503380 420953 341943 215844 372214 390750 448698 233216 717166 467688 365708 534972 220899 841446 443835 203458 388927 196739 530311 420659 314740 475262 286235 425015 290563 235585 295613 568718 451037 499636 268907 359451 362136 305618 360905 576311 389066 696421
 418565 353914 272334 757980 547330 647636 251998 510581 683942 220036 1 602557 607188 338919 549017 653815 385094 710013 551097 716869 539700 294115 293025 566838 834299 441879 162570 841151 553980 557572 448734 799732 149602 196482 585016 763212 200338 529729 384278 467620 513183 767072 294917 678207 847778 815157 947894 704939 597721 737626 526735 640229 655984 636106 560532 435594 464753 317388 393051 289968 777852 604159 401372 663455 400359 877393 516882 332223 433324 35083 691622 640666 107396 693168 307265 293501 503273 362207 507717 673004 668468 658569 443805 544602 580934 86163 271200 794759 568229 859466
 297408 388302 867959 455340 963931 1021160 696274 575644 712689 479973 602557 1 725222 863880 936620 829707 592049 1057218 1057878 1017622 674195 663296 360042 38788 642678 390109 764891 1095854 126346 1008974 370972 1217670 669821 723810 1021339 1043788 783621 704957 924629 167464 89505 1104009 312571 623300 1221980 604843 868251 935570 230159 1082893 876951 821624 104895 589135 511686 425168 816136 865851 927669 709150 1154740 42107 837601 919553 610094 1291096 892554 654347 856452 604675 861358 488749 628249 454625 319541 881333 543931 249146 348021 978177 581523 125814 646032 681568 425815 656056 830819 644484 191230 995943
 442339 382310 785969 453454 400422 387745 400577 151551 107776 422463 607188 725222 1 511710 352962 108197 224574 390690 574749 326054 69256 331413 467135 716611 369704 340265 662600 375539 600461 467929 357721 579822 756470 798769 456370 336907 763083 83127 560622 573625 671984 420888 633072 189981 547452 378835 365727 220399 524096 409454 285362 103733 683938 185378 223734 308002 272592 552019 551808 367379 492394 691929 380670 220844 207490 638259 320236 285558 367620 573953 136384 298291 713822 382020 680404 646937 182238 564130 378722 298577 224428 666595 163571 63326 323881 689269 561067 314009 545332 283357
 599589 504298 331091 852407 245161 355127 174556 504032 616784 384823 338919 863880 511710 1 268346 498797 371508 423654 212639 458327 466400 233846 504762 834279 850313 560513 252960 589903 778840 232092 577194 471875 430681 440793 264342 508889 356299 431569 62957 702640 777483 478786 593112 664745 533862 846177 875837 495971 777059 448462 285011 486232 886739 634971 597271 533918 253177 46968 63876 179084 467824 852505 139984 448152 369760 548057 256916 270723 166399 312552 528272 697649 416163 775560 620253 152810 517932 616317 638451 420801 677614 881611 382084 466753 667168 368933 85347 798253 765240 676334
 641474 548321 599230 785186 48561 98905 301196 425090 457780 485601 549017 936620 352962 268346 1 291163 348251 162101 230326 190223 342410 291649 592229 915453 722608 564394 510194 321685 827198 116389 584254 281670 671530 692228 103964 240826 617444 298332 284500 769338 861008 219168 729228 539891 304608 730332 682529 247119 787633 189232 70023 282357 929139 525720 527072 529787 120744 314908 271250 267483 233740 914034 149364 200886 332700 356977 44192 286108 116613 515562 308158 622878 646045 708622 767916 419995 452081 711679 633274 154893 568437 917600 309001 338470 621209 603704 350466 666943 791900 428641
 542053 474086 800637 555804 339671 303073 422478 254066 184199 491972 653815 829707 108197 498797 291163 1 291181 294225 521149 223568 157205 362516 553331 819600 451469 441649 684559 267854 705775 407157 459928 485222 800255 837535 389166 229832 789808 137811 538714 674890 773346 318437 717599 285552 444879 466599 391916 112640 631848 310090 232768 13704 791162 288823 331902 407980 245817 543170 527962 385016 393800 797326 359684 120719 271161 539021 268734 321686 338503 619215 38443 404284 761180 486613 764075 644998 285812 657330 484897 202124 324656 774109 223130 149741 432071 731144 561191 396298 652097 206419
 294991 206139 587684 481787 381057 429277 214520 140229 299889 201216 385094 592049 224574 371508 348251 291181 1 466304 510565 433850 155769 142362 270234 573526 489308 217075 459260 531080 479521 435199 236746 627079 534695 579268 440915 466995 552847 154769 431828 425995 521003 515206 430250 311490 630513 480565 566473 373393 441856 492570 285584 278768 580892 274884 226176 183362 227778 400041 427709 194733 562794 567450 280944 345265 20620 699521 304104 100829 288537 352831 329415 326201 490845 404540 475755 476387 148024 383529 289374 391920 314938 569449 68186 161280 298749 468864 393022 440899 443926 495206
 759820 672378 754072 844008 178734 68810 460131 505671 478424 629923 710013 1057218 390690 423654 162101 294225 466304 1 322297 80531 408610 441291 728170 1039674 745063 671901 670590 184565 941046 214510 691806 191042 833625 853846 180582 115908 777183 367885 428912 892019 987303 57126 874684 577979 165099 760821 651802 196914 886688 27971 191941 292423 1037687 576014 601260 636372 258295 468970 414991 424610 102346 1030788 311464 173526 447557 247970 193807 426512 278698 676225 290530 686625 807945 771543 915601 571682 536499 845881 732484 92441 614808 1023708 411759 402503 701176 765785 507872 690164 897894 346842
 778617 681643 489944 982683 182230 261280 362415 619661 681758 579000 551097 1057878 574749 212639 230326 521149 510565 322297 1 387446 552223 398655 698198 1030638 941451 722020 447623 506825 963428 117285 740649 290843 632290 634029 145329 433808 539685 509555 171736 892792 974004 364641 800826 755496 374016 945597 912795 471492 946128 338081 291219 511926 1070308 735641 721102 690798 308193 237059 160540 349356 321063 1042668 230110 427580 501302 360179 255405 419387 223774 525180 538363 821089 623179 904933 830148 310499 641724 814350 797715 366100 779176 1062645 494326 549733 806320 574985 285014 886274 941055 648925
 721380 638733 788801 778581 222823 126404 464885 453093 406609 612671 716869 1017622 326054 458327 190223 223568 433850 80531 387446 1 353492 433750 702234 1002497 670917 628547 695503 131599 898225 273236 648172 267014 848494 873492 242238 50604 803446 316157 473357 854921 951852 94997 855707 509117 221604 688314 571447 118911 836601 88717 190502 223929 991299 510774 543967 593125 252658 505012 459835 427047 171931 989029 331654 105275 413936 315958 206695 411020 299408 682219 214892 624264 818886 708020 898646 610211 484767 817288 684058 44422 547809 976132 373099 346795 644664 779374 539452 616534 851162 268504
 384892 318485 726376 444018 387175 393889 341685 100223 154321 353229 539700 674195 69256 466400 342410 157205 155769 408610 552223 353492 1 270426 400920 663129 391057 284980 601153 421660 551291 452639 303568 592143 689178 732374 446121 372906 699765 44096 519204 517911 616346 446075 566528 204047 571063 393460 421729 261577 483589 430482 272456 147994 640161 184133 192734 250975 244161 504077 511575 310890 510884 642788 342974 250103 139373 655884 304286 223873 335140 506807 192062 282565 646001 368461 613642 594752 132223 501417 332604 319609 227420 624179 98096 7464 292604 622474 508852 336773 500256 349092
 379962 282989 455961 619378 308559 387765 73130 281358 424252 194987 294115 663296 331413 233846 291649 362516 142362 441291 398655 433750 270426 1 307501 638270 630971 329143 331245 552503 565078 346886 346684 569801 438299 475057 362334 477130 432219 249048 295903 496679 582278 496662 437624 450503 595302 622863 692091 411338 550157 469228 249686 348827 671727 415767 367838 301040 183543 258926 293503 54782 524563 645859 174318 371031 145682 646619 250974 46668 194908 259101 399690 467011 400859 542955 476404 334413 290354 426773 406699 389331 456605 664001 173412 273422 433570 368919 250681 581669 542921 566749
 125933 92444 563342 474679 614270 683324 336258 324878 504137 120063 293025 360042 467135 504762 592229 553331 270234 728170 698198 702234 400920 307501 1 332505 581232 176073 442510 801198 278078 654357 174875 873490 413645 469392 669435 736877 493091 415849 566164 198203 275984 779781 166022 459338 889550 555504 740674 642746 305577 755326 539193 542005 385525 415259 326739 187344 474569 509453 568631 350446 819917 347785 481164 615499 290744 949206 549133 306126 502353 280894 590427 381497 364394 417176 213555 536936 302130 119619 224892 659428 435497 383156 336213 408063 312251 370465 477638 551685 279403 749901
 281146 368061 831022 471634 941378 1001696 668440 565860 709827 451786 566838 38788 716611 834279 915453 819600 573526 1039674 1030638 1002497 663129 638270 332505 1 654611 378155 729331 1084355 128185 984784 359677 1196946 631677 685501 998144 1030172 746233 692140 894537 147725 56802 1087506 275312 624079 1204037 617388 875928 923733 239940 1065697 857171 811021 136433 588194 507713 412532 795354 834910 897947 682786 1136176 67245 812517 905934 592117 1271040 871535 631490 832323 569922 852194 492466 590440 464783 281041 847767 534529 218056 343105 962344 583442 155049 629789 670554 426521 618875 798994 653205 196944 990829
 478408 494367 1070082 196727 769858 752638 703680 349621 268351 614700 834299 642678 369704 850313 722608 451469 489308 745063 941451 670917 391057 630971 581232 654611 1 405672 940145 673087 528014 837127 406669 936065 976625 1028859 826074 665496 1023991 432444 906251 557545 635189 763921 720335 187137 888128 38980 239242 552712 414680 759195 654512 454910 556897 215750 274842 402363 634435 884080 899547 681000 842788 600827 733222 571730 485568 986356 688830 586626 726196 808478 456056 199737 927955 190841 764598 965383 343409 614675 366967 653406 174389 533793 468230 392753 270860 920194 881258 55745 458934 494358
 102972 89801 698621 317936 598105 641305 387246 188751 350349 224749 441879 390109 340265 560513 564394 441649 217075 671901 722020 628547 284980 329143 176073 378155 405672 1 570461 706307 269742 651798 19979 840821 577123 631196 657990 653751 639611 314850 623292 233480 331921 716585 327452 289584 836998 381138 569604 545784 225145 696760 499755 432909 366436 246300 156389 35541 444410 579118 621819 383270 771475 360501 492089 529550 231707 911558 520385 302709 503154 420936 474836 206132 527889 251290 374475 633452 158325 236035 77988 590021 261792 353721 260656 292409 139992 525751 559383 375664 227742 619691
 564826 488181 130031 888058 494318 603100 263391 597500 754162 347059 162570 764891 662600 252960 510194 684559 459260 670590 447623 695503 601153 331245 442510 729331 940145 570461 1 826090 712218 484986 580775 723213 185882 188252 517272 745180 108196 579988 276288 626494 675456 726873 457226 769472 786798 925867 1022211 710880 747655 696520 509013 670940 815837 730648 666175 557050 458189 214511 288442 299757 720401 765639 363853 664931 468958 798433 488832 377470 396231 163129 719733 756141 186133 818276 467170 148935 597993 522507 642656 654498 767878 817400 503368 604413 704316 138228 168225 895327 721554 881951
 804641 729684 920390 808363 352153 248260 589891 520762 428276 721335 841151 1095854 375539 589903 321685 267854 531080 184565 506825 131599 421660 552503 801198 1084355 673087 706307 826090 1 972701 397076 725102 322569 975871 1002480 364003 81159 934157 392887 603766 938309 1036536 151378 960281 535860 240441 696852 529626 160745 899601 171881 318352 274778 1059007 548102 599070 671829 376781 636559 590126 551401 227839 1064241 462428 186523 510515 343746 337414 524713 430427 806243 241052 665441 944705 744278 1004841 741660 552717 911928 752484 171617 578811 1041951 465307 414293 698629 906432 670993 622318 919844 200313
 186584 282833 825867 349837 857376 908220 606463 451960 586346 395506 553980 126346 600461 778840 827198 705775 479521 941046 963428 898225 551291 565078 278078 128185 528014 269742 712218 972701 1 906140 250058 1106586 646047 702156 916039 922644 747427 583642 841042 86702 110808 986253 291748 497668 1106119 491255 747777 812867 114209 966152 765055 698066 107929 462981 385440 305237 706462 786254 842610 614391 1039973 91555 738023 798601 496432 1178635 783007 550485 754220 549105 736775 364641 600107 337586 316921 814476 420054 193752 222257 859752 456379 105519 529314 558599 300024 619626 755527 525272 69154 869748
 719581 623592 552622 891798 67921 148879 331516 528974 573523 539611 557572 1008974 467929 232092 116389 407157 435199 214510 117285 273236 452639 346886 654357 984784 837127 651798 484986 397076 906140 1 671232 242400 661455 672883 34943 321155 587017 408900 221839 841777 928974 263173 775754 653101 302281 843694 797886 354209 876881 234287 182629 398593 1010905 636738 631326 618522 214226 272392 207864 307191 238083 989800 173961 310479 422621 319872 148660 355712 152523 527164 422638 729351 643836 814548 810160 368385 553868 773471 724461 249491 679885 1001136 407135 449305 721910 597772 316907 781565 876787 531993
 88230 94831 708291 309402 617801 661282 403471 206429 364073 233996 448734 370972 357721 577194 584254 459928 236746 691806 740649 648172 303568 346684 174875 359677 406669 19979 580775 725102 250058 671232 1 860789 581468 636039 677637 673080 647465 334097 640049 215961 314269 736379 320171 298936 856901 380629 577492 564677 205929 716631 519698 451375 346459 256302 166709 55439 464207 594929 638813 400566 791425 340961 510839 548914 251556 931536 540229 321266 522289 429009 492758 206992 532138 245586 366678 647271 175507 224844 62959 609768 268910 333762 280621 310977 137498 531773 574229 379081 207799 636006
 921667 829433 778637 1032188 261863 200351 567071 685943 669413 764745 799732 1217670 579822 471875 281670 485222 627079 191042 290843 267014 592143 569801 873490 1196946 936065 840821 723213 322569 1106586 242400 860789 1 902486 911463 215230 285391 821980 549701 450694 1050552 1142625 181172 1006498 768222 100288 951817 834321 385855 1061178 178373 341545 483146 1207000 764682 784499 805664 401623 508794 437432 538326 97959 1194303 406832 364553 610309 77952 325437 567513 378898 768956 480960 873198 885983 958651 1043378 596244 715659 993036 906333 283178 804243 1194530 581081 586527 883124 839636 555181 881199 1068508 515370
 538335 487479 220268 887732 662605 768277 387452 659098 833423 362760 149602 669821 756470 430681 671530 800255 534695 833625 632290 848494 689178 438299 413645 631677 976625 577123 185882 975871 646047 661455 581468 902486 1 56499 692175 896423 129686 678401 460577 560017 583795 890656 359455 825304 960595 955657 1096819 845867 707650 860595 658169 786604 739675 782713 704690 574992 599543 396629 472198 426408 892397 680004 522180 802818 549876 978730 643923 478738 554981 182543 837733 780310 49366 827035 351482 333261 650604 453225 636980 805468 813713 746284 592972 694018 717112 69787 348969 939036 672543 1005037
 594356 541742 186885 943028 679575 787228 418986 706905 878933 414240 196482 723810 798769 440793 692228 837535 579268 853846 634029 873492 732374 475057 469392 685501 1028859 631196 188252 1002480 702156 672883 636039 911463 56499 1 704849 922268 102015 719325 463541 616235 638398 910572 414599 874663 974298 1008580 1143831 877606 764138 880307 684130 823840 795125 832476 755965 628008 628073 402723 476018 457874 907346 734868 543618 833448 593546 986614 667387 517393 576418 226747 874529 833430 105119 881616 404701 326974 699739 509531 692163 831208 864423 802025 635247 736916 771124 110723 356410 990334 729024 1040871
 729514 634324 586966 888203 60537 116476 353085 526883 560372 556661 585016 1021339 456370 264342 103964 389166 440915 180582 145329 242238 446121 362334 669435 998144 826074 657990 517272 364003 916039 34943 677637 215230 692175 704849 1 289208 620086 402074 256449 853913 942718 228413 795478 643785 269526 834172 777769 329002 882602 199707 173690 381447 1019832 629618 629132 624088 215105 305688 242456 326222 204153 1000948 193239 286935 427069 293154 143061 366996 167745 553938 402078 725785 673340 811396 831036 402775 553028 788915 729145 221383 672377 1009356 407833 442285 721880 627749 349501 770373 884342 504347
 749197 669707 839267 784418 272824 172735 511456 473128 406922 651547 763212 1043788 336907 508889 240826 229832 466995 115908 433808 50604 372906 477130 736877 1030172 665496 653751 745180 81159 922644 321155 673080 285391 896423 922268 289208 1 853205 339024 523781 883042 980662 104270 893034 512437 223083 685439 549070 117455 856112 112518 238327 233176 1013040 518411 559184 618621 298461 555592 510226 473247 187472 1013892 381420 124259 446691 323730 256394 451870 349344 728420 212842 634115 866022 716217 936731 660812 505122 850203 705452 91065 553113 997067 403603 365837 659867 827127 589843 612243 873070 233472
 618799 552835 90685 956862 600027 709339 367428 688051 851173 415341 200338 783621 763083 356299 617444 789808 552847 777183 539685 803446 699765 432219 493091 746233 1023991 639611 108196 934157 747427 587017 647465 821980 129686 102015 620086 853205 1 681156 371536 660725 695653 833196 471050 859294 889297 1007147 1118834 818657 796925 802827 617206 776145 846147 818959 749151 630781 566102 314658 384618 404847 823973 790100 471806 772866 564373 895927 596822 477577 504078 218689 825459 834292 158523 890556 469993 229781 685472 553831 707244 762585 854238 850593 601671 703471 777459 128172 270957 981592 766012 988693
 411857 338534 702946 487960 343229 350827 317594 137873 185228 355982 529729 704957 83127 431569 298332 137811 154769 367885 509555 316157 44096 249048 415849 692140 432444 314850 579988 392887 583642 408900 334097 549701 678401 719325 402074 339024 681156 1 482436 545628 643749 407325 579828 245975 531364 436095 448334 232157 520682 390512 228395 126186 675260 227864 234808 279872 201995 470859 474250 284253 469939 674869 304210 214972 135392 614434 260424 203667 294482 495940 175564 326294 636866 412206 626268 564526 169076 521685 367908 280375 270991 659981 87891 40413 333763 610495 478600 377682 535132 340448
 662339 567177 331117 913363 251954 360273 237502 562110 667052 446429 384278 924629 560622 62957 284500 538714 431828 428912 171736 473357 519204 295903 566164 894537 906251 623292 276288 603766 841042 221839 640049 450694 460577 463541 256449 523781 371536 482436 1 764240 837773 481439 649238 719898 521897 903340 922079 524365 840010 451617 314601 526721 948963 691547 656907 596454 293866 66926 14012 241131 459602 913945 180788 476570 429076 524392 282572 331325 200310 360891 565762 757558 451921 836298 674470 146943 577215 676484 701206 439391 734519 944055 438562 519030 728638 403585 114247 853532 828041 706395
 133864 221132 739331 396413 796467 854594 532482 422189 575095 317837 467620 167464 573625 702640 769338 674890 425995 892019 892792 854921 517911 496679 198203 147725 557545 233480 626494 938309 86702 841777 215961 1050552 560017 616235 853913 883042 660725 545628 764240 1 98463 939781 209019 497353 1056464 523223 763088 777583 167111 918003 710193 665903 189892 458309 373075 266939 648949 707612 766515 543552 988756 150099 670877 758852 444474 1124256 725307 486918 689274 463476 708302 375541 513788 368090 238985 731629 391453 107140 210774 814662 459923 191001 482103 525364 304027 532934 675176 546297 122533 851412
 231899 314973 779353 460320 886249 948151 611748 520595 671193 395084 513183 89505 671984 777483 861008 773346 521003 987303 974004 951852 616346 582278 275984 56802 635189 331921 675456 1036536 110808 928974 314269 1142625 583795 638398 942718 980662 695653 643749 837773 98463 1 1035810 224946 590022 1151327 599092 849640 875796 224181 1013543 803527 764333 162846 552285 468823 365382 741185 778258 841158 626380 1083107 97119 756444 856545 539933 1217056 817192 576389 776576 515174 806753 462982 541245 444351 236393 792117 489774 161312 304836 911212 551003 175854 578784 623800 393899 567831 742555 629243 177717 949134
 806884 721276 808507 873574 233630 123862 516966 544978 500953 683727 767072 1104009 420888 478786 219168 318437 515206 57126 364641 94997 446075 496662 779781 1087506 763921 716585 726873 151378 986253 263173 736379 181172 890656 910572 228413 104270 833196 407325 481439 939781 1035810 1 928334 603978 126617 782137 653331 211243 927934 30369 246982 318926 1081119 605739 637550 681058 313242 523666 467456 481219 83222 1076564 368526 200045 495961 222475 250609 480289 335778 733244 308104 718983 865069 802898 969749 625485 576382 896773 774567 127039 642797 1066481 457991 439562 738111 822870 563370 709887 941055 335345
 241931 255233 555767 585077 744665 824523 444776 490382 668316 244780 294917 312571 633072 593112 729228 717599 430250 874684 800826 855707 566528 437624 166022 275312 720335 327452 457226 960281 291748 775754 320171 1006498 359455 414599 795478 893034 471050 579828 649238 209019 224946 928334 1 616800 1032115 690571 897040 803585 371193 902356 683092 705973 380666 573208 483436 346289 616960 585417 654853 469260 961559 320635 602484 773850 450864 1083695 688004 448180 628272 302585 755028 523150 316332 541351 47771 583611 466620 111236 353392 812045 588858 388331 497726 573613 450106 343565 544797 697396 329664 915609
 385217 367013 898553 272770 586390 577674 523619 171981 107639 464078 678207 623300 189981 664745 539891 285552 311490 577979 755496 509117 204047 450503 459338 624079 187137 289584 769472 535860 497668 653101 298936 768222 825304 874663 643785 512437 859294 245975 719898 497353 590022 603978 616800 1 730355 190594 281342 395383 399331 595151 470880 285846 560505 44153 133370 272102 447873 699679 712956 498542 678710 584779 546123 405396 304982 824256 504471 405001 539149 649389 299842 139621 778077 209837 663979 784102 174949 523671 286615 485541 44874 539981 283144 205982 197664 764256 699146 133635 432553 388720
 924574 836357 852877 1000185 300450 207612 604483 669230 626787 787616 847778 1221980 547452 533862 304608 444879 630513 165099 374016 221604 571063 595302 889550 1204037 888128 836998 786798 240441 1106119 302281 856901 100288 960595 974298 269526 223083 889297 531364 521897 1056464 1151327 126617 1032115 730355 1 907249 766208 336345 1051207 140910 350431 445526 1202722 732354 763123 801468 415800 574669 508112 571807 70868 1195788 446984 326624 612028 103445 344337 585196 415898 815345 433260 845452 939966 929471 1071657 668829 700352 1007991 897216 251479 769361 1188643 576813 564699 863512 895224 618970 834520 1062880 439650
 448938 470601 1055898 157761 776949 765100 695001 342632 282404 595146 815157 604843 378835 846177 730332 466599 480565 760821 945597 688314 393460 622863 555504 617388 38980 381138 925867 696852 491255 843694 380629 951817 955657 1008580 834172 685439 1007147 436095 903340 523223 599092 782137 690571 190594 907249 1 277785 571020 377573 776060 661438 468989 518296 212179 259843 380668 637619 878450 897173 674114 859792 562926 733014 587299 478437 1004235 695063 579525 727710 790359 474085 175488 906729 155302 734195 956861 332973 583679 337453 668672 168887 495156 464801 395866 243446 900720 873541 74799 422289 522765
 661464 648353 1148048 434947 730876 680455 763348 437977 268050 739835 947894 868251 365727 875837 682529 391916 566473 651802 912795 571447 421729 692091 740674 875928 239242 569604 1022211 529626 747777 797886 577492 834321 1096819 1143831 777769 549070 1118834 448334 922079 763088 849640 653331 897040 281342 766208 277785 1 457343 638094 657823 624351 401833 788822 325452 414273 553397 629011 917092 912405 731728 736492 827148 741292 493100 554462 869312 660407 645479 724289 917122 375692 387571 1050836 414662 943934 1012664 449554 800832 556212 569505 308711 766135 518972 419068 459554 1033116 926788 224274 679064 330194
 643899 569513 817097 667074 291798 224075 458887 361255 290636 567994 704939 935570 220399 495971 247119 112640 373393 196914 471492 118911 261577 411338 642746 923733 552712 545784 710880 160745 812867 354209 564677 385855 845867 877606 329002 117455 818657 232157 524365 777583 875796 211243 803585 395383 336345 571020 457343 1 742412 207626 211068 116998 900715 400968 443656 511204 252821 542619 511958 419914 290674 904363 357685 47888 352773 433645 241794 378087 329575 669860 96939 516824 810928 598770 848819 648074 393284 752126 593527 112339 435761 884151 306540 254272 544109 776082 569256 498646 761126 182263
 183986 273819 868846 236235 822530 860944 602511 383576 495154 408572 597721 230159 524096 777059 787633 631848 441856 886688 946128 836601 483589 550157 305577 239940 414680 225145 747655 899601 114209 876881 205929 1061178 707650 764138 882602 856112 796925 520682 840010 167111 224181 927934 371193 399331 1051207 377573 638094 742412 1 910317 721653 625699 162070 368900 301351 258529 668351 791138 839677 603159 987820 189253 716541 733691 455635 1130147 743843 526815 728216 586468 659753 261578 659541 225045 404840 833418 351836 261580 154845 800916 356076 143064 480298 490517 205540 671873 766148 414424 47050 781364
 785546 698701 778300 862879 203302 93494 487953 528384 493947 657615 737626 1082893 409454 448462 189232 310090 492570 27971 338081 88717 430482 469228 755326 1065697 759195 696760 696520 171881 966152 234287 716631 178373 860595 880307 199707 112518 802827 390512 451617 918003 1013543 30369 902356 595151 140910 776060 657823 207626 910317 1 219801 309314 1062164 594798 622817 661221 286158 493401 437646 452517 83744 1056108 338543 189755 473648 229125 221675 454176 305834 703896 303342 706602 835256 791140 943373 595389 559464 872844 756392 111344 632876 1047939 437063 424199 723048 792901 533016 704646 922247 345984
 580395 489150 609254 715187 115512 144661 274767 355568 391406 438317 526735 876951 285362 285011 70023 232768 285584 191941 291219 190502 272456 249686 539193 857171 654512 499755 509013 318352 765055 182629 519698 341545 658169 684130 173690 238327 617206 228395 314601 710193 803527 246982 683092 470880 350431 661438 624351 211068 721653 219801 1 222519 865632 455958 457382 464776 66357 331759 302630 237383 280745 852973 148088 163202 268789 414152 36099 235150 118711 492211 254919 552904 628395 638673 723741 437399 382972 657863 566965 147310 498784 853441 241672 268596 552115 588958 360084 598939 727495 392307
 532804 463545 787182 554667 330914 298209 408801 246116 186815 479341 640229 821624 103733 486232 282357 13704 278768 292423 511926 223929 147994 348827 542005 811021 454910 432909 670940 274778 698066 398593 451375 483146 786604 823840 381447 233176 776145 126186 526721 665903 764333 318926 705973 285846 445526 468989 401833 116998 625699 309314 222519 1 784478 287014 326661 398968 233451 530444 516084 371368 392867 789618 347345 119564 258650 538432 258576 308072 326637 605612 51642 401528 747586 484567 752339 632033 278018 646811 477720 200023 323920 767674 210636 140545 427146 717479 548093 399516 645144 219789
 292007 388884 926730 363962 960716 1007693 714197 539957 657211 503380 655984 104895 683938 886739 929139 791162 580892 1037687 1070308 991299 640161 671727 385525 136433 556897 366436 815837 1059007 107929 1010905 346459 1207000 739675 795125 1019832 1013040 846147 675260 948963 189892 162846 1081119 380666 560505 1202722 518296 788822 900715 162070 1062164 865632 784478 1 530874 462433 401818 808576 894127 950497 721572 1137700 69659 844036 889729 596919 1277986 884983 655655 859433 652982 820034 421745 695289 374600 397543 921160 507939 293782 307595 954174 516785 23393 627044 647276 367604 717991 863138 564645 140138 943432
 343247 322908 860097 268083 571039 570463 488679 134667 126778 420953 636106 589135 185378 634971 525720 288823 274884 576014 735641 510774 184133 415767 415259 588194 215750 246300 730648 548102 462981 636738 256302 764682 782713 832476 629618 518411 818959 227864 691547 458309 552285 605739 573208 44153 732354 212179 325452 400968 368900 594798 455958 287014 530874 1 89912 228089 427458 668364 685203 465338 677770 551485 520906 405796 270151 823636 488286 371071 516186 607729 308228 117460 735283 197811 620472 750101 133529 481146 247702 483951 43604 511081 253033 187487 164002 722224 665725 166026 399470 413178
 254187 234730 796197 261583 568927 585497 438613 102362 202404 341943 560532 511686 223734 597271 527072 331902 226176 601260 721102 543967 192734 367838 326739 507713 274842 156389 666175 599070 385440 631326 166709 784499 704690 755965 629132 559184 749151 234808 656907 373075 468823 637550 483436 133370 763123 259843 414273 443656 301351 622817 457382 326661 462433 89912 1 139421 417289 626187 652159 420861 703566 475860 496703 439243 227852 848618 486075 326913 497621 534031 358635 100959 656511 183855 530642 699845 80154 391488 164631 511681 110260 444306 226792 198758 100773 646610 617792 234383 325820 484324
 134399 95363 686194 332074 564060 606030 362039 156582 324538 215844 435594 425168 308002 533918 529787 407980 183362 636372 690798 593125 250975 301040 187344 412532 402363 35541 557050 671829 305237 618522 55439 805664 574992 628008 624088 618621 630781 279872 596454 266939 365382 681058 346289 272102 801468 380668 553397 511204 258529 661221 464776 398968 401818 228089 139421 1 410063 554409 594456 355599 735997 395904 460700 494390 197272 876226 485846 272112 470755 412434 441687 205425 526092 261233 393849 612863 127368 261361 106919 554516 248724 388882 225228 258426 147319 520686 536776 368225 262847 588980
 520745 427850 565245 678189 154643 208824 213130 314988 380346 372214 464753 816136 272592 253177 120744 245817 227778 258295 308193 252658 244161 183543 474569 795354 634435 444410 458189 376781 706462 214226 464207 401623 599543 628073 215105 298461 566102 201995 293866 648949 741185 313242 616960 447873 415800 637619 629011 252821 668351 286158 66357 233451 808576 427458 417289 410063 1 298109 283700 174792 345692 793326 113895 206765 212791 475912 76558 169397 95535 429965 275197 515861 567925 600767 657450 401440 339643 593616 514449 208510 470986 797227 193163 241902 507834 529961 319540 579606 671659 427916
 610866 517358 285160 877936 290257 400284 192407 535819 655965 390750 317388 865851 552019 46968 314908 543170 400041 468970 237059 505012 504077 258926 509453 834910 884080 579118 214511 636559 786254 272392 594929 508794 396629 402723 305688 555592 314658 470859 66926 707612 778258 523666 585417 699679 574669 878450 917092 542619 791138 493401 331759 530444 894127 668364 626187 554409 298109 1 76633 205327 509787 856701 185817 494829 400247 583924 303875 299557 213074 294376 573298 725793 386134 801751 609474 105848 547743 616998 657056 467690 710505 890195 416537 504855 691610 338007 47974 832822 776692 722687
 662934 567371 344995 909467 238205 346374 237505 556553 658528 448698 393051 927669 551808 63876 271250 527962 427709 414991 160540 459835 511575 293503 568631 897947 899547 621819 288442 590126 842610 207864 638813 437432 472198 476018 242456 510226 384618 474250 14012 766515 841158 467456 654853 712956 508112 897173 912405 511958 839677 437646 302630 516084 950497 685203 652159 594456 283700 76633 1 238859 445676 916379 171338 464208 424324 511383 270214 327559 189461 368895 554571 752941 462656 832246 680853 160781 572301 679945 699645 426132 728299 945252 432397 511232 725253 414446 124523 846580 828474 694078
 430545 333757 419397 673788 276697 366034 38987 331694 465172 233216 289968 709150 367379 179084 267483 385016 194733 424610 349356 427047 310890 54782 350446 682786 681000 383270 299757 551401 614391 307191 400566 538326 426408 457874 326222 473247 404847 284253 241131 543552 626380 481219 469260 498542 571807 674114 731728 419914 603159 452517 237383 371368 721572 465338 420861 355599 174792 205327 238859 1 500972 693348 133368 376434 195700 615930 230890 94593 159437 255216 420628 520539 393463 597201 505158 285744 342566 468398 460976 383089 506876 714548 217074 312986 488193 356646 200606 630769 594627 584737
 857423 768229 790619 945836 230748 137072 533783 607619 577690 717166 777852 1154740 492394 467824 233740 393800 562794 102346 321063 171931 510884 524563 819917 1136176 842788 771475 720401 227839 1039973 238083 791425 97959 892397 907346 204153 187472 823973 469939 459602 988756 1083107 83222 961559 678710 70868 859792 736492 290674 987820 83744 280745 392867 1137700 677770 703566 735997 345692 509787 445676 500972 1 1129208 376735 273350 544656 145871 273635 515048 345429 745238 386810 788843 870910 873658 1000950 606369 638292 938597 833374 193822 716169 1124086 510872 504809 803408 826537 553140 788305 998142 417818
 272644 366632 872651 413234 942863 996664 682580 543509 675866 467688 604159 42107 691929 852505 914034 797326 567450 1030788 1042668 989029 642788 645859 347785 67245 600827 360501 765639 1064241 91555 989800 340961 1194303 680004 734868 1000948 1013892 790100 674869 913945 150099 97119 1076564 320635 584779 1195788 562926 827148 904363 189253 1056108 852973 789618 69659 551485 475860 395904 793326 856701 916379 693348 1129208 1 819818 889790 584889 1266968 869871 634267 837435 603831 828263 449185 636843 413162 333511 877167 511607 244208 313482 950252 542556 87814 619063 650104 387714 662029 823314 603216 152231 960125
 552034 455261 461203 757629 147183 246930 160239 397151 487680 365708 401372 837601 380670 139984 149364 359684 280944 311464 230110 331654 342974 174318 481164 812517 733222 492089 363853 462428 738023 173961 510839 406832 522180 543618 193239 381420 471806 304210 180788 670877 756444 368526 602484 546123 446984 733014 741292 357685 716541 338543 148088 347345 844036 520906 496703 460700 113895 185817 171338 133368 376735 819818 1 310086 272714 484691 125026 189786 32838 368537 388495 597495 496948 679848 637800 290654 416651 599986 567615 290967 564393 835463 271100 342116 578300 454359 212025 679449 712724 537016
