NAME : domp40p13v9
COMMENT : Cherkesly, Contardo & Gruson 2022
TYPE : DOMP
DIMENSION : 40
DISPLAY_DATA_TYPE : NO_DISPLAY
OPEN_FACILITIES : 13
COST_SECTION
 1 753499 705617 247966 297222 642903 714220 232690 342490 154853 627238 626559 322484 624008 198929 549926 626048 302271 560092 151914 438263 507131 578361 762904 761112 151197 274496 314712 172092 298923 761207 163249 479090 283746 559759 435630 628126 130108 635512 161386
 753499 1 60674 922860 546600 684311 295396 549869 425684 601283 690702 369885 1047974 131719 841705 505105 937740 959922 370060 823734 475159 512336 175170 46713 21413 748210 1013287 931815 588478 644326 45303 742105 347837 495280 203916 486533 735880 832316 330664 891922
 705617 60674 1 867775 489008 626342 318891 496265 386431 555353 690942 377342 1005936 99683 786480 445566 927182 923261 310285 783013 414622 503791 132204 57688 58368 709047 961580 897722 543885 615744 97931 703752 287812 456486 148804 468724 734488 789755 339500 840294
 247966 922860 867775 1 385230 598233 936452 374217 554140 375077 874318 858791 378883 802312 81373 580944 847196 447159 644880 351152 505388 752107 753564 921932 925934 387404 144134 484358 396817 546552 939736 400896 597198 508681 719329 677469 873312 317037 862825 109962
 297222 546600 489008 385230 1 380505 621959 87080 271479 221330 722855 575874 618030 435724 304331 255156 823755 592310 270514 435101 141194 539990 386786 541052 547365 393959 497611 594056 233243 438099 568765 398528 211969 275797 343312 457468 743060 422122 565668 381510
 642903 684311 626342 598233 380505 1 883616 467573 619751 600886 1084360 876574 937328 634225 542470 189453 1203940 944852 320842 793153 287965 889415 597798 653363 672956 765314 741569 956119 613670 817607 724251 771690 393013 644515 536462 810687 1109799 772974 854082 657352
 714220 295396 318891 936452 621959 883616 1 582247 382589 564866 424569 114166 948583 259558 861696 694163 695349 832033 567191 728909 616697 291239 287490 341599 316805 649933 988682 791055 544620 497526 255901 639454 493293 431341 348790 312060 472505 748775 85192 873209
 232690 549869 496265 374217 87080 467573 582247 1 209484 134952 643878 523175 554788 428097 293750 335924 736894 516422 328271 358880 215670 467806 379375 551723 553999 311523 466668 514281 146179 351754 565613 315100 247406 198607 347464 384938 661892 349697 518028 345946
 342490 425684 386431 554140 271479 619751 382589 209484 1 188045 464656 314548 622558 293971 479122 448940 617210 536995 373941 398059 332707 271878 254236 443783 436819 322867 614918 513254 170606 248687 426557 317338 267672 70059 257399 191280 491497 407496 312231 496226
 154853 601283 555353 375077 221330 600886 564866 134952 188045 1 540266 483767 454511 470882 305893 469512 606572 394928 447390 240219 347691 386898 426196 612938 609794 181611 426988 386509 22481 226870 607443 183326 353449 134071 412191 307722 551929 239369 488869 309030
 627238 690702 690942 874318 722855 1084360 424569 643878 464656 540266 1 323490 716016 598741 823340 911456 281110 574782 820985 550183 797263 202185 594336 731960 711020 491674 861949 520959 519179 328560 660544 477864 717869 447068 638625 274606 48360 582626 362938 776282
 626559 369885 377342 858791 575874 876574 114166 523175 314548 483767 323490 1 843270 294841 787587 689121 586390 722978 572787 627083 596153 177107 305304 412950 390698 548871 899496 680502 462250 389719 337664 537638 484197 350218 361431 205069 370171 649092 39514 787517
 322484 1047974 1005936 378883 618030 937328 948583 554788 622558 454511 716016 843270 1 916284 404334 866825 577264 142924 882566 225267 759201 682840 874622 1063616 1058375 303487 258834 198176 463228 454165 1048653 312060 799622 553635 865777 638266 694699 216260 863852 286624
 624008 131719 99683 802312 435724 634225 259558 428097 293971 470882 598741 294841 916284 1 721721 446038 829124 828862 313819 692017 388296 407417 49121 153735 143526 616585 886993 801668 457509 517125 138174 610593 257970 363619 101553 369417 641072 700703 259721 765728
 198929 841705 786480 81373 304331 542470 861696 293750 479122 305893 823340 787587 404334 721721 1 508649 819931 447360 566355 327713 427364 689522 672888 840577 844660 348260 205670 476841 328173 494887 858951 360949 516251 437633 638093 612421 826028 295867 789820 117837
 549926 505105 445566 580944 255156 189453 694163 335924 448940 469512 911456 689121 866825 446038 508649 1 1053877 847369 135446 690246 123084 712772 408606 478463 495821 647322 714060 848885 477310 668271 542822 651022 204926 484387 347371 636859 940110 676687 665642 609314
 626048 937740 927182 847196 823755 1203940 695349 736894 617210 606572 281110 586390 577264 829124 819931 1053877 1 439967 991035 496141 931611 425430 813128 974770 956658 475104 788992 387046 591608 386796 913454 463759 884791 570548 845094 462607 234031 530161 624356 738056
 302271 959922 923261 447159 592310 944852 832033 516422 536995 394928 574782 722978 142924 828862 447360 847369 439967 1 841117 157581 730927 555692 791070 980432 972357 217493 358929 55298 397083 334665 955606 220704 748347 466969 791012 519985 552298 172265 746844 339664
 560092 370060 310285 644880 270514 320842 567191 328271 373941 447390 820985 572787 882566 313819 566355 135446 991035 841117 1 684351 139785 619109 279756 344964 361388 628829 765775 833786 448837 614393 407406 629674 106270 424372 218402 549502 853981 677330 546018 651483
 151914 823734 783013 351152 435101 793153 728909 358880 398059 240219 550183 627083 225267 692017 327713 690246 496141 157581 684351 1 573379 476803 651218 840624 834606 79205 312426 163103 244917 245675 823632 89526 593219 328746 645456 422665 540564 34516 644937 242583
 438263 475159 414622 505388 141194 287965 616697 215670 332707 347691 797263 596153 759201 388296 427364 123084 931611 730927 139785 573379 1 601480 343715 458938 470879 526975 628421 729930 354740 545581 506018 530116 130502 363328 286925 523124 823934 561971 577058 516236
 507131 512336 503791 752107 539990 889415 291239 467806 271878 386898 202185 177107 682840 407417 689522 712772 425430 555692 619109 476803 601480 1 397477 549879 531361 402385 770102 510279 364457 231400 488466 389709 516615 270027 438500 82876 238613 503077 209885 667122
 578361 175170 132204 753564 386786 597798 287490 379375 254236 426196 594336 305304 874622 49121 672888 408606 813128 791070 279756 651218 343715 397477 1 189577 183935 576936 839588 765864 413712 486503 186320 571569 214237 324288 61444 350696 634685 658595 273716 718260
 762904 46713 57688 921932 541052 653363 341599 551723 443783 612938 731960 412950 1063616 153735 840577 478463 974770 980432 344964 840624 458938 549879 189577 1 25916 766512 1017666 954415 601552 670859 90885 761120 335590 513822 204629 519466 776589 847440 374004 896457
 761112 21413 58368 925934 547365 672956 316805 553999 436819 609794 711020 390698 1058375 143526 844660 495821 956658 972357 361388 834606 470879 531361 183935 25916 1 759654 1018770 945111 597597 659143 64970 753848 345224 506676 206697 503820 756028 842438 351546 897438
 151197 748210 709047 387404 393959 765314 649933 311523 322867 181611 491674 548871 303487 616585 348260 647322 475104 217493 628829 79205 526975 402385 576936 766512 759654 1 373332 204958 180962 173509 746856 13811 533192 252987 574303 345030 487244 100957 566120 285290
 274496 1013287 961580 144134 497611 741569 988682 466668 614918 426988 861949 899496 258834 886993 205670 714060 788992 358929 765775 312426 628421 770102 839588 1017666 1018770 373332 1 405982 445693 546099 1025128 386971 706347 558117 813060 703945 852986 279390 909580 121366
 314712 931815 897722 484358 594056 956119 791055 514281 513254 386509 520959 680502 198176 801668 476841 848885 387046 55298 833786 163103 729930 510279 765864 954415 945111 204958 405982 1 385538 296069 925260 204706 737655 443814 769759 479699 497637 186916 705939 375059
 172092 588478 543885 396817 233243 613670 544620 146179 170606 22481 519179 462250 463228 457509 328173 477310 591608 397083 448837 244917 354740 364457 413712 601552 597597 180962 445693 385538 1 209116 593284 180976 352238 113328 402550 285244 531603 247134 467960 328689
 298923 644326 615744 546552 438099 817607 497526 351754 248687 226870 328560 389719 454165 517125 494887 668271 386796 334665 614393 245675 545581 231400 486503 670859 659143 173509 546099 296069 209116 1 634164 160250 509269 190095 501413 185504 332411 273060 412360 451495
 761207 45303 97931 939736 568765 724251 255901 565613 426557 607443 660544 337664 1048653 138174 858951 542822 913454 955606 407406 823632 506018 488466 186320 90885 64970 746856 1025128 925260 593284 634164 1 740010 376802 495024 225953 469241 706511 834029 298164 903879
 163249 742105 703752 400896 398528 771690 639454 315100 317338 183326 477864 537638 312060 610593 360949 651022 463759 220704 629674 89526 530116 389709 571569 761120 753848 13811 386971 204706 180976 160250 740010 1 532960 247305 570327 333425 473516 113374 555425 299040
 479090 347837 287812 597198 211969 393013 493293 247406 267672 353449 717869 484197 799622 257970 516251 204926 884791 748347 106270 593219 130502 516615 214237 335590 345224 533192 706347 737655 352238 509269 376802 532960 1 319178 156494 445051 749797 589264 461078 587767
 283746 495280 456486 508681 275797 644515 431341 198607 70059 134071 447068 350218 553635 363619 437633 484387 570548 466969 424372 328746 363328 270027 324288 513822 506676 252987 558117 443814 113328 190095 495024 247305 319178 1 326058 187387 467887 339381 354801 441879
 559759 203916 148804 719329 343312 536462 348790 347464 257399 412191 638625 361431 865777 101553 638093 347371 845094 791012 218402 645456 286925 438500 61444 204629 206697 574303 813060 769759 402550 501413 225953 570327 156494 326058 1 383534 677053 649645 331633 691834
 435630 486533 468724 677469 457468 810687 312060 384938 191280 307722 274606 205069 638266 369417 612421 636859 462607 519985 549502 422665 523124 82876 350696 519466 503820 345030 703945 479699 285244 185504 469241 333425 445051 187387 383534 1 304765 445737 226878 596791
 628126 735880 734488 873312 743060 1109799 472505 661892 491497 551929 48360 370171 694699 641072 826028 940110 234031 552298 853981 540564 823934 238613 634685 776589 756028 487244 852986 497637 531603 332411 706511 473516 749797 467887 677053 304765 1 573886 409515 772522
 130108 832316 789755 317037 422122 772974 748775 349697 407496 239369 582626 649092 216260 700703 295867 676687 530161 172265 677330 34516 561971 503077 658595 847440 842438 100957 279390 186916 247134 273060 834029 113374 589264 339381 649645 445737 573886 1 665449 208212
 635512 330664 339500 862825 565668 854082 85192 518028 312231 488869 362938 39514 863852 259721 789820 665642 624356 746844 546018 644937 577058 209885 273716 374004 351546 566120 909580 705939 467960 412360 298164 555425 461078 354801 331633 226878 409515 665449 1 795591
 161386 891922 840294 109962 381510 657352 873209 345946 496226 309030 776282 787517 286624 765728 117837 609314 738056 339664 651483 242583 516236 667122 718260 896457 897438 285290 121366 375059 328689 451495 903879 299040 587767 441879 691834 596791 772522 208212 795591 1
LAMBDA_SECTION
1 67
2 50
3 51
4 170
5 758
6 64
7 519
8 838
9 460
10 653
11 834
12 726
13 750
14 873
15 274
16 764
17 593
18 342
19 455
20 70
21 70
22 519
23 306
24 86
25 345
26 579
27 288
28 509
29 668
30 561
31 778
32 118
33 800
34 178
35 806
36 444
37 402
38 449
39 148
40 889
