NAME : domp70p17v9
COMMENT : Cherkesly, Contardo & Gruson 2022
TYPE : DOMP
DIMENSION : 70
DISPLAY_DATA_TYPE : NO_DISPLAY
OPEN_FACILITIES : 17
COST_SECTION
 1 288569 516674 339906 325761 218454 349823 331393 285601 328598 141693 832477 647794 450780 380365 415652 515200 647066 236946 400733 590752 121119 266695 570409 503657 207755 372484 194942 400542 358043 399581 350383 268952 276538 83549 746023 145691 492472 363471 727041 374982 725175 514187 603959 468652 353089 377770 359522 564911 608400 160171 541717 524770 311468 309353 309119 472515 656223 488953 140146 391904 376789 474731 96240 608627 727261 338149 578187 159922 516821
 288569 1 522661 60224 609859 506202 452087 609089 22226 504155 350773 1113479 926936 598715 627721 637939 795864 874931 414767 598968 666370 288611 508737 845042 703301 125896 375822 392150 671402 539126 487146 356636 278208 137287 319399 933646 334831 777610 279838 1004632 609122 1004548 757305 662780 585651 464989 350970 384393 850509 662920 133458 800551 742702 123676 503092 282575 631945 944772 760662 416332 417725 651347 325738 267357 843136 916813 620003 853294 391013 804613
 516674 522661 1 508058 731715 630556 859040 581029 500629 307567 658348 977708 809659 266520 858345 432472 901377 1124823 753586 365415 178954 626953 436788 972612 413776 582337 154073 711545 587756 318832 907072 176508 266817 638679 600215 1248311 660712 737292 781222 864049 866099 874470 984270 157956 206059 208008 833463 159002 912982 154225 472736 627174 1017539 405221 340605 757265 299381 929502 910479 500352 876209 591085 847216 596135 1081754 1229083 608208 977839 415465 847725
 339906 60224 508058 1 664007 558346 510201 652333 54811 525451 409974 1156230 969200 611176 686901 665681 851331 935081 474984 622131 661848 348031 543745 901889 724661 185957 368859 452078 711688 560327 543942 351955 283477 189078 376607 993345 394447 823655 325243 1045930 668852 1046700 816931 654848 592038 475206 400631 381540 904206 654090 180454 835937 802905 103685 528114 335629 645951 994673 817870 461520 470900 693088 354069 325887 903139 976590 664906 910064 427945 856718
 325761 609859 731715 664007 1 112526 418685 199877 609288 439887 288363 570293 407259 545912 173066 404819 190581 405499 301012 441630 730969 344036 305579 252000 502971 507892 622301 281728 259568 446232 457840 604697 548110 562806 295912 557174 310419 240469 587821 485298 206272 476388 266314 758092 595103 526098 556345 599719 240793 765788 485650 394049 326965 635026 405567 519640 544974 350803 179936 243590 518922 231664 709637 352932 360529 538067 176143 258918 324578 200750
 218454 506202 630556 558346 112526 1 391843 172768 503964 351983 214722 634894 457414 467408 234622 350934 302672 495255 260421 373233 646062 259765 223898 364315 451642 412345 514285 227895 247665 364574 437749 495922 436464 472920 204451 631215 236558 292030 518793 537685 252806 532445 354355 670296 510306 428757 501068 492730 347133 677346 378486 396268 397182 524405 318995 452592 472686 440451 289536 133621 478912 218243 639847 261458 451652 611840 162781 371338 217274 298470
 349823 452087 859040 510201 418685 391843 1 564526 466920 669107 215378 985931 825835 793217 307084 722720 534767 471511 133329 726052 940487 232544 575659 548859 820525 329418 708529 173364 639489 694655 50218 685770 597206 326954 269739 490817 205302 658434 246879 903970 267824 894817 393859 953673 816443 702809 176720 700074 612029 957987 407729 787767 340930 551944 644619 192991 810681 749702 469203 436790 109231 610014 350037 263003 452462 475508 553788 557656 496599 598899
 331393 609089 581029 652333 199877 172768 564526 1 601339 274114 377271 504397 317978 361526 370982 206733 327607 598827 432586 251052 550021 411046 147389 400845 303437 539120 500830 398149 75704 270068 610507 488147 457332 606969 352075 756098 397778 176983 674771 396392 400224 395591 462756 580515 416940 373889 665900 474480 331998 589002 475633 224921 526828 594117 240501 611307 354703 365774 353552 193552 649394 47429 793314 404040 553563 737095 28290 404868 232689 266738
 285601 22226 500629 54811 609288 503964 466920 601339 1 487917 356511 1105635 918809 580376 633269 623797 796523 883402 424234 583363 645239 294910 497143 847158 687254 138282 354242 399778 662229 522901 503165 335255 257980 157136 322032 945759 341557 771447 300772 996054 615975 996385 763828 641287 566089 446040 370704 363251 849570 641343 126989 789305 751711 101756 487950 301187 613978 941014 763209 409488 436017 642862 347958 271945 850843 928737 613144 855322 380068 802401
 328598 504155 307567 525451 439887 351983 669107 274114 487917 1 453731 700106 520906 124195 586602 153046 598328 843401 542637 97674 294082 449001 134810 670675 199395 492650 251461 499399 282478 34985 719319 245979 256574 564105 400929 983173 465057 431510 680040 584648 602879 591901 702721 318964 158516 103927 704317 223495 606047 326362 388979 349255 749151 436656 34533 632749 143962 624544 614138 241392 720191 283897 779794 424742 798901 963796 301682 675384 172574 540508
 141693 350773 658348 409974 288363 214722 215378 377271 356511 453731 1 847636 671977 577851 276957 513670 459304 530578 95255 512573 728050 62486 364348 500820 609486 232870 513142 53892 452762 479444 265588 490827 406888 278357 58146 613447 22256 505744 304501 752211 260116 746589 407457 742928 602037 490720 288643 500934 523431 747718 252858 601665 401737 413045 429436 237904 595464 639024 415374 224394 278257 424603 425981 85636 496057 595106 373202 509365 281244 488941
 832477 1113479 977708 1156230 570293 634894 985931 504397 1105635 700106 847636 1 187201 711491 695925 551599 480746 760855 871273 617686 866444 894593 622686 511186 567938 1038810 951558 849848 446260 675291 1021381 945518 938789 1103866 838288 937753 869810 343099 1151999 115461 737868 110294 689063 904349 773427 800137 1125924 923590 402707 914266 980024 352682 780021 1093214 677629 1084736 680770 256409 555399 697477 1088627 463233 1273608 894354 727400 923819 494549 505595 731079 392530
 647794 926936 809659 969200 407259 457414 825835 317978 918809 520906 671977 187201 1 546658 553719 377783 366505 674120 704490 444878 715337 715623 436440 418312 412192 854924 771828 679215 259202 498625 864930 764511 753735 921151 658216 852533 693912 168016 976206 80294 594437 77618 575969 752463 609618 623026 955520 743920 301638 762284 793485 185053 664050 906145 496284 909876 519595 191377 436833 511436 924385 276121 1097168 713367 634464 836331 309713 415478 543903 264247
 450780 598715 266520 611176 545912 467408 793217 361526 580376 124195 577851 711491 546658 1 701125 175593 688737 951407 666787 113243 188671 571670 243802 762117 148842 603103 278927 623571 346244 103233 843432 283766 328739 673137 524685 1097326 588931 492777 795570 598288 720024 609257 811751 220624 63039 136562 823994 254052 685188 229585 494804 362538 863493 514205 151800 751233 37764 680076 713371 364251 842683 357175 890562 546554 906433 1077986 389791 765908 296620 618753
 380365 627721 858345 686901 173066 234622 307084 370982 633269 586602 276957 695925 553719 701125 1 572402 228591 269260 232008 603056 880682 339174 457325 244163 671984 508107 731906 239633 432633 598671 333529 711744 640758 545016 315629 396610 293486 395457 525944 626862 42019 614750 133858 904723 744914 660757 473484 713043 307243 911677 524059 564673 162572 683909 553574 459350 704563 449489 162318 358310 416012 404642 642639 361433 228939 377238 348541 253030 442989 303427
 415652 637939 432472 665681 404819 350934 722720 206733 623797 153046 513670 551599 377783 175593 572402 1 525586 805521 589946 67129 359979 526529 150525 598963 100712 606656 402077 549453 174642 124532 771779 398137 407263 678865 470574 961954 529947 318022 779026 436452 598080 445192 669327 394141 237911 248963 789872 374194 514852 403435 513356 198992 731198 582584 139432 724015 157597 504486 558485 289903 791382 190395 887842 508580 760257 942868 233527 601981 260034 448578
 515200 795864 901377 851331 190581 302672 534767 327607 796523 598328 459304 480746 366505 688737 228591 525586 1 311974 444310 577049 877375 519547 465097 73474 612636 688301 803041 438613 353286 597133 562102 786708 735203 737660 477719 488605 480112 243919 741665 428930 269741 413610 211149 908112 744537 693432 696303 779068 80008 916608 674445 439862 301209 825373 563979 673592 679802 226545 74667 430335 643148 335194 861382 533112 270150 471760 299326 77271 507440 103622
 647066 874931 1124823 935081 405499 495255 471511 598827 883402 843401 530578 760855 674120 951407 269260 805521 311974 1 460692 846367 1135945 589871 710109 256258 900435 750476 1000881 483875 643972 851355 470095 980855 909836 773963 576861 178771 542987 554161 717935 729554 272653 712367 140954 1162293 999936 923993 647007 981641 372843 1169761 783138 748233 133685 943481 809402 659589 949994 508096 254024 624591 570578 620489 819395 616128 45265 163521 572094 259925 709531 415282
 236946 414767 753586 474984 301012 260421 133329 432586 424234 542637 95255 871273 704490 666787 232008 589946 444310 460692 1 595214 821300 138484 443843 473072 688223 289838 607922 43481 507898 566591 181856 585527 500712 316907 153400 527250 95417 536476 297449 783733 203453 775866 350428 836952 693706 584431 256263 596049 516510 841903 334780 656679 328005 492312 516567 229614 682433 645497 388336 306138 220403 478576 417183 168947 430603 509418 423075 481909 371175 493287
 400733 598968 365415 622131 441630 373233 726052 251052 583363 97674 512573 617686 444878 113243 603056 67129 577049 846367 595214 1 301310 517432 152918 650505 105689 579568 339059 553146 233058 64191 775874 336657 353963 651628 464551 997188 526763 380242 760687 502746 625245 511841 707919 333834 173767 184832 778421 311381 572030 342824 479907 265029 764323 534254 96920 709446 103843 569038 604376 289293 786909 244161 864910 496306 801199 977937 279139 654085 240878 505594
 590752 666370 178954 661848 730969 646062 940487 550021 645239 294082 728050 866444 715337 188671 880682 359979 877375 1135945 821300 301310 1 710308 425857 950736 303146 703419 293001 777855 533418 284746 990321 310412 390560 767343 671423 1277253 735527 677881 903154 757659 896586 770974 995608 38033 136060 237679 944640 281991 873187 47930 590920 530642 1043232 558281 327311 869039 202614 861624 900937 531263 975608 545469 982959 681836 1091198 1257876 578302 954561 453320 806758
 121119 288611 626953 348031 344036 259765 232544 411046 294910 449001 62486 894593 715623 571670 339174 526529 519547 589871 138484 517432 710308 1 376017 562597 618404 170549 477570 106424 485267 477660 281466 454892 367635 219056 59103 665372 46887 551579 263737 795896 321079 791392 468952 722271 589583 472899 263500 468115 581839 726350 196754 632449 459580 355613 428424 201504 592740 693317 477266 238396 271193 458382 382755 31402 556345 647402 410663 571098 278219 544703
 266695 508737 436788 543745 305579 223898 575659 147389 497143 134810 364348 622686 436440 243802 457325 150525 465097 710109 443843 152918 425857 376017 1 536973 245200 463777 353888 402348 178775 141674 625189 341891 318515 535574 320130 853605 380050 318676 630080 509063 476696 512402 569759 452523 289830 228815 639407 327320 477353 460210 378573 292250 619718 472360 100305 574040 249177 510755 479347 139998 641438 169724 740788 358453 665408 834258 173119 541905 118372 412943
 570409 845042 972612 901889 252000 364315 548859 400845 847158 670675 500820 511186 418312 762117 244163 598963 73474 256258 473072 650505 950736 562597 536973 1 685428 732932 871268 473658 426314 670077 570449 854410 799985 777817 525645 434996 520483 311202 769309 473556 281284 456627 183377 981353 817716 764824 717568 847774 116707 989817 727758 507555 273463 881809 636259 702173 753276 255300 85617 495154 658089 408584 886678 579101 218493 419333 372556 8870 574410 166104
 503657 703301 413776 724661 502971 451642 820525 303437 687254 199395 609486 567938 412192 148842 671984 100712 612636 900435 688223 105689 303146 618404 245200 685428 1 685194 420466 647162 259573 164430 869879 421985 451071 757277 563982 1059528 624872 389487 865098 456726 698310 469190 765807 340323 207742 268274 880694 393985 593951 350161 585433 227608 829844 634248 202570 812755 114395 564154 650665 385093 886050 280518 970232 598522 855211 1040531 329023 687759 344410 528695
 207755 125896 582337 185957 507892 412345 329418 539120 138282 492650 232870 1038810 854924 603103 508107 606656 688301 750476 289838 579568 703419 170549 463777 732932 685194 1 428617 269771 608019 526357 367337 406685 317615 72238 211992 807911 214805 697232 200171 934397 487152 932155 635567 706455 603197 479569 253197 429264 747989 708292 112500 747366 617820 224680 482993 178020 631995 852443 647696 347324 307958 584522 287578 155375 719566 791015 545222 741398 347208 707037
 372484 375822 154073 368859 622301 514285 708529 500830 354242 251461 513142 951558 771828 278927 731906 402077 803041 1000881 607922 339059 293001 477570 353888 871268 420466 428617 1 566884 526017 277548 755951 22788 112959 486374 455376 1114328 513646 671488 627954 836102 735224 843314 861940 287109 240503 154474 679403 27968 825822 287104 318674 600217 887108 265281 275872 603199 316682 864263 802159 380715 722606 521902 697572 446407 959220 1095298 525401 877356 297752 763234
 194942 392150 711545 452078 281728 227895 173364 398149 399778 499399 53892 849848 679215 623571 239633 549453 438613 483875 43481 553146 777855 106424 402348 473658 647162 269771 566884 1 473784 523619 222855 544602 460779 305766 111553 560951 59881 511449 306875 758994 217392 752009 365802 793624 650237 541058 276465 554426 507417 798615 302536 622944 353195 461921 473578 238500 639528 630876 388118 263875 251307 444765 428452 134659 451105 542750 390453 482390 327776 479054
 400542 671402 587756 711688 259568 247665 639489 75704 662229 282478 452762 446260 259202 346244 432633 174642 353286 643972 507898 233058 533418 485267 178775 426314 259573 608019 526017 473784 1 269084 685080 516095 497278 677013 426191 807783 473135 149543 748966 334405 464757 336104 512615 566660 406445 386261 741343 498598 340256 575737 538291 149219 583042 646962 252489 686026 331805 342143 392159 260707 725055 29661 866875 477059 598919 789099 87450 428920 284960 273948
 358043 539126 318832 560327 446232 364574 694655 270068 522901 34985 479444 675291 498625 103233 598671 124532 597133 851355 566591 64191 284746 477660 141674 670077 164430 526357 277548 523619 269084 1 744811 273957 289928 597979 427985 995114 491697 418615 712366 559952 617013 568020 711196 312709 149066 124854 734935 249675 600224 320776 423441 323087 761159 471039 50054 664015 116027 610671 617122 262207 748731 274011 813222 454281 806550 975760 298203 674389 199681 534147
 399581 487146 907072 543942 457840 437749 50218 610507 503165 719319 265588 1021381 864930 843432 333529 771779 562102 470095 181856 775874 990321 281466 625189 570449 869879 367337 755951 222855 685080 744811 1 733172 644177 357213 319861 471005 255402 698258 259480 942345 292521 932556 406458 1003245 866566 752646 180968 748072 640646 1007484 451475 832799 344109 591513 694771 215422 860836 781110 493781 486583 100912 655512 350382 311554 455612 456933 598821 579127 546816 631707
 350383 356636 176508 351955 604697 495922 685770 488147 335255 245979 490827 945518 764511 283766 711744 398137 786708 980855 585527 336657 310412 454892 341891 854410 421985 406685 22788 544602 516095 273957 733172 1 90336 465139 433131 1093038 491148 660293 606241 830071 714481 836787 842212 306231 249597 153937 657099 30869 811068 306629 296390 595231 866326 248751 268257 580879 321359 852643 784406 362302 699942 510838 677166 423711 939397 1074037 512183 860611 280192 748993
 268952 278208 266817 283477 548110 436464 597206 457332 257980 256574 406888 938789 753735 328739 640758 407263 735203 909836 500712 353963 390560 367635 318515 799985 451071 317615 112959 460779 497278 289928 644177 90336 1 378152 349981 1014812 405650 633759 517609 824126 640161 828742 773148 390453 308936 192269 567062 111692 766974 391749 206514 595983 791371 185525 268485 490823 364346 822616 725866 304979 609649 487023 592575 336289 869568 995994 478409 806714 230855 707725
 276538 137287 638679 189078 562806 472920 326954 606969 157136 564105 278357 1103866 921151 673137 545016 678865 737660 773963 316907 651628 767343 219056 535574 777817 757277 72238 486374 305766 677013 597979 357213 465139 378152 1 268990 816017 257772 761335 145395 1000939 519747 998100 667294 768558 671136 547536 213693 489558 800865 769900 179062 817733 640321 256956 554977 146552 702632 910918 692210 416653 281838 652889 217800 211628 746175 800036 611794 786456 419310 763275
 83549 319399 600215 376607 295912 204451 269739 352075 322032 400929 58146 838288 658216 524685 315629 470574 477719 576861 153400 464551 671423 59103 320130 525645 563982 211992 455376 111553 426191 427985 319861 433131 349981 268990 1 667301 64471 495193 322781 738440 304369 734311 448739 685715 546708 433865 320885 442899 536068 690383 208445 573356 450765 368352 378217 260481 543778 642098 441335 181160 322380 399381 441415 57428 540429 648751 352146 533904 228513 495427
 746023 933646 1248311 993345 557174 631215 490817 756098 945759 983173 613447 937753 852533 1097326 396610 961954 488605 178771 527250 997188 1277253 665372 853605 434996 1059528 807911 1114328 560951 807783 995114 471005 1093038 1014812 816017 667301 1 620295 728234 730479 908315 382893 891088 295242 1300988 1141518 1055104 650820 1097901 551508 1307826 861994 920076 234038 1019175 950183 683066 1099628 686311 425954 751545 568655 782550 813611 695099 218491 19380 730753 438693 835158 592210
 145691 334831 660712 394447 310419 236558 205302 397778 341557 465057 22256 869810 693912 588931 293486 529947 480112 542987 95417 526763 735527 46887 380050 520483 624872 214805 513646 59881 473135 491697 255402 491148 405650 257772 64471 620295 1 527818 282423 774161 274443 768626 422493 749398 611164 497892 268261 502551 544892 753938 242667 621848 412810 402071 441816 216044 607605 661136 434938 240110 261438 445163 403831 74882 509507 602184 394283 529075 292522 510920
 492472 777610 737292 823655 240469 292030 658434 176983 771447 431510 505744 343099 168016 492777 395457 318022 243919 554161 536476 380242 677881 551579 318676 311202 389487 697232 671488 511449 149543 418615 698258 660293 633759 761335 495193 728234 527818 1 810236 247552 434768 240953 438346 712158 554008 535045 787859 644437 207449 721435 644685 196374 521269 769614 400733 743452 475296 193266 302363 362136 756421 149592 931575 551343 511005 710673 159589 311553 409427 145748
 363471 279838 781222 325243 587821 518793 246879 674771 300772 680040 304501 1151999 976206 795570 525944 779026 741665 717935 297449 760687 903154 263737 630080 769309 865098 200171 627954 306875 748966 712366 259480 606241 517609 145395 322781 730479 282423 810236 1 1056477 492465 1051043 631542 906592 799860 676556 83007 629294 812931 908459 312478 895789 586277 401709 666098 68408 822353 937699 685152 497642 164538 722116 121870 273931 697201 716379 673870 778171 520838 785928
 727041 1004632 864049 1045930 485298 537685 903970 396392 996054 584648 752211 115461 80294 598288 626862 436452 428930 729554 783733 502746 757659 795896 509063 473556 456726 934397 836102 758994 334405 559952 942345 830071 824126 1000939 738440 908315 774161 247552 1056477 1 668076 20172 640009 795378 660593 684805 1035381 808134 357798 805282 871246 237741 729527 980632 562240 990102 568442 226746 501649 589938 1003356 353287 1177458 793496 691864 892848 389230 469635 619277 330048
 374982 609122 866099 668852 206272 252806 267824 400224 615975 602879 260116 737868 594437 720024 42019 598080 269741 272653 203453 625245 896586 321079 476696 281284 698310 487152 735224 217392 464757 617013 292521 714481 640161 519747 304369 382893 274443 434768 492465 668076 1 656158 148418 919322 761391 672304 436973 717584 348752 925965 511497 600032 151903 671858 570596 426828 725410 491427 201681 368710 377008 436202 607542 345687 236291 363570 379207 290110 452282 345397
 725175 1004548 874470 1046700 476388 532445 894817 395591 996385 591901 746589 110294 77618 609257 614750 445192 413610 712367 775866 511841 770974 791392 512402 456627 469190 932155 843314 752009 336104 568020 932556 836787 828742 998100 734311 891088 768626 240953 1051043 20172 656158 1 624758 808591 671794 692828 1028473 815356 341331 818483 871099 247361 714583 983013 568640 984366 580079 208017 486795 589030 995054 353615 1172263 789772 675070 875761 387034 452521 621011 315955
 514187 757305 984270 816931 266314 354355 393859 462756 763828 702721 407457 689063 575969 811751 133858 669327 211149 140954 350428 707919 995608 468952 569759 183377 765807 635567 861940 365802 512615 711196 406458 842212 773148 667294 448739 295242 422493 438346 631542 640009 148418 624758 1 1021665 859562 783065 569454 842215 286546 1029078 656986 626841 91011 817083 668800 567984 811286 432839 139157 484274 501252 487641 742390 492741 97518 276689 436784 190782 569197 311727
 603959 662780 157956 654848 758092 670296 953673 580515 641287 318964 742928 904349 752463 220624 904723 394141 908112 1162293 836952 333834 38033 722271 452523 981353 340323 706455 287109 793624 566660 312709 1003245 306231 390453 768558 685715 1300988 749398 712158 906592 795378 919322 808591 1021665 1 163840 252699 950971 279594 905808 9918 594138 567631 1067115 551174 352892 875027 237492 897031 929817 552145 984868 577762 982621 693153 1117725 1281609 608801 985362 472180 839374
 468652 585651 206059 592038 595103 510306 816443 416940 566089 158516 602037 773427 609618 63039 744914 237911 744537 999936 693706 173767 136060 589583 289830 817716 207742 603197 240503 650237 406445 149066 866566 249597 308936 671136 546708 1141518 611164 554008 799860 660593 761391 671794 859562 163840 1 123644 834200 218792 743915 172136 492108 425336 907482 491670 191373 759872 93358 742259 766047 398024 858735 415845 888878 562598 955217 1122144 445214 821803 323013 677534
 353089 464989 208008 475206 526098 428757 702809 373889 446040 103927 490720 800137 623026 136562 660757 248963 693432 923993 584431 184832 237679 472899 228815 764824 268274 479569 154474 541058 386261 124854 752646 153937 192269 547536 433865 1055104 497892 535045 676556 684805 672304 692828 783065 252699 123644 1 712425 127054 705556 258012 368491 447824 822119 377668 134597 637659 172719 728196 703910 303598 739705 386776 765302 444768 880247 1035757 400769 769979 221126 640596
 377770 350970 833463 400631 556345 501068 176720 665900 370704 704317 288643 1125924 955520 823994 473484 789872 696303 647007 256263 778421 944640 263500 639407 717568 880694 253197 679403 276465 741343 734935 180968 657099 567062 213693 320885 650820 268261 787859 83007 1035381 436973 1028473 569454 950971 834200 712425 1 677907 770653 953565 360729 890108 517392 469322 686787 76246 848117 901650 635255 501750 82507 713243 173329 282204 629029 637199 661533 726429 537690 749452
 359522 384393 159002 381540 599719 492730 700074 474480 363251 223495 500934 923590 743920 254052 713043 374194 779068 981641 596049 311381 281991 468115 327320 847774 393985 429264 27968 554426 498598 249675 748072 30869 111692 489558 442899 1097901 502551 644437 629294 808134 717584 815356 842215 279594 218792 127054 677907 1 800581 280534 317832 572270 869477 278638 248069 601666 291735 837337 779651 359429 718280 494846 703035 437226 939621 1078801 499320 853747 275602 737665
 564911 850509 912982 904206 240793 347133 612029 331998 849570 606047 523431 402707 301638 685188 307243 514852 80008 372843 516510 572030 873187 581839 477353 116707 593951 747989 825822 507417 340256 600224 640646 811068 766974 800865 536068 551508 544892 207449 812931 357798 348752 341331 286546 905808 743915 705556 770653 800581 1 914720 725078 401181 377415 870992 572499 744608 672025 147171 154028 465529 719871 328123 933509 592710 334221 535655 304804 113924 536358 66437
 608400 662920 154225 654090 765788 677346 957987 589002 641343 326362 747718 914266 762284 229585 911677 403435 916608 1169761 841903 342824 47930 726350 460210 989817 350161 708292 287104 798615 575737 320776 1007484 306629 391749 769900 690383 1307826 753938 721435 908459 805282 925965 818483 1029078 9918 172136 258012 953565 280534 914720 1 596083 577432 1074010 550454 360408 877553 246972 906529 937892 558456 988195 586638 983494 697085 1125238 1288448 617284 993867 478064 848290
 160171 133458 472736 180454 485650 378486 407729 475633 126989 388979 252858 980024 793485 494804 524059 513356 674445 783138 334780 479907 590920 196754 378573 727758 585433 112500 318674 302536 538291 423441 451475 296390 206514 179062 208445 861994 242667 644685 312478 871246 511497 871099 656986 594138 492108 368491 360729 317832 725078 596083 1 669305 654569 160376 383017 284530 525064 814242 644976 283013 406794 517972 396856 167961 747788 844084 486720 735721 260253 676620
 541717 800551 627174 835937 394049 396268 787767 224921 789305 349255 601665 352682 185053 362538 564673 198992 439862 748233 656679 265029 530642 632449 292250 507555 227608 747366 600217 622944 149219 323087 832799 595231 595983 817733 573356 920076 621848 196374 895789 237741 600032 247361 626841 567631 425336 447824 890108 572270 401181 577432 669305 1 705141 761904 329358 833697 334692 343983 494711 401809 874235 178204 1012599 622677 704433 902106 234010 507795 409542 341804
 524770 742702 1017539 802905 326965 397182 340930 526828 751711 749151 401737 780021 664050 863493 162572 731198 301209 133685 328005 764323 1043232 459580 619718 273463 829844 617820 887108 353195 583042 761159 344109 866326 791371 640321 450765 234038 412810 521269 586277 729527 151903 714583 91011 1067115 907482 822119 517392 869477 377415 1074010 654569 705141 1 814599 716146 526835 866348 523837 227882 518854 443256 556464 690481 486819 111744 214666 502568 280554 603011 400175
 311468 123676 405221 103685 635026 524405 551944 594117 101756 436656 413045 1093214 906145 514205 683909 582584 825373 943481 492312 534254 558281 355613 472360 881809 634248 224680 265281 461921 646962 471039 591513 248751 185525 256956 368352 1019175 402071 769614 401709 980632 671858 983013 817083 551174 491670 377668 469322 278638 870992 550454 160376 761904 814599 1 443346 397634 549868 949009 800367 411543 531013 631330 448106 327781 908148 1001525 610061 889541 362583 818568
 309353 503092 340605 528114 405567 318995 644619 240501 487950 34533 429436 677629 496284 151800 553574 139432 563979 809402 516567 96920 327311 428424 100305 636259 202570 482993 275872 473578 252489 50054 694771 268257 268485 554977 378217 950183 441816 400733 666098 562240 570596 568640 668800 352892 191373 134597 686787 248069 572499 360408 383017 329358 716146 443346 1 616495 166066 593969 579613 212584 699343 252196 768876 405536 764842 930811 267882 641002 150224 507135
 309119 282575 757265 335629 519640 452592 192991 611307 301187 632749 237904 1084736 909876 751233 459350 724015 673592 659589 229614 709446 869039 201504 574040 702173 812755 178020 603199 238500 686026 664015 215422 580879 490823 146552 260481 683066 216044 743452 68408 990102 426828 984366 567984 875027 759872 637659 76246 601666 744608 877553 284530 833697 526835 397634 616495 1 776222 869357 617748 438756 135320 658725 190018 215629 636862 668072 609343 711028 468608 717551
 472515 631945 299381 645951 544974 472686 810681 354703 613978 143962 595464 680770 519595 37764 704563 157597 679802 949994 682433 103843 202614 592740 249177 753276 114395 631995 316682 639528 331805 116027 860836 321359 364346 702632 543778 1099628 607605 475296 822353 568442 725410 580079 811286 237492 93358 172719 848117 291735 672025 246972 525064 334692 866348 549868 166066 776222 1 659558 708149 377367 863924 345507 919571 568686 904849 1080344 382708 756675 315303 605665
 656223 944772 929502 994673 350803 440451 749702 365774 941014 624544 639024 256409 191377 680076 449489 504486 226545 508096 645497 569038 861624 693317 510755 255300 564154 852443 864263 630876 342143 610671 781110 852643 822616 910918 642098 686311 661136 193266 937699 226746 491427 208017 432839 897031 742259 728196 901650 837337 147171 906529 814242 343983 523837 949009 593969 869357 659558 1 301024 537520 855963 342633 1059328 699525 472839 671587 344260 250080 594620 152211
 488953 760662 910479 817870 179936 289536 469203 353552 763209 614138 415374 555399 436833 713371 162318 558485 74667 254024 388336 604376 900937 477266 479347 85617 650665 647696 802159 388118 392159 617122 493781 784406 725866 692210 441335 425954 434938 302363 685152 501649 201681 486795 139157 929817 766047 703910 635255 779651 154028 937892 644976 494711 227882 800367 579613 617748 708149 301024 1 422600 578243 370162 803223 494232 209814 408321 325768 94299 504409 172612
 140146 416332 500352 461520 243590 133621 436790 193552 409488 241392 224394 697477 511436 364251 358310 289903 430335 624591 306138 289293 531263 238396 139998 495154 385093 347324 380715 263875 260707 262207 486583 362302 304979 416653 181160 751545 240110 362136 497642 589938 368710 589030 484274 552145 398024 303598 501750 359429 465529 558456 283013 401809 518854 411543 212584 438756 377367 537520 422600 1 501538 237743 612153 223796 581792 732205 203709 501809 84940 409471
 391904 417725 876209 470900 518922 478912 109231 649394 436017 720191 278257 1088627 924385 842683 416012 791382 643148 570578 220403 786909 975608 271193 641438 658089 886050 307958 722606 251307 725055 748731 100912 699942 609649 281838 322380 568655 261438 756421 164538 1003356 377008 995054 501252 984868 858735 739705 82507 718280 719871 988195 406794 874235 443256 531013 699343 135320 863924 855963 578243 501538 1 696067 249471 296426 554966 555229 641630 666887 549128 704501
 376789 651347 591085 693088 231664 218243 610014 47429 642862 283897 424603 463233 276121 357175 404642 190395 335194 620489 478576 244161 545469 458382 169724 408584 280518 584522 521902 444765 29661 274011 655512 510838 487023 652889 399381 782550 445163 149592 722116 353287 436202 353615 487641 577762 415845 386776 713243 494846 328123 586638 517972 178204 556464 631330 252196 658725 345507 342633 370162 237743 696067 1 840519 451046 575327 763769 57921 411670 268748 261714
 474731 325738 847216 354069 709637 639847 350037 793314 347958 779794 425981 1273608 1097168 890562 642639 887842 861382 819395 417183 864910 982959 382755 740788 886678 970232 287578 697572 428452 866875 813222 350382 677166 592575 217800 441415 813611 403831 931575 121870 1177458 607542 1172263 742390 982621 888878 765302 173329 703035 933509 983494 396856 1012599 690481 448106 768876 190018 919571 1059328 803223 612153 249471 840519 1 389976 802173 801139 793418 895548 627990 907458
 96240 267357 596135 325887 352932 261458 263003 404040 271945 424742 85636 894354 713367 546554 361433 508580 533112 616128 168947 496306 681836 31402 358453 579101 598522 155375 446407 134659 477059 454281 311554 423711 336289 211628 57428 695099 74882 551343 273931 793496 345687 789772 492741 693153 562598 444768 282204 437226 592710 697085 167961 622677 486819 327781 405536 215629 568686 699525 494232 223796 296426 451046 389976 1 581689 677020 405795 587475 255807 552720
 608627 843136 1081754 903139 360529 451652 452462 553563 850843 798901 496057 727400 634464 906433 228939 760257 270150 45265 430603 801199 1091198 556345 665408 218493 855211 719566 959220 451105 598919 806550 455612 939397 869568 746175 540429 218491 509507 511005 697201 691864 236291 675070 97518 1117725 955217 880247 629029 939621 334221 1125238 747788 704433 111744 908148 764842 636862 904849 472839 209814 581792 554966 575327 802173 581689 1 201913 526833 223003 666714 373738
 727261 916813 1229083 976590 538067 611840 475508 737095 928737 963796 595106 923819 836331 1077986 377238 942868 471760 163521 509418 977937 1257876 647402 834258 419333 1040531 791015 1095298 542750 789099 975760 456933 1074037 995994 800036 648751 19380 602184 710673 716379 892848 363570 875761 276689 1281609 1122144 1035757 637199 1078801 535655 1288448 844084 902106 214666 1001525 930811 668072 1080344 671587 408321 732205 555229 763769 801139 677020 201913 1 711818 423245 815844 575381
 338149 620003 608208 664906 176143 162781 553788 28290 613144 301682 373202 494549 309713 389791 348541 233527 299326 572094 423075 279139 578302 410663 173119 372556 329023 545222 525401 390453 87450 298203 598821 512183 478409 611794 352146 730753 394283 159589 673870 389230 379207 387034 436784 608801 445214 400769 661533 499320 304804 617284 486720 234010 502568 610061 267882 609343 382708 344260 325768 203709 641630 57921 793418 405795 526833 711818 1 376590 250968 239943
 578187 853294 977839 910064 258918 371338 557656 404868 855322 675384 509365 505595 415478 765908 253030 601981 77271 259925 481909 654085 954561 571098 541905 8870 687759 741398 877356 482390 428920 674389 579127 860611 806714 786456 533904 438693 529075 311553 778171 469635 290110 452521 190782 985362 821803 769979 726429 853747 113924 993867 735721 507795 280554 889541 641002 711028 756675 250080 94299 501809 666887 411670 895548 587475 223003 423245 376590 1 580715 166029
 159922 391013 415465 427945 324578 217274 496599 232689 380068 172574 281244 731079 543903 296620 442989 260034 507440 709531 371175 240878 453320 278219 118372 574410 344410 347208 297752 327776 284960 199681 546816 280192 230855 419310 228513 835158 292522 409427 520838 619277 452282 621011 569197 472180 323013 221126 537690 275602 536358 478064 260253 409542 603011 362583 150224 468608 315303 594620 504409 84940 549128 268748 627990 255807 666714 815844 250968 580715 1 476872
 516821 804613 847725 856718 200750 298470 598899 266738 802401 540508 488941 392530 264247 618753 303427 448578 103622 415282 493287 505594 806758 544703 412943 166104 528695 707037 763234 479054 273948 534147 631707 748993 707725 763275 495427 592210 510920 145748 785928 330048 345397 315955 311727 839374 677534 640596 749452 737665 66437 848290 676620 341804 400175 818568 507135 717551 605665 152211 172612 409471 704501 261714 907458 552720 373738 575381 239943 166029 476872 1
LAMBDA_SECTION
1 604
2 738
3 4
4 435
5 899
6 570
7 694
8 536
9 225
10 631
11 159
12 153
13 210
14 589
15 671
16 153
17 312
18 843
19 647
20 57
21 927
22 159
23 534
24 784
25 223
26 265
27 700
28 765
29 790
30 952
31 844
32 657
33 83
34 268
35 578
36 306
37 722
38 126
39 648
40 476
41 403
42 394
43 70
44 993
45 402
46 217
47 625
48 488
49 422
50 279
51 182
52 917
53 80
54 411
55 978
56 18
57 162
58 189
59 341
60 332
61 632
62 176
63 198
64 119
65 232
66 520
67 216
68 371
69 38
70 407
