NAME : domp90p30v10
COMMENT : Cherkesly, Contardo & Gruson 2022
TYPE : DOMP
DIMENSION : 90
DISPLAY_DATA_TYPE : NO_DISPLAY
OPEN_FACILITIES : 30
COST_SECTION
 1 680858 198235 402859 367159 673634 156303 897346 589338 609485 802574 640867 715592 474632 542001 374222 914296 390102 145582 130363 291804 570753 723019 520939 733937 707932 432560 443004 468220 443193 256274 130929 111725 466974 738735 345985 271847 613554 325400 69986 268352 546038 488092 402837 684029 356561 644572 126111 528041 568953 377085 811399 454044 305129 472276 521342 635846 567544 919400 725358 830838 620749 386952 408063 687265 128185 62830 362728 463490 642610 590135 218392 692613 367025 565024 140551 400392 784867 209071 664814 327206 326772 615423 872364 858813 32741 390806 180491 120904 860856
 680858 1 602009 333854 402206 479115 536324 898569 751076 1072892 305160 951750 495626 333982 927343 654560 796347 814456 790735 550655 389162 995113 746660 777070 445259 537035 271401 922531 1007930 500007 682695 620341 790955 642731 851749 976449 780831 977137 750162 749964 744442 659663 892050 317823 1010253 594497 855892 627459 819821 187424 377657 488601 855505 513779 996377 1124665 737827 1157255 937506 113231 943544 451912 894123 824334 144616 555282 741822 465306 266881 166755 1083956 708851 573222 757092 850969 571846 288962 654001 712461 692771 732343 751297 1187379 878238 716813 666319 1032044 536837 801426 975598
 198235 602009 1 413591 217699 487831 226352 702355 399205 517531 654767 487796 529428 323828 408513 183906 716097 259108 216799 165710 249479 456966 526055 342744 555478 516923 410383 349666 416919 251983 100342 67388 259813 270860 549612 377648 463046 476830 184405 249719 152936 349132 358002 287051 538668 158626 466263 72226 359930 450411 408002 631508 319249 401726 410000 523195 441474 557827 726020 617389 645056 437070 307676 275117 569343 147843 224537 186132 345397 520280 514124 399463 498033 542507 398640 88956 315802 588198 110769 467050 175237 185890 592210 677226 661424 165578 434648 270086 274716 676358
 402859 333854 413591 1 323943 599364 246571 971673 727794 931069 571855 877381 634063 356381 814406 550934 919465 670556 538697 287266 169414 868261 793297 710105 613950 655311 70225 763068 823476 471476 513302 396405 513314 591497 865419 739798 449036 878952 596272 464855 565385 645436 766760 257251 932877 494840 821219 401495 741105 326926 44053 683457 727601 179929 819433 908346 743121 949950 1005369 420037 965674 549848 718784 685583 409110 299981 465419 386003 275076 384917 927041 379476 669333 424817 778914 343547 194129 768603 514502 729647 584510 597721 991310 947391 844410 400035 789194 229266 520281 999196
 367159 402206 217699 323943 1 324377 289410 652281 406538 673408 440924 575523 365396 108934 533726 258122 617193 412775 430601 257311 175310 598260 471974 401580 372659 370117 285089 520377 606688 147633 283824 259423 458685 273798 541576 593516 581477 589800 348023 433718 345970 321964 494370 89491 633298 197233 503892 266889 438760 235584 342292 450358 456735 409335 594496 729185 419223 758879 684607 403200 641783 269995 492628 423300 353005 249172 414807 68794 135758 303465 682432 506423 370271 623580 474191 227887 146979 470436 322281 407943 330137 349144 786649 627582 547809 340248 650968 322301 472449 675316
 673634 479115 487831 599364 324377 1 613676 419568 343712 746561 281616 563017 41964 246072 587562 388095 327495 543067 698324 577960 488757 661144 279724 414151 85870 59352 538782 646048 751175 236942 497917 548995 747638 308715 396468 810757 904953 611254 514447 733991 548362 269039 575316 349664 617133 357192 440516 555578 460449 312868 630522 149470 550783 723045 730562 899356 303880 912972 458684 399600 477793 54392 647242 542830 344471 567588 710641 311166 324621 312428 775983 830391 96001 946912 476761 534117 407150 178228 557999 238676 494554 514703 921920 399656 249128 643169 867342 646416 762520 507892
 156303 536324 226352 246571 289410 613676 1 904220 614476 723640 693381 713807 654793 384010 630076 404589 893371 477370 294655 60946 156079 672140 723309 566995 659808 657769 278708 553474 598135 408121 321005 180267 267196 478665 763931 496699 292940 699853 403967 220033 358801 551150 577876 292662 763819 364839 689413 182554 586094 447204 222174 737135 540071 177300 597871 668796 648881 712700 931615 592262 861973 559285 502572 494478 560590 78848 218955 314249 348416 520078 711828 217249 653239 339186 624849 137698 271259 751792 300444 660553 398116 405468 757359 878954 828712 155239 544337 43819 274845 894169
 897346 898569 702355 971673 652281 419568 904220 1 312748 630421 669849 409041 407802 623359 508033 523547 160672 579146 851859 851070 826283 560994 181668 400698 468278 362623 921735 631208 725795 507102 648551 768908 926340 431529 178702 868033 1165400 478364 605866 936041 664173 354473 535937 715276 431226 545266 302737 772585 419236 726577 993765 462471 539993 1054784 700301 873746 261520 862933 39911 816785 147051 450034 667843 566482 763129 835240 907756 601069 712475 731961 677736 1100601 325706 1239606 398794 782574 779865 251455 708277 245573 594197 605042 844941 25274 214590 864757 912324 945625 940897 153437
 589338 751076 399205 727794 406538 343712 614476 312748 1 413333 621937 219367 365319 423780 257716 215869 373404 276407 539186 557312 565704 328908 161193 97972 427803 320441 691593 351064 455473 264295 336901 463833 613712 138416 150419 570542 859930 269632 294114 624694 351715 91468 261972 488358 274373 249798 104932 466752 134318 563748 740864 473081 251717 778079 431321 608750 63368 610396 331245 702316 247500 332803 374960 266722 643605 540373 596253 341852 508542 599044 449210 798441 272513 941527 138160 484262 551465 303717 395764 133880 281706 293368 607688 288628 350191 557093 619672 657610 628226 279844
 609485 1072892 517531 931069 673408 746561 723640 630421 413333 1 1012526 222632 773389 743649 159012 418489 750462 263636 478550 665112 765054 85429 553935 332412 832352 731169 923699 170198 164811 584022 417856 544875 556676 451635 463831 351794 849273 154272 336038 597835 367515 477539 181833 761973 203797 478399 347220 541728 286260 893200 924710 883975 217410 899138 148414 267126 470389 241839 624568 1053489 490850 723905 222997 251039 996510 648255 573869 607926 806630 947289 50724 817441 684586 963271 275189 594226 809948 713209 423585 545153 350035 334641 215359 614941 748443 588969 366768 763791 564932 501291
 802574 305160 654767 571855 440924 281616 693381 669849 621937 1012526 1 840972 273017 332157 854375 618718 539342 785216 870512 680873 539417 927787 556141 683056 207039 322787 501641 893852 994835 444806 700209 700342 898918 561940 675578 1020405 977828 885195 740634 871085 759343 540577 834789 402698 896281 570962 721180 707803 729717 251692 613731 212382 805465 739011 976930 1134976 585260 1155727 709736 193148 750928 290571 884071 788822 170471 677381 853935 471571 344998 186958 1037140 901357 371145 984932 750354 666660 425842 419159 750630 519864 720415 741280 1172086 654213 463660 777997 1078289 711719 912411 779076
 640867 951750 487796 877381 575523 563017 713807 409041 219367 222632 840972 1 583495 618289 116109 326468 528607 252190 543664 652916 708320 153001 338244 175432 646755 537335 853670 249567 327468 452216 394588 538265 625997 309384 241452 493643 907561 69325 316336 653658 372566 302710 163798 663904 58521 383998 130839 538134 137125 765020 881615 688950 190039 889477 302238 468704 265596 454637 405715 912590 273936 551097 300708 234372 853988 634998 625723 506758 695782 807520 268871 859255 488353 1007868 101634 576111 721973 502220 431986 339992 317913 314908 436066 392805 530701 612635 528387 757361 638155 289271
 715592 495626 529428 634063 365396 41964 654793 407802 365319 773389 273017 583495 1 283705 614664 425495 302531 577396 739274 619618 527971 687997 283167 441439 66319 49806 572041 678669 784295 278146 537653 590824 789239 342660 403049 848734 946364 634625 551565 775864 587085 296724 605150 387345 636132 396825 457939 597385 487197 337968 666321 113323 582162 761589 763176 933582 320202 945825 447485 409199 478384 95837 682053 576368 356564 609358 752442 353126 358989 329268 804469 871660 98994 987185 501033 576077 443231 158700 598191 250354 531834 551767 953116 389549 223044 685108 905048 687112 804140 507112
 474632 333982 323828 356381 108934 246072 384010 623359 423780 743649 332157 618289 283705 1 594864 325977 563109 491181 538628 359675 245975 663943 450814 443289 277935 300005 300297 601070 693930 166140 379531 368240 567578 308981 540174 695799 676719 643278 433722 541889 441013 332738 561943 103665 676809 268127 527525 375691 485842 149707 385474 354420 526622 478073 679477 823752 420024 850316 659024 312085 637644 194486 580015 499102 257425 353416 523453 147198 89594 207281 758258 600555 313101 707683 517242 336279 162465 412223 424209 389617 414413 434654 874164 599905 488165 448443 753555 411620 581297 670919
 542001 927343 408513 814406 533726 587562 630076 508033 257716 159012 854375 116109 614664 594864 1 275607 611382 153616 434922 569346 645346 73646 406621 173429 673365 572954 798764 133515 218082 431796 309640 450590 517406 295234 331845 377822 803667 71560 226111 548372 275724 318558 53923 623190 144494 336494 207919 449312 127483 744498 813653 725637 90038 807307 192560 366295 317392 359801 509639 901667 381968 565216 185190 136020 844063 551596 521082 466052 663299 795408 191581 759452 526908 908153 121416 493726 675847 560599 336168 391139 233288 224609 351591 489247 601267 515731 413998 672784 528904 400598
 374222 654560 183906 550934 258122 388095 404589 523547 215869 418489 618718 326468 425495 325977 275607 1 554196 167740 339994 345614 382011 340955 352634 163772 469459 398594 528400 277716 376318 174422 128996 247969 407906 99335 366105 423395 644190 333219 126420 413338 164949 178107 237530 347584 382394 60892 284891 250904 190367 475140 556046 537486 201097 574504 359194 517502 262090 537010 545179 637418 461151 348412 265551 173878 581431 328196 385337 190699 388870 531655 432321 582668 366636 726391 228572 270674 401072 442443 192016 298686 106461 126725 554769 498684 509306 341788 479559 448275 422850 492488
 914296 796347 716097 919465 617193 327495 893371 160672 373404 750462 539342 528607 302531 563109 611382 554196 1 649431 893992 846575 791675 673593 212229 471113 351866 268450 862126 721147 822915 485262 683178 783369 961300 455044 287407 943669 1172074 596196 658889 962397 712101 376230 628318 663694 561640 558562 404995 788308 502098 639543 947341 327062 623297 1026502 797979 975194 310660 971179 195211 703843 297126 371608 748173 640111 654646 832629 935300 579463 647663 630838 794437 1102142 250271 1232556 492279 786238 725399 151140 746153 256125 643553 658388 960281 159302 79604 881670 993074 931655 976336 310413
 390102 814456 259108 670556 412775 543067 477370 579146 276407 263636 785216 252190 577396 491181 153616 167740 649431 1 293860 416849 503064 197962 437273 180158 627160 544117 660626 110131 209960 341937 158892 297440 375595 234737 402187 294238 655405 224688 74704 401581 122394 293101 100595 500351 293945 223075 285171 295951 162041 639123 666847 690679 64111 654669 191763 356302 338775 371648 590392 803237 477653 508542 105161 17964 747877 399210 373571 349546 547577 697917 269659 608240 505227 756979 191470 341962 546697 564218 182789 400068 86593 73220 387216 556664 620553 362996 344522 519799 388316 503028
 145582 790735 216799 538697 430601 698324 294655 851859 539186 478550 870512 543664 739274 538628 434922 339994 893992 293860 1 252725 406593 450836 689383 455278 769507 721965 559994 319628 328537 461454 211359 173765 82495 439323 681438 202090 372713 505386 247516 119300 187978 517763 382020 488814 579414 346971 572995 166293 450255 656399 516741 844548 353749 450708 335457 376057 594446 421974 868493 820588 765158 649423 261453 311015 776234 242625 96637 402862 549579 728432 454188 339207 697251 484765 483338 219040 502461 779896 148024 638079 257771 248501 470024 827813 848638 139417 250550 324108 94545 792414
 130363 550655 165710 287266 257311 577960 60946 851070 557312 665112 680873 652916 619618 359675 569346 345614 846575 416849 252725 1 161509 612193 670943 507293 629928 618817 307801 494921 543421 362237 260114 120472 240514 422821 707249 452793 328343 639013 343244 200010 299089 496978 517287 278426 702874 308432 630130 123384 525616 441868 269243 707644 479368 237963 542010 621322 593774 663615 877508 595849 804663 523782 445116 433873 559137 17918 191293 270991 337950 515543 654673 256015 610759 388796 564339 76858 270789 707882 241533 608888 337204 344746 706428 825798 784229 117380 503124 104465 250773 836622
 291804 389162 249479 169414 175310 488757 156079 826283 565704 765054 539417 708320 527971 245975 645346 382011 791675 503064 406593 161509 1 700290 645269 542424 523545 538962 161399 598600 665090 319383 347480 244713 401836 427887 707662 600761 439533 709584 429264 361188 402408 487346 598214 145389 763609 326944 655934 250990 572339 291437 175616 599365 559051 235422 659098 761369 586332 799823 857839 437518 807980 435245 557061 517676 404588 166577 352676 227364 195687 364089 763355 362889 543310 462053 610346 192235 115225 643743 355665 581150 416666 430688 837659 801432 721035 277529 653974 172547 412268 841321
 570753 995113 456966 868261 598260 661144 672140 560994 328908 85429 927787 153001 687997 663943 73646 340955 673593 197962 450836 612193 700290 1 473045 246993 746929 645929 856580 131391 180464 502393 356652 491899 532211 367766 389214 359503 823414 84742 272618 568403 313385 392116 104004 687441 153356 401601 268658 489667 200838 813647 864803 798702 142497 849176 156446 316037 387020 301973 558629 972332 426871 638805 189664 182682 914997 594787 542476 531535 729815 866065 121699 784904 599531 932797 191017 538480 737900 630231 372635 461469 283757 271141 286714 543912 667884 547097 386871 713786 542265 441256
 723019 746660 526055 793297 471974 279724 723309 181668 161193 553935 556141 338244 283167 450814 406621 352634 212229 437273 689383 670943 645269 473045 1 259010 349377 233370 745710 510456 613518 325901 480773 593186 760104 256188 121204 731504 988493 401525 449471 765652 504507 176999 418917 538305 381568 367719 207902 597308 291601 566556 814066 371499 411880 873139 588889 766450 98537 765108 212652 676433 198541 295462 536087 427884 619679 655399 737803 419524 540407 582626 594742 922244 185449 1059718 285551 603860 603205 166319 542656 64120 435090 448883 758035 156557 194857 690295 780859 764449 774964 229583
 520939 777070 342744 710105 401580 414151 566995 400698 97972 332412 683056 175432 441439 443289 173429 163772 471113 180158 455278 507293 542424 246993 259010 1 499942 400464 682539 253905 359074 277150 264669 402415 532955 134339 226475 473593 792776 204398 207764 549038 267593 145130 167762 489354 233876 215481 124083 404083 46673 590784 717506 552857 154179 738129 335339 512330 161299 515993 414402 741379 311589 392993 277080 169454 683029 489637 520379 333016 520360 635666 363244 735764 355384 881969 73981 431262 548437 397939 317899 228845 198869 206788 516476 377685 447527 489714 522074 610785 546997 340572
 733937 445259 555478 613950 372659 85870 659808 468278 427803 832352 207039 646755 66319 277935 673365 469459 351866 627160 769507 629928 523545 746929 349377 499942 1 116093 548790 731028 835859 309809 574276 613522 814237 393419 469364 890371 952722 696224 595844 796977 627002 354814 661097 379027 700116 434502 522449 620425 546185 301952 649025 77741 636260 752848 815507 983277 384933 997734 508143 352473 543939 121963 730875 627419 302816 621272 774966 372553 341528 281408 861849 876970 165226 985516 561960 593425 428922 216964 632735 316133 575775 596173 1007349 451118 272673 704644 947359 689060 828897 572293
 707932 537035 516923 655311 370117 59352 657769 362623 320441 731169 322787 537335 49806 300005 572954 398594 268450 544117 721965 618817 538962 645929 233370 400464 116093 1 595835 642672 748743 265299 516210 580514 775945 310280 353281 821574 946974 590073 523347 765720 562463 257228 566069 402958 589177 375970 410580 586750 445554 372217 685424 152864 544882 774110 726991 899372 272813 909680 402038 454487 428945 105562 649206 541922 400507 607400 741287 348602 381322 370281 763665 873323 49827 993684 457398 570149 462156 118878 578080 201673 504043 523435 914929 343467 190548 676681 877177 692182 790977 457927
 432560 271401 410383 70225 285089 538782 278708 921735 691593 923699 501641 853670 572041 300297 798764 528400 862126 660626 559994 307801 161399 856580 745710 682539 548790 595835 1 758551 826464 429988 507217 404668 544270 558221 824234 757888 509536 860585 587673 498479 563276 606028 753515 207626 910392 469715 788578 410634 716600 257711 112971 616867 714464 245782 820287 921304 701843 960499 956494 351986 923995 490905 718057 674558 339218 317398 495312 351445 214576 314714 923502 437486 612816 492443 753493 351670 142671 710995 517062 682764 574034 589066 998885 897859 785915 424694 809727 271191 552767 957547
 443004 922531 349666 763068 520377 646048 553474 631208 351064 170198 893852 249567 678669 601070 133515 277716 721147 110131 319628 494921 598600 131391 510456 253905 731028 642672 758551 1 106274 451609 251334 374727 400845 337657 452752 244455 692313 195809 173545 437621 198043 386729 95283 606905 271303 333057 328485 371537 219063 748641 755523 791913 99918 729185 84526 258883 414323 267168 636119 913152 511831 614155 58275 105033 857925 478089 412066 458466 655734 807939 165022 655131 601125 802594 232803 424384 650625 651218 253403 482667 190410 172295 278274 610891 701221 420958 282751 593775 410876 532099
 468220 1007930 416919 823476 606688 751175 598135 725795 455473 164811 994835 327468 784295 693930 218082 376318 822915 209960 328537 543421 665090 180464 613518 359074 835859 748743 826464 106274 1 550708 326131 427424 402024 442491 548685 187197 692866 263034 260266 446791 265642 492993 194679 690312 333819 428059 424140 422747 322048 839198 811081 897588 205799 768387 25523 153294 518486 161916 727707 1005388 599248 718068 114170 208453 951355 528005 425171 548507 742413 901206 129112 666621 707376 809712 331256 479995 728844 756867 309663 587906 279529 259307 180301 706596 805573 452281 207436 635093 408770 616425
 443193 500007 251983 471476 147633 236942 408121 507102 264295 584022 444806 452216 278146 166140 431796 174422 485262 341937 461454 362237 319383 502393 325901 277150 309809 265299 429988 451609 550708 1 264993 315220 511584 142855 394527 583618 689700 477828 296150 500422 319906 176309 402375 224507 510734 127614 365692 321453 319912 314298 489627 383555 369089 548594 533570 690281 272096 711132 538457 469970 494574 188471 439325 347024 412624 349042 476089 95123 245859 363699 602353 618238 250260 747306 351105 307084 288374 345851 322927 261783 275885 296747 729119 482180 422008 411686 641115 446789 526549 528124
 256274 682695 100342 513302 283824 497917 321005 648551 336901 417856 700209 394588 537653 379531 309640 128996 683178 158892 211359 260114 347480 356652 480773 264669 574276 516210 507217 251334 326131 264993 1 143682 279332 228191 484577 320502 528107 378943 84235 287794 62146 307091 258350 364873 443197 140833 388342 143746 273523 519002 508329 646614 219894 497998 316581 445539 388108 475252 668142 686467 575087 452434 213579 175158 634750 242281 259367 232450 418742 584733 416302 472029 488584 619234 311357 184118 402920 568992 63408 427646 77164 85729 504823 623973 637301 225201 378332 364117 294202 604811
 130929 620341 67388 396405 259423 548995 180267 768908 463833 544875 700342 538265 590824 368240 450590 247969 783369 297440 173765 120472 244713 491899 593186 402415 613522 580514 404668 374727 427424 315220 143682 1 201425 337621 614051 357611 396703 520862 224735 185260 178649 416209 398024 315078 586467 225971 526463 7517 415557 482640 383909 690317 360556 357467 424455 516760 507722 555940 792054 646989 708381 497156 325901 314713 602479 103398 161714 241107 375814 554768 535480 334843 563308 479769 453822 53167 331390 654548 121374 534385 220541 226229 595505 743821 728166 98350 412229 222378 215817 739252
 111725 790955 259813 513314 458685 747638 267196 926340 613712 556676 898918 625997 789239 567578 517406 407906 961300 375595 82495 240514 401836 532211 760104 532955 814237 775945 544270 400845 402024 511584 279332 201425 1 506486 758267 252403 292663 587813 325767 51913 265548 585858 464511 504603 661899 406391 652347 194286 530213 672261 485856 890705 436015 402085 411253 429698 666940 478613 944336 831760 843921 696680 342576 392907 791521 235911 49255 442258 565745 745607 529718 265587 754878 407737 564026 232661 507728 841535 218125 706460 334244 326852 530216 901997 912391 125294 290191 287307 15128 871732
 466974 642731 270860 591497 273798 308715 478665 431529 138416 451635 561940 309384 342660 308981 295234 99335 455044 234737 439323 422821 427887 367766 256188 134339 393419 310280 558221 337657 442491 142855 228191 337621 506486 1 285650 513616 733896 336535 215775 509905 261879 79629 272850 359362 367898 114533 230385 341516 177884 456534 603306 455947 244511 640103 422106 590964 171332 604335 455873 608719 384699 277088 339486 234116 550628 406335 482250 206820 387179 502707 475204 669343 273917 809835 208266 351977 420490 344563 291328 200071 197500 215683 614703 406383 410265 434271 568342 521403 521486 417457
 738735 851749 549612 865419 541576 396468 763931 178702 150419 463831 675578 241452 403049 540174 331845 366105 287407 402187 681438 707249 707662 389214 121204 226475 469364 353281 824234 452752 548685 394527 484577 614051 758267 285650 1 689490 1009783 309650 434025 771907 493519 220415 357531 617466 275307 399104 124611 616858 241155 667681 881454 492618 361379 925308 523255 698140 122433 689880 188328 787979 100360 405727 489220 388932 730320 690419 743332 480856 628747 690685 508869 948765 304444 1091942 220143 634569 682043 283862 541472 160368 424113 433085 675574 158179 296634 706648 733625 806856 772494 133817
 345985 976449 377648 739798 593516 810757 496699 868033 570542 351794 1020405 493643 848734 695799 377822 423395 943669 294238 202090 452793 600761 359503 731504 473593 890371 821574 757888 244455 187197 583618 320502 357611 252403 513616 689490 1 528102 436109 298332 303389 263762 581617 337050 664367 510451 456535 567130 350840 449064 827845 718692 960224 328144 649903 206724 177324 633012 226424 875823 994999 754584 768493 200402 304149 946354 441284 289502 550227 723042 896959 312469 514150 787402 649100 470358 408850 687750 854264 271657 693155 317531 298300 279332 846498 913385 341478 57890 525825 254215 775841
 271847 780831 463046 449036 581477 904953 292940 1165400 859930 849273 977828 907561 946364 676719 803667 644190 1172074 655405 372713 328343 439533 823414 988493 792776 952722 946974 509536 692313 692866 689700 528107 396703 292663 733896 1009783 528102 1 874916 594816 255522 536073 811841 749982 582704 947592 620810 916340 393378 799018 727294 406622 1030073 718403 272629 703252 699729 904385 751043 1188756 856329 1102531 850616 634163 673274 833358 340727 282586 599316 635218 797757 821336 76653 938943 122863 835549 386108 551989 1035551 478615 928397 597997 596133 806153 1140271 1111542 303403 551035 267163 284498 1132657
 613554 977137 476830 878952 589800 611254 699853 478364 269632 154272 885195 69325 634625 643278 71560 333219 596196 224688 505386 639013 709584 84742 401525 204398 696224 590073 860585 195809 263034 477828 378943 520862 587813 336535 309650 436109 874916 1 296134 619525 346996 344647 125482 679182 75536 393504 193871 519782 158846 792112 879720 742680 160707 876935 238273 400756 322344 385550 474797 945129 342493 594631 251267 206932 886914 621202 592345 521317 715986 839199 199680 831002 542011 979697 134880 563010 734150 563182 407430 397402 302043 294638 366830 462039 595434 587208 467310 742771 599072 356523
 325400 750162 184405 596272 348023 514447 403967 605866 294114 336038 740634 316336 551565 433722 226111 126420 658889 74704 247516 343244 429264 272618 449471 207764 595844 523347 587673 173545 260266 296150 84235 224735 325767 215775 434025 298332 594816 296134 1 344981 60299 287166 174283 433729 362429 169923 326714 223770 205524 579111 592192 663785 136127 581200 246744 394389 352200 417475 621434 745131 518171 474646 146296 90966 691138 325508 316406 288343 483708 640982 337937 543661 489208 692056 241056 267834 477135 558972 116406 403688 20285 1504 440557 582158 621549 296526 353861 446724 339616 546017
 69986 749964 249719 464855 433718 733991 220033 936041 624694 597835 871085 653658 775864 541889 548372 413338 962397 401581 119300 200010 361188 568403 765652 549038 796977 765720 498479 437621 446791 500422 287794 185260 51913 509905 771907 303389 255522 619525 344981 1 285029 589526 494791 472329 692498 404108 670794 178971 550493 638760 436188 874131 463933 350211 454471 480705 675035 529224 955935 795333 860613 681829 379681 419323 757186 198165 28662 424564 533108 712396 573202 220045 747735 365573 585806 205862 470344 837510 231142 709670 350725 346203 580187 911358 910082 93473 342058 237323 55747 889440
 268352 744442 152936 565385 345970 548362 358801 664173 351715 367515 759343 372566 587085 441013 275724 164949 712101 122394 187978 299089 402408 313385 504507 267593 627002 562463 563276 198043 265642 319906 62146 178649 265548 261879 493519 263762 536073 346996 60299 285029 1 337324 222187 426644 416122 192794 387012 176286 265657 581113 557484 697705 186503 535791 257475 383464 408252 413189 680521 748549 578375 505058 154833 140281 696671 281846 256512 293824 480834 646622 361667 486716 531511 635376 300779 226794 463304 606411 60444 456102 70010 61438 443464 640251 671517 240724 321210 400416 279471 606300
 546038 659663 349132 645436 321964 269039 551150 354473 91468 477539 540577 302710 296724 332738 318558 178107 376230 293101 517763 496978 487346 392116 176999 145130 354814 257228 606028 386729 492993 176309 307091 416209 585858 79629 220415 581617 811841 344647 287166 589526 337324 1 308906 400771 359763 191075 196233 420310 191425 472310 661047 408786 288100 707555 470705 644799 99277 653218 380580 612421 320774 250006 397872 288658 553703 480967 561879 260443 418292 508551 507767 746276 214425 885249 209783 428119 464668 272652 369948 120605 270309 286861 657702 329228 334533 513311 634788 593193 600834 354200
 488092 892050 358002 766760 494370 575316 577876 535937 261972 181833 834789 163798 605150 561943 53923 237530 628318 100595 382020 517287 598214 104004 418917 167762 661097 566069 753515 95283 194679 402375 258350 398024 464511 272850 357531 337050 749982 125482 174283 494791 222187 308906 1 583496 197730 297974 233207 396543 127823 711558 764674 717606 39165 755170 169973 347543 324559 348596 540966 871667 417642 548541 138826 83417 814740 499608 467406 427869 626339 765477 202356 705533 522110 854237 137813 442103 633938 565016 282612 395359 183049 172780 349125 515693 611526 461910 377562 620369 476225 438859
 402837 317823 287051 257251 89491 349664 292662 715276 488358 761973 402698 663904 387345 103665 623190 347584 663694 500351 488814 278426 145389 687441 538305 489354 379027 402958 207626 606905 690312 224507 364873 315078 504603 359362 617466 664367 582704 679182 433729 472329 426644 400771 583496 1 721861 286702 588132 322533 527419 168041 283650 454350 545678 374748 679195 807740 495228 839608 749564 332127 716955 297635 576680 511408 287803 275845 457572 157891 61184 241073 769894 506111 413433 607192 562404 273021 64960 513356 396457 475211 416502 434914 869598 691191 589866 380600 721018 315725 517205 750492
 684029 1010253 538668 932877 633298 617133 763819 431226 274373 203797 896281 58521 636132 676809 144494 382394 561640 293945 579414 702874 763609 153356 381568 233876 700116 589177 910392 271303 333819 510734 443197 586467 661899 367898 275307 510451 947592 75536 362429 692498 416122 359763 197730 721861 1 440703 178891 585888 194553 823488 936148 739780 230001 940241 309711 464635 316415 444362 422682 970581 288532 607017 326752 275989 911948 684977 665048 564510 754177 865646 253648 902057 539791 1050804 159977 626291 779549 547358 476306 389568 366058 360959 418874 417638 570375 656844 539918 807144 673381 297628
 356561 594497 158626 494840 197233 357192 364839 545266 249798 478399 570962 383998 396825 268127 336494 60892 558562 223075 346971 308432 326944 401601 367719 215481 434502 375970 469715 333057 428059 127614 140833 225971 406391 114533 399104 456535 620810 393504 169923 404108 192794 191075 297974 286702 440703 1 331227 230466 247018 416492 502111 506104 261039 529215 412470 564263 285819 586951 570234 580164 497267 312541 315097 231146 524879 291856 377365 129935 328394 474883 490707 555335 350298 695332 284353 237546 340648 435144 202119 308425 149824 170636 607796 520057 506449 323836 513888 407861 421518 529631
 644572 855892 466263 821219 503892 440516 689413 302737 104932 347220 721180 130839 457939 527525 207919 284891 404995 285171 572995 630130 655934 268658 207902 124083 522449 410580 788578 328485 424140 365692 388342 526463 652347 230385 124611 567130 916340 193871 326714 670794 387012 196233 233207 588132 178891 331227 1 528162 123433 668524 831547 560897 239284 858833 398731 574058 137786 567146 308698 806873 192696 434305 366736 270526 748179 612576 642141 437204 611167 703855 389826 859794 361075 1006051 96774 554479 650200 371381 439878 210703 320080 325591 555299 282741 401564 613517 610088 733130 666042 219433
 126111 627459 72226 401495 266889 555578 182554 772585 466752 541728 707803 538134 597385 375691 449312 250904 788308 295951 166293 123384 250990 489667 597308 404083 620425 586750 410634 371537 422747 321453 143746 7517 194286 341516 616858 350840 393378 519782 223770 178971 176286 420310 396543 322533 585888 230466 528162 1 416412 490122 388376 697163 359305 359516 420139 510690 511274 550164 795454 654416 710817 503851 322111 313338 609963 106671 155064 248095 383288 562267 531716 332394 569183 477900 454559 58965 338525 660083 118153 538791 220246 225258 590094 747525 733521 93408 405300 224202 208732 741557
 528041 819821 359930 741105 438760 460449 586094 419236 134318 286260 729717 137125 487197 485842 127483 190367 502098 162041 450255 525616 572339 200838 291601 46673 546185 445554 716600 219063 322048 319912 273523 415557 530213 177884 241155 449064 799018 158846 205524 550493 265657 191425 127823 527419 194553 247018 123433 416412 1 634128 746364 598187 122078 759838 297599 475171 196738 476083 428936 786302 316126 439664 249406 148015 728072 507765 521905 369968 560915 680408 318293 745178 399796 892692 38816 448881 585012 437851 320662 268031 201022 204316 474023 397469 483724 497835 494853 629886 543716 342417
 568953 187424 450411 326926 235584 312868 447204 726577 563748 893200 251692 765020 337968 149707 744498 475140 639543 639123 656399 441868 291437 813647 566556 590784 301952 372217 257711 748641 839198 314298 519002 482640 672261 456534 667681 827845 727294 792112 579111 638760 581113 472310 711558 168041 823488 416492 668524 490122 634128 1 366894 364054 676040 488310 825709 964529 551946 993395 764585 167619 761377 276561 725040 647634 119846 441065 624891 290779 106929 73695 907146 651026 401753 733544 664556 441045 176378 491095 557343 510191 560287 580124 1019478 704959 560432 547817 885012 462423 684681 793904
 377085 377657 408002 44053 342292 630522 222174 993765 740864 924710 613731 881615 666321 385474 813653 556046 947341 666847 516741 269243 175616 864803 814066 717506 649025 685424 112971 755523 811081 489627 508329 383909 485856 603306 881454 718692 406622 879720 592192 436188 557484 661047 764674 283650 936148 502111 831547 388376 746364 366894 1 719827 725622 136204 808354 889716 759601 932634 1026615 463952 981814 579867 709093 682480 452182 283622 438930 400610 308104 426790 918316 338232 697083 380771 784614 332078 223383 796960 504139 750106 581695 593667 975665 969225 873336 377353 766493 198894 491897 1015246
 811399 488601 631508 683457 450358 149470 737135 462471 473081 883975 212382 688950 113323 354420 725637 537486 327062 690679 844548 707644 599365 798702 371499 552857 77741 152864 616867 791913 897588 383555 646614 690317 890705 455947 492618 960224 1030073 742680 663785 874131 697705 408786 717606 454350 739780 506104 560897 697163 598187 364054 719827 1 695170 826924 876408 1046890 423575 1059078 502128 386535 556538 195161 795275 689690 343987 699012 851890 449583 414019 332010 916098 954222 200768 1061415 610243 670922 502008 216647 706065 350384 643933 664026 1065958 448695 252331 781966 1016806 765936 905423 582183
 454044 855505 319249 727601 456735 550783 540071 539993 251717 217410 805465 190039 582162 526622 90038 201097 623297 64111 353749 479368 559051 142497 411880 154179 636260 544882 714464 99918 205799 369089 219894 360556 436015 244511 361379 328144 718403 160707 136127 463933 186503 288100 39165 545678 230001 261039 239284 359305 122078 676040 725622 695170 1 717320 182844 358754 315065 365144 547845 837241 429100 521505 127850 46253 780660 461634 436149 390721 589376 731178 233306 672063 502478 820810 142608 403880 595500 551302 246886 382808 144123 134624 371146 518686 601684 427083 372922 582752 448278 452459
 305129 513779 401726 179929 409335 723045 177300 1054784 778079 899138 739011 889477 761589 478073 807307 574504 1026502 654669 450708 237963 235422 849176 873139 738129 752848 774110 245782 729185 768387 548594 497998 357467 402085 640103 925308 649903 272629 876935 581200 350211 535791 707555 755170 374748 940241 529215 858833 359516 759838 488310 136204 826924 717320 1 769864 826122 806684 872644 1084740 597710 1024762 669928 677050 671767 582313 255742 360632 453904 413580 553074 885451 208501 778636 247231 798653 314062 325371 879042 476939 809230 575011 582702 920407 1029696 956363 316576 691722 135496 404667 1057560
 472276 996377 410000 819433 594496 730562 597871 700301 431321 148414 976930 302238 763176 679477 192560 359194 797979 191763 335457 542010 659098 156446 588889 335339 815507 726991 820287 84526 25523 533570 316581 424455 411253 422106 523255 206724 703252 238273 246744 454471 257475 470705 169973 679195 309711 412470 398731 420139 297599 825709 808354 876408 182844 769864 1 177583 494209 182711 702185 991339 573788 698396 103003 188731 936817 526177 431836 534940 730243 886713 118737 674515 685129 818853 306105 476499 719441 733264 304932 564071 265423 245689 195588 681136 781280 454794 230519 635772 418767 591080
 521342 1124665 523195 908346 729185 899356 668796 873746 608750 267126 1134976 468704 933582 823752 366295 517502 975194 356302 376057 621322 761369 316037 766450 512330 983277 899372 921304 258883 153294 690281 445539 516760 429698 590964 698140 177324 699729 400756 394389 480705 383464 644799 347543 807740 464635 564263 574058 510690 475171 964529 889716 1046890 358754 826122 177583 1 671723 51879 873463 1132004 742611 863984 252576 357477 1080025 608384 466316 676636 863425 1029939 216874 690019 858921 821838 482989 569650 838912 910019 412455 741171 414580 393722 109175 855374 958808 514312 149517 699970 431180 757277
 635846 737827 441474 743121 419223 303880 648881 261520 63368 470389 585260 265596 320202 420024 317392 262090 310660 338775 594446 593774 586332 387020 98537 161299 384933 272813 701843 414323 518486 272096 388108 507722 666940 171332 122433 633012 904385 322344 352200 675035 408252 99277 324559 495228 316415 285819 137786 511274 196738 551946 759601 423575 315065 806684 494209 671723 1 672590 284630 680576 222561 301824 438141 329578 622196 577436 646859 359162 507953 580114 508193 840495 223377 981150 196255 523307 559728 243294 448890 75066 338476 351558 668537 236606 287088 603275 682583 691239 681659 256095
 567544 1157255 557827 949950 758879 912972 712700 862933 610396 241839 1155727 454637 945825 850316 359801 537010 971179 371648 421974 663615 799823 301973 765108 515993 997734 909680 960499 267168 161916 711132 475252 555940 478613 604335 689880 226424 751043 385550 417475 529224 413189 653218 348596 839608 444362 586951 567146 550164 476083 993395 932634 1059078 365144 872644 182711 51879 672590 1 860329 1160446 727873 879965 271953 370358 1107440 650099 513872 703737 893992 1057279 191215 740242 867618 873004 479739 609060 873449 913610 447240 743941 437321 416657 57684 845620 958996 559045 201325 745016 480639 740497
 919400 937506 726020 1005369 684607 458684 931615 39911 331245 624568 709736 405715 447485 659024 509639 545179 195211 590392 868493 877508 857839 558629 212652 414402 508143 402038 956494 636119 727707 538457 668142 792054 944336 455873 188328 875823 1188756 474797 621434 955935 680521 380580 540966 749564 422682 570234 308698 795454 428936 764585 1026615 502128 547845 1084740 702185 873463 284630 860329 1 856351 134191 488162 675424 576909 802525 861394 927497 631677 748350 770979 672906 1125124 364386 1265469 405467 807779 814314 291353 726704 276745 610782 620536 839803 59643 253302 886952 918431 973442 958727 132055
 725358 113231 617389 420037 403200 399600 592262 816785 702316 1053489 193148 912590 409199 312085 901667 637418 703843 803237 820588 595849 437518 972332 676433 741379 352473 454487 351986 913152 1005388 469970 686467 646989 831760 608719 787979 994999 856329 945129 745131 795333 748549 612421 871667 332127 970581 580164 806873 654416 786302 167619 463952 386535 837241 597710 991339 1132004 680576 1160446 856351 1 874941 382290 891308 810949 58721 597263 783532 456989 272205 106271 1069666 781898 495558 844387 814137 603169 325067 567445 724832 627614 726041 746104 1185686 797944 624961 706563 1052030 600194 843549 905882
 830838 943544 645056 965674 641783 477793 861973 147051 247500 490850 750928 273936 478384 637644 381968 461151 297126 477653 765158 804663 807980 426871 198541 311589 543939 428945 923995 511831 599248 494574 575087 708381 843921 384699 100360 754584 1102531 342493 518171 860613 578375 320774 417642 716955 288532 497267 192696 710817 316126 761377 981814 556538 429100 1024762 573788 742611 222561 727873 134191 874941 1 493508 554958 462678 818076 787640 831956 581216 726649 780429 539521 1043189 382610 1187524 287180 731132 781650 340445 629481 251188 510318 517102 706182 139320 331099 799129 794537 905106 857783 33556
 620749 451912 437070 549848 269995 54392 559285 450034 332803 723905 290571 551097 95837 194486 565216 348412 371608 508542 649423 523782 435245 638805 295462 392993 121963 105562 490905 614155 718068 188471 452434 497156 696680 277088 405727 768493 850616 594631 474646 681829 505058 250006 548541 297635 607017 312541 434305 503851 439664 276561 579867 195161 521505 669928 698396 863984 301824 879965 488162 382290 493508 1 611412 509761 324860 513559 658869 258038 276331 287187 750575 776015 125748 892713 459783 480906 356596 220546 511257 245363 454508 475013 891700 428567 295013 590542 825543 592085 711487 524980
 386952 894123 307676 718784 492628 647242 502572 667843 374960 222997 884071 300708 682053 580015 185190 265551 748173 105161 261453 445116 557061 189664 536087 277080 730875 649206 718057 58275 114170 439325 213579 325901 342576 339486 489220 200402 634163 251267 146296 379681 154833 397872 138826 576680 326752 315097 366736 322111 249406 725040 709093 795275 127850 677050 103003 252576 438141 271953 675424 891308 554958 611412 1 109797 837425 428730 354367 434379 628373 787267 209605 597693 610372 744892 269963 377036 616455 668077 204966 502350 165804 145380 294439 646503 722658 365986 245588 541956 352610 577052
