NAME : domp40p13v8
COMMENT : Cherkesly, Contardo & Gruson 2022
TYPE : DOMP
DIMENSION : 40
DISPLAY_DATA_TYPE : NO_DISPLAY
OPEN_FACILITIES : 13
COST_SECTION
 1 280345 478742 394676 535360 48715 426797 127704 341790 261374 640583 75945 184770 376070 490399 244296 453922 357539 242896 201972 322890 389828 417705 378864 544913 540232 537322 232307 547316 217864 519234 164916 551950 272993 333703 386084 260432 486663 305765 237855
 280345 1 199239 644843 689715 308823 404433 362567 599062 213699 770867 205512 180265 436091 761275 303157 567970 528713 332845 79146 595502 515397 148857 534335 705727 810627 817370 49607 299862 365373 244529 203624 472853 417353 154101 271705 539362 543973 392442 57581
 478742 199239 1 826836 824912 504140 514044 559549 785036 365880 921088 403217 347703 580959 959906 445870 691746 705432 480718 278384 794540 650069 80632 680845 871184 1000820 1014622 248611 214786 547487 101485 390306 488820 571596 253785 320786 735977 675228 553527 243270
 394676 644843 826836 1 299885 350447 791402 423660 57325 652946 849261 452947 479305 706997 408163 406359 339442 591276 371650 575657 328343 305628 751861 250537 732645 194565 288909 604163 934312 541192 889012 557449 656588 289510 726799 599745 199514 796526 638354 590282
 535360 689715 824912 299885 1 487496 961955 621722 333040 783728 1110238 557639 510687 905339 707448 387357 138334 833350 356896 645171 609633 175681 744283 160005 997169 450825 577501 665769 987832 738465 910793 690628 482471 277743 816935 522867 464152 1010159 833972 632728
 48715 308823 504140 350447 487496 1 475100 156273 299074 309210 673622 105281 184908 421135 481671 217427 409616 388671 210035 233040 315171 345360 438447 331917 573930 503498 510880 263049 586424 259147 551612 212773 531519 229314 376363 378213 232045 530269 350274 260916
 426797 404433 514044 791402 961955 475100 1 367979 734298 201172 424125 412943 507796 121398 679018 626478 872800 309041 640578 381718 559511 809904 517972 804328 406776 887318 825001 383277 396194 254154 467062 277801 870013 693268 266849 669325 607152 168176 165211 430177
 127704 362567 559549 423660 621722 156273 367979 1 366462 258198 517365 185218 307857 287955 402132 370480 558661 232437 365842 285223 241290 494592 509713 473836 418471 528970 491706 313138 584494 119520 580869 180132 679651 381206 364223 510684 242459 388696 217317 333742
 341790 599062 785036 57325 333040 299074 734298 366462 1 598203 797609 403040 438975 649705 377547 377762 351073 536104 344566 527817 280786 308260 711711 255783 681495 219782 286109 556864 884953 483877 843585 503172 647140 270117 675055 573527 144819 739703 581031 545689
 261374 213699 365880 652946 783728 309210 201172 258198 598203 1 561260 226140 308140 223196 645876 430129 684432 342658 447276 180862 494632 623137 347040 623977 505472 781505 749862 185016 333500 195918 354071 96469 669957 508533 121241 470067 493370 330328 187741 231206
 640583 770867 921088 849261 1110238 673622 424125 517365 797609 561260 1 676687 800873 340248 532758 884676 1068058 285356 882608 717951 524028 1005046 908280 976906 117357 850799 731390 733259 820291 431819 886737 579249 1183682 895522 667322 997586 653771 256313 378829 773929
 75945 205512 403217 452947 557639 105281 412943 185218 403040 226140 676687 1 125752 383990 565282 218922 460474 400716 228701 128263 397895 398254 341782 397842 588726 608752 611896 158485 481914 245042 446824 135465 507101 282747 275644 327997 333891 498129 318048 161912
 184770 180265 347703 479305 510687 184908 507796 307857 438975 308140 800873 125752 1 497350 666578 128125 393238 526417 154229 139198 499923 337736 272828 354265 714354 656919 685028 155976 480081 369100 416051 237050 383098 237088 310616 202925 408578 611949 435295 122743
 376070 436091 580959 706997 905339 421135 121398 287955 649705 223196 340248 383990 497350 1 560660 602876 829986 187798 610452 392140 449844 765863 569221 752490 299926 785885 714120 402873 496367 168502 550891 261162 876252 649061 327286 680833 514467 114619 71381 446703
 490399 761275 959906 408163 707448 481671 679018 402132 377547 645876 532758 565282 666578 560660 1 670276 724401 377525 647126 682483 167521 674760 905273 626645 421273 334933 200999 711680 979071 455264 982691 580548 978941 604248 760963 854307 284097 597567 518021 725785
 244296 303157 445870 406359 387357 217427 626478 370480 377762 430129 884676 218922 128125 602876 670276 1 265645 601777 35860 267217 511373 212357 366006 235946 788827 596564 650464 283630 600479 457509 526119 349807 315992 126915 438712 196157 390960 716886 536311 246880
 453922 567970 691746 339442 138334 409616 872800 558661 351073 684432 1068058 460474 393238 829986 724401 265645 1 784272 240282 531556 600327 64277 611259 98328 959947 521597 628297 549120 862457 668525 780338 595920 353245 180976 703641 385225 453036 939869 759510 512264
 357539 528713 705432 591276 833350 388671 309041 232437 536104 342658 285356 400716 526417 187798 377525 601777 784272 1 598216 463692 290321 720888 675404 694736 188178 634440 544939 484575 660581 164463 695967 325689 906402 610408 463089 727536 391765 224842 165170 519135
 242896 332845 480718 371650 356896 210035 640578 365842 344566 447276 882608 228701 154229 610452 647126 35860 240282 598216 1 291474 491049 183526 401078 202772 783948 562708 620065 310068 631566 459679 559631 362835 333491 91268 463689 229013 365461 723675 542428 275840
 201972 79146 278384 575657 645171 233040 381718 285223 527817 180862 717951 128263 139198 392140 682483 267217 531556 463692 291474 1 516488 474556 224491 486532 645413 736354 739286 30339 359723 299234 318615 139563 489281 368156 172250 290226 461853 504474 339979 56086
 322890 595502 794540 328343 609633 315171 559511 241290 280786 494632 524028 397895 499923 449844 167521 511373 600327 290321 491049 516488 1 544413 738449 502292 406774 344133 265521 545983 824904 315012 821316 421409 824516 459262 604961 690532 147820 513241 394305 558749
 389828 515397 650069 305628 175681 345360 809904 494592 308260 623137 1005046 398254 337736 765863 674760 212357 64277 720888 183526 474556 544413 1 569451 55551 897606 495567 591684 493589 812654 604249 735177 533557 358289 117079 646801 355405 398275 875623 695328 458798
 417705 148857 80632 751861 744283 438447 517972 509713 711711 347040 908280 341782 272828 569221 905273 366006 611259 675404 401078 224491 738449 569451 1 600553 849155 929038 949104 197221 277177 513047 174077 351720 422621 492153 251124 244232 670314 671097 532774 179932
 378864 534335 680845 250537 160005 331917 804328 473836 255783 623977 976906 397842 354265 752490 626645 235946 98328 694736 202772 486532 502292 55551 600553 1 867220 440019 537501 508045 833774 587598 762043 531367 413045 118388 657839 397713 354845 859831 681336 476935
 544913 705727 871184 732645 997169 573930 406776 418471 681495 505472 117357 588726 714354 299926 421273 788827 959947 188178 783948 645413 406774 897606 849155 867220 1 734506 617766 664127 795997 348562 848859 505965 1094568 790559 620353 914927 538190 253729 317732 701369
 540232 810627 1000820 194565 450825 503498 887318 528970 219782 781505 850799 608752 656919 785885 334933 596564 521597 634440 562708 736354 344133 495567 929038 440019 734506 1 146149 766170 1087485 633740 1054595 691161 850106 483330 871667 791630 288164 856552 724158 759236
 537322 817370 1014622 288909 577501 510880 825001 491706 286109 749862 731390 611896 685028 714120 200999 650464 628297 544939 620065 739286 265521 591684 949104 537501 617766 146149 1 769623 1072976 578973 1055707 668008 932750 553566 852914 845912 278841 769762 659806 771635
 232307 49607 248611 604163 665769 263049 383277 313138 556864 185016 733259 158485 155976 402873 711680 283630 549120 484575 310068 30339 545983 493589 197221 508045 664127 766170 769623 1 332760 320453 288567 158912 486956 389894 155916 286050 492169 513528 354470 47060
 547316 299862 214786 934312 987832 586424 396194 584494 884953 333500 820291 481914 480081 496367 979071 600479 862457 660581 631566 359723 824904 812654 277177 833774 795997 1087485 1072976 332760 1 528164 116962 405320 699360 717147 220372 518266 804025 564100 495642 357440
 217864 365373 547487 541192 738465 259147 254154 119520 483877 195918 431819 245042 369100 168502 455264 457509 668525 164463 459679 299234 315012 604249 513047 587598 348562 633740 578973 320453 528164 1 547615 161813 751873 488459 316281 567404 353267 272238 97830 354688
 519234 244529 101485 889012 910793 551612 467062 580869 843585 354071 886737 446824 416051 550891 982691 526119 780338 695967 559631 318615 821316 735177 174077 762043 848859 1054595 1055707 288567 116962 547615 1 402461 590232 648938 232985 418256 779660 633865 535552 298864
 164916 203624 390306 557449 690628 212773 277801 180132 503172 96469 579249 135465 237050 261162 580548 349807 595920 325689 362835 139563 421409 533557 351720 531367 505965 691161 668008 158912 405320 161813 402461 1 615255 417623 184999 421502 403808 375547 203102 195624
 551950 472853 488820 656588 482471 531519 870013 679651 647140 669957 1183682 507101 383098 876252 978941 315992 353245 906402 333491 489281 824516 358289 422621 413045 1094568 850106 932750 486956 699360 751873 590232 615255 1 380614 626201 201462 695477 990301 816897 439943
 272993 417353 571596 289510 277743 229314 693268 381206 270117 508533 895522 282747 237088 649061 604248 126915 180976 610408 91268 368156 459262 117079 492153 118388 790559 483330 553566 389894 717147 488459 648938 417623 380614 1 539479 311932 320404 759269 578681 359817
 333703 154101 253785 726799 816935 376363 266849 364223 675055 121241 667322 275644 310616 327286 760963 438712 703641 463089 463689 172250 604961 646801 251124 657839 620353 871667 852914 155916 220372 316281 232985 184999 626201 539479 1 425471 586076 422803 304200 198636
 386084 271705 320786 599745 522867 378213 669325 510684 573527 470067 997586 327997 202925 680833 854307 196157 385225 727536 229013 290226 690532 355405 244232 397713 914927 791630 845912 286050 518266 567404 418256 421502 201462 311932 425471 1 581268 794044 624542 239181
 260432 539362 735977 199514 464152 232045 607152 242459 144819 493370 653771 333891 408578 514467 284097 390960 453036 391765 365461 461853 147820 398275 670314 354845 538190 288164 278841 492169 804025 353267 779660 403808 695477 320404 586076 581268 1 599254 448096 492870
 486663 543973 675228 796526 1010159 530269 168176 388696 739703 330328 256313 498129 611949 114619 597567 716886 939869 224842 723675 504474 513241 875623 671097 859831 253729 856552 769762 513528 564100 272238 633865 375547 990301 759269 422803 794044 599254 1 181373 558289
 305765 392442 553527 638354 833972 350274 165211 217317 581031 187741 378829 318048 435295 71381 518021 536311 759510 165170 542428 339979 394305 695328 532774 681336 317732 724158 659806 354470 495642 97830 535552 203102 816897 578681 304200 624542 448096 181373 1 395740
 237855 57581 243270 590282 632728 260916 430177 333742 545689 231206 773929 161912 122743 446703 725785 246880 512264 519135 275840 56086 558749 458798 179932 476935 701369 759236 771635 47060 357440 354688 298864 195624 439943 359817 198636 239181 492870 558289 395740 1
LAMBDA_SECTION
1 694
2 225
3 838
4 373
5 44
6 579
7 243
8 76
9 784
10 446
11 610
12 556
13 701
14 98
15 263
16 844
17 936
18 110
19 920
20 576
21 715
22 231
23 770
24 722
25 455
26 686
27 467
28 737
29 891
30 532
31 784
32 981
33 240
34 155
35 34
36 386
37 134
38 200
39 640
40 155
