NAME : domp200p66v5
COMMENT : Cherkesly, Contardo & Gruson 2022
TYPE : DOMP
DIMENSION : 200
DISPLAY_DATA_TYPE : NO_DISPLAY
OPEN_FACILITIES : 66
COST_SECTION
 1 764963 511172 706307 730733 537293 272699 56187 745521 807942 726840 111155 305650 119296 514974 123045 232364 462369 451990 512434 55917 654425 668942 725868 590483 543420 538539 562725 395824 706466 517893 677389 179297 829026 748582 575343 293671 255413 231596 373329 224626 483465 645984 729215 162179 433572 961769 418315 90102 628408 104822 775129 270309 736984 359694 236030 45271 597655 574202 366656 417279 712288 499359 599670 648786 335740 618757 246294 260745 330883 252447 610451 734041 395768 650435 377737 662321 299636 193019 513982 220755 633452 556467 198874 42176 543014 451033 82363 596701 600096 618740 328481 834411 854150 274610 495579 557941 634584 434638 650861 646026 453438 359210 493922 417134 123229 639931 383903 501044 654968 398165 651945 382904 775716 354618 565663 359627 752967 266316 236992 363997 530796 738676 266387 672689 243594 361676 728430 272006 410502 418232 699805 172378 118674 325522 736379 721584 39421 671774 656451 850881 758065 192768 301958 266228 134895 807542 164684 519478 274272 537327 425952 842333 604243 830860 258349 524594 563533 670516 253123 252778 546269 473072 578112 511391 392181 600309 339532 526428 100747 492401 774977 420789 149470 339960 374958 471791 565010 516930 262639 247877 218608 736600 736323 284837 679379 316741 224797 693508 127510 322001 113945 436809 723443 515529 242207 673384 24660 685237 283846
 764963 1 262739 244524 382541 745436 1037662 818664 371309 291371 140908 682356 464416 785353 297075 881759 995723 478049 704370 314066 820213 614973 242590 444184 564000 412247 259089 421981 488192 200772 695595 222992 936737 335281 177114 765252 623073 1014956 537390 541958 592107 496229 324793 635057 836412 842375 323520 851511 674870 491172 685081 268096 994167 428093 423610 989012 789032 808009 584357 1095226 669866 191876 612733 936839 245029 763397 866402 1011251 562147 754213 704784 966245 359992 628124 778187 586482 281775 893839 605185 276257 656873 753613 874916 927758 779763 504964 359882 688867 392061 949235 633601 440121 105983 334744 1039520 298951 591494 675195 401640 118092 471043 405020 417331 272424 763873 681387 286462 390776 353696 112331 1131506 263428 623000 597080 447575 914174 680640 142216 561076 805692 667403 263636 457524 1030925 606702 943611 474577 615391 511581 877010 698604 343223 879449 659881 702981 141145 531715 728884 493070 602950 342501 59192 848400 464909 884465 653453 317848 927140 395718 1016069 744584 682096 163322 619855 189851 790600 737974 648468 224756 987178 1002712 439729 347991 795920 463136 372873 449039 922094 552625 773683 856518 363499 891912 687777 985289 771095 709011 223533 452347 774090 986875 916780 624287 429395 505669 229858 521229 954696 106159 881170 614906 736210 655380 425228 724597 997192 349216 767123 325725 499748
 511172 262739 1 234085 434760 532579 782817 562985 436049 340309 278822 440238 205945 523349 75779 624123 738829 355679 474674 207437 565275 459834 291099 367220 391138 230862 53549 361933 328488 215878 578689 284353 678201 375214 317451 559949 366222 756370 280050 295433 369238 385466 335931 617422 573853 599304 470163 605494 421572 458299 441770 304238 756130 470396 211035 729169 539585 602723 508312 857671 434342 294904 401743 714109 178843 511114 657969 756332 347551 501633 499688 741724 318903 472473 592345 424623 214375 682248 343110 38840 394911 566701 651146 666108 522166 318209 109927 439775 357376 724918 568149 203911 323287 393536 784233 53709 507008 501696 248783 164850 340748 170295 197447 78897 523546 420274 197123 129275 246427 150465 892863 292231 462648 610670 185916 687442 509165 303131 348790 544382 421556 46802 383870 774899 570704 680930 290945 602426 283233 628123 462053 387366 617289 401105 519242 287828 426409 477218 482678 560472 394443 247674 585664 209382 666423 412448 351330 670223 199214 773123 531832 447926 334390 550819 328351 530651 522701 454629 279369 746117 742310 367957 210913 587267 263488 131254 408139 715663 459010 533662 622166 350055 643295 425316 767142 596041 483513 58667 362113 514695 744352 654154 612704 470942 243076 291025 261612 714081 223193 632516 361706 498954 424860 460637 508408 737645 374071 510852 364786 237675
 706307 244524 234085 1 586167 534837 968684 752327 580127 106998 359658 653728 409486 689091 195673 806458 920430 580126 512030 416997 756238 378755 432153 199727 337832 212848 185352 565078 560264 44045 806185 416582 856219 141425 402689 548188 484382 932368 479556 388392 596965 607612 503260 811440 730775 661006 256219 674614 621152 654381 654029 71327 966517 629211 444684 900985 741206 589476 722913 1067137 486881 402276 408349 728345 58653 602939 648350 942549 578399 594937 730671 758689 117650 705375 549315 657802 54246 909420 518364 209986 539345 525971 669107 829740 707922 292689 255624 645256 549184 741898 780410 431712 214221 159616 969039 221149 724387 443849 476975 253904 233747 261633 430425 303422 581882 597137 73260 333553 460219 204565 1100852 444995 695945 789539 351839 710094 743222 371807 580175 674681 500150 193719 213374 958063 771598 831264 524792 793974 511208 704385 515051 540541 778027 588685 753045 364234 287550 677404 669422 763784 160362 187667 734443 418822 891169 627900 117547 853368 214176 978158 533939 496526 176014 763976 146439 652733 529706 429060 414931 953656 911287 576107 432327 580150 267338 360942 605558 944260 678107 746476 662650 131703 718236 590843 990754 830062 511832 178251 576799 634539 950331 806907 803855 630207 421542 424403 403524 922612 300421 832863 467022 715040 467228 622864 517749 910491 537074 700549 519178 422724
 730733 382541 434760 586167 1 956540 977318 785813 20486 661814 241677 621414 523251 805091 509654 852243 950364 276910 888385 255041 783401 893594 154310 772597 825835 664750 477545 171935 337251 545070 406317 169663 907361 705995 208429 987032 740956 978898 567973 701255 507079 267077 101753 262430 861800 989919 704068 990255 654492 158607 627166 632440 874186 45637 397613 964760 733056 1028991 271596 964676 844099 191288 830175 1126282 556705 886934 1081599 953555 470467 877323 551458 1151523 701363 410441 1025043 392698 600371 720466 653787 472709 736014 999423 1064058 927410 762876 752931 534576 649328 134400 1135339 298148 447421 484317 710245 981350 487888 286863 936367 303268 332339 766683 598862 407614 366845 922368 705327 593098 493373 243281 381639 1001404 145077 414255 215267 567134 1096496 473344 243444 465237 875935 817842 474581 788441 977516 249005 964120 369498 241734 468534 1005428 869133 47568 891446 669891 510785 241665 846616 691569 135084 251225 716752 435422 884966 511486 726279 595917 685537 888447 633885 909406 955870 858438 545674 290718 571705 874078 945537 887205 171259 877209 982239 191903 282907 1012197 697840 429944 149829 734599 272593 688691 1024763 717445 1020458 729111 815334 550132 900515 452389 221746 862938 881656 936869 249388 47001 585258 161851 639553 846727 290443 809428 747869 650073 840125 45339 931101 969821 64258 744672 70185 572224
 537293 745436 532579 534837 956540 1 690247 545129 960922 582666 806309 578517 461914 435863 466136 557517 638477 786337 87619 705225 553117 207508 821777 398849 204548 333523 504808 842922 725513 568023 954122 816383 578999 573108 847247 38675 268396 630440 459884 260910 621274 818485 854903 1087107 434426 178250 741291 200700 508103 938692 573378 568759 782822 986499 596471 593732 582165 73921 945265 861214 130932 827071 133229 193569 507809 214270 125498 670679 634909 215414 735484 223858 468144 819843 113706 778949 482494 835461 401448 499341 327557 100328 134962 517728 506655 243297 424929 541450 854220 207062 1004306 545371 746233 600228 687053 479495 935945 144166 691562 685308 318131 362325 580424 590953 132615 427040 469585 466728 729230 651531 883083 820052 805681 1101713 396036 176402 816532 828619 641061 334976 180389 504109 400118 672988 1032139 483227 672026 1077149 578376 234071 120690 910481 474362 455545 798339 814642 330372 539003 973365 1018150 591254 700739 414812 478129 802918 573015 563681 593147 350769 768621 912 118250 710303 986527 677746 304530 13218 110892 811143 759793 593449 839430 686481 55810 282513 534065 891986 875681 889503 632077 146687 500683 241711 393294 874959 869074 68368 539240 820753 291450 750436 472263 1087282 986738 404527 822823 336450 739798 746202 638993 245598 627125 123276 975073 26436 604053 892995 515418 888463 418844
 272699 1037662 782817 968684 977318 690247 1 219840 993872 1066845 996257 365720 576891 287041 781817 162284 52577 701083 619031 777184 217679 853850 932207 962973 801567 789268 807741 805640 640744 972421 688725 942172 117322 1084049 1015845 723321 511415 65013 502768 606058 475858 715731 900798 927661 263143 533832 1224902 511693 362795 855959 361340 1035538 172496 976952 628098 99187 252614 731240 780073 194245 599312 978814 698108 676646 912430 477599 731214 26486 512397 478202 438588 674978 983689 595662 800582 594913 921790 346356 450486 783651 441865 790427 655814 172541 261964 769431 716059 350724 843312 670975 811916 600235 1106075 1110250 6531 764364 761937 816497 694067 923382 877481 709492 629219 766447 557638 371550 899553 654559 760872 927567 204012 913673 586097 985985 618168 647341 541552 1022175 516685 357394 551258 800229 973895 18732 874992 214549 616549 931541 538553 487170 588416 951475 218056 383198 500560 1005702 942576 309333 899159 859041 1105993 1030165 277075 574107 316637 394256 1063734 115430 770186 130327 690610 602661 1111715 800811 1098421 388159 679776 750872 935328 149957 105901 786670 737148 714463 749155 664862 836631 369142 741651 288716 591862 1024955 489425 380310 306084 511611 636923 835578 756652 403620 138327 219458 938123 976072 549421 943526 567624 163125 965072 168018 537408 327676 623414 963578 675485 89743 924451 272045 939205 550656
 56187 818664 562985 752327 785813 545129 219840 1 800796 852437 782606 164743 357054 110056 563217 66924 177305 515948 462582 568618 8351 677187 725128 761560 616553 581833 588323 617150 450091 754346 559363 733561 123118 871863 804619 582303 318464 199408 282936 405334 279010 536120 701772 777177 134575 425245 1008347 407822 144497 680804 158780 820278 242262 791307 415749 179961 63746 601016 622781 332423 431908 768385 520569 589075 695385 335777 616958 193354 315435 332394 292346 597191 774523 441781 658833 427031 706895 306798 234637 564092 244971 643557 550508 147997 45802 574043 498132 138484 651635 588111 665269 383743 886237 897473 221279 545052 606094 651864 490624 705226 679396 495952 415031 548350 419212 157944 684544 434762 557094 708163 361373 708109 429440 825797 400672 555620 401254 808763 320832 225112 379266 580741 773726 212292 721098 197565 417151 777185 328190 395672 429146 755362 130646 164171 364861 792160 751661 95502 724255 704842 893782 810387 165160 354447 271764 189969 850848 109076 559828 238102 545257 439050 892336 651309 879718 250936 532880 581804 726688 221732 196883 600325 529257 581954 546453 446252 653922 345069 576412 128538 485273 815669 404383 175425 331313 406704 482151 615831 570820 259008 214426 174829 785114 790619 331294 735561 356091 197461 748644 95360 346470 154133 453243 777770 525052 186037 728866 52299 740981 331731
 745521 371309 436049 580127 20486 960922 993872 800796 1 653397 230882 636637 532152 818052 510372 867353 966343 294293 893967 262805 798524 893641 150294 768598 826660 665110 477345 189337 353324 538506 426800 163942 922645 697650 195563 990917 749084 994621 578779 707014 522394 285556 108652 279462 874771 997799 691501 998575 668289 179092 642306 624649 892348 60495 408600 980021 748682 1033063 292077 983283 849985 181499 833639 1132404 552451 895586 1086163 969965 485698 885952 569587 1157936 696005 429767 1027564 411173 596080 739686 664552 473587 745959 1001926 1070018 941656 777136 754192 537717 663876 150563 1141665 318198 457685 471842 701172 997841 489474 307346 937699 315765 326832 765031 601834 417968 370261 929432 717566 589527 499595 254101 375938 1020053 144191 433348 229086 573583 1102919 492681 230779 480588 887024 824816 474723 784304 993838 268053 977653 383934 258668 481571 1014306 875337 51013 905079 682501 529874 230166 843943 706276 154969 270703 707900 425294 897559 520825 745139 610832 677535 904014 634793 927259 960240 864285 534030 310965 560944 884561 950075 889710 166314 895091 997408 209802 292577 1016484 699491 437279 169440 754157 292755 705171 1031706 711025 1029380 740733 834648 570004 905749 451075 239457 873123 899407 950332 265993 62043 593910 156140 646853 864479 282243 825909 755298 666410 845434 63273 935641 985210 73820 759065 72492 581075
 807942 291371 340309 106998 661814 582666 1066845 852437 653397 1 424613 758953 514702 784203 301773 904591 1017721 681021 574221 515079 856687 400791 510560 196875 378414 289380 292299 658646 664403 129550 907568 493202 952961 44300 465113 589575 572055 1028124 583609 474301 703899 707452 586757 898798 823167 725830 165143 741601 724159 744259 759060 36082 1070463 706328 551223 995816 843990 628207 819060 1170714 555536 472099 466267 773309 165210 679374 686142 1040914 685384 672065 837663 803892 115114 809976 576862 762660 145630 1016215 617840 316981 631803 555899 717441 922911 807533 351472 359258 749188 639300 787574 875250 538703 221310 53810 1066924 327890 821638 471426 579886 335548 265127 357354 537152 407180 648217 695868 168017 439624 558709 287652 1204043 526294 800862 871256 453503 758958 849053 431352 687138 760695 576323 300677 203803 1055572 862003 920751 630371 880537 618180 773017 582442 618211 870907 689683 859531 427227 287204 780206 755732 855199 57018 232683 824621 524578 997701 733487 28141 951415 300277 1080922 581754 563373 159626 859281 120776 736857 579686 472463 492662 1057024 1005283 671212 533424 621893 340591 467905 696589 1051168 776321 851346 719812 91383 786078 687188 1097082 936313 570809 283429 674153 718421 1053368 897326 890164 707460 523266 500902 499421 1026257 371384 935018 552095 820519 533609 701340 569289 1005537 618115 801072 597981 525409
 726840 140908 278822 359658 241677 806309 996257 782606 230882 424613 1 631594 447839 768142 340208 848501 959001 370189 752524 226006 782744 704403 107815 555689 644504 483706 301538 297303 395667 316340 574940 87943 904720 468909 43706 831169 640280 981957 514144 574145 528543 382529 189718 495572 822718 877811 463583 883460 638688 356249 635517 397473 931116 287203 368161 959882 743727 874235 455661 1030140 712899 51335 673638 991313 341903 787161 930932 970350 494504 777574 623473 1019343 477236 524452 855425 487746 384248 811158 592839 308123 659106 830041 928406 906335 748514 577322 388633 646135 262640 1002464 501176 399803 244183 471182 998926 329289 464720 757427 316479 122080 566162 446606 367637 247053 802347 662420 382152 387238 256078 164192 1067062 131053 521651 456200 456615 965344 581900 26369 491932 808799 700022 302258 570518 991902 469656 930385 395629 475675 457889 905173 740747 202667 861651 634657 609493 9680 637535 688442 354656 466946 478224 194528 839308 443157 806517 602695 449613 891516 459125 957975 805523 726364 304175 488514 330140 798636 797152 719917 91626 927442 975220 317204 265654 859906 527651 346327 317513 835430 429973 717616 900877 487785 920394 675885 905373 670957 760548 267700 334828 783877 928774 902861 484396 288499 500878 93582 534176 895048 62409 832639 638290 678531 702664 284356 783054 967062 210319 733421 185986 491534
 111155 682356 440238 653728 621414 578517 365720 164743 636637 758953 631594 1 244282 212619 458231 230862 332295 351399 490932 411467 162025 663320 566750 702764 593501 516878 475449 452417 285350 647653 417903 576490 286010 784803 650260 617192 314110 358952 177737 370888 114363 372311 538976 620510 264310 503712 904916 491924 71426 517262 6855 724474 315899 626565 263897 343385 113702 645333 465188 417434 450135 613134 515722 669555 595139 397502 674689 340245 150955 390671 162417 684030 697817 290447 688104 268619 615014 275031 184952 450134 251128 668285 620159 310028 148671 535681 400301 41355 487133 671997 511655 242458 759701 808232 368772 434677 449353 655414 329416 565601 630322 417845 266782 410043 472037 155471 592881 320872 396231 575682 452695 548604 277001 665387 312051 635304 261689 657338 156211 320378 398391 467237 717028 362774 563669 353681 253788 619058 173872 490088 457953 591776 281542 123110 232751 640962 712547 74055 560622 547468 806241 681827 293301 235294 248895 29054 762161 267900 488128 334226 578382 461315 774627 496626 767366 335013 565357 584046 569642 306300 360826 435606 371452 625379 494862 312589 489371 314501 416360 93499 559251 737596 502123 191053 342935 294875 510438 497290 406142 334133 305167 328007 627414 625877 246160 577918 298599 274080 603274 201107 340691 62255 465310 613028 554308 348633 565119 129301 577975 239722
 305650 464416 205945 409486 523251 461914 576891 357054 532152 514702 447839 244282 1 322871 214176 418389 532983 324437 382439 269799 359418 476066 416593 472078 401419 288550 233934 387547 264540 404667 505110 418971 472811 541156 477603 497516 218893 551033 74148 202905 204943 356573 423575 625653 376099 467871 661703 467301 216609 480526 244545 480192 557819 545499 135719 524624 335895 535754 483727 658875 336362 445536 355866 612132 350929 363708 581519 550406 200308 354110 342123 635352 457591 375193 552925 329712 371154 507172 145048 209005 216314 528856 551633 464175 316368 331800 156834 237386 405116 619795 543215 83698 529184 564241 578290 191808 474997 489638 233619 354934 409510 185211 120905 201727 404007 217724 349144 78492 281773 352760 693194 406301 361880 643962 82691 580620 388694 474125 204816 363540 301241 225984 487405 568970 570363 483914 211154 616276 131108 482205 357723 481394 417039 195659 383889 457508 496889 272737 517579 556280 562469 453493 391633 17000 485945 218920 518328 464360 256053 571640 461425 350665 537018 525353 526821 356686 449412 424040 412400 545935 538305 381439 240587 516905 280721 102183 435929 544154 428019 337023 506361 496484 497258 228271 583922 462314 397905 259394 360694 343727 543291 456567 626327 545435 62345 423172 125697 514444 404486 428703 229270 305837 338900 532923 435482 532868 459244 304908 461536 48977
 119296 785353 523349 689091 805091 435863 287041 110056 818052 784203 768142 212619 322871 1 509635 129889 235815 549029 354497 569066 118266 576019 724604 675980 519061 503061 539704 643440 480226 696683 629872 730219 170338 799454 795176 472774 224789 243961 253999 319045 314204 573715 713628 830488 56720 317265 944717 300893 155301 718055 205767 754008 347940 816628 414125 211900 158119 490995 675110 432006 326154 761063 419057 482481 634485 225721 507235 262343 346884 222401 367870 492243 697706 503014 549551 479247 640254 413140 180243 517213 154917 534798 441789 143067 78930 483135 442403 172798 673546 482330 723334 371915 842319 826026 286196 496182 659870 546580 502328 677710 590818 427752 408781 524052 309186 105729 618276 394588 565926 673112 457776 710396 489490 871736 345103 448689 472528 794509 353234 118349 274500 532882 687016 273877 773314 162614 438190 827980 336560 291627 321373 769847 94208 136351 440604 777820 657976 142447 760740 757210 821371 769530 82049 325543 378618 227345 779694 173774 485370 337745 436015 332327 840764 707960 824118 141975 423761 477506 723413 325723 222524 629324 532155 471970 462151 422311 685030 452221 624461 219672 376897 738956 301652 99278 441362 493425 373890 570804 601251 149109 317092 134991 836650 816142 280710 733327 285579 304269 727034 203132 251370 231666 348515 803173 416342 221465 744503 94645 753095 285703
 514974 297075 75779 195673 509654 466136 781817 563217 510372 301773 340208 458231 214176 509635 1 620378 735178 423030 414206 281851 566562 384285 363734 298157 316292 155274 39368 436063 389146 191522 642216 355625 672244 330930 381171 491595 327836 749649 285488 244949 403510 453818 411386 691851 556129 546868 447870 555190 428080 532935 458651 266743 771861 545831 260874 720071 548123 534603 578913 872776 376631 362251 333685 651832 137024 466360 590931 755452 387356 457204 538923 680218 259559 529512 520277 481299 161766 714896 332498 37074 368726 494670 589033 652424 519898 244138 67409 450923 432748 663280 639200 239933 335408 352602 782610 30069 576623 427571 314921 219810 265904 109092 244871 152698 469103 411702 141060 137904 319442 191009 906858 366258 518679 686254 164746 626644 560806 362816 389715 514351 370772 37980 314767 772285 644293 660946 346518 677160 318495 580162 405077 462170 601812 399051 566575 348612 352512 484452 558053 633669 351681 267573 564177 223167 695984 432259 307532 667180 124458 784739 465353 389547 331262 621675 316606 497114 456945 383047 351035 759585 731786 441138 281947 519942 190637 172824 482810 750302 528216 551168 564649 294688 595117 410357 795311 644763 421242 75261 433658 480049 756626 635097 687456 546398 232438 362598 230215 728276 280605 640425 318220 519419 364456 536195 442855 729137 449445 511019 439557 231510
 123045 881759 624123 806458 852243 557517 162284 66924 867353 904591 848501 230862 418389 129889 620378 1 114936 581389 479405 635378 68844 705374 791934 803937 648943 628148 647122 683156 516068 810607 614307 800255 56346 922061 870978 593208 353993 133702 344642 446512 345224 600841 768621 837568 124507 420572 1062674 400908 209833 745192 225078 873255 227495 857189 482196 113042 122768 607491 683969 304456 453855 834871 548484 578966 750320 343654 617141 136336 381780 342106 348126 583727 822288 501290 670624 489298 759509 331846 288448 623317 282548 657480 546507 92342 102050 612299 554306 205390 717987 576315 724535 449126 946968 948176 162589 603625 666940 673990 557541 769229 719548 547246 481113 612555 427095 209373 737270 495205 624017 770717 328778 774988 489444 888063 456330 546597 457271 874702 387072 224572 403065 639739 815326 151921 781973 148448 483875 838301 394971 383674 446973 822094 96964 223094 419250 858076 787709 162412 788685 765725 944006 871787 149749 416895 296549 256633 901635 46915 608391 211163 557751 459144 950869 711092 936910 254029 545954 605720 793381 203417 130088 666069 596078 589214 589353 510164 719303 367096 638895 182116 480863 863547 390182 218618 337598 453794 498376 675738 636456 266110 193473 131387 846001 856479 387953 802306 405487 187327 813636 97863 380929 213516 476815 843657 539663 119188 795557 115305 807809 389768
 232364 995723 738829 920430 950364 638477 52577 177305 966343 1017721 959001 332295 532983 235815 735178 114936 1 675643 566689 742619 176472 801274 898561 911401 749101 738675 762055 779404 613119 925185 679654 907765 65502 1034232 980071 671840 459682 34237 459081 554813 445034 692203 870727 914013 210578 484019 1176599 462136 321763 834443 327332 986755 194431 952164 591332 54152 218679 680497 763780 236148 546750 943465 645547 629770 864578 425467 681794 33212 481807 425936 421852 629270 933239 579067 749190 574279 872949 352682 402982 738250 390731 738720 606948 121212 216672 717475 668969 313018 816011 624623 798875 560813 1061791 1060582 50732 718554 745975 764082 661708 882515 825650 660435 591381 725651 505904 323781 850776 610017 728516 884960 250428 880737 568629 969619 570961 599841 528058 985083 486517 305083 498691 754674 922191 38066 860135 167116 585595 916762 502627 438557 535969 922677 165573 337942 487684 968520 890259 270560 877862 844028 1056169 986461 224729 531098 320327 360050 1014124 68634 720197 158511 638829 550144 1065776 786895 1051649 335853 627899 698340 900899 169371 67148 761137 702855 663514 697917 623509 812521 379992 722778 263481 542560 974501 441486 330601 326095 506725 584657 790641 731194 351185 157132 169267 923768 951352 502786 909449 518304 172843 925812 145128 485472 300975 570841 938704 623439 47419 895817 228602 909528 504697
 462369 478049 355679 580126 276910 786337 701083 515948 294293 681021 370189 351399 324437 549029 423030 581389 675643 1 706372 169134 512787 780432 272203 721043 706146 563114 409225 104997 69124 551481 226599 289060 635470 720410 369259 821766 535431 705022 341336 526519 238094 32581 213453 301949 604936 778985 780657 774662 394160 169322 357593 645619 598936 276546 190885 692824 460192 860187 161582 691601 660241 331638 676517 931535 530072 670331 905564 677634 203036 661231 276497 953092 674162 154447 875152 122247 568667 454141 422718 390791 510394 850609 872463 661067 497634 632163 411142 383394 144704 938161 222254 241019 580182 734759 705238 393409 155882 804679 108239 370363 683628 469297 207792 278847 722136 457494 552448 334653 126148 407615 728556 248693 152687 328173 395263 899044 213754 390513 196999 635085 622295 402241 737676 701789 246089 702196 118429 293847 223514 783752 680542 255916 629372 419546 245444 377349 772171 424068 211732 231859 737579 506789 630829 308361 455807 328190 696774 615361 528013 633187 785843 674456 622485 204295 633126 639060 773848 742827 283361 601065 710684 85596 147808 841336 576145 268246 137978 473587 107218 412847 823171 703707 798051 486520 549624 301357 722169 404226 55590 631092 605222 675633 303671 275752 383375 286670 450062 570299 373872 533447 550146 374710 663331 263072 759906 697309 228836 478708 247875 368997
 451990 704370 474674 512030 888385 87619 619031 462582 893967 574221 752524 490932 382439 354497 414206 479405 566689 706372 1 634695 470417 243442 759059 406187 211966 300875 453551 767477 644052 540314 868861 755191 505090 571331 791998 126285 181442 561585 375148 187191 534825 738240 786645 1007991 358570 151826 737555 169002 420605 862090 485818 555415 702408 916319 517971 524873 497065 157621 863946 783849 46136 769192 108821 239773 476842 142517 199197 598134 549435 140982 647939 267060 463279 734369 198787 694193 458030 749200 314238 444513 240069 181518 176871 447499 422761 222876 364932 454009 781058 250282 922451 466135 716816 599125 616295 423245 854058 197741 614665 633679 318787 306064 502494 526378 77352 339929 442039 395334 655950 604153 807218 755504 720161 1025467 322398 212829 729778 775983 555668 261639 92803 451624 410987 602407 952456 418830 590660 998715 494655 201839 33763 843149 401228 368000 711093 761259 353606 452375 897972 938174 591125 664282 341966 398163 716952 485427 558635 517308 310110 690390 87465 32069 687715 904767 658045 230879 74436 136342 749612 679954 526435 762803 613300 137852 246434 461043 816347 789471 808186 545637 152489 499867 213756 306537 790822 781555 19817 489162 742923 215691 671013 404670 1008765 916469 323115 761258 256863 658727 694243 557236 159856 539920 49860 904509 63807 535317 824373 430634 821516 337498
 512434 314066 207437 416997 255041 705225 777184 568618 262805 515079 226006 411467 269799 569066 281851 635378 742619 169134 634695 1 567863 661156 156703 573011 589678 434025 259154 154511 174655 385703 394726 165147 691695 555571 239636 737001 486283 767528 321035 447524 304420 193103 154161 410059 625391 735071 611539 735771 427590 251085 415944 480149 705525 281651 155172 748111 524883 778350 306250 804262 590006 202013 582005 871778 370533 632866 829652 751689 269532 623223 398477 896770 517695 314570 779545 272417 411420 586988 406064 245839 484938 754094 809744 700817 538433 515249 290729 430326 152781 880653 364644 199213 413573 568599 780228 254926 307391 696572 90864 202332 547738 354664 160685 129154 667346 465253 397455 239375 43719 238482 841212 141340 309049 406565 312643 841746 366621 250445 266630 628777 562850 253525 589616 774038 363462 731194 169627 395318 240429 751686 614646 211883 659864 432769 390029 234799 633819 473248 277467 353567 571944 338783 645846 259167 581175 383044 532195 676406 400387 733195 704589 604386 453764 347830 463992 624531 693857 642399 158283 702392 764373 161560 40234 761021 458811 174923 200970 612781 261359 494355 769763 544224 766785 485175 680593 457051 647412 246555 159823 612405 704061 703582 405618 281823 331271 166951 384514 670086 213969 611448 492837 455005 586965 269976 679445 754563 190784 521881 191756 318610
 55917 820213 565275 756238 783401 553117 217679 8351 798524 856687 782744 162025 359418 118266 566562 68844 176472 512787 470417 567863 1 684267 724259 767257 623319 587090 591260 614367 447280 757821 553330 732898 124446 876439 804359 590334 325178 199714 285271 411365 276387 532584 699989 772251 142713 433593 1012163 416171 145502 677132 156236 824388 235102 788439 415474 181646 57610 609180 618036 326061 439500 767993 527730 597420 699156 343979 625249 191210 312936 340551 286312 605510 779499 436576 666817 422550 711105 298502 239076 566928 251626 651461 558847 152997 51705 580274 501734 137537 649145 596445 660066 384344 888560 901960 219352 548066 601256 659354 489148 706426 685379 500493 415110 549504 427381 163126 688741 437334 555719 709935 355386 707044 424346 821381 404462 563967 395338 808865 318234 233461 386788 583629 779513 210786 716286 203609 415125 772442 327463 403987 436951 753334 137635 167686 358656 792281 758048 94650 720604 700029 898349 812521 173234 356433 263453 187881 855332 108811 564770 231883 553240 446738 895252 646221 882956 259257 540845 589208 726026 214881 198889 597358 528380 590099 552175 447583 650736 336742 572033 121806 493617 820617 412670 181705 323098 399618 490004 618461 567781 267267 207803 181340 780312 787736 334944 734812 361075 190151 749355 88081 353243 148611 460727 774905 532958 187334 726774 55690 739143 335054
 654425 614973 459834 378755 893594 207508 853850 677187 893641 400791 704403 663320 476066 576019 384285 705374 801274 780432 243442 661156 684267 1 745232 205577 74850 229011 416298 812635 730841 419038 979476 735305 737650 383109 747779 201017 360762 799165 505474 292973 671538 812858 795670 1067585 590784 380980 549894 402065 600324 910468 659795 394588 919365 930114 593418 762707 699210 234111 941719 1007598 254934 735732 156974 382635 370214 384047 289642 831529 673989 381084 802579 412827 286763 851122 176150 805128 333939 936585 478898 421348 434003 156089 333610 684804 633379 148277 372569 633695 813768 397471 1002526 550000 592107 408734 851641 408020 936177 71984 674799 583348 145064 311479 575813 533619 318156 532269 328663 446157 694700 540651 1033794 749467 837897 1067679 394463 374356 863087 722812 679057 498972 302910 419028 202776 838042 1016927 660227 679510 1054296 606723 435905 269373 846052 636153 549239 854288 711335 125321 644526 938616 1004903 398917 562254 578158 492916 907602 649318 377988 746829 261225 913124 206673 253094 545390 984594 509203 468696 210148 107243 731319 898812 765683 814651 653875 232043 204563 512250 860829 976610 887611 736271 354194 312108 445273 505289 992150 931101 229569 443956 802441 451913 891083 644415 1064627 930682 435890 742633 370459 874296 642011 772331 332432 721049 230518 920456 205446 773179 833721 636760 823428 447906
 668942 242590 291099 432153 154310 821777 932207 725128 150294 510560 107815 566750 416593 724604 363734 791934 898561 272203 759059 156703 724259 745232 1 618562 679443 517412 329270 191057 307717 391469 468693 19943 848231 554525 97344 850235 626039 923841 474022 573812 457302 280692 82490 393393 780705 871899 565834 874748 584289 249271 571439 480191 853370 197083 311551 904729 680388 892821 347908 950321 716406 60954 692191 998697 402531 774007 947274 906911 421400 764323 537676 1025264 547079 426303 883354 393110 446190 722299 557763 327455 632866 857715 935885 857363 695133 607856 396853 586741 155083 1008705 393570 353091 348163 560207 935401 344808 357201 791212 238864 178250 615114 460017 315841 232892 800228 620128 439308 370893 172715 227591 987393 24096 424885 360801 444658 970437 485895 122513 417805 779525 695808 327205 634341 929522 364141 886995 318096 374076 396968 893175 742864 108414 815974 588499 516253 112438 693663 629697 250768 360652 566229 289947 800383 408161 720569 538609 533527 832671 488079 883183 821057 730490 404717 380760 427074 773277 811444 745699 18123 851868 921038 211686 195881 876912 554051 315707 209706 744050 323589 647222 901552 563609 908398 638507 817423 573322 769558 301680 231635 760154 854252 859364 383241 198099 475648 14858 520885 819853 141437 765644 628843 607742 709753 191155 797057 911121 108208 678573 87488 464169
 725868 444184 367220 199727 772597 398849 962973 761560 768598 196875 555689 702764 472078 675980 298157 803937 911401 721043 406187 573011 767257 205577 618562 1 196515 185913 314253 727107 686316 243684 939876 604824 845924 177581 599189 400745 451786 916147 526602 357438 676643 751596 682899 980942 705169 556724 344956 575008 652919 821772 701113 195701 995990 813783 554195 881352 767210 437221 875495 1092105 397697 595385 298096 584590 216205 529432 494089 938305 667891 523652 814039 615068 87589 823993 381592 775842 172675 975210 533737 330593 521482 361583 531702 804734 715773 196874 324345 683010 718229 599194 935368 524296 401991 203533 961979 328009 873903 277167 613025 442744 88995 287406 537254 446003 483202 604572 179879 413177 613284 394587 1122483 628334 812495 967342 393534 573124 850420 569521 671414 627788 430366 320453 16654 949390 936232 792304 641594 964945 597163 608017 421392 725747 753085 608936 851479 560940 91576 705592 842395 926565 193951 386791 700324 486460 951200 681835 172900 849333 216292 998663 397948 402368 348665 918034 310888 600387 397852 288121 602285 978910 887976 734410 578054 432800 215113 465425 771754 1013344 825693 788986 541959 106744 619718 587031 1045320 930278 398834 328317 729323 582037 973246 771858 975111 814636 456663 612590 409994 950543 494765 852229 426632 764707 373403 806168 389222 891593 718915 713693 703631 463944
 590483 564000 391138 337832 825835 204548 801567 616553 826660 378414 644504 593501 401419 519061 316292 648943 749101 706146 211966 589678 623319 74850 679443 196515 1 162205 350260 740192 656109 374679 904629 670423 684524 368718 687446 212068 298159 749414 432488 222638 597998 738609 726932 994659 538813 360924 536842 379806 532219 838062 590235 365843 857970 861375 518726 713400 634792 252304 867536 948499 210582 673230 107561 395155 319667 343620 311044 778365 599766 339113 729960 425730 263677 776382 214195 730327 288195 867739 410091 353151 371749 189782 339090 635559 571923 74619 299829 565256 742442 409313 928321 475153 551795 395963 799762 338438 861812 112924 600887 522622 113585 237782 501133 463122 289318 467502 278938 371670 622302 482187 975902 682524 763186 996206 319676 380619 788865 664133 604769 451876 252054 352262 199889 786454 943580 615793 604702 981646 532203 413145 230944 778388 585462 482018 780631 651871 144062 578315 866961 931395 387141 514225 529036 418241 839462 578462 359141 691865 191951 853976 203637 212576 511035 910378 477017 422544 202402 94050 666146 838200 717783 741702 581130 244351 131238 438095 788600 907586 813287 669015 345667 296305 424381 442481 925959 857722 203121 379957 728944 404868 830966 597912 991975 861892 362378 677597 298073 812637 582363 711105 270085 652175 185501 851410 193104 723837 765134 573973 755785 374126
 543420 412247 230862 212848 664750 333523 789268 581833 665110 289380 483706 516878 288550 503061 155274 628148 738675 563114 300875 434025 587090 229011 517412 185913 162205 1 188149 586974 520001 239445 773117 508239 673291 298563 526340 353135 284524 746376 340773 186540 493488 595028 566659 842695 538093 448493 454262 461816 468060 684535 515273 264321 812819 701105 383668 712865 583770 396000 722766 910075 274102 511287 201726 525981 176259 391773 454239 763938 487096 384101 630546 555772 194683 651212 371801 603547 158604 789406 350498 192338 348454 346492 464802 638211 536087 93955 152338 497671 586161 538793 783529 347687 416269 325851 788772 179552 718751 274693 455481 361640 122922 103453 366147 305574 369248 423966 141408 236953 469266 323029 941263 520923 638972 840031 208365 504906 672809 504053 491046 471695 288654 190404 200430 776733 793467 632953 471659 828712 416545 491542 302379 617230 586123 425505 671140 491314 211875 521483 711310 782096 320290 367350 537545 303643 765289 495949 280454 674378 35177 817307 332661 283990 387513 765737 359282 447527 326535 237657 503993 796477 721212 590345 429563 383680 54650 296997 634607 827652 670037 603558 452749 235914 505390 409610 859533 749840 302296 217891 580189 429077 791273 610196 839036 701672 270754 515429 226680 767506 421866 670524 263299 578860 254905 691453 313499 722842 604715 532609 594609 278105
 538539 259089 53549 185352 477545 504808 807741 588323 477345 292299 301538 475449 233934 539704 39368 647122 762055 409225 453551 259154 591260 416298 329270 314253 350260 188149 1 413580 381179 172716 632013 320207 699890 325353 342858 529767 364400 777674 307276 283524 412392 438995 380842 668531 587607 585970 429788 594091 450251 509283 476384 256417 790741 514968 259995 748908 569799 572813 561525 892045 415979 324976 372105 691026 128253 504432 629399 781300 393114 495212 545416 719468 265548 524473 556758 476477 161638 725319 360846 25377 402283 531200 628253 682743 545872 279453 101446 471196 407201 702523 621230 246792 302824 344871 808775 43601 560397 462358 302241 180699 291629 148371 245344 131836 508328 439686 143819 155527 299040 151853 926658 333181 514371 659513 194989 665944 559625 323873 394840 549317 409598 8415 330891 798816 622613 693287 342239 653163 326429 618796 444409 429980 632645 424548 568227 309835 375827 506511 532318 612651 345147 232370 596832 240629 708021 448534 301539 693736 159719 805474 504018 428910 304013 603957 292891 532928 495756 419992 315889 779471 761135 420298 264240 558378 227334 175607 459134 759680 512460 568870 604012 297299 633787 440559 808184 645612 460496 36054 415158 516099 777039 667119 663408 515604 259977 327351 264511 747797 241553 662553 355818 535656 403811 505789 481711 757777 418559 536026 407360 257364
 562725 421981 361933 565078 171935 842922 805640 617150 189337 658646 297303 452417 387547 643440 436063 683156 779404 104997 767477 154511 614367 812635 191057 727107 740192 586974 413580 1 167089 530735 277731 210246 737793 700612 287062 876489 605579 808365 419260 582228 338178 98769 118072 255869 699896 853449 738897 851186 490153 97872 458384 624778 703323 174285 252879 795202 562891 916705 163189 795099 721747 251962 724832 999635 521716 746735 965469 782019 301997 737343 380612 1022879 669652 246859 923707 223272 563504 554356 503993 400259 589843 898519 938904 760698 596465 665581 440364 482297 41771 1007342 216838 305329 527535 711391 809728 408658 169522 844929 154083 328546 701955 503157 266699 283450 791477 547435 550458 377787 117935 372993 831972 167054 248505 259015 446891 968166 309233 313550 296417 722536 688716 408022 743687 806074 209125 799766 205292 241777 309376 863047 744353 152774 726895 510523 344385 302838 788270 523901 130517 199766 715652 460291 724551 373250 557971 427891 677746 718273 552881 737968 842348 736151 577611 201366 594029 723798 830980 787858 205875 705815 812884 22170 159340 898611 608968 309609 49120 571349 132681 517146 893725 694460 877735 574041 649738 391993 781789 399605 50339 714308 710082 772834 252106 173652 449473 205892 511397 675154 315875 637847 616814 478721 721712 160746 816709 799972 126113 577865 147553 435465
