NAME : domp20p5v2
COMMENT : Cherkesly, Contardo & Gruson 2022
TYPE : DOMP
DIMENSION : 20
DISPLAY_DATA_TYPE : NO_DISPLAY
OPEN_FACILITIES : 5
COST_SECTION
 1 274495 359892 592657 679827 853624 301548 123515 758608 391375 407193 690086 706684 219223 307334 600561 699124 539541 454153 55838
 274495 1 334023 318502 462880 815074 132662 389190 486420 149483 525186 448889 694811 58478 171041 570022 704139 370889 402734 246792
 359892 334023 1 515512 419479 504709 461022 384602 631437 291829 248117 470744 369302 304099 170513 250310 373507 248272 94312 388340
 592657 318502 515512 1 318209 862173 356519 703898 171970 234097 757937 246465 788990 373733 367560 669164 814188 365625 531631 564315
 679827 462880 419479 318209 1 580929 569460 755635 309369 313399 654951 90288 545607 491176 373601 447508 580412 171904 375954 677288
 853624 815074 504709 862173 580929 1 947580 843577 890064 715019 520631 671148 154935 798582 644790 254763 181639 499553 417781 888878
 301548 132662 461022 356519 569460 947580 1 425062 527789 264384 630579 540135 825626 158526 303012 701399 833529 497019 533960 254137
 123515 389190 384602 703898 755635 843577 425062 1 865735 489604 351082 777262 690695 331542 384658 599360 675805 601267 475740 174498
 758608 486420 631437 171970 309369 890064 527789 865735 1 380289 879426 219084 845092 539489 506848 736173 876591 428502 625205 733163
 391375 149483 291829 234097 313399 715019 264384 489604 380289 1 527064 303843 612770 182524 133713 487125 630031 235960 328989 377294
 407193 525186 248117 757937 654951 520631 630579 351082 879426 527064 1 714338 366104 477231 394703 311644 341771 483794 280675 458024
 690086 448889 470744 246465 90288 671148 540135 777262 219084 303843 714338 1 632176 486365 393005 529558 665783 234295 441252 680219
 706684 694811 369302 788990 545607 154935 825626 690695 845092 612770 366104 632176 1 671421 524012 125996 43153 424950 292153 744745
 219223 58478 304099 373733 491176 798582 158526 331542 539489 182524 477231 486365 671421 1 157505 548628 677482 381098 381631 196866
 307334 171041 170513 367560 373601 644790 303012 384658 506848 133713 394703 393005 524012 157505 1 399024 534376 235842 231861 311062
 600561 570022 250310 669164 447508 254763 701399 599360 736173 487125 311644 529558 125996 548628 399024 1 145208 309461 167446 634512
 699124 704139 373507 814188 580412 181639 833529 675805 876591 630031 341771 665783 43153 677482 534376 145208 1 452702 303886 739532
 539541 370889 248272 365625 171904 499553 497019 601267 428502 235960 483794 234295 424950 381098 235842 309461 452702 1 207206 546715
 454153 402734 94312 531631 375954 417781 533960 475740 625205 328989 280675 441252 292153 381631 231861 167446 303886 207206 1 481615
 55838 246792 388340 564315 677288 888878 254137 174498 733163 377294 458024 680219 744745 196866 311062 634512 739532 546715 481615 1
LAMBDA_SECTION
1 860
2 154
3 309
4 879
5 198
6 329
7 64
8 833
9 148
10 904
11 728
12 567
13 884
14 792
15 724
16 875
17 876
18 241
19 87
20 443
