NAME : domp200p50v8
COMMENT : Cherkesly, Contardo & Gruson 2022
TYPE : DOMP
DIMENSION : 200
DISPLAY_DATA_TYPE : NO_DISPLAY
OPEN_FACILITIES : 50
COST_SECTION
 1 713081 750072 272584 424057 693872 824034 240304 444767 597001 738451 653802 1009558 248141 1014867 682976 244827 680401 599194 659278 899517 724496 1079142 490286 658616 362260 546874 443806 357449 315521 306109 702924 663482 593880 648565 245872 781946 328044 548424 588375 452204 564823 298718 373887 473198 461245 734815 788412 274761 1011310 285512 746808 777880 492786 218473 503098 592560 849393 333368 755665 749609 1060512 545983 207856 643033 360093 504758 650664 356408 678419 252388 159473 662626 379644 813373 704612 609554 657021 549315 800812 587977 648921 870504 200851 529654 300885 859978 676282 571838 442776 635059 734774 390554 765375 535362 162840 596505 614614 814946 970709 328151 1076806 159785 802178 795480 808521 172807 393513 555846 244653 303032 554267 450070 397845 179987 818634 477737 126712 298346 578444 811534 225543 921721 843126 240077 846167 685363 222689 257090 713030 592277 990888 135706 485640 528173 529067 345643 718364 254234 813115 895133 832395 423335 512009 121868 120305 741008 538164 188983 670329 410135 675442 561250 232159 660975 737620 549355 252649 771688 793684 801155 1160635 925995 647314 763233 574270 324568 909647 742787 610251 577493 678192 849850 477336 621724 512210 718792 395592 243781 669162 299975 496190 306961 394980 553979 160019 421888 838629 211246 867100 647317 675501 373420 780457 760017 466717 1063670 545579 790181 230888
 713081 1 648203 457252 460984 140050 111150 692058 703014 408401 493523 639746 298029 691457 347619 265509 476531 422533 249890 70547 786027 246028 379009 411058 381858 583171 538504 315913 393930 623901 461807 620808 170008 128122 239185 694204 524022 513951 208772 606390 439749 452376 457471 412235 322283 563313 159267 179011 469507 303048 427697 675661 231659 236359 638246 232950 296015 594220 523977 526562 350939 348997 494103 752361 697227 494686 226003 225218 366796 115530 820409 583316 281984 337905 144785 491510 443876 171788 485521 669157 605105 104399 714672 850296 200667 587265 289836 565699 558113 413671 563288 133074 571134 237097 370757 595539 318539 116407 263758 257634 569835 365673 553534 368352 204152 633689 547979 456998 164037 492084 476159 637402 537252 510587 535099 234924 245740 833161 576349 639978 131162 875787 246129 603689 490174 712488 352168 659033 494838 315347 178532 283388 604100 631777 420357 362321 600082 514753 481388 649392 201422 131115 639368 211636 667544 824450 504420 412554 868038 373750 376443 48569 241447 883108 558562 241704 423947 482964 308475 686680 206535 448199 354432 151819 473106 160846 595963 214568 439989 238971 136413 49234 163666 344025 622292 210786 7357 326460 538439 44576 559582 359116 407585 337056 459732 653949 590257 235810 555035 762587 630090 39564 339909 366652 430645 319252 352601 188634 106994 617628
 750072 648203 1 555269 865738 764923 705626 917126 1060041 255610 166500 1138084 786032 922272 963825 385182 585432 992464 803449 670057 1349563 869123 944383 325116 949870 388253 208287 467387 491611 440341 756906 1149382 774281 568862 826363 922445 1113611 837996 711751 1080522 867988 237876 507125 446711 767675 974789 798286 528503 532296 766672 612944 33602 873344 666971 535333 680790 840596 1191841 424115 1104908 965364 819756 226316 928522 1170745 846144 523460 423136 545177 734109 989592 750755 870574 560892 596855 1056390 972570 476620 970168 1227411 1079411 549850 1288069 950922 529707 449291 937851 1097515 180508 836275 122679 775120 934016 449752 323270 592919 862833 671064 463750 785168 422017 891739 671999 342205 508474 1205344 622005 837485 643953 557041 772450 1082680 302305 889814 635972 498522 653246 859806 451817 184030 612640 975418 870549 1196699 569148 1276761 298315 881554 532722 343065 725048 848789 752193 1038615 287463 335231 406460 136403 714627 1218511 660859 753272 1005119 653207 810849 857689 1082121 904848 934897 274726 437040 606061 437907 981884 1084833 870332 269544 714980 937846 1236581 511424 941842 1002342 746411 202309 677527 426575 670031 1033524 801315 620601 603267 794281 795773 1109452 543735 654742 654912 786372 639044 857923 363909 591985 517522 240393 592942 329775 883979 772453 1320155 106842 645538 591703 326906 1033024 757155 818104 676144 749707 520112
 272584 457252 555269 1 344374 468661 567945 367248 507089 350505 501027 623898 747891 371583 783632 412707 32716 552075 409473 413267 859945 527595 833644 245858 517534 226074 348916 171309 86782 228147 214404 651761 447108 331867 455024 372220 672088 291616 332452 559914 357886 332646 48696 116213 305162 439655 512070 516631 28365 747324 72367 562157 569567 268784 196235 283134 421842 749374 155542 652921 583371 798471 330171 392379 642337 306836 237343 378455 90456 446732 459846 202799 483458 120744 544892 599228 501498 384835 470130 743300 558998 382143 811289 450105 263024 187179 653292 608086 378077 331555 432658 505357 388161 493055 280009 138353 435261 374182 542715 712437 190592 822777 131691 537602 523089 734681 99850 311147 314579 35329 227437 549791 265989 353687 98355 546053 250361 399064 175466 419152 544504 476807 685061 748365 33584 793163 424386 330481 48453 446533 372755 740213 210613 496518 287068 271462 227521 488708 162325 744268 628251 583822 455423 279494 277422 392077 632925 423867 452556 413429 144980 415215 288760 484161 593262 537851 308899 162412 587713 745308 528775 904396 723694 424779 518542 341298 210176 642795 609694 416602 327504 417350 607327 324236 592277 248203 463650 184604 231432 415355 304958 236152 68522 124456 324970 198838 275042 620464 217566 827991 467783 422440 129216 516897 620054 294901 801174 316493 546178 179812
 424057 460984 865738 344374 1 368795 552564 274001 242847 623329 770085 280040 738070 270063 662829 596527 327164 257796 238761 390624 516594 348969 752115 540656 241215 570413 671506 401147 380037 566886 137002 308515 328870 399638 281412 273627 358837 98102 252485 217544 31307 628443 389288 426982 139549 114040 397203 613641 372713 750115 272664 879131 410825 245165 508319 240429 208708 429229 499573 333697 341507 786428 642219 347932 305295 65232 374023 545697 322528 370116 404834 266219 275033 304847 601688 281525 185500 516204 131403 402477 216538 460608 471701 467097 382987 527616 482668 268449 700761 47390 745523 409902 110938 635479 548767 419148 201276 345159 679928 689499 534377 772829 307971 735302 632959 399418 348858 34328 311981 364048 130800 217411 601804 51483 324453 664057 247748 502349 516537 754483 590553 487512 587274 424632 351565 451748 651399 253275 387983 648069 284794 683713 289088 183720 578694 537049 570860 769985 199750 407113 661638 536605 178850 270430 318194 491976 317834 116841 501120 654166 429582 448817 472283 493805 253163 364038 597751 200656 376651 402501 637420 858308 539010 328291 773388 302356 552329 674225 320092 252480 347904 453366 536190 117162 248930 361427 463084 213309 180405 421031 138922 504578 285723 348242 625350 479306 618344 479387 213226 484412 792461 423282 274037 721457 338666 144453 791319 278094 488576 499901
 693872 140050 764923 468661 368795 1 193109 626604 602300 514649 618209 509374 370974 624534 321030 392421 479315 284683 132736 95045 646201 107912 392309 493101 245404 638107 630967 368323 427114 668845 407684 485613 40486 199495 105882 627706 383974 440905 145534 482196 342386 551119 483198 458091 242367 457894 43568 318760 487865 385062 419963 790081 112655 203453 662896 191540 174199 454614 570798 386793 211958 418389 587999 694131 570087 415571 277020 345963 383285 30853 758574 547118 144773 350308 277379 353224 314043 293941 365154 530003 480924 217632 574672 802846 258145 628919 191288 431054 654092 322518 669341 42450 479081 375826 463328 603205 193687 104240 403807 321505 617235 405519 536399 505558 344089 493882 544376 373884 157812 503720 418739 518556 610968 420258 526590 374635 220552 804642 617126 732437 260866 826765 229692 463835 498262 572797 476348 597593 513408 445254 101648 316216 570181 522761 511744 452996 651448 635669 443891 509653 313069 168780 540647 189306 626471 795101 364794 296114 827307 494601 429393 166141 333501 833791 425070 106316 520026 445526 174348 548111 346335 491321 262457 46644 601840 127604 642898 323413 299944 119341 160224 170072 168204 255225 494667 255825 137014 299634 485559 129286 488179 440173 406555 366481 556134 666376 657215 152121 508730 623093 733895 124239 339831 502143 290807 243908 423452 152576 120871 644456
 824034 111150 705626 567945 552564 193109 1 795373 791101 483318 542930 700173 189892 794329 260706 322413 587591 469232 323897 170202 817824 276195 273096 503188 433035 684262 621152 421862 502568 727791 566871 672373 232731 236991 298423 797215 553549 613905 305684 675063 528490 532339 566697 518096 417371 647977 185774 184927 579560 198471 538743 735469 236813 342381 746642 337028 366969 615574 628233 562017 376069 240452 576675 857836 762134 592265 334492 295135 477509 183738 925135 692455 333644 448930 119761 535613 505942 246170 558223 707216 673793 199135 744299 958323 308766 692341 263889 618850 637766 505307 634164 161396 663499 262001 457788 706129 386789 218018 268654 146981 673473 254841 664404 391624 209659 667210 659114 552649 271843 602649 580517 711629 631102 603439 646229 232678 353427 943647 681737 720881 100966 983569 164924 627369 600980 746338 407952 763356 604747 362825 268374 174884 713609 714157 506587 450884 702210 569391 589884 683444 122723 51989 728441 318805 776226 934857 541500 488554 977192 433466 481031 153732 334893 990847 614059 266276 506776 591479 323112 727489 209019 337051 314198 225977 515780 262707 699503 131583 472514 310996 246751 152271 93090 435810 686714 320546 105255 435272 644316 154883 660396 453284 518732 446802 541304 763969 686524 207990 662382 797628 701825 148693 451003 396532 458151 415992 244491 291879 80291 725743
 240304 692058 917126 367248 274001 626604 795373 1 206271 716293 867620 435032 985010 7944 933203 751264 335164 519945 504283 625694 675598 621052 1017332 612921 510776 548105 708894 512486 446303 516394 231179 491364 588745 598200 550395 5805 599665 186290 490674 373417 305197 699836 413103 482978 384242 258123 660224 814854 386905 993341 327713 920723 681997 455948 426498 459250 480180 656952 495828 570449 613879 1035094 695019 75453 413380 214671 534391 707342 412057 621447 132314 166409 548251 417383 820003 525111 442070 695120 369613 587555 373308 660637 655472 197306 553658 489021 755984 475637 737171 312849 795417 668948 191007 815124 643679 341279 474741 577784 864025 939201 509646 1031530 245308 886117 828938 603118 296557 257482 528858 360508 216114 330850 617697 228106 281202 857323 448416 260854 482064 764108 812736 215368 852752 647825 348818 629172 780380 37397 384456 793940 531158 942306 166537 261323 654194 634118 537663 855948 230815 604908 891565 788486 196275 481285 123559 250894 560418 386834 236820 773326 507052 667272 619372 221268 461252 635937 675986 229656 650630 576532 834175 1117389 813010 582108 883309 532899 515740 905310 580141 517639 560632 671207 794434 373502 404756 531872 695889 374258 158980 648219 139154 598290 353580 452554 691923 374168 607385 749698 155642 643813 823073 652518 394787 867481 601287 383181 1039423 504069 741372 430537
 444767 703014 1060041 507089 242847 602300 791101 206271 1 833766 984712 251282 973270 198329 872066 829577 479344 408153 469601 632508 478529 561445 970724 739547 415691 716920 855529 613644 569568 694904 306343 314395 561820 640516 505119 201115 453223 225493 495028 201868 263418 828986 555781 613488 382392 145368 625263 856002 532417 986971 447199 1068528 623959 485895 612705 482342 431110 495103 655172 422541 520443 1020332 833766 264511 214734 226755 604753 780083 520492 607457 281867 335799 486089 512952 844419 388535 332888 754548 258207 403945 202292 702198 467926 375239 617151 662271 683781 315293 884813 289760 937443 641490 137368 874943 758492 522252 416182 587634 920425 923592 678206 999283 411646 968598 874881 428340 464222 253684 554393 512305 289865 148888 772262 196136 443371 905778 486389 461085 653480 924443 833066 384167 807945 483063 499299 440078 876763 222862 537989 879048 525498 911243 346669 93357 780122 747453 710413 979598 345632 426695 902910 771070 64088 511636 324160 451648 419123 311525 421133 875936 627274 691663 700952 387719 303680 576543 800917 345354 569544 388648 879438 1083579 728066 565228 993093 545142 689114 915220 459032 483106 590178 696211 766072 359095 226237 595000 704848 436494 276663 663632 202297 712614 469016 555061 823478 565591 773230 692861 297183 447777 974855 665704 483848 953229 482837 387136 1025505 520890 723162 612763
 597001 408401 255610 350505 623329 514649 483318 716293 833766 1 151916 889445 602668 720177 743776 169473 383166 737002 547844 420748 1095669 616701 744016 107095 694346 283271 143385 222501 270395 342518 527428 897474 521237 316120 571393 721063 858010 608402 456196 834171 622347 55246 308457 234338 516364 735345 550359 328979 335050 589312 392389 277591 625240 412783 413243 426229 585137 936233 271881 849486 711072 645053 101642 742549 925974 611712 268416 188215 313589 483815 809298 553229 615347 321952 391320 801291 718927 239120 720458 973432 833017 305404 1033304 790763 274097 326763 694303 844845 155567 590154 155371 528695 701740 260531 75324 434744 607495 417682 296396 589108 297539 703103 480559 224687 317129 950438 438524 597556 388454 364676 543987 840630 193335 652592 445212 321123 399835 720263 322284 238817 403207 817043 645337 941105 374141 1022548 109781 679143 345406 157568 469782 644523 560736 801924 69395 86647 306065 146778 495218 963785 469612 525862 775113 398106 626432 715484 826672 653102 785610 84315 209859 362779 183197 824170 832541 618793 49906 495913 685720 983314 321836 767184 761430 493175 168358 422215 316569 481756 777964 545796 365945 360676 564950 544881 861837 288376 415421 410101 570153 392642 635057 121161 368061 279078 67725 460650 252553 642472 562869 1066636 221719 399667 352101 201331 777694 506112 645030 420540 514103 392280
 738451 493523 166500 501027 770085 618209 542930 867620 984712 151916 1 1030634 619737 871614 799398 228018 533560 864074 672684 523347 1228102 724853 777945 255366 820960 399227 214558 371638 422170 458710 678490 1034561 632193 429599 689592 872444 982075 759234 584555 977560 767181 173673 457520 384865 656524 883032 648373 363225 484165 600693 544305 198842 722965 548702 541627 560830 713333 1058826 406389 976347 824883 654134 197625 892096 1070215 761499 404113 272246 465113 587791 958108 703810 734808 472030 431754 930552 853513 324711 861226 1106023 976376 400617 1163143 935341 404082 452354 782965 980836 203491 734833 151450 623929 851801 284260 226614 575624 736537 531139 297289 618716 422546 725347 629869 177676 342551 1079976 585949 745574 513183 513172 695154 986753 302662 801401 594152 332031 537792 858920 450417 264934 447995 961319 707654 1065111 523250 1154312 141982 830547 492560 180615 591063 682633 710479 950463 214489 237394 421433 36997 647122 1094013 494403 591717 925505 530927 775297 854876 953387 791625 927423 125103 361728 454576 308664 968320 969258 724496 192615 647822 792506 1117588 345349 776532 845330 605080 41280 544531 436599 503533 899796 668692 485324 451304 633086 685354 1004083 421796 499663 556952 722069 489666 786666 272656 519950 429655 184534 593770 353096 728012 714599 1200083 204548 495544 501732 160973 896849 646719 652633 548156 591469 522184
 653802 639746 1138084 623898 280040 509374 700173 435032 251282 889445 1030634 1 860512 427616 708752 836106 605160 237783 390843 573532 246362 430310 818415 814322 268373 849682 948648 670727 658555 843335 411954 65082 472504 623610 403680 431090 225378 345820 459225 66468 271700 900215 669253 705552 374112 195441 515549 814596 652173 879717 552531 1153333 485591 483223 777943 472405 344469 249915 779323 196367 351897 901594 917441 504059 68877 321938 626700 784041 600074 526599 531021 512217 366538 579485 783580 184823 195969 744668 169411 153647 67098 676319 220498 621245 629076 804973 521449 91475 977706 302576 1019732 538861 264215 854986 816689 686511 321428 539569 892972 809244 813167 861650 571693 970617 837867 177640 618267 312785 531520 641945 401777 105049 881434 274977 594186 869570 493039 695836 794193 1033725 768212 632454 667408 236265 629191 194201 902389 437792 666441 890268 470263 779710 530881 173878 850711 804758 849298 1034563 472103 175423 821877 666140 238951 503415 533329 685820 202319 240744 665639 909552 705356 646165 723817 636487 89984 443236 868639 472698 409522 141519 841245 940501 547267 487971 1028907 507929 830235 831623 263523 401014 565684 650901 648454 345295 32649 609892 638924 483566 430055 610795 358467 774386 565693 622230 898251 742075 898302 548062 461058 213785 1069295 609866 548923 960321 287018 383982 907482 494347 622032 771902
 1009558 298029 786032 747891 738070 370974 189892 985010 973270 602668 619737 860512 1 983871 241338 433224 769722 623419 503675 360087 944836 430450 169115 647553 592746 839754 745946 591566 676596 888421 756760 824679 411451 416634 471008 986787 686639 802790 494724 843224 712667 656574 741615 685771 605212 828721 350937 273811 756923 27946 724079 818576 375850 532166 917857 526920 543595 736467 790919 701156 515764 51004 703028 1047724 925691 780343 510910 425626 658084 368044 1114967 881295 499042 631383 216635 684624 672037 388920 731502 844327 841987 367191 870603 1147826 485084 855954 362462 774013 757081 691141 739441 332317 848858 345234 596411 884965 561064 407909 322687 51269 834250 106153 850440 445168 286492 800393 842028 740066 461134 781838 770370 883972 774365 789325 830527 289379 542865 1130667 846157 839580 210287 1173165 209087 750552 781336 877580 506268 953166 781458 455339 456014 104037 902128 892791 641648 592115 859499 652499 779113 816722 133394 202200 911554 508352 965386 1122056 683202 665424 1166038 534739 646922 334189 489564 1180458 771566 417291 636639 780699 457860 867131 282224 165395 380458 409781 584351 452569 859734 120914 612897 490200 434418 331574 212405 622225 850960 499887 292986 624275 834198 342565 849486 602790 702917 624363 667602 940207 832863 319659 852059 928984 805843 336978 636172 459180 594203 604394 54652 481766 250137 896337
 248141 691457 922272 371583 270063 624534 794329 7944 198329 720177 871614 427616 983871 1 930181 753493 339625 514644 501529 624810 667935 617690 1014908 617098 505979 554209 714080 515327 450026 522954 231249 484168 586498 598682 547388 3743 593438 183820 489346 366195 301187 704224 417707 487131 382224 251661 657823 815624 391590 992415 330839 926084 678797 455524 433388 458558 476836 650316 501412 564143 609347 1033879 699836 81120 405612 211560 535914 709281 414966 619754 135237 171528 544644 419699 820109 519074 436651 696483 363870 580247 366098 661208 648080 203093 554930 495294 752385 468856 742424 309560 800456 666839 185089 816655 647361 347791 471050 576915 865466 937876 515702 1029651 250699 888655 829917 596066 302209 254361 528488 365455 215906 323339 623177 223553 286482 858434 448296 268360 488237 769954 812672 220609 850251 641096 353661 621727 783410 41107 389554 796504 529566 940401 172466 253849 658389 637721 543952 860219 233022 597759 891234 786932 188778 480967 130997 258429 554294 382244 243201 776617 510764 667161 621554 226383 454523 632611 680160 231901 646575 569100 835133 1115509 809028 580220 887000 532009 522042 904936 574661 514930 560507 671127 792476 370947 397427 533077 695217 374861 160341 647716 136558 601886 356615 455306 696411 381303 613392 746639 158588 636175 828564 651935 396714 870141 595923 381384 1038244 503276 739725 437220
 1014867 347619 963825 783632 662829 321030 260706 933203 872066 743776 799398 708752 241338 930181 1 582648 796982 476468 429511 372703 744918 314322 114980 757743 458857 929717 880395 659903 731821 968216 724279 660985 352479 471844 382809 933581 504184 747302 466448 707899 632823 792093 792442 755399 554232 728415 280362 436419 800428 269254 739416 994266 252040 523719 974055 512365 454148 537721 868330 525419 359381 253678 835858 1004069 777308 718622 567534 555565 695227 338471 1065399 866714 389561 663233 367850 524095 543143 505582 614769 658796 706794 450079 672105 1117047 543531 930332 189686 617555 897761 620816 894854 280710 766779 515408 715010 920387 462922 409453 511507 207996 914606 178332 857357 638461 458401 611998 863869 675821 469103 818950 733919 756508 884578 713029 846772 474649 540148 1124522 919045 980714 351404 1140061 101587 553467 814592 684074 667398 907226 826134 620825 422591 138925 890046 782440 764307 707360 945978 827423 763967 627750 318650 219368 816477 507383 944367 1114864 512141 563539 1143963 693444 721336 396166 588025 1146889 619252 299144 765719 765599 304795 683857 456321 240723 168119 367555 769795 444408 940730 314784 445785 416449 458467 396496 183976 560698 707080 549433 340274 620438 801199 380133 794145 706282 724483 672185 800689 982423 937875 183574 826242 734022 962520 372355 656598 646856 423028 557852 259908 471695 243305 954467
 682976 265509 385182 412707 596527 392421 322413 751264 829577 169473 228018 836106 433224 753493 582648 1 443506 650470 459747 298302 1017590 499896 576197 228484 607404 426123 312724 243763 326223 481285 533640 832174 409412 214794 470549 755171 764653 608804 378213 788994 587076 223458 384746 311554 467695 710331 421023 159507 408216 420226 427301 414094 495353 356081 533373 365105 503235 839779 392972 761472 601780 476012 269998 792272 882714 602961 224873 52066 342602 362438 861811 601710 516082 333907 222853 718574 649434 98842 668300 896487 787749 175379 950029 861713 213552 456120 555078 777250 324449 555222 313247 396252 692432 95204 174042 529686 526987 311888 139299 420171 429830 533783 541706 139061 148526 867062 511795 578064 305388 438380 550707 806196 348610 635993 510593 156621 349984 809645 448605 407408 235805 888445 486963 847124 443759 943431 87092 714125 426965 54780 376597 477205 615220 780243 213315 173542 447869 250119 520484 881759 300140 368712 766805 333766 683706 803205 738560 595452 865262 111174 273502 227302 131988 895845 766978 498671 205299 521623 566684 910193 153487 597893 618095 383224 209422 332613 453086 312311 681205 453923 272983 223849 409443 496202 812296 235290 271677 393653 594033 263227 644980 196643 401157 301186 234738 570640 408449 500342 596203 991012 380883 268734 357290 125195 676371 459312 476139 342335 364754 511309
 244827 476531 585432 32716 327164 479315 587591 335164 479344 383166 533560 605160 769722 339625 796982 443506 1 545134 411652 429205 843730 532401 850638 278300 512220 245342 378331 200837 118545 240099 193471 635582 455493 353096 458508 340190 663478 267754 339488 540421 342974 364684 78443 148841 301072 417888 522406 543589 53342 770037 64355 591542 577017 276890 194756 290403 420469 739921 177825 643189 582860 820481 361035 359663 620838 285306 260960 408076 112271 458869 427162 170258 484406 138685 569525 589414 491021 412324 455348 728493 539550 405714 797066 418539 286263 200472 660838 593537 407319 318391 462959 517270 363665 522427 312716 123915 432345 388213 572173 733043 208183 842167 99313 569524 550891 721776 72739 293315 328348 36885 205120 527817 292921 332504 67128 574512 259073 370719 189376 445330 568389 445260 699473 738208 24705 778123 456757 298543 61476 478248 381180 758498 177902 472557 319458 304134 244140 520929 137169 730813 652129 601170 429218 290209 244821 363413 623771 413156 422106 446029 177477 435976 318018 452635 578516 543317 341308 137028 590435 729465 556554 924546 730655 434448 551238 352911 225234 666669 603995 419682 344187 438358 623041 317801 573208 270016 482714 186617 202845 433796 277820 268778 72762 150154 356787 187707 297480 630310 187028 811572 496297 440658 140429 548957 615497 291297 823354 326743 562104 181149
 680401 422533 992464 552075 257796 284683 469232 519945 408153 737002 864074 237783 623419 514644 476468 650470 545134 1 191505 362970 367516 194610 583483 682717 43158 769465 824268 537436 555346 779878 379921 203273 252666 436590 184281 518370 123383 355820 280920 231461 228455 759811 587846 599501 248310 274202 283461 601333 579173 643198 481938 1012758 247942 328406 738362 313612 151870 202551 696380 112534 117100 663961 786590 595381 304616 322970 469191 599520 496661 307004 644398 521334 140551 467526 562043 69153 78522 553201 154281 247765 230365 478849 299671 716938 463248 738596 287151 150816 851556 239182 882373 308450 331036 651944 670961 655250 129923 339303 684463 572171 738106 624430 552263 776550 626087 216613 585026 286961 350995 580178 379460 281086 775893 294363 561315 657207 344299 759576 726683 919575 545369 735246 429936 205319 569520 293353 726665 505140 600159 705195 274119 541966 544800 315242 712913 659168 775372 874621 440713 231311 591873 431880 360791 339638 575926 749186 89674 142241 753942 739221 586618 438508 557284 741016 148251 206720 727260 441989 173059 264278 628748 704191 322408 273932 855124 319753 760117 600686 62398 196562 379355 443054 411901 227848 231864 448735 420389 373866 436789 401144 393862 634894 484291 504131 760940 718751 806925 310515 469162 342038 940186 398513 441211 769770 81527 259049 669877 316927 389631 726090
 599194 249890 803449 409473 238761 132736 323897 504283 469601 547844 672684 390843 503675 501529 429511 459747 411652 191505 1 182700 557891 125307 514183 500428 148352 609638 642474 358255 391775 629430 298287 376777 92251 245342 49381 504865 310378 318085 93149 356613 211072 573497 435959 431909 127054 325171 158446 423783 433521 517729 347777 824723 180993 150942 605019 135171 46374 388396 537730 303663 177277 550847 602997 574610 447369 290241 282074 408501 337187 141070 636588 444471 75315 304882 394522 258953 195854 363313 236451 436763 355328 290479 491067 687885 273762 588052 261241 321386 668804 193869 695870 172257 347975 467061 484078 532937 69716 150981 503117 454039 582375 534175 448656 588223 447217 407934 467325 247639 160002 442221 306426 389372 602808 290166 446362 478883 169231 701285 575965 740412 380039 710682 349302 393530 433976 483751 535188 477751 457496 514521 83221 445150 468381 390421 527952 472473 618917 683740 344962 422371 440808 301476 408141 155328 518224 691343 280703 164978 715949 547771 412745 255784 366699 717477 312720 138552 541004 346548 178797 450918 450514 619584 326863 99633 663652 128249 606447 452041 230332 13731 187877 260498 298028 131188 372540 260890 249642 225351 373577 220005 365129 450571 341668 334786 575545 597710 640026 246571 400360 531294 755632 219028 284233 580399 231829 132626 555974 127543 253604 589252
 659278 70547 670057 413267 390624 95045 170202 625694 632508 420748 523347 573532 360087 624810 372703 298302 429205 362970 182700 1 729463 201698 421612 405089 321064 561563 540498 290184 359162 597119 396705 557511 112645 108641 178772 627645 470687 445679 138808 538135 369214 458791 419887 384267 252250 492808 129821 241228 428680 367656 375786 695437 204517 172330 601572 166860 229071 543894 497563 470481 303734 410635 496994 687670 629642 425525 197187 251138 323750 64452 755095 523541 223559 292524 214329 432112 378222 199553 416730 610690 536848 123030 659463 788469 174912 558570 276812 502174 562752 343282 575800 110033 500933 289101 372079 551183 252177 47916 322078 316221 544039 418000 499530 415826 265002 577392 498812 387281 103537 448559 410465 567973 526553 440412 483999 296568 184116 776751 547136 642255 201431 813613 272615 552142 445141 655485 381577 593373 454359 351679 108197 331611 545103 561367 421079 362172 576600 540626 420527 592740 271200 173143 568895 149350 606829 767753 447892 343344 808078 399585 351958 75645 241259 820876 494276 201192 428200 422133 269174 627004 268134 502587 346447 89053 507595 92801 570075 284037 386592 172763 86021 80133 194066 273588 555035 177854 72473 266575 474115 38179 491738 352057 357922 299492 464375 611944 575650 229230 492382 704802 640897 36343 289454 410948 379913 249586 414693 121755 132964 581846
 899517 786027 1349563 859945 516594 646201 817824 675598 478529 1095669 1228102 246362 944836 667935 744918 1017590 843730 367516 557891 729463 1 544599 859894 1031281 410391 1085894 1170007 885285 885541 1083450 652348 208207 617723 803202 550810 671250 264383 590497 643600 312650 502191 1113375 903356 932144 583755 441612 636436 964942 888306 968518 787722 1367706 581864 682896 1021677 669509 515323 208794 1014203 259474 441882 977003 1135573 741064 263901 564902 827480 966391 826035 671122 759574 758433 505919 801831 920747 299030 377003 920625 390451 122251 313198 846360 74261 853756 824597 1044197 582492 254447 1198443 529922 1235215 663094 510554 1018545 1026319 930735 491863 706804 1049475 895390 1050422 918202 816378 1143990 990179 152339 861723 550599 715497 880612 643572 346014 1109953 518675 837465 1020829 696320 935945 1033083 1259953 903142 862069 736753 194307 868155 74176 1092440 681422 904384 1072352 640995 849312 777230 415483 1064880 1014367 1087106 1236688 713948 136751 939391 773741 479909 698277 778554 926143 281764 447273 899622 1103802 926946 805107 919758 865310 268433 552719 1081054 714664 495393 114936 992506 985602 577681 640481 1220861 685692 1068805 946204 347045 563779 745476 809587 745132 556654 278874 808192 783204 704448 675670 767554 604788 987016 798168 842873 1113023 987381 1131685 627057 706997 32620 1289152 764517 772264 1137283 359772 594558 983312 680022 737743 1014713
 724496 246028 869123 527595 348969 107912 276195 621052 561445 616701 724853 430310 430450 617690 314322 499896 532401 194610 125307 201698 544599 1 409294 586739 162298 716629 727018 453229 500189 741448 422696 397736 95836 300641 75965 621157 280569 436259 196359 413934 318704 650318 549933 536424 251874 416582 91882 423029 550159 449408 469278 893473 62722 260348 723820 245263 140873 348528 646435 286656 104989 472681 685028 693172 495242 406470 366440 452751 449567 137464 752887 569429 75628 416448 376215 259673 242885 401221 307828 431613 412718 324724 471963 808715 351169 700473 136713 345330 751353 308208 770304 118500 452517 482880 561402 654970 148604 199285 509087 379194 692168 440555 573533 613184 448723 392861 590623 363705 239752 561339 430089 457172 699141 398852 570182 478612 279168 825755 688444 827663 358546 830855 247082 358492 553895 472085 583198 596649 574868 552971 161239 354551 593388 474345 608700 550567 727855 741389 470262 408946 398886 237322 504006 255770 642017 815756 265686 250557 838269 600724 512123 274043 433943 837501 341922 15214 618597 471847 69117 451462 450602 523563 201579 124015 709256 204941 717075 407152 197668 114687 253293 277984 218182 252664 420579 344602 242207 345901 496913 237051 482510 534459 461005 440656 654433 719565 741513 131870 524515 523061 833694 232134 399534 610003 185805 257847 478435 220161 196051 707108
 1079142 379009 944383 833644 752115 392309 273096 1017332 970724 744016 777945 818415 169115 1014908 114980 576197 850638 583483 514183 421612 859894 409294 1 773909 562442 957277 885419 694120 772904 1000799 799886 772559 428879 507116 470869 1018172 617806 831101 535577 814128 723195 795788 836194 790471 633771 825854 357109 419286 847387 195179 797165 976277 346780 586838 1017214 577551 544561 652650 901153 638255 467008 161381 841369 1085936 886612 804178 605007 558620 743455 402702 1149573 937320 484774 713143 353382 634391 646502 513876 715695 773121 812987 472217 787077 1195140 579606 965084 296978 727658 899583 707987 888483 349902 859215 496308 726488 971916 556293 464766 481443 159246 946501 74414 919742 607076 436946 726473 920421 761716 524112 868796 811048 861200 902012 803194 905391 446004 601442 1193793 954375 982823 340816 1219072 164893 668357 865987 798925 655797 989220 872885 606160 492221 99979 959933 883006 774347 720398 975298 809089 833740 742292 283551 249855 913094 567137 1017949 1184471 624205 659711 1219132 683509 753801 425129 607080 1226093 728566 394183 772496 835374 410481 798027 433597 125760 282869 438288 744476 505012 972547 274905 556712 500596 506507 424171 229318 643998 815164 589513 372136 683855 877831 418859 878350 725023 779533 715539 805744 1031617 958292 278067 900560 848946 955822 411570 711066 619184 534499 635897 166829 533972 289217 996632
 490286 411058 325116 245858 540656 493101 503188 612921 739547 107095 255366 814322 647553 617098 757743 228484 278300 682717 500428 405089 1031281 586739 773909 1 641329 197656 142050 146149 170412 253211 434161 828273 491368 296484 531454 617827 805748 515478 407302 755924 543459 89446 202249 129973 447538 649824 533092 377956 228895 638166 293517 339042 605755 354350 313168 369333 532342 884836 170596 793981 672726 693684 104353 636804 845766 522017 220842 222471 220714 463208 703097 448553 572704 235839 430996 743382 655034 260748 647419 909649 754827 307671 972529 683669 235842 230580 681607 777606 168852 511966 205412 515058 610732 323423 54546 328406 553060 389941 367232 626254 202980 741877 374597 320226 372698 890670 331673 512404 348081 258171 450169 757567 128104 565116 338994 384560 338546 614088 224302 241131 438998 709951 656637 888032 268001 959463 201236 575996 238437 239060 429734 674042 455131 714191 41317 55911 219399 243285 396579 903052 514884 538685 682835 345325 520226 609125 771611 584396 678731 182236 112626 362613 169744 717080 764406 591369 63065 397133 655446 917282 378089 812844 751525 463386 275100 383136 225298 528347 729376 500912 334308 361848 574274 474911 785254 242691 418407 330756 470638 384781 538625 53043 270656 192545 84850 357406 185430 634045 461092 1001137 258161 392467 266647 297337 732196 436763 694565 374329 517727 291577
 658616 381858 949870 517534 241215 245404 433035 510776 415691 694346 820960 268373 592746 505979 458857 607404 512220 43158 148352 321064 410391 162298 562442 641329 1 732414 783063 496433 517077 744659 354675 240266 211853 393449 142833 509664 164475 338871 238164 252972 210454 717708 551784 560647 212463 275641 247647 560333 544211 611548 448446 970368 220000 287007 706364 272008 109427 243510 659400 155482 105749 634770 745020 585874 332946 306119 426789 556411 458867 266423 638206 499148 100632 429061 522613 111506 84298 510242 157510 290170 251785 436077 342811 706525 420459 703260 269380 186022 810178 215865 840269 271684 325793 609793 628718 625068 88318 296433 642919 541491 701775 599482 525062 733874 584901 259731 555340 267364 307933 546639 355871 298775 736318 282855 531993 616146 303299 743064 691284 878935 506252 725936 404843 247171 536370 336216 683507 493190 565844 662139 230985 515091 522946 324473 671047 616955 738981 831625 413819 274355 555344 397839 363841 297431 558249 732714 132555 124657 741787 696089 546621 396469 514326 731967 181059 175717 685156 415172 154391 305954 587670 680869 312805 232142 811966 276601 724230 564617 92247 153481 336197 401046 380439 194527 258338 406200 379975 336931 416244 359239 379765 593100 449325 464702 719013 689104 768573 285855 447969 384587 898486 356817 403522 726922 103786 222916 640562 274055 354190 693368
 362260 583171 388253 226074 570413 638107 684262 548105 716920 283271 399227 849682 839754 554209 929717 426123 245342 769465 609638 561563 1085894 716629 957277 197656 732414 1 190649 271412 217865 59914 438655 877742 626399 457985 650194 553740 891425 512557 522014 785342 583726 235254 183338 180487 521205 663213 680977 573693 197717 831913 298180 384578 748077 459439 147730 475148 630238 969666 73095 873907 786878 887054 201891 548822 866165 530642 364394 417773 274003 610940 606343 385957 684951 305238 623362 820518 723961 450839 695804 968775 784450 485154 1036398 563032 387117 61580 829282 833531 212647 556775 276764 667682 607729 521074 252092 209897 646635 534648 564652 815161 38795 930605 306968 507821 569655 958903 254117 537064 481274 209102 450457 773087 96575 577824 273749 582170 440797 472295 66387 218245 629728 587323 828167 969618 222165 1018723 390703 515181 183874 433385 555513 858236 381808 716853 218604 253112 22824 372770 381885 968911 708272 714049 670728 460982 433038 469845 853208 646931 546709 367221 209652 535061 351526 593739 818809 724402 234088 381613 782013 971185 575109 1004430 900515 600274 431263 514409 38713 722066 824477 614107 479687 535327 746047 543304 817921 384259 590441 395642 441774 549737 518719 237272 288907 276140 222253 204774 60246 787772 419754 1053987 285075 557537 329054 484481 832513 510427 888258 496526 686476 131860
 546874 538504 208287 348916 671506 630967 621152 708894 855529 143385 214558 948648 745946 714080 880395 312724 378331 824268 642474 540498 1170007 727018 885419 142050 783063 190649 1 286915 291972 248363 555527 965550 631355 432189 673120 714227 947415 635926 549343 888529 676973 89701 300400 245435 586580 777257 669789 472176 325030 732697 409884 213255 743425 496059 337649 511143 674211 1026540 216680 935233 814399 788437 44543 720731 976556 646427 362261 327135 349017 600644 782525 542553 714624 369490 533663 884285 794704 375039 783586 1048775 887476 434116 1112444 747344 375879 248791 817216 915817 29426 646183 88367 650401 732513 403666 168662 387114 694761 528955 437888 731578 219888 845942 463722 352062 460509 1030953 413772 641490 489337 349083 570457 886486 96874 691409 427713 463917 479973 661224 249426 101826 544914 772372 780627 1029543 361332 1098727 247948 673414 324579 298223 571218 785661 543915 838885 119420 178328 211675 184704 509942 1043076 612794 661297 802211 487368 602956 658283 912956 722739 733981 219777 243601 491003 299793 779027 902307 731116 114769 510193 795928 1055617 465200 910550 886253 603251 250637 524353 229219 625034 871359 642891 473877 489565 699107 613374 918810 384048 545746 466452 580348 516941 653234 192895 390620 327462 79877 393308 139480 767847 565274 1139515 121005 524413 399853 329316 874246 575701 788406 516237 645402 320216
 443806 315913 467387 171309 401147 368323 421862 512486 613644 222501 371638 670727 591566 515327 659903 243763 200837 537436 358255 290184 885285 453229 694120 146149 496433 271412 286915 1 87998 308436 308056 682879 359941 188470 392628 516725 660663 388200 265733 613749 401344 229565 152432 96366 301635 512865 410713 347658 171797 588196 185324 483435 479646 209615 326433 224931 387941 739817 208488 648320 533252 641238 250500 549770 704813 389864 92997 207271 100488 340398 619040 358642 431992 100718 381467 597462 508902 215420 502854 763577 612620 225230 826381 618180 116372 271362 559580 631831 314523 369388 350273 396575 480175 321773 147644 299380 408115 264271 371465 560609 254706 674303 298191 374482 352739 744553 271155 375062 213922 200415 324940 618545 246154 430184 267924 375007 193163 570354 260442 382752 383352 644910 558555 742672 203808 813363 268486 475115 194178 282317 292802 596731 371589 579474 180264 135983 286532 369279 283499 756908 466390 446938 553968 203098 440038 563385 626045 438675 622913 263934 61775 269011 117455 652321 618762 459536 197915 284453 520756 771419 358444 752669 630667 332843 379616 248388 280832 480847 585426 359906 208770 269963 476939 329244 642272 113015 323019 188320 358581 279883 417906 103788 159213 60257 228178 350263 289198 516775 356846 855243 404304 287631 130099 355281 589268 290916 643386 235027 416660 305073
