NAME : domp50p12v1
COMMENT : Cherkesly, Contardo & Gruson 2022
TYPE : DOMP
DIMENSION : 50
DISPLAY_DATA_TYPE : NO_DISPLAY
OPEN_FACILITIES : 12
COST_SECTION
 1 569146 210812 678873 658044 464171 757536 266793 230926 547800 398418 446716 500392 332666 194622 319540 317887 233503 446937 222182 492403 322495 174651 806225 83215 352899 201828 340299 242776 482091 479301 501737 432495 236881 254604 200028 393698 259621 679009 482632 610488 436709 620722 294822 453650 196797 620216 384106 606889 881069
 569146 1 498151 665189 257988 390027 222706 508587 503829 209036 650447 955603 741302 869750 635651 818433 541121 762221 243289 539056 933641 355810 634585 582710 570854 421908 410689 290163 776547 334331 496692 118463 729006 443617 636519 633176 366102 789565 111759 336360 572418 759207 143002 461516 560927 450449 236851 508683 87197 695434
 210812 498151 1 468723 665208 550691 714640 421040 21627 404604 579866 459992 328350 388444 399841 324433 478489 285250 302449 42926 439168 399676 148587 603440 141843 153559 295346 378896 444724 545430 269485 398409 626876 56047 452841 404147 476625 462124 594966 546696 399874 297480 501422 426080 244611 56445 628050 173359 561487 672864
 678873 665189 468723 1 916417 925241 867565 866073 448103 458624 1033874 719040 299387 726839 868117 634936 923201 662071 439614 459292 601648 793636 557353 257892 603332 353386 725404 743798 902640 895777 214643 552247 1088458 456760 918576 872164 860015 920079 697494 897627 94251 395909 560129 856224 225811 497248 888273 295834 752337 255918
 658044 257988 665208 916417 1 273089 182569 486940 677443 465852 571508 1092870 955102 988007 646825 957078 492087 883500 480485 708123 1100749 349107 775538 839300 690700 634473 459494 317779 807253 217691 733445 364352 649058 618527 620929 641614 303547 815899 286868 218673 822585 954343 393679 433040 787507 609870 38063 724717 174353 952368
 464171 390027 550691 925241 273089 1 442852 233550 569015 543355 298564 910596 875639 793217 397405 782976 224979 697525 502687 589897 949317 151698 617907 924217 521425 585755 269320 182829 559753 60267 715503 434735 376620 521321 359931 391048 74370 565759 478416 58600 833256 846607 525776 183618 743736 495798 246025 669164 351245 1030543
 757536 222706 714640 867565 182569 442852 1 633520 721986 410956 739453 1167021 963451 1074131 784160 1029503 648928 966858 463950 756468 1152706 482787 844866 743185 772624 644610 573806 432804 938609 383536 714049 339341 818397 661433 768625 780006 456839 949340 172211 384957 777624 981678 308497 580305 781425 664146 199063 731101 154021 855894
 266793 508587 421040 866073 486940 233550 633520 1 442390 587019 170553 699718 744754 577210 163955 581095 57697 490348 509916 450791 758149 154646 438876 930209 341568 512970 142970 218428 326398 274282 652035 498047 237805 414168 135214 157765 183588 332932 616610 273874 782801 693876 614321 53946 654430 376863 453358 577833 506649 1024136
 230926 503829 21627 448103 677443 569015 721986 442390 1 401411 601477 458359 308443 392232 420904 324307 499876 291147 300417 36267 430755 418377 154711 587290 159425 141214 315695 395584 462649 562412 250998 401172 648453 60582 474271 425285 495112 480085 598414 563717 380497 281248 500975 446841 223543 73259 640523 153288 569429 654820
 547800 209036 404604 458624 465852 543355 410956 587019 401411 1 750854 856545 572595 792980 672602 724924 633543 689497 103355 437255 806521 456080 553088 385091 518881 278853 455484 389315 784255 497575 309862 110581 823833 349850 693905 672561 496907 799880 245368 499629 367285 610250 113693 552488 384562 374716 441828 350088 295973 495478
 398418 650447 579866 1033874 571508 298564 739453 170553 601477 750854 1 787920 895404 661387 222675 685990 117794 592736 678077 605270 869181 299216 572287 1100271 480465 681553 313481 367614 349300 356375 820514 656332 79540 579021 155796 215030 288862 347164 752614 355069 951921 835121 768128 198369 818864 540139 544360 742833 632543 1194666
 446716 955603 459992 719040 1092870 910596 1167021 699718 458359 856545 787920 1 421826 126624 567161 137518 741587 213226 757671 422096 146178 768457 322156 946979 402219 580535 647006 778939 458571 928219 621691 858400 788864 515903 632774 574984 840412 468618 1054716 928826 705173 323143 959021 736316 545916 505171 1054811 531443 1013001 973599
 500392 741302 328350 299387 955102 875639 963451 744754 308443 572595 895404 421826 1 445156 693473 353176 801412 401839 500081 294385 302747 725964 336668 541869 417181 322017 623621 698316 681522 865088 268688 624158 932887 354609 754981 699399 802205 698122 812098 866525 302857 101070 686254 753550 188688 380884 920254 232933 820659 555251
 332666 869750 388444 726839 988007 793217 1074131 577210 392232 792980 661387 126624 445156 1 441037 92384 617332 107560 690862 357121 238154 654929 240433 933623 301562 527375 534491 671157 334150 814251 594997 780717 662570 443751 506388 448869 724653 345101 973482 814732 696675 344714 888624 615911 527994 424750 950005 496250 920603 974544
 194622 635651 399841 868117 646825 397405 784160 163955 420904 672602 222675 567161 693473 441037 1 463350 185679 370099 581020 415769 646697 301914 360514 975629 277272 528917 226187 353911 162455 437362 662594 600871 241829 415137 67103 7839 345418 169508 746900 437051 795177 624611 721787 216121 644429 373815 612052 572288 647991 1058247
 319540 818433 324433 634936 957078 782976 1029503 581095 324307 724924 685990 137518 353176 92384 463350 1 627089 93254 624650 288127 183929 637855 184639 845299 267380 452408 516270 644800 384434 797406 509334 722497 697420 380475 530387 470967 711419 397991 918284 798110 606874 253120 825202 613531 439598 368135 919039 412954 875484 883661
 317887 541121 478489 923201 492087 224979 648928 57697 499876 633543 117794 741587 801412 617332 185679 627089 1 535154 560311 507750 806349 185929 491605 983075 395150 569950 198705 253728 343597 274762 708998 540482 191132 471835 137032 178303 192117 347387 646343 273939 839439 748884 654025 81664 712083 434557 460919 635461 530812 1078339
 233503 762221 285250 662071 883500 697525 966858 490348 291147 689497 592736 213226 401839 107560 370099 93254 535154 1 586808 257381 276866 555366 136738 852434 194609 429765 434021 567737 298358 715115 510269 674013 604866 339656 437143 377714 627190 313020 866198 715705 621373 308028 783123 524704 450367 318544 845454 408734 813240 901888
 446937 243289 302449 439614 480485 502687 463950 509916 300417 103355 678077 757671 500081 690862 581020 624650 560311 586808 1 336534 714510 393541 450648 427190 415700 187712 371965 331515 685598 465281 254793 124930 747696 247226 607476 581586 446246 701540 314313 467242 345365 526056 201869 481304 317734 271366 450503 269107 326703 529701
 222182 539056 42926 459292 708123 589897 756468 450791 36267 437255 605270 422096 294385 357121 415769 288127 507750 257381 336534 1 396729 438456 121999 611333 144076 172633 330595 420119 445008 586264 271128 437212 648452 95447 472257 420688 515649 462483 634346 587491 397132 256900 537219 459375 233483 98822 670950 169774 603557 674629
 492403 933641 439168 601648 1100749 949317 1152706 758149 430755 806521 869181 146178 302747 238154 646697 183929 806349 276866 714510 396729 1 800365 332100 842761 427902 528158 680088 798354 564664 958016 538127 826827 881336 491332 713787 654261 876131 577268 1024235 958915 601469 214924 915437 786951 457162 492477 1063108 461600 1000147 857552
 322495 355810 399676 793636 349107 151698 482787 154646 418377 456080 299216 768457 725964 654929 301914 637855 185929 555366 393541 438456 800365 1 468368 820704 373128 445943 121604 68409 459659 159764 580458 357868 376021 372692 287779 297495 77329 469196 462604 160387 704033 695031 468961 105709 601405 345324 312960 525575 352199 921675
 174651 634585 148587 557353 775538 617907 844866 438876 154711 553088 572287 322156 336668 240433 360514 184639 491605 136738 450648 121999 332100 468368 1 728255 98185 294577 348596 467511 350376 625944 385790 541502 602041 203432 424544 366932 544407 367527 735884 626834 505362 264167 648241 461363 335524 185438 737583 283151 690846 785659
 806225 582710 603440 257892 839300 924217 743185 930209 587290 385091 1100271 946979 541869 933623 975629 845299 983075 852434 427190 611333 842761 820704 728255 1 745132 453516 788354 758322 1046658 881144 342727 495644 1166445 569388 1013444 977849 871885 1063922 573194 883183 242129 629507 446744 905900 405755 609552 819559 445237 665045 113385
 83215 570854 141843 603332 690700 521425 772624 341568 159425 518881 480465 402219 417181 301562 277272 267380 395150 194609 415700 144076 427902 373128 98185 745132 1 293288 252296 377420 303224 531878 410414 489092 515706 180964 337818 282884 448389 320661 676994 532676 539263 355099 603261 363184 377525 146620 652638 311533 619224 814235
 352899 421908 153559 353386 634473 585755 644610 512970 141214 278853 681553 580535 322017 527375 528917 452408 569950 429765 187712 172633 528158 445943 294577 453516 293288 1 372020 402998 593265 564670 139066 307053 738675 116045 573466 531963 516468 610494 501417 566334 270613 338966 387379 503124 159114 156782 600327 90267 499301 529890
 201828 410689 295346 725404 459494 269320 573806 142970 315695 455484 313481 647006 623621 534491 226187 516270 198705 434021 371965 330595 680088 121604 348596 788354 252296 372020 1 143287 367937 281306 510927 376489 378127 279293 238726 224426 196094 380136 522302 281960 640900 584281 496792 132852 517990 245328 422055 441126 429964 881373
 340299 290163 378896 743798 317779 182829 432804 218428 395584 389315 367614 778939 698316 671157 353911 644800 253728 567737 331515 420119 798354 68409 467511 758322 377420 402998 143287 1 505886 167001 533037 289708 444241 343946 347790 350406 116680 516866 398710 168372 652516 676367 400624 172659 561233 322695 280019 487104 294135 861069
 242776 776547 444724 902640 807253 559753 938609 326398 462649 784255 349300 458571 681522 334150 162455 384434 343597 298358 685598 445008 564664 459659 350376 1046658 303224 593265 367937 505886 1 599565 713632 726821 334988 477831 208775 168706 507313 17475 888299 599289 841929 596525 847891 378427 677398 438685 771908 614205 797585 1117447
 482091 334331 545430 895777 217691 60267 383536 274282 562412 497575 356375 928219 865088 814251 437362 797406 274762 715115 465281 586264 958016 159764 625944 881144 531878 564670 281306 167001 599565 1 689560 387609 435026 510890 405962 431540 92968 606811 419561 2070 802716 842879 472551 221259 723702 489388 188331 650910 291793 989136
 479301 496692 269485 214643 733445 715503 714049 652035 250998 309862 820514 621691 268688 594997 662594 509334 708998 510269 254793 271128 538127 580458 385790 342727 410414 139066 510927 533037 713632 689560 1 378398 876889 247601 709771 666090 648487 731073 554108 691335 132774 326028 423079 641583 82312 288854 702082 102641 581244 403953
 501737 118463 398409 552247 364352 434735 339341 498047 401172 110581 656332 858400 624158 780717 600871 722497 540482 674013 124930 437212 826827 357868 541502 495644 489092 307053 376489 289708 726821 387609 378398 1 731612 342550 614078 599799 391838 741362 197568 389669 458628 645796 121307 458825 442660 356156 337474 392106 203188 605735
 432495 729006 626876 1088458 649058 376620 818397 237805 648453 823833 79540 788864 932887 662570 241829 697420 191132 604866 747696 648452 881336 376021 602041 1166445 515706 738675 378127 444241 334988 435026 876889 731612 1 631773 177962 235196 368365 328963 831781 433672 1009210 866206 844826 272794 869529 591657 622632 794568 712043 1258321
 236881 443617 56047 456760 618527 521321 661433 414168 60582 349850 579021 515903 354609 443751 415137 380475 471835 339656 247226 95447 491332 372692 203432 569388 180964 116045 279293 343946 477831 510890 247601 342550 631773 1 462515 418542 448247 494994 539341 512289 380331 337183 445519 412109 240285 41337 581831 163871 508847 645360
 254604 636519 452841 918576 620929 359931 768625 135214 474271 693905 155796 632774 754981 506388 67103 530387 137032 437143 607476 472257 713787 287779 424544 1013444 337818 573466 238726 347790 208775 405962 709771 614078 177962 462515 1 59627 317419 211276 746203 405367 842537 688674 733435 188911 696951 421585 587894 623182 639766 1099998
 200028 633176 404147 872164 641614 391048 780006 157765 425285 672561 215030 574984 699399 448869 7839 470967 178303 377714 581586 420688 654261 297495 366932 977849 282884 531963 224426 350406 168706 431540 666090 599799 235196 418542 59627 1 339795 175280 744304 431204 798735 631074 720592 210285 648758 377247 606989 576332 644537 1061031
 393698 366102 476625 860015 303547 74370 456839 183588 495112 496907 288862 840412 802205 724653 345418 711419 192117 627190 446246 515649 876131 77329 544407 871885 448389 516468 196094 116680 507313 92968 648487 391838 368365 448247 317419 339795 1 514925 464822 92947 769005 772301 493156 129858 673531 421949 270623 598347 343682 975910
 259621 789565 462124 920079 815899 565759 949340 332932 480085 799880 347164 468618 698122 345101 169508 397991 347387 313020 701540 462483 577268 469196 367527 1063922 320661 610494 380136 516866 17475 606811 731073 741362 328963 494994 211276 175280 514925 1 901324 606481 859400 612607 862515 385553 694857 455749 780828 631675 809286 1134874
 679009 111759 594966 697494 286868 478416 172211 616610 598414 245368 752614 1054716 812098 973482 746900 918284 646343 866198 314313 634346 1024235 462604 735884 573194 676994 501417 522302 398710 888299 419561 554108 197568 831781 539341 746203 744304 464822 901324 1 421473 608806 840238 137370 568085 626036 550563 279817 583042 129007 686312
 482632 336360 546696 897627 218673 58600 384957 273874 563717 499629 355069 928826 866525 814732 437051 798110 273939 715705 467242 587491 958915 160387 626834 883183 532676 566334 281960 168372 599289 2070 691335 389669 433672 512289 405367 431204 92947 606481 421473 1 804583 844134 474609 220935 725355 490676 189524 652517 293664 991160
 610488 572418 399874 94251 822585 833256 777624 782801 380497 367285 951921 705173 302857 696675 795177 606874 839439 621373 345365 397132 601469 704033 505362 242129 539263 270613 640900 652516 841929 802716 132774 458628 1009210 380331 842537 798735 769005 859400 608806 804583 1 387599 471720 770278 171112 421550 794218 227760 659466 280802
 436709 759207 297480 395909 954343 846607 981678 693876 281248 610250 835121 323143 101070 344714 624611 253120 748884 308028 526056 256900 214924 695031 264167 629507 355099 338966 584281 676367 596525 842879 326028 645796 866206 337183 688674 631074 772301 612607 840238 844134 387599 1 722296 709136 244103 353708 918049 260172 833352 650800
 620722 143002 501422 560129 393679 525776 308497 614321 500975 113693 768128 959021 686254 888624 721787 825202 654025 783123 201869 537219 915437 468961 648241 446744 603261 387379 496792 400624 847891 472551 423079 121307 844826 445519 733435 720592 493156 862515 137370 474609 471720 722296 1 572529 498252 464751 376576 462380 219428 560084
 294822 461516 426080 856224 433040 183618 580305 53946 446841 552488 198369 736316 753550 615911 216121 613531 81664 524704 481304 459375 786951 105709 461363 905900 363184 503124 132852 172659 378427 221259 641583 458825 272794 412109 188911 210285 129858 385553 568085 220935 770278 709136 572529 1 650736 377580 399413 573871 455607 1002925
 453650 560927 244611 225811 787507 743736 781425 654430 223543 384562 818864 545916 188688 527994 644429 439598 712083 450367 317734 233483 457162 601405 335524 405755 377525 159114 517990 561233 677398 723702 82312 442660 869529 240285 696951 648758 673531 694857 626036 725355 171112 244103 498252 650736 1 278738 754436 76866 643130 451882
 196797 450449 56445 497248 609870 495798 664146 376863 73259 374716 540139 505171 380884 424750 373815 368135 434557 318544 271366 98822 492477 345324 185438 609552 146620 156782 245328 322695 438685 489388 288854 356156 591657 41337 421585 377247 421949 455749 550563 490676 421550 353708 464751 377580 278738 1 572574 203031 510457 686469
 620216 236851 628050 888273 38063 246025 199063 453358 640523 441828 544360 1054811 920254 950005 612052 919039 460919 845454 450503 670950 1063108 312960 737583 819559 652638 600327 422055 280019 771908 188331 702082 337474 622632 581831 587894 606989 270623 780828 279817 189524 794218 918049 376576 399413 754436 572574 1 690593 158365 932240
 384106 508683 173359 295834 724717 669164 731101 577833 153288 350088 742833 531443 232933 496250 572288 412954 635461 408734 269107 169774 461600 525575 283151 445237 311533 90267 441126 487104 614205 650910 102641 392106 794568 163871 623182 576332 598347 631675 583042 652517 227760 260172 462380 573871 76866 203031 690593 1 587728 504964
 606889 87197 561487 752337 174353 351245 154021 506649 569429 295973 632543 1013001 820659 920603 647991 875484 530812 813240 326703 603557 1000147 352199 690846 665045 619224 499301 429964 294135 797585 291793 581244 203188 712043 508847 639766 644537 343682 809286 129007 293664 659466 833352 219428 455607 643130 510457 158365 587728 1 778179
 881069 695434 672864 255918 952368 1030543 855894 1024136 654820 495478 1194666 973599 555251 974544 1058247 883661 1078339 901888 529701 674629 857552 921675 785659 113385 814235 529890 881373 861069 1117447 989136 403953 605735 1258321 645360 1099998 1061031 975910 1134874 686312 991160 280802 650800 560084 1002925 451882 686469 932240 504964 778179 1
LAMBDA_SECTION
1 284
2 485
3 277
4 407
5 969
6 545
7 999
8 965
9 668
10 228
11 272
12 983
13 825
14 689
15 88
16 862
17 6
18 943
19 308
20 101
21 270
22 387
23 664
24 118
25 303
26 993
27 764
28 232
29 236
30 171
31 983
32 911
33 222
34 99
35 205
36 740
37 126
38 242
39 943
40 550
41 802
42 611
43 500
44 4
45 830
46 983
47 701
48 321
49 922
50 770
