NAME : domp40p13v7
COMMENT : Cherkesly, Contardo & Gruson 2022
TYPE : DOMP
DIMENSION : 40
DISPLAY_DATA_TYPE : NO_DISPLAY
OPEN_FACILITIES : 13
COST_SECTION
 1 239279 889114 703047 63205 941229 1121013 669800 385310 516988 96260 1075532 1218889 413651 352226 891755 532327 1200624 643489 662376 715209 863423 760462 284501 349066 1111982 966153 970002 375950 465686 630028 876797 1013020 430083 785741 995645 547813 519354 1087933 588153
 239279 1 779692 465035 236996 702724 923632 469114 240617 419242 146117 896367 1017640 204305 121446 823276 486947 1024528 407095 513736 602005 813442 521826 105025 117161 913057 730034 787043 138368 251025 470612 660796 887444 237390 623571 768896 437363 321189 922173 403602
 889114 779692 1 817780 832083 911656 488831 441754 539495 373445 856106 366827 574556 879404 803104 157537 377717 437466 669452 283654 178119 220391 734974 868550 798970 492560 982265 338070 771831 588219 334132 513606 135450 561128 243499 643276 346673 509681 315022 428080
 703047 465035 817780 1 700506 238462 684893 376381 486806 611955 607510 724690 751737 320571 352558 934644 729185 841911 151194 553642 684534 960241 120048 436977 355147 670307 267352 626250 327152 332521 506842 401695 865065 395881 578640 423375 598272 367686 786887 415500
 63205 236996 832083 700506 1 937072 1081063 634161 342341 461729 116662 1030393 1179925 428966 356922 830712 471340 1154228 628207 613363 659741 801315 748618 303245 353049 1072591 966476 926389 375155 439195 583682 845442 957643 397116 738291 969649 493865 485441 1039512 548714
 941229 702724 911656 238462 937072 1 639676 502549 695979 789531 845848 718579 677665 553782 591006 1049698 909194 814194 333304 687678 813724 1088048 211611 674216 593609 624468 72830 643367 565282 542096 649589 411578 925067 604667 669671 344861 767924 553922 794562 573529
 1121013 923632 488831 684893 1081063 639676 1 455014 738823 671633 1051588 128954 101036 913836 878843 644161 751776 176679 591593 493519 531740 709180 565817 970831 877243 15241 709932 172067 840774 672805 507214 288785 413496 693976 371177 294862 633952 605366 207054 532926
 669800 469114 441754 376381 634161 502549 455014 1 297423 306745 597165 432783 550679 487424 435512 560756 422725 561299 227800 185789 314742 591540 303758 523255 433108 444884 567414 322655 398085 219265 147643 217673 499674 240118 207416 359267 277822 150906 470381 95200
 385310 240617 539495 486806 342341 695979 738823 297423 1 182768 328817 690235 837942 377108 287003 585982 272305 815619 362706 282445 361581 581392 486403 334762 282008 730505 744061 584878 265735 155119 245874 513879 650417 91669 402107 648661 197278 158874 704630 207611
 516988 419242 373445 611955 461729 789531 671633 306745 182768 1 483182 595603 772617 556695 468552 404177 119667 711765 467872 178198 198225 398788 579261 516699 463670 666645 847562 502741 444788 294251 175862 510141 496101 241181 302505 658608 37729 244279 590798 219030
 96260 146117 856106 607510 116662 845848 1051588 597165 328817 483182 1 1014196 1147843 318661 256093 875396 519792 1141010 552977 611154 678926 854272 667846 190274 253014 1041821 870063 906624 280706 385348 574053 797989 974200 357625 730210 911431 509776 446358 1032489 521515
 1075532 896367 366827 724690 1030393 718579 128954 432783 690235 595603 1014196 1 207732 915297 868145 519702 661802 128563 610272 422012 433751 586195 610619 955849 865816 137118 790845 110129 830566 650495 446821 324982 284644 660074 294983 382267 558147 575397 82477 493777
 1218889 1017640 574556 751737 1179925 677665 101036 550679 837942 772617 1147843 207732 1 997939 967821 726785 851686 191218 671177 594529 629703 793718 631697 1060876 966486 107598 744661 271830 929785 766618 608024 369103 485410 790532 471780 338790 734928 701517 271395 631308
 413651 204305 879404 320571 428966 553782 913836 487424 377108 556695 318661 915297 997939 1 93847 951900 648071 1042749 330102 596760 709746 954269 412453 129442 99171 901088 566573 805949 111912 291719 547087 628844 967712 322673 680878 702886 563487 371975 957570 458194
 352226 121446 803104 352558 356922 591006 878843 435512 287003 468552 256093 868145 967821 93847 1 867768 556228 996571 319600 523396 630085 867175 423015 95133 5325 866974 613972 758044 38071 223519 475118 601427 898042 242080 617127 692977 477876 304294 904106 391835
 891755 823276 157537 934644 830712 1049698 644161 560756 585982 404177 875396 519702 726785 951900 867768 1 359436 577026 783726 381737 251878 70309 862723 920625 863117 648522 1118741 495599 840730 668718 430457 662035 253527 629339 381727 796574 390144 596708 460522 525500
 532327 486947 377717 729185 471340 909194 751776 422725 272305 119667 519792 661802 851686 648071 556228 359436 1 768369 586668 270948 230833 334480 698892 590118 551068 748613 967122 579897 537425 405257 283304 618326 511371 347337 381696 767916 144904 362106 643373 337824
 1200624 1024528 437466 841911 1154228 814194 176679 561299 815619 711765 1141010 128563 191218 1042749 996571 577026 768369 1 733771 542477 537637 646706 725301 1084407 994271 191511 885057 238667 958951 779040 570756 440217 324551 787935 416183 470059 674838 703716 125983 621511
 643489 407095 669452 151194 628207 333304 591593 227800 362706 467872 552977 610272 671177 330102 319600 783726 586668 733771 1 402501 533372 809065 124916 414402 319952 578103 383896 505381 284225 209534 355671 303192 723529 271545 433411 374900 451494 225179 664578 264985
 662376 513736 283654 553642 613363 687678 493519 185789 282445 178198 611154 422012 594529 596760 523396 381737 270948 542477 402501 1 130920 407457 489107 594708 519521 488450 753108 325490 490731 305118 50630 351477 375705 283433 127029 501221 140604 226050 426153 145906
 715209 602005 178119 684534 659741 813724 531740 314742 361581 198225 678926 433751 629703 709746 630085 251878 230833 537637 533372 130920 1 276918 618497 692297 625760 530304 880445 360285 600285 421464 178697 453550 297918 388247 176496 600014 169152 346708 412542 273624
 863423 813442 220391 960241 801315 1088048 709180 591540 581392 398788 854272 586195 793718 954269 867175 70309 334480 646706 809065 407457 276918 1 895235 913649 862330 712947 1155743 556275 842433 678289 453399 710124 323687 633795 426662 848698 391166 610741 529155 546134
 760462 521826 734974 120048 748618 211611 565817 303758 486403 579261 667846 610619 631697 412453 423015 862723 698892 725301 124916 489107 618497 895235 1 514989 424357 551128 268620 515803 390997 334241 447271 285872 769283 395723 491875 304917 559008 342312 675943 365681
 284501 105025 868550 436977 303245 674216 970831 523255 334762 516699 190274 955849 1060876 129442 95133 920625 590118 1084407 414402 594708 692297 913649 514989 1 95477 959214 691663 845745 132278 306110 548516 695498 970388 311518 696227 788086 531775 384721 988548 471473
 349066 117161 798970 355147 353049 593609 877243 433108 282008 463670 253014 865816 966486 99171 5325 863117 551068 994271 319952 519521 625760 862330 424357 95477 1 865430 617088 755703 36861 220322 471359 600404 894315 237880 613846 692924 473173 300979 901383 388513
 1111982 913057 492560 670307 1072591 624468 15241 444884 730505 666645 1041821 137118 107598 901088 866974 648522 748613 191511 578103 488450 530304 712947 551128 959214 865430 1 694759 170031 828903 662115 500757 275080 420793 684284 367350 279670 629015 595486 216945 524112
 966153 730034 982265 267352 966476 72830 709932 567414 744061 847562 870063 790845 744661 566573 613972 1118741 967122 885057 383896 753108 880445 1155743 268620 691663 617088 694759 1 716192 591674 589065 713468 484274 997486 652394 739718 415132 827627 608150 867133 634131
 970002 787043 338070 626250 926389 643367 172067 322655 584878 502741 906624 110129 271830 805949 758044 495599 579897 238667 505381 325490 360285 556275 515803 845745 755703 170031 716192 1 720487 540513 344661 235233 297111 551291 200573 326178 465014 465906 160642 385370
 375950 138368 771831 327152 375155 565282 840774 398085 265735 444788 280706 830566 929785 111912 38071 840730 537425 958951 284225 490731 600285 842433 390997 132278 36861 828903 591674 720487 1 188298 441888 563561 864441 212192 581788 656521 451811 269325 867185 356776
 465686 251025 588219 332521 439195 542096 672805 219265 155119 294251 385348 650495 766618 291719 223519 668718 405257 779040 209534 305118 421464 678289 334241 306110 220322 662115 589065 540513 188298 1 255369 412646 676795 63546 393642 530732 290327 81045 682526 168484
 630028 470612 334132 506842 583682 649589 507214 147643 245874 175862 574053 446821 608024 547087 475118 430457 283304 570756 355671 50630 178697 453399 447271 548516 471359 500757 713468 344661 441888 255369 1 335589 422980 237028 156246 484880 141205 175765 458758 95600
 876797 660796 513606 401695 845442 411578 288785 217673 513879 510141 797989 324982 369103 628844 601427 662035 618326 440217 303192 351477 453550 710124 285872 695498 600404 275080 484274 235233 563561 412646 335589 1 514225 448335 283990 149823 476637 360369 392944 312214
 1013020 887444 135450 865065 957643 925067 413496 499674 650417 496101 974200 284644 485410 967712 898042 253527 511371 324551 723529 375705 297918 323687 769283 970388 894315 420793 997486 297111 864441 676795 422980 514225 1 659119 292577 622606 465725 595970 214190 509554
 430083 237390 561128 395881 397116 604667 693976 240118 91669 241181 357625 660074 790532 322673 242080 629339 347337 787935 271545 283433 388247 633795 395723 311518 237880 684284 652394 551291 212192 63546 237028 448335 659119 1 387061 575118 242734 89315 684786 166471
 785741 623571 243499 578640 738291 669671 371177 207416 402107 302505 730210 294983 471780 680878 617127 381727 381696 416183 433411 127029 176496 426662 491875 696227 613846 367350 739718 200573 581788 393642 156246 283990 292577 387061 1 426718 264807 312874 302529 225365
 995645 768896 643276 423375 969649 344861 294862 359267 648661 658608 911431 382267 338790 702886 692977 796574 767916 470059 374900 501221 600014 848698 304917 788086 692924 279670 415132 326178 656521 530732 484880 149823 622606 575118 426718 1 625668 490919 462178 454422
 547813 437363 346673 598272 493865 767924 633952 277822 197278 37729 509776 558147 734928 563487 477876 390144 144904 674838 451494 140604 169152 391166 559008 531775 473173 629015 827627 465014 451811 290327 141205 476637 465725 242734 264807 625668 1 231955 554374 194624
 519354 321189 509681 367686 485441 553922 605366 150906 158874 244279 446358 575397 701517 371975 304294 596708 362106 703716 225179 226050 346708 610741 342312 384721 300979 595486 608150 465906 269325 81045 175765 360369 595970 89315 312874 490919 231955 1 604270 87542
 1087933 922173 315022 786887 1039512 794562 207054 470381 704630 590798 1032489 82477 271395 957570 904106 460522 643373 125983 664578 426153 412542 529155 675943 988548 901383 216945 867133 160642 867185 682526 458758 392944 214190 684786 302529 462178 554374 604270 1 518978
 588153 403602 428080 415500 548714 573529 532926 95200 207611 219030 521515 493777 631308 458194 391835 525500 337824 621511 264985 145906 273624 546134 365681 471473 388513 524112 634131 385370 356776 168484 95600 312214 509554 166471 225365 454422 194624 87542 518978 1
LAMBDA_SECTION
1 470
2 163
3 330
4 102
5 956
6 930
7 966
8 882
9 981
10 390
11 129
12 288
13 863
14 701
15 131
16 684
17 642
18 921
19 286
20 945
21 870
22 474
23 13
24 824
25 935
26 467
27 89
28 626
29 834
30 721
31 814
32 572
33 972
34 916
35 246
36 541
37 71
38 919
39 3
40 572
