NAME : domp20p10v9
COMMENT : Cherkesly, Contardo & Gruson 2022
TYPE : DOMP
DIMENSION : 20
DISPLAY_DATA_TYPE : NO_DISPLAY
OPEN_FACILITIES : 10
COST_SECTION
 1 117185 82275 765001 428714 627215 546650 226156 766019 440904 188651 239263 145711 644593 644205 582831 242159 753724 856722 760074
 117185 1 84735 871126 460207 734380 557678 299985 881375 539841 208626 290419 80422 747357 757216 699589 326931 870832 962348 876683
 82275 84735 1 792709 497966 704933 489706 306252 834426 458835 131517 313277 68012 724322 685534 637144 324068 810559 883469 812887
 765001 871126 792709 1 989789 631631 717500 792465 495560 337749 724660 851752 846636 691761 173991 308934 758939 324600 91908 275250
 428714 460207 497966 989789 1 525011 973325 229920 745878 745908 617357 192044 536639 499260 824883 706436 247685 827693 1076438 859121
 627215 734380 704933 631631 525011 1 999854 463005 228708 574527 748020 508715 771915 60139 462176 329246 424771 357788 696006 403668
 546650 557678 489706 717500 973325 999854 1 754402 1026459 461203 360043 781574 480270 1042119 721187 765977 754709 919192 783073 893447
 226156 299985 306252 792465 229920 463005 754402 1 647414 522784 408083 60128 361137 464382 638322 536807 40694 685207 882354 706454
 766019 881375 834426 495560 745878 228708 1026459 647414 1 567342 844782 700757 902309 275376 355877 262993 606882 173831 537681 225367
 440904 539841 458835 337749 745908 574527 461203 522784 567342 1 387268 576509 510054 625795 272616 305288 498680 460269 426790 439002
 188651 208626 131517 724660 617357 748020 360043 408083 844782 387268 1 427285 144118 776564 641903 619379 416440 793724 812527 787700
 239263 290419 313277 851752 192044 508715 781574 60128 700757 576509 427285 1 360088 504905 698350 596700 98747 743679 941843 765709
 145711 80422 68012 846636 536639 771915 480270 361137 902309 510054 144118 360088 1 790208 746090 702349 382825 876230 936585 877356
 644593 747357 724322 691761 499260 60139 1042119 464382 275376 625795 776564 504905 790208 1 522098 388768 428375 414762 755958 461620
 644205 757216 685534 173991 824883 462176 721187 638322 355877 272616 641903 698350 746090 522098 1 135385 602408 206511 253325 173224
 582831 699589 637144 308934 706436 329246 765977 536807 262993 305288 619379 596700 702349 388768 135385 1 498360 174691 383946 177454
 242159 326931 324068 758939 247685 424771 754709 40694 606882 498680 416440 98747 382825 428375 602408 498360 1 645130 848264 666963
 753724 870832 810559 324600 827693 357788 919192 685207 173831 460269 793724 743679 876230 414762 206511 174691 645130 1 363868 51577
 856722 962348 883469 91908 1076438 696006 783073 882354 537681 426790 812527 941843 936585 755958 253325 383946 848264 363868 1 312315
 760074 876683 812887 275250 859121 403668 893447 706454 225367 439002 787700 765709 877356 461620 173224 177454 666963 51577 312315 1
LAMBDA_SECTION
1 599
2 230
3 112
4 161
5 904
6 309
7 712
8 695
9 48
10 387
11 238
12 147
13 488
14 736
15 254
16 66
17 590
18 13
19 268
20 944
