NAME : domp20p6v9
COMMENT : Cherkesly, Contardo & Gruson 2022
TYPE : DOMP
DIMENSION : 20
DISPLAY_DATA_TYPE : NO_DISPLAY
OPEN_FACILITIES : 6
COST_SECTION
 1 365469 492833 814846 817297 575652 645655 202598 521965 912247 546285 977902 342086 880463 828822 573355 406238 546122 151829 867282
 365469 1 150641 449387 522445 295740 388667 377185 378864 635701 470285 613012 214626 574062 522153 398504 251962 270300 214381 515215
 492833 150641 1 344849 374215 348813 258640 452024 488052 650198 590259 495430 229038 567802 519704 493196 377769 146645 342431 454845
 814846 449387 344849 1 395790 389325 439694 796607 589913 489663 698865 168990 571546 380120 355538 559183 550183 405450 663626 177866
 817297 522445 374215 395790 1 667892 180572 703172 842339 873655 950024 422067 480021 767622 734993 835031 746150 271951 680678 573544
 575652 295740 348813 389325 667892 1 599045 653660 200640 346178 309722 548417 509391 304848 253431 173633 194874 494449 451542 340661
 645655 388667 258640 439694 180572 599045 1 523012 746672 864675 848104 525023 304516 768172 726700 750921 633327 118369 516324 603933
 202598 377185 452024 796607 703172 653660 523012 1 656885 999830 705259 945340 235564 947548 895280 699553 525089 448514 214857 888169
 521965 378864 488052 589913 842339 200640 746672 656885 1 424579 110631 748389 581038 433387 391253 58518 135944 632164 442107 528797
 912247 635701 650198 489663 873655 346178 864675 999830 424579 1 480761 574415 844234 110645 139246 366072 508823 782094 796157 322960
 546285 470285 590259 698865 950024 309722 848104 705259 110631 480761 1 855303 660782 510368 474096 144129 218352 731947 494760 628562
 977902 613012 495430 168990 422067 548417 525023 945340 748389 574415 855303 1 713770 465354 457733 712856 717247 524128 826160 256745
 342086 214626 229038 571546 480021 509391 304516 235564 581038 844234 660782 713770 1 774454 723692 607462 446880 215277 225468 681676
 880463 574062 567802 380120 767622 304848 768172 947548 433387 110645 510368 465354 774454 1 52341 377419 489932 692347 753075 212401
 828822 522153 519704 355538 734993 253431 726700 895280 391253 139246 474096 457733 723692 52341 1 336911 440728 647182 700827 200992
 573355 398504 493196 559183 835031 173633 750921 699553 58518 366072 144129 712856 607462 377419 336911 1 174470 639350 484907 484491
 406238 251962 377769 550183 746150 194874 633327 525089 135944 508823 218352 717247 446880 489932 440728 174470 1 516111 310449 531510
 546122 270300 146645 405450 271951 494449 118369 448514 632164 782094 731947 524128 215277 692347 647182 639350 516111 1 408894 550501
 151829 214381 342431 663626 680678 451542 516324 214857 442107 796157 494760 826160 225468 753075 700827 484907 310449 408894 1 722756
 867282 515215 454845 177866 573544 340661 603933 888169 528797 322960 628562 256745 681676 212401 200992 484491 531510 550501 722756 1
LAMBDA_SECTION
1 451
2 367
3 332
4 937
5 506
6 787
7 365
8 8
9 836
10 301
11 361
12 487
13 33
14 866
15 20
16 754
17 210
18 768
19 801
20 193
