NAME : domp80p20v10
COMMENT : Cherkesly, Contardo & Gruson 2022
TYPE : DOMP
DIMENSION : 80
DISPLAY_DATA_TYPE : NO_DISPLAY
OPEN_FACILITIES : 20
COST_SECTION
 1 612458 164208 530204 496167 433477 734391 327541 309685 207802 356300 124249 424429 220677 261320 455826 291456 259448 608062 539112 635863 662316 636402 730817 483798 341311 287535 399618 418314 218735 341793 123625 339456 142517 284059 378529 420710 463196 675751 283799 244353 436616 244313 491061 482831 567236 375577 507246 257843 559239 702364 576618 347370 484146 274137 232859 371531 672004 549001 424980 170244 344989 196346 343332 319098 376381 595353 308901 410670 554620 732042 397605 288995 111041 827797 434762 773060 608674 451014 902772
 612458 1 534331 271649 140287 969628 1151878 861328 311658 761728 377627 711979 630330 521165 869160 386561 897320 844914 1000587 903521 932694 452023 357038 915374 880287 953436 817493 519404 409346 427061 953394 555255 306949 612942 893333 954578 937459 733196 920565 524261 854735 865832 801817 823311 129643 849039 393355 701743 855489 354346 396404 519675 812640 386778 759100 396662 979725 338585 96396 312906 676345 267968 429876 886439 420468 964063 638049 362584 637593 547632 1146977 818520 424323 686370 743593 878739 444951 518407 986393 702428
 164208 534331 1 529506 401024 595927 897250 328184 280696 228904 209712 286207 539256 317537 399151 494267 381551 316776 767682 693899 783825 698532 650941 863113 641168 461895 451716 485189 465844 107970 447778 41093 230270 286552 383571 533951 584640 597390 816624 379860 377719 596579 268326 639075 410690 710057 417203 628325 333690 581240 718000 642361 508862 521264 231678 141977 464134 676875 454257 286877 142084 277648 117491 506258 369957 433376 688648 181673 529187 630654 894742 555375 339009 275183 908403 596175 789420 669774 613336 959873
 530204 271649 529506 1 305433 786568 913448 840871 249396 724735 473090 591042 385910 355098 751227 132565 817915 788970 762889 665137 677777 203781 127108 646586 652627 844318 647357 278259 168954 432869 857824 530488 370465 468703 807176 796888 747747 488706 657992 327977 743523 649760 764687 583863 232963 596269 180429 444844 787801 86405 191937 248090 615869 122706 757162 396341 894007 147370 310954 448577 654780 279309 412680 714614 232426 906583 367007 421472 397315 276687 908062 605275 254364 563319 485976 666254 262133 248736 801631 475717
 496167 140287 401024 305433 1 882910 1099167 725511 222803 629794 237507 605162 597199 445568 756908 383206 772912 715666 949691 855305 901138 507655 420551 908705 823768 836706 728115 490600 391951 295877 832574 425449 170929 520222 770788 856045 854999 695667 900331 464639 740508 801293 669349 778163 72662 816736 360744 678876 728782 391177 474104 539982 737552 393493 621735 269095 855837 417448 53595 176546 542922 157516 304468 795975 368947 833731 645978 224471 600373 557995 1094777 753472 362532 581327 790880 811437 533991 547905 900224 775408
 433477 969628 595927 786568 882910 1 348758 563166 663199 497489 786689 309792 447983 449251 252534 662018 380555 448395 283529 287271 401679 816210 841813 559732 234942 288188 155158 525181 620783 644559 336856 554838 751841 362929 357440 104801 45887 383641 473680 459813 275700 189442 500089 316227 846939 389438 607358 462595 412864 767095 893145 681280 174195 683375 595634 649357 380307 889802 930907 849775 538969 725750 615097 90471 562034 473842 615311 733113 429482 639040 348912 210634 550148 323644 831220 167647 950680 715959 17689 961960
 734391 1151878 897250 913448 1099167 348758 1 911073 878877 838312 1061911 621509 527670 658500 600062 781223 729295 795941 151380 248999 263639 861592 921292 402078 275607 633891 453184 637283 749189 919303 682861 857522 1003512 620997 706197 451871 334719 424767 324665 634700 622464 306083 844860 330113 1046559 328467 758784 477961 760853 862683 952814 722113 389072 792175 936451 913572 724158 970688 1138859 1111604 868226 952092 884573 417788 734371 820527 611531 1000057 517378 677692 6417 352288 737030 625611 753640 302599 991261 749097 337221 906730
 327541 861328 328184 840871 725511 563166 911073 1 598887 119794 507549 349963 737618 547487 311012 780093 188687 115315 820728 779795 892097 987505 954946 1014889 718387 297952 481990 725609 744069 436152 254517 314728 554944 452948 209787 463846 577764 755174 946597 609481 288865 662668 85275 755756 738817 839026 699609 812346 150304 879836 1021784 904029 575366 808376 109089 469624 235278 986719 777958 587515 188643 605194 441414 497007 644245 149498 916543 501476 721660 881031 910838 639307 613392 366622 1151570 651370 1093145 936205 576211 1230256
 309685 311658 280696 249396 222803 663199 878877 598887 1 486392 254700 401192 393704 222851 560009 239963 600549 559133 730492 637689 692246 430200 373125 719862 603270 646892 509274 297233 226085 184229 650939 284883 156617 302596 593734 643358 633774 486016 699737 246912 546882 579032 526965 562674 184669 608501 180302 481364 563639 308196 439742 403672 514852 262869 510336 148058 681174 396652 268268 263703 410741 75737 163454 577838 163554 678816 483475 191585 393446 405906 874652 531234 148062 375189 673229 588823 510767 423979 680324 700210
 207802 761728 228904 724735 629794 497489 838312 119794 486392 1 427702 243257 622150 428030 250563 660798 172404 92951 735287 685288 794023 868087 837057 908982 624819 274940 392849 606476 624486 334782 245574 207055 459156 336382 183238 407609 503953 645651 844432 490381 226014 570587 40660 653951 636028 735884 580314 699396 120092 761397 903732 784384 480647 689102 98282 365553 249079 869816 683100 507688 88752 499434 334343 420570 524726 204812 799031 409666 606743 761795 837383 542312 493973 255972 1033326 561792 974970 816473 512539 1110567
 356300 377627 209712 473090 237507 786689 1061911 507549 254700 427702 1 480113 628372 420045 606866 493124 589179 519429 922089 837792 910977 671039 599932 959852 792560 671604 635341 543557 480770 143560 656805 246815 103298 441638 592395 734659 769405 709198 929608 467795 586121 755915 464112 771380 278220 830256 434445 718977 539855 547154 662690 657836 675240 514320 399698 150028 671085 611253 284524 80292 339089 196648 177349 696220 409371 631260 736695 67063 624122 660543 1058638 710495 386085 463413 926677 759871 730077 676810 804352 944181
 124249 711979 286207 591042 605162 309792 621509 349963 401192 243257 480113 1 394101 241942 161232 494405 242460 249494 503967 445707 551887 691826 682600 666274 386524 253312 168942 403031 452978 340619 269078 245134 456774 127001 226355 256091 299415 405215 601199 291899 152502 334488 266383 410845 583116 492628 418746 464003 230581 603535 745525 585920 243454 521750 334281 350832 309094 723523 656747 547227 250003 449361 314890 220062 362050 346369 578257 430593 376962 555916 619631 301988 337061 27724 815241 328769 813665 620446 327251 908972
 424429 630330 539256 385910 597199 447983 527670 737618 393704 622150 628372 394101 1 222045 516743 253563 630898 643198 376980 279235 304538 370064 407781 331752 270991 607706 347417 110998 222507 505196 639654 512018 543558 285969 611785 493449 403480 103449 306059 163048 521298 279142 652399 197972 536055 220171 239143 91028 624429 340873 451844 233315 276408 265556 698086 483556 685264 457346 629711 654204 594521 469211 468319 400416 231215 737847 186657 561316 19279 191313 522341 241671 246580 373203 423025 298816 505155 267997 459577 530555
 220677 521165 317537 355098 445568 449251 658500 547487 222851 428030 420045 241942 222045 1 398809 252467 480470 469349 512048 422411 490933 451960 440865 550099 383349 492969 299994 179107 211106 287864 511007 291931 348164 115579 466360 445338 416300 290594 511941 64404 393336 356512 463296 352364 401510 410545 177987 311993 459491 361761 503583 356817 293121 279834 492031 270789 550665 482557 489649 458502 385402 294126 250671 368885 122774 579048 378094 354047 213067 333944 654494 308779 103257 214636 607942 365987 571856 389585 465782 683113
 261320 869160 399151 751227 756908 252534 600062 311012 560009 250563 606866 161232 516743 398809 1 650303 135501 195960 514700 484927 601179 842336 839180 739723 423453 94650 191193 546887 608253 476877 123134 360294 600252 283388 112172 157344 267382 500781 663107 442495 24599 366973 248714 476358 739737 560389 576734 571178 160835 760078 900800 728043 288405 677039 347326 493773 169628 881355 809444 680352 306995 603649 457235 188880 520715 240539 703321 566310 498000 694086 599842 353612 496901 188734 938683 352356 967674 763294 266184 1044712
 455826 386561 494267 132565 383206 662018 781223 780093 239963 660798 493124 494405 253563 252467 650303 1 731419 713764 630504 532722 549048 207594 188956 531080 520264 744752 528784 145861 42540 414688 763473 485115 391731 367861 718074 680053 621761 356627 534069 211101 645598 518728 698998 451440 313357 466510 80487 316558 707367 109968 251131 165365 489365 28327 708338 380993 802922 232838 403832 490032 601800 299714 385719 594301 136823 827233 262788 431385 264755 175790 775878 474978 166946 467054 433587 535746 319898 184023 676487 466225
 291456 897320 381551 817915 772912 380555 729295 188687 600549 172404 589179 242460 630898 480470 135501 731419 1 85207 649526 620134 736072 932289 917655 872040 558581 110448 324264 645489 690950 478651 73584 350001 605822 368024 23472 278374 400177 626279 796931 533671 119114 502088 150718 608754 768384 692952 653397 693050 52331 839047 982039 828378 421475 759273 253484 503826 83015 956234 826484 667835 254648 629621 468816 323838 596091 108367 816914 562055 612892 798107 729464 486833 568515 268026 1053798 487768 1051315 862882 392394 1151080
 259448 844914 316776 788970 715666 448395 795941 115315 559133 92951 519429 249494 643198 469349 195960 713764 85207 1 705932 667147 780572 918942 895757 907611 605579 194495 368800 643083 675138 419791 158405 290287 545921 364644 101721 350298 462457 652039 836997 527899 173580 549556 65782 646500 717574 730300 633916 713161 36661 818356 961569 824775 463509 742022 168277 448366 156728 931409 769185 599161 180514 579517 415205 381760 576969 119880 826143 498422 626274 798159 795660 528081 547489 270165 1062799 537612 1032088 858247 461729 1150462
 608062 1000587 767682 762889 949691 283529 151380 820728 730492 735287 922089 503967 376980 512048 514700 630504 649526 705932 1 97814 148349 719346 774814 310431 129601 567570 342445 486157 598022 780857 615243 729171 859167 484869 626056 386255 252208 274632 222615 485055 534351 171447 747517 179082 896077 189709 607431 332495 673106 714068 809268 578670 261544 642076 831867 772643 660408 824411 988638 968381 753931 804386 745253 325824 583697 749710 473942 858820 366260 533821 146396 212994 587223 503505 640328 175200 851193 607350 278951 788846
 539112 903521 693899 665137 855305 287271 248999 779795 637689 685288 837792 445707 279235 422411 484927 532722 620134 667147 97814 1 117401 626660 679184 272515 61665 550998 298418 388356 500236 698480 596174 656860 770549 407742 596968 379424 245964 177291 186676 391163 501568 118097 702038 81283 800416 111557 510217 239188 636814 617208 715498 485547 204903 544498 779278 687818 643017 728856 893289 880641 694038 712246 662190 301675 487973 725035 386294 773352 268455 440549 243868 143746 492832 440759 570408 133227 759705 515397 288734 713800
 635863 932694 783825 677777 901138 401679 263639 892097 692246 794023 910977 551887 304538 490933 601179 549048 736072 780572 148349 117401 1 603573 669656 163832 178003 668369 412832 414246 523353 776415 713411 748818 835286 498145 713018 496212 361885 206288 75305 447769 617205 234336 812811 145010 840587 84422 543578 232937 751096 617607 695947 466716 317064 555076 886144 761538 760314 718291 934243 946402 796711 767951 739400 419021 533054 841560 350947 844886 300794 423505 257325 252796 544249 544039 495494 250469 730712 491222 401619 646395
 662316 452023 698532 203781 507655 816210 861592 987505 430200 868087 671039 691826 370064 451960 842336 207594 932289 918942 719346 626660 603573 1 95855 527153 633435 936927 700569 298835 244030 612598 959505 691448 567755 564929 917685 851615 772410 455659 563314 400492 840127 648263 906045 550222 435678 533159 287994 387499 910934 123889 93168 141198 642638 179440 915606 577282 1000811 130468 507930 651342 809250 474673 586568 760858 343420 1030681 253519 615248 387796 186211 855567 611732 374122 665144 291664 668417 135150 112532 828506 273343
 636402 357038 650941 127108 420551 841813 921292 954946 373125 837057 599932 682600 407781 440865 839180 188956 917655 895757 774814 679184 669656 95855 1 608273 678182 933576 714393 316674 231271 557318 951644 648999 497478 556415 905025 866059 799858 503185 636406 399425 834194 685759 876327 599762 349885 594175 264381 443331 891484 79116 67156 204412 667764 162950 875576 520996 990476 49715 416773 572862 771339 406400 535231 778488 321625 1011181 327483 548554 423392 246288 915475 645340 349373 655122 387245 704591 138718 186992 855435 354858
 730817 915374 863113 646586 908705 559732 402078 1014889 719862 908982 959852 666274 331752 550099 739723 531080 872040 907611 310431 272515 163832 527153 608273 1 327327 814164 548548 423180 516933 836292 857035 832431 872963 588400 849645 649402 517795 267716 88531 494253 753137 380606 932389 263396 841714 179351 549779 240901 881031 572737 619775 406797 451327 528625 995719 815264 904398 653297 933805 982826 898851 794244 799269 566310 556384 979553 282616 892789 337722 371140 395690 386250 575616 653314 356248 399727 640674 421337 561168 511309
 483798 880287 641168 652627 823768 234942 275607 718387 603270 624819 792560 386524 270991 383349 423453 520264 558581 605579 129601 61665 178003 633435 678182 327327 1 490781 236807 374409 484770 651546 535520 603314 729854 356622 535442 322105 191402 177853 244098 359671 439951 56494 640987 88341 772158 154518 488987 251332 575165 611803 719340 492643 144173 534892 719338 643060 582498 727842 864038 838893 635724 676576 615825 241449 460751 663692 404561 729222 256892 447870 271410 86195 462027 382854 604664 72979 768056 524605 238706 742762
 341311 953436 461895 844318 836706 288188 633891 297952 646892 274940 671604 253312 607706 492969 94650 744752 110448 194495 567570 550998 668369 936927 933576 814164 490781 1 270860 641109 702757 549381 48975 425857 675290 377427 93099 183393 315365 585388 734163 537144 101092 435165 258804 552262 823796 635277 670768 658094 158992 854465 995357 821839 365402 771560 362078 569821 92867 975509 889794 747960 349250 686266 533537 249367 614521 186691 793901 636971 588768 787322 634588 429099 590182 281026 1028174 417963 1062307 857156 297567 1137012
 287535 817493 451716 647357 728115 155158 453184 481990 509274 392849 635341 168942 347417 299994 191193 528784 324264 368800 342445 298418 412832 700569 714393 548548 236807 270860 1 402286 486503 492366 310465 410961 597199 207929 301549 151722 134137 314941 472669 319681 205150 180770 406089 285170 693510 369231 466933 389096 338462 637137 770332 573796 97304 552452 489526 495536 357861 760679 776476 696431 415410 570828 461816 69036 417701 431199 530477 580047 328144 535213 451484 162631 402681 176538 761501 169699 832324 609293 172678 877466
 399618 519404 485189 278259 490600 525181 637283 725609 297233 606476 543557 403031 110998 179107 546887 145861 645489 643083 486157 388356 414246 298835 316674 423180 374409 641109 402286 1 111928 432741 666419 464533 452049 279082 629038 553738 483208 214267 409731 116129 546497 373907 640994 307171 427462 330146 130126 188307 630081 243254 369094 182890 351094 161966 670897 406156 709371 364954 521027 560818 564017 371152 397433 464104 134653 748277 203488 476945 119907 155503 632062 331179 158053 377827 429069 391517 430049 217508 538761 507429
 418314 409346 465844 168954 391951 620783 749189 744069 226085 624486 480770 452978 222507 211106 608253 42540 690950 675138 598022 500236 523353 244030 231271 516933 484770 702757 486503 111928 1 392136 721975 454143 381697 326223 677263 637682 580930 325940 513367 168562 603826 480821 662207 419079 324931 439801 49079 292956 667864 152402 292708 180030 448647 68832 675147 359951 761768 275377 417548 484533 568142 292378 361161 552240 99932 787712 260337 416951 231815 179867 743979 436353 131161 425731 450071 497313 360754 204628 635419 494468
 218735 427061 107970 432869 295877 644559 919303 436152 184229 334782 143560 340619 505196 287864 476877 414688 478651 419791 780857 698480 776415 612598 557318 836292 651546 549381 492366 432741 392136 1 540912 129610 127176 298506 477936 596511 626317 578384 799776 342192 457846 613530 374777 634678 302745 697482 343154 596193 433403 491733 623839 572024 531968 440039 338306 36641 561665 579685 349409 206611 249479 170528 37195 554146 304622 538055 633828 90173 498581 566515 916125 568587 276363 322282 841671 616976 694722 596270 662242 880032
 341793 953394 447778 857824 832574 336856 682861 254517 650939 245574 656805 269078 639654 511007 123134 763473 73584 158405 615243 596174 713411 959505 951644 857035 535520 48975 310465 666419 721975 540912 1 414082 667848 395778 64570 232105 363083 623023 778145 559014 119947 479537 224114 594308 823904 677824 687620 694081 125751 872593 1014583 848438 406587 790773 326510 563922 47426 992261 885993 734649 325905 685464 528162 294640 630733 137723 826279 626455 620967 815399 683550 471070 604945 296523 1061787 462963 1082562 883525 346439 1166796
 123625 555255 41093 530488 425449 554838 857522 314728 284883 207055 246815 245134 512018 291931 360294 485115 350001 290287 729171 656860 748818 691448 648999 832431 603314 425857 410961 464533 454143 129610 414082 1 256376 250717 350401 493283 543715 565659 783594 355539 339337 557875 247516 603869 429025 676353 406296 599961 303992 576955 716153 627657 469590 512709 226756 158669 432961 677509 478998 322134 126128 292489 127495 465191 356008 408923 667384 212407 501008 613355 855086 517325 324612 234430 891025 556973 787716 656366 572245 948536
 339456 306949 230270 370465 170929 751841 1003512 554944 156617 459156 103298 456774 543558 348164 600252 391731 605822 545921 859167 770549 835286 567755 497478 872963 729854 675290 597199 452049 381697 127176 667848 256376 1 392888 605031 712350 729316 630472 848307 387746 582109 698291 498563 699807 190887 752785 336769 632967 560360 443868 560845 556902 623648 412177 452152 106600 688836 510338 224015 111148 372037 93448 143113 662254 317454 663420 640042 57614 541276 561507 999795 651394 297437 435672 824924 704783 628917 574914 769482 840883
 142517 612942 286552 468703 520222 362929 620997 452948 302596 336382 441638 127001 285969 115579 283388 367861 368024 364644 484869 407742 498145 564929 556415 588400 356622 377427 207929 279082 326223 298506 395778 250717 392888 1 352838 342009 337275 320726 534807 165687 277780 315701 367682 353170 487236 426788 293364 366014 351001 477305 618893 461630 233636 395038 413207 295378 436094 598082 568854 496165 311939 362901 264462 275834 237389 469420 463734 381644 271035 433694 617908 271887 214491 100230 699464 318520 686793 495728 380344 786415
 284059 893333 383571 807176 770788 357440 706197 209787 593734 183238 592395 226355 611785 466360 112172 718074 23472 101721 626056 596968 713018 917685 905025 849645 535442 93099 301549 629038 677263 477936 64570 350401 605031 352838 1 255640 376754 605165 774174 518200 96510 478950 165705 586298 764070 670477 640647 672637 65901 826235 968997 811868 398818 745785 268980 501811 87544 944268 824292 670400 261688 625392 466338 300379 583409 130045 798067 562805 593631 780926 706330 464168 556375 252613 1034799 464508 1037915 846535 369436 1133713
 378529 954578 533951 796888 856045 104801 451871 463846 643358 407609 734659 256091 493449 445338 157344 680053 278374 350298 386255 379424 496212 851615 866059 649402 322105 183393 151722 553738 637682 596511 232105 493283 712350 342009 255640 1 135471 446771 565671 470118 181738 269673 405714 394610 827885 473792 616562 524510 314070 788672 922028 723068 221199 703968 504647 606740 275561 912212 906439 803100 458823 698829 570918 93425 565734 369293 672168 686577 474231 683421 452314 276190 548595 276757 897773 249806 983777 758468 114694 1020362
 420710 937459 584640 747747 854999 45887 334719 577764 633774 503953 769405 299415 403480 416300 267382 621761 400177 462457 252208 245964 361885 772410 799858 517795 191402 315365 134137 483208 580930 626317 363083 543715 729316 337275 376754 135471 1 337792 432637 422556 288916 144065 510180 271040 816433 345578 569446 416740 427999 725804 850283 636785 132442 642494 602189 628737 408212 848125 901995 829831 538360 698504 595393 83611 525853 498159 569566 713654 385135 594290 334055 164959 515566 309713 785424 122434 907083 671333 56114 916099
 463196 733196 597390 488706 695667 383641 424767 755174 486016 645651 709198 405215 103449 290594 500781 356627 626279 652039 274632 177291 206288 455659 503185 267716 177853 585388 314941 214267 325940 578384 623023 565659 630472 320726 605165 446771 337792 1 221414 242766 510061 199372 671296 96717 636407 122562 340835 78958 628429 440014 542210 314795 226170 367500 729973 560883 670101 552898 729990 741617 631709 561737 541192 354119 327060 734640 232404 642589 95959 270020 419361 173534 337988 389780 451045 220967 590211 346835 392493 578327
 675751 920565 816624 657992 900331 473680 324665 946597 699737 844432 929608 601199 306059 511941 663107 534069 796931 836997 222615 186676 75305 563314 636406 88531 244098 734163 472669 409731 513367 799776 778145 783594 848307 534807 774174 565671 432637 221414 1 461978 677818 299048 865565 190865 836532 108944 539702 221498 808925 591220 656442 431996 375532 536314 934092 781871 825339 683777 929865 959262 840769 775268 762582 485142 537143 903591 310266 862805 307063 391308 318251 310199 552298 590695 429034 317047 685446 452584 474455 582141
 283799 524261 379860 327977 464639 459813 634700 609481 246912 490381 467795 291899 163048 64404 442495 211101 533671 527899 485055 391163 447769 400492 399425 494253 359671 537144 319681 116129 168562 342192 559014 355539 387746 165687 518200 470118 422556 242766 461978 1 439692 341677 524878 315778 412665 365042 147811 254011 515987 320828 459223 296884 292557 236478 556098 321275 600522 443938 504368 498894 449632 322056 305282 386652 104566 634842 313691 400903 156784 271595 630247 294273 102362 265695 544111 354518 525322 330558 475323 622708
 244353 854735 377719 743523 740508 275700 622464 288865 546882 226014 586121 152502 521298 393336 24599 645598 119114 173580 534351 501568 617205 840127 834194 753137 439951 101092 205150 546497 603826 457846 119947 339337 582109 277780 96510 181738 288916 510061 677818 439692 1 383474 224790 489789 725164 573970 570800 578862 139227 755084 896534 728494 302374 672658 322912 475840 164183 875616 793282 660292 282865 588333 439337 208934 514304 226475 707943 546892 502790 695579 622137 367731 489554 180224 944031 369671 964049 763578 289668 1047251
 436616 865832 596579 649760 801293 189442 306083 662668 579032 570587 755915 334488 279142 356512 366973 518728 502088 549556 171447 118097 234336 648263 685759 380606 56494 435165 180770 373907 480821 613530 479537 557875 698291 315701 478950 269673 144065 199372 299048 341677 383474 1 585879 127024 753212 204124 479347 277506 518916 615896 730985 509139 91039 535866 665781 607492 526607 735080 843703 805828 584366 650561 578603 186119 445449 607256 431592 693981 262610 465176 302735 47823 442983 332664 642356 21994 783404 542542 195998 775618
 244313 801817 268326 764687 669349 500089 844860 85275 526965 40660 464112 266383 652399 463296 248714 698998 150718 65782 747517 702038 812811 906045 876327 932389 640987 258804 406089 640994 662207 374777 224114 247516 498563 367682 165705 405714 510180 671296 865565 524878 224790 585879 1 674728 676382 757520 618547 727559 99832 800360 942900 820056 497153 727319 103282 405880 221112 909500 722571 544302 126822 539963 374885 427643 562626 167156 831313 448355 636501 796472 844235 560199 532069 282042 1066465 575770 1014055 852495 514346 1146350
 491061 823311 639075 583863 778163 316227 330113 755756 562674 653951 771380 410845 197972 352364 476358 451440 608754 646500 179082 81283 145010 550222 599762 263396 88341 552262 285170 307171 419079 634678 594308 603869 699807 353170 586298 394610 271040 96717 190865 315778 489789 127024 674728 1 721889 84209 429961 164647 618923 536658 637835 409051 188016 463337 744450 621461 641718 649471 815052 810540 653091 637806 597867 306919 409756 716174 316811 705943 187266 364066 324904 123248 416320 401338 517566 148623 684190 440054 321977 654543
 482831 129643 410690 232963 72662 846939 1046559 738817 184669 636028 278220 583116 536055 401510 739737 313357 768384 717574 896077 800416 840587 435678 349885 841714 772158 823796 693510 427462 324931 302745 823904 429025 190887 487236 764070 827885 816433 636407 836532 412665 725164 753212 676382 721889 1 756196 297388 615115 727184 318562 405375 468095 694585 322328 639120 270505 850634 349568 93656 231370 552035 138764 302430 762211 312454 837067 575773 248452 540569 487185 1041956 705490 310501 557773 718230 764704 467369 475462 863947 704589
 567236 849039 710057 596269 816736 389438 328467 839026 608501 735884 830256 492628 220171 410545 560389 466510 692952 730300 189709 111557 84422 533159 594175 179351 154518 635277 369231 330146 439801 697482 677824 676353 752785 426788 670477 473792 345578 122562 108944 365042 573970 204124 757520 84209 756196 1 459270 152321 702968 538839 624370 393728 271986 473618 825220 681322 725208 643329 849851 863932 731866 684231 660347 388372 448795 800326 284743 763863 216433 349455 322474 206907 460449 481819 458980 224416 663474 420696 393097 603473
 375577 393355 417203 180429 360744 607358 758784 699609 180302 580314 434445 418746 239143 177987 576734 80487 653397 633916 607431 510217 543578 287994 264381 549779 488987 670768 466933 130126 49079 343154 687620 406296 336769 293364 640647 616562 569446 340835 539702 147811 570800 479347 618547 429961 297388 459270 1 318207 628182 185651 328735 228890 438372 108789 628486 311186 726141 304817 390991 441724 521756 249608 312083 534286 57319 748018 303308 369930 244916 226499 753824 433250 86585 391169 498776 494295 398565 253692 622706 542769
 507246 701743 628325 444844 678876 462595 477961 812346 481364 699396 718977 464003 91028 311993 571178 316558 693050 713161 332495 239188 232937 387499 443331 240901 251332 658094 389096 188307 292956 596193 694081 599961 632967 366014 672637 524510 416740 78958 221498 254011 578862 277506 727559 164647 615115 152321 318207 1 691647 386562 476827 246460 303419 322141 779180 574544 740805 492749 708516 743273 677426 556447 559291 431504 317930 801156 154199 651914 99142 201503 472151 252434 335550 445764 373486 299263 520607 276281 471365 499370
 257843 855489 333690 787801 728782 412864 760853 150304 563639 120092 539855 230581 624429 459491 160835 707367 52331 36661 673106 636814 751096 910934 891484 881031 575165 158992 338462 630081 667864 433403 125751 303992 560360 351001 65901 314070 427999 628429 808925 515987 139227 518916 99832 618923 727184 702968 628182 691647 1 813456 956720 812563 434231 735492 203090 460099 131355 928494 782375 618960 203406 588570 425819 348081 570946 119867 808836 515000 607064 784425 760662 499203 542243 253441 1045810 506295 1026747 846501 425968 1137334
 559239 354346 581240 86405 391177 767095 862683 879836 308196 761397 547154 603535 340873 361761 760078 109968 839047 818356 714068 617208 617607 123889 79116 572737 611803 854465 637137 243254 152402 491733 872593 576955 443868 477305 826235 788672 725804 440014 591220 320828 755084 615896 800360 536658 318562 538839 185651 386562 813456 1 143275 167716 593434 84712 802904 455979 911551 123543 397322 528641 697752 350796 467246 701879 242960 933233 290493 491562 355170 201814 857039 574089 271215 576075 399794 634070 213843 164066 781079 397114
 702364 396404 718000 191937 474104 893145 952814 1021784 439742 903732 662690 745525 451844 503583 900800 251131 982039 961569 809268 715498 695947 93168 67156 619775 719340 995357 770332 369094 292708 623839 1014583 716153 560845 618893 968997 922028 850283 542210 656442 459223 896534 730985 942900 637835 405375 624370 328735 476827 956720 143275 1 230774 718970 223877 942721 587442 1054018 57983 465087 632252 838417 470753 602140 833084 386051 1076504 346488 612884 468648 275477 946838 692477 414485 718185 362078 750553 71566 204766 906186 306172
 576618 519675 642361 248090 539982 681280 722113 904029 403672 784384 657836 585920 233315 356817 728043 165365 828378 824775 578670 485547 466716 141198 204412 406797 492643 821839 573796 182890 180030 572024 848438 627657 556902 461630 811868 723068 636785 314795 431996 296884 728494 509139 820056 409051 468095 393728 228890 246460 812563 167716 230774 1 509083 148131 843306 539980 891784 252132 553928 655169 735923 465073 540557 630874 272409 931005 124270 595231 251829 45016 716153 474212 303487 560676 270125 529652 275417 35533 692875 326300
 347370 812640 508862 615869 737552 174195 389072 575366 514852 480647 675240 243454 276408 293121 288405 489365 421475 463509 261544 204903 317064 642638 667764 451327 144173 365402 97304 351094 448647 531968 406587 469590 623648 233636 398818 221199 132442 226170 375532 292557 302374 91039 497153 188016 694585 271986 438372 303419 434231 593434 718970 509083 1 510057 575300 528678 454011 715894 782557 728923 493332 583262 498097 128087 396721 528503 451401 615082 257515 467688 386327 65359 388680 241973 676840 87407 776865 544074 187693 799625
 484146 386778 521264 122706 393493 683375 792175 808376 262869 689102 514320 521750 265556 279834 677039 28327 759273 742022 642076 544498 555076 179440 162950 528625 534892 771560 552452 161966 68832 440039 790773 512709 412177 395038 745785 703968 642494 367500 536314 236478 672658 535866 727319 463337 322328 473618 108789 322141 735492 84712 223877 148131 510057 1 736289 405903 830454 208245 410717 507963 629839 319385 411755 617334 165116 855359 254422 453635 278193 165004 786715 493007 195271 494469 412856 553450 292132 162838 697557 440133
 274137 759100 231678 757162 621735 595634 936451 109089 510336 98282 399698 334281 698086 492031 347326 708338 253484 168277 831867 779278 886144 915606 875576 995719 719338 362078 489526 670897 675147 338306 326510 226756 452152 413207 268980 504647 602189 729973 934092 556098 322912 665781 103282 744450 639120 825220 628486 779180 203090 802904 942721 843306 575300 736289 1 373367 319561 904244 673607 479396 107387 508783 348513 518766 575555 249427 868984 397265 683843 824560 935482 635777 544127 343402 1099930 657745 1014286 873792 610583 1167664
 232859 396662 141977 396341 269095 649357 913572 469624 148058 365553 150028 350832 483556 270789 493773 380993 503826 448366 772643 687818 761538 577282 520996 815264 643060 569821 495536 406156 359951 36641 563922 158669 106600 295378 501811 606740 628737 560883 781871 321275 475840 607492 405880 621461 270505 681322 311186 574544 460099 455979 587442 539980 528678 405903 373367 1 586743 543092 322660 201195 281895 135692 36540 559305 275511 567404 605532 86515 478058 536012 910176 561631 248510 330405 809959 612217 658264 563437 667037 845560
 371531 979725 464134 894007 855837 380307 724158 235278 681174 249079 671085 309094 685264 550665 169628 802922 83015 156728 660408 643017 760314 1000811 990476 904398 582498 92867 357861 709371 761768 561665 47426 432961 688836 436094 87544 275561 408212 670101 825339 600522 164183 526607 221112 641718 850634 725208 726141 740805 131355 911551 1054018 891784 454011 830454 319561 586743 1 1030272 909401 750031 334512 711890 551638 341368 669014 100825 871921 644901 666675 859414 725056 518477 642443 336103 1107752 509846 1122521 926740 389060 1211344
 672004 338585 676875 147370 417448 889802 970688 986719 396652 869816 611253 723523 457346 482557 881355 232838 956234 931409 824411 728856 718291 130468 49715 653297 727842 975509 760679 364954 275377 579685 992261 677509 510338 598082 944268 912212 848125 552898 683777 443938 875616 735080 909500 649471 349568 643329 304817 492749 928494 123543 57983 252132 715894 208245 904244 543092 1030272 1 407363 578004 801366 421934 560012 825337 361531 1047900 374056 563607 472840 294786 964855 694398 387896 695917 414680 753807 118927 232317 903587 364135
 549001 96396 454257 310954 53595 930907 1138859 777958 268268 683100 284524 656747 629711 489649 809444 403832 826484 769185 988638 893289 934243 507930 416773 933805 864038 889794 776476 521027 417548 349409 885993 478998 224015 568854 824292 906439 901995 729990 929865 504368 793282 843703 722571 815052 93656 849851 390991 708516 782375 397322 465087 553928 782557 410717 673607 322660 909401 407363 1 217054 596044 207712 357956 844675 405371 887156 665058 276533 634178 575655 1134321 795907 402017 632574 796017 854600 520521 558534 948120 770009
 424980 312906 286877 448577 176546 849775 1111604 587515 263703 507688 80292 547227 654204 458502 680352 490032 667835 599161 968381 880641 946402 651342 572862 982826 838893 747960 696431 560818 484533 206611 734649 322134 111148 496165 670400 803100 829831 741617 959262 498894 660292 805828 544302 810540 231370 863932 441724 743273 618960 528641 632252 655169 728923 507963 479396 201195 750031 578004 217054 1 419002 192248 234694 759522 426598 711457 744541 116818 652203 663319 1108015 759316 407773 528599 919881 811489 696634 670390 867463 924180
 170244 676345 142084 654780 542922 538969 868226 188643 410741 88752 339089 250003 594521 385402 306995 601800 254648 180514 753931 694038 796711 809250 771339 898851 635724 349250 415410 564017 568142 249479 325905 126128 372037 311939 261688 458823 538360 631709 840769 449632 282865 584366 126822 653091 552035 731866 521756 677426 203406 697752 838417 735923 493332 629839 107387 281895 334512 801366 596044 419002 1 417138 252876 455147 468440 293341 762972 321534 580895 717374 866679 550410 437044 253336 993086 578735 909952 766416 555231 1060324
 344989 267968 277648 279309 157516 725750 952092 605194 75737 499434 196648 449361 469211 294126 603649 299714 629621 579517 804386 712246 767951 474673 406400 794244 676576 686266 570828 371152 292378 170528 685464 292489 93448 362901 625392 698829 698504 561737 775268 322056 588333 650561 539963 637806 138764 684231 249608 556447 588570 350796 470753 465073 583262 319385 508783 135692 711890 421934 207712 192248 417138 1 165095 638555 238522 699186 552294 142170 469141 471539 947970 602869 223798 424960 732241 659515 539814 482216 743111 747659
 196346 429876 117491 412680 304468 615097 884573 441414 163454 334343 177349 314890 468319 250671 457235 385719 468816 415205 745253 662190 739400 586568 535231 799269 615825 533537 461816 397433 361161 37195 528162 127495 143113 264462 466338 570918 595393 541192 762582 305282 439337 578603 374885 597867 302430 660347 312083 559291 425819 467246 602140 540557 498097 411755 348513 36540 551638 560012 357956 234694 252876 165095 1 524880 271087 534639 599238 118261 461548 533553 881313 533319 242096 294913 809636 582537 673408 565726 632784 851841
 343332 886439 506258 714614 795975 90471 417788 497007 577838 420570 696220 220062 400416 368885 188880 594301 323838 381760 325824 301675 419021 760858 778488 566310 241449 249367 69036 464104 552240 554146 294640 465191 662254 275834 300379 93425 83611 354119 485142 386652 208934 186119 427643 306919 762211 388372 534286 431504 348081 701879 833084 630874 128087 617334 518766 559305 341368 825337 844675 759522 455147 638555 524880 1 485878 425706 578750 642815 381232 590792 416950 185705 471404 233238 804919 168597 893737 666201 108134 926938
 319098 420468 369957 232426 368947 562034 734371 644245 163554 524726 409371 362050 231215 122774 520715 136823 596091 576969 583697 487973 533054 343420 321625 556384 460751 614521 417701 134653 99932 304622 630733 356008 317454 237389 583409 565734 525853 327060 537143 104566 514304 445449 562626 409756 312454 448795 57319 317930 570946 242960 386051 272409 396721 165116 575555 275511 669014 361531 405371 426598 468440 238522 271087 485878 1 690794 330082 343009 232475 262593 729707 398274 31481 334417 539501 458760 455816 300400 577881 592853
 376381 964063 433376 906583 833731 473842 820527 149498 678816 204812 631260 346369 737847 579048 240539 827233 108367 119880 749710 725035 841560 1030681 1011181 979553 663692 186691 431199 748277 787712 538055 137723 408923 663420 469420 130045 369293 498159 734640 903591 634842 226475 607256 167156 716174 837067 800326 748018 801156 119867 933233 1076504 931005 528503 855359 249427 567404 100825 1047900 887156 711457 293341 699186 534639 425706 690794 1 923433 614450 720019 902021 821177 593818 662020 370621 1160435 592105 1146581 965147 483852 1255079
 595353 638049 688648 367007 645978 615311 611531 916543 483475 799031 736695 578257 186657 378094 703321 262788 816914 826143 473942 386294 350947 253519 327483 282616 404561 793901 530477 203488 260337 633828 826279 667384 640042 463734 798067 672168 569566 232404 310266 313691 707943 431592 831313 316811 575773 284743 303308 154199 808836 290493 346488 124270 451401 254422 868984 605532 871921 374056 665058 744541 762972 552294 599238 578750 330082 923433 1 671249 205322 90418 605390 404692 357477 556091 237028 453287 379942 142322 624623 348230
 308901 362584 181673 421472 224471 733113 1000057 501476 191585 409666 67063 430593 561316 354047 566310 431385 562055 498422 858820 773352 844886 615248 548554 892789 729222 636971 580047 476945 416951 90173 626455 212407 57614 381644 562805 686577 713654 642589 862805 400903 546892 693981 448355 705943 248452 763863 369930 651914 515000 491562 612884 595231 615082 453635 397265 86515 644901 563607 276533 116818 321534 142170 118261 642815 343009 614450 671249 1 557132 596375 996647 648055 319276 411791 864799 698728 681756 615395 750801 887581
 410670 637593 529187 397315 600373 429482 517378 721660 393446 606743 624122 376962 19279 213067 498000 264755 612892 626274 366260 268455 300794 387796 423392 337722 256892 588768 328144 119907 231815 498581 620967 501008 541276 271035 593631 474231 385135 95959 307063 156784 502790 262610 636501 187266 540569 216433 244916 99142 607064 355170 468648 251829 257515 278193 683843 478058 666675 472840 634178 652203 580895 469141 461548 381232 232475 720019 205322 557132 1 210180 512164 224104 245574 356520 441317 281935 522796 286657 441246 549756
 554620 547632 630654 276687 557995 639040 677692 881031 405906 761795 660543 555916 191313 333944 694086 175790 798107 798159 533821 440549 423505 186211 246288 371140 447870 787322 535213 155503 179867 566515 815399 613355 561507 433694 780926 683421 594290 270020 391308 271595 695579 465176 796472 364066 487185 349455 226499 201503 784425 201814 275477 45016 467688 165004 824560 536012 859414 294786 575655 663319 717374 471539 533553 590792 262593 902021 90418 596375 210180 1 671757 431041 292521 531415 277800 485846 320264 77382 650328 353068
 732042 1146977 894742 908062 1094777 348912 6417 910838 874652 837383 1058638 619631 522341 654494 599842 775878 729464 795660 146396 243868 257325 855567 915475 395690 271410 634588 451484 632062 743979 916125 683550 855086 999795 617908 706330 452314 334055 419361 318251 630247 622137 302735 844235 324904 1041956 322474 753824 472151 760662 857039 946838 716153 386327 786715 935482 910176 725056 964855 1134321 1108015 866679 947970 881313 416950 729707 821177 605390 996647 512164 671757 1 348730 732558 623464 747224 299652 985150 743065 337628 900319
