NAME : domp50p12v9
COMMENT : Cherkesly, Contardo & Gruson 2022
TYPE : DOMP
DIMENSION : 50
DISPLAY_DATA_TYPE : NO_DISPLAY
OPEN_FACILITIES : 12
COST_SECTION
 1 126806 282410 880407 491193 87732 215441 337548 289815 443775 301483 262464 392551 552427 227945 706014 546330 768314 703139 871867 300936 264763 428776 605172 389214 480523 679004 244984 89167 151847 696899 221186 503821 211491 856962 66430 85806 708681 565206 97855 612574 473001 427927 131487 307842 587763 357610 402511 296010 270133
 126806 1 394618 846163 572243 110729 199893 310975 410315 476821 273859 384187 482582 437736 285530 704343 477272 719633 784072 834666 186367 317975 420858 654021 284734 441033 759989 270039 127728 238757 780411 227607 596216 125041 805881 106028 146931 614331 472558 139803 539442 408608 527313 98916 248248 495864 307222 387120 420974 387777
 282410 394618 1 1118804 562350 363527 327628 593343 264197 621560 561273 243998 459914 831407 418642 911095 819611 1023200 746092 1113588 522488 449467 660267 735161 671129 736700 724276 470618 275881 333481 732924 468885 538686 493893 1112347 290166 253151 990287 846838 267075 886976 745360 455086 412020 583272 869179 626684 643565 109126 34891
 880407 846163 1118804 1 712184 794624 1046047 543722 917076 525208 580692 918226 755234 655659 700807 257211 405596 153741 753492 23155 929887 672424 458868 537785 642966 405303 746146 649669 950780 785457 770410 660878 780151 724680 123654 921924 959107 467404 499166 963143 374600 453271 809450 763635 598837 485182 539076 479379 1064893 1091422
 491193 572243 562350 712184 1 461646 704404 418742 298876 222536 423665 318514 105252 811797 289545 457898 618901 684659 212533 717175 755301 263081 366626 197664 655010 484145 188369 330970 578016 340803 208168 380003 68715 540269 761421 557614 567536 832745 721022 584107 674880 564511 117196 484245 499302 733371 483830 388253 466121 527612
 87732 110729 363527 794624 461646 1 274785 251046 316298 379060 214534 292695 372122 484774 176658 627788 459516 680843 673656 785640 296054 210682 347040 550829 316316 393315 649551 172756 159587 130221 669807 140067 485788 138312 769410 130892 165019 627233 483919 171241 526117 385904 418230 50839 221276 506044 269947 318636 361441 347436
 215441 199893 327628 1046047 704404 274785 1 508978 469411 652818 471587 440539 603432 585617 441395 898666 671770 918344 915304 1034461 216809 477806 615499 819379 459242 640922 891253 447483 126724 367141 908101 412882 712101 322868 1003909 150175 137551 789036 652108 120336 731392 605473 632614 289246 447756 675541 507043 583502 402539 339227
 337548 310975 593343 543722 418742 251046 508978 1 449430 228048 37459 438682 378669 393160 205005 395692 240104 432318 601385 534595 438995 197412 115948 409573 243310 144141 579722 136063 407455 268054 605270 124499 472963 202393 521362 378544 415389 443422 313809 419720 307247 168844 442618 221335 95474 330181 65163 78468 561228 570388
 289815 410315 264197 917076 298876 316298 469411 449430 1 395079 429010 28876 198885 787103 244500 686296 689468 845856 484414 915779 590648 258918 475783 479381 615565 577328 462032 313511 355388 200664 472320 338881 275528 447422 932828 346344 337083 889424 752558 356203 756292 617917 191379 362526 481691 771717 502931 472238 168407 229334
 443775 476821 621560 525208 222536 379060 652818 228048 395079 1 246998 399578 233816 612828 218529 292240 398933 473474 377793 525805 639007 182036 147973 184502 471065 263531 357339 207339 531142 305959 383720 249997 288450 401786 555360 504330 529516 612154 506860 541043 452992 349775 293383 378037 321395 517299 288666 176150 551830 590428
 301483 273859 561273 580692 423665 214534 471587 37459 429010 246998 1 416387 374627 390463 186705 431717 264213 467231 613660 571308 406432 185605 149807 430912 231657 179116 591399 117242 370241 240914 616370 94593 474172 168091 556107 341345 378468 460514 325857 382543 331996 190703 437477 183900 76433 343931 73987 113912 533315 539267
 262464 384187 243998 918226 318514 292695 440539 438682 28876 399578 416387 1 216022 767676 234911 691692 678709 842578 508746 916201 563398 253049 471854 493870 596235 570001 486079 302667 326744 182317 497163 324511 299311 425825 930140 318095 308310 875987 737849 327443 745927 606389 214884 339981 465878 757444 490013 465984 154849 209391
 392551 482582 459914 755234 105252 372122 603432 378669 198885 233816 374627 216022 1 764434 211176 510180 601696 706852 312019 757213 668103 194116 356062 281537 599905 472079 288044 266680 477704 245540 304728 312520 113671 466240 789173 458696 466053 814145 691362 483134 663165 539197 64597 400863 446238 706415 442795 367830 367285 425384
 552427 437736 831407 655659 811797 484774 585617 393160 787103 612828 390463 767676 764434 1 564502 659656 274689 501941 990484 635480 384824 572126 470605 782568 171539 377999 969627 499904 563142 586445 995688 459179 864393 346464 560797 543647 583846 234730 157899 574322 282950 278964 826463 434111 318483 170480 328271 437435 845140 822071
 227945 285530 418642 700807 289545 176658 441395 205005 244500 218529 186705 234911 211176 564502 1 496820 444977 613159 499776 696325 466240 36922 243973 377999 395708 335569 475804 69622 316704 88835 497117 105437 322530 255118 701675 291314 313048 646733 512455 325794 511810 373701 267717 194759 247864 530636 260563 233109 367843 390658
 706014 704343 911095 257211 457898 627788 898666 395692 686296 292240 431717 691692 510180 659656 496820 1 385935 276900 501543 265453 830308 463202 283547 280792 580473 300227 492445 461537 787212 585516 517509 487722 525140 597608 330496 758646 790464 549560 509620 798583 399105 390661 560224 609643 478938 506820 421119 317808 844026 880780
 546330 477272 819611 405596 618901 459516 671770 240104 689468 398933 264213 678709 601696 274689 444977 385935 1 258615 767042 388563 530019 434686 252282 542998 238400 135451 748830 376163 597502 505126 775794 358686 681454 352405 337534 570286 611284 213933 124904 610213 67851 74342 666260 415867 238498 126601 193655 234096 797178 799694
 768314 719633 1023200 153741 684659 680843 918344 432318 845856 473474 467231 842578 706852 501941 613159 276900 258615 1 768732 133742 788019 590023 370772 538766 496984 288240 756897 553764 831719 691668 783061 555533 753251 595489 89170 803281 842379 320113 345722 844332 221708 314795 766818 644539 471681 331462 414501 380918 980970 998479
 703139 784072 746092 753492 212533 673656 915304 601385 484414 377793 613660 508746 312019 990484 499776 501543 767042 768732 1 764601 966007 470774 523423 232192 844056 633024 24167 534438 789296 553243 20385 583861 209609 745347 831153 769512 778014 975556 881289 794975 813302 725041 293991 694357 690062 889939 664435 553825 641858 711302
 871867 834666 1113588 23155 717175 785640 1034461 534595 915779 525805 571308 916201 757213 635480 696325 265453 388563 133742 764601 1 914793 668744 453322 546198 626517 394507 756633 643631 940943 780111 781211 653200 785416 712464 100739 912143 949748 445006 479461 953368 355321 438476 812438 753563 586834 465021 527444 472233 1061672 1086656
 300936 186367 522488 929887 755301 296054 216809 438995 590648 639007 406432 563398 668103 384824 466240 830308 530019 788019 966007 914793 1 496083 554937 821552 294053 539996 942044 439108 253688 425086 963233 391569 781773 239327 867223 251185 276657 605340 479570 259517 579473 476635 713653 271775 351371 502162 409844 517157 574881 525694
 264763 317975 449467 672424 263081 210682 477806 197412 258918 182036 185605 253049 194116 572126 36922 463202 434686 590023 470774 668744 496083 1 219306 341777 406097 318516 446980 72650 353416 124165 469098 119007 301712 277360 677975 327825 349944 640793 510020 362595 500457 365563 254615 224377 253665 527108 257692 213357 393100 420473
 428776 420858 660267 458868 366626 347040 615499 115948 475783 147973 149807 471854 356062 470605 243973 283547 252282 370772 523423 453322 554937 219306 1 312439 341676 117856 503710 190968 506561 326791 530346 207747 429661 317697 458675 477758 511451 466127 359006 518280 309486 202042 419980 326296 208197 369332 159668 38849 611433 633494
 605172 654021 735161 537785 197664 550829 819379 409573 479381 184502 430912 493870 281537 782568 377999 280792 542998 538766 232192 546198 821552 341777 312439 1 650451 412137 218592 384553 694250 456661 245132 430424 258059 585618 605072 669254 689243 747602 661599 702914 585229 508350 313143 556211 504249 668168 466870 347762 647513 701320
 389214 284734 671129 642966 655010 316316 459242 243310 615565 471065 231657 596235 599905 171539 395708 580473 238400 496984 844056 626517 294053 406097 341676 650451 1 280338 822105 333454 412461 414906 847351 290309 703619 178750 574084 389673 431199 331255 192918 424503 285422 195784 660624 265478 155710 216331 183598 304107 677726 659216
 480523 441033 736700 405303 484145 393315 640922 144141 577328 263531 179116 570001 472079 377999 335569 300227 135451 288240 633024 394507 539996 318516 117856 412137 280338 1 614400 271138 546776 407966 641303 267994 547502 320966 377241 518053 556235 348758 249503 559262 191742 99044 536350 359277 195162 256997 134739 106457 700320 713031
 679004 759989 724276 746146 188369 649551 891253 579722 462032 357339 591399 486079 288044 969627 475804 492445 748830 756897 24167 756633 942044 446980 503710 218592 822105 614400 1 511002 765211 529078 27055 560427 186778 721881 821021 745382 753989 958221 862107 770921 796125 705579 271212 670429 667824 871128 643054 533484 620573 689452
 244984 270039 470618 649669 330970 172756 447483 136063 313511 207339 117242 302667 266680 499904 69622 461537 376163 553764 534438 643631 439108 72650 190968 384553 333454 271138 511002 1 328966 137908 534131 49425 373093 210921 642760 301137 330199 577113 443093 339703 443277 304413 327206 171728 181640 461122 190995 173110 429209 444962
 89167 127728 275881 950780 578016 159587 126724 407455 355388 531142 370241 326744 477704 563142 316704 787212 597502 831719 789296 940943 253688 353416 506561 694250 412461 546776 765211 328966 1 240507 782428 299573 587402 246890 919396 28936 23176 741699 599520 12716 661458 526493 509192 187519 361891 622748 417296 477528 321197 274667
 151847 238757 333481 785457 340803 130221 367141 268054 200664 305959 240914 182317 245540 586445 88835 585516 505126 691668 553243 780111 425086 124165 326791 456661 414906 407966 529078 137908 240507 1 547840 146558 358731 249415 780667 218051 233346 696578 557021 248079 572907 431468 288567 168647 284401 577097 312938 310961 293177 307193
 696899 780411 732924 770410 208168 669807 908101 605270 472320 383720 616370 497163 304728 995688 497117 517509 775794 783061 20385 781211 963233 469098 530346 245132 847351 641303 27055 534131 782428 547840 1 583539 198997 744857 846573 763175 770654 985262 888871 787829 823174 732272 282954 691869 692802 897980 668808 559866 627997 698200
 221186 227607 468885 660878 380003 140067 412882 124499 338881 249997 94593 324511 312520 459179 105437 487722 358686 555533 583861 653200 391569 119007 207747 430424 290309 267994 560427 49425 299573 146558 583539 1 420695 161514 644684 270944 303782 551522 413694 311077 426503 284927 371484 128709 144045 433024 166475 181773 438723 445930
 503821 596216 538686 780151 68715 485788 712101 472963 275528 288450 474172 299311 113671 864393 322530 525140 681454 753251 209609 785416 781773 301712 429661 258059 703619 547502 186778 373093 587402 358731 198997 420695 1 577415 830135 569570 574555 895377 780201 592154 738901 624610 84435 514102 548372 793438 538073 448862 436704 503808
 211491 125041 493893 724680 540269 138312 322868 202393 447422 401786 168091 425825 466240 346464 255118 597608 352405 595489 745347 712464 239327 277360 317697 585618 178750 320966 721881 210921 246890 249415 744857 161514 577415 1 681305 220926 262648 498703 355468 259518 415194 283601 521124 87694 125949 378379 186231 280843 499281 480942
 856962 805881 1112347 123654 761421 769410 1003909 521362 932828 555360 556107 930140 789173 560797 701675 330496 337534 89170 831153 100739 867223 677975 458675 605072 574084 377241 821021 642760 919396 780667 846573 644684 830135 681305 1 891061 930410 355515 409531 932036 291072 398756 847974 732479 558493 392273 502110 469807 1069517 1087557
 66430 106028 290166 921924 557614 130892 150175 378544 346344 504330 341345 318095 458696 543647 291314 758646 570286 803281 769512 912143 251185 327825 477758 669254 389673 518053 745382 301137 28936 218051 763175 270944 569570 220926 891061 1 41824 717606 575006 41227 634612 498913 492812 158869 333999 598144 388955 448617 326388 285741
 85806 146931 253151 959107 567536 165019 137551 415389 337083 529516 378468 308310 466053 583846 313048 790464 611284 842379 778014 949748 276657 349944 511451 689243 431199 556235 753989 330199 23176 233346 770654 303782 574555 262648 930410 41824 1 759402 616826 19212 675868 539582 495278 197956 374368 639966 428475 483622 298290 251538
 708681 614331 990287 467404 832745 627233 789036 443422 889424 612154 460514 875987 814145 234730 646733 549560 213933 320113 975556 445006 605340 640793 466127 747602 331255 348758 958221 577113 741699 696578 985262 551522 895377 498703 355515 717606 759402 1 143479 753975 162393 275911 878741 578268 413630 121203 386539 447440 982185 974609
 565206 472558 846838 499166 721022 483919 652108 313809 752558 506860 325857 737849 691362 157899 512455 509620 124904 345722 881289 479461 479570 510020 359006 661599 192918 249503 862107 443093 599520 557021 888871 413694 780201 355468 409531 575006 616826 143479 1 611888 125203 157136 755654 434826 272793 23454 252471 333054 840102 831344
 97855 139803 267075 963143 584107 171241 120336 419720 356203 541043 382543 327443 483134 574322 325794 798583 610213 844332 794975 953368 259517 362595 518280 702914 424503 559262 770921 339703 12716 248079 787829 311077 592154 259518 932036 41227 19212 753975 611888 1 674148 539208 513271 200039 374589 635131 429930 489487 315912 267111
 612574 539442 886976 374600 674880 526117 731392 307247 756292 452992 331996 745927 663165 282950 511810 399105 67851 221708 813302 355321 579473 500457 309486 585229 285422 191742 796125 443277 661458 572907 823174 426503 738901 415194 291072 634612 675868 162393 125203 674148 1 142086 727579 481670 304855 114254 261446 295562 865026 867295
 473001 408608 745360 453271 564511 385904 605473 168844 617917 349775 190703 606389 539197 278964 373701 390661 74342 314795 725041 438476 476635 365563 202042 508350 195784 99044 705579 304413 526493 431468 732272 284927 624610 283601 398756 498913 539582 275911 157136 539208 142086 1 603753 343117 165541 168897 119363 176269 723132 725357
 427927 527313 455086 809450 117196 418230 632614 442618 191379 293383 437477 214884 64597 826463 267717 560224 666260 766818 293991 812438 713653 254615 419980 313143 660624 536350 271212 327206 509192 288567 282954 371484 84435 521124 847974 492812 495278 878741 755654 513271 727579 603753 1 451201 508005 770841 506464 432343 354547 420195
 131487 98916 412020 763635 484245 50839 289246 221335 362526 378037 183900 339981 400863 434111 194759 609643 415867 644539 694357 753563 271775 224377 326296 556211 265478 359277 670429 171728 187519 168647 691869 128709 514102 87694 732479 158869 197956 578268 434826 200039 481670 343117 451201 1 177579 457166 230529 294425 412268 397021
 307842 248248 583272 598837 499302 221276 447756 95474 481691 321395 76433 465878 446238 318483 247864 478938 238498 471681 690062 586834 351371 253665 208197 504249 155710 195162 667824 181640 361891 284401 692802 144045 548372 125949 558493 333999 374368 413630 272793 374589 304855 165541 508005 177579 1 293282 60502 169432 568807 564941
 587763 495864 869179 485182 733371 506044 675541 330181 771717 517299 343931 757444 706415 170480 530636 506820 126601 331462 889939 465021 502162 527108 369332 668168 216331 256997 871128 461122 622748 577097 897980 433024 793438 378379 392273 598144 639966 121203 23454 635131 114254 168897 770841 457166 293282 1 270159 345119 861354 853408
 357610 307222 626684 539076 483830 269947 507043 65163 502931 288666 73987 490013 442795 328271 260563 421119 193655 414501 664435 527444 409844 257692 159668 466870 183598 134739 643054 190995 417296 312938 668808 166475 538073 186231 502110 388955 428475 386539 252471 429930 261446 119363 506464 230529 60502 270159 1 121316 603930 606247
 402511 387120 643565 479379 388253 318636 583502 78468 472238 176150 113912 465984 367830 437435 233109 317808 234096 380918 553825 472233 517157 213357 38849 347762 304107 106457 533484 173110 477528 310961 559866 181773 448862 280843 469807 448617 483622 447440 333054 489487 295562 176269 432343 294425 169432 345119 121316 1 600443 618071
 296010 420974 109126 1064893 466121 361441 402539 561228 168407 551830 533315 154849 367285 845140 367843 844026 797178 980970 641858 1061672 574881 393100 611433 647513 677726 700320 620573 429209 321197 293177 627997 438723 436704 499281 1069517 326388 298290 982185 840102 315912 865026 723132 354547 412268 568807 861354 603930 600443 1 77324
 270133 387777 34891 1091422 527612 347436 339227 570388 229334 590428 539267 209391 425384 822071 390658 880780 799694 998479 711302 1086656 525694 420473 633494 701320 659216 713031 689452 444962 274667 307193 698200 445930 503808 480942 1087557 285741 251538 974609 831344 267111 867295 725357 420195 397021 564941 853408 606247 618071 77324 1
LAMBDA_SECTION
1 258
2 937
3 228
4 494
5 973
6 159
7 616
8 763
9 339
10 94
11 924
12 328
13 328
14 135
15 719
16 943
17 482
18 869
19 57
20 239
21 382
22 235
23 42
24 713
25 605
26 771
27 813
28 693
29 994
30 284
31 518
32 215
33 207
34 377
35 630
36 351
37 779
38 147
39 354
40 118
41 886
42 477
43 160
44 84
45 596
46 660
47 733
48 942
49 1000
50 876
