NAME : domp80p20v7
COMMENT : Cherkesly, Contardo & Gruson 2022
TYPE : DOMP
DIMENSION : 80
DISPLAY_DATA_TYPE : NO_DISPLAY
OPEN_FACILITIES : 20
COST_SECTION
 1 258443 155739 574602 364022 416720 637065 561209 764527 792501 284619 550620 259617 415995 743421 128109 96937 581190 476248 496981 366405 147562 113785 505840 314863 204106 627342 137908 398833 841274 843891 532360 532007 429361 484113 429310 127580 692378 100315 802608 359876 311789 428976 712188 728021 361153 713710 679855 357209 750236 858538 64588 251566 555297 144512 569814 863103 889334 526393 386722 830754 428594 372415 282472 510139 765581 270906 293974 579631 502185 495629 872658 456022 149969 842471 690840 677343 668698 598572 412439
 258443 1 200243 355192 596221 306978 382500 565451 509583 728912 264333 398895 266213 199751 587147 147616 355360 580506 336298 563742 189694 161504 247179 261532 131012 319726 371541 249320 478267 633791 769026 303200 355243 183451 366201 192862 221965 468020 197449 566664 546508 60203 215776 494019 649947 168965 464181 484566 122316 639289 614442 296905 353526 351687 402869 312289 661237 641648 466804 617529 753789 550445 574626 248219 297489 642353 503950 539980 612717 349281 261971 635895 594839 351608 818683 728684 427452 669040 349412 525665
 155739 200243 1 440715 515065 261441 533964 669152 695743 874733 365726 397282 110932 397430 772978 75439 230881 687618 322695 626587 228536 206409 236887 459964 189377 335668 558100 53666 529707 833183 921200 406030 383842 382445 328614 393097 34964 668262 57879 765442 515043 230033 300192 694102 802082 230305 657372 681116 251208 807164 810049 147070 382380 414896 268521 477767 859924 834872 604822 537944 906842 573048 528133 356415 375614 815725 423224 439030 699280 529319 462174 834225 604954 303754 943652 814256 620740 777412 487617 554203
 574602 355192 440715 1 935465 250996 185236 882138 411183 984707 605921 177085 401457 412466 755815 446625 664968 893429 195518 905454 212182 514994 596873 355272 259751 674810 320670 489734 826616 697445 1010813 57646 117250 337595 236156 367117 475628 528115 480752 559933 899451 296336 146094 563534 900657 213635 423018 609504 232978 857963 561628 585704 708351 49054 706683 205419 733010 564489 756370 957722 994930 903780 924966 588326 65123 846327 841866 868575 939757 580853 391645 610637 949315 696948 1100008 1052032 398220 976010 130662 878350
 364022 596221 515065 935465 1 775473 976955 545303 1064576 810385 454536 912346 605712 690782 891801 490076 287091 565126 837759 415962 729854 439288 351332 798625 676327 314195 935384 481670 355362 1048977 868646 890196 895935 732411 841745 721462 482479 938271 463327 1058807 142598 655481 789372 947225 777452 723165 1001425 887508 709988 838654 1127523 372923 315732 918455 262052 902931 1060587 1165063 606159 22908 860428 292830 101060 467298 871728 867501 93611 88509 515821 694409 775509 1126375 271246 245475 796755 587133 967738 625096 945628 303221
 416720 306978 261441 250996 775473 1 412599 869632 626196 1033153 563127 140408 177939 470659 862409 305828 489156 885458 68699 853913 131509 422885 481917 472595 178397 577231 506506 295242 761538 859225 1070902 248920 149814 415047 67736 440174 293076 683233 316755 747686 774019 276754 178745 716242 952702 157396 616273 735815 230898 933806 768045 403427 620648 207193 521938 393529 892046 779905 773568 798378 1055413 818319 788967 548660 199371 932222 684265 697050 912666 640616 495549 808386 855034 562156 1125635 1029138 583975 974601 355219 796853
 637065 382500 533964 185236 976955 412599 1 814018 225981 870672 581011 361910 528770 341325 613076 513888 733488 821528 369570 864434 326027 537947 625799 246226 346168 683358 154104 587324 799893 525789 888555 164503 299810 270998 413240 295047 566490 365862 558336 379899 914647 325664 249967 400966 787200 312871 243950 461148 284221 730661 376786 665273 706731 233095 779734 79899 561911 379341 674244 997815 872878 888076 947356 563173 215326 713084 885482 922479 879359 482167 285982 427069 938149 731524 997477 984217 224416 895910 57775 860963
 561209 565451 669152 882138 545303 869632 814018 1 778139 265322 308369 962159 777132 476860 412511 596139 587458 21031 901678 137678 754696 463611 448242 568845 696438 360996 695306 682378 195178 612307 323475 824546 913039 551935 931113 524124 660041 578478 618523 690880 403138 609327 766286 568092 238006 732623 702030 482582 672022 314996 770018 622750 316626 894495 614242 736290 609733 814024 148264 549306 315129 257819 447751 321607 838369 350093 517721 576532 73069 342222 529699 743639 297648 453844 282078 170792 681425 108356 815720 242770
 764527 509583 695743 411183 1064576 626196 225981 778139 1 764513 622628 587527 716302 374284 474813 656256 860395 779931 590238 861176 521163 637014 721608 266186 523099 752477 138214 748865 818795 332631 768752 385150 524677 337305 634715 344030 723946 217747 705382 172112 976033 466694 451533 244588 686534 502094 76257 328911 450904 611119 151620 806467 762507 458730 908533 233862 368229 154478 629942 1083096 754098 914840 1015261 606793 435813 584584 979365 1025524 849842 438523 290276 205405 967688 824726 903032 939256 100507 838408 281630 887280
 792501 728912 874733 984707 810385 1033153 870672 265322 764513 1 512687 1100240 974969 577882 298407 799311 833945 245276 1050931 397296 906262 671090 679232 633565 854758 604981 725984 898431 459478 500217 58336 928559 1042705 649580 1087056 620072 873011 546771 831467 629478 668004 757240 897004 521929 84123 881387 691691 435609 811417 156380 705003 856583 565514 1008771 865638 802801 482630 748288 269997 813854 52560 520515 712150 519624 955114 189870 781847 841015 302898 404775 595067 661518 555474 705136 142923 293348 684090 200778 889628 507354
 284619 264333 365726 605921 454536 563127 581011 308369 622628 512687 1 663127 471148 252059 471653 291070 344276 325499 599049 300707 453551 159605 175999 362845 393707 143740 503313 386059 221838 601848 562044 549942 618921 311800 626051 292191 361188 483737 319472 604388 353780 315340 475891 493218 444765 433295 554735 438251 380264 466145 674068 349199 141256 609858 385261 501358 617275 712559 243598 470546 548432 307074 394311 17956 554141 482971 380184 435299 349776 245736 333106 671839 357335 242120 578186 466175 523093 415466 566589 280030
 550620 398895 397282 177085 912346 140408 361910 962159 587527 1100240 663127 1 318325 523278 898148 432694 627161 976285 74595 961282 209795 537514 605411 494840 270304 696932 488756 434333 872788 861755 1132627 207507 65091 455467 85263 484093 430211 688373 450320 731378 903616 352988 203289 723301 1017409 230056 594859 758973 291992 986551 737228 541785 737799 128825 661261 370953 896606 741244 852361 935223 1116836 936870 921170 647112 161529 979753 820342 835387 1011398 697373 525860 784776 976581 692334 1203914 1127138 567554 1063500 305976 913954
 259617 266213 110932 401457 605712 177939 528770 777132 716302 974969 471148 318325 1 464465 853110 181028 318726 795225 245781 737415 202894 313522 347726 506645 193831 446522 582813 125109 640621 892520 1019529 379855 320461 433335 239952 450117 132311 721276 167762 807696 618864 273082 279603 750183 900050 216893 688682 748576 267178 898753 843469 233180 493300 366052 347587 486297 921701 863430 705948 628575 1004827 683079 628555 460511 339168 904472 516731 524435 809105 613127 516846 874270 713796 409536 1049174 924397 652984 885179 476036 664640
 415995 199751 397430 412466 690782 470659 341325 476860 374284 577882 252059 523278 464465 1 394262 334968 506680 486161 478325 523426 339460 274597 353647 110833 297657 378194 251271 443269 463005 436161 609350 355124 464894 75613 517389 47269 415048 277249 383934 386947 603171 198955 320074 299592 494587 313647 311048 284816 240558 465286 446210 468931 389579 432397 554558 261974 462500 480097 344654 709047 593561 554880 641542 235281 377904 461889 606976 655275 539849 174099 84874 456981 606546 453651 688219 647649 276977 565740 338981 527364
 743421 587147 772978 755815 891801 862409 613076 412511 474813 298407 471653 898148 853110 394262 1 701843 814075 403434 863070 539771 730911 598310 644279 403892 691804 608041 460283 811355 550535 208751 295081 704195 835258 448216 904530 422277 783147 259648 745715 331435 761800 593193 700125 230270 231094 705029 405838 152672 631529 142065 406597 806074 586648 788793 856441 556548 199600 449928 292661 902556 280945 641471 808035 467887 740529 110766 834218 892942 482039 244488 372461 364114 690425 711359 441011 534185 404833 425640 643243 618463
 128109 147616 75439 446625 490076 305828 513888 596139 656256 799311 291070 432694 181028 334968 701843 1 221486 614309 359463 559338 239933 132544 176430 408264 186881 273366 518059 109969 463692 770858 845777 404332 408623 330095 373423 336636 81571 610164 50001 712490 470927 192246 300892 634184 726683 233395 611797 615620 231192 732634 761786 152253 318492 428380 266476 450061 796317 789255 529421 512578 831433 513941 489508 281329 382308 741844 396535 422001 628581 457573 405645 782033 549439 259948 869234 744181 575067 704235 473073 493432
 96937 355360 230881 664968 287091 489156 733488 587458 860395 833945 344276 627161 318726 506680 814075 221486 1 608228 552603 502606 454271 232842 169830 600065 406081 229046 723532 194620 406899 924647 887918 624889 614568 524320 555020 522868 197097 781135 184316 893596 314885 408519 520354 799306 775795 451423 808303 761721 452394 807647 951455 85881 271013 642856 48222 666688 944794 983141 575845 309978 875742 414130 316281 346413 600062 826342 198497 208278 594130 577893 588025 963610 430975 135632 869076 698864 772096 691691 694155 403573
 581190 580506 687618 893429 565126 885458 821528 21031 779931 245276 325499 976285 795225 486161 403434 614309 608228 1 916521 154939 769411 481767 468052 575801 711516 381481 700245 701554 215965 605438 303521 835798 926454 561514 946489 533369 678989 577646 637410 688452 422810 623313 779440 566024 221137 747069 703718 479593 685562 300942 767700 642931 337326 906710 635184 744290 601696 811833 150680 568829 295486 276501 467190 338256 850639 336750 538431 597161 78624 346285 536414 739849 314974 474741 261644 162854 684041 90010 824595 262246
 476248 336298 322695 195518 837759 68699 369570 901678 590238 1050931 599049 74595 245781 478325 863070 359463 552603 916521 1 895017 147226 467932 533346 464135 205526 626107 478966 360025 805009 843282 1085807 205594 84623 415486 44924 442790 355626 667816 375934 722408 830208 295777 163468 701925 969024 170630 587939 729586 239593 943601 736260 467280 667836 148294 586952 362338 877190 744701 797396 860638 1070128 866667 847199 583568 154666 939239 745795 760845 948502 651630 491478 780007 905453 618694 1149790 1064667 557708 1004663 311825 844209
 496981 563742 626587 905454 415962 853913 864434 137678 861176 397296 300707 961282 737415 523426 539771 559338 502606 154939 895017 1 751504 431906 391467 627221 691012 293840 762807 629297 98152 731912 455603 848958 918938 594097 919019 569390 610864 676166 571221 793871 273476 615999 776573 671028 375623 732307 786477 590347 680957 451396 871875 552877 246181 910487 521345 784746 732855 915013 253328 417868 448583 123628 316200 317875 854692 485603 400036 456611 100643 424371 590556 851581 160072 367191 384709 196264 761531 209572 857194 114373
 366405 189694 228536 212182 729854 131509 326027 754696 521163 906262 453551 209795 202894 339460 730911 239933 454271 769411 147226 751504 1 330495 403658 343929 60790 491351 392785 278035 663450 732703 942565 180372 172407 283859 180819 308707 263446 557043 270005 628718 705844 149317 76883 589270 824987 25888 501683 605431 99390 803500 655846 373856 530621 188939 495092 288027 764837 671924 650634 752409 926982 729678 727305 437707 147079 801258 636372 659770 802393 510439 365119 692079 770897 497482 1003094 918377 467567 857463 273192 706193
 147562 161504 206409 514994 439288 422885 537947 463611 637014 671090 159605 537514 313522 274597 598310 132544 232842 481767 467932 431906 330495 1 87958 372522 270069 161358 502922 227484 338664 694153 719202 464184 502599 299886 488880 294440 201945 548295 160380 661181 385111 221700 372169 566749 600863 315431 580617 532390 282315 613946 720504 208224 200327 507760 280385 463657 715658 753405 401214 459952 705230 399442 413261 151468 455238 626534 348800 390322 497257 355634 357251 731147 440471 193843 737247 613249 544978 571691 508764 376457
 113785 247179 236887 596873 351332 481917 625799 448242 721608 679232 175999 605411 347726 353647 644279 176430 169830 468052 533346 391467 403658 87958 1 455964 344792 98798 588792 238210 293842 758430 731082 547684 575841 385357 549356 377817 219431 621356 180318 737225 303133 307220 452208 637143 615942 391451 663098 594844 365629 641792 799451 177392 145830 586508 213509 551613 777430 833743 414432 372034 718126 337784 328349 176919 535563 658970 261029 304062 469597 408731 437868 806851 373122 105890 729066 582560 627946 556060 595898 317918
 505840 261532 459964 355272 798625 472595 246226 568845 266186 633565 362845 494840 506645 110833 403892 408264 600065 575801 464135 627221 343929 372522 455964 1 319278 487504 140473 510427 571344 389755 656877 301628 431531 78173 507160 78175 483355 215445 458263 305483 713733 234587 300764 246227 549483 318926 208367 265476 248587 502844 354001 553002 500213 385599 648280 171504 421241 383547 428039 817332 641014 664357 751717 346111 336644 491182 713180 759622 635425 236737 39839 374453 716321 558615 755471 738610 172486 649690 256888 636785
 314863 131012 189377 259751 676327 178397 346168 696438 523099 854758 393707 270304 193831 297657 691804 186881 406081 711516 205526 691012 60790 270069 344792 319278 1 431151 389009 242070 602699 708670 892742 219131 232533 251210 235428 272768 223160 534697 222556 615797 647595 99632 114301 565281 774400 47065 494993 573292 73530 757205 649816 329110 470038 243079 448937 295624 739449 669609 595882 698703 877289 669050 670191 378099 195489 756954 582720 608831 743003 464182 334843 681618 710538 440691 948221 859145 459438 800000 298445 645485
 204106 319726 335668 674810 314195 577231 683358 360996 752477 604981 143740 696932 446522 378194 608041 273366 229046 381481 626107 293840 491351 161358 98798 487504 431151 1 626223 335543 195838 745387 659235 622800 663648 425493 644292 411635 317805 625610 279069 745560 231293 379301 533089 636239 548317 476738 687939 581916 441833 585641 813510 263050 47673 668870 261827 605901 760276 850883 350355 331579 647255 241089 265633 154538 615940 607206 236664 291580 375690 389101 462532 813646 279723 104711 643072 486807 654700 467221 659683 220075
 627342 371541 558100 320670 935384 506506 154104 695306 138214 725984 503313 488756 582813 251271 460283 518059 723532 700245 478966 762807 392785 502922 588792 140473 389009 626223 1 611077 710420 377025 740521 281249 423837 203473 523888 214592 585966 212159 567169 243595 853643 328671 328233 247442 643483 371901 109770 307873 315957 581773 263079 668446 640276 363365 771591 117861 412768 280634 549996 954550 725002 804135 891126 486546 328929 562325 848381 892805 764285 354217 173238 301957 856278 693119 856970 862716 78970 768346 193572 776538
 137908 249320 53666 489734 481670 295242 587324 682378 748865 898431 386059 434333 125109 443269 811355 109969 194620 701554 360025 629297 278035 227484 238210 510427 242070 335543 611077 1 531374 879428 946682 457062 426500 432551 360592 441789 28423 716614 67439 815819 494808 282615 351342 741607 828263 281652 709552 725177 304849 838552 861745 108750 383153 461728 226933 531433 905371 887140 628651 504565 932688 565992 503592 378858 424801 849033 391966 401932 707343 566943 510970 884877 593929 287353 960481 820728 672873 790687 540505 549150
 398833 478267 529707 826616 355362 761538 799893 195178 818795 459478 221838 872788 640621 463005 550535 463692 406899 215965 805009 98152 663450 338664 293842 571344 602699 195838 710420 531374 1 727699 517275 771070 832978 529093 827350 506824 513269 649290 473919 769946 216131 533059 693278 649238 422241 645401 746256 575363 598091 484709 845781 455006 148227 828476 428132 720012 733482 887572 258342 361865 508067 97606 262302 239741 773217 514983 322595 381575 187755 393273 537224 831931 150615 271267 468512 293212 718306 290215 787715 71005
 841274 633791 833183 697445 1048977 859225 525789 612307 332631 500217 601848 861755 892520 436161 208751 770858 924647 605438 843282 731912 732703 694153 758430 389755 708670 745387 377025 879428 727699 1 486564 655250 796675 459421 887654 442854 851194 176002 819414 161946 928865 619539 682804 143547 438705 708071 284293 163976 638337 346496 220513 898793 734265 738957 970717 492682 36240 259506 478789 1062443 474329 823071 974097 592856 700343 310663 980810 1036893 683824 356326 375699 167347 874337 842425 642959 742123 301538 633652 570301 798079
 843891 769026 921200 1010813 868646 1070902 888555 323475 768752 58336 562044 1132627 1019529 609350 295081 845777 887918 303521 1085807 455603 942565 719202 731082 656877 892742 659235 740521 946682 517275 486564 1 955445 1073779 678919 1123037 649676 920816 551764 879468 625226 726293 794259 929404 524323 119517 917361 697961 441283 846283 159096 698349 908199 620672 1037028 920473 823570 465416 740726 318451 872174 15884 578848 770474 567992 984288 184436 839449 898712 360794 435256 619389 651521 613615 760256 166532 345039 693388 257192 910845 565656
 532360 303200 406030 57646 890196 248920 164503 824546 385150 928559 549942 207507 379855 355124 704195 404332 624889 835798 205594 848958 180372 464184 547684 301628 219131 622800 281249 457062 771070 655250 955445 1 142640 280479 249759 310043 440557 483176 441680 524052 849247 243513 105839 518384 844568 175740 387769 559850 182092 803475 532667 548150 655122 85059 668050 163468 690367 539615 698817 912228 939561 849458 876031 532267 50951 792728 796737 825818 882366 524306 337011 578546 895592 649378 1042962 994496 360060 918373 106771 823798
 532007 355243 383842 117250 895935 149814 299810 913039 524677 1042705 618921 65091 320461 464894 835258 408623 614568 926454 84623 918938 172407 502599 575841 431531 232533 663648 423837 426500 832978 796675 1073779 142640 1 395244 120674 424254 418203 623397 432748 666673 877477 304642 147507 658362 959480 187852 530292 694972 241046 926152 673730 530747 702448 68222 651918 306000 831544 678762 798833 918678 1057950 901356 897861 602341 96583 918442 802912 822383 964697 638719 463409 720636 943069 668031 1149217 1079764 502685 1012670 243102 877561
 429361 183451 382445 337595 732411 415047 270998 551935 337305 649580 311800 455467 433335 75613 448216 330095 524320 561514 415486 594097 283859 299886 385357 78173 251210 425493 203473 432551 529093 459421 678919 280479 395244 1 456447 29596 405366 288337 380094 383272 655106 160253 253696 316849 565853 258092 284412 322531 184982 531114 431968 475364 443136 359251 572535 191107 489283 460785 420224 751810 663066 618347 691079 294172 305615 524669 644981 689402 614120 244806 83914 452446 669055 489670 762484 722718 247988 641350 264658 591068
 484113 366201 328614 236156 841745 67736 413240 931113 634715 1087056 626051 85263 239952 517389 904530 373423 555020 946489 44924 919019 180819 488880 549356 507160 235428 644292 523888 360592 827350 887654 1123037 249759 120674 456447 1 483243 359730 712065 384287 767320 841722 330072 206446 746061 1005667 205728 632857 772468 277236 982517 781033 469168 687372 187783 586597 407240 921454 789191 830812 864653 1107421 885365 856456 611134 198933 979013 750912 762498 975825 689900 533667 824911 922439 629860 1183261 1092220 602624 1035202 355571 863688
 429310 192862 393097 367117 721462 440174 295047 524124 344030 620072 292191 484093 450117 47269 422277 336636 522868 533369 442790 569390 308707 294440 377817 78175 272768 411635 214592 441789 506824 442854 649676 310043 424254 29596 483243 1 414111 275173 386505 376206 639594 178055 281790 301718 536380 282839 286216 300803 209374 502486 429289 478175 426611 388809 571057 215434 471612 460277 391251 740394 633831 597444 676663 274874 335067 496671 635465 681561 587043 215302 69183 445981 648651 480702 732925 694912 250546 612620 291724 570031
 127580 221965 34964 475628 482479 293076 566490 660041 723946 873011 361188 430211 132311 415048 783147 81571 197097 678989 355626 610864 263446 201945 219431 483355 223160 317805 585966 28423 513269 851194 920816 440557 418203 405366 359730 414111 1 688767 41773 788619 487362 257297 334725 713576 802193 264819 683496 696783 282878 811358 835272 112545 365166 449831 233842 508728 877054 861125 603086 505379 906728 551798 498677 353405 410520 821498 391217 405372 686872 538771 483291 857793 581689 277333 937085 800927 646788 768396 520924 534005
 692378 468020 668262 528115 938271 683233 365862 578478 217747 546771 483737 688373 721276 277249 259648 610164 781135 577646 667816 676166 557043 548295 621356 215445 534697 625610 212159 716614 649290 176002 551764 483176 623397 288337 712065 275173 688767 1 659687 121524 831180 448366 506899 35467 469167 532570 146351 111165 463547 393634 196585 746151 623730 567680 828560 322721 209391 239055 431263 954157 536952 746895 874175 471284 526846 368104 861834 914564 651375 256018 206215 188110 799872 714487 685610 732789 146922 628961 404589 720032
 100315 197449 57879 480752 463327 316755 558336 618523 705382 831467 319472 450320 167762 383934 745715 50001 184316 637410 375934 571221 270005 160380 180318 458263 222556 279069 567169 67439 473919 819414 879468 441680 432748 380094 384287 386505 41773 659687 1 762444 458009 240031 336605 683386 760958 267344 661583 663192 274321 771215 811748 107328 326117 458739 226387 496539 844465 839086 561588 486116 865430 515464 472216 311843 415796 781933 370605 390332 646055 501227 455463 832008 547093 246404 895347 760414 624848 726879 515614 496883
 802608 566664 765442 559933 1058807 747686 379899 690880 172112 629478 604388 731378 807696 386947 331435 712490 893596 688452 722408 793871 628718 661181 737225 305483 615797 745560 243595 815819 769946 161946 625226 524052 666673 383272 767320 376206 788619 121524 762444 1 952659 538632 568942 123098 557917 606006 136916 209188 542530 473143 79293 853754 744748 604611 941417 361187 196915 123567 545516 1074930 611567 867536 995569 591554 572341 441852 981323 1033316 763948 376854 307857 70052 920441 832543 771604 839318 164712 733225 429724 840791
 359876 546508 515043 899451 142598 774019 914647 403138 976033 668004 353780 903616 618864 603171 761800 470927 314885 422810 830208 273476 705844 385111 303133 713733 647595 231293 853643 494808 216131 928865 726293 849247 877477 655106 841722 639594 487362 831180 458009 952659 1 606646 755230 836528 636749 694394 908514 770517 667252 700836 1024767 392155 213630 889636 311352 837139 937857 1064302 471959 146402 718239 150797 46370 369281 838574 730897 144283 192054 373569 579755 685967 1018273 136740 211864 655561 449332 876756 482816 890379 160689
 311789 60203 230033 296336 655481 276754 325664 609327 466694 757240 315340 352988 273082 198955 593193 192246 408519 623313 295777 615999 149317 221700 307220 234587 99632 379301 328671 282615 533059 619539 794259 243513 304642 160253 330072 178055 257297 448366 240031 538632 606646 1 160588 477101 676291 125149 427423 478517 65063 657675 580539 344427 412028 295420 455315 258470 649037 604863 501619 676922 778743 607810 634821 298416 240336 657327 562917 597655 660073 364591 243842 606615 653006 411301 854023 775271 390832 710567 290374 582637
 428976 215776 300192 146094 789372 178745 249967 766286 451533 897004 475891 203289 279603 320074 700125 300892 520354 779440 163468 776573 76883 372169 452208 300764 114301 533089 328233 351342 693278 682804 929404 105839 147507 253696 206446 281790 334725 506899 336605 568942 755230 160588 1 540529 814126 69907 437974 566167 95638 784138 590559 442704 568715 136015 562970 217689 716197 604088 651356 811628 913623 766166 779814 458893 83355 778340 695775 722888 819084 494170 328144 629904 810138 551282 1001995 933696 405349 865364 196442 741439
 712188 494019 694102 563534 947225 716242 400966 568092 244588 521929 493218 723301 750183 299592 230270 634184 799306 566024 701925 671028 589270 566749 637143 246227 565281 636239 247442 741607 649238 143547 524323 518384 658362 316849 746061 301718 713576 35467 683386 123098 836528 477101 540529 1 446151 564579 176528 89025 494800 367295 201982 767338 631773 602956 846370 358153 175808 245933 422441 962503 509769 746724 880197 481708 561791 340044 872874 926633 641154 257486 233561 182759 799483 727746 662105 718428 180520 613204 440032 720201
 728021 649947 802082 900657 777452 952702 787200 238006 686534 84123 444765 1017409 900050 494587 231094 726683 775795 221137 969024 375623 824987 600863 615942 549483 774400 548317 643483 828263 422241 438705 119517 844568 959480 565853 1005667 536380 802193 469167 760958 557917 636749 676291 814126 446151 1 799940 612783 358367 729433 94546 634987 792505 512158 924960 810141 718894 425351 678825 201629 783117 104814 494971 682243 450000 871447 132741 740406 800178 292461 321095 510952 594733 535648 651050 216500 315334 603691 209319 805653 478126
 361153 168965 230305 213635 723165 157396 312871 732623 502094 881387 433295 230056 216893 313647 705029 233395 451423 747069 170630 732307 25888 315431 391451 318926 47065 476738 371901 281652 645401 708071 917361 175740 187852 258092 205728 282839 264819 532570 267344 606006 694394 125149 69907 564579 799940 1 480261 579854 73504 777868 634748 373057 514848 196014 493581 270107 740028 651812 626766 745572 901759 713632 717203 417152 148990 775481 629566 655104 781344 484866 339574 669950 755767 487743 979169 897120 445749 834812 262022 689744
 713710 464181 657372 423018 1001425 616273 243950 702030 76257 691691 554735 594859 688682 311048 405838 611797 808303 703718 587939 786477 501683 580617 663098 208367 494993 687939 109770 709552 746256 284293 697961 387769 530292 284412 632857 286216 683496 146351 661583 136916 908514 427423 437974 176528 612783 480261 1 256798 421525 539561 154835 759298 695476 467799 856524 225722 320532 177636 553806 1019382 683080 842768 948647 539444 436559 514444 918022 965953 773829 363060 226174 192288 895737 764449 829233 863002 36739 762266 292860 815269
 679855 484566 681116 609504 887508 735815 461148 482582 328911 435609 438251 758973 748576 284816 152672 615620 761721 479593 729586 590347 605431 532390 594844 265476 573292 581916 307873 725177 575363 163976 441283 559850 694972 322531 772468 300803 696783 111165 663192 209188 770517 478517 566167 89025 358367 579854 256798 1 507235 282763 288477 738514 572123 644873 807499 407348 183277 332748 338949 901540 426337 672216 815209 428997 599014 258419 817771 873491 555615 193322 240324 261714 724470 678489 574701 630291 252993 524621 493253 646303
 357209 122316 251208 232978 709988 230898 284221 672022 450904 811417 380264 291992 267178 240558 631529 231192 452394 685562 239593 680957 99390 282315 365629 248587 73530 441833 315957 304849 598091 638337 846283 182092 241046 184982 277236 209374 282878 463547 274321 542530 667252 65063 95638 494800 729433 73504 421525 507235 1 705358 576335 381483 475797 230414 497667 226862 669723 596446 560426 731811 830621 672278 693966 363255 175547 702445 616781 648333 723935 412666 267198 608162 717041 467834 912245 838809 385923 772145 241883 647255
 750236 639289 807164 857963 838654 933806 730661 314996 611119 156380 466145 986551 898753 465286 142065 732634 807647 300942 943601 451396 803500 613946 641792 502844 757205 585641 581773 838552 484709 346496 159096 803475 926152 531114 982517 502486 811358 393634 771215 473143 700836 657675 784138 367295 94546 777868 539561 282763 705358 1 548647 814697 554749 886226 845479 667172 331673 591990 237183 846245 143856 565651 746999 467815 834655 38306 793566 853417 376638 293193 466478 505726 609842 690197 298957 408909 534384 301766 754545 546238
 858538 614442 810049 561628 1127523 768045 376786 770018 151620 705003 674068 737228 843469 446210 406597 761786 951455 767700 736260 871875 655846 720504 799451 354001 649816 813510 263079 861745 845781 220513 698349 532667 673730 431968 781033 429289 835272 196585 811748 79293 1024767 580539 590559 201982 634987 634748 154835 288477 576335 548647 1 906915 815071 608638 999552 374871 251656 44338 624364 1144212 685079 943382 1067067 660493 582776 516242 1048041 1098735 843085 452529 363469 59894 996381 897294 847539 918536 190576 812320 431367 916466
 64588 296905 147070 585704 372923 403427 665273 622750 806467 856583 349199 541785 233180 468931 806074 152253 85881 642931 467280 552877 373856 208224 177392 553002 329110 263050 668446 108750 455006 898793 908199 548150 530747 475364 469168 478175 112545 746151 107328 853754 392155 344427 442704 767338 792505 373057 759298 738514 381483 814697 906915 1 309758 561457 121513 602287 921545 936123 590879 395817 895122 476675 397787 346890 520603 829797 283561 293673 638421 563846 545930 923713 499524 192696 904477 748041 722672 729752 622922 462698
 251566 353526 382380 708351 315732 620648 706731 316626 762507 565514 141256 737799 493300 389579 586648 318492 271013 337326 667836 246181 530621 200327 145830 500213 470038 47673 640276 383153 148227 734265 620672 655122 702448 443136 687372 426611 365166 623730 326117 744748 213630 412028 568715 631773 512158 514848 695476 572123 475797 554749 815071 309758 1 704726 300233 628180 747087 853746 317806 330732 609171 199117 253204 156038 650948 578292 248264 306437 328669 378870 472368 811698 241425 139624 598542 439276 663406 421872 686227 176411
 555297 351687 414896 49054 918455 207193 233095 894495 458730 1008771 609858 128825 366052 432397 788793 428380 642856 906710 148294 910487 188939 507760 586508 385599 243079 668870 363365 461728 828476 738957 1037028 85059 68222 359251 187783 388809 449831 567680 458739 604611 889636 295420 136015 602956 924960 196014 467799 644873 230414 886226 608638 561457 704726 1 682928 246328 774250 612421 773386 940951 1021151 902126 913073 592613 56173 876264 824910 848700 949695 604023 420142 656763 946150 683728 1120464 1063327 441689 990975 177280 877326
 144512 402869 268521 706683 262052 521938 779734 614242 908533 865638 385261 661261 347587 554558 856441 266476 48222 635184 586952 521345 495092 280385 213509 648280 448937 261827 771591 226933 428132 970717 920473 668050 651918 572535 586597 571057 233842 828560 226387 941417 311352 455315 562970 846370 810141 493581 856524 807499 497667 845479 999552 121513 300233 682928 1 713686 990390 1031323 611675 284562 908708 424757 305668 388583 641623 865328 180750 177528 615874 622239 636102 1011415 435885 160805 894527 716954 820318 716417 739549 417133
 569814 312289 477767 205419 902931 393529 79899 736290 233862 802801 501358 370953 486297 261974 556548 450061 666688 744290 362338 784746 288027 463657 551613 171504 295624 605901 117861 531433 720012 492682 823570 163468 306000 191107 407240 215434 508728 322721 496539 361187 837139 258470 217689 358153 718894 270107 225722 407348 226862 667172 374871 602287 628180 246328 713686 1 528061 386635 598086 923484 807776 808389 870606 483546 211157 652110 812203 851007 800932 408215 211267 417671 858595 657498 926576 906764 196786 820053 87379 781242
 863103 661237 859924 733010 1060587 892046 561911 609733 368229 482630 617275 896606 921701 462500 199600 796317 944794 601696 877190 732855 764837 715658 777430 421241 739449 760276 412768 905371 733482 36240 465416 690367 831544 489283 921454 471612 877054 209391 844465 196915 937857 649037 716197 175808 425351 740028 320532 183277 669723 331673 251656 921545 747087 774250 990390 528061 1 288877 480826 1073444 453845 827795 983433 609133 735129 294643 994590 1051333 680301 371636 405385 196032 878431 858840 624738 733450 337600 624914 606155 803346
 889334 641648 834872 564489 1165063 779905 379341 814024 154478 748288 712559 741244 863430 480097 449928 789255 983141 811833 744701 915013 671924 753405 833743 383547 669609 850883 280634 887140 887572 259506 740726 539615 678762 460785 789191 460277 861125 239055 839086 123567 1064302 604863 604088 245933 678825 651812 177636 332748 596446 591990 44338 936123 853746 612421 1031323 386635 288877 1 668133 1182066 727615 985146 1106230 698608 590291 559216 1084509 1134436 887087 494513 396239 92880 1038186 932817 890937 962860 214361 856657 435662 958135
 526393 466804 604822 756370 606159 773568 674244 148264 629942 269997 243598 852361 705948 344654 292661 529421 575845 150680 797396 253328 650634 401214 414432 428039 595882 350355 549996 628651 258342 478789 318451 698817 798833 420224 830812 391251 603086 431263 561588 545516 471959 501619 651356 422441 201629 626766 553806 338949 560426 237183 624364 590879 317806 773386 611675 598086 480826 668133 1 615248 304857 348928 518326 249795 717824 262663 557171 616943 220579 195815 388363 600661 398445 454435 352469 312732 533556 222031 680201 325805
 386722 617529 537944 957722 22908 798378 997815 549306 1083096 813854 470546 935223 628575 709047 902556 512578 309978 568829 860638 417868 752409 459952 372034 817332 698703 331579 954550 504565 361865 1062443 872174 912228 918678 751810 864653 740394 505379 954157 486116 1074930 146402 676922 811628 962503 783117 745572 1019382 901540 731811 846245 1144212 395817 330732 940951 284562 923484 1073444 1182066 615248 1 864313 294277 101737 483736 894063 875715 116044 109664 516990 708702 793666 1142214 268822 266315 796186 584407 985906 626187 966935 306585
 830754 753789 906842 994930 860428 1055413 872878 315129 754098 52560 548432 1116836 1004827 593561 280945 831433 875742 295486 1070128 448583 926982 705230 718126 641014 877289 647255 725002 932688 508067 474329 15884 939561 1057950 663066 1107421 633831 906728 536952 865430 611567 718239 778743 913623 509769 104814 901759 683080 426337 830621 143856 685079 895122 609171 1021151 908708 807776 453845 727615 304857 864313 1 571510 762673 554138 968422 170192 829858 889242 355057 419463 603513 638764 607238 748682 174495 344427 678234 253325 895042 557729
 428594 550445 573048 903780 292830 818319 888076 257819 914840 520515 307074 936870 683079 554880 641471 513941 414130 276501 866667 123628 729678 399442 337784 664357 669050 241089 804135 565992 97606 823071 578848 849458 901356 618347 885365 597444 551798 746895 515464 867536 150797 607810 766166 746724 494971 713632 842768 672216 672278 565651 943382 476675 199117 902126 424757 808389 827795 985146 348928 294277 571510 1 192667 324940 847792 598079 284376 338453 223000 490878 631232 929381 53094 284118 504856 301941 814334 332274 872891 27615
 372415 574626 528133 924966 101060 788967 947356 447751 1015261 712150 394311 921170 628555 641542 808035 489508 316281 467190 847199 316200 727305 413261 328349 751717 670191 265633 891126 503592 262302 974097 770474 876031 897861 691079 856456 676663 498677 874175 472216 995569 46370 634821 779814 880197 682243 717203 948647 815209 693966 746999 1067067 397787 253204 913073 305668 870606 983433 1106230 518326 101737 762673 192667 1 409236 863124 777177 127559 164332 415558 623878 724995 1061589 170518 229866 695810 486257 916422 524807 921176 204982
 282472 248219 356415 588326 467298 548660 563173 321607 606793 519624 17956 647112 460511 235281 467887 281329 346413 338256 583568 317875 437707 151468 176919 346111 378099 154538 486546 378858 239741 592856 567992 532267 602341 294172 611134 274874 353405 471284 311843 591554 369281 298416 458893 481708 450000 417152 539444 428997 363255 467815 660493 346890 156038 592613 388583 483546 609133 698608 249795 483736 554138 324940 409236 1 536838 483330 391170 445425 364950 237563 316938 659373 375086 249720 588720 481210 507485 428078 548635 297926
 510139 297489 375614 65123 871728 199371 215326 838369 435813 955114 554141 161529 339168 377904 740529 382308 600062 850639 154666 854692 147079 455238 535563 336644 195489 615940 328929 424801 773217 700343 984288 50951 96583 305615 198933 335067 410520 526846 415796 572341 838574 240336 83355 561791 871447 148990 436559 599014 175547 834655 582776 520603 650948 56173 641623 211157 735129 590291 717824 894063 968422 847792 863124 536838 1 825708 778118 804093 893527 550362 369726 627923 892312 634447 1065567 1007159 407894 935053 157557 822800
 765581 642353 815725 846327 867501 932222 713084 350093 584584 189870 482971 979753 904472 461889 110766 741844 826342 336750 939239 485603 801258 626534 658970 491182 756954 607206 562325 849033 514983 310663 184436 792728 918442 524669 979013 496671 821498 368104 781933 441852 730897 657327 778340 340044 132741 775481 514444 258419 702445 38306 516242 829797 578292 876264 865328 652110 294643 559216 262663 875715 170192 598079 777177 483330 825708 1 819807 879553 413153 293455 456168 471786 643203 711915 332787 447192 511338 339947 739422 577961
 270906 503950 423224 841866 93611 684265 885482 517721 979365 781847 380184 820342 516731 606976 834218 396535 198497 538431 745795 400036 636372 348800 261029 713180 582720 236664 848381 391966 322595 980810 839449 796737 802912 644981 750912 635465 391217 861834 370605 981323 144283 562917 695775 872874 740406 629566 918022 817771 616781 793566 1048041 283561 248264 824910 180750 812203 994590 1084509 557171 116044 829858 284376 127559 391170 778118 819807 1 59890 500369 624570 691849 1049738 279860 155466 784664 586315 883717 608115 853233 286208
 293974 539980 439030 868575 88509 697050 922479 576532 1025524 841015 435299 835387 524435 655275 892942 422001 208278 597161 760845 456611 659770 390322 304062 759622 608831 291580 892805 401932 381575 1036893 898712 825818 822383 689402 762498 681561 405372 914564 390332 1033316 192054 597655 722888 926633 800178 655104 965953 873491 648333 853417 1098735 293673 306437 848700 177528 851007 1051333 1134436 616943 109664 889242 338453 164332 445425 804093 879553 59890 1 557182 680570 740020 1102129 328744 201662 841288 639891 931159 665445 887680 342341
 579631 612717 699280 939757 515821 912666 879359 73069 849842 302898 349776 1011398 809105 539849 482039 628581 594130 78624 948502 100643 802393 497257 469597 635425 743003 375690 764285 707343 187755 683824 360794 882366 964697 614120 975825 587043 686872 651375 646055 763948 373569 660073 819084 641154 292461 781344 773829 555615 723935 376638 843085 638421 328669 949695 615874 800932 680301 887087 220579 516990 355057 223000 415558 364950 893527 413153 500369 557182 1 412681 596707 816570 253354 458568 284304 116485 752599 109275 878678 215014
 502185 349281 529319 580853 694409 640616 482167 342222 438523 404775 245736 697373 613127 174099 244488 457573 577893 346285 651630 424371 510439 355634 408731 236737 464182 389101 354217 566943 393273 356326 435256 524306 638719 244806 689900 215302 538771 256018 501227 376854 579755 364591 494170 257486 321095 484866 363060 193322 412666 293193 452529 563846 378870 604023 622239 408215 371636 494513 195815 708702 419463 490878 623878 237563 550362 293455 624570 680570 412681 1 196949 440087 543860 487225 520405 508545 340241 415069 492860 464027
 495629 261971 462174 391645 775509 495549 285982 529699 290276 595067 333106 525860 516846 84874 372461 405645 588025 536414 491478 590556 365119 357251 437868 39839 334843 462532 173238 510970 537224 375699 619389 337011 463409 83914 533667 69183 483291 206215 455463 307857 685967 243842 328144 233561 510952 339574 226174 240324 267198 466478 363469 545930 472368 420142 636102 211267 405385 396239 388363 793666 603513 631232 724995 316938 369726 456168 691849 740020 596707 196949 1 377787 683529 538431 716068 699252 192242 609932 296302 603623
