NAME : domp100p33v4
COMMENT : Cherkesly, Contardo & Gruson 2022
TYPE : DOMP
DIMENSION : 100
DISPLAY_DATA_TYPE : NO_DISPLAY
OPEN_FACILITIES : 33
COST_SECTION
 1 318069 798644 699210 194668 827063 489848 205047 382564 384994 634963 891426 140402 796795 709841 419979 172008 344450 556065 647416 558587 333544 275378 374390 616775 108071 758509 497916 881934 745131 534838 365241 379480 41304 416625 819623 379694 591071 990778 887477 775289 804087 108211 887321 923599 682746 763238 737476 238255 949391 286351 173030 893428 189995 219423 403925 809305 381256 492125 413748 727808 638256 625528 900160 626357 672649 738367 370295 321868 352743 617543 408539 440573 329946 291046 848779 426747 710216 675811 543441 357711 339377 975956 288834 723448 709364 495074 605140 158915 338956 341848 330850 730021 257646 753239 381575 497386 960657 444439 847665
 318069 1 583439 588967 476410 895941 476755 114390 75706 658945 509539 913895 179533 704710 677432 635443 472989 560628 369503 451633 831512 222356 136690 509688 687876 384124 588359 388371 943581 538124 821894 320885 193771 341930 467233 899267 660032 546450 1069437 853148 573173 682893 236331 896487 884291 807663 785651 818200 530832 1045117 41714 268366 799868 178740 440981 124634 788605 64493 203312 543947 629624 882288 393267 1003311 689111 646206 896775 666819 580237 174490 496898 249279 232684 107618 397852 670995 632897 706595 824791 295519 533624 129108 767044 475028 514467 853059 458633 385567 211700 272082 603281 594463 680457 76348 584630 66906 466721 992247 580917 895002
 798644 583439 1 260457 844450 733282 449375 661472 592329 948668 242107 659761 682609 324797 434340 834458 872186 796765 242833 152390 1074164 799714 720090 666830 625283 790876 121831 332576 751508 55115 1100233 462462 425543 795378 545044 755096 961941 390426 873360 515707 40562 255021 690778 623916 526345 779961 583669 707390 895858 886669 580510 637800 370818 611670 754515 459181 504532 565447 395920 668754 290035 1051020 190309 869778 611410 436661 897357 1002313 870334 453179 256203 390173 366773 679825 619000 128312 818421 499192 833096 288588 729286 481509 183780 723409 75265 841564 415774 200107 771504 469410 889454 887555 401982 586657 125964 532249 423196 730406 689732 693232
 699210 588967 260457 1 686938 475488 241059 625393 628871 750644 80329 415802 618077 116985 175229 619352 723868 597673 238391 205999 853495 808917 715877 462786 370376 658064 140829 209406 497907 225069 888176 334185 395831 683081 343509 496154 766814 150281 623717 295049 220075 104921 600914 383556 317781 522717 326014 446940 730548 631513 568132 526197 210915 537840 590078 484538 260158 599591 465207 453685 44323 813827 295057 611738 355293 176351 639936 815443 680280 418207 92092 341303 360922 696460 451065 203818 601092 239351 578053 357663 526851 461512 354403 540390 227466 584264 218432 273190 725188 366692 695952 696616 146758 558474 135822 562404 220921 491746 466407 439363
 194668 476410 844450 686938 1 698311 449717 374638 548816 191178 639417 784732 302368 764332 648894 240687 47075 173968 607901 693390 365728 527750 463502 260168 502849 94416 777896 515224 754292 789335 347580 381999 467987 154685 352644 685503 187790 552259 850088 813720 813993 789017 240328 788359 850646 532442 664801 607612 56509 801734 437799 231236 854944 306897 97408 530507 732755 540759 612999 293007 705225 444129 696607 750609 516455 612014 569030 190772 129146 446489 621375 475311 524574 512289 235934 866420 252019 631810 513597 633129 215788 452141 1007642 162103 770680 548072 468586 670424 352596 380199 147830 136636 677518 403800 772093 531444 466766 845584 312807 729536
 827063 895941 733282 475488 698311 1 424232 872202 960769 631389 522729 136545 826509 422609 300303 487416 745383 529834 659565 667243 630513 1078180 984097 453342 213888 733813 611495 554201 55986 700556 689621 575500 725229 791713 435343 29998 652059 390766 173500 281521 693588 494793 774904 168640 303560 189548 149659 90780 709249 159681 859811 691189 436763 758385 620502 837703 242818 934734 859187 414621 443254 528912 746961 136498 208804 306483 256672 712804 607652 733134 518529 675836 726483 993830 543453 646509 468751 237620 243186 777247 483477 776633 780137 546332 702171 220204 450093 718811 933495 624173 607652 615821 331312 833787 607327 901380 440372 159565 387809 60479
 489848 476755 449375 241059 449717 424232 1 470850 538401 511632 211554 438379 440662 315674 221545 387017 488976 358224 272203 321043 625779 674017 578125 223782 230792 431361 353877 148987 469040 398011 655092 157495 300999 466602 102627 431389 527194 103717 597061 401546 411581 340317 405344 423709 436784 378545 309160 354810 491057 579277 443246 321734 409007 363034 352337 413569 326888 511717 440566 220328 255734 603558 373734 542454 226249 185075 489605 574724 439596 309512 195223 252438 305972 578935 216030 435366 370187 234579 417960 373621 287871 353717 584315 299532 386811 436159 35990 342517 552123 205800 455787 456079 240182 420925 347917 477728 26756 516061 240395 418780
 205047 114390 661472 625393 374638 872202 470850 1 177956 562386 549672 907082 72315 736764 686260 556857 366042 479850 430233 519113 736772 205999 112796 452373 659170 280506 648523 416477 923106 612143 722179 315166 240832 231882 436860 871752 561446 555884 1044393 866167 645828 725703 137096 894241 899615 762765 776686 788963 427022 1013750 89941 195232 834150 114229 353702 219217 795487 176436 306043 489924 662372 797802 474810 968849 663404 651968 841685 562968 487283 214233 534657 289073 295683 142263 342279 735582 557204 705428 771892 381345 464324 180159 844735 399806 588851 802423 460836 461392 110277 269836 509827 500198 695818 74862 644105 180203 467099 983186 526276 878948
 382564 75706 592329 628871 548816 960769 538401 177956 1 733053 548594 972380 248231 745712 730697 711144 543056 636316 398597 472720 906101 210490 150880 583929 755153 455637 612322 437119 1007126 551553 895305 385519 243012 409722 536498 965312 733648 600925 1134183 903063 587165 717607 308515 953152 932864 878756 845646 885064 602531 1111967 117383 344034 838664 254343 516219 144827 841867 29291 197167 617601 671107 957939 403337 1071188 755480 701149 969820 738632 654948 229558 537633 298005 267962 93500 472313 690290 708540 763980 897541 305520 609018 184722 773890 550716 528053 925306 517493 401459 256802 337138 677934 668968 730597 152036 609176 66469 526162 1051319 654548 957144
 384994 658945 948668 750644 191178 631389 511632 562386 733053 1 720914 741918 490163 804366 668019 149317 216927 153452 727831 804294 174807 718499 654384 288031 474111 284725 863699 617295 685691 894466 165660 499760 619736 345634 409503 611765 20671 602665 758970 808124 913818 844129 425908 754878 844077 445482 639911 545634 149911 702324 618840 397968 884320 483144 224120 698286 728763 722565 775138 299545 758291 261079 825240 650482 491380 634623 444843 81416 83426 602440 703676 614267 670177 701882 335755 946876 169610 633236 407241 776596 223892 616924 1095128 227835 878914 440477 540233 796275 543509 513811 61158 66803 703238 584100 857734 709569 534974 789191 296509 675146
 634963 509539 242107 80329 639417 522729 211554 549672 548594 720914 1 478585 546241 197303 227453 598562 673456 567555 159872 144528 837046 730135 637677 434206 387840 602143 142804 137794 551250 194786 866568 270740 316981 621769 311805 540400 735717 150127 679800 369755 202784 176032 533555 449028 394665 543764 376131 482173 686279 681570 489698 462776 290566 466610 544206 404217 326209 519311 386277 431819 123494 809455 227753 657093 375298 216247 660813 780687 646218 340089 18060 263112 280672 616911 404659 227926 581626 285681 594467 280906 497973 382731 374313 501822 188963 605110 180775 202487 651536 297696 663658 663084 208586 481322 136836 482126 186635 556545 450343 493175
 891426 913895 659761 415802 784732 136545 438379 907082 972380 741918 478585 1 870319 335996 253297 593895 831419 625055 630772 619824 757673 1111606 1015880 527890 281894 807059 539417 542982 113236 635145 814592 595862 730265 859458 479297 166262 762452 374272 215498 161678 622072 408165 825729 39129 175508 315263 130589 200785 803152 242138 881348 740339 325925 796218 698758 839191 156296 944698 846605 492324 376319 661515 706159 244890 268875 275411 392904 822823 708076 742939 479062 676827 720052 1017115 600771 558235 574148 208787 373664 752543 569568 788205 680013 625550 640986 353867 455389 680971 980672 644134 711275 718276 270689 859287 536198 909285 447178 79592 472644 76673
 140402 179533 682609 618077 302368 826509 440662 72315 248231 490163 546241 870319 1 725016 660734 488601 294828 411239 443725 534854 664631 258596 173835 393933 612642 208334 656803 409240 878814 630925 649883 291805 257145 162406 393224 824108 489136 532921 997129 841249 663122 721109 66052 860150 875817 707232 739761 740989 355019 963451 146094 136990 822789 80479 283782 265347 767543 243652 353755 432548 652084 727328 501679 917230 618432 625085 781185 491050 415543 229519 530022 296412 316992 212860 287193 745883 489930 673732 712655 413839 400209 207336 863841 333899 608262 744036 435856 484413 111466 252280 437980 428249 674133 117503 651969 241596 440819 944700 468138 837295
 796795 704710 324797 116985 764332 422609 315674 736764 745712 804366 197303 335996 725016 1 149846 663894 804396 654852 354455 312107 887748 923720 830026 522107 373138 746053 206746 320578 433183 305214 929052 435623 511152 777284 412202 447686 822089 212237 550863 192992 288309 72778 702836 299475 209341 511071 277189 416170 803308 568993 682730 624382 97773 644538 666954 601474 183265 716441 581143 505062 75106 831795 402544 557703 355476 174879 624566 874865 740812 532738 208244 456129 477751 812296 531703 224564 644356 209633 571387 472032 584362 576650 359477 609478 314672 570633 303085 383680 833854 472744 753929 756182 110021 671634 204313 679253 302281 405615 509838 376054
 709841 677432 434340 175229 648894 300303 221545 686260 730697 668019 227453 253297 660734 149846 1 523661 691907 522779 377475 371071 741676 885616 789758 394917 223375 644438 312984 294940 324720 400287 785235 371345 487730 684708 299799 321025 686581 131289 452559 180520 394287 212617 626883 227070 215325 363349 151037 275814 682349 457053 648344 543176 216747 581980 552924 593028 111242 702267 594925 372143 145655 682378 455053 436511 205647 37422 478442 741729 609962 503455 226498 432766 471380 783419 426688 358384 503680 65325 422780 499281 453958 549096 502388 488647 401999 423742 225624 428923 772132 416662 621003 624397 39848 630259 308520 665974 220036 332385 371525 266357
 419979 635443 834458 619352 240687 487416 387017 556857 711144 149317 598562 593895 488601 663894 523661 1 284272 77553 629182 697145 239997 739878 662007 169475 324898 312008 740627 510423 542544 781721 268905 411172 553726 378793 289527 469628 169491 469344 624512 659296 797558 708096 422849 605997 695118 306336 490595 399781 232832 571591 593767 367582 740401 457368 206539 648066 580283 695278 714916 166826 622703 249761 730520 519799 342272 491533 329059 229271 124286 541907 582191 535984 595566 698998 255448 819986 20380 485912 277772 696124 113410 566225 969981 160563 768411 312244 419142 700111 567437 437139 120711 129660 560032 559170 734679 675337 412353 643589 154334 528619
 172008 472989 872186 723868 47075 745383 488976 366042 543056 216927 673456 831419 294828 804396 691907 284272 1 220069 633046 720320 388240 504450 446707 305866 549525 91620 810174 546022 801364 817135 362833 410899 483591 136040 393997 732522 209506 592160 896842 858366 842953 826794 237696 834702 895286 578955 710965 654686 67308 848141 436211 245328 896027 311707 138984 537331 777483 537459 622121 339405 743730 475855 718389 796926 562975 654855 613245 198728 167074 460524 655397 495872 541976 499124 273408 899355 296622 676452 559042 650263 262774 461619 1038570 207523 797800 593554 506068 693273 330686 404303 182796 171314 719708 403330 804435 531342 504839 892552 359751 776526
 344450 560628 796765 597673 173968 529834 358224 479850 636316 153452 567555 625055 411239 654852 522779 77553 220069 1 580480 654108 291149 662386 584534 134889 345995 236924 710354 466681 585737 742852 305822 355548 489166 303472 256052 515267 169143 450446 677430 672815 761439 692270 345417 632724 709413 359074 512135 439723 179475 628114 519043 292302 737623 382088 129058 578972 592190 621264 649123 150700 606423 321872 679835 576864 361628 488098 397333 220015 87369 475374 550370 476255 534592 622068 193279 793427 82299 493608 339910 638133 70948 496855 941717 88940 727869 374332 386832 650162 490212 375963 99102 101667 556447 484283 704387 602548 381525 681243 156310 565110
 556065 369503 242833 238391 607901 659565 272203 430233 398597 727831 159872 630772 443725 354455 377475 629182 633046 580480 1 91529 867855 591808 503745 459967 494110 549710 219646 124252 694023 189067 886274 229342 189540 552578 346169 673578 739144 268948 824031 529323 219864 319724 448408 603482 554537 647348 519188 606345 660991 819209 357190 395484 443364 370336 521820 254062 482152 369452 226819 471305 282482 863815 102775 789575 485667 358584 760571 774539 646553 216657 154324 148188 137425 474474 392395 305415 615716 428728 689570 122172 517952 251595 420829 500012 167569 706386 236551 71630 538560 228771 667177 663879 364451 356714 215640 332654 246582 709769 499287 637251
 647416 451633 152390 205999 693390 667243 321043 519113 472720 804294 144528 619824 534854 312107 371071 697145 720320 654108 91529 1 937056 672806 587532 527900 524558 638543 140068 187475 695461 97917 959393 311820 279340 643321 408636 684716 816694 287592 823628 499882 128377 262753 539859 588684 520370 680498 520514 624955 745438 826089 442949 485458 390560 461848 604764 331048 465243 444180 285903 534270 248923 923656 90446 801432 513433 360761 796586 854899 724482 306761 149786 239711 223786 553919 471282 219363 682291 430172 728074 171759 588641 339341 329328 577364 77498 741248 285422 75233 628158 317067 744311 741783 349156 444947 137372 408438 294291 696755 558825 637264
 558587 831512 1074164 853495 365728 630513 625779 736772 906101 174807 837046 757673 664631 887748 741676 239997 388240 291149 867855 937056 1 892073 829136 409183 524858 459509 978457 750135 679293 1021599 65378 645914 779096 519766 529450 605335 178931 703251 724320 854263 1037015 937472 600019 778695 887833 442704 678620 557247 321006 661442 790975 567237 956490 654341 392169 864344 780153 894686 937808 405570 853209 130029 968520 612037 543274 712990 396083 203197 251323 764059 820964 767403 825621 876603 484424 1055893 255757 694910 387604 929240 349917 782362 1206367 378607 1008397 414036 658537 938394 717403 667070 228239 237149 780102 756099 972531 880206 651472 789286 387682 683755
 333544 222356 799714 808917 527750 1078180 674017 205999 210490 718499 730135 1111606 258596 923720 885616 739878 504450 662386 591808 672806 892073 1 95975 652470 865036 436730 810352 604443 1129096 756706 866509 516937 413172 373069 642843 1077540 713150 754449 1250266 1064240 792090 904428 320809 1097719 1096695 965329 981431 994671 571348 1218984 241006 394911 1019736 319896 533341 342277 995906 235268 406818 690950 848642 969378 609655 1173609 869387 852375 1039535 700616 652880 390983 716864 467690 455024 119889 544673 892044 743119 908234 971227 511294 657401 347438 982314 589919 733064 1002630 661536 604747 175241 469763 673730 662981 892346 255445 806704 267467 668444 1188193 726674 1084715
 275378 136690 720090 715877 463502 984097 578125 112796 150880 654384 637677 1015880 173835 830026 789758 662007 446707 584534 503745 587532 829136 95975 1 564300 771391 369676 723218 510077 1034611 674766 808961 420984 320973 311057 548835 984049 651176 658630 1156549 968549 709767 812733 239192 1001812 1001142 875409 885787 901353 511745 1126388 148085 306525 926449 226938 456352 261027 899983 167988 335032 602147 755022 898220 529869 1081601 775305 756439 953143 645381 583679 297688 623963 374648 366341 63948 454757 806817 663661 812285 883773 431955 573665 255337 903648 507699 651112 914556 565569 522189 122971 373791 605494 595239 796813 159833 719328 193102 572469 1092620 638346 989688
 374390 509688 666830 462786 260168 453342 223782 452373 583929 288031 434206 527890 393933 522107 394917 169475 305866 134889 459967 527900 409183 652470 564300 1 247002 281139 576954 340985 508609 613604 433475 246693 398219 338426 122473 445261 304028 315838 616499 554445 630579 557750 334408 529479 591354 314210 405388 363332 288299 576584 468544 257898 607219 341002 170876 500605 473404 564066 559629 39639 471936 408614 561625 528327 259045 359066 389627 353793 219009 390382 417277 373897 434307 589351 111991 659147 155796 372762 319522 531179 64142 420970 807915 98383 599756 350322 253501 531071 492832 278599 233470 234795 426661 435937 570987 539115 247674 592425 74205 477470
 616775 687876 625283 370376 502849 213888 230792 659170 755153 474111 387840 281894 612642 373138 223375 324898 549525 345995 494110 524558 524858 865036 771391 247002 1 527713 510070 375759 266936 581690 572850 370306 526345 582792 222752 212698 494090 238053 385231 335036 584834 432604 561251 286962 370522 156089 166627 130476 522446 357261 650538 477344 433192 545142 417582 639275 257388 730156 671041 210611 355498 459279 591530 316162 18423 201749 272974 553070 431153 531028 377598 481052 536254 783287 330218 570556 304550 170599 207971 602501 287946 572845 718838 344008 576802 217288 262860 561053 719688 418184 436748 442706 263136 623254 504718 698221 252531 345487 191351 231087
 108071 384124 790876 658064 94416 733813 431361 280506 455637 284725 602143 807059 208334 746053 644438 312008 91620 236924 549710 638543 459509 436730 369676 281139 527713 1 735198 470267 789315 736043 441916 333902 393923 66808 344941 724408 282099 534998 893801 817422 763188 762371 147855 806157 854107 581651 681575 643390 146895 849974 346414 156572 840313 220113 115510 445715 737497 448600 530565 319286 681540 532721 631833 800017 538941 607024 632486 282996 216153 370257 584170 409152 453041 417886 217765 825129 319167 636809 571429 560950 255691 370172 960949 188504 715990 605316 443582 607626 261593 321476 237108 226488 668823 313030 729586 441060 443829 873182 347008 758521
 758509 588359 121831 140829 777896 611495 353877 648523 612322 863699 142804 539417 656803 206746 312984 740627 810174 710354 219646 140068 978457 810352 723218 576954 510070 735198 1 264937 629839 99191 1008952 401302 407799 749242 454587 633462 878438 280728 752289 399498 82799 141392 653394 504156 413238 663259 461908 587106 826098 764906 576835 589392 266244 580017 683819 469714 383666 583635 425678 573805 168243 946614 222562 747992 495396 317001 780552 922991 788721 434305 160066 361191 357025 692108 544763 90338 723425 378039 717993 311500 640760 470989 231748 643809 112010 724839 323574 214253 755695 419928 806324 805634 280184 575673 5968 547607 329307 611316 591066 571515
 497916 388371 332576 209406 515224 554201 148987 416477 437119 617295 137794 542982 409240 320578 294940 510423 546022 466681 124252 187475 750135 604443 510077 340985 375759 470267 264937 1 593353 277848 771920 136393 195283 486079 223725 565385 630052 168869 723426 466052 299840 311870 395831 520433 496394 526658 422091 493697 565135 712791 363602 326476 417749 329291 423150 298099 405667 408381 305898 349444 245950 741228 226812 679775 368892 267918 638502 669746 538127 214251 121025 139626 177096 495763 286500 354898 496027 334779 566945 226862 401253 259288 492635 391064 261657 584841 114007 195553 515810 159929 557594 555387 293489 351184 259319 371765 124272 622559 376204 538727
 881934 943581 751508 497907 754292 55986 469040 923106 1007126 685691 551250 113236 878814 433183 324720 542544 801364 585737 694023 695461 679293 1129096 1034611 508609 266936 789315 629839 593353 1 722060 739440 622722 769467 846853 486505 74631 706357 426883 130217 272619 712531 505958 828151 151273 288624 241733 175402 146716 765127 135812 908137 744058 434739 809596 676215 881381 249974 980667 899181 470050 462508 573689 777823 131874 260383 336508 296213 767092 663223 778546 548632 718883 767769 1042738 597106 657664 524033 266228 291844 813441 539403 822583 785497 602036 725371 265981 492927 750572 986436 671512 662939 671213 351419 882866 626050 946766 483505 110916 443610 58545
 745131 538124 55115 225069 789335 700556 398011 612143 551553 894466 194786 635145 630925 305214 400287 781721 817135 742852 189067 97917 1021599 756706 674766 613604 581690 736043 99191 277848 722060 1 1046812 407347 374295 741236 492197 721089 907576 344720 846426 498178 35664 240534 637448 600648 512394 737230 551050 669478 840761 856229 532989 583309 364194 558936 699459 414751 478919 523964 357231 616512 259857 1000902 148492 836795 568533 398862 854504 947577 815839 401889 207422 336995 316600 636971 564151 144384 765946 464090 788882 246070 675748 431984 233046 668843 23664 798730 363838 152590 721849 414617 835092 833078 370695 537503 101039 489709 371598 708282 638357 663541
 534838 821894 1100233 888176 347580 689621 655092 722179 895305 165660 866568 814592 649883 929052 785235 268905 362833 305822 886274 959393 65378 866509 808961 433475 572850 441916 1008952 771920 739440 1046812 1 660281 784800 497915 555699 665150 162006 738069 787878 905386 1064052 975742 587010 834213 939614 500733 730603 613821 297221 725384 782276 563250 1001324 647501 389774 863893 829741 885866 940730 435465 890663 194958 985298 675648 591171 755026 459661 166463 248728 767864 849956 777689 834365 859479 496572 1088845 287119 741481 447629 940079 371096 782576 1238738 388651 1032476 475280 686384 955787 693440 677078 225882 232407 822924 747711 1002996 873940 680011 848876 422201 741592
 365241 320885 462462 334185 381999 575500 157495 315166 385519 499760 270740 595862 291805 435623 371345 411172 410899 355548 229342 311820 645914 516937 420984 246693 370306 333902 401302 136393 622722 407347 660281 1 160685 351032 158780 579796 510475 241790 748984 551586 432253 438976 267455 580917 585514 501763 466435 499785 433637 726589 286247 192418 533203 211860 293122 271917 480322 360039 318070 267966 364419 655178 325484 686460 370075 336817 602168 545198 417846 161486 253056 127810 188391 421750 164038 491290 400123 391302 528885 285057 297875 202542 627920 272118 388900 553212 145747 296616 402546 48807 438842 435156 382742 263431 395698 327922 151947 673404 301855 574279
 379480 193771 425543 395831 467987 725229 300999 240832 243012 619736 316981 730265 257145 511152 487730 553726 483591 489166 189540 279340 779096 413172 320973 398219 526345 393923 407799 195283 769467 374295 784800 160685 1 382888 319464 732020 626836 357956 897944 661157 407077 491764 271534 710389 691673 661924 604661 654044 524102 879743 172890 238305 606720 189583 397608 112964 598928 214784 161621 423999 436049 802312 246272 841593 524379 458189 762832 650955 536326 27637 303748 55686 61094 301382 298282 494773 545387 521603 689552 167139 441303 65751 607338 400698 351434 713847 276973 227490 349051 120033 558984 553018 488479 168016 403445 179033 286137 809434 459197 717895
 41304 341930 795378 683081 154685 791713 466602 231882 409722 345634 621769 859458 162406 777284 684708 378793 136040 303472 552578 643321 519766 373069 311057 338426 582792 66808 749242 486079 846853 741236 497915 351032 382888 1 388300 783528 341088 569090 954079 860868 770318 787975 114635 856552 897240 644361 732162 701755 200718 911739 307409 159853 873180 196481 179506 418420 781950 406040 505775 377476 709831 597540 627175 862214 592989 647360 698128 334718 281003 357098 604082 406818 443697 363104 261216 839573 385756 682125 636160 549101 318723 348899 970245 250249 720119 669851 474400 605244 197920 329617 301234 290322 706487 276383 743830 403126 475969 927563 407189 813872
 416625 467233 545044 343509 352644 435343 102627 436860 536498 409503 311805 479297 393224 412202 299799 289527 393997 256052 346169 408636 529450 642843 548835 122473 222752 344941 454587 223725 486505 492197 555699 158780 319464 388300 1 435440 424812 200953 607736 473023 508455 441542 346459 472290 509576 343994 349342 353076 391248 579315 429023 261117 502311 323127 255498 430244 393719 512675 475457 125798 356280 517709 448846 536425 226545 262436 443421 472100 336970 319078 294822 283098 342941 560858 127603 537392 273979 293857 370136 429767 186174 357772 685746 198116 479003 394527 131051 417790 502425 203024 353249 353461 325960 400957 448620 482518 125479 552227 153299 444074
 819623 899267 755096 496154 685503 29998 431389 871752 965312 611765 540400 166262 824108 447686 321025 469628 732522 515267 673578 684716 605335 1077540 984049 445261 212698 724408 633462 565385 74631 721089 665150 579796 732020 783528 435440 1 632422 404675 173027 310888 715180 519493 770999 198637 333379 167186 172052 83146 694317 147957 862450 688050 464811 757655 610249 844807 269666 939708 869171 406058 465315 501685 762896 116725 210172 324492 227606 693135 591182 738858 535392 683731 735692 995693 539168 670927 451411 257068 217736 789959 471878 781786 806088 536233 721967 193101 458835 734293 929968 628232 590225 598715 353575 835619 629155 906898 448910 183972 377488 90455
 379694 660032 961941 766814 187790 652059 527194 561446 733648 20671 735717 762452 489136 822089 686581 169491 209506 169143 739144 816694 178931 713150 651176 304028 494090 282099 878438 630052 706357 907576 162006 510475 626836 341088 424812 632422 1 619343 779348 827850 927444 861023 425639 775273 863863 466103 660031 566280 142207 722528 620318 401762 902701 485524 229683 702916 748356 723939 780924 317049 775171 273326 835793 670704 511286 652950 464415 60746 92630 608864 718374 623072 678277 699950 346756 962153 189725 652497 427569 785218 239998 621936 1110020 239417 891705 460717 555215 807090 538552 522859 72488 75323 721546 585729 872475 711949 550188 809851 315205 695776
 591071 546450 390426 150281 552259 390766 103717 555884 600925 602665 150127 374272 532921 212237 131289 469344 592160 450446 268948 287592 703251 754449 658630 315838 238053 534998 280728 168869 426883 344720 738069 241790 357956 569090 200953 404675 619343 1 557098 310309 350378 241924 502708 352718 343835 394121 253856 339380 592127 550350 517077 420806 305321 453421 454858 465296 242233 572733 474029 304303 156152 666158 359848 520837 226139 100234 510961 669582 534610 372795 139556 303573 345831 652232 319608 353107 450953 165910 444341 386794 379498 418422 503784 398984 338976 455323 97387 330515 644027 286064 549281 550575 141253 499049 275009 536758 93842 453819 316149 371226
 990778 1069437 873360 623717 850088 173500 597061 1044393 1134183 758970 679800 215498 997129 550863 452559 624512 896842 677430 824031 823628 724320 1250266 1156549 616499 385231 893801 752289 723426 130217 846426 787878 748984 897944 954079 607736 173027 779348 557098 1 374076 835083 623291 943911 253614 380692 318867 304976 256167 854558 65554 1033239 861066 538908 930371 778910 1010179 368849 1108062 1029186 577049 586592 606093 906906 112289 381522 466061 328258 839333 748345 906295 677735 847933 897457 1167105 712063 773689 607774 395735 351845 943616 639341 949947 894321 705304 850832 319267 621958 879955 1102925 797667 744776 754100 476968 1007036 748803 1074560 612403 160148 547010 186975
 887477 853148 515707 295049 813720 281521 401546 866167 903063 808124 369755 161678 841249 192992 180520 659296 858366 672815 529323 499882 854263 1064240 968549 554445 335036 817422 399498 466052 272619 498178 905386 551586 661157 860868 473023 310888 827850 310309 374076 1 480360 260688 806754 122554 36926 426924 176079 312919 842155 403815 825609 722630 164868 762476 720021 762281 81047 874219 754463 525748 251227 773560 589695 404278 317271 216475 524602 886036 759804 678673 375365 605594 638681 959919 600622 405497 638917 181922 489373 650659 608031 724187 520366 651708 507523 477510 405975 568237 952651 596367 767665 772665 172719 808799 397214 837432 400538 219337 516709 223639
 775289 573173 40562 220075 813993 693588 411581 645828 587165 913818 202784 622072 663122 288309 394287 797558 842953 761439 219864 128377 1037015 792090 709767 630579 584834 763188 82799 299840 712531 35664 1064052 432253 407077 770318 508455 715180 927444 350378 835083 480360 1 220192 667929 586628 492471 739438 543940 666968 864654 847498 567446 611692 340046 590199 722862 450023 466423 559537 392887 631460 250474 1012159 184155 830069 570908 396194 856834 968846 836194 434602 217402 368047 350149 672394 586194 110297 781266 459026 792683 281661 693411 465707 200967 689547 59121 801042 378483 187621 755319 442250 854978 853360 362378 571314 86484 525199 385618 693566 651738 654173
 804087 682893 255021 104921 789017 494793 340317 725703 717607 844129 176032 408165 721109 72778 212617 708096 826794 692270 319724 262753 937472 904428 812733 557750 432604 762371 141392 311870 505958 240534 975742 438976 491764 787975 441542 519493 861023 241924 623291 260688 220192 1 705382 371231 272369 575964 348287 485075 831331 641768 664654 631086 127963 641101 691846 572791 256041 688364 542926 544998 85853 888189 352212 630171 415593 230949 690882 911506 776522 515512 191392 438619 451401 789771 553525 151887 689121 275868 635167 430550 621330 557452 290233 639524 252715 636316 320727 337225 827219 470559 791167 792499 173545 657129 140061 651344 322251 476513 553863 448780
 108211 236331 690778 600914 240328 774904 405344 137096 308515 425908 533555 825729 66052 702836 626883 422849 237696 345417 448408 539859 600019 320809 239192 334408 561251 147855 653394 395831 828151 637448 587010 267455 271534 114635 346459 770999 425639 502708 943911 806754 667929 705382 1 817804 842117 648574 695603 687884 294503 908043 198649 85436 800260 82620 217743 304145 730848 300786 391247 373594 631870 661320 517410 860942 568279 590353 719086 430514 350205 245009 516491 300607 332618 278690 231850 743493 424525 634414 651454 436380 336598 234453 868756 269405 615628 683341 405418 496930 159168 235915 372786 363230 643548 165643 648231 293646 409085 898464 408406 788853
 887321 896487 623916 383556 788359 168640 423709 894241 953152 754878 449028 39129 860150 299475 227070 605997 834702 632724 603482 588684 778695 1097719 1001812 529479 286962 806157 504156 520433 151273 600648 834213 580917 710389 856552 472290 198637 775273 352718 253614 122554 586628 371231 817804 1 137537 338249 124583 222036 809360 281262 865002 732379 286854 784697 700094 817926 123457 925145 821979 495353 343001 686477 675971 283139 272248 252674 422589 835267 717163 724199 450524 656257 697419 1000762 596276 520642 585972 189993 398405 725560 574507 769684 641219 627722 607192 380872 438084 651493 971056 628680 721576 728089 240449 844086 501104 889339 430398 108198 478247 108244
 923599 884291 526345 317781 850646 303560 436784 899615 932864 844077 394665 175508 875817 209341 215325 695118 895286 709413 554537 520370 887833 1096695 1001142 591354 370522 854107 413238 496394 288624 512394 939614 585514 691673 897240 509576 333379 863863 343835 380692 36926 492471 272369 842117 137537 1 457273 209217 342101 879021 415615 857465 758196 163234 796786 756925 791231 117951 903905 780619 562558 273508 805009 610635 420389 352905 251787 551759 922203 796343 709815 401451 636019 667322 991325 637178 411347 674744 218846 519436 675096 644810 755217 518043 688633 523158 506126 440148 590363 987153 629783 804040 809120 204351 841323 411426 866992 434999 221971 553244 244042
 682746 807663 779961 522717 532442 189548 378545 762765 878756 445482 543764 315263 707232 511071 363349 306336 578955 359074 647348 680498 442704 965329 875409 314210 156089 581651 663259 526658 241733 737230 500733 501763 661924 644361 343994 167186 466103 394121 318867 426924 739438 575964 648574 338249 457273 1 253327 116424 535694 269410 768098 570456 556002 649362 466144 773679 362333 855716 813485 274995 503926 348720 746062 218684 168704 348941 117396 526733 429738 662868 533674 621167 678871 895690 420784 719388 289155 301447 62644 752161 325973 701723 865399 394114 732709 61610 412704 715358 807020 546989 426955 435989 402668 737842 658048 826236 402408 349113 240546 241066
 763238 785651 583669 326014 664801 149659 309160 776686 845646 639911 376131 130589 739761 277189 151037 490595 710965 512135 519188 520514 678620 981431 885787 405388 166627 681575 461908 422091 175402 551050 730603 466435 604661 732162 349342 172052 660031 253856 304976 176079 543940 348287 695603 124583 209217 253327 1 144174 687244 306128 752405 610180 306077 665654 575806 715023 109520 818328 727773 371909 293668 597932 602436 286130 150512 161133 357778 719316 597671 616096 373257 552235 598248 888081 472228 499311 470316 90830 315969 639242 451967 661066 636551 503725 553028 307328 328167 575179 850185 514917 603369 609323 181761 729726 457708 783388 319511 206986 356512 118070
 737476 818200 707390 446940 607612 90780 354810 788963 885064 545634 482173 200785 740989 416170 275814 399781 654686 439723 606345 624955 557247 994671 901353 363332 130476 643390 587106 493697 146716 669478 613821 499785 654044 701755 353076 83146 566280 339380 256167 312919 666968 485075 687884 222036 342101 116424 144174 1 619195 226950 780981 604904 450246 674818 529854 766992 253404 859817 794792 324388 421235 465112 699221 187682 129820 270867 213745 626956 518606 659824 475205 607075 660544 913750 456067 633676 380708 210605 177705 719951 392699 702189 775109 455700 668166 164671 384134 669762 846834 547948 519411 527279 312695 753726 582360 827493 373994 243820 297096 129760
 238255 530832 895858 730548 56509 709249 491057 427022 602531 149911 686279 803152 355019 803308 682349 232832 67308 179475 660991 745438 321006 571348 511745 288299 522446 146895 826098 565135 765127 840761 297221 433637 524102 200718 391248 694317 142207 592127 854558 842155 864654 831331 294503 809360 879021 535694 687244 619195 1 803299 492705 287704 891947 362940 142288 586910 761121 595277 669505 316801 746718 409832 750998 751655 537242 646003 560639 136102 109572 502808 668297 530346 580334 562684 281621 913925 247748 660784 510513 688870 235370 508645 1056690 194240 822528 545013 512244 724437 397156 434214 121196 109867 712739 458952 820246 586803 509674 860509 331114 744338
 949391 1045117 886669 631513 801734 159681 579277 1013750 1111967 702324 681570 242138 963451 568993 457053 571591 848141 628114 819209 826089 661442 1218984 1126388 576584 357261 849974 764906 712791 135812 856229 725384 726589 879743 911739 579315 147957 722528 550350 65554 403815 847498 641768 908043 281262 415615 269410 306128 226950 803299 1 1007771 826667 567760 899522 734575 992583 385767 1086625 1016995 536947 597172 541888 906455 51911 356516 465463 265919 782065 695834 886223 677785 831657 883619 1140171 676681 793457 555664 395947 295489 936607 594417 928871 920343 661761 858852 261874 606775 878413 1067201 774834 691048 700710 485606 980235 761021 1054105 596859 204122 505009 193553
 286351 41714 580510 568132 437799 859811 443246 89941 117383 618840 489698 881348 146094 682730 648344 593767 436211 519043 357190 442949 790975 241006 148085 468544 650538 346414 576835 363602 908137 532989 782276 286247 172890 307409 429023 862450 620318 517077 1033239 825609 567446 664654 198649 865002 857465 768098 752405 780981 492705 1007771 1 226843 778862 137383 399954 129951 759258 103741 216159 503102 607661 840760 391685 965420 652297 616211 856156 628473 539655 150003 476139 226830 219905 135789 356630 661663 591185 675010 784339 296012 491955 107268 764257 433334 509447 812863 426947 380783 197223 237566 562741 554054 653203 34948 572794 95717 434632 959284 540070 860394
 173030 268366 637800 526197 231236 691189 321734 195232 344034 397968 462776 740339 136990 624382 543176 367582 245328 292302 395484 485458 567237 394911 306525 257898 477344 156572 589392 326476 744058 583309 563250 192418 238305 159853 261117 688050 401762 420806 861066 722630 611692 631086 85436 732379 758196 570456 610180 604904 287704 826667 226843 1 721312 89815 175070 301585 646214 329614 382241 296104 554923 613926 475443 780293 483888 506424 646668 418551 316517 215730 445217 252869 296759 334995 150207 679722 365964 549330 577278 404953 269943 221653 811111 207740 562639 608219 323965 451628 242380 169976 339717 331827 561032 192020 583978 313133 326969 813250 332039 704043
 893428 799868 370818 210915 854944 436763 409007 834150 838664 884320 290566 325925 822789 97773 216747 740401 896027 737623 443364 390560 956490 1019736 926449 607219 433192 840313 266244 417749 434739 364194 1001324 533203 606720 873180 502311 464811 902701 305321 538908 164868 340046 127963 800260 286854 163234 556002 306077 450246 891947 567760 778862 721312 1 742310 757792 693997 197508 809374 668584 586968 171800 891009 480161 565371 414846 249767 663699 957209 824462 628878 303005 552056 570976 907337 624542 250560 720426 262665 618195 557099 667974 672377 355907 697715 378253 612385 398792 464759 931593 570517 836296 839282 181226 768484 265709 772212 397355 382860 587954 382327
 189995 178740 611670 537840 306897 758385 363034 114229 254343 483144 466610 796218 80479 644538 581980 457368 311707 382088 370336 461848 654341 319896 226938 341002 545142 220113 580017 329291 809596 558936 647501 211860 189583 196481 323127 757655 485524 453421 930371 762476 590199 641101 82620 784697 796786 649362 665654 674818 362940 899522 137383 89815 742310 1 262753 225670 689596 240698 311339 377765 571640 703605 435799 854664 549628 546674 730620 497334 403068 162751 450218 222155 250660 248389 229768 669599 455529 597069 660115 353795 358258 152595 791165 297340 536743 690139 356641 416091 190687 171805 426215 417787 594525 102460 575051 226461 361945 871607 414408 766149
 219423 440981 754515 590078 97408 620502 352337 353702 516219 224120 544206 698758 283782 666954 552924 206539 138984 129058 521820 604764 392169 533341 456352 170876 417582 115510 683819 423150 676215 699459 389774 293122 397608 179506 255498 610249 229683 454858 778910 720021 722862 691846 217743 700094 756925 466144 575806 529854 142288 734575 399954 175070 757792 262753 1 474213 639247 503442 551304 207273 607909 444170 614421 684545 429897 515881 518973 255083 141726 379229 526204 396882 450348 495894 139650 771739 210407 538175 456657 558111 140201 392804 914419 74182 681593 490379 371653 586955 361330 298039 164907 157486 580885 365008 677971 488096 369628 762716 232829 647352
 403925 124634 459181 484538 530507 837703 413569 219217 144827 698286 404217 839191 265347 601474 593028 648066 537331 578972 254062 331048 864344 342277 261027 500605 639275 445715 469714 298099 881381 414751 863893 271917 112964 418420 430244 844807 702916 465296 1010179 762281 450023 572791 304145 817926 791231 773679 715023 766992 586910 992583 129951 301585 693997 225670 474213 1 703734 115574 88410 529174 527082 897811 268898 954553 637340 565255 872904 719683 615809 111614 393681 162810 124136 222959 394722 550002 641661 630416 799691 170936 538005 82142 642651 490100 391091 824732 388478 262524 327132 227798 638935 631698 590458 149101 466339 78612 397878 918604 565178 829220
 809305 788605 504532 260158 732755 242818 326888 795487 841867 728763 326209 156296 767543 183265 111242 580283 777483 592190 482152 465243 780153 995906 899983 473404 257388 737497 383666 405667 249974 478919 829741 480322 598928 781950 393719 269666 748356 242233 368849 81047 466423 256041 730848 123457 117951 362333 109520 253404 761121 385767 759258 646214 197508 689596 639247 703734 1 813395 703108 444779 220084 704493 552717 375996 239291 143587 467135 806214 679277 614686 328426 543895 581559 894464 521214 407692 559907 101075 424934 604323 527103 660327 537689 570719 484701 416844 334725 528536 879006 526417 687449 692293 117833 740705 380313 777042 328409 231612 436234 193242
