NAME : domp30p10v1
COMMENT : Cherkesly, Contardo & Gruson 2022
TYPE : DOMP
DIMENSION : 30
DISPLAY_DATA_TYPE : NO_DISPLAY
OPEN_FACILITIES : 10
COST_SECTION
 1 342031 439389 85362 80816 385423 166702 492190 584278 427209 123746 265966 631194 328192 71950 654884 522203 490381 206035 527997 320549 572820 300235 481745 338150 558233 543786 91592 463232 321516
 342031 1 746451 265724 262207 63696 414403 352945 331607 125415 465056 123726 335302 349217 350498 384662 490149 537420 175745 353190 107450 388917 81719 441507 152538 402713 633353 418573 141405 476348
 439389 746451 1 490102 512803 770134 522867 927206 1022574 790082 334500 635179 1063251 745146 483212 1092118 621597 863775 643077 965752 752364 1010495 679875 612367 775297 765577 879092 420222 833393 671004
 85362 265724 490102 1 44735 304205 228388 468479 536685 343274 202024 181010 573176 333277 132149 604280 462366 514128 161058 497392 262796 541774 216914 418751 289582 480505 580453 175618 380431 365778
 80816 262207 512803 44735 1 308174 192484 431341 509937 353380 204559 196952 552818 289385 101384 579329 504711 469394 130484 462776 241515 507444 226274 460373 262510 514424 536207 159237 387367 323008
 385423 63696 770134 304205 308174 1 471664 404245 358960 61984 506141 134957 344982 412634 401998 403083 455394 599781 235974 398652 169040 430941 90641 407806 212058 350586 696448 467026 81173 539437
 166702 414403 522867 228388 192484 471664 1 427480 562632 525427 196128 381969 631806 229791 97883 636417 686555 347377 240174 474058 349184 516728 402752 644644 343858 706867 385677 111582 552824 162164
 492190 352945 927206 468479 431341 404245 427480 1 179118 460697 593946 447216 276524 202312 444223 244225 836588 273957 310064 53294 255270 90341 421318 787593 208836 754281 377760 511297 451574 354034
 584278 331607 1022574 536685 509937 358960 562632 179118 1 399776 700465 451667 99577 359162 553519 73804 814350 452521 379520 129330 276577 122220 412897 766660 247564 696611 555554 626239 374620 520073
 427209 125415 790082 343274 353380 61984 525427 460697 399776 1 544513 163684 372152 474565 450790 436198 420814 661649 293778 451524 230897 481292 127215 375066 273297 298856 758432 512515 44348 599555
 123746 465056 334500 202024 204559 506141 196128 593946 700465 544513 1 381175 751935 411069 149937 772245 571744 543466 326391 634214 442630 678745 418768 538024 457094 640412 576255 86857 582326 355432
 265966 123726 635179 181010 196952 134957 381969 447216 451667 163684 381175 1 459018 390249 297723 507447 390845 584937 181124 457244 192771 496663 45393 341932 238442 343670 670997 353945 203431 483236
 631194 335302 1063251 573176 552818 344982 631806 276524 99577 372152 751935 459018 1 443683 610038 74564 792964 550476 425624 228388 311397 220493 415895 747049 295653 657633 654044 683697 338590 606090
 328192 349217 745146 333277 289385 412634 229791 202312 359162 474565 411069 390249 443683 1 266837 431565 769156 194691 210735 252565 245588 292646 384700 721531 210841 731935 284838 324925 484496 162483
 71950 350498 483212 132149 101384 401998 97883 444223 553519 450790 149937 297723 610038 266837 1 626038 588692 420460 189340 484289 306695 528809 324524 546785 314441 612474 471921 73692 482515 249579
 654884 384662 1092118 604280 579329 403083 636417 244225 73804 436198 772245 507447 74564 431565 626038 1 856085 513568 449303 191606 342075 170947 466351 809367 316956 726680 614686 698992 405448 591593
 522203 490149 621597 462366 504711 455394 686555 836588 814350 420814 571744 390845 792964 769156 588692 856085 1 961602 559625 842294 581320 878982 415665 48997 627952 186517 1037605 604634 456295 827717
 490381 537420 863775 514128 469394 599781 347377 273957 452521 661649 543466 584937 550476 194691 420460 513568 961602 1 405110 323560 430754 344393 578438 914390 389781 926203 104876 458451 666850 192991
 206035 175745 643077 161058 130484 235974 240174 310064 379520 293778 326391 181124 425624 210735 189340 449303 559625 405110 1 336687 117541 380922 183054 511648 132349 524648 489875 262366 316400 308423
 527997 353190 965752 497392 462776 398652 474058 53294 129330 451524 634214 457244 228388 252565 484289 191606 842294 323560 336687 1 264826 44825 427056 793431 221298 748949 426276 553293 437458 406712
 320549 107450 752364 262796 241515 169040 349184 255270 276577 230897 442630 192771 311397 245588 306695 342075 581320 430754 117541 264826 1 305187 166405 532325 47138 507721 528009 379877 238911 383767
 572820 388917 1010495 541774 507444 430941 516728 90341 122220 481292 678745 496663 220493 292646 528809 170947 878982 344393 380922 44825 305187 1 464839 830254 263003 779876 444291 597507 464073 442900
 300235 81719 679875 216914 226274 90641 402752 421318 412897 127215 418768 45393 415895 384700 324524 466351 415665 578438 183054 427056 166405 464839 1 366712 213447 348142 668607 385334 163559 491077
 481745 441507 612367 418751 460373 407806 644644 787593 766660 375066 538024 341932 747049 721531 546785 809367 48997 914390 511648 793431 532325 830254 366712 1 578956 166191 991483 566197 411726 783230
 338150 152538 775297 289582 262510 212058 343858 208836 247564 273297 457094 238442 295653 210841 314441 316956 627952 389781 132349 221298 47138 263003 213447 578956 1 554276 489033 388121 277130 358566
 558233 402713 765577 480505 514424 350586 706867 754281 696611 298856 640412 343670 657633 731935 612474 726680 186517 926203 524648 748949 507721 779876 348142 166191 554276 1 1014343 648972 322324 824314
 543786 633353 879092 580453 536207 696448 385677 377760 555554 758432 576255 670997 654044 284838 471921 614686 1037605 104876 489875 426276 528009 444291 668607 991483 489033 1014343 1 496181 765939 223721
 91592 418573 420222 175618 159237 467026 111582 511297 626239 512515 86857 353945 683697 324925 73692 698992 604634 458451 262366 553293 379877 597507 385334 566197 388121 648972 496181 1 546538 273275
 463232 141405 833393 380431 387367 81173 552824 451574 374620 44348 582326 203431 338590 484496 482515 405448 456295 666850 316400 437458 238911 464073 163559 411726 277130 322324 765939 546538 1 617198
 321516 476348 671004 365778 323008 539437 162164 354034 520073 599555 355432 483236 606090 162483 249579 591593 827717 192991 308423 406712 383767 442900 491077 783230 358566 824314 223721 273275 617198 1
LAMBDA_SECTION
1 818
2 799
3 941
4 337
5 98
6 784
7 612
8 975
9 332
10 734
11 592
12 395
13 287
14 284
15 441
16 898
17 249
18 816
19 298
20 210
21 320
22 384
23 638
24 655
25 177
26 129
27 120
28 562
29 519
30 40
