NAME : domp30p15v2
COMMENT : Cherkesly, Contardo & Gruson 2022
TYPE : DOMP
DIMENSION : 30
DISPLAY_DATA_TYPE : NO_DISPLAY
OPEN_FACILITIES : 15
COST_SECTION
 1 109825 708236 525992 290999 180870 288901 369695 664443 687496 628600 563821 512095 349026 489185 557497 636772 418359 444524 394536 533358 820984 689367 521399 789537 604064 358161 449286 599198 753700
 109825 1 646775 436873 202666 100736 188554 410982 554758 578004 650913 464622 510544 356373 391569 461077 651143 310910 498068 318455 607946 713228 668303 415944 734638 606927 253641 373898 497738 661161
 708236 646775 1 280351 454102 704757 492296 563185 576747 569259 513202 350766 375459 992624 359619 324427 469686 485566 627362 332965 779885 555965 269973 693255 98714 397294 657935 280187 373211 281755
 525992 436873 280351 1 235698 467390 253045 543123 331001 332875 624349 95192 446518 751601 79300 67568 593892 207723 633745 145947 790261 385207 464448 413789 378936 519339 384995 109479 135838 228603
 290999 202666 454102 235698 1 250679 52386 406799 425419 442400 582564 276699 412377 538554 201202 267737 568435 172375 504021 121138 646940 554149 525515 371177 546665 507293 252946 175100 315134 462751
 180870 100736 704757 467390 250679 1 216403 511704 519947 545750 749790 475131 604564 288131 408398 477709 748490 301938 598262 371801 704269 691601 753209 349735 797112 701539 188427 425175 501714 680344
 288901 188554 492296 253045 52386 216403 1 450181 395882 415197 633835 276237 464535 503806 203043 272659 620369 140032 547159 162200 686193 537192 576382 322700 586948 559612 200563 212225 310448 473616
 369695 410982 563185 543123 406799 511704 450181 1 823502 836752 266520 626755 215093 716390 560846 605036 284921 577829 97227 407226 247895 923656 412666 770954 607115 277526 628234 433654 670260 743141
 664443 554758 576747 331001 425419 519947 395882 823502 1 28714 947681 237674 768216 736880 275756 266485 920336 255893 919901 425296 1068662 185551 793957 225843 667824 847093 340670 421009 205482 349476
 687496 578004 569259 332875 442400 545750 415197 836752 28714 1 953703 238123 774492 765247 283156 266725 925210 275278 932740 435185 1082805 156841 793027 254445 658549 851338 367967 427342 202399 332621
 628600 650913 513202 624349 582564 749790 633835 266520 947681 953703 1 719137 179531 977525 671965 691916 47264 734081 237410 528239 330568 1002946 263225 951348 512076 116166 831079 526693 760106 766053
 563821 464622 350766 95192 276699 475131 276237 626755 237674 238123 719137 1 540880 748140 75525 28811 689019 180491 719591 220252 874626 296944 556288 349691 446805 614525 356735 197653 43515 207508
 512095 510544 375459 446518 412377 604564 464535 215093 768216 774492 179531 540880 1 856484 492476 514030 157156 557038 257086 349477 405223 828032 198437 776858 402714 97244 664415 347285 582351 602717
 349026 356373 992624 751601 538554 288131 503806 716390 736880 765247 977525 748140 856484 1 687287 754787 985582 568251 783904 659682 846745 920877 1023289 521221 1084241 950445 405204 713280 768704 955602
 489185 391569 359619 79300 201202 408398 203043 560846 275756 283156 671965 75525 492476 687287 1 69876 645186 130337 655245 154159 808560 365017 532333 335373 458227 572613 309321 145437 115601 272297
 557497 461077 324427 67568 267737 477709 272659 605036 266485 266725 691916 28811 514030 754787 69876 1 661341 190614 697030 200506 852736 319837 527478 372409 421156 586662 369355 173298 68351 202665
 636772 651143 469686 593892 568435 748490 620369 284921 920336 925210 47264 689019 157156 985582 645186 661341 1 713994 269981 505651 374206 968946 216273 933999 465745 76146 819518 499777 729206 727011
 418359 310910 485566 207723 172375 301938 140032 577829 255893 275278 734081 180491 557038 568251 130337 190614 713994 1 675007 210369 819257 402628 631505 224837 584247 646367 179402 234123 201306 387890
 444524 498068 627362 633745 504021 598262 547159 97227 919901 932740 237410 719591 257086 783904 655245 697030 269981 675007 1 501195 157998 1016479 441351 867353 659779 288914 722785 524421 763095 826364
 394536 318455 332965 145947 121138 371801 162200 407226 425296 435185 528239 220252 349477 659682 154159 200506 505651 210369 501195 1 655093 516732 426321 434407 425921 436660 349226 55499 263632 371095
 533358 607946 779885 790261 646940 704269 686193 247895 1068662 1082805 330568 874626 405223 846745 808560 852736 374206 819257 157998 655093 1 1171542 573714 1000325 805536 415655 848532 680803 918135 984342
 820984 713228 555965 385207 554149 691601 537192 923656 185551 156841 1002946 296944 828032 920877 365017 319837 968946 402628 1016479 516732 1171542 1 808678 410809 631500 893037 520294 493116 253429 279906
 689367 668303 269973 464448 525515 753209 576382 412666 793957 793027 263225 556288 198437 1023289 532333 527478 216273 631505 441351 426321 573714 808678 1 856035 250820 158312 773370 397749 590700 545741
 521399 415944 693255 413789 371177 349735 322700 770954 225843 254445 951348 349691 776858 521221 335373 372409 933999 224837 867353 434407 1000325 410809 856035 1 791341 868307 163283 458324 343589 530333
 789537 734638 98714 378936 546665 797112 586948 607115 667824 658549 512076 446805 402714 1084241 458227 421156 465745 584247 659779 425921 805536 631500 250820 791341 1 400603 756071 374847 466699 351915
 604064 606927 397294 519339 507293 701539 559612 277526 847093 851338 116166 614525 97244 950445 572613 586662 76146 646367 288914 436660 415655 893037 158312 868307 400603 1 759920 427471 654334 651228
 358161 253641 657935 384995 252946 188427 200563 628234 340670 367967 831079 356735 664415 405204 309321 369355 819518 179402 722785 349226 848532 520294 773370 163283 756071 759920 1 389115 370457 562128
 449286 373898 280187 109479 175100 425175 212225 433654 421009 427342 526693 197653 347285 713280 145437 173298 499777 234123 524421 55499 680803 493116 397749 458324 374847 427471 389115 1 240725 324401
 599198 497738 373211 135838 315134 501714 310448 670260 205482 202399 760106 43515 582351 768704 115601 68351 729206 201306 763095 263632 918135 253429 590700 343589 466699 654334 370457 240725 1 192900
 753700 661161 281755 228603 462751 680344 473616 743141 349476 332621 766053 207508 602717 955602 272297 202665 727011 387890 826364 371095 984342 279906 545741 530333 351915 651228 562128 324401 192900 1
LAMBDA_SECTION
1 956
2 231
3 304
4 657
5 610
6 523
7 956
8 63
9 573
10 94
11 453
12 30
13 885
14 847
15 102
16 112
17 297
18 204
19 509
20 816
21 379
22 12
23 273
24 779
25 793
26 885
27 697
28 297
29 723
30 525
