NAME : domp50p12v5
COMMENT : Cherkesly, Contardo & Gruson 2022
TYPE : DOMP
DIMENSION : 50
DISPLAY_DATA_TYPE : NO_DISPLAY
OPEN_FACILITIES : 12
COST_SECTION
 1 202260 212059 587943 469970 401117 553986 788703 731394 446313 498746 165720 514183 767913 662760 641765 758643 469358 838013 626482 624056 528179 427380 366431 379609 715968 561616 707379 591364 175879 289883 484462 513463 157340 574906 69735 556495 109437 258065 568093 658724 450455 579454 221759 438803 92241 360333 628803 730853 272612
 202260 1 161927 626820 611813 452094 663639 989343 923111 585894 685961 367731 375141 875574 856375 706110 871659 663428 976491 828520 825569 713045 542670 480465 497923 884805 763306 909589 683980 375149 147311 496728 715720 86617 771545 251180 453458 213643 448108 730885 860713 644868 604892 230752 626601 177034 265420 728162 931386 128447
 212059 161927 1 757871 680686 574435 757056 929156 927948 656514 598575 342711 534039 971720 857442 826288 964083 589825 1049232 795126 797722 732892 630967 568619 359742 926310 714455 871407 788387 335795 309218 636122 677780 216307 765635 281487 615382 136976 463550 779802 827472 646964 741134 359033 542577 254733 425858 828814 871525 290367
 587943 626820 757871 1 335564 186898 228992 1036542 742807 326145 916571 618348 503114 336686 713751 107087 348769 858298 509163 824038 802059 563989 254376 276494 944440 571564 837428 896143 177473 650301 525451 139118 771931 547554 689741 533386 407578 696505 518618 455725 844552 600661 43200 400029 868458 510615 419437 216581 991805 533716
 469970 611813 680686 335564 1 272711 134988 702134 421433 26324 623029 407000 688017 316946 383269 301926 301781 560343 368735 489678 467037 228718 103435 145938 735374 294649 512031 560659 200899 436238 585461 363698 447783 526516 354185 400267 638301 569736 267268 143444 509333 273295 364626 409315 584483 439444 539068 210669 659014 582212
 401117 452094 574435 186898 272711 1 245393 928662 690836 251070 762303 442782 422181 438773 646140 254186 440265 708132 573933 719979 702125 484403 169327 144898 762085 561768 713099 798735 243312 474197 371385 110224 647878 369100 599456 347934 365606 509607 362859 415727 745093 489167 180821 221468 710066 324418 290141 290823 878680 375380
 553986 663639 757056 228992 134988 245393 1 827023 514937 140647 757474 520608 663532 214665 489757 171943 208317 695014 328702 615611 591474 349023 126616 188464 853913 344695 644710 682321 67094 551492 607534 301377 581098 577080 476260 486440 592570 660304 388685 228991 632801 406570 266191 440195 717794 504434 535235 79967 786498 608627
 788703 989343 929156 1036542 702134 928662 827023 1 385722 710406 351088 623468 1261678 916837 363819 998961 890987 341489 811678 212523 235585 478084 786020 785606 667870 588868 229954 148786 893615 614201 1065495 1036863 288806 941053 350965 756527 1259492 798690 595256 609352 194473 440408 1062328 926571 396025 847547 1094256 886128 58020 1050987
 731394 923111 927948 742807 421433 690836 514937 385722 1 440578 537054 585698 1091098 551407 71960 679382 524835 482844 427793 235065 209387 217293 523589 550943 804837 210433 334335 245025 575386 596817 946401 785130 313604 850099 167309 672692 1054240 792374 475298 287252 224109 281465 777338 776352 539995 749844 930958 554458 371322 937603
 446313 585894 656514 326145 26324 251070 140647 710406 440578 1 617788 388997 663874 334128 399573 300914 320321 555751 393484 497915 476179 241747 83088 120414 719463 319918 514953 570836 203816 418824 559207 345393 450060 500484 365101 376694 616295 547165 251665 167212 518815 276452 352902 383027 577321 413988 513794 219300 665885 555908
 498746 685961 598575 916571 623029 762303 757474 351088 537054 617788 1 350718 1007908 917976 473664 915630 896507 64097 881048 310855 331706 469687 668412 640297 317447 668889 205271 352928 821603 328592 788514 871191 228508 655987 391401 489527 1032968 478580 400297 602173 334347 369993 929554 684613 59944 576947 846075 833464 298112 771357
 165720 367731 342711 618348 407000 442782 520608 623468 585698 388997 350718 1 658791 723110 514910 646018 708722 312593 757572 462592 461684 398052 402113 352926 334194 602790 395918 542719 572519 32067 446336 545419 348334 318288 422940 139716 682658 206678 143740 469197 494958 305665 621451 334197 291889 229599 495637 600341 565717 430607
 514183 375141 534039 503114 688017 422181 663532 1261678 1091098 663874 1007908 658791 1 832759 1037308 609192 840442 971235 988160 1069893 1058464 875421 587000 545004 867652 981510 1032401 1152799 646038 679335 233048 373691 973231 363277 973215 519100 121352 574192 667686 831080 1099464 848497 463048 335109 948275 431028 167471 693650 1205962 252470
 767913 875574 971720 336686 316946 438773 214665 916837 551407 334128 917976 723110 832759 1 554356 230603 26633 853951 186728 717595 690217 460626 340982 403113 1052288 342541 772379 768063 195487 752788 809675 459116 714878 789255 576950 699826 743361 873369 584211 321170 726340 549170 379685 648798 886423 718913 724770 148572 886656 812687
 662760 856375 857442 713751 383269 646140 489757 363819 71960 399573 473664 514910 1037308 554356 1 658965 528258 417286 452007 184059 156193 162781 482355 503344 734455 227238 274956 215800 553423 525431 884841 744753 247047 784978 95402 605427 1006093 721563 408276 261408 181548 212307 745875 717213 473016 684518 875021 538059 339421 875348
 641765 706110 826288 107087 301926 254186 171943 998961 679382 300914 915630 646018 609192 230603 658965 1 244235 854561 407557 787458 763405 520961 249772 293094 978887 493666 813954 854160 105839 677993 616477 239490 749653 623269 648194 580935 514656 751194 529084 397564 804741 575214 149572 475626 872142 573191 517255 127976 958196 622918
 758643 871659 964083 348769 301781 440265 208317 890987 524835 320321 896507 708722 840442 26633 528258 244235 1 832439 166241 692461 664994 436922 333215 395809 1036335 315909 748519 742233 197656 738015 809954 466868 691562 785156 552104 690082 753687 863161 568636 297759 700842 527139 391947 646522 865896 712361 728239 149659 861206 812331
 469358 663428 589825 858298 560343 708132 695014 341489 482844 555751 64097 312593 971235 853951 417286 854561 832439 1 817816 264432 282323 406088 608439 582623 343643 607091 159268 317288 759526 294585 757143 817669 170328 626347 331927 452288 990297 462835 345277 538116 291060 305907 872566 643054 61419 541914 807202 770557 284883 740714
 838013 976491 1049232 509163 368735 573933 328702 811678 427793 393484 881048 757572 988160 186728 452007 407557 166241 817816 1 632344 604029 412267 436241 497062 1067576 224923 707306 666184 343280 783428 933314 617604 659383 890272 502428 768281 908380 935283 613853 293395 633308 517432 552264 761851 860704 806967 863922 296912 791155 933165
 626482 828520 795126 824038 489678 719979 615611 212523 235065 497915 310855 462592 1069893 717595 184059 787458 692461 264432 632344 1 28316 267479 574030 575942 604404 407740 105901 83113 682422 461825 886889 827177 117720 769952 141891 583153 1059192 658881 403393 402564 32429 230851 850070 736195 325261 671910 902740 676785 171515 874058
 624056 825569 797722 802059 467037 702125 591474 235585 209387 476179 331706 461684 1058464 690217 156193 763405 664994 282323 604029 28316 1 242667 553441 557632 618907 379429 126635 96659 658125 462881 879502 808551 125061 764792 115965 578230 1044885 661031 394118 376295 43019 214122 828849 725821 342362 665967 891643 651511 197488 867137
 528179 713045 732892 563989 228718 484403 349023 478084 217293 241747 469687 398052 875421 460626 162781 520961 436922 406088 412267 267479 242667 1 323306 340925 670916 214030 311785 333609 415535 415868 729815 584934 255058 637197 127241 465376 843346 601064 270264 139606 283782 107975 593298 559097 448545 537631 714185 409382 438927 721436
 427380 542670 630967 254376 103435 169327 126616 786020 523589 83088 668412 402113 587000 340982 482355 249772 333215 608439 436241 574030 553441 323306 1 62754 736305 394518 583196 648995 170668 433683 499031 262423 517648 456095 444572 359993 534932 533915 279491 246447 596332 347417 276687 325811 623380 379382 442308 202744 739690 497880
 366431 480465 568619 276494 145938 144898 188464 785606 550943 120414 640297 352926 545004 403113 503344 293094 395809 582623 497062 575942 557632 340925 62754 1 686127 440332 573612 654183 226457 384900 441790 251307 508036 393954 454584 299941 503414 473820 242382 286974 600629 345394 290199 266791 591975 316654 393405 262393 736559 439621
 379609 497923 359742 944440 735374 762085 853913 667870 804837 719463 317447 334194 867652 1052288 734455 978887 1036335 343643 1067576 604404 618907 670916 736305 686127 1 884938 501501 660931 906688 302746 634607 856078 496485 507776 640623 416855 927426 294749 468134 774190 632810 563503 942893 601367 282397 471590 729485 933804 615538 615186
 715968 884805 926310 571564 294649 561768 344695 588868 210433 319918 668889 602790 981510 342541 227238 493666 315909 607091 224923 407740 379429 214030 394518 440332 884938 1 486301 442199 395589 623533 875138 639756 442637 802836 281685 648686 925449 799554 465225 155946 408399 321623 610321 698762 654795 707981 833679 365750 566610 870344
 561616 763306 714455 837428 512031 713099 644710 229954 334335 514953 205271 395918 1032401 772379 274956 813954 748519 159268 707306 105901 126635 311785 583196 573612 501501 486301 1 162110 711675 389191 835767 822803 65670 712265 204977 527038 1033383 580368 367846 451370 131798 238787 858956 697374 220495 617932 865073 712994 173581 821424
 707379 909589 871407 896143 560659 798735 682321 148786 245025 570836 352928 542719 1152799 768063 215800 854160 742233 317288 666184 83113 96659 333609 648995 654183 660931 442199 162110 1 748499 540375 969787 904987 194727 852186 206642 665385 1140962 735881 486500 461814 53915 310687 923725 819251 378588 754469 985703 739347 126326 956851
 591364 683980 788387 177473 200899 243312 67094 893615 575386 203816 821603 572519 646038 195487 553423 105839 197656 759526 343280 682422 658125 415535 170668 226457 906688 395589 711675 748499 1 603964 614238 274333 647939 598185 542726 525940 565352 699556 445705 292028 699294 473379 218360 455311 780678 533804 530584 48107 853414 617443
 175879 375149 335795 650301 436238 474197 551492 614201 596817 418824 328592 32067 679335 752788 525431 677993 738015 294585 783428 461825 462881 415868 433683 384900 302746 623533 389191 540375 603964 1 462566 576212 345669 332076 432012 161385 707157 198819 170699 493433 494253 319395 653147 359002 269072 248490 517868 631307 556238 446147
 289883 147311 309218 525451 585461 371385 607534 1065495 946401 559207 788514 446336 233048 809675 884841 616477 809954 757143 933314 886889 879502 729815 499031 441790 634607 875138 835767 969787 614238 462566 1 388027 781262 133529 808813 309219 306176 341397 486331 719234 918090 680594 497048 176452 728575 218052 124208 661269 1008336 19512
 484462 496728 636122 139118 363698 110224 301377 1036863 785130 345393 871191 545419 373691 459116 744753 239490 466868 817669 617604 827177 808551 584934 262423 251307 856078 639756 822803 904987 274333 576212 388027 1 757472 421543 703483 439236 291936 589568 472504 502731 851567 596700 109241 277679 818257 399375 280321 321263 987487 397221
 513463 715720 677780 771931 447783 647878 581098 288806 313604 450060 228508 348334 973231 714878 247047 749653 691562 170328 659383 117720 125061 255058 517648 508036 496485 442637 65670 194727 647939 345669 781262 757472 1 660555 162998 474112 971204 541782 306455 393809 149877 174569 793310 638149 226402 564267 805769 650535 234443 767547
 157340 86617 216307 547554 526516 369100 577080 941053 850099 500484 655987 318288 363277 789255 784978 623269 785156 626347 890272 769952 764792 637197 456095 393954 507776 802836 712265 852186 598185 332076 133529 421543 660555 1 703202 186807 420689 213029 377991 648130 801741 575318 528097 148004 596049 100510 223342 642055 883474 115625
 574906 771545 765635 689741 354185 599456 476260 350965 167309 365101 391401 422940 973215 576950 95402 648194 552104 331927 502428 141891 115965 127241 444572 454584 640623 281685 204977 206642 542726 432012 808813 703483 162998 703202 1 520423 950880 629249 325230 260674 156569 128311 717909 646122 384826 602773 808271 535566 313217 798189
 69735 251180 281487 533386 400267 347934 486440 756527 672692 376694 489527 139716 519100 699826 605427 580935 690082 452288 768281 583153 578230 465376 359993 299941 416855 648686 527038 665385 525940 161385 309219 439236 474112 186807 520423 1 546233 173947 197394 499574 614967 393715 528385 198945 430228 91184 356584 562177 699249 294464
 556495 453458 615382 407578 638301 365606 592570 1259492 1054240 616295 1032968 682658 121352 743361 1006093 514656 753687 990297 908380 1059192 1044885 843346 534932 503414 927426 925449 1033383 1140962 565352 707157 306176 291936 971204 420689 950880 546233 1 633054 665583 781299 1087088 831275 365354 348461 974491 466324 197944 611490 1205638 325047
 109437 213643 136976 696505 569736 509607 660304 798690 792374 547165 478580 206678 574192 873369 721563 751194 863161 462835 935283 658881 661031 601064 533915 473820 294749 799554 580368 735881 699556 198819 341397 589568 541782 213029 629249 173947 633054 1 334414 657278 691266 512024 686859 318672 420331 190548 435194 736113 740798 322149
 258065 448108 463550 518618 267268 362859 388685 595256 475298 251665 400297 143740 667686 584211 408276 529084 568636 345277 613853 403393 394118 270264 279491 242382 468134 465225 367846 486500 445705 170699 486331 472504 306455 377991 325230 197394 665583 334414 1 326617 433801 197380 529730 333102 350172 277544 500261 468585 540564 474727
 568093 730885 779802 455725 143444 415727 228991 609352 287252 167212 602173 469197 831080 321170 261408 397564 297759 538116 293395 402564 376295 139606 246447 286974 774190 155946 451370 461814 292028 493433 719234 502731 393809 648130 260674 499574 781299 657278 326617 1 415324 232314 490098 542892 575640 554502 680116 278128 573765 714399
 658724 860713 827472 844552 509333 745093 632801 194473 224109 518815 334347 494958 1099464 726340 181548 804741 700842 291060 633308 32429 43019 283782 596332 600629 632810 408399 131798 53915 699294 494253 918090 851567 149877 801741 156569 614967 1087088 691266 433801 415324 1 256803 871578 766233 352286 703497 932461 691698 160416 905401
 450455 644868 646964 600661 273295 489167 406570 440408 281465 276452 369993 305665 848497 549170 212307 575214 527139 305907 517432 230851 214122 107975 347417 345394 563503 321623 238787 310687 473379 319395 680594 596700 174569 575318 128311 393715 831275 512024 197380 232314 256803 1 624085 519146 344139 474834 682657 476774 392576 669894
 579454 604892 741134 43200 364626 180821 266191 1062328 777338 352902 929554 621451 463048 379685 745875 149572 391947 872566 552264 850070 828849 593298 276687 290199 942893 610321 858956 923725 218360 653147 497048 109241 793310 528097 717909 528385 365354 686859 529730 490098 871578 624085 1 382114 879843 498474 386917 258888 1016354 506428
 221759 230752 359033 400029 409315 221468 440195 926571 776352 383027 684613 334197 335109 648798 717213 475626 646522 643054 761851 736195 725821 559097 325811 266791 601367 698762 697374 819251 455311 359002 176452 277679 638149 148004 646122 198945 348461 318672 333102 542892 766233 519146 382114 1 626043 130055 167703 500543 870912 172992
 438803 626601 542577 868458 584483 710066 717794 396025 539995 577321 59944 291889 948275 886423 473016 872142 865896 61419 860704 325261 342362 448545 623380 591975 282397 654795 220495 378588 780678 269072 728575 818257 226402 596049 384826 430228 974491 420331 350172 575640 352286 344139 879843 626043 1 517267 786812 795115 340615 711414
 92241 177034 254733 510615 439444 324418 504434 847547 749844 413988 576947 229599 431028 718913 684518 573191 712361 541914 806967 671910 665967 537631 379382 316654 471590 707981 617932 754469 533804 248490 218052 399375 564267 100510 602773 91184 466324 190548 277544 554502 703497 474834 498474 130055 517267 1 272016 574753 790329 203501
 360333 265420 425858 419437 539068 290141 535235 1094256 930958 513794 846075 495637 167471 724770 875021 517255 728239 807202 863922 902740 891643 714185 442308 393405 729485 833679 865073 985703 530584 517868 124208 280321 805769 223342 808271 356584 197944 435194 500261 680116 932461 682657 386917 167703 786812 272016 1 578613 1038614 140058
 628803 728162 828814 216581 210669 290823 79967 886128 554458 219300 833464 600341 693650 148572 538059 127976 149659 770557 296912 676785 651511 409382 202744 262393 933804 365750 712994 739347 48107 631307 661269 321263 650535 642055 535566 562177 611490 736113 468585 278128 691698 476774 258888 500543 795115 574753 578613 1 848279 664148
 730853 931386 871525 991805 659014 878680 786498 58020 371322 665885 298112 565717 1205962 886656 339421 958196 861206 284883 791155 171515 197488 438927 739690 736559 615538 566610 173581 126326 853414 556238 1008336 987487 234443 883474 313217 699249 1205638 740798 540564 573765 160416 392576 1016354 870912 340615 790329 1038614 848279 1 993707
 272612 128447 290367 533716 582212 375380 608627 1050987 937603 555908 771357 430607 252470 812687 875348 622918 812331 740714 933165 874058 867137 721436 497880 439621 615186 870344 821424 956851 617443 446147 19512 397221 767547 115625 798189 294464 325047 322149 474727 714399 905401 669894 506428 172992 711414 203501 140058 664148 993707 1
LAMBDA_SECTION
1 304
2 684
3 681
4 163
5 752
6 401
7 741
8 481
9 338
10 513
11 654
12 782
13 755
14 234
15 202
16 522
17 729
18 745
19 232
20 973
21 552
22 545
23 232
24 159
25 538
26 955
27 358
28 901
29 862
30 46
31 523
32 443
33 899
34 322
35 764
36 132
37 523
38 989
39 143
40 710
41 588
42 59
43 871
44 621
45 135
46 235
47 218
48 464
49 143
50 737
