NAME : domp100p50v8
COMMENT : Cherkesly, Contardo & Gruson 2022
TYPE : DOMP
DIMENSION : 100
DISPLAY_DATA_TYPE : NO_DISPLAY
OPEN_FACILITIES : 50
COST_SECTION
 1 125609 715836 880001 755762 600580 427342 387413 102170 404636 692315 816604 129862 859313 416623 414724 433291 737043 442986 878523 743947 351582 516776 445040 1008810 165110 772293 770293 780738 770052 45298 571881 102345 694536 615152 671844 850592 560498 542015 769662 877971 894665 767362 607136 466873 194204 327480 826494 653767 226154 745931 526369 345563 912583 611022 710777 587737 639791 613387 505552 206371 803364 794192 601836 646681 853437 174453 751799 151416 226113 556284 589483 329382 685480 487359 572402 586234 305213 417959 128101 796915 1021208 491537 521278 522152 215529 366528 293965 540323 353204 762033 374024 554485 938601 863347 349142 494614 178759 577153 696389
 125609 1 633965 756893 630444 514557 361262 307789 66350 289809 571285 716223 203668 752269 367391 368982 383053 614831 439112 757232 620268 379842 404059 379069 886482 197897 658965 653521 655707 644555 170581 554625 23525 591940 599901 551756 735601 481588 428362 681676 753671 799458 645089 517111 412045 176657 296876 719613 535366 131198 665265 419873 229918 788468 486102 619930 501319 514486 506277 385374 227268 692763 678874 522303 552677 759558 154484 635739 130726 206411 433114 476421 339992 567687 398281 535750 520397 195702 301787 90337 671654 900656 400711 456091 396544 228436 241551 272342 520289 409121 669437 333510 543457 813026 738467 320179 426756 145399 451923 610699
 715836 633965 1 763096 610756 120778 872215 804567 700310 390883 698519 179816 831907 262463 911705 332634 310040 699814 1037583 459365 454552 545727 309506 884856 870570 831698 288478 802203 519812 601593 752336 1124112 650585 164288 1168277 703166 344316 155435 304775 68708 537685 206340 427561 125642 934474 533728 884497 241820 717223 690091 31969 263835 643469 754984 464815 967930 134048 565998 222218 638036 858313 268875 321996 114159 114409 164719 548146 317288 758837 507925 415880 281882 959199 740965 828283 1072869 155506 449287 653204 720787 635274 916176 235781 209276 510560 857044 499095 874012 1089046 633645 92047 372250 1123380 655366 553678 905319 913859 539568 475658 34504
 880001 756893 763096 1 159668 704762 618277 590752 785609 570287 193481 649477 900905 593658 676896 841199 831177 144646 834911 374165 309456 1022472 532245 614122 131731 849536 494836 171892 246485 163254 923040 824195 779032 599099 849837 217863 486135 737597 516194 738899 279121 730779 342792 680915 651990 845362 738461 584859 244284 669146 782837 573984 539789 49653 337338 436201 700206 257271 557063 377463 839310 534942 470087 743221 660111 724190 836410 455675 779818 851131 408900 508016 846770 221365 509783 736954 812045 647797 470110 773142 128333 161043 669455 795606 378920 826466 535201 761396 801842 1092301 699855 845597 844868 196305 247949 741972 596170 818486 352518 730438
 755762 630444 610756 159668 1 546747 561299 518937 667508 417471 146804 512192 793343 467243 620335 683331 672727 113701 781800 276880 166667 870114 372909 561687 285819 748159 357287 216416 117780 23030 800190 796700 653475 448155 829035 169294 366669 578378 356552 591914 200753 599961 207973 523259 606880 700908 664158 452914 199558 559937 632275 414323 431166 170713 179139 461246 541763 115971 399683 277494 744472 401582 338140 585055 504658 587833 693898 315200 672766 703956 251161 349058 772557 198873 459561 714682 653066 501301 369266 659778 41434 320479 509901 635941 236732 733093 396483 681026 769423 942732 553475 689272 812530 195880 169127 672240 556402 675986 198374 577398
 600580 514557 120778 704762 546747 1 755170 687361 580848 272997 615260 237209 713989 305301 793223 243072 221236 623480 917221 450740 406539 467110 204843 768278 821662 712015 280829 721516 472528 541530 638545 1005352 531736 147601 1049736 616536 354682 54533 206912 169091 513025 298998 390252 25346 817425 424305 764139 275948 627076 569454 152677 156253 526457 703931 383436 866848 13301 484069 148063 533821 738060 281381 315228 38635 67436 256581 436870 294328 638518 400981 324373 198887 838427 653419 715969 955953 112204 328526 540683 600717 576740 863116 115051 128674 411636 736600 382224 753332 970202 555594 165354 277828 1004025 625274 522260 785094 798902 426861 386991 96280
 427342 361262 872215 618277 561299 755170 1 67874 332388 482179 433127 887969 368426 891200 59287 694300 702086 483255 220588 796215 646249 741067 570690 17917 724868 304474 774399 459715 645909 583202 452475 258488 368401 769172 300163 407162 830903 743213 583788 898850 748782 983318 687440 746636 62267 535514 135822 862687 377466 233066 903804 611200 228785 664035 514670 301548 742645 469529 677717 298293 274365 819760 778809 777668 765642 951280 514140 736451 276681 562840 509548 624136 235733 397051 108850 200784 803476 449928 232933 301521 593276 717486 646478 746737 415542 259300 373169 169329 225241 766831 873594 667147 265312 754777 721482 130746 67285 502733 480364 841175
 387413 307789 804567 590752 518937 687361 67874 1 287893 414365 400170 822998 347524 828453 113287 629449 636626 450682 268895 742403 591893 685834 504024 82231 704312 285800 712668 441488 596196 540058 417375 323345 317751 703337 366024 374567 771426 675372 517704 831799 700050 918013 631828 678964 130078 478464 147830 799466 346641 176834 836188 543981 161100 634396 457219 324516 674819 420409 611630 246804 263296 757465 718443 709795 698389 885450 457723 675602 241666 504501 447367 558816 256515 370365 103779 268620 735892 383167 171657 259365 553317 701928 578611 679488 355998 248788 305477 171771 289261 716515 806960 603380 327706 714318 674074 153539 122995 445284 421982 773641
 102170 66350 700310 785609 667508 580848 332388 287893 1 350774 595819 780672 141254 814834 328772 430738 445786 641726 382649 810556 670162 418606 465306 350274 913147 131604 718987 670681 701644 683082 140001 503429 52994 656078 548222 574555 794483 547885 489008 747791 801727 864748 697371 583204 376897 226608 248254 782285 555298 124213 731614 483433 247258 819970 533170 609843 567603 551895 569351 409005 162328 754043 737675 588629 618370 825063 203923 694162 70759 258409 484869 537158 278678 586566 386310 492341 585874 259908 319232 32594 708225 923708 466873 521370 438566 164744 290772 219534 469911 435893 735167 393820 490017 854754 784769 271272 399498 198802 497809 676962
 404636 289809 390883 570287 417471 272997 482179 414365 350774 1 422954 435817 491891 464577 520822 282358 277909 449582 650125 478038 354769 452735 114532 495377 700916 474098 369197 527609 403600 423969 449045 733257 311909 310761 777394 414665 446407 264197 138553 423047 490374 524989 370743 265277 544431 293532 497474 432192 414534 307757 422679 138413 253518 588027 242239 617954 260473 313858 220778 288024 492586 403300 389832 296407 288753 487917 291505 347207 394615 291070 172912 186632 580213 446035 447479 682963 330890 100994 273607 361944 457450 729425 166753 283125 198650 488263 109633 490525 698220 525890 402572 279041 732918 570578 481717 517434 526950 274432 219112 360843
 692315 571285 698519 193481 146804 615260 433127 400170 595819 422954 1 627346 708080 593629 492351 704585 698388 50515 652796 421019 293562 864376 418037 431000 317550 656161 477036 107152 259413 169687 734489 656942 592718 543937 687414 25971 500253 636242 409837 691465 347545 719962 338484 594525 472908 675260 547970 575026 56473 477321 723827 465680 348810 234712 233859 316125 607632 132527 477209 186881 645875 523896 463992 651573 585997 702397 663879 433609 587158 685021 291879 419108 656682 52736 326669 572995 711723 484510 277955 581881 167918 329389 553072 682185 224546 633087 364686 569569 631220 927814 654979 701727 674485 326521 315741 552820 419674 646169 228805 664106
 816604 716223 179816 649477 512192 237209 887969 822998 780672 435817 627346 1 919793 83764 935406 480092 458065 616266 1077306 304203 345680 703130 325936 897794 741892 907869 155312 722119 403841 497736 857483 1146169 736243 125117 1188115 638183 181068 290741 307844 118650 393688 96496 307413 220862 948829 652766 926764 70800 658615 742491 178109 298302 666551 632054 407715 925937 247007 500341 216030 616256 928032 115468 179926 257995 175616 75663 662818 197007 829446 632178 384660 264352 1014645 676091 824139 1083901 322596 520781 656453 795199 527322 791580 328294 361674 484562 923994 529554 923236 1112252 791704 87819 514961 1150330 511897 416072 945212 918266 650812 431183 167448
 129862 203668 831907 900905 793343 713989 368426 347524 141254 491891 708080 919793 1 955566 341573 541647 559399 756261 330737 949553 807247 476305 606411 384621 1024819 64130 860240 771936 835628 810306 119080 463858 183708 795594 504906 684988 935637 677560 630214 882283 937120 1002320 835921 718080 393596 322510 244400 922960 662405 233577 862709 623490 363233 938423 668779 667825 700869 679096 709766 524203 100868 895190 878825 718761 754952 962085 301789 835257 121226 354816 623637 678361 214224 691661 451262 478187 708808 399365 430936 136741 833240 1030399 601555 643761 571058 114817 429378 207682 434996 467184 871520 501592 443068 984318 918777 262007 432924 303777 632764 810264
 859313 752269 262463 593658 467243 305301 891200 828453 814834 464577 593629 83764 955566 1 941690 547309 525894 576498 1089461 232462 302116 772095 350429 899581 677495 938479 120113 682043 352921 450343 901676 1149523 773435 169173 1190096 607335 109499 359811 328293 202406 326361 138120 259286 285483 950610 705645 941710 32826 630483 764849 261862 333192 677281 571734 389792 901472 313299 473336 246257 607290 955487 72602 129851 331026 239193 141465 713695 162629 858550 687566 381695 280796 1034654 644455 819049 1082679 399560 557031 658267 826500 476879 728730 381908 433132 478364 950239 547812 941412 1116432 860458 170528 579745 1155922 442597 351933 958843 915802 700437 418462 247120
 416623 367391 911705 676896 620335 793223 59287 113287 328772 520822 492351 935406 341573 941690 1 716294 725693 542439 161466 852758 702504 745349 614720 63474 782124 277704 825949 516927 703727 642168 436517 212603 370837 815029 256574 466384 884353 778048 629254 941304 806889 1030132 743148 786093 52024 543955 97717 912626 436619 247183 943495 653320 270342 722882 569319 342923 780454 527368 723088 355162 242694 870743 831566 813832 807417 997059 521868 788800 265609 573010 560652 671088 184126 455822 167117 170754 835362 479121 284696 296491 652492 773484 682321 776702 468797 227882 413513 134394 177813 764379 917421 686662 214924 813995 779863 84583 99282 512118 534434 881458
 414724 368982 332634 841199 683331 243072 694300 629449 430738 282358 704585 480092 541647 547309 716294 1 22610 728773 806968 663841 581522 225168 313721 710612 969137 557988 505726 809789 642285 685587 443887 916991 377754 382802 962502 696926 584873 189397 334582 397396 707715 534550 580050 261828 753157 220875 660180 517019 696753 469789 358093 281495 485466 852935 504240 884963 234176 589559 341854 564806 592474 516034 537988 225052 308126 491866 240313 507496 499324 190056 432374 361102 708726 728369 690858 886979 182634 253056 530242 458798 720749 1002004 188149 123373 480044 595477 367039 639150 881978 313269 403655 41945 908417 807988 708814 683234 751817 238042 489805 324377
 433291 383053 310040 831177 672727 221236 702086 636626 445786 277909 698388 458065 559399 525894 725693 22610 1 721226 819769 646057 566999 246238 301344 718168 958382 574071 486405 804138 628501 674314 463404 928062 392807 362141 973571 691510 565155 167324 321252 374795 691832 511990 564206 240452 761508 240062 671909 495789 692320 479975 335586 266887 489913 841766 493884 886092 212619 581228 323928 563086 607887 495703 518958 202578 286713 469312 258866 489272 513692 209857 422323 345680 723041 723608 695241 896196 160552 256880 532143 473196 709623 992137 171916 100772 474060 610478 367266 651764 892953 334565 381229 63436 920129 793497 693708 694857 758549 255625 480873 301821
 737043 614831 699814 144646 113701 623480 483255 450682 641726 449582 50515 616266 756261 576498 542439 728773 721226 1 702645 390433 274382 896686 432467 480847 271773 705092 463037 105906 231179 135076 779713 704209 636652 541194 733747 76290 478498 648343 421451 687811 310911 706639 317882 601619 522148 711925 598477 560206 105875 524602 723672 478645 395409 184475 240191 349743 616756 141695 481092 233046 695471 508788 446726 660711 589268 691826 701534 420010 635173 720088 305135 425055 707195 92912 376386 619443 723926 517850 325482 628757 125614 288051 569539 698447 251627 682797 400565 619965 679111 962627 650338 728470 722382 279804 278293 603322 468359 683704 242857 665681
 442986 439112 1037583 834911 781800 917221 220588 268895 382649 650125 652796 1077306 330737 1089461 161466 806968 819769 702645 1 1011297 860779 793205 752467 221804 935928 278712 976064 671447 864141 803623 446799 134210 433966 954486 174174 626830 1037702 895531 769480 1073129 967607 1170392 900532 913044 183820 609230 153087 1059451 596772 348690 1069552 787018 412216 881618 725492 468094 904093 687915 862278 514929 236980 1019671 983821 933671 938858 1135372 586552 940464 311901 641048 711278 813654 116562 614665 326293 173385 945813 591656 439170 351652 813851 923884 803246 883819 623370 227494 548421 168083 109581 794424 1052201 772452 112373 975348 940885 132706 241018 581143 689870 1009231
 878523 757232 459365 374165 276880 450740 796215 742403 810556 478038 421019 304203 949553 232462 852758 663841 646057 390433 1011297 1 150583 883072 376753 800409 446915 917846 172867 490217 161783 255428 923589 1046347 780502 307673 1082409 440867 123831 500129 350829 414286 96498 369847 114270 425708 849399 764869 876346 233644 469207 729353 469146 390363 615519 346045 289237 737068 452708 330456 322130 497924 924960 192800 138309 486633 387268 372569 766123 157656 837158 755884 325916 310609 979933 473733 705518 969473 561606 578959 573575 813177 272475 499150 476375 573057 392865 916425 520190 885045 1016265 967518 376182 685819 1058427 210219 126248 889166 804849 749803 326050 433367
 743947 620268 454552 309456 166667 406539 646249 591893 670162 354769 293562 345680 807247 302116 702504 581522 566999 274382 860779 150583 1 788940 271374 650816 417361 772684 190633 379976 66174 152248 789236 897817 643754 290284 934620 309406 206846 446225 248104 429629 135704 433452 45314 381654 700153 647998 725989 286515 334964 583021 473563 300148 466349 300767 140322 606659 404055 185169 259463 348090 778015 235118 172376 445116 355497 421285 646253 148835 692495 643458 187871 222201 830005 345428 557434 822336 517543 453272 423032 670517 183275 461795 395755 512029 243434 769018 379647 735202 867290 869116 390689 596107 909227 226504 128849 738653 656776 629103 177210 422455
 351582 379842 545727 1022472 870114 467110 741067 685834 418606 452735 864376 703130 476305 772095 745349 225168 246238 896686 793205 883072 788940 1 517590 758850 1153440 516610 729248 963652 845782 875977 358260 919444 374544 607949 963562 851756 809005 412826 541405 613185 919864 751421 792859 486686 791354 208539 666698 742025 844920 509255 567358 494141 576835 1040736 693293 985474 458797 765364 562920 698782 557592 740971 760862 445648 532936 709115 228355 728504 487200 187118 621982 574767 680754 877959 769924 910866 390290 379929 638997 451196 909855 1180642 407468 341789 645749 565960 501254 636649 886716 88578 623756 197560 903770 1013441 917689 689586 806245 241977 671814 542631
 516776 404059 309506 532245 372909 204843 570690 504024 465306 114532 418037 325936 606411 350429 614720 313721 301344 432467 752467 376753 271374 517590 1 582080 657905 588052 255585 525147 329663 373423 560671 826947 425936 202086 870007 416737 334000 218708 26091 328749 403056 417977 277242 188566 632583 388311 601245 318198 425006 417029 339807 48882 344411 540860 195828 662205 195104 290798 110006 329798 605451 288797 277881 238043 197527 383130 390391 236404 508167 379258 127332 72714 688866 452701 519854 770043 293945 211564 345490 476160 408872 693257 137781 266126 207056 600575 204071 597301 792438 598362 302939 325409 829172 496661 400099 620054 607942 374518 189995 276303
 445040 379069 884856 614122 561687 768278 17917 82231 350274 495377 431000 897794 384621 899581 63474 710612 718168 480847 221804 800409 650816 758850 582080 1 718687 320578 782266 453498 648685 583802 469875 250094 386295 779712 290667 405035 837576 757149 594631 910554 751075 993367 692481 759354 51085 553152 148987 871363 374973 250619 916371 623202 241862 660390 520734 287082 755827 472432 688510 302750 289639 827914 785957 791259 777638 961759 531822 743874 294250 580369 517900 634341 245424 393312 104578 188137 818041 465303 241687 319365 592831 710057 660235 761719 422751 274574 386078 183508 217733 784746 884838 683787 258828 754250 723331 141783 49602 520332 486903 853596
 1008810 886482 870570 131731 285819 821662 724868 704312 913147 700916 317550 741892 1024819 677495 782124 969137 958382 271773 935928 446915 417361 1153440 657905 718687 1 971579 591146 265203 351363 284622 1051411 911231 908378 706451 932396 339926 568006 857624 640426 840056 351294 815573 443373 797192 752117 977091 850792 673774 362863 794817 887850 697787 666320 117944 464953 503994 818103 388698 673627 504156 959024 626453 562544 860290 772762 814422 968093 555696 904163 982796 536950 628211 957848 335309 616133 822634 931033 779453 595452 899428 249077 54624 794061 918427 510610 945715 666825 876034 892133 1223800 800783 974843 934382 239441 326135 852247 694978 950172 482379 839106
 165110 197897 831698 849536 748159 712015 304474 285800 131604 474098 656161 907869 64130 938479 277704 557988 574071 705092 278712 917846 772684 516610 588052 320578 971579 1 838399 715789 797085 766011 169175 409512 183147 782891 451951 632445 911603 679479 610661 878436 899852 993528 803678 713850 329723 345019 180863 906196 608721 190528 863059 609721 317063 888448 632905 604391 698751 635448 694532 474956 41802 875535 854890 720198 748145 954311 322940 810937 81054 377623 592821 658647 164294 637106 389290 418167 716916 388307 381367 112701 787352 975293 597734 652248 532546 53386 400165 144274 379150 515745 864942 519655 390742 941207 879974 199204 368809 321418 596342 808023
 772293 658965 288478 494836 357287 280829 774399 712668 718987 369197 477036 155312 860240 120113 825949 505726 486405 463037 976064 172867 190633 729248 255585 782266 591146 838399 1 568935 248744 342494 816045 1032352 681104 135264 1072445 489643 81103 332202 230711 249691 249751 243612 152254 256297 833202 634220 830225 98079 511970 659188 300933 251493 564695 479163 269721 782335 284073 354232 169119 487848 852623 47718 34730 315538 215695 230784 639186 43448 757666 620358 265325 182881 925962 527113 700011 964239 390284 467104 541648 727825 372032 639622 323082 406346 359967 846427 441393 831880 999586 815865 210527 532016 1039535 368041 267898 846564 797235 624371 298880 261183
 770293 653521 802203 171892 216416 721516 459715 441488 670681 527609 107152 722119 771936 682043 516927 809789 804138 105906 671447 490217 379976 963652 525147 453498 265203 715789 568935 1 334045 235992 810622 653848 673739 645195 678542 113043 582957 743230 516638 792240 405354 812530 423083 700452 487662 769923 586828 666042 119822 548181 826765 572696 424901 221435 338823 266634 714102 237584 581867 270569 700191 614618 552351 758069 690516 797657 757160 525915 653052 781726 398777 524471 693273 86700 351052 566142 818741 584019 352479 653162 218550 260558 660193 789296 330098 686421 462424 613175 632504 1024163 755051 805642 675315 353319 372268 587583 430811 739713 335686 767905
 780738 655707 519812 246485 117780 472528 645909 596196 701644 403600 259413 403841 835628 352921 703727 642285 628501 231179 864141 161783 66174 845782 329663 648685 351363 797085 248744 334045 1 98454 825978 891366 679221 355536 926145 279085 249858 511585 307750 492826 104381 487964 96493 447697 696485 696857 735829 341049 307533 606560 538159 361811 483975 235175 169759 575535 469868 176383 325171 349406 799126 290310 225712 511126 421635 478984 693584 209190 718138 694418 231484 285619 842153 312147 550695 812519 583322 499094 432792 699197 124124 396370 458138 576491 264748 789189 414225 748154 862259 924343 453695 655065 904873 167817 83170 746703 649631 676107 203993 487993
 770052 644555 601593 163254 23030 541530 583202 540058 683082 423969 169687 497736 810306 450343 642168 685587 674314 135076 803623 255428 152248 875977 373423 583802 284622 766011 342494 235992 98454 1 814671 819441 667711 438177 851900 192308 348257 574928 355815 580481 177866 584187 191580 517662 629232 710211 684812 437082 222587 577166 622297 413245 448951 167462 182903 483613 537063 131335 393810 297330 763099 385916 321921 580007 497245 573274 703846 301059 690016 712280 254796 345239 793061 221605 481939 737563 649132 510351 388354 676136 35624 322389 509447 634248 249029 751899 408511 701167 792053 949807 541782 692904 835139 176045 146134 693211 578989 685973 205682 568575
 45298 170581 752336 923040 800190 638545 452475 417375 140001 449045 734489 857483 119080 901676 436517 443887 463404 779713 446799 923589 789236 358260 560671 469875 1051411 169175 816045 810622 825978 814671 1 578507 147186 736115 620593 713637 894621 596904 586036 807580 923268 934169 812551 646037 487771 223401 343518 868851 694896 263753 782021 569103 386627 956160 656274 741809 625851 684226 656069 547615 210840 846543 838311 638187 686398 892674 205820 796074 176417 253848 601558 633344 330913 726324 519107 585816 619103 349186 458837 161136 841287 1062961 531121 554439 567036 222298 411756 308282 548320 348527 801124 402467 559106 983596 908609 363961 519426 212891 622344 733929
 571881 554625 1124112 824195 796700 1005352 258488 323345 503429 733257 656942 1146169 463858 1149523 212603 916991 928062 704209 134210 1046347 897817 919444 826947 250094 911231 409512 1032352 653848 891366 819441 578507 1 552581 1026671 45513 631639 1087267 988973 841001 1153873 991833 1241313 940265 998531 199254 729013 257857 1121126 600691 448660 1155930 865885 482749 872962 770069 415329 992524 716367 934912 550722 367740 1077942 1035931 1025305 1020014 1208779 706365 993937 433236 760057 767830 882099 250262 611994 340914 88790 1044481 687786 491316 471322 823959 891697 893819 984594 672804 356996 626115 283903 35343 924695 1129781 884736 31247 983440 962694 234578 241747 699327 736643 1093988
 102345 23525 650585 779032 653475 531736 368401 317751 52994 311909 592718 736243 183708 773435 370837 377754 392807 636652 433966 780502 643754 374544 425936 386295 908378 183147 681104 673739 679221 667711 147186 552581 1 612245 597632 572892 758019 497345 450421 699472 777190 818638 668457 535042 416992 176437 295697 740736 555993 142987 681709 440669 249295 810968 509623 633633 518544 537507 527287 406449 215183 714483 701325 538280 571399 778477 153805 658289 122525 207608 456549 498420 331415 588154 411030 537467 533772 216458 321511 82338 694653 922013 418520 469128 419864 217736 265075 268985 518644 399020 688047 340958 540177 836413 761988 318937 434658 147246 475423 627985
 694536 591940 164288 599099 448155 147601 769172 703337 656078 310761 543937 125117 795594 169173 815029 382802 362141 541194 954486 307673 290284 607949 202086 779712 706451 782891 135264 645195 355536 438177 736115 1026671 612245 1 1069199 550985 207091 200807 185787 147611 378320 215908 263930 124173 830581 536777 803328 137061 567813 617759 184156 173218 545181 590711 313007 827938 152532 412251 92226 507389 802916 134251 169987 180827 80967 182120 545270 156265 704360 518413 276084 146090 890061 589099 710538 966895 255288 396308 539607 670245 471514 751893 212735 275471 375750 798888 406144 799044 992434 695842 112446 413208 1029822 494605 392071 822121 802525 532363 329952 132767
 615152 599901 1168277 849837 829035 1049736 300163 366024 548222 777394 687414 1188115 504906 1190096 256574 962502 973571 733747 174174 1082409 934620 963562 870007 290667 932396 451951 1072445 678542 926145 851900 620593 45513 597632 1069199 1 662442 1126095 1033813 883666 1197387 1025679 1283480 977499 1042662 239586 774042 303231 1161994 631501 494121 1200064 909417 526154 898963 808668 431619 1036943 752033 977600 588693 410149 1118305 1075296 1069987 1063667 1251319 751383 1033608 477886 805167 808468 924288 290728 641067 377191 114436 1089650 732955 532346 516205 855039 910595 938482 1029887 712570 399853 669875 328776 80698 967572 1172926 930217 62051 1013474 996069 279966 277874 744485 775738 1137986
 671844 551756 703166 217863 169294 616536 407162 374567 574555 414665 25971 638183 684988 607335 466384 696926 691510 76290 626830 440867 309406 851756 416737 405035 339926 632445 489643 113043 279085 192308 713637 631639 572892 550985 662442 1 516232 635411 410107 698593 369846 731678 354615 596443 447038 660171 522389 587722 30957 455090 729155 464941 327314 259989 238671 297644 608452 138900 481185 166447 621536 536858 478115 652278 589908 712848 648175 446203 564251 670921 292210 422307 631060 38140 300721 548009 710676 471885 255833 559889 192605 349369 550099 679002 217718 608637 350877 544269 605712 913627 662665 692599 648970 351969 338413 527072 393953 630566 229599 668683
 850592 735601 344316 486135 366669 354682 830903 771426 794483 446407 500253 181068 935637 109499 884353 584873 565155 478498 1037702 123831 206846 809005 334000 837576 568006 911603 81103 582957 249858 348257 894621 1087267 758019 207091 1126095 516232 1 407535 308590 294182 216873 247573 161772 330975 888106 715083 894631 110284 541478 729471 350917 332267 628970 462851 317465 813288 359208 388243 250192 537759 924185 76011 56814 387375 287870 248759 719801 100670 830639 701418 327586 261438 992942 552247 750406 1015877 461130 545442 599770 802026 372569 619327 403678 482125 415576 917393 512369 898321 1055307 895927 257189 612056 1096122 333489 242642 909990 848976 704845 350673 321435
 560498 481588 155435 737597 578378 54533 743213 675372 547885 264197 636242 290741 677560 359811 778048 189397 167324 648343 895531 500129 446225 412826 218708 757149 857624 679479 332202 743230 511585 574928 596904 988973 497345 200807 1033813 635411 407535 1 226963 213636 558417 348021 433561 76635 805240 378958 742802 330472 643537 546843 185474 170576 515823 739684 408610 873522 48328 507255 187148 539833 707523 334971 366264 41339 121653 305333 392936 342793 608466 353999 344479 229694 812005 671404 711601 943633 75595 303893 537211 569679 610443 897302 97454 74667 424073 707010 373451 729686 953677 501349 215428 225343 986026 668429 565778 764383 790388 384163 407561 139303
 542015 428362 304775 516194 356552 206912 583788 517704 489008 138553 409837 307844 630214 328293 629254 334582 321252 421451 769480 350829 248104 541405 26091 594631 640426 610661 230711 516638 307750 355815 586036 841001 450421 185787 883666 410107 308590 226963 1 318730 378633 401316 252295 188211 645385 414352 619001 296362 420177 437254 334172 57908 359424 522969 182259 663618 198420 280294 93936 333362 627196 265153 252312 242184 190963 367815 416481 210568 530471 405090 118014 48151 708390 446755 528869 782208 302558 236853 355808 499116 391397 677005 153636 279693 206420 621981 221972 616174 806709 622798 290741 348013 844036 474075 376541 637371 618831 400606 181039 270874
 769662 681676 68708 738899 591914 169091 898850 831799 747791 423047 691465 118650 882283 202406 941304 397396 374795 687811 1073129 414286 429629 613185 328749 910554 840056 878436 249691 792240 492826 580481 807580 1153873 699472 147611 1197387 698593 294182 213636 318730 1 498518 138250 397576 164597 960891 592029 920352 186306 715252 728350 59690 287989 671234 726650 460485 973755 181939 559859 227476 649431 903101 221486 280782 173857 134303 96206 605269 284566 803490 567559 420388 286814 999721 736704 847561 1098616 223463 491774 673946 766475 612724 887670 280989 274252 518835 900938 527911 912160 1119104 701303 39273 436060 1154829 617097 517574 940455 936649 595637 476362 74343
 877971 753671 537685 279121 200753 513025 748782 700050 801727 490374 347545 393688 937120 326361 806889 707715 691832 310911 967607 96498 135704 919864 403056 751075 351294 899852 249751 405354 104381 177866 923268 991833 777190 378320 1025679 369846 216873 558417 378633 498518 1 464362 127665 487679 798314 783406 840151 324230 399796 709406 550676 426975 587866 249635 268581 660596 512938 279727 372791 453259 902668 279138 217738 550618 453990 464586 781877 222063 820487 778319 322905 346715 946532 399413 651847 911647 625211 588970 537171 800472 187166 403090 519931 628434 367326 892900 512304 852528 963327 1001380 459600 725054 1006133 118624 33099 850900 750322 764759 304361 509153
 894665 799458 206340 730779 599961 298998 983318 918013 864748 524989 719962 96496 1002320 138120 1030132 534550 511990 706639 1170392 369847 433452 751421 417977 993367 815573 993528 243612 812530 487964 584187 934169 1241313 818638 215908 1283480 731678 247573 348021 401316 138250 464362 1 392622 288563 1044365 722982 1019192 147106 752848 832643 189306 386604 760681 709672 503375 1021185 310843 594556 308116 712750 1015302 198379 262359 309791 248017 42721 734902 286787 916170 699976 481129 359218 1105090 769418 920483 1179783 361641 605277 752251 880867 612083 866849 403148 411802 581053 1011875 622045 1014554 1207259 839552 133747 572511 1245024 580060 490044 1038025 1014361 724167 527436 210174
 767362 645089 427561 342792 207973 390252 687440 631828 697371 370743 338484 307413 835921 259286 743148 580050 564206 317882 900532 114270 45314 792859 277242 692481 443373 803678 152254 423083 96493 191580 812551 940265 668457 263930 977499 354615 161772 433561 252295 397576 127665 392622 1 364990 742134 661672 763696 245525 380271 615085 444480 299444 501790 329097 175977 651943 389179 229845 246825 389814 810693 194448 130348 428421 334622 382656 661415 113168 723042 654986 212504 219083 866611 390493 600352 865576 502303 471013 461793 699419 220019 490207 392295 502357 279562 802179 406713 771667 909423 874958 358351 597617 951153 235080 132228 776995 699627 644650 212573 396682
 607136 517111 125642 680915 523259 25346 746636 678964 583204 265277 594525 220862 718080 285483 786093 261828 240452 601619 913044 425708 381654 486686 188566 759354 797192 713850 256297 700452 447697 517662 646037 998531 535042 124173 1042662 596443 330975 76635 188211 164597 487679 288563 364990 1 808899 434868 759995 255371 607737 566370 157403 140919 517871 679530 361895 850599 28400 462880 123879 518350 738739 258360 290584 63534 46305 246735 446406 269117 639123 412818 304657 176585 836752 633557 704227 947323 137545 327694 528964 601950 552784 838950 116536 151299 394191 736764 373488 750359 963483 574999 155121 294944 997969 599990 496966 780609 788787 435606 366858 96210
 466873 412045 934474 651990 606880 817425 62267 130078 376897 544431 472908 948829 393596 950610 52024 753157 761508 522148 183820 849399 700153 791354 632583 51085 752117 329723 833202 487662 696485 629232 487771 199254 416992 830581 239586 447038 888106 805240 645385 960891 798314 1044365 742134 808899 1 587980 149592 922428 416524 287483 966056 673332 291052 699125 571050 296852 804892 520521 739288 352325 294602 878907 836681 839826 827778 1012651 566178 794694 315542 616276 568941 685295 229144 432677 147331 138543 865089 510763 292771 344929 636862 740558 708588 807951 473560 279825 435435 186321 167378 812789 935430 725042 209075 797968 770104 135105 57518 555662 537450 903408
 194204 176657 533728 845362 700908 424305 535514 478464 226608 293532 675260 652766 322510 705645 543955 220875 240062 711925 609230 764869 647998 208539 388311 553152 977091 345019 634220 769923 696857 710211 223401 729013 176437 536777 774042 660171 715083 378958 414352 592029 783406 722982 661672 434868 587980 1 472012 673135 650197 302635 562542 382828 369939 869092 532395 777464 412206 589510 466602 500859 382446 658043 660937 419838 477989 680744 22690 621892 297366 32621 465532 457481 503251 683376 561389 712365 396265 199892 434477 258074 741973 999431 324859 331923 466815 387618 311362 445324 695074 255171 589238 179888 716367 863294 775242 495276 599798 33438 504954 517773
 327480 296876 884497 738461 664158 764139 135822 147830 248254 497474 547970 926764 244400 941710 97717 660180 671909 598477 153087 876346 725989 666698 601245 148987 850792 180863 830225 586828 735829 684812 343518 257857 295697 803328 303231 522389 894631 742802 619001 920352 840151 1019192 763696 759995 149592 472012 1 911201 494439 196168 916466 634781 265760 782223 587730 435923 751014 561787 711214 388497 145010 872836 839813 780769 786119 983672 449431 796053 179916 502729 567090 663944 108836 517771 238305 245388 794120 439030 303518 215733 699463 846638 650220 732679 484285 130252 397250 36762 223416 679237 899841 627275 248249 859936 815450 23303 193696 441865 551299 856189
 826494 719613 241820 584859 452914 275948 862687 799466 782285 432192 575026 70800 922960 32826 912626 517019 495789 560206 1059451 233644 286515 742025 318198 871363 673774 906196 98079 666042 341049 437082 868851 1121126 740736 137061 1161994 587722 110284 330472 296362 186306 324230 147106 245525 255371 922428 673135 911201 1 609972 733278 244607 300408 647237 565426 365445 880078 283425 452096 213503 581162 923474 51428 115343 303161 209208 140649 681061 141522 826364 655263 353594 249107 1003486 625184 792262 1055205 373208 524312 629813 794135 465137 724072 349711 404298 451298 918339 516541 910447 1087859 830276 151240 548870 1127093 442077 347649 928541 888499 667747 392809 223483
 653767 535366 717223 244284 199558 627076 377466 346641 555298 414534 56473 658615 662405 630483 436619 696753 692320 105875 596772 469207 334964 844920 425006 374973 362863 608721 511970 119822 307533 222587 694896 600691 555993 567813 631501 30957 541478 643537 420177 715252 399796 752848 380271 607737 416524 650197 494439 609972 1 434363 743899 473645 308298 287884 254809 271831 618503 158307 495005 150999 596564 559427 501820 662110 603378 732816 637349 468609 542124 662312 303118 435512 602939 33180 270524 517066 718416 465805 236077 539406 223540 368884 555947 684308 221277 583437 343738 517112 574816 904596 679946 690571 618077 382874 368578 498553 363202 619914 241716 682719
 226154 131198 690091 669146 559937 569454 233066 176834 124213 307757 477321 742491 233577 764849 247183 469789 479975 524602 348690 729353 583021 509255 417029 250619 794817 190528 659188 548181 606560 577166 263753 448660 142987 617759 494121 455090 729471 546843 437254 728350 709406 832643 615085 566370 287483 302635 196168 733278 434363 1 722046 446159 129844 705655 442955 490789 556260 446145 526540 291736 195808 698846 673147 585088 594560 795665 281499 629021 112852 329775 405994 484173 272461 464996 268043 417896 598092 242969 199369 105080 599718 803240 455026 537006 342081 188122 217810 183991 413429 540296 709702 439540 442375 751756 689448 218182 297207 269734 406267 662543
 745931 665265 31969 782837 632275 152677 903804 836188 731614 422679 723827 178109 862709 261862 943495 358093 335586 723672 1069552 469146 473563 567358 339807 916371 887850 863059 300933 826765 538159 622297 782021 1155930 681709 184156 1200064 729155 350917 185474 334172 59690 550676 189306 444480 157403 966056 562542 916466 244607 743899 722046 1 294695 675089 773087 490530 996542 165931 591401 249314 667532 889884 276800 333431 144144 143227 149705 577379 332640 790442 536212 443668 309298 991062 767071 859099 1104418 177721 481139 684129 752298 655498 934323 267627 235161 539324 888696 530735 905960 1120876 654779 93774 398369 1155271 668942 568161 937284 945107 569156 502683 63505
 526369 419873 263835 573984 414323 156253 611200 543981 483433 138413 465680 298302 623490 333192 653320 281495 266887 478645 787018 390363 300148 494141 48882 623202 697787 609721 251493 572696 361811 413245 569103 865885 440669 173218 909417 464941 332267 170576 57908 287989 426975 386604 299444 140919 673332 382828 634781 300408 473645 446159 294695 1 383272 580193 239993 710604 146304 337210 87022 377751 629771 278015 278289 189162 154447 349564 387727 240404 531147 369871 174039 80638 718618 501107 564453 811337 246047 224232 389435 497104 448852 734734 96725 221791 255926 625882 240038 628674 831125 577558 265214 298211 866995 526651 427343 654332 650763 373053 237081 231349
 345563 229918 643469 539789 431166 526457 228785 161100 247258 253518 348810 666551 363233 677281 270342 485466 489913 395409 412216 615519 466349 576835 344411 241862 666320 317063 564695 424901 483975 448951 386627 482749 249295 545181 526154 327314 628970 515823 359424 671234 587866 760681 501790 517871 291052 369939 265760 647237 308298 129844 675089 383272 1 575877 326351 409599 513980 318562 453091 162364 315635 607753 574060 549504 537583 727061 352761 530294 242146 389798 301389 402308 365334 339918 205404 429538 578320 233048 72427 233358 470587 676461 418685 523984 222915 305334 144388 270366 448120 622906 647083 464316 484796 624277 566159 281881 274920 336995 289488 612566
 912583 788468 754984 49653 170713 703931 664035 634396 819970 588027 234712 632054 938423 571734 722882 852935 841766 184475 881618 346045 300767 1040736 540860 660390 117944 888448 479163 221435 235175 167462 956160 872962 810968 590711 898963 259989 462851 739684 522969 726650 249635 709672 329097 679530 699125 869092 782223 565426 287884 705655 773087 580193 575877 1 349344 485791 700270 279730 555875 414221 879632 516715 452134 742552 655720 705774 861211 442110 817204 873209 421412 510272 890793 267085 555881 785907 813139 670087 507602 808844 132187 161240 676591 800603 402571 867061 561252 804242 850279 1112836 687410 859679 893361 154469 220700 786421 643644 843273 368924 723132
 611022 486102 464815 337338 179139 383436 514670 457219 533170 242239 233859 407715 668779 389792 569319 504240 493884 240191 725492 289237 140322 693293 195828 520734 464953 632905 269721 338823 169759 182903 656274 770069 509623 313007 808668 238671 317465 408610 182259 460485 268581 503375 175977 361895 571050 532395 587730 365445 254809 442955 490530 239993 326351 349344 1 518409 376581 101406 243357 220363 637752 317220 267926 420544 352140 480638 527685 228190 552978 532445 72071 185658 690760 276662 433094 698469 484134 332976 286370 532072 217386 498353 333584 461396 103649 628706 244560 595846 738378 767971 425159 510336 779515 332088 252366 601154 531527 509999 36907 430369
 710777 619930 967930 436201 461246 866848 301548 324516 609843 617954 316125 925937 667825 901472 342923 884963 886092 349743 468094 737068 606659 985474 662205 287082 503994 604391 782335 266634 575535 483613 741809 415329 633633 827938 431619 297644 813288 873522 663618 973755 660596 1021185 651943 850599 296852 777464 435923 880078 271831 490789 996542 710604 409599 485791 518409 1 856617 428159 748024 333725 575759 829958 773301 898531 853602 999044 759044 739141 566153 798791 553645 687995 525783 263390 223535 326935 945145 633306 355161 582741 474828 479487 778848 900915 457382 560704 518976 470563 401519 1026756 940328 868386 441447 619276 628031 426831 243654 744160 498054 933732
 587737 501319 134048 700206 541763 13301 742645 674819 567603 260473 607632 247007 700869 313299 780454 234176 212619 616756 904093 452708 404055 458797 195104 755827 818103 698751 284073 714102 469868 537063 625851 992524 518544 152532 1036943 608452 359208 48328 198420 181939 512938 310843 389179 28400 804892 412206 751014 283425 618503 556260 165931 146304 513980 700270 376581 856617 1 476849 144742 523349 724765 286743 318232 43982 74218 268542 424536 295684 625221 389214 316248 193069 825152 645169 704189 943429 113499 315245 528937 587431 572385 859013 101758 122961 402126 723300 369827 740122 957361 547178 177106 268038 991094 624255 521354 771999 786701 414362 379070 109443
