NAME : domp100p25v6
COMMENT : Cherkesly, Contardo & Gruson 2022
TYPE : DOMP
DIMENSION : 100
DISPLAY_DATA_TYPE : NO_DISPLAY
OPEN_FACILITIES : 25
COST_SECTION
 1 1010438 863765 663252 687354 496368 461387 582241 811421 799837 320849 567731 896634 889181 981118 775309 761858 386047 996140 383601 121593 38399 913524 340145 1071988 449355 405203 464516 650128 169999 563113 527839 490697 965942 597166 873862 734823 454703 392350 727927 682761 140768 115612 906744 363123 803135 222468 156023 562784 516952 144250 756664 618237 771845 242893 773171 558406 704785 768192 829355 1022567 249781 389567 649302 877850 854587 719624 938231 365647 673727 688673 666398 357739 780549 946541 486717 604532 483304 349344 341292 802776 892170 226098 523229 876056 959064 434191 1052495 418852 763445 513565 677739 215492 875995 331085 327984 581670 540295 645059 774792
 1010438 1 157329 532662 376609 605795 582133 453152 247739 470272 758905 524192 988737 164007 245080 556130 606896 631659 124309 637971 899482 994631 946384 697525 248442 565450 621137 653686 388836 845851 686742 483405 541872 283616 657095 790376 424760 898059 940794 640905 329856 1045687 1080250 366133 885197 269068 939717 1025861 457165 976165 872457 839519 475623 287095 787182 261333 902097 554497 456966 278481 193519 906182 681327 423139 499099 975957 655629 267845 649449 900041 563665 349135 753320 674543 71644 538349 721456 654842 661608 829870 208846 759408 797239 490167 503679 80910 735336 48321 600137 914197 541003 516765 871136 908488 730992 724892 663556 568230 378366 684113
 863765 157329 1 384981 220461 448554 426269 296819 100260 442460 632057 422411 954159 157419 304083 521104 567772 493392 215871 485949 750003 845938 918525 564507 349473 415283 467943 544002 231677 696813 534291 342524 414691 330151 578522 767677 369580 797457 831352 592922 198610 908510 939469 379946 771930 217646 810522 890431 304085 882446 729091 790624 381909 217484 648984 176025 816826 413617 417576 148348 284027 779231 557807 266731 496157 935158 605527 302047 499534 833418 420720 221758 596290 638231 86508 407486 646169 549771 517631 672594 93789 742915 657099 340648 499953 147963 578271 205014 463467 862103 384050 450856 738415 876979 602289 569877 511977 411461 257657 554280
 663252 532662 384981 1 180603 168623 233996 205424 286292 693169 579422 526677 1121665 516994 666765 743401 773859 426387 598425 319540 542441 632642 1102760 500867 727876 302540 295825 581604 208353 501323 161026 341787 435802 681781 697520 976139 596448 812510 811431 777384 362226 760150 768172 695872 746953 512645 713885 753169 249228 907967 568972 943766 524563 489194 535742 452257 875809 56827 656272 258004 662157 697514 539370 148336 772237 1091029 783419 649434 348613 939954 49909 374519 312776 837805 462425 416393 759384 600987 406295 365066 402443 965221 530809 285046 774353 532222 254138 580708 417560 999986 189849 631888 636345 1057537 548705 336892 135600 128653 399749 207214
 687354 376609 220461 180603 1 231276 227824 107982 134518 524073 516773 391227 983280 338457 487136 582044 617519 360288 425634 304512 567724 664055 958671 439131 551455 248485 282250 476476 50990 517356 316671 227848 325698 501301 566226 822950 429499 726997 741853 627323 190101 755639 777025 516753 677779 333040 679718 742247 142001 820349 565608 807443 375990 310951 503480 272558 773265 224245 488756 142003 486092 654951 457238 46634 599629 956172 635499 468891 325975 820202 225634 206803 384902 684752 304981 309673 632410 491226 364019 457942 222889 807960 505790 189697 602087 362296 359416 424749 338982 869964 178086 477927 602396 914034 484802 371074 295794 191888 238628 378460
 496368 605795 448554 168623 231276 1 89446 165008 365623 640730 427489 433621 1011705 543442 681883 673659 694789 284973 641338 161464 375070 466947 999576 351770 757381 172102 140123 456270 219205 332850 147205 252612 326713 686971 590128 887085 544146 666518 657525 689092 344087 591569 599890 676795 593917 505315 549300 584892 187561 761589 400695 834568 447639 475832 373235 449848 739140 216454 602005 362782 694210 535310 400041 184934 725678 977775 692072 654036 191103 815133 201976 345423 157930 751845 534435 306802 645467 478345 253256 227081 429390 882526 366417 195622 726791 583047 130422 653566 285375 883349 81682 555294 472566 954354 398528 168783 144160 45272 355309 329897
 461387 582133 426269 233996 227824 89446 1 129655 357789 561958 346446 346953 922260 498045 627688 590008 609027 198026 601006 87137 340824 436842 910303 268713 708279 82790 62936 367089 197089 291770 236073 171818 238347 628410 500925 799160 466723 582749 578187 601750 288048 539978 555872 608764 513906 445903 482249 529797 130434 678125 347574 745149 364558 414867 303215 394784 652330 288081 523143 369406 647457 464308 313110 188016 647801 888353 604276 595855 115271 726335 275753 284146 176026 664664 512616 218575 556022 389023 172503 256103 389381 795510 299943 120264 648606 548331 188499 628427 196362 794001 52616 470981 404275 865100 316285 144593 233573 109114 286609 414826
 582241 453152 296819 205424 107982 165008 129655 1 230139 496229 412937 321641 917299 378996 516976 540935 569568 255447 478583 198645 463776 560308 897574 334406 592563 140548 177456 387022 68360 412410 290422 139304 236941 522848 493873 770986 398763 630979 641014 572092 180961 647764 669834 517725 576523 342093 572575 634269 44828 725500 458144 739590 319634 313550 395732 285484 684437 260993 458314 248519 529700 548597 358012 82957 578427 887370 578014 489874 218713 740774 255281 185451 300913 632766 383255 218660 557112 404358 256252 379001 266129 760775 397827 88554 580086 422754 293886 499810 236847 797444 89337 427500 495028 852385 380959 273982 276416 141593 202519 411998
 811421 247739 100260 286292 134518 365623 357789 230139 1 503305 610187 434204 999907 249236 399448 575147 618047 460447 316090 428101 693681 790221 968504 536703 449213 363813 407466 542935 161793 641917 439004 312598 400042 422255 602752 822553 419302 798677 823973 637272 201480 869715 895499 460973 761813 284258 782745 854079 250105 888237 683490 830062 403310 273906 612266 229850 830440 313415 473538 58985 383590 754503 541742 180689 566611 977465 648230 392339 446189 860506 320747 225600 519244 688213 176679 388503 670886 552904 474994 592436 151577 801421 617451 293985 569953 248183 492868 296036 433918 898408 310338 489121 707414 925431 578921 502239 415877 325272 264352 454716
 799837 470272 442460 693169 524073 640730 561958 496229 503305 1 481242 241561 519401 311342 270486 86433 137802 449858 366829 550682 727205 801926 479487 465562 351200 488787 551663 337240 485993 679111 782013 390166 347491 233893 244431 326028 97483 505526 568934 176712 333999 772042 823003 138348 531971 224815 640317 745380 459348 560728 659010 371224 203284 229581 559347 273652 474289 744022 38816 562178 337832 601672 410439 545849 86474 505695 192667 225858 539126 444129 742221 319087 715837 204277 459016 362604 290694 321580 503387 792692 355561 300466 578380 445228 86850 389414 749159 480347 422475 446589 560233 122339 598356 439873 468754 648937 770719 632032 294309 899007
 320849 758905 632057 579422 516773 427489 346446 412937 610187 481242 1 259980 638476 615757 683893 454510 442694 157680 719110 266082 270148 327757 642041 79263 775764 280191 287686 144229 467778 235474 559218 297640 217926 663471 280196 573829 423749 240922 232031 411190 434211 299069 345314 595233 167540 517768 181054 275099 374785 335051 187198 475161 313310 489145 97376 501835 324653 634300 451323 646764 733271 147503 79463 495499 557568 599170 404366 638548 236526 420440 622185 412343 384432 467151 704686 224701 299574 162456 174497 433451 552599 586482 118340 327087 555657 694830 456503 794803 178138 502553 390146 358905 120070 599794 31992 308770 564844 455339 380679 757296
 567731 524192 422411 526677 391227 433621 346953 321641 434204 241561 259980 1 595939 369162 424227 247907 262394 208658 467529 318247 487721 566384 576094 228335 516090 266346 323364 131324 341987 438540 580483 186606 112174 403538 175008 454433 167119 376226 416630 255707 233144 559006 604734 339025 362195 265491 436031 534655 277457 460036 424417 418551 53673 240242 324909 263106 396869 582580 205821 485041 475552 399050 181925 393884 326300 566856 259541 378644 302946 430367 576364 208811 483656 318289 480436 130440 241470 130651 262581 557786 331534 448906 342627 245517 325729 452547 526404 554364 182653 479013 359633 129350 380020 530863 240440 412999 574213 436350 170060 732005
 896634 988737 954159 1121665 983280 1011705 922260 917299 999907 519401 638476 595939 1 830708 768868 435296 386752 734644 879347 866393 893880 920158 57010 689053 829371 839723 880781 557633 935634 869356 1157647 779939 688976 727877 424472 204405 584739 441981 508667 362745 805513 791420 849382 631347 534017 739180 674641 764183 872832 394939 803979 177999 607475 736691 733669 778949 338284 1177914 538293 1056722 837246 647468 626526 989355 497169 42348 351733 731133 841075 223656 1171090 783727 1013703 316653 977895 708917 366239 534554 780399 1070049 862574 242551 753686 837517 492292 908098 1077257 995409 727780 136213 946151 511234 693760 81140 654249 936451 1155773 1022858 747585 1325279
 889181 164007 157419 516994 338457 543442 498045 378996 249236 311342 615757 369162 830708 1 151063 395967 446055 503590 107140 536287 785486 877672 790456 561477 214612 461337 523786 500280 328368 731643 652635 365309 404086 173354 493832 635757 260764 738680 784684 478435 213701 909875 948792 226686 731332 106427 796561 888198 367615 814575 747066 677535 318201 128922 655639 116174 739097 553574 294895 303462 150770 761387 536659 379608 351273 816130 492878 144643 541673 736122 558250 225359 674068 514813 148720 404486 557714 499115 541354 753977 116153 607179 668148 388277 355489 85348 672877 186673 470923 751815 467465 352853 732087 751194 589959 631858 633049 514190 244154 700960
 981118 245080 304083 666765 487136 681883 627688 516976 399448 270486 683893 424227 768868 151063 1 354447 405395 597749 121302 653766 886652 974343 722180 642882 91874 579626 644691 551282 472608 833664 798265 477002 490776 41329 501726 565670 270678 761723 818355 446740 339951 982942 1027400 138496 772823 184391 859828 958827 498970 825192 836941 636321 370672 216540 740158 233089 741289 704367 273708 452110 68694 822437 605062 526594 271700 761469 462853 47260 654286 714439 708760 344193 802496 465837 269388 496566 556225 543585 642613 882988 264361 531100 755464 511316 276580 177181 809255 236095 565194 711897 603034 359683 803746 687743 662611 752873 779637 656027 350038 852017
 775309 556130 521104 743401 582044 673659 590008 540935 575147 86433 454510 247907 435296 395967 354447 1 51432 452323 453204 566145 714033 781432 397558 453140 431629 511761 570765 312037 540069 669287 818604 421149 359981 316442 188982 247580 156106 441598 509518 93050 393427 733275 786858 218432 479542 304514 599128 705667 500650 488230 639087 284800 226026 304611 541093 348031 399454 796401 103559 633495 422443 560595 391936 598816 114138 420201 109377 310885 550510 360499 793102 375268 731549 118867 542650 377748 221149 292132 506679 805237 431407 227207 561284 479219 110659 475228 773012 566755 429018 360196 595612 119366 566093 356670 447486 660382 809664 670363 344940 950524
 761858 606896 567772 773859 617519 694789 609027 569568 618047 137802 442694 262394 386752 446055 405395 51432 1 458404 504616 578240 707893 770419 351207 450279 481340 528740 584898 304575 573728 665502 841045 443817 373763 367032 165782 205946 199302 405099 475545 46171 431122 711217 766166 268662 450543 352449 576409 683168 527825 445499 629390 233435 250346 350483 533395 393279 355562 827859 151794 675937 473536 538275 386512 631499 154767 370232 62111 362131 560422 310536 823731 411588 742441 70514 592030 392586 184098 282607 512416 813852 476912 191385 554072 502686 150550 525987 788373 618019 437893 308789 618681 142068 549357 309224 439238 669293 833483 694550 379011 981036
 386047 631659 493392 426387 360288 284973 198026 255447 460447 449858 157680 208658 734644 503590 597749 452323 458404 1 610377 131761 289382 376924 727478 78974 687804 124203 147457 177378 312145 237155 426559 150976 108403 585409 323775 630152 368568 386192 387977 440734 301804 415260 448612 536065 323270 417612 322407 397080 218419 481660 243481 559895 249818 386099 155835 387451 454399 482227 413341 493292 636949 295431 115153 337869 534935 698927 439686 556319 107167 531668 471072 283321 287205 503210 571659 101244 370540 201058 54357 355779 422814 632799 165717 170853 534386 575604 343699 671578 32818 603231 236566 336470 247097 682801 125780 211919 427870 306539 259484 612851
 996140 124309 215871 598425 425634 641338 601006 478583 316090 366829 719110 467529 879347 107140 121302 453204 504616 610377 1 642328 892614 984792 834696 666989 135431 567451 629219 598782 423115 838767 742295 472335 509782 160932 576850 678091 339581 829470 879368 542340 319841 1014779 1054556 249559 828291 202236 899410 992659 470767 900904 853812 737980 414985 229968 761760 222971 821556 629194 360248 361557 72716 863659 639746 469610 384228 869270 557851 149354 648340 807377 635866 332323 776787 569473 159519 510851 637307 595658 648483 856227 212467 645241 774588 493793 388974 69089 771543 116918 577662 813400 567774 433151 836444 798485 694107 736965 721281 609398 351083 769748
 383601 637971 485949 319540 304512 161464 87137 198645 428101 550682 266082 318247 866393 536287 653766 566145 578240 131761 642328 1 265716 362226 858770 191287 739094 74969 24219 308952 266577 213848 296879 177158 206209 649071 452992 757861 460374 505690 496205 564823 322606 454678 473070 616341 432488 469393 395251 443657 181931 600558 262774 691416 347628 437294 216422 425365 581106 372387 512401 446345 681608 377987 243985 268848 637130 830670 565161 617535 29670 662450 359259 312408 165662 627803 570894 189075 501907 332437 92345 242125 435846 758345 212809 149123 637277 595685 213239 682520 142518 734906 138406 447237 317359 813982 237455 100597 300231 192035 303910 491215
 121593 899482 750003 542441 567724 375070 340824 463776 693681 727205 270148 487721 893880 785486 886652 714033 707893 289382 892614 265716 1 96541 903302 262041 976200 334741 286323 403439 531982 53898 448817 420654 397549 874789 548801 843482 653361 461181 413290 679148 575188 231139 227600 823347 367541 705101 249884 233551 446897 539192 90027 739205 534592 673222 174890 670384 561692 585050 692922 709681 923738 260938 322204 528838 809219 852938 673199 845612 250485 670854 569109 560602 241378 736485 833986 390239 569309 425332 244870 239013 693568 856627 153981 409702 807984 851796 320449 942727 321651 757943 392734 607387 203061 862670 268883 206488 465907 418824 542759 661728
 38399 994631 845938 632642 664055 466947 436842 560308 790221 801926 327757 566384 920158 877672 974343 781432 770419 376924 984792 362226 96541 1 935193 338055 1064651 430676 382853 469504 628522 149130 528348 513978 483636 960681 607017 889953 733356 479004 419596 738085 668886 178184 153633 904766 386162 794471 248922 191734 543202 545214 142959 776098 615607 762854 242587 762052 582483 672859 769219 805971 1013699 272809 391813 624809 881558 878307 730507 932276 346456 696710 656607 653522 324420 792331 929615 478148 618445 489453 336339 304421 788007 906782 223925 505402 879965 945561 399523 1037481 409667 786013 488502 680389 231210 896790 334418 299675 547455 511363 634035 739365
 913524 946384 918525 1102760 958671 999576 910303 897574 968504 479487 642041 576094 57010 790456 722180 397558 351207 727478 834696 858770 903302 935193 1 687196 779907 827522 871864 550154 912088 875769 1146319 761990 674168 680994 409503 156649 550482 461069 531291 332522 777319 814372 872729 585643 550515 702039 693057 786607 853532 424308 813907 168316 582929 701519 738604 744463 358506 1158567 501109 1026003 790226 663743 623066 967204 450935 82855 323346 685804 834536 241514 1152458 756279 1010409 280717 938472 694186 356940 526426 775307 1069818 828079 192050 759073 820335 446116 866088 1071134 951221 718147 151603 931352 482450 706109 45318 655307 933248 1143185 1008307 721156 1307888
 340145 697525 564507 500867 439131 351770 268713 334406 536703 465562 79263 228335 689053 561477 642882 453140 450279 78974 666989 191287 262041 338055 687196 1 734275 200938 211650 147606 390712 216148 487400 224682 157416 626358 298727 603712 395366 314755 310946 425402 368971 348888 387624 566998 246309 468728 246682 328381 297182 409905 196293 518903 278141 438445 97494 445766 390813 556034 431904 571145 687421 217846 66020 416750 547191 651395 421465 599213 162309 477556 544187 348536 324803 485557 640211 159180 333543 171333 98957 382804 489290 611344 114366 249536 545944 637349 391628 735566 102790 554743 311315 345357 174085 643496 47880 247608 491472 377808 320176 681593
 1071988 248442 349473 727876 551455 757381 708279 592563 449213 351200 775764 516090 829371 214612 91874 431629 481340 687804 135431 739094 976200 1064651 779907 734275 1 664471 728879 642868 542977 922998 866824 563241 581376 118828 588642 624972 361016 849673 907728 524669 420480 1074810 1119172 213448 863239 271543 951603 1050699 578337 910509 927889 707662 462543 303670 831455 314499 825140 761096 359217 496396 65800 914159 696915 593593 336927 825533 540979 138009 740987 791859 767048 427324 883989 537139 294171 586561 640678 634821 731708 964309 330550 587869 846555 594275 341826 204446 886317 222153 655141 782838 680355 448174 895607 748444 754411 837274 846872 728742 436605 903744
 449355 565450 415283 302540 248485 172102 82790 140548 363813 488787 280191 266346 839723 461337 579626 511761 528740 124203 567451 74969 334741 430676 827522 200938 664471 1 65845 285739 204981 281546 318859 104673 156235 575842 418136 716989 395681 510016 511648 520095 247674 507889 531812 546539 446950 395355 432911 493922 113828 605460 319786 662491 287970 363344 255324 350519 574885 358655 450102 387877 606728 410212 236973 219746 575146 806042 522261 544066 84257 645526 347948 237528 229894 583099 499337 136697 473504 307219 115914 309341 361777 714012 257312 75310 575637 521428 261489 609443 116322 711969 113074 392421 355097 782315 248687 173301 316058 186179 230295 493119
 405203 621137 467943 295825 282250 140123 62936 177456 407466 551663 287686 323364 880781 523786 644691 570765 584898 147457 629219 24219 286323 382853 871864 211650 728879 65845 1 323182 245704 235226 279130 170512 211291 641441 464484 767852 459695 526396 518531 573258 310235 478477 496181 612209 454597 460578 419366 467675 164055 621477 286385 705033 349452 428647 240433 414529 599998 349019 513130 424219 670433 401817 261601 245691 638123 845580 574244 609574 52792 679124 336092 301571 164826 636327 553365 193047 515393 346260 113242 243771 420989 767126 237009 135510 638457 580950 203687 666177 153790 750176 114269 451498 341433 826922 258460 108407 281075 168786 295875 469990
 464516 653686 544002 581604 476476 456270 367089 387022 542935 337240 144229 131324 557633 500280 551282 312037 304575 177378 598782 308952 403439 469504 550154 147606 642868 285739 323182 1 425491 361137 600953 249734 151071 527792 151509 457812 284807 255781 288106 278005 347730 437473 486740 454542 231553 396809 309576 411741 342897 346038 327051 382519 183986 371373 229395 392363 297600 638413 308150 588669 605010 271673 82310 467853 413437 522463 273863 504887 284383 359898 629255 323612 461804 337952 607138 168475 193228 24251 225868 525627 456080 464155 249853 299540 411583 583260 520981 684964 170957 427365 396551 214954 261448 505547 135498 385088 600364 471641 286490 778114
 650128 388836 231677 208353 50990 219205 197089 68360 161793 485993 467778 341987 935634 328368 472608 540069 573728 312145 423115 266577 531982 628522 912088 390712 542977 204981 245704 425491 1 480421 325688 176968 274712 482853 516960 778481 389952 676159 691705 581685 153874 712827 736334 489332 627764 307531 633063 698506 94017 769424 524393 759276 329172 282381 458253 247839 722342 258035 449656 183100 478668 607407 406966 60075 564126 907934 589338 449992 285643 770132 256676 166907 364629 640050 318151 258755 582776 440317 319171 441092 212639 764763 461627 141311 566313 363888 349619 436107 289709 820979 152513 433024 556174 867285 435857 341668 307587 186377 195164 413048
 169999 845851 696813 501323 517356 332850 291770 412410 641917 679111 235474 438540 869356 731643 833664 669287 665502 237155 838767 213848 53898 149130 875769 216148 922998 281546 235226 361137 480421 1 419134 366760 345532 822316 509392 808619 603197 445115 404724 638645 521295 260976 267191 772420 353143 651755 251875 257958 394199 528521 82418 709805 484254 619827 138099 616612 542507 546342 644219 659356 870215 254878 279000 479507 762006 829082 633541 792924 197331 647842 530796 506718 212365 697290 780575 337576 534543 383848 191376 227391 639750 819851 117179 356316 760931 797912 293277 888982 269118 733144 344139 560364 191425 834131 229259 164654 434161 375421 489073 632084
 563113 686742 534291 161026 316671 147205 236073 290422 439004 782013 559218 580483 1157647 652635 798265 818604 841045 426559 742295 296879 448817 528348 1146319 487400 866824 318859 279130 600953 325688 419134 1 397649 473910 808117 736990 1034229 684779 800097 784018 836086 470212 678421 675443 807956 722057 630119 659321 676993 323154 894149 497353 980855 592708 602714 492268 571664 877889 170237 743513 416809 801819 651195 540538 273271 865890 1123226 839200 775188 325229 958210 153942 475862 207697 898768 615559 454005 791486 623487 388652 232233 536483 1029351 481420 339392 867269 678663 128924 735037 430110 1028318 223005 700852 586206 1101132 532332 263480 26114 150197 491298 213124
 527839 483405 342524 341787 227848 252612 171818 139304 312598 390166 297640 186606 779939 365309 477002 421149 443817 150976 472335 177158 420654 513978 761990 224682 563241 104673 170512 249734 176968 366760 397649 1 98699 471918 355737 640469 294997 499195 516274 441373 154987 565988 597792 442098 452838 292624 471302 548047 94507 592516 389058 602006 195138 260462 306461 251381 547276 398199 351351 350129 507168 442184 231667 218395 475984 749272 445878 440388 177800 601485 391152 140040 334108 503395 421726 81865 418158 265983 178511 413853 275079 633294 314926 59088 476791 431602 359659 524778 122099 658660 174897 303209 397315 716701 266324 277228 389666 250844 126965 545915
 490697 541872 414691 435802 325698 326713 238347 236941 400042 347491 217926 112174 688976 404086 490776 359981 373763 108403 509782 206209 397549 483636 674168 157416 581376 156235 211291 151071 274712 345532 473910 98699 1 477437 264943 560840 262141 402500 423974 363906 216420 506152 544792 428017 361835 312912 398092 485129 192446 495041 346770 511074 144650 282072 252234 288356 448580 492559 309933 442296 532236 365416 143355 317015 433575 656862 366040 448697 192081 504608 484469 194418 371771 426935 486785 20019 324223 167474 158651 446678 334798 557859 265999 151014 433422 480203 414615 578966 77276 564679 257333 241031 329603 628869 189219 302179 469481 334217 163589 636850
 965942 283616 330151 681781 501301 686971 628410 522848 422255 233893 663471 403538 727877 173354 41329 316442 367032 585409 160932 649071 874789 960681 680994 626358 118828 575842 641441 527792 482853 822316 808117 471918 477437 1 469815 524525 243985 730885 789330 409169 343009 962379 1008194 98733 745615 182550 837221 937706 501594 791926 821702 596892 350544 213640 723846 237383 706960 721663 240438 476815 109374 799451 585339 538747 230759 720838 425380 32987 647726 676881 725194 344329 801720 426248 303049 484754 522255 518672 632164 882194 280493 489826 739880 510135 235651 212366 812602 276711 553215 672422 606922 329616 783534 646743 643528 749020 790435 663421 345569 871382
 597166 657095 578522 697520 566226 590128 500925 493873 602752 244431 280196 175008 424472 493832 501726 188982 165782 323775 576850 452992 548801 607017 409503 298727 588642 418136 464484 151509 516960 509392 736990 355737 264943 469815 1 306907 237288 261702 324656 131082 401575 546077 600647 380250 290954 388028 411451 518185 449201 324578 467391 246474 199542 372265 373947 406561 245385 753921 229624 655806 564699 373124 232854 568201 301849 393565 124398 454677 430590 257775 746825 377855 610685 187910 624729 284943 68170 127475 374952 676356 484938 312674 394947 413070 298769 579087 666219 679278 310858 304213 522274 143871 383829 364252 280393 534569 733683 599153 339463 900807
 873862 790376 767677 976139 822950 887085 799160 770986 822553 326028 573829 454433 204405 635757 565670 247580 205946 630152 678091 757861 843482 889953 156649 603712 624972 716989 767852 457812 778481 808619 1034229 640469 560840 524525 306907 1 403262 445585 521206 199177 637061 794391 852566 428995 521718 550273 663457 765784 728194 441782 757330 140975 451619 551965 670835 595526 356620 1030821 350510 880764 633817 629125 537711 835632 294298 204159 195045 529159 736505 255072 1026048 617400 917307 138506 784169 580586 274258 433593 681786 983222 678776 41348 691921 699543 289474 710278 970911 794669 615343 193926 814062 345477 659086 123647 580167 841391 1028535 890770 584326 1182983
 734823 424760 369580 596448 429499 544146 466723 398763 419302 97483 423749 167119 584739 260764 270678 156106 199302 368568 339581 460374 653361 733356 550482 395366 361016 395681 459695 284807 389952 603197 684779 294997 262141 243985 237288 403262 1 493080 547922 223557 239623 721444 769045 172058 502257 158617 594359 696150 361951 561608 591525 422207 118979 152139 492025 194240 482088 647819 59828 477517 330155 556342 347501 449596 181534 565667 236642 223511 451002 475455 645667 223266 624436 269766 400456 275179 298469 274815 420557 702394 277890 383159 509702 348928 182674 345132 654615 443798 339032 495005 463364 93613 543564 508210 406368 559888 673311 534726 197063 802690
 454703 898059 797457 812510 726997 666518 582749 630979 798677 505526 240922 376226 441981 738680 761723 441598 405099 386192 829470 505690 461181 479004 461069 314755 849673 510016 526396 255781 676159 445115 800097 499195 402500 730885 261702 445585 493080 1 75778 360087 602864 354441 412961 641941 93906 632458 232700 326320 588634 95469 371613 313533 422559 611279 320376 638286 103707 868418 491150 843775 823094 206276 274066 713611 555630 399895 345827 714507 476379 219828 857204 578605 621763 390879 856541 417508 221190 247761 413416 663414 707565 472770 337393 542444 551980 823625 696049 925327 396626 309873 622739 402051 258136 425894 268266 547621 805379 691817 540915 996344
 392350 940794 831352 811431 741853 657525 578187 641014 823973 568934 232031 416630 508667 784684 818355 509518 475545 387977 879368 496205 413290 419596 531291 310946 907728 511648 518531 288106 691705 404724 784018 516274 423974 789330 324656 521206 547922 75778 1 431293 633834 283178 341463 703351 64710 679399 170680 255645 600773 126420 326157 388072 466497 656045 293274 679566 173001 866193 551634 865617 877667 152376 284792 723949 623632 466340 417582 771107 466535 289913 853924 610044 595522 464884 895226 436460 291585 285998 405802 629294 744134 548547 307095 553422 620174 868762 672925 970638 404169 379688 622159 459758 213327 497742 263078 524682 791663 686853 573704 986565
 727927 640905 592922 777384 627323 689092 601750 572092 637272 176712 411190 255707 362745 478435 446740 93050 46171 440734 542340 564823 679148 738085 332522 425402 524669 520095 573258 278005 581685 638645 836086 441373 363906 409169 131082 199177 223557 360087 431293 1 444799 672182 727803 311401 408494 380895 537302 643941 529126 399330 598383 199320 253264 375632 504263 417129 309414 832309 183960 694315 514411 499506 360298 638053 200865 342248 16355 402526 545208 267740 827284 423854 727162 63080 622291 383407 139754 254864 493985 796375 500598 193985 525181 500456 196680 560116 776901 654251 422834 273387 615255 149968 513943 288671 410353 652611 829911 691856 389134 984066
 682761 329856 198610 362226 190101 344087 288048 180961 201480 333999 434211 233144 805513 213701 339951 393427 431122 301804 319841 322606 575188 668886 777319 368971 420480 247674 310235 347730 153874 521295 470212 154987 216420 343009 401575 637061 239623 602864 633834 444799 1 716184 750404 338142 573794 161303 613655 696828 159059 690359 543255 632848 202497 132643 457373 106865 629911 411196 298707 254409 360645 581620 359294 213914 410617 781116 454403 310121 328708 659345 410396 24413 463538 499739 271259 210356 469653 355390 333418 543908 121010 620215 467415 174783 412907 276684 469824 370226 270351 699544 263928 294898 543019 733327 404920 418463 454667 322473 63086 566214
 140768 1045687 908510 760150 755639 591569 539978 647764 869715 772042 299069 559006 791420 909875 982942 733275 711217 415260 1014779 454678 231139 178184 814372 348888 1074810 507889 478477 437473 712827 260976 678421 565988 506152 962379 546077 794391 721444 354441 283178 672182 716184 1 58530 891969 272725 814752 134883 28647 620296 400307 192483 667023 612378 785287 259527 794440 455890 806570 744926 895761 1031639 172965 377982 722805 842764 749073 661422 937613 430476 572890 791210 696561 470745 717870 986780 507775 538168 450869 394721 468584 837027 817687 252409 575739 840269 986236 550771 1084289 445973 662786 592362 650716 179265 780163 321325 424954 694403 632699 669030 891542
 115612 1080250 939469 768172 777025 599890 555872 669834 895499 823003 345314 604734 849382 948792 1027400 786858 766166 448612 1054556 473070 227600 153633 872729 387624 1119172 531812 496181 486740 736334 267191 675443 597792 544792 1008194 600647 852566 769045 412961 341463 727803 750404 58530 1 940359 330848 856088 191124 86914 645396 457349 212028 725526 657665 826000 293598 832844 514282 812044 794854 918348 1074219 228359 422857 741852 895318 807035 717362 982618 451139 631275 796230 731769 468583 774476 1019516 544715 594867 501425 422239 456428 871410 875548 283040 602467 892949 1023317 546649 1120072 480382 721133 608487 701147 225579 838644 364830 431281 693128 642612 706090 887875
 906744 366133 379946 695872 516753 676795 608764 517725 460973 138348 595233 339025 631347 226686 138496 218432 268662 536065 249559 616341 823347 904766 585643 566998 213448 546539 612209 454542 489332 772420 807956 442098 428017 98733 380250 428995 172058 641941 703351 311401 338142 891969 940359 1 663135 183872 763262 866273 489260 698976 763262 498172 289207 206954 663886 244311 612626 740917 151853 518815 207188 724930 519472 548398 134773 623212 327683 100265 610682 578907 742246 332417 776205 327552 372121 438714 428918 442516 586403 855877 310221 395705 681363 488504 139561 288503 796713 366430 505275 573710 595204 245683 714786 550288 578363 716909 792776 659153 322519 894383
 363123 885197 771930 746953 677779 593917 513906 576523 761813 531971 167540 362195 534017 731332 772823 479542 450543 323270 828291 432488 367541 386162 550515 246309 863239 446950 454597 231553 627764 353143 722057 452838 361835 745615 290954 521718 502257 93906 64710 408494 573794 272725 330848 663135 1 627021 143348 244099 536501 176601 278205 396540 413607 602422 233857 623892 196546 801827 511416 802607 830156 113485 221174 659441 592792 492145 396242 725725 402828 310721 789658 550252 536742 449264 837705 373648 270354 232645 341661 574307 686000 545108 249223 489078 589678 814662 613054 916421 339705 400336 557581 417641 164493 513582 198432 464500 729118 622693 514563 923304
 803135 269068 217646 512645 333040 505315 445903 342093 284258 224815 517768 265491 739180 106427 184391 304514 352449 417612 202236 469393 705101 794471 702039 468728 271543 395355 460578 396809 307531 651755 630119 292624 312912 182550 388028 550273 158617 632458 679399 380895 161303 814752 856088 183872 627021 1 697632 792079 319233 708168 659499 580089 213415 32199 564886 60485 633101 557113 201036 343127 219433 661662 438317 365843 282511 721972 394536 149953 470040 633310 558635 161785 619617 422590 241856 316519 452595 394442 460393 700120 133170 525272 578910 328040 285948 191725 630223 293048 384830 653341 424837 248480 635897 661094 493533 568644 613641 483405 165667 710514
 222468 939717 810522 713885 679718 549300 482249 572575 782745 640317 181054 436031 674641 796561 859828 599128 576409 322407 899410 395251 249884 248922 693057 246682 951603 432911 419366 309576 633063 251875 659321 471302 398092 837221 411451 663457 594359 232700 170680 537302 613655 134883 191124 763262 143348 697632 1 106762 539047 296555 169537 539850 489704 669484 179269 682866 336363 765129 614507 815234 911415 38677 259903 652646 709350 632509 526589 813772 367118 452325 751099 592282 458339 583373 884676 403350 403745 320780 317178 479163 732863 685377 183115 492054 706749 875875 538802 975838 349245 542278 532178 519893 78151 656658 208887 395908 670941 585409 561372 869420
 156023 1025861 890431 753169 742247 584892 529797 634269 854079 745380 275099 534655 764183 888198 958827 705667 683168 397080 992659 443657 233551 191734 786607 328381 1050699 493922 467675 411741 698506 257958 676993 548047 485129 937706 518185 765784 696150 326320 255645 643941 696828 28647 86914 866273 244099 792079 106762 1 605416 374171 184206 638644 588159 762912 242128 773087 428101 800733 718676 881594 1008298 145104 354375 710591 815492 721842 633096 913288 418469 545097 785622 676778 469730 689379 967821 487550 509670 424570 379528 472466 817451 789042 236922 560197 812953 965323 550329 1063893 427151 635052 581887 624313 156223 752152 298598 420058 692100 625117 648435 890010
 562784 457165 304085 249228 142001 187561 130434 44828 250105 459348 374785 277457 872832 367615 498970 500650 527825 218419 470767 181931 446897 543202 853532 297182 578337 113828 164055 342897 94017 394199 323154 94507 192446 501594 449201 728194 361951 588634 600773 529126 159059 620296 645396 489260 536501 319233 539047 605416 1 682840 433386 695059 277521 289103 364591 265889 640447 305169 421033 276683 517163 513492 316709 125271 542807 842736 534710 468795 197148 695991 298959 158202 306454 590181 389330 174428 512308 359917 225889 386425 259695 718766 368499 47699 544241 419258 311011 502443 197157 752672 106120 385839 462199 808312 342810 268578 311372 172962 168623 455111
 516952 976165 882446 907967 820349 761589 678125 725500 888237 560728 335051 460036 394939 814575 825192 488230 445499 481660 900904 600558 539192 545214 424308 409905 910509 605460 621477 346038 769424 528521 894149 592516 495041 791926 324578 441782 561608 95469 126420 399330 690359 400307 457349 698976 176601 708168 296555 374171 682840 1 451336 301502 503087 689152 409968 718867 91114 963885 551686 934674 888969 278521 369286 807973 599973 352799 383595 778365 571158 190412 952669 665979 712656 416773 938048 510677 270059 335379 508376 750859 791186 474829 425747 636946 595879 899893 788135 1001008 491831 274987 718204 468408 337785 395871 363115 639535 899881 787210 627778 1091465
 144250 872457 729091 568972 565608 400695 347574 458144 683490 659010 187198 424417 803979 747066 836941 639087 629390 243481 853812 262774 90027 142959 813907 196293 927889 319786 286385 327051 524393 82418 497353 389058 346770 821702 467391 757330 591525 371613 326157 598383 543255 192483 212028 763262 278205 659499 169537 184206 433386 451336 1 650460 474419 628366 99780 630918 471753 616648 626471 706643 878910 174601 248860 531461 738626 762982 591513 793988 239649 580869 601619 525874 292387 654121 810232 343417 483675 347482 211489 309627 663956 771838 81980 390753 737052 818564 373348 913478 276154 668104 400023 537432 113841 773560 191697 236931 511074 441002 502962 709632
 756664 839519 790624 943766 807443 834568 745149 739590 830062 371224 475161 418551 177999 677535 636321 284800 233435 559895 737980 691416 739205 776098 168316 518903 707662 662491 705033 382519 759276 709805 980855 602006 511074 596892 246474 140975 422207 313533 388072 199320 632848 667023 725526 498172 396540 580089 539850 638644 695059 301502 650460 1 432544 573887 572141 614603 218737 1000065 382712 885918 704863 507903 454761 812322 371257 148746 185595 594283 666824 114233 993156 610443 842153 170717 821597 531033 189643 358987 607234 901580 697671 176828 592794 659524 366407 758645 903392 851415 551555 75597 768325 341405 545356 124835 487507 764975 978527 845090 573549 1147280
 618237 475623 381909 524563 375990 447639 364558 319634 403310 203284 313310 53673 607475 318201 370672 226026 250346 249818 414985 347628 534592 615607 582929 278141 462543 287970 349452 183986 329172 484254 592708 195138 144650 350544 199542 451619 118979 422559 466497 253264 202497 612378 657665 289207 413607 213415 489704 588159 277521 503087 474419 432544 1 189587 375375 215982 434976 579215 165405 456905 421928 452703 234830 384908 289635 581232 260313 325241 335867 457223 574471 179156 513037 313243 434986 159327 267710 181052 302268 589505 289216 441265 392455 253411 289695 402348 549395 504226 220818 497707 369776 108568 433281 538171 293000 445654 584181 444978 141396 731533
 771845 287095 217484 489194 310951 475832 414867 313550 273906 229581 489145 240242 736691 128922 216540 304611 350483 386099 229968 437294 673222 762854 701519 438445 303670 363344 428647 371373 282381 619827 602714 260462 282072 213640 372265 551965 152139 611279 656045 375632 132643 785287 826000 206954 602422 32199 669484 762912 289103 689152 628366 573887 189587 1 534246 44081 616236 535164 201479 332851 250857 633866 409779 341494 294651 717800 388484 181295 437845 621840 535974 131080 588134 420983 252801 285135 438188 370303 428453 668622 126813 528967 548000 296533 297708 212763 599898 314640 353296 646082 394996 236707 606691 659702 464317 536643 586821 455100 133498 689319
 242893 787182 648984 535742 503480 373235 303215 395732 612266 559347 97376 324909 733669 655639 740158 541093 533395 155835 761760 216422 174890 242587 738604 97494 831455 255324 240433 229395 458253 138099 492268 306461 252234 723846 373947 670835 492025 320376 293274 504263 457373 259527 293598 663886 233857 564886 179269 242128 364591 409968 99780 572141 375375 534246 1 539567 412539 587842 526700 641244 783951 162116 149645 474640 639344 693872 498341 696631 187978 513691 574211 438353 302887 561707 727492 251251 396644 250797 139481 343531 578358 682763 21112 318699 637839 729722 379675 826613 187046 597522 352917 437930 101149 696642 94158 231431 501321 407628 412537 698349
 773171 261333 176025 452257 272558 449848 394784 285484 229850 273652 501835 263106 778949 116174 233089 348031 393279 387451 222971 425365 670384 762052 744463 445766 314499 350519 414529 392363 247839 616612 571664 251381 288356 237383 406561 595526 194240 638286 679566 417129 106865 794440 832844 244311 623892 60485 682866 773087 265889 718867 630918 614603 215982 44081 539567 1 648592 496635 245166 288806 256263 648276 423174 305736 337994 759371 429583 204403 428848 659121 498160 113009 570013 463791 219301 288360 473464 393712 425866 650447 83655 572861 551985 279776 341145 193055 576421 293780 354767 686141 370311 275191 617141 702390 475330 522935 554694 426108 128122 650108
 558406 902097 816826 875809 773265 739140 652330 684437 830440 474289 324653 396869 338284 739097 741289 399454 355562 454399 821556 581106 561692 582483 358506 390813 825140 574885 599998 297600 722342 542507 877889 547276 448580 706960 245385 356620 482088 103707 173001 309414 629911 455890 514282 612626 196546 633101 336363 428101 640447 91114 471753 218737 434976 616236 412539 648592 1 932425 467623 879670 806153 309677 339250 765452 510264 296189 293508 694817 552675 117002 922391 605534 709084 325661 867709 466054 185167 282048 489269 755797 724159 387795 430971 596572 506093 824390 780435 924663 458734 206968 687774 388476 359197 324786 347730 633267 881030 760302 566836 1067083
