NAME : domp70p35v7
COMMENT : Cherkesly, Contardo & Gruson 2022
TYPE : DOMP
DIMENSION : 70
DISPLAY_DATA_TYPE : NO_DISPLAY
OPEN_FACILITIES : 35
COST_SECTION
 1 666560 612069 571139 360100 400810 349759 288606 513469 90327 547892 545809 571611 460790 90839 723406 292966 238765 350356 457226 606311 534534 495961 171265 557493 330913 793963 478441 305311 436606 139753 500485 592743 538406 198192 249459 652694 173115 275361 471091 362137 284537 277293 238067 556970 349015 696685 318681 343097 611926 380791 396807 319645 515367 666482 479564 592269 688894 604450 506272 619697 682379 614221 259546 129889 114998 354977 621045 696881 357472
 666560 1 1022363 1073296 1007285 705090 677164 398922 921108 722701 1011735 1062307 589670 928079 756588 788318 374628 905250 729942 306356 1108114 1128158 1124386 550257 1000735 344664 942745 924730 923149 739750 549460 569625 1184815 184317 533461 585048 537650 838888 413731 1051136 432588 585458 469314 822250 1103615 840121 680091 969325 991330 999801 860122 539118 955556 208003 674964 1012334 1224377 1296086 828188 1082267 737726 1000703 1251581 803131 755501 776497 587078 1243329 689067 648603
 612069 1022363 1 149465 748418 317842 352606 805900 107037 671972 90848 173659 500176 154458 606240 438173 733520 585149 957626 969297 157807 338720 429982 762290 63888 812150 364793 1047156 399960 282751 718808 479351 354916 838844 557902 856619 614339 606557 662406 297222 592955 891872 582031 787541 234574 923261 520358 484903 476324 35171 953425 483595 758328 978073 494532 208944 480377 449234 262752 290401 382898 135961 512059 830485 495301 554979 961808 459425 511524 377260
 571139 1073296 149465 1 638719 380841 398224 806104 180948 614105 77703 31954 603990 145468 543827 575012 749094 489616 899483 977131 36391 191052 287061 735653 106173 822683 513509 964543 304801 357461 695393 569287 205730 894254 567472 820592 722196 525308 683606 162913 641347 855626 610804 709915 85318 846852 645631 374700 360884 182026 875277 547674 657314 1000612 617154 96083 331191 304689 392726 147513 506870 285323 362689 757020 443411 490926 926031 310086 637680 428836
 360100 1007285 748418 638719 1 675248 634687 609865 683568 286657 660402 606797 895633 603856 273485 1008761 643472 175787 411762 751224 662985 495243 401723 459632 684547 662706 1037112 370572 349530 697945 457984 826295 536286 894759 552169 459747 991318 201416 634795 480015 717540 479430 633888 206812 578292 295090 1009340 264936 277897 764828 310024 730146 59044 830799 977176 548118 456033 580609 852695 506222 906013 862537 458748 249937 347743 284935 527648 499538 1007284 655285
 400810 705090 317842 380841 675248 1 52337 514274 216289 484823 311728 377172 250726 238126 439968 334440 429796 500773 744030 666532 413014 490141 531940 508381 297282 510444 393440 878442 374180 41864 463467 198346 537225 522188 270975 610946 367150 482674 356405 413640 275221 644448 273123 628055 430616 748858 341441 464744 472985 297574 780665 168496 659710 665779 308818 343912 621541 651713 205060 434953 230943 323017 654228 657439 334467 403647 710114 623080 337770 62806
 349759 677164 352606 398224 634687 52337 1 466205 247204 434806 334577 390486 272325 252838 392355 379600 384983 461831 691867 621917 432213 488213 520188 456276 324333 465125 445232 827890 349373 92660 411337 210910 538612 496513 220664 558732 383584 439083 312320 410132 244597 592308 230302 579146 439100 698333 375691 436262 446790 335780 730139 153514 616411 625846 343269 349354 613422 653471 257315 434736 275383 370291 645471 607357 290019 358428 658189 618705 373118 32521
 288606 398922 805900 806104 609865 514274 466205 1 699075 328909 763774 786280 559894 672826 372968 758466 102767 522866 365763 173798 842488 807228 779855 151338 763971 57289 875482 558057 582382 556129 155551 499411 865848 320153 248440 203401 590766 453138 169203 736974 298630 217094 249323 423777 811165 455746 689219 606632 630735 794915 479863 406299 557140 227506 666856 724754 877810 968240 704689 771407 667997 836468 901006 407619 402893 403566 252757 904250 693667 452357
 513469 921108 107037 180948 683568 216289 247204 699075 1 578556 104060 188668 423808 83402 515673 403825 626566 513167 861975 862265 207392 339722 414056 658922 82809 705122 371258 961609 335407 185275 615020 392744 372087 738447 450953 754890 541647 525290 555633 278183 489820 790045 475674 701566 251456 835453 466556 427374 423743 98908 866241 384364 686745 871752 437409 187419 483354 479879 219699 284372 328221 180175 516513 742053 402652 466148 859616 471792 458955 273315
 90327 722701 671972 614105 286657 484823 434806 328909 578556 1 600768 586328 661903 518013 71353 811202 356838 202955 286663 484239 647753 549740 495238 184927 614005 379153 876458 394057 324252 518842 173907 590777 606143 608674 286819 226661 742515 131805 352118 495204 448872 258366 363869 147825 588212 264571 786676 310468 335591 675437 296330 487130 239878 554802 756330 519244 585725 692596 686401 529978 707211 752680 603676 172617 176676 123745 325547 619284 786753 444665
 547892 1011735 90848 77703 660402 311728 334577 763774 104060 600768 1 91530 527835 90992 532775 498524 699852 500185 887418 932037 103566 254292 341431 705850 31468 775896 444386 967627 313812 285113 663753 495397 277944 830776 519574 796024 645706 526123 631711 207227 579153 831299 555461 709159 155502 845715 567936 396048 386576 116640 875311 479988 672448 949437 539458 118106 397881 381040 315609 203061 429183 222733 430333 753777 425212 480486 901683 380902 560001 363733
 545809 1062307 173659 31954 606797 377172 390486 786280 188668 586328 91530 1 607444 139078 515737 589150 732213 458417 871078 958129 61484 165094 258120 711763 122633 804603 534826 933780 274221 356887 672137 569422 186444 884711 550537 795109 726134 495212 668092 131422 631510 830034 597200 679801 64032 816681 655224 342884 328947 204320 844931 541961 625646 984193 626013 67086 307566 291374 405633 118108 516833 309400 339707 727224 417265 462858 900364 289453 647603 421843
 571611 589670 500176 603990 895633 250726 272325 559894 423808 661903 527835 607444 1 472866 635894 208113 457558 727107 874828 664604 631174 736020 782384 618604 504905 530353 354337 1038372 621133 255526 578644 71127 779760 412987 383778 718963 118911 695415 393782 661190 261444 746905 327391 809675 666400 911899 131043 708577 718975 469186 942942 175825 870886 627107 106965 585221 870647 892871 255685 679985 149253 436558 903550 827823 547944 612074 801155 869996 134369 245348
 460790 928079 154458 145468 603856 238126 252838 672826 83402 518013 90992 139078 472866 1 451858 478236 609868 435862 804096 841371 180039 268401 334912 616223 96708 685436 454289 893184 254560 219352 573774 431713 307760 748795 429149 707720 591777 453328 542459 200675 495945 743013 467566 633388 194093 768915 531135 345214 340825 163231 799158 403231 609603 860131 500541 114380 409811 420105 295331 211986 395188 258805 443134 676070 341434 400523 813286 402514 524341 283680
 90839 756588 606240 543827 273485 439968 392355 372968 515673 71353 532775 515737 635894 451858 1 771809 383585 150068 355814 536752 577201 479277 427966 240207 547163 418352 826968 448090 253007 471002 218730 565185 536027 629002 278820 295029 724708 82396 365177 423915 444218 327713 360409 190214 516892 320358 756423 244509 269605 611315 351520 464711 238254 600472 725168 448659 520560 624600 636961 458727 667543 692151 540016 226819 113717 52902 395788 552658 755624 406458
 723406 788318 438173 575012 1008761 334440 379600 758466 403825 811202 498524 589150 208113 478236 771809 1 657583 833573 1050986 871429 592453 743428 812673 799690 468859 733218 160557 1200973 691118 311321 757034 259506 774907 616949 555895 902479 258840 817099 589716 678878 461109 932748 515276 957249 653030 1071965 116495 785247 789401 403046 1103651 355242 994146 835206 113655 590155 886720 879504 184130 687767 104269 328302 919958 982874 668656 737584 991347 875542 106109 366613
 292966 374628 733520 749094 643472 429796 384983 102767 626566 356838 699852 732213 457558 609868 383585 657583 1 531172 454353 236948 785343 772561 757960 210721 696645 80875 778366 641429 556727 471254 192036 398163 830654 253383 181694 289833 488853 465975 73721 698390 196748 309722 157416 476063 763741 530267 586596 596393 618976 719459 557002 308205 595667 252200 564516 674384 857639 938076 612281 731598 569030 752710 883425 469589 383502 401871 352639 879797 591136 367031
 238765 905250 585149 489616 175787 500773 461831 522866 513167 202955 500185 458417 727107 435862 150068 833573 531172 1 443729 684784 518086 378919 306659 386135 521776 568363 861996 476636 186670 522499 368080 658993 430491 771977 407088 425533 827255 71250 506539 342296 569371 454751 489288 231853 441825 365313 837397 126171 149019 598646 391408 566900 173754 750362 805040 394816 389838 503720 677011 373795 731180 693124 404978 282790 182292 132879 517849 426652 834942 484017
 350356 729942 957626 899483 411762 744030 691867 365763 861975 286663 887418 871078 874828 804096 355814 1050986 454353 443729 1 428335 932561 819429 750258 257111 900335 420790 1136741 195460 602830 782063 296211 806166 872934 684357 495449 164527 930478 385532 494839 772769 623937 149547 548255 217768 868861 131504 1005443 568444 592236 959770 139310 701777 353818 524924 978261 804053 829480 946659 949070 806694 949988 1032648 840813 166989 462723 408679 148373 868366 1007676 693953
 457226 306356 969297 977131 751224 666532 621917 173798 862265 484239 932037 958129 664604 841371 536752 871429 236948 684784 428335 1 1013517 980910 951710 299318 930493 157176 1002981 621387 755425 707862 318673 614352 1039536 317786 412721 298604 667322 613835 310128 910770 416858 290863 393564 551320 984361 545921 786617 775858 800321 955970 562913 535785 694944 98380 769311 897365 1049002 1141359 844511 945188 790785 989252 1071393 522961 575695 571885 282442 1076428 792816 603734
 606311 1108114 157807 36391 662985 413014 432213 842488 207392 647753 103566 61484 631174 180039 577201 592453 785343 518086 932561 1013517 1 197775 298203 771392 127393 859034 521906 994043 334947 387997 731307 598848 201883 928587 603747 855719 748832 556226 719670 183503 675897 890703 646500 740765 91863 877585 667561 400489 385250 192411 905681 580561 683777 1036785 639824 128544 331710 291478 412230 162278 528804 290809 361893 788383 478150 524317 961075 306260 659311 462467
 534534 1128158 338720 191052 495243 490141 488213 807228 339722 549740 254292 165094 736020 268401 479277 743428 772561 378919 819429 980910 197775 1 102918 705772 285759 836068 698666 849252 229339 480499 672338 688439 58629 959833 596844 773660 854532 434011 717948 78604 710604 806824 659430 610741 106826 743553 799521 252751 230720 369227 768611 640975 526186 1022179 768835 154165 144105 168359 559353 56470 663404 474491 177034 661492 407419 430016 875055 134367 792742 520723
 495961 1124386 429982 287061 401723 531940 520188 779855 414056 495238 341431 258120 782384 334912 427966 812673 757960 306659 750258 951710 298203 102918 1 664533 372373 814579 782035 763657 201466 529832 635714 728467 134746 964299 591272 721875 899036 369918 710708 136275 722490 753419 661784 536007 206348 664443 858253 185143 160204 458053 687627 668104 437692 1001778 826580 228188 99991 197818 630230 140026 725930 564135 128519 587479 377545 383858 819373 125143 852326 551962
 171265 550257 762290 735653 459632 508381 456276 151338 658922 184927 705850 711763 618604 616223 240207 799690 210721 386135 257111 299318 771392 705772 664533 1 712045 206642 895299 434765 476495 548786 44992 550646 763936 459859 244892 103420 673755 314987 239760 642028 367020 136112 291465 273064 726311 319934 749466 483519 508452 757717 347332 447091 406168 372066 722865 646402 759209 858980 711763 677188 700680 816590 779598 260611 300207 280692 202628 789657 752001 452795
 557493 1000735 63888 106173 684547 297282 324333 763971 82809 614005 31468 122633 504905 96708 547163 468859 696645 521776 900335 930493 127393 285759 372373 712045 1 773793 412920 985725 336266 267763 669277 475405 308864 818743 517792 804203 622113 544612 627255 237626 568557 839496 549295 726485 186448 862605 540617 421037 412634 86130 892542 465740 694780 944656 512624 147346 429332 410712 286657 234364 401817 192082 461761 770146 437612 495387 909724 412086 532492 352143
 330913 344664 812150 822683 662706 510444 465125 57289 705122 379153 775896 804603 530353 685436 418352 733218 80875 568363 420790 157176 859034 836068 814579 206642 773793 1 857222 614030 614872 551965 205334 473802 894530 263842 256322 259748 551710 499770 154595 763708 272421 271455 238290 479657 833340 512918 657576 645736 669315 798820 536832 387236 610926 187201 637004 745114 913467 999510 692792 797585 646878 833419 937805 464554 437140 444884 301214 938063 662687 447715
 793963 942745 364793 513509 1037112 393440 445232 875482 371258 876458 444386 534826 354337 454289 826968 160557 778366 861996 1136741 1002981 521906 698666 782035 895299 412920 857222 1 1270509 697664 357669 850927 390612 719238 767323 651322 998661 418933 858641 706800 645806 586444 1031062 626553 1016890 597747 1140982 276977 791950 791003 331486 1172762 470168 1031479 975396 272352 553859 842193 813176 190145 646501 212861 232031 874500 1048823 716234 785567 1094048 823479 266631 443425
 478441 924730 1047156 964543 370572 878442 827890 558057 961609 394057 967627 933780 1038372 893184 448090 1200973 641429 476636 195460 621387 994043 849252 763657 434765 985725 614030 1270509 1 659761 912874 467116 968000 896027 877872 654595 354721 1104249 441517 674215 818671 798051 344180 717704 260072 918335 129585 1167115 599702 619635 1055267 97780 862778 326491 718780 1138208 868874 825517 949427 1080457 849486 1097621 1139510 829225 222081 561746 495731 339033 868444 1168292 835794
 305311 923149 399960 304801 349530 374180 349373 582382 335407 324252 313812 274221 621133 254560 253007 691118 556727 186670 602830 755425 334947 229339 201466 476495 336266 614872 697664 659761 1 384374 443685 560013 287442 765010 390487 545540 732779 221551 509422 170994 527774 579142 462942 405913 266055 542664 714723 94769 99043 415382 570749 486375 358684 801985 682154 209153 301396 385935 520672 205727 593710 513363 328498 453985 179802 202094 648050 323375 710466 378621
 436606 739750 282751 357461 697945 41864 92660 556129 185275 518842 285113 356887 255526 219352 471002 311321 471254 522499 782063 707862 387997 480499 529832 548786 267763 551965 357669 912874 384374 1 503825 212550 524659 556107 312606 651067 374150 509120 397767 405978 312572 684763 314329 660284 413440 783331 331806 477185 483383 260440 815116 200845 685292 705731 299465 330146 615970 638252 167852 424466 210445 281458 649011 691297 362644 432173 750809 614524 326970 104266
 139753 549460 718808 695393 457984 463467 411337 155551 615020 173907 663753 672137 578644 573774 218730 757034 192036 368080 296211 318673 731307 672338 635714 44992 669277 205334 850927 467116 443685 503825 1 509985 730761 445166 201418 147802 637780 297921 208764 606626 331145 180981 252674 284028 688732 347530 709233 457585 482203 713739 376413 405780 407415 382650 682124 607312 731894 828303 667009 641693 657439 771809 753522 279444 265095 253550 247564 760793 711490 408145
 500485 569625 479351 569287 826295 198346 210910 499411 392744 590777 495397 569422 71127 431713 565185 259506 398163 658993 806166 614352 598848 688439 728467 550646 475405 473802 390612 968000 560013 212550 509985 1 734934 387345 313498 651822 172768 625682 331227 611972 201604 680502 260535 738550 625706 841254 199516 645333 656846 451073 872361 105226 800687 584875 172220 540941 819387 849148 258745 633117 177769 434678 851934 756859 478862 542217 736382 821418 201512 181525
 592743 1184815 354916 205730 536286 537225 538612 865848 372087 606143 277944 186444 779760 307760 536027 774907 830654 430491 872934 1039536 201883 58629 134746 763936 308864 894530 719238 896027 287442 524659 730761 734934 1 1015313 654316 830767 898601 488133 775420 133688 765091 863724 715746 662166 122444 793446 837032 304682 281491 387756 817695 691945 570917 1080531 807011 194548 131710 114862 591011 104285 699509 490383 160472 713254 465926 487328 931648 104640 829818 571118
 538406 184317 838844 894254 894759 522188 496513 320153 738447 608674 830776 884711 412987 748795 629002 616949 253383 771977 684357 317786 928587 959833 964299 459859 818743 263842 767323 877872 765010 556107 445166 387345 1015313 1 376160 523465 378060 710661 265526 881862 253211 534850 302532 729064 928604 774953 514432 820588 840987 815858 799716 355296 848232 244301 505174 837358 1063937 1128190 645262 911713 558870 816653 1092586 720419 607721 639593 558500 1079739 522598 467063
 198192 533461 557902 567472 552169 270975 220664 248440 450953 286819 519574 550537 383778 429149 278820 555895 181694 407088 495449 412721 603747 596844 591272 244892 517792 256322 651322 654595 390487 312606 201418 313498 654316 376160 1 348258 456591 354201 121109 521094 165399 380012 82385 432368 582941 528375 512862 444748 464882 546487 559296 208287 515788 433701 484530 493145 691238 764008 470304 553528 456021 590237 718926 446044 233407 274915 442845 709889 514382 211614
 249459 585048 856619 820592 459747 610946 558732 203401 754890 226661 796024 795109 718963 707720 295029 902479 289833 425533 164527 298604 855719 773660 721875 103420 804203 259748 998661 354721 545540 651067 147802 651822 830767 523465 348258 1 769096 355795 332619 715186 463617 35294 391607 255229 804294 255808 849983 537118 562235 853797 278002 549002 401853 387976 823949 728689 812075 919117 814753 750299 803855 916136 829360 224379 378131 343697 105678 845931 852819 555944
 652694 537650 614339 722196 991318 367150 383584 590766 541647 742515 645706 726134 118911 591777 724708 258840 488853 827255 930478 667322 748832 854532 899036 673755 622113 551710 418933 1104249 732779 374150 637780 172768 898601 378060 456591 769096 1 789959 436511 779342 306813 793663 386809 888876 785273 981116 144509 817819 829552 582335 1011301 261176 962422 613728 147151 704055 988343 1011773 360845 798584 242777 540338 1021143 901803 645675 706392 841142 988373 154237 354260
 173115 838888 606557 525308 201416 482674 439083 453138 525290 131805 526123 495212 695415 453328 82396 817099 465975 71250 385532 613835 556226 434011 369918 314987 544612 499770 858641 441517 221551 509120 297921 625682 488133 710661 354201 355795 789959 1 446165 388706 518983 385786 436494 184609 486420 321551 811320 185155 209817 616273 350221 528802 177330 680518 779415 429262 457026 567721 670358 422085 713354 705055 473625 232463 149182 83596 450227 492291 809697 457590
 275361 413731 662406 683606 634795 356405 312320 169203 555633 352118 631711 668092 393782 542459 365177 589716 73721 506539 494839 310128 719670 717948 710708 239760 627255 154595 706800 674215 509422 397767 208764 331227 775420 265526 121109 332619 436511 446165 1 642163 133007 357437 83701 484986 702594 556243 524215 558152 579431 647519 584895 237151 591454 317730 500511 612286 810696 885037 538951 674493 498802 679199 837853 486312 344306 374073 408122 830240 528085 293609
 471091 1051136 297222 162913 480015 413640 410132 736974 278183 495204 207227 131422 661190 200675 423915 678878 698390 342296 772769 910770 183503 78604 136275 642028 237626 763708 645806 818671 170994 405978 606626 611972 133688 881862 521094 715186 779342 388706 642163 1 632202 749110 582061 570988 99775 706578 729316 220022 202966 323692 733375 562648 502970 949039 698148 91953 210668 246595 495646 35189 594840 429708 243925 620438 341894 372583 818358 209454 722922 442620
 362137 432588 592955 641347 717540 275221 244597 298630 489820 448872 579153 631510 261444 495945 444218 461109 196748 569371 623937 416858 675897 710604 722490 367020 568557 272421 586444 798051 527774 312572 331145 201604 765091 253211 165399 463617 306813 518983 133007 632202 1 489587 85007 591427 675734 676213 391467 594344 612193 572574 705986 120576 680909 398848 368366 584567 821087 878795 430564 661058 374976 587015 850971 599871 390691 438461 541128 833908 395544 216572
 284537 585458 891872 855626 479430 644448 592308 217094 790045 258366 831299 830034 746905 743013 327713 932748 309722 454751 149547 290863 890703 806824 753419 136112 839496 271455 1031062 344180 579142 684763 180981 680502 863724 534850 380012 35294 793663 385786 357437 749110 489587 1 419980 273043 838719 255692 877943 568420 593496 888952 274676 578467 420888 383997 852407 763551 842675 950909 847862 784190 834828 950834 859339 237138 412926 377113 70457 877116 881027 588853
 277293 469314 582031 610804 633888 273123 230302 249323 475674 363869 555461 597200 327391 467566 360409 515276 157416 489288 548255 393564 646500 659430 661784 291465 549295 238290 626553 717704 462942 314329 252674 260535 715746 302532 82385 391607 386809 436494 83701 582061 85007 419980 1 506774 635538 594334 458389 522722 541973 566047 624494 160073 596404 396081 432462 544444 761405 827624 456036 612983 421058 595689 790109 516287 313843 357267 476418 777522 461227 210323
 238067 822250 787541 709915 206812 628055 579146 423777 701566 147825 709159 679801 809675 633388 190214 957249 476063 231853 217768 551320 740765 610741 536007 273064 726485 479657 1016890 260072 405913 660284 284028 738550 662166 729064 432368 255229 888876 184609 484986 570988 591427 273043 506774 1 669594 136972 934458 358015 380701 795257 166153 634727 147994 635726 904048 613865 612530 731051 826801 603579 853085 879707 623246 51560 303110 236006 321328 652065 934481 590672
 556970 1103615 234574 85318 578292 430616 439100 811165 251456 588212 155502 64032 666400 194093 516892 653030 763741 441825 868861 984361 91863 106826 206348 726311 186448 833340 597747 918335 266055 413440 688732 625706 122444 928604 582941 804294 785273 486420 702594 99775 675734 838719 635538 669594 1 805551 717754 319758 302250 266523 832603 592134 602480 1015875 688238 91307 245884 228592 469370 72523 579625 370514 277487 718655 427092 464663 908552 225874 710278 471139
 349015 840121 923261 846852 295090 748858 698333 455746 835453 264571 845715 816681 911899 768915 320358 1071965 530267 365313 131504 545921 877585 743553 664443 319934 862605 512918 1140982 129585 542664 783331 347530 841254 793446 774953 528375 255808 981116 321551 556243 706578 676213 255692 594334 136972 805551 1 1039972 491098 512853 930126 31808 736109 240561 639688 1010735 750812 735157 856479 950953 738727 968474 1012481 742844 93540 434055 369346 274843 776345 1040917 706457
 696685 680091 520358 645631 1009340 341441 375691 689219 466556 786676 567936 655224 131043 531135 756423 116495 586596 837397 1005443 786617 667561 799521 858253 749466 540617 657576 276977 1167115 714723 331806 709233 199516 837032 514432 512862 849983 144509 811320 524215 729316 391467 877943 458389 934458 717754 1039972 1 806075 813726 486104 1071194 304604 988174 742059 32624 645485 939864 946322 257623 743079 138803 426002 973165 954599 662395 728835 931942 933632 10498 354072
 318681 969325 484903 374700 264936 464744 436262 606632 427374 310468 396048 342884 708577 345214 244509 785247 596393 126171 568444 775858 400489 252751 185143 483519 421037 645736 791950 599702 94769 477185 457585 645333 304682 820588 444748 537118 817819 185155 558152 220022 594344 568420 522722 358015 319758 491098 806075 1 25140 503016 516660 565712 283365 832098 773461 283206 276053 382916 615439 249893 687128 603434 296157 408867 213985 204040 634231 308817 802134 463984
 343097 991330 476324 360884 277897 472985 446790 630735 423743 335591 386576 328947 718975 340825 269605 789401 618976 149019 592236 800321 385250 230720 160204 508452 412634 669315 791003 619635 99043 483383 482203 656846 281491 840987 464882 562235 829552 209817 579431 202966 612193 593496 541973 380701 302250 512853 813726 25140 1 495885 537929 579714 300295 855867 781150 271591 250976 358015 617150 231285 692518 597723 271368 431764 235841 228667 659213 283697 809497 475323
 611926 999801 35171 182026 764828 297574 335780 794915 98908 675437 116640 204320 469186 163231 611315 403046 719459 598646 959770 955970 192411 369227 458053 757717 86130 798820 331486 1055267 415382 260440 713739 451073 387756 815858 546487 853797 582335 616273 647519 323692 572574 888952 566047 795257 266523 930126 486104 503016 495885 1 960639 460685 772304 961514 460636 233411 511822 483625 228498 319315 349069 106093 543802 836953 499015 560923 958515 492057 477183 358536
 380791 860122 953425 875277 310024 780665 730139 479863 866241 296330 875311 844931 942942 799158 351520 1103651 557002 391408 139310 562913 905681 768611 687627 347332 892542 536832 1172762 97780 570749 815116 376413 872361 817695 799716 559296 278002 1011301 350221 584895 733375 705986 274676 624494 166153 832603 31808 1071194 516660 537929 960639 1 767185 258022 657904 1042040 779302 756022 878184 982725 765177 1000192 1043531 762646 124840 465236 400094 286850 797734 1072198 738217
 396807 539118 483595 547674 730146 168496 153514 406299 384364 487130 479988 541961 175825 403231 464711 355242 308205 566900 701777 535785 580561 640975 668104 447091 465740 387236 470168 862778 486375 200845 405780 105226 691945 355296 208287 549002 261176 528802 237151 562648 120576 578467 160073 634727 592134 736109 304604 565712 579714 460685 767185 1 701826 519308 276614 502740 763292 806786 310030 587938 261764 468349 794856 652095 384916 445226 636187 770407 306284 121148
 319645 955556 758328 657314 59044 659710 616411 557140 686745 239878 672448 625646 870886 609603 238254 994146 595667 173754 353818 694944 683777 526186 437692 406168 694780 610926 1031479 326491 358684 685292 407415 800687 570917 848232 515788 401853 962422 177330 591454 502970 680909 420888 596404 147994 602480 240561 988174 283365 300295 772304 258022 701826 1 776006 956366 564109 499874 623276 844525 531531 890517 866781 505212 190992 326480 259353 468617 542395 986690 634723
 515367 208003 978073 1000612 830799 665779 625846 227506 871752 554802 949437 984193 627107 860131 600472 835206 252200 750362 524924 98380 1036785 1022179 1001778 372066 944656 187201 975396 718780 801985 705731 382650 584875 1080531 244301 433701 387976 613728 680518 317730 949039 398848 383997 396081 635726 1015875 639688 742059 832098 855867 961514 657904 519308 776006 1 728104 926584 1100636 1186265 828877 982598 762623 984450 1124851 610977 624319 630080 380167 1125230 749187 603589
 666482 674964 494532 617154 977176 308818 343269 666856 437409 756330 539458 626013 106965 500541 725168 113655 564516 805040 978261 769311 639824 768835 826580 722865 512624 637004 272352 1138208 682154 299465 682124 172220 807011 505174 484530 823949 147151 779415 500511 698148 368366 852407 432462 904048 688238 1010735 32624 773461 781150 460636 1042040 276614 956366 728104 1 614920 908766 916828 232407 712373 111647 405116 942052 924829 630415 697061 907454 903044 30470 321984
 479564 1012334 208944 96083 548118 343912 349354 724754 187419 519244 118106 67086 585221 114380 448659 590155 674384 394816 804053 897365 128544 154165 228188 646402 147346 745114 553859 868874 209153 330146 607312 540941 194548 837358 493145 728689 704055 429262 612286 91953 584567 763551 544444 613865 91307 750812 645485 283206 271591 233411 779302 502740 564109 926584 614920 1 296600 308253 406310 97895 509240 339085 329869 660938 350657 395776 833832 288148 638646 381601
 592269 1224377 480377 331191 456033 621541 613422 877810 483354 585725 397881 307566 870647 409811 520560 886720 857639 389838 829480 1049002 331710 144105 99991 759209 429332 913467 842193 825517 301396 615970 731894 819387 131710 1063937 691238 812075 988343 457026 810696 210668 821087 842675 761405 612530 245884 735157 939864 276053 250976 511822 756022 763292 499874 1100636 908766 296600 1 125062 702777 199000 804872 616337 33327 664026 476330 478822 907135 44755 933388 645562
 688894 1296086 449234 304689 580609 651713 653471 968240 479879 692596 381040 291374 892871 420105 624600 879504 938076 503720 946659 1141359 291478 168359 197818 858980 410712 999510 813176 949427 385935 638252 828303 849148 114862 1128190 764008 919117 1011773 567721 885037 246595 878795 950909 827624 731051 228592 856479 946322 382916 358015 483625 878184 806786 623276 1186265 916828 308253 125062 1 696572 218936 808099 581551 131161 782609 565703 578952 1017103 81072 938806 685977
 604450 828188 262752 392726 852695 205060 257315 704689 219699 686401 315609 405633 255685 295331 636961 184130 612281 677011 949070 844511 412230 559353 630230 711763 286657 692792 190145 1080457 520672 167852 667009 258745 591011 645262 470304 814753 360845 670358 538951 495646 430564 847862 456036 826801 469370 950953 257623 615439 617150 228498 982725 310030 844525 828877 232407 406310 702777 696572 1 503787 121237 180919 735989 858713 526669 596112 912506 691422 248775 259157
 506272 1082267 290401 147513 506222 434953 434736 771407 284372 529978 203061 118108 679985 211986 458727 687767 731598 373795 806694 945188 162278 56470 140026 677188 234364 797585 646501 849486 205727 424466 641693 633117 104285 911713 553528 750299 798584 422085 674493 35189 661058 784190 612983 603579 72523 738727 743079 249893 231285 319315 765177 587938 531531 982598 712373 97895 199000 218936 503787 1 607076 425240 232203 653326 377034 407539 853388 190811 736322 467254
 619697 737726 382898 506870 906013 230943 275383 667997 328221 707211 429183 516833 149253 395188 667543 104269 569030 731180 949988 790785 528804 663404 725930 700680 401817 646878 212861 1097621 593710 210445 657439 177769 699509 558870 456021 803855 242777 713354 498802 594840 374976 834828 421058 853085 579625 968474 138803 687128 692518 349069 1000192 261764 890517 762623 111647 509240 804872 808099 121237 607076 1 297946 838198 879060 564722 633537 895000 797167 130838 262549
 682379 1000703 135961 285323 862537 323017 370291 836468 180175 752680 222733 309400 436558 258805 692151 328302 752710 693124 1032648 989252 290809 474491 564135 816590 192082 833419 232031 1139510 513363 281458 771809 434678 490383 816653 590237 916136 540338 705055 679199 429708 587015 950834 595689 879707 370514 1012481 426002 603434 597723 106093 1043531 468349 866781 984450 405116 339085 616337 581551 180919 425240 297946 1 647989 918953 578527 643788 1019093 594986 416182 385706
 614221 1251581 512059 362689 458748 654228 645471 901006 516513 603676 430333 339707 903550 443134 540016 919958 883425 404978 840813 1071393 361893 177034 128519 779598 461761 937805 874500 829225 328498 649011 753522 851934 160472 1092586 718926 829360 1021143 473625 837853 243925 850971 859339 790109 623246 277487 742844 973165 296157 271368 543802 762646 794856 505212 1124851 942052 329869 33327 131161 735989 232203 838198 647989 1 674554 500960 500019 922825 60948 966699 677536
 259546 803131 830485 757020 249937 657439 607357 407619 742053 172617 753777 727224 827823 676070 226819 982874 469589 282790 166989 522961 788383 661492 587479 260611 770146 464554 1048823 222081 453985 691297 279444 756859 713254 720419 446044 224379 901803 232463 486312 620438 599871 237138 516287 51560 718655 93540 954599 408867 431764 836953 124840 652095 190992 610977 924829 660938 664026 782609 858713 653326 879060 918953 674554 1 340515 276050 278890 703616 955148 616624
 129889 755501 495301 443411 347743 334467 290019 402893 402652 176676 425212 417265 547944 341434 113717 668656 383502 182292 462723 575695 478150 407419 377545 300207 437612 437140 716234 561746 179802 362644 265095 478862 465926 607721 233407 378131 645675 149182 344306 341894 390691 412926 313843 303110 427092 434055 662395 213985 235841 499015 465236 384916 326480 624319 630415 350657 476330 565703 526669 377034 564722 578527 500960 340515 1 69546 483180 501520 660663 308492
 114998 776497 554979 490926 284935 403647 358428 403566 466148 123745 480486 462858 612074 400523 52902 737584 401871 132879 408679 571885 524317 430016 383858 280692 495387 444884 785567 495731 202094 432173 253550 542217 487328 639593 274915 343697 706392 83596 374073 372583 438461 377113 357267 236006 464663 369346 728835 204040 228667 560923 400094 445226 259353 630080 697061 395776 478822 578952 596112 407539 633537 643788 500019 276050 69546 1 445959 508972 727403 375644
 354977 587078 961808 926031 527648 710114 658189 252757 859616 325547 901683 900364 801155 813286 395788 991347 352639 517849 148373 282442 961075 875055 819373 202628 909724 301214 1094048 339033 648050 750809 247564 736382 931648 558500 442845 105678 841142 450227 408122 818358 541128 70457 476418 321328 908552 274843 931942 634231 659213 958515 286850 636187 468617 380167 907454 833832 907135 1017103 912506 853388 895000 1019093 922825 278890 483180 445959 1 942439 935520 653351
 621045 1243329 459425 310086 499538 623080 618705 904250 471792 619284 380902 289453 869996 402514 552658 875542 879797 426652 868366 1076428 306260 134367 125143 789657 412086 938063 823479 868444 323375 614524 760793 821418 104640 1079739 709889 845931 988373 492291 830240 209454 833908 877116 777522 652065 225874 776345 933632 308817 283697 492057 797734 770407 542395 1125230 903044 288148 44755 81072 691422 190811 797167 594986 60948 703616 501520 508972 942439 1 926770 651114
 696881 689067 511524 637680 1007284 337770 373118 693667 458955 786753 560001 647603 134369 524341 755624 106109 591136 834942 1007676 792816 659311 792742 852326 752001 532492 662687 266631 1168292 710466 326970 711490 201512 829818 522598 514382 852819 154237 809697 528085 722922 395544 881027 461227 934481 710278 1040917 10498 802134 809497 477183 1072198 306284 986690 749187 30470 638646 933388 938806 248775 736322 130838 416182 966699 955148 660663 727403 935520 926770 1 352193
 357472 648603 377260 428836 655285 62806 32521 452357 273315 444665 363733 421843 245348 283680 406458 366613 367031 484017 693953 603734 462467 520723 551962 452795 352143 447715 443425 835794 378621 104266 408145 181525 571118 467063 211614 555944 354260 457590 293609 442620 216572 588853 210323 590672 471139 706457 354072 463984 475323 358536 738217 121148 634723 603589 321984 381601 645562 685977 259157 467254 262549 385706 677536 616624 308492 375644 653351 651114 352193 1
LAMBDA_SECTION
1 818
2 937
3 412
4 680
5 663
6 750
7 589
8 47
9 508
10 392
11 692
12 481
13 568
14 958
15 18
16 92
17 828
18 807
19 837
20 696
21 222
22 16
23 711
24 816
25 308
26 886
27 703
28 344
29 630
30 185
31 892
32 962
33 146
34 898
35 930
36 910
37 704
38 821
39 832
40 69
41 320
42 259
43 753
44 760
45 833
46 7
47 373
48 344
49 868
50 830
51 95
52 902
53 353
54 958
55 581
56 708
57 113
58 849
59 31
60 586
61 52
62 190
63 412
64 264
65 147
66 606
67 212
68 431
69 341
70 593
