NAME : domp30p7v3
COMMENT : Cherkesly, Contardo & Gruson 2022
TYPE : DOMP
DIMENSION : 30
DISPLAY_DATA_TYPE : NO_DISPLAY
OPEN_FACILITIES : 7
COST_SECTION
 1 676654 646139 815702 529006 812115 519023 713175 307848 492527 460441 797375 828555 823653 969558 517655 907047 450153 150233 708869 857736 55149 558790 621483 322444 871159 410969 223269 150571 487048
 676654 1 736531 537429 259809 445618 422334 635572 457350 479486 565096 173621 402502 367807 294666 281870 260532 450085 686405 111606 192294 681888 118656 317689 562432 303202 317045 533584 826867 455927
 646139 736531 1 375980 822164 1129389 935074 170645 423323 268647 978252 710924 1106466 1079376 913749 830065 794737 314483 784876 667167 803616 698441 663369 431122 866470 675120 485970 752534 707345 292592
 815702 537429 375980 1 730188 981654 883483 205974 510952 326490 982130 433518 939918 904841 607984 746695 482815 365570 916397 433212 519097 854948 524831 252251 911247 347414 461196 820329 927869 329036
 529006 259809 822164 730188 1 318051 164468 769619 433649 554802 306115 432983 314300 301422 524067 22261 516944 507707 489699 359366 442864 515155 208300 479999 324012 559046 336250 332340 674895 531504
 812115 445618 1129389 981654 318051 1 299245 1058394 751641 860747 424914 590344 65823 103032 564250 317885 624966 816879 734194 555071 547357 785862 473576 747940 528767 722696 647255 592759 946717 836807
 519023 422334 935074 883483 164468 299245 1 903435 520716 675193 157192 595938 329114 336286 669710 143640 675401 624377 434955 523778 599148 489078 369493 631384 231380 723218 457167 296628 649045 653489
 713175 635572 170645 205974 769619 1058394 903435 1 436410 240479 972887 578508 1026971 996051 773722 781572 650880 293009 836321 549941 670434 760253 584831 317917 877920 523633 447323 772070 801765 257566
 307848 457350 423323 510952 433649 751641 520716 436410 1 198253 554940 533522 742986 723887 727769 435722 643210 148983 407626 451371 609355 344279 345136 317595 446715 583853 141216 336865 435496 186911
 492527 479486 268647 326490 554802 860747 675193 240479 198253 1 734890 487587 838464 812072 694319 563622 586695 52787 604228 426532 577243 534916 397084 209607 637486 491431 219736 531935 601385 24182
 460441 565096 978252 982130 306115 424914 157192 972887 554940 734890 1 737198 467252 480987 824311 283866 823054 682194 341706 659297 748592 417947 494283 731644 137997 859623 529829 248580 566720 715872
 797375 173621 710924 433518 432983 590344 595938 578508 533522 487587 737198 1 537802 499481 206803 454914 110380 475890 829525 89284 92722 811442 258152 283503 725677 133806 397020 683616 944117 467578
 828555 402502 1106466 939918 314300 65823 329114 1026971 742986 838464 467252 537802 1 39579 500825 318730 566085 796930 761062 509159 489493 806172 444568 712721 560470 668687 630180 613809 967619 814337
 823653 367807 1079376 904841 301422 103032 336286 996051 723887 812072 480987 499481 39579 1 461736 308473 526559 771783 762933 473043 450085 803732 416222 680559 566409 629922 607003 612624 965128 787903
 969558 294666 913749 607984 524067 564250 669710 773722 727769 694319 824311 206803 500825 461736 1 545834 125170 681318 980247 277478 119187 976294 410969 489738 844419 261502 587588 825964 1119254 674126
 517655 281870 830065 746695 22261 317885 143640 781572 435722 563622 283866 454914 318730 308473 545834 1 539198 515643 473369 380659 465112 501894 226984 495765 303696 580543 344238 316653 662288 540582
 907047 260532 794737 482815 516944 624966 675401 650880 643210 586695 823054 110380 566085 526559 125170 539198 1 579277 935500 198179 79332 920124 360913 378224 822458 136845 507315 787125 1054165 567987
 450153 450085 314483 365570 507707 816879 624377 293009 148983 52787 682194 475890 796930 771783 681318 515643 579277 1 556488 407888 562814 490317 359774 210866 584914 494127 171488 480027 565783 37929
 150233 686405 784876 916397 489699 734194 434955 836321 407626 604228 341706 829525 761062 762933 980247 473369 935500 556488 1 740400 876588 95520 575229 699014 209858 921082 475451 157926 225250 594399
 708869 111606 667167 433212 359366 555071 523778 549941 451371 426532 659297 89284 509159 473043 277478 380659 198179 407888 740400 1 158417 722329 171568 236615 640682 200366 312499 595287 856146 404776
 857736 192294 803616 519097 442864 547357 599148 670434 609355 577243 748592 92722 489493 450085 119187 465112 79332 562814 876588 158417 1 867126 302080 375414 753926 189546 469666 725143 1006646 556611
 55149 681888 698441 854948 515155 785862 489078 760253 344279 534916 417947 811442 806172 803732 976294 501894 920124 490317 95520 722329 867126 1 565700 651638 280614 892014 434653 193104 161467 527778
 558790 118656 663369 524831 208300 473576 369493 584831 345136 397084 494283 258152 444568 416222 410969 226984 360913 359774 575229 171568 302080 565700 1 278710 469209 368773 208248 426301 708786 372911
 621483 317689 431122 252251 479999 747940 631384 317917 317595 209607 731644 283503 712721 680559 489738 495765 378224 210866 699014 236615 375414 651638 278710 1 667910 283634 225068 585479 753087 192738
 322444 562432 866470 911247 324012 528767 231380 877920 446715 637486 137997 725677 560470 566409 844419 303696 822458 584914 209858 640682 753926 280614 469209 667910 1 836900 450212 117107 432688 620853
 871159 303202 675120 347414 559046 722696 723218 523633 583853 491431 859623 133806 668687 629922 261502 580543 136845 494127 921082 200366 189546 892014 368773 283634 836900 1 460443 783227 1012518 475936
 410969 317045 485970 461196 336250 647255 457167 447323 141216 219736 529829 397020 630180 607003 587588 344238 507315 171488 475451 312499 469666 434653 208248 225068 450212 460443 1 361479 552522 197159
 223269 533584 752534 820329 332340 592759 296628 772070 336865 531935 248580 683616 613809 612624 825964 316653 787125 480027 157926 595287 725143 193104 426301 585479 117107 783227 361479 1 354188 516970
 150571 826867 707345 927869 674895 946717 649045 801765 435496 601385 566720 944117 967619 965128 1119254 662288 1054165 565783 225250 856146 1006646 161467 708786 753087 432688 1012518 552522 354188 1 600394
 487048 455927 292592 329036 531504 836807 653489 257566 186911 24182 715872 467578 814337 787903 674126 540582 567987 37929 594399 404776 556611 527778 372911 192738 620853 475936 197159 516970 600394 1
LAMBDA_SECTION
1 920
2 104
3 132
4 72
5 990
6 473
7 279
8 868
9 104
10 229
11 909
12 513
13 996
14 287
15 295
16 508
17 950
18 394
19 534
20 701
21 975
22 561
23 578
24 801
25 685
26 522
27 159
28 664
29 528
30 919
