NAME : domp70p35v5
COMMENT : Cherkesly, Contardo & Gruson 2022
TYPE : DOMP
DIMENSION : 70
DISPLAY_DATA_TYPE : NO_DISPLAY
OPEN_FACILITIES : 35
COST_SECTION
 1 219516 398748 479784 352147 296351 782914 761378 790892 949081 717306 455839 876782 1065397 583578 499549 674777 505359 955724 574321 354074 322063 713546 493093 918851 412570 667448 648838 327368 183881 241446 305694 1052115 416768 1088630 621888 568479 834526 234060 671164 502451 549252 389529 570291 569578 851752 372082 555523 868543 812030 413233 621304 941968 665529 295364 558336 196886 436765 283300 495907 633409 900693 585909 448387 975528 324413 721378 502743 945748 313288
 219516 1 379879 556782 442153 176487 626664 551837 571447 800098 559048 321565 662256 926985 442748 367189 500830 419605 762173 553892 319354 109941 494084 431572 704857 223299 519031 621161 339877 298274 57703 410750 889525 435994 949672 427631 435137 615228 171863 560018 289448 334319 229551 557969 479424 701932 152567 423387 653708 598710 516137 577299 807827 455301 332419 469657 264477 412473 134102 548035 424124 681445 631502 266614 794144 120842 590844 291110 748707 143332
 398748 379879 1 238292 197768 218727 482562 619781 738410 619679 431327 218380 895029 714654 296014 230936 432774 152924 724498 179796 61117 455116 688182 112760 782115 575971 372088 252647 77920 577673 437463 217429 739043 80500 737622 451018 271871 800195 209794 316181 448893 490501 259171 180348 205485 531808 436419 261306 743910 684297 252715 222631 591902 546842 119350 194787 574756 38017 513903 200122 517883 826852 266763 621115 708321 346015 386149 588298 727019 284206
 479784 556782 238292 1 127637 431283 683616 856140 976396 792296 643048 456286 1129731 861689 518847 464658 658986 367525 941935 246490 284357 652092 924459 314353 1016970 774017 584610 299859 228115 659934 612442 175245 917457 157959 883143 687703 494042 1037808 392108 495813 683049 726280 492160 227311 397262 717374 649409 485498 980262 920984 83656 318973 747339 784993 225006 389724 676513 238302 685730 61660 756161 1065070 124334 818943 913150 558785 573773 806223 948004 499419
 352147 442153 197768 127637 1 339190 679271 804718 906376 809784 629049 404110 1047221 895740 493403 424365 628634 349688 921761 295800 218725 543027 847388 303960 969091 663482 569784 364914 147697 532620 495941 49471 931516 140110 918230 636643 469434 964981 287323 505500 604039 650151 416358 282122 396681 725310 549161 458635 928108 867971 74817 364080 775466 724877 124349 386814 548895 218114 567126 152617 694061 1001920 240322 707775 905880 460829 579109 706802 923587 405410
 296351 176487 218727 431283 339190 1 486967 497986 574102 654995 421049 161570 708201 775097 289440 206813 380296 243666 667835 383233 158247 237077 510675 255694 662350 357326 372245 447720 203194 439876 231056 325101 755952 287974 798201 341256 276550 630150 72537 392040 268409 316094 99140 389437 304695 557127 219852 263853 616148 556476 412647 401881 652873 407977 215054 294585 419302 246331 305896 408181 375527 675002 483316 402432 681379 128780 432359 375342 660778 68163
 782914 626664 482562 683616 679271 486967 1 321417 504758 174426 67624 327541 696994 306782 201621 285753 141379 329737 270112 453417 481230 611595 512426 376568 424127 679376 116823 441623 549125 919422 662049 699293 269385 544706 328380 252780 220806 566435 550524 192880 414029 407908 400987 474267 287050 78463 543943 233563 413405 373040 725123 391591 200802 332686 589317 295516 890590 461891 716156 625653 332935 534759 635490 710168 229535 510530 115760 602175 284739 486637
 761378 551837 619781 856140 804718 497986 321417 1 183936 445554 294455 402175 375890 575572 353905 391913 226497 497684 246424 676722 586220 482442 207393 551310 165225 492688 326987 694024 657133 841174 559767 805280 464411 698826 591732 168797 376947 245024 570014 455843 262736 221226 401222 695290 494655 381586 412111 381646 124149 65265 869345 635884 502665 96544 686634 496638 797431 618273 582723 809482 128068 224643 849446 506553 319147 437235 403748 382305 222124 454854
 790892 571447 738410 976396 906376 574102 504758 183936 1 626217 473213 523074 192253 753200 508605 526100 398228 638298 392270 824538 694480 476679 83019 689481 196203 440255 498388 851490 760514 831086 560490 897902 632074 818909 768057 310018 528890 65379 640440 625757 306035 258015 490030 841511 647814 565406 418954 530618 151702 147296 976474 792571 685716 201718 782961 647730 780800 744585 558877 936417 224869 111262 987457 437473 480008 477706 580939 320936 361992 515948
 949081 800098 619679 792296 809784 654995 174426 445554 626217 1 241770 493700 814288 135729 365716 449535 312336 469595 286714 547920 629464 785812 650495 507727 498868 850645 283167 513789 692386 1091041 836304 836288 125956 670451 155906 418693 380817 681777 715252 304403 584079 573331 572877 568267 414457 98313 717717 393809 505697 481710 845703 477229 77188 482445 733975 424963 1063515 592840 890524 731354 489416 629985 721848 879830 198216 684710 234754 768070 314830 659075
 717306 559048 431327 643048 629049 421049 67624 294455 473213 241770 1 263094 664685 372851 140505 223064 83610 280291 299173 423576 424544 544974 471242 330549 418946 615567 59309 422574 494174 852086 594549 646059 334943 498074 394770 196729 162144 536990 485821 171861 351962 349763 333748 444064 246759 144562 477957 174294 400056 352687 678921 368241 262228 287884 533392 253557 823014 414047 649218 587120 283039 516228 605398 647539 277362 442988 109617 542520 307423 419200
 455839 321565 218380 456286 404110 161570 327541 402175 523074 493700 263094 1 687626 613677 127991 45956 235098 131609 530475 315953 185516 344096 478383 173886 565629 447612 211625 361657 257517 600594 368215 409225 596925 298347 636753 233435 115448 586041 222985 239073 250315 284979 97567 329813 174089 396053 295472 103019 526173 466361 467285 305748 491792 328768 290795 167093 577515 221566 435879 413672 300409 608905 465974 489220 532193 224710 271819 421957 528117 178999
 876782 662256 895029 1129731 1047221 708201 696994 375890 192253 814288 664685 687626 1 938193 690572 697680 588091 810634 563414 998428 845375 555050 209774 859430 343040 478009 687364 1030996 906141 877923 635706 1032085 810226 974774 951873 493062 709219 132531 766887 813333 446695 404711 637573 1014225 826888 756809 515809 709497 316277 332587 1120087 972079 875960 385401 922902 825698 823660 906094 610979 1095092 402858 203766 1153220 456932 656341 593615 771663 374223 531845 643409
 1065397 926985 714654 861689 895740 775097 306782 575572 753200 135729 372851 613677 938193 1 486602 568290 446791 571137 388696 615382 732641 917808 782055 601988 611419 985423 407958 567716 790489 1214032 965441 927016 150897 755694 23267 554259 498574 806149 831482 400909 719151 709019 698069 634380 510742 228467 850632 511336 624788 606834 923200 542819 123988 617146 832479 521910 1188856 684051 1021832 800031 624856 747558 776395 1015108 292691 813796 344020 903774 419618 784622
 583578 442748 296014 518847 493403 289440 201621 353905 508605 365716 140505 127991 690572 486602 1 84378 140326 151362 428485 322898 284755 448882 483207 205012 505731 538498 84814 343132 355194 727459 485115 507842 470569 367479 509591 198626 24806 573933 350117 138927 297671 314980 213223 341680 140924 268175 389772 34786 474973 418777 547240 284323 365686 307071 393757 142755 702697 283177 547777 466610 287722 576206 498070 576234 416694 335337 148610 488766 431498 299527
 499549 367189 230936 464658 424365 206813 285753 391913 526100 449535 223064 45956 697680 568290 84378 1 205248 112965 500611 300765 209022 385934 487911 163394 552368 485769 169070 338590 281024 646283 413119 434161 554886 308163 591401 224397 69748 590303 265863 194527 271843 300950 140875 316652 140868 352302 333918 57155 515910 456983 483447 280813 446144 326993 317442 135930 623456 226477 479772 417643 301299 605888 462004 526352 496346 267665 225954 452347 500461 224295
 674777 500830 432774 658986 628634 380296 141379 226497 398228 312336 83610 235098 588091 446791 140326 205248 1 291632 295769 458560 414265 475582 390570 345338 368731 538640 100798 469803 486257 797787 531351 639407 389443 506480 467871 113275 165103 462965 449698 229516 272753 267335 285359 478068 275682 219505 406317 173539 341939 289057 685202 412403 341832 206639 522507 279476 765181 422444 581114 606932 199888 451108 636554 568911 301090 381477 184079 461104 295253 366607
 505359 419605 152924 367525 349688 243666 329737 497684 638298 469595 280291 131609 810634 571137 151362 112965 291632 1 576799 187869 161510 462300 600863 54028 654154 572394 221005 230049 222889 670780 472435 370153 587248 218038 594331 333124 126559 702732 278551 170289 380585 412441 220017 203711 64267 379769 421023 118546 620768 562947 398776 174474 447315 438171 264388 53130 656754 133811 545159 315502 413433 715498 352036 615230 556384 342071 235003 553083 581425 286892
 955724 762173 724498 941935 921761 667835 270112 246424 392270 286714 299173 530475 563414 388696 428485 500611 295769 576799 1 720434 709522 709436 442621 628459 225213 734419 357326 711677 781263 1059245 780339 934428 249127 794742 398586 335229 452722 435089 739266 461649 485074 452399 569455 741142 545912 277954 637299 463204 247506 248173 975189 660886 361836 328782 818049 552704 1019891 710385 813628 886281 352933 364686 902683 751038 96260 641884 385742 627382 31766 642510
 574321 553892 179796 246490 295800 383233 453417 676722 824538 547920 423576 315953 998428 615382 322898 300765 458560 187869 720434 1 236610 618848 788666 142458 827126 736220 369125 74792 246965 755420 610864 336761 673609 166765 636967 516677 299823 889284 387230 260764 566267 599742 392917 20890 182969 477827 589025 295865 797743 741661 310170 72567 500986 623474 281573 180157 754148 143362 686965 184889 599895 898020 182269 780633 680974 502614 339063 731040 730664 442047
 354074 319354 61117 284357 218725 158247 481230 586220 694480 629464 424544 185516 845375 732641 284755 209022 414265 161510 709522 236610 1 394151 640469 139523 750423 515205 366431 307307 72269 528693 376845 225189 744777 132086 755832 417967 262402 754971 150649 331758 398695 442213 207805 239139 223162 537457 377046 250382 709812 649740 283965 271264 608824 508041 109024 211820 522356 93564 453263 253584 477829 786707 325455 560383 701421 286284 394759 530335 709438 224616
 322063 109941 455116 652092 543027 237077 611595 482442 476679 785812 544974 344096 555050 917808 448882 385934 475582 462300 709436 618848 394151 1 396463 485492 625421 122234 514730 680602 428031 360698 83883 514909 863016 520189 939735 384249 447291 515679 260085 579445 224394 261326 246642 625922 515559 689493 72230 437293 573168 521851 617672 631331 803970 387328 427269 507224 315174 483407 106068 637304 358963 587788 716739 167435 753070 120372 596225 181967 692320 177485
 713546 494084 688182 924459 847388 510675 512426 207393 83019 650495 471242 478383 209774 782055 483207 487911 390570 600863 442621 788666 640469 396463 1 649739 268884 357254 486868 821976 703650 748851 480344 835759 671243 768333 798626 288069 501031 121940 574095 609943 243356 198263 433150 804454 617999 579936 341618 500797 219392 195487 919035 763118 703644 183956 723202 616531 698259 697852 476417 887911 196350 193519 944275 355206 523460 406339 574404 237919 414297 449234
 493093 431572 112760 314353 303960 255694 376568 551310 689481 507727 330549 173886 859430 601988 205012 163394 345338 54028 628459 142458 139523 485492 649739 1 708150 599937 271530 195701 188858 665211 486735 328564 628149 168194 624982 386021 180241 753610 276931 203690 424088 458509 251944 155930 93285 421487 450577 172525 674551 616573 348900 146393 479150 490166 230830 83016 655600 85847 561457 261622 464692 768307 299038 643759 604894 366794 275347 589520 633836 308050
 918851 704857 782115 1016970 969091 662350 424127 165225 196203 498868 418946 565629 343040 611419 505731 552368 368731 654154 225213 827126 750423 625421 268884 708150 1 613831 463673 837062 821651 986100 706426 970333 474339 860405 622517 332456 529870 221657 734090 589779 416484 370550 566163 846472 644163 463445 558486 536156 52628 107016 1032871 780368 569029 255602 851627 647490 939397 778686 719546 968528 288247 140599 1003800 618344 320955 594649 526458 495800 193500 616913
 412570 223299 575971 774017 663482 357326 679376 492688 440255 850645 615567 447612 478009 985423 538498 485769 538640 572394 734419 736220 515205 122234 357254 599937 613831 1 594414 795626 550264 401040 176944 633659 914722 642167 1006400 434042 540984 465556 382189 674534 266880 286018 352686 744225 621560 757805 152142 532432 561400 518408 737915 744450 877763 405729 549077 614097 347692 603211 133929 759526 383767 549790 838655 45259 791040 233631 681169 119439 713050 294413
 667448 519031 372088 584610 569784 372245 116823 326987 498388 283167 59309 211625 687364 407958 84814 169070 100798 221005 357326 369125 366431 514730 486868 271530 463673 594414 1 373506 435567 808021 558113 587140 385818 438859 430647 200803 104485 563309 434416 128857 337995 344009 290405 389346 189552 185019 450898 117064 440149 388819 619691 317395 290084 303385 475086 195737 781359 354783 616878 529201 292243 551447 550143 629135 336371 406684 91180 531176 364238 376884
 648838 621161 252647 299859 364914 447720 441623 694024 851490 513789 422574 361657 1030996 567716 343132 338590 469803 230049 711677 74792 307307 680602 821976 195701 837062 795626 373506 1 321555 829551 677554 407825 639599 240611 588377 541498 322643 916754 457281 251549 609741 639409 446638 83442 204137 453901 646150 321598 811734 757966 371279 58961 459424 649797 356363 205505 827402 215337 753195 239131 628870 917932 209398 839457 663137 562368 325935 782627 724949 503128
 327368 339877 77920 228115 147697 203194 549125 657133 760514 692386 494174 257517 906141 790489 355194 281024 486257 222889 781263 246965 72269 428031 703650 188858 821651 550264 435567 321555 1 509025 397238 153177 809938 97627 813537 489259 332270 819956 169113 390571 460558 505668 270860 243275 279987 602417 421598 320578 780444 720297 215960 297248 667307 577299 41996 268960 510236 114146 472941 209364 546608 854842 291636 595456 771434 330806 457886 578166 781485 271312
 183881 298274 577673 659934 532620 439876 919422 841174 831086 1091041 852086 600594 877923 1214032 727459 646283 797787 670780 1059245 755420 528693 360698 748851 665211 986100 401040 808021 829551 509025 1 281417 484770 1185122 600152 1237043 725494 715998 863147 392292 830080 579352 620141 518461 752300 734772 992748 429261 703427 933805 882424 589303 799131 1092385 745124 478596 723826 55480 615562 272675 678900 715323 942232 768867 421728 1092404 419101 872132 514855 1044771 432989
 241446 57703 437463 612442 495941 231056 662049 559767 560490 836304 594549 368215 635706 965441 485115 413119 531351 472435 780339 610864 376845 83883 480344 486735 706426 176944 558113 677554 397238 281417 1 462625 920777 493560 987873 449244 479481 599426 229534 607286 298097 338825 272917 615227 530955 738618 148171 468221 654411 601899 569381 632824 848053 463714 388702 521500 239574 469823 76442 604988 434035 671557 688871 217829 818409 151673 633717 261499 764835 189455
 305694 410750 217429 175245 49471 325101 699293 805280 897902 836288 646059 409225 1032085 927016 507842 434161 639407 370153 934428 336761 225189 514909 835759 328564 970333 633659 587140 407825 153177 484770 462625 1 956327 174089 949734 638681 484601 954915 266129 532084 593095 640265 409722 324494 421845 749191 526754 473132 927684 867471 109735 402727 805491 722091 118835 411437 502577 243785 531708 201959 690598 996258 289782 677333 923420 440798 603389 683818 934612 388678
 1052115 889525 739043 917457 931516 755952 269385 464411 632074 125956 334943 596925 810226 150897 470569 554886 389443 587248 249127 673609 744777 863016 671243 628149 474339 914722 385818 639599 809938 1185122 920777 956327 1 792861 155054 481894 488608 680007 819909 426335 649133 630004 667774 694013 534999 207523 792410 501532 494035 484864 969478 603104 188513 522753 851106 545136 1154001 713777 968968 856675 536906 613505 847792 939458 154021 770770 352940 821419 280849 752273
 416768 435994 80500 157959 140110 287974 544706 698826 818909 670451 498074 298347 974774 755694 367479 308163 506480 218038 794742 166765 132086 520189 768333 168194 860405 642167 438859 240611 97627 600152 493560 174089 792861 1 778218 530208 342832 880654 264308 366538 528310 570464 337904 157925 259149 587452 507750 333281 822974 763537 180860 229381 635363 627034 121583 249821 604407 84380 569557 121543 598234 907113 196586 687426 773065 416719 441335 662032 798836 355447
 1088630 949672 737622 883143 918230 798201 328380 591732 768057 155906 394770 636753 951873 23267 509591 591401 467871 594331 398586 636967 755832 939735 798626 624982 622517 1006400 430647 588377 813537 1237043 987873 949734 155054 778218 1 574568 521696 820101 854703 424087 739931 729069 720863 655842 533846 250248 872321 534470 637510 621306 945174 564401 147243 635531 855530 545025 1211707 706889 1043915 821485 643934 759636 796746 1035732 302332 836212 367253 923751 429840 807407
 621888 427631 451018 687703 636643 341256 252780 168797 310018 418693 196729 233435 493062 554259 198626 224397 113275 333124 335229 516677 417967 384249 288069 386021 332456 434042 200803 541498 489259 725494 449244 638681 481894 530208 574568 1 218991 375324 413773 321883 167445 155291 242254 534341 338037 329742 312539 221260 292898 233330 700693 482595 453566 108458 519861 338341 687970 450188 490230 641904 91944 382375 685017 461529 369408 307001 290726 349958 323916 308753
 568479 435137 271871 494042 469434 276550 220806 376947 528890 380817 162144 115448 709219 498574 24806 69748 165103 126559 452722 299823 262402 447291 501031 180241 529870 540984 104485 322643 332270 715998 479481 484601 488608 342832 521696 218991 1 594129 334508 133552 307417 327894 206582 318348 119087 284193 390747 13003 498542 441965 522742 263702 376405 327178 371276 119981 692815 258503 544152 441853 306538 598495 473986 579785 439192 331430 156431 496418 456050 291856
 834526 615228 800195 1037808 964981 630150 566435 245024 65379 681777 536990 586041 132531 806149 573933 590303 462965 702732 435089 889284 754971 515679 121940 753610 221657 465556 563309 916754 819956 863147 599426 954915 680007 880654 820101 375324 594129 1 694765 690891 361827 314903 549108 906121 713003 624867 462973 595742 187777 200068 1035810 857825 743547 266958 841123 712827 811347 807334 590548 998834 289402 96616 1051145 456641 526487 528120 645171 348464 403847 569911
 234060 171863 209794 392108 287323 72537 550524 570014 640440 715252 485821 222985 766887 831482 350117 265863 449698 278551 739266 387230 150649 260085 574095 276931 734090 382189 434416 457281 169113 392292 229534 266129 819909 264308 854703 413773 334508 694765 1 439563 334482 382827 171575 389609 342484 618162 261878 321538 687446 627954 362070 418195 708193 479231 167683 331557 379214 244169 305794 378333 446681 743189 460293 427256 750467 174682 487479 419494 732698 124873
 671164 560018 316181 495813 505500 392040 192880 455843 625757 304403 171861 239073 813333 400909 138927 194527 229516 170289 461649 260764 331758 579445 609943 203690 589779 674534 128857 251549 390571 830080 607286 532084 426335 366538 424087 321883 133552 690891 439563 1 436431 451828 335400 281641 110737 222089 524135 142476 568169 517538 543733 199254 277196 428090 432481 121636 811324 288473 674290 436457 413747 680290 442672 713265 420364 462017 78497 627676 473850 418014
 502451 289448 448893 683049 604039 268409 414029 262736 306035 584079 351962 250315 446695 719151 297671 271843 272753 380585 485074 566267 398695 224394 243356 424088 416484 266880 337995 609741 460558 579352 298097 593095 649133 528310 739931 167445 307417 361827 334482 436431 1 48618 190891 579948 411836 492256 152367 302483 366107 309836 675734 552426 613812 166245 479885 407591 537095 461922 328789 649010 135972 409384 710264 296158 531419 178814 428134 193291 468026 210324
 549252 334319 490501 726280 650151 316094 407908 221226 258015 573331 349763 284979 404711 709019 314980 300950 267335 412441 452399 599742 442213 261326 198263 458509 370550 286018 344009 639409 505668 620141 338825 640265 630004 570464 729069 155291 327894 314903 382827 451828 48618 1 234959 614331 438237 485031 190930 324669 319591 264475 721301 581314 608707 126142 526228 435019 576210 501503 362887 690478 99467 360787 749106 309478 505209 226572 435159 194787 433356 258864
 389529 229551 259171 492160 416358 99140 400987 401222 490030 572877 333748 97567 637573 698069 213223 140875 285359 220017 569455 392917 207805 246642 433150 251944 566163 352686 290405 446638 270860 518461 272917 409722 667774 337904 720863 242254 206582 549108 171575 335400 190891 234959 1 403890 269644 474565 201032 195318 521125 461117 486709 393415 578377 313685 293267 261774 490955 275281 338899 459013 281703 586616 523506 395263 586001 127162 361516 338189 561906 86563
 570291 557969 180348 227311 282122 389437 474267 695290 841511 568267 444064 329813 1014225 634380 341680 316652 478068 203711 741142 20890 239139 625922 804454 155930 846472 744225 389346 83442 243275 752300 615227 324494 694013 157925 655842 534341 318348 906121 389609 281641 579948 614331 403890 1 202386 498620 598196 313987 816644 760309 293004 91863 520661 640742 275928 199101 752556 145618 691517 165652 616728 916077 161542 788844 701863 510840 359950 742049 751241 449819
 569578 479424 205485 397262 396681 304695 287050 494655 647814 414457 246759 174089 826888 510742 140924 140868 275682 64267 545912 182969 223162 515559 617999 93285 644163 621560 189552 204137 279987 734772 530955 421845 534999 259149 533846 338037 119087 713003 342484 110737 411836 438237 269644 202386 1 328648 469447 117470 615038 559387 438671 145197 387366 446100 321937 11365 720097 178779 602351 340522 424768 717120 361644 663304 516422 395267 182441 593019 553695 343116
 851752 701932 531808 717374 725310 557127 78463 381586 565406 98313 144562 396053 756809 228467 268175 352302 219505 379769 277954 477827 537457 689493 579936 421487 463445 757805 185019 453901 602417 992748 738618 749191 207523 587452 250248 329742 284193 624867 618162 222089 492256 485031 474565 498620 328648 1 622166 297194 460487 426945 765631 410334 125065 403980 643591 338522 965238 507278 793778 657506 406854 584373 657046 788413 211993 586967 146207 679598 299695 560777
 372082 152567 436419 649409 549161 219852 543943 412111 418954 717717 477957 295472 515809 850632 389772 333918 406317 421023 637299 589025 377046 72230 341618 450577 558486 152142 450898 646150 421598 429261 148171 526754 792410 507750 872321 312539 390747 462973 261878 524135 152367 190930 201032 598196 469447 622166 1 381724 506601 453748 623860 593936 738565 316433 427931 462051 385483 460568 177789 628010 287500 529157 702501 194236 681033 91079 535027 157659 620390 152440
 555523 423387 261306 485498 458635 263853 233563 381646 530618 393809 174294 103019 709497 511336 34786 57155 173539 118546 463204 295865 250382 437293 500797 172525 536156 532432 117064 321598 320578 703427 468221 473132 501532 333281 534470 221260 13003 595742 321538 142476 302483 324669 195318 313987 117470 297194 381724 1 503884 446803 512772 262648 389035 328958 359335 117135 680516 249078 533445 434037 307303 602162 468209 571645 451057 320778 168809 490172 465979 280185
 868543 653708 743910 980262 928108 616148 413405 124149 151702 505697 400056 526173 316277 624788 474973 515910 341939 620768 247506 797743 709812 573168 219392 674551 52628 561400 440149 811734 780444 933805 654411 927684 494035 822974 637510 292898 498542 187777 687446 568169 366107 319591 521125 816644 615038 460487 506601 503884 1 60214 993199 754200 572378 208218 809244 617608 886941 742331 666967 933363 240776 124517 972073 566412 340091 544683 509240 443566 216145 568819
 812030 598710 684297 920984 867971 556476 373040 65265 147296 481710 352687 466361 332587 606834 418777 456983 289057 562947 248173 741661 649740 521851 195487 616573 107016 518408 388819 757966 720297 882424 601899 867471 484864 763537 621306 233330 441965 200068 627954 517538 309836 264475 461117 760309 559387 426945 453748 446803 60214 1 933229 700012 544024 148886 749032 561531 836674 683254 618299 874601 181529 163542 914687 527038 333295 487742 462304 402825 219161 510089
 413233 516137 252715 83656 74817 412647 725123 869345 976474 845703 678921 467285 1120087 923200 547240 483447 685202 398776 975189 310170 283965 617672 919035 348900 1032871 737915 619691 371279 215960 589303 569381 109735 969478 180860 945174 700693 522742 1035810 362070 543733 675734 721301 486709 293004 438671 765631 623860 512772 993199 933229 1 382146 805774 791997 197621 429753 609823 264970 639742 134886 761683 1070348 207984 782102 953776 535299 619954 781513 978732 479344
 621304 577299 222631 318973 364080 401881 391591 635884 792571 477229 368241 305748 972079 542819 284323 280813 412403 174474 660886 72567 271264 631331 763118 146393 780368 744450 317395 58961 297248 799131 632824 402727 603104 229381 564401 482595 263702 857825 418195 199254 552426 581314 393415 91863 145197 410334 593936 262648 754200 700012 382146 1 428805 590869 335473 146793 793613 184644 707744 257338 569911 859561 246712 787840 616563 512062 275994 727531 672943 454047
 941968 807827 591902 747339 775466 652873 200802 502665 685716 77188 262228 491792 875960 123988 365686 446144 341832 447315 361836 500986 608824 803970 703644 479150 569029 877763 290084 459424 667307 1092385 848053 805491 188513 635363 147243 453566 376405 743547 708193 277196 613812 608707 578377 520661 387366 125065 738565 389035 572378 544024 805774 428805 1 528917 709277 398475 1068372 562013 906764 685822 531879 696893 668789 909671 275114 696730 220823 802890 389047 664891
 665529 455301 546842 784993 724877 407977 332686 96544 201718 482445 287884 328768 385401 617146 307071 326993 206639 438171 328782 623474 508041 387328 183956 490166 255602 405729 303385 649797 577299 745124 463714 722091 522753 627034 635531 108458 327178 266958 479231 428090 166245 126142 313685 640742 446100 403980 316433 328958 208218 148886 791997 590869 528917 1 604219 446088 701914 549614 488946 741892 32651 280148 788994 423865 388516 341185 390457 301743 308348 361313
 295364 332419 119350 225006 124349 215054 589317 686634 782961 733975 533392 290795 922902 832479 393757 317442 522507 264388 818049 281573 109024 427269 723202 230830 851627 549077 475086 356363 41996 478596 388702 118835 851106 121583 855530 519861 371276 841123 167683 432481 479885 526228 293267 275928 321937 643591 427931 359335 809244 749032 197621 335473 709277 604219 1 310891 483232 154516 463047 217737 572948 879706 304796 593966 810391 338478 499373 585497 817437 281788
 558336 469657 194787 389724 386814 294585 295516 496638 647730 424963 253557 167093 825698 521910 142755 135930 279476 53130 552704 180157 211820 507224 616531 83016 647490 614097 195737 205505 268960 723826 521500 411437 545136 249821 545025 338341 119981 712827 331557 121636 407591 435019 261774 199101 11365 338522 462051 117135 617608 561531 429753 146793 398475 446088 310891 1 709408 168758 593209 333581 424118 718475 357157 656074 524673 386875 192351 587336 559968 334070
 196886 264477 574756 676513 548895 419302 890590 797431 780800 1063515 823014 577515 823660 1188856 702697 623456 765181 656754 1019891 754148 522356 315174 698259 655600 939397 347692 781359 827402 510236 55480 239574 502577 1154001 604407 1211707 687970 692815 811347 379214 811324 537095 576210 490955 752556 720097 965238 385483 680516 886941 836674 609823 793613 1068372 701914 483232 709408 1 612191 221957 690772 672812 891768 780678 367069 1056509 384049 849245 462883 1004370 404521
 436765 412473 38017 238302 218114 246331 461891 618273 744585 592840 414047 221566 906094 684051 283177 226477 422444 133811 710385 143362 93564 483407 697852 85847 778686 603211 354783 215337 114146 615562 469823 243785 713777 84380 706889 450188 258503 807334 244169 288473 461922 501503 275281 145618 178779 507278 460568 249078 742331 683254 264970 184644 562013 549614 154516 168758 612191 1 546174 192280 521797 829674 248514 648171 689635 371197 361104 609703 714471 309488
 283300 134102 513903 685730 567126 305896 716156 582723 558877 890524 649218 435879 610979 1021832 547777 479772 581114 545159 813628 686965 453263 106068 476417 561457 719546 133929 616878 753195 472941 272675 76442 531708 968968 569557 1043915 490230 544152 590548 305794 674290 328789 362887 338899 691517 602351 793778 177789 533445 666967 618299 639742 707744 906764 488946 463047 593209 221957 546174 1 680008 461732 669898 764494 165646 858806 212726 696072 242553 795746 259272
 495907 548035 200122 61660 152617 408181 625653 809482 936417 731354 587120 413672 1095092 800031 466610 417643 606932 315502 886281 184889 253584 637304 887911 261622 968528 759526 529201 239131 209364 678900 604988 201959 856675 121543 821485 641904 441853 998834 378333 436457 649010 690478 459013 165652 340522 657506 628010 434037 933363 874601 134886 257338 685822 741892 217737 333581 690772 192280 680008 1 714023 1021936 90003 804738 855086 536932 514684 782999 893282 476016
 633409 424124 517883 756161 694061 375527 332935 128068 224869 489416 283039 300409 402858 624856 287722 301299 199888 413433 352933 599895 477829 358963 196350 464692 288247 383767 292243 628870 546608 715323 434035 690598 536906 598234 643934 91944 306538 289402 446681 413747 135972 99467 281703 616728 424768 406854 287500 307303 240776 181529 761683 569911 531879 32651 572948 424118 672812 521797 461732 714023 1 309131 762988 404457 407538 309183 381426 284592 334087 328672
 900693 681445 826852 1065070 1001920 675002 534759 224643 111262 629985 516228 608905 203766 747558 576206 605888 451108 715498 364686 898020 786707 587788 193519 768307 140599 549790 551447 917932 854842 942232 671557 996258 613505 907113 759636 382375 598495 96616 743189 680290 409384 360787 586616 916077 717120 584373 529157 602162 124517 163542 1070348 859561 696893 280148 879706 718475 891768 829674 669898 1021936 309131 1 1067339 544749 459630 584624 625845 430814 332921 619621
 585909 631502 266763 124334 240322 483316 635490 849446 987457 721848 605398 465974 1153220 776395 498070 462004 636554 352036 902683 182269 325455 716739 944275 299038 1003800 838655 550143 209398 291636 768867 688871 289782 847792 196586 796746 685017 473986 1051145 460293 442672 710264 749106 523506 161542 361644 657046 702501 468209 972073 914687 207984 246712 668789 788994 304796 357157 780678 248514 764494 90003 762988 1067339 1 883912 862391 611708 520731 855056 912687 550070
 448387 266614 621115 818943 707775 402432 710168 506553 437473 879830 647539 489220 456932 1015108 576234 526352 568911 615230 751038 780633 560383 167435 355206 643759 618344 45259 629135 839457 595456 421728 217829 677333 939458 687426 1035732 461529 579785 456641 427256 713265 296158 309478 395263 788844 663304 788413 194236 571645 566412 527038 782102 787840 909671 423865 593966 656074 367069 648171 165646 804738 404457 544749 883912 1 811737 278044 717025 124527 728346 339118
 975528 794144 708321 913150 905880 681379 229535 319147 480008 198216 277362 532193 656341 292691 416694 496346 301090 556384 96260 680974 701421 753070 523460 604894 320955 791040 336371 663137 771434 1092404 818409 923420 154021 773065 302332 369408 439192 526487 750467 420364 531419 505209 586001 701863 516422 211993 681033 451057 340091 333295 953776 616563 275114 388516 810391 524673 1056509 689635 858806 855086 407538 459630 862391 811737 1 673363 341934 690247 127651 665295
 324413 120842 346015 558785 460829 128780 510530 437235 477706 684710 442988 224710 593615 813796 335337 267665 381477 342071 641884 502614 286284 120372 406339 366794 594649 233631 406684 562368 330806 419101 151673 440798 770770 416719 836212 307001 331430 528120 174682 462017 178814 226572 127162 510840 395267 586967 91079 320778 544683 487742 535299 512062 696730 341185 338478 386875 384049 371197 212726 536932 309183 584624 611708 278044 673363 1 483830 247489 629004 61829
 721378 590844 386149 573773 579109 432359 115760 403748 580939 234754 109617 271819 771663 344020 148610 225954 184079 235003 385742 339063 394759 596225 574404 275347 526458 681169 91180 325935 457886 872132 633717 603389 352940 441335 367253 290726 156431 645171 487479 78497 428134 435159 361516 359950 182441 146207 535027 168809 509240 462304 619954 275994 220823 390457 499373 192351 849245 361104 696072 514684 381426 625845 520731 717025 341934 483830 1 621422 399470 447519
 502743 291110 588298 806223 706802 375342 602175 382305 320936 768070 542520 421957 374223 903774 488766 452347 461104 553083 627382 731040 530335 181967 237919 589520 495800 119439 531176 782627 578166 514855 261499 683818 821419 662032 923751 349958 496418 348464 419494 627676 193291 194787 338189 742049 593019 679598 157659 490172 443566 402825 781513 727531 802890 301743 585497 587336 462883 609703 242553 782999 284592 430814 855056 124527 690247 247489 621422 1 604276 307224
 945748 748707 727019 948004 923587 660778 284739 222124 361992 314830 307423 528117 531845 419618 431498 500461 295253 581425 31766 730664 709438 692320 414297 633836 193500 713050 364238 724949 781485 1044771 764835 934612 280849 798836 429840 323916 456050 403847 732698 473850 468026 433356 561906 751241 553695 299695 620390 465979 216145 219161 978732 672943 389047 308348 817437 559968 1004370 714471 795746 893282 334087 332921 912687 728346 127651 629004 399470 604276 1 632506
 313288 143332 284206 499419 405410 68163 486637 454854 515948 659075 419200 178999 643409 784622 299527 224295 366607 286892 642510 442047 224616 177485 449234 308050 616913 294413 376884 503128 271312 432989 189455 388678 752273 355447 807407 308753 291856 569911 124873 418014 210324 258864 86563 449819 343116 560777 152440 280185 568819 510089 479344 454047 664891 361313 281788 334070 404521 309488 259272 476016 328672 619621 550070 339118 665295 61829 447519 307224 632506 1
LAMBDA_SECTION
1 521
2 781
3 656
4 226
5 729
6 579
7 672
8 345
9 812
10 836
11 501
12 808
13 943
14 405
15 45
16 611
17 307
18 430
19 294
20 386
21 395
22 300
23 134
24 524
25 220
26 613
27 305
28 998
29 725
30 336
31 219
32 835
33 374
34 954
35 922
36 456
37 225
38 574
39 879
40 196
41 540
42 883
43 820
44 669
45 125
46 404
47 532
48 121
49 161
50 238
51 651
52 935
53 949
54 256
55 969
56 706
57 765
58 136
59 468
60 961
61 274
62 176
63 576
64 449
65 638
66 865
67 955
68 945
69 633
70 890
