NAME : domp20p10v7
COMMENT : Cherkesly, Contardo & Gruson 2022
TYPE : DOMP
DIMENSION : 20
DISPLAY_DATA_TYPE : NO_DISPLAY
OPEN_FACILITIES : 10
COST_SECTION
 1 131183 155512 471726 342431 221663 152115 362436 337791 181294 457206 812970 511697 441618 370327 107353 345160 703153 246308 649119
 131183 1 65797 602514 462194 316090 53152 467376 458781 72638 581411 928119 580347 557424 499453 28311 476312 752378 138930 777769
 155512 65797 1 620363 497741 364700 116850 445890 493238 129338 612506 910158 536796 596254 503863 86160 489560 699906 90801 801720
 471726 602514 620363 1 207002 369389 613018 352023 201219 640965 131928 511189 561821 213389 158960 577031 134532 759919 708248 190990
 342431 462194 497741 207002 1 174792 458157 409347 10147 483143 124453 700999 629200 102085 245448 434227 176139 839119 588509 333172
 221663 316090 364700 369389 174792 1 300187 448713 176231 321941 298536 825744 649503 252757 347807 287936 288339 856549 452322 507872
 152115 53152 116850 613018 458157 300187 1 506113 455869 29191 580408 962791 629137 549023 521364 52743 491809 804077 175298 781961
 362436 467376 445890 352023 409347 448713 506113 1 399244 533971 441536 464477 220955 490749 195325 454283 249825 430042 509692 532265
 337791 458781 493238 201219 10147 176231 455869 399244 1 481168 125128 692633 619147 109322 235619 430914 166312 829043 584034 332579
 181294 72638 129338 640965 483143 321941 29191 533971 481168 1 605990 991469 652807 572492 550488 79708 520485 824621 173105 808603
 457206 581411 612506 131928 124453 298536 580408 441536 125128 605990 1 642296 660611 83927 249835 553817 192419 865666 703175 209704
 812970 928119 910158 511189 700999 825744 962791 464477 692633 991469 642296 1 480608 724576 478094 912501 539181 553758 973121 558552
 511697 580347 536796 561821 629200 649503 629137 220955 619147 652807 660611 480608 1 711689 411489 577044 470068 210304 569813 729635
 441618 557424 596254 213389 102085 252757 549023 490749 109322 572492 83927 724576 711689 1 308735 529205 243282 919925 686811 275145
 370327 499453 503863 158960 245448 347807 521364 195325 235619 550488 249835 478094 411489 308735 1 477430 69310 615833 586415 346252
 107353 28311 86160 577031 434227 287936 52743 454283 430914 79708 553817 912501 577044 529205 477430 1 452073 754101 165910 751037
 345160 476312 489560 134532 176139 288339 491809 249825 166312 520485 192419 539181 470068 243282 69310 452073 1 677210 576239 324574
 703153 752378 699906 759919 839119 856549 804077 430042 829043 824621 865666 553758 210304 919925 615833 754101 677210 1 712705 916153
 246308 138930 90801 708248 588509 452322 175298 509692 584034 173105 703175 973121 569813 686811 586415 165910 576239 712705 1 891098
 649119 777769 801720 190990 333172 507872 781961 532265 332579 808603 209704 558552 729635 275145 346252 751037 324574 916153 891098 1
LAMBDA_SECTION
1 30
2 663
3 373
4 909
5 488
6 709
7 382
8 874
9 572
10 955
11 747
12 986
13 250
14 939
15 21
16 694
17 709
18 927
19 612
20 315
