NAME : domp90p45v8
COMMENT : Cherkesly, Contardo & Gruson 2022
TYPE : DOMP
DIMENSION : 90
DISPLAY_DATA_TYPE : NO_DISPLAY
OPEN_FACILITIES : 45
COST_SECTION
 1 615342 466904 535367 573704 359306 753457 589966 708469 284120 613213 227385 662882 784351 778686 440869 672679 506713 195936 93103 176904 689217 679683 103468 538017 267379 257078 438731 677086 830711 367284 688898 521201 444991 180741 737747 287355 258329 263493 835664 304277 316313 416236 112703 475798 506278 836736 240688 856105 447818 862614 694303 415243 351876 780668 300254 178794 756149 96882 792809 225436 444004 343905 36715 547563 355796 258637 451292 869428 297081 623622 600346 381381 923539 528023 341609 569289 463073 380409 343180 340046 150401 386086 397158 469986 651325 848511 785400 322993 618093
 615342 1 807811 773211 154466 496731 464271 265135 408619 842813 99326 738587 402411 186845 183822 937598 180712 298711 690749 579615 787549 489320 82684 645593 374605 501860 359366 231978 573809 279660 772339 85266 962673 430992 788409 480025 587720 538905 794100 546496 443899 372761 219288 573633 393600 145952 289371 374972 544887 225716 674216 670085 229519 329441 484245 807694 509491 708281 680902 625738 579435 281959 451416 578983 258257 265028 475307 712285 681015 648817 683660 295690 404328 717393 963322 568191 726668 152496 343903 535726 766145 764226 275890 840509 809462 275118 616423 172047 323427 71687
 466904 807811 1 121028 682055 797449 639248 616594 627927 310368 746455 261912 582883 993712 898110 226835 751272 536482 274956 391295 525662 544636 890064 364386 494460 708837 569444 751976 463723 1082751 105950 844190 179280 394006 538439 608250 238299 294178 690188 682752 371783 446806 705974 376451 872042 661947 1091707 553854 711701 759095 623267 406226 584745 711847 658063 228951 618029 455250 539843 566020 687705 528303 356890 466967 591279 582130 356542 107778 627609 763911 309275 943131 785460 676630 175070 240636 206432 683958 464098 792596 136406 499188 715531 130895 3119 664259 647216 937441 665040 849961
 535367 773211 121028 1 634902 837502 543413 554695 539858 423038 700793 357547 498049 955044 841111 347138 692021 484040 358119 449521 620806 447999 855837 438349 427859 753489 586479 752928 357898 1052418 210587 798326 286247 343363 633070 510932 263992 315129 777344 577821 366143 438141 703697 431881 892797 628461 1061908 573137 607273 759049 507228 289847 562961 728719 559657 339941 666058 335973 618490 453050 745048 491614 338498 527934 536133 575440 366830 85616 511207 827468 193602 943613 812389 558948 279565 236952 89167 665314 438352 838557 239396 592279 723436 250813 119160 595184 535644 886636 680236 823252
 573704 154466 682055 634902 1 552430 323523 111903 265674 761661 66006 652520 252440 322333 222389 834376 99483 151462 606402 517399 750600 337598 231622 579506 222176 531394 339685 300396 419474 428109 660353 163472 846410 292060 753992 334704 479318 437765 790868 410953 339173 279914 262372 506836 485545 79174 438212 350030 414245 298346 527974 515750 159056 372611 346396 714710 511626 553933 654329 475809 596480 158497 334621 537254 104993 226436 379910 581088 534986 678160 532343 426258 467419 574770 845840 448621 581672 163997 231641 585421 658775 723596 323379 730996 683375 136146 473965 255492 346368 221937
 359306 496731 797449 837502 552430 1 844954 630229 788172 641156 552941 583703 755568 601428 680095 800073 639850 582640 546146 410298 454218 817398 521603 455930 652010 92050 275474 265320 850830 598745 708537 581869 876839 610875 447272 843487 573811 522753 367561 935968 497395 449029 291639 422782 154321 474084 601090 281821 946655 271117 1015749 906745 427776 179921 871611 658543 183274 964602 347970 949865 156645 512807 538734 343345 592671 359695 478429 752541 1023109 174816 864574 317483 93062 1072680 882972 605850 844266 389014 494790 42673 684861 448268 229948 749291 800340 679452 979028 655849 213508 457341
 753457 464271 639248 543413 323523 844954 1 220089 58393 840894 365142 733698 92521 583782 410258 848405 291424 265643 698627 670528 918912 95416 525017 714959 215645 803606 588287 614429 195340 701908 669160 428508 818465 315302 926257 33870 535425 525045 1007607 91053 451072 443474 569716 653365 801251 387984 712344 590733 104419 613945 212720 296903 417179 668522 27605 770259 757972 303296 848249 177887 851402 337015 415929 721980 253358 486573 499009 533163 219104 940741 366854 749488 769138 253123 813802 478512 460270 474917 380277 871671 682068 888099 626360 737698 639083 189767 152172 474474 631452 535821
 589966 265135 616594 554695 111903 630229 220089 1 161750 739289 169329 628551 141781 421133 286668 790038 137430 89893 585535 519846 764673 225784 338856 575845 127339 596072 386984 394351 309211 532248 610573 257644 788767 223790 769878 226887 439699 408322 827964 310320 313809 275242 350102 505951 581179 168130 542540 392828 317911 393865 418281 407995 205433 451799 245158 682584 560968 443624 678787 364425 651649 146049 295205 555074 42706 277621 360806 511127 425392 738326 432844 535110 551396 467093 786931 397662 492659 254829 213257 659245 613858 735581 407716 682237 617508 61528 366978 335906 417556 333687
 708469 408619 627927 539858 265674 788172 58393 161750 1 811215 309309 702444 48523 535368 367248 829669 239630 211956 665179 628046 876734 105719 471824 675449 171915 748543 534244 556101 211633 652741 648893 377128 806951 279033 883587 72125 504309 488875 959511 148760 409171 395122 511576 611514 742928 329593 663192 537420 158709 555582 265818 317359 360542 611166 83725 743579 705292 333948 802212 222699 798238 283099 376843 676064 195817 430668 457662 520481 272535 887044 375112 691860 711555 309580 802995 449939 461043 416571 331152 815476 659503 846232 568502 718881 628043 133503 208589 429678 574738 479958
 284120 842813 310368 423038 761661 641156 840894 739289 811215 1 815161 110747 762698 1024329 982265 172112 852978 649403 155301 271076 245856 755798 916833 205812 645401 549869 508511 703112 703606 1086477 212770 904216 273262 533832 258895 815902 306992 331000 419332 906015 426816 481949 671355 272445 759400 711146 1093549 490468 932099 711933 883761 677114 618062 626829 865047 83281 462807 734230 307735 818492 496548 607301 444959 308144 701742 579106 382526 363730 889325 548471 584810 876951 665034 942166 282700 362385 494537 693644 533127 621141 185551 228401 653412 186469 313139 798440 891776 1003005 591281 861108
 613213 99326 746455 700793 66006 552941 365142 169329 309309 815161 1 707139 303790 256602 167761 894145 90046 217462 660326 563683 789431 391170 169528 627500 286723 542849 367857 290787 478465 364089 721927 97904 909191 357764 791931 380703 539494 495765 817319 448250 397487 333799 262008 554587 468897 107150 374292 380492 447695 286834 574892 577023 200352 375884 385496 771514 533994 612813 688892 526815 613682 219882 396197 576513 169683 258359 435805 646223 581690 690903 596911 389194 463734 618251 908869 511378 647584 169128 290938 588840 719241 763613 323524 792123 747831 175806 517253 192570 357479 170703
 227385 738587 261912 357547 652520 583703 733698 628551 702444 110747 707139 1 653927 921930 873767 220559 742982 538667 48038 183542 264570 650481 814291 127904 535508 491724 416307 612325 604053 988764 156015 797513 293909 424260 277170 709594 198374 220253 428538 801249 316365 373397 576859 179283 687513 604165 996214 398302 826735 620889 787138 586684 511743 544059 758316 77042 400663 645869 283983 720377 452463 497297 334270 240440 591099 477046 272768 285358 793005 518753 498363 792773 594283 846534 300644 255953 416959 591441 423055 569953 125692 237423 564979 171024 265006 687701 791074 896233 504583 760490
 662882 402411 582883 498049 252440 755568 92521 141781 48523 762698 303790 653927 1 542705 383464 782416 245326 174060 616745 581388 830049 88219 471120 627925 125071 712206 496364 531689 186912 658278 601451 380946 761603 230674 837077 88296 455786 440655 915732 181813 362169 351361 485237 564632 718044 308220 668707 498513 196939 531876 276566 292317 328204 580573 120121 695207 665556 316997 757179 223569 759079 245326 329042 630931 168232 396292 410526 475220 283702 848568 340690 676886 681723 326477 757876 401516 421666 393011 287938 781372 611647 799434 540184 671681 583093 133075 227443 442942 542147 472554
 784351 186845 993712 955044 322333 601428 583782 421133 535368 1024329 256602 921930 542705 1 184572 1123623 297474 473573 873942 757486 951088 630714 107642 823895 542862 630323 527645 360634 725946 118672 959167 163590 1149510 611713 950556 606858 774532 725415 936293 652737 630727 559262 370105 753069 465804 331961 129027 544629 643455 352018 795982 827776 415947 462549 597789 992275 657704 858893 840752 758046 713614 466133 637833 748832 426133 445288 661527 896803 802111 769651 852702 315696 510077 830069 1150133 754597 903937 330727 530295 643645 952773 930058 413359 1027216 995305 409672 731942 119383 471841 166262
 778686 183822 898110 841111 222389 680095 410258 286668 367248 982265 167761 873767 383464 184572 1 1056528 149247 361630 827225 731267 954180 468894 177107 795231 413976 684984 528656 415748 570336 302024 881533 98599 1065920 504336 956190 436426 701470 660104 972767 472906 561520 500424 401293 722319 570082 274366 312152 542541 461748 409352 619885 675357 367949 512871 421361 936880 687919 699313 851398 587498 761333 380719 556285 741976 307046 422908 601614 794479 625678 832292 713839 449281 587424 650455 1064927 668874 778869 321996 454026 719384 880703 929003 459256 952479 899235 255551 554169 66300 504155 230102
 440869 937598 226835 347138 834376 800073 848405 790038 829669 172112 894145 220559 782416 1123623 1056528 1 916681 702737 265177 403981 417133 756042 1016382 347019 678687 708061 633427 829111 683553 1197714 181318 988767 108988 568759 430062 819242 355067 399388 590409 899780 496879 565087 791228 398665 907876 796808 1205618 615589 928064 837484 848832 632358 708104 764068 869398 143557 618093 682077 477222 789907 661472 675886 500517 458486 757825 683473 462310 320586 853360 718166 535471 1012005 814427 902944 119610 392401 433228 796151 603296 783423 176387 400495 783172 110824 228392 844391 869826 1086356 723671 966415
 672679 180712 751272 692021 99483 639850 291424 137430 239630 852978 90046 742982 245326 297474 149247 916681 1 215674 697753 614371 849580 333252 233884 675462 264730 625076 438495 379679 429911 413792 739352 137501 921188 357286 853119 311681 562614 525098 889791 369008 427056 373470 348230 603119 558908 175054 424239 449204 365542 376058 503980 533278 258499 461368 308814 802282 609424 561989 753791 462016 692719 245693 416627 636303 160383 325531 470458 646765 510453 772654 566626 475744 551740 543118 919806 525989 629753 252081 319928 674767 740337 822355 409929 810750 752304 112510 442817 201116 439363 251688
 506713 298711 536482 484040 151462 582640 265643 89893 211956 649403 217462 538667 174060 473573 361630 702737 215674 1 495668 433220 679791 237304 379552 487686 81721 538160 322672 370948 293929 577097 524320 314502 705523 142900 685497 261212 350740 318451 751227 355805 224134 190417 321653 418669 554399 166206 587037 325497 369600 372528 437164 379916 157619 409805 293017 593178 493347 425316 597752 374795 586311 71373 205636 472649 55358 222957 271467 433197 444517 675299 385319 534407 511386 492064 704186 310933 430375 238099 126656 607662 526373 650240 372612 595861 537605 150003 396660 403209 369623 359074
 195936 690749 274956 358119 606402 546146 698627 585535 665179 155301 660326 48038 616745 873942 827225 265177 697753 495668 1 139822 265281 617877 766305 92600 496428 454533 369345 565348 577419 940812 172296 750198 331085 386209 277017 675680 164662 178378 419509 768892 272185 326815 529328 133496 644974 556908 948285 351387 793679 573860 762319 567650 464260 498931 723787 122812 362890 627989 264972 694531 420922 452109 292888 203508 547385 429015 227302 279827 768413 492082 483009 746927 552360 822337 336948 224833 408802 543422 377990 534681 144298 235620 518511 203282 278072 645234 762732 848951 458603 712452
 93103 579615 391295 449521 517399 410298 670528 519846 628046 271076 563683 183542 581388 757486 731267 403981 614371 433220 139822 1 248690 602424 650513 66460 456353 319737 237437 432417 585934 815968 298489 646749 469876 358189 255748 653112 195432 165369 355987 750531 219458 244906 400349 19601 505155 456923 822905 219392 771990 441180 771932 601277 363341 360686 697424 260569 228112 663125 188816 702199 297408 375796 256452 78465 478315 314613 171771 364442 778672 377978 530736 609908 412668 832878 475303 248619 478691 428085 306861 402299 274575 218258 383519 340530 394292 581345 759888 745058 322199 592786
 176904 787549 525662 620806 750600 454218 918912 764673 876734 245856 789431 264570 830049 951088 954180 417133 849580 679791 265281 248690 1 848769 848412 208886 705030 371892 428203 596595 824573 988737 419781 863114 518892 605313 13151 900865 413388 402139 173477 997890 467970 489729 580998 265550 595651 682676 993985 412954 1019877 605664 1011103 826673 592052 501119 945700 307138 305443 887880 113260 941873 297844 619082 503671 213374 722516 531421 419903 544724 1017594 324530 745728 739426 504511 1071881 528150 473732 674078 636105 553135 424181 389294 31402 542924 419401 528729 826162 1003595 958680 481271 785225
 689217 489320 544636 447999 337598 817398 95416 225784 105719 755798 391170 650481 88219 630714 468894 756042 333252 237304 617877 602424 848769 1 559072 641820 166023 767169 549909 606113 106098 746464 577922 469149 723741 244366 856895 63617 453388 449044 948434 151020 384978 390798 557839 584356 790969 387670 756894 549607 176323 607048 199871 211658 394913 646725 113592 682899 712806 230419 785456 139754 807176 304964 345998 659814 245722 458358 431064 439092 207221 897881 273601 758872 748357 255348 718939 394534 365150 469480 331487 840384 592129 817592 609861 645561 544407 221220 163965 529568 605457 558907
 679683 82684 890064 855837 231622 521603 525017 338856 471824 916833 169528 814291 471120 107642 177107 1016382 233884 379552 766305 650513 848412 559072 1 716872 453631 540266 422625 266800 647949 197635 852989 100627 1043686 513407 848364 543917 668323 618622 841784 602451 524672 452549 268918 645809 399487 228483 207513 439296 597626 258825 737234 746401 309314 368955 542696 884678 559883 782248 739199 692658 621660 364643 533431 643865 336560 337740 554506 794905 743800 683741 763543 272177 428670 777001 1044509 650169 808615 223189 426003 562734 846069 826581 317385 920635 891740 339788 676655 136307 372712 65839
 103468 645593 364386 438349 579506 455930 714959 575845 675449 205812 627500 127904 627925 823895 795231 347019 675462 487686 92600 66460 208886 641820 716872 1 503627 364008 303148 497320 615691 882176 263892 711844 421073 399888 218321 695451 206420 193580 342827 791747 267108 303097 466285 72914 561156 521102 889057 285151 814515 506153 802225 620271 427369 422289 741352 203838 272800 681812 180255 732987 328329 433915 299117 112591 535071 380568 218464 355986 808724 400230 542684 672242 467495 863013 427432 265896 479291 494297 362710 443045 236581 177485 447651 295021 367483 637105 795182 810312 385677 659244
 538017 374605 494460 427859 222176 652010 215645 127339 171915 645401 286723 535508 125071 542862 413976 678687 264730 81721 496428 456353 705030 166023 453631 503627 1 601186 383934 450627 212550 650272 497580 380576 669463 111999 712020 202711 338981 318802 792217 300731 237277 228922 400621 439682 632375 247292 660383 383918 319164 452585 363785 298799 234323 483422 243026 581578 548321 343596 632624 298832 642523 141419 205553 506354 117207 294007 285749 387728 371148 732943 310230 616109 584983 420826 666984 288992 365491 319495 167164 674486 504220 674455 449228 569029 495179 169818 329516 462615 440938 437617
 267379 501860 708837 753489 531394 92050 803606 596072 748543 549869 542849 491724 712206 630323 684984 708061 625076 538160 454533 319737 371892 767169 540266 364008 601186 1 217262 273682 791251 643789 618221 586556 785010 547875 366141 798802 489511 440364 309449 893961 425131 385346 284105 332956 223929 452267 647419 218658 907088 281476 962668 839890 390640 172620 830838 566496 91779 899152 262100 895180 84963 466894 467848 251451 555995 318693 400974 668109 969983 148112 791682 374887 135442 1021060 791217 525336 764940 373923 437642 85115 594065 363090 226008 657770 711765 649827 930616 669347 185733 474474
 257078 359366 569444 586479 339685 275474 588287 386984 534244 508511 367857 416307 496364 527645 528656 633427 438495 322672 369345 237437 428203 549909 422625 303148 383934 217262 1 196023 576539 579583 498672 435644 685583 335438 429238 582324 332059 276472 451299 678164 227898 173681 163253 237672 306338 264300 586279 18069 692260 204586 745708 631408 184798 142943 615685 492144 174337 689130 322890 678537 264853 251310 266846 221265 345404 113486 219674 504732 753035 352842 592243 380357 228895 803913 689257 349589 580864 208135 221159 292860 482074 404989 150319 555178 571993 444098 713397 530554 95597 361471
 438731 231978 751976 752928 300396 265320 614429 394351 556101 703112 290787 612325 531689 360634 415748 829111 379679 370948 565348 432417 596595 606113 266800 497320 450627 273682 196023 1 662523 392736 689055 317242 878168 449212 594963 619370 513992 458315 576072 704569 387112 315053 51581 433522 186830 227219 398423 214024 710871 9107 805364 739066 217987 102329 639404 688134 297659 790055 484440 745021 354903 311932 415755 405575 363459 179314 395475 676259 812663 418673 721523 191443 173904 857778 881339 519267 731984 139567 329246 303811 674374 577923 53698 748317 754314 434548 759121 396133 116009 200963
 677086 573809 463723 357898 419474 850830 195340 309211 211633 703606 478465 604053 186912 725946 570336 683553 429911 293929 577419 585934 824573 106098 647949 615691 212550 791251 576539 662523 1 839699 511226 562824 640731 244391 833907 161480 414558 423192 940265 219988 380347 406065 612087 566801 842455 457329 850067 572943 249387 664723 186543 105963 445101 689203 206500 626044 727139 134474 773926 117459 821112 351141 337360 651508 318614 499625 420797 362982 193095 912317 172786 828050 790035 247389 635008 353551 271089 531985 356041 869340 529367 793173 658461 574873 463073 317526 188551 629246 644470 640913
 830711 279660 1082751 1052418 428109 598745 701908 532248 652741 1086477 364089 988764 658278 118672 302024 1197714 413792 577097 940812 815968 988737 746464 197635 882176 650272 643789 579583 392736 839699 1 1040192 277366 1231568 710624 986682 724460 856074 804307 953237 771405 713641 639737 416419 814079 450063 424023 10451 597425 762066 383632 914295 940163 498371 488400 716252 1061849 686310 973327 876088 875424 728726 560818 725924 796808 533067 514248 739403 989761 920465 772673 960449 286008 513273 948718 1232969 842193 1006204 402702 619183 641374 1031192 970568 446195 1106083 1084543 525249 850475 235964 508713 233251
 367284 772339 105950 210587 660353 708537 669160 610573 648893 212770 721927 156015 601451 959167 881533 181318 739352 524320 172296 298489 419781 577922 852989 263892 497580 618221 498672 689055 511226 1040192 1 818062 191456 388206 432534 640707 184668 236073 584459 723932 328441 400845 646291 285853 793945 628617 1048621 481896 751698 696793 684234 471951 543739 638280 690826 129519 526593 526776 436003 621903 590933 502239 325823 370918 579616 528914 301116 154543 689321 664082 377152 878076 704361 740869 193393 213405 282900 637611 431607 700579 30490 393238 648172 71678 109034 664015 699334 914496 593437 807133
 688898 85266 844190 798326 163472 581869 428508 257644 377128 904216 97904 797513 380946 163590 98599 988767 137501 314502 750198 646749 863114 469149 100627 711844 380576 586556 435644 317242 562824 277366 818062 1 1006053 455516 864591 449180 634843 589608 876222 503631 491911 425469 303150 639149 475305 193377 287786 450296 497934 310939 641195 664270 286165 414336 445005 863730 591348 696160 758450 599418 663371 316833 492712 652276 264694 333964 528264 744125 647610 733759 689806 364530 489347 679180 1005887 608412 743804 227630 386500 620968 814568 838774 360732 887887 845586 247975 579329 98791 406535 138387
 521201 962673 179280 286247 846410 876839 818465 788767 806951 273262 909191 293909 761603 1149510 1065920 108988 921188 705523 331085 469876 518892 723741 1043686 421073 669463 785010 685583 878168 640731 1231568 191456 1006053 1 564997 531975 787344 375641 427528 692322 860412 519025 592019 836427 460841 973964 818255 1240024 668359 889548 886081 793190 575945 734629 822640 837080 222894 693582 619782 569132 739182 745835 689338 513416 533565 760810 720238 492568 286472 797030 808644 479848 1065875 882246 843913 10892 397852 375412 829039 620368 863827 203795 499882 835759 130649 179387 838789 821515 1101541 779247 998455
 444991 430992 394006 343363 292060 610875 315302 223790 279033 533832 357764 424260 230674 611713 504336 568759 357286 142900 386209 358189 605313 244366 513407 399888 111999 547875 335438 449212 244391 710624 388206 455516 564997 1 613159 295694 227113 210162 705273 392586 141056 162643 397640 340294 617858 287992 720276 330433 414765 453299 423560 297234 236580 457801 341521 469583 482770 353910 541408 354127 576813 152215 101757 416140 197332 273299 186700 290298 430661 668029 272470 631212 556304 483934 563237 177470 297162 337361 121495 627254 393468 574267 434514 459855 395063 275817 404124 545821 410786 484480
 180741 788409 538439 633070 753992 447272 926257 769878 883587 258895 791931 277170 837077 950556 956190 430062 853119 685497 277017 255748 13151 856895 848364 218321 712020 366141 429238 594963 833907 986682 432534 864591 531975 613159 1 908550 423557 411117 160445 1005736 475198 495237 580465 273013 590049 685354 991811 414297 1027512 604012 1020449 837110 595231 498637 953121 320257 302066 898396 110595 951136 290690 624108 511443 216863 727617 533705 427329 556647 1026971 314546 756685 735300 499474 1081264 541247 483719 685747 637321 558871 416483 402052 41692 541267 432512 541509 831328 1012299 959788 479980 784887
 737747 480025 608250 510932 334704 843487 33870 226887 72125 815902 380703 709594 88296 606858 436426 819242 311681 261212 675680 653112 900865 63617 543917 695451 202711 798802 582324 619370 161480 724460 640707 449180 787344 295694 908550 1 511719 504041 994198 98178 434017 431627 573274 635546 805899 394718 734910 583752 119074 619380 194196 263237 416375 668823 50157 744059 749804 271223 833232 151409 843723 332100 397202 707078 256072 483984 481342 502674 201025 933683 333171 760805 770005 240335 782519 453816 427234 480363 369565 868871 654402 869875 628449 708676 608017 205048 140114 499767 630148 551188
 287355 587720 238299 263992 479318 573811 535425 439699 504309 306992 539494 198374 455786 774532 701470 355067 562614 350740 164662 195432 413388 453388 668323 206420 338981 489511 332059 513992 414558 856074 184668 634843 375641 227113 423557 511719 1 55889 546056 604378 143849 216392 468672 176262 636700 444362 864599 316995 629373 521230 600417 413882 359092 474880 560202 243505 402556 475396 379739 531961 484028 320824 145991 272745 405177 347188 119263 178759 606691 569077 337504 704976 552664 660843 376898 61023 283859 453819 248562 574591 179763 382146 477255 253233 240727 496783 598627 731934 427555 622892
 258329 538905 294178 315129 437765 522753 525045 408322 488875 331000 495765 220253 440655 725415 660104 399388 525098 318451 178378 165369 402139 449044 618622 193580 318802 440364 276472 458315 423192 804307 236073 589608 427528 210162 411117 504041 55889 1 521307 599488 98594 166159 413337 145814 581642 397420 812677 261641 622927 465611 609681 435983 309470 419372 550927 277296 355604 497828 354100 540215 440567 280182 114511 238096 371209 293171 65053 230936 616279 527778 367822 649197 498517 670568 429323 87138 326140 401637 206211 525453 227466 370762 421368 302154 296612 467479 601606 687498 371889 571404
 263493 794100 690188 777344 790868 367561 1007607 827964 959511 419332 817319 428538 915732 936293 972767 590409 889791 751227 419509 355987 173477 948434 841784 342827 792217 309449 451299 576072 940265 953237 584459 876222 692322 705273 160445 994198 546056 521307 1 1092373 564240 564469 575609 375507 521282 715420 956836 441009 1111379 584517 1125412 956931 633999 473848 1035097 478373 284887 1018766 167216 1055587 224533 683456 605312 289345 785309 564440 520383 697090 1132278 200949 883560 680919 442114 1186296 701534 602824 822047 651421 628362 328423 554215 194050 524441 590215 693294 887850 1109395 965356 470976 776111
 835664 546496 682752 577821 410953 935968 91053 310320 148760 906015 448250 801249 181813 652737 472906 899780 369008 355805 768892 750531 997890 151020 602451 791747 300731 893961 678164 704569 219988 771405 723932 503631 860412 392586 1005736 98178 604378 599488 1092373 1 531713 529641 660308 732807 891393 477706 781763 680161 29715 703899 152995 304330 508194 759564 65168 832155 846831 291923 931269 149034 940549 427117 494295 805150 344338 577388 578783 580044 157599 1030220 389523 835546 860137 177568 854818 545352 490513 565005 467307 962524 739585 966821 717232 790003 682211 275355 84660 538783 722462 618178
 304277 443899 371783 366143 339173 497395 451072 313809 409171 426816 397487 316365 362169 630727 561520 496879 427056 224134 272185 219458 467970 384978 524672 267108 237277 425131 227898 387112 380347 713641 328441 491911 519025 141056 475198 434017 143849 98594 564240 531713 1 75031 338561 202474 531172 300656 722321 217617 552745 393448 562967 416429 215689 366538 477990 375758 351799 476771 400491 493253 444319 181739 43631 275088 275221 211680 48651 289426 569974 535134 367316 578231 456784 623624 519956 133050 353439 312598 107645 507998 323013 437288 357639 396949 373819 374095 545162 589506 317737 480394
 316313 372761 446806 438141 279914 449029 443474 275242 395122 481949 333799 373397 351361 559262 500424 565087 373470 190417 326815 244906 489729 390798 452549 303097 228922 385346 173681 315053 406065 639737 400845 425469 592019 162643 495237 431627 216392 166159 564469 529641 75031 1 265558 231759 467425 232368 648308 167874 547567 321004 580845 457741 143316 303761 471027 438282 323136 515679 408034 512307 417558 131011 101022 282469 233475 137542 102973 363314 588083 508643 420774 505475 398880 640337 593275 207738 418950 237940 64311 464661 393537 460441 289121 468088 448846 336770 554529 523902 255355 406523
 416236 219288 705974 703697 262372 291639 569716 350102 511576 671355 262008 576859 485237 370105 401293 791228 348230 321653 529328 400349 580998 557839 268918 466285 400621 284105 163253 51581 612087 416419 646291 303150 836427 397640 580465 573274 468672 413337 575609 660308 338561 265558 1 399587 233190 185758 423049 181178 667766 56069 757449 687751 167102 113999 595176 651733 291837 739044 470801 696280 360255 261135 365846 381522 317234 128748 349593 627979 764769 431952 669972 239918 205056 810617 839231 471255 681258 98393 277799 326871 632828 560264 61700 707236 708244 393633 712597 389803 104662 204580
 112703 573633 376451 431881 506836 422782 653365 505951 611514 272445 554587 179283 564632 753069 722319 398665 603119 418669 133496 19601 265550 584356 645809 72914 439682 332956 237672 433522 566801 814079 285853 639149 460841 340294 273013 635546 176262 145814 375507 732807 202474 231759 399587 1 513178 448208 821199 219615 754501 442164 752890 581692 354468 365442 680172 255881 241727 643539 208314 683182 313921 362766 238540 96806 464719 308727 154360 346619 759613 395647 511201 613596 421488 813835 465916 229062 459774 422862 292720 416255 263015 234816 385741 330817 379418 567382 741335 737679 325335 589089
 475798 393600 872042 892797 485545 154321 801251 581179 742928 759400 468897 687513 718044 465804 570082 907876 558908 554399 644974 505155 595651 790969 399487 561156 632375 223929 306338 186830 842455 450063 793945 475305 973964 617858 590049 805899 636700 581642 521282 891393 531172 467425 233190 513178 1 413893 451620 320192 897514 187696 990627 913269 398053 164643 826229 764364 299067 966759 484872 929182 303893 491568 566930 451807 549855 345260 526011 810967 997950 328551 886695 165137 94418 1043740 978879 655872 884426 326388 496385 195678 773916 585824 184280 843703 874705 620635 945478 535787 213439 340187
 506278 145952 661947 628461 79174 474084 387984 168130 329593 711146 107150 604165 308220 331961 274366 796808 175054 166206 556908 456923 682676 387670 228483 521102 247292 452267 264300 227219 457329 424023 628617 193377 818255 287992 685354 394718 444362 397420 715420 477706 300656 232368 185758 448208 413893 1 433467 275868 483657 226254 584356 546007 93754 294168 412571 670484 434384 590196 583176 527421 518060 136862 305883 469594 141965 152574 335303 566443 591557 599174 548987 371876 390305 634571 818656 422639 584991 87957 198353 506589 623654 656665 245931 697571 663580 207961 534826 292069 267196 196655
 836736 289371 1091707 1061908 438212 601090 712344 542540 663192 1093549 374292 996214 668707 129027 312152 1205618 424239 587037 948285 822905 993985 756894 207513 889057 660383 647419 586279 398423 850067 10451 1048621 287786 1240024 720276 991811 734910 864599 812677 956836 781763 722321 648308 423049 821199 451620 433467 1 604159 772367 389317 924721 950474 507189 493324 726664 1069469 691102 983715 881227 885875 732377 570295 734926 802981 543183 522205 747740 998987 930889 775260 970540 287089 516300 959091 1241478 851118 1015992 411041 628289 643681 1039444 976050 451764 1114346 1093510 535681 860878 246040 514431 241950
 240688 374972 553854 573137 350030 281821 590733 392828 537420 490468 380492 398302 498513 544629 542541 615589 449204 325497 351387 219392 412954 549607 439296 285151 383918 218658 18069 214024 572943 597425 481896 450296 668359 330433 414297 583752 316995 261641 441009 680161 217617 167874 181178 219615 320192 275868 604159 1 694935 222608 744197 625166 193241 158006 618219 474194 168404 683446 308895 676564 260819 254351 257727 204636 350840 123683 206405 490848 751503 350062 583614 397753 240270 802807 672117 336487 569554 223162 219096 296823 464967 389265 167866 537889 556432 450823 713387 545757 111656 378544
 856105 544887 711701 607273 414245 946655 104419 317911 158709 932099 447695 826735 196939 643455 461748 928064 365542 369600 793679 771990 1019877 176323 597626 814515 319164 907088 692260 710871 249387 762066 751698 497934 889548 414765 1027512 119074 629373 622927 1111379 29715 552745 547567 667766 754501 897514 483657 772367 694935 1 709828 174368 333927 519173 769182 76826 858843 862316 320456 951299 177086 955667 440951 516236 825065 354018 589370 600236 608623 178205 1044874 419213 836398 869186 191044 884015 570783 520081 571418 484554 974164 766961 988906 725625 818128 711188 278100 106665 527937 733291 616436
 447818 225716 759095 759049 298346 271117 613945 393865 555582 711933 286834 620889 531876 352018 409352 837484 376058 372528 573860 441180 605664 607048 258825 506153 452585 281476 204586 9107 664723 383632 696793 310939 886081 453299 604012 619380 521230 465611 584517 703899 393448 321004 56069 442164 187696 226254 389317 222608 709828 1 806078 742170 220817 110681 638747 696631 306511 792761 493481 746150 363037 314574 421535 414634 363690 184667 402557 682733 813365 426005 725714 184811 179173 858149 889198 525810 737282 139089 333757 310037 682294 587018 62747 756310 761416 433032 759253 388801 125115 193011
 862614 674216 623267 507228 527974 1015749 212720 418281 265818 883761 574892 787138 276566 795982 619885 848832 503980 437164 762319 771932 1011103 199871 737234 802225 363785 962668 745708 805364 186543 914295 684234 641195 793190 423560 1020449 194196 600417 609681 1125412 152995 562967 580845 757449 752890 990627 584356 924721 744197 174368 806078 1 217417 594759 846327 198603 804289 903950 178480 959494 69825 998344 504248 520737 836253 443095 657502 605177 531175 7367 1089470 314183 953362 947964 60946 786123 539399 418278 667895 525102 1037613 704965 979704 809731 743459 622078 399178 68357 685001 804562 745377
 694303 670085 406226 289847 515750 906745 296903 407995 317359 677114 577023 586684 292317 827776 675357 632358 533278 379916 567650 601277 826673 211658 746401 620271 298799 839890 631408 739066 105963 940163 471951 664270 575945 297234 837110 263237 413882 435983 956931 304330 416429 457741 687751 581692 913269 546007 950474 625166 333927 742170 217417 1 521403 754685 304303 595758 768201 61848 789747 165860 860298 428156 372993 673089 412219 568010 449178 317587 221529 950770 96952 912426 853522 270607 569001 354834 200861 614760 417735 921205 494564 795567 729181 528382 404968 421336 249521 733468 707930 735233
 415243 229519 584745 562961 159056 427776 417179 205433 360542 618062 200352 511743 328204 415947 367949 708104 258499 157619 464260 363341 592052 394913 309314 427369 234323 390640 184798 217987 445101 498371 543739 286165 734629 236580 595231 416375 359092 309470 633999 508194 215689 143316 167102 354468 398053 93754 507189 193241 519173 220817 594759 521403 1 252613 443872 579275 358975 572069 495294 531884 447790 94035 228560 378684 165776 72540 245798 494648 602114 533432 508364 394876 354057 649601 735633 344110 529482 102565 124634 455063 536841 565415 215225 611347 586599 260334 553569 384955 214274 265287
 351876 329441 711847 728719 372611 179921 668522 451799 611166 626829 375884 544059 580573 462549 512871 764068 461368 409805 498931 360686 501119 646725 368955 422289 483422 172620 142943 102329 689203 488400 638280 414336 822640 457801 498637 668823 474880 419372 473848 759564 366538 303761 113999 365442 164643 294168 493324 158006 769182 110681 846327 754685 252613 1 694830 620988 198027 809796 388110 782235 252718 342205 402626 321435 415351 189809 362195 647448 853691 319424 724116 250123 101638 901820 826849 491770 719847 209640 336969 213414 620156 484330 53627 691992 714430 499869 806166 496824 48803 303123
 780668 484245 658063 559657 346396 871611 27605 245158 83725 865047 385496 758316 120121 597789 421361 869398 308814 293017 723787 697424 945700 113592 542696 741352 243026 830838 615685 639404 206500 716252 690826 445005 837080 341521 953121 50157 560202 550927 1035097 65168 477990 471027 595176 680172 826229 412571 726664 618219 76826 638747 198603 304303 443872 694830 1 793665 785520 305141 875564 172280 878917 364388 442452 749299 279500 513553 525814 552675 204531 968204 379208 771648 795269 234310 832174 502767 475153 499841 407867 898581 704401 914844 652219 758831 657801 211302 134422 486401 658132 555911
 300254 807694 228951 339941 714710 658543 770259 682584 743579 83281 771514 77042 695207 992275 936880 143557 802282 593178 122812 260569 307138 682899 884678 203838 581578 566496 492144 688134 626044 1061849 129519 863730 222894 469583 320257 744059 243505 277296 478373 832155 375758 438282 651733 255881 764364 670484 1069469 474194 858843 696631 804289 595758 579275 620988 793665 1 475915 652273 346783 739855 523713 557460 387557 315875 647005 548610 335734 280967 809710 585787 502688 869477 670999 862191 230601 293780 411419 662537 483396 643434 102446 284324 641290 112293 231811 740159 814547 962182 581202 832281
 178794 509491 618029 666058 511626 183274 757972 560968 705292 462807 533994 400663 665556 657704 687919 618093 609424 493347 362890 228112 305443 712806 559883 272800 548321 91779 174337 297659 727139 686310 526593 591348 693582 482770 302066 749804 402556 355604 284887 846831 351799 323136 291837 241727 299067 434384 691102 168404 862316 306511 903950 768201 358975 198027 785520 475915 1 828551 192217 835271 94439 422429 395328 160224 519123 287036 322091 580488 911179 185523 714328 434561 204981 963470 699698 441898 681605 366930 381419 174568 502313 291318 244427 566081 620978 618406 876760 681062 187307 494655
 756149 708281 455250 335973 553933 964602 303296 443624 333948 734230 612813 645869 316997 858893 699313 682077 561989 425316 627989 663125 887880 230419 782248 681812 343596 899152 689130 790055 134474 973327 526776 696160 619782 353910 898396 271223 475396 497828 1018766 291923 476771 515679 739044 643539 966759 590196 983715 683446 320456 792761 178480 61848 572069 809796 305141 652273 828551 1 851586 143649 920955 478188 433223 734867 452644 621818 510385 372269 181026 1011565 149681 959641 909359 224550 612237 416548 248869 662550 473056 979937 550461 856821 782486 580504 453746 449487 224244 759759 763580 775271
 96882 680902 539843 618490 654329 347970 848249 678787 802212 307735 688892 283983 757179 840752 851398 477222 753791 597752 264972 188816 113260 785456 739199 180255 632624 262100 322890 484440 773926 876088 436003 758450 569132 541408 110595 833232 379739 354100 167216 931269 400491 408034 470801 208314 484872 583176 881227 308895 951299 493481 959494 789747 495294 388110 875564 346783 192217 851586 1 889690 194346 532829 440555 126270 636147 430697 355322 536223 966305 240973 717114 626461 392758 1020420 577169 435868 658423 530837 472344 321572 406754 101014 430743 453798 542961 739770 945166 852686 369656 675357
 792809 625738 566020 453050 475809 949865 177887 364425 222699 818492 526815 720377 223569 758046 587498 789907 462016 374795 694531 702199 941873 139754 692658 732987 298832 895180 678537 745021 117459 875424 621903 599418 739182 354127 951136 151409 531961 540215 1055587 149034 493253 512307 696280 683182 929182 527421 885875 676564 177086 746150 69825 165860 531884 782235 172280 739855 835271 143649 889690 1 929617 440082 450955 766430 385476 592814 535358 470326 76744 1020787 259625 898488 883809 130731 732611 470945 363929 608980 457551 970916 641587 910472 747108 683025 565029 352871 83692 651102 739643 696079
 225436 579435 687705 745048 596480 156645 851402 651649 798238 496548 613682 452463 759079 713614 761333 661472 692719 586311 420922 297408 297844 807176 621660 328329 642523 84963 264853 354903 821112 728726 590933 663371 745835 576813 290690 843723 484028 440567 224533 940549 444319 417558 360255 313921 303893 518060 732377 260819 955667 363037 998344 860298 447790 252718 878917 523713 94439 920955 194346 929617 1 515159 487938 220741 610220 375303 412285 659522 1005569 91219 803831 458822 219204 1057894 752891 527610 766322 444748 475738 127303 564486 293236 305035 622585 690739 708053 971136 748756 257494 555823
 444004 281959 528303 491614 158497 512807 337015 146049 283099 607301 219882 497297 245326 466133 380719 675886 245693 71373 452109 375796 619082 304964 364643 433915 141419 466894 251310 311932 351141 560818 502239 316833 689338 152215 624108 332100 320824 280182 683456 427117 181739 131011 261135 362766 491568 136862 570295 254351 440951 314574 504248 428156 94035 342205 364388 557460 422429 478188 532829 440082 515159 1 176419 409035 103560 153401 224808 430714 511614 603996 419592 485448 443820 560299 689086 291591 449314 188313 74265 537046 500300 590222 308006 572688 529803 207325 466253 412376 300496 332673
 343905 451416 356890 338498 334621 538734 415929 295205 376843 444959 396197 334270 329042 637833 556285 500517 416627 205636 292888 256452 503671 345998 533431 299117 205553 467848 266846 415755 337360 725924 325823 492712 513416 101757 511443 397202 145991 114511 605312 494295 43631 101022 365846 238540 566930 305883 734926 257727 516236 421535 520737 372993 228560 402626 442452 387557 395328 433223 440555 450955 487938 176419 1 315967 259566 237240 85276 266590 527697 578763 325938 605662 495218 581498 513436 116778 318155 329471 107540 550307 324456 472674 389987 396375 358648 353637 504617 588746 353915 493360
