NAME : domp70p17v5
COMMENT : Cherkesly, Contardo & Gruson 2022
TYPE : DOMP
DIMENSION : 70
DISPLAY_DATA_TYPE : NO_DISPLAY
OPEN_FACILITIES : 17
COST_SECTION
 1 679677 335519 344584 624626 212832 515338 547982 399803 453698 486364 523484 248070 249371 441254 338668 329319 370349 177052 283863 84928 769552 511219 687203 130764 313115 430365 456936 469783 456957 540797 592330 471678 287342 375277 201006 223473 597272 494226 622872 421388 724598 185174 540942 521879 497574 618604 693932 291795 227197 214328 270805 510275 444788 622165 605768 182142 604461 318209 425536 366082 294088 635671 435083 468716 391938 526197 132261 513397 259952
 679677 1 545279 886117 287641 702200 1114222 971979 780601 574840 810153 247311 558459 886346 240743 1014907 749685 352283 519479 821815 711846 688337 313785 500795 808727 656658 878191 248282 295240 464366 325219 129334 758989 599382 893648 778003 716776 319592 198449 570956 702693 49793 817209 267315 217360 644031 187222 77758 440619 756527 836098 525787 1021983 990161 604903 111224 679412 370045 726982 422615 313602 963322 468022 255907 318295 625927 938252 801874 413877 765087
 335519 545279 1 676655 642409 200854 847906 429543 694019 121698 278983 309247 462100 410649 376766 628190 627664 415427 204517 612391 297082 933719 259281 793364 412204 113765 333001 301535 494997 592064 588239 421026 234115 523783 357072 290924 531181 635584 353161 777223 680857 574813 355166 305870 330970 714391 584359 594931 403437 250926 360107 459187 842858 779455 791717 525608 481509 667424 610272 538035 310607 601790 739637 397650 234638 623360 840689 387122 208831 577648
 344584 886117 676655 1 717895 546784 231163 841444 183087 796703 815818 803195 327672 470589 655224 310854 157790 533836 490233 68347 409185 665160 810619 672145 333721 655989 732981 719610 605010 485261 630073 837171 808360 292354 656568 501802 172368 678200 740186 565072 275498 935654 446155 828665 789776 392295 759540 871761 446613 543731 471851 360529 166204 108620 544202 786055 217822 658571 176127 495318 603193 252883 636220 632814 766055 318368 210953 366182 835721 121682
 624626 287641 642409 717895 1 732111 947984 1059795 573064 718171 920918 435896 416423 868299 268534 922676 563589 258708 519799 663719 686352 400924 499400 213844 751749 733925 949168 372849 159065 235855 89344 353559 876388 429847 936575 784007 568826 42264 333001 288549 480629 327220 799329 468731 398795 394488 101368 224267 333207 780109 825078 382351 824594 809761 324142 189129 547762 86094 543042 224578 332537 862493 181103 244800 478347 411650 715737 756883 597549 607103
 212832 702200 200854 546784 732111 1 683835 350008 612275 290673 273575 488230 430933 209802 492171 438112 541854 476784 212724 491142 137631 949111 449376 840384 235158 120343 231526 454637 573585 615904 660305 588380 261659 482253 204466 90090 436204 714448 503752 795773 627604 738788 156892 492264 501864 691921 697612 738407 426180 54661 159379 443313 709051 639043 801299 658040 393298 734455 529974 571929 413564 420564 786506 501142 416939 588812 737322 204803 409548 472080
 515338 1114222 847906 231163 947984 683835 1 914559 390414 961807 930326 1015541 556389 541725 880070 294772 384826 762273 683585 292582 555105 855700 1015476 888750 448827 802664 822396 935881 835877 713983 860604 1058989 934839 523485 734962 615731 397453 907871 960670 776093 488686 1163535 547088 1038462 1005556 602894 990683 1102085 673662 663866 564308 589952 173985 144752 750860 1015832 437055 886261 404973 726191 823087 276124 857008 859452 971387 542748 320183 480166 1027600 349749
 547982 971979 429543 841444 1059795 350008 914559 1 941962 411339 171528 728791 780286 377071 801109 622810 871923 813397 553060 798627 463406 1299017 668824 1185467 508306 326591 118760 730955 904932 964068 995628 845009 224043 829597 185012 350012 766358 1047358 782545 1145273 969358 998113 395874 717717 755166 1040165 1010245 1024177 772405 321395 369596 793314 988551 914046 1151262 954844 729272 1072514 863379 917956 728686 640267 1131317 817986 655014 935970 1047517 476553 584663 793459
 399803 780601 694019 183087 573064 612275 390414 941962 1 815318 885341 746689 253242 593658 570095 483383 70501 438781 490671 170779 481416 482081 769158 498351 444627 703358 826402 657234 486684 337516 490020 755603 867463 194142 761795 592015 176545 531423 665708 386783 98362 830259 552048 776711 725818 213178 630779 753053 365784 624945 581079 275245 251607 246075 363594 673191 219782 503881 84124 363145 536989 421446 467289 541503 725509 161571 162187 472710 815685 151578
 453698 574840 121698 796703 718171 290673 961807 411339 815318 1 241464 327575 580360 492890 449807 728520 749225 512575 325012 733053 407139 1035606 262840 885675 518997 173668 341871 352479 581370 696192 674358 445608 188722 642580 393636 377345 652848 717115 401175 879869 799839 595439 447061 311378 358623 828233 648040 635341 513064 330887 445781 575262 962869 898441 896888 578032 603202 753713 731680 640333 396233 707865 832911 476310 258210 740217 962386 491249 173362 699128
 486364 810153 278983 815818 920918 273575 930326 171528 885341 241464 1 564411 689870 395725 655740 654985 815014 686377 440280 762826 409288 1193233 502192 1064146 489184 197507 138376 575037 771226 852333 863974 681823 52842 745804 223441 317644 709582 912800 626111 1037108 896139 833748 383593 551051 592794 951534 862929 866125 659414 272630 366334 696415 974848 902821 1047523 801407 665868 942647 802575 801677 588545 655757 1010018 676327 491890 851606 1010248 456268 414696 745554
 523484 247311 309247 803195 435896 488230 1015541 728791 746689 327575 564411 1 495138 688821 200900 859889 696948 324022 346879 734963 531036 809339 68372 634621 641326 422926 640425 90580 340808 503701 421014 118033 512767 552549 665418 572507 632117 447977 106130 664720 693193 269469 623411 34646 37245 674598 347778 310604 381578 542657 637080 471459 959064 911768 691278 265698 585375 493976 674758 447387 209947 817570 587805 235449 74708 618340 908620 626687 170752 683850
 248070 558459 462100 327672 416423 430933 556389 780286 253242 580360 689870 495138 1 494893 329758 507318 202195 206180 259064 263812 329203 522972 515932 443036 357216 495335 661533 406674 283362 214421 327300 514149 662399 62887 617316 444344 159955 381662 419862 374828 219788 607983 432972 524424 476152 261940 440644 546414 120047 461273 462318 34743 470245 432606 375115 459585 131621 377058 179788 195585 286634 446410 393271 305723 472269 162792 414226 371095 564518 206754
 249371 886346 410649 470589 868299 209802 541725 377071 593658 492890 395725 688821 494893 1 659426 259306 526806 610499 368631 435623 182427 1010875 655241 936241 149879 319290 280703 644159 710818 706050 786760 781117 409595 526760 193928 119823 427237 843115 689979 868182 640590 926715 70082 696115 698377 731666 852676 912962 538029 162408 51805 519512 612260 537576 864924 827690 402660 852627 523400 674700 580126 265675 884934 660542 620245 626127 680265 126328 619336 442088
 441254 240743 376766 655224 268534 492171 880070 801109 570095 449807 655740 200900 329758 659426 1 774621 529192 132145 291182 589114 480170 613561 251312 446027 571339 474663 694898 116593 142856 303127 230584 185622 609850 378989 693565 558393 483587 268376 100378 465710 505909 288025 589453 235381 169738 476686 209239 254218 209714 544401 610902 299947 799718 761616 491218 168308 443238 308375 506395 247398 79583 722619 396108 34550 220726 429189 731826 566681 340410 533546
 338668 1014907 628190 310854 922676 438112 294772 622810 483383 728520 654985 859889 507318 259306 774621 1 434220 685949 513252 314246 336042 957297 842001 931245 220533 557701 537114 795553 779522 714340 833990 930936 667097 508361 447420 355648 370735 888837 832616 837996 562023 1060878 284111 875254 859935 673990 935399 1023323 597820 404609 292990 540749 404818 332955 823910 934415 378298 883357 442373 702749 702199 63857 886972 764444 801199 579920 511379 241645 828812 353124
 329319 749685 627664 157790 563589 541854 384826 871923 70501 749225 815014 696948 202195 526806 529192 434220 1 400646 425544 121372 410962 523231 715161 515733 377210 633915 756143 608809 460439 329158 476910 714530 797551 150843 692284 521924 106061 523208 621492 411647 127813 799477 483239 725743 678343 241752 611253 728493 320501 554512 512476 229428 272314 246715 393549 645316 149944 501723 22828 343904 488825 370891 478732 502874 671030 160652 216682 404478 756603 86591
 370349 352283 415427 533836 258708 476784 762273 813397 438781 512575 686377 324022 206180 610499 132145 685949 400646 1 264124 469732 428229 523358 363513 378286 499864 492135 699523 233976 100323 188874 183552 317025 646510 249819 680943 525510 365010 237884 230926 368388 373912 401831 541206 357323 296906 351165 250127 343228 90398 523170 566621 173703 672510 638215 388027 255131 329874 259160 377822 131231 125297 629380 324377 102755 325493 297407 600191 502209 438549 412865
 177052 519479 204517 490233 519799 212724 683585 553060 490671 325012 440280 346879 259064 368631 291182 513252 425544 264124 1 423219 192553 753278 334874 632413 296208 242852 437301 284696 361036 413514 447673 421886 407992 319976 417073 268603 333374 501725 326225 597471 476736 561574 298846 363891 347046 516289 490129 544344 220552 260446 319748 259640 655044 596939 607263 459480 283115 522365 407353 365344 211689 470933 578258 294750 291950 421464 640549 284900 346174 382351
 283863 821815 612391 68347 663719 491142 292582 798627 170779 733053 762826 734963 263812 435623 589114 314246 121372 469732 423219 1 353833 644175 742304 633536 291171 596832 687120 651650 544472 434821 575029 770209 752620 234407 614788 453245 105528 625018 672876 532047 248769 871204 403009 760345 721796 363086 700355 809816 381455 492582 430395 297481 231868 176954 514729 723325 149615 608702 133271 439573 535679 251523 594212 567525 697736 277097 249373 322236 768205 57504
 84928 711846 297082 409185 686352 137631 555105 463406 481416 407139 409288 531036 329203 182427 480170 336042 410962 428229 192553 353833 1 851967 507955 763208 116210 250109 346168 475799 528550 533357 605733 613320 399283 371400 290565 116300 304910 661949 518573 703609 506122 754126 112989 543545 535372 581982 670562 734331 357891 143588 139288 349279 571916 502580 704243 648021 265965 673267 401031 497910 401511 305138 710820 479545 468424 476501 600993 96101 493158 337265
 769552 688337 933719 665160 400924 949111 855700 1299017 482081 1035606 1193233 809339 522972 1010875 613561 957297 523231 523358 753278 644175 851967 1 864608 187746 865265 995738 1180637 730060 470709 341926 389034 746123 1158410 484228 1140079 967315 597635 373128 703266 156566 395461 726099 952772 843847 774200 284900 502155 621399 534005 983032 982516 506345 690095 713137 148032 588204 610929 322820 515270 395884 644655 893776 224322 580214 833725 387026 545406 884748 952441 605110
 511219 313785 259281 810619 499400 449376 1015476 668824 769158 262840 502192 68372 515932 655241 251312 842001 715161 363513 334874 742304 507955 864608 1 693568 621682 372480 585028 134733 394003 549088 478533 184602 450012 576024 616075 536693 642293 509054 166497 716879 722972 332617 592493 48907 104356 714118 413936 378675 409091 502886 603483 495766 970454 919104 741742 333332 593793 553587 693578 491767 241115 803643 645293 285241 44583 650203 929895 604040 102407 693923
 687203 500795 793364 672145 213844 840384 888750 1185467 498351 885675 1064146 634621 443036 936241 446027 931245 515733 378286 632413 633536 763208 187746 693568 1 800209 868705 1069251 560665 305738 230248 215538 563422 1024776 425144 1040490 873643 560517 189242 528764 119146 400202 538359 872013 668694 598456 286653 315212 433712 414205 881091 900631 416771 739891 744247 153240 402301 558143 140841 500627 268516 489483 867718 54223 414709 666293 356442 608664 813749 786251 583609
 130764 808727 412204 333721 751749 235158 448827 508306 444627 518997 489184 641326 357216 149879 571339 220533 377210 499864 296208 291171 116210 865265 621682 800209 1 354686 399336 580629 598650 571327 666422 717384 488584 382611 323887 171587 277431 722815 620390 725816 490939 852982 112512 655654 643119 584046 748860 824459 418588 217548 139245 385118 487103 414202 720546 736411 254813 726847 373530 545721 495269 189618 750399 565772 581208 479024 539371 33016 609334 293108
 313115 656658 113765 655989 733925 120343 802664 326591 703358 173668 197507 422926 495335 319290 474663 557701 633915 492135 242852 596832 250109 995738 372480 868705 354686 1 222525 410488 580516 654992 672286 533778 167134 552959 243596 204098 530681 722843 462009 839651 706063 687456 274555 419450 443906 756193 683875 703508 461999 157226 272193 500220 820403 752098 850040 630792 483998 750195 619495 604800 402217 540894 814505 491452 348366 657841 838159 324878 313267 571494
 430365 878191 333001 732981 949168 231526 822396 118760 826402 341871 138376 640425 661533 280703 694898 537114 756143 699523 437301 687120 346168 1180637 585028 1069251 399336 222525 1 632853 792836 846588 882510 753832 176628 710939 90945 234895 650289 935082 684419 1027182 851551 907624 287227 633366 663708 921451 904031 926005 655540 203288 263507 674736 884582 810681 1032816 853030 612120 958630 746949 801266 620295 546293 1015178 709701 565765 817351 936469 366800 510657 679124
 456936 248282 301535 719610 372849 454637 935881 730955 657234 352479 575037 90580 406674 644159 116593 795553 608809 233976 284696 651650 475799 730060 134733 560665 580629 410488 632853 1 259370 416183 345206 137554 525938 463134 645516 532654 547686 378671 51637 582172 602670 284259 576147 123366 70188 584979 296097 293437 291668 509137 593130 382026 873163 827948 607258 226809 502153 421512 586458 359289 120272 749684 511613 150536 106102 527761 819307 569449 226125 599259
 469783 295240 494997 605010 159065 573585 835877 904932 486684 581370 771226 340808 283362 710818 142856 779522 460439 100323 361036 544472 528550 470709 394003 305738 598650 580516 792836 259370 1 175001 93386 297633 728760 313058 778033 625001 442721 142432 235724 323920 407464 344550 641524 375453 307114 355405 157513 268055 182121 621190 666881 248706 731654 705129 350843 186534 413539 172805 438108 127862 185719 721431 254513 109856 363318 330704 643209 601865 482625 486970
 456957 464366 592064 485261 235855 615904 713983 964068 337516 696192 852333 503701 214421 706050 303127 714340 329158 188874 413514 434821 533357 341926 549088 230248 571327 654992 846588 416183 175001 1 153162 471939 816727 206830 813406 644766 347393 194661 402456 185363 247225 512501 641787 537984 472790 180691 297729 424954 193076 654291 670456 186751 588889 574499 200734 353305 336489 173883 309342 57715 314054 651781 179177 268692 512784 175961 484333 583981 627218 379784
 540797 325219 588239 630073 89344 660305 860604 995628 490020 674358 863974 421014 327300 786760 230584 833990 476910 183552 447673 575029 605733 389034 478533 215538 666422 672286 882510 345206 93386 153162 1 360002 821868 340892 864373 707032 479557 56476 314891 252100 400361 370931 718451 455385 385471 324287 147045 276760 249085 706295 744935 293374 740926 723509 283632 215161 458523 79446 455973 135521 279069 773565 166880 199853 450759 328524 637293 672856 570713 518250
 592330 129334 421026 837171 353559 588380 1058989 845009 755603 445608 681823 118033 514149 781117 185622 930936 714530 317025 421886 770209 613320 746123 184602 563422 717384 533778 753832 137554 297633 471939 360002 1 630394 564542 773868 668489 664897 374228 99310 611774 689352 153796 713390 138985 90142 651139 256246 195808 394356 643031 729920 485133 984393 944415 642131 167770 622240 423739 691756 420482 236269 883613 521807 214697 190121 612214 917189 706762 285429 715621
 471678 758989 234115 808360 876388 261659 934839 224043 867463 188722 52842 512767 662399 409595 609850 667097 797551 646510 407992 752620 399283 1158410 450012 1024776 488584 167134 176628 525938 728760 816727 821868 630394 1 720078 253150 319111 693120 869641 576730 1001962 872843 781931 388485 498829 541681 922971 815907 815941 624505 271302 374775 666697 969964 899191 1013750 752633 647699 900892 783948 764814 544714 662845 970791 631591 440704 824957 997768 456160 361888 731618
 287342 599382 523783 292354 429847 482253 523485 829597 194142 642580 745804 552549 62887 526760 378989 508361 150843 249819 319976 234407 371400 484228 576024 425144 382611 552959 710939 463134 313058 206830 340892 564542 720078 1 661801 487658 140789 391832 472785 343403 157267 649159 468837 582654 531878 210868 467199 580612 171980 508734 498661 81111 422964 392313 338263 496154 133099 379050 128026 205371 342873 445456 379118 352160 532697 106561 356175 400805 626774 177397
 375277 893648 357072 656568 936575 204466 734962 185012 761795 393636 223441 665418 617316 193928 693565 447420 692284 680943 417073 614788 290565 1140079 616075 1040490 323887 243596 90945 645516 778033 813406 864373 773868 253150 661801 1 174285 587583 918731 696241 989422 794811 926910 211792 662936 684649 872503 900559 935149 626939 159418 184821 634411 803837 729430 992083 857386 553343 937912 685035 772110 615845 459231 986944 704202 591136 767065 863257 292562 552855 611944
 201006 778003 290924 501802 784007 90090 615731 350012 592015 377345 317644 572507 444344 119823 558393 355648 521924 525510 268603 453245 116300 967315 536693 873643 171587 204098 234895 532654 625001 644766 707032 668489 319111 487658 174285 1 416359 762590 580137 817895 621263 816616 71571 578420 583873 698279 758651 809380 463084 49129 69367 462904 658176 585622 819439 726279 380157 777652 513464 606374 478844 344971 820652 563313 502695 592795 702574 138636 499539 444240
 223473 716776 531181 172368 568826 436204 397453 766358 176545 652848 709582 632117 159955 427237 483587 370735 106061 365010 333374 105528 304910 597635 642293 560517 277431 530681 650289 547686 442721 347393 479557 664897 693120 140789 587583 416359 1 531608 567819 469343 213699 766083 380050 658342 617872 312985 599576 706335 276216 448473 409607 194267 328161 280337 458014 619313 50277 519830 97501 344361 430859 307214 516725 462145 597725 212223 309849 302744 673851 51759
 597272 319592 635584 678200 42264 714448 907871 1047358 531423 717115 912800 447977 381662 843115 268376 888837 523208 237884 501725 625018 661949 373128 509054 189242 722815 722843 935082 378671 142432 194661 56476 374228 869641 391832 918731 762590 531608 1 342914 252061 438603 361492 774722 481658 411357 352377 132596 260593 305548 761051 801107 348094 783006 769043 286880 215477 512386 50711 502908 187448 325053 828070 149552 240829 484769 370146 673519 729330 604728 568709
 494226 198449 353161 740186 333001 503752 960670 782545 665708 401175 626111 106130 419862 689979 100378 832616 621492 230926 326225 672876 518573 703266 166497 528764 620390 462009 684419 51637 235724 402456 314891 99310 576730 472785 696241 580137 567819 342914 1 559386 604677 236764 621365 140583 71396 577014 250461 241800 301105 558089 639311 392337 889642 847850 586554 176891 524339 388264 598833 347327 137584 784720 481703 134166 147746 528321 827813 610891 265135 618862
 622872 570956 777223 565072 288549 795773 776093 1145273 386783 879869 1037108 664720 374828 868182 465710 837996 411647 368388 597471 532047 703609 156566 716879 119146 725816 839651 1027182 582172 323920 185363 252100 611774 1001962 343403 989422 817895 469343 252061 559386 1 289982 613522 807556 699365 630768 173614 384527 512280 377720 831371 837012 355089 623510 631346 36834 463951 474897 202711 398933 239657 491194 774146 113183 431641 684021 258080 490224 742942 801594 485807
 421388 702693 680857 275498 480629 627604 488686 969358 98362 799839 896139 693193 219788 640590 505909 562023 127813 373912 476736 248769 506122 395461 722972 400202 490939 706063 851551 602670 407464 247225 400361 689352 872843 157267 794811 621263 213699 438603 604677 289982 1 751914 591061 724975 668919 116801 544244 669605 313884 648264 620875 230504 347030 344431 268775 593205 241596 408531 121791 280413 484064 498648 368996 474877 680730 77348 237426 515396 779739 211517
 724598 49793 574813 935654 327220 738788 1163535 998113 830259 595439 833748 269469 607983 926715 288025 1060878 799477 401831 561574 871204 754126 726099 332617 538359 852982 687456 907624 284259 344550 512501 370931 153796 781931 649159 926910 816616 766083 361492 236764 613522 751914 1 857995 284344 243918 691655 229020 105159 489877 793332 876074 575409 1071775 1039835 648034 159268 728345 411421 776773 471671 358775 1009981 508309 304650 343141 675250 987703 845206 429166 814547
 185174 817209 355166 446155 799329 156892 547088 395874 552048 447061 383593 623411 432972 70082 589453 284111 483239 541206 298846 403009 112989 952772 592493 872013 112512 274555 287227 576147 641524 641787 718451 713390 388485 468837 211792 71571 380050 774722 621365 807556 591061 857995 1 632077 631687 676730 782708 843102 470168 120646 29945 455930 597756 524184 805902 757695 350135 785296 477433 608572 510205 274446 820182 590461 556178 570831 651667 80774 562363 401315
 540942 267315 305870 828665 468731 492264 1038462 717717 776711 311378 551051 34646 524424 696115 235381 875254 725743 357323 363891 760345 543545 843847 48907 668694 655654 419450 633366 123366 375453 537984 455385 138985 498829 582654 662936 578420 658342 481658 140583 699365 724975 284344 632077 1 70305 708214 379050 334527 412431 546235 644311 501665 985952 937284 725910 295286 610946 527975 703708 481533 241026 834691 622121 269928 75907 650524 938416 639563 146583 710100
 521879 217360 330970 789776 398795 501864 1005556 755166 725818 358623 592794 37245 476152 698377 169738 859935 678343 296906 347046 721796 535372 774200 104356 598456 643119 443906 663708 70188 307114 472790 385471 90142 541681 531878 684649 583873 617872 411357 71396 630768 668919 243918 631687 70305 1 645856 310576 277135 360035 556506 646851 450831 943254 898127 657934 228999 572274 457710 655923 417120 189518 815533 552096 204102 100989 593290 887978 630235 206606 669446
 497574 644031 714391 392295 394488 691921 602894 1040165 213178 828233 951534 674598 261940 731666 476686 673990 241752 351165 516289 363086 581982 284900 714118 286653 584046 756193 921451 584979 355405 180691 324287 651139 922971 210868 872503 698279 312985 352377 577014 173614 116801 691655 676730 708214 645856 1 471331 600805 317604 719528 706662 256650 453817 458199 152151 532817 329271 314848 231664 230827 473489 610268 260466 442946 674838 105916 328034 605353 783436 321022
 618604 187222 584359 759540 101368 697612 990683 1010245 630779 648040 862929 347778 440644 852676 209239 935399 611253 250127 490129 700355 670562 502155 413936 315212 748860 683875 904031 296097 157513 297729 147045 256246 815907 467199 900559 758651 599576 132596 250461 384527 544244 229020 782708 379050 310576 471331 1 130291 337639 748591 806362 405934 879840 857498 419028 89109 571045 182877 589411 268203 284867 877970 280839 196471 398199 470325 781647 749566 514746 642879
 693932 77758 594931 871761 224267 738407 1102085 1024177 753053 635341 866125 310604 546414 912962 254218 1023323 728493 343228 544344 809816 734331 621399 378675 433712 824459 703508 926005 293437 268055 424954 276760 195808 815941 580612 935149 809380 706335 260593 241800 512280 669605 105159 843102 334527 277135 600805 130291 1 433614 791945 863937 512389 999523 972901 547403 88956 672946 309596 706155 390200 332973 968960 405166 259278 377134 594330 906872 820640 480495 752441
 291795 440619 403437 446613 333207 426180 673662 772405 365784 513064 659414 381578 120047 538029 209714 597820 320501 90398 220552 381455 357891 534005 409091 414205 418588 461999 655540 291668 182121 193076 249085 394356 624505 171980 626939 463084 276216 305548 301105 377720 313884 489877 470168 412431 360035 317604 337639 433614 1 467545 497168 91238 590124 552319 389476 345413 239702 315433 297799 145789 171631 540400 360363 186203 366943 241988 527951 423961 469104 325111
 227197 756527 250926 543731 780109 54661 663866 321395 624945 330887 272630 542657 461273 162408 544401 404609 554512 523170 260446 492582 143588 983032 502886 881091 217548 157226 203288 509137 621190 654291 706295 643031 271302 508734 159418 49129 448473 761051 558089 831371 648264 793332 120646 546235 556506 719528 748591 791945 467545 1 115093 476771 702221 630307 835003 710935 409183 779169 544588 612695 465407 393919 827530 552230 471079 614926 741351 184948 459635 479739
 214328 836098 360107 471851 825078 159379 564308 369596 581079 445781 366334 637080 462318 51805 610902 292990 512476 566621 319748 430395 139288 982516 603483 900631 139245 272193 263507 593130 666881 670456 744935 729920 374775 498661 184821 69367 409607 801107 639311 837012 620875 876074 29945 644311 646851 706662 806362 863937 497168 115093 1 484886 621175 547192 835569 779209 380036 812513 506930 636529 531436 289435 848635 613074 568441 600760 678528 108723 568565 430110
 270805 525787 459187 360529 382351 443313 589952 793314 275245 575262 696415 471459 34743 519512 299947 540749 229428 173703 259640 297481 349279 506345 495766 416771 385118 500220 674736 382026 248706 186751 293374 485133 666697 81111 634411 462904 194267 348094 392337 355089 230504 575409 455930 501665 450831 256650 405934 512389 91238 476771 484886 1 499920 464514 358348 425880 166187 345062 206683 163126 261764 480193 365903 274582 452710 165158 437282 397243 549349 240204
 510275 1021983 842858 166204 824594 709051 173985 988551 251607 962869 974848 959064 470245 612260 799718 404818 272314 672510 655044 231868 571916 690095 970454 739891 487103 820403 884582 873163 731654 588889 740926 984393 969964 422964 803837 658176 328161 783006 889642 623510 347030 1071775 597756 985952 943254 453817 879840 999523 590124 702221 621175 499920 1 74829 595282 917189 377011 755124 295055 611638 754491 362032 713569 774345 925885 412958 147440 520101 999585 276567
 444788 990161 779455 108620 809761 639043 144752 914046 246075 898441 902821 911768 432606 537576 761616 332955 246715 638215 596939 176954 502580 713137 919104 744247 414202 752098 810681 827948 705129 574499 723509 944415 899191 392313 729430 585622 280337 769043 847850 631346 344431 1039835 524184 937284 898127 458199 857498 972901 552319 630307 547192 464514 74829 1 606180 888311 326411 745388 268181 590568 711116 288018 713196 738317 874549 401068 191330 447218 942894 229010
 622165 604903 791717 544202 324142 801299 750860 1151262 363594 896888 1047523 691278 375115 864924 491218 823910 393549 388027 607263 514729 704243 148032 741742 153240 720546 850040 1032816 607258 350843 200734 283632 642131 1013750 338263 992083 819439 458014 286880 586554 36834 268775 648034 805902 725910 657934 152151 419028 547403 389476 835003 835569 358348 595282 606180 1 497073 467355 238114 382431 257350 512279 760078 150008 456873 707738 245796 459525 739059 824300 470850
 605768 111224 525608 786055 189129 658040 1015832 954844 673191 578032 801407 265698 459585 827690 168308 934415 645316 255131 459480 723325 648021 588204 333332 402301 736411 630792 853030 226809 186534 353305 215161 167770 752633 496154 857386 726279 619313 215477 176891 463951 593205 159268 757695 295286 228999 532817 89109 88956 345413 710935 779209 425880 917189 888311 497073 1 585005 266153 622784 312807 247813 880005 365028 170746 322567 516803 829514 733206 435385 666083
 182142 679412 481509 217822 547762 393298 437055 729272 219782 603202 665868 585375 131621 402660 443238 378298 149944 329874 283115 149615 265965 610929 593793 558143 254813 483998 612120 502153 413539 336489 458523 622240 647699 133099 553343 380157 50277 512386 524339 474897 241596 728345 350135 610946 572274 329271 571045 672946 239702 409183 380036 166187 377011 326411 467355 585005 1 505168 136722 325334 386881 316391 511557 423715 549211 224258 359203 276463 623891 100655
 604461 370045 667424 658571 86094 734455 886261 1072514 503881 753713 942647 493976 377058 852627 308375 883357 501723 259160 522365 608702 673267 322820 553587 140841 726847 750195 958630 421512 172805 173883 79446 423739 900892 379050 937912 777652 519830 50711 388264 202711 408531 411421 785296 527975 457710 314848 182877 309596 315433 779169 812513 345062 755124 745388 238114 266153 505168 1 482467 181989 358509 821540 98902 278540 527469 344392 640204 735585 647535 553536
 318209 726982 610272 176127 543042 529974 404973 863379 84124 731680 802575 674758 179788 523400 506395 442373 22828 377822 407353 133271 401031 515270 693578 500627 373530 619495 746949 586458 438108 309342 455973 691756 783948 128026 685035 513464 97501 502908 598833 398933 121791 776773 477433 703708 655923 231664 589411 706155 297799 544588 506930 206683 295055 268181 382431 622784 136722 482467 1 322441 466409 378700 462310 480047 649518 144325 237169 399677 736154 89977
 425536 422615 538035 495318 224578 571929 726191 917956 363145 640333 801677 447387 195585 674700 247398 702749 343904 131231 365344 439573 497910 395884 491767 268516 545721 604800 801266 359289 127862 57715 135521 420482 764814 205371 772110 606374 344361 187448 347327 239657 280413 471671 608572 481533 417120 230827 268203 390200 145789 612695 636529 163126 611638 590568 257350 312807 325334 181989 322441 1 256353 641480 214837 213195 455193 204320 517100 555568 569503 382739
 366082 313602 310607 603193 332537 413564 823087 728686 536989 396233 588545 209947 286634 580126 79583 702199 488825 125297 211689 535679 401511 644655 241115 489483 495269 402217 620295 120272 185719 314054 279069 236269 544714 342873 615845 478844 430859 325053 137584 491194 484064 358775 510205 241026 189518 473489 284867 332973 171631 465407 531436 261764 754491 711116 512279 247813 386881 358509 466409 256353 1 652079 436917 89418 201363 410091 699044 489317 313253 482116
 294088 963322 601790 252883 862493 420564 276124 640267 421446 707865 655757 817570 446410 265675 722619 63857 370891 629380 470933 251523 305138 893776 803643 867718 189618 540894 546293 749684 721431 651781 773565 883613 662845 445456 459231 344971 307214 828070 784720 774146 498648 1009981 274446 834691 815533 610268 877970 968960 540400 393919 289435 480193 362032 288018 760078 880005 316391 821540 378700 641480 652079 1 823718 710859 761788 516073 458228 216663 797104 289334
 635671 468022 739637 636220 181103 786506 857008 1131317 467289 832911 1010018 587805 393271 884934 396108 886972 478732 324377 578258 594212 710820 224322 645293 54223 750399 814505 1015178 511613 254513 179177 166880 521807 970791 379118 986944 820652 516725 149552 481703 113183 368996 508309 820182 622121 552096 260466 280839 405166 360363 827530 848635 365903 713569 713196 150008 365028 511557 98902 462310 214837 436917 823718 1 364096 616776 318178 587670 763146 736513 542614
 435083 255907 397650 632814 244800 501142 859452 817986 541503 476310 676327 235449 305723 660542 34550 764444 502874 102755 294750 567525 479545 580214 285241 414709 565772 491452 709701 150536 109856 268692 199853 214697 631591 352160 704202 563313 462145 240829 134166 431641 474877 304650 590461 269928 204102 442946 196471 259278 186203 552230 613074 274582 774345 738317 456873 170746 423715 278540 480047 213195 89418 710859 364096 1 253556 397873 702793 563097 372769 511303
 468716 318295 234638 766055 478347 416939 971387 655014 725509 258210 491890 74708 472269 620245 220726 801199 671030 325493 291950 697736 468424 833725 44583 666293 581208 348366 565765 106102 363318 512784 450759 190121 440704 532697 591136 502695 597725 484769 147746 684021 680730 343141 556178 75907 100989 674838 398199 377134 366943 471079 568441 452710 925885 874549 707738 322567 549211 527469 649518 455193 201363 761788 616776 253556 1 608576 886014 564502 120068 649349
 391938 625927 623360 318368 411650 588812 542748 935970 161571 740217 851606 618340 162792 626127 429189 579920 160652 297407 421464 277097 476501 387026 650203 356442 479024 657841 817351 527761 330704 175961 328524 612214 824957 106561 767065 592795 212223 370146 528321 258080 77348 675250 570831 650524 593290 105916 470325 594330 241988 614926 600760 165158 412958 401068 245796 516803 224258 344392 144325 204320 410091 516073 318178 397873 608576 1 312794 499800 710550 228281
 526197 938252 840689 210953 715737 737322 320183 1047517 162187 962386 1010248 908620 414226 680265 731826 511379 216682 600191 640549 249373 600993 545406 929895 608664 539371 838159 936469 819307 643209 484333 637293 917189 997768 356175 863257 702574 309849 673519 827813 490224 237426 987703 651667 938416 887978 328034 781647 906872 527951 741351 678528 437282 147440 191330 459525 829514 359203 640204 237169 517100 699044 458228 587670 702793 886014 312794 1 570965 973229 266666
 132261 801874 387122 366182 756883 204803 480166 476553 472710 491249 456268 626687 371095 126328 566681 241645 404478 502209 284900 322236 96101 884748 604040 813749 33016 324878 366800 569449 601865 583981 672856 706762 456160 400805 292562 138636 302744 729330 610891 742942 515396 845206 80774 639563 630235 605353 749566 820640 423961 184948 108723 397243 520101 447218 739059 733206 276463 735585 399677 555568 489317 216663 763146 563097 564502 499800 570965 1 587284 321538
 513397 413877 208831 835721 597549 409548 1027600 584663 815685 173362 414696 170752 564518 619336 340410 828812 756603 438549 346174 768205 493158 952441 102407 786251 609334 313267 510657 226125 482625 627218 570713 285429 361888 626774 552855 499539 673851 604728 265135 801594 779739 429166 562363 146583 206606 783436 514746 480495 469104 459635 568565 549349 999585 942894 824300 435385 623891 647535 736154 569503 313253 797104 736513 372769 120068 710550 973229 587284 1 724434
 259952 765087 577648 121682 607103 472080 349749 793459 151578 699128 745554 683850 206754 442088 533546 353124 86591 412865 382351 57504 337265 605110 693923 583609 293108 571494 679124 599259 486970 379784 518250 715621 731618 177397 611944 444240 51759 568709 618862 485807 211517 814547 401315 710100 669446 321022 642879 752441 325111 479739 430110 240204 276567 229010 470850 666083 100655 553536 89977 382739 482116 289334 542614 511303 649349 228281 266666 321538 724434 1
LAMBDA_SECTION
1 454
2 878
3 676
4 522
5 207
6 840
7 285
8 298
9 972
10 996
11 893
12 747
13 243
14 246
15 641
16 819
17 261
18 626
19 193
20 726
21 637
22 679
23 635
24 358
25 586
26 757
27 266
28 323
29 720
30 412
31 644
32 663
33 987
34 328
35 44
36 972
37 966
38 305
39 905
40 434
41 914
42 773
43 834
44 994
45 964
46 269
47 152
48 337
49 153
50 4
51 81
52 154
53 837
54 330
55 354
56 908
57 856
58 792
59 606
60 682
61 352
62 653
63 60
64 576
65 744
66 398
67 539
68 140
69 571
70 897
