NAME : domp80p20v3
COMMENT : Cherkesly, Contardo & Gruson 2022
TYPE : DOMP
DIMENSION : 80
DISPLAY_DATA_TYPE : NO_DISPLAY
OPEN_FACILITIES : 20
COST_SECTION
 1 238116 911324 1019015 744324 827706 895294 904613 198185 555891 469876 713374 872945 125779 400121 462628 598656 325451 573135 268964 42763 672632 782253 473598 585894 601715 444312 654458 154007 64692 704338 133282 852004 362189 573007 234289 542973 404897 332986 770781 282747 121582 691218 780005 317159 190821 200710 301963 751037 771417 904710 321355 313109 475775 646715 800309 28227 327276 301426 688881 319617 633717 951251 721087 386754 669634 546251 232319 681287 641959 650004 362860 319987 307868 699357 532481 485077 350599 448339 937584
 238116 1 934756 1193343 829434 924538 980705 1081478 116480 790908 549556 818848 893275 117740 592779 429391 831603 407367 675635 382780 226867 907260 952765 594787 686282 837866 514664 857991 271811 227236 804188 300186 855605 597352 764048 468029 779231 507127 571099 963057 515770 344573 849055 766750 503217 402487 396711 203748 966494 942996 879403 553628 293884 519612 884455 862383 214727 559057 432874 762776 265754 617627 948059 916463 475811 801034 642205 38052 900486 723569 713723 600445 406589 211231 831429 454183 582334 493668 678086 948938
 911324 934756 1 736990 265109 290458 249253 693691 827057 1168109 450947 340237 41975 890472 700402 508845 977486 586570 399473 647702 870879 1038075 614881 496786 387275 1179814 469908 763205 757632 972635 325465 784102 101809 1055764 683403 885038 1141632 523943 978094 731178 1033733 850219 540847 199509 704420 805201 771071 734084 878672 617597 188348 1058293 643057 435904 1167272 171566 895901 881512 631280 266603 669130 326425 108161 733539 531142 438945 406234 896705 879012 313860 279434 962243 592607 727066 436745 523925 454170 609298 889909 51650
 1019015 1193343 736990 1 529084 455683 488216 114660 1082589 867938 698756 475772 744636 1089123 619404 930179 613006 804456 575447 812906 1000301 616786 240590 616389 571607 845614 734668 396768 922631 1077896 498928 904008 802732 888116 449284 828901 844342 707591 828453 266297 927611 900450 349015 853017 702594 829753 818769 1064749 388427 250395 913944 924876 958055 768770 792890 594848 1024577 753300 761466 588603 1003140 862962 844910 317628 744053 428957 610034 1163508 451201 587721 635661 789919 802312 1061782 403581 1016433 652313 700237 660584 787054
 744324 829434 265109 529084 1 100288 152410 461145 713492 917001 282023 75315 252037 756809 459265 456610 715395 430045 173652 476801 708788 774032 362780 278331 160371 924862 315285 498137 599439 808800 61280 611113 293519 822265 420091 666422 890199 339802 744362 473001 812239 659179 277692 326360 483073 602231 571967 649934 615269 363560 405858 831936 542544 314943 908077 93667 735381 646304 443853 72345 581273 342899 364595 471061 362423 173838 198081 792838 613922 105970 126827 723334 433195 644476 173200 521457 259390 403642 638118 314931
 827706 924538 290458 455683 100288 1 78078 403810 808244 950939 375136 115720 291749 847896 511759 556896 732328 521213 255219 563426 793942 783292 327883 354901 242924 953576 409919 498500 687059 892391 123479 694562 347347 873884 438946 730032 923990 426755 796824 447452 872054 735768 271351 400463 549186 674901 646908 748306 602252 331804 459233 888457 640266 413725 929783 139567 820643 699216 526302 172598 679775 437385 397999 456511 452686 194252 285192 888346 613145 202488 227051 771946 523664 742998 177508 620508 346863 480337 674790 342028
 895294 980705 249253 488216 152410 78078 1 452053 865020 1028821 434379 190014 261077 909202 588882 595915 808527 582454 322448 628583 860322 857928 391520 425168 309524 1031067 467297 572129 751527 959879 193394 762014 324371 951429 516112 805499 1001873 491500 874242 513036 948445 806927 345783 393906 623741 747586 718665 798040 671245 396767 431392 965408 691864 463462 1006458 140844 886960 776513 594161 218302 729291 456950 356855 526157 514773 272329 349416 943888 685878 258117 269847 849703 585584 792317 255070 649649 411059 551018 752847 298891
 904613 1081478 693691 114660 461145 403810 452053 1 971664 770135 599000 398678 695238 976147 504845 833520 515381 697161 480853 702494 886305 528524 131081 511637 478651 751489 633997 287359 810254 963327 421620 790514 748001 779072 334681 714732 745648 602078 717445 158093 815900 785871 244441 787405 588474 715183 704516 957880 300605 139615 860731 814426 852412 671978 703062 537897 910443 640266 650703 512769 897680 781312 801571 207724 638834 336340 514149 1052206 354820 504404 555295 679474 694592 955209 314604 923544 551635 589372 550802 745059
 198185 116480 827057 1082589 713492 808244 865020 971664 1 746794 433182 702369 785968 86864 492400 329114 755218 291115 559180 269888 168005 833167 842079 479427 569806 790426 398470 758424 169137 220600 687738 208461 751741 554377 660430 400102 731826 391096 514804 858241 477900 273530 736514 666455 402811 318906 305606 117879 872407 832585 783525 516666 184027 405426 830095 748396 170001 485363 321125 647359 164293 516361 846476 813064 359439 685562 525725 81976 809436 607568 598945 538565 290546 125193 715920 371630 465899 382388 599333 843868
 555891 790908 1168109 867938 917001 950939 1028821 770135 746794 1 757064 849804 1142157 681663 470218 900890 255102 690402 769451 630951 579282 265338 707708 679784 781250 51614 759171 494508 616769 566776 856750 564319 1153664 193754 515467 362114 26949 688463 238688 614129 275363 480121 693626 1121133 491936 462739 494040 828990 481958 696770 1244287 238284 789310 816427 118573 1006106 582324 310135 608568 901545 817824 1008604 1248400 569686 703165 757330 767854 788121 416833 854589 894551 229855 682125 832811 773883 997918 733201 595059 278949 1211666
 469876 549556 450947 698756 282023 375136 434379 599000 433182 757064 1 270565 415845 474849 295289 236479 618773 148498 130667 201143 432056 693488 469796 103039 139423 778840 37127 482417 320363 533489 254882 338392 409857 619331 373281 439935 732134 73917 543652 530935 588192 399629 355088 364975 267964 355018 320455 380993 615495 463344 490089 615567 271464 79339 782435 330522 458297 452059 180333 220491 314236 257988 509171 501263 83123 272762 95248 513609 580452 176347 180253 534930 152257 376550 301272 333120 48069 165640 492902 484180
 713374 818848 340237 475772 75315 115720 190014 398678 702369 849804 270565 1 327190 737833 400152 474597 642826 412552 143787 451109 680317 700118 292647 239927 132626 855815 306916 422973 574900 778063 23182 580437 366614 763406 347151 615489 822913 315506 685896 399580 758642 620169 202796 391621 433955 559187 531231 650176 540090 292484 478246 776122 540917 320610 836921 168676 707025 587945 412230 114125 582455 387239 439809 396164 343769 98973 176649 783374 538794 115324 160038 662625 414332 645376 98462 550293 237050 364975 571523 390214
 872945 893275 41975 744636 252037 291749 261077 695238 785968 1142157 415845 327190 1 850089 672994 466985 957251 548820 372709 610717 832242 1019739 609858 466938 361027 1155309 433215 748693 719083 933876 310361 746617 67871 1025385 664905 852468 1115836 489330 947956 723617 1001196 814213 529713 160890 673106 770748 736296 692366 867275 611794 170360 1026533 601944 397202 1144837 161193 857084 851976 596008 242928 627592 284497 112689 723059 494925 424603 376644 855227 864191 287898 249129 933286 555040 685329 425220 482321 421805 576363 864785 69781
 125779 117740 890472 1089123 756809 847896 909202 976147 86864 681663 474849 737833 850089 1 480725 404330 713982 326915 594122 289171 109328 789861 849036 504884 605755 727352 442923 744498 168337 135527 725277 187333 820053 487967 653404 350832 668601 422366 456757 852769 408268 226848 748988 738511 391851 285515 281806 204015 850590 838883 858384 446779 253589 459575 771486 799924 99808 441451 335430 694144 243023 588584 916628 805198 395230 709937 562766 106806 783850 651191 648819 484724 324241 211142 740335 454992 501279 394191 560347 910487
 400121 592779 700402 619404 459265 511759 588882 504845 492400 470218 295289 400152 672994 480725 1 485287 327974 278825 300931 246486 384164 405506 385237 209953 313236 487362 305555 266042 323540 458492 402091 293457 683465 363435 173543 227448 444267 235505 285781 372660 361798 281053 306437 654161 89737 210350 201428 512259 383563 374044 775569 376752 426208 364550 487475 543523 407327 187794 199096 434810 468436 552927 778332 324518 260807 321930 297663 568092 327134 386597 424623 264190 272006 512161 346632 588643 265454 153480 198232 742679
 462628 429391 508845 930179 456610 556896 595915 833520 329114 900890 236479 474597 466985 404330 485287 1 811515 213327 354779 269939 419922 890060 705316 334901 359248 932337 204726 709671 319675 513514 453947 365723 426426 732093 599525 545049 878943 259556 666339 766568 677653 452732 590592 337902 423258 443783 409727 226344 841702 699197 454619 712575 152119 161606 949956 462360 439755 592563 297815 384315 165220 188281 518830 735023 227320 501289 320192 391547 799403 360824 329934 671051 221357 219110 527609 103420 284544 331913 667667 520208
 598656 831603 977486 613006 715395 732328 808527 515381 755218 255102 618773 642826 957251 713982 327974 811515 1 600916 592757 556999 604737 79833 460406 523685 602448 237563 632358 247272 594319 634944 654124 547953 980052 314604 295703 364496 231343 563088 286497 360416 381859 487274 463889 965430 391771 436444 453827 805928 229436 450014 1080886 362587 736070 691228 199387 808302 618522 272548 517227 714662 774302 876482 1068167 318165 588702 545012 601062 817213 161808 672654 719878 247386 593442 807537 555840 914544 583130 480044 156197 1024856
 325451 407367 586570 804456 430045 521213 582454 697161 291115 690402 148498 412552 548820 326915 278825 213327 600916 1 268868 65995 286098 680061 566123 190702 279979 720340 119387 524050 173225 387984 399049 197906 532158 528788 415794 341509 667819 100364 459220 601888 482781 271260 455510 469136 210430 243545 207832 260737 652028 557664 596117 514968 157757 153518 736723 477637 311914 380801 84571 368861 202927 333120 632126 562861 68785 395626 236417 372830 602336 324682 326440 460743 8300 258207 425849 314908 175513 127594 454811 614648
 573135 675635 399473 575447 173652 255219 322448 480853 559180 769451 130667 143787 372709 594122 300931 354779 592757 268868 1 308252 538859 660432 355502 105016 13381 783040 167769 412351 431956 637778 131789 439873 388340 658912 312061 496038 743128 171938 580965 433776 643291 485594 242275 375802 312584 428803 398328 511563 543024 350691 488222 664950 402026 193664 774900 246648 565551 483581 271799 134644 444903 316713 480048 413000 200105 146512 35727 640437 521881 85719 127372 563451 270559 507179 173255 442697 93373 229992 492304 442229
 268964 382780 647702 812906 476801 563426 628583 702494 269888 630951 201143 451109 610717 289171 246486 269939 556999 65995 308252 1 232128 636727 572512 215733 320513 662754 177849 505369 123791 332920 440038 137334 596284 465145 400987 277621 609056 137086 397175 594868 417276 205893 466688 534851 166145 178356 142885 267635 628602 563165 661884 449898 180653 218177 682521 531389 258655 323113 52317 419989 222050 399005 696324 552238 118123 420982 279209 351308 573619 373427 381393 401113 58281 266965 451403 368226 217525 113410 406337 677327
 42763 226867 870879 1000301 708788 793942 860322 886305 168005 579282 432056 680317 832242 109328 384164 419922 604737 286098 538859 232128 1 680534 761918 441241 551423 623558 405358 643959 113289 101923 670466 101019 810418 386497 557706 241562 564861 368987 349893 756651 310027 117960 667468 737715 297892 180402 182738 264739 745885 751316 862246 348789 270717 435055 665287 762559 26710 332191 268204 651868 278564 591168 909520 707838 349027 640463 510925 214548 677890 605542 611815 376454 280997 270277 670460 490669 449405 320573 451456 896503
 672632 907260 1038075 616786 774032 783292 857928 528524 833167 265338 693488 700118 1019739 789861 405506 890060 79833 680061 660432 636727 680534 1 492408 596526 669473 233268 708428 286643 673351 706157 713015 626475 1045562 367745 354863 439304 246735 639796 351733 381518 441621 563624 512200 1035100 471324 514751 532972 885451 228948 482983 1148414 417892 815891 767127 176161 867534 693376 348798 596579 778276 854126 950569 1131471 346704 666282 601339 670949 893853 179458 738094 786804 314795 672646 887118 609260 993215 656367 558286 235244 1086412
 782253 952765 614881 240590 362780 327883 391520 131081 842079 707708 469796 292647 609858 849036 385237 705316 460406 566123 355502 572512 761918 492408 1 380787 354600 697001 504304 213693 682211 842397 314341 664631 656001 688718 223831 603793 681752 471058 621343 122109 716290 665402 114742 684015 465115 594779 581567 826828 284235 11735 768556 719260 721347 544100 658019 448835 786603 536687 520959 404138 766621 663621 720446 145796 507837 215498 387589 922936 313184 388511 441271 585822 563606 824140 198859 797231 422130 459699 461742 666466
 473598 594787 496786 616389 278331 354901 425168 511637 479427 679784 103039 239927 466938 504884 209953 334901 523685 190702 105016 215733 441241 596526 380787 1 118395 697255 130291 379399 338653 538274 232183 340901 474083 558979 270263 392046 653987 91444 481322 432098 539899 381774 267737 445223 209039 323907 293852 448951 512465 373195 565731 562676 341679 182224 695243 350430 467928 385043 173104 237016 386753 354653 569961 400208 127674 206256 90555 561399 478025 187192 217836 466450 189880 445743 236664 434116 60103 125853 407321 536710
 585894 686282 387275 571607 160371 242924 309524 478651 569806 781250 139423 132626 361027 605755 313236 359248 602448 279979 13381 320513 551423 669473 354600 118395 1 794412 176351 418445 444136 650520 119660 452618 377980 671813 319651 509342 754879 183889 593851 436015 656532 498830 242338 367998 325870 442162 411640 520368 548432 350198 478947 678083 410854 198904 785603 233465 578106 496388 284644 121858 453366 313875 468924 416707 211196 142907 44339 650908 528884 73418 117449 576082 281884 515861 168391 445356 104551 243295 503782 430440
 601715 837866 1179814 845614 924862 953576 1031067 751489 790426 51614 778840 855815 1155309 727352 487362 932337 237563 720340 783040 662754 623558 233268 697001 697255 794412 1 783170 483344 655766 614909 864069 603531 1169671 240707 515229 400002 58754 712114 277822 597711 323376 521163 691311 1141140 517298 499064 528961 869443 457494 686399 1262931 287096 825548 841143 70081 1015366 627722 339775 637307 913346 855578 1033024 1263015 555676 728950 761278 783720 834028 396677 867412 909339 263304 712115 873011 776080 1030778 752407 619534 290844 1224496
 444312 514664 469908 734668 315285 409919 467297 633997 398470 759171 37127 306916 433215 442923 305555 204726 632358 119387 167769 177849 405358 708428 504304 130291 176351 783170 1 507842 292608 507189 290713 314736 421764 614251 397986 431455 734780 71136 539928 561883 578486 381240 389742 368827 267389 341803 306436 344019 640604 497569 495414 607467 234512 58996 790034 358535 431257 451218 165779 251222 277141 249861 521712 530498 62464 309532 132282 478429 602486 209317 207224 533971 124383 339524 338197 304003 82435 164122 500851 500348
 654458 857991 763205 396768 498137 498500 572129 287359 758424 494508 482417 422973 748693 744498 266042 709671 247272 524050 412351 505369 643959 286643 213693 379399 418445 483344 507842 1 589575 707684 438451 557937 781573 491828 110150 443116 468760 450726 431870 130472 531521 532900 227233 785014 355731 464429 462873 773002 133117 203056 889341 528111 679750 561611 445943 591648 665363 360845 454409 513075 723857 724572 861336 79636 485103 324378 432074 833949 115863 479161 531481 393163 518729 772244 327960 811186 437206 397917 263861 813004
 154007 271811 757632 922631 599439 687059 751527 810254 169137 616769 320363 574900 719083 168337 323540 319675 594319 173225 431956 123791 113289 673351 682211 338653 444136 655766 292608 589575 1 215178 563726 52507 698118 432459 492993 255857 598452 260381 378345 691644 367655 140230 580919 627380 233851 160990 140563 215467 703386 672243 752769 404802 180135 321882 687530 650541 138772 330747 167413 540718 202203 482573 797473 645596 237729 542538 402432 245020 641008 495200 499502 394671 168471 218346 572886 401032 340655 225858 438172 783587
 64692 227236 972635 1077896 808800 892391 959879 963327 220600 566776 533489 778063 933876 135527 458492 513514 634944 387984 637778 332920 101923 706157 842397 538274 650520 614909 507189 707684 215178 1 769016 197906 911211 374352 630232 274992 556642 469224 358100 826660 291559 177463 753313 836935 377930 248145 261905 334323 799052 831431 960662 328582 361923 536751 665018 864005 76837 368097 366102 752907 362337 689311 1010056 776382 450390 733767 610745 231991 727791 706193 713436 392087 382809 340980 763408 576712 549486 415074 489415 997859
 704338 804188 325465 498928 61280 123479 193394 421620 687738 856750 254882 23182 310361 725277 402091 453947 654124 399049 131789 440038 670466 713015 314341 232183 119660 864069 290713 438451 563726 769016 1 571156 347376 765506 358881 613776 829915 303545 687758 419559 758214 613764 221464 369680 431219 554199 525334 632907 557617 313847 458446 776732 523895 301573 846872 154521 697167 589690 402915 91154 564908 364117 423045 414495 330335 114248 162636 768414 554087 93582 136985 665645 401205 627966 118020 528358 224000 357945 577997 374739
 133282 300186 784102 904008 611113 694562 762014 790514 208461 564319 338392 580437 746617 187333 293457 365723 547953 197906 439873 137334 101019 626475 664631 340901 452618 603531 314736 557937 52507 197906 571156 1 729564 380104 466085 203814 546116 271955 325978 665456 316399 88723 568021 663116 204530 111884 97600 266697 667112 654233 789446 353203 230981 351033 636053 668309 127508 281213 168267 556334 254582 521198 829417 617882 255445 539445 413033 277926 602492 509079 518637 342981 191578 269889 569444 450539 351971 219558 391808 812553
 852004 855605 101809 802732 293519 347347 324371 748001 751741 1153664 409857 366614 67871 820053 683465 426426 980052 532158 388340 596284 810418 1045562 656001 474083 377980 1169671 421764 781573 698118 911211 347376 729564 1 1027504 692049 849776 1127729 483705 950902 766121 998033 801838 568835 99602 674614 763283 728080 652763 904134 657014 112868 1025277 568342 378655 1163156 210108 834432 856712 587278 268736 590248 238991 100054 761778 484225 460496 386020 817673 896099 307549 261029 939006 538996 645504 464966 430475 423460 574492 878880 94870
 362189 597352 1055764 888116 822265 873884 951429 779072 554377 193754 619331 763406 1025385 487967 363435 732093 314604 528788 658912 465145 386497 367745 688718 558979 671813 240707 614251 491828 432459 374352 765506 380104 1027504 1 469819 187532 182304 546534 77997 622081 83279 292953 643713 982826 352959 288316 322773 640695 530297 677032 1108919 51026 609658 668070 292154 904593 388759 175968 452730 793547 634658 858299 1125628 571424 553972 681510 649534 594378 455847 744242 776592 104290 520533 644930 703807 824783 604633 453713 228479 1095077
 573007 764048 683403 449284 420091 438946 516112 334681 660430 515467 373281 347151 664905 653404 173543 599525 295703 415794 312061 400987 557706 354863 223831 270263 319651 515229 397986 110150 492993 630232 358881 466085 692049 469819 1 381302 488603 340619 399739 199375 493069 452907 178911 687635 261555 382470 374969 668086 242619 212138 796840 497574 572418 452290 491255 513315 580789 312999 349242 423936 616907 619109 776755 152648 375151 249386 328317 738001 210626 385353 435747 365845 410767 666978 261556 701108 328814 291010 248118 731573
 234289 468029 885038 828901 666422 730032 805499 714732 400102 362114 439935 615489 852468 350832 227448 545049 364496 341509 496038 277621 241562 439304 603793 392046 509342 400002 431455 443116 255857 274992 613776 203814 849776 187532 381302 1 342983 366173 123511 568278 148732 126639 533097 800163 183522 101657 135378 470371 525688 592230 926861 176014 427356 483472 432730 742399 254145 93384 267390 629053 455870 672332 948929 516738 370045 545531 481420 455740 453539 579219 605984 139578 333277 473672 571675 639031 430892 276149 214821 921706
 542973 779231 1141632 844342 890199 923990 1001873 745648 731826 26949 732134 822913 1115836 668601 444267 878943 231343 667819 743128 609056 564861 246735 681752 653987 754879 58754 734780 468760 598452 556642 829915 546116 1127729 182304 488603 342983 1 663956 220152 589252 265238 463098 666830 1095902 467772 442828 473443 811652 459406 670770 1218807 229480 769496 792243 115103 979403 568969 287103 585524 875049 798832 984386 1222274 544365 679241 730387 741832 775283 393142 828194 868404 208173 659557 815306 746937 976570 707730 570722 252219 1185314
 404897 507127 523943 707591 339802 426755 491500 602078 391096 688463 73917 315506 489330 422366 235505 259556 563088 100364 171938 137086 368987 639796 471058 91444 183889 712114 71136 450726 260381 469224 303545 271955 483705 546534 340619 366173 663956 1 471372 515891 514329 328061 358715 436539 197091 281420 247128 357514 582348 463139 562397 541927 250516 129778 718972 397318 395580 381258 108188 284616 295698 320959 583074 480519 36889 295283 142133 472930 540197 237125 249698 464112 100554 354338 325491 362134 80447 93791 429899 557861
 332986 571099 978094 828453 744362 796824 874242 717445 514804 238688 543652 685896 947956 456757 285781 666339 286497 459220 580965 397175 349893 351733 621343 481322 593851 277822 539928 431870 378345 358100 687758 325978 950902 77997 399739 123511 220152 471372 1 562248 101054 243550 570775 907909 276339 224687 257109 591625 485123 609613 1033639 97927 550861 594706 315478 826597 357133 98079 380696 715605 579143 785845 1048754 510828 480458 604982 571865 563423 410222 666334 699042 40817 450925 595218 627788 761570 527692 378055 169474 1017677
 770781 963057 731178 266297 473001 447452 513036 158093 858241 614129 530935 399580 723617 852769 372660 766568 360416 601888 433776 594868 756651 381518 122109 432098 436015 597711 561883 130472 691644 826660 419559 665456 766121 622081 199375 568278 589252 515891 562248 1 661672 649932 199791 786087 460927 579966 573961 859617 163693 116270 877809 658581 759643 609222 552748 562503 779419 489111 542604 505703 804784 749881 835301 51824 552389 310330 461322 936511 203073 482510 536262 523628 597840 857950 301543 863965 483077 482370 394310 782547
 282747 515770 1033733 927611 812239 872054 948445 815900 477900 275363 588192 758642 1001196 408268 361798 677653 381859 482781 643291 417276 310027 441621 716290 539899 656532 323376 578486 531521 367655 291559 758214 316399 998033 83279 493069 148732 265238 514329 101054 661672 1 227683 659072 946602 330889 239340 275164 569509 585894 704558 1073531 38766 547366 629033 375382 889895 309979 180832 413247 776868 568852 815649 1097330 610073 516572 683701 629648 514134 510976 727067 754603 141653 474725 574190 708317 766286 579609 424858 270312 1070420
 121582 344573 850219 900450 659179 735768 806927 785871 273530 480121 399629 620169 814213 226848 281053 452732 487274 271260 485594 205893 117960 563624 665402 381774 498830 521163 381240 532900 140230 177463 613764 88723 801838 292953 452907 126639 463098 328061 243550 649932 227683 1 578639 740354 202408 70712 89649 348888 630384 654368 867277 264611 319685 424064 557618 724055 134968 214875 219875 610414 342191 601881 901891 599986 319291 566785 463029 330242 561396 561532 577742 265216 263904 352797 595691 539062 404608 255923 333545 881580
 691218 849055 540847 349015 277692 271351 345783 244441 736514 693626 355088 202796 529713 748988 306437 590592 463889 455510 242275 466688 667468 512200 114742 267737 242338 691311 389742 227233 580919 753313 221464 568021 568835 643713 178911 533097 666830 358715 570775 199791 659072 578639 1 586311 376232 509064 491458 715735 337871 108843 679772 667653 609229 429442 662723 369801 692975 478482 416184 306058 654385 554448 642200 193384 395291 110541 273531 817993 342332 283323 336986 539427 453488 712786 104494 682908 307485 355630 426321 591514
 780005 766750 199509 853017 326360 400463 393906 787405 666455 1121133 364975 391621 160890 738511 654161 337902 965430 469136 375802 534851 737715 1035100 684015 445223 367998 1141140 368827 785014 627380 836935 369680 663116 99602 982826 687635 800163 1095902 436539 907909 786087 946602 740354 586311 1 632862 708375 672626 563102 912835 683349 127110 976144 485071 317925 1140465 261662 760637 817022 533360 280646 503061 150140 181654 775226 430173 475777 364396 729052 896649 306634 253634 899899 476615 555690 486363 332907 388769 530046 852209 192933
 317159 503217 704420 702594 483073 549186 623741 588474 402811 491936 267964 433955 673106 391851 89737 423258 391771 210430 312584 166145 297892 471324 465115 209039 325870 517298 267389 355731 233851 377930 431219 204530 674614 352959 261555 183522 467772 197091 276339 460927 330889 202408 376232 632862 1 133221 116455 426853 471320 454315 758011 353961 346618 324498 528798 559083 321986 184242 126001 445979 387028 516670 772672 413499 211664 370137 299049 478359 412003 396182 424987 267125 202676 427216 397988 525307 251740 103338 244435 742693
 190821 402487 805201 829753 602231 674901 747586 715183 318906 462739 355018 559187 770748 285515 210350 443783 436444 243545 428803 178356 180402 514751 594779 323907 442162 499064 341803 464429 160990 248145 554199 111884 763283 288316 382470 101657 442828 281420 224687 579966 239340 70712 509064 708375 133221 1 35849 376329 565676 583724 835441 271544 326674 390482 527767 671511 200984 169780 176047 557514 356835 576310 863083 530289 279418 501241 409075 384077 498363 507992 528721 236118 235453 378999 529663 537377 353388 199534 280445 839196
 200710 396711 771071 818769 571967 646908 718665 704516 305606 494040 320455 531231 736296 281806 201428 409727 453827 207832 398328 142885 182738 532972 581567 293852 411640 528961 306436 462873 140563 261905 525334 97600 728080 322773 374969 135378 473443 247128 257109 573961 275164 89649 491458 672626 116455 35849 1 353401 569903 570756 799703 307150 296919 354715 555026 639427 206109 194280 140819 525488 329238 540492 827939 525333 244002 477168 377306 375378 504923 476167 495414 265659 199716 355529 506129 504474 320531 168355 297739 804574
 301963 203748 734084 1064749 649934 748306 798040 957880 117879 828990 380993 650176 692366 204015 512259 226344 805928 260737 511563 267635 264739 885451 826828 448951 520368 869443 344019 773002 215467 334323 632907 266697 652763 640695 668086 470371 811652 357514 591625 859617 569509 348888 715735 563102 426853 376329 353401 1 895546 818398 675924 607920 109538 335029 902743 672659 274228 545942 318897 580123 68749 414292 744518 818453 321537 649406 476241 166292 838601 545849 528294 609672 263570 7645 679006 255567 421512 377679 650354 746517
 751037 966494 878672 388427 615269 602252 671245 300605 872407 481958 615495 540090 867275 850590 383563 841702 229436 652028 543024 628602 745885 228948 284235 512465 548432 457494 640604 133117 703386 799052 557617 667112 904134 530297 242619 525688 459406 582348 485123 163693 585894 630384 337871 912835 471320 565676 569903 895546 1 276966 1013605 574032 805921 694656 404745 707664 765156 435123 578923 637151 849356 856834 979864 145844 616148 443746 564047 945003 74922 606234 659276 444342 646309 895259 442235 943571 570319 524814 319152 929383
 771417 942996 617597 250395 363560 331804 396767 139615 832585 696770 463344 292484 611794 838883 374044 699197 450014 557664 350691 563165 751316 482983 11735 373195 350198 686399 497569 203056 672243 831431 313847 654233 657014 677032 212138 592230 670770 463139 609613 116270 704558 654368 108843 683349 454315 583724 570756 818398 276966 1 769416 707532 713243 538185 647894 450647 775934 524970 511502 403079 758544 660400 722741 136719 499964 212538 382313 913335 303957 386071 439099 574111 555033 815781 197351 791750 415553 450203 450120 669127
 904710 879403 188348 913944 405858 459233 431392 860731 783525 1244287 490089 478246 170360 858384 775569 454619 1080886 596117 488222 661884 862246 1148414 768556 565731 478947 1262931 495414 889341 752769 960662 458446 789446 112868 1108919 796840 926861 1218807 562397 1033639 877809 1073531 867277 679772 127110 758011 835441 799703 675924 1013605 769416 1 1102869 604911 445020 1259924 322852 884705 941932 660287 376571 619284 271366 103473 872218 557001 570637 481273 842183 1003094 411542 361636 1024748 603631 668367 576356 432232 511089 655592 972980 150431
 321355 553628 1058293 924876 831936 888457 965408 814426 516666 238284 615567 776122 1026533 446779 376752 712575 362587 514968 664950 449898 348789 417892 719260 562676 678083 287096 607467 528111 404802 328582 776732 353203 1025277 51026 497574 176014 229480 541927 97927 658581 38766 264611 667653 976144 353961 271544 307150 607920 574032 707532 1102869 1 584148 659205 341334 911531 348657 190542 443105 799147 606390 847197 1124219 607371 545991 698134 652934 552490 499248 749471 778882 134980 506832 612546 721796 802313 604735 450972 264457 1095975
 313109 293884 643057 958055 542544 640266 691864 852412 184027 789310 271464 540917 601944 253589 426208 152119 736070 157757 402026 180653 270717 815891 721347 341679 410854 825548 234512 679750 180135 361923 523895 230981 568342 609658 572418 427356 769496 250516 550861 759643 547366 319685 609229 485071 346618 326674 296919 109538 805921 713243 604911 584148 1 228445 851582 569665 289175 490294 227467 473596 45348 335050 663925 720423 214007 540371 366710 256030 753050 437798 422772 562311 162026 105292 569853 221803 312193 281833 583424 660062
 475775 519612 435904 768770 314943 413725 463462 671978 405426 816427 79339 320610 397202 459575 364550 161606 691228 153518 193664 218177 435055 767127 544100 182224 198904 841143 58996 561611 321882 536751 301573 351033 378655 668070 452290 483472 792243 129778 594706 609222 629033 424064 429442 317925 324498 390482 354715 335029 694656 538185 445020 659205 228445 1 848729 342973 460000 507633 216108 245261 266341 192181 478611 580310 114250 340055 158743 482260 658637 211652 194445 590180 160459 329536 366854 254872 126367 221634 559671 462031
 646715 884455 1167272 792890 908077 929783 1006458 703062 830095 118573 782435 836921 1144837 771486 487475 949956 199387 736723 774900 682521 665287 176161 658019 695243 785603 70081 790034 445943 687530 665018 846872 636053 1163156 292154 491255 432730 115103 718972 315478 552748 375382 557618 662723 1140465 528798 527767 555026 902743 404745 647894 1259924 341334 851582 848729 1 1000065 671695 361338 652505 901966 884093 1039279 1254275 513927 738878 740253 778769 878273 349752 857686 902131 293177 728638 905832 752668 1050332 752447 628458 289544 1213375
 800309 862383 171566 594848 93667 139567 140844 537897 748396 1006106 330522 168676 161193 799924 543523 462360 808302 477637 246648 531389 762559 867534 448835 350430 233465 1015366 358535 591648 650541 864005 154521 668309 210108 904593 513315 742399 979403 397318 826597 562503 889895 724055 369801 261662 559083 671511 639427 672659 707664 450647 322852 911531 569665 342973 1000065 1 788757 728843 504928 113999 604218 316262 272911 562884 413617 267458 262497 824888 707465 163658 151352 807541 482088 666516 265475 510588 319449 472031 727185 221785
 28227 214727 895901 1024577 735381 820643 886960 910443 170001 582324 458297 707025 857084 99808 407327 439755 618522 311914 565551 258655 26710 693376 786603 467928 578106 627722 431257 665363 138772 76837 697167 127508 834432 388759 580789 254145 568969 395580 357133 779419 309979 134968 692975 760637 321986 200984 206109 274228 765156 775934 884705 348657 289175 460000 671695 788757 1 346280 294903 678246 293734 613430 933337 730282 375321 666911 537554 206613 696358 632031 637912 385774 306960 280224 696877 507267 476009 347049 466650 921024
 327276 559057 881512 753300 646304 699216 776513 640266 485363 310135 452059 587945 851976 441451 187794 592563 272548 380801 483581 323113 332191 348798 536687 385043 496388 339775 451218 360845 330747 368097 589690 281213 856712 175968 312999 93384 287103 381258 98079 489111 180832 214875 478482 817022 184242 169780 194280 545942 435123 524970 941932 190542 490294 507633 361338 728843 346280 1 298468 618215 523487 699715 953950 437289 393823 507979 475462 545067 362098 569096 602878 82887 372552 548473 531352 691301 433262 287467 121443 921743
 301426 432874 631280 761466 443853 526302 594161 650703 321125 608568 180333 412230 596008 335430 199096 297815 517227 84571 271799 52317 268204 596579 520959 173104 284644 637307 165779 454409 167413 366102 402915 168267 587278 452730 349242 267390 585524 108188 380696 542604 413247 219875 416184 533360 126001 176047 140819 318897 578923 511502 660287 443105 227467 216108 652505 504928 294903 298468 1 391704 270462 405574 687123 500177 103479 375263 245988 402170 525615 343422 357882 379531 76716 317938 405577 399461 185918 61339 370282 664057
 688881 762776 266603 588603 72345 172598 218302 512769 647359 901545 220491 114125 242928 694144 434810 384315 714662 368861 134644 419989 651868 778276 404138 237016 121858 913346 251222 513075 540718 752907 91154 556334 268736 793547 423936 629053 875049 284616 715605 505703 776868 610414 306058 280646 445979 557514 525488 580123 637151 403079 376571 799147 473596 245261 901966 113999 678246 618215 391704 1 511385 275986 353525 496752 303031 195690 148513 725831 627396 49840 54488 697923 372747 574504 205837 449836 205895 358034 623312 311474
 319617 265754 669130 1003140 581273 679775 729291 897680 164293 817824 314236 582455 627592 243023 468436 165220 774302 202927 444903 222050 278564 854126 766621 386753 453366 855578 277141 723857 202203 362337 564908 254582 590248 634658 616907 455870 798832 295698 579143 804784 568852 342191 654385 503061 387028 356835 329238 68749 849356 758544 619284 606390 45348 266341 884093 604218 293734 523487 270462 511385 1 353202 683727 765327 259105 584458 409410 227725 795535 477359 459552 592935 207002 63224 613791 214384 356021 326045 620523 683314
 633717 617627 326425 862962 342899 437385 456950 781312 516361 1008604 257988 387239 284497 588584 552927 188281 876482 333120 316713 399005 591168 950569 663621 354653 313875 1033024 249861 724572 482573 689311 364117 521198 238991 858299 619109 672332 984386 320959 785845 749881 815649 601881 554448 150140 516670 576310 540492 414292 856834 660400 271366 847197 335050 192181 1039279 316262 613430 699715 405574 275986 353202 1 330566 729627 305958 448128 292880 579810 829416 276920 227311 782169 341078 406966 467091 200533 294571 413691 749820 333437
 951251 948059 108161 844910 364595 397999 356855 801571 846476 1248400 509171 439809 112689 916628 778332 518830 1068167 632126 480048 696324 909520 1131471 720446 569961 468924 1263015 521712 861336 797473 1010056 423045 829417 100054 1125628 776755 948929 1222274 583074 1048754 835301 1097330 901891 642200 181654 772672 863083 827939 744518 979864 722741 103473 1124219 663925 478611 1254275 272911 933337 953950 687123 353525 683727 330566 1 835496 584165 537290 480723 910293 976791 396593 353878 1035965 638994 737133 537718 512249 521063 673269 972204 58185
 721087 916463 733539 317628 471061 456511 526157 207724 813064 569686 501263 396164 723059 805198 324518 735023 318165 562861 413000 552238 707838 346704 145796 400208 416707 555676 530498 79636 645596 776382 414495 617882 761778 571424 152648 516738 544365 480519 510828 51824 610073 599986 193384 775226 413499 530289 525333 818453 145844 136719 872218 607371 720423 580310 513927 562884 730282 437289 500177 496752 765327 729627 835496 1 516529 301591 437945 890614 167394 469119 522740 472394 558398 817070 297863 834104 453975 440776 343319 784421
 386754 475811 531142 744053 362423 452686 514773 638834 359439 703165 83123 343769 494925 395230 260807 227320 588702 68785 200105 118123 349027 666282 507837 127674 211196 728950 62464 485103 237729 450390 330335 255445 484225 553972 375151 370045 679241 36889 480458 552389 516572 319291 395291 430173 211664 279418 244002 321537 616148 499964 557001 545991 214007 114250 738878 413617 375321 393823 103479 303031 259105 305958 584165 516529 1 329364 167702 440974 572239 257616 263316 476216 70993 318201 359381 330528 106739 110497 451118 562375
 669634 801034 438945 428957 173838 194252 272329 336340 685562 757330 272762 98973 424603 709937 321930 501289 545012 395626 146512 420982 640463 601339 215498 206256 142907 761278 309532 324378 542538 733767 114248 539445 460496 681510 249386 545531 730387 295283 604982 310330 683701 566785 110541 475777 370137 501241 477168 649406 443746 212538 570637 698134 540371 340055 740253 267458 666911 507979 375263 195690 584458 448128 537290 301591 329364 1 181371 767520 440118 173801 227190 578887 395417 645570 30433 588254 228549 319900 480613 488629
 546251 642205 406234 610034 198081 285192 349416 514149 525725 767854 95248 176649 376644 562766 297663 320192 601062 236417 35727 279209 510925 670949 387589 90555 44339 783720 132282 432074 402432 610745 162636 413033 386020 649534 328317 481420 741832 142133 571865 461322 629648 463029 273531 364396 299049 409075 377306 476241 564047 382313 481273 652934 366710 158743 778769 262497 537554 475462 245988 148513 409410 292880 480723 437945 167702 181371 1 606737 538930 98919 127531 556643 238601 471791 208627 409703 61786 209556 493010 446425
 232319 38052 896705 1163508 792838 888346 943888 1052206 81976 788121 513609 783374 855227 106806 568092 391547 817213 372830 640437 351308 214548 893853 922936 561399 650908 834028 478429 833949 245020 231991 768414 277926 817673 594378 738001 455740 775283 472930 563423 936511 514134 330242 817993 729052 478359 384077 375378 166292 945003 913335 842183 552490 256030 482260 878273 824888 206613 545067 402170 725831 227725 579810 910293 890614 440974 767520 606737 1 880257 687050 676502 590902 372399 173828 797872 418334 547251 463300 662510 910954
 681287 900486 879012 451201 613922 613145 685878 354820 809436 416833 580452 538794 864191 783850 327134 799403 161808 602336 521881 573619 677890 179458 313184 478025 528884 396677 602486 115863 641008 727791 554087 602492 896099 455847 210626 453539 393142 540197 410222 203073 510976 561396 342332 896649 412003 498363 504923 838601 74922 303957 1003094 499248 753050 658637 349752 707465 696358 362098 525615 627396 795535 829416 976791 167394 572239 440118 538930 880257 1 592013 643656 369435 596102 838746 443756 902287 537484 474776 244807 928737
 641959 723569 313860 587721 105970 202488 258117 504404 607568 854589 176347 115324 287898 651191 386597 360824 672654 324682 85719 373427 605542 738094 388511 187192 73418 867412 209317 479161 495200 706193 93582 509079 307549 744242 385353 579219 828194 237125 666334 482510 727067 561532 283323 306634 396182 507992 476167 545849 606234 386071 411542 749471 437798 211652 857686 163658 632031 569096 343422 49840 477359 276920 396593 469119 257616 173801 98919 687050 592013 1 53770 649131 328084 540578 190539 434972 157521 308468 576916 357187
 650004 713723 279434 635661 126827 227051 269847 555295 598945 894551 180253 160038 249129 648819 424623 329934 719878 326440 127372 381393 611815 786804 441271 217836 117449 909339 207224 531481 499502 713436 136985 518637 261029 776592 435747 605984 868404 249698 699042 536262 754603 577742 336986 253634 424987 528721 495414 528294 659276 439099 361636 778882 422772 194445 902131 151352 637912 602878 357882 54488 459552 227311 353878 522740 263316 227190 127531 676502 643656 53770 1 684162 331034 522522 242716 395912 175654 330907 618496 318908
