NAME : domp100p25v9
COMMENT : Cherkesly, Contardo & Gruson 2022
TYPE : DOMP
DIMENSION : 100
DISPLAY_DATA_TYPE : NO_DISPLAY
OPEN_FACILITIES : 25
COST_SECTION
 1 1027562 513256 689357 972868 146549 546108 890552 72720 609728 85255 564811 717948 412825 747203 315536 747273 824523 907311 864091 1062428 954649 488080 772063 288685 867342 394796 871868 965925 598019 802111 653481 395247 314579 1044488 839098 925642 71094 1074673 1006584 135557 462007 667078 568008 148667 245156 672968 649351 432425 409179 371900 220737 871433 653724 317923 100196 529059 381797 495055 657519 491481 742428 269357 464979 749198 685293 581029 879917 412503 871363 915269 507694 112265 563266 675841 952869 342111 715363 317919 552315 810286 613847 99420 575102 378864 409267 931881 274807 907680 761963 1060680 476266 810719 792623 1174957 193627 1035331 718383 401134 566192
 1027562 1 741075 342100 168772 1151688 758625 503590 1010738 502220 1088466 892198 381207 681520 472720 746433 707028 740280 247375 180558 195338 91887 560304 290934 896375 561251 655326 633874 218093 564407 781835 639325 683868 961780 383899 582489 208649 1090767 164340 262022 1108621 746536 574668 460136 1139550 857244 641823 646953 635279 819155 744843 950921 549929 710260 838428 928528 790440 663639 610440 473828 776245 289187 788937 718873 339693 537927 641020 626474 711776 180418 128864 778043 1064472 775555 356811 175626 935416 519654 810334 518126 284742 899603 1031634 484959 845767 654890 100128 842829 291086 267414 299310 588193 216845 249382 213187 992136 305590 617167 860473 531773
 513256 741075 1 439772 773754 658437 42794 883652 550884 241531 598415 167141 623004 169100 732664 243801 234052 312452 751853 643349 687675 705862 267336 451211 625531 896362 455476 363756 793703 642068 295565 153662 192986 268948 598897 884897 563841 582229 713681 606049 645997 656972 194916 385347 661915 268464 169641 147409 211268 114074 160156 614822 893445 804961 599432 457503 751543 258206 558623 631074 37096 479896 273571 635599 401453 715960 105400 372832 134790 560683 612223 724140 612532 770581 425263 599535 233371 733387 196540 254835 662657 196372 585240 288555 662247 216724 673386 560248 778404 504504 644955 227567 559124 498719 810415 625922 617016 217701 144828 222632
 689357 342100 439772 1 336170 818772 467901 486629 678165 205164 754376 604431 226546 346683 359137 404845 494032 556938 313292 206442 387628 281917 219920 107988 594813 517285 340689 493204 353962 350052 582466 387175 345870 628887 441902 517771 256734 754562 392817 356789 778930 487494 327221 122879 808514 516332 398866 393003 297020 496799 410121 637550 510775 533777 539961 591636 559255 321634 340219 284574 470533 53240 446908 457889 130263 380502 356424 491732 381115 183936 225935 538620 734960 557812 15430 275598 605510 382652 473324 189982 230429 624179 701765 154926 565335 315250 253324 533138 343414 75016 417918 251297 129473 105864 490790 674823 399122 397441 538089 217154
 972868 168772 773754 336170 1 1084060 799225 336449 945011 533860 1023912 935967 268205 679023 326714 724234 788983 835643 89268 130408 359418 101250 548315 338848 801425 395445 581972 741984 49453 443314 871511 700676 675170 960044 534995 418739 330850 1030322 331547 411424 1036636 632246 636239 428755 1069065 836663 707892 707579 626898 832606 741778 864052 383870 565928 743225 872685 661694 639827 510983 354256 805602 293928 761497 607016 393973 398707 684043 736374 715384 255467 219609 653244 993021 642203 351336 308074 938627 375772 802014 526120 166837 951770 961335 491062 738659 642613 130037 756119 126692 269410 457589 583521 215902 285336 378218 907948 459069 693347 873788 551959
 146549 1151688 658437 818772 1084060 1 690190 964753 140971 752784 65477 699609 821402 558290 831603 460059 892226 968667 1012811 982480 1198094 1074681 626399 906754 324301 933675 502325 1018161 1072458 680775 944718 799900 539955 442727 1187794 902602 1061635 76229 1208465 1145795 54958 518177 813476 696087 24684 391092 819317 795707 575216 552174 518433 247350 939359 700309 372021 230564 565014 521795 585350 751293 635430 871254 414373 528959 887189 763376 727574 1026280 558966 1002323 1044206 548908 93246 600443 805992 1087443 474057 794230 463953 692867 918485 748177 123082 713713 416157 552095 1054032 341254 1008132 889395 1201020 617683 935589 923628 1308064 202805 1176131 864858 540858 709144
 546108 758625 42794 467901 799225 690190 1 920007 586591 265366 631363 136778 657960 211803 770066 285429 203237 278496 781011 669011 694622 727850 305777 471014 667097 934143 498034 340346 821067 682488 257794 143830 235761 284893 594204 923393 574939 614139 722283 610101 679954 699708 196258 420883 694681 302795 155735 136445 252894 138965 201314 654884 930966 846747 641696 494494 794267 300883 600324 669192 54784 505461 313539 678246 419357 755254 117638 350090 177459 578733 630079 766872 647640 813182 453806 611132 248333 772071 232384 287379 693696 159370 621104 319983 704774 259109 694950 602155 809036 529867 645666 266576 583671 520343 817297 664835 617661 203103 161167 252005
 890552 503590 883652 486629 336449 964753 920007 1 840989 679174 915777 1049802 265221 739281 155630 739525 978974 1043529 258350 375895 685645 421442 617524 556836 644234 62156 516287 975758 288842 294040 1067933 866579 724534 987453 839755 93603 622879 930699 662093 720275 911051 449282 810390 499260 944484 839774 880429 871549 685635 901437 791316 719435 50083 300244 592974 797851 431841 666746 400043 259770 906098 478696 760715 435963 603356 205489 822533 973192 781161 527402 514632 436307 872027 401144 495740 611476 977512 176129 833457 635317 274390 1079226 845612 605961 558480 691092 436812 625025 212940 463435 774145 657851 438447 509961 714652 765285 769917 883097 938006 675392
 72720 1010738 550884 678165 945011 140971 586591 840989 1 620207 78918 618149 684221 432333 702213 332727 784173 863331 875282 841972 1058821 934010 489573 767370 221256 814339 363049 902227 934679 551638 844267 683519 411988 375735 1054542 784884 922603 89748 1068549 1008443 103721 403148 690673 555395 130762 284138 703638 680082 443266 453472 400234 149945 819099 592870 256494 97365 464467 387000 452281 617475 532768 730536 289265 409134 749405 636940 608908 909643 438823 861857 903431 444391 63151 499210 665514 947848 400254 667495 354483 557569 780047 667274 34664 576752 313269 420398 913166 217322 872293 748532 1064465 483659 794619 783218 1167921 120913 1040000 747376 450756 576605
 609728 502220 241531 205164 533860 752784 265366 679174 620207 1 687502 402115 413977 203415 538390 294771 304336 376844 518094 403666 472798 464337 143538 211309 607299 702224 369390 344268 556287 484456 393605 187521 216348 467502 435011 697191 339838 680222 493278 403965 723826 563966 135908 194132 748411 389845 202293 192379 177568 318429 260933 626625 697256 666006 562814 523933 651974 233915 430968 446221 275351 240161 341346 536586 165353 540472 151453 346786 221997 322076 373547 626749 682552 661015 192031 373273 438220 550790 328573 73481 434747 419612 650253 82385 609298 200697 431916 538820 548515 264519 454251 137284 318386 257343 593328 653648 427972 213335 359416 43653
 85255 1088466 598415 754376 1023912 65477 631363 915777 78918 687502 1 647850 763025 493826 778959 395252 832451 909774 954141 920446 1132923 1012328 560947 841643 284119 887347 441958 956335 1013564 628180 887283 737773 475152 394405 1122500 857193 996412 28068 1143527 1080344 53811 473499 749859 631824 63569 330151 757387 733765 509942 494344 455420 207896 892487 660315 326223 165123 528186 456327 530037 695546 576734 806987 349810 481668 821783 712579 664810 964277 495622 937757 979996 509948 54052 563413 741470 1022384 423677 743272 402803 627398 858962 696766 70960 648260 377171 486835 991188 290775 950897 825386 1135544 552259 872101 859026 1243238 167870 1110656 802519 485588 643855
 564811 892198 167141 604431 935967 699609 136778 1049802 618149 402115 647850 1 789962 320503 897940 367973 261745 312202 917359 805775 817820 863814 432458 606400 737133 1061040 602462 409049 957791 801502 272298 259926 341068 258999 699871 1048498 703562 626269 847411 729968 700122 797836 321224 552235 708729 342992 264312 251981 369797 181470 287334 711843 1058456 957354 720763 536057 892149 406804 712712 795574 144365 642233 381995 779140 553961 878242 252971 420207 279835 712966 764083 864649 674425 914245 590230 740076 225778 896843 287649 421710 829205 49132 652554 455079 787647 370408 830777 677086 944787 666629 760182 392245 720348 656362 939819 713401 732338 304908 169679 387959
 717948 381207 623004 226546 268205 821402 657960 265221 684221 413977 763025 789962 1 488262 133594 505843 714763 781064 191493 202532 516227 290217 360586 312239 533228 291220 323186 719698 251350 183205 803916 601427 476738 753400 629533 291302 416529 771454 504883 521853 772524 367994 545834 237746 805350 614251 615466 606355 433699 650904 545068 596549 285185 341736 475044 618518 409488 425791 242856 92702 647507 230255 535320 341483 351481 171132 557905 718090 529387 318745 328131 396846 729351 396046 233836 417561 738613 164309 595021 371530 102261 817327 698334 341297 471908 442678 284340 489010 190165 221667 581852 400788 218804 274773 584805 640827 570423 619453 689466 410805
 412825 681520 169100 346683 679023 558290 211803 739281 432333 203415 493826 320503 488262 1 584919 99645 374149 456192 641216 551437 673875 628254 131781 396723 468108 745757 286558 475251 690198 481368 449840 259673 25007 282206 634027 731301 538898 483881 692232 607300 534407 487914 258763 256667 556310 186478 280487 257823 54609 162774 63533 467788 743971 638270 436795 334979 582466 89119 392689 481116 178026 396396 144032 466517 360428 559835 183264 481764 41968 506391 556178 555075 495476 601548 331257 570616 259605 579862 129280 163998 545467 358374 464640 196562 497127 49944 598708 400745 660648 420368 657500 95617 475790 432302 792902 486044 631044 320280 201308 161887
 747203 472720 732664 359137 326714 831603 770066 155630 702213 538390 778959 897940 133594 584919 1 583941 841789 910271 237525 307961 629905 381497 465552 445427 519363 164621 364193 852238 291595 150861 931123 725570 569635 832001 757144 159471 541457 791813 613840 645402 779235 330444 672568 351338 812718 684853 740680 730015 531646 746677 636106 591275 160925 239464 464256 651921 341121 511277 252344 104251 753824 363588 605661 310838 485047 76105 676773 850861 626860 443002 444627 336756 738364 318368 365492 538464 821888 49331 677828 488739 193636 928820 710083 461476 441614 536371 385032 490406 208770 353895 704004 505702 344606 406085 684354 637184 694688 747637 782900 530206
 315536 746433 243801 404845 724234 460059 285429 739525 332727 294771 395252 367973 505843 99645 583941 1 465937 547505 675932 601562 756854 684900 186690 471525 381736 737650 243485 573353 729162 461615 536678 356089 79903 248675 729079 718980 620440 386368 772471 695433 435000 430918 358323 295713 457383 112513 376724 353574 119042 188180 84436 373808 737478 598856 357311 235364 524851 84481 361868 480165 239636 457356 46603 413662 441783 546728 280031 580163 113079 577574 625296 497390 395861 548099 389871 650190 238261 570567 95504 242116 577514 412130 364997 269280 422116 96308 657630 316829 689206 479859 747858 165502 533512 500441 873334 389218 722002 418175 214053 251461
 747273 707028 234052 494032 788983 892226 203237 978974 784173 304336 832451 261745 714763 374149 841789 465937 1 82067 793647 665799 595246 701063 415640 451378 842225 1004920 639635 147422 821209 785812 89345 123511 398956 483460 451074 1000942 501922 816052 629132 502334 879986 842868 169222 497623 895938 502501 104590 122054 395370 342186 387027 839681 999516 964241 809337 689785 935270 455295 722437 750557 257824 513333 501624 817887 396610 844627 194871 158506 352892 539978 586767 908709 846135 948800 483806 537967 446743 855115 430357 364444 721998 239712 818380 384860 866967 410505 667481 774655 830041 534429 521732 385891 579440 505260 712912 854318 494855 97131 362322 321019
 824523 740280 312452 556938 835643 968667 278496 1043529 863331 376844 909774 312202 781064 456192 910271 547505 82067 1 847373 716703 610305 743565 494802 502981 924281 1072141 720334 122194 870771 860851 50638 203503 481011 551101 446453 1069722 532015 892631 646296 516172 958034 923209 241052 570973 973133 580515 183558 202861 477068 416810 467868 921307 1066249 1040869 891340 769603 1015206 537226 800662 821778 333239 570960 582529 897915 449638 916763 276562 133216 434427 582109 625904 988786 924954 1028068 547917 566733 514638 925914 508958 440643 781099 279925 897669 458690 948744 492446 710398 856722 885772 590559 526136 466269 631858 556388 722767 935426 500863 163606 433323 397415
 907311 247375 751853 313292 89268 1012811 781011 258350 875282 518094 954141 917359 191493 641216 237525 675932 793647 847373 1 133664 427490 163093 509441 344413 722112 314435 513193 762926 60060 358621 879359 695624 634383 918171 588518 335115 374735 962101 403790 466750 964017 548027 632957 385181 996835 787379 705261 701973 587446 799856 702390 787089 303305 476666 664201 807471 573992 592488 432858 271444 781400 281968 710111 523660 398000 310063 669522 758513 679825 285429 263066 566338 920830 553798 327214 358829 899385 286654 759038 498316 98895 937450 889759 463810 655911 600832 179976 679954 46432 259660 518371 547177 215577 291285 460242 831660 515992 696664 840359 529478
 864091 180558 643349 206442 130408 982480 669011 375895 841972 403666 920446 805775 202532 551437 307961 601562 665799 716703 133664 1 322054 93344 421828 214498 717749 425342 481809 629845 155683 385237 750208 573142 548786 833249 463884 439550 247057 924650 306311 345332 937508 566037 509197 306236 969116 714043 581245 579873 500179 703233 614563 774357 415396 539218 659619 764124 611896 517119 430365 295163 675220 163584 640660 538323 269199 366188 554178 625256 586946 153425 139937 598660 893460 598478 221733 236526 810885 351572 676110 396387 114338 822158 860996 361339 665404 516845 81905 665997 177111 139148 401137 455821 87071 160668 382525 816451 395060 569300 744508 421599
 1062428 195338 687675 387628 359418 1198094 694622 685645 1058821 472798 1132923 817820 516227 673875 629905 756854 595246 610305 427490 322054 1 264734 574752 291457 981569 740068 728161 493006 408694 692192 657052 557936 683197 937909 198708 757579 136813 1130403 38588 94146 1161173 858744 498745 508647 1189582 859688 554281 565881 638221 784037 733384 1025138 729341 857638 925936 968150 917479 681727 713505 606006 724690 339855 802786 829514 315073 685364 582343 483703 694794 209270 188185 900929 1117577 908342 398082 112061 906845 672657 801066 514811 436365 814986 1084347 488502 946429 660613 249732 920650 473504 328988 107928 591352 303715 282562 122762 1062021 121573 518626 823428 512286
 954649 91887 705862 281917 101250 1074681 727850 421442 934010 464337 1012328 863814 290217 628254 381497 684900 701063 743565 163093 93344 264734 1 501585 258079 810946 477066 574725 646064 148077 473369 781332 619906 627784 910398 434317 496414 230092 1016022 240768 310899 1030124 656834 554908 391881 1061595 797010 625326 627143 578935 774430 691762 867697 466079 618537 752784 854891 699027 600836 522998 382665 739458 232107 725476 629501 312172 446091 610844 639997 661606 161553 120283 686993 986042 683824 297289 206829 886254 428101 755240 468202 192879 876024 953487 433640 757554 596974 33676 759340 208860 207917 358865 533084 152499 207508 303017 909747 359030 606947 815886 488168
 488080 560304 267336 219920 548315 626399 305777 617524 489573 143538 560947 432458 360586 131781 465552 186690 415640 494802 509441 421828 574752 501585 1 286184 463782 629050 229575 480559 558578 379415 501641 292129 126974 411742 567744 617695 437943 556802 588429 519397 593138 429628 260521 125412 619711 296943 311453 293950 78597 292083 193656 484793 626221 551506 419516 395837 520706 107110 307303 363740 288576 271693 230782 403641 261167 449669 226470 484250 170914 391005 438608 494511 550605 533292 204685 466208 390790 466306 254307 71555 413902 463684 517715 87314 467555 95392 473244 395349 529304 294769 574927 40365 349320 313751 689146 513539 550436 336804 331853 105269
 772063 290934 451211 107988 338848 906754 471014 556836 767370 211309 841643 606400 312239 396723 445427 471525 451378 502981 344413 214498 291457 258079 286184 1 698201 595050 443306 421732 369833 454272 535768 362695 402200 673615 334188 600121 155738 839535 302668 250884 869735 595472 297916 220460 898131 578585 369226 369787 354926 528580 459171 737382 587209 636163 644354 677032 666753 393209 448205 382771 485924 82078 516537 565869 55126 476689 353587 418279 424052 111164 162420 646381 826171 664533 113866 180847 646130 475027 525980 232945 284551 617951 792945 202586 672079 376309 224736 634946 383540 93477 311480 307352 128880 53883 403186 772935 291806 355078 569821 241776
 288685 896375 625531 594813 801425 324301 667097 644234 221256 607299 284119 737133 533228 468108 519363 381736 842225 924281 722112 717749 981569 810946 463782 698201 1 610521 254921 934609 782109 370951 916840 725470 443271 534535 1018480 578925 851402 304819 983619 948973 269573 195185 712380 478184 302564 398972 746315 724382 452290 556634 465813 77053 616615 376718 58305 232593 244270 390055 290519 451568 619850 641755 356980 209462 696078 447352 649529 939737 492948 773785 806866 225892 234333 279395 585683 869836 548202 478233 449668 534839 634937 784265 213681 541090 93058 434130 796261 68795 710136 654119 1009107 476421 689955 699041 1077938 121864 988016 782382 569520 567502
 867342 561251 896362 517285 395445 933675 934143 62156 814339 702224 887347 1061040 291220 745757 164621 737650 1004920 1072141 314435 425342 740068 477066 629050 595050 610521 1 505769 1009786 348625 279995 1094199 889603 729362 983520 888533 35324 671168 903695 717793 770666 879384 415596 835748 515955 912635 833559 904437 894155 693190 906381 794681 686815 12074 251634 561906 777527 387616 668949 386075 265466 916755 514912 755328 405679 638936 191732 841387 1007810 787718 574296 565093 395020 841704 355178 525006 661837 975835 167154 832653 653357 318301 1092654 816650 625929 521919 696617 490460 597137 270186 501703 825845 669028 481787 550660 773234 732292 820392 910141 941553 694765
 394796 655326 455476 340689 581972 502325 498034 516287 363049 369390 441958 602462 323186 286558 364193 243485 639635 720334 513193 481809 728161 574725 229575 443306 254921 505769 1 710095 572254 225814 722771 516833 263503 480901 765316 483796 596896 449025 731733 694053 456041 203816 489804 223307 487996 329185 536920 517662 248421 428154 316195 298148 507108 356166 202177 295623 297584 197534 120934 267009 463360 388962 252663 180599 442075 314317 445661 713667 324372 521701 557445 270486 412108 315187 331101 616202 476904 341313 338257 295973 417184 643037 379964 295346 240677 239112 556105 192490 512901 402898 754207 254167 442786 445691 827692 337585 733245 565343 457015 334327
 871868 633874 363756 493204 741984 1018161 340346 975758 902227 344268 956335 409049 719698 475251 852238 573353 147422 122194 762926 629845 493006 646064 480559 421732 934609 1009786 710095 1 780406 821754 172397 218782 498507 624808 324385 1010970 425431 942014 529799 398993 1001430 907753 222398 531955 1019862 627169 198956 222579 482565 476805 502109 941670 1002860 1005733 895538 805743 996230 545004 774873 771696 392991 497203 613916 880626 372578 868062 293634 11513 463555 486519 526319 970936 965101 1005077 486882 458515 588125 873482 554299 416049 705891 384815 935670 425296 947208 501755 613735 865913 803931 513832 405391 460218 548545 472898 602953 961250 380694 155190 501508 375927
 965925 218093 793703 353962 49453 1072458 821067 288842 934679 556287 1013564 957791 251350 690198 291595 729162 821209 870771 60060 155683 408694 148077 558578 369833 782109 348625 572254 780406 1 417723 905150 728553 684605 969183 582386 373108 375399 1021263 380995 458972 1023820 607132 664761 435846 1056600 841095 736859 735221 637019 846873 752142 847147 336913 529092 724221 865970 630738 645230 492918 331196 824416 316623 764492 583060 424707 365769 707482 775210 727905 295048 263207 623901 980580 609521 368624 354303 949308 340925 810330 542420 155814 975712 949427 507524 715412 651399 174109 739989 84340 292823 506145 595323 242673 315950 426410 891707 506999 724843 887728 571108
 598019 564407 642068 350052 443314 680775 682488 294040 551638 484456 628180 801502 183205 481368 150861 461615 785812 860851 358621 385237 692192 473369 379415 454272 370951 279995 225814 821754 417723 1 874177 663882 462341 705076 786293 258357 582000 641304 683708 687643 628520 189420 619854 290893 661992 554268 681517 666947 432037 637405 524473 441471 281581 185071 314827 504145 226861 398706 106476 90783 657744 375738 476585 165798 479565 89136 604227 822411 522774 487572 504487 213642 587532 216174 350039 588383 698936 117932 557086 421469 282856 837296 559226 402258 298298 431435 467139 339634 341542 375931 748861 416845 389058 429829 766599 487272 734449 697639 670340 464896
 802111 781835 295565 582466 871511 944718 257794 1067933 844267 393605 887283 272298 803916 449840 931123 536678 89345 50638 879359 750208 657052 781332 501641 535768 916840 1094199 722771 172397 905150 874177 1 210472 474844 519210 496233 1090285 574322 869036 692599 563020 936661 926468 258557 586639 950316 560254 192702 207933 476069 392940 454669 909700 1088755 1051738 886622 752245 1019494 534241 808895 839811 311537 600234 568865 902063 481490 933749 277211 183545 424157 619799 664976 992722 905074 1033964 572498 609566 483192 944395 490177 452708 809568 236341 878811 473859 946109 489555 747935 850123 916543 620820 574829 470292 664406 589545 770753 921475 549241 185026 405351 409284
 653481 639325 153662 387175 700676 799900 143830 866579 683519 187521 737773 259926 601427 259673 725570 356089 123511 203503 695624 573142 557936 619906 292129 362695 725470 889603 516833 218782 728553 663882 210472 1 283792 422428 450396 884062 445100 723829 587527 470737 782661 719767 65052 377718 801271 409262 20860 7946 274948 267373 283341 727460 884719 841312 690312 587177 811954 336138 599009 631849 187954 413703 395631 694606 307935 724894 76410 226518 245110 463046 513046 785456 746357 825311 375432 481730 386592 736573 336491 242502 617513 260991 717040 265166 746391 291601 586313 657313 729078 436552 503612 262785 486080 415574 680060 745076 475628 65387 298026 199136
 395247 683868 192986 345870 675170 539955 235761 724534 411988 216348 475152 341068 476738 25007 569635 79903 398956 481011 634383 548786 683197 627784 126974 402200 443271 729362 263503 498507 684605 462341 474844 283792 1 284897 649732 714093 547460 466151 700386 619003 514594 464052 280609 249204 537231 176797 304633 282121 48853 177098 68490 443795 727885 616589 411788 314653 558649 66098 371647 465543 200005 396755 125905 443010 368592 542172 207408 504837 61289 510717 559831 531226 475066 578153 330513 578372 265006 562947 127495 169560 537707 380104 443870 200076 472186 34075 598921 375826 652251 420319 670388 95703 475331 435322 801207 462786 644248 343757 213665 173540
 314579 961780 268948 628887 960044 442727 284893 987453 375735 467502 394405 258999 753400 282206 832001 248675 483460 551101 918171 833249 937909 910398 411742 673615 534535 983520 480901 624808 969183 705076 519210 422428 284897 1 865367 963393 806959 371151 960106 862386 447727 643938 460863 533383 453385 152616 437509 415940 333191 157583 218796 492281 983851 826520 533928 308754 732713 327806 601775 728492 234808 678422 228513 632824 632189 791937 368057 634730 250006 784471 835069 706296 426582 761019 613462 840734 36732 816851 159204 443822 820730 306756 408833 477599 603582 317810 880659 486172 934187 702487 905808 377677 757963 712423 1059557 483829 878141 485581 124520 432240
 1044488 383899 598897 441902 534995 1187794 594204 839755 1054542 435011 1122500 699871 629533 634027 757144 729079 451074 446453 588518 463884 198708 434317 567744 334188 1018480 888533 765316 324385 582386 786293 496233 450396 649732 865367 1 900765 217397 1115113 237056 123630 1158247 928727 404632 543854 1183254 817526 440228 457872 612579 707789 684857 1049040 878849 965359 967438 958678 1000936 667558 781682 709761 635221 410568 775501 899159 323683 799836 497310 313635 643522 315130 325856 980512 1116531 998338 446175 229707 830914 793530 750288 497713 571379 686980 1083963 482595 1000825 635706 410190 952375 634770 411653 92383 570891 412541 357430 287774 1080151 78589 395867 742981 478650
 839098 582489 884897 517771 418739 902602 923393 93603 784884 697191 857193 1048498 291302 731301 159471 718980 1000942 1069722 335115 439550 757579 496414 617695 600121 578925 35324 483796 1010970 373108 258357 1090285 884062 714093 963393 900765 1 683438 874024 736616 784458 848161 384443 831737 508064 881329 812600 899458 888356 679462 890767 778491 655468 45799 216817 531274 750527 353449 652517 363248 254487 904134 519026 734922 375789 642046 172458 833501 1009392 773196 585769 579474 361570 810950 320686 524569 675844 956801 151657 814290 645563 329387 1081265 786380 619363 489578 681809 507892 567565 292363 507276 840685 657330 491034 557660 795231 700776 834168 907009 925164 687591
 925642 208649 563841 256734 330850 1061635 574939 622879 922603 339838 996412 703562 416529 538898 541457 620440 501922 532015 374735 247057 136813 230092 437943 155738 851402 671168 596896 425431 375399 582000 574322 445100 547460 806959 217397 683438 1 993700 153529 105782 1025168 738384 382362 375208 1053355 724160 444771 452966 502013 655153 599227 892380 661530 756259 796692 831552 803201 544934 591537 500744 600486 213240 666261 708864 178890 587620 459470 418221 561355 98456 112479 784807 981677 797204 265796 36662 776874 579441 666855 378574 354074 705839 948462 351790 820956 524276 201343 789102 420532 207394 166861 454975 197810 155583 254019 928367 153896 415449 695288 377943
 71094 1090767 582229 754562 1030322 76229 614139 930699 89748 680222 28068 626269 771454 483881 791813 386368 816052 892631 962101 924650 1130403 1016022 556802 839535 304819 903695 449025 942014 1021263 641304 869036 723829 466151 371151 1115113 874024 993700 1 1141917 1075872 80178 491373 738070 632475 82464 314898 743201 719595 502775 476307 442760 229612 908555 679773 344231 162956 549083 451078 541466 706304 559395 807432 340299 498236 817957 726688 651717 950164 483464 937364 980451 530112 80551 584162 741347 1020380 401311 757239 387766 621939 866165 675043 91450 644006 397778 479618 994163 306558 960151 826386 1130375 546162 874078 858591 1241960 191599 1105178 788835 465811 636643
 1074673 164340 713681 392817 331547 1208465 722283 662093 1068549 493278 1143527 847411 504883 692232 613840 772471 629132 646296 403790 306311 38588 240768 588429 302668 983619 717793 731733 529799 380995 683708 692599 587527 700386 960106 237056 736616 153529 1141917 1 130914 1170278 854526 527134 515212 1199237 877164 584746 595468 654479 807548 752726 1029588 706834 844939 927326 979233 910008 695536 710675 596007 750569 342841 818003 825542 331891 672077 608614 520651 714880 210040 180204 894393 1126477 899460 404316 122298 929717 657881 820340 531131 420336 845987 1093244 503279 945058 676525 229768 924041 449264 329500 145707 607220 298353 286957 100871 1067451 160152 550454 847395 531453
 1006584 262022 606049 356789 411424 1145795 610101 720275 1008443 403965 1080344 729968 521853 607300 645402 695433 502334 516172 466750 345332 94146 310899 519397 250884 948973 770666 694053 398993 458972 687643 563020 470737 619003 862386 123630 784458 105782 1075872 130914 1 1111753 841954 413861 470898 1138865 793772 465732 478656 576427 706581 664353 986753 760669 861972 895237 915232 908202 624837 694813 606509 643144 316625 741908 812382 259192 692983 500752 389779 624497 203153 205697 889469 1068774 902643 364307 108854 830153 684248 731786 454453 455820 725162 1035688 432085 922124 599351 287535 885320 513127 312425 61538 530925 303050 259620 211151 1021218 49730 428219 744984 445704
 135557 1108621 645997 778930 1036636 54958 679954 911051 103721 723826 53811 700122 772524 534407 779235 435000 879986 958034 964017 937508 1161173 1030124 593138 869735 269573 879384 456041 1001430 1023820 628520 936661 782661 514594 447727 1158247 848161 1025168 80178 1170278 1111753 1 463807 792104 656053 33502 377566 802533 778923 546742 543909 499476 192727 885172 645388 318101 200223 510063 490716 534634 700598 625511 830949 390687 475116 852636 710341 708810 1009117 538936 962822 1003548 493972 44152 545491 766580 1049955 476553 741229 449676 661276 870551 749113 77197 680262 361257 523820 1010321 288909 958207 848353 1167962 587359 893258 884334 1269322 147929 1143573 847015 536653 680209
 462007 746536 656972 487494 632246 518177 699708 449282 403148 563966 473499 797836 367994 487914 330444 430918 842868 923209 548027 566037 858744 656834 429628 595472 195185 415596 203816 907753 607132 189420 926468 719767 464052 643938 928727 384443 738384 491373 854526 841954 463807 1 689902 391400 497041 493019 739664 720824 452056 619092 510605 271225 421523 192510 147284 382032 94630 398913 147315 278134 662382 525405 426794 29609 607771 256047 649288 910624 523864 649966 674357 67176 426568 117848 482571 750287 647660 286575 520402 491704 469661 840405 402564 485044 111260 441791 647496 187215 530244 531746 903451 457003 556204 582829 942471 316776 885892 766431 643319 532390
 667078 574668 194916 327221 636239 813476 196258 810390 690673 135908 749859 321224 545834 258763 672568 358323 169222 241052 632957 509197 498745 554908 260521 297916 712380 835748 489804 222398 664761 619854 258557 65052 280609 460863 404632 831737 382362 738070 527134 413861 792104 689902 1 329979 812895 427189 72305 72464 260820 303344 295619 721222 830404 800446 673166 593400 780187 323288 562245 581802 231691 351027 401508 663532 243052 676303 93077 227357 254630 398037 448127 754296 753821 791217 316257 418905 426287 686247 356023 200923 556885 325083 723240 217642 725405 280716 521305 643650 667293 373457 450573 238053 422131 350985 621321 742521 422592 77948 338397 158355
 568008 460136 385347 122879 428755 696087 420883 499260 555395 194132 631824 552235 237746 256667 351338 295713 497623 570973 385181 306236 508647 391881 125412 220460 478184 515955 223307 531955 435846 290893 586639 377718 249204 533383 543854 508064 375208 632475 515212 470898 656053 391400 329979 1 685677 408220 394204 381556 202504 417483 317258 517174 512044 473924 425125 469670 472725 211237 248521 254470 409856 175172 334434 362372 220181 347221 325547 533093 296300 306800 348173 449297 612082 477477 110898 396644 514204 359171 374485 137522 288838 580206 578886 112781 457061 215718 366521 414510 404005 193982 530924 164756 243533 228486 613560 553429 509963 407457 457244 179669
 148667 1139550 661915 808514 1069065 24684 694681 944484 130762 748411 63569 708729 805350 556310 812718 457383 895938 973133 996835 969116 1189582 1061595 619711 898131 302564 912635 487996 1019862 1056600 661992 950316 801271 537231 453385 1183254 881329 1053355 82464 1199237 1138865 33502 497041 812895 685677 1 393702 820910 797287 570972 557403 518764 225862 918468 677917 351517 224611 542152 516167 567872 733846 640017 860738 412287 508535 879921 743840 728186 1027782 558839 992304 1033515 526449 76055 577582 795979 1078594 483747 774730 466368 687099 903120 757506 108121 706972 393906 547930 1041481 322370 991306 878448 1194630 612527 923875 913714 1298529 180760 1170005 865978 547833 704760
 245156 857244 268464 516332 836663 391092 302795 839774 284138 389845 330151 342992 614251 186478 684853 112513 502501 580515 787379 714043 859688 797010 296943 578585 398972 833559 329185 627169 841095 554268 560254 409262 176797 152616 817526 812600 724160 314898 877164 793772 377566 493019 427189 408220 393702 1 428459 404875 223685 170011 132960 369022 834281 674109 390594 194951 583140 196993 450117 582276 248718 568517 79422 480976 545328 641830 338360 635397 174488 686315 734812 556398 344859 610532 501238 755168 154917 667465 72873 346300 688759 391486 318744 376079 459818 202825 769443 344049 799512 591328 843671 271275 645337 610004 977974 370988 817069 474439 173346 348286
 672968 641823 169641 398866 707892 819317 155735 880429 703638 202293 757387 264312 615466 280487 740680 376724 104590 183558 705261 581245 554281 625326 311453 369226 746315 904437 536920 198956 736859 681517 192702 20860 304633 437509 440228 899458 444771 743201 584746 465732 802533 739664 72305 394204 820910 428459 1 23623 295649 283697 303408 748273 899372 859662 711062 607415 831668 356924 617964 647902 202702 423329 416025 714363 314188 741414 97233 206965 265485 467118 516548 805232 766425 844738 387577 481432 401411 752585 355622 260057 628835 261489 737224 281456 766986 312411 591673 678145 739526 445750 496435 282784 494195 422559 675920 765777 468519 48106 312990 216626
 649351 646953 147409 393003 707579 795707 136445 871549 680082 192379 733765 251981 606355 257823 730015 353574 122054 202861 701973 579873 565881 627143 293950 369787 724382 894155 517662 222579 735221 666947 207933 7946 282121 415940 457872 888356 452966 719595 595468 478656 778923 720824 72464 381556 797287 404875 23623 1 274639 261313 279849 725543 889352 843845 689745 583906 813226 335478 601074 635846 181295 420108 392617 695838 315096 728627 74860 230574 242081 470501 520568 786656 742853 826895 381119 489593 380016 740576 332046 245791 623398 253205 713691 269186 746278 290834 593564 656335 735205 443057 511418 263838 492824 422567 688001 742716 483437 70650 291478 202527
 432425 635279 211268 297020 626898 575216 252894 685635 443266 177568 509942 369797 433699 54609 531646 119042 395370 477068 587446 500179 638221 578935 78597 354926 452290 693190 248421 482565 637019 432037 476069 274948 48853 333191 612579 679462 502013 502775 654479 576427 546742 452056 260820 202504 570972 223685 295649 274639 1 217236 115125 460860 691166 593854 415493 346643 546003 62474 347435 428118 225752 347934 165482 428939 323187 508614 200519 487972 95851 462794 511633 518876 505881 562974 281661 532286 312291 527859 176322 123440 491339 405353 473862 152394 471693 23160 550077 383725 606355 371473 629133 47591 426479 386989 755346 483827 603434 330165 255917 133933
 409179 819155 114074 496799 832606 552174 138965 901437 453472 318429 494344 181470 650904 162774 746677 188180 342186 416810 799856 703233 784037 774430 292083 528580 556634 906381 428154 476805 846873 637405 392940 267373 177098 157583 707789 890767 655153 476307 807548 706581 543909 619092 303344 417483 557403 170011 283697 261313 217236 1 113059 534757 904962 784314 539315 364832 713016 238731 542887 642620 84444 543043 200606 601555 483738 718614 210479 486116 121551 639719 690979 685560 513261 736191 481502 689705 123784 739821 107119 307028 705458 227748 488130 342011 606197 210347 743323 495839 821120 567629 748941 253086 623323 571145 906228 539737 721199 331734 41462 287534
 371900 744843 160156 410121 741778 518433 201314 791316 400234 260933 455420 287334 545068 63533 636106 84436 387027 467868 702390 614563 733384 691762 193656 459171 465813 794681 316195 502109 752142 524473 454669 283341 68490 218796 684857 778491 599227 442760 752726 664353 499476 510605 295619 317258 518764 132960 303408 279849 115125 113059 1 455048 793521 672151 441688 304217 605013 126005 429946 531887 155314 459927 114663 491820 421394 606188 209441 509683 41537 569213 619203 577506 463025 626911 394699 631527 197167 627854 67683 226947 605954 330009 433879 259912 506148 102541 662240 401220 720635 483887 712909 158881 539287 495549 853200 467617 686052 347540 146898 221290
 220737 950921 614822 637550 864052 247350 654884 719435 149945 626625 207896 711843 596549 467788 591275 373808 839681 921307 787089 774357 1025138 867697 484793 737382 77053 686815 298148 941670 847147 441471 909700 727460 443795 492281 1049040 655468 892380 229612 1029588 986753 192727 271225 721222 517174 225862 369022 748273 725543 460860 534757 455048 1 692725 453706 127154 183586 320364 398659 354251 518582 604673 686747 341361 283641 730052 520583 651051 947620 486885 819614 855557 302692 157391 355644 627158 913082 510133 551508 428152 556319 697217 760104 138166 567104 169713 440509 851105 108410 777492 701029 1045865 491298 740392 743072 1125823 45981 1023589 787354 542314 584894
 871433 549929 893445 510775 383870 939359 930966 50083 819099 697256 892487 1058456 285185 743971 160925 737478 999516 1066249 303305 415396 729341 466079 626221 587209 616615 12074 507108 1002860 336913 281581 1088755 884719 727885 983851 878849 45799 661530 908555 706834 760669 885172 421523 830404 512044 918468 834281 899372 889352 691166 904962 793521 692725 1 260543 567429 781008 395737 667942 387924 263098 914240 507383 755851 410887 631601 192793 837277 1000773 785938 564876 555034 402522 847210 363641 518758 651823 975724 167009 832319 649307 309197 1089658 821874 621496 528542 694986 479817 602038 258843 493792 815619 666294 472952 542343 761770 738297 810388 904504 940417 690487
 653724 710260 804961 533777 565928 700309 846747 300244 592870 666006 660315 957354 341736 638270 239464 598856 964241 1040869 476666 539218 857638 618537 551506 636163 376718 251634 356166 1005733 529092 185071 1051738 841312 616589 826520 965359 216817 756259 679773 844939 861972 645388 192510 800446 473924 677917 674109 859662 843845 593854 784314 672151 453706 260543 1 336512 574459 138700 550633 246465 255782 816273 556034 602656 195918 663752 173056 777974 1006629 677872 659395 669717 151493 611051 104579 534441 758978 826950 191059 692577 600247 426833 996583 589496 583622 284185 588998 619163 379067 445091 553707 922505 586255 559463 607931 920247 497524 909922 878390 812820 643553
 317923 838428 599432 539961 743225 372021 641696 592974 256494 562814 326223 720763 475044 436795 464256 357311 809337 891340 664201 659619 925936 752784 419516 644354 58305 561906 202177 895538 724221 314827 886622 690312 411788 533928 967438 531274 796692 344231 927326 895237 318101 147284 673166 425125 351517 390594 711062 689745 415493 539315 441688 127154 567429 336512 1 246366 212358 354277 232271 394016 596946 586090 338798 157018 644251 393438 615147 900177 465137 717700 750024 189977 279801 245885 531288 814394 543843 424363 433686 489691 576691 766737 255298 493557 69656 398988 738304 48226 652791 597884 955669 435504 632816 643574 1021130 173130 935037 745114 556121 524329
 100196 928528 457503 591636 872685 230564 494494 797851 97365 523933 165123 536057 618518 334979 651921 235364 689785 769603 807471 764124 968150 854891 395837 677032 232593 777527 295623 805743 865970 504145 752245 587177 314653 308754 958678 750527 831552 162956 979233 915232 200223 382032 593400 469670 224611 194951 607415 583906 346643 364832 304217 183586 781008 574459 246366 1 457999 291609 399610 560093 441434 644539 192166 380957 656668 592365 512229 813029 342192 774414 817543 434360 160498 490620 578396 857848 327562 621977 262206 462618 710278 584921 130013 483151 313504 323674 832423 199086 808444 663629 970540 387917 711733 695641 1079175 177830 945742 650746 366678 480290
 529059 790440 751543 559255 661694 565014 794267 431841 464467 651974 528186 892149 409488 582466 341121 524851 935270 1015206 573992 611896 917479 699027 520706 666753 244270 387616 297584 996230 630738 226861 1019494 811954 558649 732713 1000936 353449 803201 549083 910008 908202 510063 94630 780187 472725 542152 583140 831668 813226 546003 713016 605013 320364 395737 138700 212358 457999 1 493428 224206 316788 756999 592454 519155 117432 683986 265454 742288 998700 618494 710980 730348 27509 477478 35432 556068 811910 738043 292514 613360 580623 507007 934898 457926 571693 151355 536135 693770 258929 549317 595848 969695 549449 613802 648705 993459 362782 953750 857196 736548 622101
