NAME : domp50p25v8
COMMENT : Cherkesly, Contardo & Gruson 2022
TYPE : DOMP
DIMENSION : 50
DISPLAY_DATA_TYPE : NO_DISPLAY
OPEN_FACILITIES : 25
COST_SECTION
 1 599141 351707 434759 404515 596735 629292 767660 688580 503796 453460 906717 361716 854601 721921 442054 526610 423262 201796 899212 88109 644157 40356 328305 321203 694590 932769 986896 116183 881754 199031 879328 939395 693925 627816 420106 746119 333580 880104 604164 606816 894027 559541 235307 621168 868944 824207 349437 232429 418890
 599141 1 373019 174467 533339 403963 518103 422763 628333 166755 616864 656282 329914 444285 179524 283711 271099 279214 397402 611490 594069 381101 597825 294058 573845 224055 370112 391330 604966 499406 420564 346902 370690 461640 277366 495250 352213 280579 291538 241827 278137 541742 448062 704299 421107 674676 266818 437546 499107 485005
 351707 373019 1 211698 172653 247193 694844 416424 387800 385134 259600 565312 44177 506129 425279 108972 186198 393953 224348 551993 400556 624599 327697 289447 201152 561601 743120 748818 294622 530601 165342 716048 743367 700434 553562 548836 665535 142272 598487 270855 264650 542373 221585 355509 272433 537889 521668 458316 419385 137649
 434759 174467 211698 1 382018 330975 531117 426327 537758 183053 468535 636401 167546 484398 291070 152224 192213 232691 236314 604162 442159 433499 429338 176127 407982 350038 540007 564998 431625 528599 248014 507156 542070 513378 350824 436404 457754 106621 445369 225022 248431 558961 350404 529986 354696 634215 393128 356968 378924 339632
 404515 533339 172653 382018 1 263214 858499 448681 285120 557772 86951 524208 215722 549759 550215 250339 293986 561751 356247 529504 477875 795860 368543 452230 101539 731786 900839 891032 305287 556158 279315 879812 899466 870607 726209 696962 837922 312509 723904 374565 352766 551556 199852 295644 279286 475404 635867 606208 543799 53406
 596735 403963 247193 330975 263214 1 861944 186245 224891 504678 310550 322143 251326 286646 341930 193224 141558 562671 462535 305026 647708 755917 569825 485135 358285 627625 733179 688856 525863 296920 411845 733266 727328 837235 662786 755005 753305 339689 503180 170429 134797 300271 69756 550771 26006 306703 406345 668637 653266 215221
 629292 518103 694844 531117 858499 861944 1 931762 1064925 365642 941874 1157628 659202 962100 692892 678368 721764 303577 518776 1118738 557150 159754 658926 406491 836076 367415 578665 710872 718822 1016351 596570 497607 594998 120243 259460 213907 287679 553708 741977 733961 765270 1056715 878850 850468 885306 1162569 762037 281385 397822 831926
 767660 422763 416424 426327 448681 186245 931762 1 320817 566386 488629 235701 408272 102132 285115 332608 251064 651869 611696 188729 809772 802966 744062 600153 544529 636367 675292 596327 705855 114182 574087 695909 665259 883973 700081 862260 767591 473675 400939 202308 178807 133394 249918 736755 169645 268687 302274 783088 791033 401444
 688580 628333 387800 537758 285120 224891 1064925 320817 1 718370 263787 270305 413655 412354 557444 387019 360502 761605 609776 297565 758545 970234 653324 669218 380089 851494 953639 898225 590143 388755 541128 957001 946817 1050721 881213 934883 975806 517639 706184 394155 357714 360224 187439 562684 211049 204644 606584 844911 804603 272972
 503796 166755 385134 183053 557772 504678 365642 566386 718370 1 644722 792317 342328 601624 346006 335068 363130 117105 310760 753102 478090 251927 512692 175532 569027 194732 429640 499634 539368 654060 361989 376177 437138 332826 168830 329237 281368 250626 444384 368490 400418 692717 531004 657124 526631 799726 432169 277674 357092 518859
 453460 616864 259600 468535 86951 310550 941874 488629 263787 644722 1 525204 302625 590759 622361 333164 367978 647052 433240 540127 533275 882210 414817 536326 132282 818011 982501 966881 344138 588992 354693 963713 980529 956505 813147 775007 924816 398940 794363 443922 418227 576978 241403 299614 320922 466486 703072 684697 614809 131867
 906717 656282 565312 636401 524208 322143 1157628 235701 270305 792317 525204 1 573185 263754 519089 513033 445928 868188 784404 59652 964372 1034471 876132 801684 625382 871934 900811 807301 822590 210283 730633 927082 889411 1115867 932949 1070287 1003118 660320 614212 423851 392531 159684 347390 817031 296141 78304 520913 986140 975358 493747
 361716 329914 44177 167546 215722 251326 659202 408272 413655 342328 302625 573185 1 492971 390793 81479 165341 356686 211235 555372 401757 584068 341868 256588 243935 517504 700001 708601 317574 521862 165824 672142 700508 660746 511000 521332 622200 105655 562608 246277 245555 537747 237740 389684 277258 551484 489171 431657 403409 177458
 854601 444285 506129 484398 549759 286646 962100 102132 412354 601624 590759 263754 492971 1 279265 413709 329334 698065 688474 205417 891234 823485 833172 660521 644449 640969 640814 543551 798951 59299 657969 672696 628627 902713 717997 913567 771253 546590 350973 262389 250217 110169 351708 835510 271344 319113 260355 839379 859409 501645
 721921 179524 425279 291070 550215 341930 692892 285115 557444 346006 622361 519089 390793 279265 1 316848 256253 455830 526764 467368 733218 548232 712387 451530 617414 361705 397940 348026 702714 337582 527213 411763 390114 626121 442092 673167 492106 388346 174435 179322 209812 384908 404690 780124 348993 552814 102353 611077 659853 497028
 442054 283711 108972 152224 250339 193224 678368 332608 387019 335068 333164 513033 81479 413709 316848 1 84608 375683 279459 489775 478082 585684 423107 292221 303003 490664 650513 646041 398478 445138 244352 630593 649271 665375 501928 562107 605464 147308 490586 164913 164765 464146 200484 464480 218854 499789 412708 475427 464216 201299
 526610 271099 186198 192213 293986 141558 721764 251064 360502 363130 367978 445928 165341 329334 256253 84608 1 424899 361086 417179 562016 614396 507201 356435 364343 492149 621299 598904 480050 362277 328927 611727 617784 695687 522002 624386 615366 222834 430206 85716 80239 383836 177109 538001 163818 442018 344786 540923 540735 240872
 423262 279214 393953 232691 561751 562671 303577 651869 761605 117105 647052 868188 356686 698065 455830 375683 424899 1 252040 834013 383358 241030 439387 115174 551811 278823 527735 610601 479383 747412 320580 465294 537347 310545 204805 217811 324047 251824 561416 449755 477275 782318 576056 605852 586824 866870 546018 160571 247449 531576
 201796 397402 224348 236314 356247 462535 518776 611696 609776 310760 433240 784404 211235 688474 526764 279459 361086 252040 1 766034 207725 490954 203927 140675 318615 505025 735856 785408 230096 723358 79049 686503 741604 554457 452790 341772 572829 143805 680399 428357 438459 743589 445210 354066 488482 761040 629032 251641 195161 343602
 899212 611490 551993 604162 529504 305026 1118738 188729 297565 753102 540127 59652 555372 205417 467368 489775 417179 834013 766034 1 952539 991570 870453 773472 631025 823767 844548 748803 820815 150874 716861 872748 832828 1072641 888808 1040132 955026 636617 556334 385510 356741 100036 341406 824806 279575 129739 464163 957863 953964 494135
 88109 594069 400556 442159 477875 647708 557150 809772 758545 478090 533275 964372 401757 891234 733218 478082 562016 383358 207725 952539 1 587630 127925 305846 401304 661314 906686 973241 203500 922971 236482 847733 914854 630604 583808 344523 699025 351069 882394 633657 641131 939466 617502 322568 672989 931504 835273 283211 160627 486037
 644157 381101 624599 433499 795860 755917 159754 802966 970234 251927 882210 1034471 584068 823485 548232 585684 614396 241030 490954 991570 587630 1 666229 356202 791915 208401 424443 552456 713800 879637 561460 344599 440042 81672 106258 284112 138621 483351 584579 612355 646258 922733 782830 842729 777381 1046922 610243 307879 430088 761452
 40356 597825 327697 429338 368543 569825 658926 744062 653324 512692 414817 876132 341868 833172 712387 423107 507201 439387 203927 870453 127925 666229 1 338358 282718 705629 939586 987816 75840 858243 185325 888869 945477 719053 644147 452183 763360 325182 874042 586958 587390 868652 529679 198054 593780 836399 814349 377844 264680 385585
 328305 294058 289447 176127 452230 485135 406491 600153 669218 175532 536326 801684 256588 660521 451530 292221 356435 115174 140675 773472 305846 356202 338358 1 437355 367280 604959 667416 370624 704246 205654 551171 612078 424759 312248 269896 432271 151591 585485 400349 421402 733308 488005 494263 510517 791836 550416 184510 208325 425814
 321203 573845 201152 407982 101539 358285 836076 544529 380089 569027 132282 625382 243935 644449 617414 303003 364343 551811 318615 631025 401304 791915 282718 437355 1 754442 943935 948497 213298 653983 239870 914917 944390 862089 733563 657984 849994 318542 791807 449052 432432 651365 298486 194601 376386 575007 709034 569071 490081 143149
 694590 224055 561601 350038 731786 627625 367415 636367 851494 194732 818011 871934 517504 640969 361705 490664 492149 278823 505025 823767 661314 208401 705629 367280 754442 1 251603 356391 734057 699184 556191 186507 263022 276097 113008 437207 131261 437294 376884 465362 501881 745778 669108 851439 645111 895259 409928 420211 524260 687868
 932769 370112 743120 540007 900839 733179 578665 675292 953639 429640 982501 900811 700001 640814 397940 650513 621299 527735 735856 844548 906686 424443 939586 604959 943935 251603 1 150156 959079 699082 775625 81520 18423 465000 355351 684599 291160 642281 295186 563328 598392 750832 790244 1067347 743310 943645 380550 671778 774651 850950
 986896 391330 748818 564998 891032 688856 710872 596327 898225 499634 966881 807301 708601 543551 348026 646041 598904 610601 785408 748803 973241 552456 987816 667416 948497 356391 150156 1 996252 598838 811894 226267 131777 602368 468697 791906 427611 671530 195430 526830 557827 650851 752625 1092738 694026 858740 294422 765477 856289 838614
 116183 604966 294622 431625 305287 525863 718822 705855 590143 539368 344138 822590 317574 798951 702714 398478 480050 479383 230096 820815 203500 713800 75840 370624 213298 734057 959079 996252 1 819624 184619 913520 963606 771409 682213 516767 802210 325013 869916 563292 559158 826127 479531 131646 548565 778736 803287 437681 331154 328934
 881754 499406 530601 528599 556158 296920 1016351 114182 388755 654060 588992 210283 521862 59299 337582 445138 362277 747412 723358 150874 922971 879637 858243 704246 653983 699184 699082 598838 819624 1 687675 731817 686656 959259 774475 961425 829688 583618 407799 303923 286268 52086 356306 847363 277607 271728 318917 885171 899489 510911
 199031 420564 165342 248014 279315 411845 596570 574087 541128 361989 354693 730633 165824 657969 527213 244352 328927 320580 79049 716861 236482 561460 185325 205654 239870 556191 775625 811894 184619 687675 1 732357 779763 627858 515088 420532 634604 141846 690343 405244 408927 703160 385713 295252 437322 701791 629087 330602 265697 270821
 879328 346902 716048 507156 879812 733266 497607 695909 957001 376177 963713 927082 672142 672696 411763 630593 611727 465294 686503 872748 847733 344599 888869 551171 914917 186507 81520 226267 913520 731817 732357 1 98809 383506 281701 610162 209953 604713 340867 563007 599305 782705 785708 1026755 745973 964290 414213 602751 709971 831869
 939395 370690 743367 542070 899466 727328 594998 665259 946817 437138 980529 889411 700508 628627 390114 649271 617784 537347 741604 832828 914854 440042 945477 612078 944390 263022 18423 131777 963606 686656 779763 98809 1 481932 368667 697757 307746 645227 281305 557925 592630 738508 785309 1070527 736890 933303 368666 683133 784584 849188
 693925 461640 700434 513378 870607 837235 120243 883973 1050721 332826 956505 1115867 660746 902713 626121 665375 695687 310545 554457 1072641 630604 81672 719053 424759 862089 276097 465000 602368 771409 959259 627858 383506 481932 1 184788 302924 174862 558480 652361 693977 727922 1002875 863284 901901 858822 1128589 684122 347394 470285 837776
 627816 277366 553562 350824 726209 662786 259460 700081 881213 168830 813147 932949 511000 717997 442092 501928 522002 204805 452790 888808 583808 106258 644147 312248 733563 113008 355351 468697 682213 774475 515088 281701 368667 184788 1 329254 120039 416741 482676 513081 547879 818150 694533 806481 683172 948150 504611 323401 436343 687683
 420106 495250 548836 436404 696962 755005 213907 862260 934883 329237 775007 1070287 521332 913567 673167 562107 624386 217811 341772 1040132 344523 284112 452183 269896 657984 437207 684599 791906 516767 961425 420532 610162 697757 302924 329254 1 418466 419132 769353 660152 684825 994254 756521 647691 780341 1061707 761388 90926 187734 679657
 746119 352213 665535 457754 837922 753305 287679 767591 975806 281368 924816 1003118 622200 771253 492106 605464 615366 324047 572829 955026 699025 138621 763360 432271 849994 131261 291160 427611 802210 829688 634604 209953 307746 174862 120039 418466 1 531887 490346 594037 630278 876637 791309 926473 771766 1025678 534468 429430 547415 797204
 333580 280579 142272 106621 312509 339689 553708 473675 517639 250626 398940 660320 105655 546590 388346 147308 222834 251824 143805 636617 351069 483351 325182 151591 318542 437294 642281 671530 325013 583618 141846 604713 645227 558480 416741 419132 531887 1 548978 285282 297510 606641 337392 425343 365522 645425 490627 330706 318110 279914
 880104 291538 598487 445369 723904 503180 741977 400939 706184 444384 794363 614212 562608 350973 174435 490586 430206 561416 680399 556334 882394 584579 874042 585485 791807 376884 295186 195430 869916 407799 690343 340867 281305 652361 482676 769353 490346 548978 1 350470 377412 459866 569544 952290 505873 663829 99782 721948 790344 670604
 604164 241827 270855 225022 374565 170429 733961 202308 394155 368490 443922 423851 246277 262389 179322 164913 85716 449755 428357 385510 633657 612355 586958 400349 449052 465362 563328 526830 563292 303923 405244 563007 557925 693977 513081 660152 594037 285282 350470 1 36833 334181 227851 623688 183374 435072 261409 581965 597088 321161
 606816 278137 264650 248431 352766 134797 765270 178807 357714 400418 418227 392531 245555 250217 209812 164765 80239 477275 438459 356741 641131 646258 587390 421402 432432 501881 598392 557827 559158 286268 408927 599305 592630 727922 547879 684825 630278 297510 377412 36833 1 312122 194949 612295 146769 400674 284846 604644 613387 299539
 894027 541742 542373 558961 551556 300271 1056715 133394 360224 692717 576978 159684 537747 110169 384908 464146 383836 782318 743589 100036 939466 922733 868652 733308 651365 745778 750832 650851 826127 52086 703160 782705 738508 1002875 818150 994254 876637 606641 459866 334181 312122 1 353058 845794 278139 224957 370472 915897 924255 509298
 559541 448062 221585 350404 199852 69756 878850 249918 187439 531004 241403 347390 237740 351708 404690 200484 177109 576056 445210 341406 617502 782830 529679 488005 298486 669108 790244 752625 479531 356306 385713 785708 785309 863284 694533 756521 791309 337392 569544 227851 194949 353058 1 492770 80373 316321 473767 667782 639619 156287
 235307 704299 355509 529986 295644 550771 850468 736755 562684 657124 299614 817031 389684 835510 780124 464480 538001 605852 354066 824806 322568 842729 198054 494263 194601 851439 1067347 1092738 131646 847363 295252 1026755 1070527 901901 806481 647691 926473 425343 952290 623688 612295 845794 492770 1 569864 763104 877166 569301 461184 336739
 621168 421107 272433 354696 279286 26006 885306 169645 211049 526631 320922 296141 277258 271344 348993 218854 163818 586824 488482 279575 672989 777381 593780 510517 376386 645111 743310 694026 548565 277607 437322 745973 736890 858822 683172 780341 771766 365522 505873 183374 146769 278139 80373 569864 1 281441 407820 694186 679271 233305
 868944 674676 537889 634215 475404 306703 1162569 268687 204644 799726 466486 78304 551484 319113 552814 499789 442018 866870 761040 129739 931504 1046922 836399 791836 575007 895259 943645 858740 778736 271728 701791 964290 933303 1128589 948150 1061707 1025678 645425 663829 435072 400674 224957 316321 763104 281441 1 567336 975187 954775 450927
 824207 266818 521668 393128 635867 406345 762037 302274 606584 432169 703072 520913 489171 260355 102353 412708 344786 546018 629032 464163 835273 610243 814349 550416 709034 409928 380550 294422 803287 318917 629087 414213 368666 684122 504611 761388 534468 490627 99782 261409 284846 370472 473767 877166 407820 567336 1 704039 758568 582464
 349437 437546 458316 356968 606208 668637 281385 783088 844911 277674 684697 986140 431657 839379 611077 475427 540923 160571 251641 957863 283211 307879 377844 184510 569071 420211 671778 765477 437681 885171 330602 602751 683133 347394 323401 90926 429430 330706 721948 581965 604644 915897 667782 569301 694186 975187 704039 1 123138 588746
 232429 499107 419385 378924 543799 653266 397822 791033 804603 357092 614809 975358 403409 859409 659853 464216 540735 247449 195161 953964 160627 430088 264680 208325 490081 524260 774651 856289 331154 899489 265697 709971 784584 470285 436343 187734 547415 318110 790344 597088 613387 924255 639619 461184 679271 954775 758568 123138 1 536288
 418890 485005 137649 339632 53406 215221 831926 401444 272972 518859 131867 493747 177458 501645 497028 201299 240872 531576 343602 494135 486037 761452 385585 425814 143149 687868 850950 838614 328934 510911 270821 831869 849188 837776 687683 679657 797204 279914 670604 321161 299539 509298 156287 336739 233305 450927 582464 588746 536288 1
LAMBDA_SECTION
1 263
2 346
3 303
4 179
5 512
6 558
7 302
8 518
9 518
10 276
11 775
12 791
13 722
14 674
15 630
16 826
17 119
18 425
19 483
20 434
21 46
22 246
23 331
24 340
25 893
26 636
27 563
28 38
29 485
30 238
31 336
32 173
33 117
34 589
35 851
36 325
37 278
38 532
39 723
40 181
41 639
42 779
43 931
44 190
45 488
46 980
47 296
48 773
49 238
50 894
