NAME : domp100p33v2
COMMENT : Cherkesly, Contardo & Gruson 2022
TYPE : DOMP
DIMENSION : 100
DISPLAY_DATA_TYPE : NO_DISPLAY
OPEN_FACILITIES : 33
COST_SECTION
 1 281580 436945 189952 532972 374813 548625 263524 622107 500031 167336 352178 579791 354926 382907 520858 324146 542026 430559 376254 266967 505296 594312 437628 528028 203671 294956 613657 440795 544715 413922 666200 331340 381922 187842 515560 403158 218314 510686 301299 638550 599926 499064 693296 709952 205516 625187 525839 351032 488391 161519 432871 336763 266947 507348 659745 353537 581971 553255 258913 757127 454320 634618 311640 132709 280006 275473 168086 178983 508549 659649 605066 451479 530382 477338 146965 701274 617857 522362 324943 369638 560074 289970 549748 390979 509662 408122 660250 277549 580999 508067 593432 303775 562933 291468 473444 540515 30520 404132 331458
 281580 1 385515 142116 446362 297859 580106 24149 340580 469467 394415 626194 380811 540707 409571 354408 426066 319917 537616 208660 198784 450740 324405 204845 370366 310397 562690 670559 263893 529051 694251 630349 215811 382974 94162 309368 680919 497127 531203 572715 363457 319371 281437 422076 738948 225067 382047 244422 192013 208800 317632 178655 55295 476665 568450 629184 338816 301087 273966 537732 476621 580228 361533 488268 414283 561508 367703 363710 232573 346453 383297 578910 290500 336015 548589 415935 420665 356830 499425 604222 232654 294157 405092 630131 573391 228211 514569 623558 449349 523066 312675 439604 585337 523598 571120 542159 435689 300327 520847 574767
 436945 385515 1 296879 100532 673910 213872 398189 550078 84290 604254 614628 752717 375466 757023 189180 734893 294810 848791 200077 200778 70488 445588 574806 754225 249969 698928 1014340 647894 144670 760255 247885 594953 739439 388191 254788 767343 543866 887337 697483 635989 566243 271076 699303 1097002 235312 720072 480816 576810 497931 301669 331106 402301 703864 230007 245359 85754 506258 544690 572649 691250 880149 485594 337747 514482 630283 209630 601174 259107 178098 520678 952607 168586 712407 226853 567981 644012 670628 870002 691080 616610 410957 704178 960321 827520 472026 825239 241206 710361 147580 233290 822613 646474 899439 660472 219799 119446 467314 825120 494319
 189952 142116 296879 1 379792 385847 465412 138929 459686 375179 343488 504694 516037 398648 460165 338198 442352 352080 557126 188412 97414 367124 413846 344141 493562 168486 484838 717881 389315 430567 595839 543646 312167 443308 95857 326215 588774 384574 590671 490669 498603 447310 309120 559243 800220 87184 524095 364411 305166 341457 177470 249650 190635 439526 444348 540070 229316 416198 405603 424043 602596 591865 455814 346180 313504 459012 229342 327609 90618 326631 483680 659789 267946 469201 421240 336854 546942 497894 576363 509531 340521 377947 413399 665490 554866 349027 533439 537075 431889 443916 319744 563458 481496 608161 475906 415282 379469 217513 534933 439422
 532972 446362 100532 379792 1 742399 234631 462629 548279 99117 700202 712190 793939 463748 836405 155671 821871 272433 936474 241407 282457 58032 432892 619470 806021 350223 799127 1096270 701124 140095 860154 193753 661282 816129 465245 236930 867664 644243 965081 797867 645033 572977 262971 706426 1174901 328538 746383 493275 637861 522078 401901 352603 452375 799751 274103 196273 185939 507702 559631 672648 681073 969830 468266 430271 614548 730681 308972 694781 354076 150393 502905 1023248 175745 757361 282120 666821 638898 690381 942059 791549 678850 402800 792271 1045186 922212 487472 912812 187078 803255 84638 215533 872477 746698 968700 760990 275849 33511 563467 913712 588707
 374813 297859 673910 385847 742399 1 851153 279967 493169 755957 352038 695650 249434 725373 149546 649809 229697 598046 307027 506517 475129 741981 544471 217739 170363 527943 527261 389065 136249 813484 688021 921522 82453 111932 290049 596105 660198 560804 243866 545033 441138 446986 565126 469453 445342 468652 346564 423645 119254 360773 507608 449940 308074 374380 827339 919267 614096 475332 401276 596783 575675 356916 566850 678357 469829 586215 600334 306346 460217 642651 573142 281131 587850 207124 802279 423445 529229 378969 202020 601511 82034 528055 234036 364575 408355 411275 289270 914793 314948 816467 603044 226242 609396 226307 575571 796757 733104 367504 303166 703163
 548625 580106 213872 465412 234631 851153 1 588558 762690 141815 705981 599965 956790 322505 912173 383642 870243 498134 978976 412176 382274 182372 654656 778348 950123 345804 752152 1158572 843782 96480 768744 168403 777051 900797 561268 459568 786161 576067 1043624 744975 849857 779991 480048 913144 1250008 383647 931292 694687 765915 710596 388089 544812 605186 801763 64767 156332 241344 719325 758440 592366 902097 1002519 693030 313910 581024 658041 273199 715747 396487 375482 728094 1121844 379611 914290 93756 648702 856137 883585 1037870 719475 803499 621349 836799 1097215 928501 685827 956330 166111 823992 177888 437628 1019584 667514 1071706 694518 92698 268114 575904 952727 462976
 263524 24149 398189 138929 462629 279967 588558 1 359805 481682 371605 610908 377991 535445 387678 375392 402274 343611 514103 227470 206288 464613 347528 205247 361791 307052 541298 648989 255759 540753 674808 644385 198662 361882 75814 332341 660727 480434 510517 551689 377375 336405 304807 434638 718840 224746 387128 264086 178814 224967 310396 202802 74591 452996 574370 642823 347320 321315 289969 521092 493626 556475 384153 483248 396133 542952 367624 340271 229302 367081 405245 561060 310398 331896 553456 395198 437757 366058 480787 584502 218425 317720 381073 607596 549260 247839 490999 637611 425254 537934 335093 431464 566908 506184 551554 547167 453183 280940 497113 563875
 622107 340580 550078 459686 548279 493169 762690 359805 1 623085 724029 962401 362690 836501 641649 394173 701147 279783 796138 364981 458018 586513 122729 275465 429015 609104 899084 872224 367749 679870 1034582 736100 431056 604835 434644 311791 1020355 836281 727171 910303 111800 51732 285630 163759 906240 519430 256994 96402 384350 142969 632716 231810 285587 794804 778118 740939 555626 45682 91936 876733 146685 844949 107592 784803 754780 902078 643378 687618 538517 398057 92596 720925 383178 355560 769879 754460 94657 186218 664569 944305 412756 146206 691279 856367 871542 112496 776293 729856 754647 631535 332853 469440 925881 666016 911348 762737 519850 640649 787913 897200
 500031 469467 84290 375179 99117 755957 141815 481682 623085 1 666128 635826 836709 375802 834712 242013 807503 356333 920439 282557 281162 42042 513379 658928 838471 302018 745644 1090035 732116 60612 791717 169206 677655 818487 468433 317887 802599 581230 965595 742208 713172 642447 339074 776012 1174880 306179 801956 558538 660440 578875 352510 410524 486548 765323 175390 164984 149336 580325 623401 605947 761200 949755 551410 347655 563550 667305 245494 667010 326928 233687 586452 1033631 240110 796604 183129 622630 716005 750957 950655 729029 700021 480550 775905 1034064 890651 550604 897050 162806 776667 86412 295946 906894 681279 980948 700098 176949 131958 529843 895979 506915
 167336 394415 604254 343488 700202 352038 705981 371605 724029 666128 1 354337 594219 468268 293845 681062 201930 690053 287816 531747 429892 672423 718779 492434 522004 366219 182144 479704 460610 708982 338223 830972 345954 309117 305568 667540 313550 228679 403304 197594 717152 692706 647530 763679 583277 372175 668919 630978 382857 582351 319098 566030 445013 99613 659689 824068 520581 689050 643687 257906 845976 301539 755757 435941 152625 236100 434148 45706 346131 669194 776336 512948 610963 547275 628410 83179 791717 679002 437546 249991 383454 687816 168873 409484 224660 614883 268135 825155 121859 747869 662471 577093 258562 482398 223535 625328 707193 136941 259544 396469
 352178 626194 614628 504694 712190 695650 599965 610908 962401 635826 354337 1 923174 278178 647632 768821 549889 828344 610581 657478 537297 662706 916514 789339 861466 389439 243104 800221 784450 650833 175433 763021 670538 663357 535482 793597 202450 136647 749456 224789 988180 945233 787344 1044294 908252 464321 976462 866254 696993 834987 347359 752146 681216 391854 536889 752153 536122 919834 900152 98882 1102278 604803 959133 290588 228780 129631 405905 397263 438662 755556 987904 863079 709737 874173 506268 274447 1046314 969969 790432 165041 709553 879751 519416 725375 487476 850424 596483 759278 451713 720739 779503 921728 116892 835634 162637 507371 734069 344154 582834 137870
 579791 380811 752717 516037 793939 249434 956790 377991 362690 836709 594219 923174 1 904578 379465 664055 475180 575278 533587 556051 578801 811507 460688 178449 92404 682132 773310 550847 139123 897286 932341 986590 252831 342213 431787 590121 906179 786554 416100 790378 268207 311085 557153 267334 563282 602595 125212 340141 228895 287160 677811 446150 351659 623646 948557 987567 716783 368438 284370 824983 387239 583248 464163 853499 694398 822958 745325 548800 605252 661585 455126 377095 619743 49419 929278 658694 355749 187364 340238 844018 213862 461975 482759 555085 652309 336515 520285 979815 564296 876849 604941 107786 846809 327611 816286 922802 774890 581339 536521 909780
 354926 540707 375466 398648 463748 725373 322505 535445 836501 375802 468268 278178 904578 1 734922 554354 663074 639154 756083 483044 378486 408862 761143 739586 867148 231793 458852 947609 769968 380761 449950 487720 671344 736297 473261 600061 470691 279696 859173 447631 891200 833632 603599 953420 1049806 321445 922346 746541 680144 734366 226837 606403 588222 549395 258917 476441 313580 790996 796336 285124 983025 767351 804538 52593 318708 351812 195676 494256 308729 541663 837527 958343 508964 855989 228761 392468 928993 896001 876349 410676 707159 723363 628422 877748 670984 732640 736207 484370 589556 456599 581733 935369 356790 917519 390389 230320 490673 370540 727797 140605
 382907 409571 757023 460165 836405 149546 912173 387678 641649 834712 293845 647632 379465 734922 1 762802 107906 725085 158212 612420 556673 827177 686789 366613 289439 570870 442988 261638 284267 888569 604641 1003577 215393 38407 371163 718095 571973 521800 131508 462704 590360 596111 688931 616688 340169 531680 488602 568791 260380 506634 538541 577904 433177 276869 879070 999694 686795 622049 549901 551744 724721 208331 711615 693882 439027 525296 645472 253582 516053 754143 719715 223813 696590 344224 850948 376146 678703 526252 144381 525974 228904 667614 130904 222830 275398 555643 142065 997042 211186 903795 722175 323209 546040 188721 505807 846283 831888 364531 157508 684203
 520858 354408 189180 338198 155671 649809 383642 375392 394173 242013 681062 768821 664055 554354 762802 1 767464 116763 881807 153640 254401 201408 277365 496725 687685 380927 809588 1024294 586702 293050 896995 342250 567362 737225 401846 82496 897759 677290 885609 812260 494037 421599 111826 554279 1093131 323072 604351 345897 536273 382187 427999 218195 343838 777695 413178 346822 241301 354885 412569 711461 525436 920658 312652 511361 627634 761268 369113 665658 351636 13268 347363 929337 70280 631932 413977 665888 483790 544576 851824 818719 577801 248136 741778 981118 892232 342093 858249 335928 768419 237604 62372 750835 780638 873131 786020 407057 125840 550446 862136 660745
 324146 426066 734893 442352 821871 229697 870243 402274 701147 807503 201930 549889 475180 663074 107906 767464 1 745875 114907 614006 539468 805329 730209 432670 388395 524511 336792 289513 364480 857548 497811 976475 271395 137984 365717 733194 464618 429753 201459 356745 663309 659385 706686 696360 387611 501366 576249 619832 318030 560525 485438 603259 461095 169846 831102 971325 658167 676009 611180 456499 797978 154247 759634 626322 353535 424535 598063 169108 481237 757470 772065 313206 698504 435679 801340 284973 748751 606174 242517 421023 296742 706580 34720 227302 178680 605311 91213 970179 104066 882427 734062 427983 444238 288103 402539 797338 821682 300119 95012 598309
 542026 319917 294810 352080 272433 598046 498134 343611 279783 356333 690053 828344 575278 639154 725085 116763 745875 1 857479 171714 292165 316696 160915 419471 610235 440376 836823 983355 515485 409146 940956 456734 517112 695498 390199 40300 937055 723613 840357 842239 383335 310945 42966 441850 1043135 365616 503281 242400 479748 288263 481086 148140 292161 781613 523732 461940 328439 242740 308002 760671 408724 900085 195978 592263 661997 803704 445867 667481 392863 123122 230793 870825 131617 548319 521655 688928 367794 439799 797729 857513 520252 133739 724096 947365 887435 241770 834470 450568 762628 353870 61522 669112 824902 813948 824055 514591 242227 569387 840723 732247
 430559 537616 848791 557126 936474 307027 978976 514103 796138 920439 287816 610581 533587 756083 158212 881807 114907 857479 1 728473 654147 919164 834032 522371 441968 633332 376563 192974 442401 969564 527193 1089161 365770 196597 480274 845992 490130 503966 162806 396896 748163 751754 818901 774884 299218 614584 645831 719584 412185 658503 591922 713318 569765 219374 937576 1083748 771167 774308 704794 524467 882658 50157 861325 723021 439086 481218 705963 266140 593664 871929 871488 279136 813032 500776 907214 366218 836132 684458 233794 463566 384191 812259 144635 121684 149677 705737 23698 1082922 167206 996234 847426 466385 497340 275471 452382 903525 936521 404337 28514 677702
 376254 208660 200077 188412 241407 506517 412176 227470 364981 282557 531747 657478 556051 483044 612420 153640 614006 171714 728473 1 120520 255502 278413 379637 564751 271581 669590 874052 459720 343080 769673 431484 424430 588360 248305 140512 766513 551970 737356 674037 441255 373894 129969 505029 946112 193959 520000 286389 398131 298420 310128 135535 210971 627018 418370 431932 190762 319586 347933 588959 510648 767063 321689 433477 492061 632490 287369 514129 221153 143465 355089 787559 84647 517719 407306 522985 459589 471441 707968 686971 439438 240743 588154 829084 739738 276033 704885 424683 615592 322100 131815 631557 653493 732161 653619 400211 227903 404837 708602 565700
 266967 198784 200778 97414 282457 475129 382274 206288 458018 281162 429892 537297 578801 378486 556673 254401 539468 292165 654147 120520 1 270618 387902 401268 567973 154984 555608 815075 461744 338357 650217 448439 397831 538676 187502 259626 648127 431901 686714 558833 517114 456600 250470 580324 896458 73451 568244 368895 384018 362480 190132 228588 230797 528082 369820 445413 141139 412511 421754 468605 604573 688205 431361 326899 375065 513222 186659 418630 100975 241899 463025 752494 185942 534631 350736 411493 550719 531339 669618 568666 422287 350186 510136 762902 646728 355476 630473 441799 525159 347125 248347 637543 533878 699808 535505 344178 283043 296874 631649 449427
 505296 450740 70488 367124 58032 741981 182372 464613 586513 42042 672423 662706 811507 408862 827177 201408 805329 316696 919164 255502 270618 1 474968 634637 817183 313359 761171 1084753 711201 93364 814656 179777 662363 809229 457732 278859 823857 601152 957330 758778 678847 607591 301426 741281 1167060 305255 772048 524900 642636 548140 364826 378817 463665 771979 217390 178470 151875 544368 590390 627774 723147 950280 512308 377513 577525 687555 264198 670453 328423 193661 547276 1021368 204971 772663 224305 633511 678828 719232 939023 748939 682872 442864 774540 1030808 896200 517652 895624 173008 779809 77104 256955 884946 702572 967863 719164 217972 90252 535536 895408 536590
 594312 324405 445588 413846 432892 544471 654656 347528 122729 513379 718779 916514 460688 761143 686789 277365 730209 160915 834032 278413 387902 474968 1 336055 513951 542862 884146 932654 435004 568054 1007268 617316 471397 652463 414920 196378 997468 798398 786853 892955 232452 162858 174793 286485 977980 456839 368513 125330 427004 187751 574318 164456 276061 799934 675545 622710 463506 95185 176673 837878 248337 880761 43499 711076 724341 871310 565521 687716 480019 282736 76869 796512 277024 444088 670356 735936 207058 299788 732148 919114 462492 37821 714876 907933 890517 134821 812518 611206 768430 514761 218166 563482 894240 740090 885563 663215 403070 617188 821948 836938
 437628 204845 574806 344141 619470 217739 778348 205247 275465 658928 492434 789339 178449 739586 366613 496725 432670 419471 522371 379637 401268 634637 336055 1 191487 512262 674319 599811 99227 719453 824829 811032 161726 329523 268120 428038 803906 653886 454108 688789 231757 229528 395064 272160 641941 429272 187863 211514 115950 148402 513370 279371 173218 546626 770726 811569 538508 259597 183549 693967 365902 571687 353690 687632 563440 703082 572143 450296 434545 492902 357190 460967 447278 138082 751991 541994 316082 186626 396354 734044 138181 325659 427128 581200 608010 201252 503235 804236 498087 701478 440432 254333 727406 404351 703344 745445 602088 445840 515709 758680
 528028 370366 754225 493562 806021 170363 950123 361791 429015 838471 522004 861466 92404 867148 289439 687685 388395 610235 441968 564751 567973 817183 513951 191487 1 653400 697556 461559 106494 898487 858382 995525 197129 252952 402090 619515 830467 725556 324567 715384 345730 377567 586529 353594 480901 580659 213583 389175 189277 329476 642405 470783 353971 542738 935708 995311 708785 426910 342876 762652 471589 491460 523840 817552 633722 755109 721095 476299 579011 683509 519618 294315 636262 74208 913981 591533 435504 268229 250134 771720 160096 509209 398682 463257 563885 382178 429241 988716 481367 886581 631859 69904 778512 241751 745464 907838 790279 525433 445754 859443
 203671 310397 249969 168486 350223 527943 345804 307052 609104 302018 366219 389439 682132 231793 570870 380927 524511 440376 633332 271581 154984 313359 542862 512262 653400 1 448960 813201 551711 342801 518199 464896 463097 562835 251766 404715 521898 298912 701750 447690 659849 603579 400316 721844 906148 90197 692442 517250 464167 502823 51702 382428 356670 464697 308381 457870 164293 563965 565227 331361 755026 657977 586310 179206 264586 384544 74602 371642 77870 367673 617809 786427 320352 634520 280089 320762 700356 664435 702378 444188 495746 505160 491003 751414 590807 502924 610608 459145 480831 386110 390174 722927 402466 739166 412713 275421 364731 232036 607275 294644
 294956 562690 698928 484838 799127 527261 752152 541298 899084 745644 182144 243104 773310 458852 442988 809588 336792 836823 376563 669590 555608 761171 884146 674319 697556 448960 1 561711 641559 777571 162257 898629 527453 466957 469753 809610 132966 179610 526490 20406 897489 870187 793857 945107 670086 487021 850885 804504 564962 758946 397261 725402 615814 167234 695990 889739 613236 862195 821501 178002 1024866 365208 923052 445525 184769 116831 500356 226022 458539 796864 945890 643415 741548 727149 663665 148782 970109 860934 578302 87017 564499 851159 312467 486533 245176 788284 365465 893616 232805 831520 801231 748692 126228 623872 80507 662471 812508 268769 350069 342619
 613657 670559 1014340 717881 1096270 389065 1158572 648989 872224 1090035 479704 800221 550847 947609 261638 1024294 289513 983355 192974 874052 815075 1084753 932654 599811 461559 813201 561711 1 504500 1142059 703597 1259234 467205 288127 631488 978057 665113 696695 145848 581704 802809 823099 948309 815052 108388 784487 674877 810197 508125 746950 774886 835451 691257 411164 1120410 1254735 941066 859373 780870 716294 932125 196598 953135 913173 631630 670593 887075 454652 766264 1015718 956812 189253 958224 533320 1090768 559024 893103 728373 211577 648011 470597 917052 323826 75200 319555 798592 211586 1252801 360030 1161686 982807 456749 685405 226113 639867 1086716 1092654 589409 221485 870625
 440795 263893 647894 389315 701124 136249 843782 255759 367749 732116 460610 784450 139123 769968 284267 586702 364480 515485 442401 459720 461744 711201 435004 99227 106494 551711 641559 504500 1 792080 798647 889840 115340 245992 299953 521594 773923 647806 359462 657911 306571 319023 488883 333207 543263 476499 213635 310100 90498 247254 543781 372050 248750 498747 830041 889457 602439 356070 276398 686438 440610 492448 451362 719504 555681 686080 617901 415739 476208 581879 452962 361751 532986 89828 808722 521926 395676 242721 298397 709420 77160 424862 365497 490493 543020 300283 425196 883031 443337 781122 532636 175809 710078 305170 680874 802512 686202 442238 439326 771185
 544715 529051 144670 430567 140095 813484 96480 540753 679870 60612 708982 650833 897286 380761 888569 293050 857548 409146 969564 343080 338357 93364 568054 719453 898487 342801 777571 1142059 792080 1 812696 122285 735832 873441 524855 371779 826183 607974 1019775 772768 771690 700613 394759 834279 1228601 357629 862214 617415 719566 638894 391386 470177 546961 807471 146967 115096 201815 637655 682604 629655 816312 997308 605009 360250 598385 693033 279051 712612 376345 286028 639908 1090098 297912 857076 164622 660778 772174 810706 1006839 754951 758892 536164 825369 1084622 933600 609815 946336 116765 822217 83864 349921 967034 705359 1037873 727383 159999 173303 573936 944558 517571
 413922 694251 760255 595839 860154 688021 768744 674808 1034582 791717 338223 175433 932341 449950 604641 896995 497811 940956 527193 769673 650217 814656 1007268 824829 858382 518199 162257 703597 798647 812696 1 928438 683695 629141 600090 909744 39292 219723 682746 143403 1042391 1009684 898451 1092891 811426 577379 1005273 938625 718954 897847 469302 844388 749027 327973 706861 918067 677308 995272 961870 187678 1166148 508368 1048052 455429 282947 137289 551289 383545 549308 883831 1073496 800327 832790 885497 675553 283607 1110673 1011092 738018 91037 721492 972371 474432 628845 384396 922396 518871 924305 393763 877846 898408 910506 116462 783473 123317 676085 878779 393951 502354 311529
 666200 630349 247885 543646 193753 921522 168403 644385 736100 169206 830972 763021 986590 487720 1003577 342250 976475 456734 1089161 431484 448439 179777 617316 811032 995525 464896 898629 1259234 889840 122285 928438 1 842090 986818 635937 424740 943473 727371 1134295 893382 835984 763627 453168 896506 1343731 475275 940058 685744 822308 715787 513658 546354 641600 929592 233057 12830 318420 697133 752287 747531 863407 1117824 649401 473428 720291 811752 401180 833884 495498 339578 683074 1200484 369498 949096 260231 783033 824369 883489 1117880 873632 862611 589905 944711 1203167 1055620 680461 1065821 6810 943543 109775 404305 1062817 823209 1147231 846757 257872 217781 695602 1064495 627337
 331340 215811 594953 312167 661282 82453 777051 198662 431056 677655 345954 670538 252831 671344 215393 567362 271395 517112 365770 424430 397831 662363 471397 161726 197129 463097 527453 467205 115340 735832 683695 842090 1 181640 216711 514243 659474 533973 323319 543476 393296 388225 483501 430470 527169 397307 324010 354204 46761 292762 448176 368983 226133 389479 756189 840162 538036 408551 340345 572226 527609 414152 496635 622375 441809 570805 533482 301437 391693 560201 505839 363144 505487 204194 732284 406617 477635 341752 284472 594266 39015 452580 265458 437135 446292 340712 345467 835337 337953 736273 520870 264225 594781 307801 565583 726513 651391 330230 356865 662787
 381922 382974 739439 443308 816129 111932 900797 361882 604835 818487 309117 663357 342213 736297 38407 737225 137984 695498 196597 588360 538676 809229 652463 329523 252952 562835 466957 288127 245992 873441 629141 986818 181640 1 351640 689934 597570 534527 149180 486289 552242 558885 660206 578291 358813 518247 450367 533389 225487 470924 533349 547782 403339 302918 870037 983364 671693 586058 512993 566223 686528 246725 676427 693549 448922 543717 637297 266426 504334 728960 683814 224145 672024 306224 842635 389705 640742 487862 140640 548158 192389 634187 155212 255563 310969 520512 180379 980220 238037 885446 694821 290018 565204 181288 526398 837734 810317 366144 195599 692666
 187842 94162 388191 95857 465245 290049 561268 75814 434644 468433 305568 535482 431787 473261 371163 401846 365717 390199 480274 248305 187502 457732 414920 268120 402090 251766 469753 631488 299953 524855 600090 635937 216711 351640 1 372421 586889 404638 500192 479311 452701 412159 348762 509239 710048 180687 454409 338558 212837 300778 246443 260540 149080 392812 539478 632888 324389 395234 365780 445298 569401 518826 453356 421878 320522 467555 319125 278690 176963 391763 476283 565288 332789 383618 515718 322342 513515 438216 482222 510075 246329 382918 340041 582989 497434 322338 456662 629293 372616 533823 371091 471804 491446 513093 476961 509898 461189 206167 460302 492378
 515560 309368 254788 326215 236930 596105 459568 332341 311791 317887 667540 793597 590121 600061 718095 82496 733194 40300 845992 140512 259626 278859 196378 428038 619515 404715 809610 978057 521594 371779 909744 424740 514243 689934 372421 1 906951 691510 836464 814322 411764 339292 33069 471817 1041379 332850 524990 265138 479276 305060 446823 149583 288110 760842 484032 429302 288623 272402 331680 727995 444713 887391 233538 553600 632572 772648 407472 647025 360601 86543 268567 872256 91644 560457 481592 662490 401969 463839 797236 827416 520394 165936 710034 939369 869562 262335 822747 418423 744798 319769 21942 680562 793455 815565 794087 474519 208060 543642 828201 695170
 403158 680919 767343 588774 867664 660198 786161 660727 1020355 802599 313550 202450 906179 470691 571973 897759 464618 937055 490130 766513 648127 823857 997468 803906 830467 521898 132966 665113 773923 826183 39292 943473 659474 597570 586889 906951 1 223549 646835 116014 1024285 993851 894321 1073484 772822 576047 982337 924812 696097 882133 471825 835675 735233 295128 725242 933404 683347 981920 945634 196749 1149698 470256 1037663 472253 275437 137372 559726 358185 547675 884681 1062225 764527 832321 859879 693572 266200 1094485 990471 703556 79548 696801 963163 442464 590471 346217 908565 482422 939132 360795 888955 896442 881126 121341 748902 113030 693739 885036 381105 465684 334843
 218314 497127 543866 384574 644243 560804 576067 480434 836281 581230 228679 136647 786554 279696 521800 677290 429753 723613 503966 551970 431901 601152 798398 653886 725556 298912 179610 696695 647806 607974 219723 727371 533973 534527 404638 691510 223549 1 631164 169921 856653 816440 681404 911610 803099 358698 840631 739886 560403 705337 249618 634209 552408 286256 518380 717889 459800 794815 770392 40666 973710 506349 840214 266406 92165 86460 336973 268484 330939 664121 867456 741617 613360 737536 486112 145724 917767 835719 665886 147852 572986 762497 397321 623378 399510 723851 487126 722682 338466 667639 679631 786540 103580 710516 119420 485270 661490 208126 475532 174820
 510686 531203 887337 590671 965081 243866 1043624 510517 727171 965595 403304 749456 416100 859173 131508 885609 201459 840357 162806 737356 686714 957330 786853 454108 324567 701750 526490 145848 359462 1019775 682746 1134295 323319 149180 500192 836464 646835 631164 1 546865 660507 678410 806188 675969 209859 663107 537841 664354 363102 601112 668315 692255 548733 361003 1010078 1130569 817969 713701 635636 657322 791380 201016 807314 819902 554261 622429 776336 368478 647559 877532 811216 117751 820851 393819 981742 486405 750720 587894 80296 612942 325050 771522 234631 139293 312208 652749 165403 1127734 298138 1033749 842076 330964 640968 115479 597700 977157 959473 490422 183033 799446
 301299 572715 697483 490669 797867 545033 744975 551689 910303 742208 197594 224789 790378 447631 462704 812260 356745 842239 396896 674037 558833 758778 892955 688789 715384 447690 20406 581704 657911 772768 143403 893382 543476 486289 479311 814322 116014 169921 546865 1 910726 882220 799289 959035 690087 489280 866481 815369 580317 770767 396074 733259 626272 187360 687983 884290 611932 872898 833687 164400 1037364 385155 932245 436323 185185 100813 496722 242173 460731 799446 955593 663758 744701 743957 655685 157063 982427 875408 598433 66671 580788 859583 332052 506515 264605 799132 385862 888472 252826 828302 805446 767124 107984 644012 62924 654692 812022 276226 370443 328277
 638550 363457 635989 498603 645033 441138 849857 377375 111800 713172 717152 988180 268207 891200 590360 494037 663309 383335 748163 441255 517114 678847 232452 231757 345730 659849 897489 802809 306571 771690 1042391 835984 393296 552242 452701 411764 1024285 856653 660507 910726 1 72496 382823 63838 826611 569827 151458 155262 347705 157287 675945 306021 309683 776834 859541 840043 630292 140822 95369 897307 134765 798044 219169 838729 770022 914869 703563 676823 584735 496416 200163 639983 473877 271717 848338 758920 90294 81598 591806 951367 366762 250488 658753 795054 839516 165288 730213 829578 729623 729296 431773 375949 939107 587273 919448 841266 618389 652618 743620 937099
 599926 319371 566243 447310 572977 446986 779991 336405 51732 642447 692706 945233 311085 833632 596111 421599 659385 310945 751754 373894 456600 607591 162858 229528 377567 603579 870187 823099 319023 700613 1009684 763627 388225 558885 412159 339292 993851 816440 678410 882220 72496 1 310508 133698 855532 513393 207864 88244 341481 111842 623297 238371 264152 759640 791395 767763 564085 68979 49263 857062 157273 800927 155805 781423 732493 879060 643211 654734 530319 424089 144044 669958 402701 303983 781160 727653 101357 137812 614664 918961 367624 178486 651082 808853 831883 101126 732379 757235 716999 657142 359364 417732 903091 615268 886375 774056 546104 616607 744505 886689
 499064 281437 271076 309120 262971 565126 480048 304807 285630 339074 647530 787344 557153 603599 688931 111826 706686 42966 818901 129969 250470 301426 174793 395064 586529 400316 793857 948309 488883 394759 898451 453168 483501 660206 348762 33069 894321 681404 806188 799289 382823 310508 1 443678 1010466 323885 493184 234105 447820 272451 439987 117068 257483 739488 501082 457256 295946 244737 300767 718658 422137 860933 214539 555809 619191 761180 409135 625409 350890 113594 249611 840473 102859 527389 496751 645971 377423 432820 765917 814786 488806 141502 684276 910683 846181 230632 795768 446757 721361 346803 49553 647498 782475 783728 781310 489627 235599 526451 801638 693289
 693296 422076 699303 559243 706426 469453 913144 434638 163759 776012 763679 1044294 267334 953420 616688 554279 696360 441850 774884 505029 580324 741281 286485 272160 353594 721844 945107 815052 333207 834279 1092891 896506 430470 578291 509239 471817 1073484 911610 675969 959035 63838 133698 443678 1 830611 631977 142261 218849 386644 219055 736710 369720 369272 818469 923267 900844 694129 199457 158851 952202 120685 825016 267035 900898 823794 967371 766621 722102 646244 557163 242663 644392 536372 282192 912156 809304 102338 90497 603504 1001875 400356 308206 694544 813067 874223 229111 758172 890157 768417 790463 492226 372265 991673 594181 970408 905082 679226 705978 772482 996686
 709952 738948 1097002 800220 1174901 445342 1250008 718840 906240 1174880 583277 908252 563282 1049806 340169 1093131 387611 1043135 299218 946112 896458 1167060 977980 641941 480901 906148 670086 108388 543263 1228601 811426 1343731 527169 358813 710048 1041379 772822 803099 209859 690087 826611 855532 1010466 830611 1 871387 688406 853320 563425 790328 870133 895116 753279 518344 1214367 1339863 1026874 898526 816817 823546 950376 304982 994403 1013850 735754 778641 980523 555643 854927 1085381 994448 186661 1029210 555027 1185357 663803 916232 748307 246498 756398 523283 966003 422320 183586 427718 843161 316284 1337190 465265 1243538 1047958 460157 793642 240269 748145 1181033 1169066 687152 327594 976504
 205516 225067 235312 87184 328538 468652 383647 224746 519430 306179 372175 464321 602595 321445 531680 323072 501366 365616 614584 193959 73451 305255 456839 429272 580659 90197 487021 784487 476499 357629 577379 475275 397307 518247 180687 332850 576047 358698 663107 489280 569827 513393 323885 631977 871387 1 606189 427175 392041 412923 117883 294574 268594 471572 359022 470425 156860 474433 475110 395211 665136 645059 500119 268928 304564 440577 142913 366430 28564 310206 530881 738319 256399 556035 335031 345686 610351 575941 654410 496704 426783 419370 469973 727897 593676 412784 591130 468934 475308 382137 321043 650546 460967 688065 463723 329219 335064 236014 590470 380475
 625187 382047 720072 524095 746383 346564 931292 387128 256994 801956 668919 976462 125212 922346 488602 604351 576249 503281 645831 520000 568244 772048 368513 187863 213583 692442 850885 674877 213635 862214 1005273 940058 324010 450367 454409 524990 982337 840631 537841 866481 151458 207864 493184 142261 688406 606189 1 260884 286340 224346 697470 394024 338673 711925 931526 942572 697828 273344 195931 880503 262573 695923 363557 870019 749654 887075 747778 624951 614616 604189 348777 502299 570766 145646 915874 724371 234417 70948 463640 915048 288584 377815 578788 676071 754917 262656 630658 933415 656971 830874 542615 230269 911339 452615 885235 909048 723389 632508 645946 946118
 525839 244422 480816 364411 493275 423645 694687 264086 96402 558538 630978 866254 340141 746541 568791 345897 619832 242400 719584 286389 368895 524900 125330 211514 389175 517250 804504 810197 310100 617415 938625 685744 354204 533389 338558 265138 924812 739886 664354 815369 155262 88244 234105 218849 853320 427175 260884 1 308461 63275 538790 150931 189636 704614 704463 689190 476186 58142 66680 780345 238520 767406 143209 694463 658485 805836 555395 595741 445090 346874 152242 671347 320099 320324 693677 659165 183290 198738 607868 848477 341677 121848 607462 788122 786333 16248 698794 679227 667177 577850 283652 440565 829608 615005 815444 686587 468005 544675 709309 802944
 351032 192013 576810 305166 637861 119254 765915 178814 384350 660440 382857 696993 228895 680144 260380 536273 318030 479748 412185 398131 384018 642636 427004 115950 189277 464167 564962 508125 90498 719566 718954 822308 46761 225487 212837 479276 696097 560403 363102 580317 347705 341481 447820 386644 563425 392041 286340 308461 1 246608 454363 331840 192533 431933 748776 821031 525136 362311 293585 599502 481735 460722 451237 629942 468479 602223 531917 339341 389787 529845 459759 393406 476849 179479 726277 438768 431353 298895 318140 628816 41549 409421 311370 480932 492334 295265 392043 815519 382296 715066 487218 258968 626398 336979 599233 720249 626008 353630 403565 680925
 488391 208800 497931 341457 522078 360773 710596 224967 142969 578875 582351 834987 287160 734366 506634 382187 560525 288263 658503 298420 362480 548140 187751 148402 329476 502823 758946 746950 247254 638894 897847 715787 292762 470924 300778 305060 882133 705337 601112 770767 157287 111842 272451 219055 790328 412923 224346 63275 246608 1 518714 169696 153981 651905 714726 718238 482366 115818 65167 745985 268784 706675 206284 681848 620871 767303 548226 545247 427480 381249 213154 608813 346426 262849 701272 615934 213024 173117 544718 807136 278894 179795 549482 725332 729314 53205 638005 709133 611814 606542 321303 383784 791355 552354 774536 694295 499435 504808 648920 780368
 161519 317632 301669 177470 401901 507608 388089 310396 632716 352510 319098 347359 677811 226837 538541 427999 485438 481086 591922 310128 190132 364826 574318 513370 642405 51702 397261 774886 543781 391386 469302 513658 448176 533349 246443 446823 471825 249618 668315 396074 675945 623297 439987 736710 870133 117883 697470 538790 454363 518714 1 411300 367932 416661 345830 506245 215981 588246 582559 283497 777305 614477 617506 175772 212907 334607 115188 327700 94702 414796 647888 757492 365294 629307 315904 270173 721985 674428 673774 393694 482894 536951 451384 711266 543173 523829 569577 508038 435966 437105 433463 711204 353163 712154 361924 311948 416121 187936 565308 264581
 432871 178655 331106 249650 352603 449940 544812 202802 231810 410524 566030 752146 446150 606403 577904 218195 603259 148140 713318 135535 228588 378817 164456 279371 470783 382428 725402 835451 372050 470177 844388 546354 368983 547782 260540 149583 835675 634209 692255 733259 306021 238371 117068 369720 895116 294574 394024 150931 331840 169696 411300 1 144743 652478 553549 548649 325855 186138 213633 673577 378369 757077 207001 555176 561487 708001 412231 538641 316696 215436 236625 723815 176865 413779 542836 576686 325962 340537 649947 756916 372549 128298 583290 800496 751859 141128 690586 539680 627596 436969 161076 532999 730735 667016 723307 535738 330784 457034 697661 675035
 336763 55295 402301 190635 452375 308074 605186 74591 285587 486548 445013 681216 351659 588222 433177 343838 461095 292161 569765 210971 230797 463665 276061 173218 353971 356670 615814 691257 248750 546961 749027 641600 226133 403339 149080 288110 735233 552408 548733 626272 309683 264152 257483 369272 753279 268594 338673 189636 192533 153981 367932 144743 1 524007 598748 641523 365811 246738 219106 593007 421378 614287 311288 535644 469471 616615 409287 412319 279523 337650 331339 585882 285914 310206 580972 469783 365416 307785 509569 658843 234024 248271 442871 655754 615733 173396 547251 634791 492876 532610 295083 421321 640479 529507 625825 574312 437839 355080 554922 627541
 266947 476665 703864 439526 799751 374380 801763 452996 794804 765323 99613 391854 623646 549395 276869 777695 169846 781613 219374 627018 528082 771979 799934 546626 542738 464697 167234 411164 498747 807471 327973 929592 389479 302918 392812 760842 295128 286256 361003 187360 776834 759640 739488 818469 518344 471572 711925 704614 431933 651905 416661 652478 524007 1 753629 922508 620122 762690 710378 305206 908887 220356 835063 521827 231158 263032 531282 114193 445677 766028 853402 477214 707462 579803 721989 157725 856087 730735 411077 252568 423430 770710 147716 337349 126748 688828 204634 923832 65791 847332 756784 589414 280508 456654 236759 719235 806492 236550 191308 460891
 507348 568450 230007 444348 274103 827339 64767 574370 778118 175390 659689 536889 948557 258917 879070 413178 831102 523732 937576 418370 369820 217390 675545 770726 935708 308381 695990 1120410 830041 146967 706861 233057 756189 870037 539478 484032 725242 518380 1010078 687983 859541 791395 501082 923267 1214367 359022 931526 704463 748776 714726 345830 553549 598748 753629 1 221057 233754 733698 766255 532813 920539 958859 715591 253618 529036 598948 233873 672465 367717 403569 750679 1092867 398522 904421 32329 598544 872448 887681 1008759 660026 784819 640688 797147 1057094 880117 694385 915331 230608 779364 230827 462312 1005531 607511 1044254 635978 34396 307236 533266 910779 399518
 659745 629184 245359 540070 196273 919267 156332 642823 740939 164984 824068 752153 987567 476441 999694 346822 971325 461940 1083748 431932 445413 178470 622710 811569 995311 457870 889739 1254735 889457 115096 918067 12830 840162 983364 632888 429302 933404 717889 1130569 884290 840043 767763 457256 900844 1339863 470425 942572 689190 821031 718238 506245 548649 641523 922508 221057 1 313677 701581 755651 737642 869295 1111978 655322 462865 711989 802055 393229 827585 490149 343695 689158 1197792 371815 949650 248587 775244 829713 886595 1115021 863909 861176 594798 939392 1198184 1048676 683630 1060454 14343 937211 111699 408644 1062834 813293 1144758 837236 246376 221659 689010 1058929 616239
 353537 338816 85754 229316 185939 614096 241344 347320 555626 149336 520581 536122 716783 313580 686795 241301 658167 328439 771167 190762 141139 151875 463506 538508 708785 164293 613236 941066 602439 201815 677308 318420 538036 671693 324389 288623 683347 459800 817969 611932 630292 564085 295946 694129 1026874 156860 697828 476186 525136 482366 215981 325855 365811 620122 233754 313677 1 510300 535951 489636 700931 800857 505888 270072 428743 546094 130590 519309 177953 228445 540297 889103 196990 673620 218909 482524 650265 654949 805643 606578 563237 426602 626608 884756 744503 465081 747760 312075 628837 227538 269396 778242 562815 837378 575675 211943 201691 383727 746808 421429
