NAME : domp20p6v3
COMMENT : Cherkesly, Contardo & Gruson 2022
TYPE : DOMP
DIMENSION : 20
DISPLAY_DATA_TYPE : NO_DISPLAY
OPEN_FACILITIES : 6
COST_SECTION
 1 592413 270500 660133 726670 63651 399412 446229 355246 468326 514682 168366 495199 889383 611119 796659 987847 451174 395303 305038
 592413 1 607823 360614 533446 569709 526537 190327 288864 160622 538059 636487 308899 370645 631795 426456 424424 580040 246851 456774
 270500 607823 1 805572 524113 209300 171098 536893 485455 546076 284395 438775 645718 801728 360902 650050 924182 200391 361566 156474
 660133 360614 805572 1 885826 673140 791410 280757 321772 284555 840932 607077 165607 692471 946844 786152 693454 854835 510427 688948
 726670 533446 524113 885826 1 667156 353088 634367 672972 617374 243850 868207 787719 431211 228099 207049 569701 337414 424559 422367
 63651 569709 209300 673140 667156 1 336140 439459 357506 458566 451838 230137 507560 848655 547559 745127 952419 387525 356362 244809
 399412 526537 171098 791410 353088 336140 1 510787 492153 510549 117418 559013 646313 655786 213115 486603 785285 65660 290040 116052
 446229 190327 536893 280757 634367 439459 510787 1 103468 29781 562531 459670 153429 557770 670201 577166 614106 574082 232099 410483
 355246 288864 485455 321772 672972 357506 492153 103468 1 132076 563277 356486 160324 648991 674093 644183 713179 557615 249549 381303
 468326 160622 546076 284555 617374 458566 510549 29781 132076 1 556378 487407 171819 528711 662604 553087 584326 572788 225955 414235
 514682 538059 284395 840932 243850 451838 117418 562531 563277 556378 1 671133 708307 596082 111217 403300 731700 94202 330702 217307
 168366 636487 438775 607077 868207 230137 559013 459670 356486 487407 671133 1 453673 972608 772064 912165 1054749 614384 490996 455354
 495199 308899 645718 165607 787719 507560 646313 153429 160324 171819 708307 453673 1 676860 817584 722536 710800 711206 380800 538367
 889383 370645 801728 692471 431211 848655 655786 557770 648991 528711 596082 972608 676860 1 636953 225779 139098 679130 494081 650283
 611119 631795 360902 946844 228099 547559 213115 670201 674093 662604 111217 772064 817584 636953 1 423743 775678 161734 438115 323522
 796659 426456 650050 786152 207049 745127 486603 577166 644183 553087 403300 912165 722536 225779 423743 1 363319 494360 423892 514601
 987847 424424 924182 693454 569701 952419 785285 614106 713179 584326 731700 1054749 710800 139098 775678 363319 1 812394 596261 769869
 451174 580040 200391 854835 337414 387525 65660 574082 557615 572788 94202 614384 711206 679130 161734 494360 812394 1 349788 181025
 395303 246851 361566 510427 424559 356362 290040 232099 249549 225955 330702 490996 380800 494081 438115 423892 596261 349788 1 210078
 305038 456774 156474 688948 422367 244809 116052 410483 381303 414235 217307 455354 538367 650283 323522 514601 769869 181025 210078 1
LAMBDA_SECTION
1 77
2 909
3 773
4 391
5 387
6 590
7 252
8 623
9 730
10 482
11 52
12 436
13 55
14 280
15 469
16 335
17 545
18 943
19 967
20 465
