NAME : domp40p10v8
COMMENT : Cherkesly, Contardo & Gruson 2022
TYPE : DOMP
DIMENSION : 40
DISPLAY_DATA_TYPE : NO_DISPLAY
OPEN_FACILITIES : 10
COST_SECTION
 1 744101 592023 683049 83861 149002 530517 164897 783483 907678 580064 411312 393899 372101 504291 422101 806887 277524 184059 400512 672877 185078 554896 815124 846437 633579 477094 234584 925461 198410 487381 376540 746549 477072 448117 551096 676934 318584 934763 874467
 744101 1 186660 492590 711716 638242 768455 633689 65970 799512 765564 1025256 350808 410468 347767 901921 208834 528744 718651 874329 352039 865361 366743 372804 389548 792657 1042774 868998 354322 684939 385004 977775 731728 325347 987719 292208 242347 475048 191387 852174
 592023 186660 1 539684 574045 470905 732787 463949 248263 860816 743456 918800 220611 233596 323235 820526 359990 424230 542534 791978 414280 734828 192288 489287 513720 780849 949333 749308 512546 507863 355877 872345 760814 275922 897900 289716 320300 375184 368771 894509
 683049 492590 539684 1 607514 674989 363900 683286 464608 321238 334429 748870 444075 586319 244707 577740 348273 410425 779037 557841 140877 694000 703821 213600 234492 339981 728236 661098 356872 759848 232706 705697 240565 300868 671292 253942 250391 384383 589307 360942
 83861 711716 574045 607514 1 188729 447549 206056 745497 824587 496592 373925 362306 371691 443924 354907 755123 211650 253551 331072 607104 162677 564902 749938 780975 550155 429631 192490 866163 259898 423129 333462 663119 423524 393423 494835 620913 259096 899971 790631
 149002 638242 470905 674989 188729 1 603413 17328 685221 938567 646169 555494 301837 239849 459610 542073 732381 272170 104086 517264 634215 331715 410492 771036 802415 699272 616256 375178 864751 88497 453383 517880 784600 418893 581838 494407 614653 290610 829407 920636
 530517 768455 732787 363900 447549 603413 1 618543 763937 418854 55469 415841 540465 652924 423427 235428 684491 365381 692052 224452 467437 446889 833149 576105 598284 105505 377345 392426 719384 689293 386576 380125 259725 459943 323405 476407 555081 389836 910600 360240
 164897 633689 463949 683286 206056 17328 618543 1 681838 950073 660799 572440 301437 231538 464683 559288 732491 283280 97648 534421 639248 348310 397660 775050 806371 713792 633477 392272 866478 77104 459767 534996 796923 422508 599155 497764 616771 299181 824593 933440
 783483 65970 248263 464608 745497 685221 763937 681838 1 761354 756302 1044111 389972 464099 352775 912305 151415 553328 769629 885339 324191 894881 431941 323021 336550 779411 1056518 894192 291101 736616 389232 996568 705168 340606 1000498 294016 216960 499540 157071 819749
 907678 799512 860816 321238 824587 938567 418854 950073 761354 1 363771 827169 752131 892825 558241 648252 622955 666830 1039498 641242 452609 858530 1023183 450333 450075 322422 775344 807979 562621 1026839 538390 795391 163497 614540 727609 574513 559932 658724 861374 99965
 580064 765564 743456 334429 496592 646169 55469 660799 756302 363771 1 467828 560823 680095 426393 287452 667366 398034 737443 278207 449075 501814 854614 548022 568284 53640 425117 447773 691290 733045 390624 433430 206009 467968 372768 475628 543231 416599 898944 305091
 411312 1025256 918800 748870 373925 555494 415841 572440 1044111 827169 467828 1 698278 739524 697341 180470 1010773 498845 589532 193842 814126 226796 935569 946051 973020 504827 84659 181500 1083879 608538 663894 47546 673649 703524 104434 756701 870564 551669 1200972 754170
 393899 350808 220611 444075 362306 301837 540465 301437 389972 752131 560823 698278 1 142245 199877 603289 431095 205075 395910 574673 362716 519643 293813 487437 518015 604902 729237 530350 567541 366564 214030 651761 623609 145123 678422 211933 320334 159401 540976 763725
 372101 410468 233596 586319 371691 239849 652924 231538 464099 892825 680095 739524 142245 1 342020 675653 538717 291191 309345 647506 500844 534002 197149 618617 648306 727442 784219 560603 684265 275034 355687 695802 760356 286758 739011 349447 446058 263617 599203 900873
 504291 347767 323235 244707 443924 459610 423427 464683 352775 558241 426393 697341 199877 342020 1 559699 318577 232757 562321 532921 174611 572222 466756 313225 344695 460206 705071 560158 422301 538406 37252 649984 442028 56451 648631 59533 179564 185939 507540 579297
 422101 901921 820526 577740 354907 542073 235428 559288 912305 648252 287452 180470 603289 675653 559699 1 861763 398450 605038 28619 655602 273554 871700 781326 806865 325902 151306 210142 921948 614339 523756 147365 493385 576623 93826 618919 723371 445415 1067163 578534
 806887 208834 359990 348273 755123 732381 684491 732491 151415 622955 667366 1010773 431095 538717 318577 861763 1 547535 826745 836723 218310 890085 552082 175512 186024 682157 1011203 878662 152557 796611 348732 963818 584961 331606 953828 262217 140373 496689 242499 688839
 277524 528744 424230 410425 211650 272170 365381 283280 553328 666830 398034 498845 205075 291191 232757 398450 547535 1 374557 369832 396268 344095 480884 538948 570114 448493 525254 340963 654707 360169 211585 451679 515016 217915 473699 285608 411083 53844 710163 652984
 184059 718651 542534 779037 253551 104086 692052 97648 769629 1039498 737443 589532 395910 309345 562321 605038 826745 374557 1 582575 736893 363130 448975 872567 903869 790943 658929 417149 962549 35562 557048 557582 883887 519966 631806 595099 713299 394655 908285 1018513
 400512 874329 791978 557841 331072 517264 224452 534421 885339 641242 278207 193842 574673 647506 532921 28619 836723 369832 582575 1 632072 259721 843417 759431 785401 319907 174678 197013 899417 590893 497177 155802 484000 548990 117150 592240 697944 416846 1040457 574901
 672877 352039 414280 140877 607104 634215 467437 639248 324191 452609 449075 814126 362716 500844 174611 655602 218310 396268 736893 632072 1 720923 590347 142859 173883 464545 806564 699341 270652 712675 185606 768258 381190 220435 748943 151408 109694 355205 454159 500327
 185078 865361 734828 694000 162677 331715 446889 348310 894881 858530 501814 226796 519643 534002 572222 273554 890085 344095 363130 259721 720923 1 725842 862342 892308 551925 296766 63487 988506 381745 545412 195003 695267 561992 275547 627898 751785 397030 1050967 806883
 554896 366743 192288 703821 564902 410492 833149 397660 431941 1023183 854614 935569 293813 197149 466756 871700 552082 480884 448975 843417 590347 725842 1 677995 703528 898577 981320 755732 704618 413716 491849 892285 907345 411539 936121 450101 505525 445386 527526 1045695
 815124 372804 489287 213600 749938 771036 576105 775050 323021 450333 548022 946051 487437 618617 313225 781326 175512 538948 872567 759431 142859 862342 677995 1 31471 552120 932606 838805 143378 846845 327772 901061 430532 352637 875144 278025 175049 496901 411042 521729
 846437 389548 513720 234492 780975 802415 598284 806371 336550 450075 568284 973020 518015 648306 344695 806865 186024 570114 903869 785401 173883 892308 703528 31471 1 569986 958052 868047 124847 878043 359062 928299 441663 383912 900687 309144 203362 528280 413558 525845
 633579 792657 780849 339981 550155 699272 105505 713792 779411 322422 53640 504827 604902 727442 460206 325902 682157 448493 790943 319907 464545 551925 898577 552120 569986 1 455725 496544 694365 786308 425610 473157 172933 504936 406160 506156 563871 464557 917922 256505
 477094 1042774 949333 728236 429631 616256 377345 633477 1056518 775344 425117 84659 729237 784219 705071 151306 1011203 525254 658929 174678 806564 296766 981320 932606 958052 455725 1 242548 1073242 675491 669859 101833 627913 717871 57622 764557 872175 575916 1212340 696818
 234584 868998 749308 661098 192490 375178 392426 392272 894192 807979 447773 181500 530350 560603 560158 210142 878662 340963 417149 197013 699341 63487 755732 838805 868047 496544 242548 1 969156 432993 530614 142756 645390 556184 215739 617741 738926 394803 1051093 752590
 925461 354322 512546 356872 866163 864751 719384 866478 291101 562621 691290 1083879 567541 684265 422301 921948 152557 654707 962549 899417 270652 988506 704618 143378 124847 694365 1073242 969156 1 933967 444505 1038297 565610 449911 1015680 374777 250468 608011 323041 643820
 198410 684939 507863 759848 259898 88497 689293 77104 736616 1026839 733045 608538 366564 275034 538406 614339 796611 360169 35562 590893 712675 381745 413716 846845 878043 786308 675491 432993 933967 1 534964 574782 873092 494301 645904 568937 685461 376021 874204 1009092
 487381 385004 355877 232706 423129 453383 386576 459767 389232 538390 390624 663894 214030 355687 37252 523756 348732 211585 557048 497177 185606 545412 491849 327772 359062 425610 669859 530614 444505 534964 1 616659 415500 81490 613218 95266 208536 169677 543431 554219
 376540 977775 872345 705697 333462 517880 380125 534996 996568 795391 433430 47546 651761 695802 649984 147365 963818 451679 557582 155802 768258 195003 892285 901061 928299 473157 101833 142756 1038297 574782 616659 1 639405 655979 93274 709317 823560 504385 1153433 725716
 746549 731728 760814 240565 663119 784600 259725 796923 705168 163497 206009 673649 623609 760356 442028 493385 584961 515016 883887 484000 381190 695267 907345 430532 441663 172933 627913 645390 565610 873092 415500 639405 1 496102 577187 471382 490230 513119 827263 140584
 477072 325347 275922 300868 423524 418893 459943 422508 340606 614540 467968 703524 145123 286758 56451 576623 331606 217915 519966 548990 220435 561992 411539 352637 383912 504936 717871 556184 449911 494301 81490 655979 496102 1 662543 75720 200077 165691 497559 634159
 448117 987719 897900 671292 393423 581838 323405 599155 1000498 727609 372768 104434 678422 739011 648631 93826 953828 473699 631806 117150 748943 275547 936121 875144 900687 406160 57622 215739 1015680 645904 613218 93274 577187 662543 1 708071 814930 523441 1156076 652162
 551096 292208 289716 253942 494835 494407 476407 497764 294016 574513 475628 756701 211933 349447 59533 618919 262217 285608 595099 592240 151408 627898 450101 278025 309144 506156 764557 617741 374777 568937 95266 709317 471382 75720 708071 1 126159 235750 448245 604863
 676934 242347 320300 250391 620913 614653 555081 616771 216960 559932 543231 870564 320334 446058 179564 723371 140373 411083 713299 697944 109694 751785 505525 175049 203362 563871 872175 738926 250468 685461 208536 823560 490230 200077 814930 126159 1 361818 355889 609921
 318584 475048 375184 384383 259096 290610 389836 299181 499540 658724 416599 551669 159401 263617 185939 445415 496689 53844 394655 416846 355205 397030 445386 496901 528280 464557 575916 394803 608011 376021 169677 504385 513119 165691 523441 235750 361818 1 656345 652997
 934763 191387 368771 589307 899971 829407 910600 824593 157071 861374 898944 1200972 540976 599203 507540 1067163 242499 710163 908285 1040457 454159 1050967 527526 411042 413558 917922 1212340 1051093 323041 874204 543431 1153433 827263 497559 1156076 448245 355889 656345 1 930413
 874467 852174 894509 360942 790631 920636 360240 933440 819749 99965 305091 754170 763725 900873 579297 578534 688839 652984 1018513 574901 500327 806883 1045695 521729 525845 256505 696818 752590 643820 1009092 554219 725716 140584 634159 652162 604863 609921 652997 930413 1
LAMBDA_SECTION
1 410
2 822
3 993
4 571
5 888
6 113
7 969
8 635
9 606
10 520
11 588
12 717
13 116
14 494
15 881
16 79
17 489
18 358
19 800
20 953
21 747
22 460
23 333
24 185
25 125
26 969
27 685
28 989
29 396
30 703
31 606
32 557
33 37
34 75
35 886
36 578
37 953
38 72
39 725
40 854
