NAME : domp90p22v1
COMMENT : Cherkesly, Contardo & Gruson 2022
TYPE : DOMP
DIMENSION : 90
DISPLAY_DATA_TYPE : NO_DISPLAY
OPEN_FACILITIES : 22
COST_SECTION
 1 1107335 540775 805773 782486 1167618 201231 94999 462620 699027 356631 208213 502808 622893 1009528 976234 985913 934238 942107 568678 302920 211626 213272 770086 433357 784275 676888 832777 1013146 626042 702519 562271 703893 363655 1154243 707242 529028 624404 1047743 367874 519948 771163 574863 963519 576905 835374 916588 282492 752489 531688 737762 557830 566828 351246 824513 513414 484291 953664 950000 359625 525558 805796 610091 694167 917848 753003 364753 298238 457692 243058 755979 748446 198971 121928 776319 713710 833627 720931 179614 783365 256281 793214 595966 875785 870561 857217 1165278 240320 1003344 878362
 1107335 1 842423 393982 325291 331582 923231 1034173 743099 595428 936204 1038553 731311 924948 296164 226490 541437 501646 421693 603835 827230 923988 931881 342376 685916 368310 431434 430288 190692 705840 438959 562588 412105 938821 242634 694095 624505 631736 62052 953431 663306 1009724 543691 523451 713328 277621 191671 843691 619851 617902 519658 873511 710475 869356 681940 649263 640644 160669 170591 767915 597910 399111 574859 706023 345198 410790 866105 900877 653241 1009397 361815 551649 974737 1018064 508136 405005 276037 679168 928186 523341 902850 615430 774228 783321 863756 768312 125719 1022752 104729 518610
 540775 842423 1 450926 586973 757351 505344 541746 630521 257308 188646 651117 145629 123576 900483 637016 1010080 944147 511075 267047 504521 350296 341097 533668 325124 680501 524011 799685 679506 780579 624160 532070 471833 183433 779377 851186 576678 719277 781962 185815 222195 282259 519538 487164 735456 647813 670408 496763 845628 283858 329969 39142 722154 197418 305014 586454 319798 735291 673558 300635 339849 742834 279798 846761 836168 677794 182977 247705 451854 308540 609081 310505 342316 550702 792985 471671 635257 854303 429345 811451 299902 881611 800821 336755 331186 319532 843782 665700 758701 415342
 805773 393982 450926 1 228632 362291 656431 753096 582488 201674 565754 799949 354286 531135 518021 188726 701052 637638 168112 242664 582419 600057 603560 165326 375789 362564 257442 497372 230931 643300 359627 384629 165846 566829 352970 678578 463988 559097 335216 579715 299769 624458 359188 251655 621516 268906 241677 591769 632609 274554 126056 480589 611916 508789 318171 488804 324054 312134 229862 446175 286021 435222 204260 682871 485478 387023 502355 549788 412149 656473 286621 161789 638690 744798 534355 153374 251738 671845 630903 555880 566506 653342 697395 429737 502673 410335 395756 795159 320081 188453
 782486 325291 586973 228632 1 482887 598277 708921 438555 386459 640803 717864 453433 692162 315416 258478 473942 409773 376934 322428 503517 604185 613197 64936 368422 134496 106198 268769 278198 449957 151981 244004 115141 644847 430611 469999 314727 365917 267066 660783 376876 812532 222570 474306 440199 61908 137687 519391 414884 321021 323732 623497 433464 567978 537078 340782 327954 172812 181981 450948 286864 206789 307689 476809 264535 163507 567285 592413 328131 699407 64331 367293 657876 693057 310254 116245 53404 460642 603695 331591 587456 431239 512208 649693 717287 628938 398601 704143 220932 416980
 1167618 331582 757351 362291 482887 1 1016869 1115173 912363 505400 905503 1157245 696302 799682 613403 224443 853479 804441 246288 600793 938279 960406 963064 450425 737943 593364 567251 700433 210109 931410 634090 711049 495382 905023 90114 943217 788329 848079 322664 915653 654511 834559 686368 297541 923085 475211 374220 949197 878871 635948 443859 776871 916256 857882 500584 814491 686222 410360 320173 808017 647469 650991 560223 951908 637954 633024 849556 902905 762769 1006529 544800 450436 995867 1106372 766274 482800 462005 931593 993193 785564 924568 885598 994784 572258 653612 564978 220705 1150212 362353 346456
 201231 923231 505344 656431 598277 1016869 1 113340 265099 590579 359513 153269 416297 614356 809872 812171 786923 734044 808126 438459 102230 170533 185216 594364 283995 587751 492104 631670 846142 434170 506051 367260 532637 368204 993123 516488 328547 425219 865318 380429 403712 775081 382359 847727 383640 647397 735028 82462 556028 394445 612029 534112 372605 311745 742925 312309 334854 766199 772863 234689 370547 605892 479307 504471 717661 554812 325805 270136 270179 293044 565535 632425 217556 94855 575325 543777 647401 528899 86303 582756 215051 597086 413205 815883 829544 794766 990660 161815 818566 761343
 94999 1034173 541746 753096 708921 1115173 113340 1 368818 666950 370500 131480 478802 637704 922720 915697 892148 841278 898286 524317 215226 192111 200650 702009 377313 701084 602745 743108 950921 531106 619374 480384 638336 378601 1095767 612251 441178 531001 975703 386779 481858 793285 495013 929321 482097 759217 845001 195769 658031 483307 697228 564593 472136 344737 806706 424085 429048 877979 881366 313325 467930 718687 565900 599169 830247 668089 359117 294179 381034 273551 677911 712951 208658 27403 684547 648975 758727 625976 125902 690943 242437 698667 501228 868837 872575 848920 1098522 159796 929629 843141
 462620 743099 630521 582488 438555 912363 265099 368818 1 603407 547457 317435 497949 753248 574273 690099 523353 473004 750147 444112 174401 390151 405851 462015 311125 378300 345196 385803 714791 173497 304150 201625 422439 555638 867597 255699 124371 162451 692412 571557 444065 912587 226725 819490 122202 469819 571949 194560 290929 399541 591414 667373 109934 476546 778315 98146 336920 582607 620016 334094 345452 374090 473691 245296 480180 337983 486903 457918 194592 523551 386110 626275 450965 343623 319747 435442 476000 266503 328648 324095 413829 331995 172779 874955 911922 852176 833471 293961 640861 738518
 699027 595428 257308 201674 386459 505400 590579 666950 603407 1 401937 743352 199531 329525 698268 382179 851763 785853 260517 161776 543456 487494 486136 323666 316407 506506 361927 639468 424538 711137 474304 436857 280454 400891 522601 764886 506859 633552 536889 410847 186899 429306 415134 264530 676945 440828 437701 545791 736442 208356 75777 283175 665001 362214 176512 526392 274055 506811 431037 356732 258098 577436 129813 765201 650597 517924 352012 411650 409661 508906 427998 54994 510365 665676 656383 274413 425369 762581 541148 677298 443910 765224 751633 281999 338197 259408 587915 746929 520347 180117
 356631 936204 188646 565754 640803 905503 359513 370500 547457 401937 1 491082 211742 268070 936580 753797 1001324 938061 662209 332592 390258 189796 176413 601055 293903 703451 554055 802685 795467 714968 632672 511059 531808 8713 914311 793393 530621 670071 874191 24282 272980 422908 507278 656480 665284 702426 750279 376463 805214 321214 462230 201619 652049 77956 488723 532020 318897 806915 765957 226798 356285 753889 364665 785768 859275 689287 74569 92077 406773 119895 644275 456705 162657 384064 777139 536198 693540 800316 274840 792484 145204 844710 719606 525264 514654 508177 959497 510781 841736 577535
 208213 1038553 651117 799949 717864 1157245 153269 131480 317435 743352 491082 1 568937 754633 891188 946663 827309 782841 955697 589494 219225 303637 315473 722850 433327 685177 613377 703235 978357 456273 605789 475994 665853 499511 1128103 532806 418690 475482 983284 509322 556597 913116 495674 998944 412137 760945 855534 208251 589422 544644 762570 677486 404747 454425 896068 396363 483011 878667 897501 387930 516039 689422 629872 518304 797156 647564 468815 407731 396999 402177 676799 784333 333144 110126 635646 677745 763459 548454 221790 638183 353030 628247 413670 967610 978674 946707 1115609 33128 934114 912646
 502808 731311 145629 354286 453433 696302 416297 478802 497949 199531 211742 568937 1 267153 763091 542673 864987 799169 455762 131468 392003 292522 289559 405378 187190 538721 382512 655277 584547 640572 479753 386947 339304 212580 702760 709033 434536 576388 669588 225481 78432 419435 373994 463034 597060 515153 549931 388588 701004 139654 252455 184763 583888 163113 328417 445973 175131 610881 560726 186123 194335 599276 156461 705260 695200 534020 153691 212126 311904 311017 469674 252370 311220 480966 647380 341167 503967 711459 354899 665823 246585 736593 665014 400591 422206 379094 748961 577557 640588 379530
 622893 924948 123576 531135 692162 799682 614356 637704 753248 329525 268070 754633 267153 1 1007449 709243 1127796 1061635 557765 379963 622308 450999 439547 635068 448699 793485 637504 916177 751217 904153 741041 654080 577708 260401 833985 974635 700082 842562 866323 255038 341127 161919 640724 510718 858962 751573 763200 613190 968134 402305 405290 85877 845652 302627 308397 710015 442191 830693 759914 421486 459935 858034 385535 970286 947564 793501 288657 346924 575416 380666 719748 375413 430679 649890 912854 575929 737893 977618 534006 931686 401856 1003727 923989 296147 261718 285803 912373 771892 848306 453519
 1009528 296164 900483 518021 315416 613403 809872 922720 574273 698268 936580 891188 763091 1007449 1 437507 245294 209794 624003 633983 707654 864797 876688 375207 647178 234950 383539 191916 423516 480078 313010 452183 429796 941657 529294 443976 481578 425933 290808 958254 685073 1126573 445346 730703 504133 257676 287546 727592 365377 625846 630772 937574 506006 860334 836165 499827 617685 222112 326663 725919 581505 204045 622380 458365 94099 258554 862023 875890 563633 977557 294080 672879 924375 901054 269931 431639 272900 426744 841695 276845 859645 349024 547432 947683 1020281 928354 421822 868231 254422 694840
 976234 226490 637016 188726 258478 224443 812171 915697 690099 382179 753797 946663 542673 709243 437507 1 662164 606828 198548 426244 727571 776204 781181 228573 542894 373287 345071 489124 42493 707616 409931 489583 280818 755068 181441 722222 565792 623998 178423 768153 484954 785588 465370 303885 698662 254956 161839 740148 660590 452308 307429 664951 691814 694834 455607 592009 492272 216394 112422 619467 450683 435316 390176 730308 440159 411501 689056 733740 549766 841431 320775 333835 818999 904353 549475 269052 240519 711310 797998 569550 746331 670371 770556 557047 637304 541857 207229 937339 189359 292217
 985913 541437 1010080 701052 473942 853479 786923 892148 523353 851763 1001324 827309 864987 1127796 245294 662164 1 66350 833210 748680 689702 886337 900675 538806 709479 345506 494342 213129 655109 371996 386873 490550 571397 1007960 771644 302779 479383 361720 532632 1024989 787918 1265054 496767 937151 415290 434114 502004 710668 237962 726290 795061 1049028 423335 923450 1010158 486135 696559 447883 549843 775631 670856 274435 749914 318521 222658 336254 928846 925066 596130 1013739 424332 838963 948765 866768 224398 578129 451524 285224 841036 210581 895193 200334 425107 1122692 1187948 1101584 667053 798645 491229 888057
 934238 501646 944147 637638 409773 804441 734044 841278 473004 785853 938061 782841 799169 1061635 209794 606828 66350 1 773112 682406 635233 827299 841388 474491 645489 279958 428013 146835 602337 332498 320637 427006 505594 944581 724945 272291 420117 310555 486851 961611 721961 1198704 432287 876197 371559 372303 445494 656202 199127 660313 729776 983065 378216 860129 945149 428612 631440 395401 495046 712988 605160 208421 683568 288071 167220 269916 865233 863031 534096 953382 358833 773701 889617 816449 163184 512513 389691 254177 784867 152063 834503 167632 391408 1057620 1122359 1036411 626284 755277 442513 825203
 942107 421693 511075 168112 376934 246288 808126 898286 750147 260517 662209 955697 455762 557765 624003 198548 833210 773112 1 374388 740976 731606 732587 320077 524192 510239 423140 640839 231011 809184 519806 552740 333120 661315 277130 840813 632092 724644 376823 671363 422574 609207 527299 106956 788835 401786 336913 748640 790514 415161 205390 531072 779440 618669 272032 656864 473331 402594 299569 585614 439849 580781 332763 845954 611371 540252 609446 665870 575736 766772 439755 205582 761847 892653 687182 320397 384588 833067 773423 708499 692228 808107 864540 364592 446311 351534 371088 953184 385438 106733
 568678 603835 267047 242664 322428 600793 438459 524317 444112 161776 332592 589494 131468 379963 633983 426244 748680 682406 374388 1 383828 359774 362276 274005 157219 414043 257731 536496 466958 562491 361832 292119 207946 335032 595623 622602 355001 489371 541870 349599 59672 518173 273791 409460 524764 384012 419837 387516 603521 46705 173696 304872 512318 269130 334408 372275 112400 479764 433446 211262 99647 478074 41629 621187 569249 413633 264230 307682 249606 415187 342034 195734 396192 519669 537394 209704 372606 622364 399137 557050 324249 636119 597948 431979 475342 409135 629497 590772 510914 323153
 302920 827230 504521 582419 503517 938279 102230 215226 174401 543456 390258 219225 392003 622308 707654 727571 689702 635233 740976 383828 1 218933 234829 504802 227097 486480 397858 529892 759639 347678 404921 267397 446755 398817 909009 430026 226338 328924 770332 413593 360916 784175 284043 790475 296393 550235 641013 20977 462675 337455 553617 537924 284303 326911 707144 210577 272852 668908 681117 207059 301646 503665 422273 419324 615438 452951 339278 298340 178332 352196 467353 579404 278238 194749 475155 458585 551207 440886 154335 483435 248881 503894 337599 790449 813992 768408 899334 212742 722505 704810
 211626 923988 350296 600057 604185 960406 170533 192111 390151 487494 189796 303637 292522 450999 864797 776204 886337 827299 731606 359774 218933 1 15920 582041 238247 631085 502461 705531 814683 563339 551789 414069 513160 198433 951423 644999 407216 533662 862896 210115 309054 609784 419452 751943 512149 661627 732346 201377 670103 325648 526783 374716 499543 152928 617905 400691 285864 776984 760471 157426 328579 666865 400798 635200 778268 606849 167355 104157 301818 133483 588613 536831 62466 200463 664172 521600 657137 654609 85079 676050 50426 711063 556500 677037 680705 657305 971433 321733 822040 666738
 213272 931881 341097 603560 613197 963064 185216 200650 405851 486136 176413 315473 289559 439547 876688 781181 900675 841388 732587 362276 234829 15920 1 589671 245981 642652 512206 718759 819994 578975 563729 426634 520482 184989 955539 660573 421402 548714 870628 196153 310125 597645 431418 750666 527804 671097 740320 217296 685210 329629 527441 364426 515173 144321 613101 415297 292442 785923 767575 164165 335273 679433 402972 650835 790627 619018 158637 93642 314354 117713 598940 536205 48347 210655 678226 528649 666280 670102 99246 690297 43439 726136 572382 670018 672001 650541 977572 334441 830320 665804
 770086 342376 533668 165326 64936 450425 594364 702009 462015 323666 601055 722850 405378 635068 375207 228573 538806 474491 320077 274005 504802 582041 589671 1 343813 197391 116833 332535 256492 494005 200028 261074 70092 604453 408358 521237 337907 409245 280968 619857 331298 751375 236797 414064 478899 117541 151360 518811 470681 279930 259332 569233 470876 531017 472183 364077 298301 206180 179915 425611 255622 270174 254019 526859 328768 222254 528938 559918 326513 668168 121528 302739 632361 688281 369737 64893 102974 513146 590472 391230 560505 489589 553093 584797 652721 564086 396528 711911 242562 353740
 433357 685916 325124 375789 368422 737943 283995 377313 311125 316407 293903 433327 187190 448699 647178 542894 709479 645489 524192 157219 227097 238247 245981 343813 1 412554 270516 508824 580076 455469 339401 219155 274958 299994 721135 526600 252674 395648 624721 316986 137229 605049 213624 566017 410783 427493 494341 230304 525483 111495 329343 363401 397534 216111 482536 261392 51736 540791 522333 82540 92213 460318 196804 521835 567003 396060 220161 228853 126832 332958 359658 352948 289659 369566 486118 283596 421732 530327 255878 502501 219060 563111 477921 571229 602859 548740 734463 433752 584406 479877
 784275 368310 680501 362564 134496 593364 587751 701084 378300 506506 703451 685177 538721 793485 234950 373287 345506 279958 510239 414043 486480 631085 642652 197391 412554 1 156492 135458 383386 344588 81780 222179 226052 708786 529651 349859 266520 265865 322819 725517 460294 924269 212331 608669 346605 118425 220717 505401 287508 399400 449864 718696 342983 626684 665437 289131 384991 210404 274621 490976 350815 72872 409782 358766 156925 42796 628898 641099 331387 742623 78876 493797 690126 681228 178304 232623 132962 338348 612205 199238 624836 299902 411468 777829 842455 756541 469703 666076 270081 551016
 676888 431434 524011 257442 106198 567251 492104 602745 345196 361927 554055 613377 382512 637504 383539 345071 494342 428013 423140 257731 397858 502461 512206 116833 270516 156492 1 281237 371287 386122 112517 144632 92946 558874 523830 422394 221079 301738 373214 575343 304085 770949 120936 508352 366649 159537 243220 413456 381768 243564 314842 562232 357848 478684 529870 247245 235643 276942 284181 352343 198113 221198 255695 426066 312689 158106 479618 498284 221942 603444 90236 358062 557895 586871 294766 104602 156762 416604 498484 315859 488826 407010 441925 640634 700116 618578 502233 600645 326955 438083
 832777 430288 799685 497372 268769 700433 631670 743108 385803 639468 802685 703235 655277 916177 191916 489124 213129 146835 640839 536496 529892 705531 718759 332535 508824 135458 281237 1 491835 290577 175545 294388 359542 808818 628206 265264 304769 234096 399757 825808 577569 1052085 295530 741285 312367 240011 328345 550457 189653 515909 584683 838465 314094 724807 800498 319370 490624 293383 381488 580589 462079 62662 536873 278102 99733 123207 728946 731805 405570 826879 213927 628620 767082 720161 80926 366892 256850 249633 672109 93432 707621 187300 358840 912779 976481 891370 547333 679200 349246 685748
 1013146 190692 679506 230931 278198 210109 846142 950921 714791 424538 795467 978357 584547 751217 423516 42493 655109 602337 231011 466958 759639 814683 819994 256492 580076 383386 371287 491835 1 723195 427222 515813 313578 796827 152807 733239 590451 640537 148858 810017 525913 825597 492192 333655 717019 265458 164292 772824 668810 491835 349880 707386 710803 735842 493852 616664 529893 207274 110457 657619 487914 441175 431443 742074 435117 423384 730264 774146 581407 882050 337914 375863 858415 938929 556355 302370 252777 721520 834432 575793 785703 676064 787506 593309 674157 578780 164851 968081 169945 329094
 626042 705840 780579 643300 449957 931410 434170 531106 173497 711137 714968 456273 640572 904153 480078 707616 371996 332498 809184 562491 347678 563339 578975 494005 455469 344588 386122 290577 723195 1 297980 274388 477647 722910 872436 82501 208096 84777 665291 739217 576541 1059891 297015 893102 51301 458906 563782 367576 134378 523028 683081 818739 63811 641592 887437 194602 468247 552989 616994 494408 463869 307334 583712 71861 390139 302365 650906 627201 328947 696609 386859 722998 624373 504605 210402 489959 470578 94956 501657 203922 585291 172099 68784 991625 1037832 968811 813239 427025 612569 819314
 702519 438959 624160 359627 151981 634090 506051 619374 304150 474304 632672 605789 479753 741041 313010 409931 386873 320637 519806 361832 404921 551789 563729 200028 339401 81780 112517 175545 427222 297980 1 140605 201814 638422 578289 321210 187446 214075 388785 655317 402028 878935 132338 611120 289836 168191 272935 423737 273156 340366 426772 662963 283921 555193 642179 211243 316980 278467 324184 415429 286902 121447 364636 326973 228290 56660 558380 566451 250866 666018 89367 470189 611494 599653 182252 211944 176977 313265 530869 203373 547534 296007 360699 753102 812498 731071 531957 587608 336921 544965
 562271 562588 532070 384629 244004 711049 367260 480384 201625 436857 511059 475994 386947 654080 452183 489583 490550 427006 552740 292119 267397 414069 426634 261074 219155 222179 144632 294388 515813 274388 140605 1 221735 517578 668427 330592 79457 197662 507472 534609 315056 803106 25482 628148 242997 284968 381008 285406 314482 256733 410123 571167 231976 433124 613074 104837 212349 402988 425713 286725 196964 252809 310268 329634 364306 193631 438316 437677 112281 532772 201010 449229 474771 461526 266964 234740 287660 330269 390315 283490 413570 349648 318959 717846 766294 695067 642554 460932 458120 550634
 703893 412105 471833 165846 115141 495382 532637 638336 422439 280454 531808 665853 339304 577708 429796 280818 571397 505594 333120 207946 446755 513160 520482 70092 274958 226052 92946 359542 313578 477647 201814 221735 1 535365 462258 515334 301112 393645 350507 550920 263738 701364 196292 415799 455787 176264 221409 459479 473796 210598 226293 508388 446324 461220 442340 326558 228590 275114 247405 356330 185817 297251 192680 518925 372993 239472 459356 489828 269051 598082 147646 270091 562778 625712 382781 13010 164667 509515 524383 404165 490773 497792 531603 554135 616939 532470 461394 656845 312653 345170
 363655 938821 183433 566829 644847 905023 368204 378601 555638 400891 8713 499511 212580 260401 941657 755068 1007960 944581 661315 335032 398817 198433 184989 604453 299994 708786 558874 808818 796827 722910 638422 517578 535365 1 914689 801209 537915 677602 876830 17031 275516 414722 513505 654197 673292 706534 753361 385080 812621 324785 462097 195160 660046 84530 484763 539539 324005 810431 768476 233939 360940 759703 366453 793649 864767 695012 80043 100713 413795 125448 649066 455748 170521 392349 783842 539572 697483 808049 283487 799291 153916 852050 727852 519759 508156 502876 961011 519314 844776 575744
 1154243 242634 779377 352970 430611 90114 993123 1095767 867597 522601 914311 1128103 702760 833985 529294 181441 771644 724945 277130 595623 909009 951423 955539 408358 721135 529651 523830 628206 152807 872436 578289 668427 462258 914689 1 878321 743254 790618 239028 926567 652516 883747 644661 351815 868065 413533 309004 921526 810991 625921 453954 802554 862182 860667 546423 769468 669973 335133 255461 795798 629116 582335 556994 887903 559816 570850 853628 902596 731191 1008832 489247 468875 991470 1084926 697624 450462 402202 865770 976861 716108 919140 814936 937610 628925 711140 619117 131102 1118679 282820 383512
 707242 694095 851186 678578 469999 943217 516488 612251 255699 764886 793393 532806 709033 974635 443976 722222 302779 272291 840813 622602 430026 644999 660573 521237 526600 349859 422394 265264 733239 82501 321210 330592 515334 801209 878321 1 274591 133447 659488 817671 641769 1128276 350471 930148 133673 468078 570060 449995 78643 585723 730603 889739 145771 719077 940003 265710 534734 549112 624130 570674 525958 298006 640255 15843 360535 310722 727916 706619 399826 778107 405671 772040 706253 585567 185971 526901 481816 18129 584093 171916 665851 104762 122628 1046740 1096761 1024049 807965 502584 607530 860346
 529028 624505 576678 463988 314727 788329 328547 441178 124371 506859 530621 418690 434536 700082 481578 565792 479383 420117 632092 355001 226338 407216 421402 337907 252674 266520 221079 304769 590451 208096 187446 79457 301112 537915 743254 274591 1 142980 572012 554777 368722 853903 104939 706418 170208 348701 449294 246562 275103 314969 485138 615304 158147 453960 683362 26227 260797 463857 496509 304107 255975 277533 378056 270768 389124 229749 461373 449214 126621 534531 264361 522973 469576 419529 257072 314111 353839 277739 367837 268909 416384 314180 244852 785644 830201 762797 711169 400165 521145 627953
 624404 631736 719277 559097 365917 848079 425219 531001 162451 633552 670071 475482 576388 842562 425933 623998 361720 310555 724644 489371 328924 533662 548714 409245 395648 265865 301738 234096 640537 84777 214075 197662 393645 677602 790618 133447 142980 1 588460 694322 508451 995372 218439 809358 81862 377446 482683 349827 136632 452278 602308 757992 80979 594269 809295 138068 401737 475971 535412 444683 392517 237764 507828 131973 332757 223132 602285 585995 269447 664844 303282 642937 595944 505991 160853 405849 388422 135080 481854 162741 549055 177433 147007 915053 963942 892307 735568 449536 535684 736443
 1047743 62052 781962 335216 267066 322664 865318 975703 692412 536889 874191 983284 669588 866323 290808 178423 532632 486851 376823 541870 770332 862896 870628 280968 624721 322819 373214 399757 148858 665291 388785 507472 350507 876830 239028 659488 572012 588460 1 891469 601316 954684 487701 481336 669414 223382 131180 786393 587613 555868 461217 813471 665743 807308 630314 597207 579093 112491 108945 706578 536321 361756 513160 670601 323476 365614 804054 838940 595147 947480 307875 494519 913259 960075 474470 343216 219834 645402 868398 491195 841278 586887 733055 734072 813612 718228 148521 968331 52781 469279
 367874 953431 185815 579715 660783 915653 380429 386779 571557 410847 24282 509322 225481 255038 958254 768153 1024989 961611 671363 349599 413593 210115 196153 619857 316986 725517 575343 825808 810017 739217 655317 534609 550920 17031 926567 817671 554777 694322 891469 1 290227 406819 530513 661908 689507 722513 768455 399512 829424 340411 473389 194146 676276 101552 489306 556267 340658 825917 783000 250859 377337 776616 380293 810034 881562 711897 96952 115254 430760 126616 665513 465800 178148 401410 800866 554966 713335 824597 295162 816304 167200 868890 743629 520710 506413 504347 974368 529823 859820 584353
 519948 663306 222195 299769 376876 654511 403712 481858 444065 186899 272980 556597 78432 341127 685073 484954 787918 721961 422574 59672 360916 309054 310125 331298 137229 460294 304085 577569 525913 576541 402028 315056 263738 275516 652516 641769 368722 508451 601316 290227 1 488055 300284 447467 535338 438737 478540 361562 629506 61669 217818 261110 522420 209930 346323 382669 108678 537424 492990 169985 118985 521152 95530 638943 616771 455965 204698 250080 251642 356820 391437 231097 341366 479548 571745 266565 428092 643143 355965 590563 270419 664108 605924 434078 467859 411556 688815 560791 569788 361293
 771163 1009724 282259 624458 812532 834559 775081 793285 912587 429306 422908 913116 419435 161919 1126573 785588 1265054 1198704 609207 518173 784175 609784 597645 751375 605049 924269 770949 1052085 825597 1059891 878935 803106 701364 414722 883747 1128276 853903 995372 954684 406819 488055 1 787827 537020 1015817 868898 865071 775108 1117522 547204 500941 246653 1002578 463665 337474 865319 593635 934888 853228 582462 606527 992005 515256 1124659 1074356 928880 449868 506195 731011 528257 847728 462670 584850 806894 1055550 697471 853846 1130363 693648 1075125 561399 1151793 1082317 269173 197634 271705 978604 931394 944164 502786
 574863 543691 519538 359188 222570 686368 382359 495013 226725 415134 507278 495674 373994 640724 445346 465370 496767 432287 527299 273791 284043 419452 431418 236797 213624 212331 120936 295530 492192 297015 132338 25482 196292 513505 644661 350471 104939 218439 487701 530513 300284 787827 1 603115 267143 266318 360074 301268 330172 240650 386446 558678 256364 429361 591030 130266 201043 384898 403687 285653 181384 249753 289793 350233 359707 187775 433764 436992 119099 534722 183362 426019 479233 477026 274956 209299 267962 349270 400614 292607 415900 363968 343229 696631 746438 673894 621092 481580 439032 525975
 963519 523451 487164 251655 474306 297541 847727 929321 819490 264530 656480 998944 463034 510718 730703 303885 937151 876197 106956 409460 790475 751943 750666 414064 566017 608669 508352 741285 333655 893102 611120 628148 415799 654197 351815 930148 706418 809358 481336 661908 447467 537020 603115 1 868973 503994 443377 795660 883857 454525 236911 499923 858790 624314 204961 730050 517836 509483 406518 616844 490341 680296 369217 934270 716010 636215 613309 674845 635768 768654 535394 216371 774253 926716 783681 403790 486645 923497 803423 805146 708393 903632 945108 277213 359367 268281 461219 999723 491926 86404
 576905 713328 735456 621516 440199 923085 383640 482097 122202 676945 665284 412137 597060 858962 504133 698662 415290 371559 788835 524764 296393 512149 527804 478899 410783 346605 366649 312367 717019 51301 289836 242997 455787 673292 868065 133673 170208 81862 669414 689507 535338 1015817 267143 868973 1 455991 561310 316325 177726 483766 653070 773328 13380 592482 853457 152916 426690 556963 613459 446214 425388 319436 548262 123104 411818 303810 602065 577025 285217 645462 379105 691816 573117 455829 235369 468454 466166 145304 450421 233058 534553 217493 76167 955813 999565 932964 816100 383952 616661 792908
 835374 277621 647813 268906 61908 475211 647397 759217 469819 440828 702426 760945 515153 751573 257676 254956 434114 372303 401786 384012 550235 661627 671097 117541 427493 118425 159537 240011 265458 458906 168191 284968 176264 706534 413533 468078 348701 377446 223382 722513 438737 868898 266318 503994 455991 1 105324 567091 405642 382899 374698 684061 450862 629287 584363 374009 388423 118803 158093 509880 347799 182297 368173 476699 216572 157932 628784 652873 378421 759447 84509 417502 716342 742238 295003 176221 17411 456739 657512 315398 646497 416328 524336 696743 766806 676601 364083 745384 173219 454308
 916588 191671 670408 241677 137687 374220 735028 845001 571949 437701 750279 855534 549931 763200 287546 161839 502004 445494 336913 419837 641013 732346 740320 151360 494341 220717 243220 328345 164292 563782 272935 381008 221409 753361 309004 570060 449294 482683 131180 768455 478540 865071 360074 443377 561310 105324 1 656673 504677 429875 364251 703988 556127 681419 556859 475045 449541 70621 54126 576446 406924 276884 394705 579309 279444 261866 678894 711152 464883 819468 186139 402869 783409 829694 392082 215163 96279 557971 737223 411503 711699 511825 629507 666579 742042 648287 261937 841627 91533 408861
 282492 843691 496763 591769 519391 949197 82462 195769 194560 545791 376463 208251 388588 613190 727592 740148 710668 656202 748640 387516 20977 201377 217296 518811 230304 505401 413456 550457 772824 367576 423737 285406 459479 385080 921526 449995 246562 349827 786393 399512 361562 775108 301268 795660 316325 567091 656673 1 483402 341535 558760 529379 304359 315348 707158 231228 277882 685852 695986 202612 308804 523665 426723 439115 635556 472350 328098 284392 192490 334208 484623 583249 259738 176130 496061 471103 567667 461053 134111 504394 233614 524617 355851 788305 809798 766434 914134 204664 738966 709720
 752489 619851 845628 632609 414884 878871 556028 658031 290929 736442 805214 589422 701004 968134 365377 660590 237962 199127 790514 603521 462675 670103 685210 470681 525483 287508 381768 189653 668810 134378 273156 314482 473796 812621 810991 78643 275103 136632 587613 829424 629506 1117522 330172 883857 177726 405642 504677 483402 1 570637 695685 884634 186458 728880 908957 273635 525955 478717 558774 579051 511074 228657 616455 93392 282860 251822 736444 722049 401215 801457 351099 738337 732321 632125 113528 484470 420467 61420 616520 96581 685638 41222 192525 1018070 1072539 995633 735770 560683 536239 818040
 531688 617902 283858 274554 321021 635948 394445 483307 399541 208356 321214 544644 139654 402305 625846 452308 726290 660313 415161 46705 337455 325648 329629 279930 111495 399400 243564 515909 491835 523028 340366 256733 210598 324785 625921 585723 314969 452278 555868 340411 61669 547204 240650 454525 483766 382899 429875 341535 570637 1 217927 322752 471113 251615 379925 330888 65716 485702 448842 172198 59831 459635 85310 583574 556088 394403 249078 284239 204972 392831 331831 241950 366692 477519 510611 215141 373202 586363 359017 529591 294031 604598 556050 475522 515880 452720 651948 545239 521407 368386
 737762 519658 329969 126056 323732 443859 612029 697228 591414 75777 462230 762570 252455 405290 630772 307429 795061 729776 205390 173696 553617 526783 527441 259332 329343 449864 314842 584683 349880 683081 426772 410123 226293 462097 453954 730603 485138 602308 461217 473389 217818 500941 386446 236911 653070 374698 364251 558760 695685 217927 1 357533 641856 414534 216074 506984 280926 433951 355742 383903 254427 522106 132748 732354 588089 465695 405875 460895 402682 563050 371003 43939 556472 693147 608613 217992 358573 726690 571663 629910 486891 721813 728897 328119 393607 306698 513871 762914 445483 151268
 557830 873511 39142 480589 623497 776871 534112 564593 667373 283175 201619 677486 184763 85877 937574 664951 1049028 983065 531072 304872 537924 374716 364426 569233 363401 718696 562232 838465 707386 818739 662963 571167 508388 195160 802554 889739 615304 757992 813471 194146 261110 246653 558678 499923 773328 684061 703988 529379 884634 322752 357533 1 760007 223169 309447 624791 358870 769602 705455 335912 378943 781418 315892 885190 874120 716441 208846 270830 490207 320209 646803 334676 361119 574985 832100 507842 671232 892986 455880 850582 324690 920681 838147 327761 313036 312432 871059 693310 791561 432131
 566828 710475 722154 611916 433464 916256 372605 472136 109934 665001 652049 404747 583888 845652 506006 691814 423335 378216 779440 512318 284303 499543 515173 470876 397534 342983 357848 314094 710803 63811 283921 231976 446324 660046 862182 145771 158147 80979 665743 676276 522420 1002578 256364 858790 13380 450862 556127 304359 186458 471113 641856 760007 1 579172 841507 140225 413757 553380 607959 432844 412870 318522 536158 135665 413199 300213 588733 563885 272089 632801 372979 680378 560627 446024 238388 459049 460655 156789 438469 237249 521604 226712 87043 943562 986960 920711 812003 377074 613036 782310
 351246 869356 197418 508789 567978 857882 311745 344737 476546 362214 77956 454425 163113 302627 860334 694834 923450 860129 618669 269130 326911 152928 144321 531017 216111 626684 478684 724807 735842 641592 555193 433124 461220 84530 860667 719077 453960 594269 807308 101552 209930 463665 429361 624314 592482 629287 681419 315348 728880 251615 414534 223169 579172 1 473780 456220 243065 736034 699864 149854 281813 676307 304831 711903 782171 611834 14444 53011 329420 148664 568907 415438 153392 353286 699315 466435 621039 725495 232730 714767 102509 768139 649249 526279 527852 507103 898626 470190 772949 541801
 824513 681940 305014 318171 537078 500584 742925 806706 778315 176512 488723 896068 328417 308397 836165 455607 1010158 945149 272032 334408 707144 617905 613101 472183 482536 665437 529870 800498 493852 887437 642179 613074 442340 484763 546423 940003 683362 809295 630314 489306 346323 337474 591030 204961 853457 584363 556859 707158 908957 379925 216074 309447 841507 473780 1 702768 444800 627426 535558 509049 432941 737875 305794 940701 800085 681767 460757 526695 583953 606999 586647 172254 627149 809359 824268 434036 567584 937189 683287 845499 569662 936270 928112 112615 185212 92279 642537 903059 626841 166252
 513414 649263 586454 488804 340782 814491 312309 424085 98146 526392 532020 396363 445973 710015 499827 592009 486135 428612 656864 372275 210577 400691 415297 364077 261392 289131 247245 319370 616664 194602 211243 104837 326558 539539 769468 265710 26227 138068 597207 556267 382669 865319 130266 730050 152916 374009 475045 231228 273635 330888 506984 624791 140225 456220 702768 1 274112 488595 522490 306719 272739 296023 397048 260503 406701 251213 464326 448421 134601 530028 289799 544151 463156 401680 266511 339565 379434 270480 356536 276630 412959 313727 225744 803859 846739 781005 736859 376950 546152 650958
 484291 640644 319798 324054 327954 686222 334854 429048 336920 274055 318897 483011 175131 442191 617685 492272 696559 631440 473331 112400 272852 285864 292442 298301 51736 384991 235643 490624 529893 468247 316980 212349 228590 324005 669973 534734 260797 401737 579093 340658 108678 593635 201043 517836 426690 388423 449541 277882 525955 65716 280926 358870 413757 243065 444800 274112 1 498945 475237 128453 42856 438377 149514 531445 541370 373153 244347 264482 143304 371595 325852 306934 334203 421177 475905 236356 381337 536737 307383 493649 262208 561814 497305 538415 575545 515689 685601 482261 540326 432022
 953664 160669 735291 312134 172812 410360 766199 877979 582607 506811 806915 878667 610881 830693 222112 216394 447883 395401 402594 479764 668908 776984 785923 206180 540791 210404 276942 293383 207274 552989 278467 402988 275114 810431 335133 549112 463857 475971 112491 825917 537424 934888 384898 509483 556963 118803 70621 685852 478717 485702 433951 769602 553380 736034 627426 488595 498945 1 104652 623328 457089 251113 457370 559833 228272 253191 734403 762884 497096 870490 201978 473044 830402 861041 365221 271045 120271 535473 775423 382818 759680 480508 620650 736980 812620 718785 260293 862455 59713 478277
 950000 170591 673558 229862 181981 320173 772863 881366 620016 431037 765957 897501 560726 759914 326663 112422 549843 495046 299569 433446 681117 760471 767575 179915 522333 274621 284181 381488 110457 616994 324184 425713 247405 768476 255461 624130 496509 535412 108945 783000 492990 853228 403687 406518 613459 158093 54126 695986 558774 448842 355742 705455 607959 699864 535558 522490 475237 104652 1 603421 432382 330837 404279 633314 328107 315488 696292 732646 503533 841267 236007 391038 809250 867127 446101 238927 147310 612082 770386 465435 736921 565633 682356 642822 720423 625619 218225 884760 91424 380521
 359625 767915 300635 446175 450948 808017 234689 313325 334094 356732 226798 387930 186123 421486 725919 619467 775631 712988 585614 211262 207059 157426 164165 425611 82540 490976 352343 580589 657619 494408 415429 286725 356330 233939 795798 570674 304107 444683 706578 250859 169985 582462 285653 616844 446214 509880 576446 202612 579051 172198 383903 335912 432844 149854 509049 306719 128453 623328 603421 1 171217 535104 252890 564003 643702 471907 157609 151340 180068 251994 440923 400601 207173 309873 551260 364495 504245 576593 187896 566194 136620 618286 506488 586441 607273 564761 814009 394016 666711 530514
 525558 597910 339849 286021 286864 647469 370547 467930 345452 258098 356285 516039 194335 459935 581505 450683 670856 605160 439849 99647 301646 328579 335273 255622 92213 350815 198113 462079 487914 463869 286902 196964 185817 360940 629116 525958 255975 392517 536321 377337 118985 606527 181384 490341 425388 347799 406924 308804 511074 59831 254427 378943 412870 281813 432941 272739 42856 457089 432382 171217 1 407574 128744 523912 507695 342162 282029 305834 151608 413451 288208 284658 377026 458935 453196 193503 340159 526538 347748 471830 304957 545321 498350 531606 574270 508759 642995 513405 497828 405481
 805796 399111 742834 435222 206789 650991 605892 718687 374090 577436 753889 689422 599276 858034 204045 435316 274435 208421 580781 478074 503665 666865 679433 270174 460318 72872 221198 62662 441175 307334 121447 252809 297251 759703 582335 298006 277533 237764 361756 776616 521152 992005 249753 680296 319436 182297 276884 523665 228657 459635 522106 781418 318522 676307 737875 296023 438377 251113 330837 535104 407574 1 476786 308878 112350 65412 679668 686383 365088 784395 151271 566044 727545 697020 115395 304412 198555 284428 639548 134623 665439 235159 375997 850182 914147 828802 510277 667524 309609 623657
 610091 574859 279798 204260 307689 560223 479307 565900 473691 129813 364665 629872 156461 385535 622380 390176 749914 683568 332763 41629 422273 400798 402972 254019 196804 409782 255695 536873 431443 583712 364636 310268 192680 366453 556994 640255 378056 507828 513160 380293 95530 515256 289793 369217 548262 368173 394705 426723 616455 85310 132748 315892 536158 304831 305794 397048 149514 457370 404279 252890 128744 476786 1 639780 562443 413678 298881 345604 280322 452237 334663 157543 435965 561105 543994 191959 355470 638928 440759 564251 364385 647382 622569 407924 456790 385103 595014 630541 484876 283084
