NAME : domp50p12v7
COMMENT : Cherkesly, Contardo & Gruson 2022
TYPE : DOMP
DIMENSION : 50
DISPLAY_DATA_TYPE : NO_DISPLAY
OPEN_FACILITIES : 12
COST_SECTION
 1 1001828 488465 369811 253322 826637 365354 777898 623682 481894 533242 252852 292147 141201 713537 249207 566968 478109 242470 662563 663916 451084 108540 351664 781952 544419 850709 126095 111181 753665 461370 658967 524106 418108 560816 704240 133819 741117 371640 771142 325045 201654 661621 685743 101629 584802 127186 759236 117608 185431
 1001828 1 699309 1015808 1227907 426276 638394 249622 480732 687287 703878 772550 1156536 1010201 387955 1155187 579960 856401 819584 458468 884776 899040 1091972 796932 837271 512173 158912 1038371 898890 344762 875010 433062 595640 850008 553502 305073 964320 484192 703138 697272 986542 1027337 435512 517772 989211 527171 1087313 336033 914318 906282
 488465 699309 1 750213 739367 756444 341945 450461 219609 606896 49748 259988 763027 411463 318593 729762 122024 731179 246755 248025 889047 199767 596772 143527 950368 500256 543470 594150 444655 624265 730422 267580 105483 153367 145853 491791 548233 711190 138706 865953 308084 639663 585269 679292 416170 574610 613885 624207 370858 312588
 369811 1015808 750213 1 363702 697402 457111 853948 794499 334473 799927 493563 205022 509738 854764 244365 780378 199332 529003 830218 346924 784105 334591 646459 483868 504255 895291 257093 329796 689768 174801 811337 737569 737254 758311 717972 240212 604367 611742 528779 683832 174763 589419 548884 467324 494761 300022 697909 442320 519259
 253322 1227907 739367 363702 1 995113 591617 1016236 875125 623847 782677 504868 167946 347083 962587 119619 820284 546750 494983 914053 710215 676278 145693 599419 845853 738643 1082754 190323 334767 947959 523515 908809 777369 653874 813683 924211 265306 903451 624959 875949 529121 226858 849229 845936 327962 761122 141373 954705 369778 429082
 826637 426276 756444 697402 995113 1 499105 442345 599951 373548 787391 677269 879003 893494 565877 895572 675177 506282 740604 606586 480320 931067 885605 781941 413864 292927 402319 811554 715723 141704 529414 570916 661432 870715 638237 292773 738760 93314 680181 273456 951948 770248 179283 150325 857961 241870 868159 145495 782797 811851
 365354 638394 341945 457111 591617 499105 1 426973 337658 265673 388723 178575 541655 400907 400493 529821 334990 395472 242605 373114 547183 464918 453671 305390 612194 206586 491151 404204 260503 401462 398023 354816 295595 404362 307896 338888 332521 427976 217399 540336 456797 407613 321336 381874 370001 270200 450379 405800 292946 313204
 777898 249622 450461 853948 1016236 442345 426973 1 233682 553487 457700 536888 966070 771550 150761 956550 332657 727049 578735 216413 804944 650214 874918 548411 797219 366856 93324 830668 681868 306193 740786 187073 346252 600509 304626 168431 759486 452497 457018 668460 737764 832735 347533 458440 754140 413811 874896 300239 681590 665838
 623682 480732 219609 794499 875125 599951 337658 233682 1 561341 224019 370831 860146 584952 101103 838571 99244 718828 394182 38930 843749 418835 729510 334741 873885 402594 326994 703738 547059 459251 725428 47973 120347 372261 76010 311323 641645 576335 260773 765764 519291 727190 450153 559216 576846 473218 737718 456871 513101 478197
 481894 687287 606896 334473 623847 373548 265673 553487 561341 1 652744 414998 506039 578171 592378 522119 585046 173970 476864 589661 285563 723041 523538 563127 348301 186836 578976 445055 376815 355439 189647 561924 550255 663728 552986 399973 375600 280760 482121 296716 688230 397724 255574 223312 536756 161192 502349 363646 470380 522537
 533242 703878 49748 799927 782677 787391 388723 457700 224019 652744 1 309151 810562 449536 317429 776383 125463 779686 292929 246173 935865 202075 641187 183574 994532 539450 551011 641190 492978 652519 779263 271093 126382 168134 157773 514963 596664 746238 188449 907066 330059 688159 619415 716665 457277 614020 659353 651897 415778 354180
 252852 772550 259988 493563 504868 677269 178575 536888 370831 414998 309151 1 506962 238242 461651 477817 318320 501817 64501 409713 676165 313397 359176 158545 761381 385115 616438 341338 186936 574155 496316 406660 274603 257416 309139 490447 289567 606382 126117 705566 279775 380623 498832 559309 217359 447809 369482 577737 145533 139096
 292147 1156536 763027 205022 167946 879003 541655 966070 860146 506039 810562 506962 1 424689 936858 55368 822750 399729 518411 898453 550792 743199 204554 634886 688504 649220 1021657 170602 320039 851177 375473 886796 778690 708642 808828 851888 219275 785818 633070 731120 613192 134185 750232 728702 391162 657380 171953 858688 401661 475656
 141201 1010201 411463 509738 347083 893494 400907 771550 584952 578171 449536 238242 424689 1 682524 376524 510917 602512 193490 622490 788892 329387 223175 267939 899620 601758 853368 265636 207877 802353 588084 626475 471978 308224 513818 727746 270585 814519 324344 874102 188732 342844 719217 762336 44175 654448 253061 806702 110957 107025
 713537 387955 318593 854764 962587 565877 400493 150761 101103 592378 317429 461651 936858 682524 1 918989 196674 758899 490266 71299 866200 516382 817514 435654 880463 417027 241000 786096 630514 424507 768376 56069 221428 471840 177058 273655 720619 557876 358314 762123 620340 802878 437847 550803 672363 480401 823390 420384 606058 575531
 249207 1155187 729762 244365 119619 895572 529821 956550 838571 522119 776383 477817 55368 376524 918989 1 795730 431264 483457 877219 591171 699299 153925 597803 727403 653389 1016205 136484 292571 859193 407574 867551 751804 667311 783924 850116 198620 802878 603344 762062 565250 128843 758866 745420 345282 667711 123963 866405 362959 434480
 566968 579960 122024 780378 820284 675177 334990 332657 99244 585046 125463 318320 822750 510917 196674 795730 1 729539 327609 126004 870589 320088 675001 249338 915001 447619 425978 659335 503548 537248 732872 146962 44068 275382 37054 394956 603678 641577 195331 816819 427334 692914 514061 617484 508373 521517 687278 535912 451665 406201
 478109 856401 731179 199332 546750 506282 395472 727049 718828 173970 779686 501817 399729 602512 758899 431264 729539 1 554897 749887 186435 814487 482535 659812 307307 360732 752514 398671 395954 517427 24533 724519 690944 759233 700577 573654 347932 414563 596446 331453 748285 327798 421213 361681 558394 329571 452897 525980 508465 576269
 242470 819584 246755 529003 494983 740604 242605 578735 394182 476864 292929 64501 518411 193490 490266 483457 327609 554897 1 432336 732650 260722 350999 118869 821784 448930 661911 348503 205245 635025 547686 434321 286037 209212 325658 545134 308381 670564 134054 768923 215307 399634 561838 623744 182699 512207 367187 638319 125209 87105
 662563 458468 248025 830218 914053 606586 373114 216413 38930 589661 246173 409713 898453 622490 71299 877219 126004 749887 432336 1 870182 445219 768435 369479 895531 425285 308757 742500 585853 465035 757219 35684 154200 401385 110147 314740 680115 588763 298643 783879 551872 765338 464204 575141 615033 493993 776629 461960 551760 515892
 663916 884776 889047 346924 710215 480320 547183 804944 843749 285563 935865 676165 550792 788892 866200 591171 870589 186435 732650 870182 1 989487 661977 831911 139177 449285 809711 578559 582026 541394 202638 840696 835713 932398 838341 639003 532555 403373 759654 228492 931543 502890 463670 367279 744789 391648 630549 550036 693673 759775
 451084 899040 199767 784105 676278 931067 464918 650214 418835 723041 202075 313397 743199 329387 516382 699299 320088 814487 260722 445219 989487 1 549087 160086 1071180 655362 743175 574738 454653 805762 807970 466776 304474 61082 345619 682271 552250 875651 253545 1005253 157347 639950 754231 836813 354602 726839 575559 806715 347167 269929
 108540 1091972 596772 334591 145693 885605 453671 874918 729510 523538 641187 359176 204554 223175 817514 153925 675001 482535 350999 768435 661977 549087 1 458904 789734 615212 944063 83867 193548 825788 462136 763518 631952 520625 668039 790338 147987 796397 479730 798082 411750 161343 729646 739490 194582 646152 35664 832015 226004 290302
 351664 796932 143527 646459 599419 781941 305390 548411 334741 563127 183574 158545 634886 267939 435654 597803 249338 659812 118869 369479 831911 160086 458904 1 911358 500031 638124 464407 324099 662491 654724 380474 215284 100767 259432 550482 427069 721940 103041 845590 189707 518168 603410 680931 273750 570129 478532 664297 235044 170621
 781952 837271 950368 483868 845853 413864 612194 797219 873885 348301 994532 761381 688504 899620 880463 727403 915001 307307 821784 895531 139177 1071180 789734 911358 1 471348 785853 705887 691776 506699 327736 863246 884537 1011999 880372 628833 654132 356712 829471 140425 1029028 633350 449964 339176 856006 401608 759671 514740 798675 859344
 544419 512173 500256 504255 738643 292927 206586 366856 402594 186836 539450 385115 649220 601758 417027 653389 447619 360732 448930 425285 449285 655362 615212 500031 471348 1 394139 549051 433432 210584 375504 394042 421107 594299 411933 215218 474042 222751 401820 369415 662105 524547 117960 181505 567429 74593 603029 216833 491480 518937
 850709 158912 543470 895291 1082754 402319 491151 93324 326994 578976 551011 616438 1021657 853368 241000 1016205 425978 752514 661911 308757 809711 743175 944063 638124 785853 394139 1 894679 750520 280038 768582 280233 438940 692910 397697 179087 821756 431085 544289 651007 827775 889964 346076 448604 833614 426749 941530 272419 759494 748800
 126095 1038371 594150 257093 190323 811554 404204 830668 703738 445055 641190 341338 170602 265636 786096 136484 659335 398671 348503 742500 578559 574738 83867 464407 705887 549051 894679 1 156783 758900 378336 733896 615437 538588 647935 734270 75083 721143 466883 715361 451113 82421 660892 663881 227624 574466 57349 765506 231154 305883
 111181 898890 444655 329796 334767 715723 260503 681868 547059 376815 492978 186936 320039 207877 630514 292571 503548 395954 205245 585853 582026 454653 193548 324099 691776 433432 750520 156783 1 643008 382691 577814 459551 409673 491357 598397 103752 630758 313052 670207 359455 195287 550502 575752 164251 473857 193831 648687 115540 190457
 753665 344762 624265 689768 947959 141704 401462 306193 459251 355439 652519 574155 851177 802353 424507 859193 537248 517427 635025 465035 541394 805762 825788 662491 506699 210584 280038 758900 643008 1 537521 429355 526154 746358 500530 151108 684011 151048 559554 370989 840183 730629 101103 174243 770605 195390 813287 8734 693765 712388
 461370 875010 730422 174801 523515 529414 398023 740786 725428 189647 779263 496316 375473 588084 768376 407574 732872 24533 547686 757219 202638 807970 462136 654724 327736 375504 768582 378336 382691 537521 1 732653 693572 753530 704708 589541 329969 437396 594559 355650 737576 306007 440396 383983 543915 347849 431938 546025 496323 565604
 658967 433062 267580 811337 908809 570916 354816 187073 47973 561924 271093 406660 886796 626475 56069 867551 146962 724519 434321 35684 840696 466776 763518 380474 863246 394042 280233 733896 577814 429355 732653 1 167412 420152 123345 279071 669551 553693 302246 750206 566182 753102 429558 540897 616533 461643 770115 426277 550682 519489
 524106 595640 105483 737569 777369 661432 295595 346252 120347 550255 126382 274603 778690 471978 221428 751804 44068 690944 286037 154200 835713 304474 631952 215284 884537 421107 438940 615437 459551 526154 693572 167412 1 254414 44388 389315 559611 622428 152743 790400 398950 648863 495178 595103 467736 495559 643805 525516 409376 366366
 418108 850008 153367 737254 653874 870715 404362 600509 372261 663728 168134 257416 708642 308224 471840 667311 275382 759233 209212 401385 932398 61082 520625 100767 1011999 594299 692910 538588 409673 746358 753530 420152 254414 1 297270 625095 510022 814714 192490 944666 163015 599507 693583 775741 326934 665760 544643 747474 307902 233048
 560816 553502 145853 758311 813683 638237 307896 304626 76010 552986 157773 309139 808828 513818 177058 783924 37054 700577 325658 110147 838341 345619 668039 259432 880372 411933 397697 647935 491357 500530 704708 123345 44388 297270 1 359078 589557 604587 191621 780880 443291 677584 477074 580813 508083 485606 678509 499283 447506 407656
 704240 305073 491791 717972 924211 292773 338888 168431 311323 399973 514963 490447 851888 727746 273655 850116 394956 573654 545134 314740 639003 682271 790338 550482 628833 215218 179087 734270 598397 151108 589541 279071 389315 625095 359078 1 659914 288059 448460 501093 736239 722296 179117 290311 701928 250334 784160 147488 625329 628846
 133819 964320 548233 240212 265306 738760 332521 759486 641645 375600 596664 289567 219275 270585 720619 198620 603678 347932 308381 680115 532555 552250 147987 427069 654132 474042 821756 75083 103752 684011 329969 669551 559611 510022 589557 659914 1 649004 415516 653562 444184 91535 586260 591954 227569 500567 129804 690577 205704 283341
 741117 484192 711190 604367 903451 93314 427976 452497 576335 280760 746238 606382 785818 814519 557876 802878 641577 414563 670564 588763 403373 875651 796397 721940 356712 222751 431085 721143 630758 151048 437396 553693 622428 814714 604587 288059 649004 1 622400 219975 884481 678050 127519 57536 777522 160241 777996 158753 703565 737575
 371640 703138 138706 611742 624959 680181 217399 457018 260773 482121 188449 126117 633070 324344 358314 603344 195331 596446 134054 298643 759654 253545 479730 103041 829471 401820 544289 466883 313052 559554 594559 302246 152743 192490 191621 448460 415516 622400 1 755464 288345 506356 502179 583283 316630 473519 492614 561305 256637 217466
 771142 697272 865953 528779 875949 273456 540336 668460 765764 296716 907066 705566 731120 874102 762123 762062 816819 331453 768923 783879 228492 1005253 798082 845590 140425 369415 651007 715361 670207 370989 355650 750206 790400 944666 780880 501093 653562 219975 755464 1 982482 652419 325026 211813 832162 295303 771937 378728 766956 818690
 325045 986542 308084 683832 529121 951948 456797 737764 519291 688230 330059 279775 613192 188732 620340 565250 427334 748285 215307 551872 931543 157347 411750 189707 1029028 662105 827775 451113 359455 840183 737576 566182 398950 163015 443291 736239 444184 884481 288345 982482 1 524617 772698 838552 223510 726915 441754 842730 243934 172024
 201654 1027337 639663 174763 226858 770248 407613 832735 727190 397724 688159 380623 134185 342844 802878 128843 692914 327798 399634 765338 502890 639950 161343 518168 633350 524547 889964 82421 195287 730629 306007 753102 648863 599507 677584 722296 91535 678050 506356 652419 524617 1 630472 620516 302548 539867 128180 737791 292806 370098
 661621 435512 585269 589419 849229 179283 321336 347533 450153 255574 619415 498832 750232 719217 437847 758866 514061 421213 561838 464204 463670 754231 729646 603410 449964 117960 346076 660892 550502 101103 440396 429558 495178 693583 477074 179117 586260 127519 502179 325026 772698 630472 1 113226 685251 94663 715886 108903 609149 634530
 685743 517772 679292 548884 845936 150325 381874 458440 559216 223312 716665 559309 728702 762336 550803 745420 617484 361681 623744 575141 367279 836813 739490 680931 339176 181505 448604 663881 575752 174243 383983 540897 595103 775741 580813 290311 591954 57536 583283 211813 838552 620516 113226 1 724620 111678 720795 182846 651420 688106
 101629 989211 416170 467324 327962 857961 370001 754140 576846 536756 457277 217359 391162 44175 672363 345282 508373 558394 182699 615033 744789 354602 194582 273750 856006 567429 833614 227624 164251 770605 543915 616533 467736 326934 508083 701928 227569 777522 316630 832162 223510 302548 685251 724620 1 617797 221336 775248 77092 103624
 584802 527171 574610 494761 761122 241870 270200 413811 473218 161192 614020 447809 657380 654448 480401 667711 521517 329571 512207 493993 391648 726839 646152 570129 401608 74593 426749 574466 473857 195390 347849 461643 495559 665760 485606 250334 500567 160241 473519 295303 726915 539867 94663 111678 617797 1 630357 203376 543508 577642
 127186 1087313 613885 300022 141373 868159 450379 874896 737718 502349 659353 369482 171953 253061 823390 123963 687278 452897 367187 776629 630549 575559 35664 478532 759671 603029 941530 57349 193831 813287 431938 770115 643805 544643 678509 784160 129804 777996 492614 771937 441754 128180 715886 720795 221336 630357 1 819758 243711 312440
 759236 336033 624207 697909 954705 145495 405800 300239 456871 363646 651897 577737 858688 806702 420384 866405 535912 525980 638319 461960 550036 806715 832015 664297 514740 216833 272419 765506 648687 8734 546025 426277 525516 747474 499283 147488 690577 158753 561305 378728 842730 737791 108903 182846 775248 203376 819758 1 698348 716150
 117608 914318 370858 442320 369778 782797 292946 681590 513101 470380 415778 145533 401661 110957 606058 362959 451665 508465 125209 551760 693673 347167 226004 235044 798675 491480 759494 231154 115540 693765 496323 550682 409376 307902 447506 625329 205704 703565 256637 766956 243934 292806 609149 651420 77092 543508 243711 698348 1 77640
 185431 906282 312588 519259 429082 811851 313204 665838 478197 522537 354180 139096 475656 107025 575531 434480 406201 576269 87105 515892 759775 269929 290302 170621 859344 518937 748800 305883 190457 712388 565604 519489 366366 233048 407656 628846 283341 737575 217466 818690 172024 370098 634530 688106 103624 577642 312440 716150 77640 1
LAMBDA_SECTION
1 520
2 269
3 487
4 842
5 802
6 311
7 681
8 396
9 333
10 264
11 657
12 738
13 605
14 774
15 606
16 24
17 59
18 344
19 659
20 593
21 16
22 656
23 282
24 883
25 762
26 553
27 75
28 834
29 239
30 532
31 126
32 53
33 35
34 494
35 862
36 391
37 182
38 758
39 397
40 494
41 871
42 270
43 539
44 209
45 244
46 167
47 287
48 730
49 665
50 586
