NAME : domp80p20v6
COMMENT : Cherkesly, Contardo & Gruson 2022
TYPE : DOMP
DIMENSION : 80
DISPLAY_DATA_TYPE : NO_DISPLAY
OPEN_FACILITIES : 20
COST_SECTION
 1 140260 378730 288293 562223 121608 308942 446242 499000 212224 231384 775494 132583 580104 201006 496988 534287 458081 424458 524220 55472 544981 715663 467419 472284 304309 373636 316071 680631 492747 71037 272007 456716 488978 596073 523357 611866 368057 325832 415329 437130 632689 216628 398124 335023 663430 655772 507423 385159 588597 173323 474481 732783 134559 16734 440614 519113 275875 391408 627486 584955 489308 375292 300796 558670 441237 270595 681482 165254 817685 343996 415179 605410 69954 627848 397299 265163 481739 709565 281556
 140260 1 239763 161358 640018 147172 443694 577692 639258 348950 310596 911334 235225 720217 284967 613499 588018 561983 437443 661195 106242 684668 727653 444771 606960 194355 511091 453250 796255 601697 193719 364133 555106 527362 591255 660472 678312 473381 192349 372016 571169 762318 105684 466729 428715 759813 782659 581118 248846 607349 253994 539186 769369 255264 150154 533974 659188 302322 251264 728979 723672 565610 447833 388499 698618 462632 386169 703450 96462 952473 320110 470305 744640 135783 713477 261715 404867 543732 839479 420970
 378730 239763 1 167122 785663 338618 683155 815789 876356 588712 491719 1150746 447322 958459 505735 842599 761530 746524 579117 900916 344678 923705 841214 538453 846202 219448 750854 693012 1022862 825474 422405 550320 771751 688439 691838 900208 860938 664569 131748 449038 810257 998995 185246 662399 646335 970045 1017604 775191 32064 738438 476105 674905 913251 476959 386705 747251 897565 479849 31729 944421 955122 762836 602861 567366 937273 610924 593955 832002 248489 1191493 438711 653325 984057 370537 914468 43367 640192 728374 1076134 660229
 288293 161358 167122 1 795962 305639 565133 688673 778213 477949 470403 1027158 396252 855164 361753 698849 595286 723183 412055 783113 238773 816566 678686 376948 723982 58232 637001 579807 874912 676769 350761 524938 618570 521496 530858 782805 695490 634717 45410 289403 687556 865804 195056 501340 495775 811764 880551 612567 194259 572691 334690 691918 746802 414080 301640 592421 794192 317203 156685 788928 870918 601212 604265 548632 832176 443803 546861 666968 233291 1065093 272038 489158 873597 252929 752977 208016 550394 563929 942304 555162
 562223 640018 785663 795962 1 492872 600007 689392 547588 560564 333696 855733 429677 613831 708511 813523 1017962 163558 965827 669950 614786 618362 1242455 1025750 672116 834347 592188 577181 953505 843549 492983 290826 854109 999927 1142109 667215 1061873 223504 815548 977545 660677 822899 615527 877450 780052 1023140 862268 957173 768930 1114488 694541 112085 1226406 436786 545572 856690 585142 821021 814068 975162 508767 936570 192188 261522 613337 974574 321206 1198473 564333 903431 904923 912767 668833 631283 1027841 772460 467653 958347 876137 534731
 121608 147172 338618 305639 492872 1 399946 539623 555669 303398 164910 855293 110133 640954 322614 605486 655294 419769 536321 603795 150312 611315 829168 566049 558951 341526 455137 400495 788046 605835 108323 220693 574340 607712 703313 602496 733468 333061 330628 502844 525919 726129 153842 519710 454846 780476 752712 628884 334964 703424 294728 393014 852048 144647 112995 559699 581644 389311 359761 742892 622841 610646 300684 243248 622196 555735 255595 797555 90188 899798 440068 535971 674064 180746 747691 344353 320299 603206 801806 357819
 308942 443694 683155 565133 600007 399946 1 139681 232664 97527 380760 467641 315006 297088 231762 227119 437016 442235 454280 218611 338587 255223 682437 553604 163464 558896 73665 27920 399268 247500 291623 369510 254579 441641 618575 218132 465536 379281 608672 551436 128200 326386 525122 308530 206346 431164 352935 364569 692217 561633 246711 562624 641093 275072 305284 259969 238195 352344 692277 385350 347959 344250 473618 393980 272612 447556 298540 630821 469879 509055 471164 353278 309274 315341 428365 704784 134608 377936 402536 66022
 446242 577692 815789 688673 689392 539623 139681 1 200410 236821 511041 338583 452651 224805 334490 131074 428915 526233 504258 111057 471611 179965 681933 614868 47138 675864 101209 142658 271753 173738 431301 492107 219240 458770 648197 112224 425170 479710 733277 631147 29935 186903 662854 331837 246973 337697 213542 342467 826519 573863 357119 669114 614516 412349 443589 240095 182745 436562 823012 288921 320296 325130 588077 513482 200109 488558 415231 625636 608731 376773 555074 379699 212998 445441 358333 839398 252575 376542 263451 190896
 499000 639258 876356 778213 547588 555669 232664 200410 1 302262 467665 325943 449084 86478 463859 327444 626496 387378 679309 129485 541337 72021 879308 783071 160296 779361 162424 209354 420500 373218 456297 428144 418560 649403 835223 126612 625472 371197 819522 784003 173174 277969 701917 517950 421971 523151 318153 541643 880020 767204 476675 555468 814900 411377 489882 437301 37701 584871 890255 474632 121927 523683 495648 439405 72968 668650 348222 823762 640209 374133 703819 565437 131114 525390 554263 891238 236933 571996 328604 223628
 212224 348950 588712 477949 560564 303398 97527 236821 302262 1 301706 563310 224586 377255 179497 309489 457456 413321 431507 312367 245340 338839 688424 517794 260264 477157 162149 104300 488648 319437 195207 301526 307447 444334 604791 311594 505173 337214 520339 500870 225497 423697 427907 317696 219530 502440 449413 398836 596707 562297 183339 507497 665857 186181 207962 303573 316352 306793 599089 459614 405172 378299 412171 329076 354237 432141 242372 641419 372357 605488 419699 355593 397088 225318 487022 609074 108014 397798 499995 79004
 231384 310596 491719 470403 333696 164910 380760 511041 467665 301706 1 788383 101844 553807 402449 606766 732920 256397 649332 546527 282135 533339 936099 698578 516598 504342 412828 369781 779270 620601 165839 58678 607598 700251 823645 544590 795525 172883 495289 645760 489777 687791 308026 591092 505762 804046 720482 688207 482851 807847 382309 243144 938905 124270 215080 600834 499997 501230 515886 760714 508389 668221 144077 78360 539667 662613 122433 897530 248041 835555 575371 618348 596352 301274 787204 490123 259936 675649 758486 320697
 775494 911334 1150746 1027158 855733 855293 467641 338583 325943 563310 788383 1 755794 245706 671775 368679 674715 702703 805885 251973 806093 256144 909153 921078 304638 1014118 402395 459545 293368 413554 749022 752365 484994 731339 919357 253101 622635 696038 1071662 951799 340790 180968 990246 626844 566097 447863 191771 586743 1159764 828726 695358 876659 805156 715895 770522 514975 290496 765183 1159362 414723 349532 577382 821222 764863 253136 783026 671825 850712 932519 48368 880345 671070 194856 781725 517376 1172249 538785 639534 128516 498179
 132583 235225 447322 396252 429677 110133 315006 452651 449084 224586 101844 755794 1 535011 302417 534059 635250 330328 547492 506113 186054 507411 834664 598041 466385 422894 361215 310305 712624 542057 64254 139525 521731 599972 721853 504585 701762 240580 426985 547873 435508 636572 263451 494063 413168 723146 665933 594684 444754 706493 281205 344110 840011 40491 115907 512192 476635 399403 467195 681901 512911 575063 244120 168215 517219 560952 151131 796695 199726 801330 475764 519335 570587 201711 700315 454337 217185 578839 710633 263874
 580104 720217 958459 855164 613831 640954 297088 224805 86478 377255 553807 245706 535011 1 527896 335097 651066 458044 725806 120153 620271 45186 903518 833917 177932 853300 223481 277701 388831 384617 540244 513287 440606 683550 872944 117955 636249 450887 897299 842292 204822 235624 785899 556141 466913 510900 275595 562913 963013 798092 543795 631034 827799 496969 571759 463576 61108 643824 971472 464160 125681 546713 576557 523500 25351 711771 433786 846451 724655 294063 763420 604040 55672 602346 553575 974452 321178 600369 269992 300456
 201006 284967 505735 361753 708511 322614 231762 334490 463859 179497 402449 671775 302417 527896 1 337915 335209 574779 259465 437474 188822 484955 535842 338785 374507 343004 304753 254585 517131 319909 242598 425058 270198 297803 435607 437694 410878 490861 407106 323198 338627 505347 387540 197209 143753 475065 518940 306925 522367 407458 31005 637862 537921 279868 210925 249226 469746 127297 507207 444106 575776 289258 537693 455115 503070 266115 388811 495429 351896 707457 242111 217498 535065 154338 431958 536212 286114 281222 581387 252150
 496988 613499 842599 698849 813523 605486 227119 131074 327444 309489 606766 368679 534059 335097 337915 1 322114 651369 437208 215041 508948 293414 571736 552423 167171 675456 221494 243174 183691 50424 499703 596571 117689 367796 558367 217349 301383 598505 744257 586070 160938 188080 709179 258174 207949 209670 189419 232374 857812 474160 366764 785640 492780 495538 498597 146861 304558 407917 844965 161685 443692 218632 699338 620697 312749 414739 524307 513950 662127 394333 517949 302627 307349 477730 227577 871439 359175 277905 256655 291343
 534287 588018 761530 595286 1017962 655294 437016 428915 626496 457456 732920 674715 635250 651066 335209 322114 1 869033 197263 531679 511653 607216 253037 296870 474348 549736 480023 464353 405824 271839 577283 748241 210462 81679 246982 533649 103736 794669 636077 366778 453946 496751 693498 142149 238340 274041 483326 89845 786296 154083 361119 959819 208499 608737 545354 189229 611604 287740 751671 280070 747979 104409 861377 777614 627217 163280 698266 197337 671346 690670 333969 119543 628269 477843 194983 800422 556214 59816 549911 495079
 458081 561983 746524 723183 163558 419769 442235 526233 387378 413321 256397 702703 330328 458044 574779 651369 869033 1 834242 507474 513346 458912 1101316 904797 508559 752797 429877 418183 789979 682780 387107 199106 696804 857362 1010304 504769 906977 90051 750254 866240 497375 660640 564018 730708 630755 861036 699754 803850 735877 974513 565215 178815 1076740 324059 441545 701271 425072 694618 771483 812855 362808 783294 165151 179241 455348 839483 190617 1054736 504437 750859 789426 768836 512094 522763 868189 742234 313364 809219 715774 378177
 424458 437443 579117 412055 965827 536321 454280 504258 679309 431507 649332 805885 547492 725806 259465 437208 197263 834242 1 615239 386010 680644 293045 115539 551132 361836 517842 481485 568890 393718 483788 678698 321899 116284 176402 616468 300970 749974 449810 170557 521189 625142 538807 179093 258946 458256 622111 248671 606051 169923 271287 890113 336838 531602 439106 291463 675025 148668 566068 452853 799191 247520 789647 708811 700526 34092 647626 266011 529977 830270 141514 135812 717107 357025 384145 619926 539505 189489 690359 494327
 524220 661195 900916 783113 669950 603795 218611 111057 129485 312367 546527 251973 506113 120153 437474 215041 531679 507474 615239 1 556737 78944 783805 725907 64850 774599 150639 208176 291050 264468 497171 516556 321340 566727 756977 2875 516343 479130 826917 740973 99165 153245 738413 441839 357962 398125 192322 443171 909058 679881 457565 667968 707813 465897 518857 345207 97181 545027 910617 350250 233068 427274 598611 532976 97833 599147 436018 726593 680546 296004 664104 489593 101942 533950 435899 921381 290422 481964 214800 246282
 55472 106242 344678 238773 614786 150312 338587 471611 541337 245340 282135 806093 186054 620271 188822 508948 511653 513346 386010 556737 1 583314 678872 420044 501526 250659 407258 349397 692193 499238 126245 325515 456231 459878 553874 556105 595254 423303 278594 363682 465586 656079 201288 381064 330868 662456 676513 493699 354935 553325 158247 524407 704388 190026 71828 437027 559164 239252 353917 629490 632158 476766 426179 353828 597995 405664 326066 647746 163198 846851 295061 392148 642292 34625 620777 367894 311628 462335 733241 319878
 544981 684668 923705 816566 618362 611315 255223 179965 72021 338839 533339 256144 507411 45186 484955 293414 607216 458912 680644 78944 583314 1 859902 788897 133301 813159 181597 237289 361016 342401 508467 496272 396787 638729 827956 76437 594797 442869 859156 797970 159638 212357 753653 511042 421767 475612 252823 519426 929248 753608 501633 627487 786124 468485 537398 419278 34770 599733 935847 428105 155300 502949 566875 508797 20145 666589 415808 803026 693232 304034 719335 558942 63355 564150 514792 940948 291082 556012 257989 263744
 715663 727653 841214 678686 1242455 829168 682437 681933 879308 688424 936099 909153 834664 903518 535842 571736 253037 1101316 293045 783805 678872 859902 1 302788 727233 622648 730437 710227 623663 521331 771929 960894 463161 244109 150760 785843 286799 1021698 709493 392572 706941 736804 826330 374695 477213 472287 717947 340636 870833 128402 553905 1173656 134368 815161 729775 442201 864637 440240 822737 496600 1000901 356998 1073403 990956 879854 274474 921371 58535 821590 919087 413077 333144 879014 649298 395014 883989 792844 307900 781318 736309
 467419 444771 538453 376948 1025750 566049 553604 614868 783071 517794 698578 921078 598041 833917 338785 552423 296870 904797 115539 725907 420044 788897 302788 1 661370 320278 620711 579898 682989 509234 533912 735164 437418 216326 153911 727005 397777 817501 406757 90114 630199 740442 536238 294253 368004 566957 737648 359909 568189 210375 341810 941716 386621 589103 483555 406955 781271 212358 520051 564808 901201 360644 842086 764853 808572 142629 714862 297810 541117 945757 126101 251327 827846 397466 490259 581283 624882 300467 805895 586876
 472284 606960 846202 723982 672116 558951 163464 47138 160296 260264 516598 304638 466385 177932 374507 167171 474348 508559 551132 64850 501526 133301 727233 661370 1 713599 105238 158534 281629 213661 451059 492558 264104 505638 695232 65747 466506 469219 768177 676151 36431 171328 688166 378972 293371 366170 204344 387115 855600 620307 395562 659279 656903 425895 468207 286051 138667 480435 854730 317332 277487 370242 582896 511850 153424 535643 413517 670626 632050 345602 599406 426832 166585 477137 394079 868205 256734 422739 244259 202591
 304309 194355 219448 58232 834347 341526 558896 675864 779361 477157 504342 1014118 422894 853300 343004 675456 549736 752797 361836 774599 250659 813159 622648 320278 713599 1 631993 575909 847545 649919 371578 556609 588530 473816 474118 774503 651367 663341 88266 231977 677251 848136 246867 464365 469145 776141 860451 572972 248364 519056 318775 732798 694200 435975 319278 561130 792767 280332 204373 755942 877409 562914 642168 581839 829629 394426 571231 612564 277800 1050364 220524 448032 868153 257192 714207 261717 558177 521960 923861 555764
 373636 511091 750854 637001 592188 455137 73665 101209 162424 162149 412828 402395 361215 223481 304753 221494 480023 429877 517842 150639 407258 181597 730437 620711 105238 631993 1 57873 372948 255030 347741 391639 281383 494433 676980 149731 494669 379523 680171 622409 77111 276217 587855 361483 262439 431160 307770 400502 758607 613706 320326 568484 678007 320730 368224 293995 165016 423310 761133 383019 281350 381069 486869 412545 198953 508405 314210 676696 530340 445650 542605 408189 236625 385783 442016 770871 153053 422796 349482 97655
 316071 453250 693012 579807 577181 400495 27920 142658 209354 104300 369781 459545 310305 277701 254585 243174 464353 418183 481485 208176 349397 237289 710227 579898 158534 575909 57873 1 409681 267463 292532 354693 279063 469552 646326 207357 491021 357886 622791 575906 125693 326678 530838 336423 234264 450013 355639 390963 700897 589542 267616 543176 667880 269919 310998 285795 217734 377023 703263 403399 322538 370733 456171 378021 253779 475142 281185 658478 473929 502283 495341 381197 293871 328168 450660 713206 116014 405397 401639 49207
 680631 796255 1022862 874912 953505 788046 399268 271753 420500 488648 779270 293368 712624 388831 517131 183691 405824 789979 568890 291050 692193 361016 623663 682989 281629 847545 372948 409681 1 198145 681476 763173 260627 474562 652494 293922 337611 749623 920241 731865 297533 155323 892708 399652 379184 154949 118739 325637 1039049 556187 546870 939526 513742 673278 682046 289894 386755 571806 1023919 127927 513783 322583 859780 785044 374976 540387 686890 565801 845799 296816 672222 434960 340536 660594 228675 1052793 523344 384153 165908 458877
 492747 601697 825474 676769 843549 605835 247500 173738 373218 319437 620601 413554 542057 384617 319909 50424 271839 682780 393718 264468 499238 342401 521331 509234 213661 649919 255030 267463 198145 1 502626 614962 71821 319444 509535 266701 252943 625333 722102 547287 202848 232615 700488 215706 181090 184142 228554 182046 842261 424245 350046 810043 443849 504906 496035 102323 352056 376449 826052 140180 491083 168701 720827 640382 361923 369754 545869 463578 656708 436582 482117 258170 357713 466667 187123 856089 381993 228771 296750 313391
 71037 193719 422405 350761 492983 108323 291623 431301 456297 195207 165839 749022 64254 540244 242598 499703 577283 387107 483788 497171 126245 508467 771929 533912 451059 371578 347741 292532 681476 502626 1 202236 475914 539015 657828 495963 647602 297069 385317 484923 417779 617835 245676 437201 361663 680389 644414 541106 424272 643932 219632 408363 780449 64484 54441 463831 480055 335494 438853 641131 532970 521929 308351 231492 520395 497863 200449 734859 184775 793060 412014 460091 570626 138448 652493 435215 219365 521934 693589 250893
 272007 364133 550320 524938 290826 220693 369510 492107 428144 301526 58678 752365 139525 513287 425058 596571 748241 199106 678698 516556 325515 496272 960894 735164 492558 556609 391639 354693 763173 614962 202236 1 608767 721418 854440 514427 804508 114249 551268 687081 468611 662420 366375 606115 515350 799102 696850 697434 541526 832501 408203 212879 955931 147192 255296 604927 462172 532256 574327 754197 459328 677095 113227 30127 500921 689529 80776 919842 305831 800083 614100 636866 558524 340644 788131 548770 239833 689775 730641 305725
 456716 555106 771751 618570 854109 574340 254579 219240 418560 307447 607598 484994 521731 440606 270198 117689 210462 696804 321899 321340 456231 396787 463161 437418 264104 588530 281383 279063 260627 71821 475914 608767 1 250426 441251 323276 213440 632221 663649 476598 245397 304028 656851 144173 126504 206790 300298 123234 790150 359391 301131 811508 397969 487083 462131 30665 401940 311276 770476 173914 539327 106169 718347 635870 416772 298083 545393 406541 617372 508399 413123 186371 418892 422457 179669 804146 386768 161750 368521 319391
 488978 527362 688439 521496 999927 607712 441641 458770 649403 444334 700251 731339 599972 683550 297803 367796 81679 857362 116284 566727 459878 638729 244109 216326 505638 473816 494433 469552 474562 319444 539015 721418 250426 1 190965 568399 185032 778399 561054 285148 480694 551002 631840 133318 235334 351252 542009 148988 714207 120000 319405 934263 244513 577426 501606 223071 638879 225144 677127 352189 771285 154699 834454 751324 658873 82192 678723 198684 614932 750903 255446 89244 666576 427394 273960 728246 548870 92068 609788 493324
 596073 591255 691838 530858 1142109 703313 618575 648197 835223 604791 823645 919357 721853 872944 435607 558367 246982 1010304 176402 756977 553874 827956 150760 153911 695232 474118 676980 646326 652494 509535 657828 854440 441251 190965 1 758589 326907 926319 560257 242803 669076 739830 686338 317588 414577 514844 728713 332775 721785 100339 447612 1065287 253791 707260 611303 414032 826662 322546 672756 525885 956723 342212 964869 884528 848089 172805 824011 157883 686834 936848 271755 269872 857212 527197 434132 734789 712486 280805 795851 663799
 523357 660472 900208 782805 667215 602496 218132 112224 126612 311594 544590 253101 504585 117955 437694 217349 533649 504769 616468 2875 556105 76437 785843 727005 65747 774503 149731 207357 293922 266701 495963 514427 323276 568399 758589 1 518682 476634 826566 741741 99617 155918 737407 443288 359030 400878 195054 445208 908254 681700 457633 665419 710129 464393 517911 347017 94345 545642 910002 352981 230381 429249 596232 530756 95444 600502 433865 728663 679439 297320 664770 491062 100862 533453 438473 920556 288739 483794 217116 245090
 611866 678312 860938 695490 1061873 733468 465536 425170 625472 505173 795525 622635 701762 636249 410878 301383 103736 906977 300970 516343 595254 594797 286799 397777 466506 651367 494669 491021 337611 252943 647602 804508 213440 185032 326907 518682 1 838753 737015 470116 453347 452539 783987 214325 289836 190170 431866 107323 884921 226905 439431 1012642 191658 671664 621337 205724 604992 383074 852126 210038 743983 127466 916539 832962 614110 266953 747328 228572 757420 632336 437194 209308 605554 560808 110069 899090 594520 134711 494619 528805
 368057 473381 664569 634717 223504 333061 379281 479710 371197 337214 172883 696038 240580 450887 490861 598505 794669 90051 749974 479130 423303 442869 1021698 817501 469219 663341 379523 357886 749623 625333 297069 114249 632221 778399 926319 476634 838753 1 662786 777220 452475 631287 480516 654505 556626 807194 668762 733789 655629 894165 479612 190060 1003061 234181 351509 633879 408111 608406 688508 759949 375858 713186 126391 100986 443274 756632 102731 976644 419586 744382 700929 690660 501515 433025 807638 662730 245477 735006 692856 313446
 325832 192349 131748 45410 815548 330628 608672 733277 819522 520339 495289 1071662 426985 897299 407106 744257 636077 750254 449810 826917 278594 859156 709493 406757 768177 88266 680171 622791 920241 722102 385317 551268 663649 561054 560257 826566 737015 662786 1 317497 731762 910916 203788 545173 541082 856049 925841 655756 161569 607193 379914 709362 782451 447532 338288 637347 836257 360821 116260 833680 910244 644771 624964 573639 874521 482198 578101 700455 251295 1109831 308661 531758 916659 295027 796472 174539 589811 606278 987469 596984
 415329 372016 449038 289403 977545 502844 551436 631147 784003 500870 645760 951799 547873 842292 323198 586070 366778 866240 170557 740973 363682 797970 392572 90114 676151 231977 622409 575906 731865 547287 484923 687081 476598 285148 242803 741741 470116 777220 317497 1 642702 773165 457254 333104 387050 627797 774815 417530 479055 298397 317974 888009 475114 544315 431974 446009 786535 199139 430167 620008 898218 414504 789829 716072 817039 203942 675659 387597 468250 980060 81190 297477 842161 346476 554546 492013 604411 358939 842554 575276
 437130 571169 810257 687556 660677 525919 128200 29935 173174 225497 489777 340790 435508 204822 338627 160938 453946 497375 521189 99165 465586 159638 706941 630199 36431 677251 77111 125693 297533 202848 417779 468611 245397 480694 669076 99617 453347 452475 731762 642702 1 201095 653304 351766 262491 367511 231243 368528 819898 596981 359358 642194 642033 395048 433420 264741 158369 446153 818592 318708 294122 350721 562571 489192 179648 506954 390789 651049 597733 381306 565389 399654 199477 440936 388029 832560 230134 400415 275975 171875
 632689 762318 998995 865804 822899 726129 326386 186903 277969 423697 687791 180968 636572 235624 505347 188080 496751 660640 625142 153245 656079 212357 736804 740442 171328 848136 276217 326678 155323 232615 617835 662420 304028 551002 739830 155918 452539 631287 910916 773165 201095 1 849308 446193 389823 294036 40466 407886 1010847 650802 531237 820604 640405 596101 630352 334043 241741 590223 1004843 252823 361240 397620 749070 680664 224079 602076 582687 678274 795587 206983 703332 490160 185601 628549 353015 1023916 428019 459426 77169 372790
 216628 105684 185246 195056 615527 153842 525122 662854 701917 427907 308026 990246 263451 785899 387540 709179 693498 564018 538807 738413 201288 753653 826330 536238 688166 246867 587855 530838 892708 700488 245676 366375 656851 631840 686338 737407 783987 480516 203788 457254 653304 849308 1 572175 530905 862527 872091 686470 181315 708338 356554 507620 872801 295236 219966 636737 725624 407142 208024 830407 774625 670758 427261 384843 765899 565231 408777 804546 63735 1033096 414705 575956 815450 234488 817931 191157 465005 649415 926193 493122
 398124 466729 662399 501340 877450 519710 308530 331837 517950 317696 591092 626844 494063 556141 197209 258174 142149 730708 179093 441839 381064 511042 374695 294253 378972 464365 361483 336423 399652 215706 437201 606115 144173 133318 317588 443288 214325 654505 545173 333104 351766 446193 572175 1 102549 311853 444237 114554 684101 253207 225244 817831 350081 466852 408106 113512 509096 184413 657075 294481 639648 100544 719268 635520 531144 158421 557081 325003 543557 651772 273126 47900 543113 346569 252072 698286 419476 84796 512393 361655
 335023 428715 646335 495775 780052 454846 206346 246973 421971 219530 505762 566097 413168 466913 143753 207949 238340 630755 258946 357962 330868 421767 477213 368004 293371 469145 262439 234264 379184 181090 361663 515350 126504 235334 414577 359030 289836 556626 541082 387050 262491 389823 530905 102549 1 331671 396393 182519 664208 355334 174723 725008 446503 382082 341897 106226 416300 200610 645930 300412 542900 162462 627857 544117 441617 246699 461369 427026 492972 596521 314252 147009 459886 296800 292894 678164 318315 178553 462450 259274
 663430 759813 970045 811764 1023140 780476 431164 337697 523151 502440 804046 447863 723146 510900 475065 209670 274041 861036 458256 398125 662456 475612 472287 566957 366170 776141 431160 450013 154949 184142 680389 799102 206790 351252 514844 400878 190170 807194 856049 627797 367511 294036 862527 311853 331671 1 264567 210419 990079 415709 506069 993171 359073 686860 668600 225855 494654 495909 966490 48891 630834 215820 904740 824491 492663 426406 729696 415155 824034 451521 579241 334483 469627 628459 80745 1004190 565341 268905 319712 496832
 655772 782659 1017604 880551 862268 752712 352935 213542 318153 449413 720482 191771 665933 275595 518940 189419 483326 699754 622111 192322 676513 252823 717947 737648 204344 860451 307770 355639 118739 228554 644414 696850 300298 542009 728713 195054 431866 668762 925841 774815 231243 40466 872091 444237 396393 264567 1 395939 1030495 637233 545993 858378 616906 625557 654287 330867 282078 596866 1022331 226600 401266 387471 785440 715805 264458 597442 617583 659455 819768 209018 707348 486394 224710 647889 328648 1043747 460554 449968 68260 402923
 507423 581118 775191 612567 957173 628884 364569 342467 541643 398836 688207 586743 594684 562913 306925 232374 89845 803850 248671 443171 493699 519426 340636 359909 387115 572972 400502 390963 325637 182046 541106 697434 123234 148988 332775 445208 107323 733789 655756 417530 368528 407886 686470 114554 182519 210419 395939 1 797476 243230 336317 906085 277687 564374 516312 106513 525141 295557 768885 204906 662539 20604 809630 725990 539336 217777 641180 283602 656653 604220 369802 125750 538959 459096 141463 811669 490670 59457 463157 426205
 385159 248846 32064 194259 768930 334964 692217 826519 880020 596707 482851 1159764 444754 963013 522367 857812 786296 735877 606051 909058 354935 929248 870833 568189 855600 248364 758607 700897 1039049 842261 424272 541526 790150 714207 721785 908254 884921 655629 161569 479055 819898 1010847 181315 684101 664208 990079 1030495 797476 1 766760 492278 657602 941059 476234 391905 766289 902329 502744 61536 963368 955487 784635 588733 557173 942304 637488 588837 860720 245029 1201177 466296 676637 990202 382610 936022 14195 643259 751761 1088015 666461
 588597 607349 738438 572691 1114488 703424 561633 573863 767204 562297 807847 828726 706493 798092 407458 474160 154083 974513 169923 679881 553325 753608 128402 210375 620307 519056 613706 589542 556187 424245 643932 832501 359391 120000 100339 681700 226905 894165 607193 298397 596981 650802 708338 253207 355334 415709 637233 243230 766760 1 425589 1045256 176754 686771 602463 334684 755350 314115 722657 428820 889131 255556 945001 862567 773727 147691 793522 96210 699795 844115 301376 208917 778246 523021 334967 780350 667722 197934 703568 613050
 173323 253994 476105 334690 694541 294728 246711 357119 476675 183339 382309 695358 281205 543795 31005 366764 361119 565215 271287 457565 158247 501633 553905 341810 395562 318775 320326 267616 546870 350046 219632 408203 301131 319405 447612 457633 439431 479612 379914 317974 359358 531237 356554 225244 174723 506069 545993 336317 492278 425589 1 620449 561577 261594 184258 280228 484729 129802 478226 475028 585754 318975 520034 438329 519261 281357 377002 515507 321422 731938 236930 242329 553590 123681 462603 506077 286630 308479 607640 259645
 474481 539186 674905 691918 112085 393014 562624 669114 555468 507497 243144 876659 344110 631034 637862 785640 959819 178815 890113 667968 524407 627487 1173656 941716 659279 732798 568484 543176 939526 810043 408363 212879 811508 934263 1065287 665419 1012642 190060 709362 888009 642194 820604 507620 817831 725008 993171 858378 906085 657602 1045256 620449 1 1167875 358868 458217 810302 592947 742752 703648 946514 541025 885597 100471 182939 626032 901789 266140 1132715 458973 924982 818415 849435 683765 544399 989325 660902 428053 900994 880731 496662
 732783 769369 913251 746802 1226406 852048 641093 614516 814900 665857 938905 805156 840011 827799 537921 492780 208499 1076740 336838 707813 704388 786124 134368 386621 656903 694200 678007 667880 513742 443849 780449 955931 397969 244513 253791 710129 191658 1003061 782451 475114 642033 640405 872801 350081 446503 359073 616906 277687 941059 176754 561577 1167875 1 815015 745026 384142 795550 468331 898259 390679 934305 297527 1069134 985435 805521 308058 906753 96807 858531 810524 474774 320683 797115 671874 288266 954779 763555 268060 676642 701124
 134559 255264 476959 414080 436786 144647 275072 412349 411377 186181 124270 715895 40491 496969 279868 495538 608737 324059 531602 465897 190026 468485 815161 589103 425895 435975 320730 269919 673278 504906 64484 147192 487083 577426 707260 464393 671664 234181 447532 544315 395048 596101 295236 466852 382082 686860 625557 564374 476234 686771 261594 358868 815015 1 118311 478834 438124 385076 495308 644965 479392 544480 258441 177269 478713 542922 136105 775295 231948 761290 469482 494635 531546 198935 666269 486369 177688 551387 670142 223385
 16734 150154 386705 301640 545572 112995 305284 443589 489882 207962 215080 770522 115907 571759 210925 498597 545354 441545 439106 518857 71828 537398 729775 483555 468207 319278 368224 310998 682046 496035 54441 255296 462131 501606 611303 517911 621337 351509 338288 431974 433420 630352 219966 408106 341897 668600 654287 516312 391905 602463 184258 458217 745026 118311 1 446944 510891 290446 400451 631846 573672 497925 358891 284120 550682 455303 254410 694960 165490 813182 360385 426552 598307 86206 634771 403750 254766 492106 707040 274676
 440614 533974 747251 592421 856690 559699 259969 240095 437301 303573 600834 514975 512192 463576 249226 146861 189229 701271 291463 345207 437027 419278 442201 406955 286051 561130 293995 285795 289894 102323 463831 604927 30665 223071 414032 347017 205724 633879 637347 446009 264741 334043 636737 113512 106226 225855 330867 106513 766289 334684 280228 810302 384142 478834 446944 1 422599 282747 745228 197171 558751 87207 715707 632643 439364 268064 544303 386462 599196 538808 383005 156129 444079 402882 188662 780338 389102 136812 399072 323095
 519113 659188 897565 794192 585142 581644 238195 182745 37701 316352 499997 290496 476635 61108 469746 304558 611604 425072 675025 97181 559164 34770 864637 781271 138667 792767 165016 217734 386755 352056 480055 462172 401940 638879 826662 94345 604992 408111 836257 786535 158369 241741 725624 509096 416300 494654 282078 525141 902329 755350 484729 592947 795550 438124 510891 422599 1 587621 910449 446509 139136 507875 532114 474368 40591 662582 381834 808381 664649 338494 707096 556901 96441 541336 529503 913835 261440 558656 291002 239363
 275875 302322 479849 317203 821021 389311 352344 436562 584871 306793 501230 765183 399403 643824 127297 407917 287740 694618 148668 545027 239252 599733 440240 212358 480435 280332 423310 377023 571806 376449 335494 532256 311276 225144 322546 545642 383074 608406 360821 199139 446153 590223 407142 184413 200610 495909 596866 295557 502744 314115 129802 742752 468331 385076 290446 282747 587621 1 473355 475914 699506 284015 642347 562304 618629 166430 505685 408549 390201 796665 119604 174048 645492 209071 435775 516935 413144 249172 663058 378563
 391408 251264 31729 156685 814068 359761 692277 823012 890255 599089 515886 1159362 467195 971472 507207 844965 751671 771483 566068 910617 353917 935847 822737 520051 854730 204373 761133 703263 1023919 826052 438853 574327 770476 677127 672756 910002 852126 688508 116260 430167 818592 1004843 208024 657075 645930 966490 1022331 768885 61536 722657 478226 703648 898259 495308 400451 745228 910449 473355 1 942257 971789 757212 630018 592242 949873 598442 615351 815375 270157 1199417 424876 645780 995579 377732 908987 69813 654969 720593 1081883 672111
 627486 728979 944421 788928 975162 742892 385350 288921 474632 459614 760714 414723 681901 464160 444106 161685 280070 812855 452853 350250 629490 428105 496600 564808 317332 755942 383019 403399 127927 140180 641131 754197 173914 352189 525885 352981 210038 759949 833680 620008 318708 252823 830407 294481 300412 48891 226600 204906 963368 428820 475028 946514 390679 644965 631846 197171 446509 475914 942257 1 583187 205607 858913 779191 445433 422542 683801 438525 789746 422556 566409 323095 424213 595929 102657 977403 519069 264342 286244 450712
 584955 723672 955122 870918 508767 622841 347959 320296 121927 405172 508389 349532 512911 125681 575776 443692 747979 362808 799191 233068 632158 155300 1000901 901201 277487 877409 281350 322538 513783 491083 532970 459328 539327 771285 956723 230381 743983 375858 910244 898218 294122 361240 774625 639648 542900 630834 401266 662539 955487 889131 585754 541025 934305 479392 573672 558751 139136 699506 971789 583187 1 644837 501515 462832 139254 789402 386124 945151 711298 396419 817459 687046 178862 620540 668181 965738 320532 693787 393300 326698
 489308 565610 762836 601212 936570 610646 344250 325130 523683 378299 668221 577382 575063 546713 289258 218632 104409 783294 247520 427274 476766 502949 356998 360644 370242 562914 381069 370733 322583 168701 521929 677095 106169 154699 342212 429249 127466 713186 644771 414504 350721 397620 670758 100544 162462 215820 387471 20604 784635 255556 318975 885597 297527 544480 497925 87207 507875 284015 757212 205607 644837 1 789227 705608 522927 218023 620631 300507 639872 596277 363466 118740 524014 442143 151779 798821 470094 62662 455151 405713
 375292 447833 602861 604265 192188 300684 473618 588077 495648 412171 144077 821222 244120 576557 537693 699338 861377 165151 789647 598611 426179 566875 1073403 842086 582896 642168 486869 456171 859780 720827 308351 113227 718347 834454 964869 596232 916539 126391 624964 789829 562571 749070 427261 719268 627857 904740 785440 809630 588733 945001 520034 100471 1069134 258441 358891 715707 532114 642347 630018 858913 501515 789227 1 83802 568160 801357 175117 1032787 373708 869520 719272 750073 626456 445091 897155 593642 340164 802823 813262 408247
 300796 388499 567366 548632 261522 243248 393980 513482 439405 329076 78360 764863 168215 523500 455115 620697 777614 179241 708811 532976 353828 508797 990956 764853 511850 581839 412545 378021 785044 640382 231492 30127 635870 751324 884528 530756 832962 100986 573639 716072 489192 680664 384843 635520 544117 824491 715805 725990 557173 862567 438329 182939 985435 177269 284120 632643 474368 562304 592242 779191 462832 705608 83802 1 512367 719652 98424 949789 325779 812827 643492 666599 570357 369762 815003 563837 262348 719031 747593 329395
 558670 698618 937273 832176 613337 622196 272612 200109 72968 354237 539667 253136 517219 25351 503070 312749 627217 455348 700526 97833 597995 20145 879854 808572 153424 829629 198953 253779 374976 361923 520395 500921 416772 658873 848089 95444 614110 443274 874521 817039 179648 224079 765899 531144 441617 492663 264458 539336 942304 773727 519261 626032 805521 478713 550682 439364 40591 618629 949873 445433 139254 522927 568160 512367 1 686598 420835 822930 705043 301389 738230 579044 58298 579502 533170 953871 301957 576111 264948 278130
 441237 462632 610924 443803 974574 555735 447556 488558 668650 432141 662613 783026 560952 711771 266115 414739 163280 839483 34092 599147 405664 666589 274474 142629 535643 394426 508405 475142 540387 369754 497863 689529 298083 82192 172805 600502 266953 756632 482198 203942 506954 602076 565231 158421 246699 426406 597442 217777 637488 147691 281357 901789 308058 542922 455303 268064 662582 166430 598442 422542 789402 218023 801357 719652 686598 1 654822 242412 553751 806120 174609 112169 700731 375350 351454 651423 539743 158340 665690 491255
 270595 386169 593955 546861 321206 255595 298540 415231 348222 242372 122433 671825 151131 433786 388811 524307 698266 190617 647626 436018 326066 415808 921371 714862 413517 571231 314210 281185 686890 545869 200449 80776 545393 678723 824011 433865 747328 102731 578101 675659 390789 582687 408777 557081 461369 729696 617583 641180 588837 793522 377002 266140 906753 136105 254410 544303 381834 505685 615351 683801 386124 620631 175117 98424 420835 654822 1 877282 345511 719480 598838 591674 478246 333217 723475 597426 165180 638892 650310 233134
 681482 703450 832002 666968 1198473 797555 630821 625636 823762 641419 897530 850712 796695 846451 495429 513950 197337 1054736 266011 726593 647746 803026 58535 297810 670626 612564 676696 658478 565801 463578 734859 919842 406541 198684 157883 728663 228572 976644 700455 387597 651049 678274 804546 325003 427026 415155 659455 283602 860720 96210 515507 1132715 96807 775295 694960 386462 808381 408549 815375 438525 945151 300507 1032787 949789 822930 242412 877282 1 795636 860907 396542 286044 821289 616892 337262 874200 744411 253959 722940 686264
 165254 96462 248489 233291 564333 90188 469879 608731 640209 372357 248041 932519 199726 724655 351896 662127 671346 504437 529977 680546 163198 693232 821590 541117 632050 277800 530340 473929 845799 656708 184775 305831 617372 614932 686834 679439 757420 419586 251295 468250 597733 795587 63735 543557 492972 824034 819768 656653 245029 699795 321422 458973 858531 231948 165490 599196 664649 390201 270157 789746 711298 639872 373708 325779 705043 553751 345511 795636 1 975983 416169 552259 755391 197811 783817 254719 403500 623818 872150 434509
 817685 952473 1191493 1065093 903431 899798 509055 376773 374133 605488 835555 48368 801330 294063 707457 394333 690670 750859 830270 296004 846851 304034 919087 945757 345602 1050364 445650 502283 296816 436582 793060 800083 508399 750903 936848 297320 632336 744382 1109831 980060 381306 206983 1033096 651772 596521 451521 209018 604220 1201177 844115 731938 924982 810524 761290 813182 538808 338494 796665 1199417 422556 396419 596277 869520 812827 301389 806120 719480 860907 975983 1 910269 694745 243095 821691 524764 1213802 584593 658841 141128 542185
 343996 320110 438711 272038 904923 440068 471164 555074 703819 419699 575371 880345 475764 763420 242111 517949 333969 789426 141514 664104 295061 719335 413077 126101 599406 220524 542605 495341 672222 482117 412014 614100 413123 255446 271755 664770 437194 700929 308661 81190 565389 703332 414705 273126 314252 579241 707348 369802 466296 301376 236930 818415 474774 469482 360385 383005 707096 119604 424876 566409 817459 363466 719272 643492 738230 174609 598838 396542 416169 910269 1 244758 764816 274197 510488 480039 523490 314047 774488 494127
