NAME : domp200p50v3
COMMENT : Cherkesly, Contardo & Gruson 2022
TYPE : DOMP
DIMENSION : 200
DISPLAY_DATA_TYPE : NO_DISPLAY
OPEN_FACILITIES : 50
COST_SECTION
 1 955952 500441 79454 726065 275496 690004 324081 543383 346981 329667 884726 261932 299003 144434 187218 455565 550987 474720 467333 140207 362180 99290 798617 684008 829787 565563 600854 818131 518875 530181 333435 220469 556919 561904 355700 228955 615020 828279 195391 304218 84624 382675 846621 368994 711288 599524 337264 290570 382296 944309 828247 289640 579948 683024 467550 139089 436721 750722 511199 669176 484269 143976 529266 620073 33150 426127 317630 520744 514455 354814 227986 99609 460348 419413 659482 373450 59672 112508 908661 849253 498403 855117 834556 723057 164667 304477 173014 78548 703899 627089 466373 870092 444467 611908 705178 424319 466313 665619 723869 610858 292741 440239 329301 470756 522027 834049 367089 873001 366255 709286 168047 267385 385188 475556 540636 315812 663808 947788 579208 718304 641787 366654 574601 745145 970310 686290 872750 586038 422362 589718 370399 250964 170135 705018 158248 517836 290969 802306 205571 200088 694625 816727 654801 331427 775507 147033 860674 723057 431289 834067 427672 338317 343199 910042 396872 766649 776864 361533 415941 364923 799414 620408 140649 487620 315549 533859 467262 668556 535121 721698 236828 458522 413999 381155 524539 327807 220845 97731 569819 624993 392608 730668 339333 358880 478283 390100 525682 92065 795026 151128 451805 396057 597579 807422 455666 149592 91757 517379 585558
 955952 1 600725 1012301 383641 1205177 542176 767259 506007 726034 1211375 279299 913827 677488 946152 818532 542525 820664 916662 649255 868387 921649 1040372 562501 272405 868001 594793 883608 693636 477509 426064 739678 908470 485673 723916 663858 907026 961615 318304 788101 784597 981883 908459 870940 598294 533503 374331 622692 1206107 899342 22091 390814 704497 522465 339762 529102 987264 767483 730792 445555 385283 706373 953803 840740 599221 934683 534878 847334 436389 708603 741102 782225 906548 732853 538247 567093 1188403 1014832 1001511 153667 165652 532727 877478 593656 904184 824683 657278 784709 996514 370839 584931 1068918 100153 587733 583260 855232 567981 733614 853624 356524 594025 1150870 528036 935088 489431 614050 127175 1199549 673264 1241745 399211 788166 955429 1139671 544754 828999 884822 617698 100024 806617 237859 382539 1236612 872885 276549 39235 786546 133655 714953 1036698 385322 748954 867717 900825 488815 908216 788348 734886 507151 873681 871419 281547 723756 771122 1161632 240009 970855 602285 382639 527606 577968 530257 1127145 886112 112370 749390 190811 841076 749517 548611 854696 411599 424759 825899 831151 657560 446319 717765 712906 517345 356737 1053403 789097 947743 611512 750706 1228810 1131031 864693 795463 873023 772148 352979 722748 651852 734137 636636 797481 1034419 478061 863480 635341 1227412 965678 634399 722275 1013944 874459 781878 746654
 500441 600725 1 577970 593181 676898 189802 198979 494275 162259 654040 426618 624766 387707 575879 476106 414833 755905 766828 557108 366895 696049 599728 300145 369155 429873 601803 315330 346075 153503 304054 521049 593365 488890 160372 452281 349557 386836 363618 438671 541913 566461 310818 442931 348344 210918 401064 325024 667433 301730 599022 342806 425125 90933 503155 133598 602249 166799 302999 268016 529552 622184 581542 754045 653979 497037 320675 609514 267488 648684 542161 272960 511161 132576 300137 161092 610124 545915 594885 631723 574233 87892 452094 338981 386926 461518 252877 352177 570979 558545 131224 468416 500687 464659 634806 343390 141229 629611 320474 268250 642071 591131 348691 683995 320474 577284 476760 625258 389995 678679 587362 377165 382365 551878 450102 245943 638291 178108 640654 240631 409245 218260 671781 805813 328799 597542 286029 478769 168122 437752 240678 563487 579354 553420 207395 381690 200486 209747 302014 332545 546463 324871 355080 254966 590705 536884 441913 365464 589229 234615 336650 302416 548479 657864 610510 586215 453631 379438 168213 208337 260219 310929 177067 364164 718369 220076 393233 617440 227797 496484 567410 495486 666863 347811 406301 166690 679078 599144 448145 752509 316176 176687 574550 166353 150946 136285 458855 722167 592505 296392 500898 49860 650267 385424 320176 611589 624659 459898 705175 193369
 79454 1012301 577970 1 759745 266268 767722 403533 575500 426039 341233 954619 233469 341061 113851 209289 494691 535402 443991 482441 219643 329612 28454 876864 741991 907867 581940 676848 897566 588536 586555 345560 196835 590858 641293 384473 303106 687685 899430 230177 308647 40107 456028 924759 416912 788888 648215 389694 289331 456299 999593 902152 323628 655863 725031 538436 86325 515877 830111 570772 706439 488076 109268 510739 633213 82938 478101 303728 580633 516378 363364 306398 111234 539776 474065 737623 403028 67719 49747 955930 897675 572055 933196 913209 799408 194249 370876 239993 19852 740301 705453 526224 929565 474889 627447 782730 495639 466459 742979 795039 625035 317613 488592 293821 523457 538457 892767 392282 952312 376966 742148 227895 335346 427987 510128 618205 292607 742800 998162 657425 774507 711411 379426 551879 812010 1028661 765086 935078 665457 484110 654668 375163 237762 157594 781389 234035 596434 369060 879470 283282 193973 757933 896171 733751 360940 821455 210863 939381 757000 493599 912504 482045 378237 318666 960181 398896 821855 855116 440980 481277 441668 873902 692134 214996 470756 385907 579743 470124 747978 566281 758553 283483 449343 484528 419341 603736 330841 231954 148618 557762 701527 471851 767397 418186 434122 557685 418866 513651 23774 871479 164394 529712 418990 669741 886555 458463 84312 138218 507846 664759
 726065 383641 593181 759745 1 999941 655352 671112 184281 637402 1036180 547110 599780 427973 666973 550491 272133 444324 552329 305660 688941 580589 787829 733172 276568 991746 226216 907648 849614 440627 290999 428868 607460 169290 752610 375381 769261 976086 541518 532339 473829 722438 835431 1000936 368392 660010 192122 407401 1010874 827291 362279 604739 437522 562068 94598 465075 709653 730546 848902 327713 65884 346919 674444 467294 218349 696992 331808 521699 326692 341303 420558 631348 648583 708813 348997 660447 1044328 784605 733944 251730 218312 505303 1009434 776741 975641 566669 488829 580237 740893 34861 658141 998999 366551 284982 204475 929366 480031 376255 911085 495533 214764 984032 306437 602077 301437 256957 335705 1048217 858156 1071250 19115 569018 828621 1017340 250617 835556 556820 709462 312356 833794 257761 444222 1068839 494364 423389 419166 865403 409737 756612 956744 369159 420403 561129 617465 614692 740685 789390 611567 688676 726096 582114 352417 873044 838280 1008547 148388 794451 796189 3957 388965 763765 341515 988998 550584 280218 411260 257726 948658 672500 421107 779357 604663 478757 628557 464434 510020 218584 361839 795412 193792 33172 894818 429605 881950 345128 758497 1043341 936459 628365 416934 909357 712754 32511 628651 548515 719469 341173 424781 783491 659805 595896 599418 1078413 972123 796776 369213 734873 634680 410803 784649
 275496 1205177 676898 266268 999941 1 853445 477946 818158 515545 102309 1095788 497713 571987 379990 460922 728308 800882 703519 740802 336972 589960 244817 950167 933411 891535 839679 647467 933484 741600 785267 605112 462715 831167 677269 631192 328213 627179 1034818 470873 571578 305980 431767 908668 637279 875269 863701 602191 34182 437177 1195623 1019662 564883 766481 952540 687964 347714 553806 854026 761140 941685 752125 375049 775545 893186 306714 689383 569974 769828 781108 624896 427145 365756 588865 679570 818639 198730 219901 311230 1171913 1111527 704170 915705 977586 765016 439686 548772 427766 285742 976701 784506 409621 1113773 719748 885852 764803 645429 731543 724982 933027 884341 128758 706912 553213 732243 796069 1079814 177538 995554 129017 983479 433143 309944 261404 749902 613561 557555 806624 1206871 659297 970465 860088 135464 814886 970738 1215334 770839 1109499 702236 384122 825098 638403 503982 423159 882018 302028 611211 482944 967861 346125 458840 931869 923201 745515 168646 1041010 238797 1001682 996844 678270 981161 687988 215551 582931 1169703 663212 1019917 844414 510599 656590 451198 987811 830354 382434 736155 547909 801479 734435 779472 810116 994220 193149 715609 434439 654837 633584 74864 77774 372406 823793 676156 518732 1003223 513326 565645 602407 665575 779741 245282 968023 420663 627682 192759 606971 939474 722758 335133 367188 774101 689499
 690004 542176 189802 767722 655352 853445 1 379494 604954 347244 819889 301419 805369 556234 763595 658822 545380 903294 930854 697038 555124 869976 789290 112234 386813 342258 721653 352410 196567 254606 398152 685717 776278 594212 208054 609839 525645 430466 240551 620872 712300 756146 450861 349408 502313 21859 474765 488121 840831 442581 547469 189745 594752 126343 560754 274694 791115 306293 198504 369820 599658 765724 769467 905782 766780 686836 458166 782238 364258 788702 704358 462203 699661 268617 440504 36035 763475 734475 784483 618034 569919 222255 357445 154633 362069 646225 432007 540520 760779 621075 69567 584942 446580 601812 746578 313077 304306 778018 312753 188731 755458 757363 481441 861229 441657 705670 436241 781400 220416 840859 654941 564324 548476 697284 577240 313192 813445 76961 608171 279838 418651 211508 833091 955913 274873 526973 244371 408797 190558 565393 290414 724405 758497 738832 53450 565846 283334 399071 114667 514938 729273 316784 218038 230269 750264 558961 623764 180867 651618 375257 149670 439805 703429 830918 586498 744125 449122 306185 344348 359131 411926 156761 177641 553934 873578 402507 494454 764206 170938 610165 624599 665547 821318 475778 556963 247495 847908 776217 637055 895160 337283 335838 629764 353041 338352 258710 609165 870027 782059 116467 686607 238231 803463 438034 150882 760198 813868 648844 852406 220073
 324081 767259 198979 403533 671112 477946 379494 1 526170 41352 457708 622028 505693 330148 428107 359410 429598 707601 684924 536905 184019 593499 421497 482795 508821 516486 609191 310996 494106 289821 391250 454606 467556 528580 238815 410699 150869 352521 559872 328040 459022 400477 164638 532747 334260 401325 489774 296090 468630 156796 761964 541783 358108 289011 594125 239503 445231 118985 427360 356882 605298 589674 432205 697782 667031 328835 344855 515113 362027 620261 479380 107826 360842 136926 325360 346070 422379 361124 429823 770137 709537 237867 541605 515685 424901 337271 199089 217538 400505 639167 312304 328085 669498 460522 650805 397783 205360 587612 360808 460555 655245 395005 373524 572690 369829 574081 640204 435129 549689 484075 660253 248418 189711 372748 464405 238885 535368 343271 790822 268877 549385 395870 477727 750055 509103 770090 368498 655748 262499 286920 383472 501585 467821 419143 404674 186695 205264 70003 494098 135445 423856 485752 492798 335854 398642 655408 244441 541329 667273 283308 516678 332015 360750 559631 756813 528851 598263 462749 37505 251750 109517 509867 360897 205910 657327 167981 452821 579462 344911 523984 652499 298193 610495 211539 386763 204171 481414 400206 297890 712790 328951 75340 660929 45290 124718 155282 431409 674904 414282 491949 368474 150059 461942 340918 485341 570655 463802 308491 660091 264584
 543383 506007 494275 575500 184281 818158 604954 526170 1 497977 858458 587488 422784 247579 483423 366228 98643 333338 413358 143358 516169 417342 603563 701418 295148 918864 118763 795775 800659 356617 206936 248571 426837 20335 652982 191101 605289 857110 561849 348808 294226 538159 689870 930476 198867 615370 157275 239335 830273 682439 487483 610020 254004 490467 169633 360786 526145 604772 782078 236126 136112 204560 490943 347443 162230 513760 183487 348628 240922 213693 243650 469286 464369 590109 204243 599990 872674 601494 549861 405823 355878 411253 939460 746915 880267 382723 331028 404762 556622 167288 588480 848727 455540 100713 142266 837571 360574 229875 813082 486078 150708 808400 153983 433745 173828 116696 417963 874937 822712 894019 166675 390513 665915 851354 69107 720567 385328 642592 459290 727538 302299 410784 892115 388222 438507 534780 779556 485496 662371 804474 321148 247478 381428 434066 576054 569426 675107 460603 667059 560786 399185 359882 819210 749070 835415 274187 619808 770040 181602 262786 736456 199129 819567 383361 422391 244537 331219 870684 534919 293245 635653 599875 431801 453227 330754 358600 111141 213772 716309 11393 185907 722255 285232 736978 164652 649330 863902 756531 445882 314989 802490 579208 194404 487761 411717 603855 156931 304836 599252 641814 411617 486614 905254 850162 755083 217221 551607 451742 287660 686530
 346981 726034 162259 426039 637402 515545 347244 41352 497977 1 498041 582290 510014 315772 440742 361338 402970 695823 680701 517993 208965 593926 445720 453235 468495 509670 585811 318805 473495 248680 354351 444644 473526 499215 225361 394462 190295 367859 520438 327597 453123 419531 198736 525439 310807 368947 453682 274423 507299 190339 720849 504383 346638 250979 558456 198822 461220 119912 411206 319369 571520 573728 445408 687687 643075 348255 315110 512769 324067 603735 468883 120972 373736 125961 294977 314951 463724 388204 448698 730441 669978 196616 534462 488003 426829 341146 178203 222060 421350 604962 281756 363835 628193 437648 626235 395737 166088 573628 360764 420407 631190 435455 344294 575334 337005 552308 599008 476396 526686 524823 627141 251815 230988 413796 438354 243953 535453 316831 750348 267877 509142 354707 518577 740141 467905 728752 359913 614413 247403 324052 342570 491147 469644 427261 369383 219589 205065 64152 461396 170340 428425 444506 474545 326649 439790 617143 279681 514003 633530 248528 488046 301147 402101 558672 716545 517673 557859 455889 37276 216520 142280 472844 320137 219384 648046 144046 419858 564559 328554 496464 617811 338327 599827 244782 365564 196343 521163 437774 309961 699217 333729 83737 626123 11740 88890 144657 412576 662699 438473 457709 375413 112541 503270 358102 460525 556295 481294 321141 647320 254293
 329667 1211375 654040 341233 1036180 102309 819889 457708 858458 498041 1 1079538 574522 610973 453782 516166 764378 874669 784949 795210 351222 670616 324607 909895 942642 822502 892329 580216 880417 738141 801218 662763 536686 869640 631076 677888 308276 550917 1017092 519379 633711 378743 378246 839422 668408 841432 886639 630635 68129 385102 1203543 994920 609949 744928 981006 684916 426715 514257 798538 773707 975207 813932 449911 850903 947896 362734 714220 641273 781604 844057 684429 429736 427447 551432 701843 784227 99967 283198 389637 1190968 1129996 693345 845925 933585 693013 492292 564223 456083 359344 1010566 750329 325048 1116725 763269 938794 697846 644238 795678 659020 918262 938326 62921 734885 634515 754593 849045 1084604 77054 943879 36589 1020709 467978 272410 170565 789406 555794 633146 766220 1221460 601942 981315 851446 38212 892936 964120 1218305 711326 1107832 655410 306786 826812 700033 574307 492225 853435 304999 560286 477459 932818 337940 525861 932830 867349 688690 80411 1063582 244794 956523 1032865 690811 938629 710209 132959 659548 1185117 726339 1031072 777969 485869 665786 408669 962208 818070 407981 810305 556793 829088 796885 728392 851372 1027388 159834 785261 371115 693807 586997 36371 110191 420159 895557 609265 484814 1036395 498155 561148 562663 711487 851317 323400 936056 480601 606665 90486 530656 892137 785276 418160 417481 844161 638903
 884726 279299 426618 954619 547110 1095788 301419 622028 587488 582290 1079538 1 921686 661189 917657 794429 575581 920405 986789 719247 768098 958794 980373 292131 292939 599301 701640 653750 421548 366124 415229 764280 903913 569624 505839 681504 772561 731676 63681 757932 803126 932730 731309 600512 585550 286490 430221 592730 1089141 722443 292402 119736 696966 335891 465062 417235 953653 583387 469125 411239 515122 787131 924759 932691 727933 871882 522225 873648 401196 800236 774743 672962 863501 545371 514509 333811 1036439 938501 957711 402333 376172 392348 606410 318353 651914 791347 584336 714630 942793 519845 360761 877785 208993 633162 708400 604206 460579 808637 609853 162893 719091 1016718 530994 961628 483827 703971 223545 1051831 395764 1104934 555489 728827 808698 976315 594596 612517 910060 377734 368835 581017 295050 243209 1098168 975378 154724 252253 537452 158537 490620 853584 310692 789509 872659 880574 250810 794645 578895 613753 236917 749798 859696 230321 452425 528414 1017300 407708 857378 324716 544390 471231 302591 509018 974886 919659 361588 799939 289764 578164 594072 476527 684442 148219 266422 744451 911210 569298 487744 792693 467607 596965 514114 920208 861544 762724 622857 541534 1103388 1018236 808571 902437 637856 601772 515128 583334 533095 540613 665443 890889 973529 210505 833440 472975 1076617 739449 362839 793134 979430 819958 873366 520907
 261932 913827 624766 233469 599780 497713 805369 505693 422784 510014 574522 921686 1 261399 121304 149724 371383 303471 213187 296479 354905 100321 252926 917515 661628 1019636 391087 813247 969415 575410 511958 175404 42199 441830 734583 250556 466627 842459 876281 186309 129757 195975 614444 1035448 336274 824083 539859 331418 522282 611760 897462 897943 224779 680700 590060 537491 150055 624307 916186 510845 558753 279183 124680 277833 433522 231925 400569 82600 520997 302874 179548 398328 167886 635922 407192 782425 631380 293654 186528 827506 774961 585554 1044464 959542 930148 168913 373541 288607 215181 588463 755235 721454 846385 328681 432549 903320 502317 252827 866497 776690 427627 547575 396487 69755 442079 350582 807907 622559 1014731 610374 580869 258293 516503 647056 371114 743745 60187 802622 878618 774449 685194 688521 612681 318432 768267 937574 869920 864056 755497 676017 611202 180071 49058 95049 803454 397294 710830 445896 905830 430131 81842 699667 975389 836630 589110 693847 405450 985956 597838 455057 955026 412843 599715 85286 841019 194504 726279 965839 538449 458374 582305 875340 683281 304996 238742 404793 467997 260780 834395 411792 607074 498745 223857 652939 306030 706125 564120 464826 217582 327624 833265 581033 615172 499028 475192 654645 277313 284080 252830 890516 138868 585091 650204 827154 944707 249838 165729 210080 280436 764238
 299003 677488 387707 341061 427973 571987 556234 330148 247579 315772 610973 661189 261399 1 268979 141185 156591 380383 379136 210594 273303 314287 369513 667264 412752 808319 295132 634448 732653 316080 258007 133789 242971 259532 522078 81624 372343 682003 614962 111588 156068 307365 481835 822776 79795 573550 308016 70481 583141 475851 663465 637180 38617 429972 384971 282627 309796 435264 689617 251931 370214 259599 276596 373631 353524 271295 145037 226328 262176 290378 156180 245608 231467 434310 147923 537042 628351 358166 324980 614901 556876 333991 831971 710796 739002 148231 141385 160477 323670 405025 513211 628939 600730 153784 340475 704051 252658 257957 671770 515351 342501 561668 149579 308618 189702 255008 562822 629444 772108 646628 411645 143296 433279 612347 178652 559206 258954 564177 657968 579433 441416 427180 644866 426094 508621 696848 658910 612960 539110 582952 350499 178158 212383 225326 548799 327572 518398 260188 650948 327149 199992 442725 742725 625691 590123 480398 374199 736881 424863 193956 704869 154422 577375 274982 619931 203300 486746 755552 351681 200071 433376 615336 423223 208303 335273 177459 238749 249372 611237 240401 422749 477817 285526 527919 83076 503304 616383 509105 201368 383488 648396 398651 431728 304075 250652 451803 108266 347107 364282 633824 186015 356784 659772 670929 701437 240764 336480 208613 331582 554725
 144434 946152 575879 113851 666973 379990 763595 428107 483423 440742 453782 917657 121304 268979 1 127805 411919 421652 334082 378057 257732 220178 136257 875310 681394 944176 477211 725457 912343 556395 526014 242116 83075 500346 665205 294035 363339 747128 866641 161142 201361 75059 515589 960570 348670 783735 574437 329896 403133 514027 931791 878483 242430 643760 641504 511131 42732 546498 851948 516394 617813 377700 7686 397274 526199 117812 413493 190020 526600 405121 257060 321296 67270 563824 413967 736834 510270 172351 71496 876820 820541 552717 969370 914848 845649 126415 339362 223835 94798 650415 706860 609862 869532 383183 521829 823141 471005 354899 784747 763514 518648 426290 418138 185990 458514 434211 831708 501272 962531 489796 648758 199334 407997 527854 421834 660010 179365 749890 922971 694774 710394 676676 491890 439311 768721 965822 796605 880485 687873 565328 609409 266507 124682 49670 769519 292140 631616 377805 870704 331919 86223 707376 914834 763923 467999 741748 290957 941336 664506 446983 912189 421183 479837 205873 884927 288629 755524 890532 463795 441674 490068 852736 663866 222337 357052 363538 503421 359513 769292 473430 668955 379964 335762 550658 337969 632230 444479 343874 130795 443914 747650 502107 677587 430882 425403 582479 327138 399811 134955 858979 84627 531208 528902 730635 894088 347920 68720 119779 394143 692365
 187218 818532 476106 209289 550491 460922 658822 359410 366228 361338 516166 794429 149724 141185 127805 1 287839 380645 331050 280224 227556 234175 237338 771055 553660 870957 378804 669317 820050 437586 398423 146665 117483 381746 585302 175185 341066 703103 745156 38111 122812 172172 480298 886645 220867 678004 447623 203348 477502 476583 804328 761022 116521 535338 518382 395700 168776 477214 766465 389777 497846 299097 135415 363265 432916 154742 285760 160046 400013 329908 169026 253469 98336 487295 286735 634814 552322 241073 186300 752013 694983 441287 895691 812455 784295 26868 227135 142062 190408 531440 606954 603090 741761 265601 425048 756002 358153 283339 719786 643088 423794 475683 290500 214005 330726 335209 703915 548606 866070 552718 532864 111035 396993 552393 301310 598244 176322 653653 796924 627322 582600 555455 552703 412884 643945 838033 721031 753130 606006 556664 484731 186300 108501 86181 659552 277658 563787 297385 761710 299893 70479 580939 825756 687685 511193 617023 303726 838925 547766 323218 808444 293808 509989 201443 758866 213952 627843 817193 390912 321045 442999 736707 545744 167722 320967 256699 377100 282708 684706 356993 549771 406608 283735 521843 212863 557664 515024 407957 99926 395158 688203 434593 558576 350194 325955 505974 209596 351991 233051 747780 46103 435661 578300 688816 796261 271282 195441 99798 341318 615269
 455565 542525 414833 494691 272133 728308 545380 429598 98643 402970 764378 575581 371383 156591 411919 287839 1 360764 411754 152970 419266 388496 523090 648477 295925 843938 187869 707094 737628 291032 163385 198501 366768 106166 570182 121513 506755 765826 540346 264698 242611 459228 592625 856445 100285 558328 168509 140734 738812 585337 526412 578626 171483 424248 230592 283853 454320 512977 711278 180279 213623 222618 419592 366972 242665 427506 94445 308143 188196 243716 203554 370643 383785 500861 115385 535673 775693 514635 474108 464901 408967 337081 865549 693921 796830 300447 232961 308930 476594 248463 520083 750592 476537 58998 224733 755826 275968 238983 729196 452561 230674 713018 66218 396974 104267 162892 438014 778523 765641 799614 256358 296896 567331 753142 35983 631377 345680 574210 511885 641362 315620 369246 797389 414747 421325 566288 700737 497623 581620 706172 279991 215766 325236 364127 523254 472089 586546 363107 620025 462335 332149 345713 753676 669239 738923 329830 523806 718372 268920 180248 684910 112460 721957 350597 473913 224429 355175 794121 440138 207633 538904 563599 381419 357389 340092 261651 96841 223860 641128 94911 266159 625481 288806 639734 75350 562886 771220 664331 357884 350393 715478 485244 275139 392433 318506 515560 94975 328297 518212 597340 333941 401284 808808 758027 696224 222084 480628 364867 310469 603892
 550987 820664 755905 535402 444324 800882 903294 707601 333338 695823 874669 920405 303471 380383 421652 380645 360764 1 130308 207820 606765 220634 556085 1008354 628461 1183635 226660 1014623 1092175 648866 521522 253539 338588 351949 899580 305470 719301 1060112 892362 397140 259222 496585 849759 1197458 407612 917236 490451 432976 824731 844859 800305 936105 349640 779555 483222 633419 453468 815523 1058468 541003 435676 138163 426156 30764 226936 518330 445159 233742 548727 120299 228471 613023 451409 814407 463278 890923 924409 591639 489685 696042 658741 687612 1206655 1053676 1119037 407511 521123 506965 516448 450926 872283 982099 782789 302551 239852 1083190 615002 126339 1051640 810418 229602 843162 422345 256795 464831 216644 746305 917831 1123674 910893 426535 477809 776717 930918 333083 939522 243406 925697 756310 959543 634555 729104 912630 54994 769849 853278 1035532 816149 915182 935555 639191 206420 300775 382832 883480 658042 898752 638239 980772 676409 350913 691535 1106041 1002629 882413 580725 682663 1078411 444320 529487 1045036 463581 886660 218773 723037 178781 659581 1131630 731291 550236 805894 922788 742169 543575 64740 557134 435113 139274 983304 323565 466510 783483 98288 893842 349942 882922 866127 764509 479024 32390 1028778 778143 471669 684098 629256 831703 297222 33746 555666 958055 403210 731351 946468 1048144 1053654 144364 468630 476504 50963 932697
 474720 916662 766828 443991 552329 703519 930854 684924 413358 680701 784949 986789 213187 379136 334082 331050 411754 130308 1 271320 555936 114380 460768 1040173 700983 1184675 326546 995913 1111272 681320 574598 246055 254255 433478 897539 321553 669473 1033082 952009 357961 228036 407978 811322 1199536 429041 946974 564343 443834 730030 807632 897283 988010 342116 804693 576940 656222 358235 799831 1068578 586903 533156 210289 336874 99670 342136 444031 480356 171115 595888 211095 226502 582006 378393 804847 494961 913861 844351 506221 395313 801861 759505 709379 1208708 1084608 1107460 356597 517729 470850 426549 553596 891302 928846 868823 353669 351186 1075834 630221 183544 1041435 862136 342100 760179 463548 150541 509968 302702 831103 835134 1149020 820378 533688 439875 722686 859900 392628 923008 160400 942855 860257 948543 713392 776596 823160 117528 832886 946903 1034644 897426 915804 882854 689294 206669 229645 305430 918128 602622 885720 618702 1018771 629826 281293 756532 1121786 1001249 802081 679059 616365 1110286 551741 557214 1077591 497448 812808 133023 825291 189625 744476 1131447 713479 571730 773500 970938 782773 498609 88096 553214 500196 199607 989655 402338 570584 711509 128127 852521 377111 875096 772492 675944 419952 162485 1013184 759009 576790 669077 627028 823074 327465 133871 461630 998751 339590 735119 862466 1019205 1078346 196544 368461 414557 144144 929423
 467333 649255 557108 482441 305660 740802 697038 536905 143358 517993 795210 719247 296479 210594 378057 280224 152970 207820 271320 1 476765 276979 509003 801111 430601 986859 99506 833397 887733 442433 314265 136895 309177 163679 706979 129237 580956 885846 688023 276660 177064 442847 691914 1000035 211781 710485 293313 244262 757726 685741 630580 729509 194115 574429 311313 430325 419598 635018 857694 333183 272178 69762 385033 215224 152766 434965 239945 216601 340927 92047 121324 456197 375530 628690 259110 685961 824814 520913 448613 544360 496996 484365 1009200 846505 930952 303077 339798 365317 462697 298224 668757 839303 597888 95239 145198 892380 415977 89445 863167 603595 143579 751978 215599 296676 257138 56173 560030 823254 917442 831668 286578 342118 641587 815724 126130 757477 251229 722599 599812 772712 442095 521519 831236 261981 566681 678135 840860 626109 720662 793208 431777 116471 261890 328808 676030 531159 714416 467067 772994 535881 291896 489112 902721 808540 784815 415443 570998 871084 304037 325764 837657 258531 777641 245324 563461 105651 473556 935857 554921 349080 642424 715497 534388 410565 192021 374364 231520 73450 784850 132092 316499 675592 143572 738200 154008 694699 795077 687790 375220 198135 844755 601720 324015 506566 442127 644925 105542 175564 505911 750237 320501 537277 853345 875908 847713 74822 443004 377758 157722 740550
 140207 868387 366895 219643 688941 336972 555124 184019 516169 208965 351222 768098 354905 273303 257732 227556 419266 606765 555936 476765 1 451689 237588 662108 596984 691968 567126 468149 678124 407307 451357 360424 313433 525406 421724 349678 113670 490018 709098 210340 347551 219188 259855 708672 320649 576675 535420 281612 338197 257587 859115 702518 282739 450532 630374 353939 267773 296987 610537 425493 626606 512200 260433 590441 625122 148122 363297 386208 433903 543828 385318 95752 192625 320141 350632 523507 356514 179392 248466 840535 779684 376293 717279 696915 589066 200938 213901 112843 217478 662006 490546 375636 776815 426762 612962 568618 310785 501425 529559 605449 614414 295962 384818 424584 403372 525722 742863 359390 733453 384962 674243 134808 169968 339495 447320 404462 396941 525345 872763 441418 634534 528092 381735 640376 636758 878366 547141 773203 445833 329167 488489 405525 326972 261049 573673 54472 379283 158048 668610 75292 276583 595238 676529 515362 319749 712431 106529 722866 685498 342419 697008 358993 304176 423704 836000 434023 684145 638743 221510 319789 232377 672404 501700 66211 548195 210944 478545 497831 528350 510227 678405 206217 508966 298127 353163 384675 363757 262806 137447 619327 490923 252714 687384 202264 235092 338091 380377 577035 230360 663157 217623 317391 389641 473941 668439 487104 283847 144948 565204 445668
 362180 921649 696049 329612 580589 589960 869976 593499 417342 593926 670616 958794 100321 314287 220178 234175 388496 220634 114380 276979 451689 1 346610 981318 684420 1102706 358429 903463 1042120 629068 543741 194606 142281 437519 816003 277389 564380 935986 918097 266349 159180 293715 710132 1118136 378780 887583 553701 383942 616079 707045 903752 946578 275671 743882 586870 596902 243921 710944 993457 549146 549098 237375 222734 191880 390204 332240 438383 88001 558898 252830 185115 487582 267812 719649 449178 849669 730319 392050 280995 821264 773039 647900 1127236 1024605 1018313 257514 443244 376236 312196 574984 824482 820927 862945 336176 393744 989391 565765 207920 953535 822415 386766 645959 427805 37014 474998 323725 824515 720894 1084159 706093 561480 345204 615492 747213 378828 832370 58528 874003 876213 860914 702957 734785 708826 225785 804105 948607 952530 885896 835803 775312 651908 173615 126338 194701 863036 495850 797469 530382 965113 526577 175141 731209 1050146 919107 688054 691359 505656 1050775 579249 505200 1018930 453381 699668 39616 839559 172809 739754 1049052 624505 514103 675613 926432 734915 398269 158397 477068 484023 220619 912703 405952 593144 598954 162513 749723 336067 790134 658443 561565 314349 248899 922360 668599 600483 582577 549925 738223 294781 208531 347362 947554 234085 659843 748147 921231 1013621 212099 254841 307755 209922 846753
 99290 1040372 599728 28454 787829 244817 789290 421497 603563 445720 324607 980373 252926 369513 136257 237338 523090 556085 460768 509003 237588 346610 1 897808 769868 921153 608505 687685 915512 614250 614531 372115 218275 619019 658057 412494 313561 695478 924765 258615 334324 66235 464978 938129 445289 810578 676621 417849 269673 465780 1027741 926361 351967 678903 753456 563742 103077 531779 846770 598415 734723 512957 130814 530754 659279 108642 506335 326038 608242 540858 389379 327214 139492 556948 502125 758711 391595 68859 66414 984377 926105 596305 946464 933550 810489 222643 397225 265909 46971 768538 726252 526519 957324 502917 653848 795318 520773 490758 755346 820345 651255 305493 516978 310232 551670 565090 920602 379452 971041 359749 770187 255006 341321 421245 538360 631003 312739 762515 1026552 671143 802552 737186 362796 570607 838528 1056554 779809 962465 682446 485590 681531 400571 260925 182305 804127 246535 610905 390242 901574 297293 219085 785125 913346 748864 349882 849908 216527 959628 785101 520824 933182 510130 370800 338178 988575 423763 849984 868723 459001 507965 453824 897812 717213 238538 491353 411256 608189 494894 764946 594289 786807 279950 471837 491266 447741 619674 311876 216960 176176 579236 712927 488104 795644 438286 457505 574615 446843 535265 7249 894163 192171 551084 405202 677169 905892 483256 93904 166021 530051 680655
 798617 562501 300145 876864 733172 950167 112234 482795 701418 453235 909895 292131 917515 667264 875310 771055 648477 1008354 1040173 801111 662108 981318 897808 1 457620 307284 819498 394446 131165 360251 494991 795725 888512 689155 280798 718723 624586 468200 244251 733104 823266 866403 534004 309053 611166 93737 562307 598616 935498 526410 571912 173218 705841 237482 639338 384933 902315 396926 180513 469802 682014 870346 881114 1012053 861802 796601 564177 893479 463204 892190 813819 570636 811058 361306 547380 139313 846634 841428 894923 661215 619977 333430 315304 45554 367687 758397 544217 651948 870491 699892 171601 651957 475599 705964 841470 322341 416007 883900 335814 240343 850802 848133 586024 973039 544229 806339 474166 865966 124991 928448 734959 676132 641701 776926 678992 374676 925015 143833 641249 333407 483554 293815 920217 1061563 322972 540260 260528 430669 257843 638669 381064 833532 870550 850964 125593 669435 355466 507805 55532 617707 841506 382726 161321 260852 837158 622350 725397 70212 729616 483262 37614 546081 788264 942159 625288 852515 505411 287242 446419 468959 501706 151107 269679 663978 980877 514708 590283 869718 202183 707486 701149 759477 928596 552352 664729 324435 939575 873705 748210 998869 372840 431710 705357 459917 449918 348235 716480 975353 890564 84568 798698 347319 886070 479886 71934 866220 924802 759976 957629 280610
 684008 272405 369155 741991 276568 933411 386813 508821 295148 468495 942642 292939 661628 412752 681394 553660 295925 628461 700983 430601 596984 684420 769868 457620 1 728216 408709 678886 577287 223830 155869 493025 651118 276930 517232 412182 641707 753420 273277 521285 535608 712768 660677 735975 332960 388888 138104 353546 935082 651699 262215 331078 443104 312697 184443 269881 721514 529699 584312 173161 231185 497049 688965 641820 436519 663391 267905 603226 163994 508580 499423 512906 638058 499479 268689 397136 924935 742716 733543 264209 205441 287517 744116 500712 728328 557528 385025 512394 726717 244290 401039 825179 188257 350159 416717 680135 304335 519944 667826 218986 427285 882980 266071 692155 223067 411825 150877 934709 582566 973868 280032 516510 693117 880769 309095 613533 640627 448404 282123 601664 40856 176879 969128 683364 150483 286692 613042 202502 515585 788945 129601 511475 613697 638003 342325 638285 568866 469197 412210 606146 611038 75898 602161 589468 896158 174049 700447 519778 273142 255334 487518 261030 864382 646433 248057 518235 89528 688849 496258 277420 604897 328778 217242 553520 622365 386654 201553 503849 539972 304926 244076 786053 574003 703345 355606 533483 958863 859784 593814 609820 674995 525670 247936 463576 388024 505135 390158 599566 763773 383250 597530 392657 963247 753382 522840 505237 748168 603848 582206 546147
 829787 868001 429873 907867 991746 891535 342258 516486 918864 509670 822502 599301 1019636 808319 944176 870957 843938 1183635 1184675 986859 691968 1102706 921153 307284 728216 1 1029809 244103 178934 563374 717905 941872 982716 911372 287205 878489 609139 277626 550582 836731 956793 911085 466653 17218 776997 343611 805139 750783 867610 463360 876335 480472 843718 432183 897453 560322 959051 397721 143924 684711 933104 1051353 948033 1180159 1080352 840062 750157 1019855 681577 1078269 964478 624155 876971 383724 729792 331870 736339 854617 940299 957289 911071 508088 25330 284470 131997 850731 667570 731270 908219 957066 334351 507431 777938 894511 1060759 127661 570885 1057640 168059 527186 1068560 768792 777720 1084914 746416 1006701 772430 759534 222706 829559 989747 761358 596065 659890 878836 290314 1044179 282290 942721 250621 760804 551665 819995 1232334 613688 846988 150222 735091 269211 516544 622730 986367 979141 935268 391060 674630 312901 573752 362739 624586 937966 659027 147705 183660 742369 901032 712316 286084 987921 663791 299844 731769 689690 1066673 923851 1010643 791061 53809 481938 638200 467720 456778 513880 722315 1143045 631777 812644 1045965 202880 922117 962029 702652 1092329 457269 835183 313556 857461 824346 814315 1181454 215596 442072 967709 520765 558027 365014 887434 1149900 914240 390724 884055 452448 770580 297098 236657 1039657 975809 824801 1133176 255956
 565563 594793 601803 581940 226216 839679 721653 609191 118763 585811 892329 701640 391087 295132 477211 378804 187869 226660 326546 99506 567126 358429 608505 819498 408709 1029809 1 894204 916682 470691 324546 236401 406687 133781 757959 217682 667347 951476 678561 372986 275932 542352 769033 1041951 275177 732652 272705 313185 856115 762299 574696 728187 285550 604881 256576 469582 518528 698731 895109 351891 209512 121696 484119 245948 58543 533427 282237 309351 357441 115501 220173 537503 474757 687994 303232 715327 918900 619784 547939 475395 434500 521829 1051010 865026 984690 400975 410111 454516 562200 227411 702289 921600 556448 148695 46470 943538 463739 151277 917063 604626 47370 847760 253446 382979 283794 43620 520249 918202 940218 928696 207409 433618 728325 906616 152067 818364 341579 756506 534201 829117 411072 529488 928011 280182 554931 626930 887831 590826 769091 876029 439731 212918 359348 428092 694012 621583 773810 540517 785684 622153 391134 476297 934438 856566 879436 355234 664474 888331 225462 367321 854738 300016 870137 331512 499748 196700 433721 980576 623085 395408 717249 718478 549819 501264 238991 442202 229575 137834 826934 112037 244142 768968 203577 815888 223470 750638 893040 785569 472187 203859 903061 669048 250255 574843 503939 702979 187000 202701 605416 760541 419739 589153 948403 943005 872152 146531 541604 475296 187337 791664
 600854 883608 315330 676848 907648 647467 352410 310996 795775 318805 580216 653750 813247 634448 725457 669317 707094 1014623 995913 833397 468149 903463 687685 394446 678886 244103 894204 1 320260 468832 617170 763160 773775 793183 162218 712354 374147 78356 592854 638826 769651 684343 225347 261261 622770 367621 715610 589180 623807 223133 885999 539389 665368 368630 818342 443352 735279 199217 236141 580625 843410 891321 728422 1006346 949756 615005 613881 826032 581066 920888 787536 415886 659294 206239 592803 321442 497326 619816 713051 936469 881412 403024 268447 400545 122893 646248 495201 527270 679263 873152 299389 275052 784685 748541 931711 117707 435718 892097 79041 527799 937766 525359 643382 881326 623926 863819 767600 519928 384587 589120 901155 558343 354648 421486 743073 75972 845594 276088 937906 77695 717752 511814 579724 1058775 607704 872616 143064 752546 168672 276743 553290 809800 777357 723423 404216 442969 120683 378078 437580 396006 731705 625121 300243 133914 500499 849909 474450 417359 903692 533326 410814 597174 447895 870206 911081 836443 758902 197785 283760 502533 236251 507419 468247 508752 966482 459746 701972 882701 192663 796271 882427 458802 918559 213173 679621 149152 614753 580415 599296 1017719 29071 237349 889665 330534 391592 191922 728639 981476 680997 454622 674676 310536 533244 86222 350215 874659 749617 608758 966030 136962
