NAME : domp200p66v6
COMMENT : Cherkesly, Contardo & Gruson 2022
TYPE : DOMP
DIMENSION : 200
DISPLAY_DATA_TYPE : NO_DISPLAY
OPEN_FACILITIES : 66
COST_SECTION
 1 420410 539302 619999 729578 403395 444409 615686 455126 489209 197390 660329 250563 625342 605536 458323 478661 536681 586079 209253 300551 484271 495756 304789 120770 550059 202999 451505 310319 352816 142217 345450 232409 703467 357023 375222 399788 429622 298895 295897 233147 395606 317323 151246 386678 682072 405289 382635 425792 357293 323541 283341 480990 239721 312245 68575 515265 483505 139157 334373 611904 440921 182902 321887 599577 382386 657336 393919 386784 644763 25242 198962 146135 493210 569536 330329 566010 260855 387569 609513 157202 117614 476466 363120 408187 439541 386575 460514 579785 326543 241863 703006 423378 318912 437447 160648 763846 475253 258956 521237 297751 394384 312485 254773 373542 349884 338903 441553 397982 428859 495172 393020 145056 670983 368926 177090 593399 277798 191072 394832 557295 664454 348471 437470 281650 347812 140042 82122 514840 112064 573179 635851 240914 510080 575045 508967 319288 141818 166951 344488 563135 611039 491270 294635 291633 212994 295694 454128 651514 248321 463282 419808 237235 685922 515795 599921 201763 451226 453769 476021 292156 604255 310074 383173 144728 709037 305264 386933 313238 584152 565106 509787 650851 286218 469038 535538 511437 373690 560506 206228 429231 453733 419579 558153 319965 361717 723284 529462 194645 250500 525476 134465 323071 382538 108200 557012 357339 216054 658401 593342
 420410 1 410079 663438 574735 823291 198351 905946 718694 345689 307712 990429 670501 631368 716782 334477 483107 899162 706662 301964 353657 885223 350518 127656 345750 936710 222974 846336 115972 695322 518774 317049 290537 660296 723585 74029 776549 252805 452129 576968 196737 104296 508740 339445 720428 536722 808708 760266 78733 376895 553954 156598 883487 574192 537246 362297 928789 159867 479373 289283 513087 494859 515299 416087 680658 105671 704507 697322 125821 704230 407326 443185 296087 654528 738194 128244 777307 670264 366584 472954 528416 329578 863789 682010 171338 291723 399334 400858 914974 536089 658138 1014774 72514 633816 855173 269830 1091848 888356 518432 915006 641420 737196 532637 423318 753568 673132 599261 296282 142751 844063 913074 813406 558688 973135 290042 474253 974116 384411 233410 770690 531693 543415 355268 847659 675336 221144 290322 433971 853200 502539 650122 713069 434632 921350 848747 384283 736807 501484 541124 764374 932605 709275 254939 134466 339626 620193 704370 855807 985288 539062 876311 833132 588801 1017398 898655 383606 621190 162522 871106 111743 420839 784436 215077 716377 277195 1029145 576073 295863 704628 962799 480225 920722 943660 197553 606806 767208 792692 554459 649195 534845 80885 79132 834603 871290 392057 741094 1071410 936830 608818 608584 934263 404239 535929 798186 320764 593320 771333 632814 597357 531519
 539302 410079 1 290282 193478 846818 603598 682541 514326 66099 343339 798985 718222 242898 377825 726753 153473 767049 377303 331916 679906 825857 60387 454265 418850 1075829 466162 779893 438854 891737 529464 671883 587918 251938 637739 460496 692063 648859 750107 816635 382123 308706 345481 388058 592794 146785 921977 917768 332200 193578 823407 473537 828166 508123 384697 529511 1006629 569587 480419 643902 103033 206159 713723 736903 328631 312039 326091 542620 290334 332990 546785 391849 408361 376563 439245 326661 505186 780097 157094 73090 695985 537190 1004138 898794 240855 685290 753572 90954 742312 815693 686946 797785 338119 517266 856756 412981 884459 864079 766439 1042460 554328 933577 805815 324729 908084 886101 442934 121910 540428 834511 908549 848739 606522 751365 659600 692080 1121685 278682 465296 686187 148306 140016 703674 941717 813479 590855 500336 606669 696680 651355 303294 351272 346339 1007426 619453 31668 813948 677748 706141 795909 1097155 362626 163080 370878 249753 739150 698961 802969 799270 769070 853426 918388 775448 823825 1044914 109734 674275 251003 868327 321431 286658 483627 266197 589388 442384 819980 822468 671495 663052 846486 75397 884338 716395 303251 328248 516582 584619 346882 311640 737636 490269 487972 825671 680158 718528 896823 892936 887032 642895 552703 1027093 622049 372509 877635 447541 233947 768633 669486 188493 127726
 619999 663438 290282 1 307886 792836 839652 464924 349315 336658 467990 591856 704051 58342 108655 942189 181238 608827 120369 461328 852048 714148 334583 667825 520949 1077450 639809 669930 655419 952380 540868 863060 757681 142703 541285 696428 584341 872519 895611 915692 564782 559421 311315 491860 473613 284831 921452 948534 591891 306419 941440 677960 719135 468950 332833 642371 971577 820896 504540 838025 220490 188615 801636 898765 57983 557983 41745 414749 537628 42806 637753 422965 539143 189145 199275 551765 276127 797678 302629 275456 767493 670498 1013429 972555 494767 904376 936501 263785 556242 941391 665958 572355 596846 432092 785449 558476 658681 772892 877655 1038896 480955 989430 928383 366047 937951 958712 353890 372881 773317 758328 825912 802966 619445 526940 861859 796079 1125419 356050 633843 579684 142267 247778 887285 925323 845033 800411 646127 701146 530513 720277 59628 63547 379092 978118 406540 301522 803222 758456 774026 755702 1114994 88117 444293 582476 370399 770252 650268 699570 596097 868289 764735 898630 845413 612671 1054399 388842 673505 520419 792231 594603 331732 231336 467005 471702 586133 598102 925254 876980 595216 689574 218145 781615 491647 500042 174324 305757 397071 265400 78274 824220 738151 742349 751276 488759 886157 928915 686287 774157 636266 505194 1000563 739947 318265 859117 567865 71649 708235 658178 158467 172587
 729578 574735 193478 307886 1 1012325 772825 766806 625674 254456 535289 891842 893218 249866 416274 903583 283157 888482 425751 524086 869405 969937 247856 637570 609845 1258067 657717 923962 621594 1082392 706849 857502 778653 184508 784219 634170 835342 823496 942430 1009862 573758 481131 499660 578679 728600 47507 1102646 1104448 496273 375392 1016851 659096 973396 670604 536015 722475 1179449 729412 659370 829142 126991 339918 906042 927511 364167 487181 324165 672848 466090 341018 738253 569006 601481 467447 502562 510477 578210 963196 342463 120838 886694 730664 1187486 1090743 416349 861282 940238 269843 847894 1008968 859600 877270 502614 664045 1016680 606459 964142 1016903 959890 1223374 706927 1123882 999191 500534 1094550 1077908 584397 310628 713133 992423 1065123 1016801 786068 831296 842269 885233 1304621 460089 657410 829833 219402 73531 890707 1118850 999501 772334 693656 798906 812678 841401 352265 368364 521356 1181813 706032 225078 991143 869269 896516 964910 1282654 395964 320465 557235 438101 924370 863739 950107 894801 962213 1007046 1094459 966501 914107 1228559 193171 851877 412485 1026736 471647 460357 538317 457904 725727 635857 902355 1015815 852932 820738 969754 170938 1032924 795784 494581 429789 602089 686167 483260 368318 929963 655464 648269 984085 781533 908427 1083580 986916 1031475 818472 714112 1202372 815464 521953 1053607 640404 292698 930912 844378 149468 167815
 403395 823291 846818 792836 1012325 1 831864 508040 467551 816458 556624 467146 152848 825821 723426 808839 729582 319316 702024 567662 634926 172309 822001 707619 491078 316520 605732 182431 713632 358640 327767 695547 604637 919982 257588 778038 231615 803647 572351 448138 631417 788816 513048 509842 331698 967528 191111 280194 822378 654720 511273 684883 164063 341728 478220 466250 181465 879669 377171 695455 885350 674083 391069 621128 747160 775927 815997 387718 776522 796682 418987 458396 534914 608157 642543 724664 590918 201117 692422 904447 346764 508677 275945 403127 787721 802808 700455 756282 404774 533017 169217 530759 820701 360991 50131 556932 548253 108353 469613 275640 312808 365321 518889 523006 272381 393422 440695 783105 793773 67681 98159 24390 267300 524561 729348 433611 362017 572189 594024 233727 800379 939388 681775 162187 243328 729559 540418 411706 363191 345666 733609 775003 501315 191541 510078 822259 122599 371122 337016 58924 373597 739236 852946 694425 612068 240054 148610 155181 453955 433751 100969 136411 348311 482771 309032 934732 202125 834171 65312 870393 560199 650754 683419 332274 546244 520520 462070 745711 197664 306707 842303 144605 526499 669484 619183 548204 465044 538218 715404 390094 831155 856187 66108 434798 633453 273488 478732 174996 218924 298381 214874 467155 492818 114968 504217 756179 84627 192885 897453 849191
 444409 198351 603598 839652 772825 831864 1 1017887 835825 538046 418400 1084989 683320 813448 880003 143091 658570 973785 867217 417923 235127 928467 543356 179617 421601 875716 256534 895836 188474 620401 575149 175679 228355 850594 793017 144449 840155 64593 337915 487760 295302 295001 636666 430138 807712 734185 771447 702347 276559 538384 446420 182053 924994 654720 656919 375959 901230 72687 548925 157906 706454 660085 464868 288112 849570 291727 881316 797685 313433 878575 422965 544145 373482 801947 887112 288143 914738 649647 537145 668929 495759 328235 807056 595613 362744 102106 241171 583208 1005756 423339 682230 1118884 270212 726393 871868 343517 1188712 914914 432203 861808 721003 658205 425270 547095 698024 590106 711421 485413 66470 867094 928279 816924 588871 1081094 136600 418831 906264 521214 268479 834850 715444 739451 211620 817553 637858 103385 306586 420162 941253 487058 818766 883963 551888 889969 966156 576144 726218 468692 507669 774544 857753 875316 452571 259623 485815 601318 739362 898314 1077823 462396 903131 808943 533487 1111568 836172 581957 638203 360348 888642 306942 557130 931634 373308 803804 332601 1129355 482256 131606 756513 1026518 670893 950665 1055247 342711 758217 897555 905532 689863 815118 477780 118540 132332 858139 972291 263558 686057 1156688 971968 637472 679428 898430 367279 659535 780194 377677 768216 797724 656515 788472 720861
 615686 905946 682541 464924 766806 508040 1017887 1 187526 694287 604839 127596 513728 520124 358388 1065334 529069 204027 344572 608059 915880 356663 696308 842874 597571 824276 763293 329022 838460 813305 474597 956652 840056 606558 290337 901209 285227 1022012 906178 846237 728233 820988 398546 587798 233881 736015 691571 762587 860694 557109 897473 836047 364674 376340 368714 676091 679118 1032368 481876 941632 657861 479113 742687 935791 406944 812557 463287 223268 799849 442636 640913 473916 644520 307180 265728 777914 189059 627491 585523 703425 692801 723849 781828 850544 778910 1040203 1002261 607016 119205 910003 479960 115541 862870 297945 474637 674416 201919 433415 836396 783484 320035 835478 894489 482668 752734 837578 308229 697036 957233 446821 487981 528750 510906 69667 974803 764185 869020 523454 751958 285479 559125 699288 963256 669792 684135 938017 726727 684724 144850 657352 414884 413918 472495 693254 63102 675218 585660 701141 691553 504178 881335 379453 784440 779634 571333 630286 424332 360169 133419 809932 431259 643268 745928 147761 816591 792214 517673 822194 472071 888893 487995 237911 694916 236773 687513 137604 859792 992816 363404 267580 633684 422098 37729 708407 354324 166971 113380 360918 398499 756892 956299 972430 444690 73493 935363 749125 221396 400697 487719 368913 716309 746555 370376 614533 644983 475633 438869 491716 619031 608131
 455126 718694 514326 349315 625674 467551 835825 187526 1 517977 419735 288108 417793 395127 262277 891390 362909 263241 241856 422312 750351 366908 520676 659031 419201 774182 583724 324018 653875 707762 321654 786093 669004 489376 210237 715675 242660 843513 753006 715409 543614 633521 211052 406303 135855 588968 625120 676257 673242 372874 759810 653776 372421 220276 181753 509410 648996 847389 316354 768986 506557 308170 604596 776744 295724 625042 363241 82520 612443 342574 479807 292453 463924 161899 175568 590579 128230 528269 403297 545600 557859 554909 718997 739224 592358 863910 838141 432554 228007 768794 379282 299523 675382 144132 450943 493430 381909 430300 696042 733710 185738 736931 753613 295639 665731 725514 124646 515494 773949 422612 485028 482205 377078 255859 801158 618410 821645 335936 572833 238878 407959 553959 796240 616982 583253 759955 552714 531048 187029 516621 290729 317490 286428 658701 130798 502961 508299 560703 559300 442251 821953 280408 602746 593415 383956 517590 341553 354863 286925 674180 423302 589496 622277 314098 757946 622662 404992 636227 455161 702035 300571 184903 507392 135342 508894 317261 728032 818988 278591 344591 475316 435363 225163 521142 195990 88016 75351 176664 272065 622181 770342 785926 416785 166919 773479 659440 380227 425969 369218 230656 681933 589319 182889 553482 468569 335613 384708 382100 485698 459381
 489209 345689 66099 336658 254456 816458 538046 694287 517977 1 291843 805689 682044 294983 413858 660659 174712 761559 410257 280035 615693 808320 6717 388353 368471 1032332 403264 762784 372881 839910 493153 606437 524382 314710 620961 394670 676354 582845 688029 759781 319304 243429 331328 338654 582612 209152 880247 870566 268461 164173 764032 407968 809984 483496 370831 474141 970539 505472 443399 578370 168445 216176 659472 673315 367956 246348 375086 536360 224637 379347 494714 358143 352973 394096 464690 260702 525010 736828 126460 136819 644565 478565 959864 844917 175449 619217 688394 87869 744337 755444 652780 809812 274230 502431 829864 354939 895483 841357 708338 1000151 535266 882153 745998 294291 861128 832495 433119 56533 474603 809003 883339 816673 567527 763803 593717 635679 1077488 244275 403002 670349 195747 205611 638574 902723 767268 524852 440509 552876 694645 601053 340126 394495 315880 970219 631378 38670 775480 625090 655174 763540 1050705 400859 107636 305382 207172 694045 670226 783955 804869 712589 830321 880291 723286 831295 1000274 118308 636360 189205 842281 261710 259861 510604 203490 578983 383921 830632 765063 605512 639270 839293 134853 863866 729528 240126 343828 531269 591009 343794 345472 683316 425476 424060 799924 684895 654526 849599 898199 868804 606867 528027 989170 564468 360326 839793 392834 273347 740918 633766 251673 186834
 197390 307712 343339 467990 535289 556624 418400 604839 419735 291843 1 683749 410386 460586 481845 491592 303634 592220 465958 11998 384504 589932 298403 239865 76779 743949 178415 548428 234174 548675 230768 400439 290657 528057 419150 296385 473465 433122 430663 476279 123989 242399 218547 48771 412732 487879 594705 579409 280251 172690 489261 237358 589227 268486 239077 188688 694281 427706 184008 377487 421682 279549 370760 430939 461743 230706 508596 390916 226265 500231 203499 135501 72115 389717 474463 184794 496995 450013 196917 414629 353044 206202 670850 555551 231433 458589 470084 269086 607604 484951 387527 710697 280292 326127 579697 90983 785859 603860 429030 713266 335066 590718 473460 129038 570123 542803 296616 244675 355099 563789 636654 552210 292435 670418 405080 351590 788295 113762 170285 467479 379528 472673 421599 621497 476976 352322 178369 263620 545545 309217 432035 498226 133796 691746 550519 312569 496665 334416 363483 499614 759793 481499 300914 176072 103354 405141 420779 561570 678263 428308 591993 600948 432232 710703 710815 403155 361669 278367 594286 322565 145485 517408 126918 408680 118144 723871 483099 421700 408957 657907 375237 632930 642509 118675 350443 479157 491581 273173 423767 394681 351717 368867 554289 565767 418185 558454 763781 645280 338225 305774 709199 284928 241180 561404 106973 398645 491418 364901 477028 409019
 660329 990429 798985 591856 891842 467146 1084989 127596 288108 805689 683749 1 510761 646512 485798 1117999 645952 149402 471601 688709 959182 298347 808231 915538 664040 775046 828457 286015 913034 803672 518651 1005758 891471 733797 306751 977984 278214 1082323 935966 856339 804104 912089 493155 659522 277432 859814 657797 740181 951832 660007 912495 905296 306873 430526 458628 725521 621884 1106528 537191 993774 780396 593424 761937 971332 533880 902638 590851 293108 891848 570173 685282 548710 713492 427874 392584 863930 315731 620034 691184 824191 710920 774786 742333 844418 875676 1096701 1042672 719637 80563 928034 483099 65361 953402 359691 425372 743503 103905 374512 855211 735231 365399 819887 912519 570159 731149 832380 393816 803423 1027530 400506 424157 490355 536743 81722 1027971 789827 816862 615741 816550 281121 681271 823350 1007710 627703 675372 998416 784123 720219 145499 681794 540738 541473 556682 638279 185911 789394 564681 723784 707418 478089 836764 506852 890576 859794 665121 632889 420306 311974 13470 825248 375765 603025 752762 26970 773232 908171 526720 920661 418573 984056 582188 365492 785302 281299 752404 54152 870384 1046047 368824 177599 754036 353653 109208 794400 472541 289837 214796 464497 523938 772750 1034110 1052309 401057 121951 974095 729616 95127 326688 503327 410427 660361 783916 463430 580650 707467 599680 413570 500406 744838 731107
 250563 670501 718222 704051 893218 152848 683320 513728 417793 682044 410386 510761 1 728968 650864 669822 614498 364800 629252 421815 497125 261615 687930 554977 341629 373684 453085 242887 560843 299605 189032 555182 457962 820141 224603 625413 234159 658435 447210 347288 479301 638012 402821 362517 292728 847040 217404 258482 670893 524645 406000 532556 256025 235206 373679 314031 288615 728927 238662 552450 767216 562269 264522 491498 665288 625023 732643 335747 626446 715018 266564 326407 383761 530960 582341 573475 546008 113986 561510 780291 214975 357584 309773 337214 639994 660373 569348 629271 435260 423896 39039 567563 669052 283289 188787 404909 606352 232974 353524 335810 235141 323467 408664 394145 247974 324483 353200 644540 642995 184436 245888 143791 117983 549003 586911 301625 421586 439805 441323 232268 689569 821675 545286 226078 170619 581971 388140 264245 377928 202441 646923 696983 372804 289267 496889 691691 99690 235206 208047 93930 412101 663705 709968 542138 475164 122641 90865 232978 498994 320568 221501 201259 243072 532081 350543 799591 49731 685854 205477 719479 433602 600884 536330 291393 393552 564549 361466 603867 150459 385276 722285 269789 540908 520265 530648 505289 440032 439620 629858 270200 678800 703684 175785 442367 500659 241984 548386 294056 75340 200376 309324 323326 388594 160418 352001 657696 119618 48868 790028 735643
 625342 631368 242898 58342 249866 825821 813448 520124 395127 294983 460586 646512 728968 1 166409 921874 159656 657119 176508 452728 841325 756118 292104 645838 519743 1102573 626361 711225 632582 965613 558137 848096 746597 95241 578699 669270 624320 849739 891071 921005 548080 527077 328607 489450 513878 226566 945976 967460 557461 291580 943059 658209 760716 494184 355300 641649 1002587 790344 518394 822186 164811 184720 808127 890690 114454 526832 84808 455367 505867 96230 641369 432638 532620 233242 254535 525493 331066 817764 280814 220567 776858 666038 1036784 983366 460727 882938 923948 230897 608080 941409 691628 628819 562731 465163 821342 549406 715399 812002 880164 1064739 513014 1003859 928957 370786 956967 969648 385127 336515 747534 794814 864011 834610 638011 583155 844280 799265 1150408 352692 621394 619396 100060 189569 874241 952740 862951 780633 638684 705068 579293 729554 106521 120956 386346 1008167 460747 257998 828603 765890 784181 785919 1137356 146171 401898 559775 359201 787484 680775 740066 650319 873163 803368 926453 855914 667854 1077964 336356 695521 482513 828987 556045 333368 288636 444099 511667 578019 654315 929884 858731 628378 738249 168371 822663 547751 478883 208387 358443 447543 289949 124441 831214 708123 710500 787397 540799 876710 947443 741246 816766 658821 532937 1030261 739634 340396 886407 564154 71422 741517 681942 100402 119170
 605536 716782 377825 108655 416274 723426 880003 358388 262277 413858 481845 485798 650864 166409 1 970551 241758 512948 21641 477616 863524 628881 413119 702757 521505 1020340 659701 586280 692116 918153 505805 882282 771115 248337 466768 740330 504151 906160 895077 896582 592321 615025 288258 495667 394809 391553 866557 903772 650622 342429 928944 708638 634538 420601 297381 638735 904406 869527 477227 859163 322234 222009 781720 904773 52710 611496 106012 336752 592649 84998 626121 407127 548911 120241 95019 596752 171046 752327 350320 375059 742691 673210 959973 942646 554745 935193 950446 331272 454565 931876 611940 464254 654928 369195 710733 572338 550350 692381 864200 980711 418522 952654 917966 362909 893114 928697 298525 440308 813649 682755 746849 735949 579906 419100 885947 782419 1068277 368462 652032 500073 232275 354351 902664 865059 803183 829312 654859 687652 434349 696397 74534 57063 370359 912653 301713 382837 747883 737411 747645 691837 1062701 21071 519795 620383 395782 730629 587259 617126 490624 850534 685159 837834 817427 505909 1000282 482733 626330 586608 715872 660711 336892 122811 508424 393547 597503 490216 907313 902148 528007 592586 311637 697524 383955 537345 136706 204843 299174 232277 68955 803057 786747 794249 676446 387102 894859 885067 579717 687318 588743 450675 935595 733681 284711 799652 571621 144064 639164 607935 266808 272438
 458323 334477 726753 942189 903583 808839 143091 1065334 891390 660659 491592 1117999 669822 921874 970551 1 763434 994369 955739 494324 173944 927391 666432 276417 472946 801524 313703 900249 290453 545410 599374 115031 226551 967535 815282 269559 856553 81807 255579 410204 378809 422456 706822 489863 842325 863009 717518 636141 410200 636038 357237 264231 922760 690938 720424 392485 850036 211177 584144 124249 828431 756666 420639 201089 945458 416790 983886 842108 438183 978895 433746 600868 432065 881243 965816 401518 983848 613590 641346 795058 462177 343326 737855 513236 488156 42755 129142 695493 1037539 331798 676927 1158530 403796 767825 853344 404553 1221706 902172 362356 793493 753416 578384 338169 618814 633748 510584 767405 605755 191984 853294 906966 790791 593675 1124331 90533 376129 826534 603012 323015 851828 826751 865248 128527 767131 589979 141831 338979 409818 972530 467383 914905 981098 618983 836369 1018809 697674 693587 437823 472336 754864 774319 968337 583553 362580 575720 569540 739101 897591 1109446 397323 890930 763090 479081 1143802 762002 715464 630304 492726 870190 445556 636693 1008154 477909 838654 384563 1165854 401406 72528 767627 1037860 789919 939352 1101722 443054 841638 961553 956099 763325 909011 426950 258224 274749 845001 1012441 181856 622690 1181446 963843 637992 707580 841423 347473 725701 739895 422893 870599 788827 652354 906900 837855
 478661 483107 153473 181238 283157 729582 658570 529069 362909 174712 303634 645952 614498 159656 241758 763434 1 619737 236519 295126 682060 689787 174932 487998 367142 983909 466780 643701 475202 826625 431803 688455 587318 225628 502793 515208 555093 692463 734166 772113 388500 379464 216609 336085 450926 239634 827466 837777 413121 132408 790464 499408 692863 388024 252901 488398 898567 639924 386845 662603 156277 57795 661192 732154 199657 377484 222812 397643 357448 221253 492473 296838 375727 223498 290348 370576 353146 691791 122186 185094 633814 509799 914984 840840 316232 724972 764366 89603 590795 787480 579678 644330 417830 382094 733526 391109 730987 734472 728606 947930 424045 866430 775516 229690 827536 827370 303510 198679 592288 709335 782186 734592 512150 597922 684972 648750 1031110 201139 461951 549439 78773 209918 714628 840574 732443 621922 480851 555950 547387 586843 169995 230458 248603 901674 465980 148564 713449 620419 642157 683076 1012836 230703 278697 402245 200972 656624 581084 668929 646481 724025 724463 815548 713779 670638 956257 263159 575411 345630 743633 419919 189487 336035 286537 447793 420058 666511 780231 699586 537593 700098 116383 751494 562990 320448 174798 363232 431949 203197 172828 684726 557116 561820 700967 527781 717741 817219 740143 751334 540663 431229 922670 586171 238940 774777 408990 110308 647855 565894 180669 121173
 536681 899162 767049 608827 888482 319316 973785 204027 263241 761559 592220 149402 364800 657119 512948 994369 619737 1 494547 599116 830261 155535 765186 811921 559474 631007 718786 137182 811480 654899 399024 880428 769059 750511 180809 877879 138778 965079 799271 711821 705955 830772 432069 560611 183189 850942 509284 590795 869891 603723 769407 798349 163888 325306 393325 604158 480955 1002107 426561 870800 767939 562951 621572 837520 553042 820080 618013 225235 812161 596965 560878 457816 610085 424469 418771 776704 347450 472130 638785 804416 570545 653701 595156 696050 803354 976197 911243 680551 88260 786015 339673 211711 870598 270004 279749 639464 241552 232969 713938 590715 257864 670591 770584 494146 581750 684184 329018 749150 920022 253668 286114 342117 403465 206787 905458 652235 674122 544348 706550 143054 670008 816379 879139 480868 527021 882070 668203 589094 78606 544850 551526 569913 476957 496287 229337 752003 415342 585395 566096 328688 691229 532892 833916 765442 593975 487405 275477 164772 136685 682763 232390 455633 607754 168311 627178 872671 384912 850155 274646 907400 515166 407305 705650 187153 643979 203483 725959 923422 230104 81350 734552 218620 213834 708632 458720 308920 213862 420249 533089 630851 934429 954744 253461 138524 842149 580228 188080 196673 365156 294988 518922 653059 402300 431969 597796 598832 264269 358958 748878 721602
 586079 706662 377303 120369 425751 702024 867217 344572 241856 410257 465958 471601 629252 176508 21641 955739 236519 494547 1 462085 846517 608676 409865 689372 503790 998703 644127 565859 679044 897073 484934 866262 754473 262298 445509 728396 483328 892235 876655 876463 578043 605619 269018 478420 373774 399082 844918 882290 641753 330911 909345 694561 614255 399189 276970 620293 882952 858232 456920 843436 327148 212027 761615 887067 62418 601685 123474 315589 583197 102419 606896 388009 532250 98782 79095 585375 155946 730859 340845 378718 722256 655414 938338 921787 546445 920792 933661 326081 437952 912541 590323 452343 645912 347556 689600 556150 538891 671691 844561 959080 396885 931446 898558 345410 871632 907836 277015 434193 800959 661668 726051 714462 558730 406767 870603 762828 1046641 352983 636238 479196 234212 361878 886110 843442 781814 814755 637817 668172 415948 676065 76355 75869 352159 891145 286580 380529 726245 717255 727099 670261 1041072 38662 515205 607694 382051 709370 565651 596591 476003 830550 664382 816222 796736 492311 978643 483707 604845 579548 694851 653413 320646 112869 496739 372462 580920 477935 887279 886940 506475 574523 313519 677212 371417 524829 118097 187545 281056 212488 65664 782843 775580 783694 655309 370425 877480 863614 565950 667349 567261 429083 914076 714833 264516 778023 554152 145404 617726 586379 276563 276977
 209253 301964 331916 461328 524086 567662 417923 608059 422312 280035 11998 688709 421815 452728 477616 494324 295126 599116 462085 1 390751 599136 286606 238772 88720 755946 182088 557361 232312 560295 241336 405001 296550 519020 427060 293365 481635 434410 439049 486962 122714 233807 218775 60684 418924 476703 606665 591359 272046 163557 499159 237742 598540 276226 241040 199253 706004 425194 194094 381567 411085 272735 381970 438185 456378 222350 502126 395673 217134 494158 215066 141566 80964 387590 472540 177589 496876 461986 186629 403371 364715 215182 682847 566894 220808 460660 475780 258493 613014 494485 398636 714706 272293 332044 590336 97160 790520 613961 439274 725251 342431 602381 483151 129245 582081 554187 299898 232699 354022 574190 647195 563440 303897 674051 408531 362239 800290 109156 174571 475627 370482 461838 427010 633356 488962 354353 185959 274850 551322 321020 426482 492763 135896 703537 553104 301066 508422 345907 375207 510782 771753 476781 289141 171767 94281 417137 431165 570911 683420 439040 602118 612748 443808 715674 722809 391178 373188 267904 604845 313488 142396 515919 116264 414871 125321 728257 493637 424948 418331 665525 364729 642773 645761 110223 347317 479998 494715 272360 418642 405891 348242 364727 564698 570200 424946 570405 769494 654805 349430 314242 721035 294986 242411 573165 117275 391588 501924 376154 467424 399165
 300551 353657 679906 852048 869405 634926 235127 915880 750351 615693 384504 959182 497125 841325 863524 173944 682060 830261 846517 390751 1 756221 622160 242099 344312 643136 216604 730678 258440 386785 442642 64061 94743 900764 653531 279814 691658 184890 104032 253012 299382 407207 583901 368183 687108 824779 548316 472226 411612 549771 212278 215608 751334 539562 590451 241012 680299 303614 435306 77295 775406 663436 247307 62556 845878 397108 892877 693402 415164 884729 275319 469192 314932 762988 845165 362144 853192 439970 564486 752327 288234 196248 576071 360630 461236 172765 88276 629109 878636 190333 505970 1003232 405836 618367 679617 293666 1062257 728938 198770 631347 598251 423685 190893 501325 468770 355443 629302 559196 234725 680017 733064 616848 427083 971529 103145 202371 672270 497900 220339 687227 753653 819570 48927 596912 418351 143081 208701 241429 813898 294940 816367 882448 496605 667425 873645 648661 519820 264024 298417 581170 623041 864494 562668 313498 482551 395613 569097 726618 949940 231089 717785 591571 308764 984400 603503 695209 459035 482249 696452 459231 527104 884456 414307 683634 266738 1008662 247173 116122 601352 869880 732168 766238 951254 377078 729023 826546 810162 641956 807621 255066 303268 328735 671824 858670 39708 457187 1018155 791153 469156 550679 673807 177666 598126 567137 293171 782036 616479 481904 844448 774608
 484271 885223 825857 714148 969937 172309 928467 356663 366908 808320 589932 298347 261615 756118 628881 927391 689787 155535 608676 599136 756221 1 812942 782488 539671 476907 682915 46096 785191 525478 366454 812380 709262 851288 188119 851865 134707 909917 708784 601079 688491 832096 480379 549503 242801 928531 363138 451667 869249 644494 662305 764155 8526 329636 441205 552556 325523 966810 407635 807388 844671 632030 525895 752937 662062 820125 729989 300847 816179 709402 505529 466541 589143 525028 538937 771984 475320 352397 681937 873522 476585 600399 444826 568921 816897 915163 830444 735570 243739 681825 250466 363068 868811 308821 127490 616020 376077 77434 613268 436954 273071 535524 666897 519328 443480 558241 386280 785538 881715 104629 131319 196428 339604 362008 842160 563147 519329 571414 670605 140350 751099 896491 804780 330076 402826 830193 623717 517946 216215 461538 654800 684383 498918 341113 372204 805957 283530 496480 469458 197216 538425 647273 864807 751223 618189 379130 189465 30153 284960 579182 77488 306123 497472 312219 475001 924827 297222 864439 120245 912496 549520 536577 713665 245315 613296 350811 615285 859561 181237 134722 806112 69213 369067 708485 548833 433527 340711 487036 636059 530368 907643 930571 107232 286506 761543 443748 306628 61561 291588 287193 363612 579929 453738 287266 567401 691316 143042 275169 839947 802353
 495756 350518 60387 334583 247856 822001 543356 696308 520676 6717 298403 808231 687930 292104 413119 666432 174932 765186 409865 286606 622160 812942 1 394426 375009 1038645 409862 767363 378912 846534 499001 612683 530923 310120 625472 400137 680799 588475 694661 766495 325915 248585 335414 345146 586571 202644 886464 877033 273061 169120 770740 414187 814656 488544 374942 480832 976456 510233 449273 584592 163104 217747 666149 679846 366781 251721 372713 539960 230012 377322 501327 363755 359657 395330 465174 266755 526131 743109 131307 130488 651170 485282 966209 851591 180652 624933 694703 89394 747293 762136 658538 811845 278878 506730 835176 361655 897635 846375 715055 1006405 539918 888767 752699 299614 867584 839163 436951 62965 480071 814215 888542 822326 573555 765781 599795 642388 1083835 249816 409635 674802 193231 199511 644901 908798 773687 530850 447215 559539 697949 607618 339205 392879 321229 976200 633354 34557 781513 631729 661765 769205 1057149 399850 109922 311635 213209 700408 675633 788686 807514 719300 835365 886315 729915 833771 1006638 112940 642341 193205 847536 265282 264858 510959 210127 582958 390638 832804 771779 611524 644318 843086 130548 868722 731426 246728 345187 532915 593496 346932 344900 689995 430457 428749 805150 687580 661016 856065 900899 873492 612729 533100 995192 571185 364283 845798 399507 272007 746271 639616 246961 182756
 304789 127656 454265 667825 637570 707619 179617 842874 659031 388353 239865 915538 554977 645838 702757 276417 487998 811921 689372 238772 242099 782488 394426 1 252746 809363 101893 746131 16434 567816 418636 220468 166953 691505 632434 70444 682706 204729 333794 451085 116067 165279 457524 256281 639666 594808 683200 632850 171058 363068 431523 29423 780004 488052 478909 241925 805146 191024 385552 191924 554591 484665 387722 304143 674256 155643 709568 625066 174689 705501 288727 369266 202464 622482 707658 127681 735316 546632 365812 524526 402075 204803 736584 555245 222725 237102 303908 419115 837398 415218 546210 946361 165620 555853 742231 172693 1018753 779022 392701 788122 555361 609791 410516 368016 626256 546124 535154 332434 115268 733208 799960 696220 447802 907331 205371 346610 846541 341659 113718 677092 550349 593936 255266 723313 549282 136940 168048 309167 773648 378349 643507 709270 373650 797052 789702 424297 615613 374938 414785 648797 804954 698896 323424 86172 307374 496516 596954 752587 909081 412147 767005 709722 461222 942342 771205 456811 506492 240351 758532 220881 377521 752072 201740 635679 169655 958102 450831 217360 604491 870045 514820 812819 880427 167785 579163 718748 729948 510330 638922 407191 125209 149026 723868 800275 281747 613786 990999 831024 498002 517185 809335 276755 480957 675783 216009 596177 661192 520487 631316 562003
 120770 345750 418850 520949 609845 491078 421601 597571 419201 368471 76779 664040 341629 519743 521505 472946 367142 559474 503790 88720 344312 539671 375009 252746 1 667702 165779 500587 252010 472899 173467 371271 255323 592766 380741 318500 432307 424759 375369 405784 149109 298269 239624 31519 387366 562359 519409 502639 333145 240657 423628 241261 538102 235323 248481 121914 621876 443549 134259 352005 493871 335459 297370 383289 507852 285558 560254 376243 285458 549831 128539 127978 50677 418698 500965 235099 512335 374540 268840 489485 277139 151721 594477 481135 298805 444726 432274 341705 585351 421676 322125 697301 332012 304863 517619 80063 767585 546248 361471 637437 302616 514739 409234 158675 493368 468191 294794 321390 363506 503830 575222 484903 224114 659844 383166 281815 711843 167113 154387 426554 444927 545779 386388 547594 400366 340961 137037 190545 521305 232763 479449 544547 152384 618600 548007 388369 424111 259475 287329 433067 683039 523882 375064 211562 173016 328998 361860 510393 657233 357661 534244 527762 356726 690739 634323 479863 292180 344310 532855 379858 189347 540821 196267 383403 89974 707835 413470 400807 358895 619374 447159 577321 634697 178653 385838 488768 486182 297651 468977 321234 375048 395883 494309 550691 373969 481686 738349 592175 272254 265302 635517 219893 254992 488709 51333 454221 430934 298218 544623 477989
 550059 936710 1075829 1077450 1258067 316520 875716 824276 774182 1032332 743949 775046 373684 1102573 1020340 801524 983909 631007 998703 755946 643136 476907 1038645 809363 667702 1 716981 496420 820800 256740 552289 706495 659673 1193347 565184 874000 546601 827987 546910 391934 773719 936342 775547 695586 639806 1211148 156770 176597 961352 883966 445230 781092 468393 608849 747276 587273 157699 939619 598835 718944 1133666 933437 422074 601216 1037490 923143 1105310 692142 930730 1087308 551566 689342 695823 901360 946119 871822 900614 295762 919087 1141808 410512 609793 73852 289070 956604 812249 673767 989907 718248 471015 411508 839934 957804 651159 351357 706767 846221 400591 444371 40933 601820 223637 463541 757804 183152 290969 725077 988233 860114 378232 353624 297051 472313 837704 746148 465266 47999 798646 708204 548164 1060337 1188009 678006 157462 268688 775517 651409 507925 679456 444279 1019965 1068336 737335 139055 826117 1047292 274245 436542 397972 332025 67850 1034218 1041312 829505 826753 338817 433997 466657 761619 413321 399420 184930 348822 787689 39645 1146553 408798 997892 356719 1013294 798200 959019 860104 639734 684913 826916 400164 757844 495792 603537 1087803 424561 841655 835077 903672 858237 779081 813298 1002680 404124 916902 943770 379763 751164 622650 195628 771330 454326 444542 572543 119608 532639 762178 221078 656677 1031258 392545 420725 1161555 1104951
 202999 222974 466162 639809 657717 605732 256534 763293 583724 403264 178415 828457 453085 626361 659701 313703 466780 718786 644127 182088 216604 682915 409862 101893 165779 716981 1 647518 108694 483059 321789 223530 122541 684221 538312 172329 586989 259857 285203 376715 84042 225766 393363 177964 551187 612198 586049 541205 245864 334966 368671 81240 680197 398231 408562 140397 705873 284812 292814 199544 559791 451594 298833 271166 637688 213142 681075 541963 225626 674146 186902 291297 119988 567681 652152 166153 671076 447319 348134 539049 306953 107355 643594 475603 263960 282218 297589 412566 749242 356893 444645 862833 241862 470099 640436 91270 932191 677719 320186 693868 464688 525748 349118 305116 533998 465251 459087 347196 201337 631671 698139 594424 346597 825597 226665 261745 755836 291243 12352 581518 537364 605120 247915 624687 453198 176742 67365 211288 684785 279593 607555 673903 305770 698376 713174 434655 514787 280501 319617 546906 716767 658704 363289 117953 269427 397236 496320 652911 821299 333507 665717 610249 371783 855035 679522 491801 404637 295811 656767 298015 323882 694462 199997 547276 76141 872984 378900 243340 506368 774123 516070 711785 800453 163141 528858 650223 651666 449653 600262 320124 226309 250740 622356 716168 253963 521531 900612 730479 396711 423910 711356 188374 413065 575605 121302 569023 559832 418884 627869 558044
 451505 846336 779893 669930 923962 182431 895836 329022 324018 762784 548428 286015 242887 711225 586280 900249 643701 137182 565859 557361 730678 46096 767363 746131 500587 496420 647518 1 748241 522184 328223 785257 679560 806436 142184 815037 88650 879604 688446 588416 649664 790803 434429 509079 197485 882487 372104 454695 828300 599082 648254 728692 49617 285671 395214 520055 350191 932071 367457 778967 798630 585948 506690 730714 618387 778981 686553 255860 774495 666072 473647 423132 550508 480788 497415 731403 435809 342856 636452 827428 456433 568575 458376 564401 774058 886376 807203 689663 222439 666617 225707 348883 828022 262775 145667 577949 372456 108853 596405 455829 227688 535819 651437 474649 445852 553024 340197 740585 847427 118200 164672 204999 308265 342212 813803 541724 540529 526744 635175 94263 705198 850505 779477 344400 396050 798872 589929 490461 185072 437486 610481 641404 454421 364237 338481 760123 280765 474614 450281 193487 555384 604377 820361 712055 573869 364154 161634 32238 273021 563361 104261 318840 484173 303180 491051 879126 272823 821600 143401 870849 504298 497033 671246 199881 576564 339840 602640 831401 141890 142389 760022 111693 345241 667093 503630 393592 302416 440989 591750 513063 871087 893571 117010 256770 738050 444827 308633 107633 262292 244014 387288 553398 407696 294803 530385 646021 131231 248951 794418 756417
