NAME : domp60p15v10
COMMENT : Cherkesly, Contardo & Gruson 2022
TYPE : DOMP
DIMENSION : 60
DISPLAY_DATA_TYPE : NO_DISPLAY
OPEN_FACILITIES : 15
COST_SECTION
 1 701298 153748 219563 504897 335661 326290 662772 163566 622684 517501 559824 61610 660444 235946 526256 93744 297349 437118 285394 334778 559153 524736 472407 532200 524511 355366 135993 359112 696726 382600 330120 406272 808608 275935 183447 553693 499004 503524 452053 599127 569601 325371 705273 700952 281803 488750 348236 118295 411230 721628 707295 205202 754288 772852 261057 562549 313683 597445 501105
 701298 1 851439 628672 1083578 370925 463924 149558 675138 226247 922925 826872 650661 440678 866662 246763 653261 404095 803160 933411 852210 954291 794012 382074 172466 1140058 629807 624131 359563 763076 955399 673202 631277 601671 494590 738483 614012 316183 201153 459542 369951 614079 890478 770916 500282 454729 222161 1032642 818266 439329 221766 711148 716605 602214 96540 930155 894809 479677 163463 323541
 153748 851439 1 341789 397705 482289 445716 816474 274289 757234 484123 567958 212809 765968 149590 663677 206153 447592 504569 235635 365006 522745 538974 591891 680775 398616 416970 274831 501545 739390 295912 375805 466163 895404 423914 199287 621316 628089 651945 556814 715251 637895 257812 746987 798106 415591 641524 197252 64421 556725 856400 763230 291585 836617 925131 127539 548348 430801 751074 628783
 219563 628672 341789 1 722541 329913 409243 547326 68919 624877 726994 747044 168139 729786 453804 527960 276009 279256 254217 315707 230294 768895 709406 530495 482882 736154 515053 90161 367773 849987 602004 506681 561757 901795 134086 394553 687754 529737 458289 542232 651577 701721 544787 859122 782778 340939 407313 535245 280910 235053 716172 846046 89357 856764 678391 466025 762601 404265 489080 535435
 504897 1083578 397705 722541 1 731966 619739 1096133 660013 918544 263419 419294 563312 827900 269000 848164 483070 720291 902054 600268 757667 274542 417772 728311 915547 85555 470207 640814 730894 631548 131625 419647 490598 882405 770488 364243 608374 787949 888655 659971 818300 622161 197894 635052 829755 636302 912813 273443 461660 906059 1008015 685687 686074 819071 1173085 272654 348954 603910 1030732 783829
 335661 370925 482289 329913 731966 1 148062 364187 350982 300335 616435 566338 291683 407193 498959 201890 282339 50660 568665 593282 557386 654211 527915 211870 198958 780717 326199 287933 39554 596410 600885 353023 351972 586659 219991 374166 423260 200485 170102 248433 324836 433188 534678 605726 464617 98431 181043 661744 453907 283533 396304 573548 403396 549009 450864 559705 614045 156834 299006 206727
 326290 463924 445716 409243 619739 148062 1 491661 406149 318042 476307 418394 306903 336082 418343 233442 242480 173175 662267 609923 617745 512493 380078 147003 298177 678171 181184 339872 126403 458821 492340 215021 203965 496390 332921 287318 287856 185117 272749 134049 273033 299958 428208 468166 381510 70734 315034 598260 437082 423336 415955 444072 462296 448518 554552 491916 468080 16435 429749 184614
 662772 149558 816474 547326 1096133 364187 491661 1 603394 341841 967280 891595 605698 556911 857326 322361 633633 380092 688115 861839 757687 1002402 855785 452100 205451 1143524 670760 562830 368932 858990 964966 706618 683232 729695 417525 736471 697493 390227 224244 526231 476429 700663 898715 867467 619751 460930 183424 1007733 774082 330030 363086 813913 636662 722238 141502 910867 951772 505285 66201 399211
 163566 675138 274289 68919 660013 350982 406149 603394 1 650938 679674 711641 123720 736850 392354 552679 235016 301312 279525 259339 211988 721457 674993 538312 521276 670570 488963 66496 386094 829158 542300 474099 537834 902510 185870 345290 672895 545885 495073 540169 663023 687675 487456 838111 786350 342389 452994 466658 212581 300585 745428 830638 56169 854104 730597 399694 720923 398590 542917 550607
 622684 226247 757234 624877 918544 300335 318042 341841 650938 1 728417 616890 586529 216527 735850 98504 551106 349626 848010 891814 854640 755777 586926 190251 177924 984284 449326 588267 267940 537641 797268 498937 438534 388531 501416 604945 394848 133732 188094 262193 144068 393145 736201 545335 278386 342324 272189 916249 739700 507618 99207 484920 702448 380944 320169 809947 689792 334277 313302 136128
 517501 922925 484123 726994 263419 616435 476307 967280 679674 728417 1 157444 559522 599117 336818 676750 451547 622930 954109 719007 836800 41903 163196 543865 768479 348839 296644 636930 601822 368766 225810 263414 292095 628478 727959 334409 369302 609024 745299 467619 607616 380674 231226 371983 590021 519038 791100 461950 534836 853000 807239 425166 722470 565964 1017869 399136 86490 463624 905988 602722
 559824 826872 567958 747044 419294 566338 418394 891595 711641 616890 157444 1 587923 461603 434140 581343 476737 585240 991163 801531 893374 162349 39014 445568 686955 504236 245291 658341 542931 212371 360675 240902 214453 473137 719267 383663 231198 511216 667439 368445 484332 239300 343638 216219 444253 476607 726441 589179 607233 831075 685827 267735 761187 411324 923310 509643 81760 409856 834905 503524
 61610 650661 212809 168139 563312 291683 306903 605698 123720 586529 559522 587923 1 642900 294947 488693 111355 249123 403241 307012 320963 601407 551315 448916 484025 585226 367873 79400 319314 709422 438822 350828 417549 799739 214325 226430 557540 468277 455691 438407 575905 572834 379317 718260 687657 252603 434720 408814 168902 349691 684639 714142 174847 748177 719155 322666 598094 296509 540847 471382
 660444 440678 765968 729786 827900 407193 336082 556911 736850 216527 599117 461603 642900 1 702715 254631 572147 455922 975065 945282 948739 617620 440330 199332 373634 903995 374988 670400 367655 336478 722782 427564 341439 184906 627182 580715 231221 213041 372556 209738 88185 222304 671303 343072 64172 394701 458486 889378 766629 670864 244614 276877 792515 165654 531725 784715 541757 347352 522831 204882
 235946 866662 149590 453804 269000 498959 418343 857326 392354 735850 336818 434140 294947 702715 1 650902 225601 477250 645656 382526 512496 374497 409281 553694 694407 293167 330699 371916 507104 621113 151424 280719 373500 808879 505127 131028 525789 602250 665998 502090 666959 542234 108245 627916 724494 412254 675002 186668 207045 641161 832776 653670 422073 747189 949617 83632 405517 401967 791144 600689
 526256 246763 663677 527960 848164 201890 233442 322361 552679 98504 676750 581343 488693 254631 650902 1 457659 251405 755588 793519 757282 707673 547849 135794 122529 909737 385899 489814 169648 536730 723116 431728 384806 438756 406965 519964 376251 70245 118046 213151 166979 378729 660022 545258 318625 248100 203879 828073 643793 425475 195949 493312 604495 417703 342697 722314 648209 249872 277290 78442
 93744 653261 206153 276009 483070 282339 242480 633633 235016 551106 451547 476737 111355 572147 225601 457659 1 254563 514483 377055 424484 493438 440334 389468 481125 517499 262798 185851 297762 604738 353270 241143 313492 716327 290123 124756 459979 422560 452298 362709 514893 475869 289310 613387 610424 209567 452617 379425 195030 424335 650286 613933 284804 661368 731815 278366 487262 228457 567443 423580
 297349 404095 447592 279256 720291 50660 173175 380092 301312 349626 622930 585240 249123 455922 477250 251405 254563 1 519246 546688 506879 662013 546383 258799 235191 764372 341085 239173 89076 630419 588683 361128 372618 633903 172166 357653 458049 250888 206699 288234 374561 469028 522397 639764 512351 108652 198112 632440 414835 250163 444612 611410 353223 594517 478511 532829 627466 177817 313927 256944
 437118 803160 504569 254217 902054 568665 662267 688115 279525 848010 954109 991163 403241 975065 645656 755588 514483 519246 1 343080 160718 995596 954496 776898 686598 895691 765924 336267 608001 1103352 796771 753260 813733 1151012 349940 620549 941952 768424 666807 794261 893499 955937 749036 1112442 1030498 592989 597271 665574 441261 363843 931594 1100247 231933 1108024 829183 629916 999040 657921 644377 775079
 285394 933411 235635 315707 600268 593282 609923 861839 259339 891814 719007 801531 307012 945282 382526 793519 377055 546688 343080 1 182411 757014 771181 754485 775712 577058 629410 310508 623891 964059 519548 595311 680283 1093379 444690 422829 832430 775275 748584 737361 881548 848695 490145 972081 986345 559319 711476 338905 196379 548338 989135 981835 227441 1038215 989932 334811 783964 598016 802016 778388
 334778 852210 365006 230294 757667 557386 617745 757687 211988 854640 836800 893374 320963 948739 512496 757282 424484 506879 160718 182411 1 877288 858911 750000 712125 744784 686811 278483 594097 1028879 660902 664591 737124 1114121 361130 511356 878477 755302 688041 751657 874149 893720 619477 1037598 998307 554373 633153 510718 305555 428914 946425 1035056 156236 1065007 894300 485261 890566 609722 704503 760419
 559153 954291 522745 768895 274542 654211 512493 1002402 721457 755777 41903 162349 601407 617620 374497 707673 493438 662013 995596 757014 877288 1 177393 573633 802269 359856 331803 678832 638479 366888 255274 301453 323081 635171 769236 376172 386512 639198 779643 496725 631276 396613 267564 369091 604485 557288 827521 491136 574552 893699 831996 427063 764038 573584 1049686 433662 81580 500265 941714 632573
 524736 794012 538974 709406 417772 527915 380078 855785 674993 586926 163196 39014 551315 440330 409281 547849 440334 546383 954496 771181 858911 177393 1 412096 651571 501542 206282 620968 504983 220698 347728 202854 176303 466372 680385 350939 209151 477929 631548 334700 457357 219283 324180 225961 427782 437766 689268 570797 576002 792070 658785 268914 725047 403512 890314 487040 103322 371304 798506 470472
 472407 382074 591891 530495 728311 211870 147003 452100 538312 190251 543865 445568 448916 199332 553694 135794 389468 258799 776898 754485 750000 573633 412096 1 246915 794605 259282 471970 172602 414251 607662 308688 251923 375116 430903 424006 246629 65893 232147 77469 127070 251426 547377 423188 253690 197373 306583 737442 584057 487856 281944 379018 593771 337501 478266 630924 512748 161259 400897 58940
 532200 172466 680775 482882 915547 198958 298177 205451 521276 177924 768479 686955 484025 373634 694407 122529 481125 235191 686598 775712 712125 802269 651571 246915 1 969895 472150 465228 187481 657083 786295 511761 480771 555675 351192 566705 493007 186583 28860 320793 287383 496804 720894 665749 437802 282946 95069 860397 649946 334667 246874 615287 567428 538284 257639 757718 748811 313241 155433 195814
 524511 1140058 398616 736154 85555 780717 678171 1143524 670570 984284 348839 504236 585226 903995 293167 909737 517499 764372 895691 577058 744784 359856 501542 794605 969895 1 539494 659670 783254 716582 187027 487547 564074 964682 797550 407053 688116 852134 942323 729066 890030 702319 249964 720199 908532 687782 960219 238758 462833 933599 1075925 769996 690169 901238 1227382 271331 434491 661986 1077590 848607
 355366 629807 416970 515053 470207 326199 181184 670760 488963 449326 296644 245291 367873 374988 330699 385899 262798 341085 765924 629410 686811 331803 206282 259282 472150 539494 1 429665 307550 342071 353805 52936 51054 481159 475592 218991 204573 321374 448700 189854 351115 221106 298093 350791 393848 232816 496063 516699 435079 585793 537809 352893 542337 420942 723717 413915 287851 169899 609912 316356
 135993 624131 274831 90161 640814 287933 339872 562830 66496 588267 636930 658341 79400 670400 371916 489814 185851 239173 336267 310508 278483 678832 620968 471970 465228 659670 429665 1 321936 767846 517487 418596 477557 836168 151689 305110 609297 480671 438209 473917 596929 623848 458526 776881 719866 275896 402952 471944 220398 282016 683770 767347 122501 788063 684767 393039 672640 332581 500092 485194
 359112 359563 501545 367773 730894 39554 126403 368932 386094 267940 601822 542931 319314 367655 507104 169648 297762 89076 608001 623891 594097 638479 504983 172602 187481 783254 307550 321936 1 562968 600759 339176 328695 547192 259534 379238 389777 161986 159372 212693 285573 399029 534979 572250 425096 95582 189356 675522 477254 319430 365474 537937 439347 509961 444290 571812 594362 138231 305561 167901
 696726 763076 739390 849987 631548 596410 458821 858990 829158 537641 368766 212371 709422 336478 621113 536730 604738 630419 1103352 964059 1028879 366888 220698 414251 657083 716582 342071 767846 562968 1 568407 369229 291898 282103 790580 542169 173214 470556 645212 352005 393584 164513 543019 9348 294881 528669 720694 789502 767784 879272 580766 68406 883305 227347 857777 701659 286117 457757 812458 461285
 382600 955399 295912 602004 131625 600885 492340 964966 542300 797268 225810 360675 438822 722782 151424 723116 353270 588683 796771 519548 660902 255274 347728 607662 786295 187027 353805 517487 600759 568407 1 301417 381439 796676 642246 232894 514601 665128 759112 542850 704874 529717 66317 573509 731514 505797 781588 236254 356668 777299 889142 614107 573372 733211 1043933 185798 308446 476275 899462 661582
 330120 673202 375805 506681 419647 353023 215021 706618 474099 498937 263414 240902 350828 427564 280719 431728 241143 361128 753260 595311 664591 301453 202854 308688 511761 487547 52936 418596 339176 369229 301417 1 93053 528618 481144 176519 247523 369165 487122 241528 403771 264118 245173 377452 444908 255838 528524 465898 399356 598622 588797 387924 525469 467438 766020 364256 268841 201416 644310 364676
 406272 631277 466163 561757 490598 351972 203965 683232 537834 438534 292095 214453 417549 341439 373500 384806 313492 372618 813733 680283 737124 323081 176303 251923 480771 564074 51054 477557 328695 291898 381439 93053 1 435582 515841 267346 155289 316937 459268 176460 328037 171892 330501 300715 354263 264111 513802 558041 485676 620806 522006 301856 591645 374401 726606 457096 268570 195845 624545 310705
 808608 601671 895404 901795 882405 586659 496390 729695 902510 388531 628478 473137 799739 184906 808879 438756 716327 633903 1151012 1093379 1114121 635171 466372 375116 555675 964682 481159 836168 547192 282103 796676 528618 435582 1 806019 699658 284566 397198 556284 362488 273060 268591 755962 284030 122752 561604 642569 992237 905872 855142 385179 214359 958640 63531 685810 892508 553741 504644 701024 388758
 275935 494590 423914 134086 770488 219991 332921 417525 185870 501416 727959 719267 214325 627182 505127 406965 290123 172166 349940 444690 361130 769236 680385 430903 351192 797550 475592 151689 259534 790580 642246 481144 515841 806019 1 414488 620691 418720 327711 457578 544307 632876 579125 799905 684306 262351 273323 621093 371715 136057 589339 776852 222400 766486 545782 536990 748805 332881 357342 425546
 183447 738483 199287 394553 364243 374166 287318 736471 345290 604945 334409 383663 226430 580715 131028 519964 124756 357653 620549 422829 511356 376172 350939 424006 566705 407053 218991 305110 379238 542169 232894 176519 267346 699658 414488 1 422630 471415 538578 375894 539845 439230 167323 550010 607360 283793 553184 313519 226532 547885 702088 564137 388647 639841 823192 207078 380130 270948 670544 469998
 553693 614012 621316 687754 608374 423260 287856 697493 672895 394848 369302 231198 557540 231221 525789 376251 459979 458049 941952 832430 878477 386512 209151 246629 493007 688116 204573 609297 389777 173214 514601 247523 155289 284566 620691 422630 1 307311 478769 179733 256350 16608 471739 182512 222089 358341 551082 708041 639115 706326 456910 158296 728245 221947 710295 609373 310686 288225 647474 298422
 499004 316183 628089 529737 787949 200485 185117 390227 545885 133732 609024 511216 468277 213041 602250 70245 422560 250888 768424 775275 755302 639198 477929 65893 186583 852134 321374 480671 161986 470556 665128 369165 316937 397198 418720 471415 307311 1 175557 143361 126642 310514 603406 479254 274590 217287 256120 783275 614277 457963 230884 430199 599951 368425 412397 676867 578640 201185 341906 9433
 503524 201153 651945 458289 888655 170102 272749 224244 495073 188094 745299 667439 455691 372556 665998 118046 452298 206699 666807 748584 688041 779643 631548 232147 28860 942323 448700 438209 159372 645212 759112 487122 459268 556284 327711 538578 478769 175557 1 303690 285022 483400 693575 654013 436609 254938 86616 831596 621337 319810 264845 605755 541987 535693 285060 729002 727718 287498 169112 184971
 452053 459542 556814 542232 659971 248433 134049 526231 540169 262193 467619 368445 438407 209738 502090 213151 362709 288234 794261 737361 751657 496725 334700 77469 320793 729066 189854 473917 212693 352005 542850 241528 176460 362488 457578 375894 179733 143361 303690 1 165092 187507 485008 361205 249461 201377 372378 688143 556952 531769 348164 325284 596323 314693 555723 582246 435287 142274 472765 136210
 599127 369951 715251 651577 818300 324836 273033 476429 663023 144068 607616 484332 575905 88185 666959 166979 514893 374561 893499 881548 874149 631276 457357 127070 287383 890030 351115 596929 285573 393584 704874 403771 328037 273060 544307 539845 256350 126642 285022 165092 1 252780 648580 401267 151807 323905 370650 852746 709826 583470 201529 341432 718074 250975 464234 746641 560661 286486 438822 119103
 569601 614079 637895 701721 622161 433188 299958 700663 687675 393145 380674 239300 572834 222304 542234 378729 475869 469028 955937 848695 893720 396613 219283 251426 496804 702319 221106 623848 399029 164513 529717 264118 171892 268591 632876 439230 16608 310514 483400 187507 252780 1 487476 173701 209572 370605 557131 724297 655521 716561 452183 144611 743122 205796 710155 625805 319680 300943 651700 301469
 325371 890478 257812 544787 197894 534678 428208 898715 487456 736201 231226 343638 379317 671303 108245 660022 289310 522397 749036 490145 619477 267564 324180 547377 720894 249964 298093 458526 534979 543019 66317 245173 330501 755962 579125 167323 471739 603406 693575 485008 648580 487476 1 548950 684009 439864 715324 246655 313971 713644 829277 583179 521932 692857 978518 169136 304925 412025 833184 600204
 705273 770916 746987 859122 635052 605726 468166 867467 838111 545335 371983 216219 718260 343072 627916 545258 613387 639764 1112442 972081 1037598 369091 225961 423188 665749 720199 350791 776881 572250 9348 573509 377452 300715 284030 799905 550010 182512 479254 654013 361205 401267 173701 548950 1 300394 538007 729671 795519 775773 888605 587519 71834 892210 230448 865497 708236 288671 467089 821143 469970
 700952 500282 798106 782778 829755 464617 381510 619751 786350 278386 590021 444253 687657 64172 724494 318625 610424 512351 1030498 986345 998307 604485 427782 253690 437802 908532 393848 719866 425096 294881 731514 444908 354263 122752 684306 607360 222089 274590 436609 249461 151807 209572 684009 300394 1 444170 522419 910525 803219 732469 295807 230559 842327 102559 589603 807544 525798 391175 586655 266084
 281803 454729 415591 340939 636302 98431 70734 460930 342389 342324 519038 476607 252603 394701 412254 248100 209567 108652 592989 559319 554373 557288 437766 197373 282946 687782 232816 275896 95582 528669 505797 255838 264111 561604 262351 283793 358341 217287 254938 201377 323905 370605 439864 538007 444170 1 278559 583369 397793 357212 441520 514790 398257 515826 539867 478744 519959 71205 396319 219690
 488750 222161 641524 407313 912813 181043 315034 183424 452994 272189 791100 726441 434720 458486 675002 203879 452617 198112 597271 711476 633153 827521 689268 306583 95069 960219 496063 402952 189356 720694 781588 528524 513802 642569 273323 553184 551082 256120 86616 372378 370650 557131 715324 729671 522419 278559 1 829512 603519 240749 340821 684609 494766 620759 284437 730742 781469 327479 117967 265519
 348236 1032642 197252 535245 273443 661744 598260 1007733 466658 916249 461950 589179 408814 889378 186668 828073 379425 632440 665574 338905 510718 491136 570797 737442 860397 238758 516699 471944 675522 789502 236254 465898 558041 992237 621093 313519 708041 783275 831596 688143 852746 724297 246655 795519 910525 583369 829512 1 254479 753919 1014158 828052 475285 929961 1110757 106536 543370 582107 941859 782318
 118295 818266 64421 280910 461660 453907 437082 774082 212581 739700 534836 607233 168902 766629 207045 643793 195030 414835 441261 196379 305555 574552 576002 584057 649946 462833 435079 220398 477254 767784 356668 399356 485676 905872 371715 226532 639115 614277 621337 556952 709826 655521 313971 775773 803219 397793 603519 254479 1 501818 838785 786607 227346 848992 887949 191934 594296 423342 709474 615920
 411230 439329 556725 235053 906059 283533 423336 330030 300585 507618 853000 831075 349691 670864 641161 425475 424335 250163 363843 548338 428914 893699 792070 487856 334667 933599 585793 282016 319430 879272 777299 598622 620806 855142 136057 547885 706326 457963 319810 531769 583470 716561 713644 888605 732469 357212 240749 753919 501818 1 581370 857013 321060 823724 469109 672164 867451 427613 281499 466389
 721628 221766 856400 716172 1008015 396304 415955 363086 745428 99207 807239 685827 684639 244614 832776 195949 650286 444612 931594 989135 946425 831996 658785 281944 246874 1075925 537809 683770 365474 580766 889142 588797 522006 385179 589339 702088 456910 230884 264845 348164 201529 452183 829277 587519 295807 441520 340821 1014158 838785 581370 1 521375 795904 393853 300933 907747 762103 432061 351986 232095
 707295 711148 763230 846046 685687 573548 444072 813913 830638 484920 425166 267735 714142 276877 653670 493312 613933 611410 1100247 981835 1035056 427063 268914 379018 615287 769996 352893 767347 537937 68406 614107 387924 301856 214359 776852 564137 158296 430199 605755 325284 341432 144611 583179 71834 230559 514790 684609 828052 786607 857013 521375 1 885803 158944 804651 735886 345573 445448 770532 420785
 205202 716605 291585 89357 686074 403396 462296 636662 56169 702448 722470 761187 174847 792515 422073 604495 284804 353223 231933 227441 156236 764038 725047 593771 567428 690169 542337 122501 439347 883305 573372 525469 591645 958640 222400 388647 728245 599951 541987 596323 718074 743122 521932 892210 842327 398257 494766 475285 227346 321060 795904 885803 1 910271 767585 419077 767262 454757 578384 604883
 754288 602214 836617 856764 819071 549009 448518 722238 854104 380944 565964 411324 748177 165654 747189 417703 661368 594517 1108024 1038215 1065007 573584 403512 337501 538284 901238 420942 788063 509961 227347 733211 467438 374401 63531 766486 639841 221947 368425 535693 314693 250975 205796 692857 230448 102559 515826 620759 929961 848992 823724 393853 158944 910271 1 690606 830815 492327 455516 688413 359451
 772852 96540 925131 678391 1173085 450864 554552 141502 730597 320169 1017869 923310 719155 531725 949617 342697 731815 478511 829183 989932 894300 1049686 890314 478266 257639 1227382 723717 684767 444290 857777 1043933 766020 726606 685810 545782 823192 710295 412397 285060 555723 464234 710155 978518 865497 589603 539867 284437 1110757 887949 469109 300933 804651 767585 690606 1 1010005 990902 569966 189937 419870
 261057 930155 127539 466025 272654 559705 491916 910867 399694 809947 399136 509643 322666 784715 83632 722314 278366 532829 629916 334811 485261 433662 487040 630924 757718 271331 413915 393039 571812 701659 185798 364256 457096 892508 536990 207078 609373 676867 729002 582246 746641 625805 169136 708236 807544 478744 730742 106536 191934 672164 907747 735886 419077 830815 1010005 1 474052 475730 844755 675852
 562549 894809 548348 762601 348954 614045 468080 951772 720923 689792 86490 81760 598094 541757 405517 648209 487262 627466 999040 783964 890566 81580 103322 512748 748811 434491 287851 672640 594362 286117 308446 268841 268570 553741 748805 380130 310686 578640 727718 435287 560661 319680 304925 288671 525798 519959 781469 543370 594296 867451 762103 345573 767262 492327 990902 474052 1 457538 893033 571439
 313683 479677 430801 404265 603910 156834 16435 505285 398590 334277 463624 409856 296509 347352 401967 249872 228457 177817 657921 598016 609722 500265 371304 161259 313241 661986 169899 332581 138231 457757 476275 201416 195845 504644 332881 270948 288225 201185 287498 142274 286486 300943 412025 467089 391175 71205 327479 582107 423342 427613 432061 445448 454757 455516 569966 475730 457538 1 442907 200495
 597445 163463 751074 489080 1030732 299006 429749 66201 542917 313302 905988 834905 540847 522831 791144 277290 567443 313927 644377 802016 704503 941714 798506 400897 155433 1077590 609912 500092 305561 812458 899462 644310 624545 701024 357342 670544 647474 341906 169112 472765 438822 651700 833184 821143 586655 396319 117967 941859 709474 281499 351986 770532 578384 688413 189937 844755 893033 442907 1 351175
 501105 323541 628783 535435 783829 206727 184614 399211 550607 136128 602722 503524 471382 204882 600689 78442 423580 256944 775079 778388 760419 632573 470472 58940 195814 848607 316356 485194 167901 461285 661582 364676 310705 388758 425546 469998 298422 9433 184971 136210 119103 301469 600204 469970 266084 219690 265519 782318 615920 466389 232095 420785 604883 359451 419870 675852 571439 200495 351175 1
LAMBDA_SECTION
1 925
2 755
3 728
4 910
5 436
6 524
7 253
8 974
9 599
10 144
11 424
12 622
13 815
14 1000
15 461
16 356
17 558
18 962
19 862
20 323
21 755
22 334
23 133
24 873
25 721
26 653
27 469
28 948
29 666
30 174
31 711
32 914
33 892
34 404
35 352
36 121
37 987
38 606
39 344
40 88
41 739
42 82
43 443
44 345
45 136
46 44
47 429
48 126
49 380
50 360
51 961
52 285
53 139
54 728
55 901
56 168
57 922
58 800
59 965
60 610
