NAME : domp50p16v7
COMMENT : Cherkesly, Contardo & Gruson 2022
TYPE : DOMP
DIMENSION : 50
DISPLAY_DATA_TYPE : NO_DISPLAY
OPEN_FACILITIES : 16
COST_SECTION
 1 455352 885793 409836 124406 385218 280324 535909 606625 247181 699231 927688 807952 405136 713353 769692 1055012 740583 941086 603057 569093 913845 345924 581976 380123 404241 639415 390934 733394 421814 350017 321574 542341 268146 614198 825533 563847 685149 767786 678649 166215 352185 330518 749887 550448 978116 847524 972279 838227 403921
 455352 1 528075 483627 468817 609090 552959 302279 428344 356765 243894 489532 371290 76129 409520 315374 681195 349838 574694 450847 490589 508902 113276 190798 511478 627463 279044 91317 278324 460850 247566 134360 90289 189408 473037 431667 512742 233681 389844 337598 462892 365832 127473 422331 110452 566036 457307 556922 456666 65571
 885793 528075 1 628717 947570 1130484 1062446 792881 353008 665969 425708 610032 568423 603760 816612 381214 906212 674177 845093 941728 999599 726451 620601 338520 685580 1149636 256597 618027 401322 988547 537735 613199 502275 675506 964416 708233 1026069 375628 139191 736149 955523 582378 599339 139297 424186 741979 729229 727259 84316 535133
 409836 483627 628717 1 526064 783258 682137 739440 279217 186739 664991 940566 831524 498243 883032 704573 1162683 832689 1057876 863703 866163 984735 447026 460059 57536 803273 456408 496156 682689 756748 236385 404477 560252 416679 882139 912655 874121 621112 558927 817280 559850 119025 397645 494026 504285 1036860 938588 1026106 616829 420965
 124406 468817 947570 526064 1 261266 157136 473929 697826 351329 706351 908071 790331 404405 652123 781682 1001643 704302 888135 514844 469047 876469 355669 624652 500586 280549 693561 388408 743244 313769 427688 345478 547211 283033 522825 786583 459269 702346 821024 630180 44721 455055 357753 816575 574600 942309 806324 938211 891763 430660
 385218 609090 1130484 783258 261266 1 105498 466859 927326 602398 811311 948086 842044 533411 619048 889998 961642 724133 855402 425267 346712 880388 509887 792987 760706 20434 874466 517821 850324 206752 652609 520233 663598 460709 421499 793361 320772 825064 995021 630601 223712 702319 534408 1010564 719150 945797 806537 945760 1063681 595371
 280324 552959 1062446 682137 157136 105498 1 465031 839246 504037 772102 936328 824449 479696 632482 850317 982459 717752 872235 457713 391064 882548 446118 728680 657661 124025 805885 463486 810724 232880 565085 449284 617710 387021 459076 793312 371665 778998 929962 630401 123151 605929 463110 937495 663230 948789 809334 947105 999823 529754
 535909 302279 792881 739440 473929 466859 465031 1 729729 572150 393769 481841 380288 251553 178626 467755 527953 257279 414788 150971 209626 417642 293274 476376 752089 478778 565623 248693 430658 263654 512330 335221 292868 330384 173653 328792 239326 427964 655004 165553 441863 621904 343098 707993 378341 483826 344314 482426 712517 342693
 606625 428344 353008 279217 697826 927326 839246 729729 1 361990 507919 775954 685683 482318 827923 519910 1039667 731739 948678 875901 905735 852265 461068 297405 336712 947701 244246 489381 511158 839459 274747 431095 467466 478334 897581 798195 923317 452807 307058 750018 718938 260907 417903 225198 384095 892151 823838 879213 353441 390363
 247181 356765 665969 186739 351329 602398 504037 572150 361990 1 578373 842664 726228 348554 728321 634324 1032879 701351 923253 687069 683770 864986 289195 405928 183190 622644 439113 342326 604600 570285 139955 246639 444367 242192 704444 785295 690187 546548 562833 670078 380898 105089 244220 526947 413248 922766 810452 913686 630537 291307
 699231 243894 425708 664991 706351 811311 772102 393769 507919 578373 1 276425 177765 301951 391182 78691 532763 251125 447842 533813 602974 344880 354938 214665 705169 827616 269674 317955 39024 631591 447508 378072 159213 432398 555909 299585 633091 57550 300213 311312 695475 558055 370298 381713 165513 384823 323898 372245 341500 300009
 927688 489532 610032 940566 908071 948086 936328 481841 775954 842664 276425 1 119854 524064 366370 257550 297283 225690 256867 571040 657258 134864 586013 489612 979256 960455 532211 537427 265533 745379 718019 619031 399650 662063 587946 177432 690947 326042 520073 323680 886977 831516 614796 615546 437194 132305 180588 117510 532007 553433
 807952 371290 568423 831524 790331 842044 824449 380288 685683 726228 177765 119854 1 404216 297324 188925 355999 139812 278564 487625 570318 168022 466236 391310 867941 855415 446330 417580 180345 642965 604715 499626 282034 542211 506770 141479 603525 233691 458979 236026 770434 719952 495682 548575 327388 207988 161010 196034 485540 435806
 405136 76129 603760 498243 404405 533411 479696 251553 482318 348554 301951 524064 404216 1 384898 377598 685928 355858 575297 394047 425492 524559 63267 265764 518255 551665 352888 16327 338934 386049 264807 102773 142824 138014 415507 440996 445528 300868 465771 322189 394680 379277 104393 495417 185739 585729 465462 578185 532776 92119
 713353 409520 816612 883032 652123 619048 632482 178626 827923 728321 391182 366370 297324 384898 1 447599 351438 158264 239853 209048 296929 268414 439863 543721 902540 627858 626139 388093 419116 412491 648292 482851 360985 491923 223735 190732 330484 441717 687257 81479 619063 764020 487498 758873 447353 331220 196312 333353 732529 465734
 769692 315374 381214 704573 781682 889998 850317 467755 519910 634324 78691 257550 188925 377598 447599 1 539442 296753 467431 603943 675944 353380 428033 244689 748472 906286 275684 393771 39706 709481 498889 448149 234949 504774 625660 327192 706697 87850 270599 370791 772016 603701 439333 362349 223820 381074 348719 367147 297624 366909
 1055012 681195 906212 1162683 1001643 961642 982459 527953 1039667 1032879 532763 297283 355999 685928 351438 539442 1 331811 113966 537382 621357 188013 748009 743086 1192604 968444 802144 694338 535880 757352 928071 788697 602645 813172 544214 250029 652280 589407 809205 376480 969743 1046219 789360 901771 668092 165046 224121 179857 826816 746045
 740583 349838 674177 832689 704302 724133 717752 257279 731739 701351 251125 225690 139812 355858 158264 296753 331811 1 225239 350069 434517 173347 418644 435892 861296 735995 508979 365321 272872 520271 597211 458388 275024 487231 368520 85609 468038 306614 551323 98952 678752 715474 458399 631227 349206 238404 109610 233914 589886 414404
 941086 574694 845093 1057876 888135 855402 872235 414788 948678 923253 447842 256867 278564 575297 239853 467431 113966 225239 1 434083 520181 123134 636843 651282 1085920 863092 716698 583122 457169 649788 822216 678018 499779 700695 443121 150494 552205 505367 737484 262679 856648 940491 679229 826117 570422 145610 124886 156846 762976 638841
 603057 450847 941728 863703 514844 425267 457713 150971 875901 687069 533813 571040 487625 394047 209048 603943 537382 350069 434083 1 87960 477368 426471 627338 869995 431321 716592 388492 568859 225518 645678 465733 443484 447184 22747 398481 121441 572652 804470 251740 474818 749041 475659 858884 529292 539470 405315 542109 860558 486160
 569093 490589 999599 866163 469047 346712 391064 209626 905735 683770 602974 657258 570318 425492 296929 675944 621357 434517 520181 87960 1 565299 446522 675365 866625 350844 765075 416941 639440 160108 660240 481763 497497 452164 77202 485856 33722 637505 861003 335630 426379 755652 493354 908585 579645 627418 493123 630066 920236 516260
 913845 508902 726451 984735 876469 880388 882548 417642 852265 864986 344880 134864 168022 524559 268414 353380 188013 173347 123134 477368 565299 1 587776 556284 1017526 890610 614146 535124 348134 673943 752620 626087 425366 658484 491266 90028 598803 401413 623888 252151 849780 870033 624875 715222 484755 66328 73853 65456 645318 574451
 345924 113276 620601 447026 355669 509887 446118 293274 461068 289195 354938 586013 466236 63267 439863 428033 748009 418644 636843 426471 446522 587776 1 283546 463156 529046 364827 53723 390439 383922 219814 43028 196718 77824 446771 503921 462705 346957 485527 381058 351011 328912 49844 503128 220006 648995 528249 641431 554747 85608
 581976 190798 338520 460059 624652 792987 728680 476376 297405 405928 214665 489612 391310 265764 543721 244689 743086 435892 651282 627338 675365 556284 283546 1 504994 811946 89711 279720 225498 651561 266263 281130 187040 344325 649994 500807 699347 163975 202046 463343 627297 362330 267981 233300 98932 599082 526435 586696 271265 198940
 380123 511478 685580 57536 500586 760706 657661 752089 336712 183190 705169 979256 867941 518255 902540 748472 1192604 861296 1085920 869995 866625 1017526 463156 504994 1 780397 507228 514449 724850 749181 264939 420139 592162 423847 887521 942842 872399 663615 613046 839909 537090 147993 415045 550277 542066 1071460 968592 1061160 672102 447082
 404241 627463 1149636 803273 280549 20434 124025 478778 947701 622644 827616 960455 855415 551665 627858 906286 968444 735995 863092 431321 350844 890610 529046 811946 780397 1 893743 536160 866639 216708 672991 539896 680853 480593 426522 804083 323657 842163 1013955 641691 243566 722676 554081 1030144 737388 955794 816765 956033 1082482 614580
 639415 279044 256597 456408 693561 874466 805885 565623 244246 439113 269674 532211 446330 352888 626139 275684 802144 508979 716698 716592 765075 614146 364827 89711 507228 893743 1 366196 268574 738920 301324 356615 274659 419028 739273 567229 788995 212739 128435 545049 699917 375711 342778 143682 187390 650700 592155 637436 199095 279224
 390934 91317 618027 496156 388408 517821 463486 248693 489381 342326 317955 537427 417580 16327 388093 393771 694338 365321 583122 388492 416941 535124 53723 279720 514449 536160 366196 1 355049 372861 264625 95688 158916 124929 409649 450709 436109 317193 480312 327753 378419 377412 99414 508270 201400 596839 474903 589553 547632 99320
 733394 278324 401322 682689 743244 850324 810724 430658 511158 604600 39024 265533 180345 338934 419116 39706 535880 272872 457169 568859 639440 348134 390439 225498 724850 866639 268574 355049 1 670353 471094 411855 196134 467531 590778 312261 669872 61715 282046 340633 733069 578781 403481 368949 191784 382187 335304 368871 317049 331873
 421814 460850 988547 756748 313769 206752 232880 263654 839459 570285 631591 745379 642965 386049 412491 709481 757352 520271 649788 225518 160108 673943 383922 651561 749181 216708 738920 372861 670353 1 574893 408912 496496 362949 226201 587399 146014 653561 849812 425201 269964 654694 422500 881117 565421 739213 600093 739356 915047 466084
 350017 247566 537735 236385 427688 652609 565085 512330 274747 139955 447508 718019 604715 264807 648292 498889 928071 597211 822216 645678 660240 752620 219814 266263 264939 672991 301324 264625 471094 574893 1 180004 327260 212421 665611 678168 673261 411577 427144 581223 445888 118275 170177 400530 282203 806968 703979 796865 496129 184589
 321574 134360 613199 404477 345478 520233 449284 335221 431095 246639 378072 619031 499626 102773 482851 448149 788697 458388 678018 465733 481763 626087 43028 281130 420139 539896 356615 95688 411855 408912 180004 1 223362 63205 485610 543347 496303 364145 481157 423441 346235 286684 14216 490409 231313 686458 567961 678485 551366 85348
 542341 90289 502275 560252 547211 663598 617710 292868 467466 444367 159213 399650 282034 142824 360985 234949 602645 275024 499779 443484 497497 425366 196718 187040 592162 680853 274659 158916 196134 496496 327260 223362 1 274498 466224 352694 523797 161739 363520 282553 537069 444751 217360 415718 88216 480250 378708 470534 424004 153840
 268146 189408 675506 416679 283033 460709 387021 330384 478334 242192 432398 662063 542211 138014 491923 504774 813172 487231 700695 447184 452164 658484 77824 344325 423847 480593 419028 124929 467531 362949 212421 63205 274498 1 465469 572831 463086 422483 544104 440549 283035 303731 76505 551154 292014 720854 596474 713843 614395 147753
 614198 473037 964416 882139 522825 421499 459076 173653 897581 704444 555909 587946 506770 415507 223735 625660 544214 368520 443121 22747 77202 491266 446771 649994 887521 426522 739273 409649 590778 226201 665611 485610 466224 465469 1 414128 109197 595091 827193 270745 481977 767999 495764 881602 551989 552498 419912 555627 883198 507624
 825533 431667 708233 912655 786583 793361 793312 328792 798195 785295 299585 177432 141479 440996 190732 327192 250029 85609 150494 398481 485856 90028 503921 500807 942842 804083 567229 450709 312261 587399 678168 543347 352694 572831 414128 1 519557 357097 594225 163294 759760 796267 543023 680243 420575 156254 26091 153808 624805 496785
 563847 512742 1026069 874121 459269 320772 371665 239326 923317 690187 633091 690947 603525 445528 330484 706697 652280 468038 552205 121441 33722 598803 462705 699347 872399 323657 788995 436109 669872 146014 673261 496303 523797 463086 109197 519557 1 666431 887220 369122 415741 765465 508377 932645 604599 660751 526724 663505 947324 535243
 685149 233681 375628 621112 702346 825064 778998 427964 452807 546548 57550 326042 233691 300868 441717 87850 589407 306614 505367 572652 637505 401413 346957 163975 663615 842163 212739 317193 61715 653561 411577 364145 161739 422483 595091 357097 666431 1 246081 360853 695068 517905 354660 324939 136534 439348 381446 426419 292045 281405
 767786 389844 139191 558927 821024 995021 929962 655004 307058 562833 300213 520073 458979 465771 687257 270599 809205 551323 737484 804470 861003 623888 485527 202046 613046 1013955 128435 480312 282046 849812 427144 481157 363520 544104 827193 594225 887220 246081 1 606085 826239 491559 467606 97962 285044 648546 616962 634237 70788 400597
 678649 337598 736149 817280 630180 630601 630401 165553 750018 670078 311312 323680 236026 322189 81479 370791 376480 98952 262679 251740 335630 252151 381058 463343 839909 641691 545049 327753 340633 425201 581223 423441 282553 440549 270745 163294 369122 360853 606085 1 601181 698385 426434 677401 367800 318393 179074 316874 652193 396976
 166215 462892 955523 559850 44721 223712 123151 441863 718938 380898 695475 886977 770434 394680 619063 772016 969743 678752 856648 474818 426379 849780 351011 627297 537090 243566 699917 378419 733069 269964 445888 346235 537069 283035 481977 759760 415741 695068 826239 601181 1 482873 359319 827031 571016 915890 778707 912352 896749 430230
 352185 365832 582378 119025 455055 702319 605929 621904 260907 105089 558055 831516 719952 379277 764020 603701 1046219 715474 940491 749041 755652 870033 328912 362330 147993 722676 375711 377412 578781 654694 118275 286684 444751 303731 767999 796267 765465 517905 491559 698385 482873 1 279307 443279 394343 923597 822109 913240 555849 302501
 330518 127473 599339 397645 357753 534408 463110 343098 417903 244220 370298 614796 495682 104393 487498 439333 789360 458399 679229 475659 493354 624875 49844 267981 415045 554081 342778 99414 403481 422500 170177 14216 217360 76505 495764 543023 508377 354660 467606 426434 359319 279307 1 476268 220794 684638 567850 676409 537891 74131
 749887 422331 139297 494026 816575 1010564 937495 707993 225198 526947 381713 615546 548575 495417 758873 362349 901771 631227 826117 858884 908585 715222 503128 233300 550277 1030144 143682 508270 368949 881117 400530 490409 415718 551154 881602 680243 932645 324939 97962 677401 827031 443279 476268 1 329768 742684 703833 728535 128802 417858
 550448 110452 424186 504285 574600 719150 663230 378341 384095 413248 165513 437194 327388 185739 447353 223820 668092 349206 570422 529292 579645 484755 220006 98932 542066 737388 187390 201400 191784 565421 282203 231313 88216 292014 551989 420575 604599 136534 285044 367800 571016 394343 220794 329768 1 533846 446610 522655 349635 146757
 978116 566036 741979 1036860 942309 945797 948789 483826 892151 922766 384823 132305 207988 585729 331220 381074 165046 238404 145610 539470 627418 66328 648995 599082 1071460 955794 650700 596839 382187 739213 806968 686458 480250 720854 552498 156254 660751 439348 648546 318393 915890 923597 684638 742684 533846 1 139621 14811 663315 631571
 847524 457307 729229 938588 806324 806537 809334 344314 823838 810452 323898 180588 161010 465462 196312 348719 224121 109610 124886 405315 493123 73853 528249 526435 968592 816765 592155 474903 335304 600093 703979 567961 378708 596474 419912 26091 526724 381446 616962 179074 778707 822109 567850 703833 446610 139621 1 139271 646098 522340
 972279 556922 727259 1026106 938211 945760 947105 482426 879213 913686 372245 117510 196034 578185 333353 367147 179857 233914 156846 542109 630066 65456 641431 586696 1061160 956033 637436 589553 368871 739356 796865 678485 470534 713843 555627 153808 663505 426419 634237 316874 912352 913240 676409 728535 522655 14811 139271 1 648681 622401
 838227 456666 84316 616829 891763 1063681 999823 712517 353441 630537 341500 532007 485540 532776 732529 297624 826816 589886 762976 860558 920236 645318 554747 271265 672102 1082482 199095 547632 317049 915047 496129 551366 424004 614395 883198 624805 947324 292045 70788 652193 896749 555849 537891 128802 349635 663315 646098 648681 1 470169
 403921 65571 535133 420965 430660 595371 529754 342693 390363 291307 300009 553433 435806 92119 465734 366909 746045 414404 638841 486160 516260 574451 85608 198940 447082 614580 279224 99320 331873 466084 184589 85348 153840 147753 507624 496785 535243 281405 400597 396976 430230 302501 74131 417858 146757 631571 522340 622401 470169 1
LAMBDA_SECTION
1 688
2 32
3 510
4 146
5 142
6 973
7 670
8 383
9 723
10 921
11 336
12 28
13 447
14 767
15 104
16 810
17 8
18 820
19 220
20 963
21 396
22 295
23 904
24 32
25 656
26 426
27 199
28 490
29 307
30 28
31 766
32 291
33 870
34 371
35 965
36 887
37 132
38 231
39 881
40 925
41 193
42 583
43 552
44 374
45 188
46 345
47 423
48 105
49 201
50 58
