NAME : domp90p22v4
COMMENT : Cherkesly, Contardo & Gruson 2022
TYPE : DOMP
DIMENSION : 90
DISPLAY_DATA_TYPE : NO_DISPLAY
OPEN_FACILITIES : 22
COST_SECTION
 1 743829 223802 606088 803455 924205 754010 1155789 752212 753750 264329 994666 115749 937935 618908 1014493 400908 527510 266673 725662 843234 526247 686241 401741 980774 953566 475029 850205 539574 681696 615069 928074 438960 391138 337986 751179 607317 705040 251941 452037 386728 243941 715567 296343 1048720 785135 794283 943597 697355 971809 219529 365223 349845 566304 289845 493086 273885 769286 385367 375505 651201 600013 975935 451335 423852 584786 218590 927316 442339 576130 406360 709826 320899 870191 763263 309641 329666 799955 1082970 360848 509219 794969 757558 882597 497434 879395 515115 525606 989704 571728
 743829 1 534927 141384 703857 329201 90290 412068 146150 215508 539990 737699 724881 303480 184010 329952 577257 566174 830938 207138 269914 225546 602001 449955 261509 463353 313241 228246 287913 69348 285095 442831 310202 647161 406110 13875 253817 45936 491899 473111 754107 666553 357030 893603 309300 314636 596931 319737 236952 379789 542022 379789 857336 538270 461719 258463 793921 234819 434701 568632 127567 712379 590240 585015 753402 443773 790792 226655 571215 282607 377706 251272 867769 140323 672112 780658 510854 594812 363855 720154 678236 87628 359743 139178 345594 163718 422987 333322 671092 195326
 223802 534927 1 394121 636943 700497 535824 944171 566623 530012 74785 808364 190770 714252 437134 791875 378931 486081 323116 501977 619447 311163 510177 191084 783884 734853 312850 626845 315807 469402 392124 709076 249962 272861 137453 540771 383538 499917 79785 253055 331777 178686 497251 381336 843695 634201 605498 719809 473593 748382 141689 175571 377171 384514 73530 301644 297416 601088 273849 350583 458004 470253 768554 294376 356030 380098 274240 734663 413112 421825 182559 486234 371614 654456 594769 304385 263835 610176 862833 293877 383488 595373 621143 671650 275370 681427 413022 303640 792540 352989
 606088 141384 394121 1 634819 383100 155799 550590 219344 219574 398967 708393 583711 375195 151410 429600 485703 502741 690719 195781 305716 84226 519188 316119 398738 484648 214959 285696 169870 75657 201264 460225 183658 516528 268228 146665 164660 112367 354793 348437 621341 526571 310772 753234 450683 361067 540212 387205 201109 436481 411514 245871 719750 434791 321185 139917 654397 292462 329204 471798 117900 605236 586441 461584 623620 347679 649884 356914 488379 234829 238199 219976 728692 264905 598373 642751 400724 539852 483642 586176 560127 212397 386557 277646 221599 297474 358258 216623 653647 65256
 803455 703857 636943 634819 1 529767 623709 934487 838619 501725 565698 215580 697657 579559 783732 673343 982393 1057882 645776 500806 506423 601853 130119 460885 923305 415208 777088 558647 480594 654145 433809 406624 694473 417108 653757 695830 470288 712319 687848 391619 470356 563246 348700 688336 914102 994447 117717 567438 467169 534594 770555 679244 595072 254527 626090 700795 604989 921535 831787 956826 751725 230830 311048 352810 434399 300862 652354 912240 1006481 849512 532673 454142 633855 704669 42447 561586 863663 123169 774094 474128 308498 790212 1021177 758188 455637 849754 934188 442258 255669 576391
 924205 329201 700497 383100 529767 1 246385 405576 468694 174576 669886 476390 866670 51639 501975 144083 868713 880288 918494 203041 82117 431221 481471 537506 440829 154685 598041 101907 384724 334038 310961 144239 557378 681028 610211 315482 317061 367597 691910 515167 786472 764889 245439 979390 403726 635238 412386 37671 226983 53390 765303 602867 914225 491900 639223 521166 875057 555341 710576 854203 446702 643600 301968 596729 769482 406434 893580 452762 871141 599997 518053 214553 938343 236820 514584 846539 779100 406632 244932 763487 653210 384948 685534 291224 429209 402348 734987 401749 395943 379002
 754010 90290 535824 155799 623709 246385 1 414623 236435 126987 528285 648588 721229 227977 255802 274156 633778 636175 811612 122953 181354 228302 528381 420830 311803 374381 363272 144492 249993 90800 223850 353328 339457 609013 418523 78379 199374 122293 505112 431370 717810 647689 275058 874568 334759 404906 513870 242362 158274 298676 565981 399740 829446 477141 465058 294220 772130 325107 481653 621966 200321 650969 499952 539284 712773 380546 775532 290847 632425 354262 363152 169718 843935 121526 593923 754184 554866 511284 329873 686213 625874 169194 449201 155250 308700 227343 491129 290406 581112 182849
 1155789 412068 944171 550590 934487 405576 414623 1 446608 478243 941927 869883 1132502 355052 565285 265118 955066 910780 1226154 496515 435272 633010 875367 834589 229646 543721 711801 389659 663150 475005 622627 541941 721124 1016979 817892 404644 606276 452504 903897 839274 1126123 1062308 618689 1289105 131301 544042 816828 368061 537524 411495 952729 791785 1241905 859782 871593 668232 1186417 489521 831615 952400 518225 1026072 690125 941721 1117616 764618 1190071 288589 939540 648909 776856 538206 1257705 293106 917176 1167379 908807 811339 169451 1096292 1018224 373995 606388 273210 721243 303184 783504 700696 786021 593771
 752212 146150 566623 219344 838619 468694 236435 446608 1 360813 590150 882667 755741 437134 133334 444000 508610 469298 882762 350205 414654 290173 729949 528712 235430 607975 280883 370050 389007 184482 408589 588050 317980 730049 429385 158404 373563 126530 506913 566505 831938 721995 496345 943746 320284 168664 735522 454607 375991 517046 535993 393672 921196 652757 494353 265085 850191 88679 394057 506794 112038 824221 736372 679522 837217 562936 837474 177526 493131 203093 442686 391893 925510 248554 804762 844027 470399 733924 451616 795470 779093 90237 216878 213940 440595 143532 337234 435842 816990 284600
 753750 215508 530012 219574 501725 174576 126987 478243 360813 1 504931 522192 702342 184318 356477 268000 700928 722298 768535 28525 92562 258005 414773 378359 422996 265808 432471 100197 215218 189589 151554 241996 385326 544072 435742 204628 147949 239087 517977 368782 652735 609336 154572 830760 425992 528179 389509 190058 61996 226293 590756 428458 774024 382453 466592 352636 726387 449124 540693 684992 306096 551999 378861 465510 641680 286598 738933 410634 706135 449747 347590 59964 793937 207623 474164 702213 607195 386521 353139 625213 540010 296087 569061 258295 265412 348572 577652 239766 456465 205899
 264329 539990 74785 398967 565698 669886 528285 941927 590150 504931 1 742571 197415 688539 466221 771529 451889 555712 293328 477908 590701 314804 440439 137681 796437 690185 357383 604227 290422 471825 358928 664872 283480 200173 175187 544042 357010 509576 146837 190057 268963 132220 452410 355223 848870 674276 540017 692304 445418 715297 216300 216077 333555 315510 109239 329965 260082 633840 337166 423707 478794 395468 712783 220046 289362 321682 250946 750885 485029 465321 165151 455835 335448 649296 523749 257220 335182 545080 848577 230380 308913 608186 667019 672427 240786 694306 473440 268141 731004 348555
 994666 737699 808364 708393 215580 476390 648588 869883 882667 522192 742571 1 894739 527585 859166 606038 1122296 1180832 856746 532956 487871 699871 309803 620224 912135 326876 887519 541621 585590 704703 516622 332443 812591 619414 797206 726696 551403 758801 846956 555331 682435 761329 397664 901560 880111 1048948 202867 511031 512182 459354 931654 814932 809325 428796 783511 805617 814908 970613 963368 1099042 816402 445612 179983 545638 647540 434971 859661 915391 1140807 940262 673137 494511 847512 696468 245460 772309 1007425 198331 700935 683091 518462 816521 1086340 752767 580477 858012 1045899 559280 84756 661736
 115749 724881 190770 583711 697657 866670 721229 1132502 755741 702342 197415 894739 1 885923 624808 968737 478844 602172 166949 675275 787881 500080 585000 330433 974633 879921 492248 801567 487672 658585 555848 855124 437896 281496 326614 730330 554412 690513 251629 368851 270984 134412 643740 211817 1033958 812684 697175 889552 642774 911375 258201 362341 244706 469710 264288 490721 164095 785690 426050 451318 648123 488033 888980 349102 308148 500967 114414 925128 519151 599692 359488 652964 222148 841258 658453 196108 387038 703278 1044603 245521 397824 786140 793276 860725 437958 872183 564494 465043 895428 539206
 937935 303480 714252 375195 579559 51639 227977 355052 437134 184318 688539 527585 885923 1 482495 97894 859713 863989 945766 212277 100545 431710 526893 559501 392695 203940 588599 90657 399452 318422 331345 195184 554855 712708 616264 289606 331961 344942 699985 542767 819516 789281 282256 1007323 352597 601197 461972 18650 243176 82645 770226 605549 945369 529887 650130 514955 902824 521961 704397 846692 426236 686099 352177 629852 804268 441088 918614 407728 859714 581410 531889 234029 967952 196356 563258 876021 775218 456391 197577 794978 691344 350517 653675 248484 448161 360101 719042 421631 446676 379960
 618908 184010 437134 151410 783732 501975 255802 565285 133334 356477 466221 859166 624808 482495 1 513961 396919 382591 756657 336776 432523 191364 665121 421266 365930 621166 149071 400181 308147 169338 351558 598026 187222 620490 299705 197341 314956 139070 374713 468490 717929 598435 461781 816789 444452 222046 691219 497596 348929 554454 402808 262500 799429 572123 366064 136510 725862 168546 266581 390722 56659 737000 732208 579270 726766 490951 710000 309826 388401 99075 330152 367426 801255 322040 746381 722620 343722 690987 543141 680456 682157 191347 238368 306817 349981 268082 238982 352502 802694 207435
 1014493 329952 791875 429600 673343 144083 274156 265118 444000 268000 771529 606038 968737 97894 513961 1 904451 895759 1035893 294023 194857 496396 624387 646358 346336 279259 635614 167836 481109 362955 419057 276826 613085 806460 685406 316700 414977 375253 770946 634213 913957 877299 379435 1097896 286430 597666 556163 106640 329505 146759 836592 670388 1038433 626969 724914 568367 993425 521814 755153 893998 457480 783986 426879 724618 899711 537038 1006884 374774 900307 612398 611001 323048 1059882 196328 658647 967987 828880 550299 100866 888474 788348 353819 654754 233894 533178 339455 752932 507756 522766 446520
 400908 577257 378931 485703 982393 868713 633778 955066 508610 700928 451889 1122296 478844 859713 396919 904451 1 126833 645637 674542 790300 447528 852278 523069 739277 959416 271136 771057 543224 543119 621795 933838 320486 651667 328846 589743 593479 531328 306770 592500 704414 543677 747635 688144 828551 463805 925477 872404 667559 922071 240054 307431 719744 729498 362053 348327 636752 482407 162648 28573 451140 843149 1038538 663892 732059 691103 592780 678699 41485 306364 451865 685858 700660 717265 940118 658261 119534 928304 939690 667929 759502 584922 417023 703632 541825 652141 175828 563727 1087102 497704
 527510 566174 486081 502741 1057882 880288 636175 910780 469298 722298 555712 1180832 602172 863989 382591 895759 126833 1 768396 698260 806436 485052 928419 607343 685962 987133 295911 779324 595262 546539 667693 962455 368412 755523 410317 579676 635509 521633 408913 675467 816693 657996 792645 812663 780661 386094 990292 878533 698720 933381 354188 379965 840452 809850 456421 379021 757303 423013 228087 152196 439247 937440 1080779 758054 842071 759613 715403 625088 85356 283618 526035 717607 823127 701583 1016214 776404 223156 992275 917681 779301 857690 554630 330722 678440 605471 609575 145307 623595 1138032 530092
 266673 830938 323116 690719 645776 918494 811612 1226154 882762 768535 293328 856746 166949 945766 756657 1035893 645637 768396 1 743968 845312 606901 553859 392726 1089076 903548 635910 868572 563919 762108 617023 880729 570700 249836 458403 834190 625113 802105 397392 403394 175813 164496 679046 62958 1138590 957316 673321 946230 706658 957433 419973 497912 84733 460574 391063 620174 44418 922678 583809 617996 771769 417501 884744 336031 213374 520932 53017 1044132 685791 744848 453284 712951 55285 933127 611688 84445 550954 680399 1120567 174845 338295 901130 943298 960394 507049 987143 723740 530252 873171 637002
 725662 207138 501977 195781 500806 203041 122953 496515 350205 28525 477908 532956 675275 212277 336776 294023 674542 698260 743968 1 120974 230332 408001 352770 428793 288907 406988 126357 187755 173047 128009 264448 357953 522453 407230 197498 120997 225864 489466 346056 631389 583955 152120 806361 438013 515996 391116 218406 41282 254583 562267 400158 751220 367603 438236 326454 702110 437788 513855 658245 288240 539109 395828 445412 621488 270955 713554 412429 680440 428239 319665 47590 770340 218109 471406 678774 579739 388661 376731 603082 523064 291044 554640 265634 239204 349397 554000 214185 470107 178370
 843234 269914 619447 305716 506423 82117 181354 435272 414654 92562 590701 487871 787881 100545 432523 194857 790300 806436 845312 120974 1 349998 440108 460115 426650 193453 520415 54270 303669 263202 232235 173535 476776 612446 528096 256864 235921 303440 609859 442236 719531 689298 186144 906818 408056 583199 389267 101799 145948 133823 683205 521006 844962 432894 557495 442129 802323 503014 631086 775100 378822 593411 326249 530008 704899 342204 818516 427521 794040 529012 436903 134931 867416 208829 485374 775485 698649 384660 290131 694654 594064 337423 629651 265061 349939 370679 661237 322927 413632 297797
 526247 225546 311163 84226 601853 431221 228302 633010 290173 258005 314804 699871 500080 431710 191364 496396 447528 485052 606901 230332 349998 1 479166 238573 482212 511940 189226 341068 121274 158507 183571 486324 128055 439915 190283 230382 150490 195267 276818 279081 542646 442951 307664 669326 534814 413018 517882 441360 220103 483754 340254 174319 637522 381349 238803 106284 570990 352859 285413 429783 179715 545704 596197 391290 547106 303764 565743 438758 456909 247677 155569 238336 645519 344188 562918 560390 349496 518718 558106 506705 492878 294762 428103 360683 158633 380482 346479 162775 653552 52221
 686241 602001 510177 519188 130119 481471 528381 875367 729949 414773 440439 309803 585000 526893 665121 624387 852278 928419 553859 408001 440108 479166 1 331161 836690 399954 649988 487772 358254 546697 321378 383996 566516 310814 523644 595466 356818 605069 558705 262105 383726 451530 261304 603014 838944 880247 120063 518142 370186 498883 641878 549384 515365 125826 496606 575304 510814 809926 701965 826735 637020 172487 339724 235932 352507 175490 552666 819227 876421 726105 402813 360417 550805 622284 87949 469747 733579 127424 724458 379027 219915 689507 903427 672720 328578 755654 806265 317356 319314 458041
 401741 449955 191084 316119 460885 537506 420830 834589 528712 378359 137681 620224 330433 559501 421266 646358 523069 607343 392726 352770 460115 238573 331161 1 711398 552548 353022 478535 171494 380670 228161 527281 267419 201343 197171 451172 232785 427979 228333 69481 305234 231227 314900 455514 752235 641932 417673 561902 317110 581281 312456 228869 409117 206759 165626 296484 352080 588024 379259 496916 417726 335149 578083 161806 308535 189066 360807 672489 549335 449614 93441 325489 423172 542048 418457 333427 403778 421923 728588 270417 266290 527922 647497 572569 114366 611809 498031 138623 601767 255089
 980774 261509 783884 398738 923305 440829 311803 229646 235430 422996 796437 912135 974633 392695 365930 346336 739277 685962 1089076 428793 426650 482212 836690 711398 1 595512 514903 372381 548299 330732 534852 583719 542156 908462 649262 261262 507680 286972 731366 733527 1015591 925152 577565 1151417 98784 314405 808788 410986 467647 472586 767564 617065 1118055 788788 710409 488025 1053099 262980 629470 739406 329586 962735 742010 844605 1014466 692305 1047250 60969 720408 436899 636929 476337 1127429 219416 896935 1041188 705819 805064 302006 981654 935156 188667 376745 165119 606492 102474 564744 592822 834446 456478
 953566 463353 734853 484648 415208 154685 374381 543721 607975 265808 690185 326876 879921 203940 621166 279259 959416 987133 903548 288907 193453 511940 399954 552548 595512 1 694759 239896 432344 452431 350208 26133 639620 655482 669139 450316 371165 495961 742805 512149 752629 763425 238011 961024 555699 776410 304213 186398 291858 132511 822953 670821 885079 448404 683797 613086 859162 696206 797329 941616 569068 571784 148756 568639 729051 383975 886989 606457 967384 715435 559269 273639 914530 388637 409682 824958 859027 297120 375512 736272 601820 529109 823095 444040 460756 554256 842897 432665 244180 461910
 475029 313241 312850 214959 777088 598041 363272 711801 280883 432471 357383 887519 492248 588599 149071 635614 271136 295911 635910 406988 520415 189226 649988 353022 514903 694759 1 499956 302836 272963 372379 669651 85980 537028 182197 324774 339715 267759 240982 414250 623256 486332 496889 693417 592898 321601 701112 601273 404280 651426 256511 141307 687809 539266 249108 83114 609640 295173 121531 258699 193791 687097 784932 514377 638565 476243 586426 458244 273726 108993 260963 423053 684248 453322 736526 612905 198197 702536 677008 584713 618724 338240 309780 447030 321546 417012 158691 335752 842657 234643
 850205 228246 626845 285696 558647 101907 144492 389659 370050 100197 604227 541621 801567 90657 400181 167836 771057 779324 868572 126357 54270 341068 487772 478535 372381 239896 499956 1 313933 232795 251553 222271 464367 642038 526201 214658 247352 265811 610347 467950 750288 709533 229085 930725 355458 537829 441886 101533 161920 154318 679861 514983 872945 471733 561535 425147 826310 457668 614715 757485 344812 636457 377770 561926 737866 378150 839129 373894 772136 498377 445028 156713 893462 154854 536436 801655 685029 437477 254630 723606 631747 289325 586449 211148 365379 317903 634072 339926 466558 289369
 539574 287913 315807 169870 480594 384724 249993 663150 389007 215218 290422 585590 487672 399452 308147 481109 543224 595262 563919 187755 303669 121274 358254 171494 548299 432344 302836 313933 1 220293 82241 406212 227311 360940 236874 287086 67752 273850 311940 185271 469108 401219 205557 626783 583279 527018 398675 404345 157787 433088 390761 241637 579479 265639 255799 222606 523543 461385 381446 522165 285913 435367 496054 297192 466336 183158 530346 514183 558217 368918 133332 170828 594556 370860 441662 504405 434304 399906 559523 436720 392465 371196 546404 403275 58879 451610 461525 46880 544827 104842
 681696 69348 469402 75657 654145 334038 90800 475005 184482 189589 471825 704703 658585 318422 169338 362955 543119 546539 762108 173047 263202 158507 546697 380670 330732 452431 272963 232795 220293 1 225988 429684 255097 578320 343775 72219 192294 58399 430265 405091 685023 597665 313182 824833 377047 345362 551544 332369 193586 386968 485304 320436 788007 475829 396633 206899 724860 269024 392206 531626 116761 649347 568101 517441 684748 383056 722413 294029 541636 266230 308825 210527 798598 190160 620468 711352 466293 550123 411046 650936 612058 151039 381848 202251 277321 231938 401311 266325 643106 125987
 615069 285095 392124 201264 433809 310961 223850 622627 408589 151554 358928 516622 555848 331345 351558 419057 621795 667693 617023 128009 232235 183571 321378 228161 534852 350208 372379 251553 82241 225988 1 324078 302789 394839 319109 280356 36628 284198 393206 218066 503894 458451 125953 679214 556250 560812 339927 334022 89636 357047 472762 323125 623213 254332 335640 289745 574834 489018 459369 601529 317921 428573 416769 319450 495061 158806 587977 508967 635005 425400 211502 97382 642549 337158 398003 550904 514875 339960 504396 475187 402373 372545 587821 378346 118307 445093 530042 90812 470355 146499
 928074 442831 709076 460225 406624 144239 353328 541941 588050 241996 664872 332443 855124 195184 598026 276826 933838 962455 880729 264448 173535 486324 383996 527281 583719 26133 669651 222271 406212 429684 324078 1 613912 633217 643008 429976 345106 474356 716714 487762 731384 739406 212525 938563 547775 756653 293185 178611 266307 131197 796826 644758 863553 427290 657769 587816 836371 676486 771673 915918 546421 555014 158292 546392 708478 360481 863482 592367 942058 691741 533234 247989 892519 373619 398609 802624 833130 286373 375199 714328 582247 510616 802459 429476 434812 538815 818398 406699 251712 436473
 438960 310202 249962 183658 694473 557378 339457 721124 317980 385326 283480 812591 437896 554855 187222 613085 320486 368412 570700 357953 476776 128055 566516 267419 542156 639620 85980 464367 227311 255097 302789 613912 1 454727 112632 319240 273281 268622 189561 328272 544534 415023 428714 630291 610405 390968 622331 565552 347928 610254 231834 75704 616824 454080 179638 54148 541251 351981 157920 302008 212690 601153 719276 429018 557865 394049 523342 489860 332237 185506 175036 365991 616519 444723 653527 540689 221892 624156 666082 506230 533453 356038 386999 449215 239084 440512 239766 255600 771743 179606
 391138 647161 272861 516528 417108 681028 609013 1016979 730049 544072 200173 619414 281496 712708 620490 806460 651667 755523 249836 522453 612446 439915 310814 201343 908462 655482 537028 642038 360940 578320 394839 633217 454727 1 360435 647270 411324 627738 346901 177934 109146 147568 437196 305667 943521 839438 428178 711188 482504 716565 413893 399668 233243 210750 302067 491186 205533 788153 534273 623376 618951 209997 635618 86844 107211 276321 242530 871702 685167 640157 290339 485447 259560 728043 378828 169488 535349 434945 896621 82468 118973 727353 840989 763548 302265 810212 667124 318622 628495 454080
 337986 406110 137453 268228 653757 610211 418523 817892 429385 435742 175187 797206 326614 616264 299705 685406 328846 410317 458403 407230 528096 190283 523644 197171 649262 669139 182197 526201 236874 343775 319109 643008 112632 360435 1 413251 299538 368354 86706 265845 442032 304834 439986 517745 712675 500587 598223 624362 386603 661165 155371 40891 506639 401841 67678 164309 429798 464381 182324 303864 321580 528511 727550 350027 458999 363475 410757 598800 353074 290337 124112 402326 504898 532802 611549 431210 211084 601377 748371 403417 452164 461328 491881 544683 219968 546978 307668 245090 767333 238902
 751179 13875 540771 146665 695830 315482 78379 404644 158404 204628 544042 726696 730330 289606 197341 316700 589743 579676 834190 197498 256864 230382 595466 451172 261262 450316 324774 214658 287086 72219 280356 429976 319240 647270 413251 1 250059 58634 499339 472349 754629 669723 348285 896942 304829 327043 588077 305872 228669 365985 550922 387856 859287 534205 467759 268102 796770 247065 446122 580820 140792 708431 578053 583773 753205 439161 794622 229295 584097 296075 380924 242409 870359 128551 664561 782773 522051 585824 352248 721028 675940 94425 372825 131434 345231 165732 436317 331929 659490 197524
 607317 253817 383538 164660 470288 317061 199374 606276 373563 147949 357010 551403 554412 331961 314956 414977 593479 635509 625113 120997 235921 150490 356818 232785 507680 371165 339715 247352 67752 192294 36628 345106 273281 411324 299538 250059 1 250126 377496 233393 520416 463959 157178 687747 533919 524523 376417 336643 90082 365752 454571 299656 636035 284473 322718 256729 583824 453177 430836 574029 281502 458564 446397 339953 513998 190785 593485 479313 605251 389626 201018 103774 653334 316824 434261 562267 489050 376372 495805 490053 427538 340774 551215 354624 118626 415609 496606 95061 503223 110606
 705040 45936 499917 112367 712319 367597 122293 452504 126530 239087 509576 758801 690513 344942 139070 375253 531328 521633 802105 225864 303440 195267 605069 427979 286972 495961 267759 265811 273850 58399 284198 474356 268622 627738 368354 58634 250126 1 453240 457091 733186 638217 370009 864459 344350 290154 609015 360607 249808 419195 500276 340026 832074 532791 426425 215887 766240 212457 389276 522722 82420 705881 617573 569999 734656 440725 760470 244621 525468 238032 350334 266072 840699 186197 678797 755048 465628 607451 409597 698255 666313 100054 330028 181411 329300 185267 377943 320467 695228 173755
 251941 491899 79785 354793 687848 691910 505112 903897 506913 517977 146837 846956 251629 699985 374713 770946 306770 408913 397392 489466 609859 276818 558705 228333 731366 742805 240982 610347 311940 430265 393206 716714 189561 346901 86706 499339 377496 453240 1 296681 411048 258260 509013 453454 797223 562243 645007 707477 466365 742103 84770 114303 455228 433331 63480 243524 374388 534097 194066 278959 402151 536644 791250 357765 434305 412549 346808 679413 338747 349162 184521 481179 447625 619472 645408 383428 188807 648968 834917 372952 452769 544369 546027 630730 284378 629446 333343 311699 823901 324740
 452037 473111 253055 348437 391619 515167 431370 839274 566505 368782 190057 555331 368851 542767 468490 634213 592500 675467 403394 346056 442236 279081 262105 69481 733527 512149 414250 467950 185271 405091 218066 487762 328272 177934 265845 472349 233393 457091 296681 1 287029 252510 278956 464633 766053 690495 352467 542904 306854 554999 380230 295974 405265 137314 234516 351500 360166 631939 447432 566387 458079 273364 523912 113147 281647 132969 379436 699118 618505 506153 153674 311365 425672 550125 349178 333791 473241 357122 721918 257261 213841 555589 700440 586181 127868 636758 563073 141287 541103 283941
 386728 754107 331777 621341 470356 786472 717810 1126123 831938 652735 268963 682435 270984 819516 717929 913957 704414 816693 175813 631389 719531 542646 383726 305234 1015591 752629 623256 750288 469108 685023 503894 731384 544534 109146 442032 754629 520416 733186 411048 287029 1 161669 541537 219706 1052139 933880 503778 817418 591298 820330 464540 482656 133167 304227 377888 585299 137191 886355 604531 675842 720210 241702 720065 189785 39050 380209 190620 977622 740930 729468 389497 593868 167089 837070 437040 92716 593615 511092 1004917 38635 164703 833085 931345 872131 410286 916650 742061 427414 702306 559987
 243941 666553 178686 526571 563246 764889 647689 1062308 721995 609336 132220 761329 134412 789281 598435 877299 543677 657996 164496 583955 689298 442951 451530 231227 925152 763425 486332 709533 401219 597665 458451 739406 415023 147568 304834 669723 463959 638217 258260 252510 161669 1 531464 227351 974094 805272 565187 790874 547835 806362 304381 345489 201873 339037 237344 462138 128380 765960 452067 515120 610426 356097 762305 216073 192985 380067 129605 880936 580785 594973 288855 555399 203553 769214 524098 126633 434906 571482 959750 127378 265279 737513 796035 795957 345389 823394 591602 369771 764397 472506
 715567 357030 497251 310772 348700 245439 275058 618689 496345 154572 452410 397664 643740 282256 461781 379435 747635 792645 679046 152120 186144 307664 261304 314900 577565 238011 496889 229085 205557 313182 125953 212525 428714 437196 439986 348285 157178 370009 509013 278956 541537 531464 1 738823 577663 658337 239909 277948 120474 279388 591000 447100 670376 247631 448530 413903 635074 582139 585275 727155 420733 407762 290909 352012 524055 161333 657887 563940 760943 543042 324535 105886 695888 361389 319899 604459 639825 237905 476175 519616 409092 442414 691941 412826 224890 501203 653631 197321 346277 265685
 296343 893603 381336 753234 688336 979390 874568 1289105 943746 830760 355223 901560 211817 1007323 816789 1097896 688144 812663 62958 806361 906818 669326 603014 455514 1151417 961024 693417 930725 626783 824833 679214 938563 630291 305667 517745 896942 687747 864459 453454 464633 219706 227351 738823 1 1201412 1015016 722987 1007525 768840 1017675 469602 556765 96709 515524 450779 680422 104506 982105 636123 661083 833038 457939 937391 392465 254063 579713 107096 1106100 728907 802159 516018 774876 55352 996082 656101 136263 598851 730232 1183031 226653 384408 963329 999328 1023297 569800 1049398 775358 592825 921906 699826
 1048720 309300 843695 450683 914102 403726 334759 131301 320284 425992 848870 880111 1033958 352597 444452 286430 828551 780661 1138590 438013 408056 534814 838944 752235 98784 555699 592898 355458 583279 377047 556250 547775 610405 943521 712675 304829 533919 344350 797223 766053 1052139 974094 577663 1201412 1 412936 797221 369522 478961 426034 840158 683498 1161323 805365 770310 556561 1100679 358618 710824 827077 401377 977077 704372 873859 1047526 708530 1099412 157294 811622 523368 685499 484009 1173795 220060 891498 1085299 787832 792691 221718 1019998 958409 255605 475296 180018 642158 177265 655571 624927 799206 501589
 785135 314636 634201 361067 994447 635238 404906 544042 168664 528179 674276 1048948 812684 601197 222046 597666 463805 386094 957316 515996 583199 413018 880247 641932 314405 776410 321601 537829 527018 345362 560812 756653 390968 839438 500587 327043 524523 290154 562243 690495 933880 805272 658337 1015016 412936 1 895487 619100 538943 682324 566336 460222 1007138 792340 568244 348719 930183 80207 400806 471543 243244 958692 904839 800953 944858 708183 908013 256361 436363 213096 549718 555719 1005089 407470 958780 931355 466935 894387 588797 895868 904080 250737 62363 363792 571404 263704 291288 572442 984640 423396
 794283 596931 605498 540212 117717 412386 513870 816828 735522 389509 540017 202867 697175 461972 691219 556163 925477 990292 673321 391116 389267 517882 120063 417673 808788 304213 701112 441886 398675 551544 339927 293185 622331 428178 598223 588077 376417 609015 645007 352467 503778 565187 239909 722987 797221 895487 1 450051 360256 418961 729596 618261 635380 228076 581644 621263 630044 820458 768772 901464 654824 285525 222632 349257 472458 234755 670636 799910 945863 764065 474199 345698 670862 589638 105510 589372 809152 7782 656983 498489 339899 682047 926066 643805 385370 738075 859729 366762 200325 486076
 943597 319737 719809 387205 567438 37671 242362 368061 454607 190058 692304 511031 889552 18650 497596 106640 872404 878533 946230 218406 101799 441360 518142 561902 410986 186398 601273 101533 404345 332369 334022 178611 565552 711188 624362 305872 336643 360607 707477 542904 817418 790874 277948 1007525 369522 619100 450051 1 247072 64080 778781 614711 944163 525303 656636 526677 903068 539750 716248 858974 441510 679165 334906 627643 801355 438038 919993 426352 873044 596375 537279 236683 967426 214805 552154 875525 786451 444302 207422 793574 686758 368376 671274 267104 451595 378721 733451 424678 429702 389376
 697355 236952 473593 201109 467169 226983 158274 537524 375991 61996 445418 512182 642774 243176 348929 329505 667559 698720 706658 41282 145948 220103 370186 317110 467647 291858 404280 161920 157787 193586 89636 266307 347928 482504 386603 228669 90082 249808 466365 306854 591298 547835 120474 768840 478961 538943 360256 247072 1 275978 541963 383315 712114 326481 412509 321938 664447 462159 505514 649857 304305 498346 385383 404722 580863 229763 677405 449088 675934 435937 291094 18959 731942 258948 436311 640222 568238 358354 415100 563469 481788 323043 574338 305468 205003 385616 555929 178728 453774 170262
 971809 379789 748382 436481 534594 53390 298676 411495 517046 226293 715297 459354 911375 82645 554454 146759 922071 933381 957433 254583 133823 483754 498883 581281 472586 132511 651426 154318 433088 386968 357047 131197 610254 716565 661165 365985 365752 419195 742103 554999 820330 806362 279388 1017675 426034 682324 418961 64080 275978 1 816424 654734 949705 521305 688438 574435 913659 602776 763789 907489 498933 665543 280542 631141 801504 440437 934332 489730 924527 652694 566302 262275 975218 278858 523476 883702 832054 412582 244071 798966 681572 431601 733880 331107 475268 442724 788092 447442 376324 431541
 219529 542022 141689 411514 770555 765303 565981 952729 535993 590756 216300 931654 258201 770226 402808 836592 240054 354188 419973 562267 683205 340254 641878 312456 767564 822953 256511 679861 390761 485304 472762 796826 231834 413893 155371 550922 454571 500276 84770 380230 464540 304381 591000 469602 840158 566336 729596 778781 541963 816424 1 166336 488101 516227 148247 284518 405064 549915 169563 211494 439282 611577 874964 434528 492013 497318 367166 712495 276466 356611 267327 557606 473630 675433 728149 422405 132057 733607 895109 427907 525162 584739 541120 681047 367125 667414 306463 393981 908557 390937
 365223 379789 175571 245871 679244 602867 399740 791785 393672 428458 216077 814932 362341 605549 262500 670388 307431 379965 497912 400158 521006 174319 549384 228869 617065 670821 141307 514983 241637 320436 323125 644758 75704 399668 40891 387856 299656 340026 114303 295974 482656 345489 447100 556765 683498 460222 618261 614711 383315 654734 166336 1 547223 429895 108156 129352 469977 425519 152597 284218 287931 562934 737043 385585 499159 384291 449689 565273 328092 249540 146576 400052 544958 510523 637309 471942 193760 620992 729135 444056 488636 430162 451010 518925 234548 515154 270655 257250 781310 225622
 349845 857336 377171 719750 595072 914225 829446 1241905 921196 774024 333555 809325 244706 945369 799429 1038433 719744 840452 84733 751220 844962 637522 515365 409117 1118055 885079 687809 872945 579479 788007 623213 863553 616824 233243 506639 859287 636035 832074 455228 405265 133167 201873 670376 96709 1161323 1007138 635380 944163 712114 949705 488101 547223 1 436828 439070 663397 83153 967314 646647 691707 809282 364262 852828 318771 163051 509309 131709 1076239 759208 796590 481964 716241 41749 950272 564094 77221 620093 642783 1127139 150780 295487 931991 997319 981685 520942 1017207 786887 541278 832831 662021
 566304 538270 384514 434791 254527 491900 477141 859782 652757 382453 315510 428796 469710 529887 572123 626969 729498 809850 460574 367603 432894 381349 125826 206759 788788 448404 539266 471733 265639 475829 254332 427290 454080 210750 401841 534205 284473 532791 433331 137314 304227 339037 247631 515524 805365 792340 228076 525303 326481 521305 516227 429895 436828 1 371616 469265 416283 726928 582251 703533 551514 174264 425746 125692 281606 96903 451038 763174 754891 623131 284178 322830 467279 585308 212083 379309 610364 233918 722939 289210 161474 625217 809452 630084 223529 699332 692615 219900 425744 370258
 289845 461719 73530 321185 626090 639223 465058 871593 494353 466592 109239 783511 264288 650130 366064 724914 362053 456421 391063 438236 557495 238803 496606 165626 710409 683797 249108 561535 255799 396633 335640 657769 179638 302067 67678 467759 322718 426425 63480 234516 377888 237344 448530 450779 770310 568244 581644 656636 412509 688438 148247 108156 439070 371616 1 229875 362130 531616 232368 334995 385094 482259 728857 302685 396866 349071 343938 661423 391354 357637 124546 426412 437256 582764 583645 363843 242619 585567 793361 339264 401277 521871 558884 598820 223645 607946 365857 251419 760571 282347
 493086 258463 301644 139917 700795 521166 294220 668232 265085 352636 329965 805617 490721 514955 136510 568367 348327 379021 620174 326454 442129 106284 575304 296484 488025 613086 83114 425147 222606 206899 289745 587816 54148 491186 164309 268102 256729 215887 243524 351500 585299 462138 413903 680422 556561 348719 621263 526677 321938 574435 284518 129352 663397 469265 229875 1 589407 303919 189597 333062 158630 624551 701829 457782 596226 400284 573721 435926 354331 154781 203157 340624 664793 394950 660864 586742 260902 622425 617506 547403 562063 301961 351058 397043 247322 386365 240355 258541 759835 151884
 273885 793921 297416 654397 604989 875057 772130 1186417 850191 726387 260082 814908 164095 902824 725862 993425 636752 757303 44418 702110 802323 570990 510814 352080 1053099 859162 609640 826310 523543 724860 574834 836371 541251 205533 429798 796770 583824 766240 374388 360166 137191 128380 635074 104506 1100679 930183 630044 903068 664447 913659 405064 469977 83153 416283 362130 589407 1 892905 564638 608676 738709 378198 840715 291635 175830 476683 57872 1009221 676134 718607 416333 670394 75399 893573 570216 44555 537020 637071 1078823 131979 296785 865670 918511 921961 466175 951472 704892 488824 830065 599308
 769286 234819 601088 292462 921535 555341 325107 489521 88679 449124 633840 970613 785690 521961 168546 521814 482407 423013 922678 437788 503014 352859 809926 588024 262980 696206 295173 457668 461385 269024 489018 676486 351981 788153 464381 247065 453177 212457 534097 631939 886355 765960 582139 982105 358618 80207 820458 539750 462159 602776 549915 425519 967314 726928 531616 303919 892905 1 392906 485514 175515 895989 825049 743971 894702 639956 875078 202180 460555 194931 497936 478527 968245 329446 886733 890649 465270 819107 518896 848947 845722 171504 132995 288208 509203 195199 306598 507672 905463 356671
 385367 434701 273849 329204 831787 710576 481653 831615 394057 540693 337166 963368 426050 704397 266581 755153 162648 228087 583809 513855 631086 285413 701965 379259 629470 797329 121531 614715 381446 392206 459369 771673 157920 534273 182324 446122 430836 389276 194066 447432 604531 452067 585275 636123 710824 400806 768772 716248 505514 763789 169563 152597 646647 582251 232368 189597 564638 392906 1 144457 314569 710338 876137 531310 626472 535733 531646 571209 177440 198197 299153 523696 636077 574669 789883 576417 77194 771228 798368 566239 632214 457635 372351 568373 383565 533975 140257 404093 926029 336150
 375505 568632 350583 471798 956826 854203 621966 952400 506794 684992 423707 1099042 451318 846692 390722 893998 28573 152196 617996 658245 775100 429783 826735 496916 739406 941616 258699 757485 522165 531626 601529 915918 302008 623376 303864 580820 574029 522722 278959 566387 675842 515120 727155 661083 827077 471543 901464 858974 649857 907489 211494 284218 691707 703533 334995 333062 608676 485514 144457 1 443737 815522 1018023 636384 703504 666875 565093 679154 67851 303738 427424 667979 672958 708913 914504 629911 93178 904414 932013 639360 731573 580488 427362 697426 518761 650124 180685 541222 1065080 480606
 651201 127567 458004 117900 751725 446702 200321 518225 112038 306096 478794 816402 648123 426236 56659 457480 451140 439247 771769 288240 378822 179715 637020 417726 329586 569068 193791 344812 285913 116761 317921 546421 212690 618951 321580 140792 281502 82420 402151 458079 720210 610426 420733 833038 401377 243244 654824 441510 304305 498933 439282 287931 809282 551514 385094 158630 738709 175515 314569 443737 1 720531 684002 570698 726040 465468 727081 277397 443961 155690 330810 322275 813975 266446 715719 732096 391642 654093 488567 683618 671545 145780 271447 254316 334073 228393 295551 332158 757209 181311
 600013 712379 470253 605236 230830 643600 650969 1026072 824221 551999 395468 445612 488033 686099 737000 783986 843149 937440 417501 539109 593411 545704 172487 335149 962735 571784 687097 636457 435367 649347 428573 555014 601153 209997 528511 708431 458564 705881 536644 273364 241702 356097 407762 457939 977077 958692 285525 679165 498346 665543 611577 562934 364262 174264 482259 624551 378198 895989 710338 815522 720531 1 508147 179583 204592 270431 428627 937436 873527 779305 426135 493188 403250 757213 201461 334066 724230 293284 882519 250434 91043 799172 971840 803172 387347 873596 833001 388675 474856 540143
 975935 590240 768554 586441 311048 301968 499952 690125 736372 378861 712783 179983 888980 352177 732208 426879 1038538 1080779 884744 395828 326249 596197 339724 578083 742010 148756 784932 377770 496054 568101 416769 158292 719276 635618 727550 578053 446397 617573 791250 523912 720065 762305 290909 937391 704372 904839 222632 334906 385383 280542 874964 737043 852828 425746 728857 701829 840715 825049 876137 1018023 684002 508147 1 551437 690767 391213 876782 750042 1051480 821227 607794 366480 886737 530939 318728 802009 930280 214868 521046 710997 558423 662875 947573 587010 508400 695520 939662 482509 95927 550885
