NAME : domp20p6v4
COMMENT : Cherkesly, Contardo & Gruson 2022
TYPE : DOMP
DIMENSION : 20
DISPLAY_DATA_TYPE : NO_DISPLAY
OPEN_FACILITIES : 6
COST_SECTION
 1 325087 245119 300039 273738 147552 774849 290307 381119 845293 102484 703975 473043 287017 708307 177203 221615 167770 129991 162340
 325087 1 120916 351451 549617 469795 845645 504009 158469 869658 287924 764999 381972 608923 740181 476495 546240 484284 411636 445859
 245119 120916 1 376590 436771 378360 887345 482314 261237 927056 181610 808436 460008 531211 792727 372300 457155 387579 356806 338561
 300039 351451 376590 1 563897 403672 511477 209641 265858 560965 372361 433492 198754 449814 424076 462454 445539 434174 250243 457471
 273738 549617 436771 563897 1 171041 990019 481316 642450 1078020 262748 928039 745700 274981 944398 101664 184709 139312 328914 112275
 147552 469795 378360 403672 171041 1 819654 310963 526805 906991 202016 757072 593981 166029 773547 76238 79066 31968 159638 99819
 774849 845645 887345 511477 990019 819654 1 508740 715677 129572 865956 80963 493854 764649 127881 894130 819799 850959 669083 904838
 290307 504009 482314 209641 481316 310963 508740 1 460746 599703 391609 447754 395453 281878 469490 385836 316212 342220 167007 398844
 381119 158469 261237 265858 642450 526805 715677 460746 1 726670 384777 634762 231966 636062 602464 554535 594629 548837 422226 531401
 845293 869658 927056 560965 1078020 906991 129572 599703 726670 1 929536 154657 495440 868516 137359 979285 915506 938814 750964 986004
 102484 287924 181610 372361 262748 202016 865956 391609 384777 929536 1 792768 522270 363320 792177 190827 280957 207508 232355 158244
 703975 764999 808436 433492 928039 757072 80963 447754 634762 154657 792768 1 413929 714041 66875 830407 762668 788728 603178 839012
 473043 381972 460008 198754 745700 593981 493854 395453 231966 495440 522270 413929 1 648541 374959 646014 641590 623147 446370 635259
 287017 608923 531211 449814 274981 166029 764649 281878 636062 868516 363320 714041 648541 1 744106 221138 97573 176008 214842 256270
 708307 740181 792727 424076 944398 773547 127881 469490 602464 137359 792177 66875 374959 744106 1 844948 785664 805463 616308 850584
 177203 476495 372300 462454 101664 76238 894130 385836 554535 979285 190827 830407 646014 221138 844948 1 123681 49088 228694 38741
 221615 546240 457155 445539 184709 79066 819799 316212 594629 915506 280957 762668 641590 97573 785664 123681 1 80380 195404 159562
 167770 484284 387579 434174 139312 31968 850959 342220 548837 938814 207508 788728 623147 176008 805463 49088 80380 1 191481 80504
 129991 411636 356806 250243 328914 159638 669083 167007 422226 750964 232355 603178 446370 214842 616308 228694 195404 191481 1 235916
 162340 445859 338561 457471 112275 99819 904838 398844 531401 986004 158244 839012 635259 256270 850584 38741 159562 80504 235916 1
LAMBDA_SECTION
1 235
2 604
3 302
4 26
5 764
6 368
7 463
8 524
9 117
10 753
11 264
12 487
13 89
14 949
15 79
16 480
17 163
18 997
19 661
20 690
