NAME : domp30p7v2
COMMENT : Cherkesly, Contardo & Gruson 2022
TYPE : DOMP
DIMENSION : 30
DISPLAY_DATA_TYPE : NO_DISPLAY
OPEN_FACILITIES : 7
COST_SECTION
 1 846609 846505 167918 375843 499313 294507 971232 740626 204105 192037 176367 516119 644890 748719 799521 268758 755477 309673 252671 211898 330812 756969 408947 140118 250666 484074 501967 174528 105083
 846609 1 36418 690395 633178 958638 761627 137558 221677 874243 779887 730870 686177 338518 123312 775596 815125 173829 887481 593994 640614 741073 211015 452837 970193 762380 808811 492924 855048 763751
 846505 36418 1 693395 648274 977324 774148 158131 192562 882597 771812 724740 708269 313854 146566 806537 803468 203706 899998 594494 638306 755143 242312 459838 967336 772911 788326 512428 847501 766653
 167918 690395 693395 1 234175 461832 209409 810803 607613 219718 238647 181664 390152 528641 587131 672638 325342 590043 291600 107168 110239 232015 590089 243779 306642 171095 507055 339552 273884 73356
 375843 633178 648274 234175 1 338858 138024 727084 629700 279400 470752 410686 159995 595397 512397 439011 555849 488144 259618 257653 311023 109503 472659 223525 512999 157928 718953 158665 507667 272313
 499313 958638 977324 461832 338858 1 257263 1037572 968556 296121 672817 629480 286274 929678 835591 449282 758416 799968 189667 542855 570729 250924 776278 560442 588309 290989 961131 465784 673055 440973
 294507 761627 774148 209409 138024 257263 1 861066 735458 147807 437497 386544 230401 683205 643056 508731 525049 623072 125880 285618 315640 39862 609287 325311 418924 44238 715814 296683 454371 207273
 971232 137558 158131 810803 727084 1037572 861066 1 349397 982982 913852 863208 755679 471984 223979 797529 951401 239378 985889 718934 769051 836520 261453 568550 1098318 866839 945503 576047 988457 883905
 740626 221677 192562 607613 629700 968556 735458 349397 1 817893 632428 594827 728994 128231 252630 887510 649354 320877 857321 501070 528981 725877 360476 410908 846435 723312 606538 528423 708758 677621
 204105 874243 882597 219718 279400 296121 147807 982982 817893 1 386318 352034 373471 746267 760708 642683 468942 748831 106818 324733 325002 186757 739312 422935 298798 121897 679238 435867 378566 168112
 192037 779887 771812 238647 470752 672817 437497 913852 632428 386318 1 63124 628443 519021 702594 909751 87599 726586 486312 242600 176966 465828 738367 403572 230276 394615 293408 552257 76405 233102
 176367 730870 724740 181664 410686 629480 386544 863208 594827 352034 63124 1 569345 487617 648772 849388 145173 669884 446645 179656 114045 412434 680207 341980 252734 344929 331658 489153 127374 189010
 516119 686177 708269 390152 159995 286274 230401 755679 728994 373471 628443 569345 1 716575 563033 284306 714335 520938 307663 416709 471018 190707 494364 351790 646767 270186 878597 201255 660925 417729
 644890 338518 313854 528641 595397 929678 683205 471984 128231 746267 519021 487617 716575 1 336137 910484 528291 398347 798929 421908 437249 680234 433828 372107 740323 664238 478441 523743 594663 594080
 748719 123312 146566 587131 512397 835591 643056 223979 252630 760708 702594 648772 563033 336137 1 664867 748043 68850 768680 497167 549813 620990 109358 344575 877817 646181 772701 369813 775509 660135
 799521 775596 806537 672638 439011 449282 508731 797529 887510 642683 909751 849388 284306 910484 664867 1 994547 602851 557918 687071 746054 470245 564600 585165 927625 550856 1147333 402955 944774 702001
 268758 815125 803468 325342 555849 758416 525049 951401 649354 468942 87599 145173 714335 528291 748043 994547 1 778280 570850 318117 253554 553400 793574 471216 270456 482077 217936 629456 105814 320047
 755477 173829 203706 590043 488144 799968 623072 239378 320877 748831 726586 669884 520938 398347 68850 602851 778280 1 747371 508112 565322 597639 40739 346601 888682 630791 818727 336803 797252 661812
 309673 887481 899998 291600 259618 189667 125880 985889 857321 106818 486312 446645 307663 798929 768680 557918 570850 747371 1 386694 401719 150400 732268 448941 403493 134809 777286 416622 483617 257826
 252671 593994 594494 107168 257653 542855 285618 718934 501070 324733 242600 179656 416709 421908 497167 687071 318117 508112 386694 1 65635 296774 513493 166655 381108 255972 462140 311340 301733 176719
 211898 640614 638306 110239 311023 570729 315640 769051 528981 325002 176966 114045 471018 437249 549813 746054 253554 565322 401719 65635 1 333606 572942 229605 329606 279760 409284 376294 237416 160741
 330812 741073 755143 232015 109503 250924 39862 836520 725877 186757 465828 412434 190707 680234 620990 470245 553400 597639 150400 296774 333606 1 581972 315044 457474 80642 738825 266327 486827 239355
 756969 211015 242312 590089 472659 776278 609287 261453 360476 739312 738367 680207 494364 433828 109358 564600 793574 40739 732268 513493 572942 581972 1 348780 892163 619713 843364 317548 807455 660716
 408947 452837 459838 243779 223525 560442 325311 568550 410908 422935 403572 341980 351790 372107 344575 585165 471216 346601 448941 166655 229605 315044 348780 1 543387 317008 577494 182966 467004 316216
 140118 970193 967336 306642 512999 588309 418924 1098318 846435 298798 230276 252734 646767 740323 877817 927625 270456 888682 403493 381108 329606 457474 892163 543387 1 376996 482341 642064 166655 244930
 250666 762380 772911 171095 157928 290989 44238 866839 723312 121897 394615 344929 270186 664238 646181 550856 482077 630791 134809 255972 279760 80642 619713 317008 376996 1 675319 313985 410247 163402
 484074 808811 788326 507055 718953 961131 715814 945503 606538 679238 293408 331658 878597 478441 772701 1147333 217936 818727 777286 462140 409284 738825 843364 577494 482341 675319 1 756139 322790 520380
 501967 492924 512428 339552 158665 465784 296683 576047 528423 435867 552257 489153 201255 523743 369813 402955 629456 336803 416622 311340 376294 266327 317548 182966 642064 313985 756139 1 604432 397266
 174528 855048 847501 273884 507667 673055 454371 988457 708758 378566 76405 127374 660925 594663 775509 944774 105814 797252 483617 301733 237416 486827 807455 467004 166655 410247 322790 604432 1 247501
 105083 763751 766653 73356 272313 440973 207273 883905 677621 168112 233102 189010 417729 594080 660135 702001 320047 661812 257826 176719 160741 239355 660716 316216 244930 163402 520380 397266 247501 1
LAMBDA_SECTION
1 628
2 812
3 656
4 593
5 335
6 566
7 724
8 129
9 546
10 177
11 455
12 166
13 752
14 925
15 278
16 858
17 333
18 42
19 8
20 963
21 922
22 954
23 456
24 244
25 684
26 451
27 76
28 821
29 817
30 951
