NAME : domp90p45v6
COMMENT : Cherkesly, Contardo & Gruson 2022
TYPE : DOMP
DIMENSION : 90
DISPLAY_DATA_TYPE : NO_DISPLAY
OPEN_FACILITIES : 45
COST_SECTION
 1 593978 647128 210336 574344 788146 354310 630630 851406 486145 547447 572820 918030 732963 270854 553447 614470 506349 595518 533260 270973 380010 527882 448479 510118 880943 277435 836077 498316 586243 249891 521143 959981 375419 192498 701269 581922 424238 748501 391139 760742 400698 792498 643421 173155 864709 212513 762747 915936 527936 499531 447557 656011 415663 608136 606050 933550 568659 812333 386704 846259 540487 462427 826476 841726 84011 820165 591326 729049 913067 875143 434706 841852 485227 483054 445614 236449 896194 731923 418397 146494 380837 195150 852937 312284 265781 799295 782248 266645 870365
 593978 1 752394 761682 31392 487156 240468 117846 695896 577444 208048 685379 520564 327573 392475 332151 287052 613263 316216 126414 590706 227506 99474 861317 273210 287019 489548 757639 246203 254467 423135 773601 375789 277534 626659 778203 222417 533118 292463 774386 167297 336924 307876 369828 477341 783657 410112 687927 369494 728406 471200 231404 133641 696588 204164 634893 617976 225634 222203 848513 419825 226553 902886 338354 404824 511786 517934 14400 519797 369305 666847 453441 737314 736241 337139 430275 539319 374338 349656 237208 600796 420407 519349 734015 494435 499358 712306 494045 578467 294460
 647128 752394 1 581248 721175 467688 663860 677221 333142 192387 883163 79192 620592 572388 770142 430281 504772 158515 464590 807852 376339 597158 776936 388920 479776 947931 397173 254005 506198 520333 775367 182841 935665 777910 465401 55854 916338 993289 629667 348349 845900 437885 674393 441513 511459 273820 711900 217878 819613 135114 281630 531568 883574 251265 580511 122988 536420 910230 859130 454926 624183 530205 436674 691003 634780 614159 476715 762587 361004 813303 396694 313529 280157 193789 925424 330778 841451 769165 547661 788219 786462 368390 462686 299150 883370 402721 243253 452627 380535 851615
 210336 761682 581248 1 737645 846959 532195 774722 851928 471344 746236 520866 993784 832282 479153 636957 713432 476982 684946 720925 249870 535355 710080 276565 614126 1045856 325087 810838 612090 693707 459681 416562 1108559 575847 159578 636982 781828 627979 860725 251439 923645 496317 908613 719336 286059 836770 417405 746885 1045494 447226 531699 574755 841804 330012 729824 581423 980092 769082 969708 199568 938436 656844 274846 940581 937746 268511 875033 761701 766798 1041625 891233 475387 825353 391452 691853 495739 438369 1016980 824492 616035 333115 442508 257190 840192 519178 310791 782305 837731 255503 1016024
 574344 31392 721175 737645 1 464685 223321 101930 669514 546059 224113 654020 505916 308937 383775 302182 260394 581873 288011 138341 562092 202374 106763 832073 242244 308628 460706 729369 214979 226607 414007 742512 389218 273232 600330 747268 242265 536168 278325 745052 186970 306048 298320 343002 452420 755641 396589 659039 372297 697112 439907 200424 163807 666117 179027 603898 598564 244004 238285 820521 406005 196451 874057 330208 391783 491456 496120 41943 493271 371537 642268 422109 709626 705255 346332 398899 531279 372446 329609 235969 587794 389576 492829 706741 490936 470791 683924 470946 549901 304251
 788146 487156 467688 846959 464685 1 567806 371534 236109 408007 686459 446133 158206 169867 742312 240861 216790 424341 211357 598941 598314 490477 564752 781162 302515 557971 528371 329008 327848 255460 764375 599252 504494 676141 688420 458100 706830 949047 225929 706733 491848 390857 252254 151580 615299 346545 715603 287433 375623 536248 317159 388468 610769 590571 287204 357928 149982 707949 478054 816443 163464 305215 832639 254115 177738 714342 34336 501412 106774 368880 187436 371669 297560 581221 792432 352638 873418 320724 142737 657602 877975 412270 609009 286262 869784 542533 292491 15398 591741 436706
 354310 240468 663860 532195 223321 567806 1 296164 719460 471877 237415 586745 657279 453873 179844 337643 354253 507072 356917 191133 401060 79572 177895 671832 268295 526996 309927 749648 240578 316529 206469 630409 612418 118653 412436 703710 273949 382375 448219 588267 407727 233186 483347 418420 258121 778726 176337 672482 585118 599875 400020 180978 309923 535532 309332 566005 716493 264121 461277 644261 566959 264812 707090 517806 557168 273333 602115 237173 553714 583368 714065 352339 739859 589979 262679 339960 323597 575683 463734 124662 366936 295503 310547 743043 304156 314851 704684 568255 388797 526055
 630630 117846 677221 774722 101930 371534 296164 1 587044 516630 324711 616599 404178 209779 469235 247080 183823 550863 219175 240013 574425 250819 208678 835795 205085 287853 473395 655319 187210 158661 498336 722861 333868 366526 627272 696835 340247 634824 176411 748756 172371 301441 197985 265041 489648 680134 472456 589047 289315 671763 402582 203176 239978 658126 99859 555862 500223 343224 202188 834352 304097 150953 881035 230824 289862 546625 401563 132241 412241 287370 553908 399852 632644 688286 448106 374140 616363 280614 232333 332875 662440 381914 520621 627838 583110 485420 610713 379201 562837 241733
 851406 695896 333142 851928 669514 236109 719460 587044 1 380941 881129 352897 344633 401373 876732 386501 409121 376278 384410 794348 608763 640068 759753 710918 457660 793876 574002 106605 488273 443882 892965 506641 737794 836523 706339 298886 906247 1097588 459943 654679 723127 499382 488350 326602 683753 115427 835575 115973 606872 447461 354710 542072 826064 540820 491902 274334 225186 905112 712921 766717 391975 483459 761001 489305 408354 792045 221496 709518 176261 600089 71662 419665 70621 504524 968956 414466 988757 551265 373084 827971 967763 479522 657006 53827 1003746 585982 91883 222972 606737 672621
 486145 577444 192387 471344 546059 408007 471877 516630 380941 1 694458 114921 565366 458266 580575 279386 363926 36274 323650 621880 228978 406929 592206 373792 311969 799440 216436 351015 334089 368744 587480 211181 808074 585534 326519 236317 728368 804963 507890 298973 688820 249918 556625 323127 332986 379229 524375 280398 705761 155633 117269 349387 705206 182567 427005 119914 522744 721651 710757 409688 538253 365732 425128 580200 544049 440271 429723 586364 311679 700091 420806 125718 359901 182709 733106 147267 660794 661481 439098 596396 616692 176425 292350 372987 696949 224917 316765 395648 228139 718331
 547447 208048 883163 746236 224113 686459 237415 324711 881129 694458 1 808775 728500 533049 287631 498959 475614 730526 496802 87606 638095 288294 122089 907672 429877 411851 547125 931134 399007 438730 316560 865094 533238 172056 642613 917893 36747 351659 500403 824929 322638 445341 515098 556159 489436 958783 335774 857136 559619 831199 606459 356890 147814 772243 399269 775735 822491 27268 382494 876136 627854 397787 941349 544628 612865 477884 718562 193967 705643 560666 859617 569958 914987 824962 141652 552571 414269 573195 553498 130208 503686 519890 544894 914250 346326 552253 885349 691841 625883 469496
 572820 685379 79192 520866 654020 446133 586745 616599 352897 114921 808775 1 603306 530484 690957 371808 451260 79914 410536 735137 303216 521622 704913 358425 414971 893528 318410 293059 439711 462602 696209 157751 890372 699989 395473 129392 842443 914122 585184 303338 787390 363638 631928 395964 433235 317495 632754 238487 779687 95720 214973 460535 815041 194034 522446 89087 535047 835934 804537 414612 594362 467158 408944 651553 603103 536934 460523 694969 340559 773614 408178 238958 312262 151633 847704 258205 763220 731545 507717 711293 710403 291339 385680 329292 804337 324314 270736 431830 306397 803565
 918030 520564 620592 993784 505916 158206 657279 404178 344633 565366 728500 603306 1 204294 836815 364994 309516 582435 322879 644174 747527 586071 612412 938912 411759 504194 670799 449479 430083 344118 862018 757235 417402 753578 834348 606052 741883 1027798 228105 863591 472070 517408 221429 276586 747559 459965 820096 425262 285434 694179 469691 489222 625222 747876 350095 514655 138783 745936 439917 972570 101291 395600 990345 201380 117844 840114 143906 534773 262763 278943 276975 519573 414322 739426 850832 498164 976339 231729 193973 727006 994490 553032 748397 398460 960986 685136 421478 171837 740127 373606
 732963 327573 572388 832282 308937 169867 453873 209779 401373 458266 533049 530484 204294 1 633655 197609 119680 485072 148397 446818 596654 384607 413869 823013 223306 395983 507718 485325 235512 147248 659427 667600 363798 549346 673671 576637 549863 823683 60416 740518 322438 338570 102008 135628 567633 506264 619700 430914 249292 607760 344453 291564 445157 631841 145802 451052 290454 552471 312424 842314 114916 196442 872914 122023 108795 652139 196212 341973 239557 243301 357168 376020 457153 640966 649987 350599 774747 203223 28445 523450 798574 392167 577987 448429 757109 521893 444282 180541 587372 283717
 270854 392475 770142 479153 383775 742312 179844 469235 876732 580575 287631 690957 836815 633655 1 506070 531790 612178 530986 296539 439320 252550 303461 684298 440022 666224 377501 894403 414679 494691 31004 696736 767567 122189 408833 816785 319395 225405 627391 610962 554962 377556 661122 591326 276602 923916 66801 816675 754924 680987 535770 353939 415652 591871 489153 689685 891887 305566 612890 636604 746797 442821 708697 695401 736920 217505 776637 384843 718749 753757 878567 477552 889097 656339 212710 472948 147590 749843 643061 168360 217876 414848 335858 894636 128063 375428 850979 741681 428917 686702
 553447 332151 430281 636957 302182 240861 337643 247080 386501 279386 498959 371808 364994 197609 506070 1 86317 311219 49390 413848 399078 258250 379690 630700 71179 522128 311874 432330 101805 90796 526592 490226 529758 452394 477736 450224 526531 719664 236667 546617 416056 152818 286321 90663 382566 459843 475830 359310 434001 434610 162181 157172 465766 441776 150723 308790 390541 524016 433173 646144 301553 105749 679759 314243 300907 476816 274667 344085 216381 428817 376579 180744 416206 459328 582475 154596 633550 394859 187627 441730 637531 195107 385657 416159 634095 326167 386554 238084 389888 439262
 614470 287052 504772 713432 260394 216790 354253 183823 409121 363926 475614 451260 309516 119680 531790 86317 1 394678 40760 388125 480801 279349 353548 716814 104357 443255 389511 472294 120568 38673 555647 575078 444235 459891 555264 519378 498815 733556 151408 632463 343529 218907 200990 82782 448137 497647 511403 405249 347930 518411 246735 180118 418577 528091 84506 381905 363202 498547 354387 730930 231789 89512 765715 230161 227793 534378 250663 300537 232888 342826 384018 266666 450763 544893 576313 240322 668358 310009 117815 440818 685169 275551 458523 447053 658061 403582 427407 219648 471083 354517
 506349 613263 158515 476982 581873 424341 507072 550863 376278 36274 730526 79914 582435 485072 612178 311219 394678 1 354121 658133 242302 442835 628479 357536 346635 832521 242872 336586 369358 401266 618141 182530 838239 620088 338654 205072 764504 835927 536274 287694 722862 286160 584567 349480 358968 363866 554813 269999 733583 123779 149323 385565 741301 170544 460052 104751 531780 757730 743711 399863 560642 400123 409087 607090 567319 464791 443942 622284 324207 727795 421374 161988 348827 158234 767829 183287 688283 688169 464793 631669 640164 211872 314840 363296 726932 250037 305670 411292 243220 749172
 595518 316216 464590 684946 288011 211357 356917 219175 384410 323650 496802 410536 322879 148397 530986 49390 40760 354121 1 409939 448266 279175 375343 679247 91832 483684 359994 441442 116539 61948 553291 534830 484425 467405 525962 480183 521906 738859 187887 595479 382492 195585 237503 62063 426277 467630 505692 372160 385694 477881 206593 177112 449169 489677 119403 341834 360942 520703 394763 695439 254368 99913 728501 264999 252858 517237 245691 329171 208907 380403 365405 229704 421745 505027 590400 203722 663411 345761 139731 452071 673651 243864 432259 419361 658427 374236 396090 211347 438977 395055
 533260 126414 807852 720925 138341 598941 191133 240013 794348 621880 87606 735137 644174 446818 296539 413848 388125 658133 409939 1 587145 222481 34623 859468 345795 371107 491269 846168 315173 351408 327435 801243 480586 174578 603461 840367 112687 410301 416371 774659 266095 371985 433996 468918 449181 873569 329901 772828 490970 763648 528457 277314 122830 712909 311738 697387 735659 110765 325960 834686 544049 311413 896241 464726 529561 456697 631130 113290 618636 491323 772142 496371 829298 761752 210785 477272 437771 499305 466715 128916 513385 450347 500564 828168 382535 498102 800396 604256 574766 407899
 270973 590706 376339 249870 562092 598314 401060 574425 608763 228978 638095 303216 747527 596654 439320 399078 480801 242302 448266 587145 1 369609 566372 272715 389206 859316 101716 578359 394485 466997 435453 261245 902195 488945 97620 430815 674754 648322 631620 187537 738395 275324 680826 476167 162838 605955 373796 509219 824148 258776 282064 372049 696481 154395 511668 346021 730232 664486 776182 260085 697887 438346 312321 710891 698794 247523 625797 594631 516931 819617 644145 227961 588665 222171 631841 250211 478892 790065 585844 516074 412638 205295 103484 601951 533915 91351 545483 588697 12399 808885
 380010 227506 597158 535355 202374 490477 79572 250819 640068 406929 288294 521622 586071 384607 252550 258250 279349 442835 279175 222481 369609 1 198204 642225 189429 510546 270962 671895 162639 242607 276382 579175 580757 196854 399411 634436 323060 461462 385338 556277 388411 160445 424350 340231 250078 700844 235283 595001 538186 543296 326472 102254 326935 490559 243546 494472 639735 315557 436137 623986 499024 190778 681418 458923 490516 296049 524812 229066 474190 535700 634554 283689 661370 539508 336533 268534 390344 522695 392099 195010 418886 231653 292386 664217 379454 278951 626737 490412 357223 490512
 527882 99474 776936 710080 106763 564752 177895 208678 759753 592206 122089 704913 612412 413869 303461 379690 353548 628479 375343 34623 566372 198204 1 839060 312035 363213 468876 811963 281542 316791 334455 774736 466005 183866 587479 808619 146949 433658 385034 753601 252131 342634 404509 434296 433690 839296 330302 738819 468304 735743 496794 245605 132455 688350 277569 665429 702136 145365 310957 817025 512696 276927 876995 435893 498539 449105 597056 87912 584020 468289 737562 466527 794912 735557 239690 446773 448034 473797 433305 140743 517652 422323 482983 793693 398125 476395 766200 569943 553973 389401
 448479 861317 388920 276565 832073 781162 671832 835795 710918 373792 907672 358425 938912 823013 684298 630700 716814 357536 679247 859468 272715 642225 839060 1 638918 1123217 372202 642049 650261 711311 673439 206440 1154867 751864 275465 438999 944414 870088 867133 87213 1003907 534517 916738 690757 420460 662695 617552 595651 1064697 263465 479699 637124 969144 192233 762792 442904 887370 933648 1037874 82952 910170 691705 51553 943391 914914 469826 801435 865842 681726 1059513 766335 450194 665825 207222 889040 476652 684521 1024567 806595 782745 590536 454443 363112 683960 755992 363372 626064 768408 285113 1062238
 510118 273210 479776 614126 242244 302515 268295 205085 457660 311969 429877 414971 411759 223306 440022 71179 104357 346635 91832 345795 389206 189429 312035 638918 1 490918 293259 501419 30980 79585 461861 517862 516279 381873 457493 505025 458387 650662 246615 552668 377455 117812 294605 151305 344453 529285 413863 427278 435196 466801 200000 87319 405760 456294 123964 361683 452366 455320 403183 645231 336142 54345 685992 326464 331871 430108 336803 284023 287082 430799 446989 195346 486337 483643 511303 169328 571592 403357 222004 370576 583029 186061 357686 486760 567737 306909 455642 301660 378667 423421
 880943 287019 947931 1045856 308628 557971 526996 287853 793876 799440 411851 893528 504194 395983 666224 522128 443255 832521 483684 371107 859316 510546 363213 1123217 490918 1 757726 881151 474893 431493 697225 1008102 136151 545108 905508 960495 399569 763123 335789 1036093 122302 588701 306009 510522 760137 901536 692272 826177 230356 955068 683214 487394 264051 945851 372483 824989 637537 411306 88992 1119372 416598 436603 1167965 310675 398322 798799 576833 289851 635427 235505 742574 686263 852355 974458 552204 660185 808862 276222 424330 499898 880786 669722 797938 842761 751484 769109 840261 570904 847483 130880
 277435 489548 397173 325087 460706 528371 309927 473395 574002 216436 547125 318410 670799 507718 377501 311874 389511 242872 359994 491269 101716 270962 468876 372202 293259 757726 1 561285 295879 372287 379960 324924 802620 407725 165978 447070 583496 597693 538633 285709 636712 176786 587284 395075 116551 590284 316411 486730 728232 303851 224122 270643 597700 226073 413844 335001 668069 573961 674896 361652 613356 340273 413365 618373 612708 224335 558294 493777 458276 723929 599368 160620 565446 284165 554303 176153 445424 696321 499439 429938 401304 117867 83659 576038 486589 14355 523206 520446 89770 709299
 836077 757639 254005 810838 729369 329008 749648 655319 106605 351015 931134 293059 449479 485325 894403 432330 472294 336586 441442 846168 578359 671895 811963 642049 501419 881151 561285 1 532370 503188 907410 435610 833501 868228 675153 210145 958846 1118783 545375 594995 802356 519720 578355 390288 676111 29553 847129 77738 704185 381511 359018 580083 890327 487009 556774 232338 331714 956316 797519 704765 490079 535909 690393 582816 505589 784927 319918 770611 247160 697421 178087 420255 36077 440632 1007115 421808 994867 648943 456915 865122 962076 483052 641221 54975 1018811 571608 45785 314553 578470 763936
 498316 246203 506198 612090 214979 327848 240578 187210 488273 334089 399007 439711 430083 235512 414679 101805 120568 369358 116539 315173 394485 162639 281542 650261 30980 474893 295879 532370 1 88270 437424 537037 507855 352701 457508 532900 427703 622802 251722 563488 358862 119254 297968 177843 336638 560255 391463 458129 433744 487778 225104 60766 377854 470964 118223 389379 477232 424518 388238 652797 349960 44782 696378 330997 344231 416886 362184 256473 316956 429729 476531 213676 517309 501784 480779 188598 548803 405369 237638 340339 564754 195818 354914 517681 541973 309002 486596 327834 383462 414591
 586243 254467 520333 693707 226607 255460 316529 158661 443882 368744 438730 462602 344118 147248 494691 90796 38673 401266 61948 351408 466997 242607 316791 711311 79585 431493 372287 503188 88270 1 518980 578868 444260 421339 536922 538483 462697 695151 167031 625834 325602 197390 215129 117572 422778 529207 475985 434108 357245 524288 251960 145376 387268 525250 60179 398276 401678 462039 342579 721105 261808 51872 759300 246880 255964 505064 289332 267541 267722 352647 421072 262357 483033 546873 537858 235737 632451 324047 150520 402152 652152 262370 437238 480195 620562 386050 457902 258217 456716 352466
 249891 423135 775367 459681 414007 764375 206469 498336 892965 587480 316560 696209 862018 659427 31004 526592 555647 618141 553291 327435 435453 276382 334455 673439 461861 697225 379960 907410 437424 518980 1 694959 798381 152970 398393 823151 347602 217939 654660 602345 585895 393653 689159 613033 273931 936956 63561 829765 784712 681979 548399 376677 446226 589166 515559 698807 914188 333680 643754 622838 773020 467133 695933 723519 763479 203958 798661 415629 737551 783469 896879 488639 903214 654854 233739 485603 118027 778932 668097 199074 187706 425676 332158 909334 111403 376731 864471 763295 425557 717241
 521143 773601 182841 416562 742512 599252 630409 722861 506641 211181 865094 157751 757235 667600 696736 490226 575078 182530 534830 801243 261245 579175 774736 206440 517862 1008102 324924 435610 537037 578868 694959 1 1019252 732445 329095 234514 900788 909253 718486 170615 895199 437086 766939 532009 421034 456397 632432 390866 916005 63144 328353 542235 895973 107103 636300 246143 692725 892266 919752 272915 741391 572164 255187 789619 748673 508181 615599 781117 495174 910242 564629 323363 459663 40761 879225 348762 739375 870695 647234 752935 666834 354179 363268 477972 795034 323926 420362 585400 270167 929393
 959981 375789 935665 1108559 389218 504494 612418 333868 737794 808074 533238 890372 417402 363798 767567 529758 444235 838239 484425 480586 902195 580757 466005 1154867 516279 136151 802620 833501 507855 444260 798381 1019252 1 649777 959969 940344 525300 884408 306027 1068854 214510 626878 262196 494969 823466 850542 785341 787703 132641 962010 690950 535239 386913 969503 392319 813677 555785 536068 155052 1160572 346322 464602 1202231 251440 329528 876267 516310 382765 596366 139333 678928 706614 801764 989037 674853 679993 913582 188070 389765 606513 976337 702076 853859 789616 862945 815274 796236 519013 891036 93324
 375419 277534 777910 575847 273232 676141 118653 366526 836523 585534 172056 699989 753578 549346 122189 452394 459891 620088 467405 174578 488945 196854 183866 751864 381873 545108 407725 868228 352701 421339 152970 732445 649777 1 480783 819304 206636 274603 534531 672182 435991 351432 563312 529424 331484 897277 163871 791104 645326 706683 518102 295264 293593 633000 403651 683045 822998 193558 494752 714207 658761 370931 782220 596828 647095 307357 710247 268484 668769 644684 828844 468651 858150 691709 148041 457463 264270 644905 562701 46220 339806 409993 389822 861070 217704 409963 823213 677756 477216 571611
 192498 626659 465401 159578 600330 688420 412436 627272 706339 326519 642613 395473 834348 673671 408833 477736 555264 338654 525962 603461 97620 399411 587479 275465 457493 905508 165978 675153 457508 536922 398393 329095 959969 480783 1 520746 679242 600085 703708 205420 783329 339891 752049 559759 154321 702520 342093 606607 891192 339986 374828 424739 719830 224749 575703 442891 823545 667689 826006 233703 779091 502259 301895 783534 778623 195696 716997 628475 610852 887094 741034 316769 686007 294095 614678 336505 419599 860845 665345 514660 338821 283026 107603 699436 485195 151779 642811 679511 100134 866885
 701269 778203 55854 636982 747268 458100 703710 696835 298886 236317 917893 129392 606052 576637 816785 450224 519378 205072 480183 840367 430815 634436 808619 438999 505025 960495 447070 210145 532900 538483 823151 234514 940344 819304 520746 1 950271 1040869 635443 402331 862669 474130 678174 450441 562366 226824 759858 187805 820443 190328 311911 563098 910667 307045 598400 143566 512065 944771 872199 507401 618628 553240 485515 692255 630512 666325 463190 789026 352991 813977 366226 351461 239711 248450 966134 366067 892269 768458 550638 827432 839630 409391 515060 259368 931999 453368 207099 442763 434630 858968
 581922 222417 916338 781828 242265 706830 273949 340247 906247 728368 36747 842443 741883 549863 319395 526531 498815 764504 521906 112687 674754 323060 146949 944414 458387 399569 583496 958846 427703 462697 347602 900788 525300 206636 679242 950271 1 364868 514041 861635 319105 478822 525499 580267 526142 986222 369779 885496 560348 866290 638521 388023 138733 808426 420256 807730 840137 14072 377975 912797 640791 423826 978083 553771 625241 513367 738377 208034 730304 561832 882594 603506 941857 860729 154110 585581 441196 577384 571436 166072 533777 554395 581639 940577 369726 588738 913076 712833 662534 466703
 424238 533118 993289 627979 536168 949047 382375 634824 1097588 804963 351659 914122 1027798 823683 225405 719664 733556 835927 738859 410301 648322 461462 433658 870088 650662 763123 597693 1118783 622802 695151 217939 909253 884408 274603 600085 1040869 364868 1 806754 805468 671974 600123 832792 800574 489331 1148257 281465 1041047 901163 898729 760633 563344 499327 802688 678109 914995 1096748 352424 732140 810891 932142 644232 886427 865541 919967 405511 983275 521373 935183 901399 1095545 702909 1112568 869560 211035 697862 189611 907327 837297 302277 298226 640243 546053 1117497 115019 594092 1075029 950029 639102 816966
 748501 292463 629667 860725 278325 225929 448219 176411 459943 507890 500403 585184 228105 60416 627391 236667 151408 536274 187887 416371 631620 385338 385034 867133 246615 335789 538633 545375 251722 167031 654660 718486 306027 534531 703708 635443 514041 806754 1 783270 266568 364411 49656 189263 588341 566001 619799 491329 198195 659681 392087 301300 401142 677344 142234 507661 333518 517910 253034 882315 127688 208278 916357 79858 113763 666041 249365 306685 299934 192743 413179 417407 516847 690355 624203 391242 771691 158623 88599 504589 803806 426335 604239 507738 747421 552518 504556 237702 621702 223874
 391139 774386 348349 251439 745052 706733 588267 748756 654679 298973 824929 303338 863591 740518 610962 546617 632463 287694 595479 774659 187537 556277 753601 87213 552668 1036093 285709 594995 563488 625834 602345 170615 1068854 672182 205420 402331 861635 805468 783270 1 916711 447409 832919 609656 341064 617987 544206 541471 980374 214323 399162 549912 883194 117216 676612 381542 819399 851155 950874 112514 830512 605196 133467 860185 834545 400897 728686 779039 610212 975288 705717 365875 615499 154994 811922 392144 623711 941178 725000 701442 536776 367700 282361 632628 690605 277332 574072 694540 199904 976084
 760742 167297 845900 923645 186970 491848 407727 172371 723127 688820 322638 787390 472070 322438 554962 416056 343529 722862 382492 266095 738395 388411 252131 1003907 377455 122302 636712 802356 358862 325602 585895 895199 214510 435991 783329 862669 319105 671974 266568 916711 1 469799 253125 418289 637866 824985 576466 741574 244342 844064 574187 367028 181235 829052 265438 723639 594285 328536 60188 998327 374181 323287 1048042 270793 356173 678146 515932 171936 555266 246652 679283 572073 776231 860468 464028 546450 700146 270184 350419 392287 766517 551805 675744 768784 648445 647881 759402 502935 726480 147601
 400698 336924 437885 496317 306048 390857 233186 301441 499382 249918 445341 363638 517408 338570 377556 152818 218907 286160 195585 371985 275324 160445 342634 534517 117812 588701 176786 519720 119254 197390 393653 437086 626878 351432 339891 474130 478822 600123 364411 447409 469799 1 412383 243151 230693 549069 337323 442109 551712 394341 166862 105699 459442 361018 237062 334081 539161 472450 503623 534170 449028 163501 579596 444266 446204 324193 423933 344111 347185 547496 504749 124686 512495 399391 495335 108108 492960 521015 334135 354727 487838 83557 240077 517424 504366 190090 475445 386466 264237 533575
 792498 307876 674393 908613 298320 252254 483347 197985 488350 556625 515098 631928 221429 102008 661122 286321 200990 584567 237503 433996 680826 424350 404509 916738 294605 306009 587284 578355 297968 215129 689159 766939 262196 563312 752049 678174 525499 832792 49656 832919 253125 412383 1 236161 634407 597538 657126 528111 149138 707766 441175 344952 404612 726828 184385 553016 341340 530598 229089 931919 121501 253829 965993 34587 103880 709562 270971 321581 336230 143521 436681 467059 548371 739210 644122 440898 806796 109240 127570 530729 843221 475582 651821 537983 778588 601103 539023 265537 670829 185679
 643421 369828 441513 719336 343002 151580 418420 265041 326602 323127 556159 395964 276586 135628 591326 90663 82782 349480 62063 468918 476167 340231 434296 690757 151305 510522 395075 390288 177843 117572 613033 532009 494969 529424 559759 450441 580267 800574 189263 609656 418289 243151 236161 1 471854 415296 564026 324842 384651 472143 211076 237989 501256 498887 166811 319000 301561 579584 422716 713933 222516 161254 741135 257624 225201 567312 185760 383288 150345 378744 304263 249735 368174 505736 652075 226090 721841 338697 116148 514050 728003 277211 471870 364288 719019 409429 345695 150356 467935 410103
 173155 477341 511459 286059 452420 615299 258121 489648 683753 332986 489436 433235 747559 567633 276602 382566 448137 358968 426277 449181 162838 250078 433690 420460 344453 760137 116551 676111 336638 422778 273931 421034 823466 331484 154321 562366 526142 489331 588341 341064 637866 230693 634407 471854 1 705272 211521 600770 765718 409685 329632 292752 566127 315484 451690 451354 760406 514872 683653 386952 679316 380579 452173 667609 675919 108902 647162 478188 556369 762235 704331 264516 678918 380930 471192 273575 330006 740943 564487 362747 285992 208327 59681 688739 376136 109032 637107 609226 152318 731308
 864709 783657 273820 836770 755641 346545 778726 680134 115427 379229 958783 317495 459965 506264 923916 459843 497647 363866 467630 873569 605955 700844 839296 662695 529285 901536 590284 29553 560255 529207 936956 456397 850542 897277 702520 226824 986222 1148257 566001 617987 824985 549069 597538 415296 705272 1 876682 107241 720359 403929 388567 608548 916054 511511 582032 260067 337159 983849 818683 726997 505667 562904 710447 600658 521644 814058 335030 796740 269900 713581 184441 449785 49191 463222 1035824 451354 1024365 664892 477820 893846 991209 512593 669964 61734 1048358 600505 74133 332506 606281 782814
 212513 410112 711900 417405 396589 715603 176337 472456 835575 524375 335774 632754 820096 619700 66801 475830 511403 554813 505692 329901 373796 235283 330302 617552 413863 692272 316411 847129 391463 475985 63561 632432 785341 163871 342093 759858 369779 281465 619799 544206 576466 337323 657126 564026 211521 876682 1 769599 761452 618656 488217 331292 452212 527000 478539 636410 865583 356403 632314 570548 734250 424557 642293 691692 725795 152200 749739 404541 683510 759703 841937 427496 843810 592208 276367 425573 157816 751492 626293 208283 191237 364504 270327 850430 172940 313281 804587 713687 363628 700677
 762747 687927 217878 746885 659039 287433 672482 589047 115973 280398 857136 238487 425262 430914 816675 359310 405249 269999 372160 772828 509219 595001 738819 595651 427278 826177 486730 77738 458129 434108 829765 390866 787703 791104 606607 187805 885496 1041047 491329 541471 741574 442109 528111 324842 600770 107241 769599 1 661396 332231 281411 504330 821193 429250 489613 165477 324559 882589 740704 653049 450896 464033 645514 536294 464884 709665 285895 700593 191895 654712 179276 343077 79520 389855 930660 344168 917843 607146 402905 788662 886744 405752 567630 93308 941168 497472 36557 272172 508536 713450
 915936 369494 819613 1045494 372297 375623 585118 289315 606872 705761 559619 779687 285434 249292 754924 434001 347930 733583 385694 490970 824148 538186 468304 1064697 435196 230356 728232 704185 433744 357245 784712 916005 132641 645326 891192 820443 560348 901163 198195 980374 244342 551712 149138 384651 765718 720359 761452 661396 1 856652 590237 472985 424446 875358 315705 699286 423472 568712 191613 1077843 214903 388968 1113644 128614 198719 832056 385471 380399 471522 6784 546928 614593 671828 888345 698708 588245 902502 55711 272339 606453 951712 619593 788336 659139 862951 741723 668087 390475 813754 104228
 527936 728406 135114 447226 697112 536248 599875 671763 447461 155633 831199 95720 694179 607760 680987 434610 518411 123779 477881 763648 258776 543296 735743 263465 466801 955068 303851 381511 487778 524288 681979 63144 962010 706683 339986 190328 866290 898729 659681 214323 844064 394341 707766 472143 409685 403929 618656 332231 856652 1 272456 497923 853598 118340 582638 183340 630075 858460 866389 323255 679413 520810 313635 729704 686997 504927 552461 736631 432044 850805 503780 275158 403528 59342 854480 299320 735820 810586 586794 723880 671183 313429 355088 421293 785819 305590 363102 522351 265401 872921
 499531 471200 281630 531699 439907 317159 400020 402582 354710 117269 606459 214973 469691 344453 535770 162181 246735 149323 206593 528457 282064 326472 496794 479699 200000 683214 224122 359018 225104 251960 548399 328353 690950 518102 374828 311911 638521 760633 392087 399162 574187 166862 441175 211076 329632 388567 488217 281411 590237 272456 1 251215 601978 287828 310767 169278 448733 633232 594391 505158 431366 252450 530159 465890 435472 437525 343891 481166 236214 584689 375667 65118 356080 298563 662157 62836 637592 547255 327049 521292 613054 125501 307755 363710 659798 237259 316402 307027 276233 601073
 447557 231404 531568 574755 200424 388468 180978 203176 542072 349387 356890 460535 489222 291564 353939 157172 180118 385565 177112 277314 372049 102254 245605 637124 87319 487394 270643 580083 60766 145376 376677 542235 535239 295264 424739 563098 388023 563344 301300 549912 367028 105699 344952 237989 292752 608548 331292 504330 472985 497923 251215 1 356052 466478 160645 420075 537951 383327 404265 632133 406463 95167 681017 378925 399642 364802 422802 238961 373548 469549 533734 224011 567215 504845 427919 202518 488394 449557 295881 286282 507039 189256 318804 568825 481316 282429 534490 388217 360304 442206
 656011 133641 883574 841804 163807 610769 309923 239978 826064 705206 147814 815041 625222 445157 415652 465766 418577 741301 449169 122830 696481 326935 132455 969144 405760 264051 597700 890327 377854 387268 446226 895973 386913 293593 719830 910667 138733 499327 401142 883194 181235 459442 404612 501256 566127 916054 452212 821193 424446 853598 601978 356052 1 813614 334564 767193 733866 149170 239494 948825 524095 360112 1007921 429882 507410 578944 639983 121875 650467 426317 793882 580040 869334 857598 288693 558024 552520 445172 469749 247373 633398 541821 614997 865487 490154 605881 845127 618864 684088 328704
 415663 696588 251265 330012 666117 590571 535532 658126 540820 182567 772243 194034 747876 631841 591871 441776 528091 170544 489677 712909 154395 490559 688350 192233 456294 945851 226073 487009 470964 525250 589166 107103 969503 633000 224749 307045 808426 802688 677344 117216 829052 361018 726828 498887 315484 511511 527000 429250 875358 118340 287828 466478 813614 1 579122 266652 702187 799213 858894 229329 717941 510173 243203 752744 722756 401082 611984 702838 493200 870028 589946 262894 505146 69569 778608 289514 632277 834044 614872 656006 560799 277790 257066 521546 688310 223041 462947 578164 163707 877584
 608136 204164 580511 729824 179027 287204 309332 99859 491902 427005 399269 522446 350095 145802 489153 150723 84506 460052 119403 311738 511668 243546 277569 762792 123964 372483 413844 556774 118223 60179 515559 636300 392319 403651 575703 598400 420256 678109 142234 676612 265438 237062 184385 166811 451690 582032 478539 489613 315705 582638 310767 160645 334564 579122 1 458428 426296 420981 283752 768797 257666 73585 809950 218510 247935 525180 319520 217965 316003 311802 463247 316757 534985 603502 508481 290274 631813 289323 159843 378742 661644 309849 472648 530932 611727 427077 511911 292691 500842 299474
 606050 634893 122988 581423 603898 357928 566005 555862 274334 119914 775735 89087 514655 451052 689685 308790 381905 104751 341834 697387 346021 494472 665429 442904 361683 824989 335001 232338 389379 398276 698807 246143 813677 683045 442891 143566 807730 914995 507661 381542 723639 334081 553016 319000 451354 260067 636410 165477 699286 183340 169278 420075 767193 266652 458428 1 446751 802501 736214 493954 508784 410543 493982 570730 518273 559281 371617 645614 251908 693064 324391 214756 244100 235848 828669 226212 777066 649761 426970 688676 736024 275876 412169 258777 809350 344123 200965 343459 346218 729015
 933550 617976 536420 980092 598564 149982 716493 500223 225186 522744 822491 535047 138783 290454 891887 390541 363202 531780 360942 735659 730232 639735 702136 887370 452366 637537 668069 331714 477232 401678 914188 692725 555785 822998 823545 512065 840137 1096748 333518 819399 594285 539161 341340 301561 760406 337159 865583 324559 423472 630075 448733 537951 733866 702187 426296 446751 1 842478 568211 931308 222056 452541 938798 328473 240418 861424 115902 632374 213538 416902 153633 508365 295652 681529 934687 492067 1023399 369044 268994 802489 1026862 554452 750273 277662 1019175 681957 311994 152775 724818 507947
 568659 225634 910230 769082 244004 707949 264121 343224 905112 721651 27268 835934 745936 552471 305566 524016 498547 757730 520703 110765 664486 315557 145365 933648 455320 411306 573961 956316 424518 462039 333680 892266 536068 193558 667689 944771 14072 352424 517910 851155 328536 472450 530598 579584 514872 983849 356403 882589 568712 858460 633232 383327 149170 799213 420981 802501 842478 1 387746 901317 644987 422099 966954 559341 629647 500584 739753 211323 729378 570062 882526 597088 939795 852115 141447 579587 427136 584662 573580 153763 519761 547144 570709 938810 355847 578966 910534 713670 652298 476058
 812333 222203 859130 969708 238285 478054 461277 202188 712921 710757 382494 804537 439917 312424 612890 433173 354387 743711 394763 325960 776182 436137 310957 1037874 403183 88992 674896 797519 388238 342579 643754 919752 155052 494752 826006 872199 377975 732140 253034 950874 60188 503623 229089 422716 683653 818683 632314 740704 191613 866389 594391 404265 239494 858894 283752 736214 568211 387746 1 1036219 346180 348970 1083218 239956 327832 729162 499106 228395 550905 194771 664434 598456 769576 886396 523990 572264 758654 224476 340869 451472 822938 583715 718702 760718 708069 686667 755915 490338 764504 90175
 386704 848513 454926 199568 820521 816443 644261 834352 766717 409688 876136 414612 972570 842314 636604 646144 730930 399863 695439 834686 260085 623986 817025 82952 645231 1119372 361652 704765 652797 721105 622838 272915 1160572 714207 233703 507401 912797 810891 882315 112514 998327 534170 931919 713933 386952 726997 570548 653049 1077843 323255 505158 632133 948825 229329 768797 493954 931308 901317 1036219 1 935924 696013 76400 960382 939134 419306 839178 851713 721335 1073010 818199 466295 726260 264202 845767 491851 622884 1040831 828236 748361 524017 459217 334178 743667 698212 350498 685203 804560 271890 1067354
 846259 419825 624183 938436 406005 163464 566959 304097 391975 538253 627854 594362 101291 114916 746797 301553 231789 560642 254368 544049 697887 499024 512696 910170 336142 416598 613356 490079 349960 261808 773020 741391 346322 658761 779091 618628 640791 932142 127688 830512 374181 449028 121501 222516 679316 505667 734250 450896 214903 679413 431366 406463 524095 717941 257666 508784 222056 644987 346180 935924 1 311356 960978 106467 18369 765992 170653 433980 265689 208119 332728 472210 457298 718813 751729 448269 888827 159297 114896 630409 913485 496121 686620 444341 869153 627667 455196 178735 689327 288406
 540487 226553 530205 656844 196451 305215 264812 150953 483459 365732 397787 467158 395600 196442 442821 105749 89512 400123 99913 311413 438346 190778 276927 691705 54345 436603 340273 535909 44782 51872 467133 572164 464602 370931 502259 553240 423826 644232 208278 605196 323287 163501 253829 161254 380579 562904 424557 464033 388968 520810 252450 95167 360112 510173 73585 410543 452541 422099 348970 696013 311356 1 738350 287136 304483 458412 339319 238367 308546 384947 465264 249670 518117 537988 490840 223673 580789 360833 201737 353390 602132 237695 399660 516766 568764 353493 490225 307103 427446 371463
 462427 902886 436674 274846 874057 832639 707090 881035 761001 425128 941349 408944 990345 872914 708697 679759 765715 409087 728501 896241 312321 681418 876995 51553 685992 1167965 413365 690393 696378 759300 695933 255187 1202231 782220 301895 485515 978083 886427 916357 133467 1048042 579596 965993 741135 452173 710447 642293 645514 1113644 313635 530159 681017 1007921 243203 809950 493982 938798 966954 1083218 76400 960978 738350 1 992981 965546 492029 852977 906932 733278 1108526 817051 499061 714840 258160 916358 525404 698771 1074071 856837 814860 600382 500714 396718 733155 773396 403641 675476 819912 324631 1109411
