NAME : domp70p17v6
COMMENT : Cherkesly, Contardo & Gruson 2022
TYPE : DOMP
DIMENSION : 70
DISPLAY_DATA_TYPE : NO_DISPLAY
OPEN_FACILITIES : 17
COST_SECTION
 1 186597 762973 489160 195396 390094 635890 564645 581042 275480 187223 359238 704195 394868 270849 726888 549278 756597 19461 843095 684534 429790 109228 271085 595766 321939 601258 631460 545130 324804 113061 63538 149324 736235 581856 97987 112216 687442 469824 259932 513943 463005 479389 411322 362166 263048 290570 476870 840882 347189 584957 169967 756250 201547 808432 867139 424016 204910 887638 369148 799194 593937 730656 360794 760032 262642 719748 728971 277770 612135
 186597 1 577003 309945 268008 204290 532496 399390 395051 89168 176682 521323 610288 372923 88884 702954 422072 755514 167917 676351 500740 361576 131570 441749 494852 436654 582645 448553 362719 138596 95869 217503 48762 585971 423320 284537 256225 674360 361074 79991 491641 353240 408732 287685 535112 379146 477096 320157 670143 161329 584868 262779 569877 237313 661586 686775 257584 301675 705216 313515 639075 485154 556100 257898 708862 87824 558369 543931 289335 443713
 762973 577003 1 327210 770914 380386 547369 292112 181960 487836 690271 1062128 609489 697954 492754 867485 525139 961435 744658 284312 96118 666006 694408 997329 545049 931223 805331 211244 268423 438410 658156 791888 614926 360118 316922 860441 824675 875745 506532 512158 747993 504150 608555 533143 1089168 887278 1052349 425386 249240 421274 848014 783846 22836 752289 405451 165792 375687 838995 157624 622448 315898 600864 182912 580851 796928 503573 287115 45391 757011 337434
 489160 309945 327210 1 562799 120290 591320 330639 179128 233102 376509 830861 672479 585772 252272 862120 246210 938544 469721 535332 289445 345724 399497 751574 567116 734252 762430 145613 61751 195232 404953 502072 357341 518015 371183 585750 525968 850226 459537 230902 680595 452888 553713 209556 844869 679790 776518 113284 513056 156941 785569 564340 311888 434547 591006 477963 268531 523452 480940 507203 528625 330891 398212 253852 829066 271721 457890 311553 431689 148128
 195396 268008 770914 562799 1 445049 502334 517620 597571 330094 365409 292822 558338 220763 310724 539180 688099 562892 201152 782250 680471 601047 281313 242444 462710 171468 414086 688582 607078 369192 178980 256036 220494 651673 521253 216657 300912 496966 358146 344711 331195 353439 330677 551273 327089 118556 347030 587433 788774 405899 392613 31324 769931 393249 715380 841173 396947 398848 869258 225319 727580 746387 692660 512677 583301 292029 654333 730287 468279 704784
 390094 204290 380386 120290 445049 1 506820 278340 201171 119036 313829 719300 589214 468553 134654 757012 324630 829197 371052 528638 314598 364770 314277 643448 477911 616265 652169 246491 162530 75897 295410 413225 248489 476788 315015 488048 444480 741575 359020 132540 567803 351754 446486 235255 736863 562817 680581 188350 514003 42965 671950 448348 370926 377855 553360 507079 174388 461863 519599 391005 506864 406206 395696 253251 732684 153041 428760 351924 395588 267751
 635890 532496 547369 591320 502334 506820 1 280146 470558 492240 709062 754899 82428 299586 470027 321719 828811 418292 627739 382392 459648 856895 650414 733733 40267 588439 283477 620388 586067 475481 535139 695902 526729 228065 242695 701460 744779 336615 171709 541777 263817 179445 174127 738113 803935 575687 849201 690464 408265 506000 337759 531582 561470 767722 256519 512174 332442 819389 552583 277551 314731 911883 377425 742083 252147 456956 280893 503618 821555 720149
 564645 399390 292112 330639 517620 278340 280146 1 190612 323193 560911 809357 355806 410219 312538 588186 576344 678301 549507 278608 196625 642804 530917 757166 267175 663805 516106 340638 313645 284079 451637 610326 419795 198731 40841 654721 653172 590886 214698 367866 455988 212691 316455 510711 844488 627018 837180 439700 277092 296726 556794 536866 300907 625903 275610 324859 142152 699170 355731 338376 240097 661003 175058 531538 531186 311705 159329 246748 659230 446069
 581042 395051 181960 179128 597571 201171 470558 190612 1 305884 514381 886281 546296 551800 311095 772827 417270 859608 562703 356301 115617 523471 513712 818643 455591 762294 691103 150060 138865 256456 476909 610316 433216 352487 229730 678572 643944 771214 379531 331433 621339 375035 482997 386714 911064 715351 870611 291492 334071 240694 725778 608315 175921 577796 421426 308720 212904 662757 318882 472791 352670 500760 219241 425179 720779 322567 286589 150823 589551 262428
 275480 89168 487836 233102 330094 119036 492240 323193 305884 1 237911 600400 573171 386225 26253 700154 387199 762595 256956 596328 412181 368466 213746 524506 457411 501545 586038 365486 280953 49429 176588 305655 130115 516397 351302 373292 342264 677611 325909 49689 497059 317990 393414 265585 617907 446722 565735 266917 587934 77138 597109 331262 480798 302764 593089 599544 185319 377248 617060 315145 563083 459921 472270 254956 692189 46764 482385 454912 340543 375082
 187223 176682 690271 376509 365409 313829 709062 560911 514381 237911 1 538979 786421 526918 251734 862765 374263 906245 173007 831541 628416 242567 84117 447353 671219 508056 739210 521520 437928 278548 202755 158946 188942 754004 589125 257096 162054 829627 537510 193927 648397 529705 579692 241347 533310 448701 427589 328933 820940 277941 733453 346030 678586 65248 830526 820821 422820 148724 833204 478195 800506 410667 703618 183882 877597 258602 719910 664606 114720 471118
 359238 521323 1062128 830861 292822 719300 754899 809357 886281 600400 538979 1 794026 455374 585901 681681 908215 661890 377471 1068701 972667 777157 467773 93157 718196 167854 575044 965779 881294 645280 425916 381186 473532 931381 810832 283624 395534 629543 635215 601153 522260 631842 582011 770499 58810 184698 202947 832843 1077456 677462 528347 278294 1060279 531425 989588 1133555 689483 484644 1161997 494474 1011170 949607 984377 718838 760545 569923 940923 1022142 603276 963661
 704195 610288 609489 672479 558338 589214 82428 355806 546296 573171 786421 794026 1 344371 550521 277426 910903 376687 697263 413844 525978 938739 725168 781243 115956 626214 272413 696355 665428 557484 607264 765431 601920 266415 316713 764429 814563 303879 249494 622576 280001 257397 228394 820483 845778 620441 902827 772511 444360 588325 330836 588642 625165 843934 271968 556293 414847 892492 597698 338140 347015 994094 432684 823958 189426 536832 330427 567099 899619 799276
 394868 372923 697954 585772 220763 468553 299586 410219 551800 386225 526918 455374 344371 1 360132 336388 773319 382640 393613 634521 601920 734483 449319 437001 262915 289554 212292 678311 611222 401811 324957 458405 341902 487568 397207 435754 506710 303029 201165 424360 121639 200873 127099 649409 504513 276952 559631 648353 649659 442760 212415 252022 703448 571420 539255 726536 340721 597797 761150 79917 571953 845629 575246 628491 365820 339485 510242 653214 640130 733684
 270849 88884 492754 252272 310724 134654 470027 312538 311095 26253 251734 585901 550521 360132 1 674119 413213 736348 252999 588342 413795 393166 219188 512269 434624 482110 559813 380355 297143 59422 166265 305957 122175 502731 338477 367868 345103 651401 302379 72572 470807 294442 367841 291782 605495 428249 559596 291693 581548 95352 570896 313706 486871 315782 579052 598414 171940 386663 617550 288892 552606 486157 467246 280137 667027 21059 471834 458167 357800 396346
 726888 702954 867485 862120 539180 757012 321719 588186 772827 700154 862765 681681 277426 336388 674119 1 1078564 99307 727377 691143 777427 1062184 785703 701718 322973 525461 125633 919083 870854 703262 661274 790091 676041 541633 555188 754297 837291 53298 403098 744068 214773 409480 310685 965412 739749 546622 840147 945034 721061 741762 155291 569604 880631 907785 548620 830643 593966 931400 871646 389683 624081 1156396 699096 952270 109731 655108 600977 823164 976335 1003358
 549278 422072 525139 246210 688099 324630 828811 576344 417270 387199 374263 908215 910903 773319 413213 1078564 1 1146507 531558 770140 515858 186670 440444 818347 801447 852235 969306 313957 278897 375890 509669 532507 468012 763749 616672 630088 534167 1060099 683499 353186 881898 676164 768014 138577 906379 793116 799846 138449 744155 336824 983442 678873 504716 403598 835961 689118 497661 485356 682332 700699 769939 84692 634367 190534 1057264 433962 701990 524242 358057 191772
 756597 755514 961435 938544 562892 829197 418292 678301 859608 762595 906245 661890 376687 382640 736348 99307 1146507 1 759549 790298 870132 1117016 826030 694757 416428 517994 177264 1003728 951364 770730 703492 818522 723925 640296 646930 771742 863801 88753 483741 803854 265652 489448 385008 1027956 720688 549103 835609 1015775 819996 810424 172890 591603 973900 946329 647914 928854 672471 961242 969718 447586 723156 1222047 795558 1010076 203188 716444 698584 916785 1017750 1082343
 19461 167917 744658 469721 201152 371052 627739 549507 562703 256956 173007 377471 697263 393613 252999 727377 531558 759549 1 828081 666790 415292 92563 289888 587730 335070 601824 612104 525763 306337 98914 68201 132147 723160 567546 117014 117302 688931 460361 240633 513650 453397 473857 393401 381246 275784 309533 457766 825320 328175 587381 177643 737752 192511 795860 850104 408407 204234 870223 364105 784999 577382 714481 343663 757773 245430 705310 710940 268195 592786
 843095 676351 284312 535332 782250 528638 382392 278608 356301 596328 831541 1068701 413844 634521 588342 691143 770140 790298 828081 1 255740 877665 807498 1024458 400406 913360 665855 468206 491852 553063 730047 888822 698308 154691 263676 932261 931265 714267 436868 637664 637218 439150 514665 740954 1108400 884112 1112107 647750 38052 557096 719471 804480 306715 896789 150008 158128 420413 973573 198862 577669 67735 852024 137135 774585 599288 589113 127944 261642 922987 597431
 684534 500740 96118 289445 680471 314598 459648 196625 115617 412181 628416 972667 525978 601920 413795 777427 515858 870132 666790 255740 1 635169 623677 910516 454460 838477 711526 213352 239742 363187 576670 717835 535368 291553 223554 781038 753508 783722 410669 442140 652604 408184 513011 498850 1001583 795839 971677 398704 228334 352300 753232 694726 104463 692256 348818 193183 283715 776396 205530 526679 267185 596955 125241 539600 711061 422438 218558 51398 705135 341976
 429790 361576 666006 345724 601047 364770 856895 642804 523471 368466 242567 777157 938739 734483 393166 1062184 186670 1117016 415292 877665 635169 1 324081 684470 823653 749996 943440 460233 399161 381531 426633 396283 396557 840698 679784 493540 385051 1035276 693768 320885 852633 685883 760094 136806 766358 690482 643951 240630 857271 353980 946410 584515 648139 247839 916843 822414 530607 317315 822663 672679 864552 185256 740804 114833 1060002 410241 789003 655339 185839 357974
 109228 131570 694408 399497 281313 314277 650414 530917 513712 213746 84117 467773 725168 449319 219188 785703 440444 826030 92563 807498 623677 324081 1 378343 611481 425979 661283 544555 458510 261336 124684 102813 123769 716866 554759 193757 130271 750948 479016 182308 570953 471444 511091 302890 467838 366428 379106 374213 800582 273172 653141 262050 685203 122532 792141 812731 389154 171750 829105 405934 770644 484877 685646 251581 805571 219383 689936 664307 191723 512782
 271085 441749 997329 751574 242444 643448 733733 757166 818643 524506 447353 93157 781243 437001 512269 701718 818347 694757 289888 1024458 910516 684470 378343 1 695252 177135 586603 889527 804117 571142 348068 288960 395290 893734 762711 191013 302378 651569 599007 520773 522075 594667 559640 681200 93431 161921 141178 747373 1030325 600953 546433 220452 994019 438378 956310 1078582 630021 392140 1104930 461906 970022 857992 931813 628414 770329 497855 896583 958872 510120 880674
 595766 494852 545049 567116 462710 477911 40267 267175 455591 457411 671219 718196 115956 262915 434624 322973 801447 416428 587730 400406 454460 823653 611481 695252 1 552368 269181 604477 565433 442855 495496 655907 487901 245908 232611 661210 704824 331497 133797 506753 237968 141661 136304 707035 766548 537965 809678 663422 423640 474754 320247 491804 557809 729353 283531 522162 303843 780035 561698 237681 333404 883907 381743 708952 265651 420876 290776 500500 784124 699583
 321939 436654 931223 734252 171468 616265 588439 663805 762294 501545 508056 167854 626214 289554 482110 525461 852235 517994 335070 913360 838477 749996 425979 177135 552368 1 412883 858844 778024 540374 343637 368473 388252 771813 660848 289300 401426 474864 476906 514754 355293 474295 416626 714155 221433 59656 317644 756801 924572 577337 370322 174096 931821 521193 827207 988501 555540 501749 1019310 335766 853676 906034 837569 671065 597883 463226 786350 889178 597469 876061
 601258 582645 805331 762430 414086 652169 283477 516106 691103 586038 739210 575044 272413 212292 559813 125633 969306 177264 601824 665855 711526 943440 661283 586603 269181 412883 1 832455 777110 593491 537124 664459 553668 511391 488418 629776 711689 91881 312021 628057 91125 317092 210327 851571 631891 428190 722850 838545 691156 633161 58919 444691 815967 783116 535851 791339 497841 805800 830794 271618 598207 1045118 649510 835164 185502 540102 559922 760099 852337 907090
 631460 448553 211244 145613 688582 246491 620388 340638 150060 365486 521520 965779 696355 678311 380355 919083 313957 1003728 612104 468206 213352 460233 544555 889527 604477 858844 832455 1 86382 320955 541487 646904 494253 493300 379754 728736 671515 915054 520613 371638 758370 515377 622554 332071 982958 806950 920291 221179 438703 288643 863677 693627 191193 578380 557243 375390 339161 667631 368672 598397 479493 390826 338092 385384 869991 397524 423284 212417 570391 129678
 545130 362719 268423 61751 607078 162530 586067 313645 138865 280953 437928 881294 665428 611222 297143 870854 278897 951364 525763 491852 239742 399161 458510 804117 565433 778024 777110 86382 1 238048 456244 560730 408857 489701 354427 642365 585961 862656 468183 285383 698820 462169 566892 264950 897538 725084 833914 159745 467040 203842 804298 610848 252118 496258 559842 423379 279278 585102 423920 531577 491313 362032 355628 312829 830296 315137 425158 256234 492924 134172
 324804 138596 438410 195232 369192 75897 475481 284079 256456 49429 278548 645280 557484 401811 59422 703262 375890 770730 306337 553063 363187 381531 261336 571142 442855 540374 593491 320955 238048 1 224055 354763 178418 480467 315022 422549 390607 684211 315495 84622 506626 307760 393242 265942 664442 487061 614915 246724 543211 41082 609222 372898 431446 343790 557484 551402 152954 421530 568291 326492 522622 453165 426643 266699 687548 77164 442255 405578 375250 341323
 113061 95869 658156 404953 178980 295410 535139 451637 476909 176588 202755 425916 607264 324957 166265 661274 509669 703492 98914 730047 576670 426633 124684 348068 495496 343637 537124 541487 456244 224055 1 164431 47617 624273 468894 205406 211871 627187 365629 175850 446588 358418 388812 372427 441495 285283 395008 414450 728047 252886 530714 169619 652807 247180 697120 756581 311329 285389 778226 282082 686292 567447 618459 334158 681327 154630 606747 622464 315216 539567
 63538 217503 791888 502072 256036 413225 695902 610326 610316 305655 158946 381186 765431 458405 305957 790091 532507 818522 68201 888822 717835 396283 102813 288960 655907 368473 664459 646904 560730 354763 164431 1 190532 787712 630147 98210 49219 750257 528227 280690 577375 521209 541665 397474 374371 311394 276641 475246 884629 371188 647308 228878 783577 154389 861065 904258 468421 142815 922597 431685 847583 569217 772071 341978 823537 301393 767474 760189 229985 614816
 149324 48762 614926 357341 220494 248489 526729 419795 433216 130115 188942 473532 601920 341902 122175 676041 468012 723925 132147 698308 535368 396557 123769 395290 487901 388252 553668 494253 408857 178418 47617 190532 1 599224 440043 245792 234273 644845 355266 128527 462569 347684 391043 332126 488719 330544 437425 368685 694464 205797 551984 214253 608906 242493 673513 717971 277937 294488 738315 289475 657353 528768 582781 298057 688669 113337 577114 580204 303653 492322
 736235 585971 360118 518015 651673 476788 228065 198731 352487 516397 754004 931381 266415 487568 502731 541633 763749 640296 723160 154691 291553 840698 716866 893734 245908 771813 511391 493300 489701 480467 624273 787712 599224 1 165467 819317 833179 562115 296197 562981 483273 299820 364489 707445 974128 746870 990911 630157 180511 495201 564795 676326 378844 818426 77062 289879 331188 887641 331314 437030 87499 848254 177259 730038 455212 498585 73515 322364 855480 614268
 581856 423320 316922 371183 521253 315015 242695 40841 229730 351302 589125 810832 316713 397207 338477 555188 616672 646930 567546 263676 223554 679784 554759 762711 232611 660848 488418 379754 354427 315022 468894 630147 440043 165467 1 669411 674262 560257 197169 397577 433076 196583 294944 548713 848242 627108 848432 479732 267614 330773 531568 542336 327822 653756 242464 330020 166545 724588 363973 329523 217486 701303 178420 567714 494567 335550 137976 271682 690020 486664
 97987 284537 860441 585750 216657 488048 701460 654721 678572 373292 257096 283624 764429 435754 367868 754297 630088 771742 117014 932261 781038 493540 193757 191013 661210 289300 629776 728736 642365 422549 205406 98210 245792 819317 669411 1 115647 710486 541825 357510 547838 535602 536305 494252 276369 236965 192584 567790 931709 445155 604817 185538 853955 248410 889585 961978 515835 213626 983367 426308 885834 667416 823359 439637 799842 358632 807329 825992 321832 705380
 112216 256225 824675 525968 300912 444480 744779 653172 643944 342264 162054 395534 814563 506710 345103 837291 534167 863801 117302 931265 753508 385051 130271 302378 704824 401426 711689 671515 585961 390607 211871 49219 234273 833179 674262 115647 1 796795 576695 312572 625157 569618 590881 403199 381464 346368 265905 489231 925999 403441 693230 272573 815390 137269 907024 941804 511036 100915 958819 480879 891467 563908 812313 344749 872113 342373 811107 794484 207749 630723
 687442 674360 875745 850226 496966 741575 336615 590886 771214 677611 829627 629543 303879 303029 651401 53298 1060099 88753 688931 714267 783722 1035276 750948 651569 331497 474864 91881 915054 862656 684211 627187 750257 644845 562115 560257 710486 796795 1 394989 719858 182719 400699 296546 943182 687758 498137 790660 928577 742531 723620 106550 526884 887746 872378 575642 848721 583839 892321 889193 363458 646694 1136354 712478 927040 156153 631776 617503 830901 942334 993759
 469824 361074 506532 459537 358146 359020 171709 214698 379531 325909 537510 635215 249494 201165 302379 403098 683499 483741 460361 436868 410669 693768 479016 599007 133797 476906 312021 520613 468183 315495 365629 528227 355266 296197 197169 541825 576695 394989 1 374834 243378 7943 103824 581343 678129 450674 702309 547169 449962 350155 346723 384449 514411 596014 357359 525539 191050 648634 560584 141223 376800 764183 374469 579454 373821 287866 310780 461231 650329 600303
 259932 79991 512158 230902 344711 132540 541777 367866 331433 49689 193927 601153 622576 424360 72572 744068 353186 803854 240633 637664 442140 320885 182308 520773 506753 514754 628057 371638 285383 84622 175850 280690 128527 562981 397577 357510 312572 719858 374834 1 538229 366901 439445 225084 614021 457847 549673 242893 627533 90885 636420 341407 503228 259168 639862 632502 232697 337615 647668 356462 606953 421971 510643 208548 739127 89471 526477 482101 292693 363796
 513943 491641 747993 680595 331195 567803 263817 455988 621339 497059 648397 522260 280001 121639 470807 214773 881898 265652 513650 637218 652604 852633 570953 522075 237968 355293 91125 758370 698820 506626 446588 577375 462569 483273 433076 547838 625157 182719 243378 538229 1 247041 139798 762329 576725 360596 653920 752703 658635 546778 105500 362312 756775 693013 519935 750403 420298 717863 788251 181956 570715 956744 603351 744805 253162 450832 522138 702605 761737 826730
 463005 353240 504150 452888 353439 351754 179445 212691 375035 317990 529705 631842 257397 200873 294442 409480 676164 489448 453397 439150 408184 685883 471444 594667 141661 474295 317092 515377 462169 307760 358418 521209 347684 299820 196583 535602 569618 400699 7943 366901 247041 1 107969 573637 674318 447215 697025 539963 451623 342558 350859 379448 511711 588294 361942 525667 184505 641186 560375 138537 379670 756743 374391 571587 381236 279924 312638 458899 642476 594059
 479389 408732 608555 553713 330677 446486 174127 316455 482997 393414 579692 582011 228394 127099 367841 310685 768014 385008 473857 514665 513011 760094 511091 559640 136304 416626 210327 622554 566892 393242 388812 541665 391043 364489 294944 536305 590881 296546 103824 439445 139798 107969 1 657161 630250 401730 676653 634380 532512 431303 242933 360674 617093 632685 413084 617568 287689 673430 654294 110565 450358 846346 468386 647870 300596 349978 393704 563181 694367 697379
 411322 287685 533143 209556 551273 235255 738113 510711 386714 265585 241347 770499 820483 649409 291782 965412 138577 1027956 393401 740954 498850 136806 302890 681200 707035 714155 851571 332071 264950 265942 372427 397474 332126 707445 548713 494252 403199 943182 581343 225084 762329 573637 657161 1 770086 654924 668925 111328 720467 232284 861332 541139 516136 279580 783101 687224 406976 366484 688844 580376 728736 197744 604045 61311 953321 311518 653932 520421 249601 246591
 362166 535112 1089168 844869 327089 736863 803935 844488 911064 617907 533310 58810 845778 504513 605495 739749 906379 720688 381246 1108400 1001583 766358 467838 93431 766548 221433 631891 982958 897538 664442 441495 374371 488719 974128 848242 276369 381464 687758 678129 614021 576725 674318 630250 770086 1 228939 157825 839010 1115654 694380 586029 308231 1086209 518717 1034309 1167287 719979 463630 1194428 538506 1052356 943013 1019460 715978 817349 590874 980462 1050287 587560 973203
 263048 379146 887278 679790 118556 562817 575687 627018 715351 446722 448701 184698 620441 276952 428249 546622 793116 549103 275784 884112 795839 690482 366428 161921 537965 59656 428190 806950 725084 487061 285283 311394 330544 746870 627108 236965 346368 498137 450674 457847 360596 447215 401730 654924 228939 1 294714 699227 893238 523108 391818 116442 886876 463140 805867 951752 512143 447144 981199 310229 826474 846475 801796 611496 610400 409948 756389 846064 539481 820280
 290570 477096 1052349 776518 347030 680581 849201 837180 870611 565735 427589 202947 902827 559631 559596 840147 799846 835609 309533 1112107 971677 643951 379106 141178 809678 317644 722850 920291 833914 614915 395008 276641 437425 990911 848432 192584 265905 790660 702309 549673 653920 697025 676653 668925 157825 294714 1 751471 1114003 637707 684931 318642 1046185 398500 1057785 1150072 701364 329304 1172736 572340 1062178 826376 1008671 610653 904927 549438 985467 1017302 459388 891431
 476870 320157 425386 113284 587433 188350 690464 439700 291492 266917 328933 832843 772511 648353 291693 945034 138449 1015775 457766 647750 398704 240630 374213 747373 663422 756801 838545 221179 159745 246724 414450 475246 368685 630157 479732 567790 489231 928577 547169 242893 752703 539963 634380 111328 839010 699227 751471 1 624578 206079 855776 582916 407549 377064 703692 582909 359834 466129 582193 573170 641905 222376 510730 167955 920579 312749 570951 415745 356839 142442
 840882 670143 249240 513056 788774 514003 408265 277092 334071 587934 820940 1077456 444360 649659 581548 721061 744155 819996 825320 38052 228334 857271 800582 1030325 423640 924572 691156 438703 467040 543211 728047 884629 694464 180511 267614 931709 925999 742531 449962 627533 658635 451623 532512 720467 1115654 893238 1114003 624578 1 544531 743726 809938 271850 886120 185631 120575 416917 964665 161681 589642 97797 825246 118340 756309 631270 583666 139418 229311 909435 568295
 347189 161329 421274 156941 405899 42965 506000 296726 240694 77138 277941 677462 588325 442760 95352 741762 336824 810424 328175 557096 352300 353980 273172 600953 474754 577337 633161 288643 203842 41082 252886 371188 205797 495201 330773 445155 403441 723620 350155 90885 546778 342558 431303 232284 694380 523108 637707 206079 544531 1 649700 408008 412454 342722 572205 543677 176652 424788 557769 367116 531279 415314 426649 239747 723434 115089 451852 391455 366040 301530
 584957 584868 848014 785569 392613 671950 337759 556794 725778 597109 733453 528347 330836 212415 570896 155291 983442 172890 587381 719471 753232 946410 653141 546433 320247 370322 58919 863677 804298 609222 530714 647308 551984 564795 531568 604817 693230 106550 346723 636420 105500 350859 242933 861332 586029 391818 684931 855776 743726 649700 1 422087 857637 773507 592067 841298 525786 789815 880207 282857 651994 1056992 697229 840895 235832 550520 610555 802648 844861 931967
 169967 262779 783846 564340 31324 448348 531582 536866 608315 331262 346030 278294 588642 252022 313706 569604 678873 591603 177643 804480 694726 584515 262050 220452 491804 174096 444691 693627 610848 372898 169619 228878 214253 676326 542336 185538 272573 526884 384449 341407 362312 379448 360674 541139 308231 116442 318642 582916 809938 408008 422087 1 782020 370140 741168 859094 412136 371466 886236 254147 750952 734563 711660 499961 614557 296104 676701 744005 445800 704051
 756250 569877 22836 311888 769931 370926 561470 300907 175921 480798 678586 1060279 625165 703448 486871 880631 504716 973900 737752 306715 104463 648139 685203 994019 557809 931821 815967 191193 252118 431446 652807 783577 608906 378844 327822 853955 815390 887746 514411 503228 756775 511711 617093 516136 1086209 886876 1046185 407549 271850 412454 857637 782020 1 740029 425995 187820 376624 827258 177617 627103 337024 579776 202050 564935 811892 498486 305552 58067 742853 316170
 201547 237313 752289 434547 393249 377855 767722 625903 577796 302764 65248 531425 843934 571420 315782 907785 403598 946329 192511 896789 692256 247839 122532 438378 729353 521193 783116 578380 496258 343790 247180 154389 242493 818426 653756 248410 137269 872378 596014 259168 693013 588294 632685 279580 518717 463140 398500 377064 886120 342722 773507 370140 740029 1 894823 884929 487318 89524 896676 528280 865604 428090 768728 218701 928001 321615 784978 727616 76356 519360
 808432 661586 405451 591006 715380 553360 256519 275610 421426 593089 830526 989588 271968 539255 579052 548620 835961 647914 795860 150008 348818 916843 792141 956310 283531 827207 535851 557243 559842 557484 697120 861065 673513 77062 242464 889585 907024 575642 357359 639862 519935 361942 413084 783101 1034309 805867 1057785 703692 185631 572205 592067 741168 425995 894823 1 305533 407797 963231 347012 495804 92180 920239 226073 806582 452796 574441 134915 372396 932425 681176
 867139 686775 165792 477963 841173 507079 512174 324859 308720 599544 820821 1133555 556293 726536 598414 830643 689118 928854 850104 158128 193183 822414 812731 1078582 522162 988501 791339 375390 423379 551402 756581 904258 717971 289879 330020 961978 941804 848721 525539 632502 750403 525667 617568 687224 1167287 951752 1150072 582909 120575 543677 841298 859094 187820 884929 305533 1 449765 968393 41754 659468 215192 765977 151616 730612 744946 604682 231635 167166 898268 502901
 424016 257584 375687 268531 396947 174388 332442 142152 212904 185319 422820 689483 414847 340721 171940 593966 497661 672471 408407 420413 283715 530607 389154 630021 303843 555540 497841 339161 279278 152954 311329 468421 277937 331188 166545 515835 511036 583839 191050 232697 420298 184505 287689 406976 719979 512143 701364 359834 416917 176652 525786 412136 376624 487318 407797 449765 1 558297 474986 261101 381493 580078 307622 416211 561800 169784 300802 333965 525356 409969
 204910 301675 838995 523452 398848 461863 819389 699170 662757 377248 148724 484644 892492 597797 386663 931400 485356 961242 204234 973573 776396 317315 171750 392140 780035 501749 805800 667631 585102 421530 285389 142815 294488 887641 724588 213626 100915 892321 648634 337615 717863 641186 673430 366484 463630 447144 329304 466129 964665 424788 789815 371466 827258 89524 963231 968393 558297 1 981449 565072 939257 501915 848142 305226 961342 389165 858485 813147 131486 608266
 887638 705216 157624 480940 869258 519599 552583 355731 318882 617060 833204 1161997 597698 761150 617550 871646 682332 969718 870223 198862 205530 822663 829105 1104930 561698 1019310 830794 368672 423920 568291 778226 922597 738315 331314 363973 983367 958819 889193 560584 647668 788251 560375 654294 688844 1194428 981199 1172736 582193 161681 557769 880207 886236 177617 896676 347012 41754 474986 981449 1 692629 256900 757050 186208 734698 786471 625016 271746 170310 906605 493364
 369148 313515 622448 507203 225319 391005 277551 338376 472791 315145 478195 494474 338140 79917 288892 389683 700699 447586 364105 577669 526679 672679 405934 461906 237681 335766 271618 598397 531577 326492 282082 431685 289475 437030 329523 426308 480879 363458 141223 356462 181956 138537 110565 580376 538506 310229 572340 573170 589642 367116 282857 254147 627103 528280 495804 659468 261101 565072 692629 1 518016 774952 507855 563662 399786 268877 450942 578068 592786 654895
 799194 639075 315898 528625 727580 506864 314731 240097 352670 563083 800506 1011170 347015 571953 552606 624081 769939 723156 784999 67735 267185 864552 770644 970022 333404 853676 598207 479493 491313 522622 686292 847583 657353 87499 217486 885834 891467 646694 376800 606953 570715 379670 450358 728736 1052356 826474 1062178 641905 97797 531279 651994 750952 337024 865604 92180 215192 381493 939257 256900 518016 1 853342 141993 757720 533515 551275 80773 285311 896650 606347
 593937 485154 600864 330891 746387 406206 911883 661003 500760 459921 410667 949607 994094 845629 486157 1156396 84692 1222047 577382 852024 596955 185256 484877 857992 883907 906034 1045118 390826 362032 453165 567447 569217 528768 848254 701303 667416 563908 1136354 764183 421971 956744 756743 846346 197744 943013 846475 826376 222376 825246 415314 1056992 734563 579776 428090 920239 765977 580078 501915 757050 774952 853342 1 716836 234986 1137977 506472 786097 602780 370635 263687
 730656 556100 182912 398212 692660 395696 377425 175058 219241 472270 703618 984377 432684 575246 467246 699096 634367 795558 714481 137135 125241 740804 685646 931813 381743 837569 649510 338092 355628 426643 618459 772071 582781 177259 178420 823359 812313 712478 374469 510643 603351 374391 468386 604045 1019460 801796 1008671 510730 118340 426649 697229 711660 202050 768728 226073 151616 307622 848142 186208 507855 141993 716836 1 638635 621744 470678 104687 146741 791188 465835
 360794 257898 580851 253852 512677 253251 742083 531538 425179 254956 183882 718838 823958 628491 280137 952270 190534 1010076 343663 774585 539600 114833 251581 628414 708952 671065 835164 385384 312829 266699 334158 341978 298057 730038 567714 439637 344749 927040 579454 208548 744805 571587 647870 61311 715978 611496 610653 167955 756309 239747 840895 499961 564935 218701 806582 730612 416211 305226 734698 563662 757720 234986 638635 1 947117 297980 680781 564965 189349 306738
 760032 708862 796928 829066 583301 732684 252147 531186 720779 692189 877597 760545 189426 365820 667027 109731 1057264 203188 757773 599288 711061 1060002 805571 770329 265651 597883 185502 869991 830296 687548 681327 823537 688669 455212 494567 799842 872113 156153 373821 739127 253162 381236 300596 953321 817349 610400 904927 920579 631270 723434 235832 614557 811892 928001 452796 744946 561800 961342 786471 399786 533515 1137977 621744 947117 1 649773 519838 753870 992283 964326
 262642 87824 503573 271721 292029 153041 456956 311705 322567 46764 258602 569923 536832 339485 21059 655108 433962 716444 245430 589113 422438 410241 219383 497855 420876 463226 540102 397524 315137 77164 154630 301393 113337 498585 335550 358632 342373 631776 287866 89471 450832 279924 349978 311518 590874 409948 549438 312749 583666 115089 550520 296104 498486 321615 574441 604682 169784 389165 625016 268877 551275 506472 470678 297980 649773 1 470584 467886 367240 416508
 719748 558369 287115 457890 654333 428760 280893 159329 286589 482385 719910 940923 330427 510242 471834 600977 701990 698584 705310 127944 218558 789003 689936 896583 290776 786350 559922 423284 425158 442255 606747 767474 577114 73515 137976 807329 811107 617503 310780 526477 522138 312638 393704 653932 980462 756389 985467 570951 139418 451852 610555 676701 305552 784978 134915 231635 300802 858485 271746 450942 80773 786097 104687 680781 519838 470584 1 248897 816701 546408
 728971 543931 45391 311553 730287 351924 503618 246748 150823 454912 664606 1022142 567099 653214 458167 823164 524242 916785 710940 261642 51398 655339 664307 958872 500500 889178 760099 212417 256234 405578 622464 760189 580204 322364 271682 825992 794484 830901 461231 482101 702605 458899 563181 520421 1050287 846064 1017302 415745 229311 391455 802648 744005 58067 727616 372396 167166 333965 813147 170310 578068 285311 602780 146741 564965 753870 467886 248897 1 736361 341835
 277770 289335 757011 431689 468279 395588 821555 659230 589551 340543 114720 603276 899619 640130 357800 976335 358057 1017750 268195 922987 705135 185839 191723 510120 784124 597469 852337 570391 492924 375250 315216 229985 303653 855480 690020 321832 207749 942334 650329 292693 761737 642476 694367 249601 587560 539481 459388 356839 909435 366040 844861 445800 742853 76356 932425 898268 525356 131486 906605 592786 896650 370635 791188 189349 992283 367240 816701 736361 1 495996
 612135 443713 337434 148128 704784 267751 720149 446069 262428 375082 471118 963661 799276 733684 396346 1003358 191772 1082343 592786 597431 341976 357974 512782 880674 699583 876061 907090 129678 134172 341323 539567 614816 492322 614268 486664 705380 630723 993759 600303 363796 826730 594059 697379 246591 973203 820280 891431 142442 568295 301530 931967 704051 316170 519360 681176 502901 409969 608266 493364 654895 606347 263687 465835 306738 964326 416508 546408 341835 495996 1
LAMBDA_SECTION
1 44
2 421
3 942
4 110
5 316
6 49
7 515
8 932
9 196
10 998
11 980
12 595
13 899
14 275
15 953
16 427
17 296
18 188
19 291
20 733
21 732
22 413
23 47
24 341
25 827
26 292
27 102
28 793
29 952
30 54
31 758
32 938
33 846
34 221
35 128
36 933
37 458
38 715
39 664
40 37
41 452
42 904
43 400
44 874
45 565
46 523
47 654
48 48
49 911
50 108
51 967
52 729
53 807
54 760
55 861
56 713
57 1000
58 374
59 327
60 755
61 499
62 653
63 797
64 650
65 433
66 459
67 298
68 74
69 30
70 982
