NAME : domp100p25v10
COMMENT : Cherkesly, Contardo & Gruson 2022
TYPE : DOMP
DIMENSION : 100
DISPLAY_DATA_TYPE : NO_DISPLAY
OPEN_FACILITIES : 25
COST_SECTION
 1 174555 166144 398247 464333 475599 307774 457600 698687 501793 346244 171990 390494 438229 442072 183792 506797 541415 269597 162542 488058 218086 365938 102972 374050 537908 72414 296012 570833 438613 451932 387422 449223 506569 276300 401540 354420 544399 550100 160323 299702 531348 626253 337789 465455 296946 445659 488979 401548 519721 692575 523636 364104 226433 146170 501872 525091 120352 390142 238609 294474 247121 228978 541255 295668 411034 368066 503935 369940 333399 41651 276379 219666 271948 463703 255556 366245 383707 552067 608550 724268 379392 604917 142689 100956 325619 250699 267625 241275 121255 575598 738028 308543 236015 464576 199851 513105 749133 148505 438435
 174555 1 332519 269993 552429 451366 137540 328323 856315 465608 241747 228204 233243 594029 613995 270584 429627 680059 128466 15447 513878 237921 529935 272734 541020 631201 200217 236867 727513 369909 620462 530999 603985 570567 208676 292528 499629 656884 676506 15113 398321 705694 749200 461209 489981 131233 437801 423459 278849 687554 855581 415163 516133 173359 61095 605488 685329 104201 378158 116283 428312 85487 209390 447673 243315 284052 237224 497611 536141 401964 157744 109951 76712 430764 630249 378642 253259 388115 726486 765553 883962 437495 727036 316737 275226 499300 255481 231754 331789 286405 710062 896996 239659 210165 449825 314597 443992 873433 250195 610899
 166144 332519 1 563204 503384 485482 469341 622219 532881 633701 441460 199905 556055 373858 324965 281740 656700 502986 400067 322721 448128 350992 199830 63564 283993 564160 137844 367633 494505 492752 349110 232635 386244 425684 433497 493145 199623 411823 404636 317509 351817 393215 607289 349232 429648 440989 444196 634907 565739 415468 526535 683254 202950 314947 311933 518717 359057 285305 516466 364154 159430 392018 292310 696127 447159 515961 533531 493576 283166 409867 174814 439281 385117 227215 298452 287163 529432 501257 403730 529552 558179 458339 588493 87271 78893 205308 284705 329472 316797 46134 541879 572001 464026 301323 467018 131042 659674 722036 142801 280887
 398247 269993 563204 1 545615 693633 175787 59743 1095982 286226 449065 497564 95624 706249 776311 360339 197619 745520 334895 270044 775570 271569 761810 499647 688770 619705 450987 481339 830721 588023 767467 783700 712708 839576 151897 481965 751034 923755 939091 282460 446731 883695 776666 531021 751868 283373 689327 209847 16378 827690 1087037 149871 762200 431621 258679 615306 921912 278051 268079 350587 685678 287194 473279 193063 166474 449660 32779 747001 681911 405052 402646 177726 194744 570466 856512 469101 45663 299666 917247 867073 1120674 412678 755055 515976 489745 679741 521428 488020 394341 519291 764004 1134730 138770 472306 697352 576865 220526 893549 513421 820168
 464333 552429 503384 545615 1 939652 611753 574868 884638 358376 786825 632714 616750 287851 431965 288645 463992 237613 680698 537467 938164 320905 605549 476840 351623 79197 527524 753763 358465 897328 393640 699341 284892 928694 415871 840606 671628 896339 871436 547523 164633 540780 233651 158810 917167 674738 908059 428173 533978 420468 847324 552853 656680 682024 491358 72492 733593 449828 289067 662950 657820 636072 691866 522113 386800 836249 539975 965079 344173 152886 505528 582207 524475 297897 650605 218710 501279 253234 596000 385625 894273 133035 213017 417093 447215 421172 714852 729474 226427 496125 240053 909993 412951 698302 927777 620901 446052 347940 594858 575232
 475599 451366 485482 693633 939652 1 519075 743625 775617 916913 251993 308485 619833 859230 796289 657143 875098 985424 358764 460272 143335 666197 570610 480449 768390 1012052 413444 215501 978740 129271 827762 482911 871587 265417 660016 242354 473207 451421 509493 445994 775062 834484 1084152 805005 132236 413389 48043 872407 706613 890976 806573 843354 507387 279484 499766 973636 655575 523895 824878 345815 409267 407321 254124 884703 694208 289668 662828 62442 768046 806729 434887 516832 522626 705658 653632 726446 690873 829888 822024 1012899 810182 850948 1064077 551487 508212 683030 224901 222220 716509 468120 1023394 816996 690920 249709 25959 355746 891676 1202769 354493 690781
 307774 137540 469341 175787 611753 519075 1 224654 993624 436088 273285 354743 106027 702376 738579 357292 367459 772526 160710 146622 607536 293198 667351 408570 660380 690577 337723 309352 834579 412263 740635 666993 711263 680594 204546 307620 636000 784079 807792 152653 475610 835070 827549 550177 584144 107622 516989 372596 189856 806347 993117 324730 653256 267155 166675 673580 822850 208267 379383 181088 563385 117210 311673 368682 240338 278411 146844 573698 654801 459260 294875 33643 98610 545328 767462 472707 182013 400886 858803 872462 1021415 483960 805264 447140 408623 627560 360790 320480 411245 423210 798503 1034398 222037 309140 523833 448323 387766 950384 384115 746096
 457600 328323 622219 59743 574868 743625 224654 1 1154833 282214 495853 556302 127875 752232 828195 410982 176459 783854 385341 328964 829963 320581 820470 558685 739584 646184 510729 533508 874120 634186 817525 843365 758121 896638 203062 525060 810676 983143 998784 341120 488683 936866 807914 573791 806369 330739 741394 197958 57002 876403 1145256 103903 821646 486683 318417 646029 980684 337306 288873 403680 745420 339761 529200 155573 210687 489763 91796 798322 732550 441210 462379 231608 253782 621669 914603 516285 95667 323221 971750 909898 1179288 443209 786705 573314 548214 734273 577696 542259 440270 578523 800151 1193414 183818 527841 748475 636494 202007 922008 572968 876876
 698687 856315 532881 1095982 884638 775617 993624 1154833 1 1131158 884602 657780 1086147 610997 459555 781766 1175049 732045 892286 848727 647083 866082 334692 596439 533067 908254 656247 798063 626931 861778 504593 333057 618551 530183 962177 921461 360974 338035 272170 841239 792410 371495 844668 738403 648790 944886 728977 1149199 1098188 510761 60450 1211701 340594 779599 843413 857487 174287 818184 1013835 855670 438214 900241 738610 1219476 971463 960264 1066411 738000 540472 864335 701284 965832 915744 608354 247892 727547 1061383 990038 313407 635309 34773 906639 837633 587317 606998 472876 701554 760418 791136 577460 766453 42583 991043 746347 749662 553598 1174116 906739 614847 311908
 501793 465608 633701 286226 358376 916913 436088 282214 1131158 1 694445 656879 381020 608586 725062 354692 119077 593540 573902 456761 969123 285546 806781 578123 633430 413341 572826 702346 706767 830380 699440 865740 610249 1004982 256935 737013 832979 1040968 1038248 471091 351142 839807 584971 427191 945382 536823 901600 87036 270003 744355 1107229 217889 832299 637972 419597 429689 961392 405195 118165 576144 786941 521650 669505 173625 223047 712766 301475 961724 625486 280419 528358 421887 397263 530527 883369 408689 259058 141908 886940 737536 1148912 252497 566227 557016 555475 664470 711031 696096 340267 601349 598407 1164278 226819 671844 914693 701537 95237 685447 648286 824645
 346244 241747 441460 449065 786825 251993 273285 495853 884602 694445 1 246520 370043 782120 764013 499037 638240 887501 120562 255092 362937 478804 601466 404128 709358 864579 315671 86554 913310 139019 782775 554613 793475 460581 441146 55328 531282 608054 649701 242935 626880 833671 969005 678789 341725 165705 259836 639945 463072 850575 900268 597534 559473 127059 301069 834721 731683 338485 616530 125759 453095 172834 153470 641933 477684 77056 419784 310957 706421 639421 307234 276964 298642 616223 700734 595141 452083 628732 838952 950581 916895 677257 947291 471352 422748 643562 183367 124755 561543 404166 921213 927166 468559 144622 261325 347702 657085 1092709 302682 709371
 171990 228204 199905 497564 632714 308485 354743 556302 657780 656879 246520 1 457775 562925 524868 355779 643160 682706 234605 227556 317561 381689 356966 177041 479734 704104 105264 168358 689011 294949 548143 324849 574988 350219 410796 295793 297228 429785 453607 215183 468488 588506 777820 496575 294564 289042 275346 631171 505615 614964 666690 640047 321572 125223 247563 665203 495691 252152 551220 198174 219568 247803 93740 668216 438459 322956 464867 332730 477993 505302 134494 333593 302877 402866 457523 418105 477291 548990 592489 725045 688275 551380 757388 248866 202772 405096 88303 129686 412497 169616 719708 699869 444127 102777 295296 105321 653852 897911 57334 462903
 390494 233243 556055 95624 616750 619833 106027 127875 1086147 381020 370043 457775 1 748261 802019 397334 292155 801951 264087 238672 712604 316941 755757 493378 718606 693291 430691 413416 877200 507673 798679 763627 755923 786617 202857 397521 731941 887556 909245 247868 500769 904287 843365 581958 689324 206572 620180 305460 111999 862021 1082470 231628 747115 373166 244324 683927 913690 277059 352108 286727 661448 223073 417683 281320 229952 361888 82165 675939 712335 469409 384876 124303 170940 600734 854166 511859 125694 380699 932688 914458 1112856 484219 821361 522536 489051 697138 466792 426094 441797 510333 823798 1126265 204172 415165 625962 547790 315645 963158 483382 826410
 438229 594029 373858 706249 287851 859230 702376 752232 610997 608586 782120 562925 748261 1 151444 350929 692354 140010 705954 579095 814805 435233 381943 386200 101087 298547 469737 721751 133509 857265 107885 492820 12470 770202 555007 837052 473256 687760 648243 582800 268090 253916 255956 184123 798174 724820 818010 658631 699826 136333 568564 763857 448078 657634 542147 248574 476459 497194 507844 676451 490193 676620 647826 748109 541678 849044 688557 866485 97995 331409 475341 668809 603804 166290 395833 237445 661178 474103 310494 171538 616823 356391 242427 314813 362696 195668 651032 687168 312124 394046 180059 632410 568921 656314 840872 504518 681012 356643 509292 314556
 442072 613995 324965 776311 431965 796289 738579 828195 459555 725062 764013 524868 802019 151444 1 417358 795397 279372 708458 600517 730016 508338 260214 361126 92001 449307 450196 692395 203370 816368 47779 374584 159260 667642 625344 816741 361787 560512 514360 600599 374010 114748 395774 301507 716448 739017 751484 763891 772707 95531 417720 855897 331557 636962 572075 398860 329522 530831 615448 674835 397991 689179 616999 848162 620110 836870 753826 793351 99841 444906 470954 705277 641791 206824 251771 322171 733379 584867 165293 229657 465730 479005 385502 300263 346898 120452 608774 654415 398170 359854 317007 481354 645594 625981 775121 444298 787667 479676 467703 169918
 183792 270584 281740 360339 288645 657143 357292 410982 781766 354692 499037 355779 397334 350929 417358 1 394410 415696 396893 255198 670994 91230 453126 231455 328678 365716 253652 465543 480592 609009 407132 512132 358685 681687 208604 553273 479646 692927 685882 263606 128336 527230 478874 193679 648628 399047 628765 367549 355900 467770 762184 442627 477800 393718 210865 336307 609834 166385 236611 376431 438960 355944 405802 441928 203235 551555 339960 687391 321719 149818 222911 324337 260262 210694 534158 115794 316609 219577 565072 518122 801567 195624 456668 202400 205608 329461 432657 442552 62509 254497 443087 816644 228299 411784 647182 368624 392441 603054 327677 482613
 506797 429627 656700 197619 463992 875098 367459 176459 1175049 119077 638240 643160 292155 692354 795397 394410 1 693572 519918 424300 943344 309176 843354 596280 703491 524936 572989 659863 800165 776953 775041 888516 695593 993138 233268 675008 855330 1051022 1055913 438468 425745 909239 695091 508255 919441 474053 865657 35832 181607 825654 1156548 99006 859399 601959 396045 536359 1002091 394730 184866 529315 800660 469064 638984 58126 211207 645063 221687 924881 695755 361352 525292 361366 354388 592477 927940 473290 186182 219844 952255 832910 1195553 344871 675509 589307 577967 720965 684380 660175 398199 618789 702213 1210540 199989 639760 876125 703848 26184 799614 645053 876739
 541415 680059 502986 745520 237613 985424 772526 783854 732045 593540 887501 682706 801951 140010 279372 415696 693572 1 800375 664664 948766 485600 521695 506212 241009 211002 583774 834258 128568 973691 231757 632827 128352 908432 600383 942824 613134 827500 786962 670754 301184 362499 116993 222354 931327 810909 945904 658076 736408 224340 684959 776811 588087 766835 623125 172522 608870 577638 511502 774206 627837 765127 762440 751451 579349 949849 733244 996446 237529 342869 581361 739810 675947 280085 530214 302006 699879 475425 421234 149921 734088 349254 106251 434519 479949 335385 770928 801985 362174 517347 40146 749339 607019 770516 968298 633959 677675 219525 631839 448319
 269597 128466 400067 334895 680698 358764 160710 385341 892286 573902 120562 234605 264087 705954 708458 396893 519918 800375 1 143258 449037 365837 583521 350001 643499 759364 262926 149350 839139 257611 720825 559440 716582 529052 320900 166685 531481 649767 681395 133466 525128 790348 874041 584563 425944 60933 356414 520414 348035 788753 899960 484590 554605 119968 189535 732812 728600 231282 497040 36903 454121 52273 165891 526513 357577 155602 304306 412989 639488 530429 237553 158938 178427 540123 685127 501166 334156 510430 803724 877011 922579 565681 851986 408440 361608 589565 213672 165263 458751 356697 831851 934309 348029 160985 363134 338892 538090 998273 279988 679780
 162542 15447 322721 270044 537467 460272 146622 328964 848727 456761 255092 227556 238672 579095 600517 255198 424300 664664 143258 1 519118 223929 520966 262136 526871 616185 192524 246688 712561 381619 606439 524956 589002 572758 200103 306440 493297 654671 672820 14381 382998 693082 733774 445763 495214 146493 445372 416946 278110 673418 847059 413343 508961 181246 46411 590249 677179 88827 367089 129366 423031 100929 215140 444209 233937 298855 237381 505359 521919 387258 148400 117195 75322 416117 620899 363210 250831 376097 714599 750604 876046 423212 711613 304116 263456 486373 260082 239485 316476 276590 694630 889211 231767 216515 457999 310366 437932 858010 246105 600044
 488058 513878 448128 775570 938164 143335 607536 829963 647083 969123 362937 317561 712604 814805 730016 670994 943344 948766 449037 519118 1 698816 483809 462107 717722 1005065 417350 300065 924009 264614 766966 381788 827269 123525 716436 368046 380159 314739 376449 504904 776518 750794 1055157 791482 23905 508709 109049 935670 786793 825518 682757 924662 414421 344098 550949 962173 542668 564565 866943 426635 332026 490672 304531 960603 747345 415888 743345 92378 718822 819367 451962 598449 589928 675341 553988 719736 765378 866066 730182 955572 681848 866346 1036542 527341 491678 626141 259258 287709 725072 444391 988191 687451 749138 304320 119862 319966 956965 1168276 344778 603230
 218086 237921 350992 271569 320905 666197 293198 320581 866082 285546 478804 381689 316941 435233 508338 91230 309176 485600 365837 223929 698816 1 534222 293392 419128 400090 290163 461002 561724 601312 496948 583627 442067 724322 119851 530357 550595 755594 754449 235871 184858 618455 534621 265017 675549 354669 643487 284981 266183 556316 848752 352136 552436 390342 177746 380659 692946 143609 172083 353058 501798 318414 412166 353995 112006 520938 253366 703438 412041 168086 248563 262448 203574 301545 619353 197811 227062 167302 656103 598646 887013 199985 512356 280263 272168 419982 447151 444970 125012 316522 508889 901910 137278 416510 659625 416965 309885 657225 366235 571063
 365938 529935 199830 761810 605549 570610 667351 820470 334692 806781 601466 356966 755757 381943 260214 453126 843354 521695 583521 520966 483809 534222 1 263071 281932 648129 330654 518371 463235 617629 304103 114371 393373 410143 627628 647310 104629 305821 269181 514835 484066 267063 637888 448061 473349 630412 523286 818773 763738 352773 326728 877313 72035 482076 511744 597635 160405 484475 688666 546683 161983 582970 448163 886334 637712 678446 732583 556675 286546 552984 372567 637988 584838 308751 101654 416325 726778 667802 251502 489723 358867 598838 623861 254092 272370 191050 422958 478634 470592 245424 561523 372945 656771 456917 546959 253765 843711 733717 304748 120433
 102972 272734 63564 499647 476840 480449 408570 558685 596439 578123 404128 177041 493378 386200 361126 231455 596280 506212 350001 262136 462107 293392 263071 1 306255 542961 89074 337301 513678 471073 378652 292270 398193 455969 371047 457757 259076 463228 461193 257896 317866 440467 603742 329848 441694 386608 442913 575477 502237 446452 589636 620561 265081 277246 249080 500481 422570 221745 461951 315263 208958 337011 262516 634519 385920 476009 469973 496505 303836 369167 116421 377907 322479 226150 360789 258134 466042 449139 456294 550201 621647 417593 583777 71849 29630 241016 265329 301576 274202 23266 543614 635508 401976 271192 464586 144268 600122 722533 125980 338198
 374050 541020 283993 688770 351623 768390 660380 739584 533067 633430 709358 479734 718606 101087 92001 328678 703491 241009 643499 526871 717722 419128 281932 306255 1 378862 393775 643423 210540 774593 80327 391967 113084 669939 537231 763470 372172 587561 549640 528382 282296 206535 356363 212199 701769 669152 725891 671914 684570 146549 496226 764874 347198 582931 495029 327708 386891 452127 523464 611567 390613 619720 568389 756432 530497 779517 667290 772530 7992 353544 407147 626823 562469 118425 304522 230389 645269 493002 254475 245680 542823 388837 341970 238097 286653 94677 566801 607139 306678 310258 281101 558549 556364 577154 749069 412650 695673 457298 424145 225718
 537908 631201 564160 619705 79197 1012052 690577 646184 908254 413341 864579 704104 693291 298547 449307 365716 524936 211002 759364 616185 1005065 400090 648129 542961 378862 1 598859 829657 339198 973247 406377 747779 292450 989665 493463 918572 721767 945894 916679 626073 239279 550972 172027 214937 984587 753896 979215 489218 607507 420736 866951 617360 704065 758073 570160 51160 765682 528295 357880 741119 714528 715037 766389 582717 463480 914857 615514 1035489 372160 232039 579381 661202 603655 347367 683113 286481 575952 322991 608407 360172 915036 209153 154410 479640 513405 458815 787653 804403 303240 561059 200488 930659 489169 773051 999398 686001 505064 276453 663878 604521
 72414 200217 137844 450987 527524 413444 337723 510729 656247 572826 315671 105264 430691 469737 450196 253652 572989 583774 262926 192524 417350 290163 330654 89074 393775 598859 1 252053 599275 389920 467288 333899 481452 434242 340407 369697 301750 478834 489076 185115 363433 527777 675692 392147 395051 303213 380572 556800 456096 535177 655542 583505 316485 189176 192410 560211 485128 179464 462103 227507 234710 254428 178827 604677 362726 387026 419462 437656 390974 402269 48692 309585 261778 305814 431639 313003 422970 456094 540967 636210 683757 449036 654961 156079 107514 330035 190348 218362 308559 93772 619891 696828 373357 187078 400551 130862 580592 796826 76124 418665
 296012 236867 367633 481339 753763 215501 309352 533508 798063 702346 86554 168358 413416 721751 692395 465543 659863 834258 149350 246688 300065 461002 518371 337301 643423 829657 252053 1 850721 143594 714131 468403 733491 386194 445433 128990 445540 524587 564487 232621 590381 756644 922074 633742 277194 208648 208009 656907 493695 781412 814043 631196 474255 71861 288395 796021 645853 317394 613407 131139 367560 194151 75417 670868 480171 162659 449895 265909 641117 612098 254686 303694 307149 557680 616754 551122 476317 620751 759230 887406 830390 653512 900820 407423 359159 572257 97214 39760 527396 334007 869575 840629 475930 66478 216586 265035 676233 1044618 225654 628589
 570833 727513 494505 830721 358465 978740 834579 874120 626931 706767 913310 689011 877200 133509 203370 480592 800165 128568 839139 712561 924009 561724 463235 513678 210540 339198 599275 850721 1 983951 159608 577565 123660 868163 680781 968028 563490 763479 715752 716308 385543 256071 223458 300332 908953 858327 935934 765322 823334 119430 575997 877846 534135 788026 675328 298340 521798 630255 615634 809309 593436 810119 776167 857290 664748 981169 814735 981696 211458 440567 607266 801078 736108 299064 449387 365370 785266 580328 313568 38045 625314 456256 221478 443353 491791 298114 776523 815252 437013 519401 150579 640107 692318 784804 959196 623006 786323 282756 633977 369045
 438613 369909 492752 588023 897328 129271 412263 634186 861778 830380 139019 294949 507673 857265 816368 609009 776953 973691 257611 381619 264614 601312 617629 471073 774593 973247 389920 143594 983951 1 841860 547287 869234 380074 575140 115876 530743 553797 605822 368212 733970 870542 1063812 776364 248231 304651 155712 778010 602078 908089 886335 736250 563037 215312 425743 939434 725597 458013 747960 255033 457438 309459 211401 780933 611131 161917 558802 191710 772921 755033 397072 415588 433238 695238 710089 694076 590858 757713 866503 1019986 895670 795844 1042719 542539 495167 697765 208074 171920 670938 464564 1009669 904034 603765 203565 147055 374579 795515 1185844 350622 734243
 451932 620462 349110 767467 393640 827762 740635 817525 504593 699440 782775 548143 798679 107885 47779 407132 775041 231757 720825 606439 766966 496948 304103 378652 80327 406377 467288 714131 159608 841860 1 418312 114306 708714 615711 836341 403884 606455 561283 607647 350161 147168 348040 272656 752594 747955 783784 742631 762898 68019 461079 839690 374683 655881 575127 356458 377231 532371 592814 688278 435435 698379 638777 829037 607730 854151 746501 827495 86352 419143 483681 707089 642772 198043 299513 304351 723648 560936 202851 188852 509524 450093 337948 313217 361305 144983 633799 676951 381281 380140 269251 525068 633947 647667 807283 473295 765949 432665 491529 217630
 387422 530999 232635 783700 699341 482911 666993 843365 333057 865740 554613 324849 763627 492820 374584 512132 888516 632827 559440 524956 381788 583627 114371 292270 391967 747779 333899 468403 577565 547287 418312 1 504540 298592 662312 594472 33198 198242 175313 516126 564850 373639 748285 540542 374153 612806 434886 867297 787954 466849 345656 910894 44790 446673 525850 698135 178857 507323 748139 522918 105369 569126 406276 926508 678152 631060 752598 461065 395931 629677 381522 640943 595638 401845 172493 497057 753368 731485 348893 604059 364038 677276 733480 310494 311486 298485 371266 429906 540711 269980 672841 375281 693724 414204 457985 221383 892019 846640 284051 225753
 449223 603985 386244 712708 284892 871587 711263 758121 618551 610249 793475 574988 755923 12470 159260 358685 695593 128352 716582 589002 827269 442067 393373 398193 113084 292450 481452 733491 123660 869234 114306 504540 1 782488 561724 848448 485192 699190 659234 592883 272462 258820 244673 187807 810643 734888 830410 661660 706056 136616 575384 768202 459817 669166 551669 242966 485883 506609 510889 687282 502546 686823 659655 751614 547726 860146 695432 878930 110202 334331 486564 677727 612735 177388 405626 244478 667528 476834 315983 161695 623814 357816 231564 326729 374515 207736 663123 699020 318388 406209 168307 639364 575062 668125 853261 516934 683838 344400 521465 324143
 506569 570567 425684 839576 928694 265417 680594 896638 530183 1004982 460581 350219 786617 770202 667642 681687 993138 908432 529052 572758 123525 724322 410143 455969 669939 989665 434242 386194 868163 380074 708714 298592 782488 1 761011 474789 306241 193782 258059 559294 773264 672026 1019879 774804 133615 589969 225972 981385 849147 761836 569349 985722 338143 413634 597151 943617 440743 601800 896068 501191 280839 563907 368956 1016608 788416 521775 806839 215605 672321 824614 476847 666485 647148 647316 464733 711082 823519 890249 644356 896949 564922 872867 1002802 511604 485016 575570 319892 363833 729439 434820 948489 569608 794337 371536 240777 313391 1004062 1126820 358124 524306
 276300 208676 433497 151897 415871 660016 204546 203062 962177 256935 441146 410796 202857 555007 625344 208604 233268 600383 320900 200103 716436 119851 627628 371047 537231 493463 340407 445433 680781 575140 615711 662312 561724 761011 1 486642 629156 819098 826391 214470 299481 733805 640678 382346 692576 291284 645415 220478 147383 675794 949275 249898 636105 381336 165576 481830 787953 161531 177976 320231 570757 268813 414203 264968 37059 467236 133967 705438 530306 266820 292381 180738 142509 419063 718556 317631 108061 196759 769032 717483 985157 284554 618637 375941 356277 531669 457310 439587 243782 392667 621365 999644 33362 416096 658085 471162 243062 760971 411850 676843
 401540 292528 493145 481965 840606 242354 307620 525060 921461 737013 55328 295793 397521 837052 816741 553273 675008 942824 166685 306440 368046 530357 647310 457757 763470 918572 369697 128990 968028 115876 836341 594472 848448 474789 486642 1 572766 633609 679095 294871 681296 884199 1024176 733929 348789 201352 260259 678902 496704 904040 939679 628166 602160 180559 352737 889229 772699 391451 663442 177965 495220 218095 202054 674906 523504 47914 454255 304215 760647 692434 362407 315976 344514 671258 745430 650259 489139 677115 887830 1005229 954298 729502 1002440 525626 477010 696317 225036 168750 615752 456980 976538 964039 512698 193020 256689 394022 694932 1147922 352711 757424
 354420 499629 199623 751034 671628 473207 636000 810676 360974 832979 531282 297228 731941 473256 361787 479646 855330 613134 531481 493297 380159 550595 104629 259076 372172 721767 301750 445540 563490 530743 403884 33198 485192 306241 629156 572766 1 224714 206759 484702 534690 370831 727768 512846 370565 583940 425391 834159 755173 455650 370154 877811 34488 420412 493413 672508 200417 474412 715462 494802 78440 539615 381192 893320 644955 608061 720018 455447 375648 598776 349129 609575 563527 374896 180861 467067 720468 699102 351083 591368 391103 646550 712382 278401 278432 277796 348345 406558 509157 236784 653249 402873 660545 389347 448834 192649 858873 828676 254197 223081
 544399 656884 411823 923755 896339 451421 784079 983143 338035 1040968 608054 429785 887556 687760 560512 692927 1051022 827500 649767 654671 314739 755594 305821 463228 587561 945894 478834 524587 763479 553797 606455 198242 699190 193782 819098 633609 224714 1 67359 643215 757431 536480 943696 737560 320115 709159 407530 1033290 930521 648089 380678 1061223 242488 529818 666852 896335 274665 658277 925160 616460 254297 673438 484046 1083508 840021 677829 891356 407015 591961 819625 527231 763372 729503 599453 322289 690217 899408 911934 497808 786889 372634 867802 929530 496428 487491 495262 437680 492961 727953 439963 867295 376636 851900 489564 425760 348628 1057479 1038353 410764 396944
 550100 676506 404636 939091 871436 509493 807792 998784 272170 1038248 649701 453607 909245 648243 514360 685882 1055913 786962 681395 672820 376449 754449 269181 461193 549640 916679 489076 564487 715752 605822 561283 175313 659234 258059 826391 679095 206759 67359 1 662273 739895 480995 903783 712901 379853 739394 464225 1036213 944792 598521 313517 1072303 215442 562233 680564 866383 212658 667595 921101 646765 255636 700801 517306 1091353 844783 721823 907131 468182 554672 804984 537756 785011 746533 573542 268463 672021 912038 905441 439189 737257 306890 852550 890668 485119 482800 460173 473251 530520 715864 438206 826330 311608 858603 523616 483613 362616 1060743 993940 426727 346855
 160323 15113 317509 282460 547523 445994 152653 341120 841239 471091 242935 215183 247868 582800 600599 263606 438468 670754 133466 14381 504904 235871 514835 257896 528382 626073 185115 232621 716308 368212 607647 516126 592883 559294 214470 294871 484702 643215 662273 1 391747 691629 741546 452824 481000 142021 430993 431269 290876 674874 840468 426566 501091 166896 58176 599359 670221 97834 380954 117205 413594 94469 200829 457963 248226 288793 249732 490984 523603 397963 142711 124885 88080 418949 615173 369877 264226 389547 712035 754337 868865 434637 719430 302750 260796 485471 245946 225118 325327 271404 701219 881907 246148 202157 443646 300146 452207 865798 235768 596087
 299702 398321 351817 446731 164633 775062 475610 488683 792410 351142 626880 468488 500769 268090 374010 128336 425745 301184 525128 382998 776518 184858 484066 317866 282296 239279 363433 590381 385543 733970 350161 564850 272462 773264 299481 681296 534690 757431 739895 391747 1 488735 353112 85344 755126 525465 743784 392807 438628 399996 763668 495796 524900 518820 338032 208011 628538 294205 242670 504712 510251 483456 527497 480758 280278 679886 432873 801088 274357 72443 340929 443729 381591 184218 547244 68004 401101 211037 535988 421215 807369 115075 330822 264563 288499 319933 550235 565312 66555 338497 324050 822963 307970 534039 763349 462015 415920 476902 432164 481459
 531348 705694 393215 883695 540780 834484 835070 936866 371495 839807 833671 588506 904287 253916 114748 527230 909239 362499 790348 693082 750794 618455 267063 440467 206535 550972 527777 756644 256071 870542 147168 373639 258820 672026 733805 884199 370831 536480 480995 691629 488735 1 473506 415741 740393 826093 787729 878008 880857 139359 322619 967989 336860 707772 668558 501767 274577 629471 729931 755248 425576 776265 682210 961550 730451 908813 860015 823171 214437 559646 555399 802258 740162 318214 214259 435970 841573 699532 58738 267915 371840 593391 467216 388980 431804 207648 666808 717422 511414 434270 395668 386999 755392 691255 811486 496361 901886 537862 531488 148066
 626253 749200 607289 776666 233651 1084152 827549 807914 844668 584971 969005 777820 843365 255956 395774 478874 695091 116993 874041 733774 1055157 534621 637888 603742 356363 172027 675692 922074 223458 1063812 348040 748285 244673 1019879 640678 1024176 727768 943696 903783 741546 353112 473506 1 290295 1036923 877841 1046357 659283 765626 334167 795920 785762 703503 852630 689738 161892 725268 645087 522697 850853 739042 834657 852624 753075 614461 1027040 769020 1098691 352376 373962 667409 796143 734572 380511 647014 374009 731770 486884 532076 229331 845203 364791 22299 533179 576005 450077 865359 891974 419186 617101 78877 860259 641405 860289 1068233 737390 675888 124252 729663 565095
 337789 461209 349232 531021 158810 805005 550177 573791 738403 427191 678789 496575 581958 184123 301507 193679 508255 222354 584563 445763 791482 265017 448061 329848 212199 214937 392147 633742 300332 776364 272656 540542 187807 774804 382346 733929 512846 737560 712901 452824 85344 415741 290295 1 771371 591238 770103 474636 523278 318113 705215 580520 497968 563589 402932 170696 581352 357683 323879 560732 500844 546652 566005 563996 364741 736945 516183 825173 204240 147791 379294 517497 453774 139506 498608 83719 485459 290518 466193 336230 750669 177711 268513 264940 300513 267910 582454 605029 140422 347100 249519 766378 392380 573345 790981 471846 497180 414265 453000 426669
 465455 489981 429648 751868 917167 132236 584144 806369 648790 945382 341725 294564 689324 798174 716448 648628 919441 931327 425944 495214 23905 675549 473349 441694 701769 984587 395051 277194 908953 248231 752594 374153 810643 133615 692576 348789 370565 320115 379853 481000 755126 740393 1036923 771371 1 485782 92854 911778 763046 811979 682688 900907 404994 320338 527103 942061 538831 540927 843437 403173 318801 467205 280641 936749 723535 396502 719619 89671 702671 797240 429034 574823 566045 656751 546639 698919 741535 842765 721428 940937 683505 844086 1018129 507717 471206 610878 235369 264115 703111 424422 970618 689615 725266 280467 107252 300510 933064 1150772 323085 593302
 296946 131233 440989 283373 674738 413389 107622 330739 944886 536823 165705 289042 206572 724820 739017 399047 474053 810909 60933 146493 508709 354669 630412 386608 669152 753896 303213 208648 858327 304651 747955 612806 734888 589969 291284 201352 583940 709159 739394 142021 525465 826093 877841 591238 485782 1 413978 477551 297472 815461 950444 431930 605577 179926 188354 731004 778985 233566 469258 92759 507470 49895 225963 476304 328333 176502 254341 469396 664570 522389 270750 114988 153768 560819 732022 509167 287983 486339 842816 896357 974590 553737 855610 439203 394459 622013 274168 226155 458997 396097 840475 986660 314871 221420 419412 391475 493690 1001955 330305 721864
 445659 437801 444196 689327 908059 48043 516989 741394 728977 901600 259836 275346 620180 818010 751484 628765 865657 945904 356414 445372 109049 643487 523286 442913 725891 979215 380572 208009 935934 155712 783784 434886 830410 225972 645415 260259 425391 407530 464225 430993 743784 787729 1046357 770103 92854 413978 1 861041 701592 846422 759257 839172 459618 264443 482348 939629 607617 502999 805830 338874 362259 402154 232843 878348 678554 308171 657807 60227 725788 778582 405855 511643 511475 666756 605715 692929 683423 808917 774601 969716 763481 823715 1026564 513185 471280 639333 196942 206049 686918 429344 984224 770504 677109 229915 23770 313582 881127 1163979 317519 643556
 488979 423459 634907 209847 428173 872407 372596 197958 1149199 87036 639945 631171 305460 658631 763891 367549 35832 658076 520414 416946 935670 284981 818773 575477 671914 489218 556800 656907 765322 778010 742631 867297 661660 981385 220478 678902 834159 1033290 1036213 431269 392807 878008 659283 474636 911778 477551 861041 1 193482 792404 1129496 131880 837074 596686 385646 500533 976791 380407 150790 527353 781563 468818 632085 93942 194160 651004 230058 920654 664130 327329 509769 363314 349900 562122 901691 442108 190765 185199 921812 797873 1169111 309641 639684 565089 556025 691918 676415 655068 367830 598248 666494 1184193 187249 633359 872375 687532 24940 764076 630078 848820
 401548 278849 565739 16378 533978 706613 189856 57002 1098188 270003 463072 505615 111999 699826 772707 355900 181607 736408 348035 278110 786793 266183 763738 502237 684570 607507 456096 493695 823334 602078 762898 787954 706056 849147 147383 496704 755173 930521 944792 290876 438628 880857 765626 523278 763046 297472 701592 193482 1 822487 1088353 137889 765652 442709 264262 604062 924001 281197 254335 362725 690779 299670 483825 178867 158587 464895 43812 759517 677618 395052 407575 190027 202841 566439 857676 463074 39329 286501 915272 859487 1122518 401207 744106 516314 491427 677763 531711 499476 387714 522266 754252 1136675 131058 483086 709957 582990 204326 881896 519876 819905
 519721 687554 415468 827690 420468 890976 806347 876403 510761 744355 850575 614964 862021 136333 95531 467770 825654 224340 788753 673418 825518 556316 352773 446452 146549 420736 535177 781412 119430 908089 68019 466849 136616 761836 675794 904040 455650 648089 598521 674874 399996 139359 334167 318113 811979 815461 846422 792404 822487 1 461801 894103 424623 723635 641362 373444 402451 598186 641772 756270 493494 765947 706022 880737 665928 922096 807721 888716 151692 465902 551672 772751 708212 261722 331057 360562 783376 608627 197914 138848 511067 492452 328208 381235 429310 210340 700118 744030 437324 447526 256512 526160 692588 714935 870024 537800 815151 402128 558149 251746
 692575 855581 526535 1087037 847324 806573 993117 1145256 60450 1107229 900268 666690 1082470 568564 417720 762184 1156548 684959 899960 847059 682757 848752 326728 589636 496226 866951 655542 814043 575997 886335 461079 345656 575384 569349 949275 939679 370154 380678 313517 840468 763668 322619 795920 705215 682688 950444 759257 1129496 1088353 461801 1 1197673 345365 790488 838464 816576 171463 810550 990807 863116 448565 904443 751247 1202747 956347 976695 1058297 772316 503877 836004 698751 964208 911561 579574 230785 700441 1050836 965516 263923 582463 49324 876783 789834 573336 597371 443980 716921 775552 767041 572142 718261 64384 977072 759329 780702 561493 1154329 853821 620384 282752
 523636 415163 683254 149871 552853 843354 324730 103903 1211701 217889 597534 640047 231628 763857 855897 442627 99006 776811 484590 413343 924662 352136 877313 620561 764874 617360 583505 631196 877846 736250 839690 910894 768202 985722 249898 628166 877811 1061223 1072303 426566 495796 967989 785762 580520 900907 431930 839172 131880 137889 894103 1197673 1 885629 580569 394796 625328 1037553 404757 265588 500376 816996 437059 621464 56191 241700 593446 181511 896870 757394 437358 534828 327535 338590 649791 967197 535359 162759 301786 1007477 911880 1234280 427911 765619 624748 606174 772017 669156 637364 458501 641887 788156 1248869 220713 620843 847213 712684 124300 893237 650691 922425
 364104 516133 202950 762200 656680 507387 653256 821646 340594 832299 559473 321572 747115 448078 331557 477800 859399 588087 554605 508961 414421 552436 72035 265081 347198 704065 316485 474255 534135 563037 374683 44790 459817 338143 636105 602160 34488 242488 215442 501091 524900 336860 703503 497968 404994 605577 459618 837074 765652 424623 345365 885629 1 445959 506165 654260 174137 484456 714348 517772 107042 560211 408101 899073 650104 636428 731680 489933 351144 590877 362585 625867 577488 358884 147396 456948 730159 696432 316598 561198 369341 638117 688691 275416 281458 253702 377254 434967 503406 243889 628112 381813 666861 416455 483095 216272 861903 802152 275289 188946
 226433 173359 314947 431621 682024 279484 267155 486683 779599 637972 127059 125223 373166 657634 636962 393718 601959 766835 119968 181246 344098 390342 482076 277246 582931 758073 189176 71861 788026 215312 655881 446673 669166 413634 381336 180559 420412 529818 562233 166896 518820 707772 852630 563589 320338 179926 264443 596686 442709 723635 790488 580569 445959 1 220353 724839 619899 246847 545628 88180 342132 150275 46040 616976 415035 201053 399311 324279 580149 540273 185652 255114 247573 492378 582738 480638 421682 551640 714710 825104 810704 581847 831241 345192 296584 516512 94665 58397 455627 277125 801575 821907 412797 42144 276753 230134 616963 975566 178765 586345
 146170 61095 311933 258679 491358 499766 166675 318417 843413 419597 301069 247563 244324 542147 572075 210865 396045 623125 189535 46411 550949 177746 511744 249080 495029 570160 192410 288395 675328 425743 575127 525850 551669 597151 165576 352737 493413 666852 680564 58176 338032 668558 689738 402932 527103 188354 482348 385646 264262 641362 838464 394796 506165 220353 1 544815 670308 45534 325326 175316 427034 145474 249926 420866 196787 345133 227055 542543 489674 340905 144336 133701 73604 381552 609859 321165 232576 332505 693222 713358 869540 376831 667531 281449 245323 460981 291974 277739 271478 266422 652272 883137 198513 252442 496121 318817 407694 813915 256100 583251
 501872 605488 518717 615306 72492 973636 673580 646029 857487 429689 834721 665203 683927 248574 398860 336307 536359 172522 732812 590249 962173 380659 597635 500481 327708 51160 560211 796021 298340 939434 356458 698135 242966 943617 481830 889229 672508 896335 866383 599359 208011 501767 161892 170696 942061 731004 939629 500533 604062 373444 816576 625328 654260 724839 544815 1 714522 501620 361266 712720 667137 690261 730844 594474 454318 887776 608443 995178 321001 215376 543510 643100 583417 298913 631957 247280 570596 325322 558887 322356 864550 202982 140880 435374 471091 407990 749998 769339 274110 517785 169940 880188 480968 737798 960223 642479 518201 279232 623051 553378
 525091 685329 359057 921912 733593 655575 822850 980684 174287 961392 731683 495691 913690 476459 329522 609834 1002091 608870 728600 677179 542668 692946 160405 422570 386891 765682 485128 645853 521798 725597 377231 178857 485883 440743 787953 772699 200417 274665 212658 670221 628538 274577 725268 581352 538831 778985 607617 976791 924001 402451 171463 1037553 174137 619899 670308 714522 1 644273 843608 691743 278755 733055 581396 1045885 797578 808427 892484 627938 393524 699564 529151 794373 742987 446211 82988 562172 887131 821029 228285 538974 199232 743511 714926 413510 432730 313463 548641 606946 622397 403995 646459 212946 816938 589619 630115 390404 1001727 804108 448936 162021
