NAME : domp30p7v8
COMMENT : Cherkesly, Contardo & Gruson 2022
TYPE : DOMP
DIMENSION : 30
DISPLAY_DATA_TYPE : NO_DISPLAY
OPEN_FACILITIES : 7
COST_SECTION
 1 561695 613518 571475 504257 440836 324130 452821 201146 66560 583376 258096 410461 335082 642157 318955 444542 493202 486837 363203 531253 356490 385942 83295 253654 429523 511826 551354 321055 396995
 561695 1 699371 1090187 1030611 1002531 313345 957939 490722 627965 128596 810571 167391 551092 1188791 287415 784670 895709 1026555 742289 666667 863906 175906 642323 664312 670879 1072965 78982 819855 958617
 613518 699371 1 725803 704641 854257 744707 614141 420592 630129 813535 659679 571511 905431 879763 486687 1056975 1103374 739110 360032 85208 934645 615572 662211 866579 209392 885510 757670 541517 815899
 571475 1090187 725803 1 69857 303313 895111 134003 602432 512491 1139096 325459 923693 857972 158771 806021 834499 790391 112764 397533 658412 574480 920489 518531 697350 545870 268148 1099116 270352 303601
 504257 1030611 704641 69857 1 249228 828275 91263 546157 444269 1075860 255868 864898 788119 178605 748503 767326 726902 55287 360812 632524 510092 859348 449468 627821 514464 228195 1037009 213608 243001
 440836 1002531 854257 303313 249228 1 743265 296077 570202 374655 1018052 212536 848912 635666 262232 747440 558158 496534 194577 494854 772495 288245 826751 361296 458794 646450 77252 989770 313588 45038
 324130 313345 744707 895111 828275 743265 1 773487 372627 386627 282988 580384 242949 242076 963316 264959 473249 582424 810458 629107 680972 563299 185366 388990 355183 626747 818597 269107 637574 702441
 452821 957939 614141 134003 91263 296077 773487 1 469055 398675 1010128 228535 791105 757943 269562 672916 764435 738768 128134 270060 541410 522001 789544 409769 609015 423236 295416 968900 138974 276550
 201146 490722 420592 602432 546157 570202 372627 469055 1 237066 555482 358958 323356 489487 713108 204091 638269 693894 549171 263967 342053 550811 328939 267552 449164 260702 629072 509237 332851 525360
 66560 627965 630129 512491 444269 374655 386627 398675 237066 1 649482 193780 475262 368087 577366 379641 442325 474093 423999 345730 545900 314232 452131 32119 254495 434979 445312 617860 273151 330652
 583376 128596 813535 1139096 1075860 1018052 282988 1010128 555482 649482 1 840550 250121 495650 1224138 363756 728130 846507 1065457 816936 774009 845870 227224 657914 635097 764163 1091823 56019 871171 975792
 258096 810571 659679 325459 255868 212536 580384 228535 358958 193780 840550 1 650928 533711 384070 543531 539356 525763 230850 309475 575674 315398 635168 194799 380531 450295 270537 806521 147506 168388
 410461 167391 571511 923693 864898 848912 242949 791105 323356 475262 250121 650928 1 479371 1025457 120255 702455 801187 862509 576425 526441 737203 58612 493239 554556 514434 917076 196978 653350 804385
 335082 551092 905431 857972 788119 635666 242076 757943 489487 368087 495650 533711 479371 1 886692 469429 234100 350897 755648 697738 830194 389995 424055 350429 178876 746499 712686 496709 640054 603168
 642157 1188791 879763 158771 178605 262232 963316 269562 713108 577366 1224138 384070 1025457 886692 1 912051 820335 754097 163939 539412 809493 550152 1014760 574769 713599 692689 194708 1188888 385358 285938
 318955 287415 486687 806021 748503 747440 264959 672916 204091 379641 363756 543531 120255 469429 912051 1 673037 758400 748466 456566 430782 665496 139307 401958 505133 402884 812691 313302 535926 702506
 444542 784670 1056975 834499 767326 558158 473249 764435 638269 442325 728130 539356 702455 234100 820335 673037 1 125726 722819 786367 975456 270488 649865 412857 190921 872899 628463 730737 676842 539761
 493202 895709 1103374 790391 726902 496534 582424 738768 693894 474093 846507 525763 801187 350897 754097 758400 125726 1 677645 804017 1019578 217378 751592 442256 253807 908579 559413 845796 671359 487375
 486837 1026555 739110 112764 55287 194577 810458 128134 549171 423999 1065457 230850 862509 755648 163939 748466 722819 677645 1 387166 664207 461749 853233 425483 590697 543012 174070 1028750 223070 191214
 363203 742289 360032 397533 360812 494854 629107 270060 263967 345730 816936 309475 576425 697738 539412 456566 786367 804017 387166 1 280295 610230 589718 373850 600159 156302 525878 768727 181552 457592
 531253 666667 85208 658412 632524 772495 680972 541410 342053 545900 774009 575674 526441 830194 809493 430782 975456 1019578 664207 280295 1 849513 565372 577943 784753 126096 806070 718825 460949 733475
 356490 863906 934645 574480 510092 288245 563299 522001 550811 314232 845870 315398 737203 389995 550152 665496 270488 217378 461749 610230 849513 1 698235 283277 216213 730829 357987 830856 462790 273256
 385942 175906 615572 920489 859348 826751 185366 789544 328939 452131 227224 635168 58612 424055 1014760 139307 649865 751592 853233 589718 565372 698235 1 466999 508453 542190 897061 180455 650751 782775
 83295 642323 662211 518531 449468 361296 388990 409769 267552 32119 657914 194799 493239 350429 574769 401958 412857 442256 425483 373850 577943 283277 466999 1 226770 466537 434062 628549 289820 318270
 253654 664312 866579 697350 627821 458794 355183 609015 449164 254495 635097 380531 554556 178876 713599 505133 190921 253807 590697 600159 784753 216213 508453 226770 1 682144 535474 624289 505772 428266
 429523 670879 209392 545870 514464 646450 626747 423236 260702 434979 764163 450295 514434 746499 692689 402884 872899 908579 543012 156302 126096 730829 542190 466537 682144 1 680947 711402 335493 607380
 511826 1072965 885510 268148 228195 77252 818597 295416 629072 445312 1091823 270537 917076 712686 194708 812691 628463 559413 174070 525878 806070 357987 897061 434062 535474 680947 1 1062404 345552 116204
 551354 78982 757670 1099116 1037009 989770 269107 968900 509237 617860 56019 806521 196978 496709 1188888 313302 730737 845796 1028750 768727 718825 830856 180455 628549 624289 711402 1062404 1 829971 946798
 321055 819855 541517 270352 213608 313588 637574 138974 332851 273151 871171 147506 653350 640054 385358 535926 676842 671359 223070 181552 460949 462790 650751 289820 505772 335493 345552 829971 1 277476
 396995 958617 815899 303601 243001 45038 702441 276550 525360 330652 975792 168388 804385 603168 285938 702506 539761 487375 191214 457592 733475 273256 782775 318270 428266 607380 116204 946798 277476 1
LAMBDA_SECTION
1 891
2 99
3 892
4 56
5 273
6 813
7 497
8 387
9 109
10 313
11 903
12 983
13 722
14 207
15 243
16 38
17 897
18 584
19 346
20 322
21 562
22 538
23 499
24 678
25 543
26 49
27 679
28 207
29 643
30 69
