NAME : domp100p33v1
COMMENT : Cherkesly, Contardo & Gruson 2022
TYPE : DOMP
DIMENSION : 100
DISPLAY_DATA_TYPE : NO_DISPLAY
OPEN_FACILITIES : 33
COST_SECTION
 1 482721 920850 546264 648495 944482 849163 796763 708014 662322 646793 128997 198409 754159 519963 449695 341867 736805 643507 871738 859003 276482 811748 927711 850350 90422 654074 626280 623076 899013 715974 551026 360126 672711 493941 571616 686500 1002033 313838 717935 907892 717758 327850 159677 464708 290643 646462 697519 381909 422806 425764 698990 651638 729736 483073 625905 565428 664981 896525 920489 68360 892777 1021283 847855 517871 629203 875129 154010 545789 564990 891165 146196 866880 954479 682049 871320 653047 964006 273528 353825 357902 443182 445159 803377 670449 667242 298260 648893 295625 465710 542263 838132 148189 696698 834058 620426 352900 937261 551549 171953
 482721 1 514984 315448 356557 463414 366931 540253 263497 294941 174767 569878 285402 471427 392039 186735 143420 255589 293293 709155 380124 206687 386402 556147 554173 392469 223570 166800 635999 428761 544790 590209 623935 636793 605752 237327 209302 646251 686802 706125 814900 237269 618861 540625 197683 234021 414348 502322 468383 355375 213283 524517 265536 247499 247287 457925 255415 418847 678219 450793 508364 411713 594702 412814 586067 479765 496207 368440 141262 251245 806187 372734 431029 691265 689659 507976 281717 485358 301185 495257 612853 566012 661557 324940 284245 233294 296044 551778 523752 211567 63058 376995 396564 615380 351431 152981 224444 498420 112590 594404
 920850 514984 1 401060 300076 326406 340964 296588 255152 677809 480143 959549 735820 260900 882791 690411 609712 349258 278646 480901 438014 670787 130908 88060 231904 836609 572615 514820 656726 230443 419884 666866 872541 604941 739900 349366 452490 166590 994062 660170 624431 425416 889932 904708 456189 739776 854485 385896 680123 552962 722011 413889 271118 402000 443775 424439 357877 849039 390804 227031 917298 319254 110527 119122 693032 445415 72610 851722 392193 357667 628843 853688 108546 331800 673517 103243 267850 300331 810365 728709 860011 734676 855343 301553 251613 568443 808468 512697 800682 455884 458546 202510 882108 546354 376832 497370 739286 97582 550855 964847
 546264 315448 401060 1 104859 559035 494260 261424 283645 602719 430122 565805 388346 209400 691780 488463 309560 401612 138880 399817 561629 348114 326385 389022 305835 471881 513838 444313 348378 473754 231702 323160 477099 332988 372930 108535 439578 457316 593624 403059 499551 444015 491514 507457 126599 450972 729234 192368 283861 152084 505710 211205 179329 436041 79306 142482 82441 734220 385401 489888 530674 516188 510219 367181 335147 164834 342704 515862 197813 86738 490740 515251 383822 422601 393558 332466 164009 559718 519229 331036 464471 353661 472780 430194 188002 519487 528063 240586 400219 114912 306380 402796 545582 303276 504491 423784 483683 447704 419470 567257
 648495 356557 300076 104859 1 495920 445373 184376 235386 622071 431818 670653 482734 118984 746866 540928 386617 369802 82932 359673 524751 434112 242025 284177 211965 571630 524158 453475 394821 402744 209501 386868 572869 361421 450321 119284 430920 353663 694303 428505 480607 426546 589860 612205 202100 529057 766707 163252 380135 254297 563215 191886 132817 413363 168172 155199 104665 768907 321679 416082 634891 458579 410228 281992 406884 181058 238900 608639 218234 108072 475693 608708 296684 340704 428559 227649 110334 490733 599501 428643 560308 439206 559941 381283 129960 527262 605383 262039 501048 194956 329044 333319 638839 316299 462772 432228 552503 355511 445918 671939
 944482 463414 326406 559035 495920 1 98644 586588 276885 466833 324580 1021828 746138 528102 721214 575527 602636 207898 424204 785676 153480 668084 268371 414277 538985 854062 380543 357587 890704 101133 684409 878365 1017060 855103 931933 458066 281790 487097 1110830 919923 927103 245074 1023229 983083 535442 688835 647393 641119 829893 692908 611137 671720 379773 225774 554736 650613 481374 635328 704324 99541 964437 51729 306507 238513 893536 676157 379842 830194 421083 478059 928313 834913 234711 655508 923198 413130 396737 37946 748181 871861 1004650 910263 1026740 142989 373077 370110 736360 755862 926015 543586 402411 163763 857304 805066 126986 351986 658219 232187 426644 1040717
 849163 366931 340964 494260 445373 98644 1 562707 212215 380914 226489 929844 651091 497900 628720 477526 507687 113150 367024 764048 97201 572694 247321 424333 526175 758776 288313 260123 836072 121125 645874 817157 937815 806676 864530 388394 183943 507489 1025720 873844 901776 147101 941786 893374 454767 590515 563104 600716 754462 618613 513127 631095 318692 127199 479485 600126 413326 552650 690713 136709 871186 49411 352335 230630 829008 626122 378889 732493 337404 409531 900951 737325 234830 653911 873317 409868 338603 127989 649559 794317 925570 839177 953042 64444 316444 278885 637722 707363 844261 464160 306992 142359 759375 760890 38675 253718 559591 260483 328185 950238
 796763 540253 296588 261424 184376 586588 562707 1 375228 796278 599498 797245 649128 71676 931154 725203 566307 513208 252316 201345 653635 608882 319507 230286 76001 728020 694843 624958 375859 485667 132702 401755 646619 316492 484927 303422 591537 252226 782754 366275 340710 580247 672064 733136 380312 708807 947550 115562 468912 376262 747581 134183 294304 563045 338811 182041 288610 948788 140333 491651 772394 561538 395837 348361 434764 191201 224768 776898 400439 292209 341749 776091 354522 161184 383324 193435 272416 570272 778297 517440 634917 493774 608982 503484 282311 696379 785654 234685 597583 371076 509071 427382 806442 255430 588739 603827 735495 386232 625276 790210
 708014 263497 255152 283645 235386 276885 212215 375228 1 440373 238350 768922 512847 305253 628807 435296 375317 138495 155170 573687 289463 440223 124485 309343 356778 619249 334857 270004 623878 200951 441107 605694 742204 595622 655940 181189 221315 401522 841611 663437 705572 205845 750055 723690 265247 494460 609599 395131 553545 416431 467126 424968 106478 187870 279140 389024 204628 606356 512274 220433 717087 232648 331314 149410 618789 415068 250338 617915 162414 201237 702826 620946 167820 495082 661757 270658 126707 281645 563488 596315 729713 633429 749911 147774 105445 333584 559380 496549 653460 271639 204532 133088 647625 551684 227470 250588 487606 236411 297213 782913
 662322 294941 677809 602719 622071 466833 380914 796278 440373 1 202025 777633 497041 724665 265085 212899 393127 329235 544931 981737 318125 431245 552168 745245 791677 583237 105847 172169 930925 496050 824704 884531 891211 930221 895697 509258 225323 836795 928565 999872 1097580 254085 879582 768157 491604 372548 182346 779981 754362 649070 237539 805067 502156 278185 540232 744024 532169 173259 936593 514722 710045 427722 719723 558929 878905 767352 688070 512437 408696 527590 1090415 519707 571766 931385 984281 710511 523866 502743 396985 775394 881289 853256 940018 388329 515480 109388 375078 842505 790360 505513 297047 483915 529145 905693 344151 192976 309775 620759 184088 811963
 646793 174767 480143 430122 431818 324580 226489 599498 238350 202025 1 741178 453416 527850 413481 251038 315719 139340 351339 789998 212967 375346 352226 544468 591062 557763 96760 36180 773766 322236 639393 736781 795873 763073 763273 327154 43008 636337 861564 833158 911977 79508 792231 714485 338468 372328 374449 593616 632180 508772 286641 620557 305617 100148 381009 566094 352227 369708 739433 343281 677993 275692 531869 362378 738103 590867 486732 518102 232689 347577 906324 523646 376664 730535 822408 508644 328033 354162 426917 662996 784525 727397 828897 208961 317265 96969 413541 669773 696367 351612 136504 294791 543203 731346 199841 27830 335313 431629 102876 767338
 128997 569878 959549 565805 670653 1021828 929844 797245 768922 777633 741178 1 288946 764742 648174 564957 426507 816694 681398 842425 949993 365991 861332 954732 858572 194514 759611 724562 565839 966587 699663 494522 261051 624017 423607 613454 778506 1021350 187839 659173 858653 807130 224537 68060 509670 405534 772666 689264 342537 423343 544095 685063 698371 816433 515836 617795 602113 790746 880782 987325 67933 970589 1064903 899720 457287 615713 906615 279786 607794 602661 840699 271891 918446 948320 620961 898118 695676 1037817 398106 302170 262313 377398 349511 879005 715724 772427 423125 619055 226761 507201 624865 901679 276809 658043 918822 716168 471271 988037 651847 44172
 198409 285402 735820 388346 482734 746138 651091 649128 512847 497041 453416 288946 1 596758 422343 288294 143505 538554 463434 758882 664058 78729 621103 751245 692781 108042 471394 435790 565894 701328 592214 499398 410470 598160 472134 390362 491800 831093 431753 656554 822576 521864 392282 271514 285234 139503 523599 564310 329980 302523 274858 572975 464737 532872 314760 496535 388885 538639 765165 722910 224644 694443 832453 655753 476703 506704 695825 127962 351658 387573 808341 126964 674801 810190 626799 695846 469043 765614 173780 328072 402461 421207 475369 604971 484210 484073 194559 547725 313945 289519 344104 641512 157315 605294 636780 427928 207190 745150 362903 318603
 754159 471427 260900 209400 118984 528102 497900 71676 305253 724665 527850 764742 596758 1 863075 657186 505340 443603 181272 268679 587005 551453 259733 212345 96454 681166 623167 553292 395917 428078 161439 409481 635334 344744 486871 235944 520246 259880 766504 402552 403944 509577 657594 702834 320131 647855 876831 125014 449312 341441 680495 153490 222635 492797 282597 170346 223448 877815 211931 436066 734824 499868 367757 292308 438286 188139 188749 723711 330868 226683 403115 723411 300979 221878 413594 163194 200802 514535 718141 498611 623175 488116 607088 437297 210725 624719 724275 251832 576580 312159 438449 366237 753679 287511 522373 532167 671328 341811 554355 761357
 519963 392039 882791 691780 746866 721214 628720 931154 628807 265085 413481 648174 422343 863075 1 205953 396330 552807 685257 1091500 578410 392856 751997 936282 946058 465679 340788 377305 964161 734468 923284 903997 829401 982660 889011 627737 451211 1028072 825608 1047846 1185315 486678 807540 661387 565440 285565 140344 883801 743943 678511 186107 902767 655025 510136 614883 830694 643531 161671 1067737 754993 582251 677592 943703 768850 887047 849251 876430 369467 533274 639675 1174327 377310 784686 1083296 1023460 892199 672568 755232 257103 748307 822263 839452 897487 621649 672834 351117 232733 911496 735418 577863 433970 707490 371811 974418 594919 391051 224763 843424 331938 689526
 449695 186735 690411 488463 540928 575527 477526 725203 435296 212899 251038 564957 288294 657186 205953 1 209943 382816 479975 887500 452936 230409 559754 738101 740868 370479 218159 218307 778716 567824 720158 723416 692564 790745 720285 421785 293738 829182 719669 857871 985337 330493 677648 557597 362977 159652 253728 679764 575172 490743 35611 699666 451491 350824 413068 628964 437754 264357 861946 589494 497282 526701 760504 580942 711216 648584 678061 301439 327941 433860 975126 308479 597988 877657 836337 691827 468248 605113 190683 588679 683469 673791 748844 455255 469805 231547 171984 714285 592866 375886 233531 529578 320297 777757 449950 223946 98843 661200 150953 599853
 341867 143420 609712 309560 386617 602636 507687 566307 375317 393127 315719 426507 143505 505340 396330 209943 1 395067 349181 705917 523493 66001 489125 634750 598077 251454 347224 302184 570553 559350 536271 513838 499037 586467 511121 277902 352146 719508 549352 652179 791462 380685 489511 398933 185997 142578 463617 500426 366582 283140 214650 515891 340549 390613 230256 441194 283797 474196 694750 581074 365040 550940 701222 521588 501275 457645 576896 243231 218267 281247 779794 245917 540542 726072 628983 581334 348976 622312 212915 383527 488827 465563 547169 461607 360480 358944 219348 516157 398045 195684 200706 501226 273311 578695 494006 291712 176853 610464 233924 451677
 736805 255589 349258 401612 369802 207898 113150 513208 138495 329235 139340 816694 538554 443603 552807 382816 395067 1 287343 712139 160134 460342 227495 420658 490714 646388 225096 175519 748907 185071 577835 723980 829784 725874 765615 293268 104847 510971 914373 794711 843849 76274 832415 780507 347762 483482 508342 531662 649615 515439 417969 561109 237232 53627 376862 520229 319215 501603 649199 206684 758115 156174 393525 230155 732768 546203 366002 623097 229325 315013 840864 627663 242564 626920 790433 391881 259483 230423 545250 687778 817668 737351 848802 72715 240876 219911 535167 627720 734868 358082 194578 156276 650582 684954 107756 162663 457710 293533 231934 837217
 643507 293293 278646 138880 82932 424204 367024 252316 155170 544931 351339 681398 463434 181272 685257 479975 349181 287343 1 438666 443513 404606 188815 287967 260894 560873 445052 374613 469270 335945 292346 454164 614327 440561 509914 73087 348723 370543 726387 508636 562672 343675 627076 627818 179323 488522 695580 246075 421515 286646 505198 274818 50112 330442 165669 234038 79306 696557 392512 351529 638661 383844 383654 229502 469946 260086 232566 584477 152038 79025 558142 585595 246731 398335 506588 233145 28463 422704 559937 467777 601698 492358 611652 302615 51222 447509 562759 341635 533661 177817 257300 265121 614995 397783 382399 353379 503133 312810 373085 687995
 871738 709155 480901 399817 359673 785676 764048 201345 573687 981737 789998 842425 758882 268679 1091500 887500 705917 712139 438666 1 854789 735731 520064 401228 249877 818156 883412 812811 310467 684556 169676 367526 639228 240137 454914 474778 785718 383977 781955 251852 143531 776951 672000 774651 526372 844283 1122897 207748 500009 458429 905475 190027 485217 760819 477736 265457 454281 1126149 98467 689245 833321 762218 567002 547171 407057 252431 413252 885048 575744 458615 148831 882652 551838 188999 284983 379810 462494 767590 909457 541337 629590 483969 577916 704708 475924 886116 920959 223943 620743 514347 687571 628083 912447 189165 789946 791559 881944 575917 804400 825097
 859003 380124 438014 561629 524751 153480 97201 653635 289463 318125 212967 949993 664058 587005 578410 452936 523493 160134 443513 854789 1 585493 342286 521528 620439 769555 242239 238458 908444 213927 729949 884112 983012 883756 925069 453365 172504 604465 1060632 952109 990680 143016 983559 919583 504118 584644 496448 684165 806471 673659 488015 714170 393683 137091 535750 677460 479273 483588 784141 226096 888067 127035 444024 327506 892737 703500 475625 730886 385857 475094 989023 736501 332020 749876 949007 506264 415192 191143 636642 843090 971097 895812 1005726 150238 394800 230219 621610 785074 886260 515130 327894 239164 755657 840992 65039 240194 543852 355504 313517 974182
 276482 206687 670787 348114 434112 668084 572694 608882 440223 431245 375346 365991 78729 551453 392856 230409 66001 460342 404606 735731 585493 1 552248 692048 646028 186083 397544 358765 573276 625337 566528 511554 462557 596823 497527 331992 413346 774939 499445 659616 811753 443190 448951 343591 232163 112436 478097 534055 352027 292544 224716 546525 400250 454145 270080 470383 334504 491095 732330 647051 302739 616367 764268 585516 494203 484092 635077 180980 281310 332508 798878 182922 604517 769800 633265 637708 406950 688105 173754 360726 453278 449010 518799 527366 420065 409927 186666 535081 362557 239338 265784 566945 211426 595831 558093 350184 168236 674630 287002 393669
 811748 386402 130908 326385 242025 268371 247321 319507 124485 552168 352226 861332 621103 259733 751997 559754 489125 227495 188815 520064 342286 552248 1 193487 278905 725001 446437 386209 632757 168626 417099 628708 802995 592009 691605 249040 327423 284657 914628 654978 660189 303424 815878 810826 351767 614547 726556 374783 609991 475461 591602 405282 163036 281109 350078 391640 264334 721896 443781 178215 814253 242154 212099 40796 648807 416283 138729 732304 271002 262773 660784 734789 58076 407935 660750 166293 168377 255933 684460 656516 790364 677747 797880 194027 146475 443201 681431 493625 722214 354252 328651 108036 762433 539611 277564 368153 610834 126707 420068 870868
 927711 556147 88060 389022 284177 414277 424333 230286 309343 745245 544468 954732 751245 212345 936282 738101 634750 420658 287967 401228 521528 692048 193487 1 158025 847145 639429 577727 602873 317352 360722 621080 844661 546054 699210 361037 520822 92181 972553 596443 544336 496756 865233 896329 466362 770949 918096 332979 655473 536873 767858 358186 295725 474197 444738 382570 363275 914080 308031 314806 917660 405451 167309 195550 650523 400329 60044 872306 423206 364196 549973 873503 189512 244430 613396 56662 285777 388384 842310 704741 832348 699747 819153 380275 275877 636474 842890 459327 780471 463428 504578 283159 902827 485458 459008 558988 777760 185139 605808 955997
 850350 554173 231904 305835 211965 538985 526175 76001 356778 791677 591062 858572 692781 96454 946058 740868 598077 490714 260894 249877 620439 646028 278905 158025 1 777619 687684 619515 451795 437987 208685 477226 718212 391758 559679 323856 577790 176939 852658 439457 393274 562090 742543 795823 414064 740269 951274 189190 536857 435367 765887 209794 293794 542808 378251 251098 314502 950792 165547 441269 830097 519110 325151 301453 509701 263289 163376 819486 412928 317308 397142 819299 304300 139820 458001 129964 274462 519184 810984 585853 706337 566825 683144 470797 278040 687754 816238 310605 665159 406749 515529 386035 849533 330333 555472 598828 760811 326097 628999 853833
 90422 392469 836609 471881 571630 854062 758776 728020 619249 583237 557763 194514 108042 681166 465679 370479 251454 646388 560873 818156 769555 186083 725001 847145 777619 1 568678 538171 591661 809102 656822 521005 373171 634258 476208 488290 597071 923943 360712 685710 866489 627966 346938 196042 381552 211021 583598 634281 347513 361289 349784 638770 566268 639655 404178 563704 483912 600887 835097 830635 126810 802356 935459 760499 491896 569877 793280 100794 457349 483132 850766 93772 779545 887709 652176 791086 568853 873653 209613 330022 367981 424162 450680 713000 585382 581703 234598 598729 289893 383761 451853 748742 113754 651174 743871 531657 277101 849945 463920 230816
 654074 223570 572615 513838 524158 380543 288313 694843 334857 105847 96760 759611 471394 623167 340788 218159 347224 225096 445052 883412 242239 397544 446437 639429 687684 568678 1 70721 851268 398146 729839 809634 843450 845298 828786 415117 120413 731027 895712 915326 1002851 151587 835885 741092 411283 366170 283286 684470 691945 576691 251691 710607 400580 175800 457514 652944 439229 276650 834979 417811 693678 336954 617682 453936 807587 677096 582223 513093 316559 434588 996531 519583 467177 827217 902274 604759 422721 414449 407942 718125 832734 789537 884335 287591 412963 13440 390062 754420 742644 425001 208631 380873 534606 816888 254132 91947 314810 518098 114093 789966
 626280 166800 514820 444313 453475 357587 260123 624958 270004 172169 36180 724562 435790 553292 377305 218307 302184 175519 374613 812811 238458 358765 386209 577727 619515 538171 70721 1 784035 358139 659164 744229 790734 776426 766694 344626 76363 669747 850936 846500 932161 113186 785392 700751 345215 346723 340442 613767 632491 513130 253887 639963 330658 135073 390184 582773 368906 336495 765192 379092 660307 309489 567858 397477 743643 607067 519556 493536 246667 364260 925895 499367 412028 759237 834209 540658 352637 388065 398342 661106 779649 729036 827374 244920 343544 75193 383863 684809 690509 358753 141272 330861 517729 747071 231659 21253 305839 467593 75501 752248
 623076 635999 656726 348378 394821 890704 836072 375859 623878 930925 773766 565839 565894 395917 964161 778716 570553 748907 469270 310467 908444 573276 632757 602873 451795 591661 851268 784035 1 797077 243190 72161 335973 70441 149451 456778 786429 626167 478006 94860 293932 792216 371226 498308 440357 684948 1031814 271175 244205 287976 785186 244719 517422 784410 393879 241178 430612 1040753 383000 809611 571931 852480 763360 671049 108630 216536 584665 678036 541686 435001 275517 673528 683547 472067 60979 558165 497602 885183 736911 269662 327679 189085 268302 771629 520257 858404 754774 144127 339179 426534 642973 728059 700399 128943 849571 764389 739823 733422 747509 540920
 899013 428761 230443 473754 402744 101133 121125 485667 200951 496050 322236 966587 701328 428078 734468 567824 559350 185071 335945 684556 213927 625337 168626 317352 437987 809102 398146 358139 797077 1 585649 788334 941557 758940 845855 378616 283265 394881 1042549 822773 826077 248019 950328 923207 466144 661701 678307 543010 751313 614278 602905 573561 295421 224360 478812 556119 399982 668963 603403 22069 912649 89553 231259 137419 805575 581326 279839 796462 358914 397147 827415 800412 133874 556233 827417 312885 309777 88146 725994 795219 929014 827216 945500 113308 285786 390231 717267 660047 854002 472575 365726 70965 825010 707569 159743 346966 640509 142090 416991 982084
 715974 544790 419884 231702 209501 684409 645874 132702 441107 824704 639393 699663 592214 161439 923284 720158 536271 577835 292346 169676 729949 566528 417099 360722 208685 656822 729839 659164 243190 585649 1 271435 526199 185650 356677 315466 640118 384058 665682 241159 273050 636019 554277 633215 357845 674693 959138 46277 360406 295535 737180 20519 341915 622541 308692 96207 292803 963330 181462 594921 683078 652863 523709 451727 306162 86997 347279 719234 416119 297334 266932 717187 461388 252785 253795 318673 319181 672989 740180 406691 515016 370554 481972 583006 336960 733731 751429 102950 487758 345531 528128 521027 747221 126506 666633 638010 712419 503166 644177 687568
 551026 590209 666866 323160 386868 878365 817157 401755 605694 884531 736781 494522 499398 409481 903997 723416 513838 723980 454164 367526 884112 511554 628708 621080 477226 521005 809634 744229 72161 788334 271435 1 271966 131997 88177 430845 752791 653966 414720 166967 364279 761598 305650 426827 399036 622214 977108 289200 173607 235739 727782 267573 499802 755769 356068 242558 405104 986961 430539 802446 499795 837415 775868 668322 39687 221735 596289 608876 507532 409188 346205 604166 682280 515551 131437 572538 481783 875895 671704 197507 262688 119469 213626 752941 505323 817561 690332 168683 267763 385578 603032 718066 630610 178844 827600 725295 679253 736950 702633 470567
 360126 623935 872541 477099 572869 1017060 937815 646619 742204 891211 795873 261051 410470 635334 829401 692564 499037 829784 614327 639228 983012 462557 802995 844661 718212 373171 843450 790734 335973 941557 526199 271966 1 402898 186558 563033 824329 893330 142759 422436 627445 844248 37948 203406 483057 549954 933992 531167 193300 328216 683387 517060 647875 846191 463073 467399 542660 948758 697361 959526 294238 969435 982923 843749 232308 455466 808047 473918 600779 545156 608448 466942 860687 777915 382886 790776 636867 1023844 573323 146683 12632 156739 88524 877793 660369 854434 597071 428975 100999 473985 661649 871218 484722 450148 937504 776328 617555 924733 729357 225098
 672711 636793 604941 332988 361421 855103 806676 316492 595622 930221 763073 624017 598160 344744 982660 790745 586467 725874 440561 240137 883756 596823 592009 546054 391758 634258 845298 776426 70441 758940 185650 131997 402898 1 216721 438777 772007 563630 545463 70096 235668 774579 437238 556053 439121 709249 1041714 220304 290804 304818 800257 191258 490143 764804 390006 206615 412829 1049320 313453 770078 625220 819486 709342 628875 171465 180586 532399 715696 530536 417409 218544 711759 640101 403399 69031 504227 468999 847005 765423 323278 394023 251398 338046 742467 490440 851473 781722 99431 397597 425230 636822 691471 739711 62054 822959 756125 760121 685925 746134 601519
 493941 605752 739900 372930 450321 931933 864530 484927 655940 895697 763273 423607 472134 486871 889011 720285 511121 765615 509914 454914 925069 497527 691605 699210 559679 476208 828786 766694 149451 845855 356677 88177 186558 216721 1 476201 783566 736616 328849 238135 442099 796109 221845 357336 426055 603749 973020 370585 145576 254659 720324 351177 552256 792748 389592 316984 451644 984551 518652 861284 437230 888579 849854 731938 50552 299072 670745 570236 541283 455278 423322 564717 746954 603170 198998 648816 536310 932353 645884 146707 178250 52073 125817 801079 560258 837801 666485 254787 200146 413607 627171 774995 588983 266746 871611 748983 665354 804928 717991 395673
 571616 237327 349366 108535 119284 458066 388394 303422 181189 509258 327154 613454 390362 235944 627737 421785 277902 293268 73087 474778 453365 331992 249040 361037 323856 488290 415117 344626 456778 378616 315466 430845 563033 438777 476201 1 333429 442947 668118 508614 588438 336192 572700 561916 106923 418573 648750 270788 372911 235782 444587 295922 86698 327670 101851 238951 26175 651540 440899 396496 568712 413131 452063 288548 440923 263848 305533 511551 101062 21797 581656 512607 306848 457493 500896 306056 82312 462001 489816 416613 550474 452394 568739 324883 102621 419593 493690 343484 477203 106785 213118 308187 542064 404437 396980 323613 436956 375502 329757 622004
 686500 209302 452490 439578 430920 281790 183943 591537 221315 225323 43008 778506 491800 520246 451211 293738 352146 104847 348723 785718 172504 413346 327423 520822 577790 597071 120413 76363 786429 283265 640118 752791 824329 772007 783566 333429 1 612047 894493 841932 911372 36860 822164 749904 357513 414474 403543 593979 655963 528985 329348 621881 300704 59094 396923 571433 359239 397056 730516 303900 716057 233257 498146 333663 756209 596730 464428 559767 245364 354641 906612 565197 346776 716372 833113 488235 323535 311809 469745 688787 812767 749600 853980 170556 310010 115994 456509 676849 725637 370082 162733 260997 585179 737323 156833 70772 378275 398281 145845 803632
 1002033 646251 166590 457316 353663 487097 507489 252226 401522 836795 636337 1021350 831093 259880 1028072 829182 719508 510971 370543 383977 604465 774939 284657 92181 176939 923943 731027 669747 626167 394881 384058 653966 893330 563630 736616 442947 612047 1 1026008 605720 522156 587206 916626 960715 545939 857497 1010155 366085 709028 599137 858557 386403 383439 564352 519803 425990 442249 1006013 285712 389119 987972 484288 202073 282992 686634 439598 151675 954149 511336 443698 530841 954980 274486 203199 627824 138940 371609 457708 928947 758290 881322 743135 859945 467303 363833 727857 930384 486680 836455 541733 595750 368713 984634 501636 543420 651086 866645 254982 697867 1019698
 313838 686802 994062 593624 694303 1110830 1025720 782754 841611 928565 861564 187839 431753 766504 825608 719669 549352 914373 726387 781955 1060632 499445 914628 972553 852658 360712 895712 850936 478006 1042549 665682 414720 142759 545463 328849 668118 894493 1026008 1 562521 767810 918592 111433 164742 576722 564616 943931 667867 317361 441563 703790 655538 754654 923816 566285 601655 650576 960877 838921 1061710 246611 1061359 1103686 954986 375066 591772 932464 456531 689819 652424 748643 448762 972697 918131 522920 917526 746430 1121285 570312 268027 152486 298737 216864 968847 769097 907741 595309 570177 193421 569975 733242 973582 458342 592845 1020911 839177 632751 1039154 783124 143670
 717935 706125 660170 403059 428505 919923 873844 366275 663437 999872 833158 659173 656554 402552 1047846 857871 652179 794711 508636 251852 952109 659616 654978 596443 439457 685710 915326 846500 94860 822773 241159 166967 422436 70096 238135 508614 841932 605720 562521 1 205293 844209 458868 591906 508523 771857 1109540 280550 338536 369336 866486 250349 558429 834186 459645 274655 482711 1117464 338664 833192 666562 885412 761965 690935 202175 248623 587592 770834 600631 487300 186134 766501 701376 431390 39603 558021 537016 910653 826057 364464 415151 281792 347724 809788 558073 921536 843158 167048 432859 494619 706817 756164 793710 115502 890894 826211 824463 744323 815794 633063
 907892 814900 624431 499551 480607 927103 901776 340710 705572 1097580 911977 858653 822576 403944 1185315 985337 791462 843849 562672 143531 990680 811753 660189 544336 393274 866489 1002851 932161 293932 826077 273050 364279 627445 235668 442099 588438 911372 522156 767810 205293 1 905463 663610 790831 622706 923416 1228759 318444 526089 521296 999727 292526 611303 890733 572407 357248 565450 1233734 237887 831391 860888 902107 709461 688669 402348 336777 556621 944018 688897 570016 19580 940569 693991 320997 244892 523235 588425 909879 984141 558811 619903 482924 552785 841187 604246 1006644 998391 276672 631921 609581 800780 767981 969241 217282 926183 910993 968159 719364 916440 834687
 717758 237269 425416 444015 426546 245074 147101 580247 205845 254085 79508 807130 521864 509577 486678 330493 380685 76274 343675 776951 143016 443190 303424 496756 562090 627966 151587 113186 792216 248019 636019 761598 844248 774579 796109 336192 36860 587206 918592 844209 905463 1 843473 776610 370861 448907 434516 589749 671934 542221 366101 618361 294342 24223 407240 571566 362318 427013 717986 268348 745505 196401 466235 306295 766863 597205 441682 593451 255033 357818 901470 598728 318351 699519 837088 466955 317190 274950 505292 706494 832503 763929 870735 136213 301473 145208 492456 678078 746473 382820 185375 229861 619271 737427 120839 107018 414220 366877 181954 831167
 327850 618861 889932 491514 589860 1023229 941786 672064 750055 879582 792231 224537 392282 657594 807540 677648 489511 832415 627076 672000 983559 448951 815878 865233 742543 346938 835885 785392 371226 950328 554277 305650 37948 437238 221845 572700 822164 916626 111433 458868 663610 843473 1 169323 487894 531252 915515 556973 210107 340474 666737 544257 658460 846499 471599 491446 553446 930831 727660 968778 260961 974878 1000038 856516 265979 480940 826799 447661 604385 555676 644699 440476 873802 806699 419381 810709 648592 1031370 550687 161233 43718 188108 125879 882788 671791 847200 574831 458866 97554 479673 659487 880428 456818 482837 939920 771756 599341 938949 721916 187658
 159677 540625 904708 507457 612205 983083 893374 733136 723690 768157 714485 68060 271514 702834 661387 557597 398933 780507 627818 774651 919583 343591 810826 896329 795823 196042 741092 700751 498308 923207 633215 426827 203406 556053 357336 561916 749904 960715 164742 591906 790831 776610 169323 1 460727 401006 779209 623979 274973 361633 540434 618957 647867 784190 462273 552794 548846 796215 814092 943500 91900 932337 1011369 849902 389852 549879 849690 293044 564652 549734 772935 285368 868418 882780 553889 839848 643663 997164 405654 234128 202773 310277 290685 840105 664529 753510 430629 551457 159129 456950 592099 856774 297090 590020 884754 690644 468883 937398 630291 60177
 464708 197683 456189 126599 202100 535442 454767 380312 265247 491604 338468 509670 285234 320131 565440 362977 185997 347762 179323 526372 504118 232163 351767 466362 414064 381552 411283 345215 440357 466144 357845 399036 483057 439121 426055 106923 357513 545939 576722 508523 622706 370861 487894 460727 1 328510 607321 318962 302355 171552 379336 337327 189052 369084 50428 265992 103691 613428 509723 485658 462976 486989 557983 390055 399645 285973 411808 408760 118502 102344 612923 409326 408777 540238 492770 410736 188554 544688 398288 340054 470804 393075 501617 394988 207028 418839 405344 355038 390592 13910 203997 397921 439169 418731 455475 326276 357766 478447 307667 520486
 290643 234021 739776 450972 529057 688835 590515 708807 494460 372548 372328 405534 139503 647855 285565 159652 142578 483482 488522 844283 584644 112436 614547 770949 740269 211021 366170 346723 684948 661701 674693 622214 549954 709249 603749 418573 414474 857497 564616 771857 923416 448907 531252 401006 328510 1 384287 640431 459026 404945 139491 654482 475271 464835 371756 578865 425796 399648 836372 683766 337767 637673 825340 643659 603371 593699 712171 147346 348628 423095 910751 153593 662224 868648 745131 718753 485906 713728 71459 462782 541963 553969 614126 555008 495167 379513 77093 646801 453250 337913 296855 611015 171029 707881 569249 344728 68400 730670 271289 441117
 646462 414348 854485 729234 766707 647393 563104 947550 609599 182346 374449 772666 523599 876831 140344 253728 463617 508342 695580 1122897 496448 478097 726556 918096 951274 583598 283286 340442 1031814 678307 959138 977108 933992 1041714 973020 648750 403543 1010155 943931 1109540 1228759 434516 915515 779209 607321 384287 1 916527 827614 743895 253409 938861 657725 458731 657737 871532 668623 21523 1087273 697055 705454 609558 900747 736312 964839 892700 859707 493021 548489 664306 1219631 500909 750001 1090888 1088975 879998 677957 683781 374839 838777 925777 925802 995688 569832 673250 289373 349762 961979 836384 620831 438481 664134 499739 1025664 526083 359154 316440 801319 322665 812434
 697519 502322 385896 192368 163252 641119 600716 115562 395131 779981 593616 689264 564310 125014 883801 679764 500426 531662 246075 207748 684165 534055 374783 332979 189190 634281 684470 613767 271175 543010 46277 289200 531167 220304 370585 270788 593979 366085 667867 280550 318444 589749 556973 623979 318962 640431 916527 1 355756 274746 697812 30607 295640 576269 270911 71892 248762 920324 201193 552936 668433 608631 492187 410406 320753 76132 313639 692017 371708 253232 312808 690380 420869 259161 289301 287029 272911 630670 707165 403765 519510 378250 493977 537627 290797 688203 717422 127055 484370 307181 483793 477490 720603 165052 621013 592586 675619 465622 600152 679992
 381909 468383 680123 283861 380135 829893 754462 468912 553545 754362 632180 342537 329980 449312 743943 575172 366582 649615 421515 500009 806471 352027 609991 655473 536857 347513 691945 632491 244205 751313 360406 173607 193300 290804 145576 372911 655963 709028 317361 338536 526089 671934 210107 274973 302355 459026 827614 355756 1 137147 574791 347415 456483 671152 275416 286891 351430 839315 540264 768775 336057 783485 790359 650769 147105 280003 616696 435678 420742 354181 509271 430835 667590 612178 304664 600743 444607 834868 503569 49335 180681 99099 199267 692896 468277 701601 523434 276520 128688 291576 495717 680646 457070 317625 757155 615826 519988 731440 579560 327573
 422806 355375 552962 152084 254297 692908 618613 376262 416431 649070 508772 423343 302523 341441 678511 490743 283140 515439 286646 458429 673659 292544 475461 536873 435367 361289 576691 513130 287976 614278 295535 235739 328216 304818 254659 235782 528985 599137 441563 369336 521296 542221 340474 361633 171552 404945 743895 274746 137147 1 497733 277605 319793 539757 139132 203295 214607 753031 474537 631873 396133 646776 662281 516135 230913 208592 493196 427164 288151 217242 507712 424529 533350 532100 345906 480782 308695 697722 463322 181534 315606 222176 334487 556574 332158 585205 478464 245412 248185 159401 372925 543677 454182 304346 622580 495026 455391 598589 467956 420572
 425764 213283 722011 505710 563215 611137 513127 747581 467126 237539 286641 544095 274858 680495 186107 35611 214650 417969 505198 905475 488015 224716 591602 767858 765887 349784 251691 253887 785186 602905 737180 727782 683387 800257 720324 444587 329348 858557 703790 866486 999727 366101 666737 540434 379336 139491 253409 697812 574791 497733 1 716663 478818 386393 428799 644662 459213 266500 883132 624616 476196 562294 793773 613674 713736 663404 707823 274930 353508 455488 988969 282240 630910 901696 843614 720694 494788 640695 160399 585369 674744 672692 742919 490482 497488 265003 140053 726718 584711 391764 263898 563822 291902 789888 485540 259521 72968 694724 186266 580333
 698990 524517 413889 211205 191886 671720 631095 134183 424968 805067 620557 685063 572975 153490 902767 699666 515891 561109 274818 190027 714170 546525 405282 358186 209794 638770 710607 639963 244719 573561 20519 267573 517060 191258 351177 295922 621881 386403 655538 250349 292526 618361 544257 618957 337327 654482 938861 30607 347415 277605 716663 1 324616 605233 288183 76515 273004 943128 197600 583405 667161 639209 519232 440741 300872 69940 341427 700164 396407 277554 285938 698200 451033 264768 260114 313939 301984 661189 720131 394389 505675 362341 475783 567916 320337 714629 731256 101351 475392 325014 508356 508096 728280 134865 651153 618834 691983 494952 624271 673890
 651638 265536 271118 179329 132817 379773 318692 294304 106478 502156 305617 698371 464737 222635 655025 451491 340549 237232 50112 485217 393683 400250 163036 295725 293794 566268 400580 330658 517422 295421 341915 499802 647875 490143 552256 86698 300704 383439 754654 558429 611303 294342 658460 647867 189052 475271 657725 295640 456483 319793 478818 324616 1 280643 188495 283777 105216 657678 434539 312405 651965 337662 369680 202106 513880 309817 236945 581224 127906 102805 607142 583007 220557 433212 555825 244511 22880 380661 546605 501239 635282 532024 650082 254252 19949 402335 547260 391391 563374 191225 222175 224524 611676 447848 332968 309539 483337 289725 335256 707884
 729736 247499 402000 436041 413363 225774 127199 563045 187870 278185 100148 816433 532872 492797 510136 350824 390613 53627 330442 760819 137091 454145 281109 474197 542808 639655 175800 135073 784410 224360 622541 755769 846191 764804 792748 327670 59094 564352 923816 834186 890733 24223 846499 784190 369084 464835 458731 576269 671152 539757 386393 605233 280643 1 403225 560629 353844 451174 700034 244879 755645 176045 442018 282889 762252 586422 419628 608266 251647 349429 887157 613354 294665 679607 828106 445424 303361 254321 522772 706928 834318 761850 870284 112153 286508 169404 510637 667615 749229 380563 192103 205731 634577 726222 104838 126879 432471 342692 201029 839445
 483073 247287 443775 79306 168172 554736 479485 338811 279140 540232 381009 515836 314760 282597 614883 413068 230256 376862 165669 477736 535750 270080 350078 444738 378251 404178 457514 390184 393879 478812 308692 356068 463073 390006 389592 101851 396923 519803 566285 459645 572407 407240 471599 462273 50428 371756 657737 270911 275416 139132 428799 288183 188495 403225 1 215983 86574 663781 464643 497179 474373 508080 549321 389925 359677 235640 393207 441235 152232 87575 562541 441079 408053 499732 444990 388281 181918 560784 440276 317253 450577 360533 473577 417560 203687 464535 448840 304802 375688 37185 249098 408829 471296 368480 483729 370655 404725 476116 356150 522443
 625905 457925 424439 142482 155199 650613 600126 182041 389024 744024 566094 617795 496535 170346 830694 628964 441194 520229 234038 265457 677460 470383 391640 382570 251098 563704 652944 582773 241178 556119 96207 242558 467399 206615 316984 238951 571433 425990 601655 274655 357248 571566 491446 552794 265992 578865 871532 71892 286891 203295 644662 76515 283777 560629 215983 1 214000 876659 271425 568463 596543 613760 533780 430160 269052 26050 354310 623822 336477 218653 348264 621923 443048 330917 273381 331838 262451 644255 644070 335521 455444 318067 436752 535882 283827 657908 655507 107615 415549 253136 447096 487474 652038 165944 616408 561915 617713 495296 561331 609202
 565428 255415 357877 82441 104665 481374 413326 288610 204628 532169 352227 602113 388885 223448 643531 437754 283797 319215 79306 454281 479273 334504 264334 363275 314502 483912 439229 368906 430612 399982 292803 405104 542660 412829 451644 26175 359239 442249 650576 482711 565450 362318 553446 548846 103691 425796 668623 248762 351430 214607 459213 273004 105216 353844 86574 214000 1 671952 424208 417345 559511 437098 462855 304501 415717 238644 309721 512273 123478 4654 558280 512928 322396 445293 474778 307391 95959 484281 496623 396025 530066 428901 546016 349584 118554 443994 501748 317878 458712 100158 235352 329241 542712 379134 422544 347990 447889 389956 351436 609015
