NAME : domp200p100v9
COMMENT : Cherkesly, Contardo & Gruson 2022
TYPE : DOMP
DIMENSION : 200
DISPLAY_DATA_TYPE : NO_DISPLAY
OPEN_FACILITIES : 100
COST_SECTION
 1 871714 465765 641150 468556 916943 427306 536989 295057 557944 855272 960469 607304 499043 680769 545747 530156 720994 1001590 321760 472189 872938 291020 728903 466711 485192 761123 905829 802848 362303 481368 907191 391616 884007 464102 227508 538953 398275 298146 374847 570268 904324 194081 805669 533815 336105 472234 795151 791363 898346 676328 577448 434415 506472 661504 784536 260772 824192 141913 546867 458251 225268 1053406 737902 365002 692296 596903 478282 227695 674693 537909 291589 312585 367442 418649 915421 373698 304929 1046567 597634 514981 701326 476029 570287 960986 801252 365017 439854 588870 133593 926403 459854 616933 310300 452972 857432 630327 323821 832281 822742 971171 602346 673602 434622 454769 796108 194251 322680 1013284 493507 802134 817292 332987 547765 267677 855138 890205 1006641 585601 332804 760912 387203 572344 641642 691639 169299 73765 440214 425173 944319 711450 880455 484490 888968 596270 161219 355334 736621 1044781 89892 435558 977888 466441 847571 142381 215282 460365 805125 549108 923734 940411 522466 566582 449467 279679 371938 917567 693372 618795 613438 674615 669992 942351 107147 489964 482635 772361 285672 287664 150727 204553 1049728 786566 445268 738825 246087 602437 262496 297828 404778 224261 287681 631591 853036 279904 665220 711068 387762 348363 203679 510366 597438 520422 880721 220946 263995 789772 759850 291166 664650
 871714 1 600769 843331 1075705 258411 849558 1090870 803025 417628 116506 100529 267097 1073894 411297 497515 401906 908517 150167 754565 546092 391617 709013 565404 527761 737644 126347 545901 690774 510638 570954 808318 788247 127041 1090768 772779 1040822 1029179 680075 700710 303529 65749 763450 454722 583696 713341 536512 407247 644226 621423 920067 586429 458577 548387 851951 730131 797612 593666 797343 341055 769831 938757 189201 164622 776524 197090 1001425 853673 723885 706112 433304 602937 561446 536839 505175 334226 534736 1011654 822406 977595 705205 792894 624837 417049 345300 657693 780260 574019 954858 765029 71278 430841 498618 561681 635189 405198 275393 639171 230738 345456 806592 634546 255410 759926 807365 726981 765760 550991 147230 786456 324785 116714 595750 351034 828900 625913 848502 710187 597255 762486 112077 645223 324328 283359 883104 705327 798195 443778 472034 804710 739954 489306 394970 433457 340203 897366 534396 220667 695981 850830 1088271 733345 697209 144916 849844 661910 417524 520172 1095709 170387 249970 1014828 759307 444727 601606 958441 67402 777194 488115 267860 211583 555846 763376 908923 1125317 1003300 463760 989452 602335 777591 673237 693817 87389 883436 280515 725570 939984 679709 821984 493666 882100 600003 245079 71068 750227 823321 862407 527786 703172 733840 785822 617198 794999 619589 895248 657931 888042 739245 905209 207137
 465765 600769 1 892456 886646 769999 746886 940734 621946 544091 529466 657009 371631 907321 665634 600122 206280 980189 750849 186957 57118 810052 180382 799864 544370 720181 542800 915803 922394 280871 30338 1053016 683313 676314 889338 545870 920734 818138 520004 118988 349739 657574 276640 794841 654553 149961 558511 759842 889326 950666 955957 693356 406503 602923 910963 930778 252392 884966 498599 428723 720612 656379 740440 545224 655597 407068 942083 785027 238632 840606 167688 223540 276310 185662 457206 809453 177914 744564 1148676 931208 721924 906991 634872 185371 845934 903534 191579 47976 914174 449956 670870 233441 667419 296376 622783 806105 494146 145297 690064 746638 1093358 744397 539287 696684 741304 937031 511121 277177 708494 756597 718191 610208 459893 449589 620133 923752 1062165 1066888 707230 187959 498866 80480 292073 317431 947577 332531 417033 385509 205993 1075219 885425 868145 383375 844096 516363 590276 390812 590108 1083352 393437 867898 1060518 678980 509417 545699 373658 370396 830985 951142 727474 781340 897708 793289 412027 256215 767609 665069 893051 661818 444961 395933 748684 1053021 559289 920638 865114 774427 721777 395016 316559 379398 1085281 518366 778671 633995 516875 915984 482183 637214 198782 624433 389366 442604 620448 569175 898363 950101 165660 135984 262225 768386 729609 781026 937824 630025 455108 1015838 918660 684121 438182
 641150 843331 892456 1 387091 697099 223327 349155 346205 445476 910353 941054 704895 358563 435909 359681 785376 87903 890707 863667 856390 559225 802295 315085 371960 174064 723465 475142 268705 615041 885499 308180 249697 763349 410259 417447 286293 395485 387204 877060 685151 827636 747746 457716 273940 849579 357723 488808 294153 413589 76964 259122 513070 323028 20422 221995 835139 362457 502810 573651 186563 473480 1016751 682822 277185 782356 198906 173290 747821 155310 829610 678263 616702 707403 450299 639908 715504 467008 464855 171259 172275 95586 264979 852866 677420 292380 916511 845449 152044 531754 852215 701193 344716 596540 272288 535995 591635 775166 650481 555986 382987 208795 593887 211711 186570 235644 455455 615322 977154 149345 559150 731152 432850 550527 376199 366943 271203 477182 247146 878367 779254 848829 747797 810859 55316 620117 609096 538645 706123 352645 148490 492440 569570 541968 522529 504920 503756 622926 531112 711799 433179 429942 213510 923430 501997 544922 566646 404769 345987 768579 726458 269220 100555 515268 644662 347946 842964 101573 355221 629148 768880 297355 371874 565150 433136 290080 428163 461918 500855 713852 544695 538383 798035 221279 568396 416186 126498 430739 345295 704031 436379 506331 654863 781695 368820 38211 70279 729238 854016 730143 133401 226271 122056 396873 446658 452003 149519 191536 385113 704786
 468556 1075705 886646 387091 1 1001722 233776 76304 286453 661818 1108198 1175967 860722 39719 721215 591946 867576 421440 1162929 779800 873155 890107 735457 659290 548419 363759 949420 840528 649971 667362 892892 692725 288504 1031114 23282 348320 116197 70590 413670 821688 828918 1080817 647707 792548 517277 784852 540649 809949 667227 790436 364809 536614 637187 537028 400174 606751 725425 729873 388719 744166 322756 243609 1263597 912606 299260 951615 215333 251013 669717 518765 896687 668281 639175 730337 578896 962354 738822 168578 849728 235664 406699 481988 461394 927387 1005467 668709 827480 848483 245514 437130 1106026 778771 623724 623295 446219 867889 800380 743120 935145 867690 768082 515291 823818 324529 285344 620568 378284 644198 1221691 323112 861060 980616 501022 729080 274369 742325 649707 863212 533004 792469 983881 817821 868383 942263 407896 554937 484469 659299 762385 737685 528476 845234 706651 883935 736469 310094 579915 873460 916208 558285 54114 816816 393208 1112093 346343 520089 690838 754538 88739 1051628 1030808 122407 392356 647919 639136 124367 1096315 485406 632270 816025 934513 618781 758870 361834 51521 97351 758083 184217 530903 603748 512229 923311 1007779 205247 838656 388003 271859 433303 267591 749578 262975 535883 841888 1028870 344583 425128 442935 755058 794854 645775 333004 525158 330776 772712 259135 461729 511285 576004 203189 890189
 916943 258411 769999 697099 1001722 1 767969 999010 764008 367862 373663 317888 398373 990591 280511 416030 564397 744859 213470 888303 712884 155800 831565 385783 479181 639389 234723 306442 488661 589549 743069 588627 718782 131376 1020542 759757 941425 969509 660874 847949 422639 201442 859796 247532 484509 849960 481177 209272 443310 388855 769630 467611 484047 470885 700363 535589 915122 380397 809790 382195 679239 921060 360017 225031 716505 382214 881018 756625 826602 544453 608644 698843 637825 651452 501167 80202 652716 978131 577627 854458 598416 626157 542844 603525 87809 454328 925070 732618 831975 790896 215998 553565 378287 629835 560926 176139 297816 764027 86085 141120 573348 500366 250336 677662 717085 528951 766088 627574 329675 683988 141338 172722 593392 374592 796964 405067 636398 462846 473487 899235 298778 793160 478517 473187 725297 768246 844895 482583 593138 576665 567612 253766 446302 192697 320724 896249 562021 188628 442631 921392 1026372 492623 608639 401110 855030 702775 470108 311828 1001065 96356 29532 916984 633330 469170 685196 898700 210779 611991 369521 334696 386924 401019 532096 924463 1053203 915619 271405 958833 629299 860919 713061 439813 292307 797372 179167 715566 811928 677054 780951 611698 862118 629284 330462 192774 722368 668885 697566 651875 842909 829288 677938 486397 683908 391388 876464 664034 704327 552378 865937 332525
 427306 849558 746886 223327 233776 767969 1 241409 137203 432686 890221 950077 650827 225610 487458 359444 684920 296175 931174 683427 721212 658890 627014 435040 322498 132203 723290 620774 448996 490818 746285 521030 67782 799298 252725 216763 195457 208098 229209 708608 622095 851142 558138 563030 283501 676523 313116 577984 457134 579977 249234 304094 430144 304988 242795 413777 644790 513736 296096 527044 89871 250440 1035983 685346 92285 739449 195210 51497 566299 311424 721330 523656 475813 570761 367265 729647 579372 254188 674282 185458 176323 302334 228609 749498 773197 461388 735586 703018 170687 333279 876407 595433 390125 456919 215098 637016 575506 613917 701675 634479 593254 288010 595415 91183 54782 427320 256342 477845 994268 99876 627401 750805 306374 509438 159699 531715 490806 666318 301462 697725 762758 690284 670598 742239 268736 438094 405844 454482 587915 563606 333228 619880 498241 654958 509356 283051 387913 642621 715570 504665 261319 625194 159449 896620 285380 375724 486141 529695 246741 818552 797040 169333 180870 438543 490691 142999 866708 299632 398576 596435 723125 389978 574713 344111 285239 153744 528059 245074 356853 519603 371943 722135 785754 35367 605650 232717 178797 264742 130213 579640 213989 362470 622795 799765 179801 254278 293151 594939 683372 545601 114523 295851 118090 561724 223706 292250 372248 384076 162274 672432
 536989 1090870 940734 349155 76304 999010 241409 1 325915 673677 1130796 1191396 888409 38697 719768 598333 908113 370004 1169690 842736 923873 878985 795748 641446 563878 360774 964635 816876 617232 708956 945197 647182 305165 1037913 93167 396164 62895 140787 448870 881604 858278 1091428 710843 779285 518115 845513 554509 800832 639091 760886 314318 531400 665675 544695 359304 571149 790734 704692 446724 766967 323587 311883 1276960 926555 322140 978085 159122 242691 730463 492301 940058 719581 684838 777934 604555 954333 786519 242556 803488 183802 400648 444660 467898 969965 996080 638969 891510 900865 198823 494255 1116701 818619 621352 667858 455902 856264 816910 798920 936939 861813 722556 502872 836429 331182 285414 584794 429657 688976 1235309 315053 857690 991111 534029 750025 321366 713431 600705 825680 525853 855783 1003877 874521 902474 975488 361047 611565 547397 689056 805380 692301 495876 826566 734723 869273 750679 376562 614896 882414 880035 626201 128194 777359 396475 1136538 408722 569580 720816 736153 12565 1054901 1028397 83435 373157 675202 689118 173612 1107016 450296 630578 837129 961443 606336 716995 431256 96802 87826 745844 256244 571859 667390 562637 887353 1027006 207485 842679 431358 225548 474153 308327 794033 323064 577120 863403 1040363 383515 387254 397352 802668 854937 706923 321422 514850 316396 743682 321458 502945 459893 540660 258406 912762
 295057 803025 621946 346205 286453 764008 137203 325915 1 402259 826979 902256 576525 297039 490490 349115 582861 426225 902762 547890 601061 678127 492930 483925 286974 199388 677825 670950 530999 383228 623990 623007 97421 772521 296869 80261 299366 229663 127748 575918 543869 814924 421403 591772 298269 542731 283334 595833 528326 645588 383106 334082 353609 295665 366529 505084 507824 573785 159530 465024 166371 164149 992142 643365 73584 667915 326021 186103 431015 395754 614163 398674 359416 453216 298867 739159 461836 214471 769488 319945 236646 410606 233779 644171 784656 535789 599752 579980 306857 196177 839774 493597 402414 342123 211526 658323 528817 484530 688622 642027 690973 340873 558227 144853 159721 517668 119613 363264 950133 199770 629089 716110 215517 452394 37084 598902 600923 744486 337418 562059 705848 561011 581948 655883 396631 303763 268934 374676 479488 662694 427749 658607 422894 682728 470010 168371 293521 613531 788769 368911 288442 709309 193893 829367 156513 248290 405929 572746 335065 799639 791721 275881 276839 365252 366904 162386 830116 404109 408262 538080 650563 429485 666408 224129 331542 244856 556260 194826 246149 382488 242845 794617 730463 162717 589747 106122 315987 148323 19235 468176 108617 251349 563226 762108 58209 371301 416248 477888 550210 409764 216830 341596 226257 627278 122619 177090 495153 477968 103282 610036
 557944 417628 544091 445476 661818 367862 432686 673677 402259 1 469106 518122 264253 657843 132253 85816 379450 521958 502544 599816 493596 317322 535929 257324 115568 321035 291796 382860 385642 283618 526309 518187 373327 371323 678092 392148 623195 619956 293287 580123 250983 419023 535846 266258 172832 568638 121472 244236 348598 407987 521909 189330 149980 131425 457843 403196 606964 340939 443252 136655 352236 554915 603315 253063 364551 337171 586701 436169 511065 335274 429188 390900 319600 373242 139852 357913 378417 616510 604712 563927 291514 417900 207346 444429 403694 363198 646486 497219 541411 427852 444248 314073 128714 304970 217778 303942 148322 478989 288289 264865 551878 244322 162755 342525 389738 406770 398442 311333 561637 370023 244428 318799 227504 111855 433218 379674 536461 524666 202909 613265 338343 533143 320624 374209 492586 424700 488467 163791 338126 535769 377870 343321 161705 338324 79066 528399 213311 212493 545640 575048 678569 516468 279755 480092 487384 349671 173836 290484 678296 397394 394147 597204 352294 139173 366827 548598 434538 402000 121166 183817 324210 211074 510532 557512 712255 586310 239150 596124 273388 526267 358784 548394 359320 466193 189640 347712 528652 309697 420193 347355 496030 274667 209396 367270 356728 433382 479793 385531 566155 506841 370600 226333 380507 394448 510248 298403 525405 398145 505430 259345
 855272 116506 529466 910353 1108198 373663 890221 1130796 826979 469106 1 128833 254866 1110435 491114 553837 346727 981232 246224 697585 478486 499826 659335 652103 569095 788512 192657 652342 781977 494539 499134 904428 825657 242523 1121373 786351 1084805 1056335 700184 638196 290884 180628 725390 553683 641349 656097 579958 505829 735938 724525 987288 651231 473674 599775 920909 817850 747781 690641 798517 364226 816551 949441 211707 232497 810351 164459 1054923 900637 683956 782288 366998 571891 543008 499664 529414 447687 495832 1027707 928777 1032647 760575 868945 673796 344487 461020 749979 716807 509918 1010224 761145 178799 397605 568744 547420 680575 511427 320788 590977 337164 448896 908128 702921 317299 803568 852814 816040 773591 533145 179125 837479 425499 216865 612857 380809 848939 724855 941191 818267 663366 703708 131159 584220 284537 223337 953929 686090 783310 454068 435974 904161 819262 595348 404932 541995 390173 901667 541888 302113 806942 822840 1115300 838485 745659 28928 852645 655345 424014 617364 1136748 286889 366305 1058620 820453 461735 577030 987119 178346 852992 558322 293792 182421 634678 864483 905310 1156166 1043002 558239 1004699 605592 745576 666623 805129 113326 925088 367983 739619 997756 692479 846204 457629 895292 602309 267432 181788 771189 893985 936383 485918 644597 697254 839042 685021 849245 721179 907545 667794 969035 823959 926285 218166
 960469 100529 657009 941054 1175967 317888 950077 1191396 902256 518122 128833 1 353166 1174352 506935 597646 468753 1004503 136024 821785 605105 465273 780836 656777 628200 837925 226814 619925 778659 598204 626710 891871 888666 195655 1190902 870197 1141312 1128974 778537 763924 390203 121690 842060 538536 683547 780288 637016 492081 732039 699118 1017613 685205 555350 648781 949163 820012 869562 677805 891805 438714 870297 1035819 93003 265074 876741 271692 1101308 954105 801381 801447 492809 684511 648376 615015 603871 397795 611995 1109860 894320 1077315 805134 888005 725283 471699 398748 745024 842935 635742 1054556 857919 102446 510232 596572 650246 735713 481587 375587 711672 311837 426596 884848 732423 355765 860452 907858 816069 861887 638102 53489 886694 409225 210250 693471 449899 927583 708012 934599 780096 695744 828488 201298 709388 399070 345576 979728 792533 887376 539341 550357 885187 833964 564612 490102 505762 440723 992855 629733 318254 760408 934644 1188084 807573 797640 153196 944857 753634 511913 604793 1196236 221715 301465 1115326 858378 541836 686148 1058348 109045 872442 586098 365297 288538 650852 842346 1002198 1225482 1103820 551140 1087489 696823 859313 764984 757462 175581 983963 374742 822995 1039371 776765 921271 572156 979612 694218 341400 160034 848948 920115 958073 603406 769184 813137 885883 715256 894954 699031 992595 754281 980859 830746 1004138 299522
 607304 267097 371631 704895 860722 398373 650827 888409 576525 264253 254866 353166 1 865623 344332 347867 166572 784192 407611 500490 314519 450303 449548 503820 339484 562323 176358 574859 637307 245056 344897 769030 584302 311681 872732 532391 846275 806179 448937 453947 37049 309249 497648 455814 431148 460357 352441 413864 595717 625757 780228 452955 223544 382256 718557 661271 537155 570987 543925 131268 584657 694751 446109 173824 566287 91702 826851 667397 458904 599393 213064 336182 295392 272557 283925 440302 271378 773749 833265 806816 541387 682084 449000 213800 475173 610577 532591 334839 785140 507450 328277 166912 388148 297115 450948 450197 144461 379802 319092 386834 792288 508248 180178 568579 618781 663270 518811 285059 406041 610241 357961 243193 361159 154556 596668 609607 793431 737030 466757 510035 155070 398420 81485 111226 754063 439551 534248 201856 208506 780500 641599 521867 154093 487888 197862 646870 287643 221731 743509 583788 864850 741498 517657 253906 597932 402130 170819 505336 895222 361173 410235 820159 607992 213283 334589 738093 320404 666206 379038 91119 74104 467562 749004 651818 907511 801111 443981 750613 350728 510619 413462 744169 180318 686140 274115 485939 776071 438673 595747 229612 641005 347448 76989 263299 519746 695558 743036 266418 451811 467753 614584 490336 625895 616410 653095 413459 789621 659136 674062 68548
 499043 1073894 907321 358563 39719 990591 225610 38697 297039 657843 1110435 1174352 865623 1 710438 584967 879898 387745 1156738 806347 891686 874726 760164 640404 546157 351206 947551 819159 624289 680152 912433 661714 285803 1024864 60104 364411 79006 102139 422199 846172 834736 1076592 674348 776030 507260 809829 537508 795467 643611 766337 331300 523599 642297 530594 370495 579761 753647 707681 411593 746231 311884 273817 1260921 910032 300123 955902 179125 234884 694706 495618 910720 687056 654407 746840 582314 948552 755393 203881 818564 201006 392830 454014 454133 940961 991026 644378 854811 868053 212742 459475 1101850 790620 612322 637836 440578 852243 799085 764838 926245 854866 737146 498689 820449 316694 273783 593526 396725 658892 1219132 307779 849480 976264 508486 730105 289639 718467 617287 835679 519020 819285 984620 840163 876935 950367 375883 577075 510874 665161 776103 706780 502635 826194 711617 866838 733853 338956 588676 868210 889299 588402 93589 788427 383994 1115350 372217 537568 696866 735532 51231 1043570 1019849 89770 372101 652363 657054 139798 1092147 458380 621226 817232 939045 602402 729419 393062 74900 75478 742018 217599 543131 630729 530280 896499 1008115 193798 830810 401389 239432 445272 278859 764170 287048 548289 843345 1025078 355113 396763 411509 771586 819442 671029 316025 509606 312442 748827 284813 473985 477780 549073 223590 892269
 680769 411297 665634 435909 721215 280511 487458 719768 490490 132253 491114 506935 344332 710438 1 142450 486407 497584 456985 731052 612832 193104 667476 164081 216673 359376 298703 252450 297633 414372 645665 427225 439154 327902 740047 496710 663186 689692 399493 709059 343292 391852 667860 134150 204015 699078 214457 114525 253843 286759 511893 189335 281880 194826 442984 328632 739191 227181 558024 239452 398830 651581 580891 258618 438409 394401 608222 477104 643318 294824 536858 522700 451673 501420 268083 248670 506046 702902 491253 582513 319278 381598 263404 547181 294214 268603 777025 619842 559759 548386 416347 432529 98448 437209 282583 176699 201130 609263 218587 151538 447957 229162 180177 397218 436757 328142 509584 443266 541497 404826 140455 296693 347783 216863 525036 266071 456617 401977 196930 744344 363740 660565 415550 454336 472927 554802 613476 293961 461113 436522 329275 211119 283280 208763 152488 634247 344383 191392 418126 703518 746219 400305 328145 508778 597434 477670 299565 165951 722240 337425 309606 638357 360357 270412 499025 619158 407132 365902 89237 253368 386175 144674 404713 669952 772693 635652 109162 684601 401269 657350 486188 420356 378003 517006 132634 456023 541713 423943 506473 472533 593014 403085 272288 346984 454107 413474 451255 511918 696085 638970 399760 213149 406542 275442 607494 417411 478439 333063 590573 313814
 545747 497515 600122 359681 591946 416030 359444 598333 349115 85816 553837 597646 347867 584967 142450 1 451060 436755 571780 633579 553062 334261 568624 205718 79397 240524 372924 363551 322328 325695 585230 453054 304933 439911 609498 354604 545560 555225 258132 622335 331827 493565 553983 259982 87514 606211 73846 253247 291014 370988 436093 105364 193730 55234 372189 332503 631635 298669 418438 217766 274867 509339 680515 333181 300812 422797 504137 357728 534859 254677 499567 424127 351913 420617 153381 390628 426938 562565 554568 480724 208003 334964 130839 517593 436351 304803 682928 552364 458077 412344 518829 377798 75095 334348 146210 316347 233278 518322 344299 293582 494539 160851 242316 268286 312963 337851 368879 345451 639227 289135 279975 393397 215168 193587 383165 335353 465373 486560 119396 647683 422811 579546 399233 456593 407114 432923 481284 214932 395725 475419 298454 334850 228798 345337 163833 492062 232481 284242 515252 576023 612894 470610 201899 565413 456071 351985 234348 263982 602203 459797 444249 519833 266807 188386 395789 484043 509171 319214 74419 269503 409600 150147 455440 529054 643044 511822 226666 543723 277303 537732 359207 519069 443120 391564 246863 314801 444440 285252 365569 401341 450694 280214 295183 443154 311663 348122 395183 436452 605556 526848 288322 143168 297651 355233 465167 281857 443604 323677 450254 345160
 530156 401906 206280 785376 867576 564397 684920 908113 582861 379450 346727 468753 166572 879898 486407 451060 1 870281 550851 353585 149308 613024 312658 635248 414982 623966 336599 729413 765057 200268 178728 897625 617284 470540 875563 520754 875430 805221 459938 298872 149415 455412 381502 608661 521994 312165 429514 569862 727204 772953 856415 553782 272327 469323 801701 781592 401214 712374 505317 247886 636075 667081 557400 339407 593654 205139 874881 712562 339448 704476 50452 238635 234486 162831 335468 606605 157027 752994 977197 858800 613862 780583 520426 67536 641745 741920 378433 173393 838886 460537 470400 89664 508053 247208 514976 611185 298806 244312 485664 549369 929240 608528 340984 615426 664746 785728 496103 227370 521815 667766 520580 404036 378547 271829 593452 751438 914906 887198 568074 360963 295700 243325 85923 123528 838422 363495 462813 246822 108883 914341 748803 678671 222329 649150 333919 608902 297073 387542 898273 485284 861270 886621 579309 332220 559466 357939 220149 651913 916738 521502 575224 850183 684991 270981 253186 743315 463961 765376 500610 246666 192240 590502 887052 598055 909504 824295 592369 729282 336853 405729 368025 899507 316796 719692 436142 479576 834856 434691 601119 126898 621075 331780 240416 415927 524846 783369 833823 144286 301586 354626 675970 591739 688296 761848 630704 406060 890465 774465 667927 232102
 720994 908517 980189 87903 421440 744859 296175 370004 426225 521958 981232 1004503 784192 387745 497584 436755 870281 1 945600 950723 943759 599409 889628 359107 455710 261847 791752 496211 280387 702349 973016 279465 331592 821342 444614 500163 309794 442878 474359 964775 766019 888345 833670 499361 353547 937082 441293 535655 316222 424667 56657 332929 598018 404407 69317 229023 921111 386376 584668 653292 271925 541994 1076704 751067 359934 859004 210902 244688 834617 203551 915117 766154 704538 795030 535931 681860 803103 524885 434418 186902 259095 118761 350586 937813 716066 310395 1003565 933120 176052 615623 912427 786955 412545 684374 359106 576379 665533 863011 705840 604504 354321 279100 663936 297227 267141 240853 538774 703093 1038056 234296 611191 794273 520696 629642 453963 381914 230830 467776 319810 965406 850592 936725 830160 891591 32621 706600 692246 623464 792820 324384 177453 522439 652681 576956 597191 579117 591068 687945 523853 794185 472002 416724 301336 995673 580209 632164 650830 440216 364030 822141 773749 299091 187305 599576 732548 405509 903416 133396 422998 705649 846167 354032 353279 640281 462192 328742 473456 522873 588751 799040 631713 531475 868219 286715 629873 501530 150182 517713 423400 791113 509934 594230 730894 844512 452961 88645 47308 816747 941634 816620 219190 297160 207242 409933 519111 539414 90055 202896 453948 780250
 1001590 150167 750849 890707 1162929 213470 931174 1169690 902762 502544 246224 136024 407611 1156738 456985 571780 550851 945600 1 902331 695996 369074 855021 588213 617839 809698 240518 519301 699048 645108 721073 801963 874681 131877 1179817 882288 1115536 1122482 785798 849708 442529 98508 905091 456256 652196 861285 623951 413700 653070 602210 965555 645043 575075 626237 896179 744468 943302 592301 916232 457656 846118 1048350 148680 265804 867000 345713 1064837 927859 866514 742575 583303 742998 696175 680012 612504 291991 678529 1115743 787042 1039333 772451 827066 702606 567208 282368 664754 929267 723520 1016555 887954 80488 574066 553797 694201 716775 388747 379397 785095 240280 344583 786241 685973 344925 840046 884312 738656 880049 685595 125103 857106 334704 188121 706132 461781 931821 618152 849133 671615 653524 910632 256425 794097 471244 433419 923739 838478 927825 564329 615602 790046 769949 467212 517819 406027 432923 1012624 653886 290054 646244 987289 1181034 704145 773313 274414 966831 788142 541669 521997 1173186 123989 189938 1090127 817265 560361 738770 1051113 87494 812208 543797 388366 359172 593785 745301 1029977 1213738 1083508 475828 1094510 723115 916517 799318 642561 234139 963305 327824 835527 998697 791629 921136 636945 990277 721500 370182 148559 853713 865543 898389 672612 851431 875072 853709 670127 861349 604855 1004015 772615 911310 759264 1006019 342236
 321760 754565 186957 863667 779800 888303 683427 842736 547890 599816 697585 821785 500490 806347 731052 633579 353585 950723 902331 1 224344 900028 65050 839266 562939 690336 676820 982675 947767 316751 213985 1071883 628030 812096 778242 467633 833999 709303 476464 68614 469990 805461 132094 865078 665987 41505 575129 837708 921930 1002774 917089 709420 449971 619800 883561 945945 69689 931697 398669 514955 679638 537941 909185 670195 598878 557480 873538 728736 117195 844600 331221 209865 282137 237729 480250 914789 235819 622725 1186812 867780 703514 897517 629544 356932 955568 934973 52845 190052 854070 354075 821875 335982 707498 299242 612028 891735 594264 124833 803820 838958 1122490 753205 642109 654383 691487 954504 428489 289428 874590 717274 812153 743340 445329 529903 535460 968825 1070839 1119144 721918 14743 645967 114823 431126 476232 918579 245906 295500 437188 295482 1100512 887967 941689 455794 928736 596050 470546 401702 700664 1144106 236241 752106 1104130 655525 680446 434130 318884 435444 888917 854227 861087 904133 813785 770674 460760 237983 670479 814974 885518 704442 553619 543300 782591 1085658 426317 806385 776913 838951 601842 373235 176177 319011 1147201 668380 710600 731528 453241 861187 433011 559170 276605 519714 368497 559208 762566 505200 877324 928270 236580 53475 138230 731742 741482 743922 987725 521545 412096 1001232 928435 585481 568955
 472189 546092 57118 856390 873155 712884 721212 923873 601061 493596 478486 605105 314519 891686 612832 553062 149308 943759 695996 224344 1 754155 202180 750354 501009 685825 485899 861989 874750 241430 32837 1006061 656108 619637 877302 527713 900413 805916 492411 160686 292929 602054 291968 740937 611365 183914 515368 705175 840560 898668 921977 648848 360380 559155 874442 884977 283907 833949 488438 374722 689098 649413 690028 488108 629173 351349 916173 756950 250850 797503 112937 204876 245688 151023 414406 752626 142527 737728 1098243 903920 684758 866371 595610 134324 788939 854909 238461 35446 886077 439958 615831 180390 618574 265076 584946 750578 438202 149240 633033 690663 1044497 700960 482982 665796 711911 890768 495143 244619 657094 724274 662141 553328 426112 396202 602509 872857 1017088 1014596 662884 228297 442958 109649 235016 262854 911218 325213 416734 338159 157347 1027059 842360 813682 332096 788589 462522 584837 352694 533264 1029941 407378 857700 1009463 643503 459601 538283 354293 320719 778540 933854 670709 724244 876689 756475 364691 234758 751958 609850 852086 612572 388534 339783 700389 1003694 559320 909487 845684 721296 714500 365301 327649 361407 1031727 462895 753982 577845 495050 886422 457123 617279 154042 613202 359633 385727 564210 546288 860417 912032 127744 170955 272434 735260 685657 747899 886174 619976 429119 975792 873960 669975 381092
 872938 391617 810052 559225 890107 155800 658890 878985 678127 317322 499826 465273 450303 874726 193104 334261 613024 599409 369074 900028 754155 1 838506 244141 409761 526957 325875 154855 335026 585685 786311 432892 618164 270266 910372 688830 819011 865714 592197 870072 463668 344427 849075 101537 382501 865093 407203 82334 290606 234525 628644 355130 460351 384053 560205 383306 915422 225558 751127 386761 569022 840905 514488 298452 621186 464612 750383 640036 821336 404157 661786 696539 628172 663924 456904 82931 667152 887706 430894 723140 483498 481582 445965 664101 118307 300805 942685 767512 701210 741008 362965 579441 275910 615880 467172 23230 315954 775735 162697 63656 420007 376236 272054 572012 605414 375850 702549 618894 482413 567314 92469 283318 540104 370271 713570 249276 480691 318732 357468 912498 398372 818135 531019 546573 582252 741658 804742 467234 614296 421918 422174 99442 444235 42202 304032 826214 529997 231982 308559 892367 920183 342653 503245 524774 790183 666926 464945 160078 879729 248505 181766 795777 506739 447065 676326 796730 356262 468316 269867 366552 463657 272652 378006 862894 941491 799248 133274 870494 590569 842138 675916 307385 400567 684995 176883 648807 679323 617039 693190 629400 782765 591948 373727 320843 644896 528248 552399 670114 860356 819395 558721 365183 562831 236053 797246 610122 553154 402104 775849 395855
 291020 709013 180382 802295 735457 831565 627014 795748 492930 535929 659335 780836 449548 760164 667476 568624 312658 889628 855021 65050 202180 838506 1 774292 497894 628581 625197 918745 882780 253658 201464 1007104 569770 760051 735383 412938 783721 665355 415319 86320 417357 757335 97723 801585 601137 49998 510101 774970 856881 938049 857212 644493 385974 554794 822065 881221 88763 866841 349228 454967 619313 496616 870004 616227 540709 512574 818947 671143 65935 780284 298044 145306 217459 180270 415273 855493 179672 583310 1121764 812084 640579 834211 565383 326809 896897 869926 116314 166795 797662 302655 774802 283018 642627 234328 548179 829705 535756 69927 746511 777925 1057489 688547 583696 594140 632594 889707 374443 224988 834064 656862 751441 690968 381086 468931 483022 903909 1006495 1054360 657034 79424 598791 99904 384703 436177 857358 189179 252525 373926 241633 1035573 823788 878334 394569 866505 534493 429203 336665 643292 1079663 213922 710881 1039141 592933 644102 389201 257501 373566 824556 806947 808180 848322 762684 708352 397067 172950 622491 767527 822034 639651 497129 497474 717563 1020617 390576 764781 726820 775072 561532 309021 140297 258527 1082815 622053 655281 671691 395217 803791 372290 505238 221435 473171 304192 504356 712752 447734 815086 866222 183156 59424 90290 671008 676700 683294 922933 476326 350302 938556 863919 537450 517533
 728903 565404 799864 315085 659290 385783 435040 641446 483925 257324 652103 656777 503820 640404 164081 205718 635248 359107 588213 839266 750354 244141 774292 1 278982 304317 459484 187762 133941 530101 782974 265215 406656 467368 680639 515861 580227 642922 431024 827452 498725 537327 756766 142638 195236 811856 268569 176549 92253 169954 385172 152750 396284 227021 316382 165748 836043 95789 592345 388181 347178 647265 723358 420171 416866 558120 507487 408465 739354 160140 685350 629842 557616 623965 359020 325114 629905 679643 349777 480066 260030 240380 256120 698937 362364 107085 888638 752561 458420 596166 560476 571301 133127 540053 279651 220912 363113 723738 350117 245466 294560 147610 344252 356097 380281 164372 539738 551071 686121 337660 253579 448836 410943 363761 520971 130323 292552 282790 147092 853387 526543 783609 570613 614769 339810 632710 670351 415168 593996 279120 182118 185948 418948 228794 306758 646947 437874 350130 316430 769603 694115 264893 292394 670882 620029 550309 429724 95249 641279 464344 414744 558012 268507 388899 601404 577331 551879 226250 138095 413827 549428 59255 253345 693923 710048 565290 114442 665428 478203 737891 556356 321118 539606 456774 285636 485278 435928 467133 495530 601763 592493 481664 434340 497588 465244 284527 311805 638488 811051 730381 326511 143109 328559 152849 606544 470756 324604 173998 571528 477347
 466711 527761 544370 371960 548419 479181 322498 563878 286974 115568 569095 628200 339484 546157 216673 79397 414982 455710 617839 562939 501009 409761 497894 278982 1 222958 401414 442681 385547 264481 532259 512587 260498 486798 564119 282027 516026 504934 183710 556313 316086 532957 477846 338983 110360 537668 14587 329951 359054 447035 445112 149646 143642 58700 387561 388185 557248 373774 341382 209876 247781 441880 715227 364218 249935 423727 488546 331707 460649 296521 460790 355165 283825 360605 87242 461287 367654 501381 624016 467815 203242 367315 109790 482505 507255 372036 613331 496395 445956 333469 558098 333836 153216 265123 112179 392823 253071 451528 402031 365066 559979 200085 275603 234538 283734 395423 293054 278539 673350 271205 348588 433039 135824 189745 318566 409304 518275 561573 163241 577276 440627 516579 376271 441372 424111 354965 401904 168584 344917 538815 341377 414163 197705 423037 188051 419450 161767 327858 592292 496810 563691 542729 178558 576905 381235 273405 195149 342784 569189 512736 506319 489863 272409 144013 325130 433635 548389 352533 153553 275714 408454 220844 522739 453420 598471 476124 305946 481251 199667 460022 280338 596336 463379 356910 303110 239901 436588 207438 304766 347095 382938 202927 302221 480728 243195 368441 418846 378841 538022 451403 275120 185287 286413 430748 397285 202725 477252 374601 390038 352450
 485192 737644 720181 174064 363759 639389 132203 360774 199388 321035 788512 837925 562323 351206 359376 240524 623966 261847 809698 690336 685825 526957 628581 304317 222958 1 612420 491219 333241 445239 714267 424239 107358 678114 383617 257700 305858 340104 214170 702999 537947 733771 576603 430828 157539 675661 210493 446356 334599 455458 236152 172869 354184 189620 193598 305735 663771 386630 343639 432763 42900 353885 921025 573092 125910 646474 266496 118234 574984 196730 665945 504454 443977 535848 289657 598596 544083 376792 570138 245026 44370 216746 114792 690976 641789 340685 743165 673521 223041 366560 759014 537249 261144 423858 111656 504983 468552 601176 576168 504103 491618 156754 482241 55630 78498 318394 292925 443066 879750 49013 498283 633738 260315 412093 235055 407658 405021 548823 169499 705056 658466 675051 595010 662501 229341 448041 445042 379855 538611 463449 228576 488299 416695 522759 399908 367615 334409 524338 595313 548838 393448 511628 45080 797760 353332 371455 409862 398425 363747 694171 668659 280436 82587 358909 470818 273230 749379 208231 270140 496866 631343 257876 467231 423165 415258 276286 395874 363971 327142 544364 371647 601510 680025 158550 482219 248145 214052 258013 205585 534961 304503 332657 523352 683618 205742 187657 238076 558231 680000 557918 52557 163773 64521 437090 317418 278319 312883 278616 272008 573810
 761123 126347 542800 723465 949420 234723 723290 964635 677825 291796 192657 226814 176358 947551 298703 372924 336599 791752 240518 676820 485899 325875 625197 459484 401414 612420 1 472179 589820 405339 514727 713621 661901 135334 964571 650005 914883 903290 555981 629842 207940 143477 668701 366233 459736 636715 410208 318666 543962 539388 800399 465021 337853 422911 733048 625227 712307 500875 678735 219732 644015 816252 314615 40697 650279 147575 877056 727964 631302 591288 377939 505870 456358 446698 381041 291980 446153 887611 746375 853588 580908 678103 499134 370443 318812 558126 708703 508710 830910 648843 166520 342181 379519 453882 509095 333422 149321 555631 168843 268349 720635 514938 130731 633795 681436 623521 644828 445764 272618 661326 242181 67458 472886 227187 704370 536150 749196 639159 476458 686392 72820 574198 251262 238616 765232 598128 687359 325344 383627 715148 627457 415368 277968 367567 213965 777064 415599 109859 633893 747579 962359 654954 571539 211901 730309 548048 301597 428119 969542 185309 241318 888858 636872 323506 499801 832452 157315 662212 369021 148456 152446 442725 676794 791701 999096 877033 367879 865636 484493 678041 559265 632997 80520 757233 176511 602863 816700 557627 696707 404249 759058 482613 129681 91985 625709 705279 746353 442079 628125 638406 661143 497270 670571 534586 772413 536959 776995 631355 780327 107867
 905829 545901 915803 475142 840528 306442 620774 816876 670950 382860 652342 619925 574859 819159 252450 363551 729413 496211 519301 982675 861989 154855 918745 187762 442681 491219 472179 1 216292 666298 894747 288340 594362 425110 862425 699265 754533 827958 610359 961507 581546 499252 914130 121079 377185 951228 435221 161068 181663 84795 535040 337530 532774 399362 471044 267832 988318 112727 772680 487271 533953 834615 666453 440596 604540 603083 673678 591175 891881 324655 779541 773609 701990 753864 511015 227329 758453 867231 276622 645972 447108 385511 440401 786233 245110 185958 1029139 870642 625736 772286 517538 682362 289769 686651 463800 140976 432051 861463 315703 204262 266957 334926 395280 543638 566012 257067 720754 693957 635653 522128 230027 435479 578462 466249 707931 115832 340903 166981 333537 996109 544978 912891 652471 678601 485523 795808 843619 546038 712511 271599 327476 57041 535145 114295 399497 832363 589793 369576 168927 939491 877698 187799 480123 676537 803455 715418 551947 100733 815523 401526 329503 733881 448201 521961 748717 763551 510968 375364 289165 485523 599709 241759 226220 877451 890601 744901 143749 853159 640242 900190 722745 170109 549676 640757 305582 665967 601137 643393 682929 724535 779385 642881 498205 474951 649754 439475 451547 764137 948407 886007 509840 330859 510554 92324 793521 643389 434920 293386 759290 528662
