NAME : domp60p30v2
COMMENT : Cherkesly, Contardo & Gruson 2022
TYPE : DOMP
DIMENSION : 60
DISPLAY_DATA_TYPE : NO_DISPLAY
OPEN_FACILITIES : 30
COST_SECTION
 1 860466 303005 343309 336220 850551 304043 606440 315458 696916 791148 622449 589663 504141 732054 724742 448845 702049 698764 555502 615264 133283 469636 602326 838541 325469 789389 50486 327106 800230 610687 770344 972030 320748 317564 587749 766428 1028190 795494 717296 323842 647290 755439 719067 253320 379548 424714 449867 155410 988896 531636 822766 599302 281688 236887 905049 225260 691758 842589 252821
 860466 1 859534 607791 524599 488378 657749 691802 594696 481188 706367 765394 463364 437372 415675 262168 603419 889607 580744 746057 511905 737192 621869 278313 391551 688937 907273 822304 602030 66367 655892 142571 331465 693518 732135 323561 114139 220301 576090 705026 557575 632895 267295 616645 677276 663402 463326 417440 861355 187217 335937 560161 261251 630186 636838 45976 1085664 488675 116261 655324
 303005 859534 1 252765 418975 678643 525147 841564 494254 531549 547199 353508 750606 426285 589529 814275 659126 408953 494191 292316 448143 352109 281267 664572 699753 565204 499057 266250 263045 813246 835664 815204 861619 562233 127874 538716 748273 972538 592497 946620 466670 424736 848531 501145 475501 611303 402815 461873 454820 936330 590933 625940 618517 476204 404087 905288 412921 861743 882467 235736
 343309 607791 252765 1 211290 507331 392050 681383 333076 353611 471482 345476 541287 182714 391522 571442 493421 461425 361955 283367 272342 287781 146353 418933 500256 441547 532296 293108 26798 560546 666493 563808 645438 440948 127959 290402 497700 733212 455833 774923 285945 321895 605867 386996 356805 471685 151150 213509 440743 695651 347602 481376 366595 333015 266074 653663 546627 651320 630247 92425
 336220 524599 418975 211290 1 607601 210954 472596 138960 468752 644137 549301 335378 241061 475937 407445 285905 670124 514290 490708 407016 214097 342499 270576 566912 260728 736587 300494 186170 464012 456147 437099 671244 261971 317853 280694 434175 700693 592983 563931 83877 497087 440673 547489 196088 277307 142582 128940 353047 661178 197395 609458 263862 155075 121990 568971 561221 446551 509118 183470
 850551 488378 678643 507331 607601 1 816682 1010105 742378 154027 253308 403466 792331 368299 132582 669237 850910 492595 194069 426038 237947 779200 401629 564125 97310 865077 474842 800424 524013 499895 981286 571856 246021 866997 571486 352282 407596 434113 118512 1066638 686775 271209 692933 206582 803058 871010 466338 489223 934327 415903 550573 86766 473267 762552 720078 514353 1048958 869652 591595 598118
 304043 657749 525147 392050 210954 816682 1 317171 74758 679641 850188 737362 294099 451806 684427 463020 145117 849613 723542 674142 617227 183884 535963 379489 770714 50417 923703 299333 365285 591864 314589 538540 859975 51110 462583 478187 590260 859007 803802 424668 129928 701401 488810 755707 52271 86228 353481 329230 223210 820046 328559 820400 418426 59315 128843 697231 495597 390225 607981 324522
 606440 691802 841564 681383 472596 1010105 317171 1 353342 898546 1102189 1021818 231787 681681 880977 432465 188175 1142294 964743 963123 855333 498897 814778 458790 941092 283103 1209022 610884 655168 630059 36781 549423 979295 287282 770493 658955 674679 912093 1028286 111211 395627 960478 437296 1001241 368408 231965 595007 544006 482193 878009 459602 1036420 542124 365998 439011 716654 759991 223112 597596 629638
 315458 594696 494254 333076 138960 742378 74758 353342 1 606547 782116 677939 276024 378617 610030 417807 166362 794108 653189 616443 545964 183357 473526 318014 695957 122802 865097 298666 306372 529517 343408 482046 786611 124619 417179 403545 521826 791222 731616 454222 55862 634247 446407 686161 82754 140036 280714 254502 269802 752032 261026 747465 348715 37049 91748 635603 525222 382153 553022 276297
 696916 481188 531549 353611 468752 154027 679641 898546 606547 1 232400 301449 693297 227931 73004 604802 728830 415679 99570 304396 84773 629099 251265 476646 172383 729138 426267 646709 370935 471780 872532 527419 343265 730568 419926 246797 377537 496870 129782 965542 550694 160877 633331 136015 661580 740274 326174 359992 784397 468644 446155 141023 384464 623451 575779 517474 895144 782173 564778 444824
 791148 706367 547199 471482 644137 253308 850188 1102189 782116 232400 1 202637 910054 420977 291050 835828 923214 251055 141515 255630 248497 758346 327183 702689 339501 900602 221787 741590 496266 702037 1079219 759718 499322 900948 476128 471667 607295 684637 137655 1177751 727939 149873 864934 102806 821932 921402 508853 558474 908672 663517 664254 166549 611670 791215 731373 739491 954365 1004602 795357 560125
 622449 765394 353508 345476 549301 403466 737362 1021818 677939 301449 202637 1 858965 378188 374450 832696 835060 130248 214072 67233 253521 613964 207255 684104 463742 786610 187364 575209 372273 743549 1004306 782351 636130 785834 306130 469470 654296 798278 290866 1110193 628825 140866 865327 197025 700424 817040 437720 500196 754712 769972 628383 327006 602558 678432 610358 805524 765728 963750 832622 419942
 589663 463364 750606 541287 335378 792331 294099 231787 276024 693297 910054 858965 1 492411 666922 211292 171812 986044 769296 807323 661695 458996 654215 231043 717882 297000 1042579 574689 518065 400178 197658 322165 748088 302638 653215 447443 443015 683187 822426 274326 286693 776948 224861 807404 339537 250280 421265 359734 515300 648265 247186 826599 319312 308109 364584 491247 789609 111296 376947 517273
 504141 437372 426285 182714 241061 368299 451806 681681 378617 227931 420977 378188 492411 1 238533 455821 505694 508313 283174 337979 173723 416307 193143 305963 338115 501224 555171 456269 186566 397678 658282 418100 468926 502688 298446 113838 324221 550675 354040 757164 322764 284543 489000 319582 435274 512993 98590 137675 570122 513316 252233 368871 227464 396020 351817 482538 719272 592124 477399 256580
 732054 415675 589529 391522 475937 132582 684427 880977 610030 73004 291050 374450 666922 238533 1 559565 719195 487819 169150 375815 143541 653276 308391 442283 110790 732672 494751 682553 405200 411769 852954 473442 275443 734640 472474 222032 316904 423908 167189 941048 554501 233856 586138 202526 671746 738447 335575 356651 807820 395671 422335 162329 350060 630695 589988 450055 937862 749233 505185 479396
 724742 262168 814275 571442 407445 669237 463020 432465 417807 604802 835828 832696 211292 455821 559565 1 371904 962936 695800 793657 598712 591911 645241 153537 581864 481163 1003366 697852 554930 205348 396089 120355 574407 486478 697666 368566 273482 481803 725816 443230 400903 723876 34426 734821 497007 443587 423775 358572 684114 449385 224061 721298 230445 454716 487857 284318 941716 227026 166129 581776
 448845 603419 659126 493421 285905 850910 145117 188175 166362 728830 923214 835060 171812 505694 719195 371904 1 954597 788283 775657 678984 327904 628398 335161 790561 131530 1022393 444082 467130 537422 177079 469336 852303 137115 583246 499199 558787 817919 857714 287975 207528 778928 390986 823690 197000 79985 414363 369266 352877 780646 311177 868898 401995 183583 255040 637242 632375 252271 532205 442249
 702049 889607 408953 461425 670124 492595 849613 1142294 794108 415679 251055 130248 986044 508313 487819 962936 954597 1 319749 179671 378718 712620 331965 814265 565877 897811 91077 658242 487962 870422 1126238 911392 735154 896583 397992 599084 779893 908118 374312 1233355 747271 257207 995541 292188 809537 931593 564997 628444 844179 882146 757907 408485 732762 791479 721145 928605 816659 1091802 960360 526522
 698764 580744 494191 361955 514290 194069 723542 964743 653189 99570 141515 214072 769296 283174 169150 695800 788283 319749 1 231977 109452 648656 230559 561267 249881 773840 326728 648325 384107 570347 940889 623557 422088 774614 397854 330328 476437 588666 99175 1038112 598066 77194 725416 39059 699200 791058 375114 420792 802533 562399 523079 131752 470459 665319 609924 616983 881933 863180 663076 454039
 555502 746057 292316 283367 490708 426038 674142 963123 616443 304396 255630 67233 807323 337979 375815 793657 775657 179671 231977 1 240900 547353 153243 642632 474406 723036 249657 508102 310092 718940 946732 751380 646767 722100 238920 437923 633026 797447 321513 1053706 568601 154844 826943 225757 636079 754851 386948 451324 687518 766880 583060 357318 565214 615480 546468 787916 702693 913847 805471 354463
 615264 511905 448143 272342 407016 237947 617227 855333 545964 84773 248497 253521 661695 173723 143541 598712 678984 378718 109452 240900 1 553126 167138 458825 252202 667363 406791 564900 291308 491798 831626 535973 418915 668336 335211 230202 401291 557732 188434 929392 490542 126081 629611 146253 595008 683038 266543 311355 708195 526435 416518 210440 369935 559536 506902 552049 811042 757432 582256 364392
 133283 737192 352109 287781 214097 779200 183884 498897 183357 629099 758346 613964 458996 416307 653276 591911 327904 712620 648656 547353 553126 1 431327 472959 754350 216728 794007 116879 264606 675309 498134 641061 874543 213122 314725 484084 648269 914290 740270 607704 191139 609219 622386 674670 131631 267035 325644 337345 155300 874793 404187 763560 477405 151314 104393 781010 352343 563351 713265 198391
 469636 621869 281267 146353 342499 401629 535963 814778 473526 251265 327183 207255 654215 193143 308391 645241 628398 331965 230559 153243 167138 431327 1 492909 418491 585895 394259 419360 172379 587317 797062 611191 581752 585555 170095 301871 507731 704679 328991 903005 423037 179073 678947 249436 502519 613322 233721 298347 581626 670420 431161 358937 419609 476681 411623 665838 652274 760604 669543 232992
 602326 278313 664572 418933 270576 564125 379489 458790 318014 476646 702689 684104 231043 305963 442283 153537 335161 814265 561267 642632 458825 472959 492909 1 487249 411076 858688 569828 403364 212378 426564 168126 522628 415563 545847 231085 223735 485234 603273 504034 285562 581735 187820 600228 400767 388271 270373 205560 586851 447226 74751 603992 92489 354182 369386 317980 825198 306973 240362 435115
 838541 391551 699753 500256 566912 97310 770714 941092 695957 172383 339501 463742 717882 338115 110790 581864 790561 565877 249881 474406 252202 754350 418491 487249 1 817372 558060 789468 512680 405528 910732 480044 172692 819818 583256 293985 314889 345579 201874 991276 641448 324064 603898 273726 762750 817915 431169 441709 907694 324078 482973 177045 399368 719665 684868 417054 1046881 789052 496350 586556
 325469 688937 565204 441547 260728 865077 50417 283103 122802 729138 900602 786610 297000 501224 732672 481163 131530 897811 773840 723036 667363 216728 585895 411076 817372 1 972672 327795 414820 622684 285331 564688 902501 5654 508364 524065 626913 894363 853706 393068 178618 751792 504595 806084 90525 54656 403085 376631 221357 855712 365822 869991 457123 109556 176702 726987 501082 383724 632451 371809
 789389 907273 499057 532296 736587 474842 923703 1209022 865097 426267 221787 187364 1042579 555171 494751 1003366 1022393 91077 326728 249657 406791 794007 394259 858688 558060 972672 1 744665 559084 894501 1191205 942489 720828 971752 480660 635337 801486 903615 357677 1296619 816178 280710 1034957 292270 885691 1003980 622067 682919 929158 880808 807326 388164 773170 864948 796124 943708 907640 1145736 986422 603629
 50486 822304 266250 293108 300494 800424 299333 610884 298666 646709 741590 575209 574689 456269 682553 697852 444082 658242 648325 508102 564900 116879 419360 569828 789468 327795 744665 1 277398 763278 612101 737219 924792 323613 269471 542707 725767 985293 745013 720744 298775 597245 729416 668795 247159 380187 379483 408372 188907 946128 497628 772288 561113 267875 213010 867286 266727 679892 809350 203159
 327106 602030 263045 26798 186170 524013 365285 655168 306372 370935 496266 372273 518065 186566 405200 554930 467130 487962 384107 310092 291308 264606 172379 403364 512680 414820 559084 277398 1 552750 640596 552178 653701 414249 142761 289270 493515 734608 476693 749265 259609 346489 589334 410238 330334 444900 140346 199109 418547 696613 330871 501289 355725 306232 239531 647991 535355 628461 619732 74285
 800230 66367 813246 560546 464012 499895 591864 630059 529517 471780 702037 743549 400178 397678 411769 205348 537422 870422 570347 718940 491798 675309 587317 212378 405528 622684 894501 763278 552750 1 594483 85610 372162 627285 686780 285534 94870 283231 577089 648120 493565 616035 215903 607728 612192 597045 412711 362413 796979 248109 272240 565042 203118 565237 574017 106310 1025176 432206 93420 602287
 610687 655892 835664 666493 456147 981286 314589 36781 343408 872532 1079219 1004306 197658 658282 852954 396089 177079 1126238 940889 946732 831626 498134 797062 426564 910732 285331 1191205 612101 640596 594483 1 513429 945723 289963 759910 631111 640633 876193 1002314 110977 382051 938970 400597 977775 366642 231963 573900 520753 492880 842302 430807 1009561 511411 359507 431728 680352 772660 186772 561036 618889
 770344 142571 815204 563808 437099 571856 538540 549423 482046 527419 759718 782351 322165 418100 473442 120355 469336 911392 623557 751380 535973 641061 611191 168126 480044 564688 942489 737219 552178 85610 513429 1 457229 569612 691720 313621 165291 362817 640518 563573 452900 661931 130583 661945 564485 534144 412735 354174 751810 329585 239704 631669 197406 518774 537362 169387 993321 347376 72249 592956
 972030 331465 861619 645438 671244 246021 859975 979295 786611 343265 499322 636130 748088 468926 275443 574407 852303 735154 422088 646767 418915 874543 581752 522628 172692 902501 720828 924792 653701 372162 945723 457229 1 905795 740781 391280 305973 198724 363617 1011562 735729 496727 587811 443954 861316 893323 549830 542314 1022822 191781 542624 332773 450722 815350 793044 338556 1188149 798332 447595 725295
 320748 693518 562233 440948 261971 866997 51110 287282 124619 730568 900948 785834 302638 502688 734640 486478 137115 896583 774614 722100 668336 213122 585555 415563 819818 5654 971752 323613 414249 627285 289963 569612 905795 1 506488 526673 630967 898584 854880 397424 180318 752019 510002 806699 88297 59861 404442 378825 215763 859898 369735 871370 460901 109736 175644 731685 495574 389329 637486 370382
 317564 732135 127874 127959 317853 571486 462583 770493 417179 419926 476128 306130 653215 298446 472474 697666 583246 397992 397854 238920 335211 314725 170095 545847 583256 508364 480660 269471 142761 686780 759910 691720 740781 506488 1 410869 620576 845863 496948 870314 379475 337290 732075 412176 418290 547603 279108 340882 449354 809369 473606 527960 494440 407165 334280 777826 484316 764333 757887 141022
 587749 323561 538716 290402 280694 352282 478187 658955 403545 246797 471667 469470 447443 113838 222032 368566 499199 599084 330328 437923 230202 484084 301871 231085 293985 524065 635337 542707 289270 285534 631111 313621 391280 526673 410869 1 210423 446388 375210 720798 350005 355367 399729 369335 473813 523967 163225 151985 631542 407991 201055 379396 140258 429177 402117 368701 809096 535455 368472 352601
 766428 114139 748273 497700 434175 407596 590260 674679 521826 377537 607295 654296 443015 324221 316904 273482 558787 779893 476437 633026 401291 648269 507731 223735 314889 626913 801486 725767 493515 94870 640633 165291 305973 630967 620576 210423 1 269518 482322 705772 478567 524240 291901 513547 602746 608990 357022 317492 781263 230237 261707 470769 173780 555301 551899 158538 991437 493559 188289 550301
 1028190 220301 972538 733212 700693 434113 859007 912093 791222 496870 684637 798278 683187 550675 423908 481803 817919 908118 588666 797447 557732 914290 704679 485234 345579 894363 903615 985293 734608 283231 876193 362817 198724 898584 845863 446388 269518 1 547019 923498 747986 657512 484289 616605 872259 873497 607770 578707 1050154 39521 530614 519751 443234 824813 820010 200891 1251985 707307 324542 798974
 795494 576090 592497 455833 592983 118512 803802 1028286 731616 129782 137655 290866 822426 354040 167189 725816 857714 374312 99175 321513 188434 740270 328991 603273 201874 853706 357677 745013 476693 577089 1002314 640518 363617 854880 496948 375210 482322 547019 1 1095059 675893 169577 752884 95815 782955 867001 450960 488517 894978 525934 575425 36174 510807 746647 695218 607141 980886 909727 670439 548247
 717296 705026 946620 774923 563931 1066638 424668 111211 454222 965542 1177751 1110193 274326 757164 941048 443230 287975 1233355 1038112 1053706 929392 607704 903005 504034 991276 393068 1296619 720744 749265 648120 110977 563573 1011562 397424 870314 720798 705772 923498 1095059 1 491732 1040073 439337 1075622 476501 340793 676547 620549 593071 892117 519835 1100186 593493 470438 542704 723553 870017 216352 600565 729314
 323842 557575 466670 285945 83877 686775 129928 395627 55862 550694 727939 628825 286693 322764 554501 400903 207528 747271 598066 568601 490542 191139 423037 285562 641448 178618 816178 298775 259609 493565 382051 452900 735729 180318 379475 350005 478567 747986 675893 491732 1 580633 431691 631358 126010 193466 224946 199743 303962 708600 221646 691621 304787 79626 86956 599868 542571 396880 524840 238964
 647290 632895 424736 321895 497087 271209 701401 960478 634247 160877 149873 140866 776948 284543 233856 723876 778928 257207 77194 154844 126081 609219 179073 581735 324064 751792 280710 597245 346489 616035 938970 661931 496727 752019 337290 355367 524240 657512 169577 1040073 580633 1 755079 76429 672355 773936 365481 419594 760463 629520 535108 204597 494293 642296 581701 671514 820902 875995 707200 411313
 755439 267295 848531 605867 440673 692933 488810 437296 446407 633331 864934 865327 224861 489000 586138 34426 390986 995541 725416 826943 629611 622386 678947 187820 603898 504595 1034957 729416 589334 215903 400597 130583 587811 510002 732075 399729 291901 484289 752884 439337 431691 755079 1 764384 524517 464884 458128 392974 710921 453615 258470 747300 262785 483144 518613 284239 971167 223543 161776 615797
 719067 616645 501145 386996 547489 206582 755707 1001241 686161 136015 102806 197025 807404 319582 202526 734821 823690 292188 39059 225757 146253 674670 249436 600228 273726 806084 292270 668795 410238 607728 977775 661945 443954 806699 412176 369335 513547 616605 95815 1075622 631358 76429 764384 1 729903 824658 409750 457249 827579 591695 561469 131794 509490 697156 640054 652127 896284 901802 700641 478262
 253320 677276 475501 356805 196088 803058 52271 368408 82754 661580 821932 700424 339537 435274 671746 497007 197000 809537 699200 636079 595008 131631 502519 400767 762750 90525 885691 247159 330334 612192 366642 564485 861316 88297 418290 473813 602746 872259 782955 476501 126010 672355 524517 729903 1 136551 336827 322178 187835 832972 342894 801459 429169 47452 90931 718312 451236 438956 635253 283035
 379548 663402 611303 471685 277307 871010 86228 231965 140036 740274 921402 817040 250280 512993 738447 443587 79985 931593 791058 754851 683038 267035 613322 388271 817915 54656 1003980 380187 444900 597045 231963 534144 893323 59861 547603 523967 608990 873497 867001 340793 193466 773936 464884 824658 136551 1 416617 382150 274347 835396 351492 881274 443705 140761 213324 699586 554811 331698 599788 408512
 424714 463326 402815 151150 142582 466338 353481 595007 280714 326174 508853 437720 421265 98590 335575 423775 414363 564997 375114 386948 266543 325644 233721 270373 431169 403085 622067 379483 140346 412711 573900 412735 549830 404442 279108 163225 357022 607770 450960 676547 224946 365481 458128 409750 336827 416617 1 66183 477195 568943 202086 466928 215721 297450 254554 509297 645912 526943 479654 193381
 449867 417440 461873 213509 128940 489223 329230 544006 254502 359992 558474 500196 359734 137675 356651 358572 369266 628444 420792 451324 311355 337345 298347 205560 441709 376631 682919 408372 199109 362413 520753 354174 542314 378825 340882 151985 317492 578707 488517 620549 199743 419594 392974 457249 322178 382150 66183 1 481263 539325 136013 500582 160276 278179 250769 463104 674449 463555 423022 240422
 155410 861355 454820 440743 353047 934327 223210 482193 269802 784397 908672 754712 515300 570122 807820 684114 352877 844179 802533 687518 708195 155300 581626 586851 907694 221357 929158 188907 418547 796979 492880 751810 1022822 215763 449354 631542 781263 1050154 894978 593071 303962 760463 710921 827579 187835 274347 477195 481263 1 1010672 525523 918633 607703 233041 231312 903276 281058 605069 822820 349411
 988896 187217 936330 695651 661178 415903 820046 878009 752032 468644 663517 769972 648265 513316 395671 449385 780646 882146 562399 766880 526435 874793 670420 447226 324078 855712 880808 946128 696613 248109 842302 329585 191781 859898 809369 407991 230237 39521 525934 892117 708600 629520 453615 591695 832972 835396 568943 539325 1010672 1 491567 500263 403882 785530 780496 173337 1212797 675773 295995 760481
 531636 335937 590933 347602 197395 550573 328559 459602 261026 446155 664254 628383 247186 252233 422335 224061 311177 757907 523079 583060 416518 404187 431161 74751 482973 365822 807326 497628 330871 272240 430807 239704 542624 369735 473606 201055 261707 530614 575425 519835 221646 535108 258470 561469 342894 351492 202086 136013 525523 491567 1 580429 92218 295517 302002 378472 755605 341105 311753 360539
 822766 560161 625940 481376 609458 86766 820400 1036420 747465 141023 166549 327006 826599 368871 162329 721298 868898 408485 131752 357318 210440 763560 358937 603992 177045 869991 388164 772288 501289 565042 1009561 631669 332773 871370 527960 379396 470769 519751 36174 1100186 691621 204597 747300 131794 801459 881274 466928 500582 918633 500263 580429 1 511591 763939 714779 589306 1011210 910951 658050 573747
 599302 261251 618517 366595 263862 473267 418426 542124 348715 384464 611670 602558 319312 227464 350060 230445 401995 732762 470459 565214 369935 477405 419609 92489 399368 457123 773170 561113 355725 203118 511411 197406 450722 460901 494440 140258 173780 443234 510807 593493 304787 494293 262785 509490 429169 443705 215721 160276 607703 403882 92218 511591 1 381747 379145 306180 824539 399367 264008 400697
 281688 630186 476204 333015 155075 762552 59315 365998 37049 623451 791215 678432 308109 396020 630695 454716 183583 791479 665319 615480 559536 151314 476681 354182 719665 109556 864948 267875 306232 565237 359507 518774 815350 109736 407165 429177 555301 824813 746647 470438 79626 642296 483144 697156 47452 140761 297450 278179 233041 785530 295517 763939 381747 1 73212 671421 488943 412060 589859 267761
 236887 636838 404087 266074 121990 720078 128843 439011 91748 575779 731373 610358 364584 351817 589988 487857 255040 721145 609924 546468 506902 104393 411623 369386 684868 176702 796124 213010 239531 574017 431728 537362 793044 175644 334280 402117 551899 820010 695218 542704 86956 581701 518613 640054 90931 213324 254554 250769 231312 780496 302002 714779 379145 73212 1 680077 456487 472401 609505 195681
 905049 45976 905288 653663 568971 514353 697231 716654 635603 517474 739491 805524 491247 482538 450055 284318 637242 928605 616983 787916 552049 781010 665838 317980 417054 726987 943708 867286 647991 106310 680352 169387 338556 731685 777826 368701 158538 200891 607141 723553 599868 671514 284239 652127 718312 699586 509297 463104 903276 173337 378472 589306 306180 671421 680077 1 1130172 507712 123660 701232
 225260 1085664 412921 546627 561221 1048958 495597 759991 525222 895144 954365 765728 789609 719272 937862 941716 632375 816659 881933 702693 811042 352343 652274 825198 1046881 501082 907640 266727 535355 1025176 772660 993321 1188149 495574 484316 809096 991437 1251985 980886 870017 542571 820902 971167 896284 451236 554811 645912 674449 281058 1212797 755605 1011210 824539 488943 456487 1130172 1 883829 1065544 462895
 691758 488675 861743 651320 446551 869652 390225 223112 382153 782173 1004602 963750 111296 592124 749233 227026 252271 1091802 863180 913847 757432 563351 760604 306973 789052 383724 1145736 679892 628461 432206 186772 347376 798332 389329 764333 535455 493559 707307 909727 216352 396880 875995 223543 901802 438956 331698 526943 463555 605069 675773 341105 910951 399367 412060 472401 507712 883829 1 385216 628568
 842589 116261 882467 630247 509118 591595 607981 597596 553022 564778 795357 832622 376947 477399 505185 166129 532205 960360 663076 805471 582256 713265 669543 240362 496350 632451 986422 809350 619732 93420 561036 72249 447595 637486 757887 368472 188289 324542 670439 600565 524840 707200 161776 700641 635253 599788 479654 423022 822820 295995 311753 658050 264008 589859 609505 123660 1065544 385216 1 662755
 252821 655324 235736 92425 183470 598118 324522 629638 276297 444824 560125 419942 517273 256580 479396 581776 442249 526522 454039 354463 364392 198391 232992 435115 586556 371809 603629 203159 74285 602287 618889 592956 725295 370382 141022 352601 550301 798974 548247 729314 238964 411313 615797 478262 283035 408512 193381 240422 349411 760481 360539 573747 400697 267761 195681 701232 462895 628568 662755 1
LAMBDA_SECTION
1 959
2 255
3 64
4 87
5 824
6 918
7 292
8 662
9 134
10 322
11 370
12 389
13 414
14 42
15 347
16 433
17 431
18 807
19 461
20 657
21 702
22 753
23 484
24 369
25 379
26 935
27 44
28 340
29 236
30 979
31 554
32 851
33 372
34 113
35 689
36 209
37 296
38 747
39 635
40 174
41 440
42 94
43 95
44 107
45 608
46 588
47 123
48 479
49 165
50 788
51 303
52 101
53 558
54 473
55 49
56 156
57 318
58 451
59 534
60 769
