NAME : domp70p35v1
COMMENT : Cherkesly, Contardo & Gruson 2022
TYPE : DOMP
DIMENSION : 70
DISPLAY_DATA_TYPE : NO_DISPLAY
OPEN_FACILITIES : 35
COST_SECTION
 1 431516 419606 492419 366333 575699 590793 819444 256681 506373 279814 623071 539695 617686 189451 233139 820715 343548 576876 364759 165049 630395 630761 155712 550494 391727 463127 410258 288081 541400 195749 547054 155786 364362 293745 295270 327265 459768 362894 360054 321120 555712 350888 547109 542799 566057 434164 114806 341128 643293 175035 241687 625945 361658 218109 420173 641994 369605 337991 534621 623872 164118 237935 518568 259833 407244 678292 391475 268020 76112
 431516 1 792950 785371 539268 576427 177393 583137 530529 256640 451419 392552 838232 228102 583586 390439 594983 333869 432617 485439 595395 200930 265938 319680 706804 533714 731800 756269 719314 264334 268167 782462 587127 566991 535085 543500 650014 34419 363000 579590 363578 152974 575724 794128 395588 686125 659196 463783 396874 211819 263567 537728 504565 107714 407072 198108 216915 734384 317161 205053 608840 453322 658501 540223 527675 420654 549980 376918 616338 392270
 419606 792950 1 731314 733956 971416 913144 1239045 276358 745846 672089 1042056 758072 915300 230202 642318 1240180 532645 995328 411247 339798 990885 1029825 574635 885694 767059 736069 610555 301318 783564 525250 827072 315263 716980 292915 643941 159223 826226 524515 703918 736161 937935 290701 816943 693006 918110 751854 492360 751608 992090 538826 580326 1041250 753542 622814 690106 972846 558549 541688 812033 1019637 339635 382247 914425 610437 516313 1092756 538557 176818 417042
 492419 785371 731314 1 263711 442560 962523 826076 719858 956975 335091 707001 52880 1011256 577771 395290 814954 829693 602588 853407 422055 940076 845160 489834 232994 286807 61994 122549 430746 986284 657287 111130 454449 228503 762100 242428 735728 797618 852012 211370 437474 836901 814528 93488 1023137 287196 149213 384215 412296 970199 617652 264356 595748 679426 380604 866070 994763 173266 821635 957461 474938 646521 353618 409260 263525 899221 625647 880914 673767 567682
 366333 539268 733956 263711 1 247541 713903 597728 622898 740163 100590 453372 314226 767357 524162 169305 590307 653694 356246 719112 394781 680584 581511 287308 191315 36461 203419 289138 474245 764875 470778 243208 418817 37208 659953 92482 681064 547070 681170 57816 178553 576119 717183 255509 829904 199937 121726 256794 150031 712501 425622 154657 366859 431590 167421 650774 741047 300035 641984 726146 293679 529215 376602 194785 123687 737362 408049 709591 617986 426821
 575699 576427 971416 442560 247541 1 725974 385773 826870 821230 300317 308703 479659 789523 752174 343546 373453 795209 199083 893604 635827 649218 499549 450816 227327 211349 383788 511927 721375 836285 619252 361751 657039 276077 859026 339584 902065 569063 825986 295355 271595 545600 916190 383158 939680 175884 303086 480975 241842 688780 574246 399721 163293 480066 357617 741443 733095 534646 780508 781258 48396 727754 623756 57337 367927 887314 184186 851956 841003 620048
 590793 177393 913144 962523 713903 725974 1 649633 638978 221462 628123 489360 1015366 66742 722082 567787 665676 398424 557943 552191 755827 133754 301208 493609 875401 706245 908495 932987 877950 201868 406958 956982 743864 742687 632912 720822 760196 166989 419244 755849 536461 195616 662064 969288 365443 850773 834608 635705 568558 104573 416307 714642 628242 283392 584449 231034 61436 909932 384794 133709 752621 579461 824488 696458 705016 462250 666383 421165 737674 540338
 819444 583137 1239045 826076 597728 385773 649633 1 1030674 831108 602466 203768 864963 714730 1008886 607717 21281 901698 250616 1039717 932238 524576 348467 665011 611811 563136 765872 883432 1039765 828693 769046 747351 944431 633157 1050958 678802 1132761 556078 932933 654081 510707 460498 1102789 768857 976021 558284 681591 761529 504727 565146 734972 726735 232140 542607 630376 781244 623445 897744 884789 759056 363052 933166 946107 417492 696412 994102 201643 951391 1080312 832768
 256681 530529 276358 719858 622898 826870 638978 1030674 1 470585 535511 827638 761442 639148 161243 483564 1035229 257471 802287 163071 306138 723688 781684 381592 805081 648338 701125 617903 371049 508500 271143 789486 274215 619547 42862 548648 121336 564674 252491 613811 562128 680624 95903 786564 432218 822425 683919 368109 587141 721717 297646 490843 859247 508677 471481 413947 699290 568796 265728 535678 874555 100179 390124 770292 512692 256657 912368 270266 110386 207718
 506373 256640 745846 956975 740163 821230 221462 831108 470585 1 642075 647168 1008919 189636 587503 573743 844492 213241 688615 352731 661942 349278 492602 467424 923220 743496 911617 900472 773928 38116 311860 976914 641935 760718 454055 718900 587275 277812 223678 768605 579920 374035 471526 984743 148083 911187 851699 586222 615108 325515 343857 693576 760467 341407 582646 90908 279355 866801 205243 87938 857097 437630 742419 779692 693877 252804 806474 216632 578432 437986
 279814 451419 672089 335091 100590 300317 628123 602466 535511 642075 1 433003 387787 678570 451911 68970 598490 553423 352190 623047 340678 606946 527982 186867 291410 115925 280397 326616 439137 667776 370412 335867 359318 118811 570706 98655 603399 462666 581137 128819 111892 505515 628152 345376 729503 295116 210725 180665 101133 635915 325140 126803 381846 344761 68010 552190 659673 321227 541571 631690 348705 439032 344075 243035 99800 637847 430075 609467 541662 333834
 623071 392552 1042056 707001 453372 308703 489360 203768 827638 647168 433003 1 752610 556099 811974 424524 210675 701110 110598 836792 746161 381586 208695 467520 524559 423537 645015 741805 859398 649555 565281 648852 755435 490547 847390 521157 931306 369361 732575 511143 329243 293753 899056 668340 788139 478965 557802 575350 331886 423614 531397 559806 159125 341027 448238 589214 477275 747148 684278 582614 312889 730683 769309 312391 531902 794272 183251 752071 880131 631787
 539695 838232 758072 52880 314226 479659 1015366 864963 761442 1008919 387787 752610 1 1064133 615549 448170 853068 878911 646779 898413 459864 992177 895077 542027 260839 335575 110826 148925 456767 1038453 707944 126361 492442 279711 803955 295289 771510 850384 900703 263186 489340 888739 855382 104526 1073342 316147 196515 433412 463530 1022547 668818 315683 636304 732235 433420 918026 1047433 201269 871187 1010082 508975 691138 386562 450201 315941 946905 663690 929552 710438 615368
 617686 228102 915300 1011256 767357 789523 66742 714730 639148 189636 678570 556099 1064133 1 735289 615976 731055 388555 623957 537413 781858 193634 366306 533598 933288 761578 958706 975816 901888 161449 426918 1010540 767472 794822 628664 768897 759301 224338 405200 807075 591434 262350 652563 1022084 323278 910430 887105 672254 624396 158013 442797 758599 694471 335812 631231 225206 101284 950189 376843 106182 817144 588752 854330 758531 751041 440967 732963 402571 742170 561381
 189451 583586 230202 577771 524162 752174 722082 1008886 161243 587503 451911 811974 615549 735289 1 415942 1010148 383508 765860 322040 155803 784308 807385 344483 692362 554719 566858 468598 210277 625423 317547 657596 123328 512828 202953 439193 160930 615373 388054 502957 508006 721871 246157 651927 575705 717727 563268 271430 525283 790562 321527 376553 813331 532295 397766 515542 778942 417731 386549 638644 800570 149880 234025 694857 403702 406498 865274 411069 97345 193979
 233139 390439 642318 395290 169305 343546 567787 607717 483564 573743 68970 424524 448170 615976 415942 1 606140 485993 358262 561276 324522 555624 492713 119633 359355 181114 343496 371997 434941 599935 302911 403389 337623 187024 516586 153080 560370 404280 514146 195270 97015 457462 573938 412037 660615 360066 278120 154061 109392 582218 257347 155974 399338 285649 24053 483661 602368 358344 473820 565434 391477 384936 345326 286777 139507 571651 450512 542292 500517 277683
 820715 594983 1240180 814954 590307 373453 665676 21281 1035229 844492 598490 210675 853068 731055 1010148 606140 1 910914 248000 1047464 930542 541717 364775 666917 598494 555338 755108 874695 1036701 842815 775311 734482 943417 625348 1056259 672757 1136030 568580 942263 646218 509239 475288 1108551 756104 988817 544587 671435 760150 501815 582527 740415 721901 223609 551196 628510 793034 640637 890119 894037 773468 348824 937256 942478 407319 691303 1003679 189408 961165 1082900 835952
 343548 333869 532645 829693 653694 795209 398424 901698 257471 213241 553423 701110 878911 388555 383508 485993 910914 1 709625 155601 479892 502296 599795 366608 844829 667014 793670 753603 581454 251074 183086 870643 455293 665055 241540 608417 374274 367178 31767 667560 527164 485199 264398 874222 200766 845343 749164 445549 560603 491741 228735 568115 777282 360164 486338 167391 459850 713022 16958 282942 838155 235479 565075 744640 577197 94318 828704 56933 366031 267819
 576876 432617 995328 602588 356246 199083 557943 250616 802287 688615 352190 110598 646779 623957 765860 358262 248000 709625 1 832950 682568 465179 304471 425698 414311 323930 540768 645241 789169 696710 554377 540156 695747 392942 826841 431925 897396 416543 741388 413858 261495 366823 881261 560006 821748 368371 453832 512315 254125 506322 514932 477279 71971 356719 380529 619959 555571 654868 693327 634234 208048 702756 695540 202310 447443 803938 119732 763820 842102 598264
 364759 485439 411247 853407 719112 893604 552191 1039717 163071 352731 623047 836792 898413 537413 322040 561276 1047464 155601 832950 1 456236 657893 750527 444836 908565 738958 827307 760197 532298 388330 279390 911811 425921 722929 127079 657317 253937 519339 133002 721040 622036 637945 122526 911660 281802 917858 797758 479040 652399 647014 321833 606236 897143 497785 555300 321651 613597 713555 171074 431239 939215 207387 542536 839575 622690 106032 949765 136148 268322 294433
 165049 595395 339798 422055 394781 635827 755827 932238 306138 661942 340678 746161 459864 781858 155803 324522 930542 479892 682568 456236 1 792963 780934 297052 548659 428537 413011 313513 124350 698171 356687 504205 32594 377183 349000 304209 314339 622760 492819 364316 421533 714165 397618 497627 680260 579000 416338 171029 429976 807198 339802 240648 720036 519872 302039 578839 806935 263338 478028 696306 683684 254199 86818 579445 271102 525044 769578 519507 251845 224339
 630395 200930 990885 940076 680584 649218 133754 524576 723688 349278 606946 381586 992177 193634 784308 555624 541717 502296 465179 657893 792963 1 178694 507296 823058 666455 882275 927612 917234 333619 467882 919311 786180 713174 723976 704504 844458 170726 527046 729020 502998 106234 759612 934008 495987 791491 802201 652419 530685 42072 464456 710236 531735 278474 575856 339389 98930 911615 486977 263493 669367 651556 852204 628282 695059 576413 563907 533571 814069 593186
 630761 265938 1029825 845160 581511 499549 301208 348467 781684 492602 527982 208695 895077 366306 807385 492713 364775 599795 304471 750527 780934 178694 1 483893 695768 559907 784341 854372 903376 485873 510940 806636 781525 617359 791410 626006 897347 233046 628892 635882 416339 119211 835699 823800 640166 657165 699226 620571 435493 220433 491407 646946 365209 276307 515983 456252 277304 847917 583067 415190 512483 695024 824965 488896 625331 685981 391876 642180 856313 614103
 155712 319680 574635 489834 287308 450816 493609 665011 381592 467424 186867 467520 542027 533598 344483 119633 666917 366608 425698 444836 297052 507296 483893 1 478267 300734 444392 442738 419945 496451 183556 512965 298538 300845 410696 252087 471810 341551 394568 305656 181328 421121 467304 519317 544846 479665 388660 145181 208982 526915 138321 228117 479089 229108 120456 376534 536592 416783 354705 469949 497474 281422 346552 395736 226483 452046 532060 422779 416575 174338
 550494 706804 885694 232994 191315 227327 875401 611811 805081 923220 291410 524559 260839 933288 692362 359355 598494 844829 414311 908565 548659 823058 695768 478267 1 180365 184120 330033 600860 945836 661819 136948 577108 186235 843682 256555 852577 709287 872437 191397 345485 716824 900417 158978 1018705 55354 134610 437055 310953 859022 616491 316741 389810 600109 358707 835168 894881 367263 832956 902337 250610 714546 507514 212188 292592 928663 410336 900822 788847 614913
 391727 533714 767059 286807 36461 211349 706245 563136 648338 743496 115925 423537 335575 761578 554719 181114 555338 667014 323930 738958 428537 666455 559907 300734 180365 1 225233 321618 510139 766779 483957 252951 451796 70026 684488 128275 710313 539274 695255 90947 170149 561100 741870 267649 838526 179334 139331 285148 137785 699680 438298 189417 331756 426132 183840 655089 730664 334785 654682 725185 257792 553130 412501 158327 157960 752667 372186 723376 647569 448943
 463127 731800 736069 61994 203419 383788 908495 765872 701125 911617 280397 645015 110826 958706 566858 343496 755108 793670 540768 827307 413011 882275 784341 444392 184120 225233 1 147456 439604 939828 617467 91464 444574 169232 742643 192884 727017 742772 817345 153494 379281 778496 796704 85488 983896 235893 87220 350914 352911 913129 576185 225599 535005 625111 330747 820783 939131 189820 784702 908328 417978 622159 354028 348591 218787 866962 566005 846309 663978 536776
 410258 756269 610555 122549 289138 511927 932987 883432 617903 900472 326616 741805 148925 975816 468598 371997 874695 753603 645241 760197 313513 927612 854372 442738 330033 321618 147456 1 309394 932406 591690 228717 346081 252302 660658 228369 623242 773302 773092 231407 438035 828924 710729 213937 951803 379587 210538 314507 420884 953724 556664 218679 651361 655030 352050 810345 971451 52376 747437 911445 550815 553020 237861 468915 232708 815508 688190 801593 562633 486313
 288081 719314 301318 430746 474245 721375 877950 1039765 371049 773928 439137 859398 456767 901888 210277 434941 1036701 581454 789169 532298 124350 917234 903376 419945 600860 510139 439604 309394 1 810921 475173 529539 134419 449531 411971 381870 336979 746940 590211 432916 531161 838346 450428 518134 778907 639315 466365 286302 535044 931133 461650 322408 820888 644113 411383 693834 929895 257599 581841 813498 767898 347006 97644 666958 354292 614144 868416 615035 284824 340931
 541400 264334 783564 986284 764875 836285 201868 828693 508500 38116 667776 649555 1038453 161449 625423 599935 842815 251074 696710 388330 698171 333619 485873 496451 945836 766779 939828 932406 810921 1 346191 1003322 678595 786575 491522 746954 624875 281520 260614 795148 601211 368859 507951 1011715 163821 931986 878052 618624 636269 306402 376397 723642 768679 356486 609855 122300 256519 899639 243299 71029 870765 475563 778062 796478 722858 286786 813370 252209 616480 473982
 195749 268167 525250 657287 470778 619252 406958 769046 271143 311860 370412 565281 707944 426918 317547 302911 775311 183086 554377 279390 356687 467882 510940 183556 661819 483957 617467 591690 475173 346191 1 691390 340815 482997 284638 428850 386658 301110 211495 486330 348510 413299 334286 696082 366431 662446 568597 277433 380898 473054 45934 393225 617878 237697 303546 224543 462411 556079 171226 339674 663719 186022 433459 566916 399155 270406 670589 239445 349030 134465
 547054 782462 827072 111130 243208 361751 956982 747351 789486 976914 335867 648852 126361 1010540 657596 403389 734482 870643 540156 911811 504205 919311 806636 512965 136948 252951 91464 228717 529539 1003322 691390 1 535628 217196 830646 262549 817978 790074 895496 208312 420831 813793 885255 22163 1056918 192152 125271 433168 390089 952628 648514 306062 522279 674794 394585 886569 983076 275878 860820 967374 387369 708180 445248 338971 293582 947030 545711 924423 754814 619163
 155786 587127 315263 454449 418817 657039 743864 944431 274215 641935 359318 755435 492442 767472 123328 337623 943417 455293 695747 425921 32594 786180 781525 298538 577108 451796 444574 346081 134419 678595 340815 535628 1 402972 317065 329514 282475 615546 466945 390956 434254 710510 365237 529379 655044 606069 445609 183673 445008 798828 327674 265872 735718 516174 316028 560504 796277 295802 454219 679521 705128 226143 116681 600283 295483 497158 785951 493167 219706 206734
 364362 566991 716980 228503 37208 276077 742687 633157 619547 760718 118811 490547 279711 794822 512828 187024 625348 665055 392942 722929 377183 713174 617359 300845 186235 70026 169232 252302 449531 786575 482997 217196 402972 1 657788 73727 671601 576227 691651 20972 210207 609271 714661 227427 845560 205058 92406 251462 183844 744365 438625 137169 401754 459583 180583 670683 771489 264795 654025 750183 320767 528359 352140 225699 109178 746387 441721 720319 608104 428924
 293745 535085 292915 762100 659953 859026 632912 1050958 42862 454055 570706 847390 803955 628664 202953 516586 1056259 241540 826841 127079 349000 723976 791410 410696 843682 684488 742643 660658 411971 491522 284638 830646 317065 657788 1 587551 133718 569463 231692 652650 591950 686888 57454 828034 403992 859767 723867 406668 618200 719516 315996 530616 885554 521739 505640 404331 693848 611622 252031 523757 906413 131798 432901 802803 551701 226932 938706 245951 141244 239030
 295270 543500 643941 242428 92482 339584 720822 678802 548648 718900 98655 521157 295289 768897 439193 153080 672757 608417 431925 657317 304209 704504 626006 252087 256555 128275 192884 228369 381870 746954 428850 262549 329514 73727 587551 1 598217 556826 633703 65173 209675 603725 644116 267645 794604 278552 141394 180961 193601 732690 386180 63654 450700 438295 138349 628112 754654 226518 598394 715880 386035 459331 284229 285800 36057 686381 494563 662585 534659 362899
 327265 650014 159223 735728 681064 902065 760196 1132761 121336 587275 603399 931306 771510 759301 160930 560370 1136030 374274 897396 253937 314339 844458 897347 471810 852577 710313 727017 623242 336979 624875 386658 817978 282475 671601 133718 598217 1 683982 365386 662492 647064 798931 137362 811853 535088 876659 724079 425214 668258 842942 408054 536178 950224 622341 544650 534232 820578 571462 383911 655172 950359 203241 385613 844795 562444 358036 1002988 379376 63757 300080
 459768 34419 826226 797618 547070 569063 166989 556078 564674 277812 462666 369361 850384 224338 615373 404280 568580 367178 416543 519339 622760 170726 233046 341551 709287 539274 742772 773302 746940 281520 301110 790074 615546 576227 569463 556826 683982 1 395978 589764 369477 118736 610134 802525 420312 686100 667972 486507 401620 185702 294468 554637 488452 118642 422199 226461 198247 753285 350548 217691 599387 486660 683762 535641 542896 452962 532195 409170 649728 423220
 362894 363000 524515 852012 681170 825986 419244 932933 252491 223678 581137 732575 900703 405200 388054 514146 942263 31767 741388 133002 492819 527046 628892 394568 872437 695255 817345 773092 590211 260614 211495 895496 466945 691651 231692 633703 365386 395978 1 693610 557381 513525 248205 898577 188701 873905 774770 467856 590615 514828 257377 591763 809013 391698 513750 189069 480636 731398 48348 299048 869130 243209 578791 775131 601916 62567 860455 28964 362534 286796
 360054 579590 703918 211370 57816 295355 755849 654081 613811 768605 128819 511143 263186 807075 502957 195270 646218 667560 413858 721040 364316 729020 635882 305656 191397 90947 153494 231407 432916 795148 486330 208312 390956 20972 652650 65173 662492 589764 693610 1 226162 625585 709255 216829 850410 215220 83206 246001 201291 759668 442533 126405 422616 472500 186424 678262 785771 243975 656940 760250 339491 524165 335813 245757 101197 747441 462339 722387 598852 426647
 321120 363578 736161 437474 178553 271595 536461 510707 562128 579920 111892 329243 489340 591434 508006 97015 509239 527164 261495 622036 421533 502998 416339 181328 345485 170149 379281 438035 531161 601211 348510 420831 434254 210207 591950 209675 647064 369477 557381 226162 1 399431 648622 433869 684168 331296 300211 250917 35223 534247 303150 235394 305327 256048 119965 493547 562546 432996 513103 556859 317325 462088 440132 218427 210812 617967 357361 584090 588970 354423
 555712 152974 937935 836901 576119 545600 195616 460498 680624 374035 505515 293753 888739 262350 721871 457462 475288 485199 366823 637945 714165 106234 119211 421121 716824 561100 778496 828924 838346 368859 413299 813793 710510 609271 686888 603725 798931 118736 513525 625585 399431 1 728424 828741 521298 685471 697549 564808 426092 143604 400716 613159 435698 194386 478683 337631 188926 815363 468676 298751 567700 599295 767667 522965 596244 569376 471893 525571 762185 528054
 350888 575724 290701 814528 717183 916190 662064 1102789 95903 471526 628152 899056 855382 652563 246157 573938 1108551 264398 881261 122526 397618 759612 835699 467304 900417 741870 796704 710729 450428 507951 334286 885255 365237 714661 57454 644116 137362 610134 248205 709255 648622 728424 1 882167 403624 916944 779767 463363 675181 752554 368271 586638 940771 569487 563083 431312 723407 660936 277350 546608 963510 189242 479527 860038 608205 228558 993912 256396 168105 296310
 547109 794128 816943 93488 255509 383158 969288 768857 786564 984743 345376 668340 104526 1022084 651927 412037 756104 874222 560006 911660 497627 934008 823800 519317 158978 267649 85488 213937 518134 1011715 696082 22163 529379 227427 828034 267645 811853 802525 898577 216829 433869 828741 882167 1 1062142 214229 135032 434001 403892 966862 653758 307460 543233 686575 402097 894195 996407 262580 864750 977028 409264 707023 435922 359320 297159 949251 567215 927531 748949 620093
 542799 395588 693006 1023137 829904 939680 365443 976021 432218 148083 729503 788139 1073342 323278 575705 660615 988817 200766 821748 281802 680260 495987 640166 544846 1018705 838526 983896 951803 778907 163821 366431 1056918 655044 845560 403992 794604 535088 420312 188701 850410 684168 521298 403624 1062142 1 1012923 933250 640532 719145 470016 408429 759457 893010 466818 664981 201821 420217 912364 204853 232561 978521 431909 765705 894166 765479 177172 940897 164640 542323 467622
 566057 686125 918110 287196 199937 175884 850773 558284 822425 911187 295116 478965 316147 910430 717727 360066 544587 845343 368371 917858 579000 791491 657165 479665 55354 179334 235893 379587 639315 931986 662446 192152 606069 205058 859767 278552 876659 686100 873905 215220 331296 685471 916944 214229 1012923 1 175424 455116 296090 828612 616645 341371 339142 580966 363105 824709 866968 414025 832697 885304 196077 729142 544165 168742 314222 931709 357162 901876 813153 626517
 434164 659196 751854 149213 121726 303086 834608 681591 683919 851699 210725 557802 196515 887105 563268 278120 671435 749164 453832 797758 416338 802201 699226 388660 134610 139331 87220 210538 466365 878052 568597 125271 445609 92406 723867 141394 724079 667972 774770 83206 300211 697549 779767 135032 933250 175424 1 319359 271526 834225 525121 193294 450011 551698 269629 761406 862556 240117 738839 842384 340597 597608 372927 264150 175136 827740 482949 803619 660341 503534
 114806 463783 492360 384215 256794 480975 635705 761529 368109 586222 180665 575350 433412 672254 271430 154061 760150 445549 512315 479040 171029 652419 620571 145181 437055 285148 350914 314507 286302 618624 277433 433168 183673 251462 406668 180961 425214 486507 467856 246001 250917 564808 463363 434001 640532 455116 319359 1 261480 672004 242374 127223 552238 374078 132373 496394 680497 281285 437793 600912 529359 278549 204471 423699 145271 516202 602747 496776 362666 186100
 341128 396874 751608 412296 150031 241842 568558 504727 587141 615108 101133 331886 463530 624396 525283 109392 501815 560603 254125 652399 429976 530685 435493 208982 310953 137785 352911 420884 535044 636269 380898 390089 445008 183844 618200 193601 668258 401620 590615 201291 35223 426092 675181 403892 719145 296090 271526 261480 1 563023 335277 227928 290760 289624 129230 528769 593048 419725 546736 591450 288573 487461 441698 187178 200483 650875 341475 617536 609030 379616
 643293 211819 992090 970199 712501 688780 104573 565146 721717 325515 635915 423614 1022547 158013 790562 582218 582527 491741 506322 647014 807198 42072 220433 526915 859022 699680 913129 953724 931133 306402 473054 952628 798828 744365 719516 732690 842942 185702 514828 759668 534247 143604 752554 966862 470016 828612 834225 672004 563023 1 473678 735564 573279 300204 601678 325824 58922 935937 477080 238055 709770 653977 869357 666560 721699 561257 605829 519185 815435 601789
 175035 263567 538826 617652 425622 574246 416307 734972 297646 343857 325140 531397 668818 442797 321527 257347 740415 228735 514932 321833 339802 464456 491407 138321 616491 438298 576185 556664 461650 376397 45934 648514 327674 438625 315996 386180 408054 294468 257377 442533 303150 400716 368271 653758 408429 616645 525121 242374 335277 473678 1 353296 577047 215206 258648 254111 468734 523243 216487 362489 619012 204828 411724 521575 357463 316314 629960 285236 364933 128765
 241687 537728 580326 264356 154657 399721 714642 726735 490843 693576 126803 559806 315683 758599 376553 155974 721901 568115 477279 606236 240648 710236 646946 228117 316741 189417 225599 218679 322408 723642 393225 306062 265872 137169 530616 63654 536178 554637 591763 126405 235394 613159 586638 307460 759457 341371 193294 127223 227928 735564 353296 1 502133 436434 134525 602731 752773 202372 559293 698007 446802 404535 225125 344743 31889 641828 548053 620726 472510 313103
 625945 504565 1041250 595748 366859 163293 628242 232140 859247 760467 381846 159125 636304 694471 813331 399338 223609 777282 71971 897143 720036 531735 365209 479089 389810 331756 535005 651361 820888 768679 617878 522279 735718 401754 885554 450700 950224 488452 809013 422616 305327 435698 940771 543233 893010 339142 450011 552238 290760 573279 577047 502133 1 427220 419952 691191 623890 666540 761148 706140 156960 759231 725223 186489 470997 871578 53152 831991 893251 653178
 361658 107714 753542 679426 431590 480066 283392 542607 508677 341407 344761 341027 732235 335812 532295 285649 551196 360164 356719 497785 519872 278474 276307 229108 600109 426132 625111 655030 644113 356486 237697 674794 516174 459583 521739 438295 622341 118642 391698 472500 256048 194386 569487 686575 466818 580966 551698 374078 289624 300204 215206 436434 427220 1 303620 265314 316837 635945 343369 304891 515719 419444 575109 440139 424293 453618 476410 411841 580135 338497
 218109 407072 622814 380604 167421 357617 584449 630376 471481 582646 68010 448238 433420 631231 397766 24053 628510 486338 380529 555300 302039 575856 515983 120456 358707 183840 330747 352050 411383 609855 303546 394585 316028 180583 505640 138349 544650 422199 513750 186424 119965 478683 563083 402097 664981 363105 269629 132373 129230 601678 258648 134525 419952 303620 1 492127 620439 336695 474771 577631 405831 373843 321396 300462 120724 570105 470682 542178 484079 267590
 420173 198108 690106 866070 650774 741443 231034 781244 413947 90908 552190 589214 918026 225206 515542 483661 793034 167391 619959 321651 578839 339389 456252 376534 835168 655089 820783 810345 693834 122300 224543 886569 560504 670683 404331 628112 534232 226461 189069 678262 493547 337631 431312 894195 201821 824709 761406 496394 528769 325824 254111 602731 691191 265314 492127 1 292462 777352 153966 123439 779089 366913 657490 697804 602976 237121 739183 194184 517411 354528
 641994 216915 972846 994763 741047 733095 61436 623445 699290 279355 659673 477275 1047433 101284 778942 602368 640637 459850 555571 613597 806935 98930 277304 536592 894881 730664 939131 971451 929895 256519 462411 983076 796277 771489 693848 754654 820578 198247 480636 785771 562546 188926 723407 996407 420217 866968 862556 680497 593048 58922 468734 752773 623890 316837 620439 292462 1 950768 446178 191485 756322 637839 873195 707853 741126 523126 658350 482280 797015 594636
 369605 734384 558549 173266 300035 534646 909932 897744 568796 866801 321227 747148 201269 950189 417731 358344 890119 713022 654868 713555 263338 911615 847917 416783 367263 334785 189820 52376 257599 899639 556079 275878 295802 264795 611622 226518 571462 753285 731398 243975 432996 815363 660936 262580 912364 414025 240117 281285 419725 935937 523243 202372 666540 635945 336695 777352 950768 1 707588 881850 575862 506899 185889 488201 222613 771970 706079 759663 511168 445209
 337991 317161 541688 821635 641984 780508 384794 884789 265728 205243 541571 684278 871187 376843 386549 473820 894037 16958 693327 171074 478028 486977 583067 354705 832956 654682 784702 747437 581841 243299 171226 860820 454219 654025 252031 598394 383911 350548 48348 656940 513103 468676 277350 864750 204853 832697 738839 437793 546736 477080 216487 559293 761148 343369 474771 153966 446178 707588 1 271728 823225 237444 562624 730252 567607 110686 812483 71572 373190 262779
 534621 205053 812033 957461 726146 781258 133709 759056 535678 87938 631690 582614 1010082 106182 638644 565434 773468 282942 634234 431239 696306 263493 415190 469949 902337 725185 908328 911445 813498 71029 339674 967374 679521 750183 523757 715880 655172 217691 299048 760250 556859 298751 546608 977028 232561 885304 842384 600912 591450 238055 362489 698007 706140 304891 577631 123439 191485 881850 271728 1 813890 490286 772550 743945 694280 335503 749560 296579 640285 472821
 623872 608840 1019637 474938 293679 48396 752621 363052 874555 857097 348705 312889 508975 817144 800570 391477 348824 838155 208048 939215 683684 669367 512483 497474 250610 257792 417978 550815 767898 870765 663719 387369 705128 320767 906413 386035 950359 599387 869130 339491 317325 567700 963510 409264 978521 196077 340597 529359 288573 709770 619012 446802 156960 515719 405831 779089 756322 575862 823225 813890 1 775287 670255 105727 415087 930745 163564 894760 889352 667517
 164118 453322 339635 646521 529215 727754 579461 933166 100179 437630 439032 730683 691138 588752 149880 384936 937256 235479 702756 207387 254199 651556 695024 281422 714546 553130 622159 553020 347006 475563 186022 708180 226143 528359 131798 459331 203241 486660 243209 524165 462088 599295 189242 707023 431909 729142 597608 278549 487461 653977 204828 404535 759231 419444 373843 366913 637839 506899 237444 490286 775287 1 341006 671377 423789 271031 812338 268339 163082 107845
 237935 658501 382247 353618 376602 623756 824488 946107 390124 742419 344075 769309 386562 854330 234025 345326 942478 565075 695540 542536 86818 852204 824965 346552 507514 412501 354028 237861 97644 778062 433459 445248 116681 352140 432901 284229 385613 683762 578791 335813 440132 767667 479527 435922 765705 544165 372927 204471 441698 869357 411724 225125 725223 575109 321396 657490 873195 185889 562624 772550 670255 341006 1 569440 256980 611783 772197 605705 325727 304696
 518568 540223 914425 409260 194785 57337 696458 417492 770292 779692 243035 312391 450201 758531 694857 286777 407319 744640 202310 839575 579445 628282 488896 395736 212188 158327 348591 468915 666958 796478 566916 338971 600283 225699 802803 285800 844795 535641 775131 245757 218427 522965 860038 359320 894166 168742 264150 423699 187178 666560 521575 344743 186489 440139 300462 697804 707853 488201 730252 743945 105727 671377 569440 1 312870 836040 219393 801511 783687 563777
 259833 527675 610437 263525 123687 367927 705016 696412 512692 693877 99800 531902 315941 751041 403702 139507 691303 577197 447443 622690 271102 695059 625331 226483 292592 157960 218787 232708 354292 722858 399155 293582 295483 109178 551701 36057 562444 542896 601916 101197 210812 596244 608205 297159 765479 314222 175136 145271 200483 721699 357463 31889 470997 424293 120724 602976 741126 222613 567607 694280 415087 423789 256980 312870 1 653728 516594 630845 498932 328405
 407244 420654 516313 899221 737362 887314 462250 994102 256657 252804 637847 794272 946905 440967 406498 571651 1003679 94318 803938 106032 525044 576413 685981 452046 928663 752667 866962 815508 614144 286786 270406 947030 497158 746387 226932 686381 358036 452962 62567 747441 617967 569376 228558 949251 177172 931709 827740 516202 650875 561257 316314 641828 871578 453618 570105 237121 523126 771970 110686 335503 930745 271031 611783 836040 653728 1 923019 43812 366158 331578
 678292 549980 1092756 625647 408049 184186 666383 201643 912368 806474 430075 183251 663690 732963 865274 450512 189408 828704 119732 949765 769578 563907 391876 532060 410336 372186 566005 688190 868416 813370 670589 545711 785951 441721 938706 494563 1002988 532195 860455 462339 357361 471893 993912 567215 940897 357162 482949 602747 341475 605829 629960 548053 53152 476410 470682 739183 658350 706079 812483 749560 163564 812338 772197 219393 516594 923019 1 883140 945799 706209
 391475 376918 538557 880914 709591 851956 421165 951391 270266 216632 609467 752071 929552 402571 411069 542292 961165 56933 763820 136148 519507 533571 642180 422779 900822 723376 846309 801593 615035 252209 239445 924423 493167 720319 245951 662585 379376 409170 28964 722387 584090 525571 256396 927531 164640 901876 803619 496776 617536 519185 285236 620726 831991 411841 542178 194184 482280 759663 71572 296579 894760 268339 605705 801511 630845 43812 883140 1 380650 315364
 268020 616338 176818 673767 617986 841003 737674 1080312 110386 578432 541662 880131 710438 742170 97345 500517 1082900 366031 842102 268322 251845 814069 856313 416575 788847 647569 663978 562633 284824 616480 349030 754814 219706 608104 141244 534659 63757 649728 362534 598852 588970 762185 168105 748949 542323 813153 660341 362666 609030 815435 364933 472510 893251 580135 484079 517411 797015 511168 373190 640285 889352 163082 325727 783687 498932 366158 945799 380650 1 248710
 76112 392270 417042 567682 426821 620048 540338 832768 207718 437986 333834 631787 615368 561381 193979 277683 835952 267819 598264 294433 224339 593186 614103 174338 614913 448943 536776 486313 340931 473982 134465 619163 206734 428924 239030 362899 300080 423220 286796 426647 354423 528054 296310 620093 467622 626517 503534 186100 379616 601789 128765 313103 653178 338497 267590 354528 594636 445209 262779 472821 667517 107845 304696 563777 328405 331578 706209 315364 248710 1
LAMBDA_SECTION
1 630
2 20
3 200
4 649
5 802
6 597
7 484
8 261
9 526
10 721
11 682
12 718
13 990
14 148
15 17
16 299
17 760
18 212
19 499
20 567
21 721
22 1000
23 166
24 487
25 398
26 23
27 153
28 970
29 672
30 363
31 214
32 201
33 159
34 18
35 268
36 489
37 527
38 313
39 331
40 85
41 634
42 420
43 955
44 669
45 122
46 859
47 956
48 153
49 197
50 966
51 540
52 696
53 206
54 853
55 978
56 156
57 577
58 779
59 56
60 900
61 424
62 86
63 314
64 110
65 297
66 826
67 383
68 160
69 497
70 555
