NAME : domp20p5v10
COMMENT : Cherkesly, Contardo & Gruson 2022
TYPE : DOMP
DIMENSION : 20
DISPLAY_DATA_TYPE : NO_DISPLAY
OPEN_FACILITIES : 5
COST_SECTION
 1 708900 601002 358722 236057 301047 902599 451279 438906 514258 506373 65047 414752 1026655 770802 245424 232942 546301 126396 719514
 708900 1 161004 787455 809380 532937 818234 852742 495671 986631 404276 723259 513358 361811 64544 621341 602537 950923 585521 125686
 601002 161004 1 634044 669425 489507 682184 695344 495649 830464 243365 604170 354404 425938 201152 477289 461106 791889 474625 118622
 358722 787455 634044 1 152978 603960 614682 95136 730788 204112 419086 295254 288787 1009118 834892 187910 213276 199807 353301 738310
 236057 809380 669425 152978 1 519558 762245 231348 654857 278211 491625 171607 365101 1074002 864005 193481 208324 315496 278124 783196
 301047 532937 489507 603960 519558 1 1014518 698552 137864 789518 530362 355613 509270 890021 597190 429276 404487 803494 250843 592920
 902599 818234 682184 614682 762245 1014518 1 574145 1090969 666563 496984 854267 509940 792109 821641 657176 671108 580299 823781 699572
 451279 852742 695344 95136 231348 698552 574145 1 824303 137443 466224 387031 341597 1049075 896326 277230 302963 107420 448103 793057
 438906 495671 495649 730788 654857 137864 1090969 824303 1 921320 595332 492988 600748 857226 556555 549717 524185 930560 381035 580890
 514258 986631 830464 204112 278211 789518 666563 137443 921320 1 603493 449653 477830 1186155 1031601 390433 415252 87288 540295 929781
 506373 404276 243365 419086 491625 530362 496984 466224 595332 603493 1 483849 130853 590382 438696 303900 298613 556587 392671 328455
 65047 723259 604170 295254 171607 355613 854267 387031 492988 449653 483849 1 380727 1027081 783379 200663 193618 481326 140956 722608
 414752 513358 354404 288787 365101 509270 509940 341597 600748 477830 130853 380727 1 721206 555045 185930 187457 437625 318364 452105
 1026655 361811 425938 1009118 1074002 890021 792109 1049075 857226 1186155 590382 1027081 721206 1 300987 880914 869080 1128997 900261 308056
 770802 64544 201152 834892 864005 597190 821641 896326 556555 1031601 438696 783379 555045 300987 1 673968 656205 992070 646683 123404
 245424 621341 477289 187910 193481 429276 657176 277230 549717 390433 303900 200663 185930 880914 673968 1 25753 384575 186481 590078
 232942 602537 461106 213276 208324 404487 671108 302963 524185 415252 298613 193618 187457 869080 656205 25753 1 410293 164200 575252
 546301 950923 791889 199807 315496 803494 580299 107420 930560 87288 556587 481326 437625 1128997 992070 384575 410293 1 552688 885016
 126396 585521 474625 353301 278124 250843 823781 448103 381035 540295 392671 140956 318364 900261 646683 186481 164200 552688 1 593159
 719514 125686 118622 738310 783196 592920 699572 793057 580890 929781 328455 722608 452105 308056 123404 590078 575252 885016 593159 1
LAMBDA_SECTION
1 977
2 187
3 826
4 609
5 529
6 371
7 203
8 910
9 793
10 506
11 164
12 935
13 724
14 41
15 472
16 425
17 429
18 354
19 322
20 499
