NAME : domp20p6v2
COMMENT : Cherkesly, Contardo & Gruson 2022
TYPE : DOMP
DIMENSION : 20
DISPLAY_DATA_TYPE : NO_DISPLAY
OPEN_FACILITIES : 6
COST_SECTION
 1 697716 796946 1120631 768937 380114 821380 830152 176340 935676 655609 782789 534158 164862 554040 906363 166742 728399 363732 848896
 697716 1 493353 423417 415293 584183 132012 180062 852646 431144 319658 305068 359655 551638 529586 270358 559200 405861 405020 182187
 796946 493353 1 674347 901257 454851 571339 403471 874104 228933 788579 206006 777648 734425 272079 389436 632261 93979 446506 636815
 1120631 423417 674347 1 643810 958113 309993 319142 1271931 470239 627272 486354 723292 974602 846706 289395 977285 629731 805602 311126
 768937 415293 901257 643810 1 853523 400594 571113 945267 841031 131222 720218 235861 606187 873219 651554 706838 809808 658152 356898
 380114 584183 454851 958113 853523 1 714317 639193 422730 641227 722339 513638 640691 390356 186622 688500 243714 410711 196698 765865
 821380 132012 571339 309993 400594 714317 1 182744 980194 456601 342853 367714 421416 669822 648058 253473 688129 493005 537011 65477
 830152 180062 403471 319142 571113 639193 182744 1 970146 274282 491529 197639 539685 698604 532270 90445 676629 336263 494195 245529
 176340 852646 874104 1271931 945267 422730 980194 970146 1 1041046 831477 896366 710458 340467 609321 1040026 294711 819187 480812 1012281
 935676 431144 228933 470239 841031 641227 456601 274282 1041046 1 750760 158684 776984 839270 475273 215266 769452 232209 571975 517811
 655609 319658 788579 627272 131222 722339 342853 491529 831477 750760 1 618284 126206 491011 744867 578260 581567 695649 526936 318343
 782789 305068 206006 486354 720218 513638 367714 197639 896366 158684 618284 1 630960 681493 370201 197027 617597 143814 420269 433071
 534158 359655 777648 723292 235861 640691 421416 539685 710458 776984 126206 630960 1 370656 691012 629846 473977 683692 452025 412542
 164862 551638 734425 974602 606187 390356 669822 698604 340467 839270 491011 681493 370656 1 528954 780435 150798 654140 288665 692629
 554040 529586 272079 846706 873219 186622 648058 532270 609321 475273 744867 370201 691012 528954 1 561971 399560 243833 256627 707972
 906363 270358 389436 289395 651554 688500 253473 90445 1040026 215266 578260 197027 629846 780435 561971 1 748902 340347 560083 309803
 166742 559200 632261 977285 706838 243714 688129 676629 294711 769452 581567 617597 473977 150798 399560 748902 1 561990 197568 723507
 728399 405861 93979 629731 809808 410711 493005 336263 819187 232209 695649 143814 683692 654140 243833 340347 561990 1 369582 558189
 363732 405020 446506 805602 658152 196698 537011 494195 480812 571975 526936 420269 452025 288665 256627 560083 197568 369582 1 583214
 848896 182187 636815 311126 356898 765865 65477 245529 1012281 517811 318343 433071 412542 692629 707972 309803 723507 558189 583214 1
LAMBDA_SECTION
1 917
2 743
3 577
4 807
5 468
6 548
7 96
8 378
9 14
10 532
11 528
12 584
13 236
14 170
15 591
16 443
17 253
18 310
19 229
20 879
