NAME : domp50p16v2
COMMENT : Cherkesly, Contardo & Gruson 2022
TYPE : DOMP
DIMENSION : 50
DISPLAY_DATA_TYPE : NO_DISPLAY
OPEN_FACILITIES : 16
COST_SECTION
 1 746922 365829 478442 750778 422987 534765 694341 291528 197488 587410 711442 557407 665754 415137 504805 160490 769760 352192 636889 303479 795183 227614 700677 419485 672979 706412 606397 307336 744083 380978 327827 202241 707881 367099 417336 186252 355101 398559 639145 391494 736154 95237 421698 242698 358883 482100 581895 698478 151177
 746922 1 778434 487328 653444 324448 886372 166058 895951 558848 721434 758198 207476 251776 331961 400240 747246 26222 654835 291441 936445 65272 957661 758414 761533 446779 776243 140748 458687 471333 590056 592056 887058 465424 573642 916263 893509 671571 391072 491988 548800 448237 773093 1084478 983915 815115 290037 412366 566634 885982
 365829 778434 1 315177 467075 504272 894828 804487 187493 434250 259744 382089 573132 587137 514129 394546 205726 804635 123742 543448 231378 801399 528722 369964 769282 486956 370425 653278 366293 544639 190992 631306 273538 510846 662738 138610 524327 107236 584716 431014 232045 547933 279405 357237 419971 721122 493597 430909 450421 467997
 478442 487328 315177 1 299606 297507 901513 552270 476003 399592 249031 327989 297697 273343 317689 87120 380159 513243 198291 228893 521440 499624 701141 322742 760281 197718 337529 382526 234158 267373 130422 578882 515277 230932 594059 452026 664563 212150 434280 160927 97073 262078 442910 662524 651169 752495 236161 119341 228845 625949
 750778 653444 467075 299606 1 577299 1200913 770400 654562 697774 217590 143802 524073 402120 599607 337624 620916 675212 407596 366417 698071 635847 959950 152056 1059819 207210 167844 599268 533740 193669 369812 878178 731472 189441 892238 565762 935009 410640 722877 174221 364104 214635 694423 812480 877785 1049447 494973 270759 89259 888673
 422987 324448 504272 297507 577299 1 668267 303526 589016 241395 541272 625184 142672 292057 23096 239719 431266 347919 388863 283820 626304 372470 638275 620185 528129 402210 635034 183709 144704 465750 339158 339237 567389 437587 339746 634537 577511 405450 148876 407443 304093 447681 450354 773127 659553 552220 95041 312368 492765 564918
 534765 886372 894828 901513 1200913 668267 1 744474 817658 504580 1083974 1200133 794514 957520 646048 881284 693289 896980 852143 952076 818626 951192 500074 1191097 141990 1058584 1200577 783608 667950 1126632 854582 330408 710994 1095256 329587 950921 444613 860353 528004 1049218 845968 1110564 629156 899124 653611 176418 763167 963093 1127863 500633
 694341 166058 804487 552270 770400 303526 744474 1 891073 497165 799830 857370 256345 376071 299031 470369 730150 165708 685339 405369 927061 228077 885150 855529 628999 564793 872555 173454 447973 602914 628632 477597 861076 589969 451656 936969 815884 702226 301184 599236 589633 580029 739676 1072640 936953 694576 319852 507972 681278 819010
 291528 895951 187493 476003 654562 589016 817658 891073 1 439309 445085 564503 688826 736394 592047 544119 166757 921587 278989 695656 45702 928775 381452 552185 709612 662188 550726 760660 444539 723882 345590 611352 114480 688965 648757 144234 397728 267282 627754 609447 381534 725044 198052 190226 247022 641446 606044 595269 635712 337036
 197488 558848 434250 399592 697774 241395 504580 497165 439309 1 584416 697239 383047 515897 228827 392102 273730 580455 361422 495973 465117 611195 398862 688620 365205 571311 698938 420042 171469 642094 353050 200076 379935 608113 228950 532336 336339 372679 201785 553275 341717 629134 256097 600451 440170 353250 318044 474965 627979 327448
 587410 721434 259744 249031 217590 541272 1083974 799830 445085 584416 1 125282 543876 482022 559788 329638 439769 746522 236356 437163 486987 723131 777864 113894 947737 315527 119063 628278 447216 349195 231569 781092 532047 323926 803586 348422 763429 232315 667878 254911 250162 361181 516066 595818 678915 919428 485190 311044 230571 711444
 711442 758198 382089 327989 143802 625184 1200133 857370 564503 697239 125282 1 602470 508053 645620 394048 565001 781754 359445 466782 604878 749183 903100 12403 1062210 318199 24065 683918 549275 325747 345653 890386 655423 312063 910303 456237 888485 356538 761321 266634 356375 343940 641263 704371 802039 1038330 556336 350138 203754 836700
 557407 207476 573132 297697 524073 142672 794514 256345 688826 383047 543876 602470 1 166841 159569 214244 542704 233386 450015 175230 729701 242816 777252 600202 657252 324886 617034 84837 256997 375952 387200 470947 683900 355313 465252 710313 718257 466881 266552 350225 346396 354697 573548 877757 787900 689362 82814 255532 435007 702887
 665754 251776 587137 273343 402120 292057 957520 376071 736394 515897 482022 508053 166841 1 313127 193460 613969 274403 466468 45597 780720 242373 892488 508889 818654 195110 526875 215706 359636 226850 397521 630464 756303 215808 627946 724835 840512 481687 430180 241420 357920 203961 660956 925964 877925 844008 200514 171948 314896 816297
 415137 331961 514129 317689 599607 23096 646048 299031 592047 228827 559788 645620 159569 313127 1 261984 431997 354626 400863 306071 628312 382574 627224 640425 506185 425291 655087 191898 150146 488828 353666 317516 565953 460681 317226 642534 565118 417260 125794 430157 319812 470721 447182 774425 653773 531963 117714 335267 515360 554650
 504805 400240 394546 87120 337624 239719 881284 470369 544119 392102 329638 394048 214244 193460 261984 1 430164 426138 273114 151570 588808 413094 731872 390612 739294 179336 406791 298682 220681 249996 204234 552497 570637 216192 562164 532745 687966 288499 385709 170299 164461 237605 484561 733210 699148 743005 162484 82917 254131 655572
 160490 747246 205726 380159 620916 431266 693289 730150 166757 273730 439769 565001 542704 613969 431997 430164 1 772282 213335 577477 197836 785331 339959 553658 572740 577404 557651 608836 289196 645612 260373 454144 142827 609249 489898 266731 324222 211540 461214 533803 283944 641842 76424 342508 271040 518172 460432 495887 580356 271733
 769760 26222 804635 513243 675212 347919 896980 165708 921587 580455 746522 781754 233386 274403 354626 426138 772282 1 681044 315016 961948 63234 979062 782151 774113 469004 800027 164540 483489 491330 616276 607471 911796 486641 587752 942442 914319 697783 408742 515307 575020 468289 797294 1109963 1007465 830057 315825 436965 588902 907815
 352192 654835 123742 198291 407596 388863 852143 685339 278989 361422 236356 359445 450015 466468 400863 273114 213335 681044 1 423611 324640 677739 552850 348856 718460 383979 355352 530912 258528 447592 68980 561379 331472 412060 588231 262186 531807 16946 483814 333307 109085 447411 287496 464291 474954 684984 371297 317036 370404 482781
 636889 291441 543448 228893 366417 283820 952076 405369 695656 495973 437163 466782 175230 45597 306071 151570 577477 315016 423611 1 740278 286289 864312 467138 811875 159656 485024 237955 333767 202049 354632 622839 719212 185134 623230 680806 814628 438571 427940 200622 315615 180200 627239 884775 843692 831953 189113 126581 277937 787929
 303479 936445 231378 521440 698071 626304 818626 927061 45702 465117 486987 604878 729701 780720 628312 588808 197836 961948 324640 740278 1 970469 363986 592515 716263 707889 590357 800187 482399 769511 391053 628921 107637 734627 667238 168550 388334 312983 657965 655086 426680 770732 214621 148057 219141 643299 646887 640737 680676 327615
 795183 65272 801399 499624 635847 372470 951192 228077 928775 611195 723131 749183 242816 242373 382574 413094 785331 63234 677739 286289 970469 1 1009796 750461 825553 432424 768513 191386 499482 447432 610963 654156 926702 446411 636818 939924 947146 694164 451130 482889 569664 424704 815843 1118426 1029158 877463 324910 412094 551702 937060
 227614 957661 528722 701141 959950 638275 500074 885150 381452 398862 777864 903100 777252 892488 627224 731872 339959 979062 552850 864312 363986 1009796 1 891513 437136 897513 894443 818824 533122 968155 593852 444044 267727 931788 482998 525671 73612 551498 584021 860744 610196 961188 265528 408611 159984 342043 705117 807909 914927 76437
 700677 758414 369964 322742 152056 620185 1191097 855529 552185 688620 113894 12403 600202 508889 640425 390612 553658 782151 348856 467138 592515 750461 891513 1 1053437 320497 18147 682088 542014 330647 336518 882366 643353 315747 902658 443868 877294 345656 755329 267597 348261 348341 629959 692019 789930 1028779 552645 349041 207846 825319
 419485 761533 769282 760281 1059819 528129 141990 628999 709612 365205 947737 1062210 657252 818654 506185 739294 572740 774113 718460 811875 716263 825553 437136 1053437 1 916658 1063403 651555 526446 984832 717204 189185 609534 953348 192548 836234 370265 727578 390992 907299 706918 968900 514685 812268 576309 100382 622794 821121 986180 417736
 672979 446779 486956 197718 207210 402210 1058584 564793 662188 571311 315527 318199 324886 195110 425291 179336 577404 469004 383979 159656 707889 432424 897513 320497 916658 1 338642 395509 399845 71554 321317 728788 710422 36871 736088 615112 858405 394939 551084 61115 293489 64438 640596 843290 848227 922276 311014 96423 119899 821912
 706412 776243 370425 337529 167844 635034 1200577 872555 550726 698938 119063 24065 617034 526875 655087 406791 557651 800027 355352 485024 590357 768513 894443 18147 1063403 338642 1 699138 554408 348420 346202 893579 643960 333798 914414 439032 881676 351344 769158 285632 359619 366254 634047 686773 790224 1037295 568581 366487 225806 829056
 606397 140748 653278 382526 599268 183709 783608 173454 760660 420042 628278 683918 84837 215706 191898 298682 608836 164540 530912 237955 800187 191386 818824 682088 651555 395509 699138 1 319696 439312 469604 472426 747693 422932 459603 789476 755807 547840 265883 426915 429163 416967 632766 948020 843177 695373 159686 334705 510015 746510
 307336 458687 366293 234158 533740 144704 667950 447973 444539 171469 447216 549275 256997 359636 150146 220681 289196 483489 258528 333767 482399 499482 533122 542014 526446 399845 554408 319696 1 470675 222386 344999 428376 436645 361870 492708 481165 274159 226512 383060 197122 457970 316559 629694 531520 523565 177247 303512 460030 457103
 744083 471333 544639 267373 193669 465750 1126632 602914 723882 642094 349195 325747 375952 226850 488828 249996 645612 491330 447592 202049 769511 447432 968155 330647 984832 71554 348420 439312 470675 1 387396 796438 776662 36454 802436 668249 929661 457478 614348 114463 361833 23126 710074 901861 915980 992354 372507 167221 123764 892697
 380978 590056 190992 130422 369812 339158 854582 628632 345590 353050 231569 345653 387200 397521 353666 204234 260373 616276 68980 354632 391053 610963 593852 336518 717204 321317 346202 469604 222386 387396 1 549603 389336 351309 572687 329568 565645 84297 448301 274279 41339 385437 329527 532360 529179 693148 310856 249686 321219 520958
 327827 592056 631306 578882 878178 339237 330408 477597 611352 200076 781092 890386 470947 630464 317516 552497 454144 607471 561379 622839 628921 654156 444044 882366 189185 728788 893579 472426 344999 796438 549603 1 530025 765369 40341 720012 370495 572750 207153 721605 534107 780212 414616 748994 543718 223391 433731 633705 802019 394377
 202241 887058 273538 515277 731472 567389 710994 861076 114480 379935 532047 655423 683900 756303 565953 570637 142827 911796 331472 719212 107637 926702 267727 643353 609534 710422 643960 747693 428376 776662 389336 530025 1 740630 569157 258510 283877 324480 579077 663096 418211 774667 123932 221471 146950 535684 602017 633088 701325 223078
 707881 465424 510846 230932 189441 437587 1095256 589969 688965 608113 323926 312063 355313 215808 460681 216192 609249 486641 412060 185134 734627 446411 931788 315747 953348 36871 333798 422932 436645 36454 351309 765369 740630 1 772375 636062 893547 422220 586443 79842 325427 38039 673621 867937 879691 959146 345599 133284 108494 856368
 367099 573642 662738 594059 892238 339746 329587 451656 648757 228950 803586 910303 465252 627946 317226 562164 489898 587752 588231 623230 667238 636818 482998 902658 192548 736088 914414 459603 361870 802436 572687 40341 569157 772375 1 754915 409396 600233 198731 732186 554873 785399 452713 788558 584052 243349 434786 642092 814056 434381
 417336 916263 138610 452026 565762 634537 950921 936969 144234 532336 348422 456237 710313 724835 642534 532745 266731 942442 262186 680806 168550 939924 525671 443868 836234 615112 439032 789476 492708 668249 329568 720012 258510 636062 754915 1 540466 245802 701876 556859 370653 673807 322221 248317 387168 774546 629970 565694 564518 480020
 186252 893509 524327 664563 935009 577511 444613 815884 397728 336339 763429 888485 718257 840512 565118 687966 324222 914319 531807 814628 388334 947146 73612 877294 370265 858405 881676 755807 481165 929661 565645 370495 283877 893547 409396 540466 1 532669 515176 825336 577550 921256 247810 454867 209400 278739 648889 766410 884421 60823
 355101 671571 107236 212150 410640 405450 860353 702226 267282 372679 232315 356538 466881 481687 417260 288499 211540 697783 16946 438571 312983 694164 551498 345656 727578 394939 351344 547840 274159 457478 84297 572750 324480 422220 600233 245802 532669 1 498940 343040 124999 457987 286789 451092 469112 692117 388232 330334 376854 482467
 398559 391072 584716 434280 722877 148876 528004 301184 627754 201785 667878 761321 266552 430180 125794 385709 461214 408742 483814 427940 657965 451130 584021 755329 390992 551084 769158 265883 226512 614348 448301 207153 579077 586443 198731 701876 515176 498940 1 554986 420087 595979 455256 797772 640805 429579 242191 460692 639737 518036
 639145 491988 431014 160927 174221 407443 1049218 599236 609447 553275 254911 266634 350225 241420 430157 170299 533803 515307 333307 200622 655086 482889 860744 267597 907299 61115 285632 426915 383060 114463 274279 721605 663096 79842 732186 556859 825336 343040 554986 1 251223 117101 600058 788095 803424 906345 322065 96851 86126 785930
 391494 548800 232045 97073 364104 304093 845968 589633 381534 341717 250162 356375 346396 357920 319812 164461 283944 575020 109085 315615 426680 569664 610196 348261 706918 293489 359619 429163 197122 361833 41339 534107 418211 325427 554873 370653 577550 124999 420087 251223 1 357925 348852 569676 554746 688550 270934 215662 307020 535910
 736154 448237 547933 262078 214635 447681 1110564 580029 725044 629134 361181 343940 354697 203961 470721 237605 641842 468289 447411 180200 770732 424704 961188 348341 968900 64438 366254 416967 457970 23126 385437 780212 774667 38039 785399 673807 921256 457987 595979 117101 357925 1 704887 904863 912658 978211 353859 155722 140553 885462
 95237 773093 279405 442910 694423 450354 629156 739676 198052 256097 516066 641263 573548 660956 447182 484561 76424 797294 287496 627239 214621 815843 265528 629959 514685 640596 634047 632766 316559 710074 329527 414616 123932 673621 452713 322221 247810 286789 455256 600058 348852 704887 1 344524 217125 452955 493295 555188 650713 195723
 421698 1084478 357237 662524 812480 773127 899124 1072640 190226 600451 595818 704371 877757 925964 774425 733210 342508 1109963 464291 884775 148057 1118426 408611 692019 812268 843290 686773 948020 629694 901861 532360 748994 221471 867937 788558 248317 454867 451092 797772 788095 569676 904863 344524 1 248787 729154 794943 781294 805391 398759
 242698 983915 419971 651169 877785 659553 653611 936953 247022 440170 678915 802039 787900 877925 653773 699148 271040 1007465 474954 843692 219141 1029158 159984 789930 576309 848227 790224 843177 531520 915980 529179 543718 146950 879691 584052 387168 209400 469112 640805 803424 554746 912658 217125 248787 1 487590 708740 766727 845357 158764
 358883 815115 721122 752495 1049447 552220 176418 694576 641446 353250 919428 1038330 689362 844008 531963 743005 518172 830057 684984 831953 643299 877463 342043 1028779 100382 922276 1037295 695373 523565 992354 693148 223391 535684 959146 243349 774546 278739 692117 429579 906345 688550 978211 452955 729154 487590 1 644156 825874 981114 330819
 482100 290037 493597 236161 494973 95041 763167 319852 606044 318044 485190 556336 82814 200514 117714 162484 460432 315825 371297 189113 646887 324910 705117 552645 622794 311014 568581 159686 177247 372507 310856 433731 602017 345599 434786 629970 648889 388232 242191 322065 270934 353859 493295 794943 708740 644156 1 225404 408148 629868
 581895 412366 430909 119341 270759 312368 963093 507972 595269 474965 311044 350138 255532 171948 335267 82917 495887 436965 317036 126581 640737 412094 807909 349041 821121 96423 366487 334705 303512 167221 249686 633705 633088 133284 642092 565694 766410 330334 460692 96851 215662 155722 555188 781294 766727 825874 225404 1 182969 731892
 698478 566634 450421 228845 89259 492765 1127863 681278 635712 627979 230571 203754 435007 314896 515360 254131 580356 588902 370404 277937 680676 551702 914927 207846 986180 119899 225806 510015 460030 123764 321219 802019 701325 108494 814056 564518 884421 376854 639737 86126 307020 140553 650713 805391 845357 981114 408148 182969 1 841565
 151177 885982 467997 625949 888673 564918 500633 819010 337036 327448 711444 836700 702887 816297 554650 655572 271733 907815 482781 787929 327615 937060 76437 825319 417736 821912 829056 746510 457103 892697 520958 394377 223078 856368 434381 480020 60823 482467 518036 785930 535910 885462 195723 398759 158764 330819 629868 731892 841565 1
LAMBDA_SECTION
1 898
2 271
3 409
4 167
5 731
6 565
7 299
8 73
9 256
10 979
11 644
12 768
13 99
14 271
15 794
16 935
17 137
18 990
19 642
20 982
21 18
22 857
23 373
24 959
25 192
26 871
27 619
28 576
29 607
30 986
31 572
32 341
33 56
34 722
35 548
36 850
37 216
38 876
39 340
40 75
41 155
42 162
43 940
44 946
45 28
46 824
47 929
48 755
49 520
50 660
