NAME : domp20p5v7
COMMENT : Cherkesly, Contardo & Gruson 2022
TYPE : DOMP
DIMENSION : 20
DISPLAY_DATA_TYPE : NO_DISPLAY
OPEN_FACILITIES : 5
COST_SECTION
 1 445783 337972 758585 784615 304755 168285 842003 363550 328568 192038 516909 395377 363839 443664 864502 419515 461071 88739 362941
 445783 1 311080 554983 615160 308032 291180 1081650 777696 489949 316927 96861 82804 809002 888699 688695 865292 321508 409145 83084
 337972 311080 1 421092 451424 33356 300592 770939 551236 187823 148586 315977 331972 660274 712999 532038 703658 124468 370238 259387
 758585 554983 421092 1 72472 454444 704066 851371 902917 503546 569404 479091 625441 1057619 1093029 134173 1092517 301853 788720 566933
 784615 615160 451424 72472 1 484493 744014 802493 899828 507759 599648 543502 682455 1066669 1095548 80722 1098046 340000 821648 620866
 304755 308032 33356 454444 484493 1 270692 774565 528112 182565 115297 323126 320617 630345 685235 565067 674768 156936 337281 249125
 168285 291180 300592 704066 744014 270692 1 956850 528510 382955 171557 373716 231124 522865 608400 824590 581245 404176 117977 211779
 842003 1081650 770939 851371 802493 774565 956850 1 594727 596693 805625 1079805 1091964 820405 766998 830047 801948 801767 929698 1022349
 363550 777696 551236 902917 899828 528112 528510 594727 1 402087 465161 828583 743262 229753 207780 968993 227190 662013 443871 696178
 328568 489949 187823 503546 507759 182565 382955 596693 402087 1 216197 503404 495355 559327 589591 582036 590481 271051 398229 426368
 192038 316927 148586 569404 599648 115297 171557 805625 465161 216197 1 363546 298890 534763 599339 680165 583785 269688 222704 239230
 516909 96861 315977 479091 543502 323126 373716 1079805 828583 503404 363546 1 179652 880383 954847 613232 934480 287936 490850 162683
 395377 82804 331972 625441 682455 320617 231124 1091964 743262 495355 298890 179652 1 753976 838459 758090 812151 369876 346914 72835
 363839 809002 660274 1057619 1066669 630345 522865 820405 229753 559327 534763 880383 753976 1 102628 1141362 62229 782937 409559 726419
 443664 888699 712999 1093029 1095548 685235 608400 766998 207780 589591 599339 954847 838459 102628 1 1167241 45552 832262 499197 805650
 864502 688695 532038 134173 80722 565067 824590 830047 968993 582036 680165 613232 758090 1141362 1167241 1 1171169 420481 902275 698013
 419515 865292 703658 1092517 1098046 674768 581245 801948 227190 590481 583785 934480 812151 62229 45552 1171169 1 824798 469328 782449
 461071 321508 124468 301853 340000 156936 404176 801767 662013 271051 269688 287936 369876 782937 832262 420481 824798 1 487009 300236
 88739 409145 370238 788720 821648 337281 117977 929698 443871 398229 222704 490850 346914 409559 499197 902275 469328 487009 1 329501
 362941 83084 259387 566933 620866 249125 211779 1022349 696178 426368 239230 162683 72835 726419 805650 698013 782449 300236 329501 1
LAMBDA_SECTION
1 501
2 891
3 515
4 894
5 687
6 645
7 39
8 157
9 861
10 238
11 19
12 45
13 761
14 415
15 773
16 878
17 150
18 306
19 701
20 718
