NAME : domp70p17v7
COMMENT : Cherkesly, Contardo & Gruson 2022
TYPE : DOMP
DIMENSION : 70
DISPLAY_DATA_TYPE : NO_DISPLAY
OPEN_FACILITIES : 17
COST_SECTION
 1 279766 112660 775558 604354 774999 54712 836875 390536 516736 163256 156473 390805 738807 658384 181613 157793 730069 501564 492883 527985 353073 292675 198305 620545 519319 350931 706965 502029 810373 360914 278255 304966 328908 411119 664304 504139 368807 557521 496386 545236 207395 716825 402750 341968 364518 722002 411190 137524 679522 420272 487041 497106 720580 426872 754532 679519 617826 497192 170490 200327 744016 657174 485271 328454 306057 385671 254379 231987 122029
 279766 1 373225 511651 366402 527365 282795 561993 367655 239214 387001 327923 331817 595154 418138 106745 233589 496879 223391 521686 424256 137597 238658 468097 377036 537815 129970 500867 335090 530741 571223 137347 453752 58381 662747 511895 278886 105715 285603 221788 491777 479915 454588 528785 439863 590263 619376 472872 388866 445615 147200 209845 218630 485518 210649 508380 423579 436652 219696 122284 441981 471712 529702 313342 93114 466851 295942 337860 489535 325193
 112660 373225 1 879431 713290 883101 90430 935088 379401 612433 70186 114465 499850 748950 767274 267659 183155 781328 596530 583884 533849 461258 404268 95366 680332 476395 458446 745696 535030 901276 253342 389318 371750 415277 299452 681344 560456 469950 657273 594393 649724 108494 821103 324729 423824 253350 715818 498251 27548 732555 503559 583059 591683 773064 536593 862840 785457 649257 582595 276463 89415 843960 664231 597844 403788 222526 402384 224216 120479 79679
 775558 511651 879431 1 197581 92666 789832 113933 803206 284330 898443 838983 543706 812430 156009 617963 742661 546972 301249 714983 764064 425739 555979 972244 476716 962550 426505 627140 635145 198498 1080955 508138 813876 484938 1173673 744922 515897 409881 228429 293171 580853 982466 59027 1016660 755783 1101505 894814 732547 897503 525552 421614 309714 306999 536092 361750 98664 102777 652408 355007 605113 952797 74426 796553 371934 520610 970025 707597 832530 998326 836668
 604354 366402 713290 197581 1 171474 626428 298273 707481 203609 741639 689603 346308 807117 54031 466260 598763 582832 215282 523608 707720 252092 362258 802658 480627 876114 255323 642521 584220 341301 933541 327785 616969 358449 1012049 729334 471518 261012 150933 190961 398478 811401 143823 893684 558206 949269 870773 536169 734014 546406 327626 212328 220234 570302 177881 150674 96216 635807 292070 437056 792847 209280 771078 174922 405177 833026 618406 703405 833694 680912
 774999 527365 883101 92666 171474 1 795404 201634 846271 322269 908997 854294 501091 886941 117940 630766 760953 629313 338233 656443 822359 422045 530330 973260 550349 1010451 424659 705578 694146 291156 1098146 499155 778148 510265 1181175 816139 575475 421961 262180 322922 515289 982245 101534 1047750 714663 1115575 964486 683269 903233 604243 460321 342529 344014 617966 349222 21063 107866 722549 403668 606640 961235 160948 865220 331000 551878 993264 752734 859628 1003335 847782
 54712 282795 90430 789832 626428 795404 1 844676 341076 522004 120277 102154 436266 696725 680297 177410 114412 704921 506111 546396 483833 374422 334661 185486 599711 465401 371133 675769 467570 811285 319640 306276 359068 325476 385775 624342 480980 380083 567023 504024 593929 197850 731655 349516 396617 327906 675122 465391 107922 655172 414526 492630 501274 696040 450892 775306 696651 583212 493277 189593 166832 753670 613885 518615 316374 254585 344102 200576 208564 69828
 836875 561993 935088 113933 298273 201634 844676 1 812238 323150 946501 882505 642369 768737 264392 668358 784317 490145 339475 821352 750655 498268 642855 1029673 442683 962365 497371 578026 623346 108516 1119619 582587 905298 525448 1222547 708818 506919 468269 279558 340874 690933 1041070 155235 1038944 851464 1143590 859568 833649 950783 478405 448499 352227 344616 480767 444190 211198 202721 620186 372466 667433 1002557 95925 764495 472535 552514 1002608 715502 862181 1051321 884903
 390536 367655 379401 803206 707481 846271 341076 812238 1 524166 326614 264937 678314 374787 753164 317596 234969 480801 508055 840320 162145 505045 573129 444574 419347 170699 497195 416450 221472 739330 385747 489490 690216 353444 528819 316362 314350 458520 584116 524485 843994 460743 755037 245089 713137 424130 336663 770936 368336 442441 385982 504212 502267 476830 574788 830465 738455 312533 448248 393708 370602 742541 289168 680841 303497 259316 96737 157048 425234 301440
 516736 239214 612433 284330 203609 322269 522004 323150 524166 1 623556 560505 410325 604865 238499 345295 462782 398467 16962 613710 507451 204143 368994 707293 286291 688336 199872 447174 382040 296271 800011 284363 630251 203454 899647 526235 267991 153239 60220 29369 524165 719012 232262 732428 591961 822449 667169 596745 627738 356329 138637 29727 22672 385674 188162 307027 214634 433032 88498 349725 679467 235166 567470 282160 236358 686675 430474 548441 728210 561891
 163256 387001 70186 898443 741639 908997 120277 946501 326614 623556 1 72967 553758 700450 795237 280483 167347 755099 607086 649310 485710 490503 453866 118857 660831 410479 486615 712170 501098 904986 199434 425490 441228 421385 276096 636772 540440 489285 672454 608254 708269 135043 841004 254609 491284 208588 660475 564685 47258 707951 504807 594899 601899 747699 567882 889213 808079 612647 584238 307045 57472 857953 615036 638614 401411 152592 362782 169593 112755 61810
 156473 327923 114465 838983 689603 854294 102154 882505 264937 560505 72967 1 531659 635371 742607 223605 98507 682269 543814 648440 420219 441511 427383 188944 587973 370190 436755 640417 429250 837483 243991 384149 457978 357197 341818 569181 467600 432515 611500 546870 692090 204908 782313 248109 498328 262523 601405 567527 105598 635021 437562 532416 538470 674812 519710 834943 751375 541645 516757 263918 129410 795582 550413 598957 333384 156939 292411 110600 185567 38894
 390805 331817 499850 543706 346308 501091 436266 642369 678314 410325 553758 531659 1 924440 390572 361265 475274 786924 406072 204673 755014 227081 106974 567963 665785 841620 235037 811528 665252 667927 751592 194983 279245 376528 785848 840900 592843 299063 406366 381007 166023 571120 489711 776841 213594 753132 951145 192609 526443 738560 429179 390123 406055 774423 222857 480539 442342 760738 461705 287692 589201 549350 861201 171956 423167 688430 620887 597841 611717 505427
 738807 595154 748950 812430 807117 886941 696725 768737 374787 604865 700450 635371 924440 1 834582 607435 582664 285010 595513 1116716 215153 705074 833719 818916 336614 380855 696481 191933 260132 666135 742296 732069 1016243 547930 890059 83569 343823 636078 656598 622961 1077541 835107 785409 575852 1021035 783345 108918 1063832 740491 290351 510156 602769 591372 292055 747571 878494 791826 172262 517815 680580 745388 738617 85640 860150 502283 623606 353168 531070 799841 669477
 658384 418138 767274 156009 54031 117940 680297 264392 753164 238499 795237 742607 390572 834582 1 519104 651101 598367 252171 559004 745890 306041 413357 856688 502840 920714 309165 663849 620416 322174 986590 381702 664761 407297 1065965 758729 505071 312473 180599 230836 426542 865422 110361 944023 603767 1002687 902817 577578 787928 565330 369783 251984 257561 586117 231843 96997 66209 664754 326236 490991 846639 183890 802960 218725 452543 884983 662518 754206 887665 734400
 181613 106745 267659 617963 466260 630766 177410 668358 317596 345295 280483 223605 361265 607435 519104 1 134198 557966 329205 526573 412748 221185 255581 362880 444186 480606 215631 545265 353031 633953 467581 179051 410088 148667 556052 527024 331809 209334 392342 328497 527221 375198 560600 439838 414535 485049 612739 463086 282444 506752 239202 316133 324269 547744 299291 611363 528397 465638 317060 77323 335252 578420 532787 388349 148016 368998 270123 250066 382976 218706
 157793 233589 183155 742661 598763 760953 114412 784317 234969 462782 167347 98507 475274 582664 651101 134198 1 598177 446022 616757 370592 355383 368414 273239 498141 377308 349800 564301 354734 739061 338349 307920 455332 259335 440250 509935 377957 339149 514670 449926 640143 288212 686485 307833 481035 359669 564246 542549 186529 549431 339069 434966 440626 589915 433476 741952 656844 470038 418299 190995 224819 697942 500245 520754 234972 234916 229776 122582 279099 110001
 730069 496879 781328 546972 582832 629313 704921 490145 480801 398467 755099 682269 786924 285010 598367 557966 598177 1 395569 990906 347396 560542 718279 869377 121860 574740 552982 94558 261929 384675 862487 616069 950623 438843 999635 242215 226413 489121 435563 424166 917885 884859 529512 724240 933600 898583 385880 957479 782987 51437 362353 408461 393483 12797 576299 624226 545499 179320 327490 612435 810001 472594 302783 679281 414100 734298 403612 605135 866872 705718
 501564 223391 596530 301249 215282 338233 506111 339475 508055 16962 607086 543814 406072 595513 252171 329205 446022 395569 1 610103 493816 195014 360750 691476 281192 672684 190215 441084 369171 310201 783147 273572 620640 186688 883165 516203 256514 140434 76062 28762 524233 703294 248964 715560 583988 805683 655896 590801 611625 352168 122245 16932 5818 382775 185365 322719 230470 423409 77746 335260 663084 251966 556336 283767 219410 669719 414666 531483 712025 545453
 492883 521686 583884 714983 523608 656443 546396 821352 840320 613710 649310 648440 204673 1116716 559004 526573 616757 990906 610103 1 936078 430403 283031 625860 869502 993781 438071 1012720 856586 859016 833365 385628 238963 571725 831796 1033544 792261 502092 605537 584503 151389 623667 666165 895630 166194 824832 1135122 88468 611356 942170 631316 594335 610261 978459 425591 637532 618631 957085 666321 449250 669684 732532 1049229 353088 614746 798119 795947 735020 675597 614909
 527985 424256 533849 764064 707720 822359 483833 750655 162145 507451 485710 420219 755014 215153 745890 412748 370592 347396 493816 936078 1 551358 656336 604366 318305 228271 542791 269561 128922 663308 542567 560055 814471 388690 687997 154492 248174 490059 566438 516806 916032 620564 723994 387237 826328 582220 200005 875635 525381 318813 382409 495434 488519 346323 608447 809541 717500 168646 420693 489162 531778 695781 130526 721010 337412 418648 144856 316690 586897 454436
 353073 137597 461258 425739 252092 422045 374422 498268 505045 204143 490503 441511 227081 705074 306041 221185 355383 560542 195014 430403 551358 1 166166 551262 439100 675350 8645 584811 449245 493298 684633 84402 426122 162685 759965 621615 367772 72000 223538 176046 372539 560432 366718 659425 389426 698709 740961 400855 481933 511786 202359 178094 193324 548123 78271 401677 327365 537960 238371 184967 541005 402758 647064 175801 214124 590088 430341 468538 581628 430331
 292675 238658 404268 555979 362258 530330 334661 642855 573129 368994 453866 427383 106974 833719 413357 255581 368414 718279 360750 283031 656336 166166 1 479405 596426 735288 171893 733449 573599 650850 652946 103648 264508 289628 697328 750520 511782 232372 380634 340246 272694 484396 498265 671120 223291 657136 854309 239253 429991 668262 355952 343877 359276 706156 199095 509270 453324 674545 402529 180993 492882 547142 766941 207526 331734 584321 519216 490994 520131 402878
 198305 468097 95366 972244 802658 973260 185486 1029673 444574 707293 118857 188944 567963 818916 856688 362880 273239 869377 691476 625860 604366 551262 479405 1 771345 515448 548955 829298 618125 996620 215125 476171 397085 510637 218159 755626 651088 563471 751378 688846 708353 16200 913708 335656 460569 200052 776516 537831 86730 821381 598847 677851 686673 861551 625137 952813 877163 730543 677926 367570 78973 938117 733423 679592 498661 236579 481016 287848 50994 163870
 620545 377036 680332 476716 480627 550349 599711 442683 419347 286291 660831 587973 665785 336614 502840 444186 498141 121860 281192 869502 318305 439100 596426 771345 1 542695 431460 161924 201336 348266 786610 494302 830597 318745 917123 268582 120409 367514 330157 309951 799412 786353 448824 663777 812204 820059 419088 835621 684617 72850 240522 292701 278450 109759 457766 542139 456629 177730 209100 494598 717229 403442 322347 563327 297663 658915 330092 522682 773536 607666
 519319 537815 476395 962550 876114 1010451 465401 962365 170699 688336 410479 370190 841620 380855 920714 480606 377308 574740 672684 993781 228271 675350 735288 515448 542695 1 667570 492583 343419 881496 381957 656378 824284 523927 529365 356558 455774 629139 748542 690740 1007640 530475 916798 207660 856635 424034 298782 919728 457466 547073 551574 670061 666959 574162 745475 995354 902960 395432 608469 554383 436476 898758 305377 851141 473578 284153 258285 264940 481401 409030
 350931 129970 458446 426505 255323 424659 371133 497371 497195 199872 486615 436755 235037 696481 309165 215631 349800 552982 190215 438071 542791 8645 171893 548955 431460 667570 1 576676 440603 490552 680130 86204 430490 154107 756834 613017 359381 64067 221408 172145 381109 558325 367515 653185 394987 694638 732321 407583 478804 504101 194229 173284 188320 540586 83703 404402 328838 529453 231621 181991 537529 402051 638421 183669 205601 584625 422081 462214 578721 426215
 706965 500867 745696 627140 642521 705578 675769 578026 416450 447174 712170 640417 811528 191933 663849 545265 564301 94558 441084 1012720 269561 584811 733449 829298 161924 492583 576676 1 211173 474518 802037 629842 949969 445269 943396 148940 222181 512882 492078 469742 952370 845179 604479 654723 940653 839865 291350 971717 744218 101593 382454 451571 437960 100450 612132 698753 615632 103934 366390 607895 764870 552830 209587 720500 411048 674833 351017 553460 821734 667615
 502029 335090 535030 635145 584220 694146 467570 623346 221472 382040 501098 429250 665252 260132 620416 353031 354734 261929 369171 856586 128922 449245 573599 618125 201336 343419 440603 211173 1 538783 600572 472165 763097 289270 738192 177140 119269 382661 440197 393473 820598 634008 595391 466509 763585 636701 293672 804360 533115 221299 264285 372174 364079 256934 498332 681664 589888 115827 294273 423490 554171 566958 197888 611623 242385 472371 142196 344783 611085 456644
 810373 530741 901276 198498 341301 291156 811285 108516 739330 296271 904986 837483 667927 666135 322174 633953 739061 384675 310201 859016 663308 493298 650850 996620 348266 881496 490552 474518 538783 1 1067658 576643 915324 486045 1179297 609694 426951 449359 270595 320672 739529 1009126 215233 973834 868757 1094539 759943 860480 914365 376659 400189 325794 314221 375853 453578 295481 255968 523735 320803 645393 962065 139612 666853 505933 504101 946351 643163 805019 1013534 844349
 360914 571223 253342 1080955 933541 1098146 319640 1119619 385747 800011 199434 243991 751592 742296 986590 467581 338349 862487 783147 833365 542567 684633 652946 215125 786610 381957 680130 802037 600572 1067658 1 623273 610184 596769 148363 696007 669945 676238 852817 788041 903052 222757 1024832 174497 670087 42078 675414 746337 226068 820732 671472 772649 777649 857408 762657 1078858 994798 698175 749267 503736 164575 1035053 658646 837219 567161 128258 459668 265681 164333 255638
 278255 137347 389318 508138 327785 499155 306276 582587 489490 284363 425490 384149 194983 732069 381702 179051 307920 616069 273572 385628 560055 84402 103648 476171 494302 656378 86204 629842 472165 576643 623273 1 348428 186200 688754 648689 408134 136384 307586 257351 357371 484347 449135 615752 319472 633931 756296 342288 411785 565762 253851 256726 271131 604058 149934 478433 408376 571465 305717 120232 472749 487000 667043 214810 229800 538132 427137 427873 509648 367649
 304966 453752 371750 813876 616969 778148 359068 905298 690216 630251 441228 457978 279245 1016243 664761 410088 455332 950623 620640 238963 814471 426122 264508 397085 830597 824284 430490 949969 763097 915324 610184 348428 1 511904 595734 936668 730067 484786 644964 602109 356587 392804 757452 695300 78088 597113 1013159 151853 398052 899334 594365 603713 618571 939267 463102 757362 711210 874994 653120 342223 450685 809958 939286 447159 539496 593776 669615 559344 447885 420407
 328908 58381 415277 484938 358449 510265 325476 525448 353444 203454 421385 357197 376528 547930 407297 148667 259335 438843 186688 571725 388690 162685 289628 510637 318745 523927 154107 445269 289270 486045 596769 186200 511904 1 697263 464380 223097 105579 256512 191780 531573 523302 429915 537660 496425 618998 579075 526703 428478 387648 91804 175882 181303 427406 223832 492395 403714 385409 168468 179233 477853 438619 486403 334268 52088 485312 271651 349538 528111 360009
 411119 662747 299452 1173673 1012049 1181175 385775 1222547 528819 899647 276096 341818 785848 890059 1065965 556052 440250 999635 883165 831796 687997 759965 697328 218159 917123 529365 756834 943396 738192 1179297 148363 688754 595734 697263 1 842040 798213 763952 948326 884238 923219 214867 1115928 321716 665615 106774 823744 743332 278038 956024 779297 870990 877966 993838 835824 1161080 1081922 839896 858549 574999 220879 1134009 806067 895847 675196 269593 596102 395211 179162 337819
 664304 511895 681344 744922 729334 816139 624342 708818 316362 526235 636772 569181 840900 83569 758729 527024 509935 242215 516203 1033544 154492 621615 750520 755626 268582 356558 613017 148940 177140 609694 696007 648689 936668 464380 842040 1 262198 552808 579481 543235 994044 771814 714728 536573 939678 736010 150801 981403 674764 234352 427547 522760 511875 246184 664905 806709 718474 94052 438468 599249 684448 671917 60657 777683 418943 572917 280448 468966 740033 601666
 504139 278886 560456 515897 471518 575475 480980 506919 314350 267991 540440 467600 592843 343823 505071 331809 377957 226413 256514 792261 248174 367772 511782 651088 120409 455774 359381 222181 119269 426951 669945 408134 730067 223097 798213 262198 1 296697 324473 282603 739256 666151 476343 554973 718748 702417 399384 749675 564359 175498 167618 261749 251831 216573 404530 563362 471965 172485 179495 389069 596891 448021 299874 516654 190634 542959 220016 404872 653155 487347
 368807 105715 469950 409881 261012 421961 380083 468269 458520 153239 489285 432515 299063 636078 312473 209334 339149 489121 140434 502092 490059 72000 232372 563471 367514 629139 64067 512882 382661 449359 676238 136384 484786 105579 763952 552808 296697 1 188759 129348 442648 574247 351979 633011 454031 694364 675770 470093 487653 440109 130471 124091 137264 476758 118881 402838 319063 467732 170324 199191 543117 375222 580469 230951 157249 572549 377112 442482 588491 427642
 557521 285603 657273 228429 150933 262180 567023 279558 584116 60220 672454 611500 406366 656598 180599 392342 514670 435563 76062 605537 566438 223538 380634 751378 330157 748542 221408 492078 440197 270595 852817 307586 644964 256512 948326 579481 324473 188759 1 64785 503744 762449 174193 790013 600334 873962 722537 597295 673954 397123 198256 81839 81852 422889 185673 246814 154459 485711 145933 387884 727583 186741 622697 260028 293237 741645 490630 604569 774755 610648
 496386 221788 594393 293171 190961 322922 504024 340874 524485 29369 608254 546870 381007 622961 230836 328497 449926 424166 28762 584503 516806 176046 340246 688846 309951 690740 172145 469742 393473 320672 788041 257351 602109 191780 884238 543235 282603 129348 64785 1 496354 700198 238387 726409 563047 809293 681840 567403 610568 380912 139210 21372 31891 411370 159043 306390 215172 450757 105276 327889 663608 249926 582453 255305 229643 677011 432457 540276 711289 546465
 545236 491777 649724 580853 398478 515289 593929 690933 843994 524165 708269 692090 166023 1077541 426542 527221 640143 917885 524233 151389 916032 372539 272694 708353 799412 1007640 381109 952370 820598 739529 903052 357371 356587 531573 923219 994044 739256 442648 503744 496354 1 709223 536336 938978 278522 900922 1110063 212606 676992 872005 572114 510238 525665 905146 341697 497375 489750 910288 590625 453632 738859 606803 1017972 243820 580636 848060 784506 762582 755158 663689
 207395 479915 108494 982466 811401 982245 197850 1041070 460743 719012 135043 204908 571120 835107 865422 375198 288212 884859 703294 623667 620564 560432 484396 16200 786353 530475 558325 845179 634008 1009126 222757 484347 392804 523302 214867 771814 666151 574247 762449 700198 709223 1 923834 348792 457933 204938 792517 535428 101923 836757 611944 689508 698544 876976 633695 961731 886857 746542 690898 377441 94167 949182 749610 685960 512265 250572 497080 304038 58953 179188
 716825 454588 821103 59027 143823 101534 731655 155235 755037 232262 841004 782313 489711 785409 110361 560600 686485 529512 248964 666165 723994 366718 498265 913708 448824 916798 367515 604479 595391 215233 1024832 449135 757452 429915 1115928 714728 476343 351979 174193 238387 536336 923834 1 964161 700709 1044781 863285 679978 839410 503278 370731 256022 254773 517982 303091 94714 47675 621215 308365 546424 895082 75622 764135 318699 467422 915225 660235 778643 940198 779271
 402750 528785 324729 1016660 893684 1047750 349516 1038944 245089 732428 254609 248109 776841 575852 944023 439838 307833 724240 715560 895630 387237 659425 671120 335656 663777 207660 653185 654723 466509 973834 174497 615752 695300 537660 321716 536573 554973 633011 790013 726409 938978 348792 964161 1 742186 216548 503412 813424 299902 687162 595452 708176 709782 720807 736640 1030028 940751 551343 667403 498083 259902 962161 494209 828032 496820 102565 335123 191096 293451 280732
 341968 439863 423824 755783 558206 714663 396617 851464 713137 591961 491284 498328 213594 1021035 603767 414535 481035 933600 583988 166194 826328 389426 223291 460569 812204 856635 394987 940653 763585 868757 670087 319472 78088 496425 665615 939678 718748 454031 600334 563047 278522 457933 700709 742186 1 660091 1026240 77727 451016 882813 572453 567130 582556 921802 415291 694128 653724 872114 624317 340469 507490 757075 947301 385049 530255 642448 682243 593040 510655 462598
 364518 590263 253350 1101505 949269 1115575 327906 1143590 424130 822449 208588 262523 753132 783345 1002687 485049 359669 898583 805683 824832 582220 698709 657136 200052 820059 424034 694638 839865 636701 1094539 42078 633931 597113 618998 106774 736010 702417 694364 873962 809293 900922 204938 1044781 216548 660091 1 717268 737091 227173 856065 696473 794594 800275 893213 776280 1096003 1013409 736123 774936 515624 164267 1057610 699454 846457 591959 165033 495135 297556 149486 268426
 722002 619376 715818 894814 870773 964486 675122 859568 336663 667169 660475 601405 951145 108918 902817 612739 564246 385880 655896 1135122 200005 740961 854309 776516 419088 298782 732321 291350 293672 759943 675414 756296 1013159 579075 823744 150801 399384 675770 722537 681840 1110063 792517 863285 503412 1026240 717268 1 1075531 703734 383686 557390 660855 651205 391507 791969 954450 865193 242425 578708 689051 699846 822103 99859 905256 529432 564481 344176 492153 751647 638101
 411190 472872 498251 732547 536169 683269 465391 833649 770936 596745 564685 567527 192609 1063832 577578 463086 542549 957479 590801 88468 875635 400855 239253 537831 835621 919728 407583 971717 804360 860480 746337 342288 151853 526703 743332 981403 749675 470093 597295 567403 212606 535428 679978 813424 77727 737091 1075531 1 525619 907510 595187 574304 590124 945328 412128 663328 632383 909283 639189 386482 583121 741322 993013 361292 565496 714752 733115 658164 587740 532901
 137524 388866 27548 897503 734014 903233 107922 950783 368336 627738 47258 105598 526443 740491 787928 282444 186529 782987 611625 611356 525381 481933 429991 86730 684617 457466 478804 744218 533115 914365 226068 411785 398052 428478 278038 674764 564359 487653 673954 610568 676992 101923 839410 299902 451016 227173 703734 525619 1 734838 515303 598558 606658 775073 557965 883098 804563 646323 594628 296971 62908 860429 655364 621764 413961 197413 397671 211640 100854 77276
 679522 445615 732555 525552 546406 604243 655172 478405 442441 356329 707951 635021 738560 290351 565330 506752 549431 51437 352168 942170 318813 511786 668262 821381 72850 547073 504101 101593 221299 376659 820732 565762 899334 387648 956024 234352 175498 440109 397123 380912 872005 836757 503278 687162 882813 856065 383686 907510 734838 1 312340 364248 349689 41075 530318 597688 515519 156323 281460 560999 763303 451252 293202 635152 362671 692477 361076 560932 820080 657570
 420272 147200 503559 421614 327626 460321 414526 448499 385982 138637 504807 437562 429179 510156 369783 239202 339069 362353 122245 631316 382409 202359 355952 598847 240522 551574 194229 382454 264285 400189 671472 253851 594365 91804 779297 427547 167618 130471 198256 139210 572114 611944 370731 595452 572453 696473 557390 595187 515303 312340 1 118496 116436 350277 237416 444501 352485 339845 79459 269473 561930 367299 459738 350149 104518 554255 293306 414295 613803 444298
 487041 209845 583059 309714 212328 342529 492630 352227 504212 29727 594899 532416 390123 602769 251984 316133 434966 408461 16932 594335 495434 178094 343877 677851 292701 670061 173284 451571 372174 325794 772649 256726 603713 175882 870990 522760 261749 124091 81839 21372 510238 689508 256022 708176 567130 794594 660855 574304 598558 364248 118496 1 15933 395679 170261 326329 234676 430521 85733 320020 650647 263219 561536 270960 211401 660383 411800 522903 699103 533182
 497106 218630 591683 306999 220234 344014 501274 344616 502267 22672 601899 538470 406055 591372 257561 324269 440626 393483 5818 610261 488519 193324 359276 686673 278450 666959 188320 437960 364079 314221 777649 271131 618571 181303 877966 511875 251831 137264 81852 31891 525665 698544 254773 709782 582556 800275 651205 590124 606658 349689 116436 15933 1 380693 186050 328467 236240 419215 73566 331173 657951 257425 551692 285803 213691 664082 408919 525783 707014 540288
 720580 485518 773064 536092 570302 617966 696040 480767 476830 385674 747699 674812 774423 292055 586117 547744 589915 12797 382775 978459 346323 548123 706156 861551 109759 574162 540586 100450 256934 375853 857408 604058 939267 427406 993838 246184 216573 476758 422889 411370 905146 876976 517982 720807 921802 893213 391507 945328 775073 41075 350277 395679 380693 1 563576 612690 533542 179178 314795 601527 802826 461685 306544 666490 403359 729171 398088 599034 859656 697798
 426872 210649 536593 361750 177881 349222 450892 444190 574788 188162 567882 519710 222857 747571 231843 299291 433476 576299 185365 425591 608447 78271 199095 625137 457766 745475 83703 612132 498332 453578 762657 149934 463102 223832 835824 664905 404530 118881 185673 159043 341697 633695 303091 736640 415291 776280 791969 412128 557965 530318 237416 170261 186050 563576 1 328506 260405 576994 248934 261331 617685 348348 695544 113292 275799 668263 495448 545602 657070 508027
 754532 508380 862840 98664 150674 21063 775306 211198 830465 307027 889213 834943 480539 878494 96997 611363 741952 624226 322719 637532 809541 401677 509270 952813 542139 995354 404402 698753 681664 295481 1078858 478433 757362 492395 1161080 806709 563362 402838 246814 306390 497375 961731 94714 1030028 694128 1096003 954450 663328 883098 597688 444501 326329 328467 612690 328506 1 92528 712919 389847 586392 941269 161027 854984 310203 534698 974632 737385 841523 983119 828072
 679519 423579 785457 102777 96216 107866 696651 202721 738455 214634 808079 751375 442342 791826 66209 528397 656844 545499 230470 618631 717500 327365 453324 877163 456629 902960 328838 615632 589888 255968 994798 408376 711210 403714 1081922 718474 471965 319063 154459 215172 489750 886857 47675 940751 653724 1013409 865193 632383 804563 515519 352485 234676 236240 533542 260405 92528 1 624483 297442 509598 861334 118069 765518 271132 444439 887937 645088 753250 905146 746538
 617826 436652 649257 652408 635807 722549 583212 620186 312533 433032 612647 541645 760738 172262 664754 465638 470038 179320 423409 957085 168646 537960 674545 730543 177730 395432 529453 103934 115827 523735 698175 571465 874994 385409 839896 94052 172485 467732 485711 450757 910288 746542 621215 551343 872114 736123 242425 909283 646323 156323 339845 430521 419215 179178 576994 712919 624483 1 345679 533633 664360 579826 144667 689120 343797 571097 250064 451484 721084 570391
 497192 219696 582595 355007 292070 403668 493277 372466 448248 88498 584238 516757 461705 517815 326236 317060 418299 327490 77746 666321 420693 238371 402529 677926 209100 608469 231621 366390 294273 320803 749267 305717 653120 168468 858549 438468 179495 170324 145933 105276 590625 690898 308365 667403 624317 774936 578708 639189 594628 281460 79459 85733 73566 314795 248934 389847 297442 345679 1 340939 641379 295495 479040 354546 183407 630560 352609 489851 693242 523756
 170490 122284 276463 605113 437056 606640 189593 667433 393708 349725 307045 263918 287692 680580 490991 77323 190995 612435 335260 449250 489162 184967 180993 367570 494598 554383 181991 607895 423490 645393 503736 120232 342223 179233 574999 599249 389069 199191 387884 327889 453632 377441 546424 498083 340469 515624 689051 386482 296971 560999 269473 320020 331173 601527 261331 586392 509598 533633 340939 1 356358 574046 607540 335040 198631 418270 347195 312949 396737 248159
 200327 441981 89415 952797 792847 961235 166832 1002557 370602 679467 57472 129410 589201 745388 846639 335252 224819 810001 663084 669684 531778 541005 492882 78973 717229 436476 537529 764870 554171 962065 164575 472749 450685 477853 220879 684448 596891 543117 727583 663608 738859 94167 895082 259902 507490 164267 699846 583121 62908 763303 561930 650647 657951 802826 617685 941269 861334 664360 641379 356358 1 913471 659765 683770 458711 159057 414312 215493 56942 117863
 744016 471712 843960 74426 209280 160948 753670 95925 742541 235166 857953 795582 549350 738617 183890 578420 697942 472594 251966 732532 695781 402758 547142 938117 403442 898758 402051 552830 566958 139612 1035053 487000 809958 438619 1134009 671917 448021 375222 186741 249926 606803 949182 75622 962161 757075 1057610 822103 741322 860429 451252 367299 263219 257425 461685 348348 161027 118069 579826 295495 574046 913471 1 724232 381161 469579 920626 646230 781345 961181 796194
 657174 529702 664231 796553 771078 865220 613885 764495 289168 567470 615036 550413 861201 85640 802960 532787 500245 302783 556336 1049229 130526 647064 766941 733423 322347 305377 638421 209587 197888 666853 658646 667043 939286 486403 806067 60657 299874 580469 622697 582453 1017972 749610 764135 494209 947301 699454 99859 993013 655364 293202 459738 561536 551692 306544 695544 854984 765518 144667 479040 607540 659765 724232 1 808802 438115 538826 271875 445580 714202 584883
 485271 313342 597844 371934 174922 331000 518615 472535 680841 282160 638614 598957 171956 860150 218725 388349 520754 679281 283767 353088 721010 175801 207526 679592 563327 851141 183669 720500 611623 505933 837219 214810 447159 334268 895847 777683 516654 230951 260028 255305 243820 685960 318699 828032 385049 846457 905256 361292 621764 635152 350149 270960 285803 666490 113292 310203 271132 689120 354546 335040 683770 381161 808802 1 386349 752648 604908 638350 716981 581799
 328454 93114 403788 520610 405177 551878 316374 552514 303497 236358 401411 333384 423167 502283 452543 148016 234972 414100 219410 614746 337412 214124 331734 498661 297663 473578 205601 411048 242385 504101 567161 229800 539496 52088 675196 418943 190634 157249 293237 229643 580636 512265 467422 496820 530255 591959 529432 565496 413961 362671 104518 211401 213691 403359 275799 534698 444439 343797 183407 198631 458711 469579 438115 386349 1 451053 219880 312135 511373 341462
 306057 466851 222526 970025 833026 993264 254585 1002608 259316 686675 152592 156939 688430 623606 884983 368998 234916 734298 669719 798119 418648 590088 584321 236579 658915 284153 584625 674833 472371 946351 128258 538132 593776 485312 269593 572917 542959 572549 741645 677011 848060 250572 915225 102565 642448 165033 564481 714752 197413 692477 554255 660383 664082 729171 668263 974632 887937 571097 630560 418270 159057 920626 538826 752648 451053 1 331419 141342 198249 184787
 385671 295942 402384 707597 618406 752734 344102 715502 96737 430474 362782 292411 620887 353168 662518 270123 229776 403612 414666 795947 144856 430341 519216 481016 330092 258285 422081 351017 142196 643163 459668 427137 669615 271651 596102 280448 220016 377112 490630 432457 784506 497080 660235 335123 682243 495135 344176 733115 397671 361076 293306 411800 408919 398088 495448 737385 645088 250064 352609 347195 414312 646230 271875 604908 219880 331419 1 202782 471068 322861
 254379 337860 224216 832530 703405 859628 200576 862181 157048 548441 169593 110600 597841 531070 754206 250066 122582 605135 531483 735020 316690 468538 490994 287848 522682 264940 462214 553460 344783 805019 265681 427873 559344 349538 395211 468966 404872 442482 604569 540276 762582 304038 778643 191096 593040 297556 492153 658164 211640 560932 414295 522903 525783 599034 545602 841523 753250 451484 489851 312949 215493 781345 445580 638350 312135 141342 202782 1 271350 148878
 231987 489535 120479 998326 833694 1003335 208564 1051321 425234 728210 112755 185567 611717 799841 887665 382976 279099 866872 712025 675597 586897 581628 520131 50994 773536 481401 578721 821734 611085 1013534 164333 509648 447885 528111 179162 740033 653155 588491 774755 711289 755158 58953 940198 293451 510655 149486 751647 587740 100854 820080 613803 699103 707014 859656 657070 983119 905146 721084 693242 396737 56942 961181 714202 716981 511373 198249 471068 271350 1 170017
 122029 325193 79679 836668 680912 847782 69828 884903 301440 561891 61810 38894 505427 669477 734400 218706 110001 705718 545453 614909 454436 430331 402878 163870 607666 409030 426215 667615 456644 844349 255638 367649 420407 360009 337819 601666 487347 427642 610648 546465 663689 179188 779271 280732 462598 268426 638101 532901 77276 657570 444298 533182 540288 697798 508027 828072 746538 570391 523756 248159 117863 796194 584883 581799 341462 184787 322861 148878 170017 1
LAMBDA_SECTION
1 481
2 417
3 583
4 574
5 340
6 749
7 197
8 683
9 621
10 50
11 131
12 774
13 944
14 501
15 627
16 398
17 427
18 572
19 241
20 583
21 185
22 174
23 440
24 764
25 427
26 847
27 694
28 674
29 788
30 455
31 395
32 876
33 327
34 674
35 101
36 644
37 492
38 154
39 356
40 791
41 715
42 941
43 790
44 654
45 654
46 828
47 433
48 924
49 715
50 942
51 562
52 887
53 255
54 730
55 610
56 434
57 586
58 740
59 78
60 240
61 726
62 194
63 116
64 63
65 164
66 361
67 453
68 110
69 854
70 487
