NAME : domp20p10v1
COMMENT : Cherkesly, Contardo & Gruson 2022
TYPE : DOMP
DIMENSION : 20
DISPLAY_DATA_TYPE : NO_DISPLAY
OPEN_FACILITIES : 10
COST_SECTION
 1 521675 1051519 309643 275754 274012 869751 470418 587598 861469 918027 98340 244086 790992 547440 256295 590578 341365 290844 930482
 521675 1 692770 717970 502729 629849 705611 218845 381190 904247 564627 590580 723286 343525 97411 552605 848960 394365 231356 630735
 1051519 692770 1 1054468 842568 967618 366211 911274 468132 712518 135315 1065744 1134245 363335 770406 900230 956499 725092 822219 151250
 309643 717970 1054468 1 233320 94073 779354 739327 602079 654283 934384 215300 122025 888889 775073 173728 310647 365211 506174 911254
 275754 502729 842568 233320 1 139251 610238 567329 378802 588512 716685 242266 292280 655923 571830 60645 372989 131998 318457 706228
 274012 629849 967618 94073 139251 1 706405 665872 510826 617549 845412 196091 174251 794906 691114 80048 316598 271148 425403 826526
 869751 705611 366211 779354 610238 706405 1 906497 335371 347570 320540 852242 880648 506351 801924 656926 616667 530606 727334 225727
 470418 218845 911274 739327 567329 665872 906497 1 572748 1064997 783469 561414 707882 557514 151086 600672 939023 498809 249532 847871
 587598 381190 468132 602079 378802 510826 335371 572748 1 535391 338849 597641 670960 316871 478600 438265 586263 257096 397684 342999
 861469 904247 712518 654283 588512 617549 347570 1064997 535391 1 662699 806682 774723 806699 999924 606953 383653 583601 835262 572899
 918027 564627 135315 934384 716685 845412 320540 783469 338849 662699 1 935061 1008952 251974 646374 775418 861739 595681 687030 106275
 98340 590580 1065744 215300 242266 196091 852242 561414 597641 806682 935061 1 147335 832287 626767 203579 509249 341226 360329 936378
 244086 723286 1134245 122025 292280 174251 880648 707882 670960 774723 1008952 147335 1 936012 766749 234027 430832 418348 497054 995881
 790992 343525 363335 888889 655923 794906 506351 557514 316871 806699 251974 832287 936012 1 411498 716309 903118 523942 519456 345315
 547440 97411 770406 775073 571830 691114 801924 151086 478600 999924 646374 626767 766749 411498 1 616941 929151 474141 270628 718517
 256295 552605 900230 173728 60645 80048 656926 600672 438265 606953 775418 203579 234027 716309 616941 1 352000 192389 355365 762212
 590578 848960 956499 310647 372989 316598 616667 939023 586263 383653 861739 509249 430832 903118 929151 352000 1 455284 689516 805257
 341365 394365 725092 365211 131998 271148 530606 498809 257096 583601 595681 341226 418348 523942 474141 192389 455284 1 255426 595405
 290844 231356 822219 506174 318457 425403 727334 249532 397684 835262 687030 360329 497054 519456 270628 355365 689516 255426 1 723947
 930482 630735 151250 911254 706228 826526 225727 847871 342999 572899 106275 936378 995881 345315 718517 762212 805257 595405 723947 1
LAMBDA_SECTION
1 814
2 748
3 932
4 349
5 33
6 761
7 340
8 103
9 972
10 559
11 905
12 446
13 430
14 928
15 893
16 873
17 210
18 423
19 819
20 955
