NAME : domp90p22v2
COMMENT : Cherkesly, Contardo & Gruson 2022
TYPE : DOMP
DIMENSION : 90
DISPLAY_DATA_TYPE : NO_DISPLAY
OPEN_FACILITIES : 22
COST_SECTION
 1 233681 328097 729539 298996 574888 100003 122661 417545 669717 512055 617764 314172 298845 312015 390776 574702 546520 709338 219472 304848 665391 426422 642968 483383 335107 137501 838620 296893 720470 330297 177392 727463 567127 690415 303653 268705 101941 619622 640414 604061 596237 542262 338913 232231 669130 92973 397616 97427 663660 405697 121004 766585 930860 775092 177826 372799 867989 298142 358401 274980 608430 716748 567786 262712 591593 603183 653342 312922 625265 466433 829690 495324 247362 963048 411866 534882 241733 404265 272408 691206 695920 262011 114992 616775 650441 629312 656585 418883 205038
 233681 1 559162 573923 465531 759892 134770 115446 342813 677799 635326 798890 87230 396151 340657 489265 787844 512015 774286 83952 77899 837970 659916 516660 629241 378200 244210 870992 302194 702534 111309 127236 852089 798218 718327 279160 205054 309748 708373 855918 396530 821263 444576 571880 429614 772395 236181 169976 247900 600763 553767 336570 768046 984061 796811 364832 604887 897531 511494 160483 47733 825087 767290 382185 212309 681688 826493 806812 314110 443203 468659 865334 331669 131415 1022935 197992 736988 447772 636717 473161 784739 605722 426879 304547 656937 850326 539182 841695 414484 166265
 328097 559162 1 1027377 359871 473833 427830 444238 692257 837288 557844 517173 634069 375542 464593 515084 385104 772676 801971 526862 632475 576377 134378 926816 497263 543235 358495 957598 481055 909081 658392 497541 724786 287575 832724 510703 567362 255978 694026 430546 928586 350895 815639 99391 279339 712070 338944 725502 329184 899572 444689 227934 929648 1013509 914008 236569 128052 987549 232452 684442 596784 398923 827422 885309 508980 669759 365410 608673 492542 939914 674794 945493 806685 566610 1033548 739328 393706 255288 140207 166702 745490 950926 352712 315533 756016 491750 889587 538202 558839 475975
 729539 573923 1027377 1 740793 965450 649655 660566 340563 493252 736644 983728 569815 967920 913354 626499 1074784 357316 678699 655864 507073 989397 1078436 120614 783069 520987 804278 659540 873455 439302 471260 554669 874450 1171917 559580 846187 463629 830490 697728 1140358 254925 1153516 231740 992814 779000 769279 781589 448478 792799 289881 747420 850472 520550 790526 586900 902674 1012145 670464 865059 414797 575373 1119078 640038 206543 780541 686660 1149421 915811 884021 152561 439213 663841 242812 487203 836359 396372 997679 806499 1042915 1001931 753591 214547 721256 711847 560815 1080001 214537 1027788 976157 740076
 298996 465531 359871 740793 1 294708 353006 391928 403594 477894 223880 333373 552246 567434 604225 155891 349535 433637 453229 491486 508014 374306 357633 626646 185381 220138 431396 603278 593799 551798 515605 344472 431842 431661 473370 602526 341743 344628 349917 418654 717435 415489 511467 286010 89881 385453 387022 583131 387710 559980 109284 336899 569786 672228 555534 405955 292241 633402 137459 509599 513262 392238 473508 650139 560200 323241 413436 354813 609707 692346 332806 591841 562697 387427 698063 569456 283675 107062 318687 439126 413058 621786 39056 184401 396447 391192 567629 376270 712649 500034
 574888 759892 473833 965450 294708 1 642895 680492 652593 568859 238107 45015 846774 797342 856667 343325 156839 616263 441787 781370 802231 102770 380526 845229 182656 467902 693991 599336 854748 654890 808439 639077 280586 335381 529545 870144 626733 590440 342909 198731 988801 262861 735424 374522 342750 316259 652553 874869 650177 725777 228192 573200 633663 608967 588238 630445 348732 625595 290528 798184 807617 192772 483662 913769 836631 333203 247890 150218 869964 947538 526421 585332 826467 679189 615982 857259 90263 334748 349656 618660 353855 802213 333078 466946 471008 114825 764294 82179 964175 779923
 100003 134770 427830 649655 353006 642895 1 40051 359575 652000 546314 683858 218203 333913 314392 409564 659099 508444 717763 138643 204849 727093 525366 572027 529103 323639 161271 833575 287122 692355 230840 98056 764803 663594 681729 280800 204265 187843 638210 726397 508292 688267 479682 437157 304236 695380 132348 297697 143327 616461 451372 212285 747281 935903 764698 254635 470124 861950 381564 262303 178284 695068 718616 477414 223894 610438 694070 704827 302522 536379 441704 826020 410169 162469 971343 313698 612516 319698 501948 358729 712967 638709 313996 177603 612499 727213 571154 725073 411853 160865
 122661 115446 444238 660566 391928 680492 40051 1 384160 686521 586364 721811 191911 312215 282958 449290 692466 538564 756228 101211 191486 765703 548181 588707 568900 360777 143751 870065 253124 724403 221566 121781 804853 689782 717868 244132 229325 194568 677656 759191 504869 717981 501105 461243 340232 735209 125117 284631 136863 643152 491104 221196 781237 973751 800378 253248 495392 898239 414825 260761 153269 727564 756288 480739 185285 649926 724469 744401 268141 540780 475598 862740 418762 177010 1009564 307298 647985 354366 526765 360563 752559 661525 352982 213949 649497 763023 593908 762661 377081 122478
 417545 342813 692257 340563 403594 652593 359575 384160 1 351610 444990 677822 388666 693484 665110 309886 746050 173301 487526 422953 313329 694885 738075 234578 475964 187711 520707 550868 631707 363220 290226 262833 629053 832907 403275 615042 155371 519082 456379 813553 344030 818751 125563 653015 438442 529948 488013 323796 497812 260187 425907 534759 434365 674308 472976 595366 671705 574632 524752 240562 370402 789966 467359 263337 549222 435642 815945 633678 645567 295075 167228 547648 178280 215150 716930 278182 672216 465947 702389 685391 528644 279701 381751 378345 358368 764553 212436 723250 751335 493476
 669717 677799 837288 493252 477894 568859 652000 686521 351610 1 335588 570572 735188 968336 965702 322222 712927 183248 187315 750288 661002 556108 825809 384342 402093 334667 799962 199589 939042 86088 640569 570472 397908 861493 66349 930199 473109 757695 236239 766081 641766 812311 323311 762163 559536 296277 758716 674944 765476 204019 413167 762561 96982 326570 121367 832866 763599 223043 612365 592170 712261 754811 146810 554493 868274 238117 801707 471621 954326 553458 211305 197317 492255 546474 370877 627356 632041 582247 786184 895035 272122 283928 486021 580165 97866 678649 282929 608105 1063505 807241
 512055 635326 557844 736644 223880 238107 546314 586364 444990 335588 1 248972 716850 790638 822616 149261 377385 382245 246210 679494 658138 253592 515346 616031 68676 278227 648277 405693 808941 420925 655135 508091 218535 530195 304777 813959 461068 567414 137118 432052 788805 477107 510598 467964 312289 161638 603480 714621 605487 488093 117211 560624 409602 456112 375147 629834 459765 435003 326001 631022 681384 419528 277435 707976 765743 115436 466200 188868 824973 734413 299181 392765 623193 527469 478430 686043 296455 324142 476553 658581 190726 565345 254609 397973 238321 351799 530431 291918 930388 703475
 617764 798890 517173 983728 333373 45015 683858 721811 677822 570572 248972 1 885524 842343 901320 367967 181337 630975 431661 822461 839241 59541 420299 863191 202459 495666 738056 585825 899074 656599 844306 676829 253847 364101 527009 914118 659971 634997 338767 209995 1016935 285987 755311 418004 385534 302966 696383 910003 694177 736123 258232 617962 629786 586325 580574 675427 391275 610975 335342 832037 846620 210898 475430 940289 879876 332651 269398 123488 914334 972030 544688 571729 853418 714696 590455 890677 127632 378447 390745 663301 339940 814026 372151 508746 473240 109177 779209 45565 1008915 822736
 314172 87230 634069 569815 552246 846774 218203 191911 388666 735188 716850 885524 1 426885 353009 569319 874636 561725 843990 114143 75565 923949 740091 530125 713499 452689 297748 931785 311094 751883 104979 210625 932249 881016 780156 279922 270652 379932 783626 942559 362091 906400 474531 653042 516684 849603 300427 126978 311609 637776 638736 407651 821891 1048936 855793 425951 686918 957276 597908 163949 40153 911594 833855 367119 217297 757502 912017 891041 319579 427456 530484 927033 335663 196264 1089105 174086 824197 534531 718434 534456 860086 632047 513703 391278 722840 937553 567873 928496 406583 193951
 298845 396151 375542 967920 567434 797342 333913 312215 693484 968336 790638 842343 426885 1 104814 683465 745127 838260 1003118 319334 469679 897529 509911 900570 750338 633671 173130 1136465 139617 1017036 505325 431161 997369 662760 989039 178152 538147 223352 908583 798468 786465 724884 812719 453683 482491 951568 210569 551443 203067 949652 676519 231331 1065124 1225085 1073790 167205 490585 1165986 508137 556597 405885 765937 1013083 778255 218020 880768 738392 905187 143258 839309 763230 1127245 725111 489134 1255513 590366 733487 477888 511175 210618 976981 972417 536262 400237 914953 843575 904822 873278 183699 234329
 312015 340657 464593 913354 604225 856667 314392 282958 665110 965702 822616 901320 353009 104814 1 702337 819505 821496 1019725 257609 406950 954071 597866 856518 789575 634121 174635 1143714 42582 1006632 442987 404426 1035832 751778 993025 79620 511465 266538 931551 876578 715010 808570 777903 533677 525851 980795 219425 479942 217142 924987 713028 283811 1061341 1240587 1076766 235747 571364 1172566 566317 498560 339427 843783 1024929 716226 135722 903517 820894 953221 40082 777198 755931 1135516 671921 452118 1273753 524188 799878 526399 594813 305351 1003203 939315 569453 424724 921756 912873 871911 935334 108598 175086
 390776 489265 515084 626499 155891 343325 409564 449290 309886 322222 149261 367967 569319 683465 702337 1 449497 292105 319657 538181 509303 387434 509717 507467 166712 131103 528190 458837 684188 396104 505888 362305 362999 566487 321327 685131 311845 462221 229854 514129 650044 534374 394996 441435 238327 286130 483749 565527 487656 414883 121080 461349 415029 541621 405058 532492 445556 488879 291985 482274 534639 493824 331653 572421 632569 201861 528180 334147 700202 604458 193348 448425 485779 378489 572632 537920 371388 260239 470284 581724 303641 482783 165414 283236 244155 456407 435122 413429 808061 569626
 574702 787844 385104 1074784 349535 156839 659099 692466 746050 712927 377385 181337 874636 745127 819505 449497 1 738093 596703 792794 841902 235030 265884 956510 312413 558445 673073 755305 825358 798304 854463 678327 434458 183348 678568 846942 690213 562594 494870 69390 1066952 106036 843047 293257 358958 472667 636753 923640 631669 855018 328553 540037 783377 765181 741209 584383 258425 781878 277664 854754 834514 44331 637393 998664 824629 482403 91379 303532 839400 1038904 641981 741348 911017 730059 770927 914876 81175 340105 246108 546739 510312 927883 381109 483358 615436 110723 883729 178681 922835 774341
 546520 512015 772676 357316 433637 616263 508444 538564 173301 183248 382245 630975 561725 838260 821496 292105 738093 1 343723 589469 486508 633363 790569 237515 433918 229964 665660 382450 790871 190680 463416 417598 521448 857952 241680 777496 312582 643462 343479 800341 465200 826024 148482 714111 496823 416639 628186 493703 636620 127211 410733 653914 261317 509660 303629 720667 724527 404668 569822 412460 542235 782243 314517 377816 712976 330450 819272 558602 805435 384782 100854 380546 310524 381470 553669 445016 658256 523305 751960 798265 405265 190687 426690 478193 215571 731056 148240 674163 913158 654539
 709338 774286 801971 678699 453229 441787 717763 756228 487526 187315 246210 431661 843990 1003118 1019725 319657 596703 343723 1 835988 774176 403731 760993 566552 312407 398081 846358 160958 999522 260817 760317 653476 219274 764543 122850 997666 573350 781541 109195 639319 808465 701652 491973 713741 542938 130122 802222 805792 806565 390797 357375 779638 208666 221974 150485 850603 705970 189563 569528 720016 814974 634486 47167 721208 941477 132217 688051 316810 1015438 727618 322014 147535 650116 647986 254106 764084 519848 559285 722411 892197 96176 471152 475489 602883 130065 540413 465857 462062 1124146 878529
 219472 83952 526862 655864 491486 781370 138643 101211 422953 750288 679494 822461 114143 319334 257609 538181 792794 589469 835988 1 150977 865677 638598 600555 665740 437908 183696 940385 218532 779323 186938 182833 897903 783732 787514 195289 278095 271039 763465 859147 467375 815541 527751 553684 441442 824083 189272 233162 200016 682195 588365 299050 842314 1049763 867763 312605 588979 967616 515295 241162 86892 827344 832212 460704 128451 736127 822635 842179 230232 521807 539504 934050 414323 208332 1087336 271118 749125 455399 619693 420874 839260 689077 452450 315114 723046 864207 622336 863548 330911 85404
 304848 77899 632475 507073 508014 802231 204849 191486 313329 661002 658138 839241 75565 469679 406950 509303 841902 486508 774176 150977 1 874562 728750 459738 659833 387799 321813 858252 366570 676510 36058 164255 871017 863325 707100 339245 202524 386015 717722 910712 319293 881628 399895 639870 483094 785286 313874 93306 325614 562494 587210 412426 746979 976639 781852 442583 671646 883442 568703 93399 68469 880659 762502 309806 273469 692148 885764 836705 376957 370897 457989 853769 267909 130950 1017287 121144 786515 503592 703795 550794 794075 558351 470512 362044 651403 897842 493618 883144 470953 236359
 665391 837970 576377 989397 374306 102770 727093 765703 694885 556108 253592 59541 923949 897529 954071 387434 235030 633363 403731 865677 874562 1 479638 868833 221251 517872 788736 552221 950502 641436 877597 713956 208726 418371 507505 964351 689497 687536 320310 253693 1037131 337139 764180 477128 433741 273610 746395 941861 744704 731857 287875 671441 607687 542259 554120 730399 450722 575893 389551 861929 885604 259831 449300 958206 928044 319058 319624 86930 965914 986792 552765 538114 872275 747763 543290 919681 186925 428862 450272 721150 308859 811348 413361 554271 460549 145383 780961 62205 1062033 869865
 426422 659916 134378 1078436 357633 380526 525366 548181 738075 825809 515346 420299 740091 509911 597866 509717 265884 790569 760993 638598 728750 479638 1 970304 448615 568870 481365 921018 612690 904062 750959 580201 651012 153990 810662 640952 632556 372974 651833 302791 1007592 218016 855958 89705 300301 656340 456037 820042 447509 917289 414470 345605 912590 960734 887211 366393 66650 950242 220748 769263 701233 272540 792525 955638 634476 630728 233503 526110 624689 1006487 689900 908025 872574 645841 975554 826988 292714 272751 39626 300737 692280 977055 365090 381221 736498 376095 920315 433435 693131 596372
 642968 516660 926816 120614 626646 845229 572027 588707 234578 384342 616031 863191 530125 900570 856518 507467 956510 237515 566552 600555 459738 868833 970304 1 662748 406529 731483 562716 818760 340939 425948 474348 757033 1058303 450449 795295 374277 744878 579633 1021585 285934 1037073 115192 886319 670036 651901 704148 421006 714826 187232 628524 762680 424211 694737 486812 819547 903738 576934 754120 366815 527488 1000834 530123 208122 728533 567668 1032455 795592 830768 182693 318844 565432 196130 411742 740573 365942 878848 697593 933914 914216 637725 128826 609253 612494 445090 959858 101432 907207 929371 681442
 483383 629241 497263 783069 185381 182656 529103 568900 475964 402093 68676 202459 713499 750338 789575 166712 312413 433918 312407 665740 659833 221251 448615 662748 1 296670 616724 472743 779014 486839 660585 502913 247119 461724 373213 787026 470029 528597 203307 369920 816752 410258 553601 404917 267913 215002 572283 723416 573079 545702 78067 519060 477940 516829 443754 586401 394628 501798 267766 642289 676355 355350 345325 738905 742783 183345 399976 177580 794945 769743 343905 459622 652422 531040 536301 699490 231239 275342 410145 606727 248281 620959 221381 368408 305488 297460 581807 247636 898020 681651
 335107 378200 543235 520987 220138 467902 323639 360777 187711 334667 278227 495666 452689 633671 634121 131103 558445 229964 398081 437908 387799 517872 568870 406529 296670 1 465941 510150 609796 387741 380807 255492 484694 651779 358918 604402 186133 425197 330960 625852 521304 633024 291342 488712 270311 397515 424235 437632 430854 356457 239938 432271 431490 613344 442722 501427 502275 538734 349673 353262 420864 602423 395729 446008 545796 304838 629562 464988 625420 482014 136094 502434 358592 257358 649967 407827 484551 297466 531302 572095 407422 409614 204281 251952 288861 578503 351482 541230 734785 483215
 137501 244210 358495 804278 431396 693991 161271 143751 520707 799962 648277 738056 297748 173130 174635 528190 673073 665660 846358 183696 321813 788736 481365 731483 616724 465941 1 973378 162715 845992 355438 259079 862320 632847 823902 176278 365483 111432 757122 734707 640717 677202 640863 403748 356366 806184 44816 411511 44114 776522 539686 136941 896401 1067652 908221 130590 441172 1002528 406519 400552 267026 701970 852833 622142 154037 729093 687128 783084 178510 682615 592745 964773 562268 319884 1100217 442158 644190 359917 469130 237780 828596 799969 395862 250304 751319 759113 732420 774323 282114 118229
 838620 870992 957598 659540 603278 599336 833575 870065 550868 199589 405693 585825 931785 1136465 1143714 458837 755305 382450 160958 940385 858252 552221 921018 562716 472743 510150 973378 1 1119939 221850 838889 758390 351171 925036 152873 1114108 665971 918405 269499 795195 833611 860730 517620 871468 691907 283334 930373 874429 935908 375487 513370 919231 139112 132044 79074 990394 865040 30137 725384 791352 907335 792037 130188 747031 1054273 290434 846677 466352 1135570 740135 402403 14116 689228 740328 177858 826942 679496 710264 882245 1039584 245996 445110 621604 738550 222069 693328 463207 612699 1244933 992177
 296893 302194 481055 873455 593799 854748 287122 253124 631707 939042 808941 899074 311094 139617 42582 684188 825358 790871 999522 218532 366570 950502 612690 818760 779014 609796 162715 1119939 1 977447 402547 373275 1024071 766623 968477 38724 479347 265262 913962 884310 672938 819811 742461 544207 518920 965466 206788 438068 206768 891868 701737 285737 1034099 1219518 1051688 246695 582048 1148510 565563 458734 298675 851472 1003007 675312 93902 885938 831375 945794 16048 736210 728439 1112106 632601 417497 1253618 482931 801643 521685 607000 327414 986641 903975 557856 411449 898360 915708 836742 934457 125012 138666
 720470 702534 909081 439302 551798 654890 692355 724403 363220 86088 420925 656599 751883 1017036 1006632 396104 798304 190680 260817 779323 676510 641436 904062 340939 486839 387741 845992 221850 977447 1 652415 604734 477411 944671 139113 965558 501603 812804 321199 851947 615307 897074 304703 837538 629958 378196 806488 678632 814095 153725 494023 819936 83434 353825 147599 889159 840852 236469 688006 599796 732881 840376 215670 529660 901695 324045 886742 556495 992292 519493 254043 225095 478335 571719 399680 627795 717319 653850 864470 957397 351457 224863 556430 638743 183885 764727 242081 693926 1100662 842382
 330297 111309 658392 471260 515605 808439 230840 221566 290226 640569 655135 844306 104979 505325 442987 505888 854463 463416 760317 186938 36058 877597 750959 425948 660585 380807 355438 838889 402547 652415 1 176801 865434 882702 688772 374946 194769 415328 708233 923565 285285 897899 370106 661655 496683 777164 345498 69887 357272 534272 589737 441216 724589 959208 761782 474198 692503 863483 583932 59174 104114 894025 746682 273784 309338 683262 901349 836481 412839 334883 441231 834893 232910 129835 1000519 86722 796647 518356 724801 581989 784315 527109 478976 378842 635670 906598 463134 888675 506081 272285
 177392 127236 497541 554669 344472 639077 98056 121781 262833 570472 508091 676829 210625 431161 404426 362305 678327 417598 653476 182833 164255 713956 580201 474348 502913 255492 259079 758390 373275 604734 176801 1 724969 707815 605580 360928 107646 276506 583492 747302 431112 721220 381791 490517 320029 646326 229813 246561 240483 521406 428157 297958 663977 866945 686610 348012 519752 785898 407148 189088 173670 717550 649382 390755 297929 556505 724565 680475 387881 447914 359181 751815 318158 70066 904523 247052 622269 341556 552165 448432 659678 541265 306631 202954 540329 733668 473665 720348 495954 237717
 727463 852089 724786 874450 431842 280586 764803 804853 629053 397908 218535 253847 932249 997369 1035832 362999 434458 521448 219274 897903 871017 208726 651012 757033 247119 484694 862320 351171 1024071 477411 865434 724969 1 615682 338306 1030512 670673 775704 178077 461355 969635 539714 666668 627235 514881 105175 817684 921684 818943 594645 322811 766054 427693 333645 366068 832960 608806 372561 505262 836535 897622 464588 266383 884705 983541 194483 523241 130956 1040060 901550 465790 337249 804862 740071 336616 888754 370082 521069 616416 847947 126013 676055 466476 612646 314836 353967 659997 270903 1144120 921481
 567127 798218 287575 1171917 431661 335381 663594 689782 832907 861493 530195 364101 881016 662760 751778 566487 183348 857952 764543 783732 863325 418371 153990 1058303 461724 651779 632847 925036 766623 944671 882702 707815 615682 1 834931 794615 746151 523043 658563 186499 1126240 88952 943120 230597 401037 645594 605318 952469 597381 981345 453208 496232 939654 943621 903750 520188 194754 952661 311013 895149 841476 165465 802347 1067630 786528 642418 108213 484835 778668 1114682 757812 911303 981952 769647 951355 954289 247836 374926 164488 452656 683158 1048301 451165 504954 766247 286057 997126 361139 846265 746280
 690415 718327 832724 559580 473370 529545 681729 717868 403275 66349 304777 527009 780156 989039 993025 321327 678568 241680 122850 787514 707100 507505 810662 450449 373213 358918 823902 152873 968477 139113 688772 605580 338306 834931 1 961985 513367 773500 188315 728124 704587 780509 385905 752464 559160 239994 781408 726950 787366 270175 396260 776022 104955 271062 84941 846990 750632 180437 603336 642840 755081 719179 80593 617180 901773 196503 768755 421507 984034 618070 249988 147057 552192 587859 313787 681092 598584 579904 771173 902268 212382 349653 486675 594019 77182 636002 349075 562169 1093411 839815
 303653 279160 510703 846187 602526 870144 280800 244132 615042 930199 813959 914118 279922 178152 79620 685131 846942 777496 997666 195289 339245 964351 640952 795295 787026 604402 176278 1114108 38724 965558 374946 360928 1030512 794615 961985 1 464996 284533 914925 907194 640634 845296 722665 569820 531118 968584 217961 406687 219968 875087 709285 307082 1024449 1216492 1044490 274629 607649 1142337 582712 432244 270842 874374 999332 646118 66851 886964 856312 956304 40990 706790 719029 1106683 606699 399957 1251535 453197 820123 535771 633549 360788 988511 884097 565663 418619 893256 934832 817195 950576 136314 123213
 268705 205054 567362 463629 341743 626733 204265 229325 155371 473109 461068 659971 270652 538147 511465 311845 690213 312582 573350 278095 202524 689497 632556 374277 470029 186133 365483 665971 479347 501603 194769 107646 670673 746151 513367 464996 1 370603 515226 759547 380633 747086 276343 543819 345579 583175 333718 253915 343816 413836 402413 388751 564359 780036 591800 445457 568301 692478 435978 172434 242491 732110 563982 323171 400404 489756 747696 644280 493642 374453 263608 660404 240532 74890 819530 230706 625295 371264 600387 540406 591561 434512 309132 253703 453189 730383 366998 705048 600842 342206
 101941 309748 255978 830490 344628 590440 187843 194568 519082 757695 567414 634997 379932 223352 266538 462221 562594 643462 781541 271039 386015 687536 372974 744878 528597 425197 111432 918405 265262 812804 415328 276506 775704 523043 773500 284533 370603 1 685663 623637 695883 565865 644000 293139 261670 728235 83392 479197 74535 762630 453873 28045 854658 1003466 858441 77258 330345 948179 300531 450006 343856 590868 793248 664505 265264 657918 575709 688093 280132 722910 559473 908699 594516 345770 1033143 500047 536444 260320 358860 171969 753676 796865 312938 179856 698130 650739 730488 669623 374666 223448
 619622 708373 694026 697728 349917 342909 638210 677656 456379 236239 137118 338767 783626 908583 931551 229854 494870 343479 109195 763465 717722 320310 651833 579633 203307 330960 757122 269499 913962 321199 708233 583492 178077 658563 188315 914925 515226 685663 1 541628 793919 598641 488663 604962 439782 74242 712504 760153 715944 422396 250124 681835 291240 322507 246405 752320 596827 298492 461727 674207 751670 534255 143786 708363 861756 28037 585858 235393 929983 723860 290628 256326 629996 587949 348509 723534 416300 454599 613225 788787 76462 503587 375142 509424 143237 447835 483616 373991 1037663 798743
 640414 855918 430546 1140358 418654 198731 726397 759191 813553 766081 432052 209995 942559 798468 876578 514129 69390 800341 639319 859147 910712 253693 302791 1021585 369920 625852 734707 795195 884310 851947 923565 747302 461355 186499 728124 907194 759547 623637 541628 1 1135981 97548 908656 344786 427637 511932 699598 992804 694041 915193 393061 600147 832354 794894 786661 640867 308052 820668 344857 924123 902418 32838 681880 1067245 887240 531673 78290 332747 898007 1106955 705551 781120 979559 799377 796924 984246 142743 408179 290399 595580 549200 989327 450465 551371 668240 109363 946866 191924 978291 838283
 604061 396530 928586 254925 717435 988801 508292 504869 344030 641766 788805 1016935 362091 786465 715010 650044 1066952 465200 808465 467375 319293 1037131 1007592 285934 816752 521304 640717 833611 672938 615307 285285 431112 969635 1126240 704587 640634 380633 695883 793919 1135981 1 1127357 318689 918035 726142 868120 629727 235495 641504 464350 760610 720571 698323 964924 755273 758117 944924 851028 816544 246016 380612 1109624 779529 87441 579293 775229 1127535 977597 680862 106951 503855 834402 165780 362783 1010230 198563 998400 751606 977264 865110 862793 414725 687351 626410 679121 1097945 375096 1062497 761088 552136
 596237 821263 350895 1153516 415489 262861 688267 717981 818751 812311 477107 285987 906400 724884 808570 534374 106036 826024 701652 815541 881628 337139 218016 1037073 410258 633024 677202 860730 819811 897074 897899 721220 539714 88952 780509 845296 747086 565865 598641 97548 1127357 1 922447 275620 403621 578415 645562 967739 638794 946076 415549 540539 885451 871055 845033 573596 237773 887483 314369 904599 866367 78562 741718 1063678 831128 585057 19282 408927 832749 1107395 727702 846804 976682 778714 876312 964504 182358 380184 213986 517570 616075 1016626 441407 519609 715381 199654 969303 277803 907067 786260
 542262 444576 815639 231740 511467 735424 479682 501105 125563 323311 510598 755311 474531 812719 777903 394996 843047 148482 491973 527751 399895 764180 855958 115192 553601 291342 640863 517620 742461 304703 370106 381791 666668 943120 385905 722665 276343 644000 488663 908656 318689 922447 1 772570 555660 562498 610030 383542 620158 166853 515801 660080 385730 648033 438756 719985 789348 536730 639187 312627 464055 887344 461377 231304 655990 473499 918069 694191 755570 236426 211418 517596 173656 326030 693015 330141 766001 583207 819345 810870 552805 161520 494195 502979 364042 849688 94606 799857 858627 603818
 338913 571880 99391 992814 286010 374522 437157 461243 653015 762163 467964 418004 653042 453683 533677 441435 293257 714111 713741 553684 639870 477128 89705 886319 404917 488712 403748 871468 544207 837538 661655 490517 627235 230597 752464 569820 543819 293139 604962 344786 918035 275620 772570 1 218413 618680 374935 730862 367222 841265 358504 266816 852032 921723 831856 298231 37848 901199 149799 679570 613888 312264 741616 866723 557753 581752 287331 509740 557212 918055 614086 858987 784104 556160 940219 737348 295465 191289 66127 253667 652952 898203 287489 291770 676665 396880 839851 439947 633940 515984
 232231 429614 279339 779000 89881 342750 304236 340232 438442 559536 312289 385534 516684 482491 525851 238327 358958 496823 542938 441442 483094 433741 300301 670036 267913 270311 356366 691907 518920 629958 496683 320029 514881 401037 559160 531118 345579 261670 439782 427637 726142 403621 555660 218413 1 473895 313261 566240 312253 624032 195764 251174 653205 762109 642221 318737 233707 722042 90403 501070 476665 397606 562428 666600 494528 413121 405776 427393 534581 714147 397504 680658 581091 375253 787831 561043 308360 27558 264021 349296 502270 679864 73595 126635 482001 422985 621481 424590 634436 437226
 669130 772395 712070 769279 385453 316259 695380 735209 529948 296277 161638 302966 849603 951568 980795 286130 472667 416639 130122 824083 785286 273610 656340 651901 215002 397515 806184 283334 965466 378196 777164 646326 105175 645594 239994 968584 583175 728235 74242 511932 868120 578415 562498 618680 473895 1 761378 830609 763949 490280 278438 721991 335999 304410 280539 791379 606144 309341 482616 744843 816612 508824 175956 782601 917711 94900 563964 186689 981514 797928 364660 269283 704077 654843 321584 795145 398390 485213 619033 819202 37667 571686 415306 556280 210135 411217 554838 332149 1088011 854910
 92973 236181 338944 781589 387022 652553 132348 125117 488013 758716 603480 696383 300427 210569 219425 483749 636753 628186 802222 189272 313874 746395 456037 704148 572283 424235 44816 930373 206788 806488 345498 229813 817684 605318 781408 217961 333718 83392 712504 699598 629727 645562 610030 374935 313261 761378 1 406046 11780 741301 495128 111301 855353 1023660 865890 128737 411756 959622 366844 385870 266003 666989 809206 605369 187891 684479 654700 739352 222686 665150 552752 921623 541167 294616 1055984 431752 605035 317947 440908 236987 783858 767707 351269 205509 708372 720300 700347 733287 326909 141081
 397616 169976 725502 448478 583131 874869 297697 284631 323796 674944 714621 910003 126978 551443 479942 565527 923640 493703 805792 233162 93306 941861 820042 421006 723416 437632 411511 874429 438068 678632 69887 246561 921684 952469 726950 406687 253915 479197 760153 992804 235495 967739 383542 730862 566240 830609 406046 1 417738 550327 654085 505688 754322 998011 796237 534575 761975 897750 653707 86065 146314 963402 789026 243176 344249 736052 971123 898165 446500 302587 484103 871391 225087 195809 1040407 55116 865019 588091 794242 643026 835629 532802 546958 448727 678700 974312 472498 954627 531239 317218
 97427 247900 329184 792799 387710 650177 143327 136863 497812 765476 605487 694177 311609 203067 217142 487656 631669 636620 806565 200016 325614 744704 447509 714826 573079 430854 44114 935908 206768 814095 357272 240483 818943 597381 787366 219968 343816 74535 715944 694041 641504 638794 620158 367222 312253 763949 11780 417738 1 750393 496206 102123 862203 1028172 871950 116980 404236 965235 363314 397606 277423 661377 814174 617005 193210 687936 648185 739031 222521 676747 560213 927035 552552 305725 1060152 443531 601275 315928 433081 225289 786874 777511 352474 207695 713995 716377 710205 730644 325199 148950
 663660 600763 899572 289881 559980 725777 616461 643152 260187 204019 488093 736123 637776 949652 924987 414883 855018 127211 390797 682195 562494 731857 917289 187232 545702 356457 776522 375487 891868 153725 534272 521406 594645 981345 270175 875087 413836 762630 422396 915193 464350 946076 166853 841265 624032 490280 741301 550327 750393 1 530719 774623 237067 507505 299903 839867 851366 389958 696560 477815 624465 898837 350756 380045 809097 416151 938445 651965 905752 366478 227422 378313 337121 475131 553343 496992 774370 650510 878557 921006 470688 81414 553808 601948 280223 839862 89320 777573 1011398 753662
 405697 553767 444689 747420 109284 228192 451372 491104 425907 413167 117211 258232 638736 676519 713028 121080 328553 410733 357375 588365 587210 287875 414470 628524 78067 239938 539686 513370 701737 494023 589737 428157 322811 453208 396260 709285 402413 453873 250124 393061 760610 415549 515801 358504 195764 278438 495128 654085 496206 530719 1 445686 498224 571893 473960 514188 354614 543221 212246 574763 601109 372867 383327 685944 664736 225221 408544 253918 717695 720965 313551 501081 598515 459907 595265 633018 250325 206937 374947 541387 307910 601200 143882 290706 322135 338735 555400 303622 821346 603585
 121004 336570 227934 850472 336899 573200 212285 221196 534759 762561 560624 617962 407651 231331 283811 461349 540037 653914 779638 299050 412426 671441 345605 762680 519060 432271 136941 919231 285737 819936 441216 297958 766054 496232 776022 307082 388751 28045 681835 600147 720571 540539 660080 266816 251174 721991 111301 505688 102123 774623 445686 1 859403 1001306 860920 71171 304233 949131 282694 474568 371348 567335 792964 687462 290970 654281 550749 675056 300158 745433 567562 909215 616089 367701 1030010 525462 516503 247093 332288 151669 748447 811167 307230 182458 700075 630159 745224 651561 390982 250790
 766585 768046 929648 520550 569786 633663 747281 781237 434365 96982 409602 629786 821891 1065124 1061341 415029 783377 261317 208666 842314 746979 607687 912590 424211 477940 431490 896401 139112 1034099 83434 724589 663977 427693 939654 104955 1024449 564359 854658 291240 832354 698323 885451 385730 852032 653205 335999 855353 754322 862203 237067 498224 859403 1 270806 69990 929767 851658 153047 702404 673716 800784 823825 161505 612413 961902 301073 873649 521058 1049284 602908 305663 143422 559016 636651 316690 704592 703484 675227 873020 991082 304383 306057 579909 676976 176097 738929 325511 663754 1158317 901329
 930860 984061 1013509 790526 672228 608967 935903 973751 674308 326570 456112 586325 1048936 1225085 1240587 541621 765181 509660 221974 1049763 976639 542259 960734 694737 516829 613344 1067652 132044 1219518 353825 959208 866945 333645 943621 271062 1216492 780036 1003466 322507 794894 964924 871055 648033 921723 762109 304410 1023660 998011 1028172 507505 571893 1001306 270806 1 209658 1072192 910219 120870 782074 913846 1022489 797191 217662 878146 1158965 348990 855147 462839 1235374 872055 518653 130530 818579 854888 45888 951948 695877 777099 923434 1111249 268978 576349 696169 824853 327144 687583 595234 604461 1344347 1096226
 775092 796811 914008 586900 555534 588238 764698 800378 472976 121367 375147 580574 855793 1073790 1076766 405058 741209 303629 150485 867763 781852 554120 887211 486812 443754 442722 908221 79074 1051688 147599 761782 686610 366068 903750 84941 1044490 591800 858441 246405 786661 755273 845033 438756 831856 642221 280539 865890 796237 871950 299903 473960 860920 69990 209658 1 931903 828491 101708 683433 713537 832191 780272 105171 668535 983653 261346 832249 467191 1067175 662757 328408 79173 610176 665736 255086 748393 662683 662389 847906 986514 246355 372445 570147 678952 161286 689609 386533 612068 1176534 921995
 177826 364832 236569 902674 405955 630445 254635 253248 595366 832866 629834 675427 425951 167205 235747 532492 584383 720667 850603 312605 442583 730399 366393 819547 586401 501427 130590 990394 246695 889159 474198 348012 832960 520188 846990 274629 445457 77258 752320 640867 758117 573596 719985 298231 318737 791379 128737 534575 116980 839867 514188 71171 929767 1072192 931903 1 336007 1020289 340947 513571 393105 608083 864119 731618 273957 724839 585560 738474 259264 790874 636140 980384 664563 416055 1100638 560358 568320 312186 360392 108690 818341 873620 377362 253124 771129 679814 807096 706940 338601 247981
 372799 604887 128052 1012145 292241 348732 470124 495392 671705 763599 459765 391275 686918 490585 571364 445556 258425 724527 705970 588979 671646 450722 66650 903738 394628 502275 441172 865040 582048 840852 692503 519752 608806 194754 750632 607649 568301 330345 596827 308052 944924 237773 789348 37848 233707 606144 411756 761975 404236 851366 354614 304233 851658 910219 828491 336007 1 894535 154914 708500 647543 275683 735764 891472 595202 574652 249563 488165 595037 941711 623947 852284 807878 584196 927076 766801 266384 206152 32426 288529 641249 910658 298637 318769 675711 363928 853739 410726 671290 552836
 867989 897531 987549 670464 633402 625595 861950 898239 574632 223043 435003 610975 957276 1165986 1172566 488879 781878 404668 189563 967616 883442 575893 950242 576934 501798 538734 1002528 30137 1148510 236469 863483 785898 372561 952661 180437 1142337 692478 948179 298492 820668 851028 887483 536730 901199 722042 309341 959622 897750 965235 389958 543221 949131 153047 120870 101708 1020289 894535 1 755293 815193 933364 818142 160200 764864 1082209 319884 873217 490556 1164109 755954 428883 42252 709219 766639 166350 849643 706627 740381 911535 1069705 271785 456673 651730 768325 251252 717943 478549 636793 1273483 1020234
 298142 511494 232452 865059 137459 290528 381564 414825 524752 612365 326001 335342 597908 508137 566317 291985 277664 569822 569528 515295 568703 389551 220748 754120 267766 349673 406519 725384 565563 688006 583932 407148 505262 311013 603336 582712 435978 300531 461727 344857 816544 314369 639187 149799 90403 482616 366844 653707 363314 696560 212246 282694 702404 782074 683433 340947 154914 755293 1 590375 557756 313701 595245 756698 553823 437321 317418 400707 580574 803728 469159 713196 670939 464460 803340 650220 238289 65826 182278 342866 515012 756623 145394 207219 527264 353741 700635 369120 673675 500556
 358401 160483 684442 414797 509599 798184 262303 260761 240562 592170 631022 832037 163949 556597 498560 482274 854754 412460 720016 241162 93399 861929 769263 366815 642289 353262 400552 791352 458734 599796 59174 189088 836535 895149 642840 432244 172434 450006 674207 924123 246016 904599 312627 679570 501070 744843 385870 86065 397606 477815 574763 474568 673716 913846 713537 513571 708500 815193 590375 1 161783 895578 703810 222100 366150 650217 906806 815819 469522 282983 398567 787952 174561 125923 955926 60131 793000 524561 740924 619850 749621 468534 474843 390475 593284 900206 405037 877003 564340 325803
 274980 47733 596784 575373 513262 807617 178284 153269 370402 712261 681384 846620 40153 405885 339427 534639 834514 542235 814974 86892 68469 885604 701233 527488 676355 420864 267026 907335 298675 732881 104114 173670 897622 841476 755081 270842 242491 343856 751670 902418 380612 866367 464055 613888 476665 816612 266003 146314 277423 624465 601109 371348 800784 1022489 832191 393105 647543 933364 557756 161783 1 871444 806440 376802 205279 725233 871928 853935 308783 437793 505094 902127 336337 167611 1062013 185369 784315 494411 679147 501791 828110 623732 474610 351160 695679 897805 558294 889426 402580 171578
 608430 825087 398923 1119078 392238 192772 695068 727564 789966 754811 419528 210898 911594 765937 843783 493824 44331 782243 634486 827344 880659 259831 272540 1000834 355350 602423 701970 792037 851472 840376 894025 717550 464588 165465 719179 874374 732110 590868 534255 32838 1109624 78562 887344 312264 397606 508824 666989 963402 661377 898837 372867 567335 823825 797191 780272 608083 275683 818142 313701 895578 871444 1 675995 1041905 854583 522754 60149 334371 865171 1082533 686262 778019 954301 770530 801096 955708 124505 377548 258717 563549 546358 971933 423007 520589 657157 121134 927986 199743 945595 805825
 716748 767290 827422 640038 473508 483662 718616 756288 467359 146810 277435 475430 833855 1013083 1024929 331653 637393 314517 47167 832212 762502 449300 792525 530123 345325 395729 852833 130188 1003007 215670 746682 649382 266383 802347 80593 999332 563982 793248 143786 681880 779529 741718 461377 741616 562428 175956 809206 789026 814174 350756 383327 792964 161505 217662 105171 864119 735764 160200 595245 703810 806440 675995 1 692099 941449 162038 728593 362385 1018811 695431 305571 118370 624053 638870 255649 745355 559489 580410 753564 910724 143068 430197 492747 613610 111102 584447 428878 506973 1127945 878764
