NAME : domp30p10v3
COMMENT : Cherkesly, Contardo & Gruson 2022
TYPE : DOMP
DIMENSION : 30
DISPLAY_DATA_TYPE : NO_DISPLAY
OPEN_FACILITIES : 10
COST_SECTION
 1 769264 524571 151883 845359 587659 478806 109493 421863 261977 444891 290412 633682 750976 494020 369126 361225 260812 242286 310026 199005 736384 535628 232411 543779 621791 447345 158218 532502 814458
 769264 1 534058 919901 855988 1054661 756533 702399 358540 983343 1094118 773771 955948 44115 330764 921730 995015 997919 562441 862580 640858 897358 1145643 739265 276089 433407 323019 614703 795531 193657
 524571 534058 1 653762 395104 536074 233331 415643 430811 608933 642932 727653 422337 548518 237654 457129 554174 636180 302549 418338 553746 378642 666436 665407 518462 136398 350133 452485 263938 447369
 151883 919901 653762 1 939179 598857 565747 245253 568868 197447 395630 332259 683350 900509 644445 388407 338571 177318 389426 348241 316161 812106 494448 294981 686819 760991 598718 305829 612875 965722
 845359 855988 395104 939179 1 519721 373465 740011 825310 820844 753374 1093370 345450 882891 621305 602244 703315 853982 669621 608952 925522 168087 721679 1029230 904876 432173 742080 818353 329946 704170
 587659 1054661 536074 598857 519721 1 302882 527551 832893 415310 265981 878029 174452 1061048 727550 218747 266877 446412 574158 279572 759391 351755 207198 819450 956241 667284 789831 663772 279821 983412
 478806 756533 233331 565747 373465 302882 1 378811 575768 457153 436498 745086 211683 765853 435493 256973 361523 489302 347751 244252 588930 259278 443641 680933 688706 366274 516344 480961 58092 680691
 109493 702399 415643 245253 740011 527551 378811 1 375473 284747 434489 369353 549234 689126 405272 316131 339256 296278 147508 249835 232007 637981 513832 306066 503989 516680 380288 140477 434506 727968
 421863 358540 430811 568868 825310 832893 575768 375473 1 659508 802131 427708 786861 334175 217979 653674 703546 668363 264040 587213 282771 796479 871505 385966 129492 426793 90903 263813 629898 454814
 261977 983343 608933 197447 820844 415310 457153 284747 659508 1 198552 519914 525294 972081 671864 225264 148589 33569 421122 213247 460782 675531 297063 473614 787194 735474 663275 407230 491902 990918
 444891 1094118 642932 395630 753374 265981 436498 434489 802131 198552 1 716529 418642 1089680 766878 185810 99561 219925 542996 233629 641971 591184 99387 667650 931619 778668 787527 571680 448616 1069036
 290412 773771 727653 332259 1093370 878029 745086 369353 427708 519914 716529 1 917596 741742 603364 659396 642959 505831 427362 600202 174926 1004102 812471 64341 500951 787127 501112 276516 801882 882112
 633682 955948 422337 683350 345450 174452 211683 549234 786861 525294 418642 917596 1 968563 642820 300864 387571 558673 549672 335496 774976 177769 377302 854944 900374 541117 727912 669860 162268 860296
 750976 44115 548518 900509 882891 1061048 765853 689126 334175 972081 1089680 741742 968563 1 333748 920500 990263 985340 552678 859793 614412 917385 1144511 709576 241396 455715 308917 594699 807154 235716
 494020 330764 237654 644445 621305 727550 435493 405272 217979 671864 766878 603364 642820 333748 1 591693 668500 690582 257785 533985 433959 616165 815376 549591 283692 208983 127585 362243 480553 322704
 369126 921730 457129 388407 602244 218747 256973 316131 653674 225264 185810 659396 300864 920500 591693 1 104762 258803 389637 67709 545897 451776 224025 601229 781750 592941 626381 455656 279122 886522
 361225 995015 554174 338571 703315 266877 361523 339256 703546 148589 99561 642959 387571 990263 668500 104762 1 179561 443616 137834 554389 548670 175875 590171 833000 688721 687986 478240 383286 973422
 260812 997919 636180 177318 853982 446412 489302 296278 668363 33569 219925 505831 558673 985340 690582 258803 179561 1 437013 245834 457827 709059 319260 462459 794954 761123 676443 411722 524818 1011064
 242286 562441 302549 389426 669621 574158 347751 147508 264040 421122 542996 427362 549672 552678 257785 389637 443616 437013 1 323320 256205 597294 608481 364220 392338 383307 245672 150900 405638 580488
 310026 862580 418338 348241 608952 279572 244252 249835 587213 213247 233629 600202 335496 859793 533985 67709 137834 245834 323320 1 480761 469117 286397 540666 715650 551959 562459 388710 279257 835928
 199005 640858 553746 316161 925522 759391 588930 232007 282771 460782 641971 174926 774976 614412 433959 545897 554389 457827 256205 480761 1 845570 730091 116218 383885 612725 342238 108382 646755 727323
 736384 897358 378642 812106 168087 351755 259278 637981 796479 675531 591184 1004102 177769 917385 616165 451776 548670 709059 597294 469117 845570 1 554839 939883 894397 464536 723032 737233 203917 772148
 535628 1145643 666436 494448 721679 207198 443641 513832 871505 297063 99387 812471 377302 1144511 815376 224025 175875 319260 608481 286397 730091 554839 1 762008 1000513 802746 848853 653484 442784 1105142
 232411 739265 665407 294981 1029230 819450 680933 306066 385966 473614 667650 64341 854944 709576 549591 601229 590171 462459 364220 540666 116218 939883 762008 1 471497 728481 453352 213333 737817 837340
 543779 276089 518462 686819 904876 956241 688706 503989 129492 787194 931619 500951 900374 241396 283692 781750 833000 794954 392338 715650 383885 894397 1000513 471497 1 483253 173037 385896 740467 419037
 621791 433407 136398 760991 432173 667284 366274 516680 426793 735474 778668 787127 541117 455715 208983 592941 688721 761123 383307 551959 612725 464536 802746 728481 483253 1 336568 522703 389918 319271
 447345 323019 350133 598718 742080 789831 516344 380288 90903 663275 787527 501112 727912 308917 127585 626381 687986 676443 245672 562459 342238 723032 848853 453352 173037 336568 1 295924 567607 385113
 158218 614703 452485 305829 818353 663772 480961 140477 263813 407230 571680 276516 669860 594699 362243 455656 478240 411722 150900 388710 108382 737233 653484 213333 385896 522703 295924 1 538875 673932
 532502 795531 263938 612875 329946 279821 58092 434506 629898 491902 448616 801882 162268 807154 480553 279122 383286 524818 405638 279257 646755 203917 442784 737817 740467 389918 567607 538875 1 708343
 814458 193657 447369 965722 704170 983412 680691 727968 454814 990918 1069036 882112 860296 235716 322704 886522 973422 1011064 580488 835928 727323 772148 1105142 837340 419037 319271 385113 673932 708343 1
LAMBDA_SECTION
1 942
2 969
3 636
4 119
5 497
6 650
7 813
8 242
9 748
10 74
11 290
12 824
13 273
14 80
15 491
16 551
17 735
18 508
19 230
20 902
21 976
22 444
23 728
24 356
25 21
26 364
27 278
28 534
29 969
30 948
