NAME : domp100p33v7
COMMENT : Cherkesly, Contardo & Gruson 2022
TYPE : DOMP
DIMENSION : 100
DISPLAY_DATA_TYPE : NO_DISPLAY
OPEN_FACILITIES : 33
COST_SECTION
 1 334674 881673 845842 940250 407992 542222 743780 473378 1141397 938677 318439 1218874 720472 612682 879770 894986 1008363 619737 628908 455088 391588 36848 313098 859390 462531 1022750 1029024 697674 350197 259746 650122 779642 406612 1220609 394773 494274 811252 516861 14272 477260 665683 1102267 773975 594450 1079522 661674 719107 439883 453650 806120 981233 1019833 971578 432760 905665 771594 269514 544650 832151 796267 1207923 830804 1000181 882629 928762 246168 753212 272058 411346 378629 1004845 962095 353499 421622 591758 728024 855054 349052 747793 956410 488376 912620 592806 936784 96857 1172456 625576 438732 706949 885722 572662 882598 859207 627666 837873 449828 920414 506114 836574
 334674 1 558228 512985 683904 378731 274182 420072 149796 939215 830113 102176 958082 412877 347195 826178 720412 724404 684717 383959 256231 245867 304220 41833 526042 313930 877888 818541 366198 258187 281710 338572 466261 478679 983957 254075 312001 725797 406856 322587 227981 382606 831653 733298 333950 848271 327007 414542 342738 526744 473545 799676 715858 753679 550978 758396 467544 371522 515373 605221 494680 952851 750551 859128 858238 595633 145270 432108 67450 79443 52313 684747 889337 327627 106811 485624 395420 679827 492925 787308 859682 154198 883160 270157 619996 369551 929752 433226 439549 686658 559805 468098 552446 689319 340379 807974 515334 591763 447919 502042
 881673 558228 1 113133 339136 684105 371376 347775 410331 641901 760826 624706 517168 178147 328805 854225 565393 272887 932047 356349 489874 560722 847298 570745 239717 540303 721848 538848 201720 615542 714303 235816 116608 821220 596428 564063 493071 739583 589334 871330 434005 266420 390105 816715 346892 507217 268091 185417 603436 846968 256046 594234 199170 481516 905558 642968 149962 797562 724483 393607 145602 526834 762593 717045 922796 125400 694287 128669 625672 495850 508256 128128 864299 679422 512024 607511 276100 544446 892899 967749 801751 409655 932103 399766 77127 889947 538756 454674 732644 820034 339752 606120 66649 560308 285294 880295 833190 322517 665735 200516
 845842 512985 113133 1 445600 702258 381454 238433 374468 751186 847414 564697 629624 212056 359446 929432 656901 385974 972702 399010 499487 564958 813428 532963 129096 559965 818643 644810 148877 617620 708252 238189 169500 839348 709494 569750 515020 813123 623505 834355 435705 304299 503153 882006 374416 617758 192871 223368 623609 870630 143254 693488 308970 585019 924248 732049 213103 796855 763617 483424 222595 639762 837278 812011 994295 83004 638490 141012 579154 441953 467214 217931 947523 687998 448901 654889 173782 632030 901381 1021448 887927 358939 1006221 312736 186925 866120 651750 505257 756275 877106 230044 650350 55918 647746 307844 949415 856782 218242 699504 87639
 940250 683904 339136 445600 1 608042 412283 655054 547551 307415 456921 778515 278900 314268 338213 578530 258733 128470 756335 312197 485243 551936 903404 674890 574690 490891 393561 199722 451382 600793 705998 377421 302739 725824 303533 550232 450879 476694 481640 934167 470556 303962 167340 573662 353699 180769 523692 305433 536858 731646 580099 263460 227003 144641 799591 338119 268184 762063 575737 134732 243969 270202 494240 392909 654470 460263 828390 354659 743737 654561 633072 327163 565498 633351 690070 451890 573965 254323 819190 749756 497300 580249 655857 650039 289415 912711 247248 333071 631852 602599 675643 461421 405745 268628 346237 621209 719597 661199 543722 531815
 407992 378731 684105 702258 608042 1 320808 724863 392286 753552 530738 463110 874243 506536 355618 481935 501805 707151 309037 337510 204332 151956 375832 338219 775580 143879 617159 649967 568981 120873 151531 464142 567503 137476 853200 144565 191047 404389 128388 408697 271781 418658 775274 379088 337249 713373 578962 498718 80820 170392 735684 588019 753850 600622 222301 502358 538880 162277 146833 480051 553734 857734 424949 594178 498143 777709 452087 568500 383546 431636 368998 781807 559519 59452 475030 189136 667804 464068 215450 408802 549347 444337 526003 597885 710874 343805 811968 275703 62428 320634 844281 171181 715033 465457 400045 449584 156742 863318 98123 736379
 542222 274182 371376 381454 412283 320808 1 434153 157941 667288 599849 372826 689360 194133 74081 632001 460976 467021 601749 111677 119302 189348 505775 262663 460150 179319 626065 546081 251941 244229 344859 143431 256686 457934 710253 192770 136726 518999 253732 534319 66207 123763 566406 558435 59770 574101 276418 188909 242625 489623 425069 535049 480192 480574 542840 510438 237414 426267 394987 332071 259090 682331 544864 609797 681940 457587 417148 249700 331786 259803 225441 481440 677500 309287 302670 305545 365114 421863 523263 667597 634741 208114 701075 340451 410465 532745 656607 189429 375626 534365 537181 295119 396091 433446 89128 632539 475792 551252 326487 418929
 743780 420072 347775 238433 655054 724863 434153 1 334593 961964 1001728 429250 864041 357328 453565 1056886 827852 615977 1026088 505199 527974 573249 717458 454523 151115 599880 996389 848032 214190 615191 679960 327898 352716 852420 937265 580401 565286 941079 685081 730429 460059 423686 735233 990212 459855 834112 159918 369006 657455 893437 102817 879840 546427 783814 933975 895267 390796 773191 824345 659564 412199 872330 966694 985740 1111903 289241 505833 301815 474229 340748 392313 454923 1091815 692127 322489 739566 82096 796077 890885 1100403 1040233 288197 1129146 151192 424011 788897 878923 610041 785994 968499 142175 729249 294033 810814 402435 1063303 880194 179637 753885 162213
 473378 149796 410331 374468 547551 392286 157941 334593 1 819289 754489 233126 817023 263805 221518 776168 618808 578571 697867 267750 205989 240341 440055 160738 408898 278409 783957 697750 225607 280606 350539 189278 316468 517893 850449 247862 253992 666443 370896 462474 145223 243592 688678 694665 213354 718563 203439 266103 329961 559508 361209 691914 566363 631389 599414 667929 318801 443296 503202 483816 346263 813568 692180 767536 820062 457439 292487 283131 216894 107145 98378 535981 827647 357571 146330 438357 286500 579791 558477 782017 788254 55725 841500 207377 470532 492021 794755 343923 454157 660928 462130 424270 409298 591381 201398 769858 546400 487097 432010 377678
 1141397 939215 641901 751186 307415 753552 667288 961964 819289 1 341597 1039544 262787 614381 598064 491935 252321 383442 781096 555909 702943 754515 1105579 921360 880157 679973 218571 121546 755448 791391 885825 669798 609278 835835 158363 750027 654171 442127 629816 1138335 712242 583399 300051 544171 608199 137256 826196 604317 703732 822717 887312 167680 488794 188179 890035 276186 572697 915706 662940 335626 549950 232787 444106 236911 566038 758119 1077739 660680 991085 925222 892243 603811 432989 797227 965507 565737 880562 289503 935720 722927 367809 860195 552753 947990 583179 1092781 169283 520500 752490 603423 980916 582795 708373 288590 622792 555171 814092 964243 663868 838062
 938677 830113 760826 847414 456921 530738 599849 1001728 754489 341597 1 931003 580331 651562 555558 150355 199423 582192 460689 502782 574028 595955 906503 799745 969056 520326 126356 315828 789190 611959 681041 674209 678970 568818 495190 588835 518252 132211 436335 939414 614835 578060 559635 215910 554643 402543 844353 639363 513115 541714 956443 214502 683923 327999 602749 119597 635253 680246 400702 367255 625066 552164 120581 105221 225519 886130 946099 718729 863678 845628 795030 779527 108873 586757 891677 355335 921843 216389 665070 385406 41023 807247 215596 936053 731096 869709 487253 410810 505492 285044 1066171 374610 822957 200532 602371 214207 536642 1063272 432645 923129
 318439 102176 624706 564697 778515 463110 372826 429250 233126 1039544 931003 1 1049873 494586 444584 922824 822486 811405 762255 483713 357688 341434 296218 132069 555335 412724 980019 918584 425072 345437 345619 420143 543090 548515 1080228 349401 413373 824651 504029 304591 329661 475081 921781 827781 432451 945930 372175 497842 436286 598390 500713 901459 794485 853319 613764 860469 549890 427116 604856 704796 577710 1045932 849140 961196 951907 645196 76894 503537 81250 130576 147399 752729 988072 407939 116023 583876 424028 781934 547111 871037 960001 216261 977608 280208 691603 377952 1025286 535398 521533 778043 571390 565922 609792 791476 432666 901887 588095 608038 539719 538854
 1218874 958082 517168 629624 278900 874243 689360 864041 817023 262787 580331 1049873 1 565184 615362 727556 426872 251076 976412 591089 763788 829484 1182034 951317 750713 765794 468482 269146 684536 877096 981351 636176 533798 982452 118347 827431 727647 653959 745991 1212920 748941 575552 131639 758608 631531 182566 758659 559086 807618 981261 772877 370126 323395 288305 1050046 485517 511699 1032397 820293 394892 483829 30007 662977 482045 804656 609309 1103185 584939 1019540 922919 906531 434212 681608 904761 955151 703081 788821 447821 1079346 941401 612877 844151 795915 891493 443107 1189180 94971 604189 890560 805941 846261 715880 577089 455724 617889 785244 970339 820166 800267 715714
 720472 412877 178147 212056 314268 506536 194133 357328 263805 614381 651562 494586 565184 1 152624 722843 471436 319175 763725 187549 311956 383291 684985 417205 321263 362660 639398 496648 143833 438284 538592 74587 62554 643847 614156 386392 315666 606119 416539 711132 258253 93113 434237 671212 169892 494652 212019 12217 426037 670873 304920 522733 303219 430903 728388 541121 55324 620302 554837 302240 83316 565440 630832 629306 785489 277006 556287 71441 479152 364506 360716 288577 747141 501313 392531 443422 275436 441127 714752 809508 691174 281735 798700 335780 218303 720761 556282 293210 556323 665070 415610 439572 211611 456244 107148 739728 657053 416486 493014 275467
 612682 347195 328805 359446 338213 355618 74081 453565 221518 598064 555558 444584 615362 152624 1 603322 402328 395682 613272 52791 170748 243757 576042 336694 454941 212146 570236 476569 251140 298566 403210 130870 212246 492508 636787 245294 164651 487588 264582 605244 135651 63248 492938 539505 19510 501405 293756 143855 274839 518476 427419 472054 415765 410449 576766 458229 183808 478606 404184 262457 200974 608251 513250 555510 659396 428796 490812 219594 405696 327162 297527 428491 640465 355067 367847 298130 377739 364839 566671 665607 592448 265798 675913 381167 357225 598364 582849 157006 404008 524970 540825 292050 363957 377642 53687 611406 504671 549143 340925 410875
 879770 826178 854225 929432 578530 481935 632001 1056886 776168 491935 150355 922824 727556 722843 603322 1 322500 706658 334996 551986 578031 581407 850772 791028 1044102 512966 275321 460122 850761 583772 632373 731205 760117 484526 645214 573423 524609 116766 419322 882666 631218 639064 697678 106227 597635 547482 897041 710747 487652 448023 1024530 358200 803069 462887 500672 247935 716840 611875 336937 469343 711683 699894 92157 255254 77745 977687 925648 793317 848826 855343 798847 889787 90339 541227 901972 341715 980447 324804 572893 241474 129109 831349 78325 972263 834940 801047 635455 447213 441604 177572 1137014 358476 912284 310060 654977 67166 446198 1139329 389421 998304
 894986 720412 565393 656901 258733 501805 460976 827852 618808 252321 199423 822486 426872 471436 402328 322500 1 385680 550782 352114 471119 514480 859707 697145 781568 437906 169434 162877 613664 546681 637221 505749 491034 584784 370826 509163 418414 230803 379793 892702 493271 409776 378094 334310 406773 245006 675131 459491 455376 574105 773555 86484 485471 143891 642179 79862 447829 663777 413015 173484 434557 402454 243883 157906 399601 690775 851834 534600 765689 719557 677765 580113 307331 547014 763361 313514 746365 40984 684562 516661 240270 666850 398756 779825 532483 842685 343318 287999 500317 379071 880514 330776 628906 36351 441220 370724 564842 874525 411548 735958
 1008363 724404 272887 385974 128470 707151 467021 615977 578571 383442 582192 811405 251076 319175 395682 706658 385680 1 878051 385017 559760 630800 971722 722528 511681 578919 509488 299180 433551 683158 789449 392392 283361 831901 323546 630510 534816 605124 584895 1000866 531187 345430 119946 701567 414026 246189 507644 314462 631417 842158 528374 380311 107657 259053 909004 464383 264394 854087 690623 255868 236245 256769 622704 511636 782785 379268 869462 334075 788544 682263 672179 220581 691032 725344 711624 565392 539263 382755 921638 876480 622112 600697 783780 640681 204719 991151 265990 432581 737476 728550 610497 572800 336702 396963 386270 749677 829574 589207 652226 473396
 619737 684717 932047 972702 756335 309037 601749 1026088 697867 781096 460689 762255 976412 763725 613272 334996 550782 878051 1 577038 498152 458767 598710 643403 1061500 426776 583093 713062 853339 429193 420381 738588 818731 220453 918733 450885 465240 340082 349868 626499 566309 670656 910363 244831 598505 795557 874261 753609 368852 169903 1026616 620695 951686 688689 191570 505660 782092 359208 209089 622812 789229 952824 342610 559701 301101 1040686 738886 832641 681142 740509 677809 1007689 424933 357091 783461 325762 963674 528816 275036 130516 455063 751259 331779 904808 940633 528052 894071 478210 246733 178169 1138111 325955 974905 520710 665170 271954 177457 1153001 275297 1019400
 628908 383959 356349 399010 312197 337510 111677 505199 267750 555909 502782 483713 591089 187549 52791 551986 352114 385017 577038 1 175378 245790 592070 369030 500563 198631 519187 434871 299946 298367 404628 179693 241804 471892 604024 245538 152182 435934 233310 622482 160418 94713 473450 490740 54677 466046 345605 176971 257394 493533 475554 424168 418697 369742 554822 406199 206849 472891 368628 221263 218164 581748 461516 504021 609340 463948 525003 258004 438784 371260 336360 445334 587920 345636 413543 255931 428489 313956 552121 622596 539661 314754 625208 433730 374880 606605 551823 108102 380307 479561 588837 252119 397960 326386 102998 561813 479895 595352 309546 455793
 455088 256231 489874 499487 485243 204332 119302 527974 205989 702943 574028 357688 763788 311956 170748 578031 471119 559760 498152 175378 1 73014 418250 228030 571469 72764 623806 585387 364649 127959 232571 262189 374334 340386 768791 74938 55785 473037 165226 449278 68470 232350 648338 491749 151243 628422 377242 305783 130237 374512 532493 553569 586186 524143 425186 503824 351564 309122 298310 380058 370765 752997 498269 604434 617472 576522 380986 369001 295293 277331 222283 596772 636343 190000 323963 236675 466559 430161 403965 576775 604145 261522 640127 412433 525514 431419 719052 183818 262108 455301 642268 221088 515355 438334 205088 567082 360776 659957 227215 532057
 391588 245867 560722 564958 551936 151956 189348 573249 240341 754515 595955 341434 829484 383291 243757 581407 514480 630800 458767 245790 73014 1 354974 209653 629463 77367 658183 639618 425530 55148 159751 329889 445808 281301 829048 8330 102689 484439 162879 386950 129307 305268 716605 487463 224251 688008 429655 377569 97601 320369 587525 599275 659061 580774 364974 538067 424130 237023 272895 440588 443650 817534 508565 637454 612376 643546 350195 437973 269074 286986 225623 669230 647508 123694 332249 243528 517895 473658 336424 549791 622608 292753 637338 446360 598014 361409 780964 234977 213866 441644 694639 225134 583688 479993 276941 562107 307035 715193 203503 591916
 36848 304220 847298 813428 903404 375832 505775 717458 440055 1105579 906503 296218 1182034 684985 576042 850772 859707 971722 598710 592070 418250 354974 1 280476 830032 426328 988963 992866 664966 314217 226116 615037 744438 382612 1184021 358251 457648 779876 482267 33149 440688 629314 1065441 745290 557766 1042961 630794 683454 404971 430851 777153 945876 983820 935196 414646 871479 735830 243662 514690 795494 760350 1171111 799835 966520 855780 896406 227388 718734 243730 382010 346486 969977 932164 320287 394970 557948 699002 819666 332047 725517 924971 457077 885535 566282 901664 91799 1135760 589172 409209 679271 859067 538773 849346 824011 591494 810361 426172 892995 473870 806190
 313098 41833 570745 532963 674890 338219 262663 454523 160738 921360 799745 132069 951317 417205 336694 791028 697145 722528 643403 369030 228030 209653 280476 1 554227 280733 851779 801438 384609 218106 240234 344065 473410 436852 972294 217699 283295 692595 372034 301950 209447 377842 826732 696727 321824 835013 351912 417649 305388 484965 502782 777952 720220 737461 509260 731842 470826 330609 476441 589507 497211 944813 717072 832463 821261 615935 156405 442980 69831 115017 66399 695702 856006 286343 147572 451807 424967 656325 451900 746988 828329 178061 846608 306156 629231 339128 919068 409167 398666 648563 592794 433868 569589 665155 336365 771111 473593 623378 409835 527898
 859390 526042 239717 129096 574690 775580 460150 151115 408898 880157 969056 555335 750713 321263 454941 1044102 781568 511681 1061500 500563 571469 629463 830032 554227 1 638382 945089 773833 208225 678293 758259 324896 290676 910081 834987 635435 596874 927369 712107 846753 503821 407795 626908 990367 466887 746373 205464 333375 700606 945919 54941 820995 427509 713727 994263 855342 334188 850240 853628 608257 347368 762555 952094 937731 1106239 148061 632049 251280 587368 448117 488235 323783 1066982 752871 441540 752968 131723 755047 962020 1120337 1009219 376644 1119848 277804 308549 893351 777654 608624 833369 979644 100969 746171 175005 770617 401310 1059983 932206 95255 786232 45974
 462531 313930 540303 559965 490891 143879 179319 599880 278409 679973 520326 412724 765794 362660 212146 512966 437906 578919 426776 198631 72764 77367 426328 280733 638382 1 580839 566540 430476 112818 215557 321816 423715 281264 759547 71437 47596 412024 94926 458852 139827 275336 657438 423268 193562 618306 447563 354894 63738 310666 601188 523080 617315 509293 365954 460708 395802 275329 225568 372981 411599 752371 436672 560162 548956 634478 426038 424990 343398 344333 286238 639705 575525 147180 390775 171729 536975 397189 355079 504020 547968 333783 572506 485132 568575 423805 713050 163791 196397 384001 711926 154495 571434 403174 256220 498520 296818 728257 154520 597810
 1022750 877888 721848 818643 393561 617159 626065 996389 783957 218571 126356 980019 468482 639398 570236 275321 169434 509488 583093 519187 623806 658183 988963 851779 945089 580839 1 218032 782236 682834 763030 675161 655637 673092 375246 651932 568992 245384 508032 1022104 653340 579208 466214 339431 573649 299238 844399 627565 586074 650935 939569 130137 615827 250970 714776 120243 613030 773907 500393 338222 597808 439319 240484 24034 348012 846475 1003940 700919 918883 882479 837684 720582 214936 669378 927097 431025 914710 205406 771610 511721 149310 833304 334187 948958 680919 960640 373804 445343 601088 405583 1044872 450191 786977 192844 610335 340275 644484 1036857 520167 899843
 1029024 818541 538848 644810 199722 649967 546081 848032 697750 121546 315828 918584 269146 496648 476569 460122 162877 299180 713062 434871 585387 639618 992866 801438 773833 566540 218032 1 638994 678889 776217 549860 495722 742368 208537 635545 538160 385214 523503 1025377 592089 462326 248332 489927 486871 87393 708666 486226 594782 734373 777332 101949 406812 66885 802797 216371 457401 812093 572704 214183 436069 242919 393838 225612 537637 659362 957842 546219 871232 803731 771226 517113 421248 690101 843963 465770 766210 191720 841680 672654 351273 738739 530727 828579 486754 984474 181456 404702 654970 539637 874801 481482 605464 195836 501453 516497 724636 860877 564826 730519
 697674 366198 201720 148877 451382 568981 251941 214190 225607 755448 789190 425072 684536 143833 251140 850761 613664 433551 853339 299946 364649 425530 664966 384609 208225 430476 782236 638994 1 476375 563011 120407 151868 704526 744889 431028 388659 734235 504158 686359 297829 212442 553024 790382 261314 632078 74163 155248 493027 739081 176384 666513 387924 573727 789089 681468 183231 653019 645694 445839 207980 688510 759563 771555 909248 231833 496566 99785 433006 298257 319215 329631 881399 549222 311111 547526 132937 582065 760887 914242 828114 213183 924758 207409 273666 717288 686487 407536 625979 775571 289772 539855 186407 596882 197691 861749 725318 300222 578053 167465
 350197 258187 615542 617620 600793 120873 244229 615191 280606 791391 611959 345437 877096 438284 298566 583772 546681 683158 429193 298367 127959 55148 314217 218106 678293 112818 682834 678889 476375 1 106292 383828 500818 237361 872343 53354 149971 493986 176056 346945 182829 360304 766466 485201 279057 731105 476318 432652 98901 280262 634880 632540 713461 622052 319004 563556 479273 182039 259424 485366 498711 864223 516958 661251 608021 696834 341915 492218 267587 311381 248654 724377 655095 77037 354345 256640 563512 506334 284512 529123 635826 329910 634511 482576 653162 312098 825637 276577 182600 432910 740216 237350 637579 511318 332051 558359 267530 762337 195657 641801
 259746 281710 714303 708252 705998 151531 344859 679960 350539 885825 681041 345619 981351 538592 403210 632373 637221 789449 420381 404628 232571 159751 226116 240234 758259 215557 763030 776217 563011 106292 1 479840 601088 203203 973106 159217 255724 555719 257817 259218 280464 464097 872080 528457 383723 831926 553247 533736 182110 253514 711600 723658 818755 721502 269971 645968 581817 93232 295654 588155 602219 967828 576451 740508 644701 789144 318536 588708 264526 351576 291755 826291 710909 94312 387688 332019 636964 597756 212720 536458 700529 391939 673370 537835 755272 208901 927675 378379 194365 466683 811932 312916 732191 601204 433748 597167 243895 837624 248831 724670
 650122 338572 235816 238189 377421 464142 143431 327898 189278 669798 674209 420143 636176 74587 130870 731205 505749 392392 738588 179693 262189 329889 615037 344065 324896 321816 675161 549860 120407 383828 479840 1 129684 601346 680077 334091 277242 614858 388722 640402 201015 96551 505893 669977 142004 555816 170375 77947 385433 632471 296565 565268 377294 483173 686252 569792 129795 565170 529961 344882 157567 635198 640302 662913 789029 314334 481740 108869 405068 290250 286501 355148 764003 451740 319471 428250 249520 471832 665654 795491 712491 208436 804809 279079 286663 654603 622759 287136 518177 655719 409968 421276 253803 486081 77306 741418 618625 418654 463905 281504
 779642 466261 116608 169500 302739 567503 256686 352716 316468 609278 678970 543090 533798 62554 212246 760117 491034 283361 818731 241804 374334 445808 744438 473410 290676 423715 655637 495722 151868 500818 601088 129684 1 704614 593138 448858 376465 643936 473913 770005 320691 150164 402166 714773 230285 482724 225898 68899 486829 730582 284565 533595 251415 432235 788968 564701 43745 682826 610431 317942 59672 537045 667973 647627 825564 223925 607783 52461 533234 412515 414571 226827 778304 563457 436446 495747 271317 464431 776685 859379 719321 327423 837066 357809 157319 782053 534713 343555 616189 713138 389531 493255 157413 480033 169311 781172 716792 384379 550400 244961
 406612 478679 821220 839348 725824 137476 457934 852420 517893 835835 568818 548515 982452 643847 492508 484526 584784 831901 220453 471892 340386 281301 382612 436852 910081 281264 673092 742368 704526 237361 203203 601346 704614 1 949868 274940 328206 436637 247209 412002 406717 555365 891694 378558 474331 813296 710950 635900 217820 50821 868764 668156 884647 700153 84907 568289 675268 139843 173876 593592 689332 963665 451336 649173 478826 915112 520378 705968 467305 542059 479792 917114 571483 160337 582010 279526 799057 551134 99897 343698 578197 567086 509326 719229 846420 320336 913360 399731 94425 307475 975831 266689 852507 549142 537478 436317 43711 996446 182635 871674
 1220609 983957 596428 709494 303533 853200 710253 937265 850449 158363 495190 1080228 118347 614156 636787 645214 370826 323546 918733 604024 768791 829048 1184021 972294 834987 759547 375246 208537 744889 872343 973106 680077 593138 949868 1 825865 726389 584950 725460 1215943 764440 606970 210059 689060 650680 141245 818658 606215 793658 942745 851653 298514 414212 252671 1011229 415102 564311 1014639 781013 388866 537814 90761 590183 392068 720628 699335 1127395 645530 1041790 957561 933874 529448 590162 890214 993528 671936 858902 400123 1048880 870465 523774 883782 708728 948448 526933 1182000 58474 595767 861378 743314 933256 686952 659984 404334 649057 706647 932896 910404 770925 796940
 394773 254075 564063 569750 550232 144565 192770 580401 247862 750027 588835 349401 827431 386392 245294 573423 509163 630510 450885 245538 74938 8330 358251 217699 635435 71437 651932 635545 431028 53354 159217 334091 448858 274940 825865 1 99943 476810 155146 390400 134065 307215 715275 479292 225787 684755 436144 380451 89276 313453 593826 594152 660110 577092 358851 531872 426497 234226 264579 437665 445640 815212 500874 631101 604165 648028 357445 441909 276697 295288 233948 671695 639804 118364 340570 235957 524534 468392 331744 541544 615274 300504 629172 454108 600443 362643 778105 231110 206295 433335 701241 217475 587837 474531 279762 553906 300065 721509 195174 597633
 494274 312001 493071 515020 450879 191047 136726 565286 253992 654171 518252 413373 727647 315666 164651 524609 418414 534816 465240 152182 55785 102689 457648 283295 596874 47596 568992 538160 388659 149971 255724 277242 376465 328206 726389 99943 1 418274 119930 489565 109345 227802 616507 440761 146202 585383 410230 307707 110387 356165 561379 501854 570760 478589 412725 448882 348233 320751 259597 337903 364022 715292 443635 549387 566274 588605 435092 378894 349896 331503 277614 592120 581379 193597 378105 184560 499501 377432 402650 535282 548485 309694 588169 457554 520983 461851 678298 133681 241583 408101 673050 170289 525137 385019 209661 516007 342315 687845 190173 555513
 811252 725797 739583 813123 476694 404389 518999 941079 666443 442127 132211 824651 653959 606119 487588 116766 230803 605124 340082 435934 473037 484439 779876 692595 927369 412024 245384 385214 734235 493986 555719 614858 643936 436637 584950 476810 418274 1 321744 812581 522359 522388 608407 104718 482509 471411 781337 594031 395459 409805 907812 286988 697563 374694 471642 170023 600781 549991 269718 359809 596273 628118 25865 221544 183546 862480 833383 676659 753501 749752 695213 779768 163545 461879 796334 240954 864237 223274 532910 287461 145163 721139 193135 859439 722934 739879 566124 332259 375271 161917 1020261 259341 796836 210216 538869 145024 404538 1022602 306992 881584
 516861 406856 589334 623505 481640 128388 253732 685081 370896 629816 436335 504029 745991 416539 264582 419322 379793 584895 349868 233310 165226 162879 482267 372034 712107 94926 508032 523503 504158 176056 257817 388722 473913 247209 725460 155146 119930 321744 1 515399 228185 324092 648563 328385 249090 585337 529332 407014 78063 262429 678588 466275 638414 472797 326603 389570 440125 289182 141537 352204 450943 729360 345734 486105 454050 693286 511829 484155 431825 439254 380898 676582 484659 167420 485682 81309 618418 340761 337765 415376 461309 426544 477750 576319 606831 463071 683720 152523 152883 290094 790891 62451 628148 343655 315688 403615 249077 804246 76507 669697
 14272 322587 871330 834355 934167 408697 534319 730429 462474 1138335 939414 304591 1212920 711132 605244 882666 892702 1000866 626499 622482 449278 386950 33149 301950 846753 458852 1022104 1025377 686359 346945 259218 640402 770005 412002 1215943 390400 489565 812581 515399 1 469679 657585 1095644 777048 587157 1074944 649578 709951 438069 459602 793379 978843 1011091 967465 440554 904627 762560 273907 546908 827282 787424 1202271 832422 999654 886742 917236 232055 742968 259388 398832 367184 994873 964416 353350 408424 591086 715312 852626 357169 754065 957700 476500 916610 579523 927043 107425 1167420 621443 441237 710590 872419 571915 871538 857030 619234 841622 455399 907270 506770 824267
 477260 227981 434005 435705 470556 271781 66207 460059 145223 712242 614835 329661 748941 258253 135651 631218 493271 531187 566309 160418 68470 129307 440688 209447 503821 139827 653340 592089 297829 182829 280464 201015 320691 406717 764440 134065 109345 522359 228185 469679 1 189732 627998 549571 118010 626300 308773 253781 198706 442157 464246 571798 546352 528015 491261 534882 303179 364255 364882 380118 325208 740691 548009 635447 674895 514269 365811 309549 279276 230957 184596 546453 684347 252393 276856 293252 398093 452920 465701 642570 647303 200787 696278 348317 475671 466539 712083 208119 330319 517360 573826 279497 454750 462962 155018 624722 428472 591784 294084 464976
 665683 382606 266420 304299 303962 418658 123763 423686 243592 583399 578060 475081 575552 93113 63248 639064 409776 345430 670656 94713 232350 305268 629314 377842 407795 275336 579208 462326 212442 360304 464097 96551 150164 555365 606970 307215 227802 522388 324092 657585 189732 1 449282 582573 82305 476471 266905 83031 337850 580548 385525 471413 356783 395445 639474 473247 120564 541051 461827 252603 138426 570931 547585 566656 699170 370033 527807 163292 444959 350637 330980 365406 669049 418143 386974 350627 344257 375442 629916 717241 616565 278455 713735 371632 294120 655981 551166 201667 466252 573701 498294 346514 304395 389612 42418 652464 566772 502883 400599 362625
 1102267 831653 390105 503153 167340 775274 566406 735233 688678 300051 559635 921781 131639 434237 492938 697678 378094 119946 910363 473450 648338 716605 1065441 826732 626908 657438 466214 248332 553024 766466 872080 505893 402166 891694 210059 715275 616507 608407 648563 1095644 627998 449282 1 710670 510009 171056 627165 428462 704152 895805 646135 345962 204173 234993 964106 449744 380418 929319 737903 298228 352469 137099 621966 473784 775353 489533 976916 453375 894217 793944 779777 319702 667030 800548 825243 615595 658992 387936 985821 891585 596889 714190 771588 759891 318369 1077914 155396 500409 798015 748487 724360 626127 452148 399343 491336 748604 884035 700718 709231 590102
 773975 733298 816715 882006 573662 379088 558435 990212 694665 544171 215910 827781 758608 671212 539505 106227 334310 701567 244831 490740 491749 487463 745290 696727 990367 423268 339431 489927 790382 485201 528457 669977 714773 378558 689060 479292 440761 104718 328385 777048 549571 582573 710670 1 531126 576048 830564 659455 391499 343111 966272 391502 790262 478035 398017 274539 672744 505775 232839 450667 671525 732825 100193 316405 125744 937003 826805 742603 752061 767577 709199 866629 193403 438533 814040 256320 916597 323361 468132 182796 211709 750320 149886 895819 806666 694839 670822 382859 336387 73309 1079574 270774 870661 311375 592722 75334 340767 1085439 289609 945135
 594450 333950 346892 374416 353699 337249 59770 459855 213354 608199 554643 432451 631531 169892 19510 597635 406773 414026 598505 54677 151243 224251 557766 321824 466887 193562 573649 486871 261314 279057 383723 142004 230285 474331 650680 225787 146202 482509 249090 587157 118010 82305 510009 531126 1 514343 299952 161602 256547 500990 437676 478619 435192 421164 558727 460071 202814 459156 389489 272734 220349 623889 508274 558283 652106 445065 476732 235431 391163 317598 285101 447698 637286 335843 359382 286331 385473 368510 547729 653490 590903 260083 669337 381420 376416 579255 597248 150423 386432 514282 551029 279295 380636 380814 66667 603692 487167 560609 325171 423304
 1079522 848271 507217 617758 180769 713373 574101 834112 718563 137256 402543 945930 182566 494652 501405 547482 245006 246189 795557 466046 628422 688008 1042961 835013 746373 618306 299238 87393 632078 731105 831926 555816 482724 813296 141245 684755 585383 471411 585337 1074944 626300 476471 171056 576048 514343 1 704461 485526 652756 808475 755868 189284 351836 113242 877196 303359 448923 874420 646753 248371 424407 157465 480709 309294 624964 621778 990729 534890 904710 825639 798928 466610 506967 749456 863263 534278 753489 268555 911738 758842 437230 754842 617757 830393 446655 1040825 100304 454529 723554 623877 846844 548665 573423 275213 517863 603814 798154 828996 632967 705070
 661674 327007 268091 192871 523692 578962 276418 159918 203439 826196 844353 372175 758659 212019 293756 897041 675131 507644 874261 345605 377242 429655 630794 351912 205464 447563 844399 708666 74163 476318 553247 170375 225898 710950 818658 436144 410230 781337 529332 649578 308773 266905 627165 830564 299952 704461 1 222548 507479 749107 158777 731811 459562 642856 794348 740083 255666 645549 669825 510781 281185 762670 806984 832632 952035 273051 446611 173937 391385 252314 285535 394186 932934 552020 256230 581014 89415 641830 758695 943953 882432 173930 969229 133943 342710 690393 760288 450127 638631 810067 265324 571281 240777 656204 243129 903503 735568 286029 600106 176055
 719107 414542 185417 223368 305433 498718 188909 369006 266103 604317 639363 497842 559086 12217 143855 710747 459491 314462 753609 176971 305783 377569 683454 417649 333375 354894 627565 486226 155248 432652 533736 77947 68899 635900 606215 380451 307707 594031 407014 709951 253781 83031 428462 659455 161602 485526 222548 1 418090 662330 317130 511268 302611 420320 720327 529012 53182 614572 544831 290629 80180 558785 618723 617374 773521 287094 558488 83152 480450 368124 362281 292679 734927 494661 397260 432673 287181 429047 707807 798447 678966 286272 786652 344912 221927 717778 548483 282048 547847 653751 427819 429086 221369 444145 100699 727834 648523 428586 483516 287557
 439883 342738 603436 623609 536858 80820 242625 657455 329961 703732 513115 436286 807618 426037 274839 487652 455376 631417 368852 257394 130237 97601 404971 305388 700606 63738 586074 594782 493027 98901 182110 385433 486829 217820 793658 89276 110387 395459 78063 438069 198706 337850 704152 391499 256547 652756 507479 418090 1 247053 662445 541756 674889 541344 302383 467469 458062 225264 175834 412768 473024 792542 418684 564167 515873 698216 438691 488709 361215 384131 323099 701129 557134 97176 429634 157862 596790 415746 294743 453885 536955 384241 541342 537315 630152 389707 749769 204007 133057 344147 772470 138533 635127 419467 319815 465739 233212 789786 105929 660467
 453650 526744 846968 870630 731646 170392 489623 893437 559508 822717 541714 598390 981261 670873 518476 448023 574105 842158 169903 493533 374512 320369 430851 484965 945919 310666 650935 734373 739081 280262 253514 632471 730582 50821 942745 313453 356165 409805 262429 459602 442157 580548 895805 343111 500990 808475 749107 662330 247053 1 906041 655377 900155 695905 68796 550974 699250 189500 161790 597822 711695 961276 422332 626911 436936 944769 571092 735048 517147 588404 525879 938386 536501 203660 629151 280215 837787 542659 125032 294679 548069 609952 467725 762826 868263 365015 908773 413137 114615 270484 1014384 270276 881184 539235 565683 396402 13853 1033688 190258 906526
 806120 473545 256046 143254 580099 735684 425069 102817 361209 887312 956443 500713 772877 304920 427419 1024530 773555 528374 1026616 475554 532493 587525 777153 502782 54941 601188 939569 777332 176384 634880 711600 296565 284565 868764 851653 593826 561379 907812 678588 793379 464246 385525 646135 966272 437676 755868 158777 317130 662445 906041 1 818158 451823 715228 952456 845128 326603 804090 819999 601404 343622 782873 932919 930892 1084363 186588 577479 238958 534064 395145 437136 355290 1051730 710320 387285 723791 78153 744886 917472 1090202 996093 326013 1099238 222865 330075 841811 793698 583441 794557 951949 113407 715867 197000 760199 373861 1037215 892421 127689 751470 60189
 981233 799676 594234 693488 263460 588019 535049 879840 691914 167680 214502 901459 370126 522733 472054 358200 86484 380311 620695 424168 553569 599275 945876 777952 820995 523080 130137 101949 666513 632540 723658 565268 533595 668156 298514 594152 501854 286988 466275 978843 571798 471413 345962 391502 478619 189284 731811 511268 541756 655377 818158 1 486153 121293 722911 116973 491936 749858 495317 221032 474795 343149 293875 131416 435692 718323 933386 580793 846966 794765 755594 590446 321135 633492 837606 399422 797799 126226 768042 573760 250998 737845 428929 843032 551369 929157 279922 369791 585178 444820 921351 416895 659864 122715 506263 415118 646612 911658 496999 776176
 1019833 715858 199170 308970 227003 753850 480192 546427 566363 488794 683923 794485 323395 303219 415765 803069 485471 107657 951686 418697 586186 659061 983820 720220 427509 617315 615827 406812 387924 713461 818755 377294 251415 884647 414212 660110 570760 697563 638414 1011091 546352 356783 204173 790262 435192 351836 459562 302611 674889 900155 451823 486153 1 364916 965017 565030 249469 891110 755855 339624 223769 336570 716634 617161 878072 286438 858514 294369 782316 663910 663790 116251 792477 764315 687368 630808 475182 478287 969247 960527 724289 578801 880869 593256 122422 1012761 359167 487059 790877 811294 522926 635565 254981 493197 392614 842585 887032 497644 710233 393624
 971578 753679 481516 585019 144641 600622 480574 783814 631389 188179 327999 853319 288305 430903 410449 462887 143891 259053 688689 369742 524143 580774 935196 737461 713727 509293 250970 66885 573727 622052 721502 483173 432235 700153 252671 577092 478589 374694 472797 967465 528015 395445 234993 478035 421164 113242 642856 420320 541344 695905 715228 121293 364916 1 764669 215053 393019 761972 534305 148523 372582 266271 387373 252584 540505 603987 893811 482105 807289 737561 705923 470286 436556 637711 777529 421048 701855 159881 798519 660117 366745 672017 537401 762009 434030 930292 213212 346028 610312 520429 814614 435432 547867 168847 434640 513735 685441 802218 519726 669833
 432760 550978 905558 924248 799591 222301 542840 933975 599414 890035 602749 613764 1050046 728388 576766 500672 642179 909004 191570 554822 425186 364974 414646 509260 994263 365954 714776 802797 789089 319004 269971 686252 788968 84907 1011229 358851 412725 471642 326603 440554 491261 639474 964106 398017 558727 877196 794348 720327 302383 68796 952456 722911 965017 764669 1 617221 759114 188386 230452 666005 772676 1030071 482526 690744 481659 999993 578395 790793 533214 617815 556227 1000153 590372 242473 656072 348616 882114 611110 84238 322048 606701 647404 512676 798503 929645 338939 977498 478504 174726 324712 1058886 338184 937312 607476 622168 444848 80073 1080103 256793 956127
 905665 758396 642968 732049 338119 502358 510438 895267 667929 276186 119597 860469 485517 541121 458229 247935 79862 464383 505660 406199 503824 538067 871479 731842 855342 460708 120243 216371 681468 563556 645968 569792 564701 568289 415102 531872 448882 170023 389570 904627 534882 473247 449744 274539 460071 303359 740083 529012 467469 550974 845128 116973 565030 215053 617221 1 521155 661407 394417 249562 509454 459116 177478 100735 325627 768359 883746 606435 798775 764843 718871 659935 227537 552893 809855 314304 814404 100329 667895 456906 160507 718385 322468 839011 611768 846152 396511 326771 490945 328806 953490 333200 705803 84930 501339 301010 543209 948961 406748 809542
 771594 467544 149962 213103 268184 538880 237414 390796 318801 572697 635253 549890 511699 55324 183808 716840 447829 264394 782092 206849 351564 424130 735830 470826 334188 395802 613030 457401 183231 479273 581817 129795 43745 675268 564311 426497 348233 600781 440125 762560 303179 120564 380418 672744 202814 448923 255666 53182 458062 699250 326603 491936 249469 393019 759114 521155 1 660663 574568 275012 28157 512826 624714 604691 782694 264568 611273 89223 533559 419830 415310 245243 734576 538555 447627 457760 308865 420860 750479 819541 675590 336932 793913 384138 173963 768707 506135 305015 585319 672626 432697 456179 198071 436438 148287 738593 685530 428054 516394 288398
