NAME : domp20p10v6
COMMENT : Cherkesly, Contardo & Gruson 2022
TYPE : DOMP
DIMENSION : 20
DISPLAY_DATA_TYPE : NO_DISPLAY
OPEN_FACILITIES : 10
COST_SECTION
 1 543365 248112 841822 693910 471545 296394 623750 562188 929871 613150 679027 903358 902932 136489 846764 781536 515911 707709 543423
 543365 1 679350 317577 376711 451337 528999 474834 490535 508806 370630 312130 551986 359574 585637 345132 343988 209418 286559 300947
 248112 679350 1 932089 909337 714153 198338 567491 804797 945247 836643 882766 886112 1025730 117596 918548 972455 573403 899620 760113
 841822 317577 932089 1 565809 742526 750331 521887 760383 286343 605830 494368 390482 155125 857757 69804 439863 360413 434105 563215
 693910 376711 909337 565809 1 295341 817697 849201 253638 832336 93257 72251 903343 489664 794772 625283 162967 582944 133115 150586
 471545 451337 714153 742526 295341 1 681617 842471 90723 960141 202468 324464 996730 716909 596841 785207 443379 601059 384143 190527
 296394 528999 198338 750331 817697 681617 1 372668 768126 747375 759273 778055 688283 856222 190831 730901 851461 390033 782026 676840
 623750 474834 567491 521887 849201 842471 372668 1 909636 408675 828942 786679 324844 666657 554444 474204 809995 266287 759389 749272
 562188 490535 804797 760383 253638 90723 768126 909636 1 995678 170094 300452 1042106 716164 687437 809077 413756 659265 365499 197552
 929871 508806 945247 286343 832336 960141 747375 408675 995678 1 857323 760091 127945 430149 902774 217253 720784 417220 705372 800338
 613150 370630 836643 605830 93257 202468 759273 828942 170094 857323 1 130358 916886 549646 720491 659642 245283 565514 195631 83757
 679027 312130 882766 494368 72251 324464 778055 786679 300452 760091 130358 1 831812 423970 770717 553284 119305 520597 66246 147161
 903358 551986 886112 390482 903343 996730 688283 324844 1042106 127945 916886 831812 1 542061 858255 321088 807318 413462 782634 852175
 902932 359574 1025730 155125 489664 716909 856222 666657 716164 430149 549646 423970 542061 1 939686 221971 339830 471719 358089 527394
 136489 585637 117596 857757 794772 596841 190831 554444 687437 902774 720491 770717 858255 939686 1 851516 863980 507145 790619 644968
 846764 345132 918548 69804 625283 785207 730901 474204 809077 217253 659642 553284 321088 221971 851516 1 505468 345654 495169 611539
 781536 343988 972455 439863 162967 443379 851461 809995 413756 720784 245283 119305 807318 339830 863980 505468 1 549982 73848 264786
 515911 209418 573403 360413 582944 601059 390033 266287 659265 417220 565514 520597 413462 471719 507145 345654 549982 1 495575 487833
 707709 286559 899620 434105 133115 384143 782026 759389 365499 705372 195631 66246 782634 358089 790619 495169 73848 495575 1 198645
 543423 300947 760113 563215 150586 190527 676840 749272 197552 800338 83757 147161 852175 527394 644968 611539 264786 487833 198645 1
LAMBDA_SECTION
1 959
2 581
3 252
4 489
5 601
6 75
7 512
8 442
9 320
10 290
11 131
12 652
13 721
14 194
15 452
16 709
17 106
18 771
19 389
20 372
