NAME : domp200p50v7
COMMENT : Cherkesly, Contardo & Gruson 2022
TYPE : DOMP
DIMENSION : 200
DISPLAY_DATA_TYPE : NO_DISPLAY
OPEN_FACILITIES : 50
COST_SECTION
 1 714839 644550 195283 53572 86988 409643 87618 451784 433306 547245 158764 133869 260052 325655 356296 578674 165669 184452 100085 446581 752451 769764 636961 593287 691134 717026 83652 77050 403542 385471 617060 337578 77857 591695 555571 624942 668937 118724 464209 716296 821098 496859 366326 480356 180532 599671 263056 426268 206294 511456 293042 481037 354186 578448 626857 596550 366721 318062 440385 396145 230647 290484 410388 640237 681649 599824 373492 491203 325814 777331 328198 849038 409865 141397 481988 417374 461131 671721 488958 423931 737642 134910 522631 229990 592320 515663 258680 513568 843137 309988 416904 455870 777459 347971 119307 525736 338751 822094 680227 484815 448562 267140 384781 36356 244439 436499 631456 370985 86469 224995 150563 65710 322033 369711 331824 689289 602610 112776 277150 337396 568554 271415 392657 667545 390106 535914 393803 284346 684433 158660 173873 230711 428615 319401 458078 69908 496872 924788 454565 498498 639435 269595 405652 507438 593768 742549 648726 401544 348137 248175 382225 627257 564839 361683 697321 183896 241463 272304 574278 727544 340250 535171 611481 551236 635334 248538 601688 462949 511056 516892 756868 284352 333521 459696 733724 112842 473530 123799 892953 226624 181207 488888 410050 504041 175564 94968 657015 828214 322644 268423 318075 555368 615522 456913 431878 628427 260722 77360 426437
 714839 1 844964 758550 749011 792636 370623 800163 751192 716170 172693 850027 848617 567584 602750 491841 854671 568598 549655 660685 732114 458230 451230 874823 812611 390532 514885 772048 758183 990650 654120 673229 658693 773787 165277 867119 697708 782489 807967 1101025 420336 749582 228854 1019484 598226 550633 188180 467827 970070 921098 303781 718691 866793 401789 1139653 614628 785890 950761 472620 341027 653624 690345 625386 360983 587273 46510 1221931 390748 641879 948188 429473 497518 886395 333674 612778 240999 802612 837886 487308 830788 295582 698979 688093 609934 824520 148635 204585 872942 813168 708474 997681 688756 258982 314631 759690 773472 278174 569914 816153 759830 952383 939118 624390 397588 713593 651100 639859 794757 605066 759308 715230 690916 715084 820344 885929 708681 386055 544795 792836 671596 611159 200677 896993 828351 384131 449402 1023242 879876 985443 104651 647709 656670 492866 1067236 397480 281737 703558 802981 879731 449240 965821 124584 543508 874313 756699 135135 857922 528792 887444 1011427 784613 1055641 570695 495280 359859 25085 893981 473685 976577 897375 789259 977261 384418 998259 776298 166765 698253 797660 296111 655142 635432 535203 693422 1025073 695788 47850 726334 1098769 788593 827443 490185 806646 233227 365063 453477 831874 794160 136394 815964 393675 496471 433123 769861 559479 305031 285360 860661 603463 649658 1039836
 644550 844964 1 463867 693594 705129 524231 689080 192774 214645 773505 770129 692709 816035 355314 423055 86862 696482 555772 553700 199376 492767 514881 42732 51538 507284 409868 599319 592626 462559 277765 182805 937296 610044 683264 125176 159506 93592 744433 578949 497833 295446 767080 573598 258366 693181 656917 563920 400614 724349 877958 351931 212968 772052 487184 249967 62237 451051 801683 826455 985968 414140 374310 536975 285402 847111 622066 531000 216777 504842 541695 835357 230431 770066 538303 664368 1050438 1096228 403915 176069 721280 247702 764246 236793 873158 829207 760447 489112 138353 358324 636243 237127 700200 643376 302148 761646 572562 894734 241968 128762 304071 330681 858023 811629 608769 407954 247796 52964 317017 582451 420563 780189 580162 965382 364410 950678 510162 312232 746601 370866 915571 852298 504333 286004 498707 443400 344365 328970 668362 897290 495660 786374 683581 566788 675699 779596 574662 153312 332308 928273 305699 720393 807876 309275 139079 812906 112471 349498 327482 589449 420689 627794 295892 352503 614987 846606 748603 643814 675428 134826 148594 533390 460582 227634 96309 679994 873019 51610 584384 198192 213971 425136 360689 657525 199553 824780 536163 558630 565622 325303 607361 513252 754802 810973 393251 548683 718662 896072 249913 672754 505721 534260 95465 302177 576433 714044 34411 840262 671933 515508
 195283 758550 463867 1 237083 242510 398928 225566 274422 264469 609786 306265 230704 430768 211046 296869 391353 313139 224668 137551 273888 673408 693916 451134 413913 627774 620241 135962 130759 245601 238091 471146 526822 146744 608943 365102 473411 502040 281697 343736 645450 676620 570697 261546 351948 320095 605433 297074 249190 273458 624596 119353 286837 472765 415875 497292 422589 204731 461988 554949 583681 84415 171534 405522 519009 734961 470600 371334 347970 190244 707928 483171 680767 510160 164290 517927 612613 656154 580175 298880 499020 595731 328617 390335 414408 663539 581684 114394 327893 710335 257176 256289 513307 739171 161731 303999 515463 513636 663917 519136 292723 258429 451841 510762 159454 124128 293583 458725 246867 120163 60212 344611 130490 514347 180184 525553 627163 492130 285420 131608 520009 655101 138573 198001 605696 341884 349081 200408 263489 754637 115738 363072 346262 309268 402860 548060 130296 311751 766228 604601 306867 658699 433369 211038 332693 658538 568468 544432 208467 255848 53235 301846 510055 469820 403784 746259 288917 330404 262122 381778 564858 218713 480939 416363 375539 641218 442624 425828 469662 364233 376371 657679 124427 285471 298305 765563 83102 343884 102407 740661 296945 63541 559992 527686 427815 101998 256317 734449 670750 403685 262089 325452 381372 501085 461418 501640 443975 441003 248991 286696
 53572 749011 693594 237083 1 43775 456992 56196 501026 483838 579041 108742 107309 257748 379054 408667 625650 185449 232730 153640 496612 804150 821180 684548 642534 741760 769862 107779 108023 424681 437811 670129 315391 98122 632361 601159 677713 720395 66861 471861 767467 874401 526679 373156 533810 202493 642217 308058 453855 177372 529162 341664 523895 373995 597841 680398 646847 390344 328700 459100 375007 280863 343555 456980 693801 713963 607281 420407 544177 343391 828202 332804 900549 434122 194077 520672 379218 421419 724381 534644 454999 790983 112857 576052 179568 621291 547122 283253 560981 896696 306049 468317 490497 825089 394574 68053 571483 330300 874620 732334 519906 482461 252258 400773 86018 296856 489333 682026 424317 118794 273071 125963 113640 277337 404193 302223 739812 656058 59308 328564 322469 593694 292007 434984 718129 441420 566912 430806 273624 712566 211929 158155 257912 437042 351585 484255 120387 544415 977363 458203 533104 679242 271556 444037 557364 624353 793074 701961 438177 352481 288574 381491 680792 617887 401825 730487 145016 276134 259654 618665 779559 353121 585767 650259 601120 677521 219545 651661 507041 563890 570042 809758 334580 326621 511229 770253 157960 483713 150285 945937 266781 211458 519562 428451 556384 196569 46238 683531 880802 355338 318336 365034 605560 669028 501433 464103 676437 250531 99408 441079
 86988 792636 705129 242510 43775 1 496277 21561 513670 499137 622785 73087 67228 295467 404014 442026 633850 228977 271198 182409 510807 838644 856161 693542 654607 777924 801688 106659 112504 406659 457913 692295 341526 95876 674807 607332 698566 737087 39304 443648 802849 897602 570453 345270 558704 246129 684050 348614 441028 134606 571682 354443 526700 417076 577199 706100 661012 374761 370070 501889 401195 297301 366876 496767 721159 757699 578239 459970 566197 323588 864019 372396 917072 477661 227277 563572 389943 429843 756760 541282 498752 814539 145491 600557 174306 665051 590875 270366 570154 922571 272437 485718 534026 864234 403589 71607 611816 364527 894253 750812 513775 475388 284062 443147 110431 318201 510940 696690 448609 122731 285961 156120 133002 280794 398470 322670 776111 685076 44820 346947 353252 637240 275577 437769 754351 476689 556405 427442 236846 756290 237508 191921 301685 409595 395258 527916 142469 553877 997057 496903 526382 721935 310698 442067 571069 668126 807385 732268 434342 323233 291069 348881 708804 649076 444294 774182 101346 319507 222120 623042 797679 329650 621995 647444 614576 719495 242314 665135 548186 585264 592831 841389 350360 291171 528735 813614 170679 457089 145507 967327 309066 206054 563330 471227 589668 183822 14060 727166 900650 398978 355406 404538 619636 697454 542376 507811 686170 284859 143139 417911
 409643 370623 524231 398928 456992 496277 1 496469 393480 357790 255105 565726 537323 397939 232724 122307 512430 320807 225204 328375 375056 368107 381054 545129 482204 295778 359188 443140 428899 622064 290541 386050 526635 447919 212067 517396 407142 486971 523438 736123 326098 542668 242966 659919 266067 305888 206507 150968 599592 606565 357126 348274 503713 282706 769033 351456 462023 582738 338393 314160 556059 324263 254920 12747 342281 355874 853477 37066 307614 585077 382481 376257 636953 258509 277857 145538 671057 716203 312125 472263 201139 466345 443646 294057 591049 312462 238073 512059 461485 534868 650335 329126 175969 368099 389582 504383 119041 453881 581039 475962 583850 569082 457431 316378 395161 283730 288309 481250 240225 426866 349997 453908 386679 634146 515434 561478 293012 292224 512678 301544 488298 329329 536807 458878 272426 84513 654633 509379 646225 392019 297807 434107 259027 703357 192744 258164 374538 448976 671594 433038 597598 261447 379010 504241 411016 299343 570637 314762 517009 654762 418646 700584 324047 235378 109010 362768 592370 215585 640176 547370 517578 615694 147484 641444 439828 242316 509694 473027 74517 326133 312185 398022 323143 678537 345158 370856 383850 732213 448572 625639 202059 453538 230654 305704 162073 484019 502634 383082 584114 187858 145859 92003 435774 309679 65594 192066 531327 434195 368647 672894
 87618 800163 689080 225566 56196 21561 496469 1 498237 484728 631264 83022 51186 312863 394236 437246 616779 240413 271338 176498 495951 834144 852028 676666 638790 774817 795299 89762 97397 385125 445613 680570 362362 79046 679109 589681 686221 722923 57287 422731 799076 886204 579686 324256 548519 257097 687280 350626 419810 122360 585063 339456 508212 429496 555651 696140 645944 353349 384895 514842 422059 284023 356396 497511 712093 766028 557509 460535 554569 302030 860557 388705 902717 488789 223555 568911 411352 451071 750788 523840 507424 803376 164513 590104 194187 674689 599470 249281 553457 912528 252730 472183 541248 863891 387133 93160 613039 383470 881207 737373 493397 454883 303676 456768 104389 306989 499216 681773 438349 107055 271333 175841 123423 301644 378268 344078 773119 677017 65637 334248 373199 648275 254164 419398 751312 473260 535384 407655 218458 766310 229044 210776 311342 388547 403357 538457 133903 537295 983981 513830 505899 726698 327283 422551 555937 677128 792249 724952 414452 302437 273000 328916 700125 642421 448898 782149 96292 326496 204141 604876 784051 308176 619103 627586 599297 722928 263472 649807 550537 573301 581530 834839 336553 272196 515161 820046 157188 435944 126591 955028 313677 186434 572220 484210 584532 162965 34786 737776 887694 406882 353842 405170 604579 689029 544462 516027 669537 303693 152584 396441
 451784 751192 192774 274422 501026 513670 393480 498237 1 35693 648373 580047 504933 631904 181172 275204 135997 510580 373080 361518 19164 501121 523985 188802 141533 484596 428164 408594 401253 335210 105931 223021 749819 419238 585980 128172 217098 229418 552950 461942 488638 418351 630746 429579 168082 508891 566996 394824 283635 542165 728049 159499 119268 606032 424834 271252 148178 310499 626761 669690 800357 221398 190092 405545 303063 743669 541438 389144 132863 352113 545758 658361 406687 614568 348954 539016 859122 904706 401437 79611 574610 343503 572331 182804 680588 705826 629595 317942 72928 463261 475603 64517 563483 618179 115021 569075 473453 712487 394433 250152 220469 224316 670656 646451 416038 217492 112414 184373 155539 391269 228197 588343 387505 772704 217592 760862 485922 298440 554582 179448 730671 719174 337299 129003 468232 309060 287582 188649 500964 784541 304160 595899 505705 440488 512434 632796 381902 57632 495498 759979 230990 630354 625680 172001 58516 692781 294147 351398 191737 439945 235828 483561 301967 307558 464993 747579 562378 469297 505555 156781 293841 384336 382414 248281 101150 596815 682127 151585 463985 134931 156518 458010 168073 500098 62077 740832 343938 446981 376806 474231 431575 328140 618400 650448 310576 365392 527057 776558 401648 510315 336430 377528 107049 299085 455166 570014 178702 653907 480589 393051
 433306 716170 214645 264469 483838 499137 357790 484728 35693 1 612683 567261 494855 603643 148123 239656 167102 483079 343852 340052 18099 477646 500349 216098 163183 457084 407291 395676 387346 352526 71234 214797 723350 406142 551017 162723 212803 238270 538256 479692 462856 416418 595222 440699 139316 480587 532471 361844 304648 536168 693287 145798 152118 572947 452524 255968 163297 324769 595471 635484 772888 202975 160947 369853 285602 708284 565290 353588 109238 361601 521180 627646 417998 580173 323688 503326 835896 881749 377921 114952 539489 338388 550087 159872 663063 670135 593951 320450 106797 456804 480532 28942 527930 589298 113755 551725 438652 683514 399525 254696 249488 249463 644090 613286 398134 193462 79289 198199 120196 377743 213395 565969 370239 752421 232863 736077 458198 275921 538848 157030 702826 683605 341411 146188 439916 273377 318096 207359 502918 748916 281465 571732 475039 456318 478790 597739 363768 92453 501764 727448 260841 595686 596616 192564 75569 657097 309275 329701 211605 449204 231345 493979 282586 280016 429938 712343 553377 437658 506378 191793 300439 394520 349698 283885 118966 562637 658407 168899 428380 116248 135779 438901 149281 505990 39603 706323 328520 466087 366487 477068 400178 321794 582871 616647 278235 360009 512226 740869 406415 476555 303292 342827 122287 278290 419552 534745 204879 626752 457490 410499
 547245 172693 773505 609786 579041 622785 255105 631264 648373 612683 1 678542 680501 396842 481248 374480 766770 396915 391400 500825 630048 485469 486706 797060 733921 406544 517800 608869 595334 849773 544564 619902 494872 609746 141330 772465 643074 726600 636738 953449 441105 740430 56832 867365 515771 379022 176031 313027 836200 752967 166601 587303 756796 230541 1007726 572250 711704 809094 302731 180006 496412 549497 496237 242885 552849 134955 1079211 261849 558700 799915 472940 330205 858522 162664 455280 109950 641888 679749 478749 726853 124078 675399 515466 538126 652118 57532 32060 723445 716582 713926 838477 583927 96512 387846 635437 601365 214704 406223 794509 710404 831774 813543 454966 230831 548701 513071 543121 727704 494141 597391 572755 518223 552763 651473 752970 543490 402109 504186 621341 539230 447622 85886 746612 705885 391010 339614 902036 751856 823091 144988 495446 484064 321676 918728 227963 112284 541654 704062 873217 303252 845924 156135 372722 749079 665528 48752 808116 505689 759908 857256 641781 900064 534556 447490 206241 152217 724035 305922 813351 802461 747343 827219 332059 896005 692754 189009 527811 723043 189160 575809 559583 548179 561657 865281 600052 203163 568643 953426 628797 822914 326523 652651 60548 199410 386488 674740 623722 129261 796008 224609 351906 290927 688102 521134 197261 115367 783086 433420 479647 895523
 158764 850027 770129 306265 108742 73087 565726 83022 580047 567261 678542 1 85358 324753 476470 514771 696416 281632 341376 255488 578212 911172 928525 756572 720132 849762 874725 171633 180185 440311 528630 763542 343228 161122 738550 668262 769243 805516 42856 457673 875050 969126 624655 362301 630993 299523 749432 416551 481874 114981 613873 421748 584957 463700 604061 778520 727979 412803 409089 546025 401267 367003 438959 565649 793942 813379 588505 529118 637518 356344 936037 405219 985177 527502 299886 625858 362485 397778 829736 602927 554647 886237 173642 672702 133950 717849 646491 314995 633752 994965 278557 555065 592870 933820 467983 81099 679957 383032 964161 820244 562483 523340 299731 485582 183501 389797 582177 763912 520837 189556 353907 178310 205303 245711 449007 314244 847879 758093 57203 417269 364220 686403 315132 496684 826157 548863 599108 480251 235522 807792 310349 217323 357163 425937 453121 579015 215164 617771 1066926 525123 574253 784817 343522 496214 637963 722486 874180 805352 486548 337990 351584 354766 781697 722146 508259 830644 64956 380265 219213 682270 866859 355867 693775 699081 681180 784515 242425 731624 615057 656299 664412 914443 419400 291230 598024 873239 240192 474232 204939 1038050 373850 261702 618383 515526 662470 232687 63808 777162 970664 457221 426620 473759 686641 770406 609599 564676 749822 306135 203226 442518
 133869 848617 692709 230704 107309 67228 537323 51186 504933 494855 680501 85358 1 362658 417586 470505 616861 291344 313311 211226 504579 866687 885212 677275 643431 809934 824268 104831 117149 356199 462185 697480 405355 96246 724647 587529 701437 732706 85317 381972 832991 903447 629428 284508 569877 307880 731613 394352 396646 72497 636236 349159 502792 480559 522401 717473 653104 327810 435967 565978 464811 299827 378464 539108 735485 815096 515443 502011 572256 272221 894923 439249 911446 539480 260725 615629 441965 479231 780683 522899 556870 821410 212519 610616 216366 724622 648804 229756 555292 933147 207267 485060 589636 903290 391143 131659 655000 431441 893922 749303 477383 438180 350473 507953 142168 327903 516958 689298 460197 123887 283361 222637 153898 327567 364365 383183 808438 702769 100483 350873 419163 698884 229844 415184 786589 508682 513805 396124 170015 816423 257639 258973 361541 348797 452542 588894 165678 539650 996416 564008 489052 772673 377660 412480 563299 726682 798710 752165 402237 261354 272212 284062 724433 671234 495100 830949 60326 375048 155065 600424 795288 273779 654918 614365 605954 767455 305041 656088 594043 590008 599943 863402 349974 224799 527640 867568 176482 396807 128385 969713 360292 180368 621759 535352 616490 148815 75101 788185 900655 455929 392850 446945 611953 713939 587659 565167 671096 351863 203081 361402
 260052 567584 816035 430768 257748 295467 397939 312863 631904 603643 396842 324753 362658 1 461319 423751 767657 122437 260264 294701 620520 764096 775348 819670 765304 688570 756446 343624 335822 660465 538295 734816 130033 337791 496106 753469 750017 814268 290396 723962 720763 920542 340011 625751 593313 123064 518299 271331 676927 427281 296452 491560 694539 166324 835556 720837 758796 622185 95443 234529 170673 427276 442698 390755 721345 525357 859642 364794 620737 584972 773440 81206 986837 234236 287442 383623 273402 318292 709165 689290 284200 838952 152351 633642 261878 423027 366252 514997 702817 923294 563411 579229 333367 731748 552400 244111 480424 83175 943559 815331 721551 688702 61683 173515 286070 417205 574541 789167 502577 344123 435172 146451 309306 256260 610887 164143 685307 674024 272783 456139 99779 381795 529796 612229 665986 432041 779827 628778 531233 506193 338774 107430 143481 688466 212926 285853 304983 686174 1041896 201723 735997 533647 24121 636730 678186 432992 896200 706022 637120 606695 482469 638181 704455 621788 297236 545072 384444 188767 517004 777528 862051 600271 545412 835411 719812 548137 130998 766845 410696 642384 639260 795625 472890 584357 616847 599985 351853 733573 382324 1000926 217838 435242 337781 206093 548579 434865 289323 472218 948157 218267 322146 324273 720813 690481 409442 297889 808513 38272 186659 686088
 325655 602750 355314 211046 379054 404014 232724 394236 181172 148123 481248 476470 417586 461319 1 110921 315195 343403 201368 225792 166084 462362 482906 362199 305163 418351 410755 312770 300953 398507 78234 292490 584682 321738 441104 309200 302252 356446 441088 519062 434861 495518 457650 454294 154843 338894 429353 213770 369915 473453 548757 122148 277493 424943 537543 302086 297482 361210 448071 489064 631697 126770 40030 243277 318160 588533 628484 219472 167935 374914 497265 480878 533809 434338 195184 374717 705303 751675 369662 253448 397448 412012 425380 197003 552503 538651 459477 310110 254051 518557 465764 120877 391345 535099 156950 444178 334602 539464 500137 362136 351509 336430 505587 465331 294593 90647 115838 328150 45615 293707 151245 440568 271170 631400 286049 601721 417980 285644 437704 82832 561031 546527 334984 226204 396785 154739 422187 277352 474498 622425 167199 440584 328606 488743 331317 455041 261572 238705 602267 579327 365420 489198 452640 271600 219311 527813 436516 336299 284806 454466 209289 501406 306852 259190 287887 595442 477901 290073 473086 337223 409673 407686 277077 420101 259463 463138 527664 305638 307050 188826 192131 448920 99829 493788 155780 600107 241107 511992 296981 568412 252922 274351 445455 469391 218426 312012 415437 610495 505865 329263 155288 198983 259886 296413 298075 394049 350195 486883 331886 452595
 356296 491841 423055 296869 408667 442026 122307 437246 275204 239656 374480 514771 470505 423751 110921 1 400360 319501 186165 260806 257407 396901 414947 438758 377119 339932 361819 368504 354894 505923 170300 312761 552981 375451 330398 401585 329708 401013 474952 623641 362489 497774 355569 552973 174438 309578 319709 153061 480029 534500 457107 229763 382418 351167 648329 297624 361322 467546 389072 403507 592712 215733 137198 133353 301074 478133 736851 113940 209278 475506 424451 425203 566610 347202 214920 266253 686924 733331 315903 352846 301514 415562 425955 212165 566766 432012 354665 405792 345426 505743 553649 210725 288280 443293 267850 466691 225587 493989 520287 397086 461569 447295 476569 390012 332870 174334 177241 385597 119938 350315 241999 439234 316709 629597 395959 578754 338632 256717 467648 184894 521976 443972 430846 336764 316793 45838 532368 388223 555765 513704 214326 429447 281130 592057 254323 360002 305125 331908 618155 507562 475297 378752 410021 382479 299268 420044 484969 297230 395709 550417 307915 597047 285290 211678 192995 484712 529299 236728 551915 431107 442571 507344 186825 521833 332646 354073 513647 371467 196339 230189 222079 401870 205403 581988 232276 489487 301012 618058 364146 577445 206004 356659 343216 388042 147747 391067 451118 503378 524716 251006 103815 111943 330128 271951 187355 295941 425467 455167 337549 558574
 578674 854671 86862 391353 625650 633850 512430 616779 135997 167102 766770 696416 616861 767657 315195 400360 1 646092 509071 492726 149254 541156 563919 60564 61108 544129 460142 527304 521750 375701 237634 229117 884596 538090 690142 38594 210292 169158 673049 492666 539743 375888 754029 486952 256484 644696 667057 528820 313831 644690 857051 286465 126614 739804 407591 294713 93656 364523 762348 800895 935719 351199 326080 524960 330894 852081 540346 513131 212795 419049 589304 794198 316918 745199 483474 656821 990771 1035980 446267 94233 701863 319359 703413 248724 804671 823705 750483 406770 65636 435271 550935 194656 686579 681165 231077 693474 577390 848412 327524 202337 218330 243934 805550 780082 542442 351882 224398 117131 284197 511291 353728 719526 513317 900689 279032 894258 546446 346705 676454 313257 866235 841460 420834 204278 532295 428479 263207 243387 584116 897752 436942 728945 641540 480042 645212 760339 508964 82498 419140 894512 220880 731043 761630 223724 101481 809079 199032 391775 241496 503093 344958 541086 337421 376063 592965 853762 671289 604652 591702 55883 230951 447147 473173 162273 79764 693494 814576 85065 578739 200404 221458 480969 299489 571744 168165 839026 467702 472665 491485 410963 567074 436553 741653 782782 402025 470576 647627 892952 335435 642840 470227 507469 87911 340412 570251 696199 56661 789164 612885 428809
 165669 568598 696482 313139 185449 228977 320807 240413 510580 483079 396915 281632 291344 122437 343403 319501 646092 1 142445 175691 499699 687594 701392 698818 645462 616552 669531 244255 233790 549867 419202 624583 241285 240903 464631 631316 638284 698909 239980 623724 646441 816618 343167 527300 482272 18022 479590 175194 561586 362605 346173 369142 572179 189455 724232 616409 640250 510451 154609 275344 289843 304988 322305 316721 620529 531750 758576 284387 506607 478428 703288 170873 873971 248687 165016 350107 367839 414329 622234 566958 273081 733845 126556 523694 273716 436946 364862 405231 581057 824922 475381 459370 312712 679354 429993 205209 422245 205091 834154 702003 601446 569506 162204 219117 182058 295016 458200 671493 386159 240267 313582 134622 200070 314870 492439 260783 613813 575365 224433 333945 220148 408265 422376 490334 593147 336064 661270 508771 449806 527706 216622 113623 76215 587873 173070 299082 193420 564363 934122 295245 615992 508837 121002 516010 558049 441012 779781 612305 517183 510678 363645 546632 604543 526678 239195 549043 329209 108468 437420 655198 749175 497113 465069 713377 600175 513274 194523 647923 353190 528176 526853 709469 350491 499162 498001 592920 237952 630946 278084 895267 120109 325044 336762 244853 455828 330729 228342 498243 839147 177525 215689 234591 601594 591021 349493 283370 687901 143781 89142 580185
 184452 549655 555772 224668 232730 271198 225204 271338 373080 343852 391400 341376 313311 260264 201368 186165 509071 142445 1 111148 360962 574580 590789 559948 505073 509967 546261 224660 210495 470024 278036 483379 383529 227823 414255 497060 496482 556466 299508 565274 536592 678336 348641 476707 341057 137553 419138 82848 467799 383767 401070 243904 445484 253379 637841 478569 498709 429078 257830 332426 430409 185630 183104 226203 485341 521411 694583 189201 364297 412219 596692 286974 731732 285848 63886 310095 508218 554738 499679 434626 275913 595083 239857 382884 381296 443015 361839 335370 444880 690407 448255 319052 295345 593041 303926 284781 341894 339663 692993 559738 489489 461997 304592 292993 171449 164371 315792 529505 243737 210568 202047 253346 167236 444364 389911 402515 507885 442380 289777 202404 359852 431355 357551 369907 486304 212326 554582 399106 436239 535095 109216 245975 135555 530026 178197 323526 155325 428447 793552 397213 504244 463170 252771 402643 418066 439922 637454 483328 407638 465976 265438 508670 470212 397662 189813 534751 367385 108516 427983 522464 606979 437891 354150 589363 459558 455154 331963 506649 281014 385840 384976 586400 221816 475506 356640 563138 177379 567184 238941 755806 72727 261805 338476 306443 330887 283441 277934 512846 698144 179036 86937 133871 460562 457191 274462 279708 548597 285573 152148 510857
 100085 660685 553700 137551 153640 182409 328375 176498 361518 340052 500825 255488 211226 294701 225792 260806 492726 175691 111148 1 354451 657700 675699 549328 502186 599214 619333 115037 100771 378343 288012 517718 397806 119545 524437 472926 526178 572837 217496 463232 622943 721309 455983 371269 380366 182612 527907 193784 386494 278655 495621 206858 405534 340600 551306 526774 503115 338136 325081 424883 452733 141608 191451 331174 540294 631905 595488 294151 392113 312389 684610 345641 752625 384054 50568 421235 498082 543434 574550 406762 382557 637799 210886 422687 327511 551152 470691 236471 427112 743057 337752 321590 405298 692526 265882 218416 447032 377830 723705 582765 426855 394194 320519 377260 72251 147637 337769 537326 271237 99831 143525 226946 58327 412480 316819 402721 597631 503156 212706 183039 386769 535997 256418 320236 575794 297711 485718 334081 325100 643559 59704 237356 212366 427531 280623 426298 46196 410258 826269 467612 441297 573589 296256 342299 415199 549098 648286 549936 342420 358754 188081 400155 527461 466671 300905 645545 269020 203481 316978 494166 630222 335221 443889 543316 458888 564042 322052 508951 389312 412243 417434 659004 193669 364783 363917 674238 69606 467393 128111 793698 175377 158187 446342 396455 408036 174752 192544 619942 729705 282431 182772 240162 462308 515849 382293 387590 539907 307652 120686 413388
 446581 732114 199376 273888 496612 510807 375056 495951 19164 18099 630048 578212 504579 620520 166084 257407 149254 499699 360962 354451 1 484814 507627 199160 147839 466883 412822 406583 398674 348466 89332 212888 739676 417135 566890 144682 208842 228169 550012 475484 471500 411633 612970 440066 149787 497457 547844 379837 298449 544061 711348 156497 138183 590964 442356 258052 150319 322341 613161 653582 789539 215949 177901 387177 288992 724741 557564 371314 115991 361747 529062 645203 407105 598267 339492 520590 851109 896869 385072 98674 557471 335114 564883 166370 676039 687474 611518 324074 88714 454337 483116 46862 545650 600069 118318 564595 454335 700610 391373 246571 238344 240757 660437 631315 411152 208664 93263 185883 138139 388898 224848 580819 382974 766514 229727 751833 468142 282364 551043 171509 719587 701298 344269 141668 450265 290586 305975 202276 506996 765862 296285 587240 492568 453162 496865 615740 376854 74533 493155 745388 249149 611214 613729 186404 60878 674293 296684 335682 205890 449551 238154 493751 287111 289764 447944 728572 562649 455411 511013 173847 291472 394339 363371 267063 104675 577651 673773 155112 445284 119851 140783 443394 162229 508104 44611 721677 340438 461106 376218 470030 417872 329660 600615 634734 291582 367477 524029 758101 398419 494638 321302 360902 108977 283666 436481 552669 188237 643288 472575 406416
 752451 458230 492767 673408 804150 838644 368107 834144 501121 477646 485469 911172 866687 764096 462362 396901 541156 687594 574580 657700 484814 1 22990 533017 482896 79999 83135 763538 750260 828223 454647 313111 891099 771017 346114 569568 334481 405720 870798 955096 45228 303090 515825 905557 341321 673290 310640 513621 782279 928852 646136 572505 613867 630748 924382 246506 450019 797408 695944 632300 915529 589088 502004 374044 210292 482819 1042377 403666 368899 824972 48995 733290 453108 585726 611369 414340 1037489 1082096 99754 566252 519425 274815 807537 318449 953475 522049 493646 767821 530830 252910 926643 462698 471971 167231 576770 859301 294065 813585 379275 373370 719661 725411 824421 656275 729764 551198 406637 440421 429517 744961 613519 818834 713212 1001896 708048 928163 84193 202764 862654 543421 850424 569366 792054 623501 99836 362873 783044 684716 936837 547590 609265 801195 627061 929527 553194 560322 701760 529406 427257 762476 728805 352671 744049 670209 471548 500141 459799 151218 689194 909390 667022 956012 204585 205273 467537 471754 925861 583653 935396 595756 384573 858434 222649 703370 466068 308181 877792 460644 359041 366735 344697 82397 556096 954374 440287 420016 694053 942724 754850 374813 567690 736668 507400 635847 250223 774076 847409 564604 377171 547941 487648 453464 456343 204035 358327 505443 520442 801022 725930 885955
 769764 451230 514881 693916 821180 856161 381054 852028 523985 500349 486706 928525 885212 775348 482906 414947 563919 701392 590789 675699 507627 22990 1 555292 505532 87106 105015 782381 769015 850671 476616 335685 901634 789726 346251 592455 356880 427311 887914 977493 54962 318262 519221 927393 363728 686798 310969 528119 804960 947914 649037 593966 636841 639105 947340 269227 472626 819682 705356 637676 924814 609542 522421 386410 233028 477664 1065188 417074 391686 846810 28349 742503 469910 592294 628920 419899 1048623 1092972 122560 589236 525989 294021 822267 341274 968629 521220 496321 789161 553814 264977 947683 485186 477740 152143 598970 875569 301410 823094 395906 394683 742613 748260 835976 663565 747642 571349 428993 462642 450733 763880 634133 833312 731563 1015197 730501 939487 90700 225679 879495 564282 860392 569720 813461 646133 109363 379762 806030 707343 957395 542932 628025 814902 639567 951780 563643 565134 720035 552394 439931 768118 751775 349549 754953 692911 494538 499193 479998 174207 711862 931018 688275 977683 227522 226862 478285 465747 944201 596589 955773 618580 404709 880265 237401 726153 488969 305835 890558 483203 367954 389658 367592 99205 577264 975469 463083 411629 713217 965233 774381 387639 581741 757082 511205 642283 269145 794335 864731 561279 393485 558357 503925 467853 479230 227025 367762 511837 542785 812518 741698 908370
 636961 874823 42732 451134 684548 693542 545129 676666 188802 216098 797060 756572 677275 819670 362199 438758 60564 698818 559948 549328 199160 533017 555292 1 63151 544894 450341 587091 581291 430384 283965 221180 938501 597871 711879 94766 198725 136318 732779 543918 536675 336961 788007 543408 281496 696606 686644 574231 367713 705224 895591 344102 184976 784188 446825 288577 89445 421534 810251 841883 988660 408187 376998 557825 324412 875276 582489 549308 238362 477303 581858 842999 261903 785739 537748 687399 1047334 1092759 442639 154796 739358 290433 760205 264911 863797 853337 782659 467003 123579 400575 609592 241590 720769 681453 290206 752471 600183 899608 280349 171482 268793 297807 859304 824164 600827 406287 261590 92741 327238 570888 411987 776273 571821 958822 337960 949607 547632 348495 735919 368123 918744 874276 480701 264766 535432 462645 305064 302206 643529 923831 492621 784550 690547 533320 688539 797840 567128 140147 366864 939839 269229 750411 812708 282632 142938 837680 145381 388020 299846 560335 405255 597234 333974 385702 631673 875562 731822 652230 651375 97599 189948 504679 490629 185235 106122 710926 870615 77653 607996 221869 240039 466621 355677 629869 208681 856172 526602 522981 551635 363244 615114 497005 775667 825135 421630 531126 707273 921228 288306 685866 515661 548520 109388 339426 599808 732807 14167 842343 668965 481880
 593287 812611 51538 413913 642534 654607 482204 638790 141533 163183 733921 720132 643431 765304 305163 377119 61108 645462 505073 502186 147839 482896 505532 63151 1 489430 401246 549044 542114 427112 227273 169925 886137 559745 649323 97010 150066 111053 693907 547142 483340 317653 725130 535172 218351 642371 624460 515245 366623 676721 833511 300918 175922 724321 467932 236484 33070 412429 752414 780557 935073 362785 323191 494911 272703 812560 599734 486924 175222 463890 531333 785765 273119 724302 486868 624279 998911 1044694 389465 133735 677109 258660 712711 202760 822100 790187 719612 443758 92785 375425 594038 186125 657941 626411 252378 710586 537423 844319 274569 142792 275001 297404 806863 764111 557567 356430 200397 58242 268019 532007 369597 728653 529033 913955 323252 899255 491953 292023 695844 319331 864761 811263 460025 241295 478752 399987 323289 288453 624551 860816 444123 734887 633711 532610 628286 735559 523416 106046 370309 880312 278789 688304 757430 268867 87645 774536 156567 334785 287858 549782 371852 589617 280371 325916 569817 813055 699828 594427 631000 116931 175252 493499 428731 221903 45724 649229 821509 23977 544849 158807 177348 420973 309276 616198 149742 794622 485285 527962 515943 357709 557718 464550 712799 764326 359204 500521 668083 858095 282355 625482 456846 487544 46991 284406 536666 670372 49176 789229 620399 481802
 691134 390532 507284 627774 741760 777924 295778 774817 484596 457084 406544 849762 809934 688570 418351 339932 544129 616552 509967 599214 466883 79999 87106 544894 489430 1 124840 708421 694771 800416 423183 324494 814624 715270 268336 568497 348138 427357 808610 926085 34841 359763 435964 869875 317777 601655 232840 444415 758841 874430 566369 534765 601756 552146 909230 257638 457629 767216 618252 552368 837720 543516 456776 300571 223225 411440 1021111 332210 352245 789579 86999 655410 501933 506109 551266 334410 961767 1006033 106413 555841 439794 316271 738515 304215 885400 444710 414005 728000 524256 318522 883947 438213 392093 137052 546875 794393 214709 735989 429704 398227 705065 706508 749316 576998 670613 503907 380933 454326 391026 690246 568889 749204 656037 929688 680900 852712 4567 197528 799549 500999 773302 490951 752716 600017 23669 301582 771446 660716 890724 475100 554243 729884 553555 898587 476652 480329 644292 520313 489230 682604 715423 278831 668054 647834 463713 422961 491550 158721 665987 871664 626918 918569 211441 177137 391405 401984 868228 510966 888119 596520 417947 822849 155997 704421 465724 233589 804635 468982 280863 354806 332114 145906 515967 912035 422550 355769 640662 915495 703153 436918 497336 690171 427464 556188 200053 726479 785972 490083 428794 471360 423521 384134 456706 205479 280661 425748 531490 725835 659719 857444
 717026 514885 409868 620241 769862 801688 359188 795299 428164 407291 517800 874725 824268 756446 410755 361819 460142 669531 546261 619333 412822 83135 105015 450341 401246 124840 1 719856 707143 759679 392204 231323 885613 728040 384719 489583 252103 322589 835735 886837 99860 234943 540537 842204 275843 656656 349727 494374 711261 883227 671013 513295 537851 635942 848605 165655 368262 730598 696354 648622 914955 536827 450784 367501 129745 534269 969316 391656 298076 761788 132127 734174 378577 598215 575788 433393 1028853 1074359 47382 489761 532841 195426 784335 247506 927554 560397 521126 708565 452966 197068 868993 395070 489081 244778 511396 828509 310632 812708 305716 290338 644278 652139 815093 665284 691532 501224 340915 357664 373502 700953 560029 796729 672543 984163 639716 919225 129212 132195 829017 488781 847473 603445 732230 553450 131642 335016 706109 614554 882312 596990 567102 782685 615300 862647 551019 579497 661581 452588 364989 776709 652829 400563 737999 599169 394648 539135 377922 77994 618528 847619 608810 893816 126801 153044 465556 525640 884204 570511 882016 515146 302891 795225 212929 622412 386371 355054 862979 378699 367170 293241 272052 40143 499178 896281 368781 480601 648958 873371 707272 312844 549748 683781 530835 648258 215411 721996 811411 610010 304519 545971 460194 435796 376481 129157 364440 519705 437894 792096 698373 817623
 83652 772048 599319 135962 107779 106659 443140 89762 408594 395676 608869 171633 104831 343624 312770 368504 527304 244255 224660 115037 406583 763538 782381 587091 549044 708421 719856 1 14266 321058 359107 594472 418141 10788 638847 500674 599230 633944 145765 381174 730637 800392 561346 283745 465380 257452 642834 307490 346980 166053 586785 250116 420415 429282 495637 613047 556418 285131 398455 515468 477245 196739 273727 446134 630743 741643 516667 409139 468838 242374 792788 410501 813552 480873 165578 534036 486934 528868 676541 434634 487757 718007 214067 506329 279845 657019 577996 177242 463802 828953 233431 383982 514639 805735 297398 171225 561930 422346 793223 649042 412286 374720 349726 462027 62902 223268 413466 592314 355548 19065 182416 228879 57425 383066 296567 408533 707076 597952 150204 247566 420156 637447 188475 331425 685228 408180 459296 323787 214250 749541 154382 255723 302288 345481 383638 526818 69395 447602 895926 536726 425411 687822 352676 337574 466401 656547 702674 647462 331015 266496 184606 302722 619621 566862 413192 756062 165135 304809 204640 516515 695514 256648 554251 543613 509691 678953 325359 560176 504276 487012 496279 758889 248323 258773 426863 787202 71696 390064 42627 867903 282543 103680 552446 485581 513338 92300 120557 724017 799807 386192 297341 355191 515067 609109 497300 494179 579866 344075 158949 342808
