NAME : domp70p17v10
COMMENT : Cherkesly, Contardo & Gruson 2022
TYPE : DOMP
DIMENSION : 70
DISPLAY_DATA_TYPE : NO_DISPLAY
OPEN_FACILITIES : 17
COST_SECTION
 1 361045 572726 250909 626197 789655 967178 265243 885958 702861 386669 596556 554239 329700 632798 279412 458130 936328 655104 241589 872879 215814 813362 702552 528184 803073 697823 862335 348871 490005 117965 154312 666255 421975 525574 569571 353576 351737 745874 258420 852564 206509 934162 547919 618448 477574 1031003 916873 677632 794718 554861 694780 72639 363063 484000 461848 591552 382140 366431 561429 587629 634209 487747 470538 239239 134217 432171 999579 956842 204542
 361045 1 917947 131374 643363 607430 938492 619197 998190 480651 186691 486000 727341 115755 927736 139160 644522 928190 442217 363280 753482 362066 693860 603124 861102 841988 857614 998766 699105 772648 255329 374103 903424 689050 702944 410699 7469 219640 799199 517715 971444 154543 750286 377082 922287 772642 1150050 936455 866883 610038 864899 966871 386500 117414 815390 509863 844481 145911 621650 624346 442842 838773 218111 365493 588727 324125 600360 1166316 829540 188632
 572726 917947 1 790789 789124 1127931 1068269 308827 788181 1101671 871855 920167 521395 902117 238288 802135 488024 1015870 1056602 610961 1118653 595651 1074613 974501 86553 856072 594555 729109 224234 273556 690690 554942 414072 333391 508562 949111 910673 817215 800267 434826 754947 768093 1244791 945734 203260 241757 877744 960711 526982 1134503 173909 332772 532294 881322 121770 689460 353153 954848 380760 699920 947706 478631 976296 847486 333595 599181 519337 765465 1193407 733671
 250909 131374 790789 1 556508 597916 873429 497235 893564 488563 158219 438631 606587 178144 796404 42319 520294 856147 443544 236467 719032 232645 658030 556183 731754 753990 741148 888712 574743 641405 169328 242949 775849 558080 581096 381657 124737 152478 706270 386353 864954 69087 744647 352080 790929 641271 1045398 855858 745446 601805 733713 836515 263074 115198 686001 408334 715080 232381 490843 524007 408750 714753 245754 307030 465275 193618 477734 1051507 799915 57662
 626197 643363 789124 556508 1 383583 341565 664654 377352 427015 462799 230863 285343 731176 630583 522345 301497 310746 401224 386158 330411 410901 291550 210020 702743 198718 321832 399558 683476 518575 653014 473226 486431 457895 288215 316108 640921 423789 158982 444753 358836 609349 469900 340863 650713 547940 523948 300363 375946 390237 633474 600624 563830 528469 671010 164460 485900 780430 426212 89616 289081 387600 501292 290060 633949 496111 276756 579588 404349 531546
 789655 607430 1127931 597916 383583 1 446314 933225 710155 138877 441890 210400 661188 722156 1000489 555694 651628 469079 166648 576163 185636 601770 149236 174001 1044297 490923 703322 751580 977513 871527 756181 669373 868148 797106 658189 220894 609552 450848 493446 718679 703300 666871 146835 246795 1016580 895556 833334 517594 759498 6751 989438 979942 753303 503273 1006246 438629 859946 750131 747469 456651 202573 769875 391136 320233 898124 661609 612873 927350 239002 610812
 967178 938492 1068269 873429 341565 446314 1 993454 372459 567288 751804 455828 548752 1039230 867951 835067 605389 57654 570762 726232 267045 751492 298061 345544 982849 212580 490890 436192 1001133 796360 987436 814667 690543 756417 565608 541821 937650 727119 268357 778880 386273 932820 418619 575574 896136 830371 443074 128432 562885 449963 898315 807598 905384 821156 959553 505422 724991 1082682 741237 416918 507717 601299 754699 573745 964938 835914 595513 576013 265022 857488
 265243 619197 308827 497235 664654 933225 993454 1 811486 877093 601701 723953 476980 594914 412167 515148 395629 950503 829423 363471 969823 340894 916271 806366 274279 796706 605372 769945 84726 302950 382971 282412 503009 274841 451446 728079 611787 552724 736211 222243 776024 466174 1067094 716191 389496 276314 938642 912370 560567 939264 324173 492656 234162 598109 234006 520699 422067 646799 259733 579725 735648 509004 707718 622269 35626 315597 398286 870048 1051798 442203
 885958 998190 788181 893564 377352 710155 372459 811486 1 787799 827503 603973 339551 1071693 559626 866208 432741 315868 769298 677800 576729 695139 574073 547158 710173 219674 206928 67724 789310 541252 948956 737666 375981 538397 367519 692197 994637 781331 224541 639923 35489 933798 741726 717997 592690 576729 151964 244286 264255 715972 614862 480225 814073 888726 700282 488356 436773 1125346 556392 374252 663480 315989 876418 663478 792680 778058 453849 218242 610758 855916
 702861 480651 1101671 488563 427015 138877 567288 877093 787799 1 330373 202772 678171 596329 1001625 447398 648832 582134 48132 513636 318689 536840 271689 243469 1021550 574575 746112 820513 930961 861106 653897 600351 889568 780414 669355 152591 483520 352311 563933 674837 775568 557387 271625 160923 1013287 880695 922005 621710 793409 139178 978165 994312 676586 384560 980422 428827 868753 620165 723274 480734 157598 794683 262541 256538 841482 583113 604917 1000006 377637 510556
 386669 186691 871855 158219 462799 441890 751804 601701 827503 330373 1 300434 585307 291741 835241 117142 514386 741866 285381 264252 573531 276619 513079 418230 802747 660483 704261 834161 670339 680380 324617 321263 779235 593998 564244 230888 185932 58060 620696 440765 802885 227160 588248 198987 836312 688389 978500 751800 723717 445502 786189 858456 376456 69413 757685 344045 731015 331419 526922 453982 261071 703009 106041 179192 567020 286875 467192 1007141 652127 184741
 596556 486000 920167 438631 230863 210400 455828 723953 603973 202772 300434 1 476019 591824 804577 397282 452112 452385 171528 371309 282052 397612 221106 118186 837406 402593 545101 629969 767146 668978 580140 466223 687238 591645 468214 91423 485792 286324 380044 508342 587874 504398 344440 122727 818097 691137 745924 473891 590878 216698 786826 793284 553391 369616 798399 233589 668830 631517 539408 278103 59838 591991 300468 132616 689038 464437 410332 810070 364713 437211
 554239 727341 521395 606587 285343 661188 548752 476980 339551 678171 585307 476019 1 780047 345495 588478 96112 498225 642258 372739 612782 383738 576744 491139 435305 338319 143635 308835 465732 248171 629422 413304 211478 212993 28689 538908 722326 529862 280442 301871 304626 633199 755177 551168 366836 281737 478645 448845 139631 667934 355917 318969 481651 633090 410809 259645 200588 836639 218360 204575 523011 120395 663308 464644 455754 459156 130005 450892 681859 559508
 329700 115755 902117 178144 731176 722156 1039230 594914 1071693 596329 291741 591824 780047 1 941651 208899 690954 1025488 557481 407386 864281 398691 804139 709820 854248 929454 916804 1066257 678517 789930 212028 390357 939698 710682 753783 521042 112862 312367 882980 535803 1042991 150056 865585 488007 931972 784689 1223509 1028925 917852 724902 871025 990940 374986 223479 809260 586107 874310 57549 645587 701802 552225 884623 333799 465916 568526 338325 650314 1227464 941608 220542
 632798 927736 238288 796404 630583 1000489 867951 412167 559626 1001625 835241 804577 345495 941651 1 795176 352874 812779 961110 574945 958015 569555 922112 833735 178293 656279 379234 497598 343538 155784 743516 555167 184136 241658 343604 853558 921140 777282 605739 410100 527927 794222 1100023 858538 35029 156997 640858 751926 307816 1007234 90403 95899 571774 863040 194509 572863 146413 998426 309368 547021 844032 266661 931410 762929 417818 606724 397027 527455 1025628 739629
 279412 139160 802135 42319 522345 555694 835067 515148 866208 447398 117142 397282 588478 208899 795176 1 505376 819032 402042 225177 677215 226174 616239 515055 739781 720559 719973 863922 590005 639525 207847 248414 764869 554794 563907 339358 133910 110960 674273 386801 838409 111183 702449 309769 791554 641743 1018167 820615 727952 559612 736184 830725 282208 84234 694064 378731 707174 259897 487041 494295 366587 699613 209912 266215 482048 203093 461225 1029449 757915 75291
 458130 644522 488024 520294 301497 651628 605389 395629 432741 648832 514386 452112 96112 690954 352874 505376 1 559160 608769 284195 630630 292618 587281 490223 401845 402575 239731 404630 395910 220901 534538 318163 264883 156626 67466 501665 639127 457246 342270 207188 398273 542697 760080 508453 366055 247880 574104 517534 227607 658341 338382 352389 385548 556473 369513 220014 223982 747982 137049 212041 491263 194482 600240 415131 371263 365032 47718 545347 705817 470880
 936328 928190 1015870 856147 310746 469079 57654 950503 315868 582134 741866 452385 498225 1025488 812779 819032 559160 1 580900 696864 298408 721447 319896 349414 930817 160056 434845 379017 955013 744904 962645 782748 634418 707910 516316 541398 926899 713215 218306 738858 328898 913268 457175 574396 841383 779254 393754 71598 506862 473356 845072 751128 872623 810826 908609 475095 670600 1070889 695787 379246 507471 546261 752849 562733 922879 806827 552236 522165 309142 836716
 655104 442217 1056602 443544 401224 166648 570762 829423 769298 48132 285381 171528 642258 557481 961110 402042 608769 580900 1 465953 334307 488996 281876 234005 977048 560163 716512 798700 883914 818826 607772 552305 853712 737306 632149 108235 444653 305065 544769 628375 755188 512535 308105 113285 971921 837628 907125 615579 761100 168636 935482 956530 628467 342054 935560 389180 830141 583962 679168 448474 119254 760034 224916 209989 793806 534999 564091 978697 400209 463907
 241589 363280 610961 236467 386158 576163 726232 363471 677800 513636 264252 371309 372739 407386 574945 225177 284195 696864 465953 1 638557 26839 580422 468772 539489 569507 510987 665368 420721 419274 274055 95680 540181 333344 346398 365439 357480 207672 514605 177083 646825 260844 715377 352725 574047 425192 827991 681086 510529 581902 522428 606271 186031 288167 494771 221781 482076 464159 265578 327649 375290 478518 366491 259754 327855 109966 242930 821598 722519 186924
 872879 753482 1118653 719032 330411 185636 267045 969823 576729 318689 573531 282052 612782 864281 958015 677215 630630 298408 334307 638557 1 665390 61042 170338 1032440 360986 617094 628074 999731 848928 861991 734158 803194 786144 617894 343243 754358 566580 383055 747803 577219 785655 165019 376495 979519 877958 682882 356720 682452 188140 963828 920555 824263 640851 999615 449413 812127 899140 749024 418920 312480 704595 546626 414611 936568 739139 601738 794330 84021 719258
 215814 362066 595651 232645 410901 601770 751492 340894 695139 536840 276619 397612 383738 398691 569555 226174 292618 721447 488996 26839 665390 1 607225 495583 526190 592215 523897 680626 400766 413791 254323 68921 543537 328711 356689 389719 355932 221571 536652 164947 663644 250079 741484 375946 567057 417514 844639 704478 520041 607459 513601 604947 159225 294615 481076 246442 482562 455921 260914 350098 400454 485941 380647 284280 305277 86269 253774 834024 749353 179770
 813362 693860 1074613 658030 291550 149236 298061 916271 574073 271689 513079 221106 576744 804139 922112 616239 587281 319896 281876 580422 61042 607225 1 111687 988779 354734 593764 620677 948765 807248 801162 676094 773524 741344 579551 283257 694604 505570 367307 694753 570807 724617 180353 316781 942167 835155 690266 370096 656223 153461 923361 889595 765779 580664 954637 397308 777178 839642 701241 377469 252021 674496 488954 353622 882632 679850 555798 792294 143917 658285
 702552 603124 974501 556183 210020 174001 345544 806366 547158 243469 418230 118186 491139 709820 833735 515055 490223 349414 234005 468772 170338 495583 111687 1 889351 331601 529360 583953 841056 711122 693887 564438 695876 641281 490209 197226 603124 404120 325436 585461 537166 621333 270314 231316 851569 737362 678846 381589 585711 180590 828416 808951 654236 487231 853627 289972 691155 748860 597541 286983 163272 597256 410096 249289 772470 568804 455311 761973 254335 552533
 528184 861102 86553 731754 702743 1044297 982849 274279 710173 1021550 802747 837406 435305 854248 178293 739781 401845 930817 977048 539489 1032440 526190 988779 889351 1 770884 513025 653004 192640 187235 645299 491371 340115 248081 422113 869180 853972 746972 714668 362407 676354 714862 1159663 867107 145187 155204 806302 876544 447073 1050900 97296 273878 479941 816670 45759 605669 273454 908659 298617 613616 866585 397416 905954 768831 291681 538370 434042 701732 1106980 674168
 803073 841988 856072 753990 198718 490923 212580 796706 219674 574575 660483 402593 338319 929454 656279 720559 402575 160056 560163 569507 360986 592215 354734 331601 770884 1 282085 267215 797640 584857 841841 648779 481136 548858 356992 493595 839595 622464 60502 590195 216644 804881 525330 522692 684006 619200 347450 116292 353590 496662 685772 599135 736108 726764 748559 351558 512658 979047 539607 242151 462311 389702 692407 485036 770341 678482 399771 437722 404124 726591
 697823 857614 594555 741148 321832 703322 490890 605372 206928 746112 704261 545101 143635 916804 379234 719973 239731 434845 716512 510987 617094 523897 593764 529360 513025 282085 1 166998 582475 337158 772153 556387 199656 331617 172267 621220 853035 651466 238987 444169 171473 771801 773706 639505 409211 372808 337331 372750 72017 709879 420789 317162 625218 757478 499028 362856 241870 972786 353110 270135 599363 115938 772408 563814 587576 601420 270995 310709 673887 696586
 862335 998766 729109 888712 399558 751580 436192 769945 67724 820513 834161 629969 308835 1066257 497598 863922 404630 379017 798700 665368 628074 680626 620677 583953 653004 267215 166998 1 742432 489979 932279 717953 315267 495230 337495 715496 994775 785208 258619 610517 51356 924681 792541 739189 531209 525038 170334 307764 212505 757631 556743 415654 789867 892631 645648 490797 380658 1121090 519912 381098 688586 265091 890273 677262 753285 761052 431748 180103 667101 847800
 348871 699105 224234 574743 683476 977513 1001133 84726 789310 930961 670339 767146 465732 678517 343538 590005 395910 955013 883914 420721 999731 400766 948765 841056 192640 797640 582475 742432 1 257330 466793 349078 456472 253495 443013 779792 691741 618913 737609 258866 753900 547233 1106678 770776 317596 225422 908122 911536 530168 983762 253458 430046 312655 671762 155543 551520 376485 730852 260114 595523 784334 477633 776239 674534 110658 387756 408535 827674 1080028 518642
 490005 772648 273556 641405 518575 871527 796360 302950 541252 861106 680380 668978 248171 789930 155784 639525 220901 744904 818826 419274 848928 413791 807248 711122 187235 584857 337158 489979 257330 1 596443 401303 200607 86395 235081 710665 766116 622519 528033 255589 506310 641458 980901 713078 156621 35660 652953 692269 277812 878217 117955 204778 425041 707307 164290 435390 119825 847039 153753 430230 703922 225473 777693 616053 297964 453165 258924 570720 922094 584895
 117965 255329 690690 169328 653014 756181 987436 382971 948956 653897 324617 580140 629422 212028 743516 207847 534538 962645 607772 274055 861991 254323 801162 693887 645299 841841 772153 932279 466793 596443 1 216427 762694 522924 601293 536135 247982 305414 787945 350950 917088 106919 902877 509475 730979 587023 1097795 951653 760465 760541 668295 800616 171790 283869 600806 490963 691358 264184 462242 600820 559648 720831 415013 448090 357187 171244 501360 1079881 944852 145388
 154312 374103 554942 242949 473226 669373 814667 282412 737666 600351 321263 466223 413304 390357 555167 248414 318163 782748 552305 95680 734158 68921 676094 564438 491371 648779 556387 717953 349078 401303 216427 1 551921 320518 385062 455382 367285 270611 591709 145898 704989 240799 809796 439862 548519 399155 884891 762581 544143 674984 490799 600751 91549 326386 445661 309363 484395 447813 255256 407129 467505 505229 427192 350583 247172 52073 286246 863505 818100 185474
 666255 903424 414072 775849 486431 868148 690543 503009 375981 889568 779235 687238 211478 939698 184136 764869 264883 634418 853712 540181 803194 543537 773524 695876 340115 481136 199656 315267 456472 200607 762694 551921 1 245754 223307 749994 897658 721989 434817 411784 343923 789695 953685 761348 216753 231055 466309 571416 127697 874868 243008 118573 596384 820002 337976 468984 80946 997227 300779 412715 734472 99058 864338 672529 495861 603164 312303 371540 865226 723147
 421975 689050 333391 558080 457895 797106 756417 274841 538397 780414 593998 591645 212993 710682 241658 554794 156626 707910 737306 333344 786144 328711 741344 641281 248081 548858 331617 495230 253495 86395 522924 320518 245754 1 191941 629072 682630 536128 489624 174897 502910 561313 911594 630142 242802 100323 663804 661100 285986 803739 198672 280261 353556 621492 213476 358726 169578 768052 67851 368320 623864 234922 691382 532596 260216 372589 185990 600251 862064 502097
 525574 702944 508562 581096 288215 658189 565608 451446 367519 669355 564244 468214 28689 753783 343604 563907 67466 516316 632149 346398 617894 356689 579551 490209 422113 356992 172267 337495 443013 235081 601293 385062 223307 191941 1 527440 697814 508229 298022 273331 332716 606462 756681 538149 362642 267311 507243 469265 164350 664939 346734 325084 452980 610442 395351 245724 201835 810523 192074 203420 513092 138809 644621 449401 429452 431254 103494 478737 688970 533302
 569571 410699 949111 381657 316108 220894 541821 728079 692197 152591 230888 91423 538908 521042 853558 339358 501665 541398 108235 365439 343243 389719 283257 197226 869180 493595 621220 715496 779792 710665 536135 455382 749994 629072 527440 1 411368 231542 469171 522839 674816 450000 367080 34209 863996 729394 835661 564895 661820 225658 827260 850868 536109 297642 827910 282837 723897 556553 571107 351196 34106 657833 212969 105814 692544 443435 456560 895392 421248 390773
 353576 7469 910673 124737 640921 609552 937650 611787 994637 483520 185932 485792 722326 112862 921140 133910 639127 926899 444653 357480 754358 355932 694604 603124 853972 839595 853035 994775 691741 766116 247982 367285 897658 682630 697814 411368 1 217133 796441 511084 967737 147075 752756 377877 915565 765949 1146529 934606 861830 612232 858067 960628 379151 116525 808266 506282 838426 145741 615278 620953 443308 833440 221029 364327 581348 317186 595119 1161943 830746 181837
 351737 219640 817215 152478 423789 450848 727119 552724 781331 352311 58060 286324 529862 312367 777282 110960 457246 713215 305065 207672 566580 221571 505570 404120 746972 622464 651466 785208 618913 622519 305414 270611 721989 536128 508229 231542 217133 1 579649 384644 755625 219481 597613 204080 778556 630863 932899 718374 668746 455158 728837 800485 333111 107498 702094 294426 673133 358331 469156 407082 257137 646862 159110 155585 517646 240942 410229 956418 647638 160171
 745874 799199 800267 706270 158982 493446 268357 736211 224541 563933 620696 380044 280442 882980 605739 674273 342270 218306 544769 514605 383055 536652 367307 325436 714668 60502 238987 258619 737609 528033 787945 591709 434817 489624 298022 469171 796441 579649 1 530073 211917 754896 544159 496100 632354 562015 366709 176604 308566 499575 631246 553361 678221 685453 691214 299955 460709 933765 479272 187127 439733 340310 659977 449041 709849 622875 339340 436706 435656 676388
 258420 517715 434826 386353 444753 718679 778880 222243 639923 674837 440765 508342 301871 535803 410100 386801 207188 738858 628375 177083 747803 164947 694753 585461 362407 590195 444169 610517 258866 255589 350950 145898 411784 174897 273331 522839 511084 384644 530073 1 605453 386571 848907 515821 404968 255161 780495 706483 419785 724917 349578 455140 186560 458913 317749 298510 341027 593159 111408 362329 526079 375801 543563 418405 189928 197911 192772 741879 829618 329533
 852564 971444 754947 864954 358836 703300 386273 776024 35489 775568 802885 587874 304626 1042991 527927 838409 398273 328898 755188 646825 577219 663644 570807 537166 676354 216644 171473 51356 753900 506310 917088 704989 343923 502910 332716 674816 967737 755625 211917 605453 1 903923 741827 699603 560656 541827 181200 257959 229808 709278 581400 450466 780539 863112 665837 461722 402901 1097040 521132 348928 646988 281245 854788 641623 757295 746019 420395 224816 615756 826287
 206509 154543 768093 69087 609349 666871 932820 466174 933798 557387 227160 504398 633199 150056 794222 111183 542697 913268 512535 260844 785655 250079 724617 621333 714862 804881 771801 924681 547233 641458 106919 240799 789695 561313 606462 450000 147075 219481 754896 386571 903923 1 813631 420801 785756 637484 1085024 909646 770077 670794 725903 841549 235861 179255 669386 455050 724328 207604 495846 569833 476511 735750 310920 372090 436600 188726 503213 1082437 867018 78564
 934162 750286 1244791 744647 469900 146835 418619 1067094 741726 271625 588248 344440 755177 865585 1100023 702449 760080 457175 308105 715377 165019 741484 180353 270314 1159663 525330 773706 792541 1106678 980901 902877 809796 953685 911594 756681 367080 752756 597613 544159 848907 741827 813631 1 393600 1119161 1007512 846305 519107 836548 142844 1097902 1069463 895487 648622 1123840 558266 955762 891284 867177 553499 346591 854637 532609 463711 1032431 804706 725623 959345 158843 757493
 547919 377082 945734 352080 340863 246795 575574 716191 717997 160923 198987 122727 551168 488007 858538 309769 508453 574396 113285 352725 376495 375946 316781 231316 867107 522692 639505 739189 770776 713078 509475 439862 761348 630142 538149 34209 377877 204080 496100 515821 699603 420801 393600 1 867650 730347 862808 596584 677342 251078 828764 859604 517796 264821 825075 292443 731887 522869 570259 369510 68050 670917 179126 98287 680578 424546 462372 918736 453740 364152
 618448 922287 203260 790929 650713 1016580 896136 389496 592690 1013287 836312 818097 366836 931972 35029 791554 366055 841383 971921 574047 979519 567057 942167 851569 145187 684006 409211 531209 317596 156621 730979 548519 216753 242802 362642 863996 915565 778556 632354 404968 560656 785756 1119161 867650 1 149823 675598 781473 338339 1023313 65419 130421 559661 861463 165225 585242 171647 988385 309400 565669 855752 295224 934175 771174 397540 599550 408485 562436 1048457 733757
 477574 772642 241757 641271 547940 895556 830371 276314 576729 880695 688389 691137 281737 784689 156997 641743 247880 779254 837628 425192 877958 417514 835155 737362 155204 619200 372808 525038 225422 35660 587023 399155 231055 100323 267311 729394 765949 630863 562015 255161 541827 637484 1007512 730347 149823 1 687314 727179 313078 902217 98958 220670 415234 712063 129405 457814 151246 841438 162829 459038 724050 260843 787580 632695 274448 450445 282865 602323 952026 584189
 1031003 1150050 877744 1045398 523948 833334 443074 938642 151964 922005 978500 745924 478645 1223509 640858 1018167 574104 393754 907125 827991 682882 844639 690266 678846 806302 347450 337331 170334 908122 652953 1097795 884891 466309 663804 507243 835661 1146529 932899 366709 780495 181200 1085024 846305 862808 675598 687314 1 327553 378605 838717 709064 551031 958686 1040226 803310 640261 538853 1277257 690132 525900 805737 430862 1024870 812453 922749 926628 599296 156232 702626 1007301
 916873 936455 960711 855858 300363 517594 128432 912370 244286 621710 751800 473891 448845 1028925 751926 820615 517534 71598 615579 681086 356720 704478 370096 381589 876544 116292 372750 307764 911536 692269 951653 762581 571416 661100 469265 564895 934606 718374 176604 706483 257959 909646 519107 596584 781473 727179 327553 1 444514 522399 788494 686935 850680 819755 856515 460729 611911 1076626 654558 355459 531675 486425 772514 573232 886304 790633 515936 451599 375883 831905
 677632 866883 526982 745446 375946 759498 562885 560567 264255 793409 723717 590878 139631 917852 307816 727952 227607 506862 761100 510529 682452 520041 656223 585711 447073 353590 72017 212505 530168 277812 760465 544143 127697 285986 164350 661820 861830 668746 308566 419785 229808 770077 836548 677342 338339 313078 378605 444514 1 766141 353088 245565 605204 772483 436051 390813 173904 974687 319036 312790 642487 52590 798975 595656 545951 592071 267782 322096 741693 697453
 794718 610038 1134503 601805 390237 6751 449963 939264 715972 139178 445502 216698 667934 724902 1007234 559612 658341 473356 168636 581902 188140 607459 153461 180590 1050900 496662 709879 757631 983762 878217 760541 674984 874868 803739 664939 225658 612232 455158 499575 724917 709278 670794 142844 251078 1023313 902217 838717 522399 766141 1 996131 986683 758713 506482 1012812 445233 866697 752450 754016 463394 207939 776584 393399 325588 904143 666914 619547 933253 239460 615195
 554861 864899 173909 733713 633474 989438 898315 324173 614862 978165 786189 786826 355917 871025 90403 736184 338382 845072 935482 522428 963828 513601 923361 828416 97296 685772 420789 556743 253458 117955 668295 490799 243008 198672 346734 827260 858067 728837 631246 349578 581400 725903 1097902 828764 65419 98958 709064 788494 353088 996131 1 182005 497476 808164 104946 553241 179244 927134 261708 545935 821188 304851 885979 731266 332182 541177 376875 605278 1035674 676272
 694780 966871 332772 836515 600624 979942 807598 492656 480225 994312 858456 793284 318969 990940 95899 830725 352389 751128 956530 606271 920555 604947 889595 808951 273878 599135 317162 415654 430046 204778 800616 600751 118573 280261 325084 850868 960628 800485 553361 455140 450466 841549 1069463 859604 130421 220670 551031 686935 245565 986683 182005 1 629515 892884 286908 568061 128601 1048297 346185 523316 837704 216034 949413 767352 493978 652823 399689 432793 983420 781192
 72639 386500 532294 263074 563830 753303 905384 234162 814073 676586 376456 553391 481651 374986 571774 282208 385548 872623 628467 186031 824263 159225 765779 654236 479941 736108 625218 789867 312655 425041 171790 91549 596384 353556 452980 536109 379151 333111 678221 186560 780539 235861 895487 517796 559661 415234 958686 850680 605204 758713 497476 629515 1 365934 434703 400399 522877 430338 295836 495438 550776 562134 481472 433152 202521 93500 360225 927082 908260 208372
 363063 117414 881322 115198 528469 503273 821156 598109 888726 384560 69413 369616 633090 223479 863040 84234 556473 810826 342054 288167 640851 294615 580664 487231 816670 726764 757478 892631 671762 707307 283869 326386 820002 621492 610442 297642 116525 107498 685453 458913 863112 179255 648622 264821 861463 712063 1040226 819755 772483 506482 808164 892884 365934 1 771089 401884 767062 262035 553695 514496 328753 748482 131669 248102 564641 284025 510304 1063392 718560 159486
 484000 815390 121770 686001 671010 1006246 959553 234006 700282 980422 757685 798399 410809 809260 194509 694064 369513 908609 935560 494771 999615 481076 954637 853627 45759 748559 499028 645648 155543 164290 600806 445661 337976 213476 395351 827910 808266 702094 691214 317749 665837 669386 1123840 825075 165225 129405 803310 856515 436051 1012812 104946 286908 434703 771089 1 567865 265181 863862 258991 581521 826142 384836 861138 726792 249074 492612 398900 705987 1075315 628412
 461848 509863 689460 408334 164460 438629 505422 520699 488356 428827 344045 233589 259645 586107 572863 378731 220014 475095 389180 221781 449413 246442 397308 289972 605669 351558 362856 490797 551520 435390 490963 309363 468984 358726 245724 282837 506282 294426 299955 298510 461722 455050 558266 292443 585242 457814 640261 460729 390813 445233 553241 568061 400399 401884 567865 1 441107 638528 309580 115696 271280 379925 409784 205279 487834 331746 176915 663107 531109 376509
 591552 844481 353153 715080 485900 859946 724991 422067 436773 868753 731015 668830 200588 874310 146413 707174 223982 670600 830141 482076 812127 482562 777178 691155 273454 512658 241870 380658 376485 119825 691358 484395 80946 169578 201835 723897 838426 673133 460709 341027 402901 724328 955762 731887 171647 151246 538853 611911 173904 866697 179244 128601 522877 767062 265181 441107 1 931841 229705 404192 711667 126062 821112 639092 415210 536230 271157 451196 879281 660807
 382140 145911 954848 232381 780430 750131 1082682 646799 1125346 620165 331419 631517 836639 57549 998426 259897 747982 1070889 583962 464159 899140 455921 839642 748860 908659 979047 972786 1121090 730852 847039 264184 447813 997227 768052 810523 556553 145741 358331 933765 593159 1097040 207604 891284 522869 988385 841438 1277257 1076626 974687 752450 927134 1048297 430338 262035 863862 638528 931841 1 703059 754146 588751 941800 359060 508994 621370 395798 707033 1283353 974708 277235
 366431 621650 380760 490843 426212 747469 741237 259733 556392 723274 526922 539408 218360 645587 309368 487041 137049 695787 679168 265578 749024 260914 701241 597541 298617 539607 353110 519912 260114 153753 462242 255256 300779 67851 192074 571107 615278 469156 479272 111408 521132 495846 867177 570259 309400 162829 690132 654558 319036 754016 261708 346185 295836 553695 258991 309580 229705 703059 1 337267 567990 271735 625149 472184 237430 307264 149575 639872 827321 435152
 561429 624346 699920 524007 89616 456651 416918 579725 374252 480734 453982 278103 204575 701802 547021 494295 212041 379246 448474 327649 418920 350098 377469 286983 613616 242151 270135 381098 595523 430230 600820 407129 412715 368320 203420 351196 620953 407082 187127 362329 348928 569833 553499 369510 565669 459038 525900 355459 312790 463394 545935 523316 495438 514496 581521 115696 404192 754146 337267 1 330248 315623 510120 297945 549950 436366 187694 557087 493794 491272
 587629 442842 947706 408750 289081 202573 507717 735648 663480 157598 261071 59838 523011 552225 844032 366587 491263 507471 119254 375290 312480 400454 252021 163272 866585 462311 599363 688586 784334 703922 559648 467505 734472 623864 513092 34106 443308 257137 439733 526079 646988 476511 346591 68050 855752 724050 805737 531675 642487 207939 821188 837704 550776 328753 826142 271280 711667 588751 567990 330248 1 640829 247048 117661 700268 459045 447339 868648 391776 414624
 634209 838773 478631 714753 387600 769875 601299 509004 315989 794683 703009 591991 120395 884623 266661 699613 194482 546261 760034 478518 704595 485941 674496 597256 397416 389702 115938 265091 477633 225473 720831 505229 99058 234922 138809 657833 833440 646862 340310 375801 281245 735750 854637 670917 295224 260843 430862 486425 52590 776584 304851 216034 562134 748482 384836 379925 126062 941800 271735 315623 640829 1 783003 585015 495128 554391 238690 368191 767563 664940
 487747 218111 976296 245754 501292 391136 754699 707718 876418 262541 106041 300468 663308 333799 931410 209912 600240 752849 224916 366491 546626 380647 488954 410096 905954 692407 772408 890273 776239 777693 415013 427192 864338 691382 644621 212969 221029 159110 659977 543563 854788 310920 532609 179126 934175 787580 1024870 772514 798975 393399 885979 949413 481472 131669 861138 409784 821112 359060 625149 510120 247048 783003 1 213176 673057 392692 552544 1067193 619033 283438
 470538 365493 847486 307030 290060 320233 573745 622269 663478 256538 179192 132616 464644 465916 762929 266215 415131 562733 209989 259754 414611 284280 353622 249289 768831 485036 563814 677262 674534 616053 448090 350583 672529 532596 449401 105814 364327 155585 449041 418405 641623 372090 463711 98287 771174 632695 812453 573232 595656 325588 731266 767352 433152 248102 726792 205279 639092 508994 472184 297945 117661 585015 213176 1 586731 341400 368313 854648 497000 304672
 239239 588727 333595 465275 633949 898124 964938 35626 792680 841482 567020 689038 455754 568526 417818 482048 371263 922879 793806 327855 936568 305277 882632 772470 291681 770341 587576 753285 110658 297964 357187 247172 495861 260216 429452 692544 581348 517646 709849 189928 757295 436600 1032431 680578 397540 274448 922749 886304 545951 904143 332182 493978 202521 564641 249074 487834 415210 621370 237430 549950 700268 495128 673057 586731 1 281445 370885 859370 1018778 409697
 134217 324125 599181 193618 496111 661609 835914 315597 778058 583113 286875 464437 459156 338325 606724 203093 365032 806827 534999 109966 739139 86269 679850 568804 538370 678482 601420 761052 387756 453165 171244 52073 603164 372589 431254 443435 317186 240942 622875 197911 746019 188726 804706 424546 599550 450445 926628 790633 592071 666914 541177 652823 93500 284025 492612 331746 536230 395798 307264 436366 459045 554391 392692 341400 281445 1 330460 909986 823137 135958
 432171 600360 519337 477734 276756 612873 595513 398286 453849 604917 467192 410332 130005 650314 397027 461225 47718 552236 564091 242930 601738 253774 555798 455311 434042 399771 270995 431748 408535 258924 501360 286246 312303 185990 103494 456560 595119 410229 339340 192772 420395 503213 725623 462372 408485 282865 599296 515936 267782 619547 376875 399689 360225 510304 398900 176915 271157 707033 149575 187694 447339 238690 552544 368313 370885 330460 1 580423 679016 429818
 999579 1166316 765465 1051507 579588 927350 576013 870048 218242 1000006 1007141 810070 450892 1227464 527455 1029449 545347 522165 978697 821598 794330 834024 792294 761973 701732 437722 310709 180103 827674 570720 1079881 863505 371540 600251 478737 895392 1161943 956418 436706 741879 224816 1082437 959345 918736 562436 602323 156232 451599 322096 933253 605278 432793 927082 1063392 705987 663107 451196 1283353 639872 557087 868648 368191 1067193 854648 859370 909986 580423 1 825132 1007291
 956842 829540 1193407 799915 404349 239002 265022 1051798 610758 377637 652127 364713 681859 941608 1025628 757915 705817 309142 400209 722519 84021 749353 143917 254335 1106980 404124 673887 667101 1080028 922094 944852 818100 865226 862064 688970 421248 830746 647638 435656 829618 615756 867018 158843 453740 1048457 952026 702626 375883 741693 239460 1035674 983420 908260 718560 1075315 531109 879281 974708 827321 493794 391776 767563 619033 497000 1018778 823137 679016 825132 1 801635
 204542 188632 733671 57662 531546 610812 857488 442203 855916 510556 184741 437211 559508 220542 739629 75291 470880 836716 463907 186924 719258 179770 658285 552533 674168 726591 696586 847800 518642 584895 145388 185474 723147 502097 533302 390773 181837 160171 676388 329533 826287 78564 757493 364152 733757 584189 1007301 831905 697453 615195 676272 781192 208372 159486 628412 376509 660807 277235 435152 491272 414624 664940 283438 304672 409697 135958 429818 1007291 801635 1
LAMBDA_SECTION
1 616
2 701
3 173
4 22
5 625
6 307
7 148
8 837
9 682
10 243
11 435
12 459
13 827
14 911
15 896
16 665
17 887
18 704
19 179
20 598
21 113
22 369
23 263
24 985
25 938
26 757
27 411
28 349
29 940
30 479
31 687
32 382
33 488
34 372
35 585
36 442
37 148
38 652
39 931
40 139
41 791
42 418
43 376
44 982
45 755
46 913
47 684
48 386
49 851
50 520
51 859
52 719
53 850
54 656
55 15
56 768
57 510
58 417
59 501
60 268
61 480
62 315
63 997
64 230
65 993
66 564
67 677
68 68
69 858
70 327
