NAME : domp20p6v7
COMMENT : Cherkesly, Contardo & Gruson 2022
TYPE : DOMP
DIMENSION : 20
DISPLAY_DATA_TYPE : NO_DISPLAY
OPEN_FACILITIES : 6
COST_SECTION
 1 456213 199368 334572 394349 331932 375075 827211 919922 164799 80252 435338 543395 874085 567575 593881 750109 649296 230472 482970
 456213 1 342221 586961 713409 719655 163477 1016199 1172508 294545 536393 873548 817823 1150048 955397 674024 909934 636246 568780 813927
 199368 342221 1 258700 375375 378715 210020 736738 866581 165409 264918 544767 494974 834398 613183 444493 642789 473472 226724 476080
 334572 586961 258700 1 135233 209463 432416 495825 610122 406127 341357 407662 236275 575907 395485 287237 415540 382207 120696 231403
 394349 713409 375375 135233 1 126033 563168 452079 525774 503026 372906 307176 153093 480289 260884 353912 398605 471382 167509 100744
 331932 719655 378715 209463 126033 1 584807 566895 615034 470500 288746 198199 265262 560465 240557 472447 521726 582821 153380 169779
 375075 163477 210020 432416 563168 584807 1 852875 1009583 243757 452381 754785 658845 988330 813502 513144 747040 485734 431462 662631
 827211 1016199 736738 495825 452079 566895 852875 1 200950 896214 819773 687977 301811 232031 505533 355360 112048 452945 598799 404829
 919922 1172508 866581 610122 525774 615034 1009583 200950 1 1015567 895894 681442 378281 72963 472589 539187 306229 647655 690724 445964
 164799 294545 165409 406127 503026 470500 243757 896214 1015567 1 243950 596516 638557 978025 710934 609697 805351 631919 337329 600625
 80252 536393 264918 341357 372906 288746 452381 819773 895894 243950 1 364683 525739 845360 513972 618157 751352 686985 224118 451564
 435338 873548 544767 407662 307176 198199 754785 687977 681442 596516 364683 1 405918 614775 212818 661080 668513 776902 335942 293466
 543395 817823 494974 236275 153093 265262 658845 301811 378281 638557 525739 405918 1 340011 270953 306163 263449 436842 313237 112454
 874085 1150048 834398 575907 480289 560465 988330 232031 72963 978025 845360 614775 340011 1 404093 540366 323621 657020 647325 393796
 567575 955397 613183 395485 260884 240557 813502 505533 472589 710934 513972 212818 270953 404093 1 571956 510159 700529 386768 180383
 593881 674024 444493 287237 353912 472447 513144 355360 539187 609697 618157 661080 306163 540366 571956 1 243882 131051 406664 394940
 750109 909934 642789 415540 398605 521726 747040 112048 306229 805351 751352 668513 263449 323621 510159 243882 1 342250 527378 375457
 649296 636246 473472 382207 471382 582821 485734 452945 647655 631919 686985 776902 436842 657020 700529 131051 342250 1 493838 521899
 230472 568780 226724 120696 167509 153380 431462 598799 690724 337329 224118 335942 313237 647325 386768 406664 527378 493838 1 263374
 482970 813927 476080 231403 100744 169779 662631 404829 445964 600625 451564 293466 112454 393796 180383 394940 375457 521899 263374 1
LAMBDA_SECTION
1 135
2 60
3 576
4 868
5 266
6 808
7 127
8 568
9 499
10 448
11 182
12 772
13 781
14 330
15 294
16 14
17 334
18 164
19 624
20 301
