NAME : domp30p15v9
COMMENT : Cherkesly, Contardo & Gruson 2022
TYPE : DOMP
DIMENSION : 30
DISPLAY_DATA_TYPE : NO_DISPLAY
OPEN_FACILITIES : 15
COST_SECTION
 1 270794 311438 758695 932165 821644 310239 238038 369121 968065 411015 626075 781113 364851 645785 406096 727521 742774 373485 235501 857723 187491 159486 356506 1031826 214926 566132 277481 533857 397878
 270794 1 568637 653922 929766 958569 566365 468541 182920 1046223 396936 681979 897541 484223 758088 665028 538256 942270 576399 42570 861819 96817 333339 342757 1110859 475714 369489 263751 740687 614070
 311438 568637 1 857955 897665 628825 5508 123946 609307 834299 504708 570224 619508 325956 511709 96402 914835 476601 181406 539216 824278 496234 261133 475702 891725 96723 778029 443790 279551 163184
 758695 653922 857955 1 386858 733205 852656 740587 472019 646612 361647 408509 643384 537872 564523 924400 259650 897271 714100 683955 354885 716495 646446 407387 696901 820722 337956 481214 796196 760335
 932165 929766 897665 386858 1 486124 892235 810940 768150 300918 541086 327909 407715 592985 419791 928795 646345 724043 718660 947566 75153 962641 781123 599172 334820 902312 697029 687045 717260 750739
 821644 958569 628825 733205 486124 1 624671 606419 866547 253043 604552 341950 89903 476870 206799 610473 946998 260367 467137 954869 446232 942000 668261 640225 291853 683617 909556 700516 358927 467702
 310239 566365 5508 852656 892235 624671 1 119370 605632 829495 499623 564774 614878 320493 506667 98902 910179 474136 176175 537227 818832 494588 257348 470864 887017 95928 773752 439502 276210 158595
 238038 468541 123946 740587 810940 606419 119370 1 490531 784337 383565 484064 579736 221279 455577 212283 790909 505281 141402 444118 736236 407798 143155 352322 845310 91423 654842 320646 296345 160055
 369121 182920 609307 472019 768150 866547 605632 490531 1 916867 265897 556143 794865 420563 660038 702272 367892 898432 560225 216726 704139 258143 348399 226481 980394 529898 200553 185812 713700 605540
 968065 1046223 834299 646612 300918 253043 829495 784337 916867 1 654427 364379 219203 603318 328798 833784 894922 513340 657318 1052522 297434 1052197 808609 704682 64800 870980 903814 783108 587274 671575
 411015 396936 504708 361647 541086 604552 499623 383565 265897 654427 1 291289 530169 209009 397797 579978 425887 667067 385010 409771 470082 421740 285496 58252 718563 460175 326793 146270 508215 433673
 626075 681979 570224 408509 327909 341950 564774 484064 556143 364379 291289 1 256593 269993 156089 606004 605950 489840 392636 689216 254084 691433 468801 340354 428930 575486 571517 419334 417064 427646
 781113 897541 619508 643384 407715 89903 614878 579736 794865 219203 530169 256593 1 423932 139785 615066 859422 319275 446439 896933 362250 888169 623855 569885 272906 662914 827295 635898 368108 456329
 364851 484223 325956 537872 592985 476870 320493 221279 420563 603318 209009 269993 423932 1 285193 386625 634679 477940 178996 478392 517936 465492 205365 208619 667235 311616 529548 237731 302359 227096
 645785 758088 511709 564523 419791 206799 506667 455577 660038 328798 397797 156089 139785 285193 1 523939 756319 335821 331667 757170 355976 748550 487357 433930 390347 542761 706832 497144 297996 351750
 406096 665028 96402 924400 928795 610473 98902 212283 702272 833784 579978 606004 615066 386625 523939 1 997669 424753 216412 635407 857481 591876 353957 556535 887496 191332 866013 532229 251547 178411
 727521 538256 914835 259650 646345 946998 910179 790909 367892 894922 425887 605950 859422 634679 756319 997669 1 1069806 810540 577449 610591 623759 664443 441285 948636 853019 169025 476491 929955 859239
 742774 942270 476601 897271 724043 260367 474136 505281 898432 513340 667067 489840 319275 477940 335821 424753 1069806 1 371714 927184 671890 900206 614407 682199 548759 557066 993542 714331 208955 345254
 373485 576399 181406 714100 718660 467137 176175 141402 560225 657318 385010 392636 446439 178996 331667 216412 810540 371714 1 558311 646001 529098 244344 374202 716334 217155 695631 375714 164988 48703
 235501 42570 539216 683955 947566 954869 537227 444118 216726 1052522 409771 689216 896933 478392 757170 635407 577449 927184 558311 1 878297 54728 313989 353583 1117288 444860 408455 270020 723214 593898
 857723 861819 824278 354885 75153 446232 818832 736236 704139 297434 470082 254084 362250 517936 355976 857481 610591 671890 646001 878297 1 891812 706185 527908 343325 827574 645899 615519 651332 679172
 187491 96817 496234 716495 962641 942000 494588 407798 258143 1052197 421740 691433 888169 465492 748550 591876 623759 900206 529098 54728 891812 1 286035 363966 1116986 400610 454859 276893 693937 561878
 159486 333339 261133 646446 781123 668261 257348 143155 348399 808609 285496 468801 623855 205365 487357 353957 664443 614407 244344 313989 706185 286035 1 240589 872420 188754 520018 188035 409297 280742
 356506 342757 475702 407387 599172 640225 470864 352322 226481 704682 58252 340354 569885 208619 433930 556535 441285 682199 374202 353583 527908 363966 240589 1 769143 422603 322268 88020 510799 422655
 1031826 1110859 891725 696901 334820 291853 887017 845310 980394 64800 718563 428930 272906 667235 390347 887496 948636 548759 716334 1117288 343325 1116986 872420 769143 1 931139 963203 847823 638711 728647
 214926 475714 96723 820722 902312 683617 95928 91423 529898 870980 460175 575486 662914 311616 542761 191332 853019 557066 217155 444860 827574 400610 188754 422603 931139 1 708074 376761 351959 219928
 566132 369489 778029 337956 697029 909556 773752 654842 200553 903814 326793 571517 827295 529548 706832 866013 169025 993542 695631 408455 645899 454859 520018 322268 963203 708074 1 334251 831791 743800
 277481 263751 443790 481214 687045 700516 439502 320646 185812 783108 146270 419334 635898 237731 497144 532229 476491 714331 375714 270020 615519 276893 188035 88020 847823 376761 334251 1 527889 421899
 533857 740687 279551 796196 717260 358927 276210 296345 713700 587274 508215 417064 368108 302359 297996 251547 929955 208955 164988 723214 651332 693937 409297 510799 638711 351959 831791 527889 1 136378
 397878 614070 163184 760335 750739 467702 158595 160055 605540 671575 433673 427646 456329 227096 351750 178411 859239 345254 48703 593898 679172 561878 280742 422655 728647 219928 743800 421899 136378 1
LAMBDA_SECTION
1 501
2 269
3 549
4 811
5 663
6 898
7 141
8 259
9 24
10 327
11 478
12 303
13 359
14 154
15 816
16 95
17 808
18 714
19 40
20 335
21 760
22 913
23 965
24 536
25 168
26 329
27 257
28 350
29 784
30 324
