NAME : domp30p15v10
COMMENT : Cherkesly, Contardo & Gruson 2022
TYPE : DOMP
DIMENSION : 30
DISPLAY_DATA_TYPE : NO_DISPLAY
OPEN_FACILITIES : 15
COST_SECTION
 1 433537 936186 570419 540244 280711 788591 1012510 178622 279496 164637 272249 453910 647970 470043 538818 439252 400219 691518 767293 482437 108319 542262 716094 411566 798813 319878 273505 848694 761849
 433537 1 528610 752246 430165 502885 529657 990348 298707 520518 271234 350115 256936 514650 339795 107324 612535 403553 587341 773170 429972 335428 140810 841089 288771 383986 126217 165738 886842 644041
 936186 528610 1 1020317 593737 890307 393651 975086 767985 911843 786447 744669 719216 579125 800130 450730 920886 698816 636765 859742 653234 828804 397318 1030392 774305 145660 654448 666047 971250 641573
 570419 752246 1020317 1 426799 296980 674467 524796 516425 292958 630099 412128 928380 459309 978457 841005 144543 357171 431343 317456 372927 550973 755641 157978 912274 936455 720681 627934 336454 474563
 540244 430165 593737 426799 1 352782 281879 561183 375174 373020 475760 268638 671874 108662 746076 485460 333956 150282 166878 346016 71278 448763 373918 456735 684033 513369 467476 391742 462410 233718
 280711 502885 890307 296980 352782 1 633506 740353 228265 21612 336041 157066 642948 445354 686851 604096 159227 206069 466743 496696 281968 254410 547682 436442 621222 776052 444251 354643 570478 534297
 788591 529657 393651 674467 281879 633506 1 587348 611585 654087 686697 529421 785270 215362 869118 527420 606844 428120 254524 469898 353146 686015 407028 655068 817847 380539 620366 575550 578795 248769
 1012510 990348 975086 524796 561183 740353 587348 1 888235 748738 1003723 764316 1232271 480411 1304523 1035547 597424 640310 405622 245249 577958 950955 915957 379184 1241083 965189 1024571 942238 188956 361056
 178622 298707 767985 516425 375174 228265 611585 888235 1 241016 118448 124100 414870 483833 462033 405563 372267 250507 535187 645483 325931 74890 382386 640004 395859 635213 218887 135592 741116 604937
 279496 520518 911843 292958 373020 21612 654087 748738 241016 1 345335 176907 654699 464307 696541 622467 160227 227080 483860 506106 302031 261634 567856 436618 631232 797271 458550 369957 576363 550869
 164637 271234 786447 630099 475760 336041 686697 1003723 118448 345335 1 241473 314222 583346 351218 375137 486908 363757 640239 762085 434148 88236 389283 757415 286113 645570 155277 121818 859131 708893
 272249 350115 744669 412128 268638 157066 529421 764316 124100 176907 241473 1 518331 375861 573989 448820 268370 129981 420273 521385 210534 189203 391015 524268 507643 624631 308690 215870 617706 490561
 453910 256936 719216 928380 671874 642948 785270 1232271 414870 654699 314222 518331 1 764358 85181 278326 783845 611869 834894 1004767 658021 402413 383208 1041152 63610 576459 213074 304474 1113610 894931
 647970 514650 579125 459309 108662 445354 215362 480411 483833 464307 583346 375861 764358 1 841396 555146 395945 252270 75023 294581 168643 557396 435858 451370 781056 524130 565822 494898 412192 130856
 470043 339795 800130 978457 746076 686851 869118 1304523 462033 696541 351218 573989 85181 841396 1 362988 834254 676219 910712 1073400 727715 436946 468214 1098233 66382 658514 280060 366573 1179941 972214
 538818 107324 450730 841005 485460 604096 527420 1035547 405563 622467 375137 448820 278326 555146 362988 1 704694 485969 629951 831415 498758 442364 122982 919063 327564 305337 223186 273058 947793 679408
 439252 612535 920886 144543 333956 159227 606844 597424 372267 160227 486908 268370 783845 395945 834254 704694 1 230334 391580 360277 268514 409814 626465 277218 768019 824805 576547 483901 419707 450245
 400219 403553 698816 357171 150282 206069 428120 640310 250507 227080 363757 129981 611869 252270 676219 485969 230334 1 291301 400695 83703 318844 398737 437758 610774 596313 398876 309647 503949 361631
 691518 587341 636765 431343 166878 466743 254524 405622 535187 483860 640239 420273 834894 75023 910712 629951 391580 291301 1 225787 209981 606936 510867 400545 849434 591390 633265 558616 341969 70333
 767293 773170 859742 317456 346016 496696 469898 245249 645483 506106 762085 521385 1004767 294581 1073400 831415 360277 400695 225787 1 346837 706686 718019 215268 1008752 817031 793719 707848 118078 222950
 482437 429972 653234 372927 71278 281968 353146 577958 325931 302031 434148 210534 658021 168643 727715 498758 268514 83703 209981 346837 1 397074 396790 423187 663670 563647 447692 364289 457844 280177
 108319 335428 828804 550973 448763 254410 686015 950955 74890 261634 88236 189203 402413 557396 436946 442364 409814 318844 606936 706686 397074 1 436540 684360 372627 692511 232859 170932 797687 676958
 542262 140810 397318 755641 373918 547682 407028 915957 382386 567856 389283 391015 383208 435858 468214 122982 626465 398737 510867 718019 396790 436540 1 819975 423291 256788 261602 269732 835368 558117
 716094 841089 1030392 157978 456735 436442 655068 379184 640004 436618 757415 524268 1041152 451370 1098233 919063 277218 437758 400545 215268 423187 684360 819975 1 1031873 966422 829051 736774 191227 421778
 411566 288771 774305 912274 684033 621222 817847 1241083 395859 631232 286113 507643 63610 781056 66382 327564 768019 610774 849434 1008752 663670 372627 423291 1031873 1 630302 216730 301242 1114653 911908
 798813 383986 145660 936455 513369 776052 380539 965189 635213 797271 645570 624631 576459 524130 658514 305337 824805 596313 591390 817031 563647 692511 256788 966422 630302 1 510094 526515 933236 611896
 319878 126217 654448 720681 467476 444251 620366 1024571 218887 458550 155277 308690 213074 565822 280060 223186 576547 398876 633265 793719 447692 232859 261602 829051 216730 510094 1 92851 901363 696563
 273505 165738 666047 627934 391742 354643 575550 942238 135592 369957 121818 215870 304474 494898 366573 273058 483901 309647 558616 707848 364289 170932 269732 736774 301242 526515 92851 1 813431 624434
 848694 886842 971250 336454 462410 570478 578795 188956 741116 576363 859131 617706 1113610 412192 1179941 947793 419707 503949 341969 118078 457844 797687 835368 191227 1114653 933236 901363 813431 1 330031
 761849 644041 641573 474563 233718 534297 248769 361056 604937 550869 708893 490561 894931 130856 972214 679408 450245 361631 70333 222950 280177 676958 558117 421778 911908 611896 696563 624434 330031 1
LAMBDA_SECTION
1 653
2 376
3 491
4 299
5 297
6 5
7 366
8 428
9 643
10 745
11 323
12 914
13 276
14 187
15 275
16 789
17 877
18 68
19 13
20 160
21 824
22 389
23 166
24 720
25 62
26 720
27 690
28 787
29 277
30 283
