NAME : domp90p30v2
COMMENT : Cherkesly, Contardo & Gruson 2022
TYPE : DOMP
DIMENSION : 90
DISPLAY_DATA_TYPE : NO_DISPLAY
OPEN_FACILITIES : 30
COST_SECTION
 1 995724 441440 778871 861916 831818 614657 538452 286637 479443 273238 984096 1037660 889103 722945 660580 676084 503424 313227 847221 810483 913246 938019 854972 1004324 479560 589446 770393 675161 268169 873553 553288 812572 855740 574061 910889 857359 206370 328241 946635 932845 373820 189924 848321 498564 751443 780619 320660 1045291 715180 945789 796504 764746 684213 681636 890162 197460 611078 877330 755706 140420 130435 585104 835512 342179 820329 784556 567218 114545 330473 203200 354905 725136 544933 680984 924947 434082 758813 504236 991590 624562 740102 712575 667724 850574 727264 822340 295038 691987 216699
 995724 1 557226 237730 381822 220440 389905 679776 805485 538479 722570 649485 152540 382181 837074 341505 649871 512064 751535 484206 448138 271512 84736 482267 208826 710670 530577 226102 331936 884387 173854 455023 198478 586401 424020 202722 150678 834211 911102 107308 717605 702079 960373 391638 550540 264628 279433 731802 184491 896188 329168 410339 231347 683600 649706 394785 918899 411253 428136 519916 1038258 1076055 418452 589884 656341 507368 564362 429086 894707 814045 792980 799857 722753 451142 365729 114923 784419 262031 531866 664920 634879 351937 544188 837682 369951 767299 252913 867650 397685 1126004
 441440 557226 1 337735 510831 393075 173509 310644 273547 146243 169721 728256 616235 537298 559342 219159 481645 147802 219806 540888 430263 486297 496782 486118 596002 290348 307811 331127 233947 399882 433075 159145 385021 596557 151429 501677 416134 311489 454432 505255 720504 259460 445357 501461 205306 331445 378958 197707 606810 591504 529575 402019 325949 434810 411348 543129 372072 220840 488869 473980 504443 534783 144000 581364 99493 527327 524446 128927 348913 359696 238374 360212 491192 116788 251593 483536 398666 318330 113840 740782 426731 319012 447202 522973 444766 519552 387423 345515 279408 597610
 778871 237730 337735 1 413158 67226 164253 447050 570607 361365 507321 695891 345365 428793 627917 120204 584134 336529 517344 498677 276567 191189 164027 328858 360698 474458 419609 69726 103790 706494 96413 280248 159069 593769 234088 287440 87060 637593 746085 168099 735136 532215 769608 414425 393936 176487 243325 498358 272554 683307 255710 232116 75181 471874 437536 440433 686321 264518 291279 489636 837704 870730 193798 588867 436708 507418 544797 218392 685494 646350 576029 637388 518225 249857 129277 146730 642419 24459 296182 711327 549876 136107 494067 620408 223811 561667 86278 631056 170288 929282
 861916 381822 510831 413158 1 461327 433385 776708 780850 397140 620871 284537 289635 27426 1001676 404576 303489 379461 728806 102472 688640 577744 410671 741972 219258 778468 275887 343966 416874 663822 447281 351804 257711 204583 368869 179176 386145 661823 663135 443535 338639 495661 758661 15599 364900 243705 172539 706715 558215 1049025 646077 644099 339510 849843 817030 32525 863939 290276 703212 160772 852702 899972 444124 208626 583214 128412 190950 413619 747739 583241 684470 561607 902675 402661 497919 431563 514202 426385 565038 300149 312014 539981 200286 981131 635565 942879 492978 854020 555503 924043
 831818 220440 393075 67226 461327 1 220897 461624 610268 426935 562611 745730 350505 474428 619480 181513 648459 402449 558495 551687 243165 125726 136951 288890 378863 496096 486165 128313 162383 770193 48693 346682 203621 649193 299513 318043 86233 698020 811263 128021 790206 597579 830806 464220 460814 234724 296782 540736 213780 677626 192207 200798 135109 464811 430688 486561 728548 331666 244129 549244 896286 927778 249846 645513 490630 562901 603615 279789 741976 711525 630027 703094 506308 313026 158461 110476 709347 77640 337537 761303 615522 131730 556154 618000 177106 550652 35755 666711 179438 988607
 614657 389905 173509 164253 433385 220897 1 346124 417594 222721 343172 693596 467524 456230 569087 48536 511491 202273 363104 493531 315705 323558 324883 374975 460903 356286 330618 166174 60505 553718 259661 157232 239294 572781 105774 370809 244520 477504 599251 332024 710311 388124 610666 428658 269421 204058 269749 342813 434155 615651 374982 277145 162427 419618 387955 465248 529182 178592 360721 453659 675415 707358 29554 562453 272480 490966 509759 65251 521796 500087 411777 494400 474140 102406 102631 310405 512088 145034 149885 707987 466023 173142 442701 547765 304178 512542 219111 482816 154212 767717
 538452 679776 310644 447050 776708 461624 346124 1 252096 456387 368542 1023026 790883 800520 249137 383985 791879 454528 231465 827206 315656 479202 598130 343220 796868 59881 615074 488144 379591 635632 510154 447627 576172 894967 414113 711289 531578 523730 703075 588505 1024759 547359 639742 770754 515739 549439 615864 232455 639927 281977 482478 322179 487483 149374 143201 808954 362191 498141 382044 772138 657252 665437 332671 881509 319946 819244 825455 365327 504258 624124 394840 632671 198821 384401 318345 572032 688087 422826 216567 1036518 737296 330817 750427 213053 382938 216914 433466 267961 282372 747799
 286637 805485 273547 570607 780850 610268 417594 252096 1 391019 195116 977040 882028 807732 449601 466017 697834 404023 54851 800973 540041 668507 734585 579209 866870 192952 548708 583758 473725 425574 656942 430010 650720 843271 424483 773065 656517 311795 496781 735370 953879 398520 406868 770583 439504 601861 652269 76385 816173 453001 690030 532907 579980 397714 395175 812805 121153 492808 607926 724371 410365 414775 390702 825868 201189 783128 769125 394410 266740 438153 179634 453816 439988 389513 451874 715153 524880 547317 274447 988177 640507 497622 690556 396775 590933 445274 592520 73519 446022 498549
 479443 538479 146243 361365 397140 426935 222721 456387 391019 1 224086 589213 560886 424507 704517 248258 335527 26425 342390 409995 531528 541194 496851 590259 524957 436219 163208 326180 269474 348670 455463 84209 343892 456123 127423 431851 419915 298120 384813 514214 576118 170888 421918 385440 59507 279093 301407 320948 630775 737644 596166 496012 319178 575232 549590 428074 467084 132998 581347 335040 502175 542716 202460 439897 189960 392394 382814 157564 369228 285118 289804 276160 631904 120318 324391 492413 289375 349801 249184 601081 281045 395482 304621 669032 526649 662355 433555 464499 370161 588105
 273238 722570 169721 507321 620871 562611 343172 368542 195116 224086 1 792550 769470 648273 606047 388176 505204 244208 163870 626545 574712 652120 665141 626208 740909 323189 367353 497155 403542 268391 602788 287231 541643 658896 302489 646547 584502 160700 334679 674543 763394 203701 289756 608863 260903 482313 517748 149678 776385 622090 691297 552811 491516 514957 500541 651500 246170 348315 638082 543757 338036 365910 313694 640588 73430 605294 584625 294000 179934 257947 70630 269401 566999 272253 417253 652752 334618 488051 251223 802885 448020 481387 506651 558846 601364 584450 555879 263685 437133 432063
 984096 649485 728256 695891 284537 745730 693596 1023026 977040 589213 792550 1 526184 274157 1260046 672963 309385 581430 930615 200872 969459 862013 689774 1024005 453121 1014668 428375 626275 688136 737666 731465 576449 542123 133823 609482 451258 670376 778258 708937 722992 101509 615173 836893 281716 537637 522268 452813 909512 831966 1302645 930279 925017 621351 1113023 1081547 261526 1036953 525284 986799 254479 934696 985501 698042 152022 776547 203912 208099 659482 872269 661110 843329 636271 1167734 638637 770631 712670 563922 707667 806521 15668 359542 818657 286552 1233767 919168 1205781 777023 1049940 829085 984649
 1037660 152540 616235 345365 289635 350505 467524 790883 882028 560886 769470 526184 1 280349 968854 420527 587203 535708 827188 388213 589843 421331 228342 628386 73899 814024 507224 305506 418090 889119 310006 484373 231593 485814 468254 135500 266877 857659 904227 256668 605155 707653 974585 303133 556598 287187 262330 806039 330724 1025951 481043 549486 307564 813383 779076 291575 987816 427918 575977 446654 1060480 1102711 492509 493645 710946 417372 480584 488986 929575 812762 839690 794973 856446 500951 472673 259177 764695 369054 617092 541039 585316 475962 480560 964421 514881 900661 385753 949338 515305 1142593
 889103 382181 537298 428793 27426 474428 456230 800520 807732 424507 648273 274157 280349 1 1023656 425970 321306 406709 755561 107890 705047 588471 416422 757557 208026 803242 302447 360216 437507 689429 457899 378389 271377 206829 394338 180064 396937 688719 687562 449547 335484 522288 784645 40997 392273 262888 191646 733460 561463 1071637 656618 660515 356144 871198 838183 12756 891244 316571 717469 178905 878958 926391 467849 213497 610357 138209 202896 438402 774885 608744 711895 586896 923615 428352 517857 438710 538086 443067 589754 289825 333241 557721 220591 1003937 649878 964173 506861 880853 575026 949692
 722945 837074 559342 627917 1001676 619480 569087 249137 449601 704517 606047 1260046 968854 1023656 1 597871 1039657 701350 451092 1061318 397510 587584 752338 385662 988611 283590 861220 683647 587774 866696 663695 689705 777086 1134888 651515 911733 701981 752630 936414 733702 1267672 793765 856266 997486 763985 763528 833547 459417 746947 62869 561266 429251 684961 156050 190382 1033180 527050 735499 442323 1012782 855826 853370 562219 1122492 565191 1056290 1067240 600954 716305 863966 619494 874494 115484 624698 511588 722457 933613 606094 459507 1274038 985561 493439 993831 56099 479624 71393 585173 427949 459349 939511
 660580 341505 219159 120204 404576 181513 48536 383985 466017 248258 388176 672963 420527 425970 597871 1 511468 225040 411573 472110 312726 292964 277751 371465 416582 398460 334576 117757 21768 588772 216580 172655 194553 556622 122073 328212 197164 517571 630957 286387 696182 417827 649876 401279 288095 166654 235787 391328 392474 646993 349359 271029 114223 445296 412460 435728 577699 176672 349978 440820 717503 750713 77024 547813 318586 472710 497257 98489 565684 531302 457446 523839 498181 131689 99798 264578 535317 103940 196621 687719 469683 161772 434672 580006 288688 538316 185377 530873 158038 809104
 676084 649871 481645 584134 303489 648459 511491 791879 697834 335527 505204 309385 587203 321306 1039657 511468 1 338677 657138 226759 823809 774184 651844 882764 520367 770647 182364 520719 531915 428848 654963 360083 471712 188948 407881 460590 599002 471184 404635 680902 260554 313217 528231 288424 276349 418823 375323 637670 804689 1073141 839797 782489 513672 906706 879307 314013 742993 335144 860210 142747 626118 676785 503748 168155 504402 192324 131837 457405 565512 351747 547670 326924 963354 425528 609024 663234 256134 585392 581683 316010 57336 673112 107054 1004555 796499 995617 670115 768452 664769 679822
 503424 512064 147802 336529 379461 402449 202273 454528 404023 26425 244208 581430 535708 406709 701350 225040 338677 1 353894 397875 514237 517934 470618 573220 500948 437734 160720 300124 246480 374867 430161 57966 317662 449191 103280 407484 393898 324136 410099 488207 572831 196217 448323 368313 69208 253046 277203 332118 605202 736410 573868 477707 293087 568596 541940 410851 484653 107877 562401 326960 528273 568528 183986 433742 204205 382100 376768 137761 393974 310497 311385 300880 625286 100609 304649 466435 310704 325585 243045 593725 285898 375411 299403 667560 506435 657014 409986 477526 352362 614427
 313227 751535 219806 517344 728806 558495 363104 231465 54851 342390 163870 930615 827188 755561 451092 411573 657138 353894 1 751639 500496 620816 681370 542816 812140 176360 502400 529277 419644 415693 604750 377349 595870 797046 370288 718399 602935 301549 485738 682838 910780 366173 410019 718819 393176 547150 598078 22129 766015 462005 645230 490285 525430 380601 373547 760891 170136 439903 568032 677044 426243 436805 336039 780075 154376 734762 723133 339620 273037 418254 168507 431565 427371 335268 400380 662433 498444 494250 221525 942086 599848 448745 644558 401142 547069 438062 541810 125715 397620 517636
 847221 484206 540888 498677 102472 551687 493531 827206 800973 409995 626545 200872 388213 107890 1061318 472110 226759 397875 751639 1 770172 671527 510631 825412 315867 822165 261012 428956 487284 626816 541808 384427 349393 102408 413122 281627 480805 642140 615777 543202 239831 473774 724881 93044 365697 323324 255543 729934 659532 1105199 739923 725842 423648 913142 881413 97108 872666 329316 789953 94805 821556 870694 499112 106360 599951 34469 98944 462186 732805 546101 684562 522677 967579 443887 569800 530269 464501 509189 611356 215728 250574 618713 140522 1036506 722471 1006029 581598 874471 628276 885636
 810483 448138 430263 276567 688640 243165 315705 315656 540041 531528 574712 969459 589843 705047 397510 312726 823809 514237 500496 770172 1 190076 364384 59272 621888 369462 644963 344856 292987 828832 279889 472846 435491 861364 421477 559318 329389 732619 884693 341839 1002375 684561 864265 689075 582908 447197 517026 490412 350608 459201 172008 44544 349140 253834 223676 716548 659773 488668 67941 749924 907267 927078 330380 854400 503786 775666 806233 377267 746801 789440 628176 788499 282058 413886 215009 333556 817850 262260 324992 984743 780489 152914 746569 408518 82115 326238 207471 574537 162050 1001471
 913246 271512 486297 191189 577744 125726 323558 479202 668507 541194 652120 862013 421331 588471 587584 292964 774184 517934 620816 671527 190076 1 193659 213679 465352 524829 610725 253835 271737 877148 130577 464245 322168 770579 414750 420962 191638 797156 922429 164798 911009 710152 930961 581979 579528 359370 418665 605822 162913 649239 68406 163004 260729 442002 410376 600933 789449 454749 157676 673535 989788 1017548 349936 767802 578756 684570 727388 387343 831843 823021 715896 816344 472132 423094 235008 163550 827676 195041 409151 877660 740923 173365 681502 597463 107967 516298 108460 716097 223354 1083411
 938019 84736 496782 164027 410671 136951 324883 598130 734585 496851 665141 689774 228342 416422 752338 277751 651844 470618 681370 510631 364384 193659 1 400506 272575 631027 513881 171550 264866 845484 89442 412663 180796 612685 375018 239226 80661 786572 877868 33273 749259 665371 915967 417876 517190 240988 276795 662363 152974 811474 256126 325965 178224 598921 565059 429169 850290 377923 347656 531747 989347 1024794 354246 613374 596261 529428 580958 371657 841010 779110 734823 766998 638045 398126 287910 30988 759681 187324 460140 705411 629690 268678 549642 753138 287376 682586 168504 794465 315760 1079189
 854972 482267 486118 328858 741972 288890 374975 343220 579209 590259 626208 1024005 628386 757557 385662 371465 882764 573220 542816 825412 59272 213679 400506 1 664923 400260 704143 398061 351492 883333 320658 532106 486782 917684 480748 606891 374283 785228 940283 374975 1058866 741874 915963 742958 641969 502107 571210 534312 364932 448432 176445 100904 402755 255837 230602 769255 697261 547648 57718 807308 955899 973943 389459 911117 556329 831768 863536 436410 795682 845724 677299 845324 272489 472954 274173 369530 875952 316360 378569 1039365 839660 210733 804726 404627 113751 314670 253919 608326 221227 1049879
 1004324 208826 596002 360698 219258 378863 460903 796868 866870 524957 740909 453121 73899 208026 988611 416582 520367 500948 812140 315867 621888 465352 272575 664923 1 814846 453991 309176 417988 841466 344343 453688 222030 412476 445051 94589 292670 817756 852179 304028 531286 662140 929990 233409 513823 265025 223776 790494 392610 1043696 528700 579638 309469 832565 798230 218883 967760 393631 615257 378524 1018556 1062371 483160 420759 686860 345841 409768 472616 893920 763477 810216 744513 878570 479269 482027 301930 709240 382713 610389 468087 522104 495952 414560 980080 551281 922197 414616 936325 530050 1097968
 479560 710670 290348 474458 778468 496096 356286 59881 192952 436219 323189 1014668 814024 803242 283590 398460 770647 437734 176360 822165 369462 524829 631027 400260 814846 1 598124 508849 397261 587262 544782 438444 592893 884444 410748 726469 560709 474123 655917 623997 1010539 511013 586293 771419 494648 560104 623584 180204 683317 305884 532918 372160 507354 205498 202329 810943 302343 493337 436678 761493 600259 607160 338502 869958 282366 811790 813291 364865 449243 580848 342991 591000 251021 378575 345299 606392 650325 450004 213494 1027678 714915 368014 736724 239315 432769 262945 470364 208833 317288 690100
 589446 530577 307811 419609 275887 486165 330618 615074 548708 163208 367353 428375 507224 302447 861220 334576 182364 160720 502400 261012 644963 610725 513881 704143 453991 598124 1 362527 355706 390751 500216 177722 335560 294685 226036 371758 449742 386879 398190 539185 412998 219849 483757 261453 109269 272894 253722 481439 663127 897017 673849 604592 355128 725593 697707 302275 613400 158499 684552 176533 577044 624112 321694 277717 348208 238129 220738 275154 474916 311166 423725 291174 782165 243209 429970 519355 257941 417180 401936 439703 135534 496140 142183 828126 622608 815243 503694 621710 484579 650241
 770393 226102 331127 69726 343966 128313 166174 488144 583758 326180 497155 626275 305506 360216 683647 117757 520719 300124 529277 428956 344856 253835 171550 398061 309176 508849 362527 1 112785 674800 137797 242197 94088 524305 203471 228106 93808 615125 709161 188110 665642 495807 744428 344937 350342 107367 173614 508942 307261 737045 320498 300318 7455 527912 493793 371692 694873 213776 361003 421573 818148 854164 193739 519669 430299 437937 476357 203251 671148 609919 567397 598808 576615 227374 173341 166406 596660 83027 313497 641696 489248 199159 427844 672377 293519 619276 154103 648505 224552 907734
 675161 331936 233947 103790 416874 162383 60505 379591 473725 269474 403542 688136 418090 437507 587774 21768 531915 246480 419644 487284 292987 271737 264866 351492 417988 397261 355706 112785 1 608611 199523 194393 196621 573402 143677 331733 184790 535751 651539 271529 713418 438663 668435 414241 309813 175794 246271 399867 374679 638117 327693 250828 110539 434088 400840 447601 587120 197534 328921 458719 734791 767283 90058 565052 332983 488964 515153 117603 581887 551942 472261 544765 486123 151973 82594 249931 556895 85366 201383 703007 490655 141211 453735 571715 267214 526927 164526 537101 141148 826758
 268169 884387 399882 706494 663822 770193 553718 635632 425574 348670 268391 737666 889119 689429 866696 588772 428848 374867 415693 626816 828832 877148 845484 883333 841466 587262 390751 674800 608611 1 801968 432827 687050 616066 473448 754485 768473 114310 71427 862738 676859 182791 99432 648795 335231 620944 627434 407760 978001 876441 925656 801812 667825 783013 768932 687599 404753 473272 888594 532097 197324 247937 527299 595303 330190 596014 549888 491104 180999 80907 247875 104200 834420 457167 646541 840891 174335 692554 504856 743440 383950 716284 486572 816733 844095 850044 772395 474055 679009 260270
 873553 173854 433075 96413 447281 48693 259661 510154 656942 455463 602788 731465 310006 457899 663695 216580 654963 430161 604750 541808 279889 130577 89442 320658 344343 544782 500216 137797 199523 801968 1 373047 192997 641519 328759 292218 61146 733998 840232 79494 781519 626308 865936 451732 484819 236355 290894 586635 176297 722517 198819 239632 145232 509842 475901 470357 774632 350625 271296 547735 934036 966802 289100 639382 531611 555803 600631 314800 781393 740571 671059 730869 549761 345946 205748 61879 732508 114783 383376 747115 625657 179807 558597 663829 206958 594250 79083 714246 228081 1025681
 553288 455023 159145 280248 351804 346682 157232 447627 430010 84209 287231 576449 484373 378389 689705 172655 360083 57966 377349 384427 472846 464245 412663 532106 453688 438444 177722 242197 194393 432827 373047 1 262210 447392 51819 359381 335987 379750 467543 430296 578038 253819 505469 342322 115482 198842 230652 355229 547686 728828 521930 434320 235143 550132 521442 384053 519876 63085 517298 324517 583978 623258 144808 433905 236775 373348 378018 97783 446005 368059 356623 357839 606499 65938 259427 408545 363459 270473 231250 589642 311673 328800 304154 659797 458870 640841 355910 502853 311036 671026
 812572 198478 385021 159069 257711 203621 239294 576172 650720 343892 541643 542123 231593 271377 777086 194553 471712 317662 595870 349393 435491 322168 180796 486782 222030 592893 335560 94088 196621 687050 192997 262210 1 448594 239171 135590 132564 641654 712679 209201 588850 504434 765248 260742 352464 66243 98915 574627 333190 829898 390552 391100 92181 621526 587478 283350 756288 213867 446094 356589 845860 885465 262628 446399 480779 362810 408483 257405 707379 615862 612200 601443 670574 270691 265811 191729 586733 176072 389094 557703 448906 292716 370980 764711 378501 713115 235525 718603 318392 931919
 855740 586401 596557 593769 204583 649193 572781 894967 843271 456123 658896 133823 485814 206829 1134888 556622 188948 449191 797046 102408 861364 770579 612685 917684 412476 884444 294685 524305 573402 616066 641519 447392 448594 1 483377 383719 580737 649440 593582 645144 141388 484398 715489 195442 403952 417340 352428 776013 761898 1175750 838894 817364 518593 990369 959660 194916 903601 399511 884503 122980 813355 863784 574681 20815 642891 86374 74298 534052 742969 537571 710396 512969 1045760 510963 655874 631870 444632 602647 678453 145049 232862 708860 152737 1106752 817332 1082652 678008 916139 714399 868680
 574061 424020 151429 234088 368869 299513 105774 414113 424483 127423 302489 609482 468254 394338 651515 122073 407881 103280 370288 413122 421477 414750 375018 480748 445051 410748 226036 203471 143677 473448 328759 51819 239171 483377 1 350585 296262 411797 512001 390184 617370 298161 541017 361163 166451 181517 227797 348299 504595 693173 471361 382667 196888 508304 478565 401394 522714 84199 465491 361493 615196 652166 95966 471199 242822 405573 416476 51071 470897 412264 373071 403582 564257 35072 207689 368235 413245 222428 198409 623205 361062 276982 345400 624286 407123 600013 306724 495769 259890 704363
 910889 202722 501677 287440 179176 318043 370809 711289 773065 431851 646547 451258 135500 180064 911733 328212 460590 407484 718399 281627 559318 420962 239226 606891 94589 726469 371758 228106 331733 754485 292218 359381 135590 383719 350585 1 233761 726386 768782 272498 515480 573605 841061 189444 423512 171368 130492 696681 381556 965063 487885 515649 227063 755937 721776 192763 873294 299855 561272 324002 928224 971319 391801 387565 592274 305727 364705 379165 801058 677691 715989 659686 804138 384905 401049 263824 629356 307247 519434 466856 454153 423409 353550 900114 494870 847053 353024 842892 452491 1009123
 857359 150678 416134 87060 386145 86233 244520 531578 656517 419915 584502 670376 266877 396937 701981 197164 599002 393898 602935 480805 329389 191638 80661 374283 292670 560709 449742 93808 184790 768473 61146 335987 132564 580737 296262 233761 1 707164 802922 94310 720564 589613 837205 390597 443649 180461 231083 583611 214752 759160 259937 286968 100950 546528 512233 409366 771309 305930 327572 488528 909541 944599 273803 578862 515617 495164 540892 291161 760584 703713 654163 692493 589789 318252 215450 72612 689023 111359 382312 686023 571891 209351 500892 698068 261498 633925 121970 717695 251093 999747
 206370 834211 311489 637593 661823 698020 477504 523730 311795 298120 160700 778258 857659 688719 752630 517571 471184 324136 301549 642140 732619 797156 786572 785228 817756 474123 386879 615125 535751 114310 733998 379750 641654 649440 411797 726386 707164 1 185123 800364 729660 168388 133878 647753 304438 577176 596177 294183 910043 762138 841012 708648 608631 671947 659163 689002 301086 430662 794732 549960 204233 245057 449234 629253 228925 614661 578187 419202 94361 138740 133565 160404 722522 389169 562927 778365 240061 621055 407717 786009 418763 630409 506507 702485 754628 737057 695986 362902 589297 292618
 328241 911102 454432 746085 663135 811263 599251 703075 496781 384813 334679 708937 904227 687562 936414 630957 404635 410099 485738 615777 884693 922429 877868 940283 852179 655917 398190 709161 651539 71427 840232 467543 712679 593582 512001 768782 802922 185123 1 897138 640900 213930 142805 647742 361197 646480 645338 477088 1015225 947058 973676 855794 701976 849560 834431 684432 474922 500979 942714 521284 234409 284955 574234 572787 392486 583387 531916 535087 250110 99743 318541 111252 901655 499601 695498 875534 151294 733836 563008 713383 366546 766122 475564 886879 895532 918347 816047 545436 731442 275756
 946635 107308 505255 168099 443535 128021 332024 588505 735370 514214 674543 722992 256668 449547 733702 286387 680902 488207 682838 543202 341839 164798 33273 374975 304028 623997 539185 188110 271529 862738 79494 430296 209201 645144 390184 272498 94310 800364 897138 1 782054 683900 930883 450555 537492 266775 306591 664414 124333 793568 225174 305235 195222 581628 548097 462290 852482 399144 320887 562665 1002184 1036495 361572 645574 604464 561583 612425 382737 851857 797977 743629 786626 618838 411205 284918 22000 781974 189599 461319 738631 657354 257708 579534 736631 262899 663413 155265 793336 306960 1092831
 932845 717605 720504 735136 338639 790206 710311 1024759 953879 576118 763394 101509 605155 335484 1267672 696182 260554 572831 910780 239831 1002375 911009 749259 1058866 531286 1010539 412998 665642 713418 676859 781519 578038 588850 141388 617370 515480 720564 729660 640900 782054 1 573769 774835 331633 520041 558722 493435 890532 896458 1306491 979377 958452 659957 1125617 1095525 322842 1003177 534468 1025889 256698 871808 922806 710548 148377 756643 227718 200966 668386 823990 604120 807921 579297 1181420 643005 795720 769631 502743 744014 809024 94930 316603 849738 274336 1237463 958718 1217372 819259 1025488 854168 914954
 373820 702079 259460 532215 495661 597579 388124 547359 398520 170888 203701 615173 707653 522288 793765 417827 313217 196217 366173 473774 684561 710152 665371 741874 662140 511013 219849 495807 438663 182791 626308 253819 504434 484398 298161 573605 589613 168388 213930 683900 573769 1 267866 481292 152449 438277 445526 349906 801413 815861 763105 652623 488679 684751 664429 522064 431003 290829 739253 381888 358464 404720 364471 464566 228669 446528 412043 323273 259771 114281 235947 106286 739950 287082 486830 662211 141271 520262 373022 623758 257881 557978 338889 750219 688599 763554 603156 465220 526840 435830
 189924 960373 445357 769608 758661 830806 610666 639742 406868 421918 289756 836893 974585 784645 856266 649876 528231 448323 410019 724881 864265 930961 915967 915963 929990 586293 483757 744428 668435 99432 865936 505469 765248 715489 541017 841061 837205 133878 142805 930883 774835 267866 1 743824 418010 699774 712259 407288 1042161 858886 974842 841316 737752 789076 779082 783294 358685 551929 927095 630297 97897 148609 582613 694729 360720 694446 649098 551392 140334 179025 245664 203080 837172 520249 696801 908898 273144 753612 539875 842532 483272 764232 584914 803642 888021 847767 829426 442073 722793 168063
 848321 391638 501461 414425 15599 464220 428658 770754 770583 385440 608863 281716 303133 40997 997486 401279 288424 368313 718819 93044 689075 581979 417876 742958 233409 771419 261453 344937 414241 648795 451732 342322 260742 195442 361163 189444 390597 647753 647742 450555 331633 481292 743824 1 351939 242752 172104 696754 566495 1044226 650369 644557 340214 846264 813643 42642 852457 281401 705126 145792 838036 885425 438462 198247 572331 116498 177767 406762 734062 568168 671995 546450 899446 394603 495779 438000 498710 426881 558147 297236 296456 539549 184853 976157 637487 939327 495320 843849 553652 909040
 498564 550540 205306 393936 364900 460814 269421 515739 439504 59507 260903 537637 556598 392273 763985 288095 276349 69208 393176 365697 582908 579528 517190 641969 513823 494648 109269 350342 309813 335231 484819 115482 352464 403952 166451 423512 443649 304438 361197 537492 520041 152449 418010 351939 1 286236 294269 372282 657561 796810 637408 545892 343018 634468 608564 394335 506976 139783 630097 285094 504833 548612 252529 386899 238943 345205 329967 205810 385193 263516 320927 250051 691152 169023 372043 516126 248546 385290 308398 548965 221591 442357 251385 728262 573040 721801 471124 512579 420916 585998
 751443 264628 331445 176487 243705 234724 204058 549439 601861 279093 482313 522268 287187 262888 763528 166654 418823 253046 547150 323324 447197 359370 240988 502107 265025 560104 272894 107367 175794 620944 236355 198842 66243 417340 181517 171368 180461 577176 646480 266775 558722 438277 699774 242752 286236 1 71284 525481 391021 813403 426748 402773 101375 609827 576481 273463 703491 147971 467259 314527 781267 821479 222500 412401 424327 331016 369082 207798 644829 549620 552598 535238 661521 215012 255072 247489 521493 185881 350128 537547 391637 296852 322622 746588 400008 702600 261469 671536 312142 866719
 780619 279433 378958 243325 172539 296782 269749 615864 652269 301407 517748 452813 262330 191646 833547 235787 375323 277203 598078 255543 517026 418665 276795 571210 223776 623584 253722 173614 246271 627434 290894 230652 98915 352428 227797 130492 231083 596177 645338 306591 493435 445526 712259 172104 294269 71284 1 576096 429761 882716 486847 472522 168556 680319 647111 202180 748412 169894 534566 257675 798456 841185 285112 349158 465948 266180 309824 263309 670586 552010 586745 535091 732334 262812 326223 289944 510828 254931 411356 468198 356216 367564 272953 815545 467028 773191 326122 723507 383411 880264
 320660 731802 197707 498358 706715 540736 342813 232455 76385 320948 149678 909512 806039 733460 459417 391328 637670 332118 22129 729934 490412 605822 662363 534312 790494 180204 481439 508942 399867 407760 586635 355229 574627 776013 348299 696681 583611 294183 477088 664414 890532 349906 407288 696754 372282 525481 576096 1 749313 472990 631963 478506 504990 381805 372792 738810 188070 417775 557626 655774 428599 441661 315459 759151 133890 713252 702174 318085 272620 406437 162866 418811 430252 313295 382991 643863 483963 475458 203269 921061 580427 433181 623619 410723 534473 443097 524859 147830 382470 520980
 1045291 184491 606810 272554 558215 213780 434155 639927 816173 630775 776385 831966 330724 561463 746947 392474 804689 605202 766015 659532 350608 162913 152974 364932 392610 683317 663127 307261 374679 978001 176297 547686 333190 761898 504595 381556 214752 910043 1015225 124333 896458 801413 1042161 566495 657561 391021 429761 749313 1 809111 189562 325875 314620 603972 572770 574194 936022 520567 307217 684283 1109447 1141414 463320 763543 704382 679842 732820 490871 955678 915689 843748 905353 631818 522242 366967 143776 903667 289333 547283 847489 781657 319702 702611 759069 269220 675554 224615 868260 371752 1201415
 715180 896188 591504 683307 1049025 677626 615651 281977 453001 737644 622090 1302645 1025951 1071637 62869 646993 1073141 736410 462005 1105199 459201 649239 811474 448432 1043696 305884 897017 737045 638117 876441 722517 728828 829898 1175750 693173 965063 759160 762138 947058 793568 1306491 815861 858886 1044226 796810 813403 882716 472990 809111 1 623868 489915 738011 212818 247005 1080824 517779 777370 504985 1053119 851259 845071 606683 1162665 587573 1098733 1106840 643266 718556 879427 628580 891490 177295 664788 564090 781829 954031 660991 497590 1316374 1018131 550016 1032194 69034 541278 133856 643717 421513 513676 931695
 945789 329168 529575 255710 646077 192207 374982 482478 690030 596166 691297 930279 481043 656618 561266 349359 839797 573868 645230 739923 172008 68406 256126 176445 528700 532918 673849 320498 327693 925656 198819 521930 390552 838894 471361 487885 259937 841012 973676 225174 979377 763105 974842 650369 637408 426748 486847 631963 189562 623868 1 160759 327228 424190 395091 669104 811132 516665 119055 741160 1029255 1054601 399442 836004 617946 752846 795229 439937 869869 874802 752402 869381 447027 476572 279162 227198 884497 256693 442848 945930 805290 210614 748337 577191 100267 490015 170244 732162 254697 1123353
 796504 410339 402019 232116 644099 200798 277145 322179 532907 496012 552811 925017 549486 660515 429251 271029 782489 477707 490285 725842 44544 163004 325965 100904 579638 372160 604592 300318 250828 801812 239632 434320 391100 817364 382667 515649 286968 708648 855794 305235 958452 652623 841316 644557 545892 402773 472522 478506 325875 489915 160759 1 304597 280138 247901 672010 653681 447509 86920 706490 888221 910120 293790 810575 480687 731579 762745 340103 727799 759416 609247 757434 314017 377109 175097 295427 783885 217723 301629 940312 740028 109857 703842 435842 60767 358563 165045 572474 126111 982543
 764746 231347 325949 75181 339510 135109 162427 487483 579980 319178 491516 621351 307564 356144 684961 114223 513672 293087 525430 423648 349140 260729 178224 402755 309469 507354 355128 7455 110539 667825 145232 235143 92181 518593 196888 227063 100950 608631 701976 195222 659957 488679 737752 340214 343018 101375 168556 504990 314620 738011 327228 304597 1 529357 495300 367523 690613 206344 366339 415234 811769 847958 189595 513775 424998 432240 470139 197766 665133 602766 561824 591582 578438 221257 173997 173562 589253 86938 310497 636747 482001 202353 421120 673094 298937 620939 160263 645095 226229 901225
 684213 683600 434810 471874 849843 464811 419618 149374 397714 575232 514957 1113023 813383 871198 156050 445296 906706 568596 380601 913142 253834 442002 598921 255837 832565 205498 725593 527912 434088 783013 509842 550132 621526 990369 508304 755937 546528 671947 849560 581628 1125617 684751 789076 846264 634468 609827 680319 381805 603972 212818 424190 280138 529357 1 34356 881020 500887 591287 308146 869369 805706 812396 415696 978945 461345 909909 924671 457256 653546 767773 543991 774848 56695 484276 356472 569440 826021 450054 326071 1127314 854493 337630 853363 155710 334754 93066 430969 402401 303459 895568
 681636 649706 411348 437536 817030 430688 387955 143201 395175 549590 500541 1081547 779076 838183 190382 412460 879307 541940 373547 881413 223676 410376 565059 230602 798230 202329 697707 493793 400840 768932 475901 521442 587478 959660 478565 721776 512233 659163 834431 548097 1095525 664429 779082 813643 608564 576481 647111 372792 572770 247005 395091 247901 495300 34356 1 848096 502930 561059 280724 839058 799760 808576 385091 948519 443855 878709 894560 427496 645388 750539 533459 756688 86189 455509 322682 535683 805613 415754 300617 1095917 827686 303286 823913 188629 303679 126131 396968 406134 269285 890698
 890162 394785 543129 440433 32525 486561 465248 808954 812805 428074 651500 261526 291575 12756 1033180 435728 314013 410851 760891 97108 716548 600933 429169 769255 218883 810943 302275 371692 447601 687599 470357 384053 283350 194916 401394 192763 409366 689002 684432 462290 322842 522064 783294 42642 394335 273463 202180 738810 574194 1080824 669104 672010 367523 881020 848096 1 895075 322675 729433 172207 877998 925690 476323 202076 614803 128418 193475 446085 775825 606812 714552 584717 933626 435176 528243 451418 534512 454461 597499 277194 327855 568848 214900 1013012 661825 974027 518869 886024 585576 947858
 197460 918899 372072 686321 863939 728548 529182 362191 121153 467084 246170 1036953 987816 891244 527050 577699 742993 484653 170136 872666 659773 789449 850290 697261 967760 302343 613400 694873 587120 404753 774632 519876 756288 903601 522714 873294 771309 301086 474922 852482 1003177 431003 358685 852457 506976 703491 748412 188070 936022 517779 811132 653681 690613 500887 502930 895075 1 582823 727709 789664 335283 327330 501141 884937 283105 851426 829447 498916 225301 439215 195335 459490 537214 488577 570504 831930 537399 663496 391260 1046881 686578 618134 751878 471481 711931 535494 711915 100213 566698 413922
 611078 411253 220840 264518 290276 331666 178592 498141 492808 132998 348315 525284 427918 316571 735499 176672 335144 107877 439903 329316 488668 454749 377923 547648 393631 493337 158499 213776 197534 473272 350625 63085 213867 399511 84199 299855 305930 430662 500979 399144 534468 290829 551929 281401 139783 147971 169894 417775 520567 777370 516665 447509 206344 591287 561059 322675 582823 1 526450 278082 634397 675507 176169 387690 299724 321376 333505 134558 501850 403124 416981 389816 646982 114763 273925 378042 383105 260116 282052 539012 293133 338442 264405 708484 464153 683326 346917 565511 330142 719085
 877330 428136 488869 291279 703212 244129 360721 382044 607926 581347 638082 986799 575977 717469 442323 349978 860210 562401 568032 789953 67941 157676 347656 57718 615257 436678 684552 361003 328921 888594 271296 517298 446094 884503 465491 561272 327572 794732 942714 320887 1025889 739253 927095 705126 630097 467259 534566 557626 307217 504985 119055 86920 366339 308146 280724 729433 727709 526450 1 777409 972273 992978 378894 878992 566376 798229 833242 424641 811778 846302 693135 844205 328396 461831 258096 316802 869804 282030 387220 1002279 819576 188810 777729 459460 67649 371134 210674 642314 212439 1066553
 755706 519916 473980 489636 160772 549244 453659 772138 724371 335040 543757 254479 446654 178905 1012782 440820 142747 326960 677044 94805 749924 673535 531747 807308 378524 761493 176533 421573 458719 532097 547735 324517 356589 122980 361493 324002 488528 549960 521284 562665 256698 381888 630297 145792 285094 314527 257675 655774 684283 1053119 741160 706490 415234 869369 839058 172207 789664 278082 777409 1 727125 776417 453991 109717 523384 64747 56441 412376 641541 451432 598776 427936 925030 388401 540581 546896 370066 495806 555678 266815 157570 597011 45756 984104 711053 961368 575457 797565 598838 790831
 140420 1038258 504443 837704 852702 896286 675415 657252 410365 502175 338036 934696 1060480 878958 855826 717503 626118 528273 426243 821556 907267 989788 989347 955899 1018556 600259 577044 818148 734791 197324 934036 583978 845860 813355 615196 928224 909541 204233 234409 1002184 871808 358464 97897 838036 504833 781267 798456 428599 1109447 851259 1029255 888221 811769 805706 799760 877998 335283 634397 972273 727125 1 50999 646465 792599 411456 791434 746751 619738 160497 276443 279144 300712 849931 591295 754791 980198 370836 820118 587746 940252 581039 819422 681877 801277 938426 855491 891840 429770 774869 94325
 130435 1076055 534783 870730 899972 927778 707358 665437 414775 542716 365910 985501 1102711 926391 853370 750713 676785 568528 436805 870694 927078 1017548 1024794 973943 1062371 607160 624112 854164 767283 247937 966802 623258 885465 863784 652166 971319 944599 245057 284955 1036495 922806 404720 148609 885425 548612 821479 841185 441661 1141414 845071 1054601 910120 847958 812396 808576 925690 327330 675507 992978 776417 50999 1 678108 843043 439010 840840 796831 653771 185992 326491 302204 350915 854374 626822 782933 1014553 421707 852375 611854 991118 631302 845855 731296 798119 961954 857290 921748 425443 799905 86711
 585104 418452 144000 193798 444124 249846 29554 332671 390702 202460 313694 698042 492509 467849 562219 77024 503748 183986 336039 499112 330380 349936 354246 389459 483160 338502 321694 193739 90058 527299 289100 144808 262628 574681 95966 391801 273803 449234 574234 361572 710548 364471 582613 438462 252529 222500 285112 315459 463320 606683 399442 293790 189595 415696 385091 476323 501141 176169 378894 453991 646465 678108 1 563429 242927 494524 509605 47259 492467 475436 382233 470597 471126 83507 122583 339945 491343 174400 127720 712162 456320 193837 440127 538267 324892 508108 246817 456926 168405 738938
