NAME : domp80p20v2
COMMENT : Cherkesly, Contardo & Gruson 2022
TYPE : DOMP
DIMENSION : 80
DISPLAY_DATA_TYPE : NO_DISPLAY
OPEN_FACILITIES : 20
COST_SECTION
 1 608295 190893 482610 250226 695364 722926 564169 454120 571804 346332 536021 443315 317607 480000 588850 349245 42800 320463 423365 538412 259224 650618 899738 390118 554164 354495 218492 256878 277795 382078 739364 632745 335696 763120 384260 109176 90236 467863 68830 892199 389028 354162 504945 874932 744313 460657 159995 282453 488053 146314 477375 229134 822243 220186 281529 507319 408658 311259 809571 810195 718887 538894 608179 275846 307075 364686 261293 392250 790933 403473 232864 497827 166848 271842 404909 270398 439567 65891 385951
 608295 1 418770 489831 505408 202284 318364 90447 369369 609160 370180 77333 580536 291231 283116 571773 345687 644843 846775 727116 673459 463730 685501 317545 347264 211826 800409 443436 355962 383322 752809 424413 320098 912702 154832 442048 717368 698373 207187 677116 291742 852759 523114 274636 296296 148516 149046 756869 764538 662663 724331 580490 619078 219383 822220 548055 178811 687468 429157 299660 296043 354260 605269 261267 796979 551441 463090 415098 216945 598311 956680 823057 240645 771193 340877 649077 352419 538279 644251 301917
 190893 418770 1 376352 189785 508817 569131 373460 308094 492451 197521 345516 420092 131297 310041 492697 189035 229934 453845 474625 492489 203032 579892 717566 235264 391647 441291 140418 66709 122567 461124 580544 465110 501988 573427 306587 299973 280320 282549 259549 705687 488671 322645 333551 693262 557924 270364 346245 410028 451801 321128 446077 260949 634838 409435 244132 320663 409867 229938 639725 639564 549644 503234 432355 424495 264953 299684 164526 204949 663690 555946 416749 341466 356784 96860 424413 86330 360496 235878 213965
 482610 489831 376352 1 232915 413768 778972 400044 122084 129491 190328 425610 788158 392624 206731 116811 211459 523168 515736 850288 184161 575066 216964 793233 174361 613065 419999 513978 345403 257038 831806 310343 258871 621707 598865 658533 560177 538953 289274 528746 748579 468463 692742 217109 775624 628077 396148 628991 758879 182317 627123 810153 306686 679894 673548 216310 311271 246794 590083 788180 784942 328399 862822 282455 758049 195366 659178 528452 406091 310386 625615 700425 591621 623006 416842 800396 315163 73587 547980 226637
 250226 505408 189785 232915 1 522410 724003 432640 227353 325525 145156 428324 606159 276170 282367 339082 164398 290350 349544 639587 308461 389201 408447 822204 184522 544627 295176 326721 198959 126494 612610 510103 418383 434697 649619 496364 329221 307684 311395 296406 795537 347402 508420 306878 800036 653805 365363 396948 529516 264460 394218 633693 115762 722969 444305 55195 350801 222029 419593 772590 771172 503125 691809 409692 526038 75234 489121 354149 329774 542646 462647 469022 503562 392584 269996 599990 180009 191400 315911 210746
 695364 202284 508817 413768 522410 1 509151 160158 317113 507283 377883 213583 763606 406719 241585 459587 362665 736551 870610 896504 591001 614719 567576 409378 338156 413206 799575 579074 442350 426266 912152 239431 169873 956131 213981 620410 801949 780883 227519 762000 352146 851750 694820 218641 397741 269382 271879 854000 900938 595980 829906 767948 636571 292481 915549 548874 188263 650509 591604 457478 452219 165993 798248 131369 924841 542814 637762 561280 346309 424212 984113 925289 435701 862126 460081 822273 425225 480009 744651 318150
 722926 318364 569131 778972 724003 509151 1 401951 657292 905503 620150 360238 469618 450083 578195 874257 593582 746321 1021843 642564 956222 485951 987370 286912 613658 179605 1006978 507343 530174 599349 695076 741335 638233 1057730 336617 387309 820468 807160 491092 784966 334035 1056002 468251 576520 265372 265726 383745 834248 763186 935565 790720 449819 822380 309896 899030 776312 477121 936213 431873 134186 139349 669846 441146 579122 810574 787822 415018 464957 395786 916667 1119801 884084 228028 857516 472292 563314 544539 813513 731196 560804
 564169 90447 373460 400044 432640 160158 401951 1 280370 518729 291839 55350 603935 257463 193564 481452 269131 603329 779501 736758 583943 457396 595199 399518 264260 271138 725621 425676 307310 316487 753993 351613 238909 852493 217157 460432 672991 652882 123829 632569 364996 778233 534733 184253 379873 230967 114548 718890 749200 574538 690548 609153 547980 292828 782719 471402 90434 603830 432143 390104 386487 285865 641484 179419 776346 472479 477609 404741 190627 517676 891157 788064 283364 730224 310701 662189 297044 450379 607159 223442
 454120 369369 308094 122084 227353 317113 657292 280370 1 248641 111522 303717 697745 291048 87202 223012 120307 496780 562889 778309 304294 492449 333038 677229 73952 493284 484283 434966 261136 186716 768836 286121 191665 657461 485724 561566 547550 525687 167192 511215 636008 536043 605582 102757 658709 510297 275382 611158 713367 294567 600122 716555 332716 565861 664120 240057 190562 334985 498892 666767 663634 275824 765897 191572 721074 229824 565674 441662 292266 356735 676210 684361 474933 611061 324690 721025 231041 171107 515709 116214
 571804 609160 492451 129491 325525 507283 905503 518729 248641 1 316778 548947 909791 520371 328626 53723 339333 609360 533784 961532 98434 694400 88684 903211 303742 741631 423256 632317 468620 378249 937550 347070 339657 647744 706268 783537 634417 614485 414503 608035 853846 463696 813314 334572 887135 741840 523999 705297 853577 134190 710687 933176 364656 787731 741652 290671 432623 237046 713116 908749 905196 388582 987156 378516 846506 265380 782784 650119 535581 270650 634513 773468 721030 694651 541684 916265 438963 134523 637635 356128
 346332 370180 197521 190328 145156 377883 620150 291839 111522 316778 1 294712 598989 203847 140530 306361 26581 389129 494640 670394 343634 388319 405385 687623 44174 445322 434085 328790 156587 75348 658643 393399 287678 578286 508840 468213 443935 422116 168595 406250 656661 486737 504453 165688 666465 518384 241550 505070 601900 317004 491532 620276 260564 584310 560505 179622 206927 320808 400415 651779 649652 373889 672554 270149 610270 181310 469178 339853 228915 466172 607798 578315 415349 506997 226634 615871 126064 199545 406415 68540
 536021 77333 345516 425610 428324 213583 360238 55350 303717 548947 294712 1 550035 221453 220322 515197 269738 573614 769514 685786 607608 410446 628730 394068 274378 218787 723421 383003 281377 305990 705373 404690 289064 836319 229001 407058 645196 625777 137202 604820 368972 775718 482911 216628 372311 225487 75514 687258 706462 593737 656504 554578 541798 296531 752068 471609 117155 613762 382158 363694 360816 340235 586309 229933 735924 475669 425010 358979 149397 566652 879570 754835 228264 700385 273225 610290 276216 469373 574813 226951
 443315 580536 420092 788158 606159 763606 469618 603935 697745 909791 598989 550035 1 409086 663676 904839 581175 440001 758532 173150 912358 217274 997983 740886 625250 391356 796887 279997 442796 531862 231341 924798 801321 745872 701595 144542 495464 493177 593440 475741 769477 832331 97742 679765 716400 646459 499311 473305 331077 870426 425913 36158 647193 719612 525638 658035 613512 817720 198968 599039 603067 872402 96392 750205 385231 680947 133300 259819 435645 1048622 825149 495418 344195 502830 373479 96306 473153 779734 409810 583432
 317607 291231 131297 392624 276170 406719 450083 257463 291048 520371 203847 221453 409086 1 255834 506882 181195 353631 580898 508446 544270 217800 608858 586270 221088 270526 557446 173599 80267 157086 513380 523618 401080 633053 446006 270647 426472 407824 195763 386345 575227 607124 320608 273736 561971 427350 146211 466083 494227 512709 435078 426230 372449 504842 531187 330085 225936 494653 211984 511532 511056 479147 474855 356251 519369 344533 276060 163418 74643 639547 685327 533383 227397 479979 53490 442626 96442 401390 353537 175274
 480000 283116 310041 206731 282367 241585 578195 193564 87202 328626 140530 220322 663676 255834 1 296124 131349 522627 629262 761325 390417 470759 409190 590063 98047 420591 558945 418984 250838 202216 760015 272419 155102 717030 399196 522353 581230 559536 88333 542670 549482 611325 576433 25268 571508 423119 202856 639872 719844 381767 622716 678806 395468 479029 697384 307302 104607 418871 467753 581626 578324 240230 723913 129856 734009 301844 530378 417203 236551 386595 742809 712861 409017 643706 299700 697850 224529 258187 536751 96173
 588850 571773 492697 116811 339082 459587 874257 481452 223012 53723 306361 515197 904839 506882 296124 1 326334 628007 575659 965984 151767 691868 113762 859637 286318 714766 467863 630716 462046 373843 945888 293369 290613 688090 662138 774383 658498 637942 383893 629842 808480 510283 809528 298783 844295 700512 496361 728743 868463 183327 730896 926583 392966 743524 768593 311543 398099 281853 706597 871286 867499 335993 978837 332744 864646 287316 775521 645191 514863 226163 679020 798488 697900 720020 532991 916956 431735 150567 654686 336443
 349245 345687 189035 211459 164398 362665 593582 269131 120307 339333 26581 269738 581175 181195 131349 326334 1 391968 513541 658029 369173 373038 427732 663229 46505 418906 456532 314883 141161 71873 648921 394066 283633 594142 486287 448272 449882 428188 147029 411377 633419 509127 487629 156543 641852 494084 215230 508926 597386 343299 492994 601513 280153 560963 566070 202700 186447 346981 382257 625626 623546 369698 652835 260876 608115 205932 450333 323170 202867 477040 626307 582016 389499 512402 207802 601380 110875 224960 407274 46358
 42800 644843 229934 523168 290350 736551 746321 603329 496780 609360 389129 573614 440001 353631 522627 628007 391968 1 318537 403600 572199 271648 686718 931904 432917 581094 366327 239056 296445 320450 356912 782121 675505 318785 799635 394804 75057 61044 509146 39285 926469 396245 355693 547540 906923 778717 498121 117758 248379 521083 104282 475042 258978 857101 179541 318691 548366 437312 325602 837394 838274 761635 536306 650629 237148 344045 373188 281687 428129 832138 391791 190326 523671 126927 305821 392940 311342 478144 33947 428371
 320463 846775 453845 515736 349544 870610 1021843 779501 562889 533784 494640 769514 758532 580898 629262 575659 513541 318537 1 707118 453299 578905 579796 1159590 532585 845352 117243 532915 502430 464006 649336 824944 752628 116393 995353 704116 270880 267999 660148 283472 1138485 105429 673059 652989 1136305 993669 700639 320669 517482 403780 358594 793563 234214 1066023 310493 323243 699942 297601 629555 1092378 1091948 833127 854842 752906 479798 333668 685067 574671 649525 801810 113571 354308 793816 292965 550475 707620 498011 444450 349225 559873
 423365 727116 474625 850288 639587 896504 642564 736758 778309 961532 670394 685786 173150 508446 761325 965984 658029 403600 707118 1 946425 290877 1046885 910790 704375 553159 769028 343869 517419 596612 72812 1031746 909496 669077 858585 287108 436472 441868 703445 430522 936202 795414 204005 780922 886024 807729 625243 392163 207173 899197 349644 197614 650059 883110 428528 684731 730121 829026 305088 771164 775043 987037 232337 863901 260313 709770 264289 345061 553572 1135018 752766 389989 500995 422114 461670 81024 547301 827309 369705 671463
 538412 673459 492489 184161 308461 591001 956222 583943 304294 98434 343634 607608 912358 544270 390417 151767 369173 572199 453299 946425 1 695091 126961 977112 342989 785694 338774 632364 481733 391174 915511 444322 427229 569125 782108 795084 586550 568116 470529 564910 931416 374983 814723 401264 959677 812232 572501 657658 820236 52919 669040 938544 315599 863315 687081 261763 494688 157492 720795 970997 967901 482476 995248 460136 807226 236656 790898 655909 571823 363701 548465 722151 758599 643536 556520 908439 454274 144236 602987 396247
 259224 463730 203032 575066 389201 614719 485951 457396 492449 694400 388319 410446 217274 217800 470759 691868 373038 271648 578905 290877 695091 1 782244 704743 418691 337176 599359 62728 232052 318028 297759 740870 618695 590384 609446 125213 342143 332158 413315 310896 713304 639712 119656 490102 679234 571109 343249 348801 303006 653276 304791 244587 437470 650324 413175 441625 441545 603290 54869 590475 592393 696868 303476 573865 340868 464172 107861 54493 268472 848119 661715 398726 277696 373089 171092 228660 262557 563288 250735 382402
 650618 685501 579892 216964 408447 567576 987370 595199 333038 88684 405385 628730 997983 608858 409190 113762 427732 686718 579796 1046885 126961 782244 1 971007 391274 826199 464544 720009 557201 466709 1021039 379508 397720 695801 773302 872192 706606 687428 496537 682619 918392 498547 901338 412459 956164 813260 607989 777768 933038 178782 786244 1021599 435001 854530 810102 369297 511689 284429 801590 984966 981153 432623 1075740 443438 923413 343690 871313 738421 622580 258273 672914 843964 807313 765130 630352 1003076 527598 219960 716137 443183
 899738 317545 717566 793233 822204 409378 286912 399518 677229 903211 687623 394068 740886 586270 590063 859637 663229 931904 1159590 910790 977112 704743 971007 1 663187 369116 1117370 705619 660225 698566 955715 642055 576555 1218841 197750 634331 1006615 989501 522464 967453 71538 1169589 720330 576517 25514 169277 459209 1035978 1003136 971696 997739 725775 934937 117024 1102229 865555 489700 1003222 656526 154449 148607 569833 723956 527596 1044782 868921 661256 668107 513343 828660 1267691 1095840 428014 1054482 628148 829942 661807 848236 925118 619245
 390118 347264 235264 174361 184522 338156 613658 264260 73952 303742 44174 274378 625250 221088 98047 286318 46505 432917 532585 704375 342989 418691 391274 663187 1 442898 466611 361021 187196 115761 695412 350254 243510 619074 479609 490590 488103 466286 140728 450373 628788 519229 532431 122897 642856 494058 230401 549068 642737 322668 535017 644804 298449 556881 604666 212675 175774 340251 426289 636369 633849 329725 695156 226928 652409 210245 493710 368237 232102 430649 646037 622301 418352 551147 251822 647204 157092 199858 449689 53376
 554164 211826 391647 613065 544627 413206 179605 271138 493284 741631 445322 218787 391356 270526 420591 714766 418906 581094 845352 553159 785694 337176 826199 369116 442898 1 827701 345341 350683 420492 591828 622737 507812 886272 311294 268902 656044 641120 332284 618815 385184 876980 355236 423528 343631 255254 218414 677240 634021 762140 636385 384631 642920 329955 743171 597235 327379 758287 287670 256600 257796 556439 401152 448719 676028 609299 294897 305069 217934 784774 945485 733084 59494 698216 294888 472342 364997 641881 569528 389544
 354495 800409 441291 419999 295176 799575 1006978 725621 484283 423256 434085 723421 796887 557446 558945 467863 456532 366327 117243 769028 338774 599359 464544 1117370 466611 827701 1 545606 477180 420131 717858 730217 668451 233469 942759 722719 339145 329457 602679 338756 1089810 52664 705188 581054 1095208 948870 660073 400900 593770 290843 431012 830326 185433 1017297 405141 254572 640690 186304 645132 1064523 1063407 745208 891789 675829 562941 257140 707219 584452 619282 693257 211297 447294 780941 376912 536788 758218 465858 346749 399929 502231
 218492 443436 140418 513978 326721 579074 507343 425676 434966 632317 328790 383003 279997 173599 418984 630716 314883 239056 532915 343869 632364 62728 720009 705619 361021 345341 545606 1 173833 257126 341720 690822 569923 554032 594203 177750 313143 300000 368181 277886 707863 587824 182378 439563 680256 562363 311327 332040 323664 590646 292272 306974 378841 641834 398104 379450 399489 541997 99636 601873 603134 650277 365341 528022 353629 401779 165329 42854 235122 791482 621399 390222 286792 352921 121895 287112 204009 500838 224663 327764
 256878 355962 66709 345403 198959 442350 530174 307310 261136 468620 156587 281377 442796 80267 250838 462046 141161 296445 502430 517419 481733 232052 557201 660225 187196 350683 477180 173833 1 91064 510961 523078 405061 558932 510094 315291 365696 345688 216719 325268 645141 526885 347895 273279 636348 497852 206950 412940 470285 446231 387566 464929 292239 573683 475981 253715 254335 419862 244788 590706 590069 488454 518540 369328 487695 270045 314224 183320 147398 617682 608291 483431 306162 423195 74811 460237 30541 342250 302504 156352
 277795 383322 122567 257038 126494 426266 599349 316487 186716 378249 75348 305990 531862 157086 202216 373843 71873 320450 464006 596612 391174 318028 466709 698566 115761 420492 420131 257126 91064 1 583597 465572 355417 536642 531441 406274 379771 358204 202043 340829 674796 471899 435936 227209 675977 531060 240057 437659 527136 357001 421161 554929 236410 602268 495569 177073 242694 338675 334882 646107 644710 441415 609170 330879 536739 188980 404636 272053 203994 541278 574991 510650 382361 441866 165568 543994 63160 251187 335410 109497
 382078 752809 461124 831806 612610 912152 695076 753993 768836 937550 658643 705373 231341 513380 760015 945888 648921 356912 649336 72812 915511 297759 1021039 955715 695412 591828 717858 341720 510961 583597 1 1032227 911626 604771 890614 322930 380680 388519 709038 379642 976911 741158 236599 781029 930615 843648 640371 330434 138408 866681 290781 260390 611138 920666 361680 654235 738662 790694 323973 820621 824138 991827 301154 869310 189745 679681 297218 351856 566112 1124814 688983 321693 536727 359826 463256 135068 539699 803036 323134 667131
 739364 424413 580544 310343 510103 239431 741335 351613 286121 347070 393399 404690 924798 523618 272419 293369 394066 782121 824944 1031746 444322 740870 379508 642055 350254 622737 730217 690822 523078 465572 1032227 1 123481 928188 451230 780920 833653 811792 331515 797298 579501 778149 842053 251260 632762 508804 431737 897107 990492 468453 884889 936393 606241 526626 950197 512356 313114 552815 733417 696774 691565 73453 976316 177468 1002181 496008 792199 686764 489287 186606 935613 970340 631051 897176 570413 965944 496095 383471 799806 367173
 632745 320098 465110 258871 418383 169873 638233 238909 191665 339657 287678 289064 801321 401080 155102 290613 283633 675505 752628 909496 427229 618695 397720 576555 243510 507812 668451 569923 405061 355417 911626 123481 1 848920 379169 657479 731612 709793 208065 693815 521458 719093 718768 131805 563337 426330 309750 792175 874761 437738 776572 813049 524130 459569 848171 430955 190548 504286 610196 608616 603981 86228 853442 59494 889087 418963 668724 564435 365849 278912 865553 865352 512035 794639 448831 842977 379405 330307 690762 251270
 335696 912702 501988 621707 434697 956131 1057730 852493 657461 647744 578286 836319 745872 633053 717030 688090 594142 318785 116393 669077 569125 590384 695801 1218841 619074 886272 233469 554032 558932 536642 604771 928188 848920 1 1064873 713422 252143 258853 737837 279616 1203507 213768 669260 741574 1194752 1056596 764100 277898 467312 519098 323303 781850 324790 1131655 245283 418260 778342 412711 644105 1139416 1139609 931534 841744 844066 421834 432545 691296 596873 705499 914140 84599 288335 831300 247697 595251 682657 560283 552274 342582 639749
 763120 154832 573427 598865 649619 213981 336617 217157 485724 706268 508840 229001 701595 446006 399196 662138 486287 799635 995353 858585 782108 609446 773302 197750 479609 311294 942759 594203 510094 531441 890614 451230 379169 1064873 1 571503 872199 853183 340382 831943 150294 995378 656133 383595 184260 70932 303235 911319 912130 779033 878185 695894 764758 81463 976792 688453 303845 816842 570278 254578 248656 378032 710912 329869 946766 689009 595177 563383 371600 637254 1106381 977001 358244 925910 495210 778610 505111 656686 798706 440540
 384260 442048 306587 658533 496364 620410 387309 460432 561566 783537 468213 407058 144542 270647 522353 774383 448272 394804 704116 287108 795084 125213 872192 634331 490590 268902 722719 177750 315291 406274 322930 780920 657479 713422 571503 1 463140 454623 449887 433851 654001 763976 86361 537511 609068 521714 354809 462174 376088 756751 416003 156461 556192 598123 523998 550643 469147 715681 78358 504807 507742 727943 204596 605886 423320 571495 27739 142972 291634 908482 786003 503944 214528 488483 241891 207593 344617 657316 371638 445920
 109176 717368 299973 560177 329221 801949 820468 672991 547550 634417 443935 645196 495464 426472 581230 658498 449882 75057 270880 436472 586550 342143 706606 1006615 488103 656044 339145 313143 365696 379771 380680 833653 731612 252143 872199 463140 1 21868 574504 40433 1000447 360488 417136 606406 981673 852614 569830 71173 254722 534065 91911 531239 271637 930774 116653 347094 614336 441160 396695 912399 913297 817823 591702 710513 227550 371192 440238 355546 501099 870563 329759 140302 598492 63599 379733 438212 378012 507979 91559 489089
 90236 698373 280320 538953 307684 780883 807160 652882 525687 614485 422116 625777 493177 407824 559536 637942 428188 61044 267999 441868 568116 332158 687428 989501 466286 641120 329457 300000 345688 358204 388519 811792 709793 258853 853183 454623 21868 1 553500 22305 982402 353581 412155 584723 964635 834522 550502 90867 266345 515789 104561 528698 252729 912477 138515 326431 593416 424335 386318 897188 897974 796001 589556 688876 242573 350708 432454 342675 482466 849330 333816 161486 583981 85422 361904 439623 357379 487386 84300 467574
 467863 207187 282549 289274 311395 227519 491092 123829 167192 414503 168595 137202 593440 195763 88333 383893 147029 509146 660148 703445 470529 413315 496537 522464 140728 332284 602679 368181 216719 202043 709038 331515 208065 737837 340382 449887 574504 553500 1 534511 488789 655329 510861 93455 502216 353369 115023 626694 683215 456741 603536 605846 427125 416656 688043 348195 40653 480848 402422 500884 497970 283609 647849 160550 703380 348736 460706 358838 158616 466255 772619 698243 322154 634609 246295 635579 197952 332326 517952 100760
 68830 677116 259549 528746 296406 762000 784966 632569 511215 608035 406250 604820 475741 386345 542670 629842 411377 39285 283472 430522 564910 310896 682619 967453 450373 618815 338756 277886 325268 340829 379642 797298 693815 279616 831943 433851 40433 22305 534511 1 960659 365489 393165 567796 942568 812796 529472 100676 262089 512950 104183 511063 249386 890843 154743 318457 574261 424192 364884 874887 875677 780043 572128 671701 242745 343198 412015 320597 460985 838919 353314 173449 561687 101046 340045 424910 337766 479322 65933 449952
 892199 291742 705687 748579 795537 352146 334035 364996 636008 853846 656661 368972 769477 575227 549482 808480 633419 926469 1138485 936202 931416 713304 918392 71538 628788 385184 1089810 707863 645141 674796 976911 579501 521458 1203507 150294 654001 1000447 982402 488789 960659 1 1142339 740358 533804 78022 147901 439483 1034279 1015057 929119 998123 757271 909964 72579 1100378 836044 453224 966848 668048 209089 202683 508249 760665 475759 1054145 837472 680080 672702 500852 765857 1248397 1096840 441756 1051104 620728 855182 643468 806939 922266 588157
 389028 852759 488671 468463 347402 851750 1056002 778233 536043 463696 486737 775718 832331 607124 611325 510283 509127 396245 105429 795414 374983 639712 498547 1169589 519229 876980 52664 587824 526885 471899 741158 778149 719093 213768 995378 763976 360488 353581 655329 365489 1142339 1 742425 633310 1147348 1001191 711932 417128 612947 329831 451310 866375 236286 1069816 413067 307236 693354 228817 686975 1115417 1114381 794979 927896 727511 578380 309602 747449 627569 670019 734332 174787 456467 829360 391001 584785 789177 516481 394947 429114 554860
 354162 523114 322645 692742 508420 694820 468251 534733 605582 813314 504453 482911 97742 320608 576433 809528 487629 355693 673059 204005 814723 119656 901338 720330 532431 355236 705188 182378 347895 435936 236599 842053 718768 669260 656133 86361 417136 412155 510861 393165 740358 742425 1 593889 695110 607520 424958 404939 296304 772688 357551 126989 551290 684222 462952 560368 534283 720553 108781 588935 592072 793041 187661 670036 346107 583226 60991 164607 356029 958965 745950 438273 300376 433140 280949 127457 378395 682685 327866 492685
 504945 274636 333551 217109 306878 218641 576520 184253 102757 334572 165688 216628 679765 273736 25268 298783 156543 547540 652989 780922 401264 490102 412459 576517 122897 423528 581054 439563 273279 227209 781029 251260 131805 741574 383595 537511 606406 584723 93455 567796 533804 633310 593889 1 558631 410970 208029 664856 743001 395561 647381 693927 419453 464100 722521 330503 99480 437352 485113 574179 570644 216168 737794 104593 757831 324183 546516 436215 248777 373797 766556 737809 415446 668837 319332 716330 247674 273179 561382 120204
 874932 296296 693262 775624 800036 397741 265372 379873 658709 887135 666465 372311 716400 561971 571508 844295 641852 906923 1136305 886024 959677 679234 956164 25514 642856 343631 1095208 680256 636348 675977 930615 632762 563337 1194752 184260 609068 981673 964635 502216 942568 78022 1147348 695110 558631 1 148935 436290 1010742 977650 953273 972407 701642 912385 106163 1076993 843919 470246 983061 631019 134904 128763 560068 700626 513087 1019270 847695 635957 642672 489294 819280 1244110 1070473 402509 1029339 603449 805141 638379 829533 899966 598209
 744313 148516 557924 628077 653805 269382 265726 230967 510297 741840 518384 225487 646459 427350 423119 700512 494084 778717 993669 807729 812232 571109 813260 169277 494058 255254 948870 562363 497852 531060 843648 508804 426330 1056596 70932 521714 852614 834522 353369 812796 147901 1001191 607520 410970 148935 1 293269 887068 873916 804837 851467 638472 767166 79488 953097 696545 321369 834209 528208 189023 183502 435356 650006 372707 911310 699691 546612 528422 353027 693190 1102827 950277 307195 903572 472926 727102 497117 680930 774894 449983
 460657 149046 270364 396148 365363 271879 383745 114548 275382 523999 241550 75514 499311 146211 202856 496361 215230 498121 700639 625243 572501 343249 607989 459209 230401 218414 660073 311327 206950 240057 640371 431737 309750 764100 303235 354809 569830 550502 115023 529472 439483 711932 424958 208029 436290 293269 1 611777 634957 552993 581274 507740 476366 367555 676558 412016 119391 562185 320161 410593 408642 374574 545165 254480 662926 418787 369713 290320 76207 578105 809561 679509 207507 624877 198505 552190 203996 430147 499361 178208
 159995 756869 346245 628991 396948 854000 834248 718890 611158 705297 505070 687258 473305 466083 639872 728743 508926 117758 320669 392163 657658 348801 777768 1035978 549068 677240 400900 332040 412940 437659 330434 897107 792175 277898 911319 462174 71173 90867 626694 100676 1034279 417128 404939 664856 1010742 887068 611777 1 196816 605134 47561 509461 342809 966034 66252 417209 665761 511505 403478 933603 934975 878371 568074 768171 162044 441550 437094 372347 539956 939280 360928 73259 618406 30213 416113 405440 428788 578180 112619 545945
 282453 764538 410028 758879 529516 900938 763186 749200 713367 853577 601900 706462 331077 494227 719844 868463 597386 248379 517482 207173 820236 303006 933038 1003136 642737 634021 593770 323664 470285 527136 138408 990492 874761 467312 912130 376088 254722 266345 683215 262089 1015057 612947 296304 743001 977650 873916 634957 196816 1 769341 162811 365424 507267 953010 223393 563826 717606 684901 347164 879822 882492 958669 416438 839358 54914 589407 348349 349453 558752 1062669 551727 183341 575280 225097 440864 243713 495359 720476 217282 623913
 488053 662663 451801 182317 264460 595980 935565 574538 294567 134190 317004 593737 870426 512709 381767 183327 343299 521083 403780 899197 52919 653276 178782 971696 322668 762140 290843 590646 446231 357001 866681 468453 437738 519098 779033 756751 534065 515789 456741 512950 929119 329831 772688 395561 953273 804837 552993 605134 769341 1 617121 897500 263564 859656 634186 214958 484289 106426 681337 957306 954520 499966 955023 464623 755468 190586 751300 616093 545833 404744 501691 669360 731849 590784 520936 863264 420060 124435 552225 374952
 146314 724331 321128 627123 394218 829906 790720 690548 600122 710687 491532 656504 425913 435078 622716 730896 492994 104282 358594 349644 669040 304791 786244 997739 535017 636385 431012 292272 387566 421161 290781 884889 776572 323303 878185 416003 91911 104561 603536 104183 998123 451310 357551 647381 972407 851467 581274 47561 162811 617121 1 462064 353559 930702 108499 420329 641789 527868 359171 892285 893822 862514 520849 749479 138684 445401 390631 331359 507967 936339 405513 98877 577255 76943 383690 359368 405951 580663 86059 527494
 477375 580490 446077 810153 633693 767948 449819 609153 716555 933176 620276 554578 36158 426230 678806 926583 601513 475042 793563 197614 938544 244587 1021599 725775 644804 384631 830326 306974 464929 554929 260390 936393 813049 781850 695894 156461 531239 528698 605846 511063 757271 866375 126989 693927 701642 638472 507740 509461 365424 897500 462064 1 678259 709919 561712 686209 623895 847234 220145 581111 585407 882067 61521 760640 419821 708724 151181 283427 447329 1064843 860968 531276 341258 538978 393810 126080 495023 804275 445148 601368
 229134 619078 260949 306686 115762 636571 822380 547980 332716 364656 260564 541798 647193 372449 395468 392966 280153 258978 234214 650059 315599 437470 435001 934937 298449 642920 185433 378841 292239 236410 611138 606241 524130 324790 764758 556192 271637 252729 427125 249386 909964 236286 551290 419453 912385 767166 476366 342809 507267 263564 353559 678259 1 837386 376997 93994 466562 179559 477835 879201 878132 606938 738799 520564 491960 111539 543936 414220 433880 612775 347599 409353 597243 330479 354368 623948 280427 244609 291134 326504
 822243 219383 634838 679894 722969 292481 309896 292828 565861 787731 584310 296531 719612 504842 479029 743524 560963 857101 1066023 883110 863315 650324 854530 117024 556881 329955 1017297 641834 573683 602268 920666 526626 459569 1131655 81463 598123 930774 912477 416656 890843 72579 1069816 684222 464100 106163 79488 367555 966034 953010 859656 930702 709919 837386 1 1032007 763620 381540 895501 606912 203067 196608 454002 718050 411102 990671 765236 623456 607884 430292 713167 1176058 1029534 383945 982261 551287 802270 571463 736941 853757 515788
 220186 822220 409435 673548 444305 915549 899030 782719 664120 741652 560505 752068 525638 531187 697384 768593 566070 179541 310493 428528 687081 413175 810102 1102229 604666 743171 405141 398104 475981 495569 361680 950197 848171 245283 976792 523998 116653 138515 688043 154743 1100378 413067 462952 722521 1076993 953097 676558 66252 223393 634186 108499 561712 376997 1032007 1 458555 727493 535706 467628 999432 1000852 934390 618782 826442 176555 481807 498345 438169 605276 983720 329882 44077 684250 53705 481672 451552 490525 618573 178283 604641
 281529 548055 244132 216310 55195 548874 776312 471402 240057 290671 179622 471609 658035 330085 307302 311543 202700 318691 323243 684731 261763 441625 369297 865555 212675 597235 254572 379450 253715 177073 654235 512356 430955 418260 688453 550643 347094 326431 348195 318457 836044 307236 560368 330503 843919 696545 412016 417209 563826 214958 420329 686209 93994 763620 458555 1 386120 166836 473539 821350 819724 513274 744785 429670 555835 25618 542814 408115 381058 525520 436747 487251 557327 409035 325151 648386 233678 160976 347237 247965
 507319 178811 320663 311271 350801 188263 477121 90434 190562 432623 206927 117155 613512 225936 104607 398099 186447 548366 699942 730121 494688 441545 511689 489700 175774 327379 640690 399489 254335 242694 738662 313114 190548 778342 303845 469147 614336 593416 40653 574261 453224 693354 534283 99480 470246 321369 119391 665761 717606 484289 641789 623895 466562 381540 727493 386120 1 514100 426724 477021 473719 259051 663204 136767 739231 385545 481870 387119 178412 460095 812576 737029 324608 674141 278113 660282 237025 360047 556437 140092
 408658 687468 409867 246794 222029 650509 936213 603830 334985 237046 320808 613762 817720 494653 418871 281853 346981 437312 297601 829026 157492 603290 284429 1003222 340251 758287 186304 541997 419862 338675 790694 552815 504286 412711 816842 715681 441160 424335 480848 424192 966848 228817 720553 437352 983061 834209 562185 511505 684901 106426 527868 847234 179559 895501 535706 166836 514100 1 638032 972582 970458 575139 906723 521199 666519 150136 706668 572783 540558 506968 397600 572667 721009 494869 491900 800373 398334 174046 469991 387085
 311259 429157 229938 590083 419593 591604 431873 432143 498892 713116 400415 382158 198968 211984 467753 706597 382257 325602 629555 305088 720795 54869 801590 656526 426289 287670 645132 99636 244788 334882 323973 733417 610196 644105 570278 78358 396695 386318 402422 364884 668048 686975 108781 485113 631019 528208 320161 403478 347164 681337 359171 220145 477835 606912 467628 473539 426724 638032 1 538619 540737 685093 274736 561987 388359 494811 70114 65445 249027 850981 714510 452282 228521 427919 174515 233560 274923 584843 305388 385036
 809571 299660 639725 788180 772590 457478 134186 390104 666767 908749 651779 363694 599039 511532 581626 871286 625626 837394 1092378 771164 970997 590475 984966 154449 636369 256600 1064523 601873 590706 646107 820621 696774 608616 1139416 254578 504807 912399 897188 500884 874887 209089 1115417 588935 574179 134904 189023 410593 933603 879822 957306 892285 581111 879201 203067 999432 821350 477021 972582 538619 1 6540 623400 574817 552430 924803 829108 532416 561271 445438 880021 1195667 988367 315198 954783 544518 691046 598995 833000 826127 586431
 810195 296043 639564 784942 771172 452219 139349 386487 663634 905196 649652 360816 603067 511056 578324 867499 623546 838274 1091948 775043 967901 592393 981153 148607 633849 257796 1063407 603134 590069 644710 824138 691565 603981 1139609 248656 507742 913297 897974 497970 875677 202683 1114381 592072 570644 128763 183502 408642 934975 882492 954520 893822 585407 878132 196608 1000852 819724 473719 970458 540737 6540 1 618172 579609 547955 927262 827295 535320 562685 444496 874993 1195505 990059 316609 956008 544561 694840 598035 830180 827256 584101
 718887 354260 549644 328399 503125 165993 669846 285865 275824 388582 373889 340235 872402 479147 240230 335993 369698 761635 833127 987037 482476 696868 432623 569833 329725 556439 745208 650277 488454 441415 991827 73453 86228 931534 378032 727943 817823 796001 283609 780043 508249 794979 793041 216168 560068 435356 374574 878371 958669 499966 862514 882067 606938 454002 934390 513274 259051 575139 685093 623400 618172 1 919515 123174 973995 499956 740919 642407 437433 259297 945522 951538 568196 880863 528573 918574 463603 401689 776645 336284
 538894 605269 503234 862822 691809 798248 441146 641484 765897 987156 672554 586309 96392 474855 723913 978837 652835 536306 854842 232337 995248 303476 1075740 723956 695156 401152 891789 365341 518540 609170 301154 976316 853442 841744 710912 204596 591702 589556 647849 572128 760665 927896 187661 737794 700626 650006 545165 568074 416438 955023 520849 61521 738799 718050 618782 744785 663204 906723 274736 574817 579609 919515 1 799480 471266 766967 204678 339345 489412 1110500 921313 587012 364654 597789 445986 172870 548266 859537 506198 650040
 608179 261267 432355 282455 409692 131369 579122 179419 191572 378516 270149 229933 750205 356251 129856 332744 260876 650629 752906 863901 460136 573865 443438 527596 226928 448719 675829 528022 369328 330879 869310 177468 59494 844066 329869 605886 710513 688876 160550 671701 475759 727511 670036 104593 513087 372707 254480 768171 839358 464623 749479 760640 520564 411102 826442 429670 136767 521199 561987 552430 547955 123174 799480 1 856656 420956 618337 519387 314774 338370 866415 840954 454244 772741 406177 795436 346025 349471 663420 222264
 275846 796979 424495 758049 526038 924841 810574 776346 721074 846506 610270 735924 385231 519369 734009 864646 608115 237148 479798 260313 807226 340868 923413 1044782 652409 676028 562941 353629 487695 536739 189745 1002181 889087 421834 946766 423320 227550 242573 703380 242745 1054145 578380 346107 757831 1019270 911310 662926 162044 54914 755468 138684 419821 491960 990671 176555 555835 739231 666519 388359 924803 927262 973995 471266 856656 1 581171 395656 383538 586977 1065159 506432 134192 616844 187395 465910 298595 510766 715091 210144 637839
 307075 551441 264953 195366 75234 542814 787822 472479 229824 265380 181310 475669 680947 344533 301844 287316 205932 344045 333668 709770 236656 464172 343690 868921 210245 609299 257140 401779 270045 188980 679681 496008 418963 432545 689009 571495 371192 350708 348736 343198 837472 309602 583226 324183 847695 699691 418787 441550 589407 190586 445401 708724 111539 765236 481807 25618 385545 150136 494811 829108 827295 499956 766967 420956 581171 1 564354 429369 392057 503171 446716 511183 571093 432776 342772 672708 248199 136877 372749 249780
 364686 463090 299684 659178 489121 637762 415018 477609 565674 782784 469178 425010 133300 276060 530378 775521 450333 373188 685067 264289 790898 107861 871313 661256 493710 294897 707219 165329 314224 404636 297218 792199 668724 691296 595177 27739 440238 432454 460706 412015 680080 747449 60991 546516 635957 546612 369713 437094 348349 751300 390631 151181 543936 623456 498345 542814 481870 706668 70114 532416 535320 740919 204678 618337 395656 564354 1 135211 303563 915491 764879 477546 239536 463787 242645 186092 344164 654861 348934 450823
 261293 415098 164526 528452 354149 561280 464957 404741 441662 650119 339853 358979 259819 163418 417203 645191 323170 281687 574671 345061 655909 54493 738421 668107 368237 305069 584452 42854 183320 272053 351856 686764 564435 596873 563383 142972 355546 342675 358838 320597 672702 627569 164607 436215 642672 528422 290320 372347 349453 616093 331359 283427 414220 607884 438169 408115 387119 572783 65445 561271 562685 642407 339345 519387 383538 429369 135211 1 214986 796356 664002 428480 246082 394019 118033 280945 213803 520849 266453 330107
 392250 216945 204949 406091 329774 346309 395786 190627 292266 535581 228915 149397 435645 74643 236551 514863 202867 428129 649525 553572 571823 268472 622580 513343 232102 217934 619282 235122 147398 203994 566112 489287 365849 705499 371600 291634 501099 482466 158616 460985 500852 670019 356029 248777 489294 353027 76207 539956 558752 545833 507967 447329 433880 430292 605276 381058 178412 540558 249027 445438 444496 437433 489412 314774 586977 392057 303563 214986 1 622402 755689 606545 186820 554311 124281 482413 153558 427592 427344 179460
 790933 598311 663690 310386 542646 424212 916667 517676 356735 270650 466172 566652 1048622 639547 386595 226163 477040 832138 801810 1135018 363701 848119 258273 828660 430649 784774 693257 791482 617682 541278 1124814 186606 278912 914140 637254 908482 870563 849330 466255 838919 765857 734332 958965 373797 819280 693190 578105 939280 1062669 404744 936339 1064843 612775 713167 983720 525520 460095 506968 850981 880021 874993 259297 1110500 338370 1065159 503171 915491 796356 622402 1 904543 1010807 784683 933363 678501 1076770 587718 368301 855707 466374
 403473 956680 555946 625615 462647 984113 1119801 891157 676210 634513 607798 879570 825149 685327 742809 679020 626307 391791 113571 752766 548465 661715 672914 1267691 646037 945485 211297 621399 608291 574991 688983 935613 865553 84599 1106381 786003 329759 333816 772619 353314 1248397 174787 745950 766556 1244110 1102827 809561 360928 551727 501691 405513 860968 347599 1176058 329882 436747 812576 397600 714510 1195667 1195505 945522 921313 866415 506432 446716 764879 664002 755689 904543 1 372889 892163 330815 651546 764442 605976 553401 418115 672590
