NAME : domp200p66v3
COMMENT : Cherkesly, Contardo & Gruson 2022
TYPE : DOMP
DIMENSION : 200
DISPLAY_DATA_TYPE : NO_DISPLAY
OPEN_FACILITIES : 66
COST_SECTION
 1 231078 658468 733959 696398 256168 72632 482144 255619 236374 355632 218393 119543 769584 691527 591027 81218 309058 54531 589236 323453 128457 427027 704030 251483 434305 107053 255199 173811 784564 426933 725477 100675 408205 304330 103673 300935 207194 651587 714095 456502 368690 639566 234611 245689 479623 130942 175243 654269 212239 186986 288259 208258 597445 524307 58487 190764 16341 792575 257916 700799 185275 577064 556502 558787 198973 677811 458448 618554 542313 301106 642393 386825 540826 199473 719101 185240 386690 518633 357237 232622 191303 708048 93625 589019 597608 272545 603383 826111 688976 372292 272563 702889 414696 246763 286305 241249 258119 591559 655888 429631 386988 431214 419453 215200 189226 405870 299401 237802 508450 289025 160142 411822 324699 551621 396950 399112 703779 12624 90025 217565 94777 431900 385850 458422 499130 480262 259029 170158 556160 742660 244705 294656 326963 465787 595916 350808 538097 660082 80378 285075 139206 367512 347776 416462 605797 86565 383026 475681 490921 543746 286551 496180 285476 602534 206366 254516 62713 623234 643256 352826 403828 317464 441438 738656 349258 367433 501813 507317 666927 200706 843577 415084 588081 525495 375483 216340 185480 358597 648360 273655 371207 237097 731812 620633 61126 619846 565155 562694 626190 384777 264086 524912 127208 681889 84079 320529 291068 348303 574906
 231078 1 868380 964990 896139 447552 170422 335645 338027 10146 427019 299023 214457 833895 845252 530972 307117 116686 278910 662316 484783 359534 429825 738950 28764 661156 124623 469146 136081 905062 227766 951082 228622 628661 262242 330639 385375 432333 882614 931564 579612 598756 855324 182577 436627 478935 112273 391397 806106 337286 58748 340882 409131 640519 402900 177672 377471 245229 886377 151298 803383 416352 507983 379276 787198 120044 904359 590823 773083 771649 523647 867168 576956 360266 427408 892892 368943 559260 746325 407281 347951 422276 827996 296098 449824 438670 423105 732950 928959 778936 585324 43667 897704 632333 476208 517146 464503 486011 402931 781179 655445 616708 617877 649756 191897 209534 620456 509545 305703 702753 447065 224812 532386 313526 698853 310294 593671 925090 243147 143113 32406 142638 508537 518612 320194 730188 710890 79863 379080 663219 971365 445501 96551 96021 696341 733259 392184 763798 844845 239429 482991 289612 387365 524225 503117 739591 281241 581950 702789 407723 774750 276003 306768 204092 749995 437079 384258 209709 834031 872026 273252 634570 354274 406942 966518 393421 226403 595229 510915 896355 419730 946212 634377 407153 620122 535943 394067 172743 141550 879034 417552 379023 396403 839115 778663 173474 850447 671439 746705 622904 609992 362493 694665 358258 720936 291208 519033 378488 504769 652497
 658468 868380 1 336800 80809 642979 731096 952809 590707 876366 882182 804590 657847 648559 310772 866301 612411 897215 604029 563390 721505 549368 695115 701807 894328 445550 757395 403502 749877 472077 988707 184573 730429 507555 938016 594241 838175 455591 339493 90250 432223 344487 51294 885011 433085 710854 756159 483517 312488 756695 838365 864403 459385 643204 939432 716468 659297 642142 567364 805137 502111 503816 876600 1052635 416886 857275 180998 406475 299932 396934 515750 148186 652855 1046462 528921 227626 665751 340441 220928 612038 555126 504627 445121 652883 1010287 1051126 732458 392805 553696 538757 286188 901736 111973 246743 488641 417421 534349 496524 1099994 413495 458097 416604 270133 316614 729362 827540 252930 577335 618890 184381 721505 789791 453427 709168 334799 826130 280998 120313 649782 744162 865001 728614 919099 800930 926545 332677 365601 858314 491850 463869 248247 618002 948191 956319 299653 365437 912415 456546 160027 704963 385889 715345 943721 363253 530038 378104 588981 619793 437361 859955 333625 908702 1027012 935805 328060 499049 761646 660140 35529 217452 802416 337211 640010 761931 228752 908659 880278 503144 708877 238090 570471 563574 248975 1083217 499165 736545 675661 725754 958758 366602 482115 956726 711152 496885 285584 718410 364274 466346 187499 763060 472400 805551 261768 552120 681788 581740 619192 830053 738415 548825
 733959 964990 336800 1 412003 593722 799505 1144940 780776 970315 818130 794234 786233 973289 645849 1119644 661362 1029800 687517 863301 638906 605554 932224 1010000 985092 333480 840873 526208 878718 808174 1139880 165630 766749 392630 940845 638088 790546 540100 88685 269179 705089 368686 290132 915395 590603 961590 859382 589018 643294 736330 918943 834177 594168 935770 1152253 789305 642592 719807 900353 953021 828778 548755 1123462 1238842 218289 911753 155823 680579 625096 219466 468725 193958 533856 1228086 543999 563909 651507 573679 243032 838065 736171 543248 776265 684843 1225028 1255384 677027 709992 889491 860835 439287 1005927 444689 388376 493736 447989 518689 488228 1282349 739296 344359 357281 512026 317539 882638 850775 409114 513362 799790 456718 656512 812308 709341 908999 641792 1024674 495369 225879 722021 823143 950538 824774 824906 698523 1118072 235979 260403 982601 607649 764913 104465 577489 1021722 1060727 270400 682562 863393 263416 495905 745591 548111 726267 898796 575711 784033 696696 696973 503470 297095 1083037 193147 904360 1195801 960779 648561 529165 719861 763639 333560 133048 990807 331023 848523 991162 123816 858951 1049698 786170 968104 105030 565800 899826 379874 1271099 789212 628946 645503 867480 1085807 106480 677265 916235 671735 827811 611747 793028 131935 769461 496591 1045296 385434 768836 559155 606935 988046 682841 537378 785458 644935 846853
 696398 896139 80809 412003 1 704757 768589 952053 599188 904630 941828 856433 682592 591811 246210 844776 657654 915072 641942 524936 786390 595472 683296 655983 923043 520330 790735 442242 771887 403072 999869 252611 774865 580845 985160 641171 895845 500164 419533 148251 413464 408409 132095 927486 459920 693156 784705 521522 255305 811254 870596 918734 491117 607242 931969 753334 715483 680092 503073 820539 445401 554233 857520 1052407 497101 895102 257222 388445 250431 476783 580961 227802 723478 1047745 583857 153395 721350 347238 297299 606850 568016 556242 384456 700298 1001204 1045086 793209 347134 484975 485539 328113 926981 32698 297542 547037 475188 594257 556762 1100402 359332 532642 487308 280946 386132 745017 872522 298680 642911 629384 193896 783897 835675 442004 710651 300079 825425 302480 188126 688726 778889 895526 759619 982804 867235 926388 410494 442627 879144 526804 427484 317930 679112 980106 980588 373961 320876 969228 536101 100233 749158 414773 765162 999435 376600 516126 331762 621504 690727 514495 850110 413516 957658 1032467 978566 282080 552540 819693 691301 104136 297099 805531 406078 640424 751648 297706 965637 887829 475975 687616 316376 627286 493675 302224 1082093 468238 804451 733667 744823 977077 446898 493720 1011517 769840 435786 235658 754815 445013 428536 167060 730325 543934 861964 240539 598398 637401 616270 686048 887357 804477 511838
 256168 447552 642979 593722 704757 1 284135 736820 479080 448693 240327 203475 370646 950729 784813 839241 183995 548648 250985 775358 91472 191871 663666 908739 457323 260330 333971 318979 428153 912598 667558 641564 218966 206143 349707 170652 201693 254205 505086 668135 613811 298555 606880 338819 367170 714190 375434 278959 753662 144635 390207 240907 328557 803221 780475 283703 70256 253173 947431 511662 853222 186348 827490 806575 383535 355696 591868 605778 717792 376146 132368 570192 131848 789825 139494 778438 78615 495139 442184 580750 442010 178371 842082 163714 844890 851665 90114 735884 970311 853889 395783 491081 722234 410751 160503 231403 111787 148383 838479 788275 249894 246660 505476 332695 471063 274981 415285 80410 471488 552735 79336 240646 578512 572533 668451 652602 464284 643094 245221 315188 422143 341359 278873 174494 713657 369238 338021 498730 295858 716819 636119 26693 470966 538307 365441 720059 276659 347832 704749 210093 377154 159613 310762 459586 610515 733152 296599 134448 298507 745030 404986 312193 741792 377959 713162 172004 127213 316940 608814 543606 608616 311671 551545 688285 639101 272485 621065 680269 738592 558933 94519 987031 404353 837442 700396 133335 56968 441637 588072 491794 447638 326705 78016 877392 714613 288703 463754 725624 620239 854461 208475 175868 612815 189346 885180 280329 72117 195171 115926 758796
 72632 170422 731096 799505 768589 284135 1 458689 294642 173965 328874 186871 145096 814467 756925 597723 138393 264610 127095 634721 335157 195511 449046 740381 186937 490987 49845 327777 156147 843351 383615 796229 74944 458442 243101 161863 276705 279145 715732 786440 513247 437197 712067 167117 315139 502069 94492 247783 719134 200645 119617 251572 279106 634812 510108 16302 214114 88955 845110 234746 754887 251691 580693 523458 617367 126526 748238 517503 683786 602292 353227 713498 415669 506329 258115 788152 206369 453987 588718 391128 280902 256503 766301 126316 569987 571781 277143 663153 881013 739842 444916 213729 774662 487206 307572 353660 294113 316448 554466 715044 485121 447862 501326 487477 213362 132149 478495 340967 270742 579864 298104 113679 467228 337931 614947 390103 470237 775635 81973 31177 151683 66452 409433 384997 437141 563801 542993 214607 241905 610093 811818 278934 224131 265853 533261 657388 313592 593423 730616 74557 356103 135542 324411 415488 462792 666544 151930 417314 532641 488241 607870 231161 457709 217058 666233 270340 247810 96459 695865 712474 346084 471037 345487 452508 808367 312876 342090 551538 531692 735563 249359 898516 487465 553986 575871 387770 234597 181461 306808 711012 332179 324855 245131 787244 686563 17373 682317 618989 632886 650643 439634 243557 592592 193749 719157 153530 354022 267513 358021 621419
 482144 335645 952809 1144940 952053 736820 458689 1 368215 341459 760706 626754 380618 665639 814332 253565 560948 220129 502741 536136 793823 587747 286078 544199 347413 894066 411043 619392 308734 811416 149788 1084733 532530 880400 595059 580887 716157 617709 1074687 1033980 549420 784952 957917 518028 554828 304379 364287 565449 777071 655387 388345 674897 551840 476275 80226 455624 668655 487979 753962 225246 695163 636980 224557 100385 1008783 455322 1045504 571694 753492 988317 773868 1001937 868326 98040 668165 893529 661796 612454 904226 346007 410575 646127 743168 573132 114271 115959 735523 678356 805289 655514 711420 306236 941948 763743 707418 719779 715395 723203 148616 711730 892234 837636 682958 833827 275030 541292 745148 780390 345880 768677 756788 549128 513011 243881 679290 126787 678531 1041699 493911 427982 368010 396364 842708 840588 26903 927539 918774 258837 544370 587414 1122296 726736 395328 301110 879854 691194 727682 997654 872713 532416 599156 594162 722781 593015 445260 690653 471933 865162 933218 140901 972321 611365 108556 534106 721909 662897 703227 425410 923957 1028507 154414 825214 312837 220067 1111953 728825 116609 516093 329252 1056606 679859 820407 770395 130410 536015 846451 691474 299935 228529 1079211 476916 713826 703817 733052 764370 450642 1052711 592639 785354 398758 850269 689528 714639 588173 534788 489118 802634 708494 816672 535176
 255619 338027 590707 780776 599188 479080 294642 368215 1 348007 611211 472618 150191 519989 511335 372526 300263 323395 233528 340688 561094 290686 186575 448577 366777 560543 281019 261662 201960 567779 400710 716591 353420 562751 533524 309229 556551 278849 714614 668817 241894 431208 592107 451310 191210 235556 246458 228522 472027 467037 338392 541413 198456 342143 371650 279939 426697 248154 556480 226406 469566 321443 366808 466059 662973 392988 677335 254575 440567 640567 464670 633722 596865 458194 365165 568664 423952 252286 538492 102917 46170 331656 490524 337354 444388 475426 518572 395031 595960 449730 343936 356090 593844 396182 389494 379420 414552 408327 512315 443188 561625 499528 321206 477024 154408 426543 377226 492165 33004 408788 530803 406562 194869 128246 364912 244590 312130 674571 260137 281804 350808 242788 687268 632324 341388 572768 569096 296084 206116 326900 754370 459354 433805 403514 521280 396217 604083 659659 531354 335652 232740 393997 617805 227636 170644 402003 184982 582780 595877 306633 616338 525207 436362 496097 415243 347155 507178 200695 560210 661431 214386 471466 76594 224873 743814 602847 289673 262032 259523 689804 394919 613390 403241 497576 286896 610142 454625 165836 385054 721810 109362 619158 482377 504181 447615 277457 696637 335376 436679 376194 525226 519646 373868 292675 426637 199860 527605 546686 586828 327984
 236374 10146 876366 970315 904630 448693 173965 341459 348007 1 422673 296369 223404 843977 854936 539445 311423 121732 285036 672454 484096 364765 439672 748851 18976 664947 129482 476551 146049 915122 230191 957807 229747 631611 255107 334958 381873 438835 887633 939081 589537 604576 862938 176579 444962 488666 120231 398501 815804 336020 58583 336511 417024 650535 409637 181980 378754 250807 896523 160726 813508 421574 516260 382814 791229 115463 910943 600657 782722 775912 526980 873977 577568 363623 431629 902203 370130 568354 752692 417424 357611 427324 838044 298986 455514 443258 422231 742893 939094 789081 592939 42975 906391 639688 480664 522642 468026 490143 405418 791176 659070 621141 626650 655508 202042 206255 628009 511744 315719 711345 446408 223151 542298 323464 708565 318798 602150 932282 248301 147588 28496 149512 503959 516385 326552 735283 715626 87683 386527 673301 977586 447240 86414 91895 702000 743119 386912 767333 853842 241541 491178 290168 381325 533170 513231 749493 288662 583136 706599 415880 779749 269911 309631 196272 759731 441963 382717 217097 841951 878219 282187 640132 364414 416298 972901 388247 233407 605349 520655 902399 422938 956348 641608 410282 630244 534997 394751 182811 142287 883764 426977 372607 396142 849229 788245 177928 855143 681527 755667 632415 613565 359790 703959 363418 730882 298271 520357 375170 503745 662642
 355632 427019 882182 818130 941828 240327 328874 760706 611211 422673 1 142006 468459 1122283 1001903 924980 330019 543663 386501 942194 179273 375985 776779 1059657 421157 487942 364936 530550 480241 1116414 650734 879214 259620 425830 200018 334093 55003 463753 729876 908429 798177 538239 846946 250829 560033 829798 414551 469710 968072 148581 372393 86163 518497 953052 822739 340054 229954 364109 1136953 549352 1043476 398396 906748 805086 601176 307211 829753 795601 931749 598720 371902 809669 289839 785649 360738 1006084 225854 700273 682233 712343 586846 393648 1042264 284374 874917 865685 150226 935577 1166185 1036407 624184 462820 957822 645324 394792 466643 347971 385732 825031 988694 476041 484290 723613 572984 541122 219583 647502 314266 592124 780777 165067 218344 756565 666789 874380 712068 683933 882940 351861 353309 394761 394189 82258 138950 743121 603983 571051 501878 479282 900718 869762 264441 398176 491103 604718 923530 54993 559238 935175 275614 583007 219269 88498 661931 769876 935304 434010 316933 521484 811506 636156 166631 730793 257858 922486 393547 123848 412676 847710 780075 669033 551947 670331 781200 874179 50762 647108 852026 858825 793571 315568 1183434 639872 831774 874845 199284 208818 509319 559411 712895 617692 108210 172201 1071775 930493 343881 686263 909745 846151 977944 439962 92960 829069 372779 1037477 423787 282249 64991 176222 927245
 218393 299023 804590 794234 856433 203475 186871 626754 472618 296369 142006 1 327584 987927 889925 783448 209269 413995 255882 807582 201128 265603 635173 921117 298510 461986 223972 424497 339086 994720 526546 829137 119251 409600 146716 220006 90907 360094 705874 842867 670533 470286 775164 145300 441482 688205 273698 354457 854381 58871 241432 70478 400222 814759 685700 198243 153288 228739 1008432 410614 915837 302202 765586 677971 586642 183989 779342 670227 818117 578381 326102 752789 310118 659138 276575 904256 144975 584439 623171 572708 451009 300417 919182 162612 740514 734881 140050 813187 1040201 905888 529965 338604 868780 559639 321337 389429 282782 318805 701775 866177 452137 440336 616496 513076 399330 91240 557805 283098 452155 682430 165859 78136 627154 524795 756137 571964 579026 822914 216374 211628 267876 252280 222971 220476 607858 564546 535489 369152 359919 771758 830012 216959 291468 375107 552014 803294 132585 551300 837678 138161 470915 93800 152464 545347 634823 814216 301035 325787 501130 671145 603103 110331 605782 177116 805781 305562 93802 272612 769241 734391 528582 492924 529548 639232 831192 130907 511574 719485 717440 752238 239136 1057596 556172 706139 742912 247412 148980 367490 437716 693842 488047 159839 128141 945706 818318 201988 665539 780784 744273 836528 409182 63473 718522 262455 899253 293025 270534 82396 216058 793158
 119543 214457 657847 786233 682592 370646 145096 380618 150191 223404 468459 327584 1 670148 636347 471706 187307 246051 123689 490851 442172 207183 309154 595435 242182 514743 132491 267461 94241 709460 353660 753063 208843 499815 383584 204473 414622 246690 709594 724924 379185 418260 647979 302128 224765 362038 106546 197296 597541 329458 199123 394848 202229 489746 414095 131037 308244 118417 704647 167805 616026 256988 458252 464189 632633 246259 708369 386787 563531 613345 393490 668582 498764 450696 287733 679610 303368 345062 554632 246202 142892 265906 632067 211817 481798 496488 392077 531859 742489 598466 379352 244487 683520 428926 327062 345352 335512 342618 503835 582397 512385 460072 403552 469065 105675 276558 414884 403815 125675 488902 408248 258150 332119 205169 490916 283615 380399 721799 128119 131796 218276 94199 546965 505374 355278 558541 545812 202466 179728 471835 779705 356180 303950 298617 516155 529073 457311 618784 630439 194600 272080 257047 469326 309775 319936 536841 92380 491489 554559 374414 603797 375071 412691 348217 542409 282652 373142 57203 624074 681498 240311 457379 201969 321910 772732 456348 271651 410171 390573 707692 302506 759977 432446 496486 434821 493852 334637 82890 305364 710769 206152 469951 356559 649571 568203 128155 683204 480576 532267 509688 469914 379004 481363 207683 574118 109048 430655 404979 467236 477990
 769584 833895 648559 973289 591811 950729 814467 665639 519989 843977 1122283 987927 670148 1 347760 435770 795574 774475 735850 180348 1040947 762641 411889 128008 861180 919441 799580 642207 705366 222630 789564 832800 869775 952970 1052829 796617 1067283 700469 949194 735272 338807 763234 687773 969618 584190 372245 760760 671874 337096 974507 848381 1057826 622173 196715 601850 799528 914984 759400 117662 689661 146637 766111 462714 748743 969158 908822 821381 351202 349413 944305 885884 779820 1042427 755772 814473 450078 914812 475161 768351 429851 536994 775067 208787 839283 644466 701545 1010909 264754 168298 113276 621604 838189 562949 649204 814068 765653 856191 833051 792872 235179 926855 860281 502219 783160 643236 946490 629766 934507 546050 525052 1017361 925427 372245 522547 337498 575361 538067 768867 771757 801496 854089 761705 1193922 1120484 650647 863544 880546 770190 656059 238994 895084 926143 929441 871946 806836 291713 1120392 989561 492751 849772 582673 903019 1136136 502702 353127 277183 688331 1018697 938773 524934 892112 1045195 773614 1012417 324730 785022 1009370 719429 642921 841810 590357 791862 481548 458848 876246 1118823 678903 271585 342351 868571 856730 177446 660549 766769 250450 1083265 942635 667367 824787 970244 507231 1138321 975674 159753 363406 797214 956249 230954 476955 275370 908782 1029422 420873 765552 131781 698642 978324 1057293 1066194 195041
 691527 845252 310772 645849 246210 784813 756925 814332 511335 854936 1001903 889925 636347 347760 1 658018 680658 832475 641810 313691 874927 627249 529092 424784 873905 669621 763893 471496 710155 163014 893860 494559 786405 718820 995776 671400 949816 538389 636745 392907 273586 524114 355718 924005 449279 522656 742739 535623 39310 857217 835458 958755 490065 396949 777129 740633 773213 676645 257255 735467 202938 605053 676150 912820 685138 877254 490373 257262 73164 661597 683352 452876 840910 912370 647380 103659 776498 306061 474532 477728 497334 610949 139107 727376 840015 890430 864234 138328 243741 246805 393394 866641 216113 395985 626582 560644 675014 642100 961177 124931 679928 620150 279592 524922 665630 880443 383245 742352 544337 245414 862075 848704 318370 591813 146563 693316 320563 429749 687856 757373 853557 727274 1058557 958568 791273 584087 609299 807400 530446 231622 558873 758141 938782 914835 533318 123143 1016905 715490 150785 761556 419763 796318 1041692 345278 372368 124613 605884 811221 677222 692193 601951 975962 909064 973885 96294 614132 878642 664728 312725 519786 685259 539929 524319 597336 539180 1014098 776049 299424 508287 543852 693790 254688 406016 939274 282087 905567 797173 675894 893173 661306 430270 1049750 833903 189900 71621 740481 652798 228490 177664 522132 675967 912512 172904 630464 409067 607668 788275 940249 897302 305106
 591027 530972 866301 1119644 844776 839241 597723 253565 372526 539445 924980 783448 471706 435770 658018 1 655409 432200 588263 347820 913759 658259 191374 308507 551344 930943 560162 625948 444882 614522 398832 1025944 671022 935228 790072 669152 874020 650759 1063606 954760 434135 793753 884545 706270 552214 158317 510731 600989 625738 796204 570187 843511 567921 269721 177461 588476 779389 589898 538104 383752 498535 693270 29288 320295 1027295 640014 995116 459853 611442 1003921 836770 949686 963168 330579 735585 751993 774826 547435 878180 287503 417255 703449 557288 683451 209201 266585 863436 520659 591298 452916 683661 515425 827101 732581 761907 749806 785189 780628 361286 539415 932676 869187 613653 835516 384372 710983 711383 861243 371409 687360 879949 706692 416228 266989 547101 220680 624911 972657 599823 571821 560489 531508 1006414 976224 247983 931365 932132 452064 578612 428271 1074772 822293 611753 528145 876537 540817 902796 1027835 752105 661763 584542 725686 905807 544129 339239 535386 543758 951552 964853 126034 972813 797455 360020 734504 577608 719209 841820 528330 843975 991389 259762 833094 295938 151038 1060698 902917 315435 369681 157514 1020590 761698 604441 741895 334518 380805 965206 806119 416272 462665 1074718 453977 900834 828116 534416 624846 584146 1051637 430284 681742 160422 897303 841275 606543 659874 304796 560724 893965 864993 938899 353874
 81218 307117 612411 661362 657654 183995 138393 560948 300263 311423 330019 209269 187307 795574 680658 655409 1 390014 67617 616354 261254 63190 482124 741265 325082 354689 182667 218160 253813 787892 508084 663550 118047 327054 327616 23536 275559 157545 577362 660872 468221 301714 588643 273245 232648 533451 211777 145289 645182 181505 258009 278377 191217 634675 599951 129469 126493 73044 806992 337858 713464 115718 643499 637086 480190 254270 614900 465668 608903 464537 220054 582004 311485 621615 120305 696674 123742 375309 455112 403054 267417 119340 713097 46832 666139 676702 219142 606610 836288 707010 329565 349699 667505 365732 169296 217385 160196 178971 672573 659716 349559 309731 408136 351219 289956 215242 360396 219469 289644 477256 230549 178027 427108 388590 547704 470516 371586 646858 68687 164005 289997 175617 398596 332462 536730 425538 404618 339876 151074 570935 676219 168875 360771 403066 396369 595631 337821 458073 632003 92747 261887 115749 361231 336282 445748 606951 115334 305132 396229 561615 469513 301575 577331 323719 596994 132372 213801 135934 576890 577101 426855 334086 370204 504529 673577 335320 447126 524268 559040 599434 119721 853565 364254 668776 546523 311283 154369 261931 438458 572669 288826 369102 183028 741844 609050 133649 543990 579955 537165 676397 304443 237425 509348 60596 718280 100745 243630 265626 286914 600803
 309058 116686 897215 1029800 915072 548648 264610 220129 323395 121732 543663 413995 246051 774475 832475 432200 390014 1 346319 612665 593809 432776 362676 669252 127364 742641 214775 513455 151943 871713 119057 998896 332764 717007 375043 412723 501432 489801 951125 967798 559643 661127 890593 298211 466333 406108 178243 442303 793216 448888 172616 457541 447578 577935 290640 266612 478505 319872 839660 97131 763253 488211 407062 264224 865738 236713 954389 575252 762797 848199 610066 914406 679947 245754 508104 892049 470559 569020 800458 365356 347985 495682 796276 389337 333969 322032 533053 709470 885827 733210 623908 86735 912468 674195 554046 584265 550207 566507 291219 753735 738350 692971 634159 712262 170678 325575 659446 603999 290854 721665 556137 338128 514126 255740 686720 215439 616659 966404 321678 233738 149042 214398 625220 632274 206509 798986 783435 50325 425568 630455 1025673 543334 180556 99076 759401 714139 508622 846699 852868 338609 514074 395122 502831 538488 469609 718240 332874 681902 783799 306429 844178 391424 194294 314482 736182 511729 496441 267408 864339 927316 187419 699351 313526 325126 1018780 509927 117684 558891 437795 953304 508420 902611 678056 293144 583058 645739 497873 171516 62072 950494 422228 493711 504244 800413 770370 261726 922414 637911 756653 541483 693691 477413 696568 432208 653568 347034 618605 494331 614932 605449
 54531 278910 604029 687517 641942 250985 127095 502741 233528 285036 386501 255882 123689 735850 641810 588263 67617 346319 1 555890 328758 87098 414550 677337 301099 397889 157494 200685 200965 739837 461721 673657 144848 378376 354537 81512 331517 154515 606691 660308 414653 320078 585528 287755 193720 465970 171953 120714 605019 238728 238676 326353 155081 570615 537784 112509 193861 38193 752734 283456 659993 141893 576765 583031 519646 253502 626385 414605 569075 501896 271402 590215 376616 568503 166026 666627 190673 336072 467760 336435 202750 149481 663906 104724 605314 618699 285055 558315 784334 650787 317842 318814 648631 360681 208897 239695 212659 222839 620646 611164 394441 346747 378181 371189 228731 239094 351542 280161 222086 454437 297546 206948 371497 321671 503815 407117 345350 650660 47274 142022 268217 137317 458772 398799 477812 454184 437409 297424 116214 516073 692551 234548 347447 373944 417972 549493 387999 502183 606599 120621 231516 167344 407814 296939 383974 559932 48851 368221 438635 496395 499190 334223 527001 338788 554301 165718 275675 79915 568820 593184 363962 356559 302686 437301 687964 385992 391202 465580 491766 617446 178837 801735 361311 615094 488545 378898 221585 202854 399595 604935 232331 413274 248860 689845 570603 114674 576681 525102 509493 609392 350745 293592 473656 86923 654592 37355 308002 321522 354382 540812
 589236 662316 563390 863301 524936 775358 634721 536136 340688 672454 942194 807582 490851 180348 313691 347820 616354 612665 555890 1 864810 585597 257599 149770 690204 764988 621225 474108 530804 275564 643238 740346 689443 792541 874141 618173 887191 528650 826483 653590 174530 609598 593112 791496 411318 231799 583844 496548 284708 794610 673054 877479 447531 83703 485265 619657 737066 579085 227035 522959 159028 592591 368364 628916 828295 731714 719704 193460 277273 803374 718237 675324 872243 632140 641070 412338 736572 318821 639369 255164 356651 601884 211182 659631 541323 595183 832823 180895 274506 121652 471235 670116 502163 506694 644525 601493 684580 663850 676057 192087 771195 703907 361151 636066 470504 766830 485805 763803 367803 406693 840109 745292 198928 357073 228598 429085 390816 680030 591440 622482 680692 583150 1014323 943342 516822 723244 735836 603019 479654 99767 797762 751334 758612 707741 665594 205211 940044 843417 426324 669430 415604 722927 955874 339953 172782 196379 508189 850102 788376 401476 756563 865679 640034 835233 244037 612829 830052 539388 548862 730268 435599 641918 308050 317168 780696 938477 527504 96014 209236 758686 682025 290878 517872 651860 80452 908430 764876 492746 666868 844409 329050 958196 797349 196924 291755 617430 826987 97078 376982 208988 748852 849381 306483 588434 126456 518755 806621 877205 890247 17711
 323453 484783 721505 638906 786390 91472 335157 793823 561094 484096 179273 201128 442172 1040947 874927 913759 261254 593809 328758 864810 1 279533 743292 996400 489538 309930 383466 410403 488097 1003907 710998 704515 262138 246909 334523 252293 158500 345660 550724 740110 704643 378044 682811 346389 458047 794702 429541 369104 844205 149603 426056 210643 418972 890446 843210 338637 134973 323864 1038800 569357 944582 277739 900360 856570 421928 378884 655453 696952 808434 419544 205783 638035 114923 838812 230946 865881 138989 586589 513079 663631 526228 269835 933525 230355 904686 906809 62342 827350 1061782 944877 484204 527069 805301 495937 248762 317832 200058 234590 884994 879724 297773 311987 595918 406448 537325 288681 501918 144249 550843 640611 37730 262427 668711 646868 759782 718798 554596 712114 314112 366002 456082 398357 198139 83642 772049 428019 394357 545340 385187 807763 692339 117661 490677 569041 433738 811457 226737 380315 791179 261615 468626 199916 262442 551053 698477 824581 376472 138768 342494 814032 458396 295730 788090 375964 804259 263318 107346 386064 688102 604560 674522 385464 631438 763458 697471 222206 677236 770063 820214 616800 185863 1078501 488843 886415 790517 52670 107702 506544 626239 533623 536296 280914 90073 968850 805006 343574 507017 816593 708640 937277 263832 149359 703311 276796 972986 361236 105592 156084 25776 848398
 128457 359534 549368 605554 595472 191871 195511 587747 290686 364765 375985 265603 207183 762641 627249 658259 63190 432776 87098 585597 279533 1 476944 717144 379620 310794 235322 158895 288031 740957 548675 601961 181202 292653 389730 45961 323005 95489 523170 597790 428896 241692 525458 336426 185052 526209 256669 94167 592744 229982 314075 332694 143903 611454 619606 184241 153287 114783 766362 370213 672283 56819 648991 669524 432962 315759 553587 423583 556404 415598 186408 519946 306230 655211 80689 638672 154286 324296 393857 390857 251452 63191 667475 105048 688315 703648 249154 560681 792978 669256 267392 400902 605952 302648 121800 158316 129382 136018 707525 613740 307381 260261 351381 292006 312856 278177 297671 203024 287008 417243 254721 240610 390841 394682 498432 487881 313484 584163 116468 217712 345296 221061 438603 357878 562460 370688 352277 383517 106866 532239 616354 170047 419566 455408 337968 547874 389785 415086 572377 155936 207540 172100 415551 285970 419046 559881 118003 293304 351576 573600 415353 362526 614060 386906 546532 78968 254421 167012 513842 517038 445584 275836 365278 507530 613105 386916 477378 491278 549404 540053 104234 810072 301083 701656 512254 325060 180446 288468 484945 520255 256804 424834 214841 698914 555675 187770 491816 541182 478670 664066 263864 285439 454861 3217 693655 100425 236944 313329 305123 569328
 427027 429825 695115 932224 683296 663666 449046 286078 186575 439672 776779 635173 309154 411889 529092 191374 482124 362676 414550 257599 743292 476944 1 309424 455766 740431 420832 434720 312158 529594 385642 845926 517395 746728 669262 493116 723353 461661 873981 781303 271223 602381 708366 584068 360920 53035 375011 413032 492348 638490 453271 700576 377764 215266 250627 436959 608347 422809 482999 280952 415028 507623 191631 383802 835922 519319 812552 295437 470375 812558 650474 767342 783173 383968 551714 611560 604842 364257 689838 96158 229237 517845 459059 515452 318181 364470 697484 392466 531804 379189 494326 429379 669655 544120 574880 559501 601057 593921 432118 425898 742467 678476 432984 644330 247139 574516 523177 678734 192485 512143 711528 562422 242134 117236 397902 171860 439874 795602 433933 428114 453444 386357 855909 811371 264216 740248 740767 361070 390868 301345 891889 644742 523164 460561 685696 406088 762359 836701 597432 503750 393382 565826 770994 356806 167235 404993 367347 769348 773896 167130 781946 668949 385632 621256 438050 533132 681537 366040 669937 805666 179423 641744 112122 69094 878724 761769 270377 230152 83296 834783 581154 547933 553094 410236 249957 793343 635935 276278 413297 884450 262621 769232 661453 452997 481945 433327 861036 306651 516660 201675 707976 688056 442817 478854 292233 383358 713879 713788 768889 253858
 704030 738950 701807 1010000 655983 908739 740381 544199 448577 748851 1059657 921117 595435 128008 424784 308507 741265 669252 677337 149770 996400 717144 309424 1 765109 912843 719311 617281 616945 331661 673856 882157 801879 938337 971696 745854 1004906 668265 975277 791415 323117 757994 734853 887038 551019 263162 676708 632091 404017 914494 759729 989603 584628 106744 477499 726467 865371 695888 238390 590346 228053 729787 335900 624119 977983 823749 864050 342986 405603 953069 860279 820229 1011589 632000 778072 528152 863975 467776 788620 349256 474592 739426 294814 782059 517571 574822 960106 309615 291356 180412 620521 738627 630348 656454 785450 746228 823355 804954 667437 300668 918709 851370 510835 785440 552676 870684 635540 903088 469799 553407 969491 853574 342240 425497 369876 462349 540510 820428 708037 723736 761799 682591 1134975 1072510 530853 872986 885333 670320 613563 245313 941199 885737 832584 767978 815328 336676 1052225 992679 555838 784191 559945 841672 1064750 487052 298256 324730 628596 990907 937074 403339 906308 967887 652666 926773 374833 751425 952989 648725 690119 876980 482342 790920 396564 346352 923575 1051091 567216 241477 231476 905122 816988 302478 667624 641090 229534 1042063 893426 579671 715916 993582 461525 1065040 924127 256202 420371 723564 976452 240544 518390 148513 894973 967787 451150 719797 24068 641189 944704 995012 1022079 167288
 251483 28764 894328 985092 923043 457323 186937 347413 366777 18976 421157 298510 242182 861180 873905 551344 325082 127364 301099 690204 489538 379620 455766 765109 1 677603 144434 493968 164840 933728 229707 974387 238820 643006 247682 348604 382145 455244 902000 956564 608376 620079 880528 172300 463275 504299 138408 415618 834769 340652 68246 335103 434947 667348 417496 195958 387710 266245 914558 175711 831826 436373 527665 384027 804201 115122 927357 619570 801696 789227 539017 890666 585196 364516 445037 921124 378942 587184 768859 435292 376582 441885 856680 310611 461031 446489 427415 761712 957322 807122 610556 41905 924956 657023 494372 537751 480387 503382 404541 809917 671480 634748 645285 670911 220014 207569 645556 522032 334431 729844 451947 227451 561149 339984 727528 330963 620567 949407 263205 161950 35680 166640 501858 518955 333709 749784 729633 99474 404015 691839 993541 456850 68410 81010 717269 762015 383486 779573 872614 252131 509357 298102 376199 551920 531628 768354 306167 591727 719269 427060 794108 264929 309687 187323 778687 456291 386753 234626 859851 894150 295532 655290 382221 430723 989062 385030 242237 623712 536313 918138 434867 974560 658808 410642 648595 539924 402689 201412 139360 897726 445934 366630 402452 867620 807220 192116 869060 700043 774420 647252 625917 361678 722875 378181 747347 315395 529223 375821 508560 680533
 434305 661156 445550 333480 520330 260330 490987 894066 560543 664947 487942 461986 514743 919441 669621 930943 354689 742641 397889 764988 309930 310794 740431 912843 677603 1 537130 307586 598758 821774 859264 397584 446570 65667 608699 331349 457764 282385 244809 445438 590461 156238 399812 588544 381281 782455 565088 334303 648010 403662 609610 500707 363062 816995 919026 483652 312345 422819 884037 680401 794435 257843 926950 978863 127523 592199 349533 572794 616352 116540 140649 337929 216390 965048 234838 631362 321480 446812 224866 645298 514782 249225 763667 367917 989800 1009436 344050 667076 893112 809750 297926 704078 545301 277145 188996 181224 197426 176208 1017737 713362 12979 62563 419322 144702 619520 523634 293856 179931 568531 424645 324356 486017 572186 682055 592143 786685 381668 412487 421712 518267 642073 528991 503371 377790 868152 121630 86642 692935 356633 682004 382452 245046 705710 756824 146370 644251 531289 104301 552184 428205 358124 399710 566467 425857 630975 659123 422570 183278 41667 863917 148475 571756 924731 631897 624030 232616 386413 477801 416469 296884 746566 130643 636593 785353 388005 526897 786357 671368 798696 307392 243889 907890 266276 1011122 684544 308722 313009 597303 792849 231856 480935 583566 338321 808715 608264 488009 203594 689491 491995 900494 53329 435380 516026 311067 888862 405697 205723 452403 319436 747281
 107053 124623 757395 840873 790735 333971 49845 411043 281019 129482 364936 223972 132491 799580 763893 560162 182667 214775 157494 621225 383466 235322 420832 719311 144434 537130 1 354478 115312 841560 333794 831142 121542 506453 253339 206161 314860 312000 758162 816454 511075 475670 741081 170311 332166 473547 49729 274949 725465 245161 81419 283648 299662 615044 464800 53592 263921 121889 836852 188815 748488 292120 541822 474044 662854 114205 783799 517769 690795 647124 400585 747702 465465 456781 302968 801262 256122 465602 624955 371468 275072 297844 764196 175370 523123 523393 324539 663235 874958 730448 471816 167034 794947 516592 351615 393347 341096 361634 504707 714167 531684 492114 517875 526481 177461 153814 506289 390234 253560 599464 346173 146593 464168 306369 619659 348136 489514 807745 118857 19200 110817 38345 446643 430352 390102 605802 586285 164764 265551 604325 849363 328665 190985 220643 572839 659517 343948 640145 747223 124183 376050 183551 350493 428154 451539 667752 169239 467133 578723 447200 650281 248833 407920 215732 671174 312525 292860 100746 722490 749960 304637 510877 322748 418141 845105 343774 294476 542295 504068 773808 297193 892443 517752 504442 567014 435972 284100 146149 257898 754430 334443 348401 293397 782060 694601 49130 725835 613066 648981 622251 486347 283984 603897 233950 698844 175663 403837 306150 405895 608868
 255199 469146 403502 526208 442242 318979 327777 619392 261662 476551 530550 424497 267461 642207 471496 625948 218160 513455 200685 474108 410403 158895 434720 617281 493968 307586 354478 1 361697 593786 617999 485675 333636 323137 545143 204602 478929 66904 455519 462608 303528 169590 386784 485278 73934 475317 357170 80028 438293 387269 435740 491342 68012 516880 631498 313014 301771 238859 630226 430200 536224 134340 623700 712656 402232 454162 440937 291847 402061 379425 244247 401216 400281 701901 179499 479787 305005 176235 288857 338924 215602 141166 523132 263140 703947 731165 393868 417079 651635 540209 117420 505185 450459 163212 171959 130254 215791 190851 756185 469344 310844 245117 193309 215803 357773 431281 151841 292717 276365 259099 393611 395242 275579 388661 349629 501409 154683 456284 246936 340807 463323 327377 587741 493363 592583 311245 307770 469529 90088 404291 512959 292780 545459 560501 260961 401092 547580 402016 413914 307888 59687 330930 574094 141786 326418 414179 187908 376666 339537 568289 355129 519731 670550 536374 395211 147217 407159 259462 368390 415456 465763 209808 335291 483666 505514 544566 523808 378206 491123 442332 225276 668271 165702 744931 395203 447306 326132 345267 572726 461230 173470 583651 362705 559155 400231 314914 435562 412803 319780 593921 281007 441987 298601 162049 593225 179016 337235 469476 434336 456711
