NAME : domp90p45v4
COMMENT : Cherkesly, Contardo & Gruson 2022
TYPE : DOMP
DIMENSION : 90
DISPLAY_DATA_TYPE : NO_DISPLAY
OPEN_FACILITIES : 45
COST_SECTION
 1 561713 718609 366820 439709 227013 670395 323261 441891 622849 855955 13350 532007 704269 795687 616534 340000 165590 588204 926902 277198 471567 407805 563513 308051 864785 517062 676919 797918 471018 375251 176974 185058 155061 180660 124624 502248 163362 548008 655751 203354 332288 314837 617320 713985 751067 954651 454792 538456 797087 650330 879718 282268 371809 93801 310533 632650 359800 471966 663786 371349 689769 74728 995476 461773 147407 186878 641713 608816 662225 855560 298329 531009 743631 414341 433627 585472 553438 333383 505522 743543 758730 664473 421237 177696 290099 580334 289064 892769 708887
 561713 1 220185 497492 176967 401010 642110 600297 243868 398059 343810 553761 459562 366265 381772 206028 369681 486873 113205 509687 388261 335794 396867 370398 477855 500293 541944 120436 245083 272489 468954 487708 383800 511783 616885 686320 100488 493718 60863 738783 401111 282095 269906 137316 348467 639091 516935 163588 59767 637858 771151 520738 282175 194365 608008 431233 84848 660255 154614 527587 697259 217428 591110 574025 100475 414556 691471 863375 458053 105222 441444 671295 819291 251581 325596 197905 331472 188556 250664 129000 813621 804214 310634 343791 475542 439089 72675 510345 479464 822946
 718609 220185 1 537261 279026 515325 567932 660469 295823 602664 137750 708273 421895 212617 177200 120183 437391 604256 309713 293549 594925 555482 616414 311138 542570 301049 518842 136625 136027 290263 505898 600894 560235 701566 726211 840534 320607 684602 277562 692460 527439 392194 403848 318516 520659 528590 297494 263819 278872 506703 734616 321417 462497 355703 781583 500205 140835 714043 374558 432506 752691 40057 729877 355534 298282 579088 872525 853314 379619 210327 229897 748434 840920 31397 545270 287152 257284 398466 450872 348720 750397 732448 495189 373291 590569 515715 273173 580670 265613 775949
 366820 497492 537261 1 320536 185937 303862 127217 259518 772719 655421 353595 185469 424960 535218 417085 131421 202494 586447 645912 495541 632620 617059 262890 60297 564798 150275 569592 659637 249358 31365 190596 361468 471545 252294 443241 506533 466603 525098 311763 215024 233660 268733 617800 798195 386453 682307 334151 515430 436774 322452 574969 361434 343165 460443 85450 525164 176921 515132 310143 215538 498328 322928 708801 432765 328467 552487 377250 270524 596797 583537 222664 321801 549972 579474 299700 307872 608594 423609 531113 401065 409126 749516 165425 192328 95360 556026 81295 614326 382258
 439709 176967 279026 320536 1 242410 492607 425401 75304 506662 416248 429278 303492 308014 374416 181717 193383 331666 271371 510462 355916 396584 423087 238403 302536 468425 375491 261419 370656 116082 292167 329993 289527 435720 458666 561528 201863 420164 208751 574654 250757 117338 124874 301614 497468 510612 531602 16178 199766 524018 603362 486879 201097 96000 505479 256010 215104 484816 229361 397177 522259 250427 452243 579658 127231 302595 598550 688867 324404 277884 437328 500774 642336 303989 360617 21921 219984 312141 216676 232280 654173 648491 452340 171227 318726 265560 237735 336445 476500 657548
 227013 401010 515325 185937 242410 1 476981 226662 223921 604703 649693 214273 315857 478486 573433 404220 114280 89365 464159 702459 310016 458366 434466 336836 130233 638152 323445 501320 613063 247344 179182 87783 175593 295417 217094 336776 376716 287859 409146 497695 30440 125086 131601 496040 650152 543364 731722 258581 398911 583093 507141 652876 188339 211736 312679 104526 454985 286308 369813 447083 318233 482348 218134 770596 312664 145505 409642 545825 387076 506225 631963 276936 465710 537062 402659 229793 358818 464149 254741 393855 586958 594307 599856 194416 76324 90628 442587 141331 668482 567190
 670395 642110 567932 303862 492607 476981 1 377907 417645 997789 635967 657221 189748 368411 468473 470697 379353 506340 752147 522383 773587 876107 880756 273577 363611 426788 154618 661613 703821 377560 300076 494457 648326 771058 537473 738817 693194 764482 690621 141544 507409 468452 511473 778982 985645 109888 565291 498319 683225 175149 191348 426119 620961 561557 764122 373231 628666 384286 721412 138746 408706 530138 622482 566134 619629 622453 855249 333653 190543 716097 486883 462735 385144 563654 830552 471969 320646 804015 671550 724484 182654 165434 942612 335738 495919 390401 713494 381874 500961 216005
 323261 600297 660469 127217 425401 226662 377907 1 373782 830676 781271 311498 304184 551683 662294 540431 232694 187303 678709 771264 519637 682724 651019 389558 122921 688201 241918 682912 779228 370497 157547 176403 382630 457954 162667 367012 593911 458038 619867 336289 246335 321125 345917 710607 875257 476140 808276 440414 609803 533515 327421 697430 414746 426559 414222 169391 637392 60816 593012 418231 96963 622091 260561 833161 524099 339530 496079 329984 389240 703093 709934 97015 239571 674536 625931 406304 435086 687672 481347 614380 422325 439899 825204 287186 185702 161687 652350 90791 740085 385675
 441891 243868 295823 259518 75304 223921 417645 373782 1 580703 427397 430181 228302 269894 354120 180918 143361 311183 344358 486974 404579 466006 485437 170917 252012 432863 301212 310334 406511 45023 229406 306849 316519 463550 430601 558338 277108 449771 281638 500077 240806 111096 141878 373906 572434 439345 513213 83396 273052 456592 529765 449830 243825 153668 517369 207331 265665 431093 303828 326436 469372 260697 441812 556034 202521 318459 613285 619561 253792 338917 414818 456588 579660 315331 426453 54325 163813 387444 274451 307576 579037 573192 527552 99965 297149 221247 309097 288882 452732 583304
 622849 398059 602664 772719 506662 604703 997789 830676 580703 1 698214 623395 808051 763701 775176 603438 646852 655944 293406 895964 345656 152719 221619 742224 728183 896295 869418 469602 561163 622741 753188 663907 463128 486297 766734 722919 314452 471053 337466 1067035 584520 544103 505107 285363 149406 1015799 896355 503115 340570 1023759 1088497 916828 416424 439538 608081 688483 463451 889162 277428 902254 918337 609696 687701 955815 381959 510956 645951 1147408 829746 397981 831906 864650 1070172 632676 211235 526532 713840 209571 350782 281247 1151266 1149070 130977 665315 652294 684502 332015 745647 868237 1146274
 855955 343810 137750 655421 416248 649693 635967 781271 427397 698214 1 845498 518096 268216 173894 246702 565698 738063 414098 225338 727723 671578 739206 408525 667205 275973 615297 234970 143903 415679 624322 734111 697733 838284 857537 977478 443073 821151 395395 770376 663089 527892 541121 414634 595167 575387 210164 401229 398789 539081 816126 293026 599449 493161 919328 626925 259199 831962 497248 497228 870414 167389 865635 269981 430841 716832 1010123 944347 459413 301592 190113 872325 945443 112767 667926 423413 355638 505193 584864 467780 817078 794734 579221 495783 724172 643685 383338 705759 210466 850803
 13350 553761 708273 353595 429278 214273 657221 311498 430181 623395 845498 1 518681 691890 783796 605442 327025 152254 582450 914758 277986 471644 409835 550597 294763 852230 503823 668350 788925 458851 361921 163657 180046 161444 171707 133283 496045 168491 541257 643339 191039 320918 304426 611826 712145 737739 942710 444470 531629 783739 638334 867090 275534 362959 106910 297206 623870 349064 466898 650452 361477 679107 68340 983274 454066 140329 200226 631327 595570 654818 843520 289047 521524 733077 414070 422804 572896 549536 328314 500113 731256 746237 662436 408373 164347 276761 573765 276013 880644 697011
 532007 459562 421895 185469 303492 315857 189748 304184 228302 808051 518096 518681 1 261418 374002 309868 205918 367605 567159 471070 594363 687335 695447 111076 232143 385038 97532 493958 555906 189707 164239 357095 476503 609827 437079 621539 504826 600831 504966 281047 345560 283562 326694 595091 798863 230323 509861 309939 497125 267249 317883 393571 437559 372377 623118 221475 456435 339804 531844 131904 375579 381971 498984 530809 430697 457381 718702 431420 85346 541182 414284 401127 428130 425681 642972 282598 165136 615460 484713 535708 354097 345956 754911 148368 354704 242005 529528 263973 441299 365737
 704269 366265 212617 424960 308014 478486 368411 551683 269894 763701 268216 691890 261418 1 112626 160305 371337 557360 476729 225606 663910 683241 723753 162127 452517 162972 355729 333477 344108 234285 396100 550086 586093 733299 658472 814506 453016 719272 426396 502181 500917 380011 411445 494807 706714 317525 258880 300626 423141 294211 548171 180214 507056 404011 784285 421491 315794 594915 499990 229766 632129 181160 693365 292664 399157 587829 880880 678440 193212 401991 159058 647622 688174 201103 656956 300336 121786 554195 523623 485919 550344 529363 673624 289728 542992 441508 436042 490389 192347 582689
 795687 381772 177200 535218 374416 573433 468473 662294 354120 775176 173894 783796 374002 112626 1 196714 471775 656173 481859 136248 724493 715132 766993 273287 559546 123871 467800 313684 283334 326094 505751 649791 662696 809617 763019 910123 478807 794349 442177 606169 593308 464913 490627 493396 697761 402308 159104 363383 441503 365226 653498 144217 575042 467499 871121 525852 311932 706702 530619 330605 744111 165529 790885 205297 439335 670492 966579 786867 303416 387262 63231 757676 800180 151669 697253 372370 228062 567825 580253 509762 647561 623937 671372 392170 641798 545202 443324 597852 102668 684388
 616534 206028 120183 417085 181717 404220 470697 540431 180918 603438 246702 605442 309868 160305 196714 1 319525 492017 317218 332725 527818 527102 573459 201742 423199 303663 405233 191454 247859 170702 385721 487766 471199 617027 610840 735841 294017 601201 266092 586933 419220 284916 303696 336664 549323 448265 351168 169149 262916 438947 626653 323558 380145 271978 685992 381565 163334 593861 342677 342250 632509 81792 621403 401389 245634 483386 779775 739945 280176 251891 259920 629005 722695 135504 504743 183664 150501 393908 383544 326635 651006 636113 514646 253251 478023 397732 276406 461477 299368 671350
 340000 369681 437391 131421 193383 114280 379353 232694 143361 646852 565698 327025 205918 371337 471775 319525 1 186117 455467 596754 394264 511334 505295 223680 109862 528245 231923 450401 549803 150564 107371 178763 271249 404394 293436 444324 375112 395046 394478 423113 142278 103503 141979 486945 667258 435863 628138 208066 384710 472096 441896 542221 245006 212513 426888 64144 404762 291611 384640 335449 329296 400885 322367 663978 301467 251673 523789 507922 273412 471255 527895 313261 451388 455018 460876 173787 249959 477656 302056 399839 509984 512239 618838 82234 171775 78325 425840 145777 563159 500218
 165590 486873 604256 202494 331666 89365 506340 187303 311183 655944 738063 152254 367605 557360 656173 492017 186117 1 543205 782631 333664 505037 466611 407884 142936 714108 352341 589698 702279 330942 209677 12188 197825 276096 130125 258948 454845 274089 490852 502045 86210 214392 217106 574808 715754 585495 813440 347827 480636 631732 502603 727790 248367 294438 258618 146673 543432 239615 441636 499084 264604 570838 136377 850023 395187 152961 352365 517281 446301 592013 713294 209048 422244 625568 447080 319147 436073 534334 314722 468773 591154 603456 665112 268210 14387 125803 524437 128604 748936 562436
 588204 113205 309713 586447 271371 464159 752147 678709 344358 293406 414098 582450 567159 476729 481859 317218 455467 543205 1 603250 367750 261236 338104 482013 558977 603445 645467 179922 288144 377951 559849 546316 403335 509009 672238 710569 88546 490463 62725 843920 457495 357973 334531 31955 235455 751945 605320 261065 71635 751048 874116 623993 308293 253280 618401 512979 170045 739459 119590 640095 774955 316470 629634 664278 154754 442768 692030 959283 570007 114806 538555 740704 906594 340092 269252 293281 444375 91097 255699 83942 920987 912887 197695 442543 533775 517432 40868 587919 575080 927473
 926902 509687 293549 645912 510462 702459 522383 771264 486974 895964 225338 914758 471070 225606 136248 332725 596754 782631 603250 1 860535 845132 900136 384241 676867 95670 557002 427227 365402 455908 618181 775515 798165 945256 883657 1039046 608682 930136 569010 663917 723776 598063 625332 611138 807199 434202 43109 499581 569325 381145 713542 99844 711226 603743 1004319 646916 434056 810581 661491 394806 846630 292531 918415 69292 573354 804737 1100236 853960 390386 500410 73137 867988 884044 263291 829883 507876 347382 691834 716131 638611 689138 661013 785509 515305 768251 667025 566540 714353 34249 734734
 277198 388261 594925 495541 355916 310016 773587 519637 404579 345656 727723 277986 594363 663910 724493 527818 394264 333664 367750 860535 1 195001 134992 571886 440059 823974 624759 507775 631784 448402 485594 343806 137348 150349 429251 381025 298087 132701 349746 806936 282315 313037 270961 390707 444255 823684 877405 364133 342774 851674 817150 842619 161219 259953 270903 411687 472287 573278 250175 716082 597296 578940 343318 929076 296995 180744 329798 848495 646458 468067 787717 535582 755877 625160 139262 364533 568052 306928 144942 286025 895920 901751 396473 448050 333986 400235 375454 445813 827161 877205
 471567 335794 555482 632620 396584 458366 876107 682724 466006 152719 671578 471644 687335 683241 715132 527102 511334 505037 261236 845132 195001 1 89988 634804 584829 829940 739770 436768 549365 510322 615422 513386 310753 340588 614159 575281 236515 324274 278169 934351 436455 411330 369862 270571 255500 905340 852670 396915 276623 920599 952492 850079 271747 315113 462692 547428 415971 740377 184767 792394 768545 552607 535367 909805 284433 358520 509753 1003672 719679 375958 775995 713249 922252 586835 58553 413836 614453 173182 209484 206838 1020596 1020977 211433 540430 502005 541566 288358 599697 814435 1011267
 407805 396867 616414 617059 423087 434466 880756 651019 485437 221619 739206 409835 695447 723753 766993 573459 505295 466611 338104 900136 134992 89988 1 656353 564391 876893 737135 506465 623937 530460 603811 476319 268854 265486 564203 502477 296556 250944 343980 925888 408811 412444 369342 351669 342190 920411 911030 426758 340426 941694 939492 896588 260429 331863 386831 531851 480440 705924 242316 809288 730955 608886 476407 966551 327976 314311 425910 978239 737427 451137 829206 670244 888665 647758 71312 437182 642970 255198 211860 271714 1013967 1017383 300060 547082 465991 522747 359860 573759 868277 999195
 563513 370398 311138 262890 238403 336836 273577 389558 170917 742224 408525 550597 111076 162127 273287 201742 223680 407884 482013 384241 571886 634804 656353 1 292963 307991 208525 390091 445719 125895 234327 399405 471320 614678 500682 666822 430217 602879 421694 385203 362884 262591 302240 507687 717011 273622 419750 239746 415018 286052 425171 320640 410688 324553 649080 265800 355546 433449 465142 160145 470965 271315 544136 448770 360269 463102 746148 542318 88284 442626 320681 485547 536921 314610 596906 221100 54062 540626 445217 462758 451027 438047 675919 142442 393743 286513 442530 330193 352086 469668
 308051 477855 542570 60297 302536 130233 363611 122921 252012 728183 667205 294763 232143 452517 559546 423199 109862 142936 558977 676867 440059 584829 564391 292963 1 600133 209425 560246 658328 252498 68655 131220 304544 411416 208411 389862 475668 406707 499237 369554 157964 201090 230154 590763 762219 443403 711376 317505 489264 491485 377185 611738 313118 309010 401423 46623 514623 182415 478802 361427 219724 504981 267929 741732 404229 269738 494349 419282 314983 580318 611517 205864 349369 558344 530269 283384 331805 573234 377511 497848 459027 468195 712745 171594 132311 43792 531357 38675 644318 437294
 864785 500293 301049 564798 468425 638152 426788 688201 432863 896295 275973 852230 385038 162972 123871 303663 528245 714108 603445 95670 823974 829940 876893 307991 600133 1 467015 437440 401720 396610 538459 706139 749010 896245 808327 972562 594856 882156 561089 568330 661640 542827 574387 616087 821482 339170 138717 459848 559680 287935 618008 20552 668701 564145 946171 573720 434046 724667 645201 300662 759932 287210 850476 146323 549265 750627 1042940 758739 301931 510936 85939 785204 791215 275282 808391 462091 279343 687914 681982 626652 593904 566122 794533 446016 699828 594353 564296 636661 79229 639108
 517062 541944 518842 150275 375491 323445 154618 241918 301212 869418 615297 503823 97532 355729 467800 405233 231923 352341 645467 557002 624759 739770 737135 208525 209425 467015 1 585757 652245 269523 145536 340558 496505 616692 393547 590802 576674 610389 582767 199340 353807 328463 370431 674713 872733 238198 597237 384606 574251 292521 229208 473094 476739 429880 610632 219209 546468 264671 597601 178700 297040 478850 472029 613309 501331 468924 702731 334792 167030 629069 504402 335359 332446 523121 691110 353689 262560 685774 531721 605846 281849 281258 826914 205856 341638 235943 609561 230087 528865 282104
 676919 120436 136625 569592 261419 501320 661613 682912 310334 469602 234970 668350 493958 333477 313684 191454 450401 589698 179922 427227 507775 436768 506465 390091 560246 437440 585757 1 124648 324521 539124 589080 502104 632092 718391 801463 213050 614065 162963 774143 505693 377314 373998 184267 384079 638293 426773 245486 167773 624719 811815 457859 400436 305579 726710 514322 46388 741004 266339 533596 779103 154844 701741 486222 219438 530587 811294 917808 471257 73739 365976 761537 887876 164777 435424 278271 340973 270837 371099 234828 840978 826926 358955 406132 577388 525550 148424 595693 400767 858827
 797918 245083 136027 659637 370656 613063 703821 779228 406511 561163 143903 788925 555906 344108 283334 247859 549803 702279 288144 365402 631784 549365 623937 445719 658328 401720 652245 124648 1 410279 628413 700631 625481 756671 829061 922199 335267 738669 284073 828301 620236 487993 489882 282780 452383 661571 353547 354484 289966 635927 870119 420709 523949 426127 850156 613837 165852 835084 387388 567896 873645 174911 819344 413577 343683 652474 935520 987025 515638 173431 319055 863064 969997 143043 553590 384443 392198 377926 495747 354181 886344 868134 438773 494225 689381 627273 264245 695389 346217 911893
 471018 272489 290263 249358 116082 247344 377560 370497 45023 622741 415679 458851 189707 234285 326094 170702 150564 330942 377951 455908 448402 510322 530460 125895 252498 396610 269523 324521 410279 1 218150 325187 355900 502164 443845 584079 315638 488991 315552 466546 267881 146961 182295 406409 609158 395276 484456 120781 307564 411642 498721 412826 287334 198676 550021 211267 282105 425168 345402 282109 463789 252485 464928 524464 242319 354337 646596 595497 209365 361257 384872 458316 563773 305949 471316 96849 121904 426457 319422 346991 543072 535652 565365 83956 316618 228127 340970 290794 421803 550553
 375251 468954 505898 31365 292167 179182 300076 157547 229406 753188 624322 361921 164239 396100 505751 385721 107371 209677 559849 618181 485594 615422 603811 234327 68655 538459 145536 539124 628413 218150 1 198316 354011 471189 273433 458459 481240 465062 498134 322162 209312 210832 248120 591018 774363 375820 654065 305407 488578 423010 337164 549185 345665 319847 468203 74699 494897 208248 491968 292822 246875 466975 336581 681723 406899 324268 561915 400962 248076 567444 554945 251950 350695 518668 563423 271050 278012 584793 405965 506648 410670 416237 726082 134266 198076 90439 528659 100030 586296 396279
 176974 487708 600894 190596 329993 87783 494457 176403 306849 663907 734111 163657 357095 550086 649791 487766 178763 12188 546316 775515 343806 513386 476319 399405 131220 706139 340558 589080 700631 325187 198316 1 207466 288175 129442 267753 458115 286036 493184 489880 88835 212664 217806 578011 721728 574111 806703 346170 482955 620716 490575 719625 254363 296242 270214 136709 542753 229627 446258 488411 255506 567044 144796 842707 397188 163286 363604 506293 436325 592914 706498 202012 412355 621764 455590 316816 428605 539371 321012 472796 579002 591271 671113 260567 12566 115719 526746 116417 741903 550433
 185058 383800 560235 361468 289527 175593 648326 382630 316519 463128 697733 180046 476503 586093 662696 471199 271249 197825 403335 798165 137348 310753 268854 471320 304544 749010 496505 502104 625481 355900 354011 207466 1 147346 303756 307410 318045 133255 365027 673225 146638 209651 174681 432294 537968 706785 820690 302271 355732 740456 681648 766218 101694 204573 224676 279384 459677 437080 286947 603659 462356 536205 234150 867456 283343 47866 312519 711178 537390 481212 725166 403586 619817 587827 252258 290336 477739 370068 148348 320481 762526 769801 487666 336251 197223 266215 396798 308708 764015 741783
 155061 511783 701566 471545 435720 295417 771058 457954 463550 486297 838284 161444 609827 733299 809617 617027 404394 276096 509009 945256 150349 340588 265486 614678 411416 896245 616692 632092 756671 502164 471189 288175 147346 1 331929 237010 431831 18546 482497 777627 265125 355319 321859 534234 593435 838532 967289 447879 474318 876483 778647 913362 239156 347048 122138 397922 592294 502241 389500 739832 518407 679554 229437 1014541 413348 152905 183021 784956 676290 601488 872212 448051 679243 730042 287759 437383 623754 455018 261648 425418 866903 878308 546230 476209 282808 380755 511308 403873 911134 838412
 180660 616885 726211 252294 458666 217094 537473 162667 430601 766734 857537 171707 437079 658472 763019 610840 293436 130125 672238 883657 429251 614159 564203 500682 208411 808327 393547 718391 829061 443845 273433 129442 303756 331929 1 204418 583742 336977 620668 497755 216281 341497 347011 703695 837056 631417 917182 474839 610464 685620 485301 820100 372017 424534 263266 237246 672043 185076 568018 562127 191859 691264 108054 949190 525205 255890 337519 463341 521457 722056 817015 117783 350530 745842 555609 444724 536914 659360 436662 596409 582321 601324 786427 370905 141419 217851 654258 173412 850745 541772
 124624 686320 840534 443241 561528 336776 738817 367012 558338 722919 977478 133283 621539 814506 910123 735841 444324 258948 710569 1039046 381025 575281 502477 666822 389862 972562 590802 801463 922199 584079 458459 267753 307410 237010 204418 1 625418 251867 671839 701916 317534 450928 436848 739168 824562 828828 1068496 576888 662373 880001 687911 986491 406306 496186 117848 403926 757086 385500 593185 751279 384489 810693 123097 1106980 586324 271874 146501 652837 702726 786598 968724 309242 532459 864886 520286 554226 693842 671598 455003 627359 785756 805415 776010 526557 273083 382868 703936 361962 1005125 743252
 502248 100488 320607 506533 201863 376716 693194 593911 277108 314452 443073 496045 504826 453016 478807 294017 375112 454845 88546 608682 298087 236515 296556 430217 475668 594856 576674 213050 335267 315638 481240 458115 318045 431831 583742 625418 1 413371 51666 775993 369281 274790 248371 119973 296135 703647 616951 194936 45348 709614 803439 615135 220928 167366 536842 430235 183986 654724 54248 590317 689668 316154 541847 673661 75456 355939 614296 882061 518322 170365 539497 653561 824551 352001 225253 223378 399669 110880 172569 33254 856014 850256 250487 371190 445564 433384 79698 503218 577921 858438
 163362 493718 684602 466603 420164 287859 764482 458038 449771 471053 821151 168491 600831 719272 794349 601201 395046 274089 490463 930136 132701 324274 250944 602879 406707 882156 610389 614065 738669 488991 465062 286036 133255 18546 336977 251867 413371 1 464082 774323 257441 342405 307918 515701 576405 830103 951759 432075 455933 867029 776528 899425 222452 330615 138620 391266 574455 503901 370956 730262 521319 662979 236824 999405 395494 143469 201567 786251 665946 583091 857054 452060 682244 713219 270788 422360 610755 436692 243423 406875 863715 874439 528971 465379 279946 374667 492827 400867 896050 836436
 548008 60863 277562 525098 208751 409146 690621 619867 281638 337466 395395 541257 504966 426396 442177 266092 394478 490852 62725 569010 349746 278169 343980 421694 499237 561089 582767 162963 284073 315552 498134 493184 365027 482497 620668 671839 51666 464082 1 781288 404695 298744 278131 93012 295408 692987 575006 198341 10238 694276 811393 581544 265761 197413 585834 452989 137847 680496 103511 580581 716438 277335 584451 632649 96609 400929 664638 897054 509886 119075 501413 684551 845847 308859 272786 230649 385888 127897 221978 72388 858624 850824 254708 379871 480721 458270 33591 529127 539185 864793
 655751 738783 692460 311763 574654 497695 141544 336289 500077 1067035 770376 643339 281047 502181 606169 586933 423113 502045 843920 663917 806936 934351 925888 385203 369554 568330 199340 774143 828301 466546 322162 489880 673225 777627 497755 701916 775993 774323 781288 1 526707 523768 564553 872804 1072018 241768 706810 583445 772920 306458 50220 567563 666930 627786 748363 395314 737339 320178 796587 275739 333074 653414 596442 707258 700665 639279 832231 194174 313681 822217 627357 400729 264817 691390 883873 552895 437253 885096 725166 805177 89495 103619 1026254 405144 494822 407085 807449 373767 642271 84722
 203354 401111 527439 215024 250757 30440 507409 246335 240806 584520 663089 191039 345560 500917 593308 419220 142278 86210 457495 723776 282315 436455 408811 362884 157964 661640 353807 505693 620236 267881 209312 88835 146638 265125 216281 317534 369281 257441 404695 526707 1 135261 131904 489180 635673 573505 752060 266764 394475 612724 535140 676775 169742 208254 286237 134748 459588 304673 358181 476517 334747 495755 202546 792250 308978 115118 383318 569826 415648 506166 652684 287959 485905 550323 379924 240381 382436 451758 236715 384186 616064 623862 585162 220561 76285 120054 438276 165006 689682 595256
 332288 282095 392194 233660 117338 125086 468452 321125 111096 544103 527892 320918 283562 380011 464913 284916 103503 214392 357973 598063 313037 411330 412444 262591 201090 542827 328463 377314 487993 146961 210832 212664 209651 355319 341497 450928 274790 342405 298744 523768 135261 1 43155 389802 564565 511322 624014 133513 288688 538727 544400 559380 154121 109523 406320 155448 330928 381760 281497 403050 417756 360607 337781 667130 203224 207818 502190 610836 333638 386689 525848 389200 549764 415127 363071 105297 268437 374984 203652 297996 609413 609707 515859 135638 201393 159552 331266 230404 563820 602243
 314837 269906 403848 268733 124874 131601 511473 345917 141878 505107 541121 304426 326694 411445 490627 303696 141979 217106 334531 625332 270961 369862 369342 302240 230154 574387 370431 373998 489882 182295 248120 217806 174681 321859 347011 436848 248371 307918 278131 564553 131904 43155 1 366483 532083 554167 649357 140064 267910 580751 583871 591544 111180 81254 382360 186635 328006 406719 248648 445426 441362 375087 329610 694595 181528 180165 476687 645615 375507 375109 552563 406497 579389 428820 320705 120040 304146 343111 161292 268533 650763 651670 482701 178650 205639 186871 311449 255454 591111 642163
 617320 137316 318516 617800 301614 496040 778982 710607 373906 285363 414634 611826 595091 494807 493396 336664 486945 574808 31955 611138 390707 270571 351669 507687 590763 616087 674713 184267 282780 406409 591018 578011 432294 534234 703695 739168 119973 515701 93012 872804 489180 389802 366483 1 212788 776017 610994 290829 102443 773226 903595 636631 338485 285231 645315 544717 182313 771350 146346 664787 806879 328974 659911 670486 186580 472495 717160 990065 595368 113128 548358 772628 938179 348018 284815 323487 468446 97396 284181 111829 949129 940468 179306 472585 565464 549290 65577 619817 584018 956558
 713985 348467 520659 798195 497468 650152 985645 875257 572434 149406 595167 712145 798863 706714 697761 549323 667258 715754 235455 807199 444255 255500 342190 717011 762219 821482 872733 384079 452383 609158 774363 721728 537968 593435 837056 824562 296135 576405 295408 1072018 635673 564565 532083 212788 1 987400 801615 489421 302491 985844 1099523 841918 467414 455043 714970 718422 391773 935662 283490 875473 968352 536347 771431 861822 371573 584795 765208 1175179 805138 310556 749109 923339 1111230 547994 305677 519163 679825 189609 401155 268194 1151426 1144787 50662 667324 709391 718800 275797 785944 782668 1154565
 751067 639091 528590 386453 510612 543364 109888 476140 439345 1015799 575387 737739 230323 317525 402308 448265 435863 585495 751945 434202 823684 905340 920411 273622 443403 339170 238198 638293 661571 395276 375820 574111 706785 838532 631417 828828 703647 830103 692987 241768 573505 511322 554167 776017 987400 1 477283 512944 686810 65601 291802 335060 665346 591449 843961 443851 611359 488440 738589 113557 514923 494089 709335 471089 633845 686660 937663 435921 186236 699979 409054 565087 494493 518614 864568 492090 307620 813815 708633 736288 255043 226974 947681 375776 573769 463106 711741 467351 416904 303418
 954651 516935 297494 682307 531602 731722 565291 808276 513213 896355 210164 942710 509861 258880 159104 351168 628138 813440 605320 43109 877405 852670 911030 419750 711376 138717 597237 426773 353547 484456 654065 806703 820690 967289 917182 1068496 616951 951759 575006 706810 752060 624014 649357 610994 801615 477283 1 519872 576082 423916 756385 142653 731268 623146 1030195 680042 438142 848786 670464 436970 885149 302221 948693 60230 586379 829358 1125571 896569 430326 498797 100274 904766 925366 266310 840270 530575 380268 695121 732558 645832 732235 704065 782429 547375 799054 699876 570027 749180 68565 777816
 454792 163588 263819 334151 16178 258581 498319 440414 83396 503115 401229 444470 309939 300626 363383 169149 208066 347827 261065 499581 364133 396915 426758 239746 317505 459848 384606 245486 354484 120781 305407 346170 302271 447879 474839 576888 194936 432075 198341 583445 266764 133513 140064 290829 489421 512944 519872 1 189683 524344 613067 478557 211662 104588 519592 271053 199208 499648 225725 399394 537207 235922 468074 568679 121696 316698 612243 700705 326754 263311 426456 516440 655898 289180 362946 34484 217783 305705 223011 226213 662021 655596 445009 181853 334898 280980 226348 351734 465739 666700
 538456 59767 278872 515430 199766 398911 683225 609803 273052 340570 398789 531629 497125 423141 441503 262916 384710 480636 71635 569325 342774 276623 340426 415018 489264 559680 574251 167773 289966 307564 488578 482955 355732 474318 610464 662373 45348 455933 10238 772920 394475 288688 267910 102443 302491 686810 576082 189683 1 688902 802736 580097 256189 187177 576953 443046 140246 670447 98760 574207 706351 277171 574536 633421 86394 391305 656257 887732 503266 127195 501205 674341 836051 310237 269138 221681 380039 131197 213400 69876 850592 843049 260964 370967 470493 448227 43802 519054 539195 856321
 797087 637858 506703 436774 524018 583093 175149 533515 456592 1023759 539081 783739 267249 294211 365226 438947 472096 631732 751048 381145 851674 920599 941694 286052 491485 287935 292521 624719 635927 411642 423010 620716 740456 876483 685620 880001 709614 867029 694276 306458 612724 538727 580751 773226 985844 65601 423916 524344 688902 1 356287 281307 691430 610226 889077 487236 601867 549109 748140 136839 576804 474997 759111 413105 642917 723748 983964 500421 205293 690043 363611 624444 560045 493244 882912 507117 309950 818294 730081 742695 312955 282653 948348 404991 619393 507265 710348 518066 366940 364671
 650330 771151 734616 322452 603362 507141 191348 327421 529765 1088497 816126 638334 317883 548171 653498 626653 441896 502603 874116 713542 817150 952492 939492 425171 377185 618008 229208 811815 870119 498721 337164 490575 681648 778647 485301 687911 803439 776528 811393 50220 535140 544400 583871 903595 1099523 291802 756385 613067 802736 356287 1 617466 682680 650759 741642 407667 773810 302679 821310 323682 310159 695245 587578 757324 727984 645257 822260 144146 357691 857481 676037 381600 223025 734706 900558 581469 478107 911408 743009 831744 99877 126466 1052930 432421 496666 417255 838559 376239 691558 60166
 879718 520738 321417 574969 486879 652876 426119 697430 449830 916828 293026 867090 393571 180214 144217 323558 542221 727790 623993 99844 842619 850079 896588 320640 611738 20552 473094 457859 420709 412826 549185 719625 766218 913362 820100 986491 615135 899425 581544 567563 676775 559380 591544 636631 841918 335060 142653 478557 580097 281307 617466 1 686828 582710 961797 586409 454596 732604 665361 303504 767454 307761 864161 141576 569092 767092 1058661 759069 309526 531381 103073 794441 794713 295450 828218 480128 294344 708414 700953 646980 590100 561626 815055 460005 713551 607149 584832 647904 90042 636715
 282268 282175 462497 361434 201097 188339 620961 414746 243825 416424 599449 275534 437559 507056 575042 380145 245006 248367 308293 711226 161219 271747 260429 410688 313118 668701 476739 400436 523949 287334 345665 254363 101694 239156 372017 406306 220928 222452 265761 666930 169742 154121 111180 338485 467414 665346 731268 211662 256189 691430 682680 686828 1 108418 326283 276056 358211 473869 197105 556425 504456 440530 321426 780339 181702 135223 412588 732179 486137 380508 638095 456200 654017 490889 218048 206730 407569 287353 66981 227803 754492 757236 416784 289756 242073 269819 298235 329241 677351 741933
 371809 194365 355703 343165 96000 211736 561557 426559 153668 439538 493161 362959 372377 404011 467499 271978 212513 294438 253280 603743 259953 315113 331863 324553 309010 564145 429880 305579 426127 198676 319847 296242 204573 347048 424534 496186 167366 330615 197413 627786 208254 109523 81254 285231 455043 591449 623146 104588 187177 610226 650759 582710 108418 1 427358 264159 260913 487374 172127 479168 522321 332544 397179 672742 101018 226797 517028 720279 406792 298789 530653 487603 658307 383531 273206 106459 312644 265463 121939 188887 711729 709839 406393 226550 283848 266345 230873 335896 569993 707811
 93801 608008 781583 460443 505479 312679 764122 414222 517369 608081 919328 106910 623118 784285 871121 685992 426888 258618 618401 1004319 270903 462692 386831 649080 401423 946171 610632 726710 850156 550021 468203 270214 224676 122138 263266 117848 536842 138620 585834 748363 286237 406320 382360 645315 714970 843961 1030195 519592 576953 889077 741642 961797 326283 427358 1 401909 684346 447008 499122 755017 455010 755444 155761 1073323 507662 202900 97084 726584 698334 703576 932167 380160 612126 808213 409396 502383 667625 570981 364274 534468 835760 851541 667371 506683 270195 381814 616458 382864 970083 799743
 310533 431233 500205 85450 256010 104526 373231 169391 207331 688483 626925 297206 221475 421491 525852 381565 64144 146673 512979 646916 411687 547428 531851 265800 46623 573720 219209 514322 613837 211267 74699 136709 279384 397922 237246 403926 430235 391266 452989 395314 134748 155448 186635 544717 718422 443851 680042 271053 443046 487236 407667 586409 276056 264159 401909 1 468579 229035 434935 353279 266275 463198 280830 712965 358277 249818 497258 459550 299652 533739 579839 249274 394334 517020 494074 237017 299804 529119 338687 453032 484234 490571 669210 134033 133436 21058 484998 81634 613830 467345
 632650 84848 140835 525164 215104 454985 628666 637392 265665 463451 259199 623870 456435 315794 311932 163334 404762 543432 170045 434056 472287 415971 480440 355546 514623 434046 546468 46388 165852 282105 494897 542753 459677 592294 672043 757086 183986 574455 137847 737339 459588 330928 328006 182313 391773 611359 438142 199208 140246 601867 773810 454596 358211 260913 684346 468579 1 695727 238217 504041 733735 146836 656253 496360 178962 486814 770188 876942 439182 88620 368588 715438 844392 171850 409129 232177 308725 257778 332671 209912 806357 793530 361424 362603 531082 479559 132490 549852 405359 822058
 359800 660255 714043 176921 484816 286308 384286 60816 431093 889162 831962 349064 339804 594915 706702 593861 291611 239615 739459 810581 573278 740377 705924 433449 182415 724667 264671 741004 835084 425168 208248 229627 437080 502241 185076 385500 654724 503901 680496 320178 304673 381760 406719 771350 935662 488440 848786 499648 670447 549109 302679 732604 473869 487374 447008 229035 695727 1 653636 443367 38650 675200 291261 870586 584818 392566 522424 282835 423079 762667 751735 80836 182744 726889 683191 465397 481510 748288 540650 675161 401277 422736 885546 341305 240000 222233 712913 151559 780298 357781
 471966 154614 374558 515132 229361 369813 721412 593012 303828 277428 497248 466898 531844 499990 530619 342677 384640 441636 119590 661491 250175 184767 242316 465142 478802 645201 597601 266339 387388 345402 491968 446258 286947 389500 568018 593185 54248 370956 103511 796587 358181 281497 248648 146346 283490 738589 670464 225725 98760 748140 821310 665361 197105 172127 499122 434935 238217 653636 1 625033 687133 369093 517228 726875 105224 328605 572514 892332 552446 218942 591792 645779 827975 405943 171018 249533 438799 94663 138601 36018 878874 875039 234415 391962 433725 435464 125764 503185 630419 877688
 663786 527587 432506 310143 397177 447083 138746 418231 326436 902254 497228 650452 131904 229766 330605 342250 335449 499084 640095 394806 716082 792394 809288 160145 361427 300662 178700 533596 567896 282109 292822 488411 603659 739832 562127 751279 590317 730262 580581 275739 476517 403050 445426 664787 875473 113557 436970 399394 574207 136839 323682 303504 556425 479168 755017 353279 504041 443367 625033 1 475355 395696 629220 445075 520304 587038 850536 460680 72786 592493 352834 513162 491241 426600 752374 378837 196752 700624 597430 622894 320642 300549 835165 268579 486331 373702 600129 390852 370458 354046
 371349 697259 752691 215538 522259 318233 408706 96963 469372 918337 870414 361477 375579 632129 744111 632509 329296 264604 774955 846630 597296 768545 730955 470965 219724 759932 297040 779103 873645 463789 246875 255506 462356 518407 191859 384489 689668 521319 716438 333074 334747 417756 441362 806879 968352 514923 885149 537207 706351 576804 310159 767454 504456 522321 455010 266275 733735 38650 687133 475355 1 713838 299878 906033 620484 416725 525384 271621 458058 800011 788495 75654 160926 765491 710935 503033 519453 781710 571402 709437 409896 433685 918083 379939 266623 258510 749022 187373 816618 362122
 689769 217428 40057 498328 250427 482348 530138 622091 260697 609696 167389 679107 381971 181160 165529 81792 400885 570838 316470 292531 578940 552607 608886 271315 504981 287210 478850 154844 174911 252485 466975 567044 536205 679554 691264 810693 316154 662979 277335 653414 495755 360607 375087 328974 536347 494089 302221 235922 277171 474997 695245 307761 440530 332544 755444 463198 146836 675200 369093 395696 713838 1 698294 357870 284798 552575 847610 813381 341102 226559 224083 710794 800966 54730 538241 256468 217555 402366 434109 346192 712396 694996 507758 334945 556994 479163 277797 543240 262042 737083
 74728 591110 729877 322928 452243 218134 622482 260561 441812 687701 865635 68340 498984 693365 790885 621403 322367 136377 629634 918415 343318 535367 476407 544136 267929 850476 472029 701741 819344 464928 336581 144796 234150 229437 108054 123097 541847 236824 584451 596442 202546 337781 329610 659911 771431 709335 948693 468074 574536 759111 587578 864161 321426 397179 155761 280830 656253 291261 517228 629220 299878 698294 1 986011 493360 189122 235907 571231 579776 694411 848672 225697 458373 752869 477305 442736 572262 603411 379710 549011 682879 699963 721310 404531 150650 259772 617594 242034 884627 645174
