NAME : domp90p45v5
COMMENT : Cherkesly, Contardo & Gruson 2022
TYPE : DOMP
DIMENSION : 90
DISPLAY_DATA_TYPE : NO_DISPLAY
OPEN_FACILITIES : 45
COST_SECTION
 1 382976 483402 964166 489813 583732 365406 571165 237878 908074 359088 259900 452131 154471 551734 664796 502049 634280 711407 435610 866126 451803 776257 461348 433786 550368 635038 512108 128849 832954 750564 753793 467437 329002 473699 809075 851300 567358 645172 643888 352107 740101 159485 533778 354954 396589 922447 798384 40032 218882 758070 358424 446826 332898 240691 842704 791373 855457 259511 524572 995523 777001 202839 195590 523540 562391 230394 554910 637110 375501 503327 610141 414332 219026 612317 712878 542643 661487 472802 660672 212967 411874 471043 945750 551180 382867 346671 858868 513249 841861
 382976 1 502418 585454 354481 538615 389001 341006 547499 557448 142907 245001 205960 418025 184332 420707 579311 375320 381892 417532 756281 158877 393291 316075 56057 196815 396391 576343 256193 674624 697762 473577 121754 282328 90996 592676 624912 291272 617418 549583 141642 542060 398623 150890 364004 255616 540019 675242 344168 600651 414350 143086 418654 66208 489984 643137 495461 642330 624094 183171 618141 491457 324346 576858 439069 459580 174587 289986 257189 291242 346135 488793 85901 307258 344457 500443 345062 279812 323721 319955 172036 50122 280518 565773 399377 164893 342493 493760 248352 477983
 483402 502418 1 861419 201232 114592 129274 322832 386371 715612 360289 291275 342802 632007 660817 922589 94280 877616 869159 835577 396284 659418 757344 785667 547768 495527 897455 82600 436649 396427 268586 476820 460399 225762 554046 432844 476495 793622 162315 1015973 360928 362806 330918 578623 757950 253445 900524 341700 480336 572708 589031 360032 87227 444471 304623 441258 525496 465363 516670 466026 879840 499931 628212 554704 132631 924239 521571 365130 617451 726453 823695 201611 441193 630305 846849 361875 276549 694783 222799 522970 436355 552224 763952 854891 879157 640551 740632 717179 359846 700236
 964166 585454 861419 1 662124 812359 817561 538672 1087393 197335 624896 758193 562464 999252 459172 655506 955598 623119 475801 893933 835850 594888 211125 750477 542188 421454 659005 942192 835385 715157 883405 426874 500510 739530 498583 578474 568680 592845 870293 904652 630783 598864 941596 436896 879246 659834 153716 771984 926675 1177586 274261 625582 784256 631275 1011681 628183 387023 601671 1186811 451319 36142 413313 895857 1153467 733061 847565 757608 500297 328278 789210 748020 701790 552449 875319 605752 565231 584873 331562 646205 343208 751278 569251 699528 26140 771398 668466 860139 147701 518336 163187
 489813 354481 201232 662124 1 190894 174606 126691 490217 526032 218128 233663 159633 613341 485545 768882 295343 722093 691924 743973 411767 512152 557657 664940 388288 300967 746584 283546 395538 351668 343334 303278 280982 160812 383564 320440 363572 638691 268725 899723 222177 250466 376834 396120 674772 110432 699583 333515 470687 644544 392004 218220 122470 311811 403928 352979 350041 365918 614446 273465 681823 327694 573143 622418 89734 808394 433909 163916 421052 622783 698109 138794 276995 567763 690625 226342 80312 502354 30846 321958 356349 400353 633554 654774 752333 512992 654757 519598 161539 502353
 583732 538615 114592 812359 190894 1 218551 283718 500848 650384 397130 363815 350422 727437 676418 956977 177503 910521 882738 905737 285063 697425 734492 840755 576364 487986 933890 158869 521534 282644 171254 403232 471848 288790 573868 331509 373723 826752 78827 1074638 399738 265400 437256 586789 831321 283568 869671 227250 576230 685811 538253 397065 141033 488974 418448 333089 451350 359161 631194 462034 826874 424354 711539 667299 101369 982751 590091 338499 605068 790055 876237 113627 465348 710841 879142 274098 243349 689267 220851 487763 506260 586301 813326 809041 931247 690680 812674 665149 347529 649204
 365406 389001 129274 817561 174606 218551 1 297406 318752 695249 251911 163362 263357 509294 558787 805302 191222 761429 765629 706451 501071 542233 687360 659818 438534 419458 779217 190414 308296 476845 387422 477880 368231 106697 451238 479124 523438 677934 284108 888590 250921 406898 224274 484665 628687 163585 835919 435572 357859 485596 555159 251512 83414 327111 231984 501514 524502 520020 445953 388116 840258 502299 499815 464970 167482 797036 393057 319798 541007 598416 698596 256667 338954 501395 731227 391566 252916 609740 178292 474424 307889 439111 640327 807445 754038 517366 611423 680256 299444 662622
 571165 341006 322832 538672 126691 283718 297406 1 605487 399467 237284 312332 140568 676284 426930 725749 416949 678298 623464 755559 426327 485753 451122 656179 357521 219286 706941 403565 460116 335100 400737 187169 234631 254954 338776 256279 293094 598194 352942 887776 243782 201181 480310 331855 695038 176155 586399 344874 545654 746441 266458 237725 248689 320435 520586 303633 230746 305978 725422 200321 557089 211447 616936 723377 195379 799027 465432 61652 327229 629898 683874 186675 255145 607092 647007 160734 46721 414906 119419 204550 401426 377424 617510 532645 735226 505858 673908 394495 93748 377470
 237878 547499 386371 1087393 490217 500848 318752 605487 1 991797 464140 329425 528989 375976 730760 889874 359931 855581 913644 673288 780316 655466 923712 693641 603356 666995 860358 376063 312616 780563 643581 791073 592831 356419 635200 796709 841109 782418 538974 881763 458766 724425 149608 688145 592811 439685 1074688 728061 267873 195508 844670 463468 395385 484155 86779 815656 836070 836007 130426 636460 1114616 815548 440716 182860 481529 799904 437764 613726 775861 609708 735942 569077 545118 456518 830973 710307 564421 821507 487478 753697 384005 588703 697861 1073017 785663 596383 584435 962252 581978 944501
 908074 557448 715612 197335 526032 650384 695249 399467 991797 1 550186 671870 466194 972516 490195 749904 807910 709754 581125 930602 643060 618745 293673 794338 529350 363659 745962 792630 781449 522437 701346 248930 446531 635433 486381 386506 373326 658770 700204 983459 557002 415160 854448 430713 898914 552212 327645 582918 874271 1109232 150213 550866 647202 585286 909961 433803 203210 406290 1103496 385636 195533 230699 881742 1085237 583323 913078 730474 378846 325907 812597 802323 537011 498976 864180 685919 386790 445735 378249 517171 247405 702176 558379 743903 208710 836938 680947 878086 92456 410151 97937
 359088 142907 360289 624896 218128 397130 251911 237284 464140 550186 1 135329 99608 444776 307020 563593 439788 518072 513751 528855 627840 301491 461813 446976 187886 203485 539271 435763 235744 556479 559338 404823 129788 146349 199577 492993 530375 433999 475796 681741 7095 433490 316887 237870 463119 113562 613032 548103 327258 560127 399978 693 275882 93684 393026 537967 438050 542497 562396 173777 653365 426662 379787 536037 298870 590323 228511 204212 313105 405943 480766 356016 89002 369821 487099 396231 226568 368577 188189 303240 166554 192242 416892 609653 535353 295291 442453 506868 159941 489403
 259900 245001 291275 758193 233663 363815 163362 312332 329425 671870 135329 1 205730 379970 426471 649454 351570 607015 626871 545234 631407 388482 596960 496820 299407 337577 622468 352628 163258 583562 534961 497199 264968 77132 322210 550202 592002 524681 437065 725240 130415 482249 184162 368207 468890 136805 748181 557661 237773 439741 522456 134673 223716 179091 257834 585927 536993 597241 432497 307060 785834 520887 348919 416066 283201 633674 230363 302190 448353 435249 535966 363356 220348 347239 577652 453530 282743 500806 214060 428426 145173 293574 478831 743620 591355 356666 450886 635716 263962 618051
 452131 205960 342802 562464 159633 350422 263357 140568 528989 466194 99608 205730 1 544063 326035 611284 432459 564234 532980 616205 550581 358871 424050 521923 232130 156407 589816 424290 332542 469652 499376 305695 121487 177076 224234 396793 432919 481361 428356 755523 106521 340525 388537 238040 554631 100009 572659 469416 422447 644545 317070 100140 255768 179953 450399 443893 340294 446519 637526 125403 587908 327866 478604 620702 249087 665508 325712 104868 278553 491026 551948 285955 122259 467893 532724 301154 139136 352301 129625 224708 266117 247488 486087 550207 604791 370190 533551 433352 61348 415587
 154471 418025 632007 999252 613341 727437 509294 676284 375976 972516 444776 379970 544063 1 553961 592372 655533 570782 675784 313673 1005909 430536 797579 379205 457185 608881 563159 665035 218320 963413 896647 849597 526442 455664 501043 925564 965916 518700 792437 522545 437758 859676 313748 562606 240754 510241 934486 934878 151715 279742 825752 444208 587759 388279 392691 964122 882100 973693 355421 588427 1032951 871379 114688 264127 658942 450401 243441 648894 672667 292552 417717 742274 474922 138012 554836 828097 654869 676582 592052 728622 278574 430016 404115 978189 456659 352932 240306 911686 604717 895768
 551734 184332 660817 459172 485545 676418 558787 426930 730760 490195 307020 426471 326035 553961 1 302708 744701 255664 208350 442865 852417 135813 249459 304270 128328 212177 287550 739348 430712 753693 820485 495524 204571 453307 107573 646406 668870 182852 754142 503214 308506 612757 582409 95398 420879 407373 380553 771223 511818 770546 375337 307446 574030 249974 674315 702197 499869 693177 801808 226700 494685 506028 444529 747324 575111 426348 324419 365734 166416 331281 313040 604306 220470 422724 225369 567923 449208 127650 455660 306325 349695 142598 253715 435709 351600 210020 401397 407482 338522 395783
 664796 420707 922589 655506 768882 956977 805302 725749 889874 749904 563593 649454 611284 592372 302708 1 996515 47451 180245 325958 1152075 263313 461662 213378 380729 514643 29771 994771 579866 1055733 1110658 795477 494218 699589 388773 948923 970511 130239 1035758 253113 562304 915114 756936 397423 364984 675642 522212 1070613 628031 863468 660733 563780 839336 478692 857051 1004838 795779 995391 922468 527063 690752 804345 482409 844056 856287 218640 454452 665431 452925 299928 177555 896441 491980 460226 78832 870356 743607 376631 738110 604233 524147 371568 193811 629372 157737 298613 357875 658826 634442 651982
 502049 579311 94280 955598 295343 177503 191222 416949 359931 807910 439788 351570 432459 655533 744701 996515 1 952563 952633 885469 429360 733400 850282 847964 627533 586874 970434 19112 478586 453236 286795 566605 547466 297273 637288 508778 551190 868987 186924 1073975 439511 441503 342938 665574 805689 338970 994189 389312 506419 554313 682953 439451 177675 518161 289273 509914 615302 536475 486226 556879 973815 589232 667510 539240 224705 982944 577257 459257 709113 782989 887420 283260 524247 672619 922289 445888 370756 784737 316043 617198 492983 629426 830284 949155 942763 707712 789801 811126 452828 794238
 634280 375320 877616 623119 722093 910521 761429 678298 855581 709754 518072 607015 564234 570782 255664 47451 952563 1 153501 323282 1104624 219230 424566 196368 334161 467427 36376 950478 544056 1008385 1063604 749318 446881 655396 341447 902031 923958 84075 989271 281547 516960 867828 720063 350179 352105 629702 495056 1023163 596671 837394 616788 518275 793936 434428 819852 957860 750404 948642 893134 479652 658740 758527 458575 817329 809711 232984 418405 617987 408060 279084 167013 849221 445318 435839 31515 823091 696251 334083 691346 558341 484954 325859 166987 597056 162621 260617 342463 619342 587021 611837
 711407 381892 869159 475801 691924 882738 765629 623464 913644 581125 513751 626871 532980 675784 208350 180245 952633 153501 1 465880 1043509 260145 288340 327066 328496 404191 187342 947519 603135 938283 1022152 658700 411637 659525 315395 820559 836571 160940 959905 432286 514750 796776 769061 296128 480784 615714 342549 963345 671795 925323 508342 514140 782378 447829 865219 877534 651416 864117 969694 424997 510864 663854 561098 903522 781646 386258 482358 561829 313004 397032 307915 805835 428461 537773 145513 751898 650383 225527 662440 468282 530087 333654 284071 449662 314107 329955 467281 488909 539878 483926
 435610 417532 835577 893933 743973 905737 706451 755559 673288 930602 528855 545234 616205 313673 442865 325958 885469 323282 465880 1 1155621 311960 683108 144221 418874 599614 301291 889961 408297 1084499 1075426 888543 536693 617463 455761 1009598 1042391 311170 981056 209706 523831 956514 573263 503379 81780 634097 788571 1076515 409622 592780 804220 528631 767855 437500 668696 1059030 906369 1059334 668503 594183 930007 905055 233311 577755 815995 139337 315755 707121 604697 126303 158126 882764 502613 220445 321604 916084 753300 566384 715248 719393 400362 392048 194627 869092 169280 258295 95703 850049 664585 837870
 866126 756281 396284 835850 411767 285063 501071 426327 780316 643060 627840 631407 550581 1005909 852417 1152075 429360 1104624 1043509 1155621 1 908367 829815 1071544 780399 641741 1133145 411011 793900 120724 147201 418063 659636 554276 764592 257381 271929 1024340 242946 1305750 632461 251712 722166 757062 1086411 522027 936045 81557 856044 968894 589102 628007 419363 720971 700487 210156 450923 239773 909809 625814 838307 426342 979424 950987 348254 1215275 845078 486891 735130 1033714 1102412 273032 672641 975907 1073332 295067 412157 825142 440395 585559 765516 797702 1036648 841516 1155371 919373 1066475 694753 518355 683459
 451803 158877 659418 594888 512152 697425 542233 485753 655466 618745 301491 388482 358871 430536 135813 263313 733400 219230 260145 311960 908367 1 384689 181504 128270 298089 238089 731494 343689 820771 855439 591298 251659 436331 153286 727839 755869 136225 776238 403959 299814 683924 513311 192840 285248 414481 509894 826928 412043 667304 493612 301638 576654 215390 611399 781113 603736 776659 709628 299473 630452 605446 317720 645098 597640 318100 222236 429164 292899 196041 201403 644439 236739 295023 189334 640507 496247 263328 481317 412534 274269 111855 135536 571277 250264 78055 265627 539365 392061 526707
 776257 393291 757344 211125 557657 734492 687360 451122 923712 293673 461813 596960 424050 797579 249459 461662 850282 424566 288340 683108 829815 384689 1 539966 344412 268018 460927 839941 648950 714371 841697 416432 332031 594920 302836 583865 590185 385609 803754 704171 466549 578320 774634 242517 668392 523811 151223 754888 737430 993550 247648 462455 672776 447296 854785 640181 396012 620946 1012265 299520 247084 414566 691055 969663 641366 641893 559510 396858 148857 578288 539046 635306 378605 669848 403876 536158 491612 122152 534546 251039 564410 369458 488917 186874 565336 459433 649446 201226 397518 197763
 461348 316075 785667 750477 664940 840755 659818 656179 693641 794338 446976 496820 521923 379205 304270 213378 847964 196368 327066 144221 1071544 181504 539966 1 302801 478892 184475 849437 393433 990533 1005836 771781 426149 560408 333567 904099 933753 168638 918609 234783 443328 856662 570824 373831 156194 559091 644485 990752 426877 652556 673811 446918 709491 353397 670840 956176 785114 953352 715399 478314 786584 786411 270807 633832 744835 143735 274487 602569 469188 87638 42345 801918 401394 249323 187144 814215 661058 424835 634698 594014 355980 279677 51157 725498 95585 152224 146118 711480 562780 700009
 433786 56057 547768 542188 388288 576364 438534 357521 603356 529350 187886 299407 232130 457185 128328 380729 627533 334161 328496 418874 780399 128270 344412 302801 1 180904 358319 623647 308729 692582 730781 470793 123964 331983 44137 601618 630953 250494 655110 531083 188026 556174 454600 105430 374630 296652 488783 698918 394440 652274 391947 188196 462494 121726 546006 654245 487499 650747 678291 176269 575773 486609 356712 628642 475572 443627 215789 301403 215883 293915 327496 518084 111296 337568 302779 513020 368422 227714 357483 302303 225488 29031 261069 521459 377935 160584 353291 459792 263809 444872
 550368 196815 495527 421454 300967 487986 419458 219286 666995 363659 203485 337577 156407 608881 212177 514643 586874 467427 404191 599614 641741 298089 268018 478892 180904 1 498371 577766 422053 541557 618983 293238 83450 327793 145374 435968 460811 391207 562756 699664 209332 400582 520332 117266 554613 255875 417594 560899 514817 759276 217938 204170 409326 222027 593535 491172 307046 483597 765474 31614 450273 307521 520296 735127 389208 615756 367390 157674 122385 474819 499064 403143 136553 503790 436750 355762 248409 201504 274575 123275 340489 208598 433577 406215 545596 341401 533176 308513 140469 291576
 635038 396391 897455 659005 746584 933890 779217 706941 860358 745962 539271 622468 589816 563159 287550 29771 970434 36376 187342 301291 1133145 238089 460927 184475 358319 498371 1 968974 550630 1038395 1088995 782425 474125 673811 368770 933763 956399 108862 1012707 245852 537767 898231 727862 381153 337279 651808 529685 1051619 598304 833829 651853 539438 814708 453145 828028 989355 784401 980692 892699 509389 694567 792063 452898 814373 833470 201555 425315 647091 442651 270635 149827 875467 469595 430658 62601 853613 723450 369874 715766 591872 495788 347754 164041 632924 135276 270130 329583 655635 614963 648056
 512108 576343 82600 942192 283546 158869 190414 403565 376063 792630 435763 352628 424290 665035 739348 994771 19112 950478 947519 889961 411011 731494 839941 849437 623647 577766 968974 1 484197 434125 269152 550369 540645 295187 632130 490298 532591 866730 168332 1076667 435790 423335 353531 658869 810594 332555 983024 370307 515175 569900 669088 435452 168602 516109 303705 490999 599043 517662 503062 548081 959971 572829 674037 554445 209992 985415 580059 447338 699806 785848 888546 265738 519069 678534 920033 428426 357651 776529 305397 604914 495390 626409 830670 936120 943954 707769 794374 797267 442438 780473
 128849 256193 436649 835385 395538 521534 308296 460116 312616 781449 235744 163258 332542 218320 430712 579866 478586 544056 603135 408297 793900 343689 648950 393433 308729 422053 550630 484197 1 746467 692600 637639 338923 240096 347183 707479 748107 469869 591466 604554 228658 641364 178009 406469 327665 291968 796211 720761 92888 344604 631778 235110 380506 204115 278340 745805 672803 755477 371182 396825 866685 660169 191572 320744 445686 515979 125651 437027 508615 316359 435501 526613 285764 194442 518826 610079 437015 535813 373790 534153 84594 288770 390561 817084 488419 284035 312673 730550 393864 713626
 832954 674624 396427 715157 351668 282644 476845 335100 780563 522437 556479 583562 469652 963413 753693 1055733 453236 1008385 938283 1084499 120724 820771 714371 990533 692582 541557 1038395 434125 746467 1 213617 299749 569318 507864 672318 136731 153124 930139 273446 1222755 561921 141578 700996 658483 1019548 460193 816930 75368 817679 960161 471146 556754 393598 647003 696256 91215 330811 122208 910952 529009 717620 306718 924393 940358 310765 1133702 781664 392395 626949 960083 1018843 222856 589140 918307 977433 186538 331295 716741 376311 474377 706927 712405 952516 720977 1070323 839418 998926 574474 428847 563438
 750564 697762 268586 883405 343334 171254 387422 400737 643581 701346 559338 534961 499376 896647 820485 1110658 286795 1063604 1022152 1075426 147201 855439 841697 1005836 730781 618983 1088995 269152 692600 213617 1 456651 618084 459525 722912 325689 356158 980686 106506 1240386 562679 286202 599493 727239 1001740 446747 964061 138250 745080 835422 617943 559354 312200 652588 567023 297971 498918 329502 771706 597157 891597 471758 882779 818711 261096 1148683 760113 461778 727159 958286 1040097 216376 619653 882069 1032092 318238 371846 815485 374149 590724 676765 743608 976092 884860 1094668 854558 982884 736786 482563 722991
 753793 473577 476820 426874 303278 403232 477880 187169 791073 248930 404823 497199 305695 849597 495524 795477 566605 749318 658700 888543 418063 591298 416432 771781 470793 293238 782425 550369 637639 299749 456651 1 352383 442110 438275 167440 177979 678235 451276 992303 411840 172465 667479 405664 837575 362402 518084 348312 726176 933400 171403 405389 417319 472946 705506 223947 48705 206634 912211 294603 435210 24481 779567 910253 344474 908958 624468 200838 346540 762589 792283 289606 392453 766903 719907 138948 226662 433295 303598 191747 571240 496731 726806 429183 838338 630697 816066 281003 244883 268102
 467437 121754 460399 500510 280982 471848 368231 234631 592831 446531 129788 264968 121487 526442 204571 494218 547466 446881 411637 536693 659636 251659 332031 426149 123964 83450 474125 540645 338923 569318 618084 352383 1 268172 105450 477955 508027 365268 549630 655029 134558 432309 444528 118243 485494 208565 483253 578080 431599 677766 299351 130428 373192 138774 522769 530336 373712 527213 686968 62738 530438 369890 440546 653622 370542 567514 286299 177526 183389 410528 451456 402727 53183 424976 415402 389068 249406 242132 251106 202603 257060 146746 385026 483960 501750 279896 463976 391688 141377 374851
 329002 282328 225762 739530 160812 288790 106697 254954 356419 635433 146349 77132 177076 455664 453307 699589 297273 655396 659525 617463 554276 436331 594920 560408 331983 327793 673811 295187 240096 507864 459525 442110 268172 1 345917 480608 523281 571747 363596 791883 144862 411175 225397 382249 542554 83270 745214 480669 310542 491759 488934 145905 150639 220971 275064 513741 484826 526587 471953 296188 764764 466344 425781 468862 206084 700002 301709 257431 446688 503972 598104 286769 234611 423571 625052 385176 219350 510262 145358 400113 217504 332444 538193 727225 653555 414802 524006 608868 226145 591087
 473699 90996 554046 498583 383564 573868 451238 338776 635200 486381 199577 322210 224234 501043 107573 388773 637288 341447 315395 455761 764592 153286 302836 333567 44137 145374 368770 632130 347183 672318 722912 438275 105450 345917 1 575475 602834 259909 652155 556614 201252 533782 485775 61696 415061 300697 449038 683043 434703 691588 350883 200015 467505 151059 574372 629307 452159 624054 714605 146513 532010 452880 400841 667815 472524 471375 259057 279938 171800 332196 354663 507939 113067 381639 309962 489826 354854 188928 353162 263643 263008 72701 288792 478091 402602 198505 393869 415886 246261 401080
 809075 592676 432844 578474 320440 331509 479124 256279 796709 386506 492993 550202 396793 925564 646406 948923 508778 902031 820559 1009598 257381 727839 583865 904099 601618 435968 933763 490298 707479 136731 325689 167440 477955 480608 575475 1 44416 827099 352993 1131786 499332 72286 695261 552815 950759 415679 681527 197766 787917 962032 337958 493406 401600 576452 710069 57091 194649 49791 924944 429051 581350 171518 871852 940452 315897 1045183 721438 302692 507562 883501 928818 232046 507106 862671 871754 97552 270879 596153 336329 352449 654951 624528 862470 584259 977924 756399 929545 437939 345058 427164
 851300 624912 476495 568680 363572 373723 523438 293094 841109 373326 530375 592002 432919 965916 668870 970511 551190 923958 836571 1042391 271929 755869 590185 933753 630953 460811 956399 532591 748107 153124 356158 177979 508027 523281 602834 44416 1 850758 391367 1159422 536855 116686 739041 576610 985230 456751 679508 222519 829539 1005996 342587 530814 446015 611779 754461 61972 194758 32995 969296 456404 568853 175872 909927 984343 360299 1073822 758426 335543 524072 916131 957215 276106 539869 900185 894084 138472 311096 611234 378523 368843 693722 654766 891042 576370 1005369 787577 963920 432661 378991 423393
 567358 291272 793622 592845 638691 826752 677934 598194 782418 658770 433999 524681 481361 518700 182852 130239 868987 84075 160940 311170 1024340 136225 385609 168638 250494 391207 108862 866730 469869 930139 980686 678235 365268 571747 259909 827099 850758 1 905528 325042 432907 790267 643816 274330 320232 545669 478782 942807 528705 776223 554696 434204 709868 350834 742991 882376 682541 874432 826869 401186 628951 688879 404324 755245 726048 256548 344758 538499 344406 236148 156765 766827 361757 381060 53306 745755 614611 280664 607909 489110 406470 241784 123365 567272 179925 186236 306397 570922 506116 561612
 645172 617418 162315 870293 268725 78827 284108 352942 538974 700204 475796 437065 428356 792437 754142 1035758 186924 989271 959905 981056 242946 776238 803754 918609 655110 562756 1012707 168332 591466 273446 106506 451276 549630 363596 652155 352993 391367 905528 1 1152197 478319 295772 493205 663803 905744 362243 935470 204894 640740 729814 597683 475724 213410 567377 461242 341619 497867 371015 667844 537666 882647 470388 782527 712821 179730 1060279 665305 410325 678021 866613 954382 170011 544039 782864 957881 314936 315596 763467 298996 554602 580906 665127 891701 868604 1009464 768901 887425 722602 422609 707321
 643888 549583 1015973 904652 899723 1074638 888590 887776 881763 983459 681741 725240 755523 522545 503214 253113 1073975 281547 432286 209706 1305750 403959 704171 234783 531083 699664 245852 1076667 604554 1222755 1240386 992303 655029 791883 556614 1131786 1159422 325042 1152197 1 678048 1087218 775923 587273 288989 793657 774811 1224796 616150 800533 878200 681680 941850 588131 873290 1185027 1000976 1180552 877812 703111 940286 1005020 441057 786229 979321 91936 496721 832475 668167 291031 203913 1036613 634145 426114 300300 1044096 894563 605211 869473 807478 581287 510361 270271 878595 154089 386876 297971 894845 794074 886040
 352107 141642 360928 630783 222177 399738 250921 243782 458766 557002 7095 130415 106521 437758 308506 562304 439511 516960 514750 523831 632461 299814 466549 443328 188026 209332 537767 435790 228658 561921 562679 411840 134558 144862 201252 499332 536855 432907 478319 678048 1 439525 311214 241000 457628 116303 617772 552882 320205 553521 406801 6483 277032 89938 388236 544074 445130 548802 556316 179847 659385 433704 373197 529423 301963 586541 222304 211193 317946 401253 477457 360359 91987 363391 486071 402481 232397 372236 192458 309984 159602 191308 413850 615401 532162 291883 437023 513303 166963 495858
 740101 542060 362806 598864 250466 265400 406898 201181 724425 415160 433490 482249 340525 859676 612757 915114 441503 867828 796776 956514 251712 683924 578320 856662 556174 400582 898231 423335 641364 141578 286202 172465 432309 411175 533782 72286 116686 790267 295772 1087218 439525 1 623777 517706 894915 349479 688547 177378 719985 890241 340428 433852 329361 520300 637783 104947 212880 115462 852675 389150 605901 185911 809932 868766 243774 999104 661732 254785 485834 830986 883467 161291 456165 801738 836993 44975 207710 575736 268234 334367 592241 577305 817035 601602 934058 706833 873910 453443 293950 440537
 159485 398623 330918 941596 376834 437256 224274 480310 149608 854448 316887 184162 388537 313748 582409 756936 342938 720063 769061 573263 722166 513311 774634 570824 454600 520332 727862 353531 178009 700996 599493 667479 444528 225397 485775 695261 739041 643816 493205 775923 311214 623777 1 538540 491490 306842 925486 659125 169257 267795 705605 316205 307678 334787 100342 722053 710149 738595 249048 490278 969618 691730 342540 245586 390758 689273 302574 480056 627132 491648 613012 479795 396060 352971 693961 602946 443426 671900 367464 612307 239290 440906 568514 926532 665413 459455 479292 819854 444742 802180
 533778 150890 578623 436896 396120 586789 484665 331855 688145 430713 237870 368207 238040 562606 95398 397423 665574 350179 296128 503379 757062 192840 242517 373831 105430 117266 381153 658869 406469 658483 727239 405664 118243 382249 61696 552815 576610 274330 663803 587273 241000 517706 538540 1 468252 326608 390397 675903 495048 751072 300972 238415 491408 206157 624046 608245 413943 600104 771584 131534 470375 417801 461531 727206 485851 505864 320752 270521 110816 382681 389804 510881 149013 441959 319485 472934 355477 133406 366949 221009 321967 133196 325933 416408 433649 250297 447384 357089 244702 342810
 354954 364004 757950 879246 674772 831321 628687 695038 592811 898914 463119 468890 554631 240754 420879 364984 805689 352105 480784 81780 1086411 285248 668392 156194 374630 554613 337279 810594 327665 1019548 1001740 837575 485494 542554 415061 950759 985230 320232 905744 288989 457628 894915 491490 468252 1 564405 785262 1008184 328149 520381 765939 462833 692338 374686 586985 998524 858738 1000547 592737 545581 914981 855378 152201 504119 743735 210686 242014 649841 574853 90209 187490 813391 446568 138685 343210 855745 689363 547973 646821 676851 325061 346258 196869 855260 218701 217968 21518 822620 606248 809295
 396589 255616 253445 659834 110432 283568 163585 176155 439685 552212 113562 136805 100009 510241 407373 675642 338970 629702 615714 634097 522027 414481 523811 559091 296652 255875 651808 332555 291968 460193 446747 362402 208565 83270 300697 415679 456751 545669 362243 793657 116303 349479 306842 326608 564405 1 672648 443947 373092 571210 406085 113499 166816 205995 357970 454089 403850 463524 554554 224537 684230 386396 464271 547963 185790 701995 323489 174218 377503 513757 593625 248997 188100 458181 598528 318438 146267 447967 83882 318607 246751 304116 530147 648385 648404 408007 544449 527062 143562 509290
 922447 540019 900524 153716 699583 869671 835919 586399 1074688 327645 613032 748181 572659 934486 380553 522212 994189 495056 342549 788571 936045 509894 151223 644485 488783 417594 529685 983024 796211 816930 964061 518084 483253 745214 449038 681527 679508 478782 935470 774811 617772 688547 925486 390397 785262 672648 1 865711 883199 1140600 348146 613675 817374 596353 1006007 735307 487034 711953 1161790 449200 183068 510272 824787 1116845 780274 725894 701217 536365 300004 695447 635481 765586 529582 802747 482135 649574 629415 261148 678204 381939 711927 512013 595017 130528 651408 587390 767834 248670 541999 256339
 798384 675242 341700 771984 333515 227250 435572 344874 728061 582918 548103 557661 469416 934878 771223 1070613 389312 1023163 963345 1076515 81557 826928 754888 990752 698918 560899 1051619 370307 720761 75368 138250 348312 578080 480669 683043 197766 222519 942807 204894 1224796 552882 177378 659125 675903 1008184 443947 865711 1 786261 912426 517682 548289 352497 640939 645593 162153 385029 193792 858369 544562 776769 359172 904221 893538 275960 1134464 767407 405578 656175 954042 1021341 195590 591375 899954 991857 218736 330790 746143 361449 508300 688950 716369 955501 776066 1074173 838639 988075 628270 436801 616029
 40032 344168 480336 926675 470687 576230 357859 545654 267873 874271 327258 237773 422447 151715 511818 628031 506419 596671 671795 409622 856044 412043 737430 426877 394440 514817 598304 515175 92888 817679 745080 726176 431599 310542 434703 787917 829539 528705 640740 616150 320205 719985 169257 495048 328149 373092 883199 786261 1 258734 724530 326609 437119 295707 259884 823471 762570 835013 298425 489709 958298 749068 176490 235535 510430 532725 190428 526237 599173 342088 469061 595401 378420 190038 574226 691088 519336 622152 451831 626937 175527 372226 434504 907990 518059 343719 318192 823277 483770 806390
 218882 600651 572708 1177586 644544 685811 485596 746441 195508 1109232 560127 439741 644545 279742 770546 863468 554313 837394 925323 592780 968894 667304 993550 652556 652274 759276 833829 569900 344604 960161 835422 933400 677766 491759 691588 962032 1005996 776223 729814 800533 553521 890241 267795 751072 520381 571210 1140600 912426 258734 1 959145 559438 567657 547558 268632 986891 974997 1004544 93951 731667 1208070 957497 381750 24150 653008 730104 447929 741705 852346 564925 692728 742133 625307 403444 818018 870468 710726 879867 635094 863108 429146 630698 670926 1160007 734519 595398 518928 1066404 703618 1049061
 758070 414350 589031 274261 392004 538253 555159 266458 844670 150213 399978 522456 317070 825752 375337 660733 682953 616788 508342 804220 589102 493612 247648 673811 391947 217938 651853 669088 631778 471146 617943 171403 299351 488934 350883 337958 342587 554696 597683 878200 406801 340428 705605 300972 765939 406085 348146 517682 724530 959145 1 400659 514467 437639 763977 393661 148448 373549 954591 237426 290885 167278 738218 935135 459452 801418 585155 235513 210291 682400 686968 428393 351030 721564 589645 301659 313089 285512 379059 97705 553250 420773 624889 271052 726931 548987 744728 128182 262813 111476
 358424 143086 360032 625582 218220 397065 251512 237725 463468 550866 693 134673 100140 444208 307446 563780 439451 518275 514140 528631 628007 301638 462455 446918 188196 204170 539438 435452 235110 556754 559354 405389 130428 145905 200015 493406 530814 434204 475724 681680 6483 433852 316205 238415 462833 113499 613675 548289 326609 559438 400659 1 275670 93599 392379 538342 438649 542905 561706 174466 654053 427239 379325 535348 298856 590251 228115 204765 313752 405762 480746 356146 89528 369388 487310 396629 226897 369158 188306 303925 166007 192455 416900 610335 535346 295257 442175 507559 160510 490094
 446826 418654 87227 784256 122470 141033 83414 248689 395385 647202 275882 223716 255768 587759 574030 839336 177675 793936 782378 767855 419363 576654 672776 709491 462494 409326 814708 168602 380506 393598 312200 417319 373192 150639 467505 401600 446015 709868 213410 941850 277032 329361 307678 491408 692338 166816 817374 352497 437119 567657 514467 275670 1 362886 308960 420895 465323 440667 524371 379517 804226 441332 570606 547379 86212 849928 452157 284697 531497 654536 746453 174746 354873 570194 762980 318254 202005 607944 139460 442998 367577 468124 685282 776515 801813 561882 674060 642057 275519 624796
 332898 66208 444471 631275 311811 488974 327111 320435 484155 585286 93684 179091 179953 388279 249974 478692 518161 434428 447829 437500 720971 215390 447296 353397 121726 222027 453145 516109 204115 647003 652588 472946 138774 220971 151059 576452 611779 350834 567377 588131 89938 520300 334787 206157 374686 205995 596353 640939 295707 547558 437639 93599 362886 1 424653 623841 500543 626219 565464 200222 662668 492946 307455 523534 391770 496666 151979 277741 304807 313451 387630 449556 86649 294045 404133 481097 315819 338660 281817 340367 120183 114543 324353 613008 442437 202015 353629 529166 233355 512573
 240691 489984 304623 1011681 403928 418448 231984 520586 86779 909961 393026 257834 450399 392691 674315 857051 289273 819852 865219 668696 700487 611399 854785 670840 546006 593535 828028 303705 278340 696256 567023 705506 522769 275064 574372 710069 754461 742991 461242 873290 388236 637783 100342 624046 586985 357970 1006007 645593 259884 268632 763977 392379 308960 424653 1 729577 750868 749627 215563 562474 1037954 729986 436138 251709 395156 787553 402811 531244 706129 590947 713070 483037 477620 448323 793481 623530 478868 757243 402034 674693 337150 534381 668856 998223 765230 559246 575778 883495 501207 865716
 842704 643137 441258 628183 352979 333089 501514 303633 815656 433803 537967 585927 443893 964122 702197 1004838 509914 957860 877534 1059030 210156 781113 640181 956176 654245 491172 989355 490999 745805 91215 297971 223947 530336 513741 629307 57091 61972 882376 341619 1185027 544074 104947 722053 608245 998524 454089 735307 162153 823471 986891 393661 538342 420895 623841 729577 1 248406 31649 945116 483158 629294 226581 914859 965917 334748 1097849 766353 353702 564552 933197 981707 246580 557307 906579 927469 142951 312594 653214 372222 409496 697186 676501 915297 635099 1031351 807480 977438 490029 394833 479963
 791373 495461 525496 387023 350041 451350 524502 230746 836070 203210 438050 536993 340294 882100 499869 795779 615302 750404 651416 906369 450923 603736 396012 785114 487499 307046 784401 599043 672803 330811 498918 48705 373712 484826 452159 194649 194758 682541 497867 1000976 445130 212880 710149 413943 858738 403850 487034 385029 762570 974997 148448 438649 465323 500543 750868 248406 1 226345 956072 313186 393091 27525 807984 951672 393107 919675 652519 236472 343213 781110 803363 337741 417434 794343 721807 183655 272234 426269 348863 193665 603545 514531 738708 391191 847546 648074 837227 243874 278952 232627
 855457 642330 465363 601671 365918 359161 520020 305978 836007 406290 542497 597241 446519 973693 693177 995391 536475 948642 864117 1059334 239773 776659 620946 953352 650747 483597 980692 517662 755477 122208 329502 206634 527213 526587 624054 49791 32995 874432 371015 1180552 548802 115462 738595 600104 1000547 463524 711953 193792 835013 1004544 373549 542905 440667 626219 749627 31649 226345 1 964982 477555 601812 206381 921092 983257 354484 1094211 770980 352347 551250 933218 977771 267701 556805 912074 918537 146498 319512 639074 383184 395896 703985 673862 911460 609310 1026618 805925 979335 465390 394822 455961
 259511 624094 516670 1186811 614446 631194 445953 725422 130426 1103496 562396 432497 637526 355421 801808 922468 486226 893134 969694 668503 909809 709628 1012265 715399 678291 765474 892699 503062 371182 910952 771706 912211 686968 471953 714605 924944 969296 826869 667844 877812 556316 852675 249048 771584 592737 554554 1161790 858369 298425 93951 954591 561706 524371 565464 215563 945116 956072 964982 1 736155 1215686 936615 446981 97207 610582 803420 487407 728429 867076 628167 756694 698592 636283 467011 871616 837073 686174 903435 609291 860922 452862 659576 728702 1170826 801605 642143 588922 1067905 693712 1050282
 524572 183171 466026 451319 273465 462034 388116 200321 636460 385636 173777 307060 125403 588427 226700 527063 556879 479652 424997 594183 625814 299473 299520 478314 176269 31614 509389 548081 396825 529009 597157 294603 62738 296188 146513 429051 456404 401186 537666 703111 179847 389150 490278 131534 545581 224537 449200 544562 489709 731667 237426 174466 379517 200222 562474 483158 313186 477555 736155 1 479592 310884 503282 707525 362402 617500 348940 139034 153158 468463 500848 380844 113605 487681 448577 344767 225418 229292 246246 140216 316599 202187 434753 436561 549113 336140 524073 334900 115295 317685
 995523 618141 879840 36142 681823 826874 840258 557089 1114616 195533 653365 785834 587908 1032951 494685 690752 973815 658740 510864 930007 838307 630452 247084 786584 575773 450273 694567 959971 866685 717620 891597 435210 530438 764764 532010 581350 568853 628951 882647 940286 659385 605901 969618 470375 914981 684230 183068 776769 958298 1208070 290885 654053 804226 662668 1037954 629294 393091 601812 1215686 479592 1 419998 930192 1183935 750273 883570 790884 521531 361027 824981 784159 715266 582764 909791 641597 574126 603599 367140 667109 366116 782798 603069 735625 61810 807433 703739 895812 162705 541777 179619
 777001 491457 499931 413313 327694 424354 502299 211447 815548 230699 426662 520887 327866 871379 506028 804345 589232 758527 663854 905055 426342 605446 414566 786411 486609 307521 792063 572829 660169 306718 471758 24481 369890 466344 452880 171518 175872 688879 470388 1005020 433704 185911 691730 417801 855378 386396 510272 359172 749068 957497 167278 427239 441332 492946 729986 226581 27525 206381 936615 310884 419998 1 799997 934318 367770 922533 644716 223149 353210 779333 805969 310785 411420 786990 729477 156134 251140 438344 328071 200200 592882 513019 740811 416904 851236 646917 833861 269144 266794 257272
 202839 324346 628212 895857 573143 711539 499815 616936 440716 881742 379787 348919 478604 114688 444529 482409 667510 458575 561098 233311 979424 317720 691055 270807 356712 520296 452898 674037 191572 924393 882779 779567 440546 425781 400841 871852 909927 404324 782527 441057 373197 809932 342540 461531 152201 464271 824787 904221 176490 381750 738218 379325 570606 307455 436138 914859 807984 921092 446981 503282 930192 799997 1 363190 631669 360191 155482 581506 572326 183183 311116 708788 392012 23326 441523 774597 602290 569261 548133 642683 217925 328386 291592 874015 354665 239754 144178 815894 536764 800608
