NAME : domp50p12v2
COMMENT : Cherkesly, Contardo & Gruson 2022
TYPE : DOMP
DIMENSION : 50
DISPLAY_DATA_TYPE : NO_DISPLAY
OPEN_FACILITIES : 12
COST_SECTION
 1 529341 272048 861218 330837 67190 895718 160031 1098448 659122 419365 187603 877309 569714 922346 753773 872822 819995 713494 859506 764549 926510 951983 632766 1075708 528390 702865 806556 888351 996330 925805 752404 539618 180010 396939 899423 763667 142783 133282 532596 461722 584352 559558 356837 192918 145009 453544 317540 702305 866294
 529341 1 357041 455163 198928 553713 1120631 653275 849608 833831 730743 613796 659228 49318 612593 949620 625351 725065 729766 1097651 703079 565073 851187 382122 863773 344050 387506 790872 1118733 797364 727063 409376 723102 563764 733262 860727 752278 487617 643634 213689 629373 62964 483853 766315 337674 469290 750404 215436 419227 792921
 272048 357041 1 596962 212761 256765 806826 333110 832776 528728 377996 272324 611754 380824 650387 641445 603833 578040 504061 778248 529713 655766 713793 360793 815265 256344 432551 590177 802795 736547 664373 483096 406414 219440 377667 679110 546438 159398 336905 278521 309874 393404 304132 410777 186575 144696 400943 222905 430425 632927
 861218 455163 596962 1 591716 853576 1055954 925481 443240 799084 843573 853300 329696 409707 205293 897768 279566 491332 598920 1048868 511948 122879 567593 264672 482586 358312 180138 604992 1059183 440658 390909 128665 739339 801600 863940 630101 585974 755208 932835 331156 680874 400323 434222 942122 704806 741433 844698 616136 207364 552932
 330837 198928 212761 591716 1 359096 1018872 461438 924747 738458 585209 432013 712911 241553 707185 852305 690895 727897 686971 990755 690321 683012 862850 428631 923216 346139 470617 764693 1015050 848787 775378 509559 617552 385765 580811 847353 722073 305391 448797 271485 520729 256324 455307 596229 138746 287073 610387 24947 487739 790448
 67190 553713 256765 853576 359096 1 829132 105232 1065451 596212 352917 120414 845094 590638 900028 688796 844123 776068 661675 792733 718745 910930 905892 614022 1038916 509285 688443 755417 821665 959445 890291 739442 478382 117073 329963 848555 713108 103678 89928 530626 404530 604969 524168 291027 227843 113817 387253 349729 683865 819215
 895718 1120631 806826 1055954 1018872 829132 1 770168 887851 286880 476375 710123 777675 1123129 926193 171322 821203 590888 457078 41014 551453 1008412 601035 834489 817031 803367 902819 469634 12393 770347 754741 940577 401899 718452 499907 494621 476253 783192 806958 936196 498630 1130547 665430 566789 966056 794624 442404 1029717 862909 552845
 160031 653275 333110 925481 461438 105232 770168 1 1100859 562650 303537 87038 883632 688194 953161 643202 888314 793803 663108 731901 733313 972990 917591 675222 1067881 571972 754012 757112 761668 988856 922760 806200 454723 128683 274224 849796 716843 174502 36844 611610 397980 702277 562604 209314 332644 191085 338124 453320 744464 829654
 1098448 849608 832776 443240 924747 1065451 887851 1100859 1 724133 897587 1015028 221223 812621 243335 776654 234107 338857 504878 898247 400820 322058 286822 496259 74874 588154 464029 440495 895740 125284 179253 441108 736124 973846 928736 393670 456879 962462 1121702 659941 733664 807249 541401 1029490 997567 955627 881455 949266 439019 346329
 659122 833831 528728 799084 738458 596212 286880 562650 724133 1 262615 486453 562896 836356 699475 115819 597879 388849 224523 266269 332249 770247 458062 560224 664218 519682 634387 286062 285430 598937 560652 676860 124287 479490 295624 358195 267633 530588 597303 650807 219110 843900 385733 392909 698356 538838 230081 750921 597109 380710
 419365 730743 377996 843573 585209 352917 476375 303537 897587 262615 1 234950 698886 748288 805790 340016 718808 563954 408120 440493 500591 852983 669133 579403 850432 497984 663748 496859 469123 775531 720036 714956 172743 242825 34306 584862 462685 312655 339325 598520 170165 759378 414129 137989 505787 326254 34793 590252 638171 582464
 187603 613796 272324 853300 432013 120414 710123 87038 1015028 486453 234950 1 798564 644381 871881 573704 804496 706767 576987 673308 646292 895279 830726 598353 981298 496666 678913 671075 702431 902355 836661 731486 373929 53036 210307 763916 630511 126941 115298 548329 312345 657879 478367 175627 317689 145363 269631 428414 666921 742827
 877309 659228 611754 329696 712911 845094 777675 883632 221223 562896 698886 798564 1 627931 151357 638720 50566 186826 338983 778864 232406 242852 238044 286186 210315 370690 274499 308208 783183 138422 68728 270091 548543 755845 728124 309776 304837 741883 903286 456556 530393 625019 321802 825687 778836 734752 686856 737007 240017 235307
 569714 49318 380824 409707 241553 590638 1123129 688194 812621 836356 748288 644381 627931 1 573385 951821 591884 704413 719928 1101677 686320 521954 827414 357742 829772 332627 354033 776373 1121771 765397 696282 371523 729404 593315 752909 842602 739132 519434 680373 197283 637667 14777 474830 791594 379740 501305 766132 259872 388397 772832
 922346 612593 650387 205293 707185 900028 926193 953161 243335 699475 805790 871881 151357 573385 1 782442 105008 336605 479218 925799 376239 95945 381531 291112 277467 394291 236635 457803 931303 237907 198191 203746 669562 824583 832191 460446 450739 796663 968053 436303 635672 567172 399523 923935 796326 786519 798452 732098 223524 386593
 753773 949620 641445 897768 852305 688796 171322 643202 776654 115819 340016 573704 638720 951821 782442 1 678404 455252 303940 153734 406802 859323 495785 667762 710847 632829 738815 338781 170485 653566 625960 778837 235034 573948 369150 388854 334070 631823 679212 765136 331686 959226 496196 454155 806913 641584 305270 864147 700002 430929
 872822 625351 603833 279566 690895 844123 821203 888314 234107 597879 718808 804496 50566 591884 105008 678404 1 231813 375938 821014 271769 193403 288492 262280 238468 354975 238022 352882 826346 175085 113413 227170 574900 759837 746826 359273 345976 740496 906182 428306 549000 588143 326197 842031 764504 732218 708937 715354 207910 284017
 819995 725065 578040 491332 727897 776068 590888 793803 338857 388849 563954 706767 186826 704413 336605 455252 231813 1 166375 592645 63365 423405 136175 347876 286713 389194 379978 121398 596481 214091 172137 398888 398528 672172 596217 143719 122299 677844 819126 511401 406595 705264 276540 698847 761367 675140 545582 749580 337348 68811
 713494 729766 504061 598920 686971 661675 457078 663108 504878 224523 408120 576987 338983 719928 479218 303940 375938 166375 1 451447 107754 555447 261210 390897 449743 387310 451068 94151 460520 379770 336924 485525 237614 549891 441551 187251 54848 571308 691971 523071 265404 724155 245914 545426 690372 572432 386502 705360 409728 174368
 859506 1097651 778248 1048868 990755 792733 41014 731901 898247 266269 440493 673308 778864 1101677 925799 153734 821014 592645 451447 1 549751 1005846 611948 821434 828623 785659 891958 472214 30344 778794 759413 931281 375848 683097 463002 504607 475061 749289 768722 917072 471994 1109493 649796 527535 934289 761154 406901 1000938 852800 558778
 764549 703079 529713 511948 690321 718745 551453 733313 400820 332249 500591 646292 232406 686320 376239 406802 271769 63365 107754 549751 1 456970 187436 336327 349994 360960 381573 95841 556078 276600 229695 408150 335636 612981 532859 158677 75277 621958 759314 490151 343846 688457 235068 635536 714924 620118 482348 711082 338749 103263
 926510 565073 655766 122879 683012 910930 1008412 972990 322058 770247 852983 895279 242852 521954 95945 859323 193403 423405 555447 1005846 456970 1 476760 297889 366045 402078 223701 543357 1012935 332655 293821 176054 728627 845657 877064 552546 532213 809106 984542 413017 684386 513831 439371 963691 784927 797201 849075 707880 228536 477413
 951983 851187 713793 567593 862850 905892 601035 917591 286822 458062 669133 830726 238044 827414 381531 495785 288492 136175 261210 611948 187436 476760 1 469786 216762 521421 487929 174717 608973 173414 183641 496460 497628 799054 702679 107719 206481 809390 944557 638370 523047 827111 412707 806598 897470 807516 646622 884792 447122 88087
 632766 382122 360793 264672 428631 614022 834489 675222 496259 560224 579403 598353 286186 357742 291112 667762 262280 347876 390897 821434 336327 297889 469786 1 496127 104774 84536 430396 835860 423931 351334 136729 485007 548217 599335 488528 397796 511671 686684 172103 419142 357892 177459 678056 506895 500207 581661 453075 69845 416607
 1075708 863773 815265 482586 923216 1038916 817031 1067881 74874 664218 850432 981298 210315 829772 277467 710847 238468 286713 449743 828623 349994 366045 216762 496127 1 580164 476320 378494 825193 79473 150953 461213 684986 942516 882458 324414 399140 937017 1090560 665340 690431 825643 516151 984624 986619 931478 832293 947289 445984 283697
 528390 344050 256344 358312 346139 509285 803367 571972 588154 519682 497984 496666 370690 332627 394291 632829 354975 389194 387310 785659 360960 402078 521421 104774 580164 1 182282 447002 803229 504258 430755 234820 427399 445795 514526 519477 408231 407086 582599 136248 348810 337086 142671 586433 409545 395475 504625 369468 174610 455119
 702865 387506 432551 180138 470617 688443 902819 754012 464029 634387 663748 678913 274499 354033 236635 738815 238022 379978 451068 891958 381573 223701 487929 84536 476320 182282 1 477400 904885 411440 343125 52797 565270 628071 683848 523649 449758 587384 763877 199712 502437 350693 257790 762336 564041 574923 665558 495542 42909 448016
 806556 790872 590177 604992 764693 755417 469634 757112 440495 286062 496859 671075 308208 776373 457803 338781 352882 121398 94151 472214 95841 543357 174717 430396 378494 447002 477400 1 475377 316083 287950 503625 324485 643971 530726 93176 43783 664118 786094 579356 359242 779145 312476 634738 776747 664728 473190 784235 434585 94798
 888351 1118733 802795 1059183 1015050 821665 12393 761668 895740 285430 469123 702431 783183 1121771 931303 170485 826346 596481 460520 30344 556078 1012935 608973 835860 825193 803229 904885 475377 1 777734 761165 943127 398682 711496 492142 502282 480971 776923 798478 935611 495255 1129328 665929 557650 960744 788552 435327 1025636 865196 559519
 996330 797364 736547 440658 848787 959445 770347 988856 125284 598937 775531 902355 138422 765397 237907 653566 175085 214091 379770 778794 276600 332655 173414 423931 79473 504258 411440 316083 777734 1 73504 402172 612225 863276 807156 276139 331603 857552 1011330 594828 613727 762117 436778 908747 909104 852050 758437 872648 378158 222642
 925805 727063 664373 390909 775378 890291 754741 922760 179253 560652 720036 836661 68728 696282 198191 625960 113413 172137 336924 759413 229695 293821 183641 351334 150953 430755 343125 287950 761165 73504 1 338335 561527 796274 750769 270028 294390 787906 944282 522731 554946 693512 366492 850953 835954 781917 705002 799208 308060 202367
 752404 409376 483096 128665 509559 739442 940577 806200 441108 676860 714956 731486 270091 371523 203746 778837 227170 398888 485525 931281 408150 176054 496460 136729 461213 234820 52797 503625 943127 402172 338335 1 612413 680524 735524 542115 479291 638847 815649 238341 552341 366218 306122 814780 608917 626112 716053 534495 80201 465246
 539618 723102 406414 739339 617552 478382 401899 454723 736124 124287 172743 373929 548543 729404 669562 235034 574900 398528 237614 375848 335636 728627 497628 485007 684986 427399 565270 324485 398682 612225 561527 612413 1 361311 206866 412122 291598 408023 487709 551574 96840 737961 307755 310729 574130 415619 149016 629155 532412 411740
 180010 563764 219440 801600 385765 117073 718452 128683 973846 479490 242825 53036 755845 593315 824583 573948 759837 672172 549891 683097 612981 845657 799054 548217 942516 445795 628071 643971 711496 863276 796274 680524 361311 1 224225 737128 602339 81475 148059 495318 289233 606673 434423 212370 278959 99269 276200 383832 617146 711609
 396939 733262 377667 863940 580811 329963 499907 274224 928736 295624 34306 210307 728124 752909 832191 369150 746826 596217 441551 463002 532859 877064 702679 599335 882458 514526 683848 530726 492142 807156 750769 735524 206866 224225 1 618975 496201 298333 310469 609688 197921 764426 437707 104013 494510 313113 65687 584430 659713 615830
 899423 860727 679110 630101 847353 848555 494621 849796 393670 358195 584862 763916 309776 842602 460446 388854 359273 143719 187251 504607 158677 552546 107719 488528 324414 519477 523649 93176 502282 276139 270028 542115 412122 737128 618975 1 135770 756888 879007 647355 451823 844181 392261 722842 865490 757242 559657 867671 480969 77328
 763667 752278 546438 585974 722073 713108 476253 716843 456879 267633 462685 630511 304837 739132 450739 334070 345976 122299 54848 475061 75277 532213 206481 397796 399140 408231 449758 43783 480971 331603 294390 479291 291598 602339 496201 135770 1 621119 745316 541878 319561 742350 271471 600118 733012 621511 440601 741416 407290 120170
 142783 487617 159398 755208 305391 103678 783192 174502 962462 530588 312655 126941 741883 519434 796663 631823 740496 677844 571308 749289 621958 809106 809390 511671 937017 407086 587384 664118 776923 857552 787906 638847 408023 81475 298333 756888 621119 1 177720 437526 324255 533157 421490 293832 198374 18427 344198 302701 581478 723565
 133282 643634 336905 932835 448797 89928 806958 36844 1121702 597303 339325 115298 903286 680373 968053 679212 906182 819126 691971 768722 759314 984542 944557 686684 1090560 582599 763877 786094 798478 1011330 944282 815649 487709 148059 310469 879007 745316 177720 1 614226 427595 694669 581589 245812 315966 192371 373997 438909 756290 856800
 532596 213689 278521 331156 271485 530626 936196 611610 659941 650807 598520 548329 456556 197283 436303 765136 428306 511401 523071 917072 490151 413017 638370 172103 665340 136248 199712 579356 935611 594828 522731 238341 551574 495318 609688 647355 541878 437526 614226 1 465732 201086 278916 667362 374366 421981 610570 296431 220956 579233
 461722 629373 309874 680874 520729 404530 498630 397980 733664 219110 170165 312345 530393 637667 635672 331686 549000 406595 265404 471994 343846 684386 523047 419142 690431 348810 502437 359242 495255 613727 554946 552341 96840 289233 197921 451823 319561 324255 427595 465732 1 646773 247511 296080 480565 329662 164882 532469 473942 434982
 584352 62964 393404 400323 256324 604969 1130547 702277 807249 843900 759378 657879 625019 14777 567172 959226 588143 705264 724155 1109493 688457 513831 827111 357892 825643 337086 350693 779145 1129328 762117 693512 366218 737961 606673 764426 844181 742350 533157 694669 201086 646773 1 479606 804166 394485 515064 776829 274636 386039 773815
 559558 483853 304132 434222 455307 524168 665430 562604 541401 385733 414129 478367 321802 474830 399523 496196 326197 276540 245914 649796 235068 439371 412707 177459 516151 142671 257790 312476 665929 436778 366492 306122 307755 434423 437707 392261 271471 421490 581589 278916 247511 479606 1 525636 485321 415444 412217 476016 226909 336138
 356837 766315 410777 942122 596229 291027 566789 209314 1029490 392909 137989 175627 825687 791594 923935 454155 842031 698847 545426 527535 635536 963691 806598 678056 984624 586433 762336 634738 557650 908747 850953 814780 310729 212370 104013 722842 600118 293832 245812 667362 296080 804166 525636 1 490677 311455 165128 595488 741608 719638
 192918 337674 186575 704806 138746 227843 966056 332644 997567 698356 505787 317689 778836 379740 796326 806913 764504 761367 690372 934289 714924 784927 897470 506895 986619 409545 564041 776747 960744 909104 835954 608917 574130 278959 494510 865490 733012 198374 315966 374366 480565 394485 485321 490677 1 182102 535364 124630 572846 817965
 145009 469290 144696 741433 287073 113817 794624 191085 955627 538838 326254 145363 734752 501305 786519 641584 732218 675140 572432 761154 620118 797201 807516 500207 931478 395475 574923 664728 788552 852050 781917 626112 415619 99269 313113 757242 621511 18427 192371 421981 329662 515064 415444 311455 182102 1 357216 284617 570050 722192
 453544 750404 400943 844698 610387 387253 442404 338124 881455 230081 34793 269631 686856 766132 798452 305270 708937 545582 386502 406901 482348 849075 646622 581661 832293 504625 665558 473190 435327 758437 705002 716053 149016 276200 65687 559657 440601 344198 373997 610570 164882 776829 412217 165128 535364 357216 1 616382 638178 560726
 317540 215436 222905 616136 24947 349729 1029717 453320 949266 750921 590252 428414 737007 259872 732098 864147 715354 749580 705360 1000938 711082 707880 884792 453075 947289 369468 495542 784235 1025636 872648 799208 534495 629155 383832 584430 867671 741416 302701 438909 296431 532469 274636 476016 595488 124630 284617 616382 1 512499 811648
 702305 419227 430425 207364 487739 683865 862909 744464 439019 597109 638171 666921 240017 388397 223524 700002 207910 337348 409728 852800 338749 228536 447122 69845 445984 174610 42909 434585 865196 378158 308060 80201 532412 617146 659713 480969 407290 581478 756290 220956 473942 386039 226909 741608 572846 570050 638178 512499 1 405521
 866294 792921 632927 552932 790448 819215 552845 829654 346329 380710 582464 742827 235307 772832 386593 430929 284017 68811 174368 558778 103263 477413 88087 416607 283697 455119 448016 94798 559519 222642 202367 465246 411740 711609 615830 77328 120170 723565 856800 579233 434982 773815 336138 719638 817965 722192 560726 811648 405521 1
LAMBDA_SECTION
1 628
2 599
3 402
4 872
5 617
6 640
7 796
8 409
9 829
10 18
11 371
12 407
13 336
14 565
15 623
16 981
17 595
18 506
19 585
20 321
21 344
22 595
23 525
24 81
25 754
26 92
27 186
28 525
29 353
30 10
31 93
32 271
33 60
34 504
35 869
36 867
37 445
38 847
39 945
40 499
41 52
42 311
43 418
44 767
45 798
46 50
47 208
48 262
49 788
50 651
