NAME : domp60p30v1
COMMENT : Cherkesly, Contardo & Gruson 2022
TYPE : DOMP
DIMENSION : 60
DISPLAY_DATA_TYPE : NO_DISPLAY
OPEN_FACILITIES : 30
COST_SECTION
 1 988051 310959 930482 723835 454977 459749 410126 484665 159681 415844 628285 781935 330415 876043 692720 493175 887104 695676 364307 574657 311017 223271 566908 101211 486902 904948 339150 433490 605849 701327 186016 921743 722051 7392 308961 221175 818371 751343 689552 718500 382384 923519 554090 529567 513094 876379 738588 320811 94413 573215 143930 343875 976220 229428 831348 694247 597766 346772 753056
 988051 1 918872 160571 331273 752235 978728 596274 1021723 957795 750612 843673 866710 693352 424605 424968 759370 751490 716106 1157572 520772 760287 802772 954589 983256 635778 807137 769905 645656 856987 883214 1147018 70452 883204 989845 828866 806028 233796 291342 426632 313569 708001 177566 609337 632297 660474 854195 796844 744944 1028387 906275 857416 961986 55322 763092 226453 372915 750184 833074 835889
 310959 918872 1 912986 745568 201196 733449 343946 766486 153268 180754 849470 994839 251209 947764 756553 691832 1056908 872199 675016 664852 170385 192847 824631 215617 625411 1087798 149980 565191 302197 927057 476452 848427 945681 318280 92795 190531 704231 636914 753645 609252 543927 911637 346279 318306 668313 1075138 936491 184641 405360 817254 345297 622427 890600 346262 827539 560498 790730 576051 960627
 930482 160571 912986 1 216909 770983 857017 572176 898180 925979 760546 702077 713034 669802 264225 293620 635245 591724 567677 1055145 405585 745387 770139 820621 941770 523256 647343 763435 545070 904300 735563 1074141 168028 733931 931139 820364 773475 312295 344620 295927 352983 609110 17146 642973 661292 539461 695707 645171 730338 957519 770891 791622 854498 206355 701098 101381 419470 612153 728181 683646
 723835 331273 745568 216909 1 635312 648562 402791 691121 735946 615464 518062 562450 494812 224152 100227 428333 487352 402483 839025 191572 575185 583139 624028 744558 308731 540453 600788 328174 796607 564824 860398 290919 567719 723907 653408 586440 331596 318957 101000 305846 392206 206312 534480 545359 329857 572865 488535 561086 744896 576302 582331 639256 351385 495082 116021 362292 422479 512087 528147
 454977 752235 201196 770983 635312 1 799986 252212 839465 322556 42243 863415 994396 206187 853782 670732 701541 1021396 851380 800632 605047 158932 249140 870748 379995 602105 1060409 120206 546624 190952 940219 637780 682368 956192 461423 148719 249625 526413 462235 668238 438679 548460 772575 151005 124114 650668 1060193 927443 157562 544402 851821 426787 701503 717924 380288 697072 381761 787548 620997 957678
 459749 978728 733449 857017 648562 799986 1 608547 45276 603179 758186 234336 373497 600253 678395 563439 221813 530450 367996 253593 457957 643360 562120 117940 555785 344739 526177 685127 350492 985322 284052 435126 931243 305110 453266 689208 562866 907517 857748 561099 827395 301370 843226 826982 813289 318750 477720 361496 642734 389099 148003 388900 115886 992741 419822 761262 841287 273938 185990 357107
 410126 596274 343946 572176 402791 252212 608547 1 652068 361529 222847 629778 751774 98157 612076 424192 470460 769773 603388 677560 352842 174102 206881 658361 389316 357577 809765 198026 306575 437306 704584 587788 527031 718948 413543 251304 210096 409356 341729 421517 309164 322998 569827 221642 212853 407090 812226 682361 159426 471938 631519 306117 529822 576925 218723 484163 285231 546982 422562 714499
 484665 1021723 766486 898180 691121 839465 45276 652068 1 632478 797511 255008 383645 641298 713719 604574 263202 548904 395720 241006 501076 682079 599151 123751 582740 388829 540277 723584 395667 1023565 294573 443140 974936 314853 477916 725533 599751 952622 902996 602305 872663 346584 884169 869763 855624 361308 488038 380216 681986 408621 165250 423680 144162 1036427 459897 803171 886489 306395 229806 371346
 159681 957795 153268 925979 735946 322556 603179 361529 632478 1 288723 745383 896156 264917 917148 726379 595829 979741 789716 523814 619405 209998 156149 702807 62418 555603 1004534 221863 496319 453554 821567 324448 888453 841371 167070 174644 152826 762628 694079 723276 663056 460293 921813 445802 418764 591945 983997 844519 224162 253608 701928 228498 488811 937414 266497 832323 625942 699220 463383 864228
 415844 750612 180754 760546 615464 42243 758186 222847 797511 288723 1 824903 957548 167271 831137 645610 662961 988927 816523 759088 574732 116693 207207 829929 344255 566536 1026904 78558 510158 230291 901935 599681 680333 918183 422156 114148 207771 529355 463356 643018 437704 509681 761227 165761 137761 614678 1025108 891391 115526 504301 811682 384595 659340 718851 338647 682894 384636 750486 579775 921023
 628285 843673 849470 702077 518062 863415 234336 629778 255008 745383 824903 1 153894 657648 483502 419762 161946 296131 148566 487901 352124 721606 659563 138058 711044 279413 294564 763429 323584 1054366 77765 649262 808742 96330 623164 784725 661382 826107 790360 418395 764920 315287 686339 848755 842364 231126 252916 127294 716080 579187 90022 516886 318210 868678 504433 617434 796465 97469 283299 128365
 781935 866710 994839 713034 562450 994396 373497 751774 383645 896156 957548 153894 1 790857 463061 462800 303056 183454 163306 624032 433151 859401 803161 259973 863518 394202 160099 900516 447819 1184711 89501 799935 843306 68805 776876 926037 805186 889443 863726 462455 842146 453034 696191 964858 961498 344774 104460 75266 852625 732772 226388 667843 468290 899900 648604 643290 882576 207168 436130 37673
 330415 693352 251209 669802 494812 206187 600253 98157 641298 264917 167271 657648 790857 1 697305 506664 495712 828478 652235 632029 421496 81561 113569 666004 296997 401700 864491 115300 344220 396995 734665 513902 623800 750937 334813 160248 116551 499731 431347 503810 399675 342472 667138 239379 220112 449134 860263 725467 69032 402752 645952 250671 508034 672499 182698 580555 367533 583710 418030 754497
 876043 424605 947764 264225 224152 853782 678395 612076 713719 917148 831137 483502 463061 697305 1 191791 465891 328122 336946 908593 301733 778850 772003 615698 915262 398003 383633 808610 444471 1019533 500333 983815 419915 494650 874588 857553 775166 522178 526408 194801 519307 502452 247135 758256 768429 389801 434385 401891 765733 876864 564684 732268 706913 467451 657816 228413 580167 408381 595200 437890
 692720 424968 756553 293620 100227 670732 563439 424192 604574 726379 645610 419762 462800 506664 191791 1 341643 397860 302309 768090 122533 588216 580283 530293 726563 236329 449187 619048 270215 843508 464828 813199 389227 467528 691801 666842 583454 428197 409169 3169 392090 332828 279808 587653 594481 246785 477369 388619 575370 701660 481542 548872 565820 448938 469952 200339 442668 325327 442755 428212
 493175 759370 691832 635245 428333 701541 221813 470460 263202 595829 662961 161946 303056 495712 465891 341643 1 394515 203855 442943 239876 560091 500468 207132 567141 136269 412150 601801 167335 892491 239214 548721 714410 256232 488984 624415 502434 705070 661578 339319 633471 153358 621417 690887 683311 99551 388186 248747 554340 459863 168275 368839 242671 775803 345664 539972 657444 104716 151316 269431
 887104 751490 1056908 591724 487352 1021396 530450 769773 548904 979741 988927 296131 183454 828478 328122 397860 394515 1 191520 784030 419474 904786 864633 426812 956828 431525 55651 943125 491717 1206529 261169 934892 740710 244476 883096 978233 867161 817735 805407 398778 789645 519592 574584 965012 966975 389567 112243 169026 895370 853029 384131 757719 608415 791940 717091 541051 840285 290939 544755 181141
 695676 716106 872199 567677 402483 851380 367996 603388 395720 789716 816523 148566 163306 652235 336946 302309 203855 191520 1 617178 271616 725562 679388 285280 765634 250575 215800 765263 309235 1039950 167895 749428 687902 167126 691722 796648 681774 727002 700463 301716 678849 330554 551335 810944 809384 204458 208910 88043 717216 663550 235198 566513 429401 745967 529151 490264 719768 102964 354917 127043
 364307 1157572 675016 1055145 839025 800632 253593 677560 241006 523814 759088 487901 624032 632029 908593 768090 442943 784030 617178 1 649985 644403 552296 364160 463462 532626 779036 680550 512651 965293 534664 243945 1101652 555240 356943 662763 551525 1044670 985496 765326 952767 449661 1043235 871349 851072 524375 728490 615089 649735 270225 400969 381565 202817 1162186 459211 954991 949916 518320 326978 609829
 574657 520772 664852 405585 191572 605047 457957 352842 501076 619405 574732 352124 433151 421496 301733 122533 239876 419474 271616 649985 1 501613 480234 442070 614492 117674 462792 536640 147735 787914 412001 690902 474559 419956 573366 578816 483239 474397 438641 119476 414097 210351 393348 546369 547627 140365 474187 358442 490300 580045 397019 430774 448922 535976 356910 306477 450326 254805 323300 395798
 311017 760287 170385 745387 575185 158932 643360 174102 682079 209998 116693 721606 859401 81561 778850 588216 560091 904786 725562 644403 501613 1 92324 718614 254637 475264 939305 42323 416370 342149 799182 496933 690132 816305 316732 78718 93396 556159 487687 585360 457614 407147 743439 243893 218753 521375 932462 796106 15346 395084 702791 268008 543092 735977 225313 658239 417140 652467 467394 823630
 223271 802772 192847 770139 583139 249140 562120 206881 599151 156149 207207 659563 803161 113569 772003 580283 500468 864633 679388 552296 480234 92324 1 644149 183516 433363 895033 129005 373055 425456 737305 409056 733745 755498 228464 127905 3337 613078 544760 577247 512938 351312 766198 331511 307714 475651 882430 743943 99404 303997 632503 178872 457900 783781 155131 677164 480894 598326 392821 768606
 566908 954589 824631 820621 624028 870748 117940 658361 123751 702807 829929 138058 259973 666004 615698 530293 207132 426812 285280 364160 442070 718614 644149 1 659484 343395 416678 760914 368630 1059765 170823 552860 913849 191169 560796 772040 645343 911789 868707 528445 840516 336114 805586 879930 869352 304112 364407 259029 715930 502027 51023 480028 227416 974860 493474 730593 863255 210014 251597 247986
 101211 983256 215617 941770 744558 379995 555785 389316 582740 62418 344255 711044 863518 296997 915262 726563 567141 956828 765634 463462 614492 254637 183516 659484 1 540586 978658 273088 483018 515825 786000 262419 914798 806275 108532 231282 180477 796590 728275 723416 696439 440511 936533 496276 469901 573126 954522 815462 267461 193429 662089 199123 440317 965921 257587 845674 663711 671593 427749 832892
 486902 635778 625411 523256 308731 602105 344739 357577 388829 555603 566536 279413 394202 401700 398003 236329 136269 431525 250575 532626 117674 475264 433363 343395 540586 1 464165 514751 60326 791652 350695 585827 586712 363575 484555 547315 435945 569386 525312 233464 497243 105537 510956 572515 567999 49682 458671 325513 466720 479735 303509 345915 331271 648205 289466 424033 522369 190464 206485 356965
 904948 807137 1087798 647343 540453 1060409 526177 809765 540277 1004534 1026904 294564 160099 864491 383633 449187 412150 55651 215800 779036 462792 939305 895033 416678 978658 464165 1 978429 523704 1247043 246413 942028 796187 227219 900581 1011367 897442 871417 857738 449947 841274 546224 630204 1009158 1010144 419580 66916 169687 930473 865568 378230 779762 612160 847554 744916 596339 890760 307436 559404 169209
 339150 769905 149980 763435 600788 120206 685127 198026 723584 221863 78558 763429 900516 115300 808610 619048 601801 943125 765263 680550 536640 42323 129005 760914 273088 514751 978429 1 456298 300213 840957 524007 699497 857969 345287 59107 129434 558893 490918 616261 462221 448703 762349 223992 197148 561364 972615 836697 48067 426465 745090 307241 584035 742890 267558 679147 416845 693469 509653 864606
 433490 645656 565191 545070 328174 546624 350492 306575 395667 496319 510158 323584 447819 344220 444471 270215 167335 491717 309235 512651 147735 416370 373055 368630 483018 60326 523704 456298 1 736897 398014 543239 591904 412466 431582 487670 375630 557120 507624 267140 477704 64071 534104 525217 518877 105068 516343 381303 408233 433208 334277 290842 316690 653036 229898 444092 495790 241349 187540 411054
 605849 856987 302197 904300 796607 190952 985322 437306 1023565 453554 230291 1054366 1184711 396995 1019533 843508 892491 1206529 1039950 965293 787914 342149 425456 1059765 515825 791652 1247043 300213 736897 1 1131152 777933 790470 1147070 612931 303714 425182 623249 569023 841240 553756 739386 908625 264102 251250 840512 1248860 1117159 343923 699519 1041957 603999 883209 814473 567213 842634 488625 978054 809072 1147869
 701327 883214 927057 735563 564824 940219 284052 704584 294573 821567 901935 77765 89501 734665 500333 464828 239214 261169 167895 534664 412001 799182 737305 170823 786000 350695 246413 840957 398014 1131152 1 712233 853114 21388 695993 862485 739116 882237 850179 463884 826079 392543 719230 922432 916777 301404 193912 102996 793540 648346 137443 593152 380785 911853 582175 657009 860882 161357 358549 80032
 186016 1147018 476452 1074141 860398 637780 435126 587788 443140 324448 599681 649262 799935 513902 983815 813199 548721 934892 749428 243945 690902 496933 409056 552860 262419 585827 942028 524007 543239 777933 712233 1 1083169 733620 180606 489899 407033 991500 925768 810098 892619 482206 1065356 740103 715560 598468 901860 772378 506825 118814 575206 290672 331646 1139943 385645 973127 873018 646578 399154 777577
 921743 70452 848427 168028 290919 682368 931243 527031 974936 888453 680333 808742 843306 623800 419915 389227 714410 740710 687902 1101652 474559 690132 733745 913849 914798 586712 796187 699497 591904 790470 853114 1083169 1 854680 923718 758472 736987 169046 222698 390472 243729 653079 182705 540392 562975 614923 839084 771410 674792 964400 866675 792944 908568 61499 698280 201097 304263 713389 779367 810874
 722051 883204 945681 733931 567719 956192 305110 718948 314853 841371 918183 96330 68805 750937 494650 467528 256232 244476 167126 555240 419956 816305 755498 191169 806275 363575 227219 857969 412466 1147070 21388 733620 854680 1 716754 880289 757350 887833 857208 466722 833663 409307 717452 935939 930769 314028 173254 93488 810433 669538 158772 612901 402172 912962 600385 657386 869777 173244 378653 64437
 7392 989845 318280 931139 723907 461423 453266 413543 477916 167070 422156 623164 776876 334813 874588 691801 488984 883096 691722 356943 573366 316732 228464 560796 108532 484555 900581 345287 431582 612931 695993 180606 923718 716754 1 315664 226429 821417 754515 688634 721626 379813 924052 559557 535157 510160 871616 733984 326346 87120 567498 142939 337382 978405 230050 831831 697948 593511 342048 748171
 308961 828866 92795 820364 653408 148719 689208 251304 725533 174644 114148 784725 926037 160248 857553 666842 624415 978233 796648 662763 578816 78718 127905 772040 231282 547315 1011367 59107 487670 303714 862485 489899 758472 880289 315664 1 126806 617826 549917 663977 521307 473023 818921 275050 247399 592190 1002188 864717 92350 400487 759942 302629 583276 801995 281257 734745 475448 719909 520653 890866
 221175 806028 190531 773475 586440 249625 562866 210096 599751 152826 207771 661382 805186 116551 775166 583454 502434 867161 681774 551525 483239 93396 3337 645343 180477 435945 897442 129434 375630 425182 739116 407033 736987 757350 226429 126806 1 616132 547802 580416 516004 353501 769534 333361 309434 478108 884662 746124 100906 302421 633936 178950 458321 786983 156966 680498 483785 600469 394091 770682
 818371 233796 704231 312295 331596 526413 907517 409356 952622 762628 529355 826107 889443 499731 522178 428197 705070 817735 727002 1044670 474397 556159 613078 911789 796590 569386 871417 558893 557120 623249 882237 991500 169046 887833 821417 617826 616132 1 68555 428191 100249 610854 322486 379554 403925 607944 904385 814578 541108 873522 869141 702481 864463 192870 608233 295403 144847 728644 737419 853944
 751343 291342 636914 344620 318957 462235 857748 341729 902996 694079 463356 790360 863726 431347 526408 409169 661578 805407 700463 985496 438641 487687 544760 868707 728275 525312 857738 490918 507624 569023 850179 925768 222698 857208 754515 549917 547802 68555 1 408666 33247 558314 352113 317998 341181 566660 886202 788489 472618 808135 827883 637655 809244 255777 543908 307616 81599 693271 683658 827394
 689552 426632 753645 295927 101000 668238 561099 421517 602305 723276 643018 418395 462455 503810 194801 3169 339319 398778 301716 765326 119476 585360 577247 528445 723416 233464 449947 616261 267140 841240 463884 810098 390472 466722 688634 663977 580416 428191 408666 1 391367 329790 282191 585601 592320 244252 477721 388182 572534 698528 479773 545705 563093 450284 466794 202267 441627 323779 439910 427762
 718500 313569 609252 352983 305846 438679 827395 309164 872663 663056 437704 764920 842146 399675 519307 392090 633471 789645 678849 952767 414097 457614 512938 840516 696439 497243 841274 462221 477704 553756 826079 892619 243729 833663 721626 521307 516004 100249 33247 391367 1 527367 359030 297764 319598 539526 867738 766881 442464 774942 800367 604420 777404 281531 510661 306653 66539 668128 652259 805530
 382384 708001 543927 609110 392206 548460 301370 322998 346584 460293 509681 315287 453034 342472 502452 332828 153358 519592 330554 449661 210351 407147 351312 336114 440511 105537 546224 448703 64071 739386 392543 482206 653079 409307 379813 473023 353501 610854 558314 329790 527367 1 598172 544617 535163 132617 531226 392633 401128 374549 308635 243202 256227 713984 198839 508090 539919 247136 127326 417880
 923519 177566 911637 17146 206312 772575 843226 569827 884169 921813 761227 686339 696191 667138 247135 279808 621417 574584 551335 1043235 393348 743439 766198 805586 936533 510956 630204 762349 534104 908625 719230 1065356 182705 717452 924052 818921 769534 322486 352113 282191 359030 598172 1 646527 664295 526140 678575 628504 728463 949079 755741 783995 842223 222745 694091 92389 425569 596843 716345 666922
 554090 609337 346279 642973 534480 151005 826982 221642 869763 445802 165761 848755 964858 239379 758256 587653 690887 965012 810944 871349 546369 243893 331511 879930 496276 572515 1009158 223992 525217 264102 922432 740103 540392 935939 559557 275050 333361 379554 317998 585601 297764 544617 646527 1 28001 622173 1018193 893364 233324 634917 853045 489847 741997 572192 418745 578705 236464 762970 641406 927281
 529567 632297 318306 661292 545359 124114 813289 212853 855624 418764 137761 842364 961498 220112 768429 594481 683311 966975 809384 851072 547627 218753 307714 869352 469901 567999 1010144 197148 518877 251250 916777 715560 562975 930769 535157 247399 309434 403925 341181 592320 319598 535163 664295 28001 1 617674 1017344 890743 208839 611587 843797 469534 725937 596201 401448 594241 259941 758212 628243 924017
 513094 660474 668313 539461 329857 650668 318750 407090 361308 591945 614678 231126 344774 449134 389801 246785 99551 389567 204458 524375 140365 521375 475651 304112 573126 49682 419580 561364 105068 840512 301404 598468 614923 314028 510160 592190 478108 607944 566660 244252 539526 132617 526140 622173 617674 1 411279 276782 513298 497485 261407 375566 321560 676336 327699 442718 567366 140844 205401 307630
 876379 854195 1075138 695707 572865 1060193 477720 812226 488038 983997 1025108 252916 104460 860263 434385 477369 388186 112243 208910 728490 474187 932462 882430 364407 954522 458671 66916 972615 516343 1248860 193912 901860 839084 173254 871616 1002188 884662 904385 886202 477721 867738 531226 678575 1018193 1017344 411279 1 139501 924550 831263 330225 756841 570383 892385 729643 638137 913954 285313 529608 124658
 738588 796844 936491 645171 488535 927443 361496 682361 380216 844519 891391 127294 75266 725467 401891 388619 248747 169026 88043 615089 358442 796106 743943 259029 815462 325513 169687 836697 381303 1117159 102996 772378 771410 93488 733984 864717 746124 814578 788489 388182 766881 392633 628504 893364 890743 276782 139501 1 788666 696588 215202 617515 442953 828653 590657 572207 807483 145979 392024 39620
 320811 744944 184641 730338 561086 157562 642734 159426 681986 224162 115526 716080 852625 69032 765733 575370 554340 895370 717216 649735 490300 15346 99404 715930 267461 466720 930473 48067 408233 343923 793540 506825 674792 810433 326346 92350 100906 541108 472618 572534 442464 401128 728463 233324 208839 513298 924550 788666 1 403325 699084 271369 544008 720687 223473 643457 402406 645545 465157 816665
 94413 1028387 405360 957519 744896 544402 389099 471938 408621 253608 504301 579187 732772 402752 876864 701660 459863 853029 663550 270225 580045 395084 303997 502027 193429 479735 865568 426465 433208 699519 648346 118814 964400 669538 87120 400487 302421 873522 808135 698528 774942 374549 949079 634917 611587 497485 831263 696588 403325 1 514991 171905 274730 1021131 266883 856743 756968 562142 308633 706714
 573215 906275 817254 770891 576302 851821 148003 631519 165250 701928 811682 90022 226388 645952 564684 481542 168275 384131 235198 400969 397019 702791 632503 51023 662089 303509 378230 745090 334277 1041957 137443 575206 866675 158772 567498 759942 633936 869141 827883 479773 800367 308635 755741 853045 843797 261407 330225 215202 699084 514991 1 475547 244247 927511 479153 681685 825565 159427 241229 209112
 143930 857416 345297 791622 582331 426787 388900 306117 423680 228498 384595 516886 667843 250671 732268 548872 368839 757719 566513 381565 430774 268008 178872 480028 199123 345915 779762 307241 290842 603999 593152 290672 792944 612901 142939 302629 178950 702481 637655 545705 604420 243202 783995 489847 469534 375566 756841 617515 271369 171905 475547 1 280758 849406 94978 691635 589292 473000 235426 636244
 343875 961986 622427 854498 639256 701503 115886 529822 144162 488811 659340 318210 468290 508034 706913 565820 242671 608415 429401 202817 448922 543092 457900 227416 440317 331271 612160 584035 316690 883209 380785 331646 908568 402172 337382 583276 458321 864463 809244 563093 777404 256227 842223 741997 725937 321560 570383 442953 544008 274730 244247 280758 1 969651 325340 754957 782939 327255 129218 446324
 976220 55322 890600 206355 351385 717924 992741 576925 1036427 937414 718851 868678 899900 672499 467451 448938 775803 791940 745967 1162186 535976 735977 783781 974860 965921 648205 847554 742890 653036 814473 911853 1139943 61499 912962 978405 801995 786983 192870 255777 450284 281531 713984 222745 572192 596201 676336 892385 828653 720687 1021131 927511 849406 969651 1 754544 256611 336334 773670 840438 868005
 229428 763092 346262 701098 495082 380288 419822 218723 459897 266497 338647 504433 648604 182698 657816 469952 345664 717091 529151 459211 356910 225313 155131 493474 257587 289466 744916 267558 229898 567213 582175 385645 698280 600385 230050 281257 156966 608233 543908 466794 510661 198839 694091 418745 401448 327699 729643 590657 223473 266883 479153 94978 325340 754544 1 601928 497990 444749 242098 614377
 831348 226453 827539 101381 116021 697072 761262 484163 803171 832323 682894 617434 643290 580555 228413 200339 539972 541051 490264 954991 306477 658239 677164 730593 845674 424033 596339 679147 444092 842634 657009 973127 201097 657386 831831 734745 680498 295403 307616 202267 306653 508090 92389 578705 594241 442718 638137 572207 643457 856743 681685 691635 754957 256611 601928 1 371724 524568 628030 611502
 694247 372915 560498 419470 362292 381761 841287 285231 886489 625942 384636 796465 882576 367533 580167 442668 657444 840285 719768 949916 450326 417140 480894 863255 663711 522369 890760 416845 495790 488625 860882 873018 304263 869777 697948 475448 483785 144847 81599 441627 66539 539919 425569 236464 259941 567366 913954 807483 402406 756968 825565 589292 782939 336334 497990 371724 1 700894 661299 845476
 597766 750184 790730 612153 422479 787548 273938 546982 306395 699220 750486 97469 207168 583710 408381 325327 104716 290939 102964 518320 254805 652467 598326 210014 671593 190464 307436 693469 241349 978054 161357 646578 713389 173244 593511 719909 600469 728644 693271 323779 668128 247136 596843 762970 758212 140844 285313 145979 645545 562142 159427 473000 327255 773670 444749 524568 700894 1 253831 171165
 346772 833074 576051 728181 512087 620997 185990 422562 229806 463383 579775 283299 436130 418030 595200 442755 151316 544755 354917 326978 323300 467394 392821 251597 427749 206485 559404 509653 187540 809072 358549 399154 779367 378653 342048 520653 394091 737419 683658 439910 652259 127326 716345 641406 628243 205401 529608 392024 465157 308633 241229 235426 129218 840438 242098 628030 661299 253831 1 406473
 753056 835889 960627 683646 528147 957678 357107 714499 371346 864228 921023 128365 37673 754497 437890 428212 269431 181141 127043 609829 395798 823630 768606 247986 832892 356965 169209 864606 411054 1147869 80032 777577 810874 64437 748171 890866 770682 853944 827394 427762 805530 417880 666922 927281 924017 307630 124658 39620 816665 706714 209112 636244 446324 868005 614377 611502 845476 171165 406473 1
LAMBDA_SECTION
1 656
2 147
3 425
4 267
5 335
6 919
7 922
8 451
9 520
10 172
11 710
12 872
13 933
14 722
15 296
16 876
17 634
18 436
19 312
20 54
21 32
22 944
23 23
24 976
25 289
26 653
27 437
28 703
29 124
30 612
31 532
32 787
33 709
34 102
35 94
36 357
37 45
38 946
39 262
40 125
41 731
42 470
43 411
44 738
45 379
46 769
47 223
48 494
49 835
50 497
51 586
52 683
53 140
54 197
55 495
56 292
57 660
58 442
59 183
60 638
