NAME : domp50p25v7
COMMENT : Cherkesly, Contardo & Gruson 2022
TYPE : DOMP
DIMENSION : 50
DISPLAY_DATA_TYPE : NO_DISPLAY
OPEN_FACILITIES : 25
COST_SECTION
 1 720442 366496 871491 380130 272900 824136 371504 210376 183518 456287 675156 384249 837564 757393 104566 242846 816823 301945 279920 205046 601200 1013731 844715 692969 243921 379311 696866 593413 713683 590828 60685 521363 113174 132278 654819 316831 372535 501640 535837 405612 460860 426157 808363 341920 419727 587336 529033 580020 628814
 720442 1 403415 803090 848403 531964 481838 369414 804211 645203 386488 1026320 419999 872683 737801 683524 492408 482126 491765 458324 865711 1027995 795127 464584 136022 858591 342231 816881 195967 680886 1072789 776878 259227 754716 818607 199144 409313 809584 220709 1032451 450023 525723 801802 833501 929148 306042 312726 453636 252369 601314
 366496 403415 1 624773 450411 128975 476428 53318 403956 246760 101966 666898 42928 639421 520806 375987 231051 470074 308145 225352 471762 647663 717931 491341 340203 458010 160118 531522 359664 463695 682582 412212 319486 367579 490445 292816 94452 413464 226486 638277 95011 201578 416633 601713 525771 120155 222564 209193 383253 365161
 871491 803090 624773 1 607712 626500 357602 670538 741854 687994 536201 500520 582469 123198 114116 935507 846946 352687 931446 847894 823898 585453 198617 392051 667365 766994 774713 226920 897678 163159 665225 881848 894552 793513 1000255 605624 718542 579840 778996 667718 532692 434812 517101 109203 747472 709441 511387 421058 944490 260346
 380130 848403 450411 607712 1 330440 716680 495294 176887 258235 468440 295239 428623 533928 502628 480335 523202 708149 614104 550344 238493 226386 789878 749654 761239 175495 577054 389925 802192 483132 238354 355369 749239 268328 475510 698725 485087 41083 673444 189606 401097 357382 91601 516059 140347 566123 585135 453004 815004 439458
 272900 531964 128975 626500 330440 1 551561 166742 275643 121258 192208 573103 125249 615886 514610 313787 236931 544168 330520 251205 346377 539962 750926 573054 466639 329465 248483 489290 471753 463865 567040 307536 420331 248414 404381 414898 156850 296315 343856 519955 134036 195855 311037 581511 397280 237046 326700 256232 486022 371065
 824136 481838 476428 357602 716680 551561 1 499840 779284 659724 375543 750360 446623 459469 338956 850197 701368 8548 762581 686960 863222 800332 313301 38191 349317 823237 578104 470910 620714 302152 870219 857846 641627 788425 954699 304338 562030 677269 531132 851151 418634 382629 632776 425920 846743 503999 268461 297627 675814 287396
 371504 369414 53318 670538 495294 166742 499840 1 434906 275831 137024 718880 94393 689464 568682 365946 201569 494080 268773 188762 497196 697171 755204 511222 322317 489306 107807 583879 309514 510843 729723 422164 266708 388214 488697 283989 63182 459518 178256 684206 146466 253271 466120 651418 562564 70849 235785 250918 330891 412298
 210376 804211 403956 741854 176887 275643 779284 434906 1 159115 459228 470725 398897 685087 630166 314147 397577 771084 479612 430501 85223 391709 908674 807294 742093 54408 489959 539923 719564 598137 381033 179094 656401 97453 298628 688650 403428 180410 603088 326176 392780 396826 242694 661756 142104 501263 591564 487245 720720 531609
 183518 645203 246760 687994 258235 121258 659724 275831 159115 1 312264 536880 246506 656749 573905 257394 264969 651968 356296 292701 225422 482930 832232 683814 586596 213522 334780 518264 564511 530357 494673 201746 504371 129738 313683 535988 245993 234560 445006 443052 250104 284142 272586 626536 291719 342296 446691 362108 569577 446982
 456287 386488 101966 536201 468440 192208 375543 137024 459228 312264 1 644057 72277 563084 437705 474938 332207 369001 405252 323907 535120 641549 618663 391981 292992 511149 238550 469410 394104 378900 687113 496780 371602 440569 584057 232711 193468 428376 261641 648320 68395 145584 415926 524232 565380 175061 134518 115173 429740 281093
 675156 1026320 666898 500520 295239 573103 750360 718880 470725 536880 644057 1 632677 386599 435382 774245 795530 742308 889423 817639 520615 108274 699057 788198 913840 458688 817148 289068 1025670 452932 182986 649798 985239 563566 768260 845149 727843 305621 891375 210203 588785 500873 266053 391345 383802 786859 723224 577310 1049755 471726
 384249 419999 42928 582469 428623 125249 446623 94393 398897 246506 72277 632677 1 596513 478037 403578 269689 439900 349558 266339 471452 618227 679099 463895 343815 452067 202103 489488 393065 421088 656743 425715 357271 372798 511784 290020 136109 390254 258700 614265 52247 159025 387949 558787 513468 155676 204190 169551 420001 322606
 837564 872683 639421 123198 533928 615886 459469 689464 685087 656749 563084 386599 596513 1 134883 912122 847839 453416 937391 854140 762971 478521 316514 496107 739311 702814 796796 145298 945458 192749 558779 839672 932831 748626 961377 673549 729607 511950 819365 567240 544481 438993 447534 39606 670087 737956 566866 452014 987674 284025
 757393 737801 520806 114116 502628 514610 338956 568682 630166 573905 437705 435382 478037 134883 1 822145 738633 332055 825008 741380 712960 507246 288037 376791 604525 657173 674736 146422 813699 59539 584986 767909 804046 679851 886157 538668 613472 472505 689608 580634 427047 325703 411198 95841 642951 612626 432734 324036 857320 156700
 104566 683524 375987 935507 480335 313787 850197 365946 314147 257394 474938 774245 403578 912122 822145 1 191117 843475 222010 225895 307244 703521 1064697 866766 675699 348431 343554 775206 535856 774286 695024 154617 460862 216695 136273 646970 304231 469464 462961 640075 436081 509533 519339 880715 446385 398713 597482 564026 513991 683832
 242846 492408 231051 846946 523202 236931 701368 201569 397577 264969 332207 795530 269689 847839 738633 191117 1 695553 94566 37098 428563 747315 948642 712622 489984 446914 153919 725229 351279 684043 759088 303267 278575 314882 326580 467619 139623 498294 271888 706808 315812 412931 529485 812123 539593 216036 436606 439207 337481 586768
 816823 482126 470074 352687 708149 544168 8548 494080 771084 651968 369001 742308 439900 453416 332055 843475 695553 1 757410 681462 855066 791986 313113 45944 348995 814946 573266 463285 618833 294586 861794 850279 638792 780587 947493 302659 556133 668749 527833 842655 411406 374487 624229 419588 838269 499188 263572 289907 673676 278941
 301945 491765 308145 931446 614104 330520 762581 268773 479612 356296 405252 889423 349558 937391 825008 222010 94566 757410 1 83630 500815 839225 1023865 770134 514917 526212 187019 817291 323357 769238 848321 361905 247442 390834 354622 504714 213699 590593 280810 795369 398756 499928 623380 901086 621471 260381 494335 517048 294907 671159
 279920 458324 225352 847894 550344 251205 686960 188762 430501 292701 323907 817639 266339 854140 741380 225895 37098 681462 83630 1 464057 772967 942452 696437 461444 480655 124415 735238 314262 685628 787367 340309 241479 349913 361892 442728 131001 523839 238420 735659 315208 416369 551955 817707 572242 191939 419961 434515 300605 587584
 205046 865711 471762 823898 238493 346377 863222 497196 85223 225422 535120 520615 471452 762971 712960 307244 428563 855066 500815 464057 1 430739 992929 890728 811868 63163 539672 617682 766687 682243 404662 154088 699566 114973 255161 761274 458475 252130 657517 350157 470193 480598 316386 741139 147867 560076 668775 569711 762104 616760
 601200 1027995 647663 585453 226386 539962 800332 697171 391709 482930 641549 108274 618227 478521 507246 703521 747315 791986 839225 772967 430739 1 783458 837264 924706 371163 788303 362869 1006676 514375 80259 569327 959635 488084 683612 857570 696812 249145 874143 102073 580058 505946 231080 477638 287482 767305 736843 592322 1025133 514070
 1013731 795127 717931 198617 789878 750926 313301 755204 908674 832232 618663 699057 679099 316514 288037 1064697 948642 313113 1023865 942452 992929 783458 1 333774 662014 939570 849805 422378 926763 310745 862999 1032431 939800 948499 1145422 612935 811639 758528 825517 863649 635784 555466 698301 307719 930215 778072 550790 509571 979853 385254
 844715 464584 491341 392051 749654 573054 38191 511222 807294 683814 391981 788198 463895 496107 376791 866766 712622 45944 770134 696437 890728 837264 333774 1 335209 852225 584220 509097 612348 340343 906656 880271 637601 813067 974424 296516 574024 709940 529606 886855 439291 410526 666757 463019 878322 510181 276478 322287 668497 323712
 692969 136022 340203 667365 761239 466639 349317 322317 742093 586596 292992 913840 343815 739311 604525 675699 489984 348995 514917 461444 811868 924706 662014 335209 1 795590 337059 690181 283842 548467 975425 744460 323634 707134 805267 69230 376760 720983 236724 938887 361014 418773 704894 700354 856165 277094 190805 336550 341887 472953
 243921 858591 458010 766994 175495 329465 823237 489306 54408 213522 511149 458688 452067 702814 657173 348431 446914 814946 526212 480655 63163 371163 939570 852225 795590 1 543546 557636 772964 628909 350382 201857 709103 136412 312492 741471 457529 190989 657258 295397 444133 441951 255430 681936 98055 555640 642645 534192 773139 567920
 379311 342231 160118 774713 577054 248483 578104 107807 489959 334780 238550 817148 202103 796796 674736 343554 153919 573266 187019 124415 539672 788303 849805 584220 337059 543546 1 691540 229815 616440 814732 437006 172193 425338 477343 319746 91995 544259 122344 766591 254252 361066 558563 758587 626415 74124 309694 353722 237959 518089
 696866 816881 531522 226920 389925 489290 470910 583879 539923 518264 469410 289068 489488 145298 146422 775206 725229 463285 817291 735238 617682 362869 422378 509097 690181 557636 691540 1 862399 168826 441635 696541 840213 605121 818773 621427 616463 366882 730981 441355 437508 330948 302524 126630 527486 639852 504181 369480 899136 217689
 593413 195967 359664 897678 802192 471753 620714 309514 719564 564511 394104 1025670 393065 945458 813699 535856 351279 618833 323357 314262 766687 1006676 926763 612348 283842 772964 229815 862399 1 754248 1038274 653368 75920 651812 671873 316465 319574 767622 134538 991693 439028 538329 775613 905920 856196 239568 386703 495590 58506 661871
 713683 680886 463695 163159 483132 463865 302152 510843 598137 530357 378900 452932 421088 192749 59539 774286 684043 294586 769238 685628 682243 514375 310745 340343 548467 628909 616440 168826 754248 1 589506 727579 744562 641375 843838 481902 556914 449956 630079 579587 370636 271662 391729 153219 623006 553666 374122 264839 797783 98581
 590828 1072789 682582 665225 238354 567040 870219 729723 381033 494673 687113 182986 656743 558779 584986 695024 759088 861794 848321 787367 404662 80259 862999 906656 975425 350382 814732 441635 1038274 589506 1 552206 986907 478424 659809 909578 722738 270739 907906 55052 622796 557961 271192 557650 256849 800502 790433 648180 1052665 582946
 60685 776878 412212 881848 355369 307536 857846 422164 179094 201746 496780 649798 425715 839672 767909 154617 303267 850279 361905 340309 154088 569327 1032431 880271 744460 201857 437006 696541 653368 727579 552206 1 581657 91935 123085 703529 370352 354112 559154 497197 441572 485752 412477 812516 298060 474004 629880 560665 640586 647347
 521363 259227 319486 894552 749239 420331 641627 266708 656401 504371 371602 985239 357271 932831 804046 460862 278575 638792 247442 241479 699566 959635 939800 637601 323634 709103 172193 840213 75920 744562 986907 581657 1 584601 596686 342355 264183 716377 115795 938761 406786 510815 729319 893615 795064 201919 390448 480855 65766 649033
 113174 754716 367579 793513 268328 248414 788425 388214 97453 129738 440569 563566 372798 748626 679851 216695 314882 780587 390834 349913 114973 488084 948499 813067 707134 136412 425338 605121 651812 641375 478424 91935 584601 1 214997 659942 345987 263907 544081 423523 379603 409683 321085 722009 233787 448679 575083 491000 647231 564468
 132278 818607 490445 1000255 475510 404381 954699 488697 298628 313683 584057 768260 511784 961377 886157 136273 326580 947493 354622 361892 255161 683612 1145422 974424 805267 312492 477343 818773 671873 843838 659809 123085 596686 214997 1 772438 429568 476324 597904 605313 536088 593113 535350 933566 402972 528446 712826 660611 648672 760301
 654819 199144 292816 605624 698725 414898 304338 283989 688650 535988 232711 845149 290020 673549 538668 646970 467619 302659 504714 442728 761274 857570 612935 296516 69230 741471 319746 621427 316465 481902 909578 703529 342355 659942 772438 1 343284 658164 239560 874070 301101 351971 639683 634389 798055 251600 121927 267861 372102 404471
 316831 409313 94452 718542 485087 156850 562030 63182 403428 245993 193468 727843 136109 729607 613472 304231 139623 556133 213699 131001 458475 696812 811639 574024 376760 457529 91995 616463 319574 556914 722738 370352 264183 345987 429568 343284 1 452291 199806 674644 186426 290615 467582 692426 537536 103884 298911 303534 329948 458530
 372535 809584 413464 579840 41083 296315 677269 459518 180410 234560 428376 305621 390254 511950 472505 469464 498294 668749 590593 523839 252130 249145 758528 709940 720983 190989 544259 366882 767622 449956 270739 354112 716377 263907 476324 658164 452291 1 637773 224835 361333 316307 64446 491783 173828 530358 544213 411950 782119 402171
 501640 220709 226486 778996 673444 343856 531132 178256 603088 445006 261641 891375 258700 819365 689608 462961 271888 527833 280810 238420 657517 874143 825517 529606 236724 657258 122344 730981 134538 630079 907906 559154 115795 544081 597904 239560 199806 637773 1 862450 304525 404684 643096 780015 735755 107420 275259 367500 168620 535351
 535837 1032451 638277 667718 189606 519955 851151 684206 326176 443052 648320 210203 614265 567240 580634 640075 706808 842655 795369 735659 350157 102073 863649 886855 938887 295397 766591 441355 991693 579587 55052 497197 938761 423523 605313 874070 674644 224835 862450 1 582713 524090 234572 562266 202516 755054 756413 616507 1004522 564040
 405612 450023 95011 532692 401097 134036 418634 146466 392780 250104 68395 588785 52247 544481 427047 436081 315812 411406 398756 315208 470193 580058 635784 439291 361014 444133 254252 437508 439028 370636 622796 441572 406786 379603 536088 301101 186426 361333 304525 582713 1 106817 351988 506873 497033 204876 198824 128236 468596 272418
 460860 525723 201578 434812 357382 195855 382629 253271 396826 284142 145584 500873 159025 438993 325703 509533 412931 374487 499928 416369 480598 505946 555466 410526 418773 441951 361066 330948 538329 271662 557961 485752 510815 409683 593113 351971 290615 316307 404684 524090 106817 1 289615 401896 474709 309487 232539 95891 571290 176145
 426157 801802 416633 517101 91601 311037 632776 466120 242694 272586 415926 266053 387949 447534 411198 519339 529485 624229 623380 551955 316386 231080 698301 666757 704894 255430 558563 302524 775613 391729 271192 412477 729319 321085 535350 639683 467582 64446 643096 234572 351988 289615 1 427683 231916 536226 521846 382766 794681 351472
 808363 833501 601713 109203 516059 581511 425920 651418 661756 626536 524232 391345 558787 39606 95841 880715 812123 419588 901086 817707 741139 477638 307719 463019 700354 681936 758587 126630 905920 153219 557650 812516 893615 722009 933566 634389 692426 491783 780015 562266 506873 401896 427683 1 654033 699193 527314 412764 948272 244668
 341920 929148 525771 747472 140347 397280 846743 562564 142104 291719 565380 383802 513468 670087 642951 446385 539593 838269 621471 572242 147867 287482 930215 878322 856165 98055 626415 527486 856196 623006 256849 298060 795064 233787 402972 798055 537536 173828 735755 202516 497033 474709 231916 654033 1 631306 691665 570177 859877 575489
 419727 306042 120155 709441 566123 237046 503999 70849 501263 342296 175061 786859 155676 737956 612626 398713 216036 499188 260381 191939 560076 767305 778072 510181 277094 555640 74124 639852 239568 553666 800502 474004 201919 448679 528446 251600 103884 530358 107420 755054 204876 309487 536226 699193 631306 1 235623 289031 264326 456098
 587336 312726 222564 511387 585135 326700 268461 235785 591564 446691 134518 723224 204190 566866 432734 597482 436606 263572 494335 419961 668775 736843 550790 276478 190805 642645 309694 504181 386703 374122 790433 629880 390448 575083 712826 121927 298911 544213 275259 756413 198824 232539 521846 527314 691665 235623 1 145957 435414 289512
 529033 453636 209193 421058 453004 256232 297627 250918 487245 362108 115173 577310 169551 452014 324036 564026 439207 289907 517048 434515 569711 592322 509571 322287 336550 534192 353722 369480 495590 264839 648180 560665 480855 491000 660611 267861 303534 411950 367500 616507 128236 95891 382766 412764 570177 289031 145957 1 536000 168210
 580020 252369 383253 944490 815004 486022 675814 330891 720720 569577 429740 1049755 420001 987674 857320 513991 337481 673676 294907 300605 762104 1025133 979853 668497 341887 773139 237959 899136 58506 797783 1052665 640586 65766 647231 648672 372102 329948 782119 168620 1004522 468596 571290 794681 948272 859877 264326 435414 536000 1 703653
 628814 601314 365161 260346 439458 371065 287396 412298 531609 446982 281093 471726 322606 284025 156700 683832 586768 278941 671159 587584 616760 514070 385254 323712 472953 567920 518089 217689 661871 98581 582946 647347 649033 564468 760301 404471 458530 402171 535351 564040 272418 176145 351472 244668 575489 456098 289512 168210 703653 1
LAMBDA_SECTION
1 876
2 169
3 220
4 908
5 152
6 686
7 969
8 743
9 872
10 605
11 487
12 962
13 52
14 681
15 853
16 308
17 158
18 501
19 209
20 858
21 883
22 100
23 529
24 735
25 529
26 279
27 362
28 394
29 765
30 632
31 459
32 415
33 614
34 145
35 712
36 278
37 766
38 395
39 489
40 496
41 199
42 478
43 257
44 206
45 827
46 762
47 888
48 528
49 93
50 197
