NAME : domp60p20v1
COMMENT : Cherkesly, Contardo & Gruson 2022
TYPE : DOMP
DIMENSION : 60
DISPLAY_DATA_TYPE : NO_DISPLAY
OPEN_FACILITIES : 20
COST_SECTION
 1 384063 628343 212420 309543 880926 189319 905550 326300 752505 569447 605086 544862 793464 912929 713622 602721 503360 456832 349704 548701 364656 442137 126258 716950 528027 819240 499656 852305 96429 396373 422363 416468 115512 540020 801396 139596 931424 490515 572265 756011 877380 554410 522526 148355 453010 116416 500961 206298 164950 389743 793324 176501 582017 345082 129403 251962 208232 788417 819625
 384063 1 306326 184279 402201 699445 215862 814754 635469 607759 299097 750600 244499 796711 552877 335388 642538 754074 760731 440032 680371 578206 350631 268709 724582 240402 519064 823402 606754 420088 25540 113506 361503 460032 479934 540909 407427 807806 403035 335719 562999 698847 273698 251500 291179 548831 402038 320355 563725 523423 379206 627075 381848 229755 650273 258058 175409 304643 751199 767408
 628343 306326 1 470876 481269 443715 439158 612220 779499 396058 96941 746473 454749 670613 295579 193143 579360 832227 881896 495560 680445 665929 315247 540297 615437 104748 212875 955638 317846 625176 316831 213960 351476 664357 390298 248589 589886 581691 331563 145047 319042 445292 91033 485023 578002 560066 595973 217401 758180 724784 394378 393337 674945 91829 788684 501895 476418 604567 600419 601789
 212420 184279 470876 1 354792 808998 117443 884590 508032 697151 437232 705416 337428 821325 734682 519649 643492 658515 639128 399584 638923 492447 394483 88040 744665 384151 678591 692501 743723 272414 191046 257223 386522 308481 520260 683211 279109 892887 450844 458106 674127 807012 415850 320015 108323 516737 265550 410735 410453 368608 382508 727462 204070 406012 525226 108320 50777 139454 793768 817656
 309543 402201 481269 354792 1 599121 237500 598434 302666 464140 391804 354757 641350 487227 774226 636668 299081 363086 400757 45135 286269 188610 186077 333797 410100 380141 618550 474403 606396 237679 426745 350843 148218 260989 241586 570789 183994 629427 213571 366989 488884 594547 390586 639159 389992 162049 204528 280534 320430 301410 105235 510574 466337 481537 309852 267467 403598 455782 478881 510231
 880926 699445 443715 808998 599121 1 723567 219719 865864 137000 404570 634529 892758 392043 531749 607912 446386 814645 913818 577160 597749 710491 438818 845852 388178 462987 313646 989445 163430 829873 718574 586139 465875 857999 360336 218825 778114 158092 392064 363727 136657 7138 431017 919084 898519 547835 795710 398304 917415 900478 499003 88606 995077 533054 865212 785125 835635 947256 306085 279472
 189319 215862 439158 117443 237500 723567 1 781129 422003 603845 383746 589541 426746 707164 724265 530935 527119 555486 549715 282200 522427 384300 293175 122474 630182 339743 633170 609765 676845 205634 234476 234167 279235 246018 413018 621901 192067 794944 348209 391988 592248 720873 367204 417035 177065 399354 186196 329258 349112 309609 269684 638738 271700 394092 437565 64903 166178 234383 683337 708942
 905550 814754 612220 884590 598434 219719 781129 1 809057 216897 547666 507104 1034933 214456 746463 794320 350229 712145 825973 563469 492274 652193 490152 900977 248605 600110 523686 896591 379499 835522 837399 703721 502087 855165 369335 424815 781693 77438 433937 496476 298129 213527 572988 1055057 957313 492171 802801 494429 891689 884519 518867 223961 1047076 693105 803630 834826 920667 1015126 147862 108656
 326300 635469 779499 508032 302666 865864 422003 809057 1 729050 692969 364149 843273 636202 1074304 920799 459691 193362 131737 303352 336738 157772 487390 437200 571377 676096 920555 187940 898165 239052 655640 621091 448796 210877 509943 868341 231172 859112 506183 669652 772601 860289 689835 827964 472668 321684 242553 583194 142399 172141 404017 779911 493853 768670 19099 400253 556368 534509 666303 704443
 752505 607759 396058 697151 464140 137000 603845 216897 729050 1 331389 513157 820904 311675 560221 581153 321240 683599 779590 440794 470353 574072 312734 726233 285295 385103 336047 855640 219394 697251 629278 494979 336038 724155 223910 238573 644878 200059 262001 281222 95440 131716 357010 842589 780558 412106 663161 290947 781240 765136 366143 52490 875241 476209 728609 663213 728268 833064 227954 217108
 569447 299097 96941 437232 391804 404570 383746 547666 692969 331389 1 649627 491552 585229 382607 285137 484449 737632 791123 402862 583507 573600 219640 495628 526371 58932 249799 865694 309512 554637 316283 188583 256695 592463 295163 246445 515006 526987 234681 54131 270038 404671 26481 515762 539786 463509 523601 120764 681752 650682 300468 339713 638437 149798 701171 448456 452791 575830 519532 524827
 605086 750600 746473 705416 354757 634529 589541 507104 364149 513157 649627 1 993195 302360 1008611 930204 192680 213365 335056 312687 70438 243811 439911 670040 259710 664656 805492 398285 725769 510149 775796 680952 410899 506888 362664 723623 466720 573268 414954 603970 590932 627693 660581 992919 722356 202417 489402 530608 490122 503231 379024 564438 780297 778827 351386 608545 755334 789920 359917 398734
 544862 244499 454749 337428 641350 892758 426746 1034933 843273 820904 491552 993195 1 1035600 596460 364650 886373 981758 973380 681168 923203 808604 591796 418897 965113 435916 651037 1029084 772332 609731 218966 339007 605111 645856 718916 702899 612418 1018304 641938 539760 760692 893505 465279 42452 407172 792142 601008 547570 747277 705369 623704 831252 460008 362974 859927 443478 293145 376427 985061 998069
 793464 796711 670613 821325 487227 392043 707164 214456 636202 311675 585229 302360 1035600 1 870268 863434 191383 513910 632911 444598 302310 486163 446360 817029 77320 624740 647095 699449 526244 710581 821643 696835 441158 721991 316933 550223 658179 288348 393957 531208 406758 384925 606065 1047657 873952 344438 681019 493443 738480 739253 438903 350371 953479 734400 627670 749663 864777 937807 86527 114940
 912929 552877 295579 734682 774226 531749 724265 746463 1074304 560221 382607 1008611 596460 870268 1 234843 826164 1116922 1173692 785036 947271 955763 599530 813389 832494 400167 224828 1248296 368395 917603 553146 490585 637605 957282 646075 324082 884266 689840 603406 414853 464829 536913 384474 637072 842822 836771 889382 499512 1052728 1018517 682081 530276 934723 331443 1083048 784077 727751 856354 788006 776120
 713622 335388 193143 519649 636668 607912 530935 794320 920799 581153 285137 930204 364650 863434 234843 1 769458 997641 1033745 658944 862471 825193 491640 603418 808554 266081 315219 1104234 459198 734232 330788 302228 524358 774753 580187 392683 709408 756281 516682 336809 496550 610800 270550 404289 625902 737254 710036 400171 875654 837988 563614 571307 713312 155401 932430 584590 505770 632121 792022 791696
 602721 642538 579360 643492 299081 446386 527119 350229 459691 321240 484449 192680 886373 191383 826164 769458 1 371494 479217 255311 151697 304148 298225 631940 116839 509844 617265 552174 533134 519203 668028 554002 281273 530918 189287 532652 466872 405478 257274 434363 398382 439734 499561 893422 688506 153463 489758 372299 551691 550131 266909 372972 765032 624725 453684 564966 689311 753596 206723 244754
 503360 754074 832227 658515 363086 814645 555486 712145 193362 683599 737632 213365 981758 513910 1116922 997641 371494 1 123034 338827 221124 176471 518186 600009 463688 736012 934960 185551 881219 408854 777134 713454 480974 389773 490384 865836 383160 773755 515775 702071 747537 808222 741433 972373 643073 285501 401255 618051 335480 362147 437894 736087 677145 842240 175420 551153 708975 708313 564313 603564
 456832 760731 881896 639128 400757 913818 549715 825973 131737 779590 791123 335056 973380 632911 1173692 1033745 479217 123034 1 389256 333974 219632 576390 568936 578761 780814 1005791 76975 966583 370780 781746 738048 537700 341784 572833 944485 360991 884507 584818 761887 835563 907681 791066 958857 603903 369114 373589 675627 262014 297673 492680 831848 620970 879617 113968 531091 687751 665012 678668 717879
 349704 440032 495560 399584 45135 577160 282200 563469 303352 440794 402862 312687 681168 444598 785036 658944 255311 338827 389256 1 243442 170751 187316 378654 367714 397551 619236 464798 595962 272613 464934 381286 148540 291921 216893 564990 218861 598053 202935 372656 473482 572229 404532 680259 434699 117156 240658 286375 340486 326144 103445 489085 509721 503552 307856 312485 448161 500673 439750 472229
 548701 680371 680445 638923 286269 597749 522427 492274 336738 470353 583507 70438 923203 302310 947271 862471 151697 221124 333974 243442 1 197354 371321 606944 244806 596586 748563 404431 677148 455472 705599 610622 341414 456139 301757 670189 409281 552730 349044 539167 542129 591147 593562 923346 660306 131981 432342 463734 451115 459371 308791 522548 722242 710358 326893 544158 688511 727755 344760 383996
 364656 578206 665929 492447 188610 710491 384300 652193 157772 574072 573600 243811 808604 486163 955763 825193 304148 176471 219632 170751 197354 1 357194 442941 418080 566758 786250 296013 751264 268599 601521 537595 318636 263163 358800 726449 229645 701403 365569 542798 622512 704765 574904 801005 491376 164139 251203 456785 254611 262091 273813 625476 541000 669973 155051 387660 543221 558546 510810 548523
 442137 350631 315247 394483 186077 438818 293175 490152 487390 312734 219640 439911 591796 446360 599530 491640 298225 518186 576390 187316 371321 357194 1 414962 373967 225561 433174 652090 424437 396029 375733 256117 38823 427675 130672 385473 346712 501770 56497 185609 315783 435344 225416 601974 470230 246006 362019 100029 501065 477157 83980 351472 563449 339039 493342 350917 431749 525843 405673 426217
 126258 268709 540297 88040 333797 845852 122474 900977 437200 726233 495628 670040 418897 817029 813389 603418 631940 600009 568936 378654 606944 442941 414962 1 739722 446823 742598 617740 795145 198192 277664 327152 398994 230428 531908 738148 216951 916573 469435 509038 714018 843211 476680 397613 57046 493533 199088 450360 329322 287442 384984 761186 149256 482512 455204 67434 125799 122040 798564 825688
 716950 724582 615437 744665 410100 388178 630182 248605 571377 285295 526371 259710 965113 77320 832494 808554 116839 463688 578761 367714 244806 418080 373967 739722 1 562106 612837 648469 504634 635039 749700 627134 366524 647515 246616 519367 582351 313571 323339 472926 376543 381096 545705 975936 796640 270249 605080 427870 667868 666888 362473 331115 876271 674003 564094 672362 788482 860545 100761 139953
 528027 240402 104748 384151 380141 462987 339743 600110 676096 385103 58932 664656 435916 624740 400167 266081 509844 736012 780814 397551 596586 566758 225561 446823 562106 1 295815 853857 367063 521230 257364 131174 258677 560192 322191 302605 485274 582537 253501 103882 327863 462951 33339 458835 488606 471260 491672 137547 653503 620321 299125 396327 586905 115064 685688 403644 397085 521766 563314 571300
 819240 519064 212875 678591 618550 313646 633170 523686 920555 336047 249799 805492 651037 647095 224828 315219 617265 934960 1005791 619236 748563 786250 433174 742598 612837 295815 1 1082260 152206 801703 529656 421877 471835 838623 448211 99412 759708 470773 421291 254902 240616 318131 266294 685131 784065 649759 769859 339331 924039 895081 516798 305527 882097 298271 926424 697710 687435 814567 563998 551387
 499656 823402 955638 692501 474403 989445 609765 896591 187940 855640 865694 398285 1029084 699449 1248296 1104234 552174 185551 76975 464798 404431 296013 652090 617740 648469 853857 1082260 1 1043525 420602 843565 806454 613335 387478 649768 1021406 418342 956727 661468 837416 912380 983253 864988 1012406 647993 445805 428212 751023 295732 335479 568237 907961 654767 950782 173554 585607 739772 705986 748893 788152
 852305 606754 317846 743723 606396 163430 676845 379499 898165 219394 309512 725769 772332 526244 368395 459198 533134 881219 966583 595962 677148 751264 424437 795145 504634 367063 152206 1043525 1 817819 622093 497965 459682 851064 393760 69505 770146 321492 393689 286387 135058 168522 333763 802858 842938 598691 784200 351365 925092 901581 501173 175891 941593 409657 900967 741375 761800 883020 440282 421504
 96429 420088 625176 272414 237679 829873 205634 835522 239052 697251 554637 510149 609731 710581 917603 734232 519203 408854 370780 272613 455472 268599 396029 198192 635039 521230 801703 420602 817819 1 436924 433487 364940 40541 477580 772540 53830 867015 438085 548346 711508 825750 543559 591963 235378 366948 34172 469493 143657 104053 331160 741377 272912 591992 257167 167543 319183 299642 711760 744728
 396373 25540 316831 191046 426745 718574 234476 837399 655640 629278 316283 775796 218966 821643 553146 330788 668028 777134 781746 464934 705599 601521 375733 277664 749700 257364 529656 843565 622093 436924 1 134301 386952 476532 504790 555496 426518 829247 427838 355031 582374 718145 290452 226262 295486 574126 420178 343240 580361 539677 404739 647454 382929 236034 670726 272640 175301 303252 775506 791325
 422363 113506 213960 257223 350843 586139 234167 703721 621091 494979 188583 680952 339007 696835 490585 302228 554002 713454 738048 381286 610622 537595 256117 327152 627134 131174 421877 806454 497965 433487 134301 1 274945 473893 380573 433778 407206 694947 303816 222482 449620 585474 164320 353858 364056 479004 408287 210485 573885 536790 302046 513606 461221 159925 633535 293536 266567 392748 646439 660541
 416468 361503 351476 386522 148218 465875 279235 502087 448796 336038 256695 410899 605111 441158 637605 524358 281273 480974 537700 148540 341414 318636 38823 398994 366524 258677 471835 613335 459682 364940 386952 274945 1 395114 134014 422621 314360 519140 74085 224203 347029 462019 261001 612748 455233 213195 330788 138200 465420 442747 45159 377705 545962 370446 454614 333253 426847 513537 407605 431157
 115512 460032 664357 308481 260989 857999 246018 855165 210877 724155 592463 506888 645856 721991 957282 774753 530918 389773 341784 291921 456139 263163 427675 230428 647515 560192 838623 387478 851064 40541 476532 473893 395114 1 502501 807238 80974 889477 467314 584633 742143 853676 581972 626881 262166 377563 68866 504521 103844 63591 359099 769401 287386 632227 229610 205740 353907 323649 727764 761761
 540020 479934 390298 520260 241586 360336 413018 369335 509943 223910 295163 362664 718916 316933 646075 580187 189287 490384 572833 216893 301757 358800 130672 531908 246616 322191 448211 649768 393760 477580 504790 380573 134014 502501 1 375465 424421 391414 77030 245453 263714 355357 310537 730732 588430 205605 443780 185035 557331 541668 150533 272474 677743 436607 511053 465556 559709 647389 275389 297488
 801396 540909 248589 683211 570789 218825 621901 424815 868341 238573 246445 723623 702899 550223 324082 392683 532652 865836 944485 564990 670189 726449 385473 738148 519367 302605 99412 1021406 69505 772540 555496 433778 422621 807238 375465 1 726715 374063 362330 229950 143638 222678 269551 733603 784361 580698 739415 303087 885792 860130 466058 206195 883106 340355 872482 686740 699154 822091 466296 452605
 139596 407427 589886 279109 183994 778114 192067 781693 231172 644878 515006 466720 612418 658179 884266 709408 466872 383160 360991 218861 409281 229645 346712 216951 582351 485274 759708 418342 770146 53830 426518 407206 314360 80974 424421 726715 1 813407 386873 505246 661364 773886 505651 598148 262501 315363 23267 424283 168483 135680 279119 689550 313586 563022 247545 170790 328643 329310 658223 691045
 931424 807806 581691 892887 629427 158092 794944 77438 859112 200059 526987 573268 1018304 288348 689840 756281 405478 773755 884507 598053 552730 701403 501770 916573 313571 582537 470773 956727 321492 867015 829247 694947 519140 889477 391414 374063 813407 1 447226 478921 262653 153021 553126 1041108 971995 538466 833577 490401 933245 923082 541759 188665 1064592 666969 854987 851799 925793 1026951 214187 176658
 490515 403035 331563 450844 213571 392064 348209 433937 506183 262001 234681 414954 641938 393957 603406 516682 257274 515775 584818 202935 349044 365569 56497 469435 323339 253501 421291 661468 393689 438085 427838 303816 74085 467314 77030 362330 386873 447226 1 190660 275786 388126 246247 653723 525105 233369 403914 116587 533798 513036 109093 303775 617378 368564 510154 404597 488244 581544 350222 370035
 572265 335719 145047 458106 366989 363727 391988 496476 669652 281222 54131 603970 539760 531208 414853 336809 434363 702071 761887 372656 539167 542798 185609 509038 472926 103882 254902 837416 286387 548346 355031 222482 224203 584633 245453 229950 505246 478921 190660 1 227359 363174 77247 562203 556552 423146 516035 86585 669139 640421 269214 293594 655206 203893 676613 456807 478735 597547 465454 471103
 756011 562999 319042 674127 488884 136657 592248 298129 772601 95440 270038 590932 760692 406758 464829 496550 398382 747537 835563 473482 542129 622512 315783 714018 376543 327863 240616 912380 135058 711508 582374 449620 347029 742143 263714 143638 661364 262653 275786 227359 1 135854 296514 785707 765707 466700 677417 264216 809310 788802 384876 74857 862986 405059 774305 654892 699715 812856 323383 311771
 877380 698847 445292 807012 594547 7138 720873 213527 860289 131716 404671 627693 893505 384925 536913 610800 439734 808222 907681 572229 591147 704765 435344 843211 381096 462951 318131 983253 168522 825750 718145 585474 462019 853676 355357 222678 773886 153021 388126 363174 135854 1 431136 919569 896044 541966 791594 396278 912565 895855 494769 84381 992454 534317 859539 782249 834012 945123 298955 272410
 554410 273698 91033 415850 390586 431017 367204 572988 689835 357010 26481 660581 465279 606065 384474 270550 499561 741433 791066 404532 593562 574904 225416 476680 545705 33339 266294 864988 333763 543559 290452 164320 261001 581972 310537 269551 505651 553126 246247 77247 296514 431136 1 489320 519544 471084 513203 129979 673270 641163 303541 366043 618026 128411 698684 431579 429796 553903 541920 548185
 522526 251500 485023 320015 639159 919084 417035 1055057 827964 842589 515762 992919 42452 1047657 637072 404289 893422 972373 958857 680259 923346 801005 601974 397613 975936 458835 685131 1012406 802858 591963 226262 353858 612748 626881 730732 733603 598148 1041108 653723 562203 785707 919569 489320 1 381040 793217 585418 564127 726924 685031 628502 855128 427628 393255 845039 427775 272982 345406 999938 1014399
 148355 291179 578002 108323 389992 898519 177065 957313 472668 780558 539786 722356 407172 873952 842822 625902 688506 643073 603903 434699 660306 491376 470230 57046 796640 488606 784065 647993 842938 235378 295486 364056 455233 262166 588430 784361 262501 971995 525105 556552 765707 896044 519544 381040 1 548933 242540 501564 354230 313156 441906 814544 98746 514324 491199 124470 124537 67572 855572 882595
 453010 548831 560066 516737 162049 547835 399354 492171 321684 412106 463509 202417 792142 344438 836771 737254 153463 285501 369114 117156 131981 164139 246006 493533 270249 471260 649759 445805 598691 366948 574126 479004 213195 377563 205605 580698 315363 538466 233369 423146 466700 541966 471084 793217 548933 1 338469 342752 400829 397362 177780 464014 619738 583627 319105 428137 565276 615522 355293 391534
 116416 402038 595973 265550 204528 795710 186196 802801 242553 663161 523601 489402 601008 681019 889382 710036 489758 401255 373589 240658 432342 251203 362019 199088 605080 491672 769859 428212 784200 34172 420178 408287 330788 68866 443780 739415 23267 833577 403914 516035 677417 791594 513203 585418 242540 338469 1 436471 165625 129220 297045 707220 290928 565662 259677 157713 314285 308881 680299 712877
 500961 320355 217401 410735 280534 398304 329258 494429 583194 290947 120764 530608 547570 493443 499512 400171 372299 618051 675627 286375 463734 456785 100029 450360 427870 137547 339331 751023 351365 469493 343240 210485 138200 504521 185035 303087 424283 490401 116587 86585 264216 396278 129979 564127 501564 342752 436471 1 585976 558591 183000 317318 599073 252472 590057 392840 438824 548992 437950 450562
 206298 563725 758180 410453 320430 917415 349112 891689 142399 781240 681752 490122 747277 738480 1052728 875654 551691 335480 262014 340486 451115 254611 501065 329322 667868 653503 924039 295732 925092 143657 580361 573885 465420 103844 557331 885792 168483 933245 533798 669139 809310 912565 673270 726924 354230 400829 165625 585976 1 41916 424869 829151 360214 730872 160975 309343 454423 410548 756063 792338
 164950 523423 724784 368608 301410 900478 309609 884519 172141 765136 650682 503231 705369 739253 1018517 837988 550131 362147 297673 326144 459371 262091 477157 287442 666888 620321 895081 335479 901581 104053 539677 536790 442747 63591 541668 860130 135680 923082 513036 640421 788802 895855 641163 685031 313156 397362 129220 558591 41916 1 403974 811957 323303 694682 191208 268078 412508 370530 752057 787468
 389743 379206 394378 382508 105235 499003 269684 518867 404017 366143 300468 379024 623704 438903 682081 563614 266909 437894 492680 103445 308791 273813 83980 384984 362473 299125 516798 568237 501173 331160 404739 302046 45159 359099 150533 466058 279119 541759 109093 269214 384876 494769 303541 628502 441906 177780 297045 183000 424869 403974 1 410433 528922 408820 409628 317920 426014 503080 413990 440706
 793324 627075 393337 727462 510574 88606 638738 223961 779911 52490 339713 564438 831252 350371 530276 571307 372972 736087 831848 489085 522548 625476 351472 761186 331115 396327 305527 907961 175891 741377 647454 513606 377705 769401 272474 206195 689550 188665 303775 293594 74857 84381 366043 855128 814544 464014 707220 317318 829151 811957 410433 1 910435 478312 779783 699556 756111 864871 264540 247492
 176501 381848 674945 204070 466337 995077 271700 1047076 493853 875241 638437 780297 460008 953479 934723 713312 765032 677145 620970 509721 722242 541000 563449 149256 876271 586905 882097 654767 941593 272912 382929 461221 545962 287386 677743 883106 313586 1064592 617378 655206 862986 992454 618026 427628 98746 619738 290928 599073 360214 323303 528922 910435 1 608625 512930 212801 207637 85159 940244 968775
 582017 229755 91829 406012 481537 533054 394092 693105 768670 476209 149798 778827 362974 734400 331443 155401 624725 842240 879617 503552 710358 669973 339039 482512 674003 115064 298271 950782 409657 591992 236034 159925 370446 632227 436607 340355 563022 666969 368564 203893 405059 534317 128411 393255 514324 583627 565662 252472 730872 694682 408820 478312 608625 1 779751 452912 404474 533764 669329 674304
 345082 650273 788684 525226 309852 865212 437565 803630 19099 728609 701171 351386 859927 627670 1083048 932430 453684 175420 113968 307856 326893 155051 493342 455204 564094 685688 926424 173554 900967 257167 670726 633535 454614 229610 511053 872482 247545 854987 510154 676613 774305 859539 698684 845039 491199 319105 259677 590057 160975 191208 409628 779783 512930 779751 1 417265 573789 553258 659963 698336
 129403 258058 501895 108320 267467 785125 64903 834826 400253 663213 448456 608545 443478 749663 784077 584590 564966 551153 531091 312485 544158 387660 350917 67434 672362 403644 697710 585607 741375 167543 272640 293536 333253 205740 465556 686740 170790 851799 404597 456807 654892 782249 431579 427775 124470 428137 157713 392840 309343 268078 317920 699556 212801 452912 417265 1 158122 188632 731272 758600
 251962 175409 476418 50777 403598 835635 166178 920667 556368 728268 452791 755334 293145 864777 727751 505770 689311 708975 687751 448161 688511 543221 431749 125799 788482 397085 687435 739772 761800 319183 175301 266567 426847 353907 559709 699154 328643 925793 488244 478735 699715 834012 429796 272982 124537 565276 314285 438824 454423 412508 426014 756111 207637 404474 573789 158122 1 129312 834426 857120
 208232 304643 604567 139454 455782 947256 234383 1015126 534509 833064 575830 789920 376427 937807 856354 632121 753596 708313 665012 500673 727755 558546 525843 122040 860545 521766 814567 705986 883020 299642 303252 392748 513537 323649 647389 822091 329310 1026951 581544 597547 812856 945123 553903 345406 67572 615522 308881 548992 410548 370530 503080 864871 85159 533764 553258 188632 129312 1 917066 943156
 788417 751199 600419 793768 478881 306085 683337 147862 666303 227954 519532 359917 985061 86527 788006 792022 206723 564313 678668 439750 344760 510810 405673 798564 100761 563314 563998 748893 440282 711760 775506 646439 407605 727764 275389 466296 658223 214187 350222 465454 323383 298955 541920 999938 855572 355293 680299 437950 756063 752057 413990 264540 940244 669329 659963 731272 834426 917066 1 39260
 819625 767408 601789 817656 510231 279472 708942 108656 704443 217108 524827 398734 998069 114940 776120 791696 244754 603564 717879 472229 383996 548523 426217 825688 139953 571300 551387 788152 421504 744728 791325 660541 431157 761761 297488 452605 691045 176658 370035 471103 311771 272410 548185 1014399 882595 391534 712877 450562 792338 787468 440706 247492 968775 674304 698336 758600 857120 943156 39260 1
LAMBDA_SECTION
1 496
2 973
3 112
4 833
5 864
6 927
7 290
8 720
9 854
10 445
11 604
12 126
13 171
14 856
15 27
16 365
17 920
18 594
19 502
20 165
21 553
22 552
23 953
24 931
25 198
26 401
27 502
28 570
29 250
30 174
31 786
32 410
33 116
34 499
35 651
36 181
37 179
38 960
39 528
40 899
41 884
42 261
43 588
44 853
45 998
46 595
47 51
48 516
49 998
50 510
51 615
52 874
53 694
54 194
55 441
56 767
57 987
58 580
59 888
60 956
