NAME : domp200p50v2
COMMENT : Cherkesly, Contardo & Gruson 2022
TYPE : DOMP
DIMENSION : 200
DISPLAY_DATA_TYPE : NO_DISPLAY
OPEN_FACILITIES : 50
COST_SECTION
 1 353979 509266 116312 284937 120160 237948 282385 249153 246331 60783 657636 577352 803571 507122 250941 608514 558611 704248 692547 463906 610083 117592 721804 773696 204003 86820 675111 89664 523061 297520 594648 446944 380671 598233 620407 530339 349689 643142 573067 738246 710452 125328 139743 232961 662363 364456 696238 475912 486379 555593 505026 419091 329500 719584 233066 627475 657789 321734 149625 248547 738047 376539 383225 366743 309565 673833 521902 298811 144018 830154 316865 430846 216957 662922 692473 629171 626971 616521 742203 626988 466969 241735 505402 565707 400882 490225 200806 649251 308935 223529 309351 582377 302909 235959 311857 469109 181964 43159 277507 299126 272966 244590 86754 617563 229099 698375 135587 518668 341010 455865 307808 373094 818077 636492 587390 404628 400178 431974 691552 598745 658126 635960 330754 513927 314656 428183 287364 601578 312385 643825 580770 626993 597536 199470 533723 498398 202825 645345 874545 670927 324623 255905 528746 655818 703669 557541 632902 597508 435394 276342 811192 716212 165906 319926 289528 624804 375903 237190 473736 338486 550360 330776 428995 766485 745662 202300 881130 712164 333290 485516 315086 209048 194888 448558 271944 556371 321622 408219 486945 276555 441964 524471 722594 314107 302691 392188 331353 812330 130518 497084 351722 410114 150860 682564 303718 146907 497550 810322 696480
 353979 1 467338 367087 638645 473951 497012 372131 565514 582792 387260 411128 520226 573355 612378 600176 255765 325527 350270 817651 132159 559244 305979 478955 567801 530278 372800 329436 305960 295271 578282 692916 148667 94401 438975 499025 268831 408894 402362 349838 498618 428966 302604 464469 565091 420056 189694 347978 273914 385500 274074 193718 444831 419115 566363 580195 433668 313141 668666 224502 550905 595869 118102 362302 402073 305852 775601 689832 651586 354519 564738 656857 96906 188211 435961 449436 505024 501372 396477 505734 275506 401521 118408 363532 405797 322380 567951 471114 302758 615519 524175 322646 343402 639237 585427 553490 203238 331714 332436 459755 233586 622124 122795 438084 283222 581164 613438 355990 670556 591308 628135 231079 368866 513851 312953 483563 255588 71308 750897 550008 486293 767730 285377 176646 295635 648678 281447 391653 416916 401891 324717 234348 273050 274509 313156 300023 595114 495068 406470 604945 776648 375233 385280 258579 369345 847387 265991 520282 253023 509713 166710 540914 421037 383426 131789 98606 324752 341744 329686 519987 593199 338173 38202 131975 499730 560388 503104 633886 528187 288619 310310 268950 532867 485658 298725 597798 250577 34931 132535 138837 79654 209918 719274 470622 662901 648863 277669 317142 501847 242483 156948 379928 231106 498523 470436 491670 466877 181661 511652 347106
 509266 467338 1 406428 699439 568398 746661 232985 747013 726111 478533 872342 68091 393569 230955 615889 611498 791900 650992 400704 429725 102933 392423 938625 340531 513844 439192 556923 551577 266371 805191 276293 376260 383014 176266 142062 732844 171425 311438 816626 958536 874616 579928 487683 719814 882003 277958 583310 739957 96497 731794 645412 106932 202305 244345 694696 901000 692901 768553 404605 752859 250780 583005 780208 147918 207510 346110 350134 721642 627795 465146 781243 551010 356068 299132 910126 150561 150522 269228 966299 560744 66119 483012 146059 870593 146109 177410 412803 678689 516513 467140 202662 808578 775387 689659 820340 327366 642486 466330 303042 256429 630050 498088 533570 484639 619485 189487 381932 318840 414388 321642 253564 779739 529178 464814 104033 709298 534384 913449 212103 119559 345751 559710 293022 253203 595549 193811 745661 884045 212090 457581 507940 602799 702625 642929 274986 212214 446433 869669 505755 350079 187306 268085 721131 816631 442289 719972 143000 647511 158801 325400 459374 443769 657861 338804 521035 407859 762926 272281 123045 421652 243450 490420 377823 422517 296041 461055 477222 270336 705764 774162 222487 705916 442366 183595 760546 396250 472431 599872 475958 437307 676766 402690 370473 755731 754810 189692 724744 539215 520941 454888 775927 690444 549991 936394 308047 651925 632184 511847 590013
 116312 367087 406428 1 319172 165954 349564 174131 340586 322130 72341 723715 474022 731189 390873 254218 620037 625314 707943 578482 451718 504580 61138 790395 695219 167396 33097 661891 192793 465236 400853 478536 422369 364058 515305 527537 587747 240125 580737 642951 808089 766355 229369 107549 314345 729776 315707 685486 546422 397367 607633 544348 310133 216838 629779 295049 706480 680212 376732 143463 347129 645209 422633 483928 259896 220917 558170 410696 338632 258312 768711 382894 457530 188537 595111 760387 536498 534710 549176 813020 622905 371595 276455 424801 650193 315955 374341 109229 669815 248901 157246 215745 648355 374202 292469 423297 429890 291607 81930 162109 234418 274548 285153 128528 596967 244594 595780 25096 405358 246422 344040 243892 475797 773234 608354 492396 482012 427192 510997 600137 504997 542764 630099 285653 454042 285097 357934 399432 681891 200963 612899 571541 633090 633891 304989 476776 382090 128531 713291 813444 555434 219162 143239 583428 708845 591563 606154 537653 620005 320421 240071 752120 670591 281882 291284 331187 585602 473895 137669 360168 245765 485324 354902 406589 707571 662665 136025 811986 630059 425496 562934 238382 299489 119089 376306 355112 524014 340854 453315 483931 288080 502377 418154 660126 365699 360419 318658 429192 770793 205338 487106 457911 481040 161330 758587 189868 247345 534737 763067 687247
 284937 638645 699439 319172 1 166349 279590 472551 177082 120410 264198 902216 763353 1048426 601068 90010 892222 805821 988850 729793 747515 787562 367248 960871 1009951 187457 294407 959202 344703 784019 254287 673541 727119 662709 828872 832238 789314 528307 899906 815349 974935 966121 364899 216784 137941 904941 631439 980707 721819 708424 818938 779064 593938 497180 936273 83375 852580 938094 78849 428638 207828 947969 649956 574755 553067 536605 734752 554769 23091 337016 1087858 109721 712011 491514 913826 933400 841262 839981 868045 977248 911886 677215 524373 740609 783115 631246 610198 287063 930300 238100 238758 528729 829633 120246 70155 318557 742888 384118 312473 400210 553117 86635 525469 204992 899896 79966 882952 343006 568207 347598 504547 562555 559210 1089814 916410 795225 645163 681687 239087 905284 809105 715081 920783 599643 773027 165121 676930 445321 825416 487960 922637 865215 911476 871693 411066 795469 601582 254534 887721 1132591 728970 518428 434753 790439 915716 721754 823790 839147 878274 573848 549092 1071276 987189 328409 597066 568344 899449 576637 450704 620269 340205 804463 614053 709758 1026710 974788 240128 1129982 943067 553912 720634 557221 167715 257638 694987 151367 834153 605839 681201 771754 561492 701331 528078 979272 64124 75652 637426 538533 1086178 404341 781201 527590 659250 157878 910853 405050 205097 772968 1080364 981112
 120160 473951 568398 165954 166349 1 228951 335537 184978 157720 101007 764357 635204 895615 515998 134849 728668 665943 824184 679577 581184 663810 205304 826532 860736 124115 136206 792913 192416 623881 256713 598649 561085 496400 681139 692862 642411 398506 741741 678395 842065 821813 220254 91832 152618 768279 468651 814524 582155 563295 669496 622776 467841 371167 795463 129184 725798 777513 213148 262414 199190 810358 493765 462734 420597 386747 671191 502396 182108 210407 929789 217041 550655 326146 758039 797841 701846 700137 711833 845362 746113 536783 361729 590270 660158 481705 511641 181147 769127 230210 167323 381662 689853 208367 127442 296304 578416 257993 146213 289942 393883 156446 364119 39752 733601 110223 756847 191025 506693 298965 440997 403175 449684 926438 750521 657314 507809 520045 345694 765619 670184 653345 754870 436147 613522 211153 520715 346092 699161 357971 757004 699039 746998 715464 282243 635088 511584 162154 751098 974468 666908 381600 300666 641906 768673 682487 672568 702389 717309 464752 384359 912224 823963 215659 431480 408478 734943 459699 303409 508508 293962 646971 450911 543618 867516 828572 153067 975684 795903 425818 587076 402129 145777 158918 539795 192995 668714 441753 525375 605857 396065 553779 492075 821368 203270 195851 482178 417160 922092 246250 614938 422570 517248 48673 782599 306257 116645 615754 917571 815014
 237948 497012 746661 349564 279590 228951 1 520120 109799 162041 279571 656709 814745 1019347 733668 320372 724052 566510 826122 906154 626464 847855 354244 709026 995248 351145 316982 824364 210440 731523 82113 819091 625848 557054 825255 853409 564573 587327 852321 570898 720929 730144 198724 317025 142445 657556 573171 840823 485675 718467 598915 581203 656905 566004 950123 196710 593808 750684 251233 360914 79686 970375 460809 310386 604684 544122 894617 729779 274619 143907 1034611 219465 540451 427065 876713 683780 862009 859595 830864 721987 765693 702171 381438 732244 521933 632136 722241 404024 746132 452401 396274 545440 589330 197119 210695 73938 662185 168152 280518 502940 523040 334914 374638 243267 780061 290099 935390 371462 732337 527905 667009 530761 293407 1003864 807793 821674 409290 514109 265139 923278 832344 877455 776736 539169 724556 411916 649918 178406 566672 549430 818291 730023 749963 669231 191717 740995 726992 389623 640700 1077918 890807 562569 492257 569451 686679 910648 608151 867074 695163 669717 483478 1013445 905674 113677 515523 403515 810033 316980 474976 709709 522908 764331 462344 606996 969430 971149 381523 1092803 937288 310074 474549 544542 112528 385348 671056 146264 736873 462233 488123 635149 437184 482781 720955 930084 255399 233953 617253 286718 994203 266220 653814 259688 431222 275226 652544 524443 112552 578839 999195 838812
 282385 372131 232985 174131 472551 335537 520120 1 514432 493216 246461 775679 300215 582105 254799 393389 594352 682739 665452 458877 405717 330450 170420 843975 539851 292024 207138 596743 338335 346648 574626 342047 361043 325000 358648 360056 633082 67360 448572 704471 863141 800546 371132 257294 486834 783632 234179 622727 614217 237273 643608 565766 136808 54102 463874 462526 780039 667217 538644 211585 521238 476640 465999 602980 85772 87423 425712 318191 494111 412586 632118 549564 468882 195245 455092 813906 369082 367687 411567 869517 573687 204667 331147 274876 734944 168299 222655 191930 654608 321735 252117 71256 703490 543023 458023 594057 344323 435677 240646 107380 149980 409848 344943 300606 524795 393148 421991 150168 300652 249663 256014 156855 598703 658251 524235 323501 564490 442826 680924 433117 337026 413994 577767 218968 333211 389826 230455 543407 758518 34629 524389 518239 598433 644572 441847 358607 240704 226719 768652 676371 424924 46270 38401 624925 740972 483058 637045 368073 610761 162929 206071 618906 558052 440418 250894 382496 486508 588816 53329 194854 254381 354377 377899 351007 575719 502958 241041 665324 471807 534071 640363 126268 473390 220761 243223 527563 439553 359764 491716 448102 309045 558290 347565 525013 526292 524115 191347 546237 660393 322944 440359 587885 554064 319251 825410 133021 421081 553789 645118 626641
 249153 565514 747013 340586 177082 184978 109799 514432 1 56699 268622 762159 814560 1052561 700061 234463 805533 669987 906526 856801 689584 844645 363820 816085 1022783 290462 307904 894920 260946 770283 81094 781519 681456 612977 846619 865556 663711 579403 890860 675793 828468 833330 263921 276076 42174 763471 610998 913321 587779 732825 696803 671637 649259 553568 966246 99187 702083 838968 141443 394155 31400 983395 546596 419042 600168 555139 852030 679003 168667 217085 1077040 110450 621033 462443 911560 790288 874433 872428 865183 829782 839779 710397 447172 754005 630530 648244 696611 365138 833293 379760 341589 552863 693182 88251 113438 141704 710582 255423 290947 474917 548274 244754 443356 214861 844749 206122 936332 365172 686028 470789 620269 556929 402287 1058160 868657 831333 510702 592799 186933 937506 843402 833660 850158 576951 761661 325687 677329 286903 674893 539333 877692 799774 829339 761943 281941 780659 696137 342795 746480 1121207 847367 559730 481502 667443 787760 856024 704711 876773 781571 649425 521555 1057416 957506 195266 560957 478761 863810 424598 476637 692777 464710 798860 533951 662826 1012821 994221 331698 1129656 960835 413000 579454 563570 41139 340969 697709 37477 792687 530679 575769 704219 497273 579244 662701 970068 146010 124429 641251 391918 1050631 323878 719725 368841 530307 220449 760825 490791 103903 667963 1051700 912152
 246331 582792 726111 322130 120410 157720 162041 493216 56699 1 252735 804522 792916 1046585 663728 181458 828916 710567 928744 813168 702466 821354 354046 860286 1013941 247551 290816 910930 277111 768885 135755 743002 690109 622513 835521 849665 700484 556146 888535 717776 873307 873176 287158 243789 20937 806358 610663 930449 627421 719002 732418 701818 625347 528462 951806 45049 748228 866816 94564 395614 87485 967314 574614 466532 578316 541642 811115 635562 112914 247045 1075948 74223 645047 463259 907134 833830 858627 856838 860747 874992 858254 693690 464693 743783 677339 636133 663861 330776 860380 329971 300211 537583 734054 57035 58620 198348 714942 290121 284923 443516 542183 190087 462623 193604 857471 154564 914541 347200 644368 426314 578849 551191 450213 1063807 878990 814414 550179 615886 189085 922256 827103 792325 868165 577041 759442 271576 670741 334923 721000 515563 887123 815801 851230 793305 317280 779670 661046 305150 789249 1120422 806123 539230 458359 703271 825752 810376 739240 859593 808373 619517 522656 1057251 962180 230581 565386 501162 870084 470613 459780 664061 419847 794980 553439 671782 1012524 983193 292895 1125332 950213 454477 621774 554038 56770 304569 690523 39201 800571 548372 604733 720490 510739 614372 616413 968106 95549 75246 633274 435572 1057538 340508 733998 417402 567773 183736 806888 456496 117005 697255 1056346 929812
 60783 387260 478533 72341 264198 101007 279571 246461 268622 252735 1 712129 546214 795483 455713 213478 643018 613056 735730 636476 486892 576909 104303 777106 761606 150019 39354 698768 149941 522880 328652 542291 463812 400730 582821 597925 581860 312408 640790 628440 793908 761984 185973 83328 243718 717241 368019 721133 531187 466448 605439 550144 382418 288563 699519 229087 685235 697008 314139 167160 274788 715723 423312 443972 332218 288941 620032 464101 281538 202777 828822 316664 470586 227595 657382 747543 606850 604958 611129 798127 654693 442306 282198 491268 624536 383405 442702 140474 687686 251486 163956 285323 636675 306373 228239 352932 478725 242395 55764 224769 292946 235283 287491 61351 637443 196916 667948 96602 462228 280303 398575 302219 433876 826140 652721 563233 461486 439791 441814 670258 575564 603762 662890 335791 512518 265553 420158 346729 659592 273056 658675 605888 659237 641954 260247 534096 448229 142259 700338 873493 616783 291350 215210 579373 706295 646089 606226 608601 636524 390383 284897 811220 723587 222023 333214 333655 635294 436479 208254 431165 277723 546111 368431 446766 766510 730475 142398 875199 697537 393078 542630 302113 227491 134194 439446 284403 570085 357085 454874 514357 307864 494079 464906 720424 304244 296690 381910 391871 822164 183418 521355 412357 465255 112297 739709 248758 175236 541829 817048 722085
 657636 411128 872342 723715 902216 764357 656709 775679 762159 804522 712129 1 919343 870543 1022257 898823 334198 99078 394492 1227920 455067 957696 668568 68297 888314 861197 715589 477962 572959 653362 729066 1103788 505569 489365 809200 879324 142896 818183 722605 86900 87642 87564 544225 795322 783604 11108 595706 471538 182229 783962 140894 227914 855954 825632 923863 823711 99398 277593 898994 588886 734837 956454 310073 351789 812694 715926 1186642 1093304 906212 565256 822173 872194 321488 581554 761284 38352 883561 879666 735828 94607 418020 806240 452920 751922 158296 730261 978807 832837 287218 963167 873266 732230 75517 850235 834505 671508 563401 518166 659324 850987 644192 919984 441707 740811 500732 872071 998356 721906 1076298 968037 1029318 642062 369452 718535 544086 871953 257420 340614 912536 915658 871345 1178523 428959 587048 659907 971392 680034 479755 115798 807507 560669 438128 364350 200564 491158 652582 1005345 847612 17616 849125 1187599 784000 782529 152553 90047 1256364 154576 902058 276074 920147 575148 796339 667958 575391 542803 398074 596366 341372 728258 931102 968185 696116 398547 499330 768638 897979 851226 902707 871081 350051 182798 679889 747798 838458 693813 799634 545006 417006 284072 413706 466636 221793 1117708 763836 899568 879756 683837 370325 696386 528734 441817 403557 247639 805075 81833 883557 697674 241174 727737 463350
 577352 520226 68091 474022 763353 635204 814745 300215 814560 792916 546214 919343 1 359261 255072 678643 643864 842243 674085 395755 469511 39069 460503 984649 301888 576871 506862 575175 619089 289073 873172 279579 416634 432061 164111 104291 781899 237064 307297 867348 1004576 916581 647037 553290 786944 929289 330805 600919 794026 135560 778456 691523 169450 266614 194912 760872 952848 725741 833527 471223 820692 194855 637378 842778 214669 274557 337499 376002 785744 695337 439415 847070 599424 420645 287103 956716 110623 112239 266581 1012587 586536 123232 544363 171936 925526 205320 206415 476313 711390 573200 528883 270403 857930 841655 755528 888413 363080 709272 534420 364578 319470 692086 559397 600779 505279 683399 121779 449629 343707 466930 358309 315769 842880 517759 480391 74582 767062 584990 979796 162981 87838 341197 584124 349707 277583 653987 240045 811733 936922 277791 471114 536123 632091 743060 709126 295567 238428 509405 917624 477187 342859 254868 334575 769599 859557 440706 765667 95184 683925 205820 386499 437270 441193 725533 395063 579912 419903 825100 340333 162174 474483 257627 545719 420724 404658 254268 523980 440768 233815 767867 829434 286849 773487 505797 225531 827645 420126 528156 652375 514826 496233 730141 431055 354440 820521 820152 244406 787750 530572 587273 491391 840086 746915 615609 985944 366473 719856 678257 499279 608262
 803571 573355 393569 731189 1048426 895615 1019347 582105 1052561 1046585 795483 870543 359261 1 614199 973824 538487 825275 510764 737260 454146 366687 692610 923484 61274 873465 759464 406430 808908 289413 1092539 632799 424772 485052 225580 255907 762260 540206 171680 850697 941984 833755 824238 831794 1035223 881629 446207 422630 811227 346296 742248 663808 492171 573618 177192 1024495 937231 609012 1107852 660743 1049453 198305 678283 935380 513636 511824 677204 735195 1068794 879304 95600 1112146 603970 593124 142824 901781 248864 247615 188485 951141 456186 385247 660345 308219 937199 417440 564249 774012 596061 896937 834020 520278 831994 1101446 1022977 1087431 372056 874024 762644 677149 504698 991129 672380 856522 370038 970717 309711 706604 702933 802801 713877 495863 942218 216607 326978 291540 818604 607687 1234700 203492 276070 685404 446702 480180 295193 970365 375861 954982 930755 575886 310500 432712 511319 670207 862955 281087 597192 808801 875797 122364 683972 538965 620463 747254 788656 784656 724428 264724 595316 552361 535892 108393 208810 911310 506766 667365 275410 914685 597814 514654 809648 255040 610809 441478 109811 110182 823072 84190 125447 861970 852774 493489 1012618 802669 356124 1074973 337660 600240 676540 479506 600468 749571 790022 107726 1096887 1091239 413579 890225 239022 756110 449536 952520 789497 891096 950141 689656 949296 652431 197095 431748
 507122 612378 230955 390873 601068 515998 733668 254799 700061 663728 455713 1022257 255072 614199 1 511116 804940 931931 858729 205839 614772 254327 412061 1090413 556923 419165 421066 772160 578740 484917 772423 88490 563142 547547 406141 358469 879376 204162 542179 954506 1109898 1039987 613950 424250 664109 1030738 442037 798863 866391 316471 886451 804610 176731 201144 447582 623575 1032209 883578 678456 465449 715122 441981 714923 855524 210836 306551 171297 121023 624141 648385 692056 701221 706854 447823 529821 1060607 365342 366676 499948 1116692 766293 273199 584877 369565 988971 317230 54314 334985 869940 375356 365842 290038 951824 701908 614385 805911 526156 678124 471004 230984 378848 518366 598951 492412 698506 525412 340770 373798 88884 259726 114069 381891 850371 760130 684247 324386 818854 683646 836403 416442 339425 159206 767244 441110 470853 460073 387169 786686 1011346 220460 678904 711202 801918 875978 687749 495008 19465 358585 1016374 731037 170197 238575 262856 870091 980471 235639 878032 350140 831823 103446 447111 687992 673761 672719 482435 634846 631124 842050 307521 111759 267683 469020 623982 559002 652452 509043 370962 695830 488774 787957 893879 344090 661683 359514 386000 702267 608637 605435 738679 660766 557733 808611 176032 600703 664067 669634 363509 798893 770058 572956 645516 837484 807511 480638 1075841 210039 624182 791977 742754 804760
 250941 600176 615889 254218 90010 134849 320372 393389 234463 181458 213478 898823 678643 973824 511116 1 855892 800549 949160 642043 699471 701634 309170 960584 933057 102123 235344 911143 327262 717474 315524 583647 674022 612694 751785 751055 777225 445693 830516 812688 975899 956661 354600 146785 192292 902607 569915 933858 716678 630577 804113 755872 509601 413750 855313 136452 858268 907875 168236 380308 261544 865683 627165 589798 471092 463200 645589 466149 113051 339854 1017715 195307 680944 437717 842090 932046 760058 758960 796888 979030 868033 597317 491708 665616 791528 556569 520962 203388 899002 151560 150740 453694 824465 201194 122962 373053 683975 388035 267746 314255 487514 22052 495273 164218 848398 30438 797301 275927 478828 258093 414868 497001 575727 1027013 861542 713614 641945 650187 328075 823945 727835 626035 876116 539745 705777 91929 606947 466793 831458 405909 866527 818807 872569 848434 413420 729168 511797 169458 885408 1062384 639923 438510 355095 776624 903447 635617 806940 756911 847475 486024 492580 1002246 924420 339717 542764 540440 839813 588470 377146 532641 250807 734849 579760 657532 957979 896290 154835 1056299 865193 557774 720721 487469 210800 173849 623954 219181 777643 569297 658829 727741 521016 688592 441496 909302 153627 161887 566928 547120 1024887 379955 734199 546619 651929 101663 915485 317027 222075 748479 1016511 934995
 608514 255765 611498 620037 892222 728668 724052 594352 805533 828916 643018 334198 643864 538487 804940 855892 1 305757 102320 1002105 190951 679380 558988 385029 560559 785022 627725 146795 552757 356861 806100 874662 241798 269774 508048 582756 248732 613425 400475 329016 403497 296370 542494 719669 810148 345303 366005 146551 322305 515612 219139 165667 628339 632358 609393 830310 410399 81895 917878 479126 787194 642667 264197 503775 598846 513451 952178 900203 904229 588915 487996 903107 184514 434429 439036 363898 585214 581293 420800 412654 83860 548883 367906 472108 426685 488500 754081 720694 67530 866699 776178 531503 306402 884279 836507 769704 284258 556135 588173 693581 444507 877853 367678 693399 168934 836570 701367 606900 876321 831914 844361 438167 517316 387857 211557 584014 365277 213065 986558 606289 579804 948527 95108 375654 367126 903490 422102 584091 409278 618248 227994 112843 33130 134191 532451 352427 786011 746713 341160 515651 954994 583948 615969 233946 250253 1038411 200160 605792 58590 702468 395606 462152 333931 613973 345652 327758 268044 483767 561690 699098 834734 394811 278176 246973 434889 575330 755592 568510 551361 449385 362288 472594 776310 737388 428692 839917 230565 286969 239849 146468 335222 278041 937468 433030 913088 897891 441583 480996 366907 490168 159454 541650 333501 754231 415232 723792 711945 160853 395606 140011
 558611 325527 791900 625314 805821 665943 566510 682739 669987 710567 613056 99078 842243 825275 931931 800549 305757 1 386325 1137769 388693 881020 570738 165089 837029 762128 616748 452407 474247 587906 641317 1014819 435696 410182 742470 809770 63563 727802 668549 25863 183038 163638 446007 696244 689706 104505 513968 451491 84092 706728 86624 162306 768783 733617 862196 728203 113677 271441 805129 491811 643529 894072 217072 270005 723745 626609 1098128 999419 810458 468850 786205 779460 243634 487778 706696 135081 814658 810822 677028 188453 387319 725862 356512 678553 121962 647678 889968 734350 276724 864130 774315 642397 23919 757702 738679 586668 495072 422320 560319 755030 555820 821802 344765 641978 460911 774035 927686 624005 983297 870150 934871 554399 287437 692761 504231 799343 160785 257561 826136 851330 800007 1089286 399396 502127 592901 872512 602200 392117 105608 715176 520705 395302 338554 177620 395162 588575 915445 748772 87994 817036 1098757 693359 687932 78239 125733 1164912 105597 832109 248382 830672 485521 760304 630309 480469 456946 302194 550002 256528 634233 843931 870168 631526 308462 426898 728598 842010 752280 865347 813272 257010 94259 591966 653798 739639 617485 707431 490885 327078 194150 352064 374400 125040 1022407 717587 805168 785692 602317 280072 672305 429657 381723 320557 148804 706306 144945 787591 601874 174496 699501 444335
 704248 350270 650992 707943 988850 824184 826122 665452 906526 928744 735730 394492 674085 510764 858729 949160 102320 386325 1 1049288 261398 706868 647371 433868 543012 874485 718033 106885 651983 385907 908194 922492 304569 347642 524574 600328 335500 676570 398569 407148 450290 337464 643031 810177 910216 405255 431872 88134 415083 554618 301766 263065 682556 698693 609526 928855 481621 117426 1016831 569821 888639 642701 366515 602548 659269 580973 996515 960741 1001531 690249 445529 1002966 285986 520007 435048 418004 601276 597461 427396 459565 92787 592439 465618 506189 508245 542123 806101 805003 109936 951644 862308 598869 382390 984419 934634 872023 332829 658115 681645 768461 516097 971005 466430 788043 169253 930934 715319 693098 934976 909236 908432 508744 616597 330453 200868 607992 463753 313732 1088224 611849 601324 994789 91634 447466 398393 992778 471564 686013 484856 686251 214370 148497 77579 208732 634595 378684 839427 832643 404847 465992 1000074 649626 690489 321635 304915 1088181 283204 622871 144657 758454 475593 420632 302107 715691 423967 428004 264217 582872 637878 749503 912620 417038 375984 314672 401864 565999 842306 526246 546795 550382 453349 540328 876685 823447 473929 940607 254912 383104 341975 224312 428474 376050 1001461 412277 1011656 996897 497402 581894 307007 588978 225943 641863 432320 847651 476147 797387 811891 259989 342323 79016
 692547 817651 400704 578482 729793 679577 906154 458877 856801 813168 636476 1227920 395755 737260 205839 642043 1002105 1137769 1049288 1 813626 376002 608086 1296040 676316 566481 605773 957273 770578 666749 934095 127446 761042 750269 559793 495783 1085061 409981 702714 1160336 1315556 1244410 806727 589322 817492 1236451 643622 983744 1071977 495859 1091691 1009272 376428 405909 560342 769745 1237824 1081987 808590 667400 876238 543624 920761 1054528 415607 512026 60071 177800 751987 836266 825573 837346 911575 653104 682658 1266272 500107 502670 661513 1322392 957869 456858 789844 546732 1193801 514039 250617 502424 1068111 491713 515362 495711 1157636 842434 758435 975628 719545 869845 660313 416670 584069 643226 803757 663064 884572 662969 430583 564825 174339 386868 239183 586769 1048415 912583 865517 470262 1023359 888853 968779 534130 482782 55031 957695 644947 653341 570165 580407 977893 1216787 424987 858187 903771 996782 1078802 881791 675601 222586 517435 1222141 859253 53444 444413 462756 1075662 1184983 48119 1082971 480092 1031997 307940 652813 826800 836664 858018 687126 840321 808178 1041943 510783 303382 393439 643628 829765 758429 797450 627135 526897 811807 615758 988887 1099025 548894 821574 521102 575869 852369 795495 811207 944463 859997 763558 1014416 203408 748557 793855 803805 561439 998195 926031 771020 842875 1033542 1012676 637623 1281663 388911 793988 996542 893791 990312
 463906 132159 429725 451718 747515 581184 626464 405717 689584 702466 486892 455067 469511 454146 614772 699471 190951 388693 261398 813626 1 506961 392307 518278 456298 619088 464986 211907 428640 199379 707094 686239 53475 87735 354700 424259 325473 422539 287227 414541 538132 447112 429644 556626 685803 465494 175113 234398 361016 336145 315169 228729 438464 441999 473589 695636 502314 268813 784529 319820 676929 505386 224563 484997 407928 323215 765042 709261 762396 483024 436953 775863 151629 263269 323855 491399 428525 424635 290281 546470 172228 365085 245091 298996 490875 299606 564500 545249 255176 691936 603615 341258 400550 759395 699467 684649 108421 462783 435379 507475 255804 720943 252098 543093 155202 683792 543344 435214 685402 647903 653728 248909 493333 381698 181480 417799 364482 153573 876095 462782 416599 760544 178673 186854 205096 736669 236612 523319 491205 428347 192744 119824 192734 273626 444938 199889 595967 573891 455422 475904 767508 393381 429518 311557 390483 848978 300503 447004 218841 511994 215055 412499 289877 512798 163119 230655 194141 464068 376551 510258 651243 242874 169830 56026 372743 456266 584155 508967 426333 413984 401837 282329 655064 564825 246346 720368 120806 165699 222722 46510 192330 297657 746870 348313 777573 765088 252201 443860 369797 365907 35709 507329 335403 599092 527036 536804 588531 215741 379686 235739
 610083 559244 102933 504580 787562 663810 847855 330450 844645 821354 576909 957696 39069 366687 254327 701634 679380 881020 706868 376002 506961 1 493841 1022839 307210 600402 537579 606607 654277 323364 904796 266218 454285 470854 189177 120117 820553 265414 331985 906158 1042763 954072 682817 580097 816046 967680 369859 632054 833064 174295 816803 729826 196016 293164 194428 788235 991745 761273 859025 507530 851675 187689 676433 881125 244695 310439 316628 373695 810155 730461 451384 873794 638064 458216 308520 994999 124124 126756 292586 1050811 620335 161793 582934 208439 964583 243976 210442 500701 746902 590600 551183 305290 896600 869094 782409 921653 399998 745417 567343 387498 357531 714263 597979 630236 537730 707734 95880 480517 341314 481481 362942 354047 881066 536990 511262 100039 806080 623849 1007270 164370 109815 322373 617516 388722 312412 672686 278837 848508 975892 305846 501313 570728 666803 780341 745801 329217 239485 533076 956109 487095 322624 286019 363385 808186 897257 422229 803876 104258 720383 220683 425059 451383 465143 760393 434106 618832 449859 863544 372902 174584 489210 289832 584788 458780 421449 258312 547553 445792 242325 806321 868500 324430 803662 529994 263962 856650 453905 567222 691353 552027 535132 769155 429571 372789 845782 846181 283452 825969 551102 623833 528144 877914 785977 642311 1024614 386570 751302 716560 518048 639597
 117592 305979 392423 61138 367248 205304 354244 170420 363820 354046 104303 668568 460503 692610 412061 309170 558988 570738 647371 608086 392307 493841 1 735748 660213 227220 73947 603209 168598 418579 415070 500548 364932 304858 482935 503064 530975 237439 536644 589241 753760 708689 202614 164432 343275 674982 264212 626473 493471 369408 549671 484627 305540 221335 602792 332825 655655 619114 418408 83023 365304 620784 364543 446766 252270 192149 582539 447160 385225 242206 724635 420065 396844 129163 553751 705636 511856 509705 507432 758973 562936 349380 218103 390550 601969 284449 387985 167537 608691 309754 218236 191781 593468 408874 332400 427925 376188 267145 74434 194654 188915 330184 227740 165606 539426 296497 581225 53388 438078 299470 380345 198124 440351 722569 552469 469851 432095 366613 542587 574458 481299 568559 570343 232482 408250 345413 316849 375549 631701 202889 557711 512087 572288 573641 275722 429795 400845 189287 658707 769292 580605 209877 150413 526085 650763 625148 547587 515366 558932 330198 183502 706943 619951 270057 233643 273215 532622 434869 121534 364963 299684 442155 294375 348632 662229 630607 197128 771777 597336 383485 512315 200271 323008 179856 336503 383471 468878 280042 394837 423577 227080 446815 460557 616290 408545 400846 279231 390714 719034 163335 427523 425889 428770 211537 706439 225903 263507 474793 713220 628022
 721804 478955 938625 790395 960871 826532 709026 843975 816085 860286 777106 68297 984649 923484 1090413 960584 385029 165089 433868 1296040 518278 1022839 735748 1 943917 925671 781580 524534 636057 715370 778783 1171772 569575 555876 871235 942230 211129 886366 779985 148741 19928 98095 606288 860139 839350 60834 662589 515478 245959 849456 206888 293317 923714 893916 983732 881299 121406 320108 954476 656468 787957 1016542 378314 400092 880726 784023 1254548 1161578 963993 624556 870868 926458 388324 649810 818733 30202 946229 942320 795074 28285 468002 872564 520710 816310 192952 797184 1046791 899409 331440 1028431 938930 800377 142318 904328 892485 718890 626695 576929 724826 918968 712202 981541 509309 804102 553590 933376 1061482 789039 1144594 1035189 1097551 709980 417584 762682 596510 935907 318725 408228 960383 976581 934876 1246534 478228 654570 722429 1034724 745841 530858 146574 875800 612986 493020 413232 254822 550204 714081 1073458 913588 77104 895744 1255554 852209 850733 220438 134852 1324602 218985 965064 328444 988222 643314 845196 718359 632877 610520 465982 651198 392070 796510 998839 1035236 757677 466803 564100 819570 955575 916909 951736 929516 407050 240427 747826 803742 904483 759183 853495 603364 485247 352361 475741 534932 289294 1185837 817661 955674 935502 750563 424733 739816 593716 503111 451855 311869 868119 69912 951538 755870 306571 773091 506908
 773696 567801 340531 695219 1009951 860736 995248 539851 1022783 1013941 761606 888314 301888 61274 556923 933057 560559 837029 543012 676316 456298 307210 660213 943917 1 831874 724609 436739 785237 274911 1066340 572961 420986 476223 181276 200110 773567 493936 169284 862725 962835 856928 802894 793191 1003488 899329 424725 455409 816911 302588 756116 674759 442124 527320 116039 989905 950063 634768 1071692 634683 1021307 137365 677548 929742 467434 474444 616250 677767 1030799 857474 154992 1077745 607818 568208 132626 920937 192486 191662 171903 971884 480568 338620 646416 270467 945382 379376 507888 731512 621303 850136 790581 481321 845379 1067976 987675 1064799 364567 855402 731918 631157 474874 949697 659224 822134 391831 931429 248439 670340 645429 753027 658645 466474 935505 269124 350306 237038 818506 608436 1202741 143199 221442 624657 472150 457970 277854 925376 346125 940903 941911 531018 334415 450904 535546 689273 846055 268613 540294 766258 892436 183633 623069 495494 578235 758791 809224 723785 738881 206789 615686 499053 512900 164008 242999 889511 488826 658411 292796 909331 559639 459826 760056 235328 604277 436287 153665 49244 780686 138953 70289 855205 857973 459969 982379 760542 325374 1043645 346146 592215 678669 486512 586990 753907 732933 130749 1060290 1055613 381534 882387 290027 735191 456484 943681 790498 853489 966532 641846 920299 662809 249198 464455
 204003 530278 513844 167396 187457 124115 351145 292024 290462 247551 150019 861197 576871 873465 419165 102123 785022 762128 874485 566481 619088 600402 227220 925671 831874 1 157487 829232 291926 622014 368787 496293 589366 531446 650653 648982 731815 343571 732957 776931 942195 911960 325320 67070 251038 866084 479055 852875 679728 529296 755442 699122 407682 311652 753248 205480 831075 842472 261712 305944 311129 763562 572958 578305 368997 364461 563568 388696 210278 326878 919443 282290 617208 355847 743211 896266 657982 656902 698395 946188 790091 495488 430352 565425 768315 456763 424510 101274 832620 108176 53337 354056 785829 282802 195574 415504 594354 372645 205046 212915 394146 117824 436465 127653 763895 108250 695933 185573 396835 180415 331299 403577 566323 933218 774189 611512 608611 586495 417635 721852 625756 544782 797389 450539 609889 118469 509666 467029 805018 303826 778158 738911 799137 790516 394679 633829 418059 67470 849105 964028 558576 336815 253649 729389 856313 565773 756108 654789 782031 386541 407021 904606 830890 336352 458486 482802 748829 573366 278908 432880 174516 637378 514498 573795 860574 794659 52897 956269 763742 534587 689437 390982 256427 71759 525963 286678 689393 501935 604454 650794 450662 643920 373034 811271 247776 251358 469491 529604 932136 332659 654442 540995 613865 76096 886434 218027 239859 690494 922033 854642
 86820 372800 439192 33097 294407 136206 316982 207138 307904 290816 39354 715589 506862 759464 421066 235344 627725 616748 718033 605773 464986 537579 73947 781580 724609 157487 1 676317 169212 489880 367757 508308 438679 377825 545275 559165 581982 273218 606725 633406 798893 761536 206000 92144 282410 721232 337313 699338 536380 428196 603581 543839 343225 249816 661034 265316 694035 685060 348663 148605 314101 676923 419424 463068 292885 251016 587156 435748 312979 230561 794807 353141 460185 202463 622271 751740 568105 566255 576146 803510 634818 403401 274780 454152 635738 345800 406044 120939 675156 249456 158219 246788 640083 343681 263514 390624 449946 266403 59634 190872 259124 256475 281965 97615 613082 222637 628599 57272 431986 261711 369494 268517 454103 795664 626404 524296 469478 429537 479863 631612 536732 571363 642506 306025 479112 275884 384903 373208 668951 234041 631653 584624 642306 634597 281606 501263 412845 132026 704540 839522 584194 251997 176280 578485 704785 617317 603134 569626 624637 352763 257445 777689 693010 252652 307424 328377 606290 454079 169300 392917 260130 511638 357393 422229 733041 692830 136195 839708 660034 407663 550683 266009 266781 122903 403793 323148 542816 344558 450615 494951 293177 495335 440162 686280 338134 331805 346143 409304 792452 190411 499996 434682 470595 137804 747249 216909 214249 534807 786034 700709
 675111 329436 556923 661891 959202 792913 824364 596743 894920 910930 698768 477962 575175 406430 772160 911143 146795 452407 106885 957273 211907 606607 603209 524534 436739 829232 676317 1 634866 290572 906126 831453 241150 298499 421635 497203 394406 599599 292331 475794 542139 431192 631921 767640 893653 489016 363574 26717 464035 461423 365787 305616 597926 624486 502955 905903 556918 205102 994743 531724 880230 536081 379645 635015 580075 509970 903016 878822 973836 683150 346669 984742 293169 474049 328442 505565 497702 493938 322534 551405 67120 501488 447749 410961 572957 459233 718638 751653 193175 897869 811271 527339 453168 967636 910158 877180 253560 657116 647237 702679 451159 932546 451991 754941 73812 895678 610746 644336 851659 845037 829968 442866 647133 241311 95957 506999 498843 314515 1080288 505933 499482 902435 54536 385132 303933 946175 387091 701182 556071 613909 108264 95187 114543 279932 636179 282068 752722 781584 485984 371453 906992 575491 625332 379436 391179 997650 346828 519479 205033 674384 422649 321155 197719 711258 370870 420909 159100 614387 575650 661373 849110 317584 362331 255715 298661 459135 792455 427627 439983 574055 504966 470482 861904 772701 386292 926971 163634 364319 361926 190719 400476 414050 922319 306108 988161 975156 417368 605699 220129 571470 178037 668377 466840 810933 559561 729759 795686 298257 249817 33142
