NAME : domp90p30v5
COMMENT : Cherkesly, Contardo & Gruson 2022
TYPE : DOMP
DIMENSION : 90
DISPLAY_DATA_TYPE : NO_DISPLAY
OPEN_FACILITIES : 30
COST_SECTION
 1 670980 607388 558916 943688 203752 617447 709598 606680 678877 787149 406013 810700 584652 451389 659479 317353 726957 106644 857471 320902 425291 897005 442320 239229 635259 984237 899007 178231 105843 974506 936220 557646 916859 580159 725992 816606 662011 825031 940259 701031 955350 1017770 532090 676174 535372 785285 65075 150277 377087 996747 823139 383631 358059 573621 985636 862923 238690 240873 457915 1108610 413126 596734 808526 705881 813158 443005 721566 540994 913149 811557 910758 414841 740746 528250 280450 632095 736731 479417 432008 880859 917389 546294 251718 322832 637462 600719 237412 164349 907028
 670980 1 365717 315548 688558 610604 314556 39289 64831 615546 262054 370189 543381 299535 458329 410986 491923 569833 707906 304893 438966 274859 244079 616638 584340 1030261 663442 661716 494503 583159 572652 369174 204827 266813 152591 715366 402251 275890 414591 755526 796294 630655 730908 179496 8664 235158 720985 610671 568544 363602 452026 637138 578510 866157 604904 630899 486268 567079 430972 667283 906734 544925 216512 785539 766864 892547 434392 745848 808990 415516 197447 457140 585521 628159 274998 400213 256128 787894 784315 363276 786450 664576 502509 455509 348275 47224 1014739 684137 602885 529803
 607388 365717 1 69471 383905 663757 53336 377846 350003 249861 247784 545901 230869 69273 181242 62984 614892 211983 585667 309169 286502 250716 440258 319859 659116 724886 397629 345312 453731 501587 368282 377500 176532 449143 446024 349752 213410 112452 220349 423876 436648 365392 447613 228248 361803 159375 357616 571337 586471 240240 415403 295593 314968 638787 255287 388364 256127 642271 413180 364861 591420 269417 149952 420690 404547 527847 175765 381148 491165 322341 336729 307646 303966 266332 126514 360450 114503 423825 485549 177885 430751 356585 159003 518941 384335 382470 718352 490922 633969 301568
 558916 315548 69471 1 452971 601866 58531 332983 291751 305669 252164 476510 299480 29279 169604 132170 547508 278212 547098 320138 241201 182380 425806 325158 595316 739512 463701 414699 397645 453310 425449 394844 115162 437923 382171 404198 258274 111475 267287 493022 480759 430998 515665 162993 312784 92934 418895 518433 526811 183740 444254 364430 306099 626383 290128 451555 313360 578228 352698 373894 660873 263283 101697 479582 451805 578729 154438 432426 509251 356153 322322 352044 301987 329751 57267 300228 92509 473709 495151 127619 496002 425708 187927 453877 317897 326479 729427 466066 573774 360430
 943688 688558 383905 452971 1 1034475 411817 683641 697069 284450 448367 929212 154150 444668 494340 320929 997256 217303 893830 451440 636381 634519 631205 534948 1034319 803789 87884 44993 815054 842170 200687 457568 545260 625286 805241 303117 295401 422071 284268 97832 417396 94376 76013 600118 681813 536734 238746 921086 952850 611550 418644 125990 575176 850843 394712 133321 214917 1018130 784652 550601 218177 536696 505149 285104 378894 421066 507173 338791 599287 354061 557258 291698 547634 219549 509021 732720 451277 368489 633651 546831 204476 27481 397464 897682 766037 720569 816151 765177 1000920 187715
 203752 610604 663757 601866 1034475 1 657222 649650 546990 796440 788076 267857 888507 621482 547140 723889 145869 825579 309386 855165 401631 429877 852837 589276 41050 835813 1059960 991577 223125 238503 1026879 933100 560390 874898 485436 860896 853861 686182 864211 1048572 857591 1028356 1104327 518698 617637 548005 912279 162568 85770 424843 1004457 923262 524469 561350 702534 1052085 915065 50930 250898 616698 1220612 540781 605641 946625 855423 973082 530138 864131 720806 932605 783955 943812 555307 852202 556135 303544 652662 886343 661677 489288 1007207 1007150 649639 159339 293533 568482 802138 423406 42852 962286
 617447 314556 53336 58531 411817 657222 1 325349 302632 301890 203668 519296 257724 35900 215863 99531 597250 257568 604669 268966 299383 232226 390039 363989 649328 773380 415047 376204 455505 511836 369688 341403 134941 399901 402727 401854 200000 62975 209251 460585 489976 381843 470601 189255 310313 125110 406776 576722 583393 241953 387445 334582 352513 675432 307752 399610 258169 632061 409234 410684 624497 308010 101294 470993 457744 580499 204816 433880 540415 298227 286189 293583 344812 314397 102633 357027 61189 476726 531956 185982 476163 385037 209590 507004 369925 333600 765647 519836 630063 305804
 709598 39289 377846 332983 683641 649650 325349 1 104063 627230 246355 407146 542087 314293 483001 418669 529895 576543 745114 281879 471878 308985 206361 642186 623113 1057133 653732 658940 532802 620962 557953 341625 227212 229306 185438 727195 392742 280602 404883 754389 812319 621445 722467 209101 33424 258668 729176 649533 607831 395891 425214 639133 606611 899137 623106 619039 476932 605900 469326 692719 901513 571530 231760 794762 781643 905691 459878 758992 833493 395407 168908 440679 612165 635928 297181 437550 265039 801587 810950 391277 790977 660476 520887 494761 387044 83100 1042584 718079 642136 518791
 606680 64831 350003 291751 697069 546990 302632 104063 1 597039 294086 312514 547259 281115 418710 401923 431307 560148 645598 346153 384545 219561 306149 574272 521533 984411 679907 666921 430685 520023 597804 415953 176644 328497 112117 695902 421385 275843 433816 757410 769321 646557 744882 137451 71075 202918 707599 546093 503831 310897 496930 634686 531891 810468 575338 651060 503827 504146 367110 624861 914588 501133 201339 770053 742136 870019 393566 723989 767621 450715 248650 486235 541416 616154 243672 338028 249894 764894 739411 318713 778792 671927 473576 391171 283866 38767 967303 627131 538525 549515
 678877 615546 249861 305669 284450 796440 301890 627230 597039 1 460513 746925 208968 316840 252583 213484 787214 91482 618606 503732 396666 453885 664734 252232 803525 555163 350456 240515 573331 582867 402278 551311 420736 668935 686461 99965 349480 351698 346984 262207 201121 331904 360274 467472 611664 397504 120692 665294 711449 397816 555644 158635 298665 567567 111106 373471 324516 788998 557024 266202 429819 265752 399366 174856 163556 279355 274022 133788 330985 462571 565578 416587 269098 65338 358163 509498 362403 177517 355996 339273 212159 262300 151222 678719 562357 630870 560149 484517 758824 343762
 787149 262054 247784 252164 448367 788076 203668 246355 294086 460513 1 592281 320859 222891 419014 252311 697502 387396 789605 70457 483335 365874 204636 566823 771428 971941 410130 429579 613688 684299 311630 149073 231415 208509 405275 555715 152967 141692 164241 528107 660599 378679 480235 269391 253925 251784 539427 738172 725622 413974 216434 426278 555884 878021 496053 373482 235435 753585 557537 612526 663822 511610 190420 607592 623983 734744 406140 593178 737784 156800 111695 195113 548455 448378 263118 509958 162008 637026 733327 371833 583535 427515 405527 629370 495476 303864 966018 717482 768660 274374
 406013 370189 545901 476510 929212 267857 519296 407146 312514 746925 592281 1 775298 485157 502614 608673 128188 745874 486980 651928 380580 297935 613479 611244 232730 958505 933526 891204 280889 364784 873469 725264 392436 636452 227774 832634 693181 525603 705025 967120 866696 900093 989851 339165 378252 394538 867542 341633 262203 351902 804024 837851 548734 717330 680450 914388 767739 217900 240887 654052 1136646 542388 437651 917418 852148 980990 477720 848237 787284 747356 560946 772680 573042 788605 420191 264001 491952 880896 738979 407663 955304 902036 597170 155636 191288 324067 931170 540912 276769 815790
 810700 543381 230869 299480 154150 888507 257724 542087 547259 208968 320859 775298 1 290538 359523 167986 845533 117899 770525 341518 495661 481546 518679 431939 886364 763839 173693 119810 672108 706851 194481 370247 391544 517090 653861 276413 175350 271417 167704 212340 395668 144894 217088 446335 537129 382590 237486 782996 808500 463849 358343 107419 459923 761368 302341 178950 122067 869853 637756 458744 368292 417177 352280 303848 355249 441125 368328 316995 539337 271417 432534 217159 436122 162375 355156 585326 299090 357746 560346 399253 264527 127317 272564 747908 614628 572662 769113 651618 856464 134891
 584652 299535 69273 29279 444668 621482 35900 314293 281115 316840 222891 485157 290538 1 198099 127182 561628 281119 574986 290897 268547 196441 398425 352281 613445 765634 450154 408037 420978 479270 405493 365790 107349 410077 376863 416358 234523 82333 244112 490101 498027 417048 504775 159835 296128 92538 426543 542785 547997 208148 416208 362750 334827 655537 310197 435333 294052 596171 373871 400549 655752 291662 83053 489041 467667 593017 183551 446332 534443 329102 294712 327485 330024 335547 66860 321806 64062 488374 521932 154846 499955 417686 208910 471104 334043 314175 756179 495260 594554 341703
 451389 458329 181242 169604 494340 547140 215863 483001 418710 252583 419014 502614 359523 198099 1 218216 535107 280113 414320 484817 145539 225588 594818 159590 552209 575516 532910 450125 324514 348340 531099 556355 256006 607355 483355 331005 392243 277346 397987 501603 369604 504345 567451 281629 457575 224347 372074 426750 463176 150809 596640 377776 136926 459621 178232 535875 422364 537324 304542 209898 673512 93710 262996 416656 351215 481166 26581 345640 350700 503408 491630 485395 132968 305373 187002 257037 262028 379173 329553 105126 464740 467607 102710 426169 313732 456989 563218 310409 511051 463226
 659479 410986 62984 132170 320929 723889 99531 418669 401923 213484 252311 608673 167986 127182 218216 1 677588 158961 631135 304293 339329 313687 454336 335876 720249 725465 336267 282559 511100 554053 315355 364185 233376 460203 502090 312377 178584 139256 182626 362932 410389 304473 384902 286811 406212 219519 310530 626388 645479 299261 390059 235737 342792 663856 245468 329483 204864 703538 473023 376088 529285 296924 200676 376238 375162 492461 219226 347260 491151 294497 353469 269196 326708 217374 188776 420346 154866 390927 493544 235465 376980 293620 164667 580775 446807 432230 722283 527292 693202 247672
 317353 491923 614892 547508 997256 145869 597250 529895 431307 787214 697502 128188 845533 561628 535107 677588 1 800287 412830 760746 395838 365445 735994 614845 107395 919067 1011101 956714 245689 307109 962524 836386 481871 758727 354632 864098 783985 614262 795279 1024641 880940 978242 1062479 432796 499651 476971 907141 258434 167157 391816 912550 896000 549436 658749 706638 996824 853298 94961 234995 651312 1196470 553810 528153 950289 872074 997031 513210 874072 773068 849271 677192 868729 577631 836066 494791 278304 580094 902194 718790 454845 999118 969792 636103 111982 231269 446972 888361 496802 164869 901386
 726957 569833 211983 278212 217303 825579 257568 576543 560148 91482 387396 745874 117899 281119 280113 158961 800287 1 676746 424043 424550 448024 591837 323179 828284 646641 270800 172385 603889 626249 312032 466330 388463 594063 657977 171422 264191 296005 260446 224531 285968 248537 292492 440037 564952 370604 153966 706146 742422 408948 466248 97751 359023 648613 187707 288227 233442 812714 578472 345483 396732 319631 358829 221463 246393 347961 295484 210984 421441 374372 496277 326332 332435 61159 334968 527843 313773 254091 443381 345443 218892 191759 180745 695981 570182 591011 651390 550083 790419 252450
 106644 707906 585667 547098 893830 309386 604669 745114 645598 618606 789605 486980 770525 574986 414320 631135 412830 676746 1 859899 306923 443471 920156 370946 343319 528689 942132 848841 221763 128948 945350 937446 567764 938508 636197 654334 798838 656031 806010 880646 616865 915182 969232 551925 712043 541483 717280 154815 247364 376342 991193 770006 320086 251972 509287 948609 835952 341134 283206 377534 1045123 357140 601673 733727 625824 725828 412058 645422 444816 902874 828169 893225 349565 682686 526512 307701 629243 656189 382482 420298 811843 868505 499157 331666 368708 679627 494077 145332 268777 877471
 857471 304893 309169 320138 451440 855165 268966 281879 346153 503732 70457 651928 341518 290897 484817 304293 760746 424043 859899 1 553463 435446 179977 629005 837458 1029104 400726 439357 683664 754726 289408 78936 301069 176041 454470 595073 166173 208769 174270 538458 704850 371907 472473 336792 296329 322105 571654 808161 794141 484402 152133 448921 621321 944396 549758 358664 237220 819612 627045 673428 660674 576517 260750 639704 666910 771576 473186 633879 794692 116276 118607 170743 612446 483787 333387 579878 231501 677451 793437 441571 605900 433705 463875 696105 563414 349961 1024725 786116 836693 266842
 320902 438966 286502 241201 636381 401631 299383 471878 384545 396666 483335 380580 495661 268547 145539 339329 395838 424550 306923 553463 1 164987 625882 231110 406988 611046 669194 592708 179341 215142 653836 630713 268181 642557 416788 468794 496877 349172 504937 646981 488566 639134 708169 264594 440992 239309 514776 287675 317926 76617 684594 522300 170720 427291 310878 667450 542097 392343 161691 275860 818983 162036 297591 555072 477262 604014 129335 478252 414415 597346 529127 591270 192938 450837 220347 119407 322422 507068 373343 113707 608573 609318 248166 284908 189904 422688 590237 247344 365891 586504
 425291 274859 250716 182380 634519 429877 232226 308985 219561 453885 365874 297935 481546 196441 225588 313687 365445 448024 443471 435446 164987 1 476789 368166 419046 769723 645688 595299 248934 326325 600318 514375 134459 495439 261732 544447 424690 256325 435335 669338 594502 612800 698006 108532 277340 118287 573768 373296 361707 92584 580213 540044 318838 591530 400722 631769 489703 401551 191665 417745 839344 293836 177545 627204 574069 704367 199014 564496 560660 504032 387093 513962 332587 492031 129597 145190 222796 600817 526981 120934 659272 607154 307935 275931 138286 257763 750950 409305 406375 537593
 897005 244079 440258 425806 631205 852837 390039 206361 306149 664734 204636 613479 518679 398425 594818 454336 735994 591837 920156 179977 625882 476789 1 750704 827679 1163108 577527 619231 718775 801903 461128 193019 357919 23261 389638 760331 343992 327936 352995 718359 864230 549889 649422 368267 236438 387974 743213 839992 806298 550071 270548 625698 729998 1043925 694309 533407 417196 810294 656559 798842 838594 688463 335206 811422 828045 939361 577152 797670 930445 285228 103929 345543 727623 652717 415363 617967 334651 841526 920257 525268 783119 613675 599118 695925 579013 289461 1154437 871615 842953 445519
 442320 616638 319859 325158 534948 589276 363989 642186 574272 252232 566823 611244 431939 352281 159590 335876 614845 323179 370946 629005 231110 368166 750704 1 604904 415973 593977 490332 374743 357116 622482 695841 415453 762164 629895 284335 513923 426930 516967 512129 268768 571101 610961 438410 616191 383682 346342 440769 503853 279328 725930 409068 65678 331652 141150 609386 523821 593098 381581 50662 674503 74331 421838 366208 266754 384775 182353 279510 193470 630355 646974 601526 38205 317477 346590 347865 416159 297755 170289 255653 441091 511405 171905 502941 420988 612881 404435 232810 548172 556792
 239229 584340 659116 595316 1034319 41050 649328 623113 521533 803525 771428 232730 886364 613445 552209 720249 107395 828284 343319 837458 406988 419046 827679 604904 1 866830 1056488 992006 232361 261905 1018769 914804 546524 850005 454527 871584 843720 674891 854380 1052214 873668 1024459 1102969 502375 591629 536271 920830 192059 104677 422861 987816 925688 539526 595024 712917 1046722 907495 17847 249984 634880 1224482 552710 592328 957659 869715 989589 533714 876650 743985 918536 762104 932302 569858 857550 547280 301604 641036 900504 685889 487596 1015168 1006900 654918 143390 280970 541127 833783 450562 74881 955079
 635259 1030261 724886 739512 803789 835813 773380 1057133 984411 555163 971941 958505 763839 765634 575516 725465 919067 646641 528689 1029104 611046 769723 1163108 415973 866830 1 885250 767416 680958 612334 955300 1088941 831031 1173278 1027643 502121 893088 836041 892957 735708 386741 874077 871503 850983 1030270 799144 565103 674777 764758 677237 1104977 692676 452522 282999 481285 917595 878862 862001 718203 366084 844768 485608 837569 528379 424900 421871 597575 465081 234412 1009837 1059179 968922 444972 605736 762503 705611 828823 437186 246210 667065 623339 789693 566418 817748 784648 1023177 38783 422381 793916 898728
 984237 663442 397629 463701 87884 1059960 415047 653732 679907 350456 410130 933526 173693 450154 532910 336267 1011101 270800 942132 400726 669194 645688 577527 593977 1056488 885250 1 117918 845035 880517 123932 394459 542498 569080 790775 383162 261286 412005 249017 182859 500172 33626 71896 597072 656071 539083 321870 956635 980808 635136 345702 195170 627896 917450 457002 49642 177175 1039737 809063 614797 261522 586629 499086 371726 460875 508597 542020 420522 674945 293387 513564 232038 602340 288354 516733 756442 444184 452524 705395 570868 292346 95887 443024 916565 781469 699454 896097 819577 1028679 135869
 899007 661716 345312 414699 44993 991577 376204 658940 666921 240515 429579 891204 119810 408037 450125 282559 956714 172385 848841 439357 592708 595299 619231 490332 992006 767416 117918 1 771607 797700 212739 453174 510629 614900 773669 265416 277641 391111 267446 99154 382282 111929 120802 565292 655273 500481 204163 876860 909607 569500 422089 81888 530206 807615 350356 155307 202647 975934 742160 506710 248617 491709 471930 256654 342958 395390 463413 302606 559061 349673 540175 288250 502722 176036 471286 690426 418886 334927 591800 504853 185738 22506 352728 856141 725446 691904 778580 720301 957677 185013
 178231 494503 453731 397645 815054 223125 455505 532802 430685 573331 613688 280889 672108 420978 324514 511100 245689 603889 221763 683664 179341 248934 718775 374743 232361 680958 845035 771607 1 92816 821493 762585 382723 738644 414568 639345 655419 494297 664753 826116 643223 814257 886208 354518 499407 362508 689520 124498 138663 214218 826067 701639 309087 436992 480715 840581 709177 219368 63580 408022 997985 320405 423660 725367 638001 759370 308548 644342 527383 745693 633850 748392 338821 629225 360129 103836 462823 668702 473360 275985 784280 787890 426791 137732 148471 462837 652322 260535 186569 755194
 105843 583159 501587 453310 842170 238503 511836 620962 520023 582867 684299 364784 706851 479270 348340 554053 307109 626249 128948 754726 215142 326325 801903 357116 261905 612334 880517 797700 92816 1 868902 833279 456400 821082 507326 636681 710836 557228 719222 842636 623141 851259 915684 434453 587684 432832 693040 83761 157238 272261 892435 723139 294401 354641 480934 880940 757228 254099 154804 380467 1012432 318328 494088 720976 623761 737794 338626 635801 482577 808054 713407 805029 325820 643239 423874 184327 527781 654767 424048 326241 788731 815618 445566 212204 240347 553167 581299 190903 195897 801489
 974506 572652 368282 425449 200687 1026879 369688 557953 597804 402278 311630 873469 194481 405493 531099 315355 962524 312032 945350 289408 653836 600318 461128 622482 1018769 955300 123932 212739 821493 868902 1 273537 482132 451009 709909 458835 180380 348793 168451 298473 579063 106366 193623 534405 564727 485607 407117 939611 952235 607388 221771 268847 644788 953461 496367 75149 112319 1001423 778145 651771 383027 600328 436257 465944 538599 605723 534223 498768 733207 176054 406403 119036 623300 349736 471491 725640 382876 536045 754811 546068 398338 195975 456568 876071 738570 612475 961909 834893 999221 67880
 936220 369174 377500 394844 457568 933100 341403 341625 415953 551311 149073 725264 370247 365790 556355 364185 836386 466330 937446 78936 630713 514375 193019 695841 914804 1088941 394459 453174 762585 833279 273537 1 380004 179800 521146 637445 202201 283472 206166 550531 751481 369784 465853 415168 360512 400856 606739 887081 872764 562500 83904 476199 691994 1015718 607779 347828 253250 896964 705961 738633 655724 646689 339492 673809 712404 809608 546218 677277 854891 103667 172717 165891 681429 523609 411101 658805 308308 720150 857330 518214 629914 443784 527504 773911 641851 415651 1086403 860726 915103 270033
 557646 204827 176532 115162 545260 560390 134941 227212 176644 420736 231415 392436 391544 107349 256006 233376 481871 388463 567764 301069 268181 134459 357919 415453 546524 831031 542498 510629 382723 456400 482132 380004 1 374381 269515 519359 302531 133420 314050 595497 593849 508934 601406 54911 203170 32019 532837 507211 495124 193042 446116 469068 382972 688044 400976 522029 375337 528779 326123 465878 759119 345852 46289 594326 565929 693477 233463 547363 606306 372268 261288 387191 386410 442476 70237 278896 99556 588379 584843 170045 607279 518758 298702 403283 266859 211882 817524 513768 538970 423419
 916859 266813 449143 437923 625286 874898 399901 229306 328497 668935 208509 636452 517090 410077 607355 460203 758727 594063 938508 176041 642557 495439 23261 762164 850005 1173278 569080 614900 738644 821082 451009 179800 374381 1 412837 763541 341830 337294 350242 713893 869107 542210 640930 386926 259091 403924 744365 860271 827648 567072 254458 624397 743114 1058651 702022 524106 412361 832589 676661 809873 830503 701062 349721 812564 832444 941960 590349 801333 940087 275849 115847 337131 739908 654684 429995 637395 346067 845156 931282 540442 781600 608539 608146 717719 599768 312397 1165282 887605 864630 438600
 580159 152591 446024 382171 805241 485436 402727 185438 112117 686461 405275 227774 653861 376863 483355 502090 354632 657977 636197 454470 416788 261732 389638 629895 454527 1027643 790775 773669 414568 507326 709909 521146 269515 412837 1 783346 533141 383170 545562 862069 847093 757332 854967 219249 161217 289380 801054 516135 457685 352335 603508 737205 579535 828467 651878 762695 615198 438207 353346 679445 1022005 555565 302791 861071 823039 952662 456963 808504 822275 561517 349973 598179 594239 711557 328300 339669 354828 847722 787166 378543 876773 779664 552806 340937 268426 105597 1006995 643237 484959 661179
 725992 715366 349752 404198 303117 860896 401854 727195 695902 99965 555715 832634 276413 416358 331005 312377 864098 171422 654334 595073 468794 544447 760331 284335 871584 502121 383162 265416 639345 636681 458835 637445 519359 763541 783346 1 435452 451144 431342 248163 120281 372438 373924 564924 711540 495244 69351 720338 775185 480947 633757 191549 342928 563548 158680 416127 398022 858021 630480 280178 396447 320358 499061 86289 79773 180144 355148 40583 298537 543793 662521 492756 311523 114719 455399 585925 462344 82712 339079 426420 158415 287771 236666 753646 644693 730110 513278 512749 821495 408252
 816606 402251 213410 258274 295401 853861 200000 392742 421385 349480 152967 693181 175350 234523 392243 178584 783985 264191 798838 166173 496877 424690 343992 513923 843720 893088 261286 277641 655419 710836 180380 202201 302531 341830 533141 435452 1 169753 12435 376598 549325 228755 329742 354248 394828 307997 407391 776691 781954 441939 213240 282749 520826 842435 412409 229736 84207 826196 607991 552652 511250 474896 256433 475146 510205 609073 388897 475171 660270 117393 262635 94469 505277 322042 298026 556154 203918 518162 667901 384600 439794 274748 342131 700499 562806 439071 892679 702647 828170 128193
 662011 275890 112452 111475 422071 686182 62975 280602 275843 351698 141692 525603 271417 82333 277346 139256 614262 296005 656031 208769 349172 256325 327936 426930 674891 836041 412005 391111 494297 557228 348793 283472 133420 337294 383170 451144 169753 1 181023 482010 545113 378380 473483 186601 270439 138640 449065 617604 616396 284989 335692 361464 414241 736380 367473 389460 242200 657293 443358 473652 639056 370123 87997 515253 511387 631030 264637 485186 602806 251530 224304 257637 407346 355716 134248 392572 34170 528615 594908 235786 510916 396551 271183 531540 393935 302008 828536 577539 661892 290205
 825031 414591 220349 267287 284268 864211 209251 404883 433816 346984 164241 705025 167704 244112 397987 182626 795279 260446 806010 174270 504937 435335 352995 516967 854380 892957 249017 267446 664753 719222 168451 206166 314050 350242 545562 431342 12435 181023 1 366519 546125 216568 317662 366004 407151 318981 401566 785687 791898 451025 212263 275086 525358 846250 412873 217302 72060 836882 617855 554944 499679 479461 268025 469102 506774 603839 395367 471264 660611 116884 273264 87481 509193 317447 308177 565896 215189 514036 669398 393064 431751 264002 345068 711220 573527 451487 893087 708288 838232 115760
 940259 755526 423876 493022 97832 1048572 460585 754389 757410 262207 528107 967120 212340 490101 501603 362932 1024641 224531 880646 538458 646981 669338 718359 512129 1052214 735708 182859 99154 826116 842636 298473 550531 595497 713893 862069 248163 376598 482010 366519 1 350473 192204 141602 649473 749351 582420 178890 924176 964779 633470 515213 129301 560843 810755 371671 230368 301542 1036790 802615 519010 172299 527379 559302 207774 315277 335691 518663 277331 545746 446873 638972 384918 531082 199536 550265 752231 507809 298963 587173 569839 116353 106820 399618 920504 794207 783944 751415 744938 1012646 280869
 701031 796294 436648 480759 417396 857591 489976 812319 769321 201121 660599 866696 395668 498027 369604 410389 880940 285968 616865 704850 488566 594502 864230 268768 873668 386741 500172 382282 643223 623141 579063 751481 593849 869107 847093 120281 549325 545113 546125 350473 1 491193 484802 633656 793407 566407 178676 706204 772346 518320 751588 311199 334261 485048 195217 534985 516666 861842 646259 243488 476478 327470 580766 146476 40545 116207 396003 80418 205983 660312 763855 610959 304448 233311 525650 607931 551150 52160 259083 473569 242187 404321 295822 768980 675509 805554 401067 471575 816187 528294
 955350 630655 365392 430998 94376 1028356 381843 621445 646557 331904 378679 900093 144894 417048 504345 304473 978242 248537 915182 371907 639134 612800 549889 571101 1024459 874077 33626 111929 814257 851259 106366 369784 508934 542210 757332 372438 228755 378380 216568 192204 491193 1 101586 563488 623337 505704 314439 926746 949605 603635 325940 181435 602784 896958 435999 43820 144549 1007648 777478 593887 288817 560800 465475 368562 451309 507269 512635 410956 659765 267387 483334 205292 577938 271955 483702 724812 410572 445126 687836 539539 295067 92479 416563 884228 748860 666357 883593 794589 997418 105382
 1017770 730908 447613 515665 76013 1104327 470601 722467 744882 360274 480235 989851 217088 504775 567451 384902 1062479 292492 969232 472473 708169 698006 649422 610961 1102969 871503 71896 120802 886208 915684 193623 465853 601406 640930 854967 373924 329742 473483 317662 141602 484802 101586 1 656268 723703 595605 307293 993953 1023479 680182 414685 201965 650917 926033 470677 118496 245607 1086554 853878 626327 189878 612102 559287 346575 447424 477201 579300 407848 671707 365177 584747 303925 623515 295223 570501 801621 504593 434522 707673 615476 257787 100741 471929 964927 831674 765770 885296 841102 1071521 206736
 532090 179496 228248 162993 600118 518698 189255 209101 137451 467472 269391 339165 446335 159835 281629 286811 432796 440037 551925 336792 264594 108532 368267 438410 502375 850983 597072 565292 354518 434453 534405 415168 54911 386926 219249 564924 354248 186601 366004 649473 633656 563488 656268 1 180064 70133 581824 478092 457794 188062 485807 522517 399029 691155 439045 575937 428799 484545 294507 489067 813705 366019 98606 641939 607592 736393 256813 591196 631425 417177 279472 436301 406544 492647 109536 251679 153280 631256 605204 183919 658479 573581 337887 360016 226686 175446 835254 511831 499939 476783
 676174 8664 361803 312784 681813 617637 310313 33424 71075 611664 253925 378252 537129 296128 457575 406212 499651 564952 712043 296329 440992 277340 236438 616191 591629 1030270 656071 655273 499407 587684 564727 360512 203170 259091 161217 711540 394828 270439 407151 749351 793407 623337 723703 180064 1 233879 716428 616129 574886 365354 443372 631443 578842 868269 602488 623276 478898 574332 435922 666815 899978 544778 213076 781196 763689 889033 433866 742309 808275 407127 188798 449032 585397 623497 273405 404413 251426 784483 784226 363496 781225 657942 500101 462185 353629 55773 1015049 686632 609551 522253
 535372 235158 159375 92934 536734 548005 125110 258668 202918 397504 251784 394538 382590 92538 224347 219519 476971 370604 541483 322105 239309 118287 387974 383682 536271 799144 539083 500481 362508 432832 485607 400856 32019 403924 289380 495244 307997 138640 318981 582420 566407 505704 595605 70133 233879 1 511696 486875 479751 165414 463711 454683 350963 656952 372640 521371 376509 518664 308232 434153 748286 313879 61364 571875 539394 667685 201572 522078 574851 385921 289899 396091 354449 422675 40767 259114 104782 562530 552944 138473 588766 509853 270702 392909 255339 239388 785539 483714 524627 424640
 785285 720985 357616 418895 238746 912279 406776 729176 707599 120692 539427 867542 237486 426543 372074 310530 907141 153966 717280 571654 514776 573768 743213 346342 920830 565103 321870 204163 689520 693040 407117 606739 532837 744365 801054 69351 407391 449065 401566 178890 178676 314439 307293 581824 716428 511696 1 776320 826873 518421 594944 138825 401694 632767 212134 358243 358967 906647 675883 346384 329510 374815 507192 68213 140310 203699 394191 100556 367180 508881 649241 453975 370619 93371 473430 629100 465022 130795 408427 459920 95702 225985 271661 798119 682971 739914 578098 577297 873829 362353
 65075 610671 571337 518433 921086 162568 576722 649533 546093 665294 738172 341633 782996 542785 426750 626388 258434 706146 154815 808161 287675 373296 839992 440769 192059 674777 956635 876860 124498 83761 939611 887081 507211 860271 516135 720338 776691 617604 785687 924176 706204 926746 993953 478092 616129 486875 776320 1 92603 334773 950263 803424 378160 404463 564283 955057 827454 187963 183892 463137 1094488 401510 548080 804712 707327 820527 414994 719557 560306 869126 757013 870199 409578 725015 483356 228316 586529 738331 500441 393768 871989 894316 525837 186860 262552 575955 641760 260959 119915 872693
 150277 568544 586471 526811 952850 85770 583393 607831 503831 711449 725622 262203 808500 547997 463176 645479 167157 742422 247364 794141 317926 361707 806298 503853 104677 764758 980808 909607 138663 157238 952235 872764 495124 827648 457685 775185 781954 616396 791898 964779 772346 949605 1023479 457794 574886 479751 826873 92603 1 346352 941178 840166 438909 496735 616877 974623 840055 97495 174165 532102 1136640 455026 539173 860883 769812 887978 446982 778368 639404 865667 730836 873369 469677 767785 484035 226596 583508 800717 581216 410086 921909 925615 565426 116783 231415 529628 732351 346502 48071 886797
 377087 363602 240240 183740 611550 424843 241953 395891 310897 397816 413974 351902 463849 208148 150809 299261 391816 408948 376342 484402 76617 92584 550071 279328 422861 677237 635136 569500 214218 272261 607388 562500 193042 567072 352335 480947 441939 284989 451025 633470 518320 603635 680182 188062 365354 165414 518421 334773 346352 1 620229 505383 227205 503324 328949 628271 495071 406591 173963 328041 805587 205310 225331 566092 501523 631140 125844 496433 470389 536074 454327 535443 242747 444488 151814 121478 255670 529783 435050 64736 608753 584112 246824 287248 164551 349385 658366 323960 393988 541298
 996747 452026 415403 444254 418644 1004457 387445 425214 496930 555644 216434 804024 358343 416208 596640 390059 912550 466248 991193 152133 684594 580213 270548 725930 987816 1104977 345702 422089 826067 892435 221771 83904 446116 254458 603508 633757 213240 335692 212263 515213 751588 325940 414685 485807 443372 463711 594944 950263 941178 620229 1 458648 729186 1052374 625134 296648 236285 969971 771604 765549 602857 683320 402930 659814 711530 798555 589702 674255 872860 95873 256354 141187 715492 519065 468577 722820 364680 715706 881139 570967 605452 409205 554531 845802 711618 498204 1105342 905614 984633 237854
 823139 637138 295593 364430 125990 923262 334582 639133 634686 158635 426278 837851 107419 362750 377776 235737 896000 97751 770006 448921 522300 540044 625698 409068 925688 692676 195170 81888 701639 723139 268847 476199 469068 624397 737205 191549 282749 361464 275086 129301 311199 181435 201965 522517 631443 454683 138825 803424 840166 505383 458648 1 450545 725803 268722 224922 224332 910031 675784 424835 300479 413218 434679 201380 270961 340848 393210 230782 479790 375684 537921 318458 422510 94270 421697 624906 384869 267224 510865 441416 157470 103826 277634 792609 665315 662892 702235 639803 888166 223937
 383631 578510 314968 306099 575176 524469 352513 606611 531891 298665 555884 548734 459923 334827 136926 342792 549436 359023 320086 621321 170720 318838 729998 65678 539526 452522 627896 530206 309087 294401 644788 691994 382972 743114 579535 342928 520826 414241 525358 560843 334261 602784 650917 399029 578842 350963 401694 378160 438909 227205 729186 450545 1 323827 190556 638846 540918 527590 316727 105430 726779 45940 395949 426690 330980 450342 152847 341463 244410 634787 627282 611940 31445 362601 317177 284807 398607 361924 208211 215382 497234 550375 188355 437590 359586 570658 436230 191808 483632 577682
 358059 866157 638787 626383 850843 561350 675432 899137 810468 567567 878021 717330 761368 655537 459621 663856 658749 648613 251972 944396 427291 591530 1043925 331652 595024 282999 917450 807615 436992 354641 953461 1015718 688044 1058651 828467 563548 842435 736380 846250 810755 485048 896958 926033 691155 868269 656952 632767 404463 496735 503324 1052374 725803 323827 1 460967 936786 855449 592192 486653 303136 956421 369425 708940 625768 508594 573410 471994 540250 280434 957540 943102 931814 337168 631580 628677 489456 718456 534361 226814 518811 717458 829626 502334 566726 565167 848088 246302 185240 520660 888186
 573621 604904 255287 290128 394712 702534 307752 623106 575338 111106 496053 680450 302341 310197 178232 245468 706638 187707 509287 549758 310878 400722 694309 141150 712917 481285 457002 350356 480715 480934 496367 607779 400976 702022 651878 158680 412409 367473 412873 371671 195217 435999 470677 439045 602488 372640 212134 564283 616877 328949 625134 268722 190556 460967 1 475933 406159 699342 472441 157903 536307 162892 391532 244860 173436 303692 203965 168180 247871 529567 591289 491898 160029 176404 331895 428917 367891 200971 259745 280004 307836 371768 102395 595767 490622 612027 480275 373673 663401 433355
 985636 630899 388364 451555 133321 1052085 399610 619039 651060 373471 373482 914388 178950 435333 535875 329483 996824 288227 948609 358664 667450 631769 533407 609386 1046722 917595 49642 155307 840581 880940 75149 347828 522029 524106 762695 416127 229736 389460 217302 230368 534985 43820 118496 575937 623276 521371 358243 955057 974623 628271 296648 224922 638846 936786 475933 1 148052 1029702 801539 633654 308095 596108 477372 411933 495074 550332 542646 454729 702353 248318 473626 188301 614790 314544 502190 748809 422680 488941 729452 564857 336717 135144 451452 905417 769017 668606 926859 830562 1022222 101551
 862923 486268 256127 313360 214917 915065 258169 476932 503827 324516 235435 767739 122067 294052 422364 204864 853298 233442 835952 237220 542097 489703 417196 523821 907495 878862 177175 202647 709177 757228 112319 253250 375337 412361 615198 398022 84207 242200 72060 301542 516666 144549 245607 428799 478898 376509 358967 827454 840055 495071 236285 224332 540918 855449 406159 148052 1 890221 666009 556984 428518 495727 330197 424516 476388 562662 424089 438582 650416 151473 342754 95112 521268 283518 360430 613463 275793 479669 665851 433821 376683 196492 354128 765079 627792 522543 882093 729174 887109 48150
 238690 567079 642271 578228 1018130 50930 632061 605900 504146 788998 753585 217900 869853 596171 537324 703538 94961 812714 341134 819612 392343 401551 810294 593098 17847 862001 1039737 975934 219368 254099 1001423 896964 528779 832589 438207 858021 826196 657293 836882 1036790 861842 1007648 1086554 484545 574332 518664 906647 187963 97495 406591 969971 910031 527590 592192 699342 1029702 890221 1 234250 623982 1209079 539730 574607 944167 857280 977869 518490 863639 735074 900756 744397 914663 557714 842570 529935 285521 623418 888012 677500 471322 1000800 990697 640012 125755 263405 524033 829373 443941 75855 937840
 240873 430972 413180 352698 784652 250898 409234 469326 367110 557024 557537 240887 637756 373871 304542 473023 234995 578472 283206 627045 161691 191665 656559 381581 249984 718203 809063 742160 63580 154804 778145 705961 326123 676661 353346 630480 607991 443358 617855 802615 646259 777478 853878 294507 435922 308232 675883 183892 174165 173963 771604 675784 316727 486653 472441 801539 666009 234250 1 420487 974912 318922 368683 716760 637080 762266 284746 639435 549067 693708 573154 699756 343935 609142 310287 52731 410893 667214 499024 238505 769162 757261 406960 123424 85553 399307 691581 304761 221111 712864
 457915 667283 364861 373894 550601 616698 410684 692719 624861 266202 612526 654052 458744 400549 209898 376088 651312 345483 377534 673428 275860 417745 798842 50662 634880 366084 614797 506710 408022 380467 651771 738633 465878 809873 679445 280178 552652 473652 554944 519010 243488 593887 626327 489067 666815 434153 346384 463137 532102 328041 765549 424835 105430 303136 157903 633654 556984 623982 420487 1 675860 124242 471486 356769 248696 357393 232955 268205 143129 669730 694996 638016 85300 331105 396826 390069 464192 279331 121421 306192 438592 528432 211487 539868 465007 663484 355630 233722 574813 587390
 1108610 906734 591420 660873 218177 1220612 624497 901513 914588 429819 663822 1136646 368292 655752 673512 529285 1196470 396732 1045123 660674 818983 839344 838594 674503 1224482 844768 261522 248617 997985 1012432 383027 655724 759119 830503 1022005 396447 511250 639056 499679 172299 476478 288817 189878 813705 899978 748286 329510 1094488 1136640 805587 602857 300479 726779 956421 536307 308095 428518 1209079 974912 675860 1 695518 720532 331380 448519 423744 690868 416263 681450 554901 770836 493377 696331 369605 717886 924514 667346 424915 729834 741797 239220 242693 571251 1092701 965776 938572 866070 906419 1184452 393883
 413126 544925 269417 263283 536696 540781 308010 571530 501133 265752 511610 542388 417177 291662 93710 296924 553810 319631 357140 576517 162036 293836 688463 74331 552710 485608 586629 491709 320405 318328 600328 646689 345852 701062 555565 320358 474896 370123 479461 527379 327470 560800 612102 366019 544778 313879 374815 401510 455026 205310 683320 413218 45940 369425 162892 596108 495727 539730 318922 124242 695518 1 355825 405879 318693 443377 112754 323942 267370 588870 585328 566098 40637 328025 278332 280966 355652 349122 239463 182452 470479 511382 144717 441937 351308 539815 471684 234845 501168 533040
 596734 216512 149952 101697 505149 605641 101294 231760 201339 399366 190420 437651 352280 83053 262996 200676 528153 358829 601673 260750 297591 177545 335206 421838 592328 837569 499086 471930 423660 494088 436257 339492 46289 349721 302791 499061 256433 87997 268025 559302 580766 465475 559287 98606 213076 61364 507192 548080 539173 225331 402930 434679 395949 708940 391532 477372 330197 574607 368683 471486 720532 355825 1 570625 550668 676038 243397 529336 609002 327020 234344 340943 395772 415233 80275 320114 54904 571423 592117 191080 577457 479007 289500 449009 312181 232729 826087 539190 583498 378193
