NAME : domp80p26v7
COMMENT : Cherkesly, Contardo & Gruson 2022
TYPE : DOMP
DIMENSION : 80
DISPLAY_DATA_TYPE : NO_DISPLAY
OPEN_FACILITIES : 26
COST_SECTION
 1 720830 912029 248700 651358 257834 464186 1115759 233616 622937 205952 423370 176971 445217 609823 664262 515098 530187 225063 270511 801401 550368 935131 942465 1011765 822575 316346 971752 493411 863880 801561 651070 508905 741739 638965 781200 404484 389167 782465 206278 536286 368519 1022102 92766 181432 956122 993542 516724 474193 735914 728872 875383 702343 855204 279163 791988 569699 413014 523476 654336 556017 565301 1063031 595098 281408 1033199 211768 881281 816826 798297 189668 923308 555415 501615 995636 162774 908573 699901 503087 390316
 720830 1 352869 474442 247785 729033 487808 523432 647393 531175 670674 361037 547206 531505 373228 678927 268950 207907 716997 451060 80898 790784 386017 400713 305867 413537 728080 480385 259901 410137 255665 69858 222573 283709 385426 343001 409882 505188 678143 636309 487215 651764 504477 699809 769544 335782 613969 217190 307948 115257 780332 162992 716000 525704 656968 151773 823012 308199 228233 70211 258797 271191 511352 476464 667973 491998 516293 611001 301660 170523 690984 628300 269574 653117 364557 650091 211940 282302 220647 538516
 912029 352869 1 674493 261081 1000562 506493 204501 753180 433789 785279 488668 739356 549062 329499 557864 400946 414808 980583 675072 339287 743130 686724 701936 265858 163917 789087 133261 567482 120235 587483 381138 438909 631449 737204 149602 715147 566520 488325 757527 457067 691070 151615 858317 1014494 604523 290684 429732 621757 460142 638389 271896 577891 262611 938441 473370 770401 554356 408123 401168 595910 346970 165863 407334 748194 141980 745242 348649 95396 182360 945928 345366 607662 622297 115820 788494 223628 213583 458892 849255
 248700 474442 674493 1 413875 351577 299673 878993 227767 459220 235217 194154 72783 304699 398096 548256 273620 281619 324667 48930 555293 517585 727361 736818 763065 603521 337922 746989 269239 639797 584915 404587 260206 536882 470726 553379 243283 237429 639679 202162 366287 316801 794799 228890 343828 733491 792499 268055 268423 500405 636613 627041 591689 655957 311196 558041 546443 170209 276153 409731 345369 329008 831358 415654 272776 802350 84228 699135 580414 551059 284630 738115 348430 413626 751879 195988 659894 466867 255034 314568
 651358 247785 261081 413875 1 746972 281445 465445 504797 286522 535242 228326 478276 327297 129702 434390 141156 174719 725217 416998 298098 567751 633374 647935 408822 214927 556909 340656 351010 238076 497894 222595 196850 509666 567864 149864 484508 325971 431290 505283 258019 465190 384938 600534 755477 581574 424304 188197 404036 356719 534562 309474 469927 307836 688886 399403 598968 307561 159001 247699 404474 86059 418229 234709 507699 389744 486633 384019 166552 181669 689097 409492 416281 432240 348253 533170 310805 59171 221990 616375
 257834 729033 1000562 351577 746972 1 643697 1202943 467646 806024 447505 542643 315917 639307 748253 877759 606884 586508 33392 333368 802578 794324 832237 835779 1034870 948754 565744 1086847 469683 981471 722884 665473 562383 648891 509950 893464 326163 573886 981839 435971 713465 599594 1131909 344065 100037 878637 1142711 571530 426477 703062 954893 892024 919220 1006892 77231 750534 816582 447070 592594 658906 497342 666820 1163337 765575 520242 1135675 268360 1050517 910321 851851 75070 1089666 491261 724519 1061861 396349 938030 803862 544741 229257
 464186 487808 506493 299673 281445 643697 1 697609 258805 162763 292745 164299 328555 45897 176999 255825 223233 300184 614022 335029 556619 304510 846905 859884 690109 380432 282687 532231 436527 427806 700205 433811 300406 683684 680209 358711 500379 75027 340093 271994 72229 186074 585303 387884 615489 816944 531576 299604 470493 572109 352602 586447 299899 393809 610003 626195 336951 329472 272625 453829 517470 219961 633653 131201 244145 603044 382946 417382 415445 463028 571879 459198 526372 167755 611856 311239 592051 302614 322043 602706
 1115759 523432 204501 878993 465445 1202943 697609 1 950319 600656 983065 692446 943666 737744 522565 702715 605440 616455 1183631 879183 486338 904308 796530 811051 309118 322824 977898 183349 760028 272743 725410 565340 640586 782554 906210 340597 910230 762069 605037 956570 641189 878311 134524 1060098 1218691 702407 314967 631431 813581 616486 766493 396367 713025 372762 1139405 614566 928561 756009 611349 582049 778864 551185 77469 585999 941530 103838 949431 435512 299102 362116 1149500 411964 790206 795125 160978 989032 336286 416031 659212 1043988
 233616 647393 753180 227767 504797 467646 258805 950319 1 404844 34095 291687 189735 228345 428121 431548 391738 439563 434499 276090 726373 327027 944471 954863 903117 637778 112388 789689 487022 683963 798861 580491 425576 757588 698480 609725 468931 188737 553071 32345 326833 135180 842389 143498 409629 940679 787283 430381 493724 698236 495594 780593 468984 650599 461781 756436 350535 375722 421449 592420 567314 423733 889192 387343 53385 858643 272424 665069 658958 676465 392792 707995 571614 268074 851272 72362 800234 541232 432768 518479
 622937 531175 433789 459220 286522 806024 162763 600656 404844 1 438707 295554 491255 178214 157988 147953 308026 386999 776572 490956 584600 309343 913083 927220 662793 279284 396120 421716 552641 329818 772124 493817 396491 771041 794862 287884 641040 235905 184333 423592 92939 297079 475131 542287 777929 866692 386214 392291 594916 633866 249260 587688 185295 254041 770379 681169 336924 459089 358870 517598 627209 271265 529019 57866 377214 499112 543198 260265 358184 451993 734509 303152 637576 194902 548417 465276 576577 274223 422758 752825
 205952 670674 785279 235217 535242 447505 292745 983065 34095 438707 1 318605 187629 262415 461182 462187 418953 463312 414172 282115 750223 347461 958757 968782 931109 671331 120534 823225 500247 717315 814125 603013 448241 770168 704601 642481 471855 222117 585178 34927 360922 163446 875847 113958 384717 958155 821366 453488 503441 717448 523231 806841 498814 684693 446570 775688 369096 391355 446411 613968 579060 453244 922381 421432 75458 891850 269789 698890 690825 705166 373192 741847 582730 297739 882401 52840 827951 572880 453844 512670
 423370 361037 488668 194154 228326 542643 164299 692446 291687 295554 318605 1 252576 196184 205791 415213 100370 155216 517191 210520 437997 458247 695077 707371 612724 409407 367043 553925 272256 446393 547361 297640 147710 524419 515932 360870 345544 150650 479789 286020 208366 294241 602577 373393 537715 674455 600085 149681 306987 427833 514720 488930 459001 464789 494764 484608 490541 166743 132805 313439 353555 142366 641146 243069 307563 611663 274638 514150 393459 387992 478021 551274 362276 326206 575162 309082 509428 276906 164584 459331
 176971 547206 739356 72783 478276 315917 328555 943666 189735 491255 187629 252576 1 323531 449825 563725 339930 353380 285667 105950 628046 504683 791129 800017 835164 659685 302012 806036 335618 698301 650754 477349 332375 599077 520891 613355 285575 257978 665927 159273 399251 302509 855049 159104 290756 801309 841788 340059 328303 571114 645115 699615 605904 703982 290297 628456 531251 241988 346547 482281 407984 392490 893617 453461 240883 864200 82734 740604 644592 621437 243381 780965 409861 416200 820070 140270 731853 529111 327766 329147
 445217 531505 549062 304699 327297 639307 45897 737744 228345 178214 262415 196184 323531 1 220091 243559 264944 339956 608596 344475 601266 264005 886456 899214 735891 418170 240427 569388 466968 466517 739284 476064 338334 719889 709194 400459 519599 67290 343127 245629 99749 142079 622766 364108 604238 858870 558972 338260 497583 613307 334135 632201 287030 422600 610793 668047 296465 356474 313007 495456 549091 265135 672324 159940 207052 641729 385529 438124 459002 508903 566046 480778 557477 130030 655671 287084 637939 347394 358515 614918
 609823 373228 329499 398096 129702 748253 176999 522565 428121 157988 461182 205791 449825 220091 1 305880 172944 244749 722387 416242 427487 442133 756045 770301 525097 213115 459650 363943 421048 256855 616443 337919 259134 619515 656643 182354 531234 239576 317699 435967 134861 362155 415784 544564 739428 708705 394525 253108 468814 477133 407108 436654 342841 259049 700218 523523 472755 344951 218558 362174 488795 122316 461254 105008 419512 430754 480005 313215 238929 304003 682704 348132 499885 309200 435660 470756 432108 130732 286571 654792
 664262 678927 557864 548256 434390 877759 255825 702715 431548 147953 462187 415213 563725 243559 305880 1 446692 526819 846203 587426 732404 212644 1059797 1073818 800625 395259 383075 519409 683684 443885 917780 640044 533729 913571 927722 420120 756114 310841 134457 457995 209798 299868 570316 575039 834542 1014547 439130 530519 721773 780486 102884 732901 44075 332045 852971 828545 231216 581955 498342 663468 761606 415908 626981 202947 389318 598921 628773 296025 492342 596456 803498 336607 771394 165439 673683 501492 718626 419210 558837 857120
 515098 268950 400946 273620 141156 606884 223233 605440 391738 308026 418953 100370 339930 264944 172944 446692 1 80257 584573 275914 342912 527720 624508 637706 512383 345113 462665 479963 248742 374982 478530 211156 88625 467729 487825 286739 361356 236428 484358 386378 238994 383091 525481 470953 614363 593972 548365 84286 295878 348878 549399 389304 488441 420183 550649 403159 560170 176474 51739 230652 319826 61102 559382 250288 405325 530877 345478 483258 307276 288353 548115 515690 330469 390860 480540 408689 409060 197006 115427 488735
 530187 207907 414808 281619 174719 586508 300184 616455 439563 386999 463312 155216 353380 339956 244749 526819 80257 1 567696 269715 286936 603834 546765 559704 481891 389566 521395 510986 179704 411530 400045 142618 24134 387501 411931 323952 309951 303912 560655 429151 319226 449097 551915 499051 606958 520703 598365 14979 231106 274233 629569 348391 568406 477207 523634 330253 636306 139613 28519 158356 244047 122891 579109 329145 460484 552437 339706 546858 327283 271559 534732 576398 255163 467867 477923 444910 378489 233785 47273 442418
 225063 716997 980583 324667 725217 33392 614022 1183631 434499 776572 414172 517191 285667 608596 722387 846203 584573 567696 1 309473 791872 761080 835966 840094 1022484 924746 532354 1064310 458943 958410 722444 652203 543629 650020 515537 870664 320032 543554 951427 402891 684214 566726 1110022 310753 78819 878859 1116907 552730 418244 696104 922597 879865 887481 980594 82846 745057 783259 428855 572472 646786 491851 643995 1142521 737019 487023 1114566 242560 1022709 889512 835162 42707 1062178 486475 692203 1044522 363099 924524 781542 527094 235128
 270511 451060 675072 48930 416998 333368 335029 879183 276090 490956 282115 210520 105950 344475 416242 587426 275914 269715 309473 1 531380 564878 685461 694492 746503 615474 386665 755049 229775 648964 544805 381503 246662 493785 422744 561315 194362 277685 673478 249705 398464 364822 801245 264917 339538 695564 810173 255246 223586 467474 678080 607857 631176 675281 284430 524382 594048 142865 269217 383978 302437 334733 835114 444306 321634 806739 70402 723351 582513 541274 272278 761161 304681 457853 746356 240405 644264 472568 236596 270858
 801401 80898 339287 555293 298098 802578 556619 486338 726373 584600 750223 437997 628046 601266 427487 732404 342912 286936 791872 531380 1 856811 356455 371676 236525 430640 804669 471922 333026 417702 248219 150718 302669 297150 422982 363942 479779 579142 719080 715995 549468 725786 487833 780668 846482 289181 618658 296931 377675 130747 832058 96900 767313 546029 729260 134097 888765 388534 305582 148028 319162 337078 485734 532354 745506 470357 595999 634139 309516 167808 767200 646388 328784 719345 325367 730473 154894 320358 301496 604636
 550368 790784 743130 517585 567751 794324 304510 904308 327027 309343 347461 458247 504683 264005 442133 212644 527720 603834 761080 564878 856811 1 1150449 1163218 965643 586711 235082 722185 724409 637016 1003284 738232 602272 982661 962578 596631 755496 311305 342882 359097 309740 202446 774490 457694 731133 1121397 651539 602264 749653 876575 212731 877205 224066 539351 787738 930681 32473 610692 576662 758338 807490 520239 830250 342674 274112 801198 583687 508628 665817 746069 719623 549219 815136 137672 857672 397982 874203 571365 621990 829696
 935131 386017 686724 727361 633374 832237 846905 796530 944471 913083 958757 695077 791129 886456 756045 1059797 624508 546765 835966 685461 356455 1150449 1 15263 491257 786972 1043894 819840 458692 773544 147794 419912 548559 193424 323556 719485 533778 845636 1064155 924222 859855 985959 828110 949058 909013 100536 972672 548241 463771 279312 1162134 415763 1098377 902145 755768 234286 1182915 568878 574309 397025 383168 644756 815133 856884 978699 805533 727427 989837 665825 524046 828544 1002811 381823 1014623 643972 923210 470395 667390 530568 603009
 942465 400713 701936 736818 647935 835779 859884 811051 954863 927220 968782 707371 800017 899214 770301 1073818 637706 559704 840094 694492 371676 1163218 15263 1 505386 802167 1054853 835041 468558 788799 160043 433829 561134 201318 326276 734628 540222 857858 1078821 934312 873451 997736 843193 957652 913626 113046 987932 560957 472216 293365 1176210 430912 1112513 917318 759525 249041 1195677 579461 587349 410784 392063 658587 830026 870931 989554 820535 735445 1004978 681064 539285 833408 1018018 390334 1027566 658792 932753 485413 682248 542807 606525
 1011765 305867 265858 763065 408822 1034870 690109 309118 903117 662793 931109 612724 835164 735891 525097 800625 512383 481891 1022484 746503 236525 965643 491257 505386 1 421613 964113 380419 565677 384079 438847 370657 502862 506605 648730 381273 714749 732579 747085 898742 659849 873857 369563 979166 1073311 394899 546198 495106 612587 359320 889228 142922 826283 527686 962775 338263 995462 605418 491434 375964 555669 481563 341448 623123 912001 340084 814441 614443 308856 228268 995624 610539 565210 834264 174289 920326 103730 394653 509994 840955
 822575 413537 163917 603521 214927 948754 380432 322824 637778 279284 671331 409407 659685 418170 213115 395259 345113 389566 924746 615474 430640 586711 786972 802167 421613 1 657164 151916 565266 50540 667798 414301 411337 695458 773146 71504 699017 449251 326021 647516 319966 557158 204871 757511 947088 716443 210229 402830 618642 528756 474473 391663 414134 115817 895079 557597 612691 519258 372392 438634 614283 284053 254456 263494 624244 223929 682606 204907 124374 264127 886472 215979 626223 472871 279333 683273 358217 156240 436833 830163
 316346 728080 789087 337922 556909 565744 282687 977898 112388 396120 120534 367043 302012 240427 459650 383075 462665 521395 532354 386665 804669 235082 1043894 1054853 964113 657164 1 807463 589743 706090 897055 663998 510707 860041 807789 640806 580356 231539 514309 143034 337200 100230 861034 224160 497659 1034287 781624 514219 600468 789131 427788 849975 414026 650001 566998 846927 253370 475982 499847 678444 671510 483178 911606 394829 66000 881054 384735 649193 698056 735846 492013 692435 676543 220033 894257 173368 863218 584051 521808 630331
 971752 480385 133261 746989 340656 1086847 532231 183349 789689 421716 823225 553925 806036 569388 363943 519409 479963 510986 1064310 755049 471922 722185 819840 835041 380419 151916 807463 1 676705 107895 719939 501191 534378 761769 861415 193814 819335 601129 423684 799230 470568 707290 53649 908468 1090739 736702 165877 525369 731109 590416 584154 404562 529896 189945 1029528 605894 745939 647556 498697 522961 713533 420333 108065 412762 775838 79520 823683 259180 187992 310813 1027245 242750 725449 616617 208299 834633 354029 283018 557490 952782
 493411 259901 567482 269239 351010 469683 436527 760028 487022 552641 500247 272256 335618 466968 421048 683684 248742 179704 458943 229775 333026 724409 458692 468558 565677 565266 589743 676705 1 582746 315697 199718 162249 270625 244187 497172 151755 413141 732178 465834 474056 541897 713078 494678 515564 465818 775177 169025 54446 244701 784751 422756 726891 656497 397098 299320 756211 115268 203299 190159 83362 301201 733273 495698 523922 708985 281660 726500 489070 398572 435341 756054 90746 596405 608438 464724 470743 409074 134764 284321
 863880 410137 120235 639797 238076 981471 427806 272743 683963 329818 717315 446393 698301 466517 256855 443885 374982 411530 958410 648964 417702 637016 773544 788799 384079 50540 706090 107895 582746 1 660657 419399 434314 693800 780683 88440 721355 495236 368447 692694 368979 606236 158949 801087 983617 698532 203840 425485 636802 524364 520552 368584 461255 143756 925507 548390 662818 545587 397065 442823 626142 314665 205883 313268 671909 175274 717181 231753 109041 249940 920935 234095 638115 523361 233573 727583 329377 179224 458601 853909
 801561 255665 587483 584915 497894 722884 700205 725410 798861 772124 814125 547361 650754 739284 616443 917780 478530 400045 722444 544805 248219 1003284 147794 160043 438847 667798 897055 719939 315697 660657 1 278536 401119 79997 237161 597901 408277 697885 928977 779429 715399 838218 735783 809555 791661 156916 863581 401029 327377 141548 1020459 329449 957224 780930 645655 114122 1035738 423167 427856 254530 245560 501902 731451 715268 832066 717421 591221 866612 551624 412156 710096 883254 246424 867816 565924 780126 389220 537072 382818 496981
 651070 69858 381138 404587 222595 665473 433811 565340 580491 493817 603013 297640 477349 476064 337919 640044 211156 142618 652203 381503 150718 738232 419912 433829 370657 414301 663998 501191 199718 419399 278536 1 154918 287248 361476 342813 351414 444894 651777 568489 440783 590837 531310 630182 702786 383170 621553 150326 251076 140752 742536 228810 679039 520890 594763 192574 770638 238689 165767 25144 214980 224919 544962 437233 602850 522912 447226 602253 315063 203521 624970 623911 226655 600940 410637 581289 272559 268475 151161 482981
 508905 222573 438909 260206 196850 562383 300406 640586 425576 396491 448241 147710 332375 338334 259134 533729 88625 24134 543629 246662 302669 602272 548559 561134 502862 411337 510707 534378 162249 434314 401119 154918 1 383757 399263 346486 287710 298152 572794 413801 324756 441726 575637 480066 583273 526837 619539 9177 212031 280271 636189 367829 575890 496841 499540 337343 634712 115485 41127 167800 231231 139011 603127 338816 448735 576386 316456 564839 351141 294803 510787 595232 241936 467425 501745 427856 399717 256013 27491 419632
 741739 283709 631449 536882 509666 648891 683684 782554 757588 771041 770168 524419 599077 719889 619515 913571 467729 387501 650020 493785 297150 982661 193424 201318 506605 695458 860041 761769 270625 693800 79997 287248 383757 1 157170 624281 341505 672977 936312 735949 706721 808346 782110 756437 721025 230266 897639 385489 270995 171380 1016434 386959 954549 805444 571770 169601 1014936 384203 416008 262105 191531 500004 782563 713357 794318 766316 534156 888436 585364 451003 639864 908459 189221 849733 621790 732860 447223 555031 361687 421308
 638965 385426 737204 470726 567864 509950 680209 906210 698480 794862 704601 515932 520891 709194 656643 927722 487825 411931 515537 422744 422982 962578 323556 326276 648730 773146 807789 861415 244187 780683 237161 361476 399263 157170 1 702006 237548 652601 972017 672446 717995 772883 888688 669752 590565 381790 981984 404368 212926 292553 1028918 518665 970821 875015 434152 312062 993889 352979 438724 338752 168065 534497 896773 737464 742082 877243 445114 951559 676384 555126 511691 977208 157370 837790 745703 660672 577777 621405 372451 280887
 781200 343001 149602 553379 149864 893464 358711 340597 609725 287884 642481 360870 613355 400459 182354 420120 286739 323952 870664 561315 363942 596631 719485 734628 381273 71504 640806 193814 497172 88440 597901 342813 346486 624281 702006 1 633902 421583 370804 616217 307517 542264 241707 721492 897041 651706 280374 337731 550938 458257 508041 332982 445011 183170 837140 488624 624704 457239 308852 367132 544024 226688 282222 258133 601849 252152 629873 270355 72420 200183 833467 285371 555981 473413 261608 649373 306356 90849 371141 766111
 404484 409882 715147 243283 484508 326163 500379 910230 468931 641040 471855 345544 285575 519599 531234 756114 361356 309951 320032 194362 479779 755496 533778 540222 714749 699017 580356 819335 151755 721355 408277 351414 287710 341505 237548 633902 1 455958 825147 441062 553223 557573 858126 432212 385026 565160 906675 296312 102174 376901 852256 571989 800180 781204 250810 425049 785394 186305 326896 340886 171821 420732 880977 587620 515700 855856 207833 843921 633152 549574 303283 876982 166705 641450 759831 425840 621514 543647 262778 134109
 389167 505188 566520 237429 325971 573886 75027 762069 188737 235905 222117 150650 257978 67290 239576 310841 236428 303912 543554 277685 579142 311305 845636 857858 732579 449251 231539 601129 413141 495236 697885 444894 298152 672977 652601 421583 455958 1 407954 198987 147147 146668 653730 313434 542171 824419 606122 299648 439922 577799 400432 619709 354266 468138 543949 634144 343210 299891 279164 462121 496188 251846 700474 206135 182591 669919 318331 492279 473174 504313 501140 534177 503880 186388 667621 237094 631748 356645 315070 548388
 782465 678143 488325 639679 431290 981839 340093 605037 553071 184333 585178 479789 665927 343127 317699 134457 484358 560655 951427 673478 719080 342882 1064155 1078821 747085 326021 514309 423684 732178 368447 928977 651777 572794 936312 972017 370804 825147 407954 1 577103 275300 426187 470543 695921 946701 1007662 318043 567673 776328 787977 162899 701834 120457 234581 950045 829906 357459 642311 533408 676567 803955 439575 527720 238100 514803 502031 723036 175569 441508 565977 908949 211821 814726 294458 601812 620416 677126 398905 599779 936968
 206278 636309 757527 202162 505283 435971 271994 956570 32345 423592 34927 286020 159273 245629 435967 457995 386378 429151 402891 249705 715995 359097 924222 934312 898742 647516 143034 799230 465834 692694 779429 568489 413801 735949 672446 616217 441062 198987 577103 1 342063 164959 851513 119270 379824 923261 803031 419153 469912 682532 524768 773507 496305 665607 429453 740772 382807 356552 412682 579266 544998 422398 897106 402374 85727 866646 241992 683718 662724 673400 361039 726404 548830 295977 853069 43508 795433 544523 419110 487302
 536286 487215 457067 366287 258019 713465 72229 641189 326833 92939 360922 208366 399251 99749 134861 209798 238994 319226 684214 398464 549468 309740 859855 873451 659849 319966 337200 470568 474056 368979 715399 440783 324756 706721 717995 307517 553223 147147 275300 342063 1 237259 524067 459030 687227 821784 460980 321979 513142 581399 311705 567488 252840 323826 677441 632530 341051 374488 290715 462975 551817 216594 574407 60511 306759 543858 450261 345161 370307 437229 642269 387033 561596 174814 566802 382166 565940 265587 349436 662044
 368519 651764 691070 316801 465190 599594 186074 878311 135180 297079 163446 294241 302509 142079 362155 299868 383091 449097 566726 364822 725786 202446 985959 997736 873857 557158 100230 707290 541897 606236 838218 590837 441726 808346 772883 542264 557573 146668 426187 164959 237259 1 760873 277279 544613 968559 683155 443918 560866 721987 360436 764717 335597 550560 588042 778848 230128 426638 425086 607452 625156 396025 811613 294611 89468 781078 381245 552729 601041 645912 524533 596001 631628 134673 797656 207348 774348 488675 456570 627467
 1022102 504477 151615 794799 384938 1131909 585303 134524 842389 475131 875847 602577 855049 622766 415784 570316 525481 551915 1110022 801245 487833 774490 828110 843193 369563 204871 861034 53649 713078 158949 735783 531310 575637 782110 888688 241707 858126 653730 470543 851513 524067 760873 1 960004 1138232 741309 189464 566537 767516 610991 632173 412733 579323 239041 1073166 621754 797870 689910 541300 551933 745504 466734 57201 466375 829071 34504 870360 301474 225053 333975 1073517 279868 757332 670019 195368 886528 358116 328697 597789 992005
 92766 699809 858317 228890 600534 344065 387884 1060098 143498 542287 113958 373393 159104 364108 544564 575039 470953 499051 310753 264917 780668 457694 949058 957652 979166 757511 224160 908468 494678 801087 809555 630182 480066 756437 669752 721492 432212 313434 695921 119270 459030 277279 960004 1 273601 960409 919449 486917 485448 729271 637180 847439 612265 781555 354384 786842 477355 399020 487750 636926 565959 515174 1003601 518965 189251 973364 225091 802171 762955 758862 272002 844714 567322 411227 948348 77034 875441 644774 479173 444685
 181432 769544 1014494 343828 755477 100037 615489 1218691 409629 777929 384717 537715 290756 604238 739428 834542 614363 606958 78819 339538 846482 731133 909013 913626 1073311 947088 497659 1090739 515564 983617 791661 702786 583273 721025 590565 897041 385026 542171 946701 379824 687227 544613 1138232 273601 1 948480 1132359 592168 479181 757114 904556 931532 874255 994672 161138 808009 750942 471234 608397 699553 555963 671719 1173676 742969 459841 1144987 269262 1030555 921543 877675 81744 1071241 551535 675174 1084800 337304 973447 809818 569516 311522
 956122 335782 604523 733491 581574 878637 816944 702407 940679 866692 958155 674455 801309 858870 708705 1014547 593972 520703 878859 695564 289181 1121397 100536 113046 394899 716443 1034287 736702 465818 698532 156916 383170 526837 230266 381790 651706 565160 824419 1007662 923261 821784 968559 741309 960409 948480 1 893658 524858 482276 246639 1115667 332785 1051189 832244 801443 190824 1153807 567280 546509 363442 400587 605203 724942 812229 970437 717113 744997 921032 593049 452382 866950 930886 402260 984100 553127 926977 383488 608758 513010 651526
 993542 613969 290684 792499 424304 1142711 531576 314967 787283 386214 821366 600085 841788 558972 394525 439130 548365 598365 1116907 810173 618658 651539 972672 987932 546198 210229 781624 165877 775177 203840 863581 621553 619539 897639 981984 280374 906675 606122 318043 803031 460980 683155 189464 919449 1132359 893658 1 611240 828337 728064 479780 560980 436677 138364 1093318 750722 670046 724450 579813 645380 824314 487543 240463 400676 762839 223901 874520 143560 312542 451687 1077128 106951 836265 570436 374029 842798 514311 366141 645539 1036512
 516724 217190 429732 268055 188197 571530 299604 631431 430381 392291 453488 149681 340059 338260 253108 530519 84286 14979 552730 255246 296931 602264 548241 560957 495106 402830 514219 525369 169025 425485 401029 150326 9177 385489 404368 337731 296312 299648 567673 419153 321979 443918 566537 486917 592168 524858 611240 1 219459 278219 633105 360670 572476 489056 508716 334930 634722 124657 34552 164307 236306 132247 593959 334526 452652 567231 325137 557632 342005 286091 519815 587731 247176 466957 492775 433905 391849 247344 34644 428429
 474193 307948 621757 268423 404036 426477 470493 813581 493724 594916 503441 306987 328303 497583 468814 721773 295878 231106 418244 223586 377675 749653 463771 472216 612587 618642 600468 731109 54446 636802 327377 251076 212031 270995 212926 550938 102174 439922 776328 469912 513142 560866 767516 485448 479181 482276 828337 219459 1 278165 821691 469852 765384 708307 352059 329006 780967 141215 253113 239357 81824 350777 787512 538722 534484 763326 264178 776830 543505 451783 397889 807188 81954 625525 661106 463740 519751 462404 184830 231907
 735914 115257 460142 500405 356719 703062 572109 616486 698236 633866 717448 427833 571114 613307 477133 780486 348878 274233 696104 467474 130747 876575 279312 293365 359320 528756 789131 590416 244701 524364 141548 140752 280271 171380 292553 458257 376901 577799 787977 682532 581399 721987 610991 729271 757114 246639 728064 278219 278165 1 882848 226128 819156 640909 627412 58241 909031 330620 300422 118645 206746 365669 612810 577580 725884 595798 524751 725946 415524 279709 675972 743544 214311 739707 455533 689510 285288 395582 267326 492745
 728872 780332 638389 636613 534562 954893 352602 766493 495594 249260 523231 514720 645115 334135 407108 102884 549399 629569 922597 678080 832058 212731 1162134 1176210 889228 474473 427788 584154 784751 520552 1020459 742536 636189 1016434 1028918 508041 852256 400432 162899 524768 311705 360436 632173 637180 904556 1115667 479780 633105 821691 882848 1 828614 64793 394236 935412 930427 217076 681235 601079 766067 863321 518655 689373 305304 448002 663074 714679 338247 580420 691775 880001 372972 872972 230396 753616 567604 811225 515860 661099 948819
 875383 162992 271896 627041 309474 892024 586447 396367 780593 587688 806841 488930 699615 632201 436654 732901 389304 348391 879865 607857 96900 877205 415763 430912 142922 391663 849975 404562 422756 368584 329449 228810 367829 386959 518665 332982 571989 619709 701834 773507 567488 764717 412733 847439 931532 332785 560980 360670 469852 226128 828614 1 764044 506841 819853 218258 908355 465758 361413 233149 414777 368744 403443 540496 794249 391439 674868 596202 267337 136887 853427 602458 424678 741600 236478 792073 60271 313747 372317 698910
 702343 716000 577891 591689 469927 919220 299899 713025 468984 185295 498814 459001 605904 287030 342841 44075 488441 568406 887481 631176 767313 224066 1098377 1112513 826283 414134 414026 529896 726891 461255 957224 679039 575890 954549 970821 445011 800180 354266 120457 496305 252840 335597 579323 612265 874255 1051189 436677 572476 765384 819156 64793 764044 1 340321 895527 866322 237232 625739 539981 702729 804425 455745 636401 241986 424945 609258 671857 293250 517430 627237 844777 331339 814302 201077 693463 539718 747223 451131 601238 901022
 855204 525704 262611 655957 307836 1006892 393809 372762 650599 254041 684693 464789 703982 422600 259049 332045 420183 477207 980594 675281 546029 539351 902145 917318 527686 115817 650001 189945 656497 143756 780930 520890 496841 805444 875015 183170 781204 468138 234581 665607 323826 550560 239041 781555 994672 832244 138364 489056 708307 640909 394236 506841 340321 1 959236 671776 561360 596592 456138 545709 712310 360486 296085 263349 627934 269079 738540 89367 239910 379894 940480 103059 724116 444741 371965 705028 471228 253800 523688 908727
 279163 656968 938441 311196 688886 77231 610003 1139405 461781 770379 446570 494764 290297 610793 700218 852971 550649 523634 82846 284430 729260 787738 755768 759525 962775 895079 566998 1029528 397098 925507 645655 594763 499540 571770 434152 837140 250810 543949 950045 429453 677441 588042 1073166 354384 161138 801443 1093318 508716 352059 627412 935412 819853 895527 959236 1 674204 812160 384154 532014 587052 421227 611395 1102475 726444 515160 1075399 227205 1007625 849892 784890 94745 1045579 414871 706283 995478 393857 867123 746762 480194 153284
 791988 151773 473370 558041 399403 750534 626195 614566 756436 681169 775688 484608 628456 668047 523523 828545 403159 330253 745057 524382 134097 930681 234286 249041 338263 557597 846927 605894 299320 548390 114122 192574 337343 169601 312062 488624 425049 634144 829906 740772 632530 778848 621754 786842 808009 190824 750722 334930 329006 58241 930427 218258 866322 671776 674204 1 963103 388488 355793 172629 253292 416038 618217 625676 783837 603703 580490 758527 439487 299039 726545 773499 259333 793468 454278 747638 278482 433305 325152 535083
 569699 823012 770401 546443 598968 816582 336951 928561 350535 336924 369096 490541 531251 296465 472755 231216 560170 636306 783259 594048 888765 32473 1182915 1195677 995462 612691 253370 745939 756211 662818 1035738 770638 634712 1014936 993889 624704 785394 343210 357459 382807 341051 230128 797870 477355 750942 1153807 670046 634722 780967 909031 217076 908355 237232 561360 812160 963103 1 642307 609134 790779 839346 552347 853959 372339 297247 825175 611013 526660 694397 776757 742144 566438 846919 169915 885284 420482 904662 601520 654370 857541
 413014 308199 554356 170209 307561 447070 329472 756009 375722 459089 391355 166743 241988 356474 344951 581955 176474 139613 428855 142865 388534 610692 568878 579461 605418 519258 475982 647556 115268 545587 423167 238689 115485 384203 352979 457239 186305 299891 642311 356552 374488 426638 689910 399020 471234 567280 724450 124657 141215 330620 681235 465758 625739 596592 384154 388488 642307 1 148859 241335 198530 236948 718348 404228 410399 691399 209136 657801 465961 406960 396982 691286 205259 484813 615722 359962 503959 366391 98482 312272
 523476 228233 408123 276153 159001 592594 272625 611349 421449 358870 446411 132805 346547 313007 218558 498342 51739 28519 572472 269217 305582 576662 574309 587349 491434 372392 499847 498697 203299 397065 427856 165767 41127 416008 438724 308852 326896 279164 533408 412682 290715 425086 541300 487750 608397 546509 579813 34552 253113 300422 601079 361413 539981 456138 532014 355793 609134 148859 1 183284 270682 97908 570877 301038 440007 543509 339612 523730 317996 274964 538166 554251 281612 440373 477303 430685 387720 218052 68558 457810
 654336 70211 401168 409731 247699 658906 453829 582049 592420 517598 613968 313439 482281 495456 362174 663468 230652 158356 646786 383978 148028 758338 397025 410784 375964 438634 678444 522961 190159 442823 254530 25144 167800 262105 338752 367132 340886 462121 676567 579266 462975 607452 551933 636926 699553 363442 645380 164307 239357 118645 766067 233149 702729 545709 587052 172629 790779 241335 183284 1 196844 247838 564017 460808 616519 542603 448051 627279 337673 221484 620851 648747 208263 621305 425698 590400 280685 293517 160204 470818
 556017 258797 595910 345369 404474 497342 517470 778864 567314 627209 579060 353555 407984 549091 488795 761606 319826 244047 491851 302437 319162 807490 383168 392063 555669 614283 671510 713533 83362 626142 245560 214980 231231 191531 168065 544024 171821 496188 803955 544998 551817 625156 745504 565959 555963 400587 824314 236306 81824 206746 863321 414777 804425 712310 421227 253292 839346 198530 270682 196844 1 366799 759941 569701 605580 737783 345810 786689 525932 418042 474300 813739 11974 678787 621917 541337 468732 459962 204531 286907
 565301 271191 346970 329008 86059 666820 219961 551185 423733 271265 453244 142366 392490 265135 122316 415908 61102 122891 643995 334733 337078 520239 644756 658587 481563 284053 483178 420333 301201 314665 501902 224919 139011 500004 534497 226688 420732 251846 439575 422398 216594 396025 466734 515174 671719 605203 487543 132247 350777 365669 518655 368744 455745 360486 611395 416038 552347 236948 97908 247838 366799 1 502354 213838 430464 473412 403634 426126 252102 253606 606976 457317 377986 382615 433181 448842 380091 138110 166465 549163
 1063031 511352 165863 831358 418229 1163337 633653 77469 889192 529019 922381 641146 893617 672324 461254 626981 559382 579109 1142521 835114 485734 830250 815133 830026 341448 254456 911606 108065 733273 205883 731451 544962 603127 782563 896773 282222 880977 700474 527720 897106 574407 811613 57201 1003601 1173676 724942 240463 593959 787512 612810 689373 403443 636401 296085 1102475 618217 853959 718348 570877 564017 759941 502354 1 517709 877775 30610 904851 358088 253034 342800 1106984 335141 771601 723878 171876 931073 345658 364650 623830 1015086
 595098 476464 407334 415654 234709 765575 131201 585999 387343 57866 421432 243069 453461 159940 105008 202947 250288 329145 737019 444306 532354 342674 856884 870931 623123 263494 394829 412762 495698 313268 715268 437233 338816 713357 737464 258133 587620 206135 238100 402374 60511 294611 466375 518965 742969 812229 400676 334526 538722 577580 305304 540496 241986 263349 726444 625676 372339 404228 301038 460808 569701 213838 517709 1 366673 487261 499881 287700 324789 406403 695453 328929 580133 215399 519528 442203 533215 229646 365194 702109
 281408 667973 748194 272776 507699 520242 244145 941530 53385 377214 75458 307563 240883 207052 419512 389318 405325 460484 487023 321634 745506 274112 978699 989554 912001 624244 66000 775838 523922 671909 832066 602850 448735 794318 742082 601849 515700 182591 514803 85727 306759 89468 829071 189251 459841 970437 762839 452652 534484 725884 448002 794249 424945 627934 515160 783837 297247 410399 440007 616519 605580 430464 877775 366673 1 847166 323238 635988 655372 684040 445512 679183 610571 224128 850173 123980 810124 539192 458731 570021
 1033199 491998 141980 802350 389744 1135675 603044 103838 858643 499112 891850 611663 864200 641729 430754 598921 530877 552437 1114566 806739 470357 801198 805533 820535 340084 223929 881054 79520 708985 175274 717421 522912 576386 766316 877243 252152 855856 669919 502031 866646 543858 781078 34504 973364 1144987 717113 223901 567231 763326 595798 663074 391439 609258 269079 1075399 603703 825175 691399 543509 542603 737783 473412 30610 487261 847166 1 876342 334497 225520 322250 1078772 313870 749514 693917 166780 900718 335152 335499 597542 989935
 211768 516293 745242 84228 486633 268360 382946 949431 272424 543198 269789 274638 82734 385529 480005 628773 345478 339706 242560 70402 595999 583687 727427 735445 814441 682606 384735 823683 281660 717181 591221 447226 316456 534156 445114 629873 207833 318331 723036 241992 450261 381245 870360 225091 269262 744997 874520 325137 264178 524751 714679 674868 671857 738540 227205 580490 611013 209136 339612 448051 345810 403634 904851 499881 323238 876342 1 783027 652447 611227 203879 821792 345987 488445 816697 220882 712655 541678 305238 247221
 881281 611001 348649 699135 384019 1050517 417382 435512 665069 260265 698890 514150 740604 438124 313215 296025 483258 546858 1022709 723351 634139 508628 989837 1004978 614443 204907 649193 259180 726500 231753 866612 602253 564839 888436 951559 270355 843921 492279 175569 683718 345161 552729 301474 802171 1030555 921032 143560 557632 776830 725946 338247 596202 293250 89367 1007625 758527 526660 657801 523730 627279 786689 426126 358088 287700 635988 334497 783027 1 329179 468657 981544 43273 798339 433606 454456 725137 560310 333784 592161 967982
 816826 301660 95396 580414 166552 910321 415445 299102 658958 358184 690825 393459 644592 459002 238929 492342 307276 327283 889512 582513 309516 665817 665825 681064 308856 124374 698056 187992 489070 109041 551624 315063 351141 585364 676384 72420 633152 473174 441508 662724 370307 601041 225053 762955 921543 593049 312542 342005 543505 415524 580420 267337 517430 239910 849892 439487 694397 465961 317996 337673 525932 252102 253034 324789 655372 225520 652447 329179 1 141780 854132 337885 537870 540006 196794 693326 236171 118339 372869 766982
 798297 170523 182360 551059 181669 851851 463028 362116 676465 451993 705166 387992 621437 508903 304003 596456 288353 271559 835162 541274 167808 746069 524046 539285 228268 264127 735846 310813 398572 249940 412156 203521 294803 451003 555126 200183 549574 504313 565977 673400 437229 645912 333975 758862 877675 452382 451687 286091 451783 279709 691775 136887 627237 379894 784890 299039 776757 406960 274964 221484 418042 253606 342800 406403 684040 322250 611227 468657 141780 1 803931 479273 429578 612022 210787 696950 129171 177772 308478 682862
 189668 690984 945928 284630 689097 75070 571879 1149500 392792 734509 373192 478021 243381 566046 682704 803498 548115 534732 42707 272278 767200 719623 828544 833408 995624 886472 492013 1027245 435341 920935 710096 624970 510787 639864 511691 833467 303283 501140 908949 361039 642269 524533 1073517 272002 81744 866950 1077128 519815 397889 675972 880001 853427 844777 940480 94745 726545 742144 396982 538166 620851 474300 606976 1106984 695453 445512 1078772 203879 981544 854132 803931 1 1021215 469812 649611 1012425 321726 896556 744845 495461 235401
