NAME : domp20p6v1
COMMENT : Cherkesly, Contardo & Gruson 2022
TYPE : DOMP
DIMENSION : 20
DISPLAY_DATA_TYPE : NO_DISPLAY
OPEN_FACILITIES : 6
COST_SECTION
 1 317822 579710 166410 714415 646207 682329 726925 723393 584821 905504 569863 652819 882304 700842 621849 796449 507445 698115 314462
 317822 1 402805 309092 400525 489960 612855 657871 693364 561697 653849 301926 339308 648165 636462 304357 558828 217883 657014 206349
 579710 402805 1 443388 410170 88957 262040 298190 365081 283409 353102 192411 511145 314131 285427 447878 856016 523668 325263 608912
 166410 309092 443388 1 661487 499450 517980 562083 556984 418525 786949 478030 640778 755492 535861 596476 854884 525928 531898 402569
 714415 400525 410170 661487 1 476025 668538 699723 773342 689691 388200 227200 172185 422603 690867 135879 523101 309948 733810 539074
 646207 489960 88957 499450 476025 1 194730 223703 300270 248947 338190 271366 590689 286176 215956 527607 940306 611466 261698 695589
 682329 612855 262040 517980 668538 194730 1 46071 105541 118212 497815 454435 772461 435394 24204 709228 1111726 770495 67465 808342
 726925 657871 298190 562083 699723 223703 46071 1 88542 153594 504707 490174 809323 440243 26447 746057 1151743 812385 62992 854053
 723393 693364 365081 556984 773342 300270 105541 88542 1 140190 593151 556975 873322 528778 85540 810217 1207597 862833 39889 881496
 584821 561697 283409 418525 689691 248947 118212 153594 140190 1 581621 464437 769956 523818 127684 707859 1090837 742171 113503 744804
 905504 653849 353102 786949 388200 338190 497815 504707 593151 581621 1 351981 558217 66882 510959 510025 910422 665609 561751 845851
 569863 301926 192411 478030 227200 271366 454435 490174 556975 464437 351981 1 319590 348419 477836 256402 670376 354633 517100 497773
 652819 339308 511145 640778 172185 590689 772461 809323 873322 769956 558217 319590 1 588051 796141 63267 360742 168913 833468 417443
 882304 648165 314131 755492 422603 286176 435394 440243 528778 523818 66882 348419 588051 1 447548 535605 945377 681741 498285 846190
 700842 636462 285427 535861 690867 215956 24204 26447 85540 127684 510959 477836 796141 447548 1 732895 1135855 794698 50793 831345
 621849 304357 447878 596476 135879 527607 709228 746057 810217 707859 510025 256402 63267 535605 732895 1 419991 174960 770355 412621
 796449 558828 856016 854884 523101 940306 1111726 1151743 1207597 1090837 910422 670376 360742 945377 1135855 419991 1 350589 1168323 483787
 507445 217883 523668 525928 309948 611466 770495 812385 862833 742171 665609 354633 168913 681741 794698 174960 350589 1 824095 249075
 698115 657014 325263 531898 733810 261698 67465 62992 39889 113503 561751 517100 833468 498285 50793 770355 1168323 824095 1 847130
 314462 206349 608912 402569 539074 695589 808342 854053 881496 744804 845851 497773 417443 846190 831345 412621 483787 249075 847130 1
LAMBDA_SECTION
1 129
2 896
3 639
4 210
5 604
6 984
7 568
8 448
9 14
10 952
11 187
12 213
13 28
14 252
15 410
16 220
17 133
18 842
19 98
20 71
