NAME : domp60p20v2
COMMENT : Cherkesly, Contardo & Gruson 2022
TYPE : DOMP
DIMENSION : 60
DISPLAY_DATA_TYPE : NO_DISPLAY
OPEN_FACILITIES : 20
COST_SECTION
 1 219432 345487 218668 178715 513721 587932 869055 245865 327102 495079 843805 748826 621187 623177 817841 883904 449617 283728 705219 816150 432925 308425 387579 724741 143052 350625 298599 245231 226873 184562 583815 749838 461349 285077 377148 677263 869539 220586 432363 293239 309451 642952 584023 329427 837628 760547 912946 712385 487742 569110 316384 879435 531837 324171 569823 214689 254023 601852 641641
 219432 1 533202 422916 309960 716892 575643 812147 40509 535525 522684 747438 632054 445565 597404 864624 989114 605394 75561 739653 766943 647594 483872 377840 717449 78905 140166 93979 349179 60402 95625 758268 658464 459666 489027 368899 633099 799377 22545 245994 102677 518806 778996 445637 546539 908522 634345 847965 680323 271786 729760 504418 984890 334553 104779 464929 186714 367613 460600 535717
 345487 533202 1 134520 234135 194052 537968 833302 543365 96009 414217 873953 824477 808057 584435 626188 600350 143087 573710 551381 775708 188598 59683 419074 633958 456569 631342 581757 236170 510506 526433 240221 785774 442062 84907 412893 654096 854701 542905 665864 565024 102514 337162 720868 168913 606682 849365 884504 663071 801858 237602 29243 595851 766201 628836 662127 404996 216829 739413 719395
 218668 422916 134520 1 165645 295898 567031 865735 439530 112917 448941 881616 813398 753281 610989 714705 721848 264336 473526 623189 808743 229941 119818 406422 683076 344185 536114 484369 206421 410594 402893 374272 789258 452640 66751 397855 677001 879448 429341 589650 471369 96977 463335 683353 143287 709711 833699 915068 696621 694652 370746 107658 717323 691959 524004 639939 329069 195395 702148 704764
 178715 309960 234135 165645 1 426968 433997 727610 314323 267264 328436 727776 652293 589406 474216 640769 709155 296049 342207 531258 672042 387937 178838 251425 563624 239110 397840 349083 68500 279656 325574 448764 634243 310698 216961 241920 535557 735663 323222 434250 331449 255045 477851 517755 308815 658913 671134 774865 562842 572367 420244 207556 704727 535682 399267 476703 171929 75310 536548 543226
 513721 716892 194052 295898 426968 1 692488 975948 730580 187794 570573 1036561 999806 1000152 739204 704243 599735 237175 762598 659770 919126 126024 252972 602611 765706 638635 822129 771696 429168 699244 698266 176600 952674 613480 229148 597509 809581 1003932 724400 859833 756059 205882 347259 908882 215776 657265 1026921 1027863 809176 987960 227720 219449 595634 960251 815849 844944 598523 409310 927213 897933
 587932 575643 537968 567031 433997 692488 1 298906 547507 623845 123838 345382 334907 470947 46812 323507 540674 456701 543240 198647 241744 726103 488750 204763 142116 554489 547279 533332 370293 515743 650538 590732 267891 126597 584678 214984 117191 316824 597992 475506 508230 621422 473766 343153 690027 401417 368609 348894 129791 720756 525532 531090 537751 526426 595399 249153 403826 375346 354313 259584
 869055 812147 833302 865735 727610 975948 298906 1 777029 921325 420519 163289 272402 534467 254887 397479 667122 738894 761393 346039 57599 1020165 786159 482481 215000 810461 742972 746931 666464 752440 899104 852891 188200 417037 883148 492820 192528 53181 834496 639332 724669 919513 705969 428040 988390 500297 303034 51934 170425 883181 785473 828130 666016 644646 801398 361985 666584 672897 425586 305627
 245865 40509 543365 439530 314323 730580 547507 777029 1 552446 501312 709054 592616 405551 567205 842864 976834 606712 38529 716823 732813 667018 491593 353776 688733 102885 105623 55675 346355 37541 136088 762769 620725 434847 504690 345361 600295 763015 60093 206169 62170 536250 774259 405562 568100 890468 594429 811939 648658 258577 730988 515045 972677 296786 85474 426990 172573 365775 420382 497310
 327102 535525 96009 112917 267264 187794 623845 921325 552446 1 500887 953790 896322 856232 669783 722126 686850 235574 586360 646633 863755 120675 135173 487496 725661 456703 648646 597033 291584 523356 511588 298039 863700 520658 50349 480114 738594 940464 541458 698834 583629 18155 421847 778990 72923 700953 919169 972106 750900 807306 312561 93535 682394 800903 636893 728018 436767 275497 797750 789199
 495079 522684 414217 448941 328436 570573 123838 420519 501312 500887 1 465989 439573 522875 170500 341943 502692 336419 505612 217905 362987 602275 365716 150367 236328 486658 524643 499552 261247 465876 585205 478290 383475 81576 462823 157404 240623 440486 543999 478177 474140 499005 381241 402013 567960 392818 470452 471220 250129 708765 415370 407848 499066 549035 563124 315149 338360 262670 416993 348450
 843805 747438 873953 881616 727776 1036561 345382 163289 709054 953790 465989 1 132067 402552 299374 539458 805733 801715 686708 462783 180792 1062453 820686 476706 325475 761138 655829 670159 675463 690762 840204 934556 94184 433140 910472 485974 230191 112121 768827 542030 650936 948920 805607 318562 1015205 641293 153489 154439 249201 772791 868545 863515 804115 526019 717272 282925 630746 686461 310291 211748
 748826 632054 824477 813398 652293 999806 334907 272402 592616 896322 439573 132067 1 270803 296354 596222 850723 772079 567434 497555 266399 1010600 767815 408976 369103 653544 531667 550165 608074 577764 726527 917862 92514 386380 850021 416737 242025 229845 652705 415366 532618 889251 808630 191597 952431 693316 36373 278521 284992 641607 854618 810214 848490 394276 593676 179226 534149 622022 181168 109168
 621187 445565 808057 753281 589406 1000152 470947 534467 405551 856232 522875 402552 270803 1 454317 787059 1010187 802957 370904 667646 515362 976818 748394 413358 567313 493742 315577 352216 571939 406015 539531 964461 346281 444145 806080 415133 435078 497316 461679 199671 344218 844423 899786 128222 896236 871458 251833 547301 490563 381105 910709 786172 1007091 134764 375346 222370 427120 591271 120032 240503
 623177 597404 584435 610989 474216 739204 46812 254887 567205 669783 170500 299374 296354 454317 1 332924 565271 503248 559975 214773 198338 772670 534773 236325 125538 581554 558585 548825 411959 537091 675992 635702 224471 163808 630108 246752 70398 270683 619905 478501 524170 667091 514448 326151 735503 418451 331065 304119 89299 726420 570110 577209 562604 520892 609636 232338 431972 418048 335299 230635
 817841 864624 626188 714705 640769 704243 323507 397479 842864 722126 341943 539458 596222 787059 332924 1 269677 491844 845611 127984 360468 786969 602137 489673 227719 826505 859425 838449 572917 807688 925150 544280 506580 410615 701518 497703 360608 447247 885904 796931 812980 727957 371343 658981 795047 102839 632585 440519 311663 1038806 480846 634863 268645 849838 901878 565261 679811 566359 667643 556716
 883904 989114 600350 721848 709155 599735 540674 667122 976834 686850 502692 805733 850723 1010187 565271 269677 1 458887 989167 353528 628699 711032 602272 647747 484259 933897 1018325 986489 650582 939452 1028752 423137 764660 583894 685081 652635 609176 716572 1007797 980623 961789 698643 265153 883144 754856 166986 886919 709993 567295 1205182 381083 620029 4527 1050428 1049107 789519 804427 636338 894838 795905
 449617 605394 143087 264336 296049 237175 456701 738894 606712 235574 336419 801715 772079 802957 503248 491844 458887 1 631111 430141 682002 296878 146622 391480 529622 535065 680199 635309 262765 570555 618273 163528 719845 387201 226926 388571 573517 766808 619189 690367 614738 244639 199132 699683 307588 465574 800992 790796 572026 861914 124388 161169 454371 784855 690177 627018 445813 242379 717268 674022
 283728 75561 573710 473526 342207 762598 543240 761393 38529 586360 505612 686708 567434 370904 559975 845611 989167 631111 1 718627 718986 701938 520622 356050 683198 141001 67162 18694 369001 63354 168661 789076 600086 435490 538083 348362 588984 745058 90810 171240 36734 570436 793592 378255 604001 897180 567470 794567 638986 230908 755033 545732 985080 259153 60484 406449 189175 388993 392266 475336
 705219 739653 551381 623189 531258 659770 198647 346039 716823 646633 217905 462783 497555 667646 214773 127984 353528 430141 718627 1 296738 726018 518170 363129 137512 704500 731551 711142 462769 682068 803077 518370 413054 283226 619377 371465 255724 388217 761178 669499 685679 649838 361855 539457 718864 203891 533662 395783 216557 910851 451198 555121 351173 724607 774495 445278 556161 458864 549406 444424
 816150 766943 775708 808743 672042 919126 241744 57599 732813 863755 362987 180792 266399 515362 198338 360468 628699 682002 718986 296738 1 962618 728592 428832 161989 761915 704196 705180 610267 706874 852172 798017 175212 361344 825687 439227 138939 91493 789402 604721 682271 861991 653882 401527 930903 462947 300340 109058 112864 851315 730684 770545 627305 617961 761333 327374 616272 616335 401416 278650
 432925 647594 188598 229941 387937 126024 726103 1020165 667018 120675 602275 1062453 1010600 976818 772670 786969 711032 296878 701938 726018 962618 1 242939 602888 817614 568740 765370 713388 410129 639402 615149 291994 973940 630145 170989 595994 842473 1042637 651789 818794 701004 133800 450181 898219 106655 751646 1034520 1071576 850245 918920 330694 200395 706774 920973 750509 844885 557053 393110 916947 904444
 308425 483872 59683 119818 178838 252972 488750 786159 491593 135173 365716 820686 767815 748394 534773 602137 602272 146622 520622 518170 728592 242939 1 361007 591635 408842 576660 527850 176559 457743 484293 277293 731485 387772 101260 354542 603770 805450 494923 607705 510265 134245 345573 661500 203790 592100 792112 836935 615735 750110 261168 42830 597745 707655 576910 603818 347886 157149 680072 662057
 387579 377840 419074 406422 251425 602611 204763 482481 353776 487496 150367 476706 408976 413358 236325 489673 647747 391480 356050 363129 428832 602888 361007 1 346092 350662 374432 349472 200076 319418 447692 551609 383549 82060 441048 10443 290139 486542 399733 335030 324028 480276 493700 308635 543788 543164 431782 527782 325232 559292 497365 402865 643940 414928 413031 243123 199783 213170 326496 301747
 724741 717449 633958 683076 563624 765706 142116 215000 688733 725661 236328 325475 369103 567313 125538 227719 484259 529622 683198 137512 161989 817614 591635 346092 1 696394 683683 672605 497145 657428 792621 638214 280867 265859 691572 356174 134084 253155 739837 603726 647735 725874 491899 440545 795423 324335 405474 266403 84125 851876 570756 632170 482309 642855 733947 349032 545621 498996 447282 331748
 143052 78905 456569 344185 239110 638635 554489 810461 102885 456703 486658 761138 653544 493742 581554 826505 933897 535065 141001 704500 761915 568740 408842 350662 696394 1 208104 156567 285781 88493 98649 684814 669307 432238 410424 340806 624710 802798 86337 298152 154184 439940 714412 474950 468015 863087 660050 849688 667918 350652 659104 427608 929584 394373 182420 479033 150880 302654 491500 551370
 350625 140166 631342 536114 397840 822129 547279 742972 105623 648646 524643 655829 531667 315577 558585 859425 1018325 680199 67162 731551 704196 765370 576660 374432 683683 208104 1 52428 417489 126403 228008 840449 573180 449502 599791 368119 579895 722346 151513 119539 66397 633088 834467 340172 668714 917421 528017 772699 632424 187542 803163 603903 1014362 196151 62244 382160 234389 438032 352157 447063
 298599 93979 581757 484369 349083 771696 533332 746931 55675 597033 499552 670159 550165 352216 548825 838449 986489 635309 18694 711142 705180 713388 527850 349472 672605 156567 52428 1 372687 74088 187354 794303 584081 427921 548384 342149 576205 729828 109503 152550 25470 581343 794732 360565 616399 891813 549771 779507 626786 227059 758905 554046 982439 241168 63572 390641 190879 392942 374383 459012
 245231 349179 236170 206421 68500 429168 370293 666464 346355 291584 261247 675463 608074 571939 411959 572917 650582 262765 369001 462769 610267 410129 176559 200076 497145 285781 417489 372687 1 309544 378540 423412 582907 249874 243398 191677 475414 676993 365243 435174 351974 282777 429891 488164 344428 593511 629441 714623 499815 599525 386220 214539 646209 533622 428562 437000 183151 20860 506875 499898
 226873 60402 510506 410594 279656 699244 515743 752440 37541 523356 465876 690762 577764 406015 537091 807688 939452 570555 63354 682068 706874 639402 457743 319418 657428 88493 126403 74088 309544 1 149443 727430 600924 400948 474925 310735 572772 740411 82946 209673 66449 507548 736943 394218 542325 854085 581734 788749 619921 292735 694736 482467 935289 306315 119833 407882 135094 329133 409999 479288
 184562 95625 526433 402893 325574 698266 650538 899104 136088 511588 585205 840204 726527 539531 675992 925150 1028752 618273 168661 803077 852172 615149 484293 447692 792621 98649 228008 187354 378540 149443 1 761562 750245 529553 469469 437999 716293 888602 77856 339886 198199 493873 803418 540989 510047 961058 729473 936522 761241 317334 741071 497192 1024403 424158 178235 557319 248290 394034 556090 628713
 583815 758268 240221 374272 448764 176600 590732 852891 762769 298039 478290 934556 917862 964461 635702 544280 423137 163528 789076 518370 798017 291994 277293 551609 638214 684814 840449 794303 423412 727430 761562 1 858327 538964 316562 549386 704366 886898 770445 853735 774542 314069 175990 858247 354511 487905 948533 904518 693696 1019928 67487 268607 419035 948382 847259 781970 606414 402693 875462 824370
 749838 658464 785774 789258 634243 952674 267891 188200 620725 863700 383475 94184 92514 346281 224471 506580 764660 719845 600086 413054 175212 973940 731485 383549 280867 669307 573180 584081 582907 600924 750245 858327 1 343797 819642 392664 161352 153694 680145 462992 563887 858319 738488 244054 924022 605022 128044 204625 197367 701462 793366 774294 762596 459110 633789 193793 537117 594424 239628 126187
 461349 459666 442062 452640 310698 613480 126597 417037 434847 520658 81576 433140 386380 444145 163808 410615 583894 387201 435490 283226 361344 630145 387772 82060 265859 432238 449502 427921 249874 400948 529553 538964 343797 1 477754 91565 225548 427302 481629 397676 402457 515988 456316 326145 582809 469367 414228 464821 252895 631566 479129 430596 580306 467461 491299 243808 281412 257695 342026 286830
 285077 489027 84907 66751 216961 229148 584678 883148 504690 50349 462823 910472 850021 806080 630108 701518 685081 226926 538083 619377 825687 170989 101260 441048 691572 410424 599791 548384 243398 474925 469469 316562 819642 477754 1 433367 698187 900546 495813 648631 534522 39379 422068 729835 105411 687161 872254 933515 712872 760640 320682 67385 680578 750661 589483 680346 386479 228157 748610 742434
 377148 368899 412893 397855 241920 597509 214984 492820 345361 480114 157404 485974 416737 415133 246752 497703 652635 388571 348362 371465 439227 595994 354542 10443 356174 340806 368119 342149 191677 310735 437999 549386 392664 91565 433367 1 300510 496663 390716 331691 316737 472643 494810 312523 535762 549948 439056 538036 335672 553539 495942 396196 648793 413306 405721 249282 189937 205289 330553 309116
 677263 633099 654096 677001 535557 809581 117191 192528 600295 738594 240623 230191 242025 435078 70398 360608 609176 573517 588984 255724 138939 842473 603770 290139 134084 624710 579895 576205 475414 572772 716293 704366 161352 225548 698187 300510 1 202572 655630 488921 552471 735501 578435 309695 803595 454217 278024 239352 56297 737926 638388 646329 606864 517858 634601 221143 477990 482790 315185 197791
 869539 799377 854701 879448 735663 1003932 316824 53181 763015 940464 440486 112121 229845 497316 270683 447247 716572 766808 745058 388217 91493 1042637 805450 486542 253155 802798 722346 729828 676993 740411 888602 886898 153694 427302 900546 496663 202572 1 821494 614740 708479 937687 744864 397658 1005956 550064 258046 50985 194836 854946 819709 847861 715340 612718 782038 340247 662574 684933 393272 277814
 220586 22545 542905 429341 323222 724400 597992 834496 60093 541458 543999 768827 652705 461679 619905 885904 1007797 619189 90810 761178 789402 651789 494923 399733 739837 86337 151513 109503 365243 82946 77856 770445 680145 481629 495813 390716 655630 821494 1 262031 121385 524463 795106 465513 549532 928914 654452 870159 702866 267339 743450 513942 1003553 347430 107913 486510 207090 383231 480204 557082
 432363 245994 665864 589650 434250 859833 475506 639332 206169 698834 478177 542030 415366 199671 478501 796931 980623 690367 171240 669499 604721 818794 607705 335030 603726 298152 119539 152550 435174 209673 339886 853735 462992 397676 648631 331691 488921 614740 262031 1 145562 684995 822783 223959 729454 864837 409931 665555 543778 249061 808745 640677 976935 102370 181518 277691 262500 455935 234619 337124
 293239 102677 565024 471369 331449 756059 508230 724669 62170 583629 474140 650936 532618 344218 524170 812980 961789 614738 36734 685679 682271 701004 510265 324028 647735 154184 66397 25470 351974 66449 198199 774542 563887 402457 534522 316737 552471 708479 121385 145562 1 568291 771884 344404 605603 866466 533503 757937 602680 249188 738001 537651 957752 240189 89004 370168 169220 372413 358908 439404
 309451 518806 102514 96977 255045 205882 621422 919513 536250 18155 499005 948920 889251 844423 667091 727957 698643 244639 570436 649838 861991 133800 134245 480276 725874 439940 633088 581343 282777 507548 493873 314069 858319 515988 39379 472643 735501 937687 524463 684995 568291 1 433946 769024 69585 709145 911575 970077 749133 790587 326440 94760 694171 787176 620508 719722 423322 267482 787803 781732
 642952 778996 337162 463335 477851 347259 473766 705969 774259 421847 381241 805607 808630 899786 514448 371343 265153 199132 793592 361855 653882 450181 345573 493700 491899 714412 834467 794732 429891 736943 803418 175990 738488 456316 422068 494810 578435 744864 795106 822783 771884 433946 1 782178 489725 311940 842004 756551 557694 1021002 120248 358565 260720 908037 853960 696389 604423 412012 797641 726333
 584023 445637 720868 683353 517755 908882 343153 428040 405562 778990 402013 318562 191597 128222 326151 658981 883144 699683 378255 539457 401527 898219 661500 308635 440545 474950 340172 360565 488164 394218 540989 858247 244054 326145 729835 312523 309695 397658 465513 223959 344404 769024 782178 1 826300 743294 189216 448627 365716 457446 801448 701605 880110 216798 402259 94194 373481 505787 18798 123017
 329427 546539 168913 143287 308815 215776 690027 988390 568100 72923 567960 1015205 952431 896236 735503 795047 754856 307588 604001 718864 930903 106655 203790 543788 795423 468015 668714 616399 344428 542325 510047 354511 924022 582809 105411 535762 803595 1005956 549532 729454 605603 69585 489725 826300 1 773156 973814 1038826 818065 816869 376889 164120 750432 831818 650379 780836 470842 330640 845098 844325
 837628 908522 606682 709711 658913 657265 401417 500297 890468 700953 392818 641293 693316 871458 418451 102839 166986 465574 897180 203891 462947 751646 592100 543164 324335 863087 917421 891813 593511 854085 961058 487905 605022 469367 687161 549948 454217 550064 928914 864837 866466 709145 311940 743294 773156 1 729676 543010 408365 1100828 429666 619779 166091 925075 955354 649105 721863 583608 753297 647084
 760547 634345 849365 833699 671134 1026921 368609 303034 594429 919169 470452 153489 36373 251833 331065 632585 886919 800992 567470 533662 300340 1034520 792112 431782 405474 660050 528017 549771 629441 581734 729473 948533 128044 414228 872254 439056 278024 258046 654452 409931 533503 911575 842004 189216 973814 729676 1 305169 321361 628490 885803 834282 884669 380155 590245 194680 546304 644097 175934 130077
 912946 847965 884504 915068 774865 1027863 348894 51934 811939 972106 471220 154439 278521 547301 304119 440519 709993 790796 794567 395783 109058 1071576 836935 527782 266403 849688 772699 779507 714623 788749 936522 904518 204625 464821 933515 538036 239352 50985 870159 665555 757937 970077 756551 448627 1038826 543010 305169 1 221434 905930 837081 879011 709074 663544 832192 390540 707917 721591 444138 328728
 712385 680323 663071 696621 562842 809176 129791 170425 648658 750900 250129 249201 284992 490563 89299 311663 567295 572026 638986 216557 112864 850245 615735 325232 84125 667918 632424 626786 499815 619921 761241 693696 197367 252895 712872 335672 56297 194836 702866 543778 602680 749133 557694 365716 818065 408365 321361 221434 1 792838 626769 657712 565238 574106 686088 277434 519206 505116 370831 251930
 487742 271786 801858 694652 572367 987960 720756 883181 258577 807306 708765 772791 641607 381105 726420 1038806 1205182 861914 230908 910851 851315 918920 750110 559292 851876 350652 187542 227059 599525 292735 317334 1019928 701462 631566 760640 553539 737926 854946 267339 249061 249188 790587 1021002 457446 816869 1100828 628490 905930 792838 1 985714 773450 1201251 248416 173200 524025 417899 619659 463298 577946
 569110 729760 237602 370746 420244 227720 525532 785473 730988 312561 415370 868545 854618 910709 570110 480846 381083 124388 755033 451198 730684 330694 261168 497365 570756 659104 803163 758905 386220 694736 741071 67487 793366 479129 320682 495942 638388 819709 743450 808745 738001 326440 120248 801448 376889 429666 885803 837081 626769 985714 1 263114 376765 901053 814268 722830 568853 366060 818321 762898
 316384 504418 29243 107658 207556 219449 531090 828130 515045 93535 407848 863515 810214 786172 577209 634863 620029 161169 545732 555121 770545 200395 42830 402865 632170 427608 603903 554046 214539 482467 497192 268607 774294 430596 67385 396196 646329 847861 513942 640677 537651 94760 358565 701605 164120 619779 834282 879011 657712 773450 263114 1 615515 741430 600518 645384 379091 196011 720236 704210
 879435 984890 595851 717323 704727 595634 537751 666016 972677 682394 499066 804115 848490 1007091 562604 268645 4527 454371 985080 351173 627305 706774 597745 643940 482309 929584 1014362 982439 646209 935289 1024403 419035 762596 580306 680578 648793 606864 715340 1003553 976935 957752 694171 260720 880110 750432 166091 884669 709074 565238 1201251 376765 615515 1 1046944 1045035 786528 800255 631939 891859 793236
 531837 334553 766201 691959 535682 960251 526426 644646 296786 800903 549035 526019 394276 134764 520892 849838 1050428 784855 259153 724607 617961 920973 707655 414928 642855 394373 196151 241168 533622 306315 424158 948382 459110 467461 750661 413306 517858 612718 347430 102370 240189 787176 908037 216798 831818 925075 380155 663544 574106 248416 901053 741430 1046944 1 251050 296874 364272 554233 219493 339774
 324171 104779 628836 524004 399267 815849 595399 801398 85474 636893 563124 717272 593676 375346 609636 901878 1049107 690177 60484 774495 761333 750509 576910 413031 733947 182420 62244 63572 428562 119833 178235 847259 633789 491299 589483 405721 634601 782038 107913 181518 89004 620508 853960 402259 650379 955354 590245 832192 686088 173200 814268 600518 1045035 251050 1 441820 249584 448387 414368 507822
 569823 464929 662127 639939 476703 844944 249153 361985 426990 728018 315149 282925 179226 222370 232338 565261 789519 627018 406449 445278 327374 844885 603818 243123 349032 479033 382160 390641 437000 407882 557319 781970 193793 243808 680346 249282 221143 340247 486510 277691 370168 719722 696389 94194 780836 649105 194680 390540 277434 524025 722830 645384 786528 296874 441820 1 355138 452522 105377 72483
 214689 186714 404996 329069 171929 598523 403826 666584 172573 436767 338360 630746 534149 427120 431972 679811 804427 445813 189175 556161 616272 557053 347886 199783 545621 150880 234389 190879 183151 135094 248290 606414 537117 281412 386479 189937 477990 662574 207090 262500 169220 423322 604423 373481 470842 721863 546304 707917 519206 417899 568853 379091 800255 364272 249584 355138 1 203767 391776 427023
 254023 367613 216829 195395 75310 409310 375346 672897 365775 275497 262670 686461 622022 591271 418048 566359 636338 242379 388993 458864 616335 393110 157149 213170 498996 302654 438032 392942 20860 329133 394034 402693 594424 257695 228157 205289 482790 684933 383231 455935 372413 267482 412012 505787 330640 583608 644097 721591 505116 619659 366060 196011 631939 554233 448387 452522 203767 1 524453 514289
 601852 460600 739413 702148 536548 927213 354313 425586 420382 797750 416993 310291 181168 120032 335299 667643 894838 717268 392266 549406 401416 916947 680072 326496 447282 491500 352157 374383 506875 409999 556090 875462 239628 342026 748610 330553 315185 393272 480204 234619 358908 787803 797641 18798 845098 753297 175934 444138 370831 463298 818321 720236 891859 219493 414368 105377 391776 524453 1 123157
 641641 535717 719395 704764 543226 897933 259584 305627 497310 789199 348450 211748 109168 240503 230635 556716 795905 674022 475336 444424 278650 904444 662057 301747 331748 551370 447063 459012 499898 479288 628713 824370 126187 286830 742434 309116 197791 277814 557082 337124 439404 781732 726333 123017 844325 647084 130077 328728 251930 577946 762898 704210 793236 339774 507822 72483 427023 514289 123157 1
LAMBDA_SECTION
1 480
2 56
3 860
4 143
5 832
6 337
7 127
8 573
9 286
10 22
11 656
12 801
13 596
14 750
15 31
16 357
17 218
18 86
19 863
20 571
21 740
22 737
23 121
24 725
25 212
26 612
27 149
28 37
29 595
30 872
31 673
32 738
33 559
34 382
35 193
36 581
37 951
38 611
39 341
40 65
41 275
42 557
43 461
44 951
45 670
46 503
47 850
48 113
49 203
50 53
51 556
52 754
53 583
54 765
55 794
56 817
57 598
58 417
59 352
60 267
