NAME : domp200p50v5
COMMENT : Cherkesly, Contardo & Gruson 2022
TYPE : DOMP
DIMENSION : 200
DISPLAY_DATA_TYPE : NO_DISPLAY
OPEN_FACILITIES : 50
COST_SECTION
 1 537696 1194906 817754 279624 907346 532688 585275 167224 496322 218600 982190 758320 703722 768921 710848 284486 604550 790731 878110 659724 267473 286770 856264 976983 1018780 606594 866181 564628 985071 772093 836016 911214 317565 733263 357698 646706 885578 250723 918506 881336 282196 534350 849682 736498 829463 648382 327927 566234 310796 898561 871838 419338 288801 931570 719391 579436 977555 258535 488773 869488 407822 790260 989082 90993 740866 477741 539901 248171 861858 313473 958439 740497 206139 957005 982148 795535 551953 776300 268988 960508 457848 827768 398923 659934 299772 1117551 614312 1082522 67664 397332 989781 989141 1026543 877895 481171 411327 1091296 835506 449042 361781 904816 661108 664504 989239 574959 964973 865509 568836 857587 796126 322301 736291 360078 289744 635883 762214 956988 274159 622127 467135 217984 875763 784702 1095865 814850 97660 737544 992394 532714 828809 695669 418035 552705 849217 194619 468278 299907 921144 359094 833106 458557 734150 959572 746539 987676 209038 896788 938208 186068 956054 886220 527462 329617 513374 733351 523251 834155 816637 756293 648531 934068 956316 677850 705106 676270 846538 636292 520641 706308 438957 610886 551013 695885 574697 599736 291483 941911 916593 600946 796398 514900 623247 1104191 406664 977603 978087 164196 355697 1002182 466245 1004580 879362 598484 759440 692140 708571 1187217 391951 193838
 537696 1 660338 413258 259067 389692 393511 173507 606131 142154 390455 453805 362950 507288 432088 256045 324604 67639 287841 340464 276464 302830 345828 329912 442121 486210 120908 372833 77217 531615 496118 302289 462320 376107 209575 180417 238332 385237 296132 384969 344825 560243 310879 314843 638847 525102 457588 511108 56202 383566 364370 527096 340115 252397 706481 531686 107835 458626 295845 379585 552960 303463 393498 710479 484346 596383 266066 46392 582628 416569 353966 724230 438676 397990 430958 706528 275606 315417 631827 594711 617490 151164 314540 207478 393122 244703 583634 464640 544851 470315 357308 797130 632873 544108 524364 342610 218711 568711 346167 326817 379977 462383 127617 164843 585191 74489 436759 372437 282757 710047 277111 323033 629617 400240 332428 294440 282040 616149 263546 129170 247773 577514 387548 303624 559524 497388 552361 444532 471725 95249 507062 166944 133497 399153 695987 356561 390291 598535 484314 330554 309007 140493 505084 512197 248466 476552 544426 359899 406199 390193 446207 367244 90899 243638 549896 495269 104307 388337 384297 219824 264624 411999 426589 292837 388985 194340 340067 108163 124231 363833 167507 119124 323064 317580 293453 167762 381304 523594 511275 155146 643830 221843 269707 568366 213885 644434 729117 508598 441056 464488 240470 552805 658819 318546 351989 231838 174274 653128 147398 438515
 1194906 660338 1 650255 918775 392273 846128 636310 1239564 746701 1045429 308038 666452 811833 634396 599626 946121 596212 423651 329540 613521 960055 991982 397731 218255 261387 626681 475431 653703 401744 838122 390028 430535 1009860 463156 837901 601049 350452 956415 323394 316063 1154470 843326 345674 955655 681272 808674 1085109 628705 1018580 296449 620009 938429 912684 839109 941224 651767 354156 955456 938119 666513 863473 662976 764810 1132967 891911 843804 655023 1190403 575590 991563 834130 681393 1030534 246057 767833 457348 760995 905271 1196446 633794 778277 381007 815043 724801 895915 77614 944944 149597 1128223 963750 923233 613281 316790 605500 841661 846786 146002 403555 911601 998485 444782 534284 577314 513283 640850 235099 476313 719598 935468 405071 962500 942904 966133 948848 657262 468075 637291 922044 611592 836252 1194465 377225 450479 104594 660440 1197073 805282 225947 666776 654612 499294 790222 917086 922656 1016863 960024 1189288 451112 956004 420729 771966 775217 420661 526354 254209 1162494 320905 316755 1031610 396285 400095 696159 897547 1024422 878585 677773 466071 604292 440580 618058 362505 316328 604194 666862 586789 454634 574937 684959 736605 769566 588420 842196 693326 795189 617626 1021913 484441 512264 611095 901324 783959 652025 93662 845809 656614 815587 1139258 1004509 212375 781991 402764 826757 718510 649354 601193 486863 10275 803257 1093619
 817754 413258 650255 1 571304 260992 805743 563968 939308 345308 605449 342222 59700 902830 788140 159896 702478 376148 531870 386059 646634 552262 536139 282402 495655 389230 292415 177503 337918 766454 187967 320589 721162 521914 452625 529715 606870 589749 579333 344191 428015 936029 295374 433802 1043515 880865 859067 901575 447123 530819 460258 860469 419079 556250 1074132 294814 307839 298591 566627 376140 898165 712113 27757 1054520 801512 995646 341734 454643 946519 77322 516147 1086715 809896 754521 542105 1052470 252730 723570 1028700 962627 936898 380664 521583 609827 784241 596090 597899 324055 500736 755249 446468 1169042 940824 731654 852690 755865 409098 648234 587619 386082 488015 728788 407178 260042 862597 338796 535589 176684 686394 1101084 489239 499539 1033407 801226 713526 679057 566227 937182 584404 285807 350759 933288 614320 576609 555115 851221 870719 160390 588592 503844 857032 427919 445356 327321 1086565 626429 402179 974004 751160 469079 269019 385287 892342 759607 207093 621507 901860 371974 341599 734760 256966 259023 347755 495158 962005 231326 514899 673114 49681 393023 638066 288815 336002 657095 763395 225090 210285 331107 534838 122498 576306 482269 282714 122030 247417 550065 544946 800258 802910 534747 1038134 303957 655647 568098 415023 966177 1084992 854887 840267 452853 653631 784746 1032564 717859 63312 183486 404833 648881 512826 644407
 279624 259067 918775 571304 1 630545 396020 337730 370837 229787 160592 703456 511955 562429 568325 445084 162402 325352 526467 598998 431091 83695 155929 577600 700529 739416 330422 594786 286475 744221 571327 556436 670582 207135 460766 82723 407627 623806 47168 638979 603754 372026 325380 573102 648952 647160 503697 354000 292448 209302 622407 673808 253051 16414 792125 553540 303668 700784 58922 326895 683925 251675 545110 826492 236946 629238 258598 266254 376883 603931 184248 815815 553042 186981 685004 820693 517674 369083 667536 394064 767026 192137 560219 176762 480194 61505 841780 454924 803403 211992 248311 868929 790708 774049 676293 331986 171092 821402 577145 267585 240088 666653 384561 388222 769666 296237 691979 594176 366507 752737 526018 162438 643959 286988 175872 420850 505304 764356 15701 345602 240552 362234 618616 528152 818474 625771 307017 527094 723004 268966 638663 421043 140264 381311 740967 102085 319055 408787 685741 199443 554731 189662 579832 720738 472204 722477 331244 617279 658856 164060 681359 609035 251497 89147 476194 545761 262124 592449 561256 478659 418489 656448 677313 450301 508239 403301 571766 356746 265290 474387 198163 343755 343617 450925 349459 347832 194715 714858 694251 345105 684984 272447 401763 827180 163214 789222 829188 283587 315289 723189 263522 764825 739414 404188 509287 424271 431933 911386 117718 202853
 907346 389692 392273 260992 630545 1 727264 470640 993012 415165 722079 88951 274219 777375 629182 222268 714199 324800 346523 152887 517709 646353 659114 67671 241134 136309 300759 83750 344256 540899 447650 115269 510063 664661 297524 561858 483582 371945 656711 88783 196591 948871 469138 217542 927927 713982 746405 895836 390032 673836 224779 678376 578127 619597 907007 549056 327912 70249 650165 563767 721821 677449 271497 868823 865738 871320 484037 410700 972284 190761 650562 914366 662406 786832 297143 868259 114289 635939 898786 984141 740813 452636 319863 592557 661268 629813 337062 555620 242980 839987 605328 1002389 737861 492042 667808 693674 511538 389759 387499 547884 644048 520491 304295 242842 648631 335274 287888 84604 592575 959319 300437 625069 916264 780359 721724 559738 394138 742072 638928 285277 481718 967062 402355 395606 294631 684979 935224 413186 340288 447842 687278 298204 490355 534361 944731 714643 587667 987009 540853 608625 82467 450318 756097 539769 163516 377892 933991 128556 81220 776942 61318 22604 379915 581777 903967 486614 460917 481102 213314 232155 513564 31489 75958 521272 623447 234318 67922 281658 477311 345272 548524 389524 464779 304850 418289 451678 681698 590400 600436 437802 903748 426696 541084 307568 513324 769900 907112 896911 821687 192081 601485 556726 873253 613186 257265 231450 272145 390157 532473 768307
 532688 393511 846128 805743 396020 727264 1 256945 480777 501954 544906 762083 756431 173498 262004 646741 263471 432722 432839 614527 234125 479524 551939 659742 656868 777011 513657 738104 470415 519939 881410 615446 453772 603009 437612 355574 255207 495720 437870 685072 591007 348632 663147 554714 258245 302341 116179 269875 360147 605320 589060 353865 632695 407727 405242 898917 501064 786513 453412 698764 342827 145037 786738 456591 442498 233252 601025 351101 395722 801740 579793 430933 222397 327596 605213 449745 625323 92003 271556 393204 435777 484663 476075 233528 144312 334518 772958 814011 786994 490034 634901 475483 466823 586005 362847 64195 517559 709846 442658 637347 633550 442675 425892 549265 487694 467816 618462 737949 136179 356727 466343 555819 251599 176735 253472 189324 382750 431842 383199 519968 579877 412614 470490 397573 770289 292720 476394 830545 620206 302058 306739 429294 417118 740759 344967 468223 697736 375024 451264 588670 646596 474161 201495 492657 623440 595986 388418 643329 709234 352938 788523 705496 471946 468208 181788 872840 290847 391156 773836 498122 231706 739434 734361 242027 202858 582547 697340 480205 270926 753963 245412 340105 679443 710055 663394 275629 590431 454733 424177 289758 288987 581020 198289 773316 508886 449767 448383 395104 197486 714186 158688 535356 352239 127841 745176 622729 455172 836379 345447 576287
 585275 173507 636310 563968 337730 470640 256945 1 606283 312167 495081 509480 520012 340044 260858 404204 314644 188502 213943 365833 105799 408579 468928 403254 428299 528365 279872 482217 246144 406747 665940 359979 332961 509760 188516 258885 72578 303206 384135 432771 348638 519165 482600 312191 479773 352750 295120 452717 122598 515620 353404 359903 496324 339459 533022 705133 275166 531112 391543 544941 382247 228541 547896 538577 511335 432001 433054 127577 554134 551587 485826 550734 265209 400684 390431 534380 368670 166621 465800 560553 452277 312281 255564 187164 222834 292867 559352 637031 553035 523155 509033 624035 470824 441674 358817 225249 370788 516297 251391 488380 524028 328926 169356 303939 436441 239017 401239 482098 125044 541149 233042 455594 469525 333034 315646 121193 178155 450490 333907 282109 413378 558375 290897 200197 547627 325645 570292 614289 418345 85386 335969 173544 266815 569889 526857 438627 552630 554792 348166 473789 389701 300790 333973 383039 371229 407295 526632 393432 456817 407129 531834 448754 264251 364572 433792 667662 84401 254807 527648 243923 93238 483738 481470 123818 215496 338944 440817 232921 74042 531176 146639 84270 495523 481923 466943 19949 508165 379127 360830 32843 476310 393657 96474 553112 363965 478006 555882 506286 372974 475613 146645 427245 485662 153956 506615 381075 198946 627423 227388 539739
 167224 606131 1239564 939308 370837 993012 480777 606283 1 600601 367853 1059928 879660 637871 738356 815787 293457 673425 820026 940005 658240 391609 430449 935584 1025691 1091724 696834 963248 650312 980293 915401 907988 908505 469441 778179 431456 655272 908292 360230 990430 935615 152503 671054 901222 638267 782596 588911 223746 620827 463900 947798 834307 565124 384818 852894 872368 670879 1062815 373870 638324 823042 390596 912562 922615 138938 655343 609019 595730 104485 974590 460800 880679 702131 210291 994977 915187 878847 526781 687175 121070 916174 562768 860860 424617 621995 363201 1162070 767329 1141689 201758 546253 898510 947517 1033549 842792 444709 531122 1122576 855270 591994 514605 899867 717798 753785 964530 658300 1004918 962675 555090 762474 834531 462868 640583 306690 290975 625260 782973 912156 359509 711358 595013 75929 892662 804103 1146062 773462 75112 876891 1024555 574916 787493 746366 508185 701547 756284 319030 620124 153698 912956 503006 914013 560498 674260 953506 839169 1012847 92712 962312 1012069 216153 1046620 970906 619231 444471 407882 880568 563226 835354 931501 813532 649040 1016939 1032709 674204 675756 771829 937586 712546 554811 835702 470377 652288 688676 817769 705625 623936 443660 925281 896704 629183 707674 636258 618701 1152886 524722 928984 903433 100306 283771 1061404 466438 998137 803060 576036 878164 794694 763948 1231038 460642 353281
 496322 142154 746701 345308 229787 415165 501954 312167 600601 1 307664 495329 286991 634666 572630 215990 358298 172575 416552 417203 416959 231638 247660 370925 533206 536046 120782 369873 97905 667053 381172 361267 599781 263284 330408 185066 379630 510886 246655 439977 434454 590734 170605 411657 756773 664913 581483 558246 198274 271936 460264 668918 205511 215919 842615 399841 94958 484833 237788 238010 693838 384776 320196 850697 465539 719853 124349 185478 601773 374231 244928 861425 576554 409644 536924 846538 307812 435566 756603 617579 759572 38537 436397 279895 525057 250786 673072 325303 615630 429901 226449 931503 775016 672097 666380 443435 100284 674190 477518 187890 255891 600775 245285 175542 725893 111444 539887 369198 409423 837546 397011 216314 748602 463693 369789 431249 418402 758197 241691 136384 107108 589528 517820 438951 642564 637671 535602 331247 581650 228341 647729 286634 100686 257798 823867 301926 250107 628696 623076 210395 346757 40339 636852 649018 252148 593389 557692 428579 456589 391134 460880 395073 57379 167419 636715 370907 233465 527627 332058 318124 404798 443571 471367 433876 526815 181262 351875 175264 251294 261958 257036 260527 184246 228612 161806 308567 275465 663769 652489 296642 770137 82166 406717 653052 100172 786420 867551 512218 501024 538509 343267 688194 793694 447547 282364 196182 283989 740758 172260 354641
 218600 390455 1045429 605449 160592 722079 544906 495081 367853 307664 1 802988 546647 715402 728840 512345 288028 450519 672792 718068 590926 88494 69450 678464 828365 843541 426981 671329 393086 899907 553579 666480 826735 101592 599615 236206 566107 770802 113515 746591 729644 430284 316941 702324 789847 806824 656590 440677 434018 96326 751948 834354 200797 156118 946685 504690 400067 791313 103685 271535 843934 400135 577747 984729 234403 776303 263718 409065 415926 654724 94920 971067 712797 264378 821231 978769 615452 526883 814372 436508 927530 271614 703197 336418 638739 217732 969864 399579 919961 166348 179549 1020312 951297 925181 836883 482081 210928 959102 726834 230505 146773 823478 517846 483042 929277 405477 826653 670584 526501 899527 666774 105962 786128 409400 300455 581435 656644 924833 168850 442793 255842 391651 768571 679402 942511 785871 292918 519060 862157 421044 798856 557370 257175 335270 888478 79066 252452 460664 843115 140664 654350 276043 735450 877104 558614 865820 368483 732214 763821 231716 765371 702355 351435 147976 596266 515574 415908 748807 608531 606593 578242 750904 778980 610152 668485 487762 657527 471073 421526 490770 358536 491216 333217 484544 359477 503673 75931 873665 853752 499457 832679 307542 562222 952268 208770 949565 985531 313884 427142 841414 422444 920721 893732 563750 549397 496302 563756 1038795 268710 48232
 982190 453805 308038 342222 703456 88951 762083 509480 1059928 495329 802988 1 360792 793406 634155 310286 775353 386679 351987 150684 540443 724877 741511 125928 190684 47800 377439 168920 417583 508718 530121 153886 489434 749306 324529 631109 510315 353206 732374 77013 185413 1006655 557516 217113 945178 712791 768260 949486 445333 758436 204072 670185 664931 693469 902081 634142 404693 52544 726962 652286 715650 727260 355434 855024 936149 885995 570435 468353 1032991 267828 734414 906769 671768 851487 257194 855258 187766 670082 910697 1043682 723433 531918 317184 649488 681228 697707 259298 643940 158591 914586 691926 996408 716470 449181 658364 734724 593473 324372 380453 635105 730144 501379 352384 320295 622069 407300 244971 169822 625951 965270 308335 708149 933083 831793 781875 584639 403414 725228 710790 361650 567201 1029733 386138 399799 215448 684821 1004972 498166 293369 499976 685303 336650 564156 623311 950862 791289 676025 1044392 519685 693428 149338 528657 768061 511935 247124 334917 996642 120912 52850 843921 91868 103648 455824 660216 942113 571215 512956 473944 296619 265618 538332 57484 28143 540889 637367 316690 156427 348138 527483 432984 604135 433602 553455 393590 506859 489751 765540 568026 582519 477208 913702 512370 568642 228450 594702 751864 896833 962256 873004 125019 648334 522177 872586 641846 344316 318061 312588 306794 599993 849803
 758320 362950 666452 59700 511955 274219 756431 520012 879660 286991 546647 360792 1 859957 752834 119137 644868 331515 507328 380841 607294 492623 477437 281329 496779 408569 243145 191873 286396 749767 181538 312450 700095 464611 423841 471826 567209 572957 519650 349895 420340 877638 239447 421097 998098 846378 814385 844371 400541 473593 452902 829766 362755 496828 1038339 275581 255874 322705 506927 324070 865723 658352 33240 1023290 741825 951949 283045 405908 887543 117422 458108 1052042 771975 695645 536823 1020873 239853 676314 985777 903795 909235 321802 501638 555226 741994 537701 609042 286514 517194 695658 390372 1132656 915107 721175 822763 704866 349402 651304 565577 329763 431906 706755 370031 218458 840938 288623 531831 190971 640507 1059931 466905 440826 988295 745588 656095 637468 537570 909247 525164 238504 291512 874055 595202 549834 567607 816861 811021 140614 584317 455556 823413 394954 387392 279640 1045500 566785 349982 915533 729469 411171 263853 326747 851493 740944 182310 614282 842720 371067 351426 675563 283042 267346 292688 435467 909239 214139 466082 647264 71991 368575 598058 304470 350133 618886 724503 182935 213947 288868 486101 75113 523186 440307 227963 62440 190111 507247 487241 777877 778272 492048 995956 244278 613583 580424 355324 938353 1051640 795513 784253 461848 602402 768808 995310 673287 18355 140238 373661 664193 455972 586157
 703722 507288 811833 902830 562429 777375 173498 340044 637871 634666 715402 793406 859957 1 177480 743468 436828 528466 442155 642850 261674 646090 717848 710630 653025 798083 619549 805660 583224 436316 1003354 662108 385622 767856 480307 512457 299321 472756 606115 718327 609909 494468 802918 576479 151831 162337 58829 416531 461382 770854 598730 227452 787812 572837 232001 1034334 613118 827187 620824 849355 199342 315752 887498 286393 613011 94277 745029 461145 544158 885456 744151 257466 130593 499909 590212 279228 690151 201750 125881 537471 289788 624304 480425 390819 118948 501231 745896 956914 783255 662997 792935 306814 323392 515562 240395 233810 667196 667309 427235 788685 795503 371940 498917 642978 370725 577346 604852 805695 225536 203054 485073 718510 139679 344208 426955 224418 390185 285289 550595 622138 724056 565457 441183 396042 753226 167623 642013 951739 591678 412170 179117 487890 562191 885529 189239 639770 851152 513707 371864 748687 702824 613094 42760 410570 704753 558196 545321 672648 741866 526033 837819 757504 594928 628123 261657 1001594 404297 347604 864787 546505 267999 782872 767448 256273 156207 678254 761591 571922 385135 869952 389976 420562 817903 821505 795527 352903 757049 357210 324697 368184 136590 716477 247297 753329 658880 297097 275085 559484 356437 720294 305735 446503 178952 188743 846346 720630 513996 801625 496149 748317
 768921 432088 634396 788140 568325 629182 262004 260858 738356 572630 728840 634155 752834 177480 1 633726 485005 431347 283697 485612 155704 647707 714217 564843 481676 633928 525835 668730 499869 266011 912833 515213 209449 759150 340978 499536 194081 299001 615328 561684 448774 610501 742708 417975 323590 94192 183005 531850 377690 764076 433576 105615 755054 574323 285997 960876 526687 672276 626436 805612 121412 361253 776791 278422 682471 260584 693909 387265 657096 759217 734935 299234 47882 564142 416552 274598 555025 217090 279882 655105 198703 572968 317053 393229 117703 512491 569022 896721 610513 716718 766193 381081 223300 341273 109553 294308 629556 489839 257455 748507 777964 196157 382831 535253 226345 490731 431358 668903 204215 331275 329290 705841 310895 431666 479189 149094 235072 196078 560308 524284 674193 672731 266462 234933 577713 65479 725890 861577 415290 345989 75119 360397 523932 830427 316811 661607 812749 636934 198785 728178 560938 561459 141692 239219 582445 380977 646978 515073 584335 582997 687739 611056 522877 613228 414134 919722 343384 171837 745434 406430 167844 630466 609609 139452 63845 570544 623513 467011 328852 775997 371840 321504 755141 724050 724519 264352 754148 194133 162781 277140 280778 653659 171223 577331 622347 221582 300139 647576 457766 551329 310125 278973 246230 170833 737269 613040 384351 624183 473375 769171
 710848 256045 599626 159896 445084 222268 646741 404204 815787 215990 512345 310286 119137 743468 633726 1 560147 216252 391613 287941 488926 444050 446324 201915 409244 356340 135580 159677 183358 638496 290778 218878 585766 446693 306293 390980 448931 462631 462331 276254 322615 796705 247348 317089 883642 727244 699256 756265 287422 455916 354703 710985 356621 431628 919305 368105 154919 286907 452686 342284 746672 558148 144257 904360 681416 836057 263421 295870 811789 163604 434390 932922 653262 620167 439522 901892 145379 563843 869348 826501 791224 254409 389240 458075 625071 459567 534634 349465 454612 644996 384057 1013711 797830 615799 704155 598137 302297 563530 451166 325938 423458 591783 250967 100510 725860 182236 436615 158892 526503 942491 352955 410929 873561 651088 570244 520119 419694 791146 456311 127149 263089 801457 482771 432733 496457 697725 751501 243041 487530 344685 704288 276103 309011 317466 928013 516232 365802 835046 614643 390617 179358 255615 733852 628168 76826 513466 769107 285144 285032 604040 256046 206889 201504 381237 805933 312512 356007 530340 128305 254111 479934 253482 291859 500185 606044 65262 154364 171547 375857 157772 421835 323028 244063 104924 197161 390576 465352 662505 661673 375285 879062 208170 496493 508672 305736 820267 932512 725581 691044 388023 496333 658074 876501 558041 103739 24208 255372 595839 369178 556738
 284486 324604 946121 702478 162402 714199 263471 314644 293457 358298 288028 775353 644868 436828 485005 560147 1 389844 527592 649547 378021 237534 308526 653309 732420 804515 429893 694545 381195 703857 724672 621913 630404 360805 484973 173247 368969 617760 192325 703518 643264 237177 481961 608509 501942 549236 378800 200211 331261 361135 654680 588675 415425 178121 668704 713896 406583 782828 210025 489227 588751 125560 677984 716518 201379 490689 414923 307253 258112 723577 339827 694289 458375 86204 701743 709973 600199 268573 528457 270178 678531 325936 567938 131197 378606 112139 868618 616630 849711 232323 409843 737360 706365 750043 594269 204539 325534 830473 565471 429572 398137 623284 427519 483479 704770 386509 711558 694081 284388 613315 541118 321864 498440 125487 13491 351942 492510 675167 146823 442721 395463 254620 604063 514190 852792 532962 256141 678194 732110 282349 546798 454172 257628 542736 602723 209309 481364 275593 638785 360632 633077 319418 462079 677899 569267 721938 221590 672947 725901 98487 770757 691710 358709 250337 315203 702721 270368 554405 684770 522517 367409 735892 747653 395622 421288 507148 663930 432764 261397 617630 177128 359109 500049 586896 499984 331646 343653 658004 632310 336210 547244 418486 340423 859518 316964 696824 711190 193157 153045 769671 183184 722934 615689 314296 639222 537009 472792 937615 191001 315066
 604550 67639 596212 376148 325352 324800 432722 188502 673425 172575 450519 386679 331515 528466 431347 216252 389844 1 244101 273647 279659 364161 401369 263525 378382 418631 94503 314245 77333 495981 482095 234724 430392 426876 158123 247778 239540 338420 360784 317371 280173 624073 327423 251849 667440 525526 483216 572168 72770 434886 301488 518862 378023 317899 713520 531486 98076 393042 359298 406832 549480 358214 359513 708153 551975 620481 294226 87805 647937 369112 405984 729164 445172 464819 372064 704864 211457 348054 654269 659495 605807 193839 264370 268247 410721 312336 520011 475948 478060 537060 398294 806517 617847 499544 514300 387616 264384 510124 305386 359964 425402 432374 72797 116854 560867 64923 376749 313933 310263 728931 225270 375490 657418 458574 397080 306779 249299 604972 330432 94296 278759 643619 345407 268807 494488 496653 619991 430656 414792 132248 504865 114245 194096 416472 714557 421223 421037 662224 455029 377618 243286 185023 520899 478900 192982 423392 610520 292496 338708 457615 382531 302241 115219 302610 598031 488528 144627 360964 341673 156134 269442 346049 359331 293201 396525 151129 278629 47991 163659 345796 225225 110747 336610 295092 299908 176078 434767 497831 489372 161024 664573 241413 282606 503669 261180 633838 731402 575578 499764 397842 288129 517051 668362 342017 318169 192837 114604 589264 215009 498746
 790731 287841 423651 531870 526467 346523 432839 213943 820026 416552 672792 351987 507328 442155 283697 391613 527592 244101 1 202257 199545 584308 632666 283901 224071 356156 322693 392681 320797 254457 682223 234272 195018 663945 89869 443784 179759 98024 569649 278311 167755 730838 567054 134922 593982 367489 420644 661702 239100 671400 158712 334788 621767 524133 560888 751316 336409 388697 573027 650016 376687 439875 525716 527917 721198 534222 538045 263732 767210 491159 641770 569118 319886 613260 177663 526662 283875 343484 558719 772931 405772 435200 43523 397919 333009 492081 347356 709444 354257 726285 641329 656406 408955 256535 325334 420832 504877 302924 62263 604062 666550 200323 171900 306181 334275 307743 189418 392968 300353 614856 46165 610818 581770 542554 529156 244960 52393 406288 526244 314045 522846 772118 101312 49086 339516 338457 782181 633589 204551 258897 340902 131464 419299 655245 600349 628369 664887 765651 223256 617653 282910 425447 416079 240145 326099 196994 740489 231897 301281 617692 404351 329275 359175 528893 614379 700395 267672 141450 485168 139063 201136 346816 326718 195444 285949 337225 347373 254899 270468 547135 354088 182742 574336 493380 533649 196096 668826 270893 271240 191685 561936 483743 234678 343700 500690 435113 563285 719916 581174 283347 358550 275223 526749 305900 489948 375777 142266 414548 408936 720138
 878110 340464 329540 386059 598998 152887 614527 365833 940005 417203 718068 150684 380841 642850 485612 287941 649547 273647 202257 1 390206 634025 663101 104533 122172 162789 297162 218320 325194 389729 562253 69331 357177 680322 177793 520814 361066 219072 633725 76079 44120 874785 521124 67702 794586 566887 617668 813634 319178 689048 74848 528107 610373 591364 758402 651951 322254 186749 631306 614817 572412 589457 388752 717149 823308 735618 516257 344415 904438 327458 662107 764670 522094 729816 156350 716783 143450 522616 760756 913639 588334 449215 170282 520054 530573 583502 256932 637079 204421 810663 635241 853432 585010 346694 517088 590405 517352 275649 236621 584497 669357 367648 222251 249073 495980 312624 150995 218887 478388 816881 157883 633178 782519 694605 654672 434672 253144 589674 603953 282140 507771 903757 249563 250702 225375 538381 890283 520263 203545 368130 539723 197505 465441 600081 802403 694055 635546 911871 387967 626509 117525 443244 617993 387509 211155 235458 870860 29799 99121 726008 205850 140663 367388 570637 795462 592992 380663 330650 336391 127193 388475 146993 124654 390299 486902 262346 177424 247028 392870 440412 473916 295583 522019 390533 475539 345901 692530 437519 447757 334454 764167 456412 419352 235880 516516 617355 756464 840605 735438 124251 508797 406288 726689 492597 362501 283798 176899 323760 487286 766132
 659724 276464 613521 646634 431091 517709 234125 105799 658240 416959 590926 540443 607294 261674 155704 488926 378021 279659 199545 390206 1 506346 569562 450485 423181 550566 373927 543987 345415 325848 761684 402664 252418 612136 220205 356295 40188 264046 478178 463985 362281 551535 587006 326741 410672 248720 228878 477782 222472 617641 357388 254194 601893 434839 433929 806330 372966 570553 487322 650671 276891 267687 633095 434027 579339 355945 538578 231563 592401 625241 588045 450057 165518 463131 371228 430065 428477 147542 386072 595253 346818 418028 242440 264420 143826 380321 539540 741063 553726 601402 614180 526891 366213 375328 253443 229852 476323 480415 210256 594176 628120 245324 239780 388843 338605 336814 384385 544021 107650 454968 236024 558202 399220 362045 375663 45426 148739 344944 425236 373692 519014 601751 241657 163629 536175 220929 632142 710189 388010 191184 230779 226282 371726 674751 440391 529360 658427 583937 261438 577989 441743 406545 246358 300011 445040 366796 572059 419777 487969 475570 578602 497340 367310 466288 415183 766504 189617 177301 606611 285845 12902 525073 513517 19227 117245 424370 499963 318715 176792 625449 233277 168920 599481 574457 569293 108703 609185 285197 263300 121851 393674 497958 40087 539290 469391 372315 453517 560720 397473 482461 194951 345047 388832 106540 592606 467066 252337 603902 327122 633927
 267473 302830 960055 552262 83695 646353 479524 408579 391609 231638 88494 724877 492623 646090 647707 444050 237534 364161 584308 634025 506346 1 72575 599471 742487 764074 347470 600767 310361 812287 526232 584691 739305 124451 511602 150134 480157 682316 45384 665782 644025 422245 280161 615964 731488 728360 587371 416553 345601 126022 665607 752885 186060 74111 875584 494950 320245 716210 27509 261819 764595 334925 524997 908778 252671 712685 217411 320588 418240 594499 102516 899150 634212 240556 733785 903071 537128 451942 750973 437346 846296 193755 614882 258945 562529 145126 884097 392594 836990 203231 175544 952620 869122 836784 754796 415553 143999 871525 638387 207228 160626 736306 430399 404679 844013 322233 739462 600068 447603 836196 578627 85573 726721 362987 250917 499280 568341 843758 96428 363280 203827 398687 680129 591080 857645 706327 320259 486034 774322 333105 719018 469594 170139 321221 824491 74173 249804 456691 756181 126346 575641 196274 663173 789722 483697 777538 370708 649285 683866 211147 692499 625932 269839 64666 552691 494855 328337 661504 549470 520281 493563 674298 700105 525560 588611 412862 583500 387156 334724 444776 275933 402749 298025 430232 314143 416493 111023 787619 768405 411833 768509 248430 479168 867164 139192 869090 912257 318200 387646 757858 345985 833157 822919 485788 492940 425992 476645 953242 181393 136021
 286770 345828 991982 536139 155929 659114 551939 468928 430449 247660 69450 741511 477437 717848 714217 446324 308526 401369 632666 663101 569562 72575 1 618006 776328 783090 368309 605777 338295 868048 486661 608777 795898 52287 555109 214682 541262 730485 116551 687608 677348 479492 247811 651733 804043 796628 659195 480737 393956 53449 701149 818921 134714 145020 946773 443075 341955 727821 99512 208323 832255 407444 508425 978197 293743 785141 194418 370462 470170 586199 32958 970096 702556 303195 773433 972611 554655 522412 823434 490172 912405 213917 660367 329158 632247 217434 917307 338560 863036 230945 116738 1024519 934340 887786 820262 487914 148103 911493 689130 162784 92419 793724 471326 422929 905365 351235 777978 605014 516206 908645 622774 36612 799293 433696 321795 565277 621075 910006 168983 383986 187220 447883 730835 643551 888322 773933 356188 450930 815847 389580 786398 511919 213385 271175 896893 118157 191843 512107 814224 72894 593731 220021 734194 846367 495646 822222 422384 675666 703976 271942 700704 639892 295828 105127 623211 450282 386363 718706 539865 556283 556691 688449 718161 588690 656205 425123 593710 417169 394921 421335 342737 454215 264299 415425 290028 475084 39972 847646 829747 469001 840910 239870 544342 898478 147490 935795 982757 368291 456765 785421 416184 889087 894215 554811 480435 431180 515825 985698 242443 110522
 856264 329912 397731 282402 577600 67671 659742 403254 935584 370925 678464 125928 281329 710630 564843 201915 653309 263525 283901 104533 450485 599471 618006 1 215478 165127 252026 114589 291657 492618 461738 49699 455956 628011 230429 505830 416076 319042 606481 74495 147896 886616 446683 161196 860920 651064 679053 831989 326023 637066 179357 617859 547679 567552 844750 555569 279229 130575 601188 541714 660443 612252 286573 809741 810755 804679 452700 347688 911356 223001 612230 852950 596974 727900 259817 808872 63505 568351 832543 922673 683632 407004 260715 529622 594158 572848 333375 549248 253905 788661 574089 940291 682477 451226 607793 626738 469914 369996 328886 519088 611148 465545 237862 195424 596294 281401 253195 115097 524944 894142 237757 585265 849315 715721 660353 492285 329878 684657 585056 236205 447733 907125 347596 332806 294611 621849 879755 421803 306191 382934 624677 230580 438230 519359 879532 665476 564294 924609 486694 572476 24389 403401 690005 489054 129637 339632 874027 90044 86552 719454 128984 46880 330088 534835 836786 495147 396011 421421 232734 164718 446165 82984 100639 454401 557234 195392 72904 223100 411909 345407 485005 322635 444856 298490 397830 384212 643285 536394 544265 370429 837840 393554 473494 306899 470756 712878 846630 838455 757047 186252 535480 509668 809816 545536 263159 204160 204576 393928 475155 725563
 976983 442121 218255 495655 700529 241134 656868 428299 1025691 533206 828365 190684 496779 653025 481676 409244 732420 378382 224071 122172 423181 742487 776328 215478 1 168833 414797 320260 438312 320656 677126 190444 310253 796375 247524 619759 403387 183626 738232 152921 98987 947249 643046 127433 803489 549646 638354 880788 410988 804934 78494 499605 730017 694440 731642 770419 438747 242048 737444 736484 546462 656840 501502 676438 916261 741404 636455 437258 980971 430235 777321 733510 524558 815897 70452 677367 264008 567480 761516 988191 543066 563299 180801 601240 551101 678381 141634 758663 131143 910185 754386 823994 533077 258499 486636 643775 632677 154875 225793 704870 787502 323347 316090 369516 436083 425208 56413 320988 524164 807028 195451 747787 790933 761145 735872 468497 274521 545291 703874 400304 627162 983373 217128 262055 120373 523671 981120 637170 102713 451167 521803 281766 572475 722252 793044 798672 756920 983060 339231 743458 233723 556470 621963 326371 332648 144433 951005 125850 161900 815695 276081 237875 480946 680396 838303 710417 462591 311445 446263 222463 425167 221273 178298 417711 498766 384274 285645 359336 471084 559451 555336 373408 644126 510696 597688 408881 807323 385626 403718 400707 761653 576724 458748 127564 631208 570681 721060 925468 800712 74089 574944 332981 707314 529694 478580 405821 268647 211016 585177 876590
 1018780 486210 261387 389230 739416 136309 777011 528365 1091724 536046 843541 47800 408569 798083 633928 356340 804515 418631 356156 162789 550566 764074 783090 165127 168833 1 416838 216698 454984 489445 577191 183924 476793 792377 340573 665246 522877 344078 769858 101298 188775 1033334 603687 223838 949859 708680 776196 973989 473342 801469 200362 662591 709649 730005 895006 681692 443967 93546 765124 698587 708838 750423 402908 843385 970176 889518 614923 497330 1061270 314218 776959 898243 673607 882389 238688 844047 228440 685170 912632 1071280 710530 572013 317994 676858 688676 730860 216443 691665 112615 951119 736464 988429 701443 424597 650178 753137 634990 288277 377167 680177 774273 489425 378140 360525 604865 444110 225125 217600 640938 963797 315092 750212 937576 855423 810463 595475 408432 712605 746134 401007 611044 1059134 377659 402181 172226 681452 1038502 545732 269289 525831 680953 358041 601058 670466 949537 829242 722131 1070768 506383 736662 189362 568225 770688 495039 290924 312171 1026094 134994 80573 876156 135406 149477 494353 699490 958123 618695 538647 468909 344057 286729 549550 104983 65312 549359 641909 359398 203223 382798 552080 480776 631046 456077 599985 441141 553270 508455 808046 553564 570359 496746 914572 556421 581029 185100 635876 738447 886909 993310 896436 96108 670322 501449 867918 654211 392113 363128 335540 260549 633309 890678
 606594 120908 626681 292415 330422 300759 513657 279872 696834 120782 426981 377439 243145 619549 525835 135580 429893 94503 322693 297162 373927 347470 368309 252026 414797 416838 1 266786 48860 577131 387761 240499 514913 383270 232972 266063 333864 410913 356007 319678 316634 667063 245027 296413 755517 620018 572427 623453 158322 392047 343890 612528 316158 319059 807850 438236 27271 370983 349849 331803 643742 422606 273092 802428 566679 710583 224425 162789 684967 297803 365473 823623 539393 495021 423336 799197 189751 433229 745068 698707 698580 155376 334887 323150 502704 335015 553679 387594 494850 539229 339900 900649 709629 571955 607628 463496 221030 559179 384953 292821 372725 518116 154447 57928 648975 46678 425088 266247 398002 821019 295243 337071 745884 516399 439307 399751 336061 697872 339479 15831 213263 676642 422824 353835 522368 591121 636516 336266 469393 212412 599257 191949 190185 332692 806727 414284 349279 705477 541019 329351 228172 151395 613600 562002 142345 484937 643868 307865 336896 481874 350966 279664 79171 282822 670551 394208 223010 448922 263871 206577 363520 327681 352664 387663 490568 77294 241419 67795 243018 251814 286286 205041 251705 202052 211315 268953 396129 585526 578992 254182 755997 166042 375338 533021 220878 726829 825903 603145 556634 417832 361374 597916 762411 431701 231523 111405 181590 620915 240324 474399
 866181 372833 475431 177503 594786 83750 738104 482217 963248 369873 671329 168920 191873 805660 668730 159677 694545 314245 392681 218320 543987 600767 605777 114589 320260 216698 266786 1 314484 607198 363900 161158 569861 606187 328481 532846 506974 433406 616088 167655 262123 931481 399794 275341 953772 757372 769716 883939 385235 615413 293078 727467 514288 582406 951669 465808 292396 133391 607650 493101 768952 672457 187808 920399 831701 899932 422245 402027 951004 110247 594062 961037 697861 761678 371252 919258 115514 648789 929615 964292 795860 408333 372965 580172 687438 601799 420800 476002 325915 799619 541959 1047297 795654 564463 717935 698365 460710 471453 441090 482865 581920 579164 312930 211209 710511 308201 363397 911 606967 994829 346994 570515 942590 772182 703307 583075 435528 796736 604739 252817 422638 943238 461494 440888 378367 727889 901730 329854 416364 444932 731576 317942 455355 459233 980188 671786 517789 969874 600544 550145 110014 407925 788191 603562 125295 451754 910404 199760 164098 748614 97769 82399 344056 537057 909522 403174 457718 532431 129566 262425 538048 112940 159447 550304 655575 191553 45369 266969 475899 264473 538669 398232 393588 227669 348172 464649 625014 650234 657248 449809 936240 367799 562284 391310 463669 825168 955854 869926 813232 275353 601162 624186 914797 631905 175498 175135 291720 473525 506615 716098
