NAME : domp100p33v10
COMMENT : Cherkesly, Contardo & Gruson 2022
TYPE : DOMP
DIMENSION : 100
DISPLAY_DATA_TYPE : NO_DISPLAY
OPEN_FACILITIES : 33
COST_SECTION
 1 835839 80397 443158 114304 332213 234004 833232 116273 367373 620876 51781 532401 347851 658171 730782 473838 762170 283480 457949 395168 461787 298453 359922 390457 201789 558827 522680 859486 646068 652306 507352 720467 793757 698814 109968 815788 405607 531903 565910 359489 798752 56732 560027 768522 418095 397678 179039 482153 172348 403054 833850 862869 237146 377238 686024 510070 875174 606462 202671 613229 598189 857940 336850 432202 463256 463943 30029 698618 223162 725347 482106 650823 619259 523221 556310 208969 602711 707063 651730 229748 466229 535379 54516 686072 272583 189619 644945 484651 537841 695006 522232 441690 539890 431799 464843 569113 598855 400320 688276
 835839 1 856283 998553 950084 941690 649790 7003 931568 620071 524005 787737 415157 961733 277020 237526 889744 755362 992567 377921 499454 388849 1008798 683664 1070226 650352 287180 584130 59231 666332 202882 375711 733287 46054 939218 771530 840615 942410 1070058 921492 476352 103016 780223 710242 129796 512248 966970 708600 388065 694698 553426 923378 57352 860367 882819 826050 432540 871139 280137 975630 553311 239253 28930 686485 444240 882765 810063 847217 138474 631431 410181 1060760 901178 227893 414024 338727 880953 983376 155335 281347 636757 373350 405862 781723 198071 1097756 753087 468041 1020221 544994 959203 403211 619331 466294 552346 700956 505756 288392 494070 385359
 80397 856283 1 363020 122773 252079 295758 853089 76826 333271 589199 88574 583918 423241 656921 730178 400206 708568 206258 481818 446862 471862 221955 313021 313366 206272 589207 485253 884703 598228 664665 508091 667629 816142 628389 86178 756860 483950 451538 492545 384617 828197 115141 506304 799623 474850 474477 247575 523036 164215 464807 769317 887734 316635 301631 623887 562389 816126 610532 260985 578080 617036 876594 411038 477327 543606 543780 106754 717889 274808 705617 401761 581543 633325 513127 556447 129418 526584 736605 693878 224775 482995 525358 101270 719935 241807 143091 619660 404548 505498 623132 514354 402018 597802 494982 540697 541122 602476 392724 671883
 443158 998553 363020 1 438279 110949 620232 993348 370696 379732 547658 434324 856148 781031 736757 801964 142583 522652 193963 682017 731897 629399 190141 315333 146269 445856 794228 445044 1043162 467881 796292 624373 493079 969212 338819 376562 531534 845519 91590 200793 608515 1006785 464657 366209 986497 770727 833964 588737 769100 406270 774695 506647 1044622 679510 116688 396655 838683 583851 718948 600566 521856 778909 1010255 755080 741070 906270 902552 469590 868822 583040 698027 62232 308190 775646 586643 659915 234528 199589 923127 927701 432269 660284 596074 447637 923239 403999 321309 602084 41568 483728 322623 596336 385282 888393 806766 886332 529644 710563 512583 685025
 114304 950084 122773 438279 1 332027 337716 947448 69043 455479 711459 163224 639455 349761 767467 840438 501925 828217 251515 572221 503176 574164 262010 435521 350129 310616 672850 607977 973743 719991 765500 617050 787688 908054 733366 200683 873432 421090 519209 593456 473749 912705 170564 626453 882282 522455 404459 277953 594262 275053 503113 881124 977140 270454 401086 738520 616762 932461 717517 162400 700712 712236 972085 418569 543075 499527 516649 108123 812754 333569 825121 464024 688598 732715 628222 665917 224720 620183 821059 762876 335196 579889 640453 168398 799452 166229 265809 740690 479111 627765 725664 628332 524783 642122 529890 538551 662667 709754 506079 790115
 332213 941690 252079 110949 332027 1 515270 936971 263468 324782 534134 324503 764375 671239 692456 761624 186571 560464 106456 604176 635856 560532 111329 265518 130989 350223 717650 425039 982403 482139 738914 566207 525441 908989 414576 269428 585057 734947 200560 271685 523090 940156 354801 377823 917424 672843 723850 480817 682236 307493 673918 574708 984309 568615 95453 446631 745801 641273 666048 493544 512071 713049 955934 647463 649764 795361 792358 358685 807623 480355 679075 155430 375228 714908 538919 606563 123780 290103 853325 845900 341710 587447 549578 337910 849088 322069 222983 583016 152470 460073 403083 546603 351836 792720 705841 778748 505254 657515 448120 659170
 234004 649790 295758 620232 337716 515270 1 648487 350024 381711 587517 207195 302079 339843 533280 599317 603751 790819 497568 286637 167430 327602 514117 412979 603147 194745 362761 518286 663276 662479 492532 392529 748870 604868 799315 246582 861674 352454 711807 688095 203338 595923 182255 604349 563357 184876 364793 62023 268834 220543 169544 901772 667266 220208 525359 751479 279261 918923 471501 326726 591406 426139 675055 143697 213633 352066 316104 230251 519950 48175 647426 670644 748496 457460 437089 437037 397802 738251 506435 430944 224514 312835 447408 194594 477983 503008 301890 589860 659359 515782 802798 429858 456603 305955 199277 270911 529965 465770 329701 603366
 833232 7003 853089 993348 947448 936971 648487 1 928480 615060 517434 784979 416440 961607 270719 230674 884106 748489 988371 375406 499062 385003 1004570 678560 1065637 647066 286090 578055 66233 659697 198067 370875 726487 46733 932729 768219 833713 942851 1064600 915482 473776 107954 777708 703979 133718 512450 967242 707095 387637 691274 553755 916520 64336 859653 877691 819439 433573 864179 274719 974107 546768 236081 27492 686632 443707 883893 811382 844826 135204 629653 403243 1055546 894792 223690 408485 333456 876882 977338 156561 283736 633169 370100 400228 779065 199895 1094639 749151 461379 1014854 538865 952762 397774 613744 468116 553079 702410 499480 283008 489528 378550
 116273 931568 76826 370696 69043 263468 350024 928480 1 404509 659618 150364 646494 412822 733668 806930 433163 765004 188060 555895 509068 548233 200229 378353 290962 282389 661709 553712 958983 659829 740988 584915 724949 891014 664748 162976 807940 481343 453238 524561 458068 901288 169165 564107 872176 533538 466837 295185 591358 240980 519260 813719 962101 323088 332281 672241 624401 866788 687339 230133 647059 692402 952207 449774 543447 553700 564271 127606 793284 336305 779612 398950 620301 709428 589280 633259 156404 551179 809576 761903 301585 558514 601500 160274 791464 166238 213802 692271 411774 576056 656817 590744 470091 655695 548071 575363 613121 679290 469308 746719
 367373 620071 333271 379732 455479 324782 381711 615060 404509 1 255981 319930 518553 679156 368087 438228 288181 413069 392032 316863 419345 253544 406474 64772 455361 197271 424054 155427 663628 287928 417332 244855 370762 589722 432719 258961 480585 714595 456517 348795 267346 627506 337164 222691 608125 463778 718453 389202 420554 201474 483436 520763 665167 552506 263312 371237 505781 538401 342059 568699 246200 399885 632994 522741 408246 731556 697628 394651 489138 333597 378322 441931 382409 395952 214327 282585 291986 408689 545336 563245 162931 288108 225217 325039 548694 552116 190819 288270 404484 172287 441086 221822 77836 563834 513629 640554 208708 333557 135525 349619
 620876 524005 589199 547658 711459 534134 587517 517434 659618 255981 1 571758 609532 912879 249676 291016 413163 252011 622068 392979 560258 311248 634018 286649 661527 434180 455974 110327 579870 143185 352544 247901 220182 511012 415898 513991 338596 937802 597344 418047 408924 572814 585811 198212 566931 603330 946502 612322 509174 450442 635795 412352 579415 785755 447628 302220 605920 383151 274080 819924 30002 382393 525467 714043 525427 936513 889663 647071 428863 541327 151297 605630 380291 353184 178432 239338 535815 476965 516697 591360 400369 349779 174899 575386 540707 801854 446444 59257 556107 83702 436729 191950 192013 667913 660047 811906 57627 269044 258197 148299
 51781 787737 88574 434324 163224 324503 207195 784979 150364 319930 571758 1 497539 377493 606571 679248 449679 720438 292343 410212 360183 411126 308535 317252 398976 150015 513415 475347 812744 602007 602278 455788 678463 746136 669547 70104 776905 428635 524971 540744 311775 753337 30335 519081 723670 386928 424323 160698 441031 121781 376260 798809 816023 258637 357014 649651 475723 836232 555245 248802 564976 549431 809410 326226 393201 475945 468309 75359 650092 187497 674155 478454 620572 569507 471501 504741 201400 581487 661583 611541 178190 416762 483652 13549 642183 314241 151541 594557 475285 489085 667376 470461 395469 509780 406408 456936 519332 547589 348583 636811
 532401 415157 583918 856148 639455 764375 302079 416440 646494 518553 609532 497539 1 560611 433252 472288 798919 856379 772082 219038 137432 301093 789208 575519 872057 414428 174268 592529 408559 731386 339211 361665 819310 369718 945133 516189 940105 532274 944550 866827 253073 334013 477428 714652 299649 120213 558943 363272 102161 458827 152692 1002329 413359 475893 745658 863958 23097 989571 372662 614520 627288 269373 443778 284428 115081 467737 394944 531568 320057 310247 595512 913885 896121 311255 431205 378828 662283 925703 259883 144598 424089 261061 434805 486611 218031 803985 541783 582377 890418 569620 956118 417583 569234 62106 142082 286209 558499 372357 396644 550113
 347851 961733 423241 781031 349761 671239 339843 961607 412822 679156 912879 377493 560611 1 872592 937393 821665 1090240 600378 621280 463166 667391 611520 689065 699808 483164 678935 830213 964426 967001 824800 732168 1047940 915725 1045885 447596 1151116 79412 865635 913761 543075 891498 351900 891518 857256 450533 55237 301990 574431 480405 410833 1175944 968975 127267 724446 1026302 539352 1210225 810173 194863 912489 755074 988970 276939 519098 183087 237200 318413 841831 379485 985034 811748 997379 789830 773914 776879 551750 949712 809242 705166 517810 651007 784691 367633 772534 471050 528899 922044 822479 835366 1042622 767592 756975 528988 418674 319827 856272 804719 660141 941667
 658171 277020 656921 736757 767467 692456 533280 270719 733668 368087 249676 606571 433252 872592 1 73269 619657 492280 757609 257251 437407 206579 772685 427527 823266 457028 259784 308451 331291 392847 111657 150868 465622 261445 662952 571097 579138 876297 802726 646097 330098 323914 608398 433276 320379 471562 893228 579484 348159 493713 511947 657945 331128 752893 623581 551618 437752 616491 64558 832738 278243 166657 281920 624013 386818 846745 785637 676989 182519 497908 169293 798467 624286 126576 153819 101928 651707 707686 275827 372612 433005 222383 142902 604516 306962 895280 531604 197127 754847 268850 682568 147675 351936 495347 526920 689273 228769 68549 264927 128722
 730782 237526 730178 801964 840438 761624 599317 230674 806930 438228 291016 679248 472288 937393 73269 1 680770 517870 829010 317361 493011 275463 843910 496181 892582 529901 298569 365489 295694 431397 133318 223477 495974 233565 706767 644332 603303 937854 865007 701206 397140 304596 680557 484250 308893 523991 955995 647534 396167 566899 565430 685854 294490 819446 690182 591312 479777 635098 128206 903370 320872 203649 235754 682943 440027 903301 839687 749230 180422 565769 174040 863279 671102 161966 224862 174548 723923 761994 277102 391284 506176 286562 213426 676984 315549 968509 604563 233200 818352 325376 727743 219827 416717 534012 577656 739971 281961 134634 338154 148077
 473838 889744 400206 142583 501925 186571 603751 884106 433163 288181 413163 449679 798919 821665 619657 680770 1 383258 292858 604565 686710 540967 296187 225678 281036 412384 712190 316651 937937 325629 690535 523230 351967 864152 231822 381812 400297 877600 185003 92342 545897 908501 478631 225132 891403 729041 871258 585732 704257 383417 740602 388311 938912 707707 100908 262433 784091 455627 610031 658206 385987 682975 898866 745984 685385 923535 907993 503273 766050 560360 564424 194814 189539 673852 475881 552727 277487 134570 829741 851305 389228 576232 483883 461541 835585 508622 307011 469651 143477 356536 223860 487232 270542 839051 772402 874658 401720 601958 423241 555363
 762170 755362 708568 522652 828217 560464 790819 748489 765004 413069 252011 720438 856379 1090240 492280 517870 383258 1 665296 637717 793926 555458 671721 403203 664283 610285 707406 275509 813518 129421 600278 496662 42338 748972 245252 652711 87054 1127598 533451 331525 637428 815404 742015 202440 812633 838302 1130902 802110 754815 609886 866906 168281 812357 964298 465256 133393 851048 133372 524433 964242 230226 634128 751987 927926 765205 1142557 1104373 791515 674584 742729 346608 564991 238800 603713 426647 491293 615048 368857 765486 843370 576000 595324 424774 727929 791450 874623 572694 295989 511689 289291 271190 440736 335737 913068 893666 1037239 298357 519895 478470 370690
 283480 992567 206258 193963 251515 106456 497568 988371 188060 392032 622068 292343 772082 600378 757609 829010 292858 665296 1 636284 637667 604731 17168 340749 107137 363381 749153 511799 1028967 582036 791681 621460 629469 956811 518963 256538 691422 669402 268817 376125 546554 980781 320688 478295 955487 670038 654639 452935 699598 316851 664408 680660 1031320 509639 200263 552972 751771 747720 724206 413269 602215 757439 1009143 617255 660300 740034 746329 304713 855602 470561 762039 212792 480878 764691 604173 665431 113448 388999 891256 868395 365053 626308 615592 305674 881793 216225 242566 667191 232780 543960 506288 609984 433285 792647 695429 746925 587713 715689 500618 738162
 457949 377921 481818 682017 572221 604176 286637 375406 555895 316863 392979 410212 219038 621280 257251 317361 604565 637717 636284 1 181961 82275 653193 378999 725176 278551 113565 374133 403090 512359 205983 147207 600374 335934 731997 398945 721149 620531 765443 664018 98484 347225 402310 498457 320114 219806 638705 340188 117126 324702 258052 783514 406230 506222 566527 646517 213434 771007 192889 604902 409371 142367 400426 366815 136393 589662 529805 469487 241351 259546 399414 742853 683975 170952 214787 175602 522845 724744 256216 247083 271421 43382 219799 403915 245838 722073 393796 370919 711907 350585 744463 201812 357171 275487 276741 437133 340471 188803 185125 353161
 395168 499454 446862 731897 503176 635856 167430 499062 509068 419345 560258 360183 137432 463166 437407 493011 686710 793926 637667 181961 1 254480 654732 469630 739188 286277 215987 520229 506239 665179 369620 324119 754197 453582 852002 381193 873490 450819 821796 760955 157379 435906 340030 631403 402428 44881 472483 229378 111433 328452 76694 927423 510537 362028 624979 782560 115557 926805 372853 489019 572436 297489 526325 192655 56099 410297 348279 395111 379206 172820 580702 787887 801750 335604 386562 357079 529414 817435 349363 264000 301067 222544 393650 349193 316607 667108 412943 545705 767828 505013 860318 375121 480919 156866 99984 255879 504479 369467 316412 534500
 461787 388849 471862 629399 574164 560532 327602 385003 548233 253544 311248 411126 301093 667391 206579 275463 540967 555458 604731 82275 254480 1 621159 317892 686350 265913 172680 293598 424311 430353 192816 69960 518219 352114 655341 386026 639013 674653 709146 594548 124327 379633 409250 419980 357598 295540 690033 372906 199359 308248 331144 702097 426612 546638 512794 566623 295699 688739 147588 628240 327178 153038 407109 428206 214940 653245 597560 478002 251076 291346 328929 691188 608145 162189 133706 109793 492521 656079 293889 314284 248981 40490 139764 407362 295178 713583 364293 291823 656485 268769 668810 121384 283481 357749 352703 510083 258273 140842 118024 283138
 298453 1008798 221955 190141 262010 111329 514117 1004570 200229 406474 634018 308535 789208 611520 772685 843910 296187 671721 17168 653193 654732 621159 1 354146 92086 380519 766112 523850 1045437 590916 807731 637245 636452 973200 519850 273574 695854 681311 261029 377307 563626 997500 336668 486895 972294 686996 665981 469015 716759 334001 681168 682962 1047767 522736 206502 557516 768879 751701 739849 423007 613712 773935 1025238 632988 677459 753273 760606 319047 871954 487426 774947 204178 482939 780909 619129 680982 130412 387431 908055 885530 382024 642985 630486 321818 898748 215525 259427 679839 227666 556540 506422 625116 446077 809638 712142 762438 600568 731325 516476 751647
 359922 683664 313021 315333 435521 265518 412979 678560 378353 64772 286649 317252 575519 689065 427527 496181 225678 403203 340749 378999 469630 317892 354146 1 396506 219666 487573 177466 727837 286478 481137 309041 361212 653894 388007 250058 462120 730765 391764 291981 322658 692240 339052 202536 672894 513329 731710 411301 479377 209676 529623 492358 729315 564381 199185 341521 561635 521174 404771 562520 270867 464653 696050 556306 463271 756579 728247 388938 553506 365782 421692 377559 337158 460340 274591 345443 249232 350205 610075 625912 188469 351757 284877 324770 613067 515381 171795 327690 339718 205299 393618 283162 94670 618256 560643 678867 247714 396315 199905 397502
 390457 1070226 313366 146269 350129 130989 603147 1065637 290962 455361 661527 398976 872057 699808 823266 892582 281036 664283 107137 725176 739188 686350 92086 396506 1 459384 838690 553444 1109748 599066 867705 695300 632664 1036641 484548 359477 676965 770868 191081 346995 639428 1065425 427580 495083 1041672 772942 754578 559661 795733 413760 768884 652818 1111794 613972 214575 541015 852282 729830 795908 508911 638361 839314 1085054 724302 758991 844579 852634 411114 935198 574513 808089 133577 454432 842869 669633 736473 209843 342718 977427 962666 456681 711326 680369 412371 970946 274723 333849 711830 172905 589353 467533 677120 482107 895070 800151 854053 634813 787367 576172 789273
 201789 650352 206272 445856 310616 350223 194745 647066 282389 197271 434180 150015 414428 483164 457028 529901 412384 610285 363381 278551 286277 265913 380519 219666 459384 1 389139 347103 680050 484932 458613 306460 567964 610689 604656 121201 676246 517330 536166 494585 184381 625774 156112 416544 598403 324920 521405 192864 336598 46762 330995 711265 682944 356110 341375 560497 395618 734542 407134 389809 431212 411118 670416 338439 300273 537454 508789 222864 511899 149008 527062 501613 553859 427083 322008 355357 250847 546363 534685 505016 34649 277005 334108 149347 521439 448074 127371 451250 482360 354083 608060 320610 274953 443045 363068 464211 379253 399299 199078 488521
 558827 287180 589207 794228 672850 717650 362761 286090 661709 424054 455974 513415 174268 678935 259784 298569 712190 707406 749153 113565 215987 172680 766112 487573 838690 389139 1 459561 302403 587953 166175 213603 673100 242111 825530 508175 793278 665796 876638 767209 205176 239968 502302 588789 210479 236585 688183 422103 106077 435708 278935 861939 306123 574017 678320 732256 181242 839121 201121 689051 477347 95158 312933 407577 159916 617620 549727 567323 163299 346554 424750 855333 779083 137050 282519 217383 635710 828688 148243 142085 384103 135959 283076 505873 132644 827302 506846 421432 823351 430177 839789 268174 455946 236304 285583 445919 410333 201857 289129 380161
 522680 584130 485253 445044 607977 425039 518286 578055 553712 155427 110327 475347 592529 830213 308451 365489 316651 275509 511799 374133 520229 293598 523850 177466 553444 347103 459561 1 636091 146089 393385 247061 234731 563676 368554 413837 353291 861555 501585 337657 363086 616926 492162 131190 605282 564881 867415 534533 490374 356214 592233 410118 636440 703067 340680 273217 584849 407333 310840 724124 93519 403899 590288 653340 494805 870338 829924 550067 471213 470495 254837 504664 324707 384219 182659 260116 426164 399344 548451 600977 312480 334071 186581 480320 564372 692800 342171 158489 457097 40118 384958 196577 83649 646389 619577 761736 85132 303680 203868 240035
 859486 59231 884703 1043162 973743 982403 663276 66233 958983 663628 579870 812744 408559 964426 331291 295694 937937 813518 1028967 403090 506239 424311 1045437 727837 1109748 680050 302403 636091 1 722611 247571 418807 790857 73981 994232 801089 898990 940352 1116668 972665 501171 75241 803249 763563 109262 513952 966280 723530 396238 725373 553776 981392 5153 868246 926917 882085 427897 929994 328152 990001 608929 271561 73952 687685 452673 875003 800859 869059 174836 648912 468892 1105392 955387 267889 462249 385289 916487 1034739 157131 267290 668936 404323 454823 805923 191976 1125161 787762 524633 1066129 597418 1013831 450707 667423 454509 549267 690968 559370 336105 534328 443117
 646068 666332 598228 467881 719991 482139 662479 659697 659829 287928 143185 602007 731386 967001 392847 431397 325629 129421 582036 512359 665179 430353 590916 286478 599066 484932 587953 146089 722611 1 494875 374949 89021 654115 277051 536104 209133 1001968 500095 304769 508405 715896 621923 104379 709524 709670 1006306 675605 629433 487754 737806 274046 722063 840427 387740 159921 725154 261654 415154 848737 115403 520567 666859 798854 637654 1014449 975370 674818 571622 614472 274482 519538 246625 493703 305459 375354 516660 357906 658151 726606 450407 470602 305191 608604 680380 782365 458221 198422 466912 161961 299437 319790 210095 787057 764793 907822 178077 409600 349303 284705
 652306 202882 664665 796292 765500 738914 492532 198067 740988 417332 352544 602278 339211 824800 111657 133318 690535 600278 791681 205983 369620 192816 807731 481137 867705 458613 166175 393385 247571 494875 1 172830 571704 173668 758083 578840 687315 819274 869133 727528 298482 223728 598511 523250 214747 397077 839365 545922 267171 501029 439122 764244 248743 711718 680321 651172 347324 726338 82546 809389 379474 72838 217590 561868 314801 778376 712582 666945 77916 464857 280141 858520 716661 35091 215402 137808 680908 789766 165338 263175 441513 186949 208709 597791 195306 906398 554188 304295 818732 356093 776217 203442 420114 400818 449024 610649 322087 89864 291798 240378
 507352 375711 508091 624373 617050 566207 392529 370875 584915 244855 247901 455788 361665 732168 150868 223477 523230 496662 621460 147207 324119 69960 637245 309041 695300 306460 213603 247061 418807 374949 172830 1 461090 344880 614952 422003 581702 741984 698974 567483 190816 385315 457574 377506 368560 364643 756507 434375 261806 344220 400810 648714 420319 609743 508115 518964 358548 629360 103633 683130 266598 160988 389780 497536 282859 722677 667454 526138 244541 353703 259298 686600 569759 151466 70018 48959 512112 629702 307992 354221 283476 103897 73185 453654 319305 747934 387828 223723 647871 216610 630366 56051 255227 420427 421816 579869 198358 95273 120966 213716
 720467 733287 667629 493079 787688 525441 748870 726487 724949 370762 220182 678463 819310 1047940 465622 495974 351967 42338 629469 600374 754197 518219 636452 361212 632664 567964 673100 234731 790857 89021 571704 461090 1 724722 238233 610905 120810 1085271 509648 307583 597391 789492 699892 161328 785315 798690 1088565 759841 717496 567605 826758 192548 789922 921973 430015 118503 813444 172671 494163 922672 196110 602337 731328 886322 726490 1100514 1062706 749750 647110 700759 328191 538058 223199 573329 391206 458255 576038 350068 736427 810388 533690 558318 390038 685871 760889 837170 531090 268497 484646 250545 263537 405431 293485 875401 853799 996342 262891 489213 438253 347947
 793757 46054 816142 969212 908054 908989 604868 46733 891014 589722 511012 746136 369718 915725 261445 233565 864152 748972 956811 335934 453582 352114 973200 653894 1036641 610689 242111 563676 73981 654115 173668 344880 724722 1 923891 731877 835096 896391 1042708 899700 434407 75559 737894 691894 93703 466194 920921 663994 342231 655548 507381 916219 75458 814712 852994 813060 386847 868312 254658 931011 539685 200190 74157 640432 398473 837161 764661 804522 101446 587360 407562 1031442 884297 194180 388628 311443 844616 961837 109852 237984 598353 333979 381392 739815 153522 1057251 716175 457047 992149 525308 943091 376953 593674 421635 506441 655722 488152 262522 460870 378391
 698814 939218 628389 338819 733366 414576 799315 932729 664748 432719 415898 669547 945133 1045885 662952 706767 231822 245252 518963 731997 852002 655341 519850 388007 484548 604656 825530 368554 994232 277051 758083 614952 238233 923891 1 599826 214745 1097809 318615 142921 698307 981626 697025 237505 971902 896486 1093791 791503 844315 585688 915602 169734 994010 927969 332683 121330 934262 256837 675986 888200 386236 772412 941309 942985 838378 1135485 1112549 728675 835926 752762 551113 363078 50868 751545 551139 628028 508685 146076 916338 967516 575347 695134 554546 680418 932925 735031 520132 473680 313874 403115 25997 565114 375917 993813 946080 1066754 436308 669357 548735 561266
 109968 771530 86178 376562 200683 269428 246582 768219 162976 258961 513991 70104 516189 447596 571097 644332 381812 652711 256538 398945 381193 386026 273574 250058 359477 121201 508175 413837 801089 536104 578840 422003 610905 731877 599826 1 707782 498040 468021 472274 303009 746039 97313 450824 718152 413692 494260 212230 447951 78049 409685 728808 804017 328146 291653 579817 495603 767142 524363 312639 505156 532308 791474 378530 405701 541956 530031 138889 633068 215149 624500 424836 550707 547735 428593 470429 151516 514611 654701 618361 138610 398192 440832 80593 639866 327578 81592 540909 416697 430547 598014 429347 332235 536163 441144 509801 463639 516316 307381 589466
 815788 840615 756860 531534 873432 585057 861674 833713 807940 480585 338596 776905 940105 1151116 579138 603303 400297 87054 691422 721149 873490 639013 695854 462120 676965 676246 793278 353291 898990 209133 687315 581702 120810 835096 214745 707782 1 1192131 527264 331809 716375 901995 800240 260128 899514 918104 1193725 869039 838266 671537 945416 87838 897731 1026456 492131 138471 934152 59386 611434 1016017 315941 720911 836548 1000936 846730 1212141 1176861 845569 761511 813500 430906 566099 226833 690713 511759 577673 654044 355575 852535 929843 642551 679125 510333 785355 878448 905305 626522 383021 514048 371057 239795 525945 405103 996088 972865 1113348 383387 606850 557158 456706
 405607 942410 483950 845519 421090 734947 352454 942851 481343 714595 937802 428635 532274 79412 876297 937854 877600 1127598 669402 620531 450819 674653 681311 730765 770868 517330 665796 861555 940352 1001968 819274 741984 1085271 896391 1097809 498040 1192131 1 931856 969085 551178 866146 400788 932004 831773 430938 33522 327047 559830 521115 389216 1221648 945078 170008 782482 1071156 512471 1250820 812604 271475 939842 747783 970338 258287 506715 107872 172138 377378 828998 396989 999048 879081 1048499 784758 789306 784380 613342 1007918 787908 676201 551705 653960 799456 417462 748715 548796 577917 942139 887078 863233 1095983 781724 792204 493610 391102 268659 880488 807821 681151 954524
 531903 1070058 451538 91590 519209 200560 711807 1064600 453238 456517 597344 524971 944550 865635 802726 865007 185003 533451 268817 765443 821796 709146 261029 391764 191081 536166 876638 501585 1116668 500095 869133 698974 509648 1042708 318615 468021 527264 931856 1 202188 695247 1083577 555286 404966 1064623 861079 919163 680133 855877 497275 865700 487909 1117875 767253 199623 401279 927485 574250 789923 681475 569670 856273 1080261 846551 829498 995143 992917 557619 943305 674439 748635 57915 300746 850403 656198 731666 324265 172747 1001836 1012043 521385 741636 664836 538347 1004084 465031 412442 654302 54133 541402 297444 666848 451443 978027 897785 977818 586683 781690 591391 740320
 565910 921492 492545 200793 593456 271685 688095 915482 524561 348795 418047 540744 866827 913761 646097 701206 92342 331525 376125 664018 760955 594548 377307 291981 346995 494585 767209 337657 972665 304769 727528 567483 307583 899700 142921 472274 331809 969085 202188 1 614369 949531 569394 219863 935155 804260 963133 673233 769341 468954 818516 306945 973183 799116 192493 200359 853367 383206 645358 750364 388685 728468 927943 831191 755147 1013226 995707 595417 804725 643481 567195 235105 107476 714644 512513 590887 369378 62303 875410 908375 468948 632052 518820 552391 885410 592269 395725 477014 182485 377308 132377 525186 312783 910230 849978 958604 419341 637740 479322 565651
 359489 476352 384617 608515 473749 523090 203338 473776 458068 267346 408924 311775 253073 543075 330098 397140 545897 637428 546554 98484 157379 124327 563626 322658 639428 184381 205176 363086 501171 508405 298482 190816 597391 434407 698307 303009 716375 551178 695247 614369 1 443581 303960 474627 415238 202198 565998 250564 160645 231100 229509 770102 504386 422808 495694 625720 239004 770055 268991 511155 418866 239476 498636 309267 140949 534261 482594 371395 339394 168778 448978 667813 648477 264103 242621 233984 433348 672855 352018 323342 182752 112506 251651 305432 337168 624134 305697 400814 641183 349225 707764 233349 324754 296493 256492 403175 352053 262970 159219 403918
 798752 103016 828197 1006785 912705 940156 595923 107954 901288 627506 572814 753337 334013 891498 323914 304596 908501 815404 980781 347225 435906 379633 997500 692240 1065425 625774 239968 616926 75241 715896 223728 385315 789492 75559 981626 746039 901995 866146 1083577 949531 443581 1 742188 746969 34374 441422 892380 656859 327405 671855 480668 981702 80241 797435 890118 873538 353721 937039 306191 922375 600696 227921 129855 614588 383509 799934 725695 806831 145812 584244 477762 1068859 940386 235092 437101 358673 867611 1011828 91756 192095 617407 354596 431318 745841 119483 1067067 738414 521019 1031923 579811 999902 424345 639416 379299 475201 615780 545396 313250 494458 446072
 56732 780223 115141 464657 170564 354801 182255 777708 169165 337164 585811 30335 477428 351900 608398 680557 478631 742015 320688 402310 340030 409250 336668 339052 427580 156112 502302 492162 803249 621923 598511 457574 699892 737894 697025 97313 800240 400788 555286 569394 303960 742188 1 541473 711877 364579 397538 132451 425538 136003 351792 824064 806668 230986 386714 674421 455278 859486 555098 234544 580382 543119 802591 296944 375925 446125 437979 68782 643322 167443 683121 508630 647786 565137 477660 506477 231598 610853 650522 595292 187379 411940 489697 17261 629353 328912 177485 606032 505619 503891 695323 475721 413796 487012 381396 427382 532270 547662 354871 644607
 560027 710242 506304 366209 626453 377823 604349 703979 564107 222691 198212 519081 714652 891518 433276 484250 225132 202440 478295 498457 631403 419980 486895 202536 495083 416544 588789 131190 763563 104379 523250 377506 161328 691894 237505 450824 260128 932004 404966 219863 474627 746969 541473 1 736008 676278 933711 609407 612907 411533 699753 298603 763679 766513 283362 151163 705314 318933 440791 761904 168828 535074 714690 745341 611880 953355 920316 589480 601161 556259 347638 419929 193671 515118 313848 391176 416974 278941 679553 730612 383136 460155 317631 526984 695491 680906 370449 257269 368118 167159 253795 327748 151173 766037 728810 861755 204509 433856 318829 346081
 768522 129796 799623 986497 882282 917424 563357 133718 872176 608125 566931 723670 299649 857256 320379 308893 891403 812633 955487 320114 402428 357598 972294 672894 1041672 598403 210479 605282 109262 709524 214747 368560 785315 93703 971902 718152 899514 831773 1064623 935155 415238 34374 711877 736008 1 407308 858016 624497 294597 644721 446424 977823 114186 763691 869816 865873 319350 936324 296056 889577 594125 208539 158017 580332 350488 765748 691605 776019 138207 552685 479814 1048430 929664 221192 423807 345499 842151 997446 64274 158085 591232 330351 418842 715913 85822 1037695 712941 517037 1012547 569057 989552 410593 623656 345306 440832 581729 536500 302557 473932 445707
 418095 512248 474850 770727 522455 672843 184876 512450 533538 463778 603330 386928 120213 450533 471562 523991 729041 838302 670038 219806 44881 295540 686996 513329 772942 324920 236585 564881 513952 709670 397077 364643 798690 466194 896486 413692 918104 430938 861079 804260 202198 441422 364579 676278 407308 1 454819 244913 130801 365482 42354 972278 518478 358385 665279 827436 97126 971261 407204 494478 616048 324285 539912 174276 84773 381584 315797 415125 398997 200332 619199 825883 846178 364044 428510 395394 563629 860327 358843 259697 341768 261768 435191 375210 322182 687882 450438 587306 807241 549245 904617 416722 525762 123001 57177 217956 547879 404404 361119 572942
 397678 966970 474477 833964 404459 723850 364793 967242 466837 718453 946502 424323 558943 55237 893228 955995 871258 1130902 654639 638705 472483 690033 665981 731710 754578 521405 688183 867415 966280 1006306 839365 756507 1088565 920921 1093791 494260 1193725 33522 919163 963133 565998 892380 397538 933711 858016 454819 1 334233 582495 522192 413563 1220934 970959 167420 774876 1070806 538698 1252641 829928 250070 947509 768383 994711 280932 528551 140999 205432 368690 851481 407653 1012218 865600 1044894 804659 801741 799824 603489 1000322 812933 703248 555983 670879 812148 413790 774417 525864 575019 952844 875464 870612 1091179 794643 796249 522062 417201 300115 889436 824899 691185 968108
 179039 708600 247575 588737 277953 480817 62023 707095 295185 389202 612322 160698 363272 301990 579484 647534 585732 802110 452935 340188 229378 372906 469015 411301 559661 192864 422103 534533 723530 675605 545922 434375 759841 663994 791503 212230 869039 327047 680133 673233 250564 656859 132451 609407 624497 244913 334233 1 330204 205823 225569 903573 727450 176396 501081 752742 340350 927239 519331 267032 613354 481494 733440 166681 275359 345357 322475 171682 577116 81789 683843 635931 741022 510990 472632 480748 359625 720075 566953 492966 226525 362598 483612 147291 539294 443884 278996 620111 628927 536543 792992 466829 466379 364204 253389 297942 555346 513107 358190 641003
 482153 388065 523036 769100 594262 682236 268834 387637 591358 420554 509174 441031 102161 574431 348159 396167 704257 754815 699598 117126 111433 199359 716759 479377 795733 336598 106077 490374 396238 629433 267171 261806 717496 342231 844315 447951 838266 559830 855877 769341 160645 327405 425538 612907 294597 130801 582495 330204 1 382841 173140 900176 400422 472766 656305 761964 96763 888087 284880 595003 526198 194343 414893 301704 56475 512299 445510 486657 269169 261198 504076 828222 795585 234883 330746 283026 587420 828938 239115 170843 340616 159671 334960 431764 209149 754302 462211 484369 801821 467596 855766 317380 468439 158741 181885 343886 457327 283241 295581 458083
 172348 694698 164215 406270 275053 307493 220543 691274 240980 201474 450442 121781 458827 480405 493713 566899 383417 609886 316851 324702 328452 308248 334001 209676 413760 46762 435708 356214 725373 487754 501029 344220 567605 655548 585688 78049 671537 521115 497275 468954 231100 671855 136003 411533 644721 365482 522192 205823 382841 1 368439 701090 728196 354989 305975 550387 439547 730455 446388 369495 444482 455632 714283 362611 345281 550331 527620 197102 556229 178834 553149 460510 535235 470155 353235 392764 204652 517975 580911 551607 60751 321588 365459 124948 568080 405516 85072 472797 443865 368150 587256 353291 278592 485292 400518 491403 397641 438362 231049 516583
 403054 553426 464807 774695 503113 673918 169544 553755 519260 483436 635795 376260 152692 410833 511947 565430 740602 866906 664408 258052 76694 331144 681168 529623 768884 330995 278935 592233 553776 737806 439122 400810 826758 507381 915602 409685 945416 389216 865700 818516 229509 480668 351792 699753 446424 42354 413563 225569 173140 368439 1 997150 558367 323235 672344 850802 130287 999428 447471 464205 647288 366371 581234 133931 125471 339356 274272 397246 441259 194573 657188 828251 865017 405925 462951 433467 560957 873220 399472 295887 351445 299084 470177 363872 361814 669245 453397 622176 812214 578653 922693 451636 548672 139699 32100 179250 579672 444416 388507 610966
 833850 923378 769317 506647 881124 574708 901772 916520 813719 520763 412352 798809 1002329 1175944 657945 685854 388311 168281 680660 783514 927423 702097 682962 492358 652818 711265 861939 410118 981392 274046 764244 648714 192548 916219 169734 728808 87838 1221648 487909 306945 770102 981702 824064 298603 977823 972278 1220934 903573 900176 701090 997150 1 980294 1053601 486607 150839 994942 98342 686431 1030249 387221 793784 920228 1043461 904504 1248688 1217876 863868 839621 853817 514887 532788 200090 765509 579420 648999 657587 315712 928895 1000604 678764 742540 579234 808344 952897 896743 647269 460872 483240 433552 190589 593766 449482 1056507 1025720 1160349 452059 681344 611852 538327
 862869 57352 887734 1044622 977140 984309 667266 64336 962101 665167 579415 816023 413359 968975 331128 294490 938912 812357 1031320 406230 510537 426612 1047767 729315 1111794 682944 306123 636440 5153 722063 248743 420319 789922 75458 994010 804017 897731 945078 1117875 973183 504386 80241 806668 763679 114186 518478 970959 727450 400422 728196 558367 980294 1 872556 928429 881610 432638 928459 328994 993986 608538 274002 70375 692265 456870 879901 805791 872568 176686 652665 467443 1106853 955339 269605 463134 386361 918910 1035229 161309 272244 671620 407007 455601 809260 196598 1128296 790247 523981 1067425 597678 1013695 451687 668379 459467 553984 695911 559402 336993 536203 442092
 237146 860367 316635 679510 270454 568615 220208 859653 323088 552506 785755 258637 475893 127267 752893 819446 707707 964298 509639 506222 362028 546638 522736 564381 613972 356110 574017 703067 868246 840427 711718 609743 921973 814712 927969 328146 1026456 170008 767253 799116 422808 797435 230986 766513 763691 358385 167420 176396 472766 354989 323235 1053601 872556 1 613063 903416 453327 1085421 691521 156972 785232 643963 886705 197605 416355 230614 247748 209933 734935 256043 860239 715870 878771 676628 649028 655444 445915 838393 711386 618017 390759 533027 660001 247554 677969 419575 408352 795633 721063 708104 926005 643180 630341 455406 338794 288329 729241 685676 533862 817358
 377238 882819 301631 116688 401086 95453 525359 877691 332281 263312 447628 357014 745658 724446 623581 690182 100908 465256 200263 566527 624979 512794 206502 199185 214575 341375 678320 340680 926917 387740 680321 508115 430015 852994 332683 291653 492131 782482 199623 192493 495694 890118 386714 283362 869816 665279 774876 501081 656305 305975 672344 486607 928429 613063 1 353694 728953 549089 603633 558017 423995 662233 894981 664903 630691 832835 821445 406226 752448 484798 595495 178751 289482 659261 472171 544419 176896 225480 806470 812794 323924 543991 481936 369469 806887 413196 223590 499138 145677 377753 324585 481427 274149 780533 704426 795247 423583 595207 395897 578907
 686024 826050 623887 396655 738520 446631 751479 819439 672241 371237 302220 649651 863958 1026302 551618 591312 262433 133393 552972 646517 782560 566623 557516 341521 541015 560497 732256 273217 882085 159921 651172 518964 118503 813060 121330 579817 138471 1071156 401279 200359 625720 873538 674421 151163 865873 827436 1070806 752742 761964 550387 850802 150839 881610 903416 353694 1 855207 195708 570154 884267 273376 671725 826769 893544 762504 1097888 1067557 715989 728528 703607 431768 435267 105810 647610 451839 526148 517393 235464 812653 873174 528117 607055 453608 658897 832391 766885 498225 358312 382322 302625 145964 466142 302131 916207 879938 1011631 329828 564077 469263 444396
 510070 432540 562389 838683 616762 745801 279261 433573 624401 505781 605920 475723 23097 539352 437752 479777 784091 851048 751771 213434 115557 295699 768879 561635 852282 395618 181242 584849 427897 725154 347324 358548 813444 386847 934262 495603 934152 512471 927485 853367 239004 353721 455278 705314 319350 97126 538698 340350 96763 439547 130287 994942 432638 453327 728953 855207 1 984370 376003 591488 622772 276187 460996 262785 98731 450360 378473 508934 332843 288297 597685 896017 884961 318019 427497 378536 642449 911803 277229 165949 406422 256290 431712 464673 236534 781446 522977 580818 873366 563211 944741 414142 558615 62055 121497 270739 553880 375176 386648 551966
