NAME : domp30p10v4
COMMENT : Cherkesly, Contardo & Gruson 2022
TYPE : DOMP
DIMENSION : 30
DISPLAY_DATA_TYPE : NO_DISPLAY
OPEN_FACILITIES : 10
COST_SECTION
 1 350505 370127 882638 569204 542105 393782 354216 589818 396905 592541 403323 446732 654542 922185 849838 451900 460186 249752 546536 396559 394174 204511 567042 111670 594634 510021 484638 316649 40614
 350505 1 292556 579770 231261 433523 253527 344237 424052 325588 267612 65277 514156 308932 635318 530120 497649 503655 493350 197078 83087 246330 189047 218373 381425 261330 626762 591366 89749 360050
 370127 292556 1 564645 360067 711344 61437 579650 220654 35054 532472 278661 233705 448492 906938 780505 212024 216876 608126 422092 375045 69186 195806 396845 466259 367230 826874 316948 357385 346949
 882638 579770 564645 1 359233 924899 513785 906290 396923 560387 555841 514504 728838 323177 793319 630814 698412 697190 1069438 463255 599626 509720 678297 401824 945539 326326 1194236 805750 663414 874054
 569204 231261 360067 359233 1 578132 299022 547059 355116 378551 243081 168909 588883 91502 587948 442064 563508 566659 724200 121750 240504 290996 377256 59744 611451 32974 835007 673444 308087 571168
 542105 433523 711344 924899 578132 1 682559 192527 856566 746178 377951 479817 905211 602117 486252 504105 896027 903272 454404 462911 365149 676073 541328 526418 468993 609925 349025 969909 355006 578696
 393782 253527 61437 513785 299022 682559 1 564130 202405 82016 479358 229529 291905 387126 853007 723360 268417 272541 620885 365553 333611 8437 200471 337278 481240 305801 823421 375942 327757 375837
 354216 344237 579650 906290 547059 192527 564130 1 756799 614522 418391 405393 747969 598476 641577 620085 742905 750649 276261 454598 306828 559162 391350 509008 276481 579969 287953 805416 254492 392370
 589818 424052 220654 396923 355116 856566 202405 756799 1 199253 588273 378278 332761 417073 943028 794686 302274 300670 822549 463338 493007 204843 402622 411846 682055 341983 1023245 408829 509134 567561
 396905 325588 35054 560387 378551 746178 82016 614522 199253 1 560528 308500 210604 464995 934537 805371 186508 190541 637887 447536 407674 90449 229234 418703 495686 383048 860237 295000 391985 371639
 592541 267612 532472 555841 243081 377951 479358 418391 588273 560528 1 255568 764783 234758 374589 262955 744404 749347 662826 125118 198531 470989 456208 183366 589575 268217 690793 845911 275893 610676
 403323 65277 278661 514504 168909 479817 229529 405393 378278 308500 255568 1 509600 251300 629956 511566 489924 495136 557661 159239 114909 221452 222596 164761 442573 197786 689907 590382 152288 408548
 446732 514156 233705 728838 588883 905211 291905 747969 332761 210604 764783 509600 1 674282 1139366 1014208 30489 33289 694630 655793 597131 300259 363909 629145 558260 592142 953746 84675 563764 409095
 654542 308932 448492 323177 91502 602117 387126 598476 417073 464995 234758 251300 674282 1 535904 380910 648015 650710 796189 144547 299616 379308 466558 92861 690142 82169 884891 758956 376052 658503
 922185 635318 906938 793319 587948 486252 853007 641577 943028 934537 374589 629956 1139366 535904 1 162687 1118923 1123804 917737 489642 557144 844600 819311 532501 888764 602581 829963 1220324 619462 948054
 849838 530120 780505 630814 442064 504105 723360 620085 794686 805371 262955 511566 1014208 380910 162687 1 991680 995898 888409 358471 460691 714931 718996 390800 835137 452704 852114 1097142 534703 870349
 451900 497649 212024 698412 563508 896027 268417 742905 302274 186508 744404 489924 30489 648015 1118923 991680 1 8288 701066 633548 580734 276832 355166 605072 562890 565847 955817 112187 550955 415415
 460186 503655 216876 697190 566659 903272 272541 750649 300670 190541 749347 495136 33289 650710 1123804 995898 8288 1 709353 637920 586740 280969 362577 608772 571171 568548 964030 111137 557684 423700
 249752 493350 608126 1069438 724200 454404 620885 276261 822549 637887 662826 557661 694630 796189 917737 888409 701066 709353 1 663129 499803 619474 420527 703379 142389 754654 282786 726231 420266 285711
 546536 197078 422092 463255 121750 462911 365553 454598 463338 447536 125118 159239 655793 144547 489642 358471 633548 637920 663129 1 163394 357116 379760 64414 566912 150581 740503 738673 244969 557108
 396559 83087 375045 599626 240504 365149 333611 306828 493007 407674 198531 114909 597131 299616 557144 460691 580734 586740 499803 163394 1 326088 262312 207244 405966 273335 594692 673938 83103 412877
 394174 246330 69186 509720 290996 676073 8437 559162 204843 90449 470989 221452 300259 379308 844600 714931 276832 280969 619474 357116 326088 1 198947 328957 480270 298102 819774 384255 321436 377028
 204511 189047 195806 678297 377256 541328 200471 391350 402622 229234 456208 222596 363909 466558 819311 718996 355166 362577 420527 379760 262312 198947 1 385697 281824 399534 631091 431117 207959 197547
 567042 218373 396845 401824 59744 526418 337278 509008 411846 418703 183366 164761 629145 92861 532501 390800 605072 608772 703379 64414 207244 328957 385697 1 598636 86456 796361 713211 283200 573240
 111670 381425 466259 945539 611451 468993 481240 276481 682055 495686 589575 442573 558260 690142 888764 835137 562890 571171 142389 566912 405966 480270 281824 598636 1 640072 399102 595793 322912 150844
 594634 261330 367230 326326 32974 609925 305801 579969 341983 383048 268217 197786 592142 82169 602581 452704 565847 568548 754654 150581 273335 298102 399534 86456 640072 1 867911 676817 339921 595073
 510021 626762 826874 1194236 835007 349025 823421 287953 1023245 860237 690793 689907 953746 884891 829963 852114 955817 964030 282786 740503 594692 819774 631091 796361 399102 867911 1 994656 537670 549816
 484638 591366 316948 805750 673444 969909 375942 805416 408829 295000 845911 590382 84675 758956 1220324 1097142 112187 111137 726231 738673 673938 384255 431117 713211 595793 676817 994656 1 635673 444951
 316649 89749 357385 663414 308087 355006 327757 254492 509134 391985 275893 152288 563764 376052 619462 534703 550955 557684 420266 244969 83103 321436 207959 283200 322912 339921 537670 635673 1 335665
 40614 360050 346949 874054 571168 578696 375837 392370 567561 371639 610676 408548 409095 658503 948054 870349 415415 423700 285711 557108 412877 377028 197547 573240 150844 595073 549816 444951 335665 1
LAMBDA_SECTION
1 220
2 210
3 847
4 778
5 767
6 274
7 112
8 120
9 447
10 167
11 967
12 107
13 233
14 538
15 404
16 772
17 792
18 783
19 187
20 83
21 815
22 19
23 242
24 299
25 785
26 38
27 741
28 601
29 13
30 470
