NAME : domp80p20v1
COMMENT : Cherkesly, Contardo & Gruson 2022
TYPE : DOMP
DIMENSION : 80
DISPLAY_DATA_TYPE : NO_DISPLAY
OPEN_FACILITIES : 20
COST_SECTION
 1 687179 541921 913927 72815 832502 983834 454394 710310 446400 64914 670619 148685 407020 765850 957609 233576 375751 722090 670326 687349 504296 592135 196765 994163 597690 713901 885961 319526 93901 415516 671255 748063 631153 148882 523600 456279 782678 673216 392432 359903 259262 641869 605666 296936 825974 600369 227488 419960 379878 510112 477262 717199 781042 671629 43575 283046 484041 826833 375724 532725 592492 419890 857915 284968 688174 892281 354756 586861 325606 858860 286885 132114 922900 482966 294875 819933 339453 615715 669605
 687179 1 176989 354762 753645 296912 417227 798282 198090 826674 730575 481696 738035 561793 798415 447318 464329 548722 717589 890884 433383 617078 194529 845830 468755 774674 709375 524053 417880 593565 339588 87047 944667 927410 658289 747943 306039 538859 398337 355109 366010 459010 683150 159549 505505 689313 177432 851212 390774 564800 226915 223450 764445 519531 469473 730602 454095 209870 928946 681375 187999 868231 846734 802906 463667 88271 840167 335134 837903 785474 902862 653173 626493 563567 295298 408710 994754 842370 291203 781373
 541921 176989 1 392954 603133 314187 463738 621914 183265 649867 592766 356669 573738 386189 653398 460814 309736 372018 574071 724390 322247 448163 248370 684403 492375 608129 565245 469846 247408 448514 163143 217989 782425 755597 492886 576134 272621 440361 288241 291534 196053 350859 528899 69222 424348 573690 238063 685726 350457 388208 214453 165048 614837 424857 346615 584220 285408 143619 778788 504468 11074 696463 669771 675633 370569 231227 714443 190401 667103 609728 761222 477435 464302 512005 278392 249620 836707 667288 172930 622946
 913927 354762 392954 1 966668 81444 70941 841924 209940 879063 970577 382298 911629 625690 677970 100550 681847 632614 604687 844446 325276 621337 548215 1024706 114646 741479 599776 257905 596016 823904 498952 439427 872343 910647 832450 749717 639659 356060 309165 674259 554092 743754 611859 323734 815104 507309 531345 1014800 724179 643285 564595 537763 663710 335328 370206 953671 634224 517802 810669 752914 398909 856436 915827 631683 762850 435780 660415 578309 822345 888064 759811 767683 813606 282262 635538 620838 900118 948800 305999 710562
 72815 753645 603133 966668 1 885466 1035854 433026 766363 419098 84404 702443 116667 425581 767122 1005319 293413 397204 730192 652342 724314 515283 663959 128114 1042402 590562 722495 922904 370729 161320 467967 740815 729454 604450 156414 515637 528887 813095 713096 465143 415157 332016 649677 664899 367377 843441 671884 164234 492493 398333 581634 547095 719326 813231 704703 35388 332456 552996 816863 371959 593527 571173 386124 865088 357570 757774 897760 419262 569654 295654 854603 288021 158476 958363 555628 353801 801163 297372 664519 666417
 832502 296912 314187 81444 885466 1 151917 773094 131017 809492 889141 325941 831685 551686 636404 153081 600411 556793 559753 789794 267115 554634 485888 944831 180359 682975 553948 252124 514765 742465 417638 383717 823077 851506 752207 685613 567881 321363 245378 599323 472654 664461 557999 245147 737838 478479 469465 935736 651584 568111 494802 463898 617270 299869 313098 872297 553060 443441 770722 679829 319615 795871 844566 602624 684702 382557 634393 497764 761985 813080 725271 690739 732814 285666 565565 539418 855891 873854 226872 658629
 983834 417227 463738 70941 1035854 151917 1 897576 280840 935323 1040835 430807 978784 686837 710541 85735 752122 695500 640822 887267 376335 675881 611630 1091715 73120 788194 636713 272431 665414 894143 568542 499917 910286 957209 900057 801354 707662 388573 364650 743636 624150 814577 655444 394518 885327 531375 594593 1080762 792468 705508 631789 606834 700555 369147 419520 1023339 703417 587101 840834 812836 469778 904474 973630 654107 833377 494926 679919 649237 870332 949622 785675 831458 882053 287259 702677 691203 933502 1010235 373183 751752
 454394 798282 621914 841924 433026 773094 897576 1 700227 39448 508245 471923 316428 237327 371627 836191 441960 250209 365124 219643 522237 222021 815019 370693 873498 182262 360604 688300 413528 451071 463524 832734 296461 179136 311616 118063 731390 552905 533291 686850 457618 591568 295689 649239 678436 508748 813616 329845 745627 233811 739514 680790 330854 563819 481627 455622 392763 672152 390965 122120 611079 138449 87868 484192 634727 847841 508913 532287 138171 141584 439120 192579 344190 710401 756277 456818 368139 173167 561619 263725
 710310 198090 183265 209940 766363 131017 280840 700227 1 734074 765081 305440 720821 467478 628423 280362 476939 466036 547949 751015 250560 492484 371159 833826 310335 637824 540583 326938 396801 618780 299868 282903 795115 801586 640185 626787 440513 345714 217688 469338 351265 533883 527388 114148 606858 500357 355726 828439 523234 479450 369966 335013 600269 325540 292335 751121 435774 314210 762240 596006 188990 743543 763976 618593 553705 286173 654450 368924 710756 721484 727875 593648 617520 367170 440058 415622 837464 781836 139380 628844
 446400 826674 649867 879063 419098 809492 935323 39448 734074 1 497164 510652 303514 268387 405746 874630 454438 277987 402618 240124 560441 260392 836169 347111 912011 217008 398354 727632 433878 451254 489654 858334 314724 185507 308808 156372 747387 592314 570818 700519 479882 599919 334384 679757 683738 547130 835454 304530 757444 262082 759222 701488 366395 603152 520212 443931 410412 693812 416536 145687 638941 155704 50556 519359 642465 873704 542936 551356 163035 123486 468371 202359 343997 749835 772776 474005 385449 143265 595983 297964
 64914 730575 592766 970577 84404 889141 1040835 508245 765081 497164 1 734883 193910 471737 828331 1016965 288731 440600 785883 726195 750676 568327 622042 208161 1053224 657622 777765 949120 379123 146696 473790 708474 803750 682639 210290 583115 481653 847060 735834 417069 416855 285357 705551 658145 302064 890793 631655 247292 435074 444561 541915 514883 779835 845182 735709 53524 343782 523747 886075 436144 584032 646691 466745 921633 302801 725222 955720 403212 642938 374376 919968 348250 196643 986367 507449 349815 875621 380298 675120 730840
 670619 481696 356669 382298 702443 325941 430807 471923 305440 510652 734883 1 616833 289999 323012 364859 475315 310864 242713 463969 59022 250538 604800 723415 401875 359188 235570 226958 377000 598716 311793 553903 498335 528349 548570 371001 610327 112583 87960 607503 365395 604764 232086 329181 700549 217230 593807 702020 674523 314763 566096 509179 296583 110791 13283 701342 402625 489288 457060 402562 351392 474383 552482 322282 641290 562570 360332 439981 440260 543649 423298 444145 544927 258307 622592 428943 535289 602348 192092 333035
 148685 738035 573738 911629 116667 831685 978784 316428 720821 303514 193910 616833 1 330277 654858 940365 276982 306123 621902 535679 645276 410978 677940 113189 978114 475575 614569 841796 327680 189278 422114 738804 612819 489019 81088 400649 554975 724561 638467 495103 377991 368347 541683 628835 428286 741522 683128 113452 535590 303845 594661 550373 607646 726856 620663 140512 288885 551793 700821 259924 563251 454673 273147 755653 403356 755727 787257 406286 452998 180487 739953 181722 112169 875004 582224 329406 684550 190802 605740 552559
 407020 561793 386189 625690 425581 551686 686837 237327 467478 268387 471737 289999 330277 1 376109 635508 275405 34213 320722 360091 325834 105769 593570 434160 673564 250537 311988 516841 208089 355004 232655 600093 429587 374860 269168 198998 529884 395037 326412 496761 240300 432721 242838 411927 530246 419259 590137 412022 561976 27306 523724 462592 327296 398478 295362 430615 204244 450909 466692 128859 375505 316582 296500 456036 476247 614672 492268 324728 290623 262802 479639 154154 275143 547931 552155 263161 494667 323400 331130 297906
 765850 798415 653398 677970 767122 636404 710541 371627 628423 405746 828331 323012 654858 376109 1 630169 649392 410315 80921 216834 379485 270409 897876 731942 661211 189382 89045 445675 569681 726887 551945 864494 208817 307153 618062 259937 871210 322561 410919 850692 585841 804662 136434 640882 903221 191968 889463 694856 918345 399942 844618 783402 49061 342850 336168 780883 575254 766400 134690 395294 645693 279229 456218 115747 847393 874888 137290 672939 253836 504477 109315 480483 635598 448162 889192 627709 222967 544408 507515 107909
 957609 447318 460814 100550 1005319 153081 85735 836191 280362 874630 1016965 364859 940365 635508 630169 1 729839 647594 562651 812727 314545 614245 638280 1052402 38073 717268 559051 188056 638143 870733 543377 533400 832347 885561 863542 735399 720124 310238 309154 749600 601298 807706 582463 392902 885077 448135 621720 1038330 803365 656139 647669 615268 622562 291910 354676 995471 674757 594538 759070 758428 465049 834351 915050 570064 830540 530935 595158 637336 800277 897542 702418 784588 848837 201527 718350 670160 853025 957685 341919 676451
 233576 464329 309736 681847 293413 600411 752122 441960 476939 454438 288731 475315 276982 275405 649392 729839 1 241851 587907 620928 480020 380499 405545 381931 765705 519946 578758 675046 98834 142071 186758 461826 695079 614008 200746 457243 296499 587208 460314 246269 128583 157927 513884 372327 254850 661062 409283 390344 303667 254951 323032 274705 601033 581655 473365 275108 76155 275060 741608 324500 300193 561208 453375 719984 201793 478753 757869 129838 542711 368917 754473 252133 164870 714309 322924 61328 763251 415234 388796 573059
 375751 548722 372018 632614 397204 556793 695500 250209 466036 277987 440600 310864 306123 34213 410315 647594 241851 1 354590 388499 342317 139948 570689 412883 685661 281232 345808 536663 178584 321504 213632 582789 459459 397943 241084 225629 501718 418623 339634 466631 214531 399438 276965 402927 496688 450245 568008 393496 531224 16803 498874 438307 361490 420736 315100 400718 171840 427638 499838 133253 361129 340526 300991 489724 443073 597783 526124 296879 316292 256657 513682 137054 244368 569151 524565 232151 525513 317382 332715 331213
 722090 717589 574071 604687 730192 559753 640822 365124 547949 402618 785883 242713 621902 320722 80921 562651 587907 354590 1 257173 299817 218095 819572 707747 595254 190673 9350 382504 503458 675553 478427 784151 269703 340683 576952 247321 797435 252526 330672 779612 515624 740622 80529 560264 839524 148858 810814 673866 847532 346435 768143 707288 59929 271675 255926 740820 512510 689821 214349 363231 566585 300758 452736 135882 782630 794398 171547 602024 269947 486519 187151 442256 590282 390397 814618 561595 296214 533012 426624 122732
 670326 890884 724390 844446 652342 789794 887267 219643 751015 240124 726195 463969 535679 360091 216834 812727 620928 388499 257173 1 522683 276684 949207 587201 846828 116332 258449 637519 567074 657023 586331 942373 77771 91476 523996 163951 889865 503740 546351 854803 600192 777701 232591 732133 870817 401224 944424 544591 918633 372712 882330 820755 199817 521069 476721 674047 557740 807850 180725 304511 714672 84918 285251 329474 821660 955480 341551 684750 83490 360451 242665 392461 552689 647288 912245 619925 149610 382285 615086 136684
 687349 433383 322247 325276 724314 267115 376335 522237 250560 560441 750676 59022 645276 325834 379485 314545 480020 342317 299817 522683 1 300226 567853 754405 352199 416845 293007 198755 381250 610338 304597 508958 557321 585850 573410 425245 585574 119534 35298 588675 361778 598742 291041 286288 691895 256717 555853 735801 654390 348610 535566 481318 354748 107132 46013 720470 410989 460680 513950 445195 318421 531233 600509 370005 632789 516576 406909 428852 497165 585365 477402 478560 565880 235775 595654 428823 593663 645017 150644 392055
 504296 617078 448163 621337 515283 554634 675881 222021 492484 260392 568327 250538 410978 105769 270409 614245 380499 139948 218095 276684 300226 1 673840 505322 651620 160951 209743 471279 307216 458317 311680 666058 339125 311704 360441 134346 623262 338815 312216 594694 332185 537217 138576 459762 635172 330745 668559 476414 661062 129743 609384 547517 221549 347357 259875 524194 307885 533601 363859 162643 438311 252804 302035 353969 580506 679379 389197 419106 221342 301594 374056 229307 372344 496578 644082 364153 399938 357604 353254 195130
 592135 194529 248370 548215 663959 485888 611630 815019 371159 836169 622042 604800 677940 593570 897876 638280 405545 570689 819572 949207 567853 673840 1 774291 661508 834556 810587 694507 402300 504564 362905 118849 1012822 968177 605340 792022 144333 683880 533097 207490 357590 336693 769527 284949 351789 821530 17220 789685 218418 587473 83318 134875 857424 667013 594501 635048 428237 143115 1019951 692962 254494 910122 845000 923879 325174 130460 962741 286810 883884 768211 1006473 641393 567592 735763 122882 367301 1071329 818348 417220 859180
 196765 845830 684403 1024706 128114 944831 1091715 370693 833826 347111 208161 723415 113189 434160 731942 1052402 381931 412883 707747 587201 754405 505322 774291 1 1090224 545730 701103 949542 439628 271385 534773 842145 661556 526146 193667 472395 644529 829120 748962 582101 489301 450408 628904 740773 493689 835244 780777 45831 614650 408737 691108 650885 686716 832566 727943 163497 400642 654093 761632 345752 674058 502779 304708 838285 479722 859130 867476 511748 508270 229825 808328 280769 220170 981689 671638 437487 731734 207694 718768 626001
 994163 468755 492375 114646 1042402 180359 73120 873498 310335 912011 1053224 401875 978114 673564 661211 38073 765705 685661 595254 846828 352199 651620 661508 1090224 1 752703 591947 216352 674644 906860 579479 553840 864789 920664 901137 772021 748118 343420 347192 779475 637125 840775 617371 423886 916690 476710 644744 1076299 831926 694212 674505 644247 655181 325762 391885 1032245 711466 623753 788775 796363 497054 869939 952649 597214 862721 550374 620890 671261 835904 935553 730531 822651 886141 224281 745369 705778 883759 995675 378473 710349
 597690 774674 608129 741479 590562 682975 788194 182262 637824 217008 657622 359188 475575 250537 189382 717268 519946 281232 190673 116332 416845 160951 834556 545730 752703 1 187982 550355 458626 571818 471980 826118 179569 169194 448849 74942 779598 413767 437930 747290 488785 677804 137191 616070 773288 338981 829427 507348 812324 266429 769044 707287 149533 428904 371399 607716 452790 693835 229675 222017 598448 117492 267562 302355 721719 839182 326660 574533 83815 316725 264456 311424 472219 565502 801294 513298 244285 355066 500793 81518
 713901 709375 565245 599776 722495 553948 636713 360604 540583 398354 777765 235570 614569 311988 89045 559051 578758 345808 9350 258449 293007 209743 810587 701103 591947 187982 1 379968 494167 666892 469109 775624 273577 340744 569011 242631 788135 248816 323514 770265 506276 731372 72904 551873 830279 151000 801878 667525 838185 337797 758974 698093 63965 267634 248812 732886 503325 680657 221665 356244 557715 299561 448334 144284 773358 785939 180326 592676 268288 480629 196003 434638 582034 388839 805347 552303 301952 527696 418518 122902
 885961 524053 469846 257905 922904 252124 272431 688300 326938 727632 949120 226958 841796 516841 445675 188056 675046 536663 382504 637519 198755 471279 694507 949542 216352 550355 379968 1 576782 807904 493848 609701 650972 715427 771274 579127 742456 136918 214751 756587 552619 784104 413246 413954 873252 260465 679834 928832 818750 541292 681021 634884 442220 124481 221659 919224 608071 613443 572443 628073 469698 667735 772047 382009 814957 612324 407498 611135 634167 769239 514569 670937 764514 42177 747603 621280 667816 827243 305924 500888
 319526 417880 247408 596016 370729 514765 665414 413528 396801 433878 379123 377000 327680 208089 569681 638143 98834 178584 503458 567074 381250 307216 402300 439628 674644 458626 494167 576782 1 233748 97289 433243 637559 573531 246599 404076 323420 488646 362039 288693 51884 238041 433252 301192 336918 567145 401859 438800 354258 194552 325988 267624 522408 482883 374784 358125 39101 260261 671033 291427 236680 517179 443836 632542 279361 449495 671048 119551 494206 372334 677064 241734 221090 615815 346727 58148 702708 426949 296225 502344
 93901 593565 448514 823904 161320 742465 894143 451071 618780 451254 146696 598716 189278 355004 726887 870733 142071 321504 675553 657023 610338 458317 504564 271385 906860 571818 666892 807904 233748 1 327385 579498 734380 630192 143972 500604 373145 711296 593636 310907 270187 180538 596829 512857 241105 767758 511887 292453 347176 329123 421761 385836 677829 707938 598478 137101 199999 391701 801037 353217 439448 585111 434477 811023 214136 596460 847063 260867 574192 340140 825612 264563 107270 846023 400258 203255 805555 369090 529057 637449
 415516 339588 163143 498952 467967 417638 568542 463524 299868 489654 473790 311793 422114 232655 551945 543377 186758 213632 478427 586331 304597 311680 362905 534773 579479 471980 469109 493848 97289 327385 1 369220 650786 607295 341160 429764 319281 419097 280601 303220 59224 294368 417914 208494 388975 517821 358522 531600 371256 230286 298026 236104 507758 410337 306914 454798 136037 221925 665990 343968 152070 548750 507579 598542 329712 384330 637789 129007 521658 446636 661205 314376 317654 534207 337501 128721 710923 504436 202040 501058
 671255 87047 217989 439427 740815 383717 499917 832734 282903 858334 708474 553903 738804 600093 864494 533400 461826 582789 784151 942373 508958 666058 118849 842145 553840 826118 775624 609701 433243 579498 369220 1 1000099 972278 661506 793051 250979 618380 473670 308437 382812 427015 743929 224948 458263 765670 101920 852164 331854 599390 174430 194042 828084 599665 542223 714796 465923 188252 992592 712727 227747 913237 873840 876171 423804 16995 914057 332956 884343 805545 970764 674368 626664 649568 234570 412448 1053473 859933 361817 839605
 748063 944667 782425 872343 729454 823077 910286 296461 795115 314724 803750 498335 612819 429587 208817 832347 695079 459459 269703 77771 557321 339125 1012822 661556 864789 179569 273577 650972 637559 734380 650786 1000099 1 144610 601759 238058 959088 522216 584063 926044 668347 852366 268002 785201 946248 400763 1007279 618312 990616 444152 948271 886456 209820 541201 511487 751498 630182 872711 125735 381500 773095 159184 357765 308872 896342 1012606 312155 753980 161259 436463 197893 469852 630303 655804 980852 691563 71886 455232 662488 166331
 631153 927410 755597 910647 604450 851506 957209 179136 801586 185507 682639 528349 489019 374860 307153 885561 614008 397943 340683 91476 585850 311704 968177 526146 920664 169194 340744 715427 573531 630192 607295 972278 144610 1 490385 179539 896254 579712 606212 855719 612414 766911 303361 771071 855752 487604 964958 481750 916775 381247 896784 836238 286012 595758 540510 629432 558186 825284 265305 289528 745324 59183 221744 420659 810447 986300 433010 693021 90841 308806 331589 369735 523322 727919 920086 622047 209349 318466 663103 217967
 148882 658289 492886 832450 156414 752207 900057 311616 640185 308808 210290 548570 81088 269168 618062 863542 200746 241084 576952 523996 573410 360441 605340 193667 901137 448849 569011 771274 246599 143972 341160 661506 601759 490385 1 374886 488056 658358 564579 430817 297019 310740 496468 547748 383065 687327 609622 193103 477035 241924 522369 475426 569610 659233 551452 163876 207838 475616 678113 226855 482360 448272 290522 712455 349656 678365 746081 328553 440534 196205 710109 138121 40273 805739 515178 250213 673516 228426 526875 520883
 523600 747943 576134 749717 515637 685613 801354 118063 626787 156372 583115 371001 400649 198998 259937 735399 457243 225629 247321 163951 425245 134346 792022 472395 772021 74942 242631 579127 404076 500604 429764 793051 238058 179539 374886 1 727343 442560 441114 691184 439093 614354 178103 591998 708243 390786 788167 434928 754776 209525 722720 661549 216283 455058 381930 532989 393853 649628 303236 148479 565898 120364 205907 369558 658328 806967 396463 522473 91897 244568 339328 238156 399400 598843 750154 456254 307404 286825 487591 153642
 456279 306039 272621 639659 528887 567881 707662 731390 440513 747387 481653 610327 554975 529884 871210 720124 296499 501718 797435 889865 585574 623262 144333 644529 748118 779598 788135 742456 323420 373145 319281 250979 959088 896254 488056 727343 1 705092 553515 64591 291153 197393 736805 332857 208314 825536 156993 663896 85297 517863 79171 107693 826766 691346 602314 498362 338922 129154 983426 610379 272997 840361 749186 914741 181530 265767 954057 205161 817625 665386 980449 546293 448566 784619 27251 274797 1022615 710497 441681 816683
 782678 538859 440361 356060 813095 321363 388573 552905 345714 592314 847060 112583 724561 395037 322561 310238 587208 418623 252526 503740 119534 338815 683880 829120 343420 413767 248816 136918 488646 711296 419097 618380 522216 579712 658358 442560 705092 1 152251 707787 474532 713316 276832 399900 807876 158097 671296 805553 773719 420925 654305 600625 312399 21517 113864 812845 514985 579900 454645 498684 437002 531222 637529 281489 748642 624635 314329 545539 497553 639406 404929 548554 656138 157916 715004 539524 545344 696278 267614 367125
 673216 398337 288241 309165 713096 245378 364650 533291 217688 570818 735834 87960 638467 326412 410919 309154 460314 339634 330672 546351 35298 312216 533097 748962 347192 437930 323514 214751 362039 593636 280601 473670 584063 606212 564579 441114 553515 152251 1 558484 338857 573498 316486 251066 665317 292011 520967 732353 623649 347486 502058 448564 384239 137832 74759 707627 393669 427767 545019 449735 284762 550495 609027 404759 606406 481330 441847 402111 516609 588428 510365 476656 554692 254186 562972 407050 622657 648646 115928 418078
 392432 355109 291534 674259 465143 599323 743636 686850 469338 700519 417069 607503 495103 496761 850692 749600 246269 466631 779612 854803 588675 594694 207490 582101 779475 747290 770265 756587 288693 310907 303220 308437 926044 855719 430817 691184 64591 707787 558484 1 264940 133228 714880 357247 150781 819132 219081 602703 68054 482167 134025 137236 804854 695624 600664 434278 297973 156542 957752 567373 289474 801091 699330 901674 117693 323991 940895 177762 780035 613068 959417 498326 390885 798695 90670 234935 991400 655880 451500 789589
 359903 366010 196053 554092 415157 472654 624150 457618 351265 479882 416855 365395 377991 240300 585841 601298 128583 214531 515624 600192 361778 332185 357590 489301 637125 488785 506276 552619 51884 270187 59224 382812 668347 612414 297019 439093 291153 474532 338857 264940 1 239404 449945 251858 335988 566118 356001 489710 332507 231183 284371 224109 539915 466651 361419 400130 89356 214577 693687 335693 185431 555050 492136 640403 276871 398915 679411 87423 530382 422905 694491 291557 269712 592793 312511 69541 731485 478137 260671 526160
 259262 459010 350859 743754 332016 664461 814577 591568 533883 599919 285357 604764 368347 432721 804662 807706 157927 399438 740622 777701 598742 537217 336693 450408 840775 677804 731372 784104 238041 180538 294368 427015 852366 766911 310740 614354 197393 713316 573498 133228 239404 1 668562 420069 98939 803343 346501 472962 167305 412792 257153 236605 756671 704701 600591 301054 229539 249151 899275 477944 344906 715660 592231 870510 43976 443468 908940 173470 698530 501598 910696 399105 270494 825244 223861 180481 920872 538970 481333 730594
 641869 683150 528899 611859 649677 557999 655444 295689 527388 334384 705551 232086 541683 242838 136434 582463 513884 276965 80529 232591 291041 138576 769527 628904 617371 137191 72904 413246 433252 596829 417914 743929 268002 303361 496468 178103 736805 276832 316486 714880 449945 668562 1 523798 767226 213453 761990 595903 782413 267895 713052 651461 90038 292463 245031 660328 439325 635149 250447 283648 520480 254490 383504 216083 711172 755369 250724 537195 220994 410254 244561 361770 510183 428460 755413 491292 312031 459065 396551 101709
 605666 159549 69222 323734 664899 245147 394518 649239 114148 679757 658145 329181 628835 411927 640882 392902 372327 402927 560264 732133 286288 459762 284949 740773 423886 616070 551873 413954 301192 512857 208494 224948 785201 771071 547748 591998 332857 399900 251066 357247 251858 420069 523798 1 492884 542605 271772 739395 413581 418210 267441 225633 605845 382529 317683 647432 340133 204346 770434 536128 75696 711966 703798 651449 439559 234370 689488 257697 681038 650504 746451 519111 521531 455844 335366 311306 835259 709500 137160 621829
 296936 505505 424348 815104 367377 737838 885327 678436 606858 683738 302064 700549 428286 530246 903221 885077 254850 496688 839524 870817 691895 635172 351789 493689 916690 773288 830279 873252 336918 241105 388975 458263 946248 855752 383065 708243 208314 807876 665317 150781 335988 98939 767226 492884 1 901338 365122 523033 140092 509594 284011 284563 855120 798476 695879 332879 327968 301957 996335 568533 420066 806149 671697 969429 59266 473472 1007873 263214 790543 578589 1008950 486146 343975 914806 229077 279206 1015423 610059 568189 827876
 825974 689313 573690 507309 843441 478479 531375 508748 500357 547130 890793 217230 741522 419259 191968 448135 661062 450245 148858 401224 256717 330745 821530 835244 476710 338981 151000 260465 567145 767758 517821 765670 400763 487604 687327 390786 825536 158097 292011 819132 566118 803343 213453 542605 901338 1 810223 804561 886774 446531 783151 725757 201730 179535 227080 849757 585160 706078 312786 489950 568568 449455 596613 124568 842513 773179 156243 646755 418803 621916 254329 559802 694324 258129 838674 623350 410074 672093 405911 270492
 600369 177432 238063 531345 671884 469465 594593 813616 355726 835454 631655 593807 683128 590137 889463 621720 409283 568008 810814 944424 555853 668559 17220 780777 644744 829427 801878 679834 401859 511887 358522 101920 1007279 964958 609622 788167 156993 671296 520967 219081 356001 346501 761990 271772 365122 810223 1 795281 233308 584808 90261 135923 849498 654200 583325 643454 428987 141646 1012434 691679 244700 906705 845303 913661 336697 113956 952431 288081 880061 769726 997849 642022 572285 720977 136911 368971 1065128 820591 405222 852556
 227488 851212 685726 1014800 164234 935736 1080762 329845 828439 304530 247292 702020 113452 412022 694856 1038330 390344 393496 673866 544591 735801 476414 789685 45831 1076299 507348 667525 928832 438800 292453 531600 852164 618312 481750 193103 434928 663896 805553 732353 602703 489710 472962 595903 739395 523033 804561 795281 1 639093 387702 706368 663193 650422 810022 707251 199171 400375 664966 720292 314729 675138 459921 260809 802799 504866 869095 831076 519731 466642 190624 768602 257896 225606 959790 691125 442714 688135 163414 708965 588178
 419960 390774 350457 724179 492493 651584 792468 745627 523234 757444 435074 674523 535590 561976 918345 803365 303667 531224 847532 918633 654390 661062 218418 614650 831926 812324 838185 818750 354258 347176 371256 331854 990616 916775 477035 754776 85297 773719 623649 68054 332507 167305 782413 413581 140092 886774 233308 639093 1 546469 163946 188300 872346 761132 667463 459569 360929 209360 1024495 627579 349533 862953 753530 969727 135036 345772 1008949 245549 842804 664943 1026972 555126 436767 860916 97291 299074 1056579 704656 514901 856112
 379878 564800 388208 643285 398333 568111 705508 233811 479450 262082 444561 314763 303845 27306 399942 656139 254951 16803 346435 372712 348610 129743 587473 408737 694212 266429 337797 541292 194552 329123 230286 599390 444152 381247 241924 209525 517863 420925 347486 482167 231183 412792 267895 418210 509594 446531 584808 387702 546469 1 515545 455030 350980 423879 319643 403314 186363 444414 486743 117996 377343 323920 286146 481993 456544 614347 517941 313164 299927 244971 502266 129995 247940 572978 540834 247443 510630 305746 345085 318432
 510112 226915 214453 564595 581634 494802 631789 739514 369966 759222 541915 566096 594661 523724 844618 647669 323032 498874 768143 882330 535566 609384 83318 691108 674505 769044 758974 681021 325988 421761 298026 174430 948271 896784 522369 722720 79171 654305 502058 134025 284371 257153 713052 267441 284011 783151 90261 706368 163946 515545 1 61924 802213 639135 556950 553209 349471 78341 962605 617413 217311 839350 766211 879108 250182 189976 918312 207960 814286 687685 953822 562310 484455 723015 70943 287271 1008925 736913 387271 798809
 477262 223450 165048 537763 547095 463898 606834 680790 335013 701488 514883 509179 550373 462592 783402 615268 274705 438307 707288 820755 481318 547517 134875 650885 644247 707287 698093 634884 267624 385836 236104 194042 886456 836238 475426 661549 107693 600625 448564 137236 224109 236605 651461 225633 284563 725757 135923 663193 188300 455030 61924 1 740738 586251 500494 520791 293431 21462 900860 558681 165832 778597 710133 819665 240357 210935 858921 152213 753212 633855 892652 506576 438815 677039 114416 233050 947012 684692 335407 736909
 717199 764445 614837 663710 719326 617270 700555 330854 600269 366395 779835 296583 607646 327296 49061 622562 601033 361490 59929 199817 354748 221549 857424 686716 655181 149533 63965 442220 522408 677829 507758 828084 209820 286012 569610 216283 826766 312399 384239 804854 539915 756671 90038 605845 855120 201730 849498 650422 872346 350980 802213 740738 1 331425 309866 732650 527172 724173 164600 347811 606761 250562 416946 153445 799535 838994 180761 627194 221965 460538 154747 432245 586769 449311 845251 580338 239017 502592 474806 71337
 781042 519531 424857 335328 813231 299869 369147 563819 325540 603152 845182 110791 726856 398478 342850 291910 581655 420736 271675 521069 107132 347357 667013 832566 325762 428904 267634 124481 482883 707938 410337 599665 541201 595758 659233 455058 691346 21517 137832 695624 466651 704701 292463 382529 798476 179535 654200 810022 761132 423879 639135 586251 331425 1 109539 812045 510408 565381 475352 505592 421870 546393 647660 303005 739310 605652 335776 535625 512572 646627 426213 552472 655698 150172 700667 532586 565443 704117 251928 384635
 671629 469473 346615 370206 704703 313098 419520 481627 292335 520212 735709 13283 620663 295362 336168 354676 473365 315100 255926 476721 46013 259875 594501 727943 391885 371399 248812 221659 374784 598478 306914 542223 511487 540510 551452 381930 602314 113864 74759 600664 361419 600591 245031 317683 695879 227080 583325 707251 667463 319643 556950 500494 309866 109539 1 702942 401395 480444 470269 409976 341586 486277 561533 333987 636614 550727 371847 434548 452171 550910 436151 449367 546854 254431 614163 425851 548569 609899 180526 346093
 43575 730602 584220 953671 35388 872297 1023339 455622 751121 443931 53524 701342 140512 430615 780883 995471 275108 400718 740820 674047 720470 524194 635048 163497 1032245 607716 732886 919224 358125 137101 454798 714796 751498 629432 163876 532989 498362 812845 707627 434278 400130 301054 660328 647432 332879 849757 643454 199171 459569 403314 553209 520791 732650 812045 702942 1 320800 527614 835505 387029 574907 594060 413228 876283 324902 731711 909757 397755 590920 320998 870866 300411 157020 955515 524911 336250 823342 327040 653815 682005
 283046 454095 285408 634224 332456 553060 703417 392763 435774 410412 343782 402625 288885 204244 575254 674757 76155 171840 512510 557740 410989 307885 428237 400642 711466 452790 503325 608071 39101 199999 136037 465923 630182 558186 207838 393853 338922 514985 393669 297973 89356 229539 439325 340133 327968 585160 428987 400375 360929 186363 349471 293431 527172 510408 401395 320800 1 288170 670825 271471 274782 503182 416875 644120 272655 482388 682111 141610 482136 341352 681157 213156 181993 646450 363568 64127 696980 394290 333017 501965
 484041 209870 143619 517802 552996 443441 587101 672152 314210 693812 523747 489288 551793 450909 766400 594538 275060 427638 689821 807850 460680 533601 143115 654093 623753 693835 680657 613443 260261 391701 221925 188252 872711 825284 475616 649628 129154 579900 427767 156542 214577 249151 635149 204346 301957 706078 141646 664966 209360 444414 78341 21462 724173 565381 480444 527614 288170 1 884932 550157 144545 767350 703894 801011 255792 205247 840235 148721 741428 629415 875579 500886 439832 655595 135400 229737 932568 681296 314309 721752
 826833 928946 778788 810669 816863 770722 840834 390965 762240 416536 886075 457060 700821 466692 134690 759070 741608 499838 214349 180725 513950 363859 1019951 761632 788775 229675 221665 572443 671033 801037 665990 992592 125735 265305 678113 303236 983426 454645 545019 957752 693687 899275 250447 770434 996335 312786 1012434 720292 1024495 486743 962605 900860 164600 475352 470269 835505 670825 884932 1 451467 770544 264461 463713 202075 942886 1003564 196237 781064 253695 532346 74795 541011 701893 570694 1002957 727995 101252 559744 638931 168891
 375724 681375 504468 752914 371959 679829 812836 122120 596006 145687 436144 402562 259924 128859 395294 758428 324500 133253 363231 304511 445195 162643 692962 345752 796363 222017 356244 628073 291427 353217 343968 712727 381500 289528 226855 148479 610379 498684 449735 567373 335693 477944 283648 536128 568533 489950 691679 314729 627579 117996 617413 558681 347811 505592 409976 387029 271471 550157 451467 1 493515 237791 168311 496046 521650 728059 527351 410320 222621 141173 483906 89683 250980 655647 635009 335596 452445 199963 459986 294979
 532725 187999 11074 398909 593527 319615 469778 611079 188990 638941 584032 351392 563251 375505 645693 465049 300193 361129 566585 714672 318421 438311 254494 674058 497054 598448 557715 469698 236680 439448 152070 227747 773095 745324 482360 565898 272997 437002 284762 289474 185431 344906 520480 75696 420066 568568 244700 675138 349533 377343 217311 165832 606761 421870 341586 574907 274782 144545 770544 493515 1 686205 658745 669402 365668 241214 708292 182330 656956 598657 753716 466366 454002 511874 279829 239849 827741 656231 170155 614052
 592492 868231 696463 856436 571173 795871 904474 138449 743543 155704 646691 474383 454673 316582 279229 834351 561208 340526 300758 84918 531233 252804 910122 502779 869939 117492 299561 667735 517179 585111 548750 913237 159184 59183 448272 120364 840361 531222 550495 801091 555050 715660 254490 711966 806149 449455 906705 459921 862953 323920 839350 778597 250562 546393 486277 594060 503182 767350 264461 237791 686205 1 200334 394862 759404 927220 411986 636504 34143 277352 322506 321781 479159 682310 863901 566771 230375 297412 604830 179608
 419890 846734 669771 915827 386124 844566 973630 87868 763976 50556 466745 552482 273147 296500 456218 915050 453375 300991 452736 285251 600509 302035 845000 304708 952649 267562 448334 772047 443836 434477 507579 873840 357765 221744 290522 205907 749186 637529 609027 699330 492136 592231 383504 703798 671697 596613 845303 260809 753530 286146 766211 710133 416946 647660 561533 413228 416875 703894 463713 168311 658745 200334 1 569911 633738 889585 593372 558480 211227 95033 517310 203936 328245 795329 775176 479131 427340 97490 627253 348474
 857915 802906 675633 631683 865088 602624 654107 484192 618593 519359 921633 322282 755653 456036 115747 570064 719984 489724 135882 329474 370005 353969 923879 838285 597214 302355 144284 382009 632542 811023 598542 876171 308872 420659 712455 369558 914741 281489 404759 901674 640403 870510 216083 651449 969429 124568 913661 802799 969727 481993 879108 819665 153445 303005 333987 876283 644120 801011 202075 496046 669402 394862 569911 1 911818 884708 39317 725252 369538 613401 134977 577068 726145 374944 930150 690450 303023 656031 514371 221780
 284968 463667 370569 762850 357570 684702 833377 634727 553705 642465 302801 641290 403356 476247 847393 830540 201793 443073 782630 821660 632789 580506 325174 479722 862721 721719 773358 814957 279361 214136 329712 423804 896342 810447 349656 658328 181530 748642 606406 117693 276871 43976 711172 439559 59266 842513 336697 504866 135036 456544 250182 240357 799535 739310 636614 324902 272655 255792 942886 521650 365668 759404 633738 911818 1 439743 950379 204320 742422 542355 953716 442178 309593 856421 206161 221370 964836 578077 510342 774150
 688174 88271 231227 435780 757774 382557 494926 847841 286173 873704 725222 562570 755727 614672 874888 530935 478753 597783 794398 955480 516576 679379 130460 859130 550374 839182 785939 612324 449495 596460 384330 16995 1012606 986300 678365 806967 265767 624635 481330 323991 398915 443468 755369 234370 473472 773179 113956 869095 345772 614347 189976 210935 838994 605652 550727 731711 482388 205247 1003564 728059 241214 927220 889585 884708 439743 1 922417 349813 898131 821743 980769 690445 643581 651810 248584 429196 1065426 876288 370630 851567
 892281 840167 714443 660415 897760 634393 679919 508913 654450 542936 955720 360332 787257 492268 137290 595158 757869 526124 171547 341551 406909 389197 962741 867476 620890 326660 180326 407498 671048 847063 637789 914057 312155 433010 746081 396463 954057 314329 441847 940895 679411 908940 250724 689488 1007873 156243 952431 831076 1008949 517941 918312 858921 180761 335776 371847 909757 682111 840235 196237 527351 708292 411986 593372 39317 950379 922417 1 764389 388802 640985 123212 609890 760770 397129 969457 729013 297151 681638 552350 245198
 354756 335134 190401 578309 419262 497764 649237 532287 368924 551356 403212 439981 406286 324728 672939 637336 129838 296879 602024 684750 428852 419106 286810 511748 671261 574533 592676 611135 119551 260867 129007 332956 753980 693021 328553 522473 205161 545539 402111 177762 87423 173470 537195 257697 263214 646755 288081 519731 245549 313164 207960 152213 627194 535625 434548 397755 141610 148721 781064 410320 182330 636504 558480 725252 204320 349813 764389 1 613086 481650 781705 354696 294127 652452 227686 81073 817830 532821 307866 613401
 586861 837903 667103 822345 569654 761985 870332 138171 710756 163035 642938 440260 452998 290623 253836 800277 542711 316292 269947 83490 497165 221342 883884 508270 835904 83815 268288 634167 494206 574192 521658 884343 161259 90841 440534 91897 817625 497553 516609 780035 530382 698530 220994 681038 790543 418803 880061 466642 842804 299927 814286 753212 221965 512572 452171 590920 482136 741428 253695 222621 656956 34143 211227 369538 742422 898131 388802 613086 1 279723 306219 309690 469483 649177 840742 545221 233093 306299 572265 150633
 325606 785474 609728 888064 295654 813080 949622 141584 721484 123486 374376 543649 180487 262802 504477 897542 368917 256657 486519 360451 585365 301594 768211 229825 935553 316725 480629 769239 372334 340140 446636 805545 436463 308806 196205 244568 665386 639406 588428 613068 422905 501598 410254 650504 578589 621916 769726 190624 664943 244971 687685 633855 460538 646627 550910 320998 341352 629415 532346 141173 598657 277352 95033 613401 542355 821743 640985 481650 279723 1 578551 132317 234641 796609 691840 400914 507713 60775 589349 397598
 858860 902862 761222 759811 854603 725271 785675 439120 727875 468371 919968 423298 739953 479639 109315 702418 754473 513682 187151 242665 477402 374056 1006473 808328 730531 264456 196003 514569 677064 825612 661205 970764 197893 331589 710109 339328 980449 404929 510365 959417 694491 910696 244561 746451 1008950 254329 997849 768602 1026972 502266 953822 892652 154747 426213 436151 870866 681157 875579 74795 483906 753716 322506 517310 134977 953716 980769 123212 781705 306219 578551 1 572000 730630 509316 998494 734943 174451 611197 611659 189267
