NAME : domp90p45v10
COMMENT : Cherkesly, Contardo & Gruson 2022
TYPE : DOMP
DIMENSION : 90
DISPLAY_DATA_TYPE : NO_DISPLAY
OPEN_FACILITIES : 45
COST_SECTION
 1 662891 703314 625138 924838 336918 304904 859130 391485 841633 1006474 771057 656168 804750 84963 729316 887654 395394 454102 863481 446400 595416 937404 416245 728009 364273 368668 458236 604638 612356 726579 787278 971154 654898 686758 459209 850894 350570 665538 233804 759494 795764 827119 690841 362388 414229 233214 796740 811970 774011 689401 970626 931380 1169897 761767 370902 833988 1006339 125593 381134 501424 602264 416911 503472 810328 932599 484493 743519 313394 401979 400055 857971 447055 685078 119124 230242 842963 621010 851164 640339 478205 328070 249975 1098054 423308 565452 115484 812899 88647 374428
 662891 1 363883 514398 778856 333374 375655 810423 286485 798805 677483 158964 52783 798520 604520 1032819 429539 504232 880369 471999 588155 852367 743426 305709 759107 729611 320597 770631 1002100 260832 114908 177575 702300 1014995 70792 591949 755427 685726 448002 626851 130829 994239 841763 750457 561017 275358 430894 155142 1147144 252335 730421 636491 736874 868114 614919 715987 171102 826188 537404 830552 202353 433696 724442 712391 880590 517091 668207 536821 411006 867114 263825 651234 243314 574766 569943 503218 670884 698446 195102 89843 723307 534612 824768 788832 241438 397299 602592 924094 750607 813496
 703314 363883 1 203107 415189 490761 419147 456983 362925 447458 344581 281299 414201 456066 620886 769537 189246 352099 707330 162672 384920 601248 380278 304951 434012 574677 516879 571106 788160 125402 473275 279610 349376 780387 434148 380627 397335 535429 110510 546154 303940 693744 500235 437744 414913 333637 530789 331412 883616 175678 414833 303181 373648 533960 258975 556198 425032 463503 596083 684106 278343 143838 540520 481201 550654 230812 443012 177201 390835 718958 429067 287417 315375 238586 664011 476144 307698 407050 483520 445487 506644 418982 753951 453904 424110 152645 599134 601896 773727 666717
 625138 514398 203107 1 322068 515134 402431 309014 388953 294805 387763 470872 557495 286672 540319 566436 362840 230673 524417 299360 217052 399739 319374 317868 245264 407582 555555 384743 591067 255429 629231 472720 346129 579566 584148 208458 267809 374702 94024 422371 488323 494952 328920 241114 277702 364755 514195 520819 680536 376286 219397 356004 312889 544767 143325 388472 611157 396214 543367 512874 357155 80705 362785 288024 366474 362011 254943 122196 345966 545127 475422 233833 365345 71923 620585 398936 224407 204157 666072 580743 317429 300978 612785 473484 480807 122258 510770 412165 678930 496399
 924838 778856 415189 322068 1 836031 724342 126264 708035 135640 248541 684374 828584 183542 841912 592321 443828 533883 695649 362427 481081 498859 64264 637325 244159 633319 874872 568544 693011 526361 888306 678110 164399 652668 849268 468596 83041 616489 342900 701749 711015 456410 206028 283071 562792 682380 835345 732391 683533 566626 269978 255019 66353 291381 180600 616092 826488 83525 856574 715675 660606 384568 574344 472436 277320 374728 467158 245370 666090 738125 792228 130409 678619 251275 935014 708572 108652 331091 887122 858557 507760 597364 857251 252997 795182 432765 809412 334284 966052 703233
 336918 333374 490761 515134 836031 1 131885 815928 130620 800008 832977 461966 320873 779562 292854 874906 646576 357728 654854 649507 451826 702192 825102 199406 715474 512123 50190 583871 798382 370438 389693 479958 824220 829280 350637 461873 781958 473546 505728 373209 444339 885011 815522 690201 382888 159019 105323 478461 980308 496549 677796 792201 818322 1018487 655525 505230 503340 906108 214710 590472 220702 453641 532690 567307 828128 713751 528020 603398 201808 623894 73706 732026 175720 586985 236890 245932 733161 621212 516019 303494 561766 340399 535330 939488 93049 405598 301804 853888 425563 575925
 304904 375655 419147 402431 724342 131885 1 694395 90240 678018 748824 468227 381327 654753 234551 745763 594640 226512 537456 581814 320103 571488 719564 116028 588277 390304 181437 456424 676404 314240 459774 483896 729786 703831 414243 330312 664965 349605 409500 262192 458836 753148 689245 561445 251672 109768 114471 497059 852731 470126 550046 709594 712910 927762 545431 381518 544091 798212 184253 477419 197205 351189 405430 435679 698845 649580 396164 502607 69975 512512 140795 629181 143216 473156 245735 132552 625516 491620 570162 376123 431055 210018 450081 850648 162323 305391 228148 723116 387866 461708
 859130 810423 456983 309014 126264 815928 694395 1 693930 17502 368248 737297 856946 63759 779245 466311 528692 483403 585897 445743 413575 382239 186354 623091 138212 540783 859027 466744 571587 550138 923754 733981 284813 528852 881146 400719 67545 530399 362422 628571 760841 330596 79786 178843 499115 671275 799511 787036 557500 624643 173169 368130 186241 413366 198011 524990 881168 196425 805111 613163 665772 385594 480230 377644 151237 472228 381600 280201 630142 632400 781841 211360 673824 239857 883951 656358 172328 241222 940232 883130 411680 538609 764377 379147 788510 430719 745156 208814 891041 602230
 391485 286485 362925 388953 708035 130620 90240 693930 1 678504 703369 379690 295438 661290 324092 799181 526824 262802 610244 523567 357724 620745 695391 71096 601230 460295 166857 516635 743205 246522 375297 395802 693614 765430 328625 365772 656688 417618 375270 343701 369268 791355 699137 579364 304616 29309 176947 407261 909455 389912 564887 662809 688595 888158 527439 449237 454100 776822 267783 554315 110831 324298 466823 480748 717657 589245 438315 473242 130273 590237 89114 601966 56658 460852 319862 217283 604092 513259 481417 293976 482054 268853 538309 809315 101256 276089 318387 748244 476106 537909
 841633 798805 447458 294805 135640 800008 678018 17502 678504 1 372865 728285 844934 49203 761772 456965 524920 466314 570554 442080 396115 368035 193203 607748 121450 523792 843338 450367 558986 538240 912414 725355 290107 517382 869472 383260 67384 513124 350962 611078 751397 324038 73400 162127 481679 656084 782782 778157 550256 616547 155905 370817 192505 425187 188752 507917 872157 209297 787834 596957 651859 372154 463290 360654 144728 470966 364232 271345 613519 616550 766577 210218 659094 226508 866666 639108 170204 223843 930949 870705 394804 521248 747497 388472 773505 416797 727673 203210 873586 585875
 1006474 677483 344581 387763 248541 832977 748824 368248 703369 372865 1 546853 730228 414407 921568 823029 263259 616572 877206 205510 599961 702889 184375 640191 452810 782835 860985 739565 903692 469575 772409 534995 84162 871902 742632 589752 306648 754978 342752 810131 577709 696484 446246 483925 665444 674362 863038 587634 921451 430453 464025 41747 183162 191614 278255 763968 675941 225943 913481 880963 622917 405266 730607 637892 517526 173550 617692 265723 707300 909400 773245 184644 658662 344471 987058 776783 221876 506043 736690 765866 672461 687613 996945 111602 768680 446334 893969 576074 1064805 865910
 771057 158964 281299 470872 684374 461966 468227 737297 379690 728285 546853 1 206908 737267 702714 1026723 287284 532711 915539 344359 600519 850358 640126 369521 711870 768534 460063 791516 1020817 229210 228838 18935 584020 1023771 207919 600936 675945 725028 386363 691200 31788 965678 781430 711663 596010 358604 547772 50261 1141918 119271 689485 507591 634018 733547 539552 752429 143878 719813 646657 875839 271337 395061 750863 717001 830357 377884 674178 457107 483095 912542 388418 553981 325011 517429 691509 580668 580700 671740 203361 245424 735038 580200 899403 656186 369586 373568 693926 880046 855722 858220
 656168 52783 414201 557495 828584 320873 381327 856946 295438 844934 730228 206908 1 843030 603145 1064015 481956 530222 900350 524754 617514 883350 794252 325809 801122 749521 300630 795764 1026479 306825 81179 224974 754486 1042197 33251 622183 803132 705933 494839 639078 176942 1031178 885942 790788 584112 289346 422956 195103 1177698 304783 771313 689210 787664 920892 662572 736817 187639 877207 531624 847561 227325 476906 748305 742588 922674 569747 698433 585502 424247 883827 256744 701604 259955 619790 557223 512271 720350 736479 195178 38519 751457 554716 831229 841594 233176 438294 604304 964740 744595 830816
 804750 798520 456066 286672 183542 779562 654753 63759 661290 49203 414407 737267 843030 1 726196 410951 549383 437539 522144 467240 361760 318885 238547 591229 77622 479618 824231 403854 510035 537806 912933 735576 332971 469133 868816 348969 108296 470987 353709 572671 758908 282696 44170 117480 447655 640253 756594 787436 507058 628777 115400 409325 237224 474002 202619 464237 880800 258476 756006 549966 642446 366580 418897 316662 106452 501439 323440 284222 588565 568842 750058 243419 645691 223912 834639 607887 202460 183962 938599 867118 350166 488640 702662 435607 758362 408592 691707 165105 833654 539257
 84963 604520 620886 540319 841912 292854 234551 779245 324092 761772 921568 702714 603145 726196 1 680043 806445 310924 416117 780271 365721 534456 853374 340443 650067 305748 332514 397902 567656 533728 677308 718242 886275 612610 634920 378574 768901 284850 580870 162816 693280 734345 750224 613809 280669 344117 188140 731352 770014 698409 611130 885812 847306 1085085 677455 309087 774882 923049 84102 343932 431482 517560 352697 431984 736982 849444 409344 658561 233141 370594 346980 773337 377726 600753 132787 145891 758776 543132 796558 591236 409488 244582 247725 1013122 370742 481279 35312 743011 155569 333940
 729316 1032819 769537 566436 592321 874906 745763 466311 799181 456965 823029 1026723 1064015 410951 680043 1 914306 538416 283437 838416 447026 180667 649446 746232 373511 376781 925095 292502 160480 798859 1143843 1031290 743125 96425 1095548 441874 519066 407469 659872 526071 1039407 151302 387019 349946 495883 791664 804720 1075190 115222 941244 372896 813829 648174 877317 572626 377776 1159965 659475 747670 353042 837115 634416 343445 321668 317380 886375 365715 637025 678560 342789 880446 643934 813355 545268 812504 635033 603793 363108 1209415 1075662 317128 535867 518843 845316 898076 653271 647362 265939 712307 356634
 887654 429539 189246 362840 443828 646576 594640 528692 526824 524920 263259 287284 481956 549383 806445 914306 1 540598 884793 82965 566248 757897 388332 478619 551728 758124 663761 746064 952922 281154 515595 274002 313112 937876 490081 560515 461492 720312 272669 735361 318796 817765 591424 566940 602654 498026 701748 325515 1025051 177205 543515 226494 383319 446694 350598 739341 412741 459551 776174 866748 425908 324503 719899 650776 654103 90937 616290 277826 574262 900765 577766 320147 473263 369300 840262 662894 356842 554376 473439 519352 679442 608092 942702 370280 567332 341090 786050 710940 960406 849603
 395394 504232 352099 230673 533883 357728 226512 483403 262802 466314 616572 532711 530222 437539 310924 538416 540598 1 383104 497367 95354 358817 542732 207947 366971 236158 406349 266408 497954 311031 611079 542451 576694 511986 562620 104488 464414 193117 284362 197751 536998 530079 468920 337463 64837 253417 320141 575792 650328 481244 327982 582864 536607 774935 366558 219753 649168 613859 323529 344670 303209 222451 221110 218186 473692 565613 175515 351235 156854 381122 348016 462632 275204 289857 402313 174887 447969 266568 691441 539057 222260 71306 402135 704153 363464 199557 280485 496640 448495 326986
 454102 880369 707330 524417 695649 654854 537456 585897 610244 570554 877206 915539 900350 522144 416117 283437 884793 383104 1 823766 323251 210876 736638 575213 452092 150867 703733 140091 151616 690940 981444 924838 810820 201422 933468 326773 612693 194659 612130 282385 920092 385058 521896 412610 321309 611724 568318 958895 357962 857003 426441 855188 732886 984463 599308 164632 1031206 776596 492317 73028 678071 563824 167387 240839 473360 885358 269501 633361 480192 60171 678234 694030 640398 540567 548203 409368 661040 372878 1071387 903209 208106 345913 235692 932500 699338 561234 386922 448710 429980 82339
 863481 471999 162672 299360 362427 649507 581814 445743 523567 442080 205510 344359 524754 467240 780271 838416 82965 497367 823766 1 511235 686503 308722 467389 472310 703624 672475 684002 883934 279241 567715 333882 240830 865906 537217 504219 378528 667963 216408 694804 374570 737954 509001 489453 556528 494267 693216 387629 947995 226266 466157 164782 303411 396313 270221 684605 478842 382929 758192 810674 432168 275378 661493 586159 572377 69202 554272 201710 552228 843613 584880 237424 473810 295757 826624 634737 273885 481641 540018 560533 616479 567269 897893 316846 577600 301734 757098 629563 931590 793896
 446400 588155 384920 217052 481081 451826 320103 413575 357724 396115 599961 600519 617514 361760 365721 447026 566248 95354 323251 511235 1 266527 499999 300273 287084 192440 500833 191558 420465 372389 697743 608256 548875 427635 649344 12856 405095 157717 295366 220822 608381 434752 388740 253532 85897 347117 407297 646221 560249 534847 247775 570587 494456 742275 330701 173473 724872 563724 394994 300509 390326 242353 155930 125371 386020 576410 81540 337314 250135 334640 443346 430464 367015 257072 473358 248234 408402 181692 770493 628639 135850 127883 397094 676767 458602 238094 331823 404958 485023 283413
 595416 852367 601248 399739 498859 702192 571488 382239 620745 368035 702889 850358 883350 318885 534456 180667 757897 358817 210876 686503 266527 1 546189 566272 255942 231148 752277 137217 201238 621600 963208 855723 629466 180096 914901 261214 417266 250317 493736 373104 861904 200386 313749 220240 319949 612233 638771 898262 294801 769438 239005 686744 543301 790160 433112 225541 981664 576925 593324 255999 656463 461931 182390 141170 262550 740548 185107 485707 503038 265052 703527 518438 633264 390871 663815 468489 481350 205277 1030236 895098 140448 361796 425083 744825 720443 476954 499903 239718 595922 250785
 937404 743426 380278 319374 64264 825102 719564 186354 695391 193203 184375 640126 794252 238547 853374 649446 388332 542732 736638 308722 499999 546189 1 625698 290298 663756 861475 605282 743492 497767 850376 632629 100213 705920 813188 488002 131067 643340 322162 720327 667912 516804 265747 326794 578054 668550 832497 687036 743386 521268 310707 191339 6837 248567 176883 645862 780550 83631 861817 751630 638984 371512 606371 506325 337349 315019 496021 222972 665149 776079 776816 94980 661686 253238 939468 715639 95169 365921 841541 825762 541826 609427 886192 198834 777896 419505 822015 395165 983672 738296
 416245 305709 304951 317868 637325 199406 116028 623091 71096 607748 640191 369521 325809 591229 340443 746232 478619 207947 575213 467389 300273 566272 625698 1 532429 424355 237788 470908 700984 198346 406987 383541 626854 718587 358755 307022 585593 380588 307095 325339 364990 730137 629539 511817 258574 49581 225843 404237 858273 358117 496628 600186 618919 822804 456729 411238 463874 706758 299033 524891 104770 254243 422829 425226 649907 534674 381758 404194 113581 561488 158924 532724 67321 389773 361681 211221 533866 447115 498928 332038 430159 229304 530745 744535 167744 206196 327468 682201 495869 507804
 728009 759107 434012 245264 244159 715474 588277 138212 601230 121450 452810 711870 801122 77622 650067 373511 551728 366971 452092 472310 287084 255942 290298 532429 1 402683 761397 329171 453774 500691 874005 712104 376103 419230 828481 274409 161730 393411 325644 495512 731096 266097 102072 40682 372855 581911 687046 762095 478518 609540 39337 441132 287521 534854 202409 387061 853876 324508 682033 476003 591955 325727 342073 239575 121553 515536 245880 275435 520728 496415 690334 271019 590201 195435 760441 534605 231499 107013 909861 822810 273481 414684 626172 489040 700170 362905 615419 168182 756105 464678
 364273 729611 574677 407582 633319 512123 390304 540783 460295 523792 782835 768534 749521 479618 305748 376781 758124 236158 150867 703624 192440 231148 663756 424355 402683 1 561777 94036 286462 546766 830630 778515 725043 318989 782628 199576 551578 43981 487797 149380 771919 431493 492090 362243 172562 461086 432503 810925 473714 715645 368468 756023 658995 911420 506746 19113 881595 716728 370907 109742 527365 433709 60817 163141 461812 768498 167875 525176 330646 145561 530680 605911 489567 438554 437177 266511 578312 302899 921020 752701 129606 195063 224215 851365 551219 424303 272028 455793 368672 92188
 368668 320597 516879 555555 874872 50190 181437 859027 166857 843338 860985 460063 300630 824231 332514 925095 663761 406349 703733 672475 500833 752277 861475 237788 761397 561777 1 634020 847890 393637 363288 478582 856226 879229 328036 510690 823136 523459 540297 421686 439615 934509 860872 736977 432829 192944 144925 471400 1030434 506321 724045 819809 854665 1048418 694281 555101 487006 943225 251180 638687 240323 490884 582836 617090 875110 734908 577551 638881 251164 671746 87822 767657 202841 627476 260526 295371 770666 668528 494083 278340 611841 390484 577906 968909 96572 442633 344504 901859 456927 624368
 458236 770631 571106 384743 568544 583871 456424 466744 516635 450367 739565 791516 795764 403854 397902 292502 746064 266408 140091 684002 191558 137217 605282 470908 329171 94036 634020 1 231621 563841 876798 799557 675294 248800 828372 192835 485632 116027 473474 237813 798535 337602 411300 288568 212755 512802 512251 836689 396500 725858 298873 716527 601127 853825 461330 88855 913475 651020 459360 147179 569277 427277 51189 101707 374862 745321 129871 493351 391221 171024 593902 557480 538006 400884 528173 342554 525913 239370 957184 802920 68060 248431 302396 798758 612813 428423 363610 364656 461241 135513
 604638 1002100 788160 591067 693011 798382 676404 571587 743205 558986 903692 1020817 1026479 510035 567656 160480 952922 497954 151616 883934 420465 201238 743492 700984 453774 286462 847890 231621 1 792162 1107598 1028190 829285 64226 1059219 419910 613156 326905 684125 429304 1028821 297919 496974 420067 442424 741389 715740 1066684 210035 949995 439670 887953 740985 984016 634185 294998 1144628 767988 643155 224393 800477 645410 278182 307509 434705 939743 348211 684428 614943 203432 816388 719409 767758 589327 699814 552521 681939 405078 1188744 1032579 286015 474536 375304 942317 836495 652746 538128 393981 575471 233723
 612356 260832 125402 255429 526361 370438 314240 550138 246522 538240 469575 229210 306825 537806 533728 798859 281154 311031 690940 279241 372389 621600 497767 198346 500691 546766 393637 563841 792162 1 375128 236029 473759 794563 331350 372287 496722 504066 188103 487084 240550 744664 581170 494905 375660 217457 420615 276668 914080 172333 473921 428038 491003 659327 356247 529819 361747 581396 497201 655661 153759 175236 524780 487798 621812 343437 445049 281265 300748 692045 305896 403189 194905 313970 559493 394870 417709 448591 413823 333995 506210 366542 698132 579236 299680 146050 516792 667298 689129 637975
 726579 114908 473275 629231 888306 389693 459774 923754 375297 912414 772409 228838 81179 912933 677308 1143843 515595 611079 981444 567715 697743 963208 850376 406987 874005 830630 363288 876798 1107598 375128 1 243867 803637 1122997 48463 702173 867766 787066 561454 718975 197093 1108274 956277 865287 665257 370171 493896 199384 1257746 341973 845302 732309 843936 960827 727454 817974 152685 932411 603297 928330 307957 548537 829431 822641 995480 605785 778461 648320 504673 964536 330398 759544 341073 689077 623313 591443 780968 812780 136136 86292 832022 635867 908904 882732 306621 512142 680172 1038967 815215 911636
 787278 177575 279610 472720 678110 479958 483896 733981 395802 725355 534995 18935 224974 735576 718242 1031290 274002 542451 924838 333882 608256 855723 632629 383541 712104 778515 478582 799557 1028190 236029 243867 1 574241 1030039 224901 608304 671905 735156 386469 703835 48384 967668 779746 712978 606123 374164 564924 54408 1146426 111515 690601 496155 626608 720655 536627 762196 148403 711642 663120 886245 286762 398180 759596 723464 829888 364851 680932 454011 497101 922899 406351 547714 340722 517144 708788 594762 575412 674692 209064 263468 742235 591416 912608 643747 387735 378778 708912 880264 871616 868601
 971154 702300 349376 346129 164399 824220 729786 284813 693614 290107 84162 584020 754486 332971 886275 743125 313112 576694 810820 240830 548875 629466 100213 626854 376103 725043 856226 675294 829285 473759 803637 574241 1 795101 770113 537822 224741 700158 320547 764883 613616 614105 363357 409353 620241 665336 844182 628204 839814 465027 390686 96015 99101 199381 218875 706491 719670 150057 885452 819265 623504 379190 670419 574193 434830 230683 557849 229361 682156 846119 769344 119169 653552 292060 961179 743776 149814 437988 780847 788369 609344 646532 943480 128054 767353 424401 856897 493163 1024392 804882
 654898 1014995 780387 579566 652668 829280 703831 528852 765430 517382 871902 1023771 1042197 469133 612610 96425 937876 511986 201422 865906 427635 180096 705920 718587 419230 318989 879229 248800 64226 794563 1122997 1030039 795101 1 1074535 425152 574900 355785 673503 466682 1033680 238515 451960 388800 461267 761264 751482 1070813 157485 946844 409979 858676 703879 942217 608550 324244 1151696 724931 685095 273986 815051 639801 299021 306833 386468 918810 350112 664663 639632 258012 842232 688903 785841 570149 745347 584736 650197 384268 1198054 1050556 291889 497104 432889 904232 861398 651822 581610 341595 630734 280669
 686758 70792 434148 584148 849268 350637 414243 881146 328625 869472 742632 207919 33251 868816 634920 1095548 490081 562620 933468 537217 649344 914901 813188 358755 828481 782628 328036 828372 1059219 331350 48463 224901 770113 1074535 1 653825 826219 739015 518734 672289 176570 1060946 911964 819035 616914 322581 453592 188189 1209396 313797 799272 701986 806666 932447 685710 769861 165671 895754 562577 880795 259495 503454 781063 774283 950015 579149 730107 607547 457496 917067 288122 721347 293075 645168 586274 545361 741408 765747 166073 51828 783572 587776 864016 853630 264441 466053 636585 992863 775283 864042
 459209 591949 380627 208458 468596 461873 330312 400719 365772 383260 589752 600936 622183 348969 378574 441874 560515 104488 326773 504219 12856 261214 488002 307022 274409 199576 510690 192835 419910 372287 702173 608304 537822 425152 653825 1 392412 166439 288870 233196 609450 425909 376127 241095 98694 354377 418857 647059 555574 533025 235090 560793 482497 730743 319409 180505 726670 551312 407632 306675 395251 237416 159951 120489 374096 568923 76297 327902 260394 340295 451969 419243 373438 246294 486040 260654 396698 169250 772974 634004 134187 140392 407195 665638 466832 235644 344664 393839 497463 289764
 850894 755427 397335 267809 83041 781958 664965 67545 656688 67384 306648 675945 803132 108296 768901 519066 461492 464414 612693 378528 405095 417266 131067 585593 161730 551578 823136 485632 613156 496722 867766 671905 224741 574900 826219 392412 1 535975 308731 624873 700336 389843 140421 200198 488530 632549 773524 725371 615105 561781 186955 303565 129319 373127 140562 534573 819669 165547 787943 632789 619974 339365 492260 390069 211151 404776 386313 220203 603630 655099 743196 143868 632278 196051 866715 639215 104845 248862 879220 830680 425303 525030 775703 329457 748215 386333 735758 269911 889090 620458
 350570 685726 535429 374702 616489 473546 349605 530399 417618 513124 754978 725028 705933 470987 284850 407469 720312 193117 194659 667963 157717 250317 643340 380588 393411 43981 523459 116027 326905 504066 787066 735156 700158 355785 739015 166439 535975 1 451644 122802 728179 449651 487221 353737 129037 417796 397712 767218 508354 673578 357231 726774 638296 889627 481299 31917 837643 700011 343585 151603 483452 395858 67981 156731 463058 733677 149759 494277 288430 188006 489484 581045 445995 410627 413502 229232 555431 289614 877046 709482 128271 151290 243466 827330 509671 384128 250006 462627 365467 133918
 665538 448002 110510 94024 342900 505728 409500 362422 375270 350962 342752 386363 494839 353709 580870 659872 272669 284362 612130 216408 295366 493736 322162 307095 325644 487797 540297 473474 684125 188103 561454 386469 320547 673503 518734 288870 308731 451644 1 482041 406386 583512 397640 327677 341348 347712 523961 436614 773675 285687 304925 305574 315328 518272 168444 468839 528917 404937 570735 595540 318015 63370 447599 379258 444103 283078 343793 99240 364791 629051 454960 227678 339599 131226 644615 435352 234983 296985 585798 521969 407112 355318 682397 441505 455736 104325 554637 493817 727570 578587
 233804 626851 546154 422371 701749 373209 262192 628571 343701 611078 810131 691200 639078 572671 162816 526071 735361 197751 282385 694804 220822 373104 720327 325339 495512 149380 421686 237813 429304 487084 718975 703835 764883 466682 672289 233196 624873 122802 482041 1 689089 572366 593821 457757 144846 351558 286472 728451 622448 659332 457286 777789 714682 960595 548705 149308 788898 784508 221900 217364 429733 420184 190777 270234 576667 763215 250892 544463 215846 251406 401947 647763 383676 473240 290713 130095 627870 388709 821696 636836 246757 127624 211053 892924 424162 394891 127682 580794 264322 202722
 759494 130829 303940 488323 711015 444339 458836 760841 369268 751397 577709 31788 176942 758908 693280 1039407 318796 536998 920092 374570 608381 861904 667912 364990 731096 771919 439615 798535 1028821 240550 197093 48384 613616 1033680 176570 609450 700336 728179 406386 689089 1 982278 803025 729431 599415 349949 533400 39379 1154627 148603 707553 538241 661732 764834 562864 756254 122855 748128 634477 878259 263658 410953 756665 726881 850393 409285 683626 480748 478156 915024 371252 580726 316094 537610 676472 575267 606473 687226 179713 215388 743629 581390 895733 687294 351431 386387 686007 899146 845071 860707
 795764 994239 693744 494952 456410 885011 753148 330596 791355 324038 696484 965678 1031178 282696 734345 151302 817765 530079 385058 737954 434752 200386 516804 730137 266097 431493 934509 337602 297919 744664 1108274 967668 614105 238515 1060946 425909 389843 449651 583512 572366 982278 1 251062 256094 503544 778588 829789 1015503 227328 869198 279222 692002 516394 734732 467740 425778 1104895 517784 791031 444015 809380 571338 381701 318851 179458 778712 356992 541370 683346 444570 877877 524939 794982 457401 862843 660634 483979 296381 1158378 1047858 330877 547473 615253 708164 892541 599742 699621 122302 794107 442133
 827119 841763 500235 328920 206028 815522 689245 79786 699137 73400 446246 781430 885942 44170 750224 387019 591424 468920 521896 509001 388740 313749 265747 629539 102072 492090 860872 411300 496974 581170 956277 779746 363357 451960 911964 376127 140421 487221 397640 593821 803025 251062 1 136417 474356 678788 788910 831601 477777 672888 141338 443984 265353 491100 246273 477769 924949 273339 783731 555164 683492 409181 431315 330875 71604 541167 343016 328146 622119 571510 788107 281361 685265 267492 862031 636537 240728 207539 982708 909643 362669 516490 712877 458796 797039 450417 715390 129836 852032 545614
 690841 750457 437744 241114 283071 690201 561445 178843 579364 162127 483925 711663 790788 117480 613809 349946 566940 337463 412610 489453 253532 220240 326794 511817 40682 362243 736977 288568 420067 494905 865287 712978 409353 388800 819035 241095 200198 353737 327677 457757 729431 256094 136417 1 338736 561397 657382 761708 458543 613300 23476 469879 323648 572906 222757 346770 852269 364166 648229 435476 576914 319845 301577 199209 138330 536429 207281 289126 492981 456207 668409 300229 571706 201696 726325 501745 262054 71846 907055 810906 232925 381413 585589 525037 679327 353159 578974 174012 717263 424063
 362388 561017 414913 277702 562792 382888 251672 499115 304616 481679 665444 596010 584112 447655 280669 495883 602654 64837 321309 556528 85897 319949 578054 258574 372855 172562 432829 212755 442424 375660 665257 606123 620241 461267 616914 98694 488530 129037 341348 144846 599415 503544 474356 338736 1 300057 328198 638391 605105 546071 333571 633452 572253 816474 404856 156926 709900 644741 309493 280312 358806 281189 164256 184842 469283 624136 147941 399869 183118 316878 384565 503500 325476 328962 387679 164116 484742 266992 750589 590396 179625 44530 341374 748259 402400 262294 247246 484791 405779 262640
 414229 275358 333637 364755 682380 159019 109768 671275 29309 656084 674362 358604 289346 640253 344117 791664 498026 253417 611724 494267 347117 612233 668550 49581 581911 461086 192944 512802 741389 217457 370171 374164 665336 761264 322581 354377 632549 417796 347712 351558 349949 778588 678788 561397 300057 1 204668 388486 902996 363485 546181 633744 661741 859482 501861 449048 439946 750289 291838 558216 87438 298067 463778 471487 699483 559997 428380 446058 135743 594491 110697 574831 33882 436524 346650 228809 577790 496595 470356 291702 474880 267193 550928 780537 118288 249806 336062 731694 497625 541482
 233214 430894 530789 514195 835345 105323 114471 799511 176947 782782 863038 547772 422956 756594 188140 804720 701748 320141 568318 693216 407297 638771 832497 225843 687046 432503 144925 512251 715740 420615 493896 564924 844182 751482 453592 418857 773524 397712 523961 286472 533400 829789 788910 657382 328198 204668 1 569449 905732 566526 648110 823651 825883 1042228 657487 428367 601913 910393 109537 500812 286340 465378 461505 511290 792636 760345 476107 616692 169903 532602 167244 742793 233189 584108 144157 170338 738088 586110 617983 407606 500110 283694 432995 965108 190269 419813 199713 811911 321694 487396
 796740 155142 331412 520819 732391 478461 497059 787036 407261 778157 587634 50261 195103 787436 731352 1075190 325515 575792 958895 387629 646221 898262 687036 404237 762095 810925 471400 836689 1066684 276668 199384 54408 628204 1070813 188189 647059 725371 767218 436614 728451 39379 1015503 831601 761708 638391 388486 569449 1 1190406 165878 739577 549173 681014 772083 589407 795180 94351 766010 671524 917417 302531 444587 795155 763980 880617 416449 720894 506892 517317 954177 405881 601986 354609 567689 712003 614337 629415 721224 154733 232572 781243 620654 934979 695745 385415 421921 724524 930268 882654 899855
 811970 1147144 883616 680536 683533 980308 852731 557500 909455 550256 921451 1141918 1177698 507058 770014 115222 1025051 650328 357962 947995 560249 294801 743386 858273 478518 473714 1030434 396500 210035 914080 1257746 1146426 839814 157485 1209396 555574 615105 508354 773675 622448 1154627 227328 477777 458543 605105 902996 905732 1190406 1 1055873 481850 914974 742760 961240 680036 477400 1275148 744781 841918 430851 950571 749322 447653 435119 406266 993804 479290 747298 786681 412779 989189 746104 925526 656857 902771 737521 705428 476693 1324463 1188670 428177 643659 585303 935486 1007436 768486 738840 349628 785355 438016
 774011 252335 175678 376286 566626 496549 470126 624643 389912 616547 430453 119271 304783 628777 698409 941244 177205 481244 857003 226266 534847 769438 521268 358117 609540 715645 506321 725858 949995 172333 341973 111515 465027 946844 313797 533025 561781 673578 285687 659332 148603 869198 672888 613300 546071 363485 566526 165878 1055873 1 590447 390502 515215 619146 428137 698218 259862 600644 654260 825072 280416 307533 689833 642724 725389 265398 601898 345491 467417 861192 424223 436242 333396 414112 709771 563580 464323 580324 320578 342149 664791 538642 870360 540807 410234 297635 683910 777254 853919 807402
 689401 730421 414833 219397 269978 677796 550046 173169 564887 155905 464025 689485 771313 115400 611130 372896 543515 327982 426441 466157 247775 239005 310707 496628 39337 368468 724045 298873 439670 473921 845302 690601 390686 409979 799272 235090 186955 357231 304925 457286 707553 279222 141338 23476 333571 546181 648110 739577 481850 590447 1 449005 307241 558055 200113 352313 830406 352173 642706 446052 559136 298714 308230 205508 153759 513546 208631 265693 482211 468148 653997 279819 555478 178345 721128 495272 242356 68600 885468 791989 240187 375350 592508 508152 664331 333223 576549 193687 718630 433996
 970626 636491 303181 356004 255019 792201 709594 368130 662809 370817 41747 507591 689210 409325 885812 813829 226494 582864 855188 164782 570587 686744 191339 600186 441132 756023 819809 716527 887953 428038 732309 496155 96015 858676 701986 560793 303565 726774 305574 777789 538241 692002 443984 469879 633452 633744 823651 549173 914974 390502 449005 1 188680 233276 256344 737044 638382 245735 875878 856040 581474 368564 705210 614856 514405 138988 592512 233898 669339 885350 732040 170116 617641 317724 948906 740616 210039 486564 699306 724698 648940 654090 967633 153157 727287 408422 858766 573263 1030422 840639
 931380 736874 373648 312889 66353 818322 712910 186241 688595 192505 183162 634018 787664 237224 847306 648174 383319 536607 732886 303411 494456 543301 6837 618919 287521 658995 854665 601127 740985 491003 843936 626608 99101 703879 806666 482497 129319 638296 315328 714682 661732 516394 265353 323648 572253 661741 825883 681014 742760 515215 307241 188680 1 252890 170564 641052 774583 90409 855470 747346 632152 364743 601772 501948 336946 310792 491209 216141 658609 771989 769991 88157 654855 247007 933083 709389 88839 361759 835553 819127 537444 603441 881250 201531 771062 412724 816010 394962 977922 733930
 1169897 868114 533960 544767 291381 1018487 927762 413366 888158 425187 191614 733547 920892 474002 1085085 877317 446694 774935 984463 396313 742275 790160 248567 822804 534854 911420 1048418 853825 984016 659327 960827 720655 199381 942217 932447 730743 373127 889627 518272 960595 764834 734732 491100 572906 816474 859482 1042228 772083 961240 619146 558055 233276 252890 1 411936 893340 857490 217871 1084821 1000192 811988 577978 854529 754835 559937 355804 743552 428721 881247 1024565 960924 313005 845631 487514 1160457 942996 334401 614477 917472 956826 790332 844252 1132948 80250 957342 622503 1055366 613211 1221669 986816
 761767 614919 258975 143325 180600 655525 545431 198011 527439 188752 278255 539552 662572 202619 677455 572626 350598 366558 599308 270221 330701 433112 176883 456729 202409 506746 694281 461330 634185 356247 727454 536627 218875 608550 685710 319409 140562 481299 168444 548705 562864 467740 246273 222757 404856 501861 657487 589407 680036 428137 200113 256344 170564 411936 1 488084 683428 252907 684936 603052 482862 204390 453136 359645 304752 313876 340257 82669 489237 631191 611858 99893 498715 76703 762629 538873 81726 230585 742323 690237 394217 434257 724606 346368 615223 252461 646553 360764 810492 588204
 370902 715987 556198 388472 616092 505230 381518 524990 449237 507917 763968 752429 736817 464237 309087 377776 739341 219753 164632 684605 173473 225541 645862 411238 387061 19113 555101 88855 294998 529819 817974 762196 706491 324244 769861 180505 534573 31917 468839 149308 756254 425778 477769 346770 156926 449048 428367 795180 477400 698218 352313 737044 641052 893340 488084 1 866696 699549 371147 127939 513646 414982 47440 147584 449383 749427 149844 506095 320221 163319 521391 587342 476943 419634 439366 260532 560003 286171 906763 740750 115172 182116 241165 832941 541549 406125 274756 445345 379357 110519
 833988 171102 425032 611157 826488 503340 544091 881168 454100 872157 675941 143878 187639 880800 774882 1159965 412741 649168 1031206 478842 724872 981664 780550 463874 853876 881595 487006 913475 1144628 361747 152685 148403 719670 1151696 165671 726670 819669 837643 528917 788898 122855 1104895 924949 852269 709900 439946 601913 94351 1275148 259862 830406 638382 774583 857490 683428 866696 1 859002 708488 985937 359213 533563 870064 845264 973005 503257 801653 600982 574009 1022700 434743 696099 406629 660132 740197 668745 723736 809559 61191 217356 860604 688328 990869 782480 412123 507797 771908 1021954 921662 968561
 1006339 826188 463503 396214 83525 906108 798212 196425 776822 209297 225943 719813 877207 258476 923049 659475 459551 613859 776596 382929 563724 576925 83631 706758 324508 716728 943225 651020 767988 581396 932411 711642 150057 724931 895754 551312 165547 700011 404937 784508 748128 517784 273339 364166 644741 750289 910393 766010 744781 600644 352173 245735 90409 217871 252907 699549 859002 1 935506 798196 722246 452559 657632 555565 342101 380038 550677 305701 741992 820093 859030 178486 744168 327327 1013666 788107 173057 414281 920125 908964 590829 678480 940713 195380 860520 500737 890863 395883 1048745 785961
 125593 537404 596083 543367 856574 214710 184253 805111 267783 787834 913481 646657 531624 756006 84102 747670 776174 323529 492317 758192 394994 593324 861817 299033 682033 370907 251180 459360 643155 497201 603297 663120 885452 685095 562577 407632 787943 343585 570735 221900 634477 791031 783731 648229 309493 291838 109537 671524 841918 654260 642706 875878 855470 1084821 684936 371147 708488 935506 1 421292 378384 508594 411137 479241 777519 826811 450784 656102 206981 449838 275065 776949 323964 608852 78872 148895 766650 576476 726383 517006 461194 267415 331772 1010242 298491 467474 106160 789061 213290 410003
 381134 830552 684106 512874 715675 590472 477419 613163 554315 596957 880963 875839 847561 549966 343932 353042 866748 344670 73028 810674 300509 255999 751630 524891 476003 109742 638687 147179 224393 655661 928330 886245 819265 273986 880795 306675 632789 151603 595540 217364 878259 444015 555164 435476 280312 558216 500812 917417 430851 825072 446052 856040 747346 1000192 603052 127939 985937 798196 421292 1 629117 542597 151047 245593 513431 874722 263529 627947 424115 36782 617986 700737 588307 538483 475681 346768 670522 385836 1023533 848252 210185 297617 171239 943827 639742 534007 315470 495459 359266 17686
 501424 202353 278343 357155 660606 220702 197205 665772 110831 651859 622917 271337 227325 642446 431482 837115 425908 303209 678071 432168 390326 656463 638984 104770 591955 527365 240323 569277 800477 153759 307957 286762 623504 815051 259495 395251 619974 483452 318015 429733 263658 809380 683492 576914 358806 87438 286340 302531 950571 280416 559136 581474 632152 811988 482862 513646 359213 722246 378384 629117 1 280795 522527 515528 712605 494788 471417 416908 215647 665773 152897 544040 54427 426151 430038 312045 552979 517853 394433 239271 524138 332465 633513 732052 145926 235070 422755 750438 585053 611944
 602264 433696 143838 80705 384568 453641 351189 385594 324298 372154 405266 395061 476906 366580 517560 634416 324503 222451 563824 275378 242353 461931 371512 254243 325727 433709 490884 427277 645410 175236 548537 398180 379190 639801 503454 237416 339365 395858 63370 420184 410953 571338 409181 319845 281189 298067 465378 444587 749322 307533 298714 368564 364743 577978 204390 414982 533563 452559 508594 542597 280795 1 397359 338043 447064 343289 299292 151481 303458 576966 407671 279085 294338 145738 583119 372123 279801 276680 587526 500539 362904 293027 622562 502179 410833 48261 491267 492066 664252 525366
 416911 724442 540520 362785 574344 532690 405430 480230 466823 463290 730607 750863 748305 418897 352697 343445 719899 221110 167387 661493 155930 182390 606371 422829 342073 60817 582836 51189 278182 524780 829431 759596 670419 299021 781063 159951 492260 67981 447599 190777 756665 381701 431315 301577 164256 463778 461505 795155 447653 689833 308230 705210 601772 854529 453136 47440 870064 657632 411137 151047 522527 397359 1 102726 402015 724796 112924 476950 340627 182361 543266 551522 489686 387553 481463 291607 522566 243401 912531 754580 68796 198155 284289 795950 562377 393848 317924 398073 426783 135430
