NAME : domp80p26v10
COMMENT : Cherkesly, Contardo & Gruson 2022
TYPE : DOMP
DIMENSION : 80
DISPLAY_DATA_TYPE : NO_DISPLAY
OPEN_FACILITIES : 26
COST_SECTION
 1 465694 798238 677145 432511 215641 550559 49293 737755 522187 481565 435272 883169 342767 943371 330255 326284 626903 353701 836773 291637 446352 546632 592376 692964 506467 755400 408396 513243 974197 302876 322683 693636 735800 627273 376890 712511 454381 311752 271517 603686 648174 209200 858611 616200 272724 182317 471330 399907 360320 675127 342690 911473 96499 354512 217350 657284 741981 887095 727276 789787 894376 908717 103687 486579 261963 870190 358716 451691 372116 221078 36355 496656 438148 768162 403569 480901 566148 514555 353274
 465694 1 468684 658333 186204 335552 257881 482415 440333 149512 203489 812103 926320 378335 561483 459845 731055 418775 118452 579413 235490 65665 649987 287406 257946 586715 486155 674543 668064 566894 392766 258500 887720 545841 869218 811517 329890 123781 577294 315466 140652 402409 394543 438034 475594 202833 524722 897684 171259 252942 565056 595846 941931 510490 487884 371248 755876 889254 697705 564400 539123 976582 509433 479092 842106 457878 829264 245869 164883 103813 669868 500110 424290 740242 483446 286643 224096 114975 637115 528736
 798238 468684 1 470330 654265 586997 251160 787404 72076 325150 324841 956001 699644 838741 168880 568888 925759 214625 557309 152146 681027 427914 593562 208979 268307 547076 104050 757882 651706 233529 845123 475611 823539 227001 858613 1026668 151760 589350 709585 761254 393118 171834 821058 208094 288641 620808 746474 1086408 639389 438056 333542 707287 698733 789066 574497 800706 642669 777539 303150 267207 141173 776171 174978 751282 955568 622580 545733 439523 630781 488158 932350 821635 377473 830498 78735 755031 320421 373882 606816 618335
 677145 658333 470330 1 809784 492689 432679 639915 406976 537623 459497 603390 269068 901441 628285 346940 623893 292202 665328 370636 747911 592757 182355 431282 633948 183790 366676 404271 250464 700734 883863 453308 361773 247767 416092 722643 538747 766973 421188 805036 686241 336763 814948 667502 207139 672999 529486 749335 777650 433392 137024 399814 283600 612825 324540 804831 178567 307708 302708 208039 345709 328519 645208 583688 579009 416470 194661 440720 801230 595469 694755 680055 237107 461492 392317 873911 437816 639993 213567 338826
 432511 186204 654265 809784 1 393005 439272 466068 626378 334923 376595 842376 1072306 216490 738029 551943 744576 595763 146170 764856 141104 238556 769620 471623 426163 708540 671412 743827 773654 734998 244451 366512 991117 724577 956139 807517 512293 66749 638864 191383 290106 583967 283783 604313 643562 179024 551460 900565 37119 378572 731485 663602 1091195 506454 583112 260894 882310 1006906 879238 739838 723826 1114267 682125 485056 883337 526496 990896 371060 29595 214620 653276 468782 572741 799921 669357 106566 394827 287441 750347 615569
 215641 335552 586997 492689 393005 1 344602 200416 524375 339740 281750 476564 728163 419190 737985 168636 399346 411278 259178 621140 284255 291759 399747 385217 515128 345440 540151 351849 390187 774928 396001 114927 602689 522088 563323 486592 514203 381455 248472 323229 454877 433052 322476 666881 404153 217960 192716 567794 355923 150796 469414 271496 752665 205861 200086 313434 515562 627597 675695 515863 574150 755245 708402 168460 507525 133495 687192 150946 398771 231870 360687 235499 287751 411674 553483 419731 276662 408982 374408 225540
 550559 257881 251160 432679 439272 344602 1 543461 200776 112840 74376 763240 700387 601468 393701 367329 713901 163044 320328 330200 439875 200774 477761 42250 219149 417391 236983 581640 517551 431425 603158 230188 724796 288180 732176 810880 174405 380809 510385 518160 254054 144814 572471 331481 231575 374811 519664 880728 416894 193823 320012 516182 711412 550082 382967 552845 564739 704918 440261 308637 286837 760712 364616 512420 774887 405539 585199 193862 421109 246409 700842 575820 227251 654836 239997 530658 69803 209652 477018 429716
 49293 482415 787404 639915 466068 200416 543461 1 724580 525248 477434 389880 839431 389504 937161 293500 283250 607786 375299 817354 326597 456756 503444 584605 698708 465846 738817 359430 467585 971624 350487 313346 644995 711820 578037 341605 709998 482591 264004 314376 617514 632104 257019 859498 590947 298393 133758 434533 432075 350296 645380 294933 868214 47671 315658 263806 612687 694501 860309 700983 770563 848654 905503 57865 439766 223446 831733 349710 483369 384423 189957 40241 469972 388928 752932 444692 474549 577382 470786 310560
 737755 440333 72076 406976 626378 524375 200776 724580 1 291716 275001 884183 646448 800149 240918 498383 855222 142555 518126 141784 639585 392337 523186 160630 276846 475684 55923 685824 580491 303763 803289 415460 755799 172503 788488 956415 159272 563566 638412 718482 385411 100333 772994 261369 218258 575518 678513 1015162 608051 377766 270041 635667 648047 724139 503240 753532 576182 712665 280838 210960 109715 720494 242582 686445 883503 553525 499079 379952 604940 445776 864890 759763 305583 758424 43793 723380 267034 357771 535664 546787
 522187 149512 325150 537623 334923 339740 112840 525248 291716 1 85467 797602 806532 513681 437219 411657 733762 275883 233007 430020 357539 102805 561351 138272 175393 498687 336685 632362 592365 456804 521304 230312 807110 400029 803856 824919 199976 273282 547965 438426 152602 254962 504513 336866 341762 302462 529862 902650 316463 204036 430985 559623 819065 541468 433782 482908 657210 795698 549430 421412 389620 863594 393543 505365 817319 432827 696497 199954 314378 168417 699439 552139 316309 703517 334500 431957 106084 103558 555339 479458
 481565 203489 324841 459497 376595 281750 74376 477434 275001 85467 1 722593 728499 529545 461953 331535 664868 219210 250079 401860 367257 140301 476028 116044 245517 413284 309300 551393 507036 494206 529960 167072 721655 348259 718939 759110 232754 322168 470922 444806 237642 211339 498107 385417 272108 300961 464941 833193 351489 134031 361597 480611 742496 487457 351983 478538 573004 711002 504375 363476 357429 783049 428085 450186 739377 359099 626144 132074 360990 174912 641692 508243 232671 623321 313617 463313 21770 187908 469876 398191
 435272 812103 956001 603390 842376 476564 763240 389880 884183 797602 722593 1 677195 777939 1123849 396157 114536 742538 727201 921983 708324 766410 421050 794860 968042 436070 873250 204587 353039 1178718 737332 569974 388617 793060 291667 152046 935844 846238 252862 704020 927684 784192 643685 1093129 682145 664991 292223 146461 806315 593568 686908 249585 710863 343620 384065 652621 472706 471343 898730 764244 881846 647942 1112645 358630 61963 364785 748601 597818 855294 708364 250190 404846 578616 142037 895318 832864 709148 879819 391114 338587
 883169 926320 699644 269068 1072306 728163 700387 839431 646448 806532 728499 677195 1 1146366 838894 564582 738498 552150 926618 569083 999794 860667 336690 696129 894886 383531 597332 520774 375806 915867 1124155 709215 306741 474421 402609 822255 792378 1032454 584593 1049871 954360 593108 1047382 906075 470820 925881 712323 817747 1038997 693801 387911 555597 33790 803190 535491 1040464 228198 216655 443610 435489 560929 84046 868940 781578 631544 625186 168266 701295 1065444 859277 843143 877719 502690 547126 621573 1129997 706798 908613 368687 530018
 342767 378335 838741 901441 216490 419190 601468 389504 800149 513681 529545 777939 1146366 1 939814 586819 667729 740826 282097 931303 163067 410877 818666 639790 633191 764504 838380 732081 804338 943237 44802 451757 1007657 869009 953159 706692 706844 278992 627621 96615 501374 740090 135001 813198 769608 235495 510707 802183 212495 478798 850907 657104 1169995 436932 617812 125711 934471 1041828 1027784 876277 886960 1174374 887257 431264 829157 537920 1093304 472385 246083 355070 550174 373558 674235 772599 840941 117551 542695 490636 792332 636673
 943371 561483 168880 628285 738029 737985 393701 937161 240918 437219 461953 1123849 838894 939814 1 734207 1090625 383466 666388 269812 790947 536182 760642 352769 313496 715434 265006 926513 819813 78021 952704 623858 986354 380608 1025088 1190815 237244 671286 876036 872142 451948 339938 941532 152950 456326 739525 906402 1252782 730569 587229 493475 874729 833645 942903 741273 919695 804055 935854 408263 420688 283724 918917 65418 905142 1124229 785019 676615 587510 711223 605601 1090740 969318 545732 999233 239730 843609 462854 451055 774868 785676
 330255 459845 568888 346940 551943 168636 367329 293500 498383 411657 331535 396157 564582 586819 734207 1 356880 361469 410125 560490 451903 402539 231995 398757 576311 181273 496367 220820 222859 785430 561685 201346 439178 441357 410334 458084 539696 530858 143610 491322 553445 398263 482882 697011 320067 382925 196046 518938 515356 212747 359505 149430 590586 269842 31618 476569 347730 459515 579083 423374 515882 587877 718905 238263 408531 70939 540044 218715 553864 363318 379579 333726 200793 291957 515793 586982 316169 503479 205814 69234
 326284 731055 925759 623893 744576 399346 713901 283250 855222 733762 664868 114536 738498 667729 1090625 356880 1 717200 637922 909939 607464 690903 445387 749079 907798 444041 851439 224098 382242 1139923 626355 503454 470475 784884 379546 102508 888279 753755 219735 597219 854200 755032 532961 1045322 667447 570025 206865 168921 709310 531760 687111 230844 771480 239118 353777 543053 519787 545467 905667 760547 867016 720031 1073119 260043 173832 308423 788026 534889 759494 627539 136692 294194 553994 193327 871643 727941 654041 808211 411804 314080
 626903 418775 214625 292202 595763 411278 163044 607786 142555 275883 219210 742538 552150 740826 383466 361469 717200 1 466600 209879 577775 358316 385176 147151 342980 334903 135134 543408 440009 444702 736524 313510 623747 129327 650419 819017 247490 540181 498903 651373 411072 47442 692263 386088 86236 506682 548187 875072 570525 277526 164594 494765 559857 601777 363773 675287 448638 588100 287184 145792 162927 618713 381553 564662 741043 420854 426044 281848 579613 390776 735026 645087 164238 615915 154448 681380 201863 369944 395434 406233
 353701 118452 557309 665328 146170 259178 320328 375299 518126 233007 250079 727201 926618 282097 666388 410125 637922 466600 1 650525 124794 130784 624132 357942 372164 562748 557271 610558 630250 677881 288300 220495 848792 595876 818025 711962 430229 122362 507650 205943 258965 461417 278684 550884 506340 84743 435342 801241 112435 232836 592641 530262 945892 407953 440845 255837 736401 862039 753398 607371 606847 968104 617998 379816 762917 391290 848793 225359 144088 75829 564920 389068 428681 670764 559147 215457 265215 231179 605594 475653
 836773 579413 152146 370636 764856 621140 330200 817354 141784 430020 401860 921983 569083 931303 269812 560490 909939 209879 650525 1 769113 528381 524485 293996 412750 490556 93586 717965 589431 346924 931477 521259 732392 130500 781678 1012426 293838 703055 690212 846208 526767 194379 894265 355279 242494 701738 752509 1060831 744960 484457 244759 681347 564183 810103 557627 876078 549131 674887 151313 165588 47034 649248 303552 773269 911850 624205 407637 488140 744284 576304 938772 854845 359771 787078 98042 859675 389935 499528 545093 595861
 291637 235490 681027 747911 141104 284255 439875 326597 639585 357539 367257 708324 999794 163067 790947 451903 607464 577775 124794 769113 1 255567 680184 478971 493188 622573 676465 625083 674292 800940 164105 294893 886420 706054 842608 667456 554994 173455 519054 81200 371492 577308 161119 672938 608019 75055 420505 760999 110544 319099 690616 545987 1021817 368477 483511 137427 795520 911409 864778 713834 724485 1033324 741842 349716 752014 414272 937602 312377 162271 193814 512599 327851 516551 676060 679773 135577 379909 350452 656776 509521
 446352 65665 427914 592757 238556 291759 200774 456756 392337 102805 140301 766410 860667 410877 536182 402539 690903 358316 130784 528381 255567 1 586248 234402 250342 522896 434796 620150 606329 550293 418942 202333 825623 486604 809984 775685 299612 181992 525857 336676 163598 345414 406128 425398 411822 204932 484061 859006 216637 191967 501081 542610 876356 479886 429488 383924 691168 825258 640703 503342 486374 911015 489147 446189 793290 406608 764691 185241 221324 75219 639839 478922 358645 687595 434450 331371 160175 120665 574305 471742
 546632 649987 593562 182355 769620 399747 477761 503444 523186 561351 476028 421050 336690 818666 760642 231995 445387 385176 624132 524485 680184 586248 1 492265 696059 63388 496358 223104 68481 826838 793639 404034 247077 394256 265405 542422 623294 739787 256493 722937 713647 432428 713753 770070 304990 608798 379060 566987 734093 399044 280142 230549 364867 468725 201481 708158 115820 239466 480575 359681 490606 355887 765402 445586 398170 289012 345794 406457 767675 565795 527278 542162 250538 279213 521219 814084 455295 663718 34794 193375
 592376 287406 208979 431282 471623 385217 42250 584605 160630 138272 116044 794860 696129 639790 352769 398757 749079 147151 357942 293996 478971 234402 492265 1 205755 433792 200413 609280 536218 392902 642661 271262 738446 264394 751035 846984 141092 411142 542320 557880 264109 118404 613737 298270 225347 415194 557367 915046 451019 234476 310501 546466 705231 590283 412284 593894 573065 713631 411326 289077 252216 759738 325963 552553 804231 440731 573194 234897 452029 285173 739774 617322 243033 682744 201207 565682 111950 224414 494328 458842
 692964 257946 268307 633948 426163 515128 219149 698708 276846 175393 245517 968042 894886 633191 313496 576311 907798 342980 372164 412750 493188 250342 696059 205755 1 636253 332666 794984 736697 310049 650071 404812 942850 437158 951285 999869 118916 359497 716420 573402 138471 302261 650785 180269 426824 452866 704805 1076552 421469 376278 506984 725649 901615 716354 595335 627793 778815 919378 557476 470127 386322 961518 256009 680474 984619 604060 761682 372937 398738 325426 874680 724105 445627 867474 317719 532393 260148 143189 696082 641908
 506467 586715 547076 183790 708540 345440 417391 465846 475684 498687 413284 436070 383531 764504 715434 181273 444041 334903 562748 490556 622573 522896 63388 433792 636253 1 453438 231799 105149 779211 741134 342337 308680 360277 318239 544521 567356 677522 237411 668295 650821 381496 663869 716700 259529 550290 348726 579327 673284 336195 251091 216705 409315 434997 153135 656995 173933 302577 464093 329257 453379 410864 716446 408452 421702 244912 367959 343638 705966 503291 510967 505479 190880 297681 477581 755631 392701 600808 61074 157590
 755400 486155 104050 366676 671412 540151 236983 738817 55923 336685 309300 873250 597332 838380 265006 496367 851439 135134 557271 93586 676465 434796 496358 200413 332666 453438 1 671852 556890 334818 839235 435977 721927 123368 760291 953450 215188 609867 632548 754040 438684 107302 804059 308755 194091 609853 683091 1007839 651380 398627 230206 627118 597551 734823 497705 785439 540244 674163 225426 163369 54968 673011 278586 697464 868730 555941 446630 401751 651038 483313 869944 775313 297515 743355 25665 766094 298242 408977 511910 539193
 408396 674543 757882 404271 743827 351849 581640 359430 685824 632362 551393 204587 520774 732081 926513 220820 224098 543408 610558 717965 625083 620150 223104 609280 794984 231799 671852 1 158323 984416 698076 417817 286423 588717 221148 319419 749992 732919 106058 643923 773781 586673 607634 906057 479349 566144 226337 347648 706709 432865 482380 80354 553052 314514 199656 609170 297455 344288 695432 559662 678408 511447 919148 306681 197730 219383 563948 438531 750525 574240 322827 391306 381109 73547 694527 759220 535153 723971 190715 153210
 513243 668064 651706 250464 773654 390187 517551 467585 580491 592365 507036 353039 375806 804338 819813 222859 382242 440009 630250 589431 674292 606329 68481 536218 736697 105149 556890 158323 1 884137 776300 413909 219840 458956 214844 477410 671338 749304 208837 710128 743061 486642 692398 821523 363532 605779 337687 499190 737299 415123 346063 179841 406449 429132 191294 688981 147650 237724 548970 425485 554154 381146 821528 410093 329736 266773 405862 422210 774328 577770 472034 504790 293364 211062 581322 809580 487305 692697 44983 167764
 974197 566894 233529 700734 734998 774928 431425 971624 303763 456804 494206 1178718 915867 943237 78021 785430 1139923 444702 677881 346924 800940 550293 826838 392902 310049 779211 334818 984416 884137 1 959601 660023 1056563 453766 1092024 1238841 261774 668577 928495 881707 445033 399130 956009 130734 521848 755222 950265 1304239 731440 624597 564847 929138 911049 980764 794808 933480 875062 1008436 486280 494082 358307 995493 66953 943235 1182000 832271 754194 624022 706997 622927 1132258 1001941 603471 1057614 309187 841490 498280 452855 839353 840142
 302876 392766 845123 883863 244451 396001 603158 350487 803289 521304 529960 737332 1124155 44802 952704 561685 626355 736524 288300 931477 164105 418942 793639 642661 650071 741134 839235 698076 776300 959601 1 439006 976308 863552 919211 663288 717699 303039 594545 85324 521605 738657 93710 830339 760468 230143 474727 758749 234481 468400 839605 624450 1148594 398111 592227 88910 909259 1013207 1022522 868786 886415 1149517 902007 394623 789417 509527 1076941 462383 273772 357684 507078 332517 660682 736249 843153 153944 541616 506913 766278 608556
 322683 258500 475611 453308 366512 114927 230188 313346 415460 230312 167072 569974 709215 451757 623858 201346 503454 313510 220495 521259 294893 202333 404034 271262 404812 342337 435977 417817 413909 660023 439006 1 633617 433643 611091 595102 399305 336222 324715 356554 358938 328820 383501 552454 323536 219867 300087 672350 331726 37695 400652 340492 729831 320787 229656 368596 515912 642625 591428 433963 474313 748294 593528 283357 593476 206291 642777 36366 363671 163901 474664 346366 222483 485554 447194 421337 161798 310281 386698 270282
 693636 887720 823539 361773 991117 602689 724796 644995 755799 807110 721655 388617 306741 1007657 986354 439178 470475 623747 848792 732392 886420 825623 247077 738446 942850 308680 721927 286423 219840 1056563 976308 633617 1 607688 98948 539692 866877 968528 383416 915889 958946 671159 888144 1009786 539541 820280 511330 520989 954500 634795 493109 352838 340085 600699 408101 887663 183285 90093 651801 568757 706100 262729 997978 590826 335835 472717 423736 641922 992755 797509 593916 677607 497548 279964 747494 1021996 701232 908781 252263 377160
 735800 545841 227001 247767 724577 522088 288180 711820 172503 400029 348259 793060 474421 869009 380608 441357 784884 129327 595876 130500 706054 486604 394256 264394 437158 360277 123368 588717 458956 453766 863552 433643 607688 1 653132 887368 325320 668117 565555 778614 525466 145999 816026 431786 121902 634242 636282 933042 699712 399419 115603 555000 475560 700041 435366 799878 424658 555247 158971 40401 98438 549671 400336 664199 781808 508028 327408 404483 707899 520048 820935 750576 243604 657240 148289 810707 331174 488352 414595 471248
 627273 869218 858613 416092 956139 563323 732176 578037 788488 803856 718939 291667 402609 953159 1025088 410334 379546 650419 818025 781678 842608 809984 265405 751035 951285 318239 760291 221148 214844 1092024 919211 611091 98948 653132 1 443435 885579 939755 325922 864460 953012 697577 828581 1034466 570237 780674 446292 422114 919106 618090 537557 297351 436238 531918 381436 830308 243238 187236 715984 616141 751003 361634 1030790 526887 237383 430026 507322 624747 960587 773651 507824 607749 508099 195799 785401 977530 699762 902573 257219 342770
 376890 811517 1026668 722643 807517 486592 810880 341605 956415 824919 759110 152046 822255 706692 1190815 458084 102508 819017 711962 1012426 667456 775685 542422 846984 999869 544521 953450 319419 477410 1238841 663288 595102 539692 887368 443435 1 985241 823257 322214 646224 939274 856342 572305 1141840 769932 638677 295072 95501 773675 625269 789110 333000 855689 304268 455945 585859 609615 620695 1007200 862866 969439 797087 1171951 332828 210931 406571 881764 627883 824961 709083 157173 341397 656111 276004 973461 779294 749345 894710 509528 416575
 712511 329890 151760 538747 512293 514203 174405 709998 159272 199976 232754 935844 792378 706844 237244 539696 888279 247490 430229 293838 554994 299612 623294 141092 118916 567356 215188 749992 671338 261774 717699 399305 866877 325320 885579 985241 1 446193 683197 636169 241927 201987 704357 157401 333712 502325 693446 1054930 500929 364638 406154 687556 796810 720035 553360 682604 694987 834956 439122 360658 268126 862526 196282 682656 945252 579886 652345 363611 487272 368363 873149 740168 378482 823498 199154 615787 238140 226651 628360 599895
 454381 123781 589350 766973 66749 381455 380809 482591 563566 273282 322168 846238 1032454 278992 671286 530858 753755 540181 122362 703055 173455 181992 739787 411142 359497 677522 609867 732919 749304 668577 303039 336222 968528 668117 939755 823257 446193 1 629909 239841 223968 525568 330078 537938 592741 184596 554017 914413 69084 342331 681617 652622 1049920 519289 561224 306455 850221 978738 820995 685327 662900 1078078 615426 493987 883489 513641 943770 334797 41472 174613 672255 490650 530220 792903 606829 172945 341600 220828 722917 597123
 311752 577294 709585 421188 638864 248472 510385 264004 638412 547965 470922 252862 584593 627621 876036 143610 219735 498903 507650 690212 519054 525857 256493 542320 716420 237411 632548 106058 208837 928495 594545 324715 383416 565555 325922 322214 683197 629909 1 538541 683533 538080 505223 840546 447718 460732 130934 376836 601762 344617 470334 30942 615006 222526 135214 505673 356397 430512 690314 542156 647310 587421 862085 208232 269472 119455 600550 349475 646283 475352 273646 299242 335056 163528 653201 653166 456867 634520 221826 94385
 271517 315466 761254 805036 191383 323229 518160 314376 718482 438426 444806 704020 1049871 96615 872142 491322 597219 651373 205943 846208 81200 336676 722937 557880 573402 668295 754040 643923 710128 881707 85324 356554 915889 778614 864460 646224 636169 239841 538541 1 449238 653334 92459 753381 676537 144840 426857 741330 171287 384792 756632 567392 1073419 360423 522476 70017 838756 947808 937574 784342 801109 1078464 822874 349556 752325 444416 997171 378600 218364 273265 489151 305649 578871 688114 758149 133395 456320 430392 697045 542744
 603686 140652 393118 686241 290106 454877 254054 617514 385411 152602 237642 927684 954360 501374 451948 553445 854200 411072 258965 526767 371492 163598 713647 264109 138471 650821 438684 773781 743061 445033 521605 358938 958946 525466 953012 939274 241927 223968 683533 449238 1 380469 532189 314307 485253 343475 647423 1022459 288886 340916 572838 698222 965441 642480 577898 508637 809733 948299 662694 552513 493652 1013625 393722 609289 952408 565195 836910 335315 261968 233123 802441 637438 468768 843198 428867 396662 258603 50439 706886 622360
 648174 402409 171834 336763 583967 433052 144814 632104 100333 254962 211339 784192 593108 740090 339938 398263 755032 47442 461417 194379 577308 345414 432428 118404 302261 381496 107302 586673 486642 399130 738657 328820 671159 145999 697577 856342 201987 525568 538080 653334 380469 1 699929 338653 132810 508594 580323 914834 560986 291565 205390 535465 599373 629151 402909 681859 495667 634885 295451 172231 148242 661510 335327 591646 784402 454443 460966 294853 565919 386155 767015 668356 205800 659535 121127 674012 197405 342461 442190 446538
 209200 394543 821058 814948 283783 322476 572471 257019 772994 504513 498107 643685 1047382 135001 941532 482882 532961 692263 278684 894265 161119 406128 713753 613737 650785 663869 804059 607634 692398 956009 93710 383501 888144 816026 828581 572305 704357 330078 505223 92459 532189 699929 1 829513 706928 202052 382962 667803 262343 416657 781587 535497 1072950 304677 512528 23757 828758 928088 974414 817449 848115 1069001 895269 302520 695712 426379 1009266 411547 310477 336134 415526 238934 600122 643892 810640 218418 506505 509053 685057 525187
 858611 438034 208094 667502 604313 666881 331481 859498 261369 336866 385417 1093129 906075 813198 152950 697011 1045322 386088 550884 355279 672938 425398 770070 298270 180269 716700 308755 906057 821523 130734 830339 552454 1009786 431786 1034466 1141840 157401 537938 840546 753381 314307 338653 829513 1 470592 629942 849170 1212194 601155 518982 530895 844616 906093 872172 710269 806721 833174 971329 506015 471257 349244 981270 87800 835133 1101890 737008 753740 517405 576274 499338 1027106 887871 530793 979600 284806 710825 393072 323439 777752 756703
 616200 475594 288641 207139 643562 404153 231575 590947 218258 341762 272108 682145 470820 769608 456326 320067 667447 86236 506340 242494 608019 411822 304990 225347 426824 259529 194091 479349 363532 521848 760468 323536 539541 121902 570237 769932 333712 592741 447718 676537 485253 132810 706928 470592 1 534176 514538 819345 615242 292146 89606 439212 480510 578346 315517 692114 362931 502079 271544 111800 200186 534977 460706 542669 675521 386220 354973 298087 630384 431478 699555 629963 121756 550182 218062 721508 251677 441192 318570 353371
 272724 202833 620808 672999 179024 217960 374811 298393 575518 302462 300961 664991 925881 235495 739525 382925 570025 506682 84743 701738 75055 204932 608798 415194 452866 550290 609853 566144 605779 755222 230143 219867 820280 634242 780674 638677 502325 184596 460732 144840 343475 508594 202052 629942 534176 1 373277 729870 142208 244286 616116 486148 947585 334705 414513 180602 723734 842036 793159 640858 656480 960661 693838 310006 704807 350694 862549 237647 190305 134105 488284 308644 441524 621132 614572 205353 311805 313867 586413 443183
 182317 524722 746474 529486 551460 192716 519664 133758 678513 529862 464941 292223 712323 510707 906402 196046 206865 548187 435342 752509 420505 484061 379060 557367 704805 348726 683091 226337 337687 950265 474727 300087 511330 636282 446292 295072 693446 554017 130934 426857 647423 580323 382962 849170 514538 373277 1 375091 515084 330919 555177 161745 742029 91685 209133 386105 484429 561267 775068 619285 707010 717801 883319 80613 332010 128426 716654 333247 563523 421046 186853 168310 393555 261908 700639 549833 456111 601697 345250 191200
 471330 897684 1086408 749335 900565 567794 880728 434533 1015162 902650 833193 146461 817747 802183 1252782 518938 168921 875072 801241 1060831 760999 859006 566987 915046 1076552 579327 1007839 347648 499190 1304239 758749 672350 520989 933042 422114 95501 1054930 914413 376836 741330 1022459 914834 667803 1212194 819345 729870 375091 1 866328 700388 829221 380748 851521 395214 511931 681295 618152 607374 1043067 905621 1019521 783301 1237616 421432 186310 475370 894454 703617 917370 794507 252543 436114 710886 288388 1029054 874276 821953 976769 536503 468853
 399907 171259 639389 777650 37119 355923 416894 432075 608051 316463 351489 806315 1038997 212495 730569 515356 709310 570525 112435 744960 110544 216637 734093 451019 421469 673284 651380 706709 737299 731440 234481 331726 954500 699712 919106 773675 500929 69084 601762 171287 288886 560986 262343 601155 615242 142208 515084 866328 1 345252 702504 626484 1058326 471689 546585 238874 847148 970987 855588 713563 702995 1079923 676496 449522 846846 489411 960324 337781 51905 184190 620155 436249 540858 762894 650553 115664 368815 279779 714429 578719
 360320 252942 438056 433392 378572 150796 193823 350296 377766 204036 134031 593568 693801 478798 587229 212747 531760 277526 232836 484457 319099 191967 399044 234476 376278 336195 398627 432865 415123 624597 468400 37695 634795 399419 618090 625269 364638 342331 344617 384792 340916 291565 416657 518982 292146 244286 330919 700388 345252 1 372110 357771 713111 356321 238355 400887 508094 638492 557765 401429 437568 736456 557954 318707 614088 228791 619917 7548 372872 167721 508534 383724 198304 502545 409621 440980 126518 291166 384660 281865
 675127 565056 333542 137024 731485 469414 320012 645380 270041 430985 361597 686908 387911 850907 493475 359505 687111 164594 592641 244759 690616 501081 280142 310501 506984 251091 230206 482380 346063 564847 839605 400652 493109 115603 537557 789110 406154 681617 470334 756632 572838 205390 781587 530895 89606 616116 555177 829221 702504 372110 1 456277 395266 627366 347478 768030 310580 444020 220672 79540 213799 456396 508498 593565 672231 429590 265527 378565 718917 518399 735192 685248 182154 548699 255870 807213 341030 529614 302330 377534
 342690 595846 707287 399814 663602 271496 516182 294933 635667 559623 480611 249585 555597 657104 874729 149430 230844 494765 530262 681347 545987 542610 230549 546466 725649 216705 627118 80354 179841 929138 624450 340492 352838 555000 297351 333000 687556 652622 30942 567392 698222 535465 535497 844616 439212 486148 161745 380748 626484 357771 456277 1 586285 253251 134591 535623 327485 399601 675151 529905 639352 557154 863062 239155 259104 139268 575851 363069 670182 494907 297026 330048 330531 145080 648473 680552 465536 648761 195757 89077
 911473 941931 698733 283600 1091195 752665 711412 868214 648047 819065 742496 710863 33790 1169995 833645 590586 771480 559857 945892 564183 1021817 876356 364867 705231 901615 409315 597551 553052 406449 911049 1148594 729831 340085 475560 436238 855689 796810 1049920 615006 1073419 965441 599373 1072950 906093 480510 947585 742029 851521 1058326 713111 395266 586285 1 832616 561984 1065553 258838 249996 433399 437534 558806 104576 865956 810350 665325 652417 157687 720564 1083581 877497 875119 906743 519702 580396 621287 1151066 720887 920441 397502 558200
 96499 510490 789066 612825 506454 205861 550082 47671 724139 541468 487457 343620 803190 436932 942903 269842 239118 601777 407953 810103 368477 479886 468725 590283 716354 434997 734823 314514 429132 980764 398111 320787 600699 700041 531918 304268 720035 519289 222526 360423 642480 629151 304677 872172 578346 334705 91685 395214 471689 356321 627366 253251 832616 1 288669 311222 575541 652522 844931 686679 763681 809461 914202 37806 392618 198908 802582 356744 522453 409842 159974 77052 456629 341775 750278 489642 482485 600374 435318 277833
 354512 487884 574497 324540 583112 200086 382967 315658 503240 433782 351983 384065 535491 617812 741273 31618 353777 363773 440845 557627 483511 429488 201481 412284 595335 153135 497705 199656 191294 794808 592227 229656 408101 435366 381436 455945 553360 561224 135214 522476 577898 402909 512528 710269 315517 414513 209133 511931 546585 238355 347478 134591 561984 288669 1 506693 317033 427903 568021 414834 513972 557307 728636 259166 392079 92567 516136 244674 584715 392603 387885 355708 200220 272292 518137 618599 335524 527709 174569 46759
 217350 371248 800706 804831 260894 313434 552845 263806 753532 482908 478538 652621 1040464 125711 919695 476569 543053 675287 255837 876078 137427 383924 708158 593894 627793 656995 785439 609170 688981 933480 88910 368596 887663 799878 830308 585859 682604 306455 505673 70017 508637 681859 23757 806721 692114 180602 386105 681295 238874 400887 768030 535623 1065553 311222 506693 1 823525 925482 958504 802190 830097 1063847 872986 306214 703509 422343 998819 395540 287321 314672 428763 248957 587101 647811 791570 199254 487498 485867 680133 521366
 657284 755876 642669 178567 882310 515562 564739 612687 576182 657210 573004 472706 228198 934471 804055 347730 519787 448638 736401 549131 795520 691168 115820 573065 778815 173933 540244 297455 147650 875062 909259 515912 183285 424658 243238 609615 694987 850221 356397 838756 809733 495667 828758 833174 362931 723734 484429 618152 847148 508094 310580 327485 258838 575541 317033 823525 1 140573 473535 385562 523020 240323 817504 554919 436387 403009 276687 515601 879335 675706 617575 650556 340988 334296 565878 929082 551606 760617 143912 305518
 741981 889254 777539 307708 1006906 627597 704918 694501 712665 795698 711002 471343 216655 1041828 935854 459515 545467 588100 862039 674887 911409 825258 239466 713631 919378 302577 674163 344288 237724 1008436 1013207 642625 90093 555247 187236 620695 834956 978738 430512 947808 948299 634885 928088 971329 502079 842036 561267 607374 970987 638492 444020 399601 249996 652522 427903 925482 140573 1 582306 515245 652737 176600 952508 638307 421323 503957 340416 645897 1005910 805027 662707 729477 480050 352302 699822 1046472 689790 898872 256563 405166
 887095 697705 303150 302708 879238 675695 440261 860309 280838 549430 504375 898730 443610 1027784 408263 579083 905667 287184 753398 151313 864778 640703 480575 411326 557476 464093 225426 695432 548970 486280 1022522 591428 651801 158971 715984 1007200 439122 820995 690314 937574 662694 295451 974414 506015 271544 793159 775068 1043067 855588 557765 220672 675151 433399 844931 568021 958504 473535 582306 1 159902 171173 526775 449685 810245 878701 648525 276046 562982 861369 677622 955826 899726 390590 758089 239997 967630 488226 630423 508225 597993
 727276 564400 267207 208039 739838 515863 308637 700983 210960 421412 363476 764244 435489 876277 420688 423374 760547 145792 607371 165588 713834 503342 359681 289077 470127 329257 163369 559662 425485 494082 868786 433963 568757 40401 616141 862866 360658 685327 542156 784342 552513 172231 817449 471257 111800 640858 619285 905621 713563 401429 79540 529905 437534 686679 414834 802190 385562 515245 159902 1 137670 510018 440723 651575 750856 491745 291898 407027 724435 531704 802250 740265 231026 626910 188473 822779 345028 513436 381599 448302
 789787 539123 141173 345709 723826 574150 286837 770563 109715 389620 357429 881846 560929 886960 283724 515882 867016 162927 606847 47034 724485 486374 490606 252216 386322 453379 54968 678408 554154 358307 886415 474313 706100 98438 751003 969439 268126 662900 647310 801109 493652 148242 848115 349244 200186 656480 707010 1019521 702995 437568 213799 639352 558806 763681 513972 830097 523020 652737 171173 137670 1 638931 308186 726768 873480 578830 404869 441308 703949 532211 893475 807975 315095 748374 69451 817274 344811 463731 509459 553085
 894376 976582 776171 328519 1114267 755245 760712 848654 720494 863594 783049 647942 84046 1174374 918917 587877 720031 618713 968104 649248 1033324 911015 355887 759738 961518 410864 673011 511447 381146 995493 1149517 748294 262729 549671 361634 797087 862526 1078078 587421 1078464 1013625 661510 1069001 981270 534977 960661 717801 783301 1079923 736456 456396 557154 104576 809461 557307 1063847 240323 176600 526775 510018 638931 1 947106 791224 597527 642970 252105 744002 1109327 903727 833395 885563 552625 526718 697684 1165877 761280 966636 383958 544888
 908717 509433 174978 645208 682125 708402 364616 905503 242582 393543 428085 1112645 868940 887257 65418 718905 1073119 381553 617998 303552 741842 489147 765402 325963 256009 716446 278586 919148 821528 66953 902007 593528 997978 400336 1030790 1171951 196282 615426 862085 822874 393722 335327 895269 87800 460706 693838 883319 1237616 676496 557954 508498 863062 865956 914202 728636 872986 817504 952508 449685 440723 308186 947106 1 876639 1116606 765383 710407 557467 654745 560780 1065415 936135 538525 992447 252991 788250 431742 396797 776884 774123
 103687 479092 751282 583688 485056 168460 512420 57865 686445 505365 450186 358630 781578 431264 905142 238263 260043 564662 379816 773269 349716 446189 445586 552553 680474 408452 697464 306681 410093 943235 394623 283357 590826 664199 526887 332828 682656 493987 208232 349556 609289 591646 302520 835133 542669 310006 80613 421432 449522 318707 593565 239155 810350 37806 259166 306214 554919 638307 810245 651575 726768 791224 876639 1 403814 167590 774896 319224 499510 377384 194422 97035 421070 341631 712769 475443 444965 566403 412925 252780
 486579 842106 955568 579009 883337 507525 774887 439766 883503 817319 739377 61963 631544 829157 1124229 408531 173832 741043 762917 911850 752014 793290 398170 804231 984619 421702 868730 197730 329736 1182000 789417 593476 335835 781808 237383 210931 945252 883489 269472 752325 952408 784402 695712 1101890 675521 704807 332010 186310 846846 614088 672231 259104 665325 392618 392079 703509 436387 421323 878701 750856 873480 597527 1116606 403814 1 387225 713053 618918 894793 738893 310407 457736 578815 125376 891661 879256 724564 903646 371161 345421
 261963 457878 622580 416470 526496 133495 405539 223446 553525 432827 359099 364785 625186 537920 785019 70939 308423 420854 391290 624205 414272 406608 289012 440731 604060 244912 555941 219383 266773 832271 509527 206291 472717 508028 430026 406571 579886 513641 119455 444416 565195 454443 426379 737008 386220 350694 128426 475370 489411 228791 429590 139268 652417 198908 92567 422343 403009 503957 648525 491745 578830 642970 765383 167590 387225 1 608608 233054 532047 356184 314652 263597 265132 282503 574076 549760 346950 516554 259107 99041
 870190 829264 545733 194661 990896 687192 585199 831733 499079 696497 626144 748601 168266 1093304 676615 540044 788026 426044 848793 407637 937602 764691 345794 573194 761682 367959 446630 563948 405862 754194 1076941 642777 423736 327408 507322 881764 652345 943770 600550 997171 836910 460966 1009266 753740 354973 862549 716654 894454 960324 619917 265527 575851 157687 802582 516136 998819 276687 340416 276046 291898 404869 252105 710407 774896 713053 608608 1 627010 980015 776435 872848 871704 421615 608653 469468 1060663 605227 794582 380501 525548
 358716 245869 439523 440720 371060 150946 193862 349710 379952 199954 132074 597818 701295 472385 587510 218715 534889 281848 225359 488140 312377 185241 406457 234897 372937 343638 401751 438531 422210 624022 462383 36366 641922 404483 624747 627883 363611 334797 349475 378600 335315 294853 411547 517405 298087 237647 333247 703617 337781 7548 378565 363069 720564 356744 244674 395540 515601 645897 562982 407027 441308 744002 557467 319224 618918 233054 627010 1 365325 160188 509800 382672 205413 507949 412345 433794 125744 285708 391936 287895
 451691 164883 630781 801230 29595 398771 421109 483369 604940 314378 360990 855294 1065444 246083 711223 553864 759494 579613 144088 744284 162271 221324 767675 452029 398738 705966 651038 750525 774328 706997 273772 363671 992755 707899 960587 824961 487272 41472 646283 218364 261968 565919 310477 576274 630384 190305 563523 917370 51905 372872 718917 670182 1083581 522453 584715 287321 879335 1005910 861369 724435 703949 1109327 654745 499510 894793 532047 980015 365325 1 206167 671765 488039 564164 808336 648168 135233 379979 261450 749544 618786
 372116 103813 488158 595469 214620 231870 246409 384423 445776 168417 174912 708364 859277 355070 605601 363318 627539 390776 75829 576304 193814 75219 565795 285173 325426 503291 483313 574240 577770 622927 357684 163901 797509 520048 773651 709083 368363 174613 475352 273265 233123 386155 336134 499338 431478 134105 421046 794507 184190 167721 518399 494907 877497 409842 392603 314672 675706 805027 677622 531704 532211 903727 560780 377384 738893 356184 776435 160188 206167 1 569708 405183 358364 638675 486100 291080 189517 194033 549833 431388
 221078 669868 932350 694755 653276 360687 700842 189957 864890 699439 641692 250190 843143 550174 1090740 379579 136692 735026 564920 938772 512599 639839 527278 739774 874680 510967 869944 322827 472034 1132258 507078 474664 593916 820935 507824 157173 873149 672255 273646 489151 802441 767015 415526 1027106 699555 488284 186853 252543 620155 508534 735192 297026 875119 159974 387885 428763 617575 662707 955826 802250 893475 833395 1065415 194422 310407 314652 872848 509800 671765 569708 1 185124 579282 314064 887442 622313 635010 760288 492499 359903
