NAME : domp200p100v1
COMMENT : Cherkesly, Contardo & Gruson 2022
TYPE : DOMP
DIMENSION : 200
DISPLAY_DATA_TYPE : NO_DISPLAY
OPEN_FACILITIES : 100
COST_SECTION
 1 799491 595228 553510 868733 415999 374603 203579 640120 355313 309501 113987 312776 399747 98805 723794 1005461 678217 183580 593130 162737 475811 333857 164288 661821 812227 251952 376106 460459 744690 507521 516258 625980 737839 570342 271215 134184 742083 794286 95879 419923 713994 550695 424633 167651 475427 734411 51980 274259 206123 575952 43376 510777 524238 520554 495876 205156 641037 330182 272601 201866 643670 309443 552580 565354 118531 304394 485632 751366 178430 893619 877285 159556 677640 446209 508926 816724 791996 575880 376058 74257 122857 505915 100984 445097 428462 754484 507157 721721 886715 648743 774191 961669 510567 213229 637140 508634 91339 344099 663576 749743 658295 565565 423582 431247 262721 377870 908114 235673 193644 215241 220746 717002 725609 794652 598984 296114 154148 612652 548431 696282 171682 820450 498796 833640 381444 968203 393237 817672 792566 562593 806747 798085 671060 178581 292219 596763 428289 559520 395921 261764 337418 759016 274038 318383 377333 873928 484115 187412 375327 249705 218585 732801 498009 678640 370245 832488 172639 440502 669140 639242 810896 398378 159322 296098 469310 633338 382077 592412 607277 726539 646869 702483 406028 257980 801461 426786 988775 351250 542531 405904 509964 222281 778333 699154 747563 606602 551940 607367 444123 498868 538399 538167 780573 317273 35523 308301 261244 403297 225032
 799491 1 666393 246814 773663 446577 1014878 764893 592125 777359 734275 691293 793026 794778 873087 712994 697147 723479 933645 237017 956652 702165 729997 939606 236755 185166 642869 479975 1028838 75860 312445 1062682 269768 631083 662994 828216 801038 148426 595358 716462 401095 620563 323419 458472 731288 455789 682493 766971 979092 730047 350580 821417 1118846 598228 1007139 950203 644857 1058587 923461 866158 645734 1046399 756260 497306 1061743 815418 831130 340358 407261 663548 635303 667717 655845 992450 1047070 402640 281111 481441 684015 1048369 847350 831384 328630 900412 355418 744548 93505 298649 218136 610610 492996 411646 758170 316327 985117 241330 422152 828633 548106 255807 150155 876389 460068 404207 1033498 958188 477309 673157 789220 943180 624698 629671 639521 737811 439212 954081 772622 894396 457486 439618 640914 696217 336194 944423 172641 421512 682703 910202 806630 585405 422455 238425 685145 916977 674089 948865 399561 513944 932097 558271 878584 1002744 100230 997455 484610 743903 616723 898104 732126 597726 878099 730726 591712 998538 210047 729164 345468 671760 976643 1012617 893765 829093 1053382 643488 883412 380698 866154 879722 1133447 475677 572070 157164 177882 782588 919202 102535 706946 719968 684437 417239 1038348 984093 911922 129978 804245 101552 959121 367536 1170416 1082460 446129 1107501 909105 596773 794905 771836 616795 937268 684764 857171
 595228 666393 1 544850 273537 326675 521040 737457 94870 282982 299372 509880 838160 259131 588090 128898 436837 90217 584930 633729 665669 131532 275433 619777 722707 806425 681030 637789 475302 590859 427315 483550 398175 161060 24915 391401 485316 524787 237915 591223 398161 141346 364418 674459 683464 256448 141301 610361 559495 392504 321255 638366 564129 93893 409872 354866 632055 416956 907119 841691 410168 401531 814865 173321 454300 698831 366690 405794 323877 623699 330093 299936 583136 331119 509826 293269 471631 304896 29283 567896 578384 517647 620795 661450 516139 198280 575035 466210 763935 332723 188302 338833 371834 608917 797254 427056 730761 542123 300176 411123 526321 210308 208401 384520 502354 540663 335460 332837 392511 787382 407712 395871 135552 134495 336786 309144 330671 749334 210725 233693 113398 654677 434466 346302 809795 524493 398363 377017 230896 241255 247830 494995 208350 251358 637281 882284 266906 733938 299944 234603 837768 930871 570726 587720 523390 243014 315564 301742 410322 756582 827981 726196 176267 412378 716932 241877 438888 627448 422242 355262 230730 232766 556102 493787 423087 637899 202200 352267 533403 192167 182303 544089 713990 244328 494571 741598 179774 410600 245738 759710 528471 387497 517061 556513 151174 566391 312234 310772 575121 561303 742556 529999 283737 222632 842559 561292 711330 514163 195221 800799
 553510 246814 544850 1 731235 246602 794665 524523 498651 576707 525584 447078 564877 602822 629987 630325 731517 622340 694408 88924 712095 537539 526710 697453 178577 291086 404584 248851 822643 201349 117964 862768 202965 570866 533047 608694 564042 230938 567625 469654 181211 552666 188545 242342 487719 292357 610065 520208 747174 502152 242577 574691 908961 457789 816604 762430 400895 887490 690544 630039 411214 878094 528655 375073 872534 569659 617119 142452 406772 418340 640381 656599 409183 842492 835513 251647 365504 482735 553378 823972 603807 592523 116982 654297 108660 563468 219331 81422 225700 619879 418735 423169 755966 100659 738715 186317 243046 587148 338920 227014 239556 741797 346082 189712 821023 726863 266009 673496 565673 697470 390003 397025 569027 650825 454116 790299 560130 648551 369118 316421 561825 451955 400996 758101 304837 174819 705720 705846 737601 559410 307546 334402 637113 778860 429418 710121 306471 308187 761885 369597 640785 764772 226819 763390 237810 550118 618515 714604 501393 381705 639177 491578 537818 804394 176442 534382 414311 426534 773630 856768 750727 752583 832168 399239 664097 165368 726090 676344 938160 382567 519634 105632 182347 593059 690967 256342 527908 740164 486119 257563 820546 794634 679414 258025 695321 214827 796450 242496 971921 865353 264501 905068 737014 562633 567335 526715 386465 707824 500271 616904
 868733 773663 273537 731235 1 562172 752410 1006926 251673 543448 569001 782155 1104657 510707 858435 145091 231407 194336 848342 816974 933070 397929 544493 885545 897134 943993 942249 877479 682866 705753 623955 672611 541106 161743 298404 652668 756570 625874 178440 862837 625109 182681 543489 907111 952871 481367 138565 883507 810778 665307 488718 911890 760104 353239 595639 552699 896309 546345 1178898 1113013 681976 527864 1079456 377828 622829 971870 624295 610622 366628 890223 177313 128518 850741 428180 722337 496618 510300 296173 293716 799914 850061 787954 828946 933097 734251 457972 681401 663688 925632 199641 312800 364655 123589 814642 1069390 566903 950340 813639 562086 534803 623575 317762 394971 611296 718966 793818 581549 147557 660287 1060631 678085 666865 169907 147420 340696 457445 596598 1022854 363390 425753 184871 922644 456078 543536 939684 758653 200686 609570 86600 188482 429129 548713 94123 347016 904136 1155478 424912 971477 471476 496904 1109787 1204323 673738 839398 770471 507477 183856 510268 683332 1005981 1100259 993598 193487 607000 884555 509231 452228 894549 636827 461034 353911 116369 782588 763488 675729 857180 333112 591188 697757 352091 212053 694599 872519 497726 749608 867294 447838 189612 518490 974728 752329 577917 776661 645600 212569 674237 455841 491366 738761 776430 965897 714118 468487 177198 1108955 834828 967189 768011 467128 1073000
 415999 446577 326675 246602 562172 1 568632 481306 310845 334376 288107 302838 563794 357509 463542 435852 633701 413609 508286 330326 551545 294325 285486 523319 421623 535167 393103 315961 584369 376512 137769 621254 216882 403530 309528 382329 374582 348449 432341 363570 73256 380750 140947 349166 429879 81796 426486 403596 540032 291096 159955 450936 673350 233171 571712 516792 356243 640973 661002 594025 223317 631771 534044 185326 627472 480603 384557 109311 342959 358119 525687 524078 326231 599850 601051 94830 401803 395682 327886 603263 441369 408415 299051 511689 191974 316878 376142 166105 471949 512361 270058 365578 620845 288904 627014 233980 404265 414327 101761 253175 354834 506509 177810 60633 587286 518719 38355 549772 345387 598420 205085 204412 392294 451040 389480 544792 326069 551318 222481 151116 378116 394448 404587 512205 546230 199028 599875 466103 545812 427312 159159 395154 472435 541251 372438 655982 188086 411064 515619 123093 596698 710221 377554 560874 209418 305009 503872 468258 296791 444355 590166 459433 381971 560484 422426 289468 416755 364453 533369 612493 511581 553991 607269 262627 437275 311784 488647 435928 695003 224830 368661 292286 428649 347188 477236 489139 281519 627729 242117 433812 591800 549429 474524 386448 476453 367814 551107 136072 730070 635883 415886 664878 490635 421898 567685 381829 409843 496159 253670 563444
 374603 1014878 521040 794665 752410 568632 1 577008 606961 257420 284674 405932 683498 265213 284670 621518 952579 567415 207743 862194 294095 396703 294960 248303 946898 1083369 616278 702044 105077 945100 703126 157579 772570 681076 501050 186843 265131 911281 758947 454815 617564 662307 701751 753351 541829 576844 649701 424924 112555 294549 696642 401777 136309 507115 198521 212937 562550 319706 670162 626341 391062 329871 683270 592678 221190 482291 186033 674879 806629 537400 849596 815158 504473 403861 75866 629172 926140 812098 492146 47567 302860 257034 793667 348547 701014 328956 943668 722918 1004869 853537 670237 826769 870547 792080 457083 794986 837422 284810 466905 804036 916739 452192 624437 612474 63485 115530 537767 848108 229131 481456 411394 401742 655049 609528 834567 332201 244291 473770 660288 625846 633255 540899 906712 221118 1099002 655804 914454 144772 675705 762093 645241 933627 717262 441703 542058 612819 681265 775803 301015 467349 610169 638481 944390 131185 604736 299475 836107 244087 298994 738458 596995 593155 696757 176431 956393 309619 915173 533868 124009 381439 419290 655848 38971 441639 131486 773428 430480 168917 224460 645824 700758 859179 971686 280546 119732 1049476 359564 921554 343039 872880 31357 202544 152405 949164 542159 935169 337977 673087 233967 73743 833822 167550 293844 743660 687838 368027 671419 113399 364891 578028
 203579 764893 737457 524523 1006926 481306 577008 1 762327 536896 482936 233201 111050 582148 294061 865262 1111431 825881 377595 533309 323354 633609 505239 347539 579227 731181 122743 287579 664027 725870 523111 719796 657294 861076 713455 467287 332232 745619 904501 151271 452964 837050 589922 321369 54058 557866 868730 157107 472843 380014 630240 176298 712779 653729 721957 693990 129500 840567 179769 113044 328783 842127 106287 653282 768020 101589 499082 510141 822016 123217 1001352 993664 157846 868596 649424 574358 851727 876982 723351 575175 274181 325981 439469 249466 422585 598657 742933 507171 635982 990067 746202 844273 1085759 449976 251046 659671 392606 294895 447427 694230 754063 835044 655260 462202 634560 463393 448795 1021923 426214 200336 329759 341847 843894 871786 869580 791090 479836 159913 701704 631133 825243 86983 868535 696185 756302 356485 1076289 592867 967491 900795 640392 832009 926695 852791 108940 185996 668748 294362 751726 511121 118693 241051 749773 468440 301244 550203 980087 677144 361855 216860 115282 35971 847919 699750 601577 539881 881657 116901 642978 862902 820223 965418 598894 243706 497622 390449 810587 579025 795965 701433 837804 629119 631259 585639 461437 740876 588273 1101716 509218 420652 608188 710246 425143 777511 860180 737763 798768 609606 810411 645085 375459 741755 728967 892438 115657 218834 162740 463945 560030 92418
 640120 592125 94870 498651 251673 310845 606961 762327 1 359253 364047 544365 856941 342115 645751 131712 368379 131427 652408 586989 727535 210558 341990 684234 672706 742819 692257 626619 566982 517689 384897 577291 329992 98935 108465 464006 542227 446712 158951 622600 375629 74856 311075 657728 708436 230750 116023 648317 636526 445907 260736 682290 656747 116816 504214 448729 647825 510498 937455 870847 444169 494703 830617 128562 549114 735466 442814 367925 230452 643265 257310 237205 604911 419776 600384 252089 380804 210645 123036 653130 632956 576257 587310 715286 488165 278808 499233 424886 708892 254919 100834 244557 324135 573905 848627 358572 705037 597568 314986 336737 447307 294898 152694 361737 592191 616801 329956 268387 457714 833759 437357 427454 82538 152598 241917 402919 399930 792649 136570 182932 67304 676779 341335 440283 743687 508422 330352 464553 240286 159719 191204 406650 164966 336505 657376 919012 199361 721189 394732 251567 869168 969857 493963 664200 518805 317084 239609 395115 462290 754325 860368 746926 95166 506082 663927 312474 345208 648037 513286 445662 319480 253951 643088 520719 501317 611520 290610 438211 628186 119690 94784 482054 657232 326860 570122 673543 252794 348926 303949 731217 616413 481680 588910 476077 212216 490849 405702 256512 669863 650931 719377 623901 378592 144118 861158 605051 715878 590212 259330 833011
 355313 777359 282982 576707 543448 334376 257420 536896 359253 1 60498 307493 646949 45254 321538 401097 719648 349281 304909 654519 390780 151580 50419 342432 744246 867521 522203 549313 251633 704684 472145 286888 523531 443218 259904 109373 226045 663488 516357 386432 395527 422081 456569 597861 486786 326750 421934 386320 277527 156963 444966 397763 342560 252342 241695 191207 465858 332065 684829 624731 232545 327898 632888 335260 297669 471578 83901 443679 549603 447796 611738 582912 406153 334531 272769 380245 669534 558464 256447 300738 318111 252522 602069 399201 498436 85800 700061 498583 798531 612378 414399 569995 651638 596557 535695 547744 675041 282046 237807 552908 668338 302996 367312 387274 260429 258177 310735 615795 122802 535158 244944 231026 418191 396044 578825 259840 59281 504579 402895 370039 396004 468378 649310 188804 879720 469666 681167 133001 479892 518181 389558 678463 490000 316835 458347 646760 425114 638897 221751 219511 615732 689294 699749 305455 434546 42791 596002 153344 175046 628767 604088 537271 452724 228022 748904 52305 657753 448245 199372 333187 284618 468223 295807 316679 142106 595130 278029 102431 361458 388587 454035 625698 758754 50921 211800 823511 106490 693441 92927 709610 273632 220852 234550 700929 352658 691349 267448 422343 395797 314595 677900 330663 197090 501153 651573 327027 568327 231604 107537 578528
 309501 734275 299372 525584 569001 288107 284674 482936 364047 60498 1 251266 592166 103121 289448 424363 730888 375296 288378 601069 366384 171108 24732 321204 690022 816667 463240 489105 297310 663037 425164 337709 487918 454844 274844 106566 187979 626836 522983 331792 344639 432339 417625 537858 431797 292295 440648 335927 280926 104530 412206 352687 385360 249888 298535 250171 407126 392378 636249 574584 172372 388372 576774 318395 354206 422945 98642 396650 534985 389810 620787 596045 347917 393068 312947 344499 645045 552223 275967 323506 281646 218958 545438 364492 443202 118972 660358 449139 745217 618955 405297 556353 671205 540524 501130 510554 615584 245142 187946 519424 632204 352523 346640 337447 299240 259996 260925 628478 93849 495813 184458 170529 431096 422804 568240 319464 41212 461936 386576 344537 409159 411749 629431 248274 829856 411659 692541 180344 511729 523641 363615 650502 507559 370029 400763 601685 400178 578435 281745 182754 566738 646400 660741 306970 374861 68142 603578 213825 123344 568626 555497 481513 459135 283255 695711 61087 638777 390608 248167 392871 337386 503092 323641 257512 156276 536788 327901 151266 414469 374214 457846 580377 706881 103736 213564 775675 121177 707769 63275 650287 305633 278553 226765 664667 390058 651776 327030 388512 446855 349042 618071 379499 256848 508079 596780 278839 508618 233977 105322 529373
 113987 691293 509880 447078 782155 302838 405932 233201 544365 307493 251266 1 341235 352499 183350 638603 904982 596787 254547 493979 265359 401167 272840 251661 568647 715976 220693 299238 473096 634202 394625 526179 511995 643130 485406 254652 141272 629047 694512 82440 306348 619075 436726 350324 180970 365338 645183 105017 326066 151462 462731 148298 539543 431094 513553 477766 164104 625214 397303 332300 100426 624559 325581 447937 564407 191106 282537 372185 640941 142726 793372 780255 103281 641710 468555 396451 702918 684644 493859 420196 156864 158350 411588 213172 339869 365641 642940 396115 628484 784943 543891 663763 868243 414070 324311 523300 435174 144220 237279 549590 636622 602343 457961 309725 452971 308969 264925 810179 208116 298149 108127 116982 623896 643375 685172 565728 252937 252936 505259 439079 604081 160891 707424 478615 735918 279667 868346 382326 738145 692062 452383 692761 706198 621198 151976 374702 485775 369876 526816 294480 327892 425613 647170 335140 218758 317764 773054 453953 134815 337613 318148 230249 634597 493052 583185 306996 719580 142084 441069 638600 588504 734672 437075 47852 297243 381305 578016 363277 605446 501179 626805 536987 604677 354772 286936 699195 355245 890777 276260 470399 436588 498609 261403 665544 627795 635839 573397 438903 627402 479425 429744 556544 503027 681349 345838 81839 272249 297774 327445 290934
 312776 793026 838160 564877 1104657 563794 683498 111050 856941 646949 592166 341235 1 692178 399024 964811 1197441 927437 480456 556287 416683 738983 614038 447071 585983 733220 172553 316328 772811 763422 584587 828725 720463 955044 814600 578316 443012 793701 993710 260558 525180 931178 658555 334914 160370 643441 966117 267851 576914 489987 703580 281769 818548 751787 832495 804992 209383 951478 134269 96676 433399 953128 36781 742640 878037 201518 610131 576003 897635 214590 1088830 1084260 255101 979301 756857 653544 911945 957337 825561 678975 381079 435596 464690 345492 472784 706734 783687 562535 638295 1076053 832909 919318 1178414 477832 310576 718953 388546 404015 542681 756064 802301 943556 740913 536044 742192 568855 534531 1111411 537206 259732 432117 444941 939177 972652 946160 901937 590284 234335 786233 714906 921333 184148 934147 807217 759927 411413 1163325 703706 1068914 989349 722225 888234 1021873 962193 200890 180891 747813 287461 862597 607756 117463 225623 791496 570265 366129 658979 1067176 788099 472015 200612 126024 112413 939350 810178 610807 648191 947517 210715 753085 973847 929547 1068178 703625 346040 608042 412358 919249 690055 904199 787736 928048 670449 642844 695285 569629 755053 694757 1190344 615705 409610 714475 821027 532558 822670 965079 779538 909616 684844 917375 750032 367287 849374 839734 982331 4627 329676 178413 571062 665783 126105
 399747 794778 259131 602822 510707 357509 265213 582148 342115 45254 103121 352499 692178 1 362321 370741 695193 317713 339557 682979 428133 131601 86916 378787 773429 892593 566267 588494 240886 720998 494626 268549 535451 420179 237719 144820 269264 675493 496107 431648 422393 400210 471898 636355 531991 340034 394344 431411 302006 202194 455190 441982 333203 243255 214234 159658 510063 294087 729542 669710 275323 288564 677981 334631 269964 516392 114194 466410 544499 492365 589217 557823 450606 290072 267739 393722 671358 547047 231060 311070 360320 294303 634637 440490 529503 63786 714618 523316 826523 591531 406558 563998 622106 628337 576527 560850 712127 324581 265767 562816 679868 258965 368986 413157 257197 284072 337422 590832 165595 577625 286621 272556 394544 363517 570468 216463 103732 548058 400659 375426 372446 513355 647598 155681 903696 504544 656773 126489 443769 498725 394984 683057 462595 271787 503066 690733 429259 679264 179123 237496 660539 732656 713683 330496 472488 52736 574566 115105 220299 671477 648831 582405 433196 203947 776848 68568 655291 492944 186399 289872 239683 430462 302037 360572 165750 630253 233948 97670 338894 385088 436322 645775 785168 15341 239127 845475 96921 667072 117399 746378 276715 191932 266277 712429 314147 705824 224004 433704 375662 314376 715851 314266 153996 480818 696802 371895 611718 257920 111187 623374
 98805 873087 588090 629987 858435 463542 284670 294061 645751 321538 289448 183350 399024 362321 1 713800 1014123 664571 85110 676917 88128 460510 313945 68962 749808 898362 350757 469993 377595 814052 570992 433640 679465 740259 563362 220064 103534 803680 803768 192808 480916 717088 603310 519509 263972 511100 729352 150620 178795 200267 621075 117819 419532 529045 447660 431073 303282 571310 392516 343823 240226 576067 400241 574618 487831 197648 253576 546678 783721 276595 902828 881440 254286 621476 358766 551495 864376 816011 565310 281127 27118 70499 592925 78586 523138 403566 821230 576057 809745 898641 669348 806338 959633 596191 214239 693851 604063 50224 377276 716323 810907 619154 593336 482188 344431 169836 425373 913384 199559 218501 258926 259194 717464 712030 823913 542402 264124 197537 639105 580641 695840 270351 862231 435360 918703 462816 976093 327520 799553 803291 596808 858683 795664 626303 277265 341830 632702 526147 503514 417541 328941 377209 824887 176081 401256 352533 884403 428562 185086 474119 315919 313310 740568 424413 765208 349438 873555 271072 365187 609094 595912 789171 304961 230996 228439 559560 594184 322722 507033 631070 736854 717726 787402 371749 174762 882544 410597 993439 343533 638382 315530 440154 135929 840879 674059 813824 549806 596388 518635 351259 595250 451335 484656 789322 403332 109422 407105 173303 392905 295226
 723794 712994 128898 630325 145091 435852 621518 865262 131712 401097 424363 638603 964811 370741 713800 1 332923 54104 705809 718586 789312 253490 399946 742273 803909 869901 805228 751438 560940 640022 516514 558289 457297 93864 153647 510469 611698 565402 169651 719760 503489 95115 442522 784736 811224 358190 38623 739258 672496 520217 391349 766987 643923 213688 481356 432567 757579 455539 1035752 970178 538717 437829 940694 258785 516483 827722 483160 499102 324214 750224 238121 197115 710096 347176 598808 383231 478582 275887 148688 669051 705125 643303 718324 788179 617959 315319 619522 556483 839086 248863 221710 331414 251388 705104 924393 485407 834755 668728 423792 460225 565000 221545 284404 489587 593728 654795 450661 229383 516195 915558 535707 524109 76092 26266 317733 354604 452901 877932 265212 314575 72169 781840 431117 423432 869483 634760 295477 477036 110055 177511 322809 510451 97471 260027 763960 1011180 328853 846862 359471 358077 966461 1059707 613407 701050 640297 363912 230079 385008 538246 875332 956740 853165 132039 489264 794644 364991 431602 754225 511493 377730 254779 122260 653847 621566 536468 741236 228252 456167 594633 249567 149631 610785 787077 357103 609777 798471 303300 300161 373400 861567 624437 461334 635308 591761 113782 611453 354966 388046 636581 652302 848480 602512 351057 157156 969171 689994 833070 628660 322066 929536
 1005461 697147 436837 731517 231407 633701 952579 1111431 368379 719648 730888 904982 1197441 695193 1014123 332923 1 386655 1019001 806389 1095715 568068 708063 1051876 871778 880687 1026657 928323 893840 643054 646797 889842 528574 276638 459757 827442 910603 562134 211216 979835 679458 298627 562392 946728 1058546 554305 302896 1009888 996304 814183 508817 1046941 976110 485097 812699 765166 989204 774010 1289990 1222887 806151 755644 1167684 458925 844765 1095314 803455 643374 324751 989066 111844 137526 953941 657397 931714 546519 416067 250259 464261 999984 1001099 944620 843769 1083205 767800 635104 614370 682417 885950 121440 365250 308958 117491 827841 1215704 546684 971024 965840 668951 506999 556931 541336 456725 667038 926503 977498 663508 104518 824735 1198889 796884 788394 301458 348921 277868 680149 765109 1156372 411223 482600 323645 1024538 361609 756010 869783 809504 38481 807816 317363 213018 476255 458770 235805 573973 1003415 1277469 454467 1014694 689482 610766 1223395 1329769 604836 1024551 838221 679026 131954 717925 830386 1065968 1215586 1091776 273666 821535 853380 676512 351770 994825 844328 690023 577017 347676 985733 876353 859861 882894 553456 785399 921540 410164 278927 664833 833481 680643 931364 798710 614963 44671 671918 988644 956648 793271 953076 568768 431639 609400 679381 522185 963097 985151 990455 933279 682841 225191 1201354 970111 1039992 950992 625606 1188344
 678217 723479 90217 622340 194336 413609 567415 825881 131427 349281 375296 596787 927437 317713 664571 54104 386655 1 654187 711185 738745 204232 350691 691226 798601 873362 771115 726663 507429 649110 506114 505914 460874 133275 112918 458589 563162 577686 213947 678596 483906 125656 437227 762406 771964 339945 86148 695817 619143 473334 389313 721536 591095 182910 429190 379517 721867 409312 994040 929015 497730 392007 904522 247270 465840 784394 430687 486423 349363 713126 289725 250275 672343 305668 545091 371518 503278 310342 102964 614949 656778 594134 703954 739726 600833 263694 630495 545694 836898 298854 231069 359480 304872 691482 876248 489561 816636 620301 390389 468163 578077 178466 277899 470117 539861 601626 424361 282794 466074 868897 496196 484044 109428 47546 349618 305995 402286 832310 267583 306421 94870 743708 459066 370410 874681 612266 349034 422947 141612 220648 317549 532256 150894 218940 726621 967347 329542 822686 308389 324817 924525 1015039 625105 647721 612942 313161 280236 331347 491633 846549 914488 815324 165938 436464 791083 315173 460936 716738 457673 334838 209293 142586 599769 582409 483319 723410 181507 402211 544415 250190 180433 611923 785780 304319 556838 804757 254158 354243 326994 844815 570394 408804 582993 606394 81668 622144 306920 382626 586438 598497 829136 550531 298810 200112 931857 644922 801541 575576 275068 887409
 183580 933645 584930 694408 848342 508286 207743 377595 652408 304909 288378 254547 480456 339557 85110 705809 1019001 654187 1 746934 94368 453835 310940 43644 823064 969560 435357 549293 306812 871406 625865 362227 725073 742628 560924 195713 134051 854708 811352 275959 535372 720377 649232 599488 348975 545444 725423 235523 96980 222762 660770 201478 339660 537640 385960 378031 386825 510796 462477 419138 289350 517525 483457 596474 420809 279095 225411 600033 810815 360239 909120 883609 335563 573141 283366 590386 903407 835764 559684 198561 109708 102263 666020 140809 589756 390558 876378 635069 882851 907296 688217 833010 955744 668147 257155 741893 684347 110411 414104 760921 861525 586670 619501 534832 269943 92764 471152 916201 194741 275809 309961 306773 718485 700928 847985 494971 254305 266034 663339 610668 696420 355257 896393 383595 988903 532590 980609 277280 783280 811941 628143 901315 793125 588518 361536 406076 664805 609051 457444 443713 402630 434562 879288 91123 472874 342354 891956 384964 213122 558819 389442 397949 747510 362471 837188 343132 907025 355012 302905 557283 559980 769846 223787 300339 183233 635467 562152 279717 432144 653250 746020 776959 857891 351513 114049 949406 405176 995045 349260 719014 237558 381764 76812 892425 653359 868620 502032 635944 440537 270271 676479 375274 441470 796455 484662 189739 491697 104725 393478 371037
 593130 237017 633729 88924 816974 330326 862194 533309 586989 654519 601069 493979 556287 682979 676917 718586 806389 711185 746934 1 754974 623534 604179 745540 91317 223050 410599 245987 896567 218559 206582 938761 281261 657363 621756 678183 620672 273473 650609 503144 260982 639681 276204 221509 503832 380546 697685 554377 806964 567769 329205 608858 980895 546304 895714 842570 419129 970699 687407 631362 472956 961837 519508 463931 951729 592210 689295 230020 482849 440360 719411 738184 439546 928934 907119 340561 421114 560226 642023 888785 650085 646562 93840 692270 161210 646523 244306 168725 144150 698017 505199 497486 837029 84468 763542 260251 191916 637457 417392 299427 281587 829823 434578 271211 892303 787316 345693 753567 633320 718924 452048 460810 656328 739319 528581 875110 633610 670895 456221 405097 649659 470390 463140 838633 242002 214422 782397 781247 825427 642086 395790 385038 722904 866559 449412 715223 393063 277926 845770 453278 644601 768499 253808 821115 275755 630264 697836 796065 564858 360843 644815 498367 623494 882537 94730 614412 475992 448504 849050 942461 838105 840838 898877 447011 733153 144448 813774 752329 1015298 470170 605007 147184 111030 673934 754148 210273 611669 817618 565681 195775 889218 874154 739262 291200 784241 242876 881404 330550 1047881 934117 215688 979963 820685 646363 558098 569867 381017 769947 583191 624986
 162737 956652 665669 712095 933070 551545 294095 323354 727535 390780 366384 265359 416683 428133 88128 789312 1095715 738745 94368 754974 1 535976 390240 51007 824526 974736 403284 537920 396525 899025 657177 451066 767245 820553 641205 283315 187503 890493 886137 257348 567422 797714 691109 585687 306457 598994 806872 208142 181638 284609 709201 159055 419693 611247 478979 472341 362651 603803 380774 344553 328245 610978 425491 660724 511776 221773 314859 633303 871003 336228 984844 961841 321741 667507 369849 639617 952496 901943 641659 276185 110878 152396 668465 74408 604335 475434 906940 660872 884435 981488 754910 893572 1037470 672849 164032 781309 668988 138075 465223 804183 897802 679011 680301 569108 357429 183065 513339 994081 273277 188186 346738 347260 797163 785911 910731 589308 336486 187997 725783 668158 775314 321919 950255 477948 995940 542123 1057515 371601 870649 886031 684491 946651 873929 681937 333782 320280 720489 584650 551700 504184 326138 344390 910819 165424 479519 425596 966853 478924 270633 523907 313018 349685 822620 455507 841186 424450 961541 329525 396101 651564 653026 858399 303734 313175 276637 632015 654344 373330 517621 717330 819681 802131 864703 439208 208414 962477 486434 1073721 423819 702334 322079 475505 170828 927543 742243 899650 596381 684516 522204 349460 658069 460022 535463 871511 420543 185607 458714 198323 471390 298295
 475811 702165 131532 537539 397929 294325 396703 633609 210558 151580 171108 401167 738983 131601 460510 253490 568068 204232 453835 623534 535976 1 146566 489355 714805 819172 592438 577407 363636 626714 421693 381752 434690 291674 108331 259882 358931 572509 365701 483602 366728 270735 380697 620172 580351 250599 271592 496396 428692 270033 352989 519186 455307 117023 314971 257178 539587 356708 796507 732660 305584 345182 719071 216607 366404 584814 235417 395379 417685 527331 460345 431391 485434 305566 394386 301385 551427 416190 105882 442669 452551 390036 591415 535494 483732 68321 616486 456117 763077 461517 278377 436320 502021 582196 672028 462085 686985 416071 229584 457395 575881 219457 253491 354785 385100 409600 287638 464251 262755 665281 308092 294722 266611 251762 441076 254392 199884 629607 278525 266373 244424 554983 523563 249971 826951 475261 529588 255625 341988 367945 285257 566946 339334 250226 540042 766591 316166 672860 230035 174464 726807 813167 614219 456782 459112 111578 444908 202661 288557 681970 716261 626617 302388 311724 713969 111537 530427 529909 309009 319258 219191 335376 433222 393331 292530 597865 198745 228325 442743 261647 304930 561991 717220 116320 363338 763757 49935 542127 125599 719022 407206 291578 385533 607999 226636 607626 260124 334693 482754 443294 695002 428678 206963 350444 743512 443229 629661 383054 73759 689477
 333857 729997 275433 526710 544493 285486 294960 505239 341990 50419 24732 272840 614038 86916 313945 399946 708063 350691 310940 604179 390240 146566 1 344582 693851 817636 482193 501694 299058 657893 423189 336304 479427 431760 251014 124199 212676 618991 500817 353985 345501 409441 410771 549745 453699 282848 416641 359487 299005 128352 402230 377089 388888 228973 292104 241158 426413 380157 659998 598018 189874 375159 597967 301849 348083 446790 110510 394684 518165 409856 598267 572855 367802 374820 317667 335840 631825 532984 251684 335651 306346 243474 551787 389164 448025 94839 654130 448939 748217 596880 386608 539252 647234 546194 525823 502885 626112 269840 187802 509938 624103 329823 331513 337466 304586 278394 260855 605375 117145 520519 200193 186076 407797 398186 550229 302777 58479 486497 370047 331252 385797 432778 614484 238430 830075 419821 669675 180634 486999 501696 350560 638686 483730 348509 421129 625983 386804 592348 265877 173968 590432 670900 654140 325658 386033 44965 581307 200979 147201 585418 579274 502979 436934 278367 698600 36444 623520 410945 247919 376122 315770 478391 333860 276569 170008 545395 305349 150452 411504 357025 436145 577405 708649 84718 231674 774435 96663 684465 48079 660534 314078 271176 247327 656651 365494 645473 310253 379001 445375 356567 629448 379474 240609 485841 618645 302907 526430 252072 82674 553051
 164288 939606 619777 697453 885545 523319 248303 347539 684234 342432 321204 251661 447071 378787 68962 742273 1051876 691226 43644 745540 51007 489355 344582 1 818747 967168 414828 538427 349002 879499 635311 404105 740052 776032 595497 234109 150890 866734 843107 259814 544926 753449 663928 587695 323465 565800 760750 214849 136010 245992 678762 173815 377669 568522 429387 421634 369409 554233 422379 381488 300943 561076 452380 622463 463550 247058 265075 610372 834959 342684 941424 917248 322288 616625 324154 608645 922041 863013 595206 234895 96065 115807 661842 102667 591055 427596 885897 641865 878681 938785 715601 857365 991308 665022 213567 755538 672082 111165 432803 776494 873799 628408 643729 545479 311148 134757 485519 949663 227459 233493 320662 319346 752285 738229 873472 538366 289486 226572 688481 633175 730325 333641 917408 427158 987399 531310 1013573 320652 821979 843325 650094 918083 828127 631029 342366 364533 686475 592560 500714 467395 364249 391717 889279 124198 469978 378363 923812 427921 233820 537591 351049 370419 779399 405899 834069 378017 928379 336768 346369 600898 602211 809237 261387 299071 225692 628487 603786 322365 472678 679229 777133 783738 856113 390208 157607 950680 440130 1028963 380305 706233 277360 425368 119828 904172 692922 878355 545453 653962 479437 307701 662828 415436 484459 828346 451154 178222 471050 148237 426511 333902
 661821 236755 722707 178577 897134 421623 946898 579227 672706 744246 690022 568647 585983 773429 749808 803909 871778 798601 823064 91317 824526 714805 693851 818747 1 152684 457640 295301 984435 247385 296513 1027508 356700 739189 711360 764328 700073 318550 727145 568819 351936 722475 361753 257925 556450 470929 781541 619731 887377 652394 412798 673498 1067713 636295 985704 932926 475596 1061799 719808 668800 556215 1053026 549591 551679 1041721 648289 776681 320743 552273 499080 790413 812435 504295 1020159 993866 429468 470962 630438 731769 971922 722750 724232 157060 758802 247424 737654 276741 259462 59950 768018 587483 564789 910205 155714 819375 332541 198846 712852 507689 368968 325604 920361 521048 362369 978909 868197 436426 825742 718694 772479 535631 545173 739619 825287 595667 966413 721687 725728 539774 492181 734062 525622 518357 929109 177120 292760 850128 869898 909548 718241 481758 431338 803369 957333 506370 754809 476134 298702 936990 544539 684069 806176 287000 900214 350284 720749 769320 886815 648396 385519 685906 543410 704071 972187 27154 704877 530465 506976 937635 1033768 929047 926009 983059 522857 818943 194141 904555 841255 1104471 554562 685180 207562 60792 764587 836727 171756 702904 886152 656059 186073 974484 964295 819965 326565 872751 278202 972714 416411 1136535 1019356 221747 1068194 911878 723958 587132 641217 419362 851868 674319 668550
 812227 185166 806425 291086 943993 535167 1083369 731181 742819 867521 816667 715976 733220 892593 898362 869901 880687 873362 969560 223050 974736 819172 817636 967168 152684 1 609982 447985 1113666 240385 399266 1153801 412925 794316 798919 898274 843721 322050 767111 720081 472215 781117 443637 409837 709100 568890 842562 771143 1029945 789396 485450 825144 1199621 727663 1106702 1051958 628195 1173436 867443 818461 695439 1163164 697230 633176 1162536 800964 907717 426955 581005 651521 814488 844228 655698 1120717 1126053 520431 464838 657562 819920 1110936 871408 869464 306319 910018 383488 850646 267573 369304 95393 790230 648261 588104 937213 302193 972058 384568 344735 859822 629838 411221 326038 1012410 598352 480252 1111454 1010236 556799 851906 854255 925101 674435 682803 799544 893460 617042 1073496 851003 878403 606267 572898 797971 678293 519112 1047348 28081 436999 864935 996931 969409 757416 558704 422167 852875 1051445 658961 904887 543821 446073 1047049 657069 834301 955506 276656 1044164 497258 839997 795121 1003124 787101 532739 836586 695294 756174 1094938 133621 824360 528986 659449 1064711 1137413 1025366 989579 1120405 669351 953520 346532 999173 967407 1228961 623282 736576 262338 112130 882352 976626 82632 814258 902093 776431 325245 1109882 1084524 962221 311920 951824 273481 1079291 496036 1262940 1154759 366045 1196154 1022630 766917 734087 790469 570396 992637 787897 819872
 251952 642869 681030 404584 942249 393103 616278 122743 692257 522203 463240 220693 172553 566267 350757 805228 1026657 771115 435357 410599 403284 592438 482193 414828 457640 609982 1 164844 690886 605685 413654 744874 549363 789396 658369 475258 353395 629166 824663 161847 352636 765750 486281 200440 102463 473653 803811 200298 523297 369855 531028 244305 752067 591544 734231 697998 56751 845319 287598 225565 292818 844184 141093 574449 784839 196714 503162 404025 725099 79324 918763 915837 117575 856305 683256 481601 742042 785252 671103 623554 325679 359491 316762 329968 305938 569648 623719 393699 515032 905388 662978 746768 1011182 327431 364532 549059 276074 333956 381466 585406 637695 805495 570776 363568 667789 509707 365538 942302 428789 316041 285898 299831 774775 814964 773654 781995 470720 270794 615515 544099 757806 81474 762700 698595 634757 241918 992975 602999 911665 819962 550777 719834 857087 828471 74472 306171 575701 183277 743607 447220 236331 360471 630888 525249 193721 525992 896969 672139 354376 123524 235302 87898 771803 713642 479542 513222 776025 82412 661038 855273 795672 913250 643852 205741 516154 267771 782087 583813 823711 617744 759759 509823 508889 566541 496668 618215 552090 1020680 474537 306556 647525 719265 465404 659918 815234 618872 789617 512350 843727 688387 261254 773187 719212 813697 176127 249595 56349 503986 521389 214508
 376106 479975 637789 248851 877479 315961 702044 287579 626619 549313 489105 299238 316328 588494 469993 751438 928323 726663 549293 245987 537920 577407 501694 538427 295301 447985 164844 1 759474 447226 286087 809347 419174 717589 618341 534444 439765 478870 738428 280614 253649 695327 368086 51309 261332 396124 742398 330178 625243 419239 419925 382512 832860 544004 783589 738559 180844 881371 444148 386188 323331 876812 279953 499703 837961 353022 555416 285446 611656 205243 825851 830772 216566 869687 760193 386634 604164 679669 634827 718866 443003 457234 152232 469000 165621 573705 467370 256824 353894 809275 576164 631734 929482 163678 524078 413035 135942 439703 348112 452258 487491 796864 486053 267196 744645 608194 302353 853786 486085 477416 307003 320215 707591 765829 660878 802191 509541 430460 525434 456179 693919 230384 631892 737111 472024 119908 897545 655871 861235 732188 457584 577350 786659 826353 211612 469398 474666 96264 766596 408838 398885 522948 475226 633421 118439 540030 803619 702405 409276 139638 398883 252450 693261 765807 316094 524961 645388 212914 720503 874904 794396 868303 734696 260424 584353 103052 775802 631292 888864 532069 678378 354282 344678 584447 584488 453443 547206 928497 478594 171226 732054 765188 560517 506863 784010 463281 809458 406243 914956 775785 132113 844226 741079 729575 318682 360717 138054 596373 515382 379036
