NAME : domp30p15v6
COMMENT : Cherkesly, Contardo & Gruson 2022
TYPE : DOMP
DIMENSION : 30
DISPLAY_DATA_TYPE : NO_DISPLAY
OPEN_FACILITIES : 15
COST_SECTION
 1 276311 488054 216486 339766 674349 791737 346750 312612 655760 681724 551415 575752 480840 311723 171193 529358 325008 235013 514209 238291 515387 124683 500678 164333 581115 248079 329821 655500 379345
 276311 1 648638 286199 63676 557050 678399 589844 46455 380735 622018 478408 314747 278477 246832 217163 735998 148879 509487 637667 480694 650919 387694 688328 347634 457536 284364 301939 613576 236144
 488054 648638 1 362607 692042 599201 665742 249671 654098 981190 502052 467307 953447 919458 790793 432964 148009 766843 490013 89356 608114 63180 521973 77324 630652 562575 370103 816030 456846 841133
 216486 286199 362607 1 330362 470256 583468 348717 292533 631414 465996 339908 592692 560089 457655 75349 458923 411749 391008 354731 441440 366028 324166 405930 379643 383726 36227 495047 439042 491771
 339766 63676 692042 330362 1 540698 660176 647485 37955 318882 619124 477051 262559 258246 277405 266928 786418 162259 573157 674501 542682 689742 451199 735924 407248 442947 322833 334690 615348 244693
 674349 557050 599201 470256 540698 1 121979 750129 520031 643803 143972 141109 700503 784214 803396 503278 746537 700319 859234 520495 908964 549653 791583 675650 825986 99837 434419 857161 178899 785068
 791737 678399 665742 583468 660176 121979 1 841292 640676 738359 164731 244519 806199 899529 924954 621205 813562 820671 968576 580816 1024323 610205 906875 743065 945538 221773 548237 978919 210393 904830
 346750 589844 249671 348717 647485 750129 841292 1 612570 963802 687882 609060 903792 825729 655255 387656 206434 668842 255999 326461 384347 307946 325609 211883 445533 685803 377260 665109 646447 726088
 312612 46455 654098 292533 37955 520031 640676 612570 1 351866 592086 449125 300223 291215 287511 229975 749086 180450 547282 636773 524008 651884 427915 698218 392889 421157 284901 343693 586383 266313
 655760 380735 981190 631414 318882 643803 738359 963802 351866 1 767919 649211 131587 306033 487842 577780 1089891 378309 885650 947875 838613 967781 759906 1033896 694921 571237 615063 537774 782302 402451
 681724 622018 502052 465996 619124 143972 164731 687882 592086 767919 1 143690 810719 873637 861231 517309 649622 770400 835896 416407 904760 445761 788380 579336 842629 196780 433656 911168 45662 857392
 551415 478408 467307 339908 477051 141109 244519 609060 449125 649211 143690 1 679741 733074 717793 382860 613043 626903 724140 393990 781311 422369 663961 542487 709024 100981 305215 768116 139532 713966
 575752 314747 953447 592692 262559 700503 806199 903792 300223 131587 810719 679741 1 175192 368013 529051 1048781 269715 796554 931697 736245 948444 668418 998440 590824 616156 583434 414420 818093 278272
 480840 278477 919458 560089 258246 784214 899529 825729 291215 306033 873637 733074 175192 1 212522 487028 993814 157110 678294 914172 598999 926116 550360 952554 454876 690059 561685 249706 872086 118694
 311723 246832 790793 457655 277405 803396 924954 655255 287511 487842 861231 717793 368013 212522 1 383185 841008 122375 477505 803844 388595 809946 352968 810147 246963 703700 472346 57591 848624 93908
 171193 217163 432964 75349 266928 503278 621205 387656 229975 577780 517309 382860 529051 487028 383185 1 519760 337087 379839 429355 408010 439753 291589 471168 326201 409996 91090 422070 494605 416512
 529358 735998 148009 458923 786418 746537 813562 206434 749086 1089891 649622 613043 1048781 993814 841008 519760 1 837371 461391 233957 590634 205035 528351 70916 646684 706434 475363 857085 604283 903510
 325008 148879 766843 411749 162259 700319 820671 668842 180450 378309 770400 626903 269715 157110 122375 337087 837371 1 532000 766390 466541 776687 403356 797385 321112 601583 417623 179539 762435 87268
 235013 509487 490013 391008 573157 859234 968576 255999 547282 885650 835896 724140 796554 678294 477505 379839 461391 532000 1 551574 131309 540031 128645 465456 233963 774692 427234 469351 801384 564183
 514209 637667 89356 354731 674501 520495 580816 326461 636773 947875 416407 393990 931697 914172 803844 429355 233957 766390 551574 1 662051 29430 566495 164856 667225 492405 353357 834537 370906 845302
 238291 480694 608114 441440 542682 908964 1024323 384347 524008 838613 904760 781311 736245 598999 388595 408010 590634 466541 131309 662051 1 653668 117453 590376 145574 817570 476210 368500 874401 480894
 515387 650919 63180 366028 689742 549653 610205 307946 651884 967781 445761 422369 948444 926116 809946 439753 205035 776687 540031 29430 653668 1 561429 136582 665200 520341 367326 838903 400238 854273
 124683 387694 521973 324166 451199 791583 906875 325609 427915 759906 788380 663961 668418 550360 352968 291589 528351 403356 128645 566495 117453 561429 1 515956 120545 700548 358806 350564 758778 437343
 500678 688328 77324 405930 735924 675650 743065 211883 698218 1033896 579336 542487 998440 952554 810147 471168 70916 797385 465456 164856 590376 136582 515956 1 630672 636439 418971 830468 534094 867362
 164333 347634 630652 379643 407248 825986 945538 445533 392889 694921 842629 709024 590824 454876 246963 326201 646684 321112 233963 667225 145574 665200 120545 630672 1 729766 409682 235390 817894 337504
 581115 457536 562575 383726 442947 99837 221773 685803 421157 571237 196780 100981 616156 690059 703700 409996 706434 601583 774692 492405 817570 520341 700548 636439 729766 1 347511 757360 213352 686797
 248079 284364 370103 36227 322833 434419 548237 377260 284901 615063 433656 305215 583434 561685 472346 91090 475363 417623 427234 353357 476210 367326 358806 418971 409682 347511 1 512588 408219 500125
 329821 301939 816030 495047 334690 857161 978919 665109 343693 537774 911168 768116 414420 249706 57591 422070 857085 179539 469351 834537 368500 838903 350564 830468 235390 757360 512588 1 897075 136149
 655500 613576 456846 439042 615348 178899 210393 646447 586383 782302 45662 139532 818093 872086 848624 494605 604283 762435 801384 370906 874401 400238 758778 534094 817894 213352 408219 897075 1 849678
 379345 236144 841133 491771 244693 785068 904830 726088 266313 402451 857392 713966 278272 118694 93908 416512 903510 87268 564183 845302 480894 854273 437343 867362 337504 686797 500125 136149 849678 1
LAMBDA_SECTION
1 845
2 832
3 641
4 212
5 429
6 185
7 122
8 608
9 953
10 562
11 39
12 899
13 917
14 521
15 532
16 221
17 478
18 397
19 348
20 598
21 404
22 924
23 796
24 380
25 286
26 165
27 565
28 331
29 360
30 485
