NAME : domp100p33v5
COMMENT : Cherkesly, Contardo & Gruson 2022
TYPE : DOMP
DIMENSION : 100
DISPLAY_DATA_TYPE : NO_DISPLAY
OPEN_FACILITIES : 33
COST_SECTION
 1 927419 450443 718241 734556 957898 175531 130558 673420 432129 763580 518286 266681 845608 172161 788013 747111 877259 949897 869172 631345 299950 1021417 576261 1118874 692886 630367 805019 867352 653071 185151 823318 715678 707892 721428 776712 882149 985804 441818 480886 536405 98478 429016 654554 756600 893183 462394 473514 466948 238410 721337 543496 816924 694029 1068056 772870 624587 824236 931705 960479 1048068 117610 802017 465995 530896 236975 601426 865369 276862 539960 717721 77194 357337 352728 189532 880903 42747 802917 886276 871404 326518 936020 628218 598550 762113 967682 663181 489457 391819 462508 223908 390572 509451 887528 974225 1109268 412707 189152 689836 935075
 927419 1 865966 693933 275374 496869 815007 867526 808882 514963 814599 920824 661657 337429 941634 251685 920702 847185 429278 223545 581568 646525 454312 1002889 642169 239096 327036 364440 961851 833941 896972 469123 838591 1003960 992007 628581 864263 556989 1008840 750456 399728 839841 991677 330264 1214843 258196 810606 579966 994665 906525 936286 902525 1059838 628931 684452 893291 821906 437506 504106 833933 752641 916422 180193 674409 432060 822647 332869 494516 650668 696579 211985 851661 839276 575098 888771 464058 969998 806255 107857 861669 618318 237856 1034532 979792 794631 294168 1036793 570661 975406 882522 706310 627863 808338 74525 808280 721027 579275 756391 240496 111469
 450443 865966 1 333732 597027 660072 545609 322113 242203 409249 334061 79984 446998 628797 612998 852015 297585 446843 682030 707213 328592 350460 746993 164655 780475 644911 545005 582083 418441 213773 608350 541708 277548 265057 275114 420086 448293 664224 150447 119793 602846 383248 136439 535755 389341 709481 57529 289247 129704 218987 270896 95045 372953 345418 706640 327149 188255 558719 629664 540375 661017 336897 691510 191574 450831 222481 563173 568082 425009 191048 673109 441704 95940 444056 608627 597418 464621 377916 878782 437314 362711 758605 214207 167125 338430 763156 239147 296539 137981 19256 390434 270149 86406 862027 562286 740966 319572 344784 687752 818978
 718241 693933 333732 1 426847 346158 750302 590726 132825 440875 122070 332843 591872 379563 852751 777024 229236 194465 384640 486286 142702 485677 439692 383338 447759 534868 442081 339293 275588 167805 832881 256225 148762 327822 310864 94386 207481 338471 470838 244853 597451 628048 461466 407212 552937 470714 287631 294860 439609 524756 250670 299130 367272 67751 373105 199363 172677 283561 315857 251116 334200 623138 516308 255285 404772 485751 492201 264682 564452 178351 556980 681006 390273 534941 830048 299948 744743 127037 745234 199911 476845 516243 392729 346518 103208 500054 380257 284020 470585 337623 565093 360974 247479 717771 258384 408493 374914 552921 601182 613340
 734556 275374 597027 426847 1 331893 663100 649517 535713 302554 548836 647998 487279 152705 791612 368877 649714 595774 283986 134629 306933 435451 345149 728761 510321 135321 111792 142491 700399 559576 752861 242302 567580 729363 718019 373769 612228 387876 743347 479312 297999 638604 726837 80004 939488 162477 540571 319296 726591 665059 663365 628417 788904 359980 515639 625306 546832 215498 322958 600917 559082 697713 95738 406689 203700 585132 165698 282961 467816 422179 146415 664947 580470 395243 746054 266552 775130 545946 318425 608063 408250 201964 759451 704829 529520 240502 761420 307590 713870 612758 512278 381467 535143 291207 582236 558900 339100 548522 207329 223517
 957898 496869 660072 346158 331893 1 932307 845511 477598 561884 432315 673972 753494 182937 1054466 680700 553038 411142 68783 279471 342752 669937 95191 729338 180444 465666 426452 192067 543703 513470 1022598 134603 482937 664263 644281 251786 427923 60547 806307 549491 622359 859793 794710 381422 890549 239831 606165 484559 777736 814433 582825 641982 677895 315549 190659 510554 518508 138591 30590 364180 256440 887737 367692 516120 473300 753221 487794 94729 728689 473369 471509 901164 692032 668753 1017245 78365 992929 402713 586223 429687 648676 262008 738098 692665 412817 215064 723254 468594 797543 668188 756099 567404 575557 551092 331357 231249 548766 770949 536031 388722
 175531 815007 545609 750302 663100 932307 1 244252 735907 372348 819623 622365 179443 794176 129089 645481 827868 929141 911920 795132 637543 269724 982306 693770 1104774 593256 552150 759354 943489 723228 90674 799889 781413 810664 820157 790344 936995 969456 576442 538623 415283 172138 560944 585606 894164 825569 539932 467986 595148 365763 808174 640437 918321 711604 1067805 845085 694158 794046 909502 1000905 1063092 263480 714463 497413 468241 324775 509671 845422 203625 579758 614424 121019 450061 269135 84950 853943 209803 853549 759248 926850 286378 863303 746638 708320 813880 903329 777994 482537 523937 561482 185737 391309 583591 765898 1008122 1111245 391413 205651 574587 840442
 130558 867526 322113 590726 649517 845511 244252 1 542883 354642 633166 392855 237951 746661 291569 760453 617613 746932 842912 782753 511466 221056 914206 456685 1001042 628686 553130 703798 737544 522589 291272 711569 585132 583013 595400 652903 751690 869642 332711 351111 497341 72399 317668 570381 650598 802452 331934 362663 353050 121894 592667 416189 691981 569944 946179 642617 494067 715363 818223 830939 922432 48941 725886 341652 448191 106606 534968 751699 234646 412420 655541 126469 227773 301896 292826 769898 154029 672753 840248 740932 249308 847659 509354 475654 631936 873947 542737 378538 280436 335173 174642 281538 378945 836437 845446 986584 313507 114290 638421 861259
 673420 808882 242203 132825 535713 477598 735907 542883 1 480880 92190 217855 597380 507002 823947 866244 118917 206019 517455 609614 229858 489162 571724 255004 565218 629197 530474 464606 212797 36799 811032 387817 46458 198197 183799 226270 209299 465621 359759 197540 659258 592579 353463 502340 421239 597459 212757 327271 325825 455552 127666 181993 255523 184960 482254 114270 54410 414051 447527 298174 426077 566896 629062 249431 470969 436521 572229 397502 570861 168947 653843 649429 321006 558650 809596 432740 693663 135717 850913 198435 487938 644142 260504 216395 96668 630924 247462 322166 369599 239795 557439 369211 165640 825936 320876 512178 399278 530863 690142 735078
 432129 514963 409249 440875 302554 561884 372348 354642 480880 1 541865 482650 192908 423113 497903 447392 596168 634797 539590 437180 304010 134790 609968 570601 737236 275939 199564 387158 690476 485383 463011 431497 526008 630012 628685 452687 646845 602126 529585 322290 193786 336906 511249 222592 796372 462507 365849 153651 524968 394722 591883 478931 721000 385290 708311 594267 460416 423306 540361 685356 716034 403548 372374 243343 99328 309925 182351 477948 169862 313645 303575 362574 351941 107364 457166 483666 472974 563263 498369 638423 106808 504319 615560 562366 529365 538409 632150 160214 487158 428326 209900 139140 386868 489877 683657 752629 90543 247914 296618 507241
 763580 814599 334061 122070 548836 432315 819623 633166 92190 541865 1 304011 674069 494140 911480 897738 120728 114108 481267 603769 258618 565817 527498 327394 496030 656105 561957 456261 154949 121958 896924 365101 62656 234065 212875 194332 118700 410278 445553 284367 709475 680878 440666 528296 459258 585381 304496 389665 410655 547649 151832 267973 251801 189571 407761 81054 145814 394699 403777 206710 343350 658271 637737 325391 517387 526613 610104 363909 647060 242239 678584 737115 412860 627845 895135 400580 784693 45190 867248 108096 561738 629281 321288 286408 20528 607878 299361 381716 458966 330920 638356 442691 257530 839624 231426 433771 466587 615781 721598 731357
 518286 920824 79984 332843 647998 673972 622365 392855 217855 482650 304011 1 526981 663762 684415 920978 242263 411192 703256 750254 360612 429942 764642 87972 778798 706717 605653 617597 362320 183088 682201 564772 242504 190163 203161 425308 409784 670927 141957 171714 676413 457165 136712 592174 313724 748424 117316 353095 108123 281269 210314 36059 299132 359626 698673 279261 165161 585233 643385 509254 643882 402150 743498 252243 516515 297813 628722 585569 504945 227602 734513 515445 172665 522591 682899 617557 528686 349187 940134 398930 441443 797345 134995 87277 312901 796438 159186 358123 158044 61900 470186 344317 112944 921550 535419 729640 392250 423435 753488 866819
 266681 661657 446998 591872 487279 753494 179443 237951 597380 192908 674069 526981 1 615209 305689 527497 700757 778623 732479 620682 469320 108343 802872 609039 927072 429744 377701 579978 809682 591058 270104 621679 643808 704532 709641 622447 788205 791748 521575 406626 270326 187722 503719 408695 827185 649424 424805 300098 530137 330698 686949 536487 807436 546768 893084 710578 562711 615081 731120 842742 893076 281970 544906 349011 289423 256897 340829 667558 27433 431937 453514 190202 359975 92185 264295 675151 309420 703693 619899 778624 115332 688693 660323 614017 665644 726647 686115 313400 470511 465390 66373 232096 462036 620847 846549 936919 220440 129429 423275 675047
 845608 337429 628797 379563 152705 182937 794176 746661 507002 423113 494140 663762 615209 1 920791 499458 608447 513369 131283 114533 303180 546974 194263 734953 358670 283807 257005 46760 633805 537730 884773 133447 528303 705097 689461 301104 530600 241609 779223 509449 449625 747472 764652 214928 927166 91290 571384 389083 756496 740277 629947 637625 745191 322181 371697 574931 532698 101899 179254 496512 425991 792805 187281 452549 325936 667579 315756 157509 592925 439126 288666 781141 635234 525261 878550 129720 884073 479229 415091 528849 522079 137146 756217 704396 473657 134708 750440 374084 758865 641407 629934 466114 553422 381434 471329 413533 434406 656526 353451 240988
 172161 941634 612998 852751 791612 1054466 129089 291569 823947 497903 911480 684415 305689 920791 1 762935 906208 1023593 1036609 923971 748979 385791 1107369 746159 1224563 721991 680899 884964 1025049 807062 47231 921064 868023 874564 886920 900245 1030020 1089465 613788 627193 542133 231935 600722 713729 928728 954038 617933 581359 638316 408009 882693 707474 983545 819540 1183518 928475 778105 916766 1030790 1101000 1173661 288801 843541 597498 595105 392152 638758 965920 328074 677336 742827 174521 517727 396835 56208 976161 181486 948249 882441 1019532 405856 992131 798460 766724 907815 1031631 832785 596571 563436 626536 299404 501118 664015 890631 1111089 1226381 508274 299889 701537 969180
 788013 251685 852015 777024 368877 680700 645481 760453 866244 447392 897738 920978 527497 499458 762935 1 984846 957862 620151 407008 640763 553188 663161 1008453 847512 242974 336433 505663 1052398 882505 716028 610047 904841 1045139 1038669 737308 973743 740435 976953 751993 264992 715219 958629 369913 1232491 450180 803851 569127 971554 829847 991105 911845 1121185 709378 870818 968450 863349 581703 678707 969128 923362 806984 313010 670151 406099 745592 296284 648139 526323 719588 224030 710976 799329 460074 707215 626772 830271 901831 149997 968601 528013 451221 1049468 994722 879877 510731 1060819 566295 934285 870694 586408 584644 816179 177750 951073 911947 533847 646420 176388 344716
 747111 920702 297585 229236 649714 553038 827868 617613 118917 596168 120728 242263 700757 608447 906208 984846 1 189635 601549 715466 346419 593564 648218 236145 609920 746992 648817 568527 121018 111370 897774 482161 82170 117162 94221 312253 182693 530041 374086 294217 777164 674525 373637 619730 339443 699688 288878 443077 338054 516157 38147 209799 139226 291940 518544 48220 138536 510871 524491 289789 445788 634441 741709 358600 589664 514118 691114 483540 674991 282541 771268 732659 389879 669020 897186 520083 762191 154958 966538 172921 595183 744753 216777 195140 140466 725877 188551 438969 399360 287829 655690 478122 244285 940719 322804 540371 512093 622354 808643 842356
 877259 847185 446843 194465 595774 411142 929141 746932 206019 634797 114108 411192 778623 513369 1023593 957862 189635 1 470628 627417 336276 670915 503314 422295 432956 714924 627524 482753 134193 233259 1007924 379924 170003 304510 280430 222015 17290 374733 550970 397173 790614 793624 547606 589259 515867 602056 418584 486428 515389 661565 227643 375536 280415 256629 338140 141969 258839 411518 386694 100522 258895 772361 677260 432361 598132 640341 680894 364415 751359 349502 734691 849451 526929 726660 1005885 400238 898700 75598 911173 19637 664715 641164 406331 380817 115780 609986 377805 476575 568225 442713 746250 546527 371575 880952 133392 355286 565622 726515 783967 754351
 949897 429278 682030 384640 283986 68783 911920 842912 517455 539590 481267 703256 732479 131283 1036609 620151 601549 470628 1 215074 356010 655824 71521 764217 229239 414013 386378 154342 601349 552213 1002568 140455 527747 709476 690613 292077 487678 127894 830791 567138 580368 851426 818091 342912 935742 173879 626359 480270 804054 821682 629225 672929 730570 344068 255723 561176 554123 128510 85065 429708 325031 886969 307876 524683 446008 755560 446121 119963 708826 491901 417061 889464 705061 644731 996755 85793 986565 455400 520576 488613 632759 193446 776973 729229 461186 146652 764808 464429 817905 691784 740970 561828 599816 485166 397979 294147 537474 761248 482478 320459
 869172 223545 707213 486286 134629 279471 795132 782753 609614 437180 603769 750254 620682 114533 923971 407008 715466 627417 215074 1 392943 569928 256688 826136 440616 226234 243149 147517 746292 638338 884376 247641 634273 807595 793240 412676 644619 340012 856386 587585 412419 773110 840703 214622 1026443 43485 649816 442694 836663 793165 734882 726892 853422 425144 469839 684045 630523 215981 283236 610627 532416 830699 101252 521532 338289 714983 289061 271025 601788 522753 220302 799514 700864 528515 877362 240667 909698 591153 306959 642647 542813 68177 851394 798176 583408 116514 848552 429494 830913 721511 646861 510655 637845 272123 584738 509094 470682 682897 285347 127760
 631345 581568 328592 142702 306933 342752 637543 511466 229858 304010 258618 360612 469320 303180 748979 640763 346419 336276 356010 392943 1 368025 423488 433604 489733 400986 304372 256989 413526 252648 724087 215786 265112 422474 411165 153196 349837 359853 478747 211524 454767 535581 465027 273433 635537 388362 271885 169817 454490 471997 357390 335125 484879 81473 437021 327704 240564 230526 313522 381356 425572 550911 401382 174079 262104 414112 351486 248148 442063 137556 424930 583379 349988 403451 720263 273402 663070 269571 621062 342503 354401 437114 458632 405241 242015 436373 457268 155959 462719 339979 452298 247866 250533 596300 380354 478863 248882 451934 464385 514290
 299950 646525 350460 485677 435451 669937 269724 221056 489162 134790 565817 429942 108343 546974 385791 553188 593564 670915 655824 569928 368025 1 727160 514718 838809 407634 334330 507618 701596 483435 357476 535982 535603 601917 605821 521037 680286 703775 442944 299882 288323 203191 424571 355506 737056 593280 322515 198312 446244 276708 580807 436178 703070 443269 798801 602525 455264 533122 645647 736779 793475 269984 507162 240673 231853 192910 313914 580440 81710 323637 434548 234278 270886 99135 353188 591819 339919 595834 622182 670638 28275 636435 564654 516025 557577 667765 588142 212814 394746 369412 86412 124787 357252 616842 741819 842035 122536 113280 419689 641989
 1021417 454312 746993 439692 345149 95191 982306 914206 571724 609968 527498 764642 802872 194263 1107369 663161 648218 503314 71521 256688 423488 727160 1 822256 187940 470303 451267 223311 636647 607356 1072973 207929 577945 759367 739447 345523 519855 132230 894753 633664 643072 922947 882554 408924 985683 213254 691990 551544 867099 891510 677986 733338 772524 405098 239809 605608 611467 199153 124431 449660 322465 958107 355693 593918 515478 826251 509708 179311 779443 557950 470393 960891 773307 714593 1067076 150154 1058069 497555 552502 522158 703951 217491 832188 786095 508007 160177 817907 535681 883668 756029 812184 633236 663635 516527 414668 271060 608979 832759 536186 342941
 576261 1002889 164655 383338 728761 729338 693770 456685 255004 570601 327394 87972 609039 734953 746159 1008453 236145 422295 764217 826136 433604 514718 822256 1 819224 792187 690868 689485 346288 218232 747950 628542 265114 145508 166182 477697 417307 720193 149450 257533 764371 524724 155230 675716 225795 821734 205202 439962 115614 338203 198612 100370 249283 420946 733872 281361 210840 651269 698940 522759 670424 458676 824473 338891 603477 369840 715511 644847 587931 306589 819792 582153 249943 608711 749374 678513 581444 371413 1025160 407057 527357 870297 52872 41492 340787 865689 87084 444392 189287 145505 550173 432162 195485 1005822 553276 761065 480217 500064 840219 945172
 1118874 642169 780475 447759 510321 180444 1104774 1001042 565218 737236 496030 778798 927072 358670 1224563 847512 609920 432956 229239 440616 489733 838809 187940 819224 1 642442 606849 372234 564002 601929 1194525 305741 556111 726930 704118 361219 446576 135333 918270 680927 802695 1021795 909182 561861 946560 397736 731376 646809 886411 956933 645225 744049 713329 440893 96658 562506 614626 316346 197596 350908 188400 1040596 536447 662459 651479 903453 668097 259524 901596 606123 646201 1066312 827494 844530 1189534 255840 1151852 455756 740236 452524 819167 405367 817126 779320 480202 348003 795080 631050 917948 785169 925220 729506 694072 704296 311964 101833 716454 934981 711505 530747
 692886 239096 644911 534868 135321 465666 593256 628686 629197 275939 656105 706717 429744 283807 721991 242974 746992 714924 414013 226234 400986 407634 470303 792187 642442 1 101544 277774 810435 647989 679507 376269 666037 814209 805901 494703 730779 522531 782198 535045 189574 603056 764514 127861 1011966 266597 592065 355664 771101 668771 755628 692891 884717 467136 650789 728304 630874 350380 457891 728428 693885 677608 128949 455001 197709 584502 93786 417944 416296 492140 28539 618240 608645 340306 671850 401820 735189 659120 233873 725628 379395 290536 829039 773874 637934 342745 836496 349003 745555 662543 470034 393739 596901 218754 711978 693896 343851 518208 72388 247193
 630367 327036 545005 442081 111792 426452 552150 553130 530474 199564 561957 605653 377701 257005 680899 336433 648817 627524 386378 243149 304372 334330 451267 690868 606849 101544 1 234822 716824 548118 641647 316763 568514 713461 705585 411201 642814 478167 684325 433941 196005 536130 666856 45621 910424 273929 491529 256057 672066 581597 656211 591454 785816 374789 600956 632030 530354 296266 412676 649472 632777 601902 172882 354375 106548 498686 61956 362317 359411 390692 128924 558912 512770 285516 634749 354101 671665 568032 334488 636965 306368 311273 727509 672343 544444 352172 735005 248564 649289 562404 406753 300974 495506 317042 636518 645255 253070 447474 160046 308131
 805019 364440 582083 339293 142491 192067 759354 703798 464606 387158 456261 617597 579978 46760 884964 505663 568527 482753 154342 147517 256989 507618 223311 689485 372234 277774 234822 1 599385 494550 850027 107100 487671 662803 647742 265595 499844 246150 732502 462704 430492 706683 717907 190251 883763 133202 524658 344477 709879 694882 588786 591794 706174 279662 373204 536595 488586 76766 180887 473660 418209 749531 200189 406041 292168 623019 295879 142477 556897 392560 287162 741886 588774 491329 844045 124062 842968 444033 433779 497360 483426 181066 711578 659410 435894 181444 706588 329279 712120 594756 591600 422645 506995 401651 451181 416597 392774 615870 349568 275198
 867352 961851 418441 275588 700399 543703 943489 737544 212797 690476 154949 362320 809682 633805 1025049 1052398 121018 134193 601349 746292 413526 701596 636647 346288 564002 810435 716824 599385 1 220383 1015373 501215 166393 207155 183401 333798 118677 508769 490158 405881 862631 793156 491078 682724 394851 724127 407118 537023 454243 637139 152427 330541 152624 343337 468101 99132 249404 532259 518352 216875 383633 755187 787208 462222 671118 633333 764997 491076 783305 381330 832536 851061 510015 771116 1014512 527539 882958 155597 1018643 114861 700724 765439 316765 307103 172528 737726 282135 530504 518335 408846 767977 581999 361321 990167 255134 481089 611094 737850 876357 873989
 653071 833941 213773 167805 559576 513470 723228 522589 36799 485383 121958 183088 591058 537730 807062 882505 111370 233259 552213 638338 252648 483435 607356 218232 601929 647989 548118 494550 220383 1 796018 421004 63862 170110 158674 261838 234534 502223 325018 185643 668232 575187 319394 522197 389453 627678 190682 332738 290675 430360 108928 147057 239531 215728 518580 121910 29089 446509 483305 328557 461032 544225 653814 247269 482877 416917 587099 432260 565028 171823 673301 632682 297552 557722 794956 467179 671611 166880 872596 223556 484334 674833 224924 179817 129825 663303 213759 329335 337035 209505 547873 366905 143665 848534 353100 548046 400795 517624 706981 762897
 185151 896972 608350 832881 752861 1022598 90674 291272 811032 463011 896924 682201 270104 884773 47231 716028 897774 1007924 1002568 884376 724087 357476 1072973 747950 1194525 679507 641647 850027 1015373 796018 1 889935 855839 872135 883347 876375 1015048 1059241 620698 613557 497887 225170 606672 675720 937694 915334 608897 555112 643193 411539 875863 703326 980782 796700 1156262 917845 766949 884425 999599 1082581 1149564 296394 802242 578352 558839 385938 597770 935308 294053 659618 699785 166777 512467 359611 9003 944234 203990 932376 836457 1004713 375512 952552 800626 766227 892261 993235 833888 569959 569279 622890 271920 476692 654102 845123 1091180 1199509 479799 281427 657200 926585
 823318 469123 541708 256225 242302 134603 799889 711569 387817 431497 365101 564772 621679 133447 921064 610047 482161 379924 140455 247641 215786 535982 207929 628542 305741 376269 316763 107100 501215 421004 889935 1 404015 584046 566859 170790 397154 170704 690734 426707 510928 725195 677869 271240 808904 222956 485929 350076 664417 684176 506237 535288 616885 207677 285429 446153 420132 31676 109727 366675 318116 754264 307250 386214 347346 620651 378619 47078 596437 351450 388712 766684 565407 538802 884761 58655 858465 347412 540829 395438 515215 264813 644296 594887 344577 243996 634737 334109 677454 551678 622266 432869 459952 508526 344137 330007 414460 636368 448651 374433
 715678 838591 277548 148762 567580 482937 781413 585132 46458 526008 62656 242504 643808 528303 868023 904841 82170 170003 527747 634273 265112 535603 577945 265114 556111 666037 568514 487671 166393 63862 855839 404015 1 181762 163168 236073 170757 465201 383625 242801 702521 636366 379211 538544 408134 619418 253565 372358 348536 494159 102228 206567 221395 210006 469136 68307 91298 431974 453569 266830 405971 607580 659546 295866 513029 479112 612248 408524 617305 215066 690033 693520 360994 604857 854532 444682 734819 107572 884574 159776 534376 665003 261250 224325 75997 648010 241807 366725 398636 272831 603541 415609 206360 858626 293216 495956 445194 576152 728504 760910
 707892 1003960 265057 327822 729363 664263 810664 583013 198197 630012 234065 190163 704532 705097 874564 1045139 117162 304510 709476 807595 422474 601917 759367 145508 726930 814209 713461 662803 207155 170110 872135 584046 181762 1 24395 417614 295824 644261 294591 309011 819668 647005 299004 689714 226398 795638 279782 482981 259909 470036 82273 170449 109048 383155 635705 165134 183572 611133 635073 403500 562258 591220 823803 386713 641149 486964 748880 590124 680729 325870 840113 705359 360738 687814 872712 626159 716860 271437 1041022 286769 608968 842217 109823 112038 252473 827823 75318 482623 330974 249494 651746 499276 246312 1017578 437882 657267 540951 609115 870840 932646
 721428 992007 275114 310864 718019 644281 820157 595400 183799 628685 212875 203161 709641 689461 886920 1038669 94221 280430 690613 793240 411165 605821 739447 166182 704118 805901 705585 647742 183401 158674 883347 566859 163168 24395 1 399208 271574 623121 314313 309765 816885 658188 317847 680574 246441 780269 285133 479828 279177 484271 61478 180072 98377 368199 612512 141809 175368 594424 615301 379246 538439 605267 811983 385456 636050 497580 742617 571594 685383 320873 831462 716624 371053 689799 883701 607812 731549 249058 1031235 262585 611776 826473 133366 130291 231744 810820 99610 478670 348815 260554 658288 500144 248769 1007202 413770 633652 540383 617399 863756 918863
 776712 628581 420086 94386 373769 251786 790344 652903 226270 452687 194332 425308 622447 301104 900245 737308 312253 222015 292077 412676 153196 521037 345523 477697 361219 494703 411201 265595 333798 261838 876375 170790 236073 417614 399208 1 238543 245770 561392 320378 585748 682782 551159 370815 643750 392085 370194 322969 531100 598635 338019 392246 446131 82982 294748 275385 266951 200668 221522 239988 273416 689100 456094 311289 396977 550997 467552 172513 595215 246723 513625 732558 467223 554797 872715 208610 806300 178480 689555 234726 507590 435275 486676 440880 173813 413795 473108 309144 557935 425756 604861 399697 333820 659749 232558 333985 402014 601699 564753 540426
 882149 864263 448293 207481 612228 427923 936995 751690 209299 646845 118700 409784 788205 530600 1030020 973743 182693 17290 487678 644619 349837 680286 519855 417307 446576 730779 642814 499844 118677 234534 1015048 397154 170757 295824 271574 238543 1 390895 548574 403014 804480 799550 545780 604864 504160 619329 422033 497605 512829 664264 220839 374399 266896 270824 351269 135991 261018 428740 403647 107677 270091 776194 694076 440953 611887 645174 695777 381695 761003 357871 750733 855706 530190 737647 1013146 417501 902892 84589 927904 10981 674674 658453 399368 375909 123163 627216 369827 488092 567354 443438 754724 556168 374869 897775 142921 367002 576434 733742 799614 771585
 985804 556989 664224 338471 387876 60547 969456 869642 465621 602126 410278 670927 791748 241609 1089465 740435 530041 374733 127894 340012 359853 703775 132230 720193 135333 522531 478167 246150 508769 502223 1059241 170704 465201 644261 623121 245770 390895 1 807033 558758 674102 888362 796554 432718 869378 300305 612465 512880 776869 830631 562089 637541 648769 319427 130439 485363 510571 183492 65524 317482 197705 910208 427494 533757 517460 773868 539943 124235 766263 482913 529449 932094 704035 709456 1054229 124108 1019443 376286 646764 393922 683941 321256 724667 682011 391844 272137 706993 497043 802204 670722 790184 595748 578356 611617 282463 171943 581524 800951 593488 448352
 441818 1008840 150447 470838 743347 806307 576442 332711 359759 529585 445553 141957 521575 779223 613788 976953 374086 550970 830791 856386 478747 442944 894753 149450 918270 782198 684325 732502 490158 325018 620698 690734 383625 294591 314313 561392 548574 807033 1 269934 719023 404346 18465 678902 317888 859510 207847 428951 36032 210829 338626 177963 398461 490767 839628 415199 306685 708489 775770 649877 785820 325196 836905 336691 585201 265962 696326 715504 504841 341210 810666 458939 177686 541836 623143 745751 441978 490742 1015344 537846 461962 908627 195695 184358 454805 913601 233624 438275 52679 139074 457358 393312 231125 1000693 676817 871164 444433 399477 819498 966224
 480886 750456 119793 244853 479312 549491 538623 351111 197540 322290 284367 171714 406626 509449 627193 751993 294217 397173 567138 587585 211524 299882 633664 257533 680927 535045 433941 462704 405881 185643 613557 426707 242801 309011 309765 320378 403014 558758 269934 1 514249 396546 255203 421034 480502 589702 62280 182887 249079 280051 281040 159857 405355 240203 613894 306996 156828 442029 519441 479840 579050 380238 574345 81865 346306 244681 458120 455991 381043 76150 562811 452774 146875 380267 612073 483558 504311 322333 768421 392459 303328 638825 297516 242956 281602 643958 310920 186864 251231 134036 362236 190423 64865 749945 495065 651267 232441 333376 582770 700352
 536405 399728 602846 597451 297999 622359 415283 497341 659258 193786 709475 676413 270326 449625 542133 264992 777164 790614 580368 412419 454767 288323 643072 764371 802695 189574 196005 430492 862631 668232 497887 510928 702521 819668 816885 585748 804480 674102 719023 514249 1 456464 700581 241385 990129 450427 559512 337070 716462 565030 776472 672126 906729 534063 796008 769914 645063 491732 608632 825651 823892 544621 318198 433732 192686 480998 134620 557088 265195 497293 205436 459415 541616 195719 489825 550008 579136 724111 349912 797256 263586 478490 809069 755617 694510 528235 824922 339053 674331 621962 324755 332710 579073 352705 816885 840438 284183 383061 159409 432478
 98478 839841 383248 628048 638604 859793 172138 72399 592579 336906 680878 457165 187722 747472 231935 715219 674525 793624 851426 773110 535581 203191 922947 524724 1021795 603056 536130 706683 793156 575187 225170 725195 636366 647005 658188 682782 799550 888362 404346 396546 456464 1 388966 558634 722140 796262 386042 375679 423618 193625 651614 478190 755618 600489 972590 696547 546255 725853 833768 873543 955179 101568 708533 373678 434940 161028 510438 767500 191582 450557 628722 58459 287427 265451 225735 782671 136908 718552 804548 788973 230421 839610 577554 541647 677929 870296 610028 391593 351886 397721 133654 292723 432081 803530 885514 1014204 314249 90980 605082 842536
 429016 991677 136439 461466 726837 794710 560944 317668 353463 511249 440666 136712 503719 764652 600722 958629 373637 547606 818091 840703 465027 424571 882554 155230 909182 764514 666856 717907 491078 319394 606672 677869 379211 299004 317847 551159 545780 796554 18465 255203 700581 388966 1 661875 333229 844345 193433 411721 39716 195822 338954 172707 404441 479311 831607 413526 299834 695129 764212 645923 779412 311932 820181 320328 567396 248515 678393 703416 486800 327486 792996 444066 159321 523438 608948 733260 430541 485828 997550 534980 443523 893449 203764 187558 449187 899146 241080 421255 37393 126560 439682 375151 219155 983071 672089 863760 426277 382166 801452 949872
 654554 330264 535755 407212 80004 381422 585606 570381 502340 222592 528296 592174 408695 214928 713729 369913 619730 589259 342912 214622 273433 355506 408924 675716 561861 127861 45621 190251 682724 522197 675720 271240 538544 689714 680574 370815 604864 432718 678902 421034 241385 558634 661875 1 892100 240857 480641 250546 664405 589720 629222 575593 757814 339520 555336 600504 506147 250654 367250 607748 587651 618733 160996 344183 123705 508625 107576 316713 388652 371408 151543 585072 511417 316938 669096 308626 695133 531959 351851 599403 328260 281761 709973 654879 510202 317968 715280 240630 646636 552428 432391 306290 480381 330494 593781 599636 261879 468628 194772 295769
 756600 1214843 389341 552937 939488 890549 894164 650598 421239 796372 459258 313724 827185 927166 928728 1232491 339443 515867 935742 1026443 635537 737056 985683 225795 946560 1011966 910424 883763 394851 389453 937694 808904 408134 226398 246441 643750 504160 869378 317888 480502 990129 722140 333229 892100 1 1016948 430734 663383 300316 528711 307802 320664 243259 605155 853187 385293 395935 835287 861430 609492 774251 641435 1034991 562341 826708 578010 938202 816248 807530 520716 1039105 776803 467655 832562 940387 852151 752623 494118 1243479 496740 751093 1064246 183207 238266 478183 1052162 178285 666791 370255 370087 765739 657947 416538 1222524 646566 871062 705955 711435 1062613 1149592
 893183 258196 709481 470714 162477 239831 825569 802452 597459 462507 585381 748424 649424 91290 954038 450180 699688 602056 173879 43485 388362 593280 213254 821734 397736 266597 273929 133202 724127 627678 915334 222956 619418 795638 780269 392085 619329 300305 859510 589702 450427 796262 844345 240857 1016948 1 651953 454626 838269 806727 720942 723486 836480 412509 429439 666198 621766 191894 245922 579862 494692 849876 144096 527615 363181 730454 323818 240541 629506 521940 262262 824992 708990 557500 908515 207838 933126 569934 346737 617969 566736 49124 844564 792180 564890 78528 839786 440634 836429 722970 672367 526401 636927 311416 552507 467985 489109 705572 327649 154259
 462394 810606 57529 287631 540571 606165 539932 331934 212757 365849 304496 117316 424805 571384 617933 803851 288878 418584 626359 649816 271885 322515 691990 205202 731376 592065 491529 524658 407118 190682 608897 485929 253565 279782 285133 370194 422033 612465 207847 62280 559512 386042 193433 480641 430734 651953 1 237017 186881 243753 268264 114890 383270 293049 660405 310977 162312 502288 575882 507851 619414 354245 635333 137157 400047 226566 512391 513484 400952 134576 620088 444007 108396 411137 608323 542126 481298 346340 825842 411150 330977 701077 249846 197443 305794 705800 268599 243069 191679 72190 373330 228240 47237 808278 526881 696121 275343 335010 637161 762109
 473514 579966 289247 294860 319296 484559 467986 362663 327271 153651 389665 353095 300098 389083 581359 569127 443077 486428 480270 442694 169817 198312 551544 439962 646809 355664 256057 344477 537023 332738 555112 350076 372358 482981 479828 322969 497605 512880 428951 182887 337070 375679 411721 250546 663383 454626 237017 1 416022 352283 440183 342725 570079 246719 602197 440622 308597 352755 458195 544336 595165 406881 410289 101115 163518 278553 275629 391860 272744 160976 383875 419560 261390 240305 551086 408023 508389 413338 589536 488753 184885 502438 480342 425636 378037 520682 492490 15968 396104 306936 283194 82960 247108 573068 546812 645025 80328 288173 400394 542670
 466948 994665 129704 439609 726591 777736 595148 353050 325825 524968 410655 108123 530137 756496 638316 971554 338054 515389 804054 836663 454490 446244 867099 115614 886411 771101 672066 709879 454243 290675 643193 664417 348536 259909 279177 531100 512829 776869 36032 249079 716462 423618 39716 664405 300316 838269 186881 416022 1 231690 302622 143834 364884 462313 806753 379254 273282 683120 747161 614482 751691 349570 820905 320466 575224 277932 687102 687790 511964 317430 799456 479509 176132 544365 645248 718703 469421 455833 1004786 502122 463546 887385 164129 148983 420317 890485 201370 424302 75481 115301 467265 386911 204613 989017 641749 837752 437778 411588 811069 948671
 238410 906525 218987 524756 665059 814433 365763 121894 455552 394722 547649 281269 330698 740277 408009 829847 516157 661565 821682 793165 471997 276708 891510 338203 956933 668771 581597 694882 637139 430360 411539 684176 494159 470036 484271 598635 664264 830631 210829 280051 565030 193625 195822 589720 528711 806727 243753 352283 231690 1 487985 308548 578990 516773 893090 546025 403270 693250 785441 751603 858855 121215 750222 298330 475232 84980 576091 719712 319439 351915 696891 248246 135782 372674 413559 742731 247459 589968 892891 653319 302023 854266 390451 360205 549497 872756 424973 366717 158554 228491 264348 283648 290257 884510 770271 931015 328787 201920 690646 885462
 721337 936286 270896 250670 663365 582825 808174 592667 127666 591883 151832 210314 686949 629947 882693 991105 38147 227643 629225 734882 357390 580807 677986 198612 645225 755628 656211 588786 152427 108928 875863 506237 102228 82273 61478 338019 220839 562089 338626 281040 776472 651614 338954 629222 307802 720942 268264 440183 302622 487985 1 179690 130620 309793 554604 85831 131595 534110 553827 327882 483068 607386 756581 350794 591769 490687 695909 510312 661712 279301 780605 709963 365099 659893 875593 546588 734927 189504 978435 211047 584160 766803 178696 157880 170438 750232 151201 437425 365908 259609 639397 468922 226033 953580 360687 577221 505699 603226 815395 861036
 543496 902525 95045 299130 628417 641982 640437 416189 181993 478931 267973 36059 536487 637625 707474 911845 209799 375536 672929 726892 335125 436178 733338 100370 744049 692891 591454 591794 330541 147057 703326 535288 206567 170449 180072 392246 374399 637541 177963 159857 672126 478190 172707 575593 320664 723486 114890 342725 143834 308548 179690 1 277953 328883 663304 245018 129741 556656 611415 473368 607940 428522 724122 241716 506057 317511 617667 554592 513404 206269 720356 536637 190983 525922 703644 587148 555800 313145 925513 363517 445539 772227 137680 83502 276858 769429 153807 346246 192988 81049 482173 342462 96095 905846 499390 693983 388420 438686 742192 845238
 816924 1059838 372953 367272 788904 677895 918321 691981 255523 721000 251801 299132 807436 745191 983545 1121185 139226 280415 730570 853422 484879 703070 772524 249283 713329 884717 785816 706174 152624 239531 980782 616885 221395 109048 98377 446131 266896 648769 398461 405355 906729 755618 404441 757814 243259 836480 383270 570079 364884 578990 130620 277953 1 430957 618165 170751 261670 646347 650600 369155 535503 700190 880925 478673 722389 595279 826288 614734 782983 409438 909336 814012 468845 785603 981263 651487 825630 275400 1105506 260820 708311 880829 204766 219753 272319 859557 166287 567690 437675 357914 756537 595219 345819 1079854 407082 632864 633847 715756 945285 980596
 694029 628931 345418 67751 359980 315549 711604 569944 184960 385290 189571 359626 546768 322181 819540 709378 291940 256629 344068 425144 81473 443269 405098 420946 440893 467136 374789 279662 343337 215728 796700 207677 210006 383155 368199 82982 270824 319427 490767 240203 534063 600489 479311 339520 605155 412509 293049 246719 462313 516773 309793 328883 430957 1 377417 265360 212775 231562 285005 300114 354817 606153 450451 228370 341748 468060 425793 225945 519388 165258 489233 650835 386608 483661 793274 258279 723397 193347 678208 264070 431477 459324 437111 387257 170934 447977 429093 233982 483300 352876 525882 320313 260231 651118 300355 416936 326834 520363 533638 551273
 1068056 684452 706640 373105 515639 190659 1067805 946179 482254 708311 407761 698673 893084 371697 1183518 870818 518544 338140 255723 469839 437021 798801 239809 733872 96658 650789 600956 373204 468101 518580 1156262 285429 469136 635705 612512 294748 351269 130439 839628 613894 796008 972590 831607 555336 853187 429439 660405 602197 806753 893090 554604 663304 618165 377417 1 470704 533575 304786 193171 254286 93305 983323 557913 604725 630219 845298 662911 238942 866714 541246 658680 1020077 760690 815306 1151853 249228 1098946 365852 776170 357609 781498 447177 728880 693364 393204 394597 705301 586947 842814 709779 884726 683366 620519 740835 215333 44658 676503 888509 722218 574626
 772870 893291 327149 199363 625306 510554 845085 642617 114270 594267 81054 279261 710578 574931 928475 968450 48220 141969 561176 684045 327704 602525 605608 281361 562506 728304 632030 536595 99132 121910 917845 446153 68307 165134 141809 275385 135991 485363 415199 306996 769914 696547 413526 600504 385293 666198 310977 440622 379254 546025 85831 245018 170751 265360 470704 1 150999 475707 482531 242380 397569 662309 715539 363455 579750 537542 677351 444466 684231 283197 751653 754205 415969 672918 916823 481185 790017 109123 943387 125875 601895 710261 264421 240003 101577 688860 236738 434852 437281 319471 668952 483329 264495 916472 274868 492207 513442 639503 792065 811506
 624587 821906 188255 172677 546832 518508 694158 494067 54410 460416 145814 165161 562711 532698 778105 863349 138536 258839 554123 630523 240564 455264 611467 210840 614626 630874 530354 488586 249404 29089 766949 420132 91298 183572 175368 266951 261018 510571 306685 156828 645063 546255 299834 506147 395935 621766 162312 308597 273282 403270 131595 129741 261670 212775 533575 150999 1 444320 488102 352305 479596 516285 641721 220499 461584 388237 567385 434474 536787 147783 656648 603700 269728 530713 765877 468578 643527 189909 857483 250065 456649 669482 224343 175114 151077 660484 218118 306021 315315 185431 519052 339728 115150 834221 375284 564528 374816 488547 688390 753841
