NAME : domp20p10v5
COMMENT : Cherkesly, Contardo & Gruson 2022
TYPE : DOMP
DIMENSION : 20
DISPLAY_DATA_TYPE : NO_DISPLAY
OPEN_FACILITIES : 10
COST_SECTION
 1 55033 664799 250329 731065 623476 531910 251936 358066 569140 876148 318313 167793 794633 286102 692429 686678 247012 234643 698207
 55033 1 656601 206182 731737 581667 523789 305053 312514 526013 861735 372017 116972 797496 246612 648427 711591 277495 288190 655503
 664799 656601 1 524360 132733 444346 132995 686712 498542 455371 225975 723264 707134 199109 477334 504228 415985 499148 795285 483031
 250329 206182 524360 1 625739 375566 400152 456251 107900 319863 704312 523413 195812 696410 49883 442571 698127 338423 479075 449329
 731065 731737 132733 625739 1 577078 226754 707780 614214 587246 259727 733123 796896 71487 581790 636337 325948 531474 828035 614723
 623476 581667 444346 375566 577078 1 401490 793500 272161 59119 502600 855254 551824 641619 337505 79020 808142 627727 843161 76058
 531910 523789 132995 400152 226754 401490 1 567180 388985 395410 350405 609207 577450 298073 355363 473361 407261 377298 669607 457251
 251936 305053 686712 456251 707780 793500 567180 1 558307 747331 912521 68088 419673 756991 473382 869808 552492 190227 133266 869402
 358066 312514 498542 107900 614214 272161 388985 558307 1 214817 652602 624560 281887 685695 86448 336114 736507 423833 586654 344253
 569140 526013 455371 319863 587246 59119 395410 747331 214817 1 537685 810366 493234 654398 284117 123904 797584 587318 791776 129547
 876148 861735 225975 704312 259727 502600 350405 912521 652602 537685 1 949117 896952 272499 654689 533998 585107 724370 1019313 507958
 318313 372017 723264 523413 733123 855254 609207 68088 624560 810366 949117 1 485691 777686 539183 932189 548164 238469 158307 930950
 167793 116972 707134 195812 796896 551824 577450 419673 281887 493234 896952 485691 1 865554 245475 609527 811389 387158 385897 620970
 794633 797496 199109 696410 71487 641619 298073 756991 685695 654398 272499 777686 865554 1 652815 698052 324222 586640 880646 675604
 286102 246612 477334 49883 581790 337505 355363 473382 86448 284117 654689 539183 245475 652815 1 407921 670726 337978 508184 412567
 692429 648427 504228 442571 636337 79020 473361 869808 336114 123904 533998 932189 609527 698052 407921 1 880621 706029 915680 26578
 686678 711591 415985 698127 325948 808142 407261 552492 736507 797584 585107 548164 811389 324222 670726 880621 1 440420 685731 864310
 247012 277495 499148 338423 531474 627727 377298 190227 423833 587318 724370 238469 387158 586640 337978 706029 440420 1 297837 702440
 234643 288190 795285 479075 828035 843161 669607 133266 586654 791776 1019313 158307 385897 880646 508184 915680 685731 297837 1 918971
 698207 655503 483031 449329 614723 76058 457251 869402 344253 129547 507958 930950 620970 675604 412567 26578 864310 702440 918971 1
LAMBDA_SECTION
1 263
2 385
3 478
4 903
5 891
6 177
7 620
8 743
9 923
10 431
11 392
12 625
13 915
14 526
15 277
16 577
17 668
18 305
19 106
20 447
