NAME : domp40p20v1
COMMENT : Cherkesly, Contardo & Gruson 2022
TYPE : DOMP
DIMENSION : 40
DISPLAY_DATA_TYPE : NO_DISPLAY
OPEN_FACILITIES : 20
COST_SECTION
 1 395020 130234 339094 468908 454684 365276 328901 497342 610472 365571 700119 410844 374416 465186 386354 424711 599887 272359 313837 315251 305502 544286 588041 695212 570099 541636 505406 540429 111635 554301 564492 420401 228624 190030 320242 474046 453014 107741 189952
 395020 1 521529 733895 855509 73850 674965 636910 881616 921250 298000 540031 176343 222005 431490 772279 787598 362302 569000 654406 214315 694657 323146 369755 957083 952063 794301 417071 618749 487276 830351 933344 795654 536567 326982 258503 766062 695621 403378 539602
 130234 521529 1 219654 338677 577693 276560 316015 367228 566193 482673 811022 539759 500115 566495 286607 302014 723685 280869 276144 441477 204769 668036 710203 674668 440157 536274 564702 606342 51107 534947 437608 333472 241984 262677 406831 452125 462070 194351 107195
 339094 733895 219654 1 184242 793496 340426 304540 216480 445156 641990 944112 727894 678281 691218 103969 243847 890517 317539 238983 623164 76006 835992 872794 584119 285477 486283 766513 667301 265802 461045 319845 168227 303652 478918 623610 387143 448282 356732 266221
 468908 855509 338677 184242 1 906695 293746 488197 32435 588321 806743 1119812 876984 833815 867656 259326 132885 1053310 501024 422312 776195 260198 997986 1037559 737244 105037 658432 800495 851475 368279 626355 138571 317348 484381 559109 697821 558801 629044 514813 325472
 454684 73850 577693 793496 906695 1 708873 708933 931596 994175 367253 583985 235610 288801 497270 836749 831295 398600 641009 724577 286631 757895 366780 410358 1030932 1000656 868140 390286 688400 540032 904010 977338 862582 607684 361481 265026 839248 769450 471939 585592
 365276 674965 276560 340426 293746 708873 1 575449 300606 780159 728630 1064578 750329 726767 829776 444026 165689 952570 551672 522717 667959 386992 897758 943809 910095 346522 789433 522110 882766 259998 777060 294292 507579 515683 348502 461811 696351 726376 460343 177594
 328901 636910 316015 304540 488197 708933 575449 1 520128 289454 433493 680091 560028 496524 433240 247788 533685 670052 67925 66108 456531 228706 620905 647145 367021 586356 220503 833929 367560 357519 225836 624362 222930 105467 518882 642581 145173 151568 250334 422034
 497342 881616 367228 216480 32435 931596 300606 520128 1 613593 837869 1151841 906380 863971 899782 288878 135461 1084093 533424 454181 806149 292382 1028711 1068558 763591 73708 688046 814243 883768 394866 654904 109325 345446 516797 581110 718126 588494 660248 545700 347996
 610472 921250 566193 445156 588321 994175 780159 289454 613593 1 687267 857625 826410 760104 643199 342530 684682 898200 356201 297469 728769 393540 856336 872160 153926 657825 178500 1114799 493713 614873 120058 721830 278254 394783 799429 928807 156516 251745 539524 661485
 365571 298000 482673 641990 806743 367253 728630 433493 837869 687267 1 336597 146743 81215 139592 639728 784656 248622 373070 475723 92809 579335 194672 231098 692483 911537 534949 670524 321150 476503 580644 918311 639769 359629 443924 471691 532057 440705 292524 555376
 700119 540031 811022 944112 1119812 583985 1064578 680091 1151841 857625 336597 1 370627 358144 252934 919408 1111933 190714 637987 738490 410245 873877 217556 174247 801477 1224689 680163 955160 366224 809805 737781 1239799 902794 642116 773017 774162 723643 614273 616908 890024
 410844 176343 539759 727894 876984 235610 750329 560028 906380 826410 146743 370627 1 67002 263972 742586 833982 209992 495240 593716 106720 673809 160507 209307 838169 979637 679348 585401 461211 520079 723187 975179 751909 473527 423522 404819 670154 583644 371688 589907
 374416 222005 500115 678281 833815 288801 726767 496524 863971 760104 81215 358144 67002 1 209487 686951 799083 226304 432744 532746 59299 620894 171103 217199 771246 937571 612346 612497 400551 485697 656313 937614 693169 413318 416347 420847 603991 516710 321790 559886
 465186 431490 566495 691218 867656 497270 829776 433240 899782 643199 139592 252934 263972 209487 1 667994 864746 256148 386888 488838 232394 620995 220037 229464 618978 972409 474018 809880 202885 570833 527224 989455 654434 389320 571933 609948 496644 391742 372551 652722
 386354 772279 286607 103969 259326 836749 444026 247788 288878 342530 639728 919408 742586 686951 667994 1 342705 886838 281422 183543 635960 82274 834057 866684 484739 347918 399191 848923 614893 337063 367744 397753 64496 282139 548852 692277 299618 375777 374815 355135
 424711 787598 302014 243847 132885 831295 165689 533685 135461 684682 784656 1111933 833982 799083 864746 342705 1 1024123 529646 471428 739953 311943 968474 1011407 827027 183277 728512 684061 879561 314013 704824 146044 406552 503156 472435 602331 629954 683194 495154 248487
 599887 362302 723685 890517 1053310 398600 952570 670052 1084093 898200 248622 190714 209992 226304 256148 886838 1024123 1 614337 717981 285550 827830 55659 27994 873605 1157801 730159 779297 444011 711405 783076 1161188 883630 605296 632909 610308 749100 646461 538515 786160
 272359 569000 280869 317539 501024 641009 551672 67925 533424 356201 373070 637987 495240 432744 386888 281422 529646 614337 1 103700 390790 242754 563683 592485 424217 603011 269315 774661 351862 316447 284249 633118 269802 43767 461062 580246 207261 184037 185750 388041
 313837 654406 276144 238983 422312 724577 522717 66108 454181 297469 475723 738490 593716 532746 488838 183543 471428 717981 103700 1 487982 163425 667140 696183 398548 520250 266747 817368 433224 322135 259353 558812 166228 120591 502106 633520 176700 211774 254315 378621
 315251 214315 441477 623164 776195 286631 667959 456531 806149 728769 92809 410245 106720 59299 232394 635960 739953 285550 390790 487982 1 567755 230248 275851 750744 879681 589352 577842 406848 426455 629780 878817 645326 367561 362797 380047 572255 491729 266462 500614
 305502 694657 204769 76006 260198 757895 386992 228706 292382 393540 579335 873877 673809 620894 620995 82274 311943 827830 242754 163425 567755 1 773964 809054 524604 360668 416790 768325 591526 255484 395862 395678 131788 231853 466695 610019 318792 373893 302754 279139
 544286 323146 668036 835992 997986 366780 897758 620905 1028711 856336 194672 217556 160507 171103 220037 834057 968474 55659 563683 667140 230248 773964 1 48811 838820 1102417 691418 739518 416907 655826 742900 1105552 832322 553092 580909 564545 705267 604827 483246 730788
 588041 369755 710203 872794 1037559 410358 943809 647145 1068558 872160 231098 174247 209307 217199 229464 866684 1011407 27994 592485 696183 275851 809054 48811 1 846179 1142253 703428 786621 416076 699673 756642 1147291 862102 584754 629243 613102 723726 620468 522885 775583
 695212 957083 674668 584119 737244 1030932 910095 367021 763591 153926 692483 801477 838169 771246 618978 484739 827027 873605 424217 398548 750744 524604 838820 846179 1 810152 163163 1198871 437848 719940 141215 872411 422017 467459 884811 1003385 223396 261971 608363 776535
 570099 952063 440157 285477 105037 1000656 346522 586356 73708 657825 911537 1224689 979637 937571 972409 347918 183277 1157801 603011 520250 879681 360668 1102417 1142253 810152 1 744864 867145 951939 466280 708412 80027 399717 587970 647047 781452 645890 722911 619402 415459
 541636 794301 536274 486283 658432 868140 789433 220503 688046 178500 534949 680163 679348 612346 474018 399191 728512 730159 269315 266747 589352 416790 691418 703428 163163 744864 1 1041865 315364 577970 58746 796926 345321 313080 729736 844024 99666 98827 449814 641744
 505406 417071 564702 766513 800495 390286 522110 833929 814243 1114799 670524 955160 585401 612497 809880 848923 684061 779297 774661 817368 577842 768325 739518 786621 1198871 867145 1041865 1 965286 513602 1058530 815931 898150 731460 315546 205690 979089 948571 592182 500956
 540429 618749 606342 667301 851475 688400 882766 367560 883768 493713 321150 366224 461211 400551 202885 614893 879561 444011 351862 433224 406848 591526 416907 416076 437848 951939 315364 965286 1 627152 373661 984776 582854 376510 690977 760030 370245 261390 433301 708014
 111635 487276 51107 265802 368279 540032 259998 357519 394866 614873 476503 809805 520079 485697 570833 337063 314013 711405 316447 322135 426455 255484 655826 699673 719940 466280 577970 513602 627152 1 579525 455562 384558 275192 213577 358171 496771 499868 200349 82413
 554301 830351 534947 461045 626355 904010 777060 225836 654904 120058 580644 737781 723187 656313 527224 367744 704824 783076 284249 259353 629780 395862 742900 756642 141215 708412 58746 1058530 373661 579525 1 764200 309558 327127 744067 864343 82825 139963 469395 637969
 564492 933344 437608 319845 138571 977338 294292 624362 109325 721830 918311 1239799 975179 937614 989455 397753 146044 1161188 633118 558812 878817 395678 1105552 1147291 872411 80027 796926 815931 984776 455562 764200 1 454768 613133 618178 746190 697314 766925 626216 393852
 420401 795654 333472 168227 317348 862582 507579 222930 345446 278254 639769 902794 751909 693169 654434 64496 406552 883630 269802 166228 645326 131788 832322 862102 422017 399717 345321 898150 582854 384558 309558 454768 1 280516 592505 734072 246888 333270 393004 410828
 228624 536567 241984 303652 484381 607684 515683 105467 516797 394783 359629 642116 473527 413318 389320 282139 503156 605296 43767 120591 367561 231853 553092 584754 467459 587970 313080 731460 376510 275192 327127 613133 280516 1 417526 538027 248918 226998 144869 348799
 190030 326982 262677 478918 559109 361481 348502 518882 581110 799429 443924 773017 423522 416347 571933 548852 472435 632909 461062 502106 362797 466695 580909 629243 884811 647047 729736 315546 690977 213577 744067 618178 592505 417526 1 144693 664045 638733 282884 233662
 320242 258503 406831 623610 697821 265026 461811 642581 718126 928807 471691 774162 404819 420847 609948 692277 602331 610308 580246 633520 380047 610019 564545 613102 1003385 781452 844024 205690 760030 358171 864343 746190 734072 538027 144693 1 786942 748954 395052 374011
 474046 766062 452125 387143 558801 839248 696351 145173 588494 156516 532057 723643 670154 603991 496644 299618 629954 749100 207261 176700 572255 318792 705267 723726 223396 645890 99666 979089 370245 496771 82825 697314 246888 248918 664045 786942 1 109762 392987 555300
 453014 695621 462070 448282 629044 769450 726376 151568 660248 251745 440705 614273 583644 516710 391742 375777 683194 646461 184037 211774 491729 373893 604827 620468 261971 722911 98827 948571 261390 499868 139963 766925 333270 226998 638733 748954 109762 1 356674 569078
 107741 403378 194351 356732 514813 471939 460343 250334 545700 539524 292524 616908 371688 321790 372551 374815 495154 538515 185750 254315 266462 302754 483246 522885 608363 619402 449814 592182 433301 200349 469395 626216 393004 144869 282884 395052 392987 356674 1 282761
 189952 539602 107195 266221 325472 585592 177594 422034 347996 661485 555376 890024 589907 559886 652722 355135 248487 786160 388041 378621 500614 279139 730788 775583 776535 415459 641744 500956 708014 82413 637969 393852 410828 348799 233662 374011 555300 569078 282761 1
LAMBDA_SECTION
1 597
2 888
3 431
4 301
5 889
6 436
7 673
8 938
9 547
10 465
11 590
12 84
13 918
14 220
15 143
16 180
17 455
18 137
19 475
20 819
21 689
22 387
23 637
24 929
25 179
26 504
27 789
28 70
29 3
30 79
31 939
32 601
33 614
34 413
35 391
36 919
37 643
38 634
39 896
40 668
