NAME : domp90p22v10
COMMENT : Cherkesly, Contardo & Gruson 2022
TYPE : DOMP
DIMENSION : 90
DISPLAY_DATA_TYPE : NO_DISPLAY
OPEN_FACILITIES : 22
COST_SECTION
 1 1143184 312944 641416 817688 741136 549438 867321 162178 772229 960802 952971 789370 711569 203199 123233 254797 739842 490909 332942 866014 443718 601796 1036002 417674 895879 821631 898836 524514 393470 960816 916607 745497 859871 971633 977020 286281 343689 939421 903753 696102 724801 1126746 455183 761603 553271 837689 927904 199546 683902 872852 883278 990019 525502 879825 906693 705703 1013586 488286 823870 920942 1041684 436713 672222 744795 960613 616937 491991 1021393 487247 448473 362361 646330 611516 952835 887511 602731 751288 984200 420165 236996 771017 311649 510034 748443 845118 808843 360329 726393 974886
 1143184 1 907227 826052 430544 731565 922149 579153 981080 483669 193989 871396 732393 458720 1143579 1044004 1108517 699078 668266 951291 881269 919748 707339 284212 876022 247555 689331 684992 717837 757206 182368 776544 646324 430888 302400 345816 858541 881719 205920 893262 541530 432023 16618 1000852 714369 940220 548650 234584 943650 607448 466729 512095 317215 861723 397428 571068 554914 236607 660752 324865 873315 156947 883068 739702 428569 407972 565334 986347 171165 756948 1020798 958347 780269 587059 407374 523400 803006 468732 399722 913049 1114095 561620 831608 865951 427539 357024 832795 914360 879901 243644
 312944 907227 1 666497 531224 429023 625001 789168 208315 643750 745106 969779 477593 540394 451661 294813 470145 426924 243468 429330 896496 159122 290246 866081 111387 669522 785141 857776 219760 179981 729550 905697 433597 724164 802768 822737 210920 31384 715826 933937 578485 475208 890636 579189 449036 637621 746890 720585 188474 601656 752842 578002 705731 569092 591545 825747 408433 828162 332350 613783 942294 783940 489404 656400 482601 825535 478507 604783 816083 179483 583883 465171 649422 489993 817216 581020 616238 468555 847237 492572 459491 679772 185468 555688 484777 573959 505403 64953 770271 707156
 641416 826052 666497 1 764623 926635 122435 301870 535431 343091 640814 314270 968325 414285 502879 520744 442021 902252 549532 309184 232624 808894 773802 589503 744856 627129 209176 279683 693830 520176 680968 277241 868101 401445 540913 514914 459357 670571 646944 270717 298121 601900 813725 236180 932399 134269 303094 599053 521668 223558 378617 901076 870477 116050 811060 335493 745146 606037 398030 546766 283545 813546 204920 86813 645347 466285 336370 203580 657090 693193 255177 283713 46207 303825 461728 912907 51516 713247 487010 222301 457831 267661 481044 131462 651330 726490 1047881 726034 105623 798696
 817688 430544 531224 764623 1 307038 810955 665241 665735 490240 344650 956127 317377 367160 881877 746843 867234 273547 332650 737784 923768 505633 283837 533288 472543 270346 736971 776797 316430 430956 295534 862315 219749 514484 491109 535828 562761 501412 305603 950965 487730 162958 415519 843649 293076 829882 616246 349444 628557 561214 562795 143394 174526 739087 62303 683403 131143 472402 417978 289225 942852 280267 714774 696953 119311 577617 428254 845832 419392 358136 859652 759624 722503 460799 571006 156700 720814 67320 588457 738983 866167 579365 524497 735327 113335 81418 420670 520354 856591 192976
 741136 731565 429023 926635 307038 1 935162 910213 626481 731815 648565 1174753 49062 599117 870687 715554 878214 33746 381713 793373 1124985 316390 161010 831516 324635 570874 958329 1012622 250546 444359 602012 1088353 87541 778594 783336 824002 571361 399227 609704 1157423 703403 404338 717371 930249 24428 952244 860368 648333 597308 764720 823844 236488 431850 865633 334310 935823 215111 773014 529655 570055 1155483 576214 811840 879102 371545 857371 615131 944741 724556 272544 941168 824556 892488 644269 849952 230168 876493 295544 871675 827503 870787 809182 530108 856892 367924 387805 126931 382878 1029625 488224
 549438 922149 625001 122435 810955 935162 1 422301 465463 439857 732009 408030 979818 485995 392581 434192 330054 914084 553495 219959 318834 777057 776639 700066 715686 708204 331532 400807 690986 503375 766452 388724 885909 508009 647802 626025 414157 634558 733372 355954 382019 651721 908888 115449 943971 19132 419268 690189 459333 315089 490706 940244 933890 72054 862677 456917 772161 711051 410428 625040 375246 894450 135602 199716 693570 580949 392012 81234 756501 682996 133575 187556 156966 361131 575820 951126 121976 753626 602514 137037 346989 375868 444221 78465 699499 783545 1050841 688098 179154 869811
 867321 579153 789168 301870 665241 910213 422301 1 728158 178816 421458 303793 941539 311233 770256 744613 714871 879522 590127 560269 302279 897227 784895 309555 832948 442337 113270 114818 727640 611987 475922 206503 833239 162479 276883 237385 617802 781207 442462 316565 217536 515547 570065 530813 907996 435698 49920 384646 702016 189856 116574 808405 714368 389965 692543 39380 699209 343474 458698 384210 299464 611554 457439 224498 556215 178732 318787 501994 409419 744131 550880 546611 265930 301022 176717 821831 306560 636041 195376 484639 728026 110118 620063 401791 561427 601546 1037139 835146 318067 626274
 162178 981080 208315 535431 665735 626481 465463 728158 1 619382 798744 849459 675532 551574 244999 89094 262111 619671 334638 249401 767288 364655 474989 878218 319431 733731 695159 771984 390292 236035 798714 801175 617059 706617 813673 821349 124882 233159 777243 805463 544307 564854 964655 396529 644490 474265 694569 766110 37972 540346 723001 742392 835895 424095 728038 767245 560740 853754 327079 661806 818970 881325 335370 550099 586713 808396 459964 427584 859884 357965 397140 285197 531002 457312 800445 747905 490432 598666 831789 328461 251184 626747 149836 408965 590618 688128 711429 270559 631275 816391
 772229 483669 643750 343091 490240 731815 439857 178816 619382 1 298056 466931 762770 132709 714127 654320 667577 700939 426241 505857 443043 736936 609847 275615 674117 293084 249435 287025 557502 463780 341198 372242 654445 87675 215707 208309 498731 631549 306791 466500 76667 337349 471010 526265 729314 457574 128899 256453 588002 124930 109104 633633 555966 383109 521750 204520 520403 274399 312853 221003 455673 476387 419395 257527 378650 189028 166063 507808 316660 577474 546682 503704 297066 162306 181063 646908 319624 458100 212410 449656 677128 92541 491290 389252 383994 431032 858713 683122 406825 473935
 960802 193989 745106 640814 344650 648565 732009 421458 798744 298056 1 724148 661878 265119 951859 857422 915540 614821 501864 757683 720604 780493 586067 193917 729640 80921 524331 534370 576675 583409 60372 627004 561104 261220 168034 218034 674700 722270 39048 737525 350131 280293 179282 807826 636401 750355 382901 41873 761919 419009 304894 467461 316869 669957 339860 422863 444319 130566 473986 136939 720921 190688 689219 555566 292963 274648 371684 794249 77193 612148 827666 764401 594676 393076 270708 480820 614498 356706 276642 719159 921493 382856 650684 673646 294293 263386 765177 760938 702643 222698
 952971 871396 969779 314270 956127 1174753 408030 303793 849459 466931 724148 1 1210974 590488 799922 833667 736992 1146403 818662 620044 90753 1103505 1034328 589980 1038465 745695 219537 189787 963897 810159 779448 97301 1104546 466253 571150 525688 767831 970424 746141 59015 474518 799008 863941 517807 1175990 408696 347606 688110 834611 410037 419933 1099380 1016897 428554 988660 302378 972575 635175 669254 684007 33164 914660 518258 314172 841752 463471 559804 479687 705605 971072 532193 591448 321717 531616 464401 1112512 359573 919526 472389 532854 754308 376764 785278 444035 847346 897872 1300642 1026258 228915 929716
 789370 732393 477593 968325 317377 49062 979818 941539 675532 762770 661878 1210974 1 630373 919748 764603 927137 66094 426432 841084 1163297 361090 208626 848509 372330 586137 993507 1045840 298389 491886 612560 1123296 108482 805678 802805 845016 619800 447944 622841 1195185 737935 430342 718815 977028 35965 997075 891624 664631 646362 801236 851782 225287 424746 909880 335931 965908 242515 788647 572572 591903 1192457 575800 857713 918650 394655 881034 652282 990939 736762 321362 988207 871998 933303 682092 873812 216586 918530 315984 894388 873888 919772 842447 578459 901443 390515 398791 103302 430450 1070659 488877
 711569 458720 540394 414285 367160 599117 485995 311233 551574 132709 265119 590488 630373 1 688055 601767 650580 568306 308460 492599 556716 618325 478947 329954 557450 224834 370961 416740 431124 362756 286972 498334 522149 192209 265517 282366 426809 524312 256340 583834 121743 208549 443569 550076 596766 504982 261338 226345 516581 197362 231306 509823 456445 418805 405299 337038 388203 302181 225617 140730 576160 409409 427507 338001 251308 288963 106615 540325 314170 454301 569352 500009 369281 130201 280668 522786 377523 329246 309406 457009 656808 214667 409871 420153 256939 316886 726023 572770 497252 385408
 203199 1143579 451661 502879 881877 870687 392581 770256 244999 714127 951859 799922 919748 688055 1 156866 63248 862750 551031 211166 709943 603963 716921 989118 563046 899028 703157 778322 630049 455567 964585 778897 857225 799665 927197 922185 320078 477732 937934 746269 638427 758852 1127840 283124 888193 391243 750352 914162 273542 604969 801515 972865 1044705 390406 943510 808898 789169 978927 489286 818815 766947 1065837 313066 554076 788364 893786 582921 321492 1001359 600243 271073 224318 519832 567191 886791 979546 475071 814731 917362 287216 45618 689173 360188 376139 793105 891248 956230 511557 571138 1011616
 123233 1044004 294813 520744 746843 715554 434192 744613 89094 654320 857422 833667 764603 601767 156866 1 181384 708728 414272 214757 747780 448164 563857 921704 406200 796569 698499 775715 478605 315912 862114 794763 705614 741976 857690 860687 188586 320942 838614 785730 577822 637456 1027769 348601 733583 439756 715725 822706 121473 562337 753053 828362 914863 405259 809064 783992 645801 902382 383605 721040 801967 951842 315829 549260 662307 841861 503274 383464 914589 446852 345136 246800 524056 495304 834198 834233 480783 679556 865518 301305 168137 649448 223269 389766 666541 764683 799461 355161 608737 890537
 254797 1108517 470145 442021 867234 878214 330054 714871 262111 667577 915540 736992 927137 650580 63248 181384 1 867926 540822 161738 646920 626655 721144 943163 580827 866377 644341 718906 632527 449271 931563 717256 858490 751866 882178 874786 313270 493758 903702 683164 592851 736565 1093047 219909 894463 328299 697003 876878 284110 554739 751207 965507 1025704 331030 928107 753182 781752 935926 463044 784710 703989 1037733 257690 496189 768515 843885 544346 258275 961840 605862 207867 168502 460741 526156 837101 972944 416146 800622 867329 230286 18548 637440 354846 317175 773523 870985 969927 532664 508301 987512
 739842 699078 426924 902252 273547 33746 914084 879522 619671 700939 614821 1146403 66094 568306 862750 708728 867926 1 360880 777961 1097929 324935 146908 797870 326473 537139 929384 982734 236383 428739 568364 1059303 53869 746504 749880 790733 558539 396424 575964 1130006 674072 371799 684776 912623 30148 931402 829639 614635 589225 736483 792001 209159 401777 844029 302141 904683 182603 739301 506519 536840 1127573 544089 792593 852912 338412 824529 587241 926021 690828 262585 924081 808435 867322 616819 817145 204000 852440 262006 838668 809145 861135 779277 516980 835684 334707 354197 158225 384742 1004654 455968
 490909 668266 243468 549532 332650 381713 553495 590127 334638 426241 501864 818662 426432 308460 551031 414272 540822 360880 1 427125 759466 310933 224774 626585 249119 427166 611728 676469 145699 98693 488470 740323 336152 499075 564258 587964 231011 222178 473281 794090 372605 238232 651648 554441 390650 570671 543280 477139 297033 416255 533723 424944 501329 483950 394826 623143 241579 586181 152068 370412 795885 554081 432230 510662 254263 597392 271664 566071 572617 154655 567019 454746 518583 293390 589090 432758 498589 265338 617834 449916 538144 480680 191968 475190 257729 354231 499506 266459 654118 484343
 332942 951291 429330 309184 737784 793373 219959 560269 249401 505857 757683 620044 841084 492599 211166 214757 161738 777961 427125 1 533422 587309 632490 781431 530824 711888 498840 575278 542828 349257 776495 585740 760119 590353 720466 713212 227840 444691 747602 571287 431137 596229 936061 150125 806456 226751 539318 718387 249200 394158 590751 848093 887806 193137 796725 599150 666927 774540 321853 629129 588072 887515 106524 348550 631602 683217 386002 178666 801831 524535 154774 36240 318023 366147 676319 856883 273482 672962 706740 87234 171656 478030 266539 177759 636976 732343 897923 494190 394119 842529
 866014 881269 896496 232624 923768 1124985 318834 302279 767288 443043 720604 90753 1163297 556716 709943 747780 646920 1097929 759466 533422 1 1034888 979468 606934 970203 732359 196743 201179 905164 742834 772574 122407 1058559 459385 578878 537443 691167 898980 738445 38177 436267 763167 872317 427460 1127840 318738 337703 682124 754218 365163 417186 1065984 998932 343923 960920 312485 928828 645139 608035 663949 57598 909017 433601 248862 806670 476494 511495 389268 711695 909343 441624 503847 247555 481233 475831 1078784 281000 882179 489371 446493 664343 350509 711167 359300 812450 871118 1249619 954709 139875 915453
 443718 919748 159122 808894 505633 316390 777057 897227 364655 736936 780493 1103505 361090 618325 603963 448164 626655 324935 310933 587309 1034888 1 224357 927109 65183 700474 907879 976932 203977 293513 753208 1033042 349046 809723 866880 894348 364300 143178 746493 1071606 680514 500237 903574 736749 339660 790578 851566 763412 347285 716433 844641 512024 673505 717792 559056 931465 374497 881054 441540 660869 1077658 780449 641914 789471 493437 907137 578768 761223 855988 169232 742046 622918 787467 596810 898864 511443 757748 454065 927085 647286 615146 787177 332903 705123 493710 566517 366336 94546 914004 696128
 601796 707339 290246 773802 283837 161010 776639 784895 474989 609847 586067 1034328 208626 478947 716921 563857 721144 146908 224774 632490 979468 224357 1 751878 202937 505174 821700 881072 89789 283373 550641 951645 143717 667862 696745 731629 411740 258963 549354 1013160 571011 311971 691580 769368 174380 793438 735768 575941 443604 625869 709743 293332 449312 707855 335219 813906 153489 699092 375782 482172 1013202 562371 651744 731449 293117 756042 476234 784267 663159 117026 780190 663562 741736 503006 748125 294652 723037 238672 773100 666900 714521 679222 370243 698614 291829 350535 274776 258393 877984 476247
 1036002 284212 866081 589503 533288 831516 700066 309555 878218 275615 193917 589980 848509 329954 989118 921704 943163 797870 626585 781431 606934 927109 751878 1 870467 262942 422748 407053 727495 691045 252544 496805 744766 194106 64617 74655 754139 847700 231606 615563 350707 439963 278816 795393 821184 716356 289948 183959 844224 394221 210960 660589 507454 650578 533027 294455 620804 63810 554869 269888 594023 364057 693929 503530 463792 131021 419078 773537 135564 758234 815940 779092 546464 426851 132884 674029 578120 536170 117986 724065 952579 324199 739287 658447 466501 453077 951537 892979 624525 413259
 417674 876022 111387 744856 472543 324635 715686 832948 319431 674117 729640 1038465 372330 557450 563046 406200 580827 326473 249119 530824 970203 65183 202937 870467 1 650452 842741 911932 158845 228383 705494 967860 340818 748160 809427 835434 305114 87660 696774 1006841 616557 450368 859665 679350 346016 729605 787569 710560 297676 651529 782207 496264 644371 655285 529181 867437 342777 826146 376585 606500 1012715 741382 580990 724483 447644 846412 514778 702584 804221 119082 685528 566000 722872 532288 838116 497403 693619 416215 866701 587557 570495 722856 271656 642869 448508 527427 394591 58324 850111 659225
 895879 247555 669522 627129 270346 570874 708204 442337 733731 293084 80921 745695 586137 224834 899028 796569 866377 537139 427166 711888 732359 700474 505174 262942 650452 1 535971 557128 496542 512378 65702 648554 483638 280189 223487 270732 611000 645845 46464 752885 329430 200309 231245 774910 559563 727022 398431 79231 696388 403677 328063 400348 272932 642455 273616 450687 364360 202517 413633 84121 738956 186684 651817 544881 212060 319545 329153 764802 157992 532516 794171 721843 581057 354878 314028 413933 595373 277267 326646 681086 871061 384274 584438 644389 213451 190391 689317 683091 698825 184027
 821631 689331 785141 209176 736971 958329 331532 113270 695159 249435 524331 219537 993507 370961 703157 698499 644341 929384 611728 498840 196743 907879 821700 422748 842741 535971 1 77230 755303 615449 575873 130119 886552 263213 387961 350161 596091 781635 541720 217473 255785 579472 679643 445075 958777 342366 141771 485554 673615 196112 222829 880127 803945 313352 770715 136478 754023 454887 467085 469266 206348 712339 392543 150362 622244 291996 345472 412733 518679 765965 464264 479410 183629 319478 289870 893217 228207 700001 308427 416339 659083 157879 605929 327201 627849 680188 1084698 837060 206918 719395
 898836 684992 857776 279683 776797 1012622 400807 114818 771984 287025 534370 189787 1045840 416740 778322 775715 718906 982734 676469 575278 201179 976932 881072 407053 911932 557128 77230 1 818264 685834 589734 92685 937997 277107 383279 339429 671577 853221 556516 208645 310272 624027 676889 515638 1011691 410071 161329 498387 750027 260844 230289 920154 829175 387983 805837 113948 804384 448387 535403 498357 188430 724874 468845 227172 665619 277642 406404 481910 517475 831106 534304 555084 258523 383081 277728 933495 303328 744877 289143 492050 733962 203459 680219 402186 670989 714832 1139441 908379 256817 741031
 524514 717837 219760 693830 316430 250546 690986 727640 390292 557502 576675 963897 298389 431124 630049 478605 632527 236383 145699 542828 905164 203977 89789 727495 158845 496542 755303 818264 1 193929 549417 884453 227219 623154 668700 698988 322167 188760 542528 939764 510752 296383 701538 680540 264144 707448 679579 560402 357547 559312 661864 359421 490005 623129 374991 758951 189666 679464 297512 459251 941386 582569 564295 656355 290096 716764 411910 696173 652396 41734 691072 574089 663802 435959 708611 363188 642647 257971 735511 578653 626309 619458 280598 613352 290648 368692 360152 203953 798787 500808
 393470 757206 179981 520176 430956 444359 503375 611987 236035 463780 583409 810159 491886 362756 455567 315912 449271 428739 98693 349257 742834 293513 283373 691045 228383 512378 615449 685834 193929 1 575672 739766 412746 544394 627120 644923 136251 169286 557664 779214 399240 332026 740623 486948 457202 519012 568633 555121 198367 426687 572877 517472 600018 438179 493200 647927 333676 656461 153448 448221 784608 648968 373253 496309 351394 645995 298744 503603 650690 180156 497221 380198 495991 311481 637685 524424 468694 363689 667870 385994 445287 502117 95389 427153 355126 452287 552311 223298 625774 581439
 960816 182368 729550 680968 295534 602012 766452 475922 798714 341198 60372 779448 612560 286972 964585 862114 931563 568364 488470 776495 772574 753208 550641 252544 705494 65702 575873 589734 549417 575672 1 682171 514497 314089 228341 278291 676275 705064 34473 790821 385289 255910 165949 836399 588582 785113 435375 91351 761283 457591 359525 412081 256557 701979 284836 479396 403915 188782 479305 147436 775104 136506 714478 597123 260187 334261 392489 825159 125605 586790 855853 785822 634767 417149 330073 425266 651543 315549 336815 743957 936397 429607 649248 704531 260437 214293 715760 740460 747946 162345
 916607 776544 905697 277241 862315 1088353 388724 206503 801175 372242 627004 97301 1123296 498334 778897 794763 717256 1059303 740323 585740 122407 1033042 951645 496805 967860 648554 130119 92685 884453 739766 682171 1 1016158 368975 475362 430745 710132 903926 648845 120461 385374 706775 768713 503575 1088645 393919 250803 590839 782838 325822 322649 1005686 920019 392867 893509 206070 883345 540023 593865 587715 97241 817460 480178 252283 749112 368673 475466 467037 609704 894179 520431 560947 271105 449035 369182 1018908 313981 827562 378855 499265 733569 283724 723584 408116 754623 802602 1214767 959622 220100 832560
 745497 646324 433597 868101 219749 87541 885909 833239 617059 654445 561104 1104546 108482 522149 857225 705614 858490 53869 336152 760119 1058559 349046 143717 744766 340818 483638 886552 937997 227219 412746 514497 1016158 1 697340 697395 738754 546252 402399 522221 1089930 630812 322045 631890 890552 76982 903617 783321 561341 584711 695298 743351 167038 352903 815061 250125 857456 134076 685922 475999 485100 1086566 491873 767982 815471 287112 773603 547089 902003 637035 259826 902920 789264 831777 577457 766306 164359 818989 209518 787338 786059 852778 734696 504487 807451 283168 300331 208470 398123 969264 403628
 859871 430888 724164 401445 514484 778594 508009 162479 706617 87675 261220 466253 805678 192209 799665 741976 751866 746504 499075 590353 459385 809723 667862 194106 748160 280189 263213 277107 623154 544394 314089 368975 697340 1 139895 123020 585391 710414 280362 476795 164197 375340 420067 601457 773691 524771 121683 223088 674903 200197 48791 656335 552743 456766 536683 171688 563983 204603 395940 227186 461083 450201 500501 314682 412617 102536 250223 580191 259808 646462 621997 586466 356977 249312 94366 669919 386092 492764 125498 530537 761929 133785 576682 464432 417305 446125 904702 760686 449075 463969
 971633 302400 802768 540913 491109 783336 647802 276883 813673 215707 168034 571150 802805 265517 927197 857690 882178 749880 564258 720466 578878 866880 696745 64617 809427 223487 387961 383279 668700 627120 228341 475362 697395 139895 1 50092 689551 784819 201113 591133 289329 385825 293761 739797 774224 664631 248987 145546 779631 337430 167026 623783 484418 595487 497083 269369 570399 67028 490276 215286 571709 353950 635086 454247 412804 109759 354776 719384 134472 698404 760303 719231 496705 363273 107433 637381 525926 487929 108882 665335 891229 273390 674692 602638 415986 412822 905305 830716 583758 390464
 977020 345816 822737 514914 535828 824002 626025 237385 821349 208309 218034 525688 845016 282366 922185 860687 874786 790733 587964 713212 537443 894348 731629 74655 835434 270732 350161 339429 698988 644923 278291 430745 738754 123020 50092 1 698395 806276 250542 547965 284726 423014 338267 722521 815710 642179 215557 194018 788410 322779 136324 670356 534124 577583 544180 225661 609939 109534 502678 253999 527599 403799 623400 429040 452557 62234 361513 700050 181693 726940 743075 709483 472015 365601 61727 683987 504138 529300 58813 653392 884732 250246 686357 585805 456085 458634 947065 853847 550532 440279
 286281 858541 210920 459357 562761 571361 414157 617802 124882 498731 674700 767831 619800 426809 320078 188586 313270 558539 231011 227840 691167 364300 411740 754139 305114 611000 596091 671577 322167 136251 676275 710132 546252 585391 689551 698395 1 221190 653983 728991 424852 448898 842189 374699 586053 427014 581202 641625 90104 428157 604163 653584 728356 358671 624683 656350 469746 728972 202220 537801 739128 763422 278590 458055 474363 687624 336912 397473 735182 299689 381744 262130 446121 336442 679574 660632 410167 495486 710837 282989 309047 512971 41765 345051 478718 576988 671809 274022 561780 702070
 343689 881719 31384 670571 501412 399227 634558 781207 233159 631549 722270 970424 447944 524312 477732 320942 493758 396424 222178 444691 898980 143178 258963 847700 87660 645845 781635 853221 188760 169286 705064 903926 402399 710414 784819 806276 221190 1 692244 936144 568310 449924 865150 593841 418926 647837 737912 698799 210178 595206 740611 546685 675855 576433 561456 817210 377792 808275 322732 592317 943563 756494 499216 656411 455700 811153 467412 618066 794086 148252 599464 480142 651482 480762 802827 549663 619823 439296 832524 504170 483760 671382 191056 563466 457685 545645 478519 55835 775099 678864
 939421 205920 715826 646944 305603 609704 733372 442462 777243 306791 39048 746141 622841 256340 937934 838614 903702 575964 473281 747602 738445 746493 549354 231606 696774 46464 541720 556516 542528 557664 34473 648845 522221 280362 201113 250542 653983 692244 1 756939 351828 246500 189993 804671 597433 751978 401442 58855 740060 423678 326232 429120 283761 669376 301521 446762 406307 168737 455129 119130 741444 170825 683576 562923 256516 304607 362500 792858 115215 578726 824232 756097 600738 386258 300034 442525 617954 318459 308528 713203 908936 395138 628290 672184 257556 224344 726141 729553 713506 190372
 903753 893262 933937 270717 950965 1157423 355954 316565 805463 466500 737525 59015 1195185 583834 746269 785730 683164 1130006 794090 571287 38177 1071606 1013160 615563 1006841 752885 217473 208645 939764 779214 790821 120461 1089930 476795 591133 547965 728991 936144 756939 1 464467 791291 884891 463442 1159842 355292 355507 699880 792349 395145 432833 1093615 1021415 382064 986661 322315 959482 656685 643011 686716 29226 926995 471725 284042 834608 486269 542946 425156 724912 944632 477160 541496 284670 513207 486242 1106527 318845 910892 497595 484428 700697 374301 748679 397432 840336 896450 1282436 991902 177392 936557
 696102 541530 578485 298121 487730 703403 382019 217536 544307 76667 350131 474518 737935 121743 638427 577822 592851 674072 372605 431137 436267 680514 571011 350707 616557 329430 255785 310272 510752 399240 385289 385374 630812 164197 289329 284726 424852 568310 351828 464467 1 326945 527852 460347 703341 400478 171054 308372 513584 76328 179342 629727 576108 320197 526993 250962 498254 344729 246136 248651 458286 516073 348162 218260 370407 264552 101781 444839 379738 526620 480519 430542 252256 89623 256742 642517 266310 446443 288111 378495 601992 108720 419561 324585 376184 438595 830034 621271 376521 501309
 724801 432023 475208 601900 162958 404338 651721 515547 564854 337349 280293 799008 430342 208549 758852 637456 736565 371799 238232 596229 763167 500237 311971 439963 450368 200309 579472 624027 296383 332026 255910 706775 322045 375340 385825 423014 448898 449924 246500 791291 326945 1 415429 691223 398560 670759 465785 265503 526884 399271 421650 303096 291698 580214 211007 537607 189239 387466 274855 170621 784328 316973 562254 534073 43792 453368 265592 690706 356188 332229 708162 614599 559597 298120 445858 315746 558601 120874 468334 588039 737793 423052 415871 577336 49717 136316 529814 484551 693661 253412
 1126746 16618 890636 813725 415519 717371 908888 570065 964655 471010 179282 863941 718815 443569 1127840 1027769 1093047 684776 651648 936061 872317 903574 691580 278816 859665 231245 679643 676889 701538 740623 165949 768713 631890 420067 293761 338267 842189 865150 189993 884891 527852 415429 1 986753 700390 927026 538611 220248 927208 594431 456864 499336 305798 848035 383457 562942 539321 228767 644596 309045 865298 144262 868500 727514 412157 400497 550175 972575 160971 740587 1006655 943377 767860 572202 399595 510800 790067 452932 393087 898438 1098530 550040 815155 852101 411165 341425 819517 897877 868835 229939
 455183 1000852 579189 236180 843649 930249 115449 530813 396529 526265 807826 517807 977028 550076 283124 348601 219909 912623 554441 150125 427460 736749 769368 795393 679350 774910 445075 515638 680540 486948 836399 503575 890552 601457 739797 722521 374699 593841 804671 463442 460347 691223 986753 1 941788 110037 523029 766531 398850 402441 589597 964104 980732 144982 899412 566761 787675 800550 427682 690800 484723 958463 129038 306323 730527 681590 447591 38368 839975 665785 20554 114059 265364 420188 675886 973935 224458 781961 703932 105506 237677 473312 411366 137165 736261 826706 1039057 643976 289773 924779
 761603 714369 449036 932399 293076 24428 943971 907996 644490 729314 636401 1175990 35965 596766 888193 733583 894463 30148 390650 806456 1127840 339660 174380 821184 346016 559563 958777 1011691 264144 457202 588582 1088645 76982 773691 774224 815710 586053 418926 597433 1159842 703341 398560 700390 941788 1 961254 858095 637574 614667 766136 819469 214896 411817 873985 316950 932809 209788 762001 536610 562081 1157289 558478 822135 882961 364054 850523 617008 955458 711935 288641 953101 837159 897451 646684 843211 207992 882584 286435 864309 838485 887386 808251 544596 865585 360137 374313 131507 404328 1034790 470778
 553271 940220 637621 134269 829882 952244 19132 435698 474265 457574 750355 408696 997075 504982 391243 439756 328299 931402 570671 226751 318738 790578 793438 716356 729605 727022 342366 410071 707448 519012 785113 393919 903617 524771 664631 642179 427014 647837 751978 355292 400478 670759 927026 110037 961254 1 434164 708521 469471 332944 506576 958928 953021 90832 881703 469710 790423 728160 428415 643920 375706 913319 148668 214584 712568 596351 411143 73135 774233 698857 126517 193048 171556 380249 591350 969773 138742 772410 617724 146835 345634 392211 457977 96348 718495 802652 1067444 701035 180093 888895
 837689 548650 746890 303094 616246 860368 419268 49920 694569 128899 382901 347606 891624 261338 750352 715725 697003 829639 543280 539318 337703 851566 735768 289948 787569 398431 141771 161329 679579 568633 435375 250803 783321 121683 248987 215557 581202 737912 401442 355507 171054 465785 538611 523029 858095 434164 1 344604 667031 154295 82104 759508 669293 379277 644540 79916 649289 315989 415186 337203 340628 571665 439500 219612 506602 163400 272807 496786 377670 696862 543420 528543 262608 257154 159235 772901 299305 586351 183919 467919 709278 68254 581190 389767 511845 553532 987290 791377 335326 582435
 927904 234584 720585 599053 349444 648333 690189 384646 766110 256453 41873 688110 664631 226345 914162 822706 876878 614635 477139 718387 682124 763412 575941 183959 710560 79231 485554 498387 560402 555121 91351 590839 561341 223088 145546 194018 641625 698799 58855 699880 308372 265503 220248 766531 637574 708521 344604 1 729628 377143 268201 479115 341684 628311 352026 388165 439444 124837 439994 107056 683925 227115 648519 513912 284027 246424 332592 752679 95667 594365 786417 724455 552903 353043 241645 492668 572625 353531 251299 678528 883151 342064 619032 632112 286169 269622 767715 739368 661644 248791
 199546 943650 188474 521668 628557 597308 459333 702016 37972 588002 761919 834611 646362 516581 273542 121473 284110 589225 297033 249200 754218 347285 443604 844224 297676 696388 673615 750027 357547 198367 761283 782838 584711 674903 779631 788410 90104 210178 740060 792349 513584 526884 927208 398850 614667 469471 667031 729628 1 513163 692719 707146 798352 413154 690855 740897 524931 818672 291447 624990 804703 843377 326194 530839 548804 776996 426901 427702 823654 326784 401406 285436 514209 425710 768981 712906 475038 561422 800279 322674 274946 598955 112126 398378 552728 650296 685982 252747 620092 778443
 683902 607448 601656 223558 561214 764720 315089 189856 540346 124930 419009 410037 801236 197362 604969 562337 554739 736483 416255 394158 365163 716433 625869 394221 651529 403677 196112 260844 559312 426687 457591 325822 695298 200197 337430 322779 428157 595206 423678 395145 76328 399271 594431 402441 766136 332944 154295 377143 513163 1 196593 702365 652433 258574 602006 228208 564373 398339 274964 324060 391281 590006 300862 142094 442984 289152 149945 383096 441447 570764 422930 387843 177420 123383 282369 714977 195671 517386 312626 330737 565676 87124 430317 265279 448841 514155 890635 649869 300225 577322
 872852 466729 752842 378617 562795 823844 490706 116574 723001 109104 304894 419933 851782 231306 801515 753053 751207 792001 533723 590751 417186 844641 709743 210960 782207 328063 222829 230289 661864 572877 359525 322649 743351 48791 167026 136324 604163 740611 326232 432833 179342 421650 456864 589597 819469 506576 82104 268201 692719 196593 1 704847 600857 444672 585445 123023 609682 233983 421664 275928 416035 495007 496124 292910 459684 92904 274828 565832 295894 683519 610133 583889 335948 268505 86596 718420 369064 539903 116168 525626 762253 116352 598542 453698 464477 494850 950225 792045 416816 511527
 883278 512095 578002 901076 143394 236488 940244 808405 742392 633633 467461 1099380 225287 509823 972865 828362 965507 209159 424944 848093 1065984 512024 293332 660589 496264 400348 880127 920154 359421 517472 412081 1005686 167038 656335 623783 670356 653584 546685 429120 1093615 629727 303096 499336 964104 214896 958928 759508 479115 707146 702365 704847 1 199788 868191 127607 826024 183846 597847 536549 429804 1085852 355183 836370 836169 259421 715361 565470 969466 537606 398612 978932 873024 860009 597920 709073 13668 855788 187887 724807 858658 962315 722622 612836 863247 253598 212402 322098 551392 995330 270922
 990019 317215 705731 870477 174526 431850 933890 714368 835895 555966 316869 1016897 424746 456445 1044705 914863 1025704 401777 501329 887806 998932 673505 449312 507454 644371 272932 803945 829175 490005 600018 256557 920019 352903 552743 484418 534124 728356 675855 283761 1021415 576108 291698 305798 980732 411817 953021 669293 341684 798352 652433 600857 199788 1 863569 115208 723593 301620 443728 566117 334987 1008826 162742 852086 794064 257222 588105 541957 978238 374447 531737 998128 906270 825678 573292 583294 209741 831960 239156 592268 878522 1026045 648498 691648 862128 252182 155464 521698 693626 952599 94308
 525502 861723 569092 116050 739087 865633 72054 389965 424095 383109 669957 428554 909880 418805 390406 405259 331030 844029 483950 193137 343923 717792 707855 650578 655285 642455 313352 387983 623129 438179 701979 392867 815061 456766 595487 577583 358671 576433 669376 382064 320197 580214 848035 144982 873985 90832 379277 628311 413154 258574 444672 868191 863569 1 791100 427046 700428 656908 339214 558800 397106 828087 89758 166730 621895 536793 322203 124851 698485 616801 165533 168493 129726 291943 531023 879077 85305 681594 559238 106399 345980 328360 385378 15494 627815 712567 982419 630932 207218 800985
 879825 397428 591545 811060 62303 334310 862677 692543 728038 521750 339860 988660 335931 405299 943510 809064 928107 302141 394826 796725 960920 559056 335219 533027 529181 273616 770715 805837 374991 493200 284836 893509 250125 536683 497083 544180 624683 561456 301521 986661 526993 211007 383457 899412 316950 881703 644540 352026 690855 602006 585445 127607 115208 791100 1 707763 186416 470243 475794 309533 977059 241951 770390 740385 169410 590751 475482 900320 410434 416714 915810 817764 767961 507888 584706 141007 768753 129512 599347 795248 927302 612866 586595 788009 163553 91010 437691 578484 900219 153921
 906693 571068 825747 335493 683403 935823 456917 39380 767245 204520 422863 302378 965908 337038 808898 783992 753182 904683 623143 599150 312485 931465 813906 294455 867437 450687 136478 113948 758951 647927 479396 206070 857456 171688 269369 225661 656350 817210 446762 322315 250962 537607 562942 566761 932809 469710 79916 388165 740897 228208 123023 826024 723593 427046 707763 1 723393 334462 494498 398282 302364 613551 495946 260821 577221 164166 352699 537153 403649 776611 586689 585060 301441 336512 163935 839547 343011 657370 177108 522901 766491 145977 658003 439176 582251 616990 1062655 870855 343385 633719
 705703 554914 408433 745146 131143 215111 772161 699209 560740 520403 444319 972575 242515 388203 789169 645801 781752 182603 241579 666927 928828 374497 153489 620804 342777 364360 754023 804384 189666 333676 403915 883345 134076 563983 570399 609939 469746 377792 406307 959482 498254 189239 539321 787675 209788 790423 649289 439444 524931 564373 609682 183846 301620 700428 186416 723393 1 564195 362787 355978 955291 408891 661460 688343 157601 642332 417755 795435 521389 231232 801666 693013 707035 448910 634887 191244 697248 88374 656844 682215 778480 601234 429057 694116 154485 197899 340738 392378 844312 322853
 1013586 236607 828162 606037 472402 773014 711051 343474 853754 274399 130566 635175 788647 302181 978927 902382 935926 739301 586181 774540 645139 881054 699092 63810 826146 202517 454887 448387 679464 656461 188782 540023 685922 204603 67028 109534 728972 808275 168737 656685 344729 387466 228767 800550 762001 728160 315989 124837 818672 398339 233983 597847 443728 656908 470243 334462 564195 1 527387 220262 636728 302230 692629 519257 408283 171765 399708 781305 74470 711833 820992 775163 561442 412072 170852 611240 589428 478362 165585 722953 944250 338382 711084 663451 410604 391699 891834 851580 650588 349503
 488286 660752 332350 398030 417978 529655 410428 458698 327079 312853 473986 669254 572572 225617 489286 383605 463044 506519 152068 321853 608035 441540 375782 554869 376585 413633 467085 535403 297512 153448 479305 593865 475999 395940 490276 502678 202220 322732 455129 643011 246136 274855 644596 427682 536610 428415 415186 439994 291447 274964 421664 536549 566117 339214 475794 494498 362787 527387 1 337452 645636 576552 299848 359175 309758 498311 146838 433289 533125 301902 442886 341976 366524 158033 490063 546550 347368 354857 520801 322351 465262 348744 184420 332079 315151 410681 649942 376451 502285 524480
 823870 324865 613783 546766 289225 570055 625040 384210 661806 221003 136939 684007 591903 140730 818815 721040 784710 536840 370412 629129 663949 660869 482172 269888 606500 84121 469266 498357 459251 448221 147436 587715 485100 227186 215286 253999 537801 592317 119130 686716 248651 170621 309045 690800 562081 643920 337203 107056 624990 324060 275928 429804 334987 558800 309533 398282 355978 220262 337452 1 674740 269420 567774 466004 198561 289881 245276 680867 202723 491639 710052 638414 500898 270761 282941 443430 513464 275922 302526 597095 789850 313523 513825 560534 202137 218946 693534 633693 622089 254229
 920942 873315 942294 283545 942852 1155483 375246 299464 818970 455673 720921 33164 1192457 576160 766947 801967 703989 1127573 795885 588072 57598 1077658 1013202 594023 1012715 738956 206348 188430 941386 784608 775104 97241 1086566 461083 571709 527599 739128 943563 741444 29226 458286 784328 865298 484723 1157289 375706 340628 683925 804703 391281 416035 1085852 1008826 397106 977059 302364 955291 636728 645636 674740 1 910945 486858 288310 827393 465620 540378 446584 705875 947532 499056 559169 293204 511417 465958 1098874 329848 904450 476061 500938 721336 364201 757432 412567 833059 886532 1280987 999382 196094 922893
 1041684 156947 783940 813546 280267 576214 894450 611554 881325 476387 190688 914660 575800 409409 1065837 951842 1037733 544089 554081 887515 909017 780449 562371 364057 741382 186684 712339 724874 582569 648968 136506 817460 491873 450201 353950 403799 763422 756494 170825 926995 516073 316973 144262 958463 558478 913319 571665 227115 843377 590006 495007 355183 162742 828087 241951 613551 408891 302230 576552 269420 910945 1 833658 730749 301815 462956 511031 949659 228511 623155 977421 900031 767426 538442 459608 366571 782054 326389 462544 862420 1040973 565665 731885 829562 299326 214120 675927 783987 883175 88308
 436713 883068 489404 204920 714774 811840 135602 457439 335370 419395 689219 518258 857713 427507 313066 315829 257690 792593 432230 106524 433601 641914 651744 693929 580990 651817 392543 468845 564295 373253 714478 480178 767982 500501 635086 623400 278590 499216 683576 471725 348162 562254 868500 129038 822135 148668 439500 648519 326194 300862 496124 836370 852086 89758 770390 495946 661460 692629 299848 567774 486858 833658 1 242390 601489 589020 322883 134183 726436 553408 146043 89218 211541 297355 582514 846398 167095 653409 612250 30334 270590 381141 309342 74322 607224 697854 924363 552577 296192 797478
