NAME : domp50p12v4
COMMENT : Cherkesly, Contardo & Gruson 2022
TYPE : DOMP
DIMENSION : 50
DISPLAY_DATA_TYPE : NO_DISPLAY
OPEN_FACILITIES : 12
COST_SECTION
 1 501026 688982 845348 262805 393370 225827 653692 620016 835108 667261 343492 579144 754304 441506 364676 649764 249022 285166 794916 670876 200797 467640 588350 665281 245707 443877 192491 55579 519459 536209 402030 667508 427436 675680 93674 839722 423749 617214 355426 189188 187870 366672 823414 933355 288611 623863 372827 401183 404973
 501026 1 472055 345417 575632 576216 456365 374118 729402 335862 718663 497070 629458 277144 435931 439464 149529 266022 629696 350722 371796 388939 82228 712624 392400 256484 443019 470861 453308 121641 618769 536491 343189 477980 202363 591706 343802 432049 313546 172742 311879 348197 264402 359705 437970 609423 509924 132433 174790 147228
 688982 472055 1 612606 896063 436742 791091 105801 422290 541301 364804 409002 320938 655009 867924 350564 477951 487577 939490 347033 840996 488484 401658 426970 863436 522418 272139 784795 635216 593638 348940 933895 157017 312421 389728 773325 518078 287163 784610 423636 563688 509293 685833 400161 569012 569995 974985 517320 365987 581953
 845348 345417 612606 1 885387 878997 769991 510841 984048 80981 950089 806217 876604 144744 672618 740285 202187 610311 940352 287255 435489 727392 397562 975538 468636 601800 716464 791757 798537 350251 881112 799070 456446 760318 236345 934778 112354 712568 416737 510570 656575 691429 551081 243151 155720 938532 653856 472921 491562 456531
 262805 575632 896063 885387 1 654510 119314 839040 881392 899231 925110 598721 834305 763226 283924 607975 717662 409668 54980 918225 582359 433848 579779 850069 564492 379361 681094 112683 295757 535173 793460 181019 838621 673332 776304 249826 912732 660487 546051 494014 332731 394315 334614 933586 1005601 549399 454693 448759 552371 435452
 393370 576216 436742 878997 654510 1 592294 463896 226883 833643 277254 81027 198353 848999 768383 139144 683972 367528 678414 700601 897567 251156 499490 195750 905511 407229 178862 567209 360207 666487 150863 770355 506703 131735 649609 443290 823282 174383 835704 412172 400417 309833 622885 747296 903009 149228 933180 511034 402150 581289
 225827 456365 791091 769991 119314 592294 1 728584 816955 781457 852552 527497 758812 651669 223815 525515 599028 303777 173417 799334 495154 352723 461500 787098 481931 269300 592803 36902 236942 419946 721393 179411 725249 591252 657004 257190 794372 572353 451727 380019 229445 304278 222065 814310 887506 508798 406983 329648 439099 317215
 653692 374118 105801 510841 839040 463896 728584 1 495518 442089 448484 418723 388935 549279 784862 352169 372201 430249 885657 258551 739571 458340 309278 494532 762961 459980 286074 726493 598399 494984 407067 860080 55313 332442 284532 742929 420726 294953 684328 350764 507514 467262 602685 310944 479239 580694 881814 433818 291324 493593
 620016 729402 422290 984048 881392 226883 816955 495518 1 924767 82396 290739 107828 984071 983354 312826 806943 568865 904839 753920 1080304 468647 647489 32953 1092454 610994 286658 792965 586828 835862 111147 993837 549285 257150 747714 665588 907522 299379 1018272 586529 614360 524684 826744 805954 973214 354078 1140534 694045 558433 767533
 835108 335862 541301 80981 899231 833643 781457 442089 924767 1 886629 764072 816968 204084 706031 696389 186368 592335 954097 207946 493282 701238 372952 918152 525948 589447 665382 800064 785583 368470 824666 827848 386989 710647 184047 926702 31855 663368 466815 488248 646091 670735 568647 162393 107387 903821 705639 467953 460661 464301
 667261 718663 364804 950089 925110 277254 852552 448484 82396 886629 1 326615 96102 961654 1005700 331906 782225 586375 952217 706183 1079459 500110 636479 109007 1093917 629047 285953 831166 629357 830734 131694 1026394 503520 268738 714904 720528 867277 302678 1017870 589151 639712 552578 841478 758967 927611 417010 1155345 698319 553812 772221
 343492 497070 409002 806217 598721 81027 527497 418723 290739 764072 326615 1 235988 771218 694351 69571 608990 287828 627225 642046 816703 177989 421588 262362 824896 328227 137078 505005 303086 585677 194925 703462 456139 99120 580232 406317 755353 124410 754808 331545 325243 234892 544469 686591 837748 162494 856148 430015 323860 500402
 579144 629458 320938 876604 834305 198353 758812 388935 107828 816968 96102 235988 1 879341 909656 236185 701331 490274 863207 647001 986722 406096 547255 106379 1000490 532946 191374 738305 538913 739287 48379 931679 442263 172650 640312 637441 799697 207343 924952 494891 544101 457535 745530 698832 865766 345730 1059467 603830 461701 677720
 754304 277144 655009 144744 763226 848999 651669 549279 984071 204084 961654 771218 879341 1 534831 710557 180288 537353 817851 376147 291509 664512 349645 970959 324552 520055 702769 676821 712409 237172 875877 663863 499698 742274 266883 839300 233798 694854 272329 449744 570098 620264 429708 345051 298612 886481 509112 385624 447373 351177
 441506 435931 867924 672618 283924 768383 223815 784862 983354 706031 1005700 694351 909656 534831 1 674237 545843 419998 329855 781730 306395 517371 479333 956253 284783 377360 726060 260706 439023 345301 879062 132672 765770 737030 629943 480995 726569 707095 281339 447392 369179 459475 182321 781984 812788 709428 183385 351328 502717 294488
 364676 439464 350564 740285 607975 139144 525515 352169 312826 696389 331906 69571 236185 710557 674237 1 544830 256508 641506 572489 772776 174354 361442 288939 783156 298919 81930 507161 317396 534812 205276 696334 387850 65773 512388 438151 687052 63949 710667 280699 307920 222161 514062 617045 768769 228835 828023 384929 264765 457538
 649764 149529 477951 202187 717662 683972 599028 372201 806943 186368 782225 608990 701331 180288 545843 544830 1 409926 772283 246175 394202 525243 195393 795094 422913 404417 529154 616057 601077 200544 699965 659816 325093 570675 101966 740908 195772 522878 349586 308678 460592 490223 392569 237575 289633 737252 579497 281605 290229 282374
 249022 266022 487577 610311 409668 367528 303777 430249 568865 592335 586375 287828 490274 537353 419998 256508 409926 1 455457 546605 533121 132454 220598 543772 539246 42688 306419 297647 195968 319596 461735 457155 434011 317672 427515 342656 594705 287223 471853 106590 77267 82912 258032 574403 687617 359248 571671 157094 154224 219249
 285166 629696 939490 940352 54980 678414 173417 885657 904839 954097 952217 627225 863207 817851 329855 641506 772283 455457 1 970967 632042 468674 631984 872985 613034 427290 716859 162506 325085 590147 820951 215561 887010 706225 829926 253705 967462 696297 597587 543425 378198 433477 389517 987080 1060407 564760 493860 502013 601205 490181
 794916 350722 347033 287255 918225 700601 799334 258551 753920 207946 706183 642046 647001 376147 781730 572489 246175 546605 970967 1 636259 625694 339639 752087 666211 558890 522892 809089 740584 440096 662712 886988 204749 570179 151934 888555 179718 526248 594775 441737 615893 611784 614985 53131 222092 796795 825609 469825 393849 497949
 670876 371796 840996 435489 582359 897567 495154 739571 1080304 493282 1079459 816703 986722 291509 306395 772776 394202 533121 632042 636259 1 662649 450365 1059573 33214 497603 795770 529270 646930 251700 969312 437412 701520 823327 495971 735785 521293 781424 62115 493840 524968 605425 304875 616811 590112 885956 222972 387893 525703 316307
 200797 388939 488484 727392 433848 251156 352723 458340 468647 701238 500110 177989 406096 664512 517371 174354 525243 132454 468674 625694 662649 1 330115 440324 667058 165047 248206 333108 148428 451679 369390 526610 477443 239991 526108 285745 699752 227663 601925 217385 149490 59349 375326 660847 790168 226803 682799 289221 241485 351103
 467640 82228 401658 397562 579779 499490 461500 309278 647489 372952 636479 421588 547255 349645 479333 361442 195393 220598 631984 339639 450365 330115 1 631084 469265 223831 361341 469789 415949 198669 537000 566159 286519 397247 208360 560747 374262 350876 390758 115330 281513 297801 298885 360485 467024 542895 573568 135474 97844 185420
 588350 712624 426970 975538 850069 195750 787098 494532 32953 918152 109007 262362 106379 970959 956253 288939 795094 543772 872985 752087 1059573 440324 631084 1 1070993 585620 269780 762636 555951 816905 95139 964445 547372 236605 739285 633001 901868 280856 997481 565801 587084 497030 801802 803621 969869 321145 1115205 672432 540211 745608
 665281 392400 863436 468636 564492 905511 481931 762961 1092454 525948 1093917 824896 1000490 324552 284783 783156 422913 539246 613034 666211 33214 667058 469265 1070993 1 502301 809217 516837 643880 271107 981688 414051 726185 835307 524376 726988 553770 794315 78874 506140 526335 609095 301880 647782 623163 888453 190423 398562 540887 325624
 245707 256484 522418 601800 379361 407229 269300 459980 610994 589447 629047 328227 532946 520055 377360 298919 404417 42688 427290 558890 497603 165047 223831 585620 502301 1 348883 266700 196838 294590 504186 417116 459721 360332 432149 337938 594096 329779 436920 118448 57682 108724 216456 583306 687829 389908 529610 134613 174329 187984
 443877 443019 272139 716464 681094 178862 592803 286074 286658 665382 285953 137078 191374 702769 726060 81930 529154 306419 716859 522892 795770 248206 361341 269780 809217 348883 1 577114 394845 549576 175781 758801 327862 47341 482415 519398 652719 20608 733913 303520 368137 288869 557365 570510 729173 299079 870607 412517 271929 486417
 192491 470861 784795 791757 112683 567209 36902 726493 792965 800064 831166 505005 738305 676821 260706 507161 616057 297647 162506 809089 529270 333108 469789 762636 516837 266700 577114 1 208580 442769 699646 209781 725966 572911 669485 220320 811792 556551 484452 381533 221108 288387 248788 826264 905393 478241 443834 341265 439755 336265
 55579 453308 635216 798537 295757 360207 236942 598399 586828 785583 629357 303086 538913 712409 439023 317396 601077 195968 325085 740584 646930 148428 415949 555951 643880 196838 394845 208580 1 480101 497719 416336 611937 381553 623425 148305 789254 374477 590977 302557 142674 132294 342268 769838 882582 272888 618303 327965 346736 366586
 519459 121641 593638 350251 535173 666487 419946 494984 835862 368470 830734 585677 739287 237172 345301 534812 200544 319596 590147 440096 251700 451679 198669 816905 271107 294590 549576 442769 480101 1 724726 461187 461847 580390 288409 602862 385840 536529 192362 254544 339565 400860 201320 437208 475827 678307 394186 162509 277715 114622
 536209 618769 348940 881112 793460 150863 721393 407067 111147 824666 131694 194925 48379 875877 879062 205276 699965 461735 820951 662712 969312 369390 537000 95139 981688 504186 175781 699646 497719 724726 1 895980 458525 146660 644986 592027 808993 188233 907301 475630 511281 423012 718952 713637 878729 297521 1033020 583447 447356 657059
 402030 536491 933895 799070 181019 770355 179411 860080 993837 827848 1026394 703462 931679 663863 132672 696334 659816 457155 215561 886988 437412 526610 566159 964445 414051 417116 758801 209781 416336 461187 895980 1 847949 761637 736755 416349 846621 738718 414010 510916 390666 474249 272092 892165 935127 687721 278771 431420 569750 389523
 667508 343189 157017 456446 838621 506703 725249 55313 549285 386989 503520 456139 442263 499698 765770 387850 325093 434011 887010 204749 701520 477443 286519 547372 726185 459721 327862 725966 611937 461847 458525 847949 1 374993 233372 758644 365437 334432 648053 345231 510673 479711 584685 256678 424513 616522 853088 417472 286335 471883
 427436 477980 312421 760318 673332 131735 591252 332442 257150 710647 268738 99120 172650 742274 737030 65773 570675 317672 706225 570179 823327 239991 397247 236605 835307 360332 47341 572911 381553 580390 146660 761637 374993 1 527245 497546 698540 47849 761266 329490 372436 287660 573625 617662 775769 257672 887706 436912 304340 510459
 675680 202363 389728 236345 776304 649609 657004 284532 747714 184047 714904 580232 640312 266883 629943 512388 101966 427515 829926 151934 495971 526108 208360 739285 524376 432149 482415 669485 623425 288409 644986 736755 233372 527245 1 768942 176047 479800 450184 321007 489828 501291 465186 157482 264180 722067 676768 328221 284740 348992
 93674 591706 773325 934778 249826 443290 257190 742929 665588 926702 720528 406317 637441 839300 480995 438151 740908 342656 253705 888555 735785 285745 560747 633001 726988 337938 519398 220320 148305 602862 592027 416349 758644 497546 768942 1 931958 499923 685424 448986 280750 279957 436352 917058 1025750 316249 664151 461866 494778 488320
 839722 343802 518078 112354 912732 823282 794372 420726 907522 31855 867277 755353 799697 233798 726569 687052 195772 594705 967462 179718 521293 699752 374262 901868 553770 594096 652719 811792 789254 385840 808993 846621 365437 698540 176047 931958 1 651623 492937 489444 651220 671647 584427 132252 94182 898112 731679 476232 458381 477285
 423749 432049 287163 712568 660487 174383 572353 294953 299379 663368 302678 124410 207343 694854 707095 63949 522878 287223 696297 526248 781424 227663 350876 280856 794315 329779 20608 556551 374477 536529 188233 738718 334432 47849 479800 499923 651623 1 719469 288218 348061 268345 539423 572955 729686 286901 852981 396800 259395 470644
 617214 313546 784610 416737 546051 835704 451727 684328 1018272 466815 1017870 754808 924952 272329 281339 710667 349586 471853 597587 594775 62115 601925 390758 997481 78874 436920 733913 484452 590977 192362 907301 414010 648053 761266 450184 685424 492937 719469 1 431777 466005 545080 250571 579290 568106 825977 238827 325799 464244 254416
 355426 172742 423636 510570 494014 412172 380019 350764 586529 488248 589151 331545 494891 449744 447392 280699 308678 106590 543425 441737 493840 217385 115330 565801 506140 118448 303520 381533 302557 254544 475630 510916 345231 329490 321007 448986 489444 288218 431777 1 174472 182488 267531 468240 581922 436738 573956 109324 59476 183160
 189188 311879 563688 656575 332731 400417 229445 507514 614360 646091 639712 325243 544101 570098 369179 307920 460592 77267 378198 615893 524968 149490 281513 587084 526335 57682 368137 221108 142674 339565 511281 390666 510673 372436 489828 280750 651220 348061 466005 174472 1 90608 228566 640825 745052 362408 533356 185292 227947 227795
 187870 348197 509293 691429 394315 309833 304278 467262 524684 670735 552578 234892 457535 620264 459475 222161 490223 82912 433477 611784 605425 59349 297801 497030 609095 108724 288869 288387 132294 400860 423012 474249 479711 287660 501291 279957 671647 268345 545080 182488 90608 1 316071 643210 763730 281223 623636 238720 218949 296540
 366672 264402 685833 551081 334614 622885 222065 602685 826744 568647 841478 544469 745530 429708 182321 514062 392569 258032 389517 614985 304875 375326 298885 801802 301880 216456 557365 248788 342268 201320 718952 272092 584685 573625 465186 436352 584427 539423 250571 267531 228566 316071 1 621344 675791 590390 314100 169012 321328 117548
 823414 359705 400161 243151 933586 747296 814310 310944 805954 162393 758967 686591 698832 345051 781984 617045 237575 574403 987080 53131 616811 660847 360485 803621 647782 583306 570510 826264 769838 437208 713637 892165 256678 617662 157482 917058 132252 572955 579290 468240 640825 643210 621344 1 168992 839153 814026 485127 424274 505865
 933355 437970 569012 155720 1005601 903009 887506 479239 973214 107387 927611 837748 865766 298612 812788 768769 289633 687617 1060407 222092 590112 790168 467024 969869 623163 687829 729173 905393 882582 475827 878729 935127 424513 775769 264180 1025750 94182 729686 568106 581922 745052 763730 675791 168992 1 984111 806461 570402 548702 570298
 288611 609423 569995 938532 549399 149228 508798 580694 354078 903821 417010 162494 345730 886481 709428 228835 737252 359248 564760 796795 885956 226803 542895 321145 888453 389908 299079 478241 272888 678307 297521 687721 616522 257672 722067 316249 898112 286901 825977 436738 362408 281223 590390 839153 984111 1 885475 515938 447062 577346
 623863 509924 974985 653856 454693 933180 406983 881814 1140534 705639 1155345 856148 1059467 509112 183385 828023 579497 571671 493860 825609 222972 682799 573568 1115205 190423 529610 870607 443834 618303 394186 1033020 278771 853088 887706 676768 664151 731679 852981 238827 573956 533356 623636 314100 814026 806461 885475 1 466647 621940 395891
 372827 132433 517320 472921 448759 511034 329648 433818 694045 467953 698319 430015 603830 385624 351328 384929 281605 157094 502013 469825 387893 289221 135474 672432 398562 134613 412517 341265 327965 162509 583447 431420 417472 436912 328221 461866 476232 396800 325799 109324 185292 238720 169012 485127 570402 515938 466647 1 155611 73905
 401183 174790 365987 491562 552371 402150 439099 291324 558433 460661 553812 323860 461701 447373 502717 264765 290229 154224 601205 393849 525703 241485 97844 540211 540887 174329 271929 439755 346736 277715 447356 569750 286335 304340 284740 494778 458381 259395 464244 59476 227947 218949 321328 424274 548702 447062 621940 155611 1 226579
 404973 147228 581953 456531 435452 581289 317215 493593 767533 464301 772221 500402 677720 351177 294488 457538 282374 219249 490181 497949 316307 351103 185420 745608 325624 187984 486417 336265 366586 114622 657059 389523 471883 510459 348992 488320 477285 470644 254416 183160 227795 296540 117548 505865 570298 577346 395891 73905 226579 1
LAMBDA_SECTION
1 939
2 533
3 876
4 312
5 195
6 642
7 69
8 436
9 106
10 798
11 155
12 853
13 576
14 873
15 900
16 678
17 217
18 49
19 855
20 763
21 366
22 798
23 564
24 224
25 227
26 75
27 622
28 976
29 535
30 139
31 240
32 460
33 907
34 244
35 449
36 903
37 517
38 961
39 535
40 261
41 471
42 76
43 243
44 708
45 866
46 434
47 625
48 367
49 110
50 590
