NAME : domp40p20v9
COMMENT : Cherkesly, Contardo & Gruson 2022
TYPE : DOMP
DIMENSION : 40
DISPLAY_DATA_TYPE : NO_DISPLAY
OPEN_FACILITIES : 20
COST_SECTION
 1 662976 729981 551907 98676 220649 562190 341683 631526 1056468 617726 748624 675900 795362 450221 330903 537787 796778 895066 73330 685643 401748 575346 331264 685241 613978 442220 672084 312472 722053 828758 814447 584397 573222 693345 781832 446975 420545 647075 593905
 662976 1 208174 314136 703321 788602 132764 663544 575013 551067 426170 354331 31544 182024 597086 650288 779269 136624 471819 593294 393616 729443 501300 338835 704933 677525 243177 517645 371869 295041 587936 161115 441573 530027 563843 449946 274950 317666 182604 711903
 729981 208174 1 511659 792762 801539 191011 625927 775067 721002 283800 560561 235154 350988 771658 615844 954289 198887 668137 669993 601557 885791 698349 404334 903810 870581 292842 722860 493485 501478 795872 182052 641502 725746 769069 656906 283508 315057 390685 900303
 551907 314136 511659 1 547287 743992 346551 712729 263466 504938 646064 196724 298164 321570 303136 697364 478509 424317 344891 480124 147387 456324 187395 347380 392278 363559 346982 220914 255754 175756 338878 456995 130176 215897 265718 243389 402788 431724 158288 399775
 98676 703321 792762 547287 1 296397 615295 440011 584652 1050134 704118 741443 712340 818992 392451 429430 455123 839466 882209 126149 669365 317733 538099 388485 622523 550506 500381 636160 335159 722224 793050 860184 557450 531069 651621 762643 513971 492842 661883 524160
 220649 788602 801539 743992 296397 1 667680 231118 849617 1241455 613189 938707 808133 944875 670825 230124 751262 912242 1088676 276895 885219 613953 790016 453169 905888 834594 547058 885278 490045 904836 1040762 922979 793343 789975 909186 982515 529181 490890 814056 813691
 562190 132764 191011 346551 615295 667680 1 531969 606949 675571 315459 445737 160781 313167 584512 518970 766428 244623 579297 496851 461831 694914 527342 230941 732504 693192 122234 566378 303724 388167 663401 256290 475684 552722 611787 535242 143879 186318 265574 719042
 341683 663544 625927 712729 440011 231118 531969 1 883360 1175041 398723 892109 688933 838037 736802 15408 860229 769606 1042806 352324 860115 729539 810983 370100 967123 900524 426061 896392 466437 847164 1042042 773177 795914 819566 929520 955459 388599 345898 737682 893000
 631526 575013 775067 263466 584652 849617 606949 883360 1 562019 893716 313616 556193 542595 198640 868204 292601 674052 387194 573447 221537 346885 81166 553678 130240 123629 587383 89846 425699 345210 221255 707988 133666 64120 74561 262273 641560 662598 402917 175306
 1056468 551067 721002 504938 1050134 1241455 675571 1175041 562019 1 976088 308839 519829 373839 732957 1160313 854429 525458 176960 984223 386063 895480 555083 808248 647977 679088 754977 474201 752053 336642 371864 550771 510502 577786 492477 305402 802379 843105 437400 733268
 617726 426170 283800 646064 704118 613189 315459 398723 893716 976088 1 761193 457693 602972 825579 393259 995736 474398 892878 579691 773149 894665 812551 371018 1011295 961422 306814 866414 504245 703549 975043 463196 769333 833900 910201 850042 254504 244221 581022 976693
 748624 354331 560561 196724 741443 938707 445737 892109 313616 308839 761193 1 325651 250849 445872 876942 594377 408179 151365 676819 94518 609139 276156 522043 432742 436963 491778 227513 448806 59301 239586 442320 219264 304346 266138 97049 545205 581536 180252 486808
 675900 31544 235154 298164 712340 808133 160781 688933 556193 519829 457693 325651 1 152451 587835 675462 769106 134697 440801 605245 368820 724548 484237 356206 686376 661564 265651 495774 378525 266464 560898 163755 423330 513453 541866 421796 300762 343465 158130 697608
 795362 182024 350988 321570 818992 944875 313167 838037 542595 373839 602972 250849 152451 1 624351 824255 796075 167084 324087 722680 326288 777178 484741 492050 669706 660810 412339 465465 485535 201735 487522 199198 420940 515167 508511 344469 451353 493881 166759 704997
 450221 597086 771658 303136 392451 670825 584512 736802 198640 732957 825579 445872 587835 624351 1 722327 182932 719968 556095 400997 353937 163589 178064 457970 235544 165420 525942 268406 322320 454745 417942 751050 226886 158373 271165 427745 573007 582067 461066 158210
 330903 650288 615844 697364 429430 230124 518970 15408 868204 1160313 393259 876942 675462 824255 722327 1 846860 757394 1027680 339455 844749 716611 795720 354967 952358 885898 412110 881034 451046 832133 1026637 761397 780533 804390 914216 940123 375404 332749 722930 878693
 537787 779269 954289 478509 455123 751262 766428 860229 292601 854429 995736 594377 769106 796075 182932 846860 1 900143 679778 508782 499860 137407 318978 624930 233618 179283 702183 381667 492119 614113 500015 931749 380202 290098 362700 554067 746537 751533 636624 125887
 796778 136624 198887 424317 839466 912242 244623 769606 674052 525458 474398 408179 134697 167084 719968 757394 900143 1 491132 727977 470897 858892 606466 468903 803996 784814 365637 605903 508491 353034 647631 34455 543770 636389 651089 504486 386364 427702 271433 823579
 895066 471819 668137 344891 882209 1088676 579297 1042806 387194 176960 892878 151365 440801 324087 556095 1027680 679778 491132 1 824039 213294 718524 378157 672713 481154 506560 637158 298434 599241 197634 217314 522725 334945 400876 319946 128443 689210 727025 317455 560371
 73330 593294 669993 480124 126149 276895 496851 352324 573447 984223 579691 676819 605245 722680 400997 339455 508782 727977 824039 1 615790 377216 513135 267011 636386 566332 378998 608641 239173 649329 764527 746660 518107 513282 632305 712431 389280 366983 573763 551377
 685643 393616 601557 147387 669365 885219 461831 860115 221537 386063 773149 94518 368820 326288 353937 844749 499860 470897 213294 615790 1 517508 181852 494054 344831 344142 484342 139443 400864 125253 201913 505344 127184 209844 182295 97394 539818 571858 211051 393150
 401748 729443 885791 456324 317733 613953 694914 729539 346885 895480 894665 609139 724548 777178 163589 716611 137407 858892 718524 377216 517508 1 340472 525284 334829 266200 614752 426094 400602 615845 567800 888161 390404 318232 421443 590082 653424 652429 611308 225283
 575346 501300 698349 187395 538099 790016 527342 810983 81166 555083 812551 276156 484237 484741 178064 795720 318978 606466 378157 513135 181852 340472 1 474546 205702 178384 506236 98071 349026 295828 255026 639920 63839 30434 119962 249749 560475 581882 335319 220270
 331264 338835 404334 347380 388485 453169 230941 370100 553678 808248 371018 522043 356206 492050 457970 354967 624930 468903 672713 267011 494054 525284 474546 1 659612 603142 112063 547898 135879 477451 683778 484663 445927 490308 586345 587793 132174 127283 371609 612624
 685241 704933 903810 392278 622523 905888 732504 967123 130240 647977 1011295 432742 686376 669706 235544 952358 233618 803996 481154 636386 344831 334829 205702 659612 1 72038 704522 205757 526290 469983 279301 837995 263362 179839 167697 366393 757327 774983 533038 111355
 613978 677525 870581 363559 550506 834594 693192 900524 123629 679088 961422 436963 661564 660810 165420 885898 179283 784814 506560 566332 344142 266200 178384 603142 72038 1 655596 212761 468180 466384 320761 818212 241649 148449 186768 384080 706920 721902 513702 54341
 442220 243177 292842 346982 500381 547058 122234 426061 587383 754977 306814 491778 265651 412339 525942 412110 702183 365637 637158 378998 484342 614752 506236 112063 704522 655596 1 564408 214151 439671 683825 378446 465291 527170 607047 570540 55812 89881 321428 673093
 672084 517645 722860 220914 636160 885278 566378 896392 89846 474201 866414 227513 495774 465465 268406 881034 381667 605903 298434 608641 139443 426094 98071 547898 205757 212761 564408 1 430521 264692 157105 640235 101988 110290 46221 172552 619952 645864 338461 265073
 312472 371869 493485 255754 335159 490045 303724 466437 425699 752053 504245 448806 378525 485535 322320 451046 492119 508491 599241 239173 400864 400602 349026 135879 526290 468180 214151 430521 1 415489 575909 531584 329579 361674 465335 498021 254836 260171 334611 476763
 722053 295041 501478 175756 722224 904836 388167 847164 345210 336642 703549 59301 266464 201735 454745 832133 614113 353034 197634 649329 125253 615845 295828 477451 469983 466384 439671 264692 415489 1 296659 387381 233931 325651 307030 155527 492116 529551 122726 513553
 828758 587936 795872 338878 793050 1040762 663401 1042042 221255 371864 975043 239586 560898 487522 417942 1026637 500015 647631 217314 764527 201913 567800 255026 683778 279301 320761 683825 157105 575909 296659 1 681687 248842 263676 147065 143278 739538 770043 406631 374689
 814447 161115 182052 456995 860184 922979 256290 773177 707988 550771 463196 442320 163755 199198 751050 761397 931749 34455 522725 746660 505344 888161 639920 484663 837995 818212 378446 640235 531584 387381 681687 1 577390 669767 685461 538492 394642 434958 305187 856546
 584397 441573 641502 130176 557450 793343 475684 795914 133666 510502 769333 219264 423330 420940 226886 780533 380202 543770 334945 518107 127184 390404 63839 445927 263362 241649 465291 101988 329579 233931 248842 577390 1 94273 142025 208857 520545 545281 272385 284101
 573222 530027 725746 215897 531069 789975 552722 819566 64120 577786 833900 304346 513453 515167 158373 804390 290098 636389 400876 513282 209844 318232 30434 490308 179839 148449 527170 110290 361674 325651 263676 669767 94273 1 120698 272537 580821 600729 365395 189838
 693345 563843 769069 265718 651621 909186 611787 929520 74561 492477 910201 266138 541866 508511 271165 914216 362700 651089 319946 632305 182295 421443 119962 586345 167697 186768 607047 46221 465335 307030 147065 685461 142025 120698 1 199908 662405 687298 384402 240832
 781832 449946 656906 243389 762643 982515 535242 955459 262273 305402 850042 97049 421796 344469 427745 940123 554067 504486 128443 712431 97394 590082 249749 587793 366393 384080 570540 172552 498021 155527 143278 538492 208857 272537 199908 1 625314 659379 271951 437113
 446975 274950 283508 402788 513971 529181 143879 388599 641560 802379 254504 545205 300762 451353 573007 375404 746537 386364 689210 389280 539818 653424 560475 132174 757327 706920 55812 619952 254836 492116 739538 394642 520545 580821 662405 625314 1 42729 372313 722627
 420545 317666 315057 431724 492842 490890 186318 345898 662598 843105 244221 581536 343465 493881 582067 332749 751533 427702 727025 366983 571858 652429 581882 127283 774983 721902 89881 645864 260171 529551 770043 434958 545281 600729 687298 659379 42729 1 411014 734663
 647075 182604 390685 158288 661883 814056 265574 737682 402917 437400 581022 180252 158130 166759 461066 722930 636624 271433 317455 573763 211051 611308 335319 371609 533038 513702 321428 338461 334611 122726 406631 305187 272385 365395 384402 271951 372313 411014 1 553664
 593905 711903 900303 399775 524160 813691 719042 893000 175306 733268 976693 486808 697608 704997 158210 878693 125887 823579 560371 551377 393150 225283 220270 612624 111355 54341 673093 265073 476763 513553 374689 856546 284101 189838 240832 437113 722627 734663 553664 1
LAMBDA_SECTION
1 410
2 610
3 982
4 791
5 214
6 517
7 911
8 345
9 215
10 272
11 148
12 883
13 123
14 477
15 12
16 828
17 91
18 445
19 466
20 173
21 570
22 679
23 317
24 556
25 347
26 370
27 864
28 655
29 808
30 736
31 97
32 481
33 108
34 768
35 264
36 944
37 273
38 780
39 860
40 861
