NAME : domp70p35v8
COMMENT : Cherkesly, Contardo & Gruson 2022
TYPE : DOMP
DIMENSION : 70
DISPLAY_DATA_TYPE : NO_DISPLAY
OPEN_FACILITIES : 35
COST_SECTION
 1 177725 404252 578515 693754 347620 550368 593934 569274 198588 359633 455705 668388 421639 625483 273114 280943 105975 370300 409163 279058 127470 676996 379681 338081 801501 182888 302730 264308 545747 484386 283716 269193 122038 485920 241579 19260 681305 321216 697613 334805 105936 426928 157124 260293 564821 611308 181821 583729 386882 490326 662101 343845 631028 351107 596069 411130 259131 407163 51774 538840 335397 354239 577930 333495 800018 500337 342563 530622 100265
 177725 1 477881 611787 637006 217176 540543 558574 409725 240598 212830 328226 668781 338031 448386 430453 175062 71780 548021 586204 190812 105667 667321 378132 182018 765893 55280 212549 293148 592208 465769 307220 138995 184012 497558 181279 159410 503621 277742 522877 227969 239765 250891 131111 186006 390472 512012 354875 544023 380926 648126 626553 252293 584141 526419 429510 400917 199206 571101 143571 404804 163487 475603 450386 167344 623528 424645 234941 405929 251547
 404252 477881 1 198147 458101 443489 954588 339979 648002 602692 482925 806061 324735 367633 840674 566302 389756 442490 478302 469799 362518 507854 349458 187688 655152 502063 431520 678354 668185 153070 888293 687687 615618 305216 175075 331675 403498 874823 717709 832279 701242 493566 624523 347109 641560 811588 500998 457662 343024 196607 349611 388527 720367 390468 526882 874169 206075 646643 339282 382117 545859 539807 139844 553203 632950 942062 380101 397917 515467 474025
 578515 611787 198147 1 327249 508327 1124368 226966 661375 775480 548981 930902 138710 384405 897470 763035 478300 593747 672145 658893 451189 664941 171787 239075 773614 325887 558750 822894 841364 51593 1054590 860434 749994 464954 124058 437765 573897 918725 875087 851434 839698 675889 695785 484318 790973 885491 441326 653167 240014 239569 507203 244888 863587 271719 723878 958836 226900 799527 519006 546773 541567 627461 330270 530661 746025 956318 350909 459509 506267 658862
 693754 637006 458101 327249 1 442874 1176456 118511 471125 861580 472146 893547 217245 300924 743029 942250 462648 656248 915415 916689 446523 727289 180444 331025 742000 148680 583697 837283 922312 370492 1101111 938548 752600 573470 283031 466180 680821 742022 912879 644223 839380 799580 592885 547214 819566 760361 193592 830866 119276 321180 805898 83586 870755 68988 948692 844763 297291 834787 795795 646098 351217 566507 594930 314023 708338 733457 214807 407999 319152 792216
 347620 217176 443489 508327 442874 1 740884 387163 234100 457641 40909 454109 523974 146634 398420 620391 72686 264374 690093 716683 90867 321326 512473 276223 299729 582969 175858 397873 509681 506588 665101 523020 312503 268688 384287 135546 329014 431423 478510 399218 397252 438226 187846 198839 385262 377962 297618 526329 369746 272682 716790 450098 429292 400466 688121 450590 281784 402496 658472 296868 192386 127548 503689 235078 266518 509266 228828 48879 189457 442668
 550368 540543 954588 1124368 1176456 740884 1 1098578 853886 351927 720853 369630 1200413 875908 705586 510268 713853 535909 728868 783119 731256 462744 1202633 906068 464793 1306374 595102 343993 286750 1094516 75801 267158 429213 659415 1021854 719016 552228 769083 263590 862613 352542 468098 657600 649647 357017 625630 1036853 561281 1084342 910777 959403 1166803 318370 1124657 657445 577333 932895 341742 868646 577708 902447 632735 890435 952332 497928 918057 962563 769707 914979 491756
 593934 558574 339979 226966 118511 387163 1098578 1 474497 771296 422543 840634 156344 240773 734608 833412 389912 568013 798373 798703 369207 640758 132686 219926 684419 209211 503645 766531 834126 263853 1024161 851287 683930 472126 165067 379943 582527 744066 836306 660297 773263 699754 558607 455453 744238 739236 221968 721355 18975 210900 688529 68783 802780 50570 833521 820301 186361 757768 677302 548695 350047 514673 476435 326861 652119 759073 168765 344639 314358 690289
 569274 409725 648002 661375 471125 234100 853886 474497 1 638135 211326 503586 630433 284512 273748 837236 306695 473307 922620 950387 323626 512907 606375 463287 390885 618984 387148 521607 677045 674625 780431 685875 444644 501932 543729 369060 550086 271675 611201 190093 504023 648309 196684 430092 527489 304484 277916 750855 455652 456020 946002 516912 538143 461656 916888 390418 454758 547747 891019 521003 124477 250310 727649 157275 359559 296866 313418 264668 160154 657445
 198588 240598 602692 775480 861580 457641 351927 771296 638135 1 452303 340517 859251 569746 605975 262130 409352 205459 452821 503653 419272 137269 864929 566142 290963 980491 285534 183119 65902 743901 287579 85167 213257 311882 678011 395415 201616 669614 149734 719873 221810 125069 455930 315908 145471 530789 750243 250475 759013 572065 641547 840075 211155 803406 400755 532816 595417 129233 551799 229836 644717 388073 542989 690815 307170 808133 654904 471822 646523 151322
 359633 212830 482925 548981 472146 40909 720853 422543 211326 452303 1 421744 562117 181921 358189 630299 101750 268548 711676 740487 124902 318486 549532 317106 270414 614644 180055 376874 500765 547493 645086 512945 291677 292094 424927 166910 340582 392655 460543 366097 372846 444238 146981 219229 368279 337074 316204 540615 404753 313590 749278 484012 405779 433138 705702 410133 322572 386521 688382 310448 192447 94362 539008 239364 236481 475619 260297 89735 197099 451030
 455705 328226 806061 930902 893547 454109 369630 840634 503586 340517 421744 1 970710 600683 336963 602296 458293 373676 787615 836076 483615 328237 962850 692510 158146 1036319 376078 161078 326424 915646 304618 320503 192852 508335 811543 493143 444311 401358 208201 493184 123754 444466 315714 459016 204219 256407 726691 581079 823509 693284 945490 904191 129512 854351 740229 218716 709992 214648 860462 447647 575157 327565 796609 624878 188849 550516 681871 496161 595502 469447
 668388 668781 324735 138710 217245 523974 1200413 156344 630433 859251 562117 970710 1 381939 887610 877496 512739 664507 802981 792729 488378 737693 38161 294366 812755 187514 613670 881012 924369 190090 1127941 942714 802056 548352 182648 487711 660619 899141 942921 816632 892476 771020 703720 550876 853878 888248 374820 765741 174989 289739 645877 135608 919671 181774 850660 967483 268277 865111 655501 629846 506069 650520 462408 483048 782085 915201 320760 477747 470289 756983
 421639 338031 367633 384405 300924 146634 875908 240773 284512 569746 181921 600683 381939 1 513937 688932 162971 365170 714964 731418 150482 433156 367940 180448 445584 437515 286290 536410 627846 392576 800453 643177 451883 312373 262750 180507 405733 534421 612326 473262 539323 524100 321811 265476 518908 507784 190350 583687 223191 172461 687395 303513 570292 254546 728752 585835 170252 534456 645278 370515 178464 273997 462989 192178 412722 581273 86725 107308 149871 521854
 625483 448386 840674 897470 743029 398420 705586 734608 273748 605975 358189 336963 887610 513937 1 854093 452520 519710 995316 1034504 479002 521627 867272 673149 315133 891431 460445 436278 619247 901119 641573 620297 393862 610086 774308 515015 607556 65591 517168 167795 402994 667314 218484 537302 463873 81158 550793 796445 715643 668697 1083706 783266 430465 728062 968199 142549 674851 483110 1012738 590816 392084 311484 886402 430442 303401 213961 566931 446039 425524 685678
 273114 430453 566302 763035 942250 620391 510268 833412 837236 262130 630299 602296 877496 688932 854093 1 554010 363985 218606 272858 551097 336244 894067 613491 541370 1033408 450692 444995 285221 719370 473293 298041 462145 377159 699074 511438 291453 915442 402683 950155 483732 191177 678292 428666 405654 782904 879281 112416 826304 622666 459854 898793 472790 875913 149762 792210 647124 390820 371325 324591 811924 593937 455226 850908 550701 1046479 762995 615259 803534 179795
 280943 175062 389756 478300 462648 72686 713853 389912 306695 409352 101750 458293 512739 162971 452520 554010 1 207554 617648 644000 27809 272158 506449 239662 300185 594591 124127 377061 465943 469807 638594 480892 294024 196180 356103 65181 262909 491124 450315 467804 383454 376315 235030 127855 357140 422073 341374 457086 374243 238732 647535 456686 412882 411842 616900 487597 253244 372146 587274 229431 258460 152029 438119 297031 270251 577368 249614 63421 249820 378430
 105975 71780 442490 593747 656248 264374 535909 568013 473307 205459 268548 373676 664507 365170 519710 363985 207554 1 476272 514797 214832 73331 667151 370177 240687 777149 88894 235953 266479 568763 463682 283343 181047 137742 486704 190084 87847 575331 281369 593517 260700 175766 321976 113904 199475 460248 548690 283987 555132 374887 583740 636757 278046 598728 455161 495267 397169 206245 504372 76689 456407 232260 422936 499329 231815 694908 449780 270905 453185 184200
 370300 548021 478302 672145 915415 690093 728868 798373 922620 452821 711676 787615 802981 714964 995316 218606 617648 476272 1 54253 605073 479792 827368 589426 697864 978387 547160 626568 490702 622500 690707 506052 621965 421470 642211 559806 388714 1051591 601625 1064563 664469 343978 795956 492541 583804 932466 897991 206908 796150 599997 259943 856251 660508 846470 77997 956630 622071 573102 183049 409941 868943 702689 341881 898987 698573 1168736 772520 669717 852014 320237
 409163 586204 469799 658893 916689 716683 783119 798703 950387 503653 740487 836076 792729 731418 1034504 272858 644000 514797 54253 1 629559 523490 818998 595801 741553 971838 581403 675015 543273 608264 744767 558917 666786 448533 638938 583943 426951 1089507 652931 1097820 712593 391661 831464 521495 631938 973601 910685 255129 797766 606512 215979 854018 709817 847725 129744 1000621 627548 621954 149641 445397 890822 737231 330496 918568 740678 1203270 784307 693270 872103 367103
 279058 190812 362518 451189 446523 90867 731256 369207 323626 419272 124902 483615 488378 150482 479002 551097 27809 214832 605073 629559 1 282820 483174 212334 325474 575495 137184 397411 477723 442178 656319 493316 315556 184639 329383 45680 261812 516511 468096 489663 405551 378024 262030 122434 375459 449600 335269 451198 354101 211681 625980 436669 434207 393408 607583 515398 226834 389640 567852 227287 265617 179838 414138 300889 296170 599564 235966 65415 253326 378190
 127470 105667 507854 664941 727289 321326 462744 640758 512907 137269 318486 328237 737693 433156 521627 336244 272158 73331 479792 523490 282820 1 740479 443334 218146 849797 148266 177148 195113 638493 390865 211294 144229 203227 559414 261720 116897 581381 210841 614245 207745 146230 343006 187235 136293 454562 612978 276134 627643 448143 617532 709460 218966 670711 447130 477152 470485 139069 533481 127285 510303 263584 475601 555515 219965 710315 518752 334554 510631 164105
 676996 667321 349458 171787 180444 512473 1202633 132686 606375 864929 549532 962850 38161 367940 867272 894067 506449 667151 827368 818998 483174 740479 1 298806 805364 155000 612052 878712 929560 222335 1129473 947610 798361 555838 195190 486076 668257 876490 943287 790849 888576 780838 688652 553250 853109 870976 344967 781903 151660 292966 677569 100580 916622 150383 872790 951404 270072 865096 684016 636538 481906 639773 488527 456298 774004 887781 300921 467545 446380 767891
 379681 378132 187688 239075 331025 276223 906068 219926 463287 566142 317106 692510 294366 180448 673149 613491 239662 370177 589426 595801 212334 443334 298806 1 534901 423417 323757 590619 630876 231168 833745 649023 514596 257868 119669 199933 370106 701418 649406 650092 604867 484620 463728 256704 561532 653822 323738 501478 213249 10765 520403 285992 630351 263342 618710 724070 33780 571995 489797 337915 358307 390176 295609 366020 507013 759149 198241 227675 327784 473415
 338081 182018 655152 773614 742000 299729 464793 684419 390885 290963 270414 158146 812755 445584 315133 541370 300185 240687 697864 741553 325474 218146 805364 534901 1 882672 223668 133769 309052 759596 390434 312870 79258 366025 653706 336117 322965 378655 223103 435573 113156 359036 194245 308991 151693 241615 583178 493224 667581 535470 824306 748841 147335 700004 662787 259087 551945 171872 743902 317374 440084 176531 657578 490207 34311 518600 528515 339806 455692 379919
 801501 765893 502063 325887 148680 582969 1306374 209211 618984 980491 614644 1036319 187514 437515 891431 1033408 594591 777149 978387 971838 575495 849797 155000 423417 882672 1 711282 971595 1043326 376915 1231658 1060455 887950 679483 338146 588598 790640 889209 1043525 788729 976292 907069 739792 664663 950946 908948 341074 920997 222278 415400 832480 140430 1006721 183128 1021004 993221 390899 965023 838435 757122 499820 708756 641711 461719 849467 874286 354462 544509 467827 896631
 182888 55280 431520 558750 583697 175858 595102 503645 387148 285534 180055 376078 613670 286290 460445 450692 124127 88894 547160 581403 137184 148266 612052 323757 223668 711282 1 267414 341845 540655 520531 356937 191270 151907 443339 126045 163629 511325 332706 517419 281265 264267 250397 86051 241256 410025 464721 364696 489255 326279 624969 571745 306681 529885 533341 457831 345980 254178 552347 137484 367609 155829 440545 410934 202995 621953 372543 186288 365090 271147
 302730 212549 678354 822894 837283 397873 343993 766531 521607 183119 376874 161078 881012 536410 436278 444995 377061 235953 626568 675015 397411 177148 878712 590619 133769 971595 267414 1 183569 801162 268252 184026 85413 373642 709939 393302 293735 501435 89740 567215 38742 283455 325875 338850 43660 357648 692959 420002 751154 593474 789182 833660 42179 788695 580151 351321 613384 54300 702828 303187 559913 289454 652640 609548 162426 645636 622571 429296 571333 308589
 264308 293148 668185 841364 922312 509681 286750 834126 677045 65902 500765 326424 924369 627846 619247 285221 465943 266479 490702 543273 477723 195113 929560 630876 309052 1043326 341845 183569 1 809777 224529 19622 237315 377529 743401 456392 267515 684155 119647 744244 219542 183911 488386 378772 157379 541091 805122 296480 821476 636606 693890 902901 199487 865203 431704 532549 659779 137214 603405 295440 692851 429379 605541 740120 331006 826905 713689 527432 696992 209011
 545747 592208 153070 51593 370492 506588 1094516 263853 674625 743901 547493 915646 190090 392576 901119 719370 469807 568763 622500 608264 442178 638493 222335 231168 759596 376915 540655 801162 809777 1 1025964 829051 731119 436248 131011 423844 542490 925835 849284 864508 819946 640277 694385 462524 767559 884522 469845 610581 274722 233968 455798 289709 842416 311278 675619 955237 226270 775008 467672 517167 557968 621066 280743 551419 733417 971090 369987 457789 523416 622126
 484386 465769 888293 1054590 1101111 665101 75801 1024161 780431 287579 645086 304618 1127941 800453 641573 473293 638594 463682 690707 744767 656319 390865 1129473 833745 390434 1231658 520531 268252 224529 1025964 1 205057 353431 589968 950272 644967 484904 705924 188293 795400 277733 408345 583889 577076 281555 560896 961062 511829 1009760 838205 911394 1092268 243490 1049717 622720 518175 860056 266680 820538 508804 827124 557200 829982 876960 423272 855089 887077 694128 839384 433132
 283716 307220 687687 860434 938548 523020 267158 851287 685875 85167 512945 320503 942714 643177 620297 298041 480892 283343 506052 558917 493316 211294 947610 649023 312870 1060455 356937 184026 19622 829051 205057 1 243639 396330 761949 472946 286677 685458 112351 748442 218423 203303 495587 396148 161966 541445 819171 313863 838474 654645 711958 920046 195858 881901 445655 529784 677718 141451 621381 314231 704659 439480 625093 752277 336346 829283 729227 541961 709580 228258
 269193 138995 615618 749994 752600 312503 429213 683930 444644 213257 291677 192852 802056 451883 393862 462145 294024 181047 621965 666786 315556 144229 798361 514596 79258 887950 191270 85413 237315 731119 353431 243639 1 315653 634257 315276 255866 456892 170272 508231 90456 281024 252133 269823 82890 320871 607648 416304 668232 516727 759061 750621 118865 704902 584870 334982 535662 103278 676348 255957 476349 205784 603925 525736 94430 594917 537813 344634 486792 302672
 122038 184012 305216 464954 573470 268688 659415 472126 501932 311882 292094 508335 548352 312373 610086 377159 196180 137742 421470 448533 184639 203227 555838 257868 366025 679483 151907 373642 377529 436248 589968 396330 315653 1 366457 140385 112424 658502 413905 653374 398110 227659 395621 74592 336358 561777 502586 271406 462206 264920 473800 540182 415760 509916 423160 609018 289123 341593 403766 82100 450123 300227 291628 483770 350124 760935 386057 249923 436249 218800
 485920 497558 175075 124058 283031 384287 1021854 165067 543729 678011 424927 811543 182648 262750 774308 699074 356103 486704 642211 638938 329383 559414 195190 119669 653706 338146 443339 709939 743401 131011 950272 761949 634257 366457 1 319516 478495 796980 767191 733684 724508 588372 571729 374182 680231 761467 346745 586836 169230 118262 523528 215174 749835 215620 682981 834831 103282 690210 513498 448265 427053 504110 312832 421706 625261 840105 240203 335486 392637 574430
 241579 181279 331675 437765 466180 135546 719016 379943 369060 395415 166910 493143 487711 180507 515015 511438 65181 190084 559806 583943 45680 261720 486076 199933 336117 588598 126045 393302 456392 423844 644967 472946 315276 140385 319516 1 225345 555209 457773 532890 405699 343596 296705 84970 367053 480824 369743 409411 366326 201588 582421 448462 432142 408992 563536 542540 220437 379376 522953 190194 309913 208494 373425 343530 309576 642515 262049 109957 295979 341646
 19260 159410 403498 573897 680821 329014 552228 582527 550086 201616 340582 444311 660619 405733 607556 291453 262909 87847 388714 426951 261812 116897 668257 370106 322965 790640 163629 293735 267515 542490 484904 286677 255866 112424 478495 225345 1 663024 317347 678543 324608 119227 408038 140509 252019 547623 595020 201075 571904 376948 503202 650902 335297 618748 370284 580246 401004 252280 421190 35285 520489 316285 360108 559940 317226 781125 485332 324870 512700 116469
 681305 503621 874823 918725 742022 431423 769083 744066 271675 669614 392655 401358 899141 534421 65591 915442 491124 575331 1051591 1089507 516511 581381 876490 701418 378655 889209 511325 501435 684155 925835 705924 685458 456892 658502 796980 555209 663024 1 582708 123016 468421 727474 262994 584698 528333 146558 548454 854817 725123 696134 1130738 788391 496035 733102 1026777 198187 700178 547732 1062183 644509 395331 358281 928453 428065 365106 149166 579116 477195 430423 745094
 321216 277742 717709 875087 912879 478510 263590 836306 611201 149734 460543 208201 942921 612326 517168 402683 450315 281369 601625 652931 468096 210841 943287 649406 223103 1043525 332706 89740 119647 849284 188293 112351 170272 413905 767191 457773 317347 582708 1 653948 115258 271454 415606 393019 93518 437008 775507 400208 821751 653368 788742 904289 86977 861468 546671 419680 674678 78539 699611 335644 646604 376056 675225 695934 252165 728901 698991 506241 656578 297964
 697613 522877 832279 851434 644223 399218 862613 660297 190093 719873 366097 493184 816632 473262 167795 950155 467804 593517 1064563 1097820 489663 614245 790849 650092 435573 788729 517419 567215 744244 864508 795400 748442 508231 653374 733684 532890 678543 123016 653948 1 538840 759140 272238 578891 586938 240387 451864 877495 641659 643331 1115310 697980 569832 643234 1048497 310342 643348 607279 1053877 654803 311847 362326 902655 334841 413827 110250 502643 438723 347729 773401
 334805 227969 701242 839698 839380 397252 352542 773263 504023 221810 372846 123754 892476 539323 402994 483732 383454 260700 664469 712593 405551 207745 888576 604867 113156 976292 281265 38742 219542 819946 277733 218423 90456 398110 724508 405699 324608 468421 115258 538840 1 320932 307357 357683 80676 323451 688679 457741 757348 607091 823311 839602 34259 793168 618669 313633 626104 93016 737636 331308 550281 281874 681380 600273 145556 613988 624634 432038 563966 345775
 105936 239765 493566 675889 799580 438226 468098 699754 648309 125069 444238 444466 771020 524100 667314 191177 376315 175766 343978 391661 378024 146230 780838 484620 359036 907069 264267 283455 183911 640277 408345 203303 281024 227659 588372 343596 119227 727474 271454 759140 320932 1 487163 258632 240285 598770 712684 137071 689640 492067 517402 767841 319207 736962 303853 615773 516418 230850 428157 154429 630610 403135 422389 672198 364557 856260 604392 439331 625442 26514
 426928 250891 624523 695785 592885 187846 657600 558607 196684 455930 146981 315714 703720 321811 218484 678292 235030 321976 795956 831464 262030 343006 688652 463728 194245 739792 250397 325875 488386 694385 583889 495587 252133 395621 571729 296705 408038 262994 415606 272238 307357 487163 1 321711 334797 190138 415567 605745 540162 460434 867826 616062 341462 562822 777132 264383 469532 355296 799375 386277 260101 95466 668027 309503 163465 373091 391115 236709 282736 501171
 157124 131111 347109 484318 547214 198839 649647 455453 430092 315908 219229 459016 550876 265476 537302 428666 127855 113904 492541 521495 122434 187235 553250 256704 308991 664663 86051 338850 378772 462524 577076 396148 269823 74592 374182 84970 140509 584698 393019 578891 357683 258632 321711 1 306804 491485 454517 329562 443109 261159 546487 524235 379934 487801 489323 542504 283296 316138 477969 105493 385924 226504 355637 422893 289027 686355 346388 186985 375385 256928
 260293 186006 641560 790973 819566 385262 357017 744238 527489 145471 368279 204219 853878 518908 463873 405654 357140 199475 583804 631938 375459 136293 853109 561532 151693 950946 241256 43660 157379 767559 281555 161966 82890 336358 680231 367053 252019 528333 93518 586938 80676 240285 334797 306804 1 387120 682517 377065 729441 564972 745726 812008 83582 768637 538592 387422 585669 20565 659241 263343 556123 286305 611714 605090 174392 669950 605550 412734 564890 265233
 564821 390472 811588 885491 760361 377962 625630 739236 304484 530789 337074 256407 888248 507784 81158 782904 422073 460248 932466 973601 449600 454562 870976 653822 241615 908948 410025 357648 541091 884522 560896 541445 320871 561777 761467 480824 547623 146558 437008 240387 323451 598770 190138 491485 387120 1 572308 730634 720453 650570 1034860 792771 350145 738235 901616 86000 659526 405892 960505 534039 411072 272413 845713 454737 234599 295096 570484 426808 441436 618414
 611308 512012 500998 441326 193592 297618 1036853 221968 277916 750243 316204 726691 374820 190350 550793 879281 341374 548690 897991 910685 335269 612978 344967 323738 583178 341074 464721 692959 805122 469845 961062 819171 607648 502586 346745 369743 595020 548454 775507 451864 688679 712684 415567 454517 682517 572308 1 773737 205266 313174 843584 248051 721829 194727 915893 657637 297530 699996 812654 559920 161247 407336 619223 120646 548877 544515 126808 278461 133164 711382
 181821 354875 457662 653167 830866 526329 561281 721355 750855 250475 540615 581079 765741 583687 796445 112416 457086 283987 206908 255129 451198 276134 781903 501478 493224 920997 364696 420002 296480 610581 511829 313863 416304 271406 586836 409411 201075 854817 400208 877495 457741 137071 605745 329562 377065 730634 773737 1 714482 510752 399567 786536 454711 764227 171996 751277 535159 366833 308718 230196 715446 515970 354430 752086 496060 978303 655233 516305 704523 113713
 583729 544023 343024 240014 119276 369746 1084342 18975 455652 759013 404753 823509 174989 223191 715643 826304 374243 555132 796150 797766 354101 627643 151660 213249 667581 222278 489255 751154 821476 274722 1009760 838474 668232 462206 169230 366326 571904 725123 821751 641659 757348 689640 540162 443109 729441 720453 205266 714482 1 203766 692362 82571 787097 50464 829688 801631 179479 743220 678662 537805 331218 497183 477904 308522 635134 740729 149971 327781 295503 680759
 386882 380926 196607 239569 321180 272682 910777 210900 456020 572065 313590 693284 289739 172461 668697 622666 238732 374887 599997 606512 211681 448143 292966 10765 535470 415400 326279 593474 636606 233968 838205 654645 516727 264920 118262 201588 376948 696134 653368 643331 607091 492067 460434 261159 564972 650570 313174 510752 203766 1 530800 277427 632959 253717 628965 721560 24596 575749 500514 344425 349843 388405 306100 356718 507175 752188 187864 223944 318967 481242
 490326 648126 349611 507203 805898 716790 959403 688529 946002 641547 749278 945490 645877 687395 1083706 459854 647535 583740 259943 215979 625980 617532 677569 520403 824306 832480 624969 789182 693890 455798 911394 711958 759061 473800 523528 582421 503202 1130738 788742 1115310 823311 517402 867826 546487 745726 1034860 843584 399567 692362 530800 1 732617 828705 739098 337118 1077617 546173 740846 90869 507094 862461 772895 225202 879440 814678 1224889 718642 681444 836807 490893
 662101 626553 388527 244888 83586 450098 1166803 68783 516912 840075 484012 904191 135608 303513 783266 898793 456686 636757 856251 854018 436669 709460 100580 285992 748841 140430 571745 833660 902901 289709 1092268 920046 750621 540182 215174 448462 650902 788391 904289 697980 839602 767841 616062 524235 812008 792771 248051 786536 82571 277427 732617 1 869484 55307 894234 875231 252832 825756 727780 617188 393127 577199 527534 363273 716155 792461 225166 409228 358432 758006
 343845 252293 720367 863587 870755 429292 318370 802780 538143 211155 405779 129512 919671 570292 430465 472790 412882 278046 660508 709817 434207 218966 916622 630351 147335 1006721 306681 42179 199487 842416 243490 195858 118865 415760 749835 432142 335297 496035 86977 569832 34259 319207 341462 379934 83582 350145 721829 454711 787097 632959 828705 869484 1 823644 611431 333956 652509 88556 741797 345277 584281 315434 694553 634243 179813 642665 655951 462989 597665 344871
 631028 584141 390468 271719 68988 400466 1124657 50570 461656 803406 433138 854351 181774 254546 728062 875913 411842 598728 846470 847725 393408 670711 150383 263342 700004 183128 529885 788695 865203 311278 1049717 881901 704902 509916 215620 408992 618748 733102 861468 643234 793168 736962 562822 487801 768637 738235 194727 764227 50464 253717 739098 55307 823644 1 880149 820993 229563 783038 727433 584368 337824 526892 526577 308420 666961 738499 173037 361413 303131 728672
 351107 526419 526882 723878 948692 688121 657445 833521 916888 400755 705702 740229 850660 728752 968199 149762 616900 455161 77997 129744 607583 447130 872790 618710 662787 1021004 533341 580151 431704 675619 622720 445655 584870 423160 682981 563536 370284 1026777 546671 1048497 618669 303853 777132 489323 538592 901616 915893 171996 829688 628965 337118 894234 611431 880149 1 919469 652141 525973 256947 396583 873192 686449 395923 906637 667038 1149946 792575 672965 859181 283222
 596069 429510 874169 958836 844763 450590 577333 820301 390418 532816 410133 218716 967483 585835 142549 792210 487597 495267 956630 1000621 515398 477152 951404 724070 259087 993221 457831 351321 532549 955237 518175 529784 334982 609018 834831 542540 580246 198187 419680 310342 313633 615773 264383 542504 387422 86000 657637 751277 801631 721560 1077617 875231 333956 820993 919469 1 732066 403939 999587 571369 496396 335607 898108 540500 263453 344116 651774 499349 526234 637653
 411130 400917 206075 226900 297291 281784 932895 186361 454758 595417 322572 709992 268277 170252 674851 647124 253244 397169 622071 627548 226834 470485 270072 33780 551945 390899 345980 613384 659779 226270 860056 677718 535662 289123 103282 220437 401004 700178 674678 643348 626104 516418 469532 283296 585669 659526 297530 535159 179479 24596 546173 252832 652509 229563 652141 732066 1 596835 518827 368280 344798 400831 322396 348301 522987 751519 174297 232911 312680 505732
 259131 199206 646643 799527 834787 402496 341742 757768 547747 129233 386521 214648 865111 534456 483110 390820 372146 206245 573102 621954 389640 139069 865096 571995 171872 965023 254178 54300 137214 775008 266680 141451 103278 341593 690210 379376 252280 547732 78539 607279 93016 230850 355296 316138 20565 405892 699996 366833 743220 575749 740846 825756 88556 783038 525973 403939 596835 1 653603 266218 575119 305713 612384 623934 194935 689813 621163 428758 583369 256396
 407163 571101 339282 519006 795795 658472 868646 677302 891019 551799 688382 860462 655501 645278 1012738 371325 587274 504372 183049 149641 567852 533481 684016 489797 743902 838435 552347 702828 603405 467672 820538 621381 676348 403766 513498 522953 421190 1062183 699611 1053877 737636 428157 799375 477969 659241 960505 812654 308718 678662 500514 90869 727780 741797 727433 256947 999587 518827 653603 1 428256 815690 703953 200867 836993 736150 1162560 686075 626908 792539 401648
 51774 143571 382117 546773 646098 296868 577708 548695 521003 229836 310448 447647 629846 370515 590816 324591 229431 76689 409941 445397 227287 127285 636538 337915 317374 757122 137484 303187 295440 517167 508804 314231 255957 82100 448265 190194 35285 644509 335644 654803 331308 154429 386277 105493 263343 534039 559920 230196 537805 344425 507094 617188 345277 584368 396583 571369 368280 266218 428256 1 487586 292751 350074 526332 307987 758822 450054 290845 478987 151464
 538840 404804 545859 541567 351217 192386 902447 350047 124477 644717 192447 575157 506069 178464 392084 811924 258460 456407 868943 890822 265617 510303 481906 358307 440084 499820 367609 559913 692851 557968 827124 704659 476349 450123 427053 309913 520489 395331 646604 311847 550281 630610 260101 385924 556123 411072 161247 715446 331218 349843 862461 393127 584281 337824 873192 496396 344798 575119 815690 487586 1 270602 639234 50142 406065 414873 191190 200228 35903 634844
 335397 163487 539807 627461 566507 127548 632735 514673 250310 388073 94362 327565 650520 273997 311484 593937 152029 232260 702689 737231 179838 263584 639773 390176 176531 708756 155829 289454 429379 621066 557200 439480 205784 300227 504110 208494 316285 358281 376056 362326 281874 403135 95466 226504 286305 272413 407336 515970 497183 388405 772895 577199 315434 526892 686449 335607 400831 305713 703953 292751 270602 1 575653 320120 142414 466163 354308 172791 282310 414920
 354239 475603 139844 330270 594930 503689 890435 476435 727649 542989 539008 796609 462408 462989 886402 455226 438119 422936 341881 330496 414138 475601 488527 295609 657578 641711 440545 652640 605541 280743 829982 625093 603925 291628 312832 373425 360108 928453 675225 902655 681380 422389 668027 355637 611714 845713 619223 354430 477904 306100 225202 527534 694553 526577 395923 898108 322396 612384 200867 350074 639234 575653 1 654780 641513 1012818 493790 464694 612702 398798
 577930 450386 553203 530661 314023 235078 952332 326861 157275 690815 239364 624878 483048 192178 430442 850908 297031 499329 898987 918568 300889 555515 456298 366020 490207 461719 410934 609548 740120 551419 876960 752277 525736 483770 421706 343530 559940 428065 695934 334841 600273 672198 309503 422893 605090 454737 120646 752086 308522 356718 879440 363273 634243 308420 906637 540500 348301 623934 836993 526332 50142 320120 654780 1 456172 432215 181526 235908 47576 675273
 333495 167344 632950 746025 708338 266518 497928 652119 359559 307170 236481 188849 782085 412722 303401 550701 270251 231815 698573 740678 296170 219965 774004 507013 34311 849467 202995 162426 331006 733417 423272 336346 94430 350124 625261 309576 317226 365106 252165 413827 145556 364557 163465 289027 174392 234599 548877 496060 635134 507175 814678 716155 179813 666961 667038 263453 522987 194935 736150 307987 406065 142414 641513 456172 1 501082 495154 307508 421434 383861
 800018 623528 942062 956318 733457 509266 918057 759073 296866 808133 475619 550516 915201 581273 213961 1046479 577368 694908 1168736 1203270 599564 710315 887781 759149 518600 874286 621953 645636 826905 971090 855089 829283 594917 760935 840105 642515 781125 149166 728901 110250 613988 856260 373091 686355 669950 295096 544515 978303 740729 752188 1224889 792461 642665 738499 1149946 344116 751519 689813 1162560 758822 414873 466163 1012818 432215 501082 1 606012 548972 450429 871889
 500337 424645 380101 350909 214807 228828 962563 168765 313418 654904 260297 681871 320760 86725 566931 762995 249614 449780 772520 784307 235966 518752 300921 198241 528515 354462 372543 622571 713689 369987 887077 729227 537813 386057 240203 262049 485332 579116 698991 502643 624634 604392 391115 346388 605550 570484 126808 655233 149971 187864 718642 225166 655951 173037 792575 651774 174297 621163 686075 450054 191190 354308 493790 181526 495154 606012 1 193284 155590 600519
 342563 234941 397917 459509 407999 48879 769707 344639 264668 471822 89735 496161 477747 107308 446039 615259 63421 270905 669717 693270 65415 334554 467545 227675 339806 544509 186288 429296 527432 457789 694128 541961 344634 249923 335486 109957 324870 477195 506241 438723 432038 439331 236709 186985 412734 426808 278461 516305 327781 223944 681444 409228 462989 361413 672965 499349 232911 428758 626908 290845 200228 172791 464694 235908 307508 548972 193284 1 188406 440848
 530622 405929 515467 506267 319152 189457 914979 314358 160154 646523 197099 595502 470289 149871 425524 803534 249820 453185 852014 872103 253326 510631 446380 327784 455692 467827 365090 571333 696992 523416 839384 709580 486792 436249 392637 295979 512700 430423 656578 347729 563966 625442 282736 375385 564890 441436 133164 704523 295503 318967 836807 358432 597665 303131 859181 526234 312680 583369 792539 478987 35903 282310 612702 47576 421434 450429 155590 188406 1 628198
 100265 251547 474025 658862 792216 442668 491756 690289 657445 151322 451030 469447 756983 521854 685678 179795 378430 184200 320237 367103 378190 164105 767891 473415 379919 896631 271147 308589 209011 622126 433132 228258 302672 218800 574430 341646 116469 745094 297964 773401 345775 26514 501171 256928 265233 618414 711382 113713 680759 481242 490893 758006 344871 728672 283222 637653 505732 256396 401648 151464 634844 414920 398798 675273 383861 871889 600519 440848 628198 1
LAMBDA_SECTION
1 384
2 611
3 481
4 5
5 408
6 598
7 5
8 471
9 227
10 264
11 712
12 337
13 140
14 438
15 180
16 423
17 115
18 804
19 994
20 721
21 190
22 769
23 725
24 34
25 541
26 658
27 670
28 539
29 91
30 930
31 462
32 361
33 797
34 268
35 717
36 194
37 460
38 878
39 995
40 795
41 709
42 820
43 227
44 688
45 407
46 269
47 620
48 893
49 183
50 679
51 402
52 660
53 343
54 895
55 486
56 564
57 959
58 79
59 53
60 854
61 536
62 646
63 714
64 440
65 163
66 748
67 489
68 889
69 532
70 17
