NAME : domp40p10v6
COMMENT : Cherkesly, Contardo & Gruson 2022
TYPE : DOMP
DIMENSION : 40
DISPLAY_DATA_TYPE : NO_DISPLAY
OPEN_FACILITIES : 10
COST_SECTION
 1 705973 933063 1035468 1068054 1151410 724951 561702 508818 400482 781576 861643 775632 707528 524821 844604 637447 1005203 771147 1140350 648091 1019050 669085 376822 733732 934874 1265206 1021399 175748 1066359 522935 857120 709196 995998 794298 641151 962091 990989 233555 149421
 705973 1 599985 406468 773737 643234 887865 533568 246259 307214 160078 215050 170642 730234 279884 389380 687166 491967 620489 634999 252806 325609 725543 362572 759251 695695 773393 482122 622642 540544 610415 447906 197468 303176 315640 221087 835756 343611 689986 596238
 933063 599985 1 421541 174623 285573 557816 385284 757276 699290 749578 456098 763554 385645 474040 216189 410334 234169 213621 275542 383994 576100 417412 604646 392848 125201 358923 273203 764845 264685 460562 153626 405315 566809 285518 414541 293044 450042 758179 783709
 1035468 406468 421541 1 551922 287240 928848 634612 647965 671410 489509 192978 506620 747525 513477 264682 741326 194426 578043 283374 393811 179020 765491 658727 765716 546717 406253 158303 906114 201030 729124 309725 326273 180750 267697 395419 714526 66890 942714 899182
 1068054 773737 174623 551922 1 329886 574008 506917 929885 865913 921417 619639 935740 432835 640447 386583 480859 357759 300841 324076 557060 720906 472741 762638 426904 135169 337604 393821 894797 361920 563277 325974 579807 714842 458403 588150 226657 592829 873997 920291
 1151410 643234 285573 287240 329886 1 842540 642883 860997 845902 756711 437091 773368 671153 640059 309980 692692 156828 497597 11210 520724 465552 702191 788542 678204 388314 130257 161128 995478 102694 728337 295634 492541 467978 373108 539724 541494 348440 1005687 1003930
 724951 887865 557816 928848 574008 842540 1 354493 891720 766169 1043439 869111 1050285 181350 617283 665244 202234 772625 355335 832811 645316 1036490 168011 626268 166233 462518 896393 809275 565093 815825 289765 620617 724237 1019383 684764 672678 363345 931033 491398 614592
 561702 533568 385284 634612 506917 642883 354493 1 555484 443517 688995 535904 696010 212377 264878 377347 156429 523557 209972 631750 296421 710288 197007 308825 243904 373215 738478 552521 387890 580053 94527 357567 378914 690932 369277 321299 418769 620689 373109 415178
 508818 246259 757276 647965 929885 860997 891720 555484 1 136914 275082 454988 267767 767860 305424 572277 708467 704753 710186 851674 373304 569251 749878 269294 799372 826989 990540 702608 476133 759554 602241 619016 371470 547323 498435 343470 937914 587332 562311 434569
 400482 307214 699290 671410 865913 845902 766169 443517 136914 1 387873 484151 384312 654124 225557 540731 590892 689713 618700 835704 328495 627640 632265 139952 685761 751776 972001 695192 343735 748628 478850 576481 357801 604706 472935 306442 845564 618129 427223 306110
 781576 160078 749578 489509 921417 756711 1043439 688995 275082 387873 1 320735 17152 888900 428649 534837 843926 614912 780349 749811 412871 354345 882894 481726 918216 850552 884652 597881 728333 655729 761781 596089 354316 336914 464146 381013 994064 422625 805593 693565
 861643 215050 456098 192978 619639 437091 869111 535904 454988 484151 320735 1 337125 693250 353926 243046 669311 294587 545315 429821 250455 176398 701109 488520 717391 571053 566097 277329 746002 335419 627586 306364 167703 155785 191379 239233 730154 134382 794193 732411
 775632 170642 763554 506620 935740 773368 1050285 696010 267767 384312 17152 337125 1 897273 434352 549213 851347 631097 791095 766419 422964 371128 890560 482202 926781 863546 901421 614364 726109 672274 767458 610176 366480 353834 478045 390799 1005937 439738 804570 690363
 707528 730234 385645 747525 432835 671153 181350 212377 767860 654124 888900 693250 897273 1 473649 484152 70931 593024 176237 661017 480734 857981 42036 516962 31641 306422 735670 629202 533523 638073 191907 439347 555502 841438 506291 510417 262654 750536 484671 573940
 524821 279884 474040 513477 640447 640059 617283 264878 305424 225557 428649 353926 434352 473649 1 330149 421304 487643 404815 629359 123523 525998 461708 150113 504519 528310 761837 500056 394014 548473 333154 357418 189587 503711 271820 118277 632626 474437 440553 385779
 844604 389380 216189 264682 386583 309980 665244 377347 572277 540731 534837 243046 549213 484152 330149 1 476690 160764 319052 299239 212636 383437 500988 478626 503663 328043 432473 181237 694260 221858 471069 63515 203006 370088 75170 235080 487994 267795 714464 698629
 637447 687166 410334 741326 480859 692692 202234 156429 708467 590892 843926 669311 851347 70931 421304 476690 1 600243 196968 682129 443112 838995 41452 452387 100268 348964 767318 634497 463058 649688 121431 439337 522126 821204 488374 470708 328269 738018 416661 503080
 1005203 491967 234169 194426 357759 156828 772625 523557 704753 689713 614912 294587 631097 593024 487643 160764 600243 1 417330 147130 366464 364932 617528 637208 606552 358534 285796 39039 854706 61162 614579 166100 335717 360785 217684 384006 525951 237259 872580 859388
 771147 620489 213621 578043 300841 497597 355335 209972 710186 618700 780349 545315 791095 176237 404815 319052 196968 417330 1 487225 368855 700710 204711 496407 189487 165739 570467 453952 596551 461838 262927 268321 429459 685957 354049 401691 227888 586785 573158 625114
 1140350 634999 275542 283374 324076 11210 832811 631750 851674 835704 749811 429821 766419 661017 629359 299239 682129 147130 487225 1 510229 462073 691864 777741 668299 379585 139035 153131 984311 94651 717301 284462 482804 463977 362832 529447 533900 343652 994478 992831
 648091 252806 383994 393811 557060 520724 645316 296421 373304 328495 412871 250455 422964 480734 123523 212636 443112 366464 368855 510229 1 426751 479558 273464 508905 460220 644914 377255 512441 426894 383722 249503 84401 405695 149226 33201 588653 359752 550781 507567
 1019050 325609 576100 179020 720906 465552 1036490 710288 569251 627640 354345 176398 371128 857981 525998 383437 838995 364932 700710 462073 426751 1 868940 652938 880332 699127 580806 332369 913841 379374 802738 441727 343427 23053 351791 414130 864881 128080 966395 896479
 669085 725543 417412 765491 472741 702191 168011 197007 749878 632265 882894 701109 890560 42036 461708 500988 41452 617528 204711 691864 479558 868940 1 493641 64647 344492 770734 652839 495900 664711 160208 459924 557261 851652 517392 507873 304458 765078 444486 537631
 376822 362572 604646 658727 762638 788542 626268 308825 269294 139952 481726 488520 482202 516962 150113 478626 452387 637208 496407 777741 273464 652938 493641 1 548544 640669 908640 650139 262432 698156 339039 501252 332475 630046 421913 264504 720034 615486 327704 244020
 733732 759251 392848 765716 426904 678204 166233 243904 799372 685761 918216 717391 926781 31641 504519 503663 100268 606552 189487 668299 508905 880332 64647 548544 1 305112 737633 643367 560467 649619 221698 456457 582501 864208 529113 538986 244206 770933 508751 601865
 934874 695695 125201 546717 135169 388314 462518 373215 826989 751776 850552 571053 863546 306422 528310 328043 348964 358534 165739 379585 460220 699127 344492 640669 305112 1 433911 397553 760979 384506 428131 264699 498251 688997 389731 492908 167846 573970 738883 787763
 1265206 773393 358923 406253 337604 130257 896393 738478 990540 972001 884652 566097 901421 735670 761837 432473 767318 285796 570467 139035 644914 580806 770734 908640 737633 433911 1 291278 1104711 232917 818205 408863 621040 585768 499247 665562 563800 470484 1108121 1116599
 1021399 482122 273203 158303 393821 161128 809275 552521 702608 695192 597881 277329 614364 629202 500056 181237 634497 39039 453952 153131 377255 332369 652839 650139 643367 397553 291278 1 874367 58491 644576 196932 338160 329707 228240 391900 564921 205935 895697 876912
 175748 622642 764845 906114 894797 995478 565093 387890 476133 343735 728333 746002 726109 533523 394014 694260 463058 854706 596551 984311 512441 913841 495900 262432 560467 760979 1104711 874367 1 915511 347359 699853 583586 891063 651661 512139 786550 868451 94645 54064
 1066359 540544 264685 201030 361920 102694 815825 580053 759554 748628 655729 335419 672274 638073 548473 221858 649688 61162 461838 94651 426894 379374 664711 698156 649619 384506 232917 58491 915511 1 669937 222866 392940 378872 277815 443624 549107 256084 932369 920482
 522935 610415 460562 729124 563277 728337 289765 94527 602241 478850 761781 627586 767458 191907 333154 471069 121431 614579 262927 717301 383722 802738 160208 339039 221698 428131 818205 644576 347359 669937 1 448504 467504 783045 463691 405981 439192 714915 312097 384533
 857120 447906 153626 309725 325974 295634 620617 357567 619016 576481 596089 306364 610176 439347 357418 63515 439337 166100 268321 284462 249503 441727 459924 501252 456457 264699 408863 196932 699853 222866 448504 1 256093 429507 132430 276489 425833 321851 711656 709048
 709196 197468 405315 326273 579807 492541 724237 378914 371470 357801 354316 167703 366480 555502 189587 203006 522126 335717 429459 482804 84401 343427 557261 332475 582501 498251 621040 338160 583586 392940 467504 256093 1 322069 128031 72140 639797 284892 627921 573894
 995998 303176 566809 180750 714842 467978 1019383 690932 547323 604706 336914 155785 353834 841438 503711 370088 821204 360785 685957 463977 405695 23053 851652 630046 864208 688997 585768 329707 891063 378872 783045 429507 322069 1 335171 392432 853991 123795 943998 873535
 794298 315640 285518 267697 458403 373108 684764 369277 498435 472935 464146 191379 478045 506291 271820 75170 488374 217684 354049 362832 149226 351791 517392 421913 529113 389731 499247 228240 651661 277815 463691 132430 128031 335171 1 166618 543138 251850 680492 651203
 641151 221087 414541 395419 588150 539724 672678 321299 343470 306442 381013 239233 390799 510417 118277 235080 470708 384006 401691 529447 33201 414130 507873 264504 538986 492908 665562 391900 512139 443624 405981 276489 72140 392432 166618 1 621844 356414 555785 503771
 962091 835756 293044 714526 226657 541494 363345 418769 937914 845564 994064 730154 1005937 262654 632626 487994 328269 525951 227888 533900 588653 864881 304458 720034 244206 167846 563800 564921 786550 549107 439192 425833 639797 853991 543138 621844 1 740668 744816 822519
 990989 343611 450042 66890 592829 348440 931033 620689 587332 618129 422625 134382 439738 750536 474437 267795 738018 237259 586785 343652 359752 128080 765078 615486 770933 573970 470484 205935 868451 256084 714915 321851 284892 123795 251850 356414 740668 1 910463 858246
 233555 689986 758179 942714 873997 1005687 491398 373109 562311 427223 805593 794193 804570 484671 440553 714464 416661 872580 573158 994478 550781 966395 444486 327704 508751 738883 1108121 895697 94645 932369 312097 711656 627921 943998 680492 555785 744816 910463 1 148081
 149421 596238 783709 899182 920291 1003930 614592 415178 434569 306110 693565 732411 690363 573940 385779 698629 503080 859388 625114 992831 507567 896479 537631 244020 601865 787763 1116599 876912 54064 920482 384533 709048 573894 873535 651203 503771 822519 858246 148081 1
LAMBDA_SECTION
1 714
2 161
3 655
4 306
5 880
6 413
7 227
8 259
9 747
10 946
11 219
12 14
13 133
14 695
15 928
16 292
17 495
18 488
19 645
20 661
21 933
22 371
23 27
24 11
25 567
26 742
27 183
28 279
29 890
30 465
31 969
32 652
33 823
34 609
35 79
36 941
37 991
38 77
39 276
40 917
