NAME : domp50p12v6
COMMENT : Cherkesly, Contardo & Gruson 2022
TYPE : DOMP
DIMENSION : 50
DISPLAY_DATA_TYPE : NO_DISPLAY
OPEN_FACILITIES : 12
COST_SECTION
 1 621300 142632 104241 53331 847609 197090 878821 795928 512719 946294 705880 655322 846205 574292 730687 523302 241526 348337 569685 210290 637150 543699 578529 728313 411696 926375 370831 836877 138082 888367 947240 81830 362074 882563 392219 1118343 791833 347896 714484 907973 683087 450305 389174 754041 784962 766425 780892 624674 1121569
 621300 1 478672 689299 604651 939575 683488 1086739 1014015 699480 955512 751919 584909 1083988 263931 1104932 723155 808797 416527 67940 597269 87855 254794 937405 698288 493715 740149 514564 650622 527541 802256 928555 686855 784239 1235743 301269 895643 1065501 424031 1114767 931515 263258 520781 570215 609251 1035705 695447 527911 846740 990421
 142632 478672 1 221409 133945 828481 261805 892334 808940 495651 910811 666480 583223 866951 448744 788715 511684 355704 254231 427490 217534 496091 417100 624723 671683 343031 846936 312883 753198 100675 828297 905165 212356 416259 938544 266093 1038178 820959 256583 780449 874356 553757 386696 349880 673728 807006 702929 681576 629137 1060306
 104241 689299 221409 1 156090 783654 114769 796822 715024 455482 891289 657428 632221 761111 604718 632247 462168 138718 359462 632407 170332 694130 576281 485574 691538 397153 903922 351614 819351 165306 851234 896580 31615 270791 784014 430008 1094342 703521 356794 613970 852234 716353 429228 354618 735223 699870 733973 778428 551012 1082631
 53331 604651 133945 156090 1 892957 249704 929306 846227 557220 988418 746446 686507 897451 580977 784008 568911 291115 369147 557084 254965 627615 549593 631402 764476 442209 955884 403996 864653 165484 924008 987813 130619 414955 935881 397960 1147916 843802 369762 767771 950442 687121 482787 427584 782803 836260 800718 802233 673414 1157291
 847609 939575 828481 783654 892957 1 669113 202877 188259 335990 137342 188105 358166 237599 677368 443032 324308 742158 613607 877636 638067 868652 684865 403964 250749 507417 392716 522636 400032 739537 254402 169945 813976 540360 469831 700579 497563 280096 607277 487836 104015 723968 464337 479030 376401 239524 275516 500533 243768 388694
 197090 683488 261805 114769 249704 669113 1 684687 602376 343153 778208 547061 535905 650506 556266 537219 348668 136495 303970 621007 93510 673704 531074 381784 586321 314141 805466 267213 724730 169508 744903 784694 145705 165438 688826 397647 994016 595059 299241 524330 739032 667996 339223 257250 640547 589219 630780 695472 436445 974711
 878821 1086739 892334 796822 929306 202877 684687 1 83494 409447 315415 352737 527857 53160 832360 293217 388875 721815 716853 1021423 681244 1023667 834195 332597 433972 614303 595577 615004 599392 794742 457132 357144 828418 528718 276968 819497 690013 122737 709574 341334 294351 894198 576988 561763 566725 103176 468029 691915 264142 562244
 795928 1014015 808940 715024 846227 188259 602376 83494 1 328741 320467 297732 468497 70730 763316 258186 307529 643863 636950 948007 597772 953596 763316 260842 384554 535652 570404 534325 561374 711262 435166 357052 746588 448289 286836 741518 685698 91962 629581 304639 291150 830751 499699 480389 519080 51397 424430 643436 181487 573196
 512719 699480 495651 455482 557220 335990 343153 409447 328741 1 435968 205956 255149 394964 465986 417902 23779 439484 308387 632058 302611 648092 458880 264521 260698 209455 494768 205628 431451 404189 411402 441542 484602 251791 538208 415444 673273 367667 300966 437959 397057 553483 178710 152719 353675 341183 310637 449632 150072 635894
 946294 955512 910811 891289 988418 137342 778208 315415 320467 435968 1 244337 375013 359403 691985 577953 429588 862294 677503 898386 736157 877615 705477 539680 261825 574030 309102 598337 347405 828738 177890 44594 920554 661941 591618 749065 375083 410778 672125 623494 39451 717878 529465 563175 353758 371753 260318 466398 371457 252788
 705880 751919 666480 657428 746446 188105 547061 352737 297732 205956 244337 1 175809 366416 490551 499851 206803 645083 436040 689647 496720 682248 497133 394959 89959 331206 314147 354053 277276 585320 209620 241416 685524 452820 575477 515945 477702 377453 430302 535252 208382 543412 286824 319640 223322 337513 137516 346408 211810 429994
 655322 584909 583223 632221 686507 358166 535905 527857 468497 255149 375013 175809 1 538480 321189 642395 271618 657444 331142 525435 461942 511334 331908 509052 113892 244304 272019 284739 189034 521110 249777 353832 655544 493657 736180 381357 463471 541755 327728 671226 348092 367697 205220 278974 105223 503877 124773 196311 345076 478297
 846205 1083988 866951 761111 897451 237599 650506 53160 70730 394964 359403 366416 538480 1 833938 240058 373017 680434 703310 1017812 653091 1024079 833724 288041 451900 603253 628218 599978 625012 768130 490921 399614 792723 491183 232986 809364 732023 70673 695858 288175 335164 901382 568239 545205 586166 61289 489900 710956 245565 609136
 574292 263931 448744 604718 580977 677368 556266 832360 763316 465986 691985 490551 321189 833938 1 882936 489600 692505 252297 207112 462760 191877 32139 722262 434392 281543 495569 318102 401196 444313 542741 665949 614488 608774 1002873 183025 667937 822299 257181 899647 667620 112063 293367 364858 349981 789535 432311 288053 605660 742929
 730687 1104932 788715 632247 784008 443032 537219 293217 258186 417902 577953 499851 642395 240058 882936 1 394696 521857 692617 1036993 573192 1060764 873958 169875 589282 612271 804060 590952 777100 688557 675920 612962 662444 373610 151880 807907 936479 173072 684893 48120 546986 971143 591018 534827 718603 207710 637161 835429 297429 830720
 523302 723155 511684 462168 568911 324308 348668 388875 307529 23779 429588 206803 271618 373017 489600 394696 1 438958 330375 655704 313948 671870 482627 243149 268406 232555 503802 227000 443867 418609 414946 437507 491845 246442 514433 438335 679428 344457 322893 415424 390377 576503 202412 172918 367794 318568 319188 467157 127622 636265
 241526 808797 355704 138718 291115 742158 136495 721815 643863 439484 862294 645083 657444 680434 692505 521857 438958 1 440255 748410 229846 804530 666970 393886 695550 446992 922476 400228 846293 282343 850336 874353 160535 201882 671636 530641 1107674 617025 435635 497480 822850 804324 468351 383038 762662 620417 742835 825411 499520 1075022
 348337 416527 254231 359462 369147 613607 303970 716853 636950 308387 677503 436040 331142 703310 252297 692617 330375 440255 1 349080 210466 386579 227624 523567 426557 106218 592707 104417 499108 210535 579163 666561 373372 371599 829143 115779 783991 672934 7744 699869 643411 364070 149627 161055 419528 648731 453317 433318 457991 809395
 569685 67940 427490 632407 557084 877636 621007 1021423 948007 632058 898386 689647 525435 1017812 207112 1036993 655704 748410 349080 1 533375 77460 193567 869490 639235 425877 695410 446667 603401 468843 749549 872927 631805 717842 1167971 234202 858218 998461 356543 1046886 873182 229440 453409 502281 556571 969012 639162 483869 779685 944886
 210290 597269 217534 170332 254965 638067 93510 681244 597772 302611 736157 496720 461942 653091 462760 573192 313948 229846 210466 533375 1 583334 437614 407653 524389 228674 733746 182373 649047 116902 684526 737830 194105 204972 722079 306268 924418 604782 205789 567570 697759 574511 259087 185317 564904 592555 565430 611083 421209 916982
 637150 87855 496091 694130 627615 868652 673704 1023667 953596 648092 877615 682248 511334 1024079 191877 1060764 671870 804530 386579 77460 583334 1 190611 895899 623521 449187 654173 476496 565853 529144 720555 849144 695689 758172 1186292 277472 807941 1009946 393540 1073900 855099 175800 470526 529791 528082 978289 617307 442071 791975 904504
 543699 254794 417100 576281 549593 684865 531074 834195 763316 458880 705477 497133 331908 833724 32139 873958 482627 666970 227624 193567 437614 190611 1 711281 445747 266694 519586 300293 424306 414834 560747 680983 585328 589917 996936 151810 694686 819390 233007 889100 679802 140236 282965 349563 368988 787684 447106 314590 601590 765409
 578529 937405 624723 485574 631402 403964 381784 332597 260842 264521 539680 394959 509052 288041 722262 169875 243149 393886 523567 869490 407653 895899 711281 1 478521 446713 709072 422871 665645 524108 594878 565415 516842 216458 314914 639103 864194 223178 515862 178006 502793 815265 428933 367334 597223 229599 529539 705320 184379 784071
 728313 698288 671683 691538 764476 250749 586321 433972 384554 260698 261825 89959 113892 451900 434392 589282 268406 695550 426557 639235 524389 623521 445747 478521 1 328730 235841 361431 188522 599781 160210 243287 717668 512475 664793 489244 412959 466424 422024 623955 234215 473761 285032 339779 134551 426065 51563 259058 298003 393261
 411696 493715 343031 397153 442209 507417 314141 614303 535652 209455 574030 331206 244304 603253 281543 612271 232555 446992 106218 425877 228674 449187 266694 446713 328730 1 514692 46929 425710 276809 485537 565029 417757 330792 742154 206167 706688 577011 99875 624713 539231 384744 44582 83323 342474 550472 360572 382462 359389 718085
 926375 740149 846936 903922 955884 392716 805466 595577 570404 494768 309102 314147 272019 628218 495569 804060 503802 922476 592707 695410 733746 654173 519586 709072 235841 514692 1 556427 96739 790961 138775 265839 927504 745813 857168 618168 192051 660566 590478 842802 311836 479671 477003 549793 173351 618808 184649 212240 525410 250332
 370831 514564 312883 351614 403996 522636 267213 615004 534325 205628 598337 354053 284739 599978 318102 590952 227000 400228 104417 446667 182373 476496 300293 422871 361431 46929 556427 1 469050 238729 520327 592295 373002 290788 725649 217536 748149 568618 96755 600231 562302 424411 79530 56824 385304 544839 396722 429095 354449 753526
 836877 650622 753198 819351 864653 400032 724730 599392 561374 431451 347405 277276 189034 625012 401196 777100 443867 846293 499108 603401 649047 565853 424306 665645 188522 425710 96739 469050 1 700412 170647 308979 841791 678163 846275 521557 285152 647559 497223 812335 339172 393666 390316 467574 84242 606320 140031 126351 486411 341841
 138082 527541 100675 165306 165484 739537 169508 794742 711262 404189 828738 585320 521110 768130 444313 688557 418609 282343 210535 468843 116902 529144 414834 524108 599781 276809 790961 238729 700412 1 759003 826186 170793 316991 838113 266081 983011 721070 209900 681159 791345 555051 317331 265688 618096 707901 635398 642810 532588 992235
 888367 802256 828297 851234 924008 254402 744903 457132 435166 411402 177890 209620 249777 490921 542741 675920 414946 850336 579163 749549 684526 720555 560747 594878 160210 485537 138775 520327 170647 759003 1 138366 877612 661387 721300 629705 269834 526263 575257 716652 174897 553850 442700 499987 193091 484569 125852 293350 410777 233297
 947240 928555 905165 896580 987813 169945 784694 357144 357052 441542 44594 241416 353832 399614 665949 612962 437507 874353 666561 872927 737830 849144 680983 565415 243287 565029 265839 592295 308979 826186 138366 1 925227 675702 632388 732525 332883 448300 661555 657749 65999 686438 520511 560659 322196 408448 233882 430448 391493 219786
 81830 686855 212356 31615 130619 813976 145705 828418 746588 484602 920554 685524 655544 792723 614488 662444 491845 160535 373372 631805 194105 695689 585328 516842 717668 417757 927504 373002 841791 170793 877612 925227 1 302317 814121 436851 1118399 735060 371274 643443 881576 725563 451482 379355 757821 731483 759349 797361 582135 1109494
 362074 784239 416259 270791 414955 540360 165438 528718 448289 251791 661941 452820 493657 491183 608774 373610 246442 201882 371599 717842 204972 758172 589917 216458 512475 330792 745813 290788 678163 316991 661387 675702 302317 1 524679 483936 924990 432745 364644 364228 622542 714913 334827 249702 597193 430082 562183 678258 297671 880818
 882563 1235743 938544 784014 935881 469831 688826 276968 286836 538208 591618 575477 736180 232986 1002873 151880 514433 671636 829143 1167971 722079 1186292 996936 314914 664793 742154 857168 725649 846275 838113 721300 632388 814121 524679 1 943145 964970 198751 821400 175605 568134 1083788 716198 668880 798798 239988 707752 921200 398989 839140
 392219 301269 266093 430008 397960 700579 397647 819497 741518 415444 749065 515945 381357 809364 183025 807907 438335 530641 115779 234202 306268 277472 151810 639103 489244 206167 618168 217536 521557 266081 629705 732525 436851 483936 943145 1 804090 782636 123417 815600 717817 290874 242669 274268 450810 756583 505988 431466 565475 851726
 1118343 895643 1038178 1094342 1147916 497563 994016 690013 685698 673273 375083 477702 463471 732023 667937 936479 679428 1107674 783991 858218 924418 807941 694686 864194 412959 706688 192051 748149 285152 983011 269834 332883 1118399 924990 964970 804090 1 777617 781937 979156 396872 632473 668660 739790 365206 736798 364842 380103 680371 166056
 791833 1065501 820959 703521 843802 280096 595059 122737 91962 367667 410778 377453 541755 70673 822299 173072 344457 617025 672934 998461 604782 1009946 819390 223178 466424 577011 660566 568618 647559 721070 526263 448300 735060 432745 198751 782636 777617 1 665318 220910 382533 896795 545417 512485 600668 41759 509017 723693 218777 663107
 347896 424031 256583 356794 369762 607277 299241 709574 629581 300966 672125 430302 327728 695858 257181 684893 322893 435635 7744 356543 205789 393540 233007 515862 422024 99875 590478 96755 497223 209900 575257 661555 371274 364644 821400 123417 781937 665318 1 692202 637869 368771 143638 153356 417203 641198 449435 433225 450500 805852
 714484 1114767 780449 613970 767771 487836 524330 341334 304639 437959 623494 535252 671226 288175 899647 48120 415424 497480 699869 1046886 567570 1073900 889100 178006 623955 624713 842802 600231 812335 681159 716652 657749 643443 364228 175605 815600 979156 220910 692202 1 591850 991042 606484 545037 751190 254656 672767 865823 328186 876129
 907973 931515 874356 852234 950442 104015 739032 294351 291150 397057 39451 208382 348092 335164 667620 546986 390377 822850 643411 873182 697759 855099 679802 502793 234215 539231 311836 562302 339172 791345 174897 65999 881576 622542 568134 717817 396872 382533 637869 591850 1 698642 494734 525989 336400 342541 239112 453561 332723 284938
 683087 263258 553757 716353 687121 723968 667996 894198 830751 553483 717878 543412 367697 901382 112063 971143 576503 804324 364070 229440 574511 175800 140236 815265 473761 384744 479671 424411 393666 555051 553850 686438 725563 714913 1083788 290874 632473 896795 368771 991042 698642 1 389965 467595 364378 861593 459569 268301 684800 729878
 450305 520781 386696 429228 482787 464337 339223 576988 499699 178710 529465 286824 205220 568239 293367 591018 202412 468351 149627 453409 259087 470526 282965 428933 285032 44582 477003 79530 390316 317331 442700 520511 451482 334827 716198 242669 668660 545417 143638 606484 494734 389965 1 87291 306353 517121 318304 357079 326754 675613
 389174 570215 349880 354618 427584 479030 257250 561763 480389 152719 563175 319640 278974 545205 364858 534827 172918 383038 161055 502281 185317 529791 349563 367334 339779 83323 549793 56824 467574 265688 499987 560659 379355 249702 668880 274268 739790 512485 153356 545037 525989 467595 87291 1 383360 489403 380136 442886 299681 732902
 754041 609251 673728 735223 782803 376401 640547 566725 519080 353675 353758 223322 105223 586166 349981 718603 367794 762662 419528 556571 564904 528082 368988 597223 134551 342474 173351 385304 84242 618096 193091 322196 757821 597193 798798 450810 365206 600668 417203 751190 336400 364378 306353 383360 1 560474 101008 125190 423084 401630
 784962 1035705 807006 699870 836260 239524 589219 103176 51397 341183 371753 337513 503877 61289 789535 207710 318568 620417 648731 969012 592555 978289 787684 229599 426065 550472 618808 544839 606320 707901 484569 408448 731483 430082 239988 756583 736798 41759 641198 254656 342541 861593 517121 489403 560474 1 468061 683914 191116 624429
 766425 695447 702929 733973 800718 275516 630780 468029 424430 310637 260318 137516 124773 489900 432311 637161 319188 742835 453317 639162 565430 617307 447106 529539 51563 360572 184649 396722 140031 635398 125852 233882 759349 562183 707752 505988 364842 509017 449435 672767 239112 459569 318304 380136 101008 468061 1 225164 348169 357519
 780892 527911 681576 778428 802233 500533 695472 691915 643436 449632 466398 346408 196311 710956 288053 835429 467157 825411 433318 483869 611083 442071 314590 705320 259058 382462 212240 429095 126351 642810 293350 430448 797361 678258 921200 431466 380103 723693 433225 865823 453561 268301 357079 442886 125190 683914 225164 1 538192 462524
 624674 846740 629137 551012 673414 243768 436445 264142 181487 150072 371457 211810 345076 245565 605660 297429 127622 499520 457991 779685 421209 791975 601590 184379 298003 359389 525410 354449 486411 532588 410777 391493 582135 297671 398989 565475 680371 218777 450500 328186 332723 684800 326754 299681 423084 191116 348169 538192 1 606897
 1121569 990421 1060306 1082631 1157291 388694 974711 562244 573196 635894 252788 429994 478297 609136 742929 830720 636265 1075022 809395 944886 916982 904504 765409 784071 393261 718085 250332 753526 341841 992235 233297 219786 1109494 880818 839140 851726 166056 663107 805852 876129 284938 729878 675613 732902 401630 624429 357519 462524 606897 1
LAMBDA_SECTION
1 418
2 194
3 353
4 971
5 287
6 532
7 748
8 48
9 576
10 227
11 643
12 181
13 266
14 285
15 273
16 401
17 963
18 6
19 933
20 988
21 37
22 944
23 918
24 507
25 180
26 460
27 651
28 692
29 129
30 504
31 41
32 650
33 475
34 709
35 226
36 690
37 829
38 110
39 12
40 833
41 177
42 551
43 296
44 486
45 313
46 430
47 393
48 119
49 270
50 852
