NAME : domp60p30v5
COMMENT : Cherkesly, Contardo & Gruson 2022
TYPE : DOMP
DIMENSION : 60
DISPLAY_DATA_TYPE : NO_DISPLAY
OPEN_FACILITIES : 30
COST_SECTION
 1 753022 834906 377324 746027 582962 934370 770347 752763 1002377 458262 682120 1180453 394055 772485 213452 1118669 736818 461242 290796 875111 816811 880819 171300 315757 621934 927565 752920 991898 213801 142446 470066 955926 1165409 923382 313723 507847 421617 179896 621478 869946 836743 976080 550625 912074 234880 833636 734552 435445 520833 129461 117066 655791 540803 323170 1191749 590777 907621 250191 636891
 753022 1 222511 376118 244254 630053 395717 870401 229116 464083 376882 440814 515456 502889 524911 817639 510366 68011 291962 527774 290394 714361 293041 912007 438918 347579 235966 235 386581 747703 824428 397882 330811 527708 901923 493903 623677 383166 586062 277563 464584 898018 612995 267359 851541 673170 98511 616543 449752 595838 872658 638801 884362 219668 797343 531595 263394 533405 571842 775408
 834906 222511 1 486414 466614 534592 173236 739562 89188 242974 551843 307259 348434 673607 356351 843640 309804 167277 403096 669245 68117 551052 71253 973754 547406 262416 111944 222740 177842 770849 872194 580023 128245 342632 735840 531807 554794 543729 655614 224684 258160 753205 399725 284370 681152 694301 158446 468263 438697 522995 938712 718074 787630 316135 789948 361272 466602 325146 609226 671752
 377324 376118 486414 1 400099 488652 618283 743107 416234 692021 172779 444862 834289 237704 553909 470350 790097 365200 86546 190467 538490 680897 543855 539773 63475 345166 565855 376008 658040 408038 460592 206356 613744 828250 843984 182370 438673 130755 219196 308676 596622 794576 733208 221961 810429 343609 460078 576232 245358 426525 499479 264940 693434 172540 486851 847520 250612 652316 239075 613809
 746027 244254 466614 400099 1 803488 639684 1057571 466321 706945 291112 651818 728684 394755 747811 869129 741963 306280 348666 466998 534295 928059 536750 916703 446855 546083 462784 244027 624755 808075 851551 289413 568558 750476 1113099 572265 778170 324531 614097 474887 704640 1094496 854387 425875 1066515 743013 324384 824757 581061 755747 874973 647755 1044914 333125 884327 745892 155563 773369 637740 946221
 582962 630053 534592 488652 803488 1 521731 257839 453284 563137 659325 232079 795574 716159 252378 459405 697619 569042 482361 633438 527514 233940 532326 639104 499748 286724 645704 630145 606330 401662 528799 693945 600787 758204 362160 337975 75457 619123 448459 353191 397260 305998 443195 378712 338228 350968 644376 164264 243732 66714 621286 503479 256392 471140 349745 799825 693164 400291 353412 145420
 934370 395717 173236 618283 639684 521731 1 676051 206370 74714 708463 296020 274406 825695 286860 906015 187185 339113 541834 807531 105394 463646 103146 1055953 674579 314979 215750 395947 87803 834553 948339 738874 109131 242036 634746 621152 563783 694748 755339 316579 142014 674572 247837 398576 577416 760799 324207 407422 506969 532026 1024777 820503 754576 458900 830736 279873 634765 190646 692055 639091
 770347 870401 739562 743107 1057571 257839 676051 1 669981 693287 914997 437000 932626 964516 392207 595962 822362 805834 740158 874958 714683 221996 718396 777858 748525 522950 844412 870519 763727 561688 678800 949245 774462 885442 173282 580820 305938 873860 670528 593922 534651 68246 504130 631697 193910 538935 870342 273025 500010 316708 772286 715313 149474 726864 468531 932405 950775 503975 577209 136808
 752763 229116 89188 416234 466321 453284 206370 669981 1 281083 502542 233121 427692 619330 301095 755218 374106 161930 337046 603761 123477 494606 129060 888050 474885 174669 199537 229310 242710 682433 785344 533437 203188 415069 681937 446131 469009 488384 572965 136325 238517 689109 388795 203277 629484 605990 201871 403443 349860 437502 853668 636423 708449 252885 700777 439153 436665 307130 522716 593540
 1002377 464083 242974 692021 706945 563137 74714 693287 281083 1 783085 347208 239702 900406 316404 965533 134590 410124 616212 881567 175033 474320 171725 1119779 747718 380785 264732 464316 101094 894846 1011122 813385 149436 196238 633299 688701 611593 769459 824060 388234 166727 684477 223198 471560 575630 822301 386672 433533 571497 580521 1089611 889464 783862 533542 884795 240799 707706 190406 757780 670408
 458262 376882 551843 172779 291112 659325 708463 914997 502542 783085 1 589676 884579 126017 698926 601954 861342 396789 191671 176043 614296 841991 618915 629538 188168 482136 604394 376692 729685 548941 572856 35476 678485 889324 1010725 351119 611232 45021 346771 429006 716300 965284 861534 345086 974659 494561 474486 735989 415598 598289 587700 368103 865723 255863 640432 899790 140566 778283 395802 786442
 682120 440814 307259 444862 651818 232079 296020 437000 233121 347208 589676 1 570183 681132 109536 621540 479074 374066 398080 628000 295567 276441 300324 783079 483832 110253 416657 440958 377605 552245 672578 624865 369030 537062 462824 374700 267912 559523 511820 177901 192353 458702 298305 247928 414841 482420 433475 175777 248373 236057 755892 576850 481041 346988 537589 575892 576126 225667 432019 364833
 1180453 515456 348434 834289 728684 795574 274406 932626 427692 239702 884579 570183 1 1009510 554169 1171647 114243 487860 750021 1014454 305969 712727 300225 1313224 895667 576744 280699 515676 195224 1099384 1208348 909144 224542 56622 864686 872303 838065 882422 1000638 560776 404270 921850 446704 630447 807309 1024159 417745 672612 767302 806240 1279798 1064084 1022687 662822 1102152 17667 778849 428831 947382 908515
 394055 502889 673607 237704 394755 716159 825695 964516 619330 900406 126017 681132 1009510 1 790509 570391 983410 521668 290534 109426 734470 917200 739273 562020 216495 578254 729696 502698 851252 529542 525158 109615 801045 1013049 1075966 384134 658730 130949 331907 533070 822992 1019921 964386 446328 1044750 489856 600487 813175 477063 651393 520838 329993 897204 367563 632723 1024557 257477 882146 405559 830853
 772485 524911 356351 553909 747811 252378 286860 392207 301095 316404 698926 109536 554169 790509 1 690198 450682 456940 507419 735589 324069 194925 327470 860493 591336 217648 455723 525081 374567 624542 749045 734055 382350 512641 381301 472866 311196 669040 608074 280529 149975 398663 204585 355884 328396 560030 501455 120707 346467 283125 836411 672030 468787 453756 592968 556584 680991 148771 523048 354353
 213452 817639 843640 470350 869129 459405 906015 595962 755218 965533 601954 621540 1171647 570391 690198 1 1093088 784559 537755 461041 868982 686158 874688 183885 423079 594903 948597 817594 976819 72792 85131 622803 951163 1146924 760745 324336 386728 558948 256389 619006 813535 664092 892766 570898 759303 149437 881613 622956 405859 410127 176576 240527 465993 598208 127557 1180317 716000 836535 245810 471861
 1118669 510366 309804 790097 741963 697619 187185 822362 374106 134590 861342 479074 114243 983410 450682 1093088 1 469333 709342 976309 251752 601489 246491 1242737 848988 501699 279180 510599 132591 1021700 1135386 888945 183132 63081 750770 806280 745054 853469 939111 497871 301256 809607 332583 575572 693465 947982 418692 566808 693805 713761 1211205 1003887 917124 623306 1016048 110844 769323 318554 878265 804251
 736818 68011 167277 365200 306280 569042 339113 805834 161930 410124 396789 374066 487860 521668 456940 784559 469333 1 278691 532685 235092 646776 238485 890219 428658 284042 208400 68185 340620 713274 797755 422119 286546 493420 834394 460424 566938 395417 564017 215884 398992 832052 548289 219726 783781 637472 97755 549630 402280 538132 852017 620663 824531 196016 755278 503007 300686 467813 539519 714059
 461242 291962 403096 86546 348666 482361 541834 740158 337046 616212 191671 398080 750021 290534 507419 537755 709342 278691 1 266988 457627 652661 462854 620571 149976 291210 479802 291865 576883 471363 536213 226972 531018 745607 825082 225245 443781 162973 295661 242562 532458 786252 674537 156130 786890 401327 373899 546341 243107 425957 580943 346864 707702 87202 538631 763546 214818 591967 295977 617634
 290796 527774 669245 190467 466998 633438 807531 874958 603761 881567 176043 628000 1014454 109426 735589 461041 976309 532685 266988 1 724610 845461 729829 461192 144254 532882 739697 527615 843819 420516 417614 181499 797400 1011874 995468 295802 571117 149721 225198 499114 786336 932955 920711 412417 967953 383376 621053 744256 403336 567300 419528 220587 799308 353263 524822 1028423 315837 840729 304983 739533
 875111 290394 68117 538490 534295 527514 105394 714683 123477 175033 614296 295567 305969 734470 324069 868982 251752 235092 457627 724610 1 515601 5751 1007459 597815 275918 132979 290625 119567 796398 903165 643392 82270 291605 696586 566336 556648 603928 695223 254811 206294 722603 339847 326635 640604 720570 220754 441660 463369 524473 973861 759064 774848 371813 806389 316739 533362 269877 641630 658327
 816811 714361 551052 680897 928059 233940 463646 221996 494606 474320 841991 276441 712727 917200 194925 686158 601489 646776 652661 845461 515601 1 518566 868408 704825 382977 648249 714518 550354 632598 759341 877452 566918 664533 187672 556191 309308 806547 676921 453364 321742 211077 282950 514813 138457 584745 695796 106455 442347 296840 852691 734482 338520 615129 568436 711899 845891 284036 582863 245234
 880819 293041 71253 543855 536750 532326 103146 718396 129060 171725 618915 300324 300225 739273 327470 874688 246491 238485 462854 729829 5751 518566 1 1013209 603258 281533 130540 293273 114185 802109 908911 647898 76537 286009 699127 572082 561823 608780 700933 260556 207871 725887 339901 332259 643040 726290 221931 445375 469090 529644 979609 764758 779300 376950 811952 311014 537208 270811 647380 662773
 171300 912007 973754 539773 916703 639104 1055953 777858 888050 1119779 629538 783079 1313224 562020 860493 183885 1242737 890219 620571 461192 1007459 868408 1013209 1 480515 741047 1072291 911921 1120670 237968 111506 641190 1089479 1293341 944048 442009 564986 592538 326413 752856 975186 846089 1064674 691048 943175 301095 987848 801239 548985 585979 41841 274907 643622 695304 309821 1323295 761281 1003966 365844 655510
 315757 438918 547406 63475 446855 499748 674579 748525 474885 747718 188168 483832 895667 216495 591336 423079 848988 428658 149976 144254 597815 704825 603258 480515 1 390209 628708 438804 717360 365168 406116 216442 674179 888442 860138 169966 442607 143168 167269 361098 645116 803481 777415 276164 830086 307180 523521 602368 262709 434898 439752 205869 686586 235362 452855 908673 292967 698033 207662 615615
 621934 347579 262416 345166 546083 286724 314979 522950 174669 380785 482136 110253 576744 578254 217648 594903 501699 284042 291210 532882 275918 382977 281533 741047 390209 1 373909 347693 382024 522674 633884 517097 357532 553225 567051 308223 295251 453822 444529 71853 256331 552812 388103 138237 521294 447728 357821 278747 192119 264155 709817 510132 543077 236772 530764 585521 465982 307886 377274 430898
 927565 235966 111944 565855 462784 645704 215750 844412 199537 264732 604394 416657 280699 729696 455723 948597 279180 208400 479802 739697 132979 648249 130540 1072291 628708 373909 1 236191 169121 875886 973271 628539 115432 291953 829564 631835 666738 603814 749976 331812 337763 854373 462915 381450 773550 799170 140444 571706 545726 634934 1036066 810511 897660 393366 899176 296415 498983 398719 710367 781488
 752920 235 222740 376008 244027 630145 395947 870519 229310 464316 376692 440958 515676 502698 525081 817594 510599 68185 291865 527615 290625 714518 293273 911921 438804 347693 236191 1 386815 747664 824360 397682 331045 527935 902078 493866 623743 382993 585982 277666 464791 898150 613208 267391 851701 673137 98720 616688 449773 595909 872568 638707 884445 219614 797335 531816 263174 533613 571799 775501
 991898 386581 177842 658040 624755 606330 87803 763727 242710 101094 729685 377605 195224 851252 374567 976819 132591 340620 576883 843819 119567 550354 114185 1120670 717360 382024 169121 386815 1 904675 1014874 757764 56197 173511 718753 681209 645313 721137 812044 370447 229288 761405 319191 445354 661217 829710 300653 495177 573261 613312 1087977 876330 841800 490745 907082 203504 641302 272746 755053 726096
 213801 747703 770849 408038 808075 401662 834553 561688 682433 894846 548941 552245 1099384 529542 624542 72792 1021700 713274 471363 420516 796398 632598 802109 237968 365168 522674 875886 747664 904675 1 127146 572213 878602 1075134 720603 253820 327192 504919 202665 546215 744526 629030 828159 498682 714554 76730 810104 563314 333165 348046 220098 203180 442417 528701 112127 1108179 656646 769644 176455 431488
 142446 824428 872194 460592 851551 528799 948339 678800 785344 1011122 572856 672578 1208348 525158 749045 85131 1135386 797755 536213 417614 903165 759341 908911 111506 406116 633884 973271 824360 1014874 127146 1 589717 985375 1186960 841780 341460 454318 532173 241491 649384 864835 746781 953185 592000 838247 190187 895491 690338 441847 474787 94289 204898 550701 605369 211570 1217987 696374 892789 263064 552421
 470066 397882 580023 206356 289413 693945 738874 949245 533437 813385 35476 624865 909144 109615 734055 622803 888945 422119 226972 181499 643392 877452 647898 641190 216442 517097 628539 397682 757764 572213 589717 1 705875 915443 1045960 382390 645029 75993 369558 463176 749673 999936 895451 379778 1010043 520486 496148 771460 450221 632561 599394 385919 898125 289160 666357 924602 147869 812096 423742 820149
 955926 330811 128245 613744 568558 600787 109131 774462 203188 149436 678485 369030 224542 801045 382350 951163 183132 286546 531018 797400 82270 566918 76537 1089479 674179 357532 115432 331045 56197 878602 985375 705875 1 214598 741566 648106 633843 671508 776101 336663 246275 776987 355723 406193 684476 802813 244482 502585 545615 601660 1055703 839610 843509 444197 887434 236021 586998 299424 723684 727109
 1165409 527708 342632 828250 750476 758204 242036 885442 415069 196238 889324 537062 56622 1013049 512641 1146924 63081 493420 745607 1011874 291605 664533 286009 1293341 888442 553225 291953 527935 173511 1075134 1186960 915443 214598 1 812624 854537 804062 884301 985552 543954 362884 872468 394225 618213 755431 1000740 432126 629362 745120 772559 1260984 1049808 979716 658740 1072761 49030 790054 381623 927970 866561
 923382 901923 735840 843984 1113099 362160 634746 173282 681937 633299 1010725 462824 864686 1075966 381301 760745 750770 834394 825082 995468 696586 187672 699127 944048 860138 567051 829564 902078 718753 720603 841780 1045960 741566 812624 1 700134 428931 972841 806286 638263 495516 109801 418416 694895 57675 688852 882744 288346 599398 428641 935908 857193 322401 794762 634269 861356 1025090 446128 711146 289407
 313723 493903 531807 182370 572265 337975 621152 580820 446131 688701 351119 374700 872303 384134 472866 324336 806280 460424 225245 295802 566336 556191 572082 442009 169966 308223 631835 493866 681209 253820 341460 382390 648106 854537 700134 1 275708 306774 137582 311527 558395 637622 672461 250553 674225 179655 557708 459291 126668 271627 407620 203100 516864 275222 313416 882826 429181 599920 79282 446727
 507847 623677 554794 438673 778170 75457 563783 305938 469009 611593 611232 267912 838065 658730 311196 386728 745054 566938 443781 571117 556648 309308 561823 564986 442607 295251 666738 623743 645313 327192 454318 645029 633843 804062 428931 275708 1 569312 377664 353517 448692 361923 509234 361283 409238 275514 649427 236423 200680 32190 546417 430720 266774 445458 282221 843600 657981 459910 282447 175269
 421617 383166 543729 130755 324531 619123 694748 873860 488384 769459 45021 559523 882422 130949 669040 558948 853469 395417 162973 149721 603928 806547 608780 592538 143168 453822 603814 382993 721137 504919 532173 75993 671508 884301 972841 306774 569312 1 303165 404876 694254 925105 837318 318982 937952 449779 478832 700972 375536 557258 550755 327279 822173 236816 595620 897161 169850 754573 350787 744363
 179896 586062 655614 219196 614097 448459 755339 670528 572965 824060 346771 511820 1000638 331907 608074 256389 939111 564017 295661 225198 695223 676921 700933 326413 167269 444529 749976 585982 812044 202665 241491 369558 776101 985552 806286 137582 377664 303165 1 441662 695929 732527 809054 371244 786362 158198 661568 585313 263452 382284 288008 65645 581680 368892 301158 1011881 460144 737258 95223 533725
 621478 277563 224684 308676 474887 353191 316579 593922 136325 388234 429006 177901 560776 533070 280529 619006 497871 215884 242562 499114 254811 453364 260556 752856 361098 71853 331812 277666 370447 546215 649384 463176 336663 543954 638263 311527 353517 404876 441662 1 289996 624575 432708 87256 591804 469721 295985 349922 214180 323807 719067 506163 608693 175828 567668 571361 400497 349742 387141 498322
 869946 464584 258160 596622 704640 397260 142014 534651 238517 166727 716300 192353 404270 822992 149975 813535 301256 398992 532458 786336 206294 321742 207871 975186 645116 256331 337763 464791 229288 744526 864835 749673 246275 362884 495516 558395 448692 694254 695929 289996 1 532589 150609 377081 438615 674710 415909 268744 434501 418315 947514 761492 618459 460526 726002 406612 668713 68835 620748 504309
 836743 898018 753205 794576 1094496 305998 674572 68246 689109 684477 965284 458702 921850 1019921 398663 664092 809607 832052 786252 932955 722603 211077 725887 846089 803481 552812 854373 898150 761405 629030 746781 999936 776987 872468 109801 637622 361923 925105 732527 624575 532589 1 483047 669548 142368 604364 890835 285814 549716 368881 840353 779039 214185 766958 536699 920348 993959 494078 638451 200576
 976080 612995 399725 733208 854387 443195 247837 504130 388795 223198 861534 298305 446704 964386 204585 892766 332583 548289 674537 920711 339847 282950 339901 1064674 777415 388103 462915 613208 319191 828159 953185 895451 355723 394225 418416 672461 509234 837318 809054 432708 150609 483047 1 518408 361313 764483 558075 283443 545837 483291 1040923 873666 617446 606612 791215 443005 818668 83708 726169 513644
 550625 267359 284370 221961 425875 378712 398576 631697 203277 471560 345086 247928 630447 446328 355884 570898 575572 219726 156130 412417 326635 514813 332259 691048 276164 138237 381450 267391 445354 498682 592000 379778 406193 618213 694895 250553 361283 318982 371244 87256 377081 669548 518408 1 652107 422161 313869 408794 183002 335624 655262 433913 626388 100325 535785 642211 331078 435884 329418 522893
 912074 851541 681152 810429 1066515 338228 577416 193910 629484 575630 974659 414841 807309 1044750 328396 759303 693465 783781 786890 967953 640604 138457 643040 943175 830086 521294 773550 851701 661217 714554 838247 1010043 684476 755431 57675 674225 409238 937952 786362 591804 438615 142368 361313 652107 1 677227 829556 243368 567748 404843 932534 839908 341683 752345 634637 804113 983077 388544 691185 288809
 234880 673170 694301 343609 743013 350968 760799 538935 605990 822301 494561 482420 1024159 489856 560030 149437 947982 637472 401327 383376 720570 584745 726290 301095 307180 447728 799170 673137 829710 76730 190187 520486 802813 1000740 688852 179655 275514 449779 158198 469721 674710 604364 764483 422161 677227 1 734083 507791 257201 291743 276509 182720 434813 454854 145904 1033179 594044 702893 105580 403890
 833636 98511 158446 460078 324384 644376 324207 870342 201871 386672 474486 433475 417745 600487 501455 881613 418692 97755 373899 621053 220754 695796 221931 987848 523521 357821 140444 98720 300653 810104 895491 496148 244482 432126 882744 557708 649427 478832 661568 295985 415909 890835 558075 313869 829556 734083 1 605270 494675 619444 949538 717748 900767 293067 849448 434079 361459 483370 636883 787740
 734552 616543 468263 576232 824757 164264 407422 273025 403443 433533 735989 175777 672612 813175 120707 622956 566808 549630 546341 744256 441660 106455 445375 801239 602368 278747 571706 616688 495177 563314 690338 771460 502585 629362 288346 459291 236423 700972 585313 349922 268744 285814 283443 408794 243368 507791 605270 1 341058 216183 781795 645358 350360 509070 513845 674311 739830 253056 493112 238095
 435445 449752 438697 245358 581061 243732 506969 500010 349860 571497 415598 248373 767302 477063 346467 405859 693805 402280 243107 403336 463369 442347 469090 548985 262709 192119 545726 449773 573261 333165 441847 450221 545615 745120 599398 126668 200680 375536 263452 214180 434501 549716 545837 183002 567748 257201 494675 341058 1 183777 518158 328507 465603 251340 355865 776584 457391 473897 186883 374818
 520833 595838 522995 426525 755747 66714 532026 316708 437502 580521 598289 236057 806240 651393 283125 410127 713761 538132 425957 567300 524473 296840 529644 585979 434898 264155 634934 595909 613312 348046 474787 632561 601660 772559 428641 271627 32190 557258 382284 323807 418315 368881 483291 335624 404843 291743 619444 216183 183777 1 565767 438186 290781 422640 309914 811879 639082 431531 287411 191930
 129461 872658 938712 499479 874973 621286 1024777 772286 853668 1089611 587700 755892 1279798 520838 836411 176576 1211205 852017 580943 419528 973861 852691 979609 41841 439752 709817 1036066 872568 1087977 220098 94289 599394 1055703 1260984 935908 407620 546417 550755 288008 719067 947514 840353 1040923 655262 932534 276509 949538 781795 518158 565767 1 234546 642165 656699 304115 1290150 719578 978344 333040 646594
 117066 638801 718074 264940 647755 503479 820503 715313 636423 889464 368103 576850 1064084 329993 672030 240527 1003887 620663 346864 220587 759064 734482 764758 274907 205869 510132 810511 638707 876330 203180 204898 385919 839610 1049808 857193 203100 430720 327279 65645 506163 761492 779039 873666 433913 839908 182720 717748 645358 328507 438186 234546 1 617085 424711 312217 1075543 492319 802403 152247 578831
 655791 884362 787630 693434 1044914 256392 754576 149474 708449 783862 865723 481041 1022687 897204 468787 465993 917124 824531 707702 799308 774848 338520 779300 643622 686586 543077 897660 884445 841800 442417 550701 898125 843509 979716 322401 516864 266774 822173 581680 608693 618459 214185 617446 626388 341683 434813 900767 350360 465603 290781 642165 617085 1 712221 339331 1024606 922476 601400 494447 116531
 540803 219668 316135 172540 333125 471140 458900 726864 252885 533542 255863 346988 662822 367563 453756 598208 623306 196016 87202 353263 371813 615129 376950 695304 235362 236772 393366 219614 490745 528701 605369 289160 444197 658740 794762 275222 445458 236816 368892 175828 460526 766958 606612 100325 752345 454854 293067 509070 251340 422640 656699 424711 712221 1 583437 676368 230767 523135 352510 613204
 323170 797343 789948 486851 884327 349745 830736 468531 700777 884795 640432 537589 1102152 632723 592968 127557 1016048 755278 538631 524822 806389 568436 811952 309821 452855 530764 899176 797335 907082 112127 211570 666357 887434 1072761 634269 313416 282221 595620 301158 567668 726002 536699 791215 535785 634637 145904 849448 513845 355865 309914 304115 312217 339331 583437 1 1109348 737434 741444 247838 346206
 1191749 531595 361272 847520 745892 799825 279873 932405 439153 240799 899790 575892 17667 1024557 556584 1180317 110844 503007 763546 1028423 316739 711899 311014 1323295 908673 585521 296415 531816 203504 1108179 1217987 924602 236021 49030 861356 882826 843600 897161 1011881 571361 406612 920348 443005 642211 804113 1033179 434079 674311 776584 811879 1290150 1075543 1024606 676368 1109348 1 794963 428431 957497 910877
 590777 263394 466602 250612 155563 693164 634765 950775 436665 707706 140566 576126 778849 257477 680991 716000 769323 300686 214818 315837 533362 845891 537208 761281 292967 465982 498983 263174 641302 656646 696374 147869 586998 790054 1025090 429181 657981 169850 460144 400497 668713 993959 818668 331078 983077 594044 361459 739830 457391 639082 719578 492319 922476 230767 737434 794963 1 735130 489685 831004
 907621 533405 325146 652316 773369 400291 190646 503975 307130 190406 778283 225667 428831 882146 148771 836535 318554 467813 591967 840729 269877 284036 270811 1003966 698033 307886 398719 533613 272746 769644 892789 812096 299424 381623 446128 599920 459910 754573 737258 349742 68835 494078 83708 435884 388544 702893 483370 253056 473897 431531 978344 802403 601400 523135 741444 428431 735130 1 657448 490947
 250191 571842 609226 239075 637740 353412 692055 577209 522716 757780 395802 432019 947382 405559 523048 245810 878265 539519 295977 304983 641630 582863 647380 365844 207662 377274 710367 571799 755053 176455 263064 423742 723684 927970 711146 79282 282447 350787 95223 387141 620748 638451 726169 329418 691185 105580 636883 493112 186883 287411 333040 152247 494447 352510 247838 957497 489685 657448 1 440529
 636891 775408 671752 613809 946221 145420 639091 136808 593540 670408 786442 364833 908515 830853 354353 471861 804251 714059 617634 739533 658327 245234 662773 655510 615615 430898 781488 775501 726096 431488 552421 820149 727109 866561 289407 446727 175269 744363 533725 498322 504309 200576 513644 522893 288809 403890 787740 238095 374818 191930 646594 578831 116531 613204 346206 910877 831004 490947 440529 1
LAMBDA_SECTION
1 675
2 652
3 337
4 146
5 51
6 888
7 81
8 629
9 977
10 480
11 693
12 161
13 77
14 796
15 716
16 29
17 646
18 885
19 649
20 763
21 640
22 26
23 43
24 941
25 252
26 123
27 29
28 395
29 247
30 600
31 750
32 502
33 409
34 466
35 449
36 982
37 579
38 381
39 809
40 365
41 632
42 271
43 877
44 666
45 890
46 793
47 233
48 878
49 456
50 539
51 900
52 648
53 953
54 219
55 697
56 424
57 648
58 727
59 632
60 629
