NAME : domp50p25v5
COMMENT : Cherkesly, Contardo & Gruson 2022
TYPE : DOMP
DIMENSION : 50
DISPLAY_DATA_TYPE : NO_DISPLAY
OPEN_FACILITIES : 25
COST_SECTION
 1 723247 268133 731492 264585 622140 655465 231807 598863 670030 385959 251390 479146 715549 278468 299450 201892 642060 563201 119459 552118 768498 955029 580549 561249 792434 664618 635853 697959 992448 729867 188927 682856 527607 419388 134079 516974 210263 641749 433782 615249 320379 941289 303941 891086 746983 760067 231062 283211 797667
 723247 1 457076 1077880 512697 306224 415753 943413 915458 361770 966921 495906 872091 564685 696858 804460 913982 308153 934185 671158 315897 482265 512352 156516 390212 233205 59053 1020942 917413 573039 791526 571331 272553 197875 386498 637151 739213 898593 242080 511843 328748 1006065 477703 419324 612654 722628 753605 947185 663248 541883
 268133 457076 1 826247 114697 413717 482616 486778 667229 477029 579128 118505 573614 588369 305391 435452 457195 399945 655751 220870 310422 601205 759743 312419 344031 554092 399013 742344 729545 806611 693177 164189 462300 260104 189296 212051 523729 445082 386600 280517 378496 555017 739082 43756 741413 675671 697970 496966 324297 644846
 731492 1077880 826247 1 912422 788591 706580 823578 165043 763385 402815 709342 257518 604951 1006268 432131 810662 1195223 172403 841600 1114585 728535 910132 1019160 1164179 967462 1030629 97417 192376 901939 373477 670085 847229 962209 1011896 652985 339100 862157 1158434 1099386 1182263 925687 925178 821311 732563 466535 444556 679625 503347 699551
 264585 512697 114697 912422 1 519026 594281 447738 758177 585196 626913 222333 655910 702919 199656 500373 420224 379299 740237 170959 290401 712597 864263 357604 296967 643009 458350 824213 829454 913156 803463 242794 562309 317767 157854 266579 625287 394365 385494 188049 351502 497325 841773 151533 854098 789027 810753 491972 409998 757659
 622140 306224 413717 788591 519026 1 113813 853542 631246 73094 750259 371922 609860 264015 717340 589305 823781 535388 659473 622554 492403 211565 346037 319604 569328 196264 274003 742119 618339 394151 485441 435160 68415 289532 476486 499242 456192 828389 475296 619023 540538 940128 325968 371002 357277 417375 448165 810306 451424 267721
 655465 415753 482616 706580 594281 113813 1 882356 556611 58211 721607 416097 554875 150377 787655 567804 853358 647463 592825 675352 600656 118637 301960 432030 676242 261112 386901 670283 527313 336985 381055 466878 148765 398274 572888 524578 388235 865481 588256 713201 651356 975799 293323 442828 260854 307212 338313 820689 440927 165562
 231807 943413 486778 823578 447738 853542 882356 1 724186 899775 424682 483195 600220 930417 348625 427220 30028 819953 674073 277366 734176 992809 1183408 794620 724116 1023803 885649 726678 839798 1218800 908478 418872 914625 745744 603961 357885 689139 68465 832401 571210 789770 106830 1170837 526624 1109245 940669 949218 147970 475236 1018075
 598863 915458 667229 165043 758177 631246 556611 724186 1 611816 333580 549343 124207 472058 866381 304420 706862 1030911 63371 701991 951003 593256 786061 854182 1002139 815476 867260 114429 124776 786024 275299 515441 692285 797170 850869 505873 176449 753116 993548 943550 1018437 830023 796816 659977 620976 358558 344722 589506 348372 572702
 670030 361770 477029 763385 585196 73094 58211 899775 611816 1 763287 423759 604903 203004 782088 606263 870341 606189 646203 679758 565096 138501 286540 390404 642228 204107 336497 725043 585179 330034 438867 481259 91428 362292 548761 542452 441321 878710 545086 690990 612251 989953 271261 435267 284187 363308 394501 846651 474223 195220
 385959 966921 579128 402815 626913 750259 721607 424682 333580 763287 1 487266 224270 699413 661171 163445 414874 979039 273471 505356 889509 801169 1005948 857416 916965 946290 909745 307867 458093 1022355 579186 418721 818633 797577 764111 367945 380422 469757 961859 810085 957374 524331 1006314 594532 874842 641898 638617 278259 305573 802295
 251390 495906 118505 709342 222333 371922 416097 483195 549343 423759 487266 1 458854 500769 388010 333511 453264 500409 539763 259745 413865 533108 710225 372230 456318 541808 436993 627093 611315 751176 581576 75463 431604 313115 302824 142110 405727 456482 476866 398486 482544 568206 694338 113910 665705 571150 591503 457595 210435 569640
 479146 872091 573614 257518 655910 609860 554875 600220 124207 604903 224270 458854 1 501990 750811 181540 582694 953977 85344 586041 870197 614660 816542 792491 915171 803019 819787 168839 242037 825516 355757 414409 675612 733451 761408 395472 174332 628965 922427 843385 938599 706232 821907 572358 669125 423291 417418 467076 249318 605862
 715549 564685 588369 604951 702919 264015 150377 930417 472058 203004 699413 500769 501990 1 886862 562883 903027 794555 519617 757269 743431 123673 315764 580006 817175 388532 537218 585859 415670 324112 248848 534685 293686 542820 703615 581474 327711 924079 736623 839911 796878 1030489 324820 553095 180956 164002 195063 847154 460480 103909
 278468 696858 305391 1006268 199656 717340 787655 348625 866381 782088 661171 388010 750811 886862 1 574737 329360 501495 835866 164773 425748 906288 1063086 540370 396027 841425 645897 911709 955750 1111155 958623 375191 761857 508517 313427 363334 760810 281613 529195 233855 469225 358173 1041064 346836 1045352 956716 975454 448271 527642 948733
 299450 804460 435452 432131 500373 589305 567804 427220 304420 606263 163445 333511 181540 562883 574737 1 407289 832304 264255 410415 744218 655357 859604 698952 778797 784871 747634 336996 414154 880777 488264 271359 657718 638922 624203 233796 270544 450554 810376 688036 812755 534021 857208 444919 742602 533257 536644 306007 142139 663015
 201892 913982 457195 810662 420224 823781 853358 30028 706862 870341 414874 453264 582694 903027 329360 407289 1 794018 658188 249467 707704 964204 1154228 765582 699356 993786 856141 713469 820960 1189941 885448 389287 884741 716385 576961 328790 666322 58801 805333 548183 764088 129682 1141460 496869 1081513 915883 924989 143539 449431 990009
 642060 308153 399945 1195223 379299 535388 647463 819953 1030911 606189 979039 500409 953977 794555 501495 832304 794018 1 1031080 547958 90472 742443 811375 215829 110202 534159 292322 1119712 1067787 871076 982164 561825 532898 253826 222677 611785 866451 760825 66469 271980 32785 853597 778334 387487 884512 933157 961951 871106 709347 800860
 563201 934185 655751 172403 740237 659473 592825 674073 63371 646203 273471 539763 85344 519617 835866 264255 658188 1031080 1 671096 948621 638523 835116 863068 995732 848300 883791 88844 187181 837951 335717 498163 722867 804789 842587 480719 204888 706510 997225 927421 1016755 779033 844083 652632 675031 415885 403909 536058 331909 621919
 119459 671158 220870 841600 170959 622554 675352 277366 701991 679758 505356 259745 586041 757269 164773 410415 249467 547958 671096 1 460197 792735 966017 519627 458562 773782 614435 747263 793423 1008969 805614 226268 676482 473379 328385 202211 601821 227579 556418 320287 519006 335405 948131 263875 925044 811077 827645 328246 366792 829170
 552118 315897 310422 1114585 290401 492403 600656 734176 951003 565096 889509 413865 870197 743431 425748 744218 707704 90472 948621 460197 1 703383 793576 184877 79124 523566 283816 1036976 993389 851650 917199 473199 500833 202881 132897 521938 789955 676523 103562 207223 68685 772150 762560 300220 848167 873987 901807 781637 623806 760123
 768498 482265 601205 728535 712597 211565 118637 992809 593256 138501 801169 533108 614660 123673 906288 655357 964204 742443 638523 792735 703383 1 204804 527043 780668 280795 465119 707448 539307 228061 369951 580857 212823 500669 685563 636108 440962 978758 680271 827138 749534 1088306 207270 561228 145978 280660 310601 923600 538333 59714
 955029 512352 759743 910132 864263 346037 301960 1183408 786061 286540 1005948 710225 816542 315764 1063086 859604 1154228 811375 835116 966017 793576 204804 1 608730 872687 279245 519056 899024 717944 60918 538841 766103 305132 601286 806968 825527 642272 1164368 745242 949949 826036 1275315 36747 717021 190267 445121 470354 1122131 739539 213385
 580549 156516 312419 1019160 357604 319604 432030 794620 854182 390404 857416 372230 792491 580006 540370 698952 765582 215829 863068 519627 184877 527043 608730 1 263967 339963 108100 951704 876764 666947 776911 445619 319346 60064 231316 508106 682431 747155 156705 362636 222888 853227 577694 279253 669957 722624 752076 808742 562689 585235
 561249 390212 344031 1164179 296967 569328 676242 724116 1002139 642228 916965 456318 915171 817175 396027 778797 699356 110202 995732 458562 79124 780668 872687 263967 1 602113 361371 1083328 1051185 930773 983273 508037 579485 280057 154744 549720 846118 662697 158754 163554 77602 751499 841614 343104 925795 943727 970941 785957 666404 836959
 792434 233205 554092 967462 643009 196264 261112 1023803 815476 204107 946290 541808 803019 388532 841425 784871 993786 534159 848300 773782 523566 280795 279245 339963 602113 1 242581 928334 788052 339861 634950 611729 128277 344837 556423 678193 643555 991672 467768 696287 550536 1103279 244982 510491 392689 552514 583510 993714 645842 336969
 664618 59053 399013 1030629 458350 274003 386901 885649 867260 336497 909745 436993 819787 537218 645897 747634 856141 292322 883791 614435 283816 465119 519056 108100 361371 242581 1 971130 874435 578821 755604 512397 252312 141277 339106 578142 691546 841645 226227 470270 307963 949656 486081 360770 601773 691014 721647 888199 606850 524739
 635853 1020942 742344 97417 824213 742119 670283 726678 114429 725043 307867 627093 168839 585859 911709 336996 713469 1119712 88844 747263 1036976 707448 899024 951704 1083328 928334 971130 1 204203 897366 377938 583145 804241 893514 929838 561921 285927 764789 1086059 1011883 1105184 829228 910437 740300 730873 465897 449125 583361 418072 685811
 697959 917413 729545 192376 829454 618339 527313 839798 124776 585179 458093 611315 242037 415670 955750 414154 820960 1067787 187181 793423 993389 539307 717944 876764 1051185 788052 874435 204203 1 709656 181484 590365 672456 823117 904898 592417 206145 864643 1024271 1009796 1058834 946279 733499 715554 540446 274208 252916 708937 428467 508075
 992448 573039 806611 901939 913156 394151 336985 1218800 786024 330034 1022355 751176 825516 324112 1111155 880777 1189941 871076 837951 1008969 851650 228061 60918 666947 930773 339861 578821 897366 709656 1 528550 803837 358656 657563 861368 861266 651460 1202455 805047 1004512 885280 1312769 97030 764423 169945 435455 458034 1151646 766260 220379
 729867 791526 693177 373477 803463 485441 381055 908478 275299 438867 579186 581576 355757 248848 958623 488264 885448 982164 335717 805614 917199 369951 538841 776911 983273 634950 755604 377938 181484 528550 1 583468 529815 729413 848449 605771 219418 920601 931279 969724 978292 1014764 556166 669270 359087 93724 71642 794255 446673 332404
 188927 571331 164189 670085 242794 435160 466878 418872 515441 481259 418721 75463 414409 534685 375191 271359 389287 561825 498163 226268 473199 580857 766103 445619 508037 611729 512397 583145 590365 803837 583468 1 497610 387023 353305 67316 389340 398628 543139 429302 541633 509250 752493 175812 706791 585149 602344 383872 167207 612214
 682856 272553 462300 847229 562309 68415 148765 914625 692285 91428 818633 431604 675612 293686 761857 657718 884741 532898 722867 676482 500833 212823 305132 319346 579485 128277 252312 804241 672456 358656 529815 497610 1 301477 502720 562709 518618 887076 469508 645877 542118 998931 280173 418770 351825 454710 485910 875619 519675 272427
 527607 197875 260104 962209 317767 289532 398274 745744 797170 362292 797577 313115 733451 542820 508517 638922 716385 253826 804789 473379 202881 500669 601286 60064 280057 344837 141277 893514 823117 657563 729413 387023 301477 1 211661 450304 626618 700750 202361 351906 254118 808478 572399 224241 645740 679334 708138 754138 502662 557252
 419388 386498 189296 1011896 157854 476486 572888 603961 850869 548761 764111 302824 761408 703615 313427 624203 576961 222677 842587 328385 132897 685563 806968 231316 154744 556423 339106 929838 904898 861368 848449 353305 502720 211661 1 396293 698966 548140 228446 143182 196561 647102 779691 190917 831395 816879 842461 648741 512329 737986
 134079 637151 212051 652985 266579 499242 524578 357885 505873 542452 367945 142110 395472 581474 363334 233796 328790 611785 480719 202211 521938 636108 825527 508106 549720 678193 578142 561921 592417 861266 605771 67316 562709 450304 396293 1 399649 343544 597811 454295 589588 452267 813239 232485 757194 617083 631632 316626 164679 664076
 516974 739213 523729 339100 625287 456192 388235 689139 176449 441321 380422 405727 174332 327711 760810 270544 666322 866451 204888 601821 789955 440962 642272 682431 846118 643555 691546 285927 206145 651460 219418 389340 518618 626618 698966 399649 1 702535 825652 804150 856156 795512 648086 509423 497076 264750 266319 575997 235661 431605
 210263 898593 445082 862157 394365 828389 865481 68465 753116 878710 469757 456482 628965 924079 281613 450554 58801 760825 706510 227579 676523 978758 1164368 747155 662697 991672 841645 764789 864643 1202455 920601 398628 887076 700750 548140 343544 702535 1 776282 507335 730108 111860 1149880 486717 1100644 946276 956960 201941 478473 1007612
 641749 242080 386600 1158434 385494 475296 588256 832401 993548 545086 961859 476866 922427 736623 529195 810376 805333 66469 997225 556418 103562 680271 745242 156705 158754 467768 226227 1086059 1024271 805047 931279 543139 469508 202361 228446 597811 825652 776282 1 308978 87981 873677 712075 367336 821331 878836 908112 872594 682010 739059
 433782 511843 280517 1099386 188049 619023 713201 571210 943550 690990 810085 398486 843385 839911 233855 688036 548183 271980 927421 320287 207223 827138 949949 362636 163554 696287 470270 1011883 1009796 1004512 969724 429302 645877 351906 143182 454295 804150 507335 308978 1 239242 591323 922399 300468 972741 945159 969369 647076 596233 878653
 615249 328748 378496 1182263 351502 540538 651356 789770 1018437 612251 957374 482544 938599 796878 469225 812755 764088 32785 1016755 519006 68685 749534 826036 222888 77602 550536 307963 1105184 1058834 885280 978292 541633 542118 254118 196561 589588 856156 730108 87981 239242 1 822064 793601 368903 892807 932044 960403 843467 692435 807389
 320379 1006065 555017 925687 497325 940128 975799 106830 830023 989953 524331 568206 706232 1030489 358173 534021 129682 853597 779033 335405 772150 1088306 1275315 853227 751499 1103279 949656 829228 946279 1312769 1014764 509250 998931 808478 647102 452267 795512 111860 873677 591323 822064 1 1261182 597125 1208189 1045546 1054659 246186 578842 1115884
 941289 477703 739082 925178 841773 325968 293323 1170837 796816 271261 1006314 694338 821907 324820 1041064 857208 1141460 778334 844083 948131 762560 207270 36747 577694 841614 244982 486081 910437 733499 97030 556166 752493 280173 572399 779691 813239 648086 1149880 712075 922399 793601 1261182 1 696004 216542 462693 489125 1113723 733777 225692
 303941 419324 43756 821311 151533 371002 442828 526624 659977 435267 594532 113910 572358 553095 346836 444919 496869 387487 652632 263875 300220 561228 717021 279253 343104 510491 360770 740300 715554 764423 669270 175812 418770 224241 190917 232485 509423 486717 367336 300468 368903 597125 696004 1 702567 646997 670357 529949 324320 606140
 891086 612654 741413 732563 854098 357277 260854 1109245 620976 284187 874842 665705 669125 180956 1045352 742602 1081513 884512 675031 925044 848167 145978 190267 669957 925795 392689 601773 730873 540446 169945 359087 706791 351825 645740 831395 757194 497076 1100644 821331 972741 892807 1208189 216542 702567 1 266506 288267 1028043 641206 96620
 746983 722628 675671 466535 789027 417375 307212 940669 358558 363308 641898 571150 423291 164002 956716 533257 915883 933157 415885 811077 873987 280660 445121 722624 943727 552514 691014 465897 274208 435455 93724 585149 454710 679334 816879 617083 264750 946276 878836 945159 932044 1045546 462693 646997 266506 1 31225 836318 467805 239867
 760067 753605 697970 444556 810753 448165 338313 949218 344722 394501 638617 591503 417418 195063 975454 536644 924989 961951 403909 827645 901807 310601 470354 752076 970941 583510 721647 449125 252916 458034 71642 602344 485910 708138 842461 631632 266319 956960 908112 969369 960403 1054659 489125 670357 288267 31225 1 841338 478919 268061
 231062 947185 496966 679625 491972 810306 820689 147970 589506 846651 278259 457595 467076 847154 448271 306007 143539 871106 536058 328246 781637 923600 1122131 808742 785957 993714 888199 583361 708937 1151646 794255 383872 875619 754138 648741 316626 575997 201941 872594 647076 843467 246186 1113723 529949 1028043 836318 841338 1 387119 941464
 283211 663248 324297 503347 409998 451424 440927 475236 348372 474223 305573 210435 249318 460480 527642 142139 449431 709347 331909 366792 623806 538333 739539 562689 666404 645842 606850 418072 428467 766260 446673 167207 519675 502662 512329 164679 235661 478473 682010 596233 692435 578842 733777 324320 641206 467805 478919 387119 1 554405
 797667 541883 644846 699551 757659 267721 165562 1018075 572702 195220 802295 569640 605862 103909 948733 663015 990009 800860 621919 829170 760123 59714 213385 585235 836959 336969 524739 685811 508075 220379 332404 612214 272427 557252 737986 664076 431605 1007612 739059 878653 807389 1115884 225692 606140 96620 239867 268061 941464 554405 1
LAMBDA_SECTION
1 14
2 714
3 232
4 676
5 979
6 443
7 398
8 820
9 605
10 599
11 997
12 537
13 12
14 677
15 980
16 590
17 814
18 60
19 760
20 403
21 591
22 580
23 284
24 15
25 413
26 346
27 633
28 226
29 52
30 694
31 965
32 333
33 405
34 24
35 394
36 82
37 428
38 912
39 718
40 879
41 189
42 869
43 181
44 12
45 1000
46 855
47 363
48 743
49 915
50 563
