NAME : domp50p16v1
COMMENT : Cherkesly, Contardo & Gruson 2022
TYPE : DOMP
DIMENSION : 50
DISPLAY_DATA_TYPE : NO_DISPLAY
OPEN_FACILITIES : 16
COST_SECTION
 1 1013446 697162 378645 802627 260057 1047798 232015 892665 892747 867521 488417 467218 464513 787648 767895 198543 750894 72666 842085 274713 309035 61727 203672 625861 595482 461163 716586 393313 494652 772279 240951 441398 630252 487223 658919 708608 256621 243882 571395 662839 667699 144781 463006 728127 639486 485241 909196 519601 526467
 1013446 1 564271 920252 671496 755872 37652 946357 123137 123614 173181 530807 727438 687534 440578 264771 853869 377147 971163 740318 1200704 708522 975448 881574 410243 797013 774157 297480 662191 577274 943080 772814 655022 417081 773568 653096 410865 1177469 1169571 890058 623817 818945 1054890 889296 328083 398669 831951 905320 604606 586390
 697162 564271 1 834785 903142 521846 600435 522786 497638 499678 534016 334738 245302 234351 709827 334776 498643 189432 694619 976881 959680 501866 692243 682258 478375 240955 759180 378126 320236 560762 1078604 502274 609928 502228 261123 90525 605131 938269 926531 337476 770552 930424 662958 860670 524280 266076 827102 1127647 628306 183750
 378645 920252 834785 1 480501 327570 946561 560751 799907 798899 749111 513920 677309 649090 557663 740612 451607 798190 308048 500167 350217 335094 319241 199701 515555 837689 156497 662727 527857 347434 394672 363320 269963 504903 723089 837043 524527 331629 330861 851254 375569 305872 521059 88718 592740 652863 132390 538831 316451 653324
 802627 671496 903142 480501 1 606673 681067 902387 585316 583105 515593 596413 872627 828300 234843 637479 773334 769272 731518 75521 830599 571369 741764 599526 425729 1025706 346166 558704 712934 382870 283663 651070 388494 401847 931526 951788 311231 812124 811158 1080610 152064 206421 923873 399701 409987 640710 348112 240092 321613 770972
 260057 755872 521846 327570 606673 1 789621 295716 634230 634216 607537 242612 349816 322066 545483 518235 166687 525955 215881 660756 464777 49214 219683 161061 366353 510900 310380 460610 204343 249843 659382 45289 218625 371870 396974 513781 457254 441755 431712 531073 456063 525136 337391 376902 469046 397448 365090 764333 292017 338104
 1047798 37652 600435 946561 681067 789621 1 983271 155449 155568 197467 566591 765089 725169 453436 302264 889884 413917 1004559 748193 1231716 741978 1009024 913025 439960 833960 798726 332800 699037 605718 956049 807407 683131 445509 811166 689528 431902 1208517 1200800 927207 641209 835179 1090969 913073 353827 435926 855155 912080 630310 624028
 232015 946357 522786 560751 902387 295716 983271 1 834924 835663 827848 424894 277754 293540 825908 683563 129080 623532 275183 955821 502806 333548 266134 361328 614510 376189 593286 655323 284296 536717 935371 251517 514153 627169 278770 465810 728122 486332 473511 341365 751610 810322 142864 633062 715201 548568 637514 1052677 585813 382740
 892665 123137 497638 799907 585316 634230 155449 834924 1 2556 70042 414126 631070 588643 350484 168853 737592 308917 849111 657710 1077568 586536 853589 758464 287612 717792 656118 180167 550873 455310 846279 652524 533240 295443 681125 581943 301453 1054333 1046443 807169 519422 715606 938715 772129 210797 293583 715734 824053 485487 488548
 892747 123614 499678 798899 583105 634216 155568 835663 2556 1 67733 414621 632415 589918 348281 170519 738064 311020 849023 655456 1077122 586471 853532 758073 286901 719552 654914 180747 551656 454480 844298 652675 532387 294544 682575 583884 299733 1053892 1046026 808836 517597 713778 939179 770875 209436 294753 714419 821796 484348 489884
 867521 173181 534016 749111 515593 607537 197467 827848 70042 67733 1 403037 643061 598691 280834 199262 723376 349526 819714 587787 1038936 558811 824962 721814 247028 742996 601554 178958 546531 409730 778567 630033 486667 250082 696170 614191 238322 1015840 1008539 828897 453961 649934 923608 716348 156418 304296 658842 754118 432844 501275
 488417 530807 334738 513920 596413 242612 566591 424894 414126 414621 403037 1 284096 237737 445113 279480 323497 289131 455380 666373 707143 203386 457718 395085 206677 430071 425266 234102 147805 229261 746469 248505 275275 225581 343469 363349 337201 684050 674164 491991 452559 598632 524633 530168 298673 154839 493573 807075 297699 175722
 467218 727438 245302 677309 872627 349816 765089 277754 631070 632415 643061 284096 1 46774 728855 464850 271880 369170 477310 939551 738380 350845 472856 496371 488226 162960 642677 464373 164015 492081 987802 315642 511577 508467 59446 192362 620525 718333 706015 208604 724002 844489 418931 723778 571485 339289 704662 1069791 558311 142549
 464513 687534 234351 649090 828300 322066 725169 293540 588643 589918 598691 237737 46774 1 682253 423759 266201 336802 467455 895839 731322 317878 464024 474461 441484 201080 606510 419800 125707 448989 949465 291770 471846 461787 105814 198398 573867 710557 698498 254366 680367 805113 430752 691562 524875 295758 669806 1028048 515829 101162
 787648 440578 709827 557663 234843 545483 453436 825908 350484 348281 280834 445113 728855 682253 1 414595 701168 556196 724476 307816 890942 499453 732756 601379 242319 867138 401196 342095 584731 295979 502748 583358 347769 220810 788062 770769 108817 869361 864985 935696 198346 384777 882739 501181 189299 443912 441110 474098 270670 606351
 767895 264771 334776 740612 637479 518235 302264 683563 168853 170519 199262 279480 464850 423759 414595 1 597005 152044 733308 712937 978772 474494 736150 660750 240760 549260 614788 84070 400307 397076 866475 527742 471950 260195 513451 415993 326549 955499 946306 638319 534866 723904 796916 731220 227829 135011 680961 875922 447236 322833
 198543 853869 498643 451607 773334 166687 889884 129080 737592 738064 723376 323497 271880 266201 701168 597005 1 561680 206309 827175 466633 205127 201287 253507 498509 412478 468613 557597 203108 409403 814172 122468 385074 509138 299251 462032 606040 446469 434176 406867 622532 685459 201138 517378 600886 463607 516472 926861 457023 330418
 750894 377147 189432 798190 769272 525955 413917 623532 308917 311020 349526 289131 369170 336802 556196 152044 561680 1 729962 844645 989352 490939 730504 682834 349471 420170 692483 214103 358983 476212 978070 522339 541928 372490 407256 276501 459582 966563 956071 514104 652553 831573 751965 804641 366902 147580 760960 1003846 537140 240906
 72666 971163 694619 308048 731518 215881 1004559 275183 849111 849023 819714 455380 477310 467455 724476 733308 206309 729962 1 769986 265098 262642 11213 132002 574898 617726 388966 676454 379667 434837 700668 208335 376875 577293 505319 665363 649653 243675 231915 604316 593341 595045 213037 391303 675795 609439 412619 836649 454731 516996
 842085 740318 976881 500167 75521 660756 748193 955821 657710 655456 587787 666373 939551 895839 307816 712937 827175 844645 769986 1 846932 628417 780585 638438 500240 1094434 381039 634223 778359 447810 237032 705726 445067 476389 998104 1023993 386747 829790 829968 1146832 215555 201770 968643 414451 485363 715271 369693 166350 383626 841582
 274713 1200704 959680 350217 830599 464777 1231716 502806 1077568 1077122 1038936 707143 738380 731322 890942 978772 466633 989352 265098 846932 1 505109 267571 319672 792309 870182 497496 914187 644085 631877 704176 467751 558652 789198 761297 928451 838547 23309 33381 844053 721181 647625 383758 432737 886239 861923 482541 863085 627382 781789
 309035 708522 501866 335094 571369 49214 741978 333548 586536 586471 558811 203386 350845 317878 499453 474494 205127 490939 262642 628417 505109 1 267066 191941 317153 513701 294093 414331 193882 205038 642550 84102 183403 322705 402337 502061 409341 481910 472376 542558 419698 503799 384558 373690 419833 357508 354189 739283 252419 319059
 61727 975448 692243 319241 741764 219683 1009024 266134 853589 853532 824962 457718 472856 464024 732756 736150 201287 730504 11213 780585 267571 267066 1 142354 580638 611731 399598 680242 378617 442285 711877 209869 385342 583423 499782 661629 657020 246559 234578 596908 603109 606067 201864 402512 681848 611420 423681 847747 463318 515519
 203672 881574 682258 199701 599526 161061 913025 361328 758464 758073 721814 395085 496371 474461 601379 660750 253507 682834 132002 638438 319672 191941 142354 1 474788 652093 257643 594689 363011 320654 580472 182902 254633 473355 536832 670148 533903 296373 288109 657693 462318 467269 335226 273395 571478 548473 286294 710126 330721 498632
 625861 410243 478375 515555 425729 366353 439960 614510 287612 286901 247028 206677 488226 441484 242319 240760 498509 349471 574898 500240 792309 317153 580638 474788 1 624844 379184 156953 351948 168570 630567 393740 246617 23895 547145 532645 133510 769168 761727 694043 303083 485733 694131 496239 103137 215031 443505 656020 208751 364068
 595482 797013 240955 837689 1025706 510900 833960 376189 717792 719552 742996 430071 162960 201080 867138 549260 412478 420170 617726 1094434 870182 513701 611731 652093 624844 1 805563 570381 325748 648933 1150054 474598 672841 646808 115262 151202 758349 851698 839039 96704 879300 1006073 516656 886195 697076 443996 867614 1228729 716231 260789
 461163 774157 759180 156497 346166 310380 798726 593286 656118 654914 601554 425266 642677 606510 401196 614788 468613 692483 388966 381039 497496 294093 399598 257643 379184 805563 1 533189 480804 218713 349245 354803 151408 365085 695755 777270 371446 477177 474495 836611 223767 217047 590502 117061 446179 544904 68713 459691 171354 587014
 716586 297480 378126 662727 558704 460610 332800 655323 180167 180747 178958 234102 464373 419800 342095 84070 557597 214103 676454 634223 914187 414331 680242 594689 156953 570381 533189 1 371730 316799 782940 475726 393015 176130 518113 450320 247584 890879 882228 653477 451778 639984 758734 649959 152810 127055 598751 795870 364446 323049
 393313 662191 320236 527857 712934 204343 699037 284296 550873 551656 546531 147805 164015 125707 584731 400307 203108 358983 379667 778359 644085 193882 378617 363011 351948 325748 480804 371730 1 330577 824306 182040 347569 369094 220833 309804 478768 622099 610743 368673 562933 680574 398656 567041 446330 265404 544236 906193 395696 138169
 494652 577274 560762 347434 382870 249843 605718 536717 455310 454480 409730 229261 492081 448989 295979 397076 409403 476212 434837 447810 631877 205038 442285 320654 168570 648933 218713 316799 330577 1 517974 289126 78057 160249 550420 592552 214846 609011 602418 699034 232357 369883 586838 334399 254910 328945 286268 580448 68498 403649
 772279 943080 1078604 394672 283663 659382 956049 935371 846279 844298 778567 746469 987802 949465 502748 866475 814172 978070 700668 237032 704176 642550 711877 580472 630567 1150054 349245 782940 824306 517974 1 703470 478466 608757 1042355 1108674 549844 691477 694896 1184943 332381 148204 912773 309366 649691 835548 297938 163938 450311 918377
 240951 772814 502274 363320 651070 45289 807407 251517 652524 652675 630033 248505 315642 291770 583358 527742 122468 522339 208335 705726 467751 84102 209869 182902 393740 474598 354803 475726 182040 289126 703470 1 262678 401369 359813 487299 491922 445204 434393 490313 500111 570064 302234 417365 496872 401634 408157 809543 334725 319617
 441398 655022 609928 269963 388494 218625 683131 514153 533240 532387 486667 275275 511577 471846 347769 471950 385074 541928 376875 445067 558652 183403 385342 254633 246617 672841 151408 393015 347569 78057 478466 262678 1 237945 567686 632481 280929 536023 529987 713489 237465 333278 546393 263004 331044 394433 220119 560831 78224 441780
 630252 417081 502228 504903 401847 371870 445509 627169 295443 294544 250082 225581 508467 461787 220810 260195 509138 372490 577293 476389 789198 322705 583423 473355 23895 646808 365085 176130 369094 160249 608757 401369 237945 1 567557 556065 112130 766153 759039 714937 280217 464553 702907 482069 98599 238889 428206 632444 193833 386127
 487223 773568 261123 723089 931526 396974 811166 278770 681125 682575 696170 343469 59446 105814 788062 513451 299251 407256 505319 998104 761297 402337 499782 536832 547145 115262 695755 518113 220833 550420 1042355 359813 567686 567557 1 190576 679652 742182 729630 149281 782552 899985 421605 773211 629168 391876 756506 1127007 616242 195071
 658919 653096 90525 837043 951788 513781 689528 465810 581943 583884 614191 363349 192362 198398 770769 415993 462032 276501 665363 1023993 928451 502061 661629 670148 532645 151202 777270 450320 309804 592552 1108674 487299 632481 556065 190576 1 663646 907968 895801 247902 812959 961236 608353 871773 589940 329717 843624 1169176 661022 190703
 708608 410865 605131 524527 311231 457254 431902 728122 301453 299733 238322 337201 620525 573867 108817 326549 606040 459582 649653 386747 838547 409341 657020 533903 133510 758349 371446 247584 478768 214846 549844 491922 280929 112130 679652 663646 1 816121 810417 827062 219085 414998 793828 483183 100737 339131 424434 549388 212137 497568
 256621 1177469 938269 331629 812124 441755 1208517 486332 1054333 1053892 1015840 684050 718333 710557 869361 955499 446469 966563 243675 829790 23309 481910 246559 296373 769168 851698 477177 890879 622099 609011 691477 445204 536023 766153 742182 907968 816121 1 12825 827242 700937 631225 370672 415355 863272 838812 464018 849337 605154 759922
 243882 1169571 926531 330861 811158 431712 1200800 473511 1046443 1046026 1008539 674164 706015 698498 864985 946306 434176 956071 231915 829968 33381 472376 234578 288109 761727 839039 474495 882228 610743 602418 694896 434393 529987 759039 729630 895801 810417 12825 1 814432 698239 632068 358056 415552 856375 828969 463164 852018 599847 748477
 571395 890058 337476 851254 1080610 531073 927207 341365 807169 808836 828897 491991 208604 254366 935696 638319 406867 514104 604316 1146832 844053 542558 596908 657693 694043 96704 836611 653477 368673 699034 1184943 490313 713489 714937 149281 247902 827062 827242 814432 1 931314 1044318 473287 907577 772736 526430 895104 1273877 764360 334401
 662839 623817 770552 375569 152064 456063 641209 751610 519422 517597 453961 452559 724002 680367 198346 534866 622532 652553 593341 215555 721181 419698 603109 462318 303083 879300 223767 451778 562933 232357 332381 500111 237465 280217 782552 812959 219085 700937 698239 931314 1 196186 778548 309347 317852 514941 250085 357125 169631 628198
 667699 818945 930424 305872 206421 525136 835179 810322 715606 713778 649934 598632 844489 805113 384777 723904 685459 831573 595045 201770 647625 503799 606067 467269 485733 1006073 217047 639984 680574 369883 148204 570064 333278 464553 899985 961236 414998 631225 632068 1044318 196186 1 802463 217750 512715 688201 182681 243374 302120 771182
 144781 1054890 662958 521059 923873 337391 1090969 142864 938715 939179 923608 524633 418931 430752 882739 796916 201138 751965 213037 968643 383758 384558 201864 335226 694131 516656 590502 758734 398656 586838 912773 302234 546393 702907 421605 608353 793828 370672 358056 473287 778548 802463 1 603527 797138 662783 621326 1045341 623525 513416
 463006 889296 860670 88718 399701 376902 913073 633062 772129 770875 716348 530168 723778 691562 501181 731220 517378 804641 391303 414451 432737 373690 402512 273395 496239 886195 117061 649959 567041 334399 309366 417365 263004 482069 773211 871773 483183 415355 415552 907577 309347 217750 603527 1 561731 657266 60086 450420 288260 683572
 728127 328083 524280 592740 409987 469046 353827 715201 210797 209436 156418 298673 571485 524875 189299 227829 600886 366902 675795 485363 886239 419833 681848 571478 103137 697076 446179 152810 446330 254910 649691 496872 331044 98599 629168 589940 100737 863272 856375 772736 317852 512715 797138 561731 1 260328 505028 649106 276629 438542
 639486 398669 266076 652863 640710 397448 435926 548568 293583 294753 304296 154839 339289 295758 443912 135011 463607 147580 609439 715271 861923 357508 611420 548473 215031 443996 544904 127055 265404 328945 835548 401634 394433 238889 391876 329717 339131 838812 828969 526430 514941 688201 662783 657266 260328 1 613383 870202 390925 197087
 485241 831951 827102 132390 348112 365090 855155 637514 715734 714419 658842 493573 704662 669806 441110 680961 516472 760960 412619 369693 482541 354189 423681 286294 443505 867614 68713 598751 544236 286268 297938 408157 220119 428206 756506 843624 424434 464018 463164 895104 250085 182681 621326 60086 505028 613383 1 424228 234758 653740
 909196 905320 1127647 538831 240092 764333 912080 1052677 824053 821796 754118 807075 1069791 1028048 474098 875922 926861 1003846 836649 166350 863085 739283 847747 710126 656020 1228729 459691 795870 906193 580448 163938 809543 560831 632444 1127007 1169176 549388 849337 852018 1273877 357125 243374 1045341 450420 649106 870202 424228 1 512624 982706
 519601 604606 628306 316451 321613 292017 630310 585813 485487 484348 432844 297699 558311 515829 270670 447236 457023 537140 454731 383626 627382 252419 463318 330721 208751 716231 171354 364446 395696 68498 450311 334725 78224 193833 616242 661022 212137 605154 599847 764360 169631 302120 623525 288260 276629 390925 234758 512624 1 472130
 526467 586390 183750 653324 770972 338104 624028 382740 488548 489884 501275 175722 142549 101162 606351 322833 330418 240906 516996 841582 781789 319059 515519 498632 364068 260789 587014 323049 138169 403649 918377 319617 441780 386127 195071 190703 497568 759922 748477 334401 628198 771182 513416 683572 438542 197087 653740 982706 472130 1
LAMBDA_SECTION
1 259
2 326
3 880
4 856
5 223
6 919
7 181
8 903
9 616
10 531
11 449
12 239
13 344
14 285
15 363
16 551
17 217
18 553
19 955
20 959
21 14
22 871
23 575
24 569
25 237
26 286
27 652
28 771
29 896
30 298
31 419
32 137
33 430
34 250
35 143
36 399
37 597
38 752
39 853
40 850
41 627
42 816
43 637
44 301
45 798
46 595
47 881
48 988
49 229
50 230
