NAME : domp70p35v10
COMMENT : Cherkesly, Contardo & Gruson 2022
TYPE : DOMP
DIMENSION : 70
DISPLAY_DATA_TYPE : NO_DISPLAY
OPEN_FACILITIES : 35
COST_SECTION
 1 226933 191433 809208 740381 314699 472811 582998 838144 145666 639808 684769 671771 327573 137818 496388 487090 880987 863831 987822 597217 408080 434569 761734 497061 313548 334312 422219 915776 677809 776923 164877 69743 776402 762018 353167 337199 627370 647134 453857 244312 498528 496285 107955 736978 194944 463378 779881 526850 135843 820399 1004547 16288 434321 621097 621396 426428 964885 1064339 553658 311738 574362 699252 400375 489613 423756 25827 482197 777315 342579
 226933 1 44883 728135 671108 188099 549668 583853 702807 139765 617751 711675 447446 129607 360437 270196 296355 881003 863752 818400 374193 537809 557748 581518 487984 397403 483567 453651 856710 453450 558948 87183 208310 724291 790042 307057 221410 400532 647077 527265 68749 399365 278606 333167 766619 380277 240656 560494 300260 345808 675763 832363 230931 224474 399597 580250 210590 962821 881487 330528 220978 347482 478764 250836 357012 453071 212927 332462 778215 188347
 191433 44883 1 713042 653139 173247 509154 552717 700627 95055 590556 677846 488950 173446 321194 310595 309276 851919 834606 826720 416500 493724 514031 592566 457240 354952 438784 416877 837830 486387 586916 83566 184031 703311 756490 278517 205297 437560 616630 486892 103669 384691 305865 299137 732734 336240 283531 589395 339891 304215 676012 841616 193441 269321 429924 556023 255091 934387 894459 362237 198021 386077 508375 289831 350376 416543 174778 330591 748491 226554
 809208 728135 713042 1 75425 540853 508519 309216 209412 679852 233499 358342 840415 810587 845168 747397 509869 319696 310854 415566 822718 638854 623320 402095 344136 567849 683358 444062 145375 688445 642150 796013 853143 102990 374041 456457 508058 735525 283993 504541 793397 328864 613099 883913 373769 755297 777206 657426 744854 802304 246088 438010 796965 828336 642029 210498 802497 362905 527627 652137 517281 743342 645990 941557 380100 440356 783579 416159 283970 891116
 740381 671108 653139 75425 1 483022 434443 235907 249450 614416 161550 298940 819025 760498 772130 712623 474036 301135 289011 463705 794970 564041 548970 411351 268934 492908 607946 368735 185963 674318 642024 735323 786531 72745 326479 389173 449772 714098 216864 429874 737698 273290 580040 812403 322130 680964 738743 656862 713034 729132 277591 486451 727723 786105 622942 135074 760287 359204 575737 625134 455654 716227 636085 892879 333888 365048 714903 373186 242923 840092
 314699 188099 173247 540853 483022 1 422159 411539 531978 169035 436579 545571 492826 289309 410413 324048 189750 701648 684582 673173 434059 452665 464665 448608 316561 299767 423677 307447 668615 431434 501332 256787 336287 536673 622163 138295 33391 411052 472157 399761 255226 212033 245323 415739 600049 376645 323509 507948 342959 378111 510303 689848 308421 345491 366277 395293 322192 782061 750594 313718 48377 375607 434851 422333 180085 305615 290262 167728 600609 364448
 472811 549668 509154 508519 434443 422159 1 199707 648527 421405 276295 233265 912190 677644 431908 746203 568405 440093 424344 856854 855921 134068 115171 709655 193096 161494 197834 123149 554243 827770 863431 563714 539911 428109 302820 291710 402374 823646 241405 22647 612639 377535 655384 494392 278081 322485 743626 874180 764473 391601 657698 878904 456587 756642 762102 303209 735742 520880 962625 722803 373899 794329 816128 798964 442582 126434 454225 475324 345204 735614
 582998 583853 552717 309216 235907 411539 199707 1 463372 485785 76675 137815 858844 699000 582027 714039 496099 301384 284037 676857 815456 331902 314822 561894 95925 289635 384086 164142 361404 744563 752262 625466 641255 229863 211399 277535 381312 759803 64842 197618 652363 268929 598655 633720 190495 479949 724982 765077 724770 538916 478998 699403 568067 755129 682415 111421 730938 384987 786128 659765 367849 743592 720909 830625 347149 161787 559623 388438 197159 770287
 838144 702807 700627 209412 249450 531978 648527 463372 1 695385 398395 547080 700841 754949 904904 645941 428838 528960 520265 215317 699223 766758 757376 222071 459414 662050 793950 554739 329382 537836 465689 783107 867432 307594 575248 498971 504300 599674 460027 638579 759589 343778 514570 929182 571546 832488 685163 481232 635252 864665 45371 238070 828991 745702 504991 351966 720848 567842 326827 534408 526641 621290 488174 876214 351900 550610 812545 370607 488721 835739
 145666 139765 95055 679852 614416 169035 421405 485785 695385 1 532102 603777 574976 268305 251886 395740 345785 787134 769782 842168 504512 399152 419984 616640 392684 263718 343810 338547 795199 555514 645130 143593 174345 657352 682579 226062 192211 515085 550559 399558 194320 359951 368385 248196 658224 247554 373413 649438 423323 226608 676265 858883 139775 363662 494896 504789 348398 870594 919068 431061 169168 467098 570785 379964 345114 338813 121354 336572 682939 316501
 639808 617751 590556 233499 161550 436579 276295 76675 398395 532102 1 159393 854300 725838 648906 720507 491886 265280 248340 613433 816806 408548 391443 518159 142777 358532 459436 231280 288268 729015 723823 667309 694665 153876 214550 312054 404311 752391 64649 274201 686478 262273 597804 697444 200229 549547 736529 737421 728004 605619 418187 636136 625481 772613 669592 59437 747636 345571 724107 654682 397264 741959 700367 858908 340094 228309 615569 382785 166762 800514
 684769 711675 677846 358342 298940 545571 233265 137815 547080 603777 159393 1 996292 830507 661100 851670 633296 206838 191220 762120 953270 360087 335130 677526 229361 374211 430476 266100 354035 879320 880719 746321 747704 257877 78820 408994 516331 896752 95339 244561 779539 404831 736330 720299 54945 552904 861902 894039 862572 619523 571129 784882 669035 890473 817977 218039 866577 287971 873893 797019 500405 881275 853624 960811 483409 265446 663273 525148 116782 899496
 671771 447446 488950 840415 819025 492826 912190 858844 700841 574976 854300 996292 1 354052 807441 179238 363220 1104961 1089792 689618 75970 943080 956617 485533 774679 790755 905199 792799 985731 166151 280240 510990 638359 890306 1065192 620944 509949 105024 907795 890148 432325 593030 261004 774364 1046953 822456 208555 268969 152942 793019 657064 691605 677330 251017 198814 798123 250408 1173821 694555 199679 540119 117891 220415 369045 514539 790339 659821 472082 1017734 384240
 327573 129607 173446 810587 760498 289309 677644 699000 754949 268305 725838 830507 354052 1 465377 194689 327032 990954 973890 840143 278099 667162 687303 600700 603292 526827 611385 577759 946183 402418 523424 162746 286257 819358 908158 421840 321583 333521 760652 655140 83404 487730 265247 424756 885351 500877 149783 521402 226374 458063 722187 851195 335881 107205 362425 683262 103651 1071225 888599 293164 331174 275644 440092 133413 430647 576877 320360 397077 889798 81283
 137818 360437 321194 845168 772130 410413 431908 582027 904904 251886 648906 661100 807441 465377 1 630625 595556 865809 849282 1072258 733401 334684 363479 856725 509619 292706 254101 418368 935256 804610 896967 302695 191876 796545 733967 406039 425242 758663 642411 417453 382078 561225 619118 71017 709017 109885 599491 901129 660515 43310 893064 1090502 130330 572041 745378 642976 563721 948482 1156518 679970 393406 707167 822033 533805 569830 421068 147624 571220 765432 477976
 496388 270196 310595 747397 712623 324048 746203 714039 645941 395740 720507 851670 179238 194689 630625 1 238618 980714 964614 690510 111414 768562 783377 457604 624348 617207 727845 630159 891160 210020 335533 339605 468172 780175 924462 458424 345546 138872 768268 723808 263808 459529 134667 600963 904412 643234 50149 331771 31846 614807 606782 698249 501024 117342 180161 668154 100730 1054916 723683 119653 372318 81273 252691 260867 384855 628071 483116 342777 886969 249219
 487090 296355 309276 509869 474036 189750 568405 496099 428838 345785 491886 633296 363220 327032 595556 238618 1 747013 731315 522900 325999 624220 631886 285187 414549 473522 605357 445615 652991 259369 312974 383029 492613 541971 701995 280728 187443 263861 544602 547542 342080 229968 107184 593039 683748 566395 267528 320498 240029 565498 395214 536356 483847 321805 193744 436725 296234 819249 585662 163729 223416 250116 251946 447645 151797 442599 464838 109110 656602 407348
 880987 881003 851919 319696 301135 701648 440093 301384 528960 787134 265280 206838 1104961 990954 865809 980714 747013 1 17355 729199 1072986 565701 539924 711845 395262 575789 637224 458774 232089 968294 942632 926204 941108 229657 147245 574066 669518 1001063 236579 450884 949742 521299 854080 923208 168390 758416 999198 957356 986126 823756 565447 751071 865663 1037130 913292 313016 1012001 83920 839924 906779 661434 996239 933059 1123902 596436 457244 858319 638997 104264 1065105
 863831 863752 834606 310854 289011 684582 424344 284037 520265 769782 248340 191220 1089792 973890 849282 964614 731315 17355 1 722432 1057311 550700 525143 700199 377915 558995 621695 441632 230501 953969 929745 908855 923863 218292 134799 556794 652496 986022 219228 434818 932488 505125 838331 906449 154853 742053 982808 944406 970243 807166 556003 744436 848524 1020448 898598 296679 995349 101160 833512 891414 644256 980718 919191 1106805 580538 440079 841128 623142 86936 1047947
 987822 818400 826720 415566 463705 673173 856854 676857 215317 842168 613433 762120 689618 840143 1072258 690510 522900 729199 722432 1 711154 969740 962576 239574 664948 853870 989801 755954 510432 525608 414265 904260 1005725 517462 787703 673969 651576 603315 675321 845364 864523 520310 577071 1086847 785152 1011566 737319 427983 670883 1034621 199191 22764 981077 803828 518680 565525 781799 757097 112243 570883 680500 642150 470503 944982 502519 751802 963189 505654 699154 916536
 597217 374193 416500 822718 794970 434059 855921 815456 699223 504512 816806 953270 75970 278099 733401 111414 325999 1072986 1057311 711154 1 879967 894693 492768 727993 728529 838942 738685 967884 189127 316349 435660 562728 864754 1024437 566608 454111 108092 867400 833613 356747 554541 219151 699167 1005171 751508 133912 307767 91828 720000 657053 715470 603148 175404 196588 762419 174466 1144682 727324 170583 482133 79445 243318 298831 477296 736465 585853 434560 982220 309908
 408080 537809 493724 638854 564041 452665 134068 331902 766758 399152 408548 360087 943080 667162 334684 768562 624220 565701 550700 969740 879967 1 28968 804138 307534 152901 80777 213907 688309 879968 932260 530744 477800 561345 422806 345283 441795 863715 375468 134461 592705 466751 697256 403253 399148 226991 757233 941487 791026 299913 771697 991276 392071 758314 814050 430452 740465 644032 1072276 765760 407842 826943 876145 776350 519731 218054 395096 545443 475050 713264
 434569 557748 514031 623320 548970 464665 115171 314822 757376 419984 391443 335130 956617 687303 363479 783377 631886 539924 525143 962576 894693 28968 1 802688 298147 166171 109714 209076 668006 889064 937680 553773 504219 543169 396158 351551 451949 875310 355208 119786 614072 465732 708100 431857 372756 255481 773600 947280 805109 328378 763944 984315 418480 776723 823073 416592 758325 617598 1066340 776562 418815 839943 883512 798526 522037 213158 420921 549551 450791 735284
 761734 581518 592566 402095 411351 448608 709655 561894 222071 616640 518159 677526 485533 600700 856725 457604 285187 711845 700199 239574 492768 804138 802688 1 519346 670687 809346 594258 539308 320133 244448 668045 774160 482190 724666 476638 431493 388290 582603 693807 625663 337390 338697 864277 714685 807843 502625 259982 440890 821774 176778 251720 756411 568113 296191 460218 545299 763557 302775 339087 463799 418207 268380 707735 294781 590265 737939 285923 650052 677537
 497061 487984 457240 344136 268934 316561 193096 95925 459414 392684 142777 229361 774679 603292 509619 624348 414549 395262 377915 664948 727993 307534 298147 519346 1 224331 341750 100280 425718 669057 688631 530947 552500 286951 305603 181646 286999 678029 159391 180463 556530 197284 513693 555932 283597 413930 633045 700520 636666 466322 466041 686837 482708 661139 605226 135032 637218 478346 769913 577073 272240 658159 649925 734762 271493 96455 472888 310214 291440 674367
 313548 397403 354952 567849 492908 299767 161494 289635 662050 263718 358532 374211 790755 526827 292706 617207 473522 575789 558995 853870 728529 152901 166171 670687 224331 1 138665 127301 646491 727808 783770 404186 379511 509289 450181 198656 289399 710816 349715 141232 457349 336614 544437 347484 425078 191018 607823 792474 639043 249793 660120 874486 297470 612863 661970 359351 593799 659141 951286 612938 255113 674342 725381 643482 379127 130417 293895 400573 474084 580003
 334312 483567 438784 683358 607946 423677 197834 384086 793950 343810 459436 430476 905199 611385 254101 727845 605357 637224 621695 989801 838942 80777 109714 809346 341750 138665 1 241884 745064 855063 917498 467076 403945 613309 496995 336122 418515 831759 434510 190755 533704 474692 668545 323093 472788 147429 712060 925624 752300 220244 794438 1010687 318646 707169 789732 472889 691020 717126 1088546 736659 382922 791147 856173 714111 517496 245873 323549 537730 543032 651706
 422219 453651 416877 444062 368735 307447 123149 164142 554739 338547 231280 266100 792799 577759 418368 630159 445615 458774 441632 755954 738685 213907 209076 594258 100280 127301 241884 1 519193 704934 740761 481758 483131 382201 344710 172124 284678 702470 226496 103337 520025 258379 534423 469605 320125 318309 630906 751370 646935 375167 558227 777436 406893 649132 639355 234072 627009 542668 858400 601377 259170 674923 692979 704452 320318 4153 399699 352322 355232 641936
 915776 856710 837830 145375 185963 668615 554243 361404 329382 795199 288268 354035 985731 946183 935256 891160 652991 232089 230501 510432 967884 688309 668006 539308 425718 646491 745064 519193 1 832968 782169 919517 965310 139551 337859 569143 635305 880864 312889 556108 923502 459245 757185 980973 347367 837474 919737 797579 889349 891950 371945 531368 902368 969192 787264 294738 943344 246995 618444 797304 639943 888540 789614 1078336 517965 516095 890690 555999 246816 1025931
 677809 453450 486387 688445 674318 431434 827770 744563 537836 555514 729015 879320 166151 402418 804610 210020 259369 968294 953969 525608 189127 879968 889064 320133 669057 727808 855063 704934 832968 1 129465 533370 660631 746736 943178 539206 438424 82396 786960 806902 463586 475761 188796 785353 927033 797121 259460 123326 180087 782038 493499 528707 679471 324349 66002 670656 310404 1032807 538218 124645 473154 135242 55116 465420 398293 701889 660575 358854 887176 459023
 776923 558948 586916 642150 642024 501332 863431 752262 465689 645130 723823 880719 280240 523424 896967 335533 312974 942632 929745 414265 316349 932260 937680 244448 688631 783770 917498 740761 782169 129465 1 642782 767217 714497 937372 586983 500385 211584 785809 844098 578024 491400 281080 884857 924043 876993 385582 15546 307036 870448 420321 414286 776694 451713 161815 664386 436249 999762 414390 232104 536375 264187 83362 593830 421036 737276 757544 388939 871414 584510
 164877 87183 83566 796013 735323 256787 563714 625466 783107 143593 667309 746321 510990 162746 302695 339605 383029 926204 908855 904260 435660 530744 553773 668045 530947 404186 467076 481758 919517 533370 642782 1 128609 784144 825140 355875 288674 475199 689958 542111 79736 467972 363764 263561 800928 344878 302590 643681 370976 296980 757683 918516 173697 269695 482214 635187 262908 1009235 968452 412375 279683 419772 561638 247133 433591 481909 159070 412641 822276 185325
 69743 208310 184031 853143 786531 336287 539911 641255 867432 174345 694665 747704 638359 286257 191876 468172 492613 941108 923863 1005725 562728 477800 504219 774160 552500 379511 403945 483131 965310 660631 767217 128609 1 826550 825506 397358 363134 603703 705842 520476 206042 534239 486581 139950 800550 263081 430377 768802 499575 199553 846572 1021375 85743 393228 607817 672395 388859 1025019 1076666 538502 342892 548378 687042 342356 515824 484372 85688 502928 837064 288147
 776402 724291 703311 102990 72745 536673 428109 229863 307594 657352 153876 257877 890306 819358 796545 780175 541971 229657 218292 517462 864754 561345 543169 482190 286951 509289 613309 382201 139551 746736 714497 784144 826550 1 271092 431396 503283 785477 191903 427337 791878 332050 648583 841584 270914 700004 804643 729376 781675 753256 340369 540012 762924 849970 694817 155192 824233 286480 629658 695403 505327 786305 708780 952396 398077 378945 751372 438672 181717 897978
 762018 790042 756490 374041 326479 622163 302820 211399 575248 682579 214550 78820 1065192 908158 733967 924462 701995 147245 134799 787703 1024437 422806 396158 724666 305603 450181 496995 344710 337859 943178 937372 825140 825506 271092 1 486376 592382 964385 157397 316519 858014 472218 806428 794641 25106 624969 936241 951146 934303 692956 603966 810341 746194 966393 883168 273682 942271 221545 899946 865562 577556 951253 914916 1038830 550827 344126 740826 593142 93063 977698
 353167 307057 278517 456457 389173 138295 291710 277535 498971 226062 312054 408994 620944 421840 406039 458424 280728 574066 556794 673969 566608 345283 351551 476638 181646 198656 336122 172124 569143 539206 586983 355875 397358 431396 486376 1 112928 532016 340193 269986 375760 155778 363725 434230 463738 337622 460989 596226 474838 365705 488628 693425 341429 483597 473244 279850 460448 656176 765574 431336 91596 503053 532023 553119 182349 169859 327441 201918 471159 492789
 337199 221410 205297 508058 449772 33391 402374 381312 504300 192211 404311 516331 509949 321583 425242 345546 187443 669518 652496 651576 454111 441795 451949 431493 286999 289399 418515 284678 635305 438424 500385 288674 363134 503283 592382 112928 1 424061 441179 380253 288616 179424 256281 435352 570582 383298 348577 507918 362438 390846 484193 668832 329767 374144 372626 362296 350308 749643 732031 324681 36010 392157 437663 454801 153019 282546 312175 146578 568888 397354
 627370 400532 437560 735525 714098 411052 823646 759803 599674 515085 752391 896752 105024 333521 758663 138872 263861 1001063 986022 603315 108092 863715 875310 388290 678029 710816 831759 702470 880864 82396 211584 475199 603703 785477 964385 532016 424061 1 807064 801998 401281 492310 168301 733596 946676 761237 185618 204551 107150 739513 556501 607442 630652 247430 94996 695634 236142 1069343 619766 101324 456512 58138 135547 386104 413645 699777 612193 371624 914888 383941
 647134 647077 616630 283993 216864 472157 241405 64842 460027 550559 64649 95339 907795 760652 642411 768268 544602 236579 219228 675321 867400 375468 355208 582603 159391 349715 434510 226496 312889 786960 785809 689958 705842 191903 157397 340193 441179 807064 1 244207 715695 314835 649169 695706 140082 538568 781412 799219 777513 599499 481356 698062 632099 813877 726410 122732 789373 320148 786439 708167 429587 793946 760027 892767 393461 224458 623925 435749 132398 832865
 453857 527265 486892 504541 429874 399761 22647 197618 638579 399558 274201 244561 890148 655140 417453 723808 547542 450884 434818 845364 833613 134461 119786 693807 180463 141232 190755 103337 556108 806902 844098 542111 520476 427337 316519 269986 380253 801998 244207 1 590423 360050 633710 478641 291565 308642 721053 854694 742209 376508 646375 867281 437678 733997 741164 296933 713097 532527 950309 701247 351533 772306 795890 776719 423580 106854 434802 455593 353885 713393
 244312 68749 103669 793397 737698 255226 612639 652363 759589 194320 686478 779539 432325 83404 382078 263808 342080 949742 932488 864523 356747 592705 614072 625663 556530 457349 533704 520025 923502 463586 578024 79736 206042 791878 858014 375760 288616 401281 715695 590423 1 465130 304492 342963 834474 418920 224433 577758 295517 374772 730546 877369 252481 190032 416318 648671 183364 1031570 921799 346001 289560 344764 495607 186368 418767 519595 236995 391225 846915 122975
 498528 399365 384691 328864 273290 212033 377535 268929 343778 359951 262273 404831 593030 487730 561225 459529 229968 521299 505125 520310 554541 466751 465732 337390 197284 336614 474692 258379 459245 475761 491400 467972 534239 332050 472218 155778 179424 492310 314835 360050 465130 1 335538 586201 454368 492497 478487 503241 466006 521275 332886 540277 488357 519853 413496 208642 494292 596605 615158 393369 192046 479845 453812 620540 78668 254495 472734 120950 427951 566971
 496285 278606 305865 613099 580040 245323 655384 598655 514570 368385 597804 736330 261004 265247 619118 134667 107184 854080 838331 577071 219151 697256 708100 338697 513693 544437 668545 534423 757185 188796 281080 363764 486581 648583 806428 363725 256281 168301 649169 633710 304492 335538 1 604238 787604 608416 170614 283619 133093 594955 476812 587259 496565 232309 126533 543269 208286 926431 623375 68505 289451 144946 203179 369340 258146 531780 477466 215411 763079 339692
 107955 333167 299137 883913 812403 415739 494392 633720 929182 248196 697444 720299 774364 424756 71017 600963 593039 923208 906449 1086847 699167 403253 431857 864277 555932 347484 323093 469605 980973 785353 884857 263561 139950 841584 794641 434230 435352 733596 695706 478641 342963 586201 604238 1 769584 176479 565837 887835 631823 103908 914137 1104184 109235 531944 728971 686768 526326 1006438 1166312 661352 406800 679843 807187 480048 585521 471937 128331 581742 821530 427546
 736978 766619 732734 373769 322130 600049 278081 190495 571546 658224 200229 54945 1046953 885351 709017 904412 683748 168390 154853 785152 1005171 399148 372756 714685 283597 425078 472788 320125 347367 927033 924043 800928 800550 270914 25106 463738 570582 946676 140082 291565 834474 454368 787604 769584 1 600084 915417 937650 914761 667956 598760 807854 721144 944708 866460 259661 920714 244888 897340 847437 555084 932516 899787 1015731 533035 319607 715827 575139 100552 954436
 194944 380277 336240 755297 680964 376645 322485 479949 832488 247554 549547 552904 822456 500877 109885 643234 566395 758416 742053 1011566 751508 226991 255481 807843 413930 191018 147429 318309 837474 797121 876993 344878 263081 700004 624969 337622 383298 761237 538568 308642 418920 492497 608416 176479 600084 1 619405 882943 670867 72925 824986 1030930 180487 603380 734357 548781 590763 840684 1101902 673718 348192 714334 807323 589901 514194 321381 189525 523139 659039 529555
 463378 240656 283531 777206 738743 323509 743626 724982 685163 373413 736529 861902 208555 149783 599491 50149 267528 999198 982808 737319 133912 757233 773600 502625 633045 607823 712060 630906 919737 259460 385582 302590 430377 804643 936241 460989 348577 185618 781412 721053 224433 478487 170614 565837 915417 619405 1 381643 79491 586383 647131 745572 469238 67595 230043 686184 50953 1075091 772618 167506 371737 127484 302813 211162 406860 629110 451952 365982 903290 199566
 779881 560494 589395 657426 656862 507948 874180 765077 481232 649438 737421 894039 268969 521402 901129 331771 320498 957356 944406 427983 307767 941487 947280 259982 700520 792474 925624 751370 797579 123326 15546 643681 768802 729376 951146 596226 507918 204551 799219 854694 577758 503241 283619 887835 937650 882943 381643 1 302638 875190 435864 427589 779970 447227 161604 677992 432474 1014770 425685 231833 543864 258563 82173 588698 432092 747920 760843 399229 885673 580978
 526850 300260 339891 744854 713034 342959 764473 724770 635252 423323 728004 862572 152942 226374 660515 31846 240029 986126 970243 670883 91828 791026 805109 440890 636666 639043 752300 646935 889349 180087 307036 370976 499575 781675 934303 474838 362438 107150 777513 742209 295517 466006 133093 631823 914761 670867 79491 302638 1 643947 595038 677842 531189 144679 155460 674449 130433 1059083 700421 102058 390873 49428 224810 287242 389705 644697 513144 347134 893956 279012
 135843 345808 304215 802304 729132 378111 391601 538916 864665 226608 605619 619523 793019 458063 43310 614807 565498 823756 807166 1034621 720000 299913 328378 821774 466322 249793 220244 375167 891950 782038 870448 296980 199553 753256 692956 365705 390846 739513 599499 376508 374772 521275 594955 103908 667956 72925 586383 875190 643947 1 853675 1053138 124091 563466 721479 599752 553334 906597 1120398 657509 357976 689554 797082 536186 532673 377843 137937 535893 723044 477978
 820399 675763 676012 246088 277591 510303 657698 478998 45371 676265 418187 571129 657064 722187 893064 606782 395214 565447 556003 199191 657053 771697 763944 176778 466041 660120 794438 558227 371945 493499 420321 757683 846572 340369 603966 488628 484193 556501 481356 646375 730546 332886 476812 914137 598760 824986 647131 435864 595038 853675 1 221378 811943 708732 462061 368004 684158 607513 307147 493689 508759 579566 443427 841258 331181 554076 795010 345474 519752 802555
 1004547 832363 841616 438010 486451 689848 878904 699403 238070 858883 636136 784882 691605 851195 1090502 698249 536356 751071 744436 22764 715470 991276 984315 251720 686837 874486 1010687 777436 531368 528707 414286 918516 1021375 540012 810341 693425 668832 607442 698062 867281 877369 540277 587259 1104184 807854 1030930 745572 427589 677842 1053138 221378 1 998032 812386 524578 588093 790721 778185 89647 578607 698214 647792 473609 954129 520672 773285 980038 522602 721686 926937
 16288 230931 193441 796965 727723 308421 456587 568067 828991 139775 625481 669035 677330 335881 130330 501024 483847 865663 848524 981077 603148 392071 418480 756411 482708 297470 318646 406893 902368 679471 776694 173697 85743 762924 746194 341429 329767 630652 632099 437678 252481 488357 496565 109235 721144 180487 469238 779970 531189 124091 811943 998032 1 442189 621933 607832 433479 949548 1058797 555070 303202 578293 699710 412476 481600 408482 19176 475454 762069 353917
 434321 224474 269321 828336 786105 345491 756642 755129 745702 363662 772613 890473 251017 107205 572041 117342 321805 1037130 1020448 803828 175404 758314 776723 568113 661139 612863 707169 649132 969192 324349 451713 269695 393228 849970 966393 483597 374144 247430 813877 733997 190032 519853 232309 531944 944708 603380 67595 447227 144679 563466 708732 812386 442189 1 297488 724855 25850 1114795 840146 234914 392264 190002 369339 143585 452311 647726 426223 413233 938993 137197
 621097 399597 429924 642029 622942 366277 762102 682415 504991 494896 669592 817977 198814 362425 745378 180161 193744 913292 898598 518680 196588 814050 823073 296191 605226 661970 789732 639355 787264 66002 161815 482214 607817 694817 883168 473244 372626 94996 726410 741164 416318 413496 126533 728971 866460 734357 230043 161604 155460 721479 462061 524578 621933 297488 1 611780 279561 979850 545009 70320 407486 123549 79455 441027 335421 636342 602897 295146 829719 426315
 621396 580250 556023 210498 135074 395293 303209 111421 351966 504789 59437 218039 798123 683262 642976 668154 436725 313016 296679 565525 762419 430452 416592 460218 135032 359351 472889 234072 294738 670656 664386 635187 672395 155192 273682 279850 362296 695634 122732 296933 648671 208642 543269 686768 259661 548781 686184 677992 674449 599752 368004 588093 607832 724855 611780 1 699588 389964 675039 598714 359372 686790 641373 816654 285125 230460 596445 327867 219879 759649
 426428 210590 255091 802497 760287 322192 735742 730938 720848 348398 747636 866577 250408 103651 563721 100730 296234 1012001 995349 781799 174466 740465 758325 545299 637218 593799 691020 627009 943344 310404 436249 262908 388859 824233 942271 460448 350308 236142 789373 713097 183364 494292 208286 526326 920714 590763 50953 432474 130433 553334 684158 790721 433479 25850 279561 699588 1 1089495 820066 214926 369341 178068 353327 163573 426514 625522 416940 387390 914102 148620
 964885 962821 934387 362905 359204 782061 520880 384987 567842 870594 345571 287971 1173821 1071225 948482 1054916 819249 83920 101160 757097 1144682 644032 617598 763557 478346 659141 717126 542668 246995 1032807 999762 1009235 1025019 286480 221545 656176 749643 1069343 320148 532527 1031570 596605 926431 1006438 244888 840684 1075091 1014770 1059083 906597 607513 778185 949548 1114795 979850 389964 1089495 1 865432 976951 742705 1067151 995253 1204385 670067 541151 942236 712297 188048 1146084
 1064339 881487 894459 527627 575737 750594 962625 786128 326827 919068 724107 873893 694555 888599 1156518 723683 585662 839924 833512 112243 727324 1072276 1066340 302775 769913 951286 1088546 858400 618444 538218 414390 968452 1076666 629658 899946 765574 732031 619766 786439 950309 921799 615158 623375 1166312 897340 1101902 772618 425685 700421 1120398 307147 89647 1058797 840146 545009 675039 820066 865432 1 605300 763124 665538 484222 983425 588347 854258 1040412 585536 811331 961358
 553658 330528 362237 652137 625134 313718 722803 659765 534408 431061 654682 797019 199679 293164 679970 119653 163729 906779 891414 570883 170583 765760 776562 339087 577073 612938 736659 601377 797304 124645 232104 412375 538502 695403 865562 431336 324681 101324 708167 701247 346001 393369 68505 661352 847437 673718 167506 231833 102058 657509 493689 578607 555070 234914 70320 598714 214926 976951 605300 1 357952 91277 149661 378130 314861 598652 536136 272425 818460 359354
 311738 220978 198021 517281 455654 48377 373899 367849 526641 169168 397264 500405 540119 331174 393406 372318 223416 661434 644256 680500 482133 407842 418815 463799 272240 255113 382922 259170 639943 473154 536375 279683 342892 505327 577556 91596 36010 456512 429587 351533 289560 192046 289451 406800 555084 348192 371737 543864 390873 357976 508759 698214 303202 392264 407486 359372 369341 742705 763124 357952 1 422635 473288 463205 178747 257384 286278 177943 559413 403733
 574362 347482 386077 743342 716227 375607 794329 743592 621290 467098 741959 881275 117891 275644 707167 81273 250116 996239 980718 642150 79445 826943 839943 418207 658159 674342 791147 674923 888540 135242 264187 419772 548378 786305 951253 503053 392157 58138 793946 772306 344764 479845 144946 679843 932516 714334 127484 258563 49428 689554 579566 647792 578293 190002 123549 686790 178068 1067151 665538 91277 422635 1 183943 330214 401901 672473 560074 359182 906668 326096
 699252 478764 508375 645990 636085 434851 816128 720909 488174 570785 700367 853624 220415 440092 822033 252691 251946 933059 919191 470503 243318 876145 883512 268380 649925 725381 856173 692979 789614 55116 83362 561638 687042 708780 914916 532023 437663 135547 760027 795890 495607 453812 203179 807187 899787 807323 302813 82173 224810 797082 443427 473609 699710 369339 79455 641373 353327 995253 484222 149661 473288 183943 1 512011 378543 689726 680622 341812 855177 501401
 400375 250836 289831 941557 892879 422333 798964 830625 876214 379964 858908 960811 369045 133413 533805 260867 447645 1123902 1106805 944982 298831 776350 798526 707735 734762 643482 714111 704452 1078336 465420 593830 247133 342356 952396 1038830 553119 454801 386104 892767 776719 186368 620540 369340 480048 1015731 589901 211162 588698 287242 536186 841258 954129 412476 143585 441027 816654 163573 1204385 983425 378130 463205 330214 512011 1 561478 703834 400919 526322 1022432 63480
 489613 357012 350376 380100 333888 180085 442582 347149 351900 345114 340094 483409 514539 430647 569830 384855 151797 596436 580538 502519 477296 519731 522037 294781 271493 379127 517496 320318 517965 398293 421036 433591 515824 398077 550827 182349 153019 413645 393461 423580 418767 78668 258146 585521 533035 514194 406860 432092 389705 532673 331181 520672 481600 452311 335421 285125 426514 670067 588347 314861 178747 401901 378543 561478 1 316737 464367 42748 504957 511402
 423756 453071 416543 440356 365048 305615 126434 161787 550610 338813 228309 265446 790339 576877 421068 628071 442599 457244 440079 751802 736465 218054 213158 590265 96455 130417 245873 4153 516095 701889 737276 481909 484372 378945 344126 169859 282546 699777 224458 106854 519595 254495 531780 471937 319607 321381 629110 747920 644697 377843 554076 773285 408482 647726 636342 230460 625522 541151 854258 598652 257384 672473 689726 703834 316737 1 401117 348931 353590 641387
 25827 212927 174778 783579 714903 290262 454225 559623 812545 121354 615569 663273 659821 320360 147624 483116 464838 858319 841128 963189 585853 395096 420921 737939 472888 293895 323549 399699 890690 660575 757544 159070 85688 751372 740826 327441 312175 612193 623925 434802 236995 472734 477466 128331 715827 189525 451952 760843 513144 137937 795010 980038 19176 426223 602897 596445 416940 942236 1040412 536136 286278 560074 680622 400919 464367 401117 1 457536 754493 341433
 482197 332462 330591 416159 373186 167728 475324 388438 370607 336572 382785 525148 472082 397077 571220 342777 109110 638997 623142 505654 434560 545443 549551 285923 310214 400573 537730 352322 555999 358854 388939 412641 502928 438672 593142 201918 146578 371624 435749 455593 391225 120950 215411 581742 575139 523139 365982 399229 347134 535893 345474 522602 475454 413233 295146 327867 387390 712297 585536 272425 177943 359182 341812 526322 42748 348931 457536 1 547704 478238
 777315 778215 748491 283970 242923 600609 345204 197159 488721 682939 166762 116782 1017734 889798 765432 886969 656602 104264 86936 699154 982220 475050 450791 650052 291440 474084 543032 355232 246816 887176 871414 822276 837064 181717 93063 471159 568888 914888 132398 353885 846915 427951 763079 821530 100552 659039 903290 885673 893956 723044 519752 721686 762069 938993 829719 219879 914102 188048 811331 818460 559413 906668 855177 1022432 504957 353590 754493 547704 1 963125
 342579 188347 226554 891116 840092 364448 735614 770287 835739 316501 800514 899496 384240 81283 477976 249219 407348 1065105 1047947 916536 309908 713264 735284 677537 674367 580003 651706 641936 1025931 459023 584510 185325 288147 897978 977698 492789 397354 383941 832865 713393 122975 566971 339692 427546 954436 529555 199566 580978 279012 477978 802555 926937 353917 137197 426315 759649 148620 1146084 961358 359354 403733 326096 501401 63480 511402 641387 341433 478238 963125 1
LAMBDA_SECTION
1 849
2 517
3 80
4 218
5 555
6 337
7 849
8 680
9 391
10 983
11 480
12 644
13 941
14 970
15 209
16 282
17 703
18 816
19 653
20 338
21 990
22 476
23 265
24 910
25 719
26 474
27 955
28 603
29 889
30 655
31 652
32 947
33 267
34 1
35 811
36 762
37 983
38 961
39 882
40 346
41 244
42 389
43 350
44 728
45 210
46 202
47 99
48 554
49 924
50 668
51 587
52 277
53 538
54 291
55 187
56 498
57 704
58 679
59 790
60 36
61 363
62 260
63 982
64 233
65 750
66 783
67 135
68 844
69 308
70 467
