NAME : domp70p17v2
COMMENT : Cherkesly, Contardo & Gruson 2022
TYPE : DOMP
DIMENSION : 70
DISPLAY_DATA_TYPE : NO_DISPLAY
OPEN_FACILITIES : 17
COST_SECTION
 1 495862 541284 568378 307268 119600 343601 639050 207525 687517 338644 370149 118194 328012 585638 101555 801815 208578 721613 244134 602812 642180 632633 304614 172602 236095 159567 535830 420640 177398 640227 490354 825843 534660 310638 849714 158945 688955 563013 436940 517506 530838 642053 458849 482170 438664 389147 178274 235513 737506 585903 608443 171853 493532 376019 151969 568615 376871 532469 347955 695464 671833 387478 495415 584324 450733 493093 308014 309911 841748
 495862 1 826733 151428 278833 440470 627668 150137 530599 334749 474256 627177 456731 524980 601878 509749 488128 288091 523502 693544 359992 495385 258623 595020 342523 518650 582386 327219 309008 602542 145245 261751 529007 805770 604167 478965 497500 460505 151268 59718 332296 142079 146193 227356 432274 352127 214058 654252 620745 253459 90130 242480 417649 774533 410142 444713 859429 261967 45186 234413 234276 486980 741177 225416 411215 232169 340370 343902 731898 459851
 541284 826733 1 961158 549547 472516 213061 913108 744612 1127613 352965 901477 459573 302417 374742 638775 804024 618576 642490 354485 649880 563067 781081 835713 548644 338505 669924 609356 915447 678798 933067 628274 799447 27321 840120 897487 401710 1181929 787044 775766 1006532 933390 945169 635528 461227 945531 845756 427574 743552 976336 900926 764103 704661 53151 426085 444283 32702 856249 871899 812887 907997 610779 166206 946950 1085861 912170 988991 820563 763455 905478
 568378 151428 961158 1 412323 540297 755719 210937 547104 183360 612062 605961 556906 658884 752807 555662 611485 375961 666887 790587 505434 644301 385783 589072 442200 639217 618965 477234 250824 637130 182717 412866 654333 941616 597662 583702 605353 321229 284509 188483 229597 38843 167556 378751 582941 284339 197096 740460 640077 296093 141353 374680 448743 908317 554225 552191 993802 235065 115306 236071 313748 633090 862421 132034 293110 167263 248732 333614 752516 561314
 307268 278833 549547 412323 1 205977 348907 386721 445218 584189 200088 593658 218777 247152 384963 371935 496150 152889 434585 441891 299117 365858 330994 538810 138622 244553 448400 232764 421826 469010 399748 183096 522411 529511 547393 542660 240905 664200 280040 226253 496766 386403 408603 153121 228116 462211 329108 421002 513098 471089 358940 307096 336481 496959 154678 194192 582238 356506 323950 308676 415718 385421 464302 416070 582015 390325 487579 369247 607411 535321
 119600 440470 472516 540297 205977 1 261650 572294 312320 683909 221885 475577 16615 219535 468765 212735 691474 165127 604011 253261 491651 523525 536961 411772 98873 138722 278410 424852 446052 296752 578959 385645 713353 460956 418744 745452 72046 715473 479785 380943 539812 505803 583972 358818 362893 473965 387737 218432 353124 664915 529400 513036 240275 421061 256534 35050 502751 390212 481990 350575 615236 554338 338440 493988 616246 454016 520091 348049 429159 739379
 343601 627668 213061 755719 348907 261650 1 727987 550949 918039 170175 712536 249791 111365 325196 444549 696441 405725 557234 227677 514246 470065 622277 646652 335636 125527 487920 460271 702484 500347 744504 460725 702829 199650 652104 777817 192864 968909 608246 573754 793479 726282 754813 457979 326668 732995 633202 276578 564654 801597 706959 602154 498523 160527 254011 231990 244517 643191 672732 599947 737588 514665 125010 735246 872871 699717 775969 609091 605770 780539
 639050 150137 913108 210937 386721 572294 727987 1 680567 366211 563107 772482 587908 619136 636429 658623 410360 430500 492700 822340 344568 490228 199082 743028 477541 631090 731950 339905 437645 752213 33202 293945 454077 889845 752128 373907 622246 526289 130490 204531 436955 229593 52288 278425 476709 477599 353186 789781 770869 103467 75482 196957 567779 862901 487040 571219 945408 400403 131378 379311 102817 467905 847998 332285 503980 354299 452531 488945 882024 350997
 207525 530599 744612 547104 445218 312320 550949 680567 1 613446 533103 163605 316788 530643 778642 106488 931363 298749 879492 418404 740575 807495 731713 99519 312505 441914 98763 675768 326976 107561 671503 617485 961652 739560 106798 961100 364905 564963 641346 480867 414769 508571 667351 578363 655512 323977 350085 340580 92979 784001 613020 708266 116862 698378 554414 347337 770648 314686 554310 312701 759269 830089 585565 436872 458728 390976 385233 216898 205537 948474
 687517 334749 1127613 183360 584189 683909 918039 366211 613446 1 784024 624616 700162 827232 935386 650951 776518 520008 845463 924338 685931 826468 557918 627150 590215 796908 700880 660141 286513 715911 333471 596198 820176 1109516 634409 735542 753337 176379 462250 367428 205014 199682 314765 561977 765351 294828 299439 865347 702607 424530 310843 549666 539163 1074490 731491 701498 1160030 312809 297577 339948 463704 813556 1017413 192320 210261 236879 235325 400704 810275 711355
 338644 474256 352965 612062 200088 221885 170175 563107 533103 784024 1 695574 220573 58899 247085 434605 540781 304316 418557 344246 350482 332027 452221 632615 245317 128713 498170 292896 602408 515537 581610 290558 552324 331553 639819 615963 189885 856867 440422 424799 685262 586491 593126 289197 173049 638998 518378 360365 573996 633082 548072 431990 449593 301360 84289 187476 385616 538542 519369 491724 568112 371559 294909 612011 769003 582598 672560 528160 642825 616840
 370149 627177 901477 605961 593658 475577 712536 772482 163605 624616 695574 1 480345 694211 940122 268599 1065359 441855 1027425 563307 881383 959173 854088 65967 467628 605352 233127 818712 357700 228068 757513 756317 1098409 897874 61442 1085174 528266 530983 755961 586417 420160 570187 749780 715099 811502 334210 420741 484725 167531 874782 699603 831692 257388 856754 712914 510621 926318 375315 641440 393348 861357 978645 739464 479013 433627 438898 390221 283612 225630 1070218
 118194 456731 459573 556906 218777 16615 249791 587908 316788 700162 220573 480345 1 213868 467642 215035 700750 181657 609976 236880 500876 528572 549679 415979 115429 128869 277758 434257 460689 295479 594865 396906 721868 448595 422715 756315 57971 730396 494196 397243 554805 522390 600020 371140 367181 487973 403652 203702 353424 680063 545550 525831 249823 408455 260457 34190 489536 405437 498368 366238 629778 560425 323344 510047 630724 469846 534764 361286 425854 750660
 328012 524980 302417 658884 247152 219535 111365 619136 530643 827232 58899 694211 213868 1 266875 427933 594790 330945 465703 296441 407254 378378 511120 629753 265627 96192 485407 350963 631498 501309 636734 349379 604434 282809 636395 672292 170344 891549 497831 473397 717935 631629 647712 347066 224654 665899 552912 321683 562435 690890 601359 490865 457508 249814 143068 184660 335101 569080 570165 523393 626431 420220 236012 650408 800270 618396 703294 549242 622535 673813
 585638 601878 374742 752807 384963 468765 325196 636429 778642 935386 247085 940122 467642 266875 1 681482 434536 525664 268636 549636 311961 194439 462716 878029 478652 362694 745093 297114 806412 762241 663966 346853 426348 347451 885440 532268 433437 1039055 506620 569594 877592 737014 680223 375271 170111 847137 711144 585626 821059 672440 650538 452526 689401 344840 235046 434523 399327 741055 642720 693243 599975 241402 424957 788705 963278 768980 870539 750294 887549 543374
 101555 509749 638775 555662 371935 212735 444549 658623 106488 650951 434605 268599 215035 427933 681482 1 866977 241214 800596 320537 671033 724583 681312 203076 233635 337270 77521 604670 369802 98496 654675 552079 894227 633345 209188 906027 260096 628760 600317 454198 464918 516926 653532 516171 567931 378833 362967 244959 143351 760599 597520 657274 111790 592165 463786 247231 665179 339044 540539 321762 726854 750814 481073 463126 522259 416693 437656 252980 236830 895697
 801815 488128 804024 611485 496150 691474 696441 410360 931363 776518 540781 1065359 700750 594790 434536 866977 1 632866 171061 882955 199875 241243 229558 1018141 634646 663232 943958 266628 792040 964693 443278 315046 43928 776790 1027165 102743 701407 932394 336865 502322 820039 619350 462174 353019 370509 836213 691055 887228 1006052 375742 470711 246462 816414 767567 462467 669539 830754 737060 504108 698814 317602 193611 817431 712729 896737 719527 828436 798823 1103234 121111
 208578 288091 618576 375961 152889 165127 405725 430500 298749 520008 304316 441855 181657 330945 525664 241214 632866 1 585572 414822 442187 518624 440281 388900 70767 281118 318528 378043 300572 339516 431880 318737 662904 603436 397684 666449 233368 563568 360365 228786 388591 340952 434194 279872 378125 335385 227829 368490 374635 529444 378220 416299 185800 565694 290627 181593 650223 238756 326288 194375 489887 536844 498071 331949 469796 294469 372728 225599 477056 655374
 721613 523502 642490 666887 434585 604011 557234 492700 879492 845463 418557 1027425 609976 465703 268636 800596 171061 585572 1 761622 164231 87459 293683 973364 568580 546818 874682 213913 801761 894564 525287 282820 157884 615170 981966 273026 598147 983828 383257 517856 848383 664863 544119 326021 247100 846089 698805 777812 943608 490365 535327 297449 770752 609527 352280 576426 667756 740322 552059 696365 421177 49828 672636 744763 930996 740779 850734 783410 1030880 288565
 244134 693544 354485 790587 441891 253261 227677 822340 418404 924338 344246 563307 236880 296441 549636 320537 882955 414822 761622 1 687887 674474 764721 499215 351947 219904 330661 625282 664132 335534 830616 603981 896152 358012 502201 952654 201122 933017 721903 634101 760923 754989 836291 586570 517292 682797 624926 78620 398752 911691 782132 741789 414412 319456 420518 251128 374240 617643 735243 584831 857608 715369 188473 732159 828456 688964 736961 552147 409147 950916
 602812 359992 649880 505434 299117 491651 514246 344568 740575 685931 350482 881383 500876 407254 311961 671033 199875 442187 164231 687887 1 145679 153905 830711 437666 468053 747492 66988 639275 768069 375699 125479 223408 623477 839574 265630 502506 820495 224923 353787 684227 501760 393866 168000 191053 683707 536268 688768 811724 364145 378197 148739 627720 607221 268582 469729 679485 578749 390201 535803 291589 127682 638291 580540 766765 576854 686904 626986 906380 266570
 642180 495385 563067 644301 365858 523525 470065 490228 807495 826468 332027 959173 528572 378378 194439 724583 241243 518624 87459 674474 145679 1 297609 903104 495116 460563 797362 169056 754662 816898 521238 238102 237684 535800 911512 337863 513943 954035 368712 480284 809106 637328 539307 279340 162387 798444 652573 691931 867914 506087 521626 294219 701802 527745 268867 494700 589565 691336 529145 645663 434006 47713 586355 708915 893445 699922 808620 725858 952034 349058
 632633 258623 781081 385783 330994 536961 622277 199082 731713 557918 452221 854088 549679 511120 462716 681312 229558 440281 293683 764721 153905 297609 1 811821 460035 551236 758737 172824 564277 779728 231826 162939 270908 755648 820991 231087 566776 706926 107433 276462 590496 391061 250756 179083 321733 608199 464521 750705 813303 210437 247466 24197 614923 734916 368288 523760 812023 511319 275569 475482 137826 270898 747126 483219 667634 490349 598984 579370 917309 216912
 304614 595020 835713 589072 538810 411772 646652 743028 99519 627150 632615 65967 415979 629753 878029 203076 1018141 388900 973364 499215 830711 903104 811821 1 409165 540184 168568 766926 348294 165283 730457 706374 1049918 831980 9206 1042556 463041 550774 716808 550272 422444 551856 724175 666035 752959 332445 396809 420596 109168 846188 672016 788906 203103 790852 652826 446771 860697 354413 613278 364937 827924 924228 674025 467446 448562 424367 392058 257307 190788 1028633
 172602 342523 548644 442200 138622 98873 335636 477541 312505 590215 245317 467628 115429 265627 478652 233635 634646 70767 568580 351947 437666 495116 460035 409165 1 210661 309830 371148 368119 330408 482634 320636 661008 533992 417363 678493 163835 633285 392581 282862 457943 408262 486929 287249 343955 400956 298509 312584 375645 572601 431909 435844 212030 495881 246479 111349 580144 307726 383535 264357 526571 518937 427462 402675 538129 365161 441075 284063 468789 669910
 236095 518650 338505 639217 244553 138722 125527 631090 441914 796908 128713 605352 128869 96192 362694 337270 663232 281118 546818 219904 468053 460563 551236 540184 210661 1 391294 405931 576968 406615 644240 388782 677232 324990 546438 733069 77179 843711 519544 462231 668185 608180 652781 375984 300289 607556 508908 231665 468546 712741 602085 529042 378559 286053 200777 107165 369743 517877 563126 474995 653534 499365 223427 612003 747366 575522 650487 484294 526429 731802
 159567 582386 669924 618965 448400 278410 487920 731950 98763 700880 498170 233127 277758 485407 745093 77521 943958 318528 874682 330661 747492 797362 758737 168568 309830 391294 1 680963 415171 20992 726725 629193 970810 667409 171787 983539 315112 661492 676926 527981 506566 580123 724765 593553 639032 416893 423148 252044 77332 834445 669060 734714 170320 626442 533674 311442 694111 393763 611405 383031 802401 824860 506847 518072 554945 471556 477698 300284 159425 973213
 535830 327219 609356 477234 232764 424852 460271 339905 675768 660141 292896 818712 434257 350963 297114 604670 266628 378043 213913 625282 66988 169056 172824 766926 371148 405931 680963 1 589616 701495 368343 69987 290233 583664 775723 327463 437265 785035 211231 311390 640913 468874 385213 112720 148961 633765 486908 623761 745751 378104 360455 158538 563825 564125 209215 403368 640015 527401 362581 482920 306380 169066 585121 540024 724928 532057 641296 569684 839724 325905
 420640 309008 915447 250824 421826 446052 702484 437645 326976 286513 602408 357700 460689 631498 806412 369802 792040 300572 801761 664132 639275 754662 564277 348294 368119 576968 415171 589616 1 429724 416928 519738 831237 901626 356285 787934 518096 270439 457378 290230 96870 217474 406079 476927 643989 44499 103009 598086 416764 535207 362214 545770 258951 863005 575518 471687 946507 65357 308416 113176 535602 758597 783857 121377 170446 84717 74095 116825 525818 768831
 177398 602542 678798 637130 469010 296752 500347 752213 107561 715911 515537 228068 295479 501309 762241 98496 964693 339516 894564 335534 768069 816898 779728 165283 330408 406615 20992 701495 429724 1 746725 649984 991414 677044 167422 1004493 330975 672429 697817 548376 519990 598297 744594 614441 658172 429776 440888 257070 64864 854800 688968 755705 188969 636214 552564 329355 702360 410424 631192 401078 823097 844738 514756 534507 566101 488059 490827 315792 138583 994192
 640227 145245 933067 182717 399748 578959 744504 33202 671503 333471 581610 757513 594865 636734 663966 654675 443278 431880 525287 830616 375699 521238 231826 730457 482634 644240 726725 368343 416928 746725 1 319369 487034 910228 739493 404908 631622 494975 157375 203326 410909 204538 19089 300781 502281 455701 336913 795211 762702 118383 58568 228876 560461 882363 507469 579851 965498 383347 117418 365622 132604 499818 863147 307839 475649 332754 427756 474636 874484 381616
 490354 261751 628274 412866 183096 385645 460725 293945 617485 596198 290558 756317 396906 349379 346853 552079 315046 318737 282820 603981 125479 238102 162939 706374 320636 388782 629193 69987 519738 649984 319369 1 344172 603768 715291 360052 408374 716954 163607 242295 571187 402387 334821 43231 182928 563927 416979 594106 691045 348137 303708 141735 503639 580162 207410 368554 659965 457728 299464 413552 280015 238861 585289 470873 655379 462210 571355 502197 788563 353768
 825843 529007 799447 654333 522411 713353 702829 454077 961652 820176 552324 1098409 721868 604434 426348 894227 43928 662904 157884 896152 223408 237684 270908 1049918 661008 677232 970810 290233 831237 991414 487034 344172 1 772135 1058886 132194 719317 975391 377804 541123 861207 661542 505950 383886 379902 875524 729744 904050 1034459 419251 513788 286685 847522 765206 476858 689929 825131 775342 546159 736244 361522 190482 821808 754023 938524 759802 869047 834780 1129763 154417
 534660 805770 27321 941616 529511 460956 199650 889845 739560 1109516 331553 897874 448595 282809 347451 633345 776790 603436 615170 358012 623477 535800 755648 831980 533992 324990 667409 583664 901626 677044 910228 603768 772135 1 836647 870399 391040 1167003 763240 755523 991876 914416 922570 611909 435285 932545 829964 428906 741895 951900 878936 738904 695615 41182 402862 431639 56375 841712 850900 797806 883252 583513 169942 930246 1071913 896212 974922 808688 765803 878498
 310638 604167 840120 597662 547393 418744 652104 752128 106798 634409 639819 61442 422715 636395 885440 209188 1027165 397684 981966 502201 839574 911512 820991 9206 417363 546438 171787 775723 356285 167422 739493 715291 1058886 836647 1 1051714 469271 556267 726011 559468 429592 560509 733164 675000 761067 339829 405662 423594 109231 855274 681061 798068 211904 795542 660695 453714 864901 363103 622333 373944 837102 932802 678023 475677 454508 432756 399213 266165 185905 1037808
 849714 478965 897487 583702 542660 745452 777817 373907 961100 735542 615963 1085174 756315 672292 532268 906027 102743 666449 273026 952654 265630 337863 231087 1042556 678493 733069 983539 327463 787934 1004493 404908 360052 132194 870399 1051714 1 763639 899882 332933 504858 803891 597729 422756 391252 451521 831074 690743 950211 1040904 316467 443044 253678 844523 858999 534183 727008 925096 738196 485849 704430 272527 290994 900871 696806 875495 710134 815852 809655 1142779 25877
 158945 497500 401710 605353 240905 72046 192864 622246 364905 753337 189885 528266 57971 170344 433437 260096 701407 233368 598147 201122 502506 513943 566776 463041 163835 77179 315112 437265 518096 330975 631622 408374 719317 391040 469271 763639 1 787477 520839 438740 611797 571870 638085 387856 351585 545803 458588 186580 392220 710668 584792 543465 305702 350760 245934 53285 431594 462085 540428 421969 656583 549348 266653 564346 688273 525038 592136 419256 454128 759911
 688955 460505 1181929 321229 664200 715473 968909 526289 564963 176379 856867 530983 730396 891549 1039055 628760 932394 563568 983828 933017 820495 954035 706926 550774 633285 843711 661492 785035 270439 672429 494975 716954 975391 1167003 556267 899882 787477 1 604272 475401 175734 319007 477223 678051 870355 250906 338775 864993 643965 595008 461694 695244 521882 1129142 818309 739868 1213395 325944 433174 369205 627452 947384 1053731 250350 106715 274391 196579 381094 741362 876492
 563013 151268 787044 284509 280040 479785 608246 130490 641346 462250 440422 755961 494196 497831 506620 600317 336865 360365 383257 721903 224923 368712 107433 716808 392581 519544 676926 211231 457378 697817 157375 163607 377804 763240 726011 332933 520839 604272 1 171981 483404 286313 174001 151727 346241 501158 358451 697885 726375 193727 153275 91739 524682 737628 361473 472780 819124 405642 171155 371541 135814 352033 730546 376267 561306 382925 491585 477513 833485 315849
 436940 59718 775766 188483 226253 380943 573754 204531 480867 367428 424799 586417 397243 473397 569594 454198 502322 228786 517856 634101 353787 480284 276462 550272 282862 462231 527981 311390 290230 548376 203326 242295 541123 755523 559468 504858 438740 475401 171981 1 330587 167919 205449 202674 399535 334613 188733 594538 569535 306493 149649 256730 366072 723208 365759 385798 808460 235021 101712 199573 278547 477589 685315 228640 413861 223179 333332 305993 679732 487784
 517506 332296 1006532 229597 496766 539812 793479 436955 414769 205014 685262 420160 554805 717935 877592 464918 820039 388591 848383 760923 684227 809106 590496 422444 457943 668185 506566 640913 96870 519990 410909 571187 861207 991876 429592 803891 611797 175734 483404 330587 1 207479 396670 529832 711291 91265 167749 694930 501455 525664 363087 574774 354836 953814 651442 564146 1037915 150311 318278 194586 539167 808057 878148 107454 85716 109662 30388 212418 607233 782808
 530838 142079 933390 38843 386403 505803 726282 229593 508571 199682 586491 570187 522390 631629 737014 516926 619350 340952 664863 754989 501760 637328 391061 551856 408262 608180 580123 468874 217474 598297 204538 402387 661542 914416 560509 597729 571870 319007 286313 167919 207479 1 191541 365904 566904 253402 158492 703728 601549 321307 155661 377847 409901 880404 532026 518868 965968 197499 115503 197252 331689 628941 830954 103343 278243 132927 223254 295747 714034 576191
 642053 146193 945169 167556 408603 583972 754813 52288 667351 314765 593126 749780 600020 647712 680223 653532 462174 434194 544119 836291 393866 539307 250756 724175 486929 652781 724765 385213 406079 744594 19089 334821 505950 922570 733164 422756 638085 477223 174001 205449 396670 191541 1 314754 517599 444044 329056 799307 758992 129774 56275 247465 557477 894213 520091 585963 977661 374862 113456 359263 150246 518332 872635 294839 459867 321574 414314 467629 871061 399270
 458849 227356 635528 378751 153121 358818 457979 278425 578363 561977 289197 715099 371140 347066 375271 516171 353019 279872 326021 586570 168000 279340 179083 666035 287249 375984 593553 112720 476927 614441 300781 43231 383886 611909 675000 391252 387856 678051 151727 202674 529832 365904 314754 1 206841 521055 374282 571642 653689 343889 278269 155623 463719 585946 209755 344746 667681 414696 267476 370380 279904 281779 581235 430661 614360 420586 529368 459170 752970 382900
 482170 432274 461227 582941 228116 362893 326668 476709 655512 765351 173049 811502 367181 224654 170111 567931 370509 378125 247100 517292 191053 162387 321733 752959 343955 300289 639032 148961 643989 658172 502281 182928 379902 435285 761067 451521 351585 870355 346241 399535 711291 566904 517599 206841 1 685879 546249 530811 711145 524547 484413 306590 554965 417126 106805 333147 491581 578802 473684 531262 453647 199134 449351 620100 796995 602088 705707 597338 792014 455220
 438664 352127 945531 284339 462211 473965 732995 477599 323977 294828 638998 334210 487973 665899 847137 378833 836213 335385 846089 682797 683707 798444 608199 332445 400956 607556 416893 633765 44499 429776 455701 563927 875524 932545 339829 831074 545803 250906 501158 334613 91265 253402 444044 521055 685879 1 147450 614153 410206 573637 402122 589870 271007 893436 615130 501249 976216 107487 349625 154651 576632 802783 809983 152398 145662 123314 61313 130687 516125 811725
 389147 214058 845756 197096 329108 387737 633202 353186 350085 299439 518378 420741 403652 552912 711144 362967 691055 227829 698805 624926 536268 652573 464521 396809 298509 508908 423148 486908 103009 440888 336913 416979 729744 829964 405662 690743 458588 338775 358451 188733 167749 158492 329056 374282 546249 147450 1 566418 443064 454600 279313 445286 253579 792755 483779 408260 877573 47920 221809 41599 446430 655813 724805 107263 252911 66655 159502 139502 555570 672509
 178274 654252 427574 740460 421002 218432 276578 789781 340580 865347 360365 484725 203702 321683 585626 244959 887228 368490 777812 78620 688768 691931 750705 420596 312584 231665 252044 623761 598086 257070 795211 594106 904050 428906 423594 950211 186580 864993 697885 594538 694930 703728 799307 571642 530811 614153 566418 1 320571 883249 744020 727097 343730 389155 427916 227027 449021 555142 694062 525485 833480 729892 261578 673099 759565 628718 669914 484004 337160 946347
 235513 620745 743552 640077 513098 353124 564654 770869 92979 702607 573996 167531 353424 562435 821059 143351 1006052 374635 943608 398752 811724 867914 813303 109168 375645 468546 77332 745751 416764 64864 762702 691045 1034459 741895 109231 1040904 392220 643965 726375 569535 501455 601549 758992 653689 711145 410206 443064 320571 1 874185 704320 789544 203464 701073 606642 386768 766964 407327 645745 405569 847258 893854 579296 528858 539022 483198 471454 309142 112629 1029355
 737506 253459 976336 296093 471089 664915 801597 103467 784001 424530 633082 874782 680063 690890 672440 760599 375742 529444 490365 911691 364145 506087 210437 846188 572601 712741 834445 378104 535207 854800 118383 348137 419251 951900 855274 316467 710668 595008 193727 306493 525664 321307 129774 343889 524547 573637 454600 883249 874185 1 175289 220113 670992 927865 552680 661073 1008082 501338 233379 482001 72615 475373 924191 424582 586177 450903 543877 591459 985197 291247
 585903 90130 900926 141353 358940 529400 706959 75482 613020 310843 548072 699603 545550 601359 650538 597520 470711 378220 535327 782132 378197 521626 247466 672016 431909 602085 669060 360455 362214 688968 58568 303708 513788 878936 681061 443044 584792 461694 153275 149649 363087 155661 56275 278269 484413 402122 279313 744020 704320 175289 1 238845 502294 849427 478006 532360 933533 326134 58851 307276 176224 505210 823204 257561 432509 278819 377811 416472 816191 421082
 608443 242480 764103 374680 307096 513036 602154 196957 708266 549666 431990 831692 525831 490865 452526 657274 246462 416299 297449 741789 148739 294219 24197 788906 435844 529042 734714 158538 545770 755705 228876 141735 286685 738904 798068 253678 543465 695244 91739 256730 574774 377847 247465 155623 306590 589870 445286 727097 789544 220113 238845 1 591519 717353 348367 500109 795269 491750 262485 455036 147990 270973 726852 467779 653011 473186 582362 558056 893348 240211
 171853 417649 704661 448743 336481 240275 498523 567779 116862 539163 449593 257388 249823 457508 689401 111790 816414 185800 770752 414412 627720 701802 614923 203103 212030 378559 170320 563825 258951 188969 560461 503639 847522 695615 211904 844523 305702 521882 524682 366072 354836 409901 557477 463719 554965 271007 253579 343730 203464 670992 502294 591519 1 654913 458472 274027 733355 227503 444033 213026 643941 721773 556355 351800 416051 305294 328347 142419 314254 831729
 493532 774533 53151 908317 496959 421061 160527 862901 698378 1074490 301360 856754 408455 249814 344840 592165 767567 565694 609527 319456 607221 527745 734916 790852 495881 286053 626442 564125 863005 636214 882363 580162 765206 41182 795542 858999 350760 1129142 737628 723208 953814 880404 894213 585946 417126 893436 792755 389155 701073 927865 849427 717353 654913 1 376220 392257 85577 803557 819712 760039 860148 575322 132744 893830 1033383 859143 936464 769004 726252 865974
 376019 410142 426085 554225 154678 256534 254011 487040 554414 731491 84289 712914 260457 143068 235046 463786 462467 290627 352280 420518 268582 268867 368288 652826 246479 200777 533674 209215 575518 552564 507469 207410 476858 402862 660695 534183 245934 818309 361473 365759 651442 532026 520091 209755 106805 615130 483779 427916 606642 552680 478006 348367 458472 376220 1 226386 458368 510324 454645 462546 486425 303415 378933 569333 736680 544788 642068 515372 685681 534223
 151969 444713 444283 552191 194192 35050 231990 571219 347337 701498 187476 510621 34190 184660 434523 247231 669539 181593 576426 251128 469729 494700 523760 446771 111349 107165 311442 403368 471687 329355 579851 368554 689929 431639 453714 727008 53285 739868 472780 385798 564146 518868 585963 344746 333147 501249 408260 227027 386768 661073 532360 500109 274027 392257 226386 1 475044 413975 487451 372571 608587 526940 316636 513345 642123 474860 545498 377213 460042 721973
 568615 859429 32702 993802 582238 502751 244517 945408 770648 1160030 385616 926318 489536 335101 399327 665179 830754 650223 667756 374240 679485 589565 812023 860697 580144 369743 694111 640015 946507 702360 965498 659965 825131 56375 864901 925096 431594 1213395 819124 808460 1037915 965968 977661 667681 491581 976216 877573 449021 766964 1008082 933533 795269 733355 85577 458368 475044 1 887612 904595 844463 939533 637261 187753 979035 1116945 944032 1020141 850749 783307 933546
 376871 261967 856249 235065 356506 390212 643191 400403 314686 312809 538542 375315 405437 569080 741055 339044 737060 238756 740322 617643 578749 691336 511319 354413 307726 517877 393763 527401 65357 410424 383347 457728 775342 841712 363103 738196 462085 325944 405642 235021 150311 197499 374862 414696 578802 107487 47920 555142 407327 501338 326134 491750 227503 803557 510324 413975 887612 1 269078 47832 494233 696467 728652 124469 231193 77910 134250 98778 519241 720120
 532469 45186 871899 115306 323950 481990 672732 131378 554310 297577 519369 641440 498368 570165 642720 540539 504108 326288 552059 735243 390201 529145 275569 613278 383535 563126 611405 362581 308416 631192 117418 299464 546159 850900 622333 485849 540428 433174 171155 101712 318278 115503 113456 267476 473684 349625 221809 694062 645745 233379 58851 262485 444033 819712 454645 487451 904595 269078 1 248691 227186 517834 785867 211005 392766 226658 330136 358081 757722 465169
 347955 234413 812887 236071 308676 350575 599947 379311 312701 339948 491724 393348 366238 523393 693243 321762 698814 194375 696365 584831 535803 645663 475482 364937 264357 474995 383031 482920 113176 401078 365622 413552 736244 797806 373944 704430 421969 369205 371541 199573 194586 197252 359263 370380 531262 154651 41599 525485 405569 482001 307276 455036 213026 760039 462546 372571 844463 47832 248691 1 468659 651909 688562 147638 277341 104320 180869 109741 518193 687267
 695464 234276 907997 313748 415718 615236 737588 102817 759269 463704 568112 861357 629778 626431 599975 726854 317602 489887 421177 857608 291589 434006 137826 827924 526571 653534 802401 306380 535602 823097 132604 280015 361522 883252 837102 272527 656583 627452 135814 278547 539167 331689 150246 279904 453647 576632 446430 833480 847258 72615 176224 147990 643941 860148 486425 608587 939533 494233 227186 468659 1 404244 861108 433769 606795 453446 554003 578177 956577 249049
 671833 486980 610779 633090 385421 554338 514665 467905 830089 813556 371559 978645 560425 420220 241402 750814 193611 536844 49828 715369 127682 47713 270898 924228 518937 499365 824860 169066 758597 844738 499818 238861 190482 583513 932802 290994 549348 947384 352033 477589 808057 628941 518332 281779 199134 802783 655813 729892 893854 475373 505210 270973 721773 575322 303415 526940 637261 696467 517834 651909 404244 1 632179 705618 891404 699741 809364 737017 981063 302959
 387478 741177 166206 862421 464302 338440 125010 847998 585565 1017413 294909 739464 323344 236012 424957 481073 817431 498071 672636 188473 638291 586355 747126 674025 427462 223427 506847 585121 783857 514756 863147 585289 821808 169942 678023 900871 266653 1053731 730546 685315 878148 830954 872635 581235 449351 809983 724805 261578 579296 924191 823204 726852 556355 132744 378933 316636 187753 728652 785867 688562 861108 632179 1 829959 953617 791358 857950 681436 597265 904210
 495415 225416 946950 132034 416070 493988 735246 332285 436872 192320 612011 479013 510047 650408 788705 463126 712729 331949 744763 732159 580540 708915 483219 467446 402675 612003 518072 540024 121377 534507 307839 470873 754023 930246 475677 696806 564346 250350 376267 228640 107454 103343 294839 430661 620100 152398 107263 673099 528858 424582 257561 467779 351800 893830 569333 513345 979035 124469 211005 147638 433769 705618 829959 1 186422 46560 120262 219998 639897 675927
 584324 411215 1085861 293110 582015 616246 872871 503980 458728 210261 769003 433627 630724 800270 963278 522259 896737 469796 930996 828456 766765 893445 667634 448562 538129 747366 554945 724928 170446 566101 475649 655379 938524 1071913 454508 875495 688273 106715 561306 413861 85716 278243 459867 614360 796995 145662 252911 759565 539022 586177 432509 653011 416051 1033383 736680 642123 1116945 231193 392766 277341 606795 891404 953617 186422 1 195129 97082 276340 638469 853582
 450733 232169 912170 167263 390325 454016 699717 354299 390976 236879 582598 438898 469846 618396 768980 416693 719527 294469 740779 688964 576854 699922 490349 424367 365161 575522 471556 532057 84717 488059 332754 462210 759802 896212 432756 710134 525038 274391 382925 223179 109662 132927 321574 420586 602088 123314 66655 628718 483198 450903 278819 473186 305294 859143 544788 474860 944032 77910 226658 104320 453446 699741 791358 46560 195129 1 110186 174095 594551 690278
 493093 340370 988991 248732 487579 520091 775969 452531 385233 235325 672560 390221 534764 703294 870539 437656 828436 372728 850734 736961 686904 808620 598984 392058 441075 650487 477698 641296 74095 490827 427756 571355 869047 974922 399213 815852 592136 196579 491585 333332 30388 223254 414314 529368 705707 61313 159502 669914 471454 543877 377811 582362 328347 936464 642068 545498 1020141 134250 330136 180869 554003 809364 857950 120262 97082 110186 1 186194 576960 795303
 308014 343902 820563 333614 369247 348049 609091 488945 216898 400704 528160 283612 361286 549242 750294 252980 798823 225599 783410 552147 626986 725858 579370 257307 284063 484294 300284 569684 116825 315792 474636 502197 834780 808688 266165 809655 419256 381094 477513 305993 212418 295747 467629 459170 597338 130687 139502 484004 309142 591459 416472 558056 142419 769004 515372 377213 850749 98778 358081 109741 578177 737017 681436 219998 276340 174095 186194 1 420744 793277
 309911 731898 763455 752516 607411 429159 605770 882024 205537 810275 642825 225630 425854 622535 887549 236830 1103234 477056 1030880 409147 906380 952034 917309 190788 468789 526429 159425 839724 525818 138583 874484 788563 1129763 765803 185905 1142779 454128 741362 833485 679732 607233 714034 871061 752970 792014 516125 555570 337160 112629 985197 816191 893348 314254 726252 685681 460042 783307 519241 757722 518193 956577 981063 597265 639897 638469 594551 576960 420744 1 1132242
 841748 459851 905478 561314 535321 739379 780539 350997 948474 711355 616840 1070218 750660 673813 543374 895697 121111 655374 288565 950916 266570 349058 216912 1028633 669910 731802 973213 325905 768831 994192 381616 353768 154417 878498 1037808 25877 759911 876492 315849 487784 782808 576191 399270 382900 455220 811725 672509 946347 1029355 291247 421082 240211 831729 865974 534223 721973 933546 720120 465169 687267 249049 302959 904210 675927 853582 690278 795303 793277 1132242 1
LAMBDA_SECTION
1 320
2 678
3 216
4 923
5 11
6 505
7 197
8 706
9 190
10 233
11 338
12 402
13 936
14 813
15 734
16 879
17 189
18 43
19 317
20 450
21 773
22 842
23 955
24 65
25 824
26 257
27 757
28 913
29 16
30 872
31 847
32 422
33 724
34 171
35 113
36 17
37 643
38 893
39 185
40 441
41 9
42 498
43 113
44 948
45 750
46 80
47 735
48 428
49 67
50 869
51 231
52 494
53 39
54 853
55 688
56 649
57 397
58 465
59 387
60 18
61 95
62 260
63 390
64 105
65 880
66 648
67 446
68 25
69 544
70 315
