NAME : domp30p10v2
COMMENT : Cherkesly, Contardo & Gruson 2022
TYPE : DOMP
DIMENSION : 30
DISPLAY_DATA_TYPE : NO_DISPLAY
OPEN_FACILITIES : 10
COST_SECTION
 1 242855 716890 707758 337211 971561 230628 267888 537266 451672 780535 692110 149361 740334 573457 339391 302724 930892 113108 603031 258049 933148 691257 167199 577635 278687 738827 232743 148208 309475
 242855 1 703959 628645 580066 741830 467576 216543 315376 305025 537778 640971 345622 712055 422613 456463 72525 717273 147761 455161 278298 703495 473045 404862 597049 361215 504311 265140 367521 280691
 716890 703959 1 195935 857520 881261 858621 494316 933832 1002890 921341 117938 619436 48280 1111194 432904 668240 754264 654276 1143401 464617 855350 1065751 719655 152003 445382 780094 917108 841416 966026
 707758 628645 195935 1 918474 686436 889890 448434 805866 906924 747024 79733 647076 160613 1003961 501341 577038 558369 620818 1035027 451968 661446 923110 755105 269023 473366 600487 873417 848449 906872
 337211 580066 857520 918474 1 1298539 138013 549537 864227 744024 1117683 877240 288232 895001 856111 426098 638129 1245472 442567 881106 497206 1260306 1012971 186553 705579 447281 1070673 476745 245923 561119
 971561 741830 881261 686436 1298539 1 1202108 762427 609684 808059 297975 763339 1021187 846772 823512 1003846 672879 141493 859758 839983 833571 38427 598393 1112635 907604 919134 240369 975782 1107846 946099
 230628 467576 858621 889890 138013 1202108 1 479609 736201 607941 1003560 859591 243469 890853 718722 430297 531565 1160335 343246 743419 444293 1163690 881872 138968 708303 419965 968570 339302 110828 423328
 267888 216543 494316 448434 549537 762427 479609 1 502046 521517 635631 444873 262995 507356 637936 274295 203480 698050 172467 670530 80810 724979 655321 364169 380840 176040 550980 428613 415013 472166
 537266 315376 933832 805866 864227 609684 736201 502046 1 200564 326512 844389 658376 928697 227062 765554 299349 647446 460479 251595 577202 576183 157671 704459 858195 667702 386883 425591 626133 368635
 451672 305025 1002890 906924 744024 808059 607941 521517 200564 1 526986 930500 594866 1007062 123181 747074 335045 836558 414464 154526 580850 773711 296774 610981 901541 657132 579087 270940 498137 194380
 780535 537778 921341 747024 1117683 297975 1003560 635631 326512 526986 1 809996 865735 899807 528923 906671 481809 375149 678109 543747 715846 270409 300733 939450 897530 810445 151745 730523 899287 686122
 692110 640971 117938 79733 877240 763339 859591 444873 844389 930500 809996 1 616203 89836 1033141 453464 596300 636912 614471 1064834 434069 737434 969341 722286 199228 439658 666419 873485 827363 913833
 149361 345622 619436 647076 288232 1021187 243469 262995 658376 594866 865735 616203 1 649715 717652 205154 386532 960925 198205 747961 209610 983318 815425 108742 471337 176770 800847 380862 227117 458806
 740334 712055 48280 160613 895001 846772 890853 507356 928697 1007062 899807 89836 649715 1 1112579 469147 672035 717339 671928 1144541 484764 822027 1056318 752056 190837 473911 755923 933931 868867 979401
 573457 422613 1111194 1003961 856111 823512 718722 637936 227062 123181 528923 1033141 717652 1112579 1 869508 444025 871677 537359 32597 700344 792186 249461 730533 1015880 778681 610639 379426 610621 296157
 339391 456463 432904 501341 426098 1003846 430297 274295 765554 747074 906671 453464 205154 469147 869508 1 467659 918393 333398 901413 193662 968112 921792 292332 281025 98893 810861 569903 431673 640550
 302724 72525 668240 577038 638129 672879 531565 203480 299349 335045 481809 596300 386532 672035 444025 467659 1 645222 196464 476460 277880 634477 454407 457826 573166 369232 437183 335616 434988 343717
 930892 717273 754264 558369 1245472 141493 1160335 698050 647446 836558 375149 636912 960925 717339 871677 918393 645222 1 817785 892283 762035 133818 668791 1058994 793711 840742 261039 968723 1073740 951151
 113108 147761 654276 620818 442567 859758 343246 172467 460479 414464 678109 614471 198205 671928 537359 333398 196464 817785 1 568980 191172 821371 617785 261376 526437 248195 628754 262922 258625 318722
 603031 455161 1143401 1035027 881106 839983 743419 670530 251595 154526 543747 1064834 747961 1144541 32597 901413 476460 892283 568980 1 732817 809437 255984 758766 1048444 810864 631406 404457 636121 320134
 258049 278298 464617 451968 497206 833571 444293 80810 577202 580850 715846 434069 209610 484764 700344 193662 277880 762035 191172 732817 1 796587 731993 317116 335442 95232 627693 453780 396481 508562
 933148 703495 855350 661446 1260306 38427 1163690 724979 576183 773711 270409 737434 983318 822027 792186 968112 634477 133818 821371 809437 796587 1 571080 1074457 877249 882695 202799 938267 1069438 909430
 691257 473045 1065751 923110 1012971 598393 881872 655321 157671 296774 300733 969341 815425 1056318 249461 921792 454407 668791 617785 255984 731993 571080 1 858315 1000892 823572 415491 557358 771113 488405
 167199 404862 719655 755105 186553 1112635 138968 364169 704459 610981 939450 722286 108742 752056 730533 292332 457826 1058994 261376 758766 317116 1074457 858315 1 569387 282825 886394 364735 158134 449171
 577635 597049 152003 269023 705579 907604 708303 380840 858195 901541 897530 199228 471337 190837 1015880 281025 573166 793711 526437 1048444 335442 877249 1000892 569387 1 300828 768507 788309 695818 843845
 278687 361215 445382 473366 447281 919134 419965 176040 667702 657132 810445 439658 176770 473911 778681 98893 369232 840742 248195 810864 95232 882695 823572 282825 300828 1 719041 499515 396063 564055
 738827 504311 780094 600487 1070673 240369 968570 550980 386883 579087 151745 666419 800847 755923 610639 810861 437183 261039 628754 631406 627693 202799 415491 886394 768507 719041 1 735477 871562 707451
 232743 265140 917108 873417 476745 975782 339302 428613 425591 270940 730523 873485 380862 933931 379426 569903 335616 968723 262922 404457 453780 938267 557358 364735 788309 499515 735477 1 231753 85550
 148208 367521 841416 848449 245923 1107846 110828 415013 626133 498137 899287 827363 227117 868867 610621 431673 434988 1073740 258625 636121 396481 1069438 771113 158134 695818 396063 871562 231753 1 316883
 309475 280691 966026 906872 561119 946099 423328 472166 368635 194380 686122 913833 458806 979401 296157 640550 343717 951151 318722 320134 508562 909430 488405 449171 843845 564055 707451 85550 316883 1
LAMBDA_SECTION
1 377
2 482
3 104
4 917
5 173
6 905
7 23
8 950
9 937
10 726
11 519
12 288
13 559
14 143
15 463
16 658
17 852
18 950
19 96
20 465
21 318
22 499
23 642
24 922
25 444
26 882
27 52
28 432
29 898
30 582
