NAME : domp200p100v6
COMMENT : Cherkesly, Contardo & Gruson 2022
TYPE : DOMP
DIMENSION : 200
DISPLAY_DATA_TYPE : NO_DISPLAY
OPEN_FACILITIES : 100
COST_SECTION
 1 225838 334234 138566 640342 329307 283859 547062 634352 474664 328450 770122 312402 632537 605680 435582 567985 331776 298149 511674 415937 579889 524220 17113 266497 530357 304242 505689 624282 297274 289973 440178 718803 509339 260873 197321 452324 548914 340455 531702 143573 759568 341839 441134 99964 675195 646398 370279 637677 462001 477101 467724 536430 380551 188532 418917 402185 288207 659490 257291 326627 472014 323995 458847 307954 538767 655484 334701 441041 406917 192333 389553 319674 395331 514594 355484 236043 609642 546843 455523 510911 301310 452839 520292 491708 438698 491470 303149 212340 326105 335825 645885 476668 540831 563925 367985 506953 150507 367188 372762 416271 436974 627073 475869 86663 387169 637347 220918 653759 521686 396689 612548 213332 247881 622267 405797 514052 559703 176555 321136 555200 597183 565408 391442 111146 492584 349542 196877 334613 232779 563350 248645 618559 665749 393876 292245 247799 157993 378026 158986 337087 493154 218022 333195 603811 75495 248250 266153 493340 491063 372276 430726 693074 56586 295002 552292 531372 627618 376333 278537 556376 626423 391040 596590 272902 213854 331458 291776 438357 447568 481962 710613 89095 464094 188940 409143 119270 290718 57390 466450 292704 595010 411121 654565 204855 363436 450459 352080 548450 731300 281203 605500 621788 660253 425376 325887 57805 288343 220824 204390
 225838 1 554699 345334 758604 554483 502000 455245 492440 681814 532900 670899 430268 448477 690158 216991 646710 531771 340188 611366 591478 357040 350255 220423 491951 304687 260192 684760 798933 377391 459333 355535 657291 304215 464345 116739 616200 487067 498929 305899 195487 642447 157149 594745 149051 551425 426473 145827 795902 283221 285268 503408 342627 520496 204074 194990 626659 421735 815522 356703 138284 533073 141490 262037 218973 516575 551380 163630 308178 432947 79133 345591 125069 225162 716310 553897 427209 620141 406296 300742 711078 439882 266861 692331 276620 290107 266403 384803 177260 220516 555938 771734 269963 708608 711915 588321 315914 159696 465640 337390 502618 558104 484826 563059 170061 481738 429091 423825 663687 376151 549875 792932 439160 153529 810719 630568 303160 333872 387636 478753 331807 559002 654818 244541 309455 341984 566330 291746 383831 205826 743530 107931 571359 623026 588962 83375 440252 361773 603722 373060 111305 531566 302481 557967 546273 234919 453276 190209 274814 691048 159292 449781 679963 196086 157843 632232 616178 717597 200988 434683 341619 606192 533900 743660 352985 367424 125426 292842 513222 248199 579570 876639 150354 632548 300400 518413 262612 508683 175603 291633 468535 586456 297211 498423 156171 348816 637636 384296 322617 624012 493393 736405 399879 807264 200404 516662 279517 365731 446167 314875
 334234 554699 1 277914 684630 126034 198206 835119 945466 333349 273305 1048646 318023 961346 711161 768771 689313 112834 424595 615536 404262 911573 851721 335958 90872 858019 514604 450907 551067 374636 209458 734580 971035 806432 265325 527358 454859 816821 239523 856980 450261 1051088 638882 289096 408995 974604 956641 700522 602155 792114 809625 663802 868757 462176 425691 740384 167241 427925 624688 340393 628043 638477 622552 792262 621655 776769 943652 624789 757650 627373 526323 667711 625526 674644 383176 305508 169609 806260 860920 779136 386537 277596 737135 479930 825662 694218 820813 373891 468493 575818 189703 675357 777202 505394 567679 33759 790756 471809 519355 648713 566938 529210 938630 607527 414554 382493 931927 149531 844903 839046 269311 526189 140593 520936 510175 164132 848282 885912 251486 238584 886455 841264 671901 715749 306316 813186 217640 347031 428804 469465 489098 545182 867824 906529 334270 608667 298491 199543 95053 248794 665215 680628 358774 135346 862826 324818 259538 519124 826699 373617 706126 651853 903407 381590 574841 675277 652246 720714 707750 240728 861850 851192 462658 594482 488164 257800 642413 564539 596981 743544 596989 643343 422409 451265 421387 530022 377894 199446 379208 739887 192669 812774 722444 971936 526099 627622 391348 458029 874149 1017477 77660 633739 935843 645054 748654 146510 292729 376371 152346 427134
 138566 345334 277914 1 522483 225496 158427 557206 670166 339046 191142 771718 388797 697707 506057 537416 473370 322596 412550 408349 280238 683897 587647 153475 190134 642618 438072 368300 487091 396557 327811 457161 699076 641515 122835 278005 319804 540518 381098 646983 186263 773189 476377 474955 238021 697020 771712 481790 504331 532822 555528 406898 613085 262660 322349 540095 291454 185714 526586 353116 460236 394800 458458 541848 351359 506924 665781 470855 486211 360060 290308 389827 451960 532435 377238 217073 258930 552504 587202 512141 373196 364822 588657 384300 587968 577205 601798 400939 349823 464429 213315 524496 608132 405743 435102 308799 642370 216154 277558 370852 328672 326070 663501 382247 176572 468703 769048 228992 594346 567042 435301 474548 137322 386434 483706 296533 605538 673437 42547 365404 660630 570442 464955 450577 36874 543399 221406 306651 442686 368407 425523 385037 595845 637342 255326 420339 110393 187403 288069 32037 453105 428061 327946 226328 588465 196493 110554 404191 593199 353262 472216 384973 645275 149365 432963 457852 435368 524165 453010 331387 684953 586739 270764 467526 217093 283425 461362 286628 355770 580821 381698 574732 194985 329793 143893 307619 105592 164868 194876 603703 322950 550358 449065 698897 265470 350442 312166 464736 662976 739765 256109 482829 745181 530271 544759 331688 83672 390071 129004 151057
 640342 758604 684630 522483 1 560379 490855 587452 737588 397650 412221 684759 906397 854601 123972 852380 157222 781829 933286 151516 280387 975227 771964 657435 609312 970427 941317 254925 232854 918990 828808 566197 557487 1051760 440361 643962 229778 518250 879006 985073 568664 729841 915475 958726 723710 707398 1135784 839130 159258 758285 795603 314121 830449 260754 827268 916817 552423 353197 155783 875479 896687 258249 899182 799697 597804 424833 647429 919495 658587 368459 679758 501712 883671 982574 365409 379176 758940 338063 700232 704980 356147 877858 1024923 223631 873371 1043111 930093 923274 843866 947168 496304 29557 1017937 202056 125035 697254 1071817 601461 292964 493284 259832 204869 735274 204823 619700 986435 1166077 724716 342666 703736 926908 259208 592225 865160 304821 559349 871570 1001685 506674 867251 961147 464941 130254 678040 534972 706266 469476 827802 964883 868471 253115 843979 490921 489430 351994 841313 424392 701470 617606 523942 830330 295057 849262 551705 514577 711438 451384 892530 888812 355183 799220 367768 415551 615232 898526 162792 164914 100329 724940 841031 1072989 421775 251784 111587 405623 802368 882258 484334 258087 1002496 182308 224151 643191 234627 468756 240691 529271 488121 684369 1050208 819181 388754 621194 785682 605964 463257 302391 986190 995782 688216 714918 54102 1103198 117576 914412 805355 598882 912552 568335 452598
 329307 554483 126034 225496 560379 1 89003 765582 888156 213067 152560 970178 415617 922630 593137 757713 574256 233610 501555 499572 280508 903800 812645 337214 82079 857985 572410 324960 427106 460217 312783 671436 882773 833478 163181 501442 330909 738216 352356 860253 411681 979292 664364 412753 421956 908673 974895 697106 476413 758311 780847 566103 838541 349205 468614 748212 74176 332016 499021 420500 650773 534234 646925 766734 575346 687892 871807 653939 708896 538576 509676 598899 645419 710173 263093 182405 255019 704230 807579 736633 265341 377373 770959 353900 810367 740994 818251 461110 507549 622017 64131 550275 801842 379364 442179 137055 825420 440480 418023 579766 462304 414476 881784 496903 393936 487851 961286 223804 740624 788985 389197 403169 119735 555599 390336 76909 829208 887873 186598 347257 879827 752746 554860 675636 261211 766746 91717 408395 514627 515728 364419 569317 780542 815396 208905 620819 201519 245588 70364 193520 665349 579974 424731 9594 779382 348233 162126 561931 814457 250936 692879 562079 802971 362759 608093 560860 538092 600833 678248 338232 883516 756057 347772 468641 407886 333887 658942 499065 492702 770797 483577 519874 408165 326258 355916 420798 330869 87120 383888 779277 298006 716450 670528 919480 490848 554641 265323 542807 876829 943306 176974 508918 950824 519038 754539 263835 275164 459321 108493 357296
 283859 502000 198206 158427 490855 89003 1 679563 805185 198144 79806 882125 440257 846242 512958 695659 491460 291001 505115 417455 211768 842139 736696 295279 118516 800952 558682 274705 387665 472489 347984 587499 793833 793146 74206 435594 262024 650397 394664 805075 341534 892384 625609 468740 382525 823214 927580 640044 425714 685025 709677 477278 766282 264670 447592 696989 138422 243023 448728 429957 610486 446414 607791 697225 498353 598979 785045 617825 629728 449764 448735 513664 603404 677306 243847 114702 281353 616102 726205 659764 242642 405732 735958 300026 745559 715489 760195 474748 482246 598445 55047 483875 760347 325076 378810 217482 790243 373334 329454 494592 374470 331302 798978 411308 334621 517588 921125 246923 653023 708861 439043 367953 113492 525658 365002 144520 762325 831691 116009 385491 818971 663828 473717 600272 195277 688108 65821 403887 525210 495273 323358 531859 691681 726395 150409 574402 112849 245684 159344 129043 610825 491504 422833 84734 690852 320557 74052 537515 751198 224329 630437 473181 714626 306100 575776 477587 454617 522791 607709 366747 839174 667139 264637 407852 320819 345527 614514 415525 404830 731426 399548 480520 352063 261634 274442 334419 259247 6888 341059 747963 335979 627593 590421 837983 420372 468515 212703 551649 821156 855985 224784 441633 901716 463464 702076 315501 226257 469411 89811 274060
 547062 455245 835119 557206 587452 765582 679563 1 151205 766458 651970 223686 846943 274966 469271 385806 430620 867588 784835 454110 610895 453314 221226 556839 746576 480607 715391 681681 754071 810604 837034 107348 207610 631708 607731 374515 597765 73759 887202 501498 404055 216084 574128 987961 548245 144582 648917 423721 708403 246627 280907 281202 286476 493952 644037 493507 815010 449003 717856 779897 558296 340567 566181 299305 248311 165962 109219 591284 158138 256018 404373 167578 543430 636779 773306 647648 780627 280794 124984 191494 764004 843345 646591 668342 371408 707917 451121 817740 627364 670423 727788 613756 605350 668768 622412 865775 672747 399530 394627 186681 380987 472072 148265 404880 463338 912565 708811 760447 308317 142413 943264 765592 694528 608767 803601 821757 353582 505350 586444 867653 449471 154731 457391 220330 530411 164575 719296 711990 828397 657191 727406 561702 148215 194890 660901 504059 568450 700897 834520 586765 442297 294571 728666 763119 114486 608391 605670 645448 391288 748271 369071 241906 282368 490546 605639 424774 425919 498797 279415 824338 621977 216383 506028 642523 359230 757530 527436 270595 361613 609491 433686 791919 471273 619135 414142 431344 461072 683421 539864 681088 839422 225111 158244 198441 349837 211052 671253 833336 504849 184651 806510 599889 615648 689329 483796 867832 560985 799457 684669 409954
 634352 492440 945466 670166 737588 888156 805185 151205 1 907529 785708 213188 913598 150443 618083 354521 580475 964546 832590 605312 755235 371765 160946 640981 860025 418681 745618 829237 904490 867352 919977 218444 278920 593070 736012 442738 745012 219653 967059 441135 498272 162445 577240 1067123 613337 76964 573837 415333 859561 220477 239171 432332 212563 639162 694749 469065 942841 585615 869060 842304 564684 491702 573769 264527 327048 313520 122874 597687 193939 403376 463072 295356 551056 630923 917336 784687 870280 420487 88226 191705 908267 916213 625877 817062 317659 699679 400240 874722 669654 687672 855981 764215 572842 818339 773355 977526 640405 484005 539942 313748 529993 621222 7616 555904 547734 971548 645815 854452 441163 116733 1021828 915409 805924 639956 952730 949274 290210 436333 703862 946952 376112 287116 607781 251223 639424 150484 850207 774849 876261 697840 876338 589663 269961 302253 801012 518796 697224 792182 955243 701310 444511 445663 788749 886694 237674 685373 732384 675637 337183 891861 364335 391210 399425 578590 624054 575159 576873 647195 292397 902584 568525 345816 651760 793689 490622 834191 531056 389663 511795 585829 584682 943124 549843 766414 532265 579525 567608 809661 614941 661231 924802 364017 224117 49233 429506 343612 815627 876257 439409 161805 908172 750973 542453 840429 456851 960217 659131 855781 799167 531265
 474664 681814 333349 339046 397650 213067 198144 766458 907529 1 148914 942445 625847 974235 465591 859220 461241 444810 700982 389190 161759 1004253 868290 487696 289909 970678 756776 142728 220453 665056 525208 691423 835292 980488 217541 599377 195370 720893 565419 977279 502062 965838 815255 622441 574555 910129 1107898 811935 280613 825413 854847 513447 907608 276886 645152 875179 171899 323731 301735 623498 799242 464710 797342 846497 634239 649169 862472 809140 753416 513081 619631 613253 791000 869991 50057 131833 464673 628188 838174 790415 53347 588577 927169 174087 903484 911097 928959 666705 678807 794995 160992 380095 947018 196904 272616 333975 981071 537564 374013 595626 400366 320887 902318 409007 511755 699780 1107888 431793 655679 826559 601227 193934 306542 720518 177367 177413 915950 1002261 298483 560167 982703 710898 434586 737237 373372 811991 136200 601228 718705 692783 162395 723129 740245 763651 106954 758819 243706 440832 246011 315686 786405 517247 619755 203558 748454 517569 228976 734064 911820 44219 794553 531552 726509 487343 769328 451581 431863 463678 756777 549275 1022925 696767 267062 290999 422049 537598 800124 530819 427854 919866 386086 311199 532079 178968 411315 348978 422932 191503 531971 941078 510765 656159 711911 946744 576122 564501 107176 745916 992529 926048 390031 343550 1080325 328752 878807 476213 417025 662888 284848 403973
 328450 532900 273305 191142 412221 152560 79806 651970 785708 148914 1 844493 516925 840483 440578 712704 422222 370196 574432 347372 132307 858336 732601 342278 197967 823012 618913 197428 313112 545385 426988 567369 748556 832012 68731 452118 182780 615341 474218 829192 354970 860172 667469 548370 428380 796542 959022 663735 347195 686053 713848 426668 768195 199342 505027 726360 171776 203478 370221 502269 651222 389230 649550 704058 495500 555256 753951 661970 620523 409074 471273 490583 642718 723388 186194 35157 359533 559531 711194 654755 182490 483387 779799 221405 758523 766695 781429 548083 536326 652106 91669 404529 798452 246205 299045 288817 833500 389967 278092 472010 317971 262974 779962 347332 362841 595034 959268 324958 594030 696802 518848 295573 190288 575805 297969 179125 772299 854471 151972 464708 836348 619593 402384 598762 224761 679350 72055 470911 597109 552285 249001 576102 648253 679134 73113 610087 96937 317987 218060 170093 637740 437575 490745 145000 650891 376917 80599 591359 766138 162704 647778 430892 658913 338632 623443 409066 386448 448504 614080 444655 874054 616731 196590 328052 295093 419542 651501 399504 348212 771651 332439 405198 383218 181846 269414 273002 274793 76299 385439 794617 415318 576434 579709 821868 430575 443039 135731 622709 844591 822169 304482 362403 931539 383993 730096 395210 271356 541573 165943 264292
 770122 670899 1048646 771718 684759 970178 882125 223686 213188 942445 844493 1 1070487 355288 560946 562325 534288 1087243 1005492 582934 781382 583997 370446 780205 958791 631823 930427 837823 888285 1033065 1060021 331032 129894 804480 808472 597139 757843 232258 1110477 654260 626775 66960 775489 1211210 771228 136427 785884 616518 829677 422841 447180 429623 425508 665638 864899 676407 1013252 642219 833711 1003039 761316 482544 769913 471374 471227 293293 119545 794596 363372 435424 625560 384355 746972 833348 940887 834655 1002588 346964 277554 380807 931026 1067025 833327 818623 529609 903425 612465 1040250 845972 879752 926704 713926 782982 813274 752886 1078208 850829 623171 570678 402733 542354 627225 219033 544816 686875 1135486 858885 981415 345639 308219 1166609 905478 908507 823559 947831 1020306 502988 649419 797642 1091001 589127 233148 565107 427772 747357 342042 914800 935079 1049195 875463 874748 774899 203888 195339 841324 710822 769369 922755 1040176 799927 641671 429557 951449 966744 194309 832064 808224 860094 549360 917719 563103 414049 279140 713698 815069 534800 544922 585372 480795 1047810 781534 263792 675445 765496 563025 981138 728641 487558 515976 793873 572285 906306 694957 778386 627828 594093 679929 885251 763528 868624 1062048 300209 375630 244951 573424 421277 840011 1052915 652589 51561 1024642 712567 754882 799165 664773 1088883 781786 1021831 896758 621519
 312402 430268 318023 388797 906397 415617 440257 846943 913598 625847 516925 1070487 1 878673 894753 634904 861262 217389 134654 797141 641803 755910 779555 298640 336014 688461 253451 714240 827878 74271 108985 739722 1028092 579989 470419 474743 688901 856469 101641 679772 452149 1052905 434110 172776 300961 964586 739092 556726 863750 712710 715410 776942 772168 649695 229224 564116 477616 573381 886758 74192 431561 775372 422986 691758 599603 850932 952879 413412 721346 718387 450767 697317 436335 441940 675223 551872 161175 920478 825585 723795 676083 40732 501879 738070 695973 435482 660681 69443 266855 331812 465380 905421 558432 762558 807752 338076 549386 449008 662583 681516 713495 714454 906031 769508 387218 80105 692787 194442 964289 797069 132213 807550 326984 316057 801039 476150 725681 709382 399813 89492 730102 908587 853667 662426 386744 764313 491920 139166 119618 248267 763583 361289 929159 977118 589691 441503 482139 204937 411359 382946 517998 801359 128106 424701 912797 241498 458269 293968 689407 659548 585906 742472 1005306 365142 361992 845653 823418 912928 628316 77942 642918 938814 656557 838872 580583 105461 458650 602896 738692 522088 770246 920775 376375 693369 495935 696085 426951 445575 307505 492602 126245 907303 699074 924816 497108 674596 652335 148307 696892 1028385 243986 863035 726529 898152 576050 182796 326806 82829 351156 510044
 632537 448477 961346 697707 854601 922630 846242 274966 150443 974235 840483 355288 878673 1 740125 261070 699601 962810 780668 713411 832050 233581 110090 635275 882101 291725 679809 913844 1000563 823409 902745 295235 429324 475119 783072 435417 829897 348674 945207 314027 513303 295461 494528 1042420 588580 223787 433294 335592 963445 170773 163274 541435 108590 720598 650956 369350 984438 651333 975341 804932 485694 599590 495310 187441 347897 440198 273222 516769 220822 498159 443710 370801 474081 537608 990828 845454 862115 555485 154490 186502 982469 887881 520488 905904 208186 601674 283509 830808 618681 612202 899891 879524 460350 910706 874822 994651 525486 489566 624429 385796 625105 714792 147446 661088 548038 927229 510448 851894 580874 153435 997342 1007958 826698 579735 1041765 990244 175976 303332 736089 924946 243370 425752 724497 247153 663229 162401 898710 740210 823170 643948 965321 529231 412515 449224 867488 450799 746233 788318 985576 729734 371530 559553 750727 922714 378871 669544 777123 612706 224458 964614 295375 491959 545199 580864 552665 692175 690347 770134 257120 880518 440942 486584 734218 898336 552500 812336 451791 443417 612158 479775 689085 1048654 543636 851052 573442 670633 592116 851561 600715 555198 910238 499452 262397 110426 435623 418597 891474 818344 308732 305628 913602 861443 403505 950056 355925 953033 668680 811744 824321 576697
 605680 690158 711161 506057 123972 593137 512958 469271 618083 465591 440578 560946 894753 740125 1 759309 44570 797646 903706 98285 319769 874525 662826 622623 627745 875808 896150 328965 340923 897310 828903 458148 434129 971921 450149 573490 274075 398434 881214 891888 510857 605914 846919 968483 677980 585065 1044135 754464 273887 655098 692948 207734 723477 252077 785937 833195 600269 321922 274925 854767 828029 160612 831625 699487 508813 304570 524653 853558 553047 271458 611199 400419 814192 915262 443430 412419 758670 214122 585691 599749 433449 870530 952493 300878 774671 979470 836713 902365 796595 892113 531180 152995 938813 285857 211296 728930 996433 539795 238842 394937 192121 184360 616134 130818 569378 974530 1080809 725794 220801 591589 932725 363484 600356 810944 408793 607586 769987 906337 500227 867240 862234 341685 41112 579373 510073 597089 507230 800582 938948 823361 345404 783817 367282 365607 395218 770710 424697 692624 657240 515056 750126 184214 822044 585502 391635 680195 458792 841285 791225 427499 710548 265010 294553 571274 838578 58034 75274 30460 630564 836077 987561 297808 249447 214063 344807 789312 810023 402248 177153 926726 124688 346168 591854 287517 420862 198836 487987 511831 642241 980149 821565 265022 518021 666630 534211 367819 360380 957554 901378 564309 728720 155749 1011007 238882 829402 816812 573018 889621 578058 404574
 435582 216991 768771 537416 852380 757713 695659 385806 354521 859220 712704 562325 634904 261070 759309 1 714847 748753 527132 700950 744393 146484 193575 432836 701281 118552 421063 835789 941273 574121 673990 323093 590273 246327 646603 260989 758059 444723 711092 132790 357777 516830 233458 804110 366035 427791 284849 78419 923285 141579 115480 552920 153919 651499 405808 114547 827425 560519 940051 560729 224963 599734 234613 90974 255095 509707 450690 255731 232407 488040 248061 361276 213880 279227 887259 727635 644102 629440 286138 194313 880636 649275 271457 836832 61093 346286 77716 581423 369016 351464 750652 871423 221768 848583 834507 802506 289719 323460 572625 364719 594565 670643 347589 647587 363780 676323 329403 640675 667379 256688 759932 940861 646978 325028 965820 832021 91446 150374 579674 691125 123682 528927 731443 184487 500547 225581 756893 499916 568510 391619 893088 275824 530109 579451 758274 195325 616066 578332 811822 567984 116977 578851 507299 760109 497984 451838 637311 355916 58000 861034 65235 495028 659608 395183 293265 702883 692679 789328 128834 647693 238814 587483 665760 863660 469632 581649 191255 371140 594326 231656 670783 1008085 350428 777183 450674 626224 439030 701975 390184 306810 683943 581910 253296 341691 283458 391629 797907 561485 143609 511082 709594 842678 251703 923980 102513 733261 484315 562584 651012 460682
 567985 646710 689313 473370 157222 574256 491460 430620 580475 461241 422222 534288 861262 699601 44570 714847 1 772002 866130 75055 308346 830703 620453 584820 603938 831448 855647 330200 357249 861455 798653 415315 409978 927491 425644 529992 266407 361051 851347 847456 469218 576166 803316 940431 637840 550606 999659 709925 295503 611514 649308 163930 680624 227259 746321 788667 586571 287926 299590 819243 784430 116076 788131 655537 464246 267617 491010 810213 509786 226926 567846 356359 770525 871733 443589 396268 728616 188449 545111 556469 433481 838189 908500 304389 730595 936278 792280 866671 755909 850077 513686 184555 894419 292607 223160 708644 952222 497472 200887 350602 152145 160160 578236 92275 528778 940767 1036242 696268 203285 550075 903679 377324 573657 769137 421701 593960 726236 862029 470292 836822 818208 309450 31087 535204 475211 554679 491035 763764 902064 782992 353851 741224 336275 339633 382949 726974 397719 660614 640141 484297 705736 141372 785167 567046 358499 642914 433427 799881 747054 425582 665980 220874 277320 531845 795947 15709 38128 74505 586127 804463 942996 270547 226876 232061 303633 755816 766117 358015 134572 882514 93343 372689 550998 282317 381551 166148 449553 490867 602885 936333 791965 234950 474332 628676 490646 323307 354434 920064 857011 534416 702829 178364 966548 266082 784849 789796 537475 853505 552022 365376
 331776 531771 112834 322596 781829 233610 291001 867588 964546 444810 370196 1087243 217389 962810 797646 748753 772002 1 338002 700173 502500 885918 855289 327712 172518 826460 441523 556932 660711 282393 110046 762871 1020505 752436 347573 528699 552911 858438 128966 822548 467101 1082961 590055 179498 382770 1001583 907811 675410 708851 792040 804625 727245 863930 545734 370366 704336 280073 495947 731609 255068 581960 709246 575194 784690 637500 829296 976804 573171 772032 682621 519437 702903 582020 616149 494793 404306 105324 872320 877555 787292 497762 176819 678705 584923 808214 625760 792169 280216 414261 510836 294743 774718 725797 610368 668788 124415 730611 480946 589561 684524 639424 613510 957364 685846 418156 274394 874110 110999 913090 853001 156648 636577 198882 468182 622011 276889 833779 852132 309186 131342 860203 892504 757367 723211 341509 824269 323054 279753 334441 408599 597970 500835 917449 959700 436557 572576 374397 174513 207189 300025 637961 746882 286037 243190 908602 297292 338907 459150 806510 484116 689617 707524 966687 386425 521244 757294 734186 809856 705797 144996 811491 909236 548324 696954 539678 184753 601345 599750 668513 690581 678715 753428 419751 551601 463289 608118 407316 293952 363192 676707 92697 872552 740562 986056 535822 667775 496116 363721 839938 1052069 69259 732550 890070 750026 714119 35500 307027 286432 219984 472435
 298149 340188 424595 412550 933286 501555 505115 784835 832590 700982 574432 1005492 134654 780668 903706 527132 866130 338002 1 809118 687662 637853 688172 281322 419479 567916 121129 769369 886974 60384 228759 679770 978021 448096 517230 411762 730525 805079 235154 557322 416874 980743 310999 302892 244260 890234 607297 448915 912942 621256 618457 759826 672407 672539 140807 444967 570584 584417 935599 84272 311415 768576 302218 593478 537473 813902 886161 289095 645891 695165 380463 649750 318550 310860 748353 607725 255299 897618 746126 640886 747594 168615 369396 789508 587450 300923 543545 65666 163321 201036 541020 936531 428224 812552 847207 449834 415680 403062 665332 636279 714346 732266 824974 774014 350241 150646 558699 280789 942145 716172 265358 870002 394458 202107 869901 570488 618573 586546 436019 220498 612389 866473 863321 583395 398396 682112 564787 105919 43786 136749 823152 251875 883866 934037 647080 331888 518973 260152 512154 417225 411039 786278 84794 509715 863460 223586 504179 172897 578598 729436 485296 717662 974404 338377 240120 850438 829502 925281 540984 193440 511666 904043 681749 879480 568545 168833 341563 565907 735965 391903 779736 978059 332698 738650 485972 706505 416893 511347 268903 358623 245736 876556 629877 837978 441908 635721 708983 53995 574097 960244 347022 895103 596190 941654 457641 306070 334442 52887 416351 501786
 511674 611366 615536 408349 151516 499572 417455 454110 605312 389190 347372 582934 797141 713411 98285 700950 75055 700173 809118 1 234003 824961 626194 528718 530996 819074 806295 262892 306254 801077 730624 420908 463581 901566 352963 495702 193829 389796 782931 833614 425329 619224 768504 870381 587806 584097 984268 687957 254582 609252 646264 173303 683067 154450 694489 765833 511565 225375 263787 758311 749647 114161 752564 649535 446294 300353 527039 773556 511058 219575 532269 353083 736307 836183 374398 321218 660388 245432 560031 557077 364263 772543 876740 239551 722718 898333 778659 806006 707339 806412 438760 171161 867876 231359 171243 634351 922772 456471 148480 343581 109292 86701 602217 53910 480634 877008 1014991 627514 268112 560869 834485 322565 502487 724688 365038 518957 721706 850392 401954 768966 810454 351711 57376 527702 413529 560836 415998 705281 843592 733339 293120 700442 380243 391765 308243 693479 326673 594600 565201 416855 679855 160731 726782 492279 397752 585545 361270 753766 737917 355099 647726 221907 340709 480047 755205 63099 42720 116356 573711 737938 921846 322389 152890 188684 259680 691741 733947 333030 106923 853273 31799 337822 503643 210963 330226 102615 395416 416681 550652 902870 723286 283561 472658 652037 457172 312887 282054 862822 844402 577574 631140 148161 951690 236694 763244 718916 476874 793604 480376 313855
 415937 591478 404262 280238 280387 280508 211768 610895 755235 161759 132307 781382 641803 832050 319769 744393 308346 502500 687662 234003 1 885575 729405 431901 330194 860296 718225 93296 209459 664216 556256 542500 673534 895660 172014 493067 50616 562099 604657 869640 398507 806264 738616 680508 512310 753431 1009192 707168 225289 692621 724774 351998 774048 117231 602402 777105 280647 185464 247944 620603 721030 302993 720931 719583 503453 488107 704032 736670 612242 355487 520164 464345 710582 799885 162412 98793 487612 467673 690196 652314 153145 610048 851961 104357 782580 850373 818210 667559 628274 741194 216655 272222 861431 125561 167530 417553 903983 435244 216309 447767 239038 159895 750406 248431 426594 720948 1020117 453011 496711 681225 650387 201483 318388 661217 221710 287934 791214 892345 251806 594337 865887 549413 284490 604108 304871 669861 190628 582182 714029 648062 152053 652920 578779 601900 75483 673327 170115 438791 340449 270738 686885 355490 602947 272037 587678 476610 184672 681805 793198 137599 681733 372626 566496 410025 704187 297099 275999 323816 631683 571896 930826 535131 106203 197604 282849 541126 715645 392115 266176 838357 226968 294730 449567 51591 296197 187425 330342 208564 469378 870908 545314 494501 570481 796364 463280 415540 60408 738149 883680 766118 436542 230120 979481 256427 778656 527247 363701 659334 294029 284564
 579889 357040 911573 683897 975227 903800 842139 453314 371765 1004253 858336 583997 755910 233581 874525 146484 830703 885918 637853 824961 885575 1 232408 576218 846174 73622 522506 975975 1078657 690093 805299 420055 641236 254716 792596 407215 896645 522314 838768 91695 503660 527151 327700 927831 505021 448611 202075 211333 1056527 220238 182199 666819 167570 788594 530167 192886 973763 700614 1072279 682512 326458 718306 335637 175542 386701 601138 488349 350219 323696 606960 394323 474582 320100 348921 1031236 872509 780698 722428 332858 277490 1024395 774494 314829 975453 103690 401850 95323 697141 489665 445147 897134 996121 248294 985968 967132 945234 306778 469704 704874 482003 721847 802503 366645 771086 509951 788494 276879 779690 755975 311047 884775 1079705 792200 439981 1106296 978313 104734 72379 726156 819217 25918 606782 850148 297262 647028 291149 903273 626245 676364 507907 1032597 395369 601433 646155 902400 316823 761552 718312 957130 714438 248047 690808 630819 906307 567483 590958 783450 465265 92581 1004924 211703 610013 735668 541090 397737 820000 812231 904927 255915 776933 211139 668055 802880 995192 606854 713029 297459 503331 718109 276023 795992 1141929 496008 916277 594265 757542 585212 848451 532367 346688 816443 670257 356595 340723 428133 512100 940266 664750 80686 533053 850153 970018 170907 1053866 180329 868320 629824 678928 796795 603493
 524220 350255 851721 587647 771964 812645 736696 221226 160946 868290 732601 370446 779555 110090 662826 193575 620453 855289 688172 626194 729405 232408 1 527577 772104 266292 594094 813413 904434 727567 798337 205769 411764 434077 674244 326901 730054 291603 842131 288230 403251 323296 418984 940385 484930 234876 430604 256592 871486 67051 78320 458045 65263 620291 554287 308119 874785 546692 884669 706454 407375 514073 416673 103983 238428 374887 263295 440017 118039 407335 337534 275319 394265 470749 886530 738644 755566 495332 101379 77926 878396 786579 464955 807147 160078 539071 242976 734981 524963 532139 790516 795407 412716 813400 782150 884965 480486 379918 526332 288194 531826 619601 154035 572808 439122 831869 495766 744297 526706 78813 895145 910220 716716 490384 942435 880544 136429 288148 626140 821863 230213 375411 643104 137074 553140 65781 789817 640489 731378 551758 866309 439639 369157 413791 761843 364909 637760 680792 875490 619676 288038 479085 652278 812790 335153 564020 668040 525031 180101 860203 208020 404673 503551 471839 469651 611480 607059 693227 151949 777332 413747 436932 634172 807241 447794 708885 373446 338188 521875 424964 599935 957138 435612 750983 464604 574807 482055 742076 494502 500310 805197 441603 159494 152185 325762 320973 788235 728903 289137 318959 804951 774175 397772 861572 295931 846487 559172 715900 714240 468421
 17113 220423 335958 153475 657435 337214 295279 556839 640981 487696 342278 780205 298640 635275 622623 432836 584820 327712 281322 528718 431901 576218 527577 1 271706 525079 287593 521283 639958 281459 280746 449714 730959 498689 275144 201170 468725 560471 330378 525736 154802 768428 330515 431146 87261 683343 637715 365774 654052 464542 478369 483292 537736 397592 171785 411814 410596 305318 675920 241954 315760 488342 312749 459447 315502 552294 664923 322569 447292 421875 192881 401035 309378 382532 528262 369922 229566 624738 553203 460168 524764 288998 440719 536240 489810 424446 486731 287436 196564 310962 346444 662924 466323 556944 580660 369703 494975 158340 384065 384552 433034 454087 633649 492735 93998 372571 626728 216722 668931 527517 386428 627905 219711 233549 637044 413968 512946 554024 190313 310817 551307 610168 582383 396132 127389 497830 361078 180632 318080 216397 578786 236582 631168 678724 408524 283605 263267 153229 383647 172334 331683 508892 201665 341493 615829 59452 262392 250738 490749 504975 370250 445533 707447 67116 281633 569130 548263 644632 378474 267667 546864 640331 408037 613320 288950 201863 322018 304517 454934 436597 498967 726621 92159 480295 205271 426200 135762 302159 46700 453488 284354 609327 418457 660079 211767 376232 465624 335277 542618 740758 279845 622503 613654 676938 418720 320074 70922 272363 228819 220847
 266497 491951 90872 190134 609312 82079 118516 746576 860025 289909 197967 958791 336014 882101 627745 701281 603938 172518 419479 530996 330194 846174 772104 271706 1 796631 492058 388590 497139 378499 236321 647247 880243 761477 178324 451691 380518 726783 279812 797441 368941 962334 592347 350424 352803 887005 906297 636768 540499 714383 734020 573322 792705 376763 390669 683121 153029 337670 563427 338519 579632 549109 575207 718010 538739 685920 854793 580693 674404 536504 454871 579021 575253 635210 339455 232409 174864 716222 776486 698073 340658 298700 696670 415455 756251 663212 757937 379540 430772 544031 130258 602363 730565 440773 496929 119432 751020 393446 429670 559955 477841 444336 853309 520241 340200 410093 888804 142599 755245 755582 321803 474988 55460 480262 465854 154068 777129 825708 161178 272470 821591 750437 587878 635352 220989 730848 157745 327032 432827 437300 433313 497302 777052 815659 266037 553448 209355 164698 112067 159844 603254 590509 343015 90387 772306 274444 171254 484502 758797 324723 637308 560981 813065 307630 533410 589579 566479 638907 631498 259387 813482 760411 378353 525571 397553 251904 590068 476232 507716 698559 511035 590313 351164 379703 332450 442496 293039 121669 317617 703433 222740 722077 638110 887967 446612 538123 326983 460903 814320 928267 106742 560140 883418 579997 690285 197411 217689 377421 62046 337507
 530357 304687 858019 642618 970427 857985 800952 480607 418681 970678 823012 631823 688461 291725 875808 118552 831448 826460 567916 819074 860296 73622 266292 525079 796631 1 451235 952182 1058757 621303 742194 431569 677718 185243 755886 371383 875250 545340 773718 22530 468695 578545 256990 860905 449252 495419 170898 161064 1041631 235650 199819 668745 206505 769265 465173 124487 929372 677300 1058493 615611 257233 716802 266125 183986 373565 617216 529140 279207 336830 604986 352693 476248 252176 275443 1000388 839616 721141 738119 367294 293491 994056 708573 241720 953946 109258 328460 42087 628254 423579 373136 855634 989702 175866 966121 952936 891484 236820 433136 691142 480873 712978 789158 412796 765606 466440 718434 229510 722192 774320 341598 818385 1057812 743668 372512 1081944 933553 129969 32090 685149 754419 52072 630274 848695 297452 605865 316044 863688 561446 605672 440197 1009776 330063 628196 675446 871386 254094 726999 662023 908355 672173 193397 694186 564819 861094 594907 534563 745987 396008 89614 974311 178616 611005 760726 496102 328041 819763 810063 905952 245695 712832 150259 690454 783508 982161 587566 650321 230157 489691 712341 202592 789034 1126332 450265 894153 565186 744765 548260 807450 479853 274112 753986 688417 363583 393386 397494 508679 912868 593253 25609 580350 793966 961163 137282 1042529 113205 807342 582851 610286 749996 575921
 304242 260192 514604 438072 941317 572410 558682 715391 745618 756776 618913 930427 253451 679809 896150 421063 855647 441523 121129 806295 718225 522506 594094 287593 492058 451235 1 805956 924778 180058 336455 614602 916340 327097 555234 355615 756144 744956 351233 439460 388292 899758 194891 423773 218490 808346 486306 344384 941388 528259 520537 731953 571245 683304 115925 330274 645039 588129 963352 190205 198263 749842 188685 494795 474966 766633 811004 172291 567142 663557 319111 597008 207690 189735 801330 649556 347015 861523 661743 555335 799154 283550 248600 822366 479884 184855 429473 186056 99989 80149 601961 948301 307146 843626 868149 543179 296081 365107 658369 586162 704063 736687 738056 765346 326870 269000 439755 365344 905922 631001 385352 911119 456421 106877 916793 646104 511830 468339 470112 334844 497418 813590 857202 502914 414831 596378 622557 167687 155055 72976 862547 156161 827824 879181 688921 229632 548441 327383 594779 451156 308424 759582 156620 579516 804131 242635 542104 70364 469229 779967 386795 683924 929824 326577 127898 840211 820908 920384 453770 301753 390563 857112 694292 900817 552120 259101 230704 526322 721807 270847 775405 1012803 304808 767283 476098 705077 412229 565378 256952 239629 352317 833738 557402 745927 391529 591581 748396 142321 455959 882941 437724 908482 475070 964495 343404 412532 354525 170671 475081 492468
 505689 684760 450907 368300 254925 324960 274705 681681 829237 142728 197428 837823 714240 913844 328965 835789 330200 556932 769369 262892 93296 975975 813413 521283 388590 952182 805956 1 118826 742231 622448 621086 723155 988931 252552 585984 84345 627457 668084 961864 491721 868055 831484 736426 603184 821557 1102117 799878 152008 779458 812473 410323 860291 193281 690464 870197 303619 275431 174879 698943 813974 355340 813766 808300 591920 546799 769138 829239 695614 426018 613384 543673 803633 892338 114495 162768 556040 507871 768578 737056 104563 680298 944838 31477 872695 941941 910103 745081 717845 831629 262274 237746 954707 55749 129890 458060 996998 528454 290471 528109 301439 211809 824841 293474 519499 792081 1113410 521572 530720 761635 710044 108309 387344 752217 130378 310131 880347 984254 336430 659687 956699 604685 301524 691205 395092 752376 233983 664750 793464 736697 58790 745158 633939 651072 124556 766546 258043 515007 373450 355476 779969 408273 685074 315580 646747 563510 265700 771841 883786 100685 773567 440091 603584 502234 796005 322533 305146 324258 721206 641391 1024070 582317 179630 149473 370460 616820 808855 478468 324256 931528 266997 208691 542356 62982 389033 250403 423399 269882 560087 963442 610031 542444 653967 872122 555674 495387 62004 818587 975740 827065 494873 200823 1072270 194355 871633 584938 451964 738127 363101 377032
