NAME : domp80p26v1
COMMENT : Cherkesly, Contardo & Gruson 2022
TYPE : DOMP
DIMENSION : 80
DISPLAY_DATA_TYPE : NO_DISPLAY
OPEN_FACILITIES : 26
COST_SECTION
 1 287614 209275 630654 15649 126265 374024 475641 123044 778634 278671 498906 785339 53261 185875 597085 237522 822422 458757 234443 383718 632489 358532 149892 594053 864834 369359 764504 600765 840542 213946 222924 623483 839872 625979 473305 60302 552137 104600 589408 704448 572187 878649 104998 321303 555703 675759 627355 818364 734840 273068 555179 624131 814565 18271 742560 674930 485328 472536 445035 213747 82120 681887 532061 213153 758570 271000 657383 252405 835638 285092 217445 457021 602921 190232 246849 326193 702780 642330 549704
 287614 1 79223 878853 271972 413740 571257 761232 409094 1066127 467532 661207 1055767 323167 261936 837272 50985 1102415 620608 466893 597254 801820 385649 295400 730094 1132449 652149 1013792 882256 1103230 487578 239148 834293 1096010 795651 747475 279284 789066 196192 857822 842972 755253 1160566 392440 589475 842619 951925 889015 1026955 960906 380363 786703 860094 975118 275925 866177 932839 768618 558470 642553 463079 358857 933158 780592 497560 968347 153459 752184 524613 1110562 560485 99032 591497 876038 457507 253061 613707 955824 866033 668524
 209275 79223 1 803843 193676 335537 515425 682060 330115 987892 398163 615434 984132 247380 215195 763412 28369 1027679 574238 401138 538029 756080 365732 237029 692062 1061774 572932 948227 803113 1034001 413453 206035 778161 1028686 749760 668836 206240 725913 124413 786464 805676 705508 1085145 314260 517267 763616 873225 812035 972506 901481 338632 714054 797573 933148 198435 833054 864647 692470 529963 587814 385926 279634 866811 705253 420700 913296 154018 725293 451054 1037557 486315 70225 551348 797611 384504 225783 535459 889053 795071 633951
 630654 878853 803843 1 643572 539455 774566 305434 522283 483582 422210 898728 716730 631392 801287 53792 829828 657275 876263 672315 745998 969736 944686 749402 1002524 787113 321648 820715 237043 801411 569661 845773 868390 836723 964760 207118 678181 752227 732985 629592 1077282 903584 671533 554675 576947 329992 199045 75809 1002004 891074 835667 112161 791782 1117518 648510 1131020 727759 480967 982021 805054 421029 548643 762932 98984 518342 957069 901015 1108049 566951 713810 547642 837944 915111 155541 595519 867286 426717 766605 111634 997012
 15649 271972 193676 643572 1 141863 381423 491178 138512 794252 285136 504455 799564 63800 178881 609379 221909 837400 464023 243733 392548 639128 353667 146986 598271 878878 384661 777128 616039 854209 227749 213742 633050 853056 632619 487984 58084 563514 90264 603361 709260 579576 893787 120585 334850 571327 690685 641232 828150 745733 271807 566761 635576 821114 13780 746534 688122 500513 472682 452925 225277 95748 694577 544856 228319 768343 257575 659225 266181 850225 299307 202326 460305 617603 203108 238043 341810 715627 653533 552545
 126265 413740 335537 539455 141863 1 325163 353008 30846 652407 267893 460439 668087 99550 263582 513014 363770 699479 424256 181765 321206 581154 408728 210216 563979 748817 251549 660422 481932 727570 111527 309922 547122 730805 574769 363393 149711 460988 224666 475106 667122 515753 754592 21303 214866 431079 561245 525588 737776 645633 303610 479333 531351 761175 138258 711550 566586 361313 479543 388196 161510 78105 577769 443693 91387 678666 381433 645407 146799 715516 172582 339199 439261 491823 104818 329966 199970 597193 568757 532250
 374024 571257 515425 774566 381423 325163 1 493161 356008 669518 592647 136272 541732 321564 310608 765239 536248 622607 104317 145170 42270 259484 289371 278409 241958 606064 453500 459882 623550 567132 229359 344134 263147 548571 252992 568698 332286 232442 397582 358686 342012 198180 687281 329455 198795 529384 716408 734247 457082 390971 209714 748353 298185 441444 368179 387493 397372 368119 223337 72786 481380 389655 385896 693937 280636 397915 450680 336475 215604 607714 227807 472332 141965 671613 221719 341736 347855 410000 835325 223415
 475641 761232 682060 305434 491178 353008 493161 1 352732 323000 414410 607129 456343 451860 603260 315655 710407 433176 589531 420378 459309 667307 711126 546716 707774 535748 113365 532382 136240 537452 327757 651646 562996 564019 662566 112739 501870 446818 577348 331679 775976 602264 471149 373794 295980 86653 226446 249571 700857 590117 600157 326109 487515 812126 489738 830359 434594 176659 712180 512438 330909 402757 466885 255437 288637 653859 732667 817266 309772 474529 279894 691824 635045 179319 360375 668177 166479 473745 395067 709759
 123044 409094 330115 522283 138512 30846 356008 352732 1 659246 237154 491254 686976 109553 279008 493623 358482 714159 454982 212488 351825 611869 431142 227976 594695 768232 246583 684499 478005 748438 140068 323806 576358 753181 605490 353489 158163 488437 226278 495974 697963 546356 767946 34312 240429 433525 554334 512236 766270 673000 328165 457692 558318 791749 137920 742334 589539 375668 507922 418902 132551 56984 602010 425338 112560 707315 388494 675481 173730 732532 196704 340172 469364 482832 135462 345031 208147 620957 546848 562483
 778634 1066127 987892 483582 794252 652407 669518 323000 659246 1 734936 738301 288802 745531 873929 524252 1016154 191832 738378 658807 627693 736919 941284 818239 815822 335772 435472 438214 263406 366648 592693 921943 601411 413403 734618 397455 793370 505550 874235 336183 843345 688208 190024 673702 514046 236404 286900 407947 652120 552828 837022 564113 500093 823116 790320 897627 381095 314540 888114 653311 653633 713476 420325 497481 571024 628193 1015385 930771 561583 256489 524653 987720 796212 335705 626264 933724 452443 409817 595189 843916
 278671 467532 398163 422210 285136 267893 592647 414410 237154 734936 1 728244 842095 309250 463978 375968 421464 840556 692135 449640 586034 846328 636886 427281 831848 924480 308444 873222 493229 914813 369007 497564 799874 929404 840021 346323 338565 701888 360113 670666 934651 779860 883365 266690 452948 499685 537652 447505 983313 883253 545899 322131 767628 1024559 295916 979424 773428 521598 737705 653605 117376 216626 793559 328180 325893 925853 521277 911136 395694 873856 407006 445501 705299 458346 371080 522249 352447 809078 398738 798701
 498906 661207 615434 898728 504455 460439 136272 607129 491254 738301 728244 1 559908 448081 401170 892744 632811 657471 41351 279058 154245 140779 316794 383115 106423 610438 580284 444120 731281 565006 365448 423192 208106 535445 134534 691707 451192 243401 506290 406006 207331 101654 722086 463648 322769 631412 824091 853714 378942 343170 281019 878887 285519 319281 490816 251330 409674 461262 173511 94707 617566 522313 385974 821986 416237 324852 524206 210179 349725 629482 357759 563080 84212 786414 357714 413514 474032 409356 964740 106623
 785339 1055767 984132 716730 799564 668087 541732 456343 686976 288802 842095 559908 1 739085 819105 745418 1010518 116423 574601 594629 501410 513094 831081 770345 610432 82492 539645 159350 479732 84741 572186 862227 375378 125847 512696 565198 777901 319147 860410 197980 608400 482167 173070 687179 466872 394785 539938 643118 373652 287205 744604 770520 277988 559524 791168 658963 150239 321240 729915 497280 735602 743668 177638 698812 576700 360607 966837 719598 533971 69984 500265 963539 635166 561278 599767 866557 495283 157028 823599 655377
 53261 323167 247380 631392 63800 99550 321564 451860 109553 745531 309250 448081 739085 1 170451 601582 274877 780321 408321 181206 330542 580482 331445 122677 544839 817831 351053 713753 581451 792266 166967 214405 570227 790286 573974 461670 50168 499718 128732 542197 654346 519632 837812 79976 273020 528485 660610 621692 765135 682044 236658 563621 571777 762580 52979 693563 625398 445467 431071 392222 226977 94415 631270 534020 174888 705338 281885 611989 205116 791071 239503 242460 409472 590571 140416 236026 294706 652468 652226 502705
 185875 261936 215195 801287 178881 263582 310608 603260 279008 873929 463978 401170 819105 170451 1 772010 231651 879248 360173 225358 339238 541946 177785 56669 477094 891918 511075 761716 737119 858690 282551 48564 573090 846948 535682 626110 127885 534435 124292 622529 590740 493624 940829 246934 365512 672896 820455 789169 765144 701402 123723 733843 604130 718110 168216 619328 686901 561561 321227 381144 395081 260628 683054 704235 314783 706678 147757 515800 312347 878804 349332 162981 336215 753529 248690 66394 438400 706436 822242 420168
 597085 837272 763412 53792 609379 513014 765239 315655 493623 524252 375968 892744 745418 601582 772010 1 788869 692245 868227 655742 738930 970637 920932 721583 997703 818192 312469 841832 268967 829764 552807 815349 874989 862980 965437 207958 647003 759257 697864 645803 1076790 903651 710120 526879 569978 352923 244553 119398 1016410 905601 813286 58867 802838 1123700 615162 1129822 746589 492268 967310 800137 384736 515610 780452 71638 500396 969453 865973 1100747 553638 746720 537437 800310 904240 189702 576631 837512 418720 785679 79777 988536
 237522 50985 28369 829828 221909 363770 536248 710407 358482 1016154 421464 632811 1010518 274877 231651 788869 1 1055017 591776 425327 560073 773581 373150 258103 706779 1087866 601194 972636 831272 1059626 440502 217126 799305 1053691 767309 696633 232733 749441 150150 812732 820240 724375 1112686 342486 543737 791984 901063 838954 993157 923810 353935 738960 820916 949444 226442 846164 889904 720193 541024 608331 412882 307927 891460 731378 448590 934130 151232 736084 477936 1064374 513405 74428 566631 825285 411172 234884 563714 913848 819256 647365
 822422 1102415 1027679 657275 837400 699479 622607 433176 714159 191832 840556 657471 116423 780321 879248 692245 1055017 1 667882 654161 580837 622592 910323 827329 716117 144650 532202 275756 423360 180632 614847 924627 483964 230300 621734 532511 823160 414078 906253 264230 720882 586743 64959 719842 515983 357332 467947 581756 489572 403161 816858 724726 383534 675810 830550 772327 253421 338505 823315 586735 742490 771059 286583 654402 609487 476908 1026405 827431 578123 65458 541961 1014358 728408 503107 645466 931611 510459 268475 767548 756907
 458757 620608 574238 876263 464023 424256 104317 589531 454982 738378 692135 41351 574601 408321 360173 868227 591776 667882 1 242496 130675 181853 282771 341769 139731 629183 556012 467030 716721 585233 332813 383035 237277 558338 175553 669734 410379 255551 464952 410852 246107 137732 732774 426553 299331 619002 809705 833789 415403 372925 240749 852250 305450 360603 450351 287677 424748 451502 155575 85116 582788 484253 404116 797083 384575 359966 484889 232634 319919 643542 331148 522321 60635 768734 322818 374001 449959 427966 938945 120824
 234443 466893 401138 672315 243733 181765 145170 420378 212488 658807 449640 279058 594629 181206 225358 655742 425327 654161 242496 1 149482 404155 291837 175796 382215 668751 353550 547318 556461 637454 102939 270491 389324 629135 397685 473493 201522 325350 277422 397489 486158 341039 716096 184647 144816 476572 646425 642270 584496 504422 181991 631668 397310 585769 231252 529912 466382 344277 312157 212846 341197 244491 466332 584176 155598 524687 372978 465864 110728 653604 142024 371380 260137 590104 83039 278475 256714 488936 720558 352114
 383718 597254 538029 745998 392548 321206 42270 459309 351825 627693 586034 154245 501410 330542 339238 738930 560073 580837 130675 149482 1 260331 330221 302202 260303 567077 426482 424851 587805 529173 217748 375684 241865 512407 254005 539284 347144 196764 417407 316769 352204 194550 645447 328157 169148 491901 680780 703114 437269 363801 245880 724643 265144 439990 379786 400864 358506 328294 263076 67708 472184 390474 348941 668027 266063 377558 482472 362114 197636 566880 203585 498805 177379 638382 216390 375169 320257 372900 810584 251460
 632489 801820 756080 969736 639128 581154 259484 667307 611869 736919 846328 140779 513094 580482 541946 970637 773581 622592 181853 404155 260331 1 448411 522814 109070 547183 662147 372010 778793 497785 477654 563470 138728 459323 6510 764026 587618 235796 645745 402638 110121 68165 684532 587165 411757 674272 869356 916852 254018 249551 421496 963966 240463 182099 625667 165420 369656 502059 284689 192972 732050 648417 336302 901933 524335 208070 663366 207454 454658 582530 453588 703802 215205 843147 476419 553071 558139 356068 1046231 173012
 358532 385649 365732 944686 353667 408728 289371 711126 431142 941284 636886 316794 831081 331445 177785 920932 373150 910323 282771 291837 330221 448411 1 209889 359442 894355 635592 741819 847361 854026 385077 162616 519645 832225 442987 755179 298382 518194 300189 646096 468305 418397 974692 396934 431431 768297 936343 923037 695520 655136 111173 888042 578590 607204 341859 485360 685828 628550 176776 340672 557761 425746 671909 850830 431343 641604 233493 367208 401631 897019 433857 298796 234377 876843 354497 140427 545676 696100 977430 293008
 149892 295400 237029 749402 146986 210216 278409 546716 227976 818239 427281 383115 770345 122677 56669 721583 258103 827329 341769 175796 302202 522814 209889 1 467929 844509 455460 719503 680765 812758 226240 105224 541294 803088 516404 571272 89648 493871 123256 572970 581047 469779 888373 194846 312113 616237 764510 735317 735486 666002 125911 685133 564740 702340 134237 613932 641343 506588 328428 350794 349651 216383 639590 653033 258173 676309 199417 518774 256826 828778 293927 197691 327068 698187 192411 121816 381742 662604 774017 416300
 594053 730094 692062 1002524 598271 563979 241958 707774 594695 815822 831848 106423 610432 544839 477094 997703 706779 716117 139731 382215 260303 109070 359442 467929 1 650000 685369 476107 828702 601441 471316 491217 236263 564973 106421 795407 542963 310613 590592 479738 113652 129604 779404 566082 428000 726914 921077 955760 360702 357200 353447 984724 332979 247845 584509 148787 462956 554923 186357 197614 722378 623172 432804 927165 522417 316890 584980 115157 456135 680351 463886 634380 141223 886694 462377 477438 579174 454164 1070243 68614
 864834 1132449 1061774 787113 878878 748817 606064 535748 768232 335772 924480 610438 82492 817831 891918 818192 1087866 144650 629183 668751 567077 547183 894355 844509 650000 1 621407 175625 550363 50863 651198 933982 413974 99463 547706 643168 855581 376893 937719 275635 634263 525120 176703 767672 544989 470681 604158 712527 371579 304835 812310 845708 324919 567511 870181 681709 208692 403731 782998 556086 818090 824802 225068 774234 657462 371792 1039403 754576 612839 79342 579812 1039171 689171 631646 677971 937164 577705 201290 895513 700294
 369359 652149 572932 321648 384661 251549 453500 113365 246583 435472 308444 580284 539645 351053 511075 312469 601194 532202 556012 353550 426482 662147 635592 455460 685369 621407 1 591454 231428 616234 252384 558685 576370 636291 656716 120094 401173 463445 472837 385242 766653 594506 575258 271321 257515 199695 309905 288845 736049 627826 524753 301823 516783 822181 384502 819051 490845 226393 660945 487885 218208 293335 517617 241802 204253 683851 632910 788413 245952 567124 226085 586715 593586 243006 281300 577153 106253 528999 385298 676515
 764504 1013792 948227 820715 777128 660422 459882 532382 684499 438214 873222 444120 159350 713753 761716 841832 972636 275756 467030 547318 424851 372010 741819 719503 476107 175625 591454 1 588645 125791 553092 800064 241336 91372 372731 645118 745048 228088 824092 206227 459011 353708 329901 676762 446067 490732 661460 751024 215289 130762 669545 858000 163229 400805 766714 507235 100738 365800 617624 401204 759144 738496 82754 786703 572096 202055 906786 579252 515246 222335 488001 917093 525606 668523 574288 800019 521390 64223 921516 528841
 600765 882256 803113 237043 616039 481932 623550 136240 478005 263406 493229 731281 479732 581451 737119 268967 831272 423360 716721 556461 587805 778793 847361 680765 828702 550363 231428 588645 1 564435 463787 785317 663621 600373 774564 146949 631619 548719 704236 407203 888699 716410 443681 502107 428934 105540 92992 163724 778838 668516 736396 303024 577529 910638 615923 943771 499389 276735 844623 636822 432368 523954 536326 234681 423325 738025 863254 940525 445932 477960 415518 818141 764819 81547 496191 802478 302426 537546 345288 835795
 840542 1103230 1034001 801411 854209 727570 567132 537452 748438 366648 914813 565006 84741 792266 858690 829764 1059626 180632 585233 637454 529173 497785 854026 812758 601441 50863 616234 125791 564435 1 626601 899686 365876 50923 498461 647422 828221 335833 909655 252510 583763 477652 221722 745779 519379 478449 624254 727852 321674 254184 775000 854132 279925 516911 844974 630986 171847 393383 738095 514311 805750 804501 182238 782368 636584 320941 1005692 705043 588140 116694 556520 1008740 644822 645982 651910 901861 564544 158068 908084 652927
 213946 487578 413453 569661 227749 111527 229359 327757 140068 592693 369007 365448 572186 166967 282551 552807 440502 614847 332813 102939 217748 477654 385077 226240 471316 651198 252384 553092 463787 626601 1 330997 436368 626558 471390 372477 208313 349648 291407 375631 569043 410915 673376 124999 107626 392018 551667 541190 626342 534288 273910 529250 420303 655573 219013 616165 461680 283921 414828 285455 254458 188498 470339 481238 53175 567309 422732 562087 38462 624246 72919 400700 358242 491948 33868 344958 161363 490579 617969 448071
 222924 239148 206035 845773 213742 309922 344134 651646 323806 921943 497564 423192 862227 214405 48564 815349 217126 924627 383035 270491 375684 563470 162616 105224 491217 933982 558685 800064 785317 899686 330997 1 604178 886407 557365 673056 168521 572143 143113 666425 604345 519161 986570 292552 412294 721458 868279 835252 793886 734749 142296 775859 640749 735975 204738 629195 727843 609166 324158 412517 435474 301252 722472 748250 363253 736152 106788 519416 360393 922807 397291 143531 352351 800849 297130 25052 486922 746081 863775 430636
 623483 834293 778161 868390 633050 547122 263147 562996 576358 601411 799874 208106 375378 570227 573090 874989 799305 483964 237277 389324 241865 138728 519645 541294 236263 413974 576370 241336 663621 365876 436368 604178 1 331660 137771 667041 588912 116195 658783 270945 242015 112622 546152 557787 347669 558111 751655 810191 195422 135654 464545 874929 102171 249131 620559 296228 230929 389689 380471 191982 682705 621586 198022 809060 474366 135694 709724 344232 405351 445093 393334 735316 291942 732982 444962 599196 478647 218515 952854 287525
 839872 1096010 1028686 836723 853056 730805 548571 564019 753181 413403 929404 535445 125847 790286 846948 862980 1053691 230300 558338 629135 512407 459323 832225 803088 564973 99463 636291 91372 600373 50923 626558 886407 331660 1 460453 675478 823972 316144 904298 259777 541085 444240 272645 748209 518934 510272 664050 764093 272192 211758 757910 884846 253892 468875 843225 586944 164942 410671 708955 491557 818055 808460 163945 813048 640706 274879 992940 665723 588230 167192 558470 1000209 616974 681774 649993 887212 577292 140540 941884 619107
 625979 795651 749760 964760 632619 574769 252992 662566 605490 734618 840021 134534 512696 573974 535682 965437 767309 621734 175553 397685 254005 6510 442987 516404 106421 547706 656716 372731 774564 498461 471390 557365 137771 460453 1 758937 581122 232598 639318 399963 114146 62411 683864 580740 405952 670146 865253 912128 258244 251259 415350 958538 239113 188606 619159 169336 368610 497835 280046 186603 725802 641963 335656 896649 518170 211436 657412 207257 448526 582231 447657 697595 209536 838618 470045 547065 552584 355679 1040932 169270
 473305 747475 668836 207118 487984 363393 568698 112739 353489 397455 346323 691707 565198 461670 626110 207958 696633 532511 669734 473493 539284 764026 755179 571272 795407 643168 120094 645118 146949 647422 372477 673056 667041 675478 758937 1 511239 551363 577883 443960 870991 697458 564011 381804 370446 175190 204493 168787 811434 700945 644491 213690 596131 915748 489716 924495 547255 286888 779563 597951 289707 393147 579232 143807 323929 763211 741959 901198 365177 578564 343108 689880 709849 129620 401177 692449 221499 586397 286115 790543
 60302 279284 206240 678181 58084 149711 332286 501870 158163 793370 338565 451192 777901 50168 127885 647003 232733 823160 410379 201522 347144 587618 298382 89648 542963 855581 401173 745048 631619 828221 208313 168521 588912 823972 581122 511239 1 526215 83097 580227 654638 529751 881548 129939 311052 578019 710639 670260 784332 705938 213790 607361 598302 769232 44846 690839 659517 490519 414640 404655 267478 133023 663079 580303 222350 724577 231741 601760 245378 831678 281208 194431 404086 640307 178454 191374 343700 684923 695383 495835
 552137 789066 725913 752227 563514 460988 232442 446818 488437 505550 701888 243401 319147 499718 534435 759257 749441 414078 255551 325350 196764 235796 518194 493871 310613 376893 463445 228088 548719 335833 349648 572143 116195 316144 232598 551363 526215 1 602649 169375 345394 182713 478732 474397 250267 443344 637629 694085 281492 184647 441811 760246 72129 365314 552097 400688 169771 273776 411029 179250 584570 538107 153822 693784 380403 224854 678903 425342 314711 387991 296082 691534 316164 617166 364697 571932 368898 178001 837349 344376
 104600 196192 124413 732985 90264 224666 397582 577348 226278 874235 360113 506290 860410 128732 124292 697864 150150 906253 464952 277422 417407 645745 300189 123256 590592 937719 472837 824092 704236 909655 291407 143113 658783 904298 639318 577883 83097 602649 1 662596 703900 591674 964575 203657 393709 655688 780118 731463 853851 779786 242038 653939 674493 825547 88426 735815 740234 573203 443575 470351 313152 185996 742551 634143 303574 794339 168133 636945 328436 914591 364304 114535 449496 707495 261400 168121 422952 764730 739801 537410
 589408 857822 786464 629592 603361 475106 358686 331679 495974 336183 670666 406006 197980 542197 622529 645803 812732 264230 410852 397489 316769 402638 646096 572970 479738 275635 385242 206227 407203 252510 375631 666425 270945 259777 399963 443960 580227 169375 662596 1 510806 352069 328713 493444 269397 303195 490146 563983 372762 261962 553702 657633 174651 509324 594575 565740 105621 160135 564903 327274 558491 551992 135281 587115 384076 330840 770276 594619 337242 256384 304618 765603 470637 482902 402384 671803 318228 144090 725533 510197
 704448 842972 805676 1077282 709260 667122 342012 775976 697963 843345 934651 207331 608400 654346 590740 1076790 820240 720882 246107 486158 352204 110121 468305 581047 113652 634263 766653 459011 888699 583763 569043 604345 242015 541085 114146 870991 654638 345394 703900 510806 1 173786 781226 670802 512719 784290 979394 1025539 299038 329717 467079 1068267 343912 143273 695534 55331 470347 611975 292165 285036 822777 729643 434698 1007495 618224 270445 696696 141121 549728 676696 552521 747657 254802 952464 563635 590062 661608 452469 1151616 175577
 572187 755253 705508 903584 579576 515753 198180 602264 546356 688208 779860 101654 482167 519632 493624 903651 724375 586743 137732 341039 194550 68165 418397 469779 129604 525120 594506 353708 716410 477652 410915 519161 112622 444240 62411 697458 529751 182713 591674 352069 173786 1 650220 522518 343593 612571 807669 851813 277803 244555 377004 896321 204223 245453 566299 228126 333842 439960 269822 128274 665104 584432 304792 834685 456925 223212 622044 243218 387105 552147 385493 656502 185405 779094 410936 511051 490234 326785 978933 175276
 878649 1160566 1085145 671533 893787 754592 687281 471149 767946 190024 883365 722086 173070 837812 940829 710120 1112686 64959 732774 716096 645447 684532 974692 888373 779404 176703 575258 329901 443681 221722 673376 986570 546152 272645 683864 564011 881548 478732 964575 328713 781226 650220 1 775223 576469 390436 476437 595731 540266 459519 880503 746702 446501 730658 887383 831991 316449 393382 888229 651692 789197 824634 348231 677905 665497 531954 1087665 890113 637193 107957 600668 1073693 793313 520490 704574 994024 562037 329018 782908 821078
 104998 392440 314260 554675 120585 21303 329455 373794 34312 673702 266690 463648 687179 79976 246934 526879 342486 719842 426553 184647 328157 587165 396934 194846 566082 767672 271321 676762 502107 745779 124999 292552 557787 748209 580740 381804 129939 474397 203657 493444 670802 522518 775223 1 230726 452208 580700 542717 749576 658985 293879 491601 545239 767937 116989 714204 583726 381873 474916 394481 165885 63934 594040 458188 110835 690257 361623 644588 161823 735246 189745 318189 438647 510617 113046 313195 221268 613786 580832 532017
 321303 589475 517267 576947 334850 214866 198795 295980 240429 514046 452948 322769 466872 273020 365512 569978 543737 515983 299331 144816 169148 411757 431431 312113 428000 544989 257515 446067 428934 519379 107626 412294 347669 518934 405952 370446 311052 250267 393709 269397 512719 343593 576469 230726 1 340559 521223 535462 530980 434024 324195 557085 318745 581472 325626 563961 354064 199508 416215 230785 335596 292948 363332 499244 130294 473098 511523 531258 69346 521159 45978 499074 340610 473470 132988 421972 151264 383260 642253 420117
 555703 842619 763616 329992 571327 431079 529384 86653 433525 236404 499685 631412 394785 528485 672896 352923 791984 357332 619002 476572 491901 674272 768297 616237 726914 470681 199695 490732 105540 478449 392018 721458 558111 510272 670146 175190 578019 443344 655688 303195 784290 612571 390436 452208 340559 1 195130 261527 675689 565049 658461 375741 472282 805123 569010 839450 398367 172641 752180 537476 417537 485321 434332 304029 359141 633702 806904 839642 368368 404074 334625 770192 669274 179830 425647 736524 235307 437031 432168 736825
 675759 951925 873225 199045 690685 561245 716408 226446 554334 286900 537652 824091 539938 660610 820455 244553 901063 467947 809705 646425 680780 869356 936343 764510 921077 604158 309905 661460 92992 624254 551667 868279 751655 664050 865253 204493 710639 637629 780118 490146 979394 807669 476437 580700 521223 195130 1 125213 858601 749208 825215 292401 662890 997224 691723 1034566 577001 367710 937188 729684 493223 596544 615098 235880 508925 820350 942254 1033171 535711 527858 506328 892935 857754 79327 583421 886319 390667 614168 310363 928721
 627355 889015 812035 75809 641232 525588 734247 249571 512236 407947 447505 853714 643118 621692 789169 119398 838954 581756 833789 642270 703114 916852 923037 735317 955760 712527 288845 751024 163724 727852 541190 835252 810191 764093 912128 168787 670260 694085 731463 563983 1025539 851813 595731 542717 535462 261527 125213 1 936735 825938 812593 169610 729806 1059051 644627 1079886 659825 420688 947469 759270 426111 545485 695848 123343 492183 893505 898215 1063813 533704 638723 510597 840360 875930 82588 569564 855551 389011 698397 187274 954545
 818364 1026955 972506 1002004 828150 737776 457082 700857 766270 652120 983313 378942 373652 765135 765144 1016410 993157 489572 415403 584496 437269 254018 695520 735486 360702 371579 736049 215289 778838 321674 626342 793886 195422 272192 258244 811434 784332 281492 853851 372762 299038 277803 540266 749576 530980 675689 858601 936735 1 110934 652488 1024455 219648 199668 815745 334962 282193 524610 537962 384826 865968 813506 243563 955238 660545 59810 898120 437506 593241 432411 576933 927925 461375 855502 637391 787129 647146 246772 1095914 426785
 734840 960906 901481 891074 745733 645633 390971 590117 673000 552828 883253 343170 287205 682044 701402 905601 923810 403161 372925 504422 363801 249551 655136 666002 357200 304835 627826 130762 668516 254184 534288 734749 135654 211758 251259 700945 705938 184647 779786 261962 329717 244555 459519 658985 434024 565049 749208 825938 110934 1 596877 914166 115663 273145 733958 376913 175186 414062 514308 322745 766234 722729 135680 844731 564316 75390 840969 454581 499273 352479 479557 862277 427240 744823 548787 731043 541722 143062 985140 415402
 273068 380363 338632 835667 271807 303610 209714 600157 328165 837022 545899 281019 744604 236658 123723 813286 353935 816858 240749 181991 245880 421496 111173 125911 353447 812310 524753 669545 736396 775000 273910 142296 464545 757910 415350 644491 213790 441811 242038 553702 467079 377004 880503 293879 324195 658461 825215 812593 652488 596877 1 782194 507828 595625 258626 495800 604017 522972 202803 274175 458192 330289 594718 742743 320566 595172 245666 394963 290949 808351 323837 282724 212785 765733 243509 134774 434551 618720 871710 296714
 555179 786703 714054 112161 566761 479333 748353 326109 457692 564113 322131 878887 770520 563621 733843 58867 738960 724726 852250 631668 724643 963966 888042 685133 984724 845708 301823 858000 303024 854132 529250 775859 874929 884846 958538 213690 607361 760246 653939 657633 1068267 896321 746702 491601 557085 375741 292401 169610 1024455 914166 782194 1 808019 1122342 573398 1120389 760667 500260 943817 787852 341502 474759 792896 71807 476188 975406 821682 1084796 533953 776609 521334 753595 885067 228778 550637 798625 406747 799824 89529 971646
 624131 860094 797573 791782 635576 531351 298185 487515 558318 500093 767628 285519 277988 571777 604130 802838 820916 383534 305450 397310 265144 240463 578590 564740 332979 324919 516783 163229 577529 279925 420303 640749 102171 253892 239113 596131 598302 72129 674493 174651 343912 204223 446501 545239 318745 472282 662890 729806 219648 115663 507828 808019 1 334865 624193 397771 130124 310984 458270 237989 650583 608790 101085 739748 449020 167499 747530 443917 384695 347972 364132 762281 364903 650396 436259 639558 427702 123996 881876 377705
 814565 975118 933148 1117518 821114 761175 441444 812126 791749 823116 1024559 319281 559524 762580 718110 1123700 949444 675810 360603 585769 439990 182099 607204 702340 247845 567511 822181 400805 910638 516911 655573 735975 249131 468875 188606 915748 769232 365314 825547 509324 143273 245453 730658 767937 581472 805123 997224 1059051 199668 273145 595625 1122342 334865 1 807626 154878 442124 638386 432620 373504 909177 829678 402793 1057255 700252 198917 831984 279338 630195 622907 625342 878224 383628 981337 656360 723437 721598 414332 1201274 314631
 18271 275925 198435 648510 13780 138258 368179 489738 137920 790320 295916 490816 791168 52979 168216 615162 226442 830550 450351 231252 379786 625667 341859 134237 584509 870181 384502 766714 615923 844974 219013 204738 620559 843225 619159 489716 44846 552097 88426 594575 695534 566299 887383 116989 325626 569010 691723 644627 815745 733958 258626 573398 624193 807626 1 732761 678325 494346 459216 439811 231991 99870 684242 549975 222335 755936 253595 645526 257343 842481 291100 202320 446526 619304 193278 228729 338017 705447 660585 538777
 742560 866177 833054 1131020 746534 711550 387493 830359 742334 897627 979424 251330 658963 693563 619328 1129822 846164 772327 287677 529912 400864 165420 485360 613932 148787 681709 819051 507235 943771 630986 616165 629195 296228 586944 169336 924495 690839 400688 735815 565740 55331 228126 831991 714204 563961 839450 1034566 1079886 334962 376913 495800 1120389 397771 154878 732761 1 523074 667069 308848 334524 868866 771758 486803 1060259 666220 313286 717181 129826 598447 726689 602825 772704 287132 1007168 609044 613277 713642 503875 1204241 199178
 674930 932839 864647 727759 688122 566586 397372 434594 589539 381095 773428 409674 150239 625398 686901 746589 889904 253421 424748 466382 358506 369656 685828 641343 462956 208692 490845 100738 499389 171847 461680 727843 230929 164942 368610 547255 659517 169771 740234 105621 470347 333842 316449 583726 354064 398367 577001 659825 282193 175186 604017 760667 130124 442124 678325 523074 1 265568 579892 348803 659940 644419 39679 689707 476981 249607 833850 574011 423385 219871 394069 837762 485245 577748 485075 730138 421251 39161 826363 505841
 485328 768618 692470 480967 500513 361313 368119 176659 375668 314540 521598 461262 321240 445467 561561 492268 720193 338505 451502 344277 328294 502059 628550 506588 554923 403731 226393 365800 276735 393383 283921 609166 389689 410671 497835 286888 490519 273776 573203 160135 611975 439960 393382 381873 199508 172641 367710 420688 524610 414062 522972 500260 310984 638386 494346 667069 265568 1 591232 368306 414387 432587 294655 430670 272195 477204 705255 668218 250099 359401 212926 684194 504444 343397 316587 620101 174916 304213 571573 567372
 472536 558470 529963 982021 472682 479543 223337 712180 507922 888114 737705 173511 729915 431071 321227 967310 541024 823315 155575 312157 263076 284689 176776 328428 186357 782998 660945 617624 844623 738095 414828 324158 380471 708955 280046 779563 414640 411029 443575 564903 292165 269822 888229 474916 416215 752180 937188 947469 537962 514308 202803 943817 458270 432620 459216 308848 579892 591232 1 237630 640473 521206 558092 895685 467723 488316 408469 195345 415104 798987 436916 466898 94952 888954 393691 306480 558458 581725 1032710 118170
 445035 642553 587814 805054 452925 388196 72786 512438 418902 653311 653605 94707 497280 392222 381144 800137 608331 586735 85116 212846 67708 192972 340672 350794 197614 556086 487885 401204 636822 514311 285455 412517 191982 491557 186603 597951 404655 179250 470351 327274 285036 128274 651692 394481 230785 537476 729684 759270 384826 322745 274175 787852 237989 373504 439811 334524 348803 368306 237630 1 539887 456205 332079 729685 333554 325895 518434 304834 264733 565360 268388 543540 143598 691715 283448 408319 381758 356243 872954 199358
 213747 463079 385926 421029 225277 161510 481380 330909 132551 653633 117376 617566 735602 226977 395081 384736 412882 742490 582788 341197 472184 732050 557761 349651 722378 818090 218208 759144 432368 805750 254458 435474 682705 818055 725802 289707 267478 584570 313152 558491 822777 665104 789197 165885 335596 417537 493223 426111 865968 766234 458192 341502 650583 909177 231991 868866 659940 414387 640473 539887 1 134475 678771 322046 209296 808479 481243 806419 279316 771432 289668 416951 600296 415602 260002 458746 241221 694928 428617 692987
 82120 358857 279634 548643 95748 78105 389655 402757 56984 713476 216626 522313 743668 94415 260628 515610 307927 771059 484253 244491 390474 648417 425746 216383 623172 824802 293335 738496 523954 804501 188498 301252 621586 808460 641963 393147 133023 538107 185996 551992 729643 584432 824634 63934 292948 485321 596544 545485 813506 722729 330289 474759 608790 829678 99870 771758 644419 432587 521206 456205 134475 1 655856 450134 167957 754178 353083 697219 224636 789491 250569 296758 492284 522712 176664 324358 263940 675221 562528 585885
 681887 933158 866811 762932 694577 577769 385896 466885 602010 420325 793559 385974 177638 631270 683054 780452 891460 286583 404116 466332 348941 336302 671909 639590 432804 225068 517617 82754 536326 182238 470339 722472 198022 163945 335656 579232 663079 153822 742551 135281 434698 304792 348231 594040 363332 434332 615098 695848 243563 135680 594718 792896 101085 402793 684242 486803 39679 294655 558092 332079 678771 655856 1 722309 489687 209943 828996 542213 432496 247548 405423 836933 464128 614034 491658 723416 442778 24192 860216 478745
 532061 780592 705253 98984 544856 443693 693937 255437 425338 497481 328180 821986 698812 534020 704235 71638 731378 654402 797083 584176 668027 901933 850830 653033 927165 774234 241802 786703 234681 782368 481238 748250 809060 813048 896649 143807 580303 693784 634143 587115 1007495 834685 677905 458188 499244 304029 235880 123343 955238 844731 742743 71807 739748 1057255 549975 1060259 689707 430670 895685 729685 322046 450134 722309 1 428898 906922 802212 1029660 482034 705577 466134 738965 832731 165078 505277 770039 348001 728867 144342 917288
 213153 497560 420700 518342 228319 91387 280636 288637 112560 571024 325893 416237 576700 174888 314783 500396 448590 609487 384575 155598 266063 524335 431343 258173 522417 657462 204253 572096 423325 636584 53175 363253 474366 640706 518170 323929 222350 380403 303574 384076 618224 456925 665497 110835 130294 359141 508925 492183 660545 564316 320566 476188 449020 700252 222335 666220 476981 272195 467723 333554 209296 167957 489687 428898 1 602272 448112 614660 70076 624411 85131 416709 411233 446227 77462 379542 123914 508477 564992 500677
 758570 968347 913296 957069 768343 678666 397915 653859 707315 628193 925853 324852 360607 705338 706678 969453 934130 476908 359966 524687 377558 208070 641604 676309 316890 371792 683851 202055 738025 320941 567309 736152 135694 274879 211436 763211 724577 224854 794339 330840 270445 223212 531954 690257 473098 633702 820350 893505 59810 75390 595172 975406 167499 198917 755936 313286 249607 477204 488316 325895 808479 754178 209943 906922 602272 1 840832 403410 534573 424347 519075 869319 408264 813076 577930 729921 592656 218390 1048670 380629
 271000 153459 154018 901015 257575 381433 450680 732667 388494 1015385 521277 524206 966837 281885 147757 865973 151232 1026405 484889 372978 482472 663366 233493 199417 584980 1039403 632910 906786 863254 1005692 422732 106788 709724 992940 657412 741959 231741 678903 168133 770276 696696 622044 1087665 361623 511523 806904 942254 898215 898120 840969 245666 821682 747530 831984 253595 717181 833850 705255 408469 518434 481243 353083 828996 802212 448112 840832 1 600678 455169 1026527 492342 85069 449508 871323 389301 111020 571648 852551 907062 521312
 657383 752184 725293 1108049 659225 645407 336475 817266 675481 930771 911136 210179 719598 611989 515800 1100747 736084 827431 232634 465864 362114 207454 367208 518774 115157 754576 788413 579252 940525 705043 562087 519416 344232 665723 207257 901198 601760 425342 636945 594619 141121 243218 890113 644588 531258 839642 1033171 1063813 437506 454581 394963 1084796 443917 279338 645526 129826 574011 668218 195345 304834 806419 697219 542213 1029660 614660 403410 600678 1 551730 789257 563781 661842 206148 996528 548528 501297 682257 562658 1171575 114026
 252405 524613 451054 566951 266181 146799 215604 309772 173730 561583 395694 349725 533971 205116 312347 553638 477936 578123 319919 110728 197636 454658 401631 256826 456135 612839 245952 515246 445932 588140 38462 360393 405351 588230 448526 365177 245378 314711 328436 337242 549728 387105 637193 161823 69346 368368 535711 533704 593241 499273 290949 533953 384695 630195 257343 598447 423385 250099 415104 264733 279316 224636 432496 482034 70076 534573 455169 551730 1 586504 37174 436501 351196 479771 67384 372799 146256 452553 621675 438136
 835638 1110562 1037557 713810 850225 715516 607714 474529 732532 256489 873856 629482 69984 791071 878804 746720 1064374 65458 643542 653604 566880 582530 897019 828778 680351 79342 567124 222335 477960 116694 624246 922807 445093 167192 582231 578564 831678 387991 914591 256384 676696 552147 107957 735246 521159 404074 527858 638723 432411 352479 808351 776609 347972 622907 842481 726689 219871 359401 798987 565360 771432 789491 247548 705577 624411 424347 1026527 789257 586504 1 551569 1019891 704150 558730 653226 928077 534177 226601 823174 725318
 285092 560485 486315 547642 299307 172582 227807 279894 196704 524653 407006 357759 500265 239503 349332 537437 513405 541961 331148 142024 203585 453588 433857 293927 463886 579812 226085 488001 415518 556520 72919 397291 393334 558470 447657 343108 281208 296082 364304 304618 552521 385493 600668 189745 45978 334625 506328 510597 576933 479557 323837 521334 364132 625342 291100 602825 394069 212926 436916 268388 289668 250569 405423 466134 85131 519075 492342 563781 37174 551569 1 473121 367502 453247 104126 409381 121652 424656 607802 451164
