NAME : domp30p15v1
COMMENT : Cherkesly, Contardo & Gruson 2022
TYPE : DOMP
DIMENSION : 30
DISPLAY_DATA_TYPE : NO_DISPLAY
OPEN_FACILITIES : 15
COST_SECTION
 1 861148 877910 661357 632790 791941 861722 44252 624298 322547 383952 874219 515867 916105 551574 1194989 903992 415722 769681 551252 507251 699635 518280 1086709 774554 175921 351726 1014537 234394 632940
 861148 1 143212 380047 288911 409258 58131 823686 681678 556168 706790 185132 901170 281585 1024183 668156 321094 454544 281505 757289 977081 291415 438789 631538 316780 892826 529541 445618 749733 405303
 877910 143212 1 496766 386738 544992 85250 844881 793828 599526 784383 328343 992049 424543 1111757 807834 178808 499600 414924 858373 1062352 411352 396745 774445 202482 881046 576520 587587 802812 517473
 661357 380047 496766 1 126896 138004 423388 617423 301715 347546 376053 269821 537181 271191 662216 549340 645546 285975 130981 383826 619252 88856 500754 454121 573351 763256 320068 353549 472442 33002
 632790 288911 386738 126896 1 239294 321979 590761 408457 310426 420025 242269 612672 288550 735355 633850 524699 221790 150074 472624 688172 82802 384846 551183 447282 708348 281276 417418 480183 137281
 791941 409258 544992 138004 239294 1 462617 747758 330931 483458 475788 246511 597800 197943 721219 411467 711309 423853 130544 435836 684563 162340 624115 317142 659425 899776 456571 225756 590838 161004
 861722 58131 85250 423388 321979 462617 1 825972 723657 566528 732963 243183 933756 339711 1055482 725362 262987 464794 333341 794248 1007287 335944 413129 689665 265216 881878 541286 503529 765274 446476
 44252 823686 844881 617423 590761 747758 825972 1 583001 280336 343503 832543 486120 873134 530019 1150759 877533 375282 726549 512926 483719 656666 494243 1042577 748675 205096 309496 970499 194479 588880
 624298 681678 793828 301715 408457 330931 723657 583001 1 412692 241104 557973 273830 527674 393759 634879 931038 427737 418245 113615 361794 390538 703231 517277 842585 776872 401049 527955 390358 277182
 322547 556168 599526 347546 310426 483458 566528 280336 412692 1 241710 552328 463422 594139 562669 893874 669959 101846 448291 395947 510017 377832 334637 792363 550413 416400 29180 700234 205194 322469
 383952 706790 784383 376053 420025 475788 732963 343503 241104 241710 1 640671 223344 646351 331914 847001 883980 308943 506219 174708 280565 449372 574779 732533 773079 541893 246392 699409 149590 343051
 874219 185132 328343 269821 242269 246511 243183 832543 557973 552328 640671 1 806301 97932 931406 490701 505791 460003 140909 650287 888967 191462 546390 447116 487633 940483 523235 264148 718334 301847
 515867 901170 992049 537181 612672 597800 933756 486120 273830 463422 223344 806301 1 790043 125110 899566 1101869 531456 665702 162393 87968 622195 797596 781647 994040 690492 469591 801635 313197 506263
 916105 281585 424543 271191 288550 197943 339711 873134 527674 594139 646351 97932 790043 1 914472 393703 602668 510091 147063 629391 875623 216475 630145 349954 585163 996891 565057 166372 741266 304027
 551574 1024183 1111757 662216 735355 721219 1055482 530019 393759 562669 331914 931406 125110 914472 1 1007480 1215850 639787 790811 285419 52703 746945 896628 890059 1104533 727017 572835 921193 386214 631189
 1194989 668156 807834 549340 633850 411467 725362 1150759 634879 893874 847001 490701 899566 393703 1007480 1 986463 834557 487973 747273 985832 551051 1009151 117956 978261 1310229 867460 228332 980404 571789
 903992 321094 178808 645546 524699 711309 262987 877533 931038 669959 883980 505791 1101869 602668 1215850 986463 1 579309 580842 982163 1164501 565942 387235 952616 129870 871692 652398 766296 874336 661356
 415722 454544 499600 285975 221790 423853 464794 375282 427737 101846 308943 460003 531456 510091 639787 834557 579309 1 367803 437534 587753 297062 278090 739879 464851 487368 76976 629468 303224 267678
 769681 281505 414924 130981 150074 130544 333341 726549 418245 448291 506219 140909 665702 147063 790811 487973 580842 367803 1 509379 748825 70873 522059 413416 532280 855135 419322 267852 595202 163760
 551252 757289 858373 383826 472624 435836 794248 512926 113615 395947 174708 650287 162393 629391 285419 747273 982163 437534 509379 1 249981 471232 714982 629465 883432 714419 392235 639865 318861 354622
 507251 977081 1062352 619252 688172 684563 1007287 483719 361794 510017 280565 888967 87968 875623 52703 985832 1164501 587753 748825 249981 1 702738 843930 867991 1052577 683110 520367 889548 334533 587719
 699635 291415 411352 88856 82802 162340 335944 656666 390538 377832 449372 191462 622195 216475 746945 551051 565942 297062 70873 471232 702738 1 464800 469468 502899 784339 348803 335548 529961 116623
 518280 438789 396745 500754 384846 624115 413129 494243 703231 334637 574779 546390 797596 630145 896628 1009151 387235 278090 522059 714982 843930 464800 1 933804 257372 490123 328598 784318 523139 496390
 1086709 631538 774445 454121 551183 317142 689665 1042577 517277 792363 732533 447116 781647 349954 890059 117956 952616 739879 413416 629465 867991 469468 933804 1 929601 1207678 766930 190600 868443 473193
 774554 316780 202482 573351 447282 659425 265216 748675 842585 550413 773079 487633 994040 585163 1104533 978261 129870 464851 532280 883432 1052577 502899 257372 929601 1 742912 534986 751525 753035 583944
 175921 892826 881046 763256 708348 899776 881878 205096 776872 416400 541893 940483 690492 996891 727017 1310229 871692 487368 855135 714419 683110 784339 490123 1207678 742912 1 443269 1114244 395852 738828
 351726 529541 576520 320068 281276 456571 541286 309496 401049 29180 246392 523235 469591 565057 572835 867460 652398 76976 419322 392235 520367 348803 328598 766930 534986 443269 1 672229 226389 295723
 1014537 445618 587587 353549 417418 225756 503529 970499 527955 700234 699409 264148 801635 166372 921193 228332 766296 629468 267852 639865 889548 335548 784318 190600 751525 1114244 672229 1 816578 381630
 234394 749733 802812 472442 480183 590838 765274 194479 390358 205194 149590 718334 313197 741266 386214 980404 874336 303224 595202 318861 334533 529961 523139 868443 753035 395852 226389 816578 1 440740
 632940 405303 517473 33002 137281 161004 446476 588880 277182 322469 343051 301847 506263 304027 631189 571789 661356 267678 163760 354622 587719 116623 496390 473193 583944 738828 295723 381630 440740 1
LAMBDA_SECTION
1 977
2 908
3 946
4 441
5 421
6 324
7 305
8 520
9 219
10 366
11 428
12 132
13 842
14 121
15 415
16 312
17 122
18 213
19 613
20 455
21 902
22 963
23 34
24 957
25 18
26 237
27 825
28 970
29 966
30 489
