NAME : domp100p33v8
COMMENT : Cherkesly, Contardo & Gruson 2022
TYPE : DOMP
DIMENSION : 100
DISPLAY_DATA_TYPE : NO_DISPLAY
OPEN_FACILITIES : 33
COST_SECTION
 1 713884 342462 139655 442636 312583 412408 824320 347900 363246 217750 845592 283810 719214 322099 673813 312460 524173 559970 647926 594682 604835 135426 774848 491904 996347 773091 580322 224328 634885 608710 504141 438563 440963 395694 632757 812862 650869 394779 276251 376506 351915 816885 844457 437825 156022 419236 337908 145723 761763 348564 179205 152643 619878 555285 575833 169913 934827 338303 565227 560500 101656 522323 140255 297949 347913 551648 315134 426954 462146 598710 801344 543075 825801 278123 66709 418741 511233 102414 308018 657816 668122 395222 570469 290127 904909 418945 490739 464962 865819 319393 287761 488696 690546 824616 380183 221820 492098 753771 103728
 713884 1 704308 648586 419741 868577 340894 574784 767068 413570 903983 301362 440917 712021 443168 40877 991238 919129 575421 110548 379235 116201 848595 822894 626721 457142 75742 246932 558653 100703 829764 721372 846398 897401 426351 519798 862174 681085 445581 755904 607070 397418 742409 472171 926330 852023 309435 533461 593140 440317 957188 863899 591925 283120 242290 775804 883752 345588 441018 449326 161642 617660 290040 834349 590601 1049428 443375 443088 288614 510116 417202 711885 881728 368877 923193 754971 295238 492584 689321 629534 413753 590409 528894 370977 464921 370200 298063 530484 839247 296810 559637 855379 886223 333212 964304 489911 520942 500071 815082 712917
 342462 704308 1 213364 636238 197769 542187 560833 64248 296653 345548 703588 326827 398115 279004 665296 389364 234522 276428 689192 766135 589977 387673 437620 184718 818622 735594 689329 204984 604695 267171 164579 148733 193668 278015 375107 473702 331563 599256 97682 106906 324153 499308 624943 222247 337692 514737 588619 257969 545508 294667 323468 249237 746955 658496 233624 424455 794279 527869 768733 547019 299532 423652 457781 121584 474638 340977 284043 487140 232624 785681 489724 224838 648733 303521 405648 468657 737283 240175 79836 450768 381719 643520 398399 272579 743096 441018 239373 155003 730548 583389 198232 196949 521656 482843 215550 437065 722753 416053 441253
 139655 648586 213364 1 464498 252387 397058 689573 234092 256075 258181 738774 208943 579729 216884 607712 342753 422187 421031 601221 608767 533803 233967 637737 352397 881668 698877 562142 100753 559235 480091 369547 332595 350322 277139 497089 676507 511400 421290 171958 236901 257114 677237 718052 358532 213836 386554 392295 65497 635010 323077 219464 61931 611793 533387 443290 274233 829795 352824 596315 488050 89207 418390 274062 158646 405637 421704 213190 377705 326557 621302 661736 429357 709138 276748 206303 364097 554350 48665 169220 531183 529634 449627 449066 188545 793436 351908 353515 352835 761295 382559 231683 384558 573369 695237 249742 244824 537596 616907 230650
 442636 419741 636238 464498 1 716054 124455 837846 680164 396685 660386 680097 316826 862012 385739 392580 755092 868733 683613 313969 152327 363226 566910 957239 675284 847062 495211 188170 431533 398353 868340 743693 779594 808341 446492 692832 1000185 804613 48364 631009 587875 357412 933577 786126 820964 598537 174794 133184 400070 720847 776943 621559 405869 199165 180670 818283 590463 747245 111684 132917 342985 386121 441236 514528 521283 784365 587576 376437 224684 572943 157826 907265 859777 712475 714938 450881 240885 110958 479781 560239 640079 758903 110576 549189 376298 751819 278690 607805 790995 686496 161740 694235 830610 609658 1062985 494167 225414 104531 941215 387805
 312583 868577 197769 252387 716054 1 647859 753944 142282 455404 192882 897164 446559 569153 425968 828205 203635 235310 470949 836455 861146 752413 281740 582823 376658 1015964 908483 810496 316133 772212 381384 327049 170813 143738 451679 571619 611518 507460 671904 114807 302169 472335 669648 822508 128894 218245 633360 634555 317766 743268 97107 191765 313274 862134 780995 372390 306843 988400 604515 847129 707336 331707 602591 372945 283004 291772 537516 427067 618082 428660 873280 665042 276052 845438 120956 354922 602237 802189 239089 249972 648139 572441 692636 591504 407456 939105 582950 437085 206650 923481 620745 24999 207749 716537 583487 396180 493307 784605 561052 413807
 412408 340894 542187 397058 124455 647859 1 713927 592188 280074 624376 572508 215408 740478 275323 306832 718064 776690 563201 250243 224521 261165 546144 837723 561119 739607 412920 168545 342591 297065 759419 634972 689421 724323 327953 568879 880677 684559 121956 551727 481736 241279 810169 665868 741520 565237 50890 198055 331791 598582 719408 583993 335267 214772 142882 707925 576181 645687 100125 240209 232496 333407 317311 513252 422606 760228 463734 267105 100671 454402 247398 783587 761501 597110 666050 438762 116437 234390 423123 463438 516052 635538 209425 424776 272011 643424 154301 488696 696841 581836 222061 628207 738981 488811 948115 380073 195154 228984 822312 386514
 824320 574784 560833 689573 837846 753944 713927 1 611666 492737 900927 334304 598272 243956 528002 560518 950196 645099 284468 649313 884874 526763 917959 333611 377411 338818 541925 750249 600686 505785 468204 440128 624262 684545 445414 192855 358269 272723 831402 657520 471166 524005 205974 134790 724886 881111 663188 882466 682797 134467 847994 873295 674537 808087 726858 434024 957921 387436 778705 933541 520291 734038 396636 962907 534773 1035164 278354 538049 613294 363018 920468 179038 582853 239333 864339 889911 598005 945182 736377 541385 197938 182593 913965 291796 557767 316152 561673 337869 594714 360583 895719 757896 631887 246337 483650 445022 769083 941978 338775 892514
 347900 767068 64248 234092 680164 142282 592188 611666 1 357157 310761 766586 378071 432161 336616 727820 342210 189965 328974 749181 814724 652313 369917 457292 234446 878907 799348 743878 250158 667754 268326 190211 100029 133986 341120 430322 489965 368454 640950 73197 170569 382586 533357 682254 159352 313793 567770 622672 288773 604001 237234 294986 280999 800342 713225 246519 403711 857029 569994 813066 608940 323251 487668 448779 179407 429442 402812 340745 542917 295181 832479 526859 196392 709986 256752 406505 524921 777831 249192 138485 511325 430215 678998 461813 326960 804880 498980 299445 118975 793732 614888 148064 151869 584278 482342 279320 472089 762376 435417 450510
 363246 413570 296653 256075 396685 455404 280074 492737 357157 1 512860 484554 105727 468727 41150 373467 592634 524374 288970 392546 499942 297613 484108 560932 281203 633107 453953 403229 156328 316836 482290 358863 443832 490068 51766 316973 603845 408978 373892 342344 212852 39278 547497 489188 516253 469820 239889 403649 218744 408242 545675 474996 213303 463710 372299 429800 523551 574988 308764 520135 253127 262769 162439 502333 178273 660487 215866 48785 201539 176595 526113 523564 498536 462806 518218 422736 181821 507113 303164 218672 306501 374862 444932 213045 73201 542076 148714 211799 442985 506226 412266 443076 488593 328038 668056 101033 277303 497738 544638 410716
 217750 903983 345548 258181 660386 192882 624376 900927 310761 512860 1 991237 463084 741265 474542 863185 94736 426800 617515 849371 812400 790206 114466 766962 529265 1127510 956301 792919 356533 816591 570321 500554 362646 335009 528272 710324 798059 675930 612512 248213 430127 515292 842632 950336 313082 62345 625197 552699 310884 867997 167383 40612 312128 835154 766586 555616 124211 1082770 555326 782173 744573 292946 674355 207375 377296 147635 653914 471237 625121 548302 816306 834474 468865 954459 87778 224673 613755 726457 214795 361556 766426 725245 609009 693243 446706 1042541 606024 566579 397823 1014836 532154 173554 400540 819732 775817 488927 438394 706952 745079 293131
 845592 301362 703588 738774 680097 897164 572508 334304 766586 484554 991237 1 565619 541853 525356 307196 1063949 868018 474119 404361 672164 317101 968662 647783 558726 167206 242405 534270 638032 282665 726243 650214 817732 877073 463064 379647 679429 538665 692757 784071 596763 493822 534541 204338 913714 952332 526101 769045 702826 218415 993814 955084 697719 579407 521155 678465 1008070 91735 664423 737164 340035 744059 323312 982524 621270 1137948 365465 531347 483996 471456 710279 505125 815155 94971 983503 901686 478201 770432 786695 648600 267865 431753 780492 305678 556633 71911 456144 471475 798331 29385 790782 891872 843459 182994 799258 506040 706085 774084 647279 878829
 283810 440917 326827 208943 316826 446559 215408 598272 378071 105727 463084 565619 1 566015 76388 400107 550745 561347 386357 393043 439668 327391 414307 652676 362868 721463 494473 367234 131604 354964 551657 427071 474415 511163 155616 421979 695267 503471 286407 342897 271051 76818 648758 589867 530541 412054 190119 303778 152372 510200 527193 423067 151015 422534 336962 502077 451793 653494 216879 447008 281923 182770 244710 417674 207392 608909 321576 65821 171595 272461 460543 625791 546650 554811 485493 336577 156406 423941 248411 248051 409985 477819 349203 315078 59656 627805 143211 307950 481434 584529 309993 429460 523698 422816 749464 185291 171697 412147 635136 314943
 719214 712021 398115 579729 862012 569153 740478 243956 432161 468727 741265 541853 566015 1 489703 686185 772514 418053 179933 757507 946382 630562 784109 111093 227332 579318 701488 826215 514705 622071 231443 242398 416058 472762 417347 192742 150426 68352 842150 493685 342920 507523 101371 367336 513024 735769 694085 869738 595909 323884 655582 721271 586537 888165 797847 208386 821736 611699 777456 978764 607066 647425 454431 847504 423606 860403 285916 500219 647254 293654 977372 97003 353747 452021 687936 785639 628291 972960 619631 411580 301413 121628 913254 348495 510818 542419 589700 258124 382168 570783 875552 579031 411819 391874 259031 381711 731668 964791 106281 806268
 322099 443168 279004 216884 385739 425968 275323 528002 336616 41150 474542 525356 76388 489703 1 402606 555888 511147 309989 413805 498860 326978 443370 577336 289891 674257 487255 411596 118615 348714 484316 359757 427626 470502 82602 347860 620032 427474 358677 314808 206885 46635 572502 528780 494389 430258 240599 380037 177675 447385 514050 436249 172370 470464 380651 433294 482717 615618 290646 513092 281629 221708 202688 461246 157670 622157 249857 10625 208769 196099 522720 549732 490027 503888 483127 381760 189942 494764 263378 199341 344919 402082 424618 252596 32181 583176 162369 231603 429987 546790 386360 412263 474441 368995 677466 109931 246274 483994 560091 370982
 673813 40877 665296 607712 392580 828205 306832 560518 727820 373467 863185 307196 400107 686185 402606 1 950371 881815 544269 97371 365512 75856 808376 796669 592199 468552 106121 228925 517866 65811 796463 686296 808141 858605 387551 493484 836584 652558 415508 715730 569032 356754 721048 464881 887141 811361 272783 501805 552363 426437 916569 823122 551107 272220 219713 742340 843712 360766 406766 432570 120986 577235 254721 795220 550856 1008711 412664 402411 249540 474828 403655 690675 845484 366063 882339 715599 255426 471444 648501 590041 391187 564824 500343 341446 424142 378023 257346 496430 801650 306521 527399 814858 848557 315650 936081 451468 483103 477562 788076 674499
 312460 991238 389364 342753 755092 203635 718064 950196 342210 592634 94736 1063949 550745 772514 555888 950371 1 416672 665781 940028 907128 876556 200264 785155 573448 1194308 1041294 886589 437277 901752 581478 530198 369482 328248 603140 763318 812543 710132 707191 293307 485134 598472 873165 1009649 297315 156679 717548 646452 399645 928410 132765 134371 399971 929442 859963 575504 196672 1155679 650008 876484 830802 385547 752093 286502 443603 88196 716600 553537 715641 608627 910891 868124 468150 1021701 85899 315829 703574 820188 302895 421296 829109 770463 702409 761779 529697 1112169 693956 622880 405848 1088521 625401 194155 397450 888543 775566 558235 533044 800577 763473 384435
 524173 919129 234522 422187 868733 235310 776690 645099 189965 524374 426800 868018 561347 418053 511147 881815 416672 1 395379 914906 1000514 808137 515632 394582 310061 954256 941475 922600 437390 818448 190383 218147 89979 91808 497284 496253 413545 373138 830263 251932 314204 555013 508745 744275 119508 452788 748906 812471 478594 676000 284279 426946 470909 980803 891687 211863 542039 953971 759132 1001526 767470 511315 630426 604645 355261 501583 507656 516919 719899 414376 1019594 513358 64572 796699 346621 576481 701068 967475 431369 313794 600685 467812 868913 577618 506708 893590 671708 403045 81391 896819 804236 257713 38174 686736 360156 432487 662036 952169 374485 627900
 559970 575421 276428 421031 683613 470949 563201 284468 328974 288970 617515 474119 386357 179933 309989 544269 665781 395379 1 604148 773700 480268 641324 274884 95151 561830 579695 658989 344697 478505 259809 177289 354768 415615 237794 103613 317784 121448 662693 373068 190150 327902 265102 356912 454790 600605 518019 689965 427606 283084 566136 591140 418493 721210 629617 208179 680710 558870 597610 802602 450296 479734 295722 694445 262433 750708 132122 320537 472496 113899 803411 245162 341085 401373 579949 626640 453137 794475 465114 261618 206254 109434 733326 205437 331953 498267 414867 78458 330436 503194 696167 473947 373453 295638 397773 203054 553333 785862 260483 640089
 647926 110548 689192 601221 313969 836455 250243 649313 749181 392546 849371 404361 393043 757507 413805 97371 940028 914906 604148 1 269737 127291 783333 866571 640473 564464 185701 136433 520625 143535 847360 731402 836109 882485 418084 565485 907615 718191 343759 727729 600861 367280 800171 559309 907777 793884 229757 433812 540774 516326 919802 808809 541196 175155 133930 793052 816198 454724 348703 338931 154208 557391 308434 759295 569800 991532 475760 411109 224388 521813 307833 770177 884241 462593 877956 682240 237128 382381 637401 610817 471073 637548 424200 409054 429237 474915 253524 547760 833696 402819 460996 820717 879878 403025 1000864 482811 441170 390347 856337 634197
 594682 379235 766135 608767 152327 861146 224521 884874 814724 499942 812400 672164 439668 946382 498860 365512 907128 1000514 773700 269737 1 366569 719154 1048267 780648 833938 452543 138902 564579 395971 981778 857695 912734 945752 544862 764558 1091030 894844 200610 770744 705666 462173 1007293 811870 961084 750655 260054 276811 543481 757732 925647 773395 548404 97694 158442 929637 742258 724410 259197 75917 365084 534322 499312 664898 647014 936587 662227 490999 301892 669616 38144 979054 986016 723172 865429 602862 321581 138853 627657 687697 692238 834647 235104 610640 496526 743352 359248 702598 920968 672014 304091 840075 962686 642774 1165455 600888 375685 155180 1034180 539022
 604835 116201 589977 533803 363226 752413 261165 526763 652313 297613 790206 317101 327391 630562 326978 75856 876556 808137 480268 127291 366569 1 738603 739929 522613 483886 168265 228116 442774 35904 728309 615712 733471 783425 312567 438338 780786 592478 378328 639878 494710 281309 673078 445632 811657 739368 219716 459211 479752 395571 841015 750329 478108 282739 209485 674034 774664 385439 358348 425625 45775 506771 185898 729598 475086 936290 350370 326988 187618 404415 403952 643151 773138 357757 807621 649259 189854 454341 575412 514395 344490 510374 465616 282309 349038 388942 186102 427873 727686 323392 482995 739179 774496 280859 875652 376799 422866 457318 730046 611517
 135426 848595 387673 233967 566910 281740 546144 917959 369917 484108 114466 968662 414307 784109 443370 808376 200264 515632 641324 783333 719154 738603 1 823846 561371 1114580 906740 713286 333291 767972 637969 551369 441218 424869 509965 725119 858301 716542 518569 298384 451350 477895 884712 951640 409433 63998 554472 451389 266608 868592 278277 92886 271160 750581 688952 615101 40316 1058984 467394 683255 693902 232060 645949 94401 383215 217467 654718 437749 562220 556076 719874 872941 549486 942396 198518 117851 553671 624490 185338 379790 764890 750749 506023 682878 412424 1025278 552510 580119 473812 990135 428872 258253 485194 806600 850249 483224 352923 604583 802098 185798
 774848 822894 437620 637737 957239 582823 837723 333611 457292 560932 766962 647783 652676 111093 577336 796669 785155 394582 274884 866571 1048267 739929 823846 1 294812 672421 812509 931216 585514 732298 206850 273045 416609 465988 510747 303237 42959 153480 934499 526135 406708 600177 137169 464539 504191 770313 792869 955597 663128 429377 659921 752257 653647 993348 902340 211364 859341 713823 867743 1077372 715119 713054 561457 895289 488950 873237 392402 587574 747337 384376 1078227 157155 331321 556105 703763 840004 728006 1067901 672907 468948 412432 232639 1001830 457622 595126 643507 689697 349435 380393 676379 959195 596845 398654 502466 151741 467500 812592 1058668 21886 868001
 491904 626721 184718 352397 675284 376658 561119 377411 234446 281203 529265 558726 362868 227332 289891 592199 573448 310061 95151 640473 780648 522613 561371 294812 1 654594 640541 677151 291338 526834 207134 95888 261882 322468 236246 198254 336388 159011 648417 282293 115654 319841 325540 451612 361116 516677 520744 663272 370680 376367 471379 505054 361234 738871 646673 152955 599917 645838 579648 800897 486962 421637 337542 621270 197042 659201 198088 299567 479941 118663 807278 311932 261431 491029 487549 558369 460095 784626 392701 184650 292659 197076 711337 269604 303940 587697 423912 96740 239948 587347 665694 380565 284740 376840 387701 181293 518386 773854 275738 579555
 996347 457142 818622 881668 847062 1015964 739607 338818 878907 633107 1127510 167206 721463 579318 674257 468552 1194308 954256 561830 564464 833938 483886 1114580 672421 654594 1 389635 697265 781425 449094 792086 737785 916265 976987 604679 458840 696006 595501 859958 906360 714060 647181 542192 213392 1015698 1093147 692916 935840 851562 278797 1113051 1093209 845682 739387 685724 750652 1154524 116652 830895 900785 507179 895573 476776 1135097 751377 1272229 478954 681299 650127 587850 872076 516930 896038 173060 1111303 1054943 643596 936116 930209 773484 367859 490772 947697 434349 706228 96455 619860 579536 892206 162206 957283 1013682 934596 308432 822033 638590 868570 940251 677349 1036263
 773091 75742 735594 698877 495211 908483 412920 541925 799348 453953 956301 242405 494473 701488 487255 106121 1041294 941475 579695 185701 452543 168265 906740 812509 640541 389635 1 322107 605109 139712 838290 736302 873218 926701 459010 512511 850076 677359 520198 794435 634249 443187 721764 428807 957672 906480 378507 607320 646608 408825 999596 916680 644578 355592 318025 785144 942903 275527 512881 523676 212888 674808 312670 897369 626885 1102905 448452 488568 352925 527745 490307 691158 899978 320498 970263 817215 357063 568046 741617 663988 400080 580476 604080 374690 511842 307390 354250 543834 863119 233108 633138 896856 910196 311717 958078 520058 587671 575716 806615 778118
 580322 246932 689329 562142 188170 810496 168545 750249 743878 403229 792919 534270 367234 826215 411596 228925 886589 922600 658989 136433 138902 228116 713286 931216 677151 697265 322107 1 498610 257079 882647 760736 838021 877557 441936 639711 973560 778671 226006 709865 615553 369027 881287 673722 897730 733690 177468 317398 497460 621428 885184 752537 500216 62223 30979 829179 742235 589469 251049 203647 230120 501676 373123 675527 567794 928235 540342 405682 202918 561500 176723 852367 900783 584276 833698 603604 222135 246210 590457 609508 560389 710975 298194 483399 417124 605714 254873 592373 841530 535104 345757 791795 885683 506371 1055410 502995 360631 254924 918463 547694
 224328 558653 204984 100753 431533 316133 342591 600686 250158 156328 356533 638032 131604 514705 118615 517866 437277 437390 344697 520625 564579 442774 333291 585514 291338 781425 605109 498610 1 466049 453360 332377 348684 381735 176747 410091 626457 447425 394281 211314 179772 161977 607922 621443 399626 314417 321246 387667 83232 538535 399950 318751 74418 553143 468448 408858 373371 729086 322888 564219 397088 135367 318187 364153 99204 504162 327367 116553 302399 240307 582516 589535 429460 609118 365222 289334 286209 532382 148955 132191 434532 450124 441058 349900 93739 692817 267339 271102 359494 660627 385201 300097 399322 473321 662273 155934 236819 518042 565864 295814
 634885 100703 604695 559235 398353 772212 297065 505785 667754 316836 816591 282665 354964 622071 348714 65811 901752 818448 478505 143535 395971 35904 767972 732298 526834 449094 139712 257079 466049 1 730780 621184 746056 797481 326693 429334 772496 587341 414086 658804 506650 304074 659660 418718 826873 766877 255332 495113 506981 372973 862208 776971 504890 308950 240592 676685 804495 349715 394113 457164 74738 535927 189617 761324 492387 963207 346994 349611 221937 409793 433691 629443 781113 327203 831271 680724 222995 487934 601907 530729 329768 500961 501292 276137 372572 354569 216062 430891 738623 288146 518869 759820 785615 259490 870881 389822 456830 491420 723366 644401
 608710 829764 267171 480091 868340 381384 759419 468204 268326 482290 570321 726243 551657 231443 484316 796463 581478 190383 259809 847360 981778 728309 637969 206850 207134 792086 838290 882647 453360 730780 1 124673 211998 259244 440731 346613 231212 197136 837347 341020 280914 519629 318734 578966 297344 580500 721871 840377 519582 519249 454273 559736 510389 944065 851993 54319 670948 806510 766721 997200 693603 564471 542576 716715 354780 669234 389857 492977 683332 325654 1006741 324755 126012 645775 502027 670539 663509 975393 506797 322618 460835 301626 892400 463618 492078 741450 628333 300439 175634 755601 838558 397534 191854 552819 215907 381272 690106 963027 185950 708351
 504141 721372 164579 369547 743693 327049 634972 440128 190211 358863 500554 650214 427071 242398 359757 686296 530198 218147 177289 731402 857695 615712 551369 273045 95888 737785 736302 760736 332377 621184 124673 1 184138 244564 319136 279024 309393 180750 712962 255042 156723 395736 343371 529771 284814 499242 597972 717854 402752 459080 415492 482702 393380 821830 729954 76506 587434 735850 642477 872545 578774 449999 431607 622316 233206 618031 293243 368353 560292 211481 882342 337998 166178 578660 445539 568513 540513 850905 401796 204617 382647 258190 769181 365306 367466 675555 505974 192477 155740 679110 716967 336635 196823 469634 330058 258064 568389 838681 251476 600093
 438563 846398 148733 332595 779594 170813 689421 624262 100029 443832 362646 817732 474415 416058 427626 808141 369482 89979 354768 836109 912734 733471 441218 416609 261882 916265 873218 838021 348684 746056 211998 184138 1 60899 420982 458304 443098 360588 740739 163648 239459 472503 513810 711141 100763 380209 663108 722503 388619 637713 243445 356621 380931 895475 807201 210319 470741 906102 669694 912454 691511 421780 560633 526944 270316 457281 452769 432765 635871 351748 931186 513058 108278 752676 290638 493313 617370 877770 343521 228568 553807 442248 778935 518907 421098 849199 589409 346583 36369 845919 714376 189131 52012 634867 413183 356698 572064 862371 395098 542144
 440963 897401 193668 350322 808341 143738 724323 684545 133986 490068 335009 877073 511163 472762 470502 858605 328248 91808 415615 882485 945752 783425 424869 465988 322468 976987 926701 877557 381735 797481 259244 244564 60899 1 471080 519170 489588 419215 767565 178637 292593 516344 569088 772039 40518 361700 701133 742611 410934 698500 197315 335494 404114 933667 846955 265113 450578 965790 697280 941181 740635 438179 614076 514848 313049 414540 511772 474717 676857 409146 962334 569694 140156 812969 255568 490264 658897 902954 352952 271732 613943 502752 799928 576791 460841 909396 632869 405631 90882 905121 732333 166630 69394 694112 447373 407688 594353 886743 444881 544426
 395694 426351 278015 277139 446492 451679 327953 445414 341120 51766 528272 463064 155616 417347 82602 387551 603140 497284 237794 418084 544862 312567 509965 510747 236246 604679 459010 441936 176747 326693 440731 319136 420982 471080 1 266369 553694 358290 424903 336980 183086 90180 495736 449792 500182 489821 285436 455376 249976 367656 545179 492027 243224 503342 411263 387395 549982 554527 360325 568141 270623 297803 151185 535841 168736 675250 167264 92757 243712 126567 572279 471861 466482 432447 525118 457805 223870 557186 325595 204981 264343 323243 496625 174779 112766 516377 187791 161315 416310 486574 463765 441940 462849 296659 620966 64803 327221 548235 494830 451287
 632757 519798 375107 497089 692832 571619 568879 192855 430322 316973 710324 379647 421979 192742 347860 493484 763318 496253 103613 565485 764558 438338 725119 303237 198254 458840 512511 639711 410091 429334 346613 279024 458304 519170 266369 1 343166 165767 678734 470012 280223 352399 242833 253383 558395 688850 520069 718530 492859 180072 667508 681729 484348 701172 612294 299212 765101 461190 619156 802437 416509 544575 266597 770770 341921 846990 105346 358329 471287 170684 797154 215174 439746 301599 677776 698697 453388 803259 543673 349514 116343 72093 756124 157339 375480 398274 414903 145116 433454 408998 728565 573328 475792 209532 445787 255674 593575 797111 295370 704190
 812862 862174 473702 676507 1000185 611518 880677 358269 489965 603845 798059 679429 695267 150426 620032 836584 812543 413545 317784 907615 1091030 780786 858301 42959 336388 696006 850076 973560 626457 772496 231212 309393 443098 489588 553694 343166 1 196352 977358 560040 447216 643094 154251 491434 526703 803659 835789 998004 703399 461433 685407 784774 693919 1035665 944769 243482 893200 742612 910505 1120310 756607 752984 603249 931437 529358 900379 434246 630248 790195 427303 1121069 179268 351944 586665 732407 877645 770881 1110837 710691 508187 450283 271833 1044452 498562 637570 671819 732552 392384 406731 707708 1001385 626599 421106 539141 126796 510159 854558 1101576 60659 907024
 650869 681085 331563 511400 804613 507460 684559 272723 368454 408978 675930 538665 503471 68352 427474 652558 710132 373138 121448 718191 894844 592478 716542 153480 159011 595501 677359 778671 447425 587341 197136 180750 360588 419215 358290 165767 196352 1 782863 427892 274633 448120 168173 382187 459724 668921 639466 807174 528230 325863 596175 655009 518835 840856 749587 161484 754372 615066 716948 924040 565442 579614 411014 779283 355522 797707 242451 437878 593857 232506 924748 158604 310343 453937 625030 717288 574532 915403 551298 343238 281712 107327 851960 311209 447173 548261 536217 197182 328367 568008 812103 516135 362207 374809 283540 318341 667133 906518 139794 738202
 394779 445581 599256 421290 48364 671904 121956 831402 640950 373892 612512 692757 286407 842150 358677 415508 707191 830263 662693 343759 200610 378328 518569 934499 648417 859958 520198 226006 394281 414086 837347 712962 740739 767565 424903 678734 977358 782863 1 589562 556436 334817 917248 787188 778970 550582 171978 91472 357606 718746 730957 573830 363856 243941 213724 788299 542119 763767 71420 175226 352929 340932 435682 466527 486808 736019 573442 348873 220641 550406 204415 891753 823639 719027 668027 402522 234104 138461 434559 524725 633523 742823 87795 540447 346025 763990 269737 585682 753469 701069 119755 649747 792094 610010 1035638 468340 179414 125757 917816 339603
 276251 755904 97682 171958 631009 114807 551727 657520 73197 342344 248213 784071 342897 493685 314808 715730 293307 251932 373068 727729 770744 639878 298384 526135 282293 906360 794435 709865 211314 658804 341020 255042 163648 178637 336980 470012 560040 427892 589562 1 193023 361419 595037 717327 190354 244332 532440 564191 232412 636717 210085 227872 225773 763901 679748 316732 333247 875502 519638 763682 595107 260461 487813 375762 168256 377645 427409 316775 513025 318559 786027 586363 266825 734851 207841 333741 496259 724486 179875 135706 539170 479163 621398 478651 298795 827595 474474 330393 188719 810091 554434 107847 214995 604400 555449 281515 415719 708177 504323 379445
 376506 607070 106906 236901 587875 302169 481736 471166 170569 212852 430127 596763 271051 342920 206885 569032 485134 314204 190150 600861 705666 494710 451350 406708 115654 714060 634249 615553 179772 506650 280914 156723 239459 292593 183086 280223 447216 274633 556436 193023 1 246712 440431 524585 324889 410720 447314 561831 256474 443732 399269 402149 246996 675499 584584 232725 490630 687554 485831 717584 453480 306832 321580 507345 82265 567556 235357 214687 412979 126496 728991 425550 285693 543271 400274 443063 393521 694523 278149 71564 346453 299499 612675 291494 211650 637070 361522 137753 233250 623666 561768 299735 279887 415062 484399 118300 413295 682115 386731 464053
 351915 397418 324153 257114 357412 472335 241279 524005 382586 39278 515292 493822 76818 507523 46635 356754 598472 555013 327902 367280 462173 281309 477895 600177 319841 647181 443187 369027 161977 304074 519629 395736 472503 516344 90180 352399 643094 448120 334817 361419 246712 1 585252 513059 540688 468786 202256 366561 211364 433532 559829 476383 207420 428790 338048 467498 516575 582914 270231 481180 235783 250301 170886 488859 203303 662687 249543 45681 166281 215816 487793 560929 531758 479277 527198 408228 146897 467837 302008 244789 333826 412005 406715 238580 68781 554337 116908 250959 473696 513908 376167 458342 518636 346507 707002 138935 245151 458504 583911 390430
 816885 742409 499308 677237 933577 669648 810169 205974 533357 547497 842632 534541 648758 101371 572502 721048 873165 508745 265102 800171 1007293 673078 884712 137169 325540 542192 721764 881287 607922 659660 318734 343371 513810 569088 495736 242833 154251 168173 917248 595037 440431 585252 1 340418 609008 836886 761932 951042 690134 319660 754925 822571 680862 942386 854317 304009 922533 592838 855135 1045022 655356 742024 508607 946756 519800 961145 346848 583120 713514 377696 1039982 30615 444181 440301 788808 883479 695341 1044319 718213 510189 329971 174675 991884 397888 596045 521665 656739 342845 479153 562049 958661 679947 505939 410817 280947 467703 817558 1037497 148851 901741
 844457 472171 624943 718052 786126 822508 665868 134790 682254 489188 950336 204338 589867 367336 528780 464881 1009649 744275 356912 559309 811870 445632 951640 464539 451612 213392 428807 673722 621443 418718 578966 529771 711141 772039 449792 253383 491434 382187 787188 717327 524585 513059 340418 1 811477 922519 615305 849317 699038 83049 918993 918856 691836 727529 653875 538430 991955 252646 743086 867802 449685 747562 357654 984709 573850 1091195 297477 537642 566663 402142 848954 312745 684923 111053 924853 907399 554480 888351 766492 589626 186951 278178 873296 276204 560640 181367 522123 386943 685240 228891 866213 822760 726296 177223 615715 468421 753817 887872 467773 899746
 437825 926330 222247 358532 820964 128894 741520 724886 159352 516253 313082 913714 530541 513024 494389 887141 297315 119508 454790 907777 961084 811657 409433 504191 361116 1015698 957672 897730 399626 826873 297344 284814 100763 40518 500182 558395 526703 459724 778970 190354 324889 540688 609008 811477 1 345565 720626 749478 421369 737418 164790 317973 415202 952756 867346 305144 432382 1002836 709448 953480 768282 444386 645402 501454 338131 382083 548254 497931 698555 444254 976304 609920 175290 850902 229828 483038 681042 912858 355648 297659 651710 542976 807211 612070 482599 947159 656502 442302 131370 941589 737772 153593 105654 730721 479431 437730 603352 896122 483254 540321
 156022 852023 337692 213836 598537 218245 565237 881111 313793 469820 62345 952332 412054 735769 430258 811361 156679 452788 600605 793884 750655 739368 63998 770313 516677 1093147 906480 733690 314417 766877 580500 499242 380209 361700 489821 688850 803659 668921 550582 244332 410720 468786 836886 922519 345565 1 567959 490358 259908 839665 216609 29817 262350 774881 707804 560178 90701 1043471 494149 719900 693965 236493 632198 157705 349188 197802 625066 425995 570148 522493 754215 826561 488329 920235 137728 163750 559628 664115 166948 339824 736795 709638 546706 659161 400967 1006080 554033 543874 413539 975041 469886 195111 423035 784731 791161 456051 377394 644617 748477 231847
 419236 309435 514737 386554 174794 633360 50890 663188 567770 239889 625197 526101 190119 694085 240599 272783 717548 748906 518019 229757 260054 219716 554472 792869 520744 692916 378507 177468 321246 255332 721871 597972 663108 701133 285436 520069 835789 639466 171978 532440 447314 202256 761932 615305 720626 567959 1 242946 322682 547721 709510 584596 324782 232573 147653 669614 586767 601399 139195 284729 187055 332254 266553 529859 393651 764933 415169 233470 49904 411116 286844 735047 730291 547909 660645 452497 66694 283841 417498 435142 465354 587442 258857 374495 242206 596559 105202 444808 668269 536531 265084 614965 711600 438180 906400 340845 212684 279216 777936 405681
 337908 533461 588619 392295 133184 634555 198055 882466 622672 403649 552699 769045 303778 869738 380037 501805 646452 812471 689965 433812 276811 459211 451389 955597 663272 935840 607320 317398 387667 495113 840377 717854 722503 742611 455376 718530 998004 807174 91472 564191 561831 366561 951042 849317 749478 490358 242946 1 333901 777001 683998 515852 341744 332349 304991 794250 470822 843531 106455 232379 429606 305094 492612 390006 485620 667348 614523 369533 286965 576106 271454 927210 812955 788463 615854 333591 296343 173760 395649 519754 686065 778431 58112 590833 360483 839462 327207 611625 739281 779219 28591 611087 774472 672531 1046052 488853 151562 154320 937642 266877
 145723 593140 257969 65497 400070 317766 331791 682797 288773 218744 310884 702826 152372 595909 177675 552363 399645 478594 427606 540774 543481 479752 266608 663128 370680 851562 646608 497460 83232 506981 519582 402752 388619 410934 249976 492859 703399 528230 357606 232412 256474 211364 690134 699038 421369 259908 322682 333901 1 616460 387817 270760 9482 546558 468958 478541 305540 792804 288406 532285 434245 52162 379704 285883 174210 456540 407739 171487 316512 323427 556465 672187 480457 680543 338342 208620 303991 492075 96752 198152 512594 533336 390375 424753 146194 760818 295142 354331 405795 723886 326596 297177 440578 545118 732265 237783 183749 475810 643021 212620
 761763 440317 545508 635010 720847 743268 598582 134467 604001 408242 867997 218415 510200 323884 447385 426437 928410 676000 283084 516326 757732 395571 868592 429377 376367 278797 408825 621428 538535 372973 519249 459080 637713 698500 367656 180072 461433 325863 718746 636717 443732 433532 319660 83049 737418 839665 547721 777001 616460 1 840043 836241 609179 678019 599307 475117 908907 289500 671303 809636 392712 665260 284458 902002 491208 1009417 214603 456443 498301 320152 794008 289579 618619 128618 843895 824934 484789 825693 683444 507780 104005 218656 803713 195322 479083 222475 450708 306524 613415 247116 792759 742766 655863 115058 580847 385373 676159 823935 428981 818317
 348564 957188 294667 323077 776943 97107 719408 847994 237234 545675 167383 993814 527193 655582 514050 916569 132765 284279 566136 919802 925647 841015 278277 659921 471379 1113051 999596 885184 399950 862208 454273 415492 243445 197315 545179 667508 685407 596175 730957 210085 399269 559829 754925 918993 164790 216609 709510 683998 387817 840043 1 186793 384986 934153 856462 453029 291593 1085132 666690 905339 795585 391328 696347 372599 377111 217483 634619 514200 698398 525755 934767 752231 337461 942539 79975 375731 683598 855680 298116 345786 745215 665892 741877 688211 493134 1036146 667061 534037 279551 1019991 667063 103241 266708 813459 643854 491369 551639 837159 638468 441275
 179205 863899 323468 219464 621559 191765 583993 873295 294986 474996 40612 955084 423067 721271 436249 823122 134371 426946 591140 808809 773395 750329 92886 752257 505054 1093209 916680 752537 318751 776971 559736 482702 356621 335494 492027 681729 784774 655009 573830 227872 402149 476383 822571 918856 317973 29817 584596 515852 270760 836241 186793 1 272227 795086 726121 541436 115095 1046493 515827 744341 704736 252342 636900 187076 345034 186376 621774 432653 584584 517437 777884 813175 464390 920162 108038 192277 573301 689526 175067 332224 734022 699663 572583 658868 407955 1007357 565882 537221 390618 978356 495994 169403 398092 785055 768836 454839 398819 670172 730386 259929
 152643 591925 249237 61931 405869 313274 335267 674537 280999 213303 312128 697719 151015 586537 172370 551107 399971 470909 418493 541196 548404 478108 271160 653647 361234 845682 644578 500216 74418 504890 510389 393380 380931 404114 243224 484348 693919 518835 363856 225773 246996 207420 680862 691836 415202 262350 324782 341744 9482 609179 384986 272227 1 549962 471491 469205 310375 787884 294277 538285 432509 61248 374809 292896 164732 458336 399899 166590 317164 314717 561902 662994 472091 674414 337137 216260 304179 498846 97397 188796 505261 524393 398006 417954 141265 755250 294144 345435 397679 719009 334854 293085 432854 538879 722947 229523 191170 482748 633540 221639
 619878 283120 746955 611793 199165 862134 214772 808087 800342 463710 835154 579407 422534 888165 470464 272220 929442 980803 721210 175155 97694 282739 750581 993348 738871 739387 355592 62223 553143 308950 944065 821830 895475 933667 503342 701172 1035665 840856 243941 763901 675499 428790 942386 727529 952756 774881 232573 332349 546558 678019 934153 795086 549962 1 92218 890705 777564 628692 283426 171988 289162 546724 434665 706606 625619 967104 602260 464138 262523 623497 134939 913333 960290 634795 879945 637960 282048 227635 637466 667234 620000 772574 302781 544562 474391 650062 315862 654497 899928 577916 360902 842743 943664 563075 1117602 563891 398203 240614 980647 578716
 555285 242290 658496 533387 180670 780995 142882 726858 713225 372299 766586 521155 336962 797847 380651 219713 859963 891687 629617 133930 158442 209485 688952 902340 646673 685724 318025 30979 468448 240592 851993 729954 807201 846955 411263 612294 944769 749587 213724 679748 584584 338048 854317 653875 867346 707804 147653 304991 468958 599307 856462 726121 471491 92218 1 798579 718661 580085 230968 216579 206739 474634 345768 653832 536946 903076 512123 374777 171949 531303 195124 825583 869805 567145 805898 580662 191157 251733 562577 578668 535386 683308 291197 456535 386391 592919 224026 562405 810602 523567 332926 762501 854794 484337 1025643 472149 337122 258150 889375 526320
 575833 775804 233624 443290 818283 372390 707925 434024 246519 429800 555616 678465 502077 208386 433294 742340 575504 211863 208179 793052 929637 674034 615101 211364 152955 750652 785144 829179 408858 676685 54319 76506 210319 265113 387395 299212 243482 161484 788299 316732 232725 467498 304009 538430 305144 560178 669614 794250 478541 475117 453029 541436 469205 890705 798579 1 649771 760308 718030 946386 639285 525182 488334 689853 309702 663693 336901 442200 630444 271385 955074 305025 148865 600181 493182 639271 610605 926018 473438 280427 411713 260274 845386 410615 442422 696447 575134 246176 175239 707760 793463 385742 203465 502902 253810 328783 644884 914051 189487 673345
 169913 883752 424455 274233 590463 306843 576181 957921 403711 523551 124211 1008070 451793 821736 482717 843712 196672 542039 680710 816198 742258 774664 40316 859341 599917 1154524 942903 742235 373371 804495 670948 587434 470741 450578 549982 765101 893200 754372 542119 333247 490630 516575 922533 991955 432382 90701 586767 470822 305540 908907 291593 115095 310375 777564 718661 649771 1 1098252 494149 703198 730215 269099 685160 90387 423241 197247 695026 476917 596457 596221 741222 911184 578776 982427 211901 139818 588560 642548 225620 419101 805201 790110 523857 723061 451596 1065018 588688 620058 504204 1029363 446977 284441 512989 846636 881857 523539 381652 622419 837543 204003
