NAME : domp30p15v7
COMMENT : Cherkesly, Contardo & Gruson 2022
TYPE : DOMP
DIMENSION : 30
DISPLAY_DATA_TYPE : NO_DISPLAY
OPEN_FACILITIES : 15
COST_SECTION
 1 698980 699162 470798 862098 524276 193709 507452 136509 97224 505046 144335 522506 890141 632947 320359 762534 630447 325282 422179 324639 872163 887190 58529 866657 363689 758643 424733 329552 286212
 698980 1 232658 243756 350241 180776 506476 612145 813527 741074 556313 576802 336834 211488 590883 386184 410218 312590 634809 282157 605497 365879 193404 646360 176758 541023 321871 325288 777610 439418
 699162 232658 1 357421 171178 302779 529204 770622 785391 766784 388478 612104 197154 257621 386129 444203 636287 109864 527625 362944 712986 184306 287967 658357 263756 662217 95978 445959 673283 507711
 470798 243756 357421 1 522961 64562 277582 413704 595394 502536 493403 339139 311135 452727 577008 150504 381382 365548 491312 53271 369055 537475 437112 414956 420278 310468 450108 89902 617647 197153
 862098 350241 171178 522961 1 464485 697946 933200 939882 933542 486654 781330 343536 252300 438903 615381 758579 236061 657826 532534 883230 15641 301638 824025 284072 830916 107445 612522 798785 678880
 524276 180776 302779 64562 464485 1 330618 468919 644643 561551 487110 397424 287318 388488 558504 206810 386326 324729 511139 102720 433185 479299 374113 469900 356714 373363 397430 152585 644651 258649
 193709 506476 529204 277582 697946 330618 1 420368 318985 240386 432938 83952 374929 701832 554577 127713 596051 477334 318367 228477 264353 709512 696312 139889 676401 262809 599899 240031 400363 108777
 507452 612145 770622 413704 933200 468919 420368 1 635682 456637 831851 388500 701836 817426 941512 384388 380276 774042 738734 419358 183124 948102 785729 459806 776635 157627 863800 327862 808640 337339
 136509 813527 785391 595394 939882 644643 318985 635682 1 185484 527896 280317 596359 995131 651521 446572 898808 704079 327891 544591 452724 948380 996823 194285 975185 497273 833481 556491 270785 418905
 97224 741074 766784 502536 933542 561551 240386 456637 185484 1 599169 164274 599843 940688 727099 354943 751580 706383 422418 459113 275920 944448 932968 111022 913802 329940 832604 441694 420741 306607
 505046 556313 388478 493403 486654 487110 432938 831851 527896 599169 1 502883 219480 645737 127943 449628 871658 278791 202008 454127 695168 489459 672353 495123 647824 680313 384231 540795 323328 494995
 144335 576802 612104 339139 781330 397424 83952 388500 280317 164274 502883 1 458495 777068 627424 190705 618507 561267 364893 294894 214377 793025 768764 86042 749714 234627 683738 283962 420370 145790
 522506 336834 197154 311135 343536 287318 374929 701836 596359 599843 219480 458495 1 443046 271649 327353 672555 108319 331160 286763 602514 352278 463276 488963 438843 567023 237577 380446 477274 387833
 890141 211488 257621 452727 252300 388488 701832 817426 995131 940688 645737 777068 443046 1 638391 588373 562040 367469 771927 486185 816952 264840 51808 840777 44386 752410 295246 536402 918299 645128
 632947 590883 386129 577008 438903 558504 554577 941512 651521 727099 127943 627424 271649 638391 1 557129 944180 282333 323678 544890 813704 437727 673112 622683 649182 793791 350377 636189 427729 607679
 320359 386184 444203 150504 615381 206810 127713 384388 446572 354943 449628 190705 327353 588373 557129 1 484140 415195 390045 104194 276284 628376 578517 264481 559836 240697 525971 120157 498446 63657
 762534 410218 636287 381382 758579 386326 596051 380276 898808 751580 871658 618507 672555 562040 944180 484140 1 693322 866381 428096 498533 774152 516341 704524 517669 430081 729519 364256 982332 487630
 630447 312590 109864 365548 236061 324729 477334 774042 704079 706383 278791 561267 108319 367469 282333 415195 693322 1 427200 354842 691274 244301 396623 595738 372238 649330 129427 446553 571262 478016
 325282 634809 527625 491312 657826 511139 318367 738734 327891 422418 202008 364893 331160 771927 323678 390045 866381 427200 1 440551 576610 663416 787895 330509 763857 581157 550810 505297 146388 412186
 422179 282157 362944 53271 532534 102720 228477 419358 544591 459113 454127 294894 286763 486185 544890 104194 428096 354842 440551 1 350926 546406 474852 367381 456550 299540 451544 93719 565093 159020
 324639 605497 712986 369055 883230 433185 264353 183124 452724 275920 695168 214377 602514 816952 813704 276284 498533 691274 576610 350926 1 896948 795350 278754 781225 72175 798882 281308 633170 214681
 872163 365879 184306 537475 15641 479299 709512 948102 948380 944448 489459 793025 352278 264840 437727 628376 774152 244301 663416 546406 896948 1 314658 834707 297572 845046 114930 626950 803545 691929
 887190 193404 287967 437112 301638 374113 696312 785729 996823 932968 672353 768764 463276 51808 673112 578517 516341 396623 787895 474852 795350 314658 1 836033 24540 728976 336449 517054 933902 632691
 58529 646360 658357 414956 824025 469900 139889 459806 194285 111022 495123 86042 488963 840777 622683 264481 704524 595738 330509 367381 278754 834707 836033 1 815968 311582 722399 366631 358938 228022
 866657 176758 263756 420278 284072 356714 676401 776635 975185 913802 647824 749714 438843 44386 649182 559836 517669 372238 763857 456550 781225 297572 24540 815968 1 715639 314241 501790 909924 614911
 363689 541023 662217 310468 830916 373363 262809 157627 497273 329940 680313 234627 567023 752410 793791 240697 430081 649330 581157 299540 72175 845046 728976 311582 715639 1 750978 220845 653045 186113
 758643 321871 95978 450108 107445 397430 599899 863800 833481 832604 384231 683738 237577 295246 350377 525971 729519 129427 550810 451544 798882 114930 336449 722399 314241 750978 1 537540 692490 589601
 424733 325288 445959 89902 612522 152585 240031 327862 556491 441694 540795 283962 380446 536402 636189 120157 364256 446553 505297 93719 281308 626950 517054 366631 501790 220845 537540 1 618081 138635
 329552 777610 673283 617647 798785 644651 400363 808640 270785 420741 323328 420370 477274 918299 427729 498446 982332 571262 146388 565093 633170 803545 933902 358938 909924 653045 692490 618081 1 506025
 286212 439418 507711 197153 678880 258649 108777 337339 418905 306607 494995 145790 387833 645128 607679 63657 487630 478016 412186 159020 214681 691929 632691 228022 614911 186113 589601 138635 506025 1
LAMBDA_SECTION
1 111
2 589
3 818
4 323
5 518
6 196
7 244
8 999
9 211
10 494
11 384
12 792
13 131
14 681
15 941
16 893
17 972
18 500
19 869
20 499
21 264
22 487
23 838
24 387
25 403
26 780
27 115
28 675
29 869
30 330
