NAME : domp70p35v2
COMMENT : Cherkesly, Contardo & Gruson 2022
TYPE : DOMP
DIMENSION : 70
DISPLAY_DATA_TYPE : NO_DISPLAY
OPEN_FACILITIES : 35
COST_SECTION
 1 524265 695095 94102 425200 112510 604016 502114 707798 508856 483349 668156 772717 154202 629805 327233 312588 651503 737727 561531 393010 649201 446821 291247 283169 59084 689684 888247 768886 663183 146093 227716 477379 60875 216585 581454 667471 605253 324380 502337 17111 514668 295151 624337 617454 136797 813201 366337 785341 687162 723260 173540 290360 788000 828799 362009 546992 257196 619523 115956 421758 308758 392840 547880 739967 281872 753373 307673 226977 373990
 524265 1 298205 493188 574471 478151 242249 492169 349243 583579 451975 259353 375346 477508 677629 466007 429694 130915 616851 325253 208856 202662 482389 233720 535887 521082 395590 378298 248071 417937 554119 296667 79190 546058 556056 178836 530415 494977 685277 357542 525998 129655 746627 375621 423832 389201 526074 158776 305175 591117 238711 406799 723744 281139 379687 250455 168551 570707 97269 421140 511234 315550 308741 269001 285299 244298 232179 362259 345578 280691
 695095 298205 1 700039 534933 608608 522811 788356 610606 876563 748082 515328 82466 705299 974735 481107 459302 310199 398234 620380 303120 451708 421343 435027 573396 667816 137768 278768 350200 704294 661347 491362 270661 691964 628943 130079 825127 792404 724465 262428 689864 426171 825882 170584 232443 564464 240130 397117 483562 394325 139638 636340 795759 419034 141739 333518 159161 623813 297600 579153 467456 585259 598295 563656 499682 465079 340332 416485 587002 328314
 94102 493188 700039 1 500424 184152 538191 409289 635784 414911 392081 604998 780574 60204 536205 391242 369711 614159 790636 483441 398330 593195 506349 271171 362436 148066 712946 867761 729549 580680 236663 209957 458936 154752 303244 578303 576912 514645 417592 536666 110393 461971 386828 651485 653280 142532 842670 335329 730671 741706 709810 97842 383677 741100 826905 375751 544796 343442 584119 149250 487755 234889 314807 475912 681321 250570 714583 348672 160927 396363
 425200 574471 534933 500424 1 316936 780385 844063 897512 884636 812612 820477 582239 549198 1007729 126569 163077 690912 359126 803668 366317 772029 113638 430000 143311 367168 446957 806341 792990 915490 292772 416647 495614 376457 219963 492170 974733 917811 226138 273171 409301 655656 354809 380958 334752 389592 520308 488306 878450 307477 639473 519580 321634 843922 672070 327407 466692 184203 658543 360799 68565 593769 668250 763218 859045 459469 777783 227528 525808 294060
 112510 478151 608608 184152 316936 1 601775 562695 713358 585986 537661 660102 682999 236474 709119 214764 200757 608881 625645 581665 314352 631054 334341 249354 178387 62997 589915 822756 726221 689998 82157 194598 418949 84682 126711 504116 715892 654786 257784 397943 98949 496298 275858 522776 511233 111832 709080 329262 762437 574911 652970 222627 258807 754536 746473 277103 469632 164625 575409 70498 309680 334735 419623 557407 723602 254754 710321 203361 252714 280935
 604016 242249 522811 538191 780385 601775 1 336061 117228 437598 301772 69644 591109 497273 500341 660128 622136 227539 858889 121268 422116 95779 702085 365680 711223 623983 633849 494972 285875 181692 683896 408726 311780 645857 708831 416737 310485 291704 845664 593767 612324 126105 876686 617629 665944 492299 759658 294542 213000 832037 422856 440391 860577 255505 568010 455574 410298 733675 228476 532762 723366 304404 235936 78733 154046 349521 278056 554409 379119 492345
 502114 492169 788356 409289 844063 562695 336061 1 362753 101585 40274 396817 867128 349494 187226 718539 684696 542419 1040418 216527 568935 430804 806092 436255 728015 549255 867362 822914 620027 243480 634171 430107 523618 561175 689336 661984 176500 117664 817343 757797 517303 372506 796093 829034 860041 461543 1003666 419439 541434 1001192 722124 340367 792473 591134 867618 579718 641105 726115 530651 498168 807486 253225 197874 260537 480173 400148 610869 631304 319001 617202
 707798 349243 610606 635784 897512 713358 117228 362753 1 460933 337476 95307 671985 589804 495712 777350 739357 301697 964600 162386 537902 158924 818098 481643 827673 731903 730375 533267 319090 136694 795494 522116 423112 752869 823258 515860 276043 281852 960337 705421 717289 242353 986831 720410 771630 602659 850402 411629 198595 940180 495799 539032 971945 265888 635178 572204 513797 849048 313470 643609 840139 401168 322663 160111 142282 463732 316916 671636 480915 608648
 508856 583579 876563 414911 884636 585986 437598 101585 460933 1 137464 498265 956590 355387 123400 761829 730433 641122 1107011 318054 639609 532177 858277 499323 759458 561904 948112 922604 721110 335509 649870 481789 608248 569639 711738 748392 238803 193571 832160 825594 525297 468426 794871 905670 932344 495416 1085142 495204 642613 1065349 817096 366475 795492 692719 961712 645061 725389 750532 627906 527626 854538 313648 278629 361678 581334 462240 711734 683075 362464 680983
 483349 451975 748082 392081 812612 537661 301772 40274 337476 137464 1 364617 826879 333273 227331 686626 652193 504019 1002503 184577 530707 395579 771605 400081 699574 527967 827455 785202 583980 227041 611267 397060 483495 541275 663918 621741 185151 123010 793949 719871 497941 332937 778353 789608 821236 433778 963668 380565 510018 963771 682449 316840 773233 557269 827799 542564 600969 699894 491577 471552 774330 219472 159041 224848 448917 364407 574441 597320 289754 580314
 668156 259353 515328 604998 820477 660102 69644 396817 95307 498265 364617 1 577327 565459 552084 703540 665757 206929 871750 180364 456401 63623 736016 418061 760217 685523 635418 451725 237800 208868 741951 465766 335781 707977 762879 421644 347285 338977 898932 616868 675803 168124 935807 626778 679002 552312 755097 342623 145758 848555 402127 507161 918490 196474 543259 493240 420907 785740 218181 592124 760762 372311 305494 146626 85379 405792 232924 597449 445016 528237
 772717 375346 82466 780574 582239 682999 591109 867128 671985 956590 826879 577327 1 787003 1052945 542042 523690 370400 391391 693477 382644 514131 469241 516952 635107 743230 143892 269170 389373 772747 731968 572560 352460 767006 695137 212309 897248 866921 782870 316399 766850 501217 889797 202238 257228 643727 194829 479515 528978 398359 179400 718299 858859 459489 97686 410715 241596 686891 362995 656802 516860 667416 678759 636769 552538 547340 382159 486493 669377 402071
 154202 477508 705299 60204 549198 236474 497273 349494 589804 355387 333273 565459 787003 1 477185 435114 410363 592516 824783 433941 408756 558806 546389 270473 414398 206604 729556 855335 705528 527540 294863 215638 452494 214652 359262 579789 518348 456110 476783 561858 170285 431530 446637 671041 678082 171536 862207 323840 696213 777091 703144 71117 443844 711879 826786 391994 547386 399002 564142 190090 531563 193204 267166 431036 644426 243296 691045 381276 132720 417152
 629805 677629 974735 536205 1007729 709119 500341 187226 495712 123400 227331 552084 1052945 477185 1 884556 852781 718798 1223226 379636 753125 596008 979476 616225 882852 683779 1054515 994777 785864 359903 772009 602406 710821 690673 834650 848919 229366 214495 953786 940954 646429 554926 912241 1015504 1045212 618694 1190876 605199 689981 1182687 903991 489871 914257 748425 1050122 761352 828299 873593 710075 651025 976787 430492 384172 431649 629587 579399 778382 804150 484302 798045
 327233 466007 481107 391242 126569 214764 660128 718539 777350 761829 686626 703540 542042 435114 884556 1 38005 588871 413537 678576 257848 658114 120632 304512 93120 273527 422962 737072 696970 790502 219139 290207 388933 288816 161499 412072 848175 791257 243911 227366 313122 536834 348481 353257 324859 269207 524175 366179 771156 362110 565416 399202 317070 742659 622643 215554 382092 145731 555489 245027 96582 467533 541682 639408 747282 333204 681309 106092 401140 188423
 312588 429694 459302 369711 163077 200757 622136 684696 739357 730433 652193 665757 523690 410363 852781 38005 1 553660 425157 641048 222327 620694 136639 267097 116169 262283 410895 709505 662889 752947 219369 255218 353192 280097 171929 383235 812024 755500 270651 213924 299657 498928 366685 341395 319299 241398 519140 328178 734713 374769 537249 370436 336462 707392 601039 179461 352226 164643 520124 221200 124164 432821 505720 601574 710125 296419 647153 68394 368635 154649
 651503 130915 310199 614159 690912 608881 227539 542419 301697 641122 504019 206929 370400 592516 718798 588871 553660 1 682748 341688 331339 143879 591872 362828 662838 650782 435841 282894 117702 406768 685034 424822 201024 675639 686019 231728 538012 516401 813799 451325 654076 177973 877424 436194 493076 517807 550328 285265 192727 665247 196477 523282 854314 153791 340634 374508 241035 699467 34007 550895 625264 415123 385584 287444 193327 369806 101994 487499 459849 400857
 737727 616851 398234 790636 359126 625645 858889 1040418 964600 1107011 1002503 871750 391391 824783 1223226 413537 425157 682748 1 927938 471995 810364 292976 607691 485015 686237 260622 660307 744442 1030063 630186 631619 549685 702282 564182 452211 1127485 1081261 583576 282637 724592 739182 713609 246584 193054 653351 229851 623559 870168 52210 537607 773635 680497 811296 487305 462037 450885 534888 660349 641493 327609 793495 843705 875049 875866 644773 733133 443524 752908 426151
 561531 325253 620380 483441 803668 581665 121268 216527 162386 318054 184577 180364 693477 433941 379636 678576 641048 341688 927938 1 467199 217021 739083 374098 715339 591855 720187 615151 407122 111964 662768 400455 380179 610979 699445 504052 205187 175120 836199 651823 572573 195602 848983 695028 737305 469853 851321 320231 325489 896105 532735 389067 837042 374915 679050 492685 491224 729337 336786 511171 753208 252965 168982 56743 264351 347731 399110 576570 336032 531365
 393010 208856 303120 398330 366317 314352 422116 568935 537902 639609 530707 456401 382644 408756 753125 257848 222327 331339 471995 467199 1 406038 280221 146682 332756 370013 323221 510296 441582 575362 378258 193153 131102 394836 364275 190060 660158 611296 485674 189590 388719 296012 561603 270511 292744 261347 458699 152090 513910 434807 339202 342858 535428 485066 435864 43701 155496 372561 297802 277367 304675 326842 371782 418757 492751 182663 425749 156610 302982 72292
 649201 202662 451708 593195 772029 631054 95779 430804 158924 532177 395579 63623 514131 558806 596008 658114 620694 143879 810364 217021 406038 1 683755 383941 719539 661426 572211 400022 190103 265733 712043 436731 280968 684787 727648 359289 400990 386276 862260 559462 655418 135296 906690 564831 617924 526671 691479 305464 137547 788217 339853 496094 887663 164199 482297 444827 359919 748140 154628 565118 710626 366885 311267 170750 92614 376668 182394 552320 432283 478301
 446821 482389 421343 506349 113638 334341 702085 806092 818098 858277 771605 736016 469241 546389 979476 120632 136639 591872 292976 739083 280221 683755 1 374122 197425 393944 336089 693699 689310 849557 337971 377204 403281 409447 274786 383689 921909 868112 323608 160075 433088 576025 444539 268832 226577 376234 419841 418910 782359 241481 528171 503696 411625 743260 558511 247668 360353 250048 560583 357745 48161 552869 619058 694065 767549 408136 674449 175337 495913 209946
 291247 233720 435027 271171 430000 249354 365680 436255 481643 499323 400081 418061 516952 270473 616225 304512 267097 362828 607691 374098 146682 383941 374122 1 346288 288008 469291 599377 480529 486046 329028 63786 188586 312821 344862 309453 548384 494014 480927 326672 292414 250886 523689 417099 436337 155509 605222 79909 513471 566485 438842 201348 503899 505696 557173 145814 276915 368186 330066 188218 382427 185885 245120 336456 476525 37146 464794 204110 156597 181845
 283169 535887 573396 362436 143311 178387 711223 728015 827673 759458 699574 760217 635107 414398 882852 93120 116169 662838 485015 715339 332756 719539 197425 346288 1 224625 515419 825673 774316 826863 150073 315482 461820 233183 79449 499331 870686 811354 154664 320379 266958 592110 255494 445766 414886 266551 613043 417790 839162 432830 653394 393095 223962 816045 715055 289102 468100 53574 628996 231899 157498 485332 565820 681569 810670 368187 758466 176289 409822 268722
 59084 521082 667816 148066 367168 62997 623983 549255 731903 561904 527967 685523 743230 206604 683779 273527 262283 650782 686237 591855 370013 661426 393944 288008 224625 1 652374 874837 768478 696906 88618 227457 466997 25228 157624 560057 710361 648414 270313 460881 42430 526134 257208 585470 574224 135078 772046 366797 795544 635175 706627 212051 247298 792645 804531 334838 525483 198223 617866 99942 366525 339662 425084 573219 753400 286195 752713 266155 256139 341370
 689684 395590 137768 712946 446957 589915 633849 867362 730375 948112 827455 635418 143892 729556 1054515 422962 410895 435841 260622 720187 323221 572211 336089 469291 515419 652374 1 405511 486561 812794 627773 515011 345321 674540 582135 217348 925018 886464 656856 196972 681320 524838 770733 69715 114807 571075 137223 453699 616887 259587 277367 665369 738756 554655 241065 337908 229505 568583 418029 576112 384242 641780 670981 664297 628493 504266 476039 386878 625878 317407
 888247 378298 278768 867761 806341 822756 494972 822914 533267 922604 785202 451725 269170 855335 994777 737072 709505 282894 660307 615151 510296 400022 693699 599377 825673 874837 405511 1 214547 660411 888542 662992 411154 900029 870047 326823 798900 786290 980011 533647 887284 460444 1068783 448954 510209 751467 455929 532849 345963 664708 172615 784405 1041011 271582 176930 551217 359404 872238 301891 777120 737959 690219 667597 564087 392528 617191 218855 655007 723787 560853
 768886 248071 350200 729549 792990 726221 285875 620027 319090 721110 583980 237800 389373 705528 785864 696970 662889 117702 744442 407122 441582 190103 689310 480529 774316 768478 486561 214547 1 446108 801843 542455 313926 793339 800806 310860 585066 574903 926642 540140 771632 279422 993594 502150 562884 635465 582156 402815 142150 733921 212682 637216 969962 70122 331001 485215 329620 812758 150832 668584 725904 523029 483679 359492 179931 487060 15984 598178 573278 508592
 663183 417937 704294 580680 915490 689998 181692 243480 136694 335509 227041 208868 772747 527540 359903 790502 752947 406768 1030063 111964 575362 265733 849557 486046 826863 696906 812794 660411 446108 1 770449 511662 480404 714981 809379 595452 140251 147769 945777 757336 675167 291176 954026 792781 838063 578418 940322 430708 334373 1000140 603077 489672 943375 398686 747179 602512 586365 839951 409908 619615 864545 357332 271842 156699 275962 459571 441722 688275 440874 641018
 146093 554119 661347 236663 292772 82157 683896 634171 795494 649870 611267 741951 731968 294863 772009 219139 219369 685034 630186 662768 378258 712043 337971 329028 150073 88618 627773 888542 801843 770449 1 276227 491245 88196 73979 565250 791849 730273 183280 431404 128985 577578 194707 558786 538666 193424 738507 408794 842499 578247 717078 294436 176687 832529 801581 337761 531227 113822 651305 152156 303620 414017 499316 639328 804641 336320 785888 245481 331081 334087
 227716 296667 491362 209957 416647 194598 408726 430107 522116 481789 397060 465766 572560 215638 602406 290207 255218 424822 631619 400455 193153 436731 377204 63786 315482 227457 515011 662992 542455 511662 276227 1 251980 251875 301532 368416 558990 501369 438747 356610 229396 301783 470455 458446 470739 93074 648949 139759 569221 587421 501508 150442 452725 565204 616961 179393 335056 329436 392429 128854 377411 177621 252485 369709 529208 60160 526810 201889 121441 209100
 477379 79190 270661 458936 495614 418949 311780 523618 423112 608248 483495 335781 352460 452494 710821 388933 353192 201024 549685 380179 131102 280968 403281 188586 461820 466997 345321 411154 313926 480404 491245 251980 1 492216 486999 140879 583159 542104 613135 282378 476961 189574 680990 315080 357772 340592 480605 130701 383175 520875 251121 381544 656668 354458 377144 173770 117497 499013 167230 367931 432106 315301 329630 326060 364489 209669 297968 286592 325770 202254
 60875 546058 691964 154752 376457 84682 645857 561175 752869 569639 541275 707977 767006 214652 690673 288816 280097 675639 702282 610979 394836 684787 409447 312821 233183 25228 674540 900029 793339 714981 88196 251875 492216 1 161274 584894 724648 662538 263585 482034 44372 549527 239444 607263 594585 159138 792974 391401 819269 650923 731725 227402 232039 817064 829009 359282 550326 201624 642778 124959 379955 358233 443398 593758 776605 310254 777589 287828 274949 364984
 216585 556056 628943 303244 219963 126711 708831 689336 823258 711738 663918 762879 695137 359262 834650 161499 171929 686019 564182 699445 364275 727648 274786 344862 79449 157624 582135 870047 800806 809379 73979 301532 486999 161274 1 543557 840958 780182 137219 385312 199658 595666 198817 512484 486277 233001 685674 422208 853482 512023 697486 349337 171307 837061 770490 321264 510645 40613 652018 193132 236574 457553 541403 671050 819992 359546 784831 215456 377063 309286
 581454 178836 130079 578303 492170 504116 416737 661984 515860 748392 621741 421644 212309 579789 848919 412072 383235 231728 452211 504052 190060 359289 383689 309453 499331 560057 217348 326823 310860 595452 565250 368416 140879 584894 543557 1 709179 672654 653885 229906 577913 308455 742366 205870 261440 447260 347383 267301 422681 433535 154241 509993 714329 371241 248720 227809 34580 545447 208151 466428 423820 455182 469810 447837 424093 337687 297007 328289 458719 234273
 667471 530415 825127 576912 974733 715892 310485 176500 276043 238803 185151 347285 897248 518348 229366 848175 812024 538012 1127485 205187 660158 400990 921909 548384 870686 710361 925018 798900 585066 140251 791849 558990 583159 724648 840958 709179 1 62268 973437 848180 681728 400761 962618 898223 938522 608427 1056489 508845 474365 1093566 732736 498373 956678 538879 878311 680665 695782 875444 537222 647827 930503 385398 306588 261708 416206 516213 580046 751992 463925 719483
 605253 494977 792404 514645 917811 654786 291704 117664 281852 193571 123010 338977 866921 456110 214495 791257 755500 516401 1081261 175120 611296 386276 868112 494014 811354 648414 886464 786290 574903 147769 730273 501369 542104 662538 780182 672654 62268 1 912146 800361 619553 366235 900394 856278 894146 548011 1019773 459286 475511 1045872 707818 436501 894575 534840 854156 629550 656982 815034 511892 587098 875123 326133 249906 231101 415223 460815 568301 696700 403365 668227
 324380 685277 724465 417592 226138 257784 845664 817343 960337 832160 793949 898932 782870 476783 953786 243911 270651 813799 583576 836199 485674 862260 323608 480927 154664 270313 656856 980011 926642 945777 183280 438747 613135 263585 137219 653885 973437 912146 1 466489 307565 731321 131489 587975 549938 367936 742448 557233 985980 532462 807862 477289 99257 966278 865738 441979 622755 114668 779837 327175 276220 592198 676704 808249 954325 496607 910734 329973 510489 423148
 502337 357542 262428 536666 273171 397943 593767 757797 705421 825594 719871 616868 316399 561858 940954 227366 213924 451325 282637 651823 189590 559462 160075 326672 320379 460881 196972 533647 540140 757336 431404 356610 282378 482034 385312 229906 848180 800361 466489 1 492521 469669 575838 127533 116619 394440 311228 341541 644001 245522 369151 504108 544309 598243 401603 180953 211549 373057 422510 392572 205239 511948 561110 600895 636579 363816 525923 195010 476380 147570
 17111 525998 689864 110393 409301 98949 612324 517303 717289 525297 497941 675803 766850 170285 646429 313122 299657 654076 724592 572573 388719 655418 433088 292414 266958 42430 681320 887284 771632 675167 128985 229396 476961 44372 199658 577913 681728 619553 307565 492521 1 520541 281179 615440 607135 136980 803643 368821 791085 673833 721254 186000 275348 792190 824558 356402 543382 240270 621800 111486 407112 319617 404214 557589 746580 285173 756037 297567 237083 366766
 514668 129655 426171 461971 655656 496298 126105 372506 242353 468426 332937 168124 501217 431530 554926 536834 498928 177973 739182 195602 296012 135296 576025 250886 592110 526134 524838 460444 279422 291176 577578 301783 189574 549527 595666 308455 400761 366235 731321 469669 520541 1 772094 501907 546948 391385 655728 174525 270679 710285 349650 366031 753595 280350 495406 329854 296414 617869 160261 429947 597809 244335 207653 139465 227518 241649 266249 430811 301728 366375
 295151 746627 825882 386828 354809 275858 876686 796093 986831 794871 778353 935807 889797 446637 912241 348481 366685 877424 713609 848983 561603 906690 444539 523689 255494 257208 770733 1068783 993594 954026 194707 470455 680990 239444 198817 742366 962618 900394 131489 575838 281179 772094 1 701130 668207 384450 864272 603394 1037141 662170 896249 466724 33215 1026152 967597 519050 709395 202963 843548 343949 398812 596855 682244 829108 999276 530609 977614 414247 513343 508093
 624337 375621 170584 651485 380958 522776 617629 829034 720410 905670 789608 626778 202238 671041 1015504 353257 341395 436194 246584 695028 270511 564831 268832 417099 445766 585470 69715 448954 502150 792781 558786 458446 315080 607263 512484 205870 898223 856278 587975 127533 615440 501907 701130 1 62346 509084 191314 410699 624441 231798 302916 608769 669209 567507 295743 279357 207359 498897 413897 511876 316859 595335 631362 640335 629283 453165 490057 319439 572914 255137
 617454 423832 232443 653280 334752 511233 665944 860041 771630 932344 821236 679002 257228 678082 1045212 324859 319299 493076 193054 737305 292744 617924 226577 436337 414886 574224 114807 510209 562884 838063 538666 470739 357772 594585 486277 261440 938522 894146 549938 116619 607135 546948 668207 62346 1 511052 199872 440672 682920 172286 365196 619386 635661 627517 353076 292423 258104 468458 469281 508793 274519 619447 662246 683726 685490 473264 550504 309786 589156 261990
 136797 389201 564464 142532 389592 111832 492299 461543 602659 495416 433778 552312 643727 171536 618694 269207 241398 517807 653351 469853 261347 526671 376234 155509 266551 135078 571075 751467 635465 578418 193424 93074 340592 159138 233001 447260 608427 548011 367936 394440 136980 391385 384450 509084 511052 1 700208 232831 660497 605558 586970 130161 369389 658020 695547 235107 413006 267036 485299 41340 364569 224572 308777 445952 618811 151142 619800 209831 144673 254039
 813201 526074 240130 842670 520308 709080 759658 1003666 850402 1085142 963668 755097 194829 862207 1190876 524175 519140 550328 229851 851321 458699 691479 419841 605222 613043 772046 137223 455929 582156 940322 738507 648949 480605 792974 685674 347383 1056489 1019773 742448 311228 803643 655728 864272 191314 199872 700208 1 590911 719829 256187 369873 799379 831420 652113 279017 470302 363622 666574 537035 701958 466431 778953 807714 794980 739014 640573 574022 506224 761675 446389
 366337 158776 397117 335329 488306 329262 294542 419439 411629 495204 380565 342623 479515 323840 605199 366179 328178 285265 623559 320231 152090 305464 418910 79909 417790 366797 453699 532849 402815 430708 408794 139759 130701 391401 422208 267301 508845 459286 557233 341541 368821 174525 603394 410699 440672 232831 590911 1 433760 586884 379631 252723 583237 426105 507831 172793 238762 443511 253191 267358 434583 189556 221591 275890 397895 85528 387217 261067 195309 211610
 785341 305175 483562 730671 878450 762437 213000 541434 198595 642613 510018 145758 528978 696213 689981 771156 734713 192727 870168 325489 513910 137547 782359 513471 839162 795544 616887 345963 142150 334373 842499 569221 383175 819269 853482 422681 474365 475511 985980 644001 791085 270679 1037141 624441 682920 660497 719829 433760 1 855191 350226 633631 1016847 74949 473151 555615 433664 871355 222168 698047 814011 503938 444762 291493 61282 509599 147152 667021 569778 585425
 687162 591117 394325 741706 307477 574911 832037 1001192 940180 1065349 963771 848555 398359 777091 1182687 362110 374769 665247 52210 896105 434807 788217 241481 566485 432830 635175 259587 664708 733921 1000140 578247 587421 520875 650923 512023 433535 1093566 1045872 532462 245522 673833 710285 662170 231798 172286 605558 256187 586884 855191 1 531841 727418 629026 799232 495782 421565 428464 482681 641022 592466 275455 752338 805437 844244 857391 603401 721853 395963 708858 384646
 723260 238711 139638 709810 639473 652970 422856 722124 495799 817096 682449 402127 179400 703144 903991 565416 537249 196477 537607 532735 339202 339853 528171 438842 653394 706627 277367 172615 212682 603077 717078 501508 251121 731725 697486 154241 732736 707818 807862 369151 721254 349650 896249 302916 365196 586970 369873 379631 350226 531841 1 632078 868409 282416 146433 379390 186859 699687 195981 610246 570911 553040 546135 476853 373307 460748 204158 482394 574618 388254
 173540 406799 636340 97842 519580 222627 440391 340367 539032 366475 316840 507161 718299 71117 489871 399202 370436 523282 773635 389067 342858 496094 503696 201348 393095 212051 665369 784405 637216 489672 294436 150442 381544 227402 349337 509993 498373 436501 477289 504108 186000 366031 466724 608769 619386 130161 799379 252723 633631 727418 632078 1 458954 645973 756416 329494 477933 386803 494399 161200 494147 137869 220095 378979 583742 172736 622540 332481 64345 357413
 290360 723744 795759 383677 321634 258807 860577 792473 971945 795492 773233 918490 858859 443844 914257 317070 336462 854314 680497 837042 535428 887663 411625 503899 223962 247298 738756 1041011 969962 943375 176687 452725 656668 232039 171307 714329 956678 894575 99257 544309 275348 753595 33215 669209 635661 369389 831420 583237 1016847 629026 868409 458954 1 1004007 937497 492525 681633 172070 820368 328341 365756 586069 671580 815227 980275 512737 953978 386041 502557 480160
 788000 281139 419034 741100 843922 754536 255505 591134 265888 692719 557269 196474 459489 711879 748425 742659 707392 153791 811296 374915 485066 164199 743260 505696 816045 792645 554655 271582 70122 398686 832529 565204 354458 817064 837061 371241 538879 534840 966278 598243 792190 280350 1026152 567507 627517 658020 652113 426105 74949 799232 282416 645973 1004007 1 399907 528139 386705 851763 187282 693433 777820 523304 473753 333327 123606 507278 78704 641047 581628 554626
 828799 379687 141739 826905 672070 746473 568010 867618 635178 961712 827799 543259 97686 826786 1050122 622643 601039 340634 487305 679050 435864 482297 558511 557173 715055 804531 241065 176930 331001 747179 801581 616961 377144 829009 770490 248720 878311 854156 865738 401603 824558 495406 967597 295743 353076 695547 279017 507831 473151 495782 146433 756416 937497 399907 1 469728 282660 765548 342265 713231 605451 689163 688422 623248 505507 583682 327132 557364 702558 467713
 362009 250455 333518 375751 327407 277103 455574 579718 572204 645061 542564 493240 410715 391994 761352 215554 179461 374508 462037 492685 43701 444827 247668 145814 289102 334838 337908 551217 485215 602512 337761 179393 173770 359282 321264 227809 680665 629550 441979 180953 356402 329854 519050 279357 292423 235107 470302 172793 555615 421565 379390 329494 492525 528139 469728 1 193591 328947 340859 246088 267999 331472 384887 446625 532782 182954 469370 113076 296735 38854
 546992 168551 159161 544796 466692 469632 410298 641105 513797 725389 600969 420907 241596 547386 828299 382092 352226 241035 450885 491224 155496 359919 360353 276915 468100 525483 229505 359404 329620 586365 531227 335056 117497 550326 510645 34580 695782 656982 622755 211549 543382 296414 709395 207359 258104 413006 363622 238762 433664 428464 186859 477933 681633 386705 282660 193591 1 513446 214036 431899 398725 427824 446854 435672 430277 306141 315083 295704 427873 201489
 257196 570707 623813 343442 184203 164625 733675 726115 849048 750532 699894 785740 686891 399002 873593 145731 164643 699467 534888 729337 372561 748140 250048 368186 53574 198223 568583 872238 812758 839951 113822 329436 499013 201624 40613 545447 875444 815034 114668 373057 240270 617869 202963 498897 468458 267036 666574 443511 871355 482681 699687 386803 172070 851763 765548 328947 513446 1 665487 228350 208415 490904 573889 698962 840073 385820 796828 218324 411672 312394
 619523 97269 297600 584119 658543 575409 228476 530651 313470 627906 491577 218181 362995 564142 710075 555489 520124 34007 660349 336786 297802 154628 560583 330066 628996 617866 418029 301891 150832 409908 651305 392429 167230 642778 652018 208151 537222 511892 779837 422510 621800 160261 843548 413897 469281 485299 537035 253191 222168 641022 195981 494399 820368 187282 342265 340859 214036 665487 1 517941 593242 390258 366076 281062 216456 338168 134968 453792 431428 367681
 115956 421140 579153 149250 360799 70498 532762 498168 643609 527626 471552 592124 656802 190090 651025 245027 221200 550895 641493 511171 277367 565118 357745 188218 231899 99942 576112 777120 668584 619615 152156 128854 367931 124959 193132 466428 647827 587098 327175 392572 111486 429947 343949 511876 508793 41340 701958 267358 698047 592466 610246 161200 328341 693433 713231 246088 431899 228350 517941 1 341505 265035 349604 487174 657464 188556 652808 200845 183940 259251
 421758 511234 467456 487755 68565 309680 723366 807486 840139 854538 774330 760762 516860 531563 976787 96582 124164 625264 327609 753208 304675 710626 48161 382427 157498 366525 384242 737959 725904 864545 303620 377411 432106 379955 236574 423820 930503 875123 276220 205239 407112 597809 398812 316859 274519 364569 466431 434583 814011 275455 570911 494147 365756 777820 605451 267999 398725 208415 593242 341505 1 554867 625257 710458 796398 414395 710793 178512 492532 232567
 308758 315550 585259 234889 593769 334735 304404 253225 401168 313648 219472 372311 667416 193204 430492 467533 432821 415123 793495 252965 326842 366885 552869 185885 485332 339662 641780 690219 523029 357332 414017 177621 315301 358233 457553 455182 385398 326133 592198 511948 319617 244335 596855 595335 619447 224572 778953 189556 503938 752338 553040 137869 586069 523304 689163 331472 427824 490904 390258 265035 554867 1 85512 241140 451386 148942 509355 378141 83547 367718
 392840 308741 598295 314807 668250 419623 235936 197874 322663 278629 159041 305494 678759 267166 384172 541682 505720 385584 843705 168982 371782 311267 619058 245120 565820 425084 670981 667597 483679 271842 499316 252485 329630 443398 541403 469810 306588 249906 676704 561110 404214 207653 682244 631362 662246 308777 807714 221591 444762 805437 546135 220095 671580 473753 688422 384887 446854 573889 366076 349604 625257 85512 1 164787 388458 211129 471435 446892 169039 423024
 547880 269001 563656 475912 763218 557407 78733 260537 160111 361678 224848 146626 636769 431036 431649 639408 601574 287444 875049 56743 418757 170750 694065 336456 681569 573219 664297 564087 359492 156699 639328 369709 326060 593758 671050 447837 261708 231101 808249 600895 557589 139465 829108 640335 683726 445952 794980 275890 291493 844244 476853 378979 815227 333327 623248 446625 435672 698962 281062 487174 710458 241140 164787 1 231900 313659 350409 535691 320928 484970
 739967 285299 499682 681321 859045 723602 154046 480173 142282 581334 448917 85379 552538 644426 629587 747282 710125 193327 875866 264351 492751 92614 767549 476525 810670 753400 628493 392528 179931 275962 804641 529208 364489 776605 819992 424093 416206 415223 954325 636579 746580 227518 999276 629283 685490 618811 739014 397895 61282 857391 373307 583742 980275 123606 505507 532782 430277 840073 216456 657464 796398 451386 388458 231900 1 469109 180042 641862 520511 564985
 281872 244298 465079 250570 459469 254754 349521 400148 463732 462240 364407 405792 547340 243296 579399 333204 296419 369806 644773 347731 182663 376668 408136 37146 368187 286195 504266 617191 487060 459571 336320 60160 209669 310254 359546 337687 516213 460815 496607 363816 285173 241649 530609 453165 473264 151142 640573 85528 509599 603401 460748 172736 512737 507278 583682 182954 306141 385820 338168 188556 414395 148942 211129 313659 469109 1 471586 235911 122691 218809
 753373 232179 340332 714583 777783 710321 278056 610869 316916 711734 574441 232924 382159 691045 778382 681309 647153 101994 733133 399110 425749 182394 674449 464794 758466 752713 476039 218855 15984 441722 785888 526810 297968 777589 784831 297007 580046 568301 910734 525923 756037 266249 977614 490057 550504 619800 574022 387217 147152 721853 204158 622540 953978 78704 327132 469370 315083 796828 134968 652808 710793 509355 471435 350409 180042 471586 1 582352 558684 492911
 307673 362259 416485 348672 227528 203361 554409 631304 671636 683075 597320 597449 486493 381276 804150 106092 68394 487499 443524 576570 156610 552320 175337 204110 176289 266155 386878 655007 598178 688275 245481 201889 286592 287828 215456 328289 751992 696700 329973 195010 297567 430811 414247 319439 309786 209831 506224 261067 667021 395963 482394 332481 386041 641047 557364 113076 295704 218324 453792 200845 178512 378141 446892 535691 641862 235911 582352 1 320889 94250
 226977 345578 587002 160927 525808 252714 379119 319001 480915 362464 289754 445016 669377 132720 484302 401140 368635 459849 752908 336032 302982 432283 495913 156597 409822 256139 625878 723787 573278 440874 331081 121441 325770 274949 377063 458719 463925 403365 510489 476380 237083 301728 513343 572914 589156 144673 761675 195309 569778 708858 574618 64345 502557 581628 702558 296735 427873 411672 431428 183940 492532 83547 169039 320928 520511 122691 558684 320889 1 328888
 373990 280691 328314 396363 294060 280935 492345 617202 608648 680983 580314 528237 402071 417152 798045 188423 154649 400857 426151 531365 72292 478301 209946 181845 268722 341370 317407 560853 508592 641018 334087 209100 202254 364984 309286 234273 719483 668227 423148 147570 366766 366375 508093 255137 261990 254039 446389 211610 585425 384646 388254 357413 480160 554626 467713 38854 201489 312394 367681 259251 232567 367718 423024 484970 564985 218809 492911 94250 328888 1
LAMBDA_SECTION
1 918
2 649
3 916
4 261
5 278
6 702
7 579
8 249
9 1000
10 777
11 532
12 539
13 307
14 229
15 959
16 331
17 534
18 988
19 963
20 746
21 902
22 21
23 813
24 244
25 315
26 273
27 757
28 655
29 692
30 485
31 460
32 595
33 406
34 92
35 511
36 188
37 734
38 424
39 223
40 805
41 419
42 38
43 109
44 30
45 816
46 298
47 628
48 847
49 870
50 955
51 710
52 732
53 361
54 32
55 161
56 160
57 811
58 263
59 285
60 165
61 788
62 971
63 517
64 900
65 454
66 12
67 265
68 898
69 479
70 310
