NAME : domp20p10v8
COMMENT : Cherkesly, Contardo & Gruson 2022
TYPE : DOMP
DIMENSION : 20
DISPLAY_DATA_TYPE : NO_DISPLAY
OPEN_FACILITIES : 10
COST_SECTION
 1 540264 354941 210937 392418 154962 587824 544662 605365 490846 450323 701412 611169 444186 542307 669896 575238 458149 730910 135099
 540264 1 507379 348677 410992 497173 137964 817328 913371 417830 104812 641659 394533 188335 50265 376794 212978 431461 990219 580020
 354941 507379 1 256839 110761 471409 463731 310663 406001 187285 476944 348857 329986 324331 540501 409176 659897 146841 490374 256463
 210937 348677 256839 1 233795 251309 378893 542467 627243 320234 276092 559774 419098 233264 361930 468883 439267 297436 731047 231673
 392418 410992 110761 233795 1 478937 355522 409444 507352 99292 395545 326022 234032 223492 448494 308140 580912 66300 579227 325179
 154962 497173 471409 251309 478937 1 578518 694657 758928 570150 394972 803043 668839 456996 484999 713246 476206 544529 882612 287953
 587824 137964 463731 378893 355522 578518 1 762596 861303 331431 221632 528506 273498 152773 187268 243036 349153 355482 922477 596631
 544662 817328 310663 542467 409444 694657 762596 1 99219 442363 786292 424012 565881 631969 851144 648469 967452 410578 190224 409750
 605365 913371 406001 627243 507352 758928 861303 99219 1 541519 878752 507959 663699 729078 946033 745999 1058118 509782 135205 470989
 490846 417830 187285 320234 99292 570150 331431 442363 541519 1 427101 249410 142729 234398 461924 222997 609597 40447 592464 423215
 450323 104812 476944 276092 395545 394972 221632 786292 878752 427101 1 668119 438264 195888 92338 438701 185387 431051 967107 505827
 701412 641659 348857 559774 326022 803043 528506 424012 507959 249410 668119 1 256370 472255 689612 314551 845553 263330 498659 603809
 611169 394533 329986 419098 234032 668839 273498 565881 663699 142729 438264 256370 1 249144 444075 83160 604690 183154 696838 558092
 444186 188335 324331 233264 223492 456996 152773 631969 729078 234398 195888 472255 249144 1 229104 267723 375626 244206 802422 444390
 542307 50265 540501 361930 448494 484999 187268 851144 946033 461924 92338 689612 444075 229104 1 427038 162729 473310 1026996 593279
 669896 376794 409176 468883 308140 713246 243036 648469 745999 222997 438701 314551 83160 267723 427038 1 589766 263011 775589 627608
 575238 212978 659897 439267 580912 476206 349153 967452 1058118 609597 185387 845553 604690 375626 162729 589766 1 615539 1150251 657065
 458149 431461 146841 297436 66300 544529 355482 410578 509782 40447 431051 263330 183154 244206 473310 263011 615539 1 567120 385430
 730910 990219 490374 731047 579227 882612 922477 190224 135205 592464 967107 498659 696838 802422 1026996 775589 1150251 567120 1 595832
 135099 580020 256463 231673 325179 287953 596631 409750 470989 423215 505827 603809 558092 444390 593279 627608 657065 385430 595832 1
LAMBDA_SECTION
1 698
2 520
3 724
4 77
5 581
6 332
7 770
8 636
9 826
10 760
11 986
12 922
13 120
14 985
15 334
16 315
17 208
18 720
19 606
20 887
