NAME : domp90p30v8
COMMENT : Cherkesly, Contardo & Gruson 2022
TYPE : DOMP
DIMENSION : 90
DISPLAY_DATA_TYPE : NO_DISPLAY
OPEN_FACILITIES : 30
COST_SECTION
 1 896975 627741 548737 135821 667010 419237 399375 607343 657920 582787 355873 699980 862914 792204 749494 46306 774897 621563 561149 425051 567417 801447 846441 250208 652306 359551 375662 519907 768588 329406 538214 901549 450486 736077 63527 645456 544834 136854 450290 920753 272675 789037 310184 839344 434072 642391 611947 595289 132829 846875 152632 492955 276814 897447 896893 981223 174893 634670 559846 496642 700796 281459 440684 326005 760220 761418 872143 881820 818908 605157 838583 418308 788690 401304 600066 632958 384388 592614 403708 936951 677447 785238 482592 801069 360758 611027 1013186 456672 514234
 896975 1 445830 469397 831111 254751 782304 811919 488625 399542 317220 1082372 645474 241417 465606 176758 929121 507950 294867 382359 650677 404191 99938 95531 985367 326614 549395 581164 414898 434442 855654 846870 92459 551930 425717 870422 831727 730101 911792 728951 559602 708372 188366 996908 254224 745379 311684 772902 313040 770368 101224 765627 525170 735185 196054 243651 732173 864928 840401 363440 401565 390498 617918 1075117 583864 491850 135569 646013 704640 725682 382121 470935 1166457 309934 541408 479177 510115 512588 476166 832338 634569 410590 737376 898731 135363 624711 385285 148357 788760 502445
 627741 445830 1 80424 629453 220110 743033 394160 43154 558674 254740 692519 222318 279508 171072 273646 671519 170056 380736 146190 244162 107194 357084 465316 616873 476482 414887 252556 423018 142100 457167 404023 510489 537288 108635 577585 387456 285834 582060 715011 313631 578268 261959 609455 253165 321321 445003 327594 358393 498065 350351 555545 135955 377697 332215 310102 432107 522969 395348 395669 272417 585897 379199 660607 322443 150082 354989 314818 355787 337711 90130 216443 773091 185478 469035 587283 640495 337180 578286 412973 354759 53237 332557 464141 310523 270631 498955 594172 357567 537905
 548737 469397 80424 1 549106 221422 670523 345647 77259 519265 222851 633870 260620 337644 250971 292652 592156 245833 349315 108244 186465 71074 373545 472728 551377 442906 342246 173100 370746 222503 399515 381574 522589 473287 188848 499845 388606 269388 508582 645423 391737 501293 298029 549352 311666 276703 412322 326410 323039 418382 381732 475251 63317 306037 385140 370288 500003 450760 393412 351176 216536 550596 299243 611989 242354 226993 360720 381885 416715 387025 87468 296637 716142 249775 401111 537964 591780 264118 528578 365649 428268 128729 374425 429364 337518 195251 456882 615843 319367 480723
 135821 831111 629453 549106 1 622487 283803 485120 617808 549125 529482 489960 741915 832769 799882 700523 132299 790256 542303 534835 467430 550569 740937 769862 380941 556723 281751 382861 429800 771274 428513 624632 823350 335992 737230 176794 722844 608024 262762 314777 937612 148935 748015 438266 811357 502834 551883 680819 519720 160563 794276 74234 502915 336175 859739 866348 1019809 283217 714197 475898 444166 590823 251697 569292 307496 773117 696815 905500 923654 868185 588221 845712 554042 769613 302546 483564 511221 330728 477020 494021 964213 674128 838490 581899 750565 385144 509221 934856 535175 401468
 667010 254751 220110 221422 622487 1 646871 558422 258555 367295 98292 828427 440716 219531 316806 84063 703617 344144 187218 127620 397208 152352 155596 251405 733486 279029 349960 328513 274418 277986 600906 602976 301323 415134 252337 633013 602949 489658 666170 604888 452988 523810 125762 742932 203400 493572 248003 541594 176260 535852 182469 551195 272734 482441 238035 251090 607503 616217 609395 229531 178872 386569 385824 820562 343263 323424 139372 498778 549872 547095 138070 345506 912395 192031 371355 415596 464820 291787 408064 578951 515885 205856 547480 648795 135734 370775 316188 397655 538482 391601
 419237 782304 743033 670523 283803 646871 1 727800 747558 407285 549819 773586 911408 865391 908480 704914 407500 913082 495448 610489 661739 641466 713768 699031 663381 458905 328403 544281 379308 873073 687095 861014 743444 235125 839104 457895 943845 816419 544360 60022 1054056 191922 764978 718914 850259 725670 470724 892469 487454 410191 780625 302138 646576 567124 874045 895509 1170191 556108 938342 430658 485592 438214 402909 849503 452787 892916 664569 1052091 1083393 1042298 673388 950114 837500 830252 279552 323173 321778 406479 321993 740886 1097616 773940 1020097 834394 745995 569091 400070 846547 766938 279934
 399375 811919 394160 345647 485120 558422 727800 1 354529 762892 525312 305546 348396 673640 509925 635649 443706 475619 632390 431692 161268 407771 713819 803987 256528 710074 470082 261274 594361 502746 84022 139972 856932 624484 479785 335870 246735 168144 284410 731490 603299 536595 643592 228664 647292 73918 684973 220542 601654 326960 727078 434594 286911 161267 725450 704175 618191 228343 235437 602763 469730 803003 348738 266981 323985 469139 694024 523726 517509 445421 432633 551869 382358 579293 544694 746571 796731 420782 736848 20689 596535 445538 407217 111993 682301 213355 699651 956072 62420 664985
 607343 488625 43154 77259 617808 258555 747558 354529 1 585720 283428 655213 191029 320176 184897 315644 651945 172647 410559 170080 209290 129479 399036 506195 582925 505819 419386 235944 443176 162958 420163 360896 552160 549825 132963 554824 345900 242681 553990 722681 319883 576682 305108 572917 293894 281160 474597 285523 386514 480009 393457 544580 115531 349122 373843 350006 422791 493970 353372 419844 289793 614790 370830 620270 313784 155339 395264 304669 339863 313315 123047 231278 735024 224987 478238 609449 663069 341261 600224 372950 352450 91143 303880 421754 353383 247025 524629 636938 315933 555308
 657920 399542 558674 519265 549125 367295 407285 762892 585720 1 304010 947254 776685 550850 683098 384787 674311 707000 181283 415652 625555 456257 357257 307350 833983 89202 316680 503721 168564 644166 767049 857741 344223 213955 616469 658203 895961 765988 728253 348854 820199 401840 447920 869143 545000 721747 119407 834316 200431 563254 428282 505769 536676 623939 538705 573416 973152 703744 897595 169324 309773 43343 438398 981796 443387 685827 311172 861683 909551 896380 468862 712800 1027789 554575 258156 84761 111055 344109 85294 782391 882796 562218 889501 872591 408009 550398 64222 441781 771211 148457
 582787 317220 254740 222851 529482 98292 549819 525312 283428 304010 1 773884 474317 317780 387391 171112 617135 406644 127249 115022 368331 154975 219376 284831 672597 222404 253189 273982 183601 348783 555609 591482 339975 320022 318426 553731 610280 486448 594947 509293 530009 426213 222516 688940 301097 468053 191174 547995 103654 454217 265612 459631 255263 425577 334829 349370 674142 549478 614237 145614 86447 331535 301951 778000 266714 385335 183446 560410 606583 592442 164852 422094 858113 282599 273230 338057 390084 200566 329610 545981 587128 260304 586410 625088 221180 320847 245237 447017 516078 302303
 355873 1082372 692519 633870 489960 828427 773586 305546 655213 947254 773884 1 646304 969942 815465 910579 377765 780859 857632 701668 449154 686576 982477 1058668 115044 916715 630624 501659 786104 807637 235369 381990 1113855 762334 783621 317531 493766 464864 232330 800246 905002 609780 928438 85497 943687 378922 897903 495760 827204 392310 1006629 483058 571145 348362 1018933 1001663 900528 243800 478020 810998 700566 990339 510645 112231 519467 774665 954720 817269 802166 725664 717063 857326 84241 877797 694684 906883 948588 614646 898088 290446 891695 745155 684996 295031 960306 457709 890015 1219807 359114 819033
 699980 645474 222318 260620 741915 440716 911408 348396 191029 776685 474317 646304 1 434418 208478 484094 746272 162592 601308 361038 276515 320435 566198 678473 604589 696719 588524 370330 631358 223772 431132 279233 719436 729370 222230 639786 207718 181794 613344 892888 260007 729662 457141 575181 411246 283337 665433 166162 577524 587845 545057 673226 266459 423241 492818 455346 281244 552155 221211 610237 477155 805777 514648 581008 460582 168671 571101 176459 182378 130898 311666 236695 715644 342946 653851 798473 852253 511983 789119 359383 248228 239337 113813 363013 512260 357565 715357 792158 288980 740568
 862914 241417 279508 337644 832769 219531 865391 673640 320176 550850 317780 969942 434418 1 235390 167612 902730 281057 385668 301925 520805 298177 206702 311136 888993 462724 567185 497164 489119 211315 734734 674389 331291 632133 214482 821610 635676 555856 841009 821822 318189 741769 104004 886000 26349 600808 435528 582326 384137 730096 147342 759818 400957 641902 58420 33980 490799 785179 646863 440653 394761 558555 587043 940094 537473 268671 244049 407979 467355 495887 261862 232822 1051331 96360 590872 613581 657810 503738 607350 692480 393209 229205 512743 740627 146385 528893 511484 374776 636016 603032
 792204 465606 171072 250971 799882 316806 908480 509925 184897 683098 387391 815465 208478 235390 1 328565 836841 46792 501942 299378 384573 267026 402294 516457 754096 595488 581824 420005 568696 38937 584731 474942 548807 694428 70073 739234 415831 362131 734904 877299 145754 748143 283991 736838 215466 436710 564230 369491 486249 664753 364762 726133 300039 530563 293158 251711 290739 674119 428829 532966 427614 703372 550163 765352 493317 42137 420729 185866 241823 261181 236107 46382 891320 156205 631154 725008 776332 504992 716732 525631 200055 134588 277434 552127 341698 431675 629072 606738 459634 686878
 749494 176758 273646 292652 700523 84063 704914 635649 315644 384787 171112 910579 484094 167612 328565 1 785393 364291 218406 208913 474507 227917 83439 194415 816803 296086 423592 411883 326054 292016 681454 671182 237016 470158 274351 716512 661096 555171 750232 659016 450095 595045 63644 825094 160218 568690 268261 601120 218979 618858 98424 630303 348759 565590 169168 193787 615048 700164 668929 275988 256617 395249 468061 899723 426792 345328 92174 514430 569702 578068 205451 347303 994395 179336 436245 445996 490656 370784 439739 656007 519441 244899 584053 722006 51795 453312 343912 323603 612008 437321
 46306 929121 671519 592156 132299 703617 407500 443706 651945 674311 617135 377765 746272 902730 836841 785393 1 820135 649118 600806 471225 608616 834775 875449 278591 674346 385696 419083 543424 812719 371865 581963 930166 463364 780001 108745 690147 590789 172822 443796 966209 279233 826690 340341 879484 479892 666281 657474 623854 174220 882190 170495 537216 323119 935956 936697 1027514 217230 679132 585647 530721 716701 317917 469170 365259 805257 793599 918327 928125 865166 646474 883222 433792 830142 420842 612306 642020 417246 605348 447346 982958 720766 831416 524095 836756 405779 630434 1041938 501654 528252
 774897 507950 170056 245833 790256 344144 913082 475619 172647 707000 406644 780859 162592 281057 46792 364291 820135 1 525800 309924 359201 274071 440728 555064 723813 620583 584931 407793 584583 73688 552662 433062 589426 705011 91960 720015 370257 322606 710766 884598 147373 747027 323736 703733 260335 403311 589082 325437 508006 649975 406807 717154 287410 507842 339084 298229 267593 649525 383526 551912 438477 729390 543345 726982 486288 21318 456067 154853 206448 217733 247581 77523 855316 198036 638420 744570 796727 507165 736000 490451 185078 146713 231818 512055 381300 414427 650951 650514 423017 701686
 621563 294867 380736 349315 542303 187218 495448 632390 410559 181283 127249 857632 601308 385668 501942 218406 649118 525800 1 242077 481470 282200 218443 227569 750151 95806 263544 372481 120222 463006 652362 709936 281461 261100 435187 604442 734959 608927 659193 446009 640034 414227 281740 774524 375954 580950 64271 672717 30919 503553 285445 480919 376790 514257 384293 412133 791876 621771 738279 68581 162840 205304 355682 874002 338215 504651 169385 680543 728917 718031 290607 532354 941170 377444 246902 230038 277980 246780 223090 652810 701769 381476 713037 736893 253294 420810 129245 393205 629969 220720
 561149 382359 146190 108244 534835 127620 610489 431692 170080 415652 115022 701668 361038 301925 299378 208913 600806 309924 242077 1 270777 40605 283138 373448 608648 336614 287248 204500 276908 263009 473324 484168 425599 395552 229452 521348 496665 375307 547060 578025 445099 459287 233234 616182 278855 368467 305654 434423 216915 428378 305604 461071 148598 357347 337460 335893 576081 494610 501180 250257 128673 445183 285964 693007 235550 288859 262586 459674 501919 482130 63272 339861 785504 235049 332075 441249 494580 213875 432205 452291 494496 165156 473934 524780 258998 244546 354634 524696 414582 392518
 425051 650677 244162 186465 467430 397208 661739 161268 209290 625555 368331 449154 276515 520805 384573 474507 471225 359201 481470 270777 1 246593 552561 643770 373635 564712 361335 127855 459233 369205 213951 232214 696317 515715 341429 366405 287248 155926 351575 652950 501077 472387 484215 365527 494540 99815 537665 231888 451271 311530 566605 401017 125980 150297 570368 552526 557252 290330 284556 459582 321150 663484 259084 426035 214317 347590 533323 447102 458892 400853 272502 429860 530661 428915 435013 620612 673086 296648 610789 181756 512435 297218 371263 256768 521524 92836 561406 794861 148518 545453
 567417 404191 107194 71074 550569 152352 641466 407771 129479 456257 154975 686576 320435 298177 267026 227917 608616 274071 282200 40605 246593 1 306636 402929 597742 376991 315165 199174 316116 232165 454999 451673 453586 431075 197927 524049 459243 340363 543412 611093 412604 484099 242093 601310 273554 341618 345947 397123 257387 434767 321073 476389 120998 347435 339319 331978 538770 488615 464289 290647 165331 485682 299249 672020 245468 253281 291083 421798 462845 441796 37958 309279 769880 221584 364813 481203 534638 239150 472097 428162 459105 132580 433345 496475 275437 233681 395192 549186 386172 430712
 801447 99938 357084 373545 740937 155596 713768 713819 399036 357257 219376 982477 566198 206702 402294 83439 834775 440728 218443 283138 552561 306636 1 114337 885485 273515 459590 481227 337301 367413 756214 753526 153731 479533 352812 773104 744534 637993 812812 663521 514136 624138 119126 897021 209361 648250 251348 684534 230385 673526 71054 673638 427558 635248 183256 222681 683158 765406 752352 285123 304907 358870 521166 976137 485386 422637 49281 587416 644111 656652 287000 415971 1066578 247672 459137 428893 467541 417544 424165 734315 586259 327441 664304 802644 62580 524850 328688 242559 692438 436903
 846441 95531 465316 472728 769862 251405 699031 803987 506195 307350 284831 1058668 678473 311136 516457 194415 875449 555064 227569 373448 643770 402929 114337 1 956491 240239 490526 558471 343536 481736 839233 854298 55751 473302 466940 825561 852041 740963 874240 644036 625119 639650 232706 973764 317969 741902 230108 791251 251608 724598 164023 708094 521730 710399 275612 320739 795425 831682 859136 294550 361394 295943 573445 1061241 546565 536940 112034 701307 758239 770852 388927 529002 1142887 361321 472350 388874 417131 464988 386569 824654 698193 439196 778004 898167 175165 604768 299212 166781 787911 419569
 250208 985367 616873 551377 380941 733486 663381 256528 582925 833983 672597 115044 604589 888993 754096 816803 278591 723813 750151 608648 373635 597742 885485 956491 1 805907 517321 404977 674364 741646 173521 367925 1012011 647389 714785 205581 483616 424625 119249 687890 856941 495809 839490 62675 863042 323092 788083 471088 720054 277269 914183 369347 488062 251303 935129 921653 873737 130388 469329 701140 596045 877163 399219 190796 412376 714976 855137 780217 773284 699963 630596 798073 193819 799914 580314 792308 833693 505104 783570 247891 852812 670096 660843 289459 867485 364567 777511 1119593 317784 704416
 652306 326614 476482 442906 556723 279029 458905 710074 505819 89202 222404 916715 696719 462724 595488 296086 674346 620583 95806 336614 564712 376991 273515 240239 805907 1 295477 448806 133522 556586 722672 795581 285222 237741 529552 643984 825968 698196 706990 403821 731606 416088 359419 835700 456283 663140 31607 763867 119875 545025 344439 503852 466514 581249 452744 486063 885924 675795 828653 107855 243688 109502 406701 941894 400731 599506 225929 775415 824306 813834 386358 624399 999085 465428 254417 155494 195474 302685 151196 730149 794878 476898 808666 817302 321303 496790 58998 391519 712534 180173
 359551 549395 414887 342246 281751 349960 328403 470082 419386 316680 253189 630624 588524 567185 581824 423592 385696 584931 263544 287248 361335 315165 459590 490526 517321 295477 1 234350 161983 547330 460200 584857 544887 155575 513066 348511 648418 516316 413317 304662 726999 174793 475374 553155 548198 444419 283378 591503 239132 249855 514851 217582 322096 317853 587755 599790 842161 387064 645881 200340 172470 359843 125372 668765 149015 564908 415096 724038 756732 719155 348868 624442 711135 516977 74888 281748 329135 78129 272364 487869 769283 447675 699659 582063 472327 271312 261028 656664 491867 196515
 375662 581164 252556 173100 382861 328513 544281 261274 235944 503721 273982 501659 370330 497164 420005 411883 419083 407793 372481 204500 127855 199174 481227 558471 404977 448806 234350 1 335787 394204 282133 357344 613252 388066 361149 327841 414245 281995 344314 531065 555153 359585 437241 416333 472275 218747 423804 357173 341607 245514 509499 310443 120470 154059 538142 530873 641386 290416 412107 341599 209672 543030 144319 504624 91506 391163 453162 525295 548277 500612 235384 466264 585863 416541 307485 494319 546376 168974 484501 281402 581852 301789 476490 369265 462737 48334 439977 718280 268033 417909
 519907 414898 423018 370746 429800 274418 379308 594361 443176 168564 183601 786104 631358 489119 568696 326054 543424 584583 120222 276908 459233 316116 337301 343536 674364 133522 161983 335787 1 530472 599408 691363 395444 144233 499019 510491 734838 603466 573863 333071 712532 296117 387100 706163 475863 554281 122865 673902 108247 411525 402304 373178 378505 456561 495011 518154 851860 544042 735512 52184 154263 209407 275460 815814 275589 563314 288670 736147 778800 756468 337413 604834 867916 464779 128955 167602 221483 176194 158080 613835 767481 437996 745151 704238 366730 382100 106092 506304 603680 118725
 768588 434442 142100 222503 771274 277986 873073 502746 162958 644166 348783 807637 223772 211315 38937 292016 812719 73688 463006 263009 369205 232165 367413 481736 741646 556586 547330 394204 530472 1 574688 478593 515748 657301 34480 717130 428135 362811 716761 841007 182634 715198 250098 727451 189179 428945 525315 378075 447369 639659 333260 697273 275649 511919 269714 231584 329518 656531 440231 494311 390735 664535 520499 762501 463971 57943 384064 223055 277688 291301 199826 77119 885067 124684 595072 686241 737493 471047 677994 519412 238944 99797 303924 552437 307700 409307 590167 577594 455573 648790
 329406 855654 457167 399515 428513 600906 687095 84022 420163 767049 555609 235369 431132 734734 584731 681454 371865 552662 652362 473324 213951 454999 756214 839233 173521 722672 460200 282133 599408 574688 1 212218 893529 609796 549607 266792 324917 251900 205817 697091 683867 499373 695835 152920 708458 150039 700001 303463 621451 277647 776029 386819 337322 143244 784195 766356 702191 154682 312325 614853 490336 808682 334956 222494 323821 544801 731925 606952 601488 529413 483952 627878 316751 642429 532715 741580 789298 423217 732078 79552 679358 509859 491094 154124 730161 234767 705497 996514 146303 656664
 538214 846870 404023 381574 624632 602976 861014 139972 360896 857741 591482 381990 279233 674389 474942 671182 581963 433062 709936 484168 232214 451673 753526 854298 367925 795581 584857 357344 691363 478593 212218 1 903943 740424 463914 474828 115694 118747 418034 861073 538090 669142 665798 323481 648683 140440 767867 116457 680278 465655 753732 572223 336648 294783 730530 701276 518724 365182 101585 691295 551923 895477 470221 304470 435855 432831 742293 440524 421081 344021 466694 510260 443678 578049 659623 851654 903686 525791 841834 134625 515502 448028 303187 87488 712372 314599 793576 994648 94486 774532
 901549 92459 510489 522589 823350 301323 743444 856932 552160 344223 339975 1113855 719436 331291 548807 237016 930166 589426 281461 425599 696317 453586 153731 55751 1012011 285222 544887 613252 395444 515748 893529 903943 1 521423 503733 881123 897916 789526 929991 687323 649090 691360 265796 1028875 342029 793922 278669 837670 306379 780142 185900 762359 573316 765527 288140 335466 821108 887364 905529 347519 417113 327142 629109 1115318 602291 572223 163016 731695 789661 806637 437480 557428 1198085 392620 524398 427832 451374 520574 426462 877575 723522 481032 815917 949752 208572 659291 343614 111783 839438 465395
 450486 551930 537288 473287 335992 415134 235125 624484 549825 213955 320022 762334 729370 632133 694428 470158 463364 705011 261100 395552 515715 431075 479533 473302 647389 237741 155575 388066 144233 657301 609796 740424 521423 1 624362 458231 802215 669781 534800 189799 839891 187990 530791 689765 617990 599987 243225 744385 252330 370427 545757 297937 464598 469357 639193 661668 969382 519820 800165 195561 266924 255034 276466 811052 304570 684089 430478 851876 889670 858638 458648 733419 839409 602535 80863 149585 186430 221835 142196 641864 889887 560646 842267 736457 510871 426602 182482 629070 647418 65598
 736077 425717 108635 188848 737230 252337 839104 479785 132963 616469 318426 783621 222230 214482 70073 274351 780001 91960 435187 229452 341429 197927 352812 466940 714785 529552 513066 361149 499019 34480 549607 463914 503733 624362 1 685258 421201 346476 686751 807458 215666 680735 238396 702522 190233 405867 498121 368207 418384 606663 324680 663187 243424 481899 272504 238660 356751 626867 432404 464036 357572 638101 486291 742003 429842 71708 365591 246443 298306 303943 166189 111422 862019 120873 561393 656385 708041 436672 648004 497066 268751 65413 312250 534803 295176 377646 561360 571176 435025 617064
 63527 870422 577585 499845 176794 633013 457895 335870 554824 658203 553731 317531 639786 821610 739234 716512 108745 720015 604442 521348 366405 524049 773104 825561 205581 643984 348511 327841 510491 717130 266792 474828 881123 458231 685258 1 581934 482191 86468 482770 864959 293560 752431 261618 797399 371200 631187 548739 576648 101017 814653 166826 441866 216760 858790 855536 920950 113011 571146 546233 468876 701484 252779 392599 289752 706033 735334 812999 821201 757325 561330 785543 387474 743939 400075 606869 643912 360581 598785 340391 878836 628398 723211 420451 768296 307854 607150 992173 393188 519425
 645456 831727 387456 388606 722844 602949 943845 246735 345900 895961 610280 493766 207718 635676 415831 661096 690147 370257 734959 496665 287248 459243 744534 852041 483616 825968 648418 414245 734838 428135 324917 115694 897916 802215 421201 581934 1 132586 530060 938343 452759 752508 644830 438562 611323 220952 796397 62286 707065 562375 733842 665409 359694 387213 693677 658846 411400 475029 16316 726812 586191 930804 543817 408232 501457 375235 740854 345249 317296 239210 465108 444039 550680 541253 721718 900246 953549 581550 890467 245675 419602 421671 198138 199325 696454 379098 831987 979978 189184 828929
 544834 730101 285834 269388 608024 489658 816419 168144 242681 765988 486448 464864 181794 555856 362131 555171 590789 322606 608927 375307 155926 340363 637993 740963 424625 698196 516316 281995 603466 362811 251900 118747 789526 669781 346476 482191 132586 1 444038 808717 440224 626053 547779 393470 530088 111383 669207 76104 580270 447992 635997 546243 232138 273129 611854 583042 450674 384357 132084 597235 456534 801669 414462 404558 370154 320070 628965 355905 349864 279406 352146 400119 535696 459500 589368 768281 821467 448974 758489 177895 429201 329292 242784 190039 595221 248568 701865 878170 107407 696414
 136854 911792 582060 508582 262762 666170 544360 284410 553990 728253 594947 232330 613344 841009 734904 750232 172822 710766 659193 547060 351575 543412 812812 874240 119249 706990 413317 344314 573863 716761 205817 418034 929991 534800 686751 86468 530060 444038 1 568688 851931 377464 780287 175549 815856 333315 691629 504135 630086 165341 848622 250728 446950 204869 882439 874579 892120 61547 517830 605236 513274 771588 303544 306585 328438 698837 778325 789304 791408 723212 579168 780620 305319 757669 471525 681792 721186 412444 673347 284439 858405 634615 686790 354249 801841 313452 674282 1039775 345625 593903
 450290 728951 715011 645423 314777 604888 60022 731490 722681 348854 509293 800246 892888 821822 877299 659016 443796 884598 446009 578025 652950 611093 663521 644036 687890 403821 304662 531065 333071 841007 697091 861073 687323 189799 807458 482770 938343 808717 568688 1 1023051 197985 720151 740963 807788 723274 417340 884781 440315 424065 731426 319947 626597 570228 827754 851157 1145257 574339 933830 383254 450769 378885 394536 870461 440053 864058 614242 1027186 1061109 1023631 641272 917728 867569 791462 246280 264398 261767 382236 263658 745835 1069627 742799 1003408 840400 698348 560168 344831 789282 766605 227061
 920753 559602 313631 391737 937612 452988 1054056 603299 319883 820199 530009 905002 260007 318189 145754 450095 966209 147373 640034 445099 501077 412604 514136 625119 856941 731606 726999 555153 712532 182634 683867 538090 649090 839891 215666 864959 452759 440224 851931 1023051 1 891897 395898 831728 307571 533901 700821 422743 626447 796828 463697 864459 434782 650977 367631 319892 173025 790440 468202 675123 573202 837748 690241 840932 633192 164909 540848 119385 174523 234240 381829 108014 975427 270815 776905 866152 916662 649850 858126 615988 76033 280312 268188 622818 451581 560864 768495 688653 546205 831021
 272675 708372 578268 501293 148935 523810 191922 536595 576682 401840 426213 609780 729662 741769 748143 595045 279233 747027 414227 459287 472387 484099 624138 639650 495809 416088 174793 359585 296117 715198 499373 669142 691360 187990 680735 293560 752508 626053 377464 197985 891897 1 648728 546434 722955 533848 414761 701973 395566 226526 683335 126837 469123 375605 761020 774228 996058 378017 746764 345882 347203 443014 215641 674820 269151 727825 577413 878523 905696 860140 519406 792027 681033 691167 167428 334686 362802 245521 328243 550157 929124 615452 835865 644212 642421 380315 365435 801812 575027 253587
 789037 188366 261959 298029 748015 125762 764978 643592 305108 447920 222516 928438 457141 104004 283991 63644 826690 323736 281740 233234 484215 242093 119126 232706 839490 359419 475374 437241 387100 250098 695835 665798 265796 530791 238396 752431 644830 547779 780287 720151 395898 648728 1 843257 97439 573725 331825 586814 281040 657009 89015 676424 358772 588627 112383 131155 564177 727619 653971 337833 304633 457257 508819 910011 463531 306428 146529 468601 525652 540841 211941 296853 1011546 128639 493284 509639 554200 417290 503369 663495 467433 223166 550621 722920 57708 474993 407556 335777 614227 499818
 310184 996908 609455 549352 438266 742932 718914 228664 572917 869143 688940 85497 575181 886000 736838 825094 340341 703733 774524 616182 365527 601310 897021 973764 62675 835700 553155 416333 706163 727451 152920 323481 1028875 689765 702522 261618 438562 393470 175549 740963 831728 546434 843257 1 859789 300451 816131 432316 743969 322984 921200 421151 486452 263367 934490 917933 837448 170484 423589 729352 616463 912023 431092 131037 436741 696556 869462 748830 737772 662727 632060 779525 169568 794438 619487 832002 875294 533121 823010 215917 822539 662310 622753 240432 874855 372225 810835 1134570 286208 744462
 839344 254224 253165 311666 811357 203400 850259 647292 293894 545000 301097 943687 411246 26349 215466 160218 879484 260335 375954 278855 494540 273554 209361 317969 863042 456283 548198 472275 475863 189179 708458 648683 342029 617990 190233 797399 611323 530088 815856 807788 307571 722955 97439 859789 1 574470 428213 557472 372469 706515 156254 738154 374982 616290 82436 58792 479123 759788 622323 428432 375752 554695 564534 913758 514304 246946 242694 392122 451073 476598 236891 216857 1025034 70720 574290 605168 650588 483270 598631 666138 381566 202974 492138 714531 147225 503436 503237 391822 609767 591112
 434072 745379 321321 276703 502834 493572 725670 73918 281160 721747 468053 378922 283337 600808 436710 568690 479892 403311 580950 368467 99815 341618 648250 741902 323092 663140 444419 218747 554281 428945 150039 140440 793922 599987 405867 371200 220952 111383 333315 723274 533901 533848 573725 300451 574470 1 636517 178952 550642 342272 658369 444471 220838 166690 653180 631068 559349 273237 213742 557265 419960 760416 330650 339288 295421 396195 630927 459755 458529 389937 364138 479109 456241 506096 519193 712675 764364 386230 702866 91794 531172 372267 353956 157063 614205 174604 657778 890803 49490 634641
 642391 311684 445003 412322 551883 248003 470724 684973 474597 119407 191174 897903 665433 435528 564230 268261 666281 589082 64271 305654 537665 345947 251348 230108 788083 31607 283378 423804 122865 525315 700001 767867 278669 243225 498121 631187 796397 669207 691629 417340 700821 414761 331825 816131 428213 636517 1 734235 89453 531354 321748 496039 437261 559468 427866 459753 854579 658360 799309 86949 216566 141086 389461 920191 379878 567992 202778 743903 792717 782290 354874 593483 980720 435426 249628 178963 222400 283263 173536 705177 763737 445302 777266 791363 296051 471991 77481 387746 685819 190800
 611947 772902 327594 326410 680819 541594 892469 220542 285523 834316 547995 495760 166162 582326 369491 601120 657474 325437 672717 434423 231888 397123 684534 791251 471088 763867 591503 357173 673902 378075 303463 116457 837670 744385 368207 548739 62286 76104 504135 884781 422743 701973 586814 432316 557472 178952 734235 1 644880 520387 675796 620392 297796 344834 639905 606791 405387 446310 67888 665092 524555 868924 490564 420924 445942 327896 679845 324097 306441 230510 403618 401476 559615 486974 664176 839763 893192 523072 830002 224561 399065 363983 190442 203390 637545 324615 770408 921244 158579 769496
 595289 313040 358393 323039 519720 176260 487454 601654 386514 200431 103654 827204 577524 384137 486249 218979 623854 508006 30919 216915 451271 257387 230385 251608 720054 119875 239132 341607 108247 447369 621451 680278 306379 252330 418384 576648 707065 580270 630086 440315 626447 395566 281040 743969 372469 550642 89453 644880 1 475664 294254 456697 348192 483462 387447 412175 775012 591942 710095 57066 132004 228303 326756 843119 307899 486751 182487 662362 709463 696095 268477 518484 910810 368232 229257 239895 290281 217687 232120 622057 686304 362421 689877 706413 258542 389939 142990 418121 599731 218896
 132829 770368 498065 418382 160563 535852 410191 326960 480009 563254 454217 392310 587845 730096 664753 618858 174220 649975 503553 428378 311530 434767 673526 724598 277269 545025 249855 245514 411525 639659 277647 465655 780142 370427 606663 101017 562375 447992 165341 424065 796828 226526 657009 322984 706515 342272 531354 520387 475664 1 716674 109207 364723 175632 764948 764075 867876 152801 553888 445950 368844 606596 152452 449475 193551 634362 635100 755637 770179 711943 472562 711100 469010 656178 306198 516663 556843 259652 508154 337282 817546 546853 681014 428068 670566 236381 510175 891240 375153 428742
 846875 101224 350351 381732 794276 182469 780625 727078 393457 428282 265612 1006629 545057 147342 364762 98424 882190 406807 285445 305604 566605 321073 71054 164023 914183 344439 514851 509499 402304 333260 776029 753732 185900 545757 324680 814653 733842 635997 848622 731426 463697 683335 89015 921200 156254 658369 321748 675796 294254 716674 1 725070 440644 662886 114571 157466 635372 798330 742979 350365 351970 429242 565428 992598 525002 390631 118973 546286 604582 624532 294468 371677 1090240 208848 520582 499725 538595 466171 494881 747210 537820 312174 636173 809233 46825 550117 399190 247182 699989 505436
 152632 765627 555545 475251 74234 551195 302138 434594 544580 505769 459631 483058 673226 759818 726133 630303 170495 717154 480919 461071 401017 476389 673638 708094 369347 503852 217582 310443 373178 697273 386819 572223 762359 297937 663187 166826 665409 546243 250728 319947 864459 126837 676424 421151 738154 444471 496039 620392 456697 109207 725070 1 430030 278661 787812 793481 949625 254795 657738 416330 373686 548518 177465 550517 233374 699808 630607 834609 854331 800732 514069 771887 554276 695689 250567 447521 481298 259606 440018 445655 892260 599974 772179 537077 680791 315687 460348 874119 480324 361606
 492955 525170 135955 63317 502915 272734 646576 286911 115531 536676 255263 571145 266459 400957 300039 348759 537216 287410 376790 148598 125980 120998 427558 521730 488062 466514 322096 120470 378505 275649 337322 336648 573316 464598 243424 441866 359694 232138 446950 626597 434782 469123 358772 486452 374982 220838 437261 297796 348192 364723 440644 430030 1 243483 448158 433598 526982 388534 362140 367385 227069 571133 258498 551960 201848 270693 410398 409665 437233 397063 146844 346379 653676 312691 387907 545673 599452 245609 536013 307249 463346 187851 378235 376478 395551 134685 472890 670075 266192 480620
 276814 735185 377697 306037 336175 482441 567124 161267 349122 623939 425577 348362 423241 641902 530563 565590 323119 507842 514257 357347 150297 347435 635248 710399 251303 581249 317853 154059 456561 511919 143244 294783 765527 469357 481899 216760 387213 273129 204869 570228 650977 375605 588627 263367 616290 166690 559468 344834 483462 175632 662886 278661 243483 1 686139 675074 704476 145272 379197 473622 354165 665695 193147 360737 181083 495176 606500 596256 605006 542707 381324 576457 432602 555800 391139 598750 646946 280405 589209 176014 662481 430498 509916 271047 616199 113756 562621 871534 201875 514354
 897447 196054 332215 385140 859739 238035 874045 725450 373843 538705 334829 1018933 492818 58420 293158 169168 935956 339084 384293 337460 570368 339319 183256 275612 935129 452744 587755 538142 495011 269714 784195 730530 288140 639193 272504 858790 693677 611854 882439 827754 367631 761020 112383 934490 82436 653180 427866 639905 387447 764948 114571 787812 448158 686139 1 48031 540655 827934 704730 444513 416863 541963 618488 992307 571456 326991 227548 462544 522184 553019 304827 288146 1100944 153032 604590 606815 648041 529095 601338 744599 443404 283546 570591 795319 131868 572530 505130 321380 689685 604699
 896893 243651 310102 370288 866348 251090 895509 704175 350006 573416 349370 1001663 455346 33980 251711 193787 936697 298229 412133 335893 552526 331978 222681 320739 921653 486063 599790 530873 518154 231584 766356 701276 335466 661668 238660 855536 658846 583042 874579 851157 319892 774228 131155 917933 58792 631068 459753 606791 412175 764075 157466 793481 433598 675074 48031 1 492894 818570 670473 468987 427473 579133 620922 970267 571439 287663 263717 416575 476328 509575 295513 243168 1082781 125036 622098 638430 681499 537028 632484 722826 395750 258864 528644 769054 165759 562224 536361 368826 665370 630890
 981223 732173 432107 500003 1019809 607503 1170191 618191 422791 973152 674142 900528 281244 490799 290739 615048 1027514 267593 791876 576081 557252 538770 683158 795425 873737 885924 842161 641386 851860 329518 702191 518724 821108 969382 356751 920950 411400 450674 892120 1145257 173025 996058 564177 837448 479123 559349 854579 405387 775012 867876 635372 949625 526982 704476 540655 492894 1 831341 427690 819489 704037 994038 784366 819457 728320 288910 706871 118124 100853 174925 514500 267840 961244 436524 900096 1012134 1064200 764042 1003582 625847 97612 414281 215547 606096 620850 634673 918001 861592 556202 968508
 174893 864928 522969 450760 283217 616217 556108 228343 493970 703744 549478 243800 552155 785179 674119 700164 217230 649525 621771 494610 290330 488615 765406 831682 130388 675795 387064 290416 544042 656531 154682 365182 887364 519820 626867 113011 475029 384357 61547 574339 790440 378017 727619 170484 759788 273237 658360 446310 591942 152801 798330 254795 388534 145272 827934 818570 831341 1 463433 571454 470359 746894 269113 296901 285429 637778 732805 727988 730702 663130 523671 719731 324169 700360 450991 663330 705717 375823 654478 230606 796935 575758 627120 307721 751506 256393 647126 996074 288312 575555
 634670 840401 395348 393412 714197 609395 938342 235437 353372 897595 614237 478020 221211 646863 428829 668929 679132 383526 738279 501180 284556 464289 752352 859136 469329 828653 645881 412107 735512 440231 312325 101585 905529 800165 432404 571146 16316 132084 517830 933830 468202 746764 653971 423589 622323 213742 799309 67888 710095 553888 742979 657738 362140 379197 704730 670473 427690 463433 1 728635 587932 932890 539456 392000 498282 387964 747714 361245 333598 255513 471385 457817 534532 552069 719523 900345 953502 580104 890551 233409 435672 430929 214433 183910 705060 375638 833527 988719 179414 828069
 559846 363440 395669 351176 475898 229531 430658 602763 419844 169324 145614 810998 610237 440653 532966 275988 585647 551912 68581 250257 459582 290647 285123 294550 701140 107855 200340 341599 52184 494311 614853 691295 347519 195561 464036 546233 726812 597235 605236 383254 675123 345882 337833 729352 428432 557265 86949 665092 57066 445950 350365 416330 367385 473622 444513 468987 819489 571454 728635 1 140712 204572 302653 834335 293451 530595 236492 705210 750213 732387 307303 567130 893780 421335 178477 192676 245235 196354 184095 622758 732742 405327 723602 710576 315417 389413 105912 458960 606734 162705
 496642 401565 272417 216536 444166 178872 485592 469730 289793 309773 86447 700566 477155 394761 427614 256617 530721 438477 162840 128673 321150 165331 304907 361394 596045 243688 172470 209672 154263 390735 490336 551923 417113 266924 357572 468876 586191 456534 513274 450769 573202 347203 304633 616463 375752 419960 216566 524555 132004 368844 351970 373686 227069 354165 416863 427473 704037 470359 587932 140712 1 345167 216399 712425 185184 417460 266503 587128 627551 602824 191725 467195 784566 346784 206070 321713 375579 114253 312257 490105 623155 293723 590961 575086 307230 257992 245865 526513 469253 265840
 700796 390498 585897 550596 590823 386569 438214 803003 614790 43343 331535 990339 805777 558555 703372 395249 716701 729390 205304 445183 663484 485682 358870 295943 877163 109502 359843 543030 209407 664535 808682 895477 327142 255034 638101 701484 930804 801669 771588 378885 837748 443014 457257 912023 554695 760416 141086 868924 228303 606596 429242 548518 571133 665695 541963 579133 994038 746894 932890 204572 345167 1 481117 1024116 484882 708375 315419 884242 933532 923318 495784 731075 1070976 569478 301416 116176 125414 385502 119435 822639 902246 586195 917935 912221 413419 590092 103441 418698 809905 189445
 281459 617918 379199 299243 251697 385824 402909 348738 370830 438398 301951 510645 514648 587043 550163 468061 317917 543345 355682 285964 259084 299249 521166 573445 399219 406701 125372 144319 275460 520499 334956 470221 629109 276466 486291 252779 543817 414462 303544 394536 690241 215641 508819 431092 564534 330650 389461 490564 326756 152452 565428 177465 258498 193147 618488 620922 784366 269113 539456 302653 216399 481117 1 544184 57057 525337 482676 667607 692179 644871 337047 595637 592568 519486 198006 407089 454355 109094 397677 365716 721733 422731 620244 460564 519615 166291 379750 739854 375996 321722
