NAME : domp80p26v3
COMMENT : Cherkesly, Contardo & Gruson 2022
TYPE : DOMP
DIMENSION : 80
DISPLAY_DATA_TYPE : NO_DISPLAY
OPEN_FACILITIES : 26
COST_SECTION
 1 983771 802602 979391 954166 900434 413043 290139 623021 516063 515929 872893 838063 685541 852657 760749 791662 220614 332790 774686 847877 1179254 576758 45326 400805 720495 293325 603330 648805 964875 812100 880050 93570 673139 1260826 796773 176059 316911 88610 828875 1040777 937206 877077 667202 327010 1044392 720429 418104 1176946 417605 709089 440554 997604 499911 1103747 658935 383391 472997 973688 516408 1041265 771300 138696 912509 561893 186298 788181 81410 284037 866860 795479 359175 485166 1179535 981257 876900 544700 995401 681299 972786
 983771 1 343706 59912 435931 168425 611968 747285 576251 520505 619026 644969 693363 706382 390442 231632 578795 766329 692503 948155 487318 466241 407048 939087 682655 800998 775645 621867 587544 177034 210432 553583 946676 546484 424513 897508 821057 668687 895193 477653 483896 410359 401147 825404 957631 640067 269654 852760 403873 579007 773075 707042 686304 707522 514006 595329 713731 768941 834116 488218 620893 542013 959688 740400 836634 987474 472429 903995 818719 167843 514291 704732 537929 346774 752081 339785 796383 202759 944198 228066
 802602 343706 1 296525 684796 177570 546417 521116 648387 286588 632620 827533 854796 803616 79127 205250 735693 586912 471888 1044188 680572 786704 314524 763015 637772 901066 689965 684683 673970 473579 156621 752678 796691 645899 765947 1010395 626619 500681 718559 145388 758335 655799 618777 901644 891301 886994 214489 828371 733778 393508 872429 689481 908446 720208 804173 686968 665576 769908 1020434 441632 870313 692772 826123 922332 870571 868571 636834 722053 736084 178281 679289 459664 497289 685035 956400 75959 826880 510427 1007829 520066
 979391 59912 296525 1 491745 118959 622506 731825 608885 498929 643034 694742 740824 744953 337022 218866 624376 759898 677285 988722 536710 525756 404660 935267 698218 840985 785872 653896 622669 234931 180287 604581 947701 582850 479085 940058 812567 662659 890841 425064 542418 465517 452557 862161 973261 696957 259050 874200 462500 567766 812691 727582 740989 732995 573549 631413 729305 793429 885607 498157 677927 586164 963773 790829 867128 994395 517376 898746 830065 129525 560078 685002 550672 403451 805186 285172 825895 262158 980113 286277
 954166 435931 684796 491745 1 557894 545085 828166 345829 687744 446805 239147 301417 388168 756454 482702 223174 782439 781639 588243 121489 233121 506712 910801 558370 457643 670759 381292 330549 260256 530416 148314 882507 293815 354845 526588 842321 701816 876458 829673 90608 29020 82923 504970 784332 206823 487342 649356 257344 668344 436007 538263 251431 499251 153057 326899 581783 555767 409473 472596 188566 213169 871624 324059 564607 875300 169677 890457 697633 530209 178985 821155 481363 299541 321624 718099 538188 244427 618665 211746
 900434 168425 177570 118959 557894 1 574454 638730 607250 400703 621476 736048 774409 754522 222487 155774 654720 679825 585132 1000198 580099 626334 340903 857531 658148 852658 734028 649726 626473 318830 89880 651372 877709 590687 592857 957289 728745 584624 812652 309288 620644 529754 504548 865456 929330 764594 193084 843043 568039 483274 823814 696920 798671 712586 659356 637275 688646 769843 930150 452942 746459 613520 898819 832874 855612 934118 548820 819085 779671 40268 592552 586652 508950 514194 856207 173165 812756 352559 979962 368995
 413043 611968 546417 622506 545085 574454 1 317959 241063 320657 147263 505550 489829 362374 619241 419118 411050 243216 287827 557247 446290 766923 237815 368573 92283 439399 163711 242315 272715 561825 486261 489673 352014 282930 848830 545405 301283 183885 332138 638572 633597 526499 466005 413345 354885 659496 381464 282390 763996 220683 415901 152534 627909 202609 696785 286240 119161 235682 652336 124355 653001 381402 354746 569855 348561 377001 384154 345783 207563 535210 399130 340889 76199 768610 631776 619862 307210 589549 495714 564451
 290139 747285 521116 731825 828166 638730 317959 1 557804 239340 464204 821629 807777 676980 565789 515968 724956 117542 54787 846595 745657 1030234 355381 256842 373265 745924 328712 560050 589920 767866 554862 797482 311435 596122 1082939 846066 120388 134443 216628 538833 918762 805061 745444 710144 493311 967592 477659 508228 1011221 172857 725040 438639 942322 501001 980948 603704 378818 510145 969550 355721 959206 692014 354709 887812 624708 407517 682630 214902 359730 609536 705048 69699 357007 997592 949381 593532 590448 803199 769635 788220
 623021 576251 648387 608885 345829 607250 241063 557804 1 506797 107133 264495 252321 155808 727385 463527 171818 481992 523583 396902 229612 578710 351178 581881 222259 252689 331847 45945 32695 460822 534651 257156 544723 52171 688083 362342 538019 423362 552607 771762 425856 335541 281061 258358 440990 423898 439461 309801 593971 435407 224108 192914 387337 155915 487514 47218 241249 216139 420126 241197 419397 148284 529396 332271 261192 530176 176489 567687 354273 567752 174145 574117 209892 618327 391820 710588 222766 475272 373205 441945
 516063 520505 286588 498929 687744 400703 320657 239340 506797 1 448378 747080 752576 655658 340994 290188 646836 301101 187348 872307 633413 860191 181544 476469 410304 744100 432258 528452 538540 569847 319452 697817 512425 526981 889211 853564 340160 220305 432088 335050 776036 660900 606545 726847 631137 860299 255827 593526 828706 116065 717894 473158 854861 520690 834313 553179 432160 556233 923254 265601 847972 606584 544652 830295 668962 589970 574270 435465 476556 373374 607907 186383 304594 803105 881218 361296 627106 607536 815578 599577
 515929 619026 632620 643034 446805 621476 147263 464204 107133 448378 1 366354 345007 215510 709959 468691 277732 380403 435086 424843 334215 678207 319902 474751 115135 296974 225552 96406 134574 527841 540334 364283 438441 157535 779832 405576 434767 330729 445769 743057 529684 433824 376354 279179 354069 530451 437666 235112 688080 360770 271939 96010 490655 91119 591953 146314 135404 150396 505402 194243 526316 255382 425026 424703 238301 429278 277419 460929 250851 581214 280173 487979 144755 706085 488334 700919 194633 547867 376659 517086
 872893 644969 827533 694742 239147 736048 505550 821629 264495 747080 366354 1 65779 203019 905127 623886 100326 745840 785669 354014 158046 434082 573553 834227 477959 238633 579760 271989 233252 479804 686321 93807 788346 226731 577013 290323 800999 687254 808741 965487 268562 253532 244640 295961 636679 180926 613952 499007 480144 690708 224218 432341 124905 374682 312812 220411 490754 414502 194367 487931 184477 141033 764876 96848 380726 754422 190799 824223 592274 701742 148350 834765 468372 533256 134256 876171 368074 472786 397772 437494
 838063 693363 854796 740824 301417 774409 489829 807777 252321 752576 345007 65779 1 154929 933263 653880 120096 724887 775284 288698 207828 499835 585172 801077 451096 174892 546757 248602 219642 533172 719145 153406 750995 225596 642617 225629 777883 673536 778300 989377 334316 313542 297501 234144 586811 237418 640317 450505 545618 687166 163132 399366 168067 338232 378161 205299 460225 370963 170946 488645 243805 162507 724418 80102 324751 710318 225749 793989 554863 738653 182097 826262 461931 597739 144386 907291 316744 528913 332618 493200
 685541 706382 803616 744953 388168 754522 362374 676980 155808 655658 215510 203019 154929 1 882680 615438 165151 585530 650018 245694 269305 612222 506207 649647 308597 98376 396557 127210 129958 569471 685773 252622 597382 163912 742915 206780 635552 544738 628912 927558 446443 389547 350983 122028 433941 383942 593261 296675 645247 574818 69474 250975 321532 187673 500113 117809 313293 216123 295351 391554 386864 181500 569814 226975 181166 555416 247515 644708 401675 715732 216445 703262 352212 685256 295989 864757 165106 575640 241263 540038
 852657 390442 79127 337022 756454 222487 619241 565789 727385 340994 709959 905127 933263 882680 1 281557 813968 641569 519904 1122975 756858 846396 390781 814836 711122 980073 758267 763438 753066 535165 226046 829052 853355 725011 814914 1089460 676856 560131 771018 88503 827377 727545 692755 980185 959681 960195 293150 901609 789873 453474 951454 764461 983960 796879 870994 766081 738280 845523 1098369 517895 943171 771087 885388 1000233 947561 929794 714342 773262 804136 235087 757019 500580 572995 736674 1033277 53579 903892 570751 1085710 583483
 760749 231632 205250 218866 482702 155774 419118 515968 463527 290188 468691 623886 653880 615438 281557 1 534078 541063 461213 859931 475464 606626 189003 716768 502374 713778 579683 503947 485714 297482 71836 547620 731278 453405 611968 821111 593783 443909 672248 348203 559862 453691 414279 721452 773900 682856 40400 687628 563031 349432 684889 541784 703197 559616 609285 497642 532882 615829 817498 297186 666496 491393 749559 719346 704874 782775 433095 679994 625084 116147 476011 473286 353183 526711 751722 253456 661638 336006 833440 337040
 791662 578795 735693 624376 223174 654720 411050 724956 171818 646836 277732 100326 120096 165151 813968 534078 1 653257 687686 378354 106735 448183 474088 751412 392106 238756 498738 188885 143273 425223 599077 93335 710472 128837 577797 322139 709676 590848 723390 871466 283629 226046 194155 282410 579424 252910 521319 441654 480107 591015 215022 353728 217372 302120 340062 132729 408311 350931 285619 387824 249716 42981 691112 188170 343747 685966 107116 738603 516253 618745 64509 736103 369895 521352 234384 787420 320810 425577 398042 389571
 220614 766329 586912 759898 782439 679825 243216 117542 481992 301101 380403 745840 724887 585530 641569 541063 653257 1 133237 739098 688357 997212 359753 178060 277001 646829 215456 476575 512640 759590 591513 732888 212470 525777 1065319 742895 60292 97645 133136 626837 872118 761951 701372 606653 376162 902661 500851 393835 986633 197362 627925 338639 869300 402579 935187 525460 276525 403820 880662 318049 896215 624520 249231 804159 516125 299203 625768 139322 243403 646301 642214 179212 301076 981810 868616 662099 484345 792222 658794 772574
 332790 692503 471888 677285 781639 585132 287827 54787 523583 187348 435086 785669 775284 650018 519904 461213 687686 133237 1 831266 702898 980291 301895 295931 353353 723709 325326 529555 556075 714496 500715 757054 342441 559156 1030350 826652 157395 106991 253089 498330 872231 757919 698758 691667 504100 926710 422874 504003 959755 119499 701501 420043 904712 480329 934042 570195 363161 495871 939702 310685 917645 653220 381740 855379 611697 432338 640039 254049 361403 555472 664413 55225 317882 944841 915278 545303 575181 750086 758466 735730
 774686 948155 1044188 988722 588243 1000198 557247 846595 396902 872307 424843 354014 288698 245694 1122975 859931 378354 739098 831266 1 483238 786272 739106 749300 478639 147956 525522 359545 374422 802518 930660 440034 681116 409597 930925 65916 777423 724515 742246 1163250 622122 597728 572273 145665 459569 503346 836362 359128 834155 777917 176610 411700 421051 354791 662327 363074 468474 336451 285404 617143 515025 409322 639688 299471 223119 605590 479239 757681 508900 961350 440881 886417 569597 886130 353799 1107372 256300 803916 97665 767912
 847877 487318 680572 536710 121489 580099 446290 745657 229612 633413 334215 158046 207828 269305 756858 475464 106735 688357 702898 483238 1 353311 453150 805509 448233 345406 559715 262036 211313 325380 534620 72228 772510 177542 475440 425043 747239 614683 773415 821598 196300 120247 90054 388531 664443 227212 469907 528741 378292 595969 321734 422451 229285 380135 257954 206586 469582 435431 350612 392779 216048 91685 758720 254445 443678 759635 63054 787952 583760 546765 57774 746879 390231 415954 277284 725148 416737 322361 504722 286447
 1179254 466241 786704 525756 233121 626334 766923 1030234 578710 860191 678207 434082 499835 612222 846396 606626 448183 997212 980291 786272 353311 1 686856 1135180 787978 670131 900465 614379 563621 313337 631933 360384 1110853 526797 152532 721275 1057494 910775 1098989 929776 166769 244419 303146 723208 1017366 301812 624924 882030 75932 862504 652028 770721 382607 732367 126333 559687 812476 788607 553956 680416 284683 444368 1102056 493812 791923 1107339 402270 1112424 928949 611575 411084 1013961 698383 152107 461447 799210 767981 276290 830888 269689
 576758 407048 314524 404660 506712 340903 237815 355381 351178 181544 319902 573553 585172 506207 390781 189003 474088 359753 301895 739106 453150 686856 1 532155 326662 600744 393770 381522 380594 412602 251385 519007 543117 361567 729086 711165 415702 262169 488167 424275 595501 480172 425193 594447 591373 679566 149100 516581 661152 182547 572865 375445 677081 406106 654510 394778 355795 455422 755989 127154 666929 432522 560593 660667 556896 593971 395195 496967 439678 302934 430710 329032 182868 643377 707738 385564 513253 448287 696449 434880
 45326 939087 763015 935267 910801 857531 368573 256842 581881 476469 474751 834227 801077 649647 814836 716768 751412 178060 295931 749300 805509 1135180 532155 1 359668 688591 254624 563635 608295 919556 768927 839034 76856 631548 1215869 768429 138587 273265 44928 793857 997779 893520 833293 636970 311633 1004296 676415 390672 1132273 375420 675996 402282 959077 462914 1060815 618766 343702 439466 939957 471110 1000774 730070 127635 876413 533072 180988 745427 42034 249874 823599 753632 326495 440254 1134454 944760 837718 513384 950114 657570 927573
 400805 682655 637772 698218 558370 658148 92283 373265 222259 410304 115135 477959 451096 308597 711122 502374 392106 277001 353353 478639 448233 787978 326662 359668 1 372698 112497 205978 248850 614016 571282 479386 324472 272427 883195 473591 327455 246377 331422 730799 642845 543764 484943 338329 275184 645001 466134 190601 793707 305095 352307 66943 602757 127745 705436 259759 31108 147419 603866 205301 641188 370517 314245 529476 262843 324303 389985 346739 144711 618392 394940 408329 149285 806615 595430 710749 223681 638069 410709 609778
 720495 800998 901066 840985 457643 852658 439399 745924 252689 744100 296974 238633 174892 98376 980073 713778 238756 646829 723709 147956 345406 670131 600744 688591 372698 1 443672 219257 228145 658572 784147 312352 628800 261973 808578 110447 692335 617015 673414 1023519 503471 463595 432348 62714 436401 410863 691334 308303 710861 657330 28902 308391 336013 245057 550930 216178 370308 250141 256849 482734 418268 265490 594844 220192 167122 571797 334756 689251 439004 813954 298562 778062 439507 757181 288314 962765 175911 661977 161370 626061
 293325 775645 689965 785872 670759 734028 163711 328712 331847 432258 225552 579760 546757 396557 758267 579683 498738 215456 325326 525522 559715 900465 393770 254624 112497 443672 1 310126 356338 719340 644909 588040 212919 382979 994479 533464 252105 227103 232385 765583 754839 656260 597407 397926 201442 751263 541071 179611 905620 317134 428119 147661 704563 209039 817287 366042 90671 194368 689519 287914 748444 479882 201981 622739 302450 215940 502107 248198 46244 695351 505630 379405 238337 917088 690696 765187 273698 745012 443499 717846
 603330 621867 684683 653896 381292 649726 242315 560050 45945 528452 96406 271989 248602 127210 763438 503947 188885 476575 529555 359545 262036 614379 381522 563635 205978 219257 310126 1 50775 506377 575428 279799 521590 90376 727921 329701 530376 426186 537052 804756 457770 373139 320832 217817 403073 441140 478311 269241 632912 449249 191596 164959 396781 118110 518286 57000 219999 175298 410156 264573 438544 174501 502733 328320 215272 499689 214004 552469 327630 610016 204735 581751 225375 659802 392047 748529 176914 520268 330246 486668
 648805 587544 673970 622669 330549 626473 272715 589920 32695 538540 134574 233252 219642 129958 753066 485714 143273 512640 556075 374422 211313 563621 380594 608295 248850 228145 356338 50775 1 464092 556275 231775 568734 43188 677999 336562 568140 455485 580120 799329 407194 322699 271202 240046 453789 396152 463305 319503 582699 468057 199285 213494 356813 168873 467921 14669 265718 225630 387520 272982 392502 124732 551365 299615 255686 549576 163809 595343 376088 587359 154137 606727 242564 610778 359515 734806 220427 476023 357446 441810
 964875 177034 473579 234931 260256 318830 561825 767866 460822 569847 527841 479804 533172 569471 535165 297482 425223 759590 714496 802518 325380 313337 412602 919556 614016 658572 719340 506377 464092 1 318607 386534 912674 420990 319372 747361 818573 664772 878339 617253 307583 235862 235793 691295 880742 463164 320802 761382 265610 595111 632066 622613 511526 608456 341469 468710 643808 670881 664262 448638 443938 393385 916395 573083 719709 935278 323818 889563 757751 300117 361756 739464 485825 233260 579593 489751 683105 38536 810703 51446
 812100 210432 156621 180287 530416 89880 486261 554862 534651 319452 540334 686321 719145 685773 226046 71836 599077 591513 500715 930660 534620 631933 251385 768927 571282 784147 644909 575428 556275 318607 1 606811 788104 523102 620031 890950 641430 495781 724097 301888 602275 501502 467456 792773 841088 734333 105149 757753 581493 395710 755246 612325 759937 631193 647590 567971 601540 687065 880524 366006 717216 556737 808964 782477 776692 844267 496024 730832 690672 54974 539427 505799 422458 536942 811834 190573 733439 356069 905104 364066
 880050 553583 752678 604581 148314 651372 489673 797482 257156 697817 364283 93807 153406 252622 829052 547620 93335 732888 757054 440034 72228 360384 519007 839034 479386 312352 588040 279799 231775 386534 606811 1 800508 208491 496242 378284 790589 664643 809503 893436 194014 160398 152448 363238 672735 170254 541587 534914 398511 653959 292565 444672 158931 394776 248006 222897 497383 444253 281071 449576 163378 109238 782529 186963 433411 778531 123818 824490 607378 618433 92657 803021 440477 446560 205236 797351 412630 378996 473721 343749
 93570 946676 796691 947701 882507 877709 352014 311435 544723 512425 438441 788346 750995 597382 853355 731278 710472 212470 342441 681116 772510 1110853 543117 76856 324472 628800 212919 521590 568734 912674 788104 800508 1 595897 1199613 703557 191330 296846 98765 839145 967316 867166 807743 574688 236146 962348 690951 324897 1112929 403595 618214 357034 912625 413865 1029895 578008 303476 383016 883049 465766 960117 692638 50912 824221 468933 105098 714443 107114 196267 842011 718548 380489 427300 1120179 893370 872287 452891 941202 587802 916447
 673139 546484 645899 582850 293815 590687 282930 596122 52171 526981 157535 226731 225596 163912 725011 453405 128837 525777 559156 409597 177542 526797 361567 631548 272427 261973 382979 90376 43188 420990 523102 208491 595897 1 637859 367849 582882 462019 601286 774607 373732 284071 230681 279339 491915 377213 433231 359277 543200 464615 233129 245079 346208 206483 435486 48868 292546 265344 396364 263586 371646 99295 581255 303725 298855 582344 124802 616199 406231 552005 122654 608039 241647 569427 358392 704569 263506 432843 397759 398665
 1260826 424513 765947 479085 354845 592857 848830 1082939 688083 889211 779832 577013 642617 742915 814914 611968 577797 1065319 1030350 930925 475440 152532 729086 1215869 883195 808578 994479 727921 677999 319372 620031 496242 1199613 637859 1 866666 1125239 973389 1176912 902139 309001 356671 407184 858502 1128934 454089 638487 997113 97820 910867 788503 875093 534167 843963 277822 676390 910124 903166 705885 748063 436672 566798 1196175 642744 919116 1207003 514222 1189292 1027224 587765 531927 1057466 775665 86118 613168 763864 891529 281940 969941 294737
 796773 897508 1010395 940058 526588 957289 545405 846066 362342 853564 405576 290323 225629 206780 1089460 821111 322139 742895 826652 65916 425043 721275 711165 768429 473591 110447 533464 329701 336562 747361 890950 378284 703557 367849 866666 1 785090 719679 757661 1133727 557705 537274 514757 136248 491750 437433 799730 378677 770168 764754 138427 407505 355194 346330 596993 323927 467617 339696 224479 592996 449132 355934 665005 233561 235370 635101 425910 773347 522332 919050 385872 881420 549036 823338 288748 1071265 259767 747032 144701 711045
 176059 821057 626619 812567 842321 728745 301283 120388 538019 340160 434767 800999 777883 635552 676856 593783 709676 60292 157395 777423 747239 1057494 415702 138587 327455 692335 252105 530376 568140 818573 641430 790589 191330 582882 1125239 785090 1 154311 96619 655309 931883 821994 761400 649182 387821 960049 553833 424773 1046831 245728 674747 385958 924949 450139 994983 580635 323301 445437 930896 378265 953965 681905 235960 856677 554458 289679 684801 96658 271870 696379 700384 189880 361003 1041588 922003 700847 525415 851501 693579 832222
 316911 668687 500681 662659 701816 584624 183885 134443 423362 220305 330729 687254 673536 544738 560131 443909 590848 97645 106991 724515 614683 910775 262169 273265 246377 617015 227103 426186 455485 664772 495781 664643 296846 462019 973389 719679 154311 1 228544 554235 792185 679866 619640 584681 417773 834877 403627 402697 896875 107180 595076 313113 808216 373367 854871 469290 256872 389616 836092 230601 826950 558451 325605 753599 505608 369803 551639 236090 267351 550389 572458 161971 224614 889236 814963 576491 468585 698079 652771 679591
 88610 895193 718559 890841 876458 812652 332138 216628 552607 432088 445769 808741 778300 628912 771018 672248 723390 133136 253089 742246 773415 1098989 488167 44928 331422 673414 232385 537052 580120 878339 724097 809503 98765 601286 1176912 757661 96619 228544 1 751395 964190 858434 798012 624223 319428 976206 631914 383278 1094356 330497 659224 378985 933636 441305 1027328 591177 318391 423293 921671 430464 972002 700305 147496 854837 522689 202330 712600 15855 235435 778792 722649 286276 401988 1094979 922479 793381 499806 909363 652837 887425
 828875 477653 145388 425064 829673 309288 638572 538833 771762 335050 743057 965487 989377 927558 88503 348203 871466 626837 498330 1163250 821598 929776 424275 793857 730799 1023519 765583 804756 799329 617253 301888 893436 839145 774607 902139 1133727 655309 554235 751395 1 903701 800661 762479 1018718 965589 1031014 352009 919499 874884 451085 995302 788418 1050294 826530 949476 812935 755983 870985 1157003 548844 1014550 828489 875026 1059164 977699 922356 775444 751854 810501 318487 817164 470508 601256 823173 1095929 141844 934335 653588 1119624 664476
 1040777 483896 758335 542418 90608 620644 633597 918762 425856 776036 529684 268562 334316 446443 827377 559862 283629 872118 872231 622122 196300 166769 595501 997779 642845 503471 754839 457770 407194 307583 602275 194014 967316 373732 309001 557705 931883 792185 964190 903701 1 115431 173478 556470 858902 166669 567899 722197 213184 758745 485260 618735 235622 575717 63189 401643 665075 629621 406434 563161 146954 284276 954591 335465 626828 955934 252910 978365 779812 596360 253058 911577 571102 273354 313763 786317 604380 282242 664381 256167
 937206 410359 655799 465517 29020 529754 526499 805061 335541 660900 433824 253532 313542 389547 727545 453691 226046 761951 757919 597728 120247 244419 480172 893520 543764 463595 656260 373139 322699 235862 501502 160398 867166 284071 356671 537274 821994 679866 858434 800661 115431 1 60621 508401 775912 234845 458496 642198 260363 643792 440787 526733 275994 490473 176177 320290 568076 548326 430120 449941 216850 210582 857721 342054 563100 863030 159299 872237 684533 501722 175507 796638 461046 295709 343977 689360 534888 222628 623826 188776
 877077 401147 618777 452557 82923 504548 466005 745444 281061 606545 376354 244640 297501 350983 692755 414279 194155 701372 698758 572273 90054 303146 425193 833293 484943 432348 597407 320832 271202 235793 467456 152448 807743 230681 407184 514757 761400 619640 798012 762479 173478 60621 1 472185 722048 268682 414989 589953 312976 585446 407609 470280 294210 436854 235518 270435 509824 496013 433153 390014 252726 169487 799127 339357 518577 805582 108100 811771 626597 473551 134742 738248 400437 340013 353474 657421 487923 232371 589933 196430
 667202 825404 901644 862161 504970 865456 413345 710144 258358 726847 279179 295961 234144 122028 980185 721452 282410 606653 691667 145665 388531 723208 594447 636970 338329 62714 397926 217817 240046 691295 792773 363238 574688 279339 858502 136248 649182 584681 624223 1018718 556470 508401 472185 1 375816 471289 696128 251230 760683 633771 71818 271868 397767 211940 606232 230763 331499 203759 316745 471738 477943 302822 538829 282844 107484 513499 369509 639988 388833 826042 337450 746592 423932 803739 351023 966180 124571 697667 119483 662058
 327010 957631 891301 973261 784332 929330 354885 493311 440990 631137 354069 636679 586811 433941 959681 773900 579424 376162 504100 459569 664443 1017366 591373 311633 275184 436401 201442 403073 453789 880742 841088 672735 236146 491915 1128934 491750 387821 417773 319428 965589 858902 775912 722048 375816 1 817420 736348 138135 1034949 515234 433477 258379 754711 285444 918010 457858 244076 229284 692548 477421 819379 574653 188316 650365 269289 147017 616616 332590 155580 890026 606774 554340 423016 1057773 720138 966418 270090 901730 362972 871147
 1044392 640067 886994 696957 206823 764594 659496 967592 423898 860299 530451 180926 237418 383942 960195 682856 252910 902661 926710 503346 227212 301812 679566 1004296 645001 410863 751263 441140 396152 463164 734333 170254 962348 377213 454089 437433 960049 834877 976206 1031014 166669 234845 268682 471289 817420 1 683359 679595 365387 822061 400541 605315 83544 550708 176624 385537 661001 593785 252431 618067 19765 278163 941269 203881 560784 933029 288418 991380 767203 736374 262545 972052 610618 433178 160637 923253 548996 442306 563350 412752
 720429 269654 214489 259050 487342 193084 381464 477659 439461 255827 437666 613952 640317 593261 293150 40400 521319 500851 422874 836362 469907 624924 149100 676415 466134 691334 541071 478311 463305 320802 105149 541587 690951 433231 638487 799730 553833 403627 631914 352009 567899 458496 414989 696128 736348 683359 1 652793 585063 309953 662521 507635 698941 528164 619840 475804 496409 583154 806330 260858 667691 478375 709478 708290 675089 743057 423588 639717 586645 154307 465607 436744 317336 552708 743949 271538 631632 359228 806345 356713
 418104 852760 828371 874200 649356 843043 282390 508228 309801 593526 235112 499007 450505 296675 901609 687628 441654 393835 504003 359128 528741 882030 516581 390672 190601 308303 179611 269241 319503 761382 757753 534914 324897 359277 997113 378677 424773 402697 383278 919499 722197 642198 589953 251230 138135 679595 652793 1 902138 482483 301728 146807 618031 154484 780801 322460 163659 93949 564991 392740 681359 438230 287655 516498 144371 263725 483213 398648 152931 802957 470975 558463 335918 928121 586404 901250 135176 779684 270173 747729
 1176946 403873 733778 462500 257344 568039 763996 1011221 593971 828706 688080 480144 545618 645247 789873 563031 480107 986633 959755 834155 378292 75932 661152 1132273 793707 710861 905620 632912 582699 265610 581493 398511 1112929 543200 97820 770168 1046831 896875 1094356 874884 213184 260363 312976 760683 1034949 365387 585063 902138 1 840732 690700 782746 443108 749625 189219 580604 819900 808206 615132 668585 347115 469819 1107582 548333 821874 1116572 418927 1107181 937006 556539 435096 990112 692371 76175 522162 741186 794786 227146 872229 229366
 417605 579007 393508 567766 668344 483274 220683 172857 435407 116065 360770 690708 687166 574818 453474 349432 591015 197362 119499 777917 595969 862504 182547 375420 305095 657330 317134 449249 468057 595111 395710 653959 403595 464615 910867 764754 245728 107180 330497 451085 758745 643792 585446 633771 515234 822061 309953 482483 840732 1 632676 370465 805958 423273 819931 482624 324012 452477 855504 204450 811869 553927 432746 766719 567365 476341 533786 336197 360979 450654 561554 152847 225554 825344 823007 469312 526911 630614 715069 616275
 709089 773075 872429 812691 436007 823814 415901 725040 224108 717894 271939 224218 163132 69474 951454 684889 215022 627925 701501 176610 321734 652028 572865 675996 352307 28902 428119 191596 199285 632066 755246 292565 618214 233129 788503 138427 674747 595076 659224 995302 485260 440787 407609 71818 433477 400541 662521 301728 690700 632676 1 289327 328680 225359 534536 187279 351751 236535 264870 455675 406732 239631 585993 217534 165512 565365 308386 675078 426122 785088 273271 755594 413392 735344 287007 933972 167001 636200 183050 600345
 440554 707042 689481 727582 538263 696920 152534 438639 192914 473158 96010 432341 399366 250975 764461 541784 353728 338639 420043 411700 422451 770721 375445 402282 66943 308391 147661 164959 213494 622613 612325 444672 357034 245079 875093 407505 385958 313113 378985 788418 618735 526733 470280 271868 258379 605315 507635 146807 782746 370465 289327 1 557063 64183 680233 221776 62668 83191 545780 249392 603211 338201 337922 475953 196902 337268 368608 394703 162708 656770 366416 475083 192775 801873 543497 761008 156970 643351 344641 612847
 997604 686304 908446 740989 251431 798671 627909 942322 387337 854861 490655 124905 168067 321532 983960 703197 217372 869300 904712 421051 229285 382607 677081 959077 602757 336013 704563 396781 356813 511526 759937 158931 912625 346208 534167 355194 924949 808216 933636 1050294 235622 275994 294210 397767 754711 83544 698941 618031 443108 805958 328680 557063 1 498777 256427 344412 615652 536325 172027 601760 98388 252103 888303 121970 492353 876328 282321 949111 716429 767716 246963 952602 586832 507978 79079 950380 484712 495365 484254 463147
 499911 707522 720208 732995 499251 712586 202609 501001 155915 520690 91119 374682 338232 187673 796879 559616 302120 402579 480329 354791 380135 732367 406106 462914 127745 245057 209039 118110 168873 608456 631193 394776 413865 206483 843963 346330 450139 373367 441305 826530 575717 490473 436854 211940 285444 550708 528164 154484 749625 423273 225359 64183 498777 1 635952 174157 126841 62457 481922 279082 549789 291888 390630 413721 151182 383846 331175 457088 217653 672323 322760 535096 225285 774058 481859 789555 107848 625863 295303 593610
 1103747 514006 804173 573549 153057 659356 696785 980948 487514 834313 591953 312812 378161 500113 870994 609285 340062 935187 934042 662327 257954 126333 654510 1060815 705436 550930 817287 518286 467921 341469 647590 248006 1029895 435486 277822 596993 994983 854871 1027328 949476 63189 176177 235518 606232 918010 176624 619840 780801 189219 819931 534536 680233 256427 635952 1 461799 727355 688795 428064 625515 158893 344079 1016658 367958 681175 1017247 315678 1041519 841712 637645 313949 972775 634142 259414 335376 828062 660538 311416 710583 290565
 658935 595329 686968 631413 326899 637275 286240 603704 47218 553179 146314 220411 205299 117809 766081 497642 132729 525460 570195 363074 206586 559687 394778 618766 259759 216178 366042 57000 14669 468710 567971 222897 578008 48868 676390 323927 580635 469290 591177 812935 401643 320290 270435 230763 457858 385537 475804 322460 580604 482624 187279 221776 344412 174157 461799 1 275584 228921 372917 287632 382407 117768 559646 285323 252076 556622 162445 606470 384482 598320 148940 620984 257107 610412 345677 747340 218458 479542 348966 444997
 383391 713731 665576 729305 581783 688646 119161 378818 241249 432160 135404 490754 460225 313293 738280 532882 408311 276525 363161 468474 469582 812476 355795 343702 31108 370308 90671 219999 265718 643808 601540 497383 303476 292546 910124 467617 323301 256872 318391 755983 665075 568076 509824 331499 244076 661001 496409 163659 819900 324012 351751 62668 615652 126841 727355 275584 1 132750 608311 235709 657978 389221 289841 537459 248748 296880 412646 334001 117129 648951 415169 418377 180008 834242 604545 738954 212192 667404 396113 638738
 472997 768941 769908 793429 555767 769843 235682 510145 216139 556233 150396 414502 370963 216123 845523 615829 350931 403820 495871 336451 435431 788607 455422 439466 147419 250141 194368 175298 225630 670881 687065 444253 383016 265344 903166 339696 445437 389616 423293 870985 629621 548326 496013 203759 229284 593785 583154 93949 808206 452477 236535 83191 536325 62457 688795 228921 132750 1 500742 328505 594403 345386 353834 441971 116087 340050 389286 439134 189595 729584 377703 551092 272629 834362 511491 840645 80549 688093 263769 655689
 973688 834116 1020434 885607 409473 930150 652336 969550 420126 923254 505402 194367 170946 295351 1098369 817498 285619 880662 939702 285404 350612 553956 755989 939957 603866 256849 689519 410156 387520 664262 880524 281071 883049 396364 705885 224479 930896 836092 921671 1157003 406434 430120 433153 316745 692548 252431 806330 564991 615132 855504 264870 545780 172027 481922 428064 372917 608311 500742 1 658811 269278 328568 850668 98153 423603 828604 384602 937516 690211 896043 341491 991698 629954 679497 92983 1070170 431338 652743 368114 618718
 516408 488218 441632 498157 472596 452942 124355 355721 241197 265601 194243 487931 488645 391554 517895 297186 387824 318049 310685 617143 392779 680416 127154 471110 205301 482734 287914 264573 272982 448638 366006 449576 465766 263586 748063 592996 378265 230601 430464 548844 563161 449941 390014 471738 477421 618067 260858 392740 668585 204450 455675 249392 601760 279082 625515 287632 235709 328505 658811 1 608263 349913 473851 567261 430042 499465 330183 442218 331909 413282 357120 354147 56841 665255 621128 512151 386448 479016 570789 457053
 1041265 620893 870313 677927 188566 746459 653001 959206 419397 847972 526316 184477 243805 386864 943171 666496 249716 896215 917645 515025 216048 284683 666929 1000774 641188 418268 748444 438544 392502 443938 717216 163378 960117 371646 436672 449132 953965 826950 972002 1014550 146954 216850 252726 477943 819379 19765 667691 681359 347115 811869 406732 603211 98388 549789 158893 382407 657978 594403 269278 608263 1 272358 940002 215997 565193 932907 278123 987082 765503 718559 254586 962398 602443 414296 176841 905828 551945 422797 572600 393424
 771300 542013 692772 586164 213169 613520 381402 692014 148284 606584 255382 141033 162507 181500 771087 491393 42981 624520 653220 409322 91685 444368 432522 730070 370517 265490 479882 174501 124732 393385 556737 109238 692638 99295 566798 355934 681905 558451 700305 828489 284276 210582 169487 302822 574653 278163 478375 438230 469819 553927 239631 338201 252103 291888 344079 117768 389221 345386 328568 349913 272358 1 676008 231004 352524 674138 70026 715275 500720 577209 35237 700648 335472 505616 275251 744789 325067 396588 421011 360718
 138696 959688 826123 963773 871624 898819 354746 354709 529396 544652 425026 764876 724418 569814 885388 749559 691112 249231 381740 639688 758720 1102056 560593 127635 314245 594844 201981 502733 551365 916395 808964 782529 50912 581255 1196175 665005 235960 325605 147496 875026 954591 857721 799127 538829 188316 941269 709478 287655 1107582 432746 585993 337922 888303 390630 1016658 559646 289841 353834 850668 473851 940002 676008 1 795733 431977 54840 702425 157116 175288 862176 703511 422854 430922 1118278 865310 901991 419356 943462 545124 917313
 912509 740400 922332 790829 324059 832874 569855 887812 332271 830295 424703 96848 80102 226975 1000233 719346 188170 804159 855379 299471 254445 493812 660667 876413 529476 220192 622739 328320 299615 573083 782477 186963 824221 303725 642744 233561 856677 753599 854837 1059164 335465 342054 339357 282844 650365 203881 708290 516498 548333 766719 217534 475953 121970 413721 367958 285323 537459 441971 98153 567261 215997 231004 795733 1 383044 778906 286496 870585 628642 798476 243341 906307 541675 607657 69907 972050 381390 563935 363061 529173
 561893 836634 870571 867128 564607 855612 348561 624708 261192 668962 238301 380726 324751 181166 947561 704874 343747 516125 611697 223119 443678 791923 556896 533072 262843 167122 302450 215272 255686 719709 776692 433411 468933 298855 919116 235370 554458 505608 522689 977699 626828 563100 518577 107484 269289 560784 675089 144371 821874 567365 165512 196902 492353 151182 681175 252076 248748 116087 423603 430042 565193 352524 431977 383044 1 406017 410958 538324 287717 815471 387612 666922 376465 857633 452449 939203 43697 731507 147868 697056
 186298 987474 868571 994395 875300 934118 377001 407517 530176 589970 429278 754422 710318 555416 929794 782775 685966 299203 432338 605590 759635 1107339 593971 180988 324303 571797 215940 499689 549576 935278 844267 778531 105098 582344 1207003 635101 289679 369803 202330 922356 955934 863030 805582 513499 147017 933029 743057 263725 1116572 476341 565365 337268 876328 383846 1017247 556622 296880 340050 828604 499465 932907 674138 54840 778906 406017 1 705626 211865 179803 896729 703305 475052 452814 1130881 848773 944526 398490 960792 509481 933307
 788181 472429 636834 517376 169677 548820 384154 682630 176489 574270 277419 190799 225749 247515 714342 433095 107116 625768 640039 479239 63054 402270 395195 745427 389985 334756 502107 214004 163809 323818 496024 123818 714443 124802 514222 425910 684801 551639 712600 775444 252910 159299 108100 369509 616616 288418 423588 483213 418927 533786 308386 368608 282321 331175 315678 162445 412646 389286 384602 330183 278123 70026 702425 286496 410958 705626 1 726995 528136 513415 43736 684329 327223 448106 320655 685570 379857 328271 488446 292584
 81410 903995 722053 898746 890457 819085 345783 214902 567687 435465 460929 824223 793989 644708 773262 679994 738603 139322 254049 757681 787952 1112424 496967 42034 346739 689251 248198 552469 595343 889563 730832 824490 107114 616199 1189292 773347 96658 236090 15855 751854 978365 872237 811771 639988 332590 991380 639717 398648 1107181 336197 675078 394703 949111 457088 1041519 606470 334001 439134 937516 442218 987082 715275 157116 870585 538324 211865 726995 1 251178 785622 737409 284579 414907 1107129 938188 796591 515590 920866 668047 899269
 284037 818719 736084 830065 697633 779671 207563 359730 354273 476556 250851 592274 554863 401675 804136 625084 516253 243403 361403 508900 583760 928949 439678 249874 144711 439004 46244 327630 376088 757751 690672 607378 196267 406231 1027224 522332 271870 267351 235435 810501 779812 684533 626597 388833 155580 767203 586645 152931 937006 360979 426122 162708 716429 217653 841712 384482 117129 189595 690211 331909 765503 500720 175288 628642 287717 179803 528136 251178 1 740877 528331 414411 280814 951119 697574 811348 264527 782392 422476 754369
 866860 167843 178281 129525 530209 40268 535210 609536 567752 373374 581214 701742 738653 715732 235087 116147 618745 646301 555472 961350 546765 611575 302934 823599 618392 813954 695351 610016 587359 300117 54974 618433 842011 552005 587765 919050 696379 550389 778792 318487 596360 501722 473551 826042 890026 736374 154307 802957 556539 450654 785088 656770 767716 672323 637645 598320 648951 729584 896043 413282 718559 577209 862176 798476 815471 896729 513415 785622 740877 1 557137 559755 469146 506771 823574 190418 772583 335700 940262 348796
 795479 514291 679289 560078 178985 592552 399130 705048 174145 607907 280173 148350 182097 216445 757019 476011 64509 642214 664413 440881 57774 411084 430710 753632 394940 298562 505630 204735 154137 361756 539427 92657 718548 122654 531927 385872 700384 572458 722649 817164 253058 175507 134742 337450 606774 262545 465607 470975 435096 561554 273271 366416 246963 322760 313949 148940 415169 377703 341491 357120 254586 35237 703511 243341 387612 703305 43736 737409 528331 557137 1 710389 348088 470393 280003 728763 359690 363546 455270 327591
