NAME : domp90p22v7
COMMENT : Cherkesly, Contardo & Gruson 2022
TYPE : DOMP
DIMENSION : 90
DISPLAY_DATA_TYPE : NO_DISPLAY
OPEN_FACILITIES : 22
COST_SECTION
 1 976550 700249 504106 822335 977596 543936 623505 809749 697279 837834 979448 649483 562413 559239 477284 987079 666170 154251 378898 812953 520817 487604 410999 648247 831203 661893 495892 415196 1054614 368688 236751 264107 934314 823323 694735 230826 386266 858994 281255 752904 739784 713001 195065 493256 550776 865312 1082054 485613 757051 308787 858066 933394 862171 276322 183478 232741 674554 967632 499407 617982 445904 768388 385354 218879 231868 338612 694668 381190 552782 528893 425631 404508 593293 454710 572587 483571 238124 889212 669736 633601 276902 970036 647002 851671 611251 923585 747806 980750 346658
 976550 1 529984 478684 248276 471552 502969 706039 522916 816702 383721 315998 787164 421618 746116 692985 59672 700213 866901 836122 170006 803676 639347 744813 877428 181885 485875 835656 618004 231965 900670 951967 1031371 79729 283935 588954 897892 834753 357865 853156 325129 249404 263950 913881 767301 603215 260741 334749 940576 573856 1052855 632572 614216 120603 904655 948343 749198 802513 157089 781339 358612 538275 208386 591651 799173 792337 847165 780788 805231 429112 770616 861053 907243 428360 717070 409783 682684 864472 260051 319098 522960 798632 132657 440223 455011 787758 54427 357802 616813 1037366
 700249 529984 1 327045 583954 282757 199083 834051 109804 963450 715403 337496 914071 310587 826735 242556 578453 170582 671972 394737 464062 850879 674919 314583 980812 352634 71870 343472 295592 736093 840853 559734 625064 549519 249349 783429 757299 389988 710167 459522 207894 331736 374802 750982 284473 151252 636081 823030 937605 77737 628964 190868 246580 425707 790533 582521 489997 940098 635462 818934 364588 455972 399161 436969 481372 468471 423867 935251 764506 320819 828301 394155 444954 516750 270611 421782 717061 491895 296364 304100 73528 684108 619462 135064 160642 892167 484197 616542 289658 597099
 504106 478684 327045 1 381200 541864 133535 509466 420068 638151 466958 498612 588031 58331 499709 295576 497551 423873 416261 397630 325709 524995 347874 315565 653770 327183 257802 442656 162686 599080 533671 481230 561659 447673 334929 472829 476719 398750 473526 388501 269008 235923 216115 481166 378251 255493 434280 654909 619990 404650 588250 517739 565568 360875 500002 472223 272696 614432 500559 493288 127455 130425 271323 135396 321010 314850 396412 611113 449212 49589 501618 438162 474663 216094 307946 128137 390249 392623 398603 165632 258014 387887 496546 205548 424686 565324 424629 359224 602918 580655
 822335 248276 583954 381200 1 638258 468644 459921 622387 568478 150502 505583 539832 340257 504513 662650 217466 737341 691406 778357 135614 565154 414555 693831 630546 279069 519033 812797 543486 232286 680127 853892 934137 170455 395124 340738 700790 779195 134094 766624 390717 254440 210193 722812 745151 595147 54479 274046 705837 649936 964154 739262 747384 221287 698832 837088 615417 554563 153654 545524 259490 379581 189254 448508 683261 680256 777511 532545 585963 340366 531677 816723 855127 230305 679983 264157 453984 765748 412956 285154 545552 602124 164583 456924 576283 542122 224746 111505 764314 959877
 977596 471552 282757 541864 638258 1 444446 1004809 181410 1133163 788027 159248 1089319 501097 1014881 524687 530989 399773 934398 674279 502720 1052114 869262 596954 1167649 359253 316233 608035 564628 703512 1075534 841982 905541 528387 250230 924119 1010300 669066 772022 742223 288508 409915 470286 1009037 557457 433554 678546 805673 1158893 251013 906803 222406 164331 421941 1038105 865265 758285 1112393 620225 1021878 515715 668720 459313 672549 759399 746938 705211 1100724 990138 513715 1024746 667492 717871 671296 552503 588901 914999 774540 226214 433220 344352 927164 597583 343669 125954 1074880 449667 712482 150439 872047
 543936 502969 199083 133535 468644 444446 1 642762 300303 771164 576355 436039 720695 137582 630914 196816 535689 292672 489984 333191 379713 652702 478993 242056 784402 326859 135385 346306 131357 664742 643841 459211 536126 492626 285315 604506 567618 331957 578193 357042 214811 256398 268455 564959 277826 129785 523122 734703 738779 275536 553597 389501 443692 382895 597903 465320 316700 747296 562364 620649 213225 258603 314628 238538 332501 321907 345106 744456 565827 143498 630891 360741 405292 342528 217725 248466 520018 375639 350930 194041 127050 489152 552978 103472 320304 697109 449306 470211 484297 535316
 623505 706039 834051 509466 459921 1004809 642762 1 918154 129823 362328 909171 85028 525047 72923 767471 677149 927628 469948 802067 556904 137299 174532 753398 171882 676138 762998 891265 616658 638603 309568 778767 844429 629985 758922 130588 409163 806829 393385 737086 717031 600598 540585 444602 840745 756909 465215 610031 276233 911754 886952 1023186 1062779 648051 378100 737161 533435 107747 599875 139112 490564 388750 568238 437460 616541 623071 778712 101747 248781 514057 110084 856120 871620 333515 768112 420196 151050 711070 803661 571943 767059 347142 617063 704198 905221 82437 674273 348711 1094898 906420
 809749 522916 109804 420068 622387 181410 300303 918154 1 1047974 763384 272709 1000123 393789 916427 346042 577316 223926 780831 493506 492481 944769 765570 418422 1070855 361402 165020 427451 404773 744485 944135 662766 724881 557688 242332 856904 864609 488164 754038 564315 231725 369041 421981 859228 376047 259573 671204 838683 1037619 71681 725507 116882 145619 435294 896763 688164 599433 1025336 648397 913190 433988 550469 433143 538562 590879 577904 525260 1018240 865143 405309 920608 486096 536510 591576 373442 499210 809173 598273 266716 361367 180892 789031 629422 215518 78758 980494 484568 671509 184045 690643
 697279 816702 963450 638151 568478 1133163 771164 129823 1047974 1 451626 1034132 53248 654788 152494 889360 782924 1053926 548887 913888 675394 176467 296350 870984 86565 799842 892522 1008081 739302 723866 344818 874805 935212 738697 886233 227749 469915 919065 482491 842857 845841 727155 666822 506576 960362 883257 565596 679869 265498 1041173 979026 1152806 1192594 767501 430035 829731 639920 25161 698579 200014 619826 515308 691656 559646 721056 728913 887950 36029 316998 643740 172832 968759 980659 462183 888400 549891 263353 813515 929269 700776 896018 430229 717853 833940 1034688 88236 788879 459802 1224603 1002672
 837834 383721 715403 466958 150502 788027 576355 362328 763384 451626 1 655965 432625 439826 421032 761263 340639 859424 693392 859180 285423 486942 374543 781388 523816 428798 647156 909476 626976 276295 629951 908906 987253 304044 542808 232345 679874 861137 31171 831840 532244 394608 342461 707595 844276 705997 122987 258143 630862 785244 1021767 879877 892716 371615 667704 884094 656759 442033 249067 474371 363692 423029 333432 496187 733528 733248 851979 415865 542031 436210 453967 903112 936397 265322 774796 339045 403120 823546 563186 411375 669348 586914 270023 583374 721758 443431 369390 107739 911574 1024294
 979448 315998 337496 498612 505583 159248 436039 909171 272709 1034132 655965 1 994185 447146 928933 569300 375668 492427 912182 724524 373114 973455 791583 637969 1077600 235446 336977 680967 566803 547533 1021272 879144 950236 378417 164337 815478 975134 720554 636823 776189 230327 310405 369234 979620 620909 471065 540250 650740 1092073 341662 958806 356793 316330 284353 996639 893461 749523 1015162 468667 945085 437120 613217 343289 634008 768113 757129 749231 1000091 930513 459569 943673 729599 780259 580501 597457 511333 838022 802068 106636 355554 374560 884219 445248 334352 193987 984293 300153 592026 309074 930142
 649483 787164 914071 588031 539832 1089319 720695 85028 1000123 53248 432625 994185 1 606476 99347 836540 756272 1002147 499640 860704 640583 130072 244161 817790 91446 761023 843422 954852 686650 707990 304522 823160 884437 710258 843803 201787 424209 865867 463781 790047 801324 685597 625606 460790 907279 831552 541500 671189 239057 991807 928067 1103867 1145078 732055 386201 778576 586963 28088 675731 150306 574542 463956 653061 507017 668303 676049 834892 46567 268356 595214 121804 915551 927631 418074 835388 503451 210242 761018 888688 656266 846034 379786 693909 785525 988761 38354 756804 429363 1177848 951073
 562413 421618 310587 58331 340257 501097 137582 525047 393789 654788 439826 447146 606476 1 523060 323842 442392 428252 472182 440022 272495 554359 373077 353915 677449 268978 238910 473644 206911 550801 577563 534286 614490 393488 282839 474066 528600 440435 442968 439078 220006 177617 160852 534828 406802 267261 394356 611835 657802 387940 639459 498345 539057 303162 549503 527530 330994 631898 450701 523380 80781 168505 215342 189401 377559 370860 442471 625742 489871 12692 528764 476718 516219 208433 340056 113094 417646 445926 345080 107329 247977 437085 445207 179153 388859 586755 367408 333141 573445 629490
 559239 746116 826735 499709 504513 1014881 630914 72923 916427 152494 421032 928933 99347 523060 1 739588 721675 908295 407087 761394 589717 66995 151939 719285 154429 699734 756965 856095 590390 695989 236665 725591 788263 672443 773603 194733 340027 766577 451626 690882 726400 618561 559990 375975 809298 738078 515917 673694 210217 904358 831556 1017304 1061911 678670 307000 681837 487682 127366 650145 66368 499352 372553 593346 411090 569209 576842 735552 139280 180003 511289 37233 816277 828302 348434 737720 426008 113165 662218 822516 582298 757265 285336 665782 701004 909738 67566 710603 393237 1096434 853523
 477284 692985 242556 295576 662650 524687 196816 767471 346042 889360 761263 569300 836540 323842 739588 1 729202 194189 482402 155272 576416 745323 593762 72385 885608 512745 233370 150164 151054 861521 689382 317305 383111 687828 445709 755250 580761 151542 766047 218322 381341 450850 465247 565828 83063 98547 717030 930897 800497 285233 389564 381167 458234 574448 621480 342427 300638 864406 759084 713335 403915 384358 510997 330089 263670 249954 181586 867722 631128 325883 730506 168812 217132 510184 28278 423504 626655 253539 506274 390714 194876 529129 749363 257408 403092 807128 640324 653705 506297 361646
 987079 59672 578453 497551 217466 530989 535689 677149 577316 782924 340639 375668 756272 442392 721675 729202 1 747803 870701 868278 174272 781554 624197 777574 847278 226240 530466 874408 644523 172590 888395 976334 1056336 53808 336239 555768 894811 867339 312944 879451 371372 279308 281635 912938 805684 642470 219104 275085 921053 625832 1079809 688424 672250 156092 898427 969658 763619 770063 101219 760935 372797 543588 227257 601878 818386 812399 876990 746900 793226 448504 748169 896003 940981 420278 752255 415200 665896 888150 317189 345529 566390 795286 76665 481110 511203 759435 94291 328969 675729 1066652
 666170 700213 170582 423873 737341 399773 292672 927628 223926 1053926 859424 492427 1002147 428252 908295 194189 747803 1 676450 304858 625146 921218 758059 255281 1058724 521608 221217 214533 323481 902545 878679 479829 530315 717033 419830 896573 773956 298216 857694 392969 376458 491625 527320 759769 180156 170725 790863 986432 986842 152372 523398 208159 290927 593817 813808 515491 493902 1029462 800979 888952 497359 538913 558835 498498 456717 442990 342727 1029249 815253 435393 903351 282339 330037 635119 212805 540634 795351 433378 464440 452330 191796 718132 786037 280791 300292 975612 653680 755849 339502 483690
 154251 866901 671972 416261 691406 934398 489984 469948 780831 548887 693392 912182 499640 472182 407087 482402 870701 676450 1 430561 698752 372918 334884 429816 506164 737807 620915 544908 376456 922829 239493 338646 389944 817089 749894 541186 105438 437420 716159 338424 681877 643863 608088 83718 522609 532919 730771 942777 360085 738721 434628 848001 916147 758402 152333 288682 184304 525487 841071 349362 513462 328642 661971 283245 228758 241644 394351 544081 231944 460836 378158 484641 478737 461165 466543 457164 329372 299024 814350 577152 599956 122874 845895 592008 809773 461702 815865 608665 961016 463664
 378898 836122 394737 397630 778357 674279 333191 802067 493506 913888 859180 724524 860704 440022 761394 155272 868278 304858 430561 1 707406 753323 628830 91568 895351 658616 388547 117459 234971 989928 662264 174982 231387 823889 598956 814476 535703 7369 868400 97869 532923 589068 594448 512394 124725 253759 831747 1051379 780716 427850 234617 510525 591792 716083 581488 212718 276909 888752 888782 722967 520264 448553 644422 379985 204491 193198 40422 897487 623436 438538 745064 55610 77266 596522 127254 522118 652824 141126 660502 523797 350147 509894 881419 408665 555220 827270 782497 752004 640534 206823
 812953 170006 464062 325709 135614 502720 379713 556904 492481 675394 285423 373114 640583 272495 589717 576416 174272 625146 698752 707406 1 643946 473881 618268 728648 143480 404026 725180 478103 285202 732608 806471 886779 122476 260312 450452 727922 707101 269631 711526 262422 133529 113029 744189 656377 497623 179722 361692 777521 525320 911937 609197 613590 92501 734771 797768 589510 658704 182669 619845 199427 370602 66847 427671 645661 640098 712937 640163 637204 277432 611484 739342 782057 259814 597264 241922 518307 717969 277825 185703 434863 628637 174015 345662 442693 636739 124176 220841 629337 901233
 520817 803676 850879 524995 565154 1052114 652702 137299 944769 176467 486942 973455 130072 554359 66995 745323 781554 921218 372918 753323 643946 1 183002 718746 142094 747789 782651 853460 599235 761170 177398 702504 760749 731442 815230 261725 294257 758944 517366 676883 764456 663429 606287 330873 810881 752582 579056 740416 143924 928005 804876 1041734 1090364 731173 256257 656155 476662 153951 712774 32285 539066 395020 643002 423020 555058 563960 724814 176388 141024 542133 33555 808768 816753 394824 740919 464725 137122 645201 866823 622204 779738 256183 727720 729468 943116 91800 766250 454486 1126730 830064
 487604 639347 674919 347874 414555 869262 478993 174532 765570 296350 374543 791583 244161 373077 151939 593762 624197 758059 334884 628830 473881 183002 1 578874 305906 568643 605346 716767 443288 631621 265578 616090 685824 571887 632527 207990 306322 633428 401202 567234 581472 482220 426256 335806 666362 587531 439917 631852 304958 752510 726815 865570 911151 557390 293330 578063 364590 271656 567632 153624 356214 220784 466006 263702 448386 453871 606687 273973 171953 361067 155829 682517 699473 216988 593847 281807 46442 543727 684962 439314 605329 218006 579056 550055 761251 218316 597834 310938 946404 742624
 410999 744813 314583 315565 693831 596954 242056 753398 418422 870984 781388 637969 817790 353915 719285 72385 777574 255281 429816 91568 618268 718746 578874 1 860438 567065 301048 138083 154571 901801 647717 245153 312562 733735 508602 753569 531539 89941 788899 146025 441965 498276 505523 513520 94314 167375 747671 965714 762357 357097 321634 450424 528718 624904 574432 270286 254604 845852 800206 687311 434623 382458 554622 319347 203884 190285 111262 851743 596999 353475 706808 122908 163825 522303 45487 442535 607712 182244 570800 433824 263634 489304 792231 317801 474941 786377 691283 673734 577012 297261
 648247 877428 980812 653770 630546 1167649 784402 171882 1070855 86565 523816 1077600 91446 677449 154429 885608 847278 1058724 506164 895351 728648 142094 305906 860438 1 845901 911221 995438 738253 798822 283831 840500 895970 800889 924565 293230 417652 900994 554954 818149 879158 767822 708401 453944 952261 889122 632894 759810 188524 1058382 940505 1171475 1216337 819581 374064 792908 618604 84750 767163 173144 651937 525815 738369 560303 696460 705575 866601 115518 277615 665701 155454 950815 958364 498281 881900 579183 264562 785744 971580 734572 911000 394394 785283 855428 1063686 93317 846126 519742 1250767 967536
 831203 181885 352634 327183 279069 359253 326859 676138 361402 799842 428798 235446 761023 268978 699734 512745 226240 521608 737807 658616 143480 747789 568643 567065 845901 1 304700 654111 448729 385470 812471 782986 861217 198110 120881 580085 784995 656871 412993 682126 145151 94241 142750 795312 585917 421692 321061 477476 872821 403556 880136 476561 474119 74268 799790 783853 599187 781348 287368 720789 228373 416010 108200 454853 639461 631241 671938 765523 718780 279140 716895 681299 728261 352972 537454 297483 614863 697002 135207 161757 341329 688698 269289 258455 304478 752756 132369 357664 487507 862094
 661893 485875 71870 257802 519033 316233 135385 762998 165020 892522 647156 336977 843422 238910 756965 233370 530466 221217 620915 388547 404026 782651 605346 301048 911221 304700 1 358591 248432 681938 779145 542754 613266 497328 217256 711561 701692 384911 643013 440097 161092 270547 308939 697719 293186 134823 571949 765216 872948 149033 622273 260492 309247 375097 732827 559426 442550 869294 580090 750852 293305 387674 337883 373546 444405 432258 412305 864061 700302 249307 759416 398078 448075 444887 261294 349915 648033 467898 274559 236028 39550 624457 565593 64137 190361 822046 437016 546965 349063 595005
 495892 835656 343472 442656 812797 608035 346306 891265 427451 1008081 909476 680967 954852 473644 856095 150164 874408 214533 544908 117459 725180 853460 716767 138083 995438 654111 358591 1 287565 1010382 772813 280978 320646 834621 575842 890909 649494 110144 915047 215277 516515 597709 614674 627494 68888 232444 867165 1080864 889877 357022 310043 422226 505215 718759 694532 324830 381749 982931 907789 822332 553916 519301 659311 457306 316641 304327 157398 989309 728242 475275 842641 74064 116747 654643 134710 570780 744989 258517 631925 539615 319171 617323 897444 395763 497784 922978 783944 801775 553652 269262
 415196 618004 295592 162686 543486 564628 131357 616658 404773 739302 626976 566803 686650 206911 590390 151054 644523 323481 376456 234971 478103 599235 443288 154571 738253 448729 248432 287565 1 757700 558519 334535 413482 597501 416401 605563 464305 236067 634928 235215 345748 368609 365306 456149 228361 161160 596796 816794 664138 362986 435351 473959 539990 497479 500088 336198 194838 714425 657528 567047 286243 233931 417759 179657 201328 190574 235569 717140 492011 204400 582838 276246 311978 367997 155193 288390 477263 248297 482137 299462 224177 398500 651573 232708 438791 657953 563637 519379 584593 423133
 1054614 231965 736093 599080 232286 703512 664742 638603 744485 723866 276295 547533 707990 550801 695989 861521 172590 902545 922829 989928 285202 761170 631621 901801 798822 385470 681938 1010382 757700 1 894989 1078550 1159027 187377 502180 508592 927609 989955 245219 987568 528396 415338 396697 951248 941577 782263 193425 104713 904956 789019 1187024 857417 844030 311317 922284 1064596 845585 715999 102746 746633 472120 611097 351331 678767 910786 906959 993268 688590 803270 553673 727886 1023526 1065336 462217 882066 491490 666431 989981 488550 470842 715254 829962 116632 626932 681025 719688 260689 321359 848227 1179526
 368688 900670 840853 533671 680127 1075534 643841 309568 944135 344818 629951 1021272 304522 577563 236665 689382 888395 878679 239493 662264 732608 177398 265578 647717 283831 812471 779145 772813 558519 894989 1 577756 624999 835616 857535 421834 139140 668773 658585 574144 797418 720813 670474 173768 742027 719509 704582 887903 120593 914490 670022 1027887 1087053 811262 92386 526985 393164 325257 833175 170556 587131 409199 716348 405887 457777 469326 628221 351055 95441 564884 199665 717399 715487 472795 678591 515227 228563 536459 916232 666329 767373 160548 844602 735773 957181 267191 856721 575699 1128136 701556
 236751 951967 559734 481230 853892 841982 459211 778767 662766 874805 908906 879144 823160 534286 725591 317305 976334 479829 338646 174982 806471 702504 616090 245153 840500 782986 542754 280978 334535 1078550 577756 1 80493 927774 741213 818986 440260 181625 923527 103178 671903 702735 695097 409494 299707 411444 904300 1127034 698255 599394 113222 685213 766112 831594 488097 53477 256667 850356 981324 675562 608618 485981 749078 412893 175722 175711 138530 864870 562995 529043 701975 206961 174543 644558 289506 589743 628321 88642 805521 632928 506719 446480 977756 550417 720059 786573 897551 806107 814817 127934
 264107 1031371 625064 561659 934137 905541 536126 844429 724881 935212 987253 950236 884437 614490 788263 383111 1056336 530315 389944 231387 886779 760749 685824 312562 895970 861217 613266 320646 413482 1159027 624999 80493 1 1007963 815998 890802 485918 236866 1002371 179165 747295 782024 775252 452507 352807 479930 984380 1207113 744429 659042 45065 738093 820260 910903 533328 107764 332268 911158 1061811 735241 689066 564694 829089 491761 253778 254878 201577 927295 619988 609368 762705 248559 204706 723451 354861 669980 695120 169128 879706 712466 576163 505011 1058199 624737 785702 847199 976975 885085 869000 85600
 934314 79729 549519 447673 170455 528387 492626 629985 557688 738697 304044 378417 710258 393488 672443 687828 53808 717033 817089 823889 122476 731442 571887 733735 800889 198110 497328 834621 597501 187377 835616 927774 1007963 1 315381 511017 841036 823214 278456 831876 341641 237024 232730 859131 765755 603751 181057 282016 870112 601646 1032330 671379 661543 124046 844837 919879 711856 724985 92430 710204 321843 490273 179865 549317 768006 762322 831231 702729 740364 399016 698159 853367 897466 366674 710083 362061 614022 839390 306743 300103 531838 741512 71796 444702 495946 712030 78742 281275 668864 1020366
 823323 283935 249349 334929 395124 250230 285315 758922 242332 886233 542808 164337 843803 282839 773603 445709 336239 419830 749894 598956 260312 815230 632527 508602 924565 120881 217256 575842 416401 502180 857535 741213 815998 315381 1 674413 811080 596043 529134 638179 70752 160037 220582 816094 510089 348454 439765 596708 930544 289963 829404 356386 353778 193691 832313 750081 591592 866088 406379 786137 276408 449056 210540 470262 616734 606582 618474 853205 767350 295244 786298 613197 662531 426334 472715 350893 678864 659728 65968 193607 256685 719892 387139 191357 183649 831362 242737 463025 369190 805664
 694735 588954 783429 472829 340738 924119 604506 130588 856904 227749 232345 815478 201787 474066 194733 755250 555768 896573 541186 814476 450452 261725 207990 753569 293230 580085 711561 890909 605563 508592 421834 818986 890802 511017 674413 1 500092 818277 263486 762497 641398 514385 453890 532915 833909 728098 339847 479944 404340 860022 930865 967485 998462 542909 477070 783199 563815 214304 473961 255001 422926 371848 472241 435298 647399 651388 796775 191848 345330 464942 230361 865841 888369 266724 760689 361714 214284 742812 712419 498493 721992 421130 492298 649288 834138 211097 561689 232455 1026453 944074
 230826 897892 757299 476719 700790 1010300 567618 409163 864609 469915 679874 975134 424209 528600 340027 580761 894811 773956 105438 535703 727922 294257 306322 531539 417652 784995 701692 649494 464305 927609 139140 440260 485918 841036 811080 500092 1 542516 705568 443861 745719 690887 648275 36662 625064 624133 734193 935822 258716 827023 530955 938246 1003335 796502 47837 388861 280145 448066 853798 276316 556793 368991 699513 341472 332909 345481 499723 470261 160402 516415 306620 589947 584067 475423 566541 492124 286689 404325 873674 628452 684219 99526 861544 666643 887520 385863 849417 607067 1046949 563021
 386266 834753 389988 398750 779195 669066 331957 806829 488164 919065 861137 720554 865867 440435 766577 151542 867339 298216 437420 7369 707101 758944 633428 89941 900994 656871 384911 110144 236067 989955 668773 181625 236866 823214 596043 818277 542516 1 870111 105219 530323 588067 594196 519348 118158 250088 832682 1052017 787112 422202 239060 504158 585544 714829 588230 219848 282710 893923 888671 728517 520810 451666 643877 383511 211004 199576 47779 902476 629422 439162 750473 49829 75940 598861 123730 523704 657768 148477 657331 523169 346353 516083 881113 406049 550374 832548 781215 753868 634293 210138
 858994 357865 710167 473526 134094 772022 578193 393385 754038 482491 31171 636823 463781 442968 451626 766047 312944 857694 716159 868400 269631 517366 401202 788899 554954 412993 643013 915047 634928 245219 658585 923527 1002371 278456 529134 263486 705568 870111 1 844303 522382 385050 335628 732666 849109 707385 98373 230651 661287 778551 1036086 870802 880897 352793 694531 900148 673191 473078 219557 504335 364971 437677 321744 510661 748610 747823 862569 446773 569868 440217 484305 911154 945665 278969 780558 346549 431120 837451 546361 407010 666726 611634 241062 579653 709789 474562 346329 117604 898313 1037278
 281255 853156 459522 388501 766624 742223 357042 737086 564315 842857 831840 776189 790047 439078 690882 218322 879451 392969 338424 97869 711526 676883 567234 146025 818149 682126 440097 215277 235215 987568 574144 103178 179165 831876 638179 762497 443861 105219 844303 1 569016 603752 599245 418749 214924 309918 818304 1040604 693815 503008 200457 594008 673398 732596 490487 124426 203707 817885 888857 647616 515733 410502 652411 337939 121928 114135 58079 829036 542572 434834 671529 148100 141564 566528 191365 503576 586224 43258 702396 534659 404497 426814 884129 447282 619310 755170 798808 726734 721875 193489
 752904 325129 207894 269008 390717 288508 214811 717031 231725 845841 532244 230327 801324 220006 726400 381341 371372 376458 681877 532923 262422 764456 581472 441965 879158 145151 161092 516515 345748 528396 797418 671903 747295 341641 70752 641398 745719 530323 522382 569016 1 137637 193158 749541 449434 285820 440005 616874 874850 263506 761722 348575 362480 217820 768505 679906 521455 824725 428266 734539 227225 388222 201527 404294 545985 535852 550987 813881 708886 232652 736676 549816 598470 383660 407721 300484 627428 589778 136690 145090 199071 656181 411787 124274 193657 786438 277342 443131 386327 739224
 739784 249404 331736 235923 254440 409915 256398 600598 369041 727155 394608 310405 685597 177617 618561 450850 279308 491625 643863 589068 133529 663429 482220 498276 767822 94241 270547 597709 368609 415338 720813 702735 782024 237024 160037 514385 690887 588067 385050 603752 137637 1 60573 701072 528829 367526 305219 495097 784774 395721 803512 485761 499202 128879 706162 700250 508610 707378 312678 635427 134674 321900 67494 361163 552890 545396 598601 693840 627758 187002 633409 616914 661683 270132 473355 205682 528642 615465 203960 70973 301466 594842 300532 212395 328965 674509 195069 307017 520820 788633
 713001 263950 374802 216115 210193 470286 268455 540585 421981 666822 342461 369234 625606 160852 559990 465247 281635 527320 608088 594448 113029 606287 426256 505523 708401 142750 308939 614674 365306 396697 670474 695097 775252 232730 220582 453890 648275 594196 335628 599245 193158 60573 1 660741 546051 389994 263544 467250 730152 443053 799701 538031 555626 150378 660735 688042 485274 647183 294738 578840 95259 280897 55583 328925 537118 530912 599947 633411 576460 166902 575811 626919 669259 211799 485418 156863 472560 606770 263218 76339 335530 550674 286998 246748 386404 615088 210613 250080 578834 788423
 195065 913881 750982 481166 722812 1009037 564959 444602 859228 506576 707595 979620 460790 534828 375975 565828 912938 759769 83718 512394 744189 330873 335806 513520 453944 795312 697719 627494 456149 951248 173768 409494 452507 859131 816094 532915 36662 519348 732666 418749 749541 701072 660741 1 606219 614247 757881 962407 292052 819064 497572 929170 996126 810000 81397 357435 266614 484707 875181 312627 567889 380037 713000 345894 311982 325007 475452 506801 196074 522915 342878 565945 557732 495313 550200 505764 318876 378174 879525 636924 678404 121489 882113 665597 885262 422441 864508 631743 1040482 530765
 493256 767301 284473 378251 745151 557457 277826 840745 376047 960362 844276 620909 907279 406802 809298 83063 805684 180156 522609 124725 656377 810881 666362 94314 952261 585917 293186 68888 228361 941577 742027 299707 352807 765755 510089 833909 625064 118158 849109 214924 449434 528829 546051 606219 1 164291 799569 1012516 856592 307926 350054 386167 467832 650121 668324 335916 348896 935284 838965 779255 486728 462164 590460 403888 294913 281576 162785 940070 690725 408936 798035 110241 160935 592161 73258 506293 697037 256680 567499 470862 253639 583565 828567 327796 442476 876627 715421 736692 516588 314636
 550776 603215 151252 255493 595147 433554 129785 756909 259573 883257 705997 471065 831552 267261 738078 98547 642470 170725 532919 253759 497623 752582 587531 167375 889122 421692 134823 232444 161160 782263 719509 411444 479930 603751 348454 728098 624133 250088 707385 309918 285820 367526 389994 614247 164291 1 649559 857133 823885 207557 487759 315085 385199 486615 660825 432003 348800 858823 679517 720298 342526 368188 431050 329572 332110 318951 278483 858524 651146 272651 733904 264743 314210 469799 126518 376922 625284 341047 408202 313773 96506 559625 668023 163512 309636 805303 551600 599982 431540 460187
 865312 260741 636081 434280 54479 678546 523122 465215 671204 565596 122987 540250 541500 394356 515917 717030 219104 790863 730771 831747 179722 579056 439917 747671 632894 321061 571949 867165 596796 193425 704582 904300 984380 181057 439765 339847 734193 832682 98373 818304 440005 305219 263544 757881 799569 649559 1 222736 721754 700914 1015087 788051 793271 257255 729292 886210 662943 553781 134674 561892 313632 426006 238755 496334 732567 729994 830289 529580 611849 394210 545513 870577 908621 272046 734229 314922 476416 816410 452378 338976 599072 636562 152457 510235 622411 547608 247972 128981 808384 1011705
 1082054 334749 823030 654909 274046 805673 734703 610031 838683 679869 258143 650740 671189 611835 673694 930897 275085 986432 942777 1051379 361692 740416 631852 965714 759810 477476 765216 1080864 816794 104713 887903 1127034 1207113 282016 596708 479944 935822 1052017 230651 1040604 616874 495097 467250 962407 1012516 857133 222736 1 883860 879743 1237748 953037 943155 403405 925181 1108705 884695 675345 190330 729998 531249 647417 428436 718437 955155 952684 1051318 645953 800145 612859 708052 1088431 1127890 490986 949665 537536 661254 1039119 587794 543367 796537 841128 210396 707353 777949 687945 358859 334455 949035 1233901
 485613 940576 937605 619990 705837 1158893 738779 276233 1037619 265498 630862 1092073 239057 657802 210217 800497 921053 986842 360085 780716 777521 143924 304958 762357 188524 872821 872948 889877 664138 904956 120593 698255 744429 870112 930544 404340 258716 787112 661287 693815 874850 784774 730152 292052 856592 823885 721754 883860 1 1012933 789485 1126893 1182157 862176 211121 647311 508658 251874 854953 160318 654959 490709 770919 500723 576327 587537 747332 282240 173291 645179 177077 836042 835291 521945 791315 580784 259505 656582 985739 737057 864610 273086 869294 825169 1044399 208386 901001 595979 1221441 821695
 757051 573856 77737 404650 649936 251013 275536 911754 71681 1041173 785244 341662 991807 387940 904358 285233 625832 152372 738721 427850 525320 928005 752510 357097 1058382 403556 149033 357022 362986 789019 914490 599394 659042 601646 289963 860022 827023 422202 778551 503008 263506 395721 443053 819064 307926 207557 700914 879743 1012933 1 657960 114047 177737 477768 861630 627366 555186 1017831 690335 896009 439644 533263 462368 512233 538924 525604 461137 1012921 839696 398317 905672 417454 467558 593299 311664 498593 794496 538760 324533 375306 148612 756678 672799 210780 148327 969855 531879 688439 224039 621972
 308787 1052855 628964 588250 964154 906803 553597 886952 725507 979026 1021767 958806 928067 639459 831556 389564 1079809 523398 434628 234617 911937 804876 726815 321634 940505 880136 622273 310043 435351 1187024 670022 113222 45065 1032330 829404 930865 530955 239060 1036086 200457 761722 803512 799701 497572 350054 487759 1015087 1237748 789485 657960 1 731543 814295 932255 578380 149830 369668 954890 1088800 779121 715648 598755 852832 525615 288915 288541 210953 970691 664234 635040 806401 241563 193487 757151 361366 700214 737222 198928 892166 734782 584260 548941 1084365 638124 789199 890945 998571 918587 862898 49073
 858066 632572 190868 517739 739262 222406 389501 1023186 116882 1152806 879877 356793 1103867 498345 1017304 381167 688424 208159 848001 510525 609197 1041734 865570 450424 1171475 476561 260492 422226 473959 857417 1027887 685213 738093 671379 356386 967485 938246 504158 870802 594008 348575 485761 538031 929170 386167 315085 788051 953037 1126893 114047 731543 1 83118 550023 973695 718025 663867 1129668 762715 1009775 545060 646839 550022 626226 641879 628325 547019 1124056 953638 509157 1019145 490453 538138 701108 405291 607269 907877 632390 373122 475410 262649 869630 743175 319471 177668 1082510 596840 787018 131427 691486
 933394 614216 246580 565568 747384 164331 443692 1062779 145619 1192594 892716 316330 1145078 539057 1061911 458234 672250 290927 916147 591792 613590 1090364 911151 528718 1216337 474119 309247 505215 539990 844030 1087053 766112 820260 661543 353778 998462 1003335 585544 880897 673398 362480 499202 555626 996126 467832 385199 793271 943155 1182157 177737 814295 83118 1 544838 1037016 797691 732817 1170120 753907 1058765 576182 695932 559425 682228 715840 702430 627692 1162527 1009400 550680 1066224 573023 620963 734433 483324 643131 954790 710957 355533 500533 320085 930661 732838 361118 171112 1125811 584321 805597 48757 774474
 862171 120603 425707 360875 221287 421941 382895 648051 435294 767501 371615 284353 732055 303162 678670 574448 156092 593817 758402 716083 92501 731173 557390 624904 819581 74268 375097 718759 497479 311317 811262 831594 910903 124046 193691 542909 796502 714829 352793 732596 217820 128879 150378 810000 650121 486615 257255 403405 862176 477768 932255 550023 544838 1 807033 828634 632848 750555 213189 706075 245480 430713 97020 479015 680319 673169 726694 732358 716247 311327 699127 741984 787711 340743 598041 304429 602680 744246 195804 199015 410575 698187 195038 325019 376503 727301 66468 313126 555849 916863
 276322 904655 790533 500002 698832 1038105 597903 378100 896763 430035 667704 996639 386201 549503 307000 621480 898427 813808 152333 581488 734771 256257 293330 574432 374064 799790 732827 694532 500088 922284 92386 488097 533328 844837 832313 477070 47837 588230 694531 490487 768505 706162 660735 81397 668324 660825 729292 925181 211121 861630 578380 973695 1037016 807033 1 436675 321169 408994 852417 241556 571516 385383 710382 366060 377923 390228 545964 432618 131893 537071 271981 635999 631033 478163 608271 503888 267380 451344 893773 646139 717154 112421 861454 694949 916548 348022 857583 600935 1079888 610753
 183478 948343 582521 472223 837088 865265 465320 737161 688164 829731 884094 893461 778576 527530 681837 342427 969658 515491 288682 212718 797768 656155 578063 270286 792908 783853 559426 324830 336198 1064596 526985 53477 107764 919879 750081 783199 388861 219848 900148 124426 679906 700250 688042 357435 335916 432003 886210 1108705 647311 627366 149830 718025 797691 828634 436675 1 227444 805501 969180 629965 598591 462993 742854 390722 153876 157939 173262 821016 515889 521155 657000 251597 224001 621722 315703 573491 587583 91535 815237 629641 525097 400000 966922 561115 741630 741585 893956 783290 846204 175004
 232741 749198 489997 272696 615417 758285 316700 533435 599433 639920 656759 749523 586963 330994 487682 300638 763619 493902 184304 276909 589510 476662 364590 254604 618604 599187 442550 381749 194838 845585 393164 256667 332268 711856 591592 563815 280145 282710 673191 203707 521455 508610 485274 266614 348896 348800 662943 884695 508658 555186 369668 663867 732817 632848 321169 227444 1 614882 753237 446587 391305 237340 540855 166924 83863 89637 248410 625504 347067 321907 469461 332470 340862 395420 287131 354842 382528 179351 657361 438133 418997 235716 753124 420148 632709 552543 695593 556683 778146 380332
 674554 802513 940098 614432 554563 1112393 747296 107747 1025336 25161 442033 1015162 28088 631898 127366 864406 770063 1029462 525487 888752 658704 153951 271656 845852 84750 781348 869294 982931 714425 715999 325257 850356 911158 724985 866088 214304 448066 893923 473078 817885 824725 707378 647183 484707 935284 858823 553781 675345 251874 1017831 954890 1129668 1170120 750555 408994 805501 614882 1 687443 176238 598311 491016 673231 534776 696108 703916 862869 31751 293779 620750 148502 943613 955592 441139 863356 527830 238256 788682 909988 679636 872382 406277 706219 811024 1012942 63966 773502 444957 1202485 978247
 967632 157089 635462 500559 153654 620225 562364 599875 648397 698579 249067 468667 675731 450701 650145 759084 101219 800979 841071 888782 182669 712774 567632 800206 767163 287368 580090 907789 657528 102746 833175 981324 1061811 92430 406379 473961 853798 888671 219557 888857 428266 312678 294738 875181 838965 679517 134674 190330 854953 690335 1088800 762715 753907 213189 852417 969180 753237 687443 1 694803 373158 521978 248616 587149 815685 811277 892988 662618 739286 454173 679219 921647 963883 380566 779845 398412 606204 892684 399169 368371 613009 754877 24607 524500 587855 682257 170729 259303 761252 1080104
 499407 781339 818934 493288 545524 1021878 620649 139112 913190 200014 474371 945085 150306 523380 66368 713335 760935 888952 349362 722967 619845 32285 153624 687311 173144 720789 750852 822332 567047 746633 170556 675562 735241 710204 786137 255001 276316 728517 504335 647616 734539 635427 578840 312627 779255 720298 561892 729998 160318 896009 779121 1009775 1058765 706075 241556 629965 446587 176238 694803 1 509789 363183 616764 390736 525709 534356 694921 195266 118224 511098 30436 778346 787070 367958 709123 435347 107282 616594 838454 592854 747694 230234 709009 697978 912220 112358 742767 435719 1095341 803318
 617982 358612 364588 127455 259490 515715 213225 490564 433988 619826 363692 437120 574542 80781 499352 403915 372797 497359 513462 520264 199427 539066 356214 434623 651937 228373 293305 553916 286243 472120 587131 608618 689066 321843 276408 422926 556793 520810 364971 515733 227225 134674 95259 567889 486728 342526 313632 531249 654959 439644 715648 545060 576182 245480 571516 598591 391305 598311 373158 509789 1 187966 150431 233666 446252 440806 521645 588503 494785 81845 510544 557457 596659 158491 420637 74486 402508 519992 330886 83162 310070 460326 369139 229526 415003 559224 305636 258671 605905 707409
 445904 538275 455972 130425 379581 668720 258603 388750 550469 515308 423029 613217 463956 168505 372553 384358 543588 538913 328642 448553 370602 395020 220784 382458 525815 416010 387674 519301 233931 611097 409199 485981 564694 490273 449056 371848 368991 451666 437677 410502 388222 321900 280897 380037 462164 368188 426006 647417 490709 533263 598755 646839 695932 430713 385383 462993 237340 491016 521978 363183 187966 1 333913 73162 310937 310279 435714 490339 321536 155815 372435 497690 524494 158818 388918 128698 261425 400574 509213 260767 385367 273433 524133 335878 553759 439096 487284 320467 733322 601873
 768388 208386 399161 271323 189254 459313 314628 568238 433143 691656 333432 343289 653061 215342 593346 510997 227257 558835 661971 644422 66847 643002 466006 554622 738369 108200 337883 659311 417759 351331 716348 749078 829089 179865 210540 472241 699513 643877 321744 652411 201527 67494 55583 713000 590460 431050 238755 428436 770919 462368 852832 550022 559425 97020 710382 742854 540855 673231 248616 616764 150431 333913 1 383961 592314 585952 651380 657323 621636 221936 611629 675008 718438 249101 532350 207415 511851 660909 240666 120845 368231 601277 238379 278972 388387 645331 155207 253230 578332 840517
