NAME : domp200p66v7
COMMENT : Cherkesly, Contardo & Gruson 2022
TYPE : DOMP
DIMENSION : 200
DISPLAY_DATA_TYPE : NO_DISPLAY
OPEN_FACILITIES : 66
COST_SECTION
 1 416082 343025 183944 246669 555509 365975 185939 595615 73022 493438 113828 370447 180875 473353 137227 478066 602043 534201 559778 315861 425957 397470 674038 310292 494206 149472 146962 411885 318093 247730 381828 517598 458585 641056 557290 333765 634820 392644 566907 301561 427670 419855 217923 266112 315552 435926 306989 404484 502295 183075 345629 439945 169309 520587 351661 465705 378881 417801 335567 94978 452459 343132 207053 547924 666502 344676 586757 602608 386714 352263 504900 316824 313259 515500 196942 457973 506004 373850 286268 187963 317713 510697 465416 205654 637455 241356 585827 316487 346822 210267 509800 318817 192733 418423 197850 160981 259016 153091 130951 295793 245704 546656 65473 437660 405550 410711 113993 228330 95634 318883 74348 336354 210388 456132 315953 495262 129175 542720 627352 537545 560181 29155 172540 199121 119194 238611 679457 224678 152315 172460 582689 616531 643043 375287 592431 536545 240608 327201 206529 31640 219544 250807 552499 503836 392707 312388 335837 460455 111368 398809 428588 191433 428316 294521 314115 279200 400291 172569 377095 398052 520552 301626 504181 387962 198846 242133 602192 458000 463862 368511 538007 343264 473943 341259 505408 192947 655183 516332 122048 274661 425171 368616 448524 441568 277967 271936 447603 318963 650015 474931 408877 666235 341583 543784 526003 613387 341619 259168 203117
 416082 1 731020 241845 297102 971499 688717 329039 196749 356697 290000 529799 443208 349889 731396 404535 75702 1012391 693288 145902 686892 774982 702620 831916 713694 884389 564998 270638 827158 621406 656271 785840 231383 871996 720775 958317 689811 1050625 152380 150984 665307 837291 384201 335320 365670 731045 269101 433396 318424 625347 296849 144578 127781 271661 272564 520324 571381 786954 408417 741283 492927 37126 723012 261944 198011 264751 171213 753974 1016109 725457 246336 909636 125969 705541 722534 591292 646056 416004 722625 536519 291109 556871 145160 878998 415577 748820 175624 169787 711351 618262 363465 866825 153670 271305 828135 370960 343582 445295 263140 538374 265263 179787 962401 422578 790374 799622 436723 313618 463959 456987 734812 345686 692284 433579 853106 721940 521967 539428 933883 817957 761781 144803 439147 576921 613882 502521 375061 817655 372079 564922 474160 988448 229768 239900 508266 218566 829546 322715 317420 249023 446928 632797 467819 817835 115479 714137 132461 301453 135297 437774 643799 834575 579037 748482 547149 687079 561741 382292 493078 231642 746019 936190 680353 775790 336634 614216 657887 1018093 841601 148208 771497 840058 158313 506398 747463 710484 535622 248989 767156 423157 323387 798818 484089 674112 66140 637520 249461 274116 659704 251083 740669 821892 251507 291931 148626 862690 795850 414455 667278 618107
 343025 731020 1 521501 585796 326580 156678 522631 884447 416034 701094 249078 460371 393987 293629 329951 779828 299490 443443 876799 388992 127858 193604 535791 64354 153777 218116 467606 245206 493227 117494 81932 759844 192866 588613 230131 425438 400080 659067 876374 84851 142574 559764 422742 428354 154821 647309 404390 586021 463807 525075 622645 715567 459417 742919 620423 463621 293830 739651 72810 324923 764510 25632 550076 814505 952965 686146 466188 317149 480685 694681 188503 650664 334450 379500 146223 682807 640501 106116 274134 445978 553005 790972 199672 511107 874659 558727 897454 327224 541721 536204 181872 657837 463557 136380 521918 393322 552370 478292 213854 521431 579033 327638 312612 485667 69991 510772 420633 508312 374647 193658 396255 426778 329300 385182 74935 794531 280684 203213 468208 371529 874760 314143 172532 227650 232120 401612 559469 547350 202457 266473 265541 895135 932170 406912 865518 283803 575662 662553 549084 313100 235240 531078 330269 831847 509748 647098 673565 797082 293295 283972 125163 328890 532504 269560 56919 233085 726647 422367 720000 471506 309833 54128 291732 557565 220709 170795 369120 114976 801782 69379 272957 614569 774562 289409 376456 200967 946577 326108 308847 608842 88990 658736 647402 768749 398162 515321 657312 125257 935030 628424 272250 969185 541721 871006 219096 467368 654649 263565 178298
 183944 241845 521501 1 129039 734298 516600 114104 432931 116989 400820 296422 391191 210379 597214 228975 311077 785924 613569 380909 447685 590104 540844 758824 493222 674479 332546 69741 588750 396441 431443 565115 394739 642006 688526 740394 453443 812674 265485 392010 469374 611613 392769 224939 279370 497919 350050 346538 349883 562327 78949 216692 297638 118132 412946 339079 514393 545556 314471 519043 252017 278961 518585 62514 403600 503091 166197 672499 785835 493848 194610 688514 133101 463927 616862 375808 466423 464772 536755 393983 162528 349364 358401 648767 199965 612470 85484 409383 469609 403330 158311 678534 136337 146321 602366 158686 191051 245364 56186 313756 237801 63336 724459 210901 556278 586485 413176 114325 247529 215182 498036 126287 455982 289929 611451 499427 418416 299994 723485 725511 647993 382563 210758 354817 375967 289896 267421 755443 172896 336258 297071 766484 459913 478641 428811 440723 678575 143744 204758 47921 215582 393651 258843 682481 320857 487055 128506 203614 276853 242507 512602 612270 337267 522634 404398 486266 404285 290094 256968 212604 512441 698080 475958 635542 347153 376995 424379 780467 635985 280772 551560 684089 221093 397813 505901 605353 345061 489047 638437 236163 168639 599287 325106 479743 259299 399553 206319 360902 476533 487997 533233 581779 493168 289862 360861 686738 707292 268510 426234 386374
 246669 297102 585796 129039 1 747354 609467 63800 493068 175989 514804 339969 519383 332835 704969 337586 372762 821012 735491 410199 415424 672588 638377 880366 545826 733413 374803 192941 601265 330001 480837 614514 494205 674249 815945 788560 410691 821913 370135 431900 548229 652205 520882 351564 406799 528609 468113 472228 475309 687492 67199 324671 389029 245459 520030 227659 640813 542945 187873 568090 272749 331418 588000 66526 486403 558975 144821 793350 814260 438188 114423 733700 171541 447701 733029 441230 355834 590504 620324 505096 289983 259952 435896 680365 126336 487776 198503 444245 455478 322245 73336 756174 145263 274842 643098 85411 311834 148330 180460 371997 365378 145938 735314 297267 505286 644504 542198 227914 171859 223257 519179 221479 412961 405970 591726 548912 289410 323939 780705 843367 761386 415723 275688 413281 399843 365655 392693 878871 77344 385768 398817 808737 526865 534039 553721 514266 777708 25795 82934 82074 274161 411544 172224 788034 334710 422799 165063 89299 268842 338290 623528 657913 330668 455892 514997 560300 509061 165057 223566 143538 460903 708905 547239 740144 474497 403171 457808 791316 700286 266548 602509 780766 332243 268776 502674 721861 434999 541242 747253 337963 39611 670232 202637 378822 284564 363960 333961 478319 564259 546542 443595 587101 532129 416954 372090 772450 826251 140986 431560 426105
 555509 971499 326580 734298 747354 1 478231 686643 1148537 617313 1002364 442110 780033 676214 602042 607692 1032948 148086 762109 1114393 369486 413657 510160 835023 296916 270226 407713 702019 146533 501641 332354 244649 1049092 134227 908453 212199 396505 80131 934340 1122390 409550 185060 874484 711218 730488 244232 945864 719690 891725 788769 704800 891135 986731 714315 1039965 675460 790184 212124 844727 269370 484313 1007953 350748 738141 1092408 1219223 879547 776322 110284 420928 861364 187936 866446 315634 692002 408495 676917 958530 421354 596252 715933 593084 1060249 127838 633846 848732 796797 1141157 305933 547869 678894 392388 861543 728854 190408 664789 668235 651010 708596 441005 809794 797551 16708 559769 379060 275442 830806 663356 605851 528684 236693 627481 395797 631243 219880 283396 856981 434639 266023 764516 675060 1115232 533679 408898 358342 488418 700984 863740 683060 411151 560596 183096 1166516 1196309 731462 1140158 554568 728062 804699 744055 525000 341207 621870 612464 1054487 457195 861313 821138 1003040 562357 608017 207202 417254 457651 592919 382325 555650 841713 528766 890843 397239 39522 374099 586493 865358 357538 315233 47086 302346 1004066 257658 536169 886078 841536 250070 691079 498890 1209019 625700 582393 754734 343285 730141 623974 993514 413874 796275 956731 451832 1202249 566184 162037 1221671 839996 1094454 451999 768983 757155 315803 356172
 365975 688717 156678 516600 609467 478231 1 551079 816271 433640 600792 312619 340077 338912 142126 291764 724775 425519 286806 830627 513701 94655 40707 384057 210228 249714 295497 451481 401130 597864 232397 235968 671413 344103 432259 340165 548555 547937 589154 823569 94935 293301 445029 355952 341798 302412 552231 296915 484094 310872 543203 561466 647022 425605 646376 696013 317025 443094 783661 227459 388152 718185 131075 560012 735823 881043 681460 310835 451826 606871 706803 316263 632405 466311 223965 202214 778443 517706 58359 163144 398341 640305 721201 350396 564515 969024 529917 845791 460749 642765 575889 184217 647885 418813 288585 563036 347196 613748 464338 265408 445581 564236 480806 312451 622348 203949 387640 403566 574781 430570 339934 393339 550313 256011 536919 223989 856175 358396 292217 319024 220610 826413 338328 236729 333664 248403 322073 405490 589833 273431 220964 382828 820183 862613 275268 788403 171877 605786 691531 554350 343652 349418 598355 198984 798729 631749 630255 698621 777517 274615 130028 271400 426683 658808 154279 111301 129121 766243 495598 727919 602002 464515 127418 152904 453884 326284 292816 518433 201624 784550 225031 172063 550892 835149 432480 220291 174481 878096 179918 280712 639851 150057 724274 751234 736881 511207 448582 560786 52317 862725 745568 426753 908375 452092 835735 174082 315474 705521 389110 280206
 185939 329039 522631 114104 63800 686643 551079 1 525553 118334 514846 276243 487001 293654 651576 288368 403332 757840 691612 453859 364199 611585 581264 835606 482097 669772 311012 161631 540278 292787 417079 550715 505573 611141 779937 724786 363277 761982 377318 472013 486993 588584 500563 317547 373496 465384 464108 434856 461518 647797 35767 329156 404844 215991 525945 225733 603415 484490 235632 504294 209249 365224 525314 67526 507788 593741 196131 748192 751661 396568 177339 669971 204432 391907 684323 378586 352523 575771 559689 454672 259136 237028 459703 617316 88644 504006 197697 486317 399197 293849 44568 694190 186601 247418 579465 45097 271601 131265 151567 308989 347719 157026 674936 240509 462029 580884 514628 186260 137359 160194 456798 171237 365675 359847 537759 485124 325535 260530 716986 795501 710772 458099 214623 350102 336774 305119 355736 836174 60052 322142 345229 745140 556495 568856 514451 540639 720624 54725 141362 82368 212160 349100 146030 733352 382341 385300 198100 151051 321478 283543 572137 594149 271428 419939 464200 498266 455488 216117 169414 205725 417586 648472 484882 685222 456684 339938 394279 731051 636964 320747 538724 722886 334356 304203 444146 673441 376975 577443 694204 285546 88800 607547 217115 365975 327467 313341 316451 474987 504760 580088 421865 527270 573430 400095 421068 711833 779315 169785 370981 362330
 595615 196749 884447 432931 493068 1148537 816271 525553 1 543380 270007 707308 514744 490633 829640 555046 122464 1176347 754324 128561 880453 908252 822169 878558 876377 1034668 740986 448861 1006843 818100 823838 947313 178428 1041096 743197 1114513 884811 1228406 227491 90385 810742 1002487 424444 464590 474912 905092 289813 529748 361068 680007 492859 261938 169808 434757 226324 713341 627452 972756 585039 904911 679235 161651 872729 458260 97403 70894 359382 811892 1184160 921659 429679 1069501 322606 895926 800591 753399 837154 414578 858553 654664 439582 753017 95073 1048279 612319 925701 356527 100469 901198 814798 560188 999875 348282 423631 993548 567696 491564 641395 444178 708779 370725 373297 1140595 590015 986145 954338 489158 485239 660707 647102 912984 522046 887310 563626 1043161 886182 694799 723018 1083684 880252 843341 115931 615432 744324 794700 666203 494473 856699 568612 737720 618715 1148109 42122 47956 588314 58842 935340 518788 505538 444842 624940 815050 664365 912458 200078 910786 329087 488031 272124 595376 745598 996647 768997 945197 664464 835245 687246 560414 687867 408949 941873 1114782 831389 876076 389407 794202 833305 1195522 989175 283655 932551 949188 269926 681677 933989 788968 683781 62207 859418 577632 517424 942575 673640 867888 218877 831784 370742 286672 796388 55068 936194 1004478 99954 369981 189618 986247 856470 603600 852628 792452
 73022 356697 416034 116989 175989 617313 433640 118334 543380 1 471560 180913 390836 193740 533492 174414 423036 671059 579566 497556 343962 497253 463205 722374 382251 566981 217166 101452 471839 316875 318909 453377 483395 526323 675816 628864 355000 695741 354693 507509 373275 497508 422712 224857 279238 381617 415732 332758 396035 540257 110804 305799 396339 143610 492875 312450 498906 430464 353693 406957 136339 393656 416062 134063 504466 614094 272752 634836 669861 401840 279430 575899 249616 353269 568428 269963 429356 505014 444736 338241 177193 294750 463226 532999 160190 599048 187024 525410 358172 335910 150028 582064 248493 173738 488263 139921 171288 215077 101753 203447 281823 180250 607515 122201 459641 478237 424981 93499 195125 106423 381069 61809 357602 248073 500058 387378 438903 183184 615373 679983 593723 498900 102047 245137 258979 190372 256481 724759 165829 222847 227405 653248 567523 590029 408602 545748 602583 172717 257900 134128 103426 276817 214611 615038 437632 401233 244727 265270 390680 165441 454873 499532 226463 437375 347498 386637 337486 334451 167473 304087 417261 581150 374415 566896 384522 260033 308141 663503 531008 393468 440299 605181 306076 417476 391207 557759 259248 601236 576194 168683 206667 498040 319493 428886 376267 299268 253497 427318 388280 598314 467488 465390 608171 332230 477636 596782 664483 283117 310626 270939
 493438 290000 701094 400820 514804 1002364 600792 514846 270007 471560 1 586525 268301 330013 585693 397676 254677 1000575 491097 356481 808598 695432 597610 610054 709806 840158 613172 372279 872960 786771 670239 774929 91657 879984 473238 926821 823838 1081884 149774 327422 619042 834866 165847 292930 273489 761319 57878 303999 116765 415819 479361 190638 163258 329014 48514 738208 365147 859773 671531 738646 588245 286702 684070 454895 172653 315291 436299 546719 1016249 872908 510802 889469 367992 805549 544308 593880 866301 144916 651205 438998 305625 749191 194156 887287 600060 1000362 318349 348022 808038 800098 558733 783578 404269 301622 826718 559502 342590 646087 376238 570476 198983 368921 997717 459323 928536 769853 231844 383592 646564 574751 779339 423777 826448 373385 944486 722098 785365 618545 886913 615730 588024 345541 501846 596269 675866 517957 301989 587225 572714 602331 442294 965324 253650 305154 342142 220397 694264 536025 566343 438056 514642 699105 659266 663677 384422 872734 372873 555207 424554 444310 507786 823277 684779 908872 447041 646222 477521 644715 638602 504908 887213 973817 647069 632287 146912 672990 697146 1048976 792248 437652 760071 710493 182562 767219 825513 533202 505956 321609 610322 423528 551516 741992 717421 880493 354237 767732 221546 46365 593307 297969 931375 879318 369460 162405 400441 759948 591654 653275 744425 656442
 113828 529799 249078 296422 339969 442110 312619 276243 707308 180913 586525 1 421212 258382 440865 194982 590898 490147 535010 673605 246390 351713 350147 664867 205858 393629 36255 259911 299553 294694 140922 275097 619825 345620 659052 450070 273533 521640 498580 680541 229579 316857 490400 296690 333583 201811 528656 354441 487436 518635 283123 453172 548443 275304 618023 384323 491932 273907 490891 228570 77734 566083 255093 311947 655669 778127 452859 580245 489415 332052 451696 396208 429522 225713 500244 113606 467358 578296 303979 287647 284230 328044 620649 352359 263011 656990 354751 699570 226291 335713 287289 426675 429403 293772 307621 272939 244028 307207 266685 47917 387698 358875 433592 127223 370034 304815 467709 222354 265339 125953 205784 185474 275888 250808 358347 209227 550784 49935 440744 609589 513556 673989 91882 79946 89941 91290 303158 676546 298277 46625 186468 472972 726819 754938 405978 701677 483267 328056 414522 314116 82918 112729 288760 510369 617057 347786 424874 426328 571588 149767 380979 319920 129008 380456 292601 233702 265060 477586 183362 478549 336509 407632 218032 462904 466481 88061 128332 488908 362093 574344 262756 480486 449463 530279 238990 491876 165388 767391 483131 170072 360764 336460 416269 444065 555006 223403 368288 540173 260779 761390 450034 298904 779584 427609 657040 452530 599500 406735 158220 90049
 370447 443208 460371 391191 519383 780033 340077 487001 514744 390836 268301 421212 1 197106 318302 234998 451080 756216 250158 563650 666771 434185 332260 389712 483278 586830 435848 327371 666527 688255 459125 539886 349355 649874 298083 676089 691485 856947 304008 545764 375576 601223 105602 169458 113506 552574 228306 66806 155938 183281 459283 298649 357221 273965 316115 702469 130131 673461 705634 510670 456084 461258 439789 453269 423442 571645 514833 310777 777008 748288 571620 644691 446285 645452 286681 384482 819952 180252 394253 186440 229503 683166 422891 657004 550064 987923 346720 568423 644950 716883 528985 519526 476416 244880 594041 522697 219590 604514 339257 387962 181437 402063 778213 311184 790762 525403 50781 302596 585705 466025 578943 329085 693957 170404 766377 497067 808304 466106 631361 375452 328900 555978 362878 399033 500008 333236 134431 378247 545337 418213 238470 717009 509067 557072 74398 475725 426418 530591 595556 439096 376344 523608 605447 398707 558266 758770 447621 592824 565797 274123 239536 585494 544364 793531 191993 403531 227449 681034 542488 580206 755535 756743 408433 364976 126117 494968 501100 824927 538424 576665 525625 442328 284974 787389 645949 274890 287874 573420 345428 255897 558703 487013 703338 816304 505681 638045 205820 234347 341664 553479 845366 680456 613361 152749 587878 492772 352973 655011 572141 464770
 180875 349889 393987 210379 332835 676214 338912 293654 490633 193740 330013 258382 197106 1 395516 68528 389696 688631 403446 492767 492520 425554 354449 548639 390250 544165 283471 141191 543666 497650 344170 459539 373114 558841 486316 624116 512897 756184 265248 487879 320744 516884 239108 38446 86473 433192 272399 141253 229233 354967 268913 229255 321581 96089 364688 505543 309772 530273 520707 419163 273224 380010 382135 269029 421795 558980 360536 462160 699432 567001 403083 580217 302138 481765 407703 269318 622982 325749 373653 192829 60060 486943 396986 566134 353105 791438 196451 509714 483279 523226 334200 517546 323711 81010 508225 327065 22518 407685 154494 240485 133643 240516 670653 132559 615777 463944 232529 107419 388714 274603 449694 132029 515461 86287 616655 401256 618304 294821 593292 515470 440509 489123 180548 267753 346795 188630 62920 546156 350580 272322 128182 658503 501347 538279 221263 472159 486031 340722 413103 257107 194140 370272 408347 482124 460110 573579 301119 413451 443180 114593 308638 508852 367557 609163 203596 344758 213150 497536 349383 417795 577351 646191 340773 436926 209594 343602 367439 723144 499075 451288 444647 494677 220709 597101 496810 396047 193159 552808 435100 94054 371075 453552 508196 620565 398688 457560 122046 283711 310718 541045 653232 549352 577280 169404 496871 512961 497010 463200 416584 326574
 473353 731396 293629 597214 704969 602042 142126 651576 829640 533492 585693 440865 318302 395516 1 369112 754231 526677 165560 865147 654064 188819 101783 242560 351038 347500 428793 528139 538654 732433 374064 367910 667590 470090 310338 435229 688438 665990 609713 852032 236725 420358 420273 399326 366093 443689 546387 301997 474140 214578 637771 592434 666146 490786 633862 817772 242403 584398 887156 366094 512507 756104 268247 648613 740573 888750 755168 174563 559129 747131 791713 425485 697583 607904 90412 336700 908066 475137 187713 203684 454526 768000 736023 475691 678216 1096763 591716 874735 602521 775677 681950 241770 718854 475513 417129 670305 410450 730186 541672 392950 469881 635162 606675 412106 764173 327853 355111 483322 694556 550085 481548 483529 690273 309954 677594 364426 968611 489093 378852 176902 78550 859020 448506 370189 472332 364226 357194 265959 697011 406188 306447 479697 826297 873273 243939 793126 108992 705353 787901 640090 456504 489288 717978 86841 845867 770998 696630 792325 836660 368065 87761 395983 561544 798919 193094 253034 196112 867428 620299 809309 743053 592985 269461 46677 444056 465017 434331 638697 304764 845380 358896 126892 580008 947285 574541 91306 283557 889477 43017 367010 738902 259166 840683 884245 787004 649030 482091 552634 191218 870495 883026 565807 926818 460212 879969 195936 173990 814471 530281 419379
 137227 404535 329951 228975 337586 607692 291764 288368 555046 174414 397676 194982 234998 68528 369112 1 450152 622082 405157 549494 435611 372630 313157 548104 322887 481882 217490 161194 475464 453668 275717 392881 441550 490856 505282 559726 458481 687670 331560 547271 260832 449513 295769 104750 138807 364708 340258 170303 293781 367723 270633 293108 387028 134957 433045 483216 329193 464105 522946 351725 221243 436710 319826 279593 488903 624096 391175 460580 631985 514440 422977 514510 340644 420353 396118 201218 593853 383587 319628 167538 116038 454320 462269 498140 332540 770086 238959 568646 421204 483857 323886 463859 356736 134103 440772 314259 63485 387358 174462 173131 202160 272829 602130 76213 559568 399646 277865 114661 361628 232633 381678 117175 460995 74469 551962 333582 612644 235360 531263 507151 423801 546752 127883 199274 281581 120350 108661 550379 339899 205072 71092 593073 567365 602880 238611 538744 449956 340358 420309 271006 141370 305261 383134 453823 510641 523991 338503 423825 486032 46771 286151 442240 311583 558927 177533 283205 175313 501789 309753 441571 522830 577691 277652 406683 271824 277957 299472 654628 437947 492881 378039 456112 285600 591228 431582 385154 131219 617080 410859 25884 373116 394345 493628 585689 448053 404243 189624 351471 257087 606314 611137 481745 639269 236069 548679 464857 490994 456632 352412 258807
 478066 75702 779828 311077 372762 1032948 724775 403332 122464 423036 254677 590898 451080 389696 754231 450152 1 1067043 699715 112586 758290 814122 734993 833351 767172 932030 625308 331140 889941 696023 712175 838859 179770 929109 711657 1009009 762387 1112537 147072 98844 709906 892321 377064 368863 389666 790591 248700 452429 310049 628462 370454 163635 97919 322904 226735 595832 574482 853254 479032 795315 559261 45306 769944 335957 129379 192068 244839 759555 1072855 799249 318625 962075 201442 774691 736448 644110 721255 392874 762828 567092 334228 632447 77287 936216 490437 820212 237131 121259 780147 693633 438619 906169 229246 316273 883262 445791 387189 520900 325415 595490 284635 250924 1024474 477566 863683 849259 436101 370347 538947 525795 796644 405468 764884 468928 922094 776247 591630 604141 981395 825783 777468 105156 499276 632518 677058 555830 404273 815912 447500 623441 517244 1040909 154115 167565 520968 143589 856259 398348 391573 322417 508099 696841 543206 839534 130596 788626 207937 375086 182919 487448 667651 887997 647835 823156 577421 733117 596043 453336 565452 301492 819415 998461 727799 799784 333422 676910 718065 1079791 887820 196018 824271 868314 175077 576851 814177 724497 580959 178239 787547 471047 398984 843063 558857 749743 115897 709467 276634 250613 699992 177375 816346 886322 190108 298692 146501 897603 802840 489053 733212 677611
 602043 1012391 299490 785924 821012 148086 425519 757840 1176347 671059 1000575 490147 756216 688631 526677 622082 1067043 1 691975 1157940 484103 342112 448722 743406 300051 179582 453893 742534 242830 616423 356247 229201 1058153 146820 836921 92573 515661 165370 953567 1161220 382546 175113 857600 719510 727662 292462 946634 702722 885460 730849 770171 914661 1009062 744140 1042215 783155 742002 325189 940600 271740 548772 1047492 317490 800813 1110416 1245853 942433 695683 42839 549100 935167 111617 918866 424767 616536 423148 800686 936375 367473 570004 736847 702628 1084215 140903 718686 979638 837043 1181429 414642 665088 757967 292316 919549 752807 184290 743384 685379 744556 751301 474495 818781 847632 163741 590093 515359 231410 805972 698799 698260 597761 304633 667804 515451 628286 358650 290810 966204 497412 151814 672761 592051 1157182 576110 435471 421175 511214 700529 775470 764796 449845 563187 48943 1189446 1224273 697582 1160691 458376 804794 886914 803888 570408 410720 717033 518402 1105510 585295 914412 901644 1061723 580976 552702 179843 502130 590600 564228 354923 529209 934193 614932 963425 527578 175226 353512 501670 856885 417902 364460 152714 225364 1064468 244051 437854 907578 949197 355930 617976 497736 1238149 541984 598865 834527 276034 834336 750619 1042922 521670 810655 956703 414702 1228170 699681 272038 1257147 840873 1145379 350097 681054 852177 400935 400151
 534201 693288 443443 613569 735491 762109 286806 691612 754324 579566 491097 535010 250158 403446 165560 405157 699715 691975 1 812255 769879 351940 252162 145275 493964 512578 532716 544631 687019 828880 503024 522367 580431 628700 146384 600718 801695 828488 552858 792671 372553 578197 329882 391337 341984 583908 464560 270928 394271 75487 670233 548765 604225 496686 539238 885698 126875 723199 923170 513372 595991 711281 417863 672402 659274 805575 754242 60889 723830 861068 804135 589442 688505 731033 78446 448798 989738 359449 341457 250319 453739 848448 665871 634682 736817 1171624 584855 815180 727137 867230 728690 406635 716042 472887 574081 719346 423837 791360 557894 489262 429847 636780 765689 468759 887291 486681 265716 507753 762530 623707 619739 520994 803806 331968 818325 508176 1016967 584944 544402 126310 116439 804138 515235 478026 586680 446713 347375 145379 744804 510403 363108 645172 743317 793674 188987 709796 256528 741624 816411 660534 526252 606883 784917 204584 808413 880561 689101 816885 814124 422852 163978 554981 663159 911533 243761 394765 270134 900490 699535 816349 860916 750396 408783 197889 367767 579812 560556 800362 468906 824631 511758 277837 535113 995585 707731 74527 369744 810179 159937 413658 773072 421599 898630 974097 755344 756048 451383 467794 324986 787907 985015 711337 854101 402591 837923 357604 103127 860953 652274 537169
 559778 145902 876799 380909 410199 1114393 830627 453859 128561 497556 356481 673605 563650 492767 865147 549494 112586 1157940 812255 1 817484 918320 842635 945386 859494 1030075 709113 415619 969311 740197 801731 931664 271853 1016996 821500 1104218 817070 1193131 259648 38187 810321 982827 488477 475140 499605 875247 357841 563771 421580 740825 425313 272864 209024 417384 321499 617645 686882 925875 473270 887013 632887 112870 868541 389780 200305 169368 266846 872036 1161145 847884 327813 1055485 252293 840682 848822 737169 736712 498852 866326 675247 434991 666531 163013 1023961 535337 810668 320900 36542 847060 730514 481968 1010308 267481 415693 973657 491790 487822 556077 407490 683664 395269 317603 1104886 568361 914482 945480 548315 459317 581967 594059 877773 490595 819453 574696 988019 867641 579130 680738 1079563 938348 889683 12798 583639 722498 756181 648394 512523 927438 487537 709760 618537 1134286 170520 147251 633322 182562 966164 435753 406106 379490 590931 774369 581835 950781 81535 832991 258167 387306 157238 583514 778216 980350 715344 865912 685716 832427 702602 450178 622462 302985 870016 1078567 825944 910441 445596 756856 801896 1160777 987053 166690 917342 977710 285144 567619 885994 836858 680699 147278 899033 568628 427603 943827 572684 772337 126414 766964 384912 358600 803377 164229 845314 962686 123293 411188 61482 1004198 915381 503222 806950 762485
 315861 686892 388992 447685 415424 369486 513701 364199 880453 343962 808598 246390 666771 492520 654064 435611 758290 484103 769879 817484 1 516207 554328 890745 324829 478194 239172 445160 241338 132862 282527 357564 826815 350744 900315 490726 36663 432773 698550 833962 419047 357402 730414 530687 573771 243957 751321 600136 719717 760601 392278 649741 739814 480826 833784 306224 736777 159852 480535 326062 220910 723857 408612 427814 847685 950346 558761 809730 462318 93178 523289 435857 566017 61217 725623 321741 318351 817797 483214 529116 503653 223700 804847 353958 290470 503822 528018 849230 71063 181000 342230 562035 550711 507033 350954 330140 474511 293320 445602 285791 611606 507521 354356 361132 124053 407174 712299 425498 251991 237546 209081 385068 37831 496546 178649 316149 487508 200763 511508 829786 731341 821246 311990 291870 183492 337061 544092 906686 341447 260702 432742 491670 907466 925755 651960 887401 669243 392036 456393 438943 298438 164892 263305 709383 746507 120783 559918 474647 683827 393116 609146 377092 125010 145177 532761 408305 501432 480464 195030 553493 91241 330197 390629 665591 701892 190543 222319 406428 470146 681922 354453 660365 649738 472091 128914 718779 403807 935638 693455 412322 412129 470968 361817 272072 691250 51552 587103 763005 462966 935503 240318 213039 935621 657195 785080 606634 823145 394939 126036 235104
 425957 774982 127858 590104 672588 413657 94655 611585 908252 497253 695432 351713 434185 425554 188819 372630 814122 342112 351940 918320 516207 1 107802 423348 192167 162822 326563 528150 361662 616413 238236 187191 765559 282920 498009 253024 552523 477225 680840 912721 124709 234244 539356 445568 434777 281736 646668 391515 578721 388788 608043 651433 738668 507585 740946 733775 402144 418526 838657 197633 429445 805554 107756 628342 829112 973681 756208 362719 372329 608241 775380 237525 711444 462238 279150 238521 803961 610848 53398 257304 483874 670671 813238 288207 613364 995890 611481 934755 455068 664056 631533 92052 724261 503817 231989 617882 431583 658888 540430 308555 537607 641636 418793 380471 613320 141954 481188 479856 616860 476438 320567 464368 553926 345539 507184 202568 902488 391158 201235 353560 261614 914594 397044 271780 348645 306970 413793 450723 644282 307031 301757 296903 913140 954884 367880 881584 156941 666062 752947 624446 399699 359054 640187 207264 883004 636853 708821 761792 857728 348345 212286 208982 448550 660127 248696 118338 221530 823255 533138 798265 599333 406171 134991 174478 548527 341398 295769 449888 117248 864053 181119 145175 641301 881947 416528 279089 245482 970229 212705 357971 700005 70413 767876 770928 820572 523132 539002 655299 115560 955390 754969 391766 999279 545936 920716 101009 356291 756714 390399 296366
 397470 702620 193604 540844 638377 510160 40707 581264 822169 463205 597610 350147 332260 354449 101783 313157 734993 448722 252162 842635 554328 107802 1 344149 249515 270099 334415 474195 438770 637377 273102 270672 671830 376570 398383 360552 589120 577794 596181 833819 135642 326037 437859 367662 347513 342041 551395 295976 481539 282592 571645 571359 653934 444679 644180 732370 294357 482761 815157 265483 424761 730821 168016 586775 738973 885501 704302 272594 477404 647492 732926 341832 652617 507014 185903 241240 816859 506165 89391 168060 414447 678160 727191 382595 598496 1007056 548676 856241 501436 681911 607735 187447 669831 435270 321952 595196 364898 648572 487333 302569 452627 585847 513556 341186 663023 234742 377564 426884 610463 465901 379810 419762 590890 269193 576215 263047 890192 396718 308964 278588 180331 837860 370526 275557 373960 281764 330731 366389 622027 312152 243776 404211 824012 867867 263225 791731 139379 635851 720879 580258 376697 389948 634029 160256 814268 672225 650806 727228 796443 300967 104495 302965 466167 699413 157947 151253 141299 797073 532508 753087 642698 498286 167718 113258 451074 366589 333523 549069 223359 803977 260614 143271 560179 869066 472782 183120 204577 883599 139218 304828 669849 173216 759230 790446 753098 551397 458380 559345 92004 867151 785737 465159 915976 454459 850539 164210 275551 738416 429808 320578
 674038 831916 535791 758824 880366 835023 384057 835606 878558 722374 610054 664867 389712 548639 242560 548104 833351 743406 145275 945386 890745 423348 344149 1 593585 569965 658392 689830 780362 959534 614193 608035 701366 706065 158761 650889 924132 893710 687620 923558 477714 657586 457492 536465 486466 686186 591205 415643 524034 206635 814862 687434 736405 641952 656784 1025619 260536 826905 1067919 608427 730202 847914 510541 817520 781855 924965 898755 87541 779966 983299 949321 651732 832411 847196 165346 569596 1126219 469383 429689 387898 598936 984895 793758 711176 878219 1310441 729344 945778 842279 999955 871984 451216 860484 617985 655173 862290 568902 932451 703113 617776 570975 781713 841099 608887 1003845 565172 397343 652509 902032 761072 723928 664622 926095 475761 920147 606985 1160637 714548 591631 70794 164275 936621 653549 601299 707521 579721 492579 38087 888001 635731 501747 694708 863662 915191 333232 830450 285032 886094 961480 805743 663905 725994 924745 225069 946376 1005247 833172 962090 955479 562834 283994 632275 790827 1034645 380081 495297 401316 1045405 835725 961304 980820 829327 511444 248970 499942 700361 673946 868550 532961 966277 599833 305668 673644 1139231 816374 173073 500139 931655 210996 555066 917762 492902 1040629 1107771 895089 881612 593891 592862 430996 907858 1113714 808040 978473 540022 974396 393497 68599 1004598 768899 655717
 310292 713694 64354 493222 545826 296916 210228 482097 876377 382251 709806 205858 483278 390250 351038 322887 767172 300051 493964 859494 324829 192167 249515 593585 1 188174 171520 445165 194073 431329 65204 72262 762181 170182 637270 247173 361328 374713 654398 861810 122073 126645 577787 422665 436553 92840 654247 422812 597237 507593 488160 614826 709478 444320 749305 564171 501879 233419 691359 28966 277568 748412 86171 515630 811770 945999 654865 520975 309183 416369 657257 196179 625000 270098 434108 123108 621802 661616 166124 300864 437011 494361 784509 177484 462411 813415 538899 882232 262902 480250 491581 241477 628910 452785 117981 477058 385915 500662 454670 179523 522113 553294 294953 291134 421752 99988 534059 400223 455645 328146 131253 371225 362636 336713 326732 14493 740866 229911 234895 527167 429494 858364 282580 138474 169105 211462 407830 615686 501624 160420 267840 274863 889977 924314 437065 861590 347659 533633 619759 516375 279024 174011 477893 392771 809727 445607 620947 631953 770072 281018 331258 120925 270125 468169 298359 99411 260895 679813 368999 683763 407168 273903 85366 352752 570154 162595 109262 342309 160871 773844 58354 337182 607964 721287 226306 430071 203933 938138 385651 299195 566036 148470 604857 585096 746798 335325 512219 664790 169210 928369 564520 217375 957256 548064 849374 282309 524997 605006 199716 124345
 494206 884389 153777 674479 733413 270226 249714 669772 1034668 566981 840158 393629 586830 544165 347500 481882 932030 179582 512578 1030075 478194 162822 270099 569965 188174 1 359657 621342 266091 599330 253372 126023 904001 157413 657838 90607 514319 323880 808185 1029029 224363 125637 690407 570841 570815 237526 788400 537691 723727 551587 674630 773390 865221 612730 883828 745137 564228 342790 878761 169333 465673 917628 162137 700955 961968 1102513 838437 518040 211879 562105 844097 82667 804211 417691 437611 298673 791067 766000 193002 402779 597829 671475 940606 159747 649948 980365 712460 1050263 408457 649271 679753 122192 810787 615890 129986 665227 544931 686635 631956 363594 668208 732530 278964 466289 549297 88946 635556 574409 641083 516280 269403 549674 515015 474136 414736 187138 924503 417448 49496 499176 414725 1027857 465664 321885 351741 385693 545981 600612 689737 347645 415997 134124 1043820 1082202 524526 1013561 286311 721635 807879 700713 463592 351432 662819 345391 985619 595544 800577 819935 950497 446624 374471 102208 449960 611228 395836 199425 363083 867657 554312 870128 546833 272838 204290 324485 694242 345976 289500 299744 48411 955032 134681 267107 764807 905373 356248 438745 351302 1096866 364655 461607 754145 99992 788649 748966 922522 500772 664318 797847 247033 1084451 715858 300524 1120908 684250 1024762 181844 505782 791939 363693 311685
 149472 564998 218116 332546 374803 407713 295497 311012 740986 217166 613172 36255 435848 283471 428793 217490 625308 453893 532716 709113 239172 326563 334415 658392 171520 359657 1 294701 266558 303647 106325 239759 649590 309461 661271 414395 269480 487466 529983 715600 207602 280671 510354 321324 354443 166134 555399 369132 511261 521446 318860 485286 580762 307621 646072 407220 498142 246818 521780 193298 106955 601153 226260 348006 687537 811736 489046 575209 453332 328781 487048 360294 465641 210133 493128 93284 483140 598221 281068 289944 313748 346187 653519 316224 293048 674168 389698 734785 209206 347527 320198 397916 465657 324512 271439 305714 270845 334722 301869 47998 414976 394884 399610 155723 360756 271103 483707 255747 291363 157153 172206 219906 271667 266251 334800 174115 577660 64626 406295 600725 503471 709355 126079 58864 64655 102720 323781 671999 330548 22701 197792 436873 759766 788707 414712 734154 463873 362168 448239 350319 118183 88446 314458 494398 653075 347919 461024 460495 607838 170949 374675 284068 132906 378887 293672 208250 263061 509334 206679 514114 330367 373834 191694 447665 489077 60532 92901 454630 329613 610598 227718 459719 481086 557446 214197 485409 164697 801339 470342 191812 394517 306481 442303 456090 590941 223587 397053 566816 243190 794870 455528 267992 814334 452798 693048 426740 591952 436537 136634 53836
 146962 270638 467606 69741 192941 702019 451481 161631 448861 101452 372279 259911 327371 141191 528139 161194 331140 742534 544631 415619 445160 528150 474195 689830 445165 621342 294701 1 558806 414497 386289 517427 381947 601431 623131 691429 456436 781499 253390 420967 409867 567440 339766 158735 214253 460574 317449 279338 304664 494816 132053 204667 296476 54369 391980 384729 447873 524337 380543 472232 232422 306555 462484 128078 404746 519754 230156 603310 745568 502743 264137 641342 184045 452182 547131 324152 508858 417310 474762 324683 98081 381930 365306 608416 235940 665585 95065 440355 456556 429250 205290 617856 196510 85857 558250 201339 121424 287411 13585 268092 189657 113496 693392 155141 561048 534592 353223 48295 279224 207666 465564 75048 459037 220237 597973 452751 481042 274337 670705 655889 578297 415314 168665 307351 346057 235855 199842 687079 221341 294289 230776 719966 470660 496196 361083 447516 611132 203222 272148 115920 177028 366204 294897 613680 364861 500953 181034 272261 330806 179927 443173 565714 326009 537062 335156 428579 336248 356922 266672 281183 518549 667348 419596 566973 297204 345801 387593 748799 580886 336467 503340 617255 204654 460074 485976 535631 282700 508250 569170 170946 231872 541741 378712 515518 301825 400720 159280 328906 413473 503393 560957 555665 519688 241763 404363 623184 637785 327774 404245 347578
