NAME : domp40p20v2
COMMENT : Cherkesly, Contardo & Gruson 2022
TYPE : DOMP
DIMENSION : 40
DISPLAY_DATA_TYPE : NO_DISPLAY
OPEN_FACILITIES : 20
COST_SECTION
 1 358200 887119 339039 731169 502636 725947 620815 820492 286859 644337 1031900 577895 1104056 837382 802811 461971 700025 411222 416682 521512 456957 719312 504957 450138 965558 545995 578658 1014311 801665 1086041 716185 727656 978087 756902 676762 176344 560012 199970 371417
 358200 1 529522 19162 639942 689809 816762 292582 490650 199044 711930 812552 329182 953113 575021 748756 193923 510873 488531 305107 510984 509225 532141 219196 587475 612083 281319 329855 658205 451806 933076 759638 557034 791195 415577 768564 416363 438309 228499 196297
 887119 529522 1 548642 802384 1111689 1133793 315941 230685 658486 1029794 690323 470638 920449 465805 920456 483210 594859 882446 648265 822286 876365 605635 444360 994480 110655 453783 470383 133353 130244 901934 1041466 643114 741183 197092 1096375 915791 669120 740997 613823
 339039 19162 548642 1 640249 676425 808291 308540 507395 188293 704019 821953 337676 958552 586616 747567 201422 516622 478090 301652 505312 500250 537927 229518 575454 630887 290577 338367 677218 470245 938580 753222 561857 798379 433206 759807 399133 438466 212193 193119
 731169 639942 802384 640249 1 510276 379984 531035 582535 494347 302574 397335 367877 380303 384685 120830 463138 207838 360513 347801 223018 313864 199472 464460 419164 793976 410182 367685 857777 672792 364157 273397 163620 303606 607414 361687 595963 201784 780993 832808
 502636 689809 1111689 676425 510276 1 267357 795759 945900 493778 241843 906052 653209 862024 829038 501994 633870 631296 229564 463429 326724 244520 639053 669019 117997 1148035 659940 653666 1209808 989930 850035 316597 620192 813827 925621 229723 329574 483403 670218 813077
 725947 816762 1133793 808291 379984 267357 1 829412 932216 621398 107399 760373 664813 657886 758987 313301 699913 566181 337483 527315 320733 308398 564868 722481 276079 1144688 690206 664988 1208765 1004339 650028 107132 534004 657264 937247 50108 550504 464790 861636 976866
 620815 292582 315941 308540 531035 795759 829412 1 200823 359045 723449 566210 167511 750487 312867 651847 173650 337696 566513 332353 512223 561327 354977 131414 678548 362585 140096 167496 420567 197613 730294 743110 390733 572465 140136 789335 617110 367213 520729 456152
 820492 490650 230685 507395 582535 945900 932216 200823 1 550985 832115 470906 293756 693841 235588 697887 363879 375187 718149 493982 634825 702623 383322 319792 828054 212862 298065 293239 277002 117378 674910 834508 420148 513205 88870 898854 805355 474759 719134 638747
 286859 199044 658486 188293 494347 493778 621398 359045 550985 1 518270 751268 291553 846448 550523 589842 187276 421779 289802 148316 327845 313009 442077 231324 388883 719695 262761 292311 775067 553413 827370 571206 455623 705617 499165 572543 258642 299965 286761 360082
 644337 711930 1029794 704019 302574 241843 107399 723449 832115 518270 1 696528 559830 625690 669115 266146 592515 472514 241325 420136 213440 206597 473447 615267 205256 1043929 583913 560032 1107876 900778 614947 78341 445290 597417 833741 66801 472348 360832 767542 876012
 1031900 812552 690323 821953 397335 906052 760373 566210 470906 751268 696528 1 484694 242046 254596 448736 621316 332028 731792 615536 596228 690756 313309 593491 808491 628296 531401 483984 681373 588277 226740 654269 311168 105891 545932 750933 934982 482563 1015563 1002334
 577895 329182 470638 337676 367877 653209 664813 167511 293756 291553 559830 484694 1 629943 261229 488207 136626 191341 424712 202509 351770 411428 211670 113162 535230 495615 49488 767 558159 342917 609714 576400 242699 463033 276474 626224 528390 200640 533040 522550
 1104056 953113 920449 958552 380303 862024 657886 750487 693841 846448 625690 242046 629943 1 461150 360278 759947 442282 739797 698911 603160 692298 421051 743015 787205 865875 679431 629375 920801 809672 20288 562799 397169 181687 759624 664231 975665 548038 1129468 1149085
 837382 575021 465805 586616 384685 829038 758987 312867 235588 550523 669115 254596 261229 461150 1 489044 392304 199249 617481 438065 502435 588128 195797 357743 716334 429294 300833 260463 490643 349369 441793 654545 224984 279575 298649 733656 772275 348694 790270 758385
 802811 748756 920456 747567 120830 501994 313301 651847 697887 589842 266146 448736 488207 360278 489044 1 578368 325749 404558 448477 281310 355777 315085 582356 433299 907763 529648 488034 971185 791329 348993 209636 277873 344569 726462 310156 652366 312425 873723 938544
 461971 193923 483210 201422 463138 633870 699913 173650 363879 187276 592515 621316 136626 759947 392304 578368 1 317718 407468 176145 379549 410175 338911 44089 518617 536139 91609 137334 593465 370600 739850 625543 365216 597305 313480 655716 444042 266963 398173 389236
 700025 510873 594859 516622 207838 631296 566181 337696 375187 421779 472514 332028 191341 442282 199249 325749 317718 1 426036 283516 304627 393062 21316 302977 520284 587306 240307 190865 651286 465586 422220 464345 53065 285628 400811 537955 606965 159179 695325 706803
 411222 488531 882446 478090 360513 229564 337483 566513 718149 289802 241325 731792 424712 739797 617481 404558 407468 426036 1 234453 138447 48792 437650 440932 112036 918768 430378 425194 980379 760368 724201 307692 426501 651966 696102 287603 249290 269011 526267 640114
 416682 305107 648265 301652 347801 463429 527315 332353 493982 148316 420136 615536 202509 698911 438065 448477 176145 283516 234453 1 210104 234115 302646 206865 346442 688195 198753 203126 748875 527495 679981 459571 311968 562738 464320 481897 334237 151668 434646 490549
 521512 510984 822286 505312 223018 326724 320733 512223 634825 327845 213440 596228 351770 603160 502435 281310 379549 304627 138447 210104 1 94593 312974 401841 216816 843717 372214 352051 907105 694615 587159 249601 296607 514131 627973 278046 375491 161064 602023 687292
 456957 509225 876365 500250 313864 244520 308398 561327 702623 313009 206597 690756 411428 692298 588128 355777 410175 393062 48792 234115 94593 1 403116 440123 128556 907040 422597 411841 969470 751816 676916 267376 389143 608460 686413 259595 297576 240156 563585 669518
 719312 532141 605635 537927 199472 639053 564868 354977 383322 442077 473447 313309 211670 421051 195797 315085 338911 21316 437650 302646 312974 403116 1 323698 529460 594508 260813 211176 658307 476982 400976 461741 37611 264655 412970 538263 623728 173466 716381 728038
 504957 219196 444360 229518 464460 669019 722481 131414 319792 231324 615267 593491 113162 743015 357743 582356 44089 302977 440932 206865 401841 440123 323698 1 552720 493907 63760 113753 551944 328975 722797 643754 353070 575827 270541 679633 487647 275605 433343 410284
 450138 587475 994480 575454 419164 117997 276079 678548 828054 388883 205256 808491 535230 787205 716334 433299 518617 520284 112036 346442 216816 128556 529460 552720 1 1030057 542195 535689 1091876 872218 773480 282870 513324 721083 807763 227446 274438 368691 595339 725229
 965558 612083 110655 630887 793976 1148035 1144688 362585 212862 719695 1043929 628296 495615 865875 429294 907763 536139 587306 918768 688195 843717 907040 594508 493907 1030057 1 489491 495206 64143 166333 848374 1047344 630834 691547 224342 1110714 978318 684949 831343 713651
 545995 281319 453783 290577 410182 659940 690206 140096 298065 262761 583913 531401 49488 679431 300833 529648 91609 240307 430378 198753 372214 422597 260813 63760 542195 489491 1 50059 550428 330026 659202 605913 291149 512120 265906 649607 509925 231227 489782 473723
 578658 329855 470383 338367 367685 653666 664988 167496 293239 292311 560032 483984 767 629375 260463 488034 137334 190865 425194 203126 352051 411841 211176 113753 535689 495206 50059 1 557768 342618 609145 576502 242262 462402 276153 626436 529094 200766 533782 523191
 1014311 658205 133353 677218 857777 1209808 1208765 420567 277002 775067 1107876 681373 558159 920801 490643 971185 593465 651286 980379 748875 907105 969470 658307 551944 1091876 64143 550428 557768 1 222970 903694 1111485 694523 748600 284563 1174666 1033626 748644 872934 747162
 801665 451806 130244 470245 672792 989930 1004339 197613 117378 553413 900778 588277 342917 809672 349369 791329 370600 465586 760368 527495 694615 751816 476982 328975 872218 166333 330026 342618 222970 1 790555 911437 514552 628513 67097 967447 812050 539955 675597 571919
 1086041 933076 901934 938580 364157 850035 650028 730294 674910 827370 614947 226740 609714 20288 441793 348993 739850 422220 724201 679981 587159 676916 400976 722797 773480 848374 659202 609145 903694 790555 1 553484 377361 162225 740150 654979 958874 529312 1110077 1129013
 716185 759638 1041466 753222 273397 316597 107132 743110 834508 571206 78341 654269 576400 562799 654545 209636 625543 464345 307692 459571 249601 267376 461741 643754 282870 1047344 605913 576502 1111485 911437 553484 1 429756 551818 844413 101497 546294 375921 830909 931091
 727656 557034 643114 561857 163620 620192 534004 390733 420148 455623 445290 311168 242699 397169 224984 277873 365216 53065 426501 311968 296607 389143 37611 353070 513324 630834 291149 242262 694523 514552 377361 429756 1 250770 450580 509221 623982 171619 734433 753293
 978087 791195 741183 798379 303606 813827 657264 572465 513205 705617 597417 105891 463033 181687 279575 344569 597305 285628 651966 562738 514131 608460 264655 575827 721083 691547 512120 462402 748600 628513 162225 551818 250770 1 577950 649771 868130 419233 980932 985526
 756902 415577 197092 433206 607414 925621 937247 140136 88870 499165 833741 545932 276474 759624 298649 726462 313480 400811 696102 464320 627973 686413 412970 270541 807763 224342 265906 276153 284563 67097 740150 844413 450580 577950 1 900424 757224 472911 643035 553985
 676762 768564 1096375 759807 361687 229723 50108 789335 898854 572543 66801 750933 626224 664231 733656 310156 655716 537955 287603 481897 278046 259595 538263 679633 227446 1110714 649607 626436 1174666 967447 654979 101497 509221 649771 900424 1 501648 427532 811528 927284
 176344 416363 915791 399133 595963 329574 550504 617110 805355 258642 472348 934982 528390 975665 772275 652366 444042 606965 249290 334237 375491 297576 623728 487647 274438 978318 509925 529094 1033626 812050 958874 546294 623982 868130 757224 501648 1 452428 344200 498769
 560012 438309 669120 438466 201784 483403 464790 367213 474759 299965 360832 482563 200640 548038 348694 312425 266963 159179 269011 151668 161064 240156 173466 275605 368691 684949 231227 200766 748644 539955 529312 375921 171619 419233 472911 427532 452428 1 585917 631069
 199970 228499 740997 212193 780993 670218 861636 520729 719134 286761 767542 1015563 533040 1129468 790270 873723 398173 695325 526267 434646 602023 563585 716381 433343 595339 831343 489782 533782 872934 675597 1110077 830909 734433 980932 643035 811528 344200 585917 1 172914
 371417 196297 613823 193119 832808 813077 976866 456152 638747 360082 876012 1002334 522550 1149085 758385 938544 389236 706803 640114 490549 687292 669518 728038 410284 725229 713651 473723 523191 747162 571919 1129013 931091 753293 985526 553985 927284 498769 631069 172914 1
LAMBDA_SECTION
1 911
2 650
3 345
4 948
5 408
6 960
7 827
8 783
9 448
10 488
11 519
12 97
13 346
14 931
15 360
16 725
17 820
18 48
19 121
20 460
21 669
22 192
23 591
24 28
25 764
26 376
27 183
28 215
29 804
30 83
31 313
32 552
33 254
34 466
35 184
36 882
37 600
38 611
39 85
40 273
