NAME : domp30p7v1
COMMENT : Cherkesly, Contardo & Gruson 2022
TYPE : DOMP
DIMENSION : 30
DISPLAY_DATA_TYPE : NO_DISPLAY
OPEN_FACILITIES : 7
COST_SECTION
 1 319585 539364 819590 368220 598958 665253 580124 674436 765470 368240 143074 727733 308758 654338 435790 712547 510577 531288 864099 801376 322106 303689 395421 716898 784860 559244 949173 43154 616156
 319585 1 338050 612245 520103 288619 431237 338725 524917 453094 129262 206630 422619 81139 404402 209035 408391 581438 244863 558337 619837 570700 396399 184064 400366 579499 301854 799270 356739 397514
 539364 338050 1 284730 489730 443971 131294 603742 193562 544787 452995 397716 553574 418918 137681 516845 298855 441274 175644 420346 282803 626047 378390 505758 479250 250328 106827 461549 582441 77955
 819590 612245 284730 1 695766 630799 184952 821751 185031 668189 714149 679863 700556 690974 222338 765566 372580 585960 391943 393917 72149 855168 612108 762806 611338 34734 316753 234440 862354 215284
 368220 520103 489730 695766 1 791858 612587 854385 512927 943171 631640 343724 926167 564555 627097 713629 770828 170228 596263 906327 648096 170535 128188 678383 881199 665117 572266 735808 388094 558007
 598958 288619 443971 630799 791858 1 456980 201695 627974 166524 246503 495246 135128 292818 413723 224890 282962 821188 268909 390564 669269 857768 664150 253125 124886 607063 346236 858196 631693 457486
 665253 431237 131294 184952 612587 456980 1 641745 195527 518988 529545 522496 542048 508592 44459 580761 233196 544163 207353 319437 212697 754726 506462 577894 456939 155436 132044 402007 708406 55074
 580124 338725 603742 821751 854385 201695 641745 1 795887 294542 223983 519197 233975 291387 600529 145610 484454 919450 439141 587637 853998 882146 733480 185333 293262 795683 519250 1043254 601846 633076
 674436 524917 193562 185031 512927 627974 195527 795887 1 708831 644385 542355 726669 606026 237382 710057 428497 401630 360298 505508 136514 675339 437360 697817 645132 157822 281744 279990 715866 173178
 765470 453094 544787 668189 943171 166524 518988 294542 708831 1 409538 659416 61407 458980 474758 374004 295663 956326 374637 336664 720052 1018783 814984 407938 65731 651564 438542 902510 798148 536187
 368240 129262 452995 714149 631640 246503 529545 223983 644385 409538 1 295328 365085 67424 496526 82668 453480 705964 326373 593452 729641 659776 512831 55003 371057 683052 397508 913553 395942 503715
 143074 206630 397716 679863 343724 495246 522496 519197 542355 659416 295328 1 629030 228117 511269 375083 576127 447925 392415 727317 665206 366939 238037 337915 605296 645142 416644 820545 186169 473974
 727733 422619 553574 700556 926167 135128 542048 233975 726669 61407 365085 629030 1 419198 497592 322060 329650 950131 379121 388840 748500 992592 798264 357911 90667 681596 449494 933871 758582 553512
 308758 81139 418918 690974 564555 292818 508592 291387 606026 458980 67424 228117 419198 1 479667 149101 463538 642422 314659 609705 700239 593390 446651 115645 414472 658588 377735 880287 339561 476896
 654338 404402 137681 222338 627097 413723 44459 600529 237382 474758 496526 511269 497592 479667 1 544330 191427 569356 170977 289387 255546 763058 515813 543391 412548 195168 102631 444584 697405 76423
 435790 209035 516845 765566 713629 224890 580761 145610 710057 374004 82668 375083 322060 149101 544330 1 473306 788308 373669 602647 786860 736690 595403 40456 347246 735960 450053 973439 459255 560689
 712547 408391 298855 372580 770828 282962 233196 484454 428497 295663 453480 576127 329650 463538 191427 473306 1 739476 185779 151560 425233 885986 648772 486483 239531 356177 200090 606852 753456 263452
 510577 581438 441274 585960 170228 821188 544163 919450 401630 956326 705964 447925 950131 642422 569356 788308 739476 1 586442 858483 528229 335029 211957 757905 891378 559426 541215 587010 537560 493872
 531288 244863 175644 391943 596263 268909 207353 439141 360298 374637 326373 392415 379121 314659 170977 373669 185779 586442 1 335645 416738 702948 471013 372487 308930 362768 80118 605418 573022 193940
 864099 558337 420346 393917 906327 390564 319437 587637 505508 336664 593452 727317 388840 609705 289387 602647 151560 858483 335645 1 460669 1029469 787929 620947 303360 390615 335568 619584 905012 365543
 801376 619837 282803 72149 648096 669269 212697 853998 136514 720052 729641 665206 748500 700239 255546 786860 425233 528229 416738 460669 1 811577 573679 780492 660822 70783 337697 189339 843506 226315
 322106 570700 626047 855168 170535 857768 754726 882146 675339 1018783 659776 366939 992592 593390 763058 736690 885986 335029 702948 1029469 811577 1 248334 697732 961092 823278 694450 905896 322662 699656
 303689 396399 378390 612108 128188 664150 506462 733480 437360 814984 512831 238037 798264 446651 515813 595403 648772 211957 471013 787929 573679 248334 1 561886 753060 579346 452447 688686 334882 451389
 395421 184064 505758 762806 678383 253125 577894 185333 697817 407938 55003 337915 357911 115645 543391 40456 486483 757905 372487 620947 780492 697732 561886 1 377307 732265 446114 965405 418807 554248
 716898 400366 479250 611338 881199 124886 456939 293262 645132 65731 371057 605296 90667 414472 412548 347246 239531 891378 308930 303360 660822 961092 753060 377307 1 593205 373159 845114 751197 472187
 784860 579499 250328 34734 665117 607063 155436 795683 157822 651564 683052 645142 681596 658588 195168 735960 356177 559426 362768 390615 70783 823278 579346 732265 593205 1 286227 252515 827629 182075
 559244 301854 106827 316753 572266 346236 132044 519250 281744 438542 397508 416644 449494 377735 102631 450053 200090 541215 80118 335568 337697 694450 452447 446114 373159 286227 1 525922 602062 113827
 949173 799270 461549 234440 735808 858196 402007 1043254 279990 902510 913553 820545 933871 880287 444584 973439 606852 587010 605418 619584 189339 905896 688686 965405 845114 252515 525922 1 989680 413152
 43154 356739 582441 862354 388094 631693 708406 601846 715866 798148 395942 186169 758582 339561 697405 459255 753456 537560 573022 905012 843506 322662 334882 418807 751197 827629 602062 989680 1 659279
 616156 397514 77955 215284 558007 457486 55074 633076 173178 536187 503715 473974 553512 476896 76423 560689 263452 493872 193940 365543 226315 699656 451389 554248 472187 182075 113827 413152 659279 1
LAMBDA_SECTION
1 477
2 560
3 701
4 311
5 199
6 173
7 426
8 699
9 561
10 140
11 252
12 499
13 286
14 917
15 64
16 657
17 765
18 638
19 767
20 196
21 849
22 682
23 523
24 150
25 940
26 818
27 946
28 274
29 20
30 424
