NAME : domp70p35v6
COMMENT : Cherkesly, Contardo & Gruson 2022
TYPE : DOMP
DIMENSION : 70
DISPLAY_DATA_TYPE : NO_DISPLAY
OPEN_FACILITIES : 35
COST_SECTION
 1 278121 809285 516848 181087 52990 821067 951482 779295 866198 403705 948280 491106 570507 1038588 89563 357412 560337 705872 872897 413366 652149 738114 313824 582002 830818 643210 357316 494918 311128 907873 525384 717980 566418 644637 364264 613035 447507 411284 810270 462335 545205 734893 565871 705982 902408 893953 740070 758811 357695 778824 702137 550535 777255 741625 26307 370789 739555 905322 473106 513467 795689 245687 574293 840322 773612 978425 231771 731205 290845
 278121 1 537407 248205 357169 247923 555600 679237 584694 620541 181548 690665 514038 381514 769183 231270 89404 464611 445765 598905 499467 376083 460679 208438 309793 570511 387278 325283 225736 359479 637978 257392 440270 377364 388685 458647 363263 295033 502550 562713 426676 289594 473937 291947 467781 702268 655891 473276 583649 110859 529464 450401 517024 499406 559286 252097 430076 524151 627426 360981 240949 544753 300828 306540 626651 526735 719221 259942 476143 244792
 809285 537407 1 369798 887244 769928 62233 142201 641870 203582 516191 454469 934919 579307 232649 768542 480231 771021 133467 271189 971665 167579 189566 563135 316440 380623 380483 642059 381106 734534 102152 367442 187238 578225 191104 943220 229825 478513 977536 174095 819945 402235 354159 245569 460222 692230 255400 314980 690278 503695 161117 400571 880769 167548 660604 782993 899247 555008 200309 699151 356245 153535 718294 343929 607246 438835 461858 686026 141574 620009
 516848 248205 369798 1 546706 493271 410698 499529 399560 520884 149514 443565 565897 246093 595605 451834 160783 418135 335718 356908 603346 207410 234123 401585 67143 323017 146096 520095 22473 580696 469989 9475 217716 243424 305861 577241 305909 414780 609514 466098 451931 64434 226760 170855 242010 501564 568244 225182 421212 161656 433529 210502 518646 275923 391730 491938 531337 320892 401094 334876 22215 442618 532625 58342 416702 288464 471588 491883 374785 454773
 181087 357169 887244 546706 1 228736 910237 1027340 713128 977279 404813 937944 329252 517798 1119893 140922 407520 448707 802539 897013 236799 721245 780504 468138 613665 828612 644723 531117 527714 491764 989043 553412 763121 514254 745853 188435 719862 597677 233681 919576 330865 554494 737929 642829 682951 834446 1011344 752444 679589 389217 886451 694534 407594 822061 668642 190845 206813 692842 947798 384085 550758 901865 425106 597967 786452 756183 969595 406957 833304 457596
 52990 247923 769928 493271 228736 1 779091 911962 779599 819497 391690 930923 526184 569706 997547 112316 332511 577520 662807 846668 455742 616069 708123 261795 556753 812070 625479 305164 470972 263744 867319 502153 687451 565536 600923 406672 568282 395542 454293 764084 487538 526910 715599 528702 694409 902194 846011 718135 763306 338454 733086 686208 578054 746309 744393 38069 408344 734479 874115 485255 487857 750183 196400 551396 836362 759678 960457 179793 686820 237857
 821067 555600 62233 410698 910237 779091 1 145824 701471 141356 553031 515563 976429 630469 219530 786491 506464 819804 118537 332095 1007361 203466 249049 558082 362703 442837 435465 627180 419569 722188 94677 409452 244551 629148 181651 976833 218678 461725 1012879 114950 862613 448968 414329 268590 518843 753930 193232 375407 748686 533453 108187 459191 926887 229321 718810 794919 934687 614238 255516 744005 395056 96996 711809 391062 668605 499921 522066 681922 108587 613169
 951482 679237 142201 499529 1027340 911962 145824 1 717104 227497 648387 470237 1059079 688162 96481 910218 619863 883274 261769 297449 1102809 306108 286680 700345 440357 430307 483175 772617 513210 867187 51787 495923 293727 687679 324085 1076454 362132 607310 1109025 234939 942951 523279 434253 387292 545546 746353 266504 395396 771780 641422 242698 487941 997638 250011 743627 925191 1030864 634374 197145 819488 488390 226803 854885 465697 667848 507400 467855 823888 254313 756288
 779295 584694 641870 399560 713128 779599 701471 717104 1 838796 403755 330547 518647 209966 804410 692113 503727 301125 677611 431256 621755 538062 452497 779471 392249 295320 282844 900280 413850 944032 714690 392152 457803 214157 671683 627043 683921 812383 630579 794743 424224 335230 287972 549947 184449 123190 890818 327419 63696 474032 767896 243347 414323 477322 50823 761167 573229 87961 531891 330535 420964 770341 884871 367839 87793 209860 358646 844245 715299 825341
 866198 620541 203582 520884 977279 819497 141356 227497 838796 1 652759 654785 1079682 753954 249949 845114 588351 937771 186649 471407 1098991 317988 387756 574435 482435 584191 566733 618159 525572 716119 184298 521429 381019 752237 233713 1064580 257419 456323 1103764 58056 968909 567455 553099 359038 655049 894582 52207 514624 883939 620943 91823 595625 1039264 370344 853787 840851 1026427 751124 388239 855376 502431 79076 719520 511374 808764 639806 659765 695870 149356 623267
 403705 181548 516191 149514 404813 391690 553031 648387 403755 652759 1 546155 426925 200304 744216 327015 109745 313500 466161 492203 455475 350274 381598 383887 213786 430901 243583 503563 135316 540962 617358 154329 366299 196191 425017 428069 414725 443831 461379 595939 317547 149874 336885 293735 302895 522640 697126 348427 402324 72761 562367 299541 394887 423583 377750 381287 383096 347226 546434 215156 160201 573689 481120 194808 449946 369923 576827 440532 503708 425146
 948280 690665 454469 443565 937944 930923 515563 470237 330547 654785 546155 1 819821 436596 538918 873157 601710 603913 548456 183490 906930 441180 308805 833489 389079 120723 305472 946028 465922 1016780 487964 434177 328133 439079 573963 900684 602563 812002 915246 628401 711319 404014 216850 503586 256608 304489 705025 224225 394242 592484 612231 246617 724996 302284 376054 924858 846728 282931 274224 593523 454505 606999 973378 385826 250564 182309 32047 933100 576391 889820
 491106 514038 934919 565897 329252 526184 976429 1059079 518647 1079682 426925 819821 1 393522 1155547 414456 504749 218584 893070 845595 120784 772972 776353 700068 619612 737213 590137 795027 557153 781949 1033682 567674 766332 392260 850971 152779 838075 807275 129211 1022836 116648 535800 668991 720659 575316 622473 1123874 698244 465075 466644 989230 613461 110004 816820 467886 490217 122566 538622 924696 242241 581477 1000613 711977 593512 605292 646753 851299 683213 930615 712218
 570507 381514 579307 246093 517798 569706 630469 688162 209966 753954 200304 436596 393522 1 783417 484258 306961 195718 573647 453086 471495 436081 401517 583456 271696 344868 205544 703535 251666 740448 670686 242174 396268 4225 550082 464089 551898 633344 479652 701980 279620 188728 276420 416135 183515 332517 803540 307850 202141 272789 670779 220271 314173 438966 178514 551830 410149 175070 536570 157468 267968 677797 679209 242748 271584 257041 468616 639007 613030 625449
 1038588 769183 232649 595605 1119893 997547 219530 96481 804410 249949 744216 538918 1155547 783417 1 1000445 712800 978769 337890 377234 1198946 399474 382256 776805 536795 513095 578105 840843 608948 937155 131206 592128 389941 783020 401003 1172231 437460 675259 1205115 277693 1039398 619748 525349 477817 636775 826207 273395 487069 860649 735554 295475 580086 1093633 344576 833065 1012359 1126921 723431 274913 915840 584093 277604 929778 562177 750766 594618 532114 900688 322173 831222
 89563 231270 768542 451834 140922 112316 786491 910218 692113 845114 327015 873157 414456 484258 1000445 1 297841 471271 675143 808602 349658 605913 680226 327673 518471 757543 569836 397312 430736 370018 869239 459786 661118 480223 616371 301070 588178 456757 349055 787861 376394 473285 662668 522990 626381 815297 877170 670897 670229 290223 755223 626541 466245 720630 653575 78932 298089 655175 848373 383551 451347 771218 300636 507664 755093 695796 903837 276426 703916 320391
 357412 89404 480231 160783 407520 332511 506464 619863 503727 588351 109745 601710 504749 306961 712800 297841 1 418202 405322 515525 511445 313755 382678 276889 224753 481773 297909 397415 138462 442018 582247 169728 363349 302970 354926 476236 336973 334827 515936 530389 404268 200205 385153 237876 379318 618937 628565 385844 507671 40825 496551 360999 488773 422861 481818 332138 439192 439193 550721 316619 156074 510075 386643 218996 541202 437412 630481 345553 439760 321633
 560337 464611 771021 418135 448707 577520 819804 883274 301125 937771 313500 603913 218584 195718 978769 471271 418202 1 753642 644917 321557 620637 596607 672127 457345 528015 401223 784784 416822 798820 864444 416804 590475 195883 722590 331118 718404 751500 330438 883770 127384 371233 469147 587341 367333 410020 985895 502287 250795 377553 851456 412264 122111 634498 250615 549202 278875 321433 731280 103630 438011 860061 730981 428795 387133 435563 635081 694621 792808 701377
 705872 445765 133467 335718 802539 662807 118537 261769 677611 186649 466161 548456 893070 573647 337890 675143 405322 753642 1 371973 914169 140647 246013 439628 302462 455007 397256 511577 339428 605577 212024 336839 231760 571655 63125 880818 100450 346883 919140 130557 782296 385425 402275 172516 493452 747523 232628 367207 717295 436292 97820 435898 853316 246173 686833 679851 841500 589769 321916 669437 316659 107639 593605 331283 659308 491815 561382 563441 39384 494965
 872897 598905 271189 356908 897013 846668 332095 297449 431256 471407 492203 183490 845595 453086 377234 808602 515525 644917 371973 1 913312 282778 151839 707024 290941 136589 260460 811293 378400 890907 308605 348831 173991 453987 404761 897362 436963 664526 920817 445248 730092 342771 176703 359533 280049 449567 521852 149268 490263 518388 430020 233004 765945 130154 464421 847663 845942 355229 102322 604702 359452 424158 856052 301181 373655 224113 191280 817579 397114 765244
 413366 499467 971665 603346 236799 455742 1007361 1102809 621755 1098991 455475 906930 120784 471495 1198946 349658 511445 321557 914169 913312 1 805424 827743 662964 663586 815339 653302 745189 590669 718632 1072763 606901 815083 469399 866095 49126 848185 781460 8921 1041181 198362 585008 738862 742723 654852 731305 1139942 764135 572275 478067 1007326 685766 227873 869340 571618 417977 72729 631105 984664 314029 615556 1020314 649784 640123 706420 728531 938836 625984 949867 665504
 652149 376083 167579 207410 721245 616069 203466 306108 538062 317988 350274 441180 772972 436081 399474 605913 313755 620637 140647 282778 805424 1 133656 436015 164456 335072 256776 533046 216183 617352 269689 206545 113201 434314 139076 776188 162557 382147 811139 266147 659320 249673 269521 88468 354440 612406 367478 237885 576788 336193 235687 297994 725037 154556 546315 625874 732864 450415 270908 541629 191609 241854 589690 193401 523754 358785 459364 553656 179467 494555
 738114 460679 189566 234123 780504 708123 249049 286680 452497 387756 381598 308805 776353 401517 382256 680226 382678 596607 246013 151839 827743 133656 1 556075 167914 209070 197008 659476 252801 739694 271160 228005 22235 401008 265505 805319 293805 513470 834481 347543 659798 242826 165416 207704 270729 508193 439951 126900 500791 392694 324183 211112 711530 41995 471199 712324 757050 365473 168181 535175 230158 323690 706346 188281 421505 252419 326016 668409 278653 614441
 313824 208438 563135 401585 468138 261795 558082 700345 779471 574435 383887 833489 700068 583456 776805 327673 276889 672127 439628 707024 662964 436015 556075 1 445888 713656 547492 120814 381342 184187 651457 410876 533851 579418 376660 616814 339448 133748 664085 522132 624662 458672 620986 350274 641744 892329 595361 609266 784545 311128 493837 611763 716972 586599 758671 292028 600410 711184 706923 568575 385542 511770 155320 454437 811653 689700 858606 123884 455643 58567
 582002 309793 316440 67143 613665 556753 362703 440357 392249 482435 213786 389079 619612 271696 536795 518471 224753 457345 302462 290941 663586 164456 167914 445888 1 268563 113734 561162 87736 628311 414128 60290 152646 269886 284254 639357 292702 441242 670044 430294 504059 86267 175115 157712 217754 482840 531858 166047 423405 228496 399235 173251 564661 209870 393047 556840 592160 307603 334181 382712 68906 406102 584340 28952 395126 249135 415608 544154 341803 501444
 830818 570511 380623 323017 828612 812070 442837 430307 295320 584191 430901 120723 737213 344868 513095 757543 481773 528015 455007 136589 815339 335072 209070 713656 268563 1 187792 827111 345411 896645 435675 313654 225080 346619 472264 804793 497624 696509 823328 550017 624381 285652 96624 389628 161898 316737 636009 105243 355344 473908 529436 134250 650096 215090 330512 807037 751628 222763 238481 501731 333783 527000 852752 265162 237830 93559 148716 812436 486851 769711
 643210 387278 380483 146096 644723 625479 435465 483175 282844 566733 243583 305472 590137 205544 578105 569836 297909 401223 397256 260460 653302 256776 197008 547492 113734 187792 1 665492 167190 726740 467769 136721 193995 205351 388857 636903 401587 552833 660716 518948 473737 98598 93435 269396 104121 369236 617996 111248 320041 287027 490298 64426 518371 233543 289579 619584 585547 196306 334561 347958 162302 494439 677879 95387 281402 142372 335287 637001 435689 600868
 357316 325283 642059 520095 531117 305164 627180 772617 900280 618159 503563 946028 795027 703535 840843 397312 397415 784784 511577 811293 745189 533046 659476 120814 561162 827111 665492 1 500360 98030 721850 529278 637303 699471 451057 697228 412361 165659 745182 571750 728534 578363 736065 451775 761191 1013012 629699 722113 904927 430851 547833 729522 821584 686813 879231 341772 687882 831780 801995 681701 503207 566042 122432 571501 932011 807316 970114 125565 519813 84035
 494918 225736 381106 22473 527714 470972 419569 513210 413850 525572 135316 465922 557153 251666 608948 430736 138462 416822 339428 378400 590669 216183 252801 381342 87736 345411 167190 500360 1 559623 482097 31759 235586 248719 305769 563285 302973 398864 596635 469984 444324 79557 249091 170545 260943 518252 572005 247620 432845 140861 437000 231607 513893 294359 403756 469928 518363 337038 420416 330026 24890 446872 510919 80807 434245 309502 494007 470118 378109 433980
 311128 359479 734534 580696 491764 263744 722188 867187 944032 716119 540962 1016780 781949 740448 937155 370018 442018 798820 605577 890907 718632 617352 739694 184187 628311 896645 726740 98030 559623 1 816769 590114 717460 736271 544152 669683 505622 262134 717479 669369 728352 634681 803145 533027 817567 1060721 727656 792633 942524 470001 645026 791165 821258 769391 918576 301805 667890 881205 887915 698014 566000 663242 70026 635281 983097 869101 1042239 104246 615493 126964
 907873 637978 102152 469989 989043 867319 94677 51787 714690 184298 617358 487964 1033682 670686 131206 869239 582247 864444 212024 308605 1072763 269689 271160 651457 414128 435675 467769 721850 482097 816769 1 467172 274459 669904 274814 1044822 312468 556400 1078727 185514 918181 498962 428043 346676 538117 752317 227782 388586 766960 605841 191468 479248 976456 239072 738075 881622 1000449 629911 214315 796164 457210 175960 805617 440767 671005 506453 488798 775182 202869 706979
 525384 257392 367442 9475 553412 502153 409452 495923 392152 521429 154329 434177 567674 242174 592128 459786 169728 416804 336839 348831 606901 206545 228005 410876 60290 313654 136721 529278 31759 590114 467172 1 212109 239623 308599 581406 309765 422996 613161 467021 453269 57633 217357 174043 233153 493323 569163 216133 414748 169565 434652 201113 518703 269904 385139 500542 535057 312883 394466 335132 28813 443400 542098 49269 408209 279078 462249 501357 376024 464154
 717980 440270 187238 217716 763121 687451 244551 293727 457803 381019 366299 328133 766332 396268 389941 661118 363349 590475 231760 173991 815083 113201 22235 533851 152646 225080 193995 637303 235586 717460 274459 212109 1 395532 247530 791697 274610 491735 821690 338475 649952 231118 173292 185544 274446 518188 433085 136353 504153 374614 313680 214853 703989 59514 474260 692125 744014 370224 187487 525983 212372 314323 684210 174962 430762 261974 346178 646329 265845 592224
 566418 377364 578225 243424 514254 565536 629148 687679 214157 752237 196191 439079 392260 4225 783020 480223 302970 195883 571655 453987 469399 434314 401008 579418 269886 346619 205351 699471 248719 736271 669904 239623 395532 1 547712 461624 549288 629643 477528 700128 278064 186539 277291 413631 185482 336677 801742 308377 206299 268702 668855 221313 313816 438646 182726 547708 407737 178678 536968 155385 265248 675967 675006 240935 275493 259202 471107 634810 611038 621336
 644637 388685 191104 305861 745853 600923 181651 324085 671683 233713 425017 573963 850971 550082 401003 616371 354926 722590 63125 404761 866095 139076 265505 376660 284254 472264 388857 451057 305769 544152 274814 308599 247530 547712 1 831128 38722 287474 870723 175666 742544 361637 408519 135297 489751 750315 273992 376839 706711 388402 141915 434874 817233 275087 676258 618713 793652 584733 367193 633967 285083 156369 530870 311985 661569 497642 589766 500431 87572 432248
 364264 458647 943220 577241 188435 406672 976833 1076454 627043 1064580 428069 900684 152779 464089 1172231 301070 476236 331118 880818 897362 49126 776188 805319 616814 639357 804793 636903 697228 563285 669683 1044822 581406 791697 461624 831128 1 811851 736944 47997 1006624 204024 563507 724816 710416 646074 740348 1104495 748129 580973 444680 972785 673229 251597 847160 577749 368884 54337 629525 965055 307797 588138 986215 600928 617088 709771 720353 932705 577482 915839 618010
 613035 363263 229825 305909 719862 568282 218678 362132 683921 257419 414725 602563 838075 551898 437460 588178 336973 718404 100450 436963 848185 162557 293805 339448 292702 497624 401587 412361 302973 505622 312468 309765 274610 549288 38722 811851 1 248786 852505 199813 731776 365047 429013 136540 504245 767196 293357 399321 716050 372536 167046 451296 809078 306845 685720 587292 776077 597883 403571 626873 284281 183235 493192 319172 678461 517241 619540 463315 118676 394550
 447507 295033 478513 414780 597677 395542 461725 607310 812383 456323 443831 812002 807275 633344 675259 456757 334827 751500 346883 664526 781460 382147 513470 133748 441242 696509 552833 165659 398864 262134 556400 422996 491735 629643 287474 736944 248786 1 783330 407930 721647 478202 611224 308717 654558 916316 471885 591577 827528 374802 382990 614383 811526 536627 799409 425439 715682 735597 645969 648676 394571 401206 264021 457548 830932 690221 833673 244164 354178 170905
 411284 502550 977536 609514 233681 454293 1012879 1109025 630579 1103764 461379 915246 129211 479652 1205115 349055 515936 330438 919140 920817 8921 811139 834481 664085 670044 823328 660716 745182 596635 717479 1078727 613161 821690 477528 870723 47997 852505 783330 1 1045917 207068 591809 746529 747871 662956 740207 1144493 771612 581167 482921 1012062 693564 236633 876116 580459 416440 78291 639661 991774 322185 621524 1025145 648803 646739 715193 736692 947163 625473 954705 665842
 810270 562713 174095 466098 919576 764084 114950 234939 794743 58056 595939 628401 1022836 701980 277693 787861 530389 883770 130557 445248 1041181 266147 347543 522132 430294 550017 518948 571750 469984 669369 185514 467021 338475 700128 175666 1006624 199813 407930 1045917 1 912546 514483 511706 302247 610408 855734 102149 474080 837882 563173 33856 551432 983872 334928 807568 784797 968644 706828 370434 799993 447184 24510 669536 459237 768864 599816 635934 644511 92242 572415
 462335 426676 819945 451931 330865 487538 862613 942951 424224 968909 317547 711319 116648 279620 1039398 376394 404268 127384 782296 730092 198362 659320 659798 624662 504059 624381 473737 728534 444324 728352 918181 453269 649952 278064 742544 204024 731776 721647 207068 912546 1 419731 553687 610403 462686 536373 1014083 582285 376992 364546 879133 498608 93173 700207 374471 455297 151493 433338 808264 125783 468310 889934 658715 477632 508286 535242 743081 625798 820324 644560
 545205 289594 402235 64434 554494 526910 448968 523279 335230 567455 149874 404014 535800 188728 619748 473285 200205 371233 385425 342771 585008 249673 242826 458672 86267 285652 98598 578363 79557 634681 498962 57633 231118 186539 361637 563507 365047 478202 591809 514483 419731 1 189756 228629 183167 438697 616365 198695 357116 188475 482862 160841 478583 284339 327515 521386 514578 257510 402035 297220 86226 490468 583435 58313 354886 237319 433669 542403 424801 510033
 734893 473937 354159 226760 737929 715599 414329 434253 287972 553099 336885 216850 668991 276420 525349 662668 385153 469147 402275 176703 738862 269521 165416 620986 175115 96624 93435 736065 249091 803145 428043 217357 173292 277291 408519 724816 429013 611224 746529 511706 553687 189756 1 309534 111432 345408 605279 39527 338918 377629 486890 56998 589720 189584 310109 710954 672634 202018 263571 428533 238343 487593 757860 169276 257602 89602 245329 717373 437840 676361
 565871 291947 245569 170855 642829 528702 268590 387292 549947 359038 293735 503586 720659 416135 477817 522990 237876 587341 172516 359533 742723 88468 207704 350274 157712 389628 269396 451775 170545 533027 346676 174043 185544 413631 135297 710416 136540 308717 747871 302247 610403 228629 309534 1 373250 637997 403681 285700 580275 265880 268750 323526 683188 236400 550026 539568 670004 464945 357701 499587 149851 279964 502866 183249 549633 394296 524965 466269 210006 408827
 705982 467781 460222 242010 682951 694409 518843 545546 184449 655049 302895 256608 575316 183515 636775 626381 379318 367333 493452 280049 654852 354440 270729 641744 217754 161898 104121 761191 260943 817567 538117 233153 274446 185482 489751 646074 504245 654558 662956 610408 462686 183167 111432 373250 1 265118 706972 150176 230064 360408 583450 59668 489224 299074 200523 683975 592464 96489 372814 340863 260786 585987 765211 197612 177455 74513 288596 724121 530973 693172
 902408 702268 692230 501564 834446 902194 753930 746353 123190 894582 522640 304489 622473 332517 826207 815297 618937 410020 747523 449567 731305 612406 508193 892329 482840 316737 369236 1013012 518252 1060721 752317 493323 518188 336677 750315 740348 767196 916316 740207 855734 536373 438697 345408 637997 265118 1 946749 381912 159381 591410 831809 315906 514402 524686 165909 884150 687222 181553 551652 450730 521815 831845 1003037 461866 88768 256216 325232 962203 783247 940127
 893953 655891 255400 568244 1011344 846011 193232 266504 890818 52207 697126 705025 1123874 803540 273395 877170 628565 985895 232628 521852 1139942 367478 439951 595361 531858 636009 617996 629699 572005 727656 227782 569163 433085 801742 273992 1104495 293357 471885 1144493 102149 1014083 616365 605279 403681 706972 946749 1 566824 935671 662392 135051 647593 1085895 422412 905484 868997 1067555 803107 436543 902030 549287 125911 735900 560809 860966 692012 709291 714612 193949 641467
 740070 473276 314980 225182 752444 718135 375407 395396 327419 514624 348427 224225 698244 307850 487069 670897 385844 502287 367207 149268 764135 237885 126900 609266 166047 105243 111248 722113 247620 792633 388586 216133 136353 308377 376839 748129 399321 591577 771612 474080 582285 198695 39527 285700 150176 381912 566824 1 378391 382487 449898 93149 621967 150059 349507 715577 696674 241543 228999 456630 233373 450087 750050 166869 294784 125762 249857 709994 402003 665669
 758811 583649 690278 421212 679589 763306 748686 771780 63696 883939 402324 394242 465075 202141 860649 670229 507671 250795 717295 490263 572275 576788 500791 784545 423405 355344 320041 904927 432845 942524 766960 414748 504153 206299 706711 580973 716050 827528 581167 837882 376992 357116 338918 580275 230064 159381 935671 378391 1 474593 809864 289708 358436 528294 30489 742259 527897 137406 589855 295646 443242 813389 880897 397035 149070 266800 422297 840840 755684 827392
 357695 110859 503695 161656 389217 338454 533453 641422 474032 620943 72761 592484 466644 272789 735554 290223 40825 377553 436292 518388 478067 336193 392694 311128 228496 473908 287027 430851 140861 470001 605841 169565 374614 268702 388402 444680 372536 374802 482921 563173 364546 188475 377629 265880 360408 591410 662392 382487 474593 1 529321 348073 448340 433869 449603 333460 405485 413559 560706 275818 162562 542248 411657 217653 516159 422595 622114 370795 471802 352815
 778824 529464 161117 433529 886451 733086 108187 242698 767896 91823 562367 612231 989230 670779 295475 755223 496551 851456 97820 430020 1007326 235687 324183 493837 399235 529436 490298 547833 437000 645026 191468 434652 313680 668855 141915 972785 167046 382990 1012062 33856 879133 482862 486890 268750 583450 831809 135051 449898 809864 529321 1 524844 950877 314747 779482 753250 934789 679937 360931 767024 414385 18216 642827 428141 744436 575620 621258 616794 58902 545178
 702137 450401 400571 210502 694534 686208 459191 487941 243347 595625 299541 246617 613461 220271 580086 626541 360999 412264 435898 233004 685766 297994 211112 611763 173251 134250 64426 729522 231607 791165 479248 201113 214853 221313 434874 673229 451296 614383 693564 551432 498608 160841 56998 323526 59668 315906 647593 93149 289708 348073 524844 1 533014 240190 260089 678975 620546 155524 320451 373953 226348 527047 742178 158365 227165 77969 277405 701274 473029 665266
 550535 517024 880769 518646 407594 578054 926887 997638 414323 1039264 394887 724996 110004 314173 1093633 466245 488773 122111 853316 765945 227873 725037 711530 716972 564661 650096 518371 821584 513893 821258 976456 518703 703989 313816 817233 251597 809078 811526 236633 983872 93173 478583 589720 683188 489224 514402 1085895 621967 358436 448340 950877 533014 1 750429 363524 544911 208193 442135 850743 183893 536835 960699 751550 536864 501756 557671 755973 718858 891980 737590
 777255 499406 167548 275923 822061 746309 229321 250011 477322 370344 423583 302284 816820 438966 344576 720630 422861 634498 246173 130154 869340 154556 41995 586599 209870 215090 233543 686813 294359 769391 239072 269904 59514 438646 275087 847160 306845 536627 876116 334928 700207 284339 189584 236400 299074 524686 422412 150059 528294 433869 314747 240190 750429 1 499224 751364 798760 391593 128079 575277 271453 311941 738438 230197 439830 271826 315801 701129 274859 645130
 741625 559286 660604 391730 668642 744393 718810 743627 50823 853787 377750 376054 467886 178514 833065 653575 481818 250615 686833 464421 571618 546315 471199 758671 393047 330512 289579 879231 403756 918576 738075 385139 474260 182726 676258 577749 685720 799409 580459 807568 374471 327515 310109 550026 200523 165909 905484 349507 30489 449603 779482 260089 363524 499224 1 724394 524115 109742 563273 284825 413705 783071 857677 366778 138351 240415 405017 817418 725239 802353
 26307 252097 782993 491938 190845 38069 794919 925191 761167 840851 381287 924858 490217 551830 1012359 78932 332138 549202 679851 847663 417977 625874 712324 292028 556840 807037 619584 341772 469928 301805 881622 500542 692125 547708 618713 368884 587292 425439 416440 784797 455297 521386 710954 539568 683975 884150 868997 715577 742259 333460 753250 678975 544911 751364 724394 1 371569 719545 879420 459509 488211 770061 234402 549542 820732 750995 954865 216763 705372 272168
 370789 430076 899247 531337 206813 408344 934687 1030864 573229 1026427 383096 846728 122566 410149 1126921 298089 439192 278875 841500 845942 72729 732864 757050 600410 592160 751628 585547 687882 518363 667890 1000449 535057 744014 407737 793652 54337 776077 715682 78291 968644 151493 514578 672634 670004 592464 687222 1067555 696674 527897 405485 934789 620546 208193 798760 524115 371569 1 575191 915290 253590 543252 947715 598250 569109 655666 666659 878738 571793 877266 606635
 739555 524151 555008 320892 692842 734479 614238 634374 87961 751124 347226 282931 538622 175070 723431 655175 439193 321433 589769 355229 631105 450415 365473 711184 307603 222763 196306 831780 337038 881205 629911 312883 370224 178678 584733 629525 597883 735597 639661 706828 433338 257510 202018 464945 96489 181553 803107 241543 137406 413559 679937 155524 442135 391593 109742 719545 575191 1 453619 322645 341557 682418 824865 284473 102738 131123 313838 783880 627390 759627
 905322 627426 200309 401094 947798 874115 255516 197145 531891 388239 546434 274224 924696 536570 274913 848373 550721 731280 321916 102322 984664 270908 168181 706923 334181 238481 334561 801995 420416 887915 214315 394466 187487 536968 367193 965055 403571 645969 991774 370434 808264 402035 263571 357701 372814 551652 436543 228999 589855 560706 360931 320451 850743 128079 563273 879420 915290 453619 1 682496 398145 351918 860400 351655 475922 323059 274506 823969 338979 765462
 473106 360981 699151 334876 384085 485255 744005 819488 330535 855376 215156 593523 242241 157468 915840 383551 316619 103630 669437 604702 314029 541629 535175 568575 382712 501731 347958 681701 330026 698014 796164 335132 525983 155385 633967 307797 626873 648676 322185 799993 125783 297220 428533 499587 340863 450730 902030 456630 295646 275818 767024 373953 183893 575277 284825 459509 253590 322645 682496 1 352946 776808 630835 355481 408129 414509 625498 593770 708131 598477
 513467 240949 356245 22215 550758 487857 395056 488390 420964 502431 160201 454505 581477 267968 584093 451347 156074 438011 316659 359452 615556 191609 230158 385542 68906 333783 162302 503207 24890 566000 457210 28813 212372 265248 285083 588138 284281 394571 621524 447184 468310 86226 238343 149851 260786 521815 549287 233373 443242 162562 414385 226348 536835 271453 413705 488211 543252 341557 398145 352946 1 423899 519560 69342 436431 304223 481846 479037 355543 439616
 795689 544753 153535 442618 901865 750183 96996 226803 770341 79076 573689 606999 1000613 677797 277604 771218 510075 860061 107639 424158 1020314 241854 323690 511770 406102 527000 494439 566042 446872 663242 175960 443400 314323 675967 156369 986215 183235 401206 1025145 24510 889934 490468 487593 279964 585987 831845 125911 450087 813389 542248 18216 527047 960699 311941 783071 770061 947715 682418 351918 776808 423899 1 660951 435050 744858 575841 615155 634805 70450 563255
 245687 300828 718294 532625 425106 196400 711809 854885 884871 719520 481120 973378 711977 679209 929778 300636 386643 730981 593605 856052 649784 589690 706346 155320 584340 852752 677879 122432 510919 70026 805617 542098 684210 675006 530870 600928 493192 264021 648803 669536 658715 583435 757860 502866 765211 1003037 735900 750050 880897 411657 642827 742178 751550 738438 857677 234402 598250 824865 860400 630835 519560 660951 1 588818 927258 819826 999866 41101 607812 98643
 574293 306540 343929 58342 597967 551396 391062 465697 367839 511374 194808 385826 593512 242748 562177 507664 218996 428795 331283 301181 640123 193401 188281 454437 28952 265162 95387 571501 80807 635281 440767 49269 174962 240935 311985 617088 319172 457548 646739 459237 477632 58313 169276 183249 197612 461866 560809 166869 397035 217653 428141 158365 536864 230197 366778 549542 569109 284473 351655 355481 69342 435050 588818 1 374903 235901 413579 548247 370638 508817
 840322 626651 607246 416702 786452 836362 668605 667848 87793 808764 449946 250564 605292 271584 750766 755093 541202 387133 659308 373655 706420 523754 421505 811653 395126 237830 281402 932011 434245 983097 671005 408209 430762 275493 661569 709771 678461 830932 715193 768864 508286 354886 257602 549633 177455 88768 860966 294784 149070 516159 744436 227165 501756 439830 138351 820732 655666 102738 475922 408129 436431 744858 927258 374903 1 169087 276752 886244 695279 860896
 773612 526735 438835 288464 756183 759678 499921 507400 209860 639806 369923 182309 646753 257041 594618 695796 437412 435563 491815 224113 728531 358785 252419 689700 249135 93559 142372 807316 309502 869101 506453 279078 261974 259202 497642 720353 517241 690221 736692 599816 535242 237319 89602 394296 74513 256216 692012 125762 266800 422595 575620 77969 557671 271826 240415 750995 666659 131123 323059 414509 304223 575841 819826 235901 169087 1 214245 778886 527196 743232
 978425 719221 461858 471588 969595 960457 522066 467855 358646 659765 576827 32047 851299 468616 532114 903837 630481 635081 561382 191280 938836 459364 326016 858606 415608 148716 335287 970114 494007 1042239 488798 462249 346178 471107 589766 932705 619540 833673 947163 635934 743081 433669 245329 524965 288596 325232 709291 249857 422297 622114 621258 277405 755973 315801 405017 954865 878738 313838 274506 625498 481846 615155 999866 413579 276752 214245 1 959748 587832 915284
 231771 259942 686026 491883 406957 179793 681922 823888 844245 695870 440532 933100 683213 639007 900688 276426 345553 694621 563441 817579 625984 553656 668409 123884 544154 812436 637001 125565 470118 104246 775182 501357 646329 634810 500431 577482 463315 244164 625473 644511 625798 542403 717373 466269 724121 962203 714612 709994 840840 370795 616794 701274 718858 701129 817418 216763 571793 783880 823969 593770 479037 634805 41101 548247 886244 778886 959748 1 579439 73298
 731205 476143 141574 374785 833304 686820 108587 254313 715299 149356 503708 576391 930615 613030 322173 703916 439760 792808 39384 397114 949867 179467 278653 455643 341803 486851 435689 519813 378109 615493 202869 376024 265845 611038 87572 915839 118676 354178 954705 92242 820324 424801 437840 210006 530973 783247 193949 402003 755684 471802 58902 473029 891980 274859 725239 705372 877266 627390 338979 708131 355543 70450 607812 370638 695279 527196 587832 579439 1 509348
 290845 244792 620009 454773 457596 237857 613169 756288 825341 623267 425146 889820 712218 625449 831222 320391 321633 701377 494965 765244 665504 494555 614441 58567 501444 769711 600868 84035 433980 126964 706979 464154 592224 621336 432248 618010 394550 170905 665842 572415 644560 510033 676361 408827 693172 940127 641467 665669 827392 352815 545178 665266 737590 645130 802353 272168 606635 759627 765462 598477 439616 563255 98643 508817 860896 743232 915284 73298 509348 1
LAMBDA_SECTION
1 554
2 560
3 469
4 954
5 194
6 111
7 721
8 97
9 355
10 826
11 929
12 962
13 30
14 450
15 112
16 2
17 742
18 709
19 885
20 581
21 936
22 630
23 800
24 836
25 244
26 925
27 139
28 387
29 578
30 247
31 685
32 925
33 948
34 499
35 750
36 216
37 794
38 43
39 531
40 835
41 530
42 441
43 852
44 303
45 660
46 288
47 237
48 700
49 497
50 908
51 960
52 716
53 396
54 821
55 424
56 644
57 765
58 536
59 468
60 653
61 207
62 882
63 802
64 283
65 699
66 10
67 254
68 624
69 223
70 401
