NAME : domp40p13v5
COMMENT : Cherkesly, Contardo & Gruson 2022
TYPE : DOMP
DIMENSION : 40
DISPLAY_DATA_TYPE : NO_DISPLAY
OPEN_FACILITIES : 13
COST_SECTION
 1 315381 338091 456068 234611 512780 725137 498219 518869 308050 443589 336169 430429 709684 395035 43174 319112 395974 266162 262969 339000 516421 220459 494178 258237 581011 241404 401502 299550 255138 347240 493481 407090 408153 381739 684931 246457 422523 286291 377919
 315381 1 652313 690523 384494 741673 784197 248357 513607 587950 332770 634039 321995 400374 120684 346898 593019 655273 578292 577872 288617 829216 285357 629370 270978 894184 256755 173401 115702 218207 569983 606923 603184 715021 646209 710740 235583 154799 429291 660074
 338091 652313 1 414331 441915 459415 842255 826771 731228 180542 694139 194149 719772 1047686 731381 313721 197552 331319 122357 75953 589258 179250 499392 584696 544750 269898 534596 712474 632446 538320 314293 539714 380548 172907 312974 839897 521395 757293 465006 262716
 456068 690523 414331 1 309703 56938 456179 739927 451824 562612 898635 220252 557601 1005995 703557 413382 581559 83448 312678 390141 794977 512493 413118 220009 443940 417357 449949 829395 605384 708438 681251 890259 752898 272268 102265 481261 701565 713137 276523 152584
 234611 384494 441915 309703 1 358492 490615 443732 300606 495568 633448 322105 289640 703658 394772 207492 511225 289579 324189 373880 539545 609664 103486 269573 138195 604055 141311 535079 295695 445391 567487 727986 632653 414191 285706 452182 444591 406379 54041 317492
 512780 741673 459415 56938 358492 1 439292 780089 469679 613577 955038 266915 592545 1047643 749840 470162 632530 134212 363472 440497 851609 544235 461293 225394 489658 432925 496977 883361 653351 764699 734346 945174 805940 307116 153060 475424 758038 757875 321099 196934
 725137 784197 842255 456179 490615 439292 1 678132 277457 953278 1092915 655833 486463 925111 723512 695594 971093 527043 723784 796639 1011070 964560 538903 257787 529021 871103 547828 956923 668816 915957 1045887 1218107 1114277 724435 542304 96661 919377 711246 439195 598653
 498219 248357 826771 739927 443732 780089 678132 1 404587 800292 561620 755966 201863 268924 127676 514443 808603 732166 729285 750937 534103 1005768 348024 605533 306486 1035311 308176 382645 199689 466426 803377 855161 843184 846161 729222 588550 483366 93580 464870 760196
 518869 513607 731228 451824 300606 469679 277457 404587 1 796154 833439 577931 209124 661234 446436 500724 811708 486565 609487 668298 760457 887453 304111 249463 279849 845167 299637 687008 397964 667042 863003 1004788 925431 665471 493850 197279 673663 433792 267042 544869
 308050 587950 180542 562612 495568 613577 953278 800292 796154 1 551757 349260 736102 987700 687843 306995 18955 479896 250141 173224 453902 291143 518621 698200 560505 435414 545381 606113 600643 425692 133774 359227 200812 350749 460946 934942 406060 718365 534141 419482
 443589 332770 694139 898635 633448 955038 1092915 561620 833439 551757 1 765919 652872 597089 441556 486717 545836 839387 676683 637059 107572 841246 558345 901896 563923 963805 545283 180851 442096 190798 461106 370514 452600 821350 824778 1027971 197189 472544 686678 816498
 336169 634039 194149 220252 322105 266915 655833 755966 577931 349260 765919 1 611622 1003608 684320 295707 368134 137173 102870 176398 658456 314070 408373 400513 451697 282009 448005 737532 580653 585119 474983 693282 545945 92114 118911 662071 573086 703586 325494 70444
 430429 321995 719772 557601 289640 592545 486463 201863 209124 736102 652872 611622 1 468230 239729 429654 748357 562615 607864 647019 593879 893382 221575 405838 177111 893419 190897 493016 211168 506323 772553 876008 825758 703732 562974 402547 517273 224976 293611 602004
 709684 400374 1047686 1005995 703658 1047643 925111 268924 661234 987700 597089 1003608 468230 1 320049 735802 992118 993227 963408 972242 618414 1226068 603078 873689 565522 1276918 563489 431314 423352 587240 959666 951764 983395 1090967 988810 831117 607598 300255 729724 1015427
 395035 120684 731381 703557 394772 749840 723512 127676 446436 687843 441556 684320 239729 320049 1 417995 694778 681982 643731 655561 407551 910445 291543 604756 260193 956874 253687 267105 103681 338780 681889 727521 718957 771110 675986 641861 355852 34175 428804 699058
 43174 346898 313721 413382 207492 470162 695594 514443 500724 306995 486717 295707 429654 735802 417995 1 320066 352802 231422 237790 381930 492956 211827 459289 253542 547297 238761 442001 318761 298280 362313 522851 425909 370583 338582 659673 289609 443579 256621 335479
 319112 593019 197552 581559 511225 632530 971093 808603 811708 18955 545836 368134 748357 992118 694778 320066 1 498850 269096 192158 449686 300135 531882 716296 573309 448857 557867 605753 609111 425404 117531 342808 183117 368558 479900 952026 405509 725672 550522 438379
 395974 655273 331319 83448 289579 134212 527043 732166 486565 479896 839387 137173 562615 993227 681982 352802 498850 1 229777 307103 733949 437553 391071 278035 427760 360962 430171 783216 580415 650936 600138 811791 671729 197469 18952 542581 642376 695300 269928 72082
 266162 578292 122357 312678 324189 363472 723784 729285 609487 250141 676683 102870 607864 963408 643731 231422 269096 229777 1 77545 569166 285868 390788 466001 436128 315895 428094 664007 541573 502073 372993 590431 444234 145568 210825 718551 488261 666785 343995 171243
 262969 577872 75953 390141 373880 440497 796639 750937 668298 173224 637059 176398 647019 972242 655561 237790 192158 307103 77545 1 530593 255202 425945 539144 471165 330305 460421 644111 556498 473202 299218 520106 369844 193132 288155 787433 457273 681369 401257 246404
 339000 288617 589258 794977 539545 851609 1011070 534103 760457 453902 107572 658456 593879 618414 407551 381930 449686 733949 569166 530593 1 740716 472502 809084 483978 858469 464594 187791 384167 95231 375865 334223 379894 713939 719027 951395 95324 441031 593383 709594
 516421 829216 179250 512493 609664 544235 964560 1005768 887453 291143 841246 314070 893382 1226068 910445 492956 300135 437553 285868 255202 740716 1 674771 712468 720203 180819 711001 879074 811694 701040 408529 622102 458465 240530 422365 975493 682768 936511 626000 365945
 220459 285357 499392 413118 103486 461293 538903 348024 304111 518621 558345 408373 221575 603078 291543 211827 531882 391071 390788 425945 472502 674771 1 349083 45434 688972 39930 443608 192277 377295 567699 700686 626754 499197 385932 484036 380480 304263 144033 413187
 494178 629370 584696 220009 269573 225394 257787 605533 249463 698200 901896 400513 405838 873689 604756 459289 716296 278035 466001 539144 809084 712468 349083 1 358446 635079 372912 792398 522838 714767 796359 979916 866093 474342 291297 264551 714163 604300 215705 347610
 258237 270978 544750 443940 138195 489658 529021 306486 279849 560505 563923 451697 177111 565522 260193 253542 573309 427760 436128 471165 483978 720203 45434 358446 1 732870 19789 436901 166950 389485 604638 728617 661804 542910 423795 467502 394939 269336 168617 453711
 581011 894184 269898 417357 604055 432925 871103 1035311 845167 435414 963805 282009 893419 1276918 956874 547297 448857 360962 315895 330305 858469 180819 688972 635079 732870 1 728285 973278 853824 803506 564784 786501 622495 190105 351802 898336 787487 978409 604645 300549
 241404 256755 534596 449949 141311 496977 547828 308176 299637 545381 545283 448005 190897 563489 253687 238761 557867 430171 428094 460421 464594 711001 39930 372912 19789 728285 1 420677 156821 370001 587082 709184 643653 538643 425356 487010 375301 265200 176939 453082
 401502 173401 712474 829395 535079 883361 956923 382645 687008 606113 180851 737532 493016 431314 267105 442001 605753 783216 664007 644111 187791 879074 443608 792398 436901 973278 420677 1 289074 180427 549644 520451 562595 808280 771515 884129 200248 296109 584385 775601
 299550 115702 632446 605384 295695 653351 668816 199689 397964 600643 442096 580653 211168 423352 103681 318761 609111 580415 541573 556498 384167 811694 192277 522838 166950 853824 156821 289074 1 299902 608173 680898 652015 667625 573865 595055 312917 125317 333759 595816
 255138 218207 538320 708438 445391 764699 915957 466426 667042 425692 190798 585119 506323 587240 338780 298280 425404 650936 502073 473202 95231 701040 377295 714767 389485 803506 370001 180427 299902 1 374742 388741 396302 647635 636858 856986 20593 372938 499085 631710
 347240 569983 314293 681251 567487 734346 1045887 803377 863003 133774 461106 474983 772553 959666 681889 362313 117531 600138 372993 299218 375865 408529 567699 796359 604638 564784 587082 549644 608173 374742 1 225458 71653 483502 581328 1017964 354150 714775 612840 544213
 493481 606923 539714 890259 727986 945174 1218107 855161 1004788 359227 370514 693282 876008 951764 727521 522851 342808 811791 590431 520106 334223 622102 700686 979916 728617 786501 709184 520451 680898 388741 225458 1 164164 707948 793358 1177791 372051 761678 778912 760913
 407090 603184 380548 752898 632653 805940 1114277 843184 925431 200812 452600 545945 825758 983395 718957 425909 183117 671729 444234 369844 379894 458465 626754 866093 661804 622495 643653 562595 652015 396302 71653 164164 1 551555 652908 1084249 376097 752516 679296 615383
 408153 715021 172907 272268 414191 307116 724435 846161 665471 350749 821350 92114 703732 1090967 771110 370583 368558 197469 145568 193132 713939 240530 499197 474342 542910 190105 538643 808280 667625 647635 483502 707948 551555 1 183093 738506 633802 791480 416912 126734
 381739 646209 312974 102265 285706 153060 542304 729222 493850 460946 824778 118911 562974 988810 675986 338582 479900 18952 210825 288155 719027 422365 385932 291297 423795 351802 425356 771515 573865 636858 581328 793358 652908 183093 1 555630 627935 690130 269501 56466
 684931 710740 839897 481261 452182 475424 96661 588550 197279 934942 1027971 662071 402547 831117 641861 659673 952026 542581 718551 787433 951395 975493 484036 264551 467502 898336 487010 884129 595055 856986 1017964 1177791 1084249 738506 555630 1 862158 627275 405127 611801
 246457 235583 521395 701565 444591 758038 919377 483366 673663 406060 197189 573086 517273 607598 355852 289609 405509 642376 488261 457273 95324 682768 380480 714163 394939 787487 375301 200248 312917 20593 354150 372051 376097 633802 627935 862158 1 390026 498501 621168
 422523 154799 757293 713137 406379 757875 711246 93580 433792 718365 472544 703586 224976 300255 34175 443579 725672 695300 666785 681369 441031 936511 304263 604300 269336 978409 265200 296109 125317 372938 714775 761678 752516 791480 690130 627275 390026 1 437012 715446
 286291 429291 465006 276523 54041 321099 439195 464870 267042 534141 686678 325494 293611 729724 428804 256621 550522 269928 343995 401257 593383 626000 144033 215705 168617 604645 176939 584385 333759 499085 612840 778912 679296 416912 269501 405127 498501 437012 1 309076
 377919 660074 262716 152584 317492 196934 598653 760196 544869 419482 816498 70444 602004 1015427 699058 335479 438379 72082 171243 246404 709594 365945 413187 347610 453711 300549 453082 775601 595816 631710 544213 760913 615383 126734 56466 611801 621168 715446 309076 1
LAMBDA_SECTION
1 693
2 323
3 63
4 196
5 850
6 257
7 558
8 663
9 570
10 569
11 624
12 338
13 386
14 536
15 964
16 147
17 488
18 972
19 196
20 143
21 807
22 820
23 905
24 50
25 606
26 173
27 697
28 340
29 679
30 659
31 612
32 826
33 246
34 435
35 300
36 745
37 860
38 315
39 721
40 715
