NAME : domp40p13v6
COMMENT : Cherkesly, Contardo & Gruson 2022
TYPE : DOMP
DIMENSION : 40
DISPLAY_DATA_TYPE : NO_DISPLAY
OPEN_FACILITIES : 13
COST_SECTION
 1 874740 962129 818565 495854 941314 491991 521266 740350 167440 224335 799891 662832 883505 244874 735018 755764 151921 621987 881785 868118 532989 305168 1008273 800495 92359 780097 150939 178436 846553 660813 772547 612465 794485 229523 803961 528359 205527 395512 506385
 874740 1 333745 536418 771518 246220 634364 399255 575581 713375 1078655 82008 407715 373864 866819 482663 134940 732305 298945 642368 532897 398151 680405 399242 252643 898146 105556 871713 929910 30081 891110 167411 316393 456393 701462 72939 432397 695327 489816 373211
 962129 333745 1 292715 673025 88993 557394 444234 373087 795905 1125258 379025 699814 104996 865500 298859 311573 810285 356037 370997 262088 628738 688746 67792 170921 1014092 313954 905362 954764 347493 728171 251204 570084 237519 743556 363215 671792 832425 577427 491064
 818565 536418 292715 1 421768 353061 340189 380505 94846 667378 937933 541117 787392 192065 662145 94493 441525 675914 359210 110945 52328 663835 515614 287271 283867 889864 462273 724416 762925 535170 441940 380764 639683 80814 589089 527778 706942 746173 498878 469287
 495854 771518 673025 421768 1 698264 137541 394502 327114 401929 548157 730523 812413 570071 275403 376513 638309 398032 477004 440384 473390 652043 230391 690811 568365 584853 667683 361109 380139 754418 183219 610038 682861 442026 305383 724467 681144 527009 397524 472094
 941314 246220 88993 353061 698264 1 573420 420160 422052 773910 1116930 296939 624627 162261 867038 337467 241575 789738 321190 443116 331369 566760 684311 153044 142845 986383 238453 898054 950458 261753 772928 189267 501704 285214 731233 281192 608593 796943 548530 450774
 491991 634364 557394 340189 137541 573420 1 260012 253163 359843 597744 593042 691169 458263 322471 273006 500890 362931 339489 390818 392196 533378 188021 583442 438609 571765 530291 385575 422739 616984 290966 474049 555869 339166 268412 586929 566245 467684 285605 343294
 521266 399255 444234 380505 394502 420160 260012 1 346010 353957 701527 344794 446671 376732 470012 286192 265142 369591 106163 480507 416933 299701 282731 495700 279372 569928 294029 485593 541241 377040 546850 261530 303530 323470 315437 341411 339610 391846 134221 96372
 740350 575581 373087 94846 327114 422052 253163 346010 1 595626 849475 567123 778590 268555 572585 92929 465160 602372 351968 144804 146281 642540 435366 376245 327069 815536 489615 638734 674712 569621 355131 411137 630624 137242 512055 555373 683949 684561 449009 440844
 167440 713375 795905 667378 401929 773910 359843 353957 595626 1 366938 640844 546178 719586 234166 579938 591239 20125 454628 739734 715181 399199 176549 843395 633282 223575 616354 183014 241666 685859 582292 605823 470924 636595 96773 643826 404790 131514 228801 341861
 224335 1078655 1125258 937933 548157 1116930 597744 701527 849475 366938 1 1007356 887136 1036575 277532 866216 953407 347394 806899 979968 989904 754759 436821 1163519 974115 264794 979580 219905 175019 1051610 671905 961632 832147 930681 386346 1009928 751944 429807 589656 705640
 799891 82008 379025 541117 730523 296939 593042 344794 567123 640844 1007356 1 334034 399105 804893 475561 102029 660128 253590 650599 545513 316145 620377 446566 262600 820173 78846 804101 862963 51988 862290 160511 234756 460329 635152 15813 350659 616746 421608 304973
 662832 407715 699814 787392 812413 624627 691169 446671 778590 546178 887136 334034 1 694765 769199 700984 388740 565679 429218 896949 808429 161314 620739 767369 551809 645652 386627 729168 787377 380978 982037 452155 148183 712669 591763 348808 142264 457330 416337 352249
 883505 373864 104996 192065 570071 162261 458263 376732 268555 719586 1036575 399105 694765 1 771820 194488 311978 732589 304796 281519 169465 601713 599949 126991 143178 941154 323871 816946 864160 379802 623465 246298 554932 132529 659885 383932 645767 768569 510799 439224
 244874 866819 865500 662145 275403 867038 322471 470012 572585 234166 277532 804893 769199 771820 1 594035 734223 218143 575372 702469 714316 614144 187336 898585 725111 337197 762598 94802 105040 842749 422698 729778 675171 659531 179488 804170 626955 360037 388332 501857
 735018 482663 298859 94493 376513 337467 273006 286192 92929 579938 866216 475561 700984 194488 594035 1 373792 589536 271778 197468 136337 572705 435866 314493 234673 803255 397648 649333 691572 476932 435473 318580 552841 66439 505761 463509 615421 654090 404877 375985
 755764 134940 311573 441525 638309 241575 500890 265142 465160 591239 953407 102029 388740 311978 734223 373792 1 609512 164020 551685 448818 326632 547289 378896 170016 786636 29505 742990 800469 116116 763871 65703 260251 360943 572160 91176 367715 587329 363905 249488
 151921 732305 810285 675914 398032 789738 362931 369591 602372 20125 347394 660128 565679 732589 218143 589536 609512 1 471211 746017 724254 419204 176893 856919 648683 213954 634831 163512 221893 704904 576935 623104 491048 647157 95653 662968 424450 143544 246392 360306
 621987 298945 356037 359210 477004 321190 339489 106163 351968 454628 806899 253590 429218 304796 575372 271778 164020 471211 1 468011 384403 307609 388042 413486 185740 665198 193478 591600 647391 279170 612285 155375 281107 287593 421193 247533 351465 477541 227545 135683
 881785 642368 370997 110945 440384 443116 390818 480507 144804 739734 979968 650599 896949 281519 702469 197468 551685 746017 468011 1 112146 770157 576649 347855 390916 958624 571779 774226 806403 642668 413269 490094 748999 190810 654657 636996 812804 829257 590871 572431
 868118 532897 262088 52328 473390 331369 392196 416933 146281 715181 989904 545513 808429 169465 714316 136337 448818 724254 384403 112146 1 691635 566079 247189 283537 938165 467037 775921 814887 534590 486043 385398 661825 96838 638597 531413 735256 790355 539838 502019
 532989 398151 628738 663835 652043 566760 533378 299701 642540 399199 754759 316145 161314 601713 614144 572705 326632 419204 307609 770157 691635 1 460181 693675 464513 532245 336842 581247 640516 368122 823647 379003 86093 594802 435240 326550 44141 331132 255219 203330
 305168 680405 688746 515614 230391 684311 188021 282731 435366 176549 436821 620377 620739 599949 187336 435866 547289 176893 388042 576649 566079 460181 1 726832 541693 383745 575825 217021 266488 656842 413316 542580 509720 498273 81305 618976 481455 297109 213588 320797
 1008273 399242 67792 287271 690811 153044 583442 495700 376245 843395 1163519 446566 767369 126991 898585 314493 378896 856919 413486 347855 247189 693675 726832 1 231531 1063794 381710 943846 991151 414068 729085 317677 636654 248804 785941 430754 736983 886592 629803 549144
 800495 252643 170921 283867 568365 142845 438609 279372 327069 633282 974115 262600 551809 143178 725111 234673 170016 648683 185740 390916 283537 464513 541693 231531 1 848275 184841 755209 807707 251755 661172 104490 413345 203753 588559 248200 508246 663116 410310 320260
 92359 898146 1014092 889864 584853 986383 571765 569928 815536 223575 264794 820173 645652 941154 337197 803255 786636 213954 665198 958624 938165 532245 383745 1063794 848275 1 808958 243017 265347 869031 752199 810281 616011 860170 304122 825906 520051 204006 438080 540564
 780097 105556 313954 462273 667683 238453 530291 294029 489615 616354 979580 78846 386627 323871 762598 397648 29505 634831 193478 571779 467037 336842 575825 381710 184841 808958 1 770128 827840 86840 792208 81738 265491 381484 599422 65912 376514 608476 389925 274526
 150939 871713 905362 724416 361109 898054 385575 485593 638734 183014 219905 804101 729168 816946 94802 649333 742990 163512 591600 774226 775921 581247 217021 943846 755209 243017 770128 1 59826 845798 516111 746901 650338 713041 170927 805241 587789 293016 382545 499334
 178436 929910 954764 762925 380139 950458 422739 541241 674712 241666 175019 862963 787377 864160 105040 691572 800469 221893 647391 806403 814887 640516 266488 991151 807707 265347 827840 59826 1 904228 520716 802765 710065 756291 228471 863890 646327 345676 441358 558052
 846553 30081 347493 535170 754418 261753 616984 377040 569621 685859 1051610 51988 380978 379802 842749 476932 116116 704904 279170 642668 534590 368122 656842 414068 251755 869031 86840 845798 904228 1 878356 158610 286603 454609 675890 43207 402563 666018 463487 346707
 660813 891110 728171 441940 183219 772928 290966 546850 355131 582292 671905 862290 982037 623465 422698 435473 763871 576935 612285 413269 486043 823647 413316 729085 661172 752199 792208 516111 520716 878356 1 724191 846409 491303 486441 853946 855336 709168 572320 633719
 772547 167411 251204 380764 610038 189267 474049 261530 411137 605823 961632 160511 452155 246298 729778 318580 65703 623104 155375 490094 385398 379003 542580 317677 104490 810281 81738 746901 802765 158610 724191 1 318983 299953 576355 147014 421540 615519 377084 269870
 612465 316393 570084 639683 682861 501704 555869 303530 630624 470924 832147 234756 148183 554932 675171 552841 260251 491048 281107 748999 661825 86093 509720 636654 413345 616011 265491 650338 710065 286603 846409 318983 1 565681 495769 246372 116051 413464 296902 212692
 794485 456393 237519 80814 442026 285214 339166 323470 137242 636595 930681 460329 712669 132529 659531 66439 360943 647157 287593 190810 96838 594802 498273 248804 203753 860170 381484 713041 756291 454609 491303 299953 565681 1 565958 446967 638438 703936 449948 406248
 229523 701462 743556 589089 305383 731233 268412 315437 512055 96773 386346 635152 591763 659885 179488 505761 572160 95653 421193 654657 638597 435240 81305 785941 588559 304122 599422 170927 228471 675890 486441 576355 495769 565958 1 635762 449781 223370 213954 330195
 803961 72939 363215 527778 724467 281192 586929 341411 555373 643826 1009928 15813 348808 383932 804170 463509 91176 662968 247533 636996 531413 326550 618976 430754 248200 825906 65912 805241 863890 43207 853946 147014 246372 446967 635762 1 361977 622837 422719 305910
 528359 432397 671792 706942 681144 608593 566245 339610 683949 404790 751944 350659 142264 645767 626955 615421 367715 424450 351465 812804 735256 44141 481455 736983 508246 520051 376514 587789 646327 402563 855336 421540 116051 638438 449781 361977 1 323563 283698 243500
 205527 695327 832425 746173 527009 796943 467684 391846 684561 131514 429807 616746 457330 768569 360037 654090 587329 143544 477541 829257 790355 331132 297109 886592 663116 204006 608476 293016 345676 666018 709168 615519 413464 703936 223370 622837 323563 1 257843 346472
 395512 489816 577427 498878 397524 548530 285605 134221 449009 228801 589656 421608 416337 510799 388332 404877 363905 246392 227545 590871 539838 255219 213588 629803 410310 438080 389925 382545 441358 463487 572320 377084 296902 449948 213954 422719 283698 257843 1 116818
 506385 373211 491064 469287 472094 450774 343294 96372 440844 341861 705640 304973 352249 439224 501857 375985 249488 360306 135683 572431 502019 203330 320797 549144 320260 540564 274526 499334 558052 346707 633719 269870 212692 406248 330195 305910 243500 346472 116818 1
LAMBDA_SECTION
1 828
2 938
3 952
4 259
5 427
6 782
7 524
8 290
9 800
10 821
11 593
12 845
13 380
14 605
15 945
16 481
17 930
18 308
19 285
20 35
21 394
22 943
23 758
24 132
25 114
26 672
27 524
28 389
29 483
30 51
31 256
32 624
33 762
34 374
35 524
36 297
37 965
38 476
39 963
40 132
