NAME : domp200p66v1
COMMENT : Cherkesly, Contardo & Gruson 2022
TYPE : DOMP
DIMENSION : 200
DISPLAY_DATA_TYPE : NO_DISPLAY
OPEN_FACILITIES : 66
COST_SECTION
 1 496099 542297 611531 592669 712239 871553 172450 773946 169120 256964 308980 572284 799030 933763 680400 140496 425513 343375 483338 210003 801982 681600 374754 1025407 637499 754177 677454 278675 535003 711027 894606 452868 273516 182707 370852 595548 397601 870142 444634 637424 746048 146201 703663 885132 773942 129417 670853 386692 314417 671615 572299 207324 34022 303541 632226 589403 218982 642160 654115 516753 209968 214723 184149 669588 116052 456253 176056 298886 757147 230571 976484 731812 381619 633971 713191 203367 437078 774248 723856 457153 708642 757235 559039 943919 287249 674703 721538 599104 692574 122371 689197 566304 597540 375974 310724 414697 442582 865179 734492 941669 173320 598227 949876 466267 526149 577729 317311 269040 806327 257434 169453 105383 663149 533243 470071 707234 552762 642270 416440 246368 926224 676044 377653 595967 700207 745699 245956 524021 672649 413638 465407 618123 237032 676436 663687 495633 301189 95230 833935 262605 556326 355495 380406 513118 503729 506348 880641 494602 728640 593823 627843 663843 462758 531727 476279 266172 222703 187449 240674 112643 377753 350979 726320 394924 85558 221567 749991 605090 472380 257196 359323 532117 522080 780477 342752 466400 495390 650121 108541 621152 417196 266496 301080 390230 300415 623402 627797 330956 525369 256579 501148 171939 417446 302205 443483 262227 656591 629886 154800
 496099 1 341224 677810 616629 700203 767834 393448 1109170 663829 721792 630345 874667 776676 891114 974462 567461 94880 273012 182910 587153 801350 371070 693095 913516 959959 914932 835445 217870 129074 888711 896867 327572 579930 606676 177670 512653 139460 830104 733878 554055 250988 588129 681759 828263 660170 533262 180661 647655 705177 843426 558716 538568 502441 770339 679495 93306 515635 212680 281455 109433 646102 668851 627937 237562 430828 877816 663376 730539 1029328 517874 862285 671178 803054 874818 639649 698588 757923 666458 627157 499517 391525 926066 884245 893137 550535 276399 303491 867747 335810 503859 522126 75885 652913 612214 188994 118880 792073 766371 568914 895245 329526 899116 829173 74958 383036 369844 322381 708419 590980 753393 659851 600662 951979 730593 101291 494120 828745 858214 681173 252325 888484 305789 199633 932622 923478 652895 314439 510448 994382 778311 571143 559452 422944 995018 871296 223112 683032 543612 788305 757926 894090 617708 475127 451396 536034 740927 704958 418757 1054959 1002229 553364 986246 890141 266776 38211 649634 312247 397096 293070 495816 430073 266732 924811 155294 417442 657250 488286 155111 704504 585421 212968 914877 413727 768587 731000 755058 605668 505934 480688 929669 785330 740888 196216 775036 704516 360119 175978 619818 864439 343547 923879 595889 114689 550991 59786 713249 485687 447776 344917
 542297 341224 1 368259 300481 364764 429891 371689 881567 669952 799015 484240 652912 437097 549931 734297 525576 275654 204356 158855 721525 463688 152965 522438 580222 739227 614941 542379 375292 227043 598295 557462 91122 446811 545125 237654 176907 423839 488939 532104 214796 441769 682035 345497 487176 321013 494039 370560 454059 841105 555514 238691 446464 567599 705791 362428 372101 415514 249108 186923 238249 580179 612698 574762 261519 429453 745906 712570 838244 771103 687867 528348 330528 684096 616995 298744 723239 571164 326746 286042 231800 177950 628354 675853 552167 404230 222775 269288 626553 191901 470327 187749 333472 343058 416416 381872 413507 617592 427725 237061 554149 453767 672745 495807 402143 56840 37758 225241 627413 282948 757033 703285 620251 711315 474230 430262 178296 598287 589599 478617 358449 547261 194479 210406 724932 650559 311862 511857 203665 769135 618032 309858 224530 330401 767678 596795 118318 561349 628835 447182 754760 692727 436758 260844 141341 245254 503502 383747 118046 826417 841555 215600 762353 761943 77613 369312 786508 327498 562563 479200 608592 222312 198455 639987 440778 461106 759514 208818 269799 474706 746406 479904 743768 93353 430393 600398 547650 334494 165756 460988 703864 626091 806454 373112 630979 831550 85871 276416 455874 668745 551424 786340 538798 410757 394441 307741 642522 149846 112348 411622
 611531 677810 368259 1 68959 125500 310940 469528 555867 653626 825841 359581 358481 198856 329206 406946 510274 591149 428780 503222 821533 193371 473863 342563 444342 433225 246796 177901 611355 585003 233689 283140 350788 362958 498232 519116 205376 714195 269601 300725 194410 810028 752335 129643 290784 258905 497251 738011 275834 919874 194263 130379 415631 645344 599358 27824 728886 395774 617007 546760 590593 513334 545112 525091 627632 508331 548067 730029 888920 423652 828495 403169 182554 517227 282073 189236 712186 347623 252661 219410 187748 486442 260503 394702 341444 332755 583048 624174 311174 533319 492464 298294 689394 25347 260810 636120 712105 396446 302234 304408 337848 628705 369020 385480 721350 312740 361729 396547 524972 389403 715004 717170 633920 385642 174635 746752 357221 302992 245136 271298 570402 320601 547244 490136 436494 296815 223225 720336 168973 454710 416290 147127 166726 389745 451096 245240 468069 432430 705530 240785 705795 417566 290126 247652 231339 143636 225599 384331 262191 503542 592594 184738 450127 565346 442014 696169 875856 492735 730759 690040 717203 276161 431232 277551 727628 564850 819933 426580 636477 223045 866736 745773 497605 276565 177890 444524 301547 116314 269641 503008 396350 423276 819700 622201 447038 902990 416294 644380 322424 405715 756679 573686 499972 710804 316395 629008 547462 302349 318696 562073
 592669 616629 300481 68959 1 119590 292729 439704 618537 652305 819626 369637 411945 206635 341453 469017 504102 532278 376848 439414 801674 213690 405296 365553 438937 490662 315314 246684 564379 519827 302555 310931 289078 363383 498088 463419 136787 660586 277505 335258 130409 742112 736692 112555 292968 219843 486769 670786 293505 905301 262527 61858 407778 625884 615098 63094 664384 384175 548797 477876 526372 518014 551080 526596 559042 483861 582549 723872 879151 490068 801461 393140 152664 544011 344662 147936 711170 382302 215525 173688 143757 418367 329221 445565 351294 327646 514150 555218 369133 464477 478003 235162 624953 45045 270378 586898 657183 432386 284915 247322 349197 591857 425013 370808 663260 245592 292951 349835 537718 334597 720147 711430 626217 447138 222869 689295 292797 355387 309738 297016 526043 334239 478286 433832 489851 363974 184333 679916 106319 514295 448127 133705 100949 361569 511131 311614 403203 447533 687737 241639 712135 467411 300272 215186 166361 94978 269739 345846 198338 565339 639161 119704 509173 599903 375147 636667 858752 452760 697288 648682 693879 234170 378354 346209 674721 538198 807320 362417 569506 258555 843879 696421 542093 209849 188883 466428 340242 117507 203746 485187 453678 455614 815968 573484 475648 889551 347344 576859 331935 452336 717396 611960 498211 655641 311257 569761 559337 235914 250460 527285
 712239 700203 364764 125500 119590 1 185450 557842 653417 769098 937988 480494 474136 87935 222411 508221 622124 622393 480710 518087 921137 102567 432375 467400 322678 542846 302167 258556 671599 591696 307539 200791 378425 478854 614198 560480 188299 758837 158064 426058 151783 794671 856264 20063 173653 147443 605679 729569 399121 1024854 279676 153028 526010 745423 722949 97719 736857 503099 601259 520689 601863 632135 664649 642124 606470 603017 673020 842152 998230 510327 919692 279332 69297 642686 385274 91700 827926 472852 139387 122974 260077 438442 318149 512413 231846 444873 555585 589948 422092 495482 597416 233932 698145 125625 380915 691536 753375 521379 176735 220883 229955 706585 481580 260359 753548 317452 345901 459573 647442 295216 834371 829598 744759 488640 297375 780634 293137 420511 344509 396369 635956 215570 515434 530353 551342 383624 115220 792066 207348 560424 541708 251239 140935 480357 556003 338319 478965 555516 807320 122302 825763 535925 410706 333893 254310 211353 349225 267132 286976 603940 712393 149362 556882 690266 442375 724147 978336 566395 813380 760281 812990 349181 480984 352692 773916 656876 926723 357570 631418 348458 962969 800171 619111 286773 72510 569365 426212 229197 220983 604772 506652 548650 933681 678799 572534 1009040 387492 634897 442916 526481 830196 697653 614902 751445 428413 658572 669645 252922 281659 643298
 871553 767834 429891 310940 292729 185450 1 707654 813104 943544 1107893 661786 652447 136928 144634 674142 793938 705421 596754 587833 1076804 170360 431935 652134 156367 715415 441916 421268 787153 644954 461031 200339 478104 655876 790104 659395 286529 852421 112786 611459 240840 805038 1017455 183603 88959 109362 774325 753217 582703 1185962 443482 299715 697575 903608 906149 283140 783325 672274 622327 533489 660518 810704 843806 818893 619130 758048 858131 1012553 1164558 663078 1065613 105506 141576 828028 555836 158494 1002371 658193 104912 152975 414882 426393 457867 692034 139223 619175 562928 583856 597485 492735 762777 245905 747635 309296 562228 800689 842935 706522 9217 201262 144423 841135 657373 78738 831556 401260 398409 588590 829605 219622 1012765 1000410 914448 656455 481634 859769 283547 600709 513769 581372 758905 147537 519988 629885 728305 541780 128292 917432 347849 729309 727140 425960 254937 634935 724236 503488 547326 738490 966623 96896 1004841 715922 592147 491970 370759 370173 533762 124660 398229 767224 892912 248264 726747 875346 501254 797939 1136844 700878 950969 884695 965547 495572 594663 503468 869028 807983 1090587 321968 665707 533896 1114309 904492 801409 383129 155817 754023 611237 409154 264457 766864 680277 734062 1105692 789826 757950 1171503 413925 662644 624075 708461 956811 881943 789794 840288 602909 737535 851466 282170 320142 783240
 172450 393448 371689 469528 439704 557842 707654 1 748494 305047 427854 254675 522487 645685 780221 629973 178731 306075 179777 332373 369670 652931 514932 323824 862996 601381 648252 567289 204918 397765 609602 748819 281437 204383 214571 233270 426874 338549 715585 380647 470046 630552 316826 547166 728113 607001 143793 551025 301745 482637 566236 411256 149741 200909 381219 486673 483195 133541 498824 497517 383323 254155 279512 238183 525052 57764 485922 340980 471178 697990 361855 813078 570171 410431 555586 549261 354795 391768 607923 557526 298059 541803 654345 521943 789183 190353 521837 570601 532551 531371 114733 517320 452726 451968 276385 240611 348696 416430 701758 563153 787636 167531 548624 785303 388255 353745 406449 146560 315523 633997 395260 331943 250594 609423 430026 401830 534799 487793 553197 336417 156367 773390 517801 230172 567023 616759 580345 265717 360230 637121 397055 323104 452825 79931 639229 572078 337237 293617 264042 677505 395478 526808 267811 224642 343272 346532 417924 710341 323173 697131 614153 461081 628454 497656 368029 385260 431219 81226 261987 240578 257894 212215 188141 633600 343724 100329 393382 578388 470810 380246 406967 333096 532142 349959 628512 342000 403503 357327 478652 96427 576603 403288 434768 226147 388151 470232 454354 492138 256750 495596 297322 532258 204295 349911 198870 334457 321776 484343 457436 98915
 773946 1109170 881567 555867 618537 653417 813104 748494 1 681348 836065 493940 235004 676181 743565 149638 634502 1014306 837230 972032 933723 643966 1013470 424757 888881 149250 375387 395404 952275 1057734 352074 660411 826352 544131 591267 931502 750967 1084324 718788 375532 748726 1302661 850725 667224 748619 800809 654261 1223489 461588 972694 373885 671436 602991 800701 524933 577429 1185269 615011 1121561 1068486 1054576 566467 571522 592516 1138688 742455 350083 766417 911528 153798 991148 869324 722197 408066 273993 738013 716537 356944 792801 769744 650504 1030101 360384 226995 759902 564247 1104221 1150699 255207 1067333 675303 853360 1147824 575069 497067 987255 1092079 335482 803990 859749 752339 901288 211726 867354 1124158 825686 888070 786977 515820 943000 672004 754534 713948 171978 408282 1142080 911333 285303 311320 428021 903291 733257 1074928 911105 181730 271650 767530 997431 685264 115017 361332 571870 719479 693938 115107 315202 948423 474195 831762 717754 656941 222141 492319 644022 742912 639139 379298 917636 763522 55279 239858 738223 122977 354062 941092 1112476 956372 819682 958343 979136 878437 690433 844174 310320 1090966 791798 879407 980952 1123820 411629 991598 1081087 249685 790579 657909 431195 354124 547984 821998 700718 180556 357173 812652 972407 383950 950526 949147 1137975 494660 253605 1019395 321303 602196 1092698 560988 1050436 530900 853625 863740 839095
 169120 663829 669952 653626 652305 769098 943544 305047 681348 1 177761 300115 514404 851186 982829 615337 151564 589675 484815 635469 253889 846726 817464 345342 1091095 561640 743084 675304 447146 694507 696974 931375 578834 290786 155395 528622 687590 566394 922560 415475 724331 912786 172329 764601 941872 856039 178086 836471 388317 299739 664291 647195 246753 172327 163217 678335 757096 274212 799380 802427 677603 146518 122627 129587 826267 250115 337342 88486 249444 696427 321987 1045362 802007 273284 599843 789061 58865 390643 854611 805450 535266 844085 742510 490150 994981 324663 826085 874404 555527 836223 199739 792948 732748 645558 394238 479679 583707 376696 936136 833899 991468 342178 538006 1022142 635384 643448 702439 448404 171404 913097 91138 75444 63754 602326 533995 639005 820581 511634 618825 407817 412314 974171 822840 530993 516414 667157 824174 406930 606798 594052 343133 518633 700294 341024 599165 641565 642179 249015 168472 890786 94158 480552 366244 460267 611885 575483 494056 972513 600501 643411 472113 713376 585642 338807 672609 644986 276130 374298 335275 406168 226410 473457 493187 701791 563213 247126 200655 871323 766141 467993 311869 525120 431693 631630 830796 271428 433035 540437 751953 210165 554352 343519 167021 469735 309885 278566 754652 788422 334687 452769 410040 377008 154198 586490 341050 609932 152500 764419 743124 319568
 256964 721792 799015 825841 819626 937988 1107893 427854 836065 177761 1 476882 686413 1021798 1154681 783807 315993 664665 600111 735631 165051 1019212 938321 523037 1258223 726913 920670 853048 507782 780036 874482 1105798 709192 463481 329905 620250 841499 601217 1093350 592913 881085 971956 133703 932177 1111485 1015735 333570 901821 565012 139195 842039 808864 411980 234693 312152 849724 813232 435838 888791 907424 760164 324256 299498 306291 916573 370272 486047 95880 75645 865403 255024 1211215 966481 433501 775768 951196 125281 566606 1015092 965154 694534 965378 919907 659322 1166350 493680 926125 971629 730240 947647 346523 940576 796141 816250 568802 533133 621406 549121 1100863 984363 1163157 394561 709047 1186629 676835 781038 834175 573833 343890 1059123 164618 108673 193515 772336 711461 672954 961714 687142 795872 585360 487209 1146280 929970 630309 681052 842876 985360 420252 764696 757578 515208 686750 859161 483798 763180 818653 750509 426274 180553 1060192 179737 647490 541596 617761 761561 737801 671817 1127726 745777 802896 611116 870738 749492 483203 787983 695329 142511 478267 335098 433183 226357 623432 607599 878458 592993 340646 77169 1006232 847034 645536 209708 543061 588287 774711 1001827 445466 610079 711064 900612 346678 723114 514704 30022 527502 480185 116948 880363 870146 510547 621466 406365 518724 326751 624969 510140 675991 322666 909269 884106 402834
 308980 630345 484240 359581 369637 480494 661786 254675 493940 300115 476882 1 271848 558433 687373 380595 175239 536934 368975 521638 506512 550820 636362 70213 802845 347568 451286 378920 459092 602494 406547 632612 402984 50992 148145 455401 437698 592037 629055 136225 465244 847847 427442 478841 650266 585564 179587 767017 88203 586360 370014 379360 111190 341276 246432 385714 713796 121135 686606 656976 594134 155306 185952 170664 708982 251536 263548 382805 545366 453426 539407 759700 522291 199956 324998 514862 357386 137927 582456 536313 283061 659997 452784 267832 700218 83826 688836 738755 291624 674076 192439 552376 678985 354953 99642 494431 600924 162953 653728 584860 696230 410076 298183 739219 636508 439622 506668 317758 168139 670856 355656 369481 293378 361364 235416 652518 593573 245309 334371 110781 410213 678361 670983 440329 312372 391285 551203 507858 351903 383386 148179 239516 437084 207422 385818 356221 509062 81306 390257 599914 346241 272135 69791 225831 379499 310227 200568 708881 381523 443025 374814 453310 374653 278959 518960 628612 550279 328186 479304 487431 421440 261973 377132 418631 597953 304969 484228 655508 674191 170236 559766 587172 284649 414890 537441 116158 158527 252634 511195 215439 324631 155419 467089 479723 150491 567120 567992 692283 37715 240931 533176 306336 153514 601816 90377 570606 189715 532059 521492 345985
 572284 874667 652912 358481 411945 474136 652447 522487 235004 514404 686413 271848 1 519992 618640 108866 432255 779787 602403 737562 754193 495307 790445 201759 758405 87021 274476 243407 723785 823130 230602 542679 593511 319493 393274 697013 535924 854324 577488 142886 541108 1068467 671519 483625 605629 616445 445431 989048 227805 814141 222509 457493 383035 602396 382978 384126 950283 390449 889168 839383 819706 378107 393325 402679 907101 523359 246845 602879 761106 185263 799319 728049 538585 262475 112482 547658 561263 135642 609689 577859 421114 808826 266796 41950 634416 334165 874711 922097 60327 841609 462233 645209 912821 372525 262461 758138 861127 137711 643266 659137 627997 681686 26337 718434 891423 597996 662306 552331 343356 745897 532244 589831 531770 90877 189675 910095 700444 56786 151075 193658 674831 608256 847225 676275 78071 169336 581081 779658 463008 119988 171412 343668 510678 462887 120360 170167 714770 274581 643190 564637 518365 66017 259641 409614 517172 415468 150132 740440 535220 180372 241570 529714 112146 261079 709376 878737 787809 590022 749442 758788 682496 455953 609286 213739 861810 576514 714377 769688 889778 178752 810543 855443 158324 563933 499097 243271 120573 324123 610234 486266 55100 171713 668280 743166 206341 792897 724391 904356 265832 73290 804910 251816 402754 861562 329296 816138 363885 640165 645625 616742
 799030 776676 437097 198856 206635 87935 136928 645685 676181 851186 1021798 558433 519992 1 134820 537602 705809 702126 566030 593821 1008234 37721 484389 539197 247199 580148 306003 285034 757479 663591 324108 120366 459900 560419 695891 643220 264743 841344 71571 491438 222667 854676 942556 101001 92183 158501 690554 793545 474305 1111002 307285 239851 610106 832343 797205 173060 807828 588121 663330 578995 675345 711953 743880 723192 665766 690478 734636 925919 1083144 526402 1007539 210077 108147 710474 420498 140503 909893 537151 148976 162318 348006 486239 322062 560340 145059 528135 612455 642413 463688 547854 683224 282497 769746 205687 459528 776548 835071 583833 127810 255236 142640 794308 523506 198452 832756 394051 413969 546492 723538 311233 913780 913226 828965 520217 357782 860201 336952 469958 378287 467667 722659 127714 570764 613048 594777 404866 141621 879228 294097 593134 606963 335804 219458 568011 587954 367231 553928 630791 894000 44850 904632 584432 488936 421546 337556 299254 410037 248965 369690 630377 761335 223528 590768 751643 514224 802247 1064987 653989 901262 847321 900489 437064 565935 366691 856759 744589 1012363 393732 698011 415308 1050486 884686 671932 365990 21659 640847 488569 310910 280705 691261 545448 613444 1016644 764059 639705 1094918 448016 699459 521239 578952 917497 755614 697163 832990 511670 737568 746113 309400 342917 731188
 933763 891114 549931 329206 341453 222411 144634 780221 743565 982829 1154681 687373 618640 134820 1 617094 838824 821752 694636 708683 1143034 136566 570934 663049 145328 667719 369251 375435 886561 772494 400428 83726 583701 692149 827435 767578 386571 964610 65094 610070 341572 944860 1077081 233633 63388 236185 824366 890021 601536 1245435 396856 372176 743497 967109 921888 304961 914112 722090 758853 671046 786320 841940 873291 854189 757477 825281 846817 1058822 1216816 589898 1142058 133859 223687 829226 511112 253422 1041372 654150 228438 263982 482310 567348 383652 660278 16344 661103 701889 725288 559436 632893 817565 376128 877237 338657 589485 904079 957077 698446 141020 336784 9379 927277 617793 145529 950951 512781 522304 677856 850216 364130 1043016 1046032 962249 602877 474834 978824 421032 573672 469446 591780 853325 10464 659089 737482 689019 480644 238366 1010699 425998 674963 724076 469866 344697 702742 669015 453875 668210 757124 1028690 105906 1033390 684510 618447 556273 464830 433695 526073 264656 495966 703565 859161 345062 674060 863423 625037 918928 1199655 786672 1034819 978549 1035287 570808 693965 436513 980516 879282 1146525 464713 799235 536426 1185281 1011148 775295 488237 153462 763657 604458 443689 385801 825904 635642 730036 1148858 892042 758388 1229205 546334 797867 650656 683392 1049270 863660 829144 954764 644665 855918 873054 409325 446138 864834
 680400 974462 734297 406946 469017 508221 674142 629973 149638 615337 783807 380595 108866 537602 617094 1 540129 879691 701490 830441 859133 507517 864399 310575 761402 65413 249721 253011 829991 916411 217064 535876 682253 427804 500348 797171 601351 959541 585737 249362 599284 1159923 776148 521148 615234 655184 554035 1081440 331823 914485 230890 521820 491781 710155 474747 429118 1047348 498586 976442 921170 914437 483183 496109 508252 992830 632036 318611 703521 859100 81673 906503 737502 576405 352193 124882 590884 659387 244405 647435 622433 504233 880773 236962 125211 633371 440642 957070 1003076 108561 918799 571073 703967 1009295 425731 364296 863984 965692 241037 664951 711197 626197 790191 82571 732710 994304 678103 739733 652360 443980 795144 625489 690695 636461 23040 260134 1013736 761799 145890 163900 297002 781128 606645 927014 775155 108491 136467 621310 888287 536445 58409 273417 425366 569944 568226 52078 170955 805158 381142 749538 580560 611084 136665 364724 503330 594817 490744 235716 774244 616334 96606 264219 588718 59255 329389 795619 980230 890482 695877 858250 867145 790080 549714 707980 181729 967501 685359 815945 831425 980966 270609 915915 962578 214363 642678 518328 346552 226557 399998 672395 595130 60991 272228 764059 848969 305458 892928 800477 994357 373249 162649 913727 309049 510110 965987 434758 916584 463239 703992 714214 724917
 140496 567461 525576 510274 504102 622124 793938 178731 634502 151564 315993 175239 432255 705809 838824 540129 1 483162 352291 508687 331276 703601 675711 237096 942982 497059 626191 552517 362777 576340 581681 791405 434861 150214 44911 411974 536043 494280 777364 308132 572837 808411 252591 616641 795549 704986 34941 729241 259414 414477 544519 496435 96406 170154 203217 533873 658806 122745 676216 669428 562053 80942 101476 60492 702050 137015 328437 220116 378976 617338 367690 896512 652367 252002 498089 638558 209708 297467 703720 654370 383905 701919 627936 418544 850406 177728 695742 745132 461039 699175 64196 641951 629713 500295 256717 398484 508015 302134 786691 682508 847264 280921 458096 872635 553612 495669 556601 310172 144625 762227 232827 207485 123752 523130 408134 563209 670937 414837 509334 285676 318819 830488 688342 408330 455767 564991 673433 370307 455340 532264 273561 370910 549009 195224 536002 531313 509838 160849 215301 744274 229537 416003 231700 308710 460830 424825 375714 820989 450443 588554 464042 561924 523453 337359 535413 555519 376036 258140 324043 357392 250361 322752 360975 593612 495599 167799 312791 723420 649455 344253 384820 470683 395700 482062 685868 203728 329226 395146 600847 86877 480728 277381 311929 385679 251727 396138 611094 670669 203034 384972 387876 374614 33247 509969 194177 509536 146297 613997 593745 231979
 425513 94880 275654 591149 532278 622393 705421 306075 1014306 589675 664665 536934 779787 702126 821752 879691 483162 1 178391 121711 543357 724554 341223 598939 855662 865102 824858 744727 158767 119687 797395 821523 244627 486783 520579 82810 437466 150240 759168 639056 480981 325505 532407 604679 759750 596344 448478 247334 552816 664421 752007 476375 447850 436525 686359 594603 178084 423826 228103 270138 97705 560155 584574 543347 255939 348237 787198 598270 681800 935032 484334 803847 599129 713098 780794 568492 628827 663450 601802 559247 409455 365404 835594 789489 825006 456465 277539 316637 773107 321364 419041 462694 146667 566600 517336 142314 138173 698163 703086 511421 826510 270757 804241 771193 131325 309085 308960 227510 621539 545499 680388 593360 527700 857234 636982 158243 443588 733941 764903 586302 179501 818368 295195 105587 837931 830284 585258 283184 426017 899508 685058 479167 482944 329784 900140 778400 160517 591757 484234 717248 683704 799495 522983 381380 369613 448151 646421 654484 336689 960083 909903 478894 891377 799936 209730 105314 608091 225243 357262 255199 442537 336810 172349 832705 167727 342786 605532 450214 182460 609878 550454 214243 821580 336217 692484 639445 660202 514200 441017 397153 834789 692172 681188 142457 682797 660998 313776 205624 525550 769947 318782 833031 510153 135274 456566 38183 627707 425035 387138 270928
 343375 273012 204356 428780 376848 480710 596754 179777 837230 484815 600111 368975 602403 566030 694636 701490 352291 178391 1 158075 517178 582834 338233 426866 752602 688174 653276 572170 191953 234323 623536 681319 123284 320759 381631 96700 311317 285522 629914 462696 357363 478893 479514 465275 635879 488939 317964 398056 376410 636945 578075 328173 293902 366444 549296 436444 348730 265811 326384 318097 225172 420269 449402 408652 351328 235936 627596 517399 635862 756711 485290 700874 472075 556466 602703 444898 534157 489446 492187 444007 241716 365282 663215 613525 700508 286009 343522 392844 594746 351737 290523 375157 312254 405482 340218 210885 284362 526812 592546 424270 700665 252005 626602 670152 300155 203445 241589 51402 476783 483007 574885 509160 429764 678983 459464 323323 379317 555834 587711 409333 162519 689670 338086 73876 662351 653213 469380 320881 274247 722293 516580 305332 350144 168651 722750 601827 157915 432024 426472 588742 574777 624529 347753 204095 229882 285598 468033 574340 199592 782773 743785 351742 714254 641593 188938 281141 582212 123653 362082 288071 404327 161026 8743 657367 298851 259784 557000 412982 306933 431508 542618 319963 652280 214245 553042 477998 483417 341271 341896 275393 657302 524040 609657 198097 518329 627717 281400 326232 353307 595595 360396 672314 372912 283345 283889 215779 487171 338488 305582 207277
 483338 182910 158855 503222 439414 518087 587833 332373 972032 635469 735631 521638 737562 593821 708683 830441 508687 121711 158075 1 631575 618831 224875 575143 736290 824450 745484 668129 253885 86020 722833 714054 154147 475124 539324 117466 330129 271948 647365 602951 371174 331148 607953 499438 645998 479359 474034 251487 517832 753436 678172 379859 451770 501361 707134 502508 225920 423284 168313 172037 87580 578129 606875 565940 193506 385414 782951 659391 762461 877898 582613 684639 488287 712973 722103 456807 681711 634355 485305 444869 334663 250438 757567 753285 711013 437866 191422 239024 722028 216196 445891 343321 186421 477988 480115 249343 259329 674972 585947 391465 712963 354289 760308 651788 243725 200639 189594 206517 634857 423791 726347 652447 577509 807502 576412 271952 322031 687105 700833 548476 254720 705900 195293 105686 802685 764949 470708 389157 334338 857227 667566 411225 377181 326341 856927 711645 40573 588130 556531 605535 727256 766485 492393 328014 273075 365139 594734 533140 241246 916920 895376 370634 849613 797344 88297 210480 697237 262053 454205 358334 523583 281623 149349 761425 289435 397782 684176 329554 153487 560719 646332 334502 801719 232592 585945 633262 622129 443164 324373 428797 791511 675247 748442 244557 671969 747404 192294 170700 502326 738949 427152 827089 530392 256234 433575 150289 645157 306064 268029 332818
 210003 587153 721525 821533 801674 921137 1076804 369670 933723 253889 165051 506512 754193 1008234 1143034 859133 331276 543357 517178 631575 1 1011767 847889 566694 1231656 809067 957082 882288 384892 662494 912819 1104597 636743 477390 363724 514125 796397 457393 1079164 638227 839715 833052 83233 912028 1093540 976670 331945 767617 589443 121874 875090 778798 413545 176230 416326 842142 675290 428012 771386 802486 640990 376141 364244 351561 799251 319088 591227 177025 146158 938928 90051 1182108 938262 526048 827956 918317 232721 622888 977564 927157 664117 874785 959087 734398 1152956 495393 816462 858689 788574 847668 330745 882993 662895 807429 582391 403563 478399 618124 1070737 930076 1150851 277330 779098 1154684 534117 714476 758640 503530 418841 996686 293819 186186 222675 844240 737724 526546 894522 742854 840464 616788 376868 1135614 826423 530304 764706 895165 949828 274392 728997 842580 585865 675319 822216 442435 847305 862519 653301 480040 117439 1042466 307321 727268 559937 588023 712460 711480 706906 1078524 690854 894062 725484 830728 833994 592445 696244 556966 65708 394405 190098 294124 113461 581276 523288 924732 446888 269632 87883 930114 724263 674841 57997 393073 684416 715620 989897 512653 658653 705387 845575 318537 798376 587542 193525 401207 555741 117792 796599 747438 533032 698034 253049 630463 355744 482256 510782 548009 402852 848461 818677 309903
 801982 801350 463688 193371 213690 102567 170360 652931 643966 846726 1019212 550820 495307 37721 136566 507517 703601 724554 582834 618831 1011767 1 517789 527108 264727 552221 271581 256391 773320 690678 292230 98506 480851 556211 691345 663046 288718 861403 82989 475778 248956 886427 944167 119882 110351 195596 690067 823969 465002 1112143 278603 254723 608725 835577 785872 170234 835450 588156 694279 610972 701649 705459 736748 717910 697569 695633 715853 923399 1082104 493138 1014401 232805 139689 695142 392857 171596 905195 520605 186065 195966 357287 520533 287515 536221 149799 525998 644873 675958 437832 581290 684313 315884 797049 204636 453073 793710 855896 566063 161460 290850 145485 805288 497386 225361 855610 418318 442355 560430 713797 348723 906456 910541 827206 490833 340866 882792 371546 446992 350583 455720 736942 127574 603524 632918 568839 373404 176796 892275 308899 563764 590580 336711 242015 574252 558386 338170 579338 620731 896545 73886 896825 560422 481955 428291 356872 308383 392684 285708 389515 599178 736875 248388 561752 732690 541173 825878 1067282 665727 910974 860718 905500 447459 583251 333820 876480 750798 1012624 429690 727403 401119 1055435 902492 649308 388563 33721 628071 471316 308862 311330 693698 518159 596778 1012969 780869 624267 1095540 479098 729601 514145 556567 930103 734997 693244 853951 509605 760550 736604 341102 373429 740956
 681600 371070 152965 473863 405296 432375 431935 514932 1013470 817464 938321 636362 790445 484389 570934 864399 675711 341223 338233 224875 847889 517789 1 672069 562043 875420 716505 651750 477648 242131 707430 599931 241442 599655 696866 337972 268523 488239 518793 676879 286621 373939 816265 412367 508225 336117 643412 321988 601980 969233 667818 346251 598801 704346 858495 460822 362889 567892 192136 102605 263124 732404 764675 726282 187214 572313 896979 855094 972436 893267 804335 513193 378221 836313 742988 346827 869263 717808 344644 322111 373084 27077 731255 816360 568742 556968 131060 158187 758676 63502 618633 201951 331484 450315 564908 474215 472655 765354 433037 234508 572758 572508 808557 480037 443949 198335 130997 369248 780280 227874 905751 846512 765376 841704 605542 471594 150072 734556 711495 624484 473125 571072 88175 318298 864776 768475 343511 613758 328362 903496 767564 447601 309520 480624 901424 715476 195921 714011 763512 480170 904102 834546 586687 411614 273756 375245 640318 345618 260188 958828 988799 293539 897234 913198 151732 407086 913535 460620 676248 582616 737006 374770 330726 751410 505956 597819 893579 119929 241250 614632 866645 555323 890446 228647 484422 752483 690946 466775 212093 607463 839229 775645 947775 469272 781933 961557 68510 234316 607119 812138 651942 936678 690212 469043 546887 361305 795206 179545 155595 540896
 374754 693095 522438 342563 365553 467400 652134 323824 424757 345342 523037 70213 201759 539197 663049 310575 237096 598939 426866 575143 566694 527108 672069 1 786117 277699 397823 330814 527576 657979 351867 602227 446870 119450 203275 516645 453042 659978 608009 71635 474715 904293 485879 468679 631346 585240 246081 823620 74319 639748 319096 386485 181329 406195 258847 370020 774460 190504 737121 701290 651082 199244 224150 219912 758306 321722 227107 431698 594308 384220 604317 745710 516518 178885 261300 513421 399772 67973 581073 537843 305084 694399 397625 198130 676812 142583 734413 783911 224357 714117 261146 568860 738765 342893 108128 562670 668281 100022 643646 596621 672163 480289 228094 727755 702391 473758 541163 375479 189910 684207 387935 418298 348328 291596 193468 719190 614855 178030 275294 71533 478610 653559 713575 499646 243591 328471 549858 578047 368207 313490 95596 246200 445018 271687 315806 297791 559241 98186 451973 582409 376637 203656 85727 261746 405433 322547 149381 710814 412754 373343 321615 462588 304785 243972 564437 693078 606934 395519 548395 557627 486562 303466 434669 359231 666338 374798 537836 679775 728520 128063 621275 656725 226597 445484 517702 101974 92147 249178 528655 284780 254418 103658 510194 547866 113328 619702 603599 745653 73587 172865 603156 264849 210951 669044 142993 633547 213074 552630 546643 416061
 1025407 913516 580222 444342 438937 322678 156367 862996 888881 1091095 1258223 802845 758405 247199 145328 761402 942982 855662 752602 736290 1231656 264727 562043 786117 1 810752 514339 516442 942466 787939 544423 228806 633070 801308 936503 813004 442854 1003987 181750 738459 397205 927958 1170987 326504 155563 263818 924906 883224 720153 1339655 538261 453132 846615 1057771 1043656 417509 921908 822433 754164 664636 804899 954811 987310 964625 747479 912650 980348 1162563 1316513 735224 1221686 52004 293598 957610 652929 313879 1149955 783946 260423 309265 568257 551730 528858 799683 129000 766496 690709 704601 699982 618809 914649 393056 887789 447940 703376 955184 993680 830121 161547 344951 136651 997501 758986 84503 979551 555226 546899 744955 969170 335495 1157049 1150196 1064725 746680 604308 1007858 420872 711264 610916 714611 914904 155625 648142 783767 830415 625059 284652 1073412 502805 819052 853839 572497 410787 789359 813206 596352 696077 876755 1120594 203721 1148408 823922 733091 645121 527125 522228 656425 217882 554459 848627 999729 404580 817916 997235 648573 945073 1291154 857236 1107331 1040640 1120826 650787 750337 581374 1020832 963300 1243375 444430 801757 662497 1269867 1057900 913539 538620 268817 887876 735060 551848 416574 919806 777995 860228 1254883 944603 886813 1324795 554773 796215 765350 820962 1112840 999715 936929 990887 750080 886541 991557 430630 468561 939498
 637499 959959 739227 433225 490662 542846 715415 601381 149250 561640 726913 347568 87021 580148 667719 65413 497059 865102 688174 824450 809067 552221 875420 277699 810752 1 305211 295836 804430 909959 268017 588055 680509 397100 455440 782294 618116 936011 632459 226290 620772 1155409 725859 554085 661522 688033 513975 1075931 312345 859462 273648 539079 457849 665981 415974 457497 1036417 468193 976149 925854 906354 434864 444868 460499 993999 598052 255040 649245 802442 143431 860322 784242 609446 293621 159655 621097 603336 209733 680781 652019 507456 893329 293785 79872 683869 415615 961270 1008487 122052 927316 533257 725356 999109 449429 347962 839208 943466 194926 706199 736731 676948 756954 66873 777427 975080 684057 747924 637827 391094 822517 566707 636651 586727 68502 271336 993183 781619 141065 201869 278870 755431 657256 933401 762043 45990 191041 653255 854028 547378 35830 224714 429606 590651 545162 38951 214549 801785 336337 702005 624045 552097 81892 343126 496557 602656 500183 235800 809973 621388 95936 201033 609652 27088 265155 796270 963241 837635 671376 818985 834575 745176 542869 695174 237898 942944 649144 762183 851101 976753 265634 866361 934389 149777 649706 560054 297526 204901 408662 691512 558168 36986 222159 706229 824311 253327 837692 809787 991369 346242 112211 877518 243824 465798 944030 411986 901196 409140 722065 729017 693518
 754177 914932 614941 246796 315314 302167 441916 648252 375387 743084 920670 451286 274476 306003 369251 249721 626191 824858 653276 745484 957082 271581 716505 397823 514339 305211 1 81933 821365 828830 46705 286979 591556 480819 598175 748139 449646 936299 343735 327851 430881 1056682 878677 319699 373606 445997 626257 984119 367902 1036572 82778 377066 546943 787652 637430 256080 971369 539112 863792 792950 833063 597056 621301 617179 874347 671934 520128 829478 992128 222641 983744 493943 370644 524528 162295 393332 796788 358533 437105 424982 415527 726998 16184 315697 385588 470220 829166 869341 214931 777322 632386 528785 931883 271910 379718 850318 936941 389104 432975 522100 378196 815550 265847 492553 952416 559147 608237 613192 581466 597080 779618 816076 743942 237774 221434 976359 588885 246052 129226 340563 775991 358861 792595 720713 333589 114244 416464 912820 413605 308076 421251 348165 406989 571249 301794 107004 711875 494518 840163 345365 767076 338755 398688 452954 476617 380430 250864 553412 506286 334316 503883 423194 308048 534933 688031 930121 1001535 692044 905934 885521 866452 492689 657271 67992 948086 730172 934472 656046 882392 282297 1009236 958271 431462 522783 289704 481321 311750 312022 506831 650608 276994 424757 907038 835631 458559 1016849 661511 890794 424188 346740 945509 526126 604424 936144 457078 863032 604231 540029 560937 746844
 677454 835445 542379 177901 246684 258556 421268 567289 395404 675304 853048 378920 243407 285034 375435 253011 552517 744727 572170 668129 882288 256391 651750 330814 516442 295836 81933 1 739434 752215 56023 299459 513991 404976 526890 667378 383276 854689 336903 263943 369969 983356 805045 273282 365805 405976 550583 909562 293130 965279 22257 307298 470165 711144 579923 192783 893764 460777 791475 723569 755645 528793 554890 547572 803247 592325 478971 760395 923200 252358 906171 488554 327686 473007 136703 345592 730440 300420 397794 377557 335973 664073 91045 285198 391302 391765 759907 801672 184002 711160 555262 471815 854331 201863 301712 768432 855527 337526 412068 471270 384777 734409 242591 481660 871689 485975 538300 531578 518713 551409 717461 747007 672296 235213 144565 895412 531580 201579 94530 268470 694071 365028 724697 640222 313985 125136 373376 831450 339263 308111 367415 266864 343648 489882 302980 82224 635482 428841 765030 328528 705563 309386 322451 371208 402320 303201 181456 522343 430860 347195 483761 361072 305753 494899 613792 849904 928525 610192 825899 803966 789320 411373 576318 99751 866377 650629 863147 600241 807656 208685 933541 876343 400907 449402 265464 421073 251128 230964 445907 572645 262023 372022 840874 753734 404149 946001 593895 816931 349560 310191 864407 491537 532425 854773 378108 782910 541783 478908 496486 665719
