NAME : domp30p7v5
COMMENT : Cherkesly, Contardo & Gruson 2022
TYPE : DOMP
DIMENSION : 30
DISPLAY_DATA_TYPE : NO_DISPLAY
OPEN_FACILITIES : 7
COST_SECTION
 1 618981 666613 281149 872197 368123 255333 338113 334415 344557 483249 366099 314431 726564 48172 683162 175456 343407 450187 579359 112293 740915 277515 142248 537030 781389 796834 446203 951989 696279
 618981 1 75290 634878 350084 486185 696879 334339 409115 623645 167327 525317 706079 632845 659962 397105 751456 469992 548400 423782 506757 152538 505394 563537 945600 255628 479436 511039 429777 446846
 666613 75290 1 653087 274799 558642 720366 359397 479138 694368 238656 597639 773925 704998 705164 464968 788405 541327 622955 497906 555331 80653 573371 622579 1016225 180882 540239 505191 354605 515376
 281149 634878 653087 1 777264 594078 81359 301342 528117 610875 561142 605156 594361 948168 265978 842551 226869 564340 688536 764721 287935 708840 513573 401864 815490 704511 958473 228423 846374 869476
 872197 350084 274799 777264 1 826817 855636 535382 742755 957620 508348 865292 1029312 973035 902781 726054 959662 807124 895796 770710 768221 204324 831286 858447 1277618 98334 785073 571268 83052 777051
 368123 486185 558642 594078 826817 1 600837 428608 92123 143476 320030 39230 242686 359984 414001 346911 542994 30771 97863 227436 308034 638363 91101 228785 461993 728698 450744 652841 909135 346339
 255333 696879 720366 81359 855636 600837 1 362858 544667 598248 609141 606743 567942 959834 227642 874455 156811 572483 691308 787927 293893 779529 514963 390639 774184 780787 990691 309523 925798 897521
 338113 334339 359397 301342 535382 428608 362858 1 339116 513336 272386 456499 551419 736506 367400 579497 433354 398877 524561 528183 240691 423750 383215 352156 804823 447148 691694 237502 614368 615092
 334415 409115 479138 528117 742755 92123 544667 339116 1 215411 241831 126471 298843 420533 382437 349431 508648 66055 185581 246468 252165 559608 100939 211161 537101 644433 462467 567577 825495 362078
 344557 623645 694368 610875 957620 143476 598248 513336 215411 1 456370 106002 106139 416980 381828 471761 505624 154032 149378 347917 329377 774741 132170 209192 321963 859287 564912 715387 1040467 461301
 483249 167327 238656 561142 508348 320030 609141 272386 241831 456370 1 358994 539445 515940 528046 317649 633946 302886 388049 298602 372541 318648 338947 407992 778333 410761 424770 498501 590138 359462
 366099 525317 597639 605156 865292 39230 606743 456499 126471 106002 358994 1 208249 361128 410269 373519 539042 60497 84665 251277 317327 677436 91937 224170 422880 767115 473142 676113 947700 368596
 314431 706079 773925 594361 1029312 242686 567942 551419 298843 106139 539445 208249 1 511813 341365 577818 453602 246107 254245 454024 335025 854575 200702 207138 254025 931354 670677 730081 1112363 567264
 726564 632845 704998 948168 973035 359984 959834 736506 420533 416980 515940 361128 511813 1 771273 252585 900131 387505 278995 217386 666090 768779 449322 585109 599359 884644 253951 973371 1046366 203285
 48172 659962 705164 265978 902781 414001 227642 367400 382437 381828 528046 410269 341365 771273 1 731300 129022 389958 493809 627054 155560 778110 323062 186166 550113 813693 844890 451025 981571 744178
 683162 397105 464968 842551 726054 346911 874455 579497 349431 471761 317649 373519 577818 252585 731300 1 856062 358862 328890 124000 592472 522777 428750 558494 747597 641166 116240 812932 797182 51002
 175456 751456 788405 226869 959662 542994 156811 433354 508648 505624 633946 539042 453602 900131 129022 856062 1 518731 622302 754344 267638 856316 452080 315087 634992 876666 970484 448700 1034721 870726
 343407 469992 541327 564340 807124 30771 572483 398877 66055 154032 302886 60497 246107 387505 389958 358862 518731 1 128621 243095 279103 621504 70490 206458 475746 708852 466033 622242 889716 362245
 450187 548400 622955 688536 895796 97863 691308 524561 185581 149378 388049 84665 254245 278995 493809 328890 622302 128621 1 205345 401046 700665 176356 308022 427066 798585 416784 750489 977011 314041
 579359 423782 497906 764721 770710 227436 787927 528183 246468 347917 298602 251277 454024 217386 627054 124000 754344 243095 205345 1 497773 567045 313583 447890 627754 678762 223354 765665 847327 119183
 112293 506757 555331 287935 768221 308034 293893 240691 252165 329377 372541 317327 335025 666090 155560 592472 267638 279103 401046 497773 1 630464 225647 128075 581187 675578 707970 395058 849082 610829
 740915 152538 80653 708840 204324 638363 779529 423750 559608 774741 318648 677436 854575 768779 778110 522777 856316 621504 700665 567045 630464 1 654023 701631 1096649 120547 587288 542771 280472 573728
 277515 505394 573371 513573 831286 91101 514963 383215 100939 132170 338947 91937 200702 449322 323062 428750 452080 70490 176356 313583 225647 654023 1 137690 446488 733080 536490 593431 914305 432734
 142248 563537 622579 401864 858447 228785 390639 352156 211161 209192 407992 224170 207138 585109 186166 558494 315087 206458 308022 447890 128075 701631 137690 1 455899 762497 669248 523055 940858 566528
 537030 945600 1016225 815490 1277618 461993 774184 804823 537101 321963 778333 422880 254025 599359 550113 747597 634992 475746 427066 627754 581187 1096649 446488 455899 1 1179355 816982 973775 1360604 722686
 781389 255628 180882 704511 98334 728698 780787 447148 644433 859287 410761 767115 931354 884644 813693 641166 876666 708852 798585 678762 675578 120547 733080 762497 1179355 1 707772 511121 181251 691994
 796834 479436 540239 958473 785073 450744 990691 691694 462467 564912 424770 473142 670677 253951 844890 116240 970484 466033 416784 223354 707970 587288 536490 669248 816982 707772 1 922868 850079 104574
 446203 511039 505191 228423 571268 652841 309523 237502 567577 715387 498501 676113 730081 973371 451025 812932 448700 622242 750489 765665 395058 542771 593431 523055 973775 511121 922868 1 633789 850438
 951989 429777 354605 846374 83052 909135 925798 614368 825495 1040467 590138 947700 1112363 1046366 981571 797182 1034721 889716 977011 847327 849082 280472 914305 940858 1360604 181251 850079 633789 1 848139
 696279 446846 515376 869476 777051 346339 897521 615092 362078 461301 359462 368596 567264 203285 744178 51002 870726 362245 314041 119183 610829 573728 432734 566528 722686 691994 104574 850438 848139 1
LAMBDA_SECTION
1 169
2 541
3 277
4 348
5 254
6 311
7 72
8 386
9 318
10 557
11 545
12 678
13 795
14 452
15 971
16 835
17 481
18 88
19 89
20 362
21 701
22 89
23 116
24 466
25 632
26 917
27 26
28 272
29 172
30 580
