NAME : domp20p6v5
COMMENT : Cherkesly, Contardo & Gruson 2022
TYPE : DOMP
DIMENSION : 20
DISPLAY_DATA_TYPE : NO_DISPLAY
OPEN_FACILITIES : 6
COST_SECTION
 1 255481 600491 753135 685925 708335 870317 879266 153109 740971 647574 588339 852155 343460 389489 734319 809259 551928 215173 635892
 255481 1 849362 954488 791949 946474 917089 923078 407641 706930 799830 516538 1039531 310315 634311 716943 982903 801639 227983 758398
 600491 849362 1 359887 640731 149671 892239 905125 449145 970170 494249 931543 475967 761033 216517 935333 498862 49284 695339 576224
 753135 954488 359887 1 393036 244227 617963 630700 634857 791698 247245 828191 119282 748766 419623 747626 145715 379331 743484 348374
 685925 791949 640731 393036 1 591521 251945 264744 641287 405521 153832 484555 387867 504200 552021 359569 302612 630967 564848 66756
 708335 946474 149671 244227 591521 1 835558 848526 563349 959778 437866 952211 349721 813656 320341 920291 389871 190406 768817 533085
 870317 917089 892239 617963 251945 835558 1 12979 855961 307115 400246 476273 578850 607243 797941 264542 496362 882908 705437 317874
 879266 923078 905125 630700 264744 848526 12979 1 866417 304632 413213 477268 590906 613006 810136 263057 508616 895691 712619 330585
 153109 407641 449145 634857 641287 563349 855961 866417 1 781104 571131 658205 742059 424476 243023 765344 710263 400255 311988 582534
 740971 706930 970170 791698 405521 959778 307115 304632 781104 1 544560 199305 793195 411452 814429 47545 707702 945848 536314 443324
 647574 799830 494249 247245 153832 437866 400246 413213 571131 544560 1 589245 270354 547074 434391 500799 194334 489131 574101 101363
 588339 516538 931543 828191 484555 952211 476273 477268 658205 199305 589245 1 857586 244992 746342 223524 776098 898883 374021 496979
 852155 1039531 475967 119282 387867 349721 578850 590906 742059 793195 270354 857586 1 810305 535417 746896 85735 497659 821033 361184
 343460 310315 761033 748766 504200 813656 607243 613006 424476 411452 547074 244992 810305 1 555502 414351 740576 721403 129141 483473
 389489 634311 216517 419623 552021 320341 797941 810136 243023 814429 434391 746342 535417 555502 1 785799 522501 170961 481029 485553
 734319 716943 935333 747626 359569 920291 264542 263057 765344 47545 500799 223524 746896 414351 785799 1 661319 912537 535248 399442
 809259 982903 498862 145715 302612 389871 496362 508616 710263 707702 194334 776098 85735 740576 522501 661319 1 512817 760390 279121
 551928 801639 49284 379331 630967 190406 882908 895691 400255 945848 489131 898883 497659 721403 170961 912537 512817 1 651642 565293
 215173 227983 695339 743484 564848 768817 705437 712619 311988 536314 574101 374021 821033 129141 481029 535248 760390 651642 1 530415
 635892 758398 576224 348374 66756 533085 317874 330585 582534 443324 101363 496979 361184 483473 485553 399442 279121 565293 530415 1
LAMBDA_SECTION
1 898
2 846
3 16
4 396
5 495
6 900
7 113
8 854
9 502
10 451
11 769
12 67
13 938
14 626
15 594
16 46
17 437
18 184
19 644
20 108
