NAME : domp20p10v3
COMMENT : Cherkesly, Contardo & Gruson 2022
TYPE : DOMP
DIMENSION : 20
DISPLAY_DATA_TYPE : NO_DISPLAY
OPEN_FACILITIES : 10
COST_SECTION
 1 482482 304410 50052 482794 662086 475259 702108 756407 757528 605083 363404 857799 626422 392518 595155 156072 741447 268221 188938
 482482 1 280451 448378 266800 213612 587088 275116 277282 375348 276496 187128 437667 384425 371965 267273 496651 285169 278377 671419
 304410 280451 1 297765 448562 493890 640388 553485 510987 645661 520597 95609 717044 599041 461311 294970 245077 471245 294182 474437
 50052 448378 297765 1 434115 620753 433014 658540 724496 710844 557789 344981 812588 576776 342619 580768 192562 714883 220609 227151
 482794 266800 448562 434115 1 268397 355219 271052 464367 286490 133109 385792 398166 153835 156629 533602 573085 513743 215688 650553
 662086 213612 493890 620753 268397 1 622108 68020 216452 182880 172436 400669 224775 292909 422758 412987 700420 292745 412788 847901
 475259 587088 640388 433014 355219 622108 1 614430 818122 590524 464078 625136 706624 384234 215327 833824 625305 859966 352077 553151
 702108 275116 553485 658540 271052 68020 614430 1 264323 116121 150699 461865 163929 258362 427607 480693 751185 349174 443637 884936
 756407 277282 510987 724496 464367 216452 818122 264323 1 372277 387740 418505 353059 509269 607873 303175 750570 97518 550062 944975
 757528 375348 645661 710844 286490 182880 590524 116121 372277 1 154502 558095 116628 207834 432719 595711 824997 461566 490428 932789
 605083 276496 520597 557789 133109 172436 464078 150699 387740 154502 1 441275 265059 123275 285106 532390 680319 456679 337181 778641
 363404 187128 95609 344981 385792 400669 625136 461865 418505 558095 441275 1 624765 530169 428013 237301 332516 385601 273333 544961
 857799 437667 717044 812588 398166 224775 706624 163929 353059 116628 265059 624765 1 322934 547746 620116 913627 449775 593797 1037140
 626422 384425 599041 576776 153835 292909 384234 258362 509269 207834 123275 530169 322934 1 253018 647641 725021 579912 364226 784132
 392518 371965 461311 342619 156629 422758 215327 427607 607873 432719 285106 428013 547746 253018 1 623252 514854 645604 169266 535661
 595155 267273 294970 580768 533602 412987 833824 480693 303175 595711 532390 237301 620116 647641 623252 1 534145 224097 491786 769369
 156072 496651 245077 192562 573085 700420 625305 751185 750570 824997 680319 332516 913627 725021 514854 534145 1 715855 362169 253454
 741447 285169 471245 714883 513743 292745 859966 349174 97518 461566 456679 385601 449775 579912 645604 224097 715855 1 563263 927418
 268221 278377 294182 220609 215688 412788 352077 443637 550062 490428 337181 273333 593797 364226 169266 491786 362169 563263 1 443352
 188938 671419 474437 227151 650553 847901 553151 884936 944975 932789 778641 544961 1037140 784132 535661 769369 253454 927418 443352 1
LAMBDA_SECTION
1 346
2 247
3 807
4 191
5 31
6 592
7 8
8 46
9 148
10 542
11 714
12 795
13 563
14 350
15 336
16 259
17 402
18 372
19 574
20 707
