NAME : domp100p25v2
COMMENT : Cherkesly, Contardo & Gruson 2022
TYPE : DOMP
DIMENSION : 100
DISPLAY_DATA_TYPE : NO_DISPLAY
OPEN_FACILITIES : 25
COST_SECTION
 1 616786 46007 753557 122206 832098 258931 447133 148139 562190 585409 424385 776269 205829 437553 232560 143409 788647 898441 66116 122831 763133 269654 423432 470671 415590 458089 435953 503295 861566 614708 493359 328782 116350 289987 665615 631758 87577 391798 256878 607550 796894 811356 482727 361668 427189 219402 279290 389723 818062 418292 616939 491421 782562 477362 947190 938631 318265 238804 340156 425359 240777 362763 756349 541441 919065 298940 939137 555500 456419 316462 514881 708377 669466 180533 420096 487786 396004 134116 406110 776399 829960 675413 357654 565735 647279 232665 592458 956273 248503 927690 527780 420784 589272 581890 634774 480686 764067 593946 836616
 616786 1 661189 168805 576932 696258 790030 170038 504612 485891 776524 909617 706810 540203 504932 704034 585978 173408 283614 682488 606494 357783 749683 597638 414050 515363 293690 183827 232388 322846 15649 538510 481362 510744 470063 349936 223841 557801 686388 362693 648430 358814 762648 895288 733402 670769 518318 600331 487908 708639 199135 410189 128654 743213 605212 333507 321964 366507 452601 589068 457658 696470 777717 139902 425632 500146 651024 322741 68984 184076 300801 387598 415036 764889 745046 658408 886006 797400 537947 476858 164828 252801 141443 798766 474148 161507 549585 580324 421555 527691 428232 301904 397570 163115 509806 263604 467510 153127 784488 239199
 46007 661189 1 799202 136991 868175 248706 491320 180265 601425 606498 414922 810017 241418 455515 239739 153099 833393 942235 21885 127201 808221 270859 431536 512282 451725 503304 479597 549125 907567 659391 509121 349726 155323 313690 710023 669376 117384 412089 302375 639118 842259 843345 482760 374176 450692 239420 306323 427565 853103 462372 659499 536394 814559 508152 992186 982856 353065 268685 369402 464952 250336 368642 800895 582882 963584 319651 983244 600479 502200 361352 542904 751789 695513 167254 444557 489665 401903 159426 426669 821405 875812 716652 359507 605514 693274 266289 627608 1002219 284366 973395 572605 448502 629135 620346 680305 519964 807652 614785 879075
 753557 168805 799202 1 729023 632924 895220 321357 655908 485419 799623 995454 663213 642977 673381 803926 740496 93239 212948 819649 758828 253211 846529 766437 447263 563832 351016 339363 284675 158760 161084 705456 648845 655725 635482 296397 365612 704201 748793 496886 648132 236455 718418 963505 807537 723004 679181 684791 544779 652171 349592 384002 268141 704189 638922 206767 227130 530596 612901 658723 504521 793959 856880 98876 431198 362762 732771 232196 206644 297508 440203 551822 348268 762931 861317 711438 951313 871356 689958 645646 69473 84271 257084 882024 471783 129671 645575 577051 254552 621171 269453 321929 566281 318693 503837 225599 495362 156617 806452 234152
 122206 576932 136991 729023 1 900386 380094 409139 73146 621832 690039 546043 852550 292843 318709 352955 24705 750218 849845 155672 29812 779212 391487 301301 520895 490457 478999 393347 510562 853409 577897 373048 212923 88629 178268 690986 551963 51098 499680 247951 691676 808475 892308 604383 477725 530041 102785 380042 459551 889955 380275 657949 460899 863727 565432 910374 893559 233898 142343 434859 486956 360039 482787 716064 590757 940127 408034 892975 523431 441467 292791 409461 741791 765103 300197 521557 608937 515864 39098 289722 741244 809982 611734 479100 622881 637355 322616 666649 951785 331608 931363 551596 315293 519556 644432 645938 542014 714894 698864 778737
 832098 696258 868175 632924 900386 1 775718 692376 847984 281307 393506 762062 85630 626901 1059256 695562 923779 726111 835848 877463 922393 385286 708309 1116925 387843 416597 479743 711001 501937 558314 680635 1113759 974222 813896 936988 347739 911641 851131 517164 689639 250221 415790 113362 667857 592739 467337 926490 573943 443242 33284 697621 295142 656382 120488 373644 781934 832629 852906 877220 509060 413482 679766 641609 727145 325578 379122 584505 840165 656626 605163 688859 1007147 286621 282446 803215 465779 647909 629578 873904 1019631 702396 624641 836817 673967 283107 542052 602156 241246 569745 583979 502357 424144 962967 842760 256938 433358 358765 782739 393071 866621
 258931 790030 248706 895220 380094 775718 1 631836 401138 555539 434287 166322 702003 252487 696344 94352 399360 950536 1071756 236553 375047 831317 67436 679529 502298 397606 551874 627457 614213 969346 783745 752287 586995 360928 547106 723433 855272 345112 259876 440088 526388 871538 721166 242477 189489 309447 478207 228690 392804 752942 606169 646831 661805 693759 404190 1100364 1105245 559443 491226 283213 439965 107676 154876 922548 562789 967344 197781 1107437 722187 608926 502545 765648 745341 543882 81661 310089 253123 183406 392261 664227 933780 960017 877880 131768 564765 772038 250821 542737 1052834 276002 1010158 605031 672899 802665 565046 723339 483764 943087 440742 1025587
 447133 170038 491320 321357 409139 692376 631836 1 336307 436442 683215 761939 682033 388327 393445 550230 419638 343066 451543 512689 438871 429104 597087 474165 339960 413440 220239 21645 191229 456990 169372 439724 341976 340808 321508 376347 256998 388110 561667 195631 584082 446085 735510 760382 597550 555557 358784 460529 380181 696935 29142 398037 56321 711784 510741 502836 491544 215776 292440 462311 363241 544381 636945 309924 378560 589160 511616 492005 114769 87220 132607 315893 441807 695723 581545 543048 753496 660116 370048 358198 332722 403939 248309 654586 428120 248115 402531 524019 557371 383545 548519 268243 286833 189828 463105 300904 391422 317767 691909 395206
 148139 504612 180265 655908 73146 847984 401138 336307 1 567380 664816 563500 804682 263870 300164 357106 87633 677987 779201 201718 102956 709740 400289 306352 463626 445896 412363 320855 440560 780644 505290 358601 189216 45244 147341 623940 490557 62883 480622 178416 649882 738101 846967 609393 469975 505229 90364 357213 412836 839461 307376 595754 387801 818687 527931 838117 822365 172996 90857 405138 435388 361172 483163 644003 532236 871268 392566 821957 450446 368822 220134 366974 676683 731016 326139 495591 611530 515308 34238 265344 668688 736837 544237 484411 567297 564682 293828 619090 879213 297563 859627 485038 273106 453762 591092 575979 489372 644159 673848 709999
 562190 485891 601425 485419 621832 281307 555539 436442 567380 1 317289 592153 250344 361801 783303 464854 644801 572450 697893 613159 644937 310966 490313 837245 107401 159583 216211 452444 259049 484820 471390 839239 694790 534467 656783 208582 678814 573452 323889 408921 164500 353953 301379 527036 399268 281646 645194 331064 175319 275955 435886 112441 411775 276393 177639 678366 711020 576042 596279 272345 136904 449806 453232 560853 60488 419961 358055 716679 430509 351426 412282 743292 202457 281020 563668 273463 510599 454322 594050 743286 549141 514397 625149 484760 13968 362705 341271 94645 544366 319504 488674 184143 690936 608315 26882 260185 81509 608104 323461 699301
 585409 776524 606498 799623 690039 393506 434287 683215 664816 317289 1 378732 308793 401016 944999 379639 714639 883727 1010657 607309 702028 621320 372084 969855 362857 269799 483556 692869 544531 799971 763543 1004808 839070 620868 795954 524361 939888 639677 194414 570620 172265 663762 309041 276860 246810 160102 754951 310025 303834 363457 671865 427830 677377 285683 173049 995387 1026322 748552 729502 260366 322188 365408 281525 868922 368496 701358 287013 1031686 713133 611546 606032 949588 505578 117933 487063 169262 256577 259454 678186 905395 860978 831643 908119 310527 331249 673404 371006 236011 852224 368855 792040 483231 875754 871238 303975 576005 309991 912017 9173 1003784
 424385 909617 414922 995454 546043 762062 166322 761939 563500 592153 378732 1 680422 373698 861013 216389 565585 1060206 1185315 402158 541368 893153 169026 845836 567491 449931 644582 760709 710791 1048750 901418 917505 751062 521642 710431 784841 998731 509555 268275 579161 515819 935402 686783 112749 194783 312321 643103 311421 458428 734550 738622 697227 784286 662211 418447 1202220 1214534 715205 652468 340517 504061 219259 141468 1035148 615527 1012052 262686 1217632 840686 725593 638933 924279 793328 496604 247683 319279 131666 138295 556767 828077 1041422 1052136 1010239 113617 603924 867535 360578 552652 1123487 381933 1073788 685051 832761 941792 594241 801857 534889 1062040 382265 1148441
 776269 706810 810017 663213 852550 85630 702003 682033 804682 250344 308793 680422 1 570463 1033123 625326 876504 756134 871838 817819 872890 426424 634841 1084553 356869 362636 463245 699177 496132 606480 691414 1089363 942627 768045 903641 368478 914476 802336 442239 655580 176327 461741 55958 584225 516240 392564 886763 509399 393043 54668 683718 296728 651831 43636 305744 826630 873149 825756 841547 444345 370251 609550 563544 753298 304365 446288 515028 880254 660416 595448 662307 992446 315947 196823 734268 392255 564159 549801 828550 993012 732190 665087 848253 595628 256190 560524 544008 185926 629072 527980 562520 417532 941279 844459 223656 449861 318641 806913 308059 894024
 205829 540203 241418 642977 292843 626901 252487 388327 263870 361801 401016 373698 570463 1 551518 163849 317538 698385 820446 251825 308671 597197 209677 569595 280031 210343 303976 387075 363805 722854 533182 611376 442717 219867 399293 492462 627971 241797 219224 209664 402908 635178 606158 382418 224583 241364 354121 95234 186838 612369 364950 429526 412988 577381 274056 847898 853164 368987 333210 142380 226824 156572 254538 670851 348933 744175 138622 855491 471770 357570 266633 579551 525649 472261 224470 231761 379067 281738 277777 513064 681410 709084 636590 268415 366811 520935 30075 386757 810083 42949 771999 363480 495420 569081 379716 480032 280762 693298 410030 777699
 437553 504932 455515 673381 318709 1059256 696344 393445 300164 783303 944999 861013 1033123 551518 1 657238 303266 653390 713460 473353 330856 822172 700009 99503 676284 698658 581451 371875 575220 826983 514327 59915 110984 344549 153764 766805 359444 351465 770704 383091 900089 837152 1081970 909543 767525 788957 218157 646750 662634 1058031 377216 774094 446156 1055303 791699 801631 763280 207385 218615 685760 670301 661292 783004 618508 733910 980968 686865 759688 486106 472776 371068 148070 830703 995654 617821 778173 911493 814915 304253 40366 654747 756754 461031 784569 778858 634424 580158 855161 926316 577784 928683 645273 108514 369256 809729 694123 716842 591912 954164 622563
 232560 704034 239739 803926 352955 695562 94352 550230 357106 464854 379639 216389 625326 163849 657238 1 375362 861584 984133 235525 355351 737065 47519 653469 408303 305871 458599 547624 521663 875425 697025 715385 546317 313209 504251 629275 782874 309631 190008 363655 449002 777221 648934 252700 136700 236736 442168 135260 299278 674558 525809 553648 576643 620844 321951 1009680 1016397 500680 443165 193112 346295 15800 130215 834410 469671 874056 111156 1018846 635619 521347 424362 710963 652132 480783 109915 234674 256186 163482 355914 622237 844253 867420 798003 127392 473555 679677 158376 458488 958547 183099 915819 510830 620780 726945 475729 629182 391316 857138 387203 941298
 143409 585978 153099 740496 24705 923779 399360 419638 87633 644801 714639 565585 876504 317538 303266 375362 1 758933 856169 170196 28444 797101 413063 280501 543260 514595 498409 403048 528029 867461 587556 356123 200519 110542 169170 710280 551485 75761 524082 265601 716089 825674 916506 626130 501287 554662 92691 404662 483467 913610 391043 679122 472448 887945 590020 919048 900552 235246 142274 459564 510300 382827 505397 724499 612886 958441 432301 899736 534297 455925 307336 400941 761963 789795 318775 546209 631050 538544 54236 276241 750644 822079 615273 501006 645646 651677 347317 690584 966271 356221 947176 571079 307412 521996 667599 663457 565237 721440 723456 783131
 788647 173408 833393 93239 750218 726111 950536 343066 677987 572450 883727 1060206 756134 698385 653390 861584 758933 1 127851 854544 779739 345105 905821 750207 526134 639720 420575 357235 353558 223220 174027 678456 644335 683871 637105 388648 317059 731098 821531 532975 736216 325360 811425 1035096 876333 798914 689201 748798 617822 745408 372205 474152 297471 796929 719593 160159 154815 535781 624014 728338 580255 852734 923925 35443 516453 442941 798184 157492 233560 342286 472193 520531 441460 851748 910415 787033 1023900 940492 711263 630047 23957 133503 203923 947495 559034 210401 704249 665258 304464 680819 335334 401712 550117 285365 591998 314616 576269 77110 890838 141820
 898441 283614 942235 212948 849845 835848 1071756 451543 779201 697893 1010657 1185315 871838 820446 713460 984133 856169 127851 1 963746 878812 450682 1028990 812651 653909 767537 547935 462642 480990 295227 288447 729163 721905 789650 720978 507896 356345 835433 948951 645998 860970 423691 926445 1162199 1002881 926703 780013 874097 745406 857271 480218 596878 412109 913542 847250 107653 50468 625349 716918 855231 708077 975797 1049934 150168 642776 520373 923851 46230 349967 462932 583658 570671 555892 975874 1028445 914802 1151204 1067074 811437 695867 149847 213660 253580 1072977 684332 337332 827688 789901 347280 804720 396438 529318 617607 348931 716662 438465 703840 135055 1017671 97275
 66116 682488 21885 819649 155672 877463 236553 512689 201718 613159 607309 402158 817819 251825 473353 235525 170196 854544 963746 1 143284 825278 263530 446284 525960 461558 520659 501125 567615 926773 680568 526222 368588 177206 333309 726235 691150 138848 413028 322992 645749 859734 850018 473797 371405 453173 258425 311393 438592 861709 483774 673865 557412 821261 514552 1013200 1004232 374624 289630 375350 477137 247119 362761 822140 596345 979856 321298 1004661 621496 522453 382405 563202 766914 698865 154909 447573 481499 395871 179996 445278 842411 895914 738514 351836 617648 712856 275343 636497 1021039 294643 991498 589387 468806 651018 631493 698106 531831 829213 615451 900839
 122831 606494 127201 758828 29812 922393 375047 438871 102956 644937 702028 541368 872890 308671 330856 355351 28444 779739 878812 143284 1 807642 391538 304542 545190 510337 506584 422982 539268 883060 607551 383033 228869 115193 197541 718563 577891 71497 510035 276767 709980 837232 911643 604630 483794 542445 121056 392673 480317 911249 410027 683802 490702 882981 582465 939897 922714 260634 168113 449624 509335 363580 485564 745531 615373 968294 417636 922068 553203 471093 322444 429330 768638 780330 293981 534439 610155 518816 68879 304382 770874 839791 639683 479884 646394 666977 338004 687150 981358 348753 960616 579089 335725 547000 667095 674579 564627 743912 710748 807050
 763133 357783 808221 253211 779212 385286 831317 429104 709740 310966 621320 893153 426424 597197 822172 737065 797101 345105 450682 825278 807642 1 771236 902648 329796 443714 305117 450744 269339 183106 342934 866317 766954 693238 740992 108621 581421 740927 626834 531514 453165 42992 479545 835858 698378 588680 761534 603271 440443 407580 448051 199136 376137 469323 487554 400209 447980 638058 698256 556918 393217 723744 751974 351088 277849 162623 641926 455359 344992 356751 495960 728991 117768 558626 820228 579330 820060 757473 742901 787295 321973 239706 486978 781930 297497 197914 587810 385483 233434 562392 180672 236158 714683 519901 318884 134354 358278 408485 626395 486866
 269654 749683 270859 846529 391487 708309 67436 597087 400289 490313 372084 169026 634841 209677 700009 47519 413063 905821 1028990 263530 391538 771236 1 692740 441506 333533 499133 594745 563199 913953 742411 757697 589271 357044 547626 662929 830391 350312 192980 411136 459090 812004 654676 213119 125411 242368 483672 168237 331141 685633 572873 583951 622657 627131 336834 1052688 1060621 547068 487545 218488 378444 53227 100920 879091 499932 904372 132306 1063211 681108 566540 471717 756935 682395 479345 118862 242764 218973 133316 397125 665633 888158 908548 845021 88675 499887 721256 201593 475489 995283 225467 950874 548594 666242 774371 499074 667003 420175 902721 378952 987371
 423432 597638 431536 766437 301301 1116925 679529 474165 306352 837245 969855 845836 1084553 569595 99503 653469 280501 750207 812651 446284 304542 902648 692740 1 729883 737590 645487 452553 647207 917948 606172 108722 142775 351312 180990 840381 458946 344235 786972 428975 941751 920220 1131082 905493 773955 810812 216072 663477 702438 1113196 454656 839117 528924 1103637 826101 899915 862383 269001 244983 709571 716124 659779 782697 715130 791776 1063287 698540 858875 573733 548053 430172 246862 902476 1030526 598522 800885 909650 815549 299191 120834 750722 850282 559880 780119 834186 719878 599376 902488 1017849 601217 1017285 712900 200624 467256 863033 771881 766010 690113 978937 722020
 470671 414050 512282 447263 520895 387843 502298 339960 463626 107401 362857 567491 356869 280031 676284 408303 543260 526134 653909 525960 545190 329796 441506 729883 1 119304 123926 354178 181762 481698 400856 732515 587399 432719 549503 221424 590223 473794 306824 301829 244306 370893 406573 521254 373355 276684 539431 273784 110725 383318 336112 149528 322797 380641 193915 650550 673966 468944 489378 228120 63731 394625 426044 508834 70842 467207 312336 678590 352086 258783 305452 640275 246502 357599 496700 265492 507670 434946 491467 636206 504203 492330 547996 454879 104769 318000 265203 185148 556709 240731 509840 125336 585075 520052 133525 236188 53696 549951 370681 641667
 415590 515363 451725 563832 490457 416597 397606 413440 445896 159583 269799 449931 362636 210343 698658 305871 514595 639720 767537 461558 510337 443714 333533 737590 119304 1 222589 423142 288062 600577 503434 757507 599055 407311 557596 335193 670220 439999 187520 315943 204574 485725 401965 402057 255264 159312 531249 171540 36283 402677 402262 251128 409492 373464 98305 768377 789680 494728 492614 115202 59478 291030 308531 620323 167504 571106 201507 793997 449481 343573 342207 687338 349309 297768 404148 147626 388713 316077 467883 658356 618431 611250 642274 338233 167762 434184 186415 177303 673565 167403 624377 242905 619473 601818 173213 355491 86900 658070 278530 749254
 458089 293690 503304 351016 478999 479743 551874 220239 412363 216211 483556 644582 463245 303976 581451 458599 498409 420575 547935 520659 506584 305117 499133 645487 123926 222589 1 236387 67055 418885 281315 634818 503230 391462 469662 211994 466780 438181 401017 235117 367203 339086 516069 614595 456883 380308 474745 334649 197808 481361 220477 193634 199093 491924 311632 557742 573030 377412 416521 308294 164170 447469 505883 399309 158945 462985 381955 576769 229585 136075 215788 529502 265041 481338 528169 368173 603327 520872 444297 542359 400256 409499 424974 531084 208106 223087 301161 304697 506999 275879 472303 72683 483363 396482 242903 178399 177427 435604 491674 526689
 435953 183827 479597 339363 393347 711001 627457 21645 320855 452444 692869 760709 699177 387075 371875 547624 403048 357235 462642 501125 422982 450744 594745 452553 354178 423142 236387 1 210797 477073 184583 418417 320737 327548 300921 397317 249588 374207 566420 188538 597791 467680 752336 762356 599752 562154 339951 462359 389218 715022 22413 417151 77249 728307 520940 517315 503789 195121 273626 467142 374538 542359 637833 323508 395198 610790 513295 503933 132854 106243 125349 296462 462588 708492 574964 549676 756018 661787 354312 336563 347898 422432 250564 654546 444492 269255 402709 538858 577520 384694 569464 287067 265421 184757 479202 322372 404903 328119 701641 402739
 503295 232388 549125 284675 510562 501937 614213 191229 440560 259049 544531 710791 496132 363805 575220 521663 528029 353558 480990 567615 539268 269339 563199 647207 181762 288062 67055 210797 1 361769 219098 625262 507346 425567 477843 193304 420413 473799 467985 262622 418376 297973 550722 681649 523790 446532 493325 400199 264492 507752 200104 207046 155734 528428 374166 491439 505999 378581 431149 375288 228995 511055 572524 332653 198707 431438 448106 509719 172351 104634 227733 507086 255673 534290 586575 434479 670346 587819 473880 537609 333202 345813 368193 597396 248592 158068 363484 352088 453791 338566 424761 78658 472058 349979 284497 135429 235137 370242 552404 461664
 861566 322846 907567 158760 853409 558314 969346 456990 780644 484820 799971 1048750 606480 722854 826983 875425 867461 223220 295227 926773 883060 183106 913953 917948 481698 600577 418885 477073 361769 1 312731 861353 794929 774009 777773 276244 523898 822933 787691 610382 634142 144840 658275 1000793 854994 753722 814574 746486 590370 583342 483065 372687 400917 649783 657211 224629 280667 671991 748399 708395 544800 863519 907422 245426 442918 225653 789998 288888 346608 411984 560620 709286 300621 741273 946902 743431 986169 916591 814866 797570 206363 89904 413943 935677 470945 216168 719322 565230 100510 693862 112629 365527 719024 477250 496053 247371 519738 299508 805462 355785
 614708 15649 659391 161084 577897 680635 783745 169372 505290 471390 763543 901418 691414 533182 514327 697025 587556 174027 288447 680568 607551 342934 742411 606172 400856 503434 281315 184583 219098 312731 1 549034 487829 510038 475263 334287 238998 557467 675849 359517 634203 344680 747266 885497 723907 659445 521694 591531 476483 693071 198502 394842 124198 727919 592569 333505 325118 370998 455722 578918 445442 689185 768735 141838 411206 486472 642073 326308 61572 175986 298303 399349 399405 750723 740071 647118 875968 787982 538845 485514 163414 245347 156866 790192 459556 146232 541832 565889 412018 519612 416835 287550 406566 177352 495161 247955 454210 160622 771455 248637
 493359 538510 509121 705456 373048 1113759 752287 439724 358601 839239 1004808 917505 1089363 611376 59915 715385 356123 678456 729163 526222 383033 866317 757697 108722 732515 757507 634818 418417 625262 861353 549034 1 169927 403272 213083 815342 372819 408163 830575 441680 958367 879312 1138704 967898 826892 848861 274481 706604 721418 1113270 425729 826514 490466 1112229 850953 821701 779458 264462 278351 745647 728173 719745 841727 644221 788859 1023373 746533 775272 525874 521698 427063 158954 880005 1054743 673074 838067 970128 873769 361013 99518 681742 787771 480326 842768 834438 675319 640048 912494 959684 637693 965512 697010 153295 393127 865784 740483 773998 613155 1013974 635617
 328782 481362 349726 648845 212923 974222 586995 341976 189216 694790 839070 751062 942627 442717 110984 546317 200519 644335 721905 368588 228869 766954 589271 142775 587399 599055 503230 320737 507346 794929 487829 169927 1 233569 43432 700644 384477 241888 661904 287253 802461 786712 989680 798569 656990 681770 110323 537846 563483 970709 319845 696805 397974 962410 689757 800119 769971 129108 109710 579037 575176 550312 672038 608894 649014 928667 576981 767577 448342 410549 287644 204887 761866 894226 509312 671252 800515 703984 194796 77332 641614 733112 469507 673626 691583 589988 471739 761366 895396 470654 889947 571307 116484 373418 720675 634689 624303 592137 848215 637897
 116350 510744 155323 655725 88629 813896 360928 340808 45244 534467 620868 521642 768045 219867 344549 313209 110542 683871 789650 177206 115193 693238 357044 351312 432719 407311 391462 327548 425567 774009 510038 403272 233569 1 191134 603420 515449 48926 435747 164186 610413 723466 809141 565102 424773 461072 135240 312569 375199 804246 311671 569326 389068 780709 486783 843538 831315 202852 130829 361710 400466 316822 438481 650642 502391 853518 347396 831379 452804 362672 215632 404887 653518 689060 288247 451607 566947 470500 60578 309061 673125 734953 561424 440342 535182 557904 249909 582162 871370 254832 848505 463929 311973 473895 557454 560623 455191 654751 629872 724526
 289987 470063 313690 635482 178268 936988 547106 321508 147341 656783 795954 710431 903641 399293 153764 504251 169170 637105 720978 333309 197541 740992 547626 180990 549503 557596 469662 300921 477843 777773 475263 213083 43432 191134 1 670777 394008 202531 618475 248118 761401 762500 950092 756229 613825 638480 76486 494416 522202 932723 297298 662794 377828 922656 647572 794841 768066 105808 66454 535834 535161 507950 629401 601741 612377 903285 533610 766155 431737 384309 253990 231797 730784 852080 470339 628000 757938 661232 155980 118015 632801 719552 471103 631455 654008 569197 428336 721512 878265 427411 869834 539025 138345 375176 682437 607708 585060 589011 805095 640276
 665615 349936 710023 296397 690986 347739 723433 376347 623940 208582 524361 784841 368478 492462 766805 629275 710280 388648 507896 726235 718563 108621 662929 840381 221424 335193 211994 397317 193304 276244 334287 815342 700644 603420 670777 1 569411 649935 519064 445977 361421 150564 424155 729321 590060 481902 683034 495123 331965 362673 389792 96568 330009 408620 382495 476032 514578 571873 622352 448300 284704 615796 643579 384832 170188 253625 533367 520987 316809 294032 418789 689352 66820 472705 714269 472256 713899 649527 656123 729751 364696 311176 489635 673425 194720 194412 481703 291222 339671 456436 289213 139517 662083 502304 220456 86351 250120 438595 530078 525593
 631758 223841 669376 365612 551963 911641 855272 256998 490557 678814 939888 998731 914476 627971 359444 782874 551485 317059 356345 691150 577891 581421 830391 458946 590223 670220 466780 249588 420413 523898 238998 372819 384477 515449 394008 569411 1 552877 815597 419634 833979 580561 969657 1008058 846194 811710 463916 708677 637159 921475 271656 619278 267781 948137 767153 450642 406654 318452 409841 716426 618874 779485 881784 285606 618776 719526 759175 402459 255073 331562 361476 214509 635564 947798 793570 799225 1002640 907180 517412 345876 325343 440341 113138 896333 668782 385223 646529 770421 615699 630360 635060 498115 271514 70500 704625 483391 643118 245450 948532 263461
 87577 557801 117384 704201 51098 851131 345112 388110 62883 573452 639677 509555 802336 241797 351465 309631 75761 731098 835433 138848 71497 740927 350312 344235 473794 439999 438181 374207 473799 822933 557467 408163 241888 48926 202531 649935 552877 1 450089 212986 640786 771567 841707 562160 430755 479612 133690 329655 409487 840239 358972 613101 437157 813098 514358 890945 877653 235794 152176 383900 437945 315588 438498 697640 544053 900781 358956 877553 500738 411571 264296 427848 698878 714045 267809 470985 565755 471319 47212 319150 720722 783653 603974 436724 574898 606830 271608 616491 920261 280521 897138 510423 333609 514644 595665 608664 493198 700419 648533 768534
 391798 686388 412089 748793 499680 517164 259876 561667 480622 323889 194414 268275 442239 219224 770704 190008 524082 821531 948951 413028 510035 626834 192980 786972 306824 187520 401017 566420 467985 787691 675849 830575 661904 435747 618475 519064 815597 450089 1 413579 267136 669389 461812 214946 77538 49832 570940 124063 204083 493574 544160 429635 570085 434187 152606 954316 973307 584234 552432 99357 245457 174881 130556 800124 349010 743822 92877 977281 618277 505813 460484 792560 525200 290825 299687 52870 202569 130846 490783 732131 800967 798397 804001 162857 335659 619199 190663 290705 858603 196249 807205 429634 711609 750924 326615 543010 269121 834189 202706 924184
 256878 362693 302375 496886 247951 689639 440088 195631 178416 408921 570620 579161 655580 209664 383091 363655 265601 532975 645998 322992 276767 531514 411136 428975 301829 315943 235117 188538 262622 610382 359517 441680 287253 164186 248118 445977 419634 212986 413579 1 517077 560526 702427 591925 432378 421429 241203 296555 279792 684780 168178 422993 235518 675175 410550 690814 684473 179130 187679 318747 288183 359902 464202 501354 366361 692881 345236 685403 299443 200520 63253 380460 500105 613519 386443 409651 588042 491113 211390 342739 520067 574197 438154 477296 406533 394484 230978 474182 707371 218731 684418 307615 305425 363466 434430 398023 337095 512987 579771 590626
 607550 648430 639118 648132 691676 250221 526388 584082 649882 164500 172265 515819 176327 402908 900089 449002 716089 736216 860970 645749 709980 453165 459090 941751 244306 204574 367203 597791 418376 634142 634203 958367 802461 610413 761401 361421 833979 640786 267136 517077 1 495068 204274 428348 342521 217311 735753 335296 239327 226556 579104 266389 566241 175513 131258 836921 872426 694285 696783 270590 231076 433228 391723 725205 223495 529185 338817 878346 590724 502886 536026 878562 336142 116675 558024 216330 409201 381007 670875 859725 712774 672171 786399 424174 177520 526922 375007 71089 682048 361527 620921 346708 816574 763653 144310 422534 192916 772599 175989 863797
 796894 358814 842259 236455 808475 415790 871538 446085 738101 353953 663762 935402 461741 635178 837152 777221 825674 325360 423691 859734 837232 42992 812004 920220 370893 485725 339086 467680 297973 144840 344680 879312 786712 723466 762500 150564 580561 771567 669389 560526 495068 1 513839 878724 740620 631493 786510 643884 481615 439791 466893 242110 391510 504997 530522 366347 417306 658398 722355 598495 434483 764074 794141 335330 320380 144076 683210 425001 354275 378709 521758 738015 159023 599393 858816 622084 862972 799957 771601 803320 303130 210355 481396 823953 340488 204625 626695 427822 190444 601203 138948 272377 729032 521918 361699 162935 400620 393071 668753 466865
 811356 762648 843345 718418 892308 113362 721166 735510 846967 301379 309041 686783 55958 606158 1081970 648934 916506 811425 926445 850018 911643 479545 654676 1131082 406573 401965 516069 752336 550722 658275 747266 1138704 989680 809141 950092 424155 969657 841707 461812 702427 204274 513839 1 585774 532860 412991 930538 539343 434162 81032 736473 352502 706317 28797 335483 879543 926984 874611 887196 474786 415138 633279 577376 808921 357149 490019 540248 934176 715850 649204 711766 1044579 370666 191591 758652 414290 565442 560759 869718 1041753 787491 718768 904090 608789 308201 616439 578696 228819 677025 564273 610012 472221 991635 899558 274511 505785 365518 862678 306665 949604
 482727 895288 482760 963505 604383 667857 242477 760382 609393 527036 276860 112749 584225 382418 909543 252700 626130 1035096 1162199 473797 604630 835858 213119 905493 521254 402057 614595 762356 681649 1000793 885497 967898 798569 565102 756229 729321 1008058 562160 214946 591925 428348 878724 585774 1 162896 247447 694867 300001 418735 638822 739948 637000 774952 562526 349416 1169201 1187488 745670 694105 307163 460358 248280 128851 1012843 559313 942895 249098 1191323 826584 712433 646928 956986 729405 394267 321166 257418 20408 100921 608579 874087 1014846 1013238 1006903 125438 539875 833973 361755 474149 1068835 377892 1015182 644547 868903 946701 524771 757302 481086 1045035 279137 1134133
 361668 733402 374176 807537 477725 592739 189489 597550 469975 399268 246810 194783 516240 224583 767525 136700 501287 876333 1002881 371405 483794 698378 125411 773955 373355 255264 456883 599752 523790 854994 723907 826892 656990 424773 613825 590060 846194 430755 77538 432378 342521 740620 532860 162896 1 126394 558884 137537 265453 568342 577340 502813 612276 505803 230077 1014018 1029638 592729 549345 148865 310232 124300 53994 853093 420815 819115 87256 1033187 664575 550120 485666 803731 599398 354451 240915 130403 156447 64205 474811 730386 856609 861133 844016 85697 410632 678582 201400 368220 928816 215861 879020 492767 718254 784255 403130 608613 340126 883864 253816 972464
 427189 670769 450692 723004 530041 467337 309447 555557 505229 281646 160102 312321 392564 241364 788957 236736 554662 798914 926703 453173 542445 588680 242368 810812 276684 159312 380308 562154 446532 753722 659445 848861 681770 461072 638480 481902 811710 479612 49832 421429 217311 631493 412991 247447 126394 1 595482 150001 182998 443775 540218 390134 559080 385190 106127 927114 948983 596604 572065 103540 218777 221270 178119 779122 311866 700681 132317 953308 603650 493739 463255 801886 483966 246335 346650 12523 232450 174027 518140 749729 777702 768819 793257 210677 294027 593389 211468 242411 821479 211206 768386 401569 724221 745384 282198 511613 234040 815776 169012 906602
 219402 518318 239420 679181 102785 926490 478207 358784 90364 645194 754951 643103 886763 354121 218157 442168 92691 689201 780013 258425 121056 761534 483672 216072 539431 531249 474745 339951 493325 814574 521694 274481 110323 135240 76486 683034 463916 133690 570940 241203 735753 786510 930538 694867 558884 595482 1 447576 497276 919556 331755 664181 414161 902492 615800 848571 825846 154676 66347 495036 516533 447327 569978 654172 606056 924104 482544 824477 472804 408974 265680 308277 739543 819511 399757 585770 697874 602484 86593 187443 682882 762382 534083 569503 644031 601369 384034 701948 914600 387116 901038 546582 214738 439201 669770 627202 569267 646303 763996 703020
 279290 600331 306323 684791 380042 573943 228690 460529 357213 331064 310025 311421 509399 95234 646750 135260 404662 748798 874097 311393 392673 603271 168237 663477 273784 171540 334649 462359 400199 746486 591531 706604 537846 312569 494416 495123 708677 329655 124063 296555 335296 643884 539343 300001 137537 150001 447576 1 164132 555605 439950 418400 477170 510651 204107 891509 903116 462534 428400 65087 211275 121069 177561 723948 334414 738842 51138 906214 531353 416360 348433 672227 516893 390205 233358 141766 293976 199587 368728 608288 730011 743825 707632 198919 339260 557693 67432 333374 827107 78484 782716 380965 589494 646775 343397 499286 256238 752033 318879 839513
 389723 487908 427565 544779 459551 443242 392804 380181 412836 175319 303834 458428 393043 186838 662634 299278 483467 617822 745406 438592 480317 440443 331141 702438 110725 36283 197808 389218 264492 590370 476483 721418 563483 375199 522202 331965 637159 409487 204083 279792 239327 481615 434162 418735 265453 182998 497276 164132 1 431033 368090 254482 378630 405854 133863 750542 769269 458499 457463 118050 47304 285200 317238 597084 170662 574787 201616 773289 421093 312845 306107 651235 352916 334035 392087 170722 406651 328284 435757 622319 597075 595971 612261 345313 181150 415240 166003 207119 667105 144296 620563 227343 583191 569204 192902 343449 95297 632913 312678 723644
 818062 708639 853103 652171 889955 33284 752942 696935 839461 275955 363457 734550 54668 612369 1058031 674558 913610 745408 857271 861709 911249 407580 685633 1113196 383318 402677 481361 715022 507752 583342 693071 1113270 970709 804246 932723 362673 921475 840239 493574 684780 226556 439791 81032 638822 568342 443775 919556 555605 431033 1 700814 302541 663081 87236 353319 806131 855532 851083 871936 490542 404092 658761 616337 745113 324488 409481 563788 862935 666452 609781 687046 1010410 304219 250919 782929 442870 618773 603264 864526 1018179 721582 647283 849717 648545 279371 556962 586816 225614 598174 569577 530945 429331 963443 852096 250376 447195 350371 800093 362684 885180
 418292 199135 462372 349592 380275 697621 606169 29142 307376 435886 671865 738622 683718 364950 377216 525809 391043 372205 480218 483774 410027 448051 572873 454656 336112 402262 220477 22413 200104 483065 198502 425729 319845 311671 297298 389792 271656 358972 544160 168178 579104 466893 736473 739948 577340 540218 331755 439950 368090 700814 1 404884 82427 712110 500225 531975 520489 192063 265472 444905 354473 520409 615473 339031 379410 609180 490890 520888 143263 95981 104939 309627 454277 689106 554544 527749 733606 639387 341179 340768 361829 431801 272213 632276 428338 272007 380393 521114 583285 362304 572678 274594 272434 207140 462714 317587 386196 346181 680667 422478
 616939 410189 659499 384002 657949 295142 646831 398037 595754 112441 427830 697227 296728 429526 774094 553648 679122 474152 596878 673865 683802 199136 583951 839117 149528 251128 193634 417151 207046 372687 394842 826514 696805 569326 662794 96568 619278 613101 429635 422993 266389 242110 352502 637000 502813 390134 664181 418400 254482 302541 404884 1 361259 333179 288420 570574 606567 570955 608115 366200 207910 539398 556711 466372 84051 320522 452389 612645 364482 310972 409228 713610 98511 379539 645232 381090 621047 560477 625872 735295 450387 405892 551623 587403 98726 269003 414495 195665 432537 390182 378259 130291 674111 549701 124051 159775 164240 517225 433596 606794
 491421 128654 536394 268141 460899 656382 661805 56321 387801 411775 677377 784286 651831 412988 446156 576643 472448 297471 412109 557412 490702 376137 622657 528924 322797 409492 199093 77249 155734 400917 124198 490466 397974 389068 377828 330009 267781 437157 570085 235518 566241 391510 706317 774952 612276 559080 414161 477170 378630 663081 82427 361259 1 683763 504345 455794 449315 272092 347861 471326 355192 569507 654708 265954 352128 535034 528200 450479 64086 65924 175049 359360 396371 680372 616408 546576 766713 675843 421827 411853 285011 349760 234229 674510 402169 192014 423732 502770 501240 402677 492257 234389 338546 197413 437865 250973 375982 281376 685802 364716
 782562 743213 814559 704189 863727 120488 693759 711784 818687 276393 285683 662211 43636 577381 1055303 620844 887945 796929 913542 821261 882981 469323 627131 1103637 380641 373464 491924 728307 528428 649783 727919 1112229 962410 780709 922656 408620 948137 813098 434187 675175 175513 504997 28797 562526 505803 385190 902492 510651 405854 87236 712110 333179 683763 1 306742 869513 915511 847995 859563 446057 387547 605168 550909 793344 333225 489289 511930 922555 695003 625810 685462 1019642 357816 169383 730498 386269 542256 534920 841287 1015053 772974 707595 884596 582488 283825 599338 549903 201162 672688 535518 606105 450164 965660 877897 249518 488672 338551 846467 283826 934150
 477362 605212 508152 638922 565432 373644 404190 510741 527931 177639 173049 418447 305744 274056 791699 321951 590020 719593 847250 514552 582465 487554 336834 826101 193915 98305 311632 520940 374166 657211 592569 850953 689757 486783 647572 382495 767153 514358 152606 410550 131258 530522 335483 349416 230077 106127 615800 204107 133863 353319 500225 288420 504345 306742 1 839704 866017 589679 581763 139333 149182 306160 283070 702719 214519 595127 210863 870892 540978 438503 439771 784833 379994 204513 429722 99920 332978 280154 546790 751536 697432 678485 735498 315445 190591 510459 245418 139064 720930 233867 666132 317940 715385 698335 176410 420371 143582 743638 181542 835299
 947190 333507 992186 206767 910374 781934 1100364 502836 838117 678366 995387 1202220 826630 847898 801631 1009680 919048 160159 107653 1013200 939897 400209 1052688 899915 650550 768377 557742 517315 491439 224629 333505 821701 800119 843538 794841 476032 450642 890945 954316 690814 836921 366347 879543 1169201 1014018 927114 848571 891509 750542 806131 531975 570574 455794 869513 839704 1 67340 694688 783641 865165 709338 999976 1063558 194629 627953 441039 939537 76066 391709 496176 630834 662748 513970 948716 1063921 915748 1156662 1077745 871416 780999 170791 164857 341451 1088784 664450 335478 851442 766230 253965 827236 310786 525564 701526 432681 694012 420025 696716 209809 1001737 202412
 938631 321964 982856 227130 893559 832629 1105245 491544 822365 711020 1026322 1214534 873149 853164 763280 1016397 900552 154815 50468 1004232 922714 447980 1060621 862383 673966 789680 573030 503789 505999 280667 325118 779458 769971 831315 768066 514578 406654 877653 973307 684473 872426 417306 926984 1187488 1029638 948983 825846 903116 769269 855532 520489 606567 449315 915511 866017 67340 1 671195 762197 881274 730241 1007541 1077733 183564 657827 502193 952282 8808 386045 496668 622760 620885 557986 986083 1064336 937285 1175856 1093727 854951 745226 173154 208296 302814 1101655 697258 355968 859042 801383 319496 835564 373927 548692 666708 397629 728427 450852 722445 179544 1033051 147245
