NAME : domp50p25v1
COMMENT : Cherkesly, Contardo & Gruson 2022
TYPE : DOMP
DIMENSION : 50
DISPLAY_DATA_TYPE : NO_DISPLAY
OPEN_FACILITIES : 25
COST_SECTION
 1 77862 641328 433266 774668 302611 941350 672454 556891 234055 1026373 646486 695852 624352 572554 441316 720818 277529 185228 218734 610394 18437 326870 726247 313949 809196 255426 499029 406746 770297 351262 411810 638991 435016 124835 557043 254750 801342 278061 911315 298958 1007257 895828 1034056 328386 853333 230714 958486 402855 193300
 77862 1 628065 469389 739038 330801 931543 714493 584677 161607 973331 674501 705744 620770 530028 378395 754009 273924 107423 142819 593524 61357 315870 697792 290219 832431 319384 498464 334684 719155 273691 488517 612160 457784 61368 571647 196732 742706 339132 927060 273084 954234 854535 982896 375406 841593 297977 907192 397270 271069
 641328 628065 1 389680 242983 399209 304102 484317 325178 699434 582958 345878 209140 79552 252995 444036 424535 364272 620018 588977 43904 630532 314750 156662 339310 386916 576002 164486 799182 386306 681922 777045 114019 310720 576156 225512 479729 487521 557917 402665 357227 567506 374760 570817 471335 213555 596507 512243 240590 701120
 433266 469389 389680 1 619499 141670 622823 247511 133758 612483 950782 218698 319278 325738 514284 563221 287635 255233 529953 526955 388406 433629 267828 538459 321948 385851 237435 234851 771120 717204 672148 397598 464611 83333 451022 186141 452877 798264 210970 501617 331457 933578 755804 943926 119603 553195 267302 877839 238095 387884
 774668 739038 242983 619499 1 596858 343162 726278 567602 760630 340012 586753 435931 321831 216205 432010 660721 520375 696060 655304 232284 760008 466357 86744 462856 601516 773945 384750 811683 181068 699644 988941 156487 536960 679243 467606 553237 287059 760720 578740 476468 324752 136605 328196 683378 273749 788854 269778 420101 878217
 302611 330801 399209 141670 596858 1 676461 389179 255024 470924 908581 344880 401885 357671 448304 448978 423215 129044 388285 386046 382339 300355 161693 525878 206879 506591 178311 236017 629833 660557 532595 393438 441578 133231 309586 260179 317731 728311 163866 610577 211289 890343 732089 906636 98868 595499 197330 835696 177210 305296
 941350 931543 304102 622823 343162 676461 1 601446 510345 1001425 596579 473727 312513 320209 502130 720164 505531 663900 923221 890875 341983 931478 616665 302014 643394 391033 843670 445881 1091275 522298 974267 1019718 355721 560962 880202 436859 781510 626050 821384 305196 661327 588867 393450 570161 728667 91823 868523 546015 538496 981561
 672454 714493 484317 247511 726278 389179 601446 1 178136 859901 1065975 140566 306314 404845 686477 784349 102736 496073 777460 773765 504861 674844 497530 639536 553268 238046 442567 387612 1018186 863876 917448 510532 590006 290338 698370 270220 695150 958801 414589 368493 565654 1050995 853409 1052036 344452 562830 474147 996033 443817 589186
 556891 584677 325178 133758 567602 255024 510345 178136 1 716933 907032 89888 198544 248701 509806 609242 173912 337766 632223 622217 338528 555251 329809 481729 385110 253946 370982 210209 866022 693464 759826 514334 422750 129371 558057 100082 534332 785480 344207 367861 399144 891135 699861 895753 253351 450396 401024 835556 268670 521629
 234055 161607 699434 612483 760630 470924 1001425 859901 716933 1 943926 805468 812384 708987 544428 344388 889867 384050 85313 110552 659669 220457 410961 736774 368053 955336 480662 596230 173175 701632 134746 644782 657929 587631 161602 688123 219921 701670 499680 1038571 349828 925244 859210 958694 528822 909688 459583 884115 493301 424024
 1026373 973331 582958 950782 340012 908581 596579 1065975 907032 943926 1 926105 771078 661824 466621 602996 997627 810648 901785 856745 569477 1009326 759524 426645 738916 927492 1079382 716849 934301 256835 843493 1301189 487708 867487 912144 806955 776601 245303 1070280 883146 747616 19117 217217 33778 1001741 563329 1089421 73126 733081 1162969
 646486 674501 345878 218698 586753 344880 473727 140566 89888 805468 926105 1 168239 266344 560472 681265 92077 424293 720553 709263 369190 645026 412006 500034 466400 167504 452797 268568 952361 728850 844617 576261 454148 218048 647214 145726 618634 826121 425315 288876 481397 911305 713020 911799 337365 427417 483582 856519 344217 604122
 695852 705744 209140 319278 435931 401885 312513 306314 198544 812384 771078 168239 1 138670 454618 618442 227041 433498 727722 706523 244422 690030 401424 350734 447058 179269 551615 217552 939002 593364 824472 711654 323159 271970 665806 142037 603340 695958 526859 227036 464797 757285 555188 754527 433252 259637 579354 703614 319398 697738
 624352 620770 79552 325738 321831 357671 320209 404845 248701 708987 661824 266344 138670 1 315982 486029 345989 348375 626420 599909 107391 615491 305342 235190 341317 317872 529255 125982 822760 464410 706407 720110 190099 252046 573644 150561 492577 564269 508775 351705 359614 646552 451880 649047 418408 237851 552415 591408 223547 662939
 572554 530028 252995 514284 216205 448304 502130 686477 509806 544428 466621 560472 454618 315982 1 222375 648844 344197 480877 439530 212018 556715 293871 205242 272832 633853 614430 299716 601726 213063 487456 837639 151851 433083 469237 417300 339450 284153 606892 655472 282592 447846 324515 469163 544864 414244 623331 395105 279707 697281
 441316 378395 444036 563221 432010 448978 720164 784349 609242 344388 602996 681265 618442 486029 222375 1 773342 320083 299019 253874 400134 423156 295606 427393 243339 791166 572625 416301 380118 357268 267763 791739 364623 497405 319057 537398 187188 365875 575474 837708 237694 584092 518248 616076 545077 630301 570021 540996 340742 607991
 720818 754009 424535 287635 660721 423215 505531 102736 173912 889867 997627 92077 227041 345989 648844 773342 1 511676 805409 796056 451857 720798 502145 574580 556950 135530 509775 360054 1039930 810398 933522 603166 535927 302991 730167 237207 707822 909723 481686 266301 571581 983584 782111 981453 400528 473959 541303 929557 435932 660198
 277529 273924 364272 255233 520375 129044 663900 496073 337766 384050 810648 424293 433498 348375 344197 320083 511676 1 298738 285006 335093 267658 54089 461121 80302 571291 272193 224727 528298 556744 422793 496465 373337 209331 232418 304400 199077 615131 267924 657447 82460 791934 650608 812086 225359 575822 279318 738758 125483 358177
 185228 107423 620018 529953 696060 388285 923221 777460 632223 85313 901785 720553 727722 626420 480877 299019 805409 298738 1 45238 581247 168221 326367 666204 285105 870026 413285 512069 244524 652732 168189 594031 584851 502870 82743 602841 144578 664286 429874 953683 266811 882836 801578 914107 451013 831697 395301 838723 408988 378172
 218734 142819 588977 526955 655304 386046 890875 773765 622217 110552 856745 709263 706523 599909 439530 253874 796056 285006 45238 1 549125 200807 305974 628191 260095 854354 430348 489447 244578 608220 150287 620893 548312 493101 100843 586143 109369 619052 444617 933292 242064 837809 758746 869246 456639 799141 415055 793912 387141 409138
 610394 593524 43904 388406 232284 382339 341983 504861 338528 659669 569477 369190 244422 107391 212018 400134 451857 335093 581247 549125 1 598870 283667 150076 303550 423503 560478 155043 756549 359664 639258 767430 85150 306715 540200 238626 439763 457868 544035 444963 321129 553242 367878 559695 460719 250475 579234 497538 214894 679925
 18437 61357 630532 433629 760008 300355 931478 674844 555251 220457 1009326 645026 690030 615491 556715 423156 720798 267658 168221 200807 598870 1 315799 712745 300520 806674 264380 490601 393539 753421 335035 427214 625695 431845 106399 552134 236772 783637 285962 907038 285107 990209 880348 1017243 331661 843020 240974 941641 393140 209954
 326870 315870 314750 267828 466357 161693 616665 497530 329809 410961 759524 412006 401424 305342 293871 295606 502145 54089 326367 305974 283667 315799 1 407235 55742 549671 320580 186159 544083 506891 433609 544123 319420 207210 268550 281327 207702 569171 313819 627747 69437 740904 596936 760249 260560 527558 329917 687345 83033 412010
 726247 697792 156662 538459 86744 525878 302014 639536 481729 736774 426645 500034 350734 235190 205242 427393 574580 461121 666204 628191 150076 712745 407235 1 412308 519388 704057 304829 805661 250246 690370 914999 87844 456753 639909 381882 521661 356408 689158 505431 427699 411479 218864 414155 608413 219555 720898 356517 351614 815827
 313949 290219 339310 321948 462856 206879 643394 553268 385110 368053 738916 466400 447058 341317 272832 243339 556950 80302 285105 260095 303550 300520 55742 412308 1 600669 350420 229617 493537 483290 381342 574663 325176 262941 236877 332916 156754 537324 347475 674052 18302 720039 588475 741990 304647 552732 355352 667784 128532 424451
 809196 832431 386916 385851 601516 506591 391033 238046 253946 955336 927492 167504 179269 317872 633853 791166 135530 571291 870026 854354 423503 806674 549671 519388 600669 1 620202 378408 1093684 766875 981977 732990 500649 375142 800637 268380 756936 870975 592643 130933 617336 915131 710289 907866 504814 376662 651049 863327 472661 771549
 255426 319384 576002 237435 773945 178311 843670 442567 370982 480662 1079382 452797 551615 529255 614430 572625 509775 272193 413285 430348 560478 264380 320580 704057 350420 620202 1 411781 653199 827468 579142 224315 619306 283268 331949 411754 404540 887261 28142 738703 347342 1060868 908502 1079084 118732 766382 31655 1006912 353859 151358
 499029 498464 164486 234851 384750 236017 445881 387612 210209 596230 716849 268568 217552 125982 299716 416301 360054 224727 512069 489447 155043 490601 186159 304829 229617 378408 411781 1 721658 489691 607584 613622 229842 152234 454011 122873 385788 577864 393443 444588 247465 699875 521178 709349 307300 361657 432920 644075 103168 540173
 406746 334684 799182 771120 811683 629833 1091275 1018186 866022 173175 934301 952361 939002 822760 601726 380118 1039930 528298 244524 244578 756549 393539 544083 805661 493537 1093684 653199 721658 1 715452 117300 815858 736852 737166 327068 825398 336864 689390 671551 1165909 476520 916693 889117 954346 695515 999959 632601 883528 622052 594437
 770297 719155 386306 717204 181068 660557 522298 863876 693464 701632 256835 728850 593364 464410 213063 357268 810398 556744 652732 608220 359664 753421 506891 250246 483290 766875 827468 489691 715452 1 613806 1050686 274771 634349 657818 595073 522645 106616 819898 755219 491411 237781 182183 263902 756231 454803 836041 188243 488683 906701
 351262 273691 681922 672148 699644 532595 974267 917448 759826 134746 843493 844617 824472 706407 487456 267763 933522 422793 168189 150287 639258 335035 433609 690370 381342 981977 579142 607584 117300 613806 1 761886 620256 632061 247294 714206 226059 598404 594245 1051116 364940 825321 782990 861267 606382 882878 562444 788524 509422 544540
 411810 488517 777045 397598 988941 393438 1019718 510532 514334 644782 1301189 576261 711654 720110 837639 791739 603166 496465 594031 620893 767430 427214 544123 914999 574663 732990 224315 613622 815858 1050686 761886 1 832838 468257 520130 583640 615843 1111569 230945 861844 571174 1282815 1124755 1299847 306727 950716 221982 1228460 570512 221588
 638991 612160 114019 464611 156487 441578 355721 590006 422750 657929 487708 454148 323159 190099 151851 364623 535927 373337 584851 548312 85150 625695 319420 87844 325176 500649 619306 229842 736852 274771 620256 832838 1 381662 554997 323124 440383 374225 605319 509216 340883 471041 292999 479563 526994 265693 635281 415236 265775 728627
 435016 457784 310720 83333 536960 133231 560962 290338 129371 587631 867487 218048 271970 252046 433083 497405 302991 209331 502870 493101 306715 431845 207210 456753 262941 375142 283268 152234 737166 634349 632061 468257 381662 1 429176 130110 407380 716643 260447 477347 275416 850263 673410 860778 167875 485966 309438 794531 161698 426395
 124835 61368 576156 451022 679243 309586 880202 698370 558057 161602 912144 647214 665806 573644 469237 319057 730167 232418 82743 100843 540200 106399 268550 639909 236877 800637 331949 454011 327068 657818 247294 520130 554997 429176 1 535785 135587 682331 347765 889777 219106 893043 793688 921584 368740 789608 315295 845880 351333 310126
 557043 571647 225512 186141 467606 260179 436859 270220 100082 688123 806955 145726 142037 150561 417300 537398 237207 304400 602841 586143 238626 552134 281327 381882 332916 268380 411754 122873 825398 595073 714206 583640 323124 130110 535785 1 488777 688769 387815 355506 349307 791053 600270 795786 294257 367656 438765 735478 205911 556384
 254750 196732 479729 452877 553237 317731 781510 695150 534332 219921 776601 618634 603340 492577 339450 187188 707822 199077 144578 109369 439763 236772 207702 521661 156754 756936 404540 385788 336864 522645 226059 615843 440383 407380 135587 488777 1 547360 412362 830376 139658 757503 662687 786271 402452 689783 396919 710571 285283 422988
 801342 742706 487521 798264 287059 728311 626050 958801 785480 701670 245303 826121 695958 564269 284153 365875 909723 615131 664286 619052 457868 783637 569171 356408 537324 870975 887261 577864 689390 106616 598404 1111569 374225 716643 682331 688769 547360 1 882498 861663 542357 227421 261682 265121 826143 560723 892628 196715 563569 952723
 278061 339132 557917 210970 760720 163866 821384 414589 344207 499680 1070280 425315 526859 508775 606892 575474 481686 267924 429874 444617 544035 285962 313819 689158 347475 592643 28142 393443 671551 819898 594245 230945 605319 260447 347765 387815 412362 882498 1 711712 345861 1051890 895924 1069150 93647 745233 59789 997584 340960 179090
 911315 927060 402665 501617 578740 610577 305196 368493 367861 1038571 883146 288876 227036 351705 655472 837708 266301 657447 953683 933292 444963 907038 627747 505431 674052 130933 738703 444588 1165909 755219 1051116 861844 509216 477347 889777 355506 830376 861663 711712 1 691747 872902 668992 859947 621198 319825 768868 824601 546169 889487
 298958 273084 357227 331457 476468 211289 661327 565654 399144 349828 747616 481397 464797 359614 282592 237694 571581 82460 266811 242064 321129 285107 69437 427699 18302 617336 347342 247465 476520 491411 364940 571174 340883 275416 219106 349307 139658 542357 345861 691747 1 728677 600737 751407 307773 570574 350674 676886 145849 415358
 1007257 954234 567506 933578 324752 890343 588867 1050995 891135 925244 19117 911305 757285 646552 447846 584092 983584 791934 882836 837809 553242 990209 740904 411479 720039 915131 1060868 699875 916693 237781 825321 1282815 471041 850263 893043 791053 757503 227421 1051890 872902 728677 1 205103 42361 983713 553120 1070780 55814 715030 1144034
 895828 854535 374760 755804 136605 732089 393450 853409 699861 859210 217217 713020 555188 451880 324515 518248 782111 650608 801578 758746 367878 880348 596936 218864 588475 710289 908502 521178 889117 182183 782990 1124755 292999 673410 793688 600270 662687 261682 895924 668992 600737 205103 1 199344 819597 349707 922552 155638 554990 1008759
 1034056 982896 570817 943926 328196 906636 570161 1052036 895753 958694 33778 911799 754527 649047 469163 616076 981453 812086 914107 869246 559695 1017243 760249 414155 741990 907866 1079084 709349 954346 263902 861267 1299847 479563 860778 921584 795786 786271 265121 1069150 859947 751407 42361 199344 1 998568 540407 1090052 75704 730271 1166430
 328386 375406 471335 119603 683378 98868 728667 344452 253351 528822 1001741 337365 433252 418408 544864 545077 400528 225359 451013 456639 460719 331661 260560 608413 304647 504814 118732 307300 695515 756231 606382 306727 526994 167875 368740 294257 402452 826143 93647 621198 307773 983713 819597 998568 1 653684 147919 928689 268690 268370
 853333 841593 213555 553195 273749 595499 91823 562830 450396 909688 563329 427417 259637 237851 414244 630301 473959 575822 831697 799141 250475 843020 527558 219555 552732 376662 766382 361657 999959 454803 882878 950716 265693 485966 789608 367656 689783 560723 745233 319825 570574 553120 349707 540407 653684 1 790023 505330 450776 900730
 230714 297977 596507 267302 788854 197330 868523 474147 401024 459583 1089421 483582 579354 552415 623331 570021 541303 279318 395301 415055 579234 240974 329917 720898 355352 651049 31655 432920 632601 836041 562444 221982 635281 309438 315295 438765 396919 892628 59789 768868 350674 1070780 922552 1090052 147919 790023 1 1017260 369515 120654
 958486 907192 512243 877839 269778 835696 546015 996033 835556 884115 73126 856519 703614 591408 395105 540996 929557 738758 838723 793912 497538 941641 687345 356517 667784 863327 1006912 644075 883528 188243 788524 1228460 415236 794531 845880 735478 710571 196715 997584 824601 676886 55814 155638 75704 928689 505330 1017260 1 660047 1092117
 402855 397270 240590 238095 420101 177210 538496 443817 268670 493301 733081 344217 319398 223547 279707 340742 435932 125483 408988 387141 214894 393140 83033 351614 128532 472661 353859 103168 622052 488683 509422 570512 265775 161698 351333 205911 285283 563569 340960 546169 145849 715030 554990 730271 268690 450776 369515 660047 1 465777
 193300 271069 701120 387884 878217 305296 981561 589186 521629 424024 1162969 604122 697738 662939 697281 607991 660198 358177 378172 409138 679925 209954 412010 815827 424451 771549 151358 540173 594437 906701 544540 221588 728627 426395 310126 556384 422988 952723 179090 889487 415358 1144034 1008759 1166430 268370 900730 120654 1092117 465777 1
LAMBDA_SECTION
1 933
2 397
3 975
4 697
5 496
6 73
7 454
8 4
9 995
10 561
11 750
12 828
13 228
14 138
15 600
16 255
17 874
18 127
19 462
20 922
21 505
22 505
23 744
24 74
25 174
26 778
27 665
28 955
29 697
30 85
31 164
32 530
33 571
34 245
35 174
36 758
37 929
38 369
39 349
40 335
41 857
42 849
43 179
44 264
45 544
46 596
47 438
48 323
49 63
50 590
