NAME : domp60p20v4
COMMENT : Cherkesly, Contardo & Gruson 2022
TYPE : DOMP
DIMENSION : 60
DISPLAY_DATA_TYPE : NO_DISPLAY
OPEN_FACILITIES : 20
COST_SECTION
 1 106317 671953 797778 820463 461809 641549 470438 62111 759897 166075 118983 834631 526827 861196 834196 782743 907206 450203 442628 24960 762698 610944 606824 798825 345460 1055062 789314 150839 445680 575883 911712 721763 487814 151986 203216 94246 743959 179496 731568 674225 750456 337262 838852 649033 515456 278921 352306 419969 911782 182730 455723 666073 644282 311747 541127 352370 399397 754775 694060
 106317 1 761514 896871 923940 503872 731778 569253 66044 815394 74489 124430 939415 626945 966354 936187 888128 1004656 530860 536036 108550 868461 693473 684191 880415 377378 1156498 887475 44845 511506 664209 1014746 828079 594118 102285 297223 127254 847078 92199 791517 750177 856590 369906 937606 751357 621717 376741 457145 476461 1012169 204453 546452 771010 745752 388462 643393 442083 468282 837204 800297
 671953 761514 1 716102 307278 923281 747514 228729 695534 1072862 780732 775610 599389 581567 599844 280426 354921 813676 740023 231482 687098 512009 800893 145304 157407 878961 846269 726754 797069 818576 97804 704215 422877 398167 822952 468765 640263 254983 781124 1027436 146715 392129 872068 228429 207823 404869 397590 495993 845322 764668 599606 216242 511189 594944 380129 226446 654066 327714 886839 384025
 797778 896871 716102 1 509685 613609 214349 584117 858509 525129 963622 807917 177966 271219 206487 558999 418264 114577 417763 647832 789161 224517 301745 813238 856060 682126 266389 21686 940813 497976 705849 159562 305193 388516 873416 707174 854157 499890 977258 482582 851062 353494 681694 635777 509250 363478 652568 458351 556094 118989 895289 672031 207594 160920 765891 516855 464414 813109 260575 337826
 820463 923940 307278 509685 1 918238 621767 365854 862296 974048 963507 897605 350527 497962 338604 49590 92118 582063 703673 420246 827542 285249 699329 449482 394551 916902 569262 526573 966026 796293 363517 445081 214570 371591 957211 633476 821587 77597 969011 927525 451606 159953 911972 130751 175307 355356 552141 522828 840113 519522 809545 425518 344499 447002 597604 281868 657946 582089 738744 199410
 461809 503872 923281 613609 918238 1 399552 695837 512491 318025 576524 379448 742594 430469 775882 953687 842209 687731 218958 714197 438272 716113 316762 924973 1077928 129464 870958 595141 532168 124929 848888 769877 730620 556464 421213 555768 555643 859596 594813 302759 990084 781820 135939 996781 793968 566475 578139 428065 79258 728020 641121 739348 612036 527066 683107 711205 271031 773971 430436 727346
 641549 731778 747514 214349 621767 399552 1 561775 703654 352767 803059 629494 360608 173373 393666 667033 532126 294097 215247 613731 628373 360801 90150 811228 901413 474727 473294 195598 773684 286673 709152 372324 408530 356514 692828 597942 712204 586479 818494 306444 862216 464090 475109 731758 559064 344212 563875 347865 344926 328776 768987 640866 277507 174927 686281 523517 289906 753106 143695 423715
 470438 569253 228729 584117 365854 695837 561775 1 505178 864091 602340 563512 518575 388738 531621 370688 354262 694331 520472 67521 481700 427332 601038 250800 382092 650520 773996 589031 609292 594427 156345 621215 349458 207043 616603 272889 459454 288443 606589 819954 307233 349942 643703 368541 190745 225642 192514 270826 618423 661722 443695 88522 380324 436531 235645 91424 428399 244232 705240 309347
 62111 66044 695534 858509 862296 512491 703654 505178 1 815840 107684 145146 891391 587372 917347 873361 829088 968384 511527 470568 78719 817623 672637 618753 814625 391416 1114644 850344 104144 503881 598194 970285 773450 540313 151068 232512 65029 785172 119350 788754 684969 799855 383433 873185 688914 568487 312781 409735 475378 971949 151116 480630 722757 704078 322759 581043 414458 403827 816516 744289
 759897 815394 1072862 525129 974048 318025 352767 864091 815840 1 889229 691822 696708 494973 728036 1018710 884804 547395 354743 902797 738309 710742 277319 1113068 1229827 447242 727896 503444 846554 318227 1019443 678584 761264 674848 737763 807145 850634 935671 907328 46622 1171323 816831 453361 1081065 899047 670783 804492 603756 340482 610347 929976 930158 630178 527643 923572 846541 465294 1006691 266253 775296
 166075 74489 780732 963622 963507 576524 803059 602340 107684 889229 1 197504 999026 692804 1025027 972483 933375 1072608 604233 562294 175292 925258 766694 691435 890054 449051 1221115 954915 48791 585992 682928 1077411 880342 647578 162990 330254 143022 886089 18361 865739 755358 905799 441767 968138 789109 675861 411583 517180 550709 1077834 191668 569399 830392 810350 401317 681678 513154 471833 910535 850644
 118983 124430 775610 807917 897605 379448 629494 563512 145146 691822 197504 1 868948 543537 897932 916127 850674 911579 421072 544275 96232 805533 583368 719705 908426 253228 1071911 796586 155443 392339 681426 936021 776202 544183 66068 310163 203651 822979 215692 668925 787508 811099 245667 928484 731502 569403 378128 395178 354183 925525 293460 560159 703005 664297 427145 625073 344378 516512 726003 753142
 834631 939415 599389 177966 350527 742594 360608 518575 891391 696708 999026 868948 1 333837 33389 399985 263931 231821 529439 586008 831182 91792 450572 716169 724435 789255 255837 198710 984253 619721 610415 105559 178406 362217 934892 704327 874062 357961 1010283 652689 742829 209445 787222 480689 394000 333049 635863 482356 675459 169957 898285 605926 168635 218482 733479 435309 542543 761610 435762 219371
 526827 626945 581567 271219 497962 430469 173373 388738 587372 494973 692804 543537 333837 1 365364 538131 416155 382522 211567 440416 518830 289907 219662 638750 737459 459161 529925 263997 671181 305712 537845 392697 300701 185252 609544 445223 583550 448861 706249 448802 691086 353128 456495 592920 404459 176879 400962 191864 356154 385241 628256 467518 183470 120852 521364 355528 208834 583451 317062 301026
 861196 966354 599844 206487 338604 775882 393666 531621 917347 728036 1025027 897932 33389 365364 1 387581 255839 248837 562428 599142 858328 105790 483687 720858 719889 821743 247952 227688 1011198 652907 616179 107043 185010 384247 963792 726391 898490 353129 1035980 684273 744644 207740 819632 469334 397106 355049 656313 509231 708540 182047 920395 618060 195551 251183 750879 446084 573813 775536 465952 226409
 834196 936187 280426 558999 49590 953687 667033 370688 873361 1018710 972483 916127 399985 538131 387581 1 140914 631590 741087 419618 842629 334501 743084 425164 353246 947218 615655 575738 977435 832895 347144 493809 261756 401657 974250 642336 829807 95844 977098 972132 420868 207944 942008 82572 185243 387964 561139 549991 875102 568785 812417 421688 390446 492652 596642 293069 690224 573495 786066 243429
 782743 888128 354921 418264 92118 842209 532126 354262 829088 884804 933375 850674 263931 416155 255839 140914 1 494029 625242 416529 787304 193751 611457 487932 464977 849315 495859 434859 931457 718808 390633 362867 123693 310560 912565 606882 793932 100465 940462 838374 501614 68350 844875 218318 173449 289766 526747 464003 765077 433852 791853 427527 254631 357200 589874 263441 588417 588810 647066 115210
 907206 1004656 813676 114577 582063 687731 294097 694331 968384 547395 1072608 911579 231821 382522 248837 631590 494029 1 508103 758973 897615 305625 371010 917735 947607 768781 185880 118552 1048199 579951 810315 155395 393283 501963 976497 821445 966070 584185 1086654 509958 952267 434813 769204 711819 605855 476317 767139 571677 638068 72781 1008894 782622 314514 275418 880166 623410 567204 926077 285522 430225
 450203 530860 740023 417763 703673 218958 215247 520472 511527 354743 604233 421072 529439 211567 562428 741087 625242 508103 1 553036 433453 498007 162712 765183 897212 264666 683005 401955 570645 94146 676811 567104 512024 352665 482435 457497 531249 648496 620739 314949 826036 563756 264003 789032 590182 358035 449970 252488 146529 536191 600445 580080 393295 311594 569946 518110 112691 652051 306345 510103
 442628 536036 231482 647832 420246 714197 613731 67521 470568 902797 562294 544275 586008 440416 599142 419618 416529 758973 553036 1 456774 494822 646635 212685 372763 657261 841332 651940 573816 620371 140350 688446 416800 264735 592700 239780 419568 343917 564883 859708 276150 415859 649989 406650 247716 286165 166159 300551 638798 727885 393565 27507 445730 497315 177441 156792 453552 176914 757419 376529
 24960 108550 687098 789161 827542 438272 628373 481700 78719 738309 175292 96232 831182 518830 858328 842629 787304 897615 433453 456774 1 761061 595009 625649 816302 320973 1048151 780111 153268 425374 591645 906198 722813 488714 135928 218734 118696 751468 190213 710643 693263 753097 312798 849542 657388 515853 291680 349116 398035 904068 207577 470925 662886 637356 331712 549714 338565 420492 738943 696208
 762698 868461 512009 224517 285249 716113 360801 427332 817623 710742 925258 805533 91792 289907 105790 334501 193751 305625 498007 494822 761061 1 447113 625636 642233 748716 347599 241358 913258 591338 519480 196729 89133 280607 870980 622139 796476 278928 935686 665071 654049 130124 745833 411548 305122 251519 551128 412555 644225 252705 816053 514428 107057 193012 645102 343540 493130 670806 461526 128991
 610944 693473 800893 301745 699329 316762 90150 601038 672637 277319 766694 583368 450572 219662 483687 743084 611457 371010 162712 646635 595009 447113 1 851817 957036 403680 554402 282020 733356 213074 753688 460791 488695 403254 643982 596502 689089 658757 783081 230774 906758 544145 405121 804087 622304 396504 574217 359494 270112 412789 753869 674126 357847 256651 697156 574581 262102 771365 143942 500018
 606824 684191 145304 813238 449482 924973 811228 250800 618753 1113068 691435 719705 716169 638750 720858 425164 487932 917735 765183 212685 625649 625636 851817 1 199251 861617 968801 821101 714785 832991 107452 821726 537775 454870 758443 410735 557904 390712 688993 1069391 68047 515758 854047 372795 324117 469860 356632 512778 850400 875310 502147 186335 605650 676353 296322 297269 666201 220044 954289 496866
 798825 880415 157407 856060 394551 1077928 901413 382092 814625 1229827 890054 908426 724435 737459 719889 353246 464977 947607 897212 372763 816302 642233 957036 199251 1 1028789 960264 868355 912253 974962 232589 826573 554385 554986 950810 598303 754962 366839 887927 1184288 141404 515110 1021666 276156 348977 560583 534767 651780 1000421 893384 701287 352104 655504 744287 491977 383295 809799 419219 1039184 518742
 345460 377378 878961 682126 916902 129464 474727 650520 391416 447242 449051 253228 789255 459161 821743 947218 849315 768781 264666 657261 320973 748716 403680 861617 1028789 1 946572 665865 403894 190606 796455 831502 747879 545743 292026 468951 439647 851485 467394 430123 928658 794726 8318 980580 775314 561801 506016 399639 134570 800209 527743 680223 641797 570831 598196 681887 261200 690869 533393 737461
 1055062 1156498 846269 266389 569262 870958 473294 773996 1114644 727896 1221115 1071911 255837 529925 247952 615655 495859 185880 683005 841332 1048151 347599 554402 968801 960264 946572 1 281099 1200874 759904 864067 153437 432261 607033 1137679 945089 1104879 595700 1233937 692358 991728 454514 946458 698155 644946 578477 881423 707108 818167 147408 1137697 861588 407580 410832 984458 691138 729690 1016329 470013 473624
 789314 887475 726754 21686 526573 595141 195598 589031 850344 503444 954915 796586 198710 263997 227688 575738 434859 118552 401955 651940 780111 241358 282020 821101 868355 665865 281099 1 931216 480596 713846 180311 319821 390588 861878 703814 847545 514554 968802 460911 860263 369333 665611 651781 520615 366449 651151 453318 538799 134349 890587 676547 216279 159337 765891 524148 452499 815285 238972 351125
 150839 44845 797069 940813 966026 532168 773684 609292 104144 846554 48791 155443 984253 671181 1011198 977435 931457 1048199 570645 573816 153268 913258 733356 714785 912253 403894 1200874 931216 1 547213 699461 1059404 872501 638614 114976 336534 157471 888991 66464 824233 779950 900605 396794 977184 792890 666292 416922 501989 509609 1056358 222972 583084 815853 790193 420716 684982 484377 496775 876830 844465
 445680 511506 818576 497976 796293 124929 286673 594427 503881 318227 585992 392339 619721 305712 652907 832895 718808 579951 94146 620371 425374 591338 213074 832991 974962 190606 759904 480596 547213 1 749969 651606 606132 439761 447463 493444 534447 739597 603532 286664 896017 657711 192141 878765 677900 447469 500244 323605 58264 614683 612174 646696 487111 403100 614634 600597 166858 701633 345455 603751
 575883 664209 97804 705849 363517 848888 709152 156345 598194 1019443 682928 681426 610415 537845 616179 347144 390633 810315 676811 140350 591645 519480 753688 107452 232589 796455 864067 713846 699461 749969 1 715924 432197 352815 727306 372959 542547 297458 683349 975007 153250 412994 789284 310312 221429 365895 304505 426574 772238 768341 502283 121375 498256 570254 282447 190546 583510 234570 851572 391056
 911712 1014746 704215 159562 445081 769877 372324 621215 970285 678584 1077411 936021 105559 392697 107043 493809 362867 155395 567104 688446 906198 196729 460791 821726 826573 831502 153437 180311 1059404 651606 715924 1 283963 454542 1002066 794179 957578 459737 1089617 637501 848079 312908 830444 575829 499395 425807 729127 560924 709265 83046 987409 709056 255342 271846 831157 539509 598860 863105 412340 324907
 721763 828079 422877 305193 214570 730620 408530 349458 773450 761264 880342 776202 178406 300701 185010 261756 123693 393283 512024 416800 722813 89133 488695 537775 554385 747879 432261 319821 872501 606132 432197 283963 1 234103 840386 565642 746467 194757 889458 714870 565102 55573 744087 333752 216124 207293 490362 381413 655041 341815 757982 434607 131142 233622 575271 261979 487157 593677 524338 41406
 487814 594118 398167 388516 371591 556464 356514 207043 540313 674848 647578 544183 362217 185252 384247 401657 310560 501963 352665 264735 488714 280607 403254 454870 554986 545743 607033 390588 638614 439761 352815 454542 234103 1 607663 342229 516374 306107 657263 629316 506010 266952 540660 440374 238140 29205 274606 153443 477292 479593 536236 290734 199459 233466 380020 171736 289152 424732 499422 208968
 151986 102285 822952 873416 957211 421213 692828 616603 151068 737763 162990 66068 934892 609544 963792 974250 912565 976497 482435 592700 135928 870980 643982 758443 950810 292026 1137679 861878 114976 447463 727306 1002066 840386 607663 1 354352 215899 881927 181108 717575 825683 874365 285297 983689 789188 633311 427459 459902 405155 991180 301055 606743 768760 730323 462732 682028 409441 548553 785726 816595
 203216 297223 468765 707174 633476 555768 597942 272889 232512 807145 330254 310163 704327 445223 726391 642336 606882 821445 457497 239780 218734 622139 596502 410735 598303 468951 945089 703814 336534 493444 372959 794179 565642 342229 354352 1 188138 555988 335542 770255 478738 584786 460867 640674 458880 371432 81352 253651 491514 810791 194010 252525 539141 546350 129246 351610 344806 221987 732081 532293
 94246 127254 640263 854157 821587 555643 712204 459454 65029 850634 143022 203651 874062 583550 898490 829807 793932 966070 531249 419568 118696 796476 689089 557904 754962 439647 1104879 847545 157471 534447 542547 957578 746467 516374 215899 188138 1 744078 147433 821030 623518 769109 431462 825153 646861 545230 269449 397873 511707 964758 90015 427377 705990 696487 263258 539728 427381 341143 832104 715083
 743959 847078 254983 499890 77597 859596 586479 288443 785172 935671 886089 822979 357961 448861 353129 95844 100465 584185 648496 343917 751468 278928 658757 390712 366839 851485 595700 514554 888991 739597 297458 459737 194757 306107 881927 555988 744078 1 891508 889050 401687 149440 846244 145417 97762 293255 474643 454161 780816 527462 732127 350356 314475 414375 521045 204411 594973 508692 711728 166384
 179496 92199 781124 977258 969011 594813 818494 606589 119350 907328 18361 215692 1010283 706249 1035980 977098 940462 1086654 620739 564883 190213 935686 783081 688993 887927 467394 1233937 968802 66464 603532 683349 1089617 889458 657263 181108 335542 147433 891508 1 883679 752309 914021 460102 971233 794290 685708 416871 528967 568630 1091054 187412 571129 841667 823305 401150 687148 528614 469059 926968 859232
 731568 791517 1027436 482582 927525 302759 306444 819954 788754 46622 865739 668925 652689 448802 684273 972132 838374 509958 314949 859708 710643 665071 230774 1069391 1184288 430123 692358 460911 824233 286664 975007 637501 714870 629316 717575 770255 821030 889050 883679 1 1127150 770441 435661 1034445 852702 624851 764858 561561 315060 571107 898593 887120 583761 481256 884813 801046 426692 966805 225980 728725
 674225 750177 146715 851062 451606 990084 862216 307233 684969 1171323 755358 787508 742829 691086 744644 420868 501614 952267 826036 276150 693263 654049 906758 68047 141404 928658 991728 860263 779950 896017 153250 848079 565102 506010 825683 478738 623518 401687 752309 1127150 1 537233 921133 358367 348981 518554 424263 574187 914925 906066 565022 250738 643996 720543 363139 341162 729162 283564 1004418 525220
 750456 856590 392129 353494 159953 781820 464090 349942 799855 816831 905799 811099 209445 353128 207740 207944 68350 434813 563756 415859 753097 130124 544145 515758 515110 794726 454514 369333 900605 657711 412994 312908 55573 266952 874365 584786 769109 149440 914021 770441 537233 1 790647 282451 191798 242735 506841 418732 705532 378354 774508 430777 186711 289190 582326 259076 533546 592034 578843 58434
 337262 369906 872068 681694 911972 135939 475109 643703 383433 453361 441767 245667 787222 456495 819632 942008 844875 769204 264003 649989 312798 745833 405121 854047 1021666 8318 946458 665611 396794 192141 789284 830444 744087 540660 285297 460867 431462 846244 460102 435661 921133 790647 1 974877 769603 557013 498315 393931 136974 799934 519506 672861 638859 568875 590112 675743 257116 682803 535899 733275
 838852 937606 228429 635777 130751 996781 731758 368541 873185 1081065 968138 928484 480689 592920 469334 82572 218318 711819 789032 406650 849542 411548 804087 372795 276156 980580 698155 651781 977184 878765 310312 575829 333752 440374 983689 640674 825153 145417 971233 1034445 358367 282451 974877 1 205275 431324 560935 580951 917642 650024 798985 403319 458341 559116 579277 305191 728816 543960 855646 309826
 649033 751357 207823 509250 175307 793968 559064 190745 688914 899047 789109 731502 394000 404459 397106 185243 173449 605855 590182 247716 657388 305122 622304 324117 348977 775314 644946 520615 792890 677900 221429 499395 216124 238140 789188 458880 646861 97762 794290 852702 348981 191798 769603 205275 1 232990 377534 375680 714722 557456 634395 256098 306604 396463 424246 107971 524710 416503 693432 176511
 515456 621717 404869 363478 355356 566475 344212 225642 568487 670783 675861 569403 333049 176879 355049 387964 289766 476317 358035 286165 515853 251519 396504 469860 560583 561801 578477 366449 666292 447469 365895 425807 207293 29205 633311 371432 545230 293255 685708 624851 518554 242735 557013 431324 232990 1 303480 176001 487607 452201 565439 311471 171017 211238 407529 179452 302670 449773 485890 184382
 278921 376741 397590 652568 552141 578139 563875 192514 312781 804492 411583 378128 635863 400962 656313 561139 526747 767139 449970 166159 291680 551128 574217 356632 534767 506016 881423 651151 416922 500244 304505 729127 490362 274606 427459 81352 269449 474643 416871 764858 424263 506841 498315 560935 377534 303480 1 216543 507721 751209 267891 183210 473899 492013 123044 270280 339612 202298 703085 455666
 352306 457145 495993 458351 522828 428065 347865 270826 409735 603756 517180 395178 482356 191864 509231 549991 464003 571677 252488 300551 349116 412555 359494 512778 651780 399639 707108 453318 501989 323605 426574 560924 381413 153443 459902 253651 397873 454161 528967 561561 574187 418732 393931 580951 375680 176001 216543 1 349617 567118 437278 327621 313872 299115 339458 284697 158078 411886 486542 360360
 419969 476461 845322 556094 840113 79258 344926 618423 475378 340482 550709 354183 675459 356154 708540 875102 765077 638068 146529 638798 398035 644225 270112 850400 1000421 134570 818167 538799 509609 58264 772238 709265 655041 477292 405155 491514 511707 780816 568630 315060 914925 705532 136974 917642 714722 487607 507721 349617 1 672918 593466 664337 538998 457983 616771 632200 192096 706297 398933 650476
 911782 1012169 764668 118989 519522 728020 328776 661722 971949 610347 1077834 925525 169957 385241 182047 568785 433852 72781 536191 727885 904068 252705 412789 875310 893384 800209 147408 134349 1056358 614683 768341 83046 341815 479593 991180 810791 964758 527462 1091054 571107 906066 378354 799934 650024 557456 452201 751209 567118 672918 1 1001630 750228 283073 268326 859598 585422 582683 899145 345165 380957
 182730 204453 599606 895289 809545 641121 768987 443695 151116 929976 191668 293460 898285 628256 920395 812417 791853 1008894 600445 393565 207577 816053 753869 502147 701287 527743 1137697 890587 222972 612174 502283 987409 757982 536236 301055 194010 90015 732127 187412 898593 565022 774508 519506 798985 634395 565439 267891 437278 593466 1001630 1 395733 732683 735161 220657 530552 492149 282104 895111 723551
 455723 546452 216242 672031 425518 739348 640866 88522 480630 930158 569399 560159 605926 467518 618060 421688 427527 782622 580080 27507 470925 514428 674126 186335 352104 680223 861588 676547 583084 646696 121375 709056 434607 290734 606743 252525 427377 350356 571129 887120 250738 430777 672861 403319 256098 311471 183210 327621 664337 750228 395733 1 468782 522708 176154 172847 479945 161643 784559 393889
 666073 771010 511189 207594 344499 612036 277507 380324 722757 630178 830392 703005 168635 183470 195551 390446 254631 314514 393295 445730 662886 107057 357847 605650 655504 641797 407580 216279 815853 487111 498256 255342 131142 199459 768760 539141 705990 314475 841667 583761 643996 186711 638859 458341 306604 171017 473899 313872 538998 283073 732683 468782 1 102588 578136 309559 386192 616085 397356 148515
 644282 745752 594944 160920 447002 527066 174927 436531 704078 527643 810350 664297 218482 120852 251183 492652 357200 275418 311594 497315 637356 193012 256651 676353 744287 570831 410832 159337 790193 403100 570254 271846 233622 233466 730323 546350 696487 414375 823305 481256 720543 289190 568875 559116 396463 211238 492013 299115 457983 268326 735161 522708 102588 1 606593 379817 328179 657349 298381 249779
 311747 388462 380129 765891 597604 683107 686281 235645 322759 923572 401317 427145 733479 521364 750879 596642 589874 880166 569946 177441 331712 645102 697156 296322 491977 598196 984458 765891 420716 614634 282447 831157 575271 380020 462732 129246 263258 521045 401150 884813 363139 582326 590112 579277 424246 407529 123044 339458 616771 859598 220657 176154 578136 606593 1 326592 458312 92861 825965 537138
 541127 643393 226446 516855 281868 711205 523517 91424 581043 846541 681678 625073 435309 355528 446084 293069 263441 623410 518110 156792 549714 343540 574581 297269 383295 681887 691138 524148 684982 600597 190546 539509 261979 171736 682028 351610 539728 204411 687148 801046 341162 259076 675743 305191 107971 179452 270280 284697 632200 585422 530552 172847 309559 379817 326592 1 440174 333281 664570 221109
 352370 442083 654066 464414 657946 271031 289906 428399 414458 465294 513154 344378 542543 208834 573813 690224 588417 567204 112691 453552 338565 493130 262102 666201 809799 261200 729690 452499 484377 166858 583510 598860 487157 289152 409441 344806 427381 594973 528614 426692 729162 533546 257116 728816 524710 302670 339612 158078 192096 582683 492149 479945 386192 328179 458312 440174 1 541909 404733 476267
 399397 468282 327714 813109 582089 773971 753106 244232 403827 1006691 471833 516512 761610 583451 775536 573495 588810 926077 652051 176914 420492 670806 771365 220044 419219 690869 1016329 815285 496775 701633 234570 863105 593677 424732 548553 221987 341143 508692 469059 966805 283564 592034 682803 543960 416503 449773 202298 411886 706297 899145 282104 161643 616085 657349 92861 333281 541909 1 895049 553443
 754775 837204 886839 260575 738744 430436 143695 705240 816516 266253 910535 726003 435762 317062 465952 786066 647066 285522 306345 757419 738943 461526 143942 954289 1039184 533393 470013 238972 876830 345455 851572 412340 524338 499422 785726 732081 832104 711728 926968 225980 1004418 578843 535899 855646 693432 485890 703085 486542 398933 345165 895111 784559 397356 298381 825965 664570 404733 895049 1 545847
 694060 800297 384025 337826 199410 727346 423715 309347 744289 775296 850644 753142 219371 301026 226409 243429 115210 430225 510103 376529 696208 128991 500018 496866 518742 737461 473624 351125 844465 603751 391056 324907 41406 208968 816595 532293 715083 166384 859232 728725 525220 58434 733275 309826 176511 184382 455666 360360 650476 380957 723551 393889 148515 249779 537138 221109 476267 553443 545847 1
LAMBDA_SECTION
1 32
2 301
3 941
4 480
5 788
6 78
7 794
8 194
9 182
10 57
11 468
12 230
13 174
14 615
15 587
16 298
17 206
18 306
19 271
20 78
21 728
22 646
23 883
24 124
25 623
26 62
27 253
28 528
29 163
30 584
31 952
32 556
33 428
34 221
35 871
36 968
37 17
38 11
39 161
40 719
41 539
42 703
43 904
44 636
45 203
46 470
47 630
48 257
49 560
50 755
51 579
52 172
53 464
54 539
55 793
56 444
57 874
58 26
59 576
60 473
