NAME : domp20p6v6
COMMENT : Cherkesly, Contardo & Gruson 2022
TYPE : DOMP
DIMENSION : 20
DISPLAY_DATA_TYPE : NO_DISPLAY
OPEN_FACILITIES : 6
COST_SECTION
 1 361716 426237 815819 277768 278466 822497 737575 623227 811530 469975 154663 333139 1091611 650554 902891 842104 901113 612346 145819
 361716 1 108935 763805 235332 467280 524383 497973 520885 519364 602458 456964 267706 931714 621332 767018 488663 809840 262932 295839
 426237 108935 1 864053 221977 568631 562226 564833 619520 560958 710223 541617 229104 1010113 725909 853772 475267 903961 188212 388040
 815819 763805 864053 1 945229 572717 591340 434426 245100 571503 425242 726242 998519 358795 165294 200138 823486 113099 917543 677354
 277768 235332 221977 945229 1 510907 758915 729480 713509 754388 688726 426076 60315 1151717 788677 978135 696341 1007065 400263 320036
 278466 467280 568631 572717 510907 1 754962 625834 431105 738856 191603 155179 571174 888725 411263 697262 856644 671141 725580 192695
 822497 524383 562226 591340 758915 754962 1 164033 421949 20266 758360 843148 784009 536394 558042 457002 250021 556890 488676 694017
 737575 497973 564833 434426 729480 625834 164033 1 259373 143796 606224 732307 765656 451907 394118 327183 389752 414427 545740 598232
 623227 520885 619520 245100 713509 431105 421949 259373 1 401935 361838 567955 764065 469073 140716 279672 621435 293557 675964 477966
 811530 519364 560958 571503 754388 738856 20266 143796 401935 1 739658 829219 780892 523130 537844 439213 266379 538205 494108 681560
 469975 602458 710223 425242 688726 191603 758360 606224 361838 739658 1 339503 748869 770228 283598 584612 909898 533974 843450 369592
 154663 456964 541617 726242 426076 155179 843148 732307 567955 829219 339503 1 483681 1033244 563266 841689 905745 822248 719030 165223
 333139 267706 229104 998519 60315 571174 784009 765656 764065 780892 748869 483681 1 1195171 843621 1024711 702465 1057417 391641 380336
 1091611 931714 1010113 358795 1151717 888725 536394 451907 469073 523130 770228 1033244 1195171 1 487840 191619 783405 246035 996179 945969
 650554 621332 725909 165294 788677 411263 558042 394118 140716 537844 283598 563266 843621 487840 1 301017 762150 260030 801916 512726
 902891 767018 853772 200138 978135 697262 457002 327183 279672 439213 584612 841689 1024711 191619 301017 1 704794 111525 865390 757618
 842104 488663 475267 823486 696341 856644 250021 389752 621435 266379 909898 905745 702465 783405 762150 704794 1 800888 330062 742044
 901113 809840 903961 113099 1007065 671141 556890 414427 293557 538205 533974 822248 1057417 246035 260030 111525 800888 1 935299 758856
 612346 262932 188212 917543 400263 725580 488676 545740 675964 494108 843450 719030 391641 996179 801916 865390 330062 935299 1 558770
 145819 295839 388040 677354 320036 192695 694017 598232 477966 681560 369592 165223 380336 945969 512726 757618 742044 758856 558770 1
LAMBDA_SECTION
1 815
2 277
3 928
4 50
5 109
6 562
7 549
8 640
9 733
10 8
11 230
12 835
13 526
14 208
15 662
16 101
17 761
18 705
19 475
20 829
