NAME : domp60p15v8
COMMENT : Cherkesly, Contardo & Gruson 2022
TYPE : DOMP
DIMENSION : 60
DISPLAY_DATA_TYPE : NO_DISPLAY
OPEN_FACILITIES : 15
COST_SECTION
 1 534247 766501 547841 244407 569737 796267 909914 296563 773676 389007 591432 698900 59606 812323 215435 792427 590133 677359 331262 860579 689783 524228 335190 214282 713725 288071 374625 776201 801466 109280 682479 915085 871914 733016 809081 660436 183539 508025 543000 284309 484740 712731 511070 675007 734350 833508 406197 544922 40846 601111 618106 565570 66687 361511 355042 836701 799400 650616 853231
 534247 1 233131 603975 669603 499243 302318 386956 557059 239894 553118 167327 351735 538388 614538 324961 589309 247213 327586 413311 639533 504768 302032 459340 583940 241816 764324 346825 564802 279607 545946 226817 753399 763680 549873 413566 545348 522717 94231 414428 614232 345732 383408 285050 376947 247129 327283 196970 613008 559510 70655 369695 300976 531940 283631 179916 590854 266493 356270 668835
 766501 233131 1 739280 897846 610385 207242 166625 774021 9638 730352 272918 400333 771514 680528 554609 657420 320563 342670 602640 688600 601110 451252 646684 798075 223543 994930 527353 633644 81744 778298 243175 815587 849239 636481 396562 664024 739457 288439 561425 835412 482502 432180 440813 449908 153576 195619 410465 750722 792472 165496 475594 428524 765033 495498 412996 635164 33693 399125 732188
 547841 603975 739280 1 792215 139719 894149 795486 811553 748918 161779 762455 941296 603744 1167940 467634 1143304 419639 431484 251174 1203994 1043377 827283 223661 364039 844509 821600 276888 1120600 715416 650563 830778 1298916 1284373 1091846 1016100 1052543 367413 663840 910091 820698 261881 969806 807906 951685 610496 907935 660796 13436 587499 623461 922025 849516 607667 694652 541102 1162080 758944 370200 1219799
 244407 669603 897846 792215 1 809705 872576 1056486 169077 903215 632856 667650 715106 190698 739125 406097 724864 788997 882133 570161 790817 634095 539133 578167 447255 786702 107071 603336 715182 949142 149946 752193 811959 750813 667194 829102 579328 426428 612382 505289 104868 710645 717911 533853 674409 901613 915631 491242 789168 204858 740256 610426 582752 188755 413270 498484 781664 931526 864947 767973
 569737 499243 610385 139719 809705 1 776619 657746 799652 619986 233159 664069 847174 619206 1090752 437630 1065660 290004 292609 239547 1122882 969689 752357 237518 424407 734202 855865 222905 1042070 581088 661270 724160 1225741 1219534 1017764 912398 988482 406835 570524 845665 820470 156509 877444 732879 864177 475663 786583 589637 152914 610582 508048 841870 768875 620967 638228 472244 1077882 627936 230977 1143976
 796267 302318 207242 894149 872576 776619 1 329128 724036 200822 854790 207571 231567 785549 495720 605664 474656 492086 535339 715597 496208 438084 351683 761612 878782 85884 977198 647922 452435 284191 779119 120440 624948 668290 464897 194793 511708 816364 290575 441891 791807 632288 257925 349825 288587 356886 45855 393483 904239 813244 270712 334060 314467 777299 460855 453209 442763 216812 586206 544301
 909914 386956 166625 795486 1056486 657746 329128 1 937912 164521 818067 438511 549498 920543 823464 694868 801682 387206 365843 705035 825317 754947 616668 745579 915651 373089 1151014 627787 778809 108628 931378 398608 954008 995201 786893 523208 821938 860855 452522 725499 998022 558616 579481 606783 602772 193261 297826 573774 808113 938815 316346 634691 592081 914751 659720 563190 771847 135687 427870 872904
 296563 557059 774021 811553 169077 799652 724036 937912 1 778246 662913 524826 552042 238657 572639 363999 557520 718787 814494 567314 624103 465303 379957 588142 509289 638813 274524 579025 547084 833625 190917 603981 652813 597610 499342 665397 412894 469354 485671 336973 69640 676067 552718 377231 508776 800647 768456 364151 811300 270928 626474 444510 422735 230333 278531 405655 613301 807273 808694 603874
 773676 239894 9638 748918 903215 619986 200822 164521 778246 1 739778 274116 397601 778174 677272 562162 654306 330181 351746 611831 684672 599306 452387 655934 806708 220404 1000671 536628 630624 85451 784504 241173 811912 846438 634168 391311 662994 747959 292912 561979 839983 492112 429231 442302 447817 161985 187764 415047 760359 799382 172958 474713 428845 771624 499721 419809 631190 29227 408400 728713
 389007 553118 730352 161779 632856 233159 854790 818067 662913 739778 1 694953 862961 446202 1065338 341351 1041505 431072 476054 142939 1105323 938709 728231 98354 203350 793176 659894 207100 1020071 724361 494092 773690 1190695 1168143 986898 950110 938119 206691 593160 798316 666711 260305 888523 709479 864522 625220 876141 563138 157142 428006 589681 826654 756377 450784 580696 447361 1067496 755448 422281 1115135
 591432 167327 272918 762455 667650 664069 207571 438511 524826 274116 694953 1 184418 578587 452224 410598 427204 412312 486317 552141 474333 350269 178335 597639 690015 122820 771365 494486 402572 348396 571549 91095 591438 608364 392520 255520 402260 627017 101860 289405 590984 508857 216138 168390 212341 363485 248790 186376 770660 606895 190798 216139 158304 570214 254589 261375 424713 302824 520493 506459
 698900 351735 400333 941296 715106 847174 231567 549498 552042 397601 862961 184418 1 672343 281524 551868 257788 595464 665620 720338 295892 207011 178932 764682 832215 177505 822170 668840 233708 482017 652729 158683 418984 448907 237452 114177 280316 769808 277792 229981 621681 691331 33206 189082 57740 523572 274948 309948 948913 705072 368106 114258 135369 662874 337394 416860 244192 421789 702851 334400
 59606 538388 771514 603744 190698 619206 785549 920543 238657 778174 446202 578587 672343 1 768801 234648 749755 618198 708312 379711 817957 648386 494911 387669 273814 701406 248425 416209 734578 811922 49678 668975 867186 821149 690199 784411 614391 242036 501991 503068 224722 525109 683834 483317 644437 751095 824632 392220 601285 35599 607267 585316 537493 9956 336812 358672 796595 804869 685718 807909
 812323 614538 680528 1167940 739125 1090752 495720 823464 572639 677272 1065338 452224 281524 768801 1 728158 25281 861750 938468 928151 51867 127024 340670 968505 989198 456986 839612 891066 49746 762268 733618 440188 139215 173100 80025 308998 159829 931269 527510 273119 634403 934614 248872 360076 240300 804598 532975 507193 1173694 804366 642499 249136 322009 758862 486738 626847 69726 700268 970743 54309
 215435 324961 554609 467634 406097 437630 605664 694868 363999 562162 341351 410598 551868 234648 728158 1 704907 384819 476666 216462 770223 601149 397686 248971 281282 527981 480896 215476 684377 586559 259469 500149 850702 826797 648907 652434 597049 218451 315620 458298 392709 313201 572887 380068 542757 519243 638945 241922 470050 246947 389205 497358 431133 231091 241468 152508 735547 587047 459136 776712
 792427 589309 657420 1143304 724864 1065660 474656 801682 557520 654306 1041505 427204 257788 749755 25281 704907 1 836521 913395 903998 68207 104328 316027 944535 967342 433922 826317 866419 24636 739163 715388 416461 164282 193657 59564 290357 146339 909093 502229 251480 620362 909490 225372 335400 215475 780388 512666 482639 1149120 785278 617579 223948 296857 739805 463605 602246 65818 677588 945528 79529
 590133 247213 320563 419639 788997 290004 492086 387206 718787 330181 431072 412312 595464 618198 861750 384819 836521 1 95795 326036 886255 750918 542536 363132 545896 459237 865589 250018 812014 297846 644146 455117 1000596 1009394 796547 643674 787344 497699 337009 651146 761987 171443 627852 524307 623724 195212 498737 405065 431395 626258 232211 616239 546253 615298 480330 317024 837002 339329 109257 916048
 677359 327586 342670 431484 882133 292609 535339 365843 814494 351746 476054 486317 665620 708312 938468 476666 913395 95795 1 391655 959946 831864 628268 422798 614618 515847 956418 320251 888776 297480 736099 517115 1077669 1090897 876349 702311 872508 571409 420659 738872 857178 221420 698580 610594 698625 193421 534225 497410 444378 714546 297517 696602 628545 705875 574526 412626 909355 353012 62028 992730
 331262 413311 602640 251174 570161 239547 715597 705035 567314 611831 142939 552141 720338 379711 928151 216462 903998 326036 391655 1 966876 802088 589163 46054 222998 651866 618703 77252 882098 605520 421843 631627 1055916 1037368 850472 807207 806034 184243 450317 664562 583527 172828 746197 570167 722973 512223 738768 423065 253780 372064 454381 686788 615800 381421 447429 305754 927834 629814 349143 978790
 860579 639533 688600 1203994 790817 1122882 496208 825317 624103 684672 1105323 474333 295892 817957 51867 770223 68207 886255 959946 966876 1 171632 377779 1007987 1034483 465963 891444 927199 86000 770078 783478 452677 128902 187215 127759 303776 211490 975921 555522 319105 686128 966439 262686 396907 262589 818534 530576 544334 1210124 853482 662688 282067 354879 808008 529321 663518 53570 706264 994739 56724
 689783 504768 601110 1043377 634095 969689 438084 754947 465303 599306 938709 350269 207011 648386 127024 601149 104328 750918 831864 802088 171632 1 217392 842086 863055 381865 737783 766673 86427 682100 615491 358151 256199 259048 48475 278709 81446 804766 414072 147495 530697 814131 180607 236886 152177 711960 480561 382773 1048864 683810 540420 135302 204948 638430 359717 502462 149248 624827 860174 176716
 524228 302032 451252 827283 539133 752357 351683 616668 379957 452387 728231 178335 178932 494911 340670 397686 316027 542536 628268 589163 377779 217392 1 630590 671847 269783 646022 550403 293486 526112 474016 235735 473573 470350 265623 292780 244813 610818 207952 114026 449277 596978 188955 19495 150960 532435 397299 166685 833100 528202 350350 99678 43860 485327 164855 286223 339370 480999 651334 392866
 335190 459340 646684 223661 578167 237518 761612 745579 588142 655934 98354 597639 764682 387669 968505 248971 944535 363132 422798 46054 1007987 842086 630590 1 197400 697881 619230 119451 922908 647433 432468 677520 1094960 1074349 890372 852520 843582 170171 495787 702912 599424 201453 790178 611750 766219 552420 784619 465130 224239 375893 499854 728770 658274 390519 485324 349022 969710 673409 376284 1018674
 214282 583940 798075 364039 447255 424407 878782 915651 509289 806708 203350 690015 832215 273814 989198 281282 967342 545896 614618 222998 1034483 863055 671847 197400 1 804536 461751 296252 948609 812126 323478 778308 1102368 1066802 909176 933706 845728 63015 592193 716080 498214 395261 852163 655344 820174 725109 908804 522518 358054 247395 638540 770990 708082 280893 508802 428904 1004176 827895 571460 1034344
 713725 241816 223543 844509 786702 734202 85884 373089 638813 220404 793176 122820 177505 701406 456986 527981 433922 459237 515847 651866 465963 381865 269783 697881 804536 1 891319 587887 410220 305283 694017 34840 592349 626104 414740 186483 449873 741747 212601 366185 706361 584198 208854 266459 229695 355490 129644 309191 853858 729638 227806 264892 235111 693031 375062 376295 412715 244287 560789 508730
 288071 764324 994930 821600 107071 855865 977198 1151014 274524 1000671 659894 771365 822170 248425 839612 480896 826317 865589 956418 618703 891444 737783 646022 619230 461751 891319 1 662017 817608 1042988 223086 856954 905959 840866 769368 936172 680196 455332 712074 611429 207161 771753 824925 640488 781375 990101 1019845 592164 816904 247689 834784 717345 689683 250547 516782 589063 884406 1028615 934090 866137
 374625 346825 527353 276888 603336 222905 647922 627787 579025 536628 207100 494486 668840 416209 891066 215476 866419 250018 320251 77252 927199 766673 550403 119451 296252 587887 662017 1 843716 528523 453396 569786 1022417 1009748 815133 749947 777862 251159 393582 635037 603858 110350 696327 531020 676400 434979 669045 383974 282945 414491 382788 645312 572947 416211 421930 264262 885663 553964 282629 943000
 776201 564802 633644 1120600 715182 1042070 452435 778809 547084 630624 1020071 402572 233708 734578 49746 684377 24636 812014 888776 882098 86000 86427 293486 922908 948609 410220 817608 843716 1 715380 701203 392333 188895 216413 48487 270460 140404 889961 477951 233778 611040 885831 201478 312782 190857 755972 491031 460170 1126518 770031 592944 200211 273196 724622 443370 579660 67159 654096 921000 104055
 801466 279607 81744 715416 949142 581088 284191 108628 833625 85451 724361 348396 482017 811922 762268 586559 739163 297846 297480 605520 770078 682100 526112 647433 812126 305283 1042988 528523 715380 1 822991 324533 897215 930921 717924 476270 743903 756211 349904 637790 892616 467921 513911 514535 531220 105525 266196 469729 727544 830220 208968 555346 505775 806146 556292 454750 716608 68065 357916 813889
 109280 545946 778298 650563 149946 661270 779119 931378 190917 784504 494092 571549 652729 49678 733618 259469 715388 644146 736099 421843 783478 615491 474016 432468 323478 694017 223086 453396 701203 822991 1 660754 827872 779304 655863 765965 577306 291007 501465 472249 175112 560794 662086 463959 621389 767498 819603 386378 648445 80021 615915 560590 517367 43491 322403 368255 764428 811884 716787 771014
 682479 226817 243175 830778 752193 724160 120440 398608 603981 241173 773690 91095 158683 668975 440188 500149 416461 455117 517115 631627 452677 358151 235735 677520 778308 34840 856954 569786 392333 324533 660754 1 577269 606940 393394 189042 423349 715387 186352 334274 671558 572080 191390 231946 206734 365864 164477 276984 839755 697612 222984 236393 202163 660502 341004 349443 400016 266797 559194 492893
 915085 753399 815587 1298916 811959 1225741 624948 954008 652813 811912 1190695 591438 418984 867186 139215 850702 164282 1000596 1077669 1055916 128902 256199 473573 1094960 1102368 592349 905959 1022417 188895 897215 827872 577269 1 86875 207986 432656 256641 1046558 665609 392466 707748 1070008 385987 493068 379449 942544 659477 638740 1304196 902685 781679 386142 458471 857391 610006 758352 182197 833992 1109658 85051
 871914 763680 849239 1284373 750813 1219534 668290 995201 597610 846438 1168143 608364 448907 821149 173100 826797 193657 1009394 1090897 1037368 187215 259048 470350 1074349 1066802 626104 840866 1009748 216413 930921 779304 606940 86875 1 215987 481953 231899 1013358 672389 374747 647991 1065431 417258 489510 401744 967750 705975 629901 1288824 856292 798948 394345 463147 811548 590074 747962 234828 870225 1118624 131027
 733016 549873 636481 1091846 667194 1017764 464897 786893 499342 634168 986898 392520 237452 690199 80025 648907 59564 796547 876349 850472 127759 48475 265623 890372 909176 414740 769368 815133 48487 717924 655863 393394 207986 215987 1 293075 92221 851294 460108 193099 562932 862085 207745 285118 186897 752008 505717 431215 1097338 725725 583224 180314 251542 680250 407440 550912 115644 658879 905788 128322
 809081 413566 396562 1016100 829102 912398 194793 523208 665397 391311 950110 255520 114177 784411 308998 652434 290357 643674 702311 807207 303776 278709 292780 852520 933706 186483 936172 749947 270460 476270 765965 189042 432656 481953 293075 1 359367 870878 357045 337745 735017 759282 114957 302006 159258 538559 226926 412159 1024654 816691 411472 222934 249024 775038 448179 510227 250862 409980 746623 354350
 660436 545348 664024 1052543 579328 988482 511708 821938 412894 662994 938119 402260 280316 614391 159829 597049 146339 787344 872508 806034 211490 81446 244813 843582 845728 449873 680196 777862 140404 743903 577306 423349 256641 231899 92221 359367 1 790025 451849 142970 474645 835038 256986 263220 223135 765683 555261 399159 1057070 649986 588366 188564 246455 604506 358606 516493 207415 689546 896138 193710
 183539 522717 739457 367413 426428 406835 816364 860855 469354 747959 206691 627017 769808 242036 931269 218451 909093 497699 571409 184243 975921 804766 610818 170171 63015 741747 455332 251159 889961 756211 291007 715387 1046558 1013358 851294 870878 790025 1 529333 658269 465624 356222 790073 594070 758544 671803 846781 459974 363592 221717 578626 710174 646499 247521 448606 365959 944641 769738 532105 977188
 508025 94231 288439 663840 612382 570524 290575 452522 485671 292912 593160 101860 277792 501991 527510 315620 502229 337009 420659 450317 555522 414072 207952 495787 592193 212601 712074 393582 477951 349904 501465 186352 665609 672389 460108 357045 451849 529333 1 320201 547072 414255 307259 190834 294326 334482 325887 122170 671672 527543 150426 279888 209262 494365 207243 163696 508727 321812 446237 581640
 543000 414428 561425 910091 505289 845665 441891 725499 336973 561979 798316 289405 229981 503068 273119 458298 251480 651146 738872 664562 319105 147495 114026 702912 716080 366185 611429 635037 233778 637790 472249 334274 392466 374747 193099 337745 142970 658269 320201 1 405550 692575 222809 129592 178495 646432 487647 256787 914786 538312 464307 115818 133556 493122 217645 373568 293793 590166 759223 319329
 284309 614232 835412 820698 104868 820470 791807 998022 69640 839983 666711 590984 621681 224722 634403 392709 620362 761987 857178 583527 686128 530697 449277 599424 498214 706361 207161 603858 611040 892616 175112 671558 707748 647991 562932 735017 474645 465624 547072 405550 1 705674 622236 446164 578243 854881 835976 424954 819308 251679 684342 513953 492183 218395 341107 454762 677689 868854 847194 663115
 484740 345732 482502 261881 710645 156509 632288 558616 676067 492112 260305 508857 691331 525109 934614 313201 909490 171443 221420 172828 966439 814131 596978 201453 395261 584198 771753 110350 885831 467921 560794 572080 1070008 1065431 862085 759282 835038 356222 414255 692575 705674 1 721370 577531 707703 366507 646322 435885 272162 524432 361632 685620 612649 524706 489667 320634 921373 504642 176326 987954
 712731 383408 432180 969806 717911 877444 257925 579481 552718 429231 888523 216138 33206 683834 248872 572887 225372 627852 698580 746197 262686 180607 188955 790178 852163 208854 824925 696327 201478 513911 662086 191390 385987 417258 207745 114957 256986 790073 307259 222809 622236 721370 1 201699 44406 556627 299994 331357 977223 717155 401064 108571 147204 674233 351791 441513 211041 452998 735441 301512
 511070 285050 440813 807906 533853 732879 349825 606783 377231 442302 709479 168390 189082 483317 360076 380068 335400 524307 610594 570167 396907 236886 19495 611750 655344 266459 640488 531020 312782 514535 463959 231946 493068 489510 285118 302006 263220 594070 190834 129592 446164 577531 201699 1 165630 517947 395136 147444 813756 516206 335112 117591 54502 473827 150230 266883 358022 471112 632982 412331
 675007 376947 449908 951685 674409 864177 288587 602772 508776 447817 864522 212341 57740 644437 240300 542757 215475 623724 698625 722973 262589 152177 150960 766219 820174 229695 781375 676400 190857 531220 621389 206734 379449 401744 186897 159258 223135 758544 294326 178495 578243 707703 44406 165630 1 566278 332358 303083 958626 678126 402238 64326 112102 634759 315574 417263 214512 472998 732325 294406
 734350 247129 153576 610496 901613 475663 356886 193261 800647 161985 625220 363485 523572 751095 804598 519243 780388 195212 193421 512223 818534 711960 532435 552420 725109 355490 990101 434979 755972 105525 767498 365864 942544 967750 752008 538559 765683 671803 334482 646432 854881 366507 556627 517947 566278 1 348932 444013 622723 766002 184216 579219 520302 746255 530436 403229 765857 160094 253016 857858
 833508 327283 195619 907935 915631 786583 45855 297826 768456 187764 876141 248790 274948 824632 532975 638945 512666 498737 534225 738768 530576 480561 397299 784619 908804 129644 1019845 669045 491031 266196 819603 164477 659477 705975 505717 226926 555261 846781 325887 487647 835976 646322 299994 395136 332358 348932 1 433332 918440 851645 287287 379271 360291 816552 503131 486515 477460 198171 587825 580245
 406197 196970 410465 660796 491242 589637 393483 573774 364151 415047 563138 186376 309948 392220 507193 241922 482639 405065 497410 423065 544334 382773 166685 465130 522518 309191 592164 383974 460170 469729 386378 276984 638740 629901 431215 412159 399159 459974 122170 256787 424954 435885 331357 147444 303083 444013 433332 1 666502 420629 264214 263730 193337 383880 86956 119714 504770 443901 510416 559026
 544922 613008 750722 13436 789168 152914 904239 808113 811300 760359 157142 770660 948913 601285 1173694 470050 1149120 431395 444378 253780 1210124 1048864 833100 224239 358054 853858 816904 282945 1126518 727544 648445 839755 1304196 1288824 1097338 1024654 1057070 363592 671672 914786 819308 272162 977223 813756 958626 622723 918440 666502 1 584344 633527 928257 855869 605407 698882 546878 1168546 770632 383182 1225386
 40846 559510 792472 587499 204858 610582 813244 938815 270928 799382 428006 606895 705072 35599 804366 246947 785278 626258 714546 372064 853482 683810 528202 375893 247395 729638 247689 414491 770031 830220 80021 697612 902685 856292 725725 816691 649986 221717 527543 538312 251679 524432 717155 516206 678126 766002 851645 420629 584344 1 627521 619448 570516 45514 368618 379620 831922 825633 689068 843507
 601111 70655 165496 623461 740256 508048 270712 316346 626474 172958 589681 190798 368106 607267 642499 389205 617579 232211 297517 454381 662688 540420 350350 499854 638540 227806 834784 382788 592944 208968 615915 222984 781679 798948 583224 411472 588366 578626 150426 464307 684342 361632 401064 335112 402238 184216 287287 264214 633527 627521 1 405525 341912 601025 351170 248626 611893 198290 336623 696642
 618106 369695 475594 922025 610426 841870 334060 634691 444510 474713 826654 216139 114258 585316 249136 497358 223948 616239 696602 686788 282067 135302 99678 728770 770990 264892 717345 645312 200211 555346 560590 236393 386142 394345 180314 222934 188564 710174 279888 115818 513953 685620 108571 117591 64326 579219 379271 263730 928257 619448 405525 1 73008 575549 262747 382116 241054 501519 725484 302835
 565570 300976 428524 849516 582752 768875 314467 592081 422735 428845 756377 158304 135369 537493 322009 431133 296857 546253 628545 615800 354879 204948 43860 658274 708082 235111 689683 572947 273196 505775 517367 202163 458471 463147 251542 249024 246455 646499 209262 133556 492183 612649 147204 54502 112102 520302 360291 193337 855869 570516 341912 73008 1 527967 204633 310450 312774 456881 655491 375557
 66687 531940 765033 607667 188755 620967 777299 914751 230333 771624 450784 570214 662874 9956 758862 231091 739805 615298 705875 381421 808008 638430 485327 390519 280893 693031 250547 416211 724622 806146 43491 660502 857391 811548 680250 775038 604506 247521 494365 493122 218395 524706 674233 473827 634759 746255 816552 383880 605407 45514 601025 575549 527967 1 327611 352400 786642 798432 684092 798009
 361511 283631 495498 694652 413270 638228 460855 659720 278531 499721 580696 254589 337394 336812 486738 241468 463605 480330 574526 447429 529321 359717 164855 485324 508802 375062 516782 421930 443370 556292 322403 341004 610006 590074 407440 448179 358606 448606 207243 217645 341107 489667 351791 150230 315574 530436 503131 86956 698882 368618 351170 262747 204633 327611 1 170774 496287 528743 582495 535290
 355042 179916 412996 541102 498484 472244 453209 563190 405655 419809 447361 261375 416860 358672 626847 152508 602246 317024 412626 305754 663518 502462 286223 349022 428904 376295 589063 264262 579660 454750 368255 349443 758352 747962 550912 510227 516493 365959 163696 373568 454762 320634 441513 266883 417263 403229 486515 119714 546878 379620 248626 382116 310450 352400 170774 1 623041 446273 415037 678738
 836701 590854 635164 1162080 781664 1077882 442763 771847 613301 631190 1067496 424713 244192 796595 69726 735547 65818 837002 909355 927834 53570 149248 339370 969710 1004176 412715 884406 885663 67159 716608 764428 400016 182197 234828 115644 250862 207415 944641 508727 293793 677689 921373 211041 358022 214512 765857 477460 504770 1168546 831922 611893 241054 312774 786642 496287 623041 1 652716 945164 104476
 799400 266493 33693 758944 931526 627936 216812 135687 807273 29227 755448 302824 421789 804869 700268 587047 677588 339329 353012 629814 706264 624827 480999 673409 827895 244287 1028615 553964 654096 68065 811884 266797 833992 870225 658879 409980 689546 769738 321812 590166 868854 504642 452998 471112 472998 160094 198171 443901 770632 825633 198290 501519 456881 798432 528743 446273 652716 1 411436 751244
 650616 356270 399125 370200 864947 230977 586206 427870 808694 408400 422281 520493 702851 685718 970743 459136 945528 109257 62028 349143 994739 860174 651334 376284 571460 560789 934090 282629 921000 357916 716787 559194 1109658 1118624 905788 746623 896138 532105 446237 759223 847194 176326 735441 632982 732325 253016 587825 510416 383182 689068 336623 725484 655491 684092 582495 415037 945164 411436 1 1025047
 853231 668835 732188 1219799 767973 1143976 544301 872904 603874 728713 1115135 506459 334400 807909 54309 776712 79529 916048 992730 978790 56724 176716 392866 1018674 1034344 508730 866137 943000 104055 813889 771014 492893 85051 131027 128322 354350 193710 977188 581640 319329 663115 987954 301512 412331 294406 857858 580245 559026 1225386 843507 696642 302835 375557 798009 535290 678738 104476 751244 1025047 1
LAMBDA_SECTION
1 604
2 600
3 88
4 605
5 922
6 657
7 902
8 318
9 5
10 648
11 52
12 936
13 961
14 177
15 620
16 532
17 299
18 647
19 221
20 7
21 209
22 192
23 724
24 108
25 404
26 624
27 613
28 203
29 982
30 54
31 38
32 136
33 102
34 296
35 962
36 652
37 473
38 788
39 527
40 559
41 885
42 906
43 906
44 995
45 81
46 655
47 442
48 910
49 409
50 950
51 395
52 712
53 853
54 409
55 841
56 865
57 928
58 735
59 904
60 13
