NAME : domp30p15v4
COMMENT : Cherkesly, Contardo & Gruson 2022
TYPE : DOMP
DIMENSION : 30
DISPLAY_DATA_TYPE : NO_DISPLAY
OPEN_FACILITIES : 15
COST_SECTION
 1 117696 486493 330928 526213 777924 112859 897374 638660 795412 756727 830814 913409 469586 816332 906420 735576 334097 536086 822993 661163 794189 817796 206029 624347 556010 648805 846153 151707 174487
 117696 1 390270 214729 538846 671236 207228 780772 551622 702305 641140 722403 802386 358016 727818 797585 621485 223318 547462 710758 543468 775361 704440 180395 514114 479612 533794 729924 130934 283665
 486493 390270 1 226085 498900 303402 512730 492144 653927 312101 348892 360612 452132 124433 339946 435685 310943 355404 500464 373427 348390 571893 377459 324093 182236 142936 434555 438475 355660 660842
 330928 214729 226085 1 583733 468062 400404 566447 472896 525382 426422 515794 591550 151205 559617 589846 407604 134545 589280 498672 335463 744177 491119 265519 306485 355327 350895 515317 258490 497814
 526213 538846 498900 583733 1 747477 443022 979495 1050070 653283 841955 804540 899616 598862 638082 868988 800519 695901 10946 842192 842818 306645 853313 360524 675210 415763 909501 927332 408087 628403
 777924 671236 303402 468062 747477 1 814310 258793 736206 164827 176194 58635 153864 316934 216306 132360 138927 559644 745885 105519 308408 707713 126360 627383 163242 332132 437087 218212 656596 951822
 112859 207228 512730 400404 443022 814310 1 959926 748910 809122 815830 870024 957676 522237 823248 945745 789841 430527 453514 871147 735864 729166 869047 193026 670455 554214 737817 907212 157794 191162
 897374 780772 492144 566447 979495 258793 959926 1 644680 417871 145920 220578 171703 439331 466621 214187 181221 605038 979346 153445 255073 965374 133477 791941 309916 567639 348203 53958 806438 1062111
 638660 551622 653927 472896 1050070 736206 748910 644680 1 868766 584341 752258 776138 531225 916874 801550 605155 354446 1056500 692986 431669 1212650 670224 702012 604253 796805 306389 622164 669415 725075
 795412 702305 312101 525382 653283 164827 809122 417871 868766 1 338718 198001 277143 382749 52075 236483 297899 640320 649642 265664 455384 563663 289022 616134 264978 264486 581793 381370 656544 968907
 756727 641140 348892 426422 841955 176194 815830 145920 584341 338718 1 172644 196087 294146 390728 217411 45059 479266 842403 108650 154714 851917 86560 646142 167338 436291 278262 92133 661484 924015
 830814 722403 360612 515794 804540 58635 870024 220578 752258 198001 172644 1 95506 365563 246083 75805 147173 600040 802753 73020 320647 754819 98881 684203 209333 389736 448029 188617 712235 1004221
 913409 802386 452132 591550 899616 153864 957676 171703 776138 277143 196087 95506 1 444409 319581 44884 192082 663769 897708 94776 350347 840248 110427 774261 289112 485146 469971 163432 799998 1085592
 469586 358016 124433 151205 598862 316934 522237 439331 531225 382749 294146 365563 444409 1 421424 440222 267860 257607 601855 353410 246513 695270 348676 353624 156419 266897 315654 386021 367343 641211
 816332 727818 339946 559617 638082 216306 823248 466621 916874 52075 390728 246083 319581 421424 1 277023 349973 678690 633655 315491 506468 526686 339370 630469 312622 270667 632344 431643 673727 988570
 906420 797585 435685 589846 868988 132360 945745 214187 801550 236483 217411 75805 44884 440222 277023 1 204311 669983 866683 109147 371765 800145 131353 759544 283805 456804 495237 200147 787963 1079696
 735576 621485 310943 407604 800519 138927 789841 181221 605155 297899 45059 147173 192082 267860 349973 204311 1 472167 800735 97612 173713 806878 84416 615818 128750 392702 301745 127720 634040 905087
 334097 223318 355404 134545 695901 559644 430527 605038 354446 640320 479266 600040 663769 257607 678690 669983 472167 1 702492 568995 352586 875262 556156 349704 397092 488960 317200 559155 322625 474914
 536086 547462 500464 589280 10946 745885 453514 979346 1056500 649642 842403 802753 897708 601855 633655 866683 800735 702492 1 841229 845257 295893 852653 368733 675880 414558 913252 927345 416811 639125
 822993 710758 373427 498672 842192 105519 871147 153445 692986 265664 108650 73020 94776 353410 315491 109147 97612 568995 841229 1 262658 813035 26086 691070 200694 426770 386888 116446 713929 994305
 661163 543468 348390 335463 842818 308408 735864 255073 431669 455384 154714 320647 350347 246513 506468 371765 173713 352586 845257 262658 1 906592 241272 587900 208805 472146 128688 214212 590764 819137
 794189 775361 571893 744177 306645 707713 729166 965374 1212650 563663 851917 754819 840248 695270 526686 800145 806878 875262 295893 813035 906592 1 831901 598719 704069 435452 1004957 920340 653806 919564
 817796 704440 377459 491119 853313 126360 869047 133477 670224 289022 86560 98881 110427 348676 339370 131353 84416 556156 852653 26086 241272 831901 1 691408 199998 438848 363889 92348 712359 988104
 206029 180395 324093 265519 360524 627383 193026 791941 702012 616134 646142 684203 774261 353624 630469 759544 615818 349704 368733 691070 587900 598719 691408 1 491416 362336 616251 738272 55842 365532
 624347 514114 182236 306485 675210 163242 670455 309916 604253 264978 167338 209333 289112 156419 312622 283805 128750 397092 675880 200694 208805 704069 199998 491416 1 275756 326418 256243 513260 796857
 556010 479612 142936 355327 415763 332132 554214 567639 796805 264486 436291 389736 485146 266897 270667 456804 392702 488960 414558 426770 472146 435452 438848 362336 275756 1 570058 516846 408643 725042
 648805 533794 434555 350895 909501 437087 737817 348203 306389 581793 278262 448029 469971 315654 632344 495237 301745 317200 913252 386888 128688 1004957 363889 616251 326418 570058 1 319300 607349 791437
 846153 729924 438475 515317 927332 218212 907212 53958 622164 381370 92133 188617 163432 386021 431643 200147 127720 559155 927345 116446 214212 920340 92348 738272 256243 516846 319300 1 753288 1011977
 151707 130934 355660 258490 408087 656596 157794 806438 669415 656544 661484 712235 799998 367343 673727 787963 634040 322625 416811 713929 590764 653806 712359 55842 513260 408643 607349 753288 1 316425
 174487 283665 660842 497814 628403 951822 191162 1062111 725075 968907 924015 1004221 1085592 641211 988570 1079696 905087 474914 639125 994305 819137 919564 988104 365532 796857 725042 791437 1011977 316425 1
LAMBDA_SECTION
1 569
2 911
3 619
4 924
5 101
6 334
7 347
8 833
9 177
10 296
11 59
12 180
13 708
14 830
15 806
16 192
17 940
18 452
19 591
20 790
21 542
22 74
23 240
24 178
25 10
26 120
27 468
28 342
29 377
30 838
