NAME : domp80p20v4
COMMENT : Cherkesly, Contardo & Gruson 2022
TYPE : DOMP
DIMENSION : 80
DISPLAY_DATA_TYPE : NO_DISPLAY
OPEN_FACILITIES : 20
COST_SECTION
 1 559294 434823 168274 153015 383066 414568 620476 606274 351097 429827 332752 407338 588351 477842 435607 212123 529311 262733 313877 410776 177369 333823 379113 480872 437051 547680 477405 542552 660212 246743 564413 259581 445961 278438 544051 261001 599026 387481 498095 217473 449089 374792 545579 362558 542493 158568 489332 253497 251771 362050 175919 184955 283533 374958 368472 287443 631699 546432 708758 465432 286644 320112 514394 515722 482754 578253 505732 522744 409244 314236 600077 384342 321516 389557 417243 308145 540479 506044 481558
 559294 1 949731 391733 644452 808098 780463 1147958 601835 398166 471511 732590 606724 296858 1020117 528138 769390 916170 686550 390229 249072 606052 226124 489382 187138 948330 198215 836506 358151 339091 369444 1108614 811429 302541 445504 1067539 587413 402570 186742 988703 677404 954060 933712 431182 874351 42987 503250 1018199 355283 421358 693530 603867 419739 692011 685483 459370 827879 961708 172900 652411 1014701 713389 745960 536801 971664 1010515 300309 436224 502375 153565 707306 1124176 921370 817074 841731 968240 531354 827855 447149 193505
 434823 949731 1 586353 478537 207523 691971 199116 703830 782733 612846 265850 479945 1022293 117667 574868 318233 741389 277685 590339 842003 344513 738710 795395 817923 504153 872078 735285 790516 1094471 681200 188300 339468 733340 705520 118376 638919 1032539 763522 84775 521025 523870 226249 751295 75584 943247 446639 77905 596077 539688 343736 541432 530048 591315 365865 572607 157576 865852 881086 797033 148157 256658 588830 647134 647096 69589 1012440 934185 942339 796759 617592 174608 83105 495297 158739 145643 711452 833449 700953 815642
 168274 391733 586353 1 268223 491876 476629 778790 560626 248794 373666 425664 413868 442328 641007 401253 377711 608224 361490 233690 258595 266918 165785 313853 332989 575606 401533 540495 433183 515094 121560 728608 420995 327693 206424 700310 281016 473515 227191 640277 316378 584422 543043 456907 511455 374223 177935 647293 142791 191658 424095 246990 118228 356849 428432 317208 448479 689689 396011 655585 631133 389358 406843 466539 627336 640213 433584 401086 436308 243963 381844 756985 544803 448509 511474 583429 279668 575056 428551 335024
 153015 644452 478537 268223 1 488317 266764 636944 759286 338165 581902 453722 557283 601897 484520 588621 171751 376578 386059 460633 446885 315868 422401 325866 600989 307739 669445 327930 684668 668884 282928 561946 188320 583660 256266 569644 160543 584043 494118 555512 65451 316212 341799 693622 418032 619407 311571 513236 389189 400439 497643 65159 327922 137420 513426 520519 321082 481728 664234 861703 460274 404829 167922 667282 367255 508499 590277 474290 471553 506176 168583 621349 408354 180576 481591 412379 237338 399981 655969 602838
 383066 808098 207523 491876 488317 1 743720 386476 496694 725016 419157 75964 277042 932512 322995 375619 377844 824455 130454 424902 748179 225055 618576 761728 655095 625343 701673 798137 601153 1005157 605981 395126 422904 557870 658434 310968 634840 963876 622708 199802 547123 644305 378173 554772 164565 809220 320679 284060 455820 386741 141051 539259 403071 622292 161606 387480 234039 944263 714201 589524 346991 102519 637693 443645 756671 275960 924299 881215 903680 660581 652607 359822 248382 574027 48961 327318 690424 883272 504547 651735
 414568 780463 691971 476629 266764 743720 1 810097 1015070 389789 832383 716434 821833 630647 660834 845709 378012 136377 650361 700811 538698 582628 589003 314048 792779 281100 860100 64302 909769 680459 423287 718915 352968 803953 335220 758130 200593 566904 675018 775398 201931 271825 496311 931136 645989 745290 570209 704862 616795 645998 763891 242779 568667 131037 780024 771621 544093 217850 848872 1115684 626217 667358 106238 921506 215367 702437 618251 450038 410658 672681 100509 801147 611518 203979 730011 585833 250041 141884 898818 796287
 620476 1147958 199116 778790 636944 386476 810097 1 877080 960133 803713 454724 663443 1208373 153092 761919 465892 830308 475119 788716 1030991 543481 934665 962008 1016861 572117 1070433 842314 983915 1279832 866779 98991 466969 930691 880334 80740 795694 1210690 962036 189073 667261 590553 314051 940639 273866 1140544 645262 131516 794934 738730 527479 701986 728231 729878 547984 766978 333132 953327 1079806 963871 184095 452542 715278 829608 715174 138602 1198052 1106962 1108314 994740 751919 26702 236401 606137 339053 227759 874255 946662 890317 1014516
 606274 601835 703830 560626 759286 496694 1015070 877080 1 784657 186961 443158 232596 858449 817184 170771 753905 1135091 462764 327832 708808 471271 550873 865837 416533 1017259 411790 1079063 248005 918794 665508 891791 809923 308773 763142 805385 833553 940086 484761 688051 823352 1032820 835330 172136 650893 629086 447717 780739 421524 372595 362567 772306 450760 885356 339624 245129 681636 1232847 436071 103810 836831 469873 925663 94349 1116566 772618 856425 913021 964774 522375 914893 850457 732357 919228 545655 808920 840285 1128802 158273 409876
 351097 398166 782733 248794 338165 725016 389789 960133 784657 1 600840 664592 660633 265936 810987 637251 505079 523093 596939 460569 150465 502463 250179 94334 453767 601756 514323 441936 608893 331046 127464 892940 526482 505165 81928 887091 216306 250578 337141 848823 340067 602565 678337 653681 712253 360152 424333 831131 367387 432656 670761 276736 365401 325644 676251 550681 629477 563546 497514 871496 791171 623777 377116 693157 594168 825240 253953 156201 187696 319399 332136 941776 724682 473255 737301 742489 141366 430035 637451 458936
 429827 471511 612846 373666 581902 419157 832383 803713 186961 600840 1 349020 153242 697241 716199 57662 597441 955285 341717 141308 535772 319638 376023 680118 287218 854893 310826 896585 183077 762097 479788 798767 653364 171275 576601 725781 647815 770433 322135 618897 644657 869202 702949 139202 547978 490120 272822 690526 235239 186955 279338 590076 265082 703744 261742 61385 554413 1049789 329929 283907 728288 358043 746116 93089 944866 682180 693750 734262 783440 362796 732700 777243 622241 748851 465089 693119 653325 943305 89450 281574
 332752 732590 265850 425664 453722 75964 716434 454724 443158 664592 349020 1 214774 863573 375328 309117 367575 807141 70019 348960 679402 162251 545949 707247 579214 626958 626304 773837 529538 936032 542668 453715 418173 482889 601674 376866 591232 899073 547541 271645 515901 645138 402247 486503 207868 734292 250707 343750 381330 311284 80735 498792 331195 590504 103896 313936 249284 923635 638560 540487 393707 49077 611697 381731 750766 335438 855702 820556 846460 585750 621446 428289 289330 560688 117070 366554 640574 853180 436136 575892
 407338 606724 479945 413868 557283 277042 821833 663443 232596 660633 153242 214774 1 801585 590041 101359 528607 932755 230233 226278 626840 249457 471038 727098 429332 793659 460676 884384 335003 870446 533444 668130 584118 317054 618762 587809 657577 861429 438630 475733 622693 810054 602772 280666 422116 619661 256875 557729 303998 230540 136518 582073 295769 690803 115460 147383 449041 1038575 478176 333947 607395 237677 725155 167199 901061 549455 796331 807452 848194 480188 721564 636770 502074 703871 325132 577695 682299 946364 231221 424369
 588351 296858 1022293 442328 601897 932512 630647 1208373 858449 265936 697241 863573 801585 1 1062947 747321 764673 754520 802124 576517 184334 708373 330722 317999 451608 864647 485452 672525 631432 72767 341661 1147418 789883 549947 346673 1132387 479441 110684 375834 1080770 605968 864261 938703 697095 948720 255706 612869 1077501 500754 576877 849824 541979 534393 587254 849229 664450 875265 766080 461231 924437 1046325 830175 636534 779243 843670 1071014 12431 191214 252139 336557 589753 1188323 971990 737784 953687 997534 398237 630848 700236 458343
 477842 1020117 117667 641007 484520 322995 660834 153092 817184 810987 716199 375328 590041 1062947 1 681890 313121 689580 375181 679413 888268 425997 801363 810028 901723 436997 959484 695938 889762 1133797 722160 88544 314394 825159 730521 99958 642819 1061292 836422 176884 514176 456241 165203 855348 168598 1009515 523162 59172 672797 624194 455135 549639 602866 577223 477814 671816 192865 813752 966399 911946 40958 358289 564064 756705 581703 62914 1052344 956056 956058 866574 599729 140754 99465 457352 274788 75324 721851 799048 805246 900064
 435607 528138 574868 401253 588621 375619 845709 761919 170771 637251 57662 309117 101359 747321 681890 1 587363 964646 311571 177993 581594 305096 422007 712739 344575 849112 368228 909547 234451 813338 513314 762330 643486 228832 607018 685250 667490 817014 374010 575143 652829 864295 680529 179683 513299 545747 277094 652771 269914 209749 234586 602966 286610 715594 215015 86804 529022 1063557 387526 273914 696572 324440 755246 82253 946175 644448 743353 775473 822193 415167 745364 735304 590548 748962 422915 663870 679733 961899 129950 338999
 212123 769390 318233 377711 171751 377844 378012 465892 753905 505079 597441 367575 528607 764673 313121 587363 1 447141 312548 504979 599376 282700 543298 497612 690950 265252 756838 426773 735840 833550 431283 390314 56125 646238 423426 400690 329817 753573 599602 399805 204182 282111 174053 726935 268042 750439 333758 344576 459619 441563 432343 236905 387686 273120 452900 538827 166185 568326 756819 857589 288570 320763 272857 669596 383206 340410 753447 645408 643201 620748 299459 451073 242178 196204 357192 240630 408910 519878 682268 691277
 529311 916170 741389 608224 376578 824455 136377 830308 1135091 523093 955285 807141 932755 754520 689580 964646 447141 1 744873 827437 672906 687125 725105 442558 928164 261016 995704 82183 1041127 799555 559496 733799 408030 935915 471304 789427 336280 682101 810766 826159 311861 244384 525915 1059385 706855 880541 687591 740285 746327 770444 862372 366748 694320 253052 880300 894065 606781 124626 984794 1236989 651247 758530 209431 1042463 134411 739350 742245 568283 521186 808949 226453 825610 658453 251453 804095 617658 385011 158025 1025176 931558
 262733 686550 277685 361490 386059 130454 650361 475119 462764 596939 341717 70019 230233 802124 375181 311571 312548 744873 1 313965 617791 94976 490402 637824 543423 576220 595492 708727 514890 874788 476433 459383 365749 455746 532714 394856 521464 833938 500035 303303 449065 593745 372568 480907 208123 685141 191204 353807 331692 267435 119822 429576 274713 523251 140508 296790 219066 859678 605445 564028 386592 28105 546387 390460 694606 345513 793874 753074 777741 536542 554310 449529 280527 501484 155959 352441 570598 785968 431062 540757
 313877 390229 590339 233690 460633 424902 700811 788716 327832 460569 141308 348960 226278 576517 679413 177993 504979 827437 313965 1 405662 254689 247153 538871 230494 749770 281747 765110 231016 644710 338581 766466 559084 146831 435362 708225 511411 641225 213734 615625 520503 762413 634936 233051 517978 398371 171926 664888 93948 63489 303632 460695 133359 574509 295262 91292 498561 917053 291537 421897 683765 338137 619758 234367 827577 656707 571686 597481 644594 255064 602363 763300 580715 635147 463151 642727 512988 806794 198012 227430
 410776 249072 842003 258595 446885 748179 538698 1030991 708808 150465 535772 679402 626840 184334 888268 581594 599376 672906 617791 405662 1 524106 159793 240335 332776 734066 385643 592053 503662 257012 168164 974180 630707 407991 209989 953863 354941 235576 228425 898361 464382 736931 772719 559532 767777 210059 428704 899652 323129 398412 667480 393787 351221 463768 667804 496122 698158 713267 365815 785366 874098 645844 516983 623233 738866 892916 176302 211677 272695 198322 474410 1010182 795066 603036 769585 825485 288763 578994 553221 338809
 177369 606052 344513 266918 315868 225055 582628 543481 471271 502463 319638 162251 249457 708373 425997 305096 282700 687125 94976 254689 524106 1 401633 545831 476103 546286 533521 643505 475425 781099 381473 513738 338772 401378 439693 462786 438367 738986 419487 384313 380974 562170 385894 454592 269698 601465 103111 415734 251608 198198 184787 351099 187616 452638 198585 264354 244211 796792 540501 575004 429152 122584 482064 387342 651615 407763 699942 658513 684289 453776 483807 519117 326828 454506 245973 388128 481829 713692 407308 474286
 333823 226124 738710 165785 422401 618576 589003 934665 550873 250179 376023 545949 471038 330722 801363 422007 543298 725105 490402 247153 159793 401633 1 342166 207896 729048 272927 649688 359212 400476 165848 889531 585475 257137 262141 855032 388958 395014 88811 785358 460830 736067 708586 407798 663156 209116 299615 803657 170980 247156 523651 387565 215706 485471 521351 336931 608509 788381 260172 630762 793599 518337 538793 464038 764662 796257 325300 362790 417486 85335 505004 911854 703681 598882 645948 746421 352094 661285 397073 212385
 379113 489382 795395 313853 325866 761728 314048 962008 865837 94334 680118 707247 727098 317999 810028 712739 497612 442558 637824 538871 240335 545831 342166 1 547369 551915 608460 360470 699311 372730 200357 887763 509171 594509 108718 892848 175146 269071 430003 867058 309565 550012 665928 741212 728822 450199 479836 836412 444927 504426 722856 260730 431998 275713 730818 627077 638640 473642 591806 955538 786131 663288 321788 773067 525802 831229 305569 152683 146975 413468 274209 945658 730435 429624 768358 738231 90576 338833 722360 552429
 480872 187138 817923 332989 600989 655095 792779 1016861 416533 453767 287218 579214 429332 451608 901723 344575 690950 928164 543423 230494 332776 476103 207896 547369 1 907693 68599 854519 179874 506845 371937 989711 740324 116333 469934 936184 592187 544397 119196 845882 648594 917002 839961 248269 744371 212556 379690 891113 233793 278422 529557 577550 306625 682787 518439 283059 714954 995407 66069 474096 902601 568182 734861 349665 958401 883039 451442 544155 605336 135805 704762 991755 802335 781436 693641 859148 559785 869079 260444 6778
 437051 948330 504153 575606 307739 625343 281100 572117 1017259 601756 854893 626958 793659 864647 436997 849112 265252 261016 576220 749770 734066 546286 729048 551915 907693 1 975958 290240 979470 923759 580548 474562 210588 882627 526442 536756 385657 819842 801855 587918 271578 19721 279248 978996 484061 920836 584194 491105 688902 686791 695615 344782 621950 277449 716721 794781 392634 381995 971449 1121056 397221 582066 230406 931099 144746 491268 852334 701941 674295 813368 278282 569081 421742 131606 595311 368961 466680 396314 936762 909306
 547680 198215 872078 401533 669445 701673 860100 1070433 411790 514323 310826 626304 460676 485452 959484 368228 756838 995704 595492 281747 385643 533521 272927 608460 68599 975958 1 921541 164075 534389 438191 1047027 806838 145140 534903 989964 659540 584428 185217 895837 717192 985380 903194 239655 799516 233336 440206 946440 297881 335382 571070 646110 370632 751045 557937 319287 774915 1061295 25352 455400 961932 619140 803234 357872 1026940 938280 486855 594856 657829 195019 772779 1044969 860347 849928 742259 919331 624922 933910 264503 66652
 477405 836506 735285 540495 327930 798137 64302 842314 1079063 441936 896585 773837 884384 672525 695938 909547 426773 82183 708727 765110 592053 643505 649688 360470 854519 290240 921541 1 973538 718234 483841 748583 396087 867593 392795 794656 262789 601434 736343 819491 262592 277262 530736 995350 693356 800350 633703 742825 680938 710257 823521 306771 632958 194162 840135 835782 591670 154309 909808 1179806 659637 724800 162352 985573 192960 740977 660235 486909 441269 732759 164189 835071 653548 240494 782231 621784 305175 106424 963115 858151
 542552 358151 790516 433183 684668 601153 909769 983915 248005 608893 183077 529538 335003 631432 889762 234451 735840 1041127 514890 231016 503662 475425 359212 699311 179874 979470 164075 973538 1 686379 507696 974254 790078 106685 609276 905192 712510 722763 276321 800591 741439 991641 860713 76169 722955 388977 402258 867685 296344 294504 462096 676684 358140 788859 444797 218138 718426 1121578 188719 295081 898773 534012 837248 202865 1051677 859351 631119 714980 773506 305986 814674 957590 793440 862224 646300 860742 696143 1002540 110517 173121
 660212 339091 1094471 515094 668884 1005157 680459 1279832 918794 331046 762097 936032 870446 72767 1133797 813338 833550 799555 874788 644710 257012 781099 400476 372730 506845 923759 534389 718234 686379 1 413471 1217851 857163 610057 412734 1204142 540404 121697 439967 1153354 669681 922423 1007441 754477 1021047 301146 685347 1149115 571138 647338 921402 607777 606445 646500 920437 731562 946801 801453 509497 980936 1116565 902846 694182 842012 895163 1142688 82042 231326 282988 399604 646791 1259972 1043432 798787 1026448 1067768 457360 668021 760565 513621
 246743 369444 681200 121560 282928 605981 423287 866779 665508 127464 479788 542668 533444 341661 722160 513314 431283 559496 476433 338581 168164 381473 165848 200357 371937 580548 438191 483841 507696 413471 1 807428 463697 401391 101616 790737 223715 358285 253052 741879 309004 585505 604556 544478 608173 340399 298440 735847 244660 306557 544967 235837 237989 323854 549778 427265 533651 623483 425989 755838 706920 503836 377699 572716 603885 729353 331513 279905 315149 249496 341397 846663 630428 448978 621748 658221 189378 498334 523361 375937
 564413 1108614 188300 728608 561946 395126 718915 98991 891791 892940 798767 453715 668130 1147418 88544 762330 390314 733799 459383 766466 974180 513738 889531 887763 989711 474562 1047027 748583 974254 1217851 807428 1 383632 911789 811895 103184 717770 1142677 924965 219854 586347 492776 226588 937657 251305 1097832 611494 111072 761216 711899 532014 627045 691387 645307 554164 756125 281066 856286 1054237 984075 101869 440898 627054 835290 617019 119173 1136659 1035619 1032847 955079 665707 102992 187858 515152 346174 150454 798597 853665 887396 987980
 259581 811429 339468 420995 188320 422904 352968 466969 809923 526482 653364 418173 584118 789883 314394 643486 56125 408030 365749 559084 630707 338772 585475 509171 740324 210588 806838 396087 790078 857163 463697 383632 1 699160 444586 408428 336133 771400 645690 423463 203053 227996 157873 782341 299097 790612 388439 353831 510642 495605 485300 251105 439386 262909 506256 594581 198772 531247 805966 913583 284164 372380 251742 725719 334051 350865 778333 659942 652136 664920 285489 454964 258557 157456 398238 239256 418907 494136 737933 740901
 445961 302541 733340 327693 583660 557870 803953 930691 308773 505165 171275 482889 317054 549947 825159 228832 646238 935915 455746 146831 407991 401378 257137 594509 116333 882627 145140 867593 106685 610057 401391 911789 699160 1 503004 850566 606175 634433 179834 753505 638800 894056 781061 151574 662143 324680 316478 808828 194536 207483 426063 572685 261149 684156 412798 174165 645370 1015178 161239 377913 830261 478279 733218 235416 949796 800588 548204 617570 674117 214974 709512 904931 726778 762655 599390 789486 589577 895859 150513 110492
 278438 445504 705520 206424 256266 658434 335220 880334 763142 81928 576601 601674 618762 346673 730521 607018 423426 471304 532714 435362 209989 439693 262141 108718 469934 526442 534903 392795 609276 412734 101616 811895 444586 503004 1 808097 144988 330836 350739 773609 260639 528423 596510 645686 636217 411246 371234 751961 341632 397842 614927 195322 324202 253855 622520 522047 550969 526963 521179 855109 710071 558722 306996 669689 529590 746234 334853 228754 245251 342340 264767 862394 645483 396437 667602 661449 90051 399153 623549 474268
 544051 1067539 118376 700310 569644 310968 758130 80740 805385 887091 725781 376866 587809 1132387 99958 685250 400690 789427 394856 708225 953863 462786 855032 892848 936184 536756 989964 794656 905192 1204142 790737 103184 408428 850566 808097 1 729642 1137617 881508 120864 604337 555940 264268 863330 193258 1060460 564680 56451 714282 658014 451400 634257 647801 670028 472483 687833 257854 913652 999207 894625 139619 372698 659702 754599 681410 61865 1122233 1035767 1039615 914402 693712 56823 162691 555290 262681 172874 806281 897163 812968 933861
 261001 587413 638919 281016 160543 634840 200593 795694 833553 216306 647815 591232 657577 479441 642819 667490 329817 336280 521464 511411 354941 438367 388958 175146 592187 385657 659540 262789 712510 540404 223715 717770 336133 606175 144988 729642 1 442973 474515 715150 134626 386261 493738 737881 577218 554560 400730 673292 423358 461053 622976 98229 382853 109564 635418 588439 481382 409095 648515 931624 616712 543711 162140 739252 385078 668691 467186 327707 316018 473159 120155 780767 568758 258494 633313 569559 84810 295544 708422 595702
 599026 402570 1032539 473515 584043 963876 566904 1210690 940086 250578 770433 899073 861429 110684 1061292 817014 753573 682101 833938 641225 235576 738986 395014 269071 544397 819842 584428 601434 722763 121697 358285 1142677 771400 634433 330836 1137617 442973 1 455547 1097069 576168 817104 925746 784591 961343 360331 650675 1081688 557433 631858 894761 520308 578833 544645 896841 731680 879925 680316 561012 1012004 1040833 861538 589437 856597 782241 1075773 104028 118089 162323 419572 541576 1192349 975248 698682 980000 992244 358241 547470 782918 550992
 387481 186742 763522 227191 494118 622708 675018 962036 484761 337141 322135 547541 438630 375834 836422 374010 599602 810766 500035 213734 228425 419487 88811 430003 119196 801855 185217 736343 276321 439967 253052 924965 645690 179834 350739 881508 474515 455547 1 801973 537728 810058 757875 331233 688257 187138 316888 832729 168554 236499 512668 465433 234070 567718 506481 294624 645042 876402 174349 557679 832669 527015 620428 403521 845317 824971 372942 439003 497188 41590 588656 938065 737298 673399 655457 786982 440593 749883 327372 123589
 498095 988703 84775 640277 555512 199802 775398 189073 688051 848823 618897 271645 475733 1080770 176884 575143 399805 826159 303303 615625 898361 384313 785358 867058 845882 587918 895837 819491 800591 1153354 741879 219854 423463 753505 773609 120864 715150 1097069 801973 1 600890 607621 309132 754484 138365 985506 487329 119528 633421 570736 340603 617114 571902 672307 360411 585581 235505 950612 906966 775568 214971 277777 671668 641253 731266 114289 1071378 1002246 1013661 837406 699193 162422 167830 579734 154576 224022 785127 917048 704293 842996
 217473 677404 521025 316378 65451 547123 201931 667261 823352 340067 644657 515901 622693 605968 514176 652829 204182 311861 449065 520503 464382 380974 460830 309565 648594 271578 717192 262592 741439 669681 309004 586347 203053 638800 260639 604337 134626 576168 537728 600890 1 276672 360923 753499 465412 649362 375749 548422 445131 461499 561978 73579 387220 75169 578107 583316 365401 416295 710353 925471 486090 466867 102696 730964 311359 544424 593936 461864 450127 545876 105703 653659 446314 139983 537435 439862 219011 337337 717056 650904
 449089 954060 523870 584422 316212 644305 271825 590553 1032820 602565 869202 645138 810054 864261 456241 864295 282111 244384 593745 762413 736931 562170 736067 550012 917002 19721 985380 277262 991641 922423 585505 492776 227996 894056 528423 555940 386261 817104 810058 607621 276672 1 298903 992328 503624 925903 597893 510541 700007 699616 713269 350194 633773 277214 734252 808893 411850 364355 980426 1136629 416364 599994 228255 946181 125471 510757 851913 699070 669729 820674 275833 587818 441462 137214 614575 388486 466031 382853 950507 918740
 374792 933712 226249 543043 341799 378173 496311 314051 835330 678337 702949 402247 602772 938703 165203 680529 174053 525915 372568 634936 772719 385894 708586 665928 839961 279248 903194 530736 860713 1007441 604556 226588 157873 781061 596510 264268 493738 925746 757875 309132 360923 298903 1 839777 219258 917262 465033 214396 606169 573631 480796 406188 533350 418721 503841 649743 154110 650386 905988 936338 129980 367193 401493 761170 423380 213685 927455 815808 809633 782485 439298 304914 145720 292509 339240 91760 575957 633970 791709 839482
 545579 431182 751295 456907 693622 554772 931136 940639 172136 653681 139202 486503 280666 697095 855348 179683 726935 1059385 480907 233051 559532 454592 407798 741212 248269 978996 239655 995350 76169 754477 544478 937657 782341 151574 645686 863330 737881 784591 331233 754484 753499 992328 839777 1 687051 460161 395118 829076 314704 293852 413895 692749 366280 806334 394654 190240 692579 1146029 263967 227562 867457 497122 852365 131951 1060377 820733 696048 769070 825200 365133 833636 914077 761423 867093 601611 832025 729710 1031618 50369 241511
 362558 874351 75584 511455 418032 164565 645989 273866 650893 712253 547978 207868 422116 948720 168598 513299 268042 706855 208123 517978 767777 269698 663156 728822 744371 484061 799516 693356 722955 1021047 608173 251305 299097 662143 636217 193258 577218 961343 688257 138365 465412 503624 219258 687051 1 867690 371423 146924 521072 465961 288327 479090 454628 537999 311295 504823 101898 830320 807954 747327 185981 189937 540875 588441 622881 138772 939006 864956 875503 721302 565738 249828 83896 456516 121312 162813 646766 787870 636887 742235
 542493 42987 943247 374223 619407 809220 745290 1140544 629086 360152 490120 734292 619661 255706 1009515 545747 750439 880541 685141 398371 210059 601465 209116 450199 212556 920836 233336 800350 388977 301146 340399 1097832 790612 324680 411246 1060460 554560 360331 187138 985506 649362 925903 917262 460161 867690 1 498354 1010044 353673 423551 699533 576056 413950 660544 692835 472963 816769 923324 208370 684022 1002442 712442 714450 560081 939492 1002503 258657 393449 459667 148689 674686 1117232 911377 789311 840953 955398 495533 788983 472577 219224
 158568 503250 446639 177935 311571 320679 570209 645262 447717 424333 272822 250707 256875 612869 523162 277094 333758 687591 191204 171926 428704 103111 299615 479836 379690 584194 440206 633703 402258 685347 298440 611494 388439 316478 371234 564680 400730 650675 316888 487329 375749 597893 465033 395118 371423 498354 1 516449 150031 109141 246547 328120 84593 439547 252128 211783 335266 787945 445088 550216 522970 219263 478226 355922 672148 508605 605006 578341 610611 350736 469707 621199 423699 476037 346378 479507 427896 690950 352616 378453
 489332 1018199 77905 647293 513236 284060 704862 131516 780739 831131 690526 343750 557729 1077501 59172 652771 344576 740285 353807 664888 899652 415734 803657 836412 891113 491105 946440 742825 867685 1149115 735847 111072 353831 808828 751961 56451 673292 1081688 832729 119528 548422 510541 214396 829076 146924 1010044 516449 1 666425 612692 421424 577822 598694 614671 443432 649646 202370 864777 954816 873072 99577 333675 605456 724926 635817 8346 1067263 979496 983170 864799 638720 110886 106479 502808 235106 122759 749834 844548 778744 889030
 253497 355283 596077 142791 389189 455820 616795 794934 421524 367387 235239 381330 303998 500754 672797 269914 459619 746327 331692 93948 323129 251608 170980 444927 233793 688902 297881 680938 296344 571138 244660 761216 510642 194536 341632 714282 423358 557433 168554 633421 445131 700007 606169 314704 521072 353673 150031 666425 1 76209 353528 380711 72861 493500 350555 183294 483500 831330 299826 514281 671496 358850 541187 328268 755693 658559 494776 507196 552457 204989 520060 770684 573366 568148 487357 627140 420450 717816 285799 233384
 251771 421358 539688 191658 400439 386741 645998 738730 372595 432656 186955 311284 230540 576877 624194 209749 441563 770444 267435 63489 398412 198198 247156 504426 278422 686791 335382 710257 294504 647338 306557 711899 495605 207483 397842 658014 461053 631858 236499 570736 461499 699616 573631 293852 465961 423551 109141 612692 76209 1 278508 404236 78200 518095 274752 127487 440161 863165 342410 470859 626695 293438 561862 278258 766696 604618 570811 577277 619602 275465 546656 713778 524992 573282 421181 584583 470063 756463 255605 276380
 362050 693530 343736 424095 497643 141051 763891 527479 362567 670761 279338 80735 136518 849824 455135 234586 432343 862372 119822 303632 667480 184787 523651 722856 529557 695615 571070 823521 462096 921402 544967 532014 485300 426063 614927 451400 622976 894761 512668 340603 561978 713269 480796 413895 288327 699533 246547 421424 353528 278508 1 535648 316537 635005 23227 252624 327011 975597 585460 459771 474268 115304 661288 303643 814351 413169 842885 824871 856534 552723 666188 500838 370057 620732 188735 447249 663647 897040 363740 525579
 175919 603867 541432 246990 65159 539259 242779 701986 772306 276736 590076 498792 582073 541979 549639 602966 236905 366748 429576 460695 393787 351099 387565 260730 577550 344782 646110 306771 676684 607777 235837 627045 251105 572685 195322 634257 98229 520308 465433 617114 73579 350194 406188 692749 479090 576056 328120 577822 380711 404236 535648 1 327657 113890 549607 529149 383857 460607 638635 873077 525401 450600 160575 678806 380900 572972 530173 409627 406420 472710 142664 686230 472595 213295 536172 477534 172271 364655 658497 580061
 184955 419739 530048 118228 327922 403071 568667 728231 450760 365401 265082 331195 295769 534393 602866 286610 387686 694320 274713 133359 351221 187616 215706 431998 306625 621950 370632 632958 358140 606445 237989 691387 439386 261149 324202 647801 382853 578833 234070 571902 387220 633773 533350 366280 454628 413950 84593 598694 72861 78200 316537 327657 1 441535 318010 205632 412418 785551 372670 548984 600395 302633 486425 356433 695137 590956 527088 514910 553094 266739 469704 704445 503588 504185 430382 555561 393443 678270 330857 306244
 283533 692011 591315 356849 137420 622292 131037 729878 885356 325644 703744 590504 690803 587254 577223 715594 273120 253052 523251 574509 463768 452638 485471 275713 682787 277449 751045 194162 788859 646500 323854 645307 262909 684156 253855 670028 109564 544645 567718 672307 75169 277214 418721 806334 537999 660544 439547 614671 493500 518095 635005 113890 441535 1 650606 642727 437185 348441 741976 986467 546833 541512 53949 792077 280032 611124 574929 427383 406177 570671 31189 717645 514679 154319 612351 502152 189246 262728 772358 685723
 374958 685483 365865 428432 513426 161606 780024 547984 339624 676251 261742 103896 115460 849229 477814 215015 452900 880300 140508 295262 667804 198585 521351 730818 518439 716721 557937 840135 444797 920437 549778 554164 506256 412798 622520 472483 635418 896841 506481 360411 578107 734252 503841 394654 311295 692835 252128 443432 350555 274752 23227 549607 318010 650606 1 238726 349984 992650 573026 436592 497262 137787 678076 282148 834269 435200 842575 829517 862735 546974 681794 521311 393180 640005 209862 470439 673741 912137 344691 514250
 368472 459370 572607 317208 520519 387480 771621 766978 245129 550681 61385 313936 147383 664450 671816 86804 538827 894065 296790 91292 496122 264354 336931 627077 283059 794781 319287 835782 218138 731562 427265 756125 594581 174165 522047 687833 588439 731680 294624 585581 583316 808893 649743 190240 504823 472963 211783 649646 183294 127487 252624 529149 205632 642727 238726 1 503668 989157 334921 344151 681583 315992 684846 150814 883644 641316 660063 688730 735417 336174 671803 740785 575957 687795 431006 644562 596615 883755 143636 278357
 287443 827879 157576 448479 321082 234039 544093 333132 681636 629477 554413 249284 449041 875265 192865 529022 166185 606781 219066 498561 698158 244211 608509 638640 714954 392634 774915 591670 718426 946801 533651 281066 198772 645370 550969 257854 481382 879925 645042 235505 365401 411850 154110 692579 101898 816769 335266 202370 483500 440161 327011 383857 412418 437185 349984 503668 1 729782 780315 782371 188009 213089 439041 608935 527662 196119 864979 779188 785615 674412 464533 313255 96908 355789 202777 144437 554093 685975 643695 713698
 631699 961708 865852 689689 481728 944263 217850 953327 1232847 563546 1049789 923635 1038575 766080 813752 1063557 568326 124626 859678 917053 713267 796792 788381 473642 995407 381995 1061295 154309 1121578 801453 623483 856286 531247 1015178 526963 913652 409095 680316 876402 950612 416295 364355 650386 1146029 830320 923324 787945 864777 831330 863165 975597 460607 785551 348441 992650 989157 729782 1 1048058 1333283 775190 874734 314750 1139208 244607 863895 754292 575018 518488 869298 318277 949166 782960 373996 925510 742107 436987 135995 1114929 999417
 546432 172900 881086 396011 664234 714201 848872 1079806 436071 497514 329929 638560 478176 461231 966399 387526 756819 984794 605445 291537 365815 540501 260172 591806 66069 971449 25352 909808 188719 509497 425989 1054237 805966 161239 521179 999207 648515 561012 174349 906966 710353 980426 905988 263967 807954 208370 445088 954816 299826 342410 585460 638635 372670 741976 573026 334921 780315 1048058 1 480671 967805 629651 794560 380287 1019078 946704 462837 573888 637350 179341 763004 1054526 867081 844429 753930 924595 611224 919677 287270 66671
 708758 652411 797033 655585 861703 589524 1115684 963871 103810 871496 283907 540487 333947 924437 911946 273914 857589 1236989 564028 421897 785366 575004 630762 955538 474096 1121056 455400 1179806 295081 980936 755838 984075 913583 377913 855109 894625 931624 1012004 557679 775568 925471 1136629 936338 227562 747327 684022 550216 873072 514281 470859 459771 873077 548984 986467 436592 344151 782371 1333283 480671 1 933236 569779 1027576 194527 1220053 865075 923517 993402 1047776 592448 1015740 937429 829700 1022780 638311 907016 934649 1227147 234259 467319
 465432 1014701 148157 631133 460274 346991 626217 184095 836831 791171 728288 393707 607395 1046325 40958 696572 288570 651247 386592 683765 874098 429152 793599 786131 902601 397221 961932 659637 898773 1116565 706920 101869 284164 830261 710071 139619 616712 1040833 832669 214971 486090 416364 129980 867457 185981 1002442 522970 99577 671496 626695 474268 525401 600395 546833 497262 681583 188009 775190 967805 933236 1 372136 531236 773068 541831 102472 1035498 933784 931422 861413 568302 175435 106108 422326 299955 48798 697131 763419 817652 901241
 286644 713389 256658 389358 404829 102519 667358 452542 469873 623777 358043 49077 237677 830175 358289 324440 320763 758530 28105 338137 645844 122584 518337 663288 568182 582066 619140 724800 534012 902846 503836 440898 372380 478279 558722 372698 543711 861538 527015 277777 466867 599994 367193 497122 189937 712442 219263 333675 358850 293438 115304 450600 302633 541512 137787 315992 213089 874734 629651 569779 372136 1 562639 401457 703887 325341 821902 779955 803885 563795 572435 426690 266144 512768 128513 340447 594783 804166 446979 565365
 320112 745960 588830 406843 167922 637693 106238 715278 925663 377116 746116 611697 725155 636534 564064 755246 272857 209431 546387 619758 516983 482064 538793 321788 734861 230406 803234 162352 837248 694182 377699 627054 251742 733218 306996 659702 162140 589437 620428 671668 102696 228255 401493 852365 540875 714450 478226 605456 541187 561862 661288 160575 486425 53949 678076 684846 439041 314750 794560 1027576 531236 562639 1 833050 226218 602583 624158 471546 445497 624054 47917 704804 509418 117680 623775 488751 238445 247528 817075 737672
 514394 536801 647134 466539 667282 443645 921506 829608 94349 693157 93089 381731 167199 779243 756705 82253 669596 1042463 390460 234367 623233 387342 464038 773067 349665 931099 357872 985573 202865 842012 572716 835290 725719 235416 669689 754599 739252 856597 403521 641253 730964 946181 761170 131951 588441 560081 355922 724926 328268 278258 303643 678806 356433 792077 282148 150814 608935 1139208 380287 194527 773068 401457 833050 1 1026857 716652 776462 824552 874839 442816 821450 802912 667333 829862 492010 741818 746205 1034552 93717 343335
 515722 971664 647096 627336 367255 756671 215367 715174 1116566 594168 944866 750766 901061 843670 581703 946175 383206 134411 694606 827577 738866 651615 764662 525802 958401 144746 1026940 192960 1051677 895163 603885 617019 334051 949796 529590 681410 385078 782241 845317 731266 311359 125471 423380 1060377 622881 939492 672148 635817 755693 766696 814351 380900 695137 280032 834269 883644 527662 244607 1019078 1220053 541831 703887 226218 1026857 1 635917 831245 665199 625661 849972 264936 712932 564283 197505 730014 513558 452841 289027 1021692 960950
 482754 1010515 69589 640213 508499 275960 702437 138602 772618 825240 682180 335438 549455 1071014 62914 644448 340410 739350 345513 656707 892916 407763 796257 831229 883039 491268 938280 740977 859351 1142688 729353 119173 350865 800588 746234 61865 668691 1075773 824971 114289 544424 510757 213685 820733 138772 1002503 508605 8346 658559 604618 413169 572972 590956 611124 435200 641316 196119 863895 946704 865075 102472 325341 602583 716652 635917 1 1060810 973932 978040 857141 635414 117323 100881 500781 227013 122412 744877 842375 770401 880941
 578253 300309 1012440 433584 590277 924299 618251 1198052 856425 253953 693750 855702 796331 12431 1052344 743353 753447 742245 793874 571686 176302 699942 325300 305569 451442 852334 486855 660235 631119 82042 331513 1136659 778333 548204 334853 1122233 467186 104028 372942 1071378 593936 851913 927455 696048 939006 258657 605006 1067263 494776 570811 842885 530173 527088 574929 842575 660063 864979 754292 462837 923517 1035498 821902 624158 776462 831245 1060810 1 179610 241160 334157 577359 1178106 961656 725559 945043 986702 385884 618982 698300 458154
 505732 436224 934185 401086 474290 881215 450038 1106962 913021 156201 734262 820556 807452 191214 956056 775473 645408 568283 753074 597481 211677 658513 362790 152683 544155 701941 594856 486909 714980 231326 279905 1035619 659942 617570 228754 1035767 327707 118089 439003 1002246 461864 699070 815808 769070 864956 393449 578341 979496 507196 577277 824871 409627 514910 427383 829517 688730 779188 575018 573888 993402 933784 779955 471546 824552 665199 973932 179610 1 66508 409997 423659 1089613 873077 581613 893185 885495 242944 440052 759861 550262
 522744 502375 942339 436308 471553 903680 410658 1108314 964774 187696 783440 846460 848194 252139 956058 822193 643201 521186 777741 644594 272695 684289 417486 146975 605336 674295 657829 441269 773506 282988 315149 1032847 652136 674117 245251 1039615 316018 162323 497188 1013661 450127 669729 809633 825200 875503 459667 610611 983170 552457 619602 856534 406420 553094 406177 862735 735417 785615 518488 637350 1047776 931422 803885 445497 874839 625661 978040 241160 66508 1 470235 397851 1092223 877282 559796 912281 883777 234305 385196 813661 611303
 409244 153565 796759 243963 506176 660581 672681 994740 522375 319399 362796 585750 480188 336557 866574 415167 620748 808949 536542 255064 198322 453776 85335 413468 135805 813368 195019 732759 305986 399604 249496 955079 664920 214974 342340 914402 473159 419572 41590 837406 545876 820674 782485 365133 721302 148689 350736 864799 204989 275465 552723 472710 266739 570671 546974 336174 674412 869298 179341 592448 861413 563795 624054 442816 849972 857141 334157 409997 470235 1 589898 971087 767806 683549 692308 815126 432323 740421 364403 141500
 314236 707306 617592 381844 168583 652607 100509 751919 914893 332136 732700 621446 721564 589753 599729 745364 299459 226453 554310 602363 474410 483807 505004 274209 704762 278282 772779 164189 814674 646791 341397 665707 285489 709512 264767 693712 120155 541576 588656 699193 105703 275833 439298 833636 565738 674686 469707 638720 520060 546656 666188 142664 469704 31189 681794 671803 464533 318277 763004 1015740 568302 572435 47917 821450 264936 635414 577359 423659 397851 589898 1 740392 539995 163271 642025 524474 192208 231736 800335 707890
