NAME : domp80p26v4
COMMENT : Cherkesly, Contardo & Gruson 2022
TYPE : DOMP
DIMENSION : 80
DISPLAY_DATA_TYPE : NO_DISPLAY
OPEN_FACILITIES : 26
COST_SECTION
 1 260156 596063 819639 776292 193656 367274 194751 135521 482069 367717 489207 822769 380921 279853 684619 213076 206612 812521 474571 395712 648022 129834 436447 648736 241023 676738 691676 260839 544596 793184 276412 153951 159194 458280 307763 419216 668199 478652 424747 182546 415330 563138 157183 437839 308126 307609 815890 542478 482601 264916 563310 34780 687922 344417 779030 25410 430071 482275 869612 324710 99821 629332 165891 102887 633118 539825 176639 728535 424418 559430 355530 304224 739344 130060 327151 312723 351993 829335 238333
 260156 1 624091 835736 934314 348817 308536 441866 233812 734415 508402 668252 958309 168140 412605 606328 299748 449789 774030 725751 607657 661718 316415 648225 597114 33582 681529 824859 375828 795404 785480 141847 106628 308884 636921 565643 676217 539532 669528 467596 293660 593121 575805 386834 365611 567934 543842 995160 466854 273549 474146 564005 226530 722226 296384 875016 283366 668125 324482 980268 580127 292024 569142 380475 157703 747554 536597 435645 775847 390729 732173 560667 554474 765168 165774 150000 333923 485181 926380 481812
 596063 624091 1 223729 460614 412860 321801 554751 471234 904502 295367 379813 428956 787149 335508 260183 384740 740012 257702 676402 463393 57573 725070 472692 189386 643416 91043 326181 340318 715074 205898 753077 606492 438899 372383 650977 825726 373076 414229 171794 413819 365926 54323 511013 288355 717930 530745 561145 246994 530971 450962 77926 601644 98197 329397 291630 609660 577201 424103 403946 635284 695817 205715 745678 586488 238493 100964 663193 153383 240758 382271 437359 785367 144963 524793 501085 300155 291512 337407 546392
 819639 835736 223729 1 490036 634497 527661 767276 694722 1101141 499748 534678 417665 993951 554276 324938 608455 957640 173713 847912 643332 175704 948432 642224 280030 857550 154322 379301 562380 874561 83547 969177 826522 661989 538201 851181 1023305 463046 571758 395504 637512 545751 263128 728511 479179 922237 727899 596462 401453 701075 657991 271976 825357 135511 539474 260181 832880 751271 591567 342448 832142 919343 311344 967452 808844 326453 299274 879224 122274 445147 510021 627605 995726 81998 746721 702649 521412 501335 276443 753826
 776292 934314 460614 490036 1 599049 700154 619992 710612 819072 426701 289062 97757 1100343 523486 717063 634815 807151 645067 522413 405972 486011 875122 373973 647424 939645 507040 134681 558888 512756 553275 1026074 869419 640844 318948 622574 754446 833490 307730 511601 644879 361095 505702 625204 701504 698009 519056 106783 697041 943235 516305 532441 800799 426829 694366 231583 774500 456682 848158 201565 594011 856609 666091 859287 826613 224776 546978 729869 386945 640920 218288 431487 790586 449683 781895 860696 620475 449344 234166 582591
 193656 348817 412860 634497 599049 1 263418 172650 115411 544017 177497 321719 637155 508161 86199 544419 78281 331516 646271 419453 262812 467548 317384 302339 496289 347725 498283 504347 72697 484434 615652 427265 271539 41876 290142 303323 467713 561550 320918 246281 61024 246001 386689 111122 324041 348177 225811 650954 413594 466018 136201 391684 209810 500625 241173 585873 202023 341534 421723 678504 302614 290282 482861 332987 227570 441248 371548 259953 538039 287889 388336 214560 393517 553121 186342 327277 170733 159615 636407 189730
 367274 308536 321801 527661 700154 263418 1 434436 233713 803057 316846 486131 701947 467061 254495 321530 187793 561756 471905 672960 485542 354851 490784 517780 297060 331998 373349 574383 221251 733682 477330 445100 315510 255803 459842 566705 728324 304968 503291 190151 216628 424060 270728 369881 70733 608141 481880 780913 177324 245607 386196 256702 356643 418834 23471 593952 389342 585489 168372 704428 565637 459242 272495 533151 314099 487255 229229 504000 475152 82612 532681 438804 642005 458989 253207 179397 103015 293058 643982 453017
 194751 441866 554751 767276 619992 172650 434436 1 234579 371628 269120 332445 680616 574873 223753 713343 246716 197947 801743 283898 217881 611862 259646 256068 661615 428226 644477 557535 234440 353640 760645 471038 340494 181068 304904 135351 295068 734193 312588 401707 219714 268168 538263 65821 496537 175771 115457 644564 585511 618017 114844 547651 228651 631799 411676 668288 180576 235588 586932 743554 142080 246522 650539 239375 287297 518033 530658 116879 658821 459879 402545 188730 230901 685365 282833 468127 343328 265944 715120 44199
 135521 233812 471234 694722 710612 115411 233713 234579 1 584210 284709 436733 743683 393010 187949 549187 88380 329175 678867 510639 374648 520767 263626 414956 513518 232381 548084 610044 156285 578609 663408 316306 159018 75082 405204 369123 513546 537348 436313 299621 67052 361129 434436 170589 303806 394500 320489 765498 407454 384252 242509 432500 132337 566034 210510 679790 156222 442733 363415 777939 376438 232519 493847 300568 121621 540700 408078 277413 610830 288923 502546 327226 414957 615923 71485 233580 179003 263567 731064 267238
 482069 734415 904502 1101141 819072 544017 803057 371628 584210 1 609136 585868 905286 814537 589573 1083354 615691 285663 1159243 297259 462483 962021 430342 474149 1029146 709341 995543 811696 604958 323971 1107960 698166 628834 547269 572667 253946 78887 1105147 550920 765838 586459 557101 896488 433961 867093 195869 374372 794634 957124 962003 456355 909102 512127 968646 779895 947438 456901 370171 947312 992930 269642 447579 1019843 364755 582660 805929 894711 308820 983622 831506 638177 473558 179970 1021300 608633 806734 714743 614486 985606 364769
 367717 508402 295367 499748 426701 177497 316846 269120 284709 609136 1 171262 460060 673764 96898 498912 208661 464225 551032 396315 185869 352892 484334 209716 435992 512979 386408 326962 132577 445790 499501 600948 443726 218168 143424 355706 530364 559127 186445 177412 218409 107766 290709 239642 348675 423930 235699 488239 400370 558670 158250 306675 386618 364661 302904 412924 372211 298672 483967 501950 340028 459923 433828 487818 403185 265528 297231 383941 389717 291339 226949 148782 496017 418153 355659 449073 218082 24745 462596 254127
 489207 668252 379813 534678 289062 321719 486131 332445 436733 585868 171262 1 349084 829740 258559 623432 371754 524246 631655 314065 128567 431392 586079 111991 554714 669048 463731 232809 297333 341056 560377 747131 592854 363320 31612 355788 512035 704581 37110 325024 374595 75792 397794 336394 511721 432528 239615 329655 548012 729441 227294 420537 515203 412788 473274 362170 486270 220147 651563 419686 330006 567635 560256 571735 546767 221017 420468 445086 412779 451830 70783 143846 521171 460880 507984 619220 389058 195939 402658 297236
 822769 958309 428956 417665 97757 637155 701947 680616 743683 905286 460060 349084 1 1126077 556005 674883 662442 873310 581749 610425 474224 443615 929413 446744 607647 966903 459490 133793 588156 605362 488048 1059821 902382 678167 375718 697646 838130 799335 374490 511904 676775 413918 479161 677767 693426 774058 587300 190069 674074 939047 571305 505269 844499 376658 699387 158993 823688 538178 838580 104292 669943 908632 629754 919308 863148 214897 523734 794120 328015 634953 281191 492669 865316 389577 813794 871236 632710 480213 146625 646292
 380921 168140 787149 993951 1100343 508161 467061 574873 393010 814537 673764 829740 1126077 1 577263 742638 465610 532283 919292 855263 759917 821909 384773 800948 743064 160970 839698 992520 541459 925265 939095 116372 240231 466866 798203 685481 767695 655819 828483 634416 456573 754107 737352 528274 516746 672324 684747 1158333 610637 359251 625292 723744 346480 884939 457788 1042749 398823 808715 443132 1148328 704421 371485 713365 449879 291452 915659 696274 541269 939837 549631 895275 714553 638120 926033 321820 292232 501398 651007 1094064 617703
 279853 412605 335508 554276 523486 86199 254495 223753 187949 589573 96898 258559 556005 577263 1 494467 113563 404513 578311 421252 232095 391707 402624 266489 439652 416380 423605 422520 39099 480069 540627 504250 346942 124144 228045 338306 511219 530949 265729 177979 121512 185870 315222 175568 301692 395667 235218 582720 375370 484811 139574 323940 295380 419412 236126 499947 287706 331396 422241 593805 330225 376041 430523 414630 307271 356308 307028 328028 454312 253201 320000 184636 454122 472462 258778 363008 151532 75817 550608 224856
 684619 606328 260183 324938 717063 544419 321530 713343 549187 1083354 498912 623432 674883 742638 494467 1 483642 868978 187492 895227 683529 231863 810754 701742 70886 635128 216297 583726 478918 943052 244787 748036 633592 552392 609886 832760 1005308 138108 654610 323719 515918 592869 227357 655316 251759 888313 724541 819556 144417 406660 631997 203196 676755 299252 342884 523239 705183 797332 303561 629575 823780 779259 65099 849580 635508 497948 204198 802881 354064 261490 636464 647526 937888 300609 574719 457565 378772 484885 559664 719093
 213076 299748 384740 608455 634815 78281 187793 246716 88380 615691 208661 371754 662442 465610 113563 483642 1 385339 600839 497168 331349 435578 342891 369156 441371 305206 463870 528653 76084 561515 580148 398653 241668 69618 340962 379783 540617 489940 377088 212951 32400 298101 350201 182112 251747 420482 303611 696123 347211 389244 211790 350298 216905 478636 164962 592969 229342 417081 343550 692678 380244 312758 424658 371513 209196 456112 327106 321016 522691 222727 433535 282633 458064 529031 153126 255488 104894 185501 644347 267203
 206612 449789 740012 957640 807151 331516 561756 197947 329175 285663 464225 524246 873310 532283 404513 868978 385339 1 977783 376520 401218 796027 148017 434289 825264 423983 827604 753198 403462 440865 944832 416268 345218 316997 498599 205369 235570 866284 500270 577273 353069 464260 717334 229223 630848 156121 288139 820294 731229 688606 312773 723112 232509 822276 538342 866181 181366 377001 687548 939855 233986 162248 809678 86376 301851 715936 703036 81069 852692 607833 592761 381120 106326 875661 336654 533351 490224 458270 912810 227368
 812521 774030 257702 173713 645067 646271 471905 801743 678867 1159243 551032 631655 581749 919292 578311 187492 600839 977783 1 933615 720941 201851 942025 729013 176957 800488 168581 522555 574526 970463 94090 914117 786805 664452 627198 905316 1080363 318119 667304 401261 632732 623187 263678 752076 408827 969908 786723 751738 308764 592714 703498 254901 810871 227623 489626 422762 830014 834491 487270 513721 890868 911177 205951 972150 780145 452232 274974 904512 258188 396219 623595 694870 1032408 195505 717503 629081 500007 544759 445950 797692
 474571 725751 676402 847912 522413 419453 672960 283898 510639 297259 396315 314065 610425 855263 421252 895227 497168 376520 933615 1 213637 731774 503698 206187 831792 711833 765175 525206 451860 70027 868797 747337 623978 444840 310160 176067 238286 949021 277009 572742 478565 310483 682167 341728 722942 224752 193644 498826 791128 885212 287188 700524 509229 722628 652764 665683 456597 99240 837836 701332 152429 502122 830142 456700 570786 533155 692954 327628 726391 672917 354064 247888 312444 772445 565248 741935 571155 411258 699869 244877
 395712 607657 463393 643332 405972 262812 485542 217881 374648 462483 185869 128567 474224 759917 232095 683529 331349 401218 720941 213637 1 519248 477234 41108 619098 602564 552777 361316 268783 259971 658731 666721 519690 299921 110656 227248 386926 744301 99740 363278 323098 98422 468570 238534 527008 303970 113367 426710 585595 715921 134632 487189 425768 514277 467919 489217 387915 114529 653766 548014 201798 462454 618545 455359 469295 344294 480359 324122 523658 472636 193060 48717 392843 565492 442128 586796 382624 203697 530779 177809
 648022 661718 57573 175704 486011 467548 354851 611862 520767 962021 352892 431392 443615 821909 391707 231863 435578 796027 201851 731774 519248 1 777468 527230 164052 682802 33670 353711 394866 768979 148960 793995 650821 492110 425779 708532 883256 357027 466565 223404 465485 421376 87434 567274 312056 775480 588170 589572 251457 546828 508503 98191 652157 74409 365360 295333 662427 632667 437866 405125 692747 747843 187438 799854 633630 271091 125648 719655 134678 272284 428606 494214 842581 104383 571353 532242 346009 349048 336044 603887
 129834 316415 725070 948432 875122 317384 490784 259646 263626 430342 484334 586079 929413 384773 402624 810754 342891 148017 942025 503698 477234 777468 1 515711 777027 287392 806388 801220 387438 571547 922937 268549 218922 286585 556645 327632 383554 786460 569672 554092 312157 516109 692840 251661 561505 296523 372854 903901 667531 573702 359117 693144 134147 816013 468533 897252 115751 483616 590418 983218 352538 31543 756833 65992 188264 749091 669630 176121 855153 552007 656839 444602 253392 867806 240772 422387 442048 471238 946761 301916
 436447 648225 472692 642224 373973 302339 517780 256068 414956 474149 209716 111991 446744 800948 266489 701742 369156 434289 729013 206187 41108 527230 515711 1 635746 643428 560437 340119 304156 242913 662765 707804 560729 340077 104069 250923 400963 768469 76860 385596 362216 108967 482369 279310 556191 327451 146667 389070 609757 751260 175694 502451 466693 516446 500965 473372 428257 109221 686151 525189 223490 501698 637074 491679 510390 332926 497682 358879 521074 500258 167674 87831 418607 566320 482812 624606 415278 230017 512550 214668
 648736 597114 189386 280030 647424 496289 297060 661615 513518 1029146 435992 554714 607647 743064 439652 70886 441371 825264 176957 831792 619098 164052 777027 635746 1 623762 152771 513734 427858 877872 207004 737386 612565 508433 542113 776856 950666 194406 586494 264318 473755 526779 157412 606102 232253 835210 665476 749421 132549 425793 574775 134234 644071 234472 315950 458336 667879 733346 317487 566567 766388 745770 31784 811724 608778 427431 138841 756164 291686 225485 566181 584760 889106 242828 546609 452288 337234 423512 496895 664378
 241023 33582 643416 857550 939645 347725 331998 428226 232381 709341 512979 669048 966903 160970 416380 635128 305206 423983 800488 711833 602564 682802 287392 643428 623762 1 703625 833193 380847 781722 809316 113630 87912 306712 637542 548459 652969 571274 668461 483445 295604 593492 596283 376128 391669 546947 533494 997425 494484 307119 468236 585578 206588 741612 318300 888324 263034 657933 356708 992195 564257 264286 596314 352198 141060 757888 558285 414270 794177 413437 734351 556387 529400 785674 161598 180917 349053 490379 939781 469366
 676738 681529 91043 154322 507040 498283 373349 644477 548084 995543 386408 463731 459490 839698 423605 216297 463870 827604 168581 765175 552777 33670 806388 560437 152771 703625 1 376491 425591 801950 117372 815570 674703 521819 458695 741994 916764 347157 499126 252948 494235 454835 113712 599123 325840 808714 621764 611716 255544 554271 541729 118518 679918 83027 385396 306947 691673 666100 444760 414058 726318 776526 179798 830014 659276 296796 145503 751631 138918 290863 459056 527881 875284 94230 596743 548631 371687 382277 344287 637006
 691676 824859 326181 379301 134681 504347 574383 557535 610044 811696 326962 232809 133793 992520 422520 583726 528653 753198 522555 525206 361316 353711 801220 340119 513734 833193 376491 1 454399 533497 433601 926106 768666 545127 255308 588391 740274 698888 263854 384405 543098 289371 371034 549786 571148 665168 471920 235927 562833 814930 445550 397770 712530 298656 570428 143801 693567 441578 717518 187142 562185 779441 531811 794405 729764 90685 412550 672929 265952 511252 173544 372551 753961 327754 680053 740594 501124 346704 174684 525932
 260839 375828 340318 562380 558888 72697 221251 234440 156285 604958 132577 297333 588156 541459 39099 478918 76084 403462 574526 451860 268783 394866 387438 304156 427858 380847 425591 454399 1 512492 542961 471755 314328 101675 266962 357268 527352 506448 304827 173857 89271 224943 314154 178605 273032 409538 262115 620256 353567 447239 165899 319712 272552 428962 201695 524905 271696 364590 387752 621827 351977 359382 416146 405374 277448 384478 300253 330292 467898 228940 357920 220721 461381 481195 225668 323941 119417 109549 575999 242467
 544596 795404 715074 874561 512756 484434 733682 353640 578609 323971 445790 341056 605362 925265 480069 943052 561515 440865 970463 70027 259971 768979 571547 242913 877872 781722 801950 533497 512492 1 901269 817146 693888 511497 343265 244310 277757 1003205 304395 623197 544260 351537 725206 410574 781052 286308 259392 475308 844682 950441 350100 745002 579256 753806 714104 676593 526560 149101 899877 701217 221850 570872 878152 522747 640690 552916 739407 395762 752341 729121 369016 300307 369195 801822 634344 808870 631170 462866 706717 314027
 793184 785480 205898 83547 553275 615652 477330 760645 663408 1107960 499501 560377 488048 939095 540627 244787 580148 944832 94090 868797 658731 148960 922937 662765 207004 809316 117372 433601 542961 901269 1 922250 785483 638925 559276 855076 1029359 382579 596884 370138 610815 560311 230185 716188 422362 923080 733631 660048 335155 632471 656268 231101 795540 147879 491730 329064 808481 770381 523674 419850 838360 892906 238785 947250 772532 368280 256528 868604 167701 396285 545548 637210 991256 106246 709790 646865 485733 496951 351899 751902
 276412 141847 753077 969177 1026074 427265 445100 471038 316306 698166 600948 747131 1059821 116372 504250 748036 398653 416268 914117 747337 666721 793995 268549 707804 737386 113630 815570 926106 471755 817146 922250 1 157441 385399 715543 575178 651792 679894 742110 589779 383073 671417 707086 430119 505297 558339 583815 1076777 607925 402227 532756 697266 243300 851173 430716 989685 291523 706477 464241 1091058 595468 256286 709877 333529 200365 854757 670091 428437 902529 526076 815037 623426 521938 896258 246098 291704 455480 579851 1041167 514735
 153951 106628 606492 826522 869419 271539 315510 340494 159018 628834 443726 592854 902382 240231 346942 633592 241668 345218 786805 623978 519690 650821 218922 560729 612565 87912 674703 768666 314328 693888 785483 157441 1 229720 561245 460814 569775 588045 589816 439134 225657 517064 563395 289628 382641 461367 446862 922356 489546 355301 385063 556297 120005 703940 297180 833959 176817 571245 381391 934340 476382 191672 587711 280244 53204 697707 529773 329023 753089 391373 659871 474474 449041 751019 88722 207103 306417 422470 885403 381921
 159194 308884 438899 661989 640844 41876 255803 181068 75082 547269 218168 363320 678167 466866 124144 552392 69618 316997 664452 444840 299921 492110 286585 340077 508433 306712 521819 545127 101675 511497 638925 385399 229720 1 331724 315869 472868 559153 361753 268884 39195 287557 408863 115406 321018 352632 252142 692685 416747 441563 169034 411456 171755 529437 232627 623728 170914 372033 405898 717907 318903 258062 492701 308568 185831 480435 389628 251447 569381 291987 430155 252292 388451 581242 145138 297389 173777 199248 674518 206411
 458280 636921 372383 538201 318948 290142 459842 304904 405204 572667 143424 31612 375718 798203 228045 609886 340962 498599 627198 310160 110656 425779 556645 104069 542113 637542 458695 255308 266962 343265 559276 715543 561245 331724 1 336513 497477 686309 45694 304466 343283 44181 386286 306260 488027 412919 217157 361255 528783 702089 197550 407948 483999 412615 446277 379097 455738 213083 626222 442428 311910 537710 546021 543810 515178 233647 405984 418826 417207 428814 101163 117493 499905 462289 476428 589634 361491 167846 421613 271240
 307763 565643 650977 851181 622574 303323 566705 135351 369123 253946 355706 355788 697646 685481 338306 832760 379783 205369 905316 176067 227248 708532 327632 250923 776856 548459 741994 588391 357268 244310 855076 575178 460814 315869 336513 1 175060 862818 325122 512909 354100 313322 642564 201082 626546 76787 123763 624352 710828 753084 202659 655399 342485 717520 544311 715580 287437 174610 721697 774765 29547 326594 768695 281956 408223 568709 641469 151583 735695 586039 417989 226741 168042 770566 412840 602320 472091 360559 757849 114878
 419216 676217 825726 1023305 754446 467713 728324 295068 513546 78887 530364 512035 838130 767695 511219 1005308 540617 235570 1080363 238286 386926 883256 383554 400963 950666 652969 916764 740274 527352 277757 1029359 651792 569775 472868 497477 175060 1 1029232 477815 687177 512041 480278 817606 358527 791434 120238 295929 736689 880118 894541 377506 830270 450941 890483 705304 874151 394583 300271 875510 923266 191284 396657 941647 320200 521437 731080 815988 242965 906275 754621 566821 395948 131372 943247 542599 739883 638390 535605 913433 286363
 668199 539532 373076 463046 833490 561550 304968 734193 537348 1105147 559127 704581 799335 655819 530949 138108 489940 866284 318119 949021 744301 357027 786460 768469 194406 571274 347157 698888 506448 1003205 382579 679894 588045 559153 686309 862818 1029232 1 731975 383243 520225 662099 328980 671191 238195 909483 766163 932744 158758 301265 670275 302306 653630 428706 328439 652205 691319 854509 215806 760913 858413 755143 169718 833609 601293 609976 292140 808814 486074 277903 728541 702982 946719 435757 545691 390574 391069 540629 691280 747979
 478652 669528 414229 571758 307730 320918 503291 312588 436313 550920 186445 37110 374490 828483 265729 654610 377088 500270 667304 277009 99740 466565 569672 76860 586494 668461 499126 263854 304827 304395 596884 742110 589816 361753 45694 325122 477815 731975 1 350134 376741 80379 430167 323195 532947 401891 212973 337245 574477 744371 213982 452267 506244 449423 489127 396542 473876 183700 670236 449707 298495 552772 590939 551698 542098 257338 450924 422326 449882 473999 93367 125116 491842 497771 506888 628629 403891 210402 435773 274875
 424747 467596 171794 395504 511601 246281 190151 401707 299621 765838 177412 325024 511904 634416 177979 323719 212951 577273 401261 572742 363278 223404 554092 385596 264318 483445 252948 384405 173857 623197 370138 589779 439134 268884 304466 512909 687177 383243 350134 1 242282 278858 140462 350816 193256 573017 401384 596018 224859 431636 310557 146400 429854 266673 187971 409883 439026 475769 339114 518337 502081 524559 258723 577113 416173 297129 129148 503288 313993 131848 359112 324863 631777 316308 355209 361964 134476 161552 460844 401310
 182546 293660 413819 637512 644879 61024 216628 219714 67052 586459 218409 374595 676775 456573 121512 515918 32400 353069 632732 478565 323098 465485 312157 362216 473755 295604 494235 543098 89271 544260 610815 383073 225657 39195 343283 354100 512041 520225 376741 242282 1 299558 380688 154258 282173 391808 285078 702016 378983 406684 197122 381506 188691 506670 193437 613495 197905 402267 367633 711053 356230 282364 457044 339460 188243 473740 358655 289533 549301 254837 438928 274626 426932 557595 137296 266313 137229 196834 664695 243339
 415330 593121 365926 545751 361095 246001 424060 268168 361129 557101 107766 75792 413918 754107 185870 592869 298101 464260 623187 310483 98422 421376 516109 108967 526779 593492 454835 289371 224943 351537 560311 671417 517064 287557 44181 313322 480278 662099 80379 278858 299558 1 373698 264879 456219 388533 190534 405412 503652 664270 157398 393543 440563 415998 409410 405386 413462 211311 591547 475649 290900 496387 528266 505728 471054 256497 388760 383744 426852 398309 144441 87109 472464 467429 432312 548500 323966 131028 450184 237488
 563138 575805 54323 263128 505702 386689 270728 538263 434436 896488 290709 397794 479161 737352 315222 227357 350201 717334 263678 682167 468570 87434 692840 482369 157412 596283 113712 371034 314154 725206 230185 707086 563395 408863 386286 642564 817606 328980 430167 140462 380688 373698 1 489944 234457 706355 525548 603882 195009 476650 440295 26756 566214 148286 279817 345142 578299 583095 369847 457566 629032 662906 167073 717331 546418 281383 46678 642585 205989 188780 409134 437786 769061 189416 484061 449510 258745 282398 391430 534122
 157183 386834 511013 728511 625204 111122 369881 65821 170589 433961 239642 336394 677767 528274 175568 655316 182112 229223 752076 341728 238534 567274 251661 279310 606102 376128 599123 549786 178605 410574 716188 430119 289628 115406 306260 201082 358527 671191 323195 350816 154258 264879 489944 1 433143 238454 157366 660231 524561 552869 109386 497196 187644 593217 346950 650125 150704 281807 521170 732756 206246 231532 593426 248502 237126 500664 478524 152648 624864 398874 407120 198992 283022 646550 223877 404023 281254 230974 698743 97064
 437839 365611 288355 479179 701504 324041 70733 496537 303806 867093 348675 511721 693426 516746 301692 251759 251747 630848 408827 722942 527008 312056 561505 556191 232253 391669 325840 571148 273032 781052 422362 505297 382641 321018 488027 626546 791434 238195 532947 193256 282173 456219 234457 433143 1 671538 535044 788539 107342 246247 438777 215353 427367 381266 93429 573429 459722 632030 146676 685519 623537 529963 205731 603685 383846 481439 188856 571258 440112 61409 551000 482201 708972 416110 323472 224529 154686 326667 621801 511969
 308126 567934 717930 922237 698009 348177 608141 175771 394500 195869 423930 432528 774058 672324 395667 888313 420482 156121 969908 224752 303970 775480 296523 327451 835210 546947 808714 665168 409538 286308 923080 558339 461367 352632 412919 76787 120238 909483 401891 573017 391808 388533 706355 238454 671538 1 198068 696482 761281 776987 266986 717650 341405 787847 585099 791867 284569 245564 755664 851549 104171 302683 825111 240899 411013 644522 702147 132729 808140 635648 494695 301561 93464 841145 427031 623005 518908 426440 834412 172236
 307609 543842 530745 727899 519056 225811 481880 115457 320489 374372 235699 239615 587300 684747 235218 724541 303611 288139 786723 193644 113367 588170 372854 146667 665476 533494 621764 471920 262115 259392 733631 583815 446862 252142 217157 123763 295929 766163 212973 401384 285078 190534 525548 157366 535044 198068 1 535154 610288 691632 96270 540048 340551 594662 461083 594912 295182 124441 645261 659021 104734 361375 659758 345546 394160 446821 528062 212219 612002 488358 306122 103498 282872 647540 379689 549530 381375 243423 638450 71505
 815890 995160 561145 596462 106783 650954 780913 644564 765498 794634 488239 329655 190069 1158333 582720 819556 696123 820294 751738 498826 426710 589572 903901 389070 749421 997425 611716 235927 620256 475308 660048 1076777 922356 692685 361255 624352 736689 932744 337245 596018 702016 405412 603882 660231 788539 696482 535154 1 792079 1026032 551180 630616 843218 532339 772957 337195 810933 450921 934959 292126 594907 888476 766847 880630 876414 322881 643363 747061 493572 727311 263091 461402 789944 556299 836916 933512 694813 512335 335100 603709
 542478 466854 246994 401453 697041 413594 177324 585511 407454 957124 400370 548012 674074 610637 375370 144417 347211 731229 308764 791128 585595 251457 667531 609757 132549 494484 255544 562833 353567 844682 335155 607925 489546 416747 528783 710828 880118 158758 574477 224859 378983 503652 195009 524561 107342 761281 610288 792079 1 299735 514942 169321 533411 325578 199068 538273 563676 696123 190157 650331 704820 636002 102836 707999 491131 472307 150677 668193 385984 125705 575545 544573 804863 349694 430516 320483 243661 381957 582850 596031
 482601 273549 530971 701075 943235 466018 245607 618017 384252 962003 558670 729441 939047 359251 484811 406660 389244 688606 592714 885212 715921 546828 573702 751260 425793 307119 554271 814930 447239 950441 632471 402227 355301 441563 702089 753084 894541 301265 744371 431636 406684 664270 476650 552869 246247 776987 691632 1026032 299735 1 601031 454843 456404 619394 256326 819088 508008 806267 109607 931347 759024 545274 394063 632832 389016 725998 430064 653233 679435 304137 777954 667624 786276 647986 353673 155512 340604 534281 866939 647514
 264916 474146 450962 657991 516305 136201 386196 114844 242509 456355 158250 227294 571305 625292 139574 631997 211790 312773 703498 287188 134632 508503 359117 175694 574775 468236 541729 445550 165899 350100 656268 532756 385063 169034 197550 202659 377506 670275 213982 310557 197122 157398 440295 109386 438777 266986 96270 551180 514942 601031 1 452774 293406 522898 365714 553611 259949 205480 550653 630613 191806 340342 567542 348855 334737 403355 438878 231706 546998 392393 298070 90942 337859 576399 308398 463434 285242 159457 600713 95919
 563310 564005 77926 271976 532441 391684 256702 547651 432500 909102 306675 420537 505269 723744 323940 203196 350298 723112 254901 700524 487189 98191 693144 502451 134234 585578 118518 397770 319712 745002 231101 697266 556297 411456 407948 655399 830270 302306 452267 146400 381506 393543 26756 497196 215353 717650 540048 630616 169321 454843 452774 1 564742 165959 267634 369555 579410 601673 347214 481856 642825 662840 141659 719937 541722 308138 27474 649612 225224 174114 433914 454802 778008 202503 479056 434131 254638 296638 415126 545517
 34780 226530 601644 825357 800799 209810 356643 228651 132337 512127 386618 515203 844499 346480 295380 676755 216905 232509 810871 509229 425768 652157 134147 466693 644071 206588 679918 712530 272552 579256 795540 243300 120005 171755 483999 342485 450941 653630 506244 429854 188691 440563 566214 187644 427367 341405 340551 843218 533411 456404 293406 564742 1 695216 334393 795303 56837 463565 462077 888236 359486 102607 623337 181419 70599 651050 540405 209242 737904 418732 584972 384322 333198 745867 108931 301501 311269 369409 845986 271940
 687922 722226 98197 135511 426829 500625 418834 631799 566034 968646 364661 412788 376658 884939 419412 299252 478636 822276 227623 722628 514277 74409 816013 516446 234472 741612 83027 298656 428962 753806 147879 851173 703940 529437 412615 717520 890483 428706 449423 266673 506670 415998 148286 593217 381266 787847 594662 532339 325578 619394 522898 165959 695216 1 427155 224108 700296 624673 510831 332254 699202 787361 259868 833318 682730 224689 192504 743749 60413 337056 398188 495644 860485 53569 621429 597777 397525 365856 262772 618788
 344417 296384 329397 539474 694366 241173 23471 411676 210510 779895 302904 473274 699387 457788 236126 342884 164962 538342 489626 652764 467919 365360 468533 500965 315950 318300 385396 570428 201695 714104 491730 430716 297180 232627 446277 544311 705304 328439 489127 187971 193437 409410 279817 346950 93429 585099 461083 772957 199068 256326 365714 267634 334393 427155 1 595704 366313 566278 186179 705346 543649 436997 292319 510257 293502 484492 240244 480549 482328 95447 521936 420744 618563 468991 232048 175042 85810 278734 646158 430883
 779030 875016 291630 260181 231583 585873 593952 668288 679790 947438 412924 362170 158993 1042749 499947 523239 592969 866181 422762 665683 489217 295333 897252 473372 458336 888324 306947 143801 524905 676593 329064 989685 833959 623728 379097 715580 874151 652205 396542 409883 613495 405386 345142 650125 573429 791867 594912 337195 538273 819088 553611 369555 795303 224108 595704 1 784769 578615 713992 112465 690918 872708 482751 898477 801411 150258 391593 785135 171100 519186 311702 492174 877600 231499 745878 770697 541388 427110 51490 641619
 25410 283366 609660 832880 774500 202023 389342 180576 156222 456901 372211 486270 823688 398823 287706 705183 229342 181366 830014 456597 387915 662427 115751 428257 667879 263034 691673 693567 271696 526560 808481 291523 176817 170914 455738 287437 394583 691319 473876 439026 197905 413462 578299 150704 459722 284569 295182 810933 563676 508008 259949 579410 56837 700296 366313 784769 1 416075 506979 873294 305627 88340 649114 144402 126930 637681 556434 152471 739474 444359 556840 349632 278869 752155 155297 352553 331030 357834 834713 224681
 430071 668125 577201 751271 456682 341534 585489 235588 442733 370171 298672 220147 538178 808715 331396 797332 417081 377001 834491 99240 114529 632667 483616 109221 733346 657933 666100 441578 364590 149101 770381 706477 571245 372033 213083 174610 300271 854509 183700 475769 402267 211311 583095 281807 632030 245564 124441 450921 696123 806267 205480 601673 463565 624673 566278 578615 416075 1 752324 623219 145069 475911 732287 447205 518475 441023 594546 311847 630247 580040 268127 151550 339027 674963 503597 668447 482751 314733 615718 191744
 482275 324482 424103 591567 848158 421723 168372 586932 363415 947312 483967 651563 838580 443132 422241 303561 343550 687548 487270 837836 653766 437866 590418 686151 317487 356708 444760 717518 387752 899877 523674 464241 381391 405898 626222 721697 875510 215806 670236 339114 367633 591547 369847 521170 146676 755664 645261 934959 190157 109607 550653 347214 462077 510831 186179 713992 506979 752324 1 826429 723501 559907 285886 643398 402248 627579 323170 640731 571027 207674 694454 606803 777875 538570 353386 177321 271145 460547 761090 610455
 869612 980268 403946 342448 201565 678504 704428 743554 777939 992930 501950 419686 104292 1148328 593805 629575 692678 939855 513721 701332 548014 405125 983218 525189 566567 992195 414058 187142 621827 701217 419850 1091058 934340 717907 442428 774765 923266 760913 449707 518337 711053 475649 457566 732756 685519 851549 659021 292126 650331 931347 630613 481856 888236 332254 705346 112465 873294 623219 826429 1 748181 960274 592058 979136 899274 237535 504043 859392 275519 630719 357547 559569 940824 331625 845774 880087 647799 518908 69941 712739
 324710 580127 635284 832142 594011 302614 565637 142080 376438 269642 340028 330006 669943 704421 330225 823780 380244 233986 890868 152429 201798 692747 352538 223490 766388 564257 726318 562185 351977 221850 838360 595468 476382 318903 311910 29547 191284 858413 298495 502081 356230 290900 629032 206246 623537 104171 104734 594907 704820 759024 191806 642825 359486 699202 543649 690918 305627 145069 723501 748181 1 349917 759347 309001 423417 544960 629901 176550 715565 580841 390969 205322 196651 751987 424059 610016 468852 346636 732537 113058
 99821 292024 695817 919343 856609 290282 459242 246522 232519 447579 459923 567635 908632 371485 376041 779259 312758 162248 911177 502122 462454 747843 31543 501698 745770 264286 776526 779441 359382 570872 892906 256286 191672 258062 537710 326594 396657 755143 552772 524559 282364 496387 662906 231532 529963 302683 361375 888476 636002 545274 340342 662840 102607 787361 436997 872708 88340 475911 559907 960274 349917 1 725455 88705 158147 725219 639148 175784 827279 520666 638408 427702 268572 838934 209464 393061 411171 445962 922516 289920
 629332 569142 205715 311344 666091 482861 272495 650539 493847 1019843 433828 560256 629754 713365 430523 65099 424658 809678 205951 830142 618545 187438 756833 637074 31784 596314 179798 531811 416146 878152 238785 709877 587711 492701 546021 768695 941647 169718 590939 258723 457044 528266 167073 593426 205731 825111 659758 766847 102836 394063 567542 141659 623337 259868 292319 482751 649114 732287 285886 592058 759347 725455 1 793318 585778 444090 140037 742146 318248 204926 575529 582429 876330 271641 524011 423285 319890 419805 522639 655320
 165891 380475 745678 967452 859287 332987 533151 239375 300568 364755 487818 571735 919308 449879 414630 849580 371513 86376 972150 456700 455359 799854 65992 491679 811724 352198 830014 794405 405374 522747 947250 333529 280244 308568 543810 281956 320200 833609 551698 577113 339460 505728 717331 248502 603685 240899 345546 880630 707999 632832 348855 719937 181419 833318 510257 898477 144402 447205 643398 979136 309001 88705 793318 1 244233 748784 697737 135529 868846 588663 641915 428099 189196 885988 290337 479647 474568 477715 946847 277551
 102887 157703 586488 808844 826613 227570 314099 287297 121621 582660 403185 546767 863148 291452 307271 635508 209196 301851 780145 570786 469295 633630 188264 510390 608778 141060 659276 729764 277448 640690 772532 200365 53204 185831 515178 408223 521437 601293 542098 416173 188243 471054 546418 237126 383846 411013 394160 876414 491131 389016 334737 541722 70599 682730 293502 801411 126930 518475 402248 899274 423417 158147 585778 244233 1 661901 516004 279336 729405 384138 614750 424808 403546 731450 62822 235417 287680 383083 852684 328817
 633118 747554 238493 326453 224776 441248 487255 518033 540700 805929 265528 221017 214897 915659 356308 497948 456112 715936 452232 533155 344294 271091 749091 332926 427431 757888 296796 90685 384478 552916 368280 854757 697707 480435 233647 568709 731080 609976 257338 297129 473740 256497 281383 500664 481439 644522 446821 322881 472307 725998 403355 308138 651050 224689 484492 150258 637681 441023 627579 237535 544960 725219 444090 748784 661901 1 322209 634886 205331 421970 184720 343573 728942 262540 609034 656563 418806 281642 198083 491708
 539825 536597 100964 299274 546978 371548 229229 530658 408078 894711 297231 420468 523734 696274 307028 204198 327106 703036 274974 692954 480359 125648 669630 497682 138841 558285 145503 412550 300253 739407 256528 670091 529773 389628 405984 641469 815988 292140 450924 129148 358655 388760 46678 478524 188856 702147 528062 643363 150677 430064 438878 27474 540405 192504 240244 391593 556434 594546 323170 504043 629901 639148 140037 697737 516004 322209 1 630541 251276 146644 438262 445971 760364 229922 453264 406763 229585 285293 438068 530351
 176639 435645 663193 879224 729869 259953 504000 116879 277413 308820 383941 445086 794120 541269 328028 802881 321016 81069 904512 327628 324122 719655 176121 358879 756164 414270 751631 672929 330292 395762 868604 428437 329023 251447 418826 151583 242965 808814 422326 503288 289533 383744 642585 152648 571258 132729 212219 747061 668193 653233 231706 649612 209242 743749 480549 785135 152471 311847 640731 859392 176550 175784 742146 135529 279336 634886 630541 1 773008 543290 514200 301496 138105 797228 300175 498068 424971 378765 831841 147857
 728535 775847 153383 122274 386945 538039 475152 658821 610830 983622 389717 412779 328015 939837 454312 354064 522691 852692 258188 726391 523658 134678 855153 521074 291686 794177 138918 265952 467898 752341 167701 902529 753089 569381 417207 735695 906275 486074 449882 313993 549301 426852 205989 624864 440112 808140 612002 493572 385984 679435 546998 225224 737904 60413 482328 171100 739474 630247 571027 275519 715565 827279 318248 868846 729405 205331 251276 773008 1 394090 388021 510358 884571 62740 668970 654464 447335 394426 205630 642225
 424418 390729 240758 445147 640920 287889 82612 459879 288923 831506 291339 451830 634953 549631 253201 261490 222727 607833 396219 672917 472636 272284 552007 500258 225485 413437 290863 511252 228940 729121 396285 526076 391373 291987 428814 586039 754621 277903 473999 131848 254837 398309 188780 398874 61409 635648 488358 727311 125705 304137 392393 174114 418732 337056 95447 519186 444359 580040 207674 630719 580841 520666 204926 588663 384138 421970 146644 543290 394090 1 489924 429107 679574 376487 321665 260734 118334 270243 568408 471170
 559430 732173 382271 510021 218288 388336 532681 402545 502546 638177 226949 70783 281191 895275 320000 636464 433535 592761 623595 354064 193060 428606 656839 167674 566181 734351 459056 173544 357920 369016 545548 815037 659871 430155 101163 417989 566821 728541 93367 359112 438928 144441 409134 407120 551000 494695 306122 263091 575545 777954 298070 433914 584972 398188 521936 311702 556840 268127 694454 357547 390969 638408 575529 641915 614750 184720 438262 514200 388021 489924 1 213817 585044 441879 574000 675438 440058 251466 347614 366404
