NAME : domp20p10v4
COMMENT : Cherkesly, Contardo & Gruson 2022
TYPE : DOMP
DIMENSION : 20
DISPLAY_DATA_TYPE : NO_DISPLAY
OPEN_FACILITIES : 10
COST_SECTION
 1 909665 324711 639156 271435 482918 446064 1065296 877922 522751 580746 1024689 549359 290055 232383 205111 429360 502153 666063 286041
 909665 1 602329 273987 648292 440460 835751 691681 532170 536887 822287 180184 389738 1000024 840251 871637 540596 703268 339105 633112
 324711 602329 1 328360 154781 163116 510720 919605 712697 380820 601652 703460 225823 518343 251045 378192 265165 470806 341838 149825
 639156 273987 328360 1 386480 167282 638100 743236 541415 362819 663770 391862 127747 758640 569224 622781 316650 527627 163090 371604
 271435 648292 154781 386480 1 254619 356324 832307 633078 278040 453198 778262 325041 384959 320624 244202 168246 328954 453892 15192
 482918 440460 163116 167282 254619 1 570123 836349 627857 352143 629406 541971 70512 639482 402289 498819 259176 489957 199482 241633
 446064 835751 510720 638100 356324 570123 1 693223 549995 299183 138648 1001561 633061 259393 625081 243551 323100 143060 759151 361029
 1065296 691681 919605 743236 832307 836349 693223 1 208751 554285 572989 855424 847142 952035 1149471 899891 667109 577798 902948 822991
 877922 532170 712697 541415 633078 627857 549995 208751 1 357265 454556 707829 640583 800105 946584 728153 465650 416735 703261 622785
 522751 536887 380820 362819 278040 352143 299183 554285 357265 1 301424 705144 396998 495409 596664 393584 116437 169177 507667 269014
 580746 822287 601652 663770 453198 629406 138648 572989 454556 301424 1 996871 684656 391176 746455 380840 370311 139699 803158 454169
 1024689 180184 703460 391862 778262 541971 1001561 855424 707829 705144 996871 1 477963 1147461 919940 1013509 693662 873586 382293 763426
 549359 389738 225823 127747 325041 70512 633061 847142 640583 396998 684656 477963 1 709801 451239 569238 315488 544975 129724 311931
 290055 1000024 518343 758640 384959 639482 259393 952035 800105 495409 391176 1147461 709801 1 518096 141276 459773 383382 838843 397871
 232383 840251 251045 569224 320624 402289 625081 1149471 946584 596664 746455 919940 451239 518096 1 409048 482385 638129 539159 328105
 205111 871637 378192 622781 244202 498819 243551 899891 728153 393584 380840 1013509 569238 141276 409048 1 336422 322805 698017 257455
 429360 540596 265165 316650 168246 259176 323100 667109 465650 116437 370311 693662 315488 459773 482385 336422 1 230786 438130 157285
 502153 703268 470806 527627 328954 489957 143060 577798 416735 169177 139699 873586 544975 383382 638129 322805 230786 1 664071 327508
 666063 339105 341838 163090 453892 199482 759151 902948 703261 507667 803158 382293 129724 838843 539159 698017 438130 664071 1 441068
 286041 633112 149825 371604 15192 241633 361029 822991 622785 269014 454169 763426 311931 397871 328105 257455 157285 327508 441068 1
LAMBDA_SECTION
1 268
2 543
3 628
4 373
5 963
6 482
7 744
8 33
9 528
10 889
11 262
12 194
13 783
14 323
15 948
16 883
17 531
18 381
19 203
20 546
