NAME : domp30p7v6
COMMENT : (Deleplanque et al.) 
TYPE : DOMP
DIMENSION : 30
DISPLAY_DATA_TYPE: NO_DISPLAY
OPEN_FACILITIES : 7
COST_SECTION
 1 110 213 283 293 194 117 18 101 188 84 137 237 234 52 315 222 250 80 147 196 107 164 240 43 230 277 156 149 53
 110 1 268 387 367 284 153 112 204 289 165 244 345 337 160 422 298 357 140 227 290 191 262 305 85 334 378 195 86 148
 213 268 1 359 111 107 116 229 157 307 278 240 263 186 192 277 61 224 287 84 124 114 300 43 198 189 200 362 223 245
 283 387 359 1 348 257 349 277 228 101 229 150 103 195 241 169 315 162 260 284 241 278 129 350 322 189 219 264 428 239
 293 367 111 348 1 113 219 307 208 326 339 268 246 154 257 220 72 189 357 147 122 187 329 69 290 160 141 425 331 311
 194 284 107 257 113 1 156 205 99 218 229 158 158 82 151 176 59 119 249 63 17 95 219 94 201 84 106 315 270 203
 117 153 116 349 219 156 1 134 122 270 197 204 273 228 122 323 152 258 196 94 167 75 253 154 89 227 260 272 117 163
 18 112 229 277 307 205 134 1 110 180 69 134 237 241 58 319 237 255 63 161 206 122 155 256 57 237 285 138 160 41
 101 204 157 228 208 99 122 110 1 156 132 88 155 135 54 220 142 154 151 74 98 52 146 169 121 131 177 218 215 105
 188 289 307 101 326 218 270 180 156 1 129 69 114 187 153 210 275 170 160 225 206 207 30 309 229 179 225 171 336 141
 84 165 278 229 339 229 197 69 132 129 1 107 212 243 87 304 273 246 33 200 226 165 101 297 125 237 288 87 226 35
 137 244 240 150 268 158 204 134 88 69 107 1 108 145 92 199 212 142 137 157 148 139 63 244 174 139 189 179 279 102
 237 345 263 103 246 158 273 237 155 114 212 108 1 93 187 97 215 63 244 195 142 198 135 250 269 87 121 276 368 208
 234 337 186 195 154 82 228 241 135 187 243 145 93 1 184 97 131 40 270 137 66 157 198 165 254 8 46 322 338 225
 52 160 192 241 257 151 122 58 54 153 87 92 187 184 1 264 189 199 101 115 151 79 133 212 84 180 227 171 188 55
 315 422 277 169 220 176 323 319 220 210 304 199 97 97 264 1 219 67 334 232 161 250 231 250 340 96 82 372 430 295
 222 298 61 315 72 59 152 237 142 275 273 212 215 131 189 219 1 169 288 77 75 116 274 36 219 135 140 358 266 243
 250 357 224 162 189 119 258 255 154 170 246 142 63 40 199 67 169 1 275 170 103 185 186 204 275 36 59 319 365 233
 80 140 287 260 357 249 196 63 151 160 33 137 244 270 101 334 288 275 1 214 247 176 132 311 115 264 314 77 208 48
 147 227 84 284 147 63 94 161 74 225 200 157 195 137 115 232 77 170 214 1 74 41 218 98 146 137 167 286 209 169
 196 290 124 241 122 17 167 206 98 206 226 148 142 66 151 161 75 103 247 74 1 102 208 110 207 68 94 310 281 201
 107 191 114 278 187 95 75 122 52 207 165 139 198 157 79 250 116 185 176 41 102 1 195 135 108 156 193 249 182 133
 164 262 300 129 329 219 253 155 146 30 101 63 135 198 133 231 274 186 132 218 208 195 1 306 206 191 239 145 312 116
 240 305 43 350 69 94 154 256 169 309 297 244 250 165 212 250 36 204 311 98 110 135 306 1 231 169 171 382 264 266
 43 85 198 322 290 201 89 57 121 229 125 174 269 254 84 340 219 275 115 146 207 108 206 231 1 251 294 189 107 95
 230 334 189 189 160 84 227 237 131 179 237 139 87 8 180 96 135 36 264 137 68 156 191 169 251 1 51 315 336 220
 277 378 200 219 141 106 260 285 177 225 288 189 121 46 227 82 140 59 314 167 94 193 239 171 294 51 1 366 373 270
 156 195 362 264 425 315 272 138 218 171 87 179 276 322 171 372 358 319 77 286 310 249 145 382 189 315 366 1 273 118
 149 86 223 428 331 270 117 160 215 336 226 279 368 338 188 430 266 365 208 209 281 182 312 264 107 336 373 273 1 200
 53 148 245 239 311 203 163 41 105 141 35 102 208 225 55 295 243 233 48 169 201 133 116 266 95 220 270 118 200 1
LAMBDA_SECTION
1  24
2  21
3  8
4  26
5  19
6  22
7  20
8  24
9  14
10  7
11  15
12  16
13  29
14  22
15  24
16  24
17  26
18  18
19  7
20  12
21  13
22  23
23  19
24  12
25  14
26  23
27  18
28  16
29  12
30  25
