NAME : domp200p100v6
COMMENT : (Deleplanque et al.) 
TYPE : DOMP
DIMENSION : 200
DISPLAY_DATA_TYPE: NO_DISPLAY
OPEN_FACILITIES : 100
COST_SECTION
 1 97 346 124 222 214 63 408 306 348 335 225 313 195 273 320 321 96 159 223 89 327 167 255 163 406 106 423 156 179 273 15 202 171 294 223 214 251 358 363 254 222 184 363 363 107 214 132 236 70 316 314 128 124 228 281 212 303 204 326 378 92 227 319 385 363 160 335 352 388 70 125 255 136 372 288 160 182 134 24 233 228 199 274 155 258 235 247 88 256 234 366 383 178 286 375 261 165 270 168 354 375 59 205 194 247 61 276 322 329 387 310 420 247 116 182 177 180 362 403 58 20 387 309 86 200 194 269 130 51 278 303 292 292 221 348 199 53 409 154 291 172 150 320 291 61 267 193 47 74 186 168 81 113 233 177 181 220 18 344 265 117 375 251 147 275 372 153 245 186 403 287 349 261 279 325 270 219 363 318 384 353 311 54 294 307 290 377 316 271 28 44 266 94 176 352 257 72 356 347
 97 1 250 40 149 201 35 354 216 255 295 182 274 100 176 250 224 103 91 249 64 236 214 217 66 309 43 361 77 89 177 102 108 155 201 272 261 163 262 267 171 186 95 268 267 98 121 84 146 60 221 276 42 133 146 255 250 234 134 235 281 109 134 222 288 303 76 266 306 293 133 51 161 132 315 230 195 146 39 90 213 240 108 179 181 162 158 154 112 250 142 296 291 90 212 280 165 117 243 125 258 283 77 115 139 232 38 179 226 244 318 228 324 161 114 128 85 113 266 306 75 81 316 245 90 118 98 194 49 97 191 208 196 225 193 275 130 46 314 90 222 83 156 232 200 42 233 98 79 127 129 151 46 89 142 81 192 124 100 269 180 85 307 162 149 191 276 92 163 91 307 191 253 175 186 232 185 143 267 222 301 259 214 45 229 232 201 296 228 202 114 115 205 133 217 257 200 30 262 267
 346 250 1 233 212 351 284 347 126 49 348 290 338 162 75 233 28 323 234 436 289 117 431 312 185 61 258 325 220 174 94 351 146 299 107 481 470 122 27 61 143 305 185 41 58 309 153 251 149 298 81 344 222 322 153 358 452 232 221 125 53 333 141 40 40 294 210 243 340 98 375 231 100 309 314 269 405 290 214 336 344 412 155 91 386 89 170 110 339 393 120 259 128 192 209 71 86 244 349 275 12 125 317 168 229 364 287 84 68 165 272 175 76 165 305 232 173 232 18 65 316 330 265 255 316 170 158 204 232 339 151 45 56 239 322 232 199 294 68 224 231 181 329 147 85 287 327 164 318 365 226 321 281 278 148 172 378 127 349 222 129 270 267 116 342 166 35 229 179 162 61 60 48 123 119 102 130 205 54 29 199 49 38 294 246 214 139 208 148 225 363 362 253 362 427 30 261 276 94 200
 124 40 233 1 111 174 65 316 183 244 259 147 238 74 159 211 206 96 53 234 58 204 209 182 56 291 26 322 38 93 152 125 100 190 171 264 253 163 248 243 178 153 61 256 243 85 91 117 113 66 194 240 64 171 153 223 239 195 95 203 259 104 105 201 270 264 39 227 269 265 143 79 154 170 277 192 187 115 47 122 183 220 109 154 170 149 171 149 110 224 137 258 260 55 174 254 151 146 211 93 240 252 86 82 164 203 65 156 200 209 279 191 308 125 152 154 87 75 248 285 85 105 278 206 87 127 76 156 10 107 157 193 179 187 162 236 149 76 299 116 184 90 194 198 195 78 199 72 115 133 154 126 49 125 110 63 175 110 122 231 184 121 268 160 132 155 256 119 126 86 292 175 229 177 155 202 189 105 243 205 265 249 197 76 190 194 168 259 194 163 135 131 167 133 209 244 162 67 233 230
 222 149 212 111 1 140 171 209 109 244 166 79 148 91 153 102 187 151 64 229 135 131 237 106 124 258 119 213 73 163 120 218 146 293 113 280 269 204 235 193 229 94 69 247 195 134 77 219 66 153 142 153 163 279 210 153 248 86 19 126 215 161 82 173 240 156 75 118 170 201 212 180 179 277 170 89 209 84 142 226 133 202 166 123 189 158 235 180 168 182 173 148 183 68 66 201 158 241 143 75 214 176 168 65 252 154 170 131 154 114 170 93 281 49 261 245 154 43 222 244 169 203 169 98 151 195 106 49 102 187 75 188 169 77 111 128 228 181 277 209 74 164 301 111 217 186 123 92 223 200 243 117 142 232 68 112 173 135 214 123 227 227 159 197 145 64 221 214 37 142 269 171 187 218 97 137 233 10 197 190 165 247 179 182 82 86 90 156 107 54 224 212 64 187 229 234 64 176 169 127
 214 201 351 174 140 1 199 219 244 379 135 67 114 209 287 182 325 120 134 94 144 264 127 67 221 397 159 246 155 263 257 202 259 352 251 152 143 324 373 331 343 50 180 385 332 113 205 284 202 160 281 112 236 320 320 71 119 168 131 258 352 123 214 312 379 191 165 190 156 334 163 250 305 325 191 128 102 65 220 231 25 64 275 260 87 288 341 303 127 51 293 213 311 175 170 338 289 316 62 86 353 304 159 190 337 34 194 269 293 235 229 213 420 188 305 326 255 125 361 381 161 200 233 157 131 298 221 163 167 164 210 323 305 153 33 210 322 203 416 288 158 260 346 239 345 216 70 208 242 152 327 51 163 285 204 218 54 257 198 212 346 282 219 318 68 196 359 291 174 249 408 306 325 338 236 273 352 147 335 328 268 383 317 205 149 183 225 254 235 149 199 180 122 129 114 371 110 213 304 229
 63 35 284 65 171 199 1 370 246 288 305 191 283 133 211 272 258 87 109 234 56 267 192 225 100 344 53 380 100 120 211 68 141 156 233 250 239 194 296 301 200 192 125 302 301 88 153 95 176 41 254 284 70 123 174 259 231 255 154 266 315 90 166 256 322 321 102 287 318 326 104 73 195 127 332 246 176 151 72 58 213 229 140 212 164 196 184 187 92 246 175 318 323 119 235 313 199 129 247 132 292 315 52 145 155 231 6 213 260 272 339 255 358 189 107 144 118 132 300 340 50 47 339 264 74 146 131 218 72 68 220 242 230 245 197 298 153 12 348 109 243 114 149 261 233 18 239 131 53 99 146 148 37 88 173 115 181 158 67 293 210 87 328 193 139 218 310 109 190 125 341 225 287 205 218 264 215 166 301 256 329 292 249 12 248 256 231 322 258 223 81 84 222 110 196 291 215 17 295 294
 408 354 347 316 209 219 370 1 225 392 88 185 107 294 322 122 332 317 264 292 322 231 343 158 332 363 318 42 279 368 281 400 345 501 250 354 347 394 373 296 421 191 276 387 299 303 274 427 250 341 269 110 371 485 408 155 323 132 222 223 317 325 272 314 354 57 283 108 65 274 373 388 363 484 40 125 319 227 351 419 195 259 367 283 305 337 433 368 331 212 365 89 238 276 159 294 336 450 160 241 342 236 350 267 458 195 367 293 281 183 79 177 389 224 467 452 359 241 347 339 351 391 87 114 324 398 308 174 306 363 214 347 330 135 197 116 433 378 393 417 140 370 508 202 391 386 151 295 422 360 449 249 335 440 255 318 272 329 396 126 415 434 81 385 278 201 334 422 212 345 386 335 302 406 246 246 421 217 303 339 160 394 329 379 129 144 219 146 201 159 401 384 149 340 329 375 155 378 259 148
 306 216 126 183 109 244 246 225 1 169 223 179 214 119 102 108 108 252 157 335 227 23 344 195 161 158 202 209 153 180 62 305 149 325 27 387 376 179 152 90 207 195 123 166 92 235 96 257 71 242 46 220 208 329 200 238 355 107 124 21 112 262 84 90 144 171 147 119 215 93 311 223 147 321 191 146 317 192 190 304 232 306 170 64 297 119 225 154 269 280 155 139 79 129 86 95 118 267 231 183 124 71 261 102 266 251 247 73 59 46 155 50 184 65 310 263 173 144 130 141 260 287 149 130 249 199 127 84 177 282 35 122 106 115 213 111 236 257 183 238 107 185 345 27 169 257 209 121 294 299 259 225 228 280 74 143 281 127 303 101 199 272 148 170 253 48 123 243 74 157 175 112 88 189 33 30 203 105 95 114 99 171 105 257 122 89 20 101 26 103 314 306 133 290 337 153 143 245 62 82
 348 255 49 244 244 379 288 392 169 1 389 322 377 179 93 276 62 338 255 461 301 163 450 347 192 83 270 371 239 170 126 354 148 277 147 502 491 104 28 108 117 336 205 20 105 325 176 239 179 307 124 383 221 307 134 393 474 274 250 171 98 347 166 80 68 339 228 287 383 145 384 227 94 292 359 309 425 317 217 335 375 439 150 123 407 97 145 103 353 424 115 305 175 212 249 118 95 226 384 300 57 173 327 191 206 396 291 114 113 210 318 218 83 198 292 212 172 257 57 99 326 333 312 297 330 157 171 243 245 348 190 57 75 280 353 278 179 297 69 212 272 178 310 192 61 288 363 180 315 376 205 345 291 267 177 182 402 135 353 267 102 259 313 101 363 205 77 216 214 164 65 75 96 99 156 148 101 236 101 56 247 5 67 296 287 256 179 256 192 263 367 369 291 376 447 22 297 277 142 246
 335 295 348 259 166 135 305 88 223 389 1 115 23 256 306 120 328 242 207 205 253 236 257 82 287 377 255 122 225 327 266 326 310 447 243 267 260 367 374 308 392 115 232 387 310 230 240 374 222 272 269 24 319 425 375 68 236 117 172 228 330 248 242 311 365 82 232 115 25 295 293 335 340 426 71 82 233 155 299 348 111 172 331 269 220 316 399 342 253 125 337 120 263 230 140 309 315 401 74 173 346 258 277 229 414 109 301 279 281 191 126 176 404 197 407 406 318 186 352 356 279 319 133 94 250 360 270 148 250 287 200 337 318 110 117 134 392 312 404 369 118 327 449 205 374 322 70 256 355 281 405 170 269 382 226 276 186 299 322 141 390 378 120 360 197 185 344 373 183 306 396 322 309 381 234 250 396 175 314 333 194 391 323 313 103 136 210 179 203 128 325 307 104 260 242 375 103 315 273 166
 225 182 290 147 79 67 191 185 179 322 115 1 93 160 231 121 265 133 97 159 140 199 183 36 183 333 142 204 117 224 197 216 214 336 187 216 206 277 313 267 299 17 133 325 268 119 152 263 143 159 217 95 209 311 278 79 183 105 75 193 288 141 158 251 316 144 126 132 129 269 191 225 254 313 150 71 156 43 190 236 55 129 232 201 137 234 301 254 147 104 246 158 245 129 105 273 235 292 68 60 291 238 166 137 308 76 188 209 229 169 177 147 357 126 294 299 216 79 299 317 167 207 179 99 140 259 174 98 138 179 146 266 247 90 35 150 288 198 354 261 95 224 336 173 293 208 53 160 241 178 298 68 155 270 146 176 112 208 212 151 299 266 165 270 100 131 296 264 111 207 346 249 261 291 173 208 306 87 271 268 205 325 257 200 88 119 160 192 169 83 217 201 59 159 173 312 46 202 239 166
 313 274 338 238 148 114 283 107 214 377 23 93 1 238 292 115 317 220 186 189 231 229 237 60 268 370 234 137 205 308 253 304 293 427 232 251 243 351 363 301 376 93 214 377 303 208 224 354 207 250 259 7 299 403 358 50 219 110 153 221 323 226 226 300 357 90 212 114 43 291 272 315 325 405 83 69 214 133 279 326 90 155 313 257 199 301 382 326 231 109 320 124 259 212 130 303 301 381 54 152 337 254 255 212 395 90 280 266 272 185 134 169 396 183 386 387 300 166 343 350 257 297 140 88 228 342 253 135 229 265 189 324 306 100 95 133 373 290 396 349 108 308 428 198 360 300 48 239 333 259 385 148 247 361 211 258 166 282 300 140 374 357 126 344 176 173 336 353 168 288 388 309 300 365 222 242 380 157 306 322 195 380 311 292 93 129 200 180 196 115 303 285 89 238 224 364 86 294 266 164
 195 100 162 74 91 209 133 294 119 179 256 160 238 1 89 177 135 162 78 285 128 138 272 192 44 219 98 292 61 75 79 196 56 215 102 324 313 118 179 170 140 172 29 188 170 148 25 143 52 138 122 242 91 213 121 238 296 164 87 138 186 172 36 129 198 238 50 193 259 194 214 107 97 206 255 178 247 145 73 189 209 265 76 81 229 83 145 95 178 257 87 222 193 35 138 182 85 159 227 125 168 185 158 28 166 231 135 83 128 153 242 140 237 75 193 160 66 85 177 212 157 177 239 182 156 106 16 122 71 180 99 125 109 161 187 196 140 144 229 128 155 77 230 138 138 141 209 3 177 204 157 169 122 163 48 27 225 50 194 189 140 156 232 111 185 104 183 133 84 52 221 106 157 132 88 133 146 82 170 135 211 183 125 144 166 156 106 208 135 137 207 203 153 201 269 176 154 129 163 181
 273 176 75 159 153 287 211 322 102 93 306 231 292 89 1 201 49 250 164 369 215 107 360 258 111 134 184 308 148 106 42 277 75 244 76 411 400 80 92 100 107 245 114 101 99 236 84 186 89 223 71 298 151 259 104 304 382 195 158 113 109 260 74 49 113 266 137 215 303 134 300 161 48 248 286 225 334 225 141 263 284 347 89 40 316 22 128 56 266 333 61 238 148 121 169 113 19 186 294 207 83 141 243 99 177 305 213 30 68 147 255 147 150 111 241 177 103 165 91 132 242 256 250 218 243 112 83 159 158 265 110 38 21 199 261 210 146 221 141 161 191 113 269 127 70 214 274 90 247 291 172 253 207 212 85 98 310 54 275 200 98 204 248 71 272 124 101 167 126 90 134 19 83 89 77 94 103 145 97 47 197 97 39 220 205 180 104 201 126 179 289 287 205 289 357 88 210 203 111 183
 320 250 233 211 102 182 272 122 108 276 120 121 115 177 201 1 215 241 164 274 232 118 303 119 217 259 220 116 174 250 160 315 226 389 130 334 324 272 259 189 299 135 162 273 192 224 155 315 130 251 153 122 260 379 287 151 300 18 118 110 211 250 151 197 247 66 175 17 109 177 302 277 242 375 85 57 276 155 239 326 163 242 248 163 257 215 312 246 257 204 244 48 145 164 40 190 214 335 147 159 230 140 265 150 341 177 270 173 166 72 69 59 285 104 360 335 242 142 236 238 265 301 68 29 244 278 190 57 202 282 92 227 210 32 151 30 314 281 286 302 31 253 400 87 271 286 126 178 324 289 332 187 241 331 135 202 231 209 311 31 294 325 58 264 219 80 226 307 94 227 278 215 191 284 126 133 299 107 196 221 87 278 211 282 34 23 99 73 86 50 320 306 64 272 293 260 76 276 154 51
 321 224 28 206 187 325 258 332 108 62 328 265 317 135 49 215 1 296 207 410 262 103 404 289 159 86 231 312 193 151 69 325 121 281 86 455 443 106 49 64 130 280 158 62 62 282 126 229 124 271 64 322 198 301 136 334 425 213 195 111 66 306 114 19 65 278 183 226 322 102 348 207 80 289 298 248 379 264 188 310 319 386 132 65 360 65 156 90 312 368 99 244 126 165 189 77 62 225 325 249 35 121 291 141 212 340 261 58 53 150 259 157 103 140 284 214 149 206 43 85 290 304 253 236 290 150 131 182 205 313 129 26 30 219 297 217 181 269 95 203 211 158 309 131 76 262 304 137 294 338 208 294 254 256 122 145 351 102 323 207 117 248 254 99 315 145 54 208 155 137 88 36 48 110 96 88 120 180 59 9 191 64 11 268 226 195 119 198 132 203 337 335 231 335 401 48 238 250 89 186
 96 103 323 96 151 120 87 317 252 338 242 133 220 162 250 241 296 1 96 148 41 274 115 162 151 379 71 335 105 185 236 85 195 241 247 171 160 258 341 325 270 128 140 349 325 18 173 180 187 47 273 219 144 204 244 186 148 223 133 271 343 11 187 289 359 276 115 254 259 341 63 152 249 211 282 201 94 91 135 112 139 144 203 238 80 242 259 244 18 164 232 284 329 133 211 335 244 214 176 82 329 321 41 160 239 153 82 243 282 264 304 243 398 188 190 228 180 110 338 371 43 81 305 225 14 217 169 196 94 47 220 286 270 210 126 269 232 88 390 191 211 180 230 259 290 103 173 161 125 50 229 73 58 174 186 157 95 204 81 267 277 173 292 255 55 211 343 192 182 180 383 267 313 271 230 276 283 151 326 296 314 343 287 90 211 230 233 304 255 193 85 68 181 40 116 337 171 103 309 275
 159 91 234 53 64 134 109 264 157 255 207 97 186 78 164 164 207 96 1 207 73 179 198 132 89 288 57 272 22 131 144 156 126 242 152 248 237 191 254 231 210 105 51 264 231 79 82 168 92 91 179 189 114 222 188 174 219 147 47 176 250 106 95 198 268 213 32 179 216 246 156 130 174 222 225 140 172 70 95 163 138 188 142 146 153 160 209 171 113 183 161 210 235 45 128 241 162 196 162 49 239 227 107 68 212 159 107 152 188 173 231 153 308 94 204 203 123 24 247 278 107 140 231 156 93 166 89 111 44 127 126 200 183 137 116 191 193 119 302 165 135 129 246 166 215 124 148 77 161 143 202 92 79 178 92 86 148 126 152 186 213 173 220 186 109 119 251 169 89 116 294 182 220 205 135 181 219 61 233 208 227 259 198 120 140 149 139 219 162 115 162 152 116 135 194 251 110 115 214 189
 223 249 436 234 229 94 234 292 335 461 205 159 189 285 369 274 410 148 207 1 186 356 70 157 287 485 212 325 226 326 343 210 329 386 340 63 56 394 458 421 410 143 257 468 422 153 286 328 288 194 370 184 289 344 386 139 33 260 217 350 442 145 297 398 467 275 237 281 229 426 156 299 380 353 271 218 65 147 278 245 112 35 341 346 71 367 403 376 144 81 366 302 404 251 263 428 368 362 137 163 439 396 184 271 387 101 229 353 382 327 316 306 508 277 333 375 319 205 448 471 186 217 321 248 161 360 295 256 229 177 301 406 388 245 126 301 378 234 503 338 251 322 371 331 421 249 153 284 264 151 377 117 205 320 289 289 61 332 206 304 415 320 306 390 103 288 448 339 264 317 495 387 414 408 325 364 421 234 425 412 360 465 401 236 241 276 316 346 327 242 200 181 215 131 55 455 203 250 395 322
 89 64 289 58 135 144 56 322 227 301 253 140 231 128 215 232 262 41 73 186 1 249 154 172 112 346 32 335 75 146 204 84 156 210 219 211 200 218 305 294 230 139 109 313 295 35 142 144 159 21 244 232 104 177 204 205 188 215 117 247 312 48 155 256 325 275 83 247 267 314 88 114 211 182 285 200 134 99 95 98 159 178 163 206 119 205 220 205 53 192 193 278 305 102 199 305 208 178 193 81 295 297 35 130 202 176 52 210 252 245 298 225 364 165 162 190 140 93 303 339 35 71 299 221 30 177 132 182 58 56 197 249 235 204 142 260 193 61 355 153 203 141 203 237 252 73 186 126 103 77 192 94 20 142 157 120 130 167 81 256 237 140 287 215 87 191 310 154 161 141 348 231 282 231 203 249 243 133 295 261 299 305 252 63 205 219 210 290 233 183 90 81 178 76 155 300 169 70 282 261
 327 236 117 204 131 264 267 231 23 163 236 199 229 138 107 118 103 274 179 356 249 1 367 214 179 142 224 210 175 195 72 327 163 340 38 409 398 186 143 73 214 215 144 157 75 257 115 274 92 264 41 235 226 346 209 256 377 120 146 9 95 284 103 85 129 178 169 128 227 71 334 241 154 337 198 162 339 213 209 324 252 327 183 73 319 127 234 162 291 300 164 143 57 150 102 76 125 282 249 205 113 49 282 123 278 271 268 80 51 49 157 61 168 87 327 276 189 167 119 123 282 308 150 143 271 211 144 103 198 304 57 121 108 130 233 116 248 278 169 253 122 200 361 32 171 277 226 140 314 322 272 247 249 297 95 161 303 141 324 106 204 289 152 177 275 69 108 258 96 173 161 115 74 195 50 16 208 128 78 110 91 164 102 278 137 101 42 97 34 121 336 328 151 312 359 145 161 265 41 84
 167 214 431 209 237 127 192 343 344 450 257 183 237 272 360 303 404 115 198 70 154 367 1 193 264 485 184 372 212 299 340 153 308 336 345 59 49 371 450 425 383 169 247 459 426 126 279 285 287 156 374 234 255 290 357 190 48 287 222 362 445 107 292 395 465 317 223 313 279 436 98 262 362 301 317 251 29 156 248 190 150 92 316 343 48 353 372 357 103 138 345 338 419 240 285 434 355 319 184 163 436 411 140 265 346 149 187 349 384 346 355 324 505 282 281 334 293 204 444 474 142 165 358 280 125 330 280 274 207 127 311 396 379 273 156 332 342 189 498 300 277 294 316 346 403 204 195 271 211 97 337 122 170 273 287 270 74 316 150 333 390 274 344 368 93 299 448 300 272 294 491 377 416 384 329 372 396 240 428 405 387 454 395 191 270 300 326 374 342 263 142 124 241 83 16 447 229 208 405 347
 255 217 312 182 106 67 225 158 195 347 82 36 60 192 258 119 289 162 132 157 172 214 193 1 217 352 176 182 152 258 222 246 247 370 208 217 208 308 337 284 331 34 166 349 286 149 182 298 170 191 237 61 244 346 311 48 184 106 106 207 306 168 187 273 336 125 160 125 98 282 216 260 284 348 127 63 167 75 225 268 46 124 266 225 151 263 334 284 174 88 277 147 255 162 114 289 263 327 38 94 313 248 197 168 342 60 221 234 249 178 163 157 377 150 329 333 250 113 320 335 198 238 167 92 170 293 206 112 173 207 164 292 273 91 40 145 322 232 375 295 98 258 370 185 322 242 18 192 274 203 332 91 189 304 173 209 120 239 241 148 331 300 152 301 121 149 316 299 134 240 367 275 281 322 195 224 337 115 289 293 205 350 282 233 86 123 178 191 182 93 245 228 64 182 181 336 53 236 253 167
 163 66 185 56 124 221 100 332 161 192 287 183 268 44 111 217 159 151 89 287 112 179 264 217 1 244 81 332 68 43 115 167 46 173 143 319 308 109 198 204 124 192 57 205 203 140 68 101 95 117 159 271 48 170 101 261 294 203 115 180 217 159 78 157 223 277 58 233 293 231 194 64 100 163 292 212 242 158 32 154 226 271 55 116 225 98 121 94 164 271 82 263 233 57 178 216 100 119 249 136 193 225 136 68 129 247 103 116 163 196 283 183 259 117 150 122 35 105 201 241 135 146 281 219 141 78 36 161 59 157 142 143 130 198 204 238 107 111 249 87 193 42 187 181 141 105 234 42 139 185 120 176 100 120 90 19 227 59 165 230 129 113 273 105 185 146 211 92 124 31 243 126 189 122 130 173 135 116 203 157 254 196 149 110 203 197 149 251 177 174 179 179 187 187 264 193 185 93 201 224
 406 309 61 291 258 397 344 363 158 83 377 333 370 219 134 259 86 379 288 485 346 142 485 352 244 1 316 335 275 234 145 410 206 355 147 533 522 178 59 71 196 349 240 64 68 364 207 310 199 356 117 376 282 380 209 396 502 262 269 150 48 389 194 91 22 314 266 266 366 91 432 291 159 367 334 303 458 339 273 395 388 459 214 143 439 149 224 169 396 436 180 276 127 247 243 70 146 301 388 326 53 128 375 221 284 407 346 137 105 188 285 203 27 210 364 288 233 283 44 26 374 389 278 284 373 228 216 242 289 397 189 105 115 271 367 252 255 354 33 283 263 241 386 173 138 347 366 221 378 422 282 371 339 337 199 231 428 187 408 242 181 329 283 173 394 204 38 288 223 221 28 120 73 177 162 130 181 252 65 89 206 80 96 353 278 242 175 218 176 261 422 420 291 418 480 66 300 335 106 218
 106 43 258 26 119 159 53 318 202 270 255 142 234 98 184 220 231 71 57 212 32 224 184 176 81 316 1 328 51 116 175 104 125 196 192 240 229 188 274 266 201 145 82 282 266 61 114 126 133 42 216 236 79 171 175 214 216 203 103 222 283 79 127 226 295 268 56 235 267 287 117 91 180 172 280 194 163 105 67 108 171 201 133 177 147 174 192 174 85 209 162 266 280 75 184 277 177 158 202 84 265 272 61 103 179 190 52 180 224 225 287 206 333 142 153 168 110 79 273 309 60 86 287 212 61 149 102 167 28 83 174 219 204 193 152 246 167 63 324 130 191 111 195 215 221 69 192 96 106 108 169 110 26 129 131 89 154 136 101 242 207 126 276 185 111 170 280 132 141 111 317 201 253 201 176 223 213 115 267 230 280 274 222 64 196 205 186 273 211 171 113 107 170 107 185 269 163 61 255 244
 423 361 325 322 213 246 380 42 209 371 122 204 137 292 308 116 312 335 272 325 335 210 372 182 332 335 328 1 285 365 267 416 340 503 234 387 380 383 350 271 411 212 277 364 274 320 270 430 244 355 250 142 374 492 400 186 355 130 228 203 290 344 265 294 328 61 287 100 98 245 394 391 352 489 56 137 347 245 353 432 223 292 362 270 331 324 425 357 350 245 356 72 209 278 155 267 323 449 190 256 319 208 366 265 456 226 378 279 260 164 55 163 361 219 473 450 357 250 323 311 366 405 61 117 341 392 305 172 313 380 203 329 314 137 221 100 428 389 366 417 140 368 513 183 376 396 178 293 432 381 447 270 347 444 249 317 300 322 412 109 404 438 62 374 301 193 309 422 209 342 359 320 279 395 233 225 409 220 278 319 130 373 311 390 133 137 205 118 184 160 418 403 159 361 358 353 167 386 234 128
 156 77 220 38 73 155 100 279 153 239 225 117 205 61 148 174 193 105 22 226 75 175 212 152 68 275 51 285 1 110 132 154 106 224 145 264 253 171 239 221 190 125 36 248 222 90 69 150 85 90 170 208 95 208 167 195 236 158 58 173 239 115 82 185 255 227 12 190 234 240 161 111 155 206 240 156 187 91 75 157 159 208 121 134 169 143 188 152 122 204 141 221 231 29 137 232 145 177 183 70 225 223 109 56 192 180 100 139 179 174 242 156 295 92 189 183 102 40 234 267 108 137 241 169 100 145 70 119 30 130 124 184 168 149 137 199 172 111 287 145 146 108 230 165 196 114 168 60 152 150 182 111 76 162 83 65 166 107 151 194 193 156 231 166 126 120 239 149 91 95 280 166 209 185 128 175 199 68 222 193 230 243 184 111 153 157 136 223 161 126 162 155 131 144 210 235 126 104 207 194
 179 89 174 93 163 263 120 368 180 170 327 224 308 75 106 250 151 185 131 326 146 195 299 258 43 234 116 365 110 1 125 186 33 146 158 355 344 75 182 205 86 234 96 186 203 176 96 82 123 146 167 312 52 155 60 303 331 238 156 197 214 193 102 154 213 312 100 266 332 237 221 58 78 145 329 250 278 200 52 165 268 312 22 125 262 87 79 69 197 313 57 295 245 98 211 218 90 89 291 178 183 238 165 102 92 289 124 121 168 220 315 210 245 147 136 87 10 147 191 235 163 165 312 255 174 36 61 195 99 184 168 130 122 234 246 269 66 129 234 59 228 8 167 203 114 119 275 74 146 214 83 217 131 107 118 52 267 56 185 261 93 99 305 74 224 175 204 65 157 24 228 116 188 87 148 186 98 154 202 147 277 175 142 128 240 229 172 276 200 210 199 203 225 219 300 176 225 108 210 251
 273 177 94 152 120 257 211 281 62 126 266 197 253 79 42 160 69 236 144 343 204 72 340 222 115 145 175 267 132 125 1 275 93 269 37 389 378 118 117 92 146 213 97 129 92 220 64 205 56 216 45 259 161 278 139 268 359 154 128 76 108 246 50 56 126 225 123 174 262 117 291 174 86 268 244 185 314 197 146 266 251 319 112 4 295 58 164 92 253 301 94 197 121 104 128 104 57 211 259 182 97 114 236 77 207 272 213 14 50 107 214 106 166 73 259 205 119 140 106 136 235 255 209 177 230 140 81 119 148 257 69 72 53 158 230 169 176 222 161 183 150 131 291 88 112 218 238 81 253 280 200 228 200 229 55 98 285 70 273 159 138 221 207 109 250 83 108 188 89 104 153 57 79 129 35 62 143 112 92 72 160 129 61 221 165 139 63 162 86 139 286 281 166 275 336 116 172 206 88 143
 15 102 351 125 218 202 68 400 305 354 326 216 304 196 277 315 325 85 156 210 84 327 153 246 167 410 104 416 154 186 275 1 208 185 295 209 200 259 363 366 263 212 184 369 365 98 215 144 236 66 317 304 135 138 237 270 198 298 200 325 381 80 228 322 389 356 159 330 343 389 56 134 261 149 364 281 146 174 139 38 222 215 206 277 141 263 244 253 76 243 241 360 383 178 282 377 266 177 260 161 358 375 52 205 206 235 65 278 324 327 381 308 425 245 130 194 184 176 367 406 51 22 381 303 77 209 196 265 130 40 277 308 296 286 211 343 210 58 415 165 286 179 164 318 298 69 258 195 61 60 198 157 79 126 233 181 168 224 5 340 273 129 369 259 135 273 376 164 243 192 408 291 352 270 279 325 278 215 365 322 381 359 315 59 288 302 289 373 314 266 15 30 259 81 162 358 250 79 357 344
 202 108 146 100 146 259 141 345 149 148 310 214 293 56 75 226 121 195 126 329 156 163 308 247 46 206 125 340 106 33 93 208 1 177 127 363 352 66 156 173 86 225 82 162 172 184 73 114 97 161 135 297 77 187 66 292 337 214 142 166 183 204 76 123 185 289 95 241 313 205 238 87 55 177 306 232 286 195 70 191 261 312 23 93 268 58 90 49 209 308 38 269 213 86 188 186 61 119 281 174 155 206 180 82 118 283 145 89 137 190 289 182 219 123 168 115 29 137 163 206 179 187 285 234 186 53 41 173 103 201 140 102 93 213 239 242 90 151 208 91 206 39 199 173 96 143 264 55 173 229 111 216 145 139 92 42 270 24 207 234 88 131 280 61 228 149 174 96 134 17 202 87 157 80 118 154 94 137 171 118 247 152 112 150 219 205 143 247 170 189 221 222 207 231 308 151 208 131 178 223
 171 155 299 190 293 352 156 501 325 277 447 336 427 215 244 389 281 241 242 386 210 340 336 370 173 355 196 503 224 146 269 185 177 1 303 393 383 178 297 341 161 340 227 296 340 243 238 75 265 196 310 429 131 53 147 409 379 374 281 343 346 243 246 289 336 447 219 405 457 376 239 114 202 37 462 379 325 300 152 148 366 384 158 269 316 223 133 192 243 401 184 435 388 226 350 355 226 59 397 279 309 381 203 240 72 384 160 263 310 364 455 353 359 288 56 68 153 263 316 362 201 172 453 389 228 133 203 333 199 211 312 256 255 369 347 410 101 154 345 89 364 141 38 348 218 139 387 213 125 240 74 302 191 69 261 189 335 200 187 402 176 71 445 184 294 317 332 83 296 169 341 248 324 179 293 330 177 285 338 275 422 281 273 152 373 369 317 421 345 344 198 213 353 257 343 290 350 141 352 395
 294 201 107 171 113 251 233 250 27 147 243 187 232 102 76 130 86 247 152 340 219 38 345 208 143 147 192 234 145 158 37 295 127 303 1 390 379 153 132 82 181 203 112 146 83 230 81 237 61 233 31 238 190 309 175 252 359 127 125 41 103 257 68 69 130 194 137 143 236 96 305 204 121 301 214 164 318 195 173 290 242 314 147 39 298 94 200 128 264 291 130 164 91 118 103 91 92 245 244 183 106 84 252 91 242 261 234 47 43 72 180 73 171 65 290 240 152 143 114 132 251 275 175 150 243 175 108 98 166 273 45 98 82 134 221 136 212 244 168 216 125 163 324 52 144 242 222 104 279 293 236 228 218 260 63 125 284 104 292 126 173 252 173 145 253 60 110 222 78 136 160 87 75 164 18 32 178 107 85 92 124 150 82 244 141 110 33 127 51 119 304 298 148 285 339 133 156 230 64 108
 223 272 481 264 280 152 250 354 387 502 267 216 251 324 411 334 455 171 248 63 211 409 59 217 319 533 240 387 264 355 389 209 363 393 390 1 12 427 501 471 440 201 298 511 472 181 329 343 335 213 420 247 313 346 414 202 34 319 266 404 492 164 341 444 514 337 275 341 291 479 154 320 416 358 333 279 79 197 305 246 172 97 372 392 97 406 429 412 161 143 400 363 459 291 320 480 408 377 199 208 485 451 198 314 404 163 245 398 431 384 378 362 555 327 338 392 349 251 494 521 200 222 382 308 182 387 333 311 262 185 353 448 431 304 184 361 400 247 548 357 309 350 372 386 458 262 215 323 268 154 395 164 227 330 336 324 108 370 206 363 447 332 368 423 140 341 496 358 315 349 541 429 463 440 374 415 452 284 474 456 419 506 446 249 301 334 368 406 382 298 197 180 273 141 57 498 261 266 448 380
 214 261 470 253 269 143 239 347 376 491 260 206 243 313 400 324 443 160 237 56 200 398 49 208 308 522 229 380 253 344 378 200 352 383 379 12 1 416 490 460 429 190 287 500 461 169 318 332 324 202 409 239 302 337 403 194 25 309 255 393 481 153 330 433 502 328 264 332 284 468 145 309 405 348 325 269 67 186 294 237 163 89 361 381 85 395 418 400 150 136 389 354 448 280 310 468 397 367 191 197 474 441 188 303 394 155 234 387 419 373 369 351 543 316 329 382 338 239 483 509 190 212 373 299 171 376 322 301 250 175 343 436 419 294 174 351 389 237 537 347 299 339 363 375 446 252 206 312 259 144 384 153 216 320 324 313 97 358 197 354 435 322 359 412 129 330 484 347 304 338 529 418 452 429 363 404 441 273 463 444 410 495 434 239 291 324 358 396 371 288 188 171 263 130 45 487 251 255 437 370
 251 163 122 163 204 324 194 394 179 104 367 277 351 118 80 272 106 258 191 394 218 186 371 308 109 178 188 383 171 75 118 259 66 178 153 427 416 1 121 169 29 289 145 122 167 247 128 136 147 220 149 356 125 205 32 354 402 263 203 191 171 266 126 117 159 337 160 287 368 206 295 127 33 191 356 287 349 260 126 236 325 377 56 116 332 60 51 27 270 372 32 312 224 150 237 182 62 124 343 239 132 218 239 141 108 347 198 107 144 224 330 221 184 172 189 111 79 201 138 185 237 238 325 285 247 54 104 224 167 259 181 81 84 264 303 284 78 202 171 109 257 82 209 204 43 191 325 118 215 288 105 281 204 164 142 107 335 70 259 275 24 157 322 10 293 193 156 114 186 79 166 76 152 15 151 173 30 195 164 99 276 108 99 201 271 251 179 279 203 242 273 277 264 292 371 114 266 181 187 259
 358 262 27 248 235 373 296 373 152 28 374 313 363 179 92 259 49 341 254 458 305 143 450 337 198 59 274 350 239 182 117 363 156 297 132 501 490 121 1 83 138 328 204 15 80 327 173 255 172 312 107 369 232 324 152 382 472 258 243 151 71 350 162 65 42 320 228 269 366 119 390 239 105 311 340 295 425 312 225 345 367 434 162 114 406 101 166 115 356 416 126 285 151 211 235 92 99 244 373 296 32 148 332 188 226 388 299 106 94 191 297 201 65 189 308 231 182 253 31 72 331 342 291 281 333 173 173 230 248 354 176 56 72 265 345 258 198 306 53 228 257 189 329 173 80 298 352 181 327 380 225 342 296 282 170 186 399 140 362 248 123 275 293 117 362 192 50 232 203 172 47 74 73 119 143 128 123 228 76 47 224 27 57 305 272 240 164 234 174 250 376 375 278 379 447 8 286 286 118 226
 363 267 61 243 193 331 301 296 90 108 308 267 301 170 100 189 64 325 231 421 294 73 425 284 204 71 266 271 221 205 92 366 173 341 82 471 460 169 83 1 194 283 187 97 4 309 154 285 140 307 53 307 247 358 198 327 440 192 206 80 23 335 140 53 59 246 213 197 297 39 381 259 141 347 266 234 398 276 234 356 321 394 188 90 379 120 219 151 342 369 158 208 68 194 173 14 117 284 319 264 52 66 326 166 273 340 303 89 44 118 219 133 97 146 340 275 201 223 54 52 325 345 212 215 320 210 171 173 239 348 122 90 87 202 300 183 243 312 98 260 194 212 368 104 139 307 297 172 342 370 269 309 291 311 140 187 365 151 363 174 181 303 216 161 334 137 39 266 158 187 91 95 18 173 98 61 183 188 8 72 143 108 70 311 209 173 107 154 106 192 376 372 222 364 420 88 231 295 38 150
 254 171 143 178 229 343 200 421 207 117 392 299 376 140 107 299 130 270 210 410 230 214 383 331 124 196 201 411 190 86 146 263 86 161 181 440 429 29 138 194 1 310 167 136 191 261 153 130 173 230 176 380 131 193 27 377 416 290 226 219 194 277 152 143 178 364 179 314 394 231 303 130 61 178 383 313 362 280 136 236 346 395 70 144 346 88 29 55 281 393 57 340 251 171 264 206 90 111 366 258 154 245 247 165 90 368 204 135 171 252 358 249 199 199 179 96 92 222 159 206 246 242 353 311 259 55 126 250 182 266 209 105 111 291 324 312 64 207 185 104 284 90 194 232 59 195 348 140 214 297 90 299 215 158 168 126 351 95 263 303 16 150 350 38 308 221 177 107 213 96 181 103 177 21 179 200 18 220 188 123 304 121 124 206 297 278 207 307 231 268 277 283 289 303 384 131 291 186 213 287
 222 186 305 153 94 50 192 191 195 336 115 17 93 172 245 135 280 128 105 143 139 215 169 34 192 349 145 212 125 234 213 212 225 340 203 201 190 289 328 283 310 1 144 340 284 116 165 268 158 158 233 94 216 314 289 71 167 120 88 209 304 135 172 266 332 154 135 145 132 285 184 231 267 316 158 83 142 42 197 234 40 113 243 216 124 248 311 266 141 89 258 170 261 140 121 289 249 298 59 62 307 254 163 150 315 61 189 224 245 185 188 164 373 141 297 306 226 89 315 333 165 205 191 112 137 269 186 114 145 174 162 280 262 105 19 164 297 199 370 267 110 233 339 189 306 210 48 172 241 171 305 59 156 273 161 186 97 220 208 165 311 270 177 282 90 147 312 271 127 217 362 263 277 303 189 224 317 102 287 283 220 340 272 200 102 134 177 207 186 99 212 195 74 151 158 327 61 204 255 181
 184 95 185 61 69 180 125 276 123 205 232 133 214 29 114 162 158 140 51 257 109 144 247 166 57 240 82 277 36 96 97 184 82 227 112 298 287 145 204 187 167 144 1 214 187 125 34 154 53 122 136 218 98 219 146 211 270 148 61 143 204 150 48 150 220 221 27 179 237 206 196 115 125 214 237 156 222 116 78 182 181 237 101 99 203 110 170 123 157 229 115 209 200 8 124 198 112 175 200 97 190 192 141 22 184 203 125 104 144 150 230 134 260 67 200 177 87 57 199 232 141 165 228 164 135 129 42 106 55 163 97 150 133 143 159 185 161 136 252 142 138 96 239 138 166 136 183 29 173 184 175 141 107 170 50 45 198 78 181 178 168 164 219 139 159 97 203 147 71 76 245 132 175 159 96 143 174 60 188 159 208 209 149 136 148 143 108 203 134 118 194 187 131 179 244 201 130 124 175 175
 363 268 41 256 247 385 302 387 166 20 387 325 377 188 101 273 62 349 264 468 313 157 459 349 205 64 282 364 248 186 129 369 162 296 146 511 500 122 15 97 136 340 214 1 94 335 183 256 184 320 120 383 236 325 152 395 482 271 255 165 83 359 172 78 51 334 237 283 380 132 397 243 109 311 354 308 434 323 231 350 379 445 166 126 416 108 164 118 364 429 130 299 164 221 248 105 106 244 386 307 46 162 339 198 225 400 305 117 108 205 311 215 64 201 310 230 187 264 44 81 338 348 305 295 341 174 182 243 256 361 189 65 82 279 357 272 197 312 50 229 270 193 328 187 79 303 365 190 331 388 224 352 303 284 181 194 409 147 368 262 121 277 307 118 372 205 62 234 216 178 46 83 87 118 156 142 120 240 90 58 238 17 69 311 286 253 178 248 188 263 382 382 292 387 457 14 299 292 132 240
 363 267 58 243 195 332 301 299 92 105 310 268 303 170 99 192 62 325 231 422 295 75 426 286 203 68 266 274 222 203 92 365 172 340 83 472 461 167 80 4 191 284 187 94 1 309 154 284 140 307 54 309 246 357 196 329 441 194 207 83 21 336 140 51 56 249 213 200 300 42 381 258 139 345 269 236 399 277 234 356 322 395 187 90 380 119 217 149 342 371 156 211 71 194 175 16 116 282 321 265 49 69 326 166 271 341 303 88 44 121 222 135 94 147 339 273 200 224 51 50 326 345 215 217 320 208 170 175 239 348 123 87 85 204 302 186 241 311 96 259 196 210 367 106 136 307 299 172 341 370 267 310 291 310 141 187 367 150 363 177 178 302 219 159 335 138 36 264 159 186 88 93 16 171 99 63 180 189 5 69 146 105 68 311 211 175 109 157 108 194 376 372 224 364 421 85 233 295 41 153
 107 98 309 85 134 113 88 303 235 325 230 119 208 148 236 224 282 18 79 153 35 257 126 149 140 364 61 320 90 176 220 98 184 243 230 181 169 247 327 309 261 116 125 335 309 1 158 178 171 48 257 208 137 208 236 177 156 207 116 254 327 28 171 274 344 261 100 238 246 325 80 148 237 214 268 185 103 77 127 121 130 144 193 223 87 229 252 232 36 159 221 268 312 118 194 319 231 212 166 66 314 304 49 144 235 146 83 228 266 247 288 226 384 171 193 224 170 93 323 355 51 91 289 209 22 209 155 179 82 61 203 272 256 194 116 253 226 91 376 187 194 172 234 242 278 105 162 147 131 67 226 64 54 175 170 145 96 191 94 250 267 173 276 244 53 194 327 188 165 170 368 254 298 260 214 259 273 134 310 282 297 329 272 93 195 214 217 287 238 176 99 84 165 56 125 323 155 103 292 258
 214 121 153 91 77 205 153 274 96 176 240 152 224 25 84 155 126 173 82 286 142 115 279 182 68 207 114 270 69 96 64 215 73 238 81 329 318 128 173 154 153 165 34 183 154 158 1 167 28 154 104 228 115 236 136 228 300 143 78 115 171 183 15 117 187 218 60 171 242 175 229 131 103 230 235 161 253 142 96 210 203 264 94 66 234 84 161 104 190 252 98 200 171 41 117 165 85 182 217 125 158 163 174 16 187 224 154 71 111 129 220 116 227 52 217 182 88 82 166 198 173 195 217 162 168 125 36 101 87 195 76 120 103 141 181 174 160 164 220 151 135 99 254 114 142 162 198 26 199 218 178 170 139 187 24 50 227 60 212 166 151 180 210 121 190 80 170 156 63 73 213 102 141 142 66 112 157 68 155 127 187 180 117 164 147 134 83 184 111 118 225 220 137 212 275 170 139 150 143 158
 132 84 251 117 219 284 95 427 257 239 374 263 354 143 186 315 229 180 168 328 144 274 285 298 101 310 126 430 150 82 205 144 114 75 237 343 332 136 255 285 130 268 154 256 284 178 167 1 194 134 248 356 57 74 108 338 325 301 207 276 293 184 176 234 289 373 145 331 383 317 193 40 152 65 388 305 270 229 78 112 296 321 98 205 258 166 107 142 186 334 131 362 325 152 276 298 169 36 326 207 260 318 146 168 63 315 100 201 249 294 382 282 318 216 56 51 86 190 268 313 144 126 380 315 167 83 133 259 126 159 242 206 201 295 276 337 70 97 306 28 290 75 88 279 179 82 314 142 88 190 55 234 125 29 190 118 273 137 145 330 144 21 372 140 230 246 282 24 223 102 300 194 268 143 226 266 147 211 282 224 353 243 220 95 299 296 248 350 276 271 158 169 279 203 290 248 276 79 291 324
 236 146 149 113 66 202 176 250 71 179 222 143 207 52 89 130 124 187 92 288 159 92 287 170 95 199 133 244 85 123 56 236 97 265 61 335 324 147 172 140 173 158 53 184 140 171 28 194 1 173 88 212 142 264 159 217 304 119 73 91 159 197 22 111 180 194 78 146 222 156 245 158 119 257 211 141 261 142 123 234 197 263 119 59 241 95 184 121 204 246 117 173 148 59 92 149 95 209 207 128 152 140 192 32 213 218 177 67 98 102 193 89 221 27 244 208 115 85 161 187 192 217 190 139 183 149 63 78 107 213 48 123 105 119 175 147 185 187 216 178 112 126 281 88 154 187 186 54 224 233 205 173 158 214 6 78 230 80 233 139 169 207 184 139 196 53 162 183 41 99 208 106 130 160 45 91 175 57 142 126 160 182 116 187 125 109 57 157 84 96 245 238 119 226 282 170 123 175 124 130
 70 60 298 66 153 160 41 341 242 307 272 159 250 138 223 251 271 47 91 194 21 264 156 191 117 356 42 355 90 146 216 66 161 196 233 213 202 220 312 307 230 158 122 320 307 48 154 134 173 1 257 251 101 161 204 222 193 234 136 262 323 51 168 266 335 295 97 266 287 328 78 108 215 166 304 220 138 118 95 78 176 189 165 218 125 212 217 209 54 207 197 297 320 116 218 318 215 169 211 101 304 312 21 143 194 192 37 221 264 262 318 243 373 181 146 182 142 111 313 350 20 51 318 240 34 176 141 201 69 43 213 257 243 223 160 279 188 44 364 146 222 141 187 254 256 58 205 137 85 70 184 110 18 129 171 127 141 173 62 275 238 128 306 218 99 208 320 147 178 145 356 240 294 232 217 264 243 151 307 270 317 312 261 46 225 238 226 308 250 202 73 66 197 74 159 308 189 57 296 279
 316 221 81 194 142 281 254 269 46 124 269 217 259 122 71 153 64 273 179 370 244 41 374 237 159 117 216 250 170 167 45 317 135 310 31 420 409 149 107 53 176 233 136 120 54 257 104 248 88 257 1 265 205 321 174 281 388 152 155 48 73 284 90 46 100 215 162 164 261 73 330 218 117 311 235 191 347 225 190 310 272 343 154 44 327 91 198 126 290 320 130 182 79 143 130 63 89 252 273 212 79 72 276 115 246 291 256 48 14 87 196 95 141 94 302 245 163 171 85 102 276 297 190 175 269 179 125 127 189 298 73 82 68 160 251 154 215 265 139 225 152 174 334 68 131 261 251 124 297 319 240 257 241 273 89 142 314 112 315 144 166 265 191 141 282 89 80 231 107 147 131 76 45 157 46 26 170 137 56 71 131 126 62 265 167 134 60 137 69 147 327 322 176 312 368 108 185 249 44 123
