NAME : domp260p86v7
COMMENT : (Deleplanque et al.) 
TYPE : DOMP
DIMENSION : 260
DISPLAY_DATA_TYPE: NO_DISPLAY
OPEN_FACILITIES : 86
COST_SECTION
 1 167 99 206 421 66 286 27 411 241 198 370 160 264 140 65 343 298 216 206 266 74 23 327 45 234 295 30 285 104 247 160 422 198 321 323 200 293 69 179 257 241 254 209 311 119 206 355 226 35 238 268 346 71 289 103 309 221 198 69 327 302 163 111 353 136 202 314 177 184 67 208 102 346 233 77 285 195 126 62 210 79 376 266 148 258 251 210 19 176 112 251 34 43 400 156 125 364 135 352 143 194 405 323 119 152 136 120 267 272 54 305 294 262 360 252 93 63 376 83 252 193 327 188 23 355 233 133 115 80 156 79 258 226 342 288 346 272 49 96 219 196 307 308 353 236 188 75 277 340 91 121 329 268 135 254 318 61 135 168 364 335 340 226 332 83 350 141 369 268 154 251 344 21 226 110 37 409 95 143 239 137 155 57 68 86 193 9 82 207 268 147 428 228 85 265 253 157 59 162 333 70 34 193 155 328 278 207 210 335 12 191 415 301 228 326 136 87 194 87 296 167 278 389 157 189 336 305 315 279 320 77 188 196 41 230 166 78 255 180 338 311 288 166 178 211 268 121 358 438 340 316 220 245 368 142 227 21 145 376
 167 1 235 257 434 106 237 142 418 291 259 337 104 406 227 186 314 382 363 50 275 219 162 376 153 232 292 138 163 64 223 196 435 40 363 256 55 281 187 80 122 183 300 168 333 171 343 233 167 140 363 301 260 97 283 126 379 73 105 131 316 159 242 116 232 37 353 359 316 330 126 360 241 345 120 235 310 56 192 170 114 221 381 361 137 303 258 275 183 234 151 400 182 208 415 159 270 391 33 367 165 32 422 360 91 164 137 178 184 259 114 200 298 400 398 125 75 132 355 147 203 95 351 212 153 246 326 50 140 160 284 182 166 283 305 294 238 269 180 154 63 328 280 186 375 352 172 92 311 309 220 102 364 303 293 215 369 151 33 70 338 270 230 245 267 137 225 276 349 381 20 342 303 147 219 185 174 433 145 105 231 241 132 191 233 96 234 161 155 262 296 284 436 170 91 340 310 11 224 7 299 118 176 50 31 391 284 239 85 346 155 220 421 385 334 205 38 88 318 224 327 165 368 404 308 93 210 359 193 147 308 140 154 315 181 334 294 219 117 287 365 311 236 216 93 173 260 113 336 452 258 182 365 295 359 223 84 147 229 394
 99 235 1 139 351 133 263 119 343 168 127 328 181 173 70 50 301 205 129 261 213 27 121 246 143 194 245 118 306 181 218 120 352 255 244 305 250 247 49 214 292 233 181 200 245 96 112 369 222 132 140 200 337 152 241 121 221 269 223 105 277 336 89 208 367 213 120 236 83 97 110 127 9 288 258 46 219 243 84 157 232 22 312 170 150 185 201 134 99 113 107 167 67 93 329 143 37 290 203 285 125 256 333 247 212 135 138 91 268 230 135 312 239 169 282 282 170 161 326 181 236 222 257 146 121 360 140 189 119 177 58 57 265 151 305 232 351 225 139 194 273 99 268 326 283 138 172 152 208 299 16 215 254 199 73 231 237 84 203 207 318 316 346 175 313 181 367 44 318 170 227 158 308 114 192 74 129 334 101 165 202 52 160 48 71 140 136 98 180 138 203 51 360 223 173 177 174 226 89 232 295 118 125 243 233 241 224 152 247 272 105 143 349 207 132 342 214 148 96 13 226 151 184 319 76 219 354 223 333 307 272 175 183 98 62 134 68 22 291 85 266 257 266 113 207 200 224 143 310 367 330 342 132 172 313 76 271 111 74 305
 206 257 139 1 218 195 153 211 208 38 15 195 160 218 70 143 169 128 201 258 78 157 227 126 246 77 110 207 245 232 108 62 219 257 118 195 242 116 139 196 251 149 50 126 108 97 165 289 147 225 157 64 234 219 108 140 122 253 187 159 142 287 50 289 286 254 205 112 155 182 165 212 144 151 213 183 82 234 82 266 189 152 175 117 122 54 71 24 215 31 115 232 177 220 196 100 155 160 235 149 94 264 200 118 282 95 121 92 186 104 209 232 102 206 157 237 225 252 190 279 140 193 123 51 222 270 87 210 123 280 125 128 194 26 176 96 263 95 254 293 264 147 141 257 149 134 101 214 73 168 134 290 125 63 197 128 118 152 233 198 183 202 260 49 200 274 290 136 182 152 260 97 181 209 82 98 241 204 128 154 86 88 129 155 206 183 25 200 281 6 66 142 225 146 242 85 55 253 222 257 166 171 238 238 272 135 89 30 222 135 205 42 213 131 108 268 257 194 128 144 92 97 119 185 183 191 282 106 263 256 137 270 123 118 167 105 126 151 253 90 133 120 157 44 182 122 96 146 175 234 225 282 199 42 175 66 249 205 67 172
 421 434 351 218 1 401 213 425 20 184 227 133 332 355 286 360 140 193 366 415 163 372 442 117 460 205 144 420 341 430 213 266 2 419 111 224 399 156 355 358 372 260 171 268 111 307 333 338 273 438 301 155 256 425 152 342 160 400 336 368 123 387 265 495 336 444 379 120 338 363 374 384 356 92 342 396 138 392 297 481 331 367 55 226 307 167 181 218 432 247 321 383 394 436 23 287 359 63 421 71 292 429 19 106 483 287 313 304 279 176 418 303 138 342 79 358 425 463 103 491 239 346 96 239 437 307 233 395 324 494 320 344 297 201 156 143 305 167 470 505 416 320 164 337 70 277 266 418 146 146 349 493 99 155 398 225 125 365 420 366 121 216 308 200 217 485 346 337 105 267 444 223 162 423 217 313 457 31 337 336 205 300 308 371 420 384 230 416 494 217 154 339 16 270 447 191 179 434 437 437 157 378 454 398 457 140 153 217 369 90 420 235 22 194 258 335 446 395 303 358 127 278 212 34 375 346 347 138 339 362 131 482 282 292 384 253 317 366 376 280 86 125 217 257 344 263 175 339 116 19 249 366 362 181 85 283 390 419 282 47
 66 106 133 195 401 1 240 45 388 231 192 332 102 306 143 85 306 307 261 142 240 115 70 320 73 202 265 39 222 49 208 137 402 134 311 273 135 259 87 116 193 190 243 161 292 99 244 294 174 51 268 252 292 25 258 61 311 157 137 37 296 238 164 96 292 80 249 305 216 228 31 256 139 319 171 131 266 130 115 96 149 117 352 280 103 247 223 206 83 166 82 298 78 108 380 118 167 349 74 331 111 131 386 310 89 116 92 104 211 238 21 246 267 301 349 189 38 66 342 94 205 131 309 163 60 296 245 68 78 100 187 86 200 219 302 261 287 241 96 108 155 230 269 246 335 261 146 21 261 302 120 97 316 252 189 209 311 53 74 104 328 286 280 202 283 86 288 176 335 292 96 262 302 48 192 102 86 393 67 87 205 151 106 87 129 24 176 58 99 198 250 184 406 177 49 268 247 97 123 102 294 25 86 128 101 327 251 187 146 312 55 168 392 310 247 264 82 22 223 122 280 128 290 369 204 127 274 299 253 215 288 84 140 222 77 248 197 116 191 198 322 283 241 151 117 164 235 70 323 419 287 253 264 236 338 142 163 47 147 357
 286 237 263 153 213 240 1 278 195 158 166 101 146 370 199 242 80 254 351 209 95 272 301 203 311 77 84 272 131 251 48 144 214 214 184 44 194 68 238 159 160 56 156 81 140 175 316 147 72 288 309 139 82 259 77 185 231 191 133 219 92 176 189 323 145 255 353 186 303 329 222 361 271 124 132 300 132 188 181 334 125 268 160 258 140 156 89 175 302 162 177 384 270 317 198 131 291 189 233 157 147 225 205 177 305 137 152 177 66 60 260 98 98 358 205 146 251 305 121 332 37 144 155 121 293 123 234 208 172 340 270 224 85 165 69 98 117 75 330 345 207 298 51 131 170 285 99 251 143 74 252 316 177 141 333 34 200 227 231 170 103 53 116 106 50 324 152 277 116 299 251 240 67 278 75 194 318 221 192 157 68 223 135 255 317 218 139 278 338 158 129 284 211 69 276 215 176 239 326 241 63 222 317 194 264 230 93 125 162 137 280 126 196 256 258 134 258 226 279 263 148 121 255 188 325 145 147 197 134 150 85 323 101 270 261 255 273 267 164 240 169 99 5 154 147 77 67 171 103 231 73 159 350 159 131 192 180 275 197 183
 27 142 119 211 425 45 278 1 413 247 205 365 144 287 150 77 339 311 240 182 266 95 26 335 37 231 294 7 266 79 241 160 425 174 328 312 177 290 81 160 237 230 260 198 314 119 228 337 214 15 258 272 333 46 287 93 320 199 181 60 325 281 172 90 336 110 226 321 199 207 56 232 122 346 214 102 288 172 130 59 193 99 377 281 139 264 250 218 42 181 107 275 53 67 403 150 147 369 111 355 139 170 408 328 95 146 127 122 253 268 30 289 293 284 367 232 68 44 373 69 243 174 331 188 17 339 247 111 108 70 176 87 242 233 337 288 330 270 54 84 196 216 302 289 357 255 181 51 281 335 108 98 335 272 160 246 326 60 111 148 360 325 323 227 322 66 332 161 366 286 128 265 337 6 222 114 43 413 91 128 235 150 144 73 94 67 196 23 71 213 271 168 430 216 60 276 261 132 84 137 328 57 42 170 130 338 278 209 189 337 16 191 417 314 245 308 111 66 213 106 300 160 293 392 180 171 318 313 297 259 318 62 178 214 58 246 186 98 234 195 342 311 279 169 161 201 265 109 355 442 328 296 243 252 367 151 205 9 154 379
 411 418 343 208 20 388 195 413 1 176 218 114 317 357 277 350 121 195 365 398 149 364 431 117 448 190 128 408 323 415 197 254 20 402 108 205 382 139 345 341 354 243 163 252 101 295 331 319 256 426 301 145 237 411 136 329 162 383 319 356 106 368 256 482 317 428 377 117 335 360 361 383 348 75 324 388 127 375 286 469 314 358 38 226 293 159 166 211 422 237 308 384 384 427 22 273 353 61 406 60 278 412 24 102 469 273 299 292 260 160 406 284 123 344 81 340 411 451 84 478 222 329 87 227 426 288 230 380 311 482 315 333 279 193 138 128 286 151 459 493 398 318 146 318 62 276 251 405 137 127 340 479 95 146 392 208 124 354 405 350 102 197 289 188 198 473 327 331 86 269 428 221 143 411 202 302 446 44 324 321 190 292 294 362 412 371 219 405 482 208 144 334 19 253 433 188 173 418 429 421 138 365 443 381 441 143 139 205 352 77 409 222 7 196 256 316 431 381 300 350 118 264 213 27 371 330 328 136 321 343 113 469 266 289 374 251 312 358 358 275 80 109 198 246 327 247 159 325 97 36 230 347 361 173 66 273 373 407 273 41
 241 291 168 38 184 231 158 247 176 1 44 179 191 219 103 178 156 103 210 289 68 189 263 90 282 87 96 243 264 268 118 97 185 288 82 198 272 107 174 226 275 166 14 149 78 134 174 300 167 262 157 35 238 255 97 176 90 282 214 196 124 308 81 326 298 289 217 75 170 196 202 224 173 126 238 213 54 264 119 302 215 183 146 101 155 18 70 35 250 67 151 238 212 253 162 133 180 125 269 118 128 295 167 83 319 128 156 129 201 101 246 245 85 207 121 261 261 289 169 315 153 221 90 81 258 279 80 244 158 316 144 163 212 18 166 79 272 88 289 330 294 158 133 273 116 132 128 250 41 156 165 327 89 33 220 138 81 188 268 229 166 202 270 59 200 311 303 159 162 143 295 84 171 245 97 134 277 169 165 187 95 117 161 189 237 219 58 236 317 35 42 163 193 166 279 61 22 287 254 291 157 207 273 269 306 101 76 54 250 107 241 72 181 105 106 282 292 230 138 175 59 128 99 152 202 220 296 70 279 277 121 307 150 127 202 101 143 183 277 105 99 101 162 81 212 144 93 181 157 200 229 300 207 5 151 100 276 241 99 138
 198 259 127 15 227 192 166 205 218 44 1 208 164 205 61 135 183 124 187 262 92 147 220 131 239 90 123 202 255 231 121 64 228 261 124 209 247 130 131 201 259 160 57 135 119 95 152 300 157 220 145 74 247 216 121 139 122 259 193 156 155 296 39 286 298 254 191 117 141 168 162 198 133 163 221 172 93 239 78 259 196 142 186 109 126 61 85 17 207 27 114 219 169 211 205 104 142 167 235 159 95 267 209 125 280 98 123 89 197 117 205 243 115 194 163 245 223 247 202 273 152 198 132 59 216 283 77 211 122 274 111 121 204 29 190 109 275 108 246 288 269 134 154 268 158 122 109 211 82 182 123 287 132 73 184 140 122 147 234 202 196 215 272 62 213 269 302 123 195 142 261 89 194 203 94 92 234 212 126 157 99 76 133 146 195 181 33 193 275 12 77 128 235 156 239 82 57 254 212 259 180 168 231 242 272 137 102 42 228 146 198 50 223 127 97 279 256 193 115 133 101 102 113 194 169 197 292 109 274 265 150 265 131 105 160 94 112 141 261 76 142 133 170 44 188 132 110 147 188 243 238 292 185 48 187 57 255 199 57 181
 370 337 328 195 133 332 101 365 114 179 208 1 243 394 258 318 28 248 388 308 117 342 388 176 400 138 86 360 218 348 125 214 133 313 158 96 293 81 313 258 254 155 170 176 117 253 352 206 171 377 333 147 124 352 88 274 217 289 233 306 56 261 242 419 204 354 395 164 347 373 310 402 334 69 229 369 130 287 252 423 225 337 90 267 230 167 127 209 385 216 260 415 349 396 125 217 348 136 331 105 228 324 132 149 402 220 241 253 161 100 351 176 96 382 159 240 347 397 31 425 135 244 122 186 380 175 255 306 258 431 318 300 180 193 33 101 173 103 417 438 305 335 64 210 120 307 187 345 145 31 320 413 145 149 390 126 177 310 330 269 17 86 177 153 88 417 215 330 31 311 350 254 36 365 145 267 404 152 276 252 132 280 228 331 390 311 192 363 429 197 139 335 126 168 371 222 189 339 402 340 40 312 402 294 363 208 107 176 261 94 365 187 113 250 282 206 357 320 316 330 137 206 258 119 376 245 216 182 211 239 59 415 195 305 340 277 318 336 258 281 130 79 102 216 246 171 105 263 26 148 118 238 385 178 55 252 278 361 255 121
 160 104 181 160 332 102 146 144 317 191 164 243 1 338 147 140 219 287 303 99 172 176 169 275 174 129 190 138 129 107 123 102 333 98 261 174 83 180 138 38 111 92 200 68 230 92 276 197 76 152 287 199 191 117 182 64 280 97 43 94 216 155 156 179 195 113 297 257 252 273 94 305 189 243 79 201 207 75 112 197 53 175 280 271 40 203 155 180 178 141 76 340 156 199 313 61 217 289 91 265 73 105 319 257 161 68 48 99 110 158 121 146 196 330 295 102 107 164 258 190 110 41 248 112 160 196 237 65 64 199 217 127 99 185 212 192 187 167 197 203 106 258 182 151 272 271 69 109 208 213 167 172 262 201 251 118 267 111 89 39 242 188 181 143 185 181 193 214 251 297 113 251 211 146 117 113 186 330 82 18 128 168 32 150 210 79 136 152 196 165 194 223 334 78 132 244 212 102 211 106 204 90 185 79 126 291 181 138 69 244 150 121 320 290 250 168 116 84 245 175 225 64 276 302 256 39 179 258 158 127 208 181 52 239 149 248 225 174 111 208 262 209 145 123 27 73 159 42 239 350 186 163 304 196 259 142 95 144 148 292
 264 406 173 218 355 306 370 287 357 219 205 394 338 1 193 222 373 163 51 428 286 194 283 241 305 294 314 288 451 354 325 248 356 423 252 412 415 325 221 375 446 361 226 333 281 248 64 502 356 299 63 249 451 324 315 285 197 433 377 276 340 488 190 374 500 385 69 243 91 82 281 67 168 333 410 189 266 408 228 312 383 190 339 132 301 228 284 196 258 215 265 33 235 240 337 286 141 297 375 311 269 425 338 260 382 277 292 241 398 317 307 445 301 14 278 435 343 326 379 341 355 378 283 258 286 486 141 359 277 334 123 225 403 207 384 296 478 305 292 353 439 81 351 467 301 88 304 324 250 374 187 384 266 246 137 344 234 256 374 370 380 418 475 265 416 344 503 131 373 89 399 142 389 282 298 228 285 328 265 324 302 172 311 220 207 311 235 266 339 213 258 123 369 356 344 175 206 398 227 403 374 290 281 409 406 216 294 246 407 309 273 251 363 163 114 479 386 320 96 185 260 289 145 331 110 376 493 224 473 457 338 338 323 104 233 119 115 192 447 135 283 316 374 228 364 330 309 305 370 365 442 488 46 219 357 199 432 279 193 318
 140 227 70 70 286 143 199 150 277 103 61 258 147 193 1 77 232 165 162 241 143 88 163 188 183 127 175 147 260 187 152 59 287 237 183 241 226 178 72 184 254 176 116 144 178 58 132 316 168 164 141 133 276 167 171 101 171 242 184 107 208 295 24 235 314 215 160 175 112 136 114 168 77 219 217 114 151 219 36 201 191 83 245 138 109 121 132 71 148 44 77 198 110 151 264 93 93 227 199 219 77 241 269 185 232 85 100 50 212 161 154 259 169 185 222 242 178 193 256 218 175 186 192 79 159 304 103 178 89 218 76 64 214 87 236 163 295 156 188 233 250 114 199 277 218 127 115 164 141 230 64 238 191 132 136 168 178 94 198 181 248 251 291 106 248 215 315 80 249 155 225 120 240 147 125 43 176 271 83 134 134 26 118 87 137 138 67 136 219 71 136 88 294 168 191 127 113 220 152 225 226 121 172 221 234 189 155 83 215 204 141 75 282 167 108 291 217 149 99 75 160 98 147 254 128 184 304 165 284 265 202 210 132 93 101 108 82 82 254 63 201 188 202 45 173 143 155 117 241 303 268 297 162 107 244 8 241 143 5 240
 65 186 50 143 360 85 242 77 350 178 135 318 140 222 77 1 291 235 178 214 209 37 87 263 108 181 239 75 267 133 199 104 361 208 258 282 203 238 5 170 249 204 191 170 250 68 160 333 191 91 185 206 310 105 234 77 246 223 182 57 272 294 99 166 331 164 168 251 131 145 61 175 56 288 218 63 223 197 67 126 192 37 316 204 114 195 195 147 73 114 70 215 35 80 338 113 85 302 155 291 96 208 343 260 167 107 101 66 236 219 89 278 236 217 297 240 122 121 320 144 211 179 265 133 85 328 171 141 80 143 103 19 231 163 292 230 319 217 112 159 226 146 255 288 291 180 145 104 215 288 36 172 266 206 113 209 254 36 154 162 310 294 313 169 291 142 330 92 313 211 179 189 294 73 175 51 100 346 59 123 187 74 123 14 77 91 133 61 145 145 207 100 367 193 127 201 189 178 86 183 282 70 96 197 185 264 220 148 203 275 67 134 355 238 168 305 166 100 140 39 234 123 216 327 123 176 317 241 296 266 265 137 152 140 25 170 113 36 248 119 275 254 244 106 164 171 214 100 303 377 303 302 180 182 311 79 226 70 81 314
 343 314 301 169 140 306 80 339 121 156 183 28 219 373 232 291 1 232 365 288 92 315 361 163 374 111 61 333 204 323 99 188 140 293 145 85 272 55 287 236 237 133 148 151 101 226 329 201 148 351 311 125 120 327 63 247 202 270 211 280 36 248 216 394 199 330 371 150 322 349 284 378 308 60 210 343 109 266 225 397 204 311 90 247 205 146 101 185 358 190 233 393 323 369 128 190 322 131 308 98 202 303 135 135 378 194 215 226 143 73 325 164 73 360 151 223 322 371 43 399 112 222 109 159 354 171 233 282 232 405 293 273 162 170 18 78 168 77 390 413 286 312 38 198 113 286 161 319 124 7 293 388 133 128 365 102 163 284 306 246 24 78 170 127 79 391 208 304 38 292 327 233 25 339 118 241 378 153 250 227 105 254 202 304 363 285 166 336 403 172 116 310 135 145 346 202 168 316 375 318 18 285 375 273 340 194 82 150 240 83 339 160 121 234 260 196 333 294 292 304 118 180 239 119 351 223 208 166 200 225 36 389 170 281 313 255 294 310 241 257 119 59 82 190 223 147 79 238 25 156 112 227 362 156 56 226 259 335 229 118
 298 382 205 128 193 307 254 311 195 103 124 248 287 163 165 235 232 1 178 385 160 231 321 80 342 188 179 309 366 350 218 187 194 384 94 291 369 194 232 323 376 267 100 250 132 214 148 399 269 326 112 116 331 331 183 259 35 381 314 270 197 409 144 398 397 375 193 86 161 181 277 198 206 182 339 246 126 361 194 358 315 225 181 39 249 100 167 108 302 149 234 191 266 296 175 227 198 136 357 154 218 390 176 103 395 221 246 208 302 195 318 345 165 150 116 362 341 355 228 379 253 320 129 178 319 376 66 333 244 377 156 226 313 104 246 161 369 180 342 393 392 140 220 374 142 90 228 327 113 234 210 402 109 114 228 238 75 257 356 325 233 292 368 160 291 377 403 174 223 75 383 48 252 308 198 206 331 166 244 280 195 163 256 242 271 300 152 295 379 123 126 173 207 268 354 44 81 377 291 381 238 284 327 365 394 54 163 153 349 157 301 169 201 4 79 382 377 311 126 216 114 224 23 170 201 318 396 67 380 379 197 372 250 117 258 75 149 225 378 121 126 174 258 166 310 245 187 270 223 203 322 401 173 99 204 165 376 304 161 157
 216 363 129 201 366 261 351 240 365 210 187 388 303 51 162 178 365 178 1 388 275 147 234 250 256 275 305 241 421 309 305 219 367 383 258 394 376 314 178 338 413 336 219 305 280 212 37 477 329 251 68 243 431 278 304 246 209 395 343 234 334 455 164 326 475 340 20 249 52 34 238 21 123 332 377 140 261 369 194 262 350 145 343 142 267 223 270 182 209 191 228 39 188 190 347 254 95 305 332 314 237 384 348 265 334 246 257 206 373 303 261 419 294 53 289 401 298 278 377 292 332 343 286 235 238 463 137 317 240 284 87 183 375 196 374 288 455 293 243 303 400 54 339 438 306 91 276 279 246 365 144 336 272 240 87 323 243 213 331 333 375 401 451 248 399 295 477 90 370 108 356 145 379 234 278 191 236 341 226 288 284 138 277 175 157 268 213 218 289 197 251 81 379 329 298 178 202 355 177 360 364 246 232 370 361 230 284 227 371 309 225 228 371 179 111 452 342 277 74 140 259 259 157 339 61 341 465 230 445 425 330 289 293 84 187 116 81 146 412 112 288 310 355 202 329 303 295 267 366 378 423 458 7 211 357 169 396 232 162 325
 206 50 261 258 415 142 209 182 398 289 262 308 99 428 241 214 288 385 388 1 262 249 205 370 199 219 273 178 117 108 204 200 416 11 355 221 17 260 213 63 74 157 296 150 320 184 365 186 143 183 380 294 220 139 265 144 378 25 80 158 294 110 252 165 185 86 380 352 339 357 155 387 268 324 81 269 300 25 205 216 86 250 361 369 138 299 246 278 223 239 165 426 217 248 397 159 297 378 74 351 170 22 404 350 140 166 143 191 149 241 154 158 282 421 387 80 117 178 329 196 178 71 338 209 196 201 334 75 153 208 306 206 130 283 276 279 193 252 226 203 14 348 255 140 360 367 163 133 302 282 246 151 354 295 325 192 363 179 74 62 311 235 185 237 232 185 177 300 324 394 69 349 273 187 206 202 219 417 164 108 216 259 130 221 270 126 234 199 203 263 287 308 415 146 137 342 309 59 264 56 271 147 220 21 79 387 269 235 48 329 195 218 400 388 346 158 87 121 337 252 317 162 374 386 336 71 162 354 146 99 286 188 141 332 214 345 315 248 70 303 352 292 207 221 78 156 243 125 311 433 219 133 390 293 336 236 37 186 243 378
 266 275 213 78 163 240 95 266 149 68 92 117 172 286 143 209 92 160 275 262 1 229 286 114 302 44 33 261 214 267 64 108 164 264 97 132 245 40 204 201 233 117 64 113 59 148 239 240 124 279 224 45 173 263 31 180 138 250 183 208 65 259 126 333 238 282 280 97 231 258 214 287 219 81 198 256 41 238 143 323 180 224 113 166 145 63 18 94 279 101 160 304 242 287 143 125 232 117 260 94 130 273 149 91 321 125 151 147 148 36 258 188 28 274 126 218 263 303 114 331 99 192 78 79 280 217 147 233 163 335 202 191 162 80 100 23 210 22 314 345 264 221 66 219 101 199 104 256 50 91 206 331 94 48 274 83 109 208 259 208 106 135 209 41 134 325 244 214 107 209 283 150 105 265 57 159 302 159 177 174 47 164 147 221 278 222 78 260 334 81 35 219 167 122 285 123 84 274 291 277 91 217 299 243 296 139 13 62 218 74 263 77 153 163 173 225 285 233 202 217 59 116 162 131 260 191 239 105 224 230 60 322 123 191 232 168 203 223 236 166 92 46 99 104 187 107 28 177 98 181 164 247 272 69 103 138 242 261 140 121
 74 219 27 157 372 115 272 95 364 189 147 342 176 194 88 37 315 231 147 249 229 1 95 269 118 206 260 95 303 162 227 130 373 242 266 313 239 261 39 206 285 237 202 203 264 99 134 368 225 107 164 220 343 131 256 114 246 259 218 92 293 330 109 184 366 194 135 258 105 115 95 142 28 306 254 29 238 232 92 131 228 7 332 196 149 206 216 155 73 130 105 184 43 67 350 146 54 312 187 305 128 242 355 269 189 139 136 96 270 243 114 313 255 190 305 277 151 136 342 155 242 215 278 157 96 362 166 175 115 151 83 52 266 172 318 249 353 240 113 169 261 123 281 324 304 164 176 133 228 312 25 192 276 219 77 239 260 71 187 198 332 324 348 190 321 156 366 68 334 195 210 183 320 90 202 79 103 356 95 159 213 74 158 29 50 124 152 74 154 157 222 74 381 226 151 201 196 210 66 215 308 103 99 232 215 265 240 168 240 291 81 156 369 233 158 341 195 132 121 16 247 155 210 340 90 212 352 246 331 302 287 150 185 124 40 160 93 7 284 110 287 274 274 127 200 204 238 136 325 388 335 338 150 193 330 92 262 87 92 326
 23 162 121 227 442 70 301 26 431 263 220 388 169 283 163 87 361 321 234 205 286 95 1 349 24 253 315 32 291 99 264 179 443 196 343 337 200 311 91 185 261 254 276 223 332 138 226 362 239 24 259 289 358 67 308 117 332 222 206 83 346 305 185 93 361 129 219 336 197 202 80 225 123 366 239 95 305 196 147 40 218 100 396 288 162 280 270 232 26 197 129 269 56 50 421 172 145 386 132 373 160 191 426 344 104 169 150 140 278 290 53 314 313 281 382 257 89 45 394 61 267 199 348 208 10 364 256 134 131 57 178 101 268 248 359 307 355 291 30 74 218 216 324 314 374 258 204 73 298 357 113 104 351 289 151 269 340 79 132 173 382 350 349 246 346 62 357 162 387 289 147 274 360 24 244 131 18 430 112 153 257 159 168 79 81 92 214 28 60 229 289 168 449 241 75 287 275 152 67 157 350 81 17 193 147 350 297 227 214 356 24 211 436 323 250 333 129 91 216 109 317 183 301 410 174 196 343 327 322 283 339 56 202 218 64 253 188 100 258 202 359 331 302 187 186 225 287 133 376 459 352 321 238 267 388 164 229 27 167 397
 327 376 246 126 117 320 203 335 117 90 131 176 275 241 188 263 163 80 250 370 114 269 349 1 369 154 121 331 327 357 178 186 118 370 20 234 353 137 259 308 346 230 78 223 66 222 216 348 237 349 185 77 274 344 127 264 46 360 292 284 129 373 165 415 346 377 263 19 223 247 291 268 249 109 310 290 74 345 207 388 291 263 103 110 241 75 128 118 335 155 240 267 297 335 98 219 249 57 357 76 216 378 99 29 407 215 243 218 261 146 335 299 107 227 40 331 350 377 153 403 212 300 56 166 345 322 118 331 247 404 208 250 276 103 179 106 317 131 374 418 374 205 161 331 63 160 208 339 68 167 246 416 32 75 285 196 10 276 355 312 160 233 317 134 232 399 354 226 149 152 382 106 186 332 166 222 362 93 254 273 159 196 246 273 315 308 146 322 405 123 84 227 130 235 368 75 75 373 334 377 173 296 359 350 394 32 112 139 328 83 328 158 123 81 141 336 380 319 187 254 57 213 96 92 261 300 349 24 336 343 132 395 229 177 287 137 203 263 349 168 48 110 208 170 293 218 140 268 151 129 265 360 246 85 128 186 353 328 183 78
 45 153 143 246 460 73 311 37 448 282 239 400 174 305 183 108 374 342 256 199 302 118 24 369 1 267 329 42 292 91 276 195 461 189 362 345 196 325 112 186 259 262 294 232 349 154 249 363 246 24 281 307 364 63 323 128 353 217 208 95 361 302 205 72 362 118 241 355 220 224 91 246 145 381 240 117 323 192 165 24 220 123 413 310 172 299 286 252 48 216 143 290 78 69 438 185 167 404 125 390 174 183 443 363 86 182 161 157 284 304 54 317 329 303 401 257 83 26 408 38 276 201 366 223 25 367 277 132 143 36 200 120 272 267 371 323 358 306 28 52 212 239 337 315 392 281 215 70 316 370 135 84 369 307 172 280 360 96 126 173 395 358 352 262 355 40 358 184 401 312 137 295 372 38 258 149 24 448 126 159 271 181 177 101 101 96 231 48 38 248 307 190 466 249 63 308 295 143 85 148 362 90 27 189 135 371 313 244 213 372 42 227 452 345 273 334 118 92 238 131 335 195 323 427 196 198 343 347 323 282 354 34 212 240 86 275 210 122 256 224 377 346 312 204 188 235 301 141 390 477 359 320 260 286 403 184 226 42 187 414
 234 232 194 77 205 202 77 231 190 87 90 138 129 294 127 181 111 188 275 219 44 206 253 154 267 1 65 226 179 226 32 78 206 220 138 120 202 60 177 158 194 80 90 70 103 116 240 215 84 244 233 79 158 224 58 142 171 208 140 172 95 223 115 294 212 239 278 136 228 254 177 286 202 118 157 234 82 195 116 289 138 202 153 187 104 90 28 99 248 87 125 308 213 260 185 85 219 161 217 137 94 229 192 133 280 86 111 116 115 39 220 159 68 282 169 179 222 266 143 294 66 148 121 50 246 195 160 191 125 299 195 163 126 92 112 64 187 41 281 308 222 222 75 187 144 210 61 217 87 108 185 290 136 81 261 52 148 175 216 164 130 127 185 31 125 287 217 204 136 225 240 168 115 231 14 131 269 202 141 132 10 150 104 194 254 183 63 227 298 82 71 210 208 82 245 147 108 230 266 234 102 180 267 200 253 176 53 49 175 116 230 52 194 191 183 196 242 193 203 196 100 75 185 174 251 148 210 142 193 193 88 284 79 194 203 180 198 201 196 164 135 83 81 82 143 65 35 136 125 223 149 214 274 90 138 120 200 227 124 164
 295 292 245 110 144 265 84 294 128 96 123 86 190 314 175 239 61 179 305 273 33 260 315 121 329 65 1 289 212 290 71 137 144 277 102 115 257 17 235 215 237 121 89 125 57 177 269 229 132 307 252 66 155 288 10 206 152 260 194 235 34 258 158 358 226 302 311 104 262 289 240 318 251 55 204 287 53 250 173 352 190 256 91 190 167 87 46 125 309 133 188 333 272 318 125 149 264 108 279 78 157 286 132 94 344 150 175 176 146 34 284 181 15 301 122 222 286 330 82 357 100 204 72 108 308 202 174 253 189 362 234 221 163 110 71 19 197 25 343 372 275 252 42 214 89 226 124 281 68 61 238 354 94 69 306 85 118 236 278 223 74 115 197 71 114 351 234 245 75 234 302 175 77 293 76 189 331 145 204 195 63 196 167 252 309 247 110 289 361 113 57 251 145 129 309 145 109 291 322 294 62 243 328 256 315 149 22 94 228 57 292 107 131 181 200 217 305 257 232 248 67 139 184 114 292 204 230 117 218 230 28 348 139 221 262 196 234 255 240 197 86 20 89 135 201 120 32 200 66 162 146 242 302 96 74 170 251 289 172 106
 30 138 118 207 420 39 272 7 408 243 202 360 138 288 147 75 333 309 241 178 261 95 32 331 42 226 289 1 260 75 236 155 421 169 324 306 172 285 78 154 231 224 256 193 310 114 228 331 208 19 257 268 327 42 282 88 317 193 175 55 320 275 169 91 330 107 227 317 199 208 51 234 122 341 208 104 283 167 126 64 187 99 372 279 133 260 245 215 47 177 102 277 53 72 398 144 148 365 106 350 133 165 404 324 95 141 121 117 247 263 25 283 288 285 363 227 64 47 368 73 237 168 326 183 23 333 245 105 103 75 175 84 236 229 331 283 324 265 60 88 191 216 296 284 352 253 175 46 277 329 107 98 331 268 162 240 322 56 106 142 354 319 317 222 316 69 326 161 361 285 125 263 332 10 217 110 49 409 86 122 230 148 138 72 97 61 191 25 75 209 267 168 426 210 58 273 257 128 88 133 322 51 48 165 127 335 273 204 184 332 19 187 412 312 243 302 108 60 213 106 296 155 290 387 182 165 312 309 291 253 313 65 172 213 57 244 185 98 229 193 338 306 273 165 155 196 260 103 349 437 322 291 244 248 362 147 200 10 151 375
 285 163 306 245 341 222 131 266 323 264 255 218 129 451 260 267 204 366 421 117 214 303 291 327 292 179 212 260 1 207 151 204 342 126 309 123 109 196 265 107 45 100 267 121 266 212 391 73 99 271 394 255 109 230 204 192 348 93 88 221 221 47 262 274 72 194 418 309 370 393 220 425 314 253 53 329 254 108 229 313 77 302 289 361 157 268 202 268 303 239 200 457 283 325 327 168 341 318 176 287 186 138 334 302 251 176 169 218 67 183 240 46 224 441 333 39 213 276 244 298 116 93 283 197 282 84 331 162 189 310 335 253 53 266 189 224 77 197 317 308 108 372 180 25 299 375 149 222 262 197 292 262 304 258 377 132 322 238 175 120 225 135 69 207 132 288 67 335 240 396 181 341 184 269 169 234 307 351 209 146 172 284 147 278 338 200 223 277 305 251 246 344 338 100 237 324 285 170 338 168 187 216 307 114 193 352 216 217 82 266 275 206 323 368 350 44 197 202 356 301 272 163 361 317 380 96 52 318 32 23 214 289 129 349 277 347 341 301 50 317 297 228 127 224 107 124 188 170 228 358 110 38 421 267 258 254 81 267 260 313
 104 64 181 232 430 49 251 79 415 268 231 348 107 354 187 133 323 350 309 108 267 162 99 357 91 226 290 75 207 1 226 172 430 99 346 279 106 281 134 104 171 198 279 173 322 137 292 279 181 76 316 285 291 34 282 93 351 127 130 82 317 213 206 73 278 33 297 341 263 276 76 303 187 343 157 176 297 103 156 109 142 165 378 324 123 283 250 246 120 205 118 345 123 145 409 143 215 380 35 360 142 93 415 344 56 145 117 143 211 259 51 238 293 349 383 170 12 72 362 92 216 121 340 194 90 287 289 48 111 104 235 133 196 257 317 288 278 265 118 102 122 278 287 231 365 308 167 31 295 318 168 66 350 286 234 223 348 100 36 91 346 292 271 232 289 82 273 224 355 338 50 306 316 84 215 145 112 424 107 97 227 197 123 135 171 51 211 99 99 236 282 232 433 184 31 309 286 54 162 59 309 68 113 99 54 366 277 220 126 340 93 201 419 352 293 250 34 39 271 170 313 152 334 398 251 118 258 337 238 195 310 83 155 269 123 293 245 164 168 244 353 308 251 189 111 178 258 91 343 447 287 233 311 273 361 186 136 85 191 386
 247 223 218 108 213 208 48 241 197 118 121 125 123 325 152 199 99 218 305 204 64 227 264 178 276 32 71 236 151 226 1 99 214 207 160 91 187 59 195 146 170 54 119 56 120 133 270 184 63 253 264 105 127 228 62 149 198 190 124 182 94 196 143 296 182 235 307 160 257 283 186 315 225 123 135 255 104 180 136 299 120 224 160 217 106 119 52 130 263 115 137 338 229 276 195 93 245 176 213 148 106 217 201 154 280 97 116 134 86 38 227 129 80 313 188 155 224 273 137 300 37 134 138 74 257 164 192 186 134 307 223 181 99 123 96 77 156 50 293 314 205 252 62 158 158 241 62 221 112 95 207 291 156 108 286 22 172 188 211 154 122 99 154 62 97 293 187 231 130 257 234 199 97 242 28 150 281 215 153 130 24 177 104 212 274 187 92 240 305 113 96 238 214 60 248 177 138 223 284 226 87 187 279 186 247 201 68 80 158 127 242 79 199 220 215 166 238 196 233 218 122 82 216 184 278 134 179 167 163 167 86 291 72 224 220 211 227 223 173 194 152 90 51 108 132 51 41 139 118 231 119 185 304 120 138 146 181 238 150 175
 160 196 120 62 266 137 144 160 254 97 64 214 102 248 59 104 188 187 219 200 108 130 179 186 195 78 137 155 204 172 99 1 267 198 175 186 184 135 100 139 202 118 108 87 156 42 188 258 110 174 192 116 219 161 131 80 183 198 134 104 169 242 59 232 256 193 218 170 169 193 109 226 128 187 165 158 130 176 39 217 139 126 218 170 63 112 92 80 173 40 56 255 136 183 245 42 149 212 174 196 33 204 250 174 223 35 61 40 155 115 154 201 135 238 213 189 165 198 218 226 118 138 173 30 173 246 136 149 62 229 134 86 157 88 189 129 237 114 208 240 207 169 152 220 199 174 58 156 125 185 110 232 180 116 190 112 177 101 172 139 206 196 233 68 193 220 258 138 210 198 199 150 192 159 73 54 195 257 72 94 84 84 71 117 177 123 40 153 229 67 113 145 271 110 184 145 116 192 189 196 179 114 192 180 210 196 119 51 168 178 157 32 258 190 150 234 196 135 153 121 144 43 175 233 185 136 247 166 227 211 162 217 76 145 127 149 139 125 203 114 185 153 147 23 126 85 111 85 200 283 211 241 219 102 209 52 194 155 58 221
 422 435 352 219 2 402 214 425 20 185 228 133 333 356 287 361 140 194 367 416 164 373 443 118 461 206 144 421 342 430 214 267 1 419 112 224 399 156 356 358 373 261 172 269 112 308 334 338 273 439 302 155 256 425 153 343 161 401 336 369 124 387 265 496 336 444 380 121 339 364 375 385 357 92 343 397 139 393 298 482 331 368 55 227 308 168 181 219 433 248 322 384 395 437 24 288 360 64 422 72 292 429 20 107 484 288 314 305 279 177 419 303 139 343 80 358 426 464 103 491 239 346 97 240 438 307 234 395 325 495 321 345 297 202 157 143 305 167 471 506 416 321 164 337 70 278 266 419 147 146 349 494 100 156 399 225 126 366 421 367 121 216 308 201 217 486 346 338 105 268 444 224 162 424 218 314 458 32 337 337 206 301 309 372 421 385 231 416 495 218 155 340 15 271 447 192 180 434 438 437 157 379 455 399 458 141 154 218 369 91 421 235 22 195 259 335 447 396 304 359 128 279 213 35 376 347 347 139 339 362 131 483 283 293 385 254 318 367 377 281 87 125 217 257 344 263 175 340 116 18 249 366 363 182 85 284 391 420 283 48
 198 40 255 257 419 134 214 174 402 288 261 313 98 423 237 208 293 384 383 11 264 242 196 370 189 220 277 169 126 99 207 198 419 1 356 228 22 264 207 64 84 161 297 153 322 180 360 195 147 174 376 295 228 130 268 139 377 34 84 152 298 120 249 155 195 76 374 353 334 351 148 381 262 328 88 262 301 27 202 207 90 243 365 367 136 299 247 277 215 237 161 421 209 240 400 158 291 380 65 354 168 13 407 352 130 164 140 188 156 244 145 166 284 416 389 89 108 169 334 186 182 74 340 209 187 210 332 68 149 198 301 200 137 282 282 281 202 255 216 193 24 344 260 149 363 363 163 124 304 287 241 141 356 296 318 195 363 173 65 60 316 241 194 238 238 175 187 294 328 390 59 347 279 178 208 198 209 420 159 106 218 255 129 214 262 119 233 191 193 262 288 303 419 150 128 341 309 49 256 46 276 140 211 22 69 387 271 235 54 332 186 218 404 387 343 168 77 113 332 246 319 161 373 389 330 74 172 354 155 109 290 178 143 328 207 342 310 242 79 299 355 295 212 219 78 158 246 121 315 437 226 143 385 293 340 233 46 178 239 381
 321 363 244 118 111 311 184 328 108 82 124 158 261 252 183 258 145 94 258 355 97 266 343 20 362 138 102 324 309 346 160 175 112 356 1 215 338 118 254 293 329 213 69 207 47 213 223 329 220 342 195 63 255 335 108 254 61 345 277 276 110 355 160 406 327 365 270 10 228 253 282 275 248 91 293 289 57 331 199 382 275 261 89 121 228 65 111 113 330 148 230 277 292 332 90 206 250 49 344 61 205 364 93 10 397 203 231 209 243 128 326 281 88 239 40 314 340 369 136 396 195 285 37 154 339 303 123 318 236 397 210 244 258 97 160 87 298 113 369 410 358 211 142 313 50 169 194 330 53 148 243 406 16 62 288 179 20 269 343 298 142 213 298 119 213 391 335 227 131 164 369 114 167 326 150 215 357 91 245 260 142 194 232 269 314 297 136 316 398 116 69 229 123 218 358 81 71 360 331 364 154 287 354 336 381 51 94 127 312 65 321 146 114 95 148 317 368 309 193 252 39 200 108 82 265 284 330 29 317 326 113 387 214 182 282 143 206 261 332 170 33 91 189 161 278 202 122 257 133 125 246 341 254 77 111 180 337 321 179 68
 323 256 305 195 224 273 44 312 205 198 209 96 174 412 241 282 85 291 394 221 132 313 337 234 345 120 115 306 123 279 91 186 224 228 215 1 207 99 278 180 161 84 195 115 169 215 359 118 100 322 350 175 42 290 109 221 265 200 153 255 110 166 232 351 116 278 396 217 346 372 258 404 313 141 141 341 166 203 223 368 143 309 174 297 176 194 129 217 339 205 215 426 309 356 212 170 333 211 256 178 187 239 219 206 331 176 188 218 73 98 293 81 129 400 229 148 280 337 124 363 72 163 182 163 328 90 275 233 209 372 313 264 92 206 68 131 85 112 366 376 217 341 74 115 192 326 138 282 179 79 294 342 205 178 375 75 231 265 255 192 105 15 87 148 12 355 125 320 120 339 271 280 63 314 118 235 354 237 230 188 111 266 169 295 358 251 182 315 369 200 165 327 219 98 305 254 215 259 365 260 69 257 352 209 284 263 128 168 175 160 316 169 205 293 300 112 281 257 322 305 181 160 293 203 368 165 124 231 117 145 106 354 136 312 300 296 316 308 166 283 195 125 41 197 170 113 106 205 109 240 33 144 392 199 140 235 189 310 240 201
 200 55 250 242 399 135 194 177 382 272 247 293 83 415 226 203 272 369 376 17 245 239 200 353 196 202 257 172 109 106 187 184 399 22 338 207 1 244 203 47 68 141 280 134 303 170 352 179 127 179 367 277 208 135 249 131 361 22 64 148 278 108 237 168 178 88 369 335 327 345 145 376 257 308 68 260 283 9 191 215 70 239 345 353 122 282 229 263 217 224 152 414 208 242 381 144 286 361 73 334 155 33 388 334 144 150 128 177 136 224 149 147 265 408 370 71 114 177 314 196 162 55 322 193 191 192 319 68 139 208 293 195 117 267 261 262 184 236 223 204 24 335 240 132 344 352 146 128 286 266 235 155 337 279 315 176 346 169 72 47 296 221 176 221 218 186 171 288 308 379 74 334 258 181 189 189 215 401 152 93 199 245 115 211 262 118 218 193 203 247 270 296 399 130 136 326 293 62 257 61 256 138 216 8 85 371 252 219 34 313 189 202 384 372 331 151 90 114 323 241 301 146 359 370 325 55 156 338 139 93 270 188 125 318 205 330 302 238 64 288 336 276 192 206 61 139 227 112 295 417 206 129 378 276 320 222 31 180 228 362
 293 281 247 116 156 259 68 290 139 107 130 81 180 325 178 238 55 194 314 260 40 261 311 137 325 60 17 285 196 281 59 135 156 264 118 99 244 1 234 203 221 107 101 114 73 175 278 212 118 303 263 80 139 281 12 200 168 246 181 231 37 242 162 350 210 292 319 120 270 296 236 326 254 65 189 289 68 238 172 348 176 257 102 203 160 99 47 133 307 136 183 343 271 317 138 143 268 123 270 93 152 274 145 110 336 145 168 174 130 23 278 164 31 312 138 207 278 324 84 352 86 191 89 107 304 186 185 243 183 357 240 221 147 119 61 33 181 23 340 366 261 260 28 197 105 238 116 274 82 53 239 346 110 82 311 71 134 233 268 212 72 100 181 73 99 345 218 251 77 247 291 188 66 289 69 188 328 159 200 186 56 200 159 251 310 240 112 286 356 119 70 257 156 116 302 159 122 280 322 283 52 238 325 243 304 165 32 96 214 72 288 107 141 196 211 200 295 250 241 250 83 133 198 127 298 192 214 133 201 214 30 343 129 230 261 207 241 256 225 204 102 34 72 136 189 109 26 193 66 174 130 226 311 107 81 172 237 285 175 120
 69 187 49 139 355 87 238 81 345 174 131 313 138 221 72 5 287 232 178 213 204 39 91 259 112 177 235 78 265 134 195 100 356 207 254 278 203 234 1 169 247 201 187 167 246 64 158 330 188 95 183 202 307 107 229 76 242 222 179 57 267 292 95 169 328 165 168 247 131 145 62 175 56 283 215 66 219 196 63 130 189 39 311 201 111 191 190 142 78 109 67 215 39 84 334 110 85 297 155 287 93 208 338 255 170 103 98 62 232 214 91 275 231 216 293 238 124 124 316 148 208 177 261 129 88 325 168 141 77 147 101 15 228 158 288 225 315 213 116 162 225 144 251 286 287 177 141 106 210 284 35 174 262 201 115 205 250 36 155 161 305 290 310 165 287 146 327 91 309 208 180 185 290 77 171 47 104 342 57 121 183 70 121 18 80 91 128 65 149 140 203 99 363 189 129 197 185 178 90 183 278 70 101 196 186 260 216 143 202 271 71 129 350 234 165 302 167 100 138 40 230 119 213 323 124 174 314 237 293 264 261 141 149 137 30 167 111 37 246 116 271 249 240 102 162 168 210 98 299 372 300 300 180 178 306 75 225 73 77 309
