NAME : domp220p110v6
COMMENT : (Deleplanque et al.) 
TYPE : DOMP
DIMENSION : 220
DISPLAY_DATA_TYPE: NO_DISPLAY
OPEN_FACILITIES : 110
COST_SECTION
 1 20 171 137 119 260 180 30 173 125 167 171 256 121 171 119 35 220 32 110 155 255 80 209 94 212 53 283 79 164 116 239 151 120 116 280 232 139 177 119 97 74 127 121 112 116 282 287 165 129 173 65 259 202 188 153 145 75 269 120 136 286 132 213 233 178 175 172 242 144 122 117 247 155 92 260 89 104 171 39 254 202 214 227 222 184 27 149 161 249 277 248 164 189 242 124 187 48 111 135 235 87 80 171 130 194 204 94 186 243 237 79 326 215 114 140 97 75 253 152 85 73 259 76 62 189 192 175 267 180 94 180 241 45 23 194 296 211 123 84 230 216 26 242 174 209 255 158 139 273 107 81 65 26 76 188 267 242 138 47 129 119 170 298 230 167 104 169 229 221 111 271 157 14 87 325 231 121 128 111 173 83 298 142 210 192 202 294 99 77 187 48 87 189 170 172 114 225 146 72 172 225 160 144 39 203 261 136 148 224 238 170 119 202 57 44 54 9 51 130
 20 1 184 141 131 259 175 14 192 144 179 186 240 104 154 123 47 226 38 106 150 256 90 212 111 195 43 296 90 161 101 241 138 119 129 270 218 122 193 125 84 56 142 117 127 106 294 276 162 111 186 75 254 216 204 135 131 60 256 135 147 273 116 201 215 162 192 187 226 154 128 113 251 139 107 267 72 94 153 47 245 185 227 235 205 202 33 166 154 241 267 257 183 183 256 119 199 64 130 149 217 103 61 153 148 210 206 111 167 254 226 84 315 228 126 157 97 92 252 162 78 80 265 90 74 170 174 194 252 167 111 191 224 29 37 181 287 193 108 101 230 198 14 254 157 204 252 155 158 267 96 90 46 45 74 204 261 251 121 29 147 120 156 309 218 180 122 154 219 203 93 283 138 24 72 315 216 140 143 118 159 91 285 131 222 175 208 305 111 76 190 65 68 170 172 155 106 208 163 87 153 207 177 157 33 218 272 155 138 227 222 186 136 216 66 37 69 24 69 124
 171 184 1 277 55 412 340 197 142 131 257 29 423 284 278 99 138 341 194 273 317 398 98 348 87 375 223 348 205 323 219 379 224 277 56 448 401 253 46 90 199 215 48 284 203 182 353 455 324 281 252 202 421 35 238 310 314 242 439 53 46 456 239 382 343 345 59 25 407 44 87 148 378 247 80 373 252 179 320 139 423 304 282 336 313 189 153 191 328 416 445 348 140 352 300 154 273 173 91 224 334 90 221 320 91 240 344 91 329 329 405 228 496 293 58 74 129 102 400 41 253 110 380 193 111 331 299 129 435 240 88 281 403 212 179 363 463 326 219 101 376 328 195 319 336 369 408 316 165 437 277 219 222 149 142 239 427 346 247 197 172 120 339 376 399 253 165 337 397 337 238 354 307 161 255 494 398 130 218 87 247 221 467 207 288 353 322 379 76 237 324 168 236 335 316 275 172 319 206 187 305 346 61 29 165 260 341 103 317 358 314 31 181 38 121 165 118 174 128 294
 137 141 277 1 236 137 82 135 201 167 82 265 230 162 269 252 166 87 106 63 72 123 206 74 191 215 112 182 73 64 231 105 272 42 227 200 197 240 264 251 219 180 229 61 87 246 175 210 64 191 97 79 155 302 135 193 134 130 220 226 255 238 240 159 316 178 255 268 232 263 253 253 112 266 203 129 150 234 223 172 179 298 128 101 321 176 163 133 94 166 197 126 192 100 157 259 95 108 190 82 326 190 182 223 199 141 70 187 242 131 167 58 251 120 227 217 233 178 124 271 85 203 125 84 188 246 285 212 236 302 190 75 242 130 116 161 209 294 239 177 100 302 131 140 195 105 133 58 148 173 108 61 156 144 212 134 159 117 243 160 133 254 152 183 172 88 123 166 157 302 211 158 210 150 128 245 209 165 83 241 290 59 244 268 116 208 70 176 220 69 51 113 174 239 40 273 246 322 115 91 246 300 240 256 172 135 151 196 108 88 343 264 117 297 188 177 174 130 155 69
 119 131 55 236 1 369 294 144 145 116 230 66 369 230 228 57 85 308 145 225 270 358 43 309 53 321 171 332 165 277 168 340 178 231 15 398 348 202 80 48 147 161 32 236 172 134 336 405 278 227 228 159 374 89 222 256 261 189 386 25 20 403 188 331 293 291 87 66 353 28 46 103 342 198 34 343 198 129 266 85 373 255 263 306 266 184 99 174 279 367 395 321 139 305 285 110 248 129 71 196 286 49 166 266 83 226 305 58 276 306 355 184 445 272 11 74 80 60 359 36 203 56 348 154 58 277 250 136 382 197 54 252 349 159 130 311 414 276 169 64 335 278 143 298 282 323 365 270 150 390 225 177 168 99 89 223 381 318 196 143 152 77 286 357 348 227 138 283 347 286 185 333 253 109 202 444 345 113 188 40 201 179 415 161 266 299 289 358 22 190 285 125 182 282 274 225 124 272 185 148 252 295 78 27 111 243 321 97 266 321 271 67 156 91 67 110 67 123 83 246
 260 259 412 137 369 1 88 249 330 300 188 401 204 227 346 379 293 109 230 154 113 37 336 73 326 224 219 224 208 99 328 52 369 141 361 117 175 324 399 378 323 279 364 143 219 354 211 128 98 259 203 211 53 437 241 244 177 223 170 361 388 184 330 135 374 201 389 404 223 396 381 370 77 355 337 122 235 343 272 298 114 369 212 135 392 296 286 258 120 95 116 152 321 90 228 374 187 241 326 206 390 324 278 272 334 246 75 322 290 178 116 187 160 196 361 352 355 312 20 404 183 331 102 220 318 294 356 342 201 396 325 166 240 238 243 162 113 354 336 312 41 363 246 197 228 64 10 104 278 68 182 194 255 274 332 240 49 142 330 269 263 377 174 202 135 196 257 192 110 359 300 189 265 273 214 147 196 299 210 370 381 192 181 370 195 232 117 190 352 185 95 246 265 283 97 351 357 391 239 226 308 353 376 390 290 231 190 330 146 73 419 400 248 433 316 294 305 254 288 138
 180 175 340 82 294 88 1 165 280 243 159 333 160 143 262 297 214 119 151 71 27 98 258 77 255 160 135 238 142 19 241 91 283 64 287 120 127 239 334 298 236 192 293 60 165 268 228 129 19 175 174 140 82 368 213 163 95 136 142 289 312 161 244 85 294 129 326 336 169 320 300 285 115 269 263 154 148 257 193 217 99 286 199 145 310 256 205 213 36 85 116 169 271 20 224 289 167 169 260 162 309 252 192 193 271 219 73 252 212 186 87 113 171 187 286 288 271 239 87 328 98 251 140 154 239 216 273 290 163 310 254 144 183 153 165 98 130 274 250 241 72 282 163 200 153 30 80 26 228 98 95 126 168 196 248 213 88 159 244 184 212 294 100 228 95 165 199 118 77 280 214 208 184 192 127 165 143 240 163 290 295 123 165 283 184 161 113 219 275 105 76 174 178 206 54 267 271 309 196 160 226 275 312 317 207 210 204 270 63 92 335 332 195 365 236 210 228 174 213 52
 30 14 197 135 144 249 165 1 201 153 178 198 228 92 150 135 60 221 37 96 139 248 102 204 123 183 31 295 90 151 101 233 140 110 142 258 205 119 205 137 86 53 155 107 129 112 293 264 152 101 187 75 242 229 206 124 118 47 244 147 160 260 114 189 210 150 204 200 214 167 140 122 244 139 119 262 60 100 143 60 232 182 228 231 202 209 46 171 142 229 254 254 191 171 257 127 198 69 141 150 213 115 57 143 159 213 199 123 158 252 214 80 303 227 139 169 107 103 243 175 67 93 259 91 87 161 170 203 240 170 122 189 212 17 41 168 275 187 109 113 221 193 7 253 145 193 242 145 164 255 83 87 37 55 84 207 250 247 119 27 152 130 143 306 206 180 128 142 207 198 90 280 128 37 59 303 203 149 144 130 160 88 272 134 222 163 203 302 123 68 183 70 61 161 164 152 112 205 166 90 146 201 189 169 43 220 270 165 126 219 221 198 141 229 78 47 81 32 80 113
 173 192 142 201 145 330 280 201 1 49 146 116 407 288 337 198 161 236 174 230 264 306 157 258 105 373 212 213 145 262 277 286 301 222 130 398 378 306 103 189 255 245 115 237 116 257 220 408 262 301 136 154 354 147 108 322 295 240 409 121 157 427 296 347 402 336 88 120 400 163 189 235 276 314 126 259 258 248 343 169 376 368 153 222 384 50 176 73 282 364 395 228 11 297 166 243 156 138 79 124 400 115 251 343 63 109 255 100 358 204 361 178 450 168 135 73 209 117 314 166 224 167 271 135 152 361 359 16 416 326 104 172 403 213 163 339 409 380 281 104 290 385 196 190 339 305 328 255 54 373 255 162 237 150 205 109 358 229 303 218 69 215 320 245 362 140 85 326 352 391 281 224 328 174 249 444 383 53 121 179 325 163 435 287 164 357 220 249 148 198 235 135 260 361 238 337 250 389 93 131 344 396 83 142 197 129 213 49 283 263 395 114 86 138 165 200 142 170 128 248
 125 144 131 167 116 300 243 153 49 1 129 111 362 241 290 163 115 217 127 187 225 280 118 231 67 327 164 220 103 224 231 261 257 182 102 360 334 259 104 156 209 198 91 196 83 214 224 369 225 253 123 110 320 147 108 274 250 193 366 94 132 384 250 305 355 290 92 115 354 139 156 196 255 269 90 245 210 205 295 123 336 321 152 208 339 71 129 61 241 326 356 218 39 259 172 204 144 91 46 99 354 76 203 295 41 112 228 62 310 199 321 135 410 163 106 59 169 75 286 145 179 126 254 92 110 313 312 53 372 283 66 154 356 165 115 294 372 333 236 63 262 338 148 189 292 269 298 217 36 338 210 120 189 103 162 109 324 218 257 171 43 179 275 247 321 124 45 279 312 344 233 224 280 126 202 406 338 5 93 145 281 122 393 244 158 310 199 249 113 154 207 87 212 313 206 290 207 343 76 87 296 349 80 122 150 130 211 32 240 239 350 109 55 140 121 153 98 122 81 207
 167 179 257 82 230 188 159 178 146 129 1 239 311 232 326 263 184 91 143 139 153 162 213 116 178 294 166 118 90 143 278 142 316 120 218 274 278 295 232 258 262 229 213 140 60 281 116 285 143 258 17 105 221 275 56 265 213 192 299 213 249 318 292 239 380 257 220 243 313 257 260 278 131 316 198 117 213 269 294 192 256 357 52 80 378 108 188 74 175 240 271 92 140 178 81 285 21 122 167 36 387 182 233 294 169 62 115 173 312 79 245 106 325 50 220 187 254 174 172 263 152 215 127 92 197 316 344 160 316 345 177 26 322 180 145 242 281 358 286 167 149 365 173 76 271 177 188 137 98 240 181 93 209 161 237 55 223 90 296 205 88 271 232 133 252 8 94 244 235 367 265 107 280 177 194 317 290 129 43 247 337 93 323 308 44 286 75 131 220 128 96 124 231 311 108 328 279 381 56 96 312 367 208 243 205 54 96 160 188 119 398 237 77 268 202 209 181 159 158 149
 171 186 29 265 66 401 333 198 116 111 239 1 425 288 293 118 140 325 191 268 311 385 105 335 80 380 223 325 194 315 233 365 242 270 61 444 401 267 18 109 212 223 45 278 188 199 331 452 316 288 233 194 413 37 215 316 314 245 439 53 64 456 253 380 359 348 32 5 411 66 106 167 362 263 80 355 256 194 329 143 419 320 260 318 331 164 156 170 323 411 441 328 116 346 277 173 254 165 76 207 351 86 229 329 71 218 331 83 339 308 402 221 492 272 65 53 145 98 388 65 250 118 363 182 116 341 315 103 437 260 81 263 408 214 176 363 458 341 234 93 364 343 196 297 341 361 397 308 144 430 276 209 227 147 154 216 419 328 261 202 152 139 340 354 397 234 149 339 394 352 249 332 315 163 257 490 401 110 201 103 266 212 467 225 267 359 307 357 84 232 310 160 244 345 305 291 189 337 186 176 316 360 35 45 171 237 320 81 314 344 334 3 163 33 127 172 118 173 124 289
 256 240 423 230 369 204 160 228 407 362 311 425 1 142 222 348 287 276 240 181 159 234 327 233 348 58 205 397 264 172 241 237 272 194 368 105 34 217 432 352 251 216 382 176 300 283 387 100 172 155 326 254 155 456 363 124 114 182 46 374 384 48 231 77 215 80 429 427 30 390 356 314 265 247 346 309 173 277 134 285 94 229 356 303 249 396 271 352 137 112 104 327 397 142 382 315 322 273 363 305 237 341 212 134 379 370 229 347 141 345 89 231 114 345 366 392 314 329 216 398 185 316 292 274 313 143 219 414 15 289 348 301 49 212 254 71 124 203 247 337 216 211 230 359 95 157 196 177 359 148 154 248 203 280 293 363 163 317 226 228 343 335 89 386 71 317 324 87 96 203 210 366 138 264 170 125 26 359 304 349 271 246 63 282 341 82 272 375 349 210 235 278 194 132 212 228 291 245 337 278 172 192 414 395 260 364 362 383 127 246 277 425 327 456 303 262 308 254 304 165
 121 104 284 162 230 227 143 92 288 241 232 288 142 1 121 207 149 241 115 100 120 239 187 209 214 92 78 342 157 138 111 230 149 122 230 196 125 100 296 212 115 76 244 105 198 148 336 199 139 33 244 142 202 317 273 35 53 49 166 237 244 180 108 123 157 63 295 289 124 250 215 176 251 131 209 282 34 140 63 147 171 145 282 260 168 289 133 247 108 174 192 285 278 138 312 178 249 151 232 212 169 206 72 63 250 280 204 214 82 292 153 129 233 277 227 260 174 195 228 257 81 176 272 163 174 86 131 292 155 174 214 233 121 78 126 94 215 135 119 204 213 143 96 299 54 164 219 137 246 209 55 145 63 147 153 273 211 276 106 88 232 196 69 344 138 236 209 59 149 142 80 319 49 127 41 236 118 237 208 208 157 144 193 155 272 72 227 336 209 106 196 155 54 80 171 126 155 168 238 165 87 140 280 256 120 282 311 256 82 225 194 288 218 318 164 121 171 122 172 102
 171 154 278 269 228 346 262 150 337 290 326 293 222 121 1 181 177 353 187 211 239 358 192 325 239 165 162 442 239 256 62 348 62 233 235 303 220 33 306 189 84 99 254 219 278 97 438 304 257 89 335 223 319 311 356 109 171 140 259 245 233 268 42 233 67 161 311 292 194 236 193 133 367 35 223 395 120 100 90 169 280 32 376 369 53 353 162 319 228 287 300 393 328 258 406 129 345 217 264 299 65 229 94 90 282 363 320 242 83 396 263 222 330 374 230 285 150 222 348 241 185 179 387 241 189 81 23 335 235 70 239 333 180 147 189 202 323 49 60 235 331 51 156 399 134 284 338 254 309 324 171 234 118 190 141 356 328 386 35 126 299 161 180 450 246 328 274 164 262 60 62 424 89 167 143 338 204 286 293 192 52 234 283 78 369 143 338 444 211 203 310 217 96 92 286 7 107 56 315 239 51 69 299 251 141 369 415 293 201 342 76 294 289 315 176 138 197 177 210 218
 119 123 99 252 57 379 297 135 198 163 263 118 348 207 181 1 87 331 150 227 271 373 51 325 97 295 165 372 185 282 124 356 126 238 70 391 330 159 134 10 106 133 88 239 203 85 374 396 283 197 264 175 376 131 264 228 247 175 370 80 55 385 143 320 245 270 142 117 328 56 13 50 362 149 74 370 177 83 232 82 365 206 301 334 215 233 93 216 276 362 387 352 191 305 326 56 282 148 121 228 236 88 137 232 135 269 320 102 239 340 346 196 434 308 64 129 35 93 371 61 201 50 371 177 67 240 202 190 361 143 98 282 321 149 138 296 408 229 123 103 347 230 136 335 256 326 373 276 195 389 216 193 147 109 56 265 383 348 152 123 193 22 270 394 337 261 175 264 340 240 148 368 221 106 188 435 324 160 221 19 149 195 398 109 302 272 312 393 51 195 302 144 155 246 287 178 75 221 224 171 212 249 134 75 94 284 356 149 259 339 217 120 193 136 65 91 83 125 105 246
 35 47 138 166 85 293 214 60 161 115 184 140 287 149 177 87 1 246 64 144 189 286 45 239 68 240 87 298 100 198 117 270 145 153 83 314 264 146 148 86 95 88 96 155 126 104 298 321 199 151 187 89 294 170 196 178 177 106 302 89 102 319 135 247 241 208 148 141 271 109 89 95 276 155 61 286 116 93 193 9 289 207 227 251 224 181 17 152 196 284 311 270 152 223 255 102 204 64 90 150 240 59 94 193 109 202 234 69 205 262 271 109 360 231 80 115 71 49 285 117 120 39 286 94 28 208 198 160 298 172 68 201 269 76 51 227 331 221 122 61 261 225 58 259 202 243 288 191 137 308 141 107 88 24 54 196 301 265 143 64 130 90 202 316 264 183 106 200 263 232 121 290 179 24 118 360 262 111 143 77 168 109 331 133 226 220 228 314 65 110 216 61 107 210 201 176 99 229 154 89 187 237 134 111 37 214 279 119 182 253 237 140 124 170 23 40 24 41 35 164
 220 226 341 87 308 109 119 221 236 217 91 325 276 241 353 331 246 1 190 143 129 76 283 45 258 277 198 123 147 111 317 58 358 122 297 214 243 325 319 329 305 265 295 137 139 331 112 225 111 272 103 158 152 361 138 269 204 215 253 294 327 270 326 201 397 243 308 328 287 335 330 336 41 352 275 43 234 319 299 253 201 381 105 29 404 197 245 164 149 183 211 52 230 136 121 342 84 185 251 119 408 260 267 299 255 142 48 253 318 73 196 143 262 88 298 274 315 249 90 342 169 282 41 156 266 322 368 250 278 387 257 66 300 216 198 215 215 375 325 245 73 383 216 90 265 122 111 110 188 170 186 140 241 224 295 137 151 42 328 246 176 336 215 111 208 98 177 231 186 382 296 91 287 232 211 250 260 216 125 318 375 139 271 354 88 275 20 101 294 155 47 188 259 315 72 357 331 405 145 162 327 379 295 324 257 125 88 247 172 37 428 323 163 355 268 261 250 213 229 140
 32 38 194 106 145 230 151 37 174 127 143 191 240 115 187 150 64 190 1 82 126 224 108 178 112 201 38 259 54 134 137 208 175 90 139 255 214 155 195 149 121 89 148 93 93 143 257 263 135 131 150 38 231 224 170 149 127 67 250 142 163 267 150 191 245 165 190 193 230 170 152 148 217 175 115 231 86 131 172 69 230 218 191 198 239 176 58 137 135 224 252 220 164 161 221 154 163 37 124 113 249 106 93 172 140 177 173 110 188 217 213 49 303 191 138 153 128 94 222 179 60 102 229 55 90 192 206 178 251 204 111 154 231 43 16 175 271 222 144 99 199 229 31 218 166 180 224 128 133 246 88 52 71 47 107 171 238 214 155 63 120 150 153 271 208 144 96 155 205 232 126 245 157 45 76 301 216 123 108 141 195 54 278 168 186 184 172 267 126 47 156 40 95 190 139 188 142 241 131 54 180 235 175 169 68 184 235 144 125 193 257 190 107 222 87 72 79 25 67 102
 110 106 273 63 225 154 71 96 230 187 139 268 181 100 211 227 144 143 82 1 46 155 188 116 189 157 66 244 86 56 180 142 222 23 219 177 150 184 270 228 172 129 227 12 120 202 238 185 57 130 153 79 151 303 186 130 75 75 180 222 243 198 186 118 255 119 264 271 178 251 231 216 158 212 195 185 92 191 160 147 152 239 188 162 262 216 135 172 56 144 174 187 220 80 217 221 154 104 197 127 266 185 130 160 211 194 111 187 179 194 136 53 226 181 218 226 202 172 149 259 30 181 177 97 170 184 226 238 189 251 188 136 185 85 96 111 191 233 189 176 128 241 93 202 133 100 148 51 180 165 45 69 104 127 179 187 158 178 188 116 164 224 96 245 134 144 146 107 127 241 156 221 147 122 69 223 158 184 125 220 237 67 207 220 176 148 129 238 206 37 99 109 119 177 76 215 204 263 158 101 185 239 249 249 137 191 213 211 55 133 286 267 147 300 166 141 159 104 146 22
 155 150 317 72 270 113 27 139 264 225 153 311 159 120 239 271 189 129 126 46 1 120 233 92 232 150 109 244 123 19 216 111 257 44 264 136 126 214 313 272 210 167 271 35 151 242 235 145 20 152 168 119 106 346 206 144 77 110 149 266 288 167 219 87 274 115 306 314 164 296 275 259 133 245 239 168 123 231 174 192 113 264 198 153 287 245 179 201 23 102 133 178 255 36 224 263 164 147 239 151 288 229 166 174 251 213 87 230 193 191 98 92 187 187 263 268 245 216 111 304 72 226 156 135 215 197 250 274 164 285 232 143 175 127 141 91 149 253 224 219 94 261 137 203 137 56 106 20 213 121 70 106 142 172 222 206 113 168 220 157 197 268 87 238 101 159 182 103 88 260 189 215 164 167 102 182 139 222 151 265 270 104 174 258 184 147 120 229 251 81 83 152 153 188 58 243 245 287 184 140 205 255 291 293 181 206 210 251 44 108 313 310 180 343 211 184 204 149 190 26
 255 256 398 123 358 37 98 248 306 280 162 385 234 239 358 373 286 76 224 155 120 1 328 51 312 249 219 189 195 103 334 21 375 138 349 152 203 334 381 372 326 283 350 145 199 356 176 163 102 271 175 201 88 421 212 260 192 228 202 348 377 217 338 162 391 222 371 388 250 385 374 368 41 364 325 86 242 345 289 292 146 382 180 101 406 269 281 233 133 128 151 116 298 106 194 374 158 230 309 184 406 312 283 289 316 216 55 308 307 144 147 178 196 163 349 335 351 300 19 393 184 324 66 206 309 312 369 319 232 403 311 137 267 239 236 185 149 370 342 299 28 379 244 162 248 82 42 107 255 104 189 183 258 265 329 212 84 107 339 270 242 373 194 166 164 169 238 212 139 376 308 154 280 268 220 183 223 279 189 362 389 181 215 374 163 254 88 154 342 181 75 235 271 302 86 363 358 405 214 212 323 371 357 378 288 200 155 311 160 44 432 383 227 416 309 292 295 248 277 142
 80 90 98 206 43 336 258 102 157 118 213 105 327 187 192 51 45 283 108 188 233 328 1 280 53 279 131 323 137 241 131 310 148 196 46 359 306 164 117 47 109 119 64 199 154 103 324 365 242 185 214 129 338 131 215 214 220 147 345 55 58 361 151 290 258 249 120 106 310 65 48 79 315 164 33 321 155 96 225 44 333 221 252 285 234 188 58 168 240 328 355 302 150 267 277 87 233 100 79 178 253 43 125 225 96 220 275 58 235 291 315 151 404 258 41 95 53 44 327 73 164 14 323 128 19 237 214 152 339 171 54 233 306 118 94 269 375 239 133 56 303 242 102 286 239 287 331 235 147 352 184 147 125 64 52 216 345 299 159 100 145 62 244 344 307 211 125 241 307 250 145 318 211 68 160 404 303 114 171 36 172 149 373 132 253 257 264 343 23 154 256 96 140 240 243 190 95 240 175 122 212 257 108 70 68 235 307 109 226 293 242 106 144 133 25 68 34 85 56 208
 209 212 348 74 309 73 77 204 258 231 116 335 233 209 325 325 239 45 178 116 92 51 280 1 262 236 178 168 146 73 295 32 337 97 299 170 200 299 332 324 286 244 301 107 150 314 157 181 72 241 130 152 110 371 169 234 167 190 209 298 328 226 302 157 364 204 321 338 244 336 326 324 43 327 276 79 207 302 264 245 157 352 142 73 375 223 235 186 110 139 168 96 250 93 162 329 116 181 260 135 377 262 245 264 267 174 6 258 283 117 151 131 219 127 300 285 305 251 57 344 145 277 65 156 261 288 338 271 234 365 261 94 258 197 189 173 173 343 303 249 34 351 200 133 227 78 73 73 207 129 156 134 219 218 284 169 111 86 303 228 193 327 175 154 164 123 188 192 142 350 271 135 254 222 184 209 218 230 140 314 352 132 227 334 126 236 47 144 293 137 25 186 234 279 42 329 315 375 167 163 295 346 308 328 243 160 133 261 135 18 400 333 178 366 261 248 247 202 228 108
 94 111 87 191 53 326 255 123 105 67 178 80 348 214 239 97 68 258 112 189 232 312 53 262 1 305 145 281 119 237 178 293 199 192 40 365 323 210 84 90 156 155 40 199 121 155 284 372 238 218 176 116 335 115 171 244 236 168 360 37 71 377 198 301 305 271 82 82 335 79 90 132 293 214 24 292 181 146 260 73 340 269 211 255 284 137 85 122 244 332 361 270 97 267 234 140 196 87 26 144 301 11 161 260 45 175 258 6 272 254 323 143 413 220 43 48 105 20 314 86 171 64 298 107 51 275 261 100 359 223 2 201 334 138 97 285 379 285 181 14 290 289 120 246 267 283 321 230 99 351 197 132 154 69 102 171 341 267 205 131 100 113 262 305 318 175 86 262 314 296 187 281 245 88 180 411 324 64 137 79 223 135 388 184 214 285 239 306 47 153 238 82 174 277 230 238 146 289 133 101 253 302 67 67 103 192 269 57 235 273 293 79 104 112 64 105 45 95 45 210
 212 195 375 215 321 224 160 183 373 327 294 380 58 92 165 295 240 277 201 157 150 249 279 236 305 1 164 392 234 166 185 247 215 175 321 148 60 160 387 301 196 164 336 156 273 227 384 146 167 100 308 222 182 408 342 69 83 138 96 328 334 104 174 91 164 39 386 381 34 340 304 259 273 190 300 313 125 222 77 238 129 174 342 301 195 368 225 324 128 141 145 326 363 145 370 259 308 237 322 282 185 297 159 77 339 349 231 305 85 340 116 202 168 334 318 350 261 286 233 347 152 267 299 243 266 88 163 379 72 232 304 288 31 168 214 65 167 150 191 294 226 158 186 351 41 167 216 169 328 181 120 219 154 237 241 342 191 316 169 179 313 282 64 386 96 300 291 51 119 151 154 364 82 218 127 176 41 323 280 298 214 218 119 225 329 25 268 377 301 179 232 240 141 76 207 171 236 191 312 245 116 141 371 347 211 347 358 344 109 251 223 380 297 409 255 212 263 212 262 147
 53 43 223 112 171 219 135 31 212 164 166 223 205 78 162 165 87 198 38 66 109 219 131 178 145 164 1 282 83 121 120 205 161 82 168 229 180 131 228 167 109 69 179 77 124 138 278 235 122 96 176 67 212 254 201 112 93 30 217 172 188 234 130 161 215 129 225 224 193 195 170 151 219 156 145 240 51 126 136 88 203 192 217 211 214 212 75 171 112 199 225 234 201 141 246 156 185 74 159 141 222 138 71 136 176 208 172 144 153 235 185 62 274 214 166 188 138 126 214 203 37 122 235 88 114 157 179 216 216 191 144 173 194 20 51 142 245 193 128 133 193 200 31 239 129 163 213 116 169 225 55 74 45 77 115 201 220 227 133 51 156 161 118 289 178 169 132 119 178 202 102 264 121 64 39 274 180 160 137 160 179 74 245 158 209 147 181 284 151 44 158 78 66 154 137 164 140 216 163 88 148 203 210 196 73 212 254 181 96 193 235 222 142 254 107 77 106 51 101 83
 283 296 348 182 332 224 238 295 213 220 118 325 397 342 442 372 298 123 259 244 244 189 323 168 281 392 282 1 207 228 395 175 433 223 319 335 364 411 314 367 379 346 310 242 174 398 15 346 228 370 112 222 272 358 112 374 314 306 375 312 350 393 408 322 494 356 299 329 405 357 367 392 149 433 303 104 327 386 403 306 324 472 72 96 494 164 304 160 265 305 333 74 211 256 49 399 98 238 264 150 502 287 350 403 259 109 170 275 422 53 318 221 382 69 322 275 367 281 206 363 263 327 125 209 308 426 460 228 400 462 280 110 417 297 261 333 335 472 403 272 193 479 290 44 375 245 228 225 185 290 288 210 325 276 351 111 270 84 413 322 182 383 329 38 330 117 198 344 308 480 382 36 390 293 306 370 380 221 157 356 454 209 394 424 75 388 126 48 325 241 164 239 347 420 187 445 394 496 150 212 425 480 291 340 321 90 36 246 285 158 514 323 180 349 315 325 293 276 270 248
 79 90 205 73 165 208 142 90 145 103 90 194 264 157 239 185 100 147 54 86 123 195 137 146 119 234 83 207 1 123 190 176 227 80 155 258 234 208 194 182 173 142 157 93 42 193 205 266 124 177 97 17 221 230 119 191 153 111 264 154 184 283 204 203 296 196 186 197 258 192 184 193 179 228 131 186 132 181 217 108 234 270 138 151 291 135 101 92 139 224 254 171 135 157 168 200 110 38 120 61 301 118 146 217 131 126 141 115 235 165 219 34 308 139 155 148 170 106 197 199 82 136 188 13 119 238 258 154 272 257 118 103 263 94 56 195 270 274 197 105 172 280 85 165 203 169 204 116 96 238 114 18 123 77 151 120 226 166 208 116 81 190 177 220 218 91 61 184 209 283 178 194 202 90 116 304 240 101 55 172 248 20 291 219 133 220 129 217 149 55 121 42 146 235 112 241 191 294 82 19 229 285 171 184 117 131 183 129 139 158 310 193 65 226 121 121 104 71 83 104
 164 161 323 64 277 99 19 151 262 224 143 315 172 138 256 282 198 111 134 56 19 103 241 73 237 166 121 228 123 1 232 93 273 47 270 138 139 232 316 282 226 182 276 45 147 257 219 147 2 170 158 122 99 350 197 162 95 126 158 271 296 176 236 98 292 133 308 318 179 303 285 272 114 262 246 150 140 245 192 202 116 282 185 136 305 239 189 196 39 103 135 161 252 37 211 276 152 151 242 144 306 234 182 192 253 203 68 234 211 176 104 96 189 174 269 270 257 222 95 311 85 235 137 135 223 216 268 272 176 302 236 130 191 140 148 106 148 272 240 224 76 280 149 188 155 47 92 8 209 116 87 107 157 179 234 196 105 151 237 171 194 280 105 221 110 149 181 121 94 278 206 199 182 177 118 183 153 222 145 274 287 105 181 273 170 165 103 211 259 89 66 156 169 207 42 261 259 305 178 141 223 274 293 299 193 195 194 251 63 89 331 314 177 347 220 196 211 158 196 41
 116 101 219 231 168 328 241 101 277 231 278 233 241 111 62 124 117 317 137 180 216 334 131 295 178 185 120 395 190 232 1 321 42 200 174 306 231 35 246 132 23 53 193 190 226 44 393 309 233 88 286 174 309 252 303 118 162 107 272 184 174 284 21 233 128 168 250 233 217 178 135 79 337 40 162 359 94 42 114 109 281 92 327 330 109 296 103 263 210 284 303 353 268 241 356 78 298 163 203 249 124 168 52 114 221 309 290 181 117 352 263 179 341 327 170 224 91 162 326 183 152 118 354 189 128 118 84 275 255 71 178 289 207 102 136 204 325 109 9 174 307 112 107 353 147 267 320 228 251 318 147 187 77 132 80 303 318 346 29 75 242 106 179 406 248 280 218 167 259 120 33 380 105 110 115 345 220 227 242 134 60 188 298 44 322 161 300 402 150 163 277 163 64 125 254 61 54 113 261 187 89 128 238 192 82 318 370 232 186 311 123 234 233 256 115 79 136 123 151 192
 239 241 379 105 340 52 91 233 286 261 142 365 237 230 348 356 270 58 208 142 111 21 310 32 293 247 205 175 176 93 321 1 363 124 330 162 205 323 362 354 313 270 331 133 179 342 162 173 92 262 155 183 99 402 193 253 185 215 208 329 359 224 327 163 384 218 351 368 252 367 357 353 29 353 307 75 231 331 283 275 154 374 161 84 398 249 265 213 126 135 161 102 278 103 177 359 138 212 290 164 398 293 271 283 297 197 36 289 302 128 152 161 208 145 331 315 335 282 33 375 171 307 56 187 292 306 360 299 237 392 292 118 267 225 219 184 161 363 330 280 22 372 229 146 243 82 55 95 235 116 179 165 246 248 313 192 97 92 328 256 222 357 190 155 167 149 218 208 143 369 297 140 273 252 209 196 225 260 169 345 378 163 223 361 145 251 68 143 324 166 56 217 260 297 70 353 344 397 194 193 315 365 338 359 273 181 140 291 153 24 423 364 207 396 292 277 278 232 259 131
 151 138 224 272 178 369 283 140 301 257 316 242 272 149 62 126 145 358 175 222 257 375 148 337 199 215 161 433 227 273 42 363 1 241 187 343 265 56 257 135 55 94 207 231 262 45 431 345 274 123 323 212 349 256 337 151 201 149 306 198 180 316 43 271 122 203 263 241 246 181 138 77 378 29 180 400 135 54 140 136 318 82 364 370 90 325 134 295 251 322 340 393 293 282 392 72 336 198 224 285 111 188 93 140 242 343 331 202 138 390 301 218 376 365 182 242 99 185 367 186 193 136 395 225 150 138 80 297 286 31 199 328 234 143 172 241 363 108 34 198 348 108 145 391 179 308 361 270 281 357 188 226 119 163 98 337 358 386 47 114 273 105 216 445 285 317 249 203 297 118 71 419 135 143 157 381 252 253 278 140 25 227 331 18 359 191 341 441 164 204 318 197 105 147 296 57 55 96 295 222 106 129 253 199 114 353 409 255 226 353 95 243 266 261 137 110 161 158 179 234
 120 119 277 42 231 141 64 110 222 182 120 270 194 122 233 238 153 122 90 23 44 138 196 97 192 175 82 223 80 47 200 124 241 1 224 179 162 205 271 238 190 148 230 20 109 219 216 188 48 152 135 77 145 305 170 152 94 95 189 226 250 208 207 127 277 138 263 272 194 258 241 231 138 233 200 164 113 208 182 158 156 260 169 140 284 204 146 160 62 145 175 165 212 78 197 236 135 106 197 112 288 189 149 182 209 177 91 189 201 172 140 50 229 161 224 225 215 176 134 266 49 191 156 92 178 205 247 231 201 270 191 116 203 102 103 124 191 255 208 178 112 263 107 181 153 93 136 40 171 161 67 63 123 134 192 170 151 156 209 133 155 237 113 223 142 126 139 125 131 263 177 199 169 133 91 225 172 179 111 229 257 61 215 239 156 167 107 216 213 45 78 111 140 198 56 236 221 284 145 97 207 260 249 254 151 173 191 208 69 113 307 269 138 302 175 155 166 114 150 30
 116 129 56 227 15 361 287 142 130 102 218 61 368 230 235 70 83 297 139 219 264 349 46 299 40 321 168 319 155 270 174 330 187 224 1 393 346 208 72 61 153 163 20 230 160 143 322 400 271 229 215 150 368 88 208 257 259 188 384 12 32 400 194 327 301 290 77 61 353 40 60 114 331 206 25 331 197 137 269 84 368 263 249 294 275 169 98 160 273 362 390 309 125 298 271 121 235 121 57 183 294 38 169 269 68 212 295 45 279 293 350 176 441 258 6 60 89 50 350 47 198 59 336 144 57 281 257 122 380 208 41 240 349 157 124 308 409 283 176 52 326 285 140 285 282 316 356 263 136 383 222 168 168 94 95 209 374 306 203 143 138 89 284 344 344 214 125 282 343 293 190 319 255 106 200 439 344 99 176 52 211 170 412 171 253 300 278 344 25 183 275 116 184 285 265 233 134 281 171 138 257 301 67 31 112 229 307 83 262 311 281 61 143 89 68 112 63 119 75 240
 280 270 448 200 398 117 120 258 398 360 274 444 105 196 303 391 314 214 255 177 136 152 359 170 365 148 229 335 258 138 306 162 343 179 393 1 88 290 446 393 309 267 402 167 284 342 323 12 137 221 290 254 65 478 329 195 147 217 62 397 415 72 301 74 310 143 440 446 132 423 396 367 190 322 370 236 219 333 216 316 27 318 310 242 339 375 302 332 122 35 5 262 389 103 331 370 280 280 373 281 331 361 264 216 386 335 169 363 229 286 45 227 52 295 392 402 360 348 134 431 196 350 216 270 341 233 305 408 97 365 364 257 151 243 270 103 21 296 313 352 143 304 258 303 170 98 111 145 346 51 176 241 247 301 337 329 70 252 298 269 331 383 128 316 59 281 317 141 52 297 274 301 215 291 205 47 109 357 282 387 348 239 65 349 293 165 216 304 378 213 182 285 247 221 168 309 348 336 315 275 256 288 425 423 298 324 300 386 134 178 367 443 314 476 335 301 332 276 322 157
 232 218 401 197 348 175 127 205 378 334 278 401 34 125 220 330 264 243 214 150 126 203 306 200 323 60 180 364 234 139 231 205 265 162 346 88 1 211 407 334 238 200 358 144 269 271 354 86 139 144 293 225 128 433 330 115 88 159 42 351 363 56 223 44 223 64 403 403 49 369 338 300 233 242 323 276 154 263 131 263 71 232 322 270 253 365 249 320 104 85 86 294 368 109 349 301 289 246 337 273 244 317 196 131 353 337 196 322 143 312 61 201 112 311 343 366 297 305 186 377 157 295 260 244 291 146 220 385 40 285 323 267 67 189 228 40 108 209 238 312 184 217 207 326 87 125 167 143 328 124 127 218 184 256 275 330 137 284 219 209 313 319 63 353 41 284 294 67 66 210 199 333 133 241 147 119 23 330 272 330 267 216 70 273 308 79 239 343 327 181 201 250 178 134 179 226 278 250 306 248 171 200 388 373 240 331 329 355 96 213 281 401 296 432 282 242 285 230 279 133
 139 122 253 240 202 324 239 119 306 259 295 267 217 100 33 159 146 325 155 184 214 334 164 299 210 160 131 411 208 232 35 323 56 205 208 290 211 1 280 166 56 67 227 192 247 77 408 292 233 70 304 192 300 287 324 97 152 111 251 218 209 262 17 219 97 149 283 267 192 212 170 113 341 33 195 367 93 76 86 139 266 64 345 340 85 322 131 287 205 271 287 364 297 236 374 110 315 185 234 267 96 199 63 86 253 331 293 212 86 365 249 192 322 344 203 256 126 193 324 218 157 151 360 209 160 86 54 305 231 76 210 303 180 116 157 188 310 76 37 205 307 80 125 369 125 262 316 229 277 307 145 203 87 158 114 324 309 356 10 94 267 140 164 420 233 297 242 150 246 87 31 394 80 135 116 327 197 255 262 168 59 203 277 67 338 137 309 414 184 174 282 186 67 94 259 34 87 87 283 207 55 94 271 226 110 338 384 263 179 315 104 268 257 291 147 107 167 145 180 193
 177 193 46 264 80 399 334 205 103 104 232 18 432 296 306 134 148 319 195 270 313 381 117 332 84 387 228 314 194 316 246 362 257 271 72 446 407 280 1 125 224 233 54 280 183 213 320 454 316 298 225 195 413 45 205 325 320 251 443 63 80 461 266 384 372 354 16 22 418 82 122 182 358 277 89 348 264 208 339 152 422 334 250 311 346 151 165 162 326 413 443 320 103 347 266 188 246 167 75 201 365 91 239 339 66 207 328 86 350 299 405 222 495 263 77 48 159 103 386 82 254 130 357 182 125 352 328 89 443 276 85 257 416 221 180 368 460 354 247 96 361 356 203 287 349 362 395 309 136 430 281 209 235 152 167 206 419 320 274 211 145 155 345 344 401 227 144 346 396 365 261 322 325 170 263 492 407 104 196 118 280 211 471 240 258 367 301 347 96 234 307 162 253 355 303 304 203 351 178 176 328 373 25 61 181 227 310 73 318 340 349 16 157 37 137 182 126 178 129 291
 119 125 90 251 48 378 298 137 189 156 258 109 352 212 189 10 86 329 149 228 272 372 47 324 90 301 167 367 182 282 132 354 135 238 61 393 334 166 125 1 113 138 79 239 199 93 369 399 283 203 259 173 377 122 258 233 250 178 374 71 46 389 151 323 254 274 133 108 333 47 5 59 360 158 67 366 181 91 239 82 367 215 296 331 224 226 94 210 277 364 390 348 183 306 320 65 278 145 113 223 245 82 143 239 127 263 319 95 246 336 349 194 437 303 56 120 42 87 370 53 202 48 369 174 64 247 210 181 365 152 91 278 327 151 137 299 410 237 131 97 347 239 137 330 261 327 373 276 188 390 218 191 151 107 60 259 384 344 159 127 187 31 274 389 340 256 169 268 342 248 155 363 227 106 191 437 329 153 216 12 158 193 402 118 297 278 310 388 44 195 300 141 160 253 286 186 83 230 218 168 219 257 125 65 96 278 352 141 261 337 226 110 188 127 64 94 79 125 101 247
 97 84 199 219 147 323 236 86 255 209 262 212 251 115 84 106 95 305 121 172 210 326 109 286 156 196 109 379 173 226 23 313 55 190 153 309 238 56 224 113 1 45 171 182 208 35 376 312 227 97 269 158 307 232 284 128 163 101 279 162 154 292 43 236 150 175 228 211 228 158 116 65 327 61 140 347 92 27 128 87 283 114 310 316 130 275 82 243 207 285 305 339 246 238 338 65 282 144 180 231 147 146 46 128 199 290 280 159 134 336 265 165 346 311 148 202 72 140 320 164 143 96 343 171 106 135 106 253 264 85 156 273 220 90 118 208 328 131 27 152 299 134 91 337 157 263 315 221 230 317 143 172 69 111 59 284 316 332 51 60 222 89 182 391 252 263 197 172 261 142 44 365 118 90 111 350 228 205 224 114 77 173 306 50 305 172 288 387 129 151 266 144 63 141 245 83 41 135 242 169 107 150 216 171 62 300 355 210 184 302 143 212 214 236 93 58 114 104 130 186
 74 56 215 180 161 279 192 53 245 198 229 223 216 76 99 133 88 265 89 129 167 283 119 244 155 164 69 346 142 182 53 270 94 148 163 267 200 67 233 138 45 1 180 139 180 78 343 271 183 67 238 126 263 248 258 97 121 57 241 171 173 255 63 194 159 138 234 223 196 178 141 102 285 89 145 307 49 68 107 83 241 130 279 278 151 257 72 221 163 242 264 302 236 194 308 104 249 119 177 201 162 146 7 107 196 265 238 157 118 301 223 128 306 278 159 203 99 137 276 185 100 106 302 143 109 121 119 246 229 123 155 239 190 51 91 168 286 138 61 148 256 143 58 304 124 219 272 178 213 274 99 137 26 96 78 258 272 294 68 29 202 120 142 356 211 231 177 134 218 148 38 330 93 73 67 309 193 194 195 135 111 138 268 92 273 141 249 351 141 112 225 120 24 123 203 101 82 154 217 141 100 152 220 187 53 272 320 205 140 260 169 223 191 250 97 52 111 80 119 142
 127 142 48 229 32 364 293 155 115 91 213 45 382 244 254 88 96 295 148 227 271 350 64 301 40 336 179 310 157 276 193 331 207 230 20 402 358 227 54 79 171 180 1 238 157 162 314 410 277 245 209 155 374 77 199 273 271 201 395 10 43 412 213 338 320 304 58 46 367 50 78 133 331 225 36 328 212 156 286 99 377 282 241 291 295 156 112 151 282 370 399 304 110 306 262 140 230 126 47 179 314 43 186 286 54 202 297 44 296 287 360 181 450 252 26 43 109 56 353 54 208 77 334 146 72 299 276 105 393 227 41 236 364 170 133 320 417 301 195 53 328 304 152 278 297 322 360 269 126 390 233 171 183 104 114 200 380 302 221 159 130 108 296 336 355 209 120 295 352 312 208 312 272 119 213 448 357 89 173 70 231 174 423 190 246 315 276 338 44 191 276 121 200 302 268 252 153 300 164 140 275 320 47 31 128 221 300 68 272 312 300 45 137 76 84 128 74 129 82 248
 121 117 284 61 236 143 60 107 237 196 140 278 176 105 219 239 155 137 93 12 35 145 199 107 199 156 77 242 93 45 190 133 231 20 230 167 144 192 280 239 182 139 238 1 126 213 234 175 46 136 154 88 139 313 189 134 74 84 173 232 255 191 195 111 261 118 274 281 175 262 242 227 149 221 206 178 100 201 164 159 143 246 188 157 269 221 146 177 47 134 164 182 227 69 216 232 154 114 207 131 273 196 139 164 220 196 102 197 183 191 127 61 217 180 229 236 213 183 138 270 41 193 170 105 181 188 233 246 183 260 199 135 183 96 107 106 181 239 198 186 118 247 105 200 134 89 137 40 186 154 51 77 114 138 190 189 146 173 197 127 171 236 93 241 126 145 154 106 118 246 165 217 152 134 77 213 153 193 129 231 246 75 199 230 176 148 124 233 217 48 92 119 128 180 68 223 215 270 162 110 191 244 259 260 149 193 210 220 50 124 294 278 154 311 177 152 170 116 157 12
 112 127 203 87 172 219 165 129 116 83 60 188 300 198 278 203 126 139 93 120 151 199 154 150 121 273 124 174 42 147 226 179 262 109 160 284 269 247 183 199 208 180 157 126 1 225 174 293 148 219 63 58 240 224 78 232 191 153 297 156 191 316 241 235 336 235 173 191 297 199 200 219 176 265 139 172 174 214 258 134 262 309 103 135 330 97 131 53 170 250 281 150 106 183 131 227 80 65 113 26 341 124 185 258 118 86 146 116 276 138 248 72 335 107 162 137 195 115 205 206 122 156 178 39 138 280 298 126 308 291 120 81 302 134 91 230 294 314 233 109 180 320 123 134 244 190 216 140 63 258 154 55 163 103 179 79 244 147 247 154 48 212 215 192 250 59 40 223 238 324 217 166 244 121 158 329 277 81 18 188 284 56 323 253 101 260 120 190 161 95 126 67 186 277 125 280 222 333 41 41 270 326 159 187 149 93 155 113 174 158 348 186 31 218 143 153 122 105 99 137
 116 106 182 246 134 354 268 112 257 214 281 199 283 148 97 85 104 331 143 202 242 356 103 314 155 227 138 398 193 257 44 342 45 219 143 342 271 77 213 93 35 78 162 213 225 1 397 346 257 129 287 179 340 215 298 160 197 133 312 153 138 325 61 270 162 208 219 198 260 140 97 37 355 65 135 373 126 13 157 95 317 122 327 341 133 283 95 255 240 318 339 362 249 271 356 35 302 161 180 249 153 144 80 157 198 304 309 158 160 358 299 190 380 330 138 197 55 141 350 145 173 91 370 190 106 161 118 253 296 70 155 295 250 119 138 242 361 145 41 154 330 146 116 357 189 295 347 252 239 350 176 195 101 124 54 299 349 356 69 87 232 65 216 412 285 282 209 206 294 156 74 386 148 106 144 383 261 210 242 97 70 196 339 31 324 203 313 409 119 179 294 160 97 168 274 94 11 139 256 186 131 165 208 156 78 315 376 210 217 330 140 200 227 220 94 73 118 123 137 217
 282 294 353 175 336 211 228 293 220 224 116 331 387 336 438 374 298 112 257 238 235 176 324 157 284 384 278 15 205 219 393 162 431 216 322 323 354 408 320 369 376 343 314 234 174 397 1 334 218 364 112 220 260 364 117 367 306 301 364 316 353 382 405 311 489 348 306 335 396 361 370 392 136 430 305 91 322 385 397 306 312 468 74 85 490 171 303 164 256 294 321 62 218 246 55 399 96 237 268 149 498 290 346 397 263 114 159 279 416 45 307 217 370 68 325 281 367 283 193 367 258 328 111 207 309 420 455 235 389 460 283 106 408 293 260 324 323 467 400 274 181 474 287 41 367 233 216 216 189 278 282 206 321 276 351 116 258 72 409 319 185 384 321 26 320 116 201 336 297 475 378 23 384 292 301 357 370 226 156 358 451 206 382 423 74 380 117 35 328 236 154 239 343 414 178 441 394 492 152 211 419 474 297 344 320 95 26 251 277 146 511 329 182 356 316 324 294 274 271 241
