NAME : domp300p150v1
COMMENT : (Deleplanque et al.) 
TYPE : DOMP
DIMENSION : 300
DISPLAY_DATA_TYPE: NO_DISPLAY
OPEN_FACILITIES : 150
COST_SECTION
 1 424 309 107 304 291 70 242 119 299 135 451 85 371 177 212 372 151 260 94 272 126 215 377 310 187 384 104 33 115 407 251 221 168 170 149 389 40 250 363 337 279 115 111 255 143 100 242 258 148 259 264 318 123 321 265 312 308 335 325 228 142 138 73 140 95 220 115 133 53 306 226 369 248 91 346 112 130 45 267 336 90 304 95 93 93 274 185 229 289 148 380 163 178 133 125 134 339 287 103 125 278 245 230 207 344 268 260 252 231 74 367 268 348 284 161 175 327 184 252 257 235 370 328 316 161 229 215 226 244 290 117 67 146 371 124 244 153 238 163 323 305 160 317 33 374 104 325 298 162 288 31 213 206 246 332 316 210 164 159 324 94 149 355 88 306 282 216 296 356 229 261 319 348 65 45 110 301 302 39 241 119 368 419 291 117 307 252 322 104 253 150 379 184 207 374 91 70 196 266 41 235 128 273 385 199 203 292 313 315 406 86 174 142 105 11 338 89 85 299 283 224 273 209 78 40 130 269 230 92 132 323 334 196 98 59 188 346 123 228 177 321 323 130 127 321 331 422 108 353 288 398 425 330 250 348 246 66 231 209 141 63 77 12 317 333 224 249 336 226 186 252 173 205 257 270 233 195 65 59 343 361 331 185 196 65 293 61 326 43 202 136 205 234 353 358 350 271 242 74
 424 1 176 329 214 295 356 253 481 191 298 29 347 81 291 259 143 275 166 479 350 393 222 122 151 273 102 380 430 318 19 376 210 288 275 406 40 391 265 103 132 365 314 344 215 369 379 370 264 408 350 275 145 325 315 235 214 260 352 128 383 409 424 466 286 330 210 312 309 457 188 313 355 328 446 118 454 392 393 173 324 371 146 501 404 362 187 345 299 375 285 97 379 281 397 302 292 311 292 337 311 322 309 376 286 101 296 185 357 200 459 172 360 118 313 273 314 104 284 195 168 249 85 97 185 368 198 274 236 226 169 373 402 385 85 309 190 329 253 327 123 167 271 367 398 109 333 135 161 269 143 400 237 320 345 361 118 390 261 373 320 365 312 314 344 311 331 210 276 353 321 347 126 227 440 466 319 152 160 462 368 342 357 19 266 406 340 192 144 483 311 440 58 387 344 122 409 488 389 296 463 393 351 272 53 235 292 362 114 253 26 494 390 439 363 431 88 399 493 154 326 252 206 216 348 453 370 227 280 404 396 267 289 363 413 394 337 368 330 202 341 162 226 333 327 109 107 26 400 245 344 30 8 259 176 88 233 376 254 221 286 398 352 419 290 92 226 241 90 242 244 325 252 306 243 204 244 302 373 428 122 349 106 243 323 457 268 416 277 399 291 310 237 206 109 107 87 175 279 365
 309 176 1 202 41 322 252 85 399 16 219 196 225 97 140 236 241 183 127 386 359 329 100 228 195 232 216 306 326 195 165 202 163 237 140 351 139 286 270 198 201 190 196 206 217 213 304 362 274 353 175 100 195 189 354 63 262 301 391 182 366 351 362 368 176 223 158 218 177 353 232 142 408 154 362 59 376 238 293 169 369 233 180 399 325 281 200 180 291 388 209 209 333 135 336 211 186 360 118 207 185 338 135 203 123 173 121 58 182 157 364 263 366 60 138 202 274 89 133 185 117 85 93 112 238 322 142 256 218 67 30 305 313 227 188 186 83 277 249 171 174 208 153 394 278 214 248 193 29 152 145 279 97 298 171 396 77 365 167 212 360 285 254 371 250 344 156 124 309 401 149 172 171 297 346 352 201 38 196 342 194 271 410 161 92 255 368 66 199 393 317 380 119 221 322 225 264 378 357 121 348 378 287 291 124 116 129 379 97 299 175 391 348 376 221 313 112 319 390 39 151 237 223 143 234 327 308 55 111 260 335 316 340 335 336 263 172 408 191 155 178 218 280 267 188 144 160 191 252 314 362 147 181 313 126 160 69 282 90 165 195 306 254 300 332 114 86 243 132 225 132 150 168 140 71 41 83 140 247 334 55 400 159 137 296 359 299 281 326 298 129 175 194 82 193 197 93 177 279 273
 107 329 202 1 198 267 62 138 208 193 87 355 24 269 74 168 301 72 170 190 271 165 111 301 236 144 304 136 127 12 312 181 142 131 64 191 291 90 214 282 261 203 21 30 196 83 132 252 222 192 180 165 243 23 302 160 260 271 327 245 245 188 193 171 47 42 139 61 28 154 245 135 357 162 172 241 190 92 98 189 318 48 226 199 146 109 206 107 208 295 91 299 188 73 172 67 48 317 191 11 19 265 153 163 107 260 173 156 175 150 168 304 271 244 193 101 160 227 81 181 164 131 268 233 255 180 143 180 172 138 185 143 125 98 286 20 142 145 196 75 242 236 59 316 76 296 84 249 193 61 202 78 107 195 166 327 216 234 77 100 306 113 127 333 73 287 196 122 266 345 141 180 237 300 152 151 18 197 230 141 169 118 357 321 191 96 298 147 247 199 238 210 280 129 209 298 87 177 221 171 146 255 136 241 285 96 104 293 216 276 313 190 203 204 48 112 242 139 190 194 195 178 214 121 38 128 153 163 130 83 172 288 306 209 157 67 107 341 29 146 97 252 274 122 31 233 245 330 87 310 282 301 330 292 160 260 140 96 127 131 70 118 71 99 290 238 118 202 243 174 85 165 91 111 153 164 127 99 46 140 239 348 245 87 187 162 259 89 294 104 103 31 141 130 272 278 249 196 212 90
 304 214 41 198 1 351 253 65 402 28 230 232 221 134 129 259 280 193 158 386 384 339 112 266 230 252 256 314 324 193 204 167 188 254 137 363 177 286 297 237 238 152 196 196 246 193 312 384 302 364 139 66 231 182 384 41 296 332 420 219 386 362 372 368 181 225 181 224 172 351 266 112 439 120 365 97 381 218 293 200 399 222 215 396 332 288 232 155 314 412 221 248 348 127 346 219 192 391 79 201 182 365 103 171 104 212 85 80 147 183 364 300 390 97 100 217 292 128 121 214 147 69 130 151 272 337 167 279 243 64 63 315 316 205 227 184 105 292 275 154 211 243 157 421 272 253 255 229 66 156 180 273 99 319 137 425 116 383 178 190 389 292 269 403 254 373 118 144 339 431 119 136 208 332 347 346 200 76 231 335 161 282 440 198 53 236 396 86 235 394 342 390 157 194 342 264 249 373 374 85 342 397 299 319 162 125 109 405 136 331 214 388 363 385 208 307 152 325 387 76 113 261 254 164 233 317 320 36 86 245 345 348 372 353 343 253 148 437 182 181 156 253 313 279 179 182 198 230 235 348 389 186 219 346 155 199 60 285 74 188 204 309 257 294 362 154 91 271 171 250 141 116 182 117 49 45 72 120 240 335 93 431 197 147 316 358 329 269 357 299 109 169 217 96 232 235 132 209 304 277
 291 295 322 267 351 1 237 329 270 327 182 318 266 302 302 103 163 202 196 285 59 182 252 182 149 124 201 193 274 258 280 431 166 137 272 177 282 253 58 193 164 443 248 296 106 349 196 91 51 178 420 368 154 284 36 334 82 39 70 172 110 184 199 284 231 232 173 208 272 289 108 367 93 396 249 308 244 358 247 156 53 308 159 317 214 198 126 362 63 81 177 203 148 291 181 201 224 51 398 277 262 30 379 417 328 197 387 272 419 169 276 139 71 310 411 170 117 260 302 138 206 319 305 240 110 142 186 88 111 303 293 179 231 364 211 257 248 139 80 327 179 132 242 76 287 191 197 162 295 241 185 287 276 87 407 75 263 126 208 364 41 198 147 67 214 23 422 213 20 83 377 419 178 87 261 315 251 287 142 323 420 173 94 303 382 359 49 267 153 283 41 207 289 393 94 181 343 323 133 386 315 116 164 32 292 246 329 68 242 48 270 315 148 211 313 301 248 213 315 286 420 96 102 194 251 330 167 330 343 340 180 43 45 114 216 306 358 87 291 172 352 134 74 163 291 206 198 277 348 80 51 287 291 53 197 213 312 226 319 170 200 232 225 294 27 243 275 81 228 105 236 397 195 345 334 308 309 332 284 254 309 84 199 228 96 280 28 327 40 249 328 278 143 260 187 189 278 148 56 219
 70 356 252 62 253 237 1 196 150 244 68 384 44 306 134 149 304 83 192 135 229 107 154 308 242 123 315 77 77 63 339 238 152 105 117 133 322 37 191 294 268 261 58 82 189 133 73 205 199 133 239 225 249 83 270 216 248 249 290 256 196 129 133 118 77 30 151 46 86 104 240 195 322 222 113 283 130 133 42 198 285 80 235 150 85 52 206 165 175 250 80 311 134 131 114 56 68 287 251 65 74 229 214 219 167 275 234 200 234 162 113 301 228 286 254 93 122 261 140 183 189 187 306 261 250 128 160 155 160 191 231 86 65 144 302 71 181 102 176 134 255 237 99 275 53 305 41 257 238 101 219 53 157 156 225 288 251 181 96 150 273 56 91 303 24 255 256 150 240 309 201 240 250 286 96 111 54 240 234 108 227 69 321 351 250 128 260 191 253 143 203 150 313 180 164 306 108 133 168 232 108 205 85 215 318 138 164 251 246 255 338 142 149 143 90 78 271 78 141 237 256 160 207 141 25 105 98 219 190 106 113 265 279 160 96 70 165 303 88 159 155 253 260 77 90 253 262 354 117 293 243 331 357 271 182 279 195 35 184 140 72 58 14 67 262 266 167 186 268 161 123 225 105 172 210 215 183 159 50 83 281 313 262 121 147 108 235 91 269 48 163 91 137 174 284 289 284 202 185 31
 242 253 85 138 65 329 196 1 344 70 183 275 161 177 66 230 288 147 150 327 354 289 78 279 230 217 273 262 264 134 240 128 164 215 80 314 214 227 272 252 245 125 139 133 229 131 259 348 279 315 105 40 233 120 363 25 286 316 397 226 347 312 320 308 129 169 158 173 112 291 260 61 420 81 308 140 325 156 235 191 379 159 216 335 277 235 221 96 284 381 177 266 302 66 296 170 140 374 71 140 123 338 61 125 41 226 61 77 110 163 305 304 358 142 84 176 253 154 59 199 139 11 174 172 267 292 147 249 218 32 85 265 260 144 246 126 90 249 250 90 218 240 106 394 210 268 203 234 93 106 180 212 54 283 97 400 140 341 134 129 369 239 226 387 200 351 98 117 319 411 70 103 214 325 289 284 142 102 228 272 119 233 421 240 59 174 371 75 238 336 313 338 196 137 304 276 186 311 331 59 280 358 251 298 202 85 46 376 154 317 247 326 318 333 145 245 176 270 325 100 94 234 240 135 174 254 271 32 28 181 295 333 356 312 288 190 89 414 120 159 95 253 304 232 116 194 210 264 171 341 361 224 257 333 143 217 23 229 13 160 157 253 201 232 344 176 55 249 191 225 98 79 142 56 17 50 20 57 178 277 136 411 210 106 278 299 311 205 342 240 46 108 187 73 245 249 167 200 278 221
 119 481 399 208 402 270 150 344 1 392 188 509 186 443 282 231 396 220 319 31 230 95 300 407 344 212 419 103 88 212 464 369 272 195 267 94 451 119 251 401 371 396 207 221 279 260 103 193 257 93 376 372 352 228 291 365 321 300 292 365 173 88 73 49 224 178 274 183 234 70 326 338 325 363 38 425 30 248 111 310 302 206 343 60 78 122 305 301 218 236 201 417 124 279 94 190 214 310 397 208 223 248 357 348 314 389 379 345 369 283 47 383 222 427 397 212 177 395 288 290 320 336 444 391 335 131 288 224 252 340 376 111 87 264 413 220 323 157 249 275 366 334 247 267 148 408 154 361 383 248 339 146 305 191 362 285 388 154 235 276 292 119 171 325 150 278 397 287 283 313 342 377 362 348 58 98 203 383 335 117 358 140 323 480 398 234 267 336 355 21 231 68 446 302 177 405 209 84 142 377 103 175 133 265 451 284 311 244 379 308 460 63 124 62 220 123 401 84 63 381 397 241 295 273 172 139 116 368 337 210 94 310 313 158 69 176 303 297 231 281 292 347 325 150 234 374 378 474 226 347 247 459 481 320 311 397 344 118 333 263 208 94 146 130 296 395 315 263 393 249 268 366 239 316 359 363 332 304 175 69 423 319 379 264 183 56 283 178 309 105 310 239 246 319 392 396 419 311 238 127
 299 191 16 193 28 327 244 70 392 1 215 211 216 112 128 238 252 178 132 378 362 325 96 239 203 232 229 301 317 186 180 186 165 236 130 348 153 278 273 210 211 175 188 195 222 200 299 363 278 349 160 85 204 179 359 48 269 307 396 192 366 348 358 361 170 216 159 212 167 345 240 127 414 139 355 74 370 224 285 175 374 222 188 391 320 275 206 166 292 390 205 221 331 124 332 206 180 366 103 197 175 342 120 188 109 185 106 58 167 160 357 273 368 75 124 200 273 102 121 189 122 71 108 124 246 320 144 257 220 56 36 301 306 213 200 177 83 275 252 158 184 216 146 398 268 226 242 202 38 145 153 270 88 298 156 401 89 364 163 199 365 279 252 377 243 348 142 123 314 407 134 157 181 305 339 342 193 49 204 332 179 267 415 176 78 242 372 65 208 386 319 376 134 206 322 237 252 369 356 106 338 378 284 295 139 111 115 382 108 306 189 382 346 372 209 303 125 313 381 48 137 239 229 143 226 316 305 40 96 248 331 322 346 334 331 252 158 413 180 158 164 227 287 264 177 154 171 205 239 322 366 162 196 320 130 172 57 275 76 166 190 300 247 291 337 127 78 247 144 227 127 135 165 126 57 31 70 126 237 327 70 406 170 132 296 351 304 269 332 291 115 165 195 78 205 208 108 183 282 266
 135 298 219 87 230 182 68 183 188 215 1 326 86 256 136 85 237 38 134 182 186 111 120 242 176 60 250 89 135 79 280 260 89 45 108 134 266 98 130 229 202 277 68 115 122 169 88 172 138 135 254 220 183 105 216 198 183 188 242 191 168 134 144 169 59 53 89 28 96 160 173 203 271 233 151 239 162 177 98 133 232 128 170 204 111 67 139 187 122 211 14 246 120 127 118 20 49 232 249 96 84 179 219 244 167 212 234 162 251 100 162 234 188 241 257 27 76 208 139 117 133 174 257 205 183 109 102 95 94 168 193 87 105 184 238 79 139 67 113 153 190 171 78 231 119 240 36 191 200 79 157 119 134 111 240 242 201 160 53 185 220 70 45 248 49 202 264 101 181 259 211 254 186 222 143 174 70 199 168 174 248 54 271 295 241 179 212 154 187 187 152 162 259 214 127 240 164 193 149 232 171 179 70 156 265 106 166 209 192 193 278 197 135 159 132 145 215 105 197 196 262 96 140 86 73 171 91 199 187 161 117 205 221 132 121 130 185 256 112 97 177 186 196 50 112 192 199 293 168 229 197 274 298 210 125 217 175 79 172 78 28 101 59 134 205 210 140 122 209 95 90 235 53 179 194 187 166 165 107 131 237 262 200 84 104 160 175 153 210 103 165 102 70 138 219 224 233 137 127 69
 451 29 196 355 232 318 384 275 509 211 326 1 374 100 316 286 162 302 194 506 374 420 247 141 177 300 121 407 458 345 46 396 238 316 301 433 65 419 290 126 156 383 340 370 241 393 407 395 289 435 369 295 170 351 336 256 237 282 374 153 408 436 451 493 313 357 237 340 335 484 212 334 374 348 474 137 481 417 421 200 345 397 172 529 432 390 213 368 324 398 312 118 406 306 424 330 319 332 310 363 337 345 330 397 309 127 315 210 377 227 487 191 384 136 331 300 341 130 309 222 196 272 103 124 209 395 225 300 263 249 191 400 430 409 108 336 216 356 279 351 149 192 297 389 426 130 361 161 183 295 171 427 262 346 365 382 143 416 289 397 341 392 340 334 371 333 349 237 299 373 343 366 152 247 468 493 346 174 185 489 389 369 377 36 284 432 363 216 169 510 336 467 80 410 370 141 434 516 415 315 490 418 378 296 74 261 315 386 140 275 52 522 417 466 389 459 115 426 521 177 344 279 232 244 375 480 397 248 302 430 423 289 310 390 441 421 360 389 356 229 364 186 247 360 353 136 133 42 426 264 368 55 30 280 203 115 255 403 277 249 313 425 380 446 312 119 250 266 118 269 271 345 280 329 264 226 267 325 399 456 141 369 133 270 349 485 291 442 299 426 314 336 264 231 132 130 111 202 304 393
 85 347 225 24 221 266 44 161 186 216 86 374 1 290 97 171 312 82 186 168 265 149 133 314 248 145 318 120 104 31 330 196 154 130 86 175 311 68 215 296 273 219 35 39 203 91 116 244 224 176 196 187 255 43 300 183 266 273 323 259 235 172 175 148 62 35 152 60 50 131 253 154 354 180 151 263 169 94 77 202 316 43 239 176 127 94 216 122 205 287 94 313 175 96 157 68 59 316 212 23 41 262 173 176 129 275 194 178 191 163 146 313 264 265 213 105 155 247 103 191 181 153 289 251 263 168 157 181 177 161 207 128 105 104 301 41 162 138 198 92 256 246 78 310 54 309 75 261 215 81 217 56 129 190 183 323 236 222 90 109 304 98 122 332 61 285 214 139 266 342 159 198 251 306 130 128 29 219 241 119 184 107 354 340 213 94 294 169 259 176 235 192 299 138 201 311 79 154 209 192 124 245 124 242 305 117 125 287 235 279 331 168 190 185 50 89 260 120 167 216 214 181 221 136 20 107 139 186 152 76 156 290 307 199 138 50 123 337 46 159 113 263 280 113 49 249 260 348 83 314 278 320 349 295 176 276 163 77 149 143 76 98 55 77 290 256 141 206 261 179 105 184 103 131 176 186 150 119 26 118 260 345 261 105 182 139 261 73 295 82 124 54 148 152 286 292 269 207 212 73
 371 81 97 269 134 302 306 177 443 112 256 100 290 1 221 240 179 226 128 436 350 361 159 160 155 246 144 343 382 260 72 298 176 258 211 379 46 342 259 132 148 285 257 280 204 299 342 363 261 380 271 196 151 262 328 158 227 272 367 134 372 380 394 421 232 278 173 265 246 409 197 236 376 250 406 39 417 323 346 154 341 308 143 455 366 322 179 271 289 377 243 137 355 213 366 256 239 329 213 276 251 324 231 299 212 113 217 116 278 166 415 206 359 38 234 233 290 49 214 176 125 174 6 63 198 343 158 258 217 152 94 339 359 314 116 250 128 300 242 256 126 172 213 376 343 146 290 145 85 210 121 344 169 304 267 374 56 375 211 301 333 325 280 336 297 321 251 158 285 372 244 268 126 252 396 414 263 78 161 408 290 306 378 65 187 338 349 124 154 441 308 411 26 313 329 158 343 438 371 217 411 383 318 273 29 174 218 366 67 267 83 447 368 409 298 377 54 360 446 80 247 236 202 171 294 396 338 150 204 339 365 284 307 346 376 334 263 383 266 166 268 174 242 298 262 97 107 98 333 270 348 53 86 278 134 97 158 331 179 184 238 354 305 364 303 60 157 232 75 224 186 246 206 231 165 128 170 228 314 384 43 369 106 187 305 412 275 355 294 351 217 247 207 140 131 133 26 159 271 320
 177 291 140 74 129 302 134 66 282 128 136 316 97 221 1 200 296 104 154 263 318 233 75 291 232 181 289 205 199 72 276 130 148 175 32 259 252 163 246 267 253 143 79 69 212 79 202 306 253 260 120 92 237 55 338 89 275 297 368 235 303 256 263 244 78 110 142 119 49 226 253 69 394 98 246 189 263 102 172 187 354 95 220 270 218 178 213 65 250 344 133 283 251 14 240 119 88 350 119 75 61 307 85 117 34 242 102 107 118 151 241 306 321 190 123 137 210 188 9 187 144 60 219 200 262 242 137 217 195 74 130 210 198 95 266 66 104 201 224 37 229 238 62 361 145 282 148 241 139 63 188 147 55 243 107 370 174 294 96 84 342 182 180 365 142 324 129 107 296 384 77 120 224 316 225 219 81 145 228 207 118 180 395 280 118 118 340 100 242 272 280 280 237 105 262 288 125 246 282 100 215 313 199 273 243 68 32 340 181 300 280 262 267 275 82 180 207 211 261 142 128 207 227 119 111 190 218 94 57 121 240 315 335 266 228 126 59 384 55 147 57 253 292 181 51 211 226 298 113 329 327 262 294 316 145 237 73 168 56 140 110 191 141 167 321 204 66 227 215 200 71 100 108 45 82 101 59 31 113 214 185 386 226 78 237 234 288 142 322 177 31 44 161 87 258 263 206 196 248 161
 212 259 236 168 259 103 149 230 231 238 85 286 171 240 200 1 167 101 116 235 126 138 154 177 115 27 189 133 204 159 242 329 74 45 169 149 235 173 48 171 141 341 148 197 49 248 134 128 56 150 318 269 123 183 139 238 101 104 170 136 134 152 168 227 129 137 79 112 171 225 98 266 195 295 200 235 203 259 170 89 155 212 116 264 158 125 75 259 56 154 78 187 121 188 141 103 123 152 299 178 162 109 278 315 226 162 287 181 317 80 220 158 132 237 311 69 56 192 200 67 123 220 242 179 107 110 95 21 24 206 207 122 165 264 185 156 156 75 29 225 139 104 139 166 201 178 110 132 210 139 121 201 177 65 305 172 191 137 105 263 144 126 66 167 127 125 322 117 99 185 275 317 135 138 202 245 152 205 106 249 317 99 196 261 285 262 142 175 125 237 84 183 235 291 91 174 249 260 133 286 244 145 101 75 239 146 227 147 174 109 236 259 132 183 215 222 189 154 258 203 319 12 65 97 158 250 116 235 242 245 140 121 139 107 165 215 256 186 191 82 250 117 112 88 190 153 154 248 252 145 132 242 258 125 113 172 215 149 219 73 100 163 138 213 123 183 177 38 175 19 135 296 93 243 236 216 211 229 191 192 235 187 155 127 66 221 92 237 127 174 226 177 44 165 162 167 215 86 49 140
 372 143 241 301 280 163 304 288 396 252 237 162 312 179 296 167 1 231 143 401 221 302 224 22 66 190 42 299 367 290 132 413 160 209 270 309 144 333 150 47 45 413 281 325 120 367 300 248 146 310 393 323 60 307 177 281 84 125 213 64 264 313 329 393 255 284 163 261 291 390 71 344 213 368 366 201 367 385 332 113 185 348 78 429 324 289 99 360 186 243 225 47 279 284 304 250 255 171 349 311 287 192 349 406 307 70 345 214 396 152 386 30 232 202 368 212 220 155 292 122 154 281 183 131 63 269 162 173 148 257 218 288 330 384 65 283 201 240 148 331 71 67 250 231 354 35 270 56 215 248 110 355 248 212 383 222 166 276 225 377 181 291 231 173 285 176 383 190 144 212 354 391 75 86 367 408 287 204 72 410 403 264 216 155 326 394 205 214 55 402 189 342 158 400 233 23 387 425 278 345 406 272 267 147 158 229 311 230 145 117 119 424 285 344 345 381 134 320 424 205 379 156 103 183 305 407 281 275 312 383 303 130 149 254 330 361 353 228 314 156 352 52 90 253 312 99 83 121 385 103 213 144 137 120 153 85 267 311 283 171 238 328 295 370 153 130 240 134 112 150 229 367 211 328 285 248 272 319 337 357 204 208 83 223 218 386 137 384 139 337 310 295 168 219 50 47 162 106 164 301
 151 275 183 72 193 202 83 147 220 178 38 302 82 226 104 101 231 1 110 211 215 148 84 233 167 80 238 124 157 62 257 232 74 72 74 171 240 118 147 216 192 246 52 99 125 149 122 204 155 172 222 184 174 84 238 162 189 202 267 178 202 170 181 195 30 57 71 39 71 184 173 171 294 200 183 206 195 162 121 121 254 119 158 230 144 99 135 160 147 241 31 233 157 93 154 31 25 252 214 82 63 205 186 216 133 196 199 127 221 83 190 233 218 209 222 34 108 180 106 110 107 137 227 179 183 146 79 116 101 131 158 124 134 166 222 58 105 103 127 126 176 166 44 259 128 228 67 180 165 43 139 128 97 141 209 268 171 195 17 164 242 103 80 267 72 224 230 69 199 283 180 222 171 229 171 192 57 165 160 189 219 90 294 270 205 168 238 118 178 217 178 199 232 192 160 230 158 215 185 197 189 213 107 174 237 69 133 238 165 206 256 222 172 195 119 159 189 138 221 162 228 109 142 59 77 182 128 162 153 154 153 220 239 166 155 131 157 282 92 79 151 182 204 87 91 172 182 273 158 240 225 249 275 223 100 198 138 105 135 62 13 129 80 147 223 184 103 132 186 104 53 202 23 147 158 150 130 134 107 159 204 285 182 47 135 186 192 154 226 126 132 77 69 102 206 211 204 126 147 95
 260 166 127 170 158 196 192 150 319 132 134 194 186 128 154 116 143 110 1 315 235 234 81 138 82 120 137 218 265 159 148 272 49 131 129 252 133 226 145 115 100 274 153 190 91 227 217 242 149 253 253 187 85 171 228 148 140 175 265 82 249 254 267 301 125 166 46 147 155 292 112 203 282 228 283 120 292 247 228 44 243 216 68 336 242 198 75 217 169 263 120 132 228 142 239 137 129 235 216 179 154 213 209 264 165 91 209 80 256 39 295 156 243 122 232 109 164 79 150 59 12 141 129 72 119 217 33 135 95 120 98 213 238 244 117 151 61 174 124 189 76 91 114 269 236 130 169 88 100 112 35 237 106 180 243 270 76 251 98 236 234 202 154 246 179 218 247 51 183 275 213 251 71 177 276 301 159 93 79 298 261 180 284 162 196 258 242 78 90 319 192 284 128 258 206 135 255 323 246 208 298 260 192 165 133 87 169 254 62 174 147 329 241 282 210 268 83 236 328 91 243 114 98 52 185 290 212 142 172 251 239 191 215 221 251 235 211 282 178 39 210 104 157 172 175 64 76 164 250 193 237 142 167 189 11 91 130 211 143 58 121 233 187 255 206 77 99 118 77 102 90 227 88 186 150 118 132 176 212 264 120 275 76 86 180 292 173 257 201 234 168 158 80 78 106 111 103 53 155 200
 94 479 386 190 386 285 135 327 31 378 182 506 168 436 263 235 401 211 315 1 249 104 288 411 347 214 422 104 65 195 461 344 269 196 251 111 447 101 260 403 374 372 192 200 283 235 103 213 267 110 352 353 355 209 308 348 329 312 312 366 194 104 91 21 211 164 270 173 216 42 332 316 346 340 37 416 45 222 94 310 320 182 344 34 79 118 307 277 230 258 195 419 139 262 106 181 201 327 377 189 206 264 335 323 295 389 358 333 344 280 23 391 242 418 375 207 184 389 270 291 314 319 436 386 341 144 283 230 255 325 364 115 78 238 414 203 313 162 256 253 366 338 233 288 124 411 147 363 372 235 337 122 291 202 338 306 381 174 226 251 310 115 172 343 140 295 374 279 296 333 320 354 362 359 41 68 187 373 338 87 334 140 344 476 379 207 286 324 358 12 245 91 440 276 192 408 182 54 162 356 73 197 136 277 445 272 291 265 373 320 458 35 142 84 197 96 396 83 35 370 375 246 300 267 154 110 123 352 318 183 106 324 329 174 73 152 280 319 211 278 269 352 335 150 214 372 377 473 199 359 266 455 478 333 306 396 328 106 316 259 199 83 133 105 311 391 301 269 390 252 256 344 231 295 342 349 316 284 153 53 414 339 378 253 194 30 296 151 323 89 290 220 245 307 393 398 413 311 248 117
 272 350 359 271 384 59 229 354 230 362 186 374 265 350 318 126 221 215 235 249 1 151 279 239 201 138 258 170 250 264 335 445 198 144 288 139 334 237 92 249 219 460 253 299 147 353 173 39 90 140 437 393 207 290 64 362 139 97 65 225 59 146 159 251 242 231 204 210 281 260 163 385 99 414 215 352 205 358 229 199 73 306 210 282 186 183 172 372 71 29 186 259 114 307 148 205 233 83 423 279 270 30 399 429 346 251 410 306 435 203 243 197 12 354 434 182 112 306 319 179 244 343 353 288 166 113 219 107 142 331 330 156 207 366 267 264 281 128 112 338 231 184 257 47 275 248 191 216 333 257 230 274 300 77 423 61 307 78 224 369 64 181 144 97 207 55 443 242 78 86 394 436 229 145 231 289 255 327 193 300 433 161 97 357 410 356 38 299 207 245 44 164 340 399 66 238 337 293 89 409 290 61 147 79 343 270 347 24 288 106 325 281 108 169 313 282 297 187 281 325 441 124 149 222 247 311 143 360 364 334 148 99 91 78 185 298 370 75 297 205 362 189 133 153 297 255 250 333 345 136 18 340 346 109 235 266 340 210 343 198 210 210 216 277 77 291 302 120 278 135 257 416 214 361 361 340 335 348 278 227 353 91 251 250 84 249 85 316 93 230 346 287 169 290 243 245 326 192 82 206
 126 393 329 165 339 182 107 289 95 325 111 420 149 361 233 138 302 148 234 104 151 1 230 314 252 121 326 30 101 163 375 344 187 105 210 27 364 97 158 309 278 366 155 188 186 238 34 118 164 28 343 322 260 187 207 306 227 208 215 273 103 24 34 102 161 125 189 117 186 109 232 298 249 326 68 347 66 235 87 220 220 184 252 136 36 57 212 270 126 165 122 324 39 227 9 121 150 226 351 169 173 163 316 324 266 297 334 273 339 197 94 289 146 349 355 130 84 312 238 199 237 280 362 305 241 41 204 130 160 277 303 25 60 248 322 169 249 65 156 238 275 241 184 194 138 315 86 269 310 185 251 136 242 99 330 211 307 85 163 255 209 53 82 242 93 193 359 209 193 236 304 344 271 256 81 139 154 308 243 151 332 59 248 392 346 228 188 264 263 103 143 52 361 285 90 311 205 143 71 332 140 109 44 173 366 216 264 170 295 217 370 134 49 49 195 136 315 39 133 306 358 148 201 193 130 163 24 307 288 203 8 220 226 75 35 165 270 224 192 196 260 254 232 64 194 285 288 384 217 256 168 372 391 229 227 307 283 75 277 178 136 65 96 134 208 309 249 169 305 156 200 329 163 274 301 297 273 261 151 77 346 242 289 194 91 99 192 179 220 87 263 192 157 249 299 304 337 220 145 77
 215 222 100 111 112 252 154 78 300 96 120 247 133 159 75 154 224 84 81 288 279 230 1 218 161 143 215 207 229 102 205 193 87 144 55 253 183 189 196 193 180 197 101 124 152 151 204 275 202 255 175 117 166 105 287 85 212 240 321 161 277 253 263 271 78 125 81 118 89 257 186 124 343 151 262 132 276 173 195 118 303 151 148 303 226 181 147 137 209 307 111 209 237 63 237 112 87 297 147 118 93 262 132 184 85 168 137 47 177 87 266 236 284 134 161 107 182 119 70 123 71 68 158 128 195 226 71 173 142 53 77 207 213 168 192 93 32 182 174 111 155 168 56 318 186 209 148 168 85 54 115 187 27 210 164 324 106 272 68 158 292 185 159 310 150 274 173 41 243 334 134 174 151 251 248 259 106 87 158 251 182 173 344 213 132 186 294 38 171 295 237 281 170 178 233 215 188 283 263 135 255 288 189 221 176 17 89 300 110 241 209 295 253 277 142 221 135 219 294 85 170 158 165 59 138 238 210 83 95 183 236 257 280 243 237 176 131 337 109 83 130 183 229 169 106 137 152 226 180 266 285 193 224 257 72 164 62 183 68 83 95 207 155 208 267 133 24 173 142 148 33 151 71 106 83 68 58 96 157 235 129 335 152 37 206 261 234 197 265 201 88 90 111 21 185 190 140 127 201 174
 377 122 228 301 266 182 308 279 407 239 242 141 314 160 291 177 22 233 138 411 239 314 218 1 68 198 21 308 374 290 111 405 161 217 266 321 124 339 165 30 42 403 282 324 129 364 309 265 162 323 384 313 60 306 197 271 101 145 234 58 281 326 341 402 255 287 164 264 290 398 84 336 234 359 376 185 378 383 338 113 205 348 76 438 333 297 105 354 200 262 230 26 292 279 316 254 256 192 338 311 287 210 340 399 300 56 335 204 388 152 394 51 250 186 357 217 231 140 287 126 148 272 165 116 77 282 161 185 157 248 205 298 338 381 45 283 193 251 160 327 64 74 249 251 358 15 276 54 202 246 104 359 242 226 375 243 152 292 225 373 202 299 240 194 290 195 373 187 163 233 346 381 68 107 376 414 288 191 76 415 395 273 237 134 314 393 225 205 56 413 206 355 139 395 247 4 388 432 293 334 412 289 277 164 139 225 305 249 132 137 98 433 299 356 345 386 118 329 432 192 369 167 113 182 308 412 291 264 304 383 315 150 170 268 340 363 348 249 313 156 347 61 109 262 311 87 70 100 385 124 232 124 116 141 148 69 258 318 275 172 241 336 301 375 173 115 233 147 97 160 226 358 212 321 275 237 263 312 339 365 188 229 71 221 231 395 155 386 159 343 303 293 173 211 36 32 145 108 179 308
 310 151 195 236 230 149 242 230 344 203 176 177 248 155 232 115 66 167 82 347 201 252 161 68 1 134 76 244 308 225 135 353 95 152 205 262 134 273 115 58 28 354 217 260 67 302 245 220 114 264 333 267 9 242 174 226 73 118 213 25 233 266 281 337 190 221 98 198 226 332 43 283 223 309 312 167 316 320 272 48 187 283 16 373 269 232 41 296 149 227 163 73 234 220 255 187 190 175 294 246 222 174 289 344 246 51 289 157 336 87 330 75 211 168 312 150 170 117 229 59 93 221 159 95 45 223 97 126 93 199 168 235 273 319 72 218 141 188 104 267 31 18 185 223 291 66 209 18 167 183 52 292 186 171 323 220 124 241 160 313 180 234 176 183 224 168 327 126 131 218 293 332 30 104 311 348 222 157 10 348 342 208 225 157 273 329 196 156 13 349 162 296 141 336 195 65 322 366 240 288 346 242 213 123 144 165 249 215 102 113 126 367 243 296 280 319 102 265 367 157 323 106 56 118 242 345 229 220 252 318 254 130 154 215 277 297 290 230 249 91 289 24 89 198 247 59 50 137 320 121 197 139 148 124 90 66 209 252 224 106 174 270 234 308 149 97 180 91 81 97 164 308 146 266 229 194 213 256 273 300 168 216 51 159 175 329 122 320 140 277 248 230 107 158 49 53 133 42 129 242
 187 273 232 144 252 124 123 217 212 232 60 300 145 246 181 27 190 80 120 214 138 121 143 198 134 1 209 111 179 135 256 310 73 20 151 135 246 148 71 190 161 324 124 173 71 225 112 133 79 136 300 256 142 160 160 227 127 129 188 154 135 137 152 205 108 112 77 87 149 201 122 248 215 278 179 238 183 235 145 101 176 187 133 241 136 101 95 239 69 165 54 207 110 171 124 78 101 174 286 154 139 126 262 295 209 178 273 176 299 82 197 183 142 240 297 46 45 198 183 80 125 207 248 188 131 98 93 37 43 195 203 102 141 241 203 133 150 57 54 204 155 125 121 181 175 198 84 151 208 120 132 175 164 68 287 189 195 134 87 241 164 103 43 190 101 145 306 110 122 204 257 300 151 164 179 220 128 204 125 224 298 76 216 274 274 238 159 168 145 216 99 168 244 269 91 196 223 236 128 271 219 147 80 98 249 133 210 161 180 135 250 236 122 167 190 196 198 132 235 202 304 38 88 90 132 225 98 225 227 220 124 146 163 104 144 189 236 203 168 82 229 139 138 65 168 166 168 264 227 171 147 254 272 151 115 187 204 124 206 68 77 139 112 187 146 192 166 64 186 41 120 279 76 225 225 208 198 211 165 168 237 207 169 112 65 197 116 211 151 149 209 155 41 157 181 185 222 100 69 114
 384 102 216 304 256 201 315 273 419 229 250 121 318 144 289 189 42 238 137 422 258 326 215 21 76 209 1 319 383 293 92 399 165 227 265 335 105 347 180 23 49 396 285 326 140 363 320 282 178 336 377 305 68 307 217 263 119 164 254 60 297 339 355 412 258 293 167 270 291 407 99 331 254 353 387 171 390 383 346 118 225 351 81 448 344 307 115 351 216 281 237 8 306 277 328 260 260 212 329 314 289 229 333 394 296 48 327 197 382 156 405 71 269 171 348 224 244 128 284 133 146 266 149 105 94 295 162 198 167 242 196 309 348 380 30 286 188 263 174 325 63 86 250 270 364 12 284 60 192 247 104 364 238 240 369 262 141 308 229 372 221 309 251 214 298 214 365 187 181 253 340 374 68 127 386 422 291 181 85 422 390 283 257 115 304 394 244 199 65 424 223 369 121 393 263 21 390 441 309 326 420 306 288 181 121 223 300 268 122 156 78 442 314 369 346 392 105 340 442 182 360 179 126 184 313 418 304 255 298 386 328 169 190 284 352 367 344 269 314 160 345 74 128 272 311 80 64 80 386 144 250 105 96 160 148 57 251 326 269 177 246 345 308 381 192 103 229 161 86 171 226 351 216 317 268 229 258 309 343 375 174 249 65 222 245 404 174 390 179 351 299 294 181 207 33 27 131 114 195 316
 104 380 306 136 314 193 77 262 103 301 89 407 120 343 205 133 299 124 218 104 170 30 207 308 244 111 319 1 82 135 362 315 171 94 183 56 350 71 160 301 271 337 127 158 181 209 5 140 167 57 315 295 252 158 221 280 228 215 233 264 126 53 59 96 135 96 173 91 158 97 229 269 267 297 68 327 75 207 62 209 235 155 242 132 26 28 205 241 133 186 101 317 61 199 38 96 124 240 323 140 145 177 287 295 238 287 306 250 310 182 88 289 166 329 327 111 83 295 210 189 220 253 344 289 239 59 187 129 153 252 281 15 39 219 312 140 227 60 154 209 265 235 158 214 111 309 60 261 288 159 237 110 217 107 301 230 289 110 140 226 223 24 70 256 64 207 330 189 201 254 276 315 261 260 71 123 125 287 235 132 303 39 266 378 319 200 205 241 256 105 154 77 345 256 105 306 177 132 96 304 123 134 33 180 350 192 236 190 278 223 358 128 75 72 166 113 300 23 127 284 330 143 197 174 101 142 28 281 261 176 37 229 237 94 34 138 241 244 163 180 231 249 235 48 165 272 277 372 189 262 186 358 379 237 210 295 257 47 250 162 112 42 67 110 219 294 225 167 291 150 175 300 141 245 275 273 247 232 123 63 326 259 278 170 98 90 199 153 230 62 235 164 144 225 291 296 319 210 149 48
 33 430 326 127 324 274 77 264 88 317 135 458 104 382 199 204 367 157 265 65 250 101 229 374 308 179 383 82 1 132 413 281 223 160 189 121 396 41 238 363 335 309 131 136 249 172 79 218 245 121 288 289 316 145 302 286 303 294 314 325 203 114 109 46 152 105 223 119 153 29 300 252 348 276 60 359 80 161 38 267 316 118 304 75 66 80 270 214 213 265 148 380 139 199 106 129 144 321 313 125 143 259 271 260 231 346 294 275 281 233 44 361 246 361 311 161 161 336 206 250 263 257 382 336 310 139 234 204 220 263 305 97 44 177 372 141 256 138 229 189 324 302 174 294 60 373 100 324 313 176 291 58 230 188 275 310 327 184 172 189 305 79 139 337 88 288 310 225 281 335 256 290 319 337 33 43 126 315 300 51 271 107 346 426 315 148 286 266 320 75 235 119 388 215 186 372 123 59 170 292 42 209 111 259 394 213 227 270 321 302 411 66 148 111 133 39 345 64 66 312 311 215 267 215 93 64 109 289 254 123 106 309 318 173 70 89 216 324 147 231 205 317 312 118 150 325 333 427 139 341 266 406 431 316 256 351 266 57 253 212 146 43 79 44 300 340 241 240 341 219 198 280 179 231 279 288 253 220 89 28 357 340 334 196 179 36 279 93 310 33 226 157 203 249 353 358 360 270 228 68
 115 318 195 12 193 258 63 134 212 186 79 345 31 260 72 159 290 62 159 195 264 163 102 290 225 135 293 135 132 1 301 185 131 123 57 190 281 94 205 271 249 205 12 39 186 91 131 247 213 190 182 163 231 27 293 155 250 262 319 234 240 187 192 176 36 40 128 55 24 160 234 135 349 164 175 233 192 102 102 178 310 59 215 205 146 108 195 111 200 288 82 288 184 69 171 59 38 308 190 22 12 257 153 168 105 249 173 147 178 139 173 293 265 235 193 91 153 217 78 170 153 126 259 222 244 176 131 171 161 131 177 141 127 107 275 10 132 140 186 78 231 225 48 309 85 284 81 237 185 51 191 86 99 188 168 319 206 229 66 107 298 112 121 324 72 279 196 111 256 337 142 183 226 290 156 158 11 188 218 150 174 114 349 311 188 107 290 138 236 203 230 210 270 136 203 287 99 184 217 171 154 251 132 232 275 87 103 286 205 266 302 197 200 204 58 120 231 140 196 185 196 168 203 110 41 137 150 158 128 94 170 279 297 204 157 77 110 334 34 135 101 241 264 117 35 222 234 319 97 300 275 291 320 283 149 249 134 97 122 120 60 120 70 107 281 227 110 192 233 164 75 166 80 112 148 157 122 98 56 144 230 340 234 76 181 167 250 99 284 108 102 30 130 121 261 266 239 185 203 90
 407 19 165 312 204 280 339 240 464 180 280 46 330 72 276 242 132 257 148 461 335 375 205 111 135 256 92 362 413 301 1 364 193 271 259 389 27 374 249 90 117 354 297 328 198 353 362 354 248 390 338 263 129 308 301 223 200 246 339 111 367 392 406 448 269 312 192 295 292 439 173 300 342 316 428 108 436 376 376 156 311 355 129 483 386 344 170 331 282 360 267 86 362 265 379 285 275 298 282 320 294 307 297 363 272 85 285 171 345 182 442 161 345 108 302 255 297 89 269 177 151 236 76 80 171 351 180 257 219 212 155 355 384 369 71 292 174 312 236 312 106 151 254 353 381 98 316 120 148 252 126 382 222 303 333 347 103 374 244 358 306 347 295 302 326 297 320 192 262 340 308 335 109 215 422 449 302 138 144 445 356 324 345 24 256 391 326 176 129 465 296 423 47 373 327 110 392 471 372 285 445 376 333 256 43 218 277 348 97 239 15 476 373 422 347 414 71 381 476 140 315 235 190 199 331 436 352 215 267 388 378 254 276 347 396 377 323 355 313 184 326 147 212 315 310 91 90 27 384 233 330 20 20 246 158 71 219 358 240 203 268 380 335 402 276 75 210 224 72 225 227 313 235 292 230 191 230 287 355 410 112 337 89 226 306 439 253 399 264 381 277 294 219 190 94 93 74 157 263 348
 251 376 202 181 167 431 238 128 369 186 260 396 196 298 130 329 413 232 272 344 445 344 193 405 353 310 399 315 281 185 364 1 275 302 161 370 338 256 375 378 369 33 195 157 340 110 311 430 383 370 29 102 356 160 467 142 402 426 497 350 425 366 369 323 204 223 269 239 166 303 378 70 523 49 337 260 357 123 266 310 483 165 339 339 320 289 338 75 378 471 260 393 368 142 351 242 213 480 93 175 178 435 68 22 109 352 83 203 20 277 324 427 447 261 74 265 336 280 131 314 261 135 294 299 386 360 262 346 324 158 210 323 296 106 373 183 214 324 354 109 344 360 191 489 222 394 265 358 217 192 304 224 168 370 32 498 266 414 225 94 472 292 304 494 253 453 58 231 425 513 60 33 339 442 313 283 195 227 350 266 13 298 524 362 117 140 468 201 361 354 408 385 319 70 386 402 164 309 401 82 278 435 316 402 324 192 106 468 280 428 372 330 384 378 152 249 303 314 329 225 63 336 354 246 214 243 333 150 102 162 350 444 465 388 330 193 77 512 153 273 85 375 419 301 152 320 336 389 146 456 455 347 381 445 264 344 149 271 132 268 236 289 249 240 450 303 174 356 317 329 199 52 237 89 135 175 143 101 197 303 256 515 336 207 363 315 418 194 451 270 107 159 291 196 371 375 291 319 377 268
 221 210 163 142 188 166 152 164 272 165 89 238 154 176 148 74 160 74 49 269 198 187 87 161 95 73 165 171 223 131 193 275 1 83 118 204 179 185 111 144 120 282 123 167 67 211 170 200 117 205 260 203 101 149 201 169 128 154 235 106 205 206 219 256 96 129 7 107 134 249 107 207 257 235 237 166 245 228 186 48 217 190 86 292 195 152 67 211 128 226 76 161 181 135 192 96 96 211 233 152 129 179 218 264 168 125 223 109 261 12 250 164 204 168 247 63 117 127 146 41 53 154 177 120 116 169 22 93 57 137 134 165 193 228 151 125 84 126 89 179 104 95 94 235 200 156 124 108 138 92 69 200 112 136 248 239 123 205 66 223 206 155 106 224 136 189 259 48 156 248 217 258 99 169 231 261 128 133 88 259 263 133 258 208 217 236 210 103 106 273 155 236 175 249 161 158 229 281 199 222 258 216 144 135 180 84 170 218 110 155 190 285 194 234 187 229 130 190 285 131 256 75 81 30 149 254 164 165 180 225 191 171 193 175 204 203 206 252 157 10 203 111 145 124 155 104 111 205 227 182 202 188 210 171 43 129 147 167 154 13 82 188 146 218 181 124 110 87 122 64 77 236 52 187 168 144 145 175 179 219 165 249 112 70 135 248 148 226 179 191 169 138 33 95 134 139 151 54 118 157
 168 288 237 131 254 137 105 215 195 236 45 316 130 258 175 45 209 72 131 196 144 105 144 217 152 20 227 94 160 123 271 302 83 1 145 122 260 129 87 208 179 317 112 160 90 213 94 134 95 123 293 253 160 148 172 227 145 145 198 171 134 124 137 186 99 96 87 72 138 183 141 242 227 272 161 247 167 221 126 117 188 172 150 222 119 82 113 229 78 170 43 224 99 164 110 65 90 188 283 140 128 136 257 286 204 195 269 180 292 93 179 202 147 249 293 40 39 210 177 96 135 205 259 201 150 87 102 52 61 196 209 85 123 228 220 122 155 43 72 195 172 144 114 188 157 217 66 169 214 114 146 157 163 70 280 198 205 129 82 229 176 84 25 203 83 157 301 114 137 215 251 293 168 182 160 202 115 211 143 205 290 57 227 288 272 223 169 172 163 198 108 154 257 258 90 214 207 217 121 268 200 145 63 113 262 133 204 167 192 151 266 217 113 153 176 178 211 114 216 209 299 57 107 95 116 206 82 226 223 204 109 162 177 99 127 172 227 213 156 93 220 158 156 47 156 181 185 280 212 188 154 268 287 167 125 203 203 105 204 76 67 120 94 169 161 205 166 82 201 60 118 273 74 218 224 210 197 205 149 150 246 218 185 111 65 179 132 194 166 130 203 145 53 159 199 203 233 117 83 95
