NAME : domp260p65v2
COMMENT : (Deleplanque et al.) 
TYPE : DOMP
DIMENSION : 260
DISPLAY_DATA_TYPE: NO_DISPLAY
OPEN_FACILITIES : 65
COST_SECTION
 1 211 206 382 28 257 267 53 97 216 397 358 60 349 341 363 222 202 169 128 151 286 146 208 258 151 266 357 250 253 137 145 385 219 254 286 306 180 351 326 215 125 176 35 220 155 404 263 431 151 371 146 406 6 250 328 137 401 211 220 339 262 386 319 167 400 344 392 254 139 81 195 341 380 266 157 269 201 118 295 108 255 216 127 340 187 166 144 295 203 323 183 346 98 260 281 362 127 39 134 193 343 390 254 130 186 290 270 284 367 80 230 226 243 226 123 211 349 327 153 371 74 288 247 31 317 70 143 135 259 275 269 262 269 258 373 207 243 113 250 240 242 440 148 340 248 195 234 194 318 131 383 356 58 363 163 75 214 89 290 244 259 76 238 274 24 138 384 325 351 313 350 175 127 50 311 209 83 266 192 103 226 174 133 254 296 180 316 146 158 78 270 226 375 152 315 286 77 52 225 417 162 119 159 137 371 318 97 351 274 223 130 72 205 63 87 300 301 354 220 281 63 93 36 332 207 209 300 147 380 233 193 344 142 216 237 252 353 218 355 339 260 342 52 346 192 193 134 95 84 240 379 234 155 378 288 233 148 430 124
 211 1 59 181 185 68 202 159 258 115 191 150 197 217 158 197 153 89 108 90 124 106 190 86 80 75 69 245 66 124 123 99 195 239 182 92 219 227 233 119 12 196 204 214 143 57 200 101 221 274 167 197 199 215 171 129 150 306 2 189 130 245 182 230 282 193 259 183 127 305 167 35 232 201 142 64 86 244 114 207 121 64 155 118 137 119 145 289 261 178 178 192 166 117 186 258 160 117 228 114 208 134 273 182 117 152 253 189 77 280 133 22 218 114 179 168 25 139 153 234 263 139 79 252 199 134 177 125 126 52 121 66 233 123 71 171 31 233 269 230 148 79 231 219 197 97 83 232 159 182 164 196 149 198 161 91 160 252 224 81 200 230 211 166 68 197 276 278 122 267 137 255 263 109 162 267 139 132 134 155 123 136 91 79 171 179 34 107 128 244 136 158 45 191 157 208 79 145 223 16 208 96 93 200 85 175 111 144 210 150 98 107 198 81 217 239 244 97 289 223 162 191 188 219 134 79 117 110 137 218 154 172 206 184 111 178 202 241 9 155 212 198 180 164 275 202 37 308 140 128 31 220 152 312 251 78 216 98 221 152
 206 59 1 179 179 123 144 155 232 169 196 181 177 171 137 165 205 32 151 111 82 160 147 140 53 107 66 195 122 182 87 67 180 186 124 143 164 179 184 130 69 158 155 200 196 65 202 158 244 237 169 231 207 211 226 173 184 254 58 133 162 188 184 175 241 225 205 200 184 276 184 86 181 177 90 96 64 193 139 151 101 54 98 147 177 66 187 255 203 123 135 234 142 109 129 201 199 88 214 146 250 160 224 236 148 198 195 133 91 227 128 57 265 171 122 198 36 167 125 191 212 133 103 197 187 112 156 86 89 98 178 74 176 76 55 211 87 177 240 173 90 38 251 177 155 155 28 177 105 136 125 179 182 209 201 132 141 201 196 105 143 172 186 109 110 199 242 227 164 212 110 202 219 84 159 210 190 124 83 202 105 78 44 90 114 127 49 129 165 202 129 215 29 171 112 155 93 131 205 63 222 55 96 154 70 167 121 121 167 98 41 136 174 23 195 213 186 103 233 169 110 203 209 204 178 133 60 95 174 185 97 119 162 141 165 231 144 191 57 197 164 140 145 155 220 150 28 281 119 124 77 185 94 280 205 111 265 65 243 182
 382 181 179 1 356 179 235 331 407 265 28 105 354 162 64 99 303 193 279 270 254 187 311 242 128 255 118 199 185 250 262 245 43 320 223 163 219 331 187 67 181 327 308 378 292 230 25 212 106 402 18 373 41 387 308 147 327 255 180 261 103 296 12 220 404 122 239 66 253 448 347 210 198 72 165 244 116 338 294 212 280 128 228 297 132 224 316 425 289 262 134 359 71 285 222 298 138 265 392 293 373 88 207 318 296 317 282 216 105 248 304 160 374 246 245 346 174 91 86 353 213 309 110 317 365 80 334 260 265 151 224 117 280 143 125 144 200 295 413 285 199 147 103 340 140 223 197 301 251 147 295 53 111 377 139 266 319 340 371 108 253 278 363 221 141 373 411 223 136 243 90 225 376 262 334 284 293 300 157 318 283 202 219 256 211 173 206 90 304 363 306 278 157 60 277 192 103 309 383 167 67 230 267 313 247 23 72 298 146 164 178 287 351 187 373 388 260 85 275 300 170 370 368 382 149 236 203 86 312 112 213 263 149 307 262 324 249 197 173 146 166 236 107 332 263 295 190 454 297 299 158 118 209 450 182 120 369 242 102 330
 28 185 179 356 1 234 244 27 101 199 370 333 48 324 315 337 209 175 153 105 126 264 128 189 231 129 239 333 227 235 112 118 358 203 231 263 283 165 326 300 190 109 158 38 206 130 378 243 405 149 345 145 380 33 237 304 126 378 186 199 314 244 360 296 164 376 322 366 236 148 73 171 317 353 241 134 242 187 100 272 81 229 192 110 317 161 155 147 276 181 297 178 319 72 237 262 338 101 50 117 190 318 366 243 113 175 271 247 258 345 54 204 221 225 203 116 185 324 301 143 347 48 263 230 23 290 51 118 110 234 256 243 242 242 232 349 183 225 117 231 215 215 415 135 315 228 169 216 171 293 110 356 331 62 339 143 51 200 84 265 223 239 69 215 250 30 139 361 301 329 287 327 167 100 24 292 195 56 240 181 76 201 147 108 230 271 154 291 132 149 51 255 200 348 129 291 260 51 54 200 391 136 93 142 110 345 291 72 325 249 196 111 60 178 59 87 279 274 334 202 256 64 92 42 309 187 184 273 134 354 209 171 318 124 199 226 230 329 192 331 314 238 315 25 324 173 167 145 70 58 215 353 210 162 354 263 228 121 405 114
 257 68 123 179 234 1 263 208 317 88 178 110 254 261 179 226 125 154 110 130 191 38 257 67 124 107 101 293 8 76 189 165 206 307 244 31 276 294 280 113 58 261 272 267 115 115 192 41 184 338 162 203 182 261 133 72 161 356 68 255 93 311 176 285 347 148 314 156 79 365 197 65 282 220 197 101 124 311 144 264 182 104 220 141 86 186 144 351 324 245 220 183 190 173 247 323 107 182 280 135 197 104 317 143 139 141 316 249 86 333 184 68 197 69 244 182 89 107 183 300 311 191 73 319 250 161 236 191 191 36 60 89 298 173 111 117 53 299 329 295 209 132 196 285 239 47 149 299 226 227 230 210 106 231 108 104 218 320 284 74 264 294 270 230 39 239 339 325 71 321 169 307 329 173 210 329 116 185 188 142 182 199 158 129 232 231 98 90 138 310 189 109 102 209 224 260 87 201 278 61 183 164 145 267 147 181 110 205 251 204 160 133 257 145 274 298 305 105 346 290 216 223 211 271 76 63 182 135 145 247 217 239 248 250 84 147 266 289 68 99 258 260 215 215 332 269 104 366 201 180 49 250 215 373 294 60 192 164 185 167
 267 202 144 235 244 263 1 230 235 310 261 290 212 106 172 155 345 115 286 231 125 299 130 282 148 238 175 97 263 325 139 148 208 95 21 278 42 123 96 223 212 153 108 243 336 192 258 301 332 204 236 349 274 271 367 299 306 135 201 50 274 62 245 54 198 329 78 286 327 261 286 228 82 185 76 229 154 119 257 35 175 166 57 269 297 98 318 231 62 66 107 362 166 196 17 66 317 154 252 271 378 265 129 377 270 332 54 20 203 102 213 196 398 314 42 314 178 272 150 155 108 214 221 85 238 160 197 133 140 233 320 189 46 103 161 328 230 64 233 53 55 134 334 147 113 298 123 72 74 95 137 200 293 297 319 266 194 116 205 222 28 44 207 38 242 272 219 120 288 86 148 85 166 160 234 67 329 206 86 337 180 67 128 208 32 65 187 237 292 161 210 359 163 189 116 62 204 199 237 204 298 133 204 122 172 214 215 175 116 74 105 259 203 123 222 222 44 201 95 77 66 295 312 245 304 275 88 169 300 161 49 75 109 131 307 370 20 95 199 318 96 7 136 223 84 89 169 271 178 211 215 156 51 255 125 234 400 145 329 300
 53 159 155 331 27 208 230 1 119 178 345 307 58 304 291 314 192 153 132 80 108 240 123 166 207 104 214 316 202 213 94 96 334 199 215 238 267 163 308 274 164 108 153 60 188 103 352 219 379 160 319 139 354 58 220 279 113 363 160 187 288 235 334 280 174 350 307 340 215 167 66 145 300 330 220 109 218 185 79 256 60 203 176 91 291 142 139 162 266 169 276 168 295 47 221 254 312 81 73 97 181 292 348 226 94 159 261 231 232 331 28 178 211 202 189 107 159 297 277 145 331 23 237 225 44 266 51 100 92 208 232 217 232 220 207 324 157 217 134 222 197 191 389 136 294 204 146 209 157 272 100 332 305 68 314 121 42 198 95 239 210 229 79 198 224 46 152 344 275 315 263 312 172 78 5 281 176 31 219 165 54 182 125 82 213 252 128 265 114 153 26 235 174 324 117 273 234 32 74 174 365 114 67 137 86 320 266 57 305 229 174 90 67 155 75 102 267 249 322 195 236 67 90 65 283 164 164 248 118 332 191 159 298 117 178 210 217 312 166 306 295 224 293 12 311 166 141 165 53 32 189 331 192 180 335 236 217 99 379 101
 97 258 232 407 101 317 235 119 1 296 426 406 65 334 355 364 309 215 250 195 154 351 108 282 280 218 296 332 311 331 146 166 399 160 229 346 276 120 329 361 266 86 129 65 306 203 430 333 474 61 399 242 437 97 337 385 227 363 259 186 386 209 413 288 77 450 308 431 332 49 173 253 316 387 262 221 292 136 197 269 138 284 199 208 394 186 255 48 244 172 318 277 356 145 234 227 417 145 58 215 288 387 363 343 212 275 242 245 320 329 137 273 320 319 197 216 250 393 337 86 342 130 330 188 79 332 82 148 144 309 348 304 215 274 285 428 265 192 17 202 229 261 481 90 332 319 212 181 173 310 114 395 405 153 418 238 100 148 37 332 209 213 48 218 325 119 44 353 379 314 326 318 95 152 119 262 294 134 265 281 136 219 190 189 234 282 225 358 231 86 131 353 258 385 135 293 323 117 48 272 453 178 173 114 174 392 351 115 340 268 231 207 61 221 46 20 257 333 309 169 271 158 188 62 389 279 209 322 234 378 217 165 332 109 295 326 217 329 263 411 324 229 342 109 303 148 230 51 119 140 288 375 220 62 358 334 327 168 472 214
 216 115 169 265 199 88 310 178 296 1 265 191 234 331 260 304 40 196 48 105 209 93 266 30 192 85 175 359 81 39 200 179 291 330 291 109 332 307 347 199 106 262 288 236 30 124 278 64 263 332 249 124 268 220 58 145 91 420 116 289 177 346 263 343 343 222 372 240 39 344 141 84 346 303 256 89 196 328 101 319 178 174 258 90 163 218 65 338 367 275 291 98 271 160 295 361 178 188 248 83 111 189 386 68 87 57 359 300 168 394 162 129 110 31 282 112 138 191 261 303 377 168 158 348 220 240 220 205 202 117 67 166 336 237 181 186 84 332 311 331 258 193 276 290 310 48 188 329 256 295 237 294 186 175 179 60 204 339 269 159 304 333 254 274 125 195 327 392 149 380 245 369 333 178 179 375 29 166 248 56 176 244 187 120 281 293 124 177 73 313 168 58 159 292 239 321 170 184 251 119 267 187 134 278 154 266 196 199 323 264 209 90 240 189 252 279 353 188 400 317 276 167 147 240 147 37 223 213 76 326 262 267 319 259 5 65 307 355 121 168 326 306 290 188 387 291 143 342 193 159 118 329 260 356 365 146 107 180 264 101
 397 191 196 28 370 178 261 345 426 265 1 90 372 189 91 126 301 213 283 280 274 182 333 244 147 263 132 227 185 246 281 262 69 345 249 159 246 354 214 73 189 348 331 395 291 243 17 208 79 424 29 377 14 402 304 136 333 281 190 285 94 322 18 248 426 99 266 43 249 468 356 217 226 98 190 253 135 362 303 239 296 144 252 305 120 245 319 446 316 286 161 360 99 300 248 324 121 283 408 300 374 79 233 313 304 318 309 242 115 275 318 170 373 243 270 352 187 80 113 375 240 323 115 343 380 104 351 279 283 154 218 129 306 167 142 126 206 321 433 311 224 166 76 362 167 221 216 327 274 174 315 79 96 388 123 272 336 365 390 113 279 304 381 246 142 386 432 250 127 270 115 252 399 279 348 311 293 315 182 319 299 226 237 268 236 200 218 90 309 385 320 272 172 87 299 219 112 324 400 176 39 249 280 335 262 50 80 316 174 190 199 295 369 206 390 407 288 97 302 325 196 380 377 399 138 238 225 106 317 139 237 287 177 328 261 321 275 224 183 131 193 262 135 347 290 319 204 474 314 313 165 145 234 471 209 122 367 260 75 336
 358 150 181 105 333 110 290 307 406 191 90 1 345 246 143 190 223 208 218 232 262 100 327 175 147 211 122 283 117 166 265 242 145 358 274 83 287 357 270 69 144 338 334 363 214 206 105 129 76 416 89 310 88 362 222 50 270 343 149 300 21 348 96 292 422 45 316 53 168 452 304 165 278 171 215 203 139 370 250 277 269 133 264 249 32 243 251 434 350 296 209 288 154 266 275 354 35 262 377 243 300 26 298 231 246 246 342 272 93 330 281 134 294 165 286 291 157 19 159 371 299 287 79 363 347 140 326 265 267 100 135 110 332 188 136 43 153 342 416 334 242 166 88 357 222 144 207 345 279 220 304 153 7 337 36 212 309 376 371 77 301 330 359 265 84 343 420 311 43 322 152 305 399 255 310 350 218 280 205 246 271 238 224 226 260 238 183 55 247 382 285 188 153 158 292 263 91 293 372 135 79 234 241 334 233 119 76 292 232 218 202 240 346 199 365 387 325 91 352 339 228 329 320 367 50 171 229 123 254 208 254 293 232 321 188 241 299 280 144 43 247 289 190 312 339 326 177 455 288 277 119 213 250 458 273 73 288 240 76 276
 60 197 177 354 48 254 212 58 65 234 372 345 1 301 307 322 248 165 188 132 106 288 87 218 227 155 240 305 248 268 95 111 351 160 201 283 252 121 300 304 204 66 117 32 245 141 377 269 415 104 345 191 382 63 277 323 169 346 198 165 326 203 359 265 118 389 289 373 269 113 119 190 289 342 222 157 239 142 135 243 78 229 165 147 333 142 196 105 237 147 279 223 309 82 207 222 355 90 42 154 236 328 338 283 150 216 233 218 263 312 73 213 267 256 171 162 191 334 290 96 318 67 271 188 31 283 22 99 93 248 284 247 204 229 231 366 202 185 78 192 192 209 423 89 295 256 160 175 141 273 77 348 345 109 356 175 38 155 38 273 189 201 22 187 263 75 95 331 317 296 278 297 120 94 59 254 233 71 223 222 75 179 137 126 203 248 164 299 171 102 68 291 201 338 99 264 265 54 30 211 396 126 110 100 114 341 295 57 304 229 184 145 13 170 21 47 243 277 298 161 234 111 140 34 327 216 165 270 175 338 183 138 297 84 232 267 196 302 203 349 291 206 300 47 289 134 171 113 59 77 227 336 185 124 329 273 273 113 414 158
 349 217 171 162 324 261 106 304 334 331 189 246 301 1 105 65 369 157 321 280 199 289 227 302 140 278 161 39 264 334 213 210 124 200 107 264 72 227 26 179 225 250 210 331 359 234 181 301 267 307 169 401 202 354 386 271 354 99 217 151 234 160 173 67 303 276 79 224 336 363 349 251 39 96 86 267 138 224 308 72 246 159 137 317 263 164 357 334 142 163 42 404 94 262 102 155 278 224 342 316 420 221 57 396 318 367 136 91 180 87 282 203 433 325 138 367 195 228 88 258 55 285 197 186 323 109 283 207 215 226 319 173 145 97 152 287 247 167 334 155 110 140 264 248 25 304 165 177 163 37 226 115 251 368 280 302 275 221 301 197 132 145 300 117 228 349 322 67 259 83 98 64 271 227 309 132 355 276 90 370 251 124 183 258 101 54 219 201 335 265 281 367 174 104 204 45 180 275 328 212 227 192 260 222 228 140 174 253 16 78 136 306 293 159 314 319 112 167 115 182 69 364 375 334 275 295 142 132 344 61 119 170 15 226 327 395 125 36 211 283 11 111 57 301 103 191 197 373 255 279 216 55 117 359 35 213 432 207 263 352
 341 158 137 64 315 179 172 291 355 260 91 143 307 105 1 50 299 143 263 241 203 200 255 234 86 230 89 143 184 254 213 199 45 258 161 174 157 271 129 79 162 273 249 333 289 197 87 218 166 346 67 354 104 347 311 173 307 202 157 199 133 233 74 159 346 172 179 121 257 394 317 191 139 44 104 219 76 277 268 149 236 95 169 273 162 170 301 369 226 203 72 347 13 245 159 235 176 219 346 270 363 119 156 321 273 306 219 153 94 190 264 138 369 247 184 324 143 125 23 295 158 269 108 254 321 26 287 210 215 146 234 96 217 84 90 185 183 233 360 222 139 101 165 283 81 225 148 239 192 85 242 43 148 344 177 247 273 278 319 107 191 215 313 159 142 335 356 170 161 184 31 166 317 217 294 221 288 260 96 309 240 143 171 223 148 110 174 103 285 305 265 286 122 35 223 130 93 266 336 147 128 183 231 256 206 43 76 252 90 102 125 262 303 139 324 337 198 76 215 238 107 338 341 337 177 227 148 49 294 71 152 204 91 251 257 323 186 139 150 181 107 173 48 291 203 235 155 401 251 260 144 75 149 394 131 123 366 196 162 308
 363 197 165 99 337 226 155 314 364 304 126 190 322 65 50 1 344 162 303 273 217 248 260 277 119 266 130 102 230 301 229 219 61 248 149 223 129 268 90 128 202 280 248 350 333 228 117 265 204 346 108 391 138 368 356 222 344 157 196 192 182 214 110 128 344 217 143 163 304 399 348 231 102 32 103 255 112 270 301 126 256 133 168 308 211 181 341 372 201 200 50 387 38 269 146 212 223 237 363 306 403 168 110 367 308 348 195 137 141 150 289 178 412 293 177 359 179 173 45 296 115 293 156 239 339 66 303 224 231 192 282 140 199 95 127 232 225 218 367 207 137 128 201 285 46 271 169 226 194 61 252 51 196 372 225 286 291 269 329 155 178 198 325 153 189 359 359 125 210 146 60 128 314 237 318 193 331 284 100 350 261 146 190 254 139 92 208 152 323 304 289 333 157 41 231 101 140 287 350 188 164 201 260 257 231 78 125 269 50 97 141 297 316 160 338 347 171 123 179 229 97 367 373 354 226 270 158 92 332 23 150 204 54 257 301 368 172 99 189 230 71 158 23 312 167 231 187 408 270 285 187 26 147 397 85 171 409 216 200 343
 222 153 205 303 209 125 345 192 309 40 301 223 248 369 299 344 1 231 65 128 238 124 291 68 230 112 214 397 119 59 228 209 329 358 325 143 368 333 385 237 145 284 315 246 11 156 315 95 294 349 286 105 304 225 29 176 87 458 154 321 211 378 300 379 362 252 409 274 58 356 143 121 384 342 293 119 235 354 115 355 202 213 292 102 194 251 57 353 400 306 329 70 310 182 330 394 207 215 257 96 80 224 425 36 99 39 392 336 207 431 180 168 73 59 314 105 176 225 300 325 415 185 196 378 231 279 237 233 230 156 91 205 369 275 220 214 123 363 324 362 293 231 307 313 349 81 223 359 287 334 262 333 218 174 207 84 222 366 285 198 337 365 269 308 163 199 343 430 181 417 284 406 355 205 191 409 18 185 285 34 199 279 219 147 316 330 159 214 78 335 186 55 197 331 267 359 209 203 262 158 301 218 158 304 183 304 234 221 362 301 246 106 257 225 265 293 387 227 436 347 313 166 141 250 177 76 258 253 76 365 297 297 358 284 44 27 341 393 159 196 364 340 330 202 423 320 179 353 215 178 157 368 295 370 403 184 68 210 295 99
 202 89 32 193 175 154 115 153 215 196 213 208 165 157 143 162 231 1 174 125 62 191 123 167 68 127 88 176 153 211 70 58 188 156 96 173 139 151 166 152 100 136 127 191 222 81 217 189 267 213 186 246 225 207 253 203 201 232 89 102 188 158 199 151 217 251 181 222 214 256 193 114 161 179 72 117 79 164 153 126 95 76 67 163 206 36 208 234 173 93 125 254 146 109 100 170 227 77 204 163 270 185 207 263 164 220 165 106 116 203 129 88 287 200 91 212 66 192 127 166 193 132 130 166 179 119 144 68 73 129 209 99 145 68 75 240 116 146 221 142 63 48 273 152 144 185 10 146 75 123 103 184 209 213 229 154 131 171 179 132 112 142 171 79 140 198 220 207 193 188 114 180 192 76 157 181 215 123 68 225 100 49 29 103 86 108 73 155 184 176 128 244 58 175 87 134 118 125 193 94 242 41 104 127 73 178 142 110 155 81 22 152 160 10 182 196 158 124 206 138 91 209 219 195 208 161 29 109 192 180 67 88 149 117 193 256 114 172 88 226 149 111 141 151 194 120 55 262 109 125 108 179 65 259 190 140 288 55 266 197
 169 108 151 279 153 110 286 132 250 48 283 218 188 321 263 303 65 174 1 64 175 128 226 46 186 49 175 345 103 85 164 146 299 295 267 137 312 269 334 213 103 221 251 190 59 95 295 101 293 287 263 95 288 173 92 178 52 404 109 259 202 316 278 324 299 255 353 264 85 298 96 74 331 306 240 58 192 290 54 299 138 171 231 43 194 190 39 292 339 243 282 85 272 118 272 332 212 151 201 36 101 212 375 100 40 48 332 278 176 376 118 127 115 75 253 73 127 215 260 262 363 123 170 315 173 240 175 170 166 130 109 169 307 225 177 221 81 300 265 300 236 182 305 249 302 84 165 296 225 285 198 301 215 130 213 21 159 302 224 172 276 303 208 249 142 148 282 378 178 361 244 352 291 141 132 349 49 122 234 52 135 221 159 83 258 277 104 194 30 271 123 104 149 297 203 305 178 140 205 117 291 156 94 240 120 277 208 157 315 249 191 44 195 169 205 233 328 197 379 283 260 122 105 194 181 48 199 215 36 325 238 235 310 220 48 89 281 341 115 203 314 281 287 142 366 256 125 296 151 115 123 326 237 310 355 162 115 147 294 60
 128 90 111 270 105 130 231 80 195 105 280 232 132 280 241 273 128 125 64 1 114 160 163 88 156 25 155 300 123 138 103 86 281 232 212 160 261 206 290 208 92 158 188 140 122 47 289 140 306 227 256 122 288 132 155 201 77 356 91 200 214 256 272 273 239 274 302 270 139 243 78 68 285 283 195 30 166 227 29 248 75 147 175 39 214 134 89 235 281 183 244 132 248 56 218 273 235 89 153 41 148 220 331 163 41 105 274 225 167 326 59 111 170 126 196 88 99 225 232 199 317 65 167 254 123 216 116 108 104 134 154 154 248 186 152 246 81 239 209 240 184 147 317 186 264 125 116 234 166 244 135 281 230 109 236 47 99 239 166 170 219 245 151 195 149 111 223 331 198 310 216 303 229 79 82 292 111 62 191 111 72 169 104 24 206 232 67 195 62 209 65 163 120 275 141 258 169 80 152 105 296 99 31 177 60 263 201 95 276 204 145 29 137 122 150 177 272 185 325 222 215 101 101 144 205 85 147 194 71 294 184 174 271 157 104 151 224 296 98 228 272 225 254 88 313 194 87 243 89 56 117 294 184 254 313 164 172 88 306 73
 151 124 82 254 126 191 125 108 154 209 274 262 106 199 203 217 238 62 175 114 1 229 67 184 128 127 146 209 188 233 15 31 247 122 109 216 161 104 202 210 135 77 82 135 230 86 278 220 325 155 246 227 285 156 263 250 186 257 125 88 242 143 260 174 161 306 201 281 235 196 162 136 193 237 117 121 139 122 137 149 51 134 70 150 256 37 201 174 169 71 174 243 205 72 115 160 278 30 147 153 259 241 242 272 152 218 163 124 172 225 89 133 282 221 86 191 108 248 186 111 224 90 184 141 125 179 87 9 17 173 238 155 136 123 134 290 144 127 160 128 91 108 332 97 191 211 59 122 54 169 44 244 263 174 280 155 77 132 118 186 108 132 111 92 187 152 161 237 242 209 174 205 140 37 112 182 221 82 118 223 57 77 39 93 106 146 95 211 175 122 86 264 110 234 34 166 174 77 135 135 302 30 84 76 56 239 201 55 201 125 79 141 101 69 123 136 164 183 218 110 131 171 189 138 255 178 60 169 182 233 84 62 194 61 206 262 114 205 127 275 190 119 195 103 207 84 90 202 57 87 151 231 85 199 229 191 285 30 324 179
 286 106 160 187 264 38 299 240 351 93 182 100 288 289 200 248 124 191 128 160 229 1 294 83 156 137 131 323 42 66 226 202 220 344 279 26 309 331 309 126 95 298 309 299 115 151 196 30 171 374 170 215 183 290 123 53 179 385 106 292 90 347 183 318 383 130 346 152 69 399 221 99 313 239 230 132 154 348 170 297 217 136 256 165 71 223 156 387 359 282 248 190 211 207 282 359 86 218 312 158 202 104 345 133 162 149 351 284 110 364 217 104 195 66 281 200 126 104 207 336 340 223 93 356 282 185 270 229 228 67 38 117 334 205 143 94 88 336 363 332 245 166 185 322 266 47 186 336 263 256 267 226 95 255 87 127 253 357 319 94 301 331 305 265 62 268 374 354 58 353 194 338 366 209 241 364 120 218 220 148 217 235 195 163 267 263 135 101 157 347 222 92 137 226 261 292 111 235 311 98 178 201 179 304 184 194 126 241 278 236 196 159 292 182 307 332 339 126 379 327 249 247 232 303 55 82 218 159 162 269 253 276 276 287 91 142 302 319 105 76 286 295 239 247 365 306 142 400 236 213 84 273 250 408 321 78 189 201 173 187
 146 190 147 311 128 257 130 123 108 266 333 327 87 227 255 260 291 123 226 163 67 294 1 243 189 182 209 226 253 293 69 93 299 77 122 282 171 44 222 273 201 24 31 117 284 147 335 283 389 92 305 259 345 149 318 316 226 262 191 81 308 117 318 183 95 371 205 344 295 141 187 199 210 284 158 178 200 65 180 163 90 197 93 194 322 89 247 115 151 66 213 283 255 110 128 136 344 79 125 199 298 306 258 326 196 265 146 139 237 228 118 199 325 281 91 225 175 313 236 45 237 116 250 104 116 234 78 67 67 240 301 220 118 172 197 357 208 98 109 106 123 169 395 31 226 273 122 89 67 204 30 294 328 188 346 209 82 78 76 252 105 115 78 111 254 157 101 249 308 212 226 214 73 89 126 167 274 112 162 271 93 115 104 146 127 176 160 275 220 56 113 322 175 283 36 187 239 96 109 201 363 96 133 15 114 294 264 73 233 163 135 187 76 131 94 93 158 246 212 75 165 188 212 119 321 238 109 228 226 272 111 59 226 8 263 313 113 223 193 341 217 124 238 113 204 48 156 149 79 118 218 269 114 140 252 257 329 94 387 216
 208 86 140 242 189 67 282 166 282 30 244 175 218 302 234 277 68 167 46 88 184 83 243 1 163 65 147 330 60 51 176 154 265 305 262 93 303 284 318 176 77 241 264 225 58 99 256 57 249 313 226 137 248 212 87 133 97 391 87 262 159 319 240 314 324 210 343 222 53 330 139 55 317 276 227 66 167 304 91 290 157 146 231 84 149 191 77 321 339 248 262 118 243 141 267 334 167 165 237 77 133 170 357 97 81 76 331 271 142 365 146 101 137 39 254 118 109 173 233 282 348 152 133 322 208 212 203 181 178 92 68 139 309 208 153 176 55 305 296 304 229 164 262 269 281 41 160 302 229 266 214 269 171 174 168 47 186 315 253 135 277 305 238 246 103 188 310 363 134 351 217 340 312 155 167 347 55 149 219 77 156 216 159 99 252 264 96 155 75 292 152 81 130 265 215 292 144 167 238 91 249 160 114 255 130 242 172 179 294 235 180 79 224 160 237 264 324 163 372 291 247 165 150 229 136 8 195 186 80 298 234 241 290 236 27 94 280 326 92 158 297 277 262 175 359 266 114 329 174 143 91 301 232 341 336 123 134 155 250 104
 258 80 53 128 231 124 148 207 280 192 147 147 227 140 86 119 230 68 186 156 128 156 189 163 1 148 28 171 126 195 135 118 129 213 130 133 154 214 158 86 87 203 190 252 220 112 151 164 202 280 119 273 158 263 246 152 226 233 79 154 129 203 134 163 283 189 191 156 198 323 232 114 159 127 76 136 13 225 184 143 153 21 118 190 151 101 223 300 209 150 100 270 92 161 132 211 171 138 265 188 286 123 196 257 190 231 201 132 57 210 180 63 296 186 140 241 60 130 77 232 189 185 74 217 239 61 207 133 138 91 183 42 188 50 14 183 109 196 287 189 97 21 207 218 119 165 70 199 134 105 170 127 149 259 173 168 192 230 244 75 156 185 236 119 96 250 287 203 141 198 61 184 257 135 210 211 217 176 66 234 157 92 92 138 117 108 90 93 204 242 181 229 38 120 154 137 58 183 256 73 176 103 146 193 122 115 77 171 132 82 57 179 224 60 246 262 187 59 224 193 94 253 257 256 157 156 84 44 213 140 108 148 128 183 188 256 155 167 73 172 136 146 102 207 210 181 70 328 170 176 78 142 105 325 174 87 295 115 200 225
 151 75 107 255 129 107 238 104 218 85 263 211 155 278 230 266 112 127 49 25 127 137 182 65 148 1 143 300 100 115 117 98 269 247 219 137 265 224 290 191 75 178 205 164 105 47 273 116 285 249 241 126 270 155 138 178 79 358 76 211 193 268 256 277 260 252 306 251 117 267 95 48 286 273 195 12 156 244 41 252 94 136 183 44 192 142 82 257 291 195 241 128 238 77 224 284 212 105 176 41 144 200 331 147 44 95 283 230 151 329 83 96 162 103 205 95 89 204 223 219 318 89 149 267 147 206 139 123 119 114 130 140 259 182 142 223 60 252 232 252 188 141 296 206 260 102 118 248 177 242 153 270 209 127 214 30 122 255 189 152 228 255 174 201 129 134 246 332 176 314 208 306 249 95 106 301 95 86 189 100 92 174 111 36 211 232 60 176 59 229 88 142 110 264 156 260 153 103 176 88 277 108 50 194 72 249 184 116 273 204 145 33 160 123 174 200 280 170 331 236 215 120 115 168 182 62 152 183 68 287 190 187 268 175 83 136 232 296 83 205 271 233 248 112 318 209 81 267 110 79 99 288 189 278 312 145 163 99 286 78
 266 69 66 118 239 101 175 214 296 175 132 122 240 161 89 130 214 88 175 155 146 131 209 147 28 143 1 193 104 174 151 131 127 238 157 107 180 237 180 65 73 222 214 263 204 114 139 141 181 300 106 266 143 271 228 125 219 256 68 180 103 230 121 189 304 165 216 136 177 340 232 103 183 132 102 131 24 249 181 169 164 13 143 186 124 123 213 319 236 175 120 259 98 169 159 238 145 152 277 183 275 98 217 239 185 219 228 158 30 235 187 49 282 166 166 236 57 106 87 253 211 192 47 244 249 66 220 150 154 67 160 15 215 76 15 157 96 222 304 215 124 45 187 239 139 145 88 225 159 127 188 128 124 261 147 159 204 255 260 48 182 212 251 146 70 256 306 225 114 223 71 209 279 147 217 238 201 184 92 221 168 118 108 140 144 134 90 68 197 263 189 208 41 123 174 162 32 193 269 59 157 119 150 215 130 109 56 185 151 108 81 175 239 80 259 277 213 38 250 219 120 255 255 267 130 140 108 41 205 152 135 172 148 204 172 239 182 189 62 145 157 173 116 216 236 205 73 345 182 183 58 154 131 344 194 60 280 129 179 220
 357 245 195 199 333 293 97 316 332 359 227 283 305 39 143 102 397 176 345 300 209 323 226 330 171 300 193 1 296 365 223 224 161 187 105 298 57 218 15 216 254 249 204 336 387 256 218 333 304 299 207 421 239 362 415 307 376 64 244 146 271 141 210 46 292 314 45 262 367 357 365 277 17 132 106 290 170 212 328 64 258 190 142 338 300 175 381 327 117 161 77 427 132 276 99 132 315 236 346 338 444 259 34 425 339 392 113 88 214 49 295 232 459 355 136 387 222 265 126 251 19 297 232 168 329 145 289 217 224 259 352 207 128 124 183 325 276 152 330 140 120 167 302 243 63 335 184 163 165 68 230 151 288 381 317 326 283 207 301 233 124 129 301 120 262 360 315 34 295 47 134 28 260 240 320 104 382 289 113 396 263 135 199 277 104 69 243 238 358 257 293 399 201 141 208 44 214 285 331 242 265 207 277 218 245 178 211 262 54 98 157 327 296 179 317 318 89 203 79 171 86 378 392 339 312 323 156 167 367 94 125 169 52 226 356 423 116 5 240 320 38 103 95 311 69 185 222 367 265 292 247 88 124 350 31 248 458 222 301 372
 250 66 122 185 227 8 263 202 311 81 185 117 248 264 184 230 119 153 103 123 188 42 253 60 126 100 104 296 1 72 185 161 211 304 244 38 277 291 283 119 55 257 269 261 109 111 198 39 191 334 168 195 189 254 128 79 154 358 66 254 101 309 182 286 342 155 315 163 75 359 189 59 284 225 198 94 127 308 137 265 177 106 219 134 94 184 136 346 323 243 223 176 194 167 247 322 114 177 274 128 190 111 320 138 132 134 315 250 91 335 178 68 190 65 243 175 88 114 187 296 313 185 78 317 244 165 230 188 188 39 58 92 297 175 113 124 48 298 324 294 209 133 204 281 241 42 147 297 224 229 226 216 113 224 115 96 213 317 279 80 264 293 265 229 45 233 334 328 78 323 172 309 325 168 204 329 110 179 189 135 177 198 155 124 232 233 95 97 131 306 183 105 102 214 221 262 92 195 272 60 190 161 140 263 143 187 116 200 254 205 160 126 252 144 268 293 305 110 347 288 217 216 204 265 83 56 181 139 138 252 217 237 251 246 78 141 265 291 66 106 260 260 218 209 333 267 102 361 196 174 50 255 214 368 297 66 186 160 192 160
 253 124 182 250 235 76 325 213 331 39 246 166 268 334 254 301 59 211 85 138 233 66 293 51 195 115 174 365 72 1 226 203 280 354 305 88 342 334 352 186 114 292 313 272 51 148 260 39 235 363 233 158 248 257 59 118 128 427 125 309 155 366 246 353 374 193 382 217 4 379 179 99 353 295 264 117 197 353 137 330 207 176 276 127 136 237 101 371 383 296 293 128 265 192 309 380 149 215 284 120 138 169 390 69 124 90 375 313 161 402 196 134 129 13 300 149 148 169 258 332 382 202 148 370 256 236 253 230 228 110 33 163 354 243 183 155 96 352 345 350 271 200 249 319 312 31 204 350 277 299 264 285 160 213 149 93 236 364 302 149 322 351 287 289 114 232 360 397 124 389 243 377 362 205 214 391 59 199 256 87 206 259 206 149 294 300 142 162 111 343 201 35 166 283 264 329 162 217 286 124 244 208 164 305 180 254 184 230 324 272 222 125 274 203 286 313 367 180 412 339 284 204 184 276 119 56 239 209 113 322 277 288 321 286 38 76 324 360 128 138 330 321 289 223 399 315 157 378 224 192 118 325 275 391 367 134 123 204 237 139
 137 123 87 262 112 189 139 94 146 200 281 265 95 213 213 229 228 70 164 103 15 226 69 176 135 117 151 223 185 226 1 25 257 131 123 214 175 109 216 216 133 74 89 123 221 79 285 215 330 153 253 213 292 142 254 250 174 272 123 101 245 155 268 188 160 309 215 286 228 190 148 131 207 248 130 112 147 128 125 164 37 139 84 138 257 50 190 170 182 83 187 231 215 58 129 173 279 16 135 141 247 244 256 263 140 207 176 139 176 239 75 133 271 214 100 178 109 251 196 112 238 76 187 152 112 189 75 7 4 173 233 159 149 135 140 291 139 138 154 140 105 116 337 97 204 206 66 133 68 182 42 254 265 160 281 146 64 139 110 189 122 145 102 106 188 138 157 252 243 223 183 219 141 25 98 195 211 68 130 212 42 90 44 83 120 160 92 214 163 122 72 256 113 244 40 180 179 63 124 135 308 33 73 80 47 247 206 42 214 138 89 129 91 76 113 128 178 188 232 120 145 157 174 126 255 171 73 177 170 245 99 74 208 62 198 252 128 219 126 276 203 133 207 89 222 93 90 195 43 73 151 244 100 194 243 193 273 26 328 166
 145 99 67 245 118 165 148 96 166 179 262 242 111 210 199 219 209 58 146 86 31 202 93 154 118 98 131 224 161 203 25 1 243 152 130 190 180 132 216 195 109 98 111 135 201 56 268 191 309 177 235 202 273 150 234 226 160 277 99 115 222 171 250 193 184 286 222 266 206 211 141 107 209 236 125 91 129 151 111 168 38 120 92 123 234 51 174 193 196 99 181 217 202 53 136 188 256 22 148 125 232 223 257 243 125 190 189 144 155 245 73 110 255 191 111 167 86 229 184 136 240 76 165 171 123 174 90 28 28 150 210 139 163 125 121 268 116 155 175 156 106 100 316 122 199 182 52 151 81 178 66 240 242 159 258 126 76 161 130 167 134 160 120 112 164 141 179 255 219 229 170 224 165 19 100 208 192 67 124 195 43 90 30 64 125 159 67 193 147 146 72 234 93 231 62 182 157 68 139 111 288 19 58 104 27 231 186 55 210 134 79 113 108 61 129 147 188 168 242 139 142 155 168 139 231 149 70 160 155 237 103 90 204 86 177 233 139 221 103 252 201 142 198 94 230 113 66 215 53 69 128 236 103 217 242 170 257 4 307 154
 385 195 180 43 358 206 208 334 399 291 69 145 351 124 45 61 329 188 299 281 247 220 299 265 129 269 127 161 211 280 257 243 1 298 199 195 187 313 149 95 198 317 292 377 319 238 58 242 146 389 57 391 80 390 337 184 344 214 194 240 141 269 54 187 388 164 203 109 282 438 358 227 162 31 145 258 118 318 307 182 279 135 211 312 171 214 336 413 258 245 103 381 45 288 197 269 179 263 390 309 396 126 166 348 311 340 252 189 124 209 308 174 400 274 225 362 183 130 64 338 174 312 134 292 365 70 331 254 260 174 256 131 253 128 130 185 218 271 404 260 181 144 142 326 104 251 193 278 235 116 286 11 151 386 180 284 318 319 364 133 229 252 357 200 167 378 399 183 173 206 75 187 359 261 338 251 319 304 139 341 284 186 215 264 188 145 215 120 322 348 309 310 163 21 267 159 122 310 380 183 106 227 273 299 249 28 97 296 109 142 169 301 347 183 369 382 229 104 238 278 145 380 381 381 187 259 192 88 330 71 194 247 113 295 287 352 224 159 187 186 130 210 74 334 227 277 197 445 295 303 177 77 190 438 142 147 396 240 142 346
 219 239 186 320 203 307 95 199 160 330 345 358 160 200 258 248 358 156 295 232 122 344 77 305 213 247 238 187 304 354 131 152 298 1 100 328 132 42 187 296 250 95 47 188 351 207 344 338 411 116 318 334 358 222 384 357 299 207 239 61 340 51 329 141 108 401 155 364 356 175 263 256 173 277 156 242 222 27 252 129 160 227 96 266 359 122 318 144 86 64 199 357 255 182 103 68 381 145 194 270 372 335 215 393 268 336 84 112 267 174 193 242 398 342 76 300 219 342 237 75 193 190 283 29 190 242 153 126 130 283 357 251 60 179 224 393 262 36 154 48 122 194 414 74 207 331 159 25 82 188 102 291 361 263 383 276 158 22 139 284 71 59 146 100 295 232 134 202 347 160 231 168 76 154 202 104 342 186 164 342 164 123 150 213 111 157 213 305 291 77 187 385 212 280 93 156 269 172 177 247 380 146 202 63 177 300 287 147 210 158 158 258 148 165 162 152 103 270 151 21 154 264 288 189 362 299 131 244 298 255 109 68 203 82 327 382 77 185 240 380 190 91 228 189 146 40 203 187 153 192 262 251 112 166 216 293 402 151 408 290
 254 182 124 223 231 244 21 215 229 291 249 274 201 107 161 149 325 96 267 212 109 279 122 262 130 219 157 105 244 305 123 130 199 100 1 259 53 121 101 208 193 145 103 232 316 173 247 281 319 202 223 331 262 258 347 281 288 149 182 45 257 75 233 66 198 314 93 272 308 257 269 209 89 178 61 210 137 121 239 43 159 148 40 251 280 80 299 228 81 57 101 343 156 179 7 82 300 137 242 252 360 249 138 357 252 313 73 18 185 117 197 177 379 294 32 296 158 256 139 152 118 198 203 95 226 146 185 117 124 214 301 171 60 87 143 311 211 73 228 63 36 115 320 142 109 278 104 79 61 89 125 192 277 282 302 247 180 121 197 204 31 57 197 19 223 258 216 131 270 101 135 98 167 143 219 86 309 190 70 317 164 48 109 190 14 59 167 220 273 159 194 339 143 181 104 65 187 184 227 185 285 114 186 116 154 203 199 160 115 61 85 240 192 103 212 214 63 184 113 80 55 279 296 234 286 255 68 153 282 157 30 65 108 122 287 351 27 102 179 301 97 17 129 209 101 86 149 267 163 195 196 154 31 253 130 216 381 128 316 282
 286 92 143 163 263 31 278 238 346 109 159 83 283 264 174 223 143 173 137 160 216 26 282 93 133 137 107 298 38 88 214 190 195 328 259 1 286 318 285 101 83 287 295 296 134 143 173 50 157 365 146 228 161 291 146 43 189 361 92 274 69 328 159 295 373 119 323 132 90 393 226 94 289 213 208 130 130 334 174 275 210 114 238 170 57 207 169 379 339 265 224 206 186 202 262 339 77 208 310 164 219 82 320 156 168 164 331 262 85 341 214 87 215 85 262 210 110 83 181 325 316 220 68 338 280 159 264 216 217 46 62 93 314 182 120 87 82 318 357 313 224 145 169 311 241 63 169 319 247 232 255 201 79 260 78 132 247 342 312 69 281 311 299 246 38 269 366 330 42 330 169 315 354 200 240 342 137 214 198 164 210 215 181 159 246 240 124 76 166 336 218 116 118 201 248 268 86 230 307 82 159 187 175 291 175 169 100 233 253 214 176 163 286 164 303 327 318 100 356 310 226 252 240 301 46 90 200 134 172 244 233 260 251 275 106 163 282 294 90 69 262 275 214 245 342 291 127 395 229 209 67 247 231 401 296 53 209 189 158 195
 306 219 164 219 283 276 42 267 276 332 246 287 252 72 157 129 368 139 312 261 161 309 171 303 154 265 180 57 277 342 175 180 187 132 53 286 1 162 57 219 229 194 148 283 359 219 241 315 321 243 222 381 259 310 388 303 337 98 219 91 272 90 229 14 237 323 43 276 345 301 320 249 42 161 80 255 158 157 288 14 211 174 92 299 298 130 345 271 72 107 86 391 149 231 47 85 316 189 293 300 407 262 88 399 300 358 66 37 206 66 249 210 425 332 82 346 196 269 135 195 67 250 225 116 277 150 237 169 176 244 334 195 75 105 168 327 249 98 274 86 77 145 321 188 85 314 147 108 113 73 177 178 291 334 318 292 232 152 246 225 68 75 247 70 249 310 259 79 291 51 138 46 205 194 271 66 352 242 90 363 216 92 157 238 56 50 210 237 321 201 246 377 177 167 155 29 207 236 277 219 284 164 236 163 203 197 212 212 85 74 123 288 243 145 263 263 43 200 71 115 62 331 347 286 307 296 114 165 329 131 78 115 78 172 328 394 60 54 215 319 63 48 114 261 57 130 190 312 215 246 228 126 78 294 85 239 426 178 318 332
 180 227 179 331 165 294 123 163 120 307 354 357 121 227 271 268 333 151 269 206 104 331 44 284 214 224 237 218 291 334 109 132 313 42 121 318 162 1 217 299 238 57 25 148 327 187 355 322 415 82 327 300 366 183 360 350 268 244 227 77 338 90 339 173 77 401 190 369 336 140 228 239 203 295 169 220 225 23 223 157 132 226 104 237 355 115 289 109 125 70 219 326 269 153 126 108 377 120 153 241 340 335 248 368 239 308 123 137 266 211 161 233 368 322 92 267 209 342 250 35 227 158 280 70 150 252 116 105 107 274 341 249 96 189 224 389 246 73 115 83 134 194 420 33 230 313 153 62 81 209 72 307 359 226 379 251 123 36 98 282 96 94 106 116 288 193 98 237 342 196 243 202 47 130 166 143 316 154 176 314 135 130 138 188 130 179 198 304 263 40 155 364 206 296 71 183 268 138 136 237 387 132 176 30 155 312 290 115 235 173 159 230 109 160 122 111 139 272 190 50 172 227 253 149 355 279 131 250 269 277 120 68 228 50 305 356 104 216 229 375 216 117 247 153 184 38 191 151 121 161 253 274 124 133 246 289 372 132 413 258
 351 233 184 187 326 280 96 308 329 347 214 270 300 26 129 90 385 166 334 290 202 309 222 318 158 290 180 15 283 352 216 216 149 187 101 285 57 217 1 203 242 245 202 331 375 245 206 320 292 298 194 411 227 355 403 294 365 77 232 144 258 144 198 48 292 301 55 249 355 355 356 266 17 120 96 279 157 212 318 61 250 177 136 328 286 167 370 326 122 157 63 416 119 268 95 137 302 228 341 327 433 245 42 413 328 381 117 84 201 62 287 220 447 342 132 377 210 252 112 250 32 289 219 171 323 132 283 210 217 246 339 193 130 111 170 311 263 154 328 141 112 155 289 241 49 322 174 164 160 54 225 140 275 373 304 315 277 208 297 219 122 131 297 114 248 352 314 46 282 58 121 39 260 232 312 110 370 281 101 384 255 127 189 267 98 59 231 224 347 256 285 386 189 129 203 37 201 278 326 229 252 198 268 216 236 165 198 255 41 87 146 316 291 169 312 315 93 189 90 171 76 369 382 333 298 311 147 154 356 84 119 165 39 222 343 410 115 11 227 306 24 101 82 303 79 183 210 366 258 284 235 78 117 349 30 234 447 213 288 362
