NAME : domp260p130v5
COMMENT : (Deleplanque et al.) 
TYPE : DOMP
DIMENSION : 260
DISPLAY_DATA_TYPE: NO_DISPLAY
OPEN_FACILITIES : 130
COST_SECTION
 1 162 246 21 199 128 151 231 172 124 71 226 173 148 183 256 55 90 87 74 186 104 174 253 112 50 146 280 65 145 134 123 182 153 84 177 167 263 144 117 163 162 119 236 248 149 106 104 139 21 164 255 144 190 164 70 185 147 93 82 119 78 49 67 196 205 160 243 170 238 158 128 158 195 146 52 133 258 131 105 247 63 139 134 231 145 227 80 150 147 217 36 176 109 159 104 143 161 184 143 174 121 213 156 167 64 173 139 91 204 196 157 177 153 143 177 31 109 59 10 204 223 208 76 156 169 218 186 184 261 111 201 90 217 256 91 129 109 232 125 185 85 197 235 175 220 148 223 156 181 152 178 190 68 210 200 143 114 108 203 191 225 250 186 126 93 174 201 257 128 105 154 231 184 138 231 192 194 189 234 155 159 43 70 159 172 137 69 213 181 275 217 103 238 179 204 110 252 105 192 131 206 127 143 148 96 98 89 48 137 58 192 134 129 214 201 140 188 112 100 139 179 147 192 101 193 240 83 213 175 26 170 109 220 148 103 215 164 51 287 245 77 216 278 13 166 219 178 232 114 112 219 149 116 202 125 177 44 136 65
 162 1 146 165 115 52 182 150 234 211 168 247 303 71 341 172 191 227 236 139 283 247 244 178 228 155 258 213 226 49 153 117 245 245 119 117 296 229 305 239 319 310 131 185 230 302 235 246 155 180 254 394 305 342 222 205 346 18 109 137 255 165 177 201 301 359 48 355 137 177 252 129 56 354 301 118 280 395 32 172 379 100 214 78 188 300 175 145 299 307 359 139 167 54 59 227 97 164 210 288 85 205 80 223 259 222 327 227 231 339 285 69 287 309 123 315 166 270 214 161 86 368 239 115 215 37 356 71 326 388 252 323 91 370 207 80 248 58 148 89 62 238 301 362 322 148 292 180 266 114 266 63 351 215 102 318 155 86 222 342 67 257 391 57 265 211 334 354 161 80 214 157 348 116 298 113 177 354 349 151 198 170 154 174 313 312 298 174 368 143 217 367 258 342 121 274 264 179 72 352 172 312 42 43 108 76 245 228 115 50 205 179 296 290 128 226 300 334 204 180 236 147 68 308 197 168 130 214 173 51 152 328 270 329 17 125 165 57 186 223 145 88 161 204 151 312 354 254 373 85 239 130 203 83 186 39 338 194 227 200
 246 146 1 236 258 134 321 290 201 337 205 391 414 216 423 31 293 265 332 182 410 348 214 317 247 265 262 352 299 117 292 128 381 235 165 73 306 373 372 259 405 342 268 329 375 343 345 283 137 256 382 499 375 378 358 310 411 157 154 174 361 198 230 245 286 394 106 477 92 319 379 268 201 431 388 196 377 502 154 300 379 195 203 115 332 345 319 181 335 384 462 212 311 169 204 339 104 124 352 388 230 332 72 201 387 307 416 221 271 447 414 214 409 395 111 421 265 338 304 240 61 387 381 237 190 111 367 77 429 502 286 439 159 460 350 202 262 157 25 230 202 291 284 476 420 290 393 325 265 67 385 205 413 265 46 437 134 222 240 356 205 399 495 196 369 238 386 445 16 220 232 126 467 260 359 37 108 411 404 26 336 312 213 211 402 416 364 213 454 288 357 394 310 468 266 409 354 318 148 428 161 436 144 123 100 159 288 267 212 192 302 323 366 352 34 368 376 358 213 195 361 292 106 427 318 96 20 321 318 193 224 409 340 452 157 150 309 202 239 362 2 181 60 341 240 339 360 387 477 133 263 269 338 132 109 155 397 288 224 304
 21 165 236 1 212 125 171 245 152 144 52 246 188 159 189 245 73 74 100 58 204 117 154 268 93 69 128 296 66 142 153 110 202 133 72 165 151 281 144 99 170 151 136 252 267 140 123 90 123 21 184 267 145 181 184 88 185 150 83 67 134 59 29 49 177 197 157 260 156 254 177 145 167 199 153 48 145 270 133 125 232 66 119 127 248 137 243 63 139 151 229 27 194 112 168 121 133 145 203 155 186 141 208 136 187 73 181 119 76 218 215 167 195 160 130 190 51 109 71 12 198 211 228 91 136 167 204 180 196 276 97 217 84 225 273 99 111 109 221 138 194 75 179 250 187 235 161 240 138 170 170 187 189 55 202 217 127 126 89 190 200 245 261 194 140 74 170 210 246 140 85 137 247 198 135 224 175 191 186 222 175 178 25 50 167 184 137 49 220 197 292 207 95 255 193 223 119 268 102 196 113 224 127 141 137 94 86 73 55 145 74 210 136 127 203 221 143 177 92 81 159 196 141 209 121 177 231 101 230 183 14 176 109 237 151 89 231 172 33 304 235 77 203 294 29 154 205 197 244 107 95 232 169 109 186 126 175 59 116 83
 199 115 258 212 1 153 118 38 327 173 240 155 275 60 343 285 196 285 240 217 232 242 335 66 299 164 333 100 256 159 99 217 179 328 202 230 362 117 328 307 319 360 94 72 123 346 220 301 255 219 203 364 323 387 160 204 366 110 197 218 240 241 236 260 380 401 162 304 247 63 206 85 63 361 304 179 272 364 123 140 444 156 302 184 77 341 63 225 348 319 335 196 81 127 60 209 205 268 131 276 33 168 187 314 209 240 323 311 287 311 227 54 244 310 229 293 185 296 228 204 198 421 154 125 309 151 416 185 307 346 309 284 175 362 93 118 318 142 262 75 57 283 381 322 308 34 278 70 342 227 230 54 372 266 214 277 257 88 293 401 54 169 364 63 252 280 365 345 273 75 287 261 301 19 327 223 287 380 377 265 135 98 215 244 312 293 322 244 363 50 103 415 300 287 29 206 270 66 162 360 267 261 139 152 216 158 296 285 160 84 215 85 316 319 242 140 314 387 284 262 196 56 178 266 171 279 240 207 65 66 203 334 295 279 110 216 54 60 243 110 257 154 275 92 187 365 416 195 347 182 304 21 145 182 297 128 363 210 309 201
 128 52 134 125 153 1 191 190 184 205 120 263 286 98 310 153 167 182 210 91 278 224 193 218 179 135 209 252 190 19 162 67 249 195 70 82 247 260 268 190 289 265 138 219 257 258 217 200 106 143 250 374 269 298 226 183 309 46 59 87 234 116 132 155 251 315 34 346 95 213 246 139 91 321 272 78 255 377 31 167 330 68 163 32 219 257 208 96 254 274 338 99 187 37 94 210 53 117 223 264 121 199 86 173 254 191 299 177 186 321 282 101 278 279 77 295 140 233 184 124 81 321 252 104 165 42 308 62 305 374 206 310 44 343 241 70 199 24 128 103 107 196 251 347 298 185 269 211 216 82 254 105 313 171 91 307 107 93 173 294 113 271 371 103 244 163 293 327 147 95 165 110 337 149 259 110 135 315 310 130 205 184 110 126 285 291 261 127 339 169 254 321 216 336 151 277 236 218 25 319 122 304 15 16 64 33 201 182 85 72 179 201 260 251 107 240 266 288 154 130 229 172 30 297 187 128 122 194 202 94 112 297 234 321 47 74 197 94 142 262 133 53 129 244 119 265 305 254 353 34 191 170 206 33 145 27 299 166 176 177
 151 182 321 171 118 191 1 128 318 62 217 78 161 116 241 343 118 237 149 206 115 145 321 137 262 103 296 151 185 206 31 233 66 303 202 270 313 119 241 266 217 295 54 107 100 277 117 248 265 166 87 248 234 314 44 117 274 168 203 211 136 221 199 217 346 326 216 187 277 116 90 55 134 261 205 164 169 248 168 49 387 148 286 217 98 270 102 214 282 225 221 169 43 154 132 107 237 285 35 171 119 59 260 302 92 162 220 288 237 196 111 121 128 210 252 181 124 216 150 159 263 354 64 96 300 213 355 246 196 229 255 168 184 254 121 123 278 169 317 94 151 222 347 206 199 115 171 92 306 271 116 144 282 214 277 160 268 100 259 342 153 82 250 157 148 244 282 238 336 104 255 276 185 101 245 292 311 292 291 320 18 21 186 217 210 183 237 216 256 71 142 343 234 171 90 95 176 135 184 260 267 145 179 199 247 175 240 236 139 134 134 53 229 238 296 53 222 322 260 245 82 65 220 150 71 307 307 113 84 151 169 234 214 162 169 222 93 136 202 155 320 157 317 155 143 302 360 79 232 205 261 130 28 206 322 168 276 137 285 117
 231 150 290 245 38 190 128 1 364 188 276 146 288 96 364 318 223 318 263 253 239 264 372 29 333 192 368 64 285 196 117 254 182 364 239 266 395 90 354 341 339 391 119 47 102 376 239 334 292 250 212 375 349 416 166 228 390 147 234 255 259 277 270 293 416 431 198 308 283 33 216 109 100 383 326 215 292 374 160 160 477 192 338 221 55 371 41 262 379 342 348 230 86 164 97 229 242 306 131 295 70 183 220 351 217 268 343 347 320 323 231 91 254 332 266 307 214 323 255 236 231 452 149 156 345 186 448 219 323 353 341 294 211 380 63 153 352 179 296 109 90 314 417 331 325 14 296 52 377 263 243 89 398 298 248 286 294 122 328 433 86 161 376 96 271 314 392 363 305 110 322 298 308 48 354 255 323 406 403 299 143 108 249 279 333 309 348 279 381 60 68 445 331 290 53 207 293 29 199 382 304 267 176 189 253 195 328 318 195 121 241 82 342 346 277 136 338 418 319 298 209 65 214 275 190 316 273 229 53 101 237 355 322 285 146 253 40 97 276 74 289 191 310 55 219 396 449 200 359 220 338 22 155 219 333 165 389 238 345 226
 172 234 201 152 327 184 318 364 1 295 102 394 324 269 287 190 223 117 235 115 352 254 14 391 83 219 74 423 182 187 295 118 353 43 126 144 116 418 224 90 278 163 275 383 408 173 268 126 81 165 334 387 233 197 335 236 255 228 132 112 274 97 125 117 86 213 195 400 118 381 326 281 268 286 264 157 273 392 211 274 180 178 34 158 381 179 373 106 161 248 351 150 334 202 270 269 142 82 351 284 296 292 223 17 336 204 290 42 122 347 364 275 340 269 116 320 202 201 210 163 204 196 377 226 20 211 172 197 321 406 124 355 154 328 405 214 85 188 178 260 288 150 84 383 308 357 290 372 73 152 316 285 254 134 196 357 82 247 80 163 294 395 380 285 276 91 222 317 202 257 78 84 386 318 208 214 95 246 239 178 324 321 133 103 278 312 219 104 320 328 422 206 161 399 317 374 241 390 168 283 63 369 196 192 134 170 136 119 181 245 219 350 224 203 174 369 240 172 63 74 309 329 171 351 272 106 209 248 363 275 151 274 204 380 229 113 361 272 127 432 201 175 143 417 178 157 163 348 365 150 98 346 319 152 97 204 237 205 46 231
 124 211 337 144 173 205 62 188 295 1 194 114 103 154 180 355 76 199 93 192 74 85 296 198 229 81 261 212 138 222 75 231 60 273 195 277 270 176 184 230 156 246 86 168 154 226 57 206 256 133 46 193 176 260 46 68 215 195 200 199 75 201 171 184 309 271 235 145 278 177 43 93 173 200 144 155 108 194 189 40 339 147 262 226 159 218 163 199 233 165 163 152 105 170 171 48 242 278 80 110 167 7 285 279 50 113 158 261 198 139 79 162 78 150 251 121 94 162 101 133 283 302 95 102 279 236 307 265 136 180 213 116 185 193 181 137 242 181 329 127 195 177 311 155 138 175 110 154 271 279 59 187 223 176 295 110 260 127 227 293 199 109 193 200 87 212 225 176 351 137 225 270 138 155 190 313 307 234 233 332 52 82 165 193 149 122 180 192 195 129 203 290 186 133 145 81 118 196 191 199 252 102 196 217 251 181 197 198 132 165 87 115 172 184 309 93 164 272 234 223 27 124 233 99 24 306 326 60 146 192 147 173 160 119 196 215 155 176 171 216 336 160 322 216 120 253 312 55 175 210 224 187 40 211 318 186 218 95 257 70
 71 168 205 52 240 120 217 276 102 194 1 293 235 183 222 209 124 64 145 31 255 164 106 301 62 117 94 331 100 133 195 79 252 90 52 133 128 321 167 72 206 146 176 289 309 142 173 83 78 67 234 309 172 181 233 138 206 158 64 36 182 9 29 41 141 198 146 309 118 289 227 184 187 228 190 62 188 313 139 172 212 85 70 109 286 143 279 27 137 182 272 49 235 122 188 172 108 99 250 199 210 191 192 87 237 116 218 74 69 263 266 190 245 196 95 235 101 135 117 62 178 202 276 128 86 159 189 163 239 321 88 265 78 260 310 124 81 113 187 168 211 87 142 296 228 267 205 277 103 140 220 206 209 61 179 266 82 155 55 175 217 293 303 209 186 44 183 247 213 167 48 93 295 229 154 200 130 207 201 188 223 221 32 7 204 229 160 8 254 233 328 203 106 305 226 274 159 300 97 224 64 274 128 134 107 94 86 65 84 163 123 252 162 147 172 268 174 169 46 30 209 233 125 258 171 134 204 151 267 199 49 208 136 287 158 58 267 192 36 339 205 88 164 327 76 147 186 248 287 92 72 260 217 94 140 132 193 109 71 133
 226 247 391 246 155 263 78 146 394 114 293 1 184 177 280 414 186 309 206 283 120 196 397 139 336 177 369 134 250 277 104 310 66 378 279 344 382 84 295 339 257 359 128 104 58 339 168 317 342 239 104 256 286 373 70 180 322 235 280 289 181 298 274 291 418 383 286 177 352 118 113 126 194 301 249 241 212 254 238 122 452 225 362 291 94 331 107 291 346 273 238 246 82 227 191 160 311 361 44 210 171 114 326 378 108 226 256 364 308 212 107 180 141 253 328 206 197 275 214 234 331 415 20 173 377 281 420 315 222 226 325 177 261 282 103 198 351 243 389 162 204 289 420 208 230 135 208 95 379 344 143 198 330 285 346 167 345 171 333 407 204 17 260 210 191 318 336 267 405 171 330 353 181 143 302 359 387 342 342 392 72 81 262 293 251 211 291 292 286 110 121 403 299 157 134 77 228 137 259 301 344 143 251 270 322 250 308 307 216 200 199 72 283 296 368 26 273 385 336 321 118 104 293 159 133 383 376 173 94 208 245 276 272 157 235 299 107 194 276 133 390 233 391 144 218 367 425 85 245 280 333 158 79 281 398 239 327 205 360 182
 173 303 414 188 275 286 161 288 324 103 235 184 1 253 102 427 122 211 91 245 67 72 321 296 245 152 270 304 143 304 176 294 120 292 255 347 262 262 138 242 83 221 187 263 237 199 71 208 309 169 82 92 128 221 127 106 151 286 264 253 55 243 207 208 310 226 318 78 341 274 75 194 271 123 83 220 55 94 277 139 311 221 292 300 254 189 260 250 210 110 61 207 203 256 270 78 313 331 166 45 268 108 371 309 78 122 78 285 207 38 83 262 45 83 315 23 150 137 119 181 366 265 167 189 312 322 278 347 39 89 213 32 256 99 272 224 252 263 402 225 295 179 314 63 48 275 39 249 278 351 46 287 160 191 375 37 314 223 246 268 299 171 91 299 50 234 177 84 426 234 247 324 63 257 152 395 362 174 176 404 147 181 212 231 78 29 139 230 104 230 294 249 176 81 246 113 86 294 268 124 298 60 280 300 319 257 197 208 204 260 115 210 129 150 383 172 113 242 263 261 80 225 311 36 109 364 406 94 243 291 197 102 134 63 287 275 253 275 202 307 413 235 388 311 176 230 287 100 73 282 234 288 134 283 373 273 162 130 280 111
 148 71 216 159 60 98 116 96 269 154 183 177 253 1 308 240 156 231 202 159 223 209 277 123 242 121 275 156 208 107 88 159 180 270 144 178 306 163 284 250 284 308 69 122 162 296 190 247 197 168 194 345 281 337 158 167 324 60 138 160 211 183 180 204 323 352 113 296 192 116 194 64 20 324 268 122 240 346 68 116 389 99 243 129 122 292 111 167 296 279 312 140 97 69 18 181 150 212 141 246 29 149 150 256 199 197 291 252 233 290 223 10 231 275 172 269 139 251 186 151 155 369 170 77 250 106 362 140 282 333 255 269 116 332 144 61 261 84 216 29 43 231 324 308 280 90 249 114 285 176 212 35 330 212 171 263 199 37 236 347 48 187 344 47 223 223 319 315 231 22 229 204 291 52 281 183 231 336 332 219 133 102 158 186 278 267 278 186 331 74 157 364 250 282 54 209 232 123 104 322 209 253 84 100 161 100 244 230 105 27 174 109 273 273 195 156 274 334 226 204 180 78 125 252 145 225 200 173 106 39 149 297 250 271 60 158 100 23 188 166 215 96 224 150 136 312 362 191 325 125 248 79 139 125 242 72 319 166 251 163
 183 341 423 189 343 310 241 364 287 180 222 280 102 308 1 430 153 174 107 243 167 102 281 377 206 190 220 391 125 328 248 296 215 248 260 352 197 353 65 198 26 147 250 347 329 128 126 163 299 170 176 109 56 135 216 142 55 325 271 251 106 230 196 185 249 135 343 162 339 356 168 259 323 22 41 234 73 114 311 205 226 245 260 315 338 118 342 245 140 41 80 215 283 288 323 136 321 319 255 72 328 184 395 274 173 121 24 247 168 93 183 317 145 34 314 81 176 89 128 188 385 177 261 234 281 351 195 368 68 141 165 124 271 41 360 263 205 291 407 280 350 141 253 127 55 351 73 333 226 358 137 342 63 164 391 133 303 273 210 187 355 268 99 352 94 203 89 34 433 287 214 313 146 325 82 412 349 79 82 408 231 260 211 217 32 73 70 215 34 305 382 159 128 173 316 212 78 375 288 23 281 159 309 325 324 278 153 172 228 306 137 294 64 85 390 265 50 162 234 241 165 301 329 135 174 354 419 138 325 343 202 15 87 157 326 275 333 328 187 395 423 258 385 395 192 157 206 196 90 295 191 360 218 297 358 305 71 148 242 146
 256 172 31 245 285 153 343 318 190 355 209 414 427 240 430 1 306 266 342 188 427 359 203 345 244 280 255 380 306 138 313 135 401 227 174 81 299 399 375 256 413 339 290 355 401 341 358 283 135 265 400 510 380 374 378 322 413 181 164 180 373 201 235 248 275 391 129 493 92 347 396 290 227 436 396 208 388 513 177 319 369 210 197 130 358 345 346 186 333 390 473 222 335 189 230 353 115 119 374 398 256 350 101 192 404 316 423 215 272 459 432 240 424 402 116 432 278 343 314 249 88 381 403 255 181 136 360 101 439 515 286 453 172 467 377 222 257 176 27 252 229 294 273 489 430 317 404 351 258 77 400 232 415 269 71 451 132 244 238 349 233 422 505 223 381 238 387 453 19 244 230 122 482 286 361 67 96 411 405 24 357 335 221 215 410 427 368 216 461 313 385 389 312 484 292 429 362 346 165 432 158 452 165 145 109 175 289 268 226 216 314 348 370 355 48 391 381 354 211 195 378 317 124 442 335 86 49 335 344 220 233 415 344 468 181 156 335 228 244 390 32 197 49 369 252 335 351 405 487 147 261 297 358 146 94 176 399 299 218 317
 55 191 293 73 196 167 118 223 223 76 124 186 122 156 153 306 1 125 47 128 132 58 223 240 154 37 187 262 68 185 111 174 134 199 136 226 197 236 132 156 130 178 104 216 217 160 53 133 193 59 112 208 128 198 119 17 170 174 143 136 68 131 99 110 234 211 200 190 222 222 105 114 171 169 113 99 90 211 162 70 270 101 189 180 210 153 209 134 165 124 172 88 152 140 171 50 192 215 146 99 178 74 252 207 115 46 137 187 123 155 143 165 124 121 195 129 29 102 34 64 246 237 167 81 208 205 238 228 139 210 140 149 135 181 234 112 168 145 281 129 198 105 237 184 133 210 103 202 196 230 99 190 177 101 255 147 197 121 152 224 203 182 204 200 78 138 170 164 305 135 150 207 178 179 133 275 245 185 182 283 117 131 97 122 124 125 127 121 178 166 255 227 117 184 171 153 77 239 147 167 185 152 163 182 198 137 124 123 83 154 19 167 121 125 262 163 119 205 161 152 87 163 191 139 54 246 285 30 193 190 79 142 101 166 175 156 198 176 97 268 293 115 268 263 56 185 243 127 186 161 150 215 107 162 256 157 168 21 183 12
 90 227 265 74 285 182 237 318 117 199 64 309 211 231 174 266 125 1 124 93 246 143 112 341 36 136 64 368 69 195 222 141 258 82 114 194 78 351 113 33 163 84 208 324 335 79 161 20 132 73 232 272 120 118 243 134 149 215 126 99 163 70 52 28 111 135 209 287 176 326 223 217 238 175 148 112 158 276 197 189 159 135 87 172 319 81 315 90 74 134 235 93 265 178 239 164 170 150 268 169 258 198 255 102 233 94 175 76 7 231 259 239 231 154 155 205 114 86 102 84 241 142 290 164 108 221 132 226 205 291 26 242 138 214 344 171 44 171 246 211 264 35 113 268 192 308 175 311 73 201 208 258 150 24 241 245 136 199 38 118 270 306 264 263 163 30 122 203 272 212 41 145 272 271 98 263 179 146 140 247 239 247 75 58 162 197 107 57 206 269 364 141 48 288 266 274 126 340 158 172 111 259 187 196 169 153 24 3 126 215 115 280 111 92 233 285 125 108 61 72 207 268 188 239 177 185 265 145 301 252 83 160 88 269 216 121 303 243 44 376 265 142 219 367 101 85 132 249 249 154 26 305 230 156 187 190 134 105 72 131
 87 236 332 100 240 210 149 263 235 93 145 206 91 202 107 342 47 124 1 157 124 20 233 279 158 83 186 298 56 228 148 208 146 205 169 262 186 266 93 156 84 155 147 253 245 135 41 125 220 80 114 169 87 168 137 37 128 220 179 166 39 153 117 119 230 179 242 166 254 259 104 156 217 123 67 137 47 172 207 105 249 143 203 219 245 127 246 161 143 80 131 121 188 185 217 47 229 242 171 57 223 94 295 220 114 32 91 196 121 119 138 211 108 74 228 92 72 70 29 94 288 211 186 127 223 249 216 270 98 177 132 121 175 135 268 158 167 189 318 174 244 95 233 152 90 251 63 238 195 267 85 236 135 103 295 123 225 167 158 204 249 199 164 246 42 146 134 119 343 181 159 235 152 222 98 316 273 145 143 320 143 165 124 141 78 86 89 140 132 205 290 198 99 165 214 157 31 278 189 122 208 136 207 225 234 179 115 122 126 200 32 200 81 92 299 185 76 181 174 171 91 202 231 117 78 276 325 37 229 236 110 96 68 146 221 188 236 222 112 303 331 158 301 300 93 164 223 133 146 200 149 257 131 201 283 202 128 45 192 40
 74 139 182 58 217 91 206 253 115 192 31 283 245 159 243 188 128 93 157 1 258 175 121 279 90 113 121 310 119 103 182 54 248 112 22 110 157 304 192 101 225 176 161 270 294 171 179 112 66 78 235 324 195 210 228 143 232 129 34 9 191 27 49 68 166 227 117 316 99 268 228 167 161 250 208 43 202 328 111 165 241 64 86 80 267 172 260 10 166 203 287 42 220 95 163 176 81 88 240 213 186 188 164 100 238 130 236 95 98 275 267 165 250 215 73 248 101 158 129 66 150 231 267 113 97 130 218 135 254 333 118 274 49 280 292 101 110 85 165 147 184 113 167 307 244 245 218 259 129 116 225 180 234 87 152 273 70 134 83 204 191 285 319 182 197 73 210 265 191 145 76 81 304 207 180 174 119 233 228 167 214 208 34 36 222 242 184 37 274 214 309 232 132 311 205 272 175 279 68 247 62 279 99 105 82 66 114 94 68 137 131 236 185 172 149 258 195 198 68 46 210 215 96 265 169 120 179 156 249 172 49 229 159 293 130 33 247 166 59 319 181 64 145 306 74 176 215 246 302 62 101 237 210 64 129 103 219 116 93 138
 186 283 410 204 232 278 115 239 352 74 255 120 67 223 167 427 132 246 124 258 1 107 352 242 279 149 308 246 178 295 138 301 59 325 263 348 308 201 196 278 147 273 155 208 175 252 86 248 323 189 31 139 186 279 74 118 215 267 269 265 87 262 229 237 353 286 308 74 348 220 32 161 242 188 143 224 108 138 262 113 366 218 319 298 198 242 206 264 262 169 119 217 154 243 240 85 313 345 110 102 232 80 357 336 25 153 144 315 243 93 17 231 24 145 321 89 157 186 145 195 356 323 104 175 338 309 333 338 105 116 255 59 256 164 214 210 289 254 401 197 263 218 356 93 115 226 98 195 317 351 40 255 223 224 368 49 327 199 278 321 265 106 142 267 91 265 237 150 423 207 278 337 71 215 207 386 374 237 238 404 98 135 228 253 141 95 195 251 169 184 235 307 221 60 204 46 134 240 263 189 316 31 269 290 321 253 237 244 203 236 135 158 185 203 381 112 172 297 291 283 50 179 305 40 93 374 399 105 190 261 210 166 183 48 268 283 201 245 226 248 409 231 393 254 185 282 341 40 127 281 271 243 88 282 385 259 224 148 311 123
 104 247 348 117 242 224 145 264 254 85 164 196 72 209 102 359 58 143 20 175 107 1 252 278 177 93 204 294 74 242 148 225 134 223 186 279 202 261 100 175 77 169 149 250 238 148 29 143 239 98 99 153 92 179 128 43 130 231 195 183 21 172 136 138 248 189 256 147 272 258 90 159 225 120 63 152 33 156 219 105 263 157 222 234 242 139 244 179 157 81 116 138 185 197 224 38 245 261 164 42 228 88 309 239 99 51 83 215 139 101 122 217 90 69 245 75 85 82 48 111 302 222 177 136 242 262 230 284 82 159 149 102 190 125 264 168 185 202 334 180 251 113 250 134 76 251 46 235 213 283 68 243 138 122 310 104 243 174 177 217 256 188 148 253 23 164 142 108 359 188 178 253 133 225 107 331 291 149 148 336 136 162 142 160 71 69 97 159 124 205 286 209 115 146 215 142 34 276 203 119 227 117 220 238 251 193 132 141 140 209 46 197 88 102 316 177 79 194 193 190 79 201 246 98 75 294 340 37 227 244 127 92 80 127 232 205 234 229 131 299 347 171 318 298 108 178 237 119 130 215 167 259 124 217 302 214 133 61 211 48
 174 244 214 154 335 193 321 372 14 296 106 397 321 277 281 203 223 112 233 121 352 252 1 398 78 221 65 430 179 198 300 128 355 34 134 156 104 424 217 84 273 153 280 390 413 164 267 120 93 165 334 382 226 187 337 235 247 238 140 118 272 101 126 116 73 202 206 398 131 388 326 286 276 279 259 162 269 387 220 277 167 184 36 168 387 171 380 112 152 242 346 154 339 210 279 268 154 95 355 280 304 294 235 22 336 202 284 38 117 343 364 283 339 264 127 317 204 196 208 165 217 183 380 231 30 222 160 209 317 402 117 353 162 321 412 221 77 197 191 267 297 146 71 379 303 364 287 379 63 165 315 294 245 131 209 355 94 254 76 151 304 398 374 294 273 89 213 311 215 264 75 96 383 326 200 227 108 237 230 191 327 325 136 105 272 309 212 106 313 334 429 194 155 397 324 375 238 398 177 275 73 367 205 202 145 179 130 115 186 254 218 355 218 197 187 372 234 161 63 78 309 335 182 349 273 119 222 248 369 285 154 267 198 378 239 122 367 281 127 439 214 182 156 425 180 147 151 349 360 160 91 354 321 162 110 214 229 205 42 231
 253 178 317 268 66 218 137 29 391 198 301 139 296 123 377 345 240 341 279 279 242 278 398 1 358 212 392 36 304 223 132 281 184 389 265 294 418 70 370 365 352 412 138 36 89 396 252 356 319 272 217 380 365 436 171 244 406 174 260 281 272 302 293 316 440 450 225 309 311 23 223 128 128 396 339 240 304 379 187 175 499 217 364 248 46 391 37 287 399 357 355 254 95 191 125 242 269 333 133 307 98 194 246 377 222 286 355 372 343 330 233 119 259 345 293 316 234 341 273 258 258 473 146 179 372 214 469 247 332 356 364 299 238 390 43 179 376 206 323 134 118 335 441 334 335 35 307 48 401 291 251 117 413 320 275 290 321 147 352 455 113 155 382 123 283 338 410 373 332 135 346 326 310 73 372 281 351 422 420 326 150 118 273 304 346 318 365 303 392 75 42 465 351 290 76 207 308 3 226 395 331 270 203 216 281 222 350 341 219 148 258 86 358 364 304 134 354 439 345 324 217 78 242 280 204 343 299 244 54 128 261 369 340 286 174 280 45 124 299 46 316 217 338 28 242 417 471 203 365 247 362 49 163 246 361 192 406 256 370 243
 112 228 247 93 299 179 262 333 83 229 62 336 245 242 206 244 154 36 158 90 279 177 78 358 1 161 36 386 104 191 245 128 288 48 111 177 68 373 144 13 197 96 228 343 359 99 194 45 110 98 264 306 152 132 272 165 177 218 121 93 197 64 66 46 85 149 203 322 156 344 255 236 247 206 183 121 193 311 200 215 152 144 55 164 339 104 334 84 90 167 270 104 286 183 248 196 158 126 294 204 269 227 245 69 265 128 208 42 40 266 292 249 265 188 139 240 140 120 135 104 229 146 318 181 76 217 130 216 240 326 45 277 138 247 364 182 21 173 225 225 271 69 86 303 227 324 210 331 45 185 241 266 177 56 227 279 114 212 8 117 278 334 298 270 198 20 146 236 252 225 16 123 307 286 128 248 153 171 164 226 265 270 85 57 196 232 138 57 239 288 383 149 79 322 282 306 161 357 157 203 87 293 188 193 155 154 55 38 140 223 146 302 143 123 215 312 158 114 34 54 239 287 180 274 207 161 249 176 321 259 98 192 122 303 219 111 322 252 62 394 246 149 196 384 121 94 127 280 284 149 18 319 258 151 160 192 160 135 37 161
 50 155 265 69 164 135 103 192 219 81 117 177 152 121 190 280 37 136 83 113 149 93 221 212 161 1 195 236 93 153 87 153 136 202 115 201 213 216 165 165 166 201 75 191 200 185 82 148 177 65 124 241 162 225 117 51 205 139 121 120 101 123 98 116 244 239 168 214 200 195 119 85 135 205 150 76 125 243 128 56 290 71 186 151 186 180 183 120 189 159 205 72 130 106 135 76 166 198 135 133 143 77 220 203 128 78 174 188 137 187 157 130 145 157 173 162 24 133 66 58 215 262 160 45 202 172 260 197 172 239 156 176 109 217 210 76 177 113 255 94 162 125 246 213 167 181 137 178 205 204 121 154 211 114 225 173 181 85 157 246 167 177 238 164 111 142 202 200 277 100 153 190 203 147 164 244 227 217 214 257 107 111 87 117 161 158 159 116 215 138 231 254 140 205 140 160 113 211 118 203 173 173 130 149 174 107 141 135 55 118 54 145 154 156 235 153 154 228 160 146 100 136 161 163 58 227 256 60 168 154 69 178 132 189 140 136 171 140 100 243 264 85 245 236 42 207 263 134 219 134 160 183 101 135 238 123 201 47 184 46
 146 258 262 128 333 209 296 368 74 261 94 369 270 275 220 255 187 64 186 121 308 204 65 392 36 195 1 421 131 218 279 152 320 32 140 195 45 408 156 32 214 90 263 378 393 100 223 63 127 132 294 324 165 124 305 196 183 249 150 123 224 95 101 80 50 140 229 347 172 379 286 271 279 217 202 154 216 329 230 249 124 178 60 190 374 107 369 114 88 182 289 139 321 215 281 226 182 139 328 227 303 260 268 66 296 156 225 41 66 288 322 283 293 206 160 263 174 138 165 139 251 127 351 216 76 244 107 240 261 347 58 301 169 260 399 216 20 204 239 260 304 92 52 325 247 358 233 366 11 203 270 299 181 87 247 305 130 247 41 95 310 367 315 302 224 55 149 251 265 259 47 137 332 320 139 268 161 173 166 240 299 304 119 90 214 254 151 90 252 322 418 135 97 348 317 337 185 391 187 213 103 320 218 221 177 185 74 65 174 256 177 337 158 136 231 345 174 100 56 79 270 322 206 300 239 170 266 207 356 291 133 207 141 329 250 137 356 285 96 429 262 181 207 418 156 84 101 311 302 177 38 352 291 178 165 223 165 167 39 193
 280 213 352 296 100 252 151 64 423 212 331 134 304 156 391 380 262 368 298 310 246 294 430 36 386 236 421 1 327 258 152 315 188 420 298 329 446 53 390 393 367 436 162 46 77 420 267 382 353 298 224 385 383 459 179 264 424 209 293 312 286 332 322 344 470 472 260 309 346 43 231 153 162 411 355 270 319 383 222 194 525 247 395 283 54 414 54 319 424 374 363 284 111 224 159 257 304 367 139 320 132 208 281 409 229 307 369 403 370 337 235 152 265 360 327 326 259 362 294 286 293 497 145 206 404 249 495 282 342 357 390 304 271 401 33 210 405 240 359 164 153 360 471 338 346 68 320 60 431 326 260 152 431 347 310 295 355 177 381 481 148 150 388 158 298 367 430 385 367 167 376 360 312 106 392 316 386 441 439 362 161 133 303 333 360 329 385 333 404 100 14 488 375 289 107 207 326 35 260 410 363 272 238 251 315 255 376 368 248 182 279 99 378 385 339 135 372 463 375 355 228 101 277 285 221 378 334 262 70 163 289 384 361 288 209 313 66 159 327 11 351 248 373 15 269 442 497 208 372 281 390 84 174 280 396 226 425 279 401 263
 65 226 299 66 256 190 185 285 182 138 100 250 143 208 125 306 68 69 56 119 178 74 179 304 104 93 131 327 1 207 176 172 195 150 136 228 134 302 80 101 108 111 167 282 284 94 94 71 177 48 166 211 80 133 183 71 121 211 147 127 94 108 73 67 176 147 221 220 216 286 157 177 220 134 91 112 92 215 195 137 204 127 150 192 275 88 274 121 99 86 174 92 218 173 221 98 197 198 212 103 233 137 273 167 167 27 119 142 66 166 192 217 163 98 191 140 72 45 38 67 263 171 231 133 171 231 172 245 142 226 78 174 149 162 300 154 112 172 283 183 248 41 178 202 130 273 109 268 140 234 140 240 126 49 267 177 181 173 104 158 253 246 204 248 95 92 111 148 309 188 105 192 205 239 74 289 229 130 125 284 183 198 87 95 105 132 73 94 156 230 321 162 50 220 232 209 61 303 166 131 162 191 191 205 200 158 61 67 112 200 53 233 71 66 266 228 78 138 122 123 142 227 206 171 118 233 295 80 258 238 79 111 45 201 212 151 263 225 65 333 299 140 262 327 76 118 176 184 188 172 94 275 173 174 238 188 113 49 138 70
 145 49 117 142 159 19 206 196 187 222 133 277 304 107 328 138 185 195 228 103 295 242 198 223 191 153 218 258 207 1 176 71 265 202 82 72 258 269 285 202 307 278 153 227 268 272 235 214 108 160 267 392 286 312 242 201 326 50 70 99 252 128 147 169 258 329 16 364 89 220 264 153 97 339 290 95 273 395 40 184 340 86 170 31 228 272 217 108 268 291 356 115 199 53 100 228 49 116 237 282 127 217 69 178 271 208 316 184 200 339 299 108 295 297 75 313 158 250 202 142 63 334 266 121 169 27 320 44 323 392 220 328 59 361 249 86 210 42 113 116 109 211 258 365 316 192 287 220 225 70 272 108 330 186 74 324 108 107 184 306 115 285 389 104 262 175 309 345 131 107 176 110 355 157 275 92 130 331 325 116 220 198 125 139 303 309 278 139 357 179 261 334 231 353 160 293 253 224 41 336 126 322 28 8 60 50 215 196 103 81 197 213 276 268 92 254 283 300 163 140 246 183 20 314 204 121 105 212 212 97 129 314 250 338 50 82 205 100 157 268 116 71 118 249 137 278 316 271 371 43 203 175 222 41 139 39 315 183 184 195
 134 153 292 153 99 162 31 117 295 75 195 104 176 88 248 313 111 222 148 182 138 148 300 132 245 87 279 152 176 176 1 206 94 283 176 242 299 130 240 250 223 286 25 107 115 269 123 234 239 151 109 266 234 308 71 114 275 139 177 187 144 199 180 200 329 321 187 211 249 113 110 25 106 267 209 140 176 267 138 44 376 122 264 188 100 263 99 191 273 227 236 147 44 125 104 113 208 258 62 179 95 69 231 280 114 156 227 268 223 213 136 94 148 216 224 194 110 212 143 142 233 346 92 71 277 183 345 216 209 251 242 188 157 265 125 95 262 140 288 65 126 210 330 226 210 104 181 93 289 242 132 118 283 200 247 181 242 70 241 331 128 110 267 130 156 226 279 248 306 74 236 250 207 81 242 263 284 292 289 291 46 27 165 197 217 195 235 196 266 58 146 337 225 196 71 123 178 130 156 265 242 168 150 170 219 147 227 221 115 104 128 59 228 234 267 80 223 313 240 223 99 54 191 170 74 280 278 113 83 124 149 239 210 186 139 196 89 109 184 158 291 130 288 153 124 292 349 105 249 177 245 114 52 177 295 138 275 128 265 112
 123 117 128 110 217 67 233 254 118 231 79 310 294 159 296 135 174 141 208 54 301 225 128 281 128 153 152 315 172 71 206 1 283 133 40 57 194 318 244 140 279 221 183 279 312 219 227 160 40 130 276 376 248 257 262 191 284 113 33 46 240 72 102 119 190 274 80 363 48 275 270 187 155 303 262 78 254 379 97 199 275 87 101 41 278 221 269 54 213 257 338 88 239 92 158 223 31 54 267 264 185 227 118 108 279 182 289 116 146 326 308 164 296 268 21 299 147 211 180 116 102 273 296 139 100 95 256 89 305 383 164 322 50 333 301 114 146 76 112 157 173 164 189 357 296 248 270 270 158 63 271 171 286 139 101 321 41 145 121 243 179 314 371 169 247 116 261 318 138 152 113 46 351 210 232 123 79 285 279 113 244 231 87 85 275 293 237 86 327 226 316 276 184 356 211 309 228 281 56 300 57 324 81 75 29 63 163 142 100 134 180 254 238 225 95 285 248 241 98 75 252 228 56 312 210 76 126 203 261 160 99 282 212 339 113 22 256 159 112 324 128 77 94 308 120 220 252 284 353 35 143 235 243 36 90 90 271 165 117 185
 182 245 381 202 179 249 66 182 353 60 252 66 120 180 215 401 134 258 146 248 59 134 355 184 288 136 320 188 195 265 94 283 1 332 248 326 328 143 232 289 192 300 115 150 118 280 106 264 311 191 40 197 223 312 24 125 257 230 252 255 118 258 229 243 367 321 276 127 329 162 48 118 198 236 184 209 148 196 228 85 394 197 320 273 140 271 149 255 288 209 176 208 99 213 196 99 291 332 52 145 184 62 323 337 43 169 192 319 256 150 50 186 78 188 303 142 152 214 158 191 324 355 48 148 337 275 361 306 158 172 271 117 236 218 156 180 301 226 375 157 216 235 370 151 165 170 143 137 329 327 78 208 266 234 337 107 315 161 285 348 218 55 200 221 127 271 273 203 395 167 283 324 127 163 240 354 360 278 278 378 48 83 222 251 186 146 229 250 222 130 177 341 242 109 152 30 166 182 239 236 309 86 238 259 300 228 254 256 185 197 144 101 220 235 354 54 209 325 293 281 56 125 278 98 82 358 368 116 132 216 204 211 212 103 231 269 144 201 229 190 380 209 372 196 177 308 367 21 185 259 283 188 44 259 371 227 263 154 316 128
 153 245 235 133 328 195 303 364 43 273 90 378 292 270 248 227 199 82 205 112 325 223 34 389 48 202 32 420 150 202 283 133 332 1 129 171 74 410 184 52 240 121 265 378 398 131 240 87 104 142 309 350 193 155 315 210 213 237 138 112 243 88 105 90 57 170 212 368 147 378 301 272 272 246 227 151 239 355 219 257 146 174 34 173 375 137 369 104 119 209 314 138 324 206 274 242 162 112 336 250 297 271 247 36 311 174 252 19 86 312 338 277 312 232 138 286 182 163 181 145 229 156 360 217 47 227 134 220 285 371 84 323 158 288 400 212 44 194 212 257 295 115 57 349 272 355 256 366 32 180 288 290 212 102 224 326 106 244 48 123 301 377 342 292 244 62 179 279 238 255 50 112 353 317 167 244 132 204 197 212 307 309 120 88 240 278 179 89 280 322 418 164 122 369 314 351 207 389 175 242 80 339 205 206 155 175 98 84 173 249 192 340 185 164 205 353 201 130 46 67 284 323 188 320 251 142 241 222 356 282 136 234 166 350 238 122 356 277 104 428 235 175 179 416 161 115 126 325 328 162 59 348 301 163 136 212 195 180 20 206
 84 119 165 72 202 70 202 239 126 195 52 279 255 144 260 174 136 114 169 22 263 186 134 265 111 115 140 298 136 82 176 40 248 129 1 94 178 295 210 121 241 197 154 258 286 192 188 133 64 92 238 337 213 231 227 152 251 110 13 18 201 47 68 89 184 248 95 324 87 256 233 159 144 268 224 41 215 341 91 164 261 55 100 59 257 192 248 27 187 221 300 49 212 78 146 184 63 85 236 225 171 190 143 113 242 144 252 111 119 287 271 150 257 231 60 260 108 176 141 77 130 253 264 107 107 109 239 114 266 344 139 283 30 296 281 90 130 66 150 135 167 133 185 318 257 232 231 248 148 99 232 162 254 107 133 282 67 122 104 225 173 282 332 164 208 94 231 281 175 132 96 77 312 193 199 155 113 253 248 152 212 202 50 58 238 254 203 58 291 204 297 253 153 317 192 273 190 265 48 265 68 286 78 83 66 47 135 115 65 121 141 228 203 192 132 254 213 219 86 63 214 205 75 273 172 112 161 164 239 154 61 246 177 300 111 22 236 149 78 306 164 50 133 292 81 197 236 248 315 41 122 222 209 43 124 84 239 126 110 146
 177 117 73 165 230 82 270 266 144 277 133 344 347 178 352 81 226 194 262 110 348 279 156 294 177 201 195 329 228 72 242 57 326 171 94 1 239 340 300 189 334 272 218 298 338 272 278 212 69 185 322 430 303 307 303 243 339 121 84 102 293 126 158 173 226 324 70 413 27 291 318 220 168 359 317 129 308 433 111 242 316 132 138 54 299 274 288 109 264 312 393 142 268 118 171 274 36 63 303 318 199 272 81 140 326 237 345 156 199 379 355 180 345 324 40 352 198 266 234 170 62 320 332 179 129 84 301 58 359 436 216 374 93 388 320 148 193 103 56 184 179 219 224 410 350 263 324 291 200 9 321 179 341 193 54 372 66 174 170 289 184 351 425 173 301 167 315 374 82 177 162 61 403 228 287 73 64 339 332 58 283 265 142 139 331 347 292 141 383 250 332 325 238 405 231 353 283 295 88 356 93 373 96 79 29 98 217 195 147 152 234 282 293 280 40 320 304 290 144 125 299 253 54 363 257 53 73 255 283 167 154 338 268 389 121 78 277 171 167 339 73 119 48 320 172 269 295 329 408 69 193 246 284 68 71 108 325 219 158 237
 167 296 306 151 362 247 313 395 116 270 128 382 262 306 197 299 197 78 186 157 308 202 104 418 68 213 45 446 134 258 299 194 328 74 178 239 1 428 134 58 196 54 285 401 411 71 226 66 171 149 298 304 145 84 315 204 154 285 189 161 222 132 127 103 53 99 270 338 216 404 289 294 312 190 186 186 208 310 267 264 85 209 104 231 397 80 393 152 58 163 272 167 341 249 314 230 224 183 343 218 333 270 311 109 299 159 207 86 77 275 323 314 291 189 203 251 190 126 170 161 294 83 363 241 120 284 64 282 247 332 58 293 206 237 421 246 49 240 283 287 337 94 57 312 232 385 224 388 43 247 270 332 150 100 291 298 174 275 75 51 344 378 295 336 219 86 117 230 309 288 83 181 322 348 117 311 205 140 133 284 313 323 149 124 198 243 131 123 228 346 441 91 88 342 343 341 177 417 225 187 147 316 255 260 219 222 75 79 202 289 185 357 139 117 275 359 156 57 97 120 275 345 247 295 250 214 310 213 378 325 159 185 129 323 286 178 380 317 120 453 306 215 251 444 178 46 59 317 284 216 59 381 304 218 209 259 135 178 83 202
 263 229 373 281 117 260 119 90 418 176 321 84 262 163 353 399 236 351 266 304 201 261 424 70 373 216 408 53 302 269 130 318 143 410 295 340 428 1 359 378 329 413 146 46 27 395 233 363 354 280 181 338 351 432 138 235 390 221 293 308 250 324 308 329 457 444 274 260 354 57 188 139 174 374 319 263 282 336 230 167 504 242 389 290 42 388 55 313 400 340 318 273 88 228 171 223 312 371 99 282 145 174 303 404 185 280 330 394 351 292 188 162 221 324 333 283 238 334 268 270 313 472 98 194 400 265 473 299 300 309 371 259 271 359 28 206 390 244 376 162 173 338 458 290 306 85 281 50 417 338 219 169 398 328 329 249 357 174 369 459 170 100 342 179 261 354 400 344 388 167 364 363 264 114 363 338 392 409 408 379 125 106 292 323 323 288 354 323 363 93 40 462 351 240 110 159 293 68 263 373 362 225 246 262 323 256 356 350 239 189 252 72 346 356 356 90 339 440 366 347 189 91 287 240 189 386 356 231 58 181 276 347 332 240 221 312 65 172 312 50 372 246 386 65 253 419 477 163 327 285 374 109 137 284 403 234 393 254 391 235
 144 305 372 144 328 268 241 354 224 184 167 295 138 284 65 375 132 113 93 192 196 100 217 370 144 165 156 390 80 285 240 244 232 184 210 300 134 359 1 135 63 86 236 345 337 65 128 100 242 127 196 171 12 84 227 127 42 290 222 199 115 175 143 128 186 91 299 211 284 351 186 246 297 63 57 191 89 176 274 197 174 206 198 268 337 56 338 192 78 31 139 170 280 252 298 137 271 261 263 96 308 186 351 212 194 89 74 184 107 144 212 293 175 58 261 123 146 36 100 146 339 128 275 208 219 310 141 322 116 199 101 167 227 105 360 232 141 251 353 258 325 82 190 181 101 341 101 330 162 306 159 317 47 107 342 174 246 249 148 131 330 286 162 326 107 142 43 97 380 263 153 256 194 311 18 364 291 53 51 355 234 257 162 162 66 114 8 160 97 296 382 112 66 218 303 237 67 369 245 60 222 196 269 284 273 236 91 111 191 277 114 293 13 22 339 275 26 105 173 183 177 293 283 173 171 297 369 129 321 315 157 52 36 200 291 223 328 302 134 395 371 219 329 392 155 96 150 216 151 248 128 346 223 250 299 267 36 119 180 129
