NAME : domp280p70v10
COMMENT : (Deleplanque et al.) 
TYPE : DOMP
DIMENSION : 280
DISPLAY_DATA_TYPE: NO_DISPLAY
OPEN_FACILITIES : 70
COST_SECTION
 1 267 391 407 189 276 244 290 390 272 270 206 74 256 290 178 366 302 126 407 252 92 114 268 293 57 55 151 231 246 216 272 317 430 51 207 130 326 20 418 313 38 272 98 330 318 270 257 86 73 261 322 418 285 259 190 244 154 320 112 295 37 105 328 355 133 172 192 295 231 224 305 60 299 86 323 254 251 42 120 77 210 239 262 122 345 354 189 234 277 16 253 336 366 225 150 26 23 124 341 118 286 226 296 119 34 161 117 313 211 75 112 354 226 272 352 49 302 313 257 115 64 314 273 226 250 87 186 61 316 136 239 284 290 311 326 303 272 92 37 446 202 50 263 274 141 223 326 152 34 223 344 390 141 343 83 181 89 358 119 122 237 311 17 297 223 35 246 67 245 276 97 362 204 193 279 198 160 261 47 109 161 261 219 306 362 167 45 127 307 300 107 215 120 215 189 134 355 154 198 281 154 68 148 390 214 312 61 270 312 242 288 165 97 289 71 198 189 332 196 281 231 133 70 303 93 118 305 358 25 298 310 86 75 239 95 385 275 244 343 375 96 344 141 33 280 159 302 107 330 269 215 88 257 74 305 305 100 302 204 174 90 242 397 86 286 39 270 235 284 286 101 83 281 164 285 69 342 73 296
 267 1 132 169 295 185 24 105 182 162 202 145 340 55 26 200 158 296 310 173 199 186 180 111 225 316 214 117 290 83 190 184 52 180 298 157 223 186 277 187 89 294 190 174 81 209 69 330 252 219 104 314 162 53 167 122 48 191 182 225 48 295 303 314 102 155 127 122 33 95 317 82 259 108 311 321 195 153 307 314 343 213 31 127 312 80 189 80 81 203 281 58 200 131 86 172 288 275 165 242 185 127 191 127 175 259 255 233 118 183 316 234 149 100 112 115 275 70 228 138 312 317 128 47 76 221 307 129 209 58 226 67 155 55 60 75 170 184 187 270 202 81 316 115 38 173 268 324 214 299 256 366 171 195 200 321 272 203 101 198 208 165 69 251 94 162 264 48 315 315 76 362 205 268 279 88 155 108 184 226 375 135 310 291 158 143 288 226 262 47 344 180 211 217 95 114 135 113 121 185 198 157 323 120 132 202 217 226 101 111 180 56 137 190 198 337 202 234 76 78 151 205 207 335 144 245 193 125 126 291 106 156 259 202 217 360 149 160 57 229 112 334 78 155 238 61 204 52 373 287 331 204 323 319 287 46 308 168 267 111 237 232 138 178 318 193 289 131 196 20 21 169 255 125 123 91 273 213 333 139
 391 132 1 65 376 287 152 195 113 196 238 223 463 172 117 283 104 329 412 72 310 316 291 155 249 443 337 242 354 156 310 287 82 55 416 279 353 181 403 86 157 421 224 302 124 215 174 390 361 349 156 341 32 148 210 250 149 320 181 356 133 416 409 339 40 267 230 216 116 174 388 97 373 123 423 349 305 202 432 418 466 281 162 232 415 57 161 205 203 236 404 142 191 61 210 302 410 401 296 240 293 152 309 143 286 387 343 364 191 252 431 365 106 222 152 60 404 94 241 185 417 436 126 153 201 270 419 257 336 110 356 190 251 145 81 66 258 287 305 389 80 191 440 162 118 275 334 353 343 424 320 397 94 325 185 435 353 317 35 329 310 280 83 375 114 227 383 147 443 378 175 486 176 340 357 185 235 233 225 353 499 265 365 361 166 86 376 352 361 113 389 310 277 348 221 243 259 52 238 309 300 259 451 244 6 268 308 344 146 184 233 149 268 305 222 461 276 311 111 209 249 322 337 460 153 376 324 133 67 415 122 160 389 321 272 485 60 261 150 222 24 448 69 263 361 159 333 90 497 304 387 270 436 377 399 88 342 295 295 237 319 341 251 96 431 292 417 169 252 121 118 291 385 221 233 183 386 203 453 154
 407 169 65 1 361 341 183 250 56 173 210 218 476 218 162 274 59 293 408 8 361 341 299 146 215 461 352 263 331 162 357 341 128 37 424 324 388 142 421 22 215 440 197 325 183 176 224 364 363 374 151 302 50 199 189 289 169 358 144 388 184 427 408 298 70 276 237 219 163 178 367 103 380 112 426 310 356 185 448 415 478 264 198 284 412 111 115 228 247 206 419 157 148 42 254 338 423 420 326 195 298 135 357 124 293 408 332 397 250 238 437 397 68 267 142 57 426 109 202 170 415 444 104 201 243 245 421 297 356 165 391 233 307 197 110 95 315 341 317 398 42 207 455 153 143 278 312 313 381 439 298 357 38 361 140 439 339 326 76 362 311 329 104 391 111 214 393 166 464 353 227 498 126 322 340 238 228 255 201 373 512 300 337 339 136 51 364 371 356 164 356 338 259 381 263 282 280 57 254 353 354 262 470 265 61 252 365 354 141 242 213 200 304 314 191 474 263 296 169 241 303 370 372 474 128 406 355 113 50 430 112 129 418 334 249 500 23 315 165 176 85 451 127 270 375 210 372 119 511 262 358 253 440 350 403 125 306 317 258 279 307 345 301 37 435 347 436 153 232 164 161 308 413 275 244 237 391 158 462 131
 189 295 376 361 1 401 275 372 321 189 158 156 209 319 320 97 305 134 82 358 389 224 140 223 167 231 175 211 52 227 356 398 330 394 157 333 295 232 207 362 376 220 169 213 376 206 338 70 105 234 222 150 392 339 173 296 251 301 228 279 341 172 99 156 338 158 171 174 327 209 36 281 130 256 129 148 389 177 208 92 210 98 282 363 88 353 265 232 315 164 188 248 235 328 309 286 180 210 250 213 131 228 364 239 143 218 44 287 393 126 148 283 294 318 225 320 236 287 188 194 96 167 258 328 303 123 123 296 201 352 301 310 393 343 306 317 413 398 157 153 401 217 208 215 278 131 59 150 311 201 70 159 331 291 243 143 25 138 346 270 104 362 299 186 263 150 155 252 247 59 346 224 265 42 22 355 145 217 163 205 238 272 78 38 227 311 23 198 64 341 114 242 103 282 305 289 204 327 192 338 410 143 243 208 373 110 441 145 231 388 149 342 278 144 180 214 101 67 370 262 389 375 290 217 234 270 265 250 319 193 256 234 268 158 116 241 342 389 244 224 370 146 360 152 172 340 312 300 240 173 82 109 140 72 122 312 131 204 150 302 60 110 353 336 136 412 224 210 130 314 314 182 263 376 179 361 122 233 184 231
 276 185 287 341 401 1 185 94 364 332 364 289 339 131 183 323 341 449 378 346 35 191 262 287 390 299 245 194 416 252 65 5 214 341 324 72 156 366 273 361 132 282 355 196 166 384 119 456 316 204 277 469 318 143 332 107 217 124 361 172 158 312 362 471 272 246 248 258 180 256 432 266 306 291 354 475 29 317 303 376 342 349 167 59 377 232 373 188 110 368 289 233 381 309 109 127 301 269 159 417 271 306 56 308 259 249 359 172 102 325 348 177 332 95 289 293 251 253 399 306 372 338 311 143 120 372 353 106 223 178 153 122 37 145 239 251 41 5 247 300 366 217 312 288 221 275 398 478 134 299 388 515 351 137 381 356 381 269 266 158 298 41 251 264 277 313 295 218 286 440 115 356 388 388 392 104 294 190 347 231 364 131 443 413 338 325 385 236 346 178 483 173 350 162 107 115 199 289 217 81 14 267 299 197 290 342 41 274 278 107 336 142 125 260 367 332 335 356 178 154 40 59 147 329 324 198 159 308 306 296 289 336 212 252 365 343 324 27 227 407 264 369 219 254 264 133 124 233 360 451 462 345 360 448 334 221 459 202 427 103 351 301 53 357 357 12 274 305 346 182 186 222 212 67 234 105 322 392 346 318
 244 24 152 183 275 185 1 113 190 152 189 127 317 58 49 180 165 282 287 186 195 165 157 104 214 294 191 94 271 71 182 183 74 198 274 148 206 183 255 200 105 272 178 152 102 202 76 311 229 198 95 301 181 68 155 109 34 176 178 207 67 272 280 301 119 132 105 102 56 80 297 88 235 108 288 307 191 141 285 291 320 194 19 128 289 102 190 57 77 192 258 49 197 144 79 156 265 253 146 235 161 122 184 124 151 238 234 216 129 165 293 216 155 94 105 128 253 78 219 127 289 294 128 58 68 206 284 116 187 80 209 63 158 71 75 90 174 183 163 247 218 59 293 106 42 150 250 311 199 277 237 352 181 179 197 297 251 180 119 180 185 161 81 228 95 146 241 35 293 296 84 340 205 248 259 96 136 85 172 204 353 118 292 272 154 152 266 203 240 69 327 160 194 199 86 100 112 127 97 175 198 135 301 97 151 184 219 203 95 123 166 71 121 167 188 314 183 214 98 59 154 198 190 313 141 226 174 124 138 268 106 153 239 179 201 337 162 162 45 224 133 311 101 132 215 72 190 66 350 276 313 187 300 301 263 64 293 146 255 100 216 209 135 188 295 194 268 123 180 43 44 146 235 130 101 99 250 209 310 135
 290 105 195 250 372 94 113 1 276 264 302 236 361 58 96 283 254 394 368 255 119 200 239 215 326 327 246 164 376 183 128 94 124 249 332 105 199 290 294 270 41 307 291 196 74 313 39 417 305 225 206 413 225 55 268 102 147 162 286 210 68 325 355 413 181 217 204 207 91 192 398 182 303 211 355 419 113 253 325 369 365 302 99 43 368 140 292 141 60 304 305 160 304 219 68 152 315 291 168 346 246 231 123 231 234 271 330 214 24 274 355 217 247 66 216 204 280 169 331 239 366 350 231 59 71 317 353 107 231 86 199 63 58 56 152 162 68 94 233 305 273 163 335 218 141 242 356 423 181 319 344 463 262 172 304 361 349 254 174 187 273 93 165 276 197 257 299 147 320 401 31 382 308 351 359 19 244 157 284 244 392 130 400 375 262 237 360 247 327 87 437 185 302 199 76 102 177 199 181 133 106 230 331 168 197 293 117 269 204 23 278 53 128 242 300 356 290 317 85 112 55 135 185 354 248 235 184 229 217 313 209 260 250 244 312 373 233 68 157 333 171 375 126 222 269 46 170 148 389 389 420 295 365 407 332 134 405 197 367 88 316 286 67 268 361 99 300 234 291 96 100 209 248 27 194 15 319 317 362 243
 390 182 113 56 321 364 190 276 1 134 166 190 455 235 183 241 27 242 376 50 381 334 278 122 166 446 337 255 287 148 371 364 153 91 401 337 389 93 405 46 245 425 154 317 217 126 246 317 337 366 130 250 104 223 151 298 167 362 96 387 209 406 379 246 101 258 219 199 186 161 324 103 356 93 399 258 376 151 430 383 458 226 207 306 380 146 62 225 262 161 401 152 97 61 267 342 403 405 324 142 276 105 372 95 273 395 297 396 280 203 411 396 38 281 119 74 415 114 151 138 384 421 77 222 256 201 393 305 345 194 393 248 332 222 126 115 343 364 299 377 86 198 437 128 149 254 269 261 385 421 256 304 20 364 88 413 300 305 111 361 284 347 115 375 100 181 373 165 451 307 250 478 72 281 300 262 200 249 159 361 492 304 290 297 96 41 327 358 324 191 306 334 220 380 275 289 271 80 242 364 377 239 455 257 108 214 392 334 122 273 175 224 308 295 145 455 227 259 203 245 328 386 374 455 92 401 354 86 61 412 95 89 412 316 207 482 54 339 161 123 128 424 162 250 358 233 377 132 491 209 311 215 413 303 377 144 255 307 208 289 271 320 319 20 408 372 422 123 192 183 180 295 407 300 228 263 365 105 440 97
 272 162 196 173 189 332 152 264 134 1 44 68 331 209 180 108 116 140 243 170 336 235 159 53 64 328 223 165 160 82 315 330 173 207 275 282 303 55 289 174 249 308 31 217 235 56 227 195 209 265 59 156 207 214 18 238 119 286 49 296 208 282 247 155 160 145 111 91 187 77 196 108 230 76 269 163 333 23 310 251 334 93 168 277 248 187 85 151 223 44 281 105 66 142 223 265 281 290 237 88 155 45 320 54 155 284 164 306 278 70 283 304 106 238 53 137 304 118 68 27 251 294 72 207 213 75 263 243 237 208 309 212 308 216 141 146 325 330 184 253 212 118 316 48 129 132 141 167 307 301 127 210 142 283 72 283 168 184 170 273 157 302 130 259 88 51 250 118 336 183 234 353 91 150 169 247 75 162 30 252 368 231 170 168 40 123 194 247 192 199 196 242 88 292 226 228 175 145 144 303 344 120 339 165 192 81 368 213 64 271 42 217 237 176 37 332 94 126 225 182 304 333 290 333 46 304 266 64 133 291 77 46 311 200 77 360 155 310 108 81 195 294 199 135 241 221 301 138 368 126 192 82 283 182 248 154 152 206 108 235 138 193 280 148 278 341 307 33 60 176 174 188 306 280 125 250 238 73 313 44
 270 202 238 210 158 364 189 302 166 44 1 81 322 246 221 94 152 97 221 206 366 248 161 95 29 325 226 186 122 120 342 362 216 245 265 310 320 75 288 209 290 307 15 230 277 52 264 155 197 274 100 114 248 254 35 265 157 307 71 310 248 274 229 113 203 154 128 111 228 111 159 152 222 119 254 120 363 50 305 230 324 68 205 311 226 231 108 179 257 9 277 144 78 182 256 286 275 289 255 72 155 89 347 97 158 286 140 320 317 60 269 317 143 270 96 179 307 162 45 65 231 283 113 246 246 36 247 270 244 250 325 247 343 256 185 190 361 362 188 246 248 148 310 90 170 133 104 124 326 296 91 167 177 302 87 268 139 183 213 289 149 332 173 258 131 56 244 156 335 143 272 343 108 118 137 284 81 185 19 257 358 255 128 132 75 162 166 252 173 241 153 257 62 307 258 256 192 187 163 328 376 126 336 184 234 60 401 210 106 311 32 257 261 178 24 324 75 100 267 212 339 361 307 325 86 314 283 106 174 287 120 82 320 202 43 353 194 344 146 75 238 277 243 142 240 260 321 181 358 88 150 59 268 141 234 197 109 219 67 265 115 184 312 182 262 374 307 76 36 217 215 198 315 316 142 288 226 79 302 85
 206 145 223 218 156 289 127 236 190 68 81 1 267 179 168 61 168 162 192 216 288 170 92 73 109 262 156 106 146 71 263 286 175 248 212 231 240 122 223 224 231 242 77 152 225 119 199 186 148 198 69 181 242 194 57 187 99 227 116 232 192 218 192 183 185 78 48 32 176 54 174 128 167 107 211 187 286 47 244 198 270 69 139 239 195 197 149 102 185 87 215 93 133 180 183 206 216 223 175 148 89 86 269 97 88 217 121 242 254 39 222 239 156 195 76 170 237 132 123 53 198 232 116 184 174 84 205 192 170 200 246 176 271 197 151 162 289 286 117 189 258 74 250 66 123 66 124 191 246 235 112 229 194 222 139 224 133 118 192 210 95 255 144 192 111 26 185 99 269 171 207 289 157 125 138 218 12 105 66 185 304 175 166 148 101 169 154 180 140 190 202 178 68 229 183 178 112 176 83 249 301 53 272 104 220 58 327 147 79 248 51 197 181 109 92 268 59 92 218 136 266 282 228 268 100 238 203 107 171 226 107 106 245 133 78 295 197 270 90 145 216 235 205 67 174 197 241 144 304 165 187 61 225 175 188 157 172 141 140 188 98 131 237 201 219 299 241 68 58 163 162 121 240 247 62 223 176 140 251 94
 74 340 463 476 209 339 317 361 455 331 322 267 1 329 363 229 432 337 130 476 313 163 178 334 343 45 127 224 258 315 276 335 390 501 58 273 186 385 69 485 386 58 327 171 403 372 342 275 126 139 327 355 489 358 317 261 315 216 379 168 368 50 111 361 426 200 239 258 368 299 241 375 102 367 81 355 315 311 37 121 4 258 313 331 124 418 415 261 306 330 60 323 394 435 297 216 54 72 195 391 180 351 286 361 184 92 195 170 384 266 62 165 420 297 338 422 89 373 364 320 116 43 379 347 299 297 87 256 134 390 190 311 351 363 383 398 369 335 160 79 516 273 28 328 346 202 256 356 209 43 260 367 457 203 401 68 210 152 429 182 176 301 382 90 365 281 84 317 64 266 349 24 421 236 220 351 259 233 317 119 38 232 286 245 367 430 188 117 158 380 321 178 264 178 287 260 207 426 226 259 342 217 52 221 462 264 373 123 337 383 298 361 235 162 343 10 248 231 405 269 348 289 193 13 366 144 183 370 427 50 366 373 131 143 286 33 454 341 315 397 447 70 417 207 103 353 217 373 37 370 289 265 72 279 92 378 337 174 344 275 215 140 310 464 75 348 66 334 287 357 359 173 130 351 233 357 98 398 27 360
 256 55 172 218 319 131 58 58 235 209 246 179 329 1 57 227 211 337 320 222 146 167 189 161 270 299 206 116 321 128 141 130 92 224 293 109 187 238 262 237 61 278 235 159 76 259 21 361 258 197 152 356 203 31 212 81 91 152 233 193 44 288 309 357 149 166 149 151 57 135 344 136 260 161 313 362 142 197 294 322 332 246 42 73 321 116 243 88 32 248 270 106 252 182 40 136 279 259 139 292 196 178 140 179 184 242 277 200 76 218 314 202 203 51 162 166 254 123 276 184 319 312 181 21 33 261 310 89 196 68 189 20 102 36 111 124 118 130 188 266 247 107 303 163 91 190 300 366 174 287 288 406 223 159 252 320 295 207 145 167 222 113 122 240 147 200 260 92 294 346 29 350 259 296 304 40 187 108 228 211 362 103 344 320 210 196 308 212 276 62 380 156 245 184 51 77 131 163 130 138 144 177 304 120 173 236 163 226 151 71 221 33 104 195 245 324 234 262 80 64 98 154 171 322 196 216 163 178 178 280 159 208 231 200 255 344 198 107 102 280 150 334 107 169 231 26 164 104 359 333 364 239 323 351 289 94 348 157 311 68 262 239 85 230 319 140 272 180 235 54 58 165 227 73 140 44 275 265 325 190
 290 26 117 162 320 183 49 96 183 180 221 168 363 57 1 225 160 316 335 166 201 207 205 128 243 338 237 141 313 103 197 182 36 168 322 164 238 199 299 181 72 316 208 195 58 224 64 353 277 239 122 333 148 41 187 134 71 204 195 242 30 319 328 333 93 180 152 147 8 117 341 88 283 119 336 340 196 173 330 339 366 236 51 125 337 62 198 104 87 222 304 78 212 127 95 187 311 297 183 256 210 142 196 140 200 281 280 250 104 206 340 251 152 107 128 111 295 75 244 157 337 341 137 41 85 242 332 141 231 33 240 74 150 41 58 69 162 182 211 294 191 106 338 133 52 198 292 344 227 322 279 386 169 210 211 345 296 228 89 215 233 169 70 274 104 184 288 70 336 338 69 385 214 292 303 81 178 132 204 248 398 151 332 315 172 143 313 248 287 22 366 199 234 233 105 127 158 108 146 194 196 182 344 144 118 225 211 251 117 96 201 44 153 215 215 360 226 258 51 97 147 210 222 358 157 263 210 136 124 314 116 168 277 226 239 382 143 157 79 242 96 359 56 180 262 52 217 53 395 305 354 227 348 342 311 40 328 191 286 121 261 257 140 176 343 190 311 148 218 7 7 192 273 119 149 82 298 225 357 152
 178 200 283 274 97 323 180 283 241 108 94 61 229 227 225 1 221 137 136 272 317 171 78 131 117 232 139 131 95 131 287 320 234 305 172 259 245 160 197 278 283 215 99 155 281 145 247 135 104 192 128 158 301 246 92 218 155 241 155 233 246 181 140 162 245 81 80 79 232 113 118 188 128 165 162 162 316 91 212 144 231 34 189 279 140 257 192 143 228 102 184 152 167 238 223 222 182 198 187 164 69 140 294 151 76 197 61 243 303 39 177 239 209 234 134 229 218 192 137 105 144 190 170 235 216 73 156 220 160 257 252 221 310 249 211 222 330 320 104 153 314 123 217 123 182 53 75 165 256 204 66 196 247 233 175 177 73 94 252 217 57 286 204 168 170 61 150 156 244 120 256 250 196 69 80 265 50 134 90 171 264 199 121 94 147 224 94 165 85 246 161 184 39 233 221 209 129 235 108 271 334 57 244 128 280 37 363 119 138 297 71 249 205 92 115 231 21 36 275 175 306 306 236 232 150 233 210 161 229 194 165 153 236 115 62 259 254 308 148 169 276 187 264 71 149 248 254 204 265 157 140 38 177 127 142 216 144 144 128 222 38 91 273 253 171 334 216 122 59 219 218 121 231 290 91 270 133 170 209 145
 366 158 104 59 305 341 165 254 27 116 152 168 432 211 160 221 1 235 356 55 356 308 254 99 157 421 313 230 273 123 346 340 132 95 378 312 364 84 381 59 224 400 139 291 197 118 222 305 315 341 106 245 103 200 133 273 141 337 85 361 187 383 358 241 84 234 195 175 164 136 309 78 334 68 378 253 352 131 406 363 435 208 182 282 360 128 59 199 238 148 377 126 91 45 242 316 380 381 298 140 253 83 347 72 249 370 278 371 259 184 389 370 13 256 95 55 390 89 144 117 363 398 53 199 231 187 372 280 320 174 368 224 309 199 103 94 321 340 275 354 97 173 413 105 124 231 255 256 360 397 241 300 27 338 84 391 283 281 94 335 262 322 91 351 75 161 349 139 426 294 227 454 73 265 284 239 178 223 143 337 469 278 279 282 79 20 309 333 304 169 297 309 203 355 250 264 245 62 217 339 354 216 431 231 99 196 370 310 97 252 157 202 282 271 132 431 208 241 184 219 305 361 348 431 72 376 329 63 42 388 69 72 387 292 191 458 47 315 135 121 115 402 144 226 334 210 351 108 468 205 300 197 392 292 355 121 248 282 200 264 253 297 295 34 386 348 398 101 176 160 156 270 382 278 204 240 343 101 417 76
 302 296 329 293 134 449 282 394 242 140 97 162 337 337 316 137 235 1 214 288 447 307 213 191 81 352 271 261 83 215 419 446 312 329 282 389 382 152 321 287 384 338 110 291 372 118 356 89 218 327 196 22 335 348 131 346 250 376 151 369 343 295 229 26 296 216 203 192 323 204 113 247 245 213 259 26 445 144 330 224 338 105 296 399 220 326 181 263 346 97 305 239 147 271 343 357 300 324 322 105 205 183 426 190 213 326 144 378 411 125 277 375 228 356 192 270 347 257 92 161 227 295 205 339 334 78 252 350 295 346 388 336 431 350 280 285 450 446 239 271 328 234 332 185 266 189 82 30 392 322 80 71 257 369 155 273 128 227 306 353 187 414 269 295 226 138 270 250 366 87 365 354 173 102 118 376 156 262 114 304 368 331 64 97 164 248 152 297 181 336 65 320 102 369 343 337 262 279 237 404 461 190 364 258 325 110 488 247 202 404 117 351 337 226 108 341 120 115 363 297 427 438 372 343 178 367 346 199 264 313 215 171 369 249 85 369 280 431 240 123 331 278 338 206 278 353 390 277 370 44 78 107 271 77 247 293 14 280 36 348 129 214 397 261 266 460 340 171 104 312 310 257 365 406 217 380 243 139 313 178
 126 310 412 408 82 378 287 368 376 243 221 192 130 320 335 136 356 214 1 406 360 189 132 263 236 157 134 205 133 257 324 374 353 438 83 307 249 292 141 413 380 151 230 183 387 272 338 146 64 187 260 230 433 345 226 278 272 264 287 231 350 100 22 237 373 157 186 198 342 239 112 317 75 298 50 229 361 226 135 11 131 155 290 350 7 379 325 236 308 228 120 274 298 371 301 254 110 145 219 284 127 274 333 285 137 158 82 238 390 174 69 233 344 307 267 361 173 319 258 240 15 89 305 333 298 189 45 276 159 367 255 307 377 349 335 348 397 374 135 90 449 231 134 256 302 140 135 231 268 129 142 238 382 252 306 63 89 115 379 230 104 338 330 128 302 196 94 273 176 138 346 144 327 115 97 353 181 213 221 156 157 250 159 119 281 359 63 150 53 356 192 207 160 237 294 273 192 366 193 306 385 156 169 201 409 164 416 104 270 387 203 348 255 126 243 136 150 122 384 258 374 341 248 139 285 216 227 296 362 123 298 288 210 127 180 162 387 371 267 293 402 65 383 156 121 344 272 327 160 251 160 164 60 151 53 337 212 178 226 288 107 82 335 388 56 388 156 256 188 329 330 160 207 366 188 359 60 299 105 280
 407 173 72 8 358 346 186 255 50 170 206 216 476 222 166 272 55 288 406 1 366 342 299 145 210 462 353 264 328 162 361 346 133 42 424 328 391 138 421 16 220 440 193 326 189 171 229 360 363 376 150 297 57 204 186 293 171 361 139 391 189 427 407 293 75 276 237 219 168 178 363 105 380 111 425 305 361 183 448 413 479 261 201 289 410 117 109 230 251 202 419 158 143 44 258 341 423 421 328 190 298 133 361 122 293 409 330 400 255 236 436 400 65 271 141 60 427 111 197 168 413 444 102 206 247 241 420 301 358 170 394 238 312 202 114 99 321 346 317 398 43 208 455 152 146 277 309 308 384 439 295 351 32 364 135 438 336 326 82 364 310 334 107 392 112 212 393 168 465 349 232 498 121 319 337 243 227 257 197 375 513 303 333 336 133 49 361 372 354 169 351 340 256 383 267 285 281 60 255 357 359 261 471 267 67 249 371 354 140 248 210 205 307 314 187 475 260 294 175 244 309 375 375 474 125 408 358 111 51 430 111 126 420 334 245 501 25 320 167 171 91 450 132 270 376 215 375 122 511 257 354 250 439 346 402 129 301 318 253 282 305 344 306 30 434 353 437 151 229 169 165 309 415 281 244 243 390 152 462 128
 252 199 310 361 389 35 195 119 381 336 366 288 313 146 201 317 356 447 360 366 1 172 251 295 393 271 227 188 409 260 38 31 234 364 302 59 128 375 248 381 158 256 358 180 191 390 138 447 299 181 285 468 341 164 335 102 226 99 369 145 179 289 343 470 292 238 245 258 199 261 422 280 287 302 333 473 7 320 277 358 315 345 178 79 359 254 384 188 120 370 265 242 389 327 117 107 277 244 142 423 260 314 28 317 249 224 348 144 131 323 326 149 347 102 297 311 224 268 403 311 354 315 323 161 128 371 333 98 203 201 124 134 67 166 256 269 75 31 234 279 388 220 286 295 234 267 391 476 105 274 382 511 368 112 390 334 370 254 287 135 287 36 267 242 289 313 274 228 257 432 136 329 399 380 382 126 292 186 349 209 336 120 437 404 346 341 373 215 332 199 477 154 347 136 112 111 190 308 212 56 32 261 270 191 313 339 61 257 287 136 337 163 114 246 371 305 330 349 203 155 68 26 121 302 334 170 136 319 323 271 300 346 184 236 363 314 343 55 236 414 287 347 242 247 243 153 96 250 331 452 454 341 338 441 314 239 456 187 427 103 343 285 62 375 336 40 247 311 345 199 203 209 184 93 231 128 303 401 321 327
 92 186 316 341 224 191 165 200 334 235 248 170 163 167 207 171 308 307 189 342 172 1 95 216 275 133 55 79 252 186 137 188 237 360 136 121 75 287 96 354 224 112 245 19 242 288 180 287 128 34 206 328 344 197 226 100 173 78 281 63 208 126 172 332 282 95 125 146 211 175 259 239 116 241 164 331 173 214 128 187 166 204 157 172 187 266 309 113 144 254 106 185 299 300 135 66 116 93 34 317 104 236 146 244 96 75 185 73 223 192 159 71 296 135 219 284 90 233 291 215 182 152 259 186 137 239 163 96 33 231 82 150 196 202 237 253 215 188 70 111 378 136 137 212 201 120 238 334 88 121 232 363 330 67 304 167 208 88 283 48 126 151 240 77 235 194 105 175 130 273 187 184 320 223 220 189 168 86 235 45 196 71 282 245 262 301 206 48 164 222 323 19 207 62 125 99 64 286 94 118 198 123 139 78 315 202 229 86 214 221 217 200 74 84 261 158 189 197 245 111 192 154 67 156 255 70 42 251 292 115 240 265 79 68 229 178 318 187 176 314 297 180 262 107 74 192 89 228 192 324 297 204 171 283 143 228 313 30 297 113 186 116 153 337 167 202 106 224 217 201 204 52 75 191 112 195 132 308 163 248
 114 180 291 299 140 262 157 239 278 159 161 92 178 189 205 78 254 213 132 299 251 95 1 157 187 171 66 75 161 139 218 259 225 325 126 194 169 213 131 308 249 150 162 80 256 207 208 198 73 116 150 234 315 214 146 157 146 167 207 156 219 129 124 239 253 26 63 81 212 122 172 200 83 189 133 237 250 138 153 135 181 111 159 226 134 252 241 104 180 169 124 150 224 259 173 150 126 132 114 232 10 174 226 184 7 126 98 166 261 103 141 163 242 181 160 246 147 199 205 144 133 146 202 202 169 148 129 157 84 236 175 178 255 218 212 226 275 259 28 101 339 103 160 151 176 29 144 241 181 145 139 269 279 159 230 144 120 28 258 141 37 223 209 101 188 111 96 147 178 183 216 201 249 131 132 223 86 83 151 97 215 133 190 154 192 252 125 91 89 225 231 109 115 156 168 150 65 250 61 201 271 40 181 71 290 110 302 57 160 257 132 217 139 18 178 178 96 103 253 128 251 237 160 178 190 157 135 193 250 135 188 197 161 42 137 205 277 251 143 233 278 158 255 30 83 213 180 203 214 232 206 112 146 192 109 211 219 69 204 164 94 53 214 287 141 273 149 158 128 199 200 45 156 240 60 229 96 230 164 184
 268 111 155 146 223 287 104 215 122 53 95 73 334 161 128 131 99 191 263 145 295 216 157 1 116 324 216 139 202 36 277 285 122 176 281 243 277 81 284 153 198 303 82 198 183 99 178 239 219 248 11 207 172 164 62 199 71 255 76 273 157 285 264 207 117 136 97 77 135 42 235 61 236 35 282 214 291 50 309 270 337 127 121 230 267 138 96 115 178 95 280 56 96 108 179 234 282 284 210 132 155 22 280 29 151 274 190 282 228 98 293 281 86 194 5 99 294 69 118 32 270 301 46 157 168 121 276 206 224 157 282 166 261 165 91 98 277 285 178 256 187 84 315 8 77 134 181 218 277 300 167 261 123 254 97 295 199 184 125 248 166 260 81 254 41 74 252 70 329 226 185 357 109 187 203 197 84 134 78 241 371 197 216 207 53 97 223 237 211 147 245 219 123 267 184 190 153 106 123 266 300 119 334 140 151 115 322 212 12 221 81 166 203 173 88 334 123 157 173 143 257 294 263 334 42 285 241 37 99 290 35 53 294 195 121 361 125 264 60 121 150 307 149 128 236 171 270 88 370 178 238 117 296 227 258 103 203 188 160 194 166 201 236 131 290 296 301 21 100 125 122 174 289 232 108 200 247 107 319 35
 293 225 249 215 167 390 214 326 166 64 29 109 343 270 243 117 157 81 236 210 393 275 187 116 1 348 251 213 125 144 369 388 235 251 286 337 347 74 312 211 312 330 36 257 298 42 289 152 218 301 122 94 256 277 60 293 181 334 72 337 271 296 246 93 217 180 155 138 250 137 162 169 243 135 272 102 390 75 328 246 345 86 230 337 242 248 106 206 283 23 300 168 72 192 282 314 298 313 282 49 180 105 374 111 184 311 156 347 341 85 288 344 149 296 116 190 332 180 23 88 247 303 125 269 272 48 266 298 270 271 352 272 368 279 203 206 386 388 214 269 251 174 332 111 192 159 110 105 353 319 99 149 180 329 81 287 151 208 227 317 172 359 190 283 148 84 266 180 359 143 297 363 101 127 147 309 108 212 45 283 378 282 125 137 84 169 178 277 191 262 142 284 81 335 284 283 220 199 190 356 403 153 360 212 245 81 428 234 127 334 59 280 288 203 29 346 97 116 287 239 364 388 335 347 98 341 310 120 184 310 136 91 346 227 58 374 201 370 170 58 252 295 260 169 264 284 349 200 379 63 145 80 286 138 254 217 94 246 47 292 132 207 339 184 281 401 331 96 60 239 237 224 341 342 170 312 247 68 322 99
 57 316 443 461 231 299 294 327 446 328 325 262 45 299 338 232 421 352 157 462 271 133 171 324 348 1 110 203 277 301 235 295 367 484 75 235 144 382 42 473 354 23 328 144 374 374 311 299 135 104 316 371 471 329 315 227 297 176 377 127 340 59 136 377 408 189 228 248 343 286 265 360 108 355 109 372 274 307 24 149 48 264 288 295 152 395 410 240 275 333 49 306 392 420 265 179 53 43 162 396 174 342 245 352 175 58 209 128 350 267 91 123 409 264 328 406 49 356 368 314 144 71 369 318 268 304 113 222 108 363 148 281 313 334 363 379 330 295 148 82 501 255 25 319 326 197 271 374 167 31 273 389 445 163 399 99 227 145 410 144 177 262 364 71 352 279 84 299 21 288 317 59 418 251 239 318 255 211 317 91 67 199 306 264 362 417 209 92 172 354 343 145 269 137 255 228 185 409 208 218 301 210 13 200 442 268 331 117 325 350 298 331 201 154 344 37 252 241 377 242 310 247 153 34 359 102 146 361 412 40 354 367 88 131 292 47 439 302 298 399 426 105 393 197 89 323 176 354 63 382 312 270 104 301 110 357 353 149 354 241 225 143 273 453 105 307 28 327 290 332 334 154 88 315 219 324 111 398 64 353
 55 214 337 352 175 245 191 246 337 223 226 156 127 206 237 139 313 271 134 353 227 55 66 216 251 110 1 98 209 192 191 241 263 376 88 175 121 277 70 364 266 89 227 52 280 272 222 241 75 60 207 292 363 235 211 149 189 131 271 104 244 83 117 297 300 81 119 140 242 177 210 251 62 246 111 294 228 202 96 132 131 172 187 222 133 292 303 135 188 233 69 198 288 312 179 121 75 69 87 297 72 234 200 244 70 62 139 113 269 167 110 109 300 182 219 298 83 248 270 207 128 106 261 223 179 210 110 147 27 265 127 190 247 240 256 272 267 241 40 61 392 147 104 210 220 94 196 297 138 88 193 322 336 120 294 116 161 46 303 98 86 205 256 40 243 176 54 192 115 227 229 150 312 179 174 233 150 107 216 34 163 120 239 199 255 308 155 27 113 255 280 74 177 108 171 146 80 301 100 172 252 104 120 94 336 173 283 32 217 267 197 238 125 49 243 125 158 158 280 145 244 208 117 124 252 98 94 252 303 79 245 260 99 25 199 149 330 240 190 297 321 130 291 90 26 231 140 247 161 294 251 175 120 238 90 251 276 51 266 161 145 66 205 344 116 256 86 219 192 231 233 47 94 240 110 239 78 294 121 245
 151 117 242 263 211 194 94 164 255 165 186 106 224 116 141 131 230 261 205 264 188 79 75 139 213 203 98 1 224 108 160 191 167 283 182 130 140 214 163 276 176 181 181 63 186 220 134 263 143 112 129 281 269 143 159 88 96 122 208 135 150 179 194 284 206 55 60 76 146 98 241 161 146 163 199 286 186 145 192 207 227 158 91 153 206 195 234 38 106 191 165 107 227 222 99 102 172 161 73 250 83 160 166 167 71 147 169 144 187 137 202 143 218 108 142 207 164 156 227 142 204 202 181 131 95 186 195 91 96 169 145 103 183 147 162 177 203 191 73 154 301 58 200 136 125 83 205 289 142 184 196 324 252 119 231 207 190 92 208 110 110 157 163 136 157 131 148 98 203 248 142 247 246 196 200 149 107 10 170 113 260 71 251 220 187 222 198 111 163 159 290 81 160 129 94 80 19 209 25 145 204 75 210 5 241 152 233 112 136 183 156 146 77 80 195 221 143 163 185 54 179 179 126 220 179 147 103 173 214 175 162 190 158 87 177 245 241 180 98 245 225 221 194 62 122 140 137 152 258 269 269 155 210 255 174 155 269 55 243 93 159 124 144 259 205 205 176 149 161 134 136 53 153 166 45 155 161 236 217 172
 231 290 354 331 52 416 271 376 287 160 122 146 258 321 313 95 273 83 133 328 409 252 161 202 125 277 209 224 1 214 377 413 318 366 204 351 326 195 249 330 375 264 135 238 370 166 340 41 145 267 203 99 367 338 145 311 244 327 192 311 337 219 149 105 317 172 174 171 320 198 38 262 172 233 179 98 408 153 254 143 259 78 282 373 139 338 228 237 322 128 232 237 196 301 317 310 225 252 273 168 151 203 385 213 162 258 71 320 396 109 197 316 264 328 204 296 277 269 145 171 146 216 231 327 310 87 173 313 234 345 332 315 404 341 291 299 424 413 183 197 369 215 256 195 267 143 22 99 339 247 36 115 299 318 205 193 51 166 326 299 127 379 281 226 242 132 197 244 292 26 349 274 225 30 39 359 136 228 132 240 288 290 31 15 196 282 72 233 106 334 72 268 81 313 315 303 220 304 201 360 427 150 289 220 351 90 456 180 212 390 122 341 296 169 144 263 89 61 363 269 400 396 318 265 205 305 293 223 293 238 234 203 305 188 84 290 314 402 235 181 351 197 347 163 210 340 339 285 290 122 46 88 191 33 169 299 80 229 101 315 68 145 366 304 186 427 268 186 103 308 307 205 300 384 185 364 167 192 234 203
 246 83 156 162 227 252 71 183 148 82 120 71 315 128 103 131 123 215 257 162 260 186 139 36 144 301 192 108 214 1 241 251 105 187 264 207 245 117 261 173 171 280 109 169 160 133 146 253 206 219 26 232 178 135 86 164 38 221 111 241 130 266 254 232 118 116 77 61 110 19 243 62 221 56 269 239 256 71 287 262 318 136 88 197 260 127 130 81 144 122 258 26 131 121 145 200 262 260 178 166 139 57 245 62 133 249 190 250 198 106 278 250 111 159 39 108 268 63 149 57 261 284 74 126 134 140 264 170 198 134 249 132 228 137 81 93 244 251 156 238 202 51 294 37 54 120 192 243 243 278 179 285 146 221 132 281 203 165 124 216 155 225 75 231 52 83 233 37 305 239 154 338 144 194 208 166 82 102 103 215 352 163 231 217 88 117 223 212 205 124 264 188 134 235 149 155 123 113 95 231 265 104 310 110 154 125 288 193 30 192 99 138 168 154 118 314 128 162 152 108 223 259 230 313 77 254 209 67 113 269 55 88 265 173 137 340 140 230 27 155 147 294 135 110 215 141 236 74 350 206 253 127 283 241 245 87 226 160 186 159 168 187 201 153 277 262 277 53 116 98 97 149 260 200 83 169 232 142 302 70
 216 190 310 357 356 65 182 128 371 315 342 263 276 141 197 287 346 419 324 361 38 137 218 277 369 235 191 160 377 241 1 61 231 363 265 35 92 357 211 376 167 219 335 145 198 369 138 415 264 144 267 440 342 164 312 78 210 63 351 109 179 252 307 443 289 207 218 232 196 240 389 269 251 288 296 445 40 297 240 322 279 316 165 86 322 254 369 166 111 347 229 226 371 321 105 71 240 207 108 402 227 297 11 301 217 187 315 108 145 296 289 113 336 92 279 304 188 258 381 290 317 278 308 158 116 344 296 73 166 203 89 125 88 167 249 263 101 61 200 243 387 198 249 276 223 236 360 448 69 237 352 482 360 76 373 297 337 220 284 98 254 36 258 205 276 288 237 212 222 400 138 293 383 348 349 130 266 159 325 172 301 90 406 372 328 332 338 178 297 199 446 118 318 99 97 88 159 302 183 19 67 232 235 162 312 311 98 221 269 148 312 164 83 213 348 269 301 318 208 135 87 20 84 266 317 134 100 303 316 234 286 329 149 201 335 279 338 75 219 394 288 310 243 217 207 153 60 242 296 427 422 313 302 409 277 233 428 153 401 84 311 250 62 368 299 73 211 292 319 194 198 175 148 104 203 134 266 382 284 310
 272 184 287 341 398 5 183 94 364 330 362 286 335 130 182 320 340 446 374 346 31 188 259 285 388 295 241 191 413 251 61 1 214 341 320 68 152 365 269 361 133 278 353 192 166 382 119 452 312 200 276 467 318 143 329 104 215 120 360 168 158 308 358 469 272 243 245 256 180 254 429 265 302 289 350 472 26 314 299 373 338 346 166 59 373 232 371 185 108 366 285 231 379 308 107 123 297 265 156 415 267 304 52 306 256 245 356 168 103 322 344 173 331 93 287 293 247 252 397 304 368 334 310 142 118 370 349 102 219 178 149 121 39 145 239 250 44 1 244 297 366 215 308 286 220 272 394 475 130 295 385 512 350 133 379 352 377 265 266 154 294 37 250 260 276 310 291 217 282 437 115 352 387 385 388 104 291 187 344 227 360 127 440 409 336 324 382 232 343 178 480 169 347 158 105 112 195 289 214 77 16 264 295 194 290 339 44 270 276 109 334 142 121 256 365 328 332 353 178 151 41 55 143 325 323 194 155 306 305 292 287 335 209 249 362 339 324 27 226 405 264 365 219 251 260 132 120 233 356 449 459 342 356 445 330 221 456 198 425 100 348 297 51 357 353 15 270 303 344 181 185 218 208 68 232 105 318 391 342 317
 317 52 82 128 330 214 74 124 153 173 216 175 390 92 36 234 132 312 353 133 234 237 225 122 235 367 263 167 318 105 231 214 1 134 346 199 272 182 327 148 93 345 203 224 68 211 97 357 297 270 118 328 113 72 183 168 82 238 179 275 57 344 347 327 59 200 168 158 36 122 348 69 306 103 358 335 229 170 357 357 393 241 82 157 355 29 176 129 122 216 331 83 196 96 129 221 337 326 215 242 229 131 230 126 220 310 292 283 128 210 363 284 126 142 121 81 326 57 233 153 356 366 119 75 120 241 353 176 260 43 274 109 181 70 34 39 191 214 234 318 157 124 366 128 53 214 296 338 262 350 283 382 139 244 193 368 306 250 54 248 250 202 48 301 89 187 312 81 366 343 100 412 193 299 312 111 186 158 199 277 425 184 334 321 158 114 325 276 303 38 365 230 238 266 140 162 184 76 168 229 228 198 374 170 83 229 241 274 111 120 201 73 186 237 207 387 232 266 55 129 177 244 256 386 143 296 243 121 94 341 101 153 309 250 239 410 110 189 88 226 62 381 31 198 288 83 251 35 423 296 356 231 370 345 333 20 324 219 280 156 271 277 174 145 365 221 340 141 218 40 36 218 305 149 167 111 320 208 382 139
 430 180 55 37 394 341 198 249 91 207 245 248 501 224 168 305 95 329 438 42 364 360 325 176 251 484 376 283 366 187 363 341 134 1 451 332 402 178 443 49 211 462 232 345 178 212 228 399 392 393 180 338 26 202 223 300 188 370 179 404 186 452 438 334 79 302 263 246 168 204 401 126 407 141 455 346 359 218 471 445 503 297 210 286 442 111 150 247 255 241 443 179 184 69 262 351 447 442 342 231 325 167 362 156 319 429 364 412 245 270 464 413 103 274 173 80 447 129 238 202 444 471 137 206 252 280 450 308 378 164 405 241 305 199 124 108 312 341 341 424 26 229 479 183 160 306 346 349 393 463 332 393 73 374 176 467 372 352 81 377 339 333 121 415 139 246 419 186 485 388 229 523 162 356 374 239 259 275 235 395 537 314 372 374 171 84 396 393 386 166 392 356 293 396 272 293 301 76 277 361 354 289 492 286 52 285 362 379 170 238 247 202 317 340 226 499 295 329 165 256 303 375 386 498 162 423 371 146 78 454 142 164 435 358 283 524 53 315 187 212 78 479 123 296 399 213 383 133 536 298 394 286 468 385 431 136 342 337 294 288 340 373 305 72 463 346 458 185 266 172 168 331 431 275 269 237 418 194 488 165
 51 298 416 424 157 324 274 332 401 275 265 212 58 293 322 172 378 282 83 424 302 136 126 281 286 75 88 182 204 264 265 320 346 451 1 255 181 329 62 433 353 69 270 138 366 315 309 225 69 122 275 300 440 322 260 234 268 203 323 162 330 18 62 306 378 150 188 206 327 247 190 325 46 314 37 300 304 255 53 75 60 201 272 307 78 374 359 218 275 273 41 275 337 384 266 198 29 66 169 334 127 297 275 307 132 83 139 167 356 209 25 162 366 268 285 372 94 324 307 265 70 21 326 310 266 240 40 231 104 350 186 277 330 326 335 350 350 320 113 29 465 225 53 275 299 148 200 302 202 47 204 315 404 190 345 33 155 100 382 168 120 285 334 61 314 225 35 270 93 215 316 79 365 180 166 320 203 191 260 94 94 205 233 192 312 377 135 89 101 340 270 153 206 170 257 232 165 376 179 247 329 164 87 179 414 207 361 73 285 354 241 324 209 112 286 61 191 174 366 231 327 280 183 63 312 143 167 317 376 42 314 317 134 97 229 90 402 322 267 340 401 46 374 156 64 318 208 327 94 314 238 208 38 227 36 333 282 137 287 247 158 83 288 411 37 334 75 280 230 315 317 130 132 325 184 326 41 341 39 306
 207 157 279 324 333 72 148 105 337 282 310 231 273 109 164 259 312 389 307 328 59 121 194 243 337 235 175 130 351 207 35 68 199 332 255 1 97 323 206 343 141 217 302 125 171 336 108 389 245 136 233 410 311 133 279 45 176 60 317 110 149 244 291 413 256 180 187 201 165 207 364 235 235 254 284 415 58 265 237 306 276 287 131 65 306 223 335 133 78 315 221 192 337 287 72 58 232 202 89 369 203 263 39 267 192 182 291 113 125 265 278 117 302 59 245 271 187 224 348 257 302 270 274 127 82 314 283 41 153 173 96 92 79 137 216 230 97 68 178 231 355 165 246 242 189 209 333 418 78 232 324 453 327 73 339 286 313 199 252 92 230 31 225 195 242 256 225 178 224 374 109 292 349 322 324 104 235 128 293 162 301 62 379 346 294 298 316 166 277 168 419 103 289 100 63 55 132 269 154 31 79 203 236 133 281 281 110 204 235 127 281 134 56 190 316 267 272 291 180 101 77 53 84 264 283 136 91 269 282 228 252 295 152 182 305 280 304 69 185 360 257 300 213 189 194 123 66 208 296 396 396 284 291 383 263 200 398 132 370 50 285 230 41 334 287 82 209 258 288 161 165 152 150 85 173 108 251 348 278 276
