NAME : domp40p20v1
COMMENT : (Deleplanque et al.) 
TYPE : DOMP
DIMENSION : 40
DISPLAY_DATA_TYPE: NO_DISPLAY
OPEN_FACILITIES : 20
COST_SECTION
 1 149 101 186 113 182 176 197 74 165 235 119 128 136 103 246 278 114 53 203 256 291 88 130 152 309 187 229 188 28 101 67 177 264 260 138 147 57 262 275
 149 1 92 321 188 311 92 93 212 17 103 124 189 112 134 300 358 188 177 96 314 227 204 105 22 194 115 99 114 154 168 208 112 328 333 38 288 199 337 185
 101 92 1 240 192 228 76 177 141 105 144 37 98 40 154 323 367 192 149 181 335 303 184 150 80 284 188 138 187 90 173 167 181 345 346 60 246 133 348 268
 186 321 240 1 264 22 306 382 114 337 381 226 168 250 281 370 366 265 200 388 373 471 213 314 316 494 372 375 373 171 263 168 362 374 361 297 164 130 360 460
 113 188 192 264 1 267 254 179 166 200 290 220 240 231 56 135 177 2 69 186 146 218 53 99 202 274 149 285 151 140 21 96 140 155 155 199 142 150 158 225
 182 311 228 22 267 1 291 376 109 327 367 212 151 236 280 378 378 268 202 382 382 470 218 310 305 489 368 361 369 164 265 172 358 383 372 286 177 127 370 456
 176 92 76 306 254 291 1 182 214 94 78 80 145 57 207 378 429 254 220 183 392 317 254 189 70 270 206 73 205 165 234 241 202 404 406 61 321 207 409 271
 197 93 177 382 179 376 182 1 269 89 166 213 273 203 127 254 323 179 202 8 270 136 216 83 114 114 39 164 37 213 162 239 44 285 295 130 310 253 300 93
 74 212 141 114 166 109 214 269 1 228 284 140 109 163 172 290 306 167 99 275 297 362 123 202 210 382 260 278 261 60 161 78 250 302 294 193 128 18 294 348
 165 17 105 337 200 327 94 89 228 1 93 136 202 122 146 309 369 201 192 90 323 224 219 113 28 184 115 89 114 170 180 224 113 337 343 48 304 215 347 178
 235 103 144 381 290 367 78 166 284 93 1 156 222 133 237 401 460 290 272 164 415 296 302 205 89 226 200 7 198 230 270 299 200 429 435 98 380 275 439 242
 119 124 37 226 220 212 80 213 140 136 156 1 69 25 187 353 393 221 170 216 365 339 206 186 110 317 224 151 223 100 203 182 217 374 373 89 257 136 376 304
 128 189 98 168 240 151 145 273 109 202 222 69 1 90 221 373 402 241 178 277 383 393 211 232 176 381 278 217 278 102 227 175 270 391 386 156 236 114 387 363
 136 112 40 250 231 236 57 203 163 122 133 25 90 1 193 362 406 232 186 207 374 334 221 186 95 304 219 128 218 120 213 200 213 385 385 76 277 158 387 295
 103 134 154 281 56 280 207 127 172 146 237 187 221 193 1 172 225 57 84 134 185 191 91 45 151 229 102 232 103 128 37 120 91 197 201 150 185 155 205 185
 246 300 323 370 135 378 378 254 290 309 401 353 373 362 172 1 75 134 198 259 17 211 168 196 318 309 216 396 218 273 151 213 211 33 48 320 214 275 54 251
 278 358 367 366 177 378 429 323 306 369 460 393 402 406 225 75 1 176 227 329 61 285 192 257 375 383 285 456 288 303 196 230 279 45 29 374 203 294 23 325
 114 188 192 265 2 268 254 179 167 201 290 221 241 232 57 134 176 1 70 186 145 217 53 99 203 274 149 285 151 141 22 97 140 154 154 200 142 151 157 224
 53 177 149 200 69 202 220 202 99 192 272 170 178 186 84 198 227 70 1 209 207 272 37 123 185 310 182 266 184 77 64 38 172 214 210 175 113 82 211 268
 203 96 181 388 186 382 183 8 275 90 164 216 277 207 134 259 329 186 209 1 275 136 223 90 116 108 44 162 42 219 169 246 51 291 301 132 317 259 306 90
 256 314 335 373 146 382 392 270 297 323 415 365 383 374 185 17 61 145 207 275 1 225 176 211 333 324 232 411 234 283 163 220 227 17 35 334 215 283 41 266
 291 227 303 471 218 470 317 136 362 224 296 339 393 334 191 211 285 217 272 136 225 1 269 164 248 113 117 295 117 313 212 307 124 241 258 263 357 344 264 61
 88 204 184 213 53 218 254 216 123 219 302 206 211 221 91 168 192 53 37 223 176 269 1 135 215 319 191 297 193 112 59 47 181 181 176 206 95 108 177 272
 130 105 150 314 99 310 189 83 202 113 205 186 232 186 45 196 257 99 123 90 211 164 135 1 124 187 60 201 62 151 81 160 50 225 231 129 229 185 236 148
 152 22 80 316 202 305 70 114 210 28 89 110 176 95 151 318 375 203 185 116 333 248 215 124 1 210 136 84 135 153 182 214 133 346 350 22 295 199 354 204
 309 194 284 494 274 489 270 114 382 184 226 317 381 304 229 309 383 274 310 108 324 113 319 187 210 1 129 226 127 325 261 347 139 341 356 230 413 366 361 60
 187 115 188 372 149 368 206 39 260 115 200 224 278 219 102 216 285 149 182 44 232 117 191 60 136 129 1 197 3 206 135 219 11 247 258 149 286 243 263 89
 229 99 138 375 285 361 73 164 278 89 7 151 217 128 232 396 456 285 266 162 411 295 297 201 84 226 197 1 195 225 265 293 197 425 431 92 374 269 435 241
 188 114 187 373 151 369 205 37 261 114 198 223 278 218 103 218 288 151 184 42 234 117 193 62 135 127 3 195 1 207 136 221 13 249 260 148 287 244 265 89
 28 154 90 171 140 164 165 213 60 170 230 100 102 120 128 273 303 141 77 219 283 313 112 151 153 325 206 225 207 1 128 82 197 290 286 136 158 47 287 295
 101 168 173 263 21 265 234 162 161 180 270 203 227 213 37 151 196 22 64 169 163 212 59 81 182 261 135 265 136 128 1 97 125 173 174 179 153 144 177 214
 67 208 167 168 96 172 241 239 78 224 299 182 175 200 120 213 230 97 38 246 220 307 47 160 214 347 219 293 221 82 97 1 209 224 217 202 82 65 217 304
 177 112 181 362 140 358 202 44 250 113 200 217 270 213 91 211 279 140 172 51 227 124 181 50 133 139 11 197 13 197 125 209 1 242 252 145 276 233 257 99
 264 328 345 374 155 383 404 285 302 337 429 374 391 385 197 33 45 154 214 291 17 241 181 225 346 341 247 425 249 290 173 224 242 1 21 346 213 288 26 282
 260 333 346 361 155 372 406 295 294 343 435 373 386 385 201 48 29 154 210 301 35 258 176 231 350 356 258 431 260 286 174 217 252 21 1 350 200 281 7 297
 138 38 60 297 199 286 61 130 193 48 98 89 156 76 150 320 374 200 175 132 334 263 206 129 22 230 149 92 148 136 179 202 145 346 350 1 283 182 353 221
 147 288 246 164 142 177 321 310 128 304 380 257 236 277 185 214 203 142 113 317 215 357 95 229 295 413 286 374 287 158 153 82 276 213 200 283 1 125 198 365
 57 199 133 130 150 127 207 253 18 215 275 136 114 158 155 275 294 151 82 259 283 344 108 185 199 366 243 269 244 47 144 65 233 288 281 182 125 1 281 331
 262 337 348 360 158 370 409 300 294 347 439 376 387 387 205 54 23 157 211 306 41 264 177 236 354 361 263 435 265 287 177 217 257 26 7 353 198 281 1 303
 275 185 268 460 225 456 271 93 348 178 242 304 363 295 185 251 325 224 268 90 266 61 272 148 204 60 89 241 89 295 214 304 99 282 297 221 365 331 303 1
LAMBDA_SECTION
1  23
2  11
3  10
4  36
5  24
6  21
7  34
8  15
9  27
10  18
11  27
12  10
13  13
14  24
15  27
16  25
17  21
18  36
19  11
20  18
21  33
22  23
23  20
24  37
25  24
26  21
27  37
28  36
29  36
30  22
31  25
32  19
33  24
34  26
35  38
36  38
37  29
38  32
39  35
40  16
