NAME : domp220p55v9
COMMENT : (Deleplanque et al.) 
TYPE : DOMP
DIMENSION : 220
DISPLAY_DATA_TYPE: NO_DISPLAY
OPEN_FACILITIES : 55
COST_SECTION
 1 421 394 158 131 201 132 192 352 351 388 134 365 5 251 241 230 300 279 399 239 384 192 256 234 185 355 284 343 175 191 379 134 95 99 399 387 202 167 156 375 70 214 175 152 279 94 235 78 231 313 161 261 245 297 391 118 244 110 106 32 158 148 328 115 210 30 376 110 251 310 129 317 339 175 211 132 313 389 410 188 332 9 426 118 158 247 206 186 165 236 78 136 186 124 164 298 382 242 122 49 143 144 35 260 303 117 352 338 366 216 240 294 138 270 199 128 192 236 235 4 210 277 389 90 320 15 288 254 352 217 72 99 91 114 427 221 186 219 147 66 389 334 229 262 213 71 270 67 420 91 237 55 323 289 249 342 145 343 246 90 263 176 151 188 336 242 330 371 219 150 427 280 155 61 398 253 259 148 205 317 289 186 400 272 343 246 291 366 50 321 345 176 175 124 60 50 277 220 182 295 76 298 191 337 80 292 78 361 231 216 421 383 158 190 107 334 275 260 319
 421 1 29 367 298 328 317 306 185 299 122 299 194 425 289 202 200 132 195 76 319 45 366 196 199 361 68 229 196 257 354 301 288 412 441 35 141 253 293 313 111 386 244 314 276 207 335 188 359 233 141 280 189 354 310 78 311 307 344 365 409 332 275 120 461 257 435 216 313 171 143 368 271 123 271 212 290 154 119 46 250 99 415 10 325 297 218 217 365 315 323 375 368 299 441 259 274 56 281 345 387 327 347 388 187 173 320 200 142 242 336 255 283 355 226 319 382 264 219 220 420 226 198 284 377 120 435 216 248 89 218 357 323 344 319 36 274 238 222 282 424 108 167 319 331 345 353 167 376 51 437 222 400 116 325 357 217 328 116 197 470 336 253 271 284 96 320 125 52 341 285 9 364 278 407 63 250 304 278 221 107 211 265 56 182 223 279 166 81 450 262 95 380 283 360 433 426 161 342 251 210 443 274 231 127 343 314 391 85 315 291 1 108 351 248 389 91 159 344 291
 394 29 1 344 271 302 292 285 166 279 107 273 177 398 264 175 172 105 170 76 301 32 339 174 175 340 41 205 176 232 327 283 261 384 413 32 127 231 266 286 94 360 217 292 250 182 308 161 332 212 123 255 162 329 296 76 284 282 316 340 382 309 248 95 433 230 408 200 287 145 125 341 249 110 243 185 263 129 105 52 226 72 388 33 300 269 192 190 338 288 298 347 340 277 413 232 261 34 255 317 360 300 320 361 160 157 293 181 130 224 317 236 269 328 201 292 354 237 192 198 394 202 180 267 350 100 408 200 223 65 193 330 297 317 293 43 254 211 199 255 396 106 156 300 306 319 327 145 348 50 410 201 372 90 310 340 197 305 103 175 443 320 226 244 262 69 302 109 25 315 260 36 349 251 379 63 224 287 251 193 82 187 241 57 162 203 254 140 69 423 240 69 353 256 332 405 399 139 323 226 194 415 251 204 103 316 300 366 61 296 271 29 93 324 220 361 68 131 328 269
 158 367 344 1 177 292 75 64 373 417 381 103 389 161 321 252 229 281 300 319 90 323 302 172 172 28 305 325 368 127 296 442 145 236 250 336 388 115 231 235 364 89 251 53 122 307 167 215 179 135 231 102 271 344 147 312 174 323 205 56 177 37 146 313 269 256 187 408 124 216 228 244 376 255 221 184 150 316 381 340 125 303 159 374 81 223 275 183 296 247 324 196 251 69 272 162 157 346 308 221 174 231 246 148 269 206 187 379 244 409 62 122 152 245 307 285 251 239 261 148 155 147 177 444 211 249 170 174 303 326 155 165 132 179 98 385 99 187 147 183 216 298 230 81 350 312 122 201 184 384 242 146 193 303 136 92 377 49 261 170 247 108 197 147 83 306 92 249 323 315 105 370 123 194 203 324 302 112 130 204 264 320 106 328 187 380 312 295 293 207 376 319 294 234 233 214 203 207 65 129 182 231 359 177 328 147 141 81 335 84 86 367 370 262 218 235 277 263 104 385
 131 298 271 177 1 117 105 165 225 245 258 81 239 134 146 111 102 172 151 287 218 265 135 165 134 196 232 162 217 92 126 271 38 120 148 280 258 134 55 61 245 127 87 153 75 152 39 112 62 157 211 99 132 170 265 280 14 147 53 133 113 150 48 198 170 87 140 253 54 132 207 92 205 235 50 95 32 183 259 293 108 205 123 303 97 46 119 89 129 73 147 78 96 153 155 50 250 255 134 63 91 61 82 98 130 212 26 227 240 247 207 182 251 85 146 110 105 69 108 153 131 119 193 277 84 211 143 214 135 224 122 61 50 47 80 301 173 62 131 17 127 285 244 209 174 139 77 166 78 292 144 157 102 194 265 247 219 134 238 151 174 247 47 50 143 208 221 225 247 141 88 305 275 25 110 285 134 228 63 78 199 163 122 285 178 221 137 161 254 153 207 216 133 58 80 135 129 172 214 99 219 146 188 74 207 54 263 137 233 208 179 298 253 97 60 102 216 146 249 213
 201 328 302 292 117 1 221 280 187 153 245 197 195 202 59 132 147 199 136 343 333 307 38 257 224 311 271 115 175 201 27 181 153 126 150 321 236 243 66 58 240 228 91 269 188 126 129 173 128 261 287 213 142 54 377 337 119 46 96 243 172 266 160 210 163 77 192 198 169 197 284 76 124 306 87 177 148 179 248 339 216 230 193 330 212 73 111 171 38 46 37 124 70 268 136 152 358 275 57 81 154 63 58 177 143 299 106 181 318 180 322 290 360 65 109 11 83 79 113 253 203 219 288 194 112 277 206 313 86 241 219 140 161 121 195 318 284 144 230 116 155 351 329 324 63 24 178 246 135 304 151 258 149 213 378 362 166 249 306 243 188 362 121 160 257 234 336 296 281 25 203 336 391 108 147 336 84 341 176 144 252 128 233 334 267 164 61 164 311 193 131 235 56 69 78 167 169 251 330 206 316 166 106 162 208 151 375 240 247 323 293 328 247 46 107 103 267 175 364 122
 132 317 292 75 105 221 1 68 302 343 315 29 317 135 248 180 159 216 228 281 121 275 235 132 119 92 252 251 297 62 228 368 71 185 205 290 321 74 159 164 299 74 177 52 50 234 103 148 121 102 192 38 200 274 175 274 104 250 140 49 138 46 72 248 227 182 157 336 54 154 189 182 301 218 147 117 76 247 316 297 68 242 128 323 15 150 202 115 229 176 252 140 187 59 223 89 170 288 235 155 126 162 179 107 198 176 119 307 213 335 105 109 168 180 234 214 191 165 188 109 129 92 149 370 154 204 146 158 229 265 100 108 65 116 29 331 91 114 98 109 173 267 206 111 278 242 69 153 130 327 198 110 146 239 171 145 304 29 223 125 213 149 123 73 58 245 124 210 270 245 35 322 175 120 157 283 228 136 56 132 211 247 58 286 148 307 238 226 251 177 302 258 229 160 170 175 164 160 112 67 165 191 285 106 262 86 171 76 274 112 89 317 306 196 144 178 226 196 150 311
 192 306 285 64 165 280 68 1 330 389 330 86 347 196 299 214 189 230 261 257 54 263 298 112 118 56 247 291 328 88 290 411 128 253 272 275 340 60 216 225 313 126 222 19 94 270 169 169 188 75 169 69 231 333 108 250 167 304 206 90 203 38 122 263 293 231 220 368 119 165 166 248 346 193 200 140 134 270 331 278 79 249 190 314 82 208 241 141 293 236 308 208 253 14 290 134 107 289 286 220 193 225 244 172 228 143 182 339 182 372 45 59 103 245 274 272 257 216 227 88 190 96 115 411 222 188 206 112 274 272 103 175 131 183 95 327 37 153 93 165 239 236 167 45 334 302 136 142 198 327 265 86 213 252 103 84 339 49 199 112 278 83 169 122 29 252 58 187 265 305 79 310 111 175 224 262 274 69 105 167 206 284 57 267 126 343 288 252 232 240 345 266 294 215 236 240 229 147 53 86 120 257 332 139 279 154 104 123 281 45 26 306 319 259 190 245 219 217 85 358
 352 185 166 373 225 187 302 330 1 115 70 274 18 355 133 122 145 112 76 235 368 188 222 244 220 381 158 74 15 247 213 118 240 304 331 195 54 273 188 203 75 348 140 328 253 74 260 162 276 271 230 271 102 192 388 231 236 150 248 344 329 337 233 88 346 144 354 41 268 170 228 252 91 234 178 192 238 63 73 215 252 117 344 182 301 196 107 191 224 198 167 283 248 318 321 215 357 132 131 240 307 218 230 321 105 260 236 16 254 60 373 305 363 239 85 181 264 161 119 257 353 237 267 105 278 207 362 295 105 107 231 281 270 262 288 161 313 189 242 211 327 258 277 363 164 196 300 214 290 144 330 262 311 101 397 407 34 325 230 234 367 395 186 231 302 117 371 227 155 190 269 193 427 201 314 223 107 364 247 170 170 65 274 218 242 39 128 80 212 362 81 107 242 179 249 338 336 214 380 247 293 342 99 197 71 278 390 357 107 360 328 185 79 226 167 279 175 116 401 110
 351 299 279 417 245 153 343 389 115 1 182 316 108 353 102 181 207 208 140 345 435 299 175 325 295 432 268 102 104 302 170 29 273 278 300 308 164 338 193 198 189 369 168 382 299 127 270 233 276 344 326 322 170 126 466 341 252 109 244 377 323 386 273 194 309 162 344 91 298 249 325 228 44 336 198 255 269 161 185 328 312 223 344 296 339 202 151 252 180 188 119 275 222 376 281 258 439 246 113 230 304 210 210 326 173 352 245 100 354 62 433 378 444 217 118 154 235 179 164 332 353 304 353 45 264 307 357 381 116 219 300 286 294 266 322 275 381 237 313 236 307 366 374 428 98 147 318 301 286 257 301 337 301 205 472 471 83 371 333 313 338 464 222 272 362 225 438 328 267 141 316 307 495 225 299 334 117 436 290 224 271 115 334 329 328 77 109 165 320 345 47 217 196 188 231 319 321 302 441 305 381 317 59 252 180 292 466 380 220 426 393 299 193 198 201 255 279 200 468 34
 388 122 107 381 258 245 315 330 70 182 1 290 75 390 195 148 162 101 115 181 360 134 282 229 214 384 113 133 83 256 271 181 263 352 381 138 21 272 231 249 19 372 179 332 267 121 295 168 315 263 199 281 127 257 370 179 270 213 290 361 368 345 253 69 398 188 394 96 292 166 199 303 159 196 216 199 263 75 4 158 256 85 380 118 318 238 146 201 283 247 230 325 300 319 374 234 336 75 191 286 345 265 280 355 128 233 273 83 217 123 369 294 343 289 137 238 315 202 154 248 388 236 247 164 323 174 399 273 160 65 229 317 297 300 307 94 306 209 239 242 372 209 242 357 230 257 328 197 330 76 379 252 353 79 381 400 102 335 191 223 415 384 213 250 303 83 362 192 103 252 281 129 415 234 357 168 162 352 263 189 140 118 277 162 223 108 188 97 165 405 150 69 300 221 297 383 379 195 377 253 269 388 167 211 54 310 372 380 59 353 323 122 16 279 199 328 137 120 391 178
 134 299 273 103 81 197 29 86 274 316 290 1 290 138 221 153 132 192 200 268 140 258 213 122 103 118 233 223 269 43 205 340 45 174 196 273 295 71 133 140 274 88 149 73 24 206 85 123 107 99 181 28 173 250 190 261 82 224 121 72 135 72 44 224 218 155 157 308 35 132 177 163 274 207 120 93 50 221 291 281 55 219 130 305 29 125 174 90 207 152 226 127 168 75 212 61 180 267 208 135 119 140 158 105 171 169 97 280 205 308 127 114 179 159 206 189 173 138 160 102 133 78 144 343 140 190 149 157 201 242 85 96 49 99 22 310 100 87 86 83 166 256 200 130 252 218 65 139 119 306 190 104 138 215 188 167 276 56 211 113 209 169 95 46 67 223 143 198 250 221 17 304 196 94 149 269 201 151 29 106 192 219 55 271 139 279 211 199 237 176 274 234 209 134 151 169 159 146 134 50 164 185 258 80 237 74 187 94 251 130 103 299 282 174 116 163 209 171 170 284
 365 194 177 389 239 195 317 347 18 108 75 290 1 367 139 138 161 128 91 247 385 200 229 260 237 397 172 84 23 264 219 107 255 314 340 207 58 289 200 214 84 362 153 345 269 88 273 179 289 288 245 288 118 195 405 244 250 156 260 359 341 354 249 104 355 156 366 26 283 187 244 262 89 249 191 208 253 80 79 227 269 132 357 191 317 208 121 207 231 209 172 295 258 335 329 230 374 143 139 252 319 229 239 334 121 276 249 14 269 49 389 321 380 248 96 189 273 174 134 274 366 253 283 92 289 222 374 312 115 120 247 294 285 275 303 168 330 205 259 225 338 271 292 380 167 201 314 231 302 151 340 279 323 116 414 424 32 341 245 251 377 412 200 246 319 132 387 242 167 196 285 202 443 215 325 235 116 381 262 186 186 77 291 229 258 36 135 96 226 373 80 120 249 191 259 349 347 230 397 263 309 352 101 213 86 292 406 372 119 377 345 194 87 235 181 289 189 133 417 107
 5 425 398 161 134 202 135 196 355 353 390 138 367 1 252 244 233 303 282 402 243 387 193 259 238 188 358 286 345 179 192 381 138 94 97 402 390 206 169 158 378 73 216 178 156 281 96 239 80 235 317 164 264 245 300 395 121 245 111 110 32 161 151 331 113 212 27 379 114 254 313 130 319 343 178 214 135 316 392 413 192 335 11 430 121 160 249 209 187 167 238 79 137 190 123 167 301 385 244 124 50 145 145 38 263 306 120 355 341 368 219 243 298 139 272 200 129 195 239 239 7 214 281 391 91 324 12 291 256 355 220 75 102 94 117 431 224 189 223 150 65 393 337 233 263 214 75 273 68 423 90 241 56 326 292 252 344 148 347 249 88 266 179 155 192 339 245 333 374 220 154 431 283 158 61 402 255 262 151 208 320 291 190 404 275 345 248 294 370 47 323 348 176 178 125 58 48 280 223 186 298 74 300 195 339 83 295 81 364 234 220 425 386 158 193 107 337 278 263 320
 251 289 264 321 146 59 248 299 133 102 195 221 139 252 1 111 134 168 96 315 349 275 91 254 221 338 239 63 120 214 82 130 177 183 208 287 184 253 93 97 193 268 81 290 207 83 169 162 175 265 271 231 112 66 386 309 152 19 143 278 223 291 179 171 220 70 245 140 199 183 269 132 68 288 102 176 173 137 198 306 226 195 243 290 241 102 82 171 93 87 36 175 126 287 194 166 363 235 15 130 203 109 111 224 115 290 144 126 302 122 343 298 367 119 65 55 140 84 91 255 252 223 284 140 165 257 257 311 43 201 221 185 194 165 225 275 296 149 234 139 211 327 317 341 45 64 218 236 185 260 208 260 201 176 390 382 109 276 286 240 245 378 131 178 273 198 352 278 245 58 223 298 408 128 201 306 42 353 196 142 227 80 246 303 260 107 13 126 284 248 74 196 111 89 132 223 223 240 351 218 313 222 49 167 165 191 386 280 206 339 307 289 199 102 111 159 240 148 382 69
 241 202 175 252 111 132 180 214 122 181 148 153 138 244 111 1 27 71 49 212 257 177 168 147 116 262 141 80 117 128 157 200 119 213 242 191 149 160 92 112 136 228 43 210 132 57 148 54 169 165 161 151 22 170 287 206 123 125 147 223 222 218 112 91 261 57 248 157 148 73 158 167 138 178 72 76 118 74 150 208 136 104 233 205 180 97 32 74 166 114 138 181 166 202 240 93 260 153 99 146 199 127 146 208 21 180 128 128 192 159 258 199 264 154 64 122 181 63 22 153 241 125 176 198 180 148 252 204 72 119 121 171 152 154 166 198 202 67 133 95 229 220 207 251 155 152 182 126 184 187 239 158 208 89 293 294 126 205 177 134 274 286 67 109 186 107 260 168 152 150 148 210 317 87 213 205 73 257 125 49 121 71 158 203 152 130 99 51 179 260 135 112 180 82 159 239 234 130 265 129 205 247 127 77 97 163 287 237 128 248 216 202 143 150 52 189 135 45 290 153
 230 200 172 229 102 147 159 189 145 207 162 132 161 233 134 27 1 71 73 200 231 170 181 122 90 237 135 106 141 104 170 227 102 213 242 184 165 134 97 117 147 211 58 185 110 83 140 29 162 139 141 128 44 189 261 193 115 146 145 203 214 194 93 98 263 72 241 181 131 51 138 171 164 160 73 50 102 90 163 200 110 104 223 203 160 99 57 49 179 122 158 177 171 177 243 74 234 155 121 147 192 131 151 197 41 157 122 152 172 185 232 172 238 159 90 137 185 71 45 127 230 99 151 224 179 131 243 179 97 123 94 162 137 147 147 200 176 48 107 86 225 205 185 225 177 169 168 103 179 192 239 132 202 94 266 269 151 182 160 109 272 260 56 90 161 108 234 150 149 167 125 207 291 80 209 195 97 231 104 28 108 96 132 194 127 155 122 68 167 254 161 116 191 88 162 235 229 107 240 104 180 244 152 54 109 152 261 219 132 222 190 200 155 159 50 191 124 45 264 179
 300 132 105 281 172 199 216 230 112 208 101 192 128 303 168 71 71 1 75 148 263 109 236 134 115 284 73 116 115 156 225 221 170 282 311 122 110 172 162 182 84 276 113 232 169 89 210 70 233 165 120 181 59 231 278 143 185 184 215 263 285 245 158 33 331 126 311 152 198 66 119 237 170 129 140 100 171 50 102 140 156 34 293 135 220 166 90 103 235 184 199 247 236 220 310 140 247 84 157 215 262 196 216 267 57 149 192 125 147 167 270 197 253 224 106 190 251 133 88 150 300 136 156 212 248 100 313 184 125 53 129 233 205 218 210 130 208 116 139 156 295 162 168 259 211 218 236 104 249 121 308 155 273 24 288 302 133 235 126 126 341 288 126 155 203 38 265 120 83 215 182 140 320 151 279 140 126 256 166 96 64 98 177 137 131 139 156 46 118 324 163 45 249 152 229 305 299 103 278 153 182 314 166 115 50 222 280 283 62 255 224 132 91 220 118 258 74 28 294 189
 279 195 170 300 151 136 228 261 76 140 115 200 91 282 96 49 73 75 1 222 303 180 173 186 158 309 145 42 70 176 162 157 164 239 267 192 111 205 118 136 107 272 67 257 179 15 187 96 204 208 189 199 31 160 329 216 162 113 178 269 257 265 158 76 284 74 283 109 193 110 186 189 99 201 105 122 163 44 117 211 183 100 271 196 227 125 34 121 173 134 129 213 186 249 261 140 301 141 87 173 235 151 166 247 35 213 163 81 217 113 304 242 306 175 32 128 202 89 44 195 280 170 213 153 210 171 289 242 54 107 165 208 195 189 213 183 247 115 178 136 259 236 236 297 138 151 225 161 219 169 265 200 241 82 336 341 79 252 198 175 302 331 110 156 233 103 305 192 150 147 196 203 362 126 245 212 55 301 172 97 137 27 205 209 188 83 85 31 192 292 94 101 190 109 183 270 267 163 312 176 242 275 93 125 73 204 330 282 113 294 262 195 114 166 92 214 148 61 336 117
 399 76 76 319 287 343 281 257 235 345 181 268 247 402 315 212 200 148 222 1 260 49 379 151 166 309 79 261 243 225 367 352 268 406 435 46 200 211 296 316 166 353 254 268 248 235 321 179 347 185 90 245 205 378 243 8 299 331 338 327 392 287 254 153 456 268 417 271 290 157 93 369 311 65 272 194 272 187 179 31 215 124 393 84 291 297 236 200 377 321 346 364 370 252 439 241 207 107 304 342 371 328 350 367 202 115 311 250 78 294 280 201 216 357 253 333 383 270 232 175 397 191 143 338 370 79 413 154 272 128 184 342 302 332 289 110 222 227 184 273 412 34 100 261 358 363 329 130 363 123 430 175 386 143 258 296 264 286 59 157 459 273 246 250 239 122 260 72 81 360 253 73 299 272 395 14 274 242 252 214 93 243 224 22 135 270 303 191 35 434 303 130 390 287 359 420 412 123 285 219 147 432 310 214 166 324 247 356 129 257 238 76 166 358 247 386 78 169 281 331
 239 319 301 90 218 333 121 54 368 435 360 140 385 243 349 257 231 263 303 260 1 275 351 132 150 66 266 336 367 136 343 456 181 305 323 286 372 99 268 277 342 171 270 70 146 313 222 209 241 99 179 121 272 385 59 254 220 355 259 134 253 83 174 294 344 280 268 407 172 200 177 301 392 198 250 182 187 307 360 285 124 277 238 327 135 261 285 184 346 289 359 260 307 66 343 184 71 310 335 274 244 278 297 222 269 147 236 378 183 414 29 67 64 298 319 324 311 266 272 113 236 134 122 455 275 202 252 106 321 299 139 228 185 236 149 343 56 201 127 217 290 234 162 11 385 355 188 165 250 346 316 109 264 282 51 41 380 98 205 138 327 31 219 174 77 279 4 195 284 357 131 321 61 227 275 267 321 24 157 212 227 327 103 273 141 384 337 290 240 288 390 293 347 267 289 290 279 168 30 132 114 307 379 185 312 207 54 165 307 11 43 319 348 313 239 299 237 253 34 406
 384 45 32 323 265 307 275 263 188 299 134 258 200 387 275 177 170 109 180 49 275 1 344 152 157 317 37 218 197 216 332 305 251 381 410 16 153 210 266 286 119 345 220 271 236 194 301 154 326 189 97 238 167 339 268 46 277 292 313 323 374 289 237 108 431 233 400 224 275 135 99 340 266 80 242 175 254 143 132 32 208 81 378 53 284 268 198 180 342 290 307 342 340 256 412 222 232 60 265 315 352 299 320 351 165 130 288 203 100 247 292 211 240 328 212 298 354 238 196 176 383 184 154 291 346 76 398 173 232 82 176 322 286 311 279 72 230 204 180 249 391 76 126 275 318 326 315 124 342 81 406 178 366 100 282 314 218 286 73 154 437 293 221 234 241 79 276 82 34 323 244 48 321 246 374 36 234 260 239 188 68 200 222 31 138 224 264 150 39 415 258 84 357 256 331 399 392 118 298 210 166 410 266 195 120 307 272 350 82 271 247 45 119 326 219 359 51 133 301 286
 192 366 339 302 135 38 235 298 222 175 282 213 229 193 91 168 181 236 173 379 351 344 1 286 253 324 308 150 209 224 13 203 172 107 126 358 272 266 92 77 277 230 126 285 208 164 136 207 128 286 320 232 179 54 399 373 132 75 99 251 162 280 181 247 135 112 178 230 182 230 316 65 152 340 116 207 166 217 285 375 239 268 185 367 225 96 148 201 7 66 60 118 58 286 108 176 382 313 92 83 148 74 57 174 180 330 117 215 351 209 339 314 384 60 146 48 66 112 149 280 195 245 316 218 104 311 195 341 123 278 246 142 172 125 208 356 306 172 257 138 138 385 361 342 78 29 184 278 131 342 128 285 138 250 398 379 199 263 340 272 164 381 149 182 277 271 354 330 318 35 221 373 408 131 134 372 121 361 196 175 287 165 255 371 297 197 95 201 346 176 160 272 22 98 73 150 153 283 346 230 344 145 135 190 245 157 396 242 285 341 313 366 284 41 138 87 302 212 382 146
 256 196 174 172 165 257 132 112 244 325 229 122 260 259 254 147 122 134 186 151 132 152 286 1 34 167 137 225 245 82 275 343 135 282 308 165 242 61 195 212 211 205 175 120 106 199 191 94 216 38 62 97 156 305 146 144 174 265 217 177 254 139 121 164 330 188 277 283 150 77 58 255 283 87 171 81 140 181 229 169 69 146 251 203 143 192 178 87 282 221 274 236 259 105 318 116 116 180 240 227 235 220 242 226 153 49 189 255 83 294 145 66 121 247 209 247 269 180 166 25 254 48 31 337 245 77 270 58 217 168 44 208 163 204 143 216 81 115 38 154 281 136 81 130 296 280 186 33 231 217 302 27 253 152 155 172 260 137 93 15 326 156 138 118 90 148 134 79 155 280 107 199 187 158 263 154 218 124 113 115 97 212 75 158 17 265 242 167 123 296 279 162 290 190 244 286 277 37 151 75 60 300 273 97 182 188 147 207 176 126 98 196 216 254 151 265 108 130 163 299
 234 199 175 172 134 224 119 118 220 295 214 103 237 238 221 116 90 115 158 166 150 157 253 34 1 172 135 195 220 61 242 314 107 252 279 171 224 59 162 179 196 190 142 121 83 170 163 64 188 52 80 82 128 272 172 158 144 232 187 167 229 137 93 147 301 154 254 259 126 51 77 224 253 106 138 48 112 158 214 179 52 133 229 206 128 159 147 53 249 188 241 208 227 107 288 85 145 174 207 195 210 187 210 203 124 79 159 230 108 268 157 86 149 215 179 214 237 146 134 39 233 28 65 310 216 87 249 91 186 156 20 181 138 175 125 215 95 82 26 123 254 156 111 145 263 246 164 36 204 213 274 43 227 136 179 189 234 131 110 20 300 176 105 90 91 136 152 97 153 246 89 204 208 126 236 166 186 145 88 82 94 183 68 169 46 238 209 142 134 271 249 149 257 156 213 260 251 43 164 55 93 273 242 64 164 162 173 194 165 142 111 199 202 222 117 235 109 105 182 268
 185 361 340 28 196 311 92 56 381 432 384 118 397 188 338 262 237 284 309 309 66 317 324 167 172 1 302 337 377 134 317 455 162 261 276 330 393 114 249 255 366 116 265 53 134 317 189 220 203 129 223 112 280 364 122 303 194 340 227 82 204 47 160 316 295 271 214 417 143 218 220 267 389 246 237 190 166 322 384 332 130 304 186 369 100 241 286 190 318 267 342 220 273 65 298 175 136 344 324 243 199 252 268 174 277 195 208 388 233 420 38 109 129 267 319 304 275 255 272 143 182 149 167 457 236 242 197 159 316 327 156 189 153 201 117 382 89 198 147 200 242 287 216 58 369 332 146 197 209 382 269 140 219 306 110 65 387 63 252 167 274 81 210 161 82 307 68 240 320 335 117 364 96 210 229 315 316 89 143 214 261 331 108 320 180 391 327 302 285 234 389 320 316 251 256 240 229 202 39 135 167 257 374 186 332 170 116 108 336 62 72 361 373 284 231 259 273 269 77 400
 355 68 41 305 232 271 252 247 158 268 113 233 172 358 239 141 135 73 145 79 266 37 308 137 135 302 1 183 166 191 296 275 221 348 376 51 131 192 231 251 96 320 184 253 210 158 269 122 293 174 92 215 131 303 266 75 245 256 279 300 343 270 208 74 397 197 369 196 247 105 93 305 233 85 208 145 224 109 111 68 186 46 348 73 260 233 162 150 307 254 271 309 305 239 378 192 231 46 229 281 321 265 285 321 129 127 255 173 106 218 281 200 239 293 176 262 319 203 160 160 354 162 146 262 312 67 368 169 197 52 154 291 257 278 253 81 217 172 159 217 358 100 132 265 282 290 287 106 310 81 373 163 334 65 279 306 187 265 79 136 405 287 188 204 223 44 268 81 19 287 220 74 316 213 341 69 198 254 211 155 43 165 202 66 126 193 228 114 55 384 225 53 321 221 296 367 360 101 287 186 164 377 232 164 89 277 270 325 55 261 234 68 98 291 184 325 30 98 294 253
 284 229 205 325 162 115 251 291 74 102 133 223 84 286 63 80 106 116 42 261 336 218 150 225 195 337 183 1 62 205 140 121 183 231 258 230 123 238 118 131 130 288 77 286 205 28 194 132 207 244 230 226 69 127 366 256 172 81 178 289 260 292 181 112 273 76 284 93 210 149 227 179 59 242 113 155 181 77 136 249 214 139 276 229 248 127 52 153 152 126 98 213 175 279 248 163 339 175 59 169 238 147 157 254 73 253 169 71 259 86 335 278 343 166 18 108 190 95 66 232 285 204 253 121 206 212 293 281 32 141 200 214 210 194 233 213 281 140 213 150 255 277 277 329 102 125 238 201 220 198 257 237 240 120 372 373 59 277 239 212 294 365 130 179 264 141 339 233 187 120 221 238 396 139 242 251 34 336 196 125 178 19 235 248 228 60 56 71 232 291 56 137 169 110 176 266 265 203 343 207 281 269 51 153 104 214 366 298 146 327 294 229 137 153 109 206 189 102 369 76
 343 196 176 368 217 175 297 328 15 104 83 269 23 345 120 117 141 115 70 243 367 197 209 245 220 377 166 62 1 244 200 110 233 292 319 205 68 271 178 192 87 341 131 325 248 66 251 160 266 271 234 268 98 179 389 240 228 137 238 338 319 334 228 95 334 134 344 41 261 170 233 241 78 240 169 189 231 66 86 225 250 124 335 194 296 186 99 188 211 187 154 273 237 316 309 209 359 143 119 230 297 207 218 312 101 263 227 12 259 53 371 305 365 227 74 169 252 152 112 257 344 235 269 98 267 212 352 297 94 116 229 272 263 253 282 173 312 184 241 203 316 265 281 362 151 182 292 216 280 156 319 262 301 107 398 406 22 321 236 235 356 395 179 225 300 124 370 232 164 177 264 204 426 193 303 232 95 364 241 165 176 55 272 227 244 28 115 79 220 351 68 115 229 169 238 327 326 216 378 244 296 331 86 193 78 270 391 350 117 359 327 196 91 214 160 267 181 116 400 97
 175 257 232 127 92 201 62 88 247 302 256 43 264 179 214 128 104 156 176 225 136 216 224 82 61 134 191 205 244 1 214 325 57 203 228 231 263 43 136 148 239 130 136 82 24 184 112 89 137 66 139 26 147 253 177 218 99 220 142 110 173 91 45 188 250 145 196 284 68 93 135 183 259 165 116 58 63 190 256 239 17 181 170 263 69 130 154 57 219 159 226 157 187 75 240 50 159 227 200 154 154 152 173 145 144 130 115 255 164 287 132 91 161 176 187 192 195 131 140 65 174 36 107 325 167 147 190 125 187 204 43 128 82 126 65 270 85 67 45 87 200 215 162 128 251 224 105 96 151 266 222 68 172 179 178 170 254 81 169 71 245 165 84 43 60 184 139 156 209 225 29 262 195 95 183 226 187 141 33 81 151 198 33 229 98 257 203 170 194 214 258 197 224 133 171 205 196 103 139 9 130 220 245 53 203 107 175 135 213 126 94 257 246 188 104 189 167 138 169 272
 191 354 327 296 126 27 228 290 213 170 271 205 219 192 82 157 170 225 162 367 343 332 13 275 242 317 296 140 200 214 1 198 163 109 130 346 262 256 82 67 266 226 115 277 199 153 130 195 124 276 308 223 167 54 389 361 125 67 94 245 161 273 171 236 141 101 179 221 175 218 305 63 145 329 105 196 157 206 274 364 229 256 184 355 218 86 137 190 12 56 53 116 56 278 114 166 373 301 82 77 146 67 52 172 169 319 110 206 339 202 331 304 374 56 135 36 67 100 138 270 194 235 306 212 102 300 195 330 112 267 236 137 165 120 201 345 297 161 247 128 140 374 349 334 74 24 178 266 128 331 132 274 138 239 389 371 190 256 329 261 169 372 138 172 268 259 346 318 306 30 213 362 400 121 134 361 111 352 187 164 276 154 245 359 286 188 86 190 334 178 152 260 30 87 70 152 155 272 338 220 333 148 127 180 234 152 387 238 273 333 304 354 273 36 127 88 291 200 374 140
 379 301 283 442 271 181 368 411 118 29 181 340 107 381 130 200 227 221 157 352 456 305 203 343 314 455 275 121 110 325 198 1 298 306 327 313 162 359 220 225 191 396 192 405 323 145 297 252 304 364 340 345 187 153 485 348 279 137 271 402 351 410 297 203 336 187 372 86 323 266 338 257 67 347 223 275 294 172 184 333 334 232 371 297 363 229 172 273 207 215 147 303 250 399 309 281 457 249 140 258 332 237 238 353 191 367 271 103 366 59 455 398 462 245 139 181 263 204 186 351 381 324 369 23 292 319 385 398 140 225 320 313 320 293 347 274 401 259 333 262 335 374 388 450 126 175 345 317 313 256 329 356 329 215 492 493 90 395 344 331 366 485 246 296 384 233 459 340 272 169 339 309 516 251 327 340 140 456 313 245 283 132 356 335 344 84 136 179 329 373 67 224 224 214 259 347 349 318 463 327 397 345 84 273 187 319 486 407 225 447 415 301 193 226 225 283 289 215 490 61
 134 288 261 145 38 153 71 128 240 273 263 45 255 138 177 119 102 170 164 268 181 251 172 135 107 162 221 183 233 57 163 298 1 148 174 266 266 98 89 98 249 110 108 116 38 169 57 103 82 122 186 61 140 206 228 261 43 180 86 107 125 116 15 199 196 113 150 271 30 117 183 127 232 212 77 77 7 190 264 277 73 200 128 293 66 81 136 72 166 109 182 102 132 116 185 31 214 250 164 98 104 99 119 101 138 183 59 244 214 269 170 146 214 121 166 146 139 95 122 121 134 88 162 302 112 190 148 181 159 221 92 75 37 70 50 295 136 55 99 39 147 262 215 172 209 175 67 141 98 288 168 124 121 193 227 210 238 99 215 122 194 210 55 19 106 204 184 202 238 177 51 294 239 50 130 267 159 190 26 75 184 181 85 268 150 241 167 168 235 167 233 214 170 90 115 154 145 148 178 65 186 167 215 58 210 58 226 119 230 171 142 288 256 134 76 133 201 145 212 241
 95 412 384 236 120 126 185 253 304 278 352 174 314 94 183 213 213 282 239 406 305 381 107 282 252 261 348 231 292 203 109 306 148 1 30 396 348 241 123 104 344 151 175 236 181 234 92 229 68 268 330 199 231 160 360 399 109 171 70 181 66 224 162 303 51 166 75 320 140 250 327 53 250 355 143 215 142 280 355 410 219 315 90 415 172 118 207 208 101 107 160 48 58 243 39 169 352 365 179 68 63 89 75 90 231 330 96 300 359 304 286 287 351 66 220 129 44 153 201 267 98 234 309 319 38 330 93 327 200 331 239 79 126 78 159 410 272 180 246 134 33 404 362 295 183 132 118 285 56 400 27 270 45 302 355 323 287 208 357 269 64 332 162 165 239 319 308 345 361 138 187 419 354 136 35 403 198 321 171 194 316 241 226 403 296 286 182 259 373 70 256 324 87 133 56 44 49 292 292 211 332 40 231 194 307 101 356 162 340 296 273 412 351 82 165 26 333 255 331 247
 99 441 413 250 148 150 205 272 331 300 381 196 340 97 208 242 242 311 267 435 323 410 126 308 279 276 376 258 319 228 130 327 174 30 1 425 376 265 152 133 372 162 204 255 205 262 118 258 92 292 357 223 260 178 379 428 137 195 98 195 74 242 188 332 23 194 72 346 163 278 354 80 274 382 172 242 169 308 383 439 244 344 95 444 191 146 236 236 121 135 182 73 84 263 28 196 374 394 204 97 80 117 103 103 260 356 124 327 386 329 302 309 372 94 248 154 69 182 230 292 102 260 334 342 66 358 93 351 227 360 265 102 149 105 180 439 294 209 271 163 35 432 388 313 203 153 137 312 78 429 8 295 60 331 373 339 313 226 385 295 39 349 190 191 261 348 326 372 390 159 211 448 370 165 49 431 225 340 196 223 345 268 250 432 322 312 208 288 401 60 280 353 105 162 85 40 50 319 308 236 357 25 255 222 335 124 375 172 369 314 293 441 380 107 194 54 362 284 348 270
 399 35 32 336 280 321 290 275 195 308 138 273 207 402 287 191 184 122 192 46 286 16 358 165 171 330 51 230 205 231 346 313 266 396 425 1 158 224 280 300 124 360 234 284 251 206 316 169 340 202 108 252 180 351 276 46 292 304 327 337 389 302 252 119 445 247 415 230 290 150 111 355 276 89 257 189 269 154 136 21 222 93 392 43 298 283 211 195 356 304 320 357 355 269 427 237 240 65 277 330 367 314 334 366 178 140 303 210 108 254 304 223 249 342 224 311 369 252 209 189 398 198 165 298 360 89 412 182 245 91 190 337 301 326 294 67 242 219 194 264 406 77 133 286 330 339 330 138 357 78 421 191 381 112 291 324 226 299 82 168 452 303 236 248 254 90 287 92 43 336 259 36 330 261 389 32 246 270 253 203 83 211 236 25 151 232 276 162 47 430 268 94 370 271 345 414 407 132 310 225 176 425 277 209 130 322 280 364 89 282 259 35 124 340 233 374 66 147 311 296
 387 141 127 388 258 236 321 340 54 164 21 295 58 390 184 149 165 110 111 200 372 153 272 242 224 393 131 123 68 263 262 162 266 348 376 158 1 281 228 245 36 375 177 340 273 115 295 175 313 274 215 288 128 245 384 198 270 202 288 366 367 352 257 79 392 184 392 77 295 175 214 297 144 213 214 206 265 76 23 177 264 99 380 137 323 235 143 207 274 242 219 323 294 329 367 238 350 94 181 282 344 260 274 355 129 248 272 67 234 104 380 306 357 283 129 229 309 199 152 259 388 245 260 144 319 190 398 287 152 81 238 317 299 298 311 113 317 212 249 242 368 227 259 368 217 246 330 210 328 95 374 264 350 90 395 411 86 342 208 235 411 396 214 254 312 98 374 208 122 241 287 149 428 234 354 188 153 364 268 192 155 109 285 182 236 91 178 99 184 402 134 84 291 218 292 379 376 208 387 261 284 384 153 216 61 311 386 383 76 365 334 141 35 272 199 323 154 126 403 162
 202 253 231 115 134 243 74 60 273 338 272 71 289 206 253 160 134 172 205 211 99 210 266 61 59 114 192 238 271 43 256 359 98 241 265 224 281 1 178 190 254 147 174 63 62 215 151 112 174 30 121 44 175 294 135 204 140 260 183 117 204 80 87 204 287 184 226 311 103 107 118 224 294 147 158 84 104 212 272 229 28 191 198 260 86 172 188 87 261 201 267 195 229 49 279 92 117 232 239 195 189 194 215 175 172 104 156 282 141 317 101 49 118 218 221 234 236 171 174 37 200 37 76 357 206 136 217 88 223 214 44 164 117 165 90 271 44 105 34 129 235 194 133 92 291 266 135 87 188 270 259 37 208 193 138 136 283 77 152 57 279 128 124 86 33 194 101 139 210 267 55 257 159 137 218 214 224 101 73 115 150 229 17 218 77 287 242 194 182 245 292 208 266 175 212 239 229 93 108 37 94 254 281 88 221 142 134 148 223 90 57 253 260 230 143 229 164 159 132 308
 167 293 266 231 55 66 159 216 188 193 231 133 200 169 93 92 97 162 118 296 268 266 92 195 162 249 231 118 178 136 82 220 89 123 152 280 228 178 1 21 222 177 53 205 123 115 79 119 90 196 230 148 109 119 311 289 60 93 61 186 143 203 95 181 170 45 168 210 108 142 227 76 155 252 26 116 84 158 234 296 150 195 159 296 151 10 86 110 88 27 94 96 76 203 149 87 293 244 81 56 121 36 55 137 109 239 53 187 261 201 258 225 295 63 104 58 90 31 79 189 168 154 225 227 92 224 176 250 88 210 155 97 103 77 134 290 219 81 166 51 142 299 270 259 121 89 126 188 103 278 149 194 124 181 312 298 176 187 253 181 185 297 58 95 192 199 271 242 243 90 138 301 326 42 128 291 87 275 111 86 204 124 168 290 206 177 85 137 262 176 158 203 97 11 68 153 150 193 266 141 253 158 136 99 185 100 310 188 218 258 227 293 229 63 50 98 220 135 300 160
 156 313 286 235 61 58 164 225 203 198 249 140 214 158 97 112 117 182 136 316 277 286 77 212 179 255 251 131 192 148 67 225 98 104 133 300 245 190 21 1 240 174 72 212 133 131 74 139 80 211 249 158 128 111 323 309 62 93 48 187 130 209 105 201 151 62 154 223 112 162 246 56 162 272 45 134 92 177 252 316 164 215 148 316 155 21 104 128 72 13 90 82 55 213 129 100 307 264 87 39 109 17 35 129 129 257 50 201 280 211 266 238 308 43 119 51 70 50 98 205 158 170 242 234 76 244 164 266 100 230 171 89 104 69 139 309 231 98 182 62 125 319 288 268 117 79 124 206 91 298 131 209 110 200 323 306 189 193 273 198 167 307 76 106 202 219 281 261 263 82 147 321 335 55 112 311 99 286 122 105 224 139 179 310 224 189 91 156 282 160 166 223 79 31 49 136 134 212 274 154 269 141 143 116 204 97 321 186 238 268 238 313 248 44 70 79 240 155 309 165
 375 111 94 364 245 240 299 313 75 189 19 274 84 378 193 136 147 84 107 166 342 119 277 211 196 366 96 130 87 239 266 191 249 344 372 124 36 254 222 240 1 357 170 315 251 115 283 152 303 245 181 264 116 256 352 164 258 211 280 345 356 328 239 52 390 179 383 107 277 149 181 294 163 178 205 183 249 65 19 144 239 67 368 108 302 228 137 185 278 239 228 314 292 302 366 220 318 60 187 277 334 256 272 342 116 214 262 90 200 132 352 276 325 281 132 232 307 192 144 230 375 219 228 175 313 156 387 254 156 47 211 305 283 288 291 87 289 194 221 229 362 193 225 339 230 253 314 179 319 70 370 234 342 62 363 382 108 319 173 205 406 366 200 235 286 65 344 174 87 249 265 119 397 222 347 154 157 333 248 174 121 114 260 148 204 114 185 86 149 394 154 51 294 212 288 372 368 176 359 237 251 379 169 196 40 297 354 365 41 335 305 111 9 272 187 319 119 105 373 183
 70 386 360 89 127 228 74 126 348 369 372 88 362 73 268 228 211 276 272 353 171 345 230 205 190 116 320 288 341 130 226 396 110 151 162 360 375 147 177 174 357 1 212 109 111 276 101 208 103 175 265 109 249 278 229 346 118 266 134 38 89 90 119 307 181 213 99 378 81 218 261 168 330 291 176 178 111 300 373 368 139 305 70 392 63 168 242 175 224 185 263 115 175 122 185 138 232 353 257 150 89 166 175 62 247 249 126 351 286 372 147 178 228 172 271 223 172 195 230 182 67 163 222 402 131 276 83 228 260 327 171 90 79 108 68 397 157 164 170 139 128 339 278 161 290 245 52 225 103 392 155 183 107 300 220 180 344 79 296 197 159 194 163 122 127 308 174 282 337 250 102 391 211 149 117 355 260 191 111 184 280 288 131 358 221 346 261 277 323 119 333 319 218 183 159 125 114 231 151 136 236 142 312 163 319 78 224 13 336 163 151 386 364 191 182 154 296 253 191 336
 214 244 217 251 87 91 177 222 140 168 179 149 153 216 81 43 58 113 67 254 270 220 126 175 142 265 184 77 131 136 115 192 108 175 204 234 177 174 53 72 170 212 1 215 132 66 122 85 138 185 198 155 58 133 306 247 98 91 112 214 191 219 106 130 222 15 217 167 135 108 195 127 126 217 39 96 105 106 182 251 147 146 206 246 173 60 35 91 124 73 101 147 125 210 200 90 283 194 67 108 169 87 105 182 58 213 98 141 229 162 266 218 286 113 60 81 140 23 27 175 214 143 205 195 144 187 224 232 53 159 141 143 134 124 158 239 217 70 154 74 193 261 242 263 122 112 163 159 153 227 201 180 175 130 310 305 133 204 217 161 237 300 55 105 195 149 273 207 195 110 149 252 330 64 179 247 53 274 122 62 162 77 168 246 182 135 69 85 221 226 126 153 138 43 120 204 201 164 274 139 234 210 110 87 133 140 306 222 167 261 229 244 177 108 34 150 177 87 303 137
 175 314 292 53 153 269 52 19 328 382 332 73 345 178 290 210 185 232 257 268 70 271 285 120 121 53 253 286 325 82 277 405 116 236 255 284 340 63 205 212 315 109 215 1 84 266 154 168 172 84 179 61 228 322 125 261 154 294 191 73 186 22 112 264 276 223 202 365 104 166 176 233 339 203 190 138 122 270 332 288 77 253 173 322 66 197 235 138 279 224 297 191 239 17 274 126 124 294 277 206 176 212 230 155 225 155 169 336 194 368 55 74 121 230 268 261 242 207 221 96 172 97 127 406 206 197 188 126 267 276 104 159 116 167 80 333 52 147 96 154 222 248 181 60 324 290 119 149 181 333 248 94 196 254 120 95 335 31 210 118 261 98 161 113 31 256 73 197 272 293 68 318 124 164 207 272 266 86 95 162 212 279 56 276 135 339 280 250 241 222 339 269 280 205 221 223 212 154 62 82 134 240 324 134 280 138 121 105 285 60 43 314 321 246 182 230 225 216 98 351
 152 276 250 122 75 188 50 94 253 299 267 24 269 156 207 132 110 169 179 248 146 236 208 106 83 134 210 205 248 24 199 323 38 181 205 251 273 62 123 133 251 111 132 84 1 186 90 100 114 88 162 26 152 241 191 241 80 211 122 95 149 88 29 200 228 139 173 288 45 108 158 164 257 188 107 70 44 198 268 260 39 196 147 282 52 116 154 67 203 145 215 134 168 81 218 43 177 244 193 135 131 135 156 121 149 154 96 259 187 288 137 109 178 158 187 180 175 123 141 88 151 59 130 324 146 169 167 147 184 219 65 105 59 104 44 287 99 66 69 73 177 238 185 137 241 210 82 118 128 283 199 91 149 192 191 177 256 74 192 95 222 175 78 29 70 199 149 179 227 212 18 281 204 82 160 248 184 154 13 84 170 199 48 250 121 260 196 177 216 191 256 211 206 122 151 182 172 126 145 32 152 196 241 57 214 84 189 117 228 136 106 276 258 171 99 168 186 148 178 268
 279 207 182 307 152 126 234 270 74 127 121 206 88 281 83 57 83 89 15 235 313 194 164 199 170 317 158 28 66 184 153 145 169 234 262 206 115 215 115 131 115 276 66 266 186 1 187 107 203 220 202 207 43 148 341 230 163 101 175 274 256 273 164 89 279 71 281 103 197 123 200 183 86 215 104 132 167 55 123 225 192 114 271 208 232 123 34 130 164 128 117 210 180 258 254 146 313 153 75 169 234 147 161 247 47 226 163 76 231 103 314 253 318 169 19 118 196 87 47 207 279 180 226 142 206 185 289 255 42 119 176 208 198 189 218 194 258 121 188 138 255 250 250 307 125 140 227 174 217 180 260 212 238 95 347 350 71 259 212 187 297 341 114 162 242 116 316 206 164 136 203 216 373 128 242 226 44 312 178 104 151 15 214 223 201 74 73 45 206 290 81 114 181 106 179 266 264 176 321 185 254 271 79 133 83 205 341 286 124 304 272 207 122 159 95 209 162 75 346 103
 94 335 308 167 39 129 103 169 260 270 295 85 273 96 169 148 140 210 187 321 222 301 136 191 163 189 269 194 251 112 130 297 57 92 118 316 295 151 79 74 283 101 122 154 90 187 1 149 27 177 242 110 169 180 274 314 26 166 39 116 75 146 71 236 140 119 102 286 52 167 238 80 232 267 83 129 52 221 297 328 128 243 86 340 91 69 154 123 130 86 163 46 86 158 129 81 264 293 158 55 53 66 80 61 168 239 27 261 270 278 207 197 263 79 179 124 89 101 144 176 94 144 218 305 56 244 105 236 165 262 148 23 39 15 75 339 184 98 155 55 92 317 271 213 190 148 51 197 42 330 112 179 66 232 271 246 252 129 270 178 139 251 85 74 152 246 226 257 284 151 98 342 276 62 75 319 164 236 80 116 234 197 136 320 206 253 162 199 288 116 235 254 128 86 68 100 92 203 214 120 241 112 214 108 244 23 271 113 271 213 187 335 291 96 97 79 251 184 251 237
