NAME : domp60p15v9
COMMENT : (Deleplanque et al.) 
TYPE : DOMP
DIMENSION : 60
DISPLAY_DATA_TYPE: NO_DISPLAY
OPEN_FACILITIES : 15
COST_SECTION
 1 361 111 184 215 192 300 69 180 65 110 36 331 12 244 182 289 310 133 13 50 95 217 161 224 132 379 169 87 120 259 76 100 84 282 17 304 195 287 97 136 166 309 342 158 56 170 398 395 207 157 223 31 178 190 88 100 364 363 213
 361 1 413 336 214 210 117 322 274 298 279 381 166 372 157 199 85 237 353 363 325 330 149 294 150 328 33 257 340 244 250 368 347 281 109 358 58 171 215 310 227 294 106 207 363 306 350 55 41 183 244 244 364 302 191 351 324 222 193 270
 111 413 1 294 310 210 378 98 285 149 210 135 337 106 327 215 332 291 76 99 156 83 265 138 264 97 424 168 197 198 239 184 68 171 356 98 356 265 278 204 210 273 337 334 267 144 280 458 450 235 172 325 83 144 223 63 209 352 360 190
 184 336 294 1 123 275 230 223 64 166 109 167 391 190 180 251 299 405 301 196 142 256 244 298 261 289 364 284 98 159 367 117 268 153 229 197 294 188 376 96 168 47 340 418 43 165 23 349 355 271 261 99 212 319 253 259 87 443 429 336
 215 214 310 123 1 203 109 217 63 163 107 218 290 225 58 176 187 321 286 223 167 244 147 257 166 266 243 230 155 117 295 185 261 141 106 221 175 91 291 128 112 85 232 323 155 168 139 227 233 189 207 36 234 277 175 257 136 347 328 277
 192 210 210 275 203 1 211 132 224 140 170 223 141 200 181 28 126 132 145 188 179 129 75 85 64 120 217 48 218 118 95 235 144 137 185 182 155 115 104 195 108 231 128 154 278 148 276 260 249 28 39 234 182 96 30 151 211 178 173 78
 300 117 378 230 109 211 1 281 171 239 199 311 241 311 58 188 128 294 335 305 255 300 137 288 151 311 148 253 256 183 286 285 318 218 27 302 100 114 266 226 170 193 174 280 263 246 247 120 128 186 232 133 311 303 183 318 237 301 276 286
 69 322 98 223 217 132 281 1 200 60 124 104 270 74 231 129 243 243 78 61 85 34 174 93 176 69 336 103 134 103 192 135 47 79 259 55 264 169 222 128 113 193 256 277 207 59 214 365 358 152 95 235 51 111 137 41 139 299 300 146
 180 274 285 64 63 224 171 200 1 141 77 174 332 189 118 199 237 352 276 190 131 231 185 261 203 260 302 240 105 114 318 133 246 122 167 189 231 128 322 84 119 23 279 361 93 144 78 289 294 217 217 49 204 282 200 239 86 386 370 291
 65 298 149 166 163 140 239 60 141 1 65 87 278 75 185 126 227 268 137 68 39 92 155 136 164 124 316 130 84 57 221 96 106 23 220 64 241 131 242 72 72 134 250 294 154 9 159 335 331 151 113 178 74 157 133 99 84 317 312 181
 110 279 210 109 107 170 199 124 77 65 1 114 297 120 142 148 222 301 200 119 61 156 155 191 170 185 302 176 62 53 261 90 170 47 185 117 227 110 273 32 67 71 255 320 109 68 107 307 308 171 154 116 130 212 152 163 47 344 333 228
 36 381 135 167 218 223 311 104 174 87 114 1 362 34 254 211 313 344 167 46 57 130 241 196 250 167 401 203 72 138 294 51 134 102 296 51 325 212 320 92 155 157 336 374 135 79 150 415 413 236 190 221 63 213 218 121 89 397 394 248
 331 166 337 391 290 141 241 270 332 278 297 362 1 340 245 154 114 77 263 327 316 261 148 199 130 241 151 172 351 245 112 371 273 272 218 321 144 205 67 325 231 345 68 42 403 286 397 219 201 129 176 325 320 197 148 282 341 61 39 153
 12 372 106 190 225 200 311 74 189 75 120 34 340 1 255 192 299 317 134 14 60 99 227 166 234 135 389 176 93 130 266 79 101 94 293 20 315 205 295 105 146 174 319 349 162 67 175 409 405 216 165 233 30 183 199 89 107 372 371 219
 244 157 327 180 58 181 58 231 118 185 142 254 245 255 1 156 136 286 290 251 199 253 113 250 132 268 187 218 199 130 268 228 270 163 50 247 120 70 255 169 118 139 183 281 209 191 195 173 177 161 195 89 258 268 152 269 180 304 283 258
 182 199 215 251 176 28 188 129 199 126 148 211 154 192 156 1 117 155 156 180 163 133 55 102 50 131 209 66 200 96 121 218 149 120 163 175 142 89 126 175 84 206 129 173 256 134 253 247 237 26 48 208 176 116 9 154 191 197 189 104
 289 85 332 299 187 126 128 243 237 227 222 313 114 299 136 117 1 171 270 289 259 249 73 210 69 245 93 173 282 178 173 307 265 213 105 284 35 114 144 253 161 254 48 154 319 235 309 136 124 99 162 221 288 219 109 270 268 175 150 188
 310 237 291 405 321 132 294 243 352 268 301 344 77 317 286 155 171 1 216 303 306 226 176 158 156 198 225 142 348 249 54 362 234 267 269 297 204 231 32 326 238 360 133 49 409 274 407 291 274 136 156 355 293 148 153 245 342 62 78 103
 133 353 76 301 286 145 335 78 276 137 200 167 263 134 290 156 270 216 1 122 161 46 210 65 205 26 361 99 210 170 164 207 35 154 311 117 297 223 204 206 176 270 269 259 283 136 291 402 392 172 110 308 105 69 164 47 216 277 285 115
 13 363 99 196 223 188 305 61 190 68 119 46 327 14 251 180 289 303 122 1 60 85 218 152 224 122 380 163 99 124 252 89 89 89 287 7 306 198 282 108 139 177 308 337 170 61 182 401 397 205 153 233 18 169 188 76 111 359 358 206
 50 325 156 142 167 179 255 85 131 39 61 57 316 60 199 163 259 306 161 60 1 118 188 171 198 153 346 168 50 82 259 57 128 47 240 59 270 156 280 49 99 118 285 332 123 33 131 359 357 188 151 174 74 191 170 119 56 356 350 218
 95 330 83 256 244 129 300 34 231 92 156 130 261 99 253 133 249 226 46 85 118 1 183 70 182 38 341 91 166 129 174 166 18 110 277 80 273 188 208 161 136 225 256 264 239 92 247 376 368 153 91 264 71 86 141 23 172 285 288 125
 217 149 265 244 147 75 137 174 185 155 155 241 148 227 113 55 73 176 210 218 188 183 1 156 20 184 164 119 214 108 156 237 200 141 111 212 92 58 145 185 91 198 101 178 258 163 251 194 186 51 102 181 217 169 48 204 201 203 186 151
 161 294 138 298 257 85 288 93 261 136 191 196 199 166 250 102 210 158 65 152 171 70 156 1 147 43 299 38 219 148 105 225 77 146 263 146 239 181 142 206 147 260 206 197 289 139 293 344 333 112 56 284 139 22 108 89 219 217 223 56
 224 150 264 261 166 64 151 176 203 164 170 250 130 234 132 50 69 156 205 224 198 182 20 147 1 179 161 110 227 121 138 250 198 152 125 218 94 77 126 199 105 215 88 159 274 172 268 198 188 37 96 201 221 159 42 203 215 184 168 137
 132 328 97 289 266 120 311 69 260 124 185 167 241 135 268 131 245 198 26 122 153 38 184 43 179 1 335 75 202 151 145 202 38 139 286 117 272 200 183 194 155 255 245 239 274 125 281 376 367 146 84 289 107 52 138 50 206 258 265 96
 379 33 424 364 243 217 148 336 302 316 302 401 151 389 187 209 93 225 361 380 346 341 164 299 161 335 1 263 364 265 245 390 357 300 140 375 77 193 206 333 247 321 100 191 390 324 378 72 52 190 253 274 380 306 201 363 348 203 173 270
 169 257 168 284 230 48 253 103 240 130 176 203 172 176 218 66 173 142 99 163 168 91 119 38 110 75 263 1 213 128 93 224 103 135 227 156 202 149 120 196 123 243 171 176 280 136 281 307 296 75 25 259 153 52 72 112 210 197 199 53
 87 340 197 98 155 218 256 134 105 84 62 72 351 93 199 200 282 348 210 99 50 166 214 219 227 202 364 213 1 108 304 31 176 82 245 101 288 171 321 32 124 87 314 371 74 80 84 367 368 224 194 153 116 239 205 166 20 395 387 264
 120 244 198 159 117 118 183 103 114 57 53 138 245 130 130 96 178 249 170 124 82 129 108 148 121 151 265 128 108 1 210 130 145 37 164 120 189 76 221 81 18 116 208 267 161 64 159 280 277 119 105 139 129 168 100 142 97 292 282 179
 259 250 239 367 295 95 286 192 318 221 261 294 112 266 268 121 173 54 164 252 259 174 156 105 138 145 245 93 304 210 1 316 181 224 260 246 207 206 46 284 201 324 146 98 368 227 367 304 289 108 110 327 241 95 121 192 299 115 125 50
 76 368 184 117 185 235 285 135 133 96 90 51 371 79 228 218 307 362 207 89 57 166 237 225 250 202 390 224 31 130 316 1 173 100 273 92 314 198 337 60 147 114 337 388 85 90 100 396 396 243 207 181 106 244 224 162 50 412 406 274
 100 347 68 268 261 144 318 47 246 106 170 134 273 101 270 149 265 234 35 89 128 18 200 77 198 38 357 103 176 145 181 173 1 125 295 84 290 205 217 174 154 239 270 273 250 105 258 393 385 168 106 280 72 89 157 14 183 293 298 132
 84 281 171 153 141 137 218 79 122 23 47 102 272 94 163 120 213 267 154 89 47 110 141 146 152 139 300 135 82 37 224 100 125 1 200 85 225 112 240 62 54 117 239 290 146 29 148 316 313 144 114 157 96 167 125 119 77 314 307 187
 282 109 356 229 106 185 27 259 167 220 185 296 218 293 50 163 105 269 311 287 240 277 111 263 125 286 140 227 245 164 260 273 295 200 1 283 81 92 240 214 150 188 152 257 258 227 244 125 128 160 207 135 292 278 157 295 226 279 254 260
 17 358 98 197 221 182 302 55 189 64 117 51 321 20 247 175 284 297 117 7 59 80 212 146 218 117 375 156 101 120 246 92 84 85 283 1 301 194 276 108 135 177 302 330 172 57 184 397 392 199 147 231 16 164 182 72 112 353 352 200
 304 58 356 294 175 155 100 264 231 241 227 325 144 315 120 142 35 204 297 306 270 273 92 239 94 272 77 202 288 189 207 314 290 225 81 301 1 118 178 258 172 249 77 184 317 249 306 106 96 128 188 208 306 250 135 294 272 204 178 221
 195 171 265 188 91 115 114 169 128 131 110 212 205 205 70 89 114 231 223 198 156 188 58 181 77 200 193 149 171 76 206 198 205 112 92 194 118 1 201 141 60 142 153 236 206 139 197 204 202 99 127 125 202 199 87 205 156 260 243 192
 287 215 278 376 291 104 266 222 322 242 273 320 67 295 255 126 144 32 204 282 280 208 145 142 126 183 206 120 321 221 46 337 217 240 240 276 178 201 1 299 209 331 110 57 381 249 378 269 253 106 132 324 272 136 123 228 315 78 83 90
 97 310 204 96 128 195 226 128 84 72 32 92 325 105 169 175 253 326 206 108 49 161 185 206 199 194 333 196 32 81 284 60 174 62 214 108 258 141 299 1 96 70 285 347 85 71 88 337 338 199 175 130 122 227 179 165 17 371 362 247
 136 227 210 168 112 108 170 113 119 72 67 155 231 146 118 84 161 238 176 139 99 136 91 147 105 155 247 123 124 18 201 147 154 54 150 135 172 60 209 96 1 124 191 254 174 80 170 263 260 106 100 138 144 168 87 152 112 279 268 174
 166 294 273 47 85 231 193 193 23 134 71 157 345 174 139 206 254 360 270 177 118 225 198 260 215 255 321 243 87 116 324 114 239 117 188 177 249 142 331 70 124 1 294 372 71 135 58 311 315 226 220 71 191 281 208 231 69 397 383 294
 309 106 337 340 232 128 174 256 279 250 255 336 68 319 183 129 48 133 269 308 285 256 101 206 88 245 100 171 314 208 146 337 270 239 152 302 77 153 110 285 191 294 1 109 357 258 349 161 144 105 166 266 304 210 121 278 301 128 103 172
 342 207 334 418 323 154 280 277 361 294 320 374 42 349 281 173 154 49 259 337 332 264 178 197 159 239 191 176 371 267 98 388 273 290 257 330 184 236 57 347 254 372 109 1 427 301 423 259 241 149 185 358 327 191 168 284 363 25 30 145
 158 363 267 43 155 278 263 207 93 154 109 135 403 162 209 256 319 409 283 170 123 239 258 289 274 274 390 280 74 161 368 85 250 146 258 172 317 206 381 85 174 71 357 427 1 151 21 381 385 279 259 136 187 310 260 239 71 451 440 332
 56 306 144 165 168 148 246 59 144 9 68 79 286 67 191 134 235 274 136 61 33 92 163 139 172 125 324 136 80 64 227 90 105 29 227 57 249 139 249 71 80 135 258 301 151 1 157 343 339 159 119 181 68 160 140 97 82 324 319 186
 170 350 280 23 139 276 247 214 78 159 107 150 397 175 195 253 309 407 291 182 131 247 251 293 268 281 378 281 84 159 367 100 258 148 244 184 306 197 378 88 170 58 349 423 21 157 1 366 371 275 260 118 199 314 256 248 76 447 434 333
 398 55 458 349 227 260 120 365 289 335 307 415 219 409 173 247 136 291 402 401 359 376 194 344 198 376 72 307 367 280 304 396 393 316 125 397 106 204 269 337 263 311 161 259 381 343 366 1 21 233 293 252 404 354 239 396 350 273 243 323
 395 41 450 355 233 249 128 358 294 331 308 413 201 405 177 237 124 274 392 397 357 368 186 333 188 367 52 296 368 277 289 396 385 313 128 392 96 202 253 338 260 315 144 241 385 339 371 21 1 222 283 260 399 342 229 389 351 254 224 310
 207 183 235 271 189 28 186 152 217 151 171 236 129 216 161 26 99 136 172 205 188 153 51 112 37 146 190 75 224 119 108 243 168 144 160 199 128 99 106 199 106 226 105 149 279 159 275 233 222 1 64 222 200 123 20 175 215 174 164 101
 157 244 172 261 207 39 232 95 217 113 154 190 176 165 195 48 162 156 110 153 151 91 102 56 96 84 253 25 194 105 110 207 106 114 207 147 188 127 132 175 100 220 166 185 259 119 260 293 283 64 1 235 145 73 55 113 190 208 206 75
 223 244 325 99 36 234 133 235 49 178 116 221 325 233 89 208 221 355 308 233 174 264 181 284 201 289 274 259 153 139 327 181 280 157 135 231 208 125 324 130 138 71 266 358 136 181 118 252 260 222 235 1 245 304 207 275 134 382 363 307
 31 364 83 212 234 182 311 51 204 74 130 63 320 30 258 176 288 293 105 18 74 71 217 139 221 107 380 153 116 129 241 106 72 96 292 16 306 202 272 122 144 191 304 327 187 68 199 404 399 200 145 245 1 155 184 60 127 349 350 194
 178 302 144 319 277 96 303 111 282 157 212 213 197 183 268 116 219 148 69 169 191 86 169 22 159 52 306 52 239 168 95 244 89 167 278 164 250 199 136 227 168 281 210 191 310 160 314 354 342 123 73 304 155 1 122 101 240 209 217 47
 190 191 223 253 175 30 183 137 200 133 152 218 148 199 152 9 109 153 164 188 170 141 48 108 42 138 201 72 205 100 121 224 157 125 157 182 135 87 123 179 87 208 121 168 260 140 256 239 229 20 55 207 184 122 1 162 196 193 183 107
 88 351 63 259 257 151 318 41 239 99 163 121 282 89 269 154 270 245 47 76 119 23 204 89 203 50 363 112 166 142 192 162 14 119 295 72 294 205 228 165 152 231 278 284 239 97 248 396 389 175 113 275 60 101 162 1 173 304 309 144
 100 324 209 87 136 211 237 139 86 84 47 89 341 107 180 191 268 342 216 111 56 172 201 219 215 206 348 210 20 97 299 50 183 77 226 112 272 156 315 17 112 69 301 363 71 82 76 350 351 215 190 134 127 240 196 173 1 387 378 262
 364 222 352 443 347 178 301 299 386 317 344 397 61 372 304 197 175 62 277 359 356 285 203 217 184 258 203 197 395 292 115 412 293 314 279 353 204 260 78 371 279 397 128 25 451 324 447 273 254 174 208 382 349 209 193 304 387 1 31 163
 363 193 360 429 328 173 276 300 370 312 333 394 39 371 283 189 150 78 285 358 350 288 186 223 168 265 173 199 387 282 125 406 298 307 254 352 178 243 83 362 268 383 103 30 440 319 434 243 224 164 206 363 350 217 183 309 378 31 1 172
 213 270 190 336 277 78 286 146 291 181 228 248 153 219 258 104 188 103 115 206 218 125 151 56 137 96 270 53 264 179 50 274 132 187 260 200 221 192 90 247 174 294 172 145 332 186 333 323 310 101 75 307 194 47 107 144 262 163 172 1
LAMBDA_SECTION
1  48
2  18
3  47
4  27
5  22
6  28
7  38
8  19
9  16
10  48
11  39
12  36
13  45
14  46
15  23
16  38
17  41
18  48
19  50
20  43
21  45
22  24
23  40
24  17
25  19
26  29
27  54
28  15
29  45
30  31
31  53
32  40
33  41
34  40
35  52
36  49
37  53
38  38
39  15
40  17
41  26
42  39
43  45
44  56
45  33
46  53
47  41
48  59
49  49
50  31
51  49
52  34
53  48
54  36
55  37
56  52
57  50
58  38
59  59
60  36
