NAME : domp220p55v2
COMMENT : (Deleplanque et al.) 
TYPE : DOMP
DIMENSION : 220
DISPLAY_DATA_TYPE: NO_DISPLAY
OPEN_FACILITIES : 55
COST_SECTION
 1 272 199 130 144 51 329 191 224 275 289 239 125 334 148 293 347 89 185 358 163 188 22 97 81 209 360 225 143 115 312 124 104 105 169 263 282 222 195 113 152 177 177 152 80 189 168 249 280 234 223 238 136 265 326 186 355 167 277 156 190 358 70 245 169 57 18 263 247 20 185 145 126 132 211 221 63 189 182 173 30 326 24 182 339 44 343 343 171 271 43 162 343 278 323 155 245 46 151 18 180 346 168 339 183 39 28 277 164 307 184 336 355 98 153 231 80 88 198 114 215 86 59 197 298 212 69 339 175 78 183 303 222 18 59 50 360 174 259 65 39 214 361 141 51 221 100 178 134 46 336 117 89 212 156 168 151 65 279 212 317 199 179 283 126 202 315 309 222 167 61 220 132 364 62 255 141 307 70 276 164 158 248 300 144 241 313 191 154 293 94 59 80 203 353 200 120 320 161 303 276 89 252 195 114 302 169 339 131 176 274 219 205 284 264 287 339 25 107 31
 272 1 290 165 161 314 260 181 128 19 231 68 271 65 198 184 239 257 90 374 139 330 289 228 234 65 308 281 265 197 45 161 174 256 165 136 341 72 115 169 130 291 260 253 195 413 255 74 124 343 302 324 334 83 317 352 127 135 58 234 354 119 212 324 378 261 255 204 158 271 218 216 194 200 313 74 211 193 402 290 291 290 280 102 181 311 229 351 164 115 310 297 93 7 321 202 46 307 162 285 424 95 127 151 124 239 295 21 301 321 173 106 96 308 302 254 201 212 427 183 164 246 282 243 234 338 286 369 146 202 212 241 362 284 320 264 358 172 39 256 269 301 303 354 298 250 206 109 150 308 308 256 331 89 265 391 157 302 228 61 346 440 147 23 239 147 241 47 204 116 222 141 227 107 319 20 135 51 266 235 394 183 373 355 320 169 267 241 216 277 283 298 276 310 281 347 161 105 146 67 206 195 248 87 327 234 104 207 202 201 21 362 248 322 164 146 350 248 172 266
 199 290 1 150 143 240 169 330 168 280 140 225 76 327 101 178 204 111 219 160 273 55 217 268 256 253 182 34 58 265 310 241 173 290 299 186 84 218 176 166 245 26 354 53 207 173 42 224 209 55 25 43 109 227 137 84 297 275 254 325 84 307 162 48 136 248 191 133 157 180 73 85 276 285 24 217 184 98 162 30 227 148 222 198 233 198 204 147 301 209 195 46 309 295 132 309 293 239 138 192 205 312 172 255 168 176 220 306 47 113 319 287 328 123 59 62 164 246 187 142 133 269 256 50 148 52 138 141 292 165 339 150 76 215 187 243 165 309 256 136 235 17 185 131 166 57 130 189 170 187 151 301 160 202 338 158 144 154 132 251 119 212 144 285 302 320 163 300 100 190 222 156 301 330 180 271 191 293 131 122 167 301 85 103 85 143 145 358 315 115 111 257 275 23 186 67 170 267 151 275 143 158 88 211 126 152 219 215 107 89 304 77 48 86 165 200 142 199 170 169
 130 165 150 1 17 180 219 184 94 161 178 116 110 219 51 169 228 93 79 284 124 177 151 146 139 112 258 157 109 131 198 97 36 175 154 134 224 101 66 25 97 142 224 102 81 250 110 124 150 203 170 191 171 138 238 194 228 126 154 193 197 231 61 195 215 149 113 147 121 121 93 66 139 149 172 99 74 80 239 140 157 227 147 64 211 161 221 264 155 142 159 142 220 171 238 170 154 174 25 138 261 223 42 209 54 93 157 176 146 227 173 210 234 145 144 145 52 121 263 20 92 155 167 117 186 191 125 270 145 54 198 192 212 147 166 148 277 164 141 95 146 165 257 191 141 136 43 57 21 156 241 182 170 88 213 227 22 142 169 112 246 277 51 169 176 171 201 192 113 50 108 92 171 242 163 146 42 188 104 168 230 158 229 242 159 118 209 221 179 198 119 177 174 167 244 194 24 193 31 180 159 42 156 79 164 189 73 214 45 75 174 211 125 214 139 158 261 112 32 114
 144 161 143 17 1 194 203 196 80 156 162 108 111 212 43 153 212 99 79 271 135 174 165 161 155 114 243 147 106 145 192 111 52 191 166 120 213 94 56 40 107 137 238 98 96 253 103 114 137 196 161 183 174 127 224 193 216 137 145 207 196 221 75 186 218 164 128 132 106 134 81 60 153 163 165 93 90 66 243 136 171 212 162 61 196 174 206 251 167 128 171 139 211 167 224 184 155 189 9 151 267 214 35 196 43 107 171 174 143 215 185 199 226 151 143 133 67 137 268 32 76 171 183 106 170 186 133 258 155 69 211 177 208 161 177 163 264 176 135 104 162 157 241 195 152 124 51 53 31 167 226 198 179 79 228 232 7 151 153 113 234 283 36 163 191 181 186 185 98 50 124 77 186 232 174 142 51 181 112 153 235 171 224 231 160 102 194 235 193 183 125 192 190 161 228 191 39 181 18 171 143 57 142 76 169 173 77 199 42 63 172 208 114 203 123 144 248 127 48 126
 51 314 240 180 194 1 378 209 273 318 338 286 166 377 197 343 397 133 229 399 194 220 30 111 96 250 407 268 186 137 356 158 151 104 192 313 321 269 244 161 189 216 173 197 120 194 212 297 329 269 264 277 160 313 371 213 403 198 323 160 217 405 120 284 183 64 67 312 297 65 234 194 147 150 249 268 110 239 190 213 25 373 35 228 389 47 392 386 194 320 50 199 389 320 368 169 283 8 201 51 174 392 216 388 232 88 24 317 201 350 204 384 401 126 189 277 129 112 200 164 265 93 48 244 347 245 103 379 202 127 193 352 252 34 64 58 403 195 304 110 48 255 408 158 76 267 150 226 182 58 382 115 102 260 150 177 200 91 328 254 358 194 229 327 130 226 364 353 271 214 94 270 140 409 72 298 187 352 112 324 169 177 279 340 174 291 361 193 164 339 131 33 71 241 401 231 168 368 210 349 325 138 299 241 136 351 213 389 181 225 314 249 251 326 314 337 381 70 155 76
 329 260 169 219 203 378 1 385 150 244 42 200 225 263 184 78 46 249 240 131 323 221 350 363 357 263 49 136 204 347 256 309 254 393 357 127 145 208 186 243 296 192 439 189 298 339 175 189 138 192 157 165 275 178 76 249 195 323 205 408 249 209 268 159 304 363 316 73 113 314 145 185 353 363 180 206 287 143 329 194 358 41 351 219 107 343 52 109 357 147 340 211 226 264 83 381 289 374 195 329 373 228 206 143 190 296 355 280 213 97 374 197 245 281 224 110 263 339 354 227 131 372 378 140 34 208 286 135 342 265 406 28 228 347 338 360 108 367 223 270 356 164 44 298 313 118 232 213 231 334 57 400 319 197 430 325 199 304 52 258 122 379 174 244 393 362 21 243 109 224 325 142 387 242 331 249 244 234 270 55 335 366 219 147 251 108 27 433 392 60 261 385 389 185 26 229 241 181 195 211 63 253 84 222 289 32 252 75 200 154 280 230 134 120 100 116 109 319 250 303
 191 181 330 184 196 209 385 1 237 195 346 202 272 240 234 318 380 239 147 466 63 344 196 99 114 134 430 340 280 78 223 90 158 112 31 269 406 187 201 165 91 317 83 278 131 377 289 216 271 380 351 372 313 234 417 354 304 63 224 65 357 298 176 376 352 146 182 314 274 203 276 247 66 61 350 188 158 260 369 314 192 401 184 167 338 232 372 446 30 259 232 310 273 184 418 41 136 202 203 209 370 275 182 318 197 180 201 171 314 409 12 283 275 276 308 327 171 105 388 188 257 117 163 300 352 364 245 453 44 169 33 360 381 192 249 153 458 21 197 221 164 345 427 324 238 318 202 173 166 236 417 104 278 193 95 356 197 250 338 140 429 390 215 202 85 35 365 227 290 163 133 244 73 286 252 175 147 231 232 341 353 34 403 425 312 278 381 61 51 376 260 180 144 344 409 361 162 277 197 242 323 174 335 166 295 355 134 355 224 258 168 380 308 397 289 290 442 171 160 207
 224 128 168 94 80 273 150 237 1 115 114 61 170 159 95 83 146 170 91 251 175 215 244 229 226 115 197 156 157 207 143 167 126 260 209 41 214 62 38 115 149 175 296 142 169 314 139 57 58 220 178 199 235 60 195 240 142 175 87 265 241 149 154 198 277 240 207 83 38 213 97 110 211 221 191 60 167 72 303 175 250 172 241 71 118 252 138 228 209 51 250 185 145 133 198 236 146 268 74 230 334 148 64 117 46 186 251 146 189 196 225 127 162 220 193 127 146 205 329 111 37 241 259 120 119 219 208 243 193 148 260 126 243 240 254 239 236 219 91 180 239 177 193 258 229 123 128 66 97 245 189 265 252 49 290 294 74 226 108 110 220 348 46 119 255 212 130 133 77 78 198 14 247 167 250 112 103 125 187 113 299 220 251 228 216 46 150 287 248 153 194 270 264 190 174 231 110 108 64 109 89 136 121 73 236 120 104 126 106 84 146 243 124 195 53 65 226 206 122 205
 275 19 280 161 156 318 244 195 115 1 215 56 265 60 191 167 222 254 91 359 149 322 292 236 241 72 292 270 258 206 39 168 175 265 177 120 328 64 107 168 138 283 273 246 199 409 246 60 108 333 291 313 329 67 302 345 111 146 41 246 347 105 212 312 373 267 257 189 143 272 208 209 204 210 303 66 213 182 398 282 295 274 284 99 163 313 212 336 176 98 311 289 80 21 306 214 62 311 156 287 421 82 122 134 117 240 299 38 293 307 186 90 86 305 295 242 201 219 423 180 152 254 288 232 218 329 285 354 158 202 226 225 353 287 321 269 342 185 25 254 274 290 286 350 298 238 203 105 148 309 292 265 330 80 277 387 151 301 212 67 332 437 139 10 249 162 224 36 191 113 227 129 238 96 319 22 136 38 264 220 390 195 363 342 314 155 251 254 228 262 280 304 284 301 264 338 160 88 141 50 191 194 234 84 324 218 107 189 196 192 39 353 237 309 149 129 335 251 172 267
 289 231 140 178 162 338 42 346 114 215 1 167 189 242 143 56 66 210 202 146 284 194 310 322 316 227 85 110 168 306 232 269 213 352 317 97 137 173 147 201 256 161 398 153 257 312 140 158 112 173 133 146 243 149 88 223 184 284 178 367 223 197 227 141 275 322 275 33 77 274 106 146 313 322 155 171 246 102 301 163 318 60 311 181 103 305 65 123 318 119 302 180 210 235 93 341 256 334 154 289 343 212 166 134 150 255 315 251 182 99 335 182 229 246 192 79 222 298 326 186 90 331 337 105 10 185 248 145 303 224 367 15 207 307 300 319 128 328 193 230 315 139 82 266 275 85 192 174 190 295 78 359 283 161 389 296 158 267 11 222 125 351 134 217 352 324 27 220 68 184 283 104 347 228 294 218 204 211 231 19 305 326 202 144 219 69 38 392 352 52 224 344 348 159 67 204 200 163 154 188 26 212 53 185 255 14 213 79 159 114 251 209 100 112 68 93 122 278 209 263
 239 68 225 116 108 286 200 202 61 56 167 1 214 107 139 125 185 206 64 309 146 268 258 219 220 70 248 215 205 192 88 151 137 250 178 74 274 19 55 128 125 228 272 192 170 359 192 15 71 278 236 258 279 33 252 291 119 144 39 243 293 120 172 257 322 242 222 139 92 234 153 156 193 201 248 19 178 127 348 228 263 227 252 59 137 274 176 286 178 59 272 236 105 73 255 211 90 280 106 249 374 108 75 118 66 203 265 86 240 255 192 99 119 258 242 187 162 198 373 135 97 235 263 177 171 275 240 302 160 163 230 178 298 254 280 243 293 188 32 210 245 235 243 301 256 183 157 62 107 270 244 253 285 29 271 337 102 257 163 64 280 389 85 61 239 173 180 79 137 74 200 74 229 127 278 52 101 74 218 170 341 193 308 288 263 103 204 258 225 211 232 276 262 246 222 284 121 85 91 65 142 154 181 47 276 172 82 156 145 137 86 298 182 255 101 91 284 218 133 227
 125 271 76 110 111 166 225 272 170 265 189 214 1 320 77 211 253 37 187 235 220 74 142 200 186 221 248 104 22 201 300 184 119 219 243 200 158 202 160 117 196 53 286 37 143 146 51 218 222 114 100 115 67 227 208 86 310 223 249 259 89 317 97 121 109 175 118 170 175 106 87 60 213 221 88 200 117 105 135 50 152 213 147 171 265 124 250 222 244 218 121 41 312 277 204 246 263 164 110 117 166 315 145 277 149 105 145 283 44 186 261 296 329 58 37 118 102 180 161 95 143 198 182 86 198 94 65 215 239 103 276 201 111 140 116 170 238 252 243 62 161 91 250 90 93 108 74 162 129 114 220 230 95 187 268 125 115 82 179 221 194 179 130 272 233 268 215 292 128 158 153 160 234 334 109 251 149 287 56 172 131 240 133 177 50 163 204 293 251 179 38 182 201 81 246 90 123 276 126 274 183 99 142 185 69 202 181 255 70 90 281 109 92 161 188 220 217 126 118 95
 334 65 327 219 212 377 263 240 159 60 242 107 320 1 244 188 232 311 150 387 202 372 351 292 298 129 310 313 310 261 22 225 233 320 227 150 366 119 160 227 194 332 321 298 258 464 296 104 131 378 336 356 385 101 329 396 88 199 74 296 398 75 271 355 428 324 316 221 178 331 255 262 258 263 350 121 272 230 453 332 353 298 343 157 166 372 223 364 226 126 370 341 46 60 334 264 106 370 211 346 478 46 179 130 172 299 358 70 345 338 233 73 38 362 347 282 260 276 479 238 195 311 346 278 242 377 343 385 208 261 272 249 401 346 380 327 367 233 79 312 332 336 303 406 356 280 261 163 206 368 316 320 388 134 328 443 207 359 241 124 365 494 191 52 302 206 245 28 232 172 285 172 290 49 378 80 195 35 321 250 446 246 409 378 368 192 276 300 278 292 336 362 340 348 280 388 219 85 196 55 219 253 270 142 381 242 166 197 251 241 73 402 282 345 179 150 363 310 231 326
 148 198 101 51 43 197 184 234 95 191 143 139 77 244 1 149 201 78 121 236 175 133 169 187 178 155 218 107 68 177 225 146 80 214 204 128 173 128 85 71 147 96 269 57 122 222 61 142 149 154 120 141 143 151 192 155 235 177 173 239 157 242 86 144 185 180 133 116 106 133 45 19 186 196 123 126 106 42 211 94 177 185 169 101 199 168 196 217 205 144 165 100 236 204 191 218 196 193 39 149 240 239 74 206 75 113 174 212 104 180 223 220 253 126 105 97 82 163 237 49 73 193 196 67 152 145 117 221 195 84 247 157 167 165 166 178 231 214 168 93 173 115 218 165 141 87 50 92 71 159 197 223 159 112 257 201 45 136 133 154 197 254 55 197 219 222 169 217 76 91 144 86 216 258 162 179 92 211 97 130 206 207 182 192 125 97 170 269 226 154 100 202 208 119 208 150 73 201 53 198 129 73 112 115 142 155 119 195 17 31 210 167 75 165 122 150 213 136 77 123
 293 184 178 169 153 343 78 318 83 167 56 125 211 188 149 1 64 224 172 200 257 232 314 309 305 191 126 152 193 288 180 249 203 340 291 51 190 135 120 192 231 195 378 177 247 346 166 113 61 219 177 193 272 101 142 261 129 256 128 347 261 143 226 189 308 317 277 47 49 280 125 158 293 303 197 133 242 109 335 197 321 111 313 153 56 316 56 177 291 70 313 211 155 187 147 319 214 338 146 296 373 157 145 81 128 256 320 203 214 154 307 127 174 267 223 119 219 286 361 182 79 321 335 134 55 227 263 199 275 221 342 61 251 310 314 315 180 301 147 241 314 181 121 296 288 122 194 148 176 307 129 346 303 126 372 328 148 283 58 185 180 383 119 167 336 292 58 167 84 160 276 80 329 173 309 172 185 158 244 68 336 302 249 198 249 53 88 369 331 107 243 344 342 199 99 245 188 109 140 135 38 209 98 153 279 54 186 47 165 124 204 252 133 166 32 40 176 278 199 270
 347 239 204 228 212 397 46 380 146 222 66 185 253 232 201 64 1 272 234 173 319 258 368 370 366 252 82 173 233 350 228 311 263 401 353 113 189 196 183 251 294 226 441 217 307 376 204 173 117 233 195 206 308 158 120 287 157 319 182 410 286 172 282 200 340 375 332 86 110 333 168 206 356 365 218 195 300 160 365 228 376 85 368 216 68 366 11 152 354 128 363 245 192 241 127 381 273 393 204 349 407 194 207 106 190 312 374 259 247 142 369 163 210 310 257 143 276 346 391 239 137 381 392 169 57 247 310 179 337 278 404 56 269 365 362 373 148 364 204 291 371 202 75 331 337 150 248 211 236 357 100 407 347 189 434 361 207 330 75 246 166 415 179 220 398 354 42 215 128 223 335 141 391 206 357 230 247 206 293 84 370 365 261 192 284 111 70 432 393 102 288 401 401 222 51 268 248 149 201 183 73 266 118 215 319 53 248 37 217 173 259 271 165 164 94 95 153 334 258 323
 89 257 111 93 99 133 249 239 170 254 210 206 37 311 78 224 272 1 170 269 191 108 108 164 150 202 276 136 55 167 290 153 93 183 211 206 194 192 153 93 169 90 250 65 110 158 80 212 226 150 135 151 81 224 239 116 311 194 243 223 119 316 64 157 124 138 82 187 183 71 105 68 179 187 124 191 83 116 147 86 117 241 113 156 276 96 269 255 213 220 93 77 308 263 235 212 244 131 102 84 169 311 133 284 141 68 112 268 80 219 229 295 324 53 71 145 71 144 171 75 150 161 146 112 219 130 40 250 209 72 242 224 145 106 91 133 272 220 233 26 125 126 277 99 66 135 52 149 109 86 249 194 82 178 232 135 105 59 200 203 228 185 127 261 197 238 236 283 145 142 117 162 198 330 86 238 127 279 23 195 138 207 168 213 74 174 230 257 216 207 27 147 165 117 271 123 101 276 116 269 200 71 168 171 71 223 161 270 65 101 265 143 119 195 199 227 250 90 93 60
 185 90 219 79 79 229 240 147 91 91 202 64 187 150 121 172 234 170 1 332 87 252 202 156 158 35 286 219 184 129 129 88 85 187 120 123 283 46 56 80 63 215 211 176 111 326 180 77 128 273 236 258 248 96 279 271 181 86 98 181 274 180 123 260 292 180 167 171 128 182 151 138 130 139 242 47 123 130 316 214 205 260 195 23 195 223 226 311 121 116 221 218 162 96 281 151 77 222 82 197 335 164 48 180 57 150 209 99 222 276 136 160 172 221 221 198 112 136 340 96 116 172 202 178 208 264 198 322 104 113 172 215 286 197 231 182 320 131 76 167 186 232 282 268 209 191 119 32 62 220 276 190 242 47 209 304 76 213 195 35 298 352 80 99 176 123 220 125 153 30 140 99 167 181 230 72 46 124 177 199 306 133 301 300 236 134 238 200 164 237 196 216 200 238 264 269 72 148 69 123 178 106 200 20 240 210 19 210 120 133 97 286 184 269 143 145 307 162 83 177
 358 374 160 284 271 399 131 466 251 359 146 309 235 387 236 200 173 269 332 1 405 190 376 420 409 362 96 135 216 411 377 380 315 445 436 241 81 312 278 305 377 184 503 207 355 294 193 301 258 142 136 126 257 294 59 211 324 406 323 473 209 338 314 118 267 404 349 171 218 339 192 227 421 430 153 310 335 207 286 188 385 92 381 310 236 356 181 24 437 264 353 202 353 379 55 452 395 398 264 351 334 356 289 272 277 333 379 394 201 58 455 325 373 279 214 140 313 397 306 284 218 423 414 170 146 167 297 23 425 315 481 140 175 374 344 400 27 446 337 294 392 146 103 274 325 149 278 302 302 345 75 454 315 298 490 289 270 312 148 358 42 334 255 361 452 450 146 365 180 308 374 239 450 370 337 360 320 356 289 140 300 441 152 65 235 207 113 504 461 99 269 416 432 161 125 188 307 307 271 333 170 305 133 317 278 147 339 205 248 210 393 178 162 75 212 238 26 356 311 328
 163 139 273 124 135 194 323 63 175 149 284 146 220 202 175 257 319 191 87 405 1 292 174 93 103 81 367 281 226 62 182 41 103 120 35 209 347 129 139 108 29 262 128 222 89 339 232 159 213 324 293 314 269 178 355 305 255 5 172 99 308 251 129 318 311 134 149 252 212 170 215 189 57 62 294 130 115 199 330 259 173 339 163 105 280 206 311 384 35 201 205 258 228 143 356 67 98 187 142 180 338 230 119 263 135 141 180 135 262 348 52 234 233 234 257 266 121 83 351 131 195 113 155 240 290 310 205 392 21 120 86 297 329 169 220 138 396 45 146 177 147 288 364 283 204 258 148 111 105 207 355 118 243 133 129 317 136 214 276 87 368 357 153 157 101 49 303 184 228 101 104 182 89 244 222 128 86 186 188 279 316 49 349 365 264 216 319 114 81 314 214 171 144 288 347 309 103 225 135 193 261 122 274 106 254 292 72 296 167 197 132 328 248 337 227 230 381 140 104 171
 188 330 55 177 174 220 221 344 215 322 194 268 74 372 133 232 258 108 252 190 292 1 202 270 256 286 230 86 69 274 354 256 191 288 315 237 110 259 216 187 267 41 356 78 216 119 77 269 260 51 66 67 67 274 180 30 348 295 300 330 30 358 170 75 84 242 185 187 208 169 119 115 285 294 43 257 190 144 109 41 211 197 209 233 287 175 259 183 317 258 172 36 358 336 174 318 328 220 171 176 154 361 207 308 207 175 203 345 32 153 334 337 376 95 38 117 175 251 134 164 181 267 246 101 202 26 120 169 311 176 349 203 38 201 160 236 201 324 298 130 226 58 234 85 145 112 145 224 197 164 198 299 127 243 338 106 177 130 186 286 151 159 184 328 303 340 217 345 152 223 224 203 305 380 153 311 217 338 121 176 117 313 62 127 48 194 196 364 323 165 95 243 267 37 237 18 193 317 186 322 198 172 142 247 90 206 248 270 133 132 343 36 101 123 217 252 178 194 189 159
 22 289 217 151 165 30 350 196 244 292 310 258 142 351 169 314 368 108 202 376 174 202 1 99 83 225 380 243 161 121 330 136 123 100 176 284 299 241 215 133 166 194 172 171 95 191 187 269 300 249 241 255 146 285 345 198 375 178 296 154 201 377 91 262 174 53 38 284 268 38 206 166 132 136 227 240 81 210 185 190 11 346 13 201 360 39 364 362 178 291 40 177 362 295 342 158 260 25 172 26 177 364 188 359 203 59 8 293 179 326 190 356 374 109 168 251 100 94 199 135 236 84 47 217 319 226 82 356 184 98 184 324 235 6 57 46 378 180 277 84 34 232 381 147 59 241 121 197 153 46 355 113 93 232 150 171 171 74 300 228 335 197 200 300 124 210 336 326 243 186 71 241 132 382 63 272 159 325 87 296 166 163 261 317 157 262 334 189 155 312 109 42 71 220 374 213 139 340 181 322 296 110 272 214 123 323 186 360 152 197 290 232 225 302 285 308 357 42 127 49
 97 228 268 146 161 111 363 99 229 236 322 219 200 292 187 309 370 164 156 420 93 270 99 1 17 165 402 287 213 32 271 69 111 32 83 268 350 201 192 122 99 250 87 217 67 285 230 232 278 312 292 310 228 250 379 275 336 97 252 61 278 334 108 316 263 48 91 292 262 112 231 194 39 40 285 201 86 224 278 247 94 370 86 165 344 136 363 402 86 267 136 239 313 233 377 60 190 104 169 114 274 315 166 334 183 97 103 226 243 365 94 315 321 190 234 283 108 25 294 140 235 21 66 251 330 293 159 403 96 106 87 337 307 95 153 54 417 86 228 141 66 284 401 236 146 273 142 167 135 141 383 38 185 198 71 264 166 160 313 170 380 294 192 244 34 118 346 271 257 154 48 231 37 331 157 214 127 272 151 313 260 68 331 369 232 261 353 96 58 340 179 83 51 278 388 285 124 303 171 276 303 116 298 173 207 333 138 353 173 216 223 305 259 346 279 291 398 80 115 118
 81 234 256 139 155 96 357 114 226 241 316 220 186 298 178 305 366 150 158 409 103 256 83 17 1 170 395 275 200 43 277 73 104 37 97 265 338 202 190 116 104 237 101 205 60 269 218 233 277 299 280 298 213 251 369 260 338 107 254 77 263 337 96 303 248 33 76 286 258 96 222 184 52 55 272 202 75 216 262 234 78 362 71 165 342 120 359 392 99 266 120 226 317 239 368 76 197 89 163 98 258 320 163 333 180 83 87 233 229 354 109 317 326 174 220 273 98 23 278 132 230 17 53 241 324 279 143 392 108 96 103 330 292 79 137 39 407 100 231 127 50 272 394 220 130 263 132 166 131 125 375 46 169 198 83 248 160 144 306 175 369 278 188 249 48 131 340 276 250 152 36 227 52 335 141 220 125 277 136 305 244 82 317 357 217 256 346 112 74 331 164 70 44 265 382 271 118 305 166 279 297 106 289 174 192 327 140 350 164 207 230 290 249 335 275 289 387 65 109 103
 209 65 253 112 114 250 263 134 115 72 227 70 221 129 155 191 252 202 35 362 81 286 225 165 170 1 310 252 219 135 108 97 114 194 112 140 316 57 85 111 67 250 207 210 131 359 215 83 139 307 269 291 281 101 307 305 176 78 93 178 308 172 151 293 325 196 192 196 151 208 185 172 133 140 276 58 148 162 348 248 226 286 216 56 206 249 243 340 111 128 247 252 150 71 310 147 43 243 117 222 366 152 82 185 88 176 231 70 256 306 124 155 157 253 255 230 141 148 372 129 144 183 218 211 232 299 228 352 93 141 162 239 321 220 258 199 349 121 66 198 205 266 306 300 237 223 151 65 94 246 303 195 272 67 209 336 111 242 221 7 329 384 112 81 179 104 243 107 183 65 158 125 168 167 258 51 76 109 208 226 338 128 336 332 270 159 264 191 161 266 228 234 213 272 286 304 103 146 103 114 202 136 230 46 272 233 43 225 154 166 67 320 217 301 164 159 337 185 113 205
 360 308 182 258 243 407 49 430 197 292 85 248 248 310 218 126 82 276 286 96 367 230 380 402 395 310 1 149 227 387 303 351 292 431 401 175 136 255 231 282 340 207 480 213 337 346 198 237 185 192 165 167 290 226 55 256 238 367 253 449 255 253 303 160 313 398 348 116 159 343 177 217 395 405 187 253 323 180 336 210 389 36 383 265 149 370 91 78 401 195 367 227 272 311 63 424 337 404 235 358 383 273 249 186 234 328 385 328 228 83 418 242 290 302 240 131 299 378 360 264 174 410 412 165 79 212 311 107 387 301 450 72 229 378 362 395 70 411 271 298 390 173 9 311 339 141 267 258 272 360 34 439 340 244 470 335 239 329 92 305 101 387 216 292 433 407 69 291 146 268 361 188 428 286 355 297 287 281 297 91 345 409 214 131 266 153 50 475 434 70 284 417 425 194 32 234 281 227 237 258 109 290 110 268 306 77 297 117 234 189 328 232 158 113 148 164 80 352 289 332
 225 281 34 157 147 268 136 340 156 270 110 215 104 313 107 152 173 136 219 135 281 86 243 287 275 252 149 1 83 280 298 252 185 311 310 167 67 211 170 176 253 59 371 73 223 204 59 212 190 68 25 44 142 213 105 115 275 282 241 342 114 287 180 43 169 270 215 107 138 206 68 95 290 300 46 209 202 91 194 62 253 115 248 197 207 227 174 120 311 191 224 79 291 287 101 323 290 266 141 219 238 294 172 231 165 199 247 299 80 83 329 268 310 155 92 34 180 264 219 153 119 289 281 42 117 76 167 118 301 182 352 118 99 241 217 266 136 320 246 161 259 30 152 164 196 34 145 188 176 216 119 321 192 195 357 190 147 184 102 249 94 244 141 274 319 327 132 287 82 191 241 143 318 312 210 264 197 279 157 92 200 313 99 86 118 124 112 373 330 81 140 283 298 50 153 96 179 247 152 260 116 173 58 208 158 121 221 187 117 87 297 101 35 61 143 178 115 222 182 195
 143 265 58 109 106 186 204 280 157 258 168 205 22 310 68 193 233 55 184 216 226 69 161 213 200 219 227 83 1 212 292 191 124 234 250 185 140 195 152 119 200 39 299 17 153 159 30 208 208 101 82 99 81 215 187 88 296 228 239 271 90 304 107 104 121 191 135 151 159 124 69 50 223 232 73 193 129 89 148 36 171 192 166 166 247 145 231 202 252 204 142 34 300 271 183 256 261 184 104 137 182 303 140 261 141 120 165 278 38 166 269 282 318 78 38 97 111 192 174 96 128 212 200 65 177 85 85 197 245 112 286 181 105 159 137 186 218 259 235 79 178 73 228 105 114 87 79 158 128 135 199 245 116 179 282 139 110 103 159 218 175 194 121 264 246 273 194 283 110 155 166 146 246 322 130 245 149 277 75 152 146 249 125 159 60 146 183 304 262 158 59 201 218 66 225 86 125 263 119 263 163 106 121 180 88 181 180 236 65 75 276 104 71 142 171 204 197 142 122 113
 115 197 265 131 145 137 347 78 207 206 306 192 201 261 177 288 350 167 129 411 62 274 121 32 43 135 387 280 212 1 241 42 98 61 56 244 345 174 170 108 69 249 94 213 60 301 225 205 253 312 288 308 238 223 367 281 307 66 223 63 284 305 106 312 276 75 105 275 241 126 220 186 13 21 284 174 85 210 293 246 118 356 109 140 320 156 343 393 58 242 156 241 283 202 367 46 158 130 153 132 293 286 144 308 162 104 126 195 244 355 70 286 290 200 237 273 103 28 311 129 217 52 95 242 313 294 169 396 66 101 76 320 310 117 172 80 406 61 198 147 90 281 386 248 161 263 136 143 117 159 370 62 201 172 85 279 149 173 297 140 372 313 174 214 49 90 328 241 243 130 56 210 42 301 176 184 105 242 158 297 276 45 333 364 238 242 338 94 51 327 185 112 83 277 371 289 108 275 152 247 285 108 285 147 219 316 111 331 164 204 192 309 251 339 258 268 389 94 101 130
 312 45 310 198 192 356 256 223 143 39 232 88 300 22 225 180 228 290 129 377 182 354 330 271 277 108 303 298 292 241 1 205 212 300 208 138 353 99 141 206 174 315 303 279 237 445 278 87 121 362 320 341 365 87 319 378 93 179 58 277 380 82 250 340 408 304 295 209 165 310 238 243 238 243 333 101 251 213 434 314 332 289 322 136 164 351 218 354 207 114 349 323 54 40 324 246 88 349 191 325 458 55 158 129 152 278 336 53 327 327 215 75 53 342 329 268 239 255 459 217 179 290 325 262 233 360 322 374 189 240 254 239 384 325 359 306 358 215 59 292 311 319 297 386 336 265 240 142 186 347 307 300 367 115 309 423 187 338 230 104 353 474 172 31 283 189 237 13 218 151 264 156 271 64 357 59 174 23 301 239 427 227 393 365 349 178 267 283 260 281 316 341 320 332 274 371 198 82 176 46 208 232 257 121 361 233 145 193 232 224 56 384 266 332 167 141 353 289 210 305
 124 161 241 97 111 158 309 90 167 168 269 151 184 225 146 249 311 153 88 380 41 256 136 69 73 97 351 252 191 42 205 1 69 100 60 204 318 133 130 77 32 228 131 189 48 299 200 165 212 291 262 283 230 183 334 268 267 45 183 100 271 265 90 287 271 101 110 237 202 130 189 158 46 55 261 134 75 176 290 225 136 321 126 99 280 167 303 361 62 201 166 222 245 167 334 74 127 151 118 140 298 248 105 267 122 101 143 162 226 324 79 247 253 194 220 241 83 51 311 100 179 87 123 212 276 275 165 366 57 82 102 283 293 131 180 104 374 70 160 138 111 256 349 243 164 232 113 102 81 167 335 102 203 132 125 277 113 173 260 103 342 317 136 177 90 86 290 204 207 90 66 171 81 263 182 147 66 205 149 261 276 62 314 337 226 203 302 125 84 293 175 139 116 255 334 273 74 235 115 208 247 86 252 106 214 278 70 291 136 172 159 292 221 310 218 227 357 100 72 130
 104 174 173 36 52 151 254 158 126 175 213 137 119 233 80 203 263 93 85 315 103 191 123 111 104 114 292 185 124 98 212 69 1 140 128 166 250 120 94 12 78 160 191 122 46 247 132 147 180 223 194 215 172 163 270 204 253 105 174 160 207 255 38 219 215 115 86 182 155 99 123 91 107 117 193 119 43 114 238 158 128 261 118 79 243 140 256 296 129 171 138 156 241 181 270 139 155 145 60 114 253 243 66 239 82 67 130 182 160 258 147 234 253 141 155 176 28 87 261 32 127 120 134 146 221 208 115 300 122 29 168 227 227 118 147 114 309 138 157 85 114 188 291 189 125 166 46 75 32 136 274 147 159 110 179 225 57 129 203 116 276 271 85 183 142 150 236 208 147 64 74 125 138 261 146 156 40 205 95 203 226 129 247 269 164 153 243 190 147 231 118 145 140 187 278 207 17 218 64 200 194 23 189 93 161 224 72 248 68 107 180 226 154 243 173 190 292 83 5 93
 105 256 290 175 191 104 393 112 260 265 352 250 219 320 214 340 401 183 187 445 120 288 100 32 37 194 431 311 234 61 300 100 140 1 104 299 373 232 223 151 129 271 73 240 95 290 253 263 309 332 314 332 240 281 405 289 366 124 282 57 293 364 132 338 272 50 105 321 292 123 258 220 64 61 306 232 110 252 285 268 93 398 89 196 375 138 394 428 106 298 140 259 343 261 404 72 217 98 199 121 275 346 197 365 214 116 103 254 261 390 110 345 350 202 252 309 134 55 298 168 265 23 58 276 360 311 172 427 119 132 91 366 323 98 157 56 442 103 258 159 68 306 430 245 155 299 168 198 165 145 411 13 192 229 52 271 195 169 342 200 404 295 223 274 28 137 375 301 286 185 71 261 40 361 162 244 158 302 168 341 265 86 349 392 247 291 382 91 63 367 195 73 35 299 417 302 153 334 201 306 333 142 325 204 218 363 169 384 200 243 251 321 285 371 309 322 423 95 144 131
 169 165 299 154 166 192 357 31 209 177 317 178 243 227 204 291 353 211 120 436 35 315 176 83 97 112 401 310 250 56 208 60 128 104 1 242 376 163 172 135 62 287 97 248 103 352 259 192 246 350 321 342 286 211 387 326 285 36 203 70 329 281 148 345 326 129 158 285 246 179 245 216 46 45 320 163 130 230 344 284 173 372 164 139 314 211 345 416 3 234 211 281 256 169 388 38 122 185 173 186 347 258 152 295 168 154 181 158 285 379 20 264 260 249 279 297 142 83 363 158 228 103 148 269 324 334 219 423 20 140 52 331 352 171 226 135 428 12 177 194 145 315 398 298 214 288 172 144 135 214 387 99 254 166 102 330 167 225 309 118 398 367 186 185 80 35 337 211 260 134 109 215 67 271 229 157 117 214 205 312 328 20 373 394 284 250 352 81 52 346 232 165 133 314 381 332 131 257 167 223 294 145 305 140 269 326 106 329 194 227 155 351 278 367 261 264 412 147 130 182
 263 136 186 134 120 313 127 269 41 120 97 74 200 150 128 51 113 206 123 241 209 237 284 268 265 140 175 167 185 244 138 204 166 299 242 1 218 84 76 155 184 197 332 170 208 343 164 64 24 234 191 211 265 54 183 264 112 208 82 301 265 122 194 208 305 280 246 72 31 252 120 142 249 258 208 83 207 97 332 198 290 155 281 106 78 291 104 218 243 25 288 210 125 139 188 272 164 307 113 269 365 128 103 79 86 226 290 155 214 190 258 102 144 253 220 135 185 244 358 150 59 281 299 138 99 237 244 237 226 187 294 106 261 280 292 279 223 253 98 218 279 193 170 289 266 134 167 103 137 283 174 303 287 77 328 324 114 263 94 135 216 378 85 121 293 242 107 126 87 115 238 45 284 146 288 123 142 117 223 102 330 255 265 229 245 45 133 322 285 144 228 310 304 208 149 252 150 81 104 96 72 176 121 104 268 99 138 88 142 112 155 262 139 196 30 25 216 245 162 244
 282 341 84 224 213 321 145 406 214 328 137 274 158 366 173 190 189 194 283 81 347 110 299 350 338 316 136 67 140 345 353 318 250 373 376 218 1 272 233 243 319 106 435 135 287 218 121 269 238 63 60 46 176 267 82 132 318 349 296 406 130 331 243 38 189 331 274 148 189 263 134 161 355 365 73 270 265 155 209 110 308 110 304 261 239 277 193 75 377 242 274 123 340 346 74 388 354 320 207 273 257 342 237 269 229 259 302 359 122 53 395 314 359 200 134 88 244 328 231 219 178 351 339 108 142 87 219 60 367 246 418 139 98 297 265 326 93 386 304 218 317 68 141 194 246 94 210 252 243 266 103 383 234 257 420 210 213 233 133 313 43 258 205 332 383 394 151 341 138 256 304 201 382 360 257 324 263 333 213 123 222 379 80 20 155 176 120 438 395 89 191 339 357 81 153 109 246 294 217 312 154 238 97 271 197 145 287 213 183 153 358 101 101 26 190 223 70 282 248 252
 222 72 218 101 94 269 208 187 62 64 173 19 202 119 128 135 196 192 46 312 129 259 241 201 202 57 255 211 195 174 99 133 120 232 163 84 272 1 44 111 108 220 256 183 152 346 184 32 85 272 231 253 267 50 256 282 137 128 56 226 284 137 156 254 310 223 205 143 97 217 147 146 176 184 242 3 161 122 335 219 245 232 235 41 152 258 187 289 162 73 256 226 122 78 259 195 84 262 93 232 360 125 60 135 54 186 248 88 230 257 177 117 135 244 232 185 145 180 361 120 96 217 245 172 178 267 225 304 145 146 214 185 291 236 264 225 297 172 42 195 228 230 251 288 240 180 142 46 90 253 250 235 270 17 254 325 89 242 168 51 281 376 76 71 221 160 188 92 136 56 182 74 212 143 262 54 83 88 203 174 328 177 302 287 251 106 210 242 208 214 218 258 244 239 231 276 104 103 78 82 148 137 181 29 262 179 64 169 133 130 87 291 178 255 109 103 287 200 116 211
 195 115 176 66 56 244 186 201 38 107 147 55 160 160 85 120 183 153 56 278 139 216 215 192 190 85 231 170 152 170 141 130 94 223 172 76 233 44 1 83 112 177 259 140 134 305 140 60 88 229 189 211 225 73 224 239 162 138 91 228 240 166 126 212 269 206 178 115 75 187 104 103 174 184 199 42 136 80 294 176 220 204 210 35 153 227 175 256 173 78 224 183 156 121 226 199 122 238 53 203 321 159 29 146 14 157 221 131 187 222 189 145 172 205 189 146 116 169 320 85 60 206 226 130 153 224 188 268 157 118 223 160 248 210 231 206 265 183 84 159 207 187 227 247 206 140 106 29 63 221 221 228 233 28 253 284 50 206 140 82 245 336 33 113 218 178 166 133 99 41 164 44 210 178 228 97 67 128 167 144 288 183 259 249 209 79 183 250 211 182 179 238 230 196 210 233 78 127 38 117 123 107 146 41 222 155 68 162 92 87 130 247 136 217 90 100 253 175 90 179
 113 169 166 25 40 161 243 165 115 168 201 128 117 227 71 192 251 93 80 305 108 187 133 122 116 111 282 176 119 108 206 77 12 151 135 155 243 111 83 1 82 155 201 116 57 249 125 138 170 217 187 208 173 153 261 202 243 110 166 170 205 246 45 212 216 126 96 171 144 107 114 83 116 126 187 110 53 103 239 153 138 250 128 71 232 147 245 286 136 160 145 152 232 175 260 148 152 155 48 122 257 235 56 229 72 76 139 178 156 249 154 225 245 143 152 167 35 98 263 25 115 131 145 137 209 204 119 291 127 36 177 216 223 128 154 125 300 145 150 88 125 181 280 191 131 157 44 67 22 143 264 159 163 100 190 227 45 134 192 112 267 274 74 176 152 155 225 201 137 56 85 114 148 253 152 150 35 198 98 192 228 137 243 261 163 141 232 199 157 221 119 156 151 181 267 204 9 208 52 192 182 27 179 86 162 213 69 237 61 97 175 222 145 235 161 179 282 93 8 101
 152 130 245 97 107 189 296 91 149 138 256 125 196 194 147 231 294 169 63 377 29 267 166 99 104 67 340 253 200 69 174 32 78 129 62 184 319 108 112 82 1 236 150 196 74 320 205 139 190 298 266 287 248 157 327 281 239 31 155 119 284 236 108 290 290 132 137 225 186 156 187 162 69 77 267 108 97 170 311 233 166 311 156 79 257 194 286 356 63 178 193 232 215 136 328 89 96 182 114 167 322 218 92 242 107 125 172 130 236 320 80 218 223 214 232 238 99 83 333 105 167 117 154 212 263 284 186 364 49 99 112 270 304 161 207 136 368 72 130 157 142 260 337 263 188 230 123 84 77 194 327 130 226 109 148 298 108 197 248 72 340 340 125 146 115 76 276 173 199 73 96 155 105 233 207 116 57 174 168 251 298 72 323 337 241 189 291 139 102 286 193 170 147 262 320 284 76 208 107 178 233 99 245 82 234 265 47 271 140 169 127 303 220 309 201 206 353 128 79 155
 177 291 26 142 137 216 192 317 175 283 161 228 53 332 96 195 226 90 215 184 262 41 194 250 237 250 207 59 39 249 315 228 160 271 287 197 106 220 177 155 236 1 336 41 191 152 37 229 220 64 49 63 85 234 162 67 309 264 260 308 68 318 145 69 115 227 170 150 169 158 79 78 260 270 36 218 167 104 141 5 203 173 200 196 250 173 225 172 289 219 170 21 318 297 157 294 291 215 134 168 183 321 169 269 168 156 197 306 22 138 306 297 336 98 34 84 148 229 167 132 141 249 234 62 170 50 114 164 281 150 324 171 72 192 162 222 190 296 259 114 213 39 210 107 142 77 116 187 162 162 177 282 135 204 319 136 140 129 152 248 143 191 145 288 283 310 185 305 114 186 203 163 284 340 155 272 183 298 108 143 145 287 88 125 60 155 169 342 299 139 86 234 254 29 210 57 160 277 148 282 162 144 110 209 100 174 213 235 98 92 304 72 64 111 179 213 167 178 158 147
 177 260 354 224 238 173 439 83 296 273 398 272 286 321 269 378 441 250 211 503 128 356 172 87 101 207 480 371 299 94 303 131 191 73 97 332 435 256 259 201 150 336 1 302 149 362 315 286 338 398 377 396 311 304 460 359 381 130 299 32 363 376 193 401 344 121 175 367 332 194 313 278 86 77 371 256 171 303 356 333 165 449 161 227 406 210 433 485 98 327 211 325 352 264 459 62 216 168 246 193 346 354 235 389 252 183 175 252 328 447 89 360 355 273 319 365 192 108 370 221 309 92 128 334 405 378 242 487 116 190 51 412 392 170 228 128 499 89 272 227 140 370 478 317 226 355 227 231 209 217 463 61 263 257 25 342 242 241 389 213 464 366 266 281 54 117 420 306 336 219 134 300 54 366 234 252 196 310 236 390 337 80 417 454 316 333 431 29 49 420 264 141 104 364 463 371 200 352 245 319 377 199 378 231 290 408 195 419 256 297 249 390 342 431 348 354 481 164 194 201
 152 253 53 102 98 197 189 278 142 246 153 192 37 298 57 177 217 65 176 207 222 78 171 217 205 210 213 73 17 213 279 189 122 240 248 170 135 183 140 116 196 41 302 1 155 174 16 194 192 103 76 95 97 201 175 100 280 225 226 273 102 289 110 100 136 198 143 135 143 134 53 39 224 233 72 181 132 74 163 39 181 178 175 157 231 158 215 192 250 189 155 44 286 260 172 257 252 194 95 147 198 289 130 245 130 126 175 268 48 155 268 268 304 94 51 83 112 195 189 92 112 218 208 50 162 90 99 189 242 114 287 165 112 169 150 194 208 258 222 89 186 69 215 121 127 73 78 148 122 148 186 250 132 167 286 155 100 117 143 209 166 210 108 252 250 270 179 270 93 146 170 131 249 308 144 234 143 264 86 136 162 249 128 154 76 131 169 306 263 144 73 210 225 67 211 95 121 248 109 249 147 106 106 170 104 166 173 220 58 60 266 111 57 133 155 188 187 150 119 123
 80 195 207 81 96 120 298 131 169 199 257 170 143 258 122 247 307 110 111 355 89 216 95 67 60 131 337 223 153 60 237 48 46 95 103 208 287 152 134 57 74 191 149 155 1 252 167 182 221 254 230 249 184 199 313 224 288 92 206 120 228 288 47 254 224 73 64 227 199 83 165 129 71 80 225 152 28 158 243 188 97 304 86 113 286 121 301 337 105 211 120 183 271 201 312 104 167 113 104 94 250 274 106 279 124 54 101 199 186 299 121 268 282 148 179 217 44 43 264 74 172 75 94 186 265 236 118 339 104 42 134 272 253 90 134 74 351 111 186 92 77 222 336 197 117 207 78 111 73 121 317 103 155 145 136 230 101 126 248 135 315 269 129 208 99 133 281 234 192 99 31 169 96 291 135 179 71 233 103 247 229 99 275 306 182 197 287 152 110 274 130 107 97 218 323 232 60 254 108 232 238 51 232 124 167 268 94 292 108 150 196 251 194 282 217 232 333 55 50 83
 189 413 173 250 253 194 339 377 314 409 312 359 146 464 222 346 376 158 326 294 339 119 191 285 269 359 346 204 159 301 445 299 247 290 352 343 218 346 305 249 320 152 362 174 252 1 181 363 365 157 184 180 81 372 295 91 453 343 394 343 92 461 214 188 39 243 197 301 316 176 225 205 312 319 161 345 226 247 12 151 199 315 203 312 401 153 376 292 354 362 152 136 457 419 288 342 400 198 254 172 42 460 288 418 294 200 189 424 133 267 369 440 474 108 125 234 223 274 16 232 285 273 236 213 320 135 136 272 355 223 371 321 121 194 135 236 310 359 387 165 224 177 351 60 140 228 209 305 266 146 314 303 101 331 340 23 258 128 303 360 260 41 276 416 313 383 335 437 263 299 245 304 320 479 129 394 284 432 154 294 26 344 144 231 99 303 315 378 342 283 132 225 260 156 356 113 257 420 269 419 313 226 259 327 88 324 317 386 214 233 422 118 215 237 327 361 287 208 248 172
 168 255 42 110 103 212 175 289 139 246 140 192 51 296 61 166 204 80 180 193 232 77 187 230 218 215 198 59 30 225 278 200 132 253 259 164 121 184 140 125 205 37 315 16 167 181 1 193 186 94 64 84 107 198 160 102 275 234 224 286 103 284 123 88 144 213 158 123 136 149 45 44 236 245 64 182 145 69 170 37 196 163 191 160 221 173 202 177 260 184 170 48 283 261 157 269 256 210 99 163 208 285 134 238 132 141 191 270 51 140 278 263 301 107 58 68 124 208 196 102 107 232 223 36 149 85 114 175 252 126 298 152 108 184 165 208 193 269 222 104 201 57 200 130 142 58 90 151 130 163 171 264 145 167 300 163 105 132 130 213 152 218 109 252 263 279 165 269 83 151 184 127 262 304 159 236 151 262 101 123 171 260 122 140 84 123 154 318 276 129 88 226 240 59 196 93 130 243 113 247 136 118 92 173 116 153 179 208 66 56 268 108 42 119 147 181 172 164 130 138
