NAME : domp240p80v3
COMMENT : (Deleplanque et al.) 
TYPE : DOMP
DIMENSION : 240
DISPLAY_DATA_TYPE: NO_DISPLAY
OPEN_FACILITIES : 80
COST_SECTION
 1 244 28 96 212 207 210 95 283 86 117 164 271 181 46 196 169 298 212 4 272 304 345 216 267 95 183 251 316 73 197 243 378 146 20 331 87 245 157 256 227 110 118 265 332 207 249 144 291 301 251 289 291 249 189 107 38 72 241 165 213 308 163 112 83 232 178 158 205 116 148 275 216 293 160 143 173 281 319 261 126 224 75 61 73 224 217 207 183 200 109 102 335 174 184 316 308 167 228 143 183 317 111 102 99 250 38 95 240 34 371 18 68 133 169 255 111 125 101 29 268 138 211 119 79 182 194 246 245 264 277 334 332 251 63 281 277 64 69 139 144 125 267 194 98 251 324 121 247 109 339 125 73 158 212 248 253 233 66 308 95 207 314 218 269 123 298 338 277 153 222 228 20 176 36 192 81 100 134 206 207 229 203 351 209 133 237 49 246 267 163 227 367 132 301 203 123 75 272 262 128 42 247 195 213 66 304 261 60 180 73 300 311 103 258 244 83 261 251 287 293 37 93 111 190 166 300 228 9 333 293 37 159 194 110 279 246 204 101 61
 244 1 266 225 83 181 77 218 139 231 346 231 277 210 203 67 176 55 316 247 38 63 135 136 146 300 64 184 211 313 59 310 181 245 229 198 246 258 200 32 152 233 217 285 117 53 148 133 171 194 163 77 162 145 320 145 281 282 130 133 178 94 298 351 233 65 76 269 104 132 376 270 117 191 215 240 309 334 206 96 122 218 251 214 301 243 29 283 75 249 138 299 178 123 308 73 111 172 185 186 101 93 335 171 147 121 276 263 83 273 157 249 216 246 150 83 155 134 263 240 191 107 96 128 167 210 51 169 287 94 63 125 92 92 291 94 60 267 297 270 262 184 82 200 168 165 81 258 179 324 176 120 172 309 287 79 227 335 180 99 300 179 189 61 164 132 162 97 247 93 316 22 228 71 244 318 323 336 168 142 154 67 74 154 48 117 175 292 54 280 286 291 165 316 60 61 217 297 348 59 171 284 194 141 68 276 96 66 207 299 312 122 190 336 131 224 276 45 113 48 198 280 319 169 121 80 60 151 252 174 217 257 196 264 318 210 18 180 266 253
 28 266 1 92 227 234 235 120 294 110 91 159 296 207 64 221 196 319 231 26 292 327 370 226 276 71 203 256 343 49 216 264 404 138 47 358 108 269 158 279 235 134 116 289 357 225 257 157 299 328 278 306 317 276 206 125 30 82 268 192 240 333 181 87 107 248 197 179 218 136 122 299 242 320 158 136 190 302 346 275 149 250 95 66 46 249 239 228 201 224 133 113 362 201 202 337 333 172 232 146 198 341 84 113 122 261 12 80 255 9 396 38 70 125 177 281 137 150 87 30 295 161 225 142 100 208 216 252 268 279 294 359 355 277 37 296 301 79 72 158 165 130 292 195 125 277 345 110 252 82 366 147 94 174 233 274 279 251 87 324 104 211 322 236 277 148 307 360 303 175 241 251 47 199 58 210 67 74 141 233 215 245 219 377 233 152 264 30 264 291 182 249 393 143 323 221 148 49 291 279 155 21 274 222 230 44 329 278 68 199 65 326 318 77 269 270 97 280 278 310 298 19 66 137 217 187 323 236 21 360 319 53 160 217 85 306 267 208 86 48
 96 225 92 1 165 260 222 172 216 169 134 69 342 247 72 202 224 273 301 97 243 287 349 147 196 82 164 169 358 122 168 326 390 52 102 365 175 315 68 247 153 191 25 339 334 176 176 95 215 342 291 245 323 283 281 90 121 167 272 201 264 309 254 151 167 189 150 244 149 105 160 343 244 334 67 49 265 364 359 207 136 286 166 40 99 294 203 289 152 275 125 197 361 207 274 291 316 87 144 60 135 313 122 57 114 186 97 40 190 97 374 112 32 42 99 266 151 152 39 68 314 137 158 129 87 248 181 167 323 210 236 338 316 266 91 229 274 158 161 227 230 49 275 105 146 292 299 39 165 107 363 125 89 251 294 259 313 322 84 260 190 124 237 179 193 147 226 321 339 151 309 216 101 172 128 283 155 133 65 245 132 185 162 362 207 114 284 118 207 339 251 309 376 227 284 169 198 90 358 221 182 110 298 234 172 69 307 217 47 269 156 315 233 130 192 305 177 226 274 272 211 109 110 162 222 151 285 154 98 358 342 131 71 274 98 329 221 121 42 48
 212 83 227 165 1 226 133 220 84 229 295 155 326 243 167 112 208 116 339 215 84 135 216 55 79 245 60 106 283 271 41 344 263 172 201 274 242 303 124 113 71 238 150 331 199 38 74 73 108 265 225 81 235 209 335 106 249 266 194 164 226 176 310 307 229 26 48 285 23 101 323 321 173 260 139 168 322 374 279 51 115 263 243 166 254 284 79 312 41 282 126 290 257 160 325 134 193 95 103 115 31 174 284 117 129 53 237 204 29 235 237 221 165 177 74 157 158 139 201 199 254 97 14 117 136 244 73 91 327 53 73 206 164 164 244 70 142 252 275 280 275 118 160 119 167 227 140 191 100 270 256 103 143 317 316 152 280 361 148 98 288 97 130 23 94 134 105 169 303 92 343 88 200 87 223 335 291 290 101 192 72 22 17 236 100 84 231 256 44 327 300 324 247 313 133 30 229 248 382 58 186 247 251 186 16 226 178 54 161 316 284 202 129 289 65 275 266 65 183 125 128 244 270 175 165 71 136 71 219 253 282 235 120 292 261 273 71 98 205 202
 207 181 234 260 226 1 105 120 306 135 322 307 101 45 195 119 39 221 148 209 217 209 192 272 305 299 167 324 112 274 187 132 206 305 188 133 145 79 281 164 289 117 269 106 187 192 298 214 333 99 56 257 100 65 163 182 229 193 69 66 8 173 150 310 138 225 182 119 239 170 352 96 66 91 294 300 158 154 116 264 135 38 158 226 278 63 161 111 188 76 140 192 147 68 151 232 156 267 313 262 218 187 317 215 149 278 243 283 244 239 215 198 232 298 251 120 109 112 287 224 63 146 237 140 174 45 156 311 108 264 242 183 224 109 269 270 162 182 217 132 120 247 132 304 116 53 238 297 319 314 154 151 172 166 114 118 57 164 177 279 198 297 354 212 319 118 328 228 83 142 145 160 188 141 181 158 259 302 240 40 279 225 210 185 136 173 34 246 224 102 135 114 201 193 206 198 96 281 170 235 81 243 41 42 214 269 165 241 216 142 242 138 354 307 290 50 178 223 91 193 353 237 298 101 63 160 201 289 213 147 87 192 280 94 315 73 195 297 289 254
 210 77 235 222 133 105 1 159 207 174 323 250 202 135 178 24 103 121 242 213 114 114 136 184 209 285 78 236 153 282 93 234 171 256 192 150 189 182 220 64 201 170 222 209 123 96 205 146 236 135 93 153 108 78 249 134 243 231 63 63 102 100 229 321 177 126 96 199 149 118 354 196 43 130 235 251 240 258 150 164 90 142 197 199 277 167 59 208 101 174 105 243 140 52 237 134 99 198 230 202 134 110 314 168 117 182 246 256 145 243 162 210 203 253 177 46 104 87 258 215 122 86 145 98 144 136 62 222 211 163 139 125 136 45 266 167 73 216 250 203 194 193 58 232 118 96 142 260 231 306 142 99 146 242 212 39 153 261 154 175 245 218 256 115 224 89 229 141 174 73 242 57 192 56 200 246 283 308 180 66 196 126 117 143 35 111 102 258 123 205 216 215 159 255 110 103 151 275 273 133 108 251 121 65 119 257 95 138 190 228 269 94 256 311 193 149 222 120 55 97 259 246 297 113 46 81 107 201 218 137 151 213 217 189 303 142 92 219 260 236
 95 218 120 172 220 120 159 1 302 16 205 234 178 88 102 155 84 271 133 96 253 270 287 246 292 189 170 292 231 156 190 155 312 223 78 251 30 151 217 219 261 22 189 172 277 199 278 171 319 218 171 282 214 173 120 128 111 76 169 100 127 256 93 191 20 232 174 74 222 124 235 181 148 210 225 219 105 192 235 269 106 131 41 134 164 130 191 118 181 107 95 84 260 111 111 287 249 215 273 198 198 268 201 148 94 269 128 184 246 124 312 83 141 213 207 199 65 86 189 118 182 125 225 104 103 89 172 282 153 270 268 277 293 192 155 283 232 63 99 63 62 180 212 249 54 169 295 206 287 201 266 118 96 99 123 193 161 155 96 304 87 253 342 217 300 90 321 299 185 133 140 198 79 151 64 121 140 184 181 130 244 229 205 287 173 139 153 128 240 173 86 138 304 99 266 200 29 168 188 255 53 126 159 120 214 160 250 257 126 104 123 236 341 189 279 152 64 249 185 252 330 120 183 50 124 154 264 262 100 259 204 73 217 103 204 191 227 252 190 151
 283 139 294 216 84 306 207 302 1 310 348 180 405 325 238 188 290 141 422 286 116 165 256 70 24 297 142 74 349 334 121 426 303 204 275 335 323 383 157 168 66 321 196 411 239 115 44 140 35 332 298 79 300 281 418 182 319 343 266 246 305 220 393 366 310 82 131 368 81 180 373 400 248 329 168 201 404 456 344 44 198 343 322 229 313 365 149 394 124 365 207 368 313 240 407 151 243 131 92 158 105 213 337 182 209 35 303 253 63 301 272 294 226 213 119 221 240 222 249 265 326 180 78 199 211 326 151 64 408 46 86 248 187 230 304 52 192 329 349 362 358 169 219 131 249 300 155 232 72 321 310 185 219 399 399 217 358 444 223 75 365 103 51 95 40 217 24 190 380 175 426 154 274 168 299 417 360 348 155 270 86 82 100 279 173 164 307 323 86 407 383 407 287 393 165 110 311 305 465 82 269 314 327 265 94 284 225 74 227 399 355 258 52 345 26 353 345 98 251 164 65 311 326 258 244 153 170 66 289 309 354 310 152 375 311 346 122 107 252 260
 86 231 110 169 229 135 174 16 310 1 193 233 187 101 99 169 99 284 133 87 266 284 302 252 299 179 181 297 245 144 200 159 328 220 71 265 16 161 218 233 267 25 188 180 292 209 284 177 326 233 186 293 229 188 117 133 98 61 184 115 141 271 90 178 5 242 184 75 230 131 222 191 163 224 225 216 101 197 249 278 116 144 25 130 153 141 203 122 191 116 104 70 275 126 108 300 264 217 277 199 205 283 190 150 102 276 117 178 255 114 328 72 138 209 211 214 77 98 184 111 197 135 233 113 106 102 184 288 160 280 279 292 308 207 145 293 246 48 84 60 62 181 227 251 65 184 309 201 291 190 281 127 99 92 128 208 173 155 98 315 72 256 349 227 306 101 328 313 197 144 141 211 72 163 53 118 125 172 184 145 249 239 215 303 186 146 167 116 251 182 84 143 319 87 280 210 41 158 190 266 68 114 173 136 224 151 265 268 124 102 109 252 347 177 287 164 49 261 200 266 335 108 172 63 139 164 277 267 90 274 218 60 218 109 194 205 239 255 184 144
 117 346 91 134 295 322 323 205 348 193 1 181 377 293 146 307 284 397 299 115 368 407 457 279 328 53 282 296 432 51 291 337 492 155 137 448 188 352 195 363 284 216 154 369 443 301 308 223 345 418 368 375 407 366 269 202 97 148 357 281 329 419 248 34 190 318 273 254 281 215 32 382 331 409 188 156 254 375 435 339 235 336 174 133 47 333 320 304 276 306 219 171 451 290 268 415 420 219 271 192 265 426 13 179 207 319 81 97 321 84 483 125 132 143 232 368 227 239 102 109 384 244 290 227 182 294 297 296 346 342 366 446 436 365 58 361 386 152 126 232 242 181 380 229 215 367 423 122 293 30 455 230 178 236 308 361 365 316 171 391 161 252 366 307 323 236 357 442 389 259 310 332 137 282 143 274 86 25 197 322 264 315 290 465 317 230 353 78 335 372 253 325 480 197 404 295 233 50 359 350 244 81 362 311 300 70 415 347 140 267 101 415 362 18 324 356 166 353 367 391 337 86 27 227 306 267 404 285 110 449 408 134 199 296 42 394 344 249 99 95
 164 231 159 69 155 307 250 234 180 233 181 1 397 302 135 227 275 271 365 165 238 288 364 117 158 130 178 118 397 183 174 387 408 27 169 398 240 370 33 259 115 254 47 395 347 180 137 105 170 379 331 229 356 320 347 126 188 234 306 244 311 322 320 205 231 180 161 307 135 140 201 396 280 372 17 27 330 424 396 184 175 338 232 105 158 349 216 350 160 333 169 265 389 247 340 288 335 61 94 49 132 323 169 93 160 156 163 89 174 163 387 180 98 40 83 289 202 197 82 136 356 169 145 169 138 302 197 121 381 188 224 353 318 292 151 207 287 226 229 292 294 61 296 51 200 331 294 60 116 152 390 160 143 318 356 282 363 387 140 238 258 78 189 175 149 191 184 322 389 179 373 228 167 195 195 349 220 188 71 286 97 176 160 380 226 141 327 184 198 395 316 369 393 295 286 171 258 147 421 210 235 175 343 276 167 129 322 204 111 334 222 338 184 183 158 355 245 219 304 277 158 176 163 215 260 171 289 116 166 386 385 199 37 334 140 373 222 75 85 113
 271 277 296 342 326 101 202 178 405 187 377 397 1 96 273 218 125 312 112 273 312 297 256 370 404 365 267 423 125 327 286 71 253 391 254 159 191 28 373 257 388 163 355 17 257 291 397 310 432 127 122 353 151 140 142 274 282 233 152 164 101 250 147 358 190 324 281 128 338 263 405 12 161 122 385 386 149 68 134 364 229 64 205 305 338 49 259 84 288 73 231 218 187 167 135 320 227 362 411 354 317 265 375 305 239 378 303 359 343 300 274 258 312 382 347 207 196 204 364 294 101 243 336 233 260 95 256 410 42 363 339 251 306 195 331 368 249 226 257 150 139 338 216 399 198 119 326 378 417 376 195 246 256 165 81 207 52 115 260 375 227 394 454 312 418 211 428 309 43 240 102 258 255 240 239 136 301 355 333 137 377 324 309 241 235 269 104 300 323 10 136 67 254 205 294 297 149 344 95 333 163 299 86 141 314 336 241 339 296 130 284 206 454 361 389 54 215 321 174 283 453 294 357 182 162 259 288 388 276 190 92 246 372 85 380 87 292 393 365 327
 181 210 207 247 243 45 135 88 325 101 293 302 96 1 178 144 36 255 108 183 247 246 235 283 321 275 184 334 150 243 205 103 250 295 163 174 109 69 279 198 300 80 260 95 230 212 311 217 349 139 99 284 143 109 120 180 198 156 112 81 52 214 106 277 104 246 196 75 252 170 322 97 103 131 290 291 114 133 155 286 138 44 123 210 251 48 187 74 203 41 137 151 190 88 108 267 199 269 320 259 230 228 289 210 144 295 215 265 264 212 259 170 217 287 255 159 102 112 270 202 102 153 252 141 165 2 177 322 86 286 270 226 263 148 242 294 200 146 180 89 76 243 172 306 103 97 274 283 329 288 197 154 160 122 78 156 73 127 164 307 158 302 372 232 333 118 347 267 98 153 108 189 164 158 151 116 224 271 239 76 287 245 227 229 163 178 77 216 248 94 91 83 245 150 242 216 61 255 141 261 68 213 77 73 232 245 206 265 201 99 207 181 371 277 307 65 140 250 133 229 367 207 270 87 90 174 238 300 187 190 120 160 278 55 290 107 223 302 271 234
 46 203 64 72 167 195 178 102 238 99 146 135 273 178 1 161 158 256 231 49 230 264 312 172 223 109 141 210 299 111 153 256 348 122 39 310 106 246 121 218 184 121 89 269 297 163 205 99 247 283 232 244 268 227 214 63 83 109 217 142 200 273 187 149 98 187 134 174 160 73 177 274 190 275 127 118 197 293 301 216 90 218 99 33 101 224 177 219 139 205 74 138 310 150 206 275 275 126 188 104 138 280 138 59 62 205 74 89 195 71 337 57 41 112 126 223 88 96 94 38 253 99 166 82 37 179 154 203 252 219 232 300 293 221 90 236 241 98 112 158 160 86 234 157 80 232 283 106 205 130 314 85 33 186 224 216 246 253 25 263 133 166 270 174 226 92 254 298 272 114 239 189 38 137 66 215 125 134 92 186 164 184 158 320 172 89 222 91 202 269 182 238 336 166 261 159 127 99 288 218 115 83 234 174 168 81 270 217 25 200 118 271 268 135 214 238 116 218 224 248 251 79 120 95 166 124 261 185 53 308 279 74 123 203 127 266 204 164 95 62
 196 67 221 202 112 119 24 155 188 169 307 227 218 144 161 1 110 117 250 199 104 116 152 162 189 267 56 215 176 268 72 245 190 234 179 173 184 197 197 65 179 168 201 224 137 75 184 123 216 158 115 141 131 100 254 113 231 223 85 66 118 113 232 307 171 107 73 203 128 98 338 213 62 152 212 229 243 271 173 146 73 157 191 181 261 180 43 217 78 184 89 238 163 57 242 133 116 175 208 179 111 121 298 147 100 162 232 236 126 228 177 197 184 232 154 65 95 75 238 198 143 66 123 80 126 145 40 200 224 146 126 140 140 66 250 152 82 208 241 204 196 171 75 209 109 117 141 239 209 289 164 79 129 244 221 58 170 269 137 163 239 195 237 95 204 76 211 146 193 52 251 46 178 34 189 251 272 293 158 82 173 107 96 162 20 90 121 245 106 220 219 226 177 253 112 82 151 259 284 118 106 237 140 78 98 240 109 123 172 233 259 115 237 295 174 166 216 107 78 98 239 232 280 107 58 58 110 179 204 159 172 202 194 198 285 163 80 196 240 218
 169 176 196 224 208 39 103 84 290 99 284 275 125 36 158 110 1 222 141 171 213 215 213 249 286 261 149 301 149 236 170 137 234 271 150 168 110 99 250 166 266 84 235 126 206 177 277 186 315 136 88 250 131 92 148 151 191 158 90 46 45 188 130 273 102 211 162 99 218 139 315 123 75 127 262 266 140 167 153 251 106 64 123 189 240 79 152 108 169 76 107 160 178 54 136 236 175 238 288 230 196 201 279 182 116 261 205 246 229 201 238 160 196 263 223 131 74 81 250 186 101 120 217 110 139 36 142 289 120 251 235 204 233 122 231 259 170 146 181 107 96 215 144 275 79 87 243 261 295 276 184 122 136 145 112 127 90 160 141 272 165 270 337 197 299 87 312 238 116 119 141 155 150 123 143 145 223 264 209 51 255 210 192 210 129 146 70 209 214 124 116 118 226 165 211 181 62 243 176 226 44 205 79 44 198 231 180 231 180 127 206 160 337 269 272 82 144 216 109 198 333 199 260 64 58 139 207 267 175 178 125 154 249 89 277 111 189 270 252 217
 298 55 319 273 116 221 121 271 141 284 397 271 312 255 256 117 222 1 362 301 33 25 116 163 156 351 117 202 227 366 107 352 163 287 283 207 299 295 239 58 175 284 262 321 100 98 165 179 175 212 192 63 179 173 369 196 335 336 161 181 217 84 348 403 286 92 126 318 137 184 427 304 155 211 255 283 359 373 221 104 176 256 305 265 353 283 83 327 122 293 192 353 180 171 357 19 109 211 209 229 142 74 387 220 201 136 329 312 103 327 132 303 266 290 189 106 208 188 311 293 218 161 127 182 220 255 105 188 327 101 57 109 50 118 343 90 65 321 351 321 312 229 99 233 222 195 27 304 198 374 176 174 226 360 331 106 261 381 233 77 353 208 187 97 175 186 161 54 277 147 362 74 282 125 298 366 377 388 213 182 183 96 113 140 99 169 208 346 74 316 335 333 147 369 26 105 267 349 390 66 223 338 227 183 105 328 90 74 259 348 366 127 189 388 143 259 330 54 140 31 205 333 371 222 165 133 31 175 306 176 241 311 235 309 368 237 54 210 314 304
 212 316 231 301 339 148 242 133 422 133 299 365 112 108 231 250 141 362 1 212 353 353 337 372 415 300 283 421 226 250 304 46 345 352 201 257 128 99 349 305 389 112 319 97 333 312 403 300 443 222 196 389 237 210 35 258 210 153 216 184 153 320 52 274 135 346 292 59 345 252 323 122 210 215 357 348 47 79 234 385 227 122 138 262 267 96 291 38 300 73 220 129 281 193 32 375 302 346 403 330 322 334 299 280 222 391 235 306 363 233 359 196 270 341 337 266 184 202 312 240 188 244 346 227 234 108 279 410 70 386 374 329 370 255 263 396 307 153 174 75 72 312 278 381 178 193 382 331 415 305 288 241 227 65 37 263 138 23 228 411 139 383 467 332 425 207 443 374 147 248 13 295 202 259 177 28 216 275 313 183 373 345 324 327 268 264 173 226 351 103 51 46 342 107 350 315 114 276 61 364 154 228 164 180 331 274 311 368 255 34 199 283 465 282 402 133 136 355 238 336 457 223 284 167 197 270 345 389 214 282 191 179 349 55 311 182 328 382 313 272
 4 247 26 97 215 209 213 96 286 87 115 165 273 183 49 199 171 301 212 1 276 308 348 219 270 94 186 254 318 70 200 243 381 147 23 334 87 246 159 259 230 111 120 266 335 210 251 147 293 304 254 292 293 252 189 110 35 70 244 168 215 311 163 109 84 235 181 158 208 119 146 276 218 295 162 144 173 282 321 264 129 225 75 63 70 226 220 207 186 201 112 101 338 177 184 319 311 169 230 145 186 320 109 105 102 253 35 95 243 32 374 17 70 134 171 258 113 128 101 30 270 142 214 122 83 184 197 248 246 267 280 337 335 254 61 284 280 63 67 139 145 127 270 196 101 253 327 122 249 107 342 128 76 158 212 251 254 233 69 311 94 209 316 221 271 126 300 341 279 156 222 231 23 179 37 192 78 97 136 208 210 232 206 354 212 136 239 46 249 268 163 228 370 131 304 206 125 73 272 265 130 39 249 197 216 65 307 264 62 180 70 303 313 101 261 246 82 264 254 290 295 34 90 113 193 169 303 231 6 336 295 36 161 195 108 281 249 207 101 61
 272 38 292 243 84 217 114 253 116 266 368 238 312 247 230 104 213 33 353 276 1 54 142 132 128 321 91 172 239 339 78 347 190 255 258 223 281 294 207 58 144 268 231 321 125 69 135 148 150 223 196 44 190 177 357 169 310 314 164 170 214 105 335 376 267 60 97 306 105 158 397 305 153 221 223 251 346 370 234 76 153 254 285 237 325 279 64 320 93 286 169 333 199 161 345 50 128 179 178 197 110 99 357 190 177 106 303 281 71 300 160 278 237 259 157 112 189 168 280 265 223 137 95 159 194 247 83 158 324 73 32 134 82 123 315 66 78 299 328 306 298 198 108 200 202 198 58 272 168 345 196 149 200 346 324 110 262 373 207 64 333 176 164 65 147 166 137 86 281 124 354 59 257 104 275 355 352 360 181 179 151 63 82 165 86 141 210 320 42 316 322 328 174 351 53 75 253 320 385 36 208 311 229 177 73 299 110 44 230 336 342 144 166 360 114 259 310 22 145 49 179 307 342 204 158 108 57 144 280 194 249 288 203 301 338 243 28 179 283 275
 304 63 327 287 135 209 114 270 165 284 407 288 297 246 264 116 215 25 353 308 54 1 92 184 179 362 126 225 207 374 120 341 139 304 288 185 299 282 257 52 197 282 277 308 76 112 188 193 199 192 176 87 159 158 362 206 341 338 146 176 205 61 343 412 286 112 137 312 156 193 437 289 145 192 272 299 353 360 200 128 180 244 305 276 363 271 89 318 136 283 197 353 158 165 350 24 86 229 231 245 158 50 397 232 207 159 337 325 124 334 108 308 278 306 207 92 209 189 324 301 201 167 147 187 228 246 112 210 315 124 80 85 31 103 352 114 49 323 354 316 307 244 82 252 223 179 30 318 221 386 153 180 233 356 321 93 246 371 241 100 354 229 211 115 198 188 185 36 261 153 352 77 288 130 302 359 382 397 228 172 204 115 130 116 99 179 194 353 95 302 329 323 123 367 5 120 264 359 378 89 220 345 212 174 122 338 68 96 269 341 371 106 214 398 166 245 331 75 124 19 229 340 381 222 158 142 10 196 312 153 223 315 253 300 380 219 68 231 327 315
 345 135 370 349 216 192 136 287 256 302 457 364 256 235 312 152 213 116 337 348 142 92 1 269 269 418 188 313 143 417 191 314 48 375 327 113 316 249 332 106 283 293 345 270 18 186 276 262 290 133 142 178 106 128 354 262 378 361 125 189 186 43 340 456 305 196 204 309 238 247 488 246 141 137 348 370 349 323 134 217 223 217 326 331 411 244 149 300 205 265 239 369 81 178 342 110 39 305 317 317 234 44 448 294 251 248 381 385 211 378 27 344 334 375 283 91 238 221 386 349 157 216 229 231 277 235 170 298 284 214 171 12 76 97 401 205 78 347 382 319 307 313 79 333 251 145 110 385 309 439 74 229 280 356 302 98 209 351 288 191 373 312 302 195 289 223 276 76 216 201 333 137 326 179 333 349 417 443 298 163 287 199 207 26 144 236 165 393 181 263 325 298 32 377 92 195 272 409 347 178 235 386 177 171 202 391 44 186 322 333 403 55 305 445 256 211 350 163 105 95 320 381 431 244 164 199 87 283 353 77 169 346 328 284 435 171 147 314 389 369
 216 136 226 147 55 272 184 246 70 252 279 117 370 283 172 162 249 163 372 219 132 184 269 1 52 228 108 54 335 265 92 382 316 139 210 328 264 346 90 167 18 266 127 374 252 91 34 77 76 317 276 114 288 261 364 120 251 279 246 207 272 229 338 297 252 74 91 316 36 122 304 367 223 312 103 136 350 414 332 68 148 308 262 161 244 327 132 348 85 321 153 306 311 204 354 179 247 63 49 89 54 226 268 115 152 41 234 184 62 232 289 229 157 147 50 211 189 173 180 197 304 131 42 147 149 284 123 40 367 73 111 259 212 218 235 91 195 266 284 307 304 100 214 72 195 278 185 165 48 252 310 133 157 342 353 205 327 394 160 122 302 46 99 76 55 167 82 216 351 132 377 142 209 133 235 364 292 279 86 239 22 71 68 289 152 109 280 255 91 371 329 362 300 332 183 82 259 236 420 99 221 246 299 232 70 214 231 92 159 347 288 256 97 276 45 321 283 111 236 176 86 243 257 207 212 112 186 19 222 307 333 245 86 329 242 323 123 48 183 191
 267 146 276 196 79 305 209 292 24 299 328 158 404 321 223 189 286 156 415 270 128 179 269 52 1 276 139 52 355 315 119 422 317 182 260 343 311 381 135 177 45 311 175 409 252 114 22 126 29 337 301 96 307 284 409 168 302 329 269 242 304 232 383 346 299 84 126 360 71 168 352 400 250 334 146 179 395 452 351 53 190 342 310 212 294 363 152 389 119 360 198 355 322 238 399 168 254 110 69 137 95 226 316 166 198 27 285 232 65 283 286 279 208 191 101 227 232 215 228 248 329 172 70 190 198 322 150 41 405 56 100 261 203 236 285 68 202 316 334 353 349 150 227 108 240 303 172 210 50 300 320 176 205 389 394 222 358 437 209 95 352 81 52 94 20 209 32 206 381 169 419 158 259 165 285 409 342 328 137 270 65 83 96 292 175 154 309 305 93 406 374 402 301 381 179 108 303 285 460 93 263 296 328 264 92 264 236 85 210 391 338 267 51 326 16 353 332 108 256 176 53 294 306 250 243 148 184 44 273 318 358 295 131 370 290 349 130 84 231 241
 95 300 71 82 245 299 285 189 297 179 53 130 365 275 109 267 261 351 300 94 321 362 418 228 276 1 237 244 406 63 245 334 455 105 113 418 178 339 143 320 232 203 102 359 403 254 256 175 293 390 340 326 376 335 273 158 92 148 326 250 304 378 249 77 176 269 226 248 231 172 78 369 299 382 136 105 257 372 408 288 196 317 165 88 37 318 276 298 229 294 181 177 418 258 270 369 382 167 219 140 215 384 41 132 169 267 66 45 271 68 443 108 86 91 180 330 196 204 50 76 358 203 240 188 142 276 253 244 338 292 316 406 392 329 39 311 344 148 132 228 235 130 341 177 185 339 377 71 241 25 422 189 140 241 303 323 346 319 133 341 167 200 314 259 271 200 305 397 371 217 310 289 112 240 128 277 105 59 146 293 212 266 242 427 275 185 327 78 286 360 251 319 442 206 359 247 217 26 360 301 218 74 338 282 251 31 375 298 96 267 114 378 310 54 272 338 165 305 332 347 286 78 35 200 274 223 360 233 90 416 384 123 147 287 19 371 298 197 47 50
 183 64 203 164 60 167 78 170 142 181 282 178 267 184 141 56 149 117 283 186 91 126 188 108 139 237 1 160 230 250 22 286 231 188 168 226 195 244 147 85 125 187 158 271 172 30 132 75 167 212 169 113 185 155 281 81 220 226 140 105 167 147 257 288 182 64 19 230 74 69 312 262 117 207 162 183 269 315 228 103 65 204 198 151 238 225 41 254 24 224 80 246 213 100 270 135 158 123 153 131 56 150 272 108 87 113 214 201 81 211 212 188 153 188 101 113 106 85 201 177 198 48 70 70 105 185 20 146 268 104 100 177 155 117 227 115 112 211 239 227 221 125 119 156 117 171 143 198 155 261 214 59 110 266 259 106 221 304 118 135 245 140 189 50 152 81 164 161 245 37 286 53 168 28 186 280 262 272 111 133 119 63 44 203 50 53 174 230 71 268 246 266 217 267 123 33 175 234 324 87 131 222 193 127 49 213 146 89 144 262 252 161 188 273 124 216 223 82 132 110 187 218 256 122 107 18 123 125 191 210 227 198 144 235 255 217 65 141 204 190
 251 184 256 169 106 324 236 292 74 297 296 118 423 334 210 215 301 202 421 254 172 225 313 54 52 244 160 1 387 290 144 433 360 144 248 379 308 399 103 215 36 312 146 426 296 143 38 122 54 369 328 145 340 313 411 165 284 318 298 260 325 274 384 318 296 120 144 364 88 170 318 420 276 365 109 142 396 466 383 99 198 360 304 192 267 379 183 398 138 372 202 347 360 257 402 215 294 86 26 111 107 270 284 152 200 67 263 200 103 262 332 265 187 155 87 262 239 224 195 228 357 183 93 197 192 335 176 16 419 103 147 304 251 269 259 118 242 306 320 354 352 128 264 68 244 330 220 175 7 267 359 183 200 388 403 256 379 443 202 145 342 46 72 126 36 218 70 254 404 184 426 192 247 186 275 411 322 299 119 292 49 118 120 335 204 159 333 284 134 423 377 413 344 374 224 134 308 257 470 137 271 275 352 285 120 237 278 130 193 394 320 305 67 296 61 374 324 151 287 220 43 274 276 256 265 165 228 36 256 356 386 283 99 379 256 376 169 49 198 216
 316 211 343 358 283 112 153 231 349 245 432 397 125 150 299 176 149 227 226 318 239 207 143 335 355 406 230 387 1 384 245 192 131 399 297 35 256 128 368 183 352 227 364 141 149 246 354 295 381 19 68 282 50 78 251 274 339 304 92 159 105 150 246 421 249 272 248 218 301 259 463 114 118 25 382 394 252 192 10 306 224 112 269 328 388 133 205 191 253 161 234 300 66 153 241 230 124 348 382 349 286 164 426 308 246 329 353 386 291 349 156 308 333 394 328 130 212 207 389 331 50 229 295 231 273 149 213 372 161 305 270 140 206 121 378 303 164 292 327 235 223 337 133 383 221 68 234 397 382 423 74 238 272 264 191 134 89 234 279 301 306 370 399 263 372 212 372 209 83 219 219 198 297 207 291 245 370 412 327 115 348 273 268 123 184 257 80 357 264 134 232 182 134 297 205 254 206 390 220 269 189 353 74 126 268 376 142 276 318 233 353 103 400 417 340 95 288 254 101 198 407 347 408 207 138 231 199 352 323 69 35 302 365 181 423 46 228 370 391 360
 73 313 49 122 271 274 282 156 334 144 51 183 327 243 111 268 236 366 250 70 339 374 417 265 315 63 250 290 384 1 262 288 451 159 92 401 138 302 189 327 273 166 146 319 404 272 296 200 336 370 321 351 361 320 221 171 47 98 313 237 281 380 199 40 140 293 243 204 261 183 80 332 287 362 186 158 206 325 388 318 197 286 124 107 27 282 286 254 247 255 180 123 406 246 219 384 380 207 265 180 242 388 50 155 169 302 38 96 299 41 443 77 109 145 216 327 183 197 103 75 336 208 268 189 147 244 263 288 296 322 340 406 402 324 33 340 349 102 77 182 191 166 339 226 170 320 392 126 286 58 411 195 142 188 259 321 315 268 134 368 113 245 358 281 314 195 346 408 339 223 261 298 92 246 94 226 43 29 180 276 252 290 264 423 280 198 306 29 309 321 203 275 439 150 370 267 184 39 310 325 197 33 314 265 275 55 376 323 111 218 55 373 354 35 309 307 116 326 323 357 332 39 35 181 262 234 370 274 65 405 359 84 192 245 67 346 314 242 100 76
 197 59 216 168 41 187 93 190 121 200 291 174 286 205 153 72 170 107 304 200 78 120 191 92 119 245 22 144 245 262 1 306 235 187 183 238 214 264 142 86 109 207 159 291 174 11 113 75 147 227 186 95 198 170 302 92 234 243 155 125 187 149 278 299 201 43 20 251 57 81 321 282 133 222 158 182 289 335 241 83 84 224 217 160 248 245 44 275 17 245 98 265 223 120 291 125 163 116 139 128 45 150 281 114 104 93 226 206 60 223 214 203 160 188 94 122 126 105 205 188 214 66 52 88 118 206 33 129 288 83 82 180 150 128 237 95 114 228 255 247 242 126 127 146 136 188 133 200 138 268 223 76 124 286 279 116 240 325 131 116 263 128 169 29 133 101 143 155 263 57 307 56 182 48 202 301 276 283 110 152 105 42 25 208 62 65 192 243 52 288 267 287 220 286 117 12 195 243 345 68 151 235 211 146 29 222 150 69 153 282 267 169 168 283 104 235 241 66 145 106 168 231 265 143 126 36 118 109 204 219 243 214 139 255 262 234 54 129 208 198
 243 310 264 326 344 132 234 155 426 159 337 387 71 103 256 245 137 352 46 243 347 341 314 382 422 334 286 433 192 288 306 1 316 377 229 225 157 66 368 295 399 136 343 55 312 313 412 313 450 191 173 385 210 189 79 273 245 190 197 182 136 301 92 314 162 348 297 86 353 265 362 82 198 185 378 373 89 39 200 387 236 99 170 288 303 71 288 38 304 63 232 169 251 189 75 363 281 362 417 349 330 316 336 298 237 396 269 336 365 266 333 228 295 367 351 251 195 210 342 269 159 252 352 237 252 102 279 421 31 388 370 306 354 239 297 396 293 188 212 107 100 331 262 398 193 170 370 359 427 341 259 251 247 108 33 249 107 45 249 407 179 398 473 334 433 216 448 358 110 253 34 289 230 260 208 73 255 314 330 171 385 347 328 301 264 275 151 262 350 62 85 21 315 149 337 318 131 310 40 362 162 263 138 171 334 307 292 367 280 73 239 261 472 320 408 104 172 351 220 325 467 258 320 179 190 275 332 399 246 252 158 212 368 55 346 150 324 397 342 302
 378 181 404 390 263 206 171 312 303 328 492 408 253 250 348 190 234 163 345 381 190 139 48 316 317 455 231 360 131 451 235 316 1 418 359 97 341 251 376 151 330 316 387 268 65 231 323 305 337 127 152 225 109 143 366 302 409 388 145 217 199 88 355 489 331 243 248 324 284 287 524 243 166 133 392 413 363 321 122 265 260 225 352 369 446 250 193 308 249 275 275 392 67 206 354 155 75 350 364 361 279 91 484 335 287 295 415 425 258 411 37 376 373 418 328 126 269 255 426 384 159 255 276 268 314 250 213 346 286 261 218 57 120 128 436 252 123 374 409 337 325 355 116 379 282 155 155 426 356 476 59 268 316 372 309 133 210 357 324 237 397 358 349 241 336 258 323 119 211 241 340 181 359 220 363 361 447 477 341 184 334 245 253 29 185 277 175 425 228 261 340 303 17 397 139 240 294 445 347 225 261 419 182 193 248 428 87 233 360 346 432 79 351 480 303 214 375 210 129 142 367 413 466 273 191 241 134 330 386 65 162 376 373 295 473 168 194 360 429 406
 146 245 138 52 172 305 256 223 204 220 155 27 391 295 122 234 271 287 352 147 255 304 375 139 182 105 188 144 399 159 187 377 418 1 153 403 226 364 50 270 139 243 37 389 358 193 161 114 195 382 332 248 360 323 332 126 167 216 310 244 309 334 306 180 218 197 172 295 153 141 175 391 283 375 37 6 316 414 399 205 176 333 217 91 133 343 227 340 172 325 167 247 395 248 326 304 344 79 119 59 146 336 143 92 157 179 141 64 193 142 399 163 83 15 99 297 197 195 57 118 357 172 163 169 132 296 207 146 373 209 242 364 333 299 128 228 298 209 209 278 281 64 305 77 194 333 311 34 141 126 397 162 136 303 345 290 359 374 132 259 239 102 214 191 174 189 209 338 385 184 361 240 152 202 179 335 197 162 78 287 120 193 175 390 235 146 327 161 215 388 303 359 404 277 301 185 248 122 410 228 229 154 342 276 183 105 333 223 98 321 200 347 210 157 181 352 228 236 310 291 184 154 138 210 262 179 303 140 147 392 385 182 55 325 114 373 237 99 60 91
 20 229 47 102 201 188 192 78 275 71 137 169 254 163 39 179 150 283 201 23 258 288 327 210 260 113 168 248 297 92 183 229 359 153 1 312 74 228 158 240 223 95 123 249 314 193 243 136 285 282 232 276 271 230 180 96 53 71 222 146 194 290 154 131 68 220 165 145 196 103 168 257 196 274 163 150 164 267 299 251 109 205 65 64 92 207 201 192 170 184 93 100 316 155 174 301 289 164 226 142 173 299 130 98 83 242 57 108 229 54 352 21 72 141 164 237 92 106 114 41 249 123 202 102 67 164 178 242 230 254 264 315 316 232 82 270 260 59 75 127 131 124 249 194 79 231 309 132 243 127 320 110 60 151 198 230 234 222 54 296 94 205 309 206 264 104 291 321 259 137 210 212 2 160 28 183 95 119 131 186 203 217 191 332 192 120 218 67 233 250 151 213 348 129 285 190 106 94 259 250 108 61 228 175 201 83 286 249 60 169 85 281 306 123 251 226 78 248 232 271 289 55 112 91 171 151 284 223 28 314 273 36 160 179 128 260 232 203 114 74
 331 198 358 365 274 133 150 251 335 265 448 398 159 174 310 173 168 207 257 334 223 185 113 328 343 418 226 379 35 401 238 225 97 403 312 1 277 160 368 168 344 249 368 174 121 238 344 295 368 36 81 265 44 84 281 278 357 325 95 169 126 126 274 438 269 261 244 245 294 263 478 148 122 44 383 398 281 226 26 293 230 140 290 337 402 163 197 221 248 190 242 324 33 161 270 207 100 347 376 350 281 139 441 313 254 318 368 395 279 364 123 325 342 399 326 118 224 216 398 344 74 232 287 237 281 174 208 364 194 291 253 111 180 111 392 288 145 313 348 261 249 340 117 381 234 82 210 403 373 436 41 242 281 292 222 123 120 267 288 282 330 365 385 254 361 221 358 182 117 220 251 188 312 205 309 276 390 429 329 126 342 263 261 91 178 259 99 374 251 167 260 214 100 323 183 247 227 404 253 254 205 369 99 138 259 389 118 262 327 263 373 81 386 433 328 126 310 239 96 178 395 364 423 221 146 229 177 345 338 37 68 320 366 210 435 76 214 366 400 371
 87 246 108 175 242 145 189 30 323 16 188 240 191 109 106 184 110 299 128 87 281 299 316 264 311 178 195 308 256 138 214 157 341 226 74 277 1 165 226 248 278 30 194 183 306 224 296 189 338 244 197 308 241 201 108 145 92 49 198 129 152 286 81 170 14 256 198 72 243 144 216 195 177 235 233 222 92 196 260 292 131 151 15 136 149 146 218 121 205 119 118 55 288 140 101 316 278 227 288 208 218 297 185 159 115 290 114 180 269 111 342 71 144 214 222 228 92 113 186 113 207 149 246 127 117 110 199 299 161 294 294 306 323 221 142 308 261 38 73 54 59 190 242 261 80 196 324 205 303 187 294 140 109 81 126 223 180 149 108 329 58 267 362 241 318 116 341 328 203 159 137 226 75 177 51 110 116 165 193 158 260 253 229 316 201 160 178 110 265 185 78 142 332 73 295 224 51 155 186 281 83 110 183 149 238 150 279 282 130 96 99 265 360 171 300 172 35 276 214 281 347 104 168 78 153 179 292 279 89 287 227 56 227 110 191 214 254 265 186 146
 245 258 269 315 303 79 182 151 383 161 352 370 28 69 246 197 99 295 99 246 294 282 249 346 381 339 244 399 128 302 264 66 251 364 228 160 165 1 347 240 364 137 328 29 248 269 374 284 409 126 110 334 145 127 127 248 256 208 137 140 81 239 128 333 164 303 258 106 314 237 380 31 142 120 358 359 131 78 136 342 204 41 179 278 312 22 239 66 264 48 205 195 186 144 118 305 218 336 386 327 293 254 349 278 212 355 277 332 321 273 269 232 285 355 321 192 170 179 337 267 94 217 313 207 233 68 233 386 36 342 320 243 293 180 305 348 234 201 232 127 115 311 202 373 171 107 311 351 393 350 194 220 229 146 65 191 42 108 233 356 204 368 431 290 395 185 405 297 49 216 92 238 229 217 212 121 277 329 306 117 352 302 286 236 214 243 89 274 302 26 115 55 250 184 279 275 122 317 99 313 136 273 74 120 291 310 230 319 269 112 259 197 431 335 366 40 190 301 160 267 429 268 331 156 140 235 274 364 249 187 93 220 346 62 353 85 273 368 338 300
 157 200 158 68 124 281 220 217 157 218 195 33 373 279 121 197 250 239 349 159 207 257 332 90 135 143 147 103 368 189 142 368 376 50 158 368 226 347 1 227 91 237 44 373 315 148 115 74 151 350 302 199 326 291 333 100 186 227 277 217 285 290 306 216 216 149 130 290 104 113 218 372 250 343 17 47 317 404 366 156 148 313 220 96 165 326 184 332 128 312 144 257 358 219 325 257 303 30 78 21 100 292 183 71 136 130 163 99 144 163 355 172 90 58 51 258 178 171 94 131 328 140 114 143 117 280 166 102 360 160 194 321 286 261 157 179 255 217 225 276 277 38 265 39 178 303 264 76 99 166 359 132 123 306 337 251 337 370 121 210 250 58 172 143 129 165 163 291 363 149 356 197 157 164 185 334 222 198 42 258 72 145 128 348 195 112 300 185 167 372 301 349 361 286 255 139 239 155 403 179 212 176 316 249 136 135 291 174 100 319 222 307 168 194 133 330 235 188 274 245 145 175 174 193 232 140 257 92 161 355 357 191 5 315 156 345 191 55 97 115
 256 32 279 247 113 164 64 219 168 233 363 259 257 198 218 65 166 58 305 259 58 52 106 167 177 320 85 215 183 327 86 295 151 270 240 168 248 240 227 1 182 231 241 266 89 81 179 157 201 166 139 101 134 121 313 163 292 287 107 126 161 65 292 365 235 96 100 262 135 148 393 250 99 164 242 266 303 317 177 126 132 200 255 233 317 227 45 271 100 236 148 302 147 115 301 71 81 200 215 212 129 67 353 192 159 152 290 285 113 287 129 259 235 271 178 55 158 139 285 255 166 120 126 139 182 198 67 200 271 124 88 96 77 66 307 121 29 272 304 266 257 209 52 229 172 142 79 281 210 342 145 134 186 305 274 53 207 324 194 121 303 209 218 92 195 138 191 83 224 105 305 32 239 82 252 310 333 351 193 126 184 98 103 124 49 135 154 305 84 261 279 277 136 316 48 90 213 314 333 87 169 297 173 126 99 294 66 95 225 292 321 91 219 352 162 204 280 72 88 34 229 292 336 170 109 98 46 182 264 143 191 265 223 252 337 186 48 210 287 271
 227 152 235 153 71 289 201 261 66 267 284 115 388 300 184 179 266 175 389 230 144 197 283 18 45 232 125 36 352 273 109 399 330 139 223 344 278 364 91 182 1 281 132 391 266 108 24 91 64 334 293 122 305 278 380 135 262 292 263 225 290 243 353 303 266 88 109 332 53 138 308 384 240 330 102 136 365 431 349 75 164 325 276 170 251 344 149 364 103 338 169 319 327 222 370 190 262 67 35 94 72 240 272 126 168 44 243 188 74 242 303 240 166 148 60 228 205 190 184 207 321 148 58 163 163 301 140 23 385 80 121 274 224 235 242 97 210 279 295 323 320 108 230 66 211 295 195 167 31 256 326 149 170 357 369 222 344 410 173 128 315 39 87 92 42 184 74 228 368 149 393 158 221 151 248 380 301 285 95 257 22 86 85 304 169 125 298 264 104 388 345 379 314 346 195 99 275 242 436 110 238 255 316 250 86 221 246 103 170 362 298 272 84 282 44 338 296 123 253 190 70 253 262 223 230 130 199 2 233 323 350 257 87 346 246 341 137 42 187 198
 110 233 134 191 238 117 170 22 321 25 216 254 163 80 121 168 84 284 112 111 268 282 293 266 311 203 187 312 227 166 207 136 316 243 95 249 30 137 237 231 281 1 209 156 284 216 297 192 339 215 170 298 214 175 100 148 121 78 172 108 124 264 73 199 28 249 193 54 241 144 245 167 154 207 246 238 85 174 232 287 124 122 44 153 176 117 205 99 200 92 115 77 261 120 90 300 255 235 294 219 217 277 213 168 114 288 141 201 264 137 318 96 160 232 227 207 82 103 207 135 179 143 244 123 123 81 188 303 136 289 284 283 304 199 169 301 242 67 102 43 41 201 220 270 73 168 308 224 307 214 267 137 116 80 104 202 151 134 117 320 83 273 362 234 319 107 340 310 174 151 120 212 96 166 76 100 145 194 202 133 264 247 224 292 186 158 150 139 257 158 65 119 308 87 278 217 23 182 168 272 63 137 154 124 232 175 258 275 145 83 128 241 360 200 299 143 62 265 190 264 350 131 195 66 131 172 275 282 114 260 198 83 238 85 217 185 242 272 208 168
 118 217 116 25 150 269 222 189 196 188 154 47 355 260 89 201 235 262 319 120 231 277 345 127 175 102 158 146 364 146 159 343 387 37 123 368 194 328 44 241 132 209 1 353 329 166 155 85 193 346 297 230 326 288 301 91 145 189 275 208 273 304 274 173 186 175 143 262 133 107 178 355 248 339 43 32 285 380 363 189 140 297 186 59 122 307 197 306 143 290 131 219 362 212 294 280 313 66 121 39 122 307 142 56 121 167 121 58 174 121 369 135 52 32 81 264 161 159 54 91 321 138 143 134 96 261 176 144 338 193 222 334 307 266 114 212 268 180 185 246 248 34 273 81 158 297 288 42 142 126 364 127 100 272 311 257 323 341 97 243 213 101 214 167 171 153 204 312 349 150 327 210 121 169 149 303 179 155 51 251 111 172 150 359 203 112 291 142 193 353 271 325 373 249 275 159 214 112 376 207 194 134 306 240 159 92 303 203 65 289 180 314 211 152 171 316 199 213 275 264 188 133 132 174 226 147 276 133 121 359 349 154 48 290 116 337 211 98 57 72
