NAME : domp220p55v6
COMMENT : (Deleplanque et al.) 
TYPE : DOMP
DIMENSION : 220
DISPLAY_DATA_TYPE: NO_DISPLAY
OPEN_FACILITIES : 55
COST_SECTION
 1 141 202 353 256 343 225 72 359 404 431 90 133 208 453 216 315 231 263 223 299 321 265 297 301 309 232 73 283 194 407 29 360 334 164 283 366 303 344 262 317 414 123 115 419 224 211 270 285 75 275 223 414 302 252 201 284 161 340 48 227 223 97 107 178 100 33 282 380 290 24 195 230 241 197 357 352 303 174 123 118 216 110 229 135 219 190 405 378 236 367 355 161 117 225 109 363 415 269 203 306 279 190 170 349 187 222 312 354 222 177 359 394 126 256 196 361 227 332 211 221 308 344 95 175 282 402 386 191 304 203 314 274 232 298 111 288 210 150 360 48 256 76 416 281 307 159 298 279 385 236 125 34 108 144 145 137 172 153 174 328 132 121 225 248 343 283 392 450 398 399 286 308 215 278 405 273 170 391 150 281 331 67 377 282 405 297 243 72 79 238 295 183 113 352 316 47 234 142 383 234 251 84 271 157 330 245 80 234 120 134 220 326 65 439 217 366 368 154 40
 141 1 218 312 267 342 108 141 267 360 334 53 102 75 358 282 267 91 123 262 240 195 258 214 260 289 248 212 146 58 357 158 279 373 45 298 275 249 257 211 256 349 246 27 332 276 159 176 206 188 304 164 335 289 149 77 334 180 299 153 193 279 235 71 69 195 146 143 383 230 129 215 281 134 127 370 297 305 261 84 56 103 70 89 213 140 266 428 304 98 265 322 169 180 160 150 323 319 138 63 281 165 133 48 265 86 87 298 385 97 122 283 359 218 190 58 312 124 278 145 217 300 314 104 139 298 363 397 59 263 219 252 141 270 162 178 328 144 170 364 101 311 79 315 229 203 30 176 140 350 101 139 165 35 218 60 172 68 257 224 197 41 56 155 161 293 163 351 352 304 296 164 305 276 296 295 259 240 387 29 144 295 172 402 288 346 237 161 211 90 289 202 242 41 240 291 100 106 237 397 287 113 118 162 163 365 141 207 105 139 249 81 216 158 349 171 365 250 256 126
 202 218 1 166 55 142 199 131 232 216 298 193 117 284 316 96 141 258 290 52 143 271 68 175 124 113 32 217 285 267 222 184 216 156 193 85 237 141 214 110 159 242 180 206 273 73 100 177 161 154 88 111 259 103 185 291 121 44 156 158 76 80 220 153 178 127 172 317 180 139 181 9 78 188 127 159 180 102 118 136 164 188 152 263 98 139 101 214 222 255 256 163 51 91 119 95 175 284 340 254 115 217 111 264 212 169 234 113 168 213 113 210 201 119 129 261 182 176 162 119 32 108 152 128 89 84 211 189 270 126 2 157 337 57 286 98 113 119 55 160 176 105 168 292 123 216 247 246 301 193 301 87 185 211 92 162 66 174 145 54 289 247 163 126 158 167 233 203 317 266 283 238 107 86 81 299 78 84 190 197 333 144 149 187 81 229 145 148 216 152 82 190 68 231 262 123 178 315 126 187 83 262 127 205 57 148 183 180 313 90 164 273 238 142 295 92 165 287 140 165
 353 312 166 1 131 97 234 284 137 53 174 313 231 353 183 236 47 303 323 186 78 245 101 128 54 60 149 380 299 340 57 339 106 194 272 130 138 68 125 102 69 84 345 314 140 207 156 164 124 317 160 149 117 74 193 367 207 198 14 314 128 215 384 270 248 291 326 347 123 88 329 174 207 206 186 136 41 101 275 249 272 229 268 312 263 176 254 187 89 295 171 21 194 253 154 247 12 165 391 317 53 207 182 351 115 231 280 68 182 253 195 95 48 284 126 331 25 206 45 168 138 80 24 262 185 133 52 146 346 51 166 73 382 181 289 260 187 169 207 116 316 215 298 180 85 176 336 230 326 39 358 229 343 322 256 255 223 247 306 217 267 351 271 159 165 30 225 41 189 152 182 230 90 227 137 205 89 244 111 285 373 23 309 179 114 68 83 160 378 284 205 151 225 342 199 47 318 379 289 152 209 293 270 198 198 185 197 344 376 234 328 330 189 299 159 145 104 224 302 313
 256 267 55 131 1 88 232 185 227 177 286 246 166 329 300 106 120 296 326 55 135 290 35 180 104 72 25 266 316 312 186 236 204 114 237 33 231 128 210 114 146 213 221 257 256 77 128 193 167 204 48 135 238 59 209 337 95 98 124 211 93 85 266 204 220 175 225 353 126 134 234 61 78 215 161 106 155 49 146 186 214 222 203 303 141 167 124 162 203 292 255 123 103 142 143 149 138 273 382 297 80 238 147 312 205 208 272 68 121 248 153 196 159 162 141 305 151 205 141 148 51 60 112 182 130 32 169 135 316 104 54 146 377 51 314 149 79 149 109 106 230 92 222 284 118 228 295 267 335 150 344 141 237 262 134 209 120 216 179 94 310 298 213 151 179 141 255 163 303 256 278 261 56 97 31 297 48 117 136 244 372 111 200 137 27 198 138 169 264 205 77 199 98 283 269 85 232 359 164 134 81 296 181 226 109 105 209 227 357 144 202 315 248 194 278 117 111 295 174 219
 343 342 142 97 88 1 287 272 229 122 270 327 245 397 279 173 119 357 382 132 149 323 85 204 111 62 112 351 365 381 135 323 199 100 308 64 231 139 215 151 150 175 302 335 236 146 189 231 195 290 87 190 212 56 255 408 124 184 100 298 152 153 350 284 287 260 312 408 43 155 321 148 144 265 224 41 135 40 221 265 292 280 283 364 226 223 198 99 185 351 262 78 187 229 197 235 97 261 444 363 76 277 213 386 206 272 332 50 86 306 222 189 97 246 181 374 121 259 132 207 128 44 74 265 204 67 109 60 386 108 140 153 438 124 359 236 104 208 195 25 316 140 305 275 143 255 369 304 389 92 408 225 324 342 217 283 207 284 257 178 345 376 291 205 224 122 296 109 285 247 276 301 38 166 71 298 84 198 49 317 431 90 286 85 62 157 154 216 350 289 138 227 178 363 286 69 318 426 245 63 144 352 267 266 193 91 257 312 423 229 282 379 271 281 255 176 25 312 252 305
 225 108 199 234 232 287 1 192 163 275 228 142 114 123 251 287 188 71 96 250 156 98 210 116 187 228 221 288 87 112 269 232 179 344 66 261 170 167 154 139 169 254 300 125 228 270 105 77 113 245 277 100 233 232 46 139 318 177 221 217 141 275 306 120 48 238 217 123 328 147 205 200 275 30 73 322 209 257 285 111 108 12 117 79 240 66 280 383 206 64 158 248 162 208 92 178 244 213 159 87 216 59 89 130 164 41 47 239 349 20 88 184 279 254 110 102 227 30 193 84 183 245 241 146 113 261 281 346 118 190 200 165 152 255 90 210 306 84 172 311 178 302 150 208 152 97 119 74 105 272 126 156 238 135 242 81 184 53 294 229 107 146 105 84 69 209 60 269 245 199 190 62 253 278 261 189 206 255 326 83 145 220 229 361 245 253 152 75 287 150 280 100 249 147 134 225 178 146 271 348 280 66 164 56 158 335 39 270 144 159 296 98 110 213 244 116 308 146 291 195
 72 141 131 284 185 272 192 1 304 336 376 94 82 215 397 156 248 219 254 155 235 287 195 241 234 238 161 105 266 199 339 57 301 268 144 213 311 238 288 197 254 349 110 118 360 160 151 220 228 54 207 164 353 231 208 215 220 90 272 32 161 160 119 78 148 55 43 277 309 227 51 124 165 200 145 287 287 232 125 82 94 181 80 220 78 168 134 337 316 221 317 285 91 50 167 38 294 361 278 199 237 239 135 183 291 152 203 241 286 196 124 299 325 78 196 198 294 185 267 155 150 237 275 47 114 211 333 316 199 236 132 251 280 164 276 45 222 154 80 289 55 193 65 363 217 260 168 262 269 316 241 57 60 116 85 115 66 142 117 107 298 152 96 169 197 277 247 323 395 343 348 251 237 153 208 357 203 110 320 136 283 262 38 308 211 339 235 190 104 52 173 243 119 132 307 246 57 246 97 314 170 234 29 229 87 263 202 80 245 52 110 219 280 22 381 155 295 327 116 36
 359 267 232 137 227 229 163 304 1 152 73 290 227 280 95 323 113 220 227 273 93 125 192 64 127 174 233 408 196 271 140 356 33 320 224 241 9 100 18 122 83 107 395 280 66 296 155 93 77 351 269 141 74 187 119 297 319 241 131 335 160 304 420 256 200 333 341 246 259 95 336 238 299 135 163 269 98 219 347 238 250 165 253 229 317 141 332 323 61 211 35 157 229 294 138 274 142 58 299 245 160 111 171 292 24 184 202 187 312 179 183 45 169 337 110 261 116 144 98 150 202 198 158 266 191 244 164 282 278 128 232 82 287 272 180 300 300 151 244 250 314 317 288 62 111 69 281 121 225 165 275 250 362 290 314 224 262 203 370 283 146 307 247 136 113 109 123 154 92 40 53 126 209 314 246 72 180 313 247 240 275 140 338 313 222 115 90 117 406 281 300 67 298 305 67 163 315 297 349 287 303 202 280 109 230 310 127 379 294 255 384 251 68 324 83 154 240 90 366 322
 404 360 216 53 177 122 275 336 152 1 167 363 282 396 169 280 94 343 360 231 121 272 150 162 105 106 197 431 333 384 16 391 120 220 318 170 150 112 145 151 107 61 394 362 131 251 205 201 163 368 199 197 106 119 232 411 243 249 65 366 180 259 435 320 294 341 378 383 132 131 381 224 251 247 234 155 67 139 322 299 322 271 318 352 312 221 300 194 93 335 184 55 245 304 201 299 42 162 430 360 103 241 231 397 133 277 321 110 203 294 244 109 26 334 171 374 49 248 83 216 189 121 66 314 236 173 16 155 390 102 216 111 420 226 321 311 222 217 258 133 367 255 348 179 132 205 382 261 361 31 399 281 394 371 306 304 275 294 354 266 293 399 320 206 207 68 258 15 178 154 186 262 128 271 177 210 139 293 114 332 410 74 360 194 157 44 125 203 429 336 247 184 273 391 218 95 369 420 338 162 252 331 321 234 249 211 237 394 417 285 377 372 214 351 146 195 119 241 350 365
 431 334 298 174 286 270 228 376 73 167 1 361 300 339 24 387 167 278 278 335 156 167 251 136 183 224 296 480 243 332 152 429 83 367 292 295 66 160 89 190 142 108 466 349 37 359 227 164 150 423 325 213 62 238 187 357 374 311 173 407 229 367 492 327 269 404 413 293 292 161 409 305 361 202 235 309 137 269 414 310 321 232 325 287 387 213 398 356 87 268 72 193 300 366 210 346 175 17 348 306 212 172 243 355 88 254 263 235 355 242 255 90 190 407 182 322 150 213 147 223 267 248 197 338 263 298 181 315 340 183 298 142 336 334 225 371 354 223 315 288 386 376 360 25 176 132 346 172 273 189 329 322 434 359 383 295 333 272 439 350 183 374 318 208 185 152 180 174 20 34 44 181 259 377 301 61 239 381 277 309 322 185 410 351 277 123 154 189 479 353 361 138 365 374 105 211 387 352 418 322 365 257 353 174 301 357 195 451 349 327 454 309 122 397 28 225 275 112 435 395
 90 53 193 313 246 327 142 94 290 363 361 1 84 125 384 244 270 142 175 232 247 236 244 232 260 281 225 160 195 109 363 106 297 345 78 277 298 254 278 213 265 361 194 27 354 242 159 199 222 137 279 168 353 278 176 123 302 152 300 102 187 244 182 45 96 147 94 195 368 237 77 189 247 162 134 351 304 289 217 65 43 135 46 140 169 153 225 406 320 147 294 320 144 138 166 111 324 345 188 116 275 199 134 91 284 109 133 287 360 137 120 299 358 171 198 110 317 150 284 151 200 287 310 67 130 276 364 379 108 263 195 261 192 240 209 135 299 150 140 348 49 277 31 343 233 232 76 215 191 350 152 108 113 23 176 67 137 91 209 188 241 60 45 164 179 298 200 353 379 329 326 203 290 239 273 328 248 199 374 62 196 293 122 379 269 355 245 177 159 46 255 225 205 41 273 285 48 154 190 378 253 162 76 193 138 339 168 155 154 106 199 134 248 108 373 169 351 287 208 74
 133 102 117 231 166 245 114 82 227 282 300 84 1 170 322 187 190 155 189 162 169 208 161 165 178 198 147 184 194 153 282 130 228 271 82 198 235 175 212 134 188 285 188 92 287 177 80 140 153 134 203 92 282 195 128 176 233 80 218 110 104 180 200 41 75 125 115 215 286 160 110 114 182 120 66 270 225 207 176 21 49 103 39 158 129 89 175 327 247 155 238 237 67 96 93 65 242 284 229 144 191 158 58 149 217 75 135 204 283 121 46 228 276 141 124 148 236 105 205 79 118 204 227 39 47 197 282 298 155 181 118 184 228 169 201 97 227 78 70 267 89 212 68 285 153 180 131 182 203 267 190 45 136 98 132 49 77 70 181 128 220 133 48 93 118 218 167 271 319 267 270 171 208 180 195 277 164 148 292 83 227 211 119 301 188 278 168 112 183 56 189 164 147 119 226 202 91 202 159 298 188 165 55 148 62 264 121 161 200 47 183 163 200 103 307 88 268 246 179 96
 208 75 284 353 329 397 123 215 280 396 339 125 170 1 362 354 308 62 75 331 277 179 315 238 304 341 312 280 109 18 391 228 299 438 92 360 287 287 274 255 290 375 318 99 344 346 210 198 235 261 370 210 352 342 168 19 402 249 341 226 246 349 303 144 111 269 218 83 439 267 199 282 351 152 175 428 331 363 335 154 128 126 143 53 287 179 339 488 328 72 269 366 236 254 204 223 364 325 64 37 330 170 185 39 284 126 79 350 448 105 177 306 400 292 228 25 348 150 314 192 278 354 359 178 199 360 402 454 18 307 285 286 68 338 129 252 395 191 239 421 173 381 152 317 270 212 50 168 89 392 30 211 235 103 292 123 243 114 331 296 172 78 128 197 190 330 160 390 354 313 297 159 361 348 358 290 314 313 440 89 75 339 245 464 347 375 273 195 279 165 358 221 314 96 236 340 172 32 311 455 357 85 192 172 231 430 161 279 31 211 323 31 218 232 358 222 419 239 330 198
 453 358 316 183 300 279 251 397 95 169 24 384 322 362 1 403 181 301 300 351 174 189 266 158 198 236 311 501 265 355 154 450 101 377 315 308 88 176 110 209 158 110 486 372 45 374 248 186 171 444 338 234 67 251 210 379 387 330 184 428 248 382 513 350 292 424 435 315 298 179 431 323 376 225 257 317 149 281 432 332 343 255 347 309 406 235 415 362 99 291 95 201 320 385 231 367 183 39 370 329 224 195 265 378 108 277 286 247 364 265 277 106 194 427 203 345 159 236 160 244 285 259 207 360 284 311 184 321 362 198 316 159 357 349 246 391 366 245 335 295 408 390 382 46 194 155 369 195 294 194 352 343 455 382 402 318 353 295 458 368 204 397 341 230 207 163 203 178 12 56 66 204 270 393 314 79 253 398 282 332 344 196 431 358 290 126 172 212 500 375 376 160 382 397 127 223 409 375 437 328 380 279 374 197 321 367 218 472 372 348 473 332 145 417 25 246 282 132 454 416
 216 282 96 236 106 173 287 156 323 280 387 244 187 354 403 1 223 339 373 52 232 364 139 269 206 177 92 198 372 337 290 190 305 125 268 112 328 228 306 203 246 318 137 264 359 30 193 272 255 146 87 205 342 163 278 358 72 111 229 169 170 22 190 213 258 117 185 399 198 230 201 91 30 279 216 168 259 143 53 202 227 276 213 343 82 231 30 202 306 338 349 226 126 108 213 134 242 373 415 329 185 310 200 328 303 252 317 171 148 299 199 298 259 94 224 333 256 266 244 211 123 160 216 180 175 109 270 195 339 207 95 245 413 56 375 112 82 211 118 180 210 43 215 382 214 311 311 339 385 252 376 145 188 265 73 235 112 253 89 60 382 303 228 220 252 245 325 266 405 356 375 331 153 10 105 392 152 48 215 267 412 216 150 173 124 303 235 242 197 199 35 284 41 284 356 190 212 386 84 190 30 346 170 298 130 123 276 160 384 144 116 349 333 153 381 186 191 382 84 189
 315 267 141 47 120 119 188 248 113 94 167 270 190 308 181 223 1 258 279 172 34 207 86 87 18 62 132 347 257 294 94 304 87 207 227 131 116 23 98 58 32 103 319 270 137 195 112 120 82 286 159 105 120 75 148 322 209 166 34 279 89 203 354 228 202 261 290 304 154 43 291 149 196 162 141 159 40 107 256 207 229 184 225 267 237 130 237 216 84 251 145 61 159 223 109 212 57 155 346 272 48 165 138 306 90 186 234 75 200 208 151 78 93 258 81 285 48 160 22 123 111 86 55 222 144 133 97 175 300 18 141 34 338 169 248 229 189 124 173 142 276 210 256 166 40 138 290 190 283 85 313 192 307 278 231 211 191 202 285 194 229 306 227 114 120 29 183 85 184 138 163 188 97 214 136 184 73 223 146 240 329 34 276 203 112 92 39 115 346 244 196 111 206 298 168 51 278 333 266 180 200 249 232 155 162 197 152 313 331 197 303 285 154 265 159 102 133 194 280 276
 231 91 258 303 296 357 71 219 220 343 278 142 155 62 301 339 258 1 36 308 226 119 278 183 257 298 283 301 56 58 337 245 241 409 76 327 227 237 215 209 238 318 328 117 284 326 171 143 182 270 341 168 293 301 113 80 378 229 291 237 208 331 323 142 82 271 232 61 398 217 217 258 331 98 137 391 278 325 329 143 126 78 140 10 282 135 328 451 270 11 208 318 215 248 160 217 314 264 89 34 286 110 151 86 226 90 26 308 415 52 146 248 349 291 180 49 296 100 262 151 247 314 311 175 170 327 350 415 65 260 259 234 82 314 74 248 369 150 222 381 188 360 162 256 222 152 84 107 51 341 57 198 253 125 285 108 230 87 331 280 114 117 124 153 139 278 99 338 293 252 236 98 321 332 326 229 275 302 396 85 77 290 254 429 312 320 221 145 300 170 337 164 300 128 175 295 188 79 310 417 337 25 192 114 210 400 108 292 76 200 328 32 157 238 297 183 377 178 330 211
 263 123 290 323 326 382 96 254 227 360 278 175 189 75 300 373 279 36 1 340 246 112 305 198 279 322 314 334 37 79 352 279 251 439 111 356 233 257 224 233 256 330 362 150 288 359 199 160 199 305 371 195 300 327 131 92 410 263 311 272 236 364 356 177 116 306 267 28 423 237 250 290 364 119 166 417 294 352 364 178 161 105 175 36 317 161 363 478 281 36 210 338 248 283 187 251 333 265 73 62 310 120 181 108 236 122 57 333 444 79 178 259 367 326 203 73 313 124 280 179 277 340 333 210 202 356 368 441 85 282 291 252 62 346 57 283 400 178 256 406 222 393 197 255 244 160 111 108 17 360 55 233 286 157 320 143 265 121 366 314 102 144 159 179 161 296 105 356 291 255 235 102 348 365 355 225 301 336 420 119 51 311 289 456 340 332 241 168 333 204 370 177 333 157 174 318 221 77 345 443 370 31 227 127 244 430 128 326 74 235 363 48 161 273 300 211 402 172 365 246
 223 262 52 186 55 132 250 155 273 231 335 232 162 331 351 52 172 308 340 1 181 321 87 220 155 127 41 222 336 313 240 200 253 115 241 69 278 177 255 154 195 267 170 247 307 25 150 226 207 162 53 161 290 114 236 337 73 83 178 176 123 33 219 194 228 132 192 367 164 179 204 51 28 239 177 137 208 98 92 179 207 239 194 313 96 190 70 183 254 305 299 177 95 107 169 124 193 322 388 302 134 267 162 309 252 219 285 122 132 264 164 246 212 115 176 308 205 227 193 170 75 113 167 165 139 67 223 166 316 155 51 194 386 10 337 114 69 170 94 144 206 54 204 332 163 264 291 296 351 204 349 125 200 251 87 209 96 223 126 51 339 288 207 177 208 194 283 217 354 305 324 288 107 43 62 342 100 67 178 243 383 165 161 154 77 252 184 198 221 187 32 237 47 271 309 140 209 362 113 163 33 312 160 255 101 109 234 183 360 126 151 321 285 159 329 142 153 334 122 190
 299 240 143 78 135 149 156 235 93 121 156 247 169 277 174 232 34 226 246 181 1 175 101 55 40 90 141 337 223 264 118 290 74 232 198 151 98 12 76 39 20 116 315 244 132 205 90 87 48 277 178 80 120 100 115 291 227 159 66 267 77 213 346 206 173 255 276 270 186 11 275 150 208 129 115 189 58 132 259 185 205 152 203 234 234 101 243 247 83 218 122 94 150 216 82 201 89 142 314 240 75 132 114 277 72 156 202 102 228 175 128 69 124 255 51 254 73 128 39 97 112 113 89 205 125 153 126 207 270 42 143 17 305 180 215 222 209 98 165 173 257 225 236 151 21 106 262 157 250 116 281 179 295 253 230 185 183 173 285 195 197 280 203 86 88 55 150 114 175 125 145 155 123 223 155 163 89 226 179 212 296 67 266 232 132 110 6 83 336 225 208 78 209 272 140 81 259 302 265 211 211 216 216 122 152 222 120 305 299 184 301 253 123 253 154 83 165 166 281 260
 321 195 271 245 290 323 98 287 125 272 167 236 208 179 189 364 207 119 112 321 175 1 261 121 213 262 286 385 77 176 262 329 155 399 160 314 130 186 128 179 178 232 394 217 181 343 172 97 129 340 336 161 196 271 87 197 383 259 235 313 200 350 403 217 145 331 314 127 359 169 302 274 347 90 153 362 210 301 371 207 205 107 214 127 329 134 363 421 184 109 102 263 244 299 152 270 253 155 182 150 248 55 168 203 140 137 111 275 398 101 173 164 285 345 150 167 229 105 201 154 247 284 260 242 195 315 282 381 183 216 272 175 169 323 58 301 367 154 256 346 275 372 247 144 182 70 197 26 106 279 165 246 335 227 330 178 271 150 384 311 23 229 202 145 114 216 42 271 180 147 124 37 294 355 316 114 253 339 352 176 156 240 324 404 296 238 170 124 383 247 351 97 329 235 64 255 275 188 361 385 352 95 259 67 242 389 91 366 185 250 389 149 59 309 190 180 339 61 381 292
 265 258 68 101 35 85 210 195 192 150 251 244 161 315 266 139 86 278 305 87 101 261 1 148 69 46 49 284 292 299 157 249 170 139 225 54 197 94 176 83 112 182 245 251 222 110 108 165 136 221 79 112 204 37 183 325 128 105 93 223 71 118 286 201 204 193 236 332 127 101 243 76 111 191 142 115 122 49 175 181 208 202 199 285 163 145 155 174 169 272 222 96 106 158 120 157 110 238 364 281 49 210 130 302 170 191 253 47 141 228 139 162 135 185 112 291 120 183 107 128 46 45 86 183 120 56 144 141 303 69 67 112 359 84 289 165 110 128 116 108 235 126 222 249 85 197 285 239 314 126 327 144 251 258 156 199 130 202 206 117 281 292 207 128 152 108 228 137 269 222 244 233 48 129 57 263 14 144 132 233 353 80 215 152 37 167 104 143 282 207 111 168 125 279 237 57 237 344 189 142 115 275 186 198 111 129 184 247 342 148 228 298 217 207 244 96 108 263 202 227
 297 214 175 128 180 204 116 241 64 162 136 232 165 238 158 269 87 183 198 220 55 121 148 1 94 143 182 345 173 227 156 294 67 284 170 201 71 66 48 68 60 139 333 223 124 244 93 41 15 288 226 78 123 153 72 254 274 180 117 272 101 252 357 195 145 271 278 222 240 50 274 181 247 87 101 243 97 184 289 176 190 115 192 192 256 80 275 301 92 174 82 145 168 232 75 211 137 121 268 202 129 80 108 244 54 129 161 156 281 135 120 70 171 276 49 217 116 92 84 87 147 166 141 203 128 202 170 261 234 96 176 56 259 221 163 237 257 88 182 227 252 268 227 124 65 52 231 104 200 164 238 187 299 233 254 166 200 147 310 225 142 254 187 73 54 100 98 158 155 103 111 103 176 260 204 125 138 255 233 186 248 120 275 286 182 138 50 56 344 219 249 24 241 250 90 135 253 260 288 265 252 169 217 72 168 274 78 317 257 192 323 212 70 261 144 92 219 116 306 260
 301 260 124 54 104 111 187 234 127 105 183 260 178 304 198 206 18 257 279 155 40 213 69 94 1 51 115 332 259 290 107 290 102 194 221 115 130 30 111 51 45 120 302 261 154 178 103 123 86 270 144 97 137 62 149 317 193 150 41 265 76 186 338 217 197 245 275 305 148 46 278 132 179 161 134 150 57 94 239 196 219 181 215 265 220 126 220 208 101 250 158 63 144 207 103 197 65 171 345 268 36 169 129 300 104 180 233 63 189 206 142 94 100 242 78 281 62 158 40 116 94 74 56 210 132 118 105 168 296 4 124 46 337 152 251 213 174 117 158 134 264 194 245 182 36 145 284 195 284 91 311 178 293 269 214 203 175 196 268 177 235 299 218 109 119 45 187 94 201 154 178 192 85 197 120 198 56 206 142 233 329 35 261 193 97 108 45 113 331 232 179 117 188 289 179 42 265 331 249 172 183 249 218 158 148 184 152 297 328 183 287 283 162 250 176 92 127 205 263 262
 309 289 113 60 72 62 228 238 174 106 224 281 198 341 236 177 62 298 322 127 90 262 46 143 51 1 92 329 304 325 114 293 147 146 253 73 177 79 159 90 93 143 289 286 192 148 132 170 134 266 103 132 172 15 194 352 151 149 55 267 98 156 331 237 231 238 280 348 101 94 286 121 148 205 167 101 89 46 217 217 243 221 236 305 208 164 196 160 139 291 207 52 148 203 139 201 67 213 386 306 16 216 158 332 151 215 273 14 140 247 169 137 90 230 121 317 82 199 79 150 89 25 41 223 153 75 99 121 330 49 112 95 379 122 298 210 131 151 160 86 276 157 261 226 82 194 315 243 328 81 350 186 295 293 201 230 175 229 249 161 284 326 241 146 163 74 235 92 241 198 224 240 36 168 79 245 36 187 100 263 371 42 260 143 56 127 94 155 327 247 146 166 168 314 228 14 278 368 233 124 150 292 228 205 153 136 196 291 366 190 272 321 212 251 213 120 81 254 245 270
 232 248 32 149 25 112 221 161 233 197 296 225 147 312 311 92 132 283 314 41 141 286 49 182 115 92 1 242 306 295 205 212 213 127 221 54 238 137 216 115 155 230 199 237 268 65 118 190 168 180 58 127 251 80 203 320 99 75 141 187 87 73 243 184 205 151 201 341 149 139 211 38 67 207 149 128 169 73 127 166 194 211 183 289 118 159 107 183 215 280 260 143 82 118 136 125 157 282 367 281 97 233 134 294 212 194 259 90 138 237 139 206 180 140 139 289 168 196 154 139 40 82 132 160 115 53 190 157 299 116 31 154 363 40 306 125 86 139 87 129 207 88 200 292 123 227 277 262 324 172 329 119 213 242 111 191 96 201 158 71 305 278 194 144 173 155 250 183 314 265 285 255 79 83 50 302 62 96 160 226 359 128 176 156 51 215 144 163 241 183 69 199 77 262 270 104 209 343 142 156 71 285 159 220 88 119 202 204 341 121 181 300 248 170 290 109 135 296 154 195
 73 212 217 380 266 351 288 105 408 431 480 160 184 280 501 198 347 301 334 222 337 385 284 345 332 329 242 1 353 266 436 57 404 322 231 288 415 340 392 299 356 449 71 186 464 215 254 323 332 64 273 268 456 319 310 273 269 183 368 75 262 211 26 169 242 92 72 354 384 329 85 209 219 301 249 357 386 313 148 180 182 278 171 300 127 271 169 398 419 306 421 378 189 127 271 137 389 465 341 275 330 339 239 242 395 249 290 329 344 288 227 402 417 108 300 268 392 286 367 259 242 323 367 146 218 286 426 386 263 334 218 353 347 230 366 120 278 258 175 365 114 240 141 467 318 363 231 361 350 408 308 160 51 179 135 208 158 236 116 174 393 204 185 273 300 375 346 418 499 447 452 349 320 200 282 460 294 158 398 219 353 358 72 369 291 438 337 294 2 139 227 347 176 185 409 338 114 306 115 382 223 320 130 330 186 320 303 40 306 155 90 292 383 85 485 258 373 428 119 94
 283 146 285 299 316 365 87 266 196 333 243 195 194 109 265 372 257 56 37 336 223 77 292 173 259 304 306 353 1 110 325 297 222 428 123 344 201 235 194 216 232 300 375 171 255 356 189 138 176 318 362 182 268 311 112 127 404 262 288 286 224 361 374 189 120 316 283 52 405 215 268 286 361 102 159 402 268 338 368 186 174 98 187 61 322 149 365 462 251 49 176 316 247 289 174 258 309 231 106 88 291 94 175 139 206 122 64 316 432 75 174 230 343 334 185 102 288 111 256 169 268 324 311 220 199 345 342 424 117 262 286 228 94 340 21 290 392 168 256 389 240 388 213 220 225 131 139 76 31 336 91 237 304 180 325 152 267 126 374 314 66 172 171 166 143 272 76 330 256 222 200 72 332 364 345 190 287 339 401 135 81 290 302 442 328 304 219 151 351 218 366 150 334 183 139 300 239 114 352 427 366 34 238 103 243 419 110 341 111 240 373 80 128 286 265 200 384 136 372 262
 194 58 267 340 312 381 112 199 271 384 332 109 153 18 355 337 294 58 79 313 264 176 299 227 290 325 295 266 110 1 379 213 289 421 75 343 278 274 264 241 278 364 302 83 336 328 194 187 223 245 353 195 343 327 157 29 385 231 327 210 230 332 289 126 96 252 202 92 423 254 184 265 334 141 159 412 318 346 318 136 111 113 125 51 270 165 322 471 317 68 262 352 219 236 189 206 350 318 81 27 315 162 169 30 274 111 71 335 431 94 161 295 386 275 215 11 335 137 301 176 262 339 345 161 182 343 389 438 8 293 268 274 83 320 130 235 378 175 222 405 157 364 136 311 256 204 36 163 95 378 44 193 220 88 275 105 226 98 314 278 171 67 110 182 178 317 153 377 348 305 291 153 345 331 341 286 298 295 424 71 88 324 229 447 331 364 260 181 264 148 341 210 297 82 231 325 156 50 294 439 340 82 175 163 213 413 150 263 48 194 306 32 211 215 351 206 403 235 313 183
 407 357 222 57 186 135 269 339 140 16 152 363 282 391 154 290 94 337 352 240 118 262 157 156 107 114 205 436 325 379 1 395 109 234 315 181 138 110 135 150 102 46 401 361 116 261 204 195 157 373 210 196 91 128 226 406 255 254 68 370 181 268 441 320 290 347 381 375 147 128 384 230 261 241 232 169 62 150 331 299 321 267 318 346 319 218 309 209 81 328 172 65 249 310 199 302 49 148 423 355 109 233 230 393 123 273 315 120 217 288 243 98 41 341 169 369 47 243 80 214 195 131 75 315 237 184 31 169 385 104 222 107 413 235 312 316 234 215 262 147 369 266 349 164 131 196 379 252 353 44 393 284 398 370 313 302 279 291 362 273 283 397 319 203 202 66 250 28 163 140 173 254 139 281 188 196 146 300 129 329 402 79 365 208 167 30 122 199 434 337 257 176 281 389 207 102 370 414 346 177 262 324 324 226 253 225 231 400 411 288 384 366 204 355 131 195 133 228 358 368
 29 158 184 339 236 323 232 57 356 391 429 106 130 228 450 190 304 245 279 200 290 329 249 294 290 293 212 57 297 213 395 1 355 309 175 262 364 294 341 253 309 405 96 132 414 200 205 270 281 47 253 218 408 285 255 223 259 144 328 26 216 198 78 113 185 73 17 300 360 282 30 176 205 245 196 335 342 284 147 124 126 222 115 245 109 218 163 382 371 250 367 340 147 95 220 93 350 413 290 220 292 283 187 192 345 193 234 295 330 232 175 353 380 98 250 215 350 230 322 207 205 290 330 92 168 261 388 364 211 292 184 306 295 209 310 88 263 206 134 339 58 230 85 415 272 309 179 305 295 371 256 113 8 126 118 151 119 180 125 150 337 155 128 221 247 332 290 379 448 396 399 293 290 189 257 406 257 144 371 163 300 318 41 353 262 395 290 241 56 83 213 294 159 135 355 301 59 256 114 361 209 264 77 275 143 306 248 53 256 108 106 238 328 43 435 209 346 372 126 37
 360 279 216 106 204 199 179 301 33 120 83 297 228 299 101 305 87 241 251 253 74 155 170 67 102 147 213 404 222 289 109 355 1 292 236 216 33 78 28 109 60 79 386 289 61 277 151 104 77 345 245 138 57 160 134 316 295 231 101 332 148 285 415 260 211 325 339 272 228 79 337 223 279 150 165 239 66 192 332 240 256 179 257 250 306 145 316 292 31 232 67 126 220 286 136 268 110 70 323 264 133 133 171 308 17 194 221 159 283 196 183 12 136 327 106 279 84 157 69 150 185 171 127 265 188 219 132 250 296 103 216 60 312 252 207 292 275 151 235 220 316 295 291 80 94 92 296 147 251 132 297 245 359 299 302 232 253 213 358 268 176 319 253 137 120 78 147 121 102 53 78 151 182 295 221 100 157 299 215 252 301 111 333 282 198 84 72 122 403 283 279 80 282 316 99 135 317 319 337 256 283 225 279 128 222 282 141 374 316 250 373 272 97 320 82 147 209 122 354 322
 334 373 156 194 114 100 344 268 320 220 367 345 271 438 377 125 207 409 439 115 232 399 139 284 194 146 127 322 428 421 234 309 292 1 347 86 322 223 304 220 238 274 260 360 333 111 241 303 272 268 70 247 311 134 320 446 54 195 195 287 205 113 314 306 331 238 303 466 99 235 317 158 106 327 273 69 231 102 176 290 318 335 306 415 201 280 154 80 281 405 351 177 205 219 256 238 195 357 493 408 160 348 259 419 296 320 384 134 27 361 264 282 195 216 250 415 219 318 224 261 163 122 171 279 241 85 207 85 425 193 154 239 489 106 426 225 48 262 206 90 320 82 318 370 220 334 402 377 448 191 455 238 308 364 192 317 209 327 211 163 419 401 318 264 290 216 366 207 382 342 369 371 111 123 85 390 147 167 120 352 484 183 270 52 103 256 237 280 321 301 97 305 152 384 371 158 322 469 207 78 101 409 274 336 211 11 321 283 467 240 239 426 353 270 353 229 104 397 207 303
 164 45 193 272 237 308 66 144 224 318 292 78 82 92 315 268 227 76 111 241 198 160 225 170 221 253 221 231 123 75 315 175 236 347 1 269 231 207 213 171 214 306 253 59 288 257 121 133 163 196 278 124 291 254 106 101 312 160 259 164 157 261 252 67 26 196 161 136 349 188 147 192 262 91 87 338 254 272 255 69 52 61 65 78 207 98 255 397 261 78 222 283 146 173 119 142 283 276 149 63 243 124 96 81 221 43 60 262 357 60 86 239 318 216 148 69 270 81 236 105 187 265 275 100 108 269 322 364 80 224 194 210 147 247 135 173 305 104 151 331 119 292 91 273 188 161 65 138 126 310 110 125 182 70 211 34 157 26 256 209 165 85 49 114 117 251 124 310 309 261 254 126 271 261 267 255 224 229 351 18 146 255 180 373 257 303 194 118 230 96 269 158 228 83 199 253 119 123 235 365 268 91 117 120 141 339 98 219 121 127 253 82 175 164 306 133 330 211 254 140
 283 298 85 130 33 64 261 213 241 170 295 277 198 360 308 112 131 327 356 69 151 314 54 201 115 73 54 288 344 343 181 262 216 86 269 1 245 143 225 136 159 214 238 288 264 84 157 218 189 227 31 163 244 59 236 369 80 128 126 238 121 91 286 235 251 198 252 383 98 153 263 91 83 243 191 75 161 32 159 217 245 252 235 333 163 196 136 131 210 322 272 118 134 168 171 178 135 284 412 328 85 263 177 344 219 238 302 64 90 278 184 207 149 183 165 336 153 234 150 178 82 52 109 212 162 4 160 105 347 115 84 160 407 61 341 175 60 178 140 78 260 86 252 296 137 250 326 292 365 142 374 171 263 294 154 240 149 247 194 116 335 330 245 179 205 146 281 156 312 268 292 287 43 104 8 312 64 135 111 275 402 114 225 105 20 198 155 196 287 236 78 221 115 314 289 86 262 390 181 103 83 326 211 251 140 76 236 249 388 174 219 346 270 221 285 146 86 315 189 247
 366 275 237 138 231 231 170 311 9 150 66 298 235 287 88 328 116 227 233 278 98 130 197 71 130 177 238 415 201 278 138 364 33 322 231 245 1 104 25 128 86 103 402 287 59 301 162 101 84 358 273 148 68 190 127 304 323 247 132 342 166 309 427 263 207 340 348 252 259 100 344 244 304 142 170 271 98 222 353 245 257 172 260 236 324 148 338 324 58 217 35 158 236 301 145 281 142 51 305 252 163 118 178 299 27 192 209 189 314 186 190 44 168 344 117 268 116 152 100 157 207 201 159 273 198 247 162 282 286 131 238 86 294 277 185 306 303 158 251 251 321 322 295 56 116 76 288 127 231 164 281 257 369 297 320 232 269 210 376 289 150 314 255 143 120 110 130 152 85 33 48 133 212 319 249 69 184 319 247 248 281 142 345 314 226 111 95 125 414 288 305 75 304 313 71 165 322 304 355 288 308 208 287 117 237 312 134 386 301 262 390 258 74 331 76 161 240 92 373 330
 303 249 141 68 128 139 167 238 100 112 160 254 175 287 176 228 23 237 257 177 12 186 94 66 30 79 137 340 235 274 110 294 78 223 207 143 104 1 83 43 19 112 315 252 133 200 96 98 60 279 171 87 120 91 126 301 220 160 55 270 79 208 348 212 183 256 279 282 175 21 280 148 203 140 123 179 51 122 257 191 212 162 210 245 234 110 240 236 82 229 130 83 152 217 90 204 78 146 324 251 65 143 121 286 77 166 213 92 218 186 135 71 114 255 60 264 64 139 31 105 110 103 77 210 130 145 116 196 280 32 141 19 316 175 226 223 201 106 166 162 263 219 242 156 23 117 271 168 261 106 292 182 298 261 229 193 185 182 284 194 208 288 210 95 98 45 162 104 178 129 151 167 114 218 147 170 82 224 168 221 307 56 268 222 124 103 17 93 338 230 203 89 207 280 150 70 264 312 264 200 206 227 220 133 154 213 131 306 309 187 301 264 134 256 156 88 154 176 280 264
 344 257 214 125 210 215 154 288 18 145 89 278 212 274 110 306 98 215 224 255 76 128 176 48 111 159 216 392 194 264 135 341 28 304 213 225 25 83 1 105 67 106 378 268 77 279 139 81 61 335 253 125 80 171 110 290 302 224 118 319 142 287 404 242 189 316 325 245 246 77 321 221 282 126 148 255 87 204 330 223 236 155 239 224 300 127 314 310 58 205 48 145 212 278 122 258 132 74 296 238 145 106 155 284 13 173 195 172 297 171 168 38 160 320 94 254 106 134 84 135 184 183 145 250 175 227 157 269 271 112 215 66 285 255 180 283 283 136 227 237 299 300 274 79 93 65 272 120 223 155 270 234 346 278 297 212 245 191 353 265 149 297 234 121 100 97 120 145 108 56 70 124 194 296 229 88 164 296 235 229 273 126 322 299 206 111 73 103 391 266 283 56 281 294 75 148 300 292 332 274 286 198 265 102 213 294 117 363 290 239 367 245 70 308 96 137 227 100 349 307
 262 211 110 102 114 151 139 197 122 151 190 213 134 255 209 203 58 209 233 154 39 179 83 68 51 90 115 299 216 241 150 253 109 220 171 136 128 43 105 1 57 153 278 213 168 177 55 83 55 239 160 48 158 96 105 268 208 123 89 229 40 185 309 171 147 218 238 259 191 31 238 117 181 116 85 187 92 124 226 150 172 133 169 217 198 77 211 247 120 202 147 113 113 179 53 163 113 175 297 219 78 129 81 251 103 131 185 102 220 158 94 105 149 219 32 232 104 111 73 67 81 109 105 168 88 138 153 209 246 54 111 55 290 154 210 184 191 68 128 175 221 201 200 183 21 115 235 158 239 140 263 141 257 221 194 154 146 146 250 162 200 250 170 59 74 85 148 142 209 158 173 153 118 194 139 190 75 192 188 183 282 85 228 229 118 145 39 66 298 188 182 87 177 241 157 87 223 282 229 212 185 203 179 118 115 211 107 267 279 146 265 234 136 216 190 46 170 183 246 223
 317 256 159 69 146 150 169 254 83 107 142 265 188 290 158 246 32 238 256 195 20 178 112 60 45 93 155 356 232 278 102 309 60 238 214 159 86 19 67 57 1 98 333 261 115 218 109 96 57 295 188 98 102 105 126 305 237 177 58 285 95 226 365 224 189 273 294 280 184 29 294 166 221 141 132 190 42 137 275 203 223 166 221 247 251 117 258 247 65 230 115 87 169 234 100 220 78 128 325 254 79 139 133 292 60 172 215 106 231 188 146 52 113 273 68 268 59 142 26 115 128 117 84 223 144 162 113 206 284 46 159 5 316 193 221 240 218 116 183 173 276 237 254 139 39 109 277 162 259 106 293 198 313 271 247 202 202 190 302 212 200 296 221 103 101 42 157 101 160 111 134 162 128 237 164 154 99 242 175 228 306 63 284 234 141 92 21 98 354 243 221 83 225 289 137 82 278 314 282 211 224 226 235 130 171 228 131 323 312 203 319 266 123 272 137 101 164 163 298 279
 414 349 242 84 213 175 254 349 107 61 108 361 285 375 110 318 103 318 330 267 116 232 182 139 120 143 230 449 300 364 46 405 79 274 306 214 103 112 106 153 98 1 421 356 72 289 205 178 144 388 244 195 47 157 209 391 290 268 90 380 189 297 457 320 281 363 390 351 190 126 390 250 290 225 228 211 64 184 355 300 319 253 318 327 338 211 335 253 50 309 136 99 261 325 196 314 80 105 401 339 134 210 229 382 95 264 297 151 259 272 243 71 85 360 164 355 63 229 83 211 212 163 107 320 240 216 76 213 371 118 242 101 390 263 285 331 269 212 275 189 373 298 351 122 134 170 368 225 329 86 374 293 408 366 333 297 293 282 385 295 252 389 317 198 190 76 226 70 118 99 132 229 173 309 220 155 169 324 173 321 379 103 378 251 197 18 118 189 448 340 288 156 305 384 173 130 375 396 367 220 292 302 331 205 264 264 215 415 393 298 405 348 174 366 86 198 175 192 381 375
 123 246 180 345 221 302 300 110 395 394 466 194 188 318 486 137 319 328 362 170 315 394 245 333 302 289 199 71 375 302 401 96 386 260 253 238 402 315 378 278 333 421 1 220 445 159 242 319 319 59 219 257 434 278 312 315 207 157 335 94 239 154 56 187 257 65 103 385 331 309 122 172 162 306 247 302 358 267 85 190 203 289 189 328 83 268 108 338 396 330 413 340 167 102 262 126 353 451 381 306 293 344 233 283 379 260 312 287 284 305 225 382 378 62 286 303 361 291 340 252 209 279 329 156 209 236 388 330 301 304 180 331 385 178 385 97 219 252 152 312 147 179 168 456 295 361 269 369 378 369 345 151 90 216 90 224 134 251 50 129 406 248 205 266 296 345 354 380 485 433 443 358 275 141 232 455 257 105 347 244 389 323 75 309 245 408 316 288 70 159 170 340 125 228 408 300 148 347 58 325 164 343 138 333 167 259 307 44 347 146 22 325 382 90 467 242 322 429 54 121
 115 27 206 314 257 335 125 118 280 362 349 27 92 99 372 264 270 117 150 247 244 217 251 223 261 286 237 186 171 83 361 132 289 360 59 288 287 252 268 213 261 356 220 1 344 259 159 188 215 163 292 166 345 284 163 98 319 166 301 128 190 262 208 54 81 171 120 169 377 234 102 203 265 148 130 361 301 298 240 72 44 119 55 115 192 146 246 418 313 123 280 322 156 159 163 131 325 333 163 90 278 182 133 67 276 97 111 293 373 117 120 292 360 195 194 84 315 137 282 148 209 294 313 85 134 288 365 389 82 264 207 257 166 255 186 157 315 147 155 357 75 295 54 330 231 218 51 196 166 351 126 123 139 11 198 60 155 78 233 207 220 42 46 159 170 296 182 353 366 318 312 184 298 259 285 313 254 220 382 42 170 295 147 392 279 352 241 169 185 68 273 214 224 29 257 289 74 129 214 389 271 138 96 178 150 353 155 181 129 123 224 108 233 133 362 170 359 269 232 100
 419 332 273 140 256 236 228 360 66 131 37 354 287 344 45 359 137 284 288 307 132 181 222 124 154 192 268 464 255 336 116 414 61 333 288 264 59 133 77 168 115 72 445 344 1 331 211 157 135 405 294 197 26 206 184 361 342 290 140 391 207 339 474 317 264 384 399 306 257 138 396 280 332 200 223 274 104 237 389 298 312 230 315 293 365 202 372 321 54 274 81 158 280 345 195 328 140 34 360 310 180 175 229 357 71 248 266 203 321 244 242 64 154 386 165 326 116 209 116 209 242 215 163 325 247 266 146 280 343 154 273 117 348 305 238 351 322 210 294 253 374 346 349 52 152 133 346 181 285 153 338 305 419 354 360 288 313 267 416 326 200 372 310 195 176 119 186 138 50 35 65 188 226 350 269 87 209 356 241 305 335 152 393 316 246 87 131 179 462 341 332 131 339 370 118 179 376 360 395 287 336 264 338 174 281 323 192 433 357 310 432 315 129 380 23 207 240 132 412 381
 224 276 73 207 77 146 270 160 296 251 359 242 177 346 374 30 195 326 359 25 205 343 110 244 178 148 65 215 356 328 261 200 277 111 257 84 301 200 279 177 218 289 159 259 331 1 172 249 230 159 61 183 313 134 258 351 62 98 200 177 146 9 210 207 245 129 193 385 173 203 207 71 7 260 198 145 231 114 77 193 220 259 207 331 92 212 53 185 277 324 323 197 112 110 192 132 213 346 405 319 156 289 182 322 275 238 303 142 131 283 183 270 231 108 200 324 227 248 216 191 99 131 187 176 158 81 242 173 331 178 72 218 402 27 358 116 65 192 108 155 212 36 213 355 187 288 305 318 371 223 366 137 199 262 83 225 106 240 112 55 361 299 220 199 230 216 305 237 377 329 348 310 124 22 77 366 123 58 190 258 400 187 160 155 95 274 208 220 214 197 15 260 42 281 332 161 215 377 103 168 12 331 168 277 117 107 256 176 375 138 139 338 309 160 353 164 165 358 108 194
 211 159 100 156 128 189 105 151 155 205 227 159 80 210 248 193 112 171 199 150 90 172 108 93 103 132 118 254 189 194 204 205 151 241 121 157 162 96 139 55 109 205 242 159 211 172 1 82 79 197 174 15 204 134 87 221 216 92 143 182 38 179 266 117 99 179 189 226 230 81 187 103 177 90 36 221 146 155 204 96 118 96 115 178 167 41 193 281 168 166 172 164 78 141 22 120 167 212 258 175 123 118 27 201 142 85 146 142 246 122 40 150 202 186 47 186 158 79 126 22 80 146 155 116 38 158 207 246 199 106 101 105 252 154 189 146 203 22 92 212 169 203 147 215 74 123 184 147 209 193 221 96 209 168 165 101 110 97 221 141 190 197 116 28 60 139 134 195 246 194 202 139 152 184 157 214 106 170 231 132 246 137 184 259 142 198 88 51 253 136 181 99 159 187 170 133 170 238 199 248 182 170 129 106 77 232 85 225 236 101 232 192 144 170 232 13 210 193 218 172
