NAME : domp180p60v1
COMMENT : (Deleplanque et al.) 
TYPE : DOMP
DIMENSION : 180
DISPLAY_DATA_TYPE: NO_DISPLAY
OPEN_FACILITIES : 60
COST_SECTION
 1 417 198 240 369 319 357 238 180 156 275 82 176 345 94 106 179 110 344 83 181 421 378 157 119 264 119 35 413 124 159 206 95 234 29 271 144 143 140 104 185 383 236 334 375 247 156 95 159 195 154 201 294 246 252 346 138 147 286 298 137 223 91 344 162 193 183 324 184 254 321 147 365 100 284 114 23 202 155 66 354 360 128 353 285 224 162 99 343 336 167 107 225 72 279 294 315 286 56 257 255 367 305 55 204 277 288 205 153 220 345 179 237 199 229 356 87 314 198 54 290 204 396 82 106 211 144 93 302 334 298 357 37 210 121 313 382 180 276 177 206 275 185 146 237 333 76 400 58 174 351 97 382 136 235 186 334 298 343 224 183 175 232 277 304 312 383 362 150 118 207 298 202 388 48 179 214 404 59 251
 417 1 397 371 222 165 71 191 518 394 339 349 243 287 352 327 383 326 261 432 478 13 170 505 302 322 447 412 349 329 267 214 347 200 389 149 339 299 359 372 331 156 218 145 55 205 423 336 378 223 321 232 256 302 235 74 424 298 136 213 299 206 465 88 272 257 464 318 237 190 98 499 147 379 419 475 396 506 451 359 213 58 305 238 140 202 274 374 105 141 473 392 486 347 166 244 224 160 391 265 163 350 362 364 530 142 216 397 279 482 330 267 222 222 240 329 358 305 428 391 228 222 296 338 319 422 455 329 299 86 191 339 439 211 304 382 39 418 168 501 231 277 495 471 327 91 356 24 382 245 365 391 132 320 212 256 101 334 302 194 240 309 204 270 400 150 334 284 343 353 254 128 233 73 386 261 363 15 371 329
 198 397 1 53 247 243 327 287 144 43 102 226 205 193 126 237 350 240 205 128 94 406 281 143 214 104 107 165 238 265 243 248 130 292 191 265 85 259 302 274 69 293 314 264 378 318 55 145 44 221 294 181 168 107 164 344 72 130 271 199 250 205 151 310 257 150 77 158 240 314 309 142 283 102 87 141 185 118 81 160 238 351 144 225 263 212 152 270 296 268 96 287 90 192 232 175 203 334 237 141 266 189 120 198 146 284 192 8 157 86 173 146 319 206 323 185 129 155 33 235 184 199 240 200 223 28 93 166 148 334 215 183 179 217 159 122 374 32 230 124 178 141 112 109 82 309 147 374 232 227 167 102 304 113 189 278 354 126 184 241 247 97 200 148 109 252 212 211 303 98 147 273 180 339 223 155 40 387 155 89
 240 371 53 1 202 211 302 286 194 90 51 255 209 143 157 261 378 265 157 177 143 381 241 194 234 57 158 208 186 289 255 249 159 293 229 251 107 278 329 304 71 254 318 232 358 320 107 172 82 221 315 175 127 71 138 325 123 141 254 164 269 195 202 284 271 144 126 107 246 314 290 194 246 141 59 193 224 164 133 192 195 330 161 179 245 203 157 301 268 236 147 320 128 221 210 136 163 329 272 108 256 137 69 230 193 272 159 47 165 125 121 145 324 203 331 133 162 105 80 271 148 194 189 227 246 66 145 191 99 316 183 131 225 212 177 74 352 84 208 174 170 101 161 161 45 286 179 348 266 234 116 145 268 131 172 289 341 74 133 236 254 99 187 108 67 223 160 161 328 129 135 253 173 308 258 154 28 363 191 45
 369 222 247 202 1 85 169 256 389 266 154 337 229 72 278 328 433 330 48 339 339 234 54 385 294 145 336 347 128 348 285 242 275 268 346 184 235 321 390 382 203 69 300 93 237 293 293 275 251 223 359 184 82 143 119 213 303 223 174 75 315 176 372 156 299 180 323 111 256 279 186 382 77 286 230 371 347 363 323 305 19 207 244 24 163 182 212 381 132 96 340 403 329 315 131 78 55 273 373 116 206 132 162 332 392 205 84 243 224 326 116 193 306 205 322 112 285 104 278 373 80 194 76 313 313 265 332 283 105 212 85 122 372 203 255 180 221 276 133 369 177 107 358 349 166 170 294 201 365 252 150 297 92 235 149 302 247 138 88 212 265 199 162 102 203 108 113 64 381 260 164 160 183 150 362 196 208 220 311 159
 319 165 243 211 85 1 99 174 376 249 175 273 159 130 234 260 358 261 106 306 331 176 63 367 227 159 312 302 205 276 211 163 230 186 293 100 203 248 318 314 183 66 217 22 165 210 278 226 233 149 284 120 92 141 81 136 284 175 90 49 243 104 340 83 224 128 316 157 180 195 105 362 48 251 256 345 297 358 308 254 68 134 192 89 79 107 158 314 61 26 328 336 332 256 50 80 62 189 313 105 123 194 198 274 384 121 53 241 167 328 171 142 223 133 240 172 241 143 275 313 65 124 156 252 246 267 314 228 136 133 29 182 329 128 199 218 153 268 53 357 114 114 349 332 167 92 246 142 304 179 205 263 66 193 85 223 167 171 144 133 188 167 91 107 237 24 184 133 306 224 117 76 119 99 303 141 206 158 263 168
 357 71 327 302 169 99 1 148 449 324 271 294 182 226 287 274 346 274 201 366 408 80 121 437 246 253 379 349 295 281 216 161 282 159 330 88 271 250 316 323 261 110 184 81 70 172 354 272 309 164 278 165 190 232 165 50 355 231 72 146 248 140 399 18 223 188 394 254 183 156 42 431 94 312 351 408 336 437 382 297 156 40 240 180 74 137 208 325 39 77 403 344 416 288 96 178 160 134 336 196 108 290 295 305 461 89 148 327 213 412 268 199 189 159 208 268 293 240 358 336 161 157 243 280 264 352 386 267 234 53 123 279 376 148 241 316 55 348 98 432 164 209 426 403 258 26 293 48 327 189 302 324 87 252 142 212 88 268 241 136 188 239 136 202 333 81 277 226 301 285 185 61 165 41 329 194 293 62 308 260
 238 191 287 286 256 174 148 1 373 265 279 162 84 283 196 139 200 138 265 272 344 193 231 355 120 259 297 240 364 139 81 41 190 13 211 76 207 109 170 182 221 227 44 174 143 39 291 175 253 67 132 112 226 231 173 118 285 160 90 193 110 98 302 142 82 143 334 292 57 29 106 347 206 228 344 317 219 373 314 189 239 135 153 255 98 90 136 184 155 173 335 202 367 168 126 216 217 51 204 207 52 339 313 183 390 61 187 290 133 362 313 144 51 84 67 318 200 276 312 205 200 93 321 157 134 313 312 160 265 107 175 326 265 75 144 331 153 296 124 359 119 230 358 326 248 125 191 178 196 69 340 240 213 180 127 66 98 289 292 53 56 193 110 225 340 153 338 292 155 208 154 106 114 187 201 134 266 177 202 258
 180 518 144 194 389 376 449 373 1 129 244 250 292 336 178 271 358 275 348 107 52 526 421 24 266 247 77 154 374 295 306 334 184 374 194 375 180 305 318 282 195 431 386 397 490 395 99 200 144 312 327 288 309 248 296 456 95 223 385 337 297 314 90 433 315 262 69 300 318 396 424 34 419 146 199 67 183 42 69 191 380 466 222 368 379 319 248 277 423 400 50 286 86 223 356 316 343 423 235 279 368 325 256 217 26 389 328 149 246 86 313 252 389 304 387 324 175 298 115 233 323 302 381 235 264 131 65 217 291 445 349 321 144 316 229 252 490 114 353 21 288 283 35 49 224 428 185 497 236 305 300 134 440 201 308 340 457 267 326 339 322 212 315 289 232 381 350 353 326 169 266 391 287 468 225 259 183 507 179 232
 156 394 43 90 266 249 324 265 129 1 134 187 182 220 88 200 311 204 228 88 85 402 294 121 180 130 73 123 273 228 212 226 92 269 149 254 60 225 263 234 67 304 288 269 369 294 31 109 17 200 258 167 185 124 169 335 38 107 263 209 216 193 114 307 226 139 72 189 214 292 301 117 292 61 129 108 143 114 60 120 255 344 116 245 256 199 131 230 296 272 81 247 103 153 229 190 217 314 195 153 251 225 158 158 138 271 201 51 133 98 206 131 292 188 295 218 90 183 51 194 196 183 269 162 187 60 67 130 174 324 221 217 137 200 128 162 367 33 227 110 166 160 103 85 104 304 108 372 191 202 204 60 313 86 183 249 341 159 213 224 221 86 192 165 150 253 246 238 266 63 140 267 166 341 181 139 67 383 114 115
 275 339 102 51 154 175 271 279 244 134 1 277 210 93 186 279 396 282 108 220 193 349 197 244 248 21 205 245 141 306 263 246 186 288 260 232 134 290 348 327 92 210 316 196 332 316 155 196 123 218 329 169 85 49 114 300 170 154 233 128 281 183 247 254 279 141 177 57 247 307 265 243 206 177 82 240 257 214 182 221 150 302 177 131 222 191 163 324 235 200 197 345 177 245 184 97 121 318 300 79 242 94 36 257 243 255 124 97 173 174 73 146 322 198 331 85 192 55 130 299 112 188 139 249 263 116 194 213 50 293 149 85 265 205 193 53 323 133 184 224 162 63 211 210 41 259 207 316 293 237 77 183 227 151 156 294 320 26 83 228 256 112 172 70 65 191 113 110 345 159 127 228 167 272 286 156 68 332 221 26
 82 349 226 255 337 273 294 162 250 187 277 1 117 329 101 26 125 29 322 144 239 352 335 228 49 261 178 97 404 47 83 135 98 157 59 207 149 62 78 51 187 338 156 285 303 168 199 84 183 132 78 155 272 237 221 276 184 126 223 263 57 171 164 283 83 160 236 317 113 176 255 218 318 128 308 185 69 264 209 68 320 291 102 325 225 169 128 48 286 286 226 70 277 35 228 268 285 208 43 237 188 364 310 34 272 208 254 232 116 272 339 147 157 143 148 349 98 304 236 44 260 151 378 29 31 246 201 65 291 264 258 353 116 151 87 323 312 217 225 243 163 259 247 209 237 269 80 333 35 106 352 134 333 127 191 106 260 297 331 159 110 166 183 259 320 262 375 344 81 129 177 237 157 328 39 143 228 335 77 251
 176 243 205 209 229 159 182 84 292 182 210 117 1 235 116 102 206 103 222 195 261 248 221 275 69 191 216 170 315 120 58 45 110 89 148 96 124 93 162 157 141 223 111 170 205 114 208 97 170 22 132 48 176 163 121 173 202 76 111 156 87 56 226 169 74 70 251 234 38 111 146 267 203 147 267 239 155 290 231 117 212 187 71 221 111 53 54 156 171 170 252 178 284 107 112 169 180 134 158 147 81 283 245 124 308 104 147 208 50 279 256 66 116 27 124 264 121 219 229 158 156 36 280 99 89 231 230 87 207 161 146 270 197 35 65 262 209 213 109 277 56 171 276 244 174 158 116 225 149 28 278 159 217 97 81 85 168 224 241 50 47 112 69 168 267 146 287 248 153 125 85 123 50 214 150 56 186 230 129 186
 345 287 193 143 72 130 226 283 336 220 93 329 235 1 252 325 438 327 27 302 285 298 124 335 291 91 292 318 82 348 292 259 251 294 326 218 203 326 392 377 164 138 325 146 294 321 244 256 207 236 365 188 60 101 116 266 257 205 212 92 318 190 331 211 308 172 268 42 268 309 234 333 142 253 163 327 325 306 272 284 76 263 229 51 201 197 203 375 188 150 288 397 268 301 163 68 71 310 360 93 236 65 93 316 335 241 97 188 215 265 45 183 331 215 345 43 259 39 222 359 84 203 52 302 308 208 283 268 47 262 114 54 341 217 243 110 280 224 164 315 180 72 303 300 117 222 272 264 352 261 80 261 160 211 160 316 295 73 17 233 278 171 176 71 133 152 56 19 385 229 155 202 186 215 347 189 156 282 288 106
 94 352 126 157 278 234 287 196 178 88 186 101 116 252 1 113 225 117 251 81 153 359 291 160 95 173 102 70 321 141 131 157 7 197 75 205 53 139 177 149 94 297 211 251 318 218 105 24 83 136 170 123 202 154 162 286 94 60 218 208 130 148 113 272 143 107 146 233 141 219 256 152 280 34 208 125 74 181 122 36 263 298 48 261 214 152 81 146 267 253 142 164 184 67 200 202 224 246 116 165 195 277 218 74 196 217 198 132 75 179 253 93 214 132 214 264 8 222 138 115 199 132 303 75 100 147 118 44 210 274 211 267 97 144 53 228 321 119 197 165 126 182 165 131 147 264 23 332 110 128 262 45 299 44 152 167 283 208 251 164 145 83 154 185 223 231 292 270 179 30 119 227 123 313 102 96 130 340 37 161
 106 327 237 261 328 260 274 139 271 200 279 26 102 325 113 1 118 5 316 165 257 330 323 249 35 263 198 120 402 29 60 115 108 133 82 189 156 37 70 55 192 324 131 271 281 143 215 93 194 115 59 145 266 237 214 254 201 126 204 254 32 157 187 264 59 154 253 316 92 151 235 240 304 143 316 207 93 283 227 84 311 270 103 318 207 155 123 55 269 271 245 77 293 50 213 262 276 184 65 233 168 364 313 56 293 188 245 242 111 288 338 142 132 129 124 347 111 302 250 66 252 138 373 39 17 258 220 72 289 242 247 352 140 135 87 327 290 231 210 263 152 256 267 229 240 250 94 312 57 87 354 150 318 132 180 82 236 298 328 140 88 169 170 255 326 247 373 339 68 139 171 219 146 310 64 137 234 313 94 254
 179 383 350 378 433 358 346 200 358 311 396 125 206 438 225 118 1 115 427 258 356 382 419 335 150 380 294 207 517 92 149 197 222 189 170 270 272 113 50 79 309 418 166 364 330 179 322 208 308 211 75 252 379 354 324 313 305 243 285 361 120 258 269 340 135 267 355 432 179 194 305 325 397 252 432 292 179 379 328 192 416 330 220 426 291 253 238 84 352 363 343 73 397 159 309 373 384 224 124 347 246 480 431 155 382 260 352 356 227 392 454 257 162 230 144 463 222 417 360 126 361 240 485 152 134 370 318 187 405 302 350 468 215 232 204 445 345 341 306 355 260 370 362 323 357 324 205 374 126 182 471 256 407 249 285 138 283 415 442 227 171 286 272 369 443 341 488 452 54 253 284 301 254 386 136 250 351 369 199 371
 110 326 240 265 330 261 274 138 275 204 282 29 103 327 117 5 115 1 318 169 261 328 324 253 37 266 202 124 405 26 59 114 112 132 86 188 159 34 67 54 195 325 129 271 279 140 219 97 198 116 55 146 269 240 216 253 205 129 204 256 30 158 191 263 57 156 257 319 92 149 234 244 305 147 320 211 96 287 231 88 312 269 106 319 207 155 125 54 269 272 249 75 297 54 214 264 278 182 67 235 167 367 317 60 297 187 247 246 114 292 340 145 129 130 121 350 115 305 254 68 254 139 375 43 20 262 224 75 292 241 248 355 143 136 90 331 289 235 211 267 154 258 271 233 243 249 98 311 60 87 357 154 318 135 181 79 235 301 330 140 87 172 171 257 329 248 375 342 65 143 173 219 148 309 66 139 238 312 98 257
 344 261 205 157 48 106 201 265 348 228 108 322 222 27 251 316 427 318 1 306 297 273 98 345 281 102 300 319 101 338 280 243 250 276 323 197 205 314 381 369 168 113 307 121 269 302 254 252 214 221 354 176 51 105 103 241 265 201 190 72 307 174 337 186 295 163 281 64 253 290 210 343 116 255 183 334 323 320 283 281 50 238 223 26 179 181 195 368 163 125 299 390 284 296 142 55 49 289 355 88 216 90 115 312 349 220 79 200 207 281 71 175 313 200 328 69 258 56 235 354 67 189 59 296 300 222 293 263 59 238 92 79 343 201 236 133 255 235 143 328 167 71 316 310 125 197 270 239 346 248 106 264 134 209 145 302 272 91 42 216 263 170 160 68 155 128 78 29 373 230 146 179 174 189 342 180 166 257 286 117
 83 432 128 177 339 306 366 272 107 88 220 144 195 302 81 165 258 169 306 1 100 438 360 86 161 213 37 52 359 190 201 235 86 272 90 285 106 199 215 181 139 368 282 325 398 291 79 99 97 215 221 201 259 202 230 365 60 136 297 275 191 227 35 350 210 181 101 274 216 294 335 77 352 56 212 46 80 122 73 86 327 377 128 320 293 231 159 176 344 327 86 187 143 117 276 262 288 323 135 224 274 312 244 111 129 296 265 135 154 139 292 169 285 211 282 304 75 266 121 133 264 211 352 129 158 136 62 114 256 354 281 303 54 223 131 249 400 104 273 99 203 236 105 66 186 343 82 411 134 204 291 44 372 116 228 235 362 244 296 244 220 143 231 240 236 306 331 319 222 84 190 305 201 390 123 173 153 419 74 199
 181 478 94 143 339 331 408 344 52 85 193 239 261 285 153 257 356 261 297 100 1 486 372 58 246 196 64 150 323 284 283 304 158 346 188 338 142 288 312 278 150 384 362 352 453 369 56 175 101 280 315 251 260 199 251 419 60 188 347 289 280 277 100 391 295 223 17 248 290 369 385 61 373 120 150 79 178 30 32 175 331 428 192 317 340 282 213 274 380 355 15 286 47 208 314 267 294 394 233 231 333 274 205 206 54 354 281 98 213 44 261 214 366 270 366 273 151 246 64 231 275 266 330 220 247 79 39 195 240 408 303 269 149 282 202 201 451 65 311 32 250 234 20 38 174 388 166 456 232 278 249 110 394 166 267 319 423 216 275 305 296 170 276 240 182 337 298 302 318 137 224 351 250 424 221 222 132 467 164 182
 421 13 406 381 234 176 80 193 526 402 349 352 248 298 359 330 382 328 273 438 486 1 182 512 306 332 454 417 361 331 270 218 353 201 394 154 347 300 359 374 340 168 218 156 53 204 431 342 386 228 321 239 267 312 245 77 432 305 142 223 301 213 471 98 274 265 472 329 240 190 104 506 159 385 430 481 401 515 459 364 225 62 311 250 147 209 281 376 116 152 481 393 495 351 175 255 235 159 394 275 168 362 373 368 538 146 226 406 285 491 342 275 221 228 239 340 364 316 437 394 239 228 308 342 322 432 462 334 310 89 202 351 444 217 310 393 41 427 177 509 239 288 503 478 337 99 362 35 385 249 376 398 144 327 220 257 100 345 313 199 243 317 212 281 411 160 346 296 344 360 263 136 240 85 389 268 372 20 376 340
 378 170 281 241 54 63 121 231 421 294 197 335 221 124 291 323 419 324 98 360 372 182 1 414 289 185 362 359 180 339 273 224 287 243 353 156 255 310 380 377 228 16 273 58 189 265 323 284 278 211 346 182 115 175 131 168 330 233 143 86 305 166 393 111 286 186 356 161 241 250 146 410 29 305 276 395 356 398 353 313 50 160 251 73 134 170 217 376 88 59 372 398 367 317 112 107 79 238 374 142 180 185 210 335 425 174 95 278 227 363 168 200 280 195 297 165 298 151 313 374 99 186 127 314 308 302 360 288 149 169 81 175 386 190 259 229 172 309 115 401 175 141 391 378 201 127 304 149 365 241 203 316 39 248 146 284 205 185 139 194 250 218 153 135 251 80 167 117 368 277 173 127 180 98 364 200 242 169 321 197
 157 505 143 194 385 367 437 355 24 121 244 228 275 335 160 249 335 253 345 86 58 512 414 1 246 245 60 132 377 273 286 316 166 355 171 360 168 284 295 260 187 424 367 387 475 375 93 181 136 295 305 274 304 243 287 442 85 208 371 329 276 300 67 421 295 249 72 300 299 378 410 11 411 129 206 44 161 58 63 171 375 452 206 364 366 305 233 255 412 390 49 263 99 202 344 310 337 405 212 273 352 328 259 195 49 374 320 148 230 98 314 239 370 288 367 326 156 297 117 210 316 287 382 214 243 133 54 197 289 430 340 323 121 300 212 257 476 112 341 31 275 278 46 37 221 415 166 484 213 287 304 117 432 186 296 320 441 268 326 323 303 201 302 284 238 370 352 352 304 154 255 378 274 457 202 245 180 493 159 230
 119 302 214 234 294 227 246 120 266 180 248 49 69 291 95 35 150 37 281 161 246 306 289 246 1 231 191 123 369 59 42 89 90 117 91 160 131 46 102 90 164 291 123 238 259 133 199 73 173 84 82 110 232 205 179 230 188 95 175 220 37 124 187 235 50 120 240 283 67 138 208 237 271 128 290 205 100 274 215 76 276 245 74 283 177 122 89 89 238 238 235 111 278 49 180 227 242 169 91 199 141 331 283 64 286 162 210 219 78 273 305 109 125 96 122 314 96 269 231 91 218 104 339 38 20 237 210 52 256 218 213 319 147 103 58 298 266 212 177 256 118 222 258 221 210 222 82 286 82 59 322 137 285 104 146 75 216 267 294 111 66 139 137 221 298 214 339 305 97 118 137 189 112 280 85 103 208 288 88 223
 264 322 104 57 145 159 253 259 247 130 21 261 191 91 173 263 380 266 102 213 196 332 185 245 231 1 202 235 150 289 244 226 173 268 248 213 121 272 331 311 80 198 296 180 314 296 154 181 118 199 311 149 71 29 94 281 167 138 213 111 264 163 242 236 260 122 180 62 227 287 246 243 192 168 99 237 245 219 182 207 139 284 161 123 203 171 145 309 217 184 198 330 185 230 165 81 107 298 286 59 222 105 55 243 248 235 107 99 155 181 82 128 302 178 312 93 179 54 134 285 95 168 140 234 246 121 193 198 45 273 132 95 256 185 177 73 305 134 165 226 142 46 215 210 28 240 194 298 279 218 92 175 213 136 136 275 301 37 84 208 237 96 152 53 84 173 120 109 327 147 108 209 147 256 273 137 66 314 209 16
 119 447 107 158 336 312 379 297 77 73 205 178 216 292 102 198 294 202 300 37 64 454 362 60 191 202 1 87 344 224 230 258 108 298 125 302 111 231 250 216 135 371 310 332 416 319 53 124 87 236 255 216 256 196 233 383 36 150 313 276 222 242 46 363 240 192 66 261 242 320 351 53 357 71 186 36 116 87 39 117 325 394 147 316 308 247 174 211 355 335 50 223 108 149 287 260 286 347 170 222 294 295 226 145 97 315 267 114 172 103 277 181 313 230 312 289 99 255 92 169 264 228 341 161 190 109 26 141 246 372 286 288 88 242 154 228 417 78 284 66 217 231 70 32 176 357 110 426 169 229 273 58 377 128 239 265 383 230 285 264 246 146 244 236 213 314 316 310 257 95 198 319 215 400 158 187 139 435 105 187
 35 412 165 208 347 302 349 240 154 123 245 97 170 318 70 120 207 124 319 52 150 417 359 132 123 235 87 1 383 143 164 205 73 238 40 264 116 155 165 130 156 366 244 319 373 254 123 78 127 190 174 188 270 218 231 342 104 128 278 277 148 211 68 334 170 175 151 295 184 259 315 122 349 69 251 89 30 173 123 53 332 355 112 330 276 213 146 125 332 321 136 137 193 75 265 270 293 290 84 233 250 337 274 65 177 272 267 172 138 188 315 161 246 191 241 327 63 286 164 82 268 193 369 87 115 178 112 84 274 330 280 328 29 202 109 281 378 146 262 149 192 249 156 116 208 325 58 393 83 173 320 64 367 113 219 195 334 269 315 219 186 150 219 252 271 297 354 336 173 90 188 288 188 377 72 163 182 398 42 221
 413 349 238 186 128 205 295 364 374 273 141 404 315 82 321 402 517 405 101 359 323 361 180 377 369 150 344 383 1 427 373 340 321 375 396 298 270 405 470 454 229 194 406 217 364 402 292 328 263 317 445 269 141 169 197 339 308 280 291 172 398 272 386 282 388 251 307 90 349 389 309 378 204 316 179 378 394 339 318 355 141 334 303 117 279 279 280 452 258 221 329 473 296 375 242 150 149 389 433 171 316 50 119 389 368 320 178 232 292 295 69 261 412 296 426 58 327 102 261 432 165 284 54 377 386 245 330 342 114 336 193 57 404 298 318 123 349 269 243 354 261 148 340 345 177 294 342 328 425 342 75 323 218 282 241 397 370 116 76 314 359 241 257 149 146 228 31 74 464 296 234 279 267 277 419 268 207 347 357 163
 124 329 265 289 348 276 281 139 295 228 306 47 120 348 141 29 92 26 338 190 284 331 339 273 59 289 224 143 427 1 68 122 137 131 104 197 184 32 44 44 220 339 122 285 281 135 243 121 223 129 32 164 289 263 236 256 228 153 213 274 35 174 210 272 59 177 280 341 101 146 240 264 319 171 344 231 114 310 254 111 330 273 130 339 217 170 147 46 280 285 271 64 321 77 228 284 297 179 75 257 175 389 340 80 318 193 265 271 136 316 363 167 122 145 110 372 139 327 278 76 273 155 396 67 44 286 246 100 314 245 265 377 160 150 114 355 292 259 225 288 173 280 293 254 267 257 122 316 69 99 380 178 331 159 199 76 235 325 352 150 94 196 188 279 354 262 397 362 40 168 194 229 166 318 78 160 263 315 121 281
 159 267 243 255 285 211 216 81 306 212 263 83 58 292 131 60 149 59 280 201 283 270 273 286 42 244 230 164 373 68 1 56 126 76 132 131 158 38 108 109 185 273 82 219 221 91 234 109 203 63 75 105 233 216 178 195 224 116 147 213 34 110 228 206 17 125 276 290 34 96 176 277 252 164 313 246 141 311 252 116 267 210 99 278 151 105 101 110 213 219 272 130 313 90 162 226 236 128 124 204 109 339 298 104 325 129 204 247 92 308 312 117 85 81 84 320 133 275 262 125 214 92 338 79 54 267 248 90 263 183 202 326 188 84 85 314 231 244 159 294 113 227 295 260 225 191 121 253 116 34 333 175 264 130 137 37 178 278 298 84 28 158 124 225 317 196 344 305 97 151 141 162 107 252 121 109 231 253 129 238
 206 214 248 249 242 163 161 41 334 226 246 135 45 259 157 115 197 114 243 235 304 218 224 316 89 226 258 205 340 122 56 1 151 45 178 76 167 91 160 164 183 223 71 168 171 72 252 136 214 29 124 78 200 198 146 142 245 120 92 173 89 70 265 151 65 107 294 264 24 67 121 308 201 189 308 280 186 333 274 153 224 157 114 237 97 63 97 165 159 168 295 185 328 135 114 192 197 90 178 177 54 312 280 152 351 74 165 251 94 323 285 106 77 49 88 292 161 248 273 178 177 60 301 125 106 274 273 123 236 130 158 299 231 44 106 298 178 257 111 320 85 200 319 287 213 136 154 198 169 33 310 201 212 140 100 62 130 258 267 31 29 154 84 197 306 145 313 270 147 169 120 108 80 197 172 96 228 200 166 224
 95 347 130 159 275 230 282 190 184 92 186 98 110 251 7 108 222 112 250 86 158 353 287 166 90 173 108 73 321 137 126 151 1 191 76 200 54 134 174 147 95 294 205 247 313 213 110 18 87 131 166 118 200 153 159 280 99 56 212 205 125 143 118 267 138 103 151 232 135 213 250 158 277 40 211 130 75 187 128 35 260 292 43 259 209 146 76 143 262 249 148 162 189 64 195 199 222 240 115 163 189 277 218 73 202 211 195 135 70 184 253 89 208 126 208 264 12 221 143 114 196 127 302 72 95 151 124 39 209 268 207 267 100 138 47 229 315 124 192 171 121 181 171 137 147 259 22 327 108 122 263 51 295 42 148 162 277 209 250 159 139 81 149 183 225 226 291 268 175 32 115 221 118 308 101 92 132 335 38 161
 234 200 292 293 268 186 159 13 374 269 288 157 89 294 197 133 189 132 276 272 346 201 243 355 117 268 298 238 375 131 76 45 191 1 207 88 211 101 160 174 227 239 32 186 150 29 294 175 257 73 122 120 237 240 184 127 287 164 102 205 103 107 301 153 76 150 337 302 57 23 117 347 218 230 351 317 216 375 316 188 251 144 156 267 110 99 141 176 167 185 337 193 371 165 138 227 229 53 198 216 64 350 322 180 392 73 198 295 137 366 323 150 39 91 55 329 200 287 316 199 211 101 332 154 129 318 314 160 275 116 187 337 263 84 146 340 162 300 136 361 127 240 360 327 256 136 191 188 190 70 350 241 225 184 137 57 104 299 303 62 54 198 121 235 348 165 349 303 145 211 162 118 122 198 196 140 272 186 201 266
 29 389 191 229 346 293 330 211 194 149 260 59 148 326 75 82 170 86 323 90 188 394 353 171 91 248 125 40 396 104 132 178 76 207 1 243 127 119 126 92 169 358 210 308 348 221 155 72 150 167 135 175 273 228 229 318 138 124 258 274 112 196 107 316 136 169 187 307 156 227 293 161 339 90 276 128 11 211 159 43 331 332 103 331 258 197 137 87 316 309 174 100 229 44 252 272 292 259 48 236 227 352 291 29 217 249 264 198 127 224 328 155 212 172 205 339 70 296 195 46 267 177 376 54 80 207 149 66 284 306 273 341 58 182 95 301 354 176 249 188 180 255 194 155 221 305 55 372 45 147 336 91 356 116 209 161 306 283 325 196 156 156 206 257 294 286 366 342 134 102 184 270 176 360 34 154 202 376 40 235
 271 149 265 251 184 100 88 76 375 254 232 207 96 218 205 189 270 188 197 285 338 154 156 360 160 213 302 264 298 197 131 76 200 88 243 1 197 167 234 239 197 153 118 100 116 111 283 189 239 77 198 88 166 186 120 82 281 153 17 127 164 62 317 76 140 117 325 234 98 96 52 353 131 233 306 328 250 367 310 212 167 93 158 185 23 56 128 240 84 98 331 260 352 201 57 154 150 92 250 155 25 279 263 219 388 24 123 266 132 347 253 125 125 75 142 257 211 218 294 250 137 75 252 193 178 291 311 182 208 71 106 266 291 63 157 283 117 281 55 359 89 175 354 327 208 63 209 130 241 103 283 245 139 175 79 133 91 237 229 50 104 171 66 170 296 79 273 225 221 207 119 33 89 122 243 117 236 136 223 215
 144 339 85 107 235 203 271 207 180 60 134 149 124 203 53 156 272 159 205 106 142 347 255 168 131 121 111 116 270 184 158 167 54 211 127 197 1 176 224 198 42 263 231 222 312 236 87 66 47 141 211 110 156 103 125 278 86 48 206 170 166 136 139 254 173 83 130 181 157 233 245 162 248 52 161 143 125 171 114 88 222 288 60 217 200 142 73 195 245 225 135 215 161 115 177 158 183 256 168 120 193 225 165 125 193 213 160 90 75 156 202 73 235 129 239 213 59 171 107 167 159 125 254 121 141 110 116 86 159 267 177 215 140 141 75 176 311 90 175 163 109 135 158 133 95 249 75 318 162 144 210 63 268 29 129 194 282 156 201 165 164 38 136 138 172 204 240 221 223 27 88 212 109 291 154 81 80 328 89 109
 143 299 259 278 321 248 250 109 305 225 290 62 93 326 139 37 113 34 314 199 288 300 310 284 46 272 231 155 405 32 38 91 134 101 119 167 176 1 71 75 208 310 96 256 250 108 243 117 218 100 41 140 267 245 212 226 231 138 183 249 10 146 222 241 28 156 283 322 71 117 209 274 289 171 335 242 129 315 258 115 304 242 118 313 187 142 129 77 249 256 276 95 322 83 199 260 272 150 99 236 144 370 325 92 326 162 240 264 118 317 344 147 96 118 87 352 139 307 275 100 249 128 372 71 42 282 251 96 294 214 238 358 176 121 102 340 261 257 196 296 148 259 299 261 252 226 124 285 92 70 363 180 301 149 173 47 205 308 331 120 63 182 161 258 341 233 377 339 60 163 173 198 142 287 99 139 252 284 127 265
 140 359 302 329 390 318 316 170 318 263 348 78 162 392 177 70 50 67 381 215 312 359 380 295 102 331 250 165 470 44 108 160 174 160 126 234 224 71 1 37 261 380 144 325 308 157 275 159 260 170 39 207 333 306 279 287 260 195 250 317 76 216 229 308 96 221 310 384 140 171 274 285 359 204 383 252 136 336 283 145 373 304 172 382 255 212 191 42 317 325 299 43 352 111 269 327 340 203 84 300 211 432 382 108 341 228 308 308 179 347 406 210 142 187 126 415 175 370 313 86 316 197 439 103 86 322 274 139 358 275 307 420 176 191 156 396 321 294 266 313 216 323 319 280 309 292 157 347 83 140 423 210 370 200 242 105 261 367 395 189 132 238 230 322 394 302 441 406 18 205 238 266 209 354 94 203 303 345 152 323
 104 372 274 304 382 314 323 182 282 234 327 51 157 377 149 55 79 54 369 181 278 374 377 260 90 311 216 130 454 44 109 164 147 174 92 239 198 75 37 1 237 378 163 324 323 176 244 134 231 168 61 199 320 287 268 299 227 175 255 309 76 211 194 314 102 207 277 367 142 188 283 250 358 174 357 216 101 302 250 115 365 315 152 372 259 208 175 6 321 325 265 22 319 84 267 315 331 221 49 286 217 414 361 77 306 236 299 280 164 314 388 195 162 183 149 398 146 353 282 50 306 192 426 79 71 293 240 115 341 287 301 402 140 188 137 373 334 263 264 278 207 308 285 246 287 299 128 359 48 139 403 178 371 177 234 118 277 348 380 191 136 217 225 307 370 301 424 392 49 178 224 270 201 360 59 190 277 358 121 302
 185 331 69 71 203 183 261 221 195 67 92 187 141 164 94 192 309 195 168 139 150 340 228 187 164 80 135 156 229 220 185 183 95 227 169 197 42 208 261 237 1 238 251 203 310 254 97 105 52 156 245 114 122 65 103 276 103 71 204 143 199 137 170 244 201 82 135 140 177 249 242 183 226 90 129 169 166 177 127 129 191 283 91 183 196 144 88 234 232 206 147 254 157 155 166 126 152 267 209 88 198 184 125 166 203 216 135 71 95 152 161 79 256 139 262 172 100 131 99 208 130 132 215 160 176 96 133 123 120 266 155 174 178 149 107 137 306 88 164 176 110 98 168 151 53 242 116 309 202 166 169 98 246 61 121 220 286 115 161 174 186 30 133 102 135 188 199 182 259 68 79 206 112 276 195 89 47 321 130 68
 383 156 293 254 69 66 110 227 431 304 210 338 223 138 297 324 418 325 113 368 384 168 16 424 291 198 371 366 194 339 273 223 294 239 358 153 263 310 380 378 238 1 269 55 177 260 333 290 289 212 345 185 128 187 139 158 340 239 139 96 306 168 401 101 285 192 368 175 241 245 137 420 22 313 290 404 361 409 363 319 64 149 257 88 130 171 222 378 79 56 383 400 379 321 112 119 92 232 378 153 177 200 225 339 437 169 105 290 232 376 183 206 275 197 293 179 304 165 325 378 110 188 141 317 311 314 371 293 163 159 88 190 393 191 264 243 160 320 115 412 179 154 402 388 213 118 310 136 369 241 218 324 25 256 150 282 195 199 154 193 249 227 156 147 265 79 181 132 368 285 180 122 184 84 368 205 254 155 327 210
 236 218 314 318 300 217 184 44 386 288 316 156 111 325 211 131 166 129 307 282 362 218 273 367 123 296 310 244 406 122 82 71 205 32 210 118 231 96 144 163 251 269 1 217 166 14 311 188 277 99 106 148 267 268 214 148 303 185 132 236 100 137 309 180 75 177 354 332 75 29 143 358 248 244 377 327 220 391 331 197 282 165 173 298 141 129 164 166 196 215 352 181 390 170 170 258 260 60 194 246 95 380 350 183 405 102 229 317 158 384 353 175 7 119 25 359 213 317 336 195 242 129 364 158 131 340 328 171 305 137 218 367 267 112 162 368 180 320 168 375 155 269 375 340 282 163 202 209 187 88 379 255 254 203 167 50 119 327 333 93 68 222 151 265 375 196 379 334 128 228 189 148 150 224 194 165 296 204 210 293
 334 145 264 232 93 22 81 174 397 269 196 285 170 146 251 271 364 271 121 325 352 156 58 387 238 180 332 319 217 285 219 168 247 186 308 100 222 256 325 324 203 55 217 1 149 209 299 242 253 157 291 134 112 162 102 122 304 193 87 70 252 115 359 66 231 146 336 175 187 194 94 382 34 270 277 364 312 379 329 270 78 118 208 101 77 117 174 324 43 5 349 346 353 270 59 101 80 183 325 126 123 210 218 288 405 118 74 263 183 349 188 159 223 143 240 188 258 161 296 325 85 135 166 265 257 288 334 243 155 120 51 198 346 137 214 238 135 289 62 378 129 135 370 352 188 78 262 122 316 187 222 282 49 211 100 228 155 191 160 138 195 187 104 127 257 25 198 147 314 242 136 71 133 78 316 157 227 139 279 189
 375 55 378 358 237 165 70 143 490 369 332 303 205 294 318 281 330 279 269 398 453 53 189 475 259 314 416 373 364 281 221 171 313 150 348 116 312 250 308 323 310 177 166 149 1 152 398 300 354 184 270 203 254 290 222 35 396 268 108 210 251 177 430 84 224 231 440 320 193 138 70 468 163 347 411 442 355 482 425 321 225 32 271 249 116 171 243 325 107 145 446 343 466 305 150 242 226 107 345 255 125 358 359 321 503 102 211 378 246 461 335 240 169 188 187 336 323 306 408 346 224 189 312 295 274 404 426 290 298 46 187 346 400 176 268 379 22 396 151 474 204 271 469 442 314 75 319 55 337 202 369 360 154 290 190 206 48 332 308 155 195 285 179 264 396 145 346 295 292 322 232 107 204 98 341 232 346 42 333 319
 247 205 318 320 293 210 172 39 395 294 316 168 114 321 218 143 179 140 302 291 369 204 265 375 133 296 319 254 402 135 91 72 213 29 221 111 236 108 157 176 254 260 14 209 152 1 318 196 282 100 120 148 264 268 211 135 310 189 123 231 112 135 319 170 86 178 360 330 80 17 132 367 239 251 379 336 231 398 339 206 276 152 179 293 133 127 168 179 186 207 359 194 395 180 163 254 255 47 206 244 88 377 350 194 413 93 225 321 163 390 351 177 18 119 37 356 221 314 342 207 238 129 359 169 142 344 335 179 303 125 212 364 278 112 168 368 167 325 162 382 155 267 383 348 283 152 210 196 199 93 377 263 244 208 165 62 105 326 330 90 74 225 148 263 376 188 376 330 141 234 190 139 150 213 206 167 299 191 219 294
 156 423 55 107 293 278 354 291 99 31 155 199 208 244 105 215 322 219 254 79 56 431 323 93 199 154 53 123 292 243 234 252 110 294 155 283 87 243 275 244 97 333 311 299 398 318 1 127 47 227 273 196 213 151 198 364 20 134 292 238 234 222 98 337 247 168 44 211 239 317 331 90 321 73 135 87 147 85 31 133 283 373 140 272 285 228 159 239 326 302 51 254 80 167 259 218 246 341 202 181 279 243 175 168 108 299 230 62 159 75 227 159 315 215 317 239 105 206 43 200 225 211 292 177 203 58 40 148 198 353 251 237 132 227 151 176 396 27 257 80 195 187 73 57 129 334 122 401 198 226 221 67 342 112 212 270 369 179 236 251 245 116 221 192 161 283 265 262 279 85 170 296 195 371 188 167 89 412 124 139
 95 336 145 172 275 226 272 175 200 109 196 84 97 256 24 93 208 97 252 99 175 342 284 181 73 181 124 78 328 121 109 136 18 175 72 189 66 117 159 134 105 290 188 242 300 196 127 1 103 117 150 110 202 159 158 268 116 54 202 204 108 134 131 257 121 99 168 239 119 197 239 173 272 57 225 144 73 203 145 30 260 281 35 260 199 137 69 130 254 243 165 150 206 51 188 201 222 225 106 166 177 285 229 63 218 199 194 151 61 201 261 85 192 115 191 271 26 227 159 105 196 116 306 57 79 167 141 22 215 256 204 274 106 126 33 241 303 141 185 187 114 185 188 153 156 248 22 317 99 107 272 67 290 46 142 145 263 217 255 146 123 87 141 187 237 220 298 272 160 48 113 212 110 299 93 86 145 323 38 170
 159 378 44 82 251 233 309 253 144 17 123 183 170 207 83 194 308 198 214 97 101 386 278 136 173 118 87 127 263 223 203 214 87 257 150 239 47 218 260 231 52 289 277 253 354 282 47 103 1 187 252 153 170 110 153 320 53 94 248 194 208 178 126 292 217 124 87 178 203 279 286 133 276 61 127 122 145 129 76 117 240 329 105 231 241 185 118 227 280 256 97 245 116 149 214 175 202 301 195 138 237 215 149 156 153 257 185 50 121 111 196 116 281 174 285 207 86 171 61 193 180 169 257 158 180 65 83 124 161 309 205 207 144 186 119 155 352 44 212 126 151 145 119 100 91 289 104 356 190 190 196 63 297 75 167 239 326 148 201 210 210 70 176 150 146 238 235 225 261 56 125 251 152 325 181 125 57 367 113 103
 195 223 221 221 223 149 164 67 312 200 218 132 22 236 136 115 211 116 221 215 280 228 211 295 84 199 236 190 317 129 63 29 131 73 167 77 141 100 170 168 156 212 99 157 184 100 227 117 187 1 137 51 176 171 121 153 221 94 92 152 95 48 247 152 77 79 269 238 34 95 127 287 191 167 280 260 174 309 250 137 206 167 91 217 94 43 70 168 155 158 272 190 302 125 100 168 176 115 174 151 61 287 253 143 328 83 144 224 68 297 260 78 104 22 114 267 141 223 246 174 154 33 279 117 103 247 250 107 211 141 140 274 217 22 85 271 189 231 97 297 59 175 295 264 185 139 136 205 165 31 284 179 204 115 77 82 148 231 242 30 43 127 63 171 278 134 289 247 159 145 92 106 53 197 167 68 200 210 150 196
 154 321 294 315 359 284 278 132 327 258 329 78 132 365 170 59 75 55 354 221 315 321 346 305 82 311 255 174 445 32 75 124 166 122 135 198 211 41 39 61 245 345 106 291 270 120 273 150 252 137 1 179 306 285 251 249 259 177 214 287 49 184 240 271 61 196 311 361 106 133 237 295 324 201 371 262 145 341 285 142 342 265 155 352 219 179 168 65 281 290 302 77 352 108 235 300 311 165 102 275 174 410 364 111 349 190 278 299 157 347 383 186 104 156 90 392 169 347 308 104 288 167 411 97 72 316 277 129 334 237 276 397 190 158 139 379 283 289 232 320 187 299 324 286 290 255 153 309 98 108 402 208 335 186 212 67 223 347 370 154 97 220 199 297 379 268 416 379 24 196 212 230 181 316 108 179 289 307 152 304
 201 232 181 175 184 120 165 112 288 167 169 155 48 188 123 145 252 146 176 201 251 239 182 274 110 149 216 188 269 164 105 78 118 120 175 88 110 140 207 199 114 185 148 134 203 148 196 110 153 51 179 1 129 121 74 169 195 67 98 111 133 27 235 150 121 33 238 189 81 140 137 268 166 148 233 244 179 280 223 137 167 179 77 175 93 33 44 198 145 136 244 220 267 137 79 122 134 155 194 101 85 237 203 155 302 105 102 183 50 262 210 38 154 30 164 218 129 174 209 194 110 20 234 133 129 208 225 110 161 158 104 225 215 38 81 221 203 196 76 272 9 125 267 241 137 143 131 211 185 74 234 160 183 89 37 130 175 181 194 62 91 86 32 122 229 112 241 201 199 122 43 105 3 191 184 30 156 220 147 147
 294 256 168 127 82 92 190 226 309 185 85 272 176 60 202 266 379 269 51 259 260 267 115 304 232 71 256 270 141 289 233 200 200 237 273 166 156 267 333 320 122 128 267 112 254 264 213 202 170 176 306 129 1 62 56 223 222 150 162 45 259 132 291 173 249 114 244 70 209 252 189 301 122 207 166 290 273 285 242 231 72 223 173 62 151 139 145 318 152 117 260 340 253 245 112 13 37 256 304 38 181 115 107 261 313 189 45 164 157 249 88 126 273 155 287 93 209 54 199 304 31 144 108 246 250 188 251 213 45 217 68 102 294 158 186 127 243 197 112 289 121 27 279 269 87 180 220 233 296 202 119 217 143 159 101 257 248 79 67 175 219 121 117 21 145 110 114 74 325 182 96 154 127 188 292 131 129 250 236 83
 246 302 107 71 143 141 232 231 248 124 49 237 163 101 154 237 354 240 105 202 199 312 175 243 205 29 196 218 169 263 216 198 153 240 228 186 103 245 306 287 65 187 268 162 290 268 151 159 110 171 285 121 62 1 69 257 162 113 188 95 237 136 233 215 233 94 183 81 199 259 222 240 178 153 121 230 226 224 181 187 133 261 136 122 178 144 118 285 198 166 199 306 194 207 141 70 97 270 265 38 195 128 83 221 251 209 89 104 129 190 102 100 274 150 284 113 160 69 139 263 80 140 152 210 221 128 190 175 57 249 113 116 241 157 152 101 283 135 140 228 114 36 217 207 27 218 174 278 257 190 118 161 199 114 109 247 275 63 98 180 209 73 125 42 111 153 140 119 301 130 79 185 119 239 251 109 68 293 189 30
 252 235 164 138 119 81 165 173 296 169 114 221 121 116 162 214 324 216 103 230 251 245 131 287 179 94 233 231 197 236 178 146 159 184 229 120 125 212 279 268 103 139 214 102 222 211 198 158 153 121 251 74 56 69 1 189 204 105 120 47 205 77 263 148 193 62 236 120 153 201 154 283 125 175 190 266 230 278 228 187 103 193 126 106 110 85 95 266 133 105 248 288 254 197 73 49 65 207 256 36 132 167 144 214 304 143 37 163 106 249 141 76 220 100 232 147 169 104 196 255 40 89 161 196 198 189 234 166 92 181 54 154 257 103 137 164 215 188 72 277 65 58 269 252 94 150 177 212 247 147 167 186 145 119 47 202 208 119 122 122 163 89 64 53 177 88 169 128 271 148 46 117 72 176 244 79 129 226 194 98
 346 74 344 325 213 136 50 118 456 335 300 276 173 266 286 254 313 253 241 365 419 77 168 442 230 281 383 342 339 256 195 142 280 127 318 82 278 226 287 299 276 158 148 122 35 135 364 268 320 153 249 169 223 257 189 1 363 234 73 179 226 143 397 59 199 197 406 290 164 120 36 434 141 314 377 409 325 448 391 289 199 18 239 223 81 138 210 301 82 119 412 319 432 275 117 211 197 92 318 222 93 329 327 292 470 71 179 344 213 427 306 206 152 155 171 307 291 276 374 319 193 156 287 266 246 370 393 259 267 13 156 317 369 143 236 348 37 362 118 440 170 239 435 409 281 45 288 62 309 173 339 326 136 256 156 183 40 300 279 124 167 251 145 232 363 115 319 268 271 289 198 73 170 87 313 198 312 60 302 286
 138 424 72 123 303 284 355 285 95 38 170 184 202 257 94 201 305 205 265 60 60 432 330 85 188 167 36 104 308 228 224 245 99 287 138 281 86 231 260 227 103 340 303 304 396 310 20 116 53 221 259 195 222 162 204 363 1 130 291 246 222 221 80 339 236 168 53 226 231 309 330 80 327 61 154 71 130 89 30 118 292 372 133 283 285 226 155 223 329 307 51 237 93 152 261 228 254 335 185 190 276 260 191 152 108 297 237 79 154 89 242 158 306 212 307 254 93 220 62 183 232 209 306 163 190 77 32 136 211 352 256 253 113 224 142 193 396 45 259 78 194 197 75 49 141 334 108 402 182 218 238 52 348 108 214 260 365 194 250 247 236 118 221 202 179 287 281 275 264 77 172 297 194 374 171 166 103 413 109 152
