NAME : domp300p75v1
COMMENT : (Deleplanque et al.) 
TYPE : DOMP
DIMENSION : 300
DISPLAY_DATA_TYPE: NO_DISPLAY
OPEN_FACILITIES : 75
COST_SECTION
 1 301 57 298 151 362 239 235 315 196 191 19 258 132 266 372 144 127 165 149 282 455 329 136 379 262 189 208 246 371 338 39 231 248 236 363 237 163 271 82 235 181 204 238 385 364 49 360 227 297 265 118 216 111 66 309 186 402 86 341 261 244 416 207 223 22 242 221 260 358 314 251 407 289 90 338 292 124 306 214 226 72 293 230 370 201 379 273 277 275 316 285 410 220 145 409 186 424 276 125 406 189 327 314 74 169 190 232 156 364 239 361 313 43 111 363 441 308 115 277 64 146 298 242 84 92 53 410 354 353 258 113 393 318 398 337 293 94 198 65 38 243 241 396 167 164 121 176 59 376 297 325 312 157 173 196 49 415 91 350 159 348 335 425 296 24 366 140 284 57 191 187 190 396 363 24 195 149 358 345 444 169 145 75 241 272 277 335 67 114 236 206 152 57 73 360 335 342 101 250 281 412 294 276 373 228 251 135 306 119 92 383 156 261 171 264 329 104 344 70 256 321 238 202 296 223 103 276 88 154 261 243 188 46 277 168 225 357 33 339 20 240 235 316 252 98 333 219 331 62 430 245 83 289 266 337 437 182 289 251 386 198 160 320 251 336 332 313 44 274 228 100 269 389 192 152 141 171 356 211 193 99 259 198 368 206 77 238 93 104 263 370 187 166 185 280 28 340 338 52
 301 1 283 136 222 98 98 163 26 115 135 284 55 285 148 84 180 236 140 183 171 156 84 168 88 171 116 180 275 289 252 268 269 76 67 176 72 279 165 221 141 239 196 280 89 170 258 65 157 102 229 210 163 204 297 86 147 122 254 113 259 229 129 132 106 315 207 172 43 125 93 128 119 162 374 185 133 196 62 124 205 231 33 81 70 109 153 74 154 30 213 101 126 282 213 117 146 129 149 217 113 167 226 126 229 286 290 175 256 207 83 198 73 312 310 73 140 60 263 140 271 189 65 115 261 230 272 109 228 112 214 259 93 228 103 69 200 365 124 252 304 60 67 128 172 150 265 129 269 76 178 61 179 254 249 164 279 124 211 238 144 57 49 126 212 300 117 204 98 350 231 115 114 111 176 302 248 232 255 89 144 217 269 359 237 265 177 104 236 193 160 103 251 333 324 251 74 108 302 258 254 126 175 60 120 268 205 284 15 221 266 85 224 117 186 41 64 218 242 254 237 195 245 262 12 270 338 170 216 151 149 230 134 331 34 258 258 273 269 290 307 198 132 28 92 375 74 174 102 245 132 198 363 87 235 40 138 164 16 244 86 182 151 108 286 206 128 176 296 182 275 209 212 126 213 177 271 258 204 236 112 279 76 254 154 213 292 161 368 205 214 162 115 212 195 185 276 182 159 347
 57 283 1 306 100 331 238 190 301 171 159 48 247 76 277 361 155 158 158 163 237 438 325 132 353 216 179 162 190 318 286 36 268 242 218 321 226 107 286 74 245 127 156 182 370 321 39 345 240 299 213 137 231 124 117 276 193 372 36 306 294 191 388 212 223 77 266 238 244 322 281 213 396 245 93 292 300 136 277 180 250 78 270 206 352 177 340 269 233 260 266 250 382 164 98 397 152 410 287 150 393 148 277 319 65 113 134 249 193 318 211 315 308 34 60 338 421 280 60 286 106 107 269 206 31 115 16 390 305 352 283 152 375 267 384 329 244 83 168 34 28 224 230 365 180 136 162 155 16 355 313 298 327 102 118 155 94 403 89 300 145 325 311 402 318 79 332 96 285 75 138 172 170 368 321 37 230 97 307 314 425 118 89 78 187 217 293 334 63 118 250 199 189 52 43 309 328 308 48 195 227 385 309 248 339 172 274 78 290 144 37 367 105 224 127 244 321 124 293 30 203 274 184 239 276 261 66 231 73 148 218 190 190 55 264 206 260 304 51 285 76 190 243 293 220 92 304 174 330 47 415 267 81 288 294 315 420 194 273 197 365 152 134 321 194 288 294 327 18 227 266 108 218 357 219 116 84 115 309 157 172 144 255 234 328 155 23 194 85 114 287 330 174 192 207 233 61 295 296 74
 298 136 306 1 287 230 77 266 120 182 210 285 103 339 37 132 155 187 153 150 290 220 73 175 208 284 140 271 371 415 375 278 163 87 142 310 111 345 43 233 64 316 285 372 155 305 270 137 75 35 337 182 86 188 265 219 114 245 289 248 141 330 245 95 89 303 98 86 127 260 226 239 152 284 386 315 7 175 195 214 105 232 164 168 163 179 288 68 273 121 336 226 245 368 274 162 221 177 28 178 162 248 351 22 242 354 365 79 186 339 182 331 71 325 352 196 218 194 312 24 245 247 197 222 296 208 291 196 357 75 96 210 179 350 162 96 319 383 201 274 316 143 112 256 132 206 211 178 291 179 44 196 44 321 322 249 258 166 218 365 173 183 180 221 80 286 251 262 41 354 313 158 168 231 310 308 159 296 382 224 219 291 329 369 336 370 51 60 245 189 68 119 183 346 348 378 88 243 341 357 363 243 42 183 254 359 91 339 125 184 304 159 291 232 259 147 92 195 368 280 341 321 343 169 144 168 370 288 235 162 263 331 117 339 111 182 154 398 271 409 295 301 64 163 203 390 209 270 58 260 191 88 376 50 114 165 206 117 125 346 186 269 202 42 382 334 261 41 312 298 171 201 323 256 132 235 329 330 336 325 168 234 76 163 289 303 322 266 384 196 94 297 151 147 125 302 272 313 292 349
 151 222 100 287 1 247 212 95 245 113 89 135 203 65 268 305 166 201 139 177 139 371 284 128 277 118 148 65 108 223 189 114 304 207 164 224 185 59 281 103 237 38 57 103 310 225 107 287 239 270 116 167 233 150 195 192 188 290 66 217 321 95 307 201 199 171 280 243 190 232 195 123 341 148 182 194 281 157 199 102 267 121 201 143 287 118 247 233 137 206 167 163 300 91 15 338 78 349 276 184 334 60 178 294 101 68 79 254 240 219 141 216 267 132 96 263 351 202 50 272 174 41 190 122 70 159 99 321 206 314 297 207 308 169 323 281 145 166 100 88 127 168 186 279 189 83 217 111 93 286 307 220 319 35 38 65 168 345 113 201 117 252 238 329 324 166 245 28 256 173 44 131 123 288 224 135 266 10 209 231 355 19 47 170 93 127 292 298 109 134 249 169 233 147 127 211 282 220 92 105 134 304 303 174 252 90 286 63 233 180 66 305 7 136 38 183 274 160 195 81 108 175 92 279 213 299 129 133 92 133 124 94 178 153 213 250 294 208 128 193 168 91 231 225 141 177 224 77 294 98 351 278 171 255 313 247 353 198 216 104 296 56 86 289 116 189 202 319 117 128 305 136 119 270 243 53 49 44 211 64 123 209 220 272 234 57 94 98 170 139 300 235 137 219 225 134 141 197 200 173
 362 98 331 230 247 1 193 161 111 168 173 344 149 311 245 133 262 321 215 267 139 145 168 240 45 151 193 188 261 229 198 325 364 171 140 98 160 294 261 282 238 250 202 269 117 91 315 114 253 196 205 290 258 280 371 56 235 43 297 41 356 214 61 224 199 378 304 268 128 40 53 126 154 127 421 122 228 274 58 152 301 296 81 135 91 163 62 171 128 123 165 85 54 277 242 143 180 145 245 300 138 189 174 218 288 300 297 271 345 135 124 126 163 363 342 44 122 56 295 237 344 226 65 127 304 306 322 99 163 190 311 341 98 181 127 146 162 408 165 303 355 133 155 36 260 198 349 189 318 77 273 42 273 273 261 183 349 149 276 177 210 51 51 94 308 365 23 239 193 403 238 183 177 44 98 357 342 256 194 18 126 236 290 407 224 241 273 188 297 266 256 188 339 382 367 188 153 35 337 242 224 58 270 88 24 260 302 309 107 302 305 110 246 113 211 112 145 295 184 303 217 142 233 356 93 365 374 143 274 224 134 216 221 383 130 349 353 216 330 242 371 187 228 71 112 419 30 177 187 301 138 295 410 183 332 67 130 254 112 226 79 195 203 197 271 147 64 270 346 154 370 280 187 31 306 216 294 271 135 235 174 359 172 347 70 216 333 157 412 278 311 78 187 302 287 154 339 118 94 401
 239 98 238 77 212 193 1 194 96 107 135 224 45 265 66 141 99 149 81 99 223 231 92 107 184 214 65 197 296 348 308 214 173 23 73 256 41 270 82 166 47 241 210 297 159 252 205 134 61 61 264 130 67 130 219 165 58 219 218 199 166 257 225 39 17 248 114 76 69 214 173 171 173 218 323 255 71 119 145 141 110 170 114 98 153 104 242 36 206 71 270 165 222 292 199 178 146 193 71 133 176 173 284 84 175 279 289 80 163 281 113 273 76 261 280 169 221 145 238 65 195 172 144 152 225 155 224 193 294 115 123 172 175 283 170 103 251 319 126 206 252 76 44 224 84 130 177 102 224 165 104 153 113 246 247 174 206 184 152 301 99 153 145 215 132 232 209 187 48 294 237 82 92 207 256 246 152 221 318 182 224 215 255 307 262 297 95 97 180 126 66 44 158 283 281 315 99 196 270 283 291 222 100 124 214 284 113 265 93 137 232 159 216 166 184 88 95 141 302 211 268 257 268 165 100 174 301 220 167 92 194 257 52 277 65 164 162 331 210 339 240 228 37 124 136 326 166 196 93 193 203 105 313 51 144 136 214 72 83 272 175 194 127 83 307 271 207 111 247 228 179 141 252 222 117 160 255 254 276 250 93 194 25 157 240 228 253 194 320 136 124 247 76 118 100 233 213 254 235 289
 235 163 190 266 95 161 194 1 188 93 69 217 167 154 258 244 195 247 150 205 49 295 240 157 196 30 144 31 113 163 124 196 333 180 126 131 156 135 274 167 233 90 43 118 243 132 187 224 241 240 71 211 240 194 266 107 197 203 155 127 340 67 221 200 187 254 292 251 145 140 109 38 278 56 275 104 261 196 121 55 281 186 134 99 217 93 154 202 44 157 90 78 214 122 94 272 63 281 264 226 268 47 104 266 170 140 138 259 283 131 87 127 225 223 188 184 274 124 143 258 241 90 113 49 161 213 186 245 126 270 305 260 236 99 256 230 67 260 73 171 217 126 155 190 210 93 270 109 181 212 298 141 306 115 102 40 240 279 170 126 130 176 163 249 323 246 154 96 229 264 79 123 110 203 131 223 298 101 139 145 278 80 133 263 75 106 287 258 179 177 249 158 276 239 220 138 233 130 185 96 98 218 294 105 162 107 295 152 176 225 158 237 92 52 65 130 224 208 123 167 77 89 83 312 152 330 221 43 156 151 30 68 182 244 167 291 322 147 207 148 249 36 224 156 72 271 141 18 255 175 280 286 264 224 325 175 278 213 162 82 220 40 99 255 124 105 110 304 207 44 336 186 59 181 268 87 137 112 123 77 108 270 191 304 141 57 187 5 264 187 308 142 131 250 247 50 219 106 106 264
 315 26 301 120 245 111 96 188 1 135 157 298 60 307 137 62 187 241 152 189 196 142 61 181 92 196 128 205 300 313 276 284 263 77 84 196 80 301 153 236 136 262 220 305 71 190 274 46 152 86 254 218 160 214 306 109 150 128 273 132 250 254 132 133 108 328 200 168 58 143 115 153 98 186 391 207 118 205 85 147 200 245 57 102 59 129 170 66 178 42 237 125 130 306 234 97 168 110 136 223 93 190 250 108 244 309 314 169 258 229 107 220 53 329 330 78 129 82 284 128 281 210 89 140 280 240 289 99 251 88 204 265 82 253 84 44 224 383 146 269 320 79 76 137 177 169 270 147 286 70 163 79 163 277 272 188 290 103 225 261 159 64 61 120 198 312 132 226 84 366 255 131 132 115 196 317 246 254 279 106 132 240 291 375 262 291 165 81 251 205 154 112 253 350 342 274 49 127 322 283 279 129 160 85 135 292 196 306 13 228 285 69 247 142 209 63 40 227 265 272 262 219 270 259 37 266 357 195 232 163 174 255 140 348 40 259 253 297 284 315 319 223 127 46 117 392 92 198 80 261 116 190 380 73 225 46 124 166 30 269 80 206 170 88 311 229 149 159 313 207 270 220 238 137 212 197 293 281 226 261 130 286 72 251 173 238 311 186 385 217 204 181 130 213 195 210 290 205 181 362
 196 115 171 182 113 168 107 93 135 1 29 178 91 174 169 196 110 167 62 119 131 269 172 78 185 117 52 91 190 254 214 160 243 97 52 190 74 171 185 115 143 137 104 191 203 187 150 179 149 160 161 133 148 119 206 117 106 207 141 152 249 151 222 109 98 212 200 159 78 169 123 80 231 130 262 176 176 117 111 40 190 130 100 36 183 7 193 123 116 95 177 98 216 187 102 230 40 243 176 146 226 67 192 186 122 180 187 168 200 204 44 197 155 201 197 169 251 113 150 171 180 76 104 63 148 143 160 220 209 202 214 185 206 188 217 169 156 252 21 141 193 57 75 203 121 36 194 24 157 186 209 131 219 147 144 68 183 237 110 212 47 155 141 233 232 199 174 92 148 240 132 31 19 201 190 192 210 123 227 152 255 112 159 247 157 192 197 186 130 103 158 67 193 222 211 225 170 152 189 177 187 218 205 81 181 178 203 173 123 147 152 199 116 82 80 75 162 134 211 142 163 170 162 225 107 241 224 126 108 67 101 152 91 221 101 207 232 237 164 239 204 124 134 124 62 262 139 91 183 136 246 194 251 145 234 145 250 123 106 167 196 88 38 179 201 185 148 217 184 132 246 116 151 196 178 64 160 153 197 144 17 199 110 216 185 122 178 93 255 115 216 190 39 162 157 138 173 176 164 238
 191 135 159 210 89 173 135 69 157 29 1 173 117 152 197 217 127 181 82 137 112 285 198 91 196 96 77 64 163 232 192 153 264 125 77 180 101 146 212 113 169 110 77 164 222 179 143 199 175 188 135 145 173 130 210 119 129 215 126 152 273 124 230 135 125 208 225 184 102 168 124 66 253 114 250 162 204 130 119 25 214 130 115 55 201 32 190 150 100 118 157 95 224 160 79 251 13 262 204 160 247 40 172 213 119 155 161 193 216 190 55 184 181 190 177 181 267 122 130 198 184 56 111 53 133 151 150 236 191 228 239 196 223 167 236 193 135 238 12 131 183 80 102 208 142 29 206 41 146 201 236 140 246 122 118 41 185 257 112 193 62 169 154 246 259 197 176 71 175 231 105 57 44 210 180 184 230 98 206 157 271 86 135 235 129 165 224 213 128 112 184 94 209 210 197 205 195 152 171 150 161 227 232 91 183 150 228 150 145 159 135 218 91 73 54 95 186 144 191 131 137 153 135 244 126 262 207 107 105 83 84 125 115 211 125 224 254 215 160 215 202 98 161 139 63 248 146 65 209 129 264 220 238 172 258 161 267 145 128 140 211 60 35 206 173 168 144 245 174 111 267 123 126 200 200 45 137 127 183 116 43 208 138 236 180 94 163 70 241 123 242 183 64 182 179 117 170 163 154 229
 19 284 48 285 135 344 224 217 298 178 173 1 241 122 254 356 131 120 149 137 265 439 314 120 361 245 172 191 233 356 323 22 227 232 218 346 220 152 260 64 223 166 188 225 368 346 31 343 215 283 250 107 205 98 70 291 173 384 72 323 256 229 398 193 209 38 233 210 243 340 296 234 391 272 101 320 279 111 288 196 217 56 275 212 353 183 361 258 259 258 299 267 392 208 129 393 168 407 264 116 390 172 311 300 57 159 179 221 152 347 221 343 298 45 105 345 423 290 103 264 61 129 280 224 70 81 39 392 338 339 250 110 376 302 382 321 277 102 180 48 37 225 224 378 155 146 119 158 45 358 286 307 301 144 160 179 48 399 75 334 141 331 317 407 287 33 348 123 270 70 176 170 172 378 346 25 190 134 342 327 427 153 133 86 226 258 266 320 49 99 224 190 148 64 74 344 319 324 94 236 267 395 283 258 355 215 242 125 289 110 79 366 141 243 154 247 313 93 328 55 241 304 224 198 278 220 103 259 70 138 243 228 174 55 260 164 221 342 16 325 34 223 222 298 234 107 316 202 317 44 413 236 92 274 259 319 420 170 272 237 369 181 142 305 238 319 314 302 39 257 225 85 253 371 184 134 129 158 339 196 175 99 244 194 350 190 69 220 102 90 254 352 170 158 176 263 17 323 320 66
 258 55 247 103 203 149 45 167 60 91 117 241 1 262 104 116 128 183 94 130 188 200 82 123 142 183 70 175 275 313 273 228 217 23 42 214 22 261 121 180 91 226 190 277 129 209 218 103 105 74 237 159 111 155 247 123 93 176 222 156 210 232 184 78 52 269 157 120 26 171 130 138 151 182 336 215 98 146 102 116 154 187 70 68 118 86 198 36 171 27 235 126 180 275 191 152 129 167 107 165 150 155 249 101 188 270 277 124 202 241 81 233 66 274 282 127 188 101 237 99 222 165 101 121 229 181 234 158 256 112 166 206 141 249 142 83 217 329 107 215 265 42 18 181 119 122 212 96 233 127 139 109 144 237 234 154 231 159 168 264 104 111 102 177 170 254 165 181 64 310 221 77 82 165 214 261 195 212 281 138 191 202 248 320 238 271 134 96 194 146 109 53 197 295 289 277 82 152 273 260 263 180 136 83 170 264 156 261 53 169 235 127 206 130 170 46 75 168 266 219 242 220 245 208 57 218 307 186 177 105 162 232 81 292 23 204 206 296 227 307 261 202 80 80 101 338 122 172 93 205 174 149 325 58 187 94 182 110 40 247 137 174 121 91 286 233 165 142 258 196 222 162 223 178 160 152 249 243 236 231 81 227 29 200 197 208 259 165 331 158 167 204 75 158 141 200 232 214 194 306
 132 285 76 339 65 311 265 154 307 174 152 122 262 1 316 368 202 221 187 212 194 435 343 168 341 174 201 125 120 253 226 106 330 263 225 280 243 34 327 123 284 69 113 110 373 282 105 350 283 325 154 193 276 177 191 256 232 353 61 279 353 132 371 248 251 152 318 284 251 293 258 186 404 204 132 247 333 188 263 166 303 136 265 206 351 179 307 290 196 267 213 227 364 92 74 401 141 413 325 208 397 124 221 348 117 39 59 295 259 269 205 268 326 98 37 328 415 266 29 322 177 98 255 186 58 177 85 385 251 372 335 220 372 210 387 342 194 113 162 88 98 229 245 342 227 141 230 167 80 350 354 284 367 42 58 129 167 408 138 243 167 316 302 393 366 154 307 83 311 133 82 187 181 352 280 111 292 56 247 294 419 76 23 123 126 149 337 356 120 165 293 223 253 105 80 251 342 283 39 128 163 367 350 238 314 103 325 4 295 204 47 368 65 199 102 246 334 182 235 78 142 225 120 303 276 324 71 188 115 179 183 131 225 115 274 271 322 241 123 217 151 141 279 289 205 124 288 137 352 104 415 317 121 311 349 311 417 239 278 134 360 117 142 346 123 238 263 367 90 181 329 161 164 333 275 111 18 50 261 97 182 215 276 296 293 104 57 158 118 165 339 293 192 249 260 186 135 250 257 135
 266 148 277 37 268 245 66 258 137 169 197 254 104 316 1 161 125 152 130 118 287 251 101 149 228 279 122 260 358 413 373 248 132 84 137 317 106 325 18 205 33 299 272 358 183 312 241 162 40 58 328 149 51 157 230 225 86 264 263 257 114 320 267 69 73 270 66 51 129 271 233 235 184 282 354 318 32 144 203 205 71 202 172 162 187 167 299 75 270 127 334 228 266 352 255 193 208 209 11 144 193 235 349 57 213 334 346 44 151 344 178 335 94 295 326 215 247 203 288 14 212 228 203 217 270 175 263 223 358 109 68 175 205 348 191 122 315 353 189 246 286 140 108 273 100 188 176 161 263 202 41 207 52 301 304 236 225 197 189 365 152 200 195 247 67 253 264 242 55 322 297 142 154 252 317 277 125 276 382 236 248 273 308 338 325 360 31 93 215 160 33 104 148 316 319 379 115 253 315 346 355 265 37 186 268 344 61 316 139 150 278 186 273 230 243 149 117 163 367 253 332 321 331 135 154 136 342 284 208 138 259 320 92 308 118 146 122 396 240 404 262 292 38 175 201 360 221 260 90 231 221 56 345 66 89 182 236 85 135 335 210 256 184 74 368 335 268 52 282 293 139 171 316 273 96 217 307 311 339 311 155 199 77 128 299 289 295 258 354 166 68 306 135 112 89 298 240 317 297 317
 372 84 361 132 305 133 141 244 62 196 217 356 116 368 161 1 238 289 208 239 245 92 61 237 95 249 185 263 356 355 320 342 291 127 145 228 137 362 173 294 171 322 278 362 25 222 333 22 187 104 307 270 197 268 358 152 198 129 334 165 272 309 124 179 156 384 226 202 119 171 157 208 37 235 450 247 133 257 130 207 230 302 111 163 43 190 193 106 229 103 283 175 125 364 295 38 229 53 156 273 36 250 295 113 303 369 373 200 300 264 166 255 70 388 391 90 87 127 345 148 334 271 137 197 341 293 348 66 290 67 226 312 50 299 32 41 273 443 207 329 379 140 133 145 224 230 316 207 346 60 173 116 168 338 332 247 344 44 282 302 218 85 92 92 209 368 155 286 110 424 314 190 192 115 228 375 281 315 320 135 88 301 351 435 318 344 182 74 309 260 185 167 295 409 402 314 47 159 383 338 331 122 172 140 155 350 220 366 73 277 346 30 307 196 269 123 48 280 308 332 317 262 326 293 94 295 418 246 291 220 227 310 190 406 98 299 282 340 341 362 375 279 164 91 174 452 125 256 76 319 63 216 439 100 245 75 76 212 91 324 63 265 230 91 367 271 186 164 372 258 299 275 290 150 249 258 353 341 263 319 190 335 118 286 201 296 371 242 445 271 225 209 188 256 235 260 346 244 219 420
 144 180 155 155 166 262 99 195 187 110 127 131 128 202 125 238 1 60 50 12 238 327 190 41 266 223 70 183 269 357 318 124 141 113 122 298 109 217 132 83 93 202 191 266 255 296 117 229 87 155 257 32 78 34 121 219 44 296 145 255 156 241 306 64 84 151 117 85 139 272 226 189 271 239 231 285 149 21 206 148 103 79 183 132 245 113 298 135 225 151 283 205 302 256 153 275 133 291 134 39 273 155 298 171 91 226 241 96 90 313 147 307 175 171 206 250 315 207 173 134 97 130 201 172 150 56 140 285 317 212 134 81 268 293 267 201 261 230 126 124 163 130 114 296 27 104 88 89 141 254 159 221 173 196 203 160 108 281 67 319 66 234 223 304 166 134 273 140 142 200 204 84 94 287 298 154 105 173 333 247 318 177 198 215 244 281 140 193 92 38 96 77 84 192 195 332 197 253 195 262 281 303 155 177 279 253 124 202 180 42 160 254 172 192 154 151 193 43 317 132 255 278 247 119 178 137 220 233 88 45 209 241 49 185 149 98 131 341 117 338 142 220 92 201 169 236 232 188 190 109 299 116 222 148 149 219 309 41 165 255 264 176 98 177 278 294 255 174 159 238 143 48 250 292 78 123 196 208 307 222 97 100 122 111 291 204 173 197 230 42 138 296 78 56 60 244 117 285 273 195
 127 236 158 187 201 321 149 247 241 167 181 120 183 221 152 289 60 1 109 55 292 379 235 91 323 275 129 231 308 407 369 124 110 166 181 356 166 243 154 102 126 238 236 303 307 354 121 281 114 196 303 37 102 54 80 278 92 354 162 314 137 286 364 111 135 125 117 103 197 331 285 245 319 294 216 341 182 52 265 203 101 86 241 191 299 170 356 183 280 207 336 263 360 290 189 325 185 341 162 23 324 204 350 206 106 252 270 113 39 369 205 363 222 164 216 307 368 266 195 165 65 171 260 229 165 46 144 339 371 253 133 25 322 344 318 249 313 219 182 135 156 188 171 355 66 155 30 145 148 309 177 280 193 226 237 210 80 331 89 372 122 291 280 360 172 109 332 177 185 181 243 142 152 345 356 144 72 206 385 306 371 215 223 201 287 324 157 235 102 72 120 135 33 182 193 384 245 312 205 303 326 361 174 236 338 290 126 223 236 23 176 307 208 249 198 210 242 43 369 145 300 333 289 82 235 104 221 287 112 102 264 286 103 172 205 51 103 391 110 385 117 268 130 259 227 223 291 238 232 119 350 121 208 193 140 276 361 78 221 299 319 223 149 217 316 348 313 194 156 290 109 67 299 350 67 167 221 239 362 262 155 48 172 77 350 247 180 249 219 64 138 355 136 43 65 296 104 342 331 175
 165 140 158 153 139 215 81 150 152 62 82 149 94 187 130 208 50 109 1 59 191 292 168 30 223 176 25 142 235 312 272 136 184 85 77 249 73 195 143 88 99 172 152 234 221 246 127 196 101 142 215 76 96 67 159 170 51 251 138 206 193 202 263 63 66 177 146 107 98 223 177 141 243 191 245 236 147 60 159 100 134 94 138 83 208 64 249 112 177 112 237 156 258 226 126 245 89 259 139 87 242 115 252 163 97 204 217 117 139 265 98 258 151 183 200 207 278 160 160 136 133 99 153 124 145 92 145 248 269 194 162 128 231 247 234 174 215 239 79 126 174 85 77 250 61 63 136 42 144 215 170 175 182 172 176 118 140 251 75 272 24 191 179 265 186 162 225 113 128 217 171 34 45 243 249 169 150 147 286 200 281 146 178 229 206 242 154 176 102 55 111 42 133 204 201 285 172 205 190 225 240 259 165 129 231 220 151 187 143 89 152 219 144 143 118 107 166 81 271 131 215 231 210 164 136 181 221 186 87 12 162 202 40 200 113 146 173 296 134 295 169 178 93 158 120 248 186 145 173 114 266 142 235 130 180 177 274 65 126 217 225 136 58 164 245 246 206 181 168 191 187 70 207 245 119 89 178 182 258 187 48 145 97 156 242 167 173 151 241 67 165 247 29 102 98 197 139 237 224 214
 149 183 163 150 177 267 99 205 189 119 137 137 130 212 118 239 12 55 59 1 248 328 188 51 269 232 76 194 280 367 328 132 131 114 128 306 112 227 125 92 87 213 201 277 256 304 125 230 79 152 267 34 70 40 121 225 42 301 154 262 146 252 310 62 84 155 107 76 143 278 233 198 271 248 237 294 144 27 212 157 92 86 188 139 247 122 305 134 234 154 293 213 306 267 163 275 143 291 128 36 274 166 308 166 100 236 252 87 82 322 154 316 173 178 215 254 317 213 183 128 99 141 207 181 160 59 148 287 326 209 124 77 269 303 267 200 271 236 136 133 170 135 117 302 19 115 83 98 149 257 151 226 166 207 214 171 110 281 76 329 76 238 227 307 157 138 279 151 140 205 215 92 103 291 306 160 95 183 343 253 319 188 208 221 255 291 132 191 100 48 89 81 75 199 203 341 196 260 204 273 292 307 148 183 285 264 114 212 183 40 169 255 183 200 164 156 193 46 327 141 265 288 257 108 181 127 228 243 98 55 219 252 50 191 152 88 120 351 123 348 146 231 88 205 177 243 238 199 187 117 300 107 228 146 139 222 310 34 168 266 267 186 108 174 289 303 262 167 166 247 133 55 260 297 68 133 207 218 316 233 106 98 122 100 299 215 182 207 237 50 128 304 85 46 49 253 123 294 282 200
 282 171 237 290 139 139 223 49 196 131 112 265 188 194 287 245 238 292 191 248 1 282 253 202 180 21 180 76 123 127 87 244 373 205 151 87 183 170 304 215 265 126 83 132 239 89 235 224 275 260 66 256 275 240 314 95 235 179 202 101 377 77 198 235 218 302 327 286 164 110 93 53 276 14 319 57 285 241 116 92 318 234 139 126 212 130 117 223 18 173 48 72 190 142 140 268 109 275 292 271 263 95 63 287 218 173 166 294 327 83 110 79 240 269 229 172 259 119 187 285 289 138 109 72 207 260 234 233 80 282 340 306 227 61 252 239 30 303 113 218 264 149 180 163 250 138 316 151 228 204 325 132 331 153 138 88 288 275 218 82 173 168 156 232 353 294 127 143 251 310 113 161 148 182 87 270 340 144 97 126 263 122 172 308 87 103 316 272 227 222 283 191 320 285 264 95 243 106 227 103 88 195 321 112 134 124 329 191 184 270 204 232 135 59 112 146 234 254 82 214 79 42 96 354 160 370 263 7 204 194 30 79 219 290 183 335 361 110 255 121 297 55 255 156 88 314 128 64 270 223 271 321 308 244 360 172 266 252 174 88 210 86 145 273 133 58 79 329 254 16 376 232 48 153 308 135 176 147 75 104 146 317 215 346 102 91 231 46 307 233 342 101 168 292 287 16 267 59 64 310
 455 156 438 220 371 145 231 295 142 269 285 439 200 435 251 92 327 379 292 328 282 1 151 321 102 291 268 319 402 369 341 423 381 215 222 236 221 424 262 376 262 381 334 409 73 229 413 99 278 194 347 358 288 354 446 190 288 114 408 184 360 355 97 269 245 468 316 293 197 181 190 258 70 269 529 265 222 345 175 270 320 385 172 233 87 263 193 196 268 182 309 218 104 415 362 59 296 44 245 362 59 313 317 199 384 430 431 291 391 273 232 265 161 467 462 112 24 172 414 238 421 341 184 253 415 380 427 51 304 148 315 402 64 324 62 132 305 520 275 407 459 215 216 134 314 303 407 284 424 85 259 155 251 400 392 308 430 56 365 318 298 120 134 53 294 453 162 356 201 505 371 270 269 105 236 456 372 380 335 156 20 363 416 514 364 384 270 161 391 346 276 253 386 488 479 328 138 179 455 383 368 99 258 198 158 399 310 433 150 366 419 74 371 244 334 195 139 367 326 409 359 286 373 384 163 385 491 284 371 303 272 356 278 486 180 390 372 357 424 385 460 325 255 147 231 529 156 310 163 400 30 306 518 191 333 125 19 302 168 368 76 324 305 179 412 290 208 247 451 296 389 361 329 143 340 329 419 402 275 371 267 424 207 376 206 350 446 292 522 357 313 213 269 347 326 297 430 260 237 502
 329 84 325 73 284 168 92 240 61 172 198 314 82 343 101 61 190 235 168 188 253 151 1 196 140 252 147 253 352 372 335 303 231 84 122 256 102 342 113 255 113 307 268 355 84 250 294 66 129 44 309 220 139 221 308 169 148 177 302 192 212 307 176 127 107 339 166 144 98 202 175 208 86 245 412 267 73 210 145 194 170 259 116 146 92 168 228 58 236 84 296 184 176 354 272 94 210 110 96 221 93 235 309 54 264 351 358 141 243 289 155 280 18 350 362 130 147 143 318 88 286 246 149 193 309 245 312 125 311 31 166 259 107 311 91 25 282 406 187 292 341 119 99 190 172 204 262 177 310 109 115 139 111 318 315 233 297 98 242 321 182 118 119 150 151 322 190 262 52 383 301 158 164 163 256 335 223 294 339 165 148 283 329 396 314 345 122 21 269 217 127 127 239 371 368 334 17 187 353 335 334 174 113 142 192 342 160 342 71 227 315 88 287 197 251 112 24 232 325 297 316 278 322 234 95 235 386 252 254 179 230 307 143 367 75 241 222 357 299 373 330 276 107 106 170 415 151 248 20 281 122 156 402 43 185 102 136 159 80 322 115 253 202 33 362 289 209 107 335 263 239 231 293 191 191 234 331 324 286 309 163 282 72 227 232 286 338 239 408 226 165 240 154 200 179 267 303 265 242 379
 136 168 132 175 128 240 107 157 181 78 91 120 123 168 149 237 41 91 30 51 202 321 196 1 250 185 54 144 230 319 280 108 181 114 104 267 102 180 160 60 117 163 151 227 250 265 99 225 115 168 217 56 108 42 132 193 65 277 115 228 195 202 289 82 92 148 154 118 127 245 199 155 272 203 217 251 169 40 183 113 140 65 165 106 237 82 270 139 189 141 246 175 284 217 114 274 95 289 159 70 271 116 261 188 69 190 204 128 126 279 119 273 179 155 178 234 307 185 140 157 106 90 177 139 121 67 118 276 280 221 170 108 260 255 263 202 223 212 91 100 146 112 106 275 62 66 117 55 117 243 187 201 200 159 165 121 112 280 47 282 32 219 206 293 199 133 249 101 154 189 165 58 65 269 267 140 145 135 295 225 310 138 162 201 204 241 169 203 74 27 125 71 120 176 174 294 200 228 167 222 241 286 183 153 255 214 160 169 172 70 130 248 133 159 114 134 195 57 279 106 215 242 207 158 164 177 196 197 61 19 174 202 60 172 142 135 171 302 105 298 140 181 113 185 139 220 211 149 200 87 295 152 207 157 186 205 303 72 155 215 254 136 59 190 239 258 225 200 140 200 183 42 211 270 118 83 161 170 272 182 68 122 125 150 262 164 148 159 214 39 174 267 55 96 99 206 110 251 241 185
 379 88 353 208 277 45 184 196 92 185 196 361 142 341 228 95 266 323 223 269 180 102 140 250 1 190 199 221 301 273 242 343 354 163 147 141 158 327 243 298 226 283 236 309 76 134 333 78 242 174 246 296 249 288 381 90 234 38 321 84 341 254 42 219 193 394 290 258 127 84 89 159 112 168 445 166 207 281 79 177 290 310 87 150 53 179 102 157 167 117 208 119 39 315 270 100 205 101 226 304 95 218 218 192 305 333 332 259 344 178 143 170 138 384 370 17 80 76 323 218 354 251 87 156 328 314 343 55 208 157 295 345 54 224 84 116 204 433 187 324 376 139 153 52 260 218 352 204 340 36 251 58 249 305 295 213 361 105 290 221 222 33 45 54 287 380 66 265 174 424 273 194 190 25 141 376 335 286 238 55 84 267 321 430 263 282 254 158 313 276 244 190 338 404 392 232 124 78 364 282 266 39 249 106 64 298 287 339 92 307 330 69 277 146 240 117 118 302 228 325 257 186 272 348 89 356 401 183 292 233 171 255 221 404 121 346 343 260 347 286 386 225 217 66 137 443 56 211 158 319 94 281 433 163 316 49 87 251 103 266 36 227 221 171 311 191 107 245 367 195 360 291 228 56 300 240 324 305 179 272 187 365 161 340 112 251 358 193 436 288 295 120 196 299 282 195 355 162 138 421
 262 171 216 284 118 151 214 30 196 117 96 245 183 174 279 249 223 275 176 232 21 291 252 185 190 1 168 55 112 138 97 224 359 198 144 107 175 151 295 196 255 107 63 119 245 109 215 228 264 256 59 239 263 223 295 103 222 192 181 114 365 64 211 224 209 282 316 275 159 125 102 46 281 31 299 77 279 224 121 78 306 215 140 118 218 117 135 218 25 170 62 76 203 127 120 274 91 281 284 254 269 76 76 282 198 155 149 283 311 103 103 100 238 249 209 181 269 124 166 278 270 118 113 63 186 242 213 242 97 281 329 289 235 72 258 239 40 283 99 198 243 142 173 177 236 121 299 136 208 211 317 139 325 134 119 69 269 281 199 98 157 175 162 243 344 274 141 123 245 290 94 148 135 194 107 250 325 124 111 137 273 102 152 287 74 96 308 270 207 205 272 180 304 264 244 110 243 119 207 92 84 208 313 112 148 110 318 172 185 253 183 238 115 56 92 142 234 237 95 194 69 61 83 339 160 356 243 15 185 179 23 66 207 270 180 319 348 121 235 126 277 37 246 159 83 294 136 44 268 203 278 310 288 239 349 177 275 239 173 77 218 65 128 269 122 76 94 323 233 16 362 214 42 167 294 116 157 129 95 87 133 298 209 331 121 71 211 28 287 215 331 120 155 277 273 22 247 80 83 289
 189 116 179 140 148 193 65 144 128 52 77 172 70 201 122 185 70 129 25 76 180 268 147 54 199 168 1 140 237 304 264 158 194 65 54 232 49 206 137 110 93 178 152 237 198 229 149 172 99 125 212 98 97 90 183 150 55 228 156 186 198 201 239 58 52 201 149 108 74 203 157 129 220 179 267 222 134 83 137 91 139 118 115 64 184 52 229 92 165 88 227 138 234 231 135 222 87 236 130 108 219 114 242 148 119 215 226 117 157 251 80 243 130 205 217 183 254 138 175 126 157 108 132 111 163 116 166 224 258 174 163 150 207 239 211 151 206 261 71 146 196 61 53 228 73 67 157 40 164 191 162 152 173 182 183 116 164 228 99 262 36 167 155 241 183 186 204 123 111 240 176 22 34 219 232 192 162 157 277 178 257 152 190 251 205 241 148 157 125 79 108 22 150 226 221 275 150 185 208 226 238 236 158 108 210 223 152 201 119 111 170 195 153 129 122 83 143 104 261 151 213 219 210 177 112 192 240 176 108 36 151 201 40 223 89 162 182 288 157 290 193 174 85 134 103 269 164 142 154 136 242 144 256 112 183 153 250 73 102 216 201 136 63 146 247 234 187 172 189 183 197 94 202 223 129 96 191 191 244 190 36 168 77 168 224 168 192 144 263 91 166 229 14 116 108 189 163 222 208 237
 208 180 162 271 65 188 197 31 205 91 64 191 175 125 260 263 183 231 142 194 76 319 253 144 221 55 140 1 101 177 139 170 323 186 134 160 162 107 275 144 232 63 17 103 263 161 161 243 238 248 75 195 235 178 243 134 191 230 127 156 334 62 248 198 188 228 287 246 156 169 136 63 297 84 246 131 266 181 145 60 275 164 153 108 239 94 184 210 73 170 110 104 241 103 65 293 54 303 267 211 288 29 124 274 146 113 113 256 268 157 99 154 237 194 158 209 298 148 114 261 219 66 136 68 132 194 159 269 149 283 301 242 258 116 277 245 87 230 72 144 189 135 162 218 201 80 252 103 153 235 299 165 309 86 75 25 217 300 150 146 120 200 186 274 322 221 183 69 236 236 53 120 107 230 160 195 287 72 157 172 302 50 104 234 66 102 287 269 155 160 247 157 261 210 191 158 247 159 155 87 100 245 295 125 190 90 291 123 192 209 129 258 62 77 38 144 239 191 142 139 74 114 72 301 170 319 192 70 133 141 60 62 177 215 179 277 312 161 182 156 223 38 224 176 90 241 167 13 266 150 302 282 235 232 320 197 302 206 177 77 244 11 87 265 112 129 139 307 179 67 325 167 69 209 258 66 108 85 149 57 106 250 198 293 170 34 158 34 234 169 304 171 127 238 238 73 194 134 135 235
 246 275 190 371 108 261 296 113 300 190 163 233 275 120 358 356 269 308 235 280 123 402 352 230 301 112 237 101 1 137 116 214 409 285 233 198 261 87 373 209 329 71 87 13 354 202 209 336 334 347 59 274 330 256 298 213 285 301 163 223 424 49 320 294 287 267 380 341 255 232 213 149 390 136 248 162 366 262 231 160 367 228 246 208 328 193 235 309 135 268 117 186 312 31 120 383 152 391 365 290 379 124 119 374 207 84 66 351 346 175 197 177 336 217 154 291 380 234 132 360 279 141 223 161 164 266 195 353 150 381 396 313 345 108 367 342 106 228 171 189 215 235 261 284 290 173 324 199 189 321 398 249 408 90 75 123 272 390 220 138 212 285 272 353 419 265 249 132 335 252 66 217 206 304 198 227 372 104 137 247 384 94 103 241 40 34 384 368 214 239 343 256 340 224 199 142 345 228 158 21 52 317 394 217 256 19 385 117 288 287 156 348 101 162 118 241 336 266 128 181 45 136 31 384 264 405 185 120 199 232 132 47 273 234 278 357 399 126 229 99 265 79 322 267 184 239 247 104 365 202 389 376 238 331 413 286 386 298 274 36 329 103 178 364 12 144 201 407 206 108 410 242 76 275 347 148 108 77 168 49 205 315 298 377 220 70 174 115 233 245 399 217 224 324 327 109 242 166 181 254
 371 289 318 415 223 229 348 163 313 254 232 356 313 253 413 355 357 407 312 367 127 369 372 319 273 138 304 177 137 1 41 336 495 331 277 134 308 221 430 319 391 192 174 148 343 141 328 334 400 384 108 371 400 354 416 205 358 256 286 192 502 129 274 360 344 392 452 411 288 190 200 179 381 132 383 109 410 357 229 215 442 338 258 252 316 254 177 348 144 296 80 191 267 167 230 371 225 373 418 387 366 204 65 410 319 219 202 419 444 97 236 105 361 347 288 270 346 232 260 410 393 240 225 197 289 370 320 326 66 400 465 418 326 67 354 355 99 363 235 310 344 274 306 236 372 254 429 272 313 304 450 240 456 218 201 199 389 376 325 54 292 272 263 317 479 388 209 239 375 384 181 284 271 265 134 354 461 223 36 222 350 205 234 375 132 105 442 392 328 336 408 316 437 357 332 42 361 198 291 126 92 272 447 234 212 152 454 250 303 385 282 336 217 184 213 269 352 367 48 303 116 95 135 475 279 492 320 130 307 314 155 129 343 366 306 453 484 18 350 41 389 140 381 269 213 374 231 170 390 319 366 446 373 367 485 281 357 375 295 122 307 186 261 395 138 85 170 454 334 123 498 344 109 227 430 242 239 206 95 162 269 425 340 467 164 168 305 162 368 345 467 157 292 412 409 117 363 112 137 386
 338 252 286 375 189 198 308 124 276 214 192 323 273 226 373 320 318 369 272 328 87 341 335 280 242 97 264 139 116 41 1 302 455 291 237 108 268 195 389 282 350 161 138 127 310 115 294 299 360 345 74 332 360 316 380 169 318 229 253 159 462 96 248 320 304 359 412 371 249 160 164 139 347 92 357 77 371 318 193 174 402 301 220 212 283 213 152 308 104 257 40 152 240 145 195 338 186 342 378 348 333 166 26 371 283 194 179 379 405 74 196 80 322 316 261 238 318 195 229 371 357 203 188 157 257 333 287 296 42 363 425 380 294 26 321 319 59 337 195 276 313 234 266 209 332 215 391 232 281 271 411 205 417 188 171 160 353 344 288 28 253 238 228 289 439 354 179 203 336 355 149 244 231 237 108 322 421 190 23 190 322 171 205 348 101 83 402 354 292 298 368 276 398 328 304 28 324 165 263 101 66 245 407 195 184 128 414 223 265 347 251 303 183 144 175 230 315 329 17 269 85 58 107 435 241 452 295 90 271 274 115 97 303 336 267 414 444 24 315 46 355 103 341 233 174 349 196 132 352 284 335 406 346 328 445 246 327 335 256 93 276 148 222 356 120 52 137 415 303 82 458 306 72 200 390 204 210 177 70 131 229 388 301 427 137 133 275 122 342 307 427 131 252 372 369 77 328 81 105 356
 39 268 36 278 114 325 214 196 284 160 153 22 228 106 248 342 124 124 136 132 244 423 303 108 343 224 158 170 214 336 302 1 233 220 203 325 207 135 255 49 216 146 167 206 354 325 11 328 210 273 229 104 200 93 86 271 165 366 52 304 259 208 380 185 198 59 233 207 227 320 277 213 377 251 110 299 272 105 269 177 217 47 258 195 338 165 341 246 238 243 278 247 374 190 108 379 148 393 258 116 376 151 290 292 41 142 162 218 158 326 202 322 286 48 94 328 408 272 85 257 72 108 262 204 52 81 23 376 317 328 250 117 361 281 367 309 256 106 161 27 39 209 211 360 150 128 127 141 28 342 282 289 296 125 140 158 61 385 62 313 126 314 300 391 286 53 328 102 260 83 156 155 156 360 325 34 195 114 322 308 411 132 115 94 206 238 262 310 35 90 220 177 154 70 72 323 307 305 83 216 246 377 278 240 335 196 241 109 274 110 61 351 120 223 133 231 301 91 307 34 221 283 203 204 262 226 99 238 53 125 223 207 164 65 246 171 226 321 17 305 54 202 215 281 215 114 297 181 306 25 398 234 100 264 260 303 405 164 256 216 352 160 124 296 219 298 294 297 36 236 231 78 232 352 185 114 111 139 318 176 158 110 232 199 330 170 58 199 108 83 254 332 155 158 174 242 30 302 299 80
 231 269 268 163 304 364 173 333 263 243 264 227 217 330 132 291 141 110 184 131 373 381 231 181 354 359 194 323 409 495 455 233 1 195 235 422 208 350 120 209 128 341 331 406 314 418 231 292 113 189 396 139 107 156 172 334 140 389 270 369 37 382 394 144 168 225 66 97 239 385 341 321 314 371 317 415 161 148 315 282 65 195 285 254 316 244 412 198 358 243 419 328 392 394 291 323 271 339 137 123 323 295 434 184 215 359 377 96 77 442 270 435 224 271 326 339 377 315 303 144 168 269 313 303 274 155 253 353 450 237 70 119 335 430 322 253 397 324 261 245 264 240 212 396 124 244 111 224 257 330 130 324 142 332 341 299 183 327 195 454 204 324 317 377 103 210 381 278 184 282 344 213 225 377 422 251 39 310 469 353 379 316 331 303 384 421 114 222 211 171 111 187 80 287 301 467 246 366 314 402 421 391 129 291 386 392 73 331 263 128 285 316 310 321 294 257 247 149 453 254 395 411 387 30 272 10 329 368 218 183 343 382 155 276 236 64 12 478 219 477 218 360 138 295 294 326 337 327 220 228 352 77 311 195 58 306 367 122 254 395 339 316 237 203 418 427 375 146 265 374 9 171 389 394 66 263 328 344 436 362 228 135 194 35 409 344 290 334 322 168 72 415 205 86 87 380 211 414 399 276
 248 76 242 87 207 171 23 180 77 97 125 232 23 263 84 127 113 166 85 114 205 215 84 114 163 198 65 186 285 331 291 220 195 1 56 235 25 265 101 172 69 233 199 287 143 231 211 117 83 64 250 144 89 142 233 144 74 197 219 178 188 244 204 58 32 258 135 98 47 193 152 154 160 200 329 235 82 131 124 128 132 178 93 82 135 94 220 28 188 49 252 145 201 284 194 164 137 179 88 148 162 163 267 90 181 274 283 102 182 261 97 253 67 267 281 148 204 123 237 81 208 167 122 136 226 167 229 175 276 111 144 189 157 266 155 90 234 324 115 210 258 58 26 202 101 125 194 97 228 146 121 131 127 241 240 163 218 170 159 283 100 132 124 196 150 242 188 183 51 301 229 77 85 186 235 253 173 216 300 160 207 208 251 313 250 284 113 94 186 135 87 44 177 289 285 296 88 174 271 271 277 201 117 104 192 274 134 263 73 153 233 142 210 148 176 67 82 154 284 214 255 239 257 187 78 196 304 203 171 96 178 245 65 284 43 184 184 314 218 323 250 215 58 102 118 332 144 184 90 198 187 127 319 49 165 115 197 90 61 259 155 184 123 84 296 252 187 125 252 212 200 150 237 200 138 155 252 248 257 240 85 210 14 179 219 217 256 179 325 146 145 226 73 138 120 217 222 234 214 297
