NAME : domp200p50v7
COMMENT : (Deleplanque et al.) 
TYPE : DOMP
DIMENSION : 200
DISPLAY_DATA_TYPE: NO_DISPLAY
OPEN_FACILITIES : 50
COST_SECTION
 1 126 193 74 176 227 123 144 52 142 182 231 99 156 60 201 200 205 107 111 184 66 221 173 71 134 47 195 244 120 37 163 229 99 151 178 231 130 258 201 164 110 129 72 172 114 136 169 166 124 241 136 142 106 119 61 176 232 207 149 262 154 62 135 181 147 225 105 115 158 182 261 174 136 237 207 294 228 195 98 171 97 273 145 60 175 232 123 176 128 216 154 197 223 65 133 135 104 208 164 246 193 165 240 211 16 245 213 286 130 57 170 154 117 80 169 148 143 30 190 235 179 98 97 154 129 178 216 94 104 138 158 191 98 211 230 163 192 73 147 224 180 88 75 165 68 215 199 174 162 136 221 185 250 172 65 58 149 232 85 119 242 89 90 159 105 175 123 92 101 131 236 182 201 130 135 59 153 105 217 118 149 137 147 198 160 82 137 205 158 70 130 89 148 157 124 213 155 201 222
 126 1 300 185 283 190 42 240 150 18 146 270 43 281 179 300 87 324 71 176 151 62 227 151 183 227 137 316 196 230 116 93 312 160 248 269 184 225 181 173 288 233 155 131 243 67 260 132 277 100 178 261 17 193 216 68 239 153 126 239 333 198 187 258 178 155 138 186 205 254 98 334 158 47 357 236 192 156 299 72 91 65 338 270 152 112 126 248 171 4 204 174 105 190 174 186 131 93 303 40 128 113 192 297 188 134 136 297 355 116 147 281 165 13 107 292 228 236 151 163 289 280 128 32 276 27 153 199 100 208 87 227 303 84 154 344 287 70 123 256 116 297 65 193 82 166 311 204 275 271 256 150 195 171 206 179 74 164 203 194 13 129 212 53 171 127 294 8 211 187 198 133 302 112 199 238 138 54 68 335 240 176 45 217 83 174 200 88 81 283 116 209 134 131 169 210 258 184 306 343
 193 300 1 120 238 279 277 65 217 317 259 378 260 111 182 271 384 58 245 269 257 250 392 360 123 78 223 73 303 74 187 283 324 267 249 56 420 79 449 256 88 162 182 253 300 305 153 255 31 235 433 114 316 245 86 248 313 423 318 73 365 153 159 162 361 202 416 252 245 254 373 361 360 286 85 367 483 322 12 290 297 288 381 127 149 282 419 138 358 303 244 329 323 274 203 145 216 296 284 332 427 385 334 366 395 179 432 309 387 226 155 26 333 295 269 164 275 253 164 377 367 28 188 277 167 311 366 398 213 94 260 109 227 229 296 50 95 369 257 221 411 205 279 120 355 220 287 374 30 32 76 316 360 442 334 129 229 193 274 205 297 426 164 249 337 290 195 295 181 244 280 424 193 392 121 63 163 339 246 62 170 178 288 111 380 195 184 257 377 130 187 106 175 230 335 254 357 175 12 81
 74 185 120 1 186 222 168 72 108 202 186 286 148 111 83 218 266 140 140 167 186 132 287 245 4 64 110 134 244 47 70 190 259 160 177 107 304 60 331 196 110 101 112 140 215 186 116 176 94 141 315 94 201 151 48 129 224 304 231 80 297 114 63 120 250 135 297 154 155 183 254 295 246 179 173 267 364 244 121 171 201 169 311 109 37 195 301 96 246 188 200 221 228 218 103 94 136 178 228 220 311 266 228 285 282 60 314 243 321 139 43 99 222 179 153 146 189 175 46 262 283 106 97 160 136 194 250 286 113 31 164 100 190 125 221 160 111 254 143 160 292 173 160 19 236 116 234 266 101 90 75 237 252 323 232 10 113 131 223 114 180 309 87 137 227 175 165 181 101 148 183 305 168 273 79 61 54 221 140 151 112 123 181 90 263 139 98 162 264 122 82 71 82 151 225 165 265 126 128 160
 176 283 238 186 1 398 293 236 135 296 355 167 269 130 119 34 330 204 281 122 357 226 211 227 185 235 148 183 417 198 209 338 87 135 44 264 282 232 334 371 154 88 291 156 92 236 87 343 210 298 307 126 296 95 222 218 109 318 381 249 128 300 129 78 207 313 322 104 83 40 291 125 221 306 216 173 394 403 247 222 345 227 145 112 209 350 348 104 208 284 381 175 370 394 114 279 306 209 47 322 375 294 165 140 243 180 363 74 150 303 211 216 185 272 183 81 81 57 171 239 144 246 266 252 73 273 232 239 268 204 313 281 29 273 386 242 147 336 164 30 343 43 222 169 280 119 51 204 242 218 166 396 193 330 155 181 229 311 401 93 273 364 101 262 184 177 52 283 89 100 109 347 59 307 263 217 219 285 279 212 76 306 307 272 330 321 97 312 353 111 241 253 253 320 184 83 147 310 249 202
 227 190 279 222 398 1 151 220 276 196 48 442 165 329 280 425 255 329 136 328 44 206 411 338 223 210 268 334 25 240 191 99 455 313 376 226 373 211 363 28 322 318 111 281 394 251 336 63 274 108 365 314 195 331 212 213 396 336 87 209 486 128 270 340 362 89 319 328 340 383 284 485 344 144 361 411 354 67 272 249 105 242 496 330 192 80 293 317 355 193 41 349 110 6 290 140 93 270 433 185 276 299 366 460 377 220 298 439 510 98 189 274 343 198 269 368 372 368 227 351 453 252 132 201 357 217 340 387 134 220 107 171 407 135 45 328 325 224 277 369 284 392 237 240 270 293 440 387 250 263 285 65 375 353 378 224 187 94 16 309 199 286 300 164 350 296 385 184 310 325 351 302 389 295 164 233 180 241 139 337 329 105 147 170 249 88 302 107 218 342 158 180 146 80 348 348 426 106 278 353
 123 42 277 168 293 151 1 214 159 52 106 300 26 272 181 314 123 307 34 197 110 70 263 189 166 201 147 301 158 209 101 56 331 181 261 240 225 200 222 133 276 232 118 149 265 102 258 92 257 60 219 253 51 209 192 78 263 193 95 211 357 162 183 257 214 116 178 203 220 268 139 357 195 14 340 267 228 123 274 102 58 95 363 264 133 75 162 244 207 45 163 205 79 150 181 152 91 124 319 58 159 154 222 324 227 126 171 316 380 76 127 260 198 49 130 291 247 251 142 201 316 255 95 54 276 68 191 237 67 187 46 195 310 51 116 323 276 99 143 265 153 301 92 179 123 176 326 239 250 249 242 116 229 212 236 163 66 126 162 201 50 162 211 34 204 154 297 35 213 202 220 170 304 153 168 215 116 95 33 317 240 138 15 186 117 135 203 47 104 277 90 179 104 90 202 226 287 146 281 327
 144 240 65 72 236 220 214 1 179 256 196 354 199 125 150 269 325 110 182 237 194 194 358 316 75 14 182 116 244 39 130 219 316 231 236 35 374 16 398 196 110 150 119 211 280 252 153 191 55 171 383 118 256 218 26 193 290 371 254 15 356 94 128 161 321 139 362 222 220 242 318 353 316 223 142 337 427 260 61 238 233 235 371 135 91 219 362 134 317 243 188 292 259 215 171 82 152 247 281 270 367 331 299 349 353 129 374 301 380 161 97 55 294 236 223 176 254 236 117 333 348 42 124 219 172 253 321 358 150 42 196 55 232 166 233 114 116 308 214 213 353 212 226 81 301 186 285 337 37 44 78 253 323 390 302 81 171 131 216 179 238 367 144 188 298 246 202 234 161 215 251 367 203 337 58 20 104 282 183 118 161 117 225 52 321 134 160 193 316 143 126 42 112 166 296 231 333 115 68 134
 52 150 217 108 135 276 159 179 1 164 231 182 135 153 41 156 208 216 150 62 233 91 180 145 105 171 14 202 293 148 88 206 180 53 104 213 206 167 243 251 168 91 180 39 121 113 120 217 187 171 222 134 164 55 155 84 125 220 249 187 211 203 61 114 145 198 218 54 65 111 178 210 144 172 244 161 289 273 221 97 212 100 222 137 107 220 234 113 142 151 267 114 236 273 26 182 186 92 162 189 254 186 121 189 179 64 248 164 236 179 105 193 117 139 62 149 97 94 67 162 185 209 149 119 132 143 151 182 143 138 183 202 154 144 258 247 164 208 45 107 227 148 93 100 163 18 169 159 204 187 149 266 145 237 125 99 97 200 282 45 140 247 72 128 121 75 146 150 65 50 81 235 154 197 176 166 109 160 148 228 95 200 173 192 207 211 54 182 224 148 121 174 140 198 119 73 163 206 227 229
 142 18 317 202 296 196 52 256 164 1 153 275 59 297 194 312 72 341 84 187 158 77 229 151 199 244 151 333 200 246 132 98 321 170 260 285 179 241 171 181 304 248 169 142 252 72 276 140 294 112 171 277 2 205 232 84 247 143 126 255 341 212 202 273 180 167 127 197 217 266 90 342 158 54 373 240 178 156 315 80 93 73 346 286 169 117 112 264 173 15 212 179 103 196 188 201 143 100 315 27 112 105 197 304 187 151 121 307 363 128 163 298 169 26 117 308 238 248 168 162 295 297 142 47 292 28 152 198 114 224 96 242 317 99 157 360 303 53 135 269 102 311 76 210 75 179 322 206 292 288 273 151 198 161 212 195 90 177 209 208 25 113 227 69 176 135 309 23 226 199 208 119 316 102 215 255 154 46 82 352 255 189 51 233 67 186 214 97 64 299 132 224 150 142 173 221 264 197 322 360
 182 146 259 186 355 48 106 196 231 153 1 395 118 295 237 382 217 304 89 282 6 159 364 292 186 184 222 306 63 210 147 59 410 267 332 208 329 185 323 28 290 278 79 234 348 205 298 16 249 61 323 279 152 285 183 166 349 295 68 187 440 109 229 300 316 58 279 282 295 339 242 440 298 101 337 364 319 65 252 203 69 195 449 294 153 42 256 280 309 149 61 303 83 46 245 115 51 223 389 147 243 257 319 413 331 176 262 394 464 53 149 250 297 154 222 330 327 324 185 306 407 232 91 155 318 172 294 341 89 188 61 153 366 89 38 308 293 187 230 326 247 352 190 203 227 247 396 340 229 239 253 59 329 313 331 186 140 67 58 265 154 251 259 117 303 250 345 140 268 279 305 265 350 254 139 206 139 198 92 313 288 82 103 149 211 67 259 60 184 307 115 155 106 36 301 303 379 86 259 328
 231 270 378 286 167 442 300 354 182 275 395 1 281 281 204 147 271 357 307 122 399 237 69 136 283 348 185 337 455 318 265 355 105 134 135 387 162 344 221 419 304 218 358 164 80 205 235 381 348 335 192 270 276 137 332 230 66 218 393 364 93 384 227 225 103 373 230 133 135 134 220 97 127 311 375 37 290 422 384 200 357 207 87 262 288 373 269 244 109 269 440 97 374 440 184 363 357 178 138 299 305 215 80 45 122 244 282 106 105 347 287 354 107 259 174 243 104 128 248 135 35 377 325 248 230 248 138 112 312 313 339 383 193 308 414 394 298 291 167 168 269 209 210 274 220 171 141 81 372 351 303 416 83 222 66 277 257 377 451 176 259 289 215 280 101 147 216 274 198 139 104 264 224 229 358 338 289 240 304 367 211 379 310 372 274 388 196 338 310 266 297 354 318 366 103 125 22 385 389 360
 99 43 260 148 269 165 26 199 135 59 118 281 1 250 157 290 129 287 32 174 122 47 247 175 146 186 123 281 175 191 80 76 308 158 237 227 217 184 220 144 254 208 114 126 242 88 234 104 239 64 214 230 58 185 176 55 241 192 118 198 334 156 159 233 198 116 178 179 196 244 136 334 181 39 320 249 234 144 258 86 80 78 341 241 114 93 168 220 192 46 172 187 103 163 156 144 93 106 294 73 170 151 203 302 215 103 179 293 357 79 108 242 180 43 108 267 223 227 119 189 295 240 86 38 252 64 178 224 58 169 59 185 286 43 135 305 254 110 120 240 159 277 73 158 119 152 302 223 235 232 221 137 212 210 216 143 42 125 175 177 45 171 187 12 186 135 273 37 189 179 197 175 280 152 157 199 98 93 29 298 216 135 39 175 125 136 178 59 118 254 75 167 92 96 184 202 266 143 266 307
 156 281 111 111 130 329 272 125 153 297 295 281 250 1 113 162 353 77 247 189 295 221 308 293 112 130 163 57 352 93 172 299 216 191 148 146 354 127 394 303 25 69 219 190 202 261 48 286 86 251 372 21 297 159 122 216 216 372 341 140 257 210 98 58 286 242 369 168 154 151 329 254 291 284 97 277 441 355 120 245 310 246 274 21 147 305 382 42 284 283 302 252 337 325 130 193 246 243 175 319 400 338 251 264 323 148 396 202 279 249 152 91 258 272 214 55 179 154 132 309 266 123 207 252 58 283 299 323 222 110 273 178 117 234 331 114 18 347 197 116 375 96 238 96 313 147 178 293 120 95 49 347 279 388 247 113 210 236 329 122 274 394 82 240 260 225 85 278 95 160 192 385 83 348 171 107 163 305 247 86 72 226 286 173 351 244 103 271 360 21 191 157 192 261 259 163 261 227 122 81
 60 179 182 83 119 280 181 150 41 194 237 204 157 113 1 146 244 177 165 89 239 119 212 184 81 145 51 162 299 116 92 221 181 86 99 184 245 140 282 254 128 55 176 78 133 150 83 225 152 181 261 94 194 69 129 112 141 259 265 160 217 191 24 79 181 197 257 73 72 106 217 215 182 194 205 188 328 286 187 134 230 136 230 98 95 233 271 75 179 181 266 149 256 277 22 170 189 131 154 218 291 225 153 203 217 62 286 164 241 186 96 157 153 169 101 114 107 94 55 200 201 176 149 149 98 176 190 219 151 110 197 182 132 156 268 209 125 241 84 90 264 121 128 70 201 39 161 193 171 153 111 279 179 276 154 75 116 196 285 32 170 284 34 148 156 114 117 178 33 66 102 273 124 236 159 135 103 196 164 189 61 193 195 172 243 207 23 195 256 110 123 153 137 202 155 83 184 198 192 190
 201 300 271 218 34 425 314 269 156 312 382 147 290 162 146 1 340 236 305 130 383 245 200 227 216 268 168 214 444 231 236 361 56 145 54 297 278 264 333 399 186 120 321 171 83 249 120 369 244 324 305 159 312 108 255 238 98 320 404 282 97 331 159 111 203 341 325 116 96 47 298 93 220 327 246 160 396 427 280 235 367 241 114 145 238 374 355 137 206 301 410 174 391 422 138 310 333 220 14 338 384 300 162 115 238 207 369 46 118 330 240 249 185 289 197 112 81 66 199 237 121 279 294 270 106 288 232 232 294 237 337 313 51 298 411 274 179 349 179 59 351 71 237 200 288 139 18 196 275 251 200 420 187 331 149 212 252 340 429 117 289 372 132 283 183 186 81 301 118 114 113 353 86 313 295 250 247 296 302 243 109 336 327 305 341 351 125 336 366 143 268 285 282 347 183 93 130 340 282 232
 200 87 384 266 330 255 123 325 208 72 217 271 129 353 244 340 1 403 155 211 222 136 212 136 263 312 195 394 255 312 198 160 338 197 290 354 138 310 111 244 363 297 240 177 269 96 326 205 359 182 120 333 73 237 300 140 260 86 174 325 350 283 256 321 169 237 68 227 248 295 52 352 145 121 435 234 107 204 383 112 151 109 351 340 236 177 41 317 162 84 277 181 150 256 233 272 213 122 340 71 48 60 199 307 161 211 50 326 369 198 230 363 169 90 149 356 261 276 228 139 297 365 213 107 339 73 134 173 185 291 164 313 354 170 213 426 361 33 169 306 31 352 117 272 54 220 347 192 360 354 335 201 189 101 215 259 155 247 269 250 88 43 277 139 174 155 352 93 272 231 229 49 360 49 285 322 222 49 153 415 302 259 118 303 7 256 261 165 46 352 202 294 220 210 173 250 265 267 390 421
 205 324 58 140 204 329 307 110 216 341 304 357 287 77 177 236 403 1 277 260 303 269 381 360 143 121 225 22 353 99 209 322 290 261 224 111 421 120 457 305 54 142 226 254 278 317 124 298 56 272 437 89 340 232 123 265 292 433 360 122 331 202 157 134 356 248 428 240 228 227 386 327 359 317 35 351 498 367 69 302 334 301 348 97 175 323 436 115 354 327 296 323 361 324 197 191 258 303 249 359 449 396 324 340 392 194 450 277 352 266 181 56 328 317 275 125 255 230 177 377 342 83 225 298 132 331 366 393 247 122 297 161 188 261 341 39 60 392 260 192 428 166 292 133 369 215 251 365 83 67 70 361 351 450 321 146 252 239 325 193 319 445 151 277 331 290 156 320 166 232 266 440 152 405 167 99 191 357 277 12 147 226 319 161 401 243 173 294 403 94 218 151 211 273 329 237 336 224 66 25
 107 71 245 140 281 136 34 182 150 84 89 307 32 247 165 305 155 277 1 196 93 71 276 206 139 169 139 273 149 179 78 57 328 181 253 207 248 167 250 114 249 213 86 148 263 119 238 75 226 32 245 229 83 203 160 78 263 222 101 179 356 129 163 238 228 86 208 198 214 260 166 356 211 42 311 276 261 124 242 115 66 108 364 241 104 71 194 222 221 74 141 214 92 134 169 119 62 135 311 91 192 181 230 326 245 106 204 312 379 48 98 229 209 73 134 271 243 244 120 220 320 222 61 69 257 94 209 255 34 156 34 161 296 17 110 291 250 132 143 252 185 285 102 153 150 167 318 252 218 218 214 117 241 240 243 136 55 95 146 189 75 195 193 29 215 161 280 64 197 197 219 202 286 182 135 184 87 123 4 288 223 106 45 152 150 105 187 33 137 254 60 146 71 65 213 221 292 114 249 299
 111 176 269 167 122 328 197 237 62 187 282 122 174 189 89 130 211 260 196 1 285 128 124 110 164 230 65 243 343 204 145 249 136 18 80 271 169 226 217 304 208 121 239 49 69 120 146 268 239 222 191 172 187 32 214 121 68 199 291 246 161 263 112 138 98 255 202 22 42 85 170 161 106 210 284 101 274 317 275 108 253 114 169 170 167 265 228 148 97 176 323 64 275 326 68 243 240 91 131 213 255 174 65 132 135 124 242 122 184 232 166 245 72 164 71 168 53 67 127 124 127 264 206 148 151 161 116 135 196 196 229 263 148 194 305 294 203 220 55 102 223 151 112 157 160 52 138 106 259 241 197 310 92 212 66 158 143 258 336 68 165 244 110 171 73 57 153 178 95 29 24 227 162 187 237 223 169 167 194 271 119 259 209 252 212 269 88 228 238 178 178 234 198 251 72 40 103 265 280 269
 184 151 257 186 357 44 110 194 233 158 6 399 122 295 239 383 222 303 93 285 1 163 368 296 186 183 224 305 61 209 149 64 412 270 334 206 334 183 328 23 290 279 78 238 351 209 299 20 248 64 328 279 157 288 182 169 352 300 72 185 443 107 230 301 320 56 284 285 297 341 247 442 302 105 335 368 324 67 250 207 74 199 452 294 154 47 261 280 313 154 56 306 88 42 248 113 52 227 391 152 248 262 322 416 336 178 267 396 467 55 150 248 301 158 226 331 329 326 187 310 410 230 92 159 319 177 299 345 91 188 65 151 367 92 40 306 292 192 233 328 252 353 194 203 232 250 398 344 227 237 252 62 333 318 334 187 143 65 54 267 159 256 260 121 307 253 346 144 269 282 308 270 351 259 137 205 140 203 96 311 290 79 108 147 216 64 261 65 189 307 117 153 107 38 305 305 383 84 257 326
 66 62 250 132 226 206 70 194 91 77 159 237 47 221 119 245 136 269 71 128 163 1 208 142 129 182 79 259 219 178 65 122 262 112 192 226 191 180 206 184 230 172 136 80 196 61 199 145 225 100 195 202 77 139 169 9 195 179 164 196 288 174 126 197 160 145 169 133 151 199 125 288 146 83 301 206 234 190 250 51 126 45 296 210 104 138 170 188 154 63 208 145 148 204 114 157 125 68 249 101 181 138 160 257 182 76 183 247 311 114 99 229 139 52 64 232 178 181 93 157 250 233 103 32 216 64 145 190 82 158 103 193 245 74 179 291 228 127 74 198 162 237 37 137 107 108 257 184 228 220 200 183 172 197 172 124 27 152 216 135 53 178 151 44 146 91 234 60 150 133 151 174 241 144 164 189 92 90 68 280 179 158 83 182 133 163 139 102 140 223 80 169 103 132 143 157 222 166 257 287
 221 227 392 287 211 411 263 358 180 229 364 69 247 308 212 200 212 381 276 124 368 208 1 80 284 350 178 363 420 326 251 318 167 128 172 392 94 346 153 389 329 241 340 150 120 162 263 349 362 307 124 293 230 150 334 203 104 152 352 366 161 371 235 253 50 351 165 143 154 173 162 164 72 272 404 41 223 382 397 162 317 170 155 289 280 336 206 268 57 226 415 68 331 409 190 352 332 142 192 251 242 154 60 113 56 236 218 164 173 320 278 368 70 217 149 278 134 161 244 74 102 387 306 211 263 203 80 45 288 316 305 378 239 281 378 416 323 236 150 204 207 250 175 278 165 174 197 25 382 363 320 376 38 155 61 278 232 357 421 190 217 226 232 249 64 121 256 233 216 150 117 200 265 167 351 344 278 189 273 392 237 361 270 367 216 368 211 305 254 295 279 350 302 339 67 146 75 369 403 388
 173 151 360 245 227 338 189 316 145 151 292 136 175 293 184 227 136 360 206 110 296 142 80 1 242 306 138 345 346 289 195 243 212 104 184 350 62 302 108 318 311 227 277 108 148 88 253 277 331 237 82 276 152 142 291 138 135 93 275 321 218 313 205 246 34 286 101 131 151 188 86 221 10 197 387 99 170 305 363 92 241 99 218 276 230 262 136 253 27 149 346 55 253 337 165 295 264 75 224 172 171 81 69 173 41 188 150 203 236 252 226 336 43 141 94 277 148 171 200 18 163 350 244 138 260 126 7 50 222 275 232 327 255 212 303 392 306 159 104 210 135 259 106 241 86 147 230 58 344 330 293 300 54 105 85 236 167 292 349 173 141 156 212 179 46 72 262 157 200 138 119 132 271 95 298 305 224 111 203 372 227 299 195 316 140 304 191 233 177 285 219 300 242 270 45 147 131 307 369 372
 71 183 123 4 185 223 166 75 105 199 186 283 146 112 81 216 263 143 139 164 186 129 284 242 1 67 107 136 244 50 68 188 257 157 175 110 301 63 328 196 112 100 112 137 213 183 115 176 97 140 311 95 199 148 51 126 221 301 230 83 295 116 60 119 247 135 294 151 152 181 251 293 242 177 175 264 361 244 124 168 200 166 308 110 36 194 298 96 243 185 200 218 227 218 100 95 135 175 226 217 308 263 225 283 279 57 311 241 319 138 41 101 219 176 150 146 187 172 43 259 280 109 96 157 136 191 247 283 111 34 162 102 189 124 221 163 113 251 140 158 290 172 157 18 233 114 232 263 104 93 77 237 249 320 229 7 110 131 224 111 178 306 85 135 224 172 164 178 99 145 180 302 168 270 81 65 52 218 138 153 111 124 179 92 260 140 95 160 262 122 81 73 81 150 222 162 263 127 131 163
 134 227 78 64 235 210 201 14 171 244 184 348 186 130 145 268 312 121 169 230 183 182 350 306 67 1 173 125 234 39 118 206 314 223 233 45 363 5 387 185 117 149 107 202 275 240 154 179 66 158 372 121 243 212 17 181 285 359 242 17 353 84 122 161 312 128 351 216 215 239 307 351 307 210 154 330 414 248 74 227 220 224 368 138 80 206 349 135 308 230 178 283 246 205 165 71 140 236 279 257 355 320 291 345 344 119 361 298 377 149 85 66 285 224 213 179 250 232 108 323 344 55 111 207 174 241 311 349 137 35 183 49 234 152 221 126 122 295 205 211 340 214 214 75 289 179 285 329 50 55 82 241 315 378 295 73 159 119 207 174 225 355 141 176 289 237 204 222 157 210 245 355 205 325 47 25 92 270 170 130 160 106 212 44 308 123 156 180 303 147 113 31 99 154 288 226 327 105 81 145
 47 137 223 110 148 268 147 182 14 151 222 185 123 163 51 168 195 225 139 65 224 79 178 138 107 173 1 211 284 152 82 195 189 53 115 216 198 169 233 242 178 103 175 31 128 101 132 208 194 162 213 144 151 65 157 71 131 210 238 189 219 200 69 127 140 191 207 61 75 122 167 219 138 160 254 162 278 262 226 85 201 87 229 148 105 209 222 125 137 138 260 111 225 265 39 179 178 81 173 176 242 175 120 195 174 60 236 174 244 171 103 199 113 126 51 162 106 105 67 155 190 214 143 106 145 130 144 177 135 140 172 202 167 135 248 255 174 195 36 120 215 161 80 104 151 30 180 157 208 193 157 255 142 227 126 101 86 194 274 58 127 234 84 117 117 68 159 137 78 59 86 223 167 185 175 170 105 147 137 236 108 195 160 191 194 205 67 171 211 160 114 173 134 189 115 82 167 201 232 239
 195 316 73 134 183 334 301 116 202 333 306 337 281 57 162 214 394 22 273 243 305 259 363 345 136 125 211 1 358 98 202 320 269 244 204 123 406 124 443 309 35 124 228 239 258 306 104 299 62 270 423 71 332 214 124 255 272 420 359 128 310 208 143 114 339 250 416 222 210 207 374 306 343 313 43 332 486 369 84 290 332 290 327 77 170 323 426 96 338 319 302 306 359 329 181 195 259 290 227 352 440 384 306 319 376 184 439 256 331 265 176 64 312 309 261 103 235 210 167 361 321 95 224 289 111 322 351 377 244 120 294 168 167 258 343 60 41 384 245 172 418 145 281 124 357 199 230 348 94 74 61 362 334 437 303 139 244 242 331 176 310 435 134 270 314 276 135 312 149 215 247 429 131 393 171 101 187 347 273 30 128 230 314 167 391 247 156 292 396 73 214 155 209 274 313 218 317 229 82 29
 244 196 303 244 417 25 158 244 293 200 63 455 175 352 299 444 255 353 149 343 61 219 420 346 244 234 284 358 1 264 209 104 472 328 394 250 378 235 364 50 345 339 134 295 410 259 358 77 298 123 368 337 199 347 235 225 410 338 82 233 502 152 290 361 371 111 320 344 357 401 287 501 352 150 385 423 350 55 296 259 108 251 511 352 213 85 291 339 364 199 64 361 106 30 308 164 112 280 451 187 271 302 377 474 384 238 295 456 526 115 209 298 354 205 281 389 388 386 247 358 467 276 152 210 378 223 348 394 151 243 117 195 427 150 44 352 348 223 291 388 283 413 247 262 274 310 458 396 274 287 308 56 386 354 390 245 201 117 34 327 206 283 320 176 360 308 406 190 329 341 366 301 410 297 188 257 200 245 152 361 349 129 152 194 249 111 321 117 215 364 177 204 166 98 358 365 439 130 302 377
 120 230 74 47 198 240 209 39 148 246 210 318 191 93 116 231 312 99 179 204 209 178 326 289 50 39 152 98 264 1 115 224 279 199 199 70 348 36 377 215 82 113 132 183 244 232 116 203 49 174 360 83 246 183 30 175 254 350 263 52 319 118 93 124 292 155 343 188 185 204 300 316 289 220 133 303 410 272 76 217 237 215 333 100 78 226 347 97 288 232 211 261 263 236 137 102 162 223 243 263 356 312 267 313 325 106 360 263 342 169 84 53 264 224 197 141 218 199 91 306 312 62 127 206 136 239 294 329 149 24 199 87 196 163 247 115 86 298 186 175 338 176 206 49 282 153 248 306 57 44 46 265 292 369 269 56 158 148 238 143 225 354 107 180 268 219 166 225 124 181 217 351 167 319 79 20 94 267 180 109 124 136 222 81 309 154 124 197 308 109 121 65 113 177 266 195 298 136 82 121
 37 116 187 70 209 191 101 130 88 132 147 265 80 172 92 236 198 209 78 145 149 65 251 195 68 118 82 202 209 115 1 133 265 133 186 162 250 116 269 165 176 137 94 103 208 123 161 134 163 90 256 153 132 142 105 64 211 242 177 132 298 122 87 161 207 111 233 141 151 193 189 297 197 114 242 240 298 196 187 110 143 107 309 164 40 143 233 145 202 118 180 184 169 188 100 102 99 122 243 151 242 202 196 276 235 31 246 249 322 95 35 167 182 110 104 194 184 179 43 212 271 169 62 92 180 125 200 241 60 94 108 133 222 67 177 229 175 184 102 180 225 210 97 79 171 104 250 227 164 157 142 189 214 261 204 64 44 113 196 119 111 240 117 69 187 131 204 111 123 137 166 238 210 208 104 126 30 154 77 220 147 114 115 122 194 125 114 106 195 177 34 107 54 112 185 160 247 121 194 229
 163 93 283 190 338 99 56 219 206 98 59 355 76 299 221 361 160 322 57 249 64 122 318 243 188 206 195 320 104 224 133 1 382 233 309 239 276 206 266 85 299 269 105 201 317 157 293 47 268 50 267 281 97 258 201 129 316 239 45 213 409 146 219 293 269 92 222 253 269 316 187 409 249 47 355 323 262 69 279 158 15 150 416 294 153 20 199 276 262 96 118 260 41 99 225 144 71 179 366 89 186 201 277 378 281 162 205 367 432 59 148 270 253 103 183 326 297 299 175 255 370 259 98 109 312 120 245 291 78 201 27 187 352 68 61 332 300 130 195 309 189 341 147 204 172 223 374 294 255 259 262 62 284 256 291 187 110 104 112 246 103 194 249 79 259 209 336 87 254 252 272 207 342 198 165 225 137 143 59 331 278 118 49 180 154 109 244 29 127 307 109 179 112 61 257 276 341 125 286 344
 229 312 324 259 87 455 331 316 180 321 410 105 308 216 181 56 338 290 328 136 412 262 167 212 257 314 189 269 472 279 265 382 1 153 83 346 255 310 312 429 240 167 355 184 70 253 172 396 295 350 284 211 322 126 300 255 79 303 425 329 42 370 198 162 183 375 312 130 116 77 291 39 204 344 301 128 379 450 332 242 387 249 59 198 275 397 346 188 188 311 444 160 409 452 167 349 364 224 43 347 378 290 144 65 214 238 360 17 65 358 275 301 172 299 206 167 86 88 234 218 74 330 326 283 160 295 216 206 322 281 361 357 106 323 436 328 233 351 190 105 344 126 247 243 285 163 43 170 325 302 251 443 164 312 128 253 274 375 461 150 300 364 175 304 168 188 136 313 159 132 114 343 142 304 337 298 282 298 325 298 157 373 344 348 339 386 163 360 369 197 299 329 315 376 169 108 93 378 335 287
 99 160 267 160 135 313 181 231 53 170 267 134 158 191 86 145 197 261 181 18 270 112 128 104 157 223 53 244 328 199 133 233 153 1 94 265 164 219 208 289 210 124 226 34 85 104 151 252 237 207 184 174 171 42 207 105 84 189 275 239 177 252 109 143 96 241 190 32 53 100 157 177 100 193 286 110 263 301 271 92 237 98 185 173 157 249 214 151 94 160 309 64 258 311 65 231 226 76 147 196 241 161 69 147 133 113 229 138 200 217 155 242 69 148 54 175 69 81 118 119 141 260 193 132 158 145 109 134 182 189 213 254 160 179 290 294 205 205 39 113 209 161 96 151 146 48 154 108 255 237 196 294 94 203 74 151 128 244 321 71 148 230 111 155 71 43 163 162 98 37 40 214 171 174 227 217 157 152 178 272 124 246 193 243 197 256 89 213 222 183 165 225 185 236 70 54 116 253 277 271
 151 248 249 177 44 376 261 236 104 260 332 135 237 148 99 54 290 224 253 80 334 192 172 184 175 233 115 204 394 199 186 309 83 94 1 267 240 229 291 350 171 89 274 118 57 197 101 318 220 273 265 138 260 55 218 185 72 275 352 248 121 288 116 91 165 294 280 64 43 8 249 119 179 274 241 136 351 376 257 183 315 189 136 128 193 322 307 113 166 248 363 132 339 373 87 267 284 169 59 285 334 252 124 118 201 158 321 67 145 280 194 226 143 236 145 109 39 15 152 196 119 253 246 217 96 236 190 198 244 200 286 275 71 247 360 261 165 297 126 34 302 79 185 161 239 87 66 163 248 225 175 368 152 288 114 170 200 294 381 68 237 323 93 231 142 136 85 248 77 62 67 305 93 265 254 218 200 245 251 233 80 291 274 266 290 305 81 284 315 132 219 247 234 297 142 41 115 296 261 226
 178 269 56 107 264 226 240 35 213 285 208 387 227 146 184 297 354 111 207 271 206 226 392 350 110 45 216 123 250 70 162 239 346 265 267 1 407 48 430 204 127 180 135 246 313 284 179 206 64 192 416 142 284 251 60 225 323 403 271 31 387 101 161 188 355 153 394 256 253 273 350 384 351 248 140 371 457 272 47 271 252 268 402 158 124 236 392 161 351 272 190 326 277 221 205 96 170 280 309 297 396 363 333 382 387 163 403 331 410 181 128 60 328 266 257 199 287 268 151 367 381 29 147 250 197 283 355 392 174 77 217 56 258 191 245 103 133 336 248 242 383 237 258 115 332 220 314 371 30 53 100 266 357 422 336 116 202 143 220 212 267 396 176 217 332 281 227 263 193 249 285 397 227 368 75 50 135 313 208 117 190 128 250 61 350 143 193 215 343 165 154 62 137 182 330 264 366 124 53 135
 231 184 420 304 282 373 225 374 206 179 329 162 217 354 245 278 138 421 248 169 334 191 94 62 301 363 198 406 378 348 250 276 255 164 240 407 1 360 60 356 372 287 325 169 196 132 314 315 391 279 31 336 180 201 348 189 182 62 302 379 253 364 266 306 76 331 79 191 209 243 93 256 65 230 448 130 129 332 423 141 271 147 248 336 286 295 121 313 74 181 386 109 278 373 225 347 308 129 273 194 158 80 118 205 42 246 130 248 266 295 282 396 99 177 152 336 202 226 259 46 194 409 293 180 319 158 56 51 269 333 270 381 310 257 335 452 367 168 164 267 124 316 155 301 105 208 279 86 403 390 354 328 92 62 131 295 217 339 386 233 176 140 273 222 99 132 320 191 260 198 175 113 329 90 352 364 278 134 245 432 287 347 228 370 144 350 252 271 184 346 270 356 293 312 100 204 165 355 429 433
 130 225 79 60 232 211 200 16 167 241 185 344 184 127 140 264 310 120 167 226 183 180 346 302 63 5 169 124 235 36 116 206 310 219 229 48 360 1 383 186 114 145 107 199 271 237 151 180 65 157 369 117 241 208 13 179 281 356 242 21 349 86 118 158 308 128 348 212 211 235 304 347 303 208 153 326 412 248 76 224 219 221 364 134 77 206 347 131 304 228 180 280 245 206 161 72 140 233 275 255 352 317 287 341 340 115 359 294 373 148 82 66 281 221 210 175 245 228 104 319 339 56 110 205 170 239 307 345 135 31 182 52 230 151 222 127 119 293 201 207 338 210 211 71 286 175 281 325 52 55 79 242 311 375 291 69 157 120 208 170 223 352 137 174 286 233 201 220 153 205 241 352 202 322 48 23 89 267 168 129 156 107 211 47 306 124 152 180 301 144 111 32 97 154 284 221 323 106 83 144
 258 181 449 331 334 363 222 398 243 171 323 221 220 394 282 333 111 457 250 217 328 206 153 108 328 387 233 443 364 377 269 266 312 208 291 430 60 383 1 350 410 329 333 205 252 147 357 310 422 280 30 376 172 248 372 206 238 29 285 401 311 374 301 350 131 335 45 237 257 295 85 315 114 224 486 189 71 314 451 161 259 164 307 378 308 285 80 354 128 178 382 161 260 364 265 360 311 155 329 179 114 70 172 264 100 272 85 305 325 296 303 427 150 178 183 382 255 278 287 97 253 435 303 187 365 158 103 110 276 359 266 398 361 262 322 485 406 143 199 317 87 366 173 331 102 248 335 144 430 419 388 311 149 11 187 322 231 344 377 276 177 97 313 228 151 170 369 188 302 244 226 71 377 70 369 391 297 128 247 468 330 354 221 387 117 354 293 267 155 388 284 375 306 311 151 254 224 362 458 471
 201 173 256 196 371 28 133 196 251 181 28 419 144 303 254 399 244 305 114 304 23 184 389 318 196 185 242 309 50 215 165 85 429 289 350 204 356 186 350 1 296 291 85 257 369 231 310 42 250 84 350 288 180 305 186 190 371 322 87 185 461 105 244 313 341 62 306 302 314 357 269 460 324 128 337 389 345 75 249 228 95 221 470 304 165 68 283 291 335 176 35 327 106 24 264 115 66 249 406 173 268 284 343 435 357 193 289 413 485 73 162 250 322 180 246 341 347 342 201 332 429 229 106 181 330 199 321 367 109 194 87 149 380 112 48 305 299 214 253 342 273 365 215 213 254 267 413 365 227 239 259 71 354 340 355 197 163 68 33 283 181 277 273 142 328 274 358 167 283 299 326 291 362 281 139 208 153 225 117 313 302 80 131 146 238 63 275 87 210 316 132 155 119 54 326 323 402 82 256 329
 164 288 88 110 154 322 276 110 168 304 290 304 254 25 128 186 363 54 249 208 290 230 329 311 112 117 178 35 345 82 176 299 240 210 171 127 372 114 410 296 1 89 213 206 225 274 71 282 65 250 389 37 304 180 111 225 239 386 339 124 281 199 110 81 305 235 383 188 176 175 342 278 308 287 77 299 454 351 98 258 310 258 298 44 147 303 394 62 303 290 293 271 338 317 147 183 241 257 199 325 409 351 272 288 341 155 408 226 303 246 152 70 277 280 228 78 202 177 138 327 290 102 204 260 82 292 316 342 222 103 273 164 141 234 327 91 8 355 212 140 387 119 249 98 325 165 202 313 99 75 38 344 299 403 269 114 216 229 320 141 281 405 100 244 280 242 109 284 114 180 213 397 106 361 160 93 163 316 249 64 94 218 289 160 361 235 121 271 368 44 191 145 189 256 278 184 283 218 99 62
 110 233 162 101 88 318 232 150 91 248 278 218 208 69 55 120 297 142 213 121 279 172 241 227 100 149 103 124 339 113 137 269 167 124 89 180 287 145 329 291 89 1 209 126 139 203 30 267 132 225 307 54 248 91 136 165 152 308 313 163 207 214 51 26 218 231 307 100 87 94 268 204 224 245 164 210 379 331 169 187 278 189 222 50 127 279 323 28 217 234 298 184 305 314 67 194 228 182 131 272 344 276 184 205 255 108 338 152 231 227 130 138 191 223 152 61 115 92 95 242 206 165 188 202 45 230 232 255 195 118 243 194 91 202 311 178 84 295 134 63 317 75 182 83 253 82 136 225 160 137 87 324 211 324 180 97 167 229 321 55 224 336 22 199 193 160 68 231 28 93 125 325 74 287 177 132 140 249 212 152 12 223 246 186 296 238 38 242 310 60 165 167 174 242 192 96 197 226 173 149
 129 155 182 112 291 111 118 119 180 169 79 358 114 219 176 321 240 226 86 239 78 136 340 277 112 107 175 228 134 132 94 105 355 226 274 135 325 107 333 85 213 209 1 195 300 194 226 74 171 61 326 204 168 234 105 140 304 304 137 111 389 45 163 230 294 24 291 233 242 281 249 388 281 122 259 332 345 142 177 186 119 180 401 220 84 102 279 207 288 158 90 274 143 107 189 40 35 203 329 174 276 264 287 369 317 119 289 339 414 48 82 172 270 157 192 257 276 268 123 293 364 157 35 148 247 177 281 325 58 111 85 83 299 72 116 231 216 216 193 263 270 283 172 130 232 195 336 316 153 161 176 135 303 323 296 114 111 21 112 207 158 280 192 106 276 220 275 148 204 229 259 286 279 265 62 128 75 206 88 235 220 23 125 76 234 32 196 83 219 232 62 78 41 48 274 251 340 31 184 250
 72 131 253 140 156 281 149 211 39 142 234 164 126 190 78 171 177 254 148 49 238 80 150 108 137 202 31 239 295 183 103 201 184 34 118 246 169 199 205 257 206 126 195 1 117 82 155 220 224 174 184 171 143 64 187 73 116 183 243 218 209 224 98 149 111 210 181 56 76 125 143 209 108 162 282 138 253 269 257 67 205 72 217 174 131 217 200 150 107 131 277 83 227 279 61 204 194 57 174 168 223 150 94 180 144 87 214 169 233 185 129 229 84 119 28 183 99 106 96 125 173 244 162 101 166 118 114 147 150 170 181 229 179 147 257 284 202 181 9 131 194 176 68 134 130 45 181 128 238 223 186 262 114 199 102 131 95 214 289 75 120 214 109 123 88 38 176 132 100 58 72 201 184 162 202 199 129 130 145 265 129 216 161 218 177 225 89 180 198 185 134 201 156 204 86 80 147 223 262 267
 172 243 300 215 92 394 265 280 121 252 348 80 242 202 133 83 269 278 263 69 351 196 120 148 213 275 128 258 410 244 208 317 70 85 57 313 196 271 252 369 225 139 300 117 1 183 155 334 270 288 224 191 253 67 260 189 17 240 359 291 93 320 154 145 122 318 247 68 61 56 223 93 140 277 296 82 316 385 307 173 321 180 102 182 223 333 279 165 125 243 387 94 342 392 115 299 305 154 78 278 310 223 80 71 156 182 293 58 117 297 223 276 106 231 137 164 27 49 182 156 69 301 269 215 151 226 152 151 261 241 296 314 121 261 373 315 219 282 123 89 276 133 179 201 216 106 84 115 296 274 225 378 105 250 67 207 210 319 401 102 231 297 138 238 103 119 139 245 121 72 46 276 147 237 290 263 228 229 261 287 132 319 277 304 271 331 121 295 300 187 241 285 259 316 103 51 60 325 311 281
 114 67 305 186 236 251 102 252 113 72 205 205 88 261 150 249 96 317 119 120 209 61 162 88 183 240 101 306 259 232 123 157 253 104 197 284 132 237 147 231 274 203 194 82 183 1 231 190 278 150 135 242 72 143 226 60 177 120 191 255 271 233 165 227 113 201 113 134 155 203 70 272 94 111 348 170 182 221 306 17 156 18 275 247 162 175 122 224 106 65 259 108 171 250 138 217 178 30 250 97 142 81 126 233 128 127 136 240 293 165 157 283 99 56 55 261 172 184 143 102 224 290 162 51 244 45 91 137 138 213 145 253 260 127 217 343 271 101 74 212 115 257 27 187 53 125 257 139 284 274 248 215 129 139 141 177 87 208 262 155 56 134 183 92 106 66 257 71 177 137 140 124 265 89 224 245 151 49 116 329 207 216 109 242 96 219 166 145 119 259 140 229 163 183 104 157 193 224 313 333
 136 260 153 116 87 336 258 153 120 276 298 235 234 48 83 120 326 124 238 146 299 199 263 253 115 154 132 104 358 116 161 293 172 151 101 179 314 151 357 310 71 30 226 155 155 231 1 287 125 247 334 40 276 115 142 193 170 336 336 167 213 226 76 11 243 249 335 125 110 104 296 209 250 271 142 231 407 353 161 215 303 218 229 28 146 301 352 21 242 262 314 209 329 332 95 207 248 210 132 299 372 304 207 217 280 133 366 157 235 248 150 131 217 250 180 34 133 107 119 268 219 160 207 230 22 258 259 280 217 126 267 201 80 226 332 161 65 323 162 70 345 60 210 98 282 111 136 249 156 132 81 346 235 351 202 113 193 245 338 82 252 365 50 225 218 188 51 258 56 118 147 354 54 315 188 134 160 278 237 133 28 238 272 194 324 254 66 265 338 34 187 176 193 263 217 117 214 240 164 127
 169 132 255 176 343 63 92 191 217 140 16 381 104 286 225 369 205 298 75 268 20 145 349 277 176 179 208 299 77 203 134 47 396 252 318 206 315 180 310 42 282 267 74 220 334 190 287 1 244 47 309 270 139 271 177 151 335 282 66 183 426 108 217 289 301 54 266 268 281 326 229 426 283 87 332 350 308 70 249 188 59 181 435 285 142 34 244 269 294 135 73 288 77 61 232 111 42 209 376 135 232 244 304 399 317 163 251 380 450 40 138 245 282 139 207 320 313 310 173 291 392 229 81 140 307 158 280 326 75 181 46 152 354 75 46 304 285 176 216 313 235 340 175 193 213 234 383 325 225 233 245 63 314 300 316 176 126 65 73 252 140 240 247 102 288 235 334 126 255 265 290 253 339 241 135 201 128 185 78 307 277 80 90 147 199 67 247 46 173 297 103 150 96 27 286 289 365 86 256 322
 166 277 31 94 210 274 257 55 187 294 249 348 239 86 152 244 359 56 226 239 248 225 362 331 97 66 194 62 298 49 163 268 295 237 220 64 391 65 422 250 65 132 171 224 270 278 125 244 1 219 404 86 293 215 68 222 282 396 305 67 336 148 129 134 331 193 390 221 214 225 346 333 330 267 89 336 457 312 38 263 281 262 352 101 126 269 394 109 328 280 242 299 308 270 173 136 204 268 256 311 404 358 303 337 366 152 407 280 359 212 132 7 303 272 241 139 245 223 136 348 337 38 172 253 140 287 336 369 195 71 244 107 201 210 286 67 72 346 228 192 386 180 252 92 329 190 260 344 36 13 46 306 329 414 303 102 206 184 271 174 273 402 134 228 307 260 169 272 150 214 249 398 168 365 112 44 142 314 226 65 141 171 269 106 356 188 154 241 356 105 167 96 158 218 305 224 327 169 42 80
 124 100 235 141 298 108 60 171 171 112 61 335 64 251 181 324 182 272 32 222 64 100 307 237 140 158 162 270 123 174 90 50 350 207 273 192 279 157 280 84 250 225 61 174 288 150 247 47 219 1 276 233 111 225 152 106 289 252 91 165 380 105 175 249 259 56 237 222 235 280 197 380 242 62 306 305 287 107 230 146 63 139 389 247 105 55 221 230 252 103 110 244 90 106 187 99 32 166 331 114 216 212 259 353 277 120 230 334 404 17 100 221 239 104 163 280 267 265 131 251 346 210 48 100 267 124 240 286 31 151 26 142 311 29 88 283 251 156 170 269 212 298 133 156 180 188 338 283 206 210 213 100 271 270 271 139 80 67 116 208 105 221 205 60 245 190 292 93 212 220 244 229 298 211 118 176 89 153 36 282 235 79 65 134 176 76 203 24 159 260 62 132 62 34 243 243 319 87 238 295
 241 178 433 315 307 365 219 383 222 171 323 192 214 372 261 305 120 437 245 191 328 195 124 82 311 372 213 423 368 360 256 267 284 184 265 416 31 369 30 350 389 307 326 184 224 135 334 309 404 276 1 354 172 223 358 194 209 36 290 387 282 366 281 326 103 330 55 212 232 268 82 286 87 223 465 159 99 320 435 147 262 151 278 355 294 286 96 332 100 175 381 133 266 365 243 351 306 138 300 182 133 67 144 235 71 256 104 277 296 292 289 409 123 173 164 358 228 251 270 69 224 420 294 179 341 153 76 81 269 344 265 387 335 256 325 467 385 151 179 291 101 340 160 313 97 226 306 115 414 402 369 316 121 32 158 306 221 338 378 253 172 115 291 221 124 148 343 185 280 219 199 88 352 73 358 375 285 126 242 448 307 348 220 376 126 349 270 265 165 365 274 362 296 308 124 228 195 356 441 450
