NAME : domp280p140v1
COMMENT : (Deleplanque et al.) 
TYPE : DOMP
DIMENSION : 280
DISPLAY_DATA_TYPE: NO_DISPLAY
OPEN_FACILITIES : 140
COST_SECTION
 1 60 76 158 159 218 169 308 463 182 223 255 268 391 315 257 292 318 158 223 22 300 87 264 199 243 140 425 122 388 412 13 226 303 396 320 183 325 379 254 151 371 361 330 427 171 130 323 135 342 423 18 346 133 261 191 388 241 128 95 241 132 13 321 344 272 118 103 264 85 356 371 196 421 39 186 358 123 387 204 200 239 392 7 146 305 234 179 204 262 194 72 122 270 168 290 244 443 284 82 456 143 392 72 333 27 232 390 324 274 411 207 137 188 239 141 427 195 98 110 307 243 216 172 396 424 142 305 194 338 130 220 374 55 284 158 242 134 172 307 391 67 207 359 268 182 284 120 137 114 321 190 69 378 301 109 283 204 145 167 288 60 250 135 63 214 416 247 188 9 187 175 432 276 182 188 336 324 170 235 293 208 231 306 471 37 83 303 465 215 297 212 296 305 247 314 311 278 168 243 271 382 394 351 262 181 96 370 101 370 328 203 191 47 247 143 255 409 76 240 206 349 314 192 339 128 349 86 159 237 273 124 142 162 165 281 355 67 241 343 173 352 345 379 280 220 82 86 361 102 240 362 244 255 417 293 213 190 195 234 175 215 63 65 147 215 84 194 183 148 244 251 33 382 100 277 201 263 381 275
 60 1 39 185 148 159 130 302 438 196 241 238 244 334 259 199 236 263 100 165 76 313 94 210 208 186 112 396 67 332 391 56 179 249 384 296 125 331 329 289 181 326 325 332 400 163 73 293 78 296 398 58 314 136 209 217 337 252 78 40 235 98 66 306 307 237 65 62 276 127 300 346 137 394 23 220 316 124 377 148 169 233 340 60 157 314 245 197 156 255 154 69 121 234 109 272 185 425 237 53 435 145 366 105 302 76 230 359 279 235 379 214 123 204 260 153 397 162 39 106 321 241 169 166 355 410 84 292 147 285 73 251 345 54 295 172 199 106 208 260 373 37 241 307 222 130 316 88 78 140 277 201 111 335 310 63 269 181 116 173 305 30 238 109 5 181 398 195 131 59 128 191 410 230 217 129 303 275 169 256 260 161 186 286 449 49 104 282 446 208 301 153 274 272 189 321 281 300 159 188 242 333 343 306 292 202 81 318 44 318 272 184 148 66 189 98 253 375 107 185 217 294 278 137 332 149 309 87 147 232 301 65 107 179 159 225 311 44 189 295 187 294 328 370 281 241 108 91 318 143 243 308 226 280 395 293 238 177 136 252 117 185 92 6 92 218 39 222 126 175 231 204 32 373 104 218 157 268 336 231
 76 39 1 219 185 158 160 339 471 233 277 274 279 342 269 206 245 274 95 173 96 350 131 224 246 197 147 427 52 342 425 78 203 263 421 331 136 369 347 321 214 348 354 370 432 200 62 325 92 319 430 82 345 173 227 252 355 290 55 31 272 132 86 342 335 267 90 95 314 155 308 379 134 426 51 253 342 162 413 159 202 270 356 79 194 352 282 233 179 292 183 106 158 264 108 308 188 461 259 16 470 183 400 136 333 99 267 391 302 263 409 251 160 240 296 190 428 195 49 144 358 279 192 203 381 445 77 328 171 301 91 285 377 90 333 208 226 142 239 283 408 75 273 324 246 151 350 123 79 174 301 238 139 358 348 93 305 217 151 211 342 68 275 145 42 213 433 214 141 79 131 227 444 254 249 129 334 295 207 292 292 184 211 321 483 81 138 317 480 245 338 156 308 303 195 359 312 336 197 202 275 352 361 329 326 238 118 335 40 334 281 220 176 98 194 126 291 405 139 197 254 306 307 153 369 184 335 124 184 270 336 62 140 216 197 235 336 82 207 317 224 300 363 407 319 277 141 128 342 172 281 323 262 315 430 331 273 215 137 289 109 218 124 35 76 255 73 256 137 209 268 228 60 410 141 221 183 306 360 256
 158 185 219 1 107 303 181 184 368 43 70 171 195 426 354 315 338 352 263 287 140 147 94 300 65 294 141 347 246 417 311 149 238 330 278 237 251 179 378 108 14 351 306 191 343 101 249 258 220 326 335 144 283 73 285 34 388 95 260 222 133 155 147 218 298 231 194 164 114 80 395 287 289 339 169 45 325 80 266 265 172 130 398 153 49 156 90 30 227 148 195 119 86 232 264 196 316 333 284 230 352 72 306 87 271 133 116 317 309 247 341 75 110 44 83 48 349 174 209 96 154 123 232 96 355 308 254 198 218 352 210 69 298 132 133 41 234 140 39 299 287 154 61 365 264 225 133 149 242 46 304 57 93 350 151 175 182 152 145 60 132 158 151 136 183 187 311 272 256 151 272 35 332 271 44 279 275 323 79 79 241 227 234 217 369 139 82 215 359 118 157 289 216 251 311 167 251 120 99 285 214 376 393 330 109 27 122 375 222 378 366 142 202 122 310 184 131 343 84 286 66 376 271 244 216 37 312 103 106 124 118 237 160 27 92 325 327 146 270 332 38 399 243 254 146 65 79 97 335 67 108 378 162 98 318 161 55 116 279 79 281 179 98 190 269 90 169 38 251 11 150 253 160 257 89 343 211 123 357 264
 159 148 185 107 1 214 80 156 305 83 123 97 112 321 249 216 236 247 190 191 152 180 76 197 82 194 49 272 190 311 253 147 133 225 240 163 162 190 273 202 115 249 216 188 272 17 188 172 144 223 267 143 197 41 180 125 283 122 206 173 88 68 152 163 204 132 121 97 145 130 291 215 206 267 145 150 227 45 231 170 66 86 293 154 59 176 113 95 124 109 90 89 42 132 186 131 222 284 178 199 298 37 236 112 184 144 85 238 205 145 260 82 26 91 145 61 273 69 153 50 188 96 128 22 260 266 188 147 116 246 135 165 220 107 161 68 129 52 145 195 233 112 162 260 159 128 219 70 172 96 201 79 128 251 173 105 125 53 50 53 179 120 92 47 144 82 258 168 165 152 187 85 274 166 150 196 187 218 35 143 147 124 128 148 312 124 91 145 307 61 158 199 140 159 214 181 162 182 15 183 122 272 289 229 195 104 69 270 170 272 261 48 98 114 213 95 108 260 109 185 91 270 175 148 185 84 215 74 2 86 197 174 68 83 19 222 227 106 166 229 80 295 187 224 137 128 98 76 235 130 102 272 86 173 259 148 139 31 193 134 206 76 110 151 207 79 114 133 161 104 86 148 140 227 63 245 107 128 256 160
 218 159 158 303 214 1 139 339 407 293 336 258 248 189 122 58 97 130 64 40 233 391 215 94 295 63 167 352 108 191 375 213 123 126 394 287 53 392 216 408 304 234 273 383 363 229 97 265 88 208 366 214 276 233 111 330 222 334 114 129 283 151 223 318 250 206 113 141 357 271 155 323 25 356 180 345 242 224 391 51 179 282 218 218 259 383 326 302 110 298 143 194 218 202 51 285 33 416 156 165 416 237 340 246 267 231 288 318 196 189 330 295 199 302 357 258 354 170 121 207 398 298 117 235 279 411 82 313 111 166 97 369 311 192 371 273 152 166 336 176 367 166 362 191 153 90 429 155 82 267 197 292 257 249 381 131 291 207 165 263 391 168 273 171 156 178 387 105 50 217 33 293 390 159 344 31 265 176 248 356 231 115 136 288 425 199 235 285 429 260 359 18 271 240 46 386 252 395 228 78 229 224 227 220 405 310 183 200 121 198 133 218 131 210 46 121 308 322 247 71 304 161 229 71 359 268 241 205 215 286 409 98 148 286 233 92 232 172 99 201 288 145 331 391 337 340 242 212 235 284 311 183 250 384 377 344 347 231 25 347 53 189 234 154 91 290 145 337 54 295 265 139 188 392 216 64 128 336 247 166
 169 130 160 181 80 139 1 206 313 162 201 128 126 249 175 137 159 174 128 113 172 253 114 121 160 116 42 268 144 241 270 158 63 153 273 175 87 255 216 281 186 203 196 248 273 93 138 166 86 174 272 156 186 109 108 202 226 197 161 138 146 39 167 194 178 108 73 70 219 178 217 222 134 267 139 224 190 104 268 92 48 145 232 166 133 246 189 173 47 163 26 106 98 105 119 160 144 307 119 175 314 110 241 155 174 166 150 232 156 107 250 159 72 170 223 134 269 39 115 93 261 160 55 99 228 295 132 185 38 180 80 242 218 118 234 145 73 45 218 140 255 104 238 198 101 50 298 51 116 157 153 158 170 210 243 68 162 72 37 132 254 112 139 48 125 55 278 94 90 163 115 163 288 109 224 125 175 160 114 222 133 49 64 169 326 135 135 165 325 123 222 122 154 144 135 249 153 260 93 105 117 217 231 183 274 181 83 209 130 210 187 81 25 134 134 36 171 246 153 107 169 200 149 70 230 151 181 106 80 148 276 125 29 159 98 145 186 103 91 176 158 219 212 266 200 207 144 112 193 185 173 206 118 252 273 208 218 93 120 213 141 63 146 130 153 153 92 211 86 176 131 85 140 267 107 166 35 198 213 107
 308 302 339 184 156 339 206 1 191 143 128 83 100 376 324 319 321 317 333 306 297 98 222 285 121 298 197 186 341 362 134 296 224 295 95 97 291 68 296 205 197 253 179 49 176 141 337 133 289 240 165 291 151 176 261 169 305 98 358 327 68 216 298 53 184 156 269 249 94 253 356 127 338 173 298 202 218 186 83 289 162 70 320 302 167 79 99 155 231 48 197 241 187 159 325 65 335 150 231 354 171 166 141 246 145 288 77 165 229 179 188 111 180 141 135 172 186 171 306 200 102 66 226 138 232 125 335 39 229 294 281 187 147 259 88 159 199 202 210 233 108 266 196 295 217 251 197 221 319 211 224 130 259 244 80 255 52 135 195 144 117 274 69 198 298 163 131 255 292 300 319 152 155 219 206 330 150 257 139 138 143 227 212 77 188 275 229 78 177 96 48 322 91 144 322 71 136 140 144 281 127 289 309 238 184 159 223 302 322 306 332 127 209 262 321 236 55 194 242 287 119 327 170 269 33 194 205 224 156 72 174 324 211 163 145 310 227 260 258 251 150 368 73 73 42 139 233 223 233 244 77 316 90 157 141 30 162 126 324 127 347 151 250 306 355 98 268 176 290 191 77 220 293 76 209 348 212 67 252 209
 463 438 471 368 305 407 313 191 1 326 318 209 196 346 331 363 343 321 429 368 457 279 380 320 304 347 328 59 454 329 58 450 289 306 111 144 374 237 250 394 381 205 137 213 45 296 446 148 394 217 42 446 132 339 299 357 255 288 470 449 237 341 455 151 159 209 385 378 284 426 344 93 417 52 442 391 178 347 125 360 270 240 272 457 340 259 288 340 309 220 292 391 345 212 416 177 388 60 254 486 35 330 73 414 143 449 253 90 220 220 84 294 327 326 325 345 58 277 427 355 280 246 297 297 155 87 438 171 313 281 390 378 97 409 274 336 260 334 397 238 84 406 387 266 254 338 382 351 423 386 217 312 429 187 261 379 188 260 323 318 300 415 221 331 434 259 64 303 372 455 400 334 38 249 395 411 144 249 306 328 183 303 276 158 26 427 394 162 43 257 234 391 167 172 371 247 162 326 300 330 197 240 255 206 372 345 368 266 442 271 333 260 301 418 370 348 239 94 410 337 304 312 178 349 164 369 174 379 306 245 360 435 333 344 304 337 191 402 308 228 332 362 126 140 232 329 400 380 192 421 263 289 221 346 51 220 352 276 401 318 436 254 414 440 459 278 400 365 372 373 225 269 440 136 367 384 297 258 195 242
 182 196 233 43 83 293 162 143 326 1 46 131 156 400 331 299 318 328 262 273 166 120 103 279 23 277 127 306 252 390 269 171 215 306 237 196 241 146 346 120 56 316 267 154 301 72 253 218 216 293 293 166 243 65 261 45 356 61 267 230 91 144 170 176 261 196 191 163 83 113 372 245 282 297 184 75 288 75 225 251 144 88 367 176 40 124 54 16 206 106 172 128 81 197 260 154 303 291 254 245 310 58 264 113 231 158 74 276 276 214 300 33 96 9 67 44 307 148 214 94 127 81 210 67 317 267 256 156 199 324 207 83 257 144 103 25 206 128 76 268 245 161 82 335 235 210 137 141 242 73 271 14 123 314 120 173 140 120 130 32 110 167 110 123 193 157 269 249 245 174 265 10 290 241 77 273 236 293 50 64 203 206 208 175 327 156 100 173 317 78 120 279 175 212 296 134 212 106 72 265 177 344 361 296 113 24 122 345 229 348 343 109 180 140 295 173 89 302 108 268 26 350 234 230 175 56 275 110 83 82 116 240 147 22 66 304 292 154 248 300 10 377 201 214 107 48 101 106 299 103 67 349 123 92 276 121 57 83 271 58 279 148 120 201 273 48 173 53 241 49 109 226 176 217 93 328 189 85 321 234
 223 241 277 70 123 336 201 128 318 46 1 143 170 432 365 337 354 361 306 313 207 79 147 315 42 315 169 306 297 420 261 213 249 339 220 201 283 111 370 91 81 336 278 125 299 109 297 228 260 315 289 208 252 109 295 44 380 31 312 275 97 187 212 171 275 218 235 207 46 149 404 245 326 295 228 76 306 120 207 292 176 95 393 217 85 87 31 46 244 105 208 173 125 220 304 158 344 277 283 290 298 102 262 152 242 199 80 280 299 238 304 46 139 38 23 88 307 182 259 139 86 80 246 103 331 250 301 151 237 353 251 63 260 188 65 70 237 171 85 294 235 206 70 362 265 250 100 185 286 111 295 45 160 332 83 217 142 150 171 74 66 212 119 166 238 188 258 284 287 216 308 51 281 270 80 316 247 320 88 22 220 242 241 179 315 199 142 177 303 97 93 320 183 228 335 99 225 62 110 302 194 367 385 317 77 44 167 371 274 374 376 138 218 183 334 216 83 308 148 305 33 381 252 270 158 97 293 155 122 88 76 285 189 63 104 340 311 198 283 324 54 411 195 193 87 12 142 150 318 135 59 378 138 52 267 101 35 114 314 13 323 177 161 245 318 58 218 49 283 79 121 258 220 197 138 367 225 62 340 262
 255 238 274 171 97 258 128 83 209 131 143 1 27 304 245 237 241 239 255 224 249 157 172 204 113 216 127 180 268 290 157 243 142 217 149 69 210 143 232 233 183 195 138 129 178 88 263 88 212 176 172 239 113 131 181 171 242 121 285 257 48 144 248 70 133 81 195 180 134 220 281 121 258 173 238 204 164 138 142 207 82 49 256 250 135 143 116 146 149 50 116 184 137 84 246 36 253 189 155 288 201 123 141 206 102 240 65 148 162 104 171 104 120 134 161 140 181 91 235 147 163 67 144 89 189 173 258 58 148 222 205 203 129 202 140 134 118 133 206 161 137 203 207 227 139 170 237 152 243 181 157 118 221 190 141 184 35 59 124 115 167 212 27 129 234 81 162 174 211 248 239 138 178 142 207 249 106 186 99 162 78 145 130 52 216 220 185 49 211 54 112 241 46 86 240 141 83 184 91 199 54 227 246 177 217 154 163 235 251 239 255 55 128 210 239 160 70 173 202 205 117 253 110 188 104 165 150 171 98 57 212 250 138 145 96 229 170 198 176 186 134 291 92 139 92 154 192 172 177 216 88 245 12 189 162 94 174 68 243 150 268 69 205 240 279 88 201 180 209 174 23 140 235 140 159 267 130 104 198 132
 268 244 279 195 112 248 126 100 196 156 170 27 1 280 225 222 223 218 251 212 263 181 187 186 138 201 134 161 268 266 147 256 128 196 149 53 203 164 206 260 206 169 112 148 161 106 262 64 211 150 157 251 89 149 163 197 216 148 285 260 75 148 261 71 107 58 196 185 160 239 259 105 250 156 247 230 137 155 146 197 79 76 230 263 156 166 143 171 139 75 110 196 153 61 241 39 240 183 133 294 192 142 125 223 77 255 91 127 136 81 150 129 132 159 187 161 162 88 237 161 187 93 132 108 163 170 256 67 139 198 204 230 110 214 165 157 101 139 231 137 131 212 233 202 119 163 263 157 241 201 131 143 239 164 165 187 49 65 129 137 193 220 53 137 240 74 155 158 203 260 231 163 167 120 232 242 82 162 120 188 52 134 115 44 205 232 202 40 203 78 135 231 30 59 226 163 57 210 109 184 29 202 220 150 244 179 173 210 253 214 234 66 121 223 225 160 96 151 219 190 143 230 84 179 114 186 124 184 113 83 238 250 141 169 114 211 143 207 160 160 158 270 88 145 115 180 209 187 150 236 114 221 34 216 152 116 200 86 235 176 262 64 221 246 278 114 207 206 201 197 50 122 245 146 174 251 121 129 171 110
 391 334 342 426 321 189 249 376 346 400 432 304 280 1 77 137 99 76 250 170 401 459 359 130 392 149 290 289 294 18 342 383 188 96 386 288 210 442 97 519 433 144 224 425 305 329 283 252 257 142 315 383 245 355 142 443 93 418 302 312 347 282 393 333 206 223 274 295 434 423 36 294 213 300 353 469 176 351 391 188 258 348 76 389 378 445 411 414 202 353 232 346 345 221 235 313 157 381 150 351 370 355 301 398 244 398 360 268 150 200 265 387 319 407 452 379 290 254 299 340 466 366 195 335 192 390 268 339 212 83 262 483 273 351 442 388 196 292 464 145 347 329 481 85 168 214 530 292 264 405 154 393 412 161 444 286 327 283 285 371 469 334 328 296 331 245 358 156 205 388 213 404 348 164 469 216 239 120 352 452 234 201 193 303 370 364 381 301 382 337 414 187 286 234 149 442 245 483 330 150 252 107 94 149 508 422 326 82 303 77 64 295 226 370 149 258 372 254 397 152 400 52 209 201 381 398 186 350 321 354 506 281 274 402 337 111 163 332 159 130 398 46 332 398 394 440 389 357 160 431 386 63 303 482 341 395 455 319 206 441 241 256 388 331 279 375 309 452 209 422 322 175 359 397 354 126 216 405 153 173
 315 259 269 354 249 122 175 324 331 331 365 245 225 77 1 66 26 11 180 97 326 399 284 55 324 74 215 273 223 74 315 307 117 30 349 244 135 387 101 450 360 133 197 372 287 259 212 211 182 115 294 307 211 282 70 373 105 353 233 239 286 207 317 286 176 169 198 219 371 347 44 262 145 281 278 397 154 278 351 112 189 286 98 314 306 387 346 343 128 294 160 270 271 165 164 261 90 355 94 279 349 282 274 323 207 322 297 245 113 145 249 320 245 338 386 307 274 184 225 266 406 304 122 265 183 358 197 289 137 54 187 413 245 275 381 317 131 218 391 99 314 253 410 77 107 138 463 217 192 330 117 324 336 150 385 210 273 216 211 301 407 258 268 222 256 178 329 82 130 312 141 333 324 106 397 146 203 83 282 385 186 128 124 255 353 288 305 252 361 272 357 117 237 189 78 385 201 418 260 75 198 111 110 126 440 352 251 84 230 81 14 229 153 294 78 182 311 239 321 76 332 40 168 125 334 325 159 274 250 292 440 209 199 331 266 35 141 256 85 104 328 48 290 356 336 372 314 281 142 356 323 63 243 415 314 338 386 251 136 375 173 190 312 256 210 310 233 381 134 349 262 109 284 356 279 67 143 344 145 116
 257 199 206 315 216 58 137 319 363 299 337 237 222 137 66 1 40 73 115 35 269 383 236 43 296 23 175 306 159 137 337 250 96 70 362 254 75 378 159 417 319 180 227 366 318 229 148 227 122 155 323 250 234 243 66 339 165 330 168 176 270 162 260 290 204 173 142 166 351 298 103 284 80 312 219 359 191 237 361 55 166 270 161 256 269 373 323 310 95 283 131 219 230 169 100 260 29 378 109 215 376 246 299 273 227 266 278 274 146 152 283 294 207 306 359 269 308 159 163 222 390 288 96 235 227 376 133 288 101 109 128 379 270 222 364 281 122 176 351 127 331 197 374 134 113 92 434 170 128 286 148 294 285 196 371 156 269 195 171 268 387 201 257 180 196 160 350 66 70 254 77 300 350 116 358 82 224 123 251 358 195 97 109 259 382 232 257 256 388 252 346 52 241 202 14 374 215 395 229 39 199 167 170 167 410 318 203 143 167 141 77 207 121 240 13 134 297 274 272 34 305 104 188 73 335 283 192 227 217 275 412 145 156 295 234 35 180 202 63 147 294 96 300 363 324 343 266 234 183 308 303 125 232 388 338 329 354 226 71 348 108 172 261 196 146 286 177 347 75 310 249 103 226 364 234 31 114 327 193 125
 292 236 245 338 236 97 159 321 343 318 354 241 223 99 26 40 1 34 154 72 303 393 265 40 313 51 199 286 198 98 323 285 106 39 354 247 111 383 124 437 344 151 208 369 299 247 187 216 159 129 305 285 219 266 62 359 128 344 207 215 279 189 295 287 186 169 176 198 363 328 65 270 119 293 255 382 167 261 355 89 179 279 123 291 291 381 336 330 113 289 147 250 255 165 139 260 65 364 96 254 359 268 283 303 214 300 289 256 124 146 262 309 230 325 375 292 287 172 200 248 400 297 109 252 200 365 172 288 121 75 164 399 254 254 374 302 124 201 375 107 320 231 396 99 106 119 452 198 167 313 127 312 316 167 379 189 271 207 194 288 399 236 263 205 232 169 337 70 106 289 116 320 334 106 382 121 210 96 269 374 188 113 115 256 364 266 286 253 372 263 352 92 238 193 53 380 205 409 247 55 197 132 133 141 429 338 232 107 206 104 38 219 138 273 53 163 305 252 302 55 321 65 174 103 334 308 171 255 236 285 429 184 181 316 253 14 155 235 71 120 314 63 293 359 331 361 295 262 157 337 315 87 238 404 323 334 373 240 110 364 148 181 292 233 185 300 211 368 111 334 256 103 261 358 261 45 130 337 163 116
 318 263 274 352 247 130 174 317 321 328 361 239 218 76 11 73 34 1 186 102 328 394 284 55 320 78 215 263 229 71 305 310 114 23 341 236 139 381 92 447 358 123 187 365 277 256 218 203 186 105 285 309 202 280 68 370 96 348 239 244 280 207 320 278 166 162 201 220 367 348 45 253 152 271 281 395 144 276 343 116 186 281 90 316 304 381 341 341 127 288 158 271 270 159 170 254 98 346 86 284 339 281 265 323 198 324 292 235 104 138 239 316 244 335 382 305 264 181 229 265 401 299 120 262 173 349 203 281 137 44 190 410 235 277 376 314 126 217 389 90 305 255 407 67 101 140 459 217 197 329 107 321 337 140 379 212 266 212 210 298 402 260 263 221 259 174 320 81 134 315 147 331 314 99 395 153 194 73 279 382 178 126 121 247 343 290 306 245 352 267 351 123 229 181 85 379 193 414 257 76 191 101 101 116 437 349 251 74 235 71 17 224 151 295 85 183 306 229 322 79 329 33 159 127 326 323 149 275 248 287 436 214 198 328 263 40 131 258 84 94 325 53 282 348 330 369 314 281 131 356 318 54 237 411 305 332 383 248 142 371 180 185 313 260 217 305 235 379 138 348 256 104 287 347 279 76 141 339 135 109
 158 100 95 263 190 64 128 333 429 262 306 255 251 250 180 115 154 186 1 85 175 369 171 140 268 111 142 378 45 251 391 155 142 178 400 297 58 377 266 370 263 276 300 372 386 206 34 282 47 248 388 157 298 198 150 293 273 310 54 67 270 123 165 321 278 221 72 100 333 220 216 340 40 380 122 304 277 188 395 77 174 269 272 159 224 365 302 268 121 288 143 147 182 218 17 287 95 430 190 102 434 205 359 196 287 174 271 342 233 210 357 270 170 270 327 222 380 165 63 170 377 282 133 211 316 420 19 312 117 218 56 331 333 141 350 239 170 139 293 213 378 115 322 242 182 92 394 122 23 223 233 262 205 289 362 90 289 199 142 233 366 115 265 144 98 179 401 139 61 158 40 259 408 189 301 35 286 220 222 325 247 127 154 294 444 144 188 290 446 245 345 64 278 258 103 370 269 367 204 120 238 273 279 259 369 274 142 252 59 251 191 207 132 157 103 98 294 351 197 114 277 218 254 82 357 227 273 161 190 271 375 36 124 250 207 147 269 122 133 243 255 207 338 393 323 309 194 168 274 235 291 237 246 352 394 332 312 213 45 318 19 188 183 95 34 268 96 299 59 255 257 165 131 394 175 127 134 317 289 194
 223 165 173 287 191 40 113 306 368 273 313 224 212 170 97 35 72 102 85 1 235 363 205 58 272 27 147 313 128 169 337 216 86 94 357 249 42 361 183 390 290 197 233 351 324 205 117 226 89 170 327 216 237 215 72 311 190 308 138 143 253 133 226 282 211 168 108 133 330 265 136 284 55 317 185 330 203 208 355 23 148 252 188 222 241 354 301 283 76 267 112 187 201 164 69 250 32 377 117 183 378 218 301 240 228 232 259 279 158 150 291 271 179 281 335 241 315 139 129 192 371 269 81 211 241 373 102 278 80 134 95 351 272 189 344 254 115 147 322 137 329 164 346 159 114 64 409 140 96 256 159 269 253 212 352 123 257 177 144 242 365 168 241 152 162 144 349 66 36 220 46 273 351 119 329 53 226 140 226 333 193 80 99 252 386 199 226 248 390 232 329 26 234 201 26 356 213 371 204 40 192 190 195 182 385 291 171 169 134 167 109 188 100 207 25 104 279 283 240 33 281 134 190 44 325 254 202 195 192 256 387 113 128 268 209 63 193 169 60 164 268 130 294 355 307 319 234 202 197 277 283 153 217 363 339 313 328 204 42 324 82 156 228 162 117 264 143 319 41 281 233 100 192 356 203 58 96 308 210 127
 22 76 96 140 152 233 172 297 457 166 207 249 263 401 326 269 303 328 175 235 1 284 78 274 185 254 139 422 140 397 405 21 231 312 387 315 194 311 385 234 132 375 359 317 423 163 148 320 148 345 418 20 344 122 269 173 394 226 148 113 231 134 11 313 344 271 128 109 248 65 367 366 211 417 54 166 360 113 377 216 198 229 399 18 132 289 219 162 210 252 197 69 113 269 183 282 258 435 289 102 449 132 387 55 331 9 221 387 327 275 408 193 131 172 222 127 423 194 113 103 291 232 222 163 397 415 159 296 200 345 142 200 370 55 268 144 244 133 152 311 384 74 188 365 272 190 265 122 153 96 325 176 50 381 285 117 274 200 145 154 271 69 241 133 78 213 409 254 200 18 201 159 425 280 162 204 333 329 159 218 291 214 235 300 464 39 69 296 458 206 283 225 291 303 260 299 309 260 159 252 268 387 400 354 243 164 94 376 118 377 338 198 195 41 259 149 243 406 59 250 191 358 314 202 328 111 350 79 152 226 254 140 144 146 156 292 357 72 249 347 157 364 337 368 267 203 67 77 364 82 227 370 237 236 410 281 194 182 209 217 192 214 48 81 165 202 94 175 195 130 235 255 45 371 91 290 205 249 384 278
 300 313 350 147 180 391 253 98 279 120 79 157 181 459 399 383 393 394 369 363 284 1 221 354 106 360 228 281 366 446 223 290 289 371 171 192 339 45 385 120 158 345 274 67 270 164 365 227 323 329 258 284 247 179 332 118 395 62 381 346 115 247 288 150 278 237 299 273 38 226 436 224 384 268 302 143 311 190 157 343 217 115 410 294 158 21 70 123 289 108 253 245 194 240 365 154 394 229 310 363 253 170 237 230 239 276 105 262 316 260 285 101 201 113 68 162 281 225 328 209 9 96 288 159 328 200 366 134 284 378 314 116 244 262 20 144 270 231 155 316 198 278 129 382 294 302 104 248 351 188 311 113 238 337 19 282 138 188 229 141 23 284 132 226 310 225 216 323 341 292 365 126 242 297 148 375 245 341 149 72 230 287 279 171 271 274 218 171 256 132 51 374 182 234 383 33 228 50 166 346 209 380 399 328 97 122 236 390 343 394 409 177 264 258 382 274 89 291 226 350 97 409 261 322 117 173 298 227 180 109 83 352 247 139 163 380 319 270 324 340 128 445 169 142 67 84 219 223 326 212 81 401 158 75 231 71 101 161 371 69 385 213 238 318 384 102 287 121 338 157 139 292 295 146 211 412 270 57 345 288
 87 94 131 94 76 215 114 222 380 103 147 172 187 359 284 236 265 284 171 205 78 221 1 230 117 217 74 346 154 352 328 75 176 265 310 238 167 242 328 200 93 311 287 246 347 86 156 246 130 283 342 70 270 47 219 125 337 160 168 130 155 78 78 236 273 200 104 75 184 66 326 290 199 341 83 134 292 36 301 183 128 153 345 82 64 223 153 104 158 176 135 27 36 199 173 205 233 358 230 144 372 57 311 42 257 70 146 312 264 208 334 123 56 110 166 60 348 126 117 27 229 157 167 86 328 338 162 219 148 293 121 162 295 42 203 78 182 69 123 250 306 61 152 311 212 147 226 68 150 53 261 109 58 315 219 86 197 125 79 83 212 66 164 67 92 144 332 205 171 80 184 98 348 220 131 190 260 272 83 163 218 160 176 223 387 56 23 219 381 129 213 203 214 230 230 231 235 206 82 211 194 329 343 290 201 109 34 321 130 323 296 122 137 41 229 103 169 333 40 211 125 312 244 164 253 58 281 11 75 150 209 144 87 86 79 252 291 53 201 286 94 326 260 292 195 147 31 4 298 74 155 319 160 187 333 208 146 105 191 159 189 142 37 99 176 130 77 131 167 85 158 197 75 295 14 262 148 179 319 216
 264 210 224 300 197 94 121 285 320 279 315 204 186 130 55 43 40 55 140 58 274 354 230 1 274 32 162 264 181 125 295 256 67 40 322 214 89 346 127 398 306 141 185 332 276 208 171 186 134 115 281 255 192 229 25 321 134 305 193 194 240 153 266 252 162 134 147 166 324 293 97 242 112 270 227 344 150 224 322 66 140 240 133 262 253 343 297 291 75 251 108 216 218 130 125 224 69 336 67 235 334 230 257 269 185 269 250 232 105 112 241 270 192 286 336 254 266 133 177 212 361 258 70 214 186 335 157 252 84 79 137 361 228 223 335 264 87 164 338 85 291 201 357 103 72 85 413 163 148 276 106 273 283 156 341 158 234 168 157 249 360 206 225 168 206 130 309 31 84 261 102 281 308 75 344 110 182 83 230 335 156 75 76 221 340 236 252 218 346 224 314 82 203 162 53 342 174 370 208 23 162 133 140 127 390 300 197 113 185 112 68 180 100 241 52 129 267 233 268 28 282 86 146 74 298 271 150 221 198 246 390 165 145 278 214 27 139 204 32 108 276 99 260 325 293 322 260 227 142 302 276 100 200 365 296 296 335 201 99 325 138 142 258 207 173 261 181 329 87 296 218 66 233 325 225 67 91 298 154 84
 199 208 246 65 82 295 160 121 304 23 42 113 138 392 324 296 313 320 268 272 185 106 117 274 1 274 129 285 261 381 247 188 208 298 215 176 243 127 333 128 78 302 249 134 281 68 261 200 222 279 272 183 224 74 255 60 344 45 277 241 70 147 188 154 244 182 197 170 69 134 364 224 286 276 198 93 273 85 203 251 136 68 355 193 54 107 37 37 203 85 167 141 90 183 265 134 303 269 244 259 288 65 243 131 213 176 53 256 263 201 280 11 99 23 64 59 286 141 224 104 114 59 205 62 300 245 263 134 196 314 212 94 237 158 88 42 197 131 96 257 223 173 96 324 226 209 140 146 249 93 258 10 143 299 104 179 119 110 131 36 100 179 90 126 206 148 247 244 246 191 268 32 269 231 95 276 218 282 48 63 187 201 201 155 305 171 117 153 295 62 100 280 156 196 294 116 194 101 69 261 161 331 349 282 117 43 132 333 239 336 336 98 176 155 293 176 67 283 127 264 10 341 219 229 153 76 260 123 82 61 118 248 149 43 64 299 277 165 242 287 30 371 179 192 85 49 119 119 284 124 46 339 106 93 254 100 65 74 274 53 285 138 138 213 281 27 183 68 242 71 90 218 191 195 106 325 184 65 306 223
 243 186 197 294 194 63 116 298 347 277 315 216 201 149 74 23 51 78 111 27 254 360 217 32 274 1 154 292 153 147 319 235 74 68 342 234 62 356 157 395 299 172 212 344 303 207 142 209 110 145 307 235 217 222 50 317 164 308 164 167 248 142 245 269 189 153 126 149 329 279 115 266 81 297 205 338 180 216 341 40 144 248 162 241 247 350 300 288 73 260 109 201 210 149 95 239 42 360 94 207 359 224 282 254 209 250 256 259 134 133 269 272 185 284 337 248 293 136 152 202 368 265 73 213 217 357 127 267 79 108 114 357 253 205 341 260 101 155 331 114 313 181 353 133 95 71 412 150 120 266 135 272 268 187 348 139 248 173 150 246 364 186 235 159 183 138 332 47 57 240 72 278 333 99 337 79 207 114 228 336 176 75 87 239 366 216 238 236 371 229 323 51 221 184 26 351 196 372 207 18 178 164 170 157 388 296 184 143 158 141 87 185 98 223 25 115 274 261 253 12 283 110 171 54 314 263 179 207 195 252 390 137 135 274 212 39 169 185 42 139 272 111 280 343 302 321 247 214 173 290 281 128 210 365 321 307 332 203 68 326 108 150 243 183 143 264 161 325 62 289 227 84 211 343 214 53 92 305 185 107
 140 112 147 141 49 167 42 197 328 127 169 127 134 290 215 175 199 215 142 147 139 228 74 162 129 154 1 288 145 282 280 128 104 194 275 186 115 237 255 244 146 239 222 233 291 65 142 185 96 211 288 124 208 69 149 165 265 170 162 131 131 20 135 196 206 133 74 54 193 138 258 236 158 285 115 185 222 63 268 125 61 130 272 135 95 224 162 137 88 151 63 71 57 131 138 162 178 314 158 162 324 72 257 115 195 132 131 252 192 138 273 130 33 135 191 95 289 57 110 52 236 142 96 70 259 299 141 183 79 221 87 205 237 86 209 108 110 7 178 178 262 79 200 238 139 85 263 25 125 116 189 125 131 244 221 59 159 70 7 97 227 88 130 7 108 76 287 135 119 133 139 127 299 147 184 148 197 199 82 189 154 90 104 175 338 103 95 171 335 105 204 152 163 166 171 229 173 229 63 145 133 256 271 218 239 145 46 249 126 251 228 74 65 99 170 48 154 270 113 146 138 241 176 104 225 110 212 66 49 131 242 128 21 121 67 186 220 76 132 214 122 260 217 262 183 174 104 72 227 144 150 247 116 218 284 193 182 73 146 181 158 77 107 114 160 127 75 173 114 136 123 124 114 264 66 203 76 176 248 144
 425 396 427 347 272 352 268 186 59 306 306 180 161 289 273 306 286 263 378 313 422 281 346 264 285 292 288 1 406 272 70 413 238 249 130 112 322 243 193 389 360 147 81 219 18 265 398 104 346 159 32 409 83 309 244 342 198 278 422 404 216 299 419 136 104 161 339 335 278 398 286 62 364 16 402 376 120 315 141 308 228 218 215 421 314 261 276 321 258 203 245 354 313 164 364 152 332 99 199 442 83 301 45 383 95 414 233 37 163 169 26 275 292 307 317 319 2 235 381 320 284 229 247 267 98 117 388 156 264 223 343 367 53 371 272 312 209 294 380 181 90 366 375 209 200 288 382 310 374 359 160 293 399 129 263 335 167 223 283 293 301 374 197 292 391 216 84 248 320 418 348 314 65 195 379 358 94 191 278 320 136 253 225 132 82 389 362 134 95 232 232 337 135 125 316 251 116 325 269 275 155 183 198 148 369 327 331 208 396 213 275 226 254 382 315 302 224 36 379 283 287 254 126 297 166 344 116 344 273 225 358 387 290 322 274 280 133 363 254 170 310 304 114 155 225 317 369 346 134 395 248 231 190 341 64 215 340 245 348 308 384 212 381 397 409 259 357 350 321 352 199 216 401 152 334 327 248 249 137 188
 122 67 52 246 190 108 144 341 454 252 297 268 268 294 223 159 198 229 45 128 140 366 154 181 261 153 145 406 1 295 412 121 172 220 415 317 95 379 307 352 244 313 330 377 413 206 12 307 60 284 413 124 324 189 188 278 314 305 18 28 275 126 130 336 309 246 73 94 329 193 260 363 84 406 88 284 311 178 409 117 190 274 314 124 213 364 297 256 150 294 163 128 173 243 60 301 139 449 226 58 456 197 383 171 313 141 273 370 269 238 386 265 167 260 317 210 407 181 39 159 374 285 162 210 351 437 27 324 143 259 65 314 358 117 347 228 199 140 272 249 397 94 304 283 215 120 378 122 35 204 268 255 177 325 361 87 301 210 147 226 360 90 274 145 67 197 421 176 99 123 83 248 430 222 281 79 313 258 218 314 272 155 183 311 468 115 167 307 467 248 347 108 296 283 147 370 293 357 203 160 259 313 320 295 354 261 131 294 25 292 235 216 154 131 147 109 297 381 173 155 270 261 282 116 368 210 306 145 190 274 362 20 131 238 205 190 304 102 170 281 244 251 355 405 326 298 172 151 309 209 291 279 257 340 416 337 299 217 89 309 58 205 158 62 26 266 80 283 96 237 266 197 98 407 161 171 159 317 325 226
 388 332 342 417 311 191 241 362 329 390 420 290 266 18 74 137 98 71 251 169 397 446 352 125 381 147 282 272 295 1 326 380 180 89 370 273 208 428 80 508 424 127 207 410 288 319 284 236 255 126 298 379 229 346 134 433 76 405 303 312 334 275 390 317 190 210 270 290 422 416 38 278 215 283 350 460 159 343 375 185 248 335 59 386 369 431 399 404 195 339 223 340 337 207 236 298 159 364 138 351 353 346 285 392 228 393 348 251 134 187 248 376 310 397 441 370 273 244 297 333 452 354 187 325 175 373 269 324 205 69 259 472 257 347 429 378 185 285 455 131 331 324 471 69 157 209 519 286 264 397 139 382 406 144 430 282 313 272 277 361 456 330 315 288 328 234 341 148 203 384 213 394 331 152 460 217 223 106 342 441 220 193 184 288 353 360 374 286 365 325 400 188 272 219 149 428 229 470 320 146 238 90 77 132 497 412 320 66 303 61 61 284 218 365 149 252 359 237 390 149 389 42 194 197 366 390 169 343 312 342 495 281 267 393 327 108 147 328 152 114 388 54 316 382 381 429 383 350 144 425 373 47 290 471 324 381 445 308 207 430 243 244 382 329 281 364 305 442 207 413 309 165 356 381 347 130 208 392 136 160
 412 391 425 311 253 375 270 134 58 269 261 157 147 342 315 337 323 305 391 337 405 223 328 295 247 319 280 70 412 326 1 399 255 288 62 96 338 183 248 337 324 200 120 159 54 243 405 112 353 204 40 395 105 286 272 300 254 231 429 405 181 294 404 95 140 171 341 331 227 372 334 54 383 55 393 334 168 294 74 327 225 184 271 406 285 203 231 283 272 164 250 340 293 175 379 123 360 42 229 440 46 277 42 360 111 396 196 76 203 188 86 237 276 269 268 290 70 233 383 303 225 189 262 243 157 50 398 115 275 269 348 321 71 358 218 280 225 286 340 217 27 358 329 259 225 300 326 304 383 331 199 256 375 184 206 333 133 211 275 262 245 366 166 283 387 216 17 274 337 404 366 278 22 222 338 376 114 233 251 271 146 266 241 107 60 376 340 110 56 203 177 359 118 137 344 192 125 270 247 302 154 238 255 195 316 288 318 261 399 266 319 210 261 366 343 304 182 97 356 309 247 302 150 313 108 314 159 327 254 189 304 393 287 288 250 315 180 353 279 216 275 351 70 89 175 271 346 328 183 366 206 282 169 289 8 163 294 224 367 260 400 209 361 393 419 222 353 307 336 317 171 238 390 85 315 361 258 200 192 213
 13 56 78 149 147 213 158 296 450 171 213 243 256 383 307 250 285 310 155 216 21 290 75 256 188 235 128 413 121 380 399 1 216 294 384 308 176 314 369 247 143 361 349 319 415 159 128 311 129 331 411 6 334 121 252 183 378 231 129 94 229 121 11 309 332 260 110 93 254 79 349 359 191 409 34 179 347 111 375 197 188 227 383 8 135 294 224 169 194 250 183 60 110 258 164 277 239 431 274 86 444 131 380 64 322 22 220 378 313 263 399 195 124 178 230 130 415 183 94 98 297 232 206 160 385 412 140 293 184 328 123 212 362 43 273 148 231 122 165 296 379 57 200 349 257 173 277 109 133 104 311 179 63 367 290 100 271 192 134 156 278 51 238 123 58 202 404 238 181 6 182 164 420 266 175 184 324 314 158 226 281 198 220 294 458 25 72 291 453 203 286 206 284 293 241 303 299 269 155 235 259 372 384 340 254 171 84 360 99 361 320 191 181 35 240 133 243 397 67 232 195 341 303 184 327 118 338 74 146 225 265 121 131 152 153 273 344 56 232 332 162 345 333 367 268 211 72 74 350 96 228 353 232 246 405 282 204 177 189 224 172 204 53 61 146 203 76 185 176 139 232 240 26 370 88 271 190 252 370 264
 226 179 203 238 133 123 63 224 289 215 249 142 128 188 117 96 106 114 142 86 231 289 176 67 208 74 104 238 172 180 255 216 1 93 272 165 86 283 155 334 245 148 159 270 246 143 163 144 114 118 248 214 158 168 48 257 164 239 188 175 176 100 225 197 138 84 115 124 259 240 158 202 129 240 192 282 141 164 270 73 74 176 170 223 191 278 232 227 24 188 45 168 159 80 128 166 113 295 59 216 296 167 220 217 147 226 185 202 101 70 217 205 132 222 271 192 239 68 154 155 296 194 11 149 180 289 153 194 34 118 113 297 193 178 270 201 31 108 276 82 245 160 294 136 45 53 348 112 140 218 99 208 232 157 276 119 174 103 99 185 294 167 162 110 175 65 266 36 84 221 113 217 270 53 282 123 146 99 166 270 110 19 15 167 306 193 198 164 308 159 251 106 149 119 99 279 131 304 144 58 107 157 170 128 325 236 145 147 167 148 129 115 40 194 98 84 202 210 215 64 217 139 113 61 241 211 135 168 134 181 325 154 91 215 150 92 134 161 36 118 212 163 209 271 229 257 206 174 140 247 210 144 137 300 257 234 270 136 114 260 148 78 208 178 173 195 144 266 84 235 154 26 196 272 169 126 29 233 158 55
 303 249 263 330 225 126 153 295 306 306 339 217 196 96 30 70 39 23 178 94 312 371 265 40 298 68 194 249 220 89 288 294 93 1 321 215 127 359 91 425 337 113 171 343 262 234 209 183 173 92 269 293 184 260 47 349 97 326 231 233 258 188 304 257 149 140 186 204 344 329 67 235 147 256 266 374 130 256 323 104 164 258 95 301 283 358 319 319 107 266 137 253 250 137 162 232 97 328 65 273 323 259 247 304 179 307 269 219 87 117 224 294 223 313 360 284 250 159 216 245 378 277 99 240 162 330 195 260 117 41 176 388 218 260 353 293 103 197 368 71 286 239 386 66 79 123 437 198 187 309 90 299 319 130 357 196 244 190 189 276 379 244 240 201 245 152 302 60 123 299 139 309 298 77 374 146 175 59 257 359 157 106 99 226 327 273 286 223 335 245 328 117 208 161 82 357 172 391 235 62 169 98 103 103 415 327 232 76 224 74 39 202 131 278 81 165 284 215 303 66 306 48 140 112 305 303 134 256 226 264 414 204 179 307 242 36 118 241 65 82 303 75 261 327 308 347 295 262 119 337 295 61 215 389 288 310 361 225 135 348 174 163 294 246 210 283 220 357 126 327 234 82 271 327 259 82 121 316 126 87
 396 384 421 278 240 394 273 95 111 237 220 149 149 386 349 362 354 341 400 357 387 171 310 322 215 342 275 130 415 370 62 384 272 321 1 109 350 128 294 289 291 247 165 105 115 227 409 139 358 246 101 379 142 266 298 262 302 190 432 404 157 291 388 80 181 190 342 327 181 346 374 94 398 115 383 294 213 275 15 344 227 159 319 391 260 151 191 249 286 136 258 327 275 194 389 115 383 59 259 435 83 256 94 338 144 378 168 128 240 211 144 205 264 235 223 265 130 236 382 287 171 159 278 225 209 31 404 93 287 309 352 276 117 345 169 252 243 280 302 252 43 349 287 302 251 311 274 299 389 304 236 224 351 233 154 332 116 206 271 237 193 357 148 276 380 222 50 297 351 389 379 246 76 249 298 390 149 271 229 227 168 281 259 107 101 362 320 110 86 182 130 377 124 162 368 139 150 219 230 325 166 286 304 239 266 253 307 306 399 311 355 202 270 350 367 307 149 154 334 331 213 342 182 327 63 287 202 311 240 162 253 397 285 257 232 344 225 344 301 258 244 390 64 30 134 230 324 312 229 338 170 325 159 241 68 120 253 209 382 217 411 212 341 387 425 191 348 268 349 285 155 260 379 26 298 389 269 159 241 239
 320 296 331 237 163 287 175 97 144 196 201 69 53 288 244 254 247 236 297 249 315 192 238 214 176 234 186 112 317 273 96 308 165 215 109 1 246 164 203 288 250 158 83 142 110 155 311 38 259 149 105 304 56 199 191 234 212 174 334 311 107 200 313 46 89 83 247 237 180 288 272 53 292 105 299 268 123 206 109 237 130 109 228 315 203 173 171 211 180 97 156 249 204 87 286 44 275 133 152 345 140 191 73 273 49 306 124 81 140 103 105 166 185 198 215 208 113 138 288 213 197 122 171 157 137 125 304 59 183 208 253 262 62 266 179 202 136 192 271 148 82 264 268 205 143 207 286 209 289 249 135 183 289 148 174 239 60 117 181 182 208 272 87 189 292 121 105 189 246 313 274 204 115 142 270 285 55 170 167 217 60 175 152 23 153 284 253 24 151 121 142 270 25 56 260 167 45 230 159 217 60 196 215 145 269 218 226 211 304 215 251 118 167 275 259 209 120 108 270 224 179 241 80 221 94 233 110 236 164 116 261 299 192 212 164 237 133 260 193 160 200 286 47 113 128 212 259 238 139 284 143 227 80 241 100 122 234 135 277 205 307 114 272 298 325 150 259 242 244 241 88 152 297 113 226 281 165 149 157 132
