NAME : domp300p150v3
COMMENT : (Deleplanque et al.) 
TYPE : DOMP
DIMENSION : 300
DISPLAY_DATA_TYPE: NO_DISPLAY
OPEN_FACILITIES : 150
COST_SECTION
 1 329 387 360 318 17 112 286 370 118 224 147 188 59 116 185 7 376 314 156 153 88 361 142 240 351 168 182 237 349 84 132 279 197 153 135 224 167 145 219 58 404 332 370 119 230 103 363 181 263 217 288 329 293 67 59 229 84 325 229 402 264 38 350 287 234 29 288 298 216 327 126 338 156 285 351 164 298 296 75 234 34 243 270 235 99 288 114 85 248 356 305 298 50 202 153 120 265 66 164 173 185 110 49 97 148 68 351 214 155 118 331 337 192 348 42 112 300 276 243 249 145 189 211 143 104 295 134 284 331 273 395 358 54 355 40 337 88 259 298 147 146 119 234 204 170 242 82 138 363 229 296 172 354 132 222 369 103 170 117 88 234 185 191 181 323 258 243 278 161 110 160 208 168 23 78 381 201 309 180 237 98 416 272 176 332 109 344 255 142 186 81 95 298 255 87 236 320 210 261 75 233 315 151 245 119 346 351 118 124 331 211 37 119 404 317 196 220 116 140 289 109 129 374 292 283 236 170 297 253 128 395 346 311 325 331 158 140 39 204 333 196 156 105 182 143 153 309 302 114 139 91 121 48 30 187 274 181 317 129 194 356 199 88 92 321 262 219 375 162 351 13 292 107 20 323 288 253 250 224 98 264 181 39 357 341 223 157 133 318 114 167 222 396 235 151 237 58 112 352
 329 1 180 123 71 330 319 45 42 318 274 244 246 315 263 153 334 165 171 175 177 320 166 299 94 176 170 298 93 180 301 208 93 135 299 292 172 164 278 238 277 111 48 45 309 109 365 154 150 217 130 124 130 156 334 298 150 254 138 323 150 253 330 24 46 102 301 185 43 257 21 226 12 264 71 103 182 32 134 286 259 344 204 144 198 252 42 282 257 260 83 60 91 309 142 381 264 131 279 313 169 190 331 346 263 213 339 106 344 215 222 77 53 194 36 290 296 152 225 120 254 319 282 119 365 239 197 230 203 7 173 118 117 301 132 301 88 275 243 54 403 277 246 175 126 201 101 255 195 150 240 60 239 110 306 165 98 343 178 368 254 259 341 140 149 214 78 216 71 394 288 318 137 342 307 261 86 291 213 197 111 247 140 172 174 18 265 130 202 353 156 303 292 167 154 243 98 75 141 241 306 97 17 192 85 234 19 156 218 323 38 119 331 251 121 196 139 110 361 317 43 326 342 46 165 65 136 301 66 148 213 209 20 212 48 14 323 193 298 328 187 139 240 287 268 311 293 144 77 268 341 251 250 283 301 241 252 280 20 382 175 111 209 316 241 46 152 341 119 270 95 339 76 266 316 35 126 229 144 223 273 238 151 340 80 155 265 292 232 18 345 299 175 208 113 397 97 328 347 195
 387 180 1 58 116 395 322 181 178 318 217 249 221 399 372 217 389 16 346 268 266 416 344 418 188 39 229 264 217 358 323 259 132 242 282 409 164 253 399 387 330 272 133 162 418 185 374 332 232 380 265 105 66 95 360 335 160 338 66 468 322 414 370 190 174 189 361 107 210 404 199 331 173 390 143 281 227 188 307 376 411 413 362 118 159 348 192 390 345 189 99 134 264 390 197 365 278 295 323 438 221 203 435 381 361 239 364 284 481 337 319 256 128 197 209 346 404 88 391 273 183 437 247 215 352 333 106 342 371 174 117 287 294 340 310 374 94 305 403 224 396 399 353 330 225 218 172 338 288 33 188 143 228 288 421 165 272 350 297 369 343 199 470 225 240 92 221 161 152 376 394 295 192 315 366 310 253 246 104 208 171 290 304 339 296 196 286 308 144 465 211 397 392 340 133 314 230 253 187 164 398 210 175 302 205 269 184 38 311 319 143 227 405 359 286 84 212 217 362 433 198 430 335 190 97 230 156 430 135 309 261 32 187 385 226 192 301 286 349 465 364 212 365 301 404 429 277 79 122 376 329 341 359 342 364 379 415 414 195 379 194 288 351 333 322 138 126 480 66 254 273 392 132 371 368 213 297 161 303 374 298 400 257 413 103 334 414 273 344 168 448 427 325 30 172 385 189 358 349 50
 360 123 58 1 61 367 310 126 123 307 222 233 214 365 331 180 363 44 290 228 227 379 287 375 142 63 195 263 167 301 305 230 87 197 276 367 145 213 355 336 303 217 76 107 378 142 362 275 192 326 216 74 37 83 342 313 133 303 46 419 266 361 348 134 119 144 333 109 154 354 142 290 116 345 93 224 197 132 251 340 360 384 309 96 151 310 137 350 309 197 43 81 208 357 161 361 261 241 298 394 189 181 396 361 323 216 346 227 434 292 279 199 71 177 153 319 364 75 336 220 191 395 245 171 347 295 115 300 316 117 109 231 237 318 254 343 38 284 350 168 390 355 312 277 181 196 129 303 248 30 188 89 217 231 379 143 215 338 252 359 306 204 425 184 199 116 168 160 102 373 354 291 155 313 339 283 197 248 122 187 130 264 249 284 250 139 267 251 142 425 177 361 354 284 113 282 179 196 152 173 362 162 118 259 155 245 127 42 273 310 86 181 374 318 231 101 173 171 352 391 143 391 327 135 90 175 125 385 83 255 233 88 130 329 169 135 297 246 323 418 308 173 320 285 356 386 270 63 71 335 322 304 318 314 335 331 362 367 139 371 169 231 302 317 287 81 106 433 20 246 216 367 82 331 343 156 241 166 249 323 278 347 213 382 47 277 364 267 302 111 409 382 273 86 131 380 143 339 339 83
 318 71 116 61 1 323 285 66 89 282 218 207 198 317 276 134 322 101 231 176 175 328 233 319 86 107 151 250 108 246 273 188 42 141 257 311 122 161 299 276 262 178 29 77 323 90 335 222 142 266 156 59 60 89 309 277 104 253 68 359 220 300 311 89 59 90 290 119 96 294 90 236 69 287 36 172 157 73 192 290 300 339 249 82 141 258 77 296 259 200 39 20 150 309 117 341 231 181 260 337 146 151 343 326 271 182 314 175 375 235 227 145 29 151 105 277 310 84 276 160 193 339 233 116 327 243 130 244 257 66 109 188 186 281 201 296 25 249 290 110 368 299 258 217 126 165 78 254 196 85 183 29 196 179 324 118 168 311 195 334 256 202 368 132 146 144 108 157 44 355 301 274 111 298 296 243 154 239 144 158 82 226 208 224 193 88 236 197 141 370 133 310 301 225 97 235 120 140 111 178 311 104 63 204 96 208 82 88 221 286 37 124 328 263 190 126 124 114 327 336 83 338 305 100 98 115 91 327 24 195 192 143 84 270 116 84 280 194 283 360 251 124 263 255 298 331 251 74 17 281 302 253 263 271 291 272 301 309 84 348 137 180 242 287 238 26 92 374 66 226 165 326 27 277 302 102 182 168 189 263 245 286 158 337 40 221 304 248 247 56 357 324 213 142 84 360 88 305 313 125
 17 330 395 367 323 1 129 288 372 134 238 160 201 44 105 190 21 384 307 156 154 72 355 128 243 361 173 197 238 341 100 138 284 197 168 121 233 168 132 208 67 402 336 372 104 234 119 357 184 253 214 295 336 302 83 73 237 80 332 214 397 253 54 351 289 237 35 298 297 204 328 120 340 144 289 347 171 299 291 64 222 20 234 278 246 92 289 101 80 262 361 309 295 37 208 170 134 260 77 149 179 194 94 65 88 158 84 348 199 148 115 329 341 202 347 50 98 309 265 240 263 129 203 214 160 99 306 126 275 333 283 392 354 68 351 33 342 100 248 297 162 133 110 227 206 179 246 78 137 371 242 300 185 350 117 231 366 120 166 133 83 247 169 194 183 335 257 255 282 177 97 176 214 185 31 87 380 216 320 190 242 107 412 265 172 332 122 339 266 125 192 67 81 291 263 89 236 317 216 273 61 235 316 148 246 129 347 359 116 141 334 212 20 110 401 328 200 222 133 124 289 93 146 375 301 282 243 155 301 248 135 404 347 302 324 331 175 139 50 188 325 200 146 120 170 128 169 317 307 102 155 86 112 54 33 176 263 168 318 145 202 353 191 104 91 324 270 203 381 176 348 26 297 97 35 323 283 266 245 214 111 253 181 23 362 335 210 173 125 320 98 153 215 405 240 167 240 74 129 362
 112 319 322 310 285 129 1 276 357 7 124 79 103 163 198 169 111 314 360 174 169 193 400 239 227 284 152 75 239 394 35 119 244 206 47 229 167 176 234 292 90 415 306 352 219 211 53 398 179 328 241 239 275 231 51 62 182 148 268 325 428 339 77 342 274 219 107 216 299 295 324 186 326 240 258 372 139 291 332 165 314 145 304 216 164 169 283 205 154 153 319 278 319 152 178 67 56 300 75 263 152 134 217 76 176 107 53 373 316 216 169 346 309 135 346 97 209 240 342 271 156 247 87 207 51 165 219 199 343 319 207 412 382 66 385 134 297 58 332 305 85 235 191 285 205 121 219 144 167 304 141 271 95 377 231 170 385 29 210 51 155 139 289 187 185 244 263 163 254 80 203 50 183 58 106 87 390 97 229 128 211 86 434 322 216 327 56 374 180 250 165 180 190 344 198 125 244 335 180 171 176 231 303 193 242 90 337 290 163 13 308 214 147 195 419 243 183 219 44 241 285 215 27 364 227 293 194 265 269 295 113 322 337 370 331 325 47 168 88 303 382 183 230 35 267 243 50 251 269 198 33 157 197 102 113 262 348 269 313 65 149 379 263 26 141 296 205 319 328 70 369 108 261 190 96 325 321 168 289 292 53 335 197 150 321 380 305 55 200 304 223 262 272 324 209 80 223 57 29 280
 286 45 181 126 66 288 276 1 86 274 238 202 207 274 226 109 291 165 169 133 134 281 177 265 50 168 126 258 53 186 257 164 65 93 257 257 135 121 244 213 233 146 59 85 272 65 322 167 106 201 96 101 121 134 290 254 113 212 127 298 176 235 286 68 8 58 258 161 36 232 50 187 53 231 44 121 138 17 129 246 237 302 184 116 163 212 14 245 216 227 96 47 88 268 99 338 220 116 235 280 125 149 294 302 224 170 295 124 315 180 181 92 66 154 72 246 259 132 211 96 221 285 243 76 323 198 174 193 192 46 145 149 135 257 147 258 89 231 225 50 360 243 208 153 83 159 60 213 153 149 205 40 198 128 271 128 124 300 141 324 213 225 310 96 106 195 45 182 38 352 250 276 94 301 264 217 120 252 191 155 70 203 171 159 138 53 222 141 171 318 112 264 253 161 123 200 61 85 99 210 266 54 30 153 43 190 63 150 177 280 53 77 289 213 154 177 95 67 318 282 20 289 299 90 142 51 99 270 47 130 169 207 63 206 66 50 281 151 254 300 189 95 206 243 238 276 252 127 61 231 298 210 212 239 258 211 237 249 39 339 134 130 181 272 198 49 122 313 129 229 116 295 54 228 272 55 118 198 124 199 229 222 110 298 94 162 241 250 195 33 307 267 150 206 72 354 53 284 303 185
 370 42 178 123 89 372 357 86 1 356 304 281 280 356 303 192 375 165 191 217 218 361 175 338 134 184 210 332 135 194 341 248 122 176 335 331 204 205 317 272 318 95 61 17 348 147 405 162 191 246 169 147 141 176 374 338 183 295 151 357 146 282 371 26 86 141 342 206 80 291 50 266 33 302 103 111 221 73 159 327 291 385 236 169 227 293 83 322 298 287 81 86 118 351 181 418 302 163 319 351 208 226 371 387 304 251 379 114 379 255 263 93 62 229 42 331 336 171 253 157 281 358 316 160 403 280 217 270 229 40 197 109 123 341 141 342 96 314 273 88 441 316 287 209 167 238 139 296 236 152 269 90 274 117 345 198 97 382 219 406 295 288 378 181 190 229 118 243 105 431 328 353 175 378 349 302 76 323 230 233 147 287 127 200 214 45 304 142 228 392 195 344 333 191 182 284 139 96 178 266 347 138 57 233 127 273 26 162 259 360 54 161 372 291 109 211 179 151 400 356 84 366 380 13 185 102 170 339 94 181 253 209 28 234 70 44 359 234 339 364 205 179 279 325 305 350 329 161 101 308 378 292 290 324 342 277 280 316 57 421 211 117 245 355 282 68 179 376 113 305 103 380 104 307 357 62 153 256 177 256 312 268 193 382 77 170 299 327 272 55 385 336 210 207 150 435 137 368 385 203
 118 318 318 307 282 134 7 274 356 1 119 77 98 168 202 168 116 310 362 175 170 198 401 243 226 280 152 70 239 395 39 119 241 206 42 233 164 177 238 295 94 414 304 350 224 210 57 399 178 330 242 236 272 228 57 67 180 151 265 329 428 342 83 341 272 218 112 212 298 299 323 188 324 244 256 372 138 290 333 170 317 150 307 212 160 173 282 209 158 148 317 275 320 157 176 66 55 301 78 267 151 132 222 82 180 106 58 373 320 219 172 346 307 132 345 102 213 236 344 272 151 251 82 207 51 168 215 202 345 318 203 411 383 70 385 139 294 60 335 304 87 239 195 287 205 119 218 148 169 301 136 269 92 377 236 167 384 33 212 53 159 134 293 187 185 239 263 159 252 79 208 44 181 53 110 90 389 91 224 125 209 88 434 323 217 326 56 374 175 255 164 185 194 346 195 128 244 335 178 167 181 231 302 195 241 90 335 286 165 9 307 214 152 198 419 238 182 219 46 246 285 220 26 362 223 292 192 269 267 296 114 318 336 372 330 324 42 170 93 307 383 182 233 36 271 247 45 247 266 202 30 160 200 106 118 265 351 273 312 67 147 379 265 31 144 294 202 324 325 65 369 114 259 194 101 324 322 163 290 295 54 338 198 155 319 380 308 49 203 302 228 266 274 320 207 81 222 63 32 275
 224 274 217 222 218 238 124 238 304 119 1 86 46 262 272 159 224 213 373 198 193 289 400 320 198 180 152 52 224 401 142 146 183 209 78 310 104 191 308 342 179 382 245 294 307 180 172 394 179 364 250 161 186 140 173 166 126 221 177 398 411 386 194 297 233 190 208 115 270 352 286 243 277 308 204 354 136 254 336 253 368 256 340 137 78 241 249 285 229 31 244 219 309 250 153 151 107 308 164 345 146 102 313 197 252 113 175 357 397 267 225 326 246 92 307 193 294 148 378 277 36 333 38 194 141 230 112 258 371 272 115 386 368 171 376 232 222 140 377 281 183 309 258 312 198 103 181 218 205 207 36 216 65 361 316 111 360 150 242 163 229 20 375 182 190 129 246 63 205 162 286 84 155 100 209 163 357 31 116 99 170 146 408 342 246 287 118 367 81 347 150 272 276 359 123 191 235 316 147 54 270 214 259 233 220 129 290 191 216 117 251 207 254 263 391 134 169 207 157 328 254 309 128 314 133 274 140 343 211 310 143 211 292 395 302 284 89 205 190 382 395 170 290 120 333 327 75 160 205 274 120 228 265 194 213 318 393 339 275 170 114 363 306 144 207 237 127 399 241 63 350 223 202 266 205 292 324 57 303 337 129 377 210 259 247 381 363 71 260 257 322 339 301 213 169 172 195 176 146 170
 147 244 249 233 207 160 79 202 281 77 86 1 44 179 187 99 149 240 307 123 117 205 341 234 154 212 86 69 171 339 75 65 166 145 58 224 90 119 223 262 96 344 229 275 222 137 130 338 114 288 184 161 198 156 112 91 104 135 192 314 362 307 124 267 199 145 127 145 228 270 251 159 250 224 181 306 70 218 275 168 286 178 264 139 92 155 210 200 143 105 241 200 255 168 104 138 30 244 84 259 83 57 228 133 167 37 116 307 312 185 141 279 232 57 273 112 209 164 303 213 105 248 62 139 123 145 151 174 299 244 133 343 317 96 322 149 219 61 298 235 162 224 173 239 139 44 144 133 125 229 83 194 26 311 231 92 316 106 165 129 143 91 289 121 123 178 195 97 178 151 200 77 108 102 130 78 319 76 164 50 135 61 366 273 170 254 39 312 110 263 93 188 191 292 121 106 179 268 104 115 185 162 228 153 172 44 262 215 132 81 231 148 174 178 350 174 113 152 122 243 213 225 100 288 153 225 116 257 191 242 61 253 263 324 261 251 82 125 111 297 330 113 207 53 249 242 53 175 191 188 98 143 180 111 132 236 314 254 240 142 71 313 227 85 122 218 128 314 250 35 303 150 183 181 128 253 263 107 236 258 52 300 141 180 243 322 280 52 176 228 238 254 227 254 132 155 150 111 108 210
 188 246 221 214 198 201 103 207 280 98 46 44 1 222 228 118 189 214 332 154 149 248 361 276 163 183 109 53 186 361 110 101 160 168 63 266 77 147 264 298 139 352 223 271 264 146 154 356 137 320 208 146 178 133 145 131 97 177 170 354 376 341 162 270 203 155 169 115 237 307 256 198 251 263 178 320 93 223 297 210 323 220 296 121 64 197 217 242 185 62 229 196 272 210 115 148 69 268 126 301 103 62 271 169 209 68 148 322 353 222 180 291 225 55 278 154 251 141 334 236 63 290 37 155 134 185 118 213 328 245 107 353 332 136 339 192 206 102 332 247 177 265 214 269 158 60 148 175 160 205 42 191 20 326 273 83 327 131 198 149 185 48 331 142 148 142 209 62 177 160 243 78 118 101 172 121 326 47 128 57 138 103 376 300 202 258 80 330 78 305 110 230 233 318 104 148 196 281 111 74 228 176 231 188 184 85 263 190 171 99 228 167 216 219 359 141 129 168 142 285 221 267 116 289 127 238 111 298 187 268 98 221 265 353 270 255 84 160 152 338 354 130 245 87 288 284 58 153 183 230 110 184 220 154 174 273 348 294 245 160 76 327 262 116 163 214 110 355 232 34 316 190 178 222 169 261 285 68 262 292 92 333 167 222 232 342 318 54 215 229 281 295 258 223 136 167 160 146 129 178
 59 315 399 365 317 44 163 274 356 168 262 179 222 1 68 186 63 387 273 143 143 31 322 85 233 366 172 226 223 307 131 142 280 182 198 78 240 157 90 168 84 377 326 358 61 227 160 326 176 215 192 296 337 307 122 103 241 64 335 172 368 212 94 334 277 228 58 308 279 163 310 93 325 103 282 320 174 284 260 31 181 41 197 282 258 65 274 60 59 283 355 301 270 13 205 210 156 231 99 107 179 203 55 107 56 168 124 321 157 116 94 304 332 212 328 70 56 314 227 215 283 87 230 203 199 77 317 95 238 318 291 366 326 99 321 32 338 124 208 277 204 91 78 194 194 189 240 64 122 372 261 292 204 323 75 237 341 159 142 174 62 269 128 185 172 347 240 270 274 218 55 209 211 220 59 102 356 243 333 199 237 121 385 231 148 315 145 309 279 88 190 24 40 257 269 86 218 293 215 292 18 221 302 125 232 141 331 363 98 176 323 198 28 76 375 338 194 209 173 82 273 53 183 358 308 262 244 112 294 217 141 411 330 264 303 315 208 124 77 146 290 194 108 148 128 85 198 321 302 64 192 65 78 69 52 137 222 125 301 187 208 325 155 139 80 314 275 161 378 201 322 69 291 60 69 303 254 283 215 176 135 213 165 34 355 303 169 201 94 306 62 110 183 412 236 209 231 112 168 370
 116 263 372 331 276 105 198 226 303 202 272 187 228 68 1 157 122 358 206 104 106 60 255 50 192 342 147 247 174 240 164 131 244 136 223 40 224 119 38 104 109 315 282 307 48 190 210 259 141 149 135 267 307 285 169 138 218 54 306 129 302 150 145 280 229 188 100 292 225 101 255 42 274 43 242 257 156 233 195 42 120 108 130 258 249 32 223 20 46 287 314 259 208 70 176 256 172 167 125 74 156 191 69 161 23 164 172 257 127 52 55 243 288 202 272 104 35 290 161 154 285 67 246 161 243 44 302 34 172 267 273 303 262 136 255 77 299 146 144 220 257 39 19 127 151 181 203 56 85 342 262 249 208 259 51 219 278 202 86 222 46 274 106 148 133 333 187 264 233 266 26 238 181 254 105 117 295 260 321 190 203 129 321 164 90 261 162 243 269 95 163 48 32 190 247 82 167 232 187 290 52 175 252 74 185 144 278 335 63 210 277 153 94 14 312 321 161 164 220 63 221 64 223 303 287 205 218 72 253 152 133 388 277 198 245 261 238 87 115 111 222 160 41 173 70 60 220 295 263 6 230 45 14 98 95 72 159 72 247 237 192 261 88 176 66 270 253 128 341 216 259 128 252 10 118 247 189 279 150 109 156 149 119 101 313 236 109 223 32 257 82 68 117 388 201 259 190 159 211 350
 185 153 217 180 134 190 169 109 192 168 159 99 118 186 157 1 189 203 215 55 52 201 245 205 60 187 19 163 73 244 149 57 96 51 156 195 75 41 187 196 129 247 149 189 203 47 214 240 23 209 92 112 153 129 183 147 64 124 151 266 264 235 181 175 108 52 157 139 131 209 156 117 160 180 101 207 31 124 180 161 222 206 186 102 105 132 115 175 130 160 172 121 157 177 21 233 114 151 129 227 18 58 219 196 146 65 187 209 274 129 103 180 154 68 178 144 189 134 223 119 156 223 152 40 217 118 150 130 214 153 120 245 219 150 224 164 154 123 225 137 253 187 139 156 41 60 58 123 73 188 134 113 104 213 207 68 218 192 94 217 128 152 258 25 34 180 97 124 95 246 179 176 26 200 163 111 222 164 169 62 53 96 268 185 96 160 114 214 123 250 10 182 177 201 92 103 80 169 31 154 183 64 137 92 74 82 171 180 96 174 148 51 195 144 252 167 15 53 210 219 117 214 193 198 132 126 62 220 113 152 62 232 171 238 163 158 180 71 151 257 237 15 157 136 199 215 151 139 118 161 193 125 145 138 158 178 240 207 145 232 48 215 158 164 107 137 98 274 193 131 204 193 108 155 169 157 168 141 145 187 121 225 55 204 173 226 220 150 132 139 232 216 146 233 51 248 57 177 196 194
 7 334 389 363 322 21 111 291 375 116 224 149 189 63 122 189 1 378 320 160 158 92 367 147 245 354 172 181 242 354 84 135 282 201 152 140 226 171 150 224 61 409 337 374 123 234 99 369 186 269 222 291 332 296 64 60 232 90 328 234 408 270 35 355 291 238 34 290 303 221 332 132 343 161 289 356 168 303 302 80 240 35 248 273 237 104 293 119 91 249 360 309 304 55 206 150 121 271 68 169 177 187 114 45 103 151 65 357 219 161 124 337 341 195 353 46 117 303 281 249 250 149 188 216 140 110 297 140 290 336 276 401 364 55 361 46 341 89 265 303 142 151 124 240 209 172 246 87 143 366 230 300 173 360 137 225 374 100 175 113 94 234 189 196 186 325 263 244 282 157 115 159 212 166 27 81 387 201 311 183 241 101 422 278 182 337 111 349 257 145 190 85 100 304 257 92 241 325 213 262 80 238 319 157 250 122 351 354 124 123 335 216 40 125 410 320 200 225 113 144 293 113 127 378 294 289 239 174 301 259 132 397 351 317 330 336 157 145 41 208 338 200 161 105 188 147 153 312 306 119 136 97 127 52 35 192 280 186 322 125 197 362 205 86 98 325 264 223 378 163 357 7 296 113 22 328 293 255 256 230 99 269 186 41 361 347 228 157 139 322 118 172 228 398 239 147 241 55 109 355
 376 165 16 44 101 384 314 165 165 310 213 240 214 387 358 203 378 1 331 254 252 403 330 404 174 35 216 259 202 344 313 247 117 227 275 395 154 240 385 372 319 259 118 149 404 170 366 318 218 365 250 92 52 85 350 325 148 325 53 453 309 398 360 176 158 174 350 100 195 389 185 317 159 375 128 266 215 172 292 363 396 401 347 106 151 335 177 377 332 185 85 119 249 377 184 358 268 280 312 424 209 192 421 371 348 229 354 269 466 322 305 241 113 186 195 335 390 77 375 258 179 423 241 201 346 320 101 328 356 159 108 273 280 330 296 362 79 295 388 209 389 385 339 315 211 207 158 325 274 17 182 127 220 273 407 154 258 342 283 362 330 194 455 211 226 92 206 155 137 371 381 288 178 309 355 298 239 241 102 198 156 279 291 324 282 182 276 294 137 451 198 384 379 324 122 302 215 238 174 160 385 196 160 288 190 258 170 26 298 311 128 212 393 345 273 81 198 203 355 420 183 417 328 177 88 215 143 416 120 294 250 45 173 370 212 178 294 272 338 450 349 198 351 292 389 415 270 67 106 362 322 327 345 331 352 364 400 399 181 372 183 274 336 324 309 123 115 465 54 246 259 381 116 357 357 199 282 157 288 359 288 385 242 401 89 319 399 266 330 153 434 412 310 44 157 379 174 349 341 51
 314 171 346 290 231 307 360 169 191 362 373 307 332 273 206 215 320 331 1 188 193 261 52 214 185 336 224 375 154 36 330 246 230 165 362 213 278 189 196 120 283 144 215 205 235 200 391 60 196 74 125 266 288 298 351 313 258 232 294 193 108 105 334 169 176 191 291 322 137 136 151 189 179 179 211 88 241 160 41 245 127 312 81 276 310 217 156 218 230 371 252 214 83 274 221 426 312 65 294 214 230 272 260 351 220 272 355 86 221 160 200 99 221 281 150 288 229 298 73 97 366 230 364 180 410 212 336 181 48 176 305 124 83 313 67 276 253 304 99 122 437 195 198 81 175 273 205 235 194 315 346 207 316 85 225 270 111 375 152 399 227 364 232 191 186 360 137 330 204 438 224 381 221 404 297 277 137 377 354 276 214 275 135 43 146 156 307 58 323 266 223 252 236 17 278 242 141 98 228 360 257 164 172 170 161 275 173 318 203 369 205 167 298 199 134 342 205 168 395 231 150 255 387 183 306 118 247 201 215 67 251 374 170 44 125 159 385 193 299 210 24 204 166 327 166 224 358 294 229 210 390 225 197 280 287 144 100 176 153 415 260 86 119 346 229 209 280 216 288 341 95 326 221 213 310 137 52 347 73 106 309 92 168 306 249 36 139 358 182 179 271 200 93 373 215 435 187 341 382 352
 156 175 268 228 176 156 174 133 217 175 198 123 154 143 104 55 160 254 188 1 6 153 227 152 92 240 50 190 83 221 146 59 142 42 176 142 127 16 133 146 108 252 185 217 151 87 210 225 37 167 69 164 204 183 172 134 118 80 203 212 257 189 162 196 135 87 128 192 143 158 173 64 185 126 141 203 64 144 159 115 172 170 143 156 155 83 134 123 85 205 214 160 150 136 74 239 125 127 114 173 59 101 169 179 96 88 176 204 220 76 53 180 190 113 193 118 137 187 182 99 202 170 182 61 224 69 204 76 177 178 173 246 212 135 213 126 198 119 179 144 254 133 86 118 52 97 100 81 22 239 179 150 136 207 154 121 219 191 45 216 82 195 205 45 30 234 103 173 133 252 128 194 78 217 134 96 229 196 223 103 99 89 267 152 49 177 120 202 175 198 63 135 127 173 146 70 82 169 84 202 137 80 162 39 91 87 192 232 46 182 182 57 157 92 254 221 58 67 211 166 134 164 200 220 186 130 116 166 153 123 64 285 192 203 171 177 198 20 128 203 210 57 103 140 145 162 171 192 161 109 203 79 92 111 127 126 195 154 163 232 97 209 109 162 66 173 152 220 239 156 202 166 150 104 144 169 148 190 117 140 122 180 27 166 214 207 169 172 78 165 182 162 106 285 98 251 89 164 198 248
 153 177 266 227 175 154 169 134 218 170 193 117 149 143 106 52 158 252 193 6 1 154 232 154 92 237 46 185 85 226 142 54 140 44 171 144 123 15 136 151 104 255 185 219 153 86 206 230 35 172 73 162 202 180 168 130 114 80 201 216 262 194 158 198 136 87 125 189 146 162 175 66 186 129 141 207 60 146 164 115 177 168 148 153 151 84 136 125 85 200 213 160 154 135 71 235 120 132 110 176 55 97 171 176 97 83 173 208 223 80 54 184 190 109 195 115 139 185 187 103 197 172 177 61 219 69 201 79 182 179 170 249 216 132 217 125 197 114 184 147 249 136 88 123 53 92 99 80 22 237 174 150 131 211 156 117 222 187 50 212 82 190 207 44 30 231 106 169 133 248 129 189 76 212 132 92 232 191 219 98 98 85 271 157 54 180 115 206 171 200 59 135 128 178 143 67 84 172 82 198 137 82 163 43 93 82 194 230 47 177 182 59 156 94 258 218 56 68 206 169 136 166 195 221 183 133 113 169 153 128 59 283 194 208 174 179 193 21 125 207 215 55 107 136 149 164 166 189 161 111 198 79 94 108 125 130 200 157 165 227 93 213 114 157 65 173 149 223 238 151 206 163 150 105 141 171 153 185 122 145 117 185 30 165 214 211 173 167 81 166 184 166 111 283 97 246 89 160 193 245
 88 320 416 379 328 72 193 281 361 198 289 205 248 31 60 201 92 403 261 153 154 1 311 59 243 385 188 255 229 295 161 162 293 190 228 54 260 168 69 150 112 374 335 364 34 239 190 316 188 199 193 312 353 326 152 133 259 79 351 143 360 191 124 337 284 239 87 328 282 142 313 95 330 84 293 316 192 289 253 41 160 65 182 300 281 71 279 44 72 309 366 311 267 42 221 240 184 226 128 78 196 224 25 136 58 191 154 315 127 111 102 302 341 234 330 99 34 332 209 213 309 58 258 213 230 85 338 92 223 323 311 361 320 129 313 60 350 152 188 278 234 70 75 184 203 211 252 80 133 388 286 302 229 317 48 257 337 189 143 204 74 295 98 197 183 368 243 293 285 248 38 239 226 250 89 128 354 272 355 221 251 146 379 219 148 318 173 301 301 59 206 20 29 246 287 106 223 291 230 316 21 229 308 129 239 165 335 379 108 206 331 206 54 71 371 359 208 217 203 53 278 22 213 361 327 263 261 86 305 210 162 430 334 248 304 318 238 134 107 117 276 207 96 177 106 57 227 338 313 55 222 77 72 97 81 120 201 102 304 216 228 320 143 169 96 323 294 132 391 229 318 98 302 55 100 305 247 307 209 159 163 194 172 58 366 292 147 230 90 312 34 84 175 431 249 239 241 143 198 390
 361 166 344 287 233 355 400 177 175 401 400 341 361 322 255 245 367 330 52 227 232 311 1 265 205 340 257 407 177 25 372 283 241 198 398 264 301 225 247 171 327 106 213 191 286 222 434 15 228 124 160 277 292 310 394 356 280 279 300 241 60 152 379 157 184 212 337 337 142 187 146 236 172 230 220 65 273 164 69 294 177 361 132 291 332 264 164 268 277 394 247 218 93 322 248 465 349 101 337 265 261 300 311 396 269 306 399 62 270 208 245 90 218 309 137 333 279 308 121 130 389 282 396 207 450 258 349 230 98 171 320 85 53 357 35 323 252 344 147 128 479 246 246 129 205 304 224 281 236 315 370 213 348 59 277 293 82 417 195 441 274 390 283 222 219 371 155 352 214 478 274 417 246 441 344 319 108 407 367 305 234 315 90 93 189 149 346 37 343 317 253 302 286 67 296 286 166 94 253 381 307 187 172 214 181 312 163 320 248 408 202 195 347 248 94 353 233 194 436 282 158 306 426 165 318 130 267 252 221 109 289 374 159 84 119 153 421 234 344 260 46 232 217 366 217 275 393 302 235 260 429 271 246 325 334 195 145 227 151 457 288 59 170 387 274 209 296 265 282 374 73 373 229 263 356 132 80 368 113 157 348 140 204 355 243 22 189 392 231 179 322 251 141 372 235 477 208 385 423 358
 142 299 418 375 319 128 239 265 338 243 320 234 276 85 50 205 147 404 214 152 154 59 265 1 235 390 196 292 214 247 205 180 290 180 267 11 273 166 22 98 151 338 322 344 26 235 243 272 187 147 171 314 353 333 203 177 267 100 353 89 318 135 176 314 269 233 134 341 259 86 289 89 310 38 285 278 205 270 212 74 104 123 134 306 298 81 261 36 92 336 356 302 234 93 224 291 218 189 167 26 205 241 48 190 69 213 205 278 79 86 104 269 328 252 304 142 31 338 156 183 334 21 292 206 279 93 352 77 173 303 322 323 281 174 272 107 343 190 133 252 288 23 68 143 196 230 248 103 133 389 311 292 257 279 13 268 301 238 125 256 92 323 56 194 179 382 223 313 276 300 36 281 229 295 137 162 321 306 370 240 249 176 340 174 128 295 208 260 318 56 212 62 50 200 296 130 205 259 235 339 68 217 289 118 225 192 313 382 112 251 317 196 111 62 333 370 208 206 254 19 258 45 261 337 336 238 266 29 296 171 182 436 311 196 276 295 281 135 152 65 227 207 60 217 51 12 265 342 307 48 269 93 61 138 128 72 145 45 282 269 241 281 101 215 114 311 302 82 384 263 282 153 295 55 150 279 209 328 172 109 200 140 163 115 355 247 90 268 75 295 58 26 136 436 248 292 233 193 247 398
 240 94 188 142 86 243 227 50 134 226 198 154 163 233 192 60 245 174 185 92 92 243 205 235 1 166 78 213 33 209 209 115 58 56 210 226 97 78 215 200 186 191 94 131 239 18 273 198 60 200 79 90 123 118 242 206 76 170 126 280 214 231 239 116 49 9 212 139 76 217 98 151 101 204 51 158 89 65 146 206 225 258 179 94 128 173 57 211 175 190 123 69 114 226 51 290 172 123 187 253 76 103 258 254 186 121 246 160 294 151 143 130 100 109 120 200 225 120 212 94 185 255 199 32 274 159 153 160 197 94 121 192 171 209 179 215 109 182 221 85 311 215 173 147 41 111 21 171 112 157 167 59 152 164 239 89 166 251 111 275 172 186 284 50 63 179 51 148 42 303 216 229 47 254 218 169 166 209 172 109 30 155 214 164 110 101 173 171 139 285 63 225 217 174 94 155 47 120 53 177 227 24 78 119 25 141 111 153 137 231 92 40 246 179 198 162 47 30 269 251 60 253 251 139 125 77 63 244 63 132 121 210 112 216 108 99 234 110 208 278 207 47 179 194 217 246 205 119 73 196 250 170 178 193 212 191 234 227 87 290 88 166 164 223 155 82 96 293 150 182 154 249 61 192 226 100 134 164 125 188 180 218 73 255 123 188 227 203 162 80 272 241 140 210 31 306 5 235 255 179
 351 176 39 63 107 361 284 168 184 280 180 212 183 366 342 187 354 35 336 240 237 385 340 390 166 1 198 226 197 351 286 226 111 217 244 381 129 225 372 365 295 277 130 168 388 160 336 328 204 363 245 78 48 60 323 299 127 306 43 444 324 395 334 191 161 165 326 69 201 382 196 302 172 363 127 278 194 178 296 345 391 379 343 86 122 317 180 361 313 152 104 123 255 357 167 326 241 281 287 411 190 168 404 344 331 204 326 281 456 311 289 251 126 160 209 311 374 54 374 256 146 409 209 190 314 303 68 314 357 171 80 290 292 304 307 341 90 269 385 215 357 371 324 311 200 183 148 306 258 36 149 129 191 285 392 131 272 312 272 331 311 161 443 198 213 58 205 123 135 338 365 256 162 277 331 275 256 208 68 172 145 255 309 324 271 193 249 303 106 435 180 366 362 328 99 281 210 246 157 127 366 189 169 275 186 233 184 23 281 281 140 203 370 330 291 47 183 194 324 405 186 399 297 196 61 218 125 404 122 293 227 47 187 373 222 189 263 257 314 439 355 184 339 264 379 401 239 49 108 346 291 309 330 308 329 355 398 389 190 341 160 286 329 295 290 132 92 455 79 216 271 356 116 341 333 208 285 124 286 354 261 383 231 378 108 327 392 235 317 162 417 400 305 47 145 347 166 321 311 21
 168 170 229 195 151 173 152 126 210 152 152 86 109 172 147 19 172 216 224 50 46 188 257 196 78 198 1 152 88 255 132 39 112 60 142 186 78 40 179 195 112 263 166 207 192 65 197 253 30 213 100 126 167 139 165 130 72 110 164 261 278 237 163 193 125 70 140 145 148 207 174 109 178 174 118 222 18 141 190 148 221 190 189 113 106 121 132 165 117 157 189 139 171 163 35 217 98 160 111 219 10 53 207 178 135 50 169 223 267 125 94 196 171 64 195 127 178 145 227 129 153 214 141 56 201 106 157 123 220 171 127 261 233 133 238 148 170 105 227 153 236 180 130 161 54 50 76 110 65 202 130 130 93 227 197 73 234 175 93 200 115 147 251 37 39 187 112 124 112 230 169 162 41 186 146 94 238 154 175 55 70 78 283 192 96 177 98 227 125 239 19 169 165 210 101 87 94 184 44 153 170 80 155 88 90 65 188 192 85 158 166 64 180 135 268 175 32 68 194 210 134 203 177 216 141 142 74 213 130 160 44 243 188 244 180 175 166 63 133 251 247 32 152 119 194 206 137 151 135 151 178 113 136 121 142 175 243 202 162 215 48 229 158 147 94 155 107 268 209 118 219 176 125 145 152 173 179 140 154 188 104 227 59 188 190 237 218 137 125 156 220 209 150 244 68 231 74 159 179 204
 182 298 264 263 250 197 75 258 332 70 52 69 53 226 247 163 181 259 375 190 185 255 407 292 213 226 152 1 234 405 98 133 212 211 30 282 129 187 283 328 144 403 275 323 276 195 121 403 180 356 251 196 227 181 125 125 149 194 219 375 425 374 149 321 254 204 170 159 287 335 307 223 303 286 230 368 135 274 341 221 352 215 332 172 113 215 268 257 202 82 280 248 319 214 164 101 75 311 128 317 147 111 278 150 225 104 127 370 370 251 205 341 277 105 329 157 264 189 370 280 87 303 19 202 90 207 159 238 366 297 155 403 381 130 387 196 257 104 365 296 133 284 235 307 204 104 199 191 192 252 78 243 61 374 287 135 377 99 233 112 202 69 345 186 190 179 258 105 229 113 257 32 167 51 170 132 377 23 165 105 189 119 426 340 238 309 85 377 123 313 156 239 245 360 155 166 243 330 161 104 236 224 282 220 233 108 315 236 197 66 280 213 214 240 410 182 176 215 105 298 272 276 77 340 174 287 163 317 239 310 128 260 316 392 320 307 38 192 151 356 397 177 271 79 312 298 29 201 235 248 68 202 241 159 175 301 381 316 296 119 125 376 294 97 183 266 161 373 281 35 365 180 230 240 163 311 329 104 303 325 93 367 208 219 283 388 345 26 240 281 287 313 295 262 187 122 209 130 95 218
 237 93 217 167 108 238 239 53 135 239 224 171 186 223 174 73 242 202 154 83 85 229 177 214 33 197 88 234 1 180 217 122 87 42 228 206 125 72 194 171 187 176 109 136 221 47 282 171 62 168 50 121 152 150 248 210 105 161 155 253 192 200 241 113 56 38 209 171 62 188 91 135 103 181 75 136 103 62 116 194 196 252 148 126 157 160 52 193 165 219 143 89 87 217 72 304 185 91 191 231 90 125 242 258 172 136 252 137 269 130 130 109 115 133 112 199 208 151 180 62 214 234 221 34 288 147 185 141 165 96 153 174 148 213 154 208 132 190 190 66 323 193 157 116 36 131 53 163 102 185 194 79 174 141 220 117 147 261 90 286 162 214 261 53 59 211 25 177 66 317 199 247 70 272 216 172 152 232 204 130 61 161 196 132 87 95 184 145 170 267 79 212 202 142 126 151 15 98 77 207 215 11 80 102 12 151 110 183 126 245 104 28 239 161 181 194 60 21 280 231 52 237 264 137 157 55 94 221 85 100 128 240 110 184 93 94 252 100 208 253 176 59 157 206 191 226 223 150 97 179 265 159 161 192 209 165 203 202 81 301 112 143 136 232 148 97 128 267 173 202 133 247 87 176 225 88 103 194 93 158 190 187 59 248 142 159 198 222 143 84 255 218 109 239 62 318 34 240 266 210
 349 180 358 301 246 341 394 186 194 395 401 339 361 307 240 244 354 344 36 221 226 295 25 247 209 351 255 405 180 1 364 278 250 195 394 246 304 221 229 151 318 130 226 209 268 225 425 39 226 103 156 286 304 319 385 347 283 267 311 218 84 129 368 174 193 216 326 344 152 166 160 224 187 213 229 84 271 175 66 280 155 347 114 298 335 251 173 252 265 397 262 229 99 308 249 459 345 95 328 245 259 300 293 386 255 303 389 81 248 195 234 104 232 310 154 322 262 317 99 127 393 262 395 208 444 246 357 216 76 186 327 109 74 348 55 310 266 337 125 138 471 228 232 116 204 303 229 270 228 328 373 224 346 78 258 296 103 409 186 433 262 392 261 221 217 380 160 356 223 472 258 413 248 437 332 311 130 407 375 305 238 308 114 78 180 164 340 53 348 298 252 286 270 52 301 277 168 107 255 385 291 190 185 204 185 307 179 332 238 402 216 195 332 233 118 362 233 195 428 263 167 289 420 184 326 137 271 232 232 100 284 387 176 60 133 168 417 227 334 238 22 232 200 360 197 256 389 312 245 244 423 259 231 314 322 177 122 207 164 449 288 79 154 380 264 222 302 242 298 372 92 361 239 248 345 146 78 372 105 138 342 118 200 340 259 26 168 389 217 192 303 231 128 386 239 469 211 376 416 369
 84 301 323 305 273 100 35 257 341 39 142 75 110 131 164 149 84 313 330 146 142 161 372 205 209 286 132 98 217 364 1 96 232 181 70 195 162 150 200 259 56 392 293 336 186 194 66 370 156 295 214 232 271 230 38 29 174 114 265 291 402 306 53 324 256 201 75 219 278 262 305 152 309 206 244 347 121 272 304 132 280 117 272 211 166 135 263 171 120 167 310 264 294 120 161 97 46 272 41 229 134 125 185 60 142 92 42 348 282 183 137 322 297 129 326 64 175 238 309 244 169 213 106 186 82 131 224 166 311 302 207 388 357 33 358 102 288 29 299 282 109 201 157 254 182 111 203 110 137 302 151 257 97 351 198 163 361 46 179 71 121 153 255 165 161 251 240 169 239 109 170 79 167 91 74 55 368 118 236 119 196 58 410 291 185 308 39 347 183 219 147 147 156 314 194 92 221 311 165 183 143 210 286 162 221 69 319 289 131 47 294 191 117 161 396 247 163 197 66 208 265 182 60 346 227 270 184 231 256 265 90 327 319 338 309 306 78 139 55 269 352 163 196 24 233 209 70 248 257 164 66 123 163 68 81 229 315 235 293 87 138 353 230 17 108 282 201 286 322 81 345 83 249 156 66 304 293 177 260 259 29 302 171 121 311 351 271 74 166 287 192 228 241 328 194 106 205 37 53 284
 132 208 259 230 188 138 119 164 248 119 146 65 101 142 131 57 135 247 246 59 54 162 283 180 115 226 39 133 122 278 96 1 148 88 117 170 99 59 166 198 75 298 204 245 172 103 160 280 61 224 124 158 199 166 127 92 100 85 195 254 309 243 125 230 163 108 105 167 183 207 210 98 216 164 156 253 34 178 216 122 223 156 200 142 120 101 169 147 93 158 226 176 201 132 72 185 67 184 73 205 43 63 184 140 114 35 132 255 256 122 80 228 209 73 232 91 158 173 238 154 156 196 126 91 169 88 177 114 235 209 150 294 264 95 267 116 206 68 234 188 202 167 115 176 88 51 113 84 61 233 132 168 82 258 179 96 267 140 101 165 92 146 236 71 67 207 146 134 150 198 149 136 78 159 110 56 273 140 194 61 107 40 316 210 106 214 64 256 140 217 56 144 142 231 128 58 126 217 79 160 143 115 192 89 126 30 226 223 72 126 204 96 146 121 302 197 70 103 159 192 171 179 145 253 167 175 106 201 168 181 7 270 226 261 215 212 140 61 96 240 268 70 145 85 188 189 113 181 172 134 147 90 122 85 107 173 250 195 199 180 67 261 163 111 69 193 134 257 244 99 251 139 162 127 115 209 204 149 175 194 68 235 80 155 227 263 218 114 115 194 195 197 164 271 105 198 112 121 145 229
 279 93 132 87 42 284 244 65 122 241 183 166 160 280 244 96 282 117 230 142 140 293 241 290 58 111 112 212 87 250 232 148 1 112 217 281 84 127 270 257 222 202 65 113 291 56 294 232 106 253 135 37 67 70 268 236 64 217 70 337 238 286 271 115 58 58 251 97 100 273 107 204 95 260 23 185 116 79 190 254 282 300 234 53 106 223 78 264 223 168 79 37 151 272 77 301 190 172 219 309 106 110 310 285 237 141 272 188 350 207 193 156 67 111 127 237 277 69 265 146 162 309 195 85 286 209 110 214 248 90 82 208 199 240 211 259 59 208 275 114 327 269 226 201 95 124 43 217 162 101 149 34 156 192 293 78 185 270 167 293 220 168 340 98 112 131 96 124 28 315 268 234 71 259 257 203 177 202 127 117 44 185 230 215 166 108 194 205 110 338 93 275 268 221 63 197 101 149 70 149 276 80 79 173 76 167 108 97 186 245 69 96 290 231 212 114 87 87 286 305 84 305 264 131 78 114 51 300 29 184 152 154 110 265 128 104 240 160 243 334 251 87 235 214 273 300 211 66 26 249 261 218 231 232 252 248 288 283 98 307 96 193 221 245 201 56 60 349 99 187 179 286 19 244 262 116 179 137 177 244 204 273 127 298 81 226 284 209 216 75 323 297 195 154 45 319 58 264 272 125
 197 135 242 197 141 197 206 93 176 206 209 145 168 182 136 51 201 227 165 42 44 190 198 180 56 217 60 211 42 195 181 88 112 1 201 171 121 32 159 152 147 213 147 177 183 58 246 194 32 160 42 140 177 164 210 172 106 120 178 228 222 188 201 155 96 55 168 180 102 167 132 96 144 149 107 167 77 103 131 154 178 210 138 138 153 120 94 156 124 210 178 124 114 176 62 272 154 101 152 198 65 108 204 218 132 109 214 168 240 96 90 142 153 118 152 159 170 167 174 70 206 199 200 28 256 106 192 104 164 137 160 208 177 174 180 167 164 154 178 104 288 159 118 107 18 109 70 121 61 211 184 114 152 171 184 114 181 226 56 251 121 202 229 28 23 221 62 172 98 285 161 220 64 244 175 134 189 213 211 112 73 124 230 134 55 136 151 169 169 230 60 172 163 151 132 110 41 131 72 202 174 40 121 64 51 117 151 206 85 213 143 18 198 123 216 206 43 28 245 196 93 199 232 179 169 90 99 189 118 102 94 262 151 187 131 136 224 59 168 224 188 42 124 172 163 191 196 169 128 141 234 118 123 151 168 139 193 173 122 267 98 174 114 197 107 135 136 239 206 177 165 207 117 138 184 128 120 189 95 142 155 177 18 207 178 178 177 196 107 125 217 186 97 262 73 285 55 202 232 228
