NAME : domp220p110v3
COMMENT : (Deleplanque et al.) 
TYPE : DOMP
DIMENSION : 220
DISPLAY_DATA_TYPE: NO_DISPLAY
OPEN_FACILITIES : 110
COST_SECTION
 1 248 338 276 378 236 183 200 359 131 129 187 91 137 177 330 182 382 97 361 136 429 219 204 243 448 273 13 302 158 333 20 305 170 221 96 261 249 161 247 123 323 317 274 119 156 339 24 139 264 387 304 363 305 135 117 72 55 172 28 327 69 227 96 338 247 344 426 180 388 39 298 253 301 12 251 409 240 65 121 309 244 56 330 87 245 343 36 29 206 148 415 237 250 374 306 362 167 327 64 327 155 215 348 373 41 124 314 270 262 315 81 252 339 345 285 281 247 350 175 370 73 169 127 283 205 344 192 195 428 305 12 329 272 375 218 301 263 134 193 96 327 369 249 223 125 202 234 354 64 241 226 192 225 262 389 233 109 52 147 356 171 47 309 112 333 325 382 239 116 347 120 143 178 362 235 215 32 365 241 338 189 335 188 122 205 358 84 303 277 165 245 208 115 327 214 332 250 395 140 235 131 48 151 358 188 314 331 415 375 382 106 241 236 263 274 131 242 263 277
 248 1 187 210 195 356 195 89 239 131 247 165 160 113 252 83 92 163 152 131 120 275 232 47 99 286 223 255 198 134 214 260 69 159 119 162 260 90 185 23 259 110 101 280 167 233 141 225 226 100 181 226 121 64 115 151 289 289 319 248 80 181 161 165 136 268 208 254 310 182 278 69 282 201 258 175 232 224 252 270 271 15 202 110 200 179 100 219 262 176 144 273 19 18 195 146 116 82 120 189 110 220 346 101 155 254 126 259 315 36 134 173 155 186 106 253 206 174 129 78 236 260 152 295 95 163 125 244 94 262 58 259 83 64 211 41 131 160 182 106 238 273 252 218 77 125 49 60 120 199 160 283 58 269 270 178 36 201 199 183 171 299 205 162 260 253 148 217 22 252 236 235 113 71 157 278 168 274 138 134 265 83 90 77 164 193 235 228 79 101 197 267 273 144 124 332 85 115 223 184 85 291 282 112 211 139 136 153 252 157 204 251 166 148 51 186 124 79 38 348
 338 187 1 97 55 307 175 153 58 214 395 156 258 224 226 199 260 108 264 129 261 96 172 191 285 113 113 348 57 182 42 339 225 328 302 246 166 276 188 209 403 98 106 178 220 225 308 321 231 93 88 86 239 213 230 223 339 391 305 351 186 277 116 244 77 186 24 89 288 89 350 235 199 62 343 97 75 145 303 285 139 201 316 108 333 105 223 303 362 142 303 89 176 204 48 43 186 216 286 301 272 214 310 206 302 320 254 118 226 219 310 261 88 3 147 136 88 100 106 196 50 306 320 308 93 138 103 206 155 92 176 348 207 125 39 218 57 78 337 151 374 126 70 131 260 252 190 141 135 275 101 221 211 206 177 97 162 238 303 199 48 281 293 31 400 95 44 45 172 394 61 382 257 208 79 208 130 350 121 98 106 254 212 175 216 153 53 273 245 88 191 187 223 280 291 292 187 94 59 342 270 300 348 265 26 314 313 43 79 303 52 390 103 103 137 78 223 121 151 266
 276 210 97 1 151 211 96 137 89 173 360 92 213 194 135 254 254 197 224 207 238 165 79 191 299 187 18 288 41 136 69 273 267 314 306 197 71 292 116 231 364 165 169 86 162 140 348 265 150 116 182 29 298 257 201 174 262 331 213 295 242 227 60 193 155 90 88 173 195 183 280 273 103 37 279 38 165 51 230 200 62 221 268 177 294 38 279 243 303 72 284 148 193 227 144 100 254 200 326 255 315 132 215 266 353 250 224 51 133 245 343 211 56 99 216 47 10 40 184 180 105 230 307 222 135 77 179 114 135 172 225 286 260 161 130 227 111 52 311 125 333 66 96 37 269 223 190 152 210 215 53 125 208 110 82 190 176 169 253 130 140 189 237 86 358 59 121 135 190 355 75 346 236 197 167 112 65 282 202 77 67 251 267 161 159 73 89 200 284 123 114 91 128 250 331 196 244 97 150 318 282 213 276 247 105 307 345 124 159 355 147 348 49 65 168 28 187 132 182 172
 378 195 55 151 1 361 225 184 95 250 423 203 295 256 278 183 278 68 298 99 288 86 225 210 291 93 167 388 111 222 91 382 216 348 313 285 219 281 236 215 432 88 98 231 262 275 297 360 280 119 40 138 218 204 261 262 386 430 357 390 171 315 164 283 61 240 69 61 341 41 394 229 252 115 384 148 39 198 349 335 189 208 351 93 364 157 205 343 401 192 325 91 188 210 8 73 160 241 275 336 261 264 364 186 284 364 283 168 280 221 304 300 135 52 125 189 142 151 81 222 77 352 340 358 106 186 81 258 187 69 168 389 192 134 32 231 79 126 362 187 405 174 103 185 270 282 211 161 109 316 149 275 231 259 230 51 177 284 340 246 25 333 333 75 430 142 55 33 184 424 104 410 283 231 46 262 179 393 90 140 152 271 196 203 258 204 90 318 238 108 240 240 276 309 281 345 170 129 31 366 278 351 393 288 55 330 307 49 61 285 12 420 152 149 147 131 256 145 158 319
 236 356 307 211 361 1 163 269 288 241 362 194 247 270 105 426 346 403 265 405 305 363 140 316 409 385 196 245 252 224 276 220 423 374 401 231 145 409 172 369 358 360 360 138 202 125 490 244 136 296 391 228 470 417 273 224 173 274 65 263 417 242 216 225 358 123 297 379 58 392 210 423 112 247 230 221 374 164 173 118 190 361 271 372 308 212 449 223 260 191 343 343 338 368 355 303 440 298 471 266 464 137 24 442 510 196 286 209 95 387 474 233 240 310 406 179 221 219 384 287 308 164 370 110 321 202 378 116 263 375 395 238 430 334 340 350 311 245 349 252 329 212 290 178 380 286 314 305 405 213 227 87 321 103 135 398 323 173 255 175 349 69 230 293 347 238 326 344 336 351 274 352 309 303 374 101 202 217 403 250 235 348 437 281 205 173 290 168 433 309 160 122 89 299 473 26 421 273 359 356 395 106 200 322 314 381 475 330 363 511 358 340 221 234 334 232 256 295 344 68
 183 195 175 96 225 163 1 108 182 102 278 32 132 130 61 264 203 253 146 248 173 257 47 159 261 278 91 194 128 71 159 179 262 250 260 114 88 258 25 211 280 203 202 106 76 52 333 173 57 137 246 124 308 255 135 94 168 237 139 203 255 141 62 108 206 84 175 260 125 247 185 263 97 126 185 79 248 60 135 111 130 202 182 214 212 71 287 151 210 34 218 241 177 209 219 156 278 150 313 170 304 41 157 280 350 155 156 133 127 228 320 125 91 176 246 105 102 76 229 134 197 135 244 135 162 43 223 49 102 261 233 192 268 172 212 195 159 99 238 91 248 146 191 67 231 155 157 143 246 124 77 90 168 77 94 252 162 74 166 38 207 116 146 151 273 151 179 218 175 271 169 264 174 152 225 87 47 187 247 93 157 203 275 123 75 25 182 105 273 150 19 83 78 178 316 141 259 114 233 245 246 127 181 187 191 250 322 184 247 351 225 263 73 79 172 100 118 133 182 155
 200 89 153 137 184 269 108 1 192 69 244 77 113 73 165 160 118 183 115 166 110 248 146 57 164 265 146 209 139 53 164 206 156 182 170 105 177 159 98 105 252 125 120 196 93 148 228 180 142 66 189 160 203 149 79 85 222 250 235 208 153 133 81 105 140 182 167 237 225 190 221 157 196 140 207 100 218 140 184 191 196 96 168 133 182 102 182 166 221 90 154 239 70 103 181 114 181 67 207 153 198 134 260 177 243 193 102 187 228 122 216 119 86 153 154 175 136 98 152 46 196 190 174 216 85 77 146 156 7 242 130 211 163 78 187 93 106 94 186 18 223 202 204 136 134 101 55 41 160 139 85 196 72 182 186 190 55 124 158 99 160 214 154 123 249 189 130 194 68 243 184 230 107 62 163 191 84 219 168 65 200 115 171 25 89 106 189 156 167 79 110 181 185 128 210 245 157 59 205 192 148 211 222 116 177 172 218 136 229 244 189 239 89 73 72 118 73 43 79 261
 359 239 58 89 95 288 182 192 1 245 431 173 288 260 222 255 306 159 296 183 300 78 165 237 337 100 99 370 58 209 29 358 281 372 351 274 145 328 201 261 437 154 162 152 242 227 364 346 237 141 133 64 296 269 266 250 349 413 298 376 243 305 133 270 133 167 34 92 280 134 366 290 177 59 363 109 91 137 316 288 103 252 345 164 367 115 280 325 385 154 344 60 226 256 88 95 242 257 342 330 328 220 295 263 359 336 290 83 199 272 366 288 111 59 203 110 81 113 161 236 22 317 364 309 146 155 158 201 192 88 232 369 264 178 64 267 110 101 376 186 407 85 14 123 310 289 236 188 191 297 120 205 257 191 154 144 211 253 331 214 99 274 317 78 433 53 101 66 222 428 15 417 297 251 131 191 145 367 175 129 61 301 269 215 239 159 5 286 301 139 200 168 212 317 347 276 243 135 79 382 321 301 362 306 41 360 368 100 76 360 86 423 119 127 190 86 256 167 204 238
 131 131 214 173 250 241 102 69 245 1 188 85 46 30 142 212 106 251 53 232 72 308 148 85 169 326 176 141 188 38 217 139 197 150 162 37 188 169 81 138 194 192 187 207 41 119 253 112 106 134 257 200 251 193 35 21 160 182 195 141 207 66 115 37 208 185 224 301 190 258 155 193 197 188 139 140 283 155 122 143 223 132 103 200 123 137 230 98 153 106 117 297 116 139 247 179 240 58 235 88 230 107 228 230 278 127 55 220 226 155 235 51 134 215 218 199 175 137 219 54 252 130 143 167 153 98 214 142 65 305 184 143 213 143 250 113 172 144 140 65 163 235 256 158 140 54 83 105 225 73 127 185 83 175 195 259 108 73 91 71 227 178 86 184 189 230 196 257 116 185 234 175 73 66 231 185 109 152 235 118 239 108 220 60 38 115 242 98 201 147 93 183 170 79 237 216 212 122 269 147 155 163 156 86 237 149 236 202 292 279 255 179 128 118 135 162 17 111 137 250
 129 247 395 360 423 362 278 244 431 188 1 269 148 172 291 317 157 406 137 377 137 491 322 217 191 507 362 122 375 225 403 147 281 99 161 165 364 202 254 235 16 349 341 380 203 268 282 120 251 307 420 387 336 286 166 187 199 113 300 103 319 138 302 171 371 355 409 479 306 421 162 269 364 375 137 327 459 336 191 246 406 237 99 352 67 324 321 142 111 291 105 481 245 240 421 356 356 183 278 109 283 263 342 333 323 169 143 405 386 243 254 154 321 396 352 381 363 324 372 202 437 200 105 255 318 284 368 302 242 484 301 130 313 296 430 208 347 331 67 247 35 420 443 341 187 144 216 263 366 160 314 341 197 337 368 419 251 212 116 241 399 296 139 366 26 417 370 436 249 16 421 15 142 193 395 347 295 154 383 303 426 166 317 223 204 296 429 200 270 317 263 353 323 116 275 339 324 302 446 66 192 258 173 138 419 125 252 375 472 324 430 27 316 305 283 349 176 279 276 398
 187 165 156 92 203 194 32 77 173 85 269 1 122 110 92 233 180 226 135 220 154 244 71 130 235 264 93 198 116 49 147 186 232 232 236 106 107 231 34 181 273 174 173 126 70 79 304 174 80 108 222 121 277 224 116 83 184 241 168 205 224 136 42 101 179 108 160 244 155 223 196 233 122 115 191 65 230 72 148 134 139 172 177 185 204 59 256 153 213 22 200 230 147 179 198 132 248 125 283 163 274 67 188 249 319 165 138 137 153 198 292 119 70 158 216 115 96 61 200 108 185 150 225 159 133 19 194 80 72 245 202 197 237 142 194 167 133 80 224 61 242 152 183 74 204 137 128 112 217 125 57 119 141 105 115 227 131 83 162 44 184 145 146 130 267 150 155 200 145 264 161 256 154 126 199 115 29 196 219 66 158 179 244 95 68 33 172 117 243 122 40 107 109 163 286 172 228 85 215 231 219 152 193 166 175 228 293 160 232 321 205 257 56 55 141 88 100 102 151 184
 91 160 258 213 295 247 132 113 288 46 148 122 1 48 156 242 108 293 19 272 62 353 177 115 173 371 214 99 231 80 261 101 221 129 159 19 219 176 108 162 152 234 228 236 57 132 265 69 116 178 300 241 278 220 46 40 133 138 192 97 239 23 157 25 251 212 269 346 191 301 119 214 222 231 100 181 328 189 99 136 258 157 58 241 83 178 257 60 109 143 97 341 148 164 291 223 273 79 250 44 247 123 230 260 295 96 44 258 248 178 244 16 178 259 255 234 216 178 261 86 296 108 124 156 196 137 255 162 108 349 216 102 242 183 295 133 217 188 109 109 121 272 299 194 148 44 113 145 264 43 169 205 105 197 224 302 144 76 46 95 271 180 46 229 146 271 241 301 149 143 277 135 67 90 275 208 149 115 276 162 278 113 248 99 58 149 286 84 221 190 118 210 187 54 251 222 244 167 314 117 162 155 123 80 281 136 244 246 336 296 299 137 170 161 173 204 41 154 173 267
 137 113 224 194 256 270 130 73 260 30 172 110 48 1 171 196 77 249 44 226 45 319 176 68 141 336 199 145 205 62 232 148 176 123 133 50 215 141 109 117 180 190 183 234 69 147 227 116 135 138 258 220 232 174 7 47 177 183 222 141 192 69 135 54 208 213 237 309 218 259 166 171 225 206 147 159 290 181 141 168 247 111 98 196 110 158 211 107 155 130 91 310 101 118 253 186 226 34 210 83 206 136 256 214 254 141 31 243 254 133 208 60 150 225 208 223 196 156 216 39 266 149 116 191 154 121 210 171 71 314 169 149 196 138 259 89 178 160 118 75 151 258 272 182 112 30 66 100 218 87 145 214 60 203 222 258 97 100 90 100 232 206 93 194 177 251 202 266 102 171 251 159 45 44 232 214 131 162 230 132 260 79 202 55 66 141 258 120 178 149 122 211 199 58 212 245 197 131 277 124 127 188 170 58 248 121 209 207 301 255 261 167 148 135 127 180 14 112 127 280
 177 252 226 135 278 105 61 165 222 142 291 92 156 171 1 323 247 311 174 308 209 298 58 212 309 320 124 188 173 121 203 167 319 283 303 139 92 308 68 266 290 262 262 101 104 26 387 175 42 197 302 160 367 313 175 127 140 227 81 202 314 158 119 132 264 74 221 307 66 303 167 319 77 170 175 131 298 86 116 71 144 257 194 274 229 122 346 152 204 92 251 281 234 265 272 212 339 197 367 185 360 35 97 339 406 141 191 155 95 283 372 145 146 227 306 123 143 128 288 185 239 112 278 89 222 102 282 22 159 306 292 183 327 232 262 247 217 154 264 148 259 165 228 100 279 190 210 202 306 132 133 51 218 49 90 309 219 82 177 72 262 57 153 205 281 181 236 267 232 282 208 279 212 201 282 59 105 171 307 152 182 249 334 177 106 76 222 95 329 210 56 71 33 208 370 81 318 174 282 271 294 80 160 226 238 287 373 240 293 407 277 273 128 137 231 148 158 193 241 112
 330 83 199 254 183 426 264 160 255 212 317 233 242 196 323 1 163 128 234 89 199 268 294 129 138 273 269 336 230 211 235 342 42 222 167 244 314 126 257 86 330 102 94 333 247 307 115 307 301 139 155 262 46 33 197 232 370 370 394 328 13 263 218 247 126 326 222 240 384 155 361 56 341 234 340 223 218 280 333 349 314 87 282 93 277 230 27 301 343 238 214 272 97 82 186 165 41 164 94 270 80 293 419 19 105 336 207 297 374 75 126 255 202 197 60 299 248 224 103 160 245 341 215 374 120 226 103 312 167 250 32 341 10 96 209 116 150 203 252 176 312 309 267 271 132 206 131 122 77 281 212 348 139 332 326 147 107 280 280 258 165 373 287 183 333 284 155 213 97 324 257 306 192 153 138 340 228 356 99 185 296 154 15 155 243 256 251 309 62 131 269 326 340 223 100 403 14 162 213 253 130 369 364 188 219 198 129 157 243 106 194 325 217 201 93 227 206 133 83 410
 182 92 260 254 278 346 203 118 306 106 157 180 108 77 247 163 1 253 92 221 48 353 248 70 66 367 262 185 255 134 278 197 130 71 57 119 285 69 184 79 170 197 189 305 145 224 160 158 211 168 269 277 188 133 73 123 237 213 296 174 164 123 196 125 222 286 278 337 293 270 217 120 299 257 193 217 315 250 205 241 312 81 129 199 116 218 170 160 189 198 53 348 92 84 277 219 201 56 146 119 146 212 331 179 193 199 65 304 329 89 137 123 203 260 196 289 253 215 219 75 307 215 63 262 173 187 215 246 120 343 145 192 159 146 290 52 206 211 92 130 151 319 318 249 42 65 71 121 211 150 202 290 50 278 293 267 102 175 131 176 254 281 146 232 172 307 227 296 96 163 299 145 42 58 244 289 196 211 228 182 317 10 164 94 142 212 302 190 124 175 197 284 275 67 146 321 169 172 304 94 55 260 223 31 285 55 137 232 332 194 286 163 206 190 132 235 91 140 123 355
 382 163 108 197 68 403 253 183 159 251 406 226 293 249 311 128 253 1 293 39 273 148 264 192 252 149 214 391 160 231 149 389 166 321 277 287 267 241 258 180 417 61 67 282 272 303 241 362 305 122 31 192 156 154 254 267 401 431 390 389 117 315 192 287 48 286 129 116 376 30 403 179 299 165 390 183 95 240 364 359 246 175 346 55 353 192 147 348 402 220 304 156 162 174 73 101 98 227 221 332 206 291 403 127 223 374 273 225 329 181 252 301 166 106 69 240 189 186 35 212 142 368 314 384 100 211 40 293 189 127 121 393 137 113 99 203 95 159 342 192 393 234 168 227 236 272 193 150 51 322 179 317 211 301 279 21 157 300 338 265 62 367 336 113 417 202 78 100 159 409 166 394 267 216 31 306 207 401 29 161 213 245 139 196 269 235 154 334 187 108 265 286 316 296 227 385 115 142 95 345 240 377 404 269 118 301 256 75 123 224 78 408 184 175 125 173 253 141 131 368
 97 152 264 224 298 265 146 115 296 53 137 135 19 44 174 234 92 293 1 269 46 359 192 109 157 377 227 104 240 90 269 110 210 111 142 36 234 161 123 152 142 233 227 251 73 149 251 74 134 180 301 252 268 210 40 53 146 140 210 98 231 32 167 42 252 228 276 350 209 302 129 203 238 240 107 192 332 203 114 153 272 148 55 239 71 189 248 70 112 156 79 348 142 154 295 227 267 71 236 40 234 141 248 252 282 108 29 270 264 167 229 33 186 265 251 248 227 188 259 82 304 124 106 173 197 149 254 179 112 355 209 108 233 181 300 122 220 196 93 114 111 285 308 207 133 30 107 144 261 59 179 222 96 213 239 302 140 94 48 111 274 197 56 234 137 282 244 306 144 133 286 123 52 83 275 225 160 124 274 169 290 98 239 98 73 163 294 102 209 192 134 226 205 36 237 239 237 171 318 100 146 172 134 63 287 118 229 249 342 283 303 127 180 170 170 214 43 155 169 285
 361 131 129 207 99 405 248 166 183 232 377 220 272 226 308 89 221 39 269 1 245 183 266 164 216 186 224 370 174 216 169 370 128 289 242 268 275 204 250 146 388 47 48 292 258 298 203 340 297 113 67 207 120 116 230 250 387 408 386 366 78 294 191 269 54 292 151 153 373 67 386 141 306 179 370 187 131 245 349 350 261 142 322 35 326 195 109 329 380 217 273 189 133 140 104 108 62 201 182 308 168 285 403 89 186 358 247 241 337 145 214 281 167 127 31 252 199 188 24 188 170 354 281 376 88 207 29 292 172 163 84 373 98 90 128 170 97 162 311 177 365 251 194 233 201 246 166 129 13 304 180 321 182 305 287 59 131 287 316 256 86 363 316 124 389 222 89 131 130 380 188 364 239 190 55 310 205 383 11 157 233 213 101 174 254 234 179 320 149 99 259 292 317 269 189 385 76 135 129 314 205 369 387 240 144 267 217 88 158 187 110 379 185 173 100 181 232 125 103 376
 136 120 261 238 288 305 173 110 300 72 137 154 62 45 209 199 48 273 46 245 1 356 219 82 113 372 243 141 246 106 273 151 171 79 98 75 259 116 151 115 146 214 207 277 106 185 207 113 171 171 285 263 229 172 39 84 190 172 252 131 198 76 179 81 236 256 276 344 250 286 171 163 268 247 147 202 324 225 159 196 291 113 85 218 81 201 210 114 146 174 47 348 114 118 286 221 234 48 193 73 192 175 289 217 239 152 20 286 296 128 184 77 192 261 223 267 239 199 239 67 305 168 72 217 183 165 234 211 109 349 177 147 197 161 295 84 211 201 77 116 121 301 313 226 89 20 81 128 236 103 188 255 64 245 265 284 116 133 86 141 263 238 99 232 145 294 234 301 116 138 292 123 8 58 260 256 175 165 251 172 303 54 203 88 104 185 298 145 168 181 164 254 239 25 193 280 203 168 311 82 102 215 177 19 285 79 184 240 337 240 294 136 191 177 149 223 55 144 144 320
 429 275 96 165 86 363 257 248 78 308 491 244 353 319 298 268 353 148 359 183 356 1 241 284 373 23 176 440 130 275 99 429 301 422 393 340 220 363 274 296 498 172 181 226 311 303 382 414 312 187 118 140 302 289 325 316 424 483 374 444 256 371 203 337 145 243 85 35 356 118 438 313 252 132 433 180 54 213 390 364 175 289 410 178 428 187 290 394 454 227 397 21 266 291 83 136 244 311 360 395 346 295 371 270 368 408 349 156 272 303 389 355 178 96 210 185 157 184 166 291 61 391 414 385 182 226 166 277 250 25 253 439 277 213 65 309 148 167 432 246 469 154 74 200 350 348 284 234 193 366 188 281 305 268 229 128 254 326 397 286 107 351 386 126 495 126 128 60 262 489 92 477 352 302 131 266 216 439 173 191 130 347 281 270 308 233 77 359 323 180 274 244 288 375 366 352 255 190 56 437 359 377 435 359 73 407 392 124 26 369 75 485 189 194 226 158 317 215 238 309
 219 232 172 79 225 140 47 146 165 148 322 71 177 176 58 294 248 264 192 266 219 241 1 200 305 263 67 231 118 116 146 213 298 297 305 159 43 301 70 250 323 221 222 60 121 68 372 213 82 159 253 102 339 290 181 140 193 272 135 242 284 185 78 153 219 39 166 251 118 254 216 300 52 114 220 82 243 29 165 127 91 240 225 233 257 73 318 190 247 58 264 224 214 247 219 164 304 194 351 213 342 65 140 309 386 187 202 99 84 267 361 169 101 174 269 68 87 79 245 178 182 162 290 146 183 71 239 37 141 249 263 227 299 200 207 236 171 106 284 129 291 111 171 43 274 201 198 176 266 165 88 56 211 40 48 260 198 113 208 82 211 111 187 154 315 124 187 212 212 314 151 309 220 195 235 47 67 219 264 112 126 248 306 164 120 40 165 138 310 171 60 37 53 224 355 122 288 136 227 291 289 137 210 233 183 295 363 192 236 387 223 306 83 96 202 95 164 163 214 117
 204 47 191 191 210 316 159 57 237 85 217 130 115 68 212 129 70 192 109 164 82 284 200 1 109 298 201 211 188 93 210 215 112 139 117 116 232 103 145 55 227 133 125 252 123 192 176 181 183 98 205 212 167 109 70 106 243 247 276 205 125 136 136 119 156 237 208 268 268 206 233 110 251 191 213 154 247 195 206 226 251 48 160 137 163 157 146 174 219 145 116 278 34 55 209 149 159 38 156 146 149 179 305 147 196 208 84 241 282 73 162 127 138 190 144 230 189 153 157 33 238 214 131 250 105 132 152 206 61 274 102 215 129 80 221 38 137 145 153 72 202 256 250 192 79 83 3 51 155 153 139 248 22 234 241 204 35 156 155 142 186 256 160 162 227 241 158 227 36 219 231 203 76 27 179 244 140 229 170 116 252 65 136 37 119 161 233 183 119 105 158 235 235 106 159 291 130 103 235 157 92 246 236 79 215 124 164 164 263 197 218 217 144 127 67 170 78 71 63 313
 243 99 285 299 291 409 261 164 337 169 191 235 173 141 309 138 66 252 157 216 113 373 305 109 1 384 309 245 292 192 311 260 97 93 32 185 339 13 244 78 206 205 195 358 208 286 98 220 274 196 274 318 148 106 138 187 301 268 361 232 144 188 244 190 232 342 306 351 357 275 280 84 356 295 254 262 329 302 271 306 359 86 188 203 168 264 135 224 247 251 99 371 111 83 292 244 178 113 89 180 93 275 396 151 135 263 130 348 387 73 73 188 245 285 187 338 296 260 220 128 334 280 88 327 194 239 217 306 168 359 133 252 131 162 309 73 230 251 130 179 195 363 350 299 31 130 110 151 204 215 247 349 95 337 348 269 127 239 194 238 269 345 211 260 211 347 246 315 115 201 332 183 107 111 252 347 247 273 225 223 358 63 134 142 206 266 333 256 82 199 257 341 335 129 87 384 148 207 320 129 17 325 286 95 310 68 73 251 350 136 301 205 251 234 149 276 154 172 136 415
 448 286 113 187 93 385 278 265 100 326 507 264 371 336 320 273 367 149 377 186 372 23 263 298 384 1 198 459 151 294 120 449 308 436 404 359 243 373 294 307 515 181 190 248 330 325 387 433 334 202 120 162 304 296 342 335 445 502 396 463 261 390 223 356 154 265 105 34 378 120 459 320 275 154 453 201 57 235 411 386 197 300 428 185 445 208 294 414 473 248 412 43 278 302 92 152 246 326 366 413 352 316 393 274 371 428 366 178 294 313 396 373 197 113 215 208 179 205 171 306 83 412 428 407 195 246 172 300 267 25 260 459 282 224 79 322 162 187 448 263 486 176 96 222 362 364 298 248 197 386 209 303 319 290 252 129 267 346 416 307 116 373 405 143 512 148 141 73 274 506 114 493 368 317 137 289 237 459 176 210 152 361 286 286 327 255 99 380 330 194 295 267 310 392 372 374 260 207 65 452 370 399 456 375 91 420 399 136 36 372 84 502 210 213 238 179 335 230 250 331
 273 223 113 18 167 196 91 146 99 176 362 93 214 199 124 269 262 214 227 224 243 176 67 201 309 198 1 284 57 140 82 269 281 320 316 198 54 303 113 243 365 182 185 69 161 131 362 263 142 131 198 37 314 271 206 175 255 327 200 293 258 227 67 193 172 74 103 187 182 199 275 287 87 53 275 49 180 39 224 191 51 233 268 194 296 46 294 240 300 72 289 158 205 239 160 117 270 208 340 255 328 125 200 282 368 245 229 45 116 258 356 211 69 115 233 32 27 50 201 188 117 223 313 211 151 80 196 103 144 185 240 282 276 175 145 238 128 67 315 133 334 59 105 26 279 228 200 164 226 213 64 110 218 95 65 207 188 165 253 127 157 176 235 103 359 61 138 150 202 356 85 348 242 205 184 96 69 277 219 90 66 260 282 170 159 69 100 195 298 139 109 75 114 254 344 181 260 111 165 322 293 203 270 254 120 314 358 141 172 369 163 349 59 76 182 44 191 145 196 155
 13 255 348 288 388 245 194 209 370 141 122 198 99 145 188 336 185 391 104 370 141 440 231 211 245 459 284 1 313 168 344 27 311 169 222 105 272 251 172 253 115 332 326 285 130 167 342 31 151 273 397 316 368 311 142 127 78 44 181 20 334 77 238 106 348 259 355 436 190 397 43 302 264 312 17 262 420 252 75 131 321 250 58 339 85 256 349 46 17 218 149 427 244 256 385 316 369 174 330 68 330 167 224 354 377 51 130 326 281 267 317 91 263 349 352 297 293 258 358 183 381 83 169 136 293 216 353 203 204 439 312 10 335 281 386 223 311 274 132 203 89 339 380 260 226 131 209 243 362 75 253 237 198 236 274 398 241 121 57 159 366 181 56 319 104 344 335 392 246 109 358 114 148 185 371 246 227 35 374 252 350 193 341 197 133 217 369 95 307 286 177 257 219 119 330 223 339 260 405 138 238 140 53 155 369 188 316 341 426 378 392 97 252 247 271 285 139 251 271 287
 302 198 57 41 111 252 128 139 58 188 375 116 231 205 173 230 255 160 240 174 246 130 118 188 292 151 57 313 1 152 33 301 248 320 304 216 110 284 145 220 381 135 140 123 184 175 331 288 184 99 143 34 273 237 211 193 295 356 252 319 218 247 76 213 121 130 49 135 234 144 310 256 143 6 306 52 126 90 261 236 88 210 288 146 310 58 255 268 328 98 291 115 183 215 104 68 225 204 309 273 296 166 255 240 332 279 235 69 171 232 329 231 55 59 186 81 32 56 150 183 70 262 312 258 112 98 146 153 138 135 203 312 237 141 90 221 81 46 322 131 350 81 69 76 264 234 187 142 178 239 62 166 207 150 121 152 166 197 274 157 101 228 260 51 376 57 86 96 179 372 48 361 244 199 130 152 88 311 168 75 68 251 243 163 181 104 57 230 267 102 145 131 168 261 314 236 219 86 111 327 276 250 306 253 66 309 331 88 121 333 107 366 62 71 151 29 200 121 165 210
 158 134 182 136 222 224 71 53 209 38 225 49 80 62 121 211 134 231 90 216 106 275 116 93 192 294 140 168 152 1 182 161 202 184 190 66 154 189 54 147 230 173 169 173 43 100 268 141 92 110 232 163 253 197 68 43 172 210 185 171 204 97 78 63 185 154 191 270 177 233 175 201 166 152 164 103 253 120 134 140 186 139 137 183 160 100 231 123 181 69 152 263 117 146 218 149 233 80 248 122 241 87 213 228 287 145 91 183 197 164 253 81 99 183 206 163 138 100 201 65 218 139 177 165 132 61 195 116 47 273 180 169 213 129 219 127 145 109 177 40 199 198 220 122 161 90 91 93 211 95 91 159 99 146 162 235 104 72 123 50 200 165 113 153 225 193 169 225 116 221 198 211 106 82 208 157 72 173 218 85 202 133 220 58 39 80 207 105 210 123 67 152 145 116 251 199 208 94 238 183 176 159 174 119 203 181 254 175 260 289 225 215 92 83 124 126 53 92 130 225
 333 214 42 69 91 276 159 164 29 217 403 147 261 232 203 235 278 149 269 169 273 99 146 210 311 120 82 344 33 182 1 332 258 344 325 247 132 302 176 236 410 136 143 143 215 206 342 319 215 115 127 50 277 247 239 223 326 387 280 350 223 278 107 243 117 154 23 106 263 128 341 267 166 35 337 83 99 118 292 267 99 227 318 146 339 90 260 299 359 129 316 84 200 231 84 72 225 229 319 303 306 197 281 244 339 311 263 78 191 247 342 261 84 44 186 100 60 87 146 209 39 293 337 289 122 129 143 182 164 104 211 343 243 154 65 241 87 74 349 158 379 85 41 104 284 261 209 162 175 270 93 191 230 176 143 137 185 228 304 189 88 257 291 54 405 54 82 69 196 401 23 389 270 223 120 177 119 342 162 102 65 273 249 188 212 136 26 262 278 114 176 155 195 289 325 262 224 108 84 354 295 280 338 279 39 332 345 83 91 340 85 395 93 100 165 60 228 141 179 230
 20 260 339 273 382 220 179 206 358 139 147 186 101 148 167 342 197 389 110 370 151 429 213 215 260 449 269 27 301 161 332 1 319 189 238 103 253 265 158 260 141 330 325 265 121 147 356 41 132 269 392 302 376 319 146 122 53 61 156 46 339 80 227 102 344 238 345 427 165 393 21 312 243 300 11 250 412 235 52 107 303 257 74 338 106 244 357 42 41 204 166 415 248 263 378 309 373 179 343 80 342 148 198 360 389 27 138 309 258 276 332 90 253 340 354 279 279 246 357 186 370 59 188 111 290 204 351 183 201 430 316 19 342 281 377 231 305 264 153 198 114 321 367 244 238 139 213 242 363 68 242 215 204 215 254 395 243 106 67 145 360 156 56 311 129 329 329 383 249 134 345 139 158 190 367 225 214 15 373 243 334 204 348 197 124 202 357 76 318 283 161 236 197 131 343 198 344 254 397 159 251 115 29 167 359 206 331 335 416 390 385 123 241 237 272 273 140 248 273 263
 305 69 225 267 216 423 262 156 281 197 281 232 221 176 319 42 130 166 210 128 171 301 298 112 97 308 281 311 248 202 258 319 1 185 127 225 323 85 252 60 295 131 122 342 234 301 85 282 293 152 192 280 59 13 176 217 351 341 386 301 51 240 224 229 157 332 248 275 378 192 338 15 347 253 316 234 252 287 316 337 328 66 255 125 245 240 41 279 316 241 180 303 87 59 219 187 82 143 62 243 49 288 414 54 89 315 182 314 379 44 89 234 213 224 98 312 262 234 138 144 273 324 178 362 138 228 137 311 162 284 50 316 35 108 240 89 172 216 216 173 279 327 293 279 95 181 115 122 116 261 221 350 117 335 333 185 101 268 255 251 196 366 265 205 299 304 182 244 88 289 280 271 164 133 172 343 232 333 137 194 316 122 37 145 230 259 276 293 23 148 265 331 339 194 68 399 54 172 246 217 91 357 343 158 247 160 92 184 277 90 227 291 226 209 100 241 187 138 87 414
 170 159 328 314 348 374 250 182 372 150 99 232 129 123 283 222 71 321 111 289 79 422 297 139 93 436 320 169 320 184 344 189 185 1 63 146 337 104 228 144 113 267 258 355 181 259 186 150 244 236 339 339 239 191 117 159 237 184 317 153 226 134 255 152 291 334 345 406 318 339 209 172 345 321 181 278 385 303 214 260 369 148 116 268 86 278 224 162 167 252 34 416 162 149 347 287 262 116 181 114 185 250 357 237 226 200 96 363 373 149 159 142 266 328 262 345 315 276 287 137 374 224 9 277 243 242 283 287 182 413 209 177 217 216 359 120 275 275 41 191 105 378 385 304 91 97 139 189 277 163 263 331 118 321 343 336 171 204 128 218 324 306 151 300 119 369 296 365 166 108 365 90 79 122 314 332 253 201 296 246 379 78 221 158 180 263 369 209 172 244 240 332 314 76 178 349 230 238 374 37 95 278 217 68 353 26 157 302 401 227 356 113 267 252 202 298 133 209 193 394
 221 119 302 306 313 401 260 170 351 162 161 236 159 133 303 167 57 277 142 242 98 393 305 117 32 404 316 222 304 190 325 238 127 63 1 172 341 43 241 99 176 227 218 360 200 280 125 198 266 211 298 328 179 135 129 178 283 242 349 207 172 171 250 178 254 342 322 373 347 299 258 114 355 307 232 269 350 305 254 293 365 106 166 226 142 271 166 205 222 253 74 389 128 105 313 261 208 111 118 159 123 269 386 181 164 244 117 357 385 98 98 174 254 302 214 343 305 268 245 129 351 264 59 314 212 242 242 303 173 380 160 229 161 181 329 85 247 261 101 184 166 371 364 304 44 117 118 164 230 199 254 346 99 335 349 294 142 229 173 233 289 335 192 275 181 357 265 334 132 171 346 153 94 112 275 345 251 251 250 232 368 58 164 147 198 267 348 242 113 215 254 341 331 110 116 376 177 219 341 99 38 312 266 81 327 38 96 270 370 165 322 175 259 242 167 286 146 185 156 412
 96 162 246 197 285 231 114 105 274 37 165 106 19 50 139 244 119 287 36 268 75 340 159 116 185 359 198 105 216 66 247 103 225 146 172 1 201 186 90 166 169 228 223 218 39 114 275 77 99 169 292 225 281 223 51 24 128 147 178 106 240 32 142 7 244 194 256 334 176 293 120 220 204 216 103 166 317 172 92 123 241 161 73 236 100 162 260 62 118 127 114 328 148 167 281 213 273 83 258 59 255 106 215 262 302 93 56 241 230 183 254 16 164 247 252 217 200 163 255 85 283 100 141 144 189 122 249 144 100 337 216 107 244 179 284 138 207 174 127 99 137 255 284 177 158 56 114 140 261 38 155 187 109 179 206 294 142 60 58 77 262 164 50 217 162 255 231 290 149 160 263 152 80 93 267 190 133 116 271 150 262 123 251 95 40 132 272 73 227 182 100 192 170 71 259 206 245 156 302 134 172 142 122 93 268 151 254 237 324 304 289 153 156 148 170 189 39 147 171 250
 261 260 166 71 219 145 88 177 145 188 364 107 219 215 92 314 285 267 234 275 259 220 43 232 339 243 54 272 110 154 132 253 323 337 341 201 1 334 112 279 366 232 235 21 163 107 401 255 123 176 251 84 360 314 221 181 230 313 158 284 304 227 100 195 224 24 154 235 139 252 255 327 34 105 261 92 230 38 204 162 54 269 267 244 299 85 339 232 289 89 304 201 242 276 213 169 319 231 379 256 368 107 152 328 410 228 242 68 63 295 391 212 113 168 282 36 79 92 252 213 164 201 330 178 198 101 247 72 172 232 284 269 320 220 196 269 179 115 325 161 334 76 148 45 308 241 230 202 277 207 104 62 245 50 13 260 225 155 251 125 210 136 230 155 358 97 190 201 239 357 131 351 259 231 237 47 94 259 271 131 96 284 327 197 162 75 146 179 337 186 102 25 71 265 383 133 306 154 216 332 323 169 249 272 171 334 393 194 219 412 215 348 98 115 224 95 204 185 237 102
 249 90 276 292 281 409 258 159 328 169 202 231 176 141 308 126 69 241 161 204 116 363 301 103 13 373 303 251 284 189 302 265 85 104 43 186 334 1 242 68 216 194 185 354 208 286 92 226 274 188 263 311 137 94 138 187 306 276 362 239 132 192 238 192 221 338 297 341 357 264 285 72 352 288 260 256 318 298 274 308 353 76 194 192 176 259 124 229 254 247 107 361 103 73 282 235 166 112 81 186 83 273 396 139 127 268 133 342 383 61 69 191 238 275 175 332 290 254 209 125 325 283 98 329 184 234 206 304 163 349 121 258 119 152 299 67 220 244 140 174 204 357 341 294 30 133 105 143 192 218 241 347 91 334 344 258 119 240 199 236 258 345 215 251 221 339 237 304 107 211 324 193 110 108 241 344 242 279 213 216 351 64 122 138 206 262 324 258 70 190 255 337 333 135 80 384 136 200 310 138 15 327 291 99 300 78 69 241 339 128 291 214 245 228 139 270 154 164 126 413
 161 185 188 116 236 172 25 98 201 81 254 34 108 109 68 257 184 258 123 250 151 274 70 145 244 294 113 172 145 54 176 158 252 228 241 90 112 242 1 198 256 205 203 129 52 51 320 151 48 139 254 145 301 246 114 71 152 215 139 181 249 117 73 85 211 106 190 275 128 255 166 252 118 143 164 94 262 83 117 102 153 190 158 216 189 87 279 128 188 48 196 259 167 197 231 165 275 132 300 146 293 37 163 274 339 136 134 155 146 216 306 101 102 189 245 129 122 91 232 118 214 119 222 127 163 51 226 63 92 276 226 170 261 169 226 180 166 111 215 82 224 169 210 90 214 133 143 137 247 101 88 107 152 95 117 259 153 53 142 15 217 117 123 162 249 173 187 232 165 247 188 241 153 135 232 106 59 167 250 99 179 185 268 110 51 46 200 86 262 153 14 104 92 155 303 148 253 117 246 222 229 120 163 166 206 229 307 193 263 340 237 239 86 88 167 117 97 130 175 172
 247 23 209 231 215 369 211 105 261 138 235 181 162 117 266 86 79 180 152 146 115 296 250 55 78 307 243 253 220 147 236 260 60 144 99 166 279 68 198 1 248 129 120 298 176 246 124 224 237 122 200 248 117 59 117 158 292 285 329 244 86 182 180 170 156 286 230 275 322 201 279 56 300 223 258 195 253 242 257 279 292 10 198 128 192 199 97 220 259 193 132 294 39 7 216 168 122 84 103 186 95 233 359 103 142 256 124 280 332 19 114 175 176 208 119 273 227 194 147 86 258 265 136 303 117 180 144 259 110 283 67 258 83 86 233 31 153 181 170 122 228 294 274 237 57 123 57 80 135 202 180 299 58 285 289 196 56 210 197 196 192 310 206 184 250 275 170 238 42 241 258 224 108 74 177 295 186 275 154 154 286 71 89 89 173 210 257 235 65 123 211 284 288 138 106 345 91 136 244 171 63 299 284 104 233 122 116 174 273 143 225 241 186 168 73 207 128 100 59 364
 123 259 403 364 432 358 280 252 437 194 16 273 152 180 290 330 170 417 142 388 146 498 323 227 206 515 365 115 381 230 410 141 295 113 176 169 366 216 256 248 1 359 351 381 206 267 297 117 250 315 430 392 350 300 174 191 192 102 295 96 332 140 307 174 381 356 416 487 302 431 155 283 364 381 131 332 468 338 186 242 408 249 99 363 71 329 335 140 103 294 117 488 256 253 430 365 369 193 293 111 298 263 337 346 338 163 150 409 385 256 269 156 327 403 364 384 367 329 383 211 444 195 119 250 328 289 378 302 249 492 314 123 326 306 438 220 355 337 80 254 33 423 449 344 201 152 226 273 378 160 320 341 207 336 369 429 261 213 116 243 408 292 138 373 13 422 379 444 260 10 427 25 152 203 405 347 300 147 394 309 430 178 330 231 207 299 435 198 284 326 265 354 322 125 290 335 337 310 455 79 206 253 165 149 427 139 267 384 480 339 439 19 321 311 293 355 182 288 287 396
 323 110 98 165 88 360 203 125 154 192 349 174 234 190 262 102 197 61 233 47 214 172 221 133 205 181 182 332 135 173 136 330 131 267 227 228 232 194 205 129 359 1 10 249 215 253 214 302 252 67 73 168 143 119 194 209 344 371 341 329 90 255 145 228 28 248 121 148 327 74 345 142 262 139 331 142 125 201 306 306 221 123 287 13 294 150 127 289 342 172 247 173 106 124 90 68 92 168 191 272 177 240 357 109 206 316 214 203 294 134 218 242 122 96 53 211 157 144 28 153 145 311 259 331 43 161 22 247 130 156 82 334 110 54 110 148 55 118 285 134 334 214 167 189 185 212 134 90 46 263 134 276 153 260 243 71 99 243 279 211 66 317 277 86 359 186 54 114 102 351 156 336 209 157 48 265 159 343 46 112 198 190 116 136 211 188 150 277 152 54 213 247 271 237 197 339 90 90 117 288 192 324 346 212 118 247 222 56 148 207 98 349 140 127 67 138 194 83 75 332
 317 101 106 169 98 360 202 120 162 187 341 173 228 183 262 94 189 67 227 48 207 181 222 125 195 190 185 326 140 169 143 325 122 258 218 223 235 185 203 120 351 10 1 252 211 251 205 296 250 66 82 173 136 110 188 204 341 365 340 323 82 250 146 223 37 250 129 157 327 83 340 133 264 145 325 144 135 203 302 303 226 114 280 14 286 152 119 284 336 171 239 182 97 114 99 73 87 161 182 266 169 238 357 103 198 312 207 208 296 124 209 237 123 104 49 215 162 146 34 146 153 308 250 328 41 161 28 247 125 166 73 328 102 47 119 139 59 121 276 130 327 220 174 192 176 205 126 84 45 258 136 277 145 261 246 80 91 240 272 209 76 317 271 92 351 192 62 124 94 343 164 328 201 150 58 267 159 338 50 112 204 181 108 130 207 188 158 273 143 53 212 250 272 230 188 340 82 89 127 280 182 322 341 203 126 238 212 64 157 199 108 341 141 128 59 142 188 78 66 334
 274 280 178 86 231 138 106 196 152 207 380 126 236 234 101 333 305 282 251 292 277 226 60 252 358 248 69 285 123 173 143 265 342 355 360 218 21 354 129 298 381 249 252 1 180 119 420 269 135 195 265 94 378 333 239 199 239 326 159 298 322 243 120 212 240 28 165 243 140 266 266 346 29 118 273 111 240 57 215 170 53 289 283 261 315 104 358 246 302 109 323 206 262 295 225 185 337 250 398 272 388 120 148 347 430 239 260 71 49 315 411 228 132 181 299 44 94 110 269 232 172 212 348 183 216 121 264 83 192 239 303 281 339 239 207 288 195 133 343 181 349 75 153 64 328 260 250 222 294 222 123 62 265 54 13 274 245 170 266 142 223 138 245 170 373 101 206 211 259 372 138 367 278 250 251 47 113 270 287 150 98 304 346 217 179 94 154 191 357 204 119 30 75 283 402 129 325 173 226 350 342 175 259 291 181 353 413 209 227 431 227 364 117 134 243 112 223 205 256 88
 119 167 220 162 262 202 76 93 242 41 203 70 57 69 104 247 145 272 73 258 106 311 121 123 208 330 161 130 184 43 215 121 234 181 200 39 163 208 52 176 206 215 211 180 1 81 293 105 67 151 274 190 287 230 72 23 131 173 155 136 241 67 109 34 227 156 226 308 150 275 133 231 166 184 124 133 292 134 92 104 203 169 108 224 138 128 266 85 145 91 148 298 151 176 258 189 271 98 274 96 269 70 189 265 316 103 87 204 193 194 275 51 134 221 246 179 166 130 242 91 252 98 175 129 174 88 236 107 87 310 217 130 249 170 257 152 186 145 165 82 174 218 252 139 179 87 120 132 252 56 123 151 123 142 167 277 141 35 93 39 240 138 77 191 199 219 210 264 151 197 230 190 109 105 249 153 98 133 259 123 226 147 256 92 5 94 240 64 240 165 62 154 134 106 276 177 245 135 277 172 194 124 133 122 240 184 275 215 297 318 265 189 123 118 164 157 55 134 168 215
 156 233 225 140 275 125 52 148 227 119 268 79 132 147 26 307 224 303 149 298 185 303 68 192 286 325 131 167 175 100 206 147 301 259 280 114 107 286 51 246 267 253 251 119 81 1 367 153 18 186 297 166 350 295 152 103 126 208 90 180 299 133 113 108 257 92 223 309 78 298 149 300 98 172 155 129 298 94 98 62 158 238 170 264 205 120 329 129 184 85 227 286 216 245 270 207 325 175 347 161 340 14 114 324 387 122 167 167 119 264 351 121 142 226 294 135 147 126 279 164 243 95 254 84 211 93 273 37 142 309 276 163 310 219 262 226 210 150 239 132 235 178 234 106 257 166 190 186 295 108 128 75 197 70 107 303 202 57 153 51 258 67 130 202 258 190 230 268 214 259 214 255 188 179 276 81 98 153 297 143 193 226 317 158 82 73 227 73 310 200 40 90 57 184 350 100 303 164 282 247 272 77 143 202 239 263 352 235 295 388 275 249 124 130 216 149 134 179 225 136
 339 141 308 348 297 490 333 228 364 253 282 304 265 227 387 115 160 241 251 203 207 382 372 176 98 387 362 342 331 268 342 356 85 186 125 275 401 92 320 124 297 214 205 420 293 367 1 316 357 234 269 362 93 96 225 272 396 365 447 329 127 282 302 279 239 408 331 354 441 269 376 77 423 336 350 314 332 364 363 394 410 133 285 206 265 319 96 319 344 316 196 385 160 126 300 271 147 196 24 277 37 354 479 116 44 358 223 396 455 107 29 280 294 307 174 392 344 314 217 204 356 373 183 417 221 303 217 381 233 364 133 349 106 191 322 142 256 297 225 244 290 409 377 358 119 222 178 200 192 308 300 422 171 408 411 261 176 325 290 316 278 429 305 289 304 387 265 326 163 293 364 275 200 189 252 417 309 370 213 273 399 154 103 211 289 333 360 346 66 231 333 407 410 225 19 466 128 253 327 222 106 414 382 190 330 162 32 268 357 44 308 298 306 288 182 323 240 218 168 487
