NAME : domp200p66v9
COMMENT : (Deleplanque et al.) 
TYPE : DOMP
DIMENSION : 200
DISPLAY_DATA_TYPE: NO_DISPLAY
OPEN_FACILITIES : 66
COST_SECTION
 1 175 41 258 108 73 88 256 290 116 190 206 176 80 128 198 124 259 81 255 76 78 244 186 122 225 170 115 112 114 142 198 72 180 150 200 22 253 169 186 178 19 166 150 179 86 110 55 155 233 123 166 160 221 173 72 116 126 112 190 211 222 227 197 212 278 68 92 263 148 229 163 158 167 121 181 168 96 221 134 180 257 210 237 102 233 210 191 140 222 200 312 259 212 96 281 180 267 237 51 181 157 262 169 240 105 264 230 103 65 63 268 187 244 29 296 177 49 175 241 228 245 71 99 226 181 63 135 222 174 242 249 274 166 123 224 195 211 226 71 249 160 184 270 151 228 155 199 183 142 290 158 182 104 116 60 41 75 225 89 183 292 130 256 101 123 139 22 187 237 249 106 283 105 118 144 171 91 99 243 77 223 133 112 226 186 124 195 136 261 134 162 181 104 215 252 100 140 111 177
 175 1 135 368 239 218 112 260 399 267 289 376 172 100 293 369 288 247 200 202 222 251 287 347 176 289 307 158 137 254 127 218 108 167 40 362 159 223 277 267 284 182 336 184 220 90 121 226 89 287 97 306 132 241 256 147 289 57 280 362 279 227 268 357 364 365 121 258 374 316 292 82 42 135 180 349 94 156 215 211 306 259 85 293 254 372 296 362 309 395 356 397 122 346 146 373 327 185 410 133 232 43 256 162 362 161 373 403 241 231 174 383 92 234 178 362 196 178 192 414 176 364 203 231 399 277 232 308 135 324 411 279 323 338 81 350 367 329 312 147 174 152 355 295 41 290 142 177 200 43 363 151 173 144 84 203 214 150 261 263 272 379 222 235 225 270 311 172 352 272 142 278 378 74 220 228 109 157 263 366 142 396 234 238 100 277 175 37 207 434 108 16 256 154 352 321 142 191 143 214
 41 135 1 277 130 98 60 246 309 146 203 245 160 43 165 237 160 245 94 232 102 117 244 221 114 229 196 104 92 140 117 190 36 162 111 236 28 235 184 193 193 50 204 140 175 47 85 93 123 235 93 193 134 213 181 60 156 87 149 229 216 210 225 232 244 291 39 128 282 185 233 129 119 143 116 219 135 87 207 136 203 246 174 240 132 261 220 230 178 262 233 325 222 238 80 295 210 239 277 27 179 118 250 150 262 96 283 270 128 102 67 289 153 230 51 303 167 61 164 280 204 266 90 121 266 193 101 174 192 205 280 245 276 205 89 247 234 231 237 60 221 141 222 265 112 231 133 179 171 104 299 139 165 88 81 82 81 64 221 129 193 305 138 240 118 151 178 43 224 233 216 145 298 65 129 151 141 82 134 266 63 263 144 131 190 197 115 155 137 301 105 122 187 91 242 259 84 135 95 171
 258 368 277 1 336 186 335 194 34 316 80 296 433 315 292 294 291 217 184 272 306 225 135 146 194 104 96 372 232 331 249 454 310 436 330 151 253 242 95 106 86 239 190 191 433 299 248 220 395 120 368 103 252 175 114 230 251 348 186 214 106 196 142 140 114 55 315 192 7 180 106 301 330 419 377 297 293 353 210 158 79 197 340 114 163 73 80 280 278 276 125 74 371 66 225 46 106 310 286 300 149 329 210 226 30 362 7 265 327 273 211 18 309 215 282 97 433 217 432 286 267 24 314 331 289 92 264 217 306 116 203 155 123 265 360 46 218 48 69 327 297 415 201 163 368 107 239 234 192 360 84 413 438 360 286 199 237 226 151 227 98 60 148 230 160 144 256 278 162 149 333 211 41 304 362 391 282 348 181 32 333 258 137 148 345 93 194 364 162 270 264 363 118 216 71 90 355 395 367 170
 108 239 130 336 1 163 129 363 368 39 281 162 146 145 79 154 75 366 181 360 34 113 347 225 229 324 242 99 218 18 246 140 138 153 230 234 127 360 258 284 268 122 185 257 114 168 213 119 179 335 152 235 263 328 272 179 106 183 156 193 311 329 331 236 260 368 122 146 341 178 329 256 239 161 83 132 263 90 328 237 258 364 298 338 175 293 304 155 102 193 245 400 346 280 202 368 240 368 205 115 286 238 369 275 313 90 343 207 11 65 169 343 280 351 83 391 129 154 130 209 332 319 41 10 190 275 74 145 321 231 250 354 374 138 164 296 195 290 319 94 350 142 194 374 203 327 260 305 290 198 384 141 152 104 209 155 105 182 330 114 279 381 231 363 195 194 119 91 217 341 344 133 368 187 38 63 270 87 157 315 98 203 230 202 315 281 231 269 241 240 234 224 282 211 280 349 104 90 109 283
 73 218 98 186 163 1 155 213 218 154 121 202 248 139 148 196 144 221 30 235 130 70 188 131 91 163 100 187 106 163 138 269 133 252 185 146 72 224 99 122 109 55 127 116 249 132 114 47 220 174 189 97 153 177 110 74 116 180 71 157 149 184 173 141 149 209 134 52 191 105 168 179 189 237 192 185 178 168 187 82 109 214 227 177 37 164 143 184 147 206 140 242 273 142 88 211 114 257 222 118 130 188 222 149 168 177 192 208 155 102 46 196 198 208 98 230 249 41 247 224 212 173 133 155 214 114 93 111 222 109 199 197 213 159 185 153 163 139 159 143 238 231 147 217 204 166 144 177 147 195 223 229 254 175 141 16 59 73 173 80 117 223 72 223 33 55 135 93 137 184 252 83 212 145 182 210 176 163 51 171 149 200 69 41 240 120 93 228 88 235 140 208 121 89 146 188 171 210 183 134
 88 112 60 335 129 155 1 290 368 158 261 273 105 29 187 265 182 286 152 262 113 161 295 274 165 284 254 58 135 144 151 141 29 106 106 287 84 271 242 250 252 104 251 188 132 57 123 142 68 288 36 251 166 260 237 113 190 55 199 273 271 254 276 285 299 348 22 179 341 234 288 142 116 85 78 244 152 49 248 191 261 290 176 293 188 318 277 260 205 296 287 382 223 296 129 353 266 260 310 38 231 115 292 189 321 56 341 306 131 129 126 347 165 271 78 359 117 119 114 314 233 325 94 121 297 251 133 217 209 260 326 294 329 238 39 306 277 290 294 36 244 85 268 314 76 286 169 216 217 70 355 82 110 41 100 140 126 117 272 171 250 363 195 278 177 208 212 76 274 284 228 190 356 71 111 123 162 48 187 324 32 300 202 189 194 254 166 142 191 338 134 96 242 140 300 314 38 94 45 220
 256 260 246 194 363 213 290 1 212 363 144 406 393 263 359 401 356 25 187 88 330 282 60 283 135 93 210 345 156 367 143 430 263 392 224 296 239 55 157 116 153 242 309 108 419 235 168 258 325 76 310 217 132 37 120 188 326 271 269 341 97 37 56 286 271 157 277 257 199 289 90 179 220 365 360 393 168 330 46 132 192 4 196 81 225 246 125 388 358 401 274 177 208 222 167 169 238 128 415 270 85 219 16 104 209 339 195 398 357 309 195 211 173 30 283 130 406 210 403 417 97 207 326 354 412 138 302 312 146 244 359 40 85 365 295 210 347 186 129 304 120 372 328 42 281 89 125 85 76 274 138 370 397 328 198 214 266 185 50 291 127 166 143 40 184 220 343 275 298 47 165 289 177 227 371 395 153 326 251 214 306 390 152 185 193 130 133 239 126 416 163 263 108 156 231 108 324 379 334 81
 290 399 309 34 368 218 368 212 1 346 111 319 465 347 320 318 320 235 217 293 338 256 152 168 225 126 126 404 263 362 278 486 343 468 360 172 286 262 127 135 119 272 215 220 465 331 279 252 428 140 400 133 281 196 144 262 279 380 216 235 131 218 163 162 134 58 348 222 28 207 126 330 360 452 409 322 322 386 232 189 112 215 368 133 195 91 107 304 306 296 147 60 397 92 257 45 133 332 305 333 176 360 227 254 56 394 28 284 358 304 244 26 337 235 315 98 466 250 464 305 291 50 346 362 310 123 295 244 331 143 218 172 133 290 393 73 240 80 93 360 320 448 223 177 400 128 268 259 218 392 85 446 471 392 317 232 269 259 172 257 128 55 180 249 193 175 283 311 184 168 358 240 37 336 394 422 310 380 212 55 366 278 170 180 372 123 225 394 193 286 294 395 147 247 95 105 388 427 400 197
 116 267 146 316 39 154 158 363 346 1 268 124 184 169 41 117 38 368 177 370 46 93 342 195 232 315 222 135 226 23 257 177 162 192 253 203 136 366 245 275 255 124 153 259 150 188 225 108 213 327 184 214 274 327 263 186 74 211 132 158 302 331 326 207 231 352 148 127 321 149 320 274 261 198 121 94 280 124 332 234 240 364 318 330 159 268 292 116 65 154 217 383 367 257 209 350 216 381 166 137 282 261 371 283 291 125 323 169 31 55 171 321 298 355 97 379 167 156 168 170 342 297 65 43 152 263 62 113 336 207 215 350 366 101 194 274 159 271 306 123 363 179 160 370 233 319 270 313 292 227 370 179 190 139 226 150 98 189 326 91 268 364 225 367 186 176 84 104 186 337 362 107 350 208 76 99 285 120 137 293 128 165 222 191 335 270 234 294 238 202 248 252 274 217 256 338 137 128 144 283
 190 289 203 80 281 121 261 144 111 268 1 278 362 239 251 275 249 163 112 208 249 176 94 142 115 59 69 302 153 279 170 387 235 364 250 154 182 182 24 32 14 172 174 113 368 222 169 163 319 76 293 77 174 115 37 153 212 270 147 205 50 134 89 143 128 89 242 144 86 157 63 222 251 345 310 271 215 284 146 79 49 147 263 75 110 107 27 261 243 267 131 123 297 81 146 93 96 243 280 228 77 250 159 151 78 293 85 261 272 218 137 95 232 157 217 112 365 146 363 281 198 80 253 274 279 13 209 187 232 103 216 111 105 240 284 73 210 47 40 257 228 343 191 127 290 63 161 163 120 281 103 341 367 289 207 132 178 149 96 181 21 104 70 173 90 96 224 211 158 100 261 171 96 226 302 330 204 279 134 84 263 253 61 81 269 17 115 285 83 276 185 284 44 137 89 73 285 329 296 97
 206 376 245 296 162 202 273 406 319 124 278 1 306 278 87 9 92 417 230 436 162 137 368 152 292 335 213 257 302 145 335 295 269 314 355 149 224 424 258 297 265 204 107 317 268 290 306 165 333 351 303 205 351 370 289 263 92 323 138 85 323 381 358 158 186 344 258 152 298 122 339 366 362 321 244 31 368 245 386 279 235 408 413 351 182 229 304 19 68 38 173 369 462 231 283 338 193 457 45 244 322 362 417 350 267 247 302 56 154 146 238 294 388 406 200 380 288 226 289 49 413 273 183 166 30 278 145 95 419 184 124 382 382 44 311 252 81 261 313 239 438 302 96 400 346 339 343 378 346 339 369 302 312 260 320 207 169 264 361 125 287 353 265 421 225 187 69 205 135 369 447 120 335 309 198 217 369 241 157 266 245 56 255 222 428 287 294 399 285 85 332 362 302 287 227 348 258 251 265 330
 176 172 160 433 146 248 105 393 465 184 362 306 1 132 223 299 219 387 251 357 155 232 400 351 269 387 346 63 239 163 252 48 133 10 188 362 181 370 342 352 351 195 319 292 58 159 226 222 84 392 86 341 266 364 340 216 244 131 275 333 375 357 380 363 381 450 123 259 438 306 392 232 196 39 66 277 244 81 350 295 356 393 254 397 277 407 379 299 246 337 368 484 293 387 233 453 353 349 349 135 335 197 394 290 415 74 439 352 154 186 226 443 252 372 154 462 29 217 25 353 328 420 137 143 335 352 194 279 297 346 389 398 433 282 103 399 335 386 396 106 335 23 331 418 133 390 270 316 320 135 458 25 7 74 198 235 205 221 376 239 352 464 297 379 274 297 261 157 347 388 310 260 456 168 110 95 256 87 268 418 101 347 302 286 270 356 270 208 295 385 233 159 345 244 390 418 78 57 67 324
 80 100 43 315 145 139 29 263 347 169 239 278 132 1 194 270 189 258 132 235 124 157 269 263 139 259 237 86 108 158 123 169 9 132 86 277 70 243 221 226 230 92 245 161 160 29 95 134 82 262 55 234 139 233 213 88 191 47 191 269 246 226 249 274 286 325 23 170 320 227 263 117 95 109 104 250 126 74 220 167 242 262 155 268 174 302 253 264 210 298 275 359 202 279 102 330 252 234 312 35 205 94 264 161 301 82 320 307 145 133 104 327 140 243 79 334 145 100 142 316 206 305 106 136 300 228 134 213 184 246 321 267 303 240 47 287 273 270 270 54 218 111 263 287 72 261 141 188 189 64 330 109 136 68 73 124 120 92 245 168 227 339 171 251 157 193 214 74 265 257 205 185 334 45 132 148 136 72 176 305 53 300 179 170 172 231 140 126 166 338 106 86 218 114 283 289 65 121 73 193
 128 293 165 292 79 148 187 359 320 41 251 87 223 194 1 80 6 367 174 375 76 79 332 162 233 303 198 172 234 64 266 217 186 231 275 168 149 368 229 263 238 132 118 260 191 210 235 103 247 316 217 190 283 323 252 194 42 239 107 119 290 330 318 173 199 331 174 109 295 117 308 291 283 236 159 58 295 159 332 229 218 361 337 318 143 238 277 77 24 115 184 361 386 229 216 329 188 391 128 161 276 282 369 288 265 162 298 129 70 64 174 295 314 354 117 361 207 159 208 132 349 272 96 81 114 248 67 80 349 179 175 342 353 60 225 248 120 249 290 153 373 218 122 362 262 306 277 318 292 255 351 217 229 174 243 148 99 196 319 72 255 343 218 368 177 157 45 123 151 329 376 82 328 229 116 139 298 155 118 266 159 125 212 179 353 255 235 318 234 162 260 279 264 222 228 323 172 168 179 280
 198 369 237 294 154 196 265 401 318 117 275 9 299 270 80 1 84 412 225 430 155 131 364 150 286 331 210 250 295 138 328 288 262 307 348 148 217 418 254 293 262 197 105 311 261 283 299 159 325 347 295 202 344 365 285 257 85 315 133 85 320 375 353 158 186 342 251 146 297 119 336 359 355 313 236 23 362 238 381 273 232 403 406 347 177 229 300 15 61 43 172 368 455 230 277 336 191 450 52 236 317 354 412 344 266 240 300 61 147 138 232 293 381 401 192 378 281 219 282 56 407 272 175 158 37 275 138 90 412 181 127 377 379 38 303 250 82 258 310 231 432 295 96 396 339 335 336 372 341 332 366 294 305 252 313 201 163 257 356 119 283 351 260 416 219 183 63 198 134 365 441 115 334 302 191 210 363 234 152 265 238 60 250 217 422 283 288 392 280 91 325 355 297 280 225 345 250 243 258 325
 124 288 160 291 75 144 182 356 320 38 249 92 219 189 6 84 1 364 171 371 71 76 329 163 229 300 197 167 230 60 262 214 181 227 270 169 144 364 227 260 236 127 119 256 187 205 231 99 242 314 212 189 279 320 249 190 42 234 106 121 287 326 315 174 200 330 169 107 295 117 305 286 278 231 155 63 290 154 329 226 217 357 332 316 141 238 275 82 28 120 185 360 381 229 212 327 188 387 132 156 273 277 365 284 265 157 297 133 66 59 170 295 309 351 112 360 203 155 204 136 345 271 92 77 118 246 62 80 344 178 178 339 351 64 220 248 122 248 288 148 368 213 124 359 257 304 273 314 289 250 350 213 225 169 239 144 95 192 316 69 252 342 215 364 174 155 47 118 152 326 371 81 327 224 112 136 293 150 116 266 154 129 209 177 348 253 231 313 231 167 256 274 261 218 227 321 167 164 175 277
 259 247 245 217 366 221 286 25 235 368 163 417 387 258 367 412 364 1 194 65 333 290 83 300 138 114 228 342 154 371 136 426 259 386 213 313 240 32 173 133 171 246 323 110 416 230 164 266 316 98 303 233 123 50 136 189 336 262 280 356 117 38 77 303 289 180 273 267 222 303 112 167 207 357 358 403 155 327 39 140 210 21 179 103 236 267 145 400 367 415 291 200 188 242 166 193 256 105 429 269 98 207 11 98 230 336 218 412 360 314 199 233 158 16 284 154 402 214 398 431 78 229 328 357 425 156 308 324 127 261 376 64 109 376 287 231 361 206 150 302 99 366 343 65 270 111 118 73 77 264 161 363 391 325 190 221 272 185 69 300 145 189 154 17 194 234 353 277 314 69 144 299 201 220 372 394 140 324 262 236 303 404 164 196 174 148 136 223 134 431 155 251 124 156 251 131 321 376 330 89
 81 200 94 184 181 30 152 187 217 177 112 230 251 132 174 225 171 194 1 207 148 98 167 152 62 145 108 192 80 183 111 277 127 254 165 167 72 196 91 106 101 63 153 88 259 120 90 73 213 155 185 107 125 151 93 54 144 169 99 184 132 157 151 161 165 200 132 81 190 131 150 154 169 236 200 213 153 174 159 57 111 188 203 158 60 174 130 213 175 235 157 234 247 149 63 203 128 228 250 118 106 168 196 121 170 183 190 236 174 124 29 196 173 181 108 216 255 35 253 252 183 174 148 173 243 102 116 139 195 125 223 174 195 188 178 156 190 139 147 147 210 233 173 194 192 148 116 149 119 183 210 231 257 178 120 28 80 52 150 108 103 214 51 195 26 72 164 102 160 161 225 111 206 129 197 224 149 169 79 174 152 228 53 40 215 107 65 207 62 262 115 192 102 62 154 172 174 219 186 107
 255 202 232 272 360 235 262 88 293 370 208 436 357 235 375 430 371 65 207 1 330 302 143 335 145 169 266 319 144 368 116 399 238 355 173 350 235 34 213 177 213 247 351 121 393 207 148 275 280 155 273 271 99 98 176 184 349 228 302 384 168 77 132 340 331 240 254 286 277 330 168 127 166 324 338 418 115 308 64 163 251 85 125 161 259 314 196 419 380 439 330 263 125 288 161 253 294 41 454 253 134 165 76 89 282 316 274 438 357 317 203 289 111 60 278 217 375 217 372 456 30 281 321 351 448 199 312 344 70 297 411 125 172 394 255 280 389 254 204 284 35 336 371 129 231 166 101 59 95 227 224 334 360 302 163 231 277 182 123 313 188 251 179 49 215 261 369 270 348 127 81 317 260 192 360 379 102 305 282 287 285 430 192 221 116 193 143 173 156 461 130 209 166 154 296 190 299 355 306 116
 76 222 102 306 34 130 113 330 338 46 249 162 155 124 76 155 71 333 148 330 1 85 314 202 196 291 212 99 187 40 216 159 116 161 207 212 96 328 226 251 236 89 166 224 134 143 183 88 172 301 141 206 233 295 239 147 90 166 129 179 278 297 298 214 235 336 102 117 311 156 296 230 216 162 90 133 236 84 296 204 228 331 273 305 144 266 272 152 97 189 221 369 322 251 170 336 213 339 202 91 252 215 337 244 284 88 313 201 28 36 136 314 254 319 53 359 143 121 143 206 302 290 21 26 189 242 45 126 293 204 236 320 341 131 150 267 181 260 287 78 321 146 178 341 188 294 230 274 257 182 351 145 161 99 182 122 72 150 296 89 246 349 198 331 162 164 108 61 196 308 318 109 337 163 58 86 242 80 128 286 84 196 197 169 290 248 198 249 208 234 205 207 248 179 252 316 97 102 105 250
 78 251 117 225 113 70 161 282 256 93 176 137 232 157 79 131 76 290 98 302 85 1 254 120 158 225 131 171 166 107 199 242 149 237 225 131 93 293 153 185 163 71 91 185 217 162 170 29 228 239 196 124 215 246 174 128 48 203 45 113 213 253 240 132 152 259 142 35 230 76 231 231 231 232 168 117 233 154 256 151 148 283 279 241 67 182 201 120 78 148 138 291 327 168 147 258 129 321 163 126 198 231 292 215 202 160 232 154 103 50 103 231 253 278 85 287 225 90 224 167 278 207 98 108 154 172 41 58 283 120 166 264 276 95 198 184 118 180 215 135 303 219 108 284 227 229 207 244 216 219 278 218 238 165 187 73 38 128 241 13 178 272 140 292 99 84 69 87 117 251 311 30 259 180 142 170 233 148 45 203 142 147 134 102 294 179 161 269 157 184 196 238 186 151 168 247 162 184 173 203
 244 287 244 135 347 188 295 60 152 342 94 368 400 269 332 364 329 83 167 143 314 254 1 235 131 37 162 346 164 349 162 433 268 400 249 247 230 111 111 71 105 228 266 110 418 244 179 234 341 19 320 169 157 51 81 185 295 286 233 297 46 71 21 236 218 98 279 225 140 248 33 209 246 376 358 358 198 329 86 112 142 64 236 22 191 190 70 350 327 359 223 122 256 168 168 111 189 183 373 269 66 245 76 127 151 339 136 354 340 289 183 151 208 84 272 79 409 197 406 374 145 149 314 339 371 91 280 275 191 196 308 21 37 328 307 154 303 130 71 302 172 379 284 34 301 33 146 120 89 293 83 377 404 330 214 193 245 181 28 261 82 109 117 98 157 182 309 265 251 18 214 255 118 241 362 387 184 325 217 156 306 346 121 153 236 83 130 272 109 369 182 288 69 156 176 48 326 377 337 77
 186 347 221 146 225 131 274 283 168 195 142 152 351 263 162 150 163 300 152 335 202 120 235 1 203 199 74 290 230 215 259 360 256 356 314 17 194 314 128 169 132 172 48 219 335 261 241 133 340 217 309 67 271 251 164 203 123 307 77 69 191 266 230 13 38 195 253 95 148 48 204 305 319 349 287 155 303 272 276 175 94 286 353 215 94 80 166 136 144 132 23 219 396 81 213 189 47 364 143 236 205 318 297 258 117 279 151 123 215 168 175 144 323 291 201 234 343 170 343 144 318 123 217 222 145 146 159 84 339 40 77 252 242 124 308 101 74 114 172 252 347 338 57 268 331 203 260 281 241 323 221 336 357 283 270 145 150 201 235 114 157 204 158 307 131 81 120 201 18 240 370 94 185 274 258 286 298 267 88 116 259 116 145 121 364 154 205 357 182 135 265 337 177 211 76 206 279 302 290 220
 122 176 114 194 229 91 165 135 225 232 115 292 269 139 233 286 229 138 62 145 196 158 131 203 1 121 144 216 40 234 60 303 137 270 137 218 105 136 104 93 110 109 211 29 289 116 56 132 214 124 191 146 70 101 82 56 205 161 159 243 109 101 112 210 208 192 149 142 200 189 125 111 137 246 230 274 106 200 101 37 138 136 156 130 117 206 122 274 236 295 204 226 196 179 38 200 169 168 311 140 67 136 141 60 189 209 199 296 223 178 62 209 124 124 149 197 279 77 276 313 122 191 192 220 304 103 171 200 138 170 277 132 165 249 179 179 249 156 138 173 150 249 232 152 179 123 58 87 62 171 194 247 274 200 94 87 136 52 108 169 98 207 51 137 74 124 225 141 213 120 168 173 205 116 237 262 98 196 139 194 176 288 65 83 165 102 3 172 33 321 72 171 83 26 186 153 196 248 207 57
 225 289 229 104 324 163 284 93 126 315 59 335 387 259 303 331 300 114 145 169 291 225 37 199 121 1 127 331 158 324 164 418 256 389 250 211 213 139 77 41 70 207 232 107 401 236 174 208 334 19 311 134 163 72 53 172 265 281 201 262 14 93 39 200 182 79 266 195 110 214 6 214 249 366 342 326 204 314 107 94 106 96 247 17 161 155 35 317 296 325 187 109 273 132 158 89 153 207 338 255 58 248 108 134 117 323 106 319 316 263 165 121 218 111 252 76 395 177 392 339 165 116 292 316 336 57 255 242 207 160 272 56 52 296 300 119 268 95 37 286 194 367 249 70 298 5 150 135 96 290 74 365 392 316 211 170 220 168 47 232 49 92 95 127 131 150 278 246 216 46 233 224 96 236 341 367 191 309 186 123 291 311 95 125 250 49 121 278 94 333 182 288 44 147 141 32 312 361 323 77
 170 307 196 96 242 100 254 210 126 222 69 213 346 237 198 210 197 228 108 266 212 131 162 74 144 127 1 284 177 237 203 363 231 349 271 87 171 244 55 96 59 153 107 155 341 227 191 128 318 144 288 9 213 179 93 161 157 276 92 137 118 195 157 76 66 135 233 97 100 92 131 253 273 336 287 209 249 265 205 111 23 213 299 143 71 66 94 196 186 200 65 164 338 43 164 132 29 298 213 217 134 272 224 195 72 274 102 193 232 179 136 102 267 220 193 169 344 138 342 213 251 78 222 237 212 74 169 126 278 35 149 179 171 177 283 56 142 52 101 241 281 329 124 195 299 131 200 214 173 290 158 327 351 273 226 115 145 158 162 132 84 146 96 236 83 50 164 190 90 167 308 117 131 236 269 297 241 260 86 75 247 185 81 70 308 82 146 311 118 208 213 299 104 159 47 137 269 304 281 151
 115 158 104 372 99 187 58 345 404 135 302 257 63 86 172 250 167 342 192 319 99 171 346 290 216 331 284 1 190 116 208 88 84 67 161 302 121 328 282 295 292 134 259 241 75 114 179 161 84 337 62 279 223 314 282 162 187 104 214 275 318 309 327 302 320 391 70 197 377 246 336 199 170 65 23 228 209 20 304 238 295 345 230 342 215 345 321 248 193 286 307 425 275 325 181 394 291 317 299 78 281 170 348 245 354 12 378 299 105 127 168 382 221 327 92 405 64 158 62 303 290 359 79 93 285 293 134 221 266 284 331 347 378 229 78 338 278 325 338 46 301 49 273 367 118 334 226 272 271 116 400 48 69 18 158 174 143 166 323 179 294 405 239 335 214 235 206 95 287 335 284 199 397 128 68 71 220 25 207 357 42 294 244 225 248 297 217 192 239 332 191 143 289 192 328 361 22 37 16 272
 112 137 92 232 218 106 135 156 263 226 153 302 239 108 234 295 230 154 80 144 187 166 164 230 40 158 177 190 1 225 34 275 108 239 98 245 92 144 141 131 148 104 231 55 263 82 17 137 178 159 158 178 50 126 121 41 212 125 176 262 147 120 144 238 239 231 121 157 238 210 162 77 99 213 205 281 74 175 116 75 173 156 124 165 139 241 160 285 241 310 233 264 169 214 20 238 201 158 325 116 102 98 159 59 226 184 237 313 213 174 64 247 94 139 135 233 251 77 248 328 117 229 178 208 317 141 170 215 118 200 302 161 198 259 145 216 268 193 177 149 139 218 252 180 142 159 44 89 82 133 231 216 243 173 55 97 137 39 139 177 136 245 87 149 100 149 233 127 238 151 148 185 243 79 220 242 71 171 156 231 151 305 100 111 136 141 39 135 71 340 37 133 121 20 220 189 169 224 179 87
 114 254 140 331 18 163 144 367 362 23 279 145 163 158 64 138 60 371 183 368 40 107 349 215 234 324 237 116 225 1 254 155 151 170 243 223 134 367 256 284 266 126 174 262 128 180 222 118 196 336 168 230 272 332 272 186 94 198 148 180 311 334 333 226 250 365 136 141 336 168 329 268 252 178 100 115 274 106 334 240 254 368 310 339 172 285 303 138 87 176 236 397 359 273 209 364 233 378 188 127 288 251 374 282 307 107 338 191 14 62 173 337 291 357 92 390 145 158 146 192 341 313 53 24 173 273 71 134 331 224 236 356 375 123 179 290 181 286 318 109 360 159 181 377 219 328 268 313 295 213 382 158 168 121 220 157 105 189 332 106 278 377 233 369 195 190 105 100 206 343 356 125 364 199 54 77 280 103 151 309 113 187 230 201 327 280 236 283 244 224 244 239 282 217 273 348 120 107 126 287
 142 127 117 249 246 138 151 143 278 257 170 335 252 123 266 328 262 136 111 116 216 199 162 259 60 164 203 208 34 254 1 291 125 251 88 275 122 121 162 144 167 136 263 59 282 95 33 170 183 161 168 205 18 118 135 73 245 128 208 294 154 107 143 267 267 240 140 189 255 241 167 53 86 223 225 313 47 195 99 95 197 142 97 168 170 264 173 318 273 342 262 272 138 237 52 249 228 126 358 138 107 85 143 40 246 203 253 345 242 205 97 264 65 121 164 237 267 110 263 361 88 248 206 236 350 158 201 247 86 228 332 156 198 292 152 237 300 213 188 170 108 230 284 173 140 165 19 66 75 133 237 228 255 191 56 129 169 72 136 210 151 254 109 128 129 179 266 156 269 147 115 218 255 85 245 265 39 192 189 251 171 338 123 140 106 156 58 117 89 372 21 126 133 51 244 195 187 243 196 88
 198 218 190 454 140 269 141 430 486 177 387 295 48 169 217 288 214 426 277 399 159 242 433 360 303 418 363 88 275 155 291 1 168 54 232 370 207 411 366 381 376 217 323 327 28 197 263 237 131 424 129 358 306 400 368 248 245 174 286 333 404 394 414 371 392 476 155 272 459 313 422 275 241 85 78 266 287 105 388 325 376 430 299 429 294 422 406 290 241 328 378 509 340 404 267 478 368 393 339 164 368 241 432 329 434 96 460 344 150 193 254 463 296 411 173 491 25 243 29 343 370 440 145 141 324 378 201 283 341 360 390 433 465 276 146 418 334 407 423 132 378 67 333 453 179 420 309 356 357 180 486 69 48 104 239 257 220 253 410 246 379 490 325 418 298 314 259 177 354 422 356 267 481 209 104 80 299 110 282 437 128 341 329 309 316 383 304 254 326 377 273 205 375 278 406 447 108 60 98 359
 72 108 36 310 138 133 29 263 343 162 235 269 133 9 186 262 181 259 127 238 116 149 268 256 137 256 231 84 108 151 125 168 1 134 93 270 63 245 217 223 226 85 237 160 158 33 96 126 88 260 59 228 141 233 210 85 183 55 183 261 244 227 248 267 279 321 17 163 316 219 261 122 102 111 101 242 131 70 221 164 237 263 161 266 167 296 250 256 202 290 268 355 209 273 101 326 245 239 304 27 203 101 265 162 296 79 316 299 138 125 100 322 146 244 71 331 144 95 141 308 209 300 99 129 292 225 126 205 189 240 313 267 301 232 53 282 265 265 267 49 222 112 255 286 80 258 143 190 189 72 328 110 137 66 77 118 112 89 244 160 223 336 168 252 152 187 205 66 258 256 210 177 330 51 127 143 140 68 169 300 48 292 175 165 178 227 138 134 164 330 109 94 215 112 277 287 63 119 72 192
 180 167 162 436 153 252 106 392 468 192 364 314 10 132 231 307 227 386 254 355 161 237 400 356 270 389 349 67 239 170 251 54 134 1 184 368 183 368 344 354 354 198 325 292 66 158 225 227 79 393 84 345 264 364 341 217 251 128 281 339 376 356 381 368 386 452 124 264 441 312 393 229 193 33 73 285 241 86 349 296 359 392 249 398 281 411 381 307 253 345 373 486 288 391 233 456 358 345 357 137 336 193 393 289 419 78 442 359 162 192 228 446 248 371 158 463 37 220 34 361 326 423 143 150 342 354 199 286 294 350 396 398 434 289 100 403 342 389 398 110 332 22 338 418 129 391 269 314 320 131 459 24 7 77 196 238 209 222 376 244 354 466 298 377 277 301 268 161 353 388 306 265 459 166 117 103 254 91 273 422 104 354 304 289 266 358 271 203 296 392 232 154 347 245 394 419 81 65 70 324
 150 40 111 330 230 185 106 224 360 253 250 355 188 86 275 348 270 213 165 173 207 225 249 314 137 250 271 161 98 243 88 232 93 184 1 330 133 190 238 228 245 155 306 145 230 66 83 198 109 248 105 270 94 204 217 112 265 59 250 334 240 190 229 324 329 326 108 228 336 286 253 48 10 153 182 329 60 154 179 172 269 223 71 255 221 335 256 340 288 371 321 358 118 309 108 334 292 162 386 117 193 10 222 124 323 161 334 378 230 212 140 344 65 199 159 323 209 146 205 390 145 326 191 221 376 238 211 281 110 289 381 241 285 315 87 312 339 290 273 138 148 167 326 257 60 251 104 141 161 55 324 165 190 144 46 171 189 115 222 237 233 340 184 201 189 236 288 152 320 234 125 251 339 47 216 228 74 153 232 328 136 371 196 202 88 238 136 45 168 408 69 40 217 115 315 282 142 196 146 175
 200 362 236 151 234 146 287 296 172 203 154 149 362 277 168 148 169 313 167 350 212 131 247 17 218 211 87 302 245 223 275 370 270 368 330 1 209 329 141 182 145 186 51 234 344 275 256 146 354 229 322 81 287 264 178 219 130 322 89 65 203 280 242 12 39 202 267 109 153 57 215 321 334 362 298 155 319 284 290 190 107 299 369 227 110 82 178 135 148 126 27 225 412 88 229 195 59 380 136 250 219 333 310 274 122 291 156 115 223 178 190 148 338 305 214 242 354 186 354 136 333 128 227 231 139 159 170 90 355 54 63 264 252 124 322 108 69 123 182 264 362 350 54 280 346 215 275 296 256 337 229 349 368 295 286 160 163 217 248 125 170 210 174 321 147 97 125 214 17 253 385 104 191 289 268 295 313 279 102 120 271 108 160 136 380 167 220 373 197 124 281 352 190 226 82 217 292 313 303 234
 22 159 28 253 127 72 84 239 286 136 182 224 181 70 149 217 144 240 72 235 96 93 230 194 105 213 171 121 92 134 122 207 63 183 133 209 1 234 162 175 172 24 178 132 189 70 90 67 149 220 119 167 139 205 162 53 134 114 123 204 199 204 212 205 217 271 64 102 259 159 217 143 140 167 130 200 147 103 203 120 178 239 190 224 105 235 201 209 159 239 206 305 239 212 76 274 183 246 255 48 166 139 245 149 238 112 260 246 122 86 49 265 166 226 45 286 184 38 182 258 208 242 88 118 244 173 83 149 202 178 254 234 261 184 116 223 209 208 217 76 228 162 197 254 139 215 135 180 165 130 280 160 186 108 97 57 57 56 210 105 174 285 119 237 95 125 157 37 197 222 228 120 277 87 134 158 151 98 107 241 81 239 123 107 206 177 107 177 122 277 113 147 170 85 216 241 103 149 115 161
 253 223 235 242 360 224 271 55 262 366 182 424 370 243 368 418 364 32 196 34 328 293 111 314 136 139 244 328 144 367 121 411 245 368 190 329 234 1 190 151 189 243 334 109 402 215 152 267 296 124 285 249 106 69 152 182 339 243 288 367 139 50 101 318 307 209 260 273 247 313 138 144 184 339 345 408 132 315 40 147 227 52 151 130 244 288 168 406 370 424 308 230 157 262 159 221 272 74 439 258 111 184 43 86 254 323 244 422 355 312 197 259 132 29 278 184 386 212 383 441 49 253 321 351 433 174 306 331 97 276 391 92 139 382 269 253 373 227 175 290 67 348 354 96 249 136 104 57 78 243 191 346 373 311 173 222 271 179 93 303 163 219 162 16 201 244 358 270 328 96 113 305 229 203 363 384 117 312 269 259 291 414 174 205 145 167 134 197 140 443 138 228 141 150 271 159 307 363 315 96
 169 277 184 95 258 99 242 157 127 245 24 258 342 221 229 254 227 173 91 213 226 153 111 128 104 77 55 282 141 256 162 366 217 344 238 141 162 190 1 42 11 150 156 108 346 205 157 140 302 94 274 61 168 124 38 136 190 254 125 187 67 141 104 130 119 111 222 121 101 138 82 214 240 326 289 250 208 263 152 68 39 159 257 94 87 105 49 241 221 249 119 145 293 78 132 113 83 246 263 208 80 239 170 147 86 272 100 244 250 196 118 108 225 166 195 135 344 125 342 264 200 89 231 252 261 21 187 166 230 88 203 127 126 219 266 76 193 53 62 237 230 323 174 144 275 82 156 163 121 266 126 321 347 269 194 110 155 133 108 159 31 125 55 182 69 74 202 190 143 114 260 149 116 211 280 308 198 258 112 91 242 236 44 59 264 29 105 275 74 260 175 271 50 124 86 95 264 307 276 98
 186 267 193 106 284 122 250 116 135 275 32 297 352 226 263 293 260 133 106 177 251 185 71 169 93 41 96 295 131 284 144 381 223 354 228 182 175 151 42 1 39 168 197 86 363 205 148 168 304 55 279 102 147 84 14 139 225 252 162 228 28 103 62 171 157 101 231 155 112 178 46 196 227 333 305 288 188 277 114 60 78 118 235 56 121 138 30 280 257 289 159 134 267 112 128 108 124 212 303 219 46 226 129 122 109 286 110 285 276 223 128 122 204 126 214 111 358 139 356 305 167 109 253 276 301 24 215 204 202 129 244 86 92 258 269 104 234 78 47 250 197 333 215 104 271 45 134 132 89 263 106 331 357 280 186 130 180 134 67 192 13 115 57 142 91 112 239 207 184 73 231 185 113 207 302 329 177 272 147 114 254 277 55 85 240 17 93 260 62 302 161 263 13 117 120 67 276 323 287 66
 178 284 193 86 268 109 252 153 119 255 14 265 351 230 238 262 236 171 101 213 236 163 105 132 110 70 59 292 148 266 167 376 226 354 245 145 172 189 11 39 1 160 162 112 356 214 164 150 311 87 283 65 173 122 38 145 199 262 134 193 60 140 99 134 120 101 232 131 92 145 75 219 246 336 299 258 213 273 151 74 40 156 261 87 97 103 40 248 230 255 122 135 297 76 140 104 86 247 269 218 80 245 167 151 80 282 92 250 260 205 127 100 230 164 205 125 354 135 352 270 201 82 241 262 267 16 196 174 233 92 207 121 118 227 275 72 199 47 53 246 231 333 180 138 283 75 160 165 122 274 116 331 357 278 201 120 165 141 104 168 27 115 63 180 79 83 211 200 147 110 262 158 106 219 290 318 203 268 121 85 252 242 52 69 268 24 111 281 79 265 181 278 49 131 84 86 274 317 286 99
 19 182 50 239 122 55 104 242 272 124 172 204 195 92 132 197 127 246 63 247 89 71 228 172 109 207 153 134 104 126 136 217 85 198 155 186 24 243 150 168 160 1 155 137 197 93 105 44 170 216 139 149 153 207 156 64 113 137 100 181 194 209 211 183 196 260 83 79 245 136 212 163 162 184 140 181 166 115 209 117 162 243 210 220 85 216 192 188 140 218 185 294 259 194 86 263 164 260 233 67 165 161 249 159 222 124 245 224 116 71 48 250 185 232 46 278 195 33 194 236 220 226 86 113 223 163 67 127 218 158 231 233 257 163 137 206 186 193 208 89 242 178 174 254 162 210 147 190 170 153 272 176 200 122 117 41 36 66 209 83 165 274 113 244 82 105 136 41 174 221 246 97 265 110 135 161 168 110 85 225 95 217 115 93 225 168 111 199 121 254 130 170 164 94 198 235 118 158 130 163
 166 336 204 190 185 127 251 309 215 153 174 107 319 245 118 105 119 323 153 351 166 91 266 48 211 232 107 259 231 174 263 323 237 325 306 51 178 334 156 197 162 155 1 232 297 247 240 112 318 249 286 100 277 275 190 199 81 291 58 33 221 288 258 57 85 237 232 79 193 23 236 304 312 321 254 108 304 242 295 189 129 311 353 248 95 127 200 91 98 94 70 263 399 125 214 232 86 377 108 215 227 311 322 269 162 248 196 90 175 133 171 190 324 313 175 274 308 162 308 109 331 168 183 184 106 176 126 41 347 77 77 282 278 77 288 146 39 154 208 225 359 308 22 299 315 236 267 295 258 307 262 306 325 255 264 138 126 198 262 82 186 247 174 329 138 91 75 177 35 269 377 62 229 263 220 247 301 237 76 161 232 82 162 132 366 184 213 350 196 111 266 324 203 214 121 243 251 267 262 239
 150 184 140 191 257 116 188 108 220 259 113 317 292 161 260 311 256 110 88 121 224 185 110 219 29 107 155 241 55 262 59 327 160 292 145 234 132 109 108 86 112 137 232 1 314 136 70 159 232 106 212 158 62 75 78 82 231 178 182 264 96 73 90 225 220 182 172 166 197 210 110 111 144 267 255 300 103 225 73 45 145 108 151 112 139 213 114 299 262 319 218 214 186 185 61 190 182 147 334 165 49 143 114 41 191 234 195 319 251 206 90 207 119 96 176 181 303 105 300 336 100 192 219 248 328 101 199 224 124 184 295 108 145 274 198 183 270 158 130 198 129 271 252 127 193 107 49 64 34 185 180 269 296 224 106 114 163 78 85 195 94 196 62 109 95 142 250 169 231 97 154 197 196 132 265 288 92 221 162 196 201 311 76 102 157 99 27 175 38 342 77 182 75 50 193 138 220 274 230 34
 179 220 175 433 114 249 132 419 465 150 368 268 58 160 191 261 187 416 259 393 134 217 418 335 289 401 341 75 263 128 282 28 158 66 230 344 189 402 346 363 356 197 297 314 1 188 253 215 135 408 126 336 297 387 351 234 219 172 262 306 388 383 399 346 368 456 143 248 438 288 406 271 239 93 60 239 282 90 378 308 355 419 299 413 272 398 388 263 214 301 354 490 341 381 254 459 344 389 312 150 353 239 422 319 413 81 439 317 124 168 237 442 292 401 152 474 30 225 34 316 364 418 121 115 297 359 177 257 338 336 363 419 449 250 144 396 308 386 404 117 374 71 307 439 180 404 300 346 344 180 468 73 61 92 231 237 197 238 396 221 361 470 307 409 279 292 232 158 328 408 354 242 461 202 78 53 293 94 259 415 114 314 311 289 316 364 290 256 310 350 265 206 358 265 383 430 96 41 88 345
 86 90 47 299 168 132 57 235 331 188 222 290 159 29 210 283 205 230 120 207 143 162 244 261 116 236 227 114 82 180 95 197 33 158 66 275 70 215 205 205 214 93 247 136 188 1 68 137 99 239 77 225 110 207 193 70 201 50 191 274 224 199 225 271 280 305 49 170 305 228 240 90 74 132 133 264 99 102 193 146 230 235 131 245 168 292 234 276 223 307 271 339 180 268 79 311 244 207 323 54 181 73 237 133 288 111 304 315 167 147 92 312 114 215 94 312 173 92 169 326 177 291 128 159 311 210 146 219 157 240 323 242 279 251 64 275 278 256 251 81 190 137 266 261 73 238 113 160 163 64 309 135 163 97 45 117 126 74 220 174 208 320 153 222 145 186 224 87 264 232 179 190 315 20 159 175 108 100 175 292 80 308 163 158 148 212 117 110 145 346 78 78 197 90 273 267 93 150 101 168
 110 121 85 248 213 114 123 168 279 225 169 306 226 95 235 299 231 164 90 148 183 170 179 241 56 174 191 179 17 222 33 263 96 225 83 256 90 152 157 148 164 105 240 70 253 68 1 142 163 174 144 191 51 139 137 44 215 109 184 270 163 132 159 249 252 247 110 164 254 218 177 65 84 199 195 284 65 164 126 91 188 168 114 180 149 255 176 289 243 316 245 280 160 228 29 254 214 158 331 107 117 83 170 67 242 174 253 320 210 174 71 263 85 149 131 249 239 82 236 334 120 245 173 204 322 157 170 221 115 212 312 175 214 264 130 231 276 209 193 139 140 205 260 194 126 175 49 96 95 117 247 203 230 162 39 103 139 43 153 182 152 261 102 157 112 161 237 123 249 165 143 191 259 63 213 234 64 161 165 247 141 312 115 124 127 157 55 121 87 347 27 117 137 34 235 205 158 213 167 102
 55 226 93 220 119 47 142 258 252 108 163 165 222 134 103 159 99 266 73 275 88 29 234 133 132 208 128 161 137 118 170 237 126 227 198 146 67 267 140 168 150 44 112 159 215 137 142 1 209 220 177 122 187 222 156 99 75 180 58 138 195 228 219 144 160 249 122 38 225 94 213 203 204 218 161 145 205 142 231 128 142 260 251 223 58 186 186 149 105 176 148 282 299 168 119 250 132 293 192 105 176 204 267 188 199 150 227 181 111 57 74 228 224 253 70 273 218 61 217 195 250 204 95 113 182 157 48 83 254 125 188 243 259 123 177 182 142 174 201 120 275 208 130 263 204 212 179 217 191 196 265 206 228 152 159 46 19 100 220 41 162 263 119 266 79 78 97 69 133 230 283 54 251 154 143 171 205 137 47 201 127 174 115 84 266 163 134 242 133 211 168 214 167 123 169 232 149 178 160 179
 155 89 123 395 179 220 68 325 428 213 319 333 84 82 247 325 242 316 213 280 172 228 341 340 214 334 318 84 178 196 183 131 88 79 109 354 149 296 302 304 311 170 318 232 135 99 163 209 1 336 33 315 195 300 292 167 254 56 266 339 322 290 321 352 365 403 88 246 401 301 338 155 116 47 104 304 167 90 281 245 324 324 171 342 254 383 332 322 267 358 354 437 210 360 177 409 332 269 372 105 279 117 324 222 383 91 401 370 184 193 186 408 172 302 144 409 109 182 105 376 252 387 151 173 359 308 197 283 217 326 393 336 376 300 36 368 342 351 349 96 256 65 334 354 51 336 201 244 256 54 407 63 85 76 129 205 193 171 315 238 306 418 251 306 239 273 275 142 341 327 229 257 413 101 151 151 180 94 254 387 90 364 259 251 188 310 214 125 243 403 164 76 295 188 364 365 77 111 72 264
 233 287 235 120 335 174 288 76 140 327 76 351 392 262 316 347 314 98 155 155 301 239 19 217 124 19 144 337 159 336 161 424 260 393 248 229 220 124 94 55 87 216 249 106 408 239 174 220 336 1 314 152 158 58 65 177 279 282 216 279 28 80 24 218 200 88 271 209 125 230 16 209 246 369 349 342 199 320 95 101 124 79 240 8 175 173 53 333 311 342 205 115 263 150 161 100 171 194 355 260 58 245 91 128 135 329 121 336 327 275 172 137 211 96 261 77 400 185 398 356 153 132 302 327 353 74 267 258 197 178 290 38 42 311 302 137 285 113 54 293 182 372 266 52 298 15 146 126 90 290 78 370 397 322 211 180 232 173 33 246 65 100 104 111 142 165 293 254 233 30 222 239 107 237 350 376 186 316 201 140 297 328 107 138 241 65 123 273 99 351 180 286 54 149 159 38 318 368 328 74
 123 97 93 368 152 189 36 310 400 184 293 303 86 55 217 295 212 303 185 273 141 196 320 309 191 311 288 62 158 168 168 129 59 84 105 322 119 285 274 279 283 139 286 212 126 77 144 177 33 314 1 285 181 282 267 141 223 47 234 307 299 274 301 320 334 378 57 214 374 269 315 148 114 56 84 274 159 63 266 220 295 309 173 320 223 353 307 291 236 327 322 412 217 330 155 383 301 265 341 74 257 114 310 207 354 66 374 338 156 161 158 380 168 288 112 387 105 152 101 345 244 358 121 144 328 282 165 251 214 295 361 318 355 269 19 339 310 323 324 65 251 64 302 336 57 313 186 231 238 56 383 62 89 49 114 174 161 146 295 205 280 393 225 294 210 243 244 110 309 308 229 225 387 84 127 132 172 66 222 358 58 332 233 223 191 284 192 132 219 371 149 83 271 166 334 342 49 95 48 244
