NAME : domp220p110v4
COMMENT : (Deleplanque et al.) 
TYPE : DOMP
DIMENSION : 220
DISPLAY_DATA_TYPE: NO_DISPLAY
OPEN_FACILITIES : 110
COST_SECTION
 1 259 276 159 180 120 276 189 279 258 243 229 280 359 96 131 164 130 312 254 241 169 50 38 223 68 422 373 313 332 48 122 150 160 199 197 17 272 322 204 288 286 358 206 242 196 304 213 270 89 108 200 149 85 182 170 69 170 285 279 154 256 278 141 277 90 105 241 182 58 232 165 257 275 197 258 70 101 292 73 213 101 317 156 317 261 70 91 79 30 292 232 78 175 228 213 230 317 223 214 80 45 213 372 216 158 142 238 178 165 182 96 303 47 174 327 264 102 295 256 139 281 298 220 153 254 309 240 259 137 122 85 266 265 81 319 99 304 93 79 229 70 88 115 235 338 75 63 99 216 226 289 192 266 255 170 194 69 352 196 177 257 262 10 235 146 327 189 107 242 221 279 321 314 216 51 291 207 255 86 64 257 264 254 118 40 152 106 228 191 231 110 229 107 115 259 342 176 244 16 169 141 296 325 284 278 99 190 106 339 282 255 76 47 142 178 265 89 36 88
 259 1 33 223 109 176 346 256 336 48 261 319 295 322 329 316 216 165 246 89 249 276 308 282 371 195 381 352 257 292 239 139 126 104 271 368 263 357 211 353 156 360 360 162 417 422 231 247 183 305 347 204 260 342 413 407 199 402 115 432 140 92 207 351 463 285 361 28 308 273 215 158 40 335 73 371 300 357 45 332 48 237 400 191 370 355 314 184 336 231 461 348 307 209 73 329 424 334 348 121 252 235 234 376 400 128 387 26 156 213 375 196 161 289 227 405 387 189 37 122 154 209 292 414 314 415 194 440 21 147 279 176 416 9 249 310 164 253 240 324 430 236 317 341 44 347 322 299 258 92 405 226 356 432 444 133 85 206 390 398 236 15 388 259 329 126 253 289 204 420 422 473 502 209 386 215 443 107 296 176 201 81 172 192 295 272 376 177 59 415 67 345 72 334 280 263 288 323 426 246 292 360 198 301 394 462 230 146 179 299 378 233 297 284 270 388 442 246 294 339
 276 33 1 220 111 183 335 250 324 30 249 312 280 300 351 320 213 171 224 69 236 274 324 302 369 215 357 331 235 271 260 155 152 117 264 368 278 348 186 352 131 349 340 152 416 429 209 237 163 314 358 195 260 357 421 416 220 411 88 428 144 71 187 357 463 293 375 37 306 295 202 157 24 323 101 364 311 371 17 349 66 243 389 189 356 347 326 195 354 247 459 342 318 204 65 324 425 317 343 111 276 248 224 357 401 133 398 41 152 210 378 221 134 309 223 393 381 213 31 102 159 189 274 416 316 413 169 443 19 154 283 195 412 36 257 291 184 233 247 344 433 246 339 350 43 329 335 311 264 85 406 206 356 430 444 133 89 228 374 402 231 47 382 275 322 136 229 285 210 420 424 474 500 184 386 230 439 100 284 191 221 60 152 175 300 292 383 186 55 421 59 356 63 357 285 249 265 323 426 264 290 368 175 281 386 462 236 140 188 277 369 218 307 304 271 393 441 253 311 353
 159 223 220 1 116 69 142 41 139 192 86 104 125 201 254 114 9 73 158 164 83 55 184 196 150 156 265 216 157 174 186 129 190 137 56 150 148 148 178 133 162 155 204 79 197 223 151 55 129 130 176 49 43 202 220 221 166 212 179 210 87 164 130 154 245 106 213 196 87 213 77 65 197 135 201 153 140 211 232 209 183 62 194 33 178 142 162 94 221 142 240 128 143 23 157 108 209 164 127 114 222 116 55 220 183 99 213 198 69 13 164 197 176 206 16 201 167 197 249 146 80 132 141 200 101 194 169 226 210 90 77 143 195 231 85 162 153 147 70 235 217 90 246 159 182 185 170 146 75 136 187 136 138 211 226 91 139 176 209 189 22 230 168 152 113 112 173 68 59 201 209 256 281 169 167 122 221 121 105 122 159 172 128 108 97 197 184 83 167 216 162 172 158 265 83 101 184 104 207 159 71 168 153 167 178 243 62 82 81 181 165 98 131 205 57 184 222 76 185 187
 180 109 111 116 1 73 246 151 238 86 167 215 205 253 266 210 110 61 183 75 156 169 224 211 264 131 317 279 190 221 177 68 108 40 166 261 178 256 169 246 121 260 279 70 309 319 169 146 121 205 250 104 152 254 311 307 139 301 107 325 34 78 141 247 356 183 272 82 200 212 125 52 88 236 95 266 204 268 125 250 69 133 300 84 275 252 221 91 257 151 353 242 210 104 51 222 317 246 241 45 203 145 135 295 293 24 290 84 53 106 268 155 134 219 121 306 281 150 137 83 49 144 208 307 207 307 152 334 98 46 173 109 309 117 148 229 106 183 137 255 324 138 255 241 70 262 230 205 154 37 298 158 248 325 336 26 24 149 300 292 130 115 282 176 225 36 194 182 100 313 315 366 394 162 278 130 336 31 199 97 137 79 112 118 190 204 274 79 57 312 56 248 53 274 175 173 223 215 318 170 184 258 146 225 290 355 127 47 81 229 275 148 199 216 163 283 334 144 214 248
 120 176 183 69 73 1 210 109 207 158 148 170 189 256 213 140 68 13 200 143 142 113 159 155 204 94 322 276 203 227 132 62 123 78 124 196 114 215 204 185 169 223 268 87 246 247 190 119 152 133 178 91 93 186 239 235 104 229 170 267 41 145 163 176 291 111 202 152 143 164 122 46 160 203 140 217 132 199 197 185 132 62 262 47 246 208 151 32 194 94 292 191 139 73 123 170 249 229 187 98 166 78 114 284 226 51 218 152 60 67 200 133 184 164 82 269 230 131 208 140 25 166 200 239 141 247 191 265 168 31 104 78 251 184 76 222 86 194 65 198 255 67 203 168 141 249 160 134 83 107 233 175 184 263 270 55 95 115 276 223 89 180 229 114 179 53 214 131 28 248 247 300 331 196 214 72 278 95 172 56 98 148 146 137 120 152 202 17 129 240 128 176 125 223 105 161 234 153 253 114 125 186 179 224 242 290 55 72 17 234 232 147 127 162 100 212 271 72 152 178
 276 346 335 142 246 210 1 102 17 306 88 48 70 139 360 164 144 213 160 269 101 109 280 310 103 291 181 132 149 133 313 270 331 275 87 133 261 20 208 105 230 15 104 185 147 230 167 101 188 207 238 144 130 282 237 248 301 236 267 127 223 267 169 190 187 193 285 319 98 333 134 197 313 15 338 56 226 285 343 300 314 181 55 170 43 31 246 232 313 267 163 61 224 145 274 71 178 69 73 226 350 238 113 112 155 235 258 323 194 147 164 334 240 318 130 61 72 335 364 239 219 169 93 175 136 128 211 194 329 230 156 282 116 354 196 98 293 142 187 339 191 211 356 215 303 86 252 235 178 254 151 157 125 144 179 222 268 310 79 182 122 355 76 267 44 251 170 88 195 154 187 203 204 201 133 252 132 240 52 260 293 277 195 168 166 315 214 223 288 224 280 232 276 373 164 93 151 113 162 281 109 205 194 114 63 183 186 202 221 135 41 124 217 320 135 193 161 189 290 263
 189 256 250 41 151 109 102 1 99 222 58 65 92 174 280 113 44 112 145 189 61 37 206 225 122 193 236 186 141 151 220 169 230 176 17 130 176 108 176 108 173 115 170 101 173 216 143 32 134 142 185 59 45 218 215 220 203 209 198 179 125 189 127 152 220 120 226 229 63 245 73 100 227 96 239 116 156 225 261 230 219 89 154 70 139 103 178 132 242 175 211 93 157 48 187 75 189 129 94 141 257 147 41 185 163 137 217 232 101 47 151 235 186 234 31 162 132 235 279 166 119 129 113 182 92 165 171 207 242 130 84 182 164 264 109 133 193 131 97 261 200 120 274 164 214 150 186 164 95 166 166 127 117 183 204 126 174 213 170 175 22 264 133 181 75 151 160 37 96 178 192 233 253 167 144 157 189 152 68 160 196 198 136 111 102 227 182 123 199 209 193 179 188 293 92 76 164 85 184 191 53 167 153 140 140 218 92 112 121 157 126 85 146 235 58 175 196 101 210 201
 279 336 324 139 238 207 17 99 1 295 76 54 54 123 366 172 140 209 144 257 89 111 286 314 117 291 168 118 133 117 315 266 327 269 85 146 265 37 192 118 216 28 91 175 163 244 151 93 174 214 247 135 132 290 250 261 301 248 254 143 217 255 154 200 203 198 293 310 106 336 123 191 302 6 331 72 233 293 331 307 305 182 66 165 41 47 253 231 320 269 180 75 231 139 264 81 193 54 86 216 352 240 104 101 170 229 270 314 187 142 177 333 225 322 126 70 88 333 353 227 214 155 77 189 145 144 196 209 319 225 161 280 132 344 199 81 291 126 189 345 207 213 361 224 293 72 259 242 181 245 166 142 137 160 195 215 259 310 74 195 118 346 93 271 54 246 154 92 194 169 202 220 221 185 148 253 148 231 41 259 293 266 182 155 172 318 226 221 278 238 270 241 266 378 169 79 134 123 177 283 114 216 179 98 79 199 187 194 219 119 57 111 223 324 138 206 177 192 295 271
 258 48 30 192 86 158 306 222 295 1 220 283 252 275 337 294 185 146 199 42 208 246 304 285 340 200 334 306 210 245 245 137 145 99 236 341 258 319 164 324 108 320 314 123 388 403 184 208 137 290 334 166 232 336 396 392 206 386 68 400 118 45 161 332 436 268 354 32 278 281 174 130 9 294 99 336 288 350 41 330 58 217 360 162 328 318 304 173 336 229 430 314 294 176 37 296 398 289 315 82 265 227 196 331 373 108 375 39 124 181 351 210 114 293 194 364 352 203 59 75 134 163 247 389 289 384 147 415 28 130 256 178 384 55 233 264 169 207 222 328 406 222 325 325 25 302 313 288 239 57 378 180 328 402 417 107 66 215 346 375 203 62 353 255 293 114 205 256 184 392 397 447 472 162 358 210 410 72 255 172 206 34 126 147 274 276 358 163 31 396 32 332 35 343 258 220 241 295 398 246 262 343 151 255 357 434 211 111 165 252 340 190 283 288 244 367 413 228 293 331
 243 261 249 86 167 148 88 58 76 220 1 79 42 117 336 168 83 147 93 182 14 91 263 280 154 239 180 131 87 93 271 203 262 200 56 172 231 103 133 145 145 101 121 101 206 264 94 32 103 199 241 64 102 275 266 272 249 261 180 200 149 180 87 205 251 178 284 235 108 298 48 122 227 75 261 128 214 282 256 287 232 144 141 103 110 105 236 176 299 226 235 114 215 77 190 105 229 83 121 142 307 200 35 137 203 160 272 240 116 84 197 279 156 289 71 145 145 278 278 152 150 88 56 222 144 192 132 246 244 160 141 225 186 269 165 77 233 77 152 317 241 174 329 220 219 102 244 221 151 170 202 81 159 210 238 145 187 260 134 220 67 272 148 235 88 179 107 82 143 211 234 266 278 124 181 207 208 157 37 203 243 191 109 82 159 281 234 164 204 257 195 236 191 348 149 18 107 131 219 244 105 221 114 83 145 248 145 121 162 99 125 40 204 289 115 223 226 157 267 259
 229 319 312 104 215 170 48 65 54 283 79 1 84 167 314 119 108 175 168 248 90 63 234 263 77 247 218 167 159 154 267 231 292 240 50 100 214 46 210 71 221 58 143 161 128 197 171 77 179 161 194 118 85 237 201 211 257 199 253 123 189 247 165 148 173 146 241 292 53 287 119 165 289 49 303 54 180 240 321 255 283 136 93 134 89 39 200 190 268 222 157 36 179 112 249 31 153 103 44 202 304 192 90 154 128 201 218 295 164 111 129 290 233 271 95 101 70 291 341 222 182 166 111 148 92 114 210 171 304 193 109 239 108 327 150 123 251 151 141 292 166 165 309 171 277 123 206 189 132 229 127 158 89 132 161 190 238 266 125 150 86 328 73 221 11 215 181 43 153 134 160 189 200 202 106 207 131 214 54 218 249 257 184 157 119 268 175 182 262 190 255 188 251 327 117 92 170 70 142 235 62 164 192 137 76 170 141 175 180 158 62 118 170 273 89 157 148 143 244 218
 280 295 280 125 205 189 70 92 54 252 42 84 1 86 372 193 123 188 91 212 50 120 296 316 159 279 145 94 80 70 310 244 303 239 85 183 267 89 139 155 166 81 81 138 209 280 98 71 124 229 268 104 135 306 284 292 289 280 205 194 189 210 103 227 251 209 313 269 128 336 82 162 259 56 299 121 245 312 286 320 269 180 116 143 78 96 267 216 332 265 230 116 245 117 224 114 236 42 126 177 346 237 76 96 211 200 296 274 155 124 212 320 174 325 110 118 138 319 309 181 190 103 27 231 167 192 144 253 277 201 171 265 182 303 201 42 273 73 188 352 249 211 365 246 253 61 274 253 186 205 209 90 172 209 241 184 224 300 96 233 105 306 142 272 90 219 102 105 183 215 243 268 272 133 189 246 200 193 32 244 282 221 133 107 187 319 255 204 238 273 229 262 225 384 180 33 87 150 223 282 130 243 127 54 132 248 183 159 203 74 110 63 235 326 146 240 226 192 302 288
 359 322 300 201 253 256 139 174 123 275 117 167 86 1 452 278 197 252 77 234 118 204 379 396 239 349 67 33 66 32 384 304 358 291 169 266 347 158 121 237 171 144 56 185 286 363 92 147 140 314 354 166 218 390 368 377 359 365 214 263 246 231 117 312 324 293 398 299 213 413 135 221 283 128 343 194 329 396 301 403 307 260 165 211 120 169 351 286 415 341 299 196 330 187 255 197 315 72 207 214 420 315 147 68 291 254 382 306 210 196 296 387 171 405 186 160 209 385 327 201 251 114 63 311 252 266 135 331 302 261 256 333 253 329 281 46 338 71 268 433 329 289 445 332 284 61 359 337 268 241 288 98 255 281 317 237 266 370 108 316 183 335 214 351 171 275 73 190 256 292 323 341 338 120 269 320 266 232 117 311 353 242 151 136 272 397 340 273 270 357 260 348 256 464 264 101 36 235 300 359 215 328 126 35 196 320 261 209 271 25 175 110 319 405 230 324 299 273 383 373
 96 329 351 254 266 213 360 280 366 337 336 314 372 452 1 202 258 222 407 340 335 256 82 59 291 138 515 465 408 426 92 202 207 240 289 261 107 354 416 275 380 369 448 299 297 223 399 306 364 156 144 295 239 95 206 189 132 196 372 340 245 343 373 194 321 169 108 315 263 57 326 258 335 361 259 335 136 104 367 69 286 193 396 251 402 342 119 183 58 120 343 310 139 270 311 293 275 407 300 304 82 140 307 462 270 247 158 311 272 259 237 136 394 50 268 406 337 144 365 346 231 376 391 267 228 314 403 281 333 227 206 160 329 333 172 412 169 398 186 23 270 164 13 164 313 428 116 127 188 302 280 383 259 322 300 260 277 124 438 243 271 324 334 103 318 231 422 275 202 295 264 318 364 408 276 142 351 295 345 171 132 342 358 348 196 63 190 198 309 221 313 150 312 14 198 353 437 252 295 100 253 187 390 418 358 323 192 283 198 433 360 349 145 52 229 222 316 181 72 114
 131 316 320 114 210 140 164 113 172 294 168 119 193 278 202 1 122 152 257 272 173 77 121 158 93 174 334 283 253 259 176 190 244 216 113 68 115 155 286 75 274 171 261 191 116 111 254 143 240 47 77 160 74 119 107 109 181 100 291 150 178 273 237 41 157 44 122 291 68 186 182 167 297 167 274 134 67 122 334 139 271 80 195 137 205 142 85 139 152 136 165 110 64 136 258 94 112 220 99 222 210 109 152 272 92 189 106 291 176 125 62 214 289 165 121 205 137 218 346 258 163 239 217 102 29 125 279 127 307 170 39 176 136 323 73 234 192 243 77 180 116 90 199 54 279 241 89 77 59 239 101 239 62 138 135 188 233 187 241 84 117 319 133 123 121 192 272 89 113 117 108 163 200 277 87 131 162 226 162 161 173 279 240 218 22 166 71 142 266 104 264 71 260 215 37 185 273 52 120 141 65 56 262 245 157 157 87 190 140 264 159 196 59 168 59 74 141 73 135 100
 164 216 213 9 110 68 144 44 140 185 83 108 123 197 258 122 1 70 151 156 79 62 190 201 157 157 261 213 151 169 189 127 188 133 59 158 153 151 170 140 153 158 203 71 205 232 145 53 121 138 184 41 51 208 228 229 167 220 171 217 82 156 123 162 252 114 220 189 94 217 70 59 190 137 196 158 147 218 225 216 178 68 197 28 179 146 169 94 227 145 246 133 150 15 149 114 216 163 133 106 225 120 51 218 191 94 221 192 62 5 172 198 168 210 15 204 173 197 242 138 76 125 138 208 109 200 161 234 203 87 85 144 201 224 91 159 153 141 76 240 225 95 250 167 175 183 178 152 82 129 195 129 145 218 234 85 133 178 209 197 23 223 173 156 117 108 167 74 61 209 217 264 288 161 174 125 228 114 105 122 160 164 120 100 105 201 192 83 160 224 155 180 151 270 91 98 179 111 215 163 79 176 145 163 182 250 68 75 81 176 169 92 138 210 65 192 229 82 190 195
 130 165 171 73 61 13 213 112 209 146 147 175 188 252 222 152 70 1 193 131 140 120 170 165 213 99 318 273 197 223 139 58 119 69 128 205 125 219 196 194 159 227 267 79 255 259 183 120 143 145 190 88 101 198 251 247 109 241 158 275 29 133 155 188 301 123 214 140 150 173 118 37 148 206 132 223 145 211 185 197 121 73 266 46 248 213 163 40 205 104 301 197 151 72 111 176 260 229 194 86 172 90 113 283 237 39 231 140 50 68 211 135 174 174 84 273 236 133 196 128 13 158 198 250 151 256 181 276 157 20 115 81 259 173 88 220 87 188 77 208 266 79 213 181 129 248 172 146 95 94 243 169 194 272 281 43 83 120 277 234 92 169 236 125 184 43 207 137 40 258 257 310 341 187 224 81 286 82 173 61 104 136 137 130 131 161 214 25 117 252 116 188 112 232 116 159 229 162 263 123 133 198 170 221 248 300 67 61 25 230 237 143 139 171 109 224 280 84 163 190
 312 246 224 158 183 200 160 145 144 199 93 168 91 77 407 257 151 193 1 158 86 181 340 349 243 291 138 108 14 49 331 240 290 222 147 263 303 179 52 236 95 170 122 119 295 356 16 115 65 284 328 113 187 358 357 363 301 352 138 284 182 155 43 295 339 261 368 224 200 362 82 159 207 146 271 210 296 366 226 366 233 218 203 158 160 186 318 231 377 290 320 202 298 139 180 195 320 111 210 142 364 268 107 137 294 188 362 230 146 150 289 326 97 358 144 203 228 323 251 125 190 40 70 314 235 280 61 337 226 199 227 273 271 253 241 77 276 18 226 390 332 245 399 308 208 115 326 302 231 167 293 26 251 297 328 170 194 313 164 312 145 259 232 305 175 209 16 173 206 301 325 355 362 47 272 269 290 159 116 253 296 166 76 67 246 348 325 216 195 349 185 323 181 418 234 77 43 223 309 309 195 311 50 63 221 336 218 142 215 55 200 62 286 357 201 315 313 233 340 343
 254 89 69 164 75 143 269 189 257 42 182 248 212 234 340 272 156 131 158 1 169 217 298 285 310 203 293 264 169 204 249 139 163 104 203 313 252 282 125 294 69 282 273 89 359 382 143 173 96 274 320 132 205 327 376 374 211 367 37 367 103 5 120 311 407 251 344 68 248 285 135 106 50 256 126 301 275 341 75 324 84 199 322 136 289 282 293 165 332 225 399 280 281 145 33 263 372 249 283 51 274 218 160 290 346 97 360 75 98 153 326 222 77 294 164 326 318 216 98 34 120 122 206 363 264 353 108 389 69 119 234 181 352 96 217 223 176 166 204 329 380 209 329 308 54 261 302 276 220 39 350 139 301 371 389 89 65 221 306 351 172 102 320 250 258 110 165 225 168 364 372 419 441 122 329 205 377 50 217 171 209 10 85 107 253 278 339 152 44 375 34 317 33 348 237 181 200 267 370 244 234 323 111 214 322 405 193 83 153 211 304 150 269 290 218 344 383 211 289 320
 241 249 236 83 156 142 101 61 89 208 14 90 50 118 335 173 79 140 86 169 1 96 263 278 164 234 183 135 81 92 267 196 254 190 62 181 230 116 122 154 133 114 128 90 216 272 85 31 90 202 245 55 104 277 273 279 244 268 168 212 140 168 76 211 262 180 287 223 116 295 35 113 215 88 250 140 215 285 244 288 221 143 154 96 122 118 238 171 300 223 247 125 217 71 177 115 238 91 132 130 303 198 30 144 212 151 277 228 106 79 205 273 144 287 68 158 157 272 266 140 142 77 60 232 150 204 120 256 232 152 144 219 197 257 165 82 226 71 151 316 250 172 328 225 207 109 246 222 152 158 212 71 168 222 249 135 176 255 144 229 66 260 160 234 99 170 100 89 139 222 243 277 290 114 191 203 220 145 49 197 238 178 97 69 162 279 241 158 192 265 183 240 179 347 152 20 104 139 229 241 111 227 102 85 157 259 144 110 157 99 138 29 206 287 118 231 237 156 266 261
 169 276 274 55 169 113 109 37 111 246 91 63 120 204 256 77 62 120 181 217 96 1 179 203 96 185 263 212 176 183 205 173 234 188 37 98 154 108 212 79 206 120 194 129 144 180 179 67 169 110 151 91 23 187 179 184 194 173 229 157 139 217 163 116 191 91 194 250 33 226 108 119 251 107 251 105 126 193 286 201 236 74 155 86 150 99 148 129 214 159 186 78 127 72 210 57 157 152 75 167 242 130 77 206 131 151 182 252 123 65 116 228 220 212 54 164 117 229 302 197 129 165 143 149 56 140 206 175 264 139 53 178 141 284 89 161 190 166 79 236 167 103 251 130 235 173 155 135 71 190 135 163 85 157 173 144 192 204 184 140 47 283 117 160 70 162 196 22 93 148 159 203 227 203 114 145 168 175 91 157 187 225 171 146 69 208 146 123 221 173 216 145 212 269 61 109 197 52 154 173 18 131 189 171 131 189 79 136 121 189 122 121 117 213 28 139 168 81 186 170
 50 308 324 184 224 159 280 206 286 304 263 234 296 379 82 121 190 170 340 298 263 179 1 48 211 117 440 389 339 354 88 170 199 208 213 181 47 274 356 194 326 288 371 241 220 158 333 233 304 75 71 229 163 36 143 128 118 131 327 261 196 300 310 116 249 89 56 289 183 78 259 203 305 282 246 254 55 52 340 28 262 123 315 188 322 261 39 134 38 78 268 230 58 203 274 212 202 329 219 255 109 81 236 384 193 202 99 286 216 192 159 140 341 51 198 325 256 148 343 297 181 312 317 192 147 236 344 210 307 180 127 134 250 314 100 337 148 330 115 60 198 97 80 86 283 351 38 46 112 260 203 318 179 244 227 212 240 116 358 168 198 306 253 50 237 192 355 197 140 219 192 248 292 347 197 96 273 250 268 134 113 302 300 286 116 61 118 147 275 154 277 75 275 95 119 280 366 171 219 65 173 111 330 345 277 250 124 229 146 361 279 280 65 57 152 148 241 109 22 44
 38 282 302 196 211 155 310 225 314 285 280 263 316 396 59 158 201 165 349 285 278 203 48 1 250 88 459 409 350 369 47 149 165 187 234 222 50 305 358 232 322 319 394 241 264 205 340 249 306 113 117 237 184 80 190 175 84 178 317 303 188 287 315 160 294 120 99 266 214 31 268 200 284 309 215 289 93 95 318 58 237 137 349 193 351 293 83 125 58 62 313 263 98 212 257 245 247 352 254 247 62 82 250 408 237 190 145 262 214 202 203 99 337 10 211 359 293 107 318 289 173 318 335 238 182 278 344 256 284 170 155 108 291 287 117 356 119 341 129 45 245 107 51 131 262 374 84 83 134 247 247 325 218 288 273 203 223 79 386 214 214 278 290 46 268 176 364 223 144 263 238 295 339 350 239 84 315 239 291 115 82 288 300 290 148 14 165 140 256 201 260 121 258 70 147 296 379 206 264 42 202 157 332 362 314 296 135 225 140 376 313 292 100 11 176 194 286 125 28 91
 223 371 369 150 264 204 103 122 117 340 154 77 159 239 291 93 157 213 243 310 164 96 211 250 1 260 283 233 235 228 267 262 321 280 110 35 206 86 285 21 291 103 205 222 53 129 246 145 251 138 154 180 113 203 137 150 268 138 319 64 233 309 239 101 100 134 200 345 64 277 189 214 345 112 343 53 158 201 380 225 331 152 113 181 137 73 173 214 238 224 91 44 154 166 305 50 78 170 34 261 301 196 158 212 54 246 165 347 217 160 66 302 304 256 148 124 48 305 397 287 223 240 185 74 72 45 283 95 359 232 109 258 48 379 155 195 272 227 153 269 91 173 290 131 330 187 176 168 137 285 51 233 33 63 85 239 287 275 172 81 139 378 44 214 70 255 256 86 180 59 86 114 133 277 32 217 75 270 129 240 260 318 255 228 106 258 120 211 316 124 311 147 306 304 114 168 245 53 66 232 81 114 265 210 70 97 158 230 209 231 80 192 150 260 106 94 75 152 226 183
 68 195 215 156 131 94 291 193 291 200 239 247 279 349 138 174 157 99 291 203 234 185 117 88 260 1 414 368 295 320 47 65 83 102 206 240 77 292 291 240 248 303 359 175 289 257 280 209 239 141 171 184 163 152 244 234 11 233 237 321 114 206 253 195 328 132 172 179 207 83 215 134 198 287 130 286 127 168 231 139 151 113 339 139 330 283 133 64 142 44 338 259 135 164 174 238 282 319 252 171 75 66 205 374 265 113 208 176 147 156 232 44 262 95 170 348 295 46 232 212 103 256 292 272 188 297 275 295 197 96 151 23 306 201 105 314 33 286 109 130 283 88 127 173 176 339 140 122 124 166 273 266 232 311 306 129 140 22 362 250 176 192 294 70 254 96 305 205 98 290 275 333 372 283 260 44 333 160 259 39 7 205 231 227 156 78 211 77 171 251 176 172 175 146 146 252 326 209 293 54 191 198 266 316 312 329 107 155 78 327 306 240 129 90 162 233 314 109 101 155
 422 381 357 265 317 322 181 236 168 334 180 218 145 67 515 334 261 318 138 293 183 263 440 459 283 414 1 52 129 97 449 370 423 356 229 313 410 198 173 285 227 182 78 250 325 410 152 211 202 372 410 232 278 449 417 428 425 415 270 295 312 290 179 366 358 353 455 360 268 477 201 286 342 173 407 234 389 454 357 463 370 323 189 276 150 211 411 352 476 405 329 241 389 252 317 247 357 116 253 278 485 379 211 75 335 320 435 366 276 261 344 453 225 468 250 182 246 450 383 261 317 177 125 354 308 303 189 372 361 327 315 398 288 388 344 104 404 135 331 495 371 353 508 387 344 97 418 397 329 304 330 161 304 316 355 302 330 436 123 362 246 395 251 414 220 340 130 247 321 331 366 375 365 174 313 385 296 295 174 377 418 301 213 201 330 460 392 338 331 405 321 404 317 527 324 165 96 288 339 423 272 381 184 99 229 354 325 274 337 90 210 176 379 468 290 373 334 335 445 431
 373 352 331 216 279 276 132 186 118 306 131 167 94 33 465 283 213 273 108 264 135 212 389 409 233 368 52 1 96 61 401 327 383 316 178 263 360 149 153 235 202 134 32 210 277 360 123 162 170 321 359 187 228 398 366 377 378 365 246 250 270 261 146 315 313 302 404 329 217 428 158 243 313 122 371 185 338 403 333 413 335 273 147 230 104 162 360 306 425 357 285 191 338 205 284 196 308 65 203 242 437 330 164 39 286 278 384 335 234 214 294 408 203 418 201 141 199 406 358 231 274 144 77 305 256 256 167 324 332 284 264 353 242 359 294 55 359 100 281 445 322 304 459 336 313 47 367 346 279 269 281 127 254 270 308 261 293 389 84 312 197 365 204 365 169 299 105 196 273 283 318 330 323 152 264 337 252 259 123 332 372 273 181 164 279 411 341 292 299 354 289 353 285 477 273 117 68 236 291 374 221 330 157 55 183 309 276 234 291 54 163 133 328 419 239 322 288 286 395 380
 313 257 235 157 190 203 149 141 133 210 87 159 80 66 408 253 151 197 14 169 81 176 339 350 235 295 129 96 1 36 333 246 297 229 141 256 303 168 65 228 107 159 109 125 286 350 28 111 75 281 325 114 184 356 351 358 305 347 151 273 187 166 52 290 330 258 366 234 194 364 83 163 218 135 279 200 294 364 238 365 242 218 191 159 148 175 316 234 376 292 309 193 296 139 190 187 311 98 202 150 368 269 105 125 286 194 357 240 151 150 282 331 110 359 143 190 217 328 263 136 194 49 58 306 230 270 74 329 237 203 223 277 261 264 240 64 281 11 226 390 324 245 400 304 218 102 324 300 230 176 285 33 244 287 319 176 202 316 151 305 143 270 221 306 166 215 23 167 208 292 318 346 351 60 264 271 279 168 107 257 299 177 86 73 242 349 320 219 205 343 195 319 191 419 231 70 34 217 300 311 190 306 62 50 210 326 218 148 218 43 188 60 284 359 198 309 304 232 340 340
 332 292 271 174 221 227 133 151 117 245 93 154 70 32 426 259 169 223 49 204 92 183 354 369 228 320 97 61 36 1 356 274 327 260 147 253 321 153 97 224 142 141 75 154 277 349 63 122 110 291 333 137 194 368 352 361 330 349 186 259 216 201 86 294 319 270 376 269 196 385 106 190 253 120 312 188 306 375 273 379 276 234 168 182 124 162 328 257 391 313 295 185 307 159 225 183 305 73 195 183 391 288 120 90 280 223 363 275 179 169 281 357 145 378 159 166 204 355 298 171 221 84 44 300 234 259 108 322 272 231 233 303 248 299 256 38 308 40 242 407 318 263 419 312 253 71 336 313 243 210 278 67 242 276 310 206 235 341 121 303 157 305 208 324 159 244 49 171 228 283 312 335 336 94 258 292 264 201 101 282 324 212 121 105 251 369 323 243 239 342 229 327 225 438 241 76 18 218 291 331 195 310 98 21 194 315 235 178 242 9 172 81 296 378 207 309 293 247 357 351
 48 239 260 186 177 132 313 220 315 245 271 267 310 384 92 176 189 139 331 249 267 205 88 47 267 47 449 401 333 356 1 111 119 148 232 243 63 311 334 248 293 324 389 217 289 242 321 240 282 136 153 220 184 123 227 214 41 215 283 325 158 252 294 188 324 134 142 224 222 37 252 175 244 311 170 300 117 138 276 104 195 133 357 175 354 301 115 101 104 47 338 274 124 198 220 254 276 348 265 217 38 76 239 404 263 158 185 220 189 189 229 54 307 53 201 367 307 61 275 258 146 297 326 266 196 300 319 287 242 140 163 69 311 244 118 347 77 324 127 86 275 103 81 161 222 369 119 109 137 212 272 306 237 312 302 173 186 34 388 243 206 234 305 55 273 141 345 226 129 289 268 326 368 326 262 65 337 206 287 82 41 251 274 268 162 35 198 116 218 237 222 155 221 99 156 286 364 219 290 36 208 188 308 351 326 325 129 198 117 363 322 277 122 46 180 224 312 125 68 130
 122 139 155 129 68 62 270 169 266 137 203 231 244 304 202 190 127 58 240 139 196 173 170 149 262 65 370 327 246 274 111 1 62 39 184 250 125 275 233 243 187 283 322 122 301 289 228 177 183 170 210 142 153 203 279 271 73 268 173 325 59 142 200 220 344 153 222 119 202 147 171 85 136 263 86 277 163 219 171 195 93 113 322 103 305 269 176 51 200 93 348 251 170 129 110 230 301 285 247 110 137 97 169 338 279 54 250 117 95 125 250 89 201 157 141 330 290 84 174 150 55 202 253 290 195 304 217 316 138 44 157 43 309 145 119 275 39 238 114 193 305 103 191 206 114 304 184 161 132 102 287 215 240 320 323 71 76 83 334 272 149 139 289 121 240 34 253 192 83 303 296 352 386 226 269 77 336 98 230 38 71 141 174 175 169 141 243 52 108 283 112 209 111 210 156 214 278 210 307 110 185 228 209 274 303 344 106 100 54 281 292 195 161 153 158 258 326 118 157 201
 150 126 152 190 108 123 331 230 327 145 262 292 303 358 207 244 188 119 290 163 254 234 199 165 321 83 423 383 297 327 119 62 1 69 246 307 158 337 275 301 223 345 380 174 357 336 277 237 229 218 251 200 213 234 323 314 82 312 199 383 115 167 248 270 399 204 254 117 262 151 227 142 140 324 54 338 206 250 167 219 88 171 383 163 366 330 214 108 221 125 405 312 214 189 131 290 354 344 307 151 128 141 229 396 335 105 289 111 150 186 304 72 235 171 202 391 350 64 161 184 114 251 310 344 253 362 258 368 133 103 214 70 368 129 172 331 55 290 170 203 357 154 194 252 120 362 221 202 187 133 342 265 297 377 378 122 102 87 394 324 210 119 350 152 301 85 302 253 143 359 349 405 442 269 326 117 395 135 290 84 87 161 219 225 224 153 289 112 122 330 130 251 131 210 211 272 330 269 363 135 245 276 253 329 364 399 163 151 114 335 353 251 206 164 217 309 382 173 181 236
 160 104 117 137 40 78 275 176 269 99 200 240 239 291 240 216 133 69 222 104 190 188 208 187 280 102 356 316 229 260 148 39 69 1 191 273 162 283 208 262 158 289 315 107 323 320 209 177 161 202 244 137 168 240 310 304 109 300 139 343 53 107 180 249 368 183 259 82 218 184 161 79 98 266 65 289 197 255 133 232 57 137 329 107 307 278 211 82 238 131 369 264 204 131 73 243 326 281 261 84 171 132 167 332 303 41 284 80 85 130 276 119 171 195 146 335 303 113 138 119 59 183 244 316 218 323 191 342 100 49 181 81 327 111 147 266 73 222 140 230 331 134 228 238 76 298 220 196 158 69 310 197 261 340 347 56 39 118 333 299 155 105 303 158 249 27 234 204 104 325 323 377 408 202 291 113 354 68 230 75 108 105 151 157 195 179 274 76 70 313 75 243 74 247 181 208 262 230 330 148 201 258 185 262 314 367 130 84 78 268 301 185 194 191 176 287 348 145 195 237
 199 271 264 56 166 124 87 17 85 236 56 50 85 169 289 113 59 128 147 203 62 37 213 234 110 206 229 178 141 147 232 184 246 191 1 122 185 92 181 97 182 100 161 114 162 211 146 36 142 146 187 72 51 223 212 218 216 207 210 166 140 202 133 150 209 126 230 244 55 255 80 116 241 81 255 101 161 229 275 236 235 100 139 86 125 87 183 147 248 186 198 79 162 63 201 62 181 119 81 155 269 158 49 174 154 152 217 247 116 62 145 249 195 243 46 146 117 249 294 178 134 135 107 173 89 153 177 199 256 145 88 196 150 279 119 126 207 132 107 269 192 130 283 165 229 140 191 169 102 181 156 131 109 171 193 142 189 226 157 168 37 279 119 190 60 167 161 28 110 167 184 223 241 173 134 169 176 166 57 175 209 211 146 119 104 238 180 137 214 204 207 181 203 301 96 73 161 78 174 202 50 166 159 135 125 207 103 126 135 153 111 88 152 244 62 170 185 111 218 205
 197 368 368 150 261 196 133 130 146 341 172 100 183 266 261 68 158 205 263 313 181 98 181 222 35 240 313 263 256 253 243 250 307 273 122 1 181 118 302 30 302 135 236 226 51 98 265 157 263 110 121 188 110 170 105 117 248 104 326 83 229 313 254 69 97 111 167 342 68 250 201 212 345 141 334 86 130 168 381 194 325 138 147 180 170 104 143 201 206 202 100 73 125 169 305 70 60 199 61 263 276 175 169 243 34 241 131 343 218 162 33 281 315 228 151 158 82 285 396 294 216 256 210 52 56 58 298 78 357 225 94 241 70 376 137 222 256 247 138 239 71 155 260 99 329 217 145 140 120 285 38 251 14 72 77 237 284 254 205 51 144 373 78 189 96 247 277 95 170 54 63 107 137 293 20 197 95 270 153 224 240 321 266 240 85 231 86 200 315 92 311 115 307 274 97 187 269 48 59 208 81 80 280 236 104 95 145 232 198 257 114 208 123 232 99 61 76 135 197 150
 17 263 278 148 178 114 261 176 265 258 231 214 267 347 107 115 153 125 303 252 230 154 47 50 206 77 410 360 303 321 63 125 158 162 185 181 1 257 314 188 282 271 345 199 227 183 295 200 262 73 95 190 135 80 169 158 80 158 282 263 151 254 270 126 262 74 99 243 166 74 221 159 258 260 203 243 55 95 294 73 216 88 301 147 302 246 58 88 81 34 276 217 63 165 227 197 215 303 207 210 96 37 202 358 201 156 132 241 172 154 167 109 297 59 163 311 248 114 298 252 135 273 286 204 137 239 302 226 261 134 107 91 250 269 67 307 105 293 80 88 214 59 99 101 237 324 64 48 84 214 210 279 176 250 240 166 194 81 337 182 165 262 246 9 219 146 318 174 99 227 206 264 306 306 200 50 275 204 241 88 73 256 257 245 102 55 138 102 229 178 231 97 228 118 99 247 331 160 228 29 153 127 288 313 268 263 87 185 101 328 266 244 60 60 127 163 250 76 40 79
 272 357 348 148 256 215 20 108 37 319 103 46 89 158 354 155 151 219 179 282 116 108 274 305 86 292 198 149 168 153 311 275 337 283 92 118 257 1 226 91 247 18 121 197 129 214 185 112 204 200 227 155 130 273 222 234 302 221 282 108 231 281 186 178 167 187 274 331 92 330 148 206 325 34 346 37 219 275 356 293 324 181 48 177 53 15 238 235 306 266 144 48 217 153 286 62 160 87 60 239 348 236 125 127 138 243 246 334 204 153 150 335 256 313 137 56 52 336 377 254 226 187 112 157 128 109 229 175 341 237 151 284 97 365 194 117 296 161 186 332 174 209 350 204 315 103 243 229 175 266 133 175 111 124 160 232 278 311 89 166 129 367 57 264 39 258 189 88 198 135 169 184 185 219 117 252 113 252 68 263 294 291 211 183 159 311 201 227 300 209 292 221 288 367 159 110 170 104 143 278 105 192 212 134 44 164 186 213 225 155 23 140 210 315 133 178 142 188 285 254
 322 211 186 178 169 204 208 176 192 164 133 210 139 121 416 286 170 196 52 125 122 212 356 358 285 291 173 153 65 97 334 233 275 208 181 302 314 226 1 276 57 219 171 118 337 391 42 147 53 307 353 130 214 377 390 394 300 384 98 329 177 122 50 326 383 283 390 192 236 367 105 159 172 194 247 256 316 387 185 382 207 236 253 169 211 232 338 235 393 297 365 245 320 157 153 236 360 162 252 125 365 279 136 186 333 180 389 199 146 168 325 321 53 367 167 253 274 316 211 95 189 48 120 353 267 324 18 377 191 196 252 270 316 218 259 128 271 68 244 400 371 259 407 335 178 165 347 321 252 145 334 53 289 341 370 163 174 311 215 349 170 225 278 316 219 200 49 209 217 343 364 398 408 10 312 275 336 141 161 253 296 132 60 71 272 355 356 219 167 384 156 348 153 426 259 120 86 259 350 317 228 341 27 113 269 380 234 137 219 102 248 95 308 365 228 350 357 250 353 364
 204 353 352 133 246 185 105 108 118 324 145 71 155 237 275 75 140 194 236 294 154 79 194 232 21 240 285 235 228 224 248 243 301 262 97 30 188 91 276 1 278 108 208 206 66 127 238 132 239 121 140 166 95 188 133 144 248 132 305 83 215 294 228 89 114 115 187 327 47 259 177 196 328 113 324 62 141 188 363 210 312 132 125 164 143 78 157 194 223 205 109 45 137 150 288 42 85 170 33 245 283 177 145 216 59 227 156 329 200 143 60 282 291 239 131 135 63 285 380 273 204 230 181 79 53 63 273 103 341 213 90 238 68 361 136 193 253 220 134 253 97 153 273 117 313 189 161 151 117 268 60 224 20 80 97 221 269 255 179 79 123 360 60 196 67 236 250 71 161 71 90 127 150 267 38 197 95 253 124 220 240 302 242 216 87 240 111 192 299 121 294 134 290 288 95 160 241 33 78 213 63 103 255 207 84 112 139 214 190 228 90 182 133 242 86 89 90 132 208 168
 288 156 131 162 121 169 230 173 216 108 145 221 166 171 380 274 153 159 95 69 133 206 326 322 291 248 227 202 107 142 293 187 223 158 182 302 282 247 57 278 1 243 214 87 343 383 80 148 43 287 334 117 202 351 380 382 257 373 45 343 136 66 64 315 390 263 366 136 235 328 104 124 116 217 193 272 293 363 132 353 151 212 281 143 242 250 314 198 362 261 377 255 297 140 98 242 361 197 260 78 322 247 135 231 335 136 372 143 111 150 321 274 16 331 155 282 289 269 158 41 150 65 153 353 260 333 40 379 135 154 238 227 328 162 234 167 225 106 219 366 371 231 369 318 122 205 322 297 231 92 337 81 289 351 375 121 122 268 253 346 161 170 292 283 230 155 99 208 187 348 364 404 420 54 315 239 351 91 179 212 254 76 38 65 258 317 344 183 111 376 101 330 98 389 243 138 136 256 355 281 224 329 46 155 289 387 209 99 183 149 268 107 285 329 217 343 365 226 321 340
 286 360 349 155 260 223 15 115 28 320 101 58 81 144 369 171 158 227 170 282 114 120 288 319 103 303 182 134 159 141 324 283 345 289 100 135 271 18 219 108 243 1 105 199 144 231 178 115 201 215 244 158 141 289 238 251 313 238 280 120 237 281 181 194 181 201 290 333 107 343 148 211 327 27 351 53 234 291 357 308 328 192 41 184 37 31 254 245 321 278 156 64 232 159 288 77 176 73 76 240 361 249 127 110 154 249 262 337 208 160 166 346 252 327 144 48 66 347 378 253 233 182 103 173 143 123 223 191 343 244 165 294 110 368 207 105 306 153 198 347 189 222 365 220 317 88 259 244 188 268 149 169 127 138 175 236 282 322 72 182 136 369 71 277 52 265 180 99 208 150 185 198 196 212 133 263 124 254 66 273 305 291 208 181 174 325 218 236 302 225 294 237 290 382 173 106 159 120 158 291 118 209 206 122 54 177 197 216 234 142 32 137 225 329 146 195 156 200 299 269
 358 360 340 204 279 268 104 170 91 314 121 143 81 56 448 261 203 267 122 273 128 194 371 394 205 359 78 32 109 75 389 322 380 315 161 236 345 121 171 208 214 105 1 210 248 333 135 150 178 301 336 181 211 378 340 351 369 339 258 219 266 270 154 291 282 283 382 335 194 414 155 239 322 96 372 156 318 382 344 393 339 259 116 222 73 134 340 296 406 344 254 164 318 196 290 171 279 43 176 245 425 316 155 18 257 276 360 341 231 203 267 399 218 403 190 110 169 398 369 240 268 153 71 277 234 226 182 294 340 279 245 345 212 367 278 51 352 110 266 428 293 289 443 313 319 22 346 327 262 273 253 136 227 240 278 259 295 379 54 285 184 372 174 350 144 296 122 176 262 254 289 299 292 167 236 325 221 262 104 323 362 281 189 169 259 397 316 284 305 327 295 330 291 461 253 109 87 213 261 360 200 306 170 60 153 278 261 233 282 70 133 131 309 404 221 296 258 270 378 359
 206 162 152 79 70 87 185 101 175 123 101 161 138 185 299 191 71 79 119 89 90 129 241 241 222 175 250 210 125 154 217 122 174 107 114 226 199 197 118 206 87 199 210 1 272 301 107 86 66 201 248 44 120 266 297 297 185 289 101 279 64 89 79 231 319 177 280 135 160 250 57 43 129 174 163 213 207 277 162 268 133 126 239 57 211 196 227 118 278 180 311 192 211 58 90 175 285 178 194 43 249 163 73 227 259 70 287 140 29 67 242 208 102 251 76 244 230 205 182 69 73 82 140 277 179 265 104 303 145 81 153 156 263 170 148 160 158 117 133 284 294 145 290 233 119 194 236 210 145 70 263 94 213 283 301 53 87 196 233 266 84 172 231 200 171 91 132 137 102 276 286 331 353 110 242 158 289 57 135 137 180 98 60 54 173 238 260 103 104 294 96 244 92 309 158 105 158 180 283 200 147 245 92 156 235 317 122 24 102 162 218 80 199 248 134 262 295 140 237 254
 242 417 416 197 309 246 147 173 163 388 206 128 209 286 297 116 205 255 295 359 216 144 220 264 53 289 325 277 286 277 289 301 357 323 162 51 227 129 337 66 343 144 248 272 1 99 298 196 303 154 154 231 158 204 112 129 296 117 370 46 278 359 291 105 48 159 196 391 112 293 241 261 393 159 384 93 174 198 428 229 375 188 143 228 176 117 183 251 241 250 50 94 167 215 353 103 35 215 86 310 321 224 209 252 28 290 152 392 265 208 62 329 356 269 197 153 80 333 444 338 266 292 235 37 106 25 336 48 405 275 144 291 42 425 187 243 306 278 188 276 49 204 298 135 377 231 183 182 170 333 18 285 62 25 34 285 333 302 208 58 189 423 74 235 121 297 308 136 220 7 47 62 86 329 32 246 56 318 180 274 288 367 306 280 135 274 110 251 363 96 358 149 354 310 147 219 294 95 15 254 127 111 318 259 99 46 196 279 248 280 116 244 168 274 148 78 26 185 238 185
 196 422 429 223 319 247 230 216 244 403 264 197 280 363 223 111 232 259 356 382 272 180 158 205 129 257 410 360 350 349 242 289 336 320 211 98 183 214 391 127 383 231 333 301 99 1 356 245 348 120 90 268 182 131 18 36 261 29 401 144 286 383 342 73 104 138 117 398 157 235 287 277 406 239 374 180 131 120 443 157 376 187 237 248 265 201 128 240 167 214 133 170 123 245 368 167 67 296 158 332 267 196 256 340 79 297 66 397 286 235 69 291 398 207 229 248 172 297 454 368 271 344 306 63 125 123 385 64 414 277 149 266 140 429 174 319 282 341 183 203 56 188 227 85 387 315 124 136 165 349 87 341 109 120 86 298 341 263 299 49 224 424 166 191 193 297 370 184 220 95 54 98 144 382 99 220 152 335 249 256 254 389 348 325 130 218 48 246 375 8 373 88 369 235 146 281 365 134 90 210 163 62 368 333 193 107 193 300 244 353 207 298 130 214 168 42 108 177 179 116
 304 231 209 151 169 190 167 143 151 184 94 171 98 92 399 254 145 183 16 143 85 179 333 340 246 280 152 123 28 63 321 228 277 209 146 265 295 185 42 238 80 178 135 107 298 356 1 112 50 279 324 106 183 352 356 362 290 351 124 289 170 140 29 294 343 256 363 209 200 353 76 147 192 153 256 216 290 361 211 359 218 212 212 149 171 192 312 221 370 281 325 206 293 132 165 198 322 122 213 128 354 260 104 152 296 175 359 215 135 143 289 314 83 350 139 213 233 311 236 110 179 27 79 315 233 284 48 340 211 187 223 262 276 238 235 90 264 28 220 382 334 238 390 305 193 128 321 296 226 152 296 17 252 301 331 158 180 302 177 313 140 244 237 297 179 196 26 173 198 304 327 359 367 36 274 259 296 145 121 242 285 151 61 54 242 339 323 206 180 349 170 319 166 410 230 80 58 223 312 300 194 309 35 76 228 340 211 129 205 70 207 59 281 349 198 315 318 226 333 337
