NAME : domp260p65v3
COMMENT : (Deleplanque et al.) 
TYPE : DOMP
DIMENSION : 260
DISPLAY_DATA_TYPE: NO_DISPLAY
OPEN_FACILITIES : 65
COST_SECTION
 1 387 223 104 236 283 144 260 335 358 451 341 384 312 62 23 243 372 437 382 268 247 387 209 333 182 384 315 204 281 280 328 178 139 19 192 399 415 133 43 22 404 90 336 205 284 217 183 188 430 298 183 285 380 348 111 276 131 319 353 313 11 256 264 377 295 278 264 312 347 465 364 356 130 418 410 353 51 372 443 280 295 120 214 99 123 281 435 373 29 345 177 45 473 296 320 338 307 208 236 220 339 142 215 193 230 398 268 253 36 428 257 447 283 239 142 419 77 122 222 461 345 208 423 328 391 129 122 296 331 314 270 387 244 405 204 308 68 242 329 141 251 431 361 286 253 274 70 195 190 269 375 388 319 301 404 218 210 326 167 148 385 328 222 309 289 188 239 283 197 64 371 101 330 81 154 240 309 74 370 258 352 441 253 363 202 48 95 120 177 194 326 286 335 5 261 327 175 357 396 321 331 101 174 137 390 372 414 221 207 267 242 248 44 245 469 285 462 328 248 111 340 382 268 32 260 379 84 388 190 353 181 337 336 396 328 51 423 137 332 218 170 117 247 228 130 112 254 326 222 269 92 38 471 304 392 79 73 359 59
 387 1 219 325 223 220 271 132 199 86 81 247 159 308 356 367 278 17 59 208 167 178 30 235 253 282 194 160 187 109 134 61 212 249 374 203 14 114 302 345 383 104 333 56 191 290 316 214 310 127 275 212 201 258 223 291 300 258 268 214 230 380 135 136 224 94 253 298 326 193 94 98 80 285 102 134 72 359 81 63 144 151 280 266 291 317 233 49 166 359 54 311 379 113 96 222 227 262 225 315 182 50 321 179 199 214 93 268 145 407 44 292 72 172 291 328 76 386 306 176 117 70 194 124 76 78 345 287 269 150 138 191 147 271 96 189 280 326 194 286 314 141 55 32 253 135 197 322 323 243 122 166 131 138 91 62 252 183 278 295 299 129 285 240 92 284 233 247 130 275 339 32 295 335 336 263 206 134 361 24 144 131 61 140 197 187 340 320 311 246 291 81 247 205 384 150 164 213 110 73 279 218 287 264 254 156 103 59 197 182 202 280 157 347 236 93 198 106 189 167 281 263 55 182 378 146 40 311 236 276 125 325 138 163 66 185 340 48 317 275 170 224 315 267 296 283 338 313 94 176 250 311 403 111 108 288 311 341 39 346
 223 219 1 220 229 66 80 148 114 157 298 327 164 347 171 209 280 208 252 161 209 195 233 215 125 237 163 249 83 122 188 164 87 131 205 70 227 204 99 185 209 286 141 164 67 317 291 66 267 315 107 144 64 168 317 179 319 117 120 134 296 221 104 165 158 155 287 309 359 125 311 251 233 193 294 307 160 220 171 281 77 224 172 50 157 115 275 258 299 199 166 259 196 328 163 103 122 107 16 303 56 184 243 141 78 8 192 80 83 228 249 300 290 64 288 251 220 190 212 150 326 215 53 309 197 191 135 102 102 256 102 232 168 67 282 73 118 187 205 344 105 140 246 205 85 120 241 181 282 204 148 154 290 237 166 263 36 139 130 238 227 170 343 25 185 106 188 252 189 57 161 192 124 376 148 70 19 224 169 196 79 262 257 94 311 118 187 206 112 193 254 199 81 296 219 181 262 104 253 263 126 302 138 212 145 170 164 221 31 119 238 281 68 180 248 311 64 319 280 184 121 135 243 49 201 76 195 181 170 59 139 274 254 269 259 277 194 238 237 133 109 76 219 66 84 190 135 314 131 66 278 132 222 326 195 187 170 156 209 210
 104 325 220 1 140 286 155 194 329 318 378 239 363 209 131 85 140 310 381 375 182 162 319 114 344 80 373 224 165 229 202 271 144 94 105 163 339 379 166 84 117 321 141 282 174 181 116 160 86 345 319 115 281 387 248 43 173 104 336 351 212 94 208 192 375 233 176 161 210 338 392 283 279 42 337 323 309 54 331 375 251 208 52 234 67 166 181 374 280 85 293 75 133 395 230 322 340 323 206 135 192 276 41 148 159 226 358 288 214 139 369 154 376 267 136 43 372 164 22 151 381 272 183 338 257 349 189 139 315 241 288 177 362 266 324 170 329 52 152 226 184 186 375 296 300 198 179 56 95 96 205 357 301 232 236 330 232 144 344 64 46 356 225 230 238 313 99 138 205 221 116 316 114 229 135 163 234 224 147 312 222 265 383 210 266 146 73 17 159 86 91 253 298 237 103 183 235 132 273 319 340 232 87 77 82 368 337 364 205 149 172 139 216 97 145 397 280 385 232 167 106 353 309 254 122 226 327 46 388 214 324 82 249 243 320 233 63 368 35 349 166 147 14 268 261 44 169 152 286 189 167 120 139 394 229 406 62 130 292 46
 236 223 229 140 1 284 207 111 307 249 257 112 315 119 241 215 61 208 281 345 57 49 208 28 342 68 337 88 147 162 91 183 147 129 232 160 236 308 235 203 244 190 235 197 163 90 94 167 91 211 334 90 270 375 114 128 94 151 343 330 81 227 154 97 352 144 60 86 133 312 270 156 158 107 207 187 235 190 258 260 214 79 120 266 151 243 51 268 141 211 209 94 253 268 137 312 328 331 220 95 177 178 116 90 152 231 284 308 172 268 266 79 258 244 72 122 287 277 119 82 251 158 177 204 148 271 275 205 328 105 246 41 310 293 195 157 344 171 32 118 255 111 277 192 310 134 41 170 102 47 121 314 166 101 141 209 257 91 354 85 98 298 117 250 133 334 54 28 94 261 221 225 191 149 232 208 234 97 254 218 182 131 282 162 128 112 193 143 235 62 72 143 305 100 235 78 97 131 144 196 351 97 164 64 119 318 272 274 201 111 34 62 184 213 20 276 268 258 93 62 174 353 191 238 245 187 239 155 366 256 271 106 115 106 198 94 187 270 116 356 124 164 126 292 301 107 257 97 222 168 50 207 267 268 116 401 166 232 185 179
 283 220 66 286 284 1 141 189 56 142 301 374 118 402 228 271 338 214 239 101 255 244 242 273 61 299 106 289 139 149 228 176 149 196 265 131 226 172 153 248 268 305 197 172 124 373 353 130 329 333 58 204 21 102 361 245 376 183 61 71 344 282 140 206 95 183 341 367 415 69 312 276 256 258 310 330 151 284 154 280 86 265 237 76 222 167 326 250 333 261 169 323 252 333 192 38 57 50 81 363 109 198 308 194 138 61 167 49 118 284 241 358 291 51 347 315 199 240 277 203 335 236 111 329 221 170 179 163 52 293 84 281 126 60 299 130 66 252 257 395 152 183 233 216 34 159 290 246 345 264 185 106 316 274 194 274 67 193 72 301 291 134 394 62 214 65 248 309 228 93 220 190 187 431 205 132 53 261 223 198 110 293 244 130 350 174 250 272 167 254 316 224 28 339 279 225 302 165 281 278 70 346 204 274 209 125 139 206 86 174 288 339 103 241 303 310 24 326 323 232 186 71 257 49 259 104 188 246 106 99 111 337 288 307 273 319 258 227 302 74 160 141 284 55 89 255 185 373 128 116 332 193 278 330 228 122 234 213 222 275
 144 271 80 155 207 141 1 165 192 225 345 316 242 319 94 131 247 257 313 239 207 188 279 186 195 193 241 254 90 163 199 211 70 82 126 72 282 277 34 107 131 316 66 216 81 288 246 60 218 345 166 119 142 241 312 119 286 61 184 211 284 142 139 177 235 189 265 275 328 204 359 278 264 138 328 332 223 145 239 332 143 229 115 80 90 48 257 315 311 121 222 209 119 372 193 179 197 172 65 261 90 228 186 135 78 87 263 135 127 150 307 267 338 141 251 192 288 118 153 145 366 248 77 339 229 259 79 23 163 265 175 224 245 112 315 85 176 114 193 323 51 155 307 250 149 145 231 108 232 170 170 233 312 248 198 303 80 131 192 188 174 246 322 81 213 159 157 225 202 67 82 248 47 346 71 11 98 236 94 250 129 279 317 132 314 111 110 140 42 155 210 229 148 293 140 186 268 82 276 300 188 295 69 170 96 248 236 286 82 115 227 247 117 101 224 360 143 362 280 181 50 203 282 126 123 129 254 112 247 60 214 222 267 276 297 278 118 299 179 198 116 53 157 114 107 135 69 275 195 95 255 53 145 370 216 256 98 78 251 136
 260 132 148 194 111 189 165 1 203 140 191 187 205 222 238 239 171 117 188 237 68 64 129 114 243 157 229 102 78 52 41 80 97 122 248 96 145 200 198 219 258 152 219 92 90 196 200 108 188 181 244 81 172 271 173 160 203 135 249 225 158 253 50 18 245 40 161 196 238 206 206 114 100 154 165 167 127 228 150 185 110 77 149 195 163 212 143 181 152 232 104 186 259 214 37 212 226 238 145 204 94 83 192 48 89 148 177 223 72 283 175 188 188 143 182 199 184 271 175 45 205 87 101 175 69 165 243 175 238 108 138 96 200 214 151 85 253 197 80 211 215 11 183 103 219 31 105 193 202 117 12 204 148 90 43 145 182 52 260 168 170 188 210 172 51 247 104 138 42 196 219 125 176 252 221 161 146 77 245 120 80 116 190 60 164 61 213 188 205 117 169 67 214 151 257 38 115 91 111 139 258 159 162 136 125 208 162 173 119 56 105 172 87 223 129 210 169 204 135 50 160 255 123 141 255 86 137 182 260 194 161 201 107 122 137 132 212 175 188 261 50 114 184 212 230 151 231 208 111 84 153 194 280 213 52 299 183 224 101 215
 335 199 114 329 307 56 192 203 1 114 276 387 67 423 281 322 365 196 205 48 270 264 224 301 55 332 52 297 171 155 238 168 187 237 317 169 201 127 207 298 321 294 251 159 159 395 384 170 364 321 87 236 51 70 370 287 400 227 73 24 359 333 155 220 47 186 361 392 438 14 286 270 249 298 296 321 128 333 122 253 94 275 279 131 267 221 345 220 333 312 152 358 306 309 196 29 29 71 129 393 141 189 348 220 174 107 128 96 136 338 210 384 265 65 374 355 161 295 318 226 315 230 147 317 218 135 234 214 82 297 70 297 78 113 287 164 89 300 278 413 207 200 199 202 73 175 306 293 379 295 196 55 311 279 196 257 122 220 82 337 329 90 412 115 215 99 279 333 238 147 272 168 237 453 258 182 97 268 277 178 126 293 210 146 355 203 300 316 220 287 349 222 69 348 331 240 308 202 278 264 84 358 250 307 250 74 103 171 125 202 306 366 125 292 326 283 51 303 331 250 234 65 244 76 312 121 162 292 61 153 76 373 291 313 259 328 306 194 341 78 186 182 326 108 141 294 239 401 113 146 353 245 332 306 233 98 282 266 210 322
 358 86 157 318 249 142 225 140 114 1 163 304 78 353 317 340 309 85 98 125 199 201 112 252 168 294 111 211 158 92 163 72 183 230 342 167 88 62 252 316 349 185 289 59 155 330 339 176 326 210 193 206 123 173 283 279 338 231 185 129 280 353 111 153 139 107 293 333 370 108 174 168 147 280 185 214 18 340 15 141 83 194 268 199 270 267 274 109 235 331 48 323 341 196 115 138 142 180 167 343 139 88 324 177 167 151 41 190 107 371 100 325 152 99 320 332 64 341 302 179 202 130 152 207 123 35 291 245 188 207 60 227 68 197 178 155 198 306 218 337 260 143 92 95 173 124 235 300 340 254 130 83 207 191 112 146 186 180 194 304 303 52 336 175 127 204 240 276 162 211 302 56 259 383 295 215 141 182 318 66 101 196 103 110 262 174 314 309 263 252 307 128 167 262 354 173 220 190 178 154 196 274 260 272 239 77 24 66 144 170 238 310 111 316 266 171 120 190 245 188 248 178 135 112 343 99 49 293 153 214 40 338 198 222 148 241 317 86 319 191 154 189 311 193 224 277 289 345 34 137 287 273 367 193 147 203 288 301 103 327
 451 81 298 378 257 301 345 191 276 163 1 244 229 314 426 430 303 91 86 280 202 219 67 275 330 322 264 175 258 182 177 136 282 312 439 275 76 173 377 409 449 77 404 134 264 304 346 287 346 80 354 270 281 331 218 348 316 324 347 290 237 443 207 189 296 158 270 316 333 269 16 103 101 337 63 101 151 417 155 26 224 179 337 345 353 392 250 64 153 422 134 349 448 34 157 300 304 341 303 340 257 118 366 237 270 293 158 348 221 473 72 312 13 253 317 373 129 457 357 231 45 107 269 83 124 146 421 359 349 160 218 218 216 351 69 261 359 387 232 287 390 201 88 95 333 203 222 383 357 288 183 237 112 157 151 49 331 242 356 337 345 198 287 320 142 364 280 276 174 354 408 111 364 338 407 337 286 160 432 104 221 134 82 214 187 251 403 375 385 294 327 126 327 205 448 196 173 279 116 62 358 219 352 309 315 225 176 113 274 246 228 306 234 413 265 21 278 30 194 212 349 340 70 262 445 223 115 371 308 355 201 362 148 168 60 190 402 90 364 353 236 296 366 347 376 336 412 334 174 251 269 381 470 31 150 361 373 411 94 404
 341 247 327 239 112 374 316 187 387 304 244 1 379 74 351 320 104 236 300 418 120 134 222 137 429 160 407 93 247 233 149 233 252 239 338 262 258 354 345 311 350 168 346 245 262 77 145 271 164 173 428 198 357 455 27 236 90 262 434 409 33 331 235 169 427 203 64 97 92 388 255 152 168 213 183 148 287 292 308 258 295 113 230 369 261 354 62 281 93 318 257 173 362 242 193 397 411 423 321 130 272 218 206 188 254 328 330 405 257 374 282 99 251 329 113 209 322 387 220 178 220 180 276 168 182 315 386 315 422 99 319 96 370 393 177 256 438 278 125 44 365 192 298 220 404 216 88 278 166 157 192 380 133 114 195 206 359 191 445 176 194 355 44 350 177 430 165 103 150 366 331 263 302 95 343 316 329 123 364 252 266 118 299 245 59 213 301 246 346 171 152 177 398 43 340 150 85 237 139 190 443 31 275 168 230 379 327 305 298 210 91 106 272 322 99 263 355 233 60 145 285 441 197 326 352 271 276 262 442 362 334 178 110 85 195 64 293 293 208 446 219 270 226 392 405 214 368 116 284 263 73 318 374 243 158 484 275 343 211 282
 384 159 164 363 315 118 242 205 67 78 229 379 1 425 334 369 375 161 150 52 270 269 187 314 115 353 37 286 199 155 235 147 220 270 367 202 157 64 262 344 371 261 304 136 190 400 401 207 384 285 152 258 106 104 359 322 407 265 136 69 354 381 166 221 69 178 364 400 441 55 237 245 224 328 260 290 95 375 79 204 113 268 312 191 306 277 345 168 312 359 125 380 359 261 187 95 89 136 178 407 172 165 376 235 205 157 72 162 152 390 159 393 217 102 386 383 104 352 349 239 271 207 182 282 199 84 293 264 148 283 76 298 14 177 253 193 153 341 285 410 265 206 145 171 139 183 306 335 400 313 196 13 284 266 185 220 180 236 143 360 356 32 409 172 202 165 298 342 233 207 323 130 284 454 311 232 146 257 332 141 144 273 155 160 339 224 345 351 275 308 367 204 135 338 380 241 296 232 255 230 146 349 292 328 282 8 57 117 164 222 308 376 148 341 333 232 105 257 321 255 277 122 210 117 364 139 120 331 80 212 46 396 275 299 223 317 350 142 370 138 205 220 358 172 205 324 296 412 96 174 357 294 385 258 222 134 323 318 180 364
 312 308 347 209 119 402 319 222 423 353 314 74 425 1 334 293 74 295 363 459 156 160 285 135 460 135 450 149 266 272 191 283 264 238 313 278 319 408 344 289 325 238 336 297 282 32 97 285 125 246 452 206 387 491 99 219 37 260 461 446 79 302 269 206 466 248 63 49 20 427 325 218 230 194 254 220 337 262 360 326 329 161 216 383 248 350 80 346 165 293 309 136 340 314 239 430 445 450 338 79 295 272 171 208 270 349 384 426 289 347 345 56 320 361 74 172 380 369 194 200 292 239 295 240 237 370 380 313 447 160 359 128 418 410 246 275 462 255 146 32 364 224 360 279 428 249 119 257 120 150 230 425 204 171 242 273 375 210 472 147 166 404 32 367 228 452 164 96 193 377 316 319 295 31 331 321 352 176 349 309 298 183 363 278 131 231 278 220 342 165 120 232 424 110 311 185 146 247 203 257 470 96 266 153 226 426 377 364 319 229 118 75 302 302 100 333 385 305 122 174 280 471 261 356 329 304 333 242 481 372 380 134 172 148 262 126 269 354 175 474 242 280 197 410 418 197 361 60 329 287 71 309 347 315 208 518 257 329 270 254
 62 356 171 131 241 228 94 238 281 317 426 351 334 334 1 61 262 342 402 327 261 240 361 215 275 200 331 309 170 248 264 296 145 121 44 155 368 370 75 49 43 387 31 303 167 304 245 144 215 415 239 169 232 322 353 117 298 104 260 298 321 65 222 245 321 268 291 286 338 293 441 348 337 141 401 398 314 91 331 415 235 287 122 156 91 63 290 402 368 53 310 204 26 451 271 264 282 249 157 263 179 310 171 197 158 178 355 209 215 58 395 279 421 233 261 173 379 37 142 205 442 324 167 409 305 350 69 73 237 323 268 269 338 185 387 168 248 81 238 346 81 227 396 333 228 224 274 78 225 195 245 324 377 309 276 381 162 192 266 188 170 338 345 167 287 229 188 250 267 139 21 336 63 356 24 104 189 298 17 337 219 341 406 218 363 178 60 117 62 180 215 304 228 338 58 247 322 148 343 376 261 336 80 185 126 340 328 376 175 183 268 261 207 35 253 443 232 440 328 237 79 282 359 218 33 220 343 93 332 132 306 212 328 331 374 327 70 388 165 273 191 133 141 188 168 139 52 280 286 183 281 46 52 449 286 333 78 17 333 91
 23 367 209 85 215 271 131 239 322 340 430 320 369 293 61 1 224 352 418 369 247 225 367 188 323 162 371 293 185 261 258 308 159 119 22 174 379 398 124 25 33 382 84 317 187 265 199 166 170 408 290 162 272 370 327 89 257 111 310 341 292 15 236 243 365 275 258 245 294 333 445 343 335 109 397 388 335 35 354 423 263 274 99 205 78 116 260 415 351 11 325 159 52 451 275 308 327 298 194 218 203 318 124 194 174 216 380 259 234 55 408 238 426 268 220 125 400 86 101 200 440 324 191 401 307 373 128 109 288 309 298 249 371 235 384 186 300 46 220 309 135 230 412 340 277 233 252 49 178 169 249 360 367 297 281 383 208 189 317 148 129 369 308 211 288 281 166 219 262 189 56 351 86 312 76 141 226 287 75 350 240 330 421 234 341 181 28 75 113 155 175 305 276 314 21 240 305 156 335 375 313 310 82 153 116 375 355 395 206 186 246 222 231 32 224 448 272 441 307 227 93 331 361 253 39 242 360 63 376 181 336 164 316 314 374 306 30 404 119 323 198 153 97 239 222 109 110 236 308 204 249 79 55 450 283 383 58 68 338 40
 243 278 280 140 61 338 247 171 365 309 303 104 375 74 262 224 1 264 336 404 113 108 261 67 397 63 397 129 200 221 149 242 196 166 243 211 291 367 271 218 255 232 263 256 216 43 45 216 61 248 386 137 326 432 119 146 40 188 397 388 84 233 212 157 410 203 43 30 81 370 316 202 208 122 249 222 294 193 318 309 272 129 143 314 175 277 57 322 169 223 268 70 269 311 196 369 385 385 270 38 231 236 104 146 203 284 343 359 230 277 320 21 306 301 14 107 345 297 123 140 292 211 230 241 204 330 307 240 381 145 305 89 369 342 238 210 397 184 92 87 291 170 332 248 363 194 83 185 64 79 181 373 202 148 200 257 306 147 408 77 96 357 86 300 190 385 94 34 151 306 243 283 222 99 258 250 287 147 276 275 240 172 337 220 145 166 207 150 269 93 50 199 359 116 242 137 133 179 188 243 405 106 193 80 153 377 332 331 254 165 78 3 241 230 44 323 324 301 118 122 207 409 241 294 258 245 297 170 425 301 330 75 157 140 246 121 198 326 107 410 180 210 127 342 348 124 288 38 281 223 38 236 278 311 172 457 185 256 240 185
 372 17 208 310 208 214 257 117 196 85 91 236 161 295 342 352 264 1 74 209 152 163 29 220 249 266 195 147 173 95 118 47 198 234 359 189 30 121 289 330 368 101 319 45 178 276 301 200 295 126 269 196 194 257 213 275 287 243 263 212 218 365 121 120 223 78 240 283 313 191 104 89 70 269 101 130 69 343 83 75 135 137 264 256 276 304 219 65 157 343 46 295 365 122 80 218 224 257 213 300 169 35 305 163 185 204 99 261 132 392 60 277 83 165 277 313 87 372 290 160 122 57 181 123 61 84 332 273 263 138 132 176 149 262 93 175 275 311 178 273 302 125 70 17 247 120 183 306 308 228 106 167 125 125 75 63 242 167 274 279 284 132 273 230 76 278 217 232 115 264 324 32 280 323 322 250 196 121 347 20 132 121 76 126 188 172 325 304 298 230 275 66 241 193 369 134 152 198 101 70 274 206 272 248 239 159 104 71 185 167 187 266 145 332 221 105 191 114 178 152 266 260 51 173 363 134 43 296 237 265 124 309 127 152 64 173 325 63 301 271 155 210 300 258 286 267 325 299 87 163 236 297 388 119 93 288 296 327 26 330
 437 59 252 381 281 239 313 188 205 98 86 300 150 363 402 418 336 74 1 201 225 236 79 293 258 340 185 215 235 157 192 112 260 301 423 248 46 91 343 395 431 143 377 102 236 346 374 259 368 157 288 267 220 253 275 345 357 307 277 215 285 431 182 193 218 149 310 355 382 196 90 148 134 340 134 172 93 412 86 61 176 209 334 296 343 358 290 23 213 409 94 368 426 116 153 231 232 274 261 373 224 107 378 234 246 246 79 288 188 455 19 349 73 197 349 386 47 430 362 232 130 127 237 157 134 71 384 331 283 204 158 248 137 295 133 235 292 378 252 339 353 195 7 90 269 187 255 374 381 301 177 160 175 194 147 99 282 238 286 353 356 120 339 271 150 299 290 305 189 307 386 67 342 390 381 304 237 191 405 70 185 183 6 185 247 239 391 374 353 303 349 139 264 257 434 208 218 263 162 114 288 271 337 321 307 145 103 35 234 235 259 338 197 396 294 84 218 114 243 225 329 267 104 209 426 185 60 364 228 310 131 383 192 217 108 239 392 15 374 282 221 271 371 290 322 338 379 371 122 220 307 357 450 113 166 282 362 387 97 399
 382 208 161 375 345 101 239 237 48 125 280 418 52 459 327 369 404 209 201 1 304 300 236 341 74 375 17 326 215 188 271 190 232 282 364 214 208 113 253 345 367 309 297 179 203 432 426 216 406 334 117 278 98 53 399 333 438 273 97 32 391 380 193 254 18 215 397 431 474 38 288 291 270 343 309 338 141 380 128 256 133 306 325 175 314 267 380 219 357 359 170 401 352 313 225 67 52 100 176 434 185 209 392 260 219 154 124 134 175 384 210 423 268 109 414 400 155 340 364 265 322 252 193 331 242 135 279 261 113 325 101 332 65 154 301 208 114 346 315 446 252 236 196 218 111 212 341 340 422 336 230 44 330 307 224 269 168 260 101 380 374 83 446 162 242 130 321 372 270 192 319 179 284 489 305 229 144 296 323 190 166 317 206 185 381 245 347 362 267 329 391 246 108 378 378 275 337 246 300 278 105 388 297 350 295 57 107 169 171 244 342 405 166 339 364 283 98 308 361 286 281 78 258 121 359 160 170 339 29 199 87 417 317 340 272 357 353 193 386 94 227 229 372 149 181 339 285 440 136 190 390 291 378 309 261 82 328 313 227 369
 268 167 209 182 57 255 207 68 270 199 202 120 270 156 261 247 113 152 225 304 1 22 152 74 310 121 295 49 129 117 37 131 139 141 260 146 180 256 239 231 272 140 249 144 145 132 150 156 146 164 309 93 238 339 110 159 140 161 315 292 91 260 117 51 312 94 96 135 173 273 216 103 103 143 157 143 184 227 207 204 177 28 149 252 174 250 77 212 108 241 157 148 278 216 85 279 293 304 203 150 153 123 165 73 138 209 232 286 138 297 209 128 203 210 126 172 233 297 160 63 201 101 158 157 92 219 282 211 303 64 204 29 263 275 144 138 318 202 31 144 257 72 221 136 284 97 38 199 159 88 75 269 121 52 88 154 241 77 326 136 145 249 143 232 78 311 84 81 39 250 241 171 204 186 248 205 209 44 272 162 147 85 226 126 108 98 222 181 242 97 127 87 279 89 266 31 63 126 93 142 324 94 182 109 136 271 222 219 179 95 39 115 153 238 70 222 236 206 74 27 186 322 135 207 271 153 184 185 327 247 225 162 70 71 143 72 218 214 164 327 101 157 169 273 288 143 267 149 174 144 89 221 295 216 60 366 192 250 129 215
 247 178 195 162 49 244 188 64 264 201 219 134 269 160 240 225 108 163 236 300 22 1 166 58 301 105 292 70 114 115 46 136 121 120 239 130 191 260 219 209 250 160 228 149 130 133 141 139 133 185 297 73 229 332 126 138 140 140 304 286 103 238 109 50 307 97 99 133 175 267 234 122 120 123 176 164 187 206 211 219 170 49 128 237 153 230 83 225 129 220 162 134 256 235 89 271 286 293 188 143 140 132 148 56 121 196 237 273 130 276 221 125 219 202 120 155 240 275 141 46 220 116 143 178 104 224 262 191 292 85 200 38 263 260 163 123 307 180 17 152 238 65 232 147 273 90 47 178 146 69 73 267 142 73 94 171 226 59 315 120 127 250 151 217 87 299 63 75 49 234 220 178 183 190 227 186 197 64 251 171 139 106 238 118 127 81 201 161 222 77 114 99 268 106 245 30 84 107 113 160 313 109 160 90 115 271 224 227 166 78 45 110 143 217 66 239 227 224 93 15 165 313 151 197 250 145 192 164 322 230 224 148 91 92 161 91 197 224 145 317 87 139 150 259 272 122 247 145 174 131 91 200 274 234 72 359 171 228 141 194
 387 30 233 319 208 242 279 129 224 112 67 222 187 285 361 367 261 29 79 236 152 166 1 223 277 270 221 138 192 117 122 71 216 249 375 209 37 143 311 346 385 76 339 71 199 269 301 221 297 99 297 208 222 285 198 287 280 260 291 240 207 380 141 128 251 94 233 278 304 219 81 71 56 279 74 105 97 356 109 57 162 133 276 282 290 326 213 62 139 359 74 298 383 96 93 246 252 285 238 298 192 52 311 175 204 229 121 288 155 409 61 273 61 192 274 319 104 392 299 170 95 51 204 96 64 107 355 293 291 126 160 173 175 289 67 196 303 325 180 262 324 138 76 30 274 138 179 320 309 233 119 193 103 117 87 35 268 180 302 284 290 157 262 256 82 305 224 231 118 289 343 58 299 312 342 272 223 115 367 47 156 105 78 148 171 187 340 315 320 237 278 68 268 180 384 139 141 215 85 44 302 194 288 254 252 184 130 86 209 182 184 263 169 349 220 83 219 87 165 156 284 288 27 200 381 158 68 309 264 290 151 312 115 139 38 161 339 71 308 299 171 230 309 285 313 277 347 295 115 185 230 316 406 93 94 315 310 346 29 343
 209 235 215 114 28 273 186 114 301 252 275 137 314 135 215 188 67 220 293 341 74 58 223 1 332 48 334 112 135 162 103 190 131 106 205 145 248 313 213 176 217 212 210 203 150 104 88 151 76 234 321 72 260 367 140 101 105 128 331 324 107 200 150 103 346 150 81 95 146 306 289 176 175 80 229 211 239 164 263 276 209 99 94 249 125 220 76 282 167 184 216 77 227 289 144 303 320 319 205 94 165 188 93 82 137 218 289 294 167 241 278 87 275 237 75 100 295 251 93 77 273 173 164 227 161 277 251 182 315 129 243 65 310 277 216 144 331 144 44 138 232 111 289 204 298 132 66 143 90 21 124 312 189 122 149 227 241 82 342 63 73 299 137 234 144 320 30 41 106 243 195 234 167 163 207 187 222 116 228 227 176 154 295 157 154 100 166 117 212 35 57 157 293 127 208 86 122 114 165 215 339 124 139 38 95 317 275 283 188 100 60 67 177 187 40 295 258 278 120 69 150 343 208 229 218 182 247 128 361 238 270 91 138 131 216 120 160 281 92 345 115 146 100 277 283 80 233 101 223 158 70 182 240 288 130 392 139 206 198 152
 333 253 125 344 342 61 195 243 55 168 330 429 115 460 275 323 397 249 258 74 310 301 277 332 1 359 87 341 199 199 281 218 209 255 315 191 255 177 201 300 316 346 245 211 184 431 412 189 389 373 45 263 73 48 414 303 435 241 24 47 400 333 195 261 59 232 398 425 473 63 340 321 300 317 349 373 181 339 176 307 136 318 296 120 279 213 383 273 382 313 205 382 299 363 242 33 28 30 139 423 168 240 367 253 198 120 181 69 173 330 264 417 319 101 406 374 214 282 336 261 369 281 171 369 267 189 219 216 43 344 120 337 127 92 339 190 41 308 315 452 196 239 253 254 48 214 346 302 405 324 238 103 361 325 243 311 117 252 29 361 351 141 451 115 262 58 308 367 281 137 270 222 241 489 253 186 113 313 268 231 164 341 264 185 401 233 304 329 214 314 376 271 49 393 329 280 354 225 327 317 32 401 260 333 269 121 157 225 146 233 345 398 159 292 361 337 76 357 376 288 242 13 296 105 307 159 216 303 63 144 130 397 338 359 311 372 312 248 361 24 219 200 343 88 115 314 228 432 165 175 390 245 324 360 279 63 290 261 262 330
 182 282 237 80 68 299 193 157 332 294 322 160 353 135 200 162 63 266 340 375 121 105 270 48 359 1 370 156 162 203 150 235 151 112 181 169 295 355 214 156 193 258 202 248 176 105 55 171 33 278 342 98 289 397 170 85 100 133 355 355 134 172 188 148 378 195 97 88 140 339 336 222 222 60 274 255 282 133 305 323 244 145 83 265 115 219 103 329 207 161 260 30 207 335 189 332 349 343 225 70 193 234 49 119 162 241 332 314 202 216 325 80 323 268 62 55 340 235 62 116 318 220 189 272 208 321 247 183 338 173 279 108 349 295 262 171 353 122 91 148 234 153 335 251 321 172 108 123 48 41 168 349 233 168 195 274 258 117 366 18 35 339 147 254 191 340 56 61 153 255 182 279 163 158 197 197 247 163 215 273 211 198 341 194 190 131 145 88 211 47 19 204 317 161 181 133 164 135 211 262 362 154 134 26 98 356 316 328 214 132 100 62 210 168 69 342 287 324 158 116 149 369 255 258 196 216 292 108 393 249 310 45 183 172 263 159 136 327 50 369 149 163 67 295 297 63 228 84 264 187 89 176 216 335 177 420 123 195 245 124
 384 194 163 373 337 106 241 229 52 111 264 407 37 450 331 371 397 195 185 17 295 292 221 334 87 370 1 315 211 178 261 178 230 280 367 211 192 97 257 347 370 295 301 167 200 424 420 215 401 319 128 274 100 69 388 331 430 272 109 42 381 382 185 245 34 205 388 423 466 39 272 278 257 340 294 324 128 380 113 240 127 295 322 181 313 271 371 203 344 361 157 396 356 297 215 75 63 112 178 427 182 197 389 253 216 156 108 143 169 388 194 415 253 107 407 397 139 346 361 259 306 239 190 317 230 119 285 263 125 313 93 323 49 162 287 205 127 346 307 437 258 228 180 205 120 204 332 340 417 331 220 29 317 295 213 255 172 254 115 375 370 67 436 166 231 142 315 364 260 198 322 164 285 480 308 231 145 285 327 176 160 304 190 178 369 240 348 360 271 324 385 234 117 367 380 266 325 243 287 264 118 377 297 345 292 41 92 153 170 239 333 398 161 342 356 267 100 293 350 278 281 92 244 120 362 154 155 338 44 204 75 412 305 329 258 346 354 177 383 109 222 227 369 157 189 336 290 433 124 186 381 294 382 294 250 98 328 316 213 369
 315 160 249 224 88 289 254 102 297 211 175 93 286 149 309 293 129 147 215 326 49 70 138 112 341 156 315 1 173 143 62 140 185 189 307 190 171 263 286 278 319 104 297 153 187 133 172 201 176 124 345 142 271 365 74 205 144 209 348 318 72 306 150 85 336 112 97 143 168 298 188 74 83 187 122 100 195 272 216 182 207 26 195 294 222 297 77 199 60 288 165 180 325 183 102 309 322 338 245 166 193 126 203 119 182 248 239 324 172 344 198 139 178 241 142 209 232 345 203 110 165 91 199 117 91 224 330 259 339 18 229 49 278 315 110 181 354 248 74 128 304 109 212 131 320 131 50 246 185 129 105 288 79 23 103 129 282 124 359 172 184 262 128 272 85 348 128 103 62 294 289 172 252 177 296 251 247 31 320 162 180 44 215 160 63 144 269 225 290 140 157 85 314 53 313 70 15 173 60 115 358 63 230 149 184 287 234 216 219 140 57 131 188 286 92 195 268 173 36 74 234 353 115 240 319 185 186 231 351 291 242 192 29 23 118 32 264 206 202 360 144 203 211 313 330 187 315 161 192 184 95 269 342 183 66 394 239 298 122 260
 204 187 83 165 147 139 90 78 171 158 258 247 199 266 170 185 200 173 235 215 129 114 192 135 199 162 211 173 1 79 114 127 27 73 189 19 199 217 122 162 197 228 148 135 17 236 215 31 193 257 188 66 128 236 238 124 238 74 198 194 215 198 54 91 218 101 206 229 278 179 272 190 175 130 239 244 151 183 171 247 87 147 114 124 113 137 193 234 227 176 142 188 193 284 105 171 188 186 75 225 32 141 179 60 13 85 198 162 51 221 226 220 252 107 208 186 217 201 151 69 277 159 31 251 141 190 167 102 182 182 124 151 198 148 226 10 198 149 124 262 139 68 229 164 164 57 160 143 209 126 82 193 225 164 110 215 113 57 208 166 159 192 261 104 124 188 110 171 116 122 153 169 109 295 150 84 88 151 175 168 58 193 238 51 235 36 159 154 130 117 179 140 160 217 200 103 187 34 188 211 206 222 104 137 84 204 175 211 55 38 157 201 52 162 166 274 126 274 202 104 95 210 193 97 192 62 177 137 232 119 160 203 182 194 209 200 161 221 172 211 30 39 160 147 160 127 157 235 125 26 196 125 217 282 129 259 132 155 164 171
 281 109 122 229 162 149 163 52 155 92 182 233 155 272 248 261 221 95 157 188 117 115 117 162 199 203 178 143 79 1 85 49 104 145 267 94 121 153 195 239 275 164 225 57 83 247 249 106 234 194 206 116 130 224 217 191 253 151 207 177 205 275 26 67 196 36 211 247 288 157 197 131 112 190 173 186 81 256 104 170 65 121 180 171 187 210 193 155 185 253 65 232 271 211 45 167 180 197 124 254 76 65 233 86 91 120 131 189 41 299 148 239 176 100 232 241 144 278 212 88 206 94 88 188 76 121 239 179 199 146 88 145 149 184 160 81 214 223 131 260 209 53 151 88 181 33 154 218 249 163 43 154 171 127 47 143 157 89 218 213 212 138 259 146 66 211 149 188 84 176 231 91 187 302 228 156 115 115 253 90 44 146 161 32 203 85 235 221 204 160 217 78 175 195 277 88 155 107 134 142 217 204 181 181 152 157 114 136 95 81 155 223 56 240 179 198 127 201 178 101 173 211 122 101 270 48 100 209 211 176 110 247 141 161 139 174 236 143 228 218 66 116 221 181 205 187 231 258 62 69 204 203 295 209 81 252 206 233 90 243
 280 134 188 202 91 228 199 41 238 163 177 149 235 191 264 258 149 118 192 271 37 46 122 103 281 150 261 62 114 85 1 95 130 144 270 132 147 220 232 240 280 125 248 108 128 168 184 144 178 152 283 98 210 307 134 173 176 161 287 261 122 271 89 24 280 58 131 171 208 240 192 86 79 161 140 135 148 243 171 176 147 38 162 234 182 245 112 180 114 252 121 178 283 196 49 250 263 277 184 185 133 88 191 68 125 187 196 263 111 306 177 164 176 181 161 198 197 299 181 60 183 72 139 146 59 183 277 207 277 69 171 65 227 254 126 122 292 214 61 177 249 48 187 103 259 70 73 211 191 113 44 235 115 51 52 129 222 73 298 164 170 214 176 211 43 287 104 116 5 234 245 135 204 221 249 195 186 38 273 127 119 80 193 99 124 90 232 199 237 118 158 55 253 112 277 20 76 120 80 119 297 121 186 134 143 236 187 184 158 85 75 151 127 246 106 197 208 185 96 36 187 293 108 179 278 124 149 198 294 232 190 192 69 83 119 92 230 180 188 299 85 148 190 252 270 160 263 185 139 123 125 222 303 194 28 335 202 251 97 230
 328 61 164 271 183 176 211 80 168 72 136 233 147 283 296 308 242 47 112 190 131 136 71 190 218 235 178 140 127 49 95 1 152 191 314 142 73 127 242 286 323 130 273 15 131 261 275 154 265 158 233 157 156 234 213 234 270 198 230 187 210 321 75 88 202 41 224 265 301 166 150 104 83 231 135 156 55 301 78 122 93 124 223 212 232 258 205 108 168 299 27 264 319 166 48 186 195 222 168 277 123 23 270 124 139 160 103 221 86 347 101 258 129 126 254 278 106 326 252 123 164 64 135 154 53 89 286 227 227 137 99 158 138 220 124 129 240 268 152 266 255 86 106 43 209 76 166 263 279 195 68 150 144 120 43 101 198 128 241 247 249 123 265 186 57 240 183 209 92 219 279 46 235 312 276 203 153 111 301 43 86 128 115 80 193 129 281 264 252 195 246 58 203 192 324 107 150 153 111 103 241 203 228 215 196 148 95 95 139 124 169 244 99 288 199 151 153 157 175 123 221 229 82 132 318 88 58 254 216 220 104 279 129 152 98 170 282 98 266 239 111 164 262 217 244 228 279 279 56 117 218 251 343 163 76 264 252 281 47 288
 178 212 87 144 147 149 70 97 187 183 282 252 220 264 145 159 196 198 260 232 139 121 216 131 209 151 230 185 27 104 130 152 1 51 164 20 224 241 103 136 172 248 124 160 31 234 205 22 181 277 193 60 141 249 246 103 235 49 205 209 221 173 79 108 233 124 206 224 275 196 296 210 196 112 260 263 177 159 196 271 109 160 93 120 88 116 196 259 242 150 168 174 168 307 127 183 201 193 75 217 49 166 161 67 16 91 222 165 76 196 252 216 277 124 202 169 242 177 132 77 299 181 41 270 163 215 148 80 188 196 146 158 220 147 247 28 203 124 128 264 121 87 254 188 170 80 166 119 197 119 103 214 243 179 132 238 111 63 215 153 144 215 263 105 146 191 103 169 132 115 128 194 84 293 126 67 97 166 151 194 82 209 264 76 246 42 133 132 109 107 169 162 167 227 175 117 199 18 207 233 212 230 78 126 64 225 199 237 65 46 162 196 75 137 166 299 139 297 213 113 70 219 216 112 167 86 202 113 247 111 183 189 198 207 231 210 136 246 155 219 48 19 140 147 155 108 135 228 150 47 196 100 192 305 148 271 107 131 188 147
 139 249 131 94 129 196 82 122 237 230 312 239 270 238 121 119 166 234 301 282 141 120 249 106 255 112 280 189 73 145 144 191 51 1 128 70 262 289 108 98 138 268 110 200 81 207 166 67 140 296 234 49 189 296 238 52 205 24 249 258 208 132 121 127 283 157 185 194 246 245 327 229 219 64 283 278 222 112 243 305 159 166 43 154 43 116 179 297 248 111 210 131 140 335 157 231 249 236 117 181 99 201 114 78 66 136 270 204 124 163 291 185 309 174 170 121 287 157 83 86 324 208 91 289 190 261 147 77 230 203 196 151 270 184 269 78 245 78 120 243 128 112 295 223 213 116 158 73 155 89 131 264 257 189 163 266 148 73 258 110 98 265 242 145 171 230 77 145 148 144 102 235 65 264 108 86 143 177 132 233 131 221 304 121 245 63 92 82 108 74 130 188 210 221 136 127 202 41 223 259 255 221 43 89 15 275 247 280 113 68 152 166 124 103 144 330 188 324 210 117 47 265 244 162 135 134 245 65 296 138 232 145 207 211 258 209 92 287 107 263 81 56 91 185 185 60 130 194 197 97 175 82 160 333 168 317 63 110 221 99
 19 374 205 105 232 265 126 248 317 342 439 338 367 313 44 22 243 359 423 364 260 239 375 205 315 181 367 307 189 267 270 314 164 128 1 177 386 398 115 31 13 394 72 322 189 284 220 167 190 421 280 173 267 362 344 105 277 117 301 335 310 22 241 253 359 283 276 265 314 329 454 354 345 126 408 401 338 55 357 431 263 287 113 196 88 105 278 421 366 21 330 179 32 462 283 302 320 289 190 239 204 326 145 204 178 212 382 250 238 38 414 258 435 265 240 145 403 65 121 211 451 334 192 414 316 376 113 104 278 323 298 264 370 226 395 189 290 62 235 328 123 239 417 348 268 240 268 63 198 185 257 358 380 311 289 393 200 199 307 167 148 369 327 204 298 271 181 237 273 179 46 357 85 333 63 136 223 300 58 356 243 344 426 239 357 189 39 94 102 171 194 314 268 331 15 252 320 162 348 385 303 327 88 171 127 373 356 399 204 194 262 242 232 28 241 457 268 451 322 240 95 322 371 250 18 244 365 78 370 172 336 185 329 329 384 322 46 409 139 314 205 155 117 229 210 125 95 256 311 206 267 74 36 460 294 374 69 55 347 60
 192 203 70 163 160 131 72 96 169 167 275 262 202 278 155 174 211 189 248 214 146 130 209 145 191 169 211 190 19 94 132 142 20 70 177 1 214 225 104 150 184 246 131 149 14 248 222 13 199 275 177 75 122 230 254 121 249 65 188 191 231 187 69 110 215 118 219 240 290 177 289 208 193 130 257 262 162 175 181 263 92 165 112 108 106 119 207 248 245 165 156 192 179 302 123 165 183 176 61 234 31 158 180 75 10 74 207 149 62 207 241 231 269 106 218 188 228 184 151 85 295 177 22 269 158 200 149 86 171 200 128 167 202 134 244 14 187 141 139 276 120 86 242 181 154 74 176 135 215 135 100 195 243 182 128 233 98 72 198 171 162 198 275 90 143 175 119 183 135 105 138 182 94 307 135 66 79 169 159 183 67 211 252 64 252 50 148 150 112 124 186 158 150 234 188 121 204 35 206 229 196 238 94 143 82 207 182 223 46 53 172 212 58 150 179 291 121 292 220 120 82 202 211 94 179 69 190 130 229 102 165 207 201 212 226 217 152 234 174 202 48 23 159 133 144 127 139 244 135 31 209 110 203 300 147 253 123 140 181 163
 399 14 227 339 236 226 282 145 201 88 76 258 157 319 368 379 291 30 46 208 180 191 37 248 255 295 192 171 199 121 147 73 224 262 386 214 1 109 312 357 395 110 344 66 203 302 329 225 323 130 279 225 206 258 234 304 313 270 271 215 241 393 146 149 223 107 266 310 338 195 88 107 91 298 105 139 76 371 81 55 152 164 293 274 304 328 245 36 175 371 62 324 391 109 110 225 229 266 234 328 193 63 334 192 211 222 89 274 156 419 31 304 66 179 304 342 68 397 319 189 115 82 205 128 89 75 355 298 273 161 143 203 145 277 101 200 284 339 207 297 324 154 42 45 258 147 210 334 337 257 135 165 139 150 104 66 260 196 281 308 313 127 296 248 105 289 246 260 144 283 351 37 307 347 348 273 214 147 372 32 154 141 47 151 207 200 353 333 322 259 304 94 252 215 396 163 175 225 120 78 282 229 299 277 267 154 102 51 206 195 214 293 167 359 249 86 203 103 200 181 293 265 63 189 390 155 40 324 236 285 126 338 149 174 72 196 353 36 331 278 182 236 329 273 303 296 349 326 100 187 262 322 415 106 121 288 323 353 52 358
 415 114 204 379 308 172 277 200 127 62 173 354 64 408 370 398 367 121 91 113 256 260 143 313 177 355 97 263 217 153 220 127 241 289 398 225 109 1 302 374 405 217 342 113 212 387 399 233 386 237 213 267 156 165 332 339 395 289 198 132 333 411 172 212 131 165 350 390 426 116 180 209 190 341 213 247 74 399 51 148 136 248 328 240 329 317 330 110 278 388 100 384 395 205 173 154 151 197 216 402 196 137 385 238 226 197 25 218 167 426 103 383 161 141 379 393 45 392 363 240 217 175 208 236 173 40 338 298 208 256 104 283 51 231 208 214 214 364 277 389 308 204 87 136 197 185 291 359 401 315 189 75 244 241 169 173 227 241 205 365 364 38 389 217 181 225 301 334 218 254 357 93 315 437 348 268 187 234 370 104 160 241 95 170 308 234 372 369 314 313 368 178 192 312 411 231 270 249 221 185 208 324 318 333 299 58 43 61 196 231 294 369 168 372 324 174 154 202 295 247 305 185 169 156 398 157 79 353 140 258 66 399 246 271 179 291 376 85 380 200 214 246 372 226 259 338 338 404 94 195 344 327 421 202 201 194 347 354 145 387
 133 302 99 166 235 153 34 198 207 252 377 345 262 344 75 124 271 289 343 253 239 219 311 213 201 214 257 286 122 195 232 242 103 108 115 104 312 302 1 103 116 349 45 247 113 313 267 92 238 378 167 149 158 248 342 135 311 85 187 224 314 133 171 210 247 221 292 299 352 219 391 311 296 157 361 364 252 145 266 363 170 261 134 82 104 17 285 345 343 115 252 228 100 404 226 190 207 176 87 283 121 260 201 167 111 107 289 136 158 132 337 291 370 162 274 206 315 91 168 177 398 281 108 372 262 286 46 32 165 298 199 254 267 112 347 117 177 120 223 350 21 188 336 282 154 178 261 114 251 195 203 252 345 281 231 336 87 163 194 208 192 268 349 93 246 158 183 252 235 65 70 279 54 370 53 40 117 268 71 281 159 311 347 164 346 143 109 151 14 181 232 262 154 324 129 218 300 114 308 332 189 325 83 193 120 268 261 314 109 148 257 271 147 93 251 392 159 395 311 213 66 208 314 147 107 159 284 122 257 58 237 239 300 308 330 309 119 328 194 200 149 86 171 115 99 154 38 298 223 127 282 49 126 402 249 260 106 61 284 139
