NAME : domp50p12v3
COMMENT : (Deleplanque et al.) 
TYPE : DOMP
DIMENSION : 50
DISPLAY_DATA_TYPE: NO_DISPLAY
OPEN_FACILITIES : 12
COST_SECTION
 1 203 44 188 224 330 87 85 134 185 190 351 235 79 81 269 180 255 214 208 121 136 53 181 320 148 134 193 173 48 312 206 100 285 90 304 102 73 222 87 64 284 226 69 247 90 189 188 245 190
 203 1 162 389 261 315 121 285 270 354 18 302 146 188 139 330 216 244 56 394 89 236 221 382 454 343 107 41 300 185 425 17 289 213 284 335 176 256 254 162 265 369 283 135 328 131 377 325 393 280
 44 162 1 231 206 306 44 124 141 209 149 321 196 85 58 259 159 229 171 240 78 128 68 222 333 190 106 150 180 57 319 164 132 250 132 289 100 111 203 58 104 282 213 33 242 49 221 198 261 185
 188 389 231 1 343 455 274 117 217 176 375 490 408 221 257 354 318 394 401 140 308 254 191 50 307 61 305 380 238 210 331 393 135 446 110 403 244 142 345 259 131 344 330 255 323 274 124 230 238 283
 224 261 206 343 1 114 197 236 126 197 263 150 148 290 255 70 51 61 221 254 201 94 179 305 222 334 286 223 115 260 179 250 210 135 291 84 304 289 9 150 235 113 29 223 76 177 251 136 189 66
 330 315 306 455 114 1 287 349 239 301 322 54 172 389 348 122 151 79 263 358 280 207 290 416 284 447 368 275 222 362 231 300 323 114 403 75 400 399 113 249 347 163 128 317 151 268 357 239 277 174
 87 121 44 274 197 287 1 165 160 238 110 296 160 109 62 258 148 209 128 275 35 136 101 263 352 233 91 107 196 88 332 122 169 219 174 280 115 151 193 54 146 287 210 32 246 21 257 218 284 190
 85 285 124 117 236 349 165 1 115 122 272 380 292 148 164 261 206 282 289 130 199 144 74 99 266 99 217 270 147 124 272 286 34 330 67 306 173 86 237 143 23 262 228 153 233 162 109 149 189 183
 134 270 141 217 126 239 160 115 1 91 263 275 220 211 197 147 108 179 252 143 184 45 82 180 194 213 245 241 41 180 181 265 86 240 177 192 233 184 129 110 120 154 114 170 120 144 134 59 125 69
 185 354 209 176 197 301 238 122 91 1 346 344 309 260 262 188 193 255 340 58 267 134 142 129 146 197 314 328 83 232 159 351 92 323 186 239 285 207 202 193 140 170 175 240 156 225 59 63 69 132
 190 18 149 375 263 322 110 272 263 346 1 312 155 171 123 331 216 249 69 384 80 231 211 369 450 327 90 49 295 169 423 32 278 223 269 339 159 240 256 154 252 368 284 121 327 122 367 319 387 278
 351 302 321 490 150 54 296 380 275 344 312 1 158 402 357 172 176 99 248 402 283 238 315 454 336 477 370 264 264 377 284 287 357 90 429 128 410 421 147 266 376 215 170 327 200 279 400 283 326 215
 235 146 196 408 148 172 160 292 220 309 155 158 1 267 216 215 122 110 92 362 137 176 219 384 367 379 219 107 234 247 326 130 280 69 322 205 269 305 140 151 280 260 176 191 223 148 351 259 323 195
 79 188 85 221 290 389 109 148 211 260 171 402 267 1 54 341 243 312 218 276 132 209 131 230 398 166 88 194 251 33 391 197 171 327 113 372 27 80 287 142 125 360 296 77 322 124 255 266 322 264
 81 139 58 257 255 348 62 164 197 262 123 357 216 54 1 312 206 270 166 288 80 184 122 257 390 207 54 141 236 48 376 146 179 278 149 338 54 119 251 107 142 337 265 33 297 81 268 255 317 240
 269 330 259 354 70 122 258 261 147 188 331 172 215 341 312 1 116 113 289 243 266 134 219 311 168 358 348 291 118 310 119 319 230 189 323 53 358 328 77 207 266 48 49 281 33 238 246 127 157 81
 180 216 159 318 51 151 148 206 108 193 216 176 122 243 206 116 1 78 180 248 152 66 141 285 249 302 236 179 114 213 213 206 184 133 254 133 256 249 46 102 201 154 68 174 113 127 241 139 203 74
 255 244 229 394 61 79 209 282 179 255 249 99 110 312 270 113 78 1 196 312 203 141 218 359 276 380 291 204 174 284 230 230 260 78 332 96 322 325 55 172 278 160 87 239 130 190 308 196 249 125
 214 56 171 401 221 263 128 289 252 340 69 248 92 218 166 289 180 196 1 386 94 212 219 387 426 360 149 26 277 208 392 40 287 158 301 289 212 276 213 152 271 331 245 152 291 128 371 303 370 250
 208 394 240 140 254 358 275 130 143 58 384 402 362 276 288 243 248 312 386 1 306 187 175 91 169 176 341 371 140 251 196 392 110 379 183 294 302 211 259 236 152 221 233 271 211 265 23 120 103 189
 121 89 78 308 201 280 35 199 184 267 80 283 137 132 80 266 152 203 94 306 1 155 133 297 374 266 89 73 218 116 349 89 201 201 208 282 132 183 196 76 180 299 218 59 258 43 289 241 309 205
 136 236 128 254 94 207 136 144 45 134 231 238 176 209 184 134 66 141 212 187 155 1 87 220 220 242 226 204 66 177 197 229 120 197 198 170 227 198 95 83 142 155 91 153 115 117 178 91 159 57
 53 221 68 191 179 290 101 74 82 142 211 315 219 131 122 219 141 218 219 175 133 87 1 170 270 165 173 202 121 100 261 221 69 259 115 257 153 111 179 70 63 233 178 100 196 93 157 137 196 140
 181 382 222 50 305 416 263 99 180 129 369 454 384 230 257 311 285 359 387 91 297 220 170 1 259 92 308 368 196 212 283 384 105 416 120 361 255 153 308 239 119 298 290 249 280 259 75 185 190 243
 320 454 333 307 222 284 352 266 194 146 450 336 367 398 390 168 249 276 426 169 374 220 270 259 1 338 438 421 157 367 55 447 235 353 331 210 421 351 230 300 283 122 194 363 147 335 185 136 78 177
 148 343 190 61 334 447 233 99 213 197 327 477 379 166 207 358 302 380 360 176 266 242 165 92 338 1 252 338 242 160 354 348 128 423 60 403 188 89 335 228 103 355 326 210 328 237 156 240 264 281
 134 107 106 305 286 368 91 217 245 314 90 370 219 88 54 348 236 291 149 341 89 226 173 308 438 252 1 125 283 97 421 119 232 285 197 368 72 165 281 144 194 377 300 76 336 112 321 303 367 280
 193 41 150 380 223 275 107 270 241 328 49 264 107 194 141 291 179 204 26 371 73 204 202 368 421 338 125 1 269 184 390 28 270 175 279 295 187 253 215 137 252 331 245 129 290 110 356 294 362 245
 173 300 180 238 115 222 196 147 41 83 295 264 234 251 236 118 114 174 277 140 218 66 121 196 157 242 283 269 1 220 141 294 115 242 211 166 273 221 120 144 155 117 96 208 88 179 137 27 94 50
 48 185 57 210 260 362 88 124 180 232 169 377 247 33 48 310 213 284 208 251 116 177 100 212 367 160 97 184 220 1 359 192 144 304 102 342 55 72 257 114 101 329 265 58 290 101 231 235 292 233
 312 425 319 331 179 231 332 272 181 159 423 284 326 391 376 119 213 230 392 196 349 197 261 283 55 354 421 390 141 359 1 416 239 306 337 157 412 353 187 279 285 71 151 347 104 313 209 126 94 146
 206 17 164 393 250 300 122 286 265 351 32 287 130 197 146 319 206 230 40 392 89 229 221 384 447 348 119 28 294 192 416 1 289 197 290 322 187 262 243 159 267 358 273 139 317 129 376 319 387 272
 100 289 132 135 210 323 169 34 86 92 278 357 280 171 179 230 184 260 287 110 201 120 69 105 235 128 232 270 115 144 239 289 1 312 100 276 196 117 212 137 49 230 199 163 201 161 91 117 158 154
 285 213 250 446 135 114 219 330 240 323 223 90 69 327 278 189 133 78 158 379 201 197 259 416 353 423 285 175 242 304 306 197 312 1 370 164 331 357 128 199 322 236 163 251 207 205 372 266 323 196
 90 284 132 110 291 403 174 67 177 186 269 429 322 113 149 323 254 332 301 183 208 198 115 120 331 60 197 279 211 102 337 290 100 370 1 365 137 35 291 173 58 327 286 151 296 179 161 215 254 244
 304 335 289 403 84 75 280 306 192 239 339 128 205 372 338 53 133 96 289 294 282 170 257 361 210 403 368 295 166 342 157 322 276 164 365 1 387 367 88 233 308 89 80 306 84 260 297 178 207 124
 102 176 100 244 304 400 115 173 233 285 159 410 269 27 54 358 256 322 212 302 132 227 153 255 421 188 72 187 273 55 412 187 196 331 137 387 1 104 301 155 151 380 312 84 340 133 281 288 346 283
 73 256 111 142 289 399 151 86 184 207 240 421 305 80 119 328 249 325 276 211 183 198 111 153 351 89 165 253 221 72 353 262 117 357 35 367 104 1 288 159 69 337 288 125 303 159 189 229 274 248
 222 254 203 345 9 113 193 237 129 202 256 147 140 287 251 77 46 55 213 259 196 95 179 308 230 335 281 215 120 257 187 243 212 128 291 88 301 288 1 146 236 121 37 219 84 172 255 142 196 71
 87 162 58 259 150 249 54 143 110 193 154 266 151 142 107 207 102 172 152 236 76 83 70 239 300 228 144 137 144 114 279 159 137 199 173 233 155 159 146 1 130 234 160 75 193 36 220 167 234 137
 64 265 104 131 235 347 146 23 120 140 252 376 280 125 142 266 201 278 271 152 180 142 63 119 283 103 194 252 155 101 285 267 49 322 58 308 151 69 236 130 1 271 230 132 239 144 131 161 206 187
 284 369 282 344 113 163 287 262 154 170 368 215 260 360 337 48 154 160 331 221 299 155 233 298 122 355 377 331 117 329 71 358 230 236 327 89 380 337 121 234 271 1 87 306 43 267 227 116 125 98
 226 283 213 330 29 128 210 228 114 175 284 170 176 296 265 49 68 87 245 233 218 91 178 290 194 326 300 245 96 265 151 273 199 163 286 80 312 288 37 160 230 87 1 233 49 190 231 114 163 48
 69 135 33 255 223 317 32 153 170 240 121 327 191 77 33 281 174 239 152 271 59 153 100 249 363 210 76 129 208 58 347 139 163 251 151 306 84 125 219 75 132 306 233 1 266 50 252 228 292 209
 247 328 242 323 76 151 246 233 120 156 327 200 223 322 297 33 113 130 291 211 258 115 196 280 147 328 336 290 88 290 104 317 201 207 296 84 340 303 84 193 239 43 49 266 1 226 214 95 127 59
 90 131 49 274 177 268 21 162 144 225 122 279 148 124 81 238 127 190 128 265 43 117 93 259 335 237 112 110 179 101 313 129 161 205 179 260 133 159 172 36 144 267 190 50 226 1 248 201 268 171
 189 377 221 124 251 357 257 109 134 59 367 400 351 255 268 246 241 308 371 23 289 178 157 75 185 156 321 356 137 231 209 376 91 372 161 297 281 189 255 220 131 227 231 252 214 248 1 120 116 186
 188 325 198 230 136 239 218 149 59 63 319 283 259 266 255 127 139 196 303 120 241 91 137 185 136 240 303 294 27 235 126 319 117 266 215 178 288 229 142 167 161 116 114 228 95 201 120 1 69 72
 245 393 261 238 189 277 284 189 125 69 387 326 323 322 317 157 203 249 370 103 309 159 196 190 78 264 367 362 94 292 94 387 158 323 254 207 346 274 196 234 206 125 163 292 127 268 116 69 1 130
 190 280 185 283 66 174 190 183 69 132 278 215 195 264 240 81 74 125 250 189 205 57 140 243 177 281 280 245 50 233 146 272 154 196 244 124 283 248 71 137 187 98 48 209 59 171 186 72 130 1
LAMBDA_SECTION
1  36
2  16
3  48
4  12
5  35
6  14
7  15
8  46
9  31
10  30
11  47
12  38
13  24
14  28
15  26
16  29
17  12
18  14
19  47
20  25
21  43
22  35
23  22
24  43
25  49
26  13
27  45
28  23
29  21
30  34
31  34
32  45
33  17
34  48
35  23
36  18
37  13
38  42
39  30
40  32
41  38
42  28
43  20
44  13
45  22
46  12
47  46
48  38
49  31
50  21
