NAME : domp260p86v10
COMMENT : (Deleplanque et al.) 
TYPE : DOMP
DIMENSION : 260
DISPLAY_DATA_TYPE: NO_DISPLAY
OPEN_FACILITIES : 86
COST_SECTION
 1 247 79 457 377 319 320 246 395 238 285 333 172 254 74 409 260 317 145 459 162 214 317 191 331 38 265 312 174 212 142 404 32 20 444 52 283 207 257 158 161 375 81 109 386 125 324 463 324 305 333 273 313 330 123 321 174 63 173 134 197 302 104 244 300 334 472 155 338 384 129 365 227 411 194 333 366 190 373 77 277 62 318 418 161 372 293 90 390 357 282 256 175 175 285 332 201 287 38 126 419 325 341 112 144 295 247 191 104 201 25 306 107 265 358 212 207 163 217 335 174 110 308 291 357 350 360 412 377 248 333 292 321 313 250 437 197 136 411 127 211 414 276 80 457 192 382 141 401 172 359 382 462 312 263 396 357 97 326 183 336 368 323 191 230 121 292 452 381 319 204 312 463 385 208 367 381 477 368 384 215 217 105 152 437 275 333 82 271 380 61 276 34 289 372 171 221 256 71 336 294 180 138 211 348 225 418 62 476 107 400 224 272 125 73 387 209 39 98 344 123 420 467 44 168 99 172 361 264 176 33 275 399 415 199 229 259 303 127 149 160 382 304 101 319 109 244 393 232 187 314 177 46 140 228 358 53 74 176 404
 247 1 252 224 214 128 155 176 180 44 227 285 127 129 242 163 40 197 131 216 247 56 71 60 143 210 116 299 125 43 131 165 227 249 202 296 96 80 225 92 95 178 186 151 266 153 113 233 236 281 227 219 209 268 151 206 80 205 77 158 101 63 232 55 83 114 242 122 146 141 174 232 62 165 122 208 215 58 138 224 174 275 132 205 113 211 195 222 177 282 38 210 131 226 248 228 147 289 220 122 212 137 280 177 130 251 174 138 146 49 269 62 157 101 128 54 103 153 124 162 75 138 261 69 119 261 201 214 137 129 87 158 125 143 14 193 121 222 203 174 42 180 33 170 217 142 201 148 158 104 121 136 219 152 173 241 112 210 103 171 110 122 158 263 36 183 284 209 215 159 71 69 222 259 169 136 240 243 239 210 125 124 229 257 202 92 91 293 115 136 220 98 243 44 127 91 168 26 193 247 132 99 202 81 118 246 215 192 244 184 224 153 86 125 179 142 39 254 150 106 136 185 225 269 214 280 85 136 197 256 267 133 188 203 263 70 117 59 133 99 115 209 145 161 97 139 137 199 87 166 140 227 241 230 55 233 225 185 116 206
 79 252 1 438 336 292 284 299 370 229 225 266 215 219 11 406 275 365 185 450 88 206 318 193 301 81 235 241 146 211 124 393 103 60 433 84 310 236 195 176 185 345 68 102 331 102 303 442 267 236 280 214 365 267 103 370 194 54 176 186 232 295 35 232 320 315 451 193 368 392 186 316 251 411 163 284 321 200 359 29 326 37 349 391 197 330 345 34 364 294 289 198 220 107 220 278 160 216 57 145 388 356 277 169 126 230 197 238 114 203 76 304 151 297 343 205 182 124 259 300 179 134 243 308 369 291 318 379 388 289 336 251 349 348 258 430 166 69 382 88 211 399 275 95 444 240 345 112 393 156 371 379 453 350 216 350 361 47 345 239 321 370 287 116 226 79 222 443 340 357 192 320 451 332 263 383 333 458 317 345 257 259 38 76 421 253 328 46 241 375 131 306 46 294 377 198 172 253 64 278 330 213 81 240 364 155 387 75 457 166 360 273 251 149 86 384 219 42 117 335 159 404 457 49 104 31 195 344 210 101 59 314 371 388 125 213 228 302 163 165 142 343 268 92 304 129 206 360 210 140 348 109 35 70 250 307 125 73 152 371
 457 224 438 1 159 150 170 374 76 221 286 315 349 226 431 99 236 359 354 59 396 244 163 271 145 420 207 352 293 249 319 64 443 454 49 501 266 298 308 312 318 110 383 350 230 340 136 13 258 335 236 288 376 294 341 367 302 404 288 382 320 162 409 214 231 125 21 345 269 152 397 203 275 112 277 213 178 278 87 413 357 470 273 65 336 164 372 406 82 287 201 293 352 367 311 239 285 360 425 338 80 272 300 401 318 306 267 355 354 262 477 165 379 285 100 247 258 316 334 157 288 354 307 226 182 263 167 98 170 324 160 208 260 293 228 67 274 385 79 351 251 46 192 378 36 359 132 328 79 288 180 110 57 305 250 174 149 392 218 389 122 135 169 396 230 361 349 58 156 309 254 185 41 219 380 198 194 21 211 143 335 334 406 411 25 186 136 483 201 102 440 274 445 191 143 314 284 208 393 260 296 321 366 298 204 356 86 397 20 407 140 360 188 343 386 105 261 454 362 119 358 40 52 469 360 461 308 97 272 397 471 312 80 69 391 230 214 169 355 317 301 145 183 360 139 353 241 108 230 308 288 366 440 390 270 215 444 387 288 100
 377 214 336 159 1 87 63 388 92 181 138 158 329 125 331 209 247 403 321 207 272 195 197 226 72 344 118 197 205 209 238 163 373 369 188 412 299 290 166 269 283 60 297 272 75 253 108 155 103 181 81 143 417 137 255 412 269 317 237 348 309 169 302 169 271 117 159 316 330 243 363 45 274 223 185 61 21 244 141 315 385 371 324 95 308 7 405 305 87 129 217 153 335 242 161 84 178 207 340 284 81 326 142 359 237 155 140 346 285 223 392 184 331 309 129 199 175 217 336 52 241 297 152 259 255 105 18 63 256 341 210 87 313 341 224 200 182 271 81 254 213 148 190 305 187 350 28 238 179 213 255 196 206 352 122 29 219 292 274 377 129 213 60 263 194 262 196 201 5 358 194 223 194 64 379 278 39 174 53 17 336 336 299 288 158 126 171 379 114 184 381 303 356 208 226 286 164 189 307 103 335 301 256 292 272 218 75 318 171 364 27 365 131 291 310 196 235 362 297 155 313 150 204 376 239 351 276 119 135 269 381 342 83 91 257 170 123 188 312 269 223 15 78 279 129 292 134 52 158 197 337 241 347 274 268 57 382 305 204 60
 319 128 292 150 87 1 37 302 79 99 152 197 247 77 285 154 161 317 243 176 247 117 116 148 16 283 58 226 148 128 178 120 309 314 157 360 213 205 167 192 204 58 241 211 148 197 29 153 139 207 122 150 331 176 198 326 189 262 161 270 225 85 261 87 186 43 161 236 248 175 285 112 189 166 130 98 91 163 86 268 299 325 240 101 228 86 319 259 73 181 131 151 253 218 177 124 136 226 284 211 101 243 186 284 176 176 120 262 219 143 337 101 257 223 69 120 113 169 251 37 164 226 180 174 179 157 76 96 185 255 132 66 230 256 139 161 127 236 93 205 132 117 104 242 163 266 75 183 129 148 180 134 177 267 106 115 146 246 192 294 56 143 39 248 112 214 217 169 89 274 120 141 171 139 294 202 117 170 121 83 251 251 258 262 137 46 95 336 52 123 312 217 303 123 156 205 135 103 251 147 250 218 217 207 193 211 101 258 168 289 98 280 51 218 248 136 152 311 230 83 238 121 179 326 211 313 196 64 131 249 329 256 81 98 244 95 66 104 236 194 160 82 40 219 49 223 92 78 88 158 252 218 296 241 182 118 315 246 144 88
 320 155 284 170 63 37 1 329 95 120 120 162 268 67 279 188 191 349 259 204 230 133 151 165 30 286 57 192 147 147 179 150 314 313 185 357 245 229 139 207 221 64 240 213 114 196 65 170 103 174 86 120 362 140 198 358 207 260 175 286 248 119 252 107 220 78 177 254 282 211 301 78 215 201 127 62 61 182 119 262 328 319 274 113 247 59 349 253 89 145 164 123 273 200 145 88 125 195 284 222 106 277 150 297 178 143 98 285 225 162 336 136 269 253 102 137 115 162 276 17 179 235 146 207 215 120 48 96 221 283 168 39 263 289 167 191 125 224 101 200 151 143 136 246 189 289 63 181 161 152 216 169 205 300 81 88 183 240 227 315 92 179 4 228 133 208 185 198 66 306 132 176 196 106 318 238 86 189 86 66 276 276 249 246 161 66 131 329 52 158 320 248 301 156 192 224 118 131 251 111 282 239 207 232 229 187 104 260 187 303 82 306 71 230 251 170 174 308 237 119 251 147 205 322 195 303 215 95 103 230 326 286 93 109 222 108 62 139 250 207 164 64 18 221 85 231 80 77 96 146 285 200 293 228 209 82 322 247 145 88
 246 176 299 374 388 302 329 1 347 211 381 441 89 292 289 285 146 74 117 344 342 206 214 179 318 222 284 444 248 188 228 310 215 260 338 294 109 103 370 153 136 350 240 219 438 239 286 384 400 429 394 371 68 427 235 76 140 247 180 115 88 229 300 224 144 284 393 112 133 238 118 404 115 278 258 378 389 159 295 276 35 302 117 370 112 386 48 283 345 446 180 357 83 333 397 395 284 428 245 168 381 122 440 135 228 403 325 64 198 177 269 218 149 89 291 202 248 267 56 337 174 172 415 148 202 427 375 385 222 51 215 327 128 100 165 322 258 310 372 263 184 331 201 208 354 61 376 246 297 224 205 266 348 92 331 415 228 277 162 65 276 242 332 368 198 267 426 339 390 95 215 190 358 431 39 197 413 389 411 384 57 56 298 344 350 265 244 323 285 273 189 101 265 191 237 125 310 200 239 412 87 105 295 100 182 372 384 225 391 140 399 29 259 161 215 272 159 276 189 263 143 336 356 286 321 328 134 300 350 356 278 66 356 369 372 230 283 214 140 161 225 384 318 225 268 179 294 371 247 292 104 335 271 318 122 405 197 231 240 377
 395 180 370 76 92 79 95 347 1 165 212 244 306 154 363 121 202 347 306 116 322 186 136 216 71 358 136 280 225 194 254 74 383 390 98 437 245 259 233 259 268 36 318 286 166 274 73 76 185 262 164 213 363 222 275 355 253 339 231 334 280 120 339 155 212 67 84 299 264 162 350 135 238 135 208 140 109 227 60 345 337 402 262 26 290 96 355 337 7 218 168 218 310 293 236 167 213 285 360 282 35 263 229 350 253 232 192 317 293 209 413 130 325 261 58 189 190 246 300 82 233 297 234 203 181 194 96 45 177 297 142 133 250 281 187 109 205 313 26 283 197 57 149 317 98 321 65 260 91 223 180 113 116 293 175 113 144 324 208 350 72 134 94 322 176 292 275 111 90 298 193 162 105 155 346 202 129 94 144 77 301 300 335 338 69 120 106 414 130 101 384 251 380 157 146 267 210 159 328 189 280 277 295 259 201 281 40 334 93 357 80 328 123 288 323 111 213 388 303 86 306 59 115 403 287 391 259 48 197 323 406 291 12 24 316 167 143 134 303 262 236 78 109 296 84 295 168 43 164 235 277 293 373 318 232 146 387 323 221 41
 238 44 229 221 181 99 120 211 165 1 184 242 150 86 221 178 84 239 145 224 213 25 92 52 114 200 74 256 91 31 106 168 223 236 208 284 139 110 182 95 106 154 168 133 228 129 93 227 194 238 186 176 250 225 128 247 91 188 68 172 129 67 206 14 125 99 237 138 189 168 188 194 98 183 84 169 180 65 136 203 214 257 175 189 130 178 235 198 161 240 73 166 155 189 205 187 107 246 207 119 194 180 237 187 105 208 130 166 134 46 258 77 162 142 122 27 63 119 157 130 70 135 218 111 152 219 167 192 168 167 111 117 168 186 57 203 82 191 185 146 34 178 49 159 220 170 173 120 166 75 154 150 226 195 129 207 136 185 143 197 100 143 123 226 14 155 241 217 183 202 39 101 227 221 199 171 204 240 201 180 157 157 202 224 200 56 99 273 75 147 221 141 228 73 151 107 126 28 176 205 175 121 170 113 155 206 195 178 240 193 195 187 51 125 167 156 55 238 142 108 142 183 231 254 178 256 98 126 154 221 254 175 171 187 225 27 75 75 140 99 88 179 108 143 84 133 93 175 44 127 183 190 224 198 92 195 225 170 83 184
 285 227 225 286 138 152 120 381 212 184 1 61 302 100 223 306 267 419 283 323 147 180 253 203 149 260 118 76 140 198 170 269 291 272 304 308 322 281 32 233 250 177 209 197 109 173 179 285 44 57 63 13 429 49 177 428 243 224 203 304 294 219 191 174 307 194 290 282 371 322 316 104 275 317 126 78 119 224 237 212 391 262 358 224 277 132 413 199 205 74 251 30 308 120 26 60 102 75 248 232 213 363 62 306 169 26 57 324 218 207 293 236 276 324 220 184 134 132 326 132 209 239 35 292 319 67 124 198 329 343 272 87 350 369 240 311 125 157 211 162 202 262 222 230 308 328 160 158 280 161 320 284 324 378 56 142 291 190 321 348 206 291 121 132 194 166 66 317 143 385 169 273 315 112 359 341 120 304 101 153 326 326 188 163 279 150 240 264 121 274 307 323 257 247 303 259 75 207 219 54 357 279 149 284 329 84 209 233 301 309 164 354 154 241 230 286 227 260 231 232 265 266 324 272 122 233 250 214 32 140 279 355 207 220 124 159 114 237 265 228 164 150 113 200 195 232 92 182 142 104 366 119 246 157 270 92 306 219 146 193
 333 285 266 315 158 197 162 441 244 242 61 1 361 157 266 349 325 479 342 359 181 239 305 263 191 311 173 44 198 257 227 309 342 318 340 349 381 340 79 293 310 209 260 253 100 228 225 312 61 35 81 71 488 23 232 487 302 273 263 362 354 271 233 232 363 239 316 341 428 371 374 115 335 362 185 105 138 283 279 257 450 302 415 251 337 153 472 244 238 38 307 86 368 160 50 78 160 64 297 290 238 420 19 363 226 41 117 384 274 266 338 289 333 383 263 243 194 188 386 170 269 296 28 349 371 55 149 220 380 403 323 136 407 427 298 349 184 199 238 214 261 298 278 284 341 388 184 214 322 220 372 330 359 436 114 151 341 236 376 407 252 339 161 158 253 217 53 353 162 444 228 327 348 109 419 394 127 331 108 174 385 386 231 196 312 204 289 301 175 319 360 382 302 302 352 319 133 264 269 56 416 338 195 344 382 113 232 285 328 366 181 414 208 299 283 331 286 304 287 279 323 301 358 314 165 269 309 256 92 171 323 414 237 247 149 218 170 290 324 287 223 172 159 254 243 289 150 208 200 160 424 158 291 197 329 102 359 271 205 217
 172 127 215 349 329 247 268 89 306 150 302 361 1 220 205 275 116 151 30 333 254 137 188 106 262 142 216 361 165 122 142 287 143 183 321 222 117 52 287 70 53 301 153 131 370 151 237 357 325 347 323 291 152 349 147 157 62 162 101 42 32 189 213 162 142 240 367 24 169 238 55 338 76 273 177 310 327 87 263 191 112 222 149 331 26 326 132 196 303 370 149 276 7 246 315 323 202 343 163 81 338 156 362 67 142 322 247 26 110 107 196 184 67 98 254 132 171 181 46 278 95 85 335 138 205 353 315 338 226 77 197 258 154 142 122 310 178 222 329 175 117 304 159 122 337 29 322 159 278 142 208 251 336 141 255 355 217 190 168 49 236 230 271 280 136 179 342 326 332 148 141 172 342 364 59 209 350 366 344 328 44 46 211 256 325 204 214 243 219 254 122 110 185 159 231 45 229 149 153 337 124 30 207 53 191 286 340 141 367 74 344 61 199 73 130 256 96 196 102 231 57 309 343 208 234 244 55 262 272 268 201 105 314 329 284 162 214 181 53 76 141 328 254 137 223 91 219 322 177 208 144 248 189 230 80 337 130 145 158 330
 254 129 219 226 125 77 67 292 154 86 100 157 220 1 213 220 168 323 206 250 171 87 156 115 84 221 22 174 81 104 115 192 250 247 231 291 224 190 104 154 169 127 174 148 151 130 96 228 109 156 104 93 334 140 132 332 158 194 121 232 206 122 187 75 207 111 236 203 272 228 246 122 181 230 61 91 116 135 157 196 297 253 259 174 196 120 319 187 148 156 152 87 226 142 122 105 60 167 218 163 171 264 152 240 113 125 51 240 162 116 270 139 210 227 140 91 53 96 236 83 126 175 134 193 222 136 108 161 233 250 175 41 251 271 142 233 59 161 165 134 109 192 123 182 239 244 129 115 198 90 223 196 251 280 45 146 196 174 222 267 121 198 70 173 97 142 161 243 128 287 80 174 246 147 274 244 135 246 127 130 236 236 184 186 212 54 147 263 28 187 257 226 234 148 210 175 60 108 185 121 260 193 142 193 230 140 169 194 244 244 147 266 57 171 186 199 134 242 174 144 194 196 253 256 135 239 166 137 71 173 260 259 154 171 170 63 16 139 194 151 100 129 51 155 106 170 16 142 46 83 268 142 227 165 175 119 259 181 81 154
 74 242 11 431 331 285 279 289 363 221 223 266 205 213 1 398 266 355 175 442 90 197 309 183 294 73 228 242 139 202 116 385 96 56 425 85 301 226 194 166 175 339 58 93 328 93 296 435 265 237 277 212 355 266 94 361 184 44 166 176 222 287 34 224 310 308 444 183 358 382 177 312 241 402 156 280 317 191 351 19 316 41 339 385 187 325 335 27 357 293 279 195 210 107 219 275 154 217 49 135 382 346 276 160 117 229 193 228 104 194 74 295 141 287 335 196 174 118 249 294 170 124 242 299 359 290 313 373 378 279 327 246 339 338 249 422 159 68 376 81 202 391 266 85 436 230 340 105 385 147 362 370 445 340 211 346 352 40 335 229 313 361 281 119 217 72 223 435 335 347 184 310 443 329 253 374 329 451 313 339 247 249 36 79 414 246 319 53 234 367 123 296 41 284 368 188 168 244 54 276 320 203 77 230 355 156 381 65 450 158 355 264 244 139 76 375 209 39 107 326 149 397 449 49 103 41 185 336 207 104 58 304 365 381 127 205 221 294 153 155 134 338 262 83 296 119 200 354 202 135 338 109 29 70 240 304 118 63 144 365
 409 163 406 99 209 154 188 285 121 178 306 349 275 220 398 1 160 263 287 60 383 201 93 220 159 371 199 379 265 199 283 49 389 410 55 457 178 224 319 253 255 150 344 309 283 306 128 111 289 361 270 303 281 327 304 271 240 364 237 312 244 112 382 176 143 113 119 277 173 54 328 249 200 16 253 246 223 220 71 379 265 433 178 131 268 211 279 375 124 329 130 302 277 356 330 273 270 379 381 284 148 176 336 334 282 329 269 277 306 209 431 104 317 198 87 203 232 292 252 181 236 300 333 141 86 304 209 163 72 237 80 219 165 198 162 38 251 365 141 322 199 70 134 331 72 280 182 296 31 252 84 28 64 210 257 232 60 362 125 310 101 46 189 390 182 331 370 55 207 213 215 104 74 272 297 100 246 110 258 195 254 252 378 396 78 168 80 449 193 34 381 185 403 121 49 249 278 156 352 296 203 250 344 223 108 359 155 352 112 341 199 275 167 287 339 23 201 413 312 77 296 72 72 429 347 433 244 94 283 388 428 221 131 133 387 197 205 106 293 261 265 196 193 319 115 301 235 162 204 293 193 356 400 371 196 258 386 345 258 160
 260 40 275 236 247 161 191 146 202 84 267 325 116 168 266 160 1 159 129 218 280 92 74 87 176 224 154 338 159 77 160 173 237 265 207 311 57 65 264 104 101 206 208 174 303 181 142 246 275 321 265 258 172 307 178 168 87 226 102 153 86 84 259 94 47 139 255 118 108 126 169 268 41 158 159 246 250 76 153 248 140 295 93 226 109 245 160 247 201 321 36 249 119 260 287 266 185 327 238 136 236 98 319 176 159 291 213 120 165 77 284 74 161 64 147 90 141 187 100 196 97 151 301 34 97 300 235 240 118 96 82 196 86 104 28 195 158 253 227 203 74 191 58 187 223 124 232 178 163 137 100 136 221 113 212 274 103 236 71 154 132 116 193 297 74 211 323 211 248 120 108 57 227 295 146 109 275 253 276 242 101 100 256 288 212 129 102 314 154 139 225 59 261 47 117 92 206 63 214 286 93 91 233 64 90 284 240 210 254 183 255 127 123 136 197 141 58 272 166 121 141 197 228 287 248 304 89 156 236 290 284 96 212 225 298 109 156 70 137 114 146 241 182 184 123 154 176 227 126 202 101 261 261 261 37 270 231 206 150 233
 317 197 365 359 403 317 349 74 347 239 419 479 151 323 355 263 159 1 181 320 400 240 212 220 332 291 312 488 295 223 281 297 286 330 317 366 105 144 412 205 190 357 303 278 461 295 296 370 431 471 423 410 19 462 291 10 189 312 226 184 139 236 362 250 135 291 379 173 92 211 189 426 145 253 301 404 407 201 290 341 41 371 87 368 171 402 29 346 347 478 187 398 147 388 438 424 328 474 313 227 381 88 475 206 281 443 364 129 259 215 340 221 216 97 290 237 288 317 108 354 220 234 454 146 178 457 393 389 193 81 206 354 100 67 185 300 301 369 372 319 219 319 214 272 334 127 386 300 281 270 180 250 324 55 366 431 211 339 142 137 280 225 351 424 227 325 470 316 404 51 253 185 336 453 111 165 433 372 434 396 110 108 360 404 335 287 242 392 311 259 261 101 334 196 217 177 353 221 304 443 69 158 352 140 156 422 386 291 374 211 409 94 282 221 280 254 194 345 251 261 207 324 332 356 376 395 184 300 388 413 348 65 357 368 427 262 313 218 203 215 274 396 340 285 276 240 329 377 280 340 72 390 339 377 151 429 269 295 286 382
 145 131 185 354 321 243 259 117 306 145 283 342 30 206 175 287 129 181 1 343 227 128 197 96 257 113 206 339 144 115 118 294 117 155 330 196 140 67 266 54 40 298 124 104 357 125 236 363 309 325 308 271 181 330 121 186 55 132 87 29 54 193 184 156 161 240 372 12 194 253 44 327 90 286 159 297 317 81 268 162 142 193 174 331 20 318 161 167 303 352 158 256 35 220 295 308 182 320 134 55 337 182 343 48 118 302 229 54 82 100 169 191 39 122 257 124 156 158 75 271 82 56 315 155 222 337 306 336 243 106 208 246 178 169 128 320 160 194 328 148 112 309 163 92 346 57 316 135 287 123 225 261 346 169 238 346 230 161 188 67 238 243 262 253 132 152 320 336 324 176 129 184 351 352 84 229 339 373 332 322 73 75 182 228 332 198 221 214 209 263 99 134 156 168 245 41 209 149 124 321 151 39 180 70 210 261 339 111 373 55 338 90 193 46 100 267 95 167 73 236 27 315 353 180 208 215 48 264 253 240 173 133 314 329 257 152 203 188 24 57 120 321 245 109 223 63 204 319 165 185 170 222 160 202 93 324 106 115 138 328
 459 216 450 59 207 176 204 344 116 224 323 359 333 250 442 60 218 320 343 1 418 248 147 270 176 422 229 393 306 248 328 59 441 459 20 506 237 282 342 306 310 151 391 356 280 350 155 70 300 376 279 323 338 337 349 328 294 411 287 369 302 159 424 219 202 140 75 333 229 110 384 250 258 68 292 255 225 273 94 424 324 479 236 115 324 211 337 418 122 334 186 325 335 390 348 282 305 398 429 336 132 233 344 390 327 345 295 335 356 260 481 155 372 257 112 250 271 332 311 193 287 352 347 200 144 309 212 150 128 296 137 240 223 256 216 24 289 403 129 364 249 62 185 381 24 338 179 339 59 296 142 83 5 268 281 225 119 405 184 368 132 104 204 422 230 374 388 8 204 270 260 162 20 269 356 156 244 61 259 191 313 311 420 432 50 202 127 494 223 81 435 245 451 176 108 304 309 205 399 304 262 307 383 281 166 386 139 401 64 397 191 334 203 339 389 77 254 461 362 117 351 59 13 477 382 475 299 114 305 422 476 280 124 119 418 239 236 158 348 314 310 193 214 366 149 352 265 156 243 328 251 390 447 409 253 262 440 392 300 150
 162 247 88 396 272 247 230 342 322 213 147 181 254 171 90 383 280 400 227 418 1 193 303 194 252 150 191 154 123 205 123 360 179 144 400 170 326 259 116 196 211 293 109 124 255 106 265 398 190 150 206 137 403 184 110 407 213 112 182 237 262 274 58 211 326 279 405 231 383 379 242 245 267 390 131 215 255 209 325 87 363 122 365 341 231 266 384 74 316 212 282 123 260 31 138 204 114 129 130 175 335 372 194 227 123 148 134 279 145 204 162 287 201 318 308 194 153 95 293 245 187 171 160 312 363 212 255 323 380 320 323 193 362 369 257 400 133 33 330 82 207 361 261 141 408 282 287 104 364 144 365 356 420 374 152 282 347 73 348 290 287 353 232 31 215 76 135 411 276 382 177 312 415 258 310 381 262 415 245 283 292 293 58 18 382 217 305 121 197 350 204 323 129 284 362 224 113 240 114 200 353 243 49 263 364 70 333 131 414 227 298 315 217 182 135 361 223 128 156 307 201 366 422 136 37 89 217 306 139 16 146 342 322 338 39 189 183 286 204 186 135 281 215 119 271 164 156 305 180 91 368 31 117 26 264 235 199 120 132 316
 214 56 206 244 195 117 133 206 186 25 180 239 137 87 197 201 92 240 128 248 193 1 114 33 131 177 81 249 71 19 83 192 200 212 232 260 146 104 174 76 89 173 144 109 235 105 114 251 195 232 190 171 250 223 104 249 76 164 46 155 120 91 183 32 137 122 260 122 199 189 170 203 96 206 68 175 191 51 160 179 212 233 184 210 115 191 234 175 182 241 90 159 142 171 199 190 93 237 183 97 214 189 236 168 81 203 125 155 111 31 234 99 141 145 145 5 50 99 151 144 49 112 214 123 171 222 179 211 188 165 133 123 178 193 67 227 67 170 206 123 23 201 71 135 244 159 189 97 190 53 173 174 250 200 127 220 158 162 157 184 123 166 136 208 22 133 233 241 197 208 17 120 251 229 189 189 214 264 209 195 151 151 179 204 224 71 123 249 83 171 199 146 204 92 173 93 116 48 152 207 179 109 149 107 172 192 215 154 264 174 211 180 67 103 143 179 48 214 119 132 122 207 255 230 160 233 83 149 149 202 230 176 192 208 208 26 79 98 121 78 65 194 119 119 107 110 90 193 42 111 190 172 200 177 91 202 202 145 62 203
 317 71 318 163 197 116 151 214 136 92 253 305 188 156 309 93 74 212 197 147 303 114 1 129 128 280 136 327 182 108 195 101 297 319 135 366 110 137 259 162 164 147 254 219 263 218 90 173 249 309 235 247 228 285 216 221 149 273 146 223 158 35 296 94 78 81 182 187 135 77 239 227 114 95 174 212 205 128 82 291 202 343 129 158 178 197 220 287 136 294 40 242 191 279 276 237 194 322 290 192 170 131 296 244 194 277 206 193 215 118 339 18 226 126 79 114 152 210 172 152 145 208 285 68 67 270 189 178 79 164 21 170 118 147 70 124 171 282 161 236 109 119 44 240 150 196 177 210 91 165 69 66 150 159 199 224 45 274 78 227 70 53 153 315 93 246 315 141 197 165 129 28 155 253 218 90 230 180 235 188 173 172 292 315 139 104 31 360 133 67 289 116 312 30 60 158 209 67 262 258 145 161 261 136 79 290 175 261 181 251 200 198 100 195 248 72 109 323 220 51 205 124 157 338 268 345 153 90 225 310 337 156 147 158 313 115 141 18 202 169 178 189 149 229 69 209 168 167 127 216 143 280 310 289 109 232 294 254 174 171
 191 60 193 271 226 148 165 179 216 52 203 263 106 115 183 220 87 220 96 270 194 33 129 1 163 153 112 268 77 23 74 216 173 191 255 239 134 79 193 45 57 205 127 92 265 95 144 278 222 252 218 193 228 248 93 228 44 146 19 123 93 112 174 63 133 151 287 91 190 200 138 234 77 223 82 205 223 22 185 165 189 216 173 240 83 223 211 163 212 268 97 180 112 176 220 219 108 254 162 68 245 180 261 137 73 225 147 125 88 12 212 117 111 129 172 29 70 102 124 176 18 84 237 120 177 249 211 242 196 142 146 153 170 179 67 248 81 167 236 117 22 227 86 113 268 129 221 92 212 53 180 192 273 185 152 252 171 151 156 153 150 180 168 213 42 126 251 263 229 193 37 128 274 260 160 193 245 290 240 227 124 124 171 202 250 103 144 234 115 191 170 132 185 103 186 61 134 66 134 234 164 79 147 82 174 204 246 133 290 142 243 153 99 73 121 198 30 195 94 155 91 233 278 211 164 221 52 177 172 205 209 157 222 238 214 57 109 114 89 48 60 226 150 102 135 83 116 225 72 121 177 177 182 175 73 232 174 127 68 234
 331 143 301 145 72 16 30 318 71 114 149 191 262 84 294 159 176 332 257 176 252 131 128 163 1 295 67 221 159 143 189 121 322 325 157 370 228 220 167 206 218 46 252 222 136 208 39 146 131 203 113 148 346 169 209 341 204 273 176 285 241 98 270 102 200 51 154 251 261 184 300 100 204 172 140 89 78 178 89 277 314 334 254 92 243 71 334 269 65 172 146 151 268 223 174 116 143 223 295 225 89 257 179 298 188 172 123 277 232 158 348 115 271 238 73 135 125 178 266 25 179 239 176 188 190 148 62 83 194 270 143 65 243 270 154 162 137 243 82 215 147 115 119 254 161 281 60 193 132 160 190 140 177 281 107 100 156 255 205 309 65 152 30 252 127 224 214 169 74 288 134 154 169 126 310 213 103 164 108 68 266 266 266 268 134 61 105 345 61 129 326 232 314 137 165 220 140 119 262 139 264 234 225 222 205 213 89 270 163 304 83 295 65 232 260 142 168 321 243 92 252 119 177 336 217 321 211 66 131 253 339 271 72 88 247 108 74 118 250 208 172 67 39 231 60 236 98 64 101 165 266 223 307 248 197 106 328 258 156 75
 38 210 81 420 344 283 286 222 358 200 260 311 142 221 73 371 224 291 113 422 150 177 280 153 295 1 231 294 141 175 108 367 32 43 406 88 249 173 234 121 125 340 52 74 357 93 288 426 297 285 305 248 289 306 90 296 137 40 135 108 165 264 95 207 264 297 435 123 305 347 107 335 192 373 160 302 334 153 335 66 251 81 285 382 128 339 269 77 354 333 245 231 146 158 262 303 171 271 25 89 383 292 318 90 109 272 218 163 67 163 61 269 76 233 321 174 172 133 187 301 136 74 285 255 320 324 327 377 341 218 295 259 287 281 213 400 163 121 375 99 174 377 238 43 419 164 348 109 364 137 323 344 425 282 233 364 320 80 291 160 299 331 289 180 193 95 274 415 348 288 167 275 426 356 185 331 350 440 338 350 185 187 94 145 400 239 296 102 236 343 54 243 44 252 335 136 192 218 43 309 263 147 118 177 312 207 383 28 439 87 367 198 236 89 36 350 172 55 61 307 90 383 430 68 149 108 136 324 237 165 62 245 363 379 188 192 225 266 94 112 124 349 270 67 282 72 211 358 196 159 282 160 50 127 193 328 50 42 142 369
 265 116 235 207 118 58 57 284 136 74 118 173 216 22 228 199 154 312 206 229 191 81 136 112 67 231 1 192 92 97 124 171 258 259 210 304 210 182 124 153 167 112 186 158 156 142 75 210 121 174 113 112 323 154 143 320 155 207 120 232 200 102 204 62 191 90 218 201 256 208 246 123 171 209 74 96 112 130 136 211 287 268 244 158 194 114 308 202 130 168 135 107 222 162 141 114 78 187 230 166 156 248 166 242 123 143 72 235 169 110 282 119 213 215 119 85 60 111 229 71 125 179 151 177 203 146 102 148 213 240 155 44 235 257 128 212 71 179 149 148 101 171 106 190 218 239 119 127 177 96 204 174 231 266 64 142 176 189 204 264 100 177 60 194 87 157 180 222 122 273 77 156 226 150 269 225 135 227 129 122 229 229 200 205 192 34 126 279 7 166 264 212 247 130 189 172 81 93 197 133 246 189 160 185 212 161 155 205 226 247 138 259 37 174 195 178 126 255 181 123 196 176 233 270 154 256 162 116 90 194 273 247 138 154 191 56 8 120 195 152 108 120 41 166 85 175 37 129 41 101 253 162 240 184 165 122 266 192 90 140
 312 299 241 352 197 226 192 444 280 256 76 44 361 174 242 379 338 488 339 393 154 249 327 268 221 294 192 1 198 266 222 341 325 296 374 324 393 346 76 293 310 245 245 243 143 219 253 350 96 19 118 82 496 62 223 496 305 256 265 357 357 293 210 247 379 267 354 340 443 396 367 155 343 391 188 140 177 289 310 236 457 275 430 289 336 191 479 223 273 81 324 91 368 138 52 115 162 27 278 286 276 435 62 355 222 51 126 385 266 274 315 310 325 393 293 252 201 182 390 202 272 289 47 365 394 97 187 259 404 410 346 161 423 440 312 382 188 177 275 201 270 332 296 272 376 388 222 207 353 222 395 358 394 448 130 192 366 217 394 405 280 365 192 128 265 203 21 387 201 456 236 347 384 151 419 416 169 369 149 213 389 390 208 168 347 225 314 272 196 348 346 394 281 321 378 321 136 280 253 95 427 340 178 350 403 89 271 270 366 357 221 417 228 295 270 360 294 281 279 307 318 336 393 289 146 240 311 287 104 142 299 424 274 285 119 230 188 312 319 286 221 211 187 243 269 283 164 246 213 155 438 136 269 174 338 142 343 257 205 255
 174 125 146 293 205 148 147 248 225 91 140 198 165 81 139 265 159 295 144 306 123 71 182 77 159 141 92 198 1 84 35 248 170 167 289 213 209 152 123 97 114 203 95 68 223 51 158 297 168 183 171 128 302 187 52 303 109 115 70 166 161 155 119 91 205 170 306 144 265 258 178 197 153 272 21 165 194 95 214 121 262 178 248 248 140 199 284 114 220 210 160 113 171 102 152 171 39 181 138 93 247 255 200 169 34 159 87 188 84 85 191 166 139 205 197 72 36 29 194 162 76 102 171 192 241 196 187 239 258 215 201 119 244 255 136 286 23 101 240 59 86 254 139 102 299 192 209 36 250 26 243 238 308 261 99 225 226 100 227 210 176 233 149 139 92 69 179 299 208 269 55 190 306 220 223 259 212 313 201 210 193 194 115 134 276 108 187 191 98 233 179 208 156 162 241 124 66 117 105 181 240 144 80 155 242 128 246 114 312 172 227 220 106 102 106 243 106 164 97 191 126 259 312 179 90 170 115 198 111 132 182 232 228 245 139 70 86 165 127 90 26 209 130 75 159 96 72 220 64 46 253 103 149 108 149 192 180 101 10 231
 212 43 211 249 209 128 147 188 194 31 198 257 122 104 202 199 77 223 115 248 205 19 108 23 143 175 97 266 84 1 89 193 196 213 232 260 129 87 191 66 76 184 147 111 252 111 123 255 212 249 207 188 232 241 110 231 62 166 41 143 104 90 190 42 123 128 265 109 183 182 158 219 79 202 83 192 206 36 163 184 195 236 168 219 101 206 216 180 190 259 80 177 127 184 216 208 109 254 183 91 223 173 254 158 88 221 142 139 109 16 234 96 133 128 149 15 67 111 133 158 41 107 232 109 161 239 194 222 179 147 126 140 162 176 53 226 82 180 215 132 5 205 65 134 246 143 202 106 190 62 163 171 251 183 145 235 151 168 144 169 128 160 150 222 19 140 250 241 211 191 32 111 252 246 173 178 230 268 225 208 133 133 187 214 227 84 122 253 99 169 193 129 206 84 167 78 132 44 154 225 162 93 160 90 160 208 225 155 268 164 224 163 79 96 142 177 30 216 116 133 113 210 256 231 173 239 69 154 167 214 230 159 200 216 222 43 96 93 110 70 73 207 134 122 112 106 108 204 60 126 174 185 203 188 73 218 197 147 74 213
 142 131 124 319 238 178 179 228 254 106 170 227 142 115 116 283 160 281 118 328 123 83 195 74 189 108 124 222 35 89 1 271 136 137 311 183 204 138 150 77 93 234 65 35 256 23 185 324 201 208 205 158 286 217 22 288 93 86 60 137 144 172 102 110 206 196 333 120 262 270 148 231 145 288 55 199 228 88 238 97 246 152 244 278 117 233 267 93 249 241 168 142 148 108 179 204 70 203 107 65 277 250 230 137 2 187 119 166 50 84 160 181 107 196 222 82 66 41 176 194 66 70 200 193 249 229 221 271 267 201 214 153 241 248 140 307 57 94 270 44 90 278 152 68 323 170 242 20 271 33 252 256 330 253 132 259 239 80 230 184 200 247 182 144 103 52 203 321 242 260 69 199 329 254 200 265 246 339 235 244 175 176 99 129 301 135 205 167 130 252 145 202 127 172 255 105 96 130 75 213 231 125 75 143 247 145 277 82 339 140 260 200 133 74 72 261 103 135 64 212 97 284 335 151 96 151 98 224 142 134 152 221 258 275 147 91 118 180 98 68 19 242 163 43 183 64 106 252 91 69 247 110 121 102 142 226 146 70 35 263
 404 165 393 64 163 120 150 310 74 168 269 309 287 192 385 49 173 297 294 59 360 192 101 216 121 367 171 341 248 193 271 1 388 403 41 451 203 236 286 254 259 105 334 300 237 293 97 75 249 323 229 268 314 287 292 306 244 354 233 321 257 105 366 163 168 82 84 285 209 95 337 205 213 63 234 205 179 221 36 367 294 422 211 84 276 166 310 361 78 286 139 269 290 332 294 232 247 344 374 283 101 210 295 341 270 292 238 292 301 206 425 104 321 222 54 194 214 274 271 140 233 299 295 163 122 261 165 116 113 261 97 184 198 231 167 42 231 345 94 307 195 24 133 326 53 296 136 282 20 239 120 49 61 243 225 186 87 347 156 326 74 74 150 364 175 316 334 52 161 247 204 121 60 226 317 140 201 81 214 149 272 271 362 374 40 144 75 437 165 39 383 210 395 129 84 255 251 151 343 255 233 260 325 236 143 329 107 345 82 348 152 296 145 287 333 45 203 405 308 61 300 28 65 420 324 418 249 57 249 364 420 249 84 86 361 181 178 108 297 261 253 150 158 310 91 298 207 115 185 270 226 332 391 351 208 215 388 336 242 113
 32 227 103 443 373 309 314 215 383 223 291 342 143 250 96 389 237 286 117 441 179 200 297 173 322 32 258 325 170 196 136 388 1 49 427 81 255 181 265 137 137 367 83 103 388 123 312 449 328 316 335 279 282 338 120 290 151 70 156 104 169 284 122 231 275 321 458 127 310 362 98 365 202 390 190 332 363 170 357 93 246 92 290 408 134 368 262 106 379 364 261 262 145 188 293 334 201 301 50 107 409 297 349 81 137 303 248 161 91 183 55 288 79 238 344 197 200 163 187 329 156 90 316 267 333 355 356 404 354 218 312 288 293 284 229 419 192 151 401 130 194 399 257 69 440 161 376 139 384 163 336 362 444 283 264 394 336 110 301 151 322 347 317 209 214 126 305 434 377 289 192 290 446 386 177 342 380 462 368 378 185 187 122 172 422 265 316 113 264 362 30 249 59 269 351 147 223 238 74 340 265 154 149 184 323 238 409 59 462 76 395 193 261 104 65 368 189 67 82 328 97 405 450 74 180 126 148 348 268 194 64 246 388 405 217 217 253 285 101 129 152 377 298 96 306 91 241 385 222 190 285 190 69 156 204 359 23 73 170 396
 20 249 60 454 369 314 313 260 390 236 272 318 183 247 56 410 265 330 155 459 144 212 319 191 325 43 259 296 167 213 137 403 49 1 443 48 291 215 243 162 167 370 74 105 374 118 320 460 311 289 322 260 327 316 117 334 179 53 173 147 206 301 87 242 306 331 469 164 347 388 143 355 234 413 187 322 356 193 371 61 290 44 327 413 170 363 307 74 385 343 285 243 186 159 270 320 192 271 31 130 413 334 327 126 138 280 236 203 104 202 24 307 117 274 356 210 201 153 228 328 175 115 293 296 361 337 351 406 381 259 335 283 329 323 253 437 189 120 406 116 212 412 276 80 456 204 375 133 401 168 364 383 462 323 253 386 360 83 332 197 334 370 315 174 230 109 276 452 373 329 201 315 462 374 223 372 371 474 357 376 226 228 89 134 435 271 333 65 265 381 78 285 16 292 375 178 210 256 63 323 304 189 124 219 353 209 412 59 474 122 392 237 268 130 71 388 212 20 100 343 131 418 466 27 153 80 178 359 252 158 20 286 394 410 182 225 252 304 136 152 155 374 296 96 317 112 235 387 227 176 324 161 28 123 234 347 71 69 170 398
 444 202 433 49 188 157 185 338 98 208 304 340 321 231 425 55 207 317 330 20 400 232 135 255 157 406 210 374 289 232 311 41 427 443 1 490 230 270 322 292 296 132 374 339 262 333 136 61 281 357 260 304 335 318 333 325 281 394 272 357 291 143 406 203 195 122 67 321 227 108 372 232 247 67 274 236 206 259 76 407 318 462 232 98 312 193 332 401 104 315 174 306 324 371 329 263 286 378 413 321 116 230 326 377 310 326 276 325 340 245 465 141 358 250 93 234 254 314 302 174 272 337 328 192 140 290 193 133 126 289 127 220 219 252 203 20 271 385 111 347 234 43 171 365 18 328 161 322 45 279 138 73 21 264 262 208 111 388 179 359 114 97 184 403 215 356 369 14 186 267 244 152 22 251 347 154 226 56 240 173 303 302 403 414 33 184 112 477 204 69 421 237 435 163 102 291 290 190 383 285 257 295 365 270 162 367 122 385 59 384 173 326 185 325 373 67 240 445 347 101 337 40 24 460 363 458 286 95 286 403 460 274 106 102 399 222 217 144 334 299 293 175 194 350 131 337 246 138 225 310 247 371 431 391 242 243 426 376 282 132
 52 296 84 501 412 360 357 294 437 284 308 349 222 291 85 457 311 366 196 506 170 260 366 239 370 88 304 324 213 260 183 451 81 48 490 1 334 259 278 208 212 415 120 152 412 164 367 507 349 319 361 296 361 350 163 369 224 99 221 184 248 349 118 290 351 378 515 206 389 434 177 396 278 460 232 363 399 240 418 98 326 49 369 460 212 406 341 110 431 377 332 280 225 191 303 359 235 298 78 176 459 376 360 161 185 313 276 241 152 249 28 354 158 317 403 258 247 196 267 373 222 161 326 342 407 374 394 451 428 299 382 326 372 364 300 485 234 152 452 159 259 460 324 127 503 241 419 178 448 215 410 430 509 363 294 428 407 121 377 230 381 417 360 197 277 151 304 499 416 369 249 362 509 413 256 418 412 521 397 420 265 267 120 157 482 318 381 58 310 428 106 328 58 339 422 223 251 303 110 360 345 232 161 262 399 238 458 106 521 155 436 273 315 176 119 435 259 51 147 391 174 465 514 37 187 88 223 406 291 183 32 326 440 456 206 272 298 352 179 199 202 418 341 143 364 159 279 432 274 217 365 193 65 153 279 387 98 116 216 443
 283 96 310 266 299 213 245 109 245 139 322 381 117 224 301 178 57 105 140 237 326 146 110 134 228 249 210 393 209 129 204 203 255 291 230 334 1 76 319 136 127 254 244 212 358 223 192 277 331 376 321 314 120 363 220 114 118 258 145 159 88 132 299 150 36 187 286 129 59 131 171 322 61 171 211 301 303 118 191 284 93 326 40 268 123 298 110 285 245 377 83 304 117 309 342 322 238 382 266 166 279 47 375 183 204 346 268 109 198 126 307 118 178 23 189 143 195 235 81 249 140 179 356 43 96 355 288 286 116 61 108 252 40 48 83 215 210 297 270 247 126 224 110 218 247 111 282 223 189 185 99 158 241 57 268 326 120 275 56 139 177 134 247 346 129 254 377 231 300 64 160 85 250 350 123 95 329 282 330 292 83 81 296 333 242 184 141 346 210 165 238 9 290 92 130 114 260 118 248 342 38 103 278 73 78 336 284 240 283 190 305 99 179 164 227 164 105 301 195 160 160 229 248 315 297 340 117 199 292 337 310 47 256 267 347 164 212 114 156 147 193 292 237 221 172 183 232 274 182 253 45 310 291 306 63 325 245 239 200 279
 207 80 236 298 290 205 229 103 259 110 281 340 52 190 226 224 65 144 67 282 259 104 137 79 220 173 182 346 152 87 138 236 181 215 270 259 76 1 271 64 52 257 170 140 337 154 192 307 298 330 293 271 151 325 151 152 47 184 83 90 22 140 227 123 95 193 317 57 133 188 105 303 25 222 159 277 289 58 214 210 112 250 114 283 49 287 134 212 256 344 98 258 55 245 297 293 186 331 191 92 291 121 338 113 138 303 225 59 124 75 231 134 103 62 206 100 148 174 48 238 76 104 314 89 156 325 276 293 177 65 146 225 115 113 73 259 159 229 282 179 82 253 111 143 286 63 279 157 227 127 159 200 285 117 229 316 166 203 121 93 188 180 232 282 97 185 328 275 292 124 113 121 291 330 90 163 313 316 310 287 48 48 224 264 275 165 164 270 184 203 166 71 214 109 180 39 211 103 173 310 96 29 211 5 144 279 294 165 317 121 302 78 160 89 152 205 57 225 121 181 85 259 292 239 233 266 43 214 250 271 234 84 267 282 284 128 181 131 81 75 131 287 217 149 176 108 193 278 145 197 113 247 216 237 29 303 172 164 143 285
 257 225 195 308 166 167 139 370 233 182 32 79 287 104 194 319 264 412 266 342 116 174 259 193 167 234 124 76 123 191 150 286 265 243 322 278 319 271 1 219 236 200 183 175 140 151 192 307 76 60 93 24 420 74 155 420 230 197 191 286 282 225 161 174 306 207 314 266 370 331 297 134 268 330 113 106 147 214 252 183 381 231 356 248 262 159 403 170 227 101 252 18 294 89 30 90 87 65 221 214 238 361 85 286 150 39 54 311 196 198 264 241 255 318 235 177 126 111 315 152 197 219 52 292 325 98 151 223 336 334 278 103 349 366 238 327 113 127 235 136 195 281 225 206 327 314 185 137 295 147 326 296 342 374 63 171 299 161 323 332 219 301 140 101 191 140 60 335 170 381 161 276 334 144 345 346 150 326 132 179 314 315 158 132 299 157 249 233 129 287 283 319 228 250 312 246 61 207 192 85 352 266 120 274 333 53 234 208 324 288 192 342 159 223 205 299 219 231 210 244 246 285 343 242 92 202 237 230 37 109 250 348 230 244 93 156 119 242 247 212 148 177 129 177 206 212 92 207 139 82 363 88 217 126 263 122 281 194 131 218
