NAME : domp240p120v6
COMMENT : (Deleplanque et al.) 
TYPE : DOMP
DIMENSION : 240
DISPLAY_DATA_TYPE: NO_DISPLAY
OPEN_FACILITIES : 120
COST_SECTION
 1 88 66 180 348 68 90 45 17 184 338 276 371 388 335 171 253 211 82 179 253 288 317 69 241 324 148 43 123 255 151 202 93 221 276 422 147 329 119 269 352 279 134 335 265 278 56 315 330 113 216 103 66 330 55 262 300 325 170 164 162 96 279 100 156 96 309 205 317 315 363 413 429 211 100 301 263 354 200 57 250 170 339 70 290 235 29 206 96 296 298 190 60 317 225 273 144 346 175 21 121 132 359 366 218 54 214 293 236 197 227 401 126 289 24 291 201 287 253 111 288 133 152 241 317 92 101 316 407 13 57 344 140 130 267 378 205 295 402 294 122 404 317 204 337 376 110 276 93 279 256 278 55 87 278 218 263 235 76 303 247 257 188 271 303 140 360 37 65 193 295 17 22 200 279 253 157 296 76 51 247 21 236 75 262 161 333 142 40 279 295 207 238 203 395 148 390 157 283 237 99 168 98 220 133 104 276 21 285 224 247 235 347 332 417 332 74 271 325 256 224 46 168 269 82 36 269 249 319 124 73 350 78 230 312 305 339 69 216 107
 88 1 149 94 314 126 23 103 74 170 288 249 325 338 355 173 284 142 139 95 262 317 238 155 207 261 154 58 91 288 152 206 32 259 258 385 68 273 42 185 326 193 56 344 220 193 135 263 328 27 144 168 33 368 120 290 215 256 123 87 223 53 197 176 165 18 246 137 274 311 312 377 382 169 33 232 185 305 115 95 223 182 348 155 225 270 69 124 175 229 267 236 139 308 262 316 97 337 177 97 161 193 332 326 223 36 179 247 164 113 255 351 162 232 105 214 115 225 300 102 283 57 107 162 258 26 107 251 355 76 143 321 137 107 274 330 146 210 355 271 54 364 306 160 304 342 172 211 178 203 297 293 58 147 300 252 177 165 135 346 276 187 220 187 347 60 320 112 119 139 322 72 103 130 270 260 86 322 163 94 273 75 170 39 175 76 363 115 125 227 208 209 220 170 352 66 355 166 274 177 175 83 20 184 136 156 234 101 294 150 182 190 339 354 374 328 35 292 325 255 221 61 147 265 71 86 182 177 233 50 151 284 103 227 326 283 317 155 192 180
 66 149 1 237 358 101 155 92 83 191 360 283 388 408 304 167 218 253 56 243 235 252 364 15 257 356 147 95 154 219 153 192 158 182 276 430 212 356 183 322 354 337 187 313 287 333 17 340 316 175 260 56 131 286 89 229 353 363 201 214 108 141 331 39 150 154 342 247 335 302 384 423 445 234 153 338 310 375 263 110 259 160 316 16 325 198 94 258 32 333 307 147 68 308 186 228 178 336 171 53 97 83 363 379 206 118 232 314 279 260 196 421 104 318 64 336 261 320 205 131 278 198 185 290 347 157 114 350 429 78 44 345 148 154 250 398 241 350 419 297 188 416 310 229 347 384 65 312 31 325 213 253 100 54 248 183 320 276 51 256 214 298 158 326 257 194 373 39 57 226 261 79 65 243 272 237 204 263 33 104 216 86 275 140 321 218 295 166 51 305 353 199 242 222 409 202 398 150 277 271 36 225 162 238 137 73 295 49 265 270 283 259 336 300 431 319 127 243 309 245 218 94 182 259 116 68 330 292 380 189 77 385 88 223 286 307 339 25 226 107
 180 94 237 1 282 217 102 195 167 184 239 233 278 285 380 203 324 85 215 53 283 352 150 245 187 195 191 144 120 330 186 230 106 307 251 346 72 216 83 92 303 100 55 357 184 99 222 212 332 74 80 245 124 409 212 327 122 181 114 43 293 104 106 258 202 85 181 83 234 314 259 337 331 149 86 161 101 254 50 185 210 218 361 246 160 315 162 39 260 160 244 294 233 306 310 364 104 332 205 186 223 265 306 286 245 129 166 205 95 58 295 296 222 178 198 131 29 164 353 146 288 80 108 78 199 102 161 184 299 169 236 301 171 135 291 279 106 116 306 258 95 321 302 141 273 308 247 146 267 121 346 317 139 223 330 297 84 100 213 394 315 117 268 94 394 46 281 199 197 112 355 164 196 75 271 279 58 354 254 184 309 169 111 124 85 20 397 134 218 180 116 231 219 160 308 39 320 204 275 127 259 14 91 168 176 226 200 191 313 78 123 160 335 380 328 330 111 322 331 268 235 145 160 273 133 171 100 104 146 87 244 212 171 241 346 268 299 247 189 272
 348 314 358 282 1 414 335 390 349 169 69 76 54 79 214 193 233 198 304 334 166 233 225 372 109 132 212 311 231 240 206 176 344 253 89 74 344 98 338 263 37 297 268 169 99 279 344 86 127 318 205 318 341 284 402 225 271 165 192 249 317 267 250 345 210 298 134 199 52 119 74 66 96 146 282 161 218 67 327 393 100 205 170 373 146 245 355 250 356 155 52 275 404 102 252 279 218 103 190 337 268 310 33 30 168 332 137 79 196 337 223 88 261 115 371 206 300 136 290 238 117 345 209 228 114 338 250 141 98 346 389 46 212 220 157 69 178 283 74 67 354 60 92 155 12 29 311 154 380 207 269 183 299 307 206 240 286 188 308 295 227 182 237 270 294 271 24 334 304 178 226 336 369 208 109 160 239 224 389 388 217 354 175 350 305 281 254 208 380 105 309 168 117 148 56 270 43 210 106 156 349 279 328 132 222 292 83 341 164 211 164 126 106 220 77 121 294 201 134 140 149 306 182 126 269 315 340 193 354 346 417 149 276 146 184 61 52 381 134 452
 68 126 101 217 414 1 116 26 66 250 401 342 434 451 397 237 312 264 140 200 318 347 363 93 306 381 215 105 186 314 218 268 113 278 342 487 164 389 140 308 418 312 180 399 328 314 101 377 396 144 268 153 95 385 14 322 338 379 231 211 208 154 321 139 222 140 366 259 381 381 425 479 492 274 150 355 310 417 223 33 316 236 403 94 346 293 63 249 130 351 364 245 38 383 282 327 204 412 241 84 182 182 426 431 284 93 279 356 288 217 288 463 188 349 47 339 232 345 305 177 354 150 213 287 376 117 167 372 469 69 61 410 207 195 332 441 263 331 465 360 135 469 384 266 403 441 162 332 113 328 311 341 117 143 340 277 297 288 134 355 307 310 249 309 356 184 425 94 127 253 355 78 49 253 345 318 208 356 86 34 308 61 291 94 292 200 391 207 52 340 325 273 305 268 459 191 455 223 350 295 136 206 127 284 199 162 340 80 350 274 303 298 413 393 482 398 128 333 390 322 291 109 233 335 146 102 291 300 342 140 39 406 144 296 375 371 405 86 282 57
 90 23 155 102 335 116 1 96 75 192 308 271 345 358 376 194 303 159 152 90 283 337 249 158 228 278 175 70 113 307 174 227 10 277 280 406 58 292 30 192 348 197 73 365 240 199 142 283 350 29 160 180 26 387 112 310 222 271 145 102 237 75 206 185 186 39 263 155 294 333 331 398 402 191 55 249 197 325 112 84 245 202 369 159 242 289 66 135 183 245 289 253 135 330 281 334 119 359 198 103 178 206 354 347 244 38 201 267 180 108 275 370 180 251 104 227 117 243 317 123 305 45 128 174 277 4 127 268 375 78 143 343 158 129 295 349 166 216 376 294 37 384 328 182 325 363 185 228 182 216 315 314 74 159 320 270 182 181 148 364 296 203 239 194 365 75 341 119 132 160 342 77 102 147 292 281 104 342 164 84 293 74 188 23 178 85 383 137 124 246 211 231 243 192 373 80 377 187 296 196 184 92 12 206 157 171 255 107 316 164 200 211 361 375 395 350 54 312 347 277 243 74 169 287 91 97 181 192 232 35 145 300 120 249 347 305 339 158 214 172
 45 103 92 195 390 26 96 1 42 227 376 318 410 426 378 215 295 240 123 182 297 330 340 87 282 356 192 80 161 297 195 246 94 262 319 463 147 365 121 286 394 292 157 379 303 293 88 352 374 122 244 139 73 370 17 305 316 355 206 188 197 129 299 130 200 117 341 234 356 359 400 454 468 250 126 331 286 392 205 20 292 214 383 88 321 277 38 226 122 326 340 230 43 361 266 313 179 390 219 63 164 169 402 406 262 69 254 331 264 200 270 439 169 324 30 316 212 320 291 153 332 133 188 264 352 96 144 348 444 45 59 387 184 171 311 416 238 310 441 337 118 444 361 242 379 417 148 307 110 304 296 322 92 127 321 260 277 264 117 342 290 286 231 288 342 161 400 76 108 228 338 54 30 229 323 297 184 339 85 16 290 36 267 74 273 178 375 182 44 315 306 251 281 244 434 168 431 201 327 271 127 184 106 260 176 145 315 61 329 250 278 273 391 375 457 376 104 315 369 300 269 85 209 313 121 80 273 277 325 122 51 381 122 274 355 348 382 82 258 78
 17 74 83 167 349 66 75 42 1 187 335 278 369 386 345 176 264 203 96 164 261 299 307 85 241 318 154 39 121 267 156 208 77 233 279 422 131 325 103 257 354 266 123 343 263 265 72 312 336 98 208 118 50 343 55 273 288 318 166 153 177 90 268 116 162 84 303 197 316 321 360 414 427 209 90 294 253 352 185 48 251 177 347 86 283 247 14 195 112 289 299 203 68 322 237 286 139 351 180 35 132 147 361 365 225 39 213 291 228 182 238 398 137 284 32 282 187 281 266 112 294 117 148 231 313 77 105 310 404 6 70 346 144 130 274 376 200 282 400 296 106 403 322 201 338 376 125 270 109 270 269 286 51 101 288 229 250 227 90 316 258 249 199 259 317 129 359 52 77 188 306 14 30 192 283 260 148 307 91 42 257 7 229 58 248 148 345 142 52 275 281 213 241 203 394 136 390 163 288 232 115 155 83 219 137 117 275 36 293 215 240 233 352 342 416 338 66 281 331 262 230 44 169 274 80 43 254 241 304 108 80 343 84 235 321 307 341 84 217 113
 184 170 191 184 169 250 192 227 187 1 175 95 200 221 197 34 147 129 137 227 100 172 232 205 70 187 47 150 80 153 40 49 201 140 93 242 221 177 205 224 169 253 143 178 105 240 177 158 159 184 141 154 190 230 238 147 249 205 72 142 169 118 222 181 48 156 175 125 147 142 198 234 256 65 140 182 189 189 232 233 70 52 181 205 164 143 194 173 191 175 118 142 237 139 142 192 83 169 33 170 106 153 177 190 62 178 52 130 151 238 119 234 100 145 206 202 211 155 188 76 114 217 78 180 173 195 84 185 242 183 222 161 45 64 109 210 103 254 230 111 220 226 138 66 157 195 149 156 214 193 175 134 138 141 148 127 236 143 141 220 138 158 105 230 220 150 183 167 136 87 173 174 204 129 101 96 127 172 222 228 130 193 133 201 249 172 215 57 213 128 270 48 56 46 219 154 209 49 105 118 185 175 188 57 55 128 109 175 131 153 135 84 170 197 242 159 142 139 156 87 54 145 26 96 110 150 276 160 312 214 250 217 109 59 164 122 156 213 37 285
 338 288 360 239 69 401 308 376 335 175 1 100 40 51 272 205 275 156 309 290 206 282 159 373 105 65 220 297 216 283 213 198 316 288 125 111 306 31 305 204 104 237 237 229 75 219 345 28 187 287 160 328 318 337 390 269 209 99 171 212 339 248 189 354 221 272 70 159 33 176 25 103 95 128 258 98 161 17 281 376 112 221 231 374 87 283 339 203 364 94 81 304 397 159 288 324 198 167 203 330 280 326 100 55 197 312 129 46 147 291 259 64 273 61 362 144 253 78 330 232 166 310 188 175 49 310 247 76 70 333 386 111 214 210 201 42 144 222 69 109 321 84 150 136 68 85 322 97 385 147 311 231 285 314 254 274 228 140 312 344 268 128 264 211 343 238 54 331 304 150 276 324 360 167 153 200 206 275 390 372 258 340 129 326 248 242 309 198 374 63 248 192 137 139 71 235 92 222 152 115 358 239 300 123 225 301 67 335 214 163 116 104 170 277 90 182 274 248 193 179 176 293 179 169 258 308 283 140 292 313 410 82 274 175 239 110 115 381 139 444
 276 249 283 233 76 342 271 318 278 95 100 1 114 138 183 118 177 154 229 283 108 185 218 297 47 141 138 240 162 184 132 104 280 189 29 148 288 116 278 238 78 271 209 145 64 255 270 96 109 257 165 243 274 242 330 170 254 170 129 195 246 200 228 271 135 234 135 154 68 93 120 140 167 86 218 155 194 110 282 323 28 131 148 298 136 184 284 208 281 148 25 207 331 80 189 225 153 102 115 264 194 237 85 99 99 264 72 69 163 290 160 150 187 104 299 193 256 124 231 166 74 287 144 197 122 274 177 145 159 274 315 72 139 149 104 126 129 263 142 26 294 134 73 95 64 101 237 136 306 189 212 135 228 233 157 175 257 153 233 246 169 156 168 244 245 214 92 260 229 123 181 265 297 161 58 102 183 179 315 318 159 283 140 284 274 228 217 139 307 86 286 97 43 81 128 214 116 136 58 119 275 228 265 68 148 217 51 268 119 173 133 76 104 187 150 105 226 150 112 80 78 235 110 72 199 242 307 164 331 286 344 168 203 77 148 36 69 307 62 378
 371 325 388 278 54 434 345 410 369 200 40 114 1 26 267 228 283 194 336 329 214 285 193 402 132 99 245 331 249 290 238 216 353 300 134 73 345 67 343 242 89 274 274 222 108 256 374 67 180 324 199 353 354 337 423 275 245 131 205 250 358 283 226 380 245 308 107 197 55 172 27 65 59 161 294 134 199 26 320 410 132 242 223 403 125 293 373 242 390 131 90 320 428 155 300 330 232 155 226 361 304 348 81 27 212 348 158 80 186 330 270 37 297 100 394 181 292 117 340 262 168 348 223 214 86 347 277 111 46 367 416 99 242 241 207 16 181 258 32 114 359 46 145 169 60 57 347 136 413 184 319 234 319 340 257 287 266 179 339 347 276 167 281 248 346 276 31 361 333 187 278 357 392 206 158 209 244 276 419 406 266 374 168 362 286 280 307 229 405 100 285 209 155 169 32 273 60 245 156 153 384 278 337 153 252 326 96 366 216 202 155 137 159 273 51 174 309 252 187 188 191 326 208 175 290 339 321 179 328 351 442 108 303 190 237 111 105 410 164 476
 388 338 408 285 79 451 358 426 386 221 51 138 26 1 292 250 308 204 357 336 239 310 188 422 153 97 267 348 266 315 260 240 366 325 159 80 354 70 354 242 112 273 286 246 124 255 393 76 204 336 207 374 368 361 440 300 241 126 221 261 382 298 225 401 267 322 108 207 75 197 28 74 47 178 308 134 201 35 325 426 155 265 247 423 128 318 389 249 411 132 115 344 446 179 324 355 248 179 248 380 326 371 104 50 236 363 177 96 192 335 295 14 319 109 412 179 297 122 365 281 193 358 239 217 88 360 296 110 22 384 435 123 262 260 232 12 194 255 24 139 370 53 170 186 85 77 369 141 433 184 344 259 336 361 283 311 266 186 360 372 301 171 305 248 371 287 55 380 353 201 303 374 410 215 183 233 256 301 439 422 291 391 176 376 286 289 331 247 424 113 282 233 178 188 40 284 77 267 181 163 405 286 349 172 273 348 115 385 241 209 163 154 182 298 50 198 325 277 212 213 215 343 227 200 308 357 321 184 324 361 460 99 323 214 262 136 129 430 185 494
 335 355 304 380 214 397 376 378 345 197 272 183 267 292 1 184 88 317 257 422 98 56 399 317 215 322 202 318 270 88 204 152 385 125 155 252 413 294 394 409 181 441 338 47 245 426 298 275 89 374 329 250 367 76 383 76 430 352 267 338 209 305 403 272 191 344 317 314 242 97 285 249 299 243 329 337 368 276 428 391 191 175 47 317 318 109 356 366 284 329 194 161 369 114 121 102 279 117 180 316 215 224 191 242 136 352 224 250 333 434 110 301 210 286 351 372 407 306 126 254 110 407 273 366 303 379 250 327 310 340 347 170 220 254 90 282 289 437 284 166 408 259 123 249 209 220 240 316 310 367 106 64 308 255 58 122 425 324 263 100 91 332 149 416 99 345 237 304 271 276 45 332 350 320 126 102 323 44 333 385 89 351 311 379 440 368 43 251 348 268 458 151 171 226 262 349 228 190 126 291 276 371 374 225 220 236 233 318 69 340 307 246 113 9 276 95 323 65 81 116 146 312 222 116 286 303 469 338 501 403 380 348 264 141 36 163 164 327 198 409
 171 173 167 203 193 237 194 215 176 34 205 118 228 250 184 1 122 157 113 241 90 151 263 181 102 220 23 143 88 128 22 34 203 111 110 265 231 209 211 251 188 279 157 172 137 267 155 190 161 191 169 126 188 208 224 125 277 238 97 161 136 122 250 154 18 161 208 153 176 146 229 257 283 97 146 215 218 219 249 223 97 20 176 182 197 115 185 196 164 208 142 110 220 147 113 165 100 176 5 155 77 122 197 216 51 174 85 162 181 254 94 263 70 178 191 233 231 188 158 72 119 224 97 208 206 198 73 218 271 172 202 179 37 71 102 239 132 281 258 130 226 252 148 97 182 218 120 189 188 224 147 121 132 116 130 98 261 173 117 194 114 189 74 257 194 164 209 148 116 115 154 163 190 156 109 88 145 154 199 218 108 182 164 200 273 189 197 70 196 161 296 38 76 79 245 169 232 18 114 150 157 192 192 90 40 100 140 159 122 181 167 117 177 183 268 163 142 122 157 87 55 137 48 99 106 136 298 190 337 220 233 250 94 60 154 141 173 191 67 266
 253 284 218 324 233 312 303 295 264 147 275 177 283 308 88 122 1 275 173 360 70 36 373 230 191 311 134 240 207 8 139 99 311 38 151 290 346 290 324 369 210 398 276 108 227 386 213 270 130 305 287 163 291 87 299 14 394 337 217 282 123 236 367 185 123 274 303 271 243 126 294 285 327 206 261 317 333 284 370 309 172 107 111 230 298 22 276 317 197 309 196 74 284 140 34 50 221 159 120 233 133 138 220 262 90 275 189 242 296 374 30 319 128 271 267 344 352 287 58 185 118 338 218 326 294 306 177 313 328 259 261 197 155 191 78 297 248 399 307 170 337 288 148 209 225 249 154 293 223 336 37 56 232 170 38 36 381 287 179 75 10 301 66 376 75 284 256 220 189 232 45 252 266 275 126 76 267 46 246 303 19 270 277 303 393 309 82 191 263 252 416 101 146 187 288 290 260 122 128 259 189 313 303 192 151 151 221 235 75 299 276 218 158 83 306 136 250 37 121 97 109 234 168 109 214 222 419 304 457 333 294 340 186 106 78 173 190 240 162 323
 211 142 253 85 198 264 159 240 203 129 156 154 194 204 317 157 275 1 214 137 222 299 114 264 110 120 155 169 102 282 148 177 167 267 175 262 151 136 152 95 220 126 87 289 100 112 236 129 258 135 13 241 174 358 256 275 121 116 64 59 277 116 94 262 164 126 105 7 149 241 177 253 249 76 116 92 63 172 131 235 134 176 292 265 84 271 203 55 268 88 162 263 270 231 269 320 77 255 159 209 205 253 223 201 188 172 94 121 28 140 248 215 201 96 233 85 104 85 315 129 216 156 72 52 119 161 148 110 219 203 265 219 137 108 228 196 29 125 223 179 168 237 225 69 189 224 240 70 282 74 303 256 158 221 273 255 109 25 214 349 266 47 230 102 348 86 197 216 201 44 299 195 231 13 199 218 57 298 277 233 259 207 29 179 124 87 341 99 250 96 142 175 148 92 224 82 236 165 202 43 264 84 150 94 147 217 117 215 249 25 42 79 258 319 245 256 138 265 259 202 174 166 110 204 137 188 155 40 186 159 282 143 169 178 282 189 218 269 120 315
 82 139 56 215 304 140 152 123 96 137 309 229 336 357 257 113 173 214 1 232 182 208 327 70 205 310 93 84 113 175 99 138 159 140 222 376 206 307 179 293 300 312 162 262 236 306 44 290 263 165 223 31 133 249 127 183 323 320 157 185 85 113 299 49 96 138 296 208 282 249 333 368 392 185 132 295 274 324 249 138 206 105 266 71 280 154 108 229 57 289 253 109 115 254 144 192 138 282 116 63 44 55 309 326 152 117 181 264 241 249 149 370 50 270 95 298 242 274 172 86 224 195 143 257 299 155 68 305 377 90 94 290 96 109 197 346 198 322 366 242 188 362 256 181 293 329 34 268 78 287 175 203 82 9 201 138 294 236 7 221 168 258 110 297 222 170 319 48 22 182 216 85 94 206 218 184 172 217 88 132 169 101 233 145 298 196 253 120 92 256 329 144 188 171 355 178 343 96 222 227 52 203 157 187 85 23 243 64 213 233 240 210 283 254 378 265 109 194 256 191 164 80 131 205 84 58 313 253 361 186 126 339 47 169 236 252 284 80 173 158
 179 95 243 53 334 200 90 182 164 227 290 283 329 336 422 241 360 137 232 1 325 391 188 247 237 244 227 152 155 366 223 271 90 340 300 398 37 267 63 123 354 117 86 403 235 124 229 264 379 69 131 261 115 446 198 365 149 228 160 90 315 128 140 270 238 95 231 135 286 362 310 389 382 199 104 209 145 306 24 168 259 254 407 248 210 349 156 88 269 209 295 322 223 355 343 398 145 381 244 191 248 285 358 337 287 127 215 257 145 19 331 347 249 230 193 175 43 215 384 177 335 51 151 124 249 89 189 233 349 167 232 352 207 171 335 330 157 139 357 308 66 373 350 190 325 360 265 197 271 165 379 359 151 240 370 331 106 151 229 428 352 166 301 122 428 78 333 206 212 161 394 165 191 127 319 322 103 394 254 169 347 164 163 110 96 57 437 173 214 232 128 273 266 208 360 74 372 239 322 179 270 56 82 217 210 247 252 194 357 128 175 211 384 422 379 378 124 362 378 313 279 155 202 319 155 180 92 154 143 61 232 259 192 285 390 319 350 247 236 256
 253 262 235 283 166 318 283 297 261 100 206 108 214 239 98 90 70 222 182 325 1 81 312 249 127 245 110 229 175 77 110 57 292 89 82 226 318 222 299 316 145 347 241 84 161 333 226 202 82 279 234 184 276 140 305 64 338 271 170 241 163 210 311 210 100 249 237 219 174 70 225 220 260 149 234 253 276 215 331 307 106 84 88 249 234 80 271 270 222 245 127 116 295 80 88 118 182 106 86 235 139 166 155 194 40 262 130 174 240 337 59 251 133 205 271 283 310 222 126 161 53 312 176 272 226 286 160 247 260 256 275 133 126 158 16 228 194 345 239 101 314 222 86 154 156 183 175 230 249 277 106 35 219 182 53 77 330 231 188 140 63 242 84 322 139 249 188 226 192 180 79 247 270 224 58 7 226 78 266 302 53 267 219 288 344 271 120 154 272 186 363 54 81 131 221 252 195 99 61 200 215 274 280 132 128 163 154 238 34 245 217 156 105 99 240 86 230 45 75 28 49 223 125 40 194 219 373 246 407 308 307 273 178 45 66 105 126 259 104 340
 288 317 252 352 233 347 337 330 299 172 282 185 285 310 56 151 36 299 208 391 81 1 392 264 207 324 166 274 237 35 169 124 345 71 158 283 378 300 357 393 205 423 306 86 241 410 248 280 118 337 311 198 325 60 334 28 416 351 243 311 155 268 389 219 154 307 316 295 250 118 299 279 324 227 293 333 355 289 399 344 186 138 88 265 314 56 311 343 231 325 202 107 318 134 67 52 250 148 148 268 168 171 216 262 111 310 209 253 318 404 63 321 163 285 302 363 380 302 73 217 118 371 246 349 306 340 210 327 330 294 295 193 185 221 82 299 271 422 306 174 370 285 143 231 226 245 188 310 257 356 52 52 266 205 29 71 406 309 214 63 42 321 101 399 62 314 256 255 224 256 12 286 301 299 130 87 295 14 280 338 45 305 298 337 419 339 47 220 297 266 440 125 161 209 286 319 255 153 131 279 223 342 336 211 183 186 233 270 70 322 296 236 145 50 303 124 283 37 108 107 127 269 195 115 247 257 447 325 483 365 328 352 220 124 58 176 186 275 182 357
 317 238 364 150 225 363 249 340 307 232 159 218 193 188 399 263 373 114 327 188 312 392 1 374 186 96 265 276 215 380 257 277 254 371 245 265 219 129 232 68 258 92 185 362 155 75 348 140 325 222 105 354 269 451 356 371 56 63 175 154 389 224 50 375 272 225 92 120 176 310 168 258 230 169 218 66 55 169 169 332 209 282 365 375 83 372 304 115 380 72 213 371 374 296 372 420 190 312 264 318 317 366 256 213 284 272 185 155 87 180 348 194 313 116 338 31 146 95 418 242 290 229 186 77 112 250 261 85 193 307 373 262 248 221 313 187 134 70 211 239 244 237 288 167 221 243 353 83 394 41 404 344 267 334 364 358 91 93 327 447 364 75 336 71 446 180 212 327 313 151 389 301 336 122 274 306 161 388 387 330 356 309 100 271 110 165 429 212 356 133 97 273 232 188 223 172 251 274 275 115 377 159 238 182 258 330 168 323 332 95 98 156 315 402 237 321 243 356 329 287 266 274 217 284 249 298 142 76 137 236 386 91 282 269 363 245 264 378 211 417
 69 155 15 245 372 93 158 87 85 205 373 297 402 422 317 181 230 264 70 247 249 264 374 1 271 369 161 102 166 231 167 206 161 194 291 444 215 369 187 331 368 344 195 326 300 342 30 353 330 180 271 68 134 297 82 241 362 375 213 223 118 151 340 48 165 161 354 258 348 316 398 437 459 248 161 350 320 389 268 106 273 174 330 2 337 210 96 267 38 344 321 159 58 322 198 239 190 350 185 59 111 94 377 393 220 122 246 328 290 265 209 435 118 331 62 347 268 332 215 144 293 202 197 300 360 161 127 363 442 81 34 359 162 167 264 411 253 359 433 311 190 430 324 242 361 398 77 324 25 335 224 266 109 68 261 196 327 287 65 266 227 309 171 334 267 202 387 48 70 238 274 83 63 254 287 251 214 275 19 101 229 87 286 142 328 225 306 179 45 318 360 213 256 235 423 210 412 165 291 283 44 232 166 251 151 87 308 55 278 280 295 272 351 312 445 333 135 256 323 259 233 102 196 274 127 77 336 303 386 192 66 397 101 237 299 321 353 11 240 94
 241 207 257 187 109 306 228 282 241 70 105 47 132 153 215 102 191 110 205 237 127 207 186 271 1 123 116 203 122 198 108 101 237 195 67 182 242 109 233 197 121 230 164 182 38 214 242 89 150 213 120 223 233 266 295 188 216 147 85 149 236 159 189 250 117 190 113 109 79 133 129 174 190 40 175 127 155 120 236 284 26 118 186 272 108 194 246 163 260 120 62 205 298 123 196 240 110 147 100 231 175 222 126 126 104 224 29 61 121 244 169 166 169 82 265 158 210 97 241 132 109 242 101 154 107 231 146 124 173 238 285 117 110 112 129 142 83 224 163 71 250 163 117 49 99 137 218 104 282 152 224 159 191 210 179 181 215 111 208 264 183 118 166 203 264 168 119 230 201 77 205 229 262 116 92 121 137 203 288 280 173 246 98 242 231 182 244 100 275 63 245 95 47 39 154 168 151 118 94 77 254 182 221 24 121 197 40 236 148 130 93 33 149 218 177 147 185 171 151 102 84 198 76 100 162 209 263 124 290 242 311 153 172 86 180 82 114 279 36 346
 324 261 356 195 132 381 278 356 318 187 65 141 99 97 322 220 311 120 310 244 245 324 96 369 123 1 229 281 205 319 222 223 285 317 168 171 266 35 270 145 166 177 206 281 86 159 340 49 241 254 120 333 292 381 372 307 146 35 157 177 355 229 129 358 234 245 16 125 85 228 74 164 142 127 233 38 105 75 231 353 141 238 284 370 37 315 319 157 366 37 129 327 383 212 318 360 182 224 219 319 288 337 163 118 226 289 136 73 102 242 291 106 283 43 347 83 204 38 363 226 213 272 174 123 20 280 244 13 107 317 376 172 218 203 243 94 120 160 120 157 285 144 204 131 129 149 329 51 384 88 346 274 270 316 296 304 170 98 312 383 303 80 288 151 383 205 118 323 301 132 320 309 345 132 197 239 176 318 384 350 294 322 92 298 190 202 356 191 362 62 187 217 166 144 130 200 156 234 198 87 361 198 268 131 229 307 92 324 259 119 80 104 228 326 145 237 254 288 246 218 205 278 182 211 245 297 225 92 230 276 396 31 269 206 287 161 175 375 156 430
 148 154 147 191 212 215 175 192 154 47 220 138 245 267 202 23 134 155 93 227 110 166 265 161 116 229 1 121 73 140 9 55 184 117 132 285 214 221 193 247 209 273 143 193 150 263 133 203 184 173 167 109 167 220 202 139 275 245 93 151 127 104 248 136 12 143 217 150 192 168 244 277 301 104 129 221 217 235 237 201 114 29 197 162 204 124 163 189 146 214 162 109 198 169 120 174 90 199 28 133 61 109 218 234 72 153 95 176 180 240 105 280 55 188 169 235 220 196 164 53 141 207 89 205 216 178 51 226 287 149 180 200 22 58 123 256 132 278 275 151 207 271 170 102 201 238 103 194 169 225 155 140 110 96 147 106 255 173 97 204 127 191 78 253 204 151 228 126 94 115 170 140 167 152 132 109 135 170 178 195 122 160 166 179 265 176 212 60 174 171 291 60 96 87 264 156 252 14 136 154 139 181 173 101 19 82 154 137 143 178 170 126 200 201 286 185 122 139 179 109 77 115 49 122 85 114 289 191 330 202 210 259 72 83 173 162 194 170 82 245
 43 58 95 144 311 105 70 80 39 150 297 240 331 348 318 143 240 169 84 152 229 274 276 102 203 281 121 1 82 244 122 175 76 212 242 384 124 287 97 230 316 243 94 312 224 240 80 274 303 84 174 112 52 322 94 248 261 283 128 123 168 54 240 119 130 60 266 163 277 287 322 376 389 171 60 258 221 314 171 84 213 146 316 103 247 224 45 166 119 253 261 186 103 287 215 268 102 316 147 44 111 138 324 327 192 36 175 253 194 169 212 360 114 247 67 249 167 245 250 75 259 112 110 200 275 73 71 274 366 37 98 309 108 92 243 338 163 257 362 259 105 365 286 163 300 338 116 234 124 237 249 257 13 91 261 206 226 192 80 298 234 215 175 233 298 101 321 57 63 151 281 28 64 158 248 229 115 281 113 79 232 45 194 65 227 124 321 103 82 237 259 180 204 165 355 109 352 131 253 195 119 131 74 181 103 102 236 49 262 182 204 195 317 315 378 304 34 253 298 228 195 7 131 240 42 29 237 207 287 104 116 307 55 201 291 270 304 105 180 149
 123 91 154 120 231 186 113 161 121 80 216 162 249 266 270 88 207 102 113 155 175 237 215 166 122 205 73 82 1 212 69 119 122 189 168 303 144 208 126 185 239 207 70 255 143 199 138 193 238 105 111 141 113 292 175 211 214 211 48 81 180 40 189 161 84 77 190 96 196 221 241 295 307 89 61 186 163 232 164 163 135 101 259 167 172 197 125 123 167 180 182 175 182 218 192 246 26 247 91 116 108 154 245 246 136 103 94 171 129 168 178 279 106 168 146 186 148 168 234 29 193 139 32 146 197 116 48 198 285 118 173 233 53 18 186 256 88 215 280 183 142 284 216 82 220 258 140 159 183 175 227 207 70 120 217 179 189 124 113 276 199 146 149 190 276 78 240 120 100 73 241 109 144 94 179 172 66 241 181 159 194 126 122 124 197 104 283 25 159 157 225 122 130 84 274 84 272 86 184 119 163 109 109 100 58 117 155 121 207 122 131 113 248 270 297 238 65 209 235 166 132 78 56 175 42 94 218 141 261 135 195 232 68 138 239 194 228 172 103 229
 255 288 219 330 240 314 307 297 267 153 283 184 290 315 88 128 8 282 175 366 77 35 380 231 198 319 140 244 212 1 145 106 315 38 158 296 351 298 329 376 216 405 282 111 234 393 214 278 136 310 294 164 295 81 301 18 401 344 223 288 122 241 374 185 129 279 310 278 250 131 301 291 334 213 266 324 340 291 375 311 179 113 114 231 305 22 279 323 197 317 203 74 285 146 34 42 227 165 126 236 136 138 226 269 97 279 196 249 303 379 36 326 132 278 269 351 358 294 52 190 124 343 224 332 301 311 182 320 335 262 262 204 160 196 84 304 255 406 313 177 342 295 154 216 231 256 155 300 223 343 30 61 236 172 42 39 388 294 181 68 17 308 70 382 68 290 263 222 191 239 44 255 268 281 133 83 273 46 247 305 26 273 284 307 400 315 79 197 264 259 422 108 153 194 295 295 267 127 135 266 190 319 307 199 157 153 228 238 81 305 283 225 163 83 313 141 255 43 126 104 116 238 174 116 218 226 426 311 464 337 295 348 190 114 82 180 197 241 170 323
 151 152 153 186 206 218 174 195 156 40 213 132 238 260 204 22 139 148 99 223 110 169 257 167 108 222 9 122 69 145 1 55 182 123 127 279 211 214 191 240 204 266 138 193 142 256 139 195 182 171 159 116 167 225 205 143 268 237 86 145 135 102 241 143 17 141 209 143 185 166 237 271 295 96 126 213 210 227 232 203 108 33 197 167 196 130 165 183 152 206 155 116 202 167 126 179 84 196 26 136 68 117 213 228 72 153 87 168 173 236 110 273 62 180 172 227 214 188 170 51 139 204 82 198 209 177 52 218 280 152 185 195 17 53 123 248 124 271 269 146 205 265 167 94 195 232 111 186 175 217 161 141 111 103 150 112 249 165 103 209 131 184 84 246 209 146 221 131 99 107 173 143 170 145 129 109 130 173 184 197 126 162 158 179 259 171 215 54 178 164 284 59 91 79 257 152 246 19 133 146 146 175 171 93 20 89 147 140 143 171 162 118 197 203 280 183 121 141 178 107 75 116 41 120 85 117 283 183 324 200 215 251 75 81 174 157 190 176 75 249
 202 206 192 230 176 268 227 246 208 49 198 104 216 240 152 34 99 177 138 271 57 124 277 206 101 223 55 175 119 106 55 1 236 96 89 245 262 207 243 272 166 301 187 139 138 288 181 187 130 223 189 146 221 182 255 99 296 245 120 189 143 155 269 174 47 194 212 173 168 114 221 238 269 109 178 223 236 211 278 255 88 34 143 207 205 97 218 221 185 216 127 106 248 117 97 145 128 146 30 185 97 136 175 201 18 207 93 158 198 283 73 252 90 181 222 247 258 195 143 105 88 257 124 228 207 230 106 223 261 204 229 155 70 103 69 228 150 301 245 110 258 235 119 111 165 199 138 198 210 239 128 89 165 139 101 83 284 190 143 173 90 204 67 278 172 194 194 177 144 134 125 195 220 177 81 55 173 125 224 249 82 214 179 233 297 218 168 99 225 162 318 8 63 90 230 199 212 46 86 162 178 221 225 96 73 122 136 189 90 201 179 123 147 152 251 131 174 92 125 55 28 169 72 69 139 167 324 206 360 252 261 253 125 32 121 119 149 216 68 294
 93 32 158 106 344 113 10 94 77 201 316 280 353 366 385 203 311 167 159 90 292 345 254 161 237 285 184 76 122 315 182 236 1 285 289 415 55 300 28 196 357 199 81 374 249 202 146 291 359 33 167 186 28 395 110 318 226 278 154 109 243 84 210 189 194 48 271 162 303 342 339 406 410 200 64 255 203 333 112 81 254 211 378 162 249 297 67 140 187 252 298 260 135 339 288 341 128 368 207 107 185 212 362 355 253 43 210 275 187 107 283 378 187 259 105 233 120 250 324 132 314 41 137 180 284 7 136 275 382 81 144 351 167 138 304 357 174 218 384 303 31 393 337 190 334 372 191 235 185 222 323 322 81 165 329 278 185 188 154 372 304 209 247 197 372 82 350 124 138 168 350 81 103 155 301 290 112 351 166 81 301 76 195 21 180 90 391 146 125 255 213 240 252 200 381 87 385 196 305 204 188 96 18 214 165 177 264 110 325 171 207 220 370 383 403 359 63 321 356 286 252 81 178 296 99 102 181 198 232 31 144 307 128 258 356 314 348 160 223 169
 221 259 182 307 253 278 277 262 233 140 288 189 300 325 125 111 38 267 140 340 89 71 371 194 195 317 117 212 189 38 123 96 285 1 167 314 323 300 299 361 233 388 257 143 232 377 178 280 161 281 279 128 263 111 265 50 387 340 206 267 86 214 360 149 107 251 307 262 256 154 309 309 348 203 238 319 328 299 351 276 180 93 146 194 300 17 245 305 161 311 211 37 249 167 5 58 206 189 109 201 102 101 243 281 93 247 188 251 290 355 31 337 99 276 234 341 335 290 49 164 141 314 204 318 301 280 153 318 346 228 225 221 138 174 101 314 241 391 326 187 312 310 173 205 243 271 118 293 187 333 40 87 205 136 73 15 370 282 146 89 37 297 41 367 89 266 275 187 157 225 81 221 233 265 146 95 251 82 210 270 43 238 273 275 381 291 114 176 228 257 405 101 153 184 308 272 283 105 149 257 153 296 278 191 132 118 229 202 104 290 274 219 187 120 328 166 225 71 152 114 114 206 158 128 189 192 405 299 445 308 258 347 158 114 114 193 214 205 163 287
 276 258 276 251 89 342 280 319 279 93 125 29 134 159 155 110 151 175 222 300 82 158 245 291 67 168 132 242 168 158 127 89 289 167 1 157 301 143 289 262 79 295 222 119 91 279 264 123 84 268 186 233 280 215 330 144 279 198 142 211 229 207 253 261 127 243 162 174 93 68 144 150 183 103 226 182 219 134 300 325 42 119 122 291 163 160 286 228 272 175 46 188 328 57 166 199 163 82 107 262 184 223 88 116 80 269 86 97 186 307 137 171 177 132 298 219 275 152 207 168 46 299 155 220 149 283 176 173 180 275 311 70 137 154 77 148 149 288 160 22 305 148 52 111 78 111 226 163 297 215 187 107 230 224 130 153 280 177 226 219 144 181 150 269 219 227 109 257 224 140 153 266 296 181 30 76 198 152 308 320 134 285 163 291 297 244 189 145 304 113 310 81 39 93 144 229 125 127 31 142 265 245 275 84 145 208 79 266 91 196 157 98 85 159 165 82 232 123 86 55 62 237 113 44 202 241 329 189 355 298 341 195 200 59 121 31 64 300 67 375
 422 385 430 346 74 487 406 463 422 242 111 148 73 80 252 265 290 262 376 398 226 283 265 444 182 171 285 384 303 296 279 245 415 314 157 1 411 139 407 314 82 347 337 206 167 329 417 137 167 387 268 389 413 326 475 279 317 203 263 316 384 339 299 416 282 369 179 264 114 167 98 10 55 217 353 206 271 98 389 466 173 275 206 445 197 304 428 312 427 203 125 340 477 151 313 332 290 137 261 410 339 379 72 61 235 405 210 142 256 399 284 79 332 170 445 253 362 188 347 312 174 413 280 285 158 409 324 183 85 419 462 94 286 293 215 79 245 330 58 136 423 28 143 226 86 48 382 207 452 256 325 236 372 379 258 302 338 248 380 344 285 238 304 320 343 340 66 407 377 248 274 410 443 272 171 221 308 272 462 461 275 427 236 422 358 347 294 281 453 167 357 238 189 220 43 338 34 282 167 220 420 345 398 205 295 363 152 415 217 272 224 196 140 259 35 161 366 255 176 203 218 379 255 188 343 388 393 250 400 415 490 178 350 215 228 127 101 454 207 525
 147 68 212 72 344 164 58 147 131 221 306 288 345 354 413 231 346 151 206 37 318 378 219 215 242 266 214 124 144 351 211 262 55 323 301 411 1 285 29 155 361 152 80 398 245 158 199 280 377 43 148 235 82 431 162 352 183 252 160 96 290 111 171 241 225 73 252 148 298 360 327 402 399 203 86 232 171 322 61 132 262 242 401 216 230 334 122 110 239 230 302 302 188 355 327 381 140 382 234 160 227 260 366 350 279 95 217 270 165 54 317 365 228 246 159 202 75 234 366 162 332 15 147 149 268 56 171 255 368 135 198 358 195 161 328 347 167 173 374 311 30 387 351 194 334 371 239 216 239 191 362 350 125 214 360 315 140 169 202 411 339 187 284 155 411 75 346 176 186 167 382 134 157 140 317 315 106 383 220 133 334 130 179 75 132 65 425 165 180 246 164 264 265 209 374 75 384 226 321 193 240 69 51 220 196 223 262 163 350 148 192 219 384 413 395 377 100 351 375 308 274 128 196 315 135 152 128 175 179 25 197 283 170 279 382 323 355 214 235 220
 329 273 356 216 98 389 292 365 325 177 31 116 67 70 294 209 290 136 307 267 222 300 129 369 109 35 221 287 208 298 214 207 300 300 143 139 285 1 287 176 133 208 220 252 73 190 340 21 211 269 138 328 304 356 379 285 179 69 161 193 344 236 160 354 224 257 41 140 54 199 44 131 115 123 244 68 133 42 256 363 121 226 255 370 60 296 328 180 362 65 101 312 388 183 300 339 187 193 207 322 281 329 129 85 207 299 128 50 123 266 272 81 275 42 353 115 228 53 344 226 186 290 178 149 20 294 243 46 84 324 379 139 213 203 219 64 128 192 91 129 302 112 174 129 96 115 323 72 383 118 326 249 276 312 272 286 200 117 309 361 283 103 273 182 360 220 84 325 300 138 295 315 350 147 172 216 189 294 385 360 273 330 108 311 220 221 330 191 366 52 219 201 147 137 98 216 122 225 171 97 357 218 283 122 224 301 72 328 233 140 95 98 196 299 115 206 262 265 217 195 187 284 177 186 249 300 255 115 262 294 401 55 269 187 260 132 142 376 143 436
 119 42 183 83 338 140 30 121 103 205 305 278 343 354 394 211 324 152 179 63 299 357 232 187 233 270 193 97 126 329 191 243 28 299 289 407 29 287 1 172 353 173 71 380 241 177 171 279 362 22 151 207 54 408 137 330 201 260 149 94 263 90 187 213 204 51 255 148 294 345 327 398 399 194 66 238 182 321 85 108 251 221 384 188 234 310 94 119 211 236 294 277 162 341 303 357 126 369 215 132 202 233 358 347 260 67 207 266 170 80 295 366 203 246 131 212 94 236 341 141 317 17 135 159 270 28 148 259 370 107 171 349 175 143 311 346 163 193 373 301 17 384 338 185 328 365 212 220 211 201 338 331 99 186 339 292 159 172 175 387 317 192 261 172 387 69 342 148 159 160 361 106 130 140 303 297 100 362 193 108 313 102 180 48 153 70 403 148 152 244 187 246 252 198 372 71 379 205 307 192 212 75 24 211 175 196 256 135 332 153 193 213 371 393 393 362 75 331 360 291 257 101 180 300 111 124 154 181 205 10 171 290 144 263 363 312 345 186 222 196
 269 185 322 92 263 308 192 286 257 224 204 238 242 242 409 251 369 95 293 123 316 393 68 331 197 145 247 230 185 376 240 272 196 361 262 314 155 176 172 1 292 35 137 378 176 18 307 180 345 165 83 322 214 452 303 370 32 119 156 110 364 183 19 339 256 174 136 100 212 329 218 306 286 168 171 109 46 217 103 276 221 269 382 332 119 365 252 65 343 112 239 355 323 317 363 415 162 337 253 273 292 338 293 257 283 220 187 186 77 113 342 250 289 149 288 64 81 129 408 213 305 166 160 45 157 192 231 133 250 258 325 294 228 195 321 238 123 31 265 261 182 287 310 163 257 285 322 110 352 59 397 350 223 300 367 349 26 87 292 443 361 84 323 8 443 130 255 284 277 138 393 253 286 97 288 311 122 392 342 275 353 259 100 215 46 110 434 189 307 161 50 270 239 186 273 122 295 258 290 121 341 103 182 186 236 300 192 278 341 72 106 165 340 412 289 342 197 359 347 295 268 230 204 295 211 255 80 74 95 175 334 151 248 272 374 270 295 334 213 363
 352 326 354 303 37 418 348 394 354 169 104 78 89 112 181 188 210 220 300 354 145 205 258 368 121 166 209 316 239 216 204 166 357 233 79 82 361 133 353 292 1 326 284 136 122 309 341 119 94 332 229 310 351 253 406 200 303 200 205 267 303 277 280 338 205 310 167 221 83 89 110 77 120 160 294 193 247 103 350 399 105 197 137 369 178 223 361 274 349 188 61 259 405 72 232 253 229 67 184 338 261 299 11 63 155 341 148 107 222 359 203 120 254 145 374 238 323 166 267 242 93 362 220 255 148 350 252 175 129 350 388 13 213 226 134 103 198 314 103 59 369 80 63 169 38 41 303 183 374 237 245 157 304 302 179 220 314 214 304 267 204 210 222 299 266 288 59 334 302 195 197 341 372 229 90 140 256 195 386 394 194 359 200 361 333 300 222 216 381 133 339 158 114 157 82 287 52 205 86 180 342 299 341 143 222 285 104 343 137 236 190 144 71 188 98 88 303 175 102 122 139 311 186 107 275 318 367 221 384 361 418 185 277 135 153 49 20 378 138 452
 279 193 337 100 297 312 197 292 266 253 237 271 274 273 441 279 398 126 312 117 347 423 92 344 230 177 273 243 207 405 266 301 199 388 295 347 152 208 173 35 326 1 152 411 210 19 321 214 378 170 114 341 221 482 308 399 39 149 183 129 386 200 49 356 283 185 168 129 246 362 250 339 317 199 185 141 80 249 94 279 254 296 414 345 152 393 260 86 359 145 273 380 330 350 390 443 186 371 281 286 314 359 326 291 313 228 218 220 110 103 371 281 312 183 297 95 81 162 436 235 338 165 185 76 190 196 253 165 281 268 335 328 253 219 352 270 153 25 296 295 181 319 343 194 291 319 342 144 366 92 425 381 238 319 398 376 19 120 310 472 390 117 349 28 472 144 288 298 294 168 423 263 295 125 321 342 142 423 354 280 382 267 133 219 23 120 465 214 317 195 18 299 271 216 305 136 328 284 323 154 357 113 187 217 261 321 226 290 373 103 140 198 374 443 321 375 210 389 380 326 298 244 232 327 229 270 51 108 61 174 341 180 267 303 406 303 328 346 245 368
 134 56 187 55 268 180 73 157 123 143 237 209 274 286 338 157 276 87 162 86 241 306 185 195 164 206 143 94 70 282 138 187 81 257 222 337 80 220 71 137 284 152 1 320 171 148 171 211 299 51 89 191 88 362 173 280 168 201 81 32 240 50 147 206 154 41 191 82 225 281 259 329 331 125 35 177 131 253 95 150 183 170 324 196 170 266 121 73 208 174 224 242 190 276 260 314 61 303 160 137 170 211 289 277 203 88 139 197 109 99 247 298 169 179 154 160 82 171 302 94 254 79 68 109 205 75 108 196 303 124 190 280 122 87 251 278 94 165 304 233 87 315 272 116 258 296 193 156 217 148 296 275 87 169 286 248 134 110 160 345 268 131 218 140 345 10 272 148 144 91 310 117 152 75 238 238 32 310 206 148 263 126 116 93 138 36 352 88 173 175 168 188 186 130 303 17 309 155 242 124 207 42 64 142 126 173 187 142 273 95 128 143 305 338 324 298 61 277 297 230 196 94 118 237 79 120 154 121 200 79 202 229 118 202 306 244 277 198 156 233
