NAME : domp260p65v4
COMMENT : (Deleplanque et al.) 
TYPE : DOMP
DIMENSION : 260
DISPLAY_DATA_TYPE: NO_DISPLAY
OPEN_FACILITIES : 65
COST_SECTION
 1 220 240 107 379 287 381 53 41 359 372 224 376 283 216 67 103 69 168 106 167 382 208 330 101 171 203 222 261 93 241 378 170 166 194 44 235 163 390 249 251 345 317 190 104 84 248 214 198 258 62 171 251 136 115 201 253 133 77 346 340 119 77 176 94 337 278 305 244 376 348 151 114 303 320 139 346 103 385 170 250 179 135 303 222 313 357 88 236 331 244 168 2 142 207 153 110 72 272 179 183 248 134 186 312 162 281 239 379 267 351 274 179 115 245 250 147 321 326 161 16 203 153 188 182 288 369 202 349 66 289 294 305 131 201 309 44 91 215 362 291 125 299 268 131 298 397 343 363 41 328 361 152 86 324 179 133 66 380 279 377 28 406 289 159 57 125 138 59 288 213 151 288 111 362 375 251 342 302 360 387 381 168 152 106 220 199 144 351 302 291 255 188 62 357 356 77 273 367 221 224 105 216 95 212 261 186 354 195 239 116 248 103 279 282 141 294 66 171 193 370 181 83 291 133 301 246 311 252 51 281 82 301 48 271 147 258 264 352 163 276 228 193 13 372 141 124 350 235 348 337 173 193 132 176 107 256 228 108 26
 220 1 116 283 369 438 404 171 260 476 331 255 391 286 84 253 313 282 244 226 319 519 296 253 120 219 43 410 420 311 221 497 133 383 158 178 171 379 346 178 138 289 372 346 216 234 236 384 58 298 168 131 330 229 179 183 307 352 182 408 391 317 201 184 247 475 388 441 328 510 317 319 262 366 363 87 337 294 511 179 375 339 257 439 27 349 339 296 378 483 319 114 220 222 39 72 111 153 379 129 172 429 338 163 256 370 408 298 390 435 280 272 134 110 134 367 175 460 384 367 212 259 73 353 61 435 331 341 490 159 412 335 470 239 290 322 194 266 407 351 361 224 351 238 146 357 531 405 401 260 405 363 371 305 377 46 213 285 514 320 485 217 351 210 122 195 334 353 263 428 12 191 404 229 394 316 147 313 430 442 338 499 387 367 313 47 377 227 479 296 289 303 396 246 289 472 193 199 449 255 372 160 5 128 158 217 395 481 240 401 329 344 240 433 417 342 421 177 87 341 427 375 280 401 171 417 310 399 184 171 433 286 368 238 204 137 316 319 330 251 442 388 325 216 328 359 204 457 416 501 274 368 331 351 329 225 409 131 317 203
 240 116 1 257 256 376 295 206 276 394 216 165 282 181 36 242 307 283 178 191 271 443 222 138 161 149 80 373 363 329 118 415 76 379 75 199 64 372 231 66 23 174 275 296 183 211 134 338 69 203 179 75 246 178 145 95 216 363 171 311 291 298 184 110 220 403 309 370 247 434 203 280 227 271 263 120 226 275 431 109 305 292 210 369 90 247 226 289 316 417 235 73 240 168 82 113 156 196 300 66 95 385 323 85 141 356 336 211 280 381 165 167 69 167 19 294 121 389 287 350 239 179 147 307 82 370 217 283 418 199 337 236 413 193 218 216 200 245 374 239 270 180 255 129 115 262 454 308 296 279 313 253 381 318 278 135 164 296 437 223 399 223 236 95 83 192 323 348 259 361 124 133 327 192 288 201 32 199 355 348 223 416 390 360 304 70 336 172 402 187 182 211 379 236 174 391 178 85 354 166 314 141 116 155 63 107 378 403 161 348 323 264 208 372 347 322 347 177 75 288 326 346 268 322 127 338 223 311 72 193 371 279 275 235 90 98 225 227 217 190 387 335 266 231 213 375 160 372 373 435 159 340 275 355 281 190 350 25 309 216
 107 283 257 1 313 181 302 146 97 254 321 169 300 226 247 41 64 66 109 67 63 276 125 302 177 130 252 129 156 123 206 273 182 129 189 126 226 120 338 238 259 304 231 85 75 50 207 111 242 188 123 184 163 88 114 182 177 133 102 255 254 44 83 157 38 231 177 200 156 270 296 45 35 215 239 197 283 23 279 155 147 74 62 197 275 236 297 53 131 226 159 191 108 99 258 212 185 163 172 192 171 151 68 179 277 100 176 163 305 164 316 221 189 196 255 149 138 215 238 94 122 140 228 83 229 183 317 99 244 157 185 217 202 73 120 242 99 19 125 299 202 82 217 231 148 212 291 252 280 105 233 292 146 108 239 250 98 92 274 204 273 87 358 270 180 93 72 100 53 182 279 129 185 67 281 331 255 290 197 263 338 276 145 109 57 266 99 96 245 245 234 181 123 47 321 251 91 256 270 164 118 126 279 162 207 232 122 249 142 134 77 154 50 173 177 66 189 108 208 88 280 93 34 189 131 198 166 215 238 130 175 47 213 61 252 163 179 186 295 98 173 123 92 99 323 151 99 246 137 244 301 87 90 117 70 68 150 238 64 101
 379 369 256 313 1 288 60 379 394 240 58 155 46 98 286 333 375 374 213 275 273 297 191 136 360 209 328 352 296 433 156 254 255 429 223 359 199 418 59 192 236 95 113 278 276 301 143 308 314 126 338 257 162 244 271 201 138 445 308 125 104 348 303 217 297 277 202 260 170 289 57 297 284 126 94 336 35 335 275 224 227 283 256 260 344 87 32 365 256 307 161 273 380 238 332 339 361 382 197 254 219 344 368 223 119 391 235 152 37 317 116 109 250 377 238 213 244 273 116 382 388 178 377 293 320 277 54 250 289 380 227 101 328 253 195 73 339 316 362 19 138 256 112 133 276 122 301 124 83 401 149 25 455 418 107 376 247 399 290 111 230 352 80 166 272 325 378 405 354 263 376 234 216 271 72 87 226 60 240 165 68 254 449 410 368 324 321 236 262 81 91 133 402 332 109 238 304 173 168 159 265 291 368 345 216 154 402 260 184 297 386 183 283 291 250 360 237 323 298 265 121 354 344 205 258 216 150 166 186 357 287 358 132 342 168 269 138 132 41 221 317 291 242 367 65 463 256 215 340 319 111 354 251 427 275 275 283 239 374 356
 287 438 376 181 288 1 245 326 270 96 325 221 252 247 380 222 207 232 200 217 126 98 156 352 349 229 400 99 29 273 276 108 313 213 302 304 322 203 337 328 368 332 176 99 227 219 266 77 387 200 297 316 146 211 261 282 182 255 269 173 188 178 250 268 205 55 88 37 142 92 304 137 185 164 195 359 274 187 106 270 74 109 183 34 424 205 290 212 61 46 155 329 288 218 406 372 356 341 95 321 283 76 178 293 322 176 54 179 261 39 353 252 316 369 366 88 266 41 174 169 302 200 396 99 379 12 320 98 65 335 62 197 42 200 159 236 276 198 114 283 152 215 180 286 294 169 113 172 215 277 144 264 254 260 182 414 226 255 97 196 119 267 360 342 320 267 192 207 230 26 437 251 73 213 224 349 360 300 52 150 343 111 235 202 199 410 97 213 76 260 254 189 169 228 352 94 258 334 153 218 68 282 435 333 314 301 171 80 217 50 205 122 206 10 39 167 52 280 354 100 191 132 207 84 269 75 170 124 326 308 7 213 158 241 327 303 175 178 293 190 34 60 115 279 331 273 236 104 80 65 339 138 108 234 115 218 32 352 202 281
 381 404 295 302 60 245 1 389 391 186 116 165 16 119 321 328 362 366 214 276 253 243 179 188 378 219 362 320 258 425 184 199 280 408 250 368 234 397 118 230 276 149 77 253 279 299 169 277 347 125 349 283 141 246 283 226 129 430 317 74 58 333 308 236 293 228 164 214 149 235 109 279 277 92 65 360 75 323 220 243 193 260 250 215 380 69 83 354 223 259 144 299 382 242 366 365 380 395 160 281 242 308 350 248 166 369 194 144 23 278 171 132 277 396 278 181 260 225 74 360 392 180 402 268 350 234 112 226 238 392 185 88 283 252 185 84 345 308 332 68 107 258 87 167 294 93 245 75 31 399 102 48 439 409 69 405 253 392 236 103 174 354 138 211 297 331 361 387 348 221 409 247 174 271 24 145 266 110 195 110 127 198 430 390 354 359 293 239 209 109 116 127 376 329 165 185 311 215 112 167 234 304 402 362 246 189 377 208 192 262 371 156 281 249 208 341 194 332 327 241 64 329 335 163 273 171 138 122 224 367 245 348 97 340 209 290 126 119 92 219 276 258 221 369 123 449 263 162 306 269 164 330 228 411 254 276 245 275 360 360
 53 171 206 146 379 326 389 1 92 390 364 227 382 282 178 107 154 120 178 122 202 419 226 312 53 172 158 269 301 141 231 410 145 218 174 24 214 215 382 227 220 333 331 228 116 109 241 256 155 265 42 145 269 147 109 187 264 183 74 363 354 167 86 166 123 373 305 340 263 412 342 190 144 318 331 94 345 147 419 159 280 217 157 338 176 322 354 138 271 371 260 138 53 149 162 107 61 20 298 152 168 294 184 168 298 213 313 250 384 310 335 271 154 64 215 278 136 358 341 212 42 210 102 228 139 326 362 235 387 14 321 304 348 147 219 312 51 129 263 362 308 136 312 258 110 312 434 360 374 91 348 363 202 136 338 128 138 117 416 288 406 61 396 269 130 64 176 190 107 324 163 146 317 127 372 363 223 336 335 383 378 413 219 204 156 176 243 153 385 299 289 264 239 100 342 387 81 252 390 224 260 90 167 52 190 246 237 388 199 280 168 270 127 318 316 190 327 59 133 228 387 229 129 319 122 331 259 334 231 23 320 131 318 88 252 123 270 276 348 176 319 268 223 53 364 189 127 378 280 388 323 221 225 184 212 122 294 199 159 46
 41 260 276 97 394 270 391 92 1 349 393 242 387 301 254 64 71 39 182 121 158 367 214 357 141 191 242 196 243 54 265 367 204 128 225 84 266 126 411 279 285 368 322 178 121 95 271 194 237 270 99 205 255 152 143 228 263 93 108 349 346 94 101 203 99 322 273 292 248 360 368 138 116 308 328 178 362 85 371 198 242 166 142 289 262 323 374 60 225 313 249 204 41 159 247 193 150 111 268 213 212 223 103 216 337 128 271 248 391 246 376 293 213 155 280 245 175 307 331 128 51 217 192 172 221 273 390 194 333 105 281 304 284 142 208 323 77 86 186 379 295 141 307 292 164 303 382 346 370 9 328 375 112 46 330 219 152 26 365 290 368 54 428 318 194 86 92 101 45 274 253 176 281 124 371 398 285 363 292 359 409 370 128 115 76 260 177 160 338 320 309 266 153 63 382 346 104 302 366 238 211 138 256 135 243 287 151 342 213 221 82 249 112 261 270 112 284 100 209 183 373 153 66 285 162 294 254 310 282 91 264 58 305 54 300 180 266 273 370 175 256 211 188 47 394 101 145 342 210 329 362 145 186 93 165 121 239 263 76 62
 359 476 394 254 240 96 186 390 349 1 289 230 197 233 406 293 292 313 234 272 193 58 181 337 404 258 435 194 122 360 281 22 344 306 325 368 333 296 296 337 381 307 138 172 280 282 267 166 421 195 356 347 149 256 307 301 180 346 325 116 138 261 308 294 269 50 90 62 150 50 272 212 248 133 158 405 237 265 39 299 111 184 236 65 458 172 251 294 125 83 160 363 360 260 441 416 410 404 99 350 308 170 266 318 308 269 79 184 207 134 330 243 345 425 381 114 303 57 130 261 374 219 446 179 416 87 284 158 56 399 71 173 118 250 187 209 340 269 208 241 129 263 152 282 335 142 64 117 158 357 95 219 347 346 140 459 270 338 51 180 25 336 318 339 355 328 280 298 306 80 477 286 75 267 169 316 372 270 58 77 304 24 329 294 284 441 186 254 27 240 237 185 264 298 327 5 315 335 77 229 139 330 473 387 333 302 265 24 238 140 293 133 265 104 80 255 66 338 390 167 124 224 284 76 309 62 172 87 332 370 100 293 128 312 328 341 170 170 257 228 127 145 168 350 295 365 281 26 175 88 318 229 167 325 185 272 118 370 288 348
 372 331 216 321 58 325 116 364 393 289 1 154 101 96 248 334 384 378 214 273 289 346 206 84 338 202 292 379 330 436 135 305 229 443 197 347 166 433 19 156 194 44 154 300 272 300 125 334 279 140 325 231 187 243 259 179 156 453 297 174 151 360 296 200 299 322 239 301 194 337 26 313 289 164 134 309 53 343 325 207 259 303 261 301 305 122 38 372 286 350 183 245 373 234 295 310 338 364 232 226 198 375 381 200 76 407 273 167 94 351 61 101 223 353 198 244 229 316 160 399 379 181 348 315 286 315 6 273 335 363 266 130 366 254 209 91 330 320 387 50 174 253 147 108 257 158 351 173 136 399 195 72 465 422 150 343 242 401 339 134 281 346 38 122 246 317 389 417 356 302 338 222 254 270 125 31 185 31 281 216 19 304 462 424 377 285 345 234 308 77 88 150 421 332 53 286 296 133 220 158 293 275 331 325 186 123 421 308 182 327 396 211 284 327 287 375 277 311 268 287 174 375 350 244 243 257 170 209 150 344 323 363 170 340 129 247 159 154 33 224 352 319 262 360 8 471 249 263 369 363 60 374 272 436 294 272 316 202 383 347
 224 255 165 169 155 221 165 227 242 230 154 1 157 60 179 182 231 225 61 122 146 280 69 142 214 55 212 245 214 284 55 251 124 294 98 206 105 284 172 109 152 137 119 163 122 148 47 202 198 45 186 126 83 91 119 74 54 300 155 155 139 209 149 75 146 242 147 210 84 271 129 166 136 112 113 199 122 191 268 81 148 163 108 209 234 100 134 219 166 259 72 143 225 84 218 206 217 231 138 127 84 248 231 93 114 259 176 48 159 235 152 53 122 233 151 135 96 229 131 251 234 30 242 177 196 214 150 140 257 229 176 83 261 101 68 86 185 167 251 139 108 102 98 70 131 103 291 152 154 248 152 138 313 269 124 248 93 249 274 68 236 198 191 123 138 171 238 266 203 203 258 83 166 118 150 164 144 123 194 188 171 252 312 274 225 215 209 82 239 79 68 50 276 180 155 227 150 114 195 5 168 140 253 198 104 81 276 240 30 204 244 103 131 219 189 226 187 169 171 151 175 232 197 159 109 175 59 148 106 205 217 210 114 189 107 129 63 66 130 72 239 193 125 212 156 318 102 209 239 276 137 229 135 284 152 121 201 141 231 202
 376 391 282 300 46 252 16 382 387 197 101 157 1 107 309 325 360 363 208 271 253 254 176 173 369 211 349 324 263 422 172 211 270 408 239 361 222 398 104 217 263 134 80 254 273 294 157 280 335 119 341 272 140 240 275 215 125 429 309 84 65 332 302 226 289 237 169 222 148 246 94 278 273 95 65 350 61 321 232 233 197 261 246 223 367 65 68 352 226 268 142 289 377 236 354 354 371 387 165 270 231 313 350 237 151 370 200 140 10 284 156 121 266 387 265 184 251 234 79 361 386 174 392 269 338 241 97 227 248 384 192 84 291 247 182 73 339 305 335 53 109 252 86 154 285 94 257 83 40 394 110 33 438 407 72 394 246 389 247 98 186 349 124 197 286 325 360 387 345 228 397 239 180 266 30 131 252 95 203 122 113 210 430 390 353 347 295 233 220 97 104 122 378 325 150 196 304 201 124 159 237 296 390 353 235 176 379 218 184 266 370 157 276 256 214 341 201 324 315 242 76 331 332 169 264 179 135 129 211 360 251 345 100 335 195 281 122 115 77 214 282 261 221 364 108 448 256 173 310 279 149 331 229 410 254 270 251 263 359 354
 283 286 181 226 98 247 119 282 301 233 96 60 107 1 205 241 289 284 120 181 195 288 112 107 265 113 244 288 246 343 66 252 163 348 132 263 119 338 113 116 163 88 100 208 181 207 51 244 230 49 242 165 102 150 175 109 67 358 212 133 112 264 207 121 205 255 163 228 108 279 71 218 194 101 84 244 64 248 271 128 175 210 166 228 263 68 74 277 200 278 95 182 284 143 249 248 266 285 155 164 125 287 286 131 77 312 197 75 107 268 108 15 159 282 164 161 148 246 111 304 292 87 285 223 232 238 92 182 270 283 193 61 288 160 115 36 243 226 296 80 105 161 82 54 181 92 296 131 116 308 142 83 370 328 101 287 152 308 281 54 232 257 133 109 180 229 294 322 262 225 291 138 181 177 109 111 153 66 210 174 114 252 367 329 282 243 254 141 247 20 10 60 327 240 108 230 208 107 180 64 205 194 285 249 129 76 327 247 89 240 301 126 191 247 210 280 204 226 209 195 147 281 255 172 162 187 80 147 111 261 244 269 106 248 100 175 73 70 70 130 270 231 169 271 99 376 160 208 280 294 93 280 179 341 200 181 232 160 288 260
 216 84 36 247 286 380 321 178 254 406 248 179 309 205 1 227 291 265 181 182 269 453 230 172 130 153 45 368 365 307 140 428 69 364 82 174 88 357 264 94 58 207 294 295 173 198 155 336 34 221 156 66 258 175 133 107 232 343 154 330 312 287 169 114 209 411 320 378 258 444 234 275 219 289 284 88 254 262 443 111 311 289 207 376 60 269 255 273 320 423 247 56 217 165 48 80 125 167 310 60 100 383 310 90 173 343 344 225 307 382 199 191 65 134 53 302 117 397 306 339 213 188 113 305 47 375 248 285 426 170 346 256 415 188 225 240 178 233 368 268 286 174 274 155 100 280 465 327 320 256 330 280 362 298 298 100 159 275 447 242 413 203 270 128 67 173 309 332 242 367 91 131 337 184 313 235 65 229 364 366 256 429 372 345 289 39 332 170 412 213 207 227 368 220 208 403 162 116 372 180 316 124 84 127 78 134 367 414 170 348 307 275 199 376 354 311 356 157 47 288 347 338 254 333 118 349 237 326 100 168 375 263 292 217 120 85 241 244 247 191 388 336 268 208 245 354 153 386 370 441 192 332 276 337 279 181 353 48 294 193
 67 253 242 41 333 222 328 107 64 293 334 182 325 241 227 1 65 45 122 63 101 317 151 306 142 135 226 164 196 103 211 313 167 138 181 87 220 131 352 233 248 313 260 125 67 37 215 150 217 209 88 169 193 93 99 179 201 126 75 287 283 65 59 154 37 271 214 240 186 310 310 86 53 245 265 167 302 42 319 149 185 114 79 237 249 260 314 48 170 266 187 173 68 102 231 183 150 125 208 177 165 188 86 171 283 119 215 186 329 204 323 234 175 160 243 186 128 256 268 115 82 156 194 123 203 223 331 137 284 118 224 242 242 82 145 262 63 26 159 318 232 83 244 237 129 241 332 284 308 71 267 313 142 89 268 218 97 68 314 228 312 47 371 270 162 60 83 107 22 222 248 125 223 66 308 342 246 304 237 298 351 315 148 119 63 242 137 102 285 260 249 204 144 9 328 290 66 254 305 178 158 104 250 129 200 235 143 288 154 174 81 187 52 214 216 89 229 77 185 128 311 125 28 226 118 236 191 249 235 93 216 37 243 20 251 145 204 211 311 113 213 163 129 59 336 141 93 285 174 284 308 117 128 115 110 64 190 225 68 62
 103 313 307 64 375 207 362 154 71 292 384 231 360 289 291 65 1 35 172 122 112 304 186 363 197 191 289 126 179 69 268 309 231 73 244 139 282 67 401 295 312 367 289 123 128 98 269 130 281 250 147 233 222 148 163 240 239 70 139 310 311 32 124 215 92 260 225 233 214 298 359 87 97 273 298 228 346 42 311 211 192 112 125 230 311 296 360 19 169 248 219 237 104 159 294 243 207 173 222 241 227 154 33 234 339 60 216 225 366 180 378 284 239 214 307 198 191 245 295 59 117 203 250 114 266 211 380 146 270 166 227 278 216 134 181 304 121 68 116 361 259 140 276 292 193 271 319 307 338 77 286 354 83 55 297 275 155 51 302 266 313 98 421 330 226 122 23 42 52 215 308 186 229 124 340 394 309 353 235 313 401 312 85 55 9 305 112 157 278 308 297 243 86 72 383 289 130 315 319 227 155 168 310 187 262 293 84 282 205 158 17 210 107 198 213 43 228 139 249 132 334 83 40 235 182 241 227 266 296 146 201 29 269 77 311 210 240 246 357 161 189 149 145 102 386 89 154 289 141 263 364 76 140 54 115 123 178 289 6 113
 69 282 283 66 374 232 366 120 39 313 378 225 363 284 265 45 35 1 165 108 124 329 188 350 165 179 259 158 205 60 255 331 208 102 224 107 264 97 396 277 290 357 295 142 111 81 259 156 252 249 116 210 228 137 142 223 240 82 113 319 318 56 100 198 80 285 240 255 220 323 353 102 92 280 302 197 343 49 334 193 208 130 120 252 281 299 356 22 189 274 223 212 70 146 264 213 174 140 235 218 209 185 66 215 327 93 236 225 368 208 367 277 216 181 285 212 172 269 303 93 83 198 218 135 237 235 374 160 296 133 245 281 245 125 183 303 90 60 149 359 267 127 281 281 169 277 344 317 344 47 298 354 99 45 303 243 141 28 327 267 333 67 414 314 201 93 56 72 25 237 276 169 246 110 345 386 288 347 255 327 394 333 108 86 38 276 139 146 301 303 292 243 120 50 372 310 106 298 333 221 175 143 278 156 243 279 118 305 197 183 49 219 95 223 234 74 248 110 222 148 344 115 32 251 161 259 230 279 279 113 226 21 277 49 295 186 242 249 353 155 217 173 156 69 380 97 137 307 172 291 353 107 153 73 130 109 202 267 40 80
 168 244 178 109 213 200 214 178 182 234 214 61 208 120 181 122 172 165 1 63 98 276 55 195 177 30 204 201 186 224 100 256 114 236 104 156 130 227 232 140 173 196 154 121 66 89 99 163 190 91 138 117 95 33 77 87 87 241 105 187 177 151 95 69 86 233 146 199 91 268 189 113 76 142 154 172 181 131 269 71 133 118 49 197 227 146 193 159 140 243 85 132 169 30 209 183 181 186 137 122 84 210 174 94 169 204 166 73 212 204 208 113 117 197 170 124 70 219 165 196 179 36 214 133 183 196 211 106 248 182 169 128 236 41 48 142 132 107 204 197 133 44 135 123 102 135 289 184 198 189 175 194 254 209 161 226 41 189 271 112 245 141 251 167 123 118 180 208 143 187 244 53 162 59 196 223 166 184 187 211 231 257 253 216 166 212 164 26 237 139 128 88 222 121 212 231 98 154 218 57 137 100 241 160 118 127 222 239 34 171 185 103 71 196 175 169 179 120 158 111 210 181 137 159 76 174 82 164 139 156 195 150 142 130 149 108 93 99 190 14 210 159 89 156 216 258 53 217 199 261 193 178 98 225 107 63 174 155 172 147
 106 226 191 67 275 217 276 122 121 272 273 122 271 181 182 63 122 108 63 1 94 305 105 243 134 72 191 188 197 165 148 293 116 193 123 99 161 185 291 173 193 251 213 122 10 28 152 160 180 153 86 118 148 32 50 118 148 187 54 243 236 109 37 93 31 260 185 226 142 298 249 95 39 199 215 143 243 86 303 90 163 114 37 224 215 208 254 107 159 263 140 127 107 40 197 157 140 134 178 126 106 205 134 114 221 166 197 133 274 210 260 173 123 155 189 159 71 245 222 161 117 98 180 128 169 216 270 121 274 129 203 189 247 26 98 204 73 56 187 259 188 21 194 175 84 193 319 240 258 128 227 256 203 151 220 198 34 130 301 174 287 79 309 209 116 60 136 162 85 211 223 65 198 6 257 280 190 243 218 262 289 295 207 173 118 204 153 41 269 200 189 150 189 60 265 268 44 193 269 118 150 67 222 117 142 173 188 272 93 177 138 149 18 211 202 132 210 67 146 118 267 157 84 199 65 212 141 213 175 101 212 97 198 68 190 98 153 159 250 58 218 164 107 94 274 203 33 258 192 281 246 151 111 175 105 2 187 171 124 86
 167 319 271 63 273 126 253 202 158 193 289 146 253 195 269 101 112 124 98 94 1 218 84 286 224 126 283 104 104 178 194 212 201 157 198 180 227 147 306 237 268 280 179 29 104 95 190 68 271 151 172 203 114 95 141 183 137 178 145 199 201 81 126 163 81 172 116 140 106 211 265 27 61 163 190 237 246 77 219 163 85 22 63 137 307 190 261 108 70 171 113 215 168 105 289 250 232 217 112 210 178 115 98 188 258 119 115 124 259 117 296 194 206 245 265 88 153 157 185 111 182 117 273 37 261 125 285 37 186 211 124 173 153 82 82 203 152 77 108 260 149 96 168 214 175 162 233 197 228 166 176 250 186 163 187 292 110 151 215 162 212 145 327 263 204 142 109 135 115 123 316 140 123 91 231 305 262 260 136 203 307 215 178 138 104 294 67 100 185 214 204 142 133 106 299 190 133 250 210 141 59 160 315 208 213 221 133 188 127 84 119 99 82 119 116 89 128 155 237 27 224 88 94 128 152 137 123 156 236 184 120 104 159 120 245 187 135 142 260 85 125 71 34 158 293 197 117 185 103 189 281 86 29 158 12 95 95 249 109 158
 382 519 443 276 297 98 243 419 367 58 346 280 254 288 453 317 304 329 276 305 218 1 224 392 438 302 479 190 126 370 332 45 388 304 372 397 384 295 354 388 432 364 195 193 314 311 319 174 465 247 388 391 198 293 345 349 231 349 358 173 196 275 340 340 297 47 134 80 197 10 329 232 277 189 214 444 294 283 26 344 145 204 269 83 502 229 309 309 149 60 209 406 383 299 484 456 445 434 144 395 354 162 275 364 363 270 111 234 263 128 386 297 391 459 430 153 345 62 187 263 397 266 483 196 459 95 341 186 34 428 108 229 98 285 230 266 369 293 204 298 184 300 208 335 375 197 16 174 215 374 152 276 347 357 197 499 309 352 8 235 71 362 375 393 398 358 289 302 326 96 519 328 117 301 226 373 423 327 90 133 361 47 326 295 296 486 193 293 42 296 293 238 259 322 384 61 347 388 132 278 160 367 516 421 381 354 261 41 284 147 302 179 296 107 105 264 99 370 433 192 180 227 303 122 350 106 222 142 384 400 104 310 184 336 381 383 222 222 315 268 119 157 200 374 352 367 319 83 171 52 374 233 196 329 209 306 128 419 299 375
 208 296 222 125 191 156 179 226 214 181 206 69 176 112 230 151 186 188 55 105 84 224 1 209 229 79 256 179 147 247 123 202 165 240 149 203 167 229 222 174 213 198 110 97 111 125 115 135 241 67 187 168 44 81 130 128 54 255 154 139 133 158 141 116 117 182 92 149 38 216 181 108 99 96 115 226 163 146 216 120 84 99 74 148 279 112 178 177 98 196 37 183 209 82 261 237 234 236 83 172 131 181 178 141 179 203 116 41 181 167 216 112 167 250 211 73 123 169 119 194 220 45 268 112 236 149 202 73 198 231 118 93 194 80 8 121 177 130 185 178 84 91 94 137 156 91 237 136 157 222 124 169 266 232 117 280 93 215 219 81 192 182 243 191 175 164 188 215 171 140 297 106 109 100 158 222 205 176 136 159 224 204 260 220 178 262 143 77 184 130 121 59 216 152 217 177 146 181 166 65 100 153 294 212 160 149 216 186 62 136 197 49 106 153 126 171 127 169 211 84 163 170 158 106 130 121 42 111 172 204 151 171 94 164 175 161 55 62 177 51 171 125 59 197 210 274 104 163 172 214 200 169 69 237 89 105 133 198 185 190
 330 253 138 302 136 352 188 312 357 337 84 142 173 107 172 306 363 350 195 243 286 392 209 1 278 174 217 386 350 406 97 355 169 430 139 298 100 421 97 88 116 42 200 304 240 270 97 343 205 153 276 170 207 216 216 130 171 430 254 230 206 344 257 155 273 361 269 334 212 384 81 306 269 204 182 244 114 324 375 161 280 304 242 334 227 166 107 348 302 385 199 181 331 206 219 242 276 308 261 163 148 388 368 145 31 397 303 176 167 371 28 101 161 290 121 266 184 352 210 390 334 171 279 318 214 344 86 280 376 309 299 165 393 230 209 129 287 297 392 122 210 225 185 74 204 196 400 227 200 363 244 141 445 393 199 271 210 371 386 160 334 306 99 47 185 275 373 401 326 331 261 183 287 241 189 64 108 79 316 272 87 355 446 410 357 207 350 207 352 98 101 164 416 302 37 334 255 62 277 147 306 227 253 267 123 72 415 352 163 342 378 231 258 352 316 363 310 265 200 291 236 373 326 278 198 293 184 251 83 294 349 339 210 307 61 191 178 176 97 208 374 332 266 319 79 446 214 312 379 400 26 370 276 416 294 243 336 129 364 305
 101 120 161 177 360 349 378 53 141 404 338 214 369 265 130 142 197 165 177 134 224 438 229 278 1 163 106 304 326 192 206 424 111 265 143 59 179 261 356 192 177 303 327 252 125 131 219 285 105 256 55 110 270 150 101 161 259 233 81 361 349 205 100 145 145 393 316 359 266 430 318 218 165 316 324 44 326 183 435 137 295 242 170 356 124 313 333 180 291 394 260 98 101 148 110 56 10 38 308 116 143 326 224 140 268 255 329 246 370 338 303 252 118 22 172 291 119 377 338 253 93 204 54 255 88 348 337 253 407 42 335 296 375 155 222 297 80 159 299 342 308 141 307 232 85 309 452 358 367 141 351 347 252 186 334 79 137 166 434 280 417 100 368 233 94 85 218 236 147 344 113 133 330 138 363 333 181 312 351 386 351 427 268 250 198 125 274 153 401 280 270 258 282 134 311 400 92 217 393 213 282 77 116 18 156 217 280 404 190 306 212 276 144 342 334 229 342 70 87 250 384 265 167 330 106 343 256 339 196 53 343 171 317 124 218 92 266 271 326 179 346 293 239 98 337 240 126 389 313 412 292 258 243 232 235 133 318 157 202 86
 171 219 149 130 209 229 219 172 191 258 202 55 211 113 153 135 191 179 30 72 126 302 79 174 163 1 178 229 215 236 78 280 87 258 75 152 102 249 221 112 144 179 166 150 71 99 81 191 164 95 132 90 114 44 65 58 97 258 100 200 188 172 95 40 100 260 170 226 111 293 179 140 96 156 163 152 176 151 294 43 160 147 71 224 201 152 186 176 169 271 103 106 172 34 183 162 166 177 161 94 55 239 196 65 150 227 193 85 213 233 189 103 90 182 141 150 47 246 177 220 180 43 195 162 159 224 200 135 275 175 195 134 265 58 73 140 131 124 232 192 148 53 146 103 82 148 314 197 205 198 192 192 272 222 172 205 40 201 297 118 268 145 238 142 98 117 201 229 156 215 220 31 187 70 202 208 137 173 213 228 218 281 274 238 185 185 192 35 262 131 120 96 247 132 194 255 96 128 236 53 166 87 216 146 89 103 247 264 28 200 205 126 85 225 202 193 205 115 133 140 222 208 154 184 58 199 96 183 112 150 224 167 157 139 123 85 105 110 181 42 239 188 118 159 204 274 48 239 228 289 175 204 127 244 136 72 203 126 191 148
 203 43 80 252 328 400 362 158 242 435 292 212 349 244 45 226 289 259 204 191 283 479 256 217 106 178 1 378 383 294 179 456 92 360 116 159 130 354 308 138 101 251 330 310 182 203 194 349 16 255 145 89 288 191 143 141 265 334 152 366 348 289 170 142 215 435 347 402 287 470 277 285 229 323 321 65 296 265 471 137 335 303 221 400 25 306 298 271 340 444 277 73 203 183 7 51 98 143 338 86 130 395 311 121 217 344 369 256 348 398 244 230 91 104 97 327 135 421 342 340 197 217 75 318 24 397 292 303 450 147 372 292 433 203 250 280 170 236 376 311 319 188 309 197 109 314 491 363 358 243 363 322 353 287 334 57 175 265 473 277 444 194 314 172 82 168 308 329 238 389 48 151 364 194 352 279 110 272 389 399 300 458 366 343 288 20 344 189 439 254 247 261 369 219 252 431 163 160 406 213 334 127 42 108 116 176 368 441 199 365 304 302 207 395 377 313 381 151 47 304 384 344 253 360 132 376 268 357 144 152 395 261 326 213 164 98 274 277 290 212 406 352 287 197 289 342 167 415 382 463 236 338 294 330 294 190 372 91 292 182
 222 410 373 129 352 99 320 269 196 194 379 245 324 288 368 164 126 158 201 188 104 190 179 386 304 229 378 1 74 186 296 206 301 115 300 251 330 106 394 340 371 375 245 83 197 178 291 46 367 241 250 303 193 196 237 286 224 161 230 253 263 104 211 265 164 152 159 134 186 186 355 94 150 230 261 325 331 123 202 265 128 84 163 131 402 267 347 137 98 131 197 313 223 206 384 340 313 288 161 310 281 30 94 290 357 82 134 215 332 63 393 289 307 323 367 141 253 140 247 76 237 217 356 69 355 108 374 107 158 281 145 253 95 181 178 289 226 146 15 343 216 195 241 314 271 232 205 251 291 202 225 329 158 175 253 378 210 176 190 247 218 209 416 365 302 220 107 115 164 117 407 241 153 185 298 398 365 350 144 239 397 209 138 107 121 391 38 202 174 305 297 231 71 172 395 192 219 353 244 241 88 252 407 290 316 323 73 178 229 61 120 171 172 91 123 85 140 236 333 95 275 44 141 163 251 161 210 203 339 256 96 142 225 183 347 285 220 226 348 188 72 63 121 218 383 178 216 200 20 144 378 51 111 141 95 189 81 351 121 224
 261 420 363 156 296 29 258 301 243 122 330 214 263 246 365 196 179 205 186 197 104 126 147 350 326 215 383 74 1 245 268 135 298 185 289 280 312 175 343 319 357 333 185 76 206 196 260 50 370 199 274 300 145 193 242 270 181 227 247 187 200 150 228 254 182 83 95 61 140 120 307 112 163 171 203 339 279 160 134 256 72 85 164 58 407 211 295 184 49 71 152 313 262 202 389 353 334 317 100 306 270 53 150 280 320 149 65 175 271 23 353 250 302 347 354 87 250 69 185 141 276 191 375 74 361 36 325 82 93 311 75 201 51 182 149 239 253 173 88 289 159 197 186 281 276 176 141 186 228 250 158 272 227 232 192 394 209 228 124 198 145 242 365 337 303 244 164 179 204 45 418 235 85 193 235 352 349 303 72 169 347 138 208 174 172 393 69 196 103 261 254 188 142 202 353 120 236 327 173 211 50 262 417 311 302 295 144 108 206 23 177 121 184 20 53 139 69 257 337 80 207 104 180 96 252 91 167 137 317 284 24 186 166 216 321 286 175 178 298 175 25 35 99 254 335 246 217 127 55 88 338 110 90 206 93 198 15 340 174 256
 93 311 329 123 433 273 425 141 54 360 436 284 422 343 307 103 69 60 224 165 178 370 247 406 192 236 294 186 245 1 312 376 256 92 276 136 317 94 454 330 338 415 353 191 168 138 316 197 290 308 152 257 286 195 194 278 299 45 160 376 376 101 151 252 139 327 292 300 278 364 412 154 151 337 361 230 403 104 378 247 260 180 179 297 314 357 415 72 238 312 281 257 93 204 299 245 201 159 289 266 262 215 96 267 384 107 285 284 427 244 424 336 265 203 333 265 225 312 360 111 100 257 241 182 274 278 433 213 337 153 295 339 279 183 241 362 130 119 174 418 324 185 339 339 216 334 385 373 402 52 353 413 64 16 361 268 198 36 369 326 381 106 473 368 247 138 82 74 82 282 303 224 297 168 403 444 337 406 303 380 453 379 85 86 77 312 178 204 346 362 351 302 129 106 429 357 155 352 387 280 223 190 307 187 294 335 126 350 255 224 69 275 153 264 281 107 296 153 262 200 400 145 90 303 213 309 288 333 332 143 268 77 334 100 350 233 301 307 412 214 253 216 211 100 438 49 193 357 203 327 410 138 206 54 182 166 245 315 73 115
 241 221 118 206 156 276 184 231 265 281 135 55 172 66 140 211 268 255 100 148 194 332 123 97 206 78 179 296 268 312 1 301 100 334 68 213 56 325 153 57 103 105 158 214 145 175 17 254 164 87 192 102 135 121 127 47 102 334 165 193 174 248 166 66 177 295 200 264 137 323 113 212 173 154 146 181 122 228 319 73 202 213 146 263 198 130 128 253 220 313 125 118 241 110 183 184 207 231 191 99 65 301 272 68 73 302 230 100 171 289 113 53 95 222 103 190 96 283 169 295 247 80 222 227 167 268 133 193 310 230 229 118 315 134 121 102 198 201 300 138 154 129 138 28 124 145 342 190 181 271 196 146 349 298 161 223 115 277 326 106 284 216 167 70 117 185 277 305 232 257 226 91 219 146 174 135 93 107 247 231 149 302 350 314 262 178 259 111 291 77 69 96 321 207 118 277 164 60 237 59 222 142 220 192 64 28 321 292 68 257 282 157 162 274 243 268 240 178 144 202 209 279 230 212 110 228 111 196 53 210 272 243 158 213 53 115 111 112 121 113 293 246 177 229 134 351 121 258 291 330 99 276 187 320 202 148 255 96 268 216
 378 497 415 273 254 108 199 410 367 22 305 251 211 252 428 313 309 331 256 293 212 45 202 355 424 280 456 206 135 376 301 1 365 319 346 388 354 309 311 357 402 325 156 190 301 302 288 181 442 215 377 368 170 276 328 323 200 361 345 131 154 278 328 316 289 56 111 77 171 39 289 230 268 152 175 426 254 283 22 320 131 202 256 80 479 190 267 311 143 86 182 384 379 281 462 437 431 424 120 372 329 181 282 339 326 283 98 205 220 144 348 262 367 446 401 135 324 67 147 275 393 241 467 196 437 101 300 177 56 419 91 192 124 271 208 227 360 288 220 256 149 284 171 302 356 161 47 133 172 375 113 234 361 363 158 481 291 355 39 200 26 355 333 359 376 348 296 313 325 95 498 308 96 288 183 332 393 287 77 90 319 4 342 308 301 462 201 275 33 258 256 206 276 317 344 26 335 355 88 250 157 351 495 408 354 322 278 29 259 154 309 155 285 117 98 271 85 358 412 186 136 238 302 97 331 83 193 107 353 391 112 311 147 331 348 362 191 190 274 250 136 161 188 369 311 379 302 45 187 86 336 244 187 340 204 293 133 391 304 368
 170 133 76 182 255 313 280 145 204 344 229 124 270 163 69 167 231 208 114 116 201 388 165 169 111 87 92 301 298 256 100 365 1 304 33 133 70 296 247 83 83 193 242 227 108 135 114 268 77 167 112 4 198 107 69 55 175 289 98 277 261 223 109 51 145 346 256 312 196 380 210 208 153 234 234 82 221 199 380 46 246 222 139 310 115 220 227 214 253 356 186 21 171 97 97 86 110 140 247 11 41 315 247 33 158 280 279 166 269 314 193 150 10 125 78 237 49 332 253 275 172 126 123 237 74 309 228 217 361 141 282 205 348 121 160 198 128 169 301 237 229 107 221 124 41 226 401 274 274 208 273 244 306 245 247 126 92 223 383 190 353 151 258 125 18 119 247 272 184 301 136 63 273 118 268 223 82 204 299 310 241 367 314 284 228 98 265 103 348 176 168 172 304 161 201 341 104 109 317 124 248 67 131 99 47 108 303 350 108 281 247 212 133 308 288 247 291 105 49 220 297 272 193 270 52 285 178 267 87 128 308 204 236 160 109 25 184 188 219 124 321 268 200 160 228 301 86 325 303 375 182 266 208 280 211 115 286 60 234 145
 166 383 379 129 429 213 408 218 128 306 443 294 408 348 364 138 73 102 236 193 157 304 240 430 265 258 360 115 185 92 334 319 304 1 315 207 353 12 460 365 384 430 332 156 199 170 334 143 352 306 216 305 269 216 235 310 293 53 211 348 353 87 196 285 162 266 256 245 262 300 419 133 163 317 345 298 402 108 317 282 222 149 189 242 382 346 417 91 195 245 269 309 166 227 365 313 274 237 255 314 298 143 63 305 404 40 238 279 415 178 443 345 311 280 379 232 262 253 337 49 178 265 317 143 337 220 439 183 273 231 249 329 208 201 236 359 191 137 101 416 302 209 323 358 265 316 319 346 381 131 322 406 45 88 340 343 225 102 304 319 329 167 481 399 298 193 58 32 123 228 376 256 255 193 385 456 381 413 253 342 461 322 24 21 77 376 123 225 288 367 357 298 46 144 447 304 203 384 348 289 181 241 379 256 333 360 44 292 269 168 57 253 177 204 231 70 248 210 321 168 372 85 111 264 254 265 280 300 366 213 208 101 312 148 380 282 292 298 415 224 186 165 189 168 446 67 224 309 134 257 428 81 181 39 156 194 189 361 71 181
 194 158 75 189 223 302 250 174 225 325 197 98 239 132 82 181 244 224 104 123 198 372 149 139 143 75 116 300 289 276 68 346 33 315 1 160 42 307 215 56 72 162 215 223 117 146 83 264 101 141 138 35 177 106 83 26 151 305 118 251 234 231 126 36 154 331 239 298 177 363 177 208 158 209 206 114 189 208 362 36 232 219 138 296 137 192 194 227 242 344 166 51 195 95 121 117 142 171 229 32 21 312 256 11 126 288 264 143 238 307 163 119 28 157 68 222 53 317 227 282 197 107 155 234 101 297 196 209 346 171 265 178 339 121 145 167 151 179 302 205 205 109 194 92 66 200 384 248 245 229 249 213 322 264 220 156 93 241 366 163 332 172 226 97 51 140 258 284 200 288 162 61 256 123 239 192 67 172 284 285 209 348 328 295 239 118 263 99 331 145 136 147 311 175 170 322 122 80 292 99 240 89 156 130 20 76 310 333 89 274 259 194 140 298 274 254 276 128 78 214 270 275 205 252 64 268 155 245 59 155 297 217 212 177 79 52 160 163 187 116 313 261 192 183 196 319 92 304 300 362 151 270 201 294 208 122 276 52 245 168
 44 178 199 126 359 304 368 24 84 368 347 206 361 263 174 87 139 107 156 99 180 397 203 298 59 152 159 251 280 136 213 388 133 207 160 1 201 203 365 214 212 316 309 206 93 87 223 236 155 244 23 134 246 125 89 170 242 176 53 341 332 149 63 148 100 351 283 318 241 389 324 169 121 296 310 95 325 128 396 142 258 196 134 315 179 301 335 122 249 349 237 129 44 127 164 110 69 39 275 142 152 274 167 154 282 198 291 228 364 289 320 252 142 76 206 256 119 335 319 196 40 189 112 207 138 304 345 213 364 33 298 282 327 124 196 291 29 108 244 342 286 114 290 241 95 290 411 338 353 85 326 343 195 129 316 138 117 108 393 266 384 43 380 255 120 41 161 177 90 302 171 127 295 105 351 347 213 318 313 360 361 390 210 191 141 177 223 131 362 280 270 243 224 80 327 364 59 239 367 203 238 73 174 52 177 231 222 366 178 258 154 248 104 296 294 173 304 38 129 206 364 210 111 296 104 308 237 311 218 8 298 114 295 69 238 110 248 254 329 154 298 246 200 39 347 184 106 355 261 367 307 203 203 174 190 99 273 189 144 28
 235 171 64 226 199 322 234 214 266 333 166 105 222 119 88 220 282 264 130 161 227 384 167 100 179 102 130 330 312 317 56 354 70 353 42 201 1 344 183 14 49 127 212 250 155 185 71 292 116 141 179 70 186 140 124 45 155 345 159 248 228 268 166 69 191 345 251 313 188 375 149 240 193 209 200 146 167 246 371 72 249 247 171 312 146 184 169 266 264 361 175 82 236 129 134 145 177 209 241 64 56 339 293 50 92 325 279 151 220 331 125 105 62 191 48 237 93 332 224 318 238 123 183 262 122 315 165 233 360 210 279 173 360 155 164 154 192 216 333 182 208 145 192 68 106 200 394 245 234 270 251 193 361 304 215 179 129 282 378 160 338 213 192 56 86 181 296 322 240 305 177 97 269 160 226 157 40 144 298 285 176 355 366 333 278 126 293 132 343 126 120 150 346 215 133 330 163 40 292 107 263 131 170 168 24 47 345 344 107 299 298 206 177 319 291 290 290 170 103 240 263 308 244 263 105 279 163 250 18 196 317 256 212 218 40 92 164 166 161 143 336 286 216 224 163 359 129 311 328 379 115 304 226 334 236 160 298 42 284 210
 163 379 372 120 418 203 397 215 126 296 433 284 398 338 357 131 67 97 227 185 147 295 229 421 261 249 354 106 175 94 325 309 296 12 307 203 344 1 450 357 376 420 322 146 191 162 325 133 347 296 212 298 259 207 228 301 282 59 205 337 343 78 189 276 154 256 245 235 251 291 408 122 154 306 334 293 391 100 307 273 212 138 179 232 377 335 406 85 184 236 258 303 164 218 360 309 270 234 245 306 290 134 54 297 395 30 228 269 404 168 434 335 304 277 371 221 255 243 326 38 176 255 314 132 332 210 429 173 263 228 239 319 199 192 226 349 186 129 92 406 292 201 312 349 259 305 310 335 370 130 311 396 53 88 330 339 216 101 295 308 319 163 471 390 292 187 50 27 118 218 372 248 244 185 375 446 373 403 242 332 451 313 35 13 69 371 113 216 278 357 347 287 38 138 437 294 196 375 337 279 170 234 375 252 325 351 36 282 260 158 51 242 168 194 221 60 237 205 315 158 361 74 104 253 246 255 269 289 357 210 198 95 301 142 371 275 281 287 405 214 177 154 178 165 436 74 216 298 125 249 419 70 170 41 145 186 179 354 64 177
 390 346 231 338 59 337 118 382 411 296 19 172 104 113 264 352 401 396 232 291 306 354 222 97 356 221 308 394 343 454 153 311 247 460 215 365 183 450 1 173 209 58 164 315 290 318 143 349 295 156 343 248 202 261 277 198 171 471 316 181 159 377 314 218 317 332 251 311 209 345 44 329 306 175 144 327 65 360 332 225 272 319 278 312 321 133 49 389 300 360 198 263 391 252 311 327 356 382 244 244 216 389 398 218 92 424 285 183 96 364 71 119 240 371 213 258 247 326 169 416 397 199 365 331 303 327 22 289 344 381 278 143 378 272 226 106 349 338 403 57 186 271 159 126 275 169 358 180 141 417 204 78 483 440 159 360 260 419 347 148 287 364 24 137 264 335 407 434 374 314 354 241 266 288 130 35 200 49 292 223 12 311 480 441 394 300 361 252 317 94 105 165 437 350 62 294 314 149 226 176 308 294 346 343 203 140 438 316 200 341 414 225 302 340 299 391 288 329 285 302 179 391 367 255 262 268 185 219 167 362 336 381 181 358 145 265 175 169 47 242 365 333 278 378 20 488 268 271 383 373 74 390 287 454 310 291 329 218 401 366
