NAME : domp200p66v10
COMMENT : (Deleplanque et al.) 
TYPE : DOMP
DIMENSION : 200
DISPLAY_DATA_TYPE: NO_DISPLAY
OPEN_FACILITIES : 66
COST_SECTION
 1 292 324 264 328 231 252 285 151 163 173 112 334 229 410 191 164 343 354 137 161 123 370 293 274 298 337 112 234 336 232 232 370 282 148 332 127 127 275 317 142 397 233 225 297 213 131 365 341 225 202 127 164 18 230 334 19 379 256 168 247 116 181 328 251 300 123 379 300 304 273 390 342 402 224 212 207 121 359 262 183 308 275 235 259 278 230 253 30 344 264 280 378 177 399 264 322 223 308 312 212 64 172 354 98 191 293 242 389 347 200 382 248 218 242 180 397 366 392 316 221 318 135 389 83 252 109 236 289 267 361 105 93 183 146 132 254 365 120 209 264 235 215 66 60 220 222 204 85 237 93 249 270 397 163 335 121 276 154 324 138 31 227 69 361 123 131 206 71 208 282 53 187 199 330 363 179 140 176 268 311 405 394 368 307 236 146 220 284 135 125 116 267 76 154 361 335 405 389 273
 292 1 85 214 199 384 46 131 252 222 260 181 64 138 126 230 176 254 238 236 235 203 86 99 84 33 124 185 61 70 158 73 233 109 274 175 255 287 52 201 199 263 178 117 145 278 176 242 105 100 279 312 303 276 71 76 282 170 125 298 100 208 241 96 250 14 175 205 91 187 145 100 55 176 382 82 95 175 258 292 251 90 28 151 202 273 122 128 264 230 243 76 120 146 108 223 210 150 106 242 332 230 138 110 216 107 126 144 112 65 171 226 194 235 345 248 172 190 109 194 367 54 335 104 292 105 269 77 130 56 79 283 233 346 147 251 105 120 246 287 51 58 351 255 274 98 133 100 239 126 253 74 69 107 255 49 322 290 197 173 302 277 121 257 95 292 163 143 292 192 232 279 179 94 180 72 151 190 259 285 103 142 164 272 213 295 277 112 100 299 286 330 177 253 157 221 45 115 98 83
 324 85 1 296 283 453 90 73 242 211 242 217 134 218 99 207 175 338 322 299 303 213 70 41 52 54 40 230 105 141 126 98 316 193 264 258 253 284 136 286 262 345 142 105 230 353 196 325 181 101 353 370 290 308 102 21 311 245 208 365 182 220 222 12 330 73 203 285 30 272 229 130 67 246 450 134 120 221 342 372 231 173 111 231 284 355 202 211 298 314 325 45 54 212 129 306 295 229 35 326 404 264 154 183 267 138 63 226 73 56 246 307 275 312 419 319 242 271 152 279 436 131 393 86 303 187 327 153 70 63 62 287 246 411 186 314 77 191 248 361 70 118 421 274 292 105 211 165 289 206 263 153 153 130 323 62 378 372 263 257 364 316 199 274 159 290 199 131 341 268 315 324 251 146 264 87 153 197 329 365 186 82 234 356 298 372 342 188 50 360 284 385 261 269 215 304 77 109 115 167
 264 214 296 1 76 209 214 319 334 319 354 206 197 83 323 342 277 80 91 131 109 268 289 296 274 244 332 182 207 193 310 225 111 111 349 97 322 345 163 63 126 135 327 269 87 97 240 104 165 250 106 191 378 257 218 289 268 158 90 148 116 268 345 306 45 227 222 134 293 58 73 259 259 186 210 184 222 180 96 86 354 145 187 68 13 61 98 87 242 83 32 271 331 122 271 11 64 75 308 50 156 225 237 176 171 211 319 72 317 273 77 128 24 57 155 98 182 126 244 65 192 188 210 301 320 110 169 147 320 244 284 328 276 190 195 141 280 181 310 108 236 188 177 277 291 243 92 150 180 92 296 144 146 269 117 256 205 80 113 89 174 235 102 281 203 346 202 279 214 60 23 218 85 180 90 264 263 270 109 75 135 351 183 105 46 101 146 116 293 172 343 218 39 283 143 105 244 301 271 133
 328 199 283 76 1 280 215 322 375 355 392 252 161 109 286 374 308 58 41 200 180 309 258 294 274 231 322 232 214 155 328 234 46 93 392 31 366 392 151 14 187 76 346 283 56 171 278 47 118 263 181 265 423 318 227 271 329 90 94 223 120 311 380 294 116 211 264 59 288 25 68 214 232 116 282 199 239 228 60 150 389 112 177 98 75 118 117 94 303 32 99 269 308 164 227 82 18 110 303 60 229 280 265 126 231 234 319 94 287 248 129 55 83 132 225 172 113 52 195 13 264 158 285 267 374 112 240 154 322 243 256 378 323 264 232 212 287 127 354 183 235 194 249 330 346 257 119 172 244 109 345 145 135 225 191 232 279 138 175 29 248 300 122 334 156 394 243 300 284 122 73 285 141 200 23 231 290 307 184 137 99 322 116 74 34 171 220 136 293 246 391 292 62 334 188 35 218 261 230 120
 231 384 453 209 280 1 365 447 371 373 394 268 390 252 507 402 352 254 279 157 152 320 469 438 415 407 481 243 350 387 412 360 304 305 373 304 349 355 340 267 194 315 422 384 291 114 307 291 367 373 109 107 393 237 355 453 246 366 276 90 291 316 397 462 166 397 289 337 440 265 272 454 437 393 9 321 344 249 270 134 401 341 357 244 215 167 266 272 231 275 182 416 500 243 466 200 265 240 453 229 55 244 333 379 204 327 451 253 495 449 215 325 214 160 59 138 389 331 443 271 19 377 97 484 313 289 143 308 450 392 462 333 305 50 285 145 408 386 340 104 385 337 35 285 287 366 255 290 189 266 314 313 325 464 131 432 111 149 192 297 103 208 267 290 403 352 279 379 163 197 208 184 207 310 297 449 353 332 126 147 335 524 391 270 247 110 115 273 432 106 353 117 241 296 241 302 424 490 463 318
 252 46 90 214 215 365 1 108 207 179 216 141 105 133 160 187 132 266 255 211 214 158 119 83 61 48 121 148 19 111 120 29 254 123 229 195 210 242 69 215 174 285 140 77 161 265 132 261 140 58 264 284 259 236 27 90 241 202 129 276 101 164 198 98 245 50 133 232 80 199 153 145 91 213 362 47 51 139 273 286 208 117 46 148 202 271 117 131 224 246 242 58 138 123 151 223 224 143 95 250 315 190 94 147 183 64 106 143 141 97 158 250 192 225 331 230 208 217 154 208 347 92 307 138 248 108 240 69 108 31 111 239 189 323 107 226 73 158 202 272 23 29 332 212 231 55 125 76 205 123 209 73 81 151 234 84 292 287 174 192 276 239 114 213 137 247 123 101 258 181 234 243 163 59 200 112 107 145 240 280 129 163 201 287 223 284 254 102 80 273 242 300 181 209 128 241 85 153 140 96
 285 131 73 319 322 447 108 1 179 149 176 188 191 237 170 140 124 373 361 290 300 165 142 36 49 103 59 208 113 198 61 95 359 230 201 301 194 223 173 322 255 390 73 64 267 358 156 367 235 75 354 353 224 268 102 93 269 300 235 358 207 172 155 68 346 123 169 335 47 306 260 201 135 305 443 137 105 200 380 385 163 219 148 252 307 373 221 237 261 352 344 56 116 213 201 327 331 245 40 356 401 230 119 240 247 121 12 248 143 127 256 354 296 322 421 319 301 319 220 315 430 183 375 158 248 214 310 174 5 80 135 230 198 401 164 303 41 249 191 363 88 132 416 227 243 83 228 172 267 228 210 180 187 201 319 129 358 388 259 298 350 282 217 226 220 230 173 80 314 279 339 295 257 145 305 157 107 147 328 380 232 141 293 394 330 379 332 204 32 346 223 363 287 220 208 347 142 181 187 202
 151 252 242 334 375 371 207 179 1 32 24 129 311 267 340 47 77 409 410 238 259 67 305 203 193 240 238 155 195 316 120 179 419 298 23 367 25 45 262 368 218 450 110 142 328 322 97 420 339 155 314 265 53 139 182 258 133 394 284 293 262 67 34 241 340 253 113 412 213 352 309 348 286 410 364 190 159 156 423 366 34 309 248 279 325 370 259 283 142 400 347 203 292 215 353 339 376 268 214 383 341 130 119 348 181 154 190 282 315 285 258 423 312 307 369 282 405 396 360 364 359 297 279 324 82 270 232 235 184 204 296 58 68 321 144 243 167 359 32 322 206 207 349 88 93 155 257 207 188 267 60 247 267 352 271 279 263 376 229 361 270 166 254 83 343 52 134 114 210 277 356 189 251 184 368 310 101 70 283 367 318 318 400 434 366 347 267 240 194 267 46 261 319 77 193 407 285 345 340 277
 163 222 211 319 355 373 179 149 32 1 39 118 283 247 309 30 49 392 391 232 251 56 274 172 162 210 207 145 167 288 89 150 399 275 54 345 47 75 236 349 208 430 81 111 306 316 81 400 312 125 308 268 82 150 154 227 146 369 263 292 239 59 27 210 328 223 99 389 182 333 288 318 255 384 367 165 132 144 405 357 36 284 220 261 309 358 238 262 149 381 334 172 261 198 322 324 357 250 183 366 340 130 93 321 176 128 160 263 284 254 243 401 296 296 366 275 379 373 330 344 360 269 284 293 105 247 232 210 153 174 266 83 72 324 125 239 136 332 47 317 176 181 349 99 109 125 238 185 187 247 73 222 241 322 265 248 268 366 219 339 272 174 233 95 314 81 118 83 216 263 341 194 237 159 346 279 73 50 278 357 293 288 373 417 348 340 265 219 163 268 75 268 301 89 178 387 255 314 309 253
 173 260 242 354 392 394 216 176 24 39 1 150 320 284 341 37 88 428 428 260 281 87 308 203 196 246 234 176 205 325 117 188 436 313 32 383 47 58 274 386 239 467 104 146 344 344 116 437 350 161 336 288 49 162 191 259 155 408 301 316 277 88 22 240 361 260 133 427 213 370 326 354 290 423 387 203 170 176 441 387 15 322 258 297 344 391 275 300 165 418 368 205 290 233 358 359 393 286 213 402 364 153 131 360 203 166 187 300 315 288 278 439 332 328 391 304 417 411 367 381 382 306 302 326 100 285 255 249 180 210 299 76 91 344 161 265 168 371 55 345 212 219 372 111 114 162 274 223 211 284 82 261 280 357 293 283 286 397 251 377 293 189 270 106 352 65 153 118 233 297 375 212 271 198 384 314 111 86 306 389 331 316 412 453 385 369 290 257 194 290 60 284 337 100 212 424 291 347 344 291
 112 181 217 206 252 268 141 188 129 118 150 1 226 144 300 145 86 282 285 118 135 64 259 189 168 187 234 28 123 229 146 122 297 187 143 248 116 141 168 244 91 326 155 125 210 199 41 295 240 119 192 168 173 96 119 224 102 286 166 181 149 63 144 222 212 189 23 295 194 229 189 279 231 306 262 101 98 27 296 240 152 207 165 155 197 242 139 164 84 275 219 173 270 89 288 210 251 143 204 255 228 50 70 251 64 80 195 160 279 236 131 303 185 180 253 158 301 280 283 241 253 210 188 278 126 156 126 131 191 157 251 127 72 219 35 127 152 262 105 201 153 124 240 83 101 114 135 99 82 148 94 144 166 287 150 224 172 249 102 242 167 100 135 86 255 143 20 114 128 149 228 109 122 89 248 252 87 70 162 240 212 297 297 308 240 224 155 124 181 164 140 176 194 85 66 285 224 293 278 172
 334 64 134 197 161 390 105 191 311 283 320 226 1 139 128 291 235 218 198 254 247 257 98 157 145 90 173 223 117 8 221 133 188 87 332 133 312 344 60 167 220 215 241 180 115 278 229 199 49 161 282 332 363 319 130 118 326 112 115 309 102 262 302 145 238 69 224 154 148 156 125 65 74 115 389 128 153 214 219 281 312 54 65 147 186 256 126 119 305 191 228 137 149 168 78 207 176 151 161 214 336 272 195 50 248 161 185 138 126 89 178 176 182 232 344 255 111 140 60 160 372 17 355 107 345 102 292 100 190 118 96 338 285 357 193 270 168 59 303 288 113 107 356 305 324 159 138 131 269 125 306 88 69 76 266 75 343 276 215 134 320 315 127 307 33 348 209 205 322 194 211 312 188 139 140 71 211 246 267 271 65 162 103 232 184 290 292 126 160 317 343 353 159 304 186 176 60 105 75 74
 229 138 218 83 109 252 133 237 267 247 284 144 139 1 257 268 202 147 145 121 110 201 220 215 193 166 252 126 125 137 230 143 154 60 283 106 257 284 90 103 93 184 247 187 70 142 170 154 125 169 145 197 314 217 136 212 227 152 30 171 40 202 273 228 113 152 155 153 212 87 46 203 188 176 251 102 140 120 158 155 282 94 111 16 71 139 17 26 202 135 109 190 257 56 215 91 110 13 227 124 199 176 161 138 133 132 237 17 247 201 41 160 60 98 209 117 171 139 195 98 234 126 221 234 268 38 161 66 238 163 214 270 215 219 124 136 198 147 246 152 155 106 219 224 240 162 11 69 150 15 237 66 75 213 129 185 210 155 84 99 184 204 20 227 156 286 135 199 198 56 104 194 52 99 105 198 186 199 129 148 91 279 169 171 103 158 156 34 212 181 282 221 55 227 81 142 175 238 212 66
 410 126 99 323 286 507 160 170 340 309 341 300 128 257 1 306 271 343 321 361 359 306 42 139 148 114 118 307 178 133 225 180 307 212 362 257 350 381 168 293 324 332 241 201 241 398 285 320 170 193 401 437 389 394 182 83 399 221 237 422 218 313 320 103 363 115 289 268 129 283 250 77 73 211 506 204 204 297 342 406 329 180 152 267 312 382 242 241 382 315 354 139 60 271 67 333 302 269 131 340 454 348 244 164 340 221 159 259 28 64 293 292 306 354 465 371 209 257 102 286 489 136 461 24 397 220 394 201 166 145 50 383 339 470 266 377 174 167 344 408 148 182 474 365 384 195 253 225 363 244 357 195 183 69 379 78 447 402 322 259 428 398 242 366 133 387 281 228 416 312 337 402 302 217 264 60 247 291 382 397 191 51 201 355 310 413 402 235 148 424 381 455 285 361 282 297 84 29 59 193
 191 230 207 342 374 402 187 140 47 30 37 145 291 268 306 1 67 414 412 260 279 84 273 167 162 214 198 172 178 297 82 159 418 291 65 363 69 90 249 370 235 449 68 114 324 343 106 420 324 131 335 297 85 178 164 225 173 384 282 320 257 88 16 205 354 229 125 406 178 353 308 322 257 397 396 180 144 170 426 383 24 297 231 282 332 384 258 282 177 402 359 171 255 221 325 348 377 272 177 389 368 159 110 333 204 143 151 284 280 254 267 419 319 322 394 302 392 390 336 364 389 278 313 291 127 265 261 227 144 178 265 104 101 353 148 267 134 344 72 344 181 193 378 126 135 133 259 204 215 267 100 238 256 325 293 250 297 392 245 357 301 202 253 122 323 97 143 87 245 288 364 223 261 176 365 281 86 76 305 383 307 280 386 438 370 367 294 239 159 297 91 296 323 116 202 406 259 313 312 268
 164 176 175 277 308 352 132 124 77 49 88 86 235 202 271 67 1 348 345 203 219 43 234 139 124 167 179 113 119 240 69 104 352 227 98 298 81 113 188 303 174 383 72 71 259 283 46 354 264 81 276 250 128 148 107 189 148 321 216 266 192 49 73 176 290 178 65 341 147 287 242 273 213 336 347 116 84 109 360 321 83 235 173 216 266 320 192 216 143 336 294 133 228 155 279 283 311 206 152 323 314 115 45 273 149 80 133 218 246 213 202 354 254 259 338 242 331 326 285 298 338 221 269 253 128 200 210 162 128 131 225 113 75 303 83 212 100 284 74 285 131 132 326 104 121 80 192 138 165 201 89 174 193 278 235 206 252 329 183 292 251 166 187 103 267 118 80 46 203 223 299 182 197 112 299 236 26 25 247 321 245 255 325 372 304 307 240 173 129 247 112 254 256 97 137 340 211 273 266 205
 343 254 338 80 58 254 266 373 409 392 428 282 218 147 343 414 348 1 29 208 185 343 315 346 326 285 377 259 263 212 374 283 54 146 425 87 398 422 204 53 205 63 392 330 109 156 313 39 174 311 168 260 455 335 276 327 346 138 139 213 168 344 418 349 101 266 297 95 341 68 114 270 289 162 257 245 284 256 19 121 427 168 230 133 87 88 159 138 321 30 84 321 364 196 283 79 44 143 356 32 207 303 306 181 250 277 371 132 343 304 153 76 99 129 196 171 159 96 250 60 239 214 277 324 399 160 244 201 374 295 313 406 353 248 268 216 337 181 386 167 287 243 226 355 369 304 157 214 259 151 373 194 188 281 190 288 275 106 192 85 243 313 164 359 212 423 277 344 290 138 62 296 163 244 80 288 332 343 180 108 156 379 164 26 45 148 217 178 345 242 420 288 92 361 218 57 274 317 286 173
 354 238 322 91 41 279 255 361 410 391 428 285 198 145 321 412 345 29 1 221 199 344 295 333 314 270 361 264 253 191 367 274 26 133 426 66 400 425 190 43 213 44 385 322 95 178 314 13 152 302 189 279 457 345 267 309 356 111 132 233 159 345 417 333 121 250 298 66 327 60 106 247 270 134 282 238 277 260 22 146 426 150 216 132 95 113 154 132 330 11 104 308 345 197 259 94 35 143 342 52 231 310 303 158 259 272 359 129 323 285 158 48 106 146 222 187 132 69 226 49 264 195 297 302 405 151 260 193 362 282 293 411 357 270 268 231 327 157 388 189 275 234 251 361 376 296 154 209 270 146 377 184 175 257 207 270 294 132 201 66 262 325 159 365 189 427 278 338 304 147 79 308 169 238 59 267 328 343 198 133 137 359 137 36 48 172 235 174 332 261 424 306 92 366 221 29 255 295 264 160
 137 236 299 131 200 157 211 290 238 232 260 118 254 121 361 260 203 208 221 1 25 177 321 282 258 255 326 91 195 253 258 205 240 180 246 211 220 236 198 189 38 265 269 228 182 86 158 234 244 216 77 79 273 132 199 300 143 266 150 68 153 175 258 307 116 248 139 256 284 177 158 317 289 292 154 166 188 96 225 131 264 213 210 120 128 143 130 145 118 213 128 261 348 91 329 130 192 111 297 177 113 111 178 258 58 170 295 129 346 300 82 254 118 82 137 47 287 244 312 188 141 239 102 338 203 155 42 161 293 237 314 216 172 113 129 17 251 267 208 86 230 184 127 163 173 209 119 138 55 133 188 169 186 327 34 284 91 144 40 203 68 107 128 168 274 235 125 225 84 80 147 88 70 154 207 305 200 186 47 135 211 373 286 233 176 110 44 130 275 64 234 101 141 171 85 232 278 347 323 183
 161 235 303 109 180 152 214 300 259 251 281 135 247 110 359 279 219 185 199 25 1 196 320 289 265 256 331 108 199 246 272 211 219 168 268 193 241 258 193 168 47 243 284 239 166 65 175 211 233 225 58 90 295 156 205 302 167 250 138 64 146 194 277 311 92 247 156 236 290 158 143 311 288 276 149 170 196 111 202 109 284 203 208 107 107 119 122 134 142 191 105 266 349 92 323 107 170 99 303 154 103 134 191 246 79 179 303 116 346 299 71 234 98 58 123 24 271 226 304 168 134 233 112 336 227 146 61 159 302 242 313 239 193 112 142 33 260 254 230 67 234 186 119 186 197 218 110 139 79 123 210 165 180 321 22 283 103 120 42 185 75 131 121 191 265 258 141 238 106 62 124 112 60 159 188 301 215 204 29 112 200 374 271 210 154 90 47 125 282 73 256 115 123 194 92 211 276 343 318 175
 123 203 213 268 309 320 158 165 67 56 87 64 257 201 306 84 43 343 344 177 196 1 268 178 162 198 219 90 143 262 110 132 354 235 84 302 59 88 205 302 154 384 112 109 263 261 32 354 280 115 253 216 115 107 133 225 106 333 219 237 198 8 82 215 275 207 47 348 186 286 244 302 244 351 314 132 108 90 356 302 89 249 194 213 258 305 193 218 102 334 282 170 266 148 308 273 310 202 191 316 285 78 65 291 121 97 174 216 283 246 192 358 246 242 311 220 345 332 310 298 306 242 233 287 92 206 178 173 169 163 259 82 35 271 78 184 139 302 48 262 162 152 295 63 80 112 191 144 133 202 52 186 207 307 210 237 217 312 165 296 218 126 188 62 289 92 67 86 166 211 289 145 184 123 303 267 61 18 223 303 257 294 340 368 300 285 211 176 169 215 87 218 253 57 126 342 241 306 296 216
 370 86 70 289 258 469 119 142 305 274 308 259 98 220 42 273 234 315 295 321 320 268 1 109 113 73 99 266 137 104 193 140 284 179 328 230 314 345 130 264 284 310 210 165 210 361 246 295 144 155 362 397 355 354 142 51 359 202 201 383 181 274 287 77 328 75 249 247 98 252 217 67 33 197 467 163 165 257 316 371 296 149 112 231 277 348 204 205 342 288 319 104 55 231 63 299 273 231 104 309 416 308 205 141 300 181 132 223 30 24 255 271 271 316 428 332 194 235 92 257 451 103 420 20 359 184 354 162 139 106 10 346 301 431 226 336 140 146 307 370 108 141 435 326 345 157 215 185 322 206 319 157 146 64 340 38 406 367 282 231 388 357 203 327 112 351 241 193 375 274 304 361 263 176 237 29 210 253 343 362 161 65 186 329 280 376 362 196 117 384 345 415 251 322 241 272 46 41 49 157
 293 99 41 296 294 438 83 36 203 172 203 189 157 215 139 167 139 346 333 282 289 178 109 1 25 69 46 205 93 164 86 79 330 202 225 271 215 245 144 294 245 360 103 70 239 343 163 338 202 71 341 349 250 277 85 59 279 267 210 349 183 184 182 39 326 90 173 303 12 279 234 165 100 271 435 121 96 197 352 367 191 188 118 230 284 353 199 213 267 324 324 26 91 199 166 305 303 225 16 331 390 235 123 206 244 114 29 225 113 92 239 323 274 305 408 307 267 288 185 288 421 150 372 126 266 189 306 151 34 53 101 249 211 394 161 296 40 215 210 350 61 110 407 240 257 77 207 154 265 205 227 154 159 166 309 94 356 368 248 269 344 287 196 239 186 251 172 94 315 262 316 297 241 130 276 122 117 161 316 361 201 118 259 366 304 364 325 183 10 341 245 362 263 233 198 317 106 148 152 174
 274 84 52 274 274 415 61 49 193 162 196 168 145 193 148 162 124 326 314 258 265 162 113 25 1 58 68 183 70 152 82 55 311 182 216 253 203 234 125 274 221 342 101 54 219 320 145 319 188 50 318 327 243 257 61 66 260 252 189 325 161 168 175 55 303 77 153 287 27 259 213 163 97 259 411 97 73 174 333 344 185 171 99 207 262 330 177 191 247 305 301 11 106 175 165 283 283 202 39 310 367 214 103 193 222 92 46 203 123 93 215 306 252 282 385 283 254 271 180 268 398 136 349 131 251 168 283 129 49 32 104 236 195 370 139 272 28 203 197 326 40 87 383 223 240 55 184 131 243 183 212 133 140 165 285 90 333 345 224 250 321 267 173 222 176 240 150 81 293 238 294 276 218 107 258 121 101 145 292 338 183 133 247 346 283 340 301 160 20 318 234 339 241 217 175 299 101 153 151 155
 298 33 54 244 231 407 48 103 240 210 246 187 90 166 114 214 167 285 270 255 256 198 73 69 58 1 92 195 65 97 137 68 265 141 263 207 247 278 83 233 218 295 156 101 177 304 175 274 135 87 304 329 291 282 69 47 286 199 155 319 129 204 226 65 278 22 177 237 60 219 176 109 47 204 404 93 93 185 290 320 236 122 58 179 232 302 150 158 270 262 273 49 94 166 113 253 242 177 74 273 356 235 134 138 229 108 96 173 94 50 197 257 223 262 370 271 199 222 124 226 390 83 353 92 289 134 286 102 101 37 65 277 230 367 153 270 83 147 239 312 37 72 374 255 274 88 160 118 252 154 249 101 100 113 277 40 338 319 217 205 321 285 148 256 119 284 168 128 305 218 262 290 202 105 212 71 142 184 282 313 135 118 192 304 245 322 297 138 71 318 278 346 208 251 173 253 46 109 100 114
 337 124 40 332 322 481 121 59 238 207 234 234 173 252 118 198 179 377 361 326 331 219 99 46 68 92 1 250 134 180 119 122 355 232 259 297 252 281 174 324 288 384 131 113 268 385 207 364 221 115 383 394 282 320 128 57 322 284 244 392 218 226 213 29 365 112 217 325 43 310 266 164 104 284 478 162 140 241 381 406 221 212 148 267 320 390 236 247 311 353 361 66 60 241 161 342 333 263 31 364 433 279 167 222 289 159 48 261 92 91 279 346 311 345 450 349 281 310 187 317 464 170 416 111 305 224 350 188 55 92 94 287 253 438 205 340 83 230 248 392 99 149 450 281 298 121 245 195 310 242 267 189 190 162 352 100 401 406 291 296 389 331 233 280 198 288 217 134 360 301 351 342 282 173 303 121 159 202 359 400 225 84 273 395 336 404 368 222 54 385 281 406 297 275 242 343 115 135 147 205
 112 185 230 182 232 243 148 208 155 145 176 28 223 126 307 172 113 259 264 91 108 90 266 205 183 195 250 1 130 225 170 133 277 174 168 231 141 163 164 224 64 306 180 144 194 172 68 275 231 136 165 146 197 98 129 235 106 273 151 156 138 89 171 235 186 194 49 278 209 209 171 280 236 294 238 104 111 10 274 213 179 198 165 136 174 216 124 148 83 254 193 187 282 71 289 186 230 123 220 231 202 52 91 243 41 93 214 141 288 244 108 285 161 153 227 131 289 264 281 221 228 207 168 285 143 144 103 125 211 168 258 148 94 196 46 101 171 254 129 174 163 127 215 99 115 130 118 93 61 132 115 137 159 288 123 230 152 222 75 224 144 94 120 103 250 165 37 137 112 124 203 96 98 91 230 256 111 97 135 214 202 309 286 285 218 196 129 111 198 140 162 157 173 103 46 266 228 298 280 163
 234 61 105 207 214 350 19 113 195 167 205 123 117 125 178 178 119 263 253 195 199 143 137 93 70 65 134 130 1 122 116 22 254 123 216 196 196 228 73 212 158 285 136 72 159 252 116 259 148 52 250 267 247 218 15 107 224 208 124 261 96 148 187 113 235 67 115 235 92 196 149 161 108 220 346 30 36 121 271 275 197 122 55 139 194 262 109 126 206 244 233 69 155 108 168 215 221 134 106 245 300 172 79 156 166 47 113 136 158 115 146 251 184 213 317 216 215 219 169 206 332 103 290 156 232 104 223 62 114 43 129 223 172 307 89 210 75 167 187 259 36 20 318 195 214 47 116 62 188 116 193 70 82 167 219 102 275 277 159 192 260 221 105 196 149 232 105 93 241 170 227 226 150 42 200 130 95 131 226 270 133 181 209 284 219 272 238 92 89 256 227 282 175 193 111 241 102 171 157 97
 336 70 141 193 155 387 111 198 316 288 325 229 8 137 133 297 240 212 191 253 246 262 104 164 152 97 180 225 122 1 227 139 181 84 337 127 317 348 62 162 220 208 247 186 110 275 233 192 42 167 279 331 368 321 135 125 329 105 112 307 101 266 308 152 234 76 228 146 155 151 121 68 81 108 387 132 158 216 212 277 318 49 69 144 182 252 125 116 307 185 224 144 155 168 80 203 170 149 169 208 333 275 199 43 249 165 192 135 132 96 176 169 178 229 341 253 103 133 60 154 369 20 355 113 349 100 292 101 197 125 103 342 289 355 196 269 175 52 307 285 120 111 354 308 327 165 137 133 270 124 310 89 69 78 265 82 343 271 214 128 319 316 126 310 28 353 212 211 323 191 206 313 187 142 134 77 216 251 265 267 59 168 96 226 178 287 291 125 167 316 347 353 155 308 187 169 67 109 79 72
 232 158 126 310 328 412 120 61 120 89 117 146 221 230 225 82 69 374 367 258 272 110 193 86 82 137 119 170 116 227 1 96 369 238 141 311 134 163 187 325 226 400 21 46 274 334 109 374 259 66 329 313 165 216 102 144 216 322 236 325 208 117 97 124 331 155 125 350 97 309 262 244 179 331 407 130 91 164 383 367 105 236 165 245 299 360 216 237 210 357 333 92 174 194 247 318 334 236 96 353 370 182 82 266 209 100 72 244 199 174 240 367 287 303 393 293 327 335 260 319 397 210 333 210 189 216 272 175 65 104 184 170 142 364 131 270 56 276 132 338 108 135 384 171 186 71 220 162 227 224 153 184 198 247 290 172 317 372 233 307 312 233 212 169 252 170 135 35 269 263 332 249 238 132 314 202 60 93 300 364 248 200 320 397 330 357 298 197 78 309 164 320 284 163 183 356 182 233 233 212
 232 73 98 225 234 360 29 95 179 150 188 122 133 143 180 159 104 283 274 205 211 132 140 79 55 68 122 133 22 139 96 1 275 144 201 216 183 214 93 233 167 306 115 51 180 266 107 280 166 31 264 274 231 215 8 104 220 228 144 271 116 137 170 104 252 76 110 255 80 216 170 171 114 239 357 43 25 124 291 291 180 142 73 158 213 279 128 146 204 264 250 57 150 121 178 233 241 152 93 264 312 170 67 175 170 42 96 155 158 118 162 272 202 229 331 229 234 240 182 226 344 120 297 159 222 124 230 82 97 37 131 212 163 317 89 219 56 185 174 272 33 41 329 188 206 27 134 78 192 135 183 90 103 177 231 107 281 294 170 213 268 221 124 188 165 220 103 74 244 186 246 227 164 52 220 137 79 118 238 287 153 177 228 305 239 287 247 110 73 264 214 288 195 184 121 262 110 177 166 117
 370 233 316 111 46 304 254 359 419 399 436 297 188 154 307 418 352 54 26 240 219 354 284 330 311 265 355 277 254 181 369 275 1 132 436 60 410 437 188 54 229 32 388 324 96 201 323 17 140 304 212 301 467 361 268 302 372 91 137 256 163 355 424 327 144 244 308 44 323 69 111 232 260 113 307 242 281 272 42 171 433 144 213 142 114 138 162 137 346 31 127 306 335 208 244 115 50 155 338 76 255 324 309 144 275 276 356 138 311 275 172 23 124 167 247 208 111 51 210 57 289 187 319 290 418 154 279 195 360 280 282 423 368 294 277 251 326 142 399 212 273 235 275 374 390 298 163 215 287 153 389 186 174 242 228 261 315 157 217 63 284 342 167 378 175 439 288 342 324 164 101 327 184 243 55 256 333 351 219 158 131 347 117 52 66 197 256 180 330 282 435 328 105 379 232 14 246 281 250 159
 282 109 193 111 93 305 123 230 298 275 313 187 87 60 212 291 227 146 133 180 168 235 179 202 182 141 232 174 123 84 238 144 132 1 317 74 293 322 59 94 151 163 257 193 38 193 204 138 66 173 197 256 349 269 137 183 278 100 31 228 38 238 299 204 152 122 193 115 196 79 39 151 149 122 305 113 151 167 152 195 309 37 85 63 100 171 53 36 254 124 142 177 223 106 163 121 103 70 211 134 251 225 183 79 188 149 227 54 207 164 99 130 96 147 258 173 116 100 139 87 288 77 279 191 312 31 220 66 230 151 175 311 256 275 159 195 195 88 282 203 143 104 272 268 286 168 63 92 207 48 278 55 43 161 186 148 269 190 143 70 242 258 57 272 99 325 173 212 256 111 127 251 111 116 78 154 206 230 185 185 33 241 113 166 105 204 214 64 201 240 321 280 73 270 130 119 135 191 162 28
 148 274 264 349 392 373 229 201 23 54 32 143 332 283 362 65 98 425 426 246 268 84 328 225 216 263 259 168 216 337 141 201 436 317 1 385 28 28 283 385 229 467 130 164 346 331 115 436 359 177 322 267 32 138 204 280 131 414 302 299 281 82 50 263 352 275 129 430 235 369 327 370 308 431 366 210 181 170 438 376 46 329 269 296 339 382 276 301 143 416 360 225 314 230 375 353 392 284 236 397 346 137 139 369 190 174 212 299 337 307 273 441 327 319 374 291 425 415 382 381 362 318 280 346 71 288 237 254 205 227 319 47 76 324 161 250 189 380 40 330 228 228 353 89 89 177 274 226 195 285 61 267 287 375 279 301 264 387 241 379 274 167 271 84 364 34 150 136 212 291 370 190 264 203 386 332 123 89 292 378 338 340 420 450 382 356 274 258 216 271 29 261 335 79 208 425 308 367 362 297
 332 175 258 97 31 304 195 301 367 345 383 248 133 106 257 363 298 87 66 211 193 302 230 271 253 207 297 231 196 127 311 216 60 74 385 1 360 387 129 41 192 90 330 266 40 193 271 68 88 246 201 280 416 321 210 245 332 63 84 241 107 304 369 269 139 186 258 48 265 40 61 184 205 90 306 185 224 225 87 176 379 86 154 98 92 145 110 85 306 59 124 247 280 161 197 105 48 110 279 89 252 281 254 95 235 221 297 91 258 220 134 58 97 150 250 188 86 35 164 35 287 131 301 238 373 99 252 138 301 221 228 375 319 285 225 224 268 96 348 204 214 177 272 329 346 241 114 161 251 102 341 128 115 195 206 205 294 166 181 9 264 305 115 332 126 390 238 285 294 132 99 293 147 187 9 203 278 298 200 164 73 294 89 100 62 195 235 128 271 262 386 306 71 332 186 47 191 231 200 100
 127 255 253 322 366 349 210 194 25 47 47 116 312 257 350 69 81 398 400 220 241 59 314 215 203 247 252 141 196 317 134 183 410 293 28 360 1 33 261 359 202 441 127 150 321 304 90 410 337 161 295 243 58 116 185 268 110 391 277 273 256 56 57 253 325 258 103 405 224 343 301 353 292 408 342 188 161 143 412 349 57 306 249 269 312 354 251 275 119 390 333 212 304 204 359 325 366 258 227 370 321 110 119 347 163 153 205 273 325 293 246 415 300 291 348 264 402 390 363 355 337 297 256 333 59 264 211 231 198 211 305 37 49 300 135 223 177 358 13 304 211 207 328 65 69 160 248 202 169 259 37 243 264 358 252 285 240 359 214 353 249 143 246 60 344 38 123 123 188 263 343 166 237 180 360 316 106 67 265 351 314 331 397 423 355 329 247 233 206 246 32 238 309 55 181 399 291 353 346 274
 127 287 284 345 392 355 242 223 45 75 58 141 344 284 381 90 113 422 425 236 258 88 345 245 234 278 281 163 228 348 163 214 437 322 28 387 33 1 292 385 222 466 154 181 349 320 119 436 367 193 310 249 39 119 216 299 110 420 305 284 285 85 76 283 345 289 130 433 255 369 328 385 324 438 348 219 193 166 436 366 72 337 280 295 336 374 278 303 126 415 354 243 335 229 390 348 391 283 257 393 331 126 150 378 180 184 234 299 356 324 270 443 324 311 360 281 432 418 395 381 345 329 260 364 47 292 222 260 227 242 336 23 70 306 164 238 208 389 42 318 243 238 337 74 69 192 275 231 183 286 50 273 294 390 267 317 245 377 235 381 258 148 273 69 375 8 151 154 193 286 365 172 260 211 388 348 137 98 281 369 344 361 428 447 380 344 259 261 236 255 3 241 334 65 206 425 323 384 378 303
 275 52 136 163 151 340 69 173 262 236 274 168 60 90 168 249 188 204 190 198 193 205 130 144 125 83 174 164 73 62 187 93 188 59 283 129 261 292 1 152 163 218 207 143 96 232 174 195 77 123 234 276 314 260 87 127 268 136 74 256 51 209 258 147 200 65 168 165 138 137 94 121 99 150 339 74 106 155 209 243 268 50 27 102 151 222 75 77 246 182 193 119 170 110 132 173 161 102 153 191 288 214 145 87 189 110 170 94 158 112 126 183 144 187 299 204 144 149 119 145 323 44 299 145 289 55 235 40 173 94 125 284 230 305 136 214 140 99 251 241 86 56 307 248 267 118 87 72 210 77 252 30 18 130 214 96 287 240 159 126 265 256 75 251 88 296 151 165 263 145 181 253 135 83 134 109 164 195 216 235 62 190 139 223 163 247 238 70 143 261 291 296 126 248 127 175 85 151 126 32
 317 201 286 63 14 267 215 322 368 349 386 244 167 103 293 370 303 53 43 189 168 302 264 294 274 233 324 224 212 162 325 233 54 94 385 41 359 385 152 1 176 83 344 281 57 158 272 52 126 261 168 252 416 308 226 275 319 102 90 210 118 304 375 297 102 214 257 72 289 18 64 222 237 128 269 196 236 219 59 137 384 117 178 90 62 105 112 90 293 33 86 270 312 156 235 69 10 102 304 49 216 271 261 134 221 230 320 87 293 252 119 67 71 119 212 159 125 65 204 8 251 163 272 273 365 110 228 151 322 243 261 370 316 251 226 200 286 136 347 169 235 193 236 321 337 255 113 167 234 104 337 144 136 233 178 237 267 126 164 37 235 289 117 325 164 386 236 296 272 111 60 274 131 196 34 237 286 301 171 125 104 328 128 73 22 158 207 132 293 234 383 279 52 326 180 45 223 268 238 121
 142 199 262 126 187 194 174 255 218 208 239 91 220 93 324 235 174 205 213 38 47 154 284 245 221 218 288 64 158 220 226 167 229 151 229 192 202 222 163 176 1 257 238 193 159 110 130 225 215 180 104 114 258 133 162 263 144 243 122 105 121 152 234 269 124 211 111 239 247 163 135 283 253 268 190 128 151 66 221 149 242 182 174 96 120 153 99 118 118 204 133 223 310 55 294 128 181 85 259 175 147 100 145 228 46 134 259 105 309 263 60 241 108 90 169 69 263 226 279 175 177 205 138 302 195 124 73 125 257 200 277 205 155 151 96 53 215 238 191 113 193 147 163 153 166 173 89 101 59 104 173 134 152 293 66 247 124 159 14 184 104 114 97 157 242 223 95 192 106 68 146 102 47 117 190 268 169 160 75 150 182 335 261 230 167 134 81 96 239 101 221 134 126 159 48 220 242 311 288 150
 397 263 345 135 76 315 285 390 450 430 467 326 215 184 332 449 383 63 44 265 243 384 310 360 342 295 384 306 285 208 400 306 32 163 467 90 441 466 218 83 257 1 419 355 127 218 353 33 167 335 229 321 497 388 299 331 399 112 168 275 194 386 455 356 162 274 339 64 353 99 142 256 288 129 319 273 312 302 46 183 464 173 244 172 139 150 192 169 373 54 145 336 362 238 267 137 77 184 368 92 269 353 340 170 302 308 386 169 337 303 201 40 150 188 257 230 129 76 232 87 301 216 339 315 447 186 303 226 390 311 309 452 398 310 307 274 357 166 429 229 303 266 288 403 419 330 194 246 313 184 419 217 205 265 250 289 336 167 244 94 304 368 197 407 200 468 318 373 348 190 121 352 212 274 87 282 365 382 240 170 160 373 136 48 91 210 277 211 360 303 465 348 134 408 262 45 274 304 274 190
 233 178 142 327 346 422 140 73 110 81 104 155 241 247 241 68 72 392 385 269 284 112 210 103 101 156 131 180 136 247 21 115 388 257 130 330 127 154 207 344 238 419 1 65 293 347 116 392 279 85 341 321 152 218 121 161 216 341 254 335 227 118 83 139 346 174 134 370 114 327 280 263 197 351 416 148 109 175 402 381 91 256 185 262 316 376 234 255 213 376 348 111 188 209 265 334 352 253 111 370 381 187 94 286 218 117 84 261 214 192 256 386 304 318 405 306 347 354 279 338 407 230 340 227 184 235 280 194 77 123 202 163 141 373 143 280 75 296 126 350 128 154 394 170 184 90 238 179 235 242 149 203 217 265 301 190 323 387 246 326 321 237 229 168 272 160 145 49 275 278 349 254 253 149 333 221 70 95 312 379 267 213 340 415 348 370 308 215 95 317 154 326 301 162 196 375 201 250 251 231
 225 117 105 269 283 384 77 64 142 111 146 125 180 187 201 114 71 330 322 228 239 109 165 70 54 101 113 144 72 186 46 51 324 193 164 266 150 181 143 281 193 355 65 1 229 299 95 329 216 21 295 290 192 209 57 119 210 278 192 295 164 116 126 107 292 116 107 306 78 265 218 209 145 288 380 86 48 137 339 329 136 192 122 202 257 320 173 193 200 313 292 63 158 156 213 276 290 194 84 310 340 168 56 223 184 61 71 201 176 144 201 322 245 266 361 259 283 290 223 275 368 167 311 184 198 172 247 131 68 65 156 183 143 338 101 241 31 234 144 303 68 90 354 171 188 27 178 119 204 181 159 140 153 213 258 138 295 333 199 262 287 221 169 170 211 187 109 29 251 224 290 232 200 90 270 169 49 92 267 325 203 185 277 353 286 321 270 154 61 283 181 300 241 165 148 312 146 204 200 167
 297 145 230 87 56 291 161 267 328 306 344 210 115 70 241 324 259 109 95 182 166 263 210 239 219 177 268 194 159 110 274 180 96 38 346 40 321 349 96 57 159 127 293 229 1 178 232 101 79 209 184 255 377 286 173 219 296 85 45 220 68 266 331 241 130 158 219 86 233 43 25 174 182 111 292 147 186 188 114 172 340 62 122 64 78 144 72 47 271 87 118 214 257 124 187 97 66 75 248 100 238 244 215 90 201 182 264 56 239 197 102 96 78 133 240 166 106 71 158 50 274 108 277 221 335 60 223 100 267 188 207 336 281 266 186 196 232 96 310 189 180 140 258 291 308 204 77 122 217 64 303 91 81 185 182 181 269 164 149 34 240 271 77 294 117 351 199 247 263 105 98 261 115 149 42 184 239 259 178 161 51 274 106 128 71 185 211 89 238 238 347 280 51 294 149 83 168 218 187 66
 213 278 353 97 171 114 265 358 322 316 344 199 278 142 398 343 283 156 178 86 65 261 361 343 320 304 385 172 252 275 334 266 201 193 331 193 304 320 232 158 110 218 347 299 178 1 239 190 254 284 13 108 357 211 260 350 223 255 164 59 181 258 341 362 58 292 220 229 343 154 159 342 329 282 115 224 254 175 174 50 348 228 251 133 103 73 158 160 200 171 75 320 396 146 355 90 157 130 357 127 61 196 253 266 142 239 360 141 388 342 108 220 101 47 68 42 278 222 331 161 97 266 122 376 286 179 105 203 360 294 355 300 256 94 204 84 318 272 293 12 286 237 81 247 256 276 147 191 138 156 272 206 216 353 54 326 122 65 102 185 91 184 159 252 290 319 204 300 149 88 101 161 103 215 187 340 278 268 40 58 222 419 279 178 139 26 70 167 338 91 318 135 128 256 152 197 316 379 352 207
 131 176 196 240 278 307 132 156 97 81 116 41 229 170 285 106 46 313 314 158 175 32 246 163 145 175 207 68 116 233 109 107 323 204 115 271 90 119 174 272 130 353 116 95 232 239 1 323 250 96 232 206 146 114 107 206 117 302 188 221 167 35 107 199 249 181 20 317 170 256 213 275 220 320 302 102 83 65 326 278 115 219 165 183 230 279 162 187 106 304 255 152 249 119 283 244 279 172 178 287 269 75 43 261 104 70 164 186 263 224 164 327 217 217 293 198 314 301 283 268 292 213 225 265 118 175 165 142 160 141 237 111 58 259 47 167 125 272 79 241 139 123 280 81 100 92 161 113 120 171 79 155 176 282 191 213 209 287 140 265 206 127 157 82 259 123 38 79 161 183 261 141 157 93 272 243 51 31 202 279 226 277 309 338 270 263 195 145 154 203 118 212 223 78 98 311 216 283 271 185
 365 242 325 104 47 291 261 367 420 400 437 295 199 154 320 420 354 39 13 234 211 354 295 338 319 274 364 275 259 192 374 280 17 138 436 68 410 436 195 52 225 33 392 329 101 190 323 1 152 309 201 291 467 357 273 312 368 106 140 246 166 355 425 336 133 253 308 60 331 68 114 245 271 128 294 245 285 270 26 158 435 153 221 142 107 124 163 140 342 22 116 313 346 207 258 106 46 153 346 64 243 321 311 157 270 280 364 138 323 286 169 38 118 158 233 200 126 65 223 57 276 197 309 302 416 158 272 200 367 287 294 421 367 282 277 243 332 155 398 201 280 240 262 372 387 303 164 218 281 154 388 191 180 255 219 272 306 143 212 70 274 337 168 376 188 437 288 346 317 159 91 320 180 246 62 268 336 352 210 145 140 359 132 37 59 184 247 182 337 273 434 319 103 377 231 24 257 294 263 165
 341 105 181 165 118 367 140 235 339 312 350 240 49 125 170 324 264 174 152 244 233 280 144 202 188 135 221 231 148 42 259 166 140 66 359 88 337 367 77 126 215 167 279 216 79 254 250 152 1 196 259 321 390 328 162 166 336 65 96 292 96 284 334 192 208 114 242 105 194 117 96 98 122 74 367 150 182 223 173 250 344 34 95 127 156 222 116 100 313 146 196 180 196 167 111 175 133 135 208 173 313 282 221 14 249 186 230 118 172 137 164 128 154 208 317 237 69 92 80 118 349 53 344 151 363 92 284 110 234 159 143 359 305 339 209 259 208 24 327 264 153 132 334 321 340 193 127 141 269 112 327 97 75 108 251 123 334 242 207 90 307 319 119 324 40 371 224 239 320 174 175 313 176 158 96 117 240 271 249 239 34 208 63 187 144 263 278 123 204 304 366 345 128 322 189 129 108 144 113 69
 225 100 101 250 263 373 58 75 155 125 161 119 161 169 193 131 81 311 302 216 225 115 155 71 50 87 115 136 52 167 66 31 304 173 177 246 161 193 123 261 180 335 85 21 209 284 96 309 196 1 280 281 206 208 37 112 211 258 172 283 144 121 142 104 274 100 104 286 76 245 198 194 133 269 369 67 31 128 320 312 152 172 102 184 238 303 154 173 198 293 274 57 154 140 199 258 270 176 86 291 327 165 54 204 175 47 80 181 169 133 184 302 227 249 347 245 264 270 207 255 356 149 303 174 205 152 237 111 78 51 146 192 148 327 92 229 36 215 154 289 52 70 342 174 193 8 159 101 196 162 165 119 133 199 245 126 287 316 185 242 277 218 150 174 193 198 102 45 245 207 271 227 184 72 250 157 56 99 253 308 183 182 258 333 267 305 258 136 63 273 192 292 221 170 134 291 132 193 186 147
 202 279 353 106 181 109 264 354 314 308 336 192 282 145 401 335 276 168 189 77 58 253 362 341 318 304 383 165 250 279 329 264 212 197 322 201 295 310 234 168 104 229 341 295 184 13 232 201 259 280 1 96 347 201 257 350 212 262 168 47 184 250 333 361 69 292 213 239 341 162 164 346 331 290 109 222 251 168 185 62 340 233 252 136 110 85 159 164 189 182 86 318 397 143 358 99 167 133 355 138 55 186 248 272 134 235 358 145 390 343 109 230 108 53 68 36 285 231 335 170 91 269 111 378 275 182 94 203 357 292 356 290 247 85 199 73 315 278 284 10 285 236 76 237 246 273 148 189 128 158 263 207 218 356 44 327 110 78 97 193 79 173 160 242 294 309 198 295 137 90 111 150 103 212 195 342 272 261 31 70 227 420 286 189 149 35 58 168 336 78 308 123 135 246 148 207 318 382 355 210
