NAME : domp160p53v9
COMMENT : (Deleplanque et al.) 
TYPE : DOMP
DIMENSION : 160
DISPLAY_DATA_TYPE: NO_DISPLAY
OPEN_FACILITIES : 53
COST_SECTION
 1 333 143 153 360 257 239 323 302 360 326 239 339 364 237 213 170 339 329 221 371 226 225 61 86 347 244 204 94 259 199 363 140 266 407 255 302 125 146 351 315 23 187 376 207 203 246 323 241 369 174 226 128 198 238 47 117 344 364 232 221 195 383 209 195 92 290 173 428 143 134 167 370 321 175 121 119 345 148 301 380 161 364 291 201 331 220 243 274 43 7 177 281 246 82 115 203 96 45 241 69 193 96 206 345 263 28 283 327 94 308 79 41 56 322 272 161 204 27 334 370 75 160 251 328 172 299 125 249 173 125 234 141 312 237 250 259 230 281 157 369 259 384 379 103 119 115 196 104 165 339 188 15 392 44 171 421 203 290 328
 333 1 225 181 109 188 332 169 200 73 63 110 64 59 379 125 275 166 11 417 178 108 124 357 296 45 176 172 336 84 157 233 293 97 228 398 218 220 240 152 225 354 213 150 330 382 348 135 151 142 210 145 389 166 109 291 219 277 112 116 275 365 265 170 169 293 249 312 239 314 246 359 181 229 181 325 231 74 217 112 124 328 56 328 212 218 376 118 95 367 338 171 123 90 351 237 179 377 326 167 312 153 240 142 163 144 359 286 53 316 88 260 294 363 133 445 361 182 343 116 103 343 390 436 55 396 36 304 91 205 383 140 193 133 206 130 314 112 232 262 70 273 198 121 356 278 320 294 236 253 62 157 346 181 322 168 265 350 76 308
 143 225 1 76 288 238 300 285 282 274 241 117 254 241 321 136 217 296 219 328 326 129 159 194 76 226 219 174 202 174 153 344 205 139 372 342 291 119 168 299 304 158 188 318 276 300 312 269 201 309 32 91 165 161 163 122 94 349 293 111 257 286 372 178 160 72 296 242 391 222 162 264 326 311 144 101 126 216 149 165 243 243 270 335 201 313 308 115 203 185 146 134 225 137 203 31 178 226 163 210 167 138 97 84 299 124 170 309 204 93 235 109 105 193 268 374 261 182 141 197 293 124 275 356 205 286 190 80 135 166 249 99 72 259 231 197 305 154 281 197 279 284 344 307 220 54 96 248 52 48 213 134 157 342 159 65 398 284 164 352
 153 181 76 1 223 162 239 211 207 215 181 91 194 213 268 68 157 223 177 286 254 74 88 183 126 196 144 99 174 112 77 269 156 120 299 289 216 62 108 228 229 174 117 249 220 254 252 198 126 240 88 93 221 86 95 113 46 274 227 85 190 238 296 103 84 124 222 188 318 175 105 221 254 235 70 165 73 196 84 162 237 195 216 267 129 238 258 101 136 189 158 59 154 95 183 68 103 209 152 135 144 63 64 63 227 135 179 238 177 148 169 84 114 188 197 327 220 107 163 194 230 169 241 311 178 251 147 148 98 95 224 100 13 188 156 124 239 87 207 138 222 214 271 242 195 120 159 187 59 122 189 59 166 271 147 30 323 231 141 279
 360 109 288 223 1 136 281 82 122 42 54 190 47 161 333 156 248 71 119 381 72 161 137 365 348 151 135 161 333 115 162 134 277 190 120 349 140 235 232 51 142 382 193 42 289 347 296 52 124 34 283 228 443 164 129 314 246 188 5 193 229 331 164 156 167 346 177 283 130 296 242 333 76 144 186 385 243 182 218 217 230 303 64 260 184 128 335 203 88 385 365 184 82 160 353 289 164 377 340 132 319 169 266 212 65 240 382 218 161 370 55 282 327 375 51 398 337 165 376 224 16 390 370 394 163 373 125 366 168 196 374 226 233 60 161 111 255 137 163 243 51 213 91 20 351 339 380 257 280 326 170 174 370 73 336 224 158 312 175 227
 257 188 238 162 136 1 149 71 48 160 137 192 146 245 200 119 116 88 192 246 120 146 95 247 273 228 20 65 208 119 87 110 148 211 151 217 54 139 113 105 67 278 71 134 154 212 164 86 46 129 247 222 364 78 105 212 160 115 140 190 94 196 136 60 79 273 68 149 172 165 125 199 118 74 96 318 142 250 110 255 303 169 177 141 58 78 200 209 95 273 262 104 68 166 230 225 62 252 226 31 202 103 174 192 96 254 274 100 224 296 107 184 232 258 86 265 203 59 278 277 151 306 236 260 227 239 175 303 177 86 245 224 167 77 26 65 128 110 51 115 172 86 130 151 225 277 311 122 207 284 238 106 265 142 224 181 168 177 213 130
 239 332 300 239 281 149 1 204 164 308 284 306 294 387 54 233 84 220 335 108 244 263 219 196 297 369 158 168 150 254 192 197 103 332 251 69 149 182 133 242 155 253 130 270 33 81 17 230 182 267 322 325 365 180 233 210 207 147 284 302 58 70 199 169 178 301 114 67 271 97 138 91 241 157 179 344 175 387 156 378 439 80 325 60 125 175 60 322 238 230 243 192 215 289 171 275 161 180 195 166 171 205 205 293 229 365 242 79 361 316 255 200 238 209 231 118 99 157 264 406 296 309 128 115 364 124 314 337 299 149 155 330 235 223 128 204 34 235 122 103 320 71 245 294 153 317 336 53 252 344 376 204 239 266 196 266 246 49 341 111
 323 169 285 211 82 71 204 1 42 118 108 212 111 227 257 153 186 18 177 308 49 171 128 317 331 213 80 123 279 130 136 68 218 224 88 272 60 202 182 38 61 345 140 67 216 276 218 36 87 64 288 249 424 132 128 278 219 110 84 213 156 260 100 117 134 331 96 216 109 234 194 266 48 64 154 374 207 241 176 261 292 237 139 179 128 50 260 229 96 342 329 158 64 183 300 278 122 322 295 84 272 149 236 224 26 272 342 137 216 354 83 248 296 328 38 321 271 121 344 277 97 368 304 318 218 306 170 357 193 152 314 249 219 37 96 90 177 137 84 185 129 134 62 91 295 330 367 187 263 329 228 154 332 71 293 223 115 239 217 146
 302 200 282 207 122 48 164 42 1 155 141 225 146 258 217 157 153 57 206 269 83 181 132 289 319 243 64 111 249 146 130 64 187 241 106 231 20 186 158 78 27 323 117 107 178 237 178 73 83 104 289 259 410 123 137 258 206 81 124 224 118 221 91 105 124 320 56 180 128 201 169 230 80 33 142 364 188 268 157 282 321 202 176 139 102 32 221 242 115 317 308 150 82 197 271 270 108 292 271 73 246 145 220 231 65 287 319 97 243 342 113 230 279 301 74 280 235 105 324 301 137 353 268 278 245 269 195 349 208 133 281 260 212 69 67 95 136 145 43 155 167 94 89 132 263 323 358 150 253 328 256 149 310 105 268 223 121 201 238 110
 360 73 274 215 42 160 308 118 155 1 35 166 22 121 359 149 266 109 82 404 113 146 136 372 338 112 154 171 343 104 165 174 292 162 160 376 174 238 243 90 177 382 207 82 312 370 323 84 138 74 264 205 433 170 123 315 244 226 43 171 253 352 204 166 173 336 209 302 169 312 251 352 117 180 190 373 247 144 225 183 190 321 23 292 201 166 359 178 88 389 365 185 97 139 362 279 175 387 344 149 326 168 265 193 103 211 384 250 124 360 58 283 324 381 82 425 355 177 374 188 32 383 387 419 126 391 95 353 145 207 388 201 226 88 183 120 285 131 194 258 13 242 132 49 363 326 368 279 273 308 132 173 372 112 341 211 198 335 144 263
 326 63 241 181 54 137 284 108 141 35 1 138 14 120 334 115 237 105 71 377 118 113 102 339 305 106 128 139 311 70 132 172 261 137 169 352 160 204 211 91 165 348 177 93 286 342 300 73 109 84 233 177 400 137 89 281 210 217 57 141 228 325 203 135 140 303 193 274 181 281 219 323 121 169 157 340 214 135 192 165 186 292 44 274 172 157 333 151 55 355 331 152 70 109 329 245 144 355 311 121 293 134 231 162 101 188 350 232 112 327 31 249 290 348 72 400 326 146 340 175 54 349 357 393 114 362 73 320 116 175 356 174 192 73 158 89 263 97 177 228 44 221 138 70 331 293 335 252 239 277 123 139 338 124 307 178 205 308 123 250
 239 110 117 91 190 192 306 212 225 166 138 1 148 127 344 76 231 218 103 369 243 47 97 274 190 111 173 142 263 84 117 279 238 30 293 365 240 148 185 214 251 258 177 226 293 336 322 187 147 216 101 40 281 129 89 202 136 303 194 8 252 319 310 143 130 187 259 266 309 259 186 305 244 257 129 216 159 107 160 75 147 277 159 322 184 253 336 18 118 277 243 116 149 31 274 132 149 300 242 162 234 103 155 35 219 63 266 286 90 209 142 174 199 278 185 406 305 153 245 105 191 238 328 392 91 337 76 195 22 160 313 38 102 179 197 131 299 82 241 214 170 265 262 207 284 170 212 258 137 144 101 104 252 254 237 68 325 309 52 321
 339 64 254 194 47 146 294 111 146 22 14 148 1 119 344 128 249 106 73 387 115 126 115 352 318 107 138 151 324 83 145 172 273 146 165 361 165 217 223 90 170 361 189 88 297 353 309 76 120 79 245 187 413 150 103 294 223 220 50 152 238 336 204 147 153 316 199 285 176 293 232 334 119 173 170 353 227 137 205 171 186 303 33 281 183 160 343 161 68 369 345 165 80 121 342 258 156 367 324 132 306 148 244 174 101 196 363 239 115 340 40 262 303 361 75 410 338 158 353 179 44 362 369 403 117 374 80 333 127 187 369 184 205 78 168 101 272 110 183 240 31 229 135 61 344 306 347 262 252 289 125 153 351 119 320 191 202 318 130 255
 364 59 241 213 161 245 387 227 258 121 120 127 119 1 433 168 326 223 54 468 232 144 174 394 315 19 232 224 378 135 205 290 341 103 280 452 277 261 287 207 283 384 265 202 383 433 403 192 207 194 219 152 402 216 158 325 255 335 163 134 330 416 321 222 218 311 307 363 289 362 292 408 236 287 227 337 273 33 263 91 70 378 100 386 265 276 428 127 152 401 368 216 180 120 392 258 231 418 363 222 352 198 276 161 219 134 391 344 38 333 146 295 324 400 190 498 409 234 371 78 152 363 437 488 37 444 76 315 116 254 427 144 225 191 262 185 371 159 290 312 115 330 251 169 399 292 333 347 263 259 30 202 377 233 358 194 318 402 77 366
 237 379 321 268 333 200 54 257 217 359 334 344 344 433 1 274 114 273 382 58 297 303 262 185 306 415 207 211 144 299 232 249 117 371 303 22 202 209 162 295 208 247 171 323 52 42 42 282 229 320 346 359 363 221 277 217 231 196 336 339 107 43 249 213 219 311 167 82 322 102 164 71 294 210 216 351 199 431 187 417 481 81 376 102 169 227 18 359 286 220 241 229 265 329 160 294 204 161 193 215 172 244 225 327 282 399 234 130 406 323 305 216 245 197 283 67 78 201 262 446 348 311 96 62 408 88 359 348 339 186 131 365 263 275 177 251 85 277 175 132 371 125 298 346 139 331 344 88 271 364 420 242 234 319 195 297 295 39 383 156
 213 125 136 68 156 119 233 153 157 149 115 76 128 168 274 1 162 163 123 303 191 31 26 233 192 150 100 67 212 47 43 215 175 100 239 294 170 96 120 165 182 235 105 183 223 269 249 135 75 174 137 104 288 55 29 169 97 232 161 73 178 252 245 68 56 191 186 199 257 196 124 242 192 188 60 231 107 160 96 146 209 212 152 247 110 187 267 92 69 245 218 49 91 56 227 134 74 253 202 89 188 32 118 75 165 138 238 211 136 215 103 137 176 240 133 338 243 78 226 174 163 236 269 325 138 277 95 212 66 89 260 106 78 125 123 64 225 20 168 147 157 190 210 175 233 184 225 187 125 178 150 35 225 207 198 72 267 240 110 247
 170 275 217 157 248 116 84 186 153 266 237 231 249 326 114 162 1 203 276 143 233 191 153 143 218 307 115 103 99 192 122 206 36 259 256 135 146 99 51 221 157 188 62 249 64 109 97 200 130 244 239 246 293 111 169 135 124 177 252 226 52 91 221 106 109 221 125 38 278 50 55 87 230 162 104 265 92 321 75 305 370 56 280 125 66 176 106 246 185 174 176 117 171 217 122 192 97 140 131 118 104 132 123 214 210 287 180 114 296 239 210 120 162 155 200 177 90 94 196 334 262 236 122 164 298 126 251 257 227 74 130 252 153 190 91 150 93 168 120 20 278 90 240 265 112 236 258 32 169 262 310 130 174 255 130 185 263 79 271 159
 339 166 296 223 71 88 220 18 57 109 105 218 106 223 273 163 203 1 174 324 33 179 138 334 344 210 96 137 295 136 150 68 235 228 77 287 73 217 199 23 73 361 157 50 233 292 234 34 101 48 298 256 438 146 137 294 233 118 72 220 173 276 100 132 148 344 110 233 96 251 210 283 32 74 168 387 222 239 192 263 290 254 131 193 145 58 277 235 102 358 345 172 73 189 317 290 138 339 312 100 288 162 251 232 9 277 358 151 215 367 83 263 311 345 36 336 288 136 359 277 86 382 321 334 217 323 171 370 199 168 331 255 231 41 113 101 192 146 99 202 120 150 49 78 312 342 380 204 276 339 226 167 348 54 309 233 108 256 219 157
 329 11 219 177 119 192 335 177 206 82 71 103 73 54 382 123 276 174 1 418 187 104 124 354 290 38 179 174 334 85 157 241 294 89 237 401 225 218 240 161 232 350 215 160 332 384 351 142 154 151 202 137 382 167 109 288 216 284 121 109 278 366 273 171 169 287 255 313 248 315 245 359 190 236 180 318 229 66 217 103 117 329 66 333 214 225 378 110 99 364 334 170 128 85 349 231 180 375 323 170 310 152 237 135 171 134 355 291 43 310 95 256 290 360 140 447 361 183 339 107 113 338 389 437 45 396 31 297 85 205 382 131 189 140 210 133 318 111 238 263 80 277 207 130 355 271 314 296 231 245 53 156 342 191 319 163 274 351 66 314
 221 417 328 286 381 246 108 308 269 404 377 369 387 468 58 303 143 324 418 1 350 331 295 163 300 450 250 245 132 334 264 304 132 397 358 58 255 225 185 345 261 227 204 374 93 35 98 330 269 370 356 378 342 253 311 213 244 252 384 363 153 53 305 248 251 305 221 106 378 112 183 66 347 264 244 341 214 462 210 442 511 93 419 159 206 281 49 382 326 195 224 256 308 358 141 299 239 132 180 256 165 273 233 347 332 419 212 186 438 313 348 220 239 173 331 52 68 236 245 473 396 295 63 30 440 51 393 341 366 215 100 384 278 322 222 290 141 310 227 158 415 177 351 395 119 328 334 126 276 366 452 270 215 371 183 314 352 70 411 213
 371 178 326 254 72 120 244 49 83 113 118 243 115 232 297 191 233 33 187 350 1 205 167 365 375 221 128 170 327 161 181 67 266 249 52 310 96 249 231 29 92 393 189 35 259 319 257 58 133 40 326 281 470 178 165 326 265 126 72 244 200 303 94 164 180 375 131 262 68 281 242 311 5 91 200 418 254 251 224 281 301 283 135 211 176 73 302 258 127 390 377 203 101 213 349 321 170 370 344 132 320 193 283 259 28 299 391 171 229 399 103 296 344 376 60 359 317 169 391 292 84 414 350 358 231 351 189 400 222 200 362 279 262 68 143 131 214 174 124 233 121 174 21 70 343 373 411 232 307 368 239 198 380 23 341 262 88 282 238 169
 226 108 129 74 161 146 263 171 181 146 113 47 126 144 303 31 191 179 104 331 205 1 51 252 194 126 127 97 235 47 73 236 202 70 255 324 195 118 148 178 206 247 134 193 252 298 279 149 101 183 123 79 289 85 45 185 113 258 165 45 208 281 267 98 86 192 213 227 272 223 151 269 207 212 89 228 129 133 123 116 180 240 144 277 140 209 296 64 79 261 231 76 108 27 248 134 104 275 221 116 209 61 134 54 180 109 252 240 110 215 109 153 187 258 147 367 270 108 237 144 165 240 295 354 112 304 74 208 37 119 284 80 86 140 152 86 255 37 196 175 152 220 225 179 256 181 222 217 131 167 124 63 239 219 216 66 285 269 81 275
 225 124 159 88 137 95 219 128 132 136 102 97 115 174 262 26 153 138 124 295 167 51 1 239 212 155 77 52 214 41 34 190 170 118 214 282 145 103 117 141 157 247 93 162 211 261 234 111 51 153 162 128 308 43 17 180 110 208 142 95 162 243 220 51 46 211 163 190 233 191 123 236 168 163 58 252 113 170 95 163 221 205 142 228 95 161 256 114 50 255 231 51 67 73 231 155 59 256 210 66 193 33 131 100 141 160 249 190 145 235 84 148 191 247 110 327 238 63 241 189 146 254 266 316 147 273 99 234 84 82 261 130 98 101 102 39 207 17 145 139 145 171 185 157 234 207 246 175 144 203 159 39 237 184 206 96 242 230 124 224
 61 357 194 183 365 247 196 317 289 372 339 274 352 394 185 233 143 334 354 163 365 252 239 1 145 377 239 206 47 277 208 347 108 302 395 201 286 138 136 348 297 65 178 376 163 148 200 323 242 369 224 267 181 204 253 74 140 318 370 267 192 143 362 211 201 151 267 133 416 102 126 115 364 303 183 182 127 379 149 342 419 116 380 252 190 315 168 281 285 36 63 189 285 275 26 164 203 35 33 238 47 207 120 243 341 308 50 252 359 155 317 101 90 14 323 214 107 202 83 374 377 133 101 192 360 113 325 185 280 170 65 275 172 312 224 256 221 248 261 136 382 230 376 384 47 177 176 161 147 222 371 202 53 387 38 207 404 155 324 295
 86 296 76 126 348 273 297 331 319 338 305 190 318 315 306 192 218 344 290 300 375 194 212 145 1 300 256 210 169 236 195 382 196 213 418 326 324 136 178 351 337 94 210 373 269 277 307 321 244 364 103 166 97 200 220 90 114 376 352 183 266 266 407 216 198 7 321 232 438 206 168 241 375 344 178 48 137 291 167 240 318 227 337 343 225 350 291 189 260 127 87 174 277 207 162 61 212 180 121 249 137 184 102 156 348 198 109 325 278 24 294 100 63 141 320 350 235 215 74 272 355 49 240 329 279 252 261 42 206 190 208 174 116 310 259 246 310 211 309 201 345 300 391 367 183 35 41 248 69 83 287 179 98 394 118 129 439 270 239 370
 347 45 226 196 151 228 369 213 243 112 106 111 107 19 415 150 307 210 38 450 221 126 155 377 300 1 215 206 360 117 187 277 323 89 270 434 261 243 269 195 268 367 247 192 365 415 385 178 189 184 206 138 389 197 140 308 238 321 153 118 312 398 309 204 200 297 291 344 280 344 273 390 224 273 209 323 254 33 245 84 81 359 92 369 247 262 410 112 135 384 352 198 164 102 374 242 212 400 345 205 334 180 258 145 206 124 374 327 24 318 132 278 307 382 177 480 391 216 354 79 143 348 418 470 24 426 58 302 99 236 409 131 207 177 245 167 353 141 274 293 107 313 241 161 381 278 319 329 246 246 23 183 360 223 341 177 308 384 63 351
 244 176 219 144 135 20 158 80 64 154 128 173 138 232 207 100 115 96 179 250 128 127 77 239 256 215 1 47 202 103 68 127 144 193 164 225 73 124 104 111 86 266 62 139 159 216 173 87 28 132 228 203 348 60 87 199 144 134 139 171 101 199 154 42 61 257 87 149 185 162 115 200 127 92 79 301 128 235 97 237 288 169 170 156 51 95 206 190 82 263 250 86 59 148 223 207 45 246 216 12 193 84 159 173 103 235 263 116 209 280 99 170 218 250 87 273 204 43 265 261 149 291 236 266 212 240 161 286 159 73 241 205 149 77 31 49 140 92 69 110 166 99 141 151 220 259 294 125 190 265 223 87 253 150 214 162 184 181 196 148
 204 172 174 99 161 65 168 123 111 171 139 142 151 224 211 67 103 137 174 245 170 97 52 206 210 206 47 1 174 90 26 173 124 166 209 231 118 80 73 148 131 226 42 174 160 211 184 121 39 166 184 167 303 15 67 158 98 177 165 139 112 194 200 7 15 211 126 140 230 144 82 188 169 138 33 255 86 221 58 212 272 157 181 182 44 141 206 158 85 226 209 41 80 122 193 161 8 218 180 40 159 42 114 135 143 203 224 147 196 234 114 127 175 215 120 276 190 12 223 239 173 246 220 265 198 226 149 240 132 37 218 170 103 110 60 52 158 68 110 91 181 125 184 179 193 213 248 124 144 220 210 44 213 190 177 119 230 179 174 185
 94 336 202 174 333 208 150 279 249 343 311 263 324 378 144 212 99 295 334 132 327 235 214 47 169 360 202 174 1 253 181 304 64 293 353 161 243 118 102 311 255 105 141 340 118 110 155 288 209 333 231 264 220 175 229 83 129 272 337 257 146 102 318 179 172 174 222 86 374 56 93 74 325 260 157 211 107 366 120 335 409 71 353 206 152 273 127 273 257 81 98 165 252 260 24 172 170 45 51 202 35 184 113 236 303 305 93 206 344 183 287 96 108 60 288 181 68 169 119 367 345 168 74 161 346 86 306 211 267 138 51 271 164 277 184 225 174 225 218 95 354 184 336 350 22 198 205 115 151 237 357 179 92 349 53 201 361 111 311 249
 259 84 174 112 115 119 254 130 146 104 70 84 83 135 299 47 192 136 85 334 161 47 41 277 236 117 103 90 253 1 74 196 210 96 211 319 162 140 156 132 172 281 131 147 249 300 270 104 76 137 169 121 331 83 25 215 143 225 119 85 197 283 228 88 86 234 186 229 227 231 163 276 162 178 98 272 151 134 134 137 186 245 106 258 131 172 295 100 35 290 264 89 67 54 269 177 97 295 247 92 231 71 164 100 136 144 284 218 108 258 63 183 222 284 102 365 277 100 272 159 120 280 306 354 110 313 60 253 65 122 300 120 123 96 132 56 240 30 168 179 111 201 180 134 274 225 266 213 170 213 122 75 271 174 243 110 242 268 95 248
 199 157 153 77 162 87 192 136 130 165 132 117 145 205 232 43 122 150 157 264 181 73 34 208 195 187 68 26 181 74 1 192 137 142 224 253 140 74 84 157 153 221 63 181 181 229 207 128 50 172 161 141 290 13 49 153 86 200 166 113 136 212 220 29 15 195 150 159 244 158 90 204 181 159 26 239 83 200 62 188 250 173 173 207 68 161 226 133 78 225 204 23 84 98 199 143 33 224 180 58 162 17 105 110 154 177 221 172 175 219 111 121 166 217 127 297 205 37 216 215 172 234 233 285 177 240 131 222 108 50 228 145 84 117 85 53 183 47 134 107 175 150 197 181 202 195 232 145 128 198 189 20 210 200 177 95 247 199 151 210
 363 233 344 269 134 110 197 68 64 174 172 279 172 290 249 215 206 68 241 304 67 236 190 347 382 277 127 173 304 196 192 1 241 291 55 259 62 248 218 85 50 384 178 101 218 276 208 100 144 104 350 314 473 185 193 320 269 63 134 279 164 262 33 168 187 383 86 229 75 253 230 275 63 45 205 427 251 306 219 328 357 250 197 155 163 34 256 295 163 375 369 212 130 249 327 333 171 346 330 135 304 207 283 288 72 339 379 120 282 405 149 292 341 359 102 306 281 168 386 343 148 415 314 308 284 313 237 412 260 195 332 314 274 104 127 152 165 201 87 212 184 130 56 136 317 385 420 197 316 389 293 211 370 81 328 283 59 240 284 107
 140 293 205 156 277 148 103 218 187 292 261 238 273 341 117 175 36 235 294 132 266 202 170 108 196 323 144 124 64 210 137 241 1 266 291 138 181 95 55 252 192 156 86 281 74 100 112 230 155 275 231 247 265 128 186 108 115 211 281 232 85 84 256 128 126 199 160 38 312 22 53 68 264 197 115 242 84 334 80 311 381 40 304 153 94 210 104 251 208 140 145 127 198 228 87 178 118 106 98 146 72 144 109 216 243 289 147 146 310 215 235 101 136 120 230 173 69 117 165 342 290 208 97 157 312 104 267 236 236 89 98 254 149 220 124 174 120 183 155 35 303 123 274 294 78 217 235 57 155 248 324 141 142 288 98 184 298 79 281 191
 266 97 139 120 190 211 332 224 241 162 137 30 146 103 371 100 259 228 89 397 249 70 118 302 213 89 193 166 293 96 142 291 266 1 300 392 257 177 213 221 267 285 203 229 320 364 347 195 166 219 118 51 301 154 107 231 165 320 194 37 277 347 322 166 155 210 278 294 315 287 215 334 251 273 156 236 188 80 188 47 118 305 150 345 209 267 363 25 129 305 270 143 162 46 303 157 173 329 270 182 263 129 184 61 227 51 293 308 66 231 147 203 226 306 193 434 334 177 271 77 189 262 357 420 67 366 68 214 35 186 342 44 131 189 219 148 323 103 261 242 163 288 269 206 313 190 232 285 164 160 75 130 280 258 266 97 334 336 27 340
 407 228 372 299 120 151 251 88 106 160 169 293 165 280 303 239 256 77 237 358 52 255 214 395 418 270 164 209 353 211 224 55 291 300 1 313 111 287 263 80 101 428 221 80 272 329 262 107 175 87 374 331 511 219 213 362 306 113 119 294 216 316 65 203 221 418 139 281 22 304 274 328 50 97 241 461 291 301 260 332 349 302 182 208 207 82 310 309 177 422 412 245 149 263 376 365 208 396 376 170 351 237 322 308 75 350 424 174 279 441 154 333 382 406 109 360 334 206 428 342 130 454 367 362 281 367 239 445 273 236 383 330 306 116 172 177 219 222 138 260 168 184 32 114 367 417 455 250 350 416 289 241 415 50 373 309 39 294 289 158
 255 398 342 289 349 217 69 272 231 376 352 365 361 452 22 294 135 287 401 58 310 324 282 201 326 434 225 231 161 319 253 259 138 392 313 1 215 230 183 309 220 264 191 337 72 54 54 298 248 334 367 380 380 241 297 237 252 203 352 360 125 61 256 232 239 330 180 103 331 123 185 88 306 221 237 370 220 451 208 438 501 101 393 107 188 239 36 379 305 236 258 250 283 350 177 315 224 175 211 233 191 264 246 348 295 420 250 140 425 342 322 236 265 213 299 50 95 220 280 467 364 329 108 51 427 98 378 367 359 206 145 386 284 291 195 270 97 297 189 153 388 138 309 361 155 351 363 108 292 384 439 263 251 331 213 318 302 60 403 161
 302 218 291 216 140 54 149 60 20 174 160 240 165 277 202 170 146 73 225 255 96 195 145 286 324 261 73 118 243 162 140 62 181 257 111 215 1 190 158 95 14 323 118 122 165 224 162 92 96 121 300 272 414 131 152 259 212 64 142 239 107 209 83 114 132 326 38 171 132 194 169 219 93 21 149 370 191 287 159 299 339 193 195 121 103 31 207 257 132 314 308 158 99 213 266 278 115 286 269 83 243 156 224 244 82 302 318 79 261 347 132 233 281 298 93 264 225 111 325 318 156 356 258 263 263 259 213 356 224 136 273 274 220 88 67 110 120 159 29 151 186 79 98 150 257 330 363 140 259 337 274 159 309 118 267 234 120 188 255 91
 125 220 119 62 235 139 182 202 186 238 204 148 217 261 209 96 99 217 218 225 249 118 103 138 136 243 124 80 118 140 74 248 95 177 287 230 190 1 50 227 203 148 75 252 161 193 195 199 117 244 140 154 225 73 117 80 26 241 240 141 139 177 272 86 71 137 187 128 308 114 46 161 248 209 51 183 13 249 33 220 293 134 244 217 90 216 197 159 151 152 131 53 157 143 132 97 81 158 108 119 93 71 36 123 222 195 148 194 227 159 184 48 96 145 198 267 159 82 144 252 246 168 182 250 228 191 189 170 150 55 168 161 56 188 124 126 187 111 174 80 247 169 263 254 139 146 175 130 75 165 240 66 136 269 104 91 306 171 194 238
 146 240 168 108 232 113 133 182 158 243 211 185 223 287 162 120 51 199 240 185 231 148 117 136 178 269 104 73 102 156 84 218 55 213 263 183 158 50 1 213 170 166 43 241 113 152 146 188 108 234 190 198 261 75 132 103 75 202 236 180 91 135 239 78 73 180 147 83 284 76 12 123 229 176 61 225 44 279 26 259 327 93 253 169 57 186 152 199 157 161 151 73 151 174 122 145 69 146 114 103 91 90 78 166 206 238 162 148 255 199 186 80 127 147 188 223 123 68 169 289 244 202 151 208 257 158 213 215 182 37 146 203 103 178 93 124 138 129 137 31 253 123 242 250 121 192 218 81 122 214 269 87 153 252 112 136 277 126 227 193
 351 152 299 228 51 105 242 38 78 90 91 214 90 207 295 165 221 23 161 345 29 178 141 348 351 195 111 148 311 132 157 85 252 221 80 309 95 227 213 1 95 373 172 30 253 312 255 31 111 27 299 252 446 155 138 305 242 139 52 216 193 296 115 142 158 350 132 252 96 269 224 302 32 96 178 392 233 225 204 254 275 273 113 215 160 80 298 230 99 372 357 179 75 184 333 295 149 356 325 112 303 168 260 231 15 271 371 173 202 374 74 274 321 359 32 358 307 148 370 265 65 390 340 355 204 342 161 374 194 181 349 251 237 41 130 106 214 147 121 219 100 171 50 56 328 347 386 224 283 341 213 173 360 44 322 235 115 276 210 178
 315 225 304 229 142 67 155 61 27 177 165 251 170 283 208 182 157 73 232 261 92 206 157 297 337 268 86 131 255 172 153 50 192 267 101 220 14 203 170 95 1 335 131 120 172 231 167 95 108 120 313 284 427 144 163 272 225 54 144 250 116 217 70 127 145 339 41 181 122 204 182 228 88 8 162 383 204 294 172 308 347 202 199 121 116 21 213 268 141 326 321 171 108 223 277 291 128 296 281 96 255 168 237 255 81 313 330 81 269 360 138 245 294 309 97 268 234 124 338 327 157 369 267 268 271 267 221 369 234 149 283 285 233 93 80 121 124 170 38 163 189 85 91 150 268 343 376 149 273 350 282 172 321 112 279 246 108 195 265 86
 23 354 158 174 382 278 253 345 323 382 348 258 361 384 247 235 188 361 350 227 393 247 247 65 94 367 266 226 105 281 221 384 156 285 428 264 323 148 166 373 335 1 208 399 221 212 259 345 263 391 189 243 117 220 259 69 139 363 386 251 239 205 403 231 217 100 309 187 449 157 155 177 392 341 197 122 141 364 170 319 398 174 386 307 222 351 230 262 296 36 17 199 303 267 89 132 225 97 59 262 85 215 118 225 367 280 17 301 347 97 330 101 61 55 344 278 170 226 22 352 392 71 165 256 348 177 320 129 270 194 129 252 162 334 258 272 275 252 301 177 390 277 406 401 111 128 117 212 123 176 358 210 15 414 60 191 442 215 309 346
 187 213 188 117 193 71 130 140 117 207 177 177 189 265 171 105 62 157 215 204 189 134 93 178 210 247 62 42 141 131 63 178 86 203 221 191 118 75 43 172 131 208 1 200 120 170 145 148 71 193 204 198 297 51 108 143 99 167 197 173 76 152 200 45 49 212 112 99 243 105 54 147 187 137 51 257 75 261 44 249 312 116 220 151 16 145 165 193 124 203 192 64 113 160 162 169 35 186 156 62 132 75 109 165 164 236 204 122 236 233 150 116 165 189 147 235 150 33 209 277 206 239 181 224 238 186 190 244 170 23 182 202 117 137 52 89 125 108 100 52 218 98 200 210 159 219 250 84 148 235 250 75 194 211 154 142 236 138 213 165
 376 150 318 249 42 134 270 67 107 82 93 226 88 202 323 183 249 50 160 374 35 193 162 376 373 192 139 174 340 147 181 101 281 229 80 337 122 252 241 30 120 399 200 1 282 341 283 54 136 10 315 264 468 180 156 331 266 160 40 228 222 325 128 168 183 372 159 281 89 298 251 331 40 121 203 413 259 223 230 257 271 302 103 241 189 103 326 240 116 399 382 203 98 196 361 316 176 384 352 139 330 190 285 245 42 279 397 200 202 396 85 299 346 386 55 386 336 175 395 265 51 413 369 383 204 371 165 394 205 207 378 262 258 65 159 129 241 165 149 247 89 199 52 36 357 367 407 253 305 358 211 195 386 32 349 254 118 305 215 201
 207 330 276 220 289 154 33 216 178 312 286 293 297 383 52 223 64 233 332 93 259 252 211 163 269 365 159 160 118 249 181 218 74 320 272 72 165 161 113 253 172 221 120 282 1 60 40 238 180 278 300 309 334 170 226 180 184 172 292 289 61 45 224 162 168 272 133 37 292 66 116 61 256 176 165 315 152 380 137 366 430 48 328 92 119 192 48 308 237 198 212 179 218 278 139 250 153 148 164 166 139 193 180 277 241 349 209 103 355 287 257 173 209 176 239 117 68 150 233 395 304 279 99 108 357 97 308 309 288 135 124 315 215 230 130 202 62 227 137 82 324 89 262 303 121 290 307 37 227 320 369 191 207 281 164 248 269 24 332 140
 203 382 300 254 347 212 81 276 237 370 342 336 353 433 42 269 109 292 384 35 319 298 261 148 277 415 216 211 110 300 229 276 100 364 329 54 224 193 152 312 231 212 170 341 60 1 74 297 235 338 327 346 327 219 276 189 213 227 351 330 121 18 279 214 216 282 191 72 349 80 151 38 315 234 210 320 183 428 177 409 477 60 385 137 172 251 25 349 291 182 206 223 274 324 124 271 204 122 160 222 142 239 204 315 300 387 197 158 404 292 314 192 216 159 297 75 43 201 227 439 362 277 56 58 406 48 359 319 333 181 91 352 247 288 188 256 114 276 196 124 381 147 321 362 102 304 313 92 249 340 418 236 199 340 162 283 325 37 378 190
 246 348 312 252 296 164 17 218 178 323 300 322 309 403 42 249 97 234 351 98 257 279 234 200 307 385 173 184 155 270 207 208 112 347 262 54 162 195 146 255 167 259 145 283 40 74 1 244 197 281 335 340 372 195 249 219 219 155 298 317 74 66 208 184 193 311 127 76 281 104 151 91 254 169 194 353 187 403 170 393 454 86 341 63 141 187 52 337 254 235 250 207 230 304 175 287 176 181 202 182 178 220 217 307 242 379 247 89 377 325 270 211 247 213 245 104 99 173 271 421 311 317 125 102 379 119 329 347 314 163 155 345 249 238 143 219 44 250 135 116 335 85 257 308 156 328 346 66 263 356 391 219 245 278 203 280 255 48 357 117
 323 135 269 198 52 86 230 36 73 84 73 187 76 192 282 135 200 34 142 330 58 149 111 323 321 178 87 121 288 104 128 100 230 195 107 298 92 199 188 31 95 345 148 54 238 297 244 1 83 47 269 224 416 127 108 278 213 145 55 188 178 280 132 115 129 321 127 233 124 248 199 284 59 98 150 362 206 207 177 230 258 254 105 210 137 85 284 203 70 346 329 150 46 157 309 265 122 332 299 87 277 138 232 202 33 245 344 168 182 344 50 246 293 334 3 347 288 122 342 244 67 361 321 343 185 324 138 345 167 154 327 223 207 12 111 77 205 117 113 196 95 162 77 66 306 317 356 207 253 311 194 143 333 74 296 206 140 261 186 180
 241 151 201 126 124 46 182 87 83 138 109 147 120 207 229 75 130 101 154 269 133 101 51 242 244 189 28 39 209 76 50 144 155 166 175 248 96 117 108 111 108 263 71 136 180 235 197 83 1 129 207 178 338 46 60 196 133 158 129 145 124 218 172 33 48 244 113 166 195 175 118 215 133 114 68 288 124 209 95 210 261 185 151 183 65 114 227 164 58 264 247 72 44 121 229 192 41 253 217 17 196 64 151 149 106 209 262 143 183 268 81 164 212 252 82 295 219 41 260 234 137 282 250 287 185 255 134 271 132 73 252 180 133 72 57 23 165 66 96 122 149 126 148 142 228 244 281 145 177 246 197 68 251 153 214 141 198 201 169 175
 369 142 309 240 34 129 267 64 104 74 84 216 79 194 320 174 244 48 151 370 40 183 153 369 364 184 132 166 333 137 172 104 275 219 87 334 121 244 234 27 120 391 193 10 278 338 281 47 129 1 306 255 459 172 147 323 258 162 33 219 218 321 133 161 175 363 158 276 98 292 245 327 44 121 195 404 251 215 223 249 263 297 97 240 182 104 323 231 106 392 374 195 89 186 354 307 168 378 345 132 323 182 277 236 40 270 390 199 194 387 76 291 338 379 47 383 331 168 387 257 45 405 364 381 195 367 156 385 195 200 372 253 249 58 154 121 239 156 146 241 83 197 58 32 351 358 398 248 296 349 203 187 379 41 342 244 125 301 206 202
 174 210 32 88 283 247 322 288 289 264 233 101 245 219 346 137 239 298 202 356 326 123 162 224 103 206 228 184 231 169 161 350 231 118 374 367 300 140 190 299 313 189 204 315 300 327 335 269 207 306 1 68 185 171 162 152 117 360 287 95 276 312 379 188 170 98 309 266 392 248 185 291 327 319 157 119 149 193 168 139 216 269 258 354 216 320 334 95 201 216 177 146 226 126 233 61 190 256 193 218 197 145 124 72 300 96 200 325 183 117 231 137 136 224 268 401 288 193 171 170 286 150 303 383 183 314 176 97 121 182 278 76 88 260 243 200 325 153 293 220 268 301 345 301 250 75 115 270 81 45 190 142 188 341 189 67 402 309 144 366
 226 145 91 93 228 222 325 249 259 205 177 40 187 152 359 104 246 256 137 378 281 79 128 267 166 138 203 167 264 121 141 314 247 51 331 380 272 154 198 252 284 243 198 264 309 346 340 224 178 255 68 1 252 153 123 194 137 335 232 37 273 330 345 169 154 162 289 279 347 267 197 313 282 290 148 186 165 126 173 77 155 287 196 347 206 287 349 28 155 266 229 134 185 69 271 113 173 296 235 192 232 126 152 33 256 43 253 313 116 183 180 170 185 270 222 419 312 178 228 109 230 214 333 403 116 343 113 164 61 178 314 9 101 216 225 164 321 115 271 228 208 290 300 246 284 141 182 275 123 110 123 125 239 293 231 65 362 322 77 349
 128 389 165 221 443 364 365 424 410 433 400 281 413 402 363 288 293 438 382 342 470 289 308 181 97 389 348 303 220 331 290 473 265 301 511 380 414 225 261 446 427 117 297 468 334 327 372 416 338 459 185 252 1 293 316 160 206 461 448 274 344 321 496 309 291 98 407 299 532 269 250 293 469 433 271 67 224 376 255 321 396 288 432 416 312 440 346 277 356 148 123 268 372 300 204 156 304 211 172 342 195 279 191 248 443 277 131 405 366 74 390 183 135 170 415 393 286 307 102 350 450 59 280 371 367 292 354 89 298 279 243 259 211 405 348 341 384 307 396 278 440 380 485 462 226 112 70 320 164 148 374 274 130 489 171 224 531 330 327 450
 198 166 161 86 164 78 180 132 123 170 137 129 150 216 221 55 111 146 167 253 178 85 43 204 200 197 60 15 175 83 13 185 128 154 219 241 131 73 75 155 144 220 51 180 170 219 195 127 46 172 171 153 293 1 59 152 88 190 168 125 124 201 212 19 4 200 140 148 239 149 83 194 177 151 24 244 81 211 56 200 261 163 179 195 56 154 215 145 83 223 204 28 84 110 193 149 21 218 177 51 157 28 106 121 151 189 220 161 186 223 114 120 167 213 126 285 196 26 216 227 175 237 225 274 188 231 141 228 120 40 221 157 90 116 74 54 171 58 123 97 180 139 193 182 195 201 237 134 133 207 200 30 208 197 173 105 241 188 163 199
 238 109 163 95 129 105 233 128 137 123 89 89 103 158 277 29 169 137 109 311 165 45 17 253 220 140 87 67 229 25 49 193 186 107 213 297 152 117 132 138 163 259 108 156 226 276 249 108 60 147 162 123 316 59 1 193 122 215 133 88 176 259 223 65 61 219 172 206 231 207 138 252 166 169 73 258 127 155 110 152 207 221 128 240 109 166 272 106 42 268 243 65 65 62 245 162 74 271 224 76 208 47 143 97 139 151 262 202 130 243 75 161 202 261 106 342 253 77 252 176 136 263 282 331 132 289 83 240 74 98 276 124 106 98 114 43 220 10 154 155 132 183 183 148 249 212 252 190 153 204 144 52 249 180 220 99 242 245 111 234
 47 291 122 113 314 212 210 278 258 315 281 202 294 325 217 169 135 294 288 213 326 185 180 74 90 308 199 158 83 215 153 320 108 231 362 237 259 80 103 305 272 69 143 331 180 189 219 278 196 323 152 194 160 152 193 1 73 303 319 195 185 177 341 164 149 94 249 144 383 117 92 152 325 278 130 135 73 308 103 269 346 138 320 258 157 287 202 209 229 77 52 132 235 207 82 92 157 105 42 195 49 148 52 171 300 234 70 246 289 108 263 34 29 77 277 262 147 158 67 302 324 103 156 242 290 167 258 131 210 127 128 202 101 266 194 204 226 186 239 119 324 221 339 333 100 116 128 163 74 155 301 143 58 347 38 135 378 181 253 291
 117 219 94 46 246 160 207 219 206 244 210 136 223 255 231 97 124 233 216 244 265 113 110 140 114 238 144 98 129 143 86 269 115 165 306 252 212 26 75 242 225 139 99 266 184 213 219 213 133 258 117 137 206 88 122 73 1 265 250 129 164 198 294 104 86 115 210 150 326 134 69 179 265 231 66 160 33 240 58 207 282 154 248 242 114 237 219 146 159 149 122 64 169 136 139 72 100 165 108 137 99 78 22 108 238 178 142 219 220 137 193 41 82 146 212 287 177 102 132 239 255 150 197 270 221 207 186 146 141 78 179 144 36 202 147 138 212 115 197 104 253 194 280 265 150 121 153 155 50 140 232 73 129 285 104 73 326 193 185 262
 344 277 349 274 188 115 147 110 81 226 217 303 220 335 196 232 177 118 284 252 126 258 208 318 376 321 134 177 272 225 200 63 211 320 113 203 64 241 202 139 54 363 167 160 172 227 155 145 158 162 360 335 461 190 215 303 265 1 189 302 127 215 54 173 191 378 56 191 130 218 213 232 122 49 206 423 241 347 209 361 400 211 248 97 152 61 205 320 194 349 349 216 161 276 295 333 172 311 306 145 280 216 275 306 125 365 355 70 322 398 190 280 328 330 147 249 239 168 368 380 203 403 270 253 324 268 274 410 287 188 293 337 278 145 120 173 114 222 69 187 237 89 118 193 283 385 416 160 314 396 335 219 348 143 304 294 101 193 318 46
 364 112 293 227 5 140 284 84 124 43 57 194 50 163 336 161 252 72 121 384 72 165 142 370 352 153 139 165 337 119 166 134 281 194 119 352 142 240 236 52 144 386 197 40 292 351 298 55 129 33 287 232 448 168 133 319 250 189 1 197 232 334 164 160 171 351 179 286 128 300 246 337 75 145 190 390 248 184 222 220 232 306 65 262 188 130 338 207 93 390 370 188 86 164 357 294 168 381 344 136 323 173 270 216 66 244 386 220 163 375 59 286 331 379 54 401 341 169 381 227 14 395 373 397 165 377 129 371 172 201 378 230 238 63 164 115 258 142 166 247 51 215 90 16 355 343 384 260 285 331 172 178 375 71 340 228 157 315 178 228
 232 116 111 85 193 190 302 213 224 171 141 8 152 134 339 73 226 220 109 363 244 45 95 267 183 118 171 139 257 85 113 279 232 37 294 360 239 141 180 216 250 251 173 228 289 330 317 188 145 219 95 37 274 125 88 195 129 302 197 1 248 313 310 140 127 180 257 261 311 253 181 299 246 256 124 210 153 114 154 80 154 271 164 319 180 253 331 21 119 270 236 111 150 33 267 125 146 293 235 160 227 99 148 28 220 66 259 283 97 203 144 167 192 271 186 401 299 150 238 112 195 231 322 387 98 331 82 189 27 155 307 37 96 180 195 130 296 81 240 209 174 262 264 210 278 164 206 254 130 139 108 99 245 256 230 61 326 304 59 318
 221 275 257 190 229 94 58 156 118 253 228 252 238 330 107 178 52 173 278 153 200 208 162 192 266 312 101 112 146 197 136 164 85 277 216 125 107 139 91 193 116 239 76 222 61 121 74 178 124 218 276 273 344 124 176 185 164 127 232 248 1 104 174 112 123 269 79 66 237 92 99 113 197 120 126 314 134 330 109 323 382 88 270 79 69 136 107 268 181 224 227 140 159 233 169 235 105 185 182 109 155 150 168 241 181 311 231 63 304 287 199 167 211 204 178 173 119 101 247 350 244 286 152 166 306 153 256 304 243 97 169 278 189 170 71 146 50 178 79 67 265 39 204 243 157 281 306 35 212 303 318 150 225 222 181 217 218 84 285 108
 195 365 286 238 331 196 70 260 221 352 325 319 336 416 43 252 91 276 366 53 303 281 243 143 266 398 199 194 102 283 212 262 84 347 316 61 209 177 135 296 217 205 152 325 45 18 66 280 218 321 312 330 321 201 259 177 198 215 334 313 104 1 267 196 199 271 177 54 336 65 134 29 300 220 193 310 167 411 160 392 460 44 367 128 154 237 26 332 274 177 199 205 257 307 118 258 187 120 151 205 131 221 190 299 284 371 192 146 386 282 296 178 205 155 281 90 36 184 220 422 345 269 59 75 388 55 341 308 316 164 91 336 232 272 171 238 102 258 181 106 364 133 306 345 97 292 303 75 235 327 400 219 192 325 153 267 313 23 360 180
 383 265 372 296 164 136 199 100 91 204 203 310 204 321 249 245 221 100 273 305 94 267 220 362 407 309 154 200 318 228 220 33 256 322 65 256 83 272 239 115 70 403 200 128 224 279 208 132 172 133 379 345 496 212 223 341 294 54 164 310 174 267 1 195 213 408 97 239 79 265 250 283 90 64 231 453 274 338 242 360 388 260 227 150 185 60 258 327 194 392 389 239 162 281 341 360 196 358 348 163 322 235 307 318 103 371 397 122 314 430 181 315 363 375 134 302 289 193 406 375 177 438 321 306 316 319 269 438 291 218 342 346 302 136 149 182 166 231 103 229 214 138 79 164 330 412 446 208 342 417 325 239 389 104 346 312 47 245 316 97
 209 170 178 103 156 60 169 117 105 166 135 143 147 222 213 68 106 132 171 248 164 98 51 211 216 204 42 7 179 88 29 168 128 166 203 232 114 86 78 142 127 231 45 168 162 214 184 115 33 161 188 169 309 19 65 164 104 173 160 140 112 196 195 1 20 216 122 143 224 148 87 191 163 133 39 260 92 220 63 212 271 160 177 180 45 136 208 159 81 232 215 45 75 122 198 166 10 223 186 34 165 45 120 138 137 204 230 145 194 239 109 133 181 221 114 278 193 13 229 238 168 252 224 267 196 229 147 245 132 42 223 172 108 104 57 47 158 67 106 95 177 123 178 174 198 218 254 126 149 225 208 47 219 184 182 122 224 181 174 182
