NAME : domp260p86v1
COMMENT : (Deleplanque et al.) 
TYPE : DOMP
DIMENSION : 260
DISPLAY_DATA_TYPE: NO_DISPLAY
OPEN_FACILITIES : 86
COST_SECTION
 1 131 291 209 140 51 149 301 142 85 113 13 148 224 196 156 131 174 102 21 236 143 199 113 274 237 198 148 14 67 111 170 130 172 92 169 117 56 237 189 225 191 113 134 134 196 263 108 218 92 118 145 164 171 132 250 111 124 256 176 80 197 222 62 104 133 258 106 138 198 93 138 164 246 187 80 134 177 117 99 115 210 182 177 215 273 230 232 164 94 134 210 182 231 131 141 27 89 25 165 190 244 167 210 203 105 149 183 123 222 50 180 194 177 184 311 154 298 164 194 176 140 162 214 106 223 245 44 64 55 156 151 175 131 129 137 111 63 128 185 69 291 113 250 242 221 146 256 194 115 225 150 204 160 168 142 131 18 158 174 101 25 280 205 188 269 26 104 185 80 184 216 209 203 63 221 171 157 14 104 200 92 113 234 91 122 137 234 99 106 232 310 123 128 147 68 197 137 198 158 219 170 158 192 184 183 136 237 172 171 199 238 180 236 176 110 132 57 244 133 57 171 100 117 203 149 202 188 101 246 189 122 171 293 174 259 139 142 26 159 188 201 37 236 22 76 96 140 206 202 256 251 189 66 160 186 21 259 139 84
 131 1 415 272 108 89 197 326 167 215 213 140 55 352 320 141 180 259 80 139 336 235 115 202 294 107 322 262 134 182 22 115 76 278 203 255 150 184 350 60 289 320 239 262 185 316 301 145 345 135 213 273 294 138 245 328 199 217 385 299 185 258 352 136 114 174 367 229 130 242 39 21 37 291 60 104 264 284 247 204 79 334 94 288 338 399 360 246 205 188 79 258 266 220 248 268 154 188 112 251 317 330 290 262 101 223 187 303 23 335 166 290 213 78 142 436 119 321 200 231 50 215 283 255 94 305 326 88 162 145 129 257 75 218 69 263 241 92 105 285 195 412 239 373 236 343 276 352 73 206 347 278 326 50 295 269 239 141 192 297 224 140 298 331 225 381 136 229 264 56 248 269 80 333 69 335 236 287 128 214 131 220 145 365 153 54 267 303 63 73 347 326 107 99 271 178 327 209 326 285 290 40 245 256 224 249 121 310 295 291 130 320 58 311 231 217 15 84 250 263 163 240 230 84 227 216 299 257 155 322 59 229 244 328 68 340 194 170 151 37 306 72 120 267 110 62 143 114 336 305 336 283 145 196 39 261 150 294 158 62
 291 415 1 239 366 341 373 337 308 213 291 287 438 79 204 354 278 202 389 278 134 203 437 228 336 515 205 157 284 233 394 395 379 277 214 200 373 254 87 469 237 113 222 160 274 224 296 299 78 299 300 148 140 375 174 202 231 215 64 117 289 376 99 326 380 288 94 236 410 276 378 425 442 279 473 361 183 274 198 216 402 82 428 264 77 28 107 332 283 236 421 268 201 369 249 151 276 296 305 202 182 178 212 262 454 192 383 113 411 98 250 140 317 434 389 26 373 340 291 288 462 334 225 283 389 192 195 331 256 273 366 171 433 220 383 155 190 326 356 295 223 20 179 42 368 74 167 144 482 223 70 188 90 449 126 151 273 277 294 119 238 294 342 88 289 78 299 188 341 369 241 258 486 107 349 93 243 149 290 274 423 222 304 109 278 385 183 379 389 394 85 359 402 411 145 283 137 241 178 135 369 451 204 368 284 364 412 376 211 231 422 189 452 210 259 203 412 331 350 164 293 234 197 362 311 245 305 230 350 208 472 193 347 313 464 191 362 304 267 434 237 485 295 304 310 354 355 360 105 141 197 306 393 239 448 216 276 303 315 374
 209 272 239 1 179 245 355 114 109 200 297 216 318 227 307 152 93 53 295 190 109 80 238 100 102 345 309 127 196 153 258 197 206 333 135 59 326 224 154 308 18 220 249 188 88 320 69 128 214 141 306 186 216 169 125 62 101 93 254 171 271 395 249 270 308 99 152 255 342 43 247 290 284 49 325 284 230 336 229 122 306 192 238 331 189 242 263 94 71 118 321 31 48 135 286 181 219 281 202 60 286 75 289 23 262 145 356 157 281 144 166 115 88 251 180 265 177 114 78 57 318 336 294 45 304 52 63 224 147 157 167 103 252 84 212 174 206 191 175 352 175 226 169 209 131 180 227 110 342 99 184 254 174 320 193 183 301 193 85 167 252 230 109 199 61 170 233 163 373 255 26 20 319 232 230 150 40 219 198 281 217 226 128 269 127 223 236 423 284 295 156 132 323 325 162 258 256 74 290 187 409 298 65 388 58 380 338 424 293 306 216 62 282 44 42 119 262 206 111 199 255 39 198 192 78 62 369 24 309 54 316 113 365 96 338 77 344 106 190 273 322 332 183 66 215 222 304 171 234 101 70 71 182 216 311 33 212 72 119 266
 140 108 366 179 1 135 268 220 70 204 251 152 161 318 328 34 94 180 164 132 263 166 72 139 187 168 330 210 133 150 102 33 33 311 160 179 224 192 289 131 195 293 246 236 100 331 197 68 308 70 255 243 271 36 195 238 136 152 352 258 218 324 327 184 192 85 300 242 219 143 100 128 109 189 152 172 256 316 242 154 170 292 64 316 294 357 338 139 109 133 178 159 185 115 269 238 165 226 117 175 318 245 300 164 90 184 261 255 125 274 141 229 108 74 46 390 16 214 102 130 147 271 297 154 177 220 238 116 123 110 23 196 74 148 40 230 227 79 13 324 174 359 208 326 130 293 263 274 171 144 298 276 279 157 263 239 270 138 95 254 237 162 191 292 124 316 160 198 319 121 158 172 141 306 105 277 147 268 129 243 64 221 63 343 90 55 260 365 148 160 287 219 196 192 232 207 312 131 325 253 351 124 170 320 124 312 212 370 305 308 63 234 105 220 138 166 95 90 143 241 194 154 215 29 122 133 340 168 218 231 141 174 302 223 175 252 260 74 144 98 325 157 107 162 127 87 208 8 310 237 247 178 51 197 144 176 158 189 61 134
 51 89 341 245 135 1 134 326 160 133 128 56 98 273 232 160 158 216 53 67 283 186 179 154 296 195 234 197 60 116 70 159 114 192 139 211 92 97 286 148 262 240 151 183 162 228 292 127 267 111 129 195 212 169 181 291 152 167 305 226 98 191 270 53 65 157 307 141 99 227 54 91 125 277 142 41 178 198 161 145 66 260 159 201 265 323 276 251 190 136 84 240 224 241 160 191 68 102 45 207 230 287 202 242 176 154 128 233 77 271 98 229 214 150 179 361 149 322 188 220 130 139 195 242 60 265 287 23 105 91 155 199 147 172 111 187 158 63 125 201 119 341 163 300 255 271 192 302 146 157 275 191 254 111 217 191 153 67 181 224 136 53 302 254 214 318 48 155 188 34 219 249 168 251 32 270 206 205 55 126 186 134 131 281 120 99 181 233 49 56 281 332 79 82 198 90 242 173 238 208 218 127 200 187 211 179 94 238 207 203 185 280 144 276 208 157 94 48 260 182 75 208 148 107 225 184 217 225 84 287 146 170 170 321 124 301 126 161 76 122 218 156 63 261 34 50 74 137 254 249 298 277 184 110 113 225 66 287 154 34
 149 197 373 355 268 134 1 450 288 177 83 140 166 296 197 292 279 315 118 168 361 283 305 256 422 284 198 268 162 204 186 291 245 123 226 309 48 139 347 245 371 262 152 224 282 182 411 253 296 237 74 235 234 302 256 390 256 266 320 273 92 62 281 89 84 280 372 139 79 346 176 186 231 394 225 98 192 129 177 237 122 299 285 138 307 349 280 378 312 238 131 358 323 373 128 235 137 82 164 305 209 379 174 358 297 227 16 287 176 334 191 302 341 272 312 387 282 446 312 342 214 43 161 362 105 362 384 154 210 203 288 281 269 274 241 235 191 194 258 117 188 380 219 337 386 318 208 383 217 258 320 187 301 184 253 234 105 164 305 273 137 127 428 290 336 378 125 216 77 153 331 363 265 269 164 330 318 225 162 100 316 158 258 282 239 227 191 108 135 126 340 458 96 107 251 103 244 283 216 247 95 226 299 61 333 54 89 114 177 161 315 376 253 378 324 245 208 180 390 215 102 317 189 240 350 296 125 333 51 387 237 255 55 441 185 396 13 288 166 234 167 239 182 384 150 182 61 270 270 328 395 400 317 152 197 329 144 408 283 141
 301 326 337 114 220 326 450 1 168 309 401 311 379 337 420 187 172 166 370 283 204 191 252 204 34 371 422 240 289 256 317 222 251 442 242 172 414 327 254 344 108 332 359 301 169 433 46 200 323 216 408 299 329 193 238 136 203 201 362 283 372 495 360 362 391 171 244 363 423 106 312 346 326 66 369 366 343 445 340 229 379 302 261 441 297 344 375 81 139 219 391 98 161 117 395 294 316 382 288 173 400 160 401 100 280 256 448 269 341 247 265 226 115 279 196 361 211 8 139 109 365 437 406 89 381 149 143 304 243 248 200 216 281 190 258 287 317 265 222 461 282 321 281 313 102 287 339 195 388 205 290 367 283 376 306 296 408 288 146 280 360 325 31 309 114 261 326 274 477 326 131 98 349 343 304 255 140 332 289 386 227 334 196 380 211 273 348 527 356 368 259 24 401 400 275 359 369 173 403 300 512 341 177 489 118 481 417 529 405 417 227 149 316 129 130 228 314 281 81 312 353 146 308 243 103 159 478 135 401 130 356 224 466 26 393 148 439 166 287 315 434 372 269 66 302 291 394 213 346 208 141 51 195 322 362 146 309 45 175 340
 142 167 308 109 70 160 288 168 1 179 251 153 216 269 304 49 31 113 204 126 196 105 135 86 137 237 305 157 131 119 155 92 98 303 119 113 250 181 227 199 126 248 227 196 35 310 137 36 257 52 257 201 231 69 143 169 83 96 301 207 219 338 282 200 224 21 235 226 256 76 147 186 176 125 218 201 226 307 216 108 213 239 131 305 239 301 294 92 40 88 225 92 118 92 257 195 162 229 125 110 289 176 278 97 157 142 285 201 179 213 119 169 54 143 82 333 71 163 34 65 211 281 278 89 215 151 168 138 96 92 62 138 144 89 104 187 197 99 66 319 147 299 169 270 102 237 229 206 235 90 241 249 224 216 218 197 264 132 26 203 222 166 143 241 59 252 167 159 325 160 88 104 210 262 137 217 78 230 129 239 118 201 31 300 56 116 231 375 190 202 226 173 234 234 184 206 274 67 295 208 360 190 106 333 58 324 250 378 283 290 117 165 174 151 69 117 156 115 103 204 197 85 185 84 65 66 336 99 238 162 208 123 312 165 234 183 278 5 134 165 307 224 107 104 139 125 230 63 265 172 177 120 86 181 205 108 154 130 10 173
 85 215 213 200 204 133 177 309 179 1 103 78 229 142 127 210 155 152 178 79 186 121 271 108 288 321 129 93 82 61 194 236 203 134 68 146 165 43 172 273 213 108 51 54 155 133 265 150 137 139 113 65 80 229 84 222 108 110 173 101 86 202 138 115 169 162 197 55 199 206 177 221 248 246 271 150 53 137 39 81 191 132 256 133 139 193 146 255 183 95 210 212 160 268 87 63 66 96 105 143 114 208 100 210 280 57 183 113 207 159 64 127 221 255 243 231 217 308 187 208 260 147 101 222 178 194 215 128 85 95 215 109 253 120 204 61 27 137 192 153 33 215 43 172 276 148 63 208 278 106 151 73 130 242 87 63 102 76 183 100 53 83 295 125 204 204 88 42 176 164 180 213 292 120 147 155 170 73 89 85 267 26 156 151 125 200 57 226 180 183 166 323 191 199 76 76 114 139 122 79 212 253 137 195 199 188 201 226 105 113 266 206 262 212 181 82 215 137 270 50 83 165 17 188 225 152 170 178 143 221 273 89 171 295 256 226 165 176 66 242 130 285 104 247 106 158 146 202 123 153 226 260 248 28 244 170 67 265 180 166
 113 213 291 297 251 128 83 401 251 103 1 100 202 213 122 268 234 251 145 126 287 220 304 199 376 315 123 195 122 146 196 279 237 65 163 245 94 75 268 270 311 179 70 145 236 112 359 217 214 202 11 155 152 283 186 323 199 205 238 193 34 100 198 78 118 238 294 57 136 296 181 210 250 340 257 114 110 72 96 176 155 217 285 76 225 267 198 337 266 183 171 305 259 341 48 156 90 27 135 242 130 310 95 304 303 158 94 208 197 256 137 228 300 277 295 304 265 398 268 295 245 46 84 312 137 295 317 140 160 159 268 211 274 214 234 157 112 173 239 75 123 298 144 255 352 237 125 310 256 199 239 105 221 219 172 155 29 120 263 194 56 90 383 208 290 299 91 144 77 159 274 308 290 186 157 251 263 143 125 19 308 80 222 200 197 224 109 128 156 153 261 412 140 151 174 46 162 229 138 167 113 249 236 93 286 86 142 130 99 87 307 308 269 313 272 180 220 163 351 135 58 259 113 226 307 242 91 274 74 322 266 189 69 389 226 327 72 250 118 248 98 272 148 336 125 175 84 251 188 255 328 350 300 82 228 268 98 357 248 152
 13 140 287 216 152 56 140 311 153 78 100 1 153 218 185 169 141 179 103 29 238 148 211 119 284 246 187 148 24 70 119 182 142 159 94 174 111 46 236 198 232 185 102 129 143 184 272 119 213 103 106 140 157 183 132 255 117 129 250 172 68 186 215 55 101 143 258 94 135 207 102 145 174 255 195 79 125 165 108 103 117 206 193 165 211 268 222 242 174 100 136 218 188 242 119 137 16 77 37 170 180 248 156 219 214 104 141 180 130 221 54 181 205 189 196 307 167 308 174 203 183 128 150 223 106 228 250 53 71 64 169 153 186 136 141 133 104 75 141 172 66 288 110 246 254 218 138 258 200 120 222 140 201 165 163 137 119 24 168 170 89 15 290 200 198 268 17 102 173 87 192 224 218 197 73 220 179 150 26 92 212 82 124 227 101 133 128 222 103 108 231 320 121 128 145 56 189 144 188 154 207 178 163 181 194 172 134 226 161 160 211 242 190 242 185 113 141 68 255 127 45 178 94 130 213 157 189 194 93 252 198 125 159 302 179 263 130 153 28 169 176 208 49 245 31 86 90 152 200 204 261 261 201 57 167 192 12 268 150 89
 148 55 438 318 161 98 166 379 216 229 202 153 1 370 318 194 226 299 58 162 373 272 165 239 346 119 320 291 156 209 63 169 130 265 233 295 122 192 381 82 335 336 243 281 231 311 352 191 364 178 199 292 308 193 274 371 237 254 402 323 179 226 366 129 87 221 400 231 90 291 72 35 76 341 60 90 273 271 256 236 48 357 145 277 362 420 372 299 254 223 36 307 307 274 243 288 165 179 136 291 320 371 289 310 147 250 153 329 38 366 192 322 265 128 196 458 173 374 249 281 49 193 280 305 67 347 368 109 194 177 182 290 124 256 123 284 255 130 158 268 216 438 260 397 290 368 287 390 54 243 372 283 351 19 314 289 230 162 241 320 226 148 351 351 275 412 143 251 239 71 293 317 101 348 95 365 280 301 150 207 184 229 192 376 195 108 276 272 51 51 376 379 71 60 294 177 337 251 328 305 260 65 284 226 273 219 80 279 294 286 183 362 98 355 278 249 69 117 303 279 161 284 245 136 278 260 281 301 133 366 73 261 218 379 27 383 165 219 172 82 299 74 150 318 129 98 122 167 351 340 379 334 199 206 34 304 163 345 208 65
 224 352 79 227 318 273 296 337 269 142 213 218 370 1 131 313 239 179 318 214 142 169 389 184 328 456 132 113 219 174 331 349 327 201 159 175 297 181 96 408 230 36 145 91 236 151 292 253 14 249 223 80 65 333 127 209 187 174 35 63 213 299 29 253 307 249 119 159 335 256 314 360 382 273 410 289 106 198 122 166 332 36 378 189 42 54 43 313 252 187 350 253 182 344 171 85 206 220 241 176 108 185 136 247 403 135 306 72 346 95 188 114 290 381 348 93 327 338 260 265 398 257 148 266 318 190 201 266 199 215 322 135 379 182 329 91 117 267 307 219 158 88 115 49 346 55 90 161 417 180 52 111 55 382 58 84 195 212 260 67 162 223 335 30 264 113 228 125 264 303 220 246 427 29 285 87 218 73 225 197 379 147 258 48 229 329 106 303 320 324 88 357 329 338 87 208 62 206 105 68 293 390 175 291 259 286 338 300 135 155 378 193 394 211 234 154 351 270 331 92 219 209 126 310 287 213 231 211 275 213 410 147 270 315 396 202 285 265 202 376 163 423 234 291 244 292 280 313 28 130 207 297 352 166 383 198 208 297 274 306
 196 320 204 307 328 232 197 420 304 127 122 185 318 131 1 336 278 255 261 198 254 230 393 227 403 425 3 182 199 186 301 359 324 80 188 249 215 141 217 379 316 108 84 120 277 21 375 275 139 264 128 123 96 354 183 311 228 225 142 149 141 181 106 191 238 286 243 92 257 322 284 321 356 355 370 229 80 75 89 201 273 153 376 65 162 178 98 375 304 218 290 325 261 392 77 128 171 141 220 248 25 290 31 322 398 168 210 167 307 210 189 204 343 372 368 210 341 420 309 326 358 154 40 337 255 285 303 236 211 220 340 205 370 235 324 134 108 256 316 95 158 217 142 179 399 176 82 276 371 224 176 56 166 335 123 126 95 193 306 152 97 182 410 142 323 240 186 150 145 265 291 323 399 105 256 203 283 91 205 113 391 108 282 98 251 317 75 177 270 269 209 437 260 271 148 144 71 257 27 126 169 358 244 174 318 171 263 173 26 37 390 293 373 306 297 197 324 252 391 109 159 277 120 310 345 269 103 286 195 312 376 198 156 402 344 309 187 301 186 352 35 385 224 363 215 270 204 326 105 229 312 373 373 133 341 275 177 376 305 262
 156 141 354 152 34 160 292 187 49 210 268 169 194 313 336 1 78 161 194 145 244 152 88 129 154 196 338 202 147 152 134 46 66 326 158 160 250 204 274 162 167 290 255 235 82 340 165 62 301 72 273 241 271 22 187 213 127 141 346 251 236 347 324 207 220 67 283 253 249 114 131 161 141 158 184 198 260 330 248 149 200 284 86 330 285 347 336 107 83 128 209 130 165 84 282 235 180 244 135 157 323 222 309 136 111 182 287 246 157 260 147 216 76 101 36 379 27 181 75 101 179 292 307 123 207 197 213 139 126 117 16 184 102 135 73 228 231 99 38 340 179 346 208 316 99 283 266 253 203 134 287 282 269 190 260 237 286 151 69 247 248 180 158 285 95 300 179 197 339 150 133 143 170 303 131 264 124 269 144 259 70 230 57 342 87 87 265 387 178 190 273 186 225 222 227 223 313 114 330 250 372 156 153 343 96 334 241 391 313 318 69 210 135 195 113 159 128 113 110 242 212 132 219 60 90 114 357 144 242 205 172 166 323 190 208 227 284 53 155 130 336 188 121 130 147 115 233 28 307 220 221 146 41 207 177 154 172 157 41 163
 131 180 278 93 94 158 279 172 31 155 234 141 226 239 278 78 1 87 206 113 169 75 162 56 144 259 280 127 118 96 165 120 117 283 92 85 244 162 198 219 110 219 204 168 6 286 135 36 227 50 241 172 203 98 114 149 54 66 271 177 204 326 252 191 222 11 207 205 256 70 155 198 194 120 234 198 200 287 191 80 216 209 157 284 209 271 265 104 34 61 230 84 92 115 236 166 147 214 118 82 262 154 254 86 183 114 278 171 189 184 99 139 68 167 112 303 98 168 35 64 227 268 255 86 216 128 147 136 76 77 90 108 167 59 123 158 171 100 88 300 124 269 141 240 122 207 202 181 251 61 211 223 194 228 189 168 246 118 30 173 201 154 150 211 58 224 156 132 310 164 69 93 231 232 139 187 57 202 118 221 147 178 36 271 41 132 205 360 194 205 197 180 235 236 155 191 246 38 269 179 345 207 77 320 55 311 251 363 258 266 146 143 195 132 53 88 171 116 118 176 183 62 160 102 74 40 317 78 230 143 226 93 298 165 246 162 269 27 118 184 284 242 99 106 132 130 224 88 235 144 157 122 116 160 219 84 140 130 38 176
 174 259 202 53 180 216 315 166 113 152 251 179 299 179 255 161 87 1 268 155 84 33 247 63 152 344 257 75 162 112 242 205 202 284 90 7 289 179 117 302 63 170 200 136 81 269 121 118 166 125 260 134 164 181 74 77 65 51 208 121 228 350 199 233 277 96 123 206 311 78 229 275 277 101 315 252 179 286 178 79 280 145 243 280 142 200 214 135 83 81 297 75 9 169 237 129 179 238 172 10 235 73 238 70 269 96 317 108 264 105 127 67 116 253 194 227 183 166 92 88 307 293 243 88 275 50 72 197 112 126 174 51 253 45 207 122 155 171 173 303 130 191 118 167 169 136 175 96 330 60 140 203 127 304 142 131 253 157 95 117 204 193 159 150 89 140 196 113 327 232 42 70 316 181 207 110 42 167 165 235 230 177 120 220 106 215 184 376 260 269 118 184 293 297 110 215 205 52 238 135 362 289 17 343 84 335 308 377 241 255 229 65 279 64 58 72 251 183 153 148 214 33 148 186 111 48 320 34 271 74 309 64 320 148 321 86 303 109 152 267 271 324 154 114 184 203 268 173 184 62 83 121 197 170 297 21 173 123 122 242
 102 80 389 295 164 53 118 370 204 178 145 103 58 318 261 194 206 268 1 119 335 239 191 206 339 172 263 249 112 168 70 182 137 208 192 263 71 138 338 130 312 284 187 230 210 254 338 173 314 157 143 242 256 199 232 343 204 219 349 275 122 179 313 72 35 203 359 175 56 274 65 70 114 324 114 33 219 215 201 197 14 308 170 220 314 370 317 293 237 188 33 288 276 277 186 239 114 122 97 259 263 339 232 291 180 206 108 283 59 323 150 281 256 156 206 408 178 366 234 266 102 139 223 289 15 317 339 72 158 143 186 251 152 224 131 235 202 107 157 212 169 390 212 348 291 321 234 355 112 209 324 228 303 75 264 239 173 118 226 273 170 96 345 302 260 370 91 204 187 45 270 297 150 295 68 321 256 248 107 150 204 175 176 321 169 116 221 225 18 9 332 374 32 31 247 120 282 224 272 255 211 110 252 178 258 170 48 231 237 229 203 332 136 327 257 210 91 91 300 227 105 258 194 136 268 235 226 275 78 338 124 222 166 367 83 353 115 205 127 116 242 129 115 306 86 81 66 168 298 302 350 323 210 153 85 276 114 332 197 32
 21 139 278 190 132 67 168 283 126 79 126 29 162 214 198 145 113 155 119 1 218 123 196 93 256 243 200 131 8 50 118 163 127 181 74 149 137 60 221 196 206 182 115 124 115 200 244 92 207 77 132 135 156 161 115 231 91 105 247 163 94 214 215 82 123 116 241 110 157 179 101 148 170 227 197 99 130 186 115 80 132 197 179 186 202 262 223 215 146 75 150 191 163 216 138 130 37 103 28 145 190 224 169 191 202 89 168 168 134 206 32 163 177 177 175 299 146 280 147 175 186 156 166 195 124 203 226 54 44 36 147 133 175 111 127 125 105 60 120 196 57 277 101 237 227 207 141 237 205 95 211 148 190 172 157 131 141 6 140 160 105 43 262 193 170 253 44 91 200 92 165 196 215 195 72 205 152 151 13 115 194 91 98 228 74 122 134 249 115 122 216 292 141 146 134 81 192 117 198 147 234 177 138 208 166 200 155 252 174 176 193 218 184 216 157 92 138 58 227 125 72 151 93 112 186 130 213 168 120 227 197 104 187 274 187 239 157 126 14 164 193 210 27 218 34 80 116 131 198 184 237 233 180 66 171 166 29 241 124 98
 236 336 134 109 263 283 361 204 196 186 287 238 373 142 254 244 169 84 335 218 1 103 330 135 203 425 255 94 224 169 318 288 284 303 145 85 344 224 51 383 104 150 223 147 164 271 163 199 129 205 297 139 159 263 107 70 138 121 162 106 271 386 168 289 338 179 44 234 372 149 304 351 357 146 394 315 191 303 197 139 348 108 325 295 101 141 183 202 164 151 366 138 80 243 260 136 233 280 240 89 230 46 245 131 351 136 366 88 339 48 187 60 192 335 276 159 266 207 172 162 385 332 254 153 340 59 63 267 180 196 257 86 335 120 289 133 177 246 255 323 176 119 144 111 239 89 180 24 408 131 91 210 91 379 132 138 281 219 177 104 233 249 209 118 164 62 253 146 356 303 116 127 397 157 279 56 122 166 229 269 312 208 202 188 185 295 195 404 329 338 57 226 357 363 116 259 189 133 231 131 391 369 94 378 160 371 370 403 247 265 312 56 361 77 136 127 330 257 219 158 263 113 175 267 184 131 338 104 324 75 389 114 354 181 396 62 349 192 211 347 278 404 224 172 250 278 323 256 159 35 67 173 279 210 374 92 229 170 205 312
 143 235 203 80 166 186 283 191 105 121 220 148 272 169 230 152 75 33 239 123 103 1 236 34 174 325 232 57 130 79 217 193 184 254 58 27 258 147 124 281 93 153 170 112 71 242 147 100 156 104 229 112 143 173 49 109 37 20 200 107 196 318 185 201 246 86 136 176 280 94 203 250 256 127 293 221 152 256 150 47 251 137 229 251 136 197 199 149 85 51 268 96 41 176 207 106 147 206 142 24 211 102 211 92 255 66 285 99 238 110 95 65 123 237 186 228 171 191 92 100 283 260 215 107 245 81 104 168 82 97 164 35 236 19 189 99 127 145 157 273 98 195 90 166 179 133 150 119 306 30 137 177 121 278 124 109 223 126 93 103 173 161 181 140 98 152 164 84 295 204 61 94 296 166 179 113 54 145 134 203 221 147 104 205 83 194 158 345 231 240 123 207 263 267 90 183 186 39 216 115 331 267 17 311 93 303 277 346 215 227 220 96 260 96 69 40 228 156 167 123 181 47 119 167 121 45 290 58 239 106 287 34 288 175 296 117 271 101 120 246 244 302 125 133 154 177 236 160 169 73 115 144 190 138 272 49 141 147 112 213
 199 115 437 238 72 179 305 252 135 271 304 211 165 389 393 88 162 247 191 196 330 236 1 210 219 120 395 282 195 219 121 43 70 367 231 246 259 254 359 101 252 363 310 306 167 394 241 139 379 141 307 314 341 69 266 298 207 223 423 329 272 365 397 231 223 152 369 304 243 198 130 132 92 238 130 208 323 373 309 225 192 363 22 374 365 428 408 176 170 204 193 214 252 136 329 308 225 278 175 243 384 309 364 220 29 255 296 326 136 344 209 299 156 39 60 461 66 246 162 184 131 317 360 205 205 283 299 165 193 179 74 267 42 218 71 301 295 137 83 378 243 430 279 397 152 364 331 340 151 215 369 342 350 154 334 310 327 200 156 325 299 218 222 363 179 385 215 268 366 154 220 227 101 377 148 347 211 337 190 300 26 286 134 414 161 82 327 409 173 184 358 245 220 213 303 263 382 199 392 324 395 106 239 362 181 354 234 415 369 369 26 297 74 281 199 237 102 144 172 311 248 219 283 84 169 200 394 231 259 291 114 246 347 261 168 313 300 139 208 84 386 128 170 206 182 131 247 78 380 305 307 220 60 261 137 241 218 231 126 166
 113 202 228 100 139 154 256 204 86 108 199 119 239 184 227 129 56 63 206 93 135 34 210 1 182 294 229 73 100 55 184 168 154 240 41 58 229 125 153 250 115 164 158 113 54 236 161 72 173 73 207 117 148 150 59 139 4 16 217 123 172 296 197 173 215 66 168 161 249 100 170 217 223 142 260 190 148 243 141 27 218 156 201 239 157 219 210 149 78 19 235 107 71 168 193 111 120 183 110 54 210 134 204 106 227 60 258 118 205 138 67 92 117 208 164 253 146 202 84 102 251 238 207 116 213 112 134 135 50 64 140 59 207 19 158 103 120 112 129 258 79 222 87 189 174 156 149 152 273 6 160 172 142 245 133 113 206 96 81 119 158 132 188 157 98 182 135 78 275 171 76 110 265 177 146 140 65 147 103 184 197 132 76 216 52 163 153 326 198 208 151 217 231 235 100 159 191 32 215 124 311 235 47 289 93 281 246 327 208 218 196 127 229 124 75 33 196 123 165 122 156 62 109 137 119 45 276 77 211 135 255 38 266 191 262 148 245 82 91 214 236 270 92 141 122 144 207 133 180 104 145 154 169 119 239 74 114 159 91 180
 274 294 336 102 187 296 422 34 137 288 376 284 346 328 403 154 144 152 339 256 203 174 219 182 1 338 405 226 261 233 285 189 218 421 221 158 385 303 251 311 101 321 338 285 142 415 42 170 315 187 384 284 315 160 222 139 181 181 355 272 347 469 350 334 360 142 245 341 392 83 280 314 293 58 336 337 325 424 320 208 348 293 228 420 290 341 365 49 111 195 359 79 149 85 373 279 290 357 259 158 384 161 383 84 247 237 420 259 309 243 240 216 84 246 163 361 178 28 111 82 332 411 386 68 351 145 144 274 217 221 167 202 248 170 226 271 298 235 189 439 259 322 263 309 70 281 323 198 355 183 284 349 275 343 293 281 385 261 118 268 338 298 8 300 87 263 299 256 452 295 114 84 316 333 273 250 121 317 261 362 195 313 166 370 184 240 330 502 325 337 255 37 370 369 261 333 356 151 388 286 488 308 161 463 92 455 386 505 387 398 194 149 283 127 108 209 281 251 48 296 327 128 289 211 73 137 456 120 372 131 323 206 441 46 360 153 412 136 261 282 415 338 241 42 273 259 365 180 335 201 145 32 162 299 330 133 283 35 144 308
 237 107 515 345 168 195 284 371 237 321 315 246 119 456 425 196 259 344 172 243 425 325 120 294 338 1 427 360 239 283 127 153 143 379 302 342 239 290 446 49 361 425 345 366 264 421 357 227 448 222 313 376 399 182 343 405 291 308 489 401 288 344 457 239 204 251 460 335 207 308 145 106 74 352 60 202 370 385 353 301 165 436 112 390 439 501 465 294 276 282 154 325 350 255 352 372 260 290 217 338 423 412 396 331 92 324 271 403 120 431 268 385 269 96 177 538 170 365 268 295 71 310 388 318 183 386 404 194 261 244 181 351 95 307 138 366 346 191 173 384 299 511 342 474 271 442 382 439 71 299 447 384 426 101 399 373 342 246 261 398 330 246 341 433 290 475 242 331 357 162 324 338 30 438 174 432 313 393 233 317 145 326 225 470 243 132 373 390 160 164 443 364 189 178 373 283 433 293 432 389 378 69 332 344 290 337 197 397 401 395 145 400 66 387 305 314 106 187 291 367 267 320 335 159 284 298 397 334 250 398 50 325 336 379 102 419 283 241 256 82 410 46 222 322 216 164 238 175 441 397 413 337 177 302 89 342 256 348 228 165
 198 322 205 309 330 234 198 422 305 129 123 187 320 132 3 338 280 257 263 200 255 232 395 229 405 427 1 183 201 188 302 361 326 80 190 251 217 143 218 380 318 109 86 122 279 21 377 277 139 266 130 124 98 356 185 312 230 226 143 150 142 182 107 192 240 288 244 94 258 324 286 323 357 357 372 231 82 76 91 203 275 154 378 66 163 178 99 376 306 220 292 327 263 394 78 129 172 143 222 250 26 292 33 323 400 170 211 168 309 211 191 206 345 374 370 210 343 422 311 328 360 155 41 338 257 287 304 238 213 222 342 207 372 237 326 136 110 258 318 96 160 217 144 180 401 177 83 277 373 226 177 58 167 336 124 127 96 195 308 153 99 183 412 143 325 241 188 152 145 267 293 325 401 106 258 204 285 93 207 114 393 110 283 98 253 319 77 177 272 270 210 438 262 273 149 145 71 259 28 127 169 360 246 174 320 172 265 173 28 38 392 295 375 308 299 198 326 254 393 111 161 278 122 312 347 271 103 288 197 313 378 200 157 404 345 310 188 303 188 354 36 387 226 364 217 272 206 328 106 231 313 375 375 135 343 277 178 378 307 264
 148 262 157 127 210 197 268 240 157 93 195 148 291 113 182 202 127 75 249 131 94 57 282 73 226 360 183 1 138 83 242 240 223 217 60 70 252 131 91 314 135 97 135 63 124 196 195 144 101 143 205 60 90 223 18 134 76 62 146 52 178 294 129 197 248 137 111 144 281 148 226 274 288 175 321 226 108 219 110 60 262 83 272 212 84 147 143 204 140 80 280 148 81 232 172 55 142 188 156 69 161 117 166 144 298 45 274 46 261 75 101 35 179 277 237 181 218 241 148 156 311 239 173 161 252 107 126 184 101 118 212 25 276 69 227 49 88 172 200 237 84 152 52 117 235 84 102 116 332 69 89 131 69 300 68 57 192 132 148 48 142 159 233 85 154 122 163 53 267 222 114 144 331 110 199 75 109 93 143 177 269 116 149 149 122 229 113 315 245 252 86 258 268 275 36 166 131 93 164 61 302 298 67 287 149 280 281 315 169 184 268 117 296 127 125 47 258 179 222 75 170 101 84 206 177 101 253 107 231 134 318 37 263 222 316 135 256 153 123 279 200 332 144 187 165 202 231 205 113 61 136 195 241 118 297 95 139 197 163 228
 14 134 284 196 133 60 162 289 131 82 122 24 156 219 199 147 118 162 112 8 224 130 195 100 261 239 201 138 1 57 114 163 126 179 81 156 130 60 227 192 212 187 116 129 121 200 250 96 212 81 128 140 160 163 122 238 98 112 252 168 90 209 219 75 116 121 248 110 150 185 97 143 166 233 192 92 133 184 117 87 125 203 178 184 208 267 227 220 151 81 143 197 170 220 137 135 34 99 23 152 191 231 170 197 200 95 162 174 129 212 39 170 182 175 176 305 147 286 152 181 181 151 166 201 117 210 233 49 51 42 148 140 173 118 126 130 108 58 121 193 62 283 106 243 231 213 144 244 200 102 217 150 196 166 162 136 139 8 145 166 105 37 268 198 176 259 38 97 196 86 171 203 211 199 67 211 158 154 7 112 194 93 102 232 79 120 137 245 108 115 222 298 134 139 140 77 196 124 199 152 230 173 145 203 172 195 148 248 175 176 193 225 180 223 163 99 134 55 232 129 67 158 97 112 191 136 211 175 114 234 193 111 182 280 181 246 152 130 18 161 193 205 28 223 28 76 109 132 202 191 244 238 181 67 165 173 26 246 128 92
 67 182 233 153 150 116 204 256 119 61 146 70 209 174 186 152 96 112 168 50 169 79 219 55 233 283 188 83 57 1 162 181 154 189 25 106 180 72 172 236 168 146 110 88 96 193 214 91 166 82 154 96 123 172 66 187 54 62 208 118 119 242 179 123 170 102 193 111 204 152 146 193 210 196 241 146 109 193 98 34 181 154 206 190 157 219 190 197 125 39 199 160 120 209 142 91 68 129 74 102 172 179 160 159 231 42 207 122 180 157 19 114 162 208 186 256 161 254 128 152 230 184 161 168 172 159 182 102 28 42 158 85 206 71 156 84 80 94 138 207 29 231 61 192 217 161 115 189 251 55 165 131 145 219 118 92 153 51 124 116 107 83 239 151 147 204 86 50 222 140 130 163 254 159 117 157 118 119 62 130 212 83 97 195 66 156 114 272 163 171 168 269 189 194 90 106 164 84 179 108 258 219 95 236 143 228 202 274 165 172 211 174 221 174 128 44 179 99 212 92 103 115 68 137 167 98 224 131 161 184 240 56 213 244 234 194 193 117 43 203 190 253 63 193 83 122 158 146 162 135 193 206 191 67 216 126 63 212 120 146
 111 22 394 258 102 70 186 317 155 194 196 119 63 331 301 134 165 242 70 118 318 217 121 184 285 127 302 242 114 162 1 114 71 260 183 238 139 163 331 80 275 300 219 242 171 297 290 130 324 119 196 252 273 134 225 312 181 198 364 279 166 246 331 119 103 160 349 210 124 229 18 34 56 279 80 90 243 267 226 184 73 314 101 270 318 379 339 238 192 169 78 245 249 215 229 248 133 170 92 234 297 313 271 249 112 203 176 283 25 316 146 270 203 87 140 416 114 312 188 219 69 201 264 243 84 289 310 68 142 125 123 238 84 200 65 242 220 73 97 268 174 392 218 353 231 322 256 335 91 188 326 258 306 64 275 249 221 121 179 276 205 120 290 310 213 362 116 208 250 38 233 256 100 312 48 316 220 267 107 195 135 200 131 344 136 49 247 291 53 64 327 318 100 94 250 160 307 192 306 265 277 60 227 244 212 236 115 297 276 272 134 304 75 295 217 198 25 64 243 242 144 225 209 75 217 201 283 241 141 306 80 210 230 318 82 324 181 158 131 53 287 92 100 256 90 42 129 107 315 287 320 273 144 175 57 245 129 283 146 47
 170 115 395 197 33 159 291 222 92 236 279 182 169 349 359 46 120 205 182 163 288 193 43 168 189 153 361 240 163 181 114 1 46 340 191 204 245 222 316 123 212 324 277 267 125 362 206 97 338 101 282 275 303 30 225 258 165 181 382 288 246 348 358 210 212 110 326 272 237 158 118 135 106 201 148 193 287 345 274 184 186 322 42 346 323 386 369 143 128 163 191 174 209 109 299 269 195 254 146 200 349 267 331 181 66 216 283 285 135 302 173 257 118 58 29 419 23 216 120 145 146 297 328 167 195 242 258 141 155 142 32 225 60 176 51 261 259 108 44 352 206 387 240 356 126 323 295 298 169 173 327 308 308 162 294 270 300 168 114 285 267 191 192 322 139 343 189 229 345 140 178 188 129 338 128 305 169 300 159 272 32 252 92 375 121 67 292 391 165 176 315 218 213 207 263 236 344 157 357 284 376 121 196 345 141 336 228 396 336 338 31 255 95 240 158 196 101 117 143 273 222 177 247 54 132 157 369 189 242 250 135 204 328 229 178 272 284 97 175 95 355 150 137 170 155 110 231 36 341 263 266 186 31 228 146 199 188 197 84 153
 130 76 379 206 33 114 245 251 98 203 237 142 130 327 324 66 117 202 137 127 284 184 70 154 218 143 326 223 126 154 71 46 1 299 169 200 200 185 306 103 222 299 241 241 123 325 228 85 317 82 240 249 276 64 207 264 151 168 360 268 204 303 332 166 166 109 319 234 192 172 72 97 79 219 122 148 255 304 240 164 141 303 54 306 305 368 343 171 137 144 148 188 208 146 260 244 156 211 106 196 315 270 295 193 78 192 238 267 94 291 143 245 139 55 70 403 44 246 130 160 116 252 291 184 150 244 263 98 128 113 54 212 54 166 8 237 228 68 32 310 176 374 214 339 161 306 264 297 140 159 311 274 291 125 270 245 258 131 123 265 229 150 223 301 154 335 147 203 301 95 183 200 115 312 83 293 172 271 120 231 73 217 83 348 103 23 259 346 120 132 304 250 168 163 241 194 315 151 323 260 332 94 190 300 154 291 184 351 300 300 72 259 78 247 165 177 64 75 174 244 180 178 216 18 153 156 327 193 196 258 112 187 283 254 143 278 238 101 139 68 317 128 101 193 113 65 186 39 315 255 273 209 75 192 112 201 149 220 88 108
 172 278 277 333 311 192 123 442 303 134 65 159 265 201 80 326 283 284 208 181 303 254 367 240 421 379 80 217 179 189 260 340 299 1 201 278 150 123 274 334 345 171 85 157 284 62 399 270 205 256 67 165 150 341 213 350 241 243 217 200 96 103 179 142 179 289 301 80 192 339 246 274 314 379 321 178 113 8 108 214 218 215 349 16 223 251 174 385 313 226 233 346 291 394 49 168 147 91 195 275 98 333 66 344 367 189 137 217 261 265 185 247 350 341 354 286 325 441 317 340 309 81 53 355 199 323 343 203 209 212 326 238 338 253 297 172 131 233 299 21 162 288 168 247 403 237 125 326 318 239 238 96 224 282 175 166 41 176 312 202 84 150 427 204 336 301 153 172 66 223 313 347 355 173 221 259 303 141 183 69 370 109 276 174 248 287 109 104 220 216 266 456 200 211 188 106 141 271 104 173 94 314 270 95 331 92 199 102 67 47 369 333 334 342 314 216 284 225 400 146 120 298 137 287 355 284 37 311 134 350 330 222 77 428 288 351 115 302 172 313 47 336 206 380 186 238 145 310 174 274 353 393 359 124 291 302 154 398 302 217
 92 203 214 135 160 139 226 242 119 68 163 94 233 159 188 158 92 90 192 74 145 58 231 41 221 302 190 60 81 25 183 191 169 201 1 84 203 90 149 256 149 134 118 79 91 197 199 97 150 91 172 85 114 178 43 165 42 44 193 100 138 261 168 147 194 100 169 122 228 139 167 215 230 180 262 171 109 204 101 15 205 136 219 200 138 201 179 189 117 32 223 146 99 206 153 79 91 149 98 81 171 155 164 144 245 25 229 101 202 134 43 90 156 223 192 237 170 241 122 141 251 203 167 155 196 137 159 125 43 60 166 60 222 53 172 71 80 113 149 219 41 210 51 173 212 141 111 165 273 39 145 133 125 241 104 81 167 75 119 97 119 106 228 134 138 181 110 41 239 163 113 147 273 147 140 134 103 112 86 146 222 93 102 185 72 173 114 289 187 195 145 256 213 219 73 125 157 72 178 94 274 239 74 254 133 246 226 290 169 179 221 151 239 153 114 20 199 120 205 86 125 99 70 152 159 85 237 113 183 162 260 32 231 229 257 172 214 116 67 222 196 273 84 180 107 142 181 156 151 111 170 193 197 82 238 106 86 198 122 170
 169 255 200 59 179 211 309 172 113 146 245 174 295 175 249 160 85 7 263 149 85 27 246 58 158 342 251 70 156 106 238 204 200 278 84 1 284 173 116 299 69 165 193 130 80 263 127 115 162 122 254 128 158 181 68 83 60 45 205 116 222 344 194 228 271 95 123 200 305 82 225 271 274 107 312 247 173 280 172 73 275 141 241 274 139 197 209 139 84 76 292 80 15 172 230 123 173 232 167 5 229 77 231 75 267 90 311 104 260 103 121 64 119 251 194 225 182 172 93 92 304 286 237 93 270 55 78 192 107 121 174 45 251 40 205 116 149 167 171 297 124 189 112 165 172 133 169 99 327 55 137 197 123 300 136 125 247 152 96 112 197 187 164 146 91 140 190 107 320 227 46 75 313 177 202 108 45 161 160 228 230 171 118 215 103 212 178 370 255 264 116 189 288 292 105 209 200 49 233 129 356 286 12 337 87 329 303 371 235 249 229 70 277 70 61 66 248 179 157 142 208 36 142 183 114 48 314 39 265 79 306 57 313 154 318 91 297 109 146 264 265 321 149 118 179 199 262 172 179 61 89 127 197 164 293 27 167 129 121 237
 117 150 373 326 224 92 48 414 250 165 94 111 122 297 215 250 244 289 71 137 344 258 259 229 385 239 217 252 130 180 139 245 200 150 203 284 1 124 336 199 342 262 154 217 247 204 378 216 295 199 88 229 234 258 238 365 227 239 325 265 85 109 286 57 38 244 360 141 43 312 130 140 185 362 180 53 193 157 176 212 76 295 238 164 302 351 287 340 277 210 87 325 298 331 141 227 113 79 127 280 223 357 189 326 250 209 39 277 129 322 164 286 303 225 268 389 238 411 276 307 169 73 177 328 58 338 360 113 180 170 244 261 222 246 195 226 185 153 214 150 169 378 206 334 345 312 208 365 174 230 314 194 294 140 249 227 121 134 269 265 137 98 391 287 301 368 95 201 119 107 300 332 219 271 120 319 288 225 128 106 270 152 220 290 205 181 193 154 88 79 330 421 52 64 241 92 251 253 231 242 141 180 273 107 298 100 50 161 193 180 269 352 207 352 292 222 161 138 351 210 84 287 180 196 313 265 161 304 23 362 192 234 97 408 142 373 45 250 139 187 190 195 146 349 113 138 22 227 273 310 371 365 272 139 152 302 118 373 244 94
 56 184 254 224 192 97 139 327 181 43 75 46 192 181 141 204 162 179 138 60 224 147 254 125 303 290 143 131 60 72 163 222 185 123 90 173 124 1 213 242 238 147 58 95 163 141 285 148 177 134 83 107 118 221 118 253 125 132 212 143 49 172 175 73 127 167 237 51 158 222 146 187 218 267 238 109 83 128 65 103 152 174 237 127 180 233 181 265 193 109 170 231 187 272 79 105 31 60 80 170 135 241 111 230 258 89 144 154 173 200 64 165 229 233 234 272 205 325 196 222 226 114 107 239 137 225 247 97 88 90 206 143 230 141 184 103 65 117 180 139 51 257 83 214 282 189 96 246 242 125 192 95 172 206 129 105 85 55 191 142 46 45 309 167 217 245 50 79 151 130 201 234 262 158 117 196 189 111 65 60 253 38 154 185 126 177 85 201 142 144 207 339 149 158 118 37 147 155 144 120 187 222 163 165 212 157 159 203 117 117 252 238 234 242 198 108 186 112 279 90 41 186 58 171 235 169 157 201 102 251 241 118 142 315 218 258 127 179 50 214 134 251 86 263 76 131 104 191 160 190 258 277 239 16 209 195 37 283 180 130
 237 350 87 154 289 286 347 254 227 172 268 236 381 96 217 274 198 117 338 221 51 124 359 153 251 446 218 91 227 172 331 316 306 274 149 116 336 213 1 401 151 110 201 124 193 235 212 223 84 226 278 114 126 295 107 120 156 139 112 76 257 364 123 283 336 208 28 213 368 190 315 363 375 194 409 314 164 273 174 148 351 65 352 265 57 91 137 246 199 165 369 182 116 284 235 113 229 266 246 119 192 96 212 176 378 133 354 61 350 16 190 62 232 360 308 112 294 256 208 202 399 313 223 197 341 107 113 273 190 207 287 96 359 142 311 113 157 260 280 294 171 75 131 61 282 43 151 67 421 148 44 180 52 390 101 115 258 221 211 76 213 246 257 76 204 33 251 137 332 311 155 172 417 115 288 18 158 134 233 250 343 190 227 142 204 315 167 377 335 341 9 275 356 363 97 247 149 161 192 103 365 385 122 356 199 350 368 375 213 233 343 106 381 126 174 134 345 268 264 134 254 149 159 289 225 162 308 145 315 125 406 122 333 231 406 111 335 223 212 366 244 420 233 219 254 290 316 283 116 56 117 221 312 199 386 131 227 218 235 318
