NAME : domp160p80v10
COMMENT : (Deleplanque et al.) 
TYPE : DOMP
DIMENSION : 160
DISPLAY_DATA_TYPE: NO_DISPLAY
OPEN_FACILITIES : 80
COST_SECTION
 1 177 382 63 343 198 214 400 345 347 424 376 417 304 340 55 329 155 414 246 459 271 314 299 222 287 385 172 226 239 304 268 323 364 131 422 384 473 270 449 342 349 194 412 466 293 221 241 252 61 248 123 363 403 381 354 463 218 240 301 258 417 221 327 335 146 357 231 411 302 396 10 303 183 223 380 385 363 271 428 289 488 378 284 243 229 150 157 98 329 241 211 92 73 349 99 328 234 214 299 245 311 361 252 35 297 195 25 414 336 188 362 230 197 165 63 93 301 348 231 367 351 86 344 63 241 318 438 304 134 465 388 332 125 181 402 221 282 156 302 381 152 45 326 89 299 157 68 236 260 201 167 44 204 249 410 333 240 77 375
 177 1 356 208 243 180 251 235 192 254 302 401 321 232 277 128 204 99 364 250 355 222 142 270 150 114 273 103 282 78 214 107 266 370 99 301 323 356 260 348 174 199 238 296 347 248 276 70 298 168 289 79 227 292 357 231 357 144 65 341 199 288 217 208 322 70 292 78 282 297 311 172 254 204 52 339 350 321 173 344 131 377 281 234 167 118 32 159 207 207 145 42 186 117 203 152 180 59 243 125 129 223 186 105 164 235 215 157 318 229 232 190 70 241 74 116 96 142 315 280 248 232 143 168 129 191 324 295 131 44 347 219 332 107 210 291 64 181 132 216 245 25 157 246 116 126 37 155 105 295 124 100 142 38 281 326 158 69 102 283
 382 356 1 339 169 192 177 350 292 153 223 111 157 136 99 347 224 269 58 137 192 135 358 89 208 357 191 259 186 317 166 312 99 66 285 222 77 230 112 180 345 286 196 207 230 110 188 396 163 322 159 309 249 191 3 218 196 214 369 137 159 239 162 212 50 299 93 303 237 82 132 373 105 199 388 35 22 44 198 135 303 221 159 124 192 246 369 231 297 219 218 386 294 331 276 286 280 374 173 414 242 159 434 285 348 128 188 362 159 185 200 367 316 194 286 353 328 307 43 177 207 209 301 405 334 167 80 286 357 360 228 363 64 284 203 191 313 197 245 161 252 355 338 137 312 416 383 316 268 146 234 263 349 333 150 131 427 396 349 146
 63 208 339 1 326 170 165 411 351 327 412 321 395 280 311 84 323 155 377 203 439 242 335 262 208 310 370 169 171 257 287 283 293 314 133 411 351 458 230 428 358 354 145 398 451 261 166 276 197 43 195 137 360 387 338 346 443 206 270 246 234 408 185 319 291 158 327 245 403 258 372 59 272 144 258 342 345 326 259 402 301 469 359 254 228 229 187 131 43 322 233 247 50 92 352 79 333 266 167 332 244 293 392 261 48 270 153 63 393 322 140 380 247 148 174 98 114 313 310 177 356 342 76 371 80 217 269 435 326 169 450 403 285 124 139 387 238 271 142 284 378 185 53 304 96 333 197 58 241 208 194 166 70 227 198 385 365 275 110 354
 343 243 169 326 1 160 216 182 126 17 90 265 80 57 72 292 58 191 146 172 119 99 200 124 122 205 46 175 246 180 40 165 80 219 215 88 103 133 152 109 180 118 223 74 126 99 244 260 239 292 230 232 82 62 170 51 122 126 232 249 96 93 164 47 166 212 77 171 89 167 70 334 92 198 257 137 152 125 75 102 148 146 39 94 101 128 266 196 292 53 107 259 278 274 108 251 115 239 204 263 115 35 272 146 311 73 196 319 76 19 222 201 183 223 193 292 260 150 133 237 45 42 260 243 282 113 194 135 201 264 125 196 189 220 207 62 184 65 188 44 88 252 300 39 256 265 277 280 139 223 144 181 301 210 216 85 269 260 282 42
 198 180 192 170 160 1 82 285 218 159 248 222 226 111 143 157 170 83 217 71 271 74 240 105 60 225 205 78 117 170 121 182 125 193 95 247 186 291 85 259 247 217 78 233 285 96 112 235 126 141 116 120 209 221 192 189 274 62 213 164 66 248 38 163 150 114 160 154 242 121 202 189 106 44 222 185 192 167 104 233 188 301 191 87 70 104 185 43 134 168 89 216 121 141 212 101 199 215 71 272 112 126 314 152 165 101 48 176 224 159 74 271 165 80 106 163 137 199 155 112 195 182 114 286 145 48 146 282 234 173 283 285 156 93 53 220 158 114 54 117 225 173 154 135 122 274 200 132 128 119 68 81 161 168 106 216 296 235 158 185
 214 251 177 165 216 82 1 362 295 210 303 165 265 160 173 191 240 154 221 49 311 118 322 112 140 307 260 154 36 251 182 264 155 151 156 302 204 338 76 298 328 293 21 287 334 124 32 312 48 155 40 180 279 273 176 254 315 143 291 94 126 308 56 231 128 182 186 235 303 96 238 206 135 48 297 185 186 171 177 263 269 342 238 125 145 185 250 93 123 237 168 290 123 180 287 127 277 293 13 352 193 183 395 233 182 145 37 198 264 221 27 352 245 18 180 201 186 279 153 31 257 247 144 368 178 113 106 347 315 235 332 364 121 150 43 272 238 185 120 176 293 239 174 182 164 354 265 153 209 49 150 155 189 245 36 248 376 311 202 229
 400 235 350 411 182 285 362 1 68 198 157 444 220 227 254 346 132 258 321 328 223 257 100 298 226 127 167 245 397 162 196 133 259 399 279 157 280 199 317 225 63 71 362 165 191 270 393 199 398 370 387 279 102 175 351 133 223 225 181 419 241 134 308 143 345 256 258 170 132 341 232 393 266 328 210 318 332 307 187 252 112 226 197 259 218 189 265 301 392 136 197 220 372 330 79 336 87 190 350 160 176 200 128 151 378 242 332 377 216 167 358 56 171 363 239 338 308 100 314 390 145 142 337 109 341 251 370 103 109 276 191 26 367 288 337 175 180 180 279 202 102 257 368 217 319 163 267 355 172 385 227 248 359 201 374 242 143 200 324 209
 345 192 292 351 126 218 295 68 1 142 131 382 180 164 195 291 70 197 270 262 196 192 87 234 160 104 123 183 330 116 133 86 198 338 220 130 227 183 252 194 58 10 295 132 174 205 326 176 331 310 321 223 55 137 294 80 197 159 151 353 174 110 241 82 283 200 202 119 106 277 185 338 203 261 181 262 276 249 120 211 62 208 149 194 151 125 222 237 329 75 131 188 310 274 20 275 20 160 283 156 111 137 151 95 321 178 265 322 176 109 292 76 124 296 182 285 254 53 255 323 96 88 277 123 285 184 306 105 92 230 174 74 304 228 270 136 131 114 215 139 66 212 310 157 261 159 228 296 112 318 163 187 303 156 307 197 153 176 271 159
 347 254 153 327 17 159 210 198 142 1 95 250 72 51 57 298 75 197 130 164 114 93 216 113 126 220 52 182 239 194 44 179 67 204 221 94 86 133 143 103 197 135 218 78 127 90 237 274 230 294 221 238 97 64 154 66 117 131 246 237 94 102 159 63 152 219 61 184 98 155 57 338 81 195 270 121 135 110 84 90 164 143 33 86 105 138 276 197 292 70 115 272 279 279 125 253 131 253 199 278 126 36 289 160 315 66 192 323 69 35 218 217 196 218 201 298 266 165 118 230 58 57 263 260 287 112 181 146 216 274 125 212 175 225 204 64 197 75 192 45 102 263 303 29 261 281 288 283 151 214 150 187 305 222 207 73 285 274 289 31
 424 302 223 412 90 248 303 157 131 95 1 330 70 145 143 372 100 270 180 258 68 187 217 205 205 233 45 254 333 229 128 205 157 283 295 2 147 55 236 69 185 122 312 18 46 183 331 301 324 376 314 307 80 34 225 73 68 208 274 327 184 24 252 99 236 285 138 225 27 245 92 415 174 287 303 189 202 184 155 101 182 79 70 180 185 199 329 283 380 98 184 308 364 353 113 335 133 283 292 286 183 124 276 198 394 160 285 400 67 91 311 197 235 312 266 370 337 177 198 324 58 74 343 250 362 201 268 67 222 331 46 179 260 300 295 34 239 143 272 132 66 316 382 123 336 289 338 363 201 307 224 259 381 266 300 96 282 301 358 82
 376 401 111 321 265 222 165 444 382 250 330 1 266 219 194 355 314 304 166 152 302 198 436 150 261 429 294 299 151 380 250 383 186 48 312 329 185 340 144 290 429 376 184 313 340 179 156 453 125 318 128 337 345 297 109 314 306 267 429 76 220 345 185 302 100 335 194 365 342 110 240 368 180 206 441 144 132 147 272 245 379 331 263 191 254 307 405 250 280 309 281 436 285 343 367 291 367 432 168 482 308 246 513 353 344 205 194 361 268 279 191 453 377 181 327 365 347 386 134 146 307 305 307 483 342 220 80 391 433 392 338 454 79 308 205 297 372 274 273 244 351 393 337 228 326 484 420 316 332 117 283 302 352 386 129 241 500 452 365 250
 417 321 157 395 80 226 265 220 180 72 70 266 1 116 94 368 125 268 111 217 46 155 263 157 197 273 57 252 290 256 115 237 112 220 292 70 82 77 192 34 237 171 277 57 75 143 290 334 277 363 269 309 126 45 159 103 50 202 306 273 162 91 220 117 177 290 83 248 91 193 30 408 132 259 333 124 136 122 153 33 218 78 42 145 176 207 345 265 358 121 185 336 346 350 161 322 175 314 255 330 194 107 330 222 384 127 254 393 5 93 278 253 260 276 271 369 337 216 138 281 85 98 333 302 357 179 212 136 266 343 73 239 201 295 266 46 262 144 262 116 120 331 373 92 331 333 356 352 218 259 221 258 376 288 255 28 331 334 359 43
 304 232 136 280 57 111 160 227 164 51 145 219 116 1 45 257 97 161 133 115 160 43 224 72 90 222 101 147 190 183 33 177 38 175 183 143 92 182 96 149 213 159 168 128 177 44 188 264 183 249 173 203 131 114 137 102 164 95 236 195 47 150 109 85 120 187 61 171 145 115 93 295 39 146 257 112 124 95 64 125 168 191 81 37 69 116 250 151 244 92 88 257 232 239 150 208 149 242 149 279 109 29 300 151 271 17 142 281 113 66 168 236 184 168 170 259 229 173 95 181 100 93 220 270 246 65 144 191 222 245 175 237 141 185 154 114 182 62 150 27 141 236 260 25 220 281 263 238 136 167 116 152 264 205 159 107 291 264 251 75
 340 277 99 311 72 143 173 254 195 57 143 194 94 45 1 295 126 202 89 125 139 70 262 65 132 263 103 189 197 227 70 218 19 148 223 142 48 169 99 127 247 188 185 126 165 51 197 307 185 283 176 245 153 110 100 122 143 138 280 185 85 155 130 114 96 229 18 215 151 103 66 331 40 170 301 70 84 56 107 93 207 171 74 57 112 161 294 184 272 121 133 301 262 278 179 242 182 286 163 320 153 62 337 194 306 45 164 317 93 88 186 269 227 184 213 299 269 211 62 188 114 113 255 308 283 101 127 200 261 288 163 266 119 225 177 110 226 104 187 66 158 280 295 39 258 323 307 273 180 167 159 194 301 249 163 77 331 307 291 62
 55 128 347 84 292 157 191 346 291 298 372 355 368 257 295 1 276 103 374 214 410 227 262 261 172 236 334 119 210 186 255 215 279 337 78 370 341 422 236 400 289 295 172 360 414 251 205 195 234 49 228 69 310 352 346 302 413 168 191 283 212 364 186 275 302 92 312 177 358 270 349 48 261 152 177 341 348 324 219 381 235 437 329 240 194 176 105 117 96 276 189 165 80 19 295 65 274 186 188 252 192 262 313 197 37 251 164 32 365 285 165 309 177 175 111 15 39 247 310 213 314 299 48 294 14 196 289 384 252 87 413 334 302 74 152 351 168 230 109 253 328 104 32 278 38 253 115 42 182 239 150 114 15 152 226 363 285 194 27 327
 329 204 224 323 58 170 240 132 70 75 100 314 125 97 126 276 1 174 203 202 153 129 143 168 117 150 72 158 273 133 66 113 129 269 199 99 160 154 188 147 123 63 243 93 145 139 270 210 271 284 261 210 41 90 225 28 155 118 182 289 115 89 185 13 215 187 134 128 84 211 124 320 135 212 210 194 208 181 67 153 94 174 88 129 101 101 230 197 294 6 91 213 277 257 54 245 58 191 228 207 85 69 215 101 300 112 213 304 121 41 241 144 138 244 168 273 240 93 186 265 45 29 251 186 267 128 239 114 144 232 144 142 236 205 221 89 142 57 182 72 57 217 289 88 241 210 239 271 102 257 130 163 286 169 247 138 212 210 261 96
 155 99 269 155 191 83 154 258 197 197 270 304 268 161 202 103 174 1 286 153 309 138 189 181 73 168 232 17 185 111 154 133 188 276 26 268 249 320 166 299 207 200 142 258 313 164 180 160 201 114 192 43 210 250 269 200 312 68 142 243 119 262 120 173 230 32 219 97 257 203 250 147 172 107 145 257 266 239 118 283 148 336 228 151 94 76 103 63 136 175 87 137 116 85 199 79 179 142 145 204 91 162 255 108 127 158 118 131 265 183 135 230 102 144 28 102 70 161 229 183 212 197 80 231 94 105 229 285 181 92 311 251 238 32 113 249 94 129 35 154 228 90 116 181 68 206 117 100 87 197 48 12 113 94 184 265 232 159 92 227
 414 364 58 377 146 217 221 321 270 130 180 166 111 133 89 374 203 286 1 175 140 149 344 116 218 347 155 274 234 314 157 304 100 123 305 180 45 179 148 129 325 262 238 166 180 124 236 395 214 355 208 328 221 151 60 191 144 224 367 192 169 200 194 192 99 315 75 303 199 128 91 405 115 234 389 37 39 52 195 84 291 167 125 136 199 249 381 259 335 198 221 389 329 357 252 316 260 374 214 405 241 148 417 281 380 131 225 392 114 164 241 345 315 236 299 378 351 293 69 225 177 183 330 388 361 182 133 246 344 374 178 337 118 306 239 152 314 191 267 153 220 367 369 124 337 408 394 347 268 196 245 279 377 337 198 85 413 395 373 113
 246 250 137 203 172 71 49 328 262 164 258 152 217 115 125 214 202 153 175 1 263 75 299 64 117 287 215 148 76 235 140 242 107 126 162 257 156 291 29 250 300 259 64 241 286 77 74 304 71 186 60 188 240 226 136 213 267 121 281 97 89 264 34 192 90 184 138 219 259 57 190 237 87 64 291 140 143 125 143 215 244 294 191 79 115 164 255 101 162 198 141 286 158 200 252 151 244 283 41 337 168 140 375 212 212 99 52 227 217 178 67 324 230 63 176 222 201 253 108 67 214 205 167 346 201 80 78 305 294 242 285 333 89 159 67 226 224 149 122 134 252 242 203 136 182 339 269 181 189 57 134 151 215 237 47 200 359 303 220 182
 459 355 192 439 119 271 311 223 196 114 68 302 46 160 139 410 153 309 140 263 1 200 282 202 239 296 83 293 335 286 156 264 157 257 333 68 121 40 237 14 251 187 323 65 43 188 335 361 322 407 313 349 143 65 194 127 5 243 334 315 206 91 265 148 218 329 127 280 93 236 74 451 177 304 362 160 171 162 193 58 243 33 82 190 218 244 380 309 403 150 224 366 391 392 178 366 196 342 301 350 230 149 342 253 428 172 299 436 48 129 323 264 291 322 310 410 378 239 179 326 110 125 376 317 399 224 254 127 286 380 41 246 242 337 312 66 294 182 305 158 132 367 416 137 373 353 390 395 252 303 262 298 418 321 300 66 348 361 400 87
 271 222 135 242 99 74 118 257 192 93 187 198 155 43 70 227 129 138 149 75 200 1 239 51 73 233 143 126 149 186 66 187 53 158 157 185 115 224 61 189 235 188 126 171 219 27 147 264 144 214 134 180 166 156 136 139 204 79 237 162 25 191 67 118 105 167 87 172 186 89 130 262 35 105 254 120 130 102 76 160 183 231 123 14 59 114 235 115 205 125 86 252 194 210 180 173 175 242 107 287 112 66 316 157 237 30 100 248 153 104 126 258 184 126 153 231 202 190 94 140 140 131 186 287 215 34 119 231 236 227 217 264 121 158 113 156 181 80 120 60 178 222 226 66 190 289 249 204 137 129 99 131 232 200 120 143 304 263 225 116
 314 142 358 335 200 240 322 100 87 216 217 436 263 224 262 262 143 189 344 299 282 239 1 287 184 29 207 180 356 80 193 59 260 395 206 216 300 268 296 279 39 96 316 218 259 259 351 101 364 293 353 199 140 222 360 161 283 180 83 395 217 196 271 154 340 178 272 94 192 327 265 308 259 280 111 331 345 316 165 293 58 294 229 246 185 137 172 244 323 148 159 122 302 248 105 265 89 92 310 70 132 201 78 89 296 235 287 293 259 182 311 50 89 318 165 252 226 52 318 351 179 167 262 49 260 220 357 184 11 184 259 80 358 215 288 221 98 164 217 199 152 165 287 224 240 73 172 279 114 354 174 181 276 112 342 278 70 101 238 237
 299 270 89 262 124 105 112 298 234 113 205 150 157 72 65 261 168 181 116 64 202 51 287 1 122 282 163 171 134 236 103 236 48 109 197 204 93 232 37 189 281 229 127 188 229 30 134 313 121 240 113 221 202 172 89 172 206 128 287 125 75 214 79 156 55 211 76 222 210 44 129 290 34 119 303 82 88 65 123 152 231 234 136 43 109 164 281 145 221 163 136 301 214 245 221 202 218 292 104 337 162 99 365 207 265 57 110 278 157 136 129 304 234 125 199 267 240 238 51 125 168 163 216 335 248 80 73 258 285 271 227 307 72 196 124 172 231 125 157 97 211 268 255 87 225 339 295 232 187 104 147 175 264 249 99 138 353 313 262 125
 222 150 208 208 122 60 140 226 160 126 205 261 197 90 132 172 117 73 218 117 239 73 184 122 1 172 164 58 175 120 84 127 119 226 96 204 179 253 118 229 189 159 137 192 246 99 170 193 181 172 170 115 156 182 208 139 242 7 168 213 50 201 88 112 175 98 149 104 195 154 179 213 106 102 183 191 201 173 52 212 130 267 158 85 22 48 164 81 179 116 30 180 162 154 155 131 141 172 128 222 54 91 260 96 191 88 107 198 194 116 133 213 116 138 82 173 141 140 166 169 149 134 140 231 161 43 182 230 179 157 244 226 187 99 111 181 111 63 68 82 172 150 179 109 135 224 178 159 73 171 28 63 180 128 159 194 243 193 164 156
 287 114 357 310 205 225 307 127 104 220 233 429 273 222 263 236 150 168 347 287 296 233 29 282 172 1 218 160 341 58 193 47 259 390 183 232 304 286 287 292 65 113 299 232 277 254 336 75 350 268 340 174 154 234 358 172 297 167 55 384 210 213 258 160 336 154 274 73 209 320 273 281 256 263 84 332 345 316 161 302 58 311 237 240 176 125 144 225 300 155 149 94 279 222 121 242 101 64 296 59 122 201 90 77 270 232 271 266 269 187 294 78 66 302 143 225 200 58 316 336 190 177 238 64 234 211 350 206 19 157 276 108 352 192 271 233 75 161 198 198 168 137 262 225 215 61 144 254 100 342 158 161 249 85 329 287 73 75 211 245
 385 273 191 370 46 205 260 167 123 52 45 294 57 101 103 334 72 232 155 215 83 143 207 163 164 218 1 215 289 204 85 183 116 248 256 43 117 90 193 77 180 115 268 29 82 140 287 281 281 335 272 271 70 20 192 47 85 168 253 286 141 52 208 66 198 250 101 198 49 204 66 376 131 243 280 157 171 149 115 88 163 106 33 137 144 163 299 240 337 68 146 284 322 315 104 294 119 261 249 274 149 80 273 171 354 116 241 361 53 50 267 197 209 268 230 332 300 161 161 280 29 43 303 246 324 158 229 98 210 299 81 185 221 261 252 19 212 104 232 89 66 285 343 79 297 277 308 323 170 264 185 221 343 239 258 76 275 281 322 46
 172 103 259 169 175 78 154 245 183 182 254 299 252 147 189 119 158 17 274 148 293 126 180 171 58 160 215 1 186 103 139 123 175 268 42 252 236 304 158 283 196 185 143 242 296 152 181 159 200 129 191 58 194 234 259 184 296 53 139 240 105 246 115 157 221 42 205 88 240 195 235 163 160 108 145 245 255 227 101 268 136 320 212 139 79 60 111 66 148 158 71 139 128 101 184 92 165 140 144 200 76 147 249 96 143 144 117 148 249 167 138 219 95 146 30 118 86 148 218 183 196 181 95 223 110 93 222 269 172 102 295 239 230 48 114 233 87 112 39 138 212 98 132 165 84 202 126 115 74 195 32 6 129 92 181 250 227 159 108 211
 226 282 186 171 246 117 36 397 330 239 333 151 290 190 197 210 273 185 234 76 335 149 356 134 175 341 289 186 1 285 213 298 180 147 185 331 223 365 99 323 363 327 45 316 361 151 7 344 27 170 28 208 312 301 184 286 339 178 324 76 159 338 90 264 138 212 209 269 334 108 262 219 161 80 329 199 198 187 211 285 304 367 266 154 179 220 279 123 130 270 203 321 136 202 321 149 311 325 48 385 228 214 430 268 196 174 71 213 290 252 51 387 279 42 212 222 210 314 169 10 288 279 164 402 198 147 108 379 350 263 359 399 124 178 73 301 272 219 151 208 325 268 190 211 187 387 293 170 244 41 184 188 206 278 38 272 410 343 225 256
 239 78 317 257 180 170 251 162 116 194 229 380 256 183 227 186 133 111 314 235 286 186 80 236 120 58 204 103 285 1 159 31 220 343 127 228 271 283 237 280 104 122 243 224 274 210 280 82 295 214 285 121 152 222 318 160 288 115 54 331 163 213 204 140 290 100 241 17 208 271 249 233 213 207 78 294 307 278 121 281 55 305 216 196 128 74 108 168 244 137 101 81 223 171 126 186 103 61 240 104 76 168 147 35 219 190 215 217 252 164 238 124 10 245 86 177 149 66 275 281 177 162 183 121 182 161 301 218 71 116 274 149 305 136 214 221 19 125 140 162 170 97 210 192 162 106 113 200 50 288 103 103 199 41 275 264 127 82 163 221
 304 214 166 287 40 121 182 196 133 44 128 250 115 33 70 255 66 154 157 140 156 66 193 103 84 193 85 139 213 159 1 149 68 207 178 126 113 172 124 146 181 127 188 113 165 75 211 240 209 253 199 196 101 101 167 74 159 88 212 224 58 128 128 54 152 177 83 148 123 146 99 296 71 161 234 139 153 124 42 132 138 185 75 65 62 97 235 157 253 61 72 235 239 236 119 212 117 218 170 251 87 10 269 125 273 47 159 281 112 40 186 204 160 188 158 255 223 142 126 205 76 66 221 240 244 75 175 166 192 232 164 205 173 182 169 101 160 35 150 7 113 221 261 34 218 253 247 241 113 194 107 144 263 184 185 114 262 240 246 73
 268 107 312 283 165 182 264 133 86 179 205 383 237 177 218 215 113 133 304 242 264 187 59 236 127 47 183 123 298 31 149 1 214 344 152 204 261 259 241 259 76 93 258 201 250 208 293 98 306 241 296 149 127 201 313 138 266 123 71 338 164 188 214 121 290 126 231 39 183 274 233 262 210 222 99 287 300 271 115 264 25 282 199 194 131 80 137 186 268 117 103 105 247 199 98 210 75 79 252 103 76 158 134 32 247 186 229 246 233 148 253 98 40 260 111 207 177 36 270 293 156 141 209 105 210 165 304 190 53 146 249 121 306 161 230 200 48 116 160 154 143 127 237 181 189 105 142 227 56 297 116 124 228 71 284 248 118 98 193 205
 323 266 99 293 80 125 155 259 198 67 157 186 112 38 19 279 129 188 100 107 157 53 260 48 119 259 116 175 180 220 68 214 1 141 208 156 63 186 82 145 249 192 167 140 182 33 179 300 168 265 159 230 160 125 100 129 161 125 273 171 71 167 111 117 87 216 35 207 164 89 85 314 22 152 293 75 88 58 101 111 205 189 89 40 100 151 282 167 254 125 123 292 244 262 183 225 184 279 145 316 145 62 337 188 289 32 145 300 111 94 168 271 220 166 200 283 254 209 58 171 123 120 238 307 267 85 115 212 259 275 180 270 110 209 159 125 218 99 171 63 167 268 278 43 242 318 295 256 172 151 146 180 284 240 146 96 328 300 276 78
 364 370 66 314 219 193 151 399 338 204 283 48 220 175 148 337 269 276 123 126 257 158 395 109 226 390 248 268 147 343 207 344 141 1 286 282 139 294 111 245 387 332 171 267 294 137 151 418 121 304 121 312 299 251 65 268 261 231 393 82 181 298 157 258 56 306 147 328 295 74 193 356 137 186 407 98 87 100 231 200 338 286 216 150 216 270 377 226 272 265 243 404 273 324 323 273 323 397 151 444 269 201 472 315 331 162 173 347 222 233 177 410 340 168 297 346 325 345 88 140 261 260 290 442 324 184 49 345 392 365 292 410 39 283 186 251 336 232 246 201 305 365 323 183 306 446 392 301 294 108 249 272 336 352 117 195 461 418 345 203
 131 99 285 133 215 95 156 279 220 221 295 312 292 183 223 78 199 26 305 162 333 157 206 197 96 183 256 42 185 127 178 152 208 286 1 293 270 345 179 323 227 223 141 283 337 182 179 165 202 91 194 26 234 274 285 225 336 91 151 247 139 287 130 198 244 31 240 114 281 215 273 122 192 109 149 275 283 257 142 306 169 360 252 170 117 100 96 64 118 199 112 140 97 60 222 60 202 149 148 215 116 186 269 129 103 179 121 107 289 207 134 249 118 144 42 78 47 181 246 183 237 222 58 245 69 124 239 309 197 81 336 271 249 10 113 274 109 153 42 177 252 85 92 203 43 216 110 77 110 201 72 37 88 104 188 288 244 164 69 250
 422 301 222 411 88 247 302 157 130 94 2 329 70 143 142 370 99 268 180 257 68 185 216 204 204 232 43 252 331 228 126 204 156 282 293 1 146 56 235 69 184 121 310 17 48 182 330 300 323 374 313 306 79 33 224 71 68 207 273 326 183 24 251 97 235 284 137 224 26 244 92 414 173 286 302 188 202 183 153 101 181 80 69 179 184 197 328 281 378 97 183 307 363 352 112 334 132 282 291 285 182 122 275 197 392 158 283 398 67 89 310 196 234 310 264 368 336 176 197 322 57 73 342 249 361 200 268 68 221 330 47 178 259 299 294 33 238 142 271 131 65 315 381 121 335 288 337 362 200 306 222 257 380 265 299 96 281 300 357 81
 384 323 77 351 103 186 204 280 227 86 147 185 82 92 48 341 160 249 45 156 121 115 300 93 179 304 117 236 223 271 113 261 63 139 270 146 1 157 128 109 282 219 219 131 156 92 224 352 206 326 199 291 179 116 78 149 125 185 324 195 132 164 168 148 98 276 32 260 162 119 56 375 81 209 346 43 56 41 153 65 247 152 85 101 159 207 341 228 311 155 179 346 303 324 209 286 217 331 195 361 198 105 374 238 350 92 201 362 84 120 221 302 272 217 260 344 315 250 59 214 136 141 299 345 328 147 134 211 301 335 154 295 122 271 215 116 272 148 233 110 180 327 339 81 304 364 354 317 225 188 206 241 346 295 187 57 370 352 338 72
 473 356 230 458 133 291 338 199 183 133 55 340 77 182 169 422 154 320 179 291 40 224 268 232 253 286 90 304 365 283 172 259 186 294 345 56 157 1 266 51 235 174 348 63 10 215 363 354 353 423 344 359 133 72 232 126 37 256 328 349 226 73 290 151 253 337 159 279 78 269 106 465 205 327 357 197 209 197 204 96 236 28 102 215 232 251 383 328 424 151 234 362 410 404 166 382 187 337 328 338 236 166 323 252 442 196 323 449 77 138 349 245 289 348 317 421 388 230 214 355 110 127 391 299 412 244 288 98 274 385 10 223 277 350 335 72 293 193 320 175 118 370 431 159 386 341 392 411 255 335 273 309 431 320 330 101 331 355 410 110
 270 260 112 230 152 85 76 317 252 143 236 144 192 96 99 236 188 166 148 29 237 61 296 37 118 287 193 158 99 237 124 241 82 111 179 235 128 266 1 225 293 247 92 219 263 54 99 310 89 211 79 204 225 204 112 196 241 124 285 102 80 244 51 177 67 197 112 222 239 38 164 262 63 88 299 113 116 98 134 188 240 269 168 61 112 164 268 121 188 184 139 294 183 221 240 174 234 289 68 339 166 123 373 211 237 80 78 251 192 161 94 317 233 90 187 243 219 248 81 90 195 188 190 343 223 77 65 286 292 256 261 323 73 176 92 204 229 139 138 118 236 255 227 115 202 341 282 204 189 72 140 162 237 244 65 174 358 309 240 158
 449 348 180 428 109 259 298 225 194 103 69 290 34 149 127 400 147 299 129 250 14 189 279 189 229 292 77 283 323 280 146 259 145 245 323 69 109 51 225 1 250 185 310 63 52 176 322 356 309 396 301 340 140 59 182 122 18 233 328 302 195 92 253 141 206 320 114 273 94 223 61 440 165 292 356 148 159 149 183 46 238 45 72 178 207 236 373 298 392 144 215 360 379 382 175 355 192 337 288 347 222 139 341 247 417 160 287 425 36 121 311 263 284 310 301 400 368 235 166 313 104 119 365 315 389 212 241 132 283 372 50 246 229 327 300 60 287 173 294 148 130 359 406 125 363 350 383 385 244 291 252 289 408 314 287 53 346 356 390 75
 342 174 345 358 180 247 328 63 58 197 185 429 237 213 247 289 123 207 325 300 251 235 39 281 189 65 180 196 363 104 181 76 249 387 227 184 282 235 293 250 1 67 324 188 226 252 358 138 367 316 357 224 111 194 346 137 252 186 119 394 214 163 275 135 332 201 256 114 160 322 242 336 250 289 148 316 330 302 160 268 61 261 205 239 186 145 205 257 343 128 161 158 322 274 77 285 67 128 316 106 136 188 94 101 322 226 294 320 233 163 320 25 114 326 186 280 252 50 306 356 153 144 284 67 285 221 352 147 48 216 226 46 351 236 297 193 122 156 232 187 121 197 312 209 264 108 206 302 124 356 184 198 302 141 344 254 98 139 266 215
 349 199 286 354 118 217 293 71 10 135 122 376 171 159 188 295 63 200 262 259 187 188 96 229 159 113 115 185 327 122 127 93 192 332 223 121 219 174 247 185 67 1 293 123 165 200 324 184 328 313 318 227 46 128 287 72 188 159 159 349 171 101 238 75 278 204 195 124 97 272 177 341 197 260 189 255 269 242 118 202 69 199 140 190 149 126 228 237 331 68 130 196 311 277 11 276 22 168 281 165 112 132 160 99 324 173 263 325 167 101 290 84 130 295 185 289 257 60 248 320 88 80 279 132 288 181 301 98 101 235 165 79 299 231 269 127 137 110 216 133 57 217 313 151 264 168 234 299 115 315 164 189 307 162 304 189 162 184 276 151
 194 238 196 145 223 78 21 362 295 218 312 184 277 168 185 172 243 142 238 64 323 126 316 127 137 299 268 143 45 243 188 258 167 171 141 310 219 348 92 310 324 293 1 296 344 136 39 300 64 135 58 165 282 282 195 259 327 139 281 112 131 315 61 235 147 169 200 227 310 115 250 186 147 37 285 202 204 188 178 276 265 354 248 134 145 180 235 80 103 240 166 278 103 162 288 109 276 282 25 343 190 190 388 228 162 154 31 178 276 227 8 349 236 4 168 183 168 276 170 44 263 252 125 361 159 116 126 352 309 219 342 362 140 134 30 281 229 187 108 182 297 225 154 191 146 344 250 133 203 68 143 144 169 234 56 261 368 300 184 239
 412 296 207 398 74 233 287 165 132 78 18 313 57 128 126 360 93 258 166 241 65 171 218 188 192 232 29 242 316 224 113 201 140 267 283 17 131 63 219 63 188 123 296 1 55 166 314 298 307 363 298 297 79 17 209 66 66 195 271 310 169 35 236 89 219 275 121 219 35 228 77 403 157 272 299 173 186 167 142 89 179 83 53 164 172 189 322 269 365 90 173 304 351 342 114 322 132 280 276 286 174 108 280 192 381 143 269 388 53 77 295 202 229 296 256 359 326 175 181 307 49 65 331 254 351 186 252 82 222 323 54 186 243 288 280 17 233 131 259 117 68 309 370 106 324 289 331 351 193 290 212 247 370 260 284 82 284 298 348 65
 466 347 230 451 126 285 334 191 174 127 46 340 75 177 165 414 145 313 180 286 43 219 259 229 246 277 82 296 361 274 165 250 182 294 337 48 156 10 263 52 226 165 344 55 1 211 359 345 349 416 340 351 124 65 232 118 40 249 319 347 220 64 285 143 251 329 156 271 69 266 103 457 201 322 348 197 209 196 196 97 227 37 97 210 225 243 374 321 417 143 227 353 403 396 157 376 178 328 323 328 228 160 314 243 435 191 318 442 74 131 344 236 280 343 310 413 381 221 212 351 102 118 384 290 405 238 286 91 265 376 3 214 275 342 330 66 285 185 313 169 109 361 424 154 378 331 383 404 246 331 266 301 424 312 327 100 322 346 402 106
 293 248 110 261 99 96 124 270 205 90 183 179 143 44 51 251 139 164 124 77 188 27 259 30 99 254 140 152 151 210 75 208 33 137 182 182 92 215 54 176 252 200 136 166 211 1 150 288 142 235 132 206 174 151 110 145 192 105 262 152 50 190 79 128 82 193 67 196 186 73 116 284 12 120 279 94 103 76 95 143 203 220 116 15 84 138 262 137 222 135 110 277 213 234 192 195 189 267 114 310 135 72 336 180 259 29 114 271 142 109 136 275 209 135 179 255 227 209 68 142 142 136 209 306 238 60 102 233 256 253 209 278 101 183 127 151 206 97 144 68 184 248 249 62 214 312 275 226 161 125 126 157 255 225 118 127 325 288 249 106
 221 276 188 166 244 112 32 393 326 237 331 156 290 188 197 205 270 180 236 74 335 147 351 134 170 336 287 181 7 280 211 293 179 151 179 330 224 363 99 322 358 324 39 314 359 150 1 339 32 164 31 202 309 299 187 284 339 173 319 81 156 336 86 261 140 207 209 264 332 109 262 213 160 74 323 200 199 188 207 285 299 366 264 152 176 215 273 118 125 267 198 316 131 196 318 143 307 320 44 380 223 212 425 263 191 172 66 208 289 250 46 383 274 36 206 216 204 310 170 12 285 276 159 397 192 144 111 376 345 257 358 395 127 172 68 299 266 216 146 205 322 263 184 209 181 382 287 165 239 44 179 182 200 272 39 271 405 338 219 255
 241 70 396 276 260 235 312 199 176 274 301 453 334 264 307 195 210 160 395 304 361 264 101 313 193 75 281 159 344 82 240 98 300 418 165 300 352 354 310 356 138 184 300 298 345 288 339 1 358 236 349 148 222 298 397 235 363 188 29 398 240 283 272 218 367 135 321 94 278 346 329 237 292 265 19 374 387 357 201 360 120 378 295 274 205 151 92 222 276 214 179 31 255 186 191 220 169 23 302 60 156 249 123 116 232 270 276 223 330 243 294 147 81 303 133 183 164 125 354 341 253 238 212 111 197 235 374 279 91 109 345 179 380 174 272 297 84 205 194 243 238 92 225 272 185 59 86 223 129 353 171 157 209 68 340 344 93 2 169 301
 252 298 163 197 239 126 48 398 331 230 324 125 277 183 185 234 271 201 214 71 322 144 364 121 181 350 281 200 27 295 209 306 168 121 202 323 206 353 89 309 367 328 64 307 349 142 32 358 1 194 11 227 309 292 162 282 326 184 337 50 158 331 94 262 116 229 196 279 327 89 249 244 151 95 344 179 177 169 212 269 310 353 256 147 183 227 297 140 156 268 208 337 161 224 321 171 313 339 57 397 234 209 439 276 221 167 84 238 277 247 71 392 290 61 227 245 231 320 150 22 282 274 187 410 221 148 84 373 358 282 347 401 101 197 90 291 283 219 167 203 321 286 215 203 209 399 312 194 252 19 193 202 230 291 25 257 421 358 247 245
 61 168 322 43 292 141 155 370 310 294 376 318 363 249 283 49 284 114 355 186 407 214 293 240 172 268 335 129 170 214 253 241 265 304 91 374 326 423 211 396 316 313 135 363 416 235 164 236 194 1 190 95 321 353 321 308 410 169 228 244 203 371 162 281 275 116 300 203 365 242 341 52 246 123 218 321 325 304 222 372 259 436 326 227 192 188 148 100 49 284 194 207 35 52 312 42 292 225 154 292 204 259 350 219 28 241 135 45 361 287 129 338 205 138 131 63 73 271 289 173 319 304 35 329 42 185 258 396 284 130 415 361 272 83 121 352 196 234 105 250 339 145 22 272 54 292 160 15 200 202 155 125 40 185 190 355 323 235 73 322
 248 289 159 195 230 116 40 387 321 221 314 128 269 173 176 228 261 192 208 60 313 134 353 113 170 340 272 191 28 285 199 296 159 121 194 313 199 344 79 301 357 318 58 298 340 132 31 349 11 190 1 219 299 282 158 272 317 174 328 56 148 322 83 251 111 220 187 270 317 82 241 240 142 86 335 173 171 162 201 262 299 345 247 137 172 217 289 131 153 258 197 328 157 218 311 165 303 329 48 387 223 199 429 266 217 157 75 234 269 237 64 381 280 54 217 239 224 309 143 20 272 264 181 400 216 138 81 363 348 274 338 391 97 189 82 282 273 209 158 193 311 278 210 193 202 389 304 189 242 14 184 193 225 282 15 249 411 348 241 236
 123 79 309 137 232 120 180 279 223 238 307 337 309 203 245 69 210 43 328 188 349 180 199 221 115 174 271 58 208 121 196 149 230 312 26 306 291 359 204 340 224 227 165 297 351 206 202 148 227 95 219 1 243 289 310 236 352 110 136 272 161 298 156 210 269 24 262 110 292 240 292 116 214 134 130 298 307 280 157 325 168 375 269 193 136 110 71 89 130 211 126 120 109 52 228 74 206 133 173 200 125 204 257 130 100 200 146 99 306 222 158 244 112 168 44 64 32 180 270 207 250 234 66 235 63 147 264 317 190 56 350 269 274 31 138 288 103 168 67 195 261 62 90 222 42 201 86 81 114 226 89 53 81 91 213 307 231 147 52 268
 363 227 249 360 82 209 279 102 55 97 80 345 126 131 153 310 41 210 221 240 143 166 140 202 156 154 70 194 312 152 101 127 160 299 234 79 179 133 225 140 111 46 282 79 124 174 309 222 309 321 299 243 1 84 250 32 144 157 196 325 154 62 224 49 246 220 157 150 57 245 134 355 169 252 225 217 231 206 107 158 103 158 98 165 141 135 256 236 333 43 129 230 315 291 36 282 54 205 267 208 119 103 204 123 336 147 253 339 122 67 280 128 159 283 200 306 273 98 214 304 45 41 288 177 302 168 273 76 144 260 124 117 268 241 261 83 164 97 220 108 19 243 324 118 276 211 263 307 131 294 167 198 321 191 285 145 207 222 293 109
 403 292 191 387 62 221 273 175 137 64 34 297 45 114 110 352 90 250 151 226 65 156 222 172 182 234 20 234 301 222 101 201 125 251 274 33 116 72 204 59 194 128 282 17 65 151 299 298 292 353 282 289 84 1 193 64 67 186 271 294 156 50 222 84 203 268 105 216 48 212 62 394 142 258 298 157 171 151 133 77 180 87 37 149 162 182 317 257 353 87 164 302 339 333 118 312 135 279 262 290 168 96 287 189 372 129 255 379 41 68 281 209 227 281 249 351 318 177 165 292 46 61 321 260 342 174 235 97 226 318 63 195 227 279 267 2 230 122 249 105 76 304 360 91 315 293 327 340 189 274 203 239 361 257 268 68 289 298 340 49
 381 357 3 338 170 192 176 351 294 154 225 109 159 137 100 346 225 269 60 136 194 136 360 89 208 358 192 259 184 318 167 313 100 65 285 224 78 232 112 182 346 287 195 209 232 110 187 397 162 321 158 310 250 193 1 219 198 214 370 135 159 241 162 213 49 299 94 304 239 82 134 372 105 199 388 37 24 46 199 137 304 223 161 124 193 247 369 231 296 220 218 386 293 331 277 285 281 375 172 415 243 160 436 286 347 128 188 362 161 187 200 368 317 193 287 353 328 309 44 176 209 211 301 406 333 168 79 288 358 360 230 365 63 284 202 193 314 198 245 162 254 356 338 138 312 417 383 315 269 145 234 264 348 334 149 133 428 396 349 148
 354 231 218 346 51 189 254 133 80 66 73 314 103 102 122 302 28 200 191 213 127 139 161 172 139 172 47 184 286 160 74 138 129 268 225 71 149 126 196 122 137 72 259 66 118 145 284 235 282 308 272 236 32 64 219 1 129 141 207 295 129 63 200 28 215 214 126 155 58 215 106 346 139 230 235 186 200 175 88 133 117 147 69 137 121 127 258 219 316 27 115 240 300 283 62 269 74 216 242 228 112 75 230 127 325 118 230 330 99 37 257 155 165 259 194 299 266 115 183 278 19 10 275 202 293 144 243 94 164 259 117 147 238 231 239 63 169 77 205 80 40 245 314 87 267 231 267 295 130 267 155 188 312 196 258 119 230 235 287 80
 463 357 196 443 122 274 315 223 197 117 68 306 50 164 143 413 155 312 144 267 5 204 283 206 242 297 85 296 339 288 159 266 161 261 336 68 125 37 241 18 252 188 327 66 40 192 339 363 326 410 317 352 144 67 198 129 1 246 335 319 210 91 269 150 222 332 131 282 93 240 78 454 181 308 363 164 175 166 196 62 244 29 86 194 221 247 383 313 407 152 227 368 394 395 178 369 197 344 305 351 233 152 342 255 431 176 303 439 52 132 327 264 293 326 312 413 381 240 183 330 111 127 379 317 402 227 258 126 287 383 39 245 246 340 316 67 296 185 308 162 132 369 420 140 376 354 393 399 254 308 265 301 421 323 304 70 348 363 403 90
 218 144 214 206 126 62 143 225 159 131 208 267 202 95 138 168 118 68 224 121 243 79 180 128 7 167 168 53 178 115 88 123 125 231 91 207 185 256 124 233 186 159 139 195 249 105 173 188 184 169 174 110 157 186 214 141 246 1 163 217 57 203 92 114 181 93 154 99 198 159 184 209 112 104 177 197 207 179 54 217 127 271 162 91 28 44 158 80 177 117 29 174 160 149 155 129 140 167 131 217 51 96 256 92 187 94 109 194 199 119 135 211 111 141 76 168 137 138 172 172 151 137 136 227 157 49 188 231 175 151 248 224 193 95 113 185 106 66 65 87 174 144 176 114 131 220 172 156 69 175 22 58 176 122 163 199 239 187 159 160
 240 65 369 270 232 213 291 181 151 246 274 429 306 236 280 191 182 142 367 281 334 237 83 287 168 55 253 139 324 54 212 71 273 393 151 273 324 328 285 328 119 159 281 271 319 262 319 29 337 228 328 136 196 271 370 207 335 163 1 376 214 256 249 190 341 120 294 67 251 321 301 235 266 246 31 347 359 330 173 332 93 351 267 247 179 124 93 203 265 186 153 40 244 179 165 208 143 10 282 65 129 221 123 87 227 243 255 221 302 215 275 132 54 284 115 180 157 100 327 321 225 211 201 105 191 210 350 255 73 108 318 162 355 159 252 270 58 178 175 215 212 89 219 245 176 66 91 215 102 331 148 138 205 48 318 316 96 29 165 273
 301 341 137 246 249 164 94 419 353 237 327 76 273 195 185 283 289 243 192 97 315 162 395 125 213 384 286 240 76 331 224 338 171 82 247 326 195 349 102 302 394 349 112 310 347 152 81 398 50 244 56 272 325 294 135 295 319 217 376 1 181 338 128 278 98 273 192 315 334 83 244 294 158 139 385 161 154 155 235 259 339 346 258 161 210 260 342 184 205 285 237 379 211 273 341 220 336 378 100 433 264 222 471 308 271 179 127 288 273 259 119 418 326 109 268 294 279 348 137 72 292 287 236 442 270 175 62 382 390 327 345 425 76 242 136 294 320 241 210 218 334 331 264 211 257 435 357 244 285 47 230 243 280 331 61 250 455 397 295 246
 258 199 159 234 96 66 126 241 174 94 184 220 162 47 85 212 115 119 169 89 206 25 217 75 50 210 141 105 159 163 58 164 71 181 139 183 132 226 80 195 214 171 131 169 220 50 156 240 158 203 148 161 154 156 159 129 210 57 214 181 1 186 71 106 129 146 102 148 181 111 139 249 56 104 231 142 152 124 56 171 161 236 126 36 35 90 214 104 199 112 63 228 186 194 164 162 157 218 114 264 89 62 294 134 225 41 102 235 159 97 129 239 161 131 131 215 185 169 117 151 133 122 173 265 200 19 141 223 214 206 218 246 144 141 112 156 157 62 104 53 168 200 214 70 175 266 227 192 114 145 77 110 218 176 134 154 281 239 207 121
 417 288 239 408 93 248 308 134 110 102 24 345 91 150 155 364 89 262 200 264 91 191 196 214 201 213 52 246 338 213 128 188 167 298 287 24 164 73 244 92 163 101 315 35 64 190 336 283 331 371 322 298 62 50 241 63 91 203 256 338 186 1 255 91 249 276 152 211 7 256 110 408 182 288 286 206 219 199 150 123 164 99 83 186 182 189 316 280 377 89 178 291 361 345 93 331 115 265 296 265 174 126 253 184 387 165 287 393 88 90 314 175 220 315 256 361 328 158 212 330 54 68 338 228 355 202 280 48 202 319 64 156 273 293 297 49 225 139 268 134 46 303 376 129 329 268 324 358 189 315 217 251 374 251 307 116 260 283 349 96
 221 217 162 185 164 38 56 308 241 159 252 185 220 109 130 186 185 120 194 34 265 67 271 79 88 258 208 115 90 204 128 214 111 157 130 251 168 290 51 253 275 238 61 236 285 79 86 272 94 162 83 156 224 222 162 200 269 92 249 128 71 255 1 176 117 151 145 189 250 86 194 213 91 42 259 160 165 143 122 222 217 296 189 76 91 135 222 71 144 182 115 253 137 171 232 125 222 252 44 307 141 130 347 183 188 95 35 201 218 167 60 299 199 61 144 193 170 227 128 83 203 193 140 318 173 58 110 293 266 209 283 310 120 127 48 222 193 130 90 123 238 210 178 132 152 309 237 155 160 84 103 118 188 205 71 206 329 271 190 181
 327 208 212 319 47 163 231 143 82 63 99 302 117 85 114 275 13 173 192 192 148 118 154 156 112 160 66 157 264 140 54 121 117 258 198 97 148 151 177 141 135 75 235 89 143 128 261 218 262 281 251 210 49 84 213 28 150 114 190 278 106 91 176 1 203 188 122 133 85 199 114 319 124 205 217 182 196 169 61 144 103 170 79 118 95 101 234 192 289 8 88 220 273 256 66 241 69 198 219 217 86 58 227 107 298 100 206 303 113 29 233 156 144 235 168 272 240 104 174 256 41 25 248 197 266 120 228 120 155 235 142 154 225 204 214 84 147 50 178 61 63 221 287 76 239 220 244 268 105 247 128 162 285 174 237 128 223 218 261 86
