NAME : domp40p10v5
COMMENT : (Deleplanque et al.) 
TYPE : DOMP
DIMENSION : 40
DISPLAY_DATA_TYPE: NO_DISPLAY
OPEN_FACILITIES : 10
COST_SECTION
 1 169 271 184 307 236 82 268 248 36 264 201 310 157 319 238 228 177 363 97 334 75 286 327 411 315 116 199 7 40 271 351 159 260 268 255 340 349 131 237
 169 1 107 252 330 282 100 255 305 181 163 152 375 216 370 318 77 216 208 217 174 122 125 213 349 336 170 260 169 198 113 345 154 176 131 232 248 233 225 233
 271 107 1 311 354 326 206 270 351 279 136 177 418 279 406 376 53 270 107 303 71 213 25 155 315 359 244 315 271 297 25 350 206 161 74 246 204 170 300 260
 184 252 311 1 129 55 231 124 65 151 218 144 131 37 136 68 259 44 359 96 346 148 312 272 279 137 86 16 178 158 297 184 106 197 264 128 254 288 56 99
 307 330 354 129 1 74 339 86 76 275 227 183 89 151 64 116 308 133 365 223 365 256 346 256 189 10 196 114 301 284 334 67 179 200 289 110 216 264 184 98
 236 282 326 55 74 1 276 91 27 204 214 150 95 81 90 64 275 69 357 150 350 192 323 259 238 83 130 40 230 212 308 133 128 190 269 104 232 272 110 77
 82 100 206 231 339 276 1 282 293 108 235 192 361 197 364 293 172 209 306 163 274 85 225 294 407 347 147 243 85 119 212 372 166 239 221 264 319 316 186 253
 268 255 270 124 86 91 282 1 113 242 142 104 163 126 144 154 226 100 281 203 281 204 262 175 156 90 153 114 262 255 249 92 117 116 204 25 143 186 167 32
 248 305 351 65 76 27 293 113 1 215 240 176 71 97 72 44 301 90 383 157 376 210 348 284 253 84 147 51 242 221 334 140 152 215 295 129 255 297 119 103
 36 181 279 151 275 204 108 242 215 1 254 185 276 126 285 203 232 147 364 63 337 69 291 318 389 284 90 166 30 19 276 322 139 247 267 231 325 339 97 210
 264 163 136 218 227 214 235 142 240 254 1 78 300 195 284 273 103 175 145 249 140 190 124 65 189 230 181 216 261 272 113 215 127 27 65 119 86 86 229 139
 201 152 177 144 183 150 192 104 176 185 78 1 242 118 231 203 128 101 216 173 204 128 174 139 216 188 106 144 197 203 159 193 51 64 122 81 141 159 152 86
 310 375 418 131 89 95 361 163 71 276 300 242 1 165 31 74 368 160 443 215 439 278 414 337 276 92 216 119 304 279 400 149 222 275 359 184 302 348 180 162
 157 216 279 37 151 81 197 126 97 126 195 118 165 1 168 103 227 27 333 79 318 114 281 252 280 159 52 47 151 136 266 199 75 176 236 123 241 270 43 96
 319 370 406 136 64 90 364 144 72 285 284 231 31 168 1 91 358 158 425 226 423 281 401 317 247 65 218 123 313 290 387 120 217 258 344 166 279 326 189 148
 238 318 376 68 116 64 293 154 44 203 273 203 74 103 91 1 324 107 416 142 406 213 375 321 296 123 152 61 232 206 360 181 171 249 324 167 295 335 109 139
 228 77 53 259 308 275 172 226 301 232 103 128 368 227 358 324 1 218 136 253 107 165 60 142 290 313 192 263 227 250 45 309 154 123 56 201 183 161 248 212
 177 216 270 44 133 69 209 100 90 147 175 101 160 27 158 107 218 1 316 104 303 125 270 231 254 141 64 46 171 159 255 176 65 155 221 97 217 248 69 70
 363 208 107 359 365 357 306 281 383 364 145 216 443 333 425 416 136 316 1 375 39 296 85 115 269 367 309 358 361 382 96 341 260 169 100 260 165 116 363 282
 97 217 303 96 223 150 163 203 157 63 249 173 215 79 226 142 253 104 375 1 354 96 311 311 357 231 69 110 91 65 296 276 124 236 276 198 309 331 40 173
 334 174 71 346 365 350 274 281 376 337 140 204 439 318 423 406 107 303 39 354 1 270 50 127 288 369 289 347 333 356 63 348 244 166 83 258 180 135 345 277
 75 122 213 148 256 192 85 204 210 69 190 128 278 114 281 213 165 125 296 96 270 1 224 253 340 264 64 160 72 87 209 292 90 185 199 188 266 275 109 174
 286 125 25 312 346 323 225 262 348 291 124 174 414 281 401 375 60 270 85 311 50 224 1 135 296 351 249 315 285 309 17 337 208 149 60 238 185 149 305 253
 327 213 155 272 256 259 294 175 284 318 65 139 337 252 317 321 142 231 115 311 127 253 135 1 163 257 244 268 324 336 132 227 189 77 88 156 54 22 289 183
 411 349 315 279 189 238 407 156 253 389 189 216 276 280 247 296 290 254 269 357 288 340 296 163 1 185 301 268 406 404 291 128 253 174 243 160 112 155 322 185
 315 336 359 137 10 83 347 90 84 284 230 188 92 159 65 123 313 141 367 231 369 264 351 257 185 1 204 122 309 293 338 61 187 204 293 114 217 265 192 104
 116 170 244 86 196 130 147 153 147 90 181 106 216 52 218 152 192 64 309 69 289 64 249 244 301 204 1 98 110 104 233 237 56 169 210 143 243 264 58 122
 199 260 315 16 114 40 243 114 51 166 216 144 119 47 123 61 263 46 358 110 347 160 315 268 268 122 98 1 193 173 300 170 111 194 265 121 248 284 71 91
 7 169 271 178 301 230 85 262 242 30 261 197 304 151 313 232 227 171 361 91 333 72 285 324 406 309 110 193 1 36 271 346 154 256 266 250 336 346 125 231
 40 198 297 158 284 212 119 255 221 19 272 203 279 136 290 206 250 159 382 65 356 87 309 336 404 293 104 173 36 1 294 334 156 264 285 246 342 357 103 224
 271 113 25 297 334 308 212 249 334 276 113 159 400 266 387 360 45 255 96 296 63 209 17 132 291 338 233 300 271 294 1 327 192 138 50 225 180 147 290 240
 351 345 350 184 67 133 372 92 140 322 215 193 149 199 120 181 309 176 341 276 348 292 337 227 128 61 237 170 346 334 327 1 207 190 279 114 180 231 237 119
 159 154 206 106 179 128 166 117 152 139 127 51 222 75 217 171 154 65 260 124 244 90 208 189 253 187 56 111 154 156 192 207 1 113 162 100 189 208 104 88
 260 176 161 197 200 190 239 116 215 247 27 64 275 176 258 249 123 155 169 236 166 185 149 77 174 204 169 194 256 264 138 190 113 1 91 93 82 96 213 114
 268 131 74 264 289 269 221 204 295 267 65 122 359 236 344 324 56 221 100 276 83 199 60 88 243 293 210 265 266 285 50 279 162 91 1 180 133 107 264 197
 255 232 246 128 110 104 264 25 129 231 119 81 184 123 166 167 201 97 260 198 258 188 238 156 160 114 143 121 250 246 225 114 100 93 180 1 129 169 164 30
 340 248 204 254 216 232 319 143 255 325 86 141 302 241 279 295 183 217 165 309 180 266 185 54 112 217 243 248 336 342 180 180 189 82 133 129 1 52 281 158
 349 233 170 288 264 272 316 186 297 339 86 159 348 270 326 335 161 248 116 331 135 275 149 22 155 265 264 284 346 357 147 231 208 96 107 169 52 1 308 197
 131 225 300 56 184 110 186 167 119 97 229 152 180 43 189 109 248 69 363 40 345 109 305 289 322 192 58 71 125 103 290 237 104 213 264 164 281 308 1 138
 237 233 260 99 98 77 253 32 103 210 139 86 162 96 148 139 212 70 282 173 277 174 253 183 185 104 122 91 231 224 240 119 88 114 197 30 158 197 138 1
LAMBDA_SECTION
1  14
2  18
3  38
4  35
5  15
6  39
7  29
8  15
9  27
10  16
11  30
12  10
13  32
14  14
15  13
16  32
17  10
18  26
19  27
20  19
21  28
22  20
23  32
24  38
25  30
26  37
27  36
28  36
29  12
30  33
31  30
32  16
33  34
34  20
35  34
36  39
37  20
38  15
39  36
40  29
