NAME : domp20p5v4
COMMENT : (Deleplanque et al.) 
TYPE : DOMP
DIMENSION : 20
DISPLAY_DATA_TYPE: NO_DISPLAY
OPEN_FACILITIES : 5
COST_SECTION
 1 298 183 285 335 255 423 423 182 355 167 218 215 53 351 378 393 259 236 358
 298 1 183 318 129 62 319 276 125 135 256 129 185 246 223 177 290 312 115 242
 183 183 1 159 163 122 250 242 142 184 74 57 34 146 170 200 218 144 75 179
 285 318 159 1 235 260 175 207 300 252 122 196 140 271 163 239 155 28 205 152
 335 129 163 235 1 107 193 148 209 22 224 118 141 289 101 53 166 239 100 121
 255 62 122 260 107 1 281 246 104 121 195 68 125 204 183 159 249 252 55 201
 423 319 250 175 193 281 1 61 366 196 262 247 217 394 99 158 34 198 242 81
 423 276 242 207 148 246 61 1 340 146 270 226 209 387 74 105 56 227 217 67
 182 125 142 300 209 104 366 340 1 224 199 120 166 130 271 260 333 284 125 287
 355 135 184 252 22 121 196 146 224 1 245 138 162 309 109 44 171 257 120 128
 167 256 74 122 224 195 262 270 199 245 1 130 84 150 203 253 233 98 147 204
 218 129 57 196 118 68 247 226 120 138 130 1 58 173 155 162 215 187 20 169
 215 185 34 140 141 125 217 209 166 162 84 58 1 179 137 173 185 129 71 145
 53 246 146 271 289 204 394 387 130 309 150 173 179 1 314 335 362 247 190 324
 351 223 170 163 101 183 99 74 271 109 203 155 137 314 1 81 68 176 147 21
 378 177 200 239 53 159 158 105 260 44 253 162 173 335 81 1 135 248 147 99
 393 290 218 155 166 249 34 56 333 171 233 215 185 362 68 135 1 177 210 49
 259 312 144 28 239 252 198 227 284 257 98 187 129 247 176 248 177 1 198 168
 236 115 75 205 100 55 242 217 125 120 147 20 71 190 147 147 210 198 1 163
 358 242 179 152 121 201 81 67 287 128 204 169 145 324 21 99 49 168 163 1
LAMBDA_SECTION
1  19
2  18
3  15
4  8
5  19
6  15
7  6
8  6
9  6
10  17
11  16
12  12
13  12
14  6
15  19
16  12
17  9
18  19
19  6
20  10
