NAME : domp260p86v4
COMMENT : (Deleplanque et al.) 
TYPE : DOMP
DIMENSION : 260
DISPLAY_DATA_TYPE: NO_DISPLAY
OPEN_FACILITIES : 86
COST_SECTION
 1 287 263 214 225 372 306 42 183 70 68 290 136 380 79 287 267 279 293 362 189 156 84 398 354 292 101 200 41 331 313 367 286 373 307 94 208 199 312 108 403 372 374 426 305 307 158 415 386 129 192 443 329 233 377 156 324 182 181 218 205 209 401 302 274 101 274 389 300 50 190 332 209 400 55 380 263 139 383 357 205 218 274 131 85 269 355 290 188 61 383 358 3 341 170 194 179 351 294 154 223 111 158 138 100 349 225 271 57 139 192 137 360 91 210 359 192 261 187 319 168 314 101 67 287 223 77 230 114 180 346 287 198 207 230 111 189 398 165 324 160 311 250 192 4 219 196 216 371 138 160 240 164 213 52 301 94 305 238 84 132 375 106 201 389 36 22 46 200 135 304 221 160 126 194 248 371 233 299 220 220 387 295 333 277 288 281 376 175 416 243 160 436 287 350 129 190 364 160 186 202 368 318 196 288 355 330 309 45 178 208 210 303 406 336 169 82 287 359 362 228 365 65 286 204 192 315 199 247 162 253 357 340 138 314 418 385 318 270 147 236 265 351 335 151 131 428 397 351 147 174 168 198 176 302 35 163 319 333 208
 287 1 201 103 181 195 106 246 160 329 322 82 305 207 348 120 128 161 265 95 233 145 209 178 73 23 350 210 273 59 69 126 130 227 24 203 201 221 53 259 120 100 229 152 123 263 130 130 143 168 125 163 44 239 93 139 293 119 266 270 222 128 116 102 284 365 67 324 93 237 152 215 292 126 248 160 280 198 342 167 197 148 93 215 238 95 199 205 103 228 321 170 285 327 122 197 276 89 26 138 144 370 185 153 188 267 65 173 267 244 206 176 80 221 139 91 129 159 310 93 121 65 188 327 196 142 223 197 236 202 61 30 274 142 188 192 306 159 313 286 302 199 65 145 286 83 207 137 133 337 157 125 221 76 272 176 196 95 120 263 186 313 191 240 162 256 270 242 103 214 41 221 150 180 132 101 200 214 306 69 110 168 286 249 34 250 11 142 264 146 88 128 152 71 296 166 244 297 180 104 271 84 101 276 157 260 229 34 246 303 100 89 252 122 260 165 293 126 82 206 188 90 292 204 249 144 108 98 192 127 80 188 286 149 236 149 205 272 87 301 140 162 279 133 289 200 149 159 247 159 305 169 251 298 91 318 216 78 212 269
 263 201 1 240 42 391 299 242 274 330 327 130 361 402 342 92 76 333 417 291 88 141 235 379 219 223 361 329 227 194 160 326 311 418 220 179 327 72 174 312 293 292 420 336 312 422 189 294 342 226 243 338 215 370 265 217 449 136 361 384 342 95 267 294 421 364 137 497 286 232 272 395 394 315 210 361 414 278 507 363 60 288 275 289 180 274 390 372 156 216 492 366 263 480 156 315 367 189 184 159 70 373 109 209 199 440 167 338 212 320 73 251 267 263 274 287 111 322 394 291 195 265 216 327 363 71 190 34 296 84 232 176 376 83 35 244 393 358 383 445 374 375 140 96 265 140 70 277 333 381 251 80 317 167 286 353 190 289 85 300 138 484 234 353 362 230 242 230 223 129 241 52 130 243 254 266 394 351 448 166 253 369 433 422 169 404 191 342 356 336 251 190 315 262 462 223 350 468 109 159 376 238 298 376 333 438 405 234 246 385 127 142 412 293 431 268 320 87 274 397 37 213 309 369 362 96 303 212 341 199 123 382 451 186 405 339 402 432 268 365 292 327 450 330 360 134 327 359 427 139 383 270 360 380 285 295 103 157 393 378
 214 103 240 1 205 174 95 172 58 242 235 161 205 184 262 188 183 96 180 153 234 120 130 189 174 96 259 109 212 161 163 155 84 190 114 153 102 228 151 163 202 164 191 217 97 184 73 216 174 86 25 237 144 143 180 60 212 109 163 170 122 147 210 90 192 277 139 258 87 166 50 160 190 191 189 170 186 100 269 153 210 52 62 117 192 57 165 133 87 162 253 155 212 245 94 96 173 190 123 103 171 280 172 80 124 202 79 100 212 144 211 83 158 133 39 150 133 83 208 106 61 104 115 240 124 170 170 221 139 202 157 122 173 160 214 106 204 186 211 207 201 139 118 151 213 103 214 40 158 239 60 165 119 76 187 119 139 93 160 171 158 245 108 139 179 190 202 173 20 191 102 238 132 91 30 38 175 119 216 79 14 178 199 183 117 167 105 164 161 205 31 70 235 76 223 85 142 229 169 84 169 182 105 174 99 200 168 110 170 201 114 99 174 205 192 65 201 193 154 172 213 192 203 130 148 151 104 30 104 62 135 161 212 92 166 207 187 194 58 200 53 89 211 126 188 173 222 185 190 132 203 68 150 196 90 241 206 172 159 168
 225 181 42 205 1 363 271 202 236 291 288 121 320 374 303 91 69 299 380 274 66 101 194 356 212 201 322 290 190 185 153 305 280 388 202 138 289 50 164 271 284 277 390 324 284 385 150 287 322 186 206 329 202 331 255 177 412 99 320 344 303 60 262 266 383 325 122 462 259 192 234 363 353 301 171 338 375 238 471 337 27 252 245 248 142 244 360 337 120 176 457 340 225 443 118 276 326 187 167 119 39 334 69 169 158 406 137 304 176 279 42 211 253 221 237 270 74 288 353 267 157 242 174 288 329 40 150 18 255 49 220 158 336 47 9 203 352 338 342 408 333 342 117 57 227 110 40 241 312 340 212 58 276 134 245 321 149 263 62 259 97 449 193 313 341 192 204 190 188 93 220 42 89 202 217 234 366 313 409 135 218 346 395 388 150 367 170 321 315 322 219 151 309 236 427 183 310 433 68 123 336 231 273 335 301 405 372 214 206 344 94 110 376 284 396 229 280 88 259 368 8 210 269 334 322 57 277 177 304 160 102 353 415 145 370 325 375 396 238 324 257 293 415 304 319 95 317 339 394 98 342 231 320 339 258 257 70 152 361 338
 372 195 391 174 363 1 93 333 190 381 373 276 311 12 400 314 321 95 155 135 402 291 291 58 223 173 387 189 379 233 258 92 91 42 182 325 177 394 240 289 185 145 45 160 81 143 246 202 92 250 189 185 204 181 190 230 163 276 244 220 193 305 219 98 192 410 260 158 106 329 183 67 249 150 358 57 196 236 185 29 374 155 120 248 364 123 26 103 253 329 157 26 370 194 264 188 254 260 218 275 326 408 343 250 294 112 228 105 381 257 378 236 166 282 165 137 296 113 283 103 234 133 282 380 100 325 341 380 270 370 199 224 239 319 371 262 277 85 301 155 293 76 252 315 370 255 380 159 86 346 214 312 225 231 333 75 310 103 307 307 331 153 269 208 67 355 365 337 193 364 157 400 302 249 183 138 8 162 198 230 164 55 177 104 228 145 205 79 246 143 150 243 205 130 148 251 219 139 339 251 233 214 95 242 85 99 84 167 329 282 271 255 134 190 115 204 333 320 155 26 370 243 342 106 212 314 89 201 137 235 270 16 142 265 107 143 14 143 127 300 138 109 126 63 286 346 176 84 85 304 287 206 219 278 107 393 377 266 63 227
 306 106 299 95 271 93 1 265 131 328 321 186 276 104 348 224 229 72 177 82 312 204 223 96 149 84 341 157 306 152 172 65 38 123 97 245 145 304 155 242 139 95 125 139 20 172 163 157 83 178 115 162 124 171 130 153 200 186 218 209 166 213 163 6 205 361 170 222 14 259 122 112 235 116 283 77 203 180 243 67 282 100 34 196 284 38 94 113 164 255 220 69 304 234 177 149 229 181 130 189 234 362 255 173 217 166 136 87 305 215 287 171 103 221 102 82 205 80 263 24 151 50 209 327 104 233 263 288 219 280 125 135 221 227 279 196 258 93 274 192 264 99 160 224 305 163 289 97 67 311 148 220 184 141 275 77 232 12 215 255 245 213 200 185 85 283 295 266 111 278 71 309 214 182 113 59 97 145 221 139 87 85 200 150 138 163 115 72 219 124 66 160 170 38 198 178 193 197 251 162 215 146 17 223 63 158 128 83 262 259 180 164 161 144 161 144 283 230 95 101 278 170 288 113 192 223 10 117 117 154 178 85 188 184 140 126 105 178 39 267 82 80 179 34 254 261 149 93 144 218 262 146 197 254 16 332 289 181 109 211
 42 246 242 172 202 333 265 1 145 93 88 255 130 341 108 255 236 241 264 321 177 122 44 358 315 252 122 168 52 293 276 326 246 336 266 65 175 184 274 89 363 331 337 385 264 277 118 375 345 88 151 402 289 204 337 115 296 146 159 195 174 178 362 261 248 129 238 359 259 11 151 296 190 359 44 340 238 104 356 317 185 179 233 99 73 228 317 255 150 27 354 319 40 316 132 160 160 314 255 117 195 136 134 97 61 316 186 234 62 114 174 98 319 57 170 318 159 223 175 278 127 273 60 90 251 194 54 209 87 162 307 248 177 178 208 72 176 357 156 295 150 275 213 162 41 182 178 176 330 142 121 209 134 174 45 263 59 264 207 68 106 345 66 173 349 27 33 14 159 118 263 205 128 86 154 207 332 201 274 181 179 347 269 300 239 257 241 335 153 374 202 120 395 246 320 88 164 334 135 148 180 328 277 175 250 322 295 268 7 166 173 173 272 366 303 131 81 256 318 324 206 326 68 251 178 162 274 157 212 122 218 319 310 99 281 377 346 288 229 138 196 227 319 295 138 110 387 357 317 115 162 129 173 162 261 72 147 282 297 185
 183 160 274 58 236 190 131 145 1 198 191 212 150 198 218 235 227 97 146 202 250 139 103 219 231 153 211 57 192 218 218 195 105 193 171 148 54 248 207 112 254 214 194 265 126 154 87 270 213 67 38 286 201 97 235 60 179 139 107 117 71 181 266 128 148 231 191 235 128 141 10 155 135 240 173 202 141 50 240 175 234 36 103 66 185 97 173 116 120 143 230 177 181 208 119 43 117 247 180 120 206 232 189 75 113 184 128 91 196 89 232 48 211 94 30 200 164 79 151 149 80 155 98 197 111 205 160 251 89 221 213 178 117 192 244 74 147 222 155 176 145 133 167 180 182 146 236 36 197 185 29 206 63 121 147 120 130 134 200 124 167 221 82 85 212 167 176 149 62 199 156 262 152 61 29 77 189 78 174 126 54 208 160 166 172 135 161 201 105 251 80 86 287 124 197 69 87 207 186 117 114 238 145 118 106 186 157 166 140 145 153 140 146 258 172 15 153 239 206 180 243 248 158 113 94 180 141 72 76 76 183 175 186 97 146 253 203 165 102 144 54 84 190 157 132 181 272 222 179 147 146 17 95 139 132 205 220 227 155 114
 70 329 330 242 291 381 328 93 198 1 9 345 93 387 21 346 328 288 276 394 258 214 121 415 400 331 33 195 109 379 365 392 302 374 347 156 206 267 362 93 441 405 375 458 323 291 202 454 410 163 218 478 372 219 417 192 303 237 156 193 195 269 444 325 249 38 327 369 325 103 207 331 176 432 122 399 239 149 358 370 272 232 298 135 153 293 361 288 238 118 364 371 69 313 221 194 150 402 340 207 286 45 223 177 150 337 272 277 126 126 260 160 397 111 227 391 251 269 146 345 209 345 144 4 287 285 142 297 112 248 389 334 171 269 297 139 150 420 120 304 120 313 302 253 67 271 264 233 395 80 183 301 158 260 58 307 150 330 298 75 196 355 140 186 409 101 90 103 233 203 340 289 219 152 217 272 378 227 271 267 245 405 273 324 325 274 325 399 151 446 271 204 474 316 331 164 174 347 225 236 176 412 342 168 298 346 326 347 91 139 263 262 290 444 324 185 49 348 394 366 295 413 41 284 186 254 338 235 247 203 308 366 323 186 306 448 393 301 296 107 250 273 336 354 116 198 463 419 345 206 133 183 179 139 328 46 231 372 333 183
 68 322 327 235 288 373 321 88 191 9 1 339 87 379 28 341 323 280 269 387 255 208 115 408 393 324 35 188 108 373 359 384 295 367 340 152 199 265 355 85 434 398 367 451 316 284 196 448 403 156 211 470 366 212 410 185 296 232 149 187 188 264 437 317 242 44 322 362 317 99 200 324 170 425 119 391 232 142 352 363 269 224 291 128 151 285 353 280 232 114 357 363 68 307 216 187 144 396 334 201 282 50 220 171 145 330 266 269 124 119 257 153 390 104 220 384 246 262 141 337 202 338 138 8 280 281 138 294 104 245 382 328 164 265 293 132 144 412 115 297 114 305 296 249 66 265 261 226 387 77 176 296 150 254 51 300 145 322 293 68 192 349 133 179 401 98 88 99 226 200 333 287 214 145 210 264 371 219 265 261 237 397 266 317 319 266 319 391 144 438 264 197 467 309 324 157 167 340 221 230 170 405 334 161 290 339 318 340 85 133 258 256 283 437 317 178 42 343 387 359 291 406 33 277 179 249 330 228 239 196 302 358 316 180 299 441 385 294 289 101 243 266 329 346 110 194 455 412 338 202 127 175 172 133 320 48 229 366 326 176
 290 82 130 161 121 276 186 255 212 345 339 1 342 287 361 41 56 237 336 164 183 135 227 255 92 104 371 267 266 65 33 201 208 308 96 197 261 168 45 293 165 164 310 207 203 337 150 167 216 195 175 210 86 303 136 171 366 109 316 328 281 88 142 182 351 382 22 402 174 244 206 294 346 186 242 238 346 239 418 247 144 211 170 254 222 172 280 280 110 231 398 250 289 400 125 254 325 69 59 139 90 388 152 176 196 344 86 247 256 286 156 212 139 247 199 160 102 232 358 174 148 145 204 342 271 89 217 135 271 157 103 53 328 98 126 220 355 233 356 360 345 277 47 108 291 76 156 199 209 370 200 67 270 95 290 253 198 176 65 290 166 391 214 297 239 256 270 247 151 185 120 162 133 211 185 172 280 279 374 89 171 246 356 327 50 322 72 218 313 207 157 149 189 150 372 192 298 375 149 112 325 111 182 329 234 339 307 111 256 350 83 85 326 165 337 213 318 47 146 287 126 90 312 278 306 108 188 142 260 154 38 269 361 162 312 210 286 346 164 341 208 236 356 214 331 175 198 233 326 145 350 216 307 345 171 323 175 33 291 325
 136 305 361 205 320 311 276 130 150 93 87 342 1 315 108 354 339 222 189 350 304 226 127 353 377 300 84 124 172 361 355 339 244 297 318 186 136 309 347 51 403 363 298 412 266 205 193 419 356 148 182 434 347 136 384 172 213 242 70 105 119 282 414 273 159 108 321 279 275 137 159 254 84 388 172 338 149 107 267 305 307 177 250 91 202 245 288 212 234 152 274 306 135 222 222 128 62 388 321 212 304 104 254 167 163 252 259 208 186 63 298 131 360 100 178 349 262 205 54 296 195 304 148 94 213 303 181 330 72 285 361 318 82 287 327 124 58 363 30 215 28 238 296 271 133 267 302 182 340 36 148 313 92 248 89 238 172 280 309 63 226 266 132 105 349 152 149 142 203 245 305 330 235 132 176 225 307 150 180 255 203 343 183 241 310 189 304 343 67 398 230 194 436 273 242 151 93 259 254 231 88 385 291 79 233 262 246 314 124 47 266 259 205 408 239 141 56 356 355 293 325 393 72 208 103 271 285 209 175 189 306 296 235 185 224 400 322 214 250 15 194 208 250 295 27 233 420 362 263 224 41 138 96 47 279 131 273 363 257 95
 380 207 402 184 374 12 104 341 198 387 379 287 315 1 406 326 332 102 154 145 413 302 299 63 234 184 393 194 388 244 269 102 101 35 193 335 182 405 251 295 194 155 37 168 92 141 256 211 100 259 198 192 215 184 200 239 160 286 248 223 197 316 229 109 192 415 272 151 117 337 191 67 251 158 367 66 196 243 178 41 385 163 131 254 374 134 28 106 263 337 150 38 378 190 275 194 258 271 229 285 337 414 353 259 303 107 239 111 390 263 389 244 176 290 173 148 307 120 286 114 244 144 291 386 103 336 350 391 276 381 210 235 242 330 382 271 280 92 304 152 296 79 263 326 378 266 391 167 96 350 223 323 230 242 340 81 319 114 318 313 341 146 278 211 75 363 373 345 203 374 168 411 313 257 192 148 10 166 196 241 173 62 176 101 239 145 216 88 250 151 161 253 214 141 143 260 223 133 350 262 236 225 106 245 93 93 83 178 337 285 282 266 133 199 111 212 339 332 166 24 382 254 348 109 215 325 100 212 142 245 281 24 138 275 106 151 9 141 138 304 146 116 121 74 290 357 184 91 81 315 290 213 222 281 118 400 388 278 63 229
 79 348 342 262 303 400 348 108 218 21 28 361 108 406 1 361 342 307 293 413 266 229 139 435 418 350 32 214 117 397 382 411 322 393 366 170 225 277 379 112 460 425 393 478 343 309 220 473 430 181 238 497 391 237 436 210 319 253 173 210 214 284 463 344 265 23 344 385 344 118 227 350 191 452 133 419 255 169 374 390 283 252 318 155 163 313 380 307 255 133 380 391 80 329 238 214 167 419 358 223 300 33 236 196 167 355 290 296 133 145 270 180 416 130 247 411 266 289 160 364 227 365 161 22 306 299 154 308 132 259 408 352 187 284 308 158 164 440 134 321 135 332 319 268 78 288 274 253 414 90 203 316 177 278 77 327 166 349 313 95 209 372 158 204 429 113 101 117 252 214 360 299 234 172 237 292 398 245 287 285 264 425 289 342 343 291 344 418 168 465 291 222 493 336 348 183 192 364 237 253 193 430 362 184 318 364 344 366 107 153 280 279 307 463 342 205 68 362 413 386 306 430 61 303 204 268 357 253 266 221 324 385 340 203 324 468 412 318 316 122 270 293 354 374 132 209 482 439 363 221 148 203 197 154 347 50 241 389 352 200
 287 120 92 188 91 314 224 255 235 346 341 41 354 326 361 1 24 270 366 204 155 134 233 295 128 143 374 291 258 103 70 242 244 346 136 193 286 140 85 304 203 204 348 245 240 368 162 203 257 207 199 247 126 329 174 187 397 113 335 351 305 78 176 220 379 382 55 436 211 244 230 329 367 225 235 278 372 255 451 286 116 239 206 269 212 206 317 313 121 229 433 289 286 430 132 277 343 98 99 144 68 390 137 188 198 379 110 279 246 301 130 227 178 256 225 200 97 264 375 213 163 184 210 343 304 68 211 102 283 134 142 92 348 82 94 230 373 273 370 391 360 311 71 96 288 90 129 227 249 380 219 48 289 116 293 288 197 214 49 298 157 425 223 319 279 252 266 245 176 168 160 129 128 224 209 205 319 306 403 111 199 286 385 361 88 353 111 258 332 246 189 162 224 188 405 204 319 409 134 124 347 147 220 349 269 374 342 151 257 367 89 98 358 202 371 234 324 7 186 325 95 123 317 311 328 96 227 165 290 169 54 307 394 170 346 249 325 378 199 354 238 268 390 253 346 162 236 273 362 141 366 237 329 362 209 320 154 66 327 347
 267 128 76 183 69 321 229 236 227 328 323 56 339 332 342 24 1 271 363 217 133 116 216 305 146 150 356 284 237 120 87 252 246 350 147 173 279 117 100 289 220 218 352 262 244 366 150 222 268 194 192 265 141 322 191 176 394 98 325 343 297 59 196 225 373 363 63 436 216 225 223 331 357 240 215 288 366 243 450 293 94 234 208 257 190 208 322 312 110 210 433 296 266 427 118 270 332 119 110 128 46 371 115 175 181 379 106 278 225 289 107 215 193 240 220 213 79 262 363 220 152 192 194 325 303 46 190 81 269 111 158 102 338 60 73 216 361 284 357 389 347 312 71 76 268 82 106 222 259 364 209 28 279 109 276 290 179 219 31 282 136 424 208 311 289 232 246 226 170 146 168 108 109 211 203 204 325 300 398 106 196 296 381 361 95 349 118 269 321 262 188 150 243 193 404 191 310 408 112 113 337 165 227 339 270 375 343 161 238 355 77 88 355 220 371 225 307 22 199 329 73 143 299 310 319 75 233 158 286 157 53 313 393 155 345 265 332 375 201 340 235 267 390 259 333 141 253 285 363 122 354 227 319 350 215 300 131 85 329 338
 279 161 333 96 299 95 72 241 97 288 280 237 222 102 307 270 271 1 107 152 328 214 199 132 216 143 295 99 288 214 229 126 35 98 159 239 87 323 213 196 210 165 99 205 55 104 165 228 140 161 103 229 189 103 201 144 133 204 158 142 105 240 234 72 134 317 217 167 79 237 91 65 170 184 268 118 133 142 182 85 305 63 69 154 277 67 77 45 182 238 163 85 277 168 189 96 169 245 186 196 264 316 267 163 206 110 167 17 291 165 306 144 174 189 75 152 228 19 201 95 153 118 192 286 36 263 253 316 177 297 193 188 157 254 308 170 195 144 215 126 206 44 201 246 277 193 309 69 126 257 123 256 133 167 240 25 222 81 250 214 251 155 178 122 130 263 273 245 115 284 134 332 226 157 95 68 93 79 151 168 83 123 130 91 188 93 168 126 159 188 83 162 239 94 137 162 133 139 264 179 151 215 87 160 12 106 74 147 236 198 207 191 93 215 102 111 240 276 165 84 307 237 248 44 128 245 78 125 50 153 219 80 126 181 77 190 107 112 75 211 48 15 121 78 198 266 216 144 95 226 202 113 134 193 83 300 301 239 64 146
 293 265 417 180 380 155 177 264 146 276 269 336 189 154 293 366 363 107 1 255 395 284 231 210 322 248 272 99 315 320 332 223 141 126 265 287 96 393 317 189 313 268 125 302 159 17 232 331 233 208 175 327 295 61 306 205 34 282 121 85 91 323 339 178 39 296 316 96 185 265 147 89 110 284 302 203 45 165 96 164 379 130 174 166 321 171 130 65 262 272 91 163 291 65 263 110 128 350 289 265 348 292 333 219 252 65 258 93 324 156 377 183 279 209 144 256 307 107 146 200 224 225 235 276 74 347 295 395 180 366 299 291 108 335 388 204 140 232 170 32 165 86 296 324 291 282 381 142 221 219 173 344 131 255 245 103 269 187 339 212 311 82 215 93 215 290 295 273 195 342 241 407 297 196 164 165 149 69 46 258 168 204 24 59 289 15 270 218 126 285 180 230 341 200 58 210 105 72 331 259 102 322 191 111 115 77 73 253 258 149 292 278 22 318 53 155 229 371 270 131 387 343 243 65 91 323 182 207 78 221 314 143 48 242 49 285 162 26 179 175 130 104 62 175 163 325 315 231 82 292 154 154 98 146 189 303 365 342 93 95
 362 95 291 153 274 135 82 321 202 394 387 164 350 145 413 204 217 152 255 1 327 234 280 97 92 78 410 235 354 108 138 45 119 175 73 288 224 315 121 312 59 15 177 65 98 248 207 77 55 235 177 85 80 251 56 207 275 210 297 289 246 222 87 82 285 429 155 287 78 313 193 180 315 39 330 84 284 249 311 109 291 175 101 266 324 107 149 191 191 306 285 111 360 309 209 227 308 130 108 224 237 431 277 225 266 234 154 168 351 289 300 235 32 284 173 5 222 160 342 59 196 49 262 392 182 236 307 290 289 296 69 117 300 236 281 257 337 71 351 267 341 173 158 238 361 176 301 169 52 385 212 217 260 164 338 153 278 74 213 322 276 280 258 264 80 335 348 319 163 306 61 315 241 243 178 126 141 226 300 158 151 90 278 220 125 241 105 61 297 55 124 204 89 79 269 234 272 264 273 191 295 81 66 302 142 224 198 62 319 337 194 181 237 64 232 213 352 210 22 154 280 111 354 191 272 237 75 164 198 201 173 135 260 228 214 58 141 253 101 343 159 161 248 83 330 290 71 71 209 248 340 216 277 332 74 391 309 145 177 291
 189 233 88 234 66 402 312 177 250 258 255 183 304 413 266 155 133 328 395 327 1 115 183 402 272 251 289 299 150 245 215 354 315 422 255 120 301 17 224 258 343 331 424 381 322 403 166 347 372 190 228 388 260 341 314 191 429 128 317 347 311 106 324 307 392 288 181 483 301 168 251 392 351 357 137 383 383 239 489 378 40 274 283 246 106 281 396 361 151 153 479 380 189 456 141 287 321 250 223 134 95 298 63 177 150 430 179 330 134 273 28 215 309 211 259 323 109 314 344 312 177 290 169 255 354 96 124 58 247 33 279 214 334 92 64 200 344 388 328 425 321 371 170 91 191 154 28 264 360 317 223 118 278 173 220 351 136 305 121 241 86 470 189 318 388 159 168 164 215 60 269 37 103 204 238 267 405 327 419 176 246 392 407 412 205 384 223 369 312 378 254 169 369 279 446 187 313 455 66 152 336 291 316 333 332 431 399 266 182 334 136 151 395 344 419 241 256 152 313 404 63 272 243 358 326 92 319 205 324 178 159 391 435 154 393 381 415 414 276 310 283 320 438 346 308 74 375 388 421 105 332 242 323 331 301 218 32 215 391 339
 156 145 141 120 101 291 204 122 139 214 208 135 226 302 229 134 116 214 284 234 115 1 101 297 205 157 241 191 134 180 159 253 202 309 167 64 191 111 160 176 264 241 310 294 212 291 53 273 272 86 114 307 183 233 235 80 317 28 220 245 204 58 255 199 284 250 120 370 193 112 138 278 254 269 109 278 276 138 377 268 97 160 173 149 94 170 283 247 44 98 366 270 155 346 28 178 227 197 146 20 80 257 53 69 66 316 82 216 125 180 95 111 223 126 145 230 38 200 255 207 63 191 79 211 240 78 84 114 158 84 202 137 236 63 109 105 253 287 245 313 236 257 96 47 157 67 98 150 258 249 113 90 177 71 160 237 65 198 87 167 44 357 95 214 284 122 137 113 101 75 174 124 14 103 124 155 293 216 311 77 132 286 298 298 127 272 137 266 216 288 142 55 294 173 334 83 210 342 50 44 236 221 210 236 218 317 285 174 124 246 53 59 282 266 306 131 192 136 225 291 107 213 184 244 222 47 212 91 211 64 98 279 322 46 279 290 304 302 167 228 169 205 324 237 222 58 293 287 307 15 244 133 220 241 194 190 87 164 277 238
 84 209 235 130 194 291 223 44 103 121 115 227 127 299 139 233 216 199 231 280 183 101 1 315 279 213 146 132 90 259 246 284 204 295 228 64 138 187 241 78 323 290 296 344 222 242 82 336 303 46 108 362 252 171 299 74 263 121 136 169 141 158 325 218 219 158 208 325 216 39 109 256 170 318 73 297 209 67 324 275 182 137 191 67 92 185 275 216 119 42 320 276 83 286 103 123 140 282 220 90 179 163 129 58 37 279 152 193 96 92 174 56 280 29 128 277 138 181 162 235 89 231 24 119 211 178 67 205 65 161 269 214 154 162 201 30 162 314 149 261 141 235 183 146 83 152 178 134 288 149 78 190 103 140 65 222 48 222 186 67 101 311 23 143 306 65 75 47 118 124 224 206 110 43 111 165 290 165 246 147 136 304 238 262 205 222 205 293 131 333 160 83 356 204 286 46 135 298 129 116 156 292 234 153 208 284 256 229 40 153 146 143 236 327 267 89 92 235 278 282 199 292 87 212 149 146 232 117 173 83 190 277 276 66 243 336 304 253 187 131 154 186 283 252 127 110 347 314 278 98 151 88 145 149 219 112 152 252 257 160
 398 178 379 189 356 58 96 358 219 415 408 255 353 63 435 295 305 132 210 97 402 297 315 1 188 157 425 230 400 203 232 55 114 97 160 340 218 392 215 325 137 104 99 107 95 198 258 153 45 272 208 131 175 229 148 248 220 277 288 269 236 300 174 101 246 446 243 213 105 352 210 122 297 101 377 20 249 267 240 49 370 184 128 281 379 133 82 153 256 349 212 49 396 250 270 226 299 227 197 283 318 446 346 268 312 168 224 146 400 296 376 262 128 311 190 101 295 149 330 92 246 115 303 414 147 317 358 372 304 370 165 205 286 314 364 288 324 32 346 211 337 127 240 313 397 250 378 184 48 388 239 301 263 231 364 118 327 100 296 341 339 208 293 252 18 377 388 359 206 371 138 395 307 274 205 152 64 207 253 228 181 12 232 160 211 199 189 38 290 90 160 255 154 125 205 272 263 195 343 254 280 176 88 289 121 155 140 146 354 328 268 253 189 142 171 232 369 301 118 82 363 207 375 155 258 312 87 212 180 249 257 68 198 279 162 90 56 199 134 342 166 146 182 64 329 354 124 31 142 311 332 234 264 324 104 422 380 240 118 274
 354 73 219 174 212 223 149 315 231 400 393 92 377 234 418 128 146 216 322 92 272 205 279 188 1 80 422 278 337 28 60 136 182 261 62 267 269 258 49 331 76 86 264 119 168 319 199 77 145 239 196 120 31 305 48 211 347 178 336 338 290 172 53 147 346 436 93 369 139 305 222 260 361 102 312 175 343 270 391 196 234 215 150 287 298 154 234 260 167 294 367 198 353 382 186 266 346 40 61 202 179 441 235 223 255 313 130 230 329 316 245 248 61 293 208 89 180 218 381 128 192 100 258 397 250 178 287 226 308 245 26 68 343 183 217 264 376 161 384 340 374 248 110 191 354 139 245 205 143 409 229 156 292 142 343 225 262 138 153 335 243 360 261 308 171 322 336 309 175 267 83 252 207 252 203 166 229 278 365 135 179 181 345 298 78 308 75 152 334 123 155 197 98 123 346 237 313 344 231 169 339 20 138 345 209 305 276 71 314 374 154 147 308 75 310 237 364 133 71 240 217 22 363 259 317 190 147 170 254 198 116 221 336 217 288 125 230 326 146 372 205 221 327 166 361 255 109 161 291 218 376 240 320 369 135 386 262 63 256 337
 292 23 223 96 201 173 84 252 153 331 324 104 300 184 350 143 150 143 248 78 251 157 213 157 80 1 351 199 281 73 89 105 111 206 19 213 190 240 72 257 112 85 208 138 102 246 135 125 122 169 120 153 50 226 87 140 275 133 257 259 211 147 116 80 269 367 89 304 72 243 144 194 281 112 257 139 265 194 322 145 217 136 75 211 249 78 177 187 115 235 301 148 291 309 133 187 267 104 46 148 164 371 200 156 194 247 77 155 276 239 225 175 69 222 129 74 145 142 302 71 126 43 193 329 177 162 233 217 233 220 62 52 264 161 208 193 298 138 306 268 296 179 85 162 292 99 226 126 112 333 154 146 214 87 274 156 204 73 141 263 200 293 193 229 141 263 277 248 100 229 19 241 164 180 125 87 177 200 290 82 100 147 270 230 56 233 33 121 255 131 76 133 145 50 277 168 234 277 196 115 260 86 79 266 138 240 209 18 250 296 117 104 235 115 241 160 292 148 69 184 208 99 293 186 238 161 86 97 177 131 101 166 267 156 217 134 183 253 69 295 126 145 259 111 283 213 138 138 226 172 298 163 241 291 69 323 232 98 191 258
 101 350 361 259 322 387 341 122 211 33 35 371 84 393 32 374 356 295 272 410 289 241 146 425 422 351 1 200 141 402 390 405 313 377 367 186 211 299 385 101 459 422 378 474 335 288 226 474 423 184 235 495 394 218 437 212 296 264 153 188 198 298 465 338 242 25 353 362 339 132 220 334 167 449 153 410 232 163 349 379 303 243 313 147 185 307 366 291 263 148 357 380 101 304 247 201 145 426 363 233 315 22 254 200 177 335 295 283 157 131 291 177 416 130 241 408 279 278 134 359 231 362 168 36 291 314 172 328 123 279 410 358 165 299 327 159 138 432 107 299 110 317 327 282 99 297 295 246 408 60 200 329 164 284 82 314 179 344 326 89 226 349 162 186 420 132 122 133 252 234 359 321 248 172 233 287 385 229 262 291 261 415 266 323 349 271 347 411 148 461 287 227 493 333 326 186 174 342 255 261 171 433 356 162 306 345 327 366 119 128 290 288 288 463 322 199 60 376 412 371 325 436 60 287 185 283 351 255 252 225 334 372 318 210 306 463 399 297 311 98 262 281 333 365 110 228 480 431 345 235 122 197 177 129 342 77 262 397 337 178
 200 210 329 109 290 189 157 168 57 195 188 267 124 194 214 291 284 99 99 235 299 191 132 230 278 199 200 1 219 268 271 219 123 180 217 189 13 299 259 104 291 249 180 295 145 111 141 308 235 111 93 318 248 43 276 114 132 194 63 62 14 237 308 155 94 222 246 194 159 167 62 137 84 271 204 216 86 66 194 182 287 64 136 70 222 131 167 94 176 174 189 183 198 158 174 15 73 297 231 173 262 221 239 124 154 150 183 85 226 70 284 86 250 112 72 234 219 82 107 179 135 192 136 195 93 261 196 304 88 272 259 230 67 247 298 106 103 241 119 130 109 118 223 235 198 202 287 74 220 159 79 262 38 177 154 115 171 163 256 124 215 180 117 31 227 193 199 176 117 245 199 314 204 98 83 115 186 34 121 181 101 220 109 134 225 91 212 221 63 280 124 140 323 162 155 114 38 167 237 173 62 283 172 69 110 156 132 210 162 103 209 196 105 296 137 62 147 296 244 173 297 297 158 90 40 234 166 128 53 131 239 174 144 148 115 281 200 122 138 114 78 85 153 174 100 228 304 240 153 198 106 60 43 98 163 214 269 280 139 60
 41 273 227 212 190 379 306 52 192 109 108 266 172 388 117 258 237 288 315 354 150 134 90 400 337 281 141 219 1 313 292 364 290 384 294 71 225 161 292 137 391 364 385 418 307 328 148 402 384 130 193 433 313 255 364 154 347 161 209 245 225 182 386 301 299 139 252 411 298 53 198 345 239 391 26 382 289 154 408 361 169 226 273 150 49 269 364 305 171 52 405 363 41 367 152 211 209 330 277 136 193 149 125 134 90 367 210 282 17 165 155 145 349 108 215 351 166 270 221 316 159 307 98 106 301 192 51 194 138 144 332 269 227 178 195 119 223 396 200 346 195 324 229 163 43 199 159 222 369 177 166 212 185 198 84 311 78 304 210 115 102 397 111 225 390 27 24 44 196 99 295 183 135 132 197 249 379 252 325 205 220 389 320 351 259 308 266 375 203 409 242 151 423 283 372 129 215 385 127 170 230 352 316 225 296 372 345 298 58 212 186 191 323 394 354 178 118 258 349 371 193 346 103 301 229 163 315 193 262 155 230 365 362 127 331 411 392 339 269 182 242 275 370 337 184 98 418 396 367 122 208 177 224 209 300 69 126 296 346 236
 331 59 194 161 185 233 152 293 218 379 373 65 361 244 397 103 120 214 320 108 245 180 259 203 28 73 402 268 313 1 34 149 182 269 57 242 259 231 23 314 101 105 271 144 170 318 178 103 162 220 182 146 30 297 72 192 346 153 324 328 281 145 79 149 341 416 67 373 140 283 210 263 350 124 288 188 337 254 393 205 207 206 147 271 272 150 241 259 144 271 370 207 330 381 162 255 333 31 40 179 152 421 209 203 233 316 108 228 304 301 218 231 79 273 197 104 153 214 368 133 172 104 237 377 249 151 262 199 291 218 41 46 332 157 190 245 364 177 370 339 360 249 85 165 331 114 218 195 157 392 214 129 279 120 322 226 239 141 126 316 218 363 242 298 186 299 313 287 159 240 82 226 181 234 189 158 238 271 362 113 168 195 342 300 55 306 58 166 321 145 146 176 125 121 348 218 302 347 204 146 329 47 143 334 209 309 279 70 293 361 128 123 306 101 311 223 345 108 87 248 190 35 343 258 307 164 151 153 248 178 90 229 338 195 288 148 241 325 142 357 197 217 329 173 346 229 134 178 295 193 362 226 310 356 137 364 235 39 260 327
 313 69 160 163 153 258 172 276 218 365 359 33 355 269 382 70 87 229 332 138 215 159 246 232 60 89 390 271 292 34 1 178 198 292 77 222 264 200 19 307 134 137 294 177 190 331 166 136 192 210 181 179 59 304 106 184 360 133 324 332 284 118 110 168 350 402 41 392 160 266 211 282 352 157 267 216 345 250 410 229 176 212 161 266 249 163 264 273 128 254 389 232 312 395 145 258 333 39 44 161 121 408 182 192 217 334 97 241 282 297 188 225 111 263 201 134 129 226 367 156 162 126 223 363 264 121 242 167 284 188 74 43 334 128 158 235 364 208 367 354 356 267 65 138 314 96 188 200 185 385 210 98 278 108 309 243 221 161 96 306 194 381 231 301 215 280 294 269 157 214 103 194 159 225 190 168 263 279 372 101 172 224 353 317 47 318 63 195 321 178 154 165 157 138 364 208 304 365 178 130 331 79 165 335 225 328 297 92 277 360 107 104 320 134 328 221 335 75 119 271 158 59 331 272 310 137 173 149 258 168 63 253 354 181 304 181 267 340 155 353 206 230 347 196 343 204 167 208 314 171 360 224 312 355 157 346 206 10 279 330
 367 126 326 155 305 92 65 326 195 392 384 201 339 102 411 242 252 126 223 45 354 253 284 55 136 105 405 219 364 149 178 1 97 133 107 301 207 343 161 306 95 54 135 80 75 215 219 113 21 239 177 105 121 228 99 213 240 231 280 267 227 250 128 68 256 425 190 247 69 319 186 143 295 62 341 40 256 244 272 67 320 164 95 259 339 100 109 160 210 314 245 69 365 273 226 212 291 174 144 240 267 426 300 232 275 195 176 142 363 279 327 234 76 284 166 48 247 139 324 49 207 64 269 390 152 266 319 321 283 322 112 152 281 264 312 258 319 35 337 232 327 139 189 264 366 201 329 160 8 374 210 249 248 184 338 122 289 63 245 318 295 240 262 245 38 343 355 326 169 326 86 345 261 244 176 121 98 204 268 180 149 47 247 183 158 210 136 18 281 63 125 216 119 82 231 239 255 225 296 210 275 125 51 284 115 184 161 93 323 321 219 204 204 100 195 207 347 247 66 113 312 155 352 161 252 263 56 173 175 210 205 94 223 240 179 65 97 218 98 330 146 138 209 50 317 310 93 35 170 267 324 210 258 316 66 394 333 186 139 271
 286 130 311 84 280 91 38 246 105 302 295 208 244 101 322 244 246 35 141 119 315 202 204 114 182 111 313 123 290 182 198 97 1 109 126 235 111 308 182 213 177 132 111 174 24 137 156 194 113 161 99 198 155 134 167 140 166 188 184 172 131 221 200 38 168 334 190 195 45 241 97 87 199 152 269 98 166 154 213 72 288 71 39 168 274 38 82 78 165 240 192 74 284 201 176 116 195 212 155 185 244 334 254 160 204 137 145 50 292 185 291 150 140 198 78 119 210 43 228 61 144 84 193 301 69 243 251 297 192 283 159 158 185 235 288 176 223 120 240 159 231 70 176 229 285 172 294 72 98 279 127 233 153 147 251 46 220 47 227 228 241 184 182 149 108 267 277 249 103 274 101 315 214 162 94 48 92 108 185 147 73 104 164 120 159 127 138 100 185 159 62 153 207 62 167 162 158 168 251 163 179 181 53 187 28 132 100 114 242 224 187 171 126 181 131 119 256 249 131 90 287 203 262 78 156 228 45 112 80 145 194 78 157 175 108 160 104 144 46 234 53 43 150 53 221 257 185 120 119 215 228 121 162 220 49 309 288 208 84 175
 373 227 418 190 388 42 123 336 193 374 367 308 297 35 393 346 350 98 126 175 422 309 295 97 261 206 377 180 384 269 292 133 109 1 217 336 169 415 275 282 226 186 3 201 107 112 260 243 133 258 200 226 240 163 230 241 128 296 229 200 181 328 260 127 164 400 291 117 135 333 188 44 228 191 365 99 169 235 144 67 396 160 144 244 375 145 29 87 273 335 116 65 371 156 283 182 238 297 251 291 351 398 361 260 303 74 252 103 388 249 399 240 205 283 172 177 318 116 264 137 249 167 289 373 88 350 350 404 265 390 237 256 221 343 396 266 258 126 284 120 277 63 280 337 371 279 401 166 127 331 220 339 217 254 331 75 320 133 334 302 346 112 274 193 108 359 368 341 209 380 191 423 320 253 192 156 36 149 166 254 178 96 146 70 259 119 236 120 232 184 170 258 247 159 110 259 205 99 358 271 215 254 128 224 92 60 55 202 331 264 295 279 105 231 79 207 326 351 195 22 395 282 336 91 196 336 121 218 128 249 299 41 105 278 79 184 43 110 151 285 145 110 87 98 272 362 218 125 48 321 269 208 203 261 137 391 395 301 42 208
 307 24 220 114 202 182 97 266 171 347 340 96 318 193 366 136 147 159 265 73 255 167 228 160 62 19 367 217 294 57 77 107 126 217 1 225 208 243 59 274 98 77 219 129 115 262 149 110 123 185 137 141 32 244 72 156 291 141 275 277 230 150 98 94 287 383 84 318 85 257 162 208 300 104 269 143 283 212 337 154 219 155 91 229 260 95 188 203 125 248 315 157 305 326 144 206 286 87 38 160 165 387 207 171 208 261 86 172 288 257 228 192 57 238 147 69 151 159 320 80 140 51 208 345 194 164 245 218 251 225 44 46 283 164 209 209 316 139 325 284 314 194 86 167 306 105 229 145 114 351 172 145 232 98 290 171 217 86 141 280 209 308 209 248 144 277 290 262 117 237 27 242 172 197 143 105 187 218 307 91 119 151 287 244 53 250 33 123 274 124 94 147 131 66 292 184 253 292 203 126 279 68 89 284 153 254 223 16 265 314 123 111 251 101 256 178 309 142 60 195 208 81 309 202 256 166 97 114 194 146 100 177 282 169 233 127 192 269 87 313 144 162 274 121 302 222 127 139 240 181 316 181 259 309 82 337 238 86 205 277
 94 203 179 153 138 325 245 65 148 156 152 197 186 335 170 193 173 239 287 288 120 64 64 340 267 213 186 189 71 242 222 301 235 336 225 1 192 124 222 139 322 296 337 350 249 297 83 332 320 82 138 365 243 230 295 96 320 91 199 231 199 116 316 241 279 191 183 379 237 55 151 300 233 324 46 321 269 125 381 305 122 178 213 129 40 209 313 263 101 39 374 307 94 345 83 178 203 260 207 66 131 200 70 77 36 330 140 236 65 155 113 105 281 92 165 284 98 222 225 253 95 242 53 153 258 130 21 146 128 100 262 199 217 115 144 85 225 334 210 318 202 278 159 99 95 129 117 171 306 204 120 147 163 128 108 262 19 242 145 124 42 366 74 204 329 60 74 54 135 61 228 144 66 92 145 190 326 219 306 135 163 329 296 313 189 277 197 313 194 342 181 86 354 219 341 80 197 352 71 100 218 282 254 216 246 333 303 230 69 216 117 121 290 325 318 135 143 194 281 321 142 275 132 259 210 99 254 130 222 92 161 312 330 63 293 345 338 308 208 192 192 227 336 278 189 48 350 334 326 53 213 136 207 212 238 128 89 227 300 222
 208 201 327 102 289 177 145 175 54 206 199 261 136 182 225 286 279 87 96 224 301 191 138 218 269 190 211 13 225 259 264 207 111 169 208 192 1 299 251 114 280 238 170 283 133 106 140 297 223 113 88 306 239 44 265 113 129 192 74 70 23 234 298 144 95 234 240 188 147 174 57 127 93 260 210 204 88 72 190 170 287 54 125 78 227 120 156 84 173 179 184 171 206 157 172 16 85 289 223 172 259 232 239 125 157 142 178 73 232 81 284 88 240 119 64 223 217 70 119 167 133 181 140 205 82 258 201 303 98 273 249 222 77 245 297 110 114 229 131 126 121 107 217 233 206 198 287 65 208 171 79 258 49 172 163 103 174 151 253 134 216 175 121 41 215 200 207 182 112 247 189 314 204 101 78 105 174 28 121 176 93 208 108 126 218 86 204 209 75 268 115 138 312 152 150 115 49 162 237 170 72 273 161 79 98 148 123 200 169 115 205 192 99 285 130 61 158 291 233 161 295 288 168 80 50 232 154 122 42 129 233 162 139 148 107 270 189 117 127 126 67 73 146 162 112 230 293 228 144 198 118 60 54 110 151 224 270 273 128 70
 199 221 72 228 50 394 304 184 248 267 265 168 309 405 277 140 117 323 393 315 17 111 187 392 258 240 299 299 161 231 200 343 308 415 243 124 299 1 210 263 329 319 417 368 314 401 163 333 361 190 224 375 246 341 300 189 427 121 320 348 310 94 309 299 392 299 167 480 292 175 248 387 353 344 147 374 383 240 487 369 26 270 275 248 115 273 389 357 143 159 476 372 199 455 135 286 324 235 210 130 81 309 61 176 153 426 170 325 145 276 18 215 296 215 255 311 99 309 348 302 172 280 171 264 349 82 131 42 250 28 265 201 337 80 48 202 348 377 334 423 326 366 158 81 201 143 15 259 350 325 222 103 280 164 228 345 140 296 107 247 87 467 191 319 378 168 178 171 209 67 258 23 98 205 234 261 397 325 419 166 241 382 406 408 192 382 211 358 315 365 247 165 355 269 444 187 314 452 63 146 337 277 307 336 326 426 394 254 189 339 126 141 392 330 416 239 264 137 301 397 47 258 251 354 326 82 310 199 321 174 146 383 432 152 389 368 407 411 268 315 278 315 434 337 312 78 362 377 416 102 336 241 324 335 292 229 38 200 386 341
 312 53 174 151 164 240 155 274 207 362 355 45 347 251 379 85 100 213 317 121 224 160 241 215 49 72 385 259 292 23 19 161 182 275 59 222 251 210 1 300 121 120 277 163 173 316 161 124 175 204 170 166 42 290 92 177 345 133 313 320 272 124 101 151 336 398 45 375 143 264 199 265 340 141 268 199 332 241 393 212 186 198 145 257 252 147 247 257 125 252 372 215 311 379 143 246 322 42 29 159 130 404 187 187 214 318 91 225 284 288 197 217 95 257 188 117 132 211 357 139 155 109 219 359 248 130 242 178 276 196 58 30 323 135 169 229 353 191 357 338 347 250 64 143 312 94 197 187 168 378 200 108 268 103 305 227 219 144 105 300 197 365 225 289 198 279 293 268 147 219 85 205 161 218 179 153 245 265 358 95 159 206 338 301 38 303 48 177 310 163 140 159 146 121 348 201 292 348 183 127 319 68 147 324 209 311 280 74 274 350 108 103 305 122 312 211 329 90 102 253 170 54 326 256 298 142 155 140 244 162 68 235 337 177 288 166 249 324 139 344 191 215 330 179 334 207 154 191 297 172 351 214 300 344 140 345 213 27 262 318
