NAME : domp30p10v9
COMMENT : (Deleplanque et al.) 
TYPE : DOMP
DIMENSION : 30
DISPLAY_DATA_TYPE: NO_DISPLAY
OPEN_FACILITIES : 10
COST_SECTION
 1 117 177 273 198 174 235 277 140 324 131 234 262 280 89 191 167 134 111 200 224 424 236 205 46 156 192 72 331 134
 117 1 129 269 279 154 187 296 204 364 219 200 331 225 162 212 55 113 148 300 325 408 333 193 123 207 101 175 418 133
 177 129 1 146 233 42 62 185 159 263 195 72 260 104 148 117 113 48 106 278 302 280 302 74 145 145 70 248 364 64
 273 269 146 1 203 116 112 58 168 141 210 84 187 118 199 89 258 159 164 265 282 152 273 77 229 142 210 336 294 146
 198 279 233 203 1 195 255 165 78 160 67 232 71 289 119 133 306 198 138 64 80 330 74 189 164 88 293 222 141 174
 174 154 42 116 195 1 69 147 125 223 165 61 219 112 125 76 148 46 81 245 268 259 266 40 135 108 111 243 324 42
 235 187 62 112 255 69 1 163 190 247 231 30 267 45 193 125 161 103 149 308 330 226 327 68 199 170 106 306 374 109
 277 296 185 58 165 147 163 1 152 85 189 134 135 175 194 89 294 184 168 228 241 167 230 111 232 128 252 333 239 165
 140 204 159 168 78 125 190 152 1 186 44 172 129 229 52 82 230 121 61 121 144 314 144 129 98 27 217 185 217 98
 324 364 263 141 160 223 247 85 186 1 209 218 99 258 235 153 369 255 223 216 221 199 204 191 280 169 332 367 179 232
 131 219 195 210 67 165 231 189 44 209 1 214 134 271 58 125 252 153 91 86 111 353 116 172 100 70 247 161 203 133
 234 200 72 84 232 61 30 134 172 218 214 1 240 58 182 101 180 103 138 288 309 209 305 44 194 150 128 303 348 102
 262 331 260 187 71 219 267 135 129 99 134 240 1 292 177 145 350 235 184 119 122 289 106 201 224 125 327 292 109 210
 280 225 104 118 289 112 45 175 229 258 271 58 292 1 236 157 192 147 192 345 366 201 361 101 243 207 135 350 401 153
 89 162 148 199 119 125 193 194 52 235 58 182 177 236 1 112 195 103 45 142 167 349 173 143 48 69 194 140 258 86
 191 212 117 89 133 76 125 89 82 153 125 101 145 157 112 1 218 103 81 190 210 238 205 58 146 56 186 250 252 80
 167 55 113 258 306 148 161 294 230 369 252 180 350 192 195 218 1 117 170 336 361 386 367 185 163 226 59 228 445 142
 134 113 48 159 198 46 103 184 121 255 153 103 235 147 103 103 117 1 63 238 262 304 264 84 98 113 97 204 334 26
 111 148 106 164 138 81 149 168 61 223 91 138 184 192 45 81 170 63 1 175 200 314 202 101 66 60 158 173 276 43
 200 300 278 265 64 245 308 228 121 216 86 288 119 345 142 190 336 238 175 1 26 393 37 245 179 140 332 204 137 216
 224 325 302 282 80 268 330 241 144 221 111 309 122 366 167 210 361 262 200 26 1 404 21 266 204 161 357 224 120 240
 424 408 280 152 330 259 226 167 314 199 353 209 289 201 349 238 386 304 314 393 404 1 391 222 379 288 331 486 377 294
 236 333 302 273 74 266 327 230 144 204 116 305 106 361 173 205 367 264 202 37 21 391 1 262 212 159 360 240 102 241
 205 193 74 77 189 40 68 111 129 191 172 44 201 101 143 58 185 84 101 245 266 222 262 1 163 107 142 272 308 73
 46 123 145 229 164 135 199 232 98 280 100 194 224 243 48 146 163 98 66 179 204 379 212 163 1 112 174 110 302 93
 156 207 145 142 88 108 170 128 27 169 70 150 125 207 69 56 226 113 60 140 161 288 159 107 112 1 207 207 222 88
 192 101 70 210 293 111 106 252 217 332 247 128 327 135 194 186 59 97 158 332 357 331 360 142 174 207 1 260 428 121
 72 175 248 336 222 243 306 333 185 367 161 303 292 350 140 250 228 204 173 204 224 486 240 272 110 207 260 1 340 202
 331 418 364 294 141 324 374 239 217 179 203 348 109 401 258 252 445 334 276 137 120 377 102 308 302 222 428 340 1 309
 134 133 64 146 174 42 109 165 98 232 133 102 210 153 86 80 142 26 43 216 240 294 241 73 93 88 121 202 309 1
LAMBDA_SECTION
1  15
2  7
3  17
4  9
5  7
6  15
7  14
8  14
9  28
10  21
11  10
12  26
13  18
14  19
15  17
16  17
17  16
18  20
19  29
20  7
21  27
22  17
23  10
24  9
25  17
26  26
27  13
28  28
29  23
30  29
