NAME : domp40p13v10
COMMENT : (Deleplanque et al.) 
TYPE : DOMP
DIMENSION : 40
DISPLAY_DATA_TYPE: NO_DISPLAY
OPEN_FACILITIES : 13
COST_SECTION
 1 193 111 320 178 230 204 96 83 11 264 240 193 270 123 227 80 278 66 203 250 169 110 225 232 109 103 256 113 108 139 228 145 131 266 179 135 139 264 201
 193 1 213 316 335 306 27 101 196 186 187 347 50 103 215 307 227 164 258 45 169 28 144 401 338 171 189 66 129 211 106 38 233 280 248 350 317 291 253 192
 111 213 1 214 127 122 234 150 30 104 192 144 186 249 231 120 189 222 134 242 184 186 70 201 136 44 25 259 197 4 113 237 35 75 169 151 136 85 164 113
 320 316 214 1 271 135 342 318 239 311 143 185 267 272 432 141 398 189 346 359 158 299 224 343 183 214 217 319 374 217 230 315 185 251 69 309 324 256 65 133
 178 335 127 271 1 138 354 257 140 178 303 104 312 375 289 132 233 340 146 359 298 308 195 79 101 170 150 385 289 128 239 362 124 56 254 39 73 45 245 220
 230 306 122 135 138 1 331 266 152 224 201 58 267 307 351 7 306 247 236 343 204 282 171 209 52 148 139 336 316 125 202 321 89 127 132 176 196 130 121 129
 204 27 234 342 354 331 1 109 215 198 212 371 76 118 210 331 229 187 269 21 194 50 166 417 362 193 210 71 125 232 130 46 255 299 274 367 332 310 279 218
 96 101 150 318 257 266 109 1 124 90 222 293 113 189 132 264 131 220 160 108 205 80 98 314 285 119 129 165 58 148 92 137 180 204 254 265 226 213 255 186
 83 196 30 239 140 152 215 124 1 75 202 172 175 243 202 149 161 226 114 221 191 169 60 209 163 41 25 247 168 28 103 223 64 86 190 158 134 96 186 128
 11 186 104 311 178 224 198 90 75 1 254 236 185 261 129 221 88 268 74 197 240 162 100 228 228 100 95 248 112 101 129 221 137 129 257 180 138 137 255 191
 264 187 192 143 303 201 212 222 202 254 1 257 138 130 352 205 335 49 313 231 19 177 155 380 250 163 179 179 277 193 134 179 181 260 83 334 327 269 93 84
 240 347 144 185 104 58 371 293 172 236 257 1 312 358 361 53 310 302 230 381 259 322 206 163 10 180 166 383 339 147 242 366 117 117 189 140 173 114 178 183
 193 50 186 267 312 267 76 113 175 185 138 312 1 78 241 268 242 119 257 95 120 43 118 382 303 143 163 74 157 185 74 55 200 258 199 332 304 269 205 147
 270 103 249 272 375 307 118 189 243 261 130 358 78 1 314 310 319 88 332 138 116 113 184 448 350 207 227 58 228 249 141 73 256 322 209 398 375 333 218 179
 123 215 231 432 289 351 210 132 202 129 352 361 241 314 1 348 59 351 147 197 335 202 210 319 353 220 220 278 87 228 219 250 265 249 373 280 230 255 373 305
 227 307 120 141 132 7 331 264 149 221 205 53 268 310 348 1 302 251 231 343 208 282 171 203 47 147 137 338 314 123 202 322 87 122 137 170 191 124 127 132
 80 227 189 398 233 306 229 131 161 88 335 310 242 319 59 302 1 342 89 221 319 209 184 260 303 187 182 293 108 186 203 264 222 196 344 222 172 201 342 277
 278 164 222 189 340 247 187 220 226 268 49 302 119 88 351 251 342 1 333 207 44 160 173 417 295 187 205 141 271 223 141 147 217 293 131 369 357 303 141 123
 66 258 134 346 146 236 269 160 114 74 313 230 257 332 147 231 89 333 1 267 301 234 161 174 224 151 138 321 169 131 197 293 163 115 301 134 84 118 297 241
 203 45 242 359 359 343 21 108 221 197 231 381 95 138 197 343 221 207 267 1 213 63 176 420 372 202 218 88 115 240 143 66 265 305 291 371 333 315 297 234
 250 169 184 158 298 204 194 205 191 240 19 259 120 116 335 208 319 44 301 213 1 158 142 376 252 152 169 163 259 185 117 162 176 253 94 329 319 263 103 80
 169 28 186 299 308 282 50 80 169 162 177 322 43 113 202 282 209 160 234 63 158 1 118 374 313 145 162 88 117 185 81 60 206 253 231 324 291 264 236 172
 110 144 70 224 195 171 166 98 60 100 155 206 118 184 210 171 184 173 161 176 142 118 1 266 197 28 46 190 153 69 45 168 90 141 164 216 192 152 163 96
 225 401 201 343 79 209 417 314 209 228 380 163 382 448 319 203 260 417 174 420 376 374 266 1 164 242 222 454 337 201 310 430 201 127 330 51 92 116 321 298
 232 338 136 183 101 52 362 285 163 228 250 10 303 350 353 47 303 295 224 372 252 313 197 164 1 171 157 374 330 138 233 357 108 110 183 138 168 108 173 175
 109 171 44 214 170 148 193 119 41 100 163 180 143 207 220 147 187 187 151 202 152 145 28 242 171 1 21 216 171 43 70 194 64 117 158 192 172 127 156 93
 103 189 25 217 150 139 210 129 25 95 179 166 163 227 220 137 182 205 138 218 169 162 46 222 157 21 1 235 178 24 89 213 52 97 166 172 153 108 163 104
 256 66 259 319 385 336 71 165 247 248 179 383 74 58 278 338 293 141 321 88 163 88 190 454 374 216 235 1 193 258 147 30 273 330 253 404 374 341 261 211
 113 129 197 374 289 316 125 58 168 112 277 339 157 228 87 314 108 271 169 115 259 117 153 337 330 171 178 193 1 194 148 165 228 239 310 291 246 247 312 243
 108 211 4 217 128 125 232 148 28 101 193 147 185 249 228 123 186 223 131 240 185 185 69 201 138 43 24 258 194 1 112 236 38 75 171 151 135 86 166 114
 139 106 113 230 239 202 130 92 103 129 134 242 74 141 219 202 203 141 197 143 117 81 45 310 233 70 89 147 148 112 1 126 128 185 164 259 235 196 167 99
 228 38 237 315 362 321 46 137 223 221 179 366 55 73 250 322 264 147 293 66 162 60 168 430 357 194 213 30 165 236 126 1 253 307 248 380 349 318 255 200
 145 233 35 185 124 89 255 180 64 137 181 117 200 256 265 87 222 217 163 265 176 206 90 201 108 64 52 273 228 38 128 253 1 80 145 154 150 89 139 99
 131 280 75 251 56 127 299 204 86 129 260 117 258 322 249 122 196 293 115 305 253 253 141 127 110 117 97 330 239 75 185 307 80 1 221 78 74 12 214 177
 266 248 169 69 254 132 274 254 190 257 83 189 199 209 373 137 344 131 301 291 94 231 164 330 183 158 166 253 310 171 164 248 145 221 1 289 294 229 12 69
 179 350 151 309 39 176 367 265 158 180 334 140 332 398 280 170 222 369 134 371 329 324 216 51 138 192 172 404 291 151 259 380 154 78 289 1 51 67 281 252
 135 317 136 324 73 196 332 226 134 138 327 173 304 375 230 191 172 357 84 333 319 291 192 92 168 172 153 374 246 135 235 349 150 74 294 51 1 68 287 246
 139 291 85 256 45 130 310 213 96 137 269 114 269 333 255 124 201 303 118 315 263 264 152 116 108 127 108 341 247 86 196 318 89 12 229 67 68 1 221 187
 264 253 164 65 245 121 279 255 186 255 93 178 205 218 373 127 342 141 297 297 103 236 163 321 173 156 163 261 312 166 167 255 139 214 12 281 287 221 1 70
 201 192 113 133 220 129 218 186 128 191 84 183 147 179 305 132 277 123 241 234 80 172 96 298 175 93 104 211 243 114 99 200 99 177 69 252 246 187 70 1
LAMBDA_SECTION
1  18
2  10
3  32
4  37
5  12
6  11
7  38
8  31
9  16
10  28
11  32
12  22
13  13
14  28
15  29
16  36
17  11
18  23
19  24
20  30
21  23
22  16
23  24
24  25
25  35
26  39
27  17
28  37
29  15
30  13
31  23
32  15
33  36
34  38
35  12
36  38
37  39
38  10
39  21
40  15
