NAME : domp160p80v5
COMMENT : (Deleplanque et al.) 
TYPE : DOMP
DIMENSION : 160
DISPLAY_DATA_TYPE: NO_DISPLAY
OPEN_FACILITIES : 80
COST_SECTION
 1 124 202 51 100 208 282 57 124 267 151 183 221 313 232 90 108 102 92 150 133 212 254 105 219 267 204 307 237 155 151 277 236 309 65 146 58 11 103 218 143 290 112 277 272 137 98 197 169 244 108 212 270 246 262 305 233 370 238 265 220 66 102 284 116 273 295 108 130 128 235 191 243 189 202 145 102 140 207 107 99 294 128 251 320 230 124 293 232 173 232 111 213 195 166 145 56 89 232 184 53 57 353 203 261 288 59 126 107 129 248 281 263 187 126 240 236 141 93 30 276 69 191 207 166 192 109 157 131 129 250 383 123 133 161 14 168 201 152 159 142 222 212 118 256 110 128 160 116 108 275 287 240 290 244 157 190 130 320 127
 124 1 279 141 145 328 390 153 138 390 236 247 292 436 285 158 202 107 191 274 183 309 345 117 317 351 275 427 358 279 191 400 358 425 131 253 180 114 215 341 199 409 166 400 357 257 74 305 237 353 231 327 390 332 369 386 339 492 360 388 275 59 153 407 166 395 416 210 253 249 344 310 329 312 299 254 210 249 314 88 221 386 243 344 438 330 216 408 276 296 332 190 315 244 265 251 107 209 353 289 153 173 475 299 383 393 172 243 38 212 371 404 325 271 221 348 359 234 210 118 375 179 309 276 287 286 199 47 196 187 356 505 157 167 271 138 241 325 206 262 36 287 334 9 379 16 148 54 168 148 374 407 314 412 367 279 269 235 440 231
 202 279 1 245 298 262 147 146 325 275 314 359 384 295 409 282 95 176 113 176 326 61 385 166 68 73 16 332 268 197 344 273 202 360 154 90 203 208 241 195 84 211 114 268 409 143 291 92 345 121 192 135 307 386 359 108 337 361 276 283 397 240 127 286 311 213 226 265 206 221 332 152 384 197 335 97 113 270 315 197 160 112 120 75 363 81 80 188 415 193 80 94 79 379 65 88 178 212 275 83 150 219 356 52 282 140 224 130 243 301 240 267 429 21 284 113 236 66 225 183 388 139 268 22 238 333 94 281 316 319 115 379 321 331 98 198 39 221 80 75 271 390 193 271 277 267 328 277 113 133 387 218 397 235 252 166 352 272 350 91
 51 141 245 1 55 192 307 104 86 259 105 134 173 307 182 40 150 149 133 156 84 246 212 153 253 305 248 290 224 154 102 271 242 286 115 177 57 53 76 224 192 301 161 272 228 154 87 225 120 269 108 231 253 202 229 344 199 359 224 254 170 88 152 275 67 282 304 70 124 116 204 205 199 191 163 175 137 108 174 150 114 329 154 286 298 261 166 310 182 174 264 157 244 145 201 177 104 78 217 214 99 42 340 239 249 315 39 148 136 82 245 277 214 228 84 267 233 181 74 80 238 107 170 252 152 151 152 182 81 79 277 370 78 87 189 49 213 198 201 193 167 172 217 137 245 128 87 187 166 158 237 296 193 296 238 166 143 95 302 162
 100 145 298 55 1 221 358 155 35 291 96 103 148 341 145 26 204 186 187 202 40 300 203 192 306 359 302 315 255 196 54 305 285 302 162 231 108 98 107 267 242 346 210 306 214 205 74 278 93 321 153 281 277 189 235 398 206 387 253 284 134 107 199 307 22 325 348 87 165 153 213 254 186 233 161 228 191 127 183 182 165 383 207 340 316 315 219 358 140 217 318 209 297 105 255 231 146 121 245 267 151 91 366 293 278 368 86 200 154 73 283 313 183 282 90 319 270 235 113 126 235 161 195 305 184 147 205 191 52 42 330 396 24 34 242 102 266 236 251 247 178 143 260 144 276 136 34 197 214 204 234 340 170 338 272 213 125 111 324 217
 208 328 262 192 221 1 217 211 254 72 150 192 186 122 227 197 208 293 198 89 213 219 147 290 219 282 275 100 35 69 227 87 101 108 242 175 151 217 118 92 271 162 261 90 173 123 278 181 184 194 104 150 63 158 102 313 88 167 33 64 220 270 262 87 214 137 155 135 81 80 80 119 158 69 115 168 179 98 79 305 130 280 150 250 116 217 211 190 244 70 221 231 204 222 198 177 251 121 26 183 207 157 148 221 58 234 158 140 314 161 76 97 223 242 137 197 64 211 120 226 136 185 30 281 43 125 213 364 191 202 207 178 233 233 165 194 255 48 277 189 349 200 87 323 55 314 249 366 266 273 136 151 186 139 58 98 164 113 113 185
 282 390 147 307 358 217 1 239 391 191 333 381 390 188 426 336 190 300 200 166 372 91 363 291 82 105 161 245 205 181 390 181 120 285 261 139 252 291 266 127 218 85 239 174 389 155 379 87 369 39 210 80 235 372 316 118 304 247 213 204 416 339 250 195 363 102 102 293 208 225 296 112 372 154 324 138 183 277 292 321 194 78 155 79 282 68 177 50 438 163 69 206 78 408 127 140 284 242 217 102 239 269 250 102 206 19 273 160 359 330 158 170 432 140 307 44 163 160 253 276 352 216 238 165 219 329 193 404 355 362 36 266 379 385 122 272 174 171 218 130 392 401 131 382 202 376 391 402 240 259 351 97 395 118 177 152 362 286 262 160
 57 153 146 104 155 211 239 1 180 260 193 231 265 300 281 143 54 83 40 135 187 162 286 80 169 213 148 306 234 147 205 267 214 317 33 101 80 62 130 197 90 260 62 265 308 111 148 153 217 201 108 176 272 282 283 251 255 362 238 261 269 102 57 276 170 247 268 145 132 137 255 162 279 174 234 102 58 167 230 99 83 243 93 199 326 181 70 257 283 160 183 55 165 246 116 99 49 105 234 138 6 90 348 152 257 243 95 94 124 174 234 268 308 132 165 196 224 88 115 39 303 30 201 151 172 227 54 173 181 181 205 377 178 189 119 56 112 192 99 111 159 267 192 145 252 139 184 173 67 67 302 259 282 266 235 137 233 162 322 79
 124 138 325 86 35 254 391 180 1 324 121 116 161 374 149 60 231 198 214 236 53 330 223 205 337 388 327 346 288 230 56 338 319 331 182 262 140 120 141 302 264 381 230 340 230 238 65 310 108 354 187 315 309 208 261 426 233 419 286 317 138 113 219 340 43 360 382 120 199 187 241 287 204 267 186 259 220 158 212 191 198 413 238 370 346 346 247 392 139 251 349 234 328 108 285 261 163 155 278 298 177 124 398 323 311 400 119 232 155 100 317 346 190 310 121 351 304 263 147 147 258 189 227 330 217 171 232 184 73 61 362 427 25 32 273 128 291 270 272 277 172 153 294 138 309 132 11 191 234 222 257 374 183 372 306 247 143 143 354 246
 267 390 275 259 291 72 191 260 324 1 221 261 250 51 292 267 243 342 239 126 284 222 199 338 219 276 290 58 38 114 298 17 77 95 291 199 212 277 186 81 303 117 301 23 223 155 345 185 254 179 160 144 46 214 139 301 140 104 43 15 286 332 305 17 284 93 104 205 138 144 129 124 214 89 179 191 217 168 140 357 178 264 181 244 93 213 242 152 310 101 217 268 204 291 216 201 304 184 51 193 256 221 90 227 20 209 222 174 372 231 37 31 282 257 207 185 40 237 186 281 176 231 100 296 109 191 249 422 262 273 192 118 303 304 182 254 278 69 308 208 408 264 83 384 19 376 319 425 305 316 176 104 246 85 26 127 231 184 76 215
 151 236 314 105 96 150 333 193 121 221 1 49 73 271 97 79 226 252 209 169 71 297 110 255 302 362 322 233 183 154 80 236 236 214 213 231 116 155 75 220 280 300 254 240 124 187 168 266 37 300 129 255 197 98 142 399 114 307 179 211 86 189 248 235 79 276 297 50 127 110 122 222 95 186 67 225 203 59 94 254 157 376 201 336 229 306 238 321 106 174 310 241 289 77 258 232 206 104 171 260 188 104 285 293 205 346 99 191 238 25 222 246 117 295 31 300 209 250 90 180 141 183 122 327 124 52 229 280 49 61 311 314 97 93 234 144 290 180 289 248 266 77 214 233 203 225 112 286 259 256 140 291 90 283 207 182 41 48 239 225
 183 247 359 134 103 192 381 231 116 261 49 1 46 310 51 98 269 281 251 217 66 344 112 285 349 409 366 266 224 202 62 277 282 241 247 277 158 185 121 267 320 346 291 281 116 234 175 314 15 348 176 303 233 95 162 446 139 341 219 250 39 208 283 274 83 322 343 95 175 158 149 270 91 233 90 272 247 106 125 280 204 423 248 384 257 353 282 368 59 221 357 281 336 31 304 278 237 150 211 307 226 143 318 340 244 394 139 238 256 59 266 288 82 340 77 348 253 294 136 212 150 225 163 370 170 74 272 293 55 62 359 346 93 84 281 178 333 226 328 294 280 41 261 246 243 239 106 300 296 290 149 337 69 328 250 230 35 96 270 270
 221 292 384 173 148 186 390 265 161 250 73 46 1 297 44 140 297 320 281 229 111 363 74 324 367 428 392 246 215 211 107 267 283 214 284 299 188 224 144 270 352 346 326 271 73 251 220 330 56 359 195 313 216 55 133 465 116 320 209 238 41 251 319 262 127 321 340 122 188 171 127 280 52 238 73 292 273 118 111 321 226 439 268 401 231 370 309 371 64 228 374 312 353 63 326 299 276 173 201 325 260 175 296 360 232 405 171 258 300 92 261 279 46 364 102 360 249 320 160 250 113 255 159 397 173 63 301 338 98 107 371 323 139 130 299 214 361 226 361 315 325 16 264 291 232 283 151 344 331 327 113 336 23 324 243 242 33 113 247 294
 313 436 295 307 341 122 188 300 374 51 271 310 297 1 340 317 278 382 275 166 334 238 242 377 234 284 310 69 89 159 348 38 96 115 332 229 259 323 236 108 334 104 336 37 264 192 394 204 303 186 206 161 84 257 178 304 184 67 93 61 334 378 341 37 334 88 88 255 185 192 173 151 259 128 226 222 253 219 188 398 220 264 216 252 106 224 274 141 358 143 228 302 220 340 241 231 346 231 101 215 297 269 64 245 67 206 271 210 417 282 67 34 327 279 258 193 78 267 234 325 214 271 151 316 158 239 283 467 312 323 198 85 354 354 210 300 304 113 338 234 452 312 112 430 69 422 369 468 340 353 214 92 292 70 71 165 280 234 83 247
 232 285 409 182 145 227 426 281 149 292 97 51 44 340 1 145 319 328 302 262 106 393 114 332 397 458 416 289 257 246 95 309 322 257 296 326 208 233 170 308 370 386 341 314 106 282 212 362 66 394 225 348 259 95 176 495 159 363 251 280 13 251 333 304 124 361 381 145 221 203 170 315 92 275 115 321 297 151 153 325 253 471 297 432 273 401 332 410 22 264 405 331 384 42 353 327 285 199 243 355 276 193 339 389 275 440 189 287 298 109 302 321 44 390 126 394 290 344 186 261 153 275 199 421 211 103 322 331 102 106 405 365 130 119 329 228 383 265 378 343 319 29 302 285 274 278 139 338 346 339 153 376 57 365 284 276 65 143 290 320
 90 158 282 40 26 197 336 143 60 267 79 98 140 317 145 1 188 184 171 178 45 281 188 189 287 341 287 291 230 172 63 280 260 280 154 211 86 90 82 243 231 322 200 282 201 182 91 257 85 299 129 259 254 176 215 380 186 363 229 260 133 112 191 282 29 301 323 63 141 128 192 230 172 208 143 208 173 103 162 183 143 363 186 321 294 294 203 335 143 193 298 196 277 107 236 211 141 97 221 246 138 69 342 274 254 346 64 179 161 55 258 288 179 265 68 297 245 218 88 118 218 144 171 291 159 129 190 202 44 40 308 372 44 51 221 88 252 211 240 227 188 138 236 155 251 147 57 208 205 197 217 316 161 313 248 189 113 88 300 198
 108 202 95 150 204 208 190 54 231 243 226 269 297 278 319 188 1 114 19 122 232 109 308 106 117 159 99 295 225 139 251 247 185 314 72 56 111 115 155 171 64 222 60 244 331 89 201 105 254 153 115 135 264 306 293 198 268 342 230 247 307 154 66 258 217 213 232 177 135 146 266 130 304 156 256 61 30 189 244 133 82 189 63 146 320 129 17 213 323 145 131 25 114 287 65 54 96 127 227 90 57 127 331 99 244 193 132 71 170 211 213 246 342 80 196 148 205 35 139 92 318 46 205 104 174 252 6 215 223 225 156 359 227 236 76 104 65 178 71 62 202 302 167 194 239 188 234 214 63 77 317 223 312 234 218 118 265 187 312 34
 102 107 176 149 186 293 300 83 198 342 252 281 320 382 328 184 114 1 110 217 224 214 354 11 222 248 170 389 317 230 239 348 293 398 52 168 152 98 201 277 94 334 64 346 373 191 143 217 267 264 189 248 354 347 359 282 330 444 320 343 316 88 52 358 206 324 344 209 213 217 332 239 344 256 303 173 132 239 304 22 166 285 170 245 408 236 124 326 325 242 237 95 223 289 174 166 47 181 316 201 87 156 430 203 339 300 159 174 70 229 315 349 361 171 227 258 306 141 188 74 375 112 281 171 253 293 109 106 227 223 266 459 206 218 189 111 138 274 100 173 96 320 272 100 334 97 206 104 64 44 374 335 340 344 317 218 291 230 404 146
 92 191 113 133 187 198 200 40 214 239 209 251 281 275 302 171 19 110 1 115 214 123 293 104 130 176 117 289 218 131 233 243 185 305 64 63 94 99 139 170 77 226 64 241 316 85 186 115 237 163 102 140 256 291 281 214 255 339 222 242 290 141 67 254 199 215 235 160 123 133 253 131 289 151 241 65 24 174 230 128 70 204 61 161 312 142 34 220 306 139 144 35 126 270 77 61 85 111 219 99 41 109 327 113 238 204 114 66 160 194 210 243 325 97 180 158 201 50 123 78 305 28 194 121 163 236 21 207 206 208 167 355 209 219 82 86 83 172 84 72 194 285 165 183 233 177 217 207 68 79 304 226 296 235 214 113 248 171 305 41
 150 274 176 156 202 89 166 135 236 126 169 217 229 166 262 178 122 217 115 1 210 140 214 213 142 205 188 175 104 22 228 132 87 194 167 88 101 161 102 69 184 146 178 130 240 35 240 104 204 133 50 87 143 219 184 240 162 227 109 128 252 216 180 141 203 126 149 129 43 60 158 55 217 40 168 80 93 113 143 233 54 212 62 176 200 143 123 158 274 25 148 146 128 244 112 90 181 82 107 102 132 116 214 139 124 179 119 53 252 166 100 134 272 156 142 133 90 123 92 160 214 107 94 194 65 170 127 302 192 200 144 243 220 225 80 137 167 58 190 102 287 239 62 267 120 259 234 303 182 192 213 141 236 141 101 15 199 121 192 97
 133 183 326 84 40 213 372 187 53 284 71 66 111 334 106 45 232 224 214 210 1 321 171 230 327 383 330 301 247 201 20 299 288 283 197 252 127 133 110 271 275 352 244 301 179 219 110 296 57 336 163 294 265 156 211 421 183 375 244 276 94 146 234 299 20 329 351 84 170 155 192 264 152 236 135 248 215 117 163 221 182 403 226 362 298 334 247 367 102 222 338 240 317 66 277 252 183 131 236 286 182 110 353 315 270 383 105 218 193 54 281 308 144 308 78 335 268 261 120 161 206 188 185 334 180 120 234 229 24 12 346 382 29 23 260 132 295 235 284 269 216 105 264 182 267 174 44 235 249 240 205 344 133 339 268 223 91 102 308 240
 212 309 61 246 300 219 91 162 330 222 297 344 363 238 393 281 109 214 123 140 321 1 353 204 10 66 76 279 220 161 340 218 147 311 179 70 196 220 224 142 129 151 151 212 379 113 308 39 331 62 169 79 258 357 319 103 300 303 228 232 382 262 163 232 309 154 166 251 177 194 294 103 356 151 306 74 111 246 282 235 142 84 98 41 312 24 94 128 402 151 24 121 19 368 47 70 203 196 229 39 163 213 300 12 231 88 218 107 276 288 186 211 407 51 268 54 185 76 209 200 352 144 231 81 203 307 111 318 308 313 57 322 322 330 65 204 85 174 128 54 307 372 142 301 226 296 332 316 152 171 351 158 373 176 201 127 332 251 297 86
 254 345 385 212 203 147 363 286 223 199 110 112 74 242 114 188 308 354 293 214 171 353 1 356 355 418 395 183 168 193 172 215 248 146 311 296 208 259 158 238 368 307 347 221 27 243 276 317 116 337 195 292 159 20 66 452 62 255 161 186 114 297 343 208 184 281 298 146 180 165 72 259 23 211 53 289 281 121 73 359 228 422 266 388 163 355 317 336 135 206 360 327 340 135 322 297 308 184 154 315 281 200 231 352 180 379 197 255 346 134 218 229 89 364 129 340 208 324 173 281 40 270 126 400 151 62 312 389 153 164 350 256 199 192 292 244 368 194 376 312 375 89 233 342 181 334 213 394 352 352 40 295 58 280 198 227 81 126 181 297
 105 117 166 153 192 290 291 80 205 338 255 285 324 377 332 189 106 11 104 213 230 204 356 1 213 238 160 386 313 226 245 344 287 396 49 161 152 101 201 272 84 327 54 342 375 186 152 209 271 256 187 240 351 349 359 272 330 439 317 340 320 96 43 354 211 318 337 211 211 215 331 233 346 251 304 166 126 240 304 32 162 276 164 235 405 227 116 318 330 238 228 86 214 294 166 159 50 180 313 193 84 157 426 193 336 291 160 168 81 233 311 344 365 161 229 250 301 132 188 76 376 108 279 161 251 295 102 116 231 228 257 455 213 224 182 113 128 270 90 165 106 324 267 110 331 107 213 113 54 34 375 328 344 338 313 213 294 231 401 139
 219 317 68 253 306 219 82 169 337 219 302 349 367 234 397 287 117 222 130 142 327 10 355 213 1 64 83 276 219 162 346 215 144 309 188 76 201 227 229 140 137 145 160 209 381 116 315 39 335 55 173 76 256 360 320 99 301 299 227 229 386 270 171 229 315 149 160 255 180 197 295 102 358 151 309 80 118 250 283 243 147 78 103 36 310 15 102 121 406 152 16 129 17 373 54 77 211 201 228 43 171 219 296 21 229 80 224 112 284 293 183 207 410 59 272 46 183 84 214 207 353 151 232 88 205 310 119 327 313 318 49 317 328 336 69 211 93 174 137 61 315 375 140 309 224 304 338 325 160 180 352 152 376 170 199 129 336 255 294 93
 267 351 73 305 359 282 105 213 388 276 362 409 428 284 458 341 159 248 176 205 383 66 418 238 64 1 81 333 279 225 402 270 200 368 224 133 257 273 289 199 155 186 186 263 444 178 359 102 395 99 234 135 315 422 382 39 364 347 288 287 446 310 199 284 369 197 203 315 242 259 358 164 421 213 371 138 169 312 346 269 206 43 162 34 368 66 144 154 466 214 61 164 79 432 107 132 248 260 289 105 215 275 347 70 287 92 279 172 315 352 240 261 472 82 333 92 241 126 273 250 415 200 295 82 268 372 160 353 371 375 87 366 382 390 130 261 111 236 151 116 343 437 200 343 283 338 391 349 185 205 414 196 438 217 257 192 397 316 351 144
 204 275 16 248 302 275 161 148 327 290 322 366 392 310 416 287 99 170 117 188 330 76 395 160 83 81 1 346 282 209 349 288 217 374 153 101 209 209 249 210 77 226 110 282 420 155 291 107 351 136 201 150 321 396 371 113 348 376 289 298 404 238 123 301 315 229 241 273 216 231 344 166 394 210 345 109 120 279 326 191 169 121 130 88 377 96 85 202 421 206 94 95 94 385 78 100 176 220 289 98 152 225 371 67 296 154 230 141 239 308 254 282 437 34 292 128 251 73 233 183 400 144 280 7 250 342 98 274 321 324 130 394 324 334 111 201 37 234 72 87 265 398 208 267 291 263 331 270 108 128 399 233 406 250 267 178 360 280 364 99
 307 427 332 290 315 100 245 306 346 58 233 266 246 69 289 291 295 389 289 175 301 279 183 386 276 333 346 1 73 160 312 65 134 47 338 254 250 316 215 138 357 165 352 72 204 207 376 242 261 235 202 201 39 200 118 357 131 76 70 50 285 370 354 50 304 144 150 229 178 179 120 181 202 141 178 246 268 189 142 402 224 319 234 300 39 269 296 202 308 152 274 320 261 295 272 256 348 220 76 250 303 256 53 284 52 263 256 226 413 248 94 76 271 313 227 242 96 292 219 324 152 279 122 352 142 193 301 463 278 290 248 82 323 322 238 293 333 119 362 263 448 261 139 422 57 413 340 465 356 366 151 152 237 131 81 179 234 205 19 268
 237 358 268 224 255 35 205 234 288 38 183 224 215 89 257 230 225 317 218 104 247 220 168 313 219 279 282 73 1 88 260 54 86 93 266 186 180 246 151 82 286 140 281 58 194 137 311 182 216 186 130 145 40 181 113 308 108 135 10 31 250 300 283 53 247 114 130 168 107 110 98 119 182 73 143 178 196 131 105 330 152 272 164 247 97 215 226 171 274 81 219 249 204 254 206 188 277 151 15 187 231 187 118 223 25 222 189 155 342 194 51 65 249 249 170 191 43 223 151 252 150 207 63 288 74 154 230 392 224 236 200 148 266 267 172 223 266 49 292 197 377 229 80 353 22 344 282 395 285 294 150 128 213 113 31 109 195 146 89 199
 155 279 197 154 196 69 181 147 230 114 154 202 211 159 246 172 139 230 131 22 201 161 193 226 162 225 209 160 88 1 218 123 89 175 179 109 102 166 92 72 202 152 194 122 219 55 240 124 190 150 49 104 126 199 163 260 141 217 93 114 236 220 196 130 195 130 153 118 32 47 136 70 198 37 148 101 111 97 122 244 65 231 82 196 182 163 142 169 259 22 167 163 148 229 133 111 191 78 89 123 144 114 202 160 110 195 117 72 259 154 93 127 253 177 129 151 81 143 85 168 193 120 72 215 44 151 145 310 181 190 162 231 213 217 101 142 188 47 209 123 295 222 65 272 106 264 228 311 198 207 192 145 218 143 90 34 182 107 176 117
 151 191 344 102 54 227 390 205 56 298 80 62 107 348 95 63 251 239 233 228 20 340 172 245 346 402 349 312 260 218 1 313 305 292 214 271 146 150 127 288 293 368 261 316 178 237 118 315 58 355 181 312 276 156 217 440 191 386 257 289 84 159 251 312 36 345 367 101 187 172 200 282 152 253 142 267 234 131 172 235 201 422 244 380 307 353 265 385 88 239 357 258 336 54 296 271 199 150 249 305 201 128 364 334 283 401 123 236 205 67 296 322 135 327 92 353 283 280 138 178 209 206 198 353 195 126 252 237 38 29 364 393 36 25 279 150 314 251 302 287 225 99 281 191 281 184 45 244 266 257 208 361 129 355 282 240 92 116 318 259
 277 400 273 271 305 87 181 267 338 17 236 277 267 38 309 280 247 348 243 132 299 218 215 344 215 270 288 65 54 123 313 1 72 106 298 200 222 287 199 80 306 104 305 8 240 160 357 182 269 172 170 140 61 230 155 294 156 96 59 31 302 342 309 15 298 81 90 219 149 156 145 124 231 94 195 193 221 183 157 364 185 255 185 237 101 207 245 140 327 108 211 271 200 307 215 203 312 195 67 191 263 232 86 224 36 199 234 178 381 246 36 15 299 255 222 178 44 239 198 290 192 238 116 294 122 207 252 431 276 288 185 113 317 318 183 264 278 77 310 208 417 281 83 394 36 386 333 433 309 321 192 91 263 71 34 132 247 198 82 218
 236 358 202 242 285 101 120 214 319 77 236 282 283 96 322 260 185 293 185 87 288 147 248 287 144 200 217 134 86 89 305 72 1 170 244 135 187 246 180 19 240 65 244 66 274 104 325 111 272 104 135 69 117 258 197 226 188 161 94 88 314 301 250 86 283 42 64 205 121 134 179 57 258 53 213 128 162 178 179 311 138 189 125 168 168 137 181 90 337 69 141 209 129 311 146 137 261 166 98 121 211 201 155 153 89 137 204 121 334 239 41 66 322 185 214 109 44 172 173 242 234 185 126 223 114 221 191 384 268 277 117 179 301 305 115 223 210 58 244 140 370 296 26 351 85 343 316 385 247 261 233 57 285 55 59 80 258 191 152 154
 309 425 360 286 302 108 285 317 331 95 214 241 214 115 257 280 314 398 305 194 283 311 146 396 309 368 374 47 93 175 292 106 170 1 348 278 252 318 211 170 376 208 368 113 164 227 368 273 238 272 210 235 54 165 82 395 103 111 86 83 254 369 368 93 289 186 194 219 186 183 93 210 167 165 152 270 285 179 121 410 237 358 254 336 17 304 316 245 277 172 308 337 294 269 298 280 355 222 88 279 313 255 87 315 82 303 255 245 415 232 130 119 234 341 213 278 128 315 218 329 111 291 119 380 146 168 319 463 261 273 286 110 308 305 264 296 358 141 382 289 448 230 170 420 86 412 324 467 372 380 111 195 203 175 112 200 207 194 38 290
 65 131 154 115 162 242 261 33 182 291 213 247 284 332 296 154 72 52 64 167 197 179 311 49 188 224 153 338 266 179 214 298 244 348 1 125 105 66 155 228 83 288 49 296 331 142 140 176 233 224 139 203 303 305 312 261 283 393 270 292 284 87 38 307 179 277 297 167 163 167 284 191 303 205 259 128 85 193 257 67 115 257 122 215 357 200 86 283 296 191 202 62 186 260 136 123 25 133 265 161 36 112 380 169 288 264 116 125 98 192 265 299 326 143 186 219 255 104 142 37 330 61 231 155 202 251 70 145 195 193 227 408 184 195 145 70 117 224 91 133 132 285 222 123 284 117 188 144 53 44 329 288 302 296 267 168 253 186 353 103
 146 253 90 177 231 175 139 101 262 199 231 277 299 229 326 211 56 168 63 88 252 70 296 161 76 133 101 254 186 109 271 200 135 278 125 1 126 154 157 122 107 167 113 196 321 55 243 53 263 101 105 80 225 298 270 171 248 294 193 205 315 201 121 213 239 159 178 183 117 132 244 79 296 114 246 9 45 183 226 188 75 153 31 111 282 85 48 159 334 107 88 77 68 300 28 3 147 128 191 39 101 144 285 64 203 144 149 42 222 220 166 197 343 70 201 97 160 39 142 138 300 78 180 107 150 245 60 269 239 244 106 311 253 261 22 137 81 138 111 18 256 306 119 245 198 238 263 268 116 132 299 169 310 180 175 79 267 186 271 23
 58 180 203 57 108 151 252 80 140 212 116 158 188 259 208 86 111 152 94 101 127 196 208 152 201 257 209 250 180 102 146 222 187 252 105 126 1 68 51 170 165 246 141 222 229 98 139 172 144 214 54 175 213 203 209 296 179 314 181 209 197 121 136 228 114 227 249 67 75 71 181 149 200 137 155 123 91 89 154 160 59 278 100 236 263 209 125 254 213 121 212 125 192 178 152 126 106 32 175 161 75 18 297 189 204 261 23 93 164 100 194 227 232 184 87 212 182 137 38 79 226 68 134 213 109 148 114 214 115 119 223 326 129 136 135 45 175 147 174 143 199 192 163 174 200 165 140 217 146 145 225 241 204 242 189 110 156 83 263 115
 11 114 208 53 98 217 291 62 120 277 155 185 224 323 233 90 115 98 99 161 133 220 259 101 227 273 209 316 246 166 150 287 246 318 66 154 68 1 110 229 146 300 113 287 277 147 89 206 172 253 118 221 279 251 270 311 240 380 248 275 221 56 103 294 115 284 306 114 140 138 243 201 248 199 209 154 110 148 214 101 109 302 138 259 329 238 131 303 232 183 240 116 221 196 174 153 53 98 242 192 59 65 363 211 270 297 66 136 98 133 258 291 265 193 131 249 246 148 101 30 283 77 200 212 176 198 115 147 132 129 259 393 120 131 170 25 173 212 154 167 132 224 222 108 266 100 124 150 118 108 282 297 244 300 254 167 194 137 330 135
 103 215 241 76 107 118 266 130 141 186 75 121 144 236 170 82 155 201 139 102 110 224 158 201 229 289 249 215 151 92 127 199 180 211 155 157 51 110 1 163 213 243 190 201 179 115 161 194 107 231 57 187 178 154 161 326 131 284 150 181 159 159 186 202 104 221 243 28 61 47 134 156 151 128 105 152 131 39 105 208 84 304 128 264 224 234 167 259 179 113 238 172 217 146 184 158 155 30 143 187 125 47 265 220 175 277 45 118 206 66 177 207 188 222 45 230 164 177 17 127 176 114 95 254 78 99 159 254 91 99 241 295 123 126 161 91 218 130 221 174 239 150 156 210 172 202 137 258 195 195 175 236 158 232 166 115 112 33 227 152
 218 341 195 224 267 92 127 197 302 81 220 267 270 108 308 243 171 277 170 69 271 142 238 272 140 199 210 138 82 72 288 80 19 170 228 122 170 229 163 1 228 81 230 75 264 87 308 105 256 106 117 65 117 247 190 227 178 173 90 90 299 283 235 93 266 59 82 188 103 117 170 45 247 36 201 115 147 163 167 295 121 192 110 167 171 135 168 103 323 51 139 195 125 296 136 124 244 148 93 113 195 183 164 147 90 144 186 105 317 223 46 76 309 177 198 110 43 160 156 225 226 168 114 215 99 208 177 367 251 260 119 190 284 288 104 205 199 45 232 129 353 282 8 334 85 326 299 368 233 247 225 74 273 73 59 63 244 175 156 140
 143 199 84 192 242 271 218 90 264 303 280 320 352 334 370 231 64 94 77 184 275 129 368 84 137 155 77 357 286 202 293 306 240 376 83 107 165 146 213 228 1 267 36 302 391 151 221 143 305 186 177 182 326 366 356 189 330 399 292 308 358 166 49 317 258 263 280 232 198 209 328 184 363 216 316 114 93 248 306 115 145 194 124 155 382 152 62 252 372 206 152 42 142 335 99 104 105 185 289 128 95 178 390 118 305 216 183 132 163 263 271 303 396 81 251 179 264 69 197 118 380 100 268 78 237 310 59 198 270 270 184 417 265 276 126 144 47 239 10 103 189 356 224 191 300 188 269 195 33 52 379 271 369 284 278 179 320 245 374 89
 290 409 211 301 346 162 85 260 381 117 300 346 346 104 386 322 222 334 226 146 352 151 307 327 145 186 226 165 140 152 368 104 65 208 288 167 246 300 243 81 267 1 278 96 332 153 383 125 336 92 195 88 162 319 252 202 246 163 148 131 378 353 287 117 346 27 18 269 183 197 236 100 319 116 276 162 204 242 240 353 192 162 168 156 203 132 213 38 401 131 135 243 133 376 169 169 307 227 154 140 258 260 166 160 134 103 264 167 382 303 90 91 384 198 278 100 100 200 235 292 289 232 188 231 178 284 226 431 331 341 101 182 364 368 146 278 229 122 269 166 417 359 88 402 131 395 378 431 281 298 288 14 347 35 110 136 322 255 182 189
 112 166 114 161 210 261 239 62 230 301 254 291 326 336 341 200 60 64 64 178 244 151 347 54 160 186 110 352 281 194 261 305 244 368 49 113 141 113 190 230 36 278 1 302 369 147 186 158 277 204 162 192 319 343 341 221 313 400 285 304 329 132 14 316 226 271 290 206 184 193 312 189 340 213 295 118 86 227 288 85 132 223 121 182 375 174 66 267 342 202 174 36 161 305 114 111 70 165 282 142 67 152 389 140 301 238 156 128 130 235 271 304 369 108 226 197 263 80 175 85 362 80 255 111 225 288 54 169 241 240 204 417 232 243 133 114 76 235 44 114 159 328 225 158 296 154 236 166 6 21 361 281 343 292 276 175 294 222 368 92
 277 400 268 272 306 90 174 265 340 23 240 281 271 37 314 282 244 346 241 130 301 212 221 342 209 263 282 72 58 122 316 8 66 113 296 196 222 287 201 75 302 96 302 1 246 157 358 177 273 166 170 135 68 236 162 287 162 99 64 37 307 342 307 22 301 74 83 221 149 157 151 119 237 92 200 189 218 186 162 362 183 248 182 231 109 201 241 132 331 106 205 268 194 311 210 199 310 195 72 186 262 232 90 218 42 192 235 175 380 249 32 8 304 250 225 172 42 235 199 288 199 236 119 288 124 211 249 430 279 290 178 116 320 321 178 263 274 76 306 203 416 286 79 394 41 385 335 432 306 318 198 83 268 64 35 129 252 201 89 214
 272 357 409 228 214 173 389 308 230 223 124 116 73 264 106 201 331 373 316 240 179 379 27 375 381 444 420 204 194 219 178 240 274 164 331 321 229 277 179 264 391 332 369 246 1 269 287 343 123 363 219 318 182 27 87 478 87 274 186 210 109 312 364 231 194 307 323 165 205 190 97 285 30 237 76 314 304 143 99 376 252 448 291 414 180 381 341 362 127 232 386 350 366 134 347 322 327 206 179 341 303 220 250 378 205 405 217 280 361 148 243 253 74 389 147 366 234 348 195 300 54 292 152 425 177 82 335 402 163 173 376 273 207 199 317 263 392 220 399 337 388 85 259 355 206 347 221 408 374 373 54 320 52 305 223 253 90 147 200 321
 137 257 143 154 205 123 155 111 238 155 187 234 251 192 282 182 89 191 85 35 219 113 243 186 116 178 155 207 137 55 237 160 104 227 142 55 98 147 115 87 151 153 147 157 269 1 232 81 221 118 59 78 176 247 217 215 194 255 143 159 271 201 151 170 209 138 160 142 65 82 190 54 245 68 195 47 62 135 173 208 41 190 28 151 233 120 90 158 292 57 124 114 103 259 80 56 158 89 140 75 109 115 244 110 156 165 119 20 232 180 126 159 295 123 158 117 117 89 101 141 246 82 126 161 96 195 95 282 203 209 128 271 225 231 50 125 133 90 156 70 268 260 82 250 151 243 237 282 151 162 245 151 261 156 130 29 220 140 224 63
 98 74 291 87 74 278 379 148 65 345 168 175 220 394 212 91 201 143 186 240 110 308 276 152 315 359 291 376 311 240 118 357 325 368 140 243 139 89 161 308 221 383 186 358 287 232 1 294 165 341 192 308 338 262 305 397 276 445 310 341 201 57 173 361 94 365 387 149 210 202 282 285 259 275 233 242 199 190 252 132 192 389 225 346 382 326 217 388 203 259 328 198 309 171 262 242 117 164 303 281 146 127 426 299 335 385 124 222 91 144 331 363 252 279 158 337 319 235 161 110 308 166 255 293 238 219 201 120 125 115 347 456 83 94 258 108 255 284 229 256 108 214 301 74 331 68 75 127 189 174 307 379 242 380 324 248 198 175 386 224
 197 305 92 225 278 181 87 153 310 185 266 314 330 204 362 257 105 217 115 104 296 39 317 209 39 102 107 242 182 124 315 182 111 273 176 53 172 206 194 105 143 125 158 177 343 81 294 1 301 49 139 44 220 322 281 137 263 270 190 194 351 253 167 196 285 124 139 221 143 160 257 65 321 113 271 53 97 213 245 237 115 110 73 73 275 41 94 111 372 113 45 124 25 339 45 55 199 167 191 17 153 189 265 43 193 92 194 80 274 259 149 176 374 76 238 44 147 78 180 190 314 130 194 113 167 273 109 319 281 287 54 288 300 307 38 188 105 136 145 45 307 339 104 297 189 290 311 318 160 178 313 130 339 145 163 91 299 220 260 75
 169 237 345 120 93 184 369 217 108 254 37 15 56 303 66 85 254 267 237 204 57 331 116 271 335 395 351 261 216 190 58 269 272 238 233 263 144 172 107 256 305 336 277 273 123 221 165 301 1 335 163 290 227 100 161 432 137 336 212 243 54 196 269 267 72 312 333 81 162 145 146 258 97 222 87 258 233 95 121 267 190 410 234 370 254 340 267 356 72 209 344 267 323 41 290 264 223 136 204 293 212 129 314 326 237 382 124 224 244 44 257 280 95 326 64 335 244 280 122 198 152 210 155 356 159 71 257 283 43 51 346 342 85 77 267 164 318 215 314 280 269 54 250 236 236 228 99 289 282 276 152 327 78 319 241 217 36 84 266 256
 244 353 121 269 321 194 39 201 354 179 300 348 359 186 394 299 153 264 163 133 336 62 337 256 55 99 136 235 186 150 355 172 104 272 224 101 214 253 231 106 186 92 204 166 363 118 341 49 335 1 175 47 220 345 294 123 280 250 195 191 384 301 214 186 326 100 108 258 174 192 272 81 344 127 296 100 145 244 266 285 157 87 117 67 271 42 141 68 405 133 45 171 46 374 91 103 247 206 197 65 201 231 249 72 192 48 236 122 322 296 144 163 402 111 273 9 146 125 218 238 329 178 212 141 189 300 157 367 319 326 14 268 342 348 84 234 144 147 187 93 355 370 108 345 187 339 354 366 206 224 328 100 366 120 162 119 330 253 253 123
 108 231 192 108 153 104 210 108 187 160 129 176 195 206 225 129 115 189 102 50 163 169 195 187 173 234 201 202 130 49 181 170 135 210 139 105 54 118 57 117 177 195 162 170 219 59 192 139 163 175 1 132 166 196 180 271 154 263 133 159 214 173 161 177 155 175 197 84 25 32 152 102 194 84 144 98 87 79 130 202 34 248 74 208 219 178 123 207 234 68 182 136 161 201 132 106 147 33 128 132 104 67 247 166 154 222 70 64 213 122 141 174 240 172 100 174 129 130 44 123 204 83 94 207 65 142 120 263 146 153 185 276 172 177 106 95 173 94 185 121 248 203 110 225 150 217 185 266 167 172 203 189 207 189 137 61 164 83 216 103
 212 327 135 231 281 150 80 176 315 144 255 303 313 161 348 259 135 248 140 87 294 79 292 240 76 135 150 201 145 104 312 140 69 235 203 80 175 221 187 65 182 88 192 135 318 78 308 44 290 47 132 1 181 299 250 165 235 227 153 154 338 273 200 154 285 83 99 214 129 146 228 34 298 82 249 76 119 199 220 267 118 131 85 103 235 70 126 82 360 87 75 157 61 330 84 82 223 164 155 56 175 192 222 85 154 92 196 87 299 252 108 133 356 119 228 49 108 114 175 210 285 149 166 156 143 254 140 346 276 284 60 245 301 307 60 200 146 103 184 80 333 324 66 319 149 312 314 346 194 211 284 90 320 104 124 74 284 208 219 103
 270 390 307 253 277 63 235 272 309 46 197 233 216 84 259 254 264 354 256 143 265 258 159 351 256 315 321 39 40 126 276 61 117 54 303 225 213 279 178 117 326 162 319 68 182 176 338 220 227 220 166 181 1 175 96 342 102 111 35 32 254 332 321 51 268 138 149 192 142 142 91 157 176 112 146 217 235 152 109 367 190 306 203 283 58 251 265 197 278 120 255 288 241 263 245 227 312 182 39 225 268 218 90 261 30 252 219 195 376 212 78 74 245 288 190 225 75 263 181 288 133 244 84 327 105 160 269 426 242 254 233 119 287 286 211 257 306 89 331 236 411 231 117 384 34 376 303 428 324 332 132 149 210 130 59 148 201 168 51 238
 246 332 386 202 189 158 372 282 208 214 98 95 55 257 95 176 306 347 291 219 156 357 20 349 360 422 396 200 181 199 156 230 258 165 305 298 203 251 154 247 366 319 343 236 27 247 262 322 100 345 196 299 175 1 84 457 75 273 174 200 94 286 338 223 170 293 310 139 182 167 86 266 5 219 52 291 280 119 81 351 228 428 268 393 181 361 316 347 116 212 365 324 345 116 324 299 301 181 167 319 277 194 249 356 195 388 191 257 335 122 230 243 71 366 121 347 220 324 169 274 60 267 135 401 157 56 311 377 139 149 357 274 184 176 295 237 367 203 374 314 363 69 242 330 196 322 198 383 348 347 59 307 39 293 211 232 66 122 199 298
 262 369 359 229 235 102 316 283 261 139 142 162 133 178 176 215 293 359 281 184 211 319 66 359 320 382 371 118 113 163 217 155 197 82 312 270 209 270 161 190 356 252 341 162 87 217 305 281 161 294 180 250 96 84 1 414 31 190 105 125 173 315 339 146 220 226 241 160 159 149 29 219 86 170 76 262 265 123 57 367 212 380 242 351 98 318 300 284 196 169 322 315 304 189 295 272 314 180 100 282 278 206 166 320 121 333 205 232 364 163 163 169 154 338 149 298 155 303 172 287 38 261 91 376 122 92 298 410 189 201 307 191 237 233 262 251 348 149 363 285 395 148 187 365 122 356 253 415 345 349 38 239 122 223 143 195 129 135 116 276
 305 386 108 344 398 313 118 251 426 301 399 446 465 304 495 380 198 282 214 240 421 103 452 272 99 39 113 357 308 260 440 294 226 395 261 171 296 311 326 227 189 202 221 287 478 215 397 137 432 123 271 165 342 457 414 1 397 364 316 313 484 347 234 308 408 217 219 352 278 295 390 196 456 245 407 176 208 348 380 303 244 41 199 65 393 98 182 167 504 248 93 201 113 470 145 170 285 298 319 141 253 313 367 108 314 101 318 209 350 390 266 283 509 119 370 118 268 165 311 288 448 239 328 113 302 408 198 386 409 413 110 383 420 429 167 299 146 266 184 154 377 474 229 378 310 374 429 382 220 239 447 213 474 235 284 227 434 353 375 182
 233 339 337 199 206 88 304 255 233 140 114 139 116 184 159 186 268 330 255 162 183 300 62 330 301 364 348 131 108 141 191 156 188 103 283 248 179 240 131 178 330 246 313 162 87 194 276 263 137 280 154 235 102 75 31 397 1 205 100 126 155 285 311 149 191 221 237 130 134 122 12 203 76 154 51 240 239 93 27 338 186 365 219 334 119 300 275 276 179 151 305 289 286 167 273 249 285 151 94 263 250 177 182 300 121 321 175 208 334 135 158 169 144 316 119 283 148 279 143 257 53 234 70 354 99 66 272 380 161 174 293 209 209 205 241 221 323 135 337 263 365 131 174 335 122 326 225 385 318 321 52 234 109 220 138 174 106 105 132 252
 370 492 361 359 387 167 247 362 419 104 307 341 320 67 363 363 342 444 339 227 375 303 255 439 299 347 376 76 135 217 386 96 161 111 393 294 314 380 284 173 399 163 400 99 274 255 445 270 336 250 263 227 111 273 190 364 205 1 136 106 359 434 405 87 377 151 146 300 240 245 194 216 275 189 253 287 316 261 217 459 280 324 280 315 95 289 339 199 383 203 292 366 285 370 306 296 406 285 143 281 358 322 25 310 111 264 323 274 475 322 130 98 343 344 299 257 139 332 286 384 221 333 192 382 208 268 347 525 352 364 261 20 397 396 275 356 370 171 404 300 510 335 177 486 115 478 413 527 404 416 221 152 310 131 128 227 309 277 75 312
 238 360 276 224 253 33 213 238 286 43 179 219 209 93 251 229 230 320 222 109 244 228 161 317 227 288 289 70 10 93 257 59 94 86 270 193 181 248 150 90 292 148 285 64 186 143 310 190 212 195 133 153 35 174 105 316 100 136 1 33 244 302 287 57 245 123 138 167 110 111 90 126 175 80 137 185 202 128 99 334 156 281 170 255 91 223 231 180 268 87 227 254 212 249 213 195 279 152 9 194 234 188 117 231 27 231 189 161 344 191 59 71 242 256 167 199 51 230 152 255 142 211 60 295 74 149 235 394 221 233 208 147 264 264 179 225 273 56 298 204 379 223 88 354 25 345 280 397 290 299 141 136 206 120 39 115 189 144 85 205
 265 388 283 254 284 64 204 261 317 15 211 250 238 61 280 260 247 343 242 128 276 232 186 340 229 287 298 50 31 114 289 31 88 83 292 205 209 275 181 90 308 131 304 37 210 159 341 194 243 191 159 154 32 200 125 313 126 106 33 1 275 330 307 25 277 107 118 198 136 140 115 132 201 93 167 197 220 160 128 358 179 276 186 255 82 223 247 165 299 104 227 272 214 280 223 207 304 180 41 201 257 217 89 236 7 222 218 178 371 223 48 44 269 265 199 197 48 243 181 281 162 233 92 304 104 179 253 421 253 265 204 118 296 296 189 252 285 71 313 215 406 252 91 382 10 373 312 423 309 319 162 118 234 99 32 131 220 176 67 220
 220 275 397 170 134 220 416 269 138 286 86 39 41 334 13 133 307 316 290 252 94 382 114 320 386 446 404 285 250 236 84 302 314 254 284 315 197 221 159 299 358 378 329 307 109 271 201 351 54 384 214 338 254 94 173 484 155 359 244 275 1 240 320 298 113 353 373 133 210 193 166 305 91 266 109 310 286 141 147 314 242 460 286 421 270 391 320 401 25 255 395 319 374 32 342 316 273 188 236 344 264 182 336 378 269 430 177 276 287 97 295 314 53 378 115 384 282 332 174 249 153 263 192 409 202 97 310 321 90 94 395 362 119 108 318 216 371 257 366 332 308 26 293 274 268 267 128 327 334 327 153 368 58 358 277 266 57 132 286 308
 66 59 240 88 107 270 339 102 113 332 189 208 251 378 251 112 154 88 141 216 146 262 297 96 270 310 238 370 300 220 159 342 301 369 87 201 121 56 159 283 166 353 132 342 312 201 57 253 196 301 173 273 332 286 315 347 285 434 302 330 240 1 119 348 128 338 359 156 195 191 290 254 283 254 249 202 157 194 260 78 164 342 189 299 381 282 170 354 246 238 284 147 266 211 217 200 63 151 295 239 101 115 417 252 324 344 115 188 50 165 313 346 288 229 170 297 301 188 152 64 324 125 251 240 229 236 153 96 154 147 306 447 124 136 219 79 203 266 174 212 81 248 277 53 320 45 122 100 135 118 323 351 273 355 309 221 224 181 382 180
 102 153 127 152 199 262 250 57 219 305 248 283 319 341 333 191 66 52 67 180 234 163 343 43 171 199 123 354 283 196 251 309 250 368 38 121 136 103 186 235 49 287 14 307 364 151 173 167 269 214 161 200 321 338 339 234 311 405 287 307 320 119 1 320 217 278 297 200 184 191 310 195 335 217 290 126 89 223 285 73 133 235 126 195 376 185 75 277 333 205 186 45 172 296 124 119 58 161 283 152 62 146 393 152 304 250 149 132 117 228 276 309 362 120 220 208 267 90 171 74 359 79 254 124 224 283 61 157 232 230 215 421 222 233 141 106 89 238 56 124 146 321 230 145 299 141 225 154 17 13 358 288 337 299 280 179 287 218 370 99
 284 407 286 275 307 87 195 276 340 17 235 274 262 37 304 282 258 358 254 141 299 232 208 354 229 284 301 50 53 130 312 15 86 93 307 213 228 294 202 93 317 117 316 22 231 170 361 196 267 186 177 154 51 223 146 308 149 87 57 25 298 348 320 1 300 95 103 221 155 160 138 137 224 104 191 205 232 184 152 373 194 270 196 252 87 221 256 153 323 117 226 282 214 304 228 215 320 200 65 204 272 237 74 238 31 213 239 189 389 246 48 27 293 269 223 193 54 251 202 297 183 247 115 307 125 203 264 439 277 288 199 102 319 319 195 270 291 85 322 221 424 276 95 401 33 392 335 441 320 331 182 104 257 84 42 142 244 199 68 229
