NAME : domp30p10v10
COMMENT : (Deleplanque et al.) 
TYPE : DOMP
DIMENSION : 30
DISPLAY_DATA_TYPE: NO_DISPLAY
OPEN_FACILITIES : 10
COST_SECTION
 1 160 66 244 278 82 173 67 252 311 179 314 77 141 311 265 131 76 267 147 289 133 61 315 202 304 155 182 56 276
 160 1 101 285 248 157 30 170 158 160 335 158 185 165 325 114 46 166 111 74 130 180 152 159 196 255 230 121 215 118
 66 101 1 228 235 68 110 74 191 247 236 250 120 150 286 200 84 73 210 83 228 153 90 252 163 256 152 124 119 214
 244 285 228 1 119 167 269 178 212 340 273 359 320 375 76 312 298 170 372 213 368 372 301 365 98 157 93 178 252 346
 278 248 235 119 1 199 223 219 120 248 364 270 350 381 99 232 277 208 307 179 292 386 322 278 78 40 168 128 307 269
 82 157 68 167 199 1 156 23 193 280 201 288 157 209 231 237 150 13 264 107 276 206 135 292 123 228 85 122 110 258
 173 30 110 269 223 156 1 172 128 140 344 141 207 194 304 93 74 166 111 58 121 208 174 143 177 228 222 98 227 105
 67 170 74 178 219 23 172 1 215 299 179 307 143 202 245 256 157 12 279 126 292 197 125 310 143 249 90 144 89 275
 252 158 191 212 120 193 128 215 1 131 390 152 309 315 216 114 198 205 191 111 174 326 277 160 120 110 213 72 297 151
 311 160 247 340 248 280 140 299 131 1 477 26 344 317 345 48 204 292 106 174 70 335 311 34 244 230 325 173 365 58
 179 335 236 273 364 201 344 179 390 477 1 483 203 287 347 432 309 188 444 304 464 268 217 486 295 401 198 320 126 449
 314 158 250 359 270 288 141 307 152 26 483 1 341 308 367 53 200 300 87 182 50 327 309 9 262 254 339 188 368 44
 77 185 120 320 350 157 207 143 309 344 203 341 1 85 387 297 143 152 279 199 308 68 34 341 275 374 230 243 90 300
 141 165 150 375 381 209 194 202 315 317 287 308 85 1 435 272 120 208 232 209 266 24 82 306 312 398 291 260 171 264
 311 325 286 76 99 231 304 245 216 345 347 367 387 435 1 327 346 236 397 252 386 435 365 375 130 127 165 207 324 363
 265 114 200 312 232 237 93 256 114 48 432 53 297 272 327 1 158 248 83 131 60 290 265 57 215 222 288 138 318 38
 131 46 84 298 277 150 74 157 198 204 309 200 143 120 346 158 1 156 140 99 166 135 111 199 217 289 231 151 184 158
 76 166 73 170 208 13 166 12 205 292 188 300 152 208 236 248 156 1 274 119 286 204 132 303 132 238 84 134 100 269
 267 111 210 372 307 264 111 279 191 106 444 87 279 232 397 83 140 274 1 167 39 253 249 82 277 300 331 195 322 50
 147 74 83 213 179 107 58 126 111 174 304 182 199 209 252 131 99 119 167 1 172 219 167 186 123 191 166 53 197 153
 289 130 228 368 292 276 121 292 174 70 464 50 308 266 386 60 166 286 39 172 1 287 276 44 271 281 336 191 344 24
 133 180 153 372 386 206 208 197 326 335 268 327 68 24 435 290 135 204 253 219 287 1 74 325 315 405 286 268 157 284
 61 152 90 301 322 135 174 125 277 311 217 309 34 82 365 265 111 132 249 167 276 74 1 309 248 345 214 212 94 268
 315 159 252 365 278 292 143 310 160 34 486 9 341 306 375 57 199 303 82 186 44 325 309 1 269 262 344 193 369 43
 202 196 163 98 78 123 177 143 120 244 295 262 275 312 130 215 217 132 277 123 271 315 248 269 1 109 102 82 230 249
 304 255 256 157 40 228 228 249 110 230 401 254 374 398 127 222 289 238 300 191 281 405 345 262 109 1 204 140 337 259
 155 230 152 93 168 85 222 90 213 325 198 339 230 291 165 288 231 84 331 166 336 286 214 344 102 204 1 154 160 316
 182 121 124 178 128 122 98 144 72 173 320 188 243 260 207 138 151 134 195 53 191 268 212 193 82 140 154 1 226 170
 56 215 119 252 307 110 227 89 297 365 126 368 90 171 324 318 184 100 322 197 344 157 94 369 230 337 160 226 1 331
 276 118 214 346 269 258 105 275 151 58 449 44 300 264 363 38 158 269 50 153 24 284 268 43 249 259 316 170 331 1
LAMBDA_SECTION
1  28
2  21
3  19
4  12
5  28
6  11
7  10
8  23
9  28
10  23
11  29
12  12
13  9
14  9
15  27
16  7
17  11
18  14
19  9
20  20
21  22
22  9
23  13
24  23
25  17
26  29
27  21
28  22
29  22
30  16
