NAME : domp40p10v3
COMMENT : (Deleplanque et al.) 
TYPE : DOMP
DIMENSION : 40
DISPLAY_DATA_TYPE: NO_DISPLAY
OPEN_FACILITIES : 10
COST_SECTION
 1 156 274 162 214 122 202 90 152 170 174 153 86 214 113 236 213 251 142 151 64 86 183 142 182 234 207 232 212 147 162 136 124 44 118 75 190 115 192 237
 156 1 421 240 131 40 356 186 143 324 274 278 74 369 264 380 295 391 297 235 193 78 319 85 202 387 362 387 149 265 144 271 136 113 248 195 221 79 181 332
 274 421 1 237 482 392 153 314 339 154 324 274 358 108 210 220 366 53 157 340 230 344 247 373 314 70 99 123 475 175 350 252 321 313 178 229 300 357 349 356
 162 240 237 1 347 227 265 250 115 233 323 289 206 246 219 327 366 190 203 308 104 172 300 165 78 240 231 273 353 68 123 264 108 169 89 92 65 162 114 383
 214 131 482 347 1 124 378 181 268 354 237 265 143 405 287 377 239 464 335 197 272 177 311 212 325 433 403 416 28 354 270 270 254 184 329 279 343 197 308 280
 122 40 392 227 124 1 319 147 146 289 236 239 37 335 227 341 259 365 262 198 167 57 280 93 202 355 328 352 136 244 149 232 131 81 223 171 220 75 188 295
 202 356 153 265 378 319 1 199 327 35 180 132 283 46 95 74 218 175 67 205 194 287 96 337 329 84 58 41 365 201 339 115 302 245 177 202 324 313 355 205
 90 186 314 250 181 147 199 1 233 175 93 94 117 228 108 203 127 304 159 63 147 144 138 208 270 258 227 237 168 225 242 93 207 107 192 160 279 180 275 156
 152 143 339 115 268 146 327 233 1 293 323 304 141 322 254 376 359 297 261 295 134 102 331 60 60 327 310 347 281 165 12 286 29 128 166 126 80 72 45 386
 170 324 154 233 354 289 35 175 293 1 172 122 252 54 68 97 213 165 33 190 160 254 97 303 296 88 57 65 342 171 305 100 268 213 145 169 292 279 321 206
 174 274 324 323 237 236 180 93 323 172 1 51 209 222 123 151 46 330 173 42 220 236 89 300 354 258 227 220 217 284 332 75 295 198 250 233 361 272 364 65
 153 278 274 289 265 239 132 94 304 122 51 1 208 172 78 114 94 281 124 75 188 228 47 290 329 209 178 172 247 244 314 27 276 186 210 201 333 262 343 97
 86 74 358 206 143 37 283 117 141 252 209 208 1 299 191 307 236 332 226 173 135 41 247 99 193 319 292 316 149 215 147 199 121 46 192 140 208 73 185 270
 214 369 108 246 405 335 46 228 322 54 222 172 299 1 120 116 261 132 74 242 192 296 140 340 316 39 17 28 394 180 334 152 299 257 162 198 309 318 345 250
 113 264 210 219 287 227 95 108 254 68 123 78 191 120 1 124 168 209 54 131 125 198 82 253 268 151 120 131 275 169 265 51 226 155 136 137 269 227 288 173
 236 380 220 327 377 341 74 203 376 97 151 114 307 116 124 1 178 247 125 186 245 319 67 376 386 152 130 98 360 267 387 111 349 276 239 255 384 350 408 154
 213 295 366 366 239 259 218 127 359 213 46 94 236 261 168 178 1 374 217 65 262 268 123 331 394 298 268 257 215 329 368 119 332 232 294 275 401 304 401 42
 251 391 53 190 464 365 175 304 297 165 330 281 332 132 209 247 374 1 158 339 199 314 261 335 267 100 118 154 460 133 307 256 281 287 144 197 252 322 304 370
 142 297 157 203 335 262 67 159 261 33 173 124 226 74 54 125 217 158 1 184 128 225 111 273 264 100 70 92 325 143 273 99 236 185 115 137 261 249 289 216
 151 235 340 308 197 198 205 63 295 190 42 75 173 242 131 186 65 339 184 1 205 204 121 268 332 277 246 244 177 277 304 91 269 168 243 218 340 240 338 98
 64 193 230 104 272 167 194 147 134 160 220 188 135 192 125 245 262 199 128 205 1 116 205 150 144 202 181 215 272 85 146 165 108 90 58 14 146 130 164 281
 86 78 344 172 177 57 287 144 102 254 236 228 41 296 198 319 268 314 225 204 116 1 263 65 153 312 288 316 186 190 108 215 81 44 171 118 169 37 145 299
 183 319 247 300 311 280 96 138 331 97 89 47 247 140 82 67 123 261 111 121 205 263 1 323 349 178 149 134 294 247 341 49 303 220 215 217 350 296 366 111
 142 85 373 165 212 93 337 208 60 303 300 290 99 340 253 376 331 335 273 268 150 65 323 1 118 351 330 362 227 204 60 276 58 105 196 147 138 29 97 363
 182 202 314 78 325 202 329 270 60 296 354 329 193 316 268 386 394 267 264 332 144 153 349 118 1 314 302 342 337 142 62 307 73 170 155 133 22 128 39 417
 234 387 70 240 433 355 84 258 327 88 258 209 319 39 151 152 298 100 100 277 202 312 178 351 314 1 32 56 424 174 338 187 305 276 163 206 304 331 346 288
 207 362 99 231 403 328 58 227 310 57 227 178 292 17 120 130 268 118 70 246 181 288 149 330 302 32 1 44 393 165 321 156 287 250 148 186 294 308 332 259
 232 387 123 273 416 352 41 237 347 65 220 172 316 28 131 98 257 154 92 244 215 316 134 362 342 56 44 1 404 207 358 154 322 276 188 222 335 339 371 241
 212 149 475 353 28 136 365 168 281 342 217 247 149 394 275 360 215 460 325 177 272 186 294 227 337 424 393 404 1 356 284 255 265 187 328 281 354 210 322 256
 147 265 175 68 354 244 201 225 165 171 284 244 215 180 169 267 329 133 143 277 85 190 247 204 142 174 165 207 356 1 175 218 149 171 35 76 132 192 176 340
 162 144 350 123 270 149 339 242 12 305 332 314 147 334 265 387 368 307 273 304 146 108 341 60 62 338 321 358 284 175 1 296 40 137 177 138 83 76 39 396
 136 271 252 264 270 232 115 93 286 100 75 27 199 152 51 111 119 256 99 91 165 215 49 276 307 187 156 154 255 218 296 1 258 173 185 178 310 248 323 123
 124 136 321 108 254 131 302 207 29 268 295 276 121 299 226 349 332 281 236 269 108 81 303 58 73 305 287 322 265 149 40 258 1 103 145 102 90 59 70 359
 44 113 313 169 184 81 245 107 128 213 198 186 46 257 155 276 232 287 185 168 90 44 220 105 170 276 250 276 187 171 137 173 103 1 147 96 182 77 171 261
 118 248 178 89 329 223 177 192 166 145 250 210 192 162 136 239 294 144 115 243 58 171 215 196 155 163 148 188 328 35 177 185 145 147 1 54 149 180 185 306
 75 195 229 92 279 171 202 160 126 169 233 201 140 198 137 255 275 197 137 218 14 118 217 147 133 206 186 222 281 76 138 178 102 96 54 1 133 128 154 293
 190 221 300 65 343 220 324 279 80 292 361 333 208 309 269 384 401 252 261 340 146 169 350 138 22 304 294 335 354 132 83 310 90 182 149 133 1 147 58 423
 115 79 357 162 197 75 313 180 72 279 272 262 73 318 227 350 304 322 249 240 130 37 296 29 128 331 308 339 210 192 76 248 59 77 180 128 147 1 114 335
 192 181 349 114 308 188 355 275 45 321 364 343 185 345 288 408 401 304 289 338 164 145 366 97 39 346 332 371 322 176 39 323 70 171 185 154 58 114 1 427
 237 332 356 383 280 295 205 156 386 206 65 97 270 250 173 154 42 370 216 98 281 299 111 363 417 288 259 241 256 340 396 123 359 261 306 293 423 335 427 1
LAMBDA_SECTION
1  26
2  21
3  22
4  32
5  27
6  38
7  13
8  28
9  10
10  29
11  29
12  32
13  19
14  19
15  20
16  23
17  22
18  24
19  13
20  37
21  28
22  15
23  38
24  29
25  38
26  18
27  20
28  39
29  25
30  34
31  26
32  11
33  15
34  38
35  25
36  32
37  28
38  28
39  20
40  28
