NAME : domp50p25v1
COMMENT : (Deleplanque et al.) 
TYPE : DOMP
DIMENSION : 50
DISPLAY_DATA_TYPE: NO_DISPLAY
OPEN_FACILITIES : 25
COST_SECTION
 1 192 333 233 338 363 299 318 147 250 126 375 17 200 383 305 293 184 251 106 174 135 369 241 331 182 231 268 118 301 168 127 123 269 178 379 281 376 96 191 200 157 389 189 370 71 167 166 248 166
 192 1 182 46 288 268 109 276 185 197 101 186 198 174 251 121 246 47 267 191 311 58 299 54 281 329 49 138 215 257 135 282 87 82 26 228 179 205 137 267 206 179 204 260 179 196 293 91 103 133
 333 182 1 181 187 125 164 190 365 151 208 134 331 180 75 196 170 159 246 274 378 222 173 177 183 400 190 68 290 177 182 372 213 179 207 48 87 63 244 299 214 360 116 291 156 301 356 169 251 314
 233 46 181 1 313 283 68 304 203 228 146 153 240 212 254 76 275 86 305 236 357 100 319 10 307 374 10 152 260 285 176 327 132 37 57 224 198 190 183 311 246 194 176 304 141 241 338 132 74 144
 338 288 187 313 1 80 328 23 435 97 239 319 328 142 154 359 47 244 116 239 289 292 42 314 8 310 321 167 239 38 182 309 256 329 307 193 119 244 249 199 141 436 302 194 340 276 268 212 385 403
 363 268 125 283 80 1 283 95 437 118 247 256 356 168 76 314 94 230 182 275 348 288 52 281 80 370 292 132 281 94 197 359 261 291 291 118 92 175 269 258 184 435 234 252 280 310 326 212 356 395
 299 109 164 68 328 283 1 324 262 255 204 93 306 252 237 33 296 136 342 294 415 166 326 59 323 433 72 163 317 306 222 389 193 34 123 199 210 151 242 361 288 252 121 353 76 303 395 181 104 201
 318 276 190 304 23 95 324 1 418 81 221 320 307 123 165 353 31 231 95 218 267 277 63 305 18 288 312 162 217 20 165 287 239 322 294 201 115 250 229 177 120 419 305 172 340 255 246 197 375 388
 147 185 365 203 435 437 262 418 1 340 198 353 163 297 432 252 389 211 372 236 320 150 457 210 428 327 195 314 255 399 255 272 181 229 160 412 346 388 197 329 312 15 378 325 337 210 313 227 171 63
 250 197 151 228 97 118 255 81 340 1 143 269 241 52 160 283 51 152 96 158 239 197 121 230 90 261 235 100 165 62 87 245 160 249 215 180 65 213 157 153 71 340 260 146 283 194 216 117 297 308
 126 101 208 146 239 247 204 221 198 143 1 264 124 101 259 220 193 70 185 92 212 65 262 152 232 230 148 143 115 203 58 187 21 180 103 254 160 254 41 170 122 199 273 163 264 103 193 41 194 172
 375 186 134 153 319 256 93 320 353 269 264 1 379 282 192 112 298 196 363 350 467 242 305 145 315 487 159 170 371 306 265 449 258 125 205 147 209 88 304 400 319 343 34 392 30 366 446 232 194 292
 17 198 331 240 328 356 306 307 163 241 124 379 1 191 379 313 283 186 237 93 158 141 360 248 321 166 238 265 104 291 161 111 123 276 185 377 276 377 90 176 189 173 392 174 375 57 151 164 259 180
 200 174 180 212 142 168 252 123 297 52 101 282 191 1 204 276 96 129 94 108 199 161 170 216 135 221 218 118 117 105 45 199 120 239 188 216 101 240 108 121 38 299 279 113 292 143 176 86 276 271
 383 251 75 254 154 76 237 165 432 160 259 192 379 204 1 269 156 222 243 309 399 285 126 250 153 421 263 120 320 160 220 402 268 252 276 47 105 106 290 312 230 427 166 305 219 340 376 220 324 383
 305 121 196 76 359 314 33 353 252 283 220 112 313 276 269 1 325 155 368 310 431 174 357 68 353 448 76 193 334 336 244 402 207 40 129 229 241 180 257 382 312 241 144 374 90 316 412 202 85 191
 293 246 170 275 47 94 296 31 389 51 193 298 283 96 156 325 1 201 90 195 257 247 79 276 40 278 282 135 197 12 136 271 210 293 264 187 90 231 203 166 99 390 284 161 316 232 235 167 345 359
 184 47 159 86 244 230 136 231 211 152 70 196 186 129 222 155 201 1 222 159 279 64 257 90 237 298 90 103 182 212 91 256 64 116 65 206 139 195 110 227 162 208 207 220 196 172 260 48 149 167
 251 267 246 305 116 182 342 95 372 96 185 363 237 94 243 368 90 222 1 146 174 249 157 309 112 195 311 195 137 90 134 197 204 332 279 270 160 308 177 85 64 376 355 81 377 182 153 177 369 355
 106 191 274 236 239 275 294 218 236 158 92 350 93 108 309 310 195 159 146 1 122 146 273 243 232 140 238 207 25 203 93 101 106 271 190 315 204 328 56 94 99 242 355 90 352 38 103 119 279 232
 174 311 378 357 289 348 415 267 320 239 212 467 158 199 399 431 257 279 174 122 1 264 329 364 284 23 358 313 98 259 204 52 226 392 309 414 299 436 175 91 170 330 470 97 471 122 24 237 396 333
 135 58 222 100 292 288 166 277 150 197 65 242 141 161 285 174 247 64 249 146 264 1 311 108 285 280 99 166 171 258 118 231 46 136 47 269 197 254 92 232 186 148 259 226 236 145 247 81 134 112
 369 299 173 319 42 52 326 63 457 121 262 305 360 170 126 357 79 257 157 273 329 311 1 319 46 351 328 169 275 73 207 347 278 331 320 169 122 225 277 239 176 457 284 234 328 310 308 232 392 421
 241 54 177 10 314 281 59 305 210 230 152 145 248 216 250 68 276 90 309 243 364 108 319 1 308 381 16 151 267 287 181 335 139 29 65 219 198 183 190 316 250 201 168 309 133 249 345 137 76 151
 331 281 183 307 8 80 323 18 428 90 232 315 321 135 153 353 40 237 112 232 284 285 46 308 1 306 315 161 232 31 175 303 249 323 300 191 114 241 242 194 135 429 298 189 335 269 263 205 379 396
 182 329 400 374 310 370 433 288 327 261 230 487 166 221 421 448 278 298 195 140 23 280 351 381 306 1 375 335 118 281 225 56 243 409 325 436 321 458 192 113 192 337 491 119 491 137 46 257 411 344
 231 49 190 10 321 292 72 312 195 235 148 159 238 218 263 76 282 90 311 238 358 99 328 16 315 375 1 161 262 293 181 328 134 39 54 233 207 198 184 314 251 186 183 307 146 242 340 137 65 136
 268 138 68 152 167 132 163 162 314 100 143 170 265 118 120 193 135 103 195 207 313 166 169 151 161 335 161 1 223 145 114 306 150 164 161 112 49 124 177 237 153 310 163 230 184 233 291 103 225 268
 118 215 290 260 239 281 317 217 255 165 115 371 104 117 320 334 197 182 137 25 98 171 275 267 232 118 262 223 1 203 110 84 130 295 214 329 216 345 80 75 99 262 375 72 374 48 79 140 304 254
 301 257 177 285 38 94 306 20 399 62 203 306 291 105 160 336 12 212 90 203 259 258 73 287 31 281 293 145 203 1 146 276 220 304 275 192 99 238 212 169 105 400 292 163 325 240 238 178 356 369
 168 135 182 176 182 197 222 165 255 87 58 265 161 45 220 244 136 91 134 93 204 118 207 181 175 225 181 114 110 146 1 192 76 206 146 223 116 236 73 140 72 256 267 132 271 122 182 45 236 227
 127 282 372 327 309 359 389 287 272 245 187 449 111 199 402 402 271 256 197 101 52 231 347 335 303 56 328 306 84 276 192 1 197 363 276 412 299 427 147 115 176 282 455 118 450 87 55 218 360 289
 123 87 213 132 256 261 193 239 181 160 21 258 123 120 268 207 210 64 204 106 226 46 278 139 249 243 134 150 130 220 76 197 1 167 86 259 172 255 51 188 142 181 270 181 257 111 208 50 177 153
 269 82 179 37 329 291 34 322 229 249 180 125 276 239 252 40 293 116 332 271 392 136 331 29 323 409 39 164 295 304 206 363 167 1 92 217 212 175 218 343 274 219 152 335 109 277 373 163 76 168
 178 26 207 57 307 291 123 294 160 215 103 205 185 188 276 129 264 65 279 190 309 47 320 65 300 325 54 161 214 275 146 276 86 92 1 253 201 229 135 272 217 154 225 265 196 190 291 103 93 108
 379 228 48 224 193 118 199 201 412 180 254 147 377 216 47 229 187 206 270 315 414 269 169 219 191 436 233 112 329 192 223 412 259 217 253 1 117 61 288 331 247 406 120 324 174 344 391 214 291 359
 281 179 87 198 119 92 210 115 346 65 160 209 276 101 105 241 90 139 160 204 299 197 122 198 114 321 207 49 216 99 116 299 172 212 201 117 1 149 187 215 131 344 198 208 227 236 276 123 271 305
 376 205 63 190 244 175 151 250 388 213 254 88 377 240 106 180 231 195 308 328 436 254 225 183 241 458 198 124 345 238 236 427 255 175 229 61 149 1 292 359 274 380 61 351 115 352 414 215 250 331
 96 137 244 183 249 269 242 229 197 157 41 304 90 108 290 257 203 110 177 56 175 92 277 190 242 192 184 177 80 212 73 147 51 218 135 288 187 292 1 144 117 200 313 138 304 63 158 78 224 183
 191 267 299 311 199 258 361 177 329 153 170 400 176 121 312 382 166 227 85 94 91 232 239 316 194 113 314 237 75 169 140 115 188 343 272 331 215 359 144 1 86 335 399 9 408 122 70 181 363 325
 200 206 214 246 141 184 288 120 312 71 122 319 189 38 230 312 99 162 64 99 170 186 176 250 135 192 251 153 99 105 72 176 142 274 217 247 131 274 117 86 1 315 315 78 329 136 147 116 307 293
 157 179 360 194 436 435 252 419 15 340 199 343 173 299 427 241 390 208 376 242 330 148 457 201 429 337 186 310 262 400 256 282 181 219 154 406 344 380 200 335 315 1 368 331 326 218 322 226 159 52
 389 204 116 176 302 234 121 305 378 260 273 34 392 279 166 144 284 207 355 355 470 259 284 168 298 491 183 163 375 292 267 455 270 152 225 120 198 61 313 399 315 368 1 391 63 375 448 238 224 318
 189 260 291 304 194 252 353 172 325 146 163 392 174 113 305 374 161 220 81 90 97 226 234 309 189 119 307 230 72 163 132 118 181 335 265 324 208 351 138 9 78 331 391 1 401 119 75 174 356 319
 370 179 156 141 340 280 76 340 337 283 264 30 375 292 219 90 316 196 377 352 471 236 328 133 335 491 146 184 374 325 271 450 257 109 196 174 227 115 304 408 329 326 63 401 1 366 451 235 173 275
 71 196 301 241 276 310 303 255 210 194 103 366 57 143 340 316 232 172 182 38 122 145 310 249 269 137 242 233 48 240 122 87 111 277 190 344 236 352 63 122 136 218 375 119 366 1 109 138 275 214
 167 293 356 338 268 326 395 246 313 216 193 446 151 176 376 412 235 260 153 103 24 247 308 345 263 46 340 291 79 238 182 55 208 373 291 391 276 414 158 70 147 322 448 75 451 109 1 217 380 322
 166 91 169 132 212 212 181 197 227 117 41 232 164 86 220 202 167 48 177 119 237 81 232 137 205 257 137 103 140 178 45 218 50 163 103 214 123 215 78 181 116 226 238 174 235 138 217 1 192 192
 248 103 251 74 385 356 104 375 171 297 194 194 259 276 324 85 345 149 369 279 396 134 392 76 379 411 65 225 304 356 236 360 177 76 93 291 271 250 224 363 307 159 224 356 173 275 380 192 1 110
 166 133 314 144 403 395 201 388 63 308 172 292 180 271 383 191 359 167 355 232 333 112 421 151 396 344 136 268 254 369 227 289 153 168 108 359 305 331 183 325 293 52 318 319 275 214 322 192 110 1
LAMBDA_SECTION
1  14
2  39
3  29
4  37
5  32
6  48
7  28
8  31
9  39
10  26
11  33
12  13
13  23
14  33
15  43
16  24
17  20
18  44
19  28
20  24
21  23
22  40
23  33
24  49
25  38
26  29
27  33
28  13
29  47
30  28
31  28
32  27
33  17
34  23
35  14
36  38
37  22
38  30
39  35
40  27
41  22
42  19
43  29
44  33
45  18
46  22
47  45
48  26
49  32
50  39
