NAME : domp280p140v8
COMMENT : (Deleplanque et al.) 
TYPE : DOMP
DIMENSION : 280
DISPLAY_DATA_TYPE: NO_DISPLAY
OPEN_FACILITIES : 140
COST_SECTION
 1 352 271 181 97 316 281 139 154 97 275 305 239 194 333 214 212 308 374 441 282 218 243 175 230 116 272 242 232 134 309 212 223 234 180 264 279 206 142 288 345 311 125 122 125 223 123 215 213 174 302 217 299 58 298 384 11 147 131 195 372 251 157 122 179 62 119 99 67 272 186 252 365 223 286 39 371 129 131 121 201 299 370 272 213 161 116 328 244 268 341 343 61 152 89 55 28 213 183 232 278 224 54 137 71 281 212 320 53 247 325 313 240 87 323 91 233 221 129 167 83 295 89 246 297 187 222 185 417 315 154 272 213 219 299 78 414 126 264 158 306 417 207 221 54 201 270 331 272 214 266 190 345 298 115 116 230 259 182 283 278 199 144 241 256 138 171 370 162 99 92 238 69 343 56 12 335 258 112 163 274 140 420 215 152 98 182 289 306 130 95 317 331 189 271 255 86 233 210 313 196 31 342 340 17 251 326 136 383 151 284 188 367 239 216 248 168 78 213 429 161 327 186 271 210 247 180 103 390 75 292 395 340 244 121 107 22 433 160 293 350 236 326 62 12 327 176 182 352 335 184 261 58 421 339 154 384 317 109 252 173 101 256 176 281 252 297 216 345 43 188 306 168 141 294 169 227 145 136 259
 352 1 83 349 258 106 314 268 368 262 122 49 136 245 33 142 192 100 202 281 205 177 326 206 128 265 136 279 176 280 115 160 244 210 250 124 257 305 292 111 59 341 235 356 381 182 250 397 188 197 326 356 308 304 60 291 354 289 243 193 98 353 265 238 203 354 345 330 298 191 241 124 71 415 141 345 22 303 356 235 152 103 25 140 269 243 374 287 351 114 233 17 302 380 383 317 332 197 415 251 92 166 326 404 300 73 204 41 344 386 276 96 143 356 43 265 130 188 265 207 275 183 326 128 239 205 195 239 227 48 222 242 374 435 112 279 228 369 257 195 181 286 262 241 383 200 125 271 360 157 233 212 69 75 248 385 301 141 238 223 121 428 221 127 101 396 326 55 333 374 262 454 324 29 359 359 83 275 384 364 100 357 257 289 357 396 187 360 63 289 333 124 281 214 83 101 356 176 370 297 192 349 252 61 365 223 200 244 125 284 87 225 91 375 382 122 203 336 263 244 201 31 351 184 248 407 422 252 272 296 354 104 102 367 308 390 336 288 247 60 52 390 91 382 341 163 210 182 121 70 316 446 369 239 124 204 71 38 264 166 217 350 396 178 225 152 324 139 82 341 204 57 239 222 73 266 223 223 258 424
 271 83 1 287 176 107 277 198 300 180 92 35 65 187 65 60 121 96 213 299 178 106 278 128 58 184 105 234 126 201 110 83 195 164 189 85 225 250 215 72 85 308 156 276 302 129 169 338 117 117 293 300 276 222 29 287 272 222 168 129 139 305 199 160 125 272 266 256 216 161 169 75 119 355 119 263 103 233 286 153 71 92 100 92 217 176 294 266 301 57 225 73 220 312 307 238 250 128 348 204 57 96 244 332 222 18 135 51 262 333 256 96 75 280 64 183 64 121 186 136 195 163 245 75 214 129 144 178 249 57 142 208 316 373 100 199 249 290 220 114 167 294 208 191 304 140 92 254 316 80 199 138 103 60 170 312 252 84 165 195 93 362 146 54 21 324 263 114 268 293 180 392 243 80 281 277 89 235 311 299 45 288 273 237 289 320 116 319 58 219 253 124 263 153 16 20 281 111 312 270 129 269 241 94 283 183 192 171 162 208 40 152 118 322 324 52 122 255 211 266 125 62 290 154 196 352 354 170 274 218 314 144 105 315 237 315 255 301 180 26 87 335 86 303 260 162 143 101 143 82 257 389 291 259 137 122 122 47 182 108 150 277 344 96 197 111 290 57 110 262 128 53 174 140 38 191 175 148 179 369
 181 349 287 1 195 265 118 96 39 207 232 312 296 105 345 253 304 263 268 310 180 300 74 268 229 243 221 101 175 274 255 278 115 148 99 227 146 55 290 340 370 140 160 296 304 168 238 53 302 257 136 37 140 203 314 239 191 69 134 159 318 72 89 156 271 240 290 84 208 182 306 225 325 69 224 215 359 69 54 205 232 256 372 340 89 112 294 179 66 317 218 346 205 52 113 136 194 308 72 115 258 300 220 89 131 286 312 333 227 68 182 269 302 98 308 195 225 312 259 154 154 204 255 222 173 284 156 111 305 302 253 149 36 88 250 154 301 302 133 211 214 279 93 116 151 150 228 190 94 277 150 292 307 276 148 89 76 325 301 169 234 82 155 291 282 79 24 338 24 278 183 107 234 327 130 191 373 117 92 29 315 46 295 74 34 118 173 111 288 80 263 255 186 136 277 281 99 318 33 160 159 152 211 308 194 147 220 128 317 295 319 299 403 59 43 297 253 249 94 311 172 319 6 186 106 76 82 198 255 130 116 430 387 64 72 102 190 297 108 298 371 60 368 140 177 242 145 251 287 367 34 107 135 304 273 226 406 325 231 332 138 82 79 226 167 200 132 254 301 140 284 292 114 230 322 303 134 151 262 92
 97 258 176 195 1 234 260 110 186 15 194 210 143 153 238 118 124 225 308 385 224 127 233 85 141 50 195 214 163 83 229 117 182 178 142 182 238 194 100 193 249 294 54 131 150 155 44 243 124 81 282 225 273 48 202 339 97 133 77 126 287 250 127 55 89 103 121 124 44 211 114 168 277 256 211 89 277 127 163 25 107 216 275 179 183 117 141 291 244 172 287 248 46 191 154 80 75 126 229 193 190 132 73 194 72 187 128 225 90 261 285 229 145 135 231 8 145 133 66 98 43 230 88 162 249 100 160 141 352 223 66 227 230 262 217 44 350 142 225 64 241 366 174 178 138 138 190 289 270 119 219 106 257 209 56 171 212 166 108 231 197 246 74 146 160 191 175 279 172 133 13 283 76 251 122 102 240 226 168 190 178 170 361 194 178 168 105 283 216 118 98 239 292 131 177 160 135 143 227 281 128 102 293 251 108 200 264 86 302 102 188 109 271 251 236 152 75 92 180 366 82 234 200 208 171 270 230 7 340 71 283 299 245 251 124 169 80 380 118 199 254 254 230 141 86 257 113 86 273 240 181 296 130 358 260 58 288 223 38 161 114 140 272 81 230 177 277 121 259 99 101 215 122 47 198 109 177 77 68 285
 316 106 107 265 234 1 213 201 291 243 42 99 169 162 122 145 221 12 108 193 102 207 230 217 98 260 47 182 94 285 11 180 152 119 172 53 155 216 301 175 154 238 192 355 378 103 244 310 217 203 223 265 204 280 113 189 320 215 189 126 58 257 192 195 215 336 344 267 276 91 264 67 61 327 42 320 107 234 284 215 139 20 129 197 179 173 369 183 256 163 130 112 279 304 323 270 302 228 335 157 55 197 305 333 251 91 236 117 323 292 171 12 179 295 67 241 91 222 266 151 234 79 317 73 134 223 112 160 143 67 225 140 285 350 18 238 143 368 157 176 77 190 174 150 333 126 47 167 261 176 133 233 45 49 202 318 207 190 259 120 38 346 173 157 123 324 244 76 253 364 232 367 308 78 307 324 172 176 318 285 150 283 167 198 280 335 135 259 55 221 326 20 177 141 93 121 296 215 282 192 125 304 148 49 330 125 96 186 69 295 142 247 191 282 293 157 207 323 173 160 156 81 266 85 160 314 343 229 173 247 253 208 192 272 240 325 304 196 176 92 150 298 175 329 305 60 146 185 41 161 232 355 317 153 32 194 175 105 254 214 151 286 302 166 123 69 221 142 37 293 223 63 167 214 133 283 132 172 261 330
 281 314 277 118 260 213 1 153 157 274 195 291 310 111 322 267 338 216 174 198 111 330 46 309 224 308 181 49 152 341 203 301 88 114 120 197 59 76 359 344 352 35 210 382 395 150 298 134 335 296 23 91 23 285 299 124 290 136 184 163 254 61 135 208 311 333 374 186 288 124 357 203 270 147 175 309 319 153 169 260 247 212 338 353 78 145 385 65 64 323 119 317 286 169 228 229 286 344 179 77 230 326 307 206 217 269 350 313 319 98 71 221 319 208 273 263 216 344 323 178 227 136 338 203 84 324 136 124 203 269 302 74 111 175 204 229 199 391 59 246 141 166 87 92 262 148 192 80 54 300 82 334 256 243 205 205 52 340 351 94 196 181 194 301 281 196 116 287 128 371 250 184 319 288 238 292 363 43 208 146 316 161 186 68 151 234 188 48 254 153 348 197 73 143 263 279 209 345 110 44 162 254 105 260 296 95 135 176 244 360 315 345 389 92 117 306 294 336 82 205 200 286 115 131 94 121 190 260 143 214 41 411 381 79 161 218 284 184 143 278 351 110 361 252 275 168 162 283 220 354 100 160 244 200 208 267 381 302 297 355 157 192 103 254 92 168 18 267 246 241 324 261 141 280 313 362 104 190 323 134
 139 268 198 96 110 201 153 1 103 124 162 227 201 56 260 160 210 196 240 304 146 206 124 174 143 159 155 109 108 192 192 183 86 99 43 154 142 85 209 247 282 186 66 230 244 99 151 147 208 164 174 120 167 133 226 246 146 27 40 78 258 142 20 63 177 184 222 67 136 139 216 147 258 163 164 161 282 36 89 115 139 187 290 245 78 29 234 192 136 224 204 263 134 114 123 85 138 214 151 95 179 205 157 137 69 200 219 247 170 156 188 201 208 95 230 112 140 218 175 63 75 162 186 142 160 190 93 49 282 223 162 134 130 178 184 77 280 240 127 116 174 279 71 83 139 76 157 194 161 182 129 199 239 199 57 119 103 231 210 145 165 166 60 197 192 129 73 268 74 222 99 198 168 250 112 149 283 124 119 102 223 91 283 86 92 135 84 174 210 22 196 197 195 61 191 190 96 223 126 179 79 117 204 237 154 114 191 33 263 212 228 207 314 146 137 203 160 184 77 293 78 239 100 139 73 169 157 111 253 65 174 341 295 144 41 126 137 295 26 213 284 152 277 133 130 198 59 156 232 278 74 201 121 285 218 132 319 240 147 238 53 86 168 131 144 132 170 161 235 104 191 213 35 139 232 216 91 57 176 186
 154 368 300 39 186 291 157 103 1 197 255 328 301 130 361 261 302 288 303 347 212 301 112 264 244 231 245 137 198 261 281 281 146 175 121 249 182 91 275 348 384 178 160 273 279 190 229 62 301 256 174 72 178 185 328 278 164 80 138 176 346 108 104 156 268 215 268 64 191 212 298 245 350 73 251 191 380 69 25 200 240 280 391 344 121 126 269 217 102 325 254 364 187 15 78 116 170 306 49 147 277 302 198 51 116 302 309 349 203 95 220 293 307 68 328 184 241 311 248 165 144 235 234 241 209 281 180 132 341 322 248 184 61 78 275 143 337 278 169 213 246 317 122 146 118 170 251 228 130 281 184 288 332 297 146 51 114 330 293 203 258 64 160 298 294 41 50 362 39 253 173 99 213 348 100 164 385 154 55 12 325 17 332 109 12 80 186 147 308 83 242 283 224 155 292 292 69 318 60 198 177 124 248 331 166 178 254 133 346 281 330 293 416 89 63 304 251 226 125 347 179 338 43 215 134 94 55 190 292 117 153 443 397 97 67 65 166 335 122 314 386 83 379 106 152 273 159 252 316 380 66 112 103 341 302 224 421 341 220 334 152 54 104 229 201 224 170 262 326 114 281 312 130 226 335 292 162 157 252 106
 97 262 180 207 15 243 274 124 197 1 204 214 143 167 241 121 118 233 320 397 236 122 247 80 148 37 205 227 174 69 238 115 195 191 156 191 252 207 87 192 250 307 67 118 139 167 33 255 118 78 295 238 286 43 205 352 96 146 91 138 295 264 140 68 84 95 109 134 37 223 103 177 284 268 221 84 281 139 174 29 112 224 278 176 197 130 130 304 257 171 299 251 41 201 162 88 73 120 239 207 197 128 66 203 82 192 121 227 83 274 298 237 143 144 237 13 153 127 53 110 55 242 77 171 262 94 173 154 363 229 59 240 243 273 226 55 361 130 238 70 253 378 188 192 142 150 199 302 284 118 232 98 265 215 69 180 226 163 98 243 207 256 87 146 163 200 188 286 184 123 26 294 67 256 128 101 239 240 177 201 179 181 373 208 189 175 116 296 222 131 86 249 305 144 182 163 143 138 240 295 140 106 305 258 107 213 276 99 311 89 189 100 270 263 249 152 72 82 194 377 94 239 212 219 185 282 240 16 352 81 297 299 244 264 136 176 78 392 132 203 255 267 230 146 87 268 125 86 282 240 194 308 135 369 270 59 289 226 25 157 127 149 285 85 243 188 291 124 266 105 95 221 135 45 200 96 190 90 56 297
 275 122 92 232 194 42 195 162 255 204 1 98 146 128 128 115 194 35 129 214 89 181 205 184 64 223 15 158 58 249 36 152 123 89 136 14 139 186 266 163 159 223 152 317 340 66 207 279 190 171 209 236 190 240 108 196 279 178 148 86 98 232 155 154 183 296 307 228 237 73 234 29 97 296 28 280 130 196 247 177 105 26 146 181 149 134 331 177 230 147 135 124 239 268 283 229 262 201 301 130 38 172 266 296 211 80 209 120 283 265 166 40 156 255 80 201 55 196 230 111 194 72 278 35 125 193 77 124 170 76 191 123 255 318 25 198 169 330 137 138 76 206 142 120 293 87 6 163 239 149 114 203 78 49 162 280 180 171 228 107 4 312 132 135 103 287 210 108 218 325 192 336 269 98 267 284 172 155 280 250 136 246 188 169 244 296 94 240 61 182 288 46 172 103 77 101 256 191 251 182 85 264 150 77 290 102 101 146 109 261 131 217 196 255 263 136 173 284 143 186 116 93 233 66 129 286 308 190 185 207 234 217 191 246 202 287 264 215 138 86 157 270 172 289 264 75 106 152 79 162 199 326 277 179 67 157 187 108 216 193 111 247 275 130 109 33 206 112 74 253 192 67 129 177 125 251 103 132 226 303
 305 49 35 312 210 99 291 227 328 214 98 1 92 210 34 94 149 90 205 290 186 134 297 159 85 218 112 251 144 233 105 114 213 180 214 95 236 272 246 80 62 320 189 309 334 149 203 362 144 150 305 322 287 256 17 286 306 249 199 154 118 324 226 192 156 306 298 287 250 170 198 90 94 379 123 297 69 262 314 187 105 88 67 106 237 203 327 273 321 75 226 39 254 340 338 271 284 154 376 222 62 122 278 362 254 27 162 23 296 354 262 88 100 311 40 217 88 146 218 165 228 167 279 92 222 159 162 202 237 35 175 220 339 398 98 232 238 322 233 147 169 288 229 210 337 163 100 259 333 111 210 167 82 53 202 342 271 103 194 204 98 389 177 82 53 354 289 86 294 326 214 417 277 50 314 311 76 250 341 325 60 316 264 257 317 352 144 335 45 248 286 118 268 177 37 53 312 135 335 279 154 302 243 72 317 197 192 200 143 239 49 181 99 343 348 78 155 288 231 255 156 32 314 163 216 374 382 204 271 251 330 122 95 336 266 346 289 294 207 15 62 357 77 336 294 158 170 134 129 65 281 413 324 248 126 156 95 14 216 128 177 307 365 130 206 124 303 91 91 295 158 37 200 174 37 221 193 178 211 391
 239 136 65 296 143 169 310 201 301 143 146 92 1 208 108 45 58 158 272 358 224 43 303 73 90 136 157 264 162 146 170 28 223 198 206 135 264 269 157 51 110 343 144 222 248 162 123 347 53 68 329 315 313 184 78 339 238 227 165 150 203 327 208 148 69 228 211 248 177 207 107 121 183 363 173 223 157 234 283 120 66 152 146 45 241 186 241 311 323 30 278 122 182 310 291 217 215 64 349 235 115 32 203 324 204 82 71 97 219 351 301 159 11 267 128 150 99 56 133 144 174 214 196 118 259 70 176 196 311 121 92 248 328 377 159 177 310 235 256 91 220 350 232 220 280 164 144 301 342 26 238 77 167 123 158 302 276 32 103 239 148 364 142 13 47 318 272 176 274 243 151 398 198 141 261 243 98 269 300 302 39 287 332 260 291 305 127 348 123 220 202 184 308 172 78 48 267 47 324 311 150 244 292 158 248 221 245 170 226 149 52 90 129 340 336 15 74 207 235 327 125 123 299 200 221 367 353 137 329 201 345 157 103 335 235 302 220 359 190 88 116 350 88 281 229 219 156 58 206 99 269 401 270 320 199 87 148 100 137 49 163 267 362 73 240 155 325 45 174 239 69 117 186 99 65 130 207 146 125 384
 194 245 187 105 153 162 111 56 130 167 128 210 208 1 243 164 230 159 186 248 92 223 96 200 130 200 117 63 71 233 153 196 31 48 15 123 88 64 251 247 269 145 102 280 296 64 189 154 227 187 132 114 121 184 213 192 202 58 77 60 217 121 39 100 202 237 271 116 186 88 247 122 222 171 122 215 255 79 124 151 143 152 268 252 35 38 286 139 116 225 148 243 185 143 171 140 192 236 174 41 154 220 209 174 124 184 241 232 223 147 135 165 216 144 204 157 124 237 215 69 125 111 236 119 104 215 52 14 228 198 192 79 130 192 147 128 225 290 73 137 122 224 25 28 192 48 123 140 135 194 73 225 204 172 99 161 70 239 241 90 130 186 85 201 186 164 84 234 92 274 144 210 219 223 165 204 275 74 162 124 221 123 228 53 119 182 82 143 184 70 246 154 142 37 176 184 145 239 127 129 60 172 149 204 210 59 137 69 218 252 223 235 304 136 139 206 185 235 30 238 91 215 107 89 19 166 182 153 197 120 141 329 290 130 87 170 191 240 37 195 270 149 271 185 185 148 54 175 188 268 73 204 174 231 174 157 304 222 189 251 48 132 158 146 89 96 127 164 197 159 215 188 32 170 224 252 37 81 214 183
 333 33 65 345 238 122 322 260 361 241 128 34 108 243 1 121 162 114 224 306 215 148 330 180 118 241 142 283 176 253 129 134 246 213 247 126 266 305 265 79 33 350 220 329 355 182 226 395 158 172 336 355 317 283 37 310 334 282 231 187 126 356 259 224 176 331 318 319 276 200 212 123 99 412 151 323 53 295 347 214 134 115 39 109 270 236 348 301 354 84 250 17 281 373 370 301 312 167 409 254 93 137 304 394 285 61 174 14 321 387 289 111 114 343 55 245 122 158 240 198 259 195 301 125 250 177 195 235 252 56 197 250 372 432 124 262 254 342 264 176 195 308 262 243 367 196 130 286 365 130 241 183 93 81 234 374 303 110 209 233 128 423 209 100 79 387 322 85 328 349 243 451 301 53 345 339 54 281 374 359 71 350 281 290 350 384 177 366 70 281 308 141 295 210 70 79 344 145 369 308 187 333 268 84 345 228 217 233 152 256 58 196 70 376 381 95 178 312 264 270 188 42 348 193 249 407 415 232 293 282 361 90 74 368 299 378 317 312 240 49 30 390 60 367 323 181 203 158 145 42 314 446 355 264 145 182 62 22 240 135 210 340 398 158 235 156 333 118 105 325 176 62 233 199 44 237 225 211 232 424
 214 142 60 253 118 145 267 160 261 121 115 94 45 164 121 1 81 134 243 328 185 69 259 74 53 126 123 220 121 145 144 39 180 156 162 103 223 226 160 89 134 300 106 219 244 120 110 305 77 61 286 272 271 163 85 303 214 185 124 106 188 284 165 110 72 213 208 210 157 168 121 87 172 321 140 204 162 193 243 94 22 126 158 89 198 143 236 271 279 65 242 131 161 270 256 185 192 88 309 192 92 62 185 286 170 74 95 108 202 307 262 136 53 231 121 125 62 85 128 100 141 178 186 83 220 80 133 153 283 113 85 207 285 336 132 145 283 233 214 57 185 317 188 176 249 121 112 262 298 36 197 90 154 106 121 265 233 75 116 199 117 324 101 38 43 280 230 171 232 234 123 356 183 139 228 219 128 226 263 260 66 247 302 216 250 270 83 305 109 179 194 157 269 128 65 43 232 82 282 270 107 214 255 146 225 179 211 128 209 154 74 104 160 296 293 44 65 195 192 299 83 121 257 162 177 323 313 112 295 167 302 188 138 291 195 266 197 327 147 84 138 306 121 250 203 189 113 43 184 126 226 359 238 292 175 63 172 106 123 89 120 230 319 38 200 117 282 4 159 208 79 106 142 81 82 140 164 104 122 341
 212 192 121 304 124 221 338 210 302 118 194 149 58 230 162 81 1 211 322 408 264 16 324 40 133 99 203 290 199 98 222 43 251 231 225 183 299 287 106 91 158 372 145 172 198 196 90 355 5 48 358 329 344 154 134 382 208 236 171 177 259 346 221 149 36 188 162 243 146 247 51 167 239 370 220 189 213 237 281 105 96 204 200 66 264 201 193 348 341 79 322 177 152 309 278 203 186 8 348 263 168 27 168 316 193 138 15 151 182 365 339 212 50 257 184 128 142 10 90 162 163 258 153 163 298 25 208 217 362 177 60 283 338 380 210 165 362 185 289 96 265 397 254 247 259 192 192 340 363 47 273 25 223 178 158 293 299 57 48 278 197 364 152 68 102 312 282 233 281 197 135 401 159 198 244 214 140 298 291 305 92 287 382 281 293 291 151 372 178 225 158 235 347 196 133 104 257 23 335 346 178 223 334 214 218 255 291 178 282 97 105 36 168 354 345 71 52 165 259 379 140 180 308 241 245 378 350 119 375 192 370 195 139 351 237 291 192 407 205 145 165 361 129 263 203 268 178 56 260 145 282 409 252 371 252 79 194 156 104 41 183 261 376 85 278 197 354 83 230 222 25 173 203 79 119 76 237 156 82 394
 308 100 96 263 225 12 216 196 288 233 35 90 158 159 114 134 211 1 118 203 106 196 231 206 88 250 44 183 91 274 16 169 152 118 168 45 158 215 290 165 146 242 185 345 369 99 234 309 206 193 227 265 208 271 103 197 312 212 182 120 65 258 188 187 205 327 334 262 268 93 254 58 64 326 43 312 104 229 280 206 129 10 124 187 178 168 360 189 257 152 138 106 270 301 318 263 294 217 333 157 44 187 297 330 245 80 225 109 314 292 177 6 168 289 60 232 82 212 256 144 227 83 307 64 139 213 109 157 154 59 215 143 284 349 14 231 154 358 159 166 83 200 172 150 327 121 40 173 263 165 135 223 45 38 195 314 207 179 249 124 32 344 166 146 112 320 242 76 250 355 224 366 299 73 301 317 164 178 314 283 140 279 178 197 277 330 127 262 46 216 316 29 183 137 82 111 290 204 281 197 119 297 155 47 323 126 104 180 78 285 132 237 183 282 293 146 196 314 172 171 148 74 264 87 159 314 341 220 182 241 256 201 183 273 236 321 296 206 172 82 143 298 166 323 297 69 140 175 51 152 230 355 311 164 43 184 169 97 244 203 145 281 302 155 126 65 225 131 40 287 212 54 163 204 123 273 132 165 251 331
 374 202 213 268 308 108 174 240 303 320 129 205 272 186 224 243 322 118 1 87 95 309 209 311 191 344 121 168 147 373 104 280 161 141 200 141 125 214 390 281 256 185 258 437 458 154 329 300 318 297 174 254 156 350 220 95 380 243 245 184 110 232 224 259 311 407 426 301 349 102 361 157 135 315 104 387 196 264 304 295 232 122 222 303 183 214 448 118 233 269 57 212 350 317 356 321 366 329 338 157 158 300 376 352 304 197 337 222 393 269 108 119 283 329 170 314 183 324 353 213 296 80 395 162 96 321 152 192 45 172 316 120 275 343 115 300 43 449 136 260 68 85 183 162 377 175 132 100 227 277 120 331 133 155 264 342 194 296 356 101 127 344 237 261 228 342 254 154 265 440 303 355 383 174 350 383 276 154 344 294 257 300 61 195 293 366 205 218 161 255 405 90 110 186 198 226 330 318 273 137 182 355 73 142 389 129 50 239 88 386 249 345 291 262 283 261 299 399 180 59 227 183 267 104 174 293 348 305 73 300 209 305 296 250 272 353 367 89 216 198 251 280 280 370 364 55 200 279 81 264 237 333 359 51 80 281 271 210 336 319 202 316 276 255 102 134 174 240 121 342 320 169 207 300 239 377 150 235 349 306
 441 281 299 310 385 193 198 304 347 397 214 290 358 248 306 328 408 203 87 1 163 394 241 395 276 424 206 212 224 454 190 365 220 210 262 226 169 258 471 367 337 193 333 514 534 231 409 330 403 381 188 287 176 425 304 76 449 301 316 260 185 257 287 334 395 480 505 359 424 175 445 241 212 343 189 459 272 322 354 374 316 208 299 389 235 281 524 133 261 355 101 293 424 361 410 388 437 414 375 212 244 385 450 398 371 283 422 305 466 292 129 204 369 386 253 391 267 410 434 288 368 157 472 246 146 405 226 257 56 256 398 172 307 371 200 371 54 526 183 341 147 34 239 222 438 249 217 121 245 362 176 416 214 241 337 393 235 382 440 160 212 377 312 347 314 388 301 230 313 515 379 379 458 255 411 451 359 195 395 338 342 348 27 242 339 419 283 231 246 315 482 176 126 257 284 312 387 404 306 154 258 419 102 223 457 191 122 310 159 468 334 429 371 288 314 347 383 474 234 40 305 266 308 179 233 315 386 382 56 367 222 382 379 275 330 405 437 18 282 283 332 306 364 429 432 140 274 363 163 347 284 351 419 44 164 363 348 293 415 405 274 372 296 338 161 216 190 325 202 406 404 254 275 382 324 460 215 309 431 325
 282 205 178 180 224 102 111 146 212 236 89 186 224 92 215 185 264 106 95 163 1 252 133 244 135 265 75 85 67 296 93 223 68 49 106 94 54 127 314 248 246 137 172 354 373 72 251 218 260 230 122 172 104 263 196 120 288 149 155 100 146 159 130 172 245 318 344 207 263 18 295 105 160 235 65 298 208 170 212 214 169 103 229 263 92 121 363 90 158 230 64 209 263 226 262 229 276 270 251 66 126 246 289 260 211 167 278 207 304 195 79 110 234 235 164 230 125 268 276 127 206 27 311 107 37 256 65 99 137 161 244 39 193 260 94 210 134 365 56 185 35 143 91 69 283 87 88 78 161 220 33 267 146 135 175 249 111 252 289 19 89 259 151 213 186 250 163 176 174 353 217 275 297 178 256 292 260 76 251 205 221 208 140 107 202 272 124 158 146 161 321 87 86 95 163 184 236 266 190 94 98 262 72 150 297 35 46 148 140 312 217 280 283 186 201 216 230 313 88 148 145 177 180 25 81 218 261 222 117 208 151 304 279 175 178 260 276 157 123 174 244 203 260 276 272 64 113 213 112 250 148 259 265 141 100 207 273 196 255 271 113 223 204 185 21 70 120 183 136 249 256 154 115 225 213 306 56 148 274 233
 218 177 106 300 127 207 330 206 301 122 181 134 43 223 148 69 16 196 309 394 252 1 317 44 121 107 190 282 188 110 208 31 242 221 218 169 289 281 119 79 145 363 142 185 211 186 96 352 12 47 349 324 335 161 119 370 215 232 167 168 244 340 216 146 39 198 174 243 153 236 65 154 224 367 207 196 198 235 280 106 85 190 185 56 257 195 205 338 335 65 310 162 158 308 280 205 192 22 347 254 154 12 176 317 194 123 30 137 191 360 329 198 35 259 169 132 130 17 100 155 164 245 163 150 287 33 198 210 348 162 65 273 334 378 196 166 348 198 279 91 253 384 247 238 263 183 179 329 356 34 263 37 208 163 155 294 292 45 62 267 183 363 147 53 87 312 278 218 278 208 137 399 168 183 247 220 128 289 292 303 78 286 368 274 291 293 143 364 164 222 169 221 336 188 118 89 259 18 331 336 169 227 322 199 225 245 278 174 267 110 91 49 157 349 342 56 53 175 251 365 134 165 304 229 238 374 350 121 362 192 362 184 128 346 235 293 198 394 199 130 152 357 117 266 208 255 170 51 245 132 277 406 256 357 238 77 181 141 111 36 176 261 372 78 267 185 345 71 215 225 32 158 197 80 105 90 228 151 92 390
 243 326 278 74 233 230 46 124 112 247 205 297 303 96 330 259 324 231 209 241 133 317 1 292 223 283 192 49 154 315 220 291 85 118 100 205 86 41 332 342 358 69 187 349 361 150 274 92 322 280 63 47 67 253 303 168 253 103 160 155 278 28 108 184 294 298 342 146 257 141 337 208 290 107 190 273 333 117 125 237 238 226 350 347 63 124 351 109 27 320 156 327 254 124 185 192 251 330 135 77 238 315 274 162 182 273 335 319 284 63 113 237 312 166 285 236 216 331 298 163 197 158 306 206 115 308 136 108 242 280 282 95 68 135 219 199 238 358 78 230 166 209 73 88 220 141 202 122 40 289 101 317 274 253 180 161 28 334 331 117 207 138 174 296 279 152 74 305 85 336 222 146 287 302 197 253 366 58 164 102 315 117 228 44 106 190 177 50 265 120 316 217 116 132 266 277 167 334 66 88 154 215 145 277 258 106 165 152 271 335 315 326 394 54 75 301 277 302 69 246 185 297 70 147 84 86 146 235 186 180 51 418 383 43 124 174 248 228 121 283 358 72 363 210 237 194 148 269 244 358 60 127 203 240 231 249 390 309 271 346 142 150 72 240 115 176 59 259 266 202 308 271 122 259 315 339 105 170 299 102
 175 206 128 268 85 217 309 174 264 80 184 159 73 200 180 74 40 206 311 395 244 44 292 1 122 65 191 261 178 75 215 47 223 207 193 172 274 254 88 119 182 344 109 151 176 174 53 318 40 15 330 294 317 118 147 363 172 200 136 151 261 313 187 113 5 157 140 205 110 228 52 156 244 333 208 154 227 200 243 66 80 198 218 99 234 169 170 325 308 101 305 193 115 271 239 164 149 43 310 235 164 51 133 278 154 143 46 167 149 330 317 209 70 219 191 90 130 49 61 132 124 242 124 151 276 17 185 187 353 183 22 259 302 342 203 126 352 164 263 64 250 382 224 219 220 166 181 319 331 50 250 26 226 178 121 254 267 87 46 256 187 326 119 80 108 273 246 241 245 170 96 363 127 207 206 177 167 270 252 267 111 249 370 249 255 252 125 341 181 189 130 228 324 168 135 109 218 60 299 320 152 185 315 218 182 231 276 143 281 81 124 37 198 319 309 86 16 135 229 369 110 189 272 223 216 342 312 80 358 153 339 225 169 317 199 253 155 393 172 152 188 326 157 224 165 257 148 33 256 170 247 372 214 361 247 44 219 169 68 78 153 222 342 60 257 181 326 77 231 183 18 177 171 40 136 67 211 123 53 358
 230 128 58 229 141 98 224 143 244 148 64 85 90 130 118 53 133 88 191 276 135 121 223 122 1 163 71 180 74 188 95 91 140 111 132 51 176 194 204 121 142 257 109 258 282 75 148 280 129 108 242 243 226 188 85 251 233 165 115 72 148 249 142 112 121 242 248 203 183 118 171 36 137 297 88 229 144 178 230 121 43 79 150 131 161 119 273 222 245 100 190 122 186 256 255 191 213 140 292 150 50 113 213 277 173 59 147 106 230 276 212 91 100 228 94 148 10 136 169 81 150 126 221 31 170 130 90 121 232 87 129 160 258 315 83 154 232 272 169 80 133 265 152 136 257 83 61 212 260 88 150 141 117 69 122 258 196 119 166 150 66 306 94 80 57 269 206 140 211 269 142 335 214 115 233 238 146 183 257 242 93 232 250 181 233 269 60 265 77 163 230 108 219 95 49 56 229 132 255 223 72 224 203 112 244 133 159 117 165 199 94 155 175 265 267 83 111 228 155 248 74 100 232 111 140 295 298 136 243 170 261 201 161 259 182 262 216 275 123 71 143 277 142 255 219 137 86 90 138 139 199 332 243 241 127 97 178 99 158 138 93 223 288 69 151 66 238 51 119 215 130 77 116 117 94 188 121 95 164 312
 116 265 184 243 50 260 308 159 231 37 223 218 136 200 241 126 99 250 344 424 265 107 283 65 163 1 226 261 201 34 256 109 228 221 190 210 284 243 52 183 245 342 100 96 120 194 17 290 100 70 330 274 320 59 207 382 112 182 125 166 310 300 176 102 69 93 85 168 51 251 72 195 296 303 243 91 286 175 208 52 123 241 279 162 231 164 112 336 293 165 327 253 56 235 191 119 89 99 273 240 211 115 70 234 116 198 97 228 85 309 330 253 134 175 245 49 170 107 17 140 90 268 62 189 292 75 201 187 387 237 45 271 279 307 245 90 386 109 271 86 279 406 222 224 166 179 219 333 319 112 263 75 277 228 104 211 261 150 68 273 226 290 118 142 166 232 224 295 220 110 62 328 63 263 156 117 231 274 208 236 174 216 399 243 224 203 142 332 233 167 69 268 337 175 189 166 175 120 275 328 168 132 335 270 121 244 303 133 327 53 186 73 261 299 284 148 64 72 228 402 121 245 248 246 218 318 273 49 381 116 332 289 233 300 172 207 96 420 166 209 251 302 221 171 108 291 156 84 300 234 230 343 162 394 289 67 283 229 13 139 158 183 321 96 273 211 325 129 280 133 76 230 169 47 198 61 221 122 22 333
 272 136 105 221 195 47 181 155 245 205 15 112 157 117 142 123 203 44 121 206 75 190 192 191 71 226 1 144 48 253 39 161 110 76 126 22 125 173 270 176 173 209 150 320 342 57 211 267 199 177 194 223 176 240 122 184 277 169 144 80 104 219 146 152 190 296 310 221 237 59 241 37 106 284 18 279 143 187 237 179 112 36 160 193 137 127 333 163 217 159 122 138 239 258 276 225 260 210 290 116 52 182 266 287 207 94 218 134 283 252 152 49 167 248 94 201 62 206 234 107 191 59 280 41 111 200 66 114 163 90 196 109 242 307 31 195 162 333 123 141 64 195 130 108 288 79 14 150 225 158 99 211 88 63 159 272 167 183 235 93 16 301 130 146 116 278 199 119 208 327 192 324 270 111 261 281 186 141 272 240 149 237 180 156 234 289 93 226 75 174 290 46 159 95 90 114 249 201 239 168 79 259 137 88 287 88 90 141 112 266 145 225 210 242 251 147 179 285 131 179 115 107 222 52 117 274 298 191 174 203 220 231 205 233 194 279 262 205 130 100 171 257 186 283 262 67 100 159 81 176 187 314 271 171 68 162 202 123 219 204 105 239 262 135 94 23 192 121 82 248 200 81 121 181 139 257 90 129 230 290
 242 279 234 101 214 182 49 109 137 227 158 251 264 63 283 220 290 183 168 212 85 282 49 261 180 261 144 1 109 294 172 254 41 71 72 158 46 48 312 299 312 83 163 337 352 106 251 135 287 248 70 88 60 241 257 146 251 96 137 115 230 76 90 161 263 291 329 151 243 93 309 162 242 151 141 268 285 116 143 213 200 178 303 307 31 98 342 87 75 278 118 280 242 151 200 189 245 296 171 31 191 278 264 188 175 228 302 273 277 111 86 188 273 176 237 217 172 297 276 130 182 111 294 161 73 276 91 76 205 232 254 50 109 177 170 185 201 347 33 198 119 183 40 45 230 101 154 94 83 252 54 286 226 205 159 182 28 294 303 71 159 177 146 255 236 177 90 257 102 329 203 191 276 253 204 253 321 18 184 128 272 137 195 31 129 208 141 86 217 113 303 169 92 95 221 234 178 298 107 72 115 217 111 229 258 58 122 129 224 313 272 297 348 102 117 260 246 292 35 211 152 249 100 98 46 134 181 214 157 172 82 372 338 91 124 194 243 201 96 237 311 119 319 220 235 148 114 235 196 313 73 175 212 204 184 219 343 263 250 308 109 162 121 206 69 128 66 220 217 203 276 224 94 232 271 314 60 142 276 150
 232 176 126 175 163 94 152 108 198 174 58 144 162 71 176 121 199 91 147 224 67 188 154 178 74 201 48 109 1 231 86 158 70 39 79 53 103 131 248 193 205 184 113 292 312 10 186 223 195 164 169 181 152 205 150 187 237 122 102 39 151 181 99 114 178 261 282 174 203 52 228 55 153 240 57 242 185 140 190 150 103 83 199 204 95 80 303 151 178 173 129 175 204 212 230 182 222 205 244 79 85 182 231 240 164 120 212 166 247 212 142 96 172 202 134 169 66 203 211 67 152 69 250 53 100 190 20 67 190 129 178 87 199 262 78 156 188 304 96 119 80 207 87 67 243 33 53 142 191 156 77 201 134 102 120 225 128 192 223 80 60 255 92 153 130 231 154 165 161 294 158 280 237 153 217 241 214 110 225 194 166 190 200 115 187 242 60 194 114 128 260 90 149 48 113 128 203 202 196 150 37 216 138 134 247 60 103 98 156 246 165 214 241 201 208 156 164 253 89 204 82 146 177 47 74 232 252 160 183 160 189 264 230 193 147 232 223 220 83 130 204 215 211 238 221 97 57 147 125 205 143 272 226 196 111 141 237 156 192 209 60 193 223 119 80 26 165 120 129 205 190 119 74 159 163 240 50 90 208 249
 134 280 201 274 83 285 341 192 261 69 249 233 146 233 253 145 98 274 373 454 296 110 315 75 188 34 253 294 231 1 282 121 261 253 223 236 316 276 19 188 254 375 133 77 103 225 46 320 101 85 363 306 353 81 221 414 127 215 158 198 332 332 209 135 78 95 66 198 73 281 57 221 316 332 270 102 301 207 237 84 146 266 291 164 264 197 96 368 326 173 358 267 78 264 215 147 107 96 301 273 234 120 82 260 146 216 92 241 92 341 362 277 142 202 264 81 195 106 20 172 122 298 57 215 324 78 233 220 415 256 61 303 310 336 270 121 414 90 303 114 308 437 255 257 186 211 245 365 352 124 295 74 298 249 137 237 294 154 55 305 252 317 151 154 182 259 256 314 251 99 94 356 69 281 179 132 237 306 234 266 184 245 429 276 254 226 172 365 253 199 61 294 369 208 208 183 202 120 307 360 199 154 366 290 135 276 332 166 351 21 197 66 265 331 315 159 81 71 261 431 152 263 279 277 251 348 300 82 412 146 365 292 236 332 203 231 113 450 199 226 260 334 226 193 127 319 188 103 325 241 262 372 185 423 314 93 290 243 46 138 190 211 352 120 305 240 358 148 302 158 79 250 202 73 210 36 254 154 25 363
 309 115 110 255 229 11 203 192 281 238 36 105 170 153 129 144 222 16 104 190 93 208 220 215 95 256 39 172 86 282 1 180 142 109 162 48 145 206 298 179 161 228 186 351 374 94 241 300 218 202 214 255 195 275 118 182 314 206 182 118 66 247 183 188 214 331 341 259 271 81 264 63 71 317 32 315 117 225 275 211 137 19 138 200 169 164 365 174 246 166 122 121 273 295 314 262 296 228 326 147 56 198 300 324 244 94 236 124 317 282 162 19 180 286 75 236 88 223 263 144 228 69 313 69 125 223 102 151 142 74 223 131 275 340 13 232 141 364 147 172 68 185 164 141 326 117 40 158 251 176 123 233 55 53 196 309 197 193 258 111 32 336 166 158 125 315 235 86 244 360 227 357 304 87 299 318 179 166 310 276 154 274 164 188 270 327 129 249 61 212 322 15 168 132 95 123 287 216 272 183 117 297 140 58 324 115 88 179 75 293 146 247 198 272 283 159 205 319 163 158 150 89 256 75 151 304 334 224 167 240 243 216 199 262 231 317 298 192 168 96 158 288 181 321 299 54 138 183 45 167 222 345 309 151 33 191 184 112 250 216 143 277 292 163 113 61 212 141 47 286 222 69 159 211 138 282 123 166 258 320
 212 160 83 278 117 180 301 183 281 115 152 114 28 196 134 39 43 169 280 365 223 31 291 47 91 109 161 254 158 121 180 1 214 192 192 140 259 255 133 78 137 335 122 196 222 156 95 329 39 40 321 299 306 157 101 340 210 209 145 140 220 314 191 126 43 200 186 225 149 206 87 125 201 345 178 196 181 213 261 94 56 162 172 65 230 170 216 308 309 57 280 147 154 289 266 192 188 50 328 226 126 25 175 301 179 100 58 121 192 335 299 171 29 243 147 123 100 47 107 129 149 216 169 121 257 47 169 183 320 139 65 244 311 357 168 152 319 210 250 69 223 355 220 210 253 155 149 299 329 5 234 56 184 138 136 278 264 51 82 237 154 344 124 34 64 295 255 197 256 216 125 378 170 162 235 216 125 261 276 282 66 266 339 247 271 280 115 337 139 200 176 193 306 160 93 65 243 45 307 306 141 218 293 176 221 215 249 151 241 125 78 70 156 324 319 40 46 180 224 336 108 144 281 199 210 350 331 111 332 177 335 184 130 320 214 278 193 365 174 108 143 333 115 256 202 226 143 32 219 126 253 383 244 329 210 61 176 123 110 56 149 244 347 53 237 155 317 41 190 214 46 134 171 72 91 109 199 127 99 367
 223 244 195 115 182 152 88 86 146 195 123 213 223 31 246 180 251 152 161 220 68 242 85 223 140 228 110 41 70 261 142 214 1 35 44 121 58 65 278 259 274 122 129 309 325 66 216 158 248 210 108 114 95 214 219 162 231 83 106 75 204 112 68 128 225 267 300 142 215 68 272 124 213 176 111 244 252 104 144 178 160 145 268 267 28 67 315 110 109 238 120 244 214 160 196 169 222 257 187 13 154 238 238 193 154 189 263 235 252 143 105 157 233 169 202 186 133 257 242 92 155 90 265 122 75 238 52 42 202 197 217 49 134 199 139 158 199 319 44 160 101 195 24 5 219 61 119 110 122 212 45 248 196 170 128 182 59 254 266 63 125 196 111 215 196 183 97 227 107 304 173 216 248 220 192 234 282 48 184 138 232 141 200 47 135 206 101 126 182 97 275 141 112 56 182 195 170 258 130 101 75 201 120 197 239 34 112 98 202 279 232 259 310 133 142 220 208 265 22 211 114 214 116 72 14 164 195 181 168 150 123 334 299 124 112 193 221 211 66 199 274 148 280 211 215 129 76 196 173 274 82 204 201 204 159 181 306 225 217 268 72 156 154 167 61 92 104 180 188 187 238 188 61 195 231 278 22 107 241 181
 234 210 164 148 178 119 114 99 175 191 89 180 198 48 213 156 231 118 141 210 49 221 118 207 111 221 76 71 39 253 109 192 35 1 61 88 68 98 271 231 242 146 126 308 327 37 208 192 228 193 132 148 116 216 187 162 241 105 107 57 172 145 85 126 208 271 299 162 216 41 257 92 179 209 78 250 218 126 171 170 137 111 234 241 62 74 317 119 142 210 110 210 216 189 218 181 228 238 218 42 121 216 242 221 164 157 244 203 257 177 111 123 208 191 168 184 103 237 234 82 159 64 265 90 72 220 24 52 184 163 204 53 168 233 105 162 182 319 59 146 76 188 56 33 237 43 85 113 154 190 44 231 162 136 128 208 92 228 251 53 90 228 105 189 167 211 128 193 137 306 171 249 250 185 210 244 251 72 209 169 203 169 187 81 165 229 84 156 148 115 275 109 118 48 151 165 192 236 164 115 56 215 115 163 250 25 93 101 172 270 202 243 278 167 176 193 193 266 56 196 102 180 148 42 43 199 227 176 163 160 151 301 268 158 133 217 229 203 75 167 241 182 249 230 224 101 67 178 142 242 114 239 219 188 128 167 273 192 211 244 66 179 188 149 53 58 128 155 154 202 220 154 67 184 201 266 15 102 232 215
 180 250 189 99 142 172 120 43 121 156 136 214 206 15 247 162 225 168 200 262 106 218 100 193 132 190 126 72 79 223 162 192 44 61 1 130 101 65 240 247 273 154 91 267 283 71 180 150 222 181 141 112 131 172 216 205 188 46 66 61 227 123 26 89 195 224 259 103 173 100 239 127 231 167 132 201 262 66 113 142 141 160 274 250 43 27 273 152 118 224 162 248 172 134 158 126 178 230 166 54 159 216 196 163 110 188 236 235 210 146 148 174 214 131 210 146 127 232 204 64 113 124 223 123 118 209 61 13 242 204 184 93 127 186 156 116 239 278 86 131 135 238 33 42 179 52 131 153 139 191 87 218 212 178 88 149 75 236 233 104 138 179 76 199 187 154 77 243 84 261 132 205 206 229 152 191 277 86 150 116 221 112 241 57 110 170 80 148 190 56 233 165 155 38 179 185 132 235 124 141 61 158 163 212 196 73 150 58 230 242 224 228 306 135 136 204 178 223 39 252 85 220 102 101 31 164 174 142 211 107 147 332 291 130 74 158 178 254 25 199 273 147 272 171 172 161 50 169 199 270 68 201 161 245 185 150 308 226 178 247 44 120 158 141 103 104 137 162 207 145 209 194 23 162 225 243 50 72 205 181
 264 124 85 227 182 53 197 154 249 191 14 95 135 123 126 103 183 45 141 226 94 169 205 172 51 210 22 158 53 236 48 140 121 88 130 1 143 183 253 155 156 226 140 305 328 60 195 275 179 158 212 233 194 228 103 205 268 171 138 77 109 231 147 143 171 284 294 219 224 78 221 17 106 292 39 268 133 188 239 164 93 36 148 172 147 126 319 183 229 138 144 124 227 262 275 219 250 189 295 129 34 161 253 289 200 74 197 117 271 263 172 50 146 247 82 189 43 185 218 100 182 80 266 22 131 180 72 118 182 77 178 126 251 314 36 186 181 318 139 125 86 216 139 118 283 80 10 170 240 137 117 191 86 50 151 272 179 162 216 112 17 307 121 124 94 280 205 115 213 313 180 332 257 101 257 272 168 156 272 245 128 240 200 167 238 287 83 241 62 174 275 59 179 96 70 92 247 180 248 187 76 253 159 84 278 103 111 136 121 248 124 205 193 253 260 126 160 272 140 198 104 94 229 71 126 284 303 177 195 196 236 215 186 244 194 279 252 226 130 82 155 267 167 279 253 87 97 140 92 158 195 324 267 191 80 145 187 106 203 183 103 239 274 117 113 30 209 100 83 242 180 67 122 165 119 238 101 121 213 301
 279 257 225 146 238 155 59 142 182 252 139 236 264 88 266 223 299 158 125 169 54 289 86 274 176 284 125 46 103 316 145 259 58 68 101 143 1 92 334 294 297 85 186 366 383 104 272 176 295 260 70 130 52 271 245 106 287 135 163 124 197 110 123 185 275 324 357 192 272 67 324 151 212 192 118 301 261 156 187 233 204 155 281 306 68 124 372 53 111 274 73 261 271 196 243 225 278 305 215 48 175 283 296 232 210 216 311 258 309 148 48 163 274 218 216 243 167 304 297 146 212 78 322 152 29 288 91 99 160 213 270 17 151 219 146 215 157 377 16 212 84 141 73 61 271 109 137 53 110 257 27 298 198 187 185 226 71 294 318 36 140 221 167 255 231 222 134 229 146 361 229 231 306 230 244 289 310 30 228 173 266 181 151 74 173 251 150 106 198 150 332 139 55 110 211 229 220 303 149 48 123 255 67 203 295 45 80 155 187 334 264 310 334 140 159 258 259 322 68 166 167 229 144 74 70 171 225 237 115 206 99 355 328 128 164 237 277 158 124 224 295 157 309 262 271 111 130 245 162 300 117 212 252 160 150 233 325 247 273 311 127 204 155 216 34 115 68 222 188 242 287 205 118 249 261 332 64 163 296 186
