NAME : domp280p140v3
COMMENT : (Deleplanque et al.) 
TYPE : DOMP
DIMENSION : 280
DISPLAY_DATA_TYPE: NO_DISPLAY
OPEN_FACILITIES : 140
COST_SECTION
 1 149 267 261 321 327 31 195 371 372 276 167 188 35 406 242 107 83 194 65 240 191 120 287 374 326 312 29 148 195 93 78 203 297 343 251 296 163 297 283 127 108 221 225 262 25 100 191 131 227 336 46 179 156 418 187 229 184 175 305 333 229 411 122 409 186 250 242 26 375 125 174 79 258 94 200 196 334 318 361 294 132 83 118 207 331 150 352 220 205 387 242 212 340 208 287 426 420 196 314 374 246 309 148 204 147 237 380 376 243 322 276 230 182 225 86 414 244 267 70 345 197 204 93 105 142 172 268 272 262 242 126 337 353 335 190 388 247 253 251 198 241 180 398 62 308 96 260 39 211 106 145 257 194 342 265 298 107 116 20 262 340 30 243 305 364 75 5 26 168 84 336 254 359 138 245 297 192 282 320 144 162 325 286 261 351 234 335 212 365 291 209 388 126 256 87 229 265 238 128 178 255 282 267 246 54 111 261 172 280 288 24 354 358 235 310 232 384 332 110 19 234 317 277 75 251 273 136 136 119 237 274 340 375 69 343 211 213 303 169 161 266 105 158 188 348 163 326 212 318 148 255 70 201 42 212 245 351 141 258 334 102 338 222 20 120 249 359 136 77 175 130 155 363 229 225 348 361 50 239
 149 1 408 346 406 358 127 291 354 471 312 236 177 144 510 209 234 228 305 97 386 204 43 276 449 425 323 137 108 225 66 89 218 283 444 399 395 310 411 376 247 124 237 359 408 125 55 298 127 197 429 189 162 69 524 228 366 127 323 326 436 344 515 116 505 334 214 386 172 487 203 322 214 266 198 143 345 453 436 426 278 161 231 34 353 358 79 392 332 334 471 229 230 346 357 410 533 519 156 351 467 226 387 183 353 25 338 375 484 391 419 367 326 148 262 202 514 369 408 217 464 217 274 168 178 51 320 371 413 238 388 162 452 353 447 273 502 285 390 352 344 284 206 502 193 372 128 229 184 358 216 80 400 330 321 410 268 79 88 138 396 435 148 246 381 349 79 153 138 314 112 445 401 394 32 314 350 340 391 363 290 154 370 418 321 471 312 432 349 386 387 282 470 273 399 233 278 347 234 164 160 403 416 379 344 109 255 274 319 361 385 159 432 425 255 305 379 467 411 201 153 280 343 416 76 372 338 282 27 267 385 321 419 452 158 387 293 265 286 305 309 397 243 188 297 427 274 363 359 356 293 363 117 349 171 222 393 398 227 381 390 184 358 216 145 155 397 365 28 78 292 240 216 473 282 319 466 439 175 258
 267 408 1 201 220 336 295 180 441 212 303 237 339 264 222 384 177 214 147 312 45 313 370 381 271 188 361 290 355 293 359 321 315 389 190 83 175 113 130 187 170 308 317 61 38 290 365 157 325 374 206 243 343 388 223 277 47 380 145 343 178 125 222 326 245 131 393 36 242 177 236 124 194 341 219 388 118 130 124 288 391 293 201 380 158 345 375 333 135 90 257 361 313 385 114 95 228 244 371 320 229 373 232 285 102 410 161 427 191 99 189 191 174 360 287 210 236 86 2 215 136 307 229 255 251 383 138 155 7 385 44 286 144 402 152 207 180 292 31 162 77 282 296 215 216 263 298 391 229 145 202 371 20 81 428 34 411 341 341 283 42 205 282 342 236 431 339 263 288 161 305 165 67 345 402 235 281 123 142 310 125 331 308 57 256 136 216 196 61 375 181 225 265 145 14 205 270 211 349 286 344 63 47 132 169 319 157 334 101 217 178 268 253 283 315 385 67 258 242 225 258 275 340 18 339 98 249 135 388 158 96 284 244 269 255 321 206 262 398 104 132 58 166 290 153 248 162 325 80 318 120 141 295 133 238 321 84 317 217 93 290 243 360 345 266 288 129 397 388 342 141 185 251 174 261 180 139 256 233 319
 261 346 201 1 62 136 287 67 245 127 110 112 203 235 168 227 164 270 84 264 224 168 304 199 114 82 166 289 253 142 327 265 162 206 103 267 57 219 99 34 143 223 153 149 233 273 327 80 225 223 84 272 214 297 184 131 165 261 273 147 97 80 174 234 159 268 234 214 241 156 147 249 193 162 169 260 263 142 126 109 209 189 254 331 306 145 282 135 74 129 128 196 153 187 268 124 193 175 239 120 121 210 50 168 252 360 44 228 146 276 76 24 38 235 116 177 170 116 201 259 150 157 74 185 173 303 264 52 201 216 224 186 132 204 122 75 173 109 171 40 212 100 156 161 202 66 220 226 234 298 156 279 212 157 237 230 233 269 260 279 161 90 289 171 48 236 309 259 286 283 238 113 254 147 357 46 81 265 75 110 202 211 109 162 60 159 37 89 164 175 47 67 129 214 204 263 94 11 183 184 215 251 168 75 34 306 202 152 213 22 46 278 94 104 142 195 240 125 73 156 244 97 142 193 305 105 50 212 321 230 270 88 80 115 204 122 55 96 214 159 246 148 185 166 85 88 105 125 235 118 198 62 238 280 220 164 264 121 125 111 95 170 160 187 246 193 305 198 320 312 106 133 132 141 85 39 151 101 212 145
 321 406 220 62 1 143 348 127 259 76 138 172 255 296 117 272 222 325 136 325 252 220 364 231 58 44 186 349 310 194 387 326 212 236 60 296 46 263 94 42 200 283 200 180 256 334 388 135 283 269 33 329 267 354 134 185 194 315 317 167 62 117 124 292 102 309 277 241 301 118 208 292 251 199 229 313 302 124 114 69 240 247 309 391 347 152 340 125 117 167 67 239 202 200 306 129 143 119 291 130 64 252 26 226 290 420 90 235 103 308 39 47 93 288 163 236 116 141 220 315 129 208 133 246 234 362 307 72 219 256 252 245 109 216 96 136 135 149 193 78 249 143 211 111 262 63 281 267 292 337 216 337 235 196 258 252 266 328 319 339 179 40 349 213 35 250 370 319 346 328 298 83 281 137 417 96 94 305 80 114 250 266 108 170 98 137 95 44 198 173 42 125 68 264 226 317 141 60 226 243 269 278 179 91 80 367 254 188 255 46 45 337 37 63 186 220 271 64 23 217 304 142 155 208 366 127 80 260 380 281 302 117 25 58 265 114 115 148 243 204 291 163 240 223 140 31 162 129 270 125 245 89 299 320 280 213 294 106 186 130 80 231 168 234 307 252 338 205 380 373 159 193 191 104 134 97 128 43 272 187
 327 358 336 136 143 1 346 174 116 212 52 163 182 294 250 170 259 364 205 303 357 155 320 108 140 186 51 351 250 138 362 298 141 109 202 399 177 339 227 157 241 246 121 283 367 330 359 197 235 175 175 353 197 293 268 142 298 240 392 37 204 214 257 247 225 389 171 348 316 260 204 370 282 96 241 230 387 264 252 104 115 209 350 354 428 10 280 38 205 259 176 139 129 58 394 257 276 245 210 18 193 149 120 187 379 377 177 94 244 406 181 151 165 214 104 255 245 251 336 351 270 143 135 235 223 307 383 186 337 145 357 211 250 73 238 158 276 81 306 176 339 87 157 246 281 82 251 157 313 421 237 279 347 285 119 365 141 287 274 341 297 181 356 115 113 108 349 326 348 399 270 225 386 38 378 107 57 388 206 31 318 205 37 296 85 279 127 186 295 42 168 133 168 325 339 359 100 127 130 209 199 384 303 210 168 358 307 86 335 124 169 349 137 107 103 87 371 171 127 222 309 94 18 329 343 240 88 325 332 338 400 60 133 145 259 41 146 116 114 281 364 283 286 178 203 137 212 16 364 20 315 197 278 403 291 136 395 55 194 246 68 226 25 145 309 219 434 63 331 352 223 224 173 247 102 161 270 142 283 101
 31 127 295 287 348 346 1 222 383 401 295 189 195 54 435 247 137 102 223 59 268 203 104 298 399 355 328 11 147 211 67 71 217 308 371 276 324 190 326 311 156 113 236 254 290 17 75 219 136 232 363 63 185 146 447 205 258 182 197 322 361 259 440 124 437 209 256 270 56 404 147 198 109 272 119 199 220 364 347 386 304 144 106 95 226 349 142 373 249 235 414 252 227 355 232 316 455 449 198 334 402 255 335 163 229 122 265 393 405 267 350 303 257 184 243 113 443 274 296 91 375 211 227 112 124 129 195 296 301 270 270 139 366 367 364 215 417 266 283 279 226 261 194 427 91 332 104 266 68 232 133 137 285 223 352 292 305 100 111 13 292 368 23 256 331 376 50 34 11 188 88 365 280 379 112 269 319 215 311 341 172 168 346 316 284 381 259 363 241 383 319 233 415 154 285 107 249 291 249 141 183 282 312 296 273 24 140 276 200 306 316 33 380 383 250 323 259 411 358 134 45 254 335 306 52 281 297 163 117 144 262 295 366 401 89 364 236 234 313 198 185 296 134 172 216 374 192 346 238 338 176 283 75 223 70 225 270 373 165 288 357 123 355 232 42 132 271 374 118 51 204 158 175 392 250 252 377 387 78 255
 195 291 180 67 127 174 222 1 266 183 131 66 170 171 220 209 98 205 35 203 190 139 248 202 181 136 187 223 206 116 265 206 138 210 155 230 106 166 124 90 77 169 138 121 205 209 266 25 176 200 143 205 178 248 234 101 136 222 219 171 146 65 226 183 218 216 217 183 175 198 89 197 127 161 104 225 214 169 151 173 212 140 189 272 255 181 234 184 52 93 193 183 135 214 221 133 243 231 205 157 182 196 117 123 206 302 48 257 194 236 131 82 37 198 107 110 226 103 180 194 179 131 49 125 114 251 210 81 183 206 192 135 165 230 158 28 213 115 151 62 168 104 123 212 136 124 164 213 167 248 90 230 186 115 250 203 232 214 207 213 147 149 223 163 114 257 247 193 220 227 180 155 219 195 298 69 125 215 102 154 146 170 156 158 91 187 50 144 129 215 99 46 194 154 179 198 91 73 171 134 179 218 161 92 54 242 139 155 162 88 97 212 160 169 135 208 202 190 139 93 178 97 173 178 243 99 94 154 266 169 229 116 147 182 141 173 29 82 219 108 191 139 121 124 31 154 41 166 193 158 142 75 178 230 154 144 226 176 65 108 153 109 194 168 181 141 262 228 265 250 50 67 84 184 84 31 181 167 146 139
 371 354 441 245 259 116 383 266 1 327 139 231 190 338 364 146 331 428 300 329 455 182 326 85 251 301 81 390 253 182 379 321 170 76 318 495 291 425 340 270 318 271 153 384 469 367 373 291 251 159 290 407 202 286 382 194 399 228 474 99 320 317 371 264 337 474 141 447 367 375 263 454 348 118 301 212 474 379 365 214 80 241 415 361 511 108 277 142 307 358 287 133 162 60 483 368 389 356 200 131 307 132 235 225 469 377 282 36 359 500 296 263 268 211 166 317 357 357 440 412 385 176 219 282 273 305 465 296 442 118 456 246 365 44 353 243 392 153 411 283 432 163 194 360 341 197 280 126 368 507 304 278 449 381 34 467 87 300 286 382 403 297 398 129 228 10 370 372 388 478 297 340 485 133 381 207 169 474 318 146 401 217 152 405 187 393 226 302 393 97 282 221 279 403 442 424 177 236 134 244 204 483 412 320 275 389 383 118 423 236 282 395 251 218 144 64 467 282 243 282 355 171 106 435 364 347 197 406 332 414 494 158 248 256 306 151 239 189 71 371 446 391 360 215 296 251 298 131 457 135 399 306 309 490 343 161 491 163 263 354 182 279 93 152 352 253 526 57 331 373 314 299 231 362 184 262 385 255 337 139
 372 471 212 127 76 212 401 183 327 1 213 238 328 351 42 346 268 362 180 385 252 293 429 305 83 48 258 401 379 267 447 388 285 309 31 294 78 283 89 96 247 348 274 190 249 388 448 183 351 344 45 373 339 423 60 256 200 387 334 239 42 147 49 360 39 324 352 240 350 55 270 309 297 274 285 385 314 87 88 117 314 315 346 454 358 220 409 187 154 189 53 314 276 269 315 120 68 49 364 200 23 327 101 294 299 484 137 300 35 308 53 105 147 360 236 288 44 152 211 355 85 281 201 307 296 429 325 106 208 330 251 311 70 283 61 199 69 224 190 123 261 217 282 36 311 135 345 341 340 347 269 405 230 216 329 245 340 393 385 391 174 38 399 287 109 318 428 370 397 348 361 49 277 198 480 168 167 318 94 183 277 337 176 156 172 90 164 40 210 235 85 193 63 294 221 354 215 129 301 310 341 273 166 110 130 422 290 263 274 118 87 386 77 112 260 293 273 57 86 275 356 216 225 196 425 139 154 289 446 312 304 191 80 79 323 177 179 221 317 231 311 159 280 292 186 76 210 197 278 195 271 120 360 331 332 286 293 166 246 136 145 291 235 308 361 318 339 271 445 431 200 244 258 46 207 154 83 74 324 261
 276 312 303 110 138 52 295 131 139 213 1 113 139 243 253 140 210 314 164 253 319 109 273 94 156 177 59 300 206 89 313 249 96 99 196 359 161 294 207 138 192 197 77 247 331 279 310 155 187 141 170 302 154 250 271 91 262 199 346 41 195 180 260 200 234 345 144 311 264 254 153 325 232 64 190 192 343 249 234 124 103 159 300 306 383 57 236 81 170 221 187 107 84 84 351 233 279 252 171 41 197 119 113 137 336 331 144 127 240 366 171 130 130 173 53 204 251 219 303 301 256 96 88 184 172 263 337 161 304 120 320 161 236 100 225 111 271 30 273 147 298 36 109 248 231 80 201 132 262 377 187 235 312 245 128 329 129 240 227 290 265 177 305 80 105 129 299 275 297 352 220 214 348 86 331 69 48 343 184 52 273 160 60 269 50 265 89 180 257 92 151 87 182 278 304 309 49 101 95 159 156 347 275 184 138 308 259 52 292 104 151 298 146 124 60 87 332 183 129 171 258 43 45 298 294 210 63 279 286 290 360 23 137 160 208 76 103 65 107 238 318 253 237 129 161 143 167 53 323 46 270 169 228 359 240 93 356 87 144 217 85 175 66 107 257 169 392 98 285 302 180 175 122 240 52 124 257 152 232 58
 167 236 237 112 172 163 189 66 231 238 113 1 106 136 277 149 101 203 94 157 239 77 193 155 217 192 159 193 144 58 219 156 79 165 211 274 163 196 188 143 88 112 85 177 256 174 219 84 115 138 195 191 113 187 293 42 191 157 244 147 204 129 283 123 270 245 157 233 154 259 43 225 121 116 78 161 246 233 215 199 165 78 190 221 282 168 172 186 116 148 237 127 79 187 255 198 301 285 141 149 232 138 154 59 242 250 110 230 253 277 186 133 96 133 67 93 281 166 237 189 243 71 41 79 67 192 236 143 240 151 241 75 228 202 221 41 275 86 209 123 209 78 60 270 119 145 110 156 150 278 76 169 240 163 209 256 181 158 149 183 208 201 196 111 148 222 203 166 190 248 128 216 266 194 247 83 131 245 165 154 172 106 159 221 96 252 77 199 180 203 154 48 236 173 234 199 65 113 116 73 114 266 223 156 113 205 153 114 196 127 152 188 199 197 89 169 247 233 177 59 149 70 156 237 198 163 109 176 210 184 270 108 186 220 102 177 59 49 173 148 217 201 130 60 87 194 77 161 233 153 171 139 130 261 129 86 269 185 33 172 168 67 177 109 150 82 299 204 209 206 97 69 21 245 63 88 245 206 121 94
 188 177 339 203 255 182 195 170 190 328 139 106 1 155 369 56 180 255 199 141 337 36 142 106 287 284 148 204 70 62 191 132 46 115 304 367 258 282 290 236 177 83 63 280 355 180 186 189 62 41 283 228 16 112 385 73 293 62 322 149 299 234 375 75 356 326 65 332 189 357 108 307 185 90 139 59 330 336 318 260 111 60 246 177 359 182 99 217 221 251 315 58 57 172 341 302 394 373 37 176 318 60 232 57 330 198 212 204 348 367 278 226 197 35 95 155 370 271 339 239 345 48 132 108 104 127 314 243 343 75 338 68 329 180 320 144 374 114 313 223 302 117 49 362 172 209 93 73 193 358 150 99 340 263 159 355 111 113 99 196 312 290 212 70 225 183 182 189 201 321 109 313 362 219 200 161 182 328 267 190 257 29 198 326 160 354 167 290 281 210 249 139 312 251 335 253 115 200 59 66 18 362 328 259 213 200 229 98 285 211 247 211 273 259 81 133 341 311 254 124 173 115 167 341 176 268 178 257 152 257 361 152 262 291 128 213 157 108 120 244 297 306 206 51 192 270 179 188 325 182 257 241 122 343 167 48 362 226 124 277 221 112 182 41 169 72 386 191 151 185 200 159 90 342 122 189 347 280 162 83
 35 144 264 235 296 294 54 171 338 351 243 136 155 1 386 209 93 106 174 50 243 157 108 254 347 304 279 58 121 162 100 60 170 263 322 259 274 169 280 260 109 77 188 217 265 39 104 170 101 194 312 75 147 137 399 154 223 156 191 272 312 212 391 93 387 200 218 243 38 358 94 185 71 224 68 171 208 320 302 333 260 98 102 116 225 298 128 320 202 194 362 209 178 307 220 273 407 399 165 282 351 213 282 114 214 147 215 346 358 253 300 252 206 151 192 65 393 231 265 91 330 164 174 60 72 126 186 247 270 229 245 92 321 319 317 162 372 214 248 229 201 209 146 378 50 279 65 227 47 228 83 123 257 188 309 267 264 86 92 48 255 318 63 210 278 330 80 35 55 186 56 318 260 327 140 216 266 205 263 288 147 130 294 278 231 337 206 313 207 332 268 180 363 132 255 107 197 239 205 94 146 261 274 249 223 72 113 227 177 254 265 58 327 330 201 277 238 359 306 81 19 202 284 273 78 236 244 141 126 129 247 242 314 349 36 312 183 181 269 163 172 257 100 124 167 322 143 294 218 286 150 235 42 216 28 178 253 320 112 245 304 70 304 188 16 86 263 325 125 83 157 108 123 345 197 201 333 334 32 206
 406 510 222 168 117 250 435 220 364 42 253 277 369 386 1 387 300 390 213 422 264 334 467 345 115 87 297 434 419 308 483 425 326 350 67 304 116 305 113 135 280 387 315 210 258 423 485 218 391 385 86 404 380 463 19 297 218 427 353 279 75 178 8 399 35 342 393 253 383 46 308 329 329 315 320 426 331 93 102 152 354 354 374 491 375 258 448 223 187 215 80 355 317 307 330 137 27 24 405 239 58 368 142 334 316 521 174 336 33 320 93 145 185 401 278 323 17 175 221 384 87 322 241 344 333 468 345 141 217 371 263 351 81 321 77 238 49 265 204 159 279 258 323 9 345 176 383 382 372 362 304 445 240 239 368 253 381 432 424 425 188 79 431 328 150 356 464 403 431 368 399 71 287 234 517 209 208 336 125 222 301 377 214 166 213 88 204 80 230 271 124 233 90 320 232 381 256 170 342 349 382 283 176 140 167 456 318 304 295 159 126 418 114 147 301 332 286 85 126 312 390 257 264 205 461 164 196 313 484 337 316 232 119 110 359 214 219 261 357 257 332 174 310 332 220 114 244 235 293 234 296 152 397 348 366 328 305 202 284 159 183 328 273 349 395 357 350 308 484 467 232 279 297 49 248 192 84 110 358 303
 242 209 384 227 272 170 247 209 146 346 140 149 56 209 387 1 233 310 240 191 385 73 181 70 294 306 125 256 109 93 235 181 71 76 326 418 283 334 321 260 227 136 75 325 403 232 229 230 113 16 302 283 64 141 405 109 338 83 376 134 322 272 394 124 370 380 10 380 244 381 159 361 240 77 193 68 383 366 349 262 70 116 301 216 413 167 132 207 259 295 326 34 76 143 394 338 413 388 55 169 333 22 247 110 382 232 245 167 370 419 300 250 229 67 113 209 386 311 384 294 375 79 164 163 158 160 368 273 387 30 387 123 357 147 348 182 399 123 357 254 352 130 90 381 226 217 147 21 248 412 203 133 387 310 113 403 61 158 144 248 354 309 265 61 239 141 229 243 254 376 161 339 411 206 236 182 186 382 297 186 309 81 195 366 175 384 193 311 327 188 273 170 320 305 381 309 134 222 46 121 65 411 369 292 244 250 283 89 336 231 272 265 283 263 87 99 391 321 266 177 228 132 153 384 222 306 193 310 187 311 412 158 274 298 183 207 190 134 78 293 350 346 260 102 234 281 224 180 376 176 309 274 175 396 222 66 413 220 172 315 223 166 162 42 223 127 439 160 186 231 245 208 136 367 143 221 377 290 217 86
 107 234 177 164 222 259 137 98 331 268 210 101 180 93 300 233 1 109 89 138 163 163 194 253 277 222 259 135 181 153 192 146 171 263 238 189 192 103 191 182 22 133 182 126 184 126 196 88 152 220 233 109 180 212 312 139 134 209 146 247 227 123 305 151 305 148 242 161 84 269 75 129 31 216 44 220 151 229 212 270 263 125 94 208 183 264 200 276 115 102 286 219 174 287 162 182 320 315 206 243 271 228 213 124 151 239 134 330 270 188 218 176 130 194 167 34 309 140 178 97 239 163 124 81 80 207 137 163 182 242 165 117 231 302 229 103 282 185 158 148 125 176 147 292 46 220 122 245 73 180 31 195 173 98 308 185 275 165 165 126 163 237 132 208 211 322 172 104 132 148 129 230 186 285 232 160 217 150 176 244 77 165 247 186 180 246 145 231 118 299 188 127 288 74 170 103 162 170 210 118 180 186 183 161 144 159 53 214 106 185 185 120 256 266 188 269 164 283 236 57 93 168 253 184 170 145 188 79 213 84 182 201 243 278 79 265 121 147 271 74 119 165 29 132 84 250 61 254 147 245 77 149 119 164 69 179 184 269 69 153 248 71 275 199 99 117 207 304 212 175 69 36 103 257 158 126 242 263 62 193
 83 228 214 270 325 364 102 205 428 362 314 203 255 106 390 310 109 1 190 147 179 249 201 345 381 319 360 93 227 247 167 159 260 355 333 179 291 102 278 284 129 181 275 187 200 106 176 191 205 295 332 40 249 238 399 235 186 261 97 350 321 216 393 198 400 109 319 183 70 353 166 101 84 311 128 277 121 307 293 377 354 196 17 196 126 370 231 383 211 176 387 304 267 388 133 258 406 407 269 350 368 311 319 206 133 222 236 430 358 169 316 279 234 255 268 112 400 217 214 17 317 253 231 149 156 225 95 261 220 326 181 189 314 403 315 211 363 288 208 249 138 280 235 382 88 328 169 326 63 131 129 226 200 155 401 203 361 189 196 91 221 335 82 300 317 419 151 80 92 87 162 320 185 392 212 268 324 116 269 351 93 232 355 247 288 322 252 328 169 405 288 235 390 73 202 10 266 277 298 190 248 188 240 253 246 122 73 311 113 291 285 70 360 373 285 365 166 385 341 147 89 272 358 227 153 227 295 81 217 57 164 307 347 382 128 372 229 251 362 134 89 229 86 215 187 354 166 360 146 352 98 245 147 123 89 269 173 377 171 233 356 150 379 284 96 184 170 406 217 152 167 143 199 343 264 232 320 367 94 290
 194 305 147 84 136 205 223 35 300 180 164 94 199 174 213 240 89 190 1 213 157 169 263 235 192 134 221 222 228 148 272 217 170 244 150 197 104 137 107 95 69 187 171 87 171 211 275 11 197 231 145 196 205 267 226 132 102 247 192 204 140 40 218 202 217 187 249 149 171 185 106 168 119 195 109 252 184 150 132 191 246 162 174 283 226 212 254 212 29 59 198 216 167 247 190 108 234 227 233 188 182 228 131 148 175 314 47 290 184 203 130 90 47 224 141 111 221 73 146 181 160 163 83 138 129 269 182 75 149 239 158 156 149 263 145 61 199 149 118 60 136 138 153 205 133 147 180 246 162 218 92 250 152 82 284 169 266 229 224 212 115 149 220 196 130 290 253 191 219 201 193 144 186 223 309 98 153 185 90 183 120 196 184 128 121 168 79 143 95 245 100 80 201 132 145 183 125 92 204 155 206 184 130 76 57 244 120 189 133 105 97 208 171 186 169 242 169 196 152 104 178 131 205 145 250 72 121 129 281 148 197 148 158 193 149 200 62 116 253 78 164 108 105 151 9 165 32 196 160 188 116 62 189 201 154 176 193 201 83 81 176 122 226 200 183 161 230 261 280 256 24 67 111 172 118 47 163 178 146 173
 65 97 312 264 325 303 59 203 329 385 253 157 141 50 422 191 138 147 213 1 291 153 59 245 373 339 279 69 88 166 64 14 167 254 357 307 308 218 319 292 152 60 187 263 313 46 64 207 79 176 345 110 129 92 436 163 270 123 237 276 348 252 428 67 420 246 199 291 82 397 118 232 119 222 105 141 256 361 343 355 250 95 146 71 270 305 86 332 241 239 391 197 178 306 267 316 444 434 140 292 383 199 309 117 262 102 250 342 395 301 333 283 239 126 200 107 428 275 313 133 371 163 196 80 92 79 233 283 318 214 293 93 361 316 356 190 411 224 294 264 250 220 147 414 98 300 53 210 93 273 122 81 305 235 298 315 249 43 53 63 301 351 80 205 303 322 48 68 67 230 34 355 308 338 97 238 283 252 301 301 196 113 308 323 250 379 232 347 254 337 301 204 391 180 303 150 211 266 197 95 127 310 320 288 257 60 161 227 225 281 299 84 354 352 203 271 286 388 333 112 61 214 291 321 42 279 265 190 77 176 295 256 341 375 65 325 211 196 259 210 219 302 148 125 206 349 182 305 267 297 198 273 27 262 76 174 301 335 141 287 322 95 309 179 53 85 310 325 77 51 198 147 139 384 213 233 374 361 80 207
 240 386 45 224 252 357 268 190 455 252 319 239 337 243 264 385 163 179 157 291 1 313 350 390 305 224 376 261 343 296 332 301 317 399 228 45 207 79 167 216 162 295 322 76 23 264 339 166 314 374 241 211 338 372 266 280 60 371 102 359 216 145 265 313 286 88 394 12 216 220 230 83 174 349 207 381 74 172 165 319 400 285 168 356 114 364 361 358 152 99 294 365 317 402 70 133 272 286 366 340 267 376 261 281 58 385 182 444 233 58 224 217 193 354 295 195 278 113 46 182 179 309 238 244 242 366 96 183 51 389 3 278 185 418 193 215 224 304 63 186 43 294 296 257 195 288 284 394 203 101 191 356 27 77 439 26 418 324 325 255 78 241 253 348 263 446 314 236 259 118 289 204 31 369 377 252 302 80 174 332 97 325 331 99 274 180 232 232 63 396 211 236 302 115 33 170 281 234 354 278 339 29 89 162 191 290 131 344 69 242 208 238 286 313 322 397 23 295 273 217 234 287 359 63 314 126 270 105 367 125 54 301 276 303 239 345 218 270 407 94 93 94 146 287 161 281 163 346 37 339 94 167 277 88 216 324 43 343 215 124 317 232 379 347 242 279 89 415 367 316 145 179 250 216 273 197 182 290 213 327
 191 204 313 168 220 155 203 139 182 293 109 77 36 157 334 73 163 249 169 153 313 1 166 98 253 249 127 210 98 27 210 147 15 108 269 346 223 264 256 201 156 95 35 253 331 187 206 159 81 63 248 227 48 142 350 40 267 96 307 125 264 203 340 94 321 310 82 308 187 322 90 291 174 70 126 94 313 302 285 227 106 61 238 200 345 156 129 188 190 224 281 57 27 154 323 270 359 338 72 147 283 66 197 45 311 224 179 191 313 348 243 191 163 69 61 142 335 241 312 234 311 14 98 102 94 155 300 209 316 80 315 66 295 165 286 112 339 82 285 189 281 83 18 327 163 175 102 83 189 343 133 127 315 238 154 331 114 134 121 201 283 255 217 54 190 174 198 191 208 309 120 279 340 191 224 126 149 312 233 160 239 52 167 296 126 320 132 255 255 186 214 105 277 236 309 247 81 165 50 64 51 339 298 226 180 212 214 75 265 176 213 214 239 226 52 121 319 276 219 108 174 81 141 313 192 237 144 241 179 244 341 119 227 257 125 184 124 73 115 221 281 276 191 35 163 235 152 160 305 153 238 208 131 327 163 22 341 195 100 246 189 101 158 37 171 73 368 173 178 201 173 137 64 308 88 155 313 246 157 56
 120 43 370 304 364 320 104 248 326 429 273 193 142 108 467 181 194 201 263 59 350 166 1 245 407 382 289 114 74 186 59 50 180 253 401 365 353 276 368 334 206 82 200 319 371 97 51 255 87 167 387 163 128 48 482 188 327 101 294 289 393 302 473 75 462 304 187 350 139 445 160 290 177 231 157 118 313 411 394 385 248 119 202 36 326 321 52 353 290 294 429 197 192 313 325 368 490 477 127 313 424 195 345 142 320 59 295 344 441 359 376 325 283 116 223 162 472 328 370 189 422 178 232 126 135 29 290 329 375 208 352 121 410 321 405 231 460 245 351 309 308 244 166 460 155 331 85 201 151 330 175 49 363 291 293 373 241 37 48 112 356 393 126 211 339 320 61 123 114 286 70 402 367 357 59 272 310 309 349 324 254 117 331 378 280 430 270 390 311 350 345 240 428 239 361 205 237 305 200 122 126 368 376 336 301 92 220 238 284 319 343 134 390 384 218 273 345 425 369 159 119 240 306 377 56 331 297 248 19 234 353 281 377 410 117 348 251 224 256 267 277 357 206 148 255 385 232 325 325 318 257 320 76 319 134 186 359 359 185 340 350 141 322 182 111 113 367 332 19 63 250 198 174 431 242 276 425 397 138 221
 287 276 381 199 231 108 298 202 85 305 94 155 106 254 345 70 253 345 235 245 390 98 245 1 243 270 59 306 172 101 296 237 86 11 289 427 252 351 296 229 242 187 72 322 405 282 290 226 167 81 263 324 119 208 363 116 337 151 398 72 288 260 352 180 324 399 69 383 284 346 182 379 268 41 220 137 400 339 324 208 11 157 334 280 435 103 198 145 248 294 277 49 81 73 410 320 371 343 121 112 289 52 206 142 396 298 227 100 333 430 264 220 212 130 95 237 342 300 380 330 347 94 153 199 190 226 389 249 383 42 391 162 328 78 317 176 364 92 351 233 362 102 111 340 259 171 196 53 285 432 225 199 387 314 57 404 37 218 204 297 346 270 313 47 197 78 287 288 303 401 213 306 418 142 302 155 139 400 273 130 327 134 138 353 140 356 171 273 328 120 242 157 270 326 380 343 113 191 50 160 121 417 357 271 223 304 305 49 350 196 242 310 235 210 68 30 399 271 220 201 271 107 91 377 281 293 155 330 253 336 424 115 228 247 222 147 177 120 19 301 370 335 282 132 230 234 228 120 387 118 325 255 225 415 260 78 422 161 186 301 169 197 96 67 268 169 454 91 252 290 246 223 152 332 121 205 348 241 254 64
 374 449 271 114 58 140 399 181 251 83 156 217 287 347 115 294 277 381 192 373 305 253 407 243 1 84 190 401 348 229 435 373 243 245 89 349 100 319 142 99 255 326 227 235 308 385 435 191 324 295 67 384 301 393 133 223 248 348 374 172 97 174 122 334 87 366 298 294 354 137 256 349 306 218 281 343 358 160 155 38 251 289 365 436 403 148 379 110 174 224 37 261 232 196 361 178 139 106 322 132 61 274 66 267 346 464 147 222 118 362 83 103 148 321 193 289 107 195 270 371 161 241 177 294 282 402 364 128 269 274 305 288 143 209 131 186 151 175 245 135 305 172 247 113 315 80 326 286 347 393 269 376 287 253 258 304 277 372 361 391 230 69 402 235 70 244 418 371 398 385 344 116 334 120 463 136 109 361 133 114 307 303 106 218 129 168 142 78 253 157 99 170 29 321 278 374 174 109 250 286 303 330 228 146 136 418 311 207 312 94 102 391 22 35 211 226 325 32 42 267 356 174 156 258 414 182 112 318 423 338 357 138 35 6 314 102 165 185 252 261 347 214 296 262 196 28 217 126 326 126 302 145 346 376 333 242 348 89 236 183 75 280 162 260 359 296 392 195 422 421 215 246 235 127 168 151 160 17 325 211
 326 425 188 82 44 186 355 136 301 48 177 192 284 304 87 306 222 319 134 339 224 249 382 270 84 1 228 354 333 223 400 341 242 275 21 267 31 246 59 50 201 302 232 156 225 342 401 137 305 302 18 329 295 377 103 212 168 342 299 208 19 104 93 313 84 290 312 213 304 77 223 274 252 237 238 342 281 82 73 107 280 269 303 407 326 195 363 168 109 150 73 274 234 243 283 95 111 96 320 172 50 287 68 249 267 437 91 278 66 281 7 60 100 316 195 242 91 116 187 311 86 238 155 260 249 383 289 60 186 292 224 265 66 258 53 152 95 185 163 76 227 177 238 79 265 105 298 303 295 315 222 359 205 178 300 221 305 347 339 345 148 18 353 248 75 293 381 324 351 311 314 40 252 180 433 125 135 284 54 157 237 292 151 135 133 94 119 10 176 216 38 148 79 253 196 311 173 86 261 264 297 248 145 69 83 375 247 226 237 76 41 341 68 101 220 261 244 72 64 228 310 175 197 175 378 103 116 248 399 271 276 156 62 82 276 156 133 177 283 191 274 132 236 247 140 63 164 172 246 168 232 75 313 298 286 244 266 148 199 102 123 244 210 267 314 272 311 248 399 384 155 198 212 63 165 107 86 70 278 222
 312 323 361 166 186 51 328 187 81 258 59 159 148 279 297 125 259 360 221 279 376 127 289 59 190 228 1 334 217 118 335 273 113 59 245 416 214 348 262 192 243 221 93 304 389 312 331 212 205 132 218 343 162 257 315 127 320 201 399 20 246 238 304 218 274 398 125 368 304 303 195 379 278 59 233 189 397 302 288 153 65 186 347 323 436 46 245 88 227 278 225 97 102 30 406 290 323 293 171 59 240 104 161 166 391 344 202 72 288 422 222 185 188 177 93 249 292 277 361 345 309 118 142 220 210 273 390 217 362 98 377 190 289 45 278 166 320 76 331 204 354 85 134 292 274 124 227 110 303 431 233 245 370 302 73 387 91 258 244 325 323 225 340 78 153 71 324 312 331 404 246 265 406 84 346 127 93 398 240 77 326 173 85 326 108 318 146 229 314 64 205 142 217 329 362 356 100 157 91 188 164 404 332 241 195 337 310 53 346 158 205 335 185 156 78 37 388 220 172 214 295 93 35 355 318 268 118 331 299 341 416 79 179 194 245 91 160 113 64 294 371 311 287 157 217 184 221 65 379 65 323 226 256 414 280 106 412 105 191 275 116 214 38 108 293 197 448 48 298 327 236 225 162 289 106 182 310 190 273 74
 29 137 290 289 349 351 11 223 390 401 300 193 204 58 434 256 135 93 222 69 261 210 114 306 401 354 334 1 156 217 75 81 224 315 371 268 324 183 325 312 155 122 242 250 283 25 84 219 144 241 364 54 193 156 446 211 254 191 189 328 361 257 439 133 437 200 264 264 53 403 151 190 107 278 121 209 212 362 345 389 312 151 98 104 217 355 152 377 248 232 415 259 233 362 224 314 454 448 207 339 402 263 337 169 222 130 265 400 404 259 350 304 258 193 248 114 442 271 290 83 372 218 230 117 129 140 186 296 296 278 263 146 365 374 363 217 415 271 278 279 219 266 201 426 90 335 112 275 65 223 134 148 279 219 360 286 314 110 121 11 287 369 13 263 333 383 59 32 4 179 96 364 272 384 121 272 323 207 310 345 166 177 351 312 288 378 261 363 237 388 319 236 416 147 279 98 254 293 257 148 192 275 307 295 274 31 134 282 193 308 316 24 381 386 257 330 251 412 360 137 46 259 341 301 62 278 300 157 128 137 254 299 368 403 93 369 238 238 321 194 177 292 131 179 216 376 192 351 231 343 171 283 83 215 70 232 262 377 168 286 360 127 361 240 44 139 262 381 128 60 203 158 180 391 254 253 375 388 78 261
 148 108 355 253 310 250 147 206 253 379 206 144 70 121 419 109 181 227 228 88 343 98 74 172 348 333 217 156 1 121 127 77 111 180 353 367 305 278 329 285 185 50 130 299 364 133 121 219 32 95 335 193 55 46 435 126 310 36 308 218 347 267 425 32 410 315 116 341 158 402 123 298 175 159 138 53 322 374 356 323 175 68 221 109 343 251 32 285 254 271 373 124 123 240 334 335 443 426 55 244 372 122 289 86 325 129 252 271 396 364 327 275 238 43 157 150 422 299 355 211 384 111 179 101 105 58 302 285 359 136 345 73 370 248 363 184 418 179 332 265 304 180 102 412 156 270 62 129 166 345 154 30 352 276 221 365 169 50 37 150 334 342 167 139 282 248 121 151 155 304 66 358 365 287 131 215 245 319 307 257 253 47 265 352 220 393 217 340 295 279 296 187 370 243 348 227 175 252 127 74 53 366 352 297 256 145 221 167 283 265 295 170 332 322 148 200 343 369 311 131 139 176 236 360 115 299 237 250 83 243 358 216 320 351 108 281 202 164 183 253 286 331 201 88 220 328 201 256 325 250 255 280 81 331 142 115 362 292 146 308 286 113 251 110 132 69 378 259 82 124 222 172 124 388 180 230 387 339 141 151
 195 225 293 142 194 138 211 116 182 267 89 58 62 162 308 93 153 247 148 166 296 27 186 101 229 223 118 217 121 1 225 161 23 111 243 331 198 251 231 175 143 109 30 233 313 195 222 138 99 85 222 228 74 165 324 17 247 122 298 112 238 180 314 111 295 299 102 290 188 296 82 280 167 65 121 120 301 277 260 203 111 72 235 218 335 140 151 169 167 204 255 70 22 146 311 246 333 312 98 129 257 82 172 50 298 243 154 186 287 333 217 165 139 95 38 137 309 219 293 232 286 16 73 103 93 176 289 184 295 94 297 74 269 159 260 89 313 61 265 164 265 60 20 301 160 151 114 99 188 332 124 149 296 220 157 312 124 152 139 208 262 229 223 56 164 174 212 195 215 300 133 253 323 174 243 100 126 300 208 140 227 75 147 273 101 295 106 229 237 173 188 80 252 226 290 243 55 139 59 72 76 322 276 201 154 222 205 67 252 150 187 218 214 202 41 119 303 251 194 101 178 57 126 292 206 214 118 230 199 235 327 97 202 232 128 164 99 47 119 205 270 254 181 41 142 210 134 141 290 134 226 184 141 315 163 29 326 174 86 223 166 99 145 53 176 82 355 165 198 215 153 123 51 282 62 130 288 221 157 45
 93 66 359 327 387 362 67 265 379 447 313 219 191 100 483 235 192 167 272 64 332 210 59 296 435 400 335 75 127 225 1 65 224 305 418 342 370 255 378 354 208 117 244 314 355 70 11 267 131 221 407 128 178 107 496 223 320 158 263 334 409 310 488 118 482 275 242 334 118 456 180 264 168 277 164 175 286 418 401 417 300 155 172 34 291 364 109 393 299 292 454 248 235 361 298 372 505 495 181 353 445 247 371 177 295 56 310 395 455 333 395 345 301 169 261 163 489 330 359 157 429 221 259 143 155 86 261 343 364 262 335 153 419 370 415 252 470 284 344 325 290 281 206 475 147 363 113 255 131 297 181 106 349 284 347 357 295 79 94 79 352 412 86 259 366 373 20 97 77 253 94 415 345 398 46 301 344 281 360 362 237 164 369 375 312 436 295 408 303 395 363 266 453 219 349 173 272 329 249 155 176 347 372 347 318 46 203 284 265 344 360 99 417 415 261 324 324 450 395 173 102 276 349 369 23 335 327 228 65 210 327 317 403 438 125 386 273 257 309 259 251 355 195 185 265 411 241 365 304 358 240 332 90 289 124 230 336 396 203 343 384 157 367 231 95 145 337 380 65 18 256 205 202 443 275 294 432 424 130 264
 78 89 321 265 326 298 71 206 321 388 249 156 132 60 425 181 146 159 217 14 301 147 50 237 373 341 273 81 77 161 65 1 161 246 360 318 311 228 324 294 158 53 181 271 323 59 64 211 71 166 347 123 120 80 439 159 279 112 249 271 351 257 431 58 423 258 189 301 94 401 119 244 128 215 110 129 267 366 348 353 242 90 158 67 282 300 74 329 245 246 392 189 172 299 279 322 448 436 129 289 385 190 309 113 273 97 253 335 398 312 336 285 242 116 197 114 431 281 321 146 377 157 196 82 93 67 244 286 326 205 303 89 365 309 361 191 416 220 303 267 260 217 142 418 107 299 49 200 105 285 128 69 314 243 289 325 240 31 41 76 308 353 92 198 303 314 52 81 80 242 30 359 319 334 93 238 280 263 305 298 206 104 305 330 248 384 232 349 262 332 304 204 391 191 312 162 208 267 189 91 118 320 328 292 259 70 172 221 236 282 301 96 354 351 197 263 297 388 333 115 73 211 286 329 46 284 264 200 68 187 306 253 341 375 70 322 212 193 251 218 231 309 157 121 210 349 187 301 277 293 209 277 29 274 86 168 312 332 143 293 320 98 304 171 65 81 322 318 67 55 204 152 138 388 211 235 379 361 89 201
 203 218 315 162 212 141 217 138 170 285 96 79 46 170 326 71 171 260 170 167 317 15 180 86 243 242 113 224 111 23 224 161 1 96 263 351 218 271 253 195 162 109 21 255 334 201 220 160 95 63 241 238 59 155 343 39 269 106 315 111 258 202 333 108 313 318 80 311 199 316 98 298 183 56 136 102 320 298 281 215 95 74 249 214 353 142 141 175 189 226 271 49 13 140 330 268 352 330 80 134 274 60 188 57 318 237 176 178 307 353 236 185 160 80 51 152 327 241 314 245 307 9 95 114 105 168 307 205 317 73 319 79 290 151 281 111 333 70 287 186 286 72 26 319 174 164 116 78 200 350 141 140 318 241 142 334 105 148 134 214 284 248 230 41 181 162 212 204 221 317 134 273 344 178 238 118 137 319 229 147 246 65 155 296 116 316 126 248 258 172 208 101 267 244 312 257 71 158 40 77 62 343 298 223 176 225 222 61 272 168 207 227 229 215 39 108 324 266 210 117 187 71 127 314 206 236 134 248 192 252 347 108 218 247 137 170 121 66 103 226 289 276 199 47 164 225 155 146 310 140 245 205 144 334 175 10 346 182 105 245 177 111 144 31 184 86 375 159 191 215 175 143 70 302 79 152 309 236 169 42
 297 283 389 206 236 109 308 210 76 309 99 165 115 263 350 76 263 355 244 254 399 108 253 11 245 275 59 315 180 111 305 246 96 1 294 436 258 360 303 235 252 196 82 330 414 292 299 234 176 88 268 333 128 215 368 125 345 158 408 74 293 268 357 189 328 409 74 392 294 352 192 389 278 50 230 143 410 346 331 210 7 166 344 288 445 103 205 145 257 302 280 58 90 69 419 327 375 347 129 114 293 59 210 151 406 306 235 92 338 440 269 227 220 138 104 247 346 308 389 340 353 104 162 209 200 234 399 256 391 47 400 172 334 72 323 185 369 99 360 240 372 110 121 344 269 175 205 58 295 441 235 206 395 323 47 412 33 226 212 307 354 275 323 57 202 69 296 298 313 410 222 312 427 141 309 162 143 409 280 132 336 143 140 361 146 362 179 278 337 117 248 165 273 336 388 353 121 198 60 170 130 426 365 278 231 314 315 57 360 202 248 320 239 212 78 25 408 275 225 211 281 115 92 386 290 301 161 340 260 346 433 121 232 250 232 148 185 129 10 311 380 343 292 142 239 237 237 122 396 120 335 262 234 425 270 88 431 162 196 309 172 207 95 77 278 178 463 86 259 299 255 233 162 338 129 213 354 244 264 73
 343 444 190 103 60 202 371 155 318 31 196 211 304 322 67 326 238 333 150 357 228 269 401 289 89 21 245 371 353 243 418 360 263 294 1 270 50 256 63 70 218 321 252 163 227 359 420 154 325 322 29 344 315 397 83 232 174 362 307 226 13 118 73 333 68 297 332 216 320 59 242 282 268 256 256 362 288 72 68 117 298 288 316 426 332 211 383 182 124 161 69 294 254 259 289 96 91 78 340 189 41 307 85 268 274 456 109 293 46 284 27 80 119 336 215 259 72 124 189 325 74 258 175 278 268 402 298 76 186 312 227 285 56 274 43 172 76 204 166 94 234 197 258 59 282 122 317 322 310 321 240 379 207 188 317 222 324 366 358 361 150 23 369 268 93 309 399 340 368 320 333 29 254 194 452 145 153 292 65 173 248 312 167 134 152 82 139 17 183 230 58 168 77 265 198 324 193 106 281 283 317 251 144 81 101 392 260 245 246 96 60 357 76 111 240 279 249 70 77 246 327 195 214 175 396 111 136 260 419 283 280 174 73 85 294 171 153 197 302 202 283 134 251 267 156 73 181 187 252 184 243 90 332 305 303 265 270 161 218 109 138 263 226 287 331 291 315 263 418 402 171 215 231 45 185 126 73 76 295 242
 251 399 83 267 296 399 276 230 495 294 359 274 367 259 304 418 189 179 197 307 45 346 365 427 349 267 416 268 367 331 342 318 351 436 270 1 251 91 210 259 192 318 358 119 47 275 350 205 339 405 285 216 368 393 305 315 104 397 88 400 259 188 304 337 327 73 427 56 228 259 260 79 194 387 232 408 60 212 207 363 437 313 172 368 85 406 382 401 195 140 338 399 352 442 49 175 310 327 394 382 310 410 304 311 48 396 224 485 274 18 268 261 235 382 333 219 319 156 84 186 218 343 277 269 269 384 86 227 88 423 45 306 226 459 234 253 262 343 106 229 66 333 329 297 215 332 307 428 216 71 219 377 65 115 478 52 454 343 346 264 121 284 258 384 307 486 324 247 266 103 309 246 18 412 387 293 345 65 218 375 115 353 374 139 315 218 273 275 104 439 255 275 345 128 74 172 319 277 389 306 368 22 129 206 234 298 148 382 85 285 252 245 330 357 359 436 29 338 317 245 248 326 400 100 325 170 312 119 383 133 19 343 320 347 261 388 258 308 444 127 92 137 167 318 200 324 200 388 43 381 114 211 296 65 233 359 7 386 247 167 360 259 420 381 256 306 47 456 383 325 182 210 283 257 312 239 221 334 231 364
