NAME : domp300p75v3
COMMENT : (Deleplanque et al.) 
TYPE : DOMP
DIMENSION : 300
DISPLAY_DATA_TYPE: NO_DISPLAY
OPEN_FACILITIES : 75
COST_SECTION
 1 375 364 327 202 190 93 285 237 117 363 212 179 204 224 235 29 159 211 117 55 89 185 343 316 16 56 159 350 163 212 109 315 320 276 97 264 158 254 318 191 310 274 374 74 92 220 146 390 307 222 239 151 404 372 159 362 261 140 65 107 220 363 211 141 253 183 319 320 300 333 385 62 122 170 67 321 297 217 322 150 227 214 164 140 204 83 311 175 301 322 198 223 273 155 112 309 201 410 95 150 167 381 172 254 387 34 366 300 310 388 159 197 199 45 333 139 198 224 233 267 217 53 241 88 159 86 100 141 129 195 333 225 388 372 181 147 299 182 158 292 403 177 317 363 339 168 183 175 146 316 192 286 211 181 350 250 142 342 139 201 175 147 372 164 226 105 182 276 166 320 119 291 119 320 193 368 207 362 155 358 261 306 357 313 194 153 397 208 306 44 378 87 205 268 122 255 203 362 298 286 193 174 199 304 261 112 370 391 210 349 117 414 332 188 323 160 123 147 281 183 99 413 201 196 299 162 213 333 105 401 349 151 294 241 416 358 392 101 290 191 232 200 340 190 293 145 291 321 191 54 314 313 393 159 279 114 221 187 349 334 279 114 148 71 343 159 248 200 235 218 375 137 151 190 401 242 263 103 126 180 106 374 48 29 245 182 400 197 336 187 328 301 188 47 237 290 181 121 175
 375 1 142 260 268 205 284 91 147 371 113 244 351 299 153 213 352 338 290 365 345 297 423 186 202 360 331 218 231 215 245 291 92 92 268 345 113 389 221 130 367 66 139 29 310 367 158 235 41 140 329 256 264 198 183 330 246 139 267 317 306 300 218 343 300 151 330 137 175 196 219 124 392 262 208 372 69 195 228 182 226 211 166 212 269 296 303 69 324 137 203 235 203 210 236 412 100 176 116 356 228 274 87 306 261 78 382 98 119 134 142 407 247 177 399 68 288 235 192 224 123 269 338 278 318 319 295 331 296 275 258 106 174 60 70 280 385 79 224 234 127 165 333 71 121 87 253 452 363 306 158 362 247 228 322 144 180 350 114 272 239 437 392 57 242 215 349 363 202 359 184 259 136 300 109 190 102 284 16 244 240 302 206 19 187 182 350 234 182 74 354 152 358 365 114 256 295 183 68 159 91 381 243 387 222 209 264 50 118 193 177 273 212 169 205 92 352 255 231 139 214 405 164 288 374 274 399 206 55 272 122 92 303 171 142 125 116 153 284 92 189 169 290 65 216 93 252 169 93 202 348 160 184 151 294 219 322 156 199 151 122 102 263 354 332 34 269 199 183 307 342 49 248 385 351 107 181 229 295 258 239 416 60 376 347 132 216 186 281 91 388 230 77 414 332 148 175 241 279 202
 364 142 1 130 335 253 288 150 143 403 246 170 406 215 177 138 337 387 204 310 318 310 346 51 315 350 310 233 94 212 316 259 81 205 157 300 167 320 310 246 285 146 230 115 318 322 195 256 182 58 235 338 219 62 41 380 107 112 228 300 333 209 78 254 342 115 389 46 56 84 87 32 357 281 205 336 101 85 300 60 237 143 207 221 306 364 314 160 380 66 77 174 274 307 269 361 79 184 257 381 224 215 226 361 349 218 382 45 75 245 26 337 181 196 373 88 327 298 141 303 116 184 344 181 337 370 304 288 243 307 321 50 237 201 74 211 319 158 275 207 80 303 389 103 253 212 203 380 415 351 51 420 133 297 245 271 116 287 240 231 303 365 432 195 286 290 300 284 103 409 299 268 76 257 60 228 42 353 145 282 101 194 88 141 299 195 282 93 234 121 359 286 379 428 128 248 190 229 76 67 158 298 294 444 102 117 264 94 257 155 302 295 77 289 178 208 401 248 247 234 260 358 303 207 290 153 329 272 169 273 262 221 350 75 142 266 248 30 298 120 222 135 356 188 268 111 221 76 73 175 321 274 67 288 232 113 354 168 182 277 37 175 269 399 303 130 216 284 172 386 250 96 229 317 269 248 123 321 264 240 292 367 85 347 340 162 183 52 346 62 308 99 158 463 331 143 79 189 246 223
 327 260 130 1 373 289 278 230 184 401 348 118 425 132 221 108 300 403 122 239 274 304 249 80 393 316 273 249 43 218 360 221 174 298 54 241 236 232 368 333 189 239 303 235 307 258 242 270 299 124 135 388 181 116 100 397 43 158 193 268 336 118 63 154 357 151 412 125 87 69 44 160 300 286 214 280 200 72 346 79 247 119 252 234 323 399 306 253 402 130 58 137 325 372 290 286 168 213 369 375 225 162 335 385 402 330 354 171 150 330 147 248 134 228 320 195 343 337 139 355 176 111 326 90 333 388 296 232 188 318 358 155 290 315 199 147 235 245 309 192 146 407 411 200 354 310 164 284 431 367 103 441 43 342 162 366 121 210 336 192 344 271 434 306 311 341 237 192 78 423 380 268 135 209 153 264 168 390 259 304 43 85 58 253 378 223 202 86 278 211 338 387 371 451 193 238 86 270 197 107 238 200 324 461 44 86 256 215 365 156 391 301 117 375 176 301 414 239 258 309 293 288 410 130 191 35 239 318 270 265 372 321 368 97 187 379 348 141 297 200 256 155 390 289 305 193 196 101 170 175 276 357 78 392 170 63 359 206 188 370 139 252 267 409 258 239 171 344 189 427 148 219 215 232 176 359 128 381 227 222 325 295 209 296 311 218 173 122 381 170 211 32 247 471 308 183 94 155 212 247
 202 268 335 373 1 86 138 194 198 127 203 269 86 301 161 267 198 78 301 278 215 123 357 344 125 191 198 127 374 160 24 207 258 182 339 250 173 322 64 158 333 211 130 281 135 262 141 110 262 284 334 38 224 393 363 72 391 230 214 185 96 315 376 334 63 232 65 294 318 314 354 341 254 108 162 247 247 311 41 324 133 257 129 141 70 30 127 202 60 276 336 247 66 83 88 300 258 162 249 127 157 250 231 46 52 241 186 313 262 150 353 331 257 147 245 263 65 39 235 48 221 292 150 318 115 62 130 240 246 81 16 288 100 251 302 268 311 196 65 194 259 224 69 244 199 196 232 367 98 61 305 95 334 41 298 178 255 287 184 219 33 356 136 237 65 54 258 325 297 96 134 127 265 228 277 112 316 19 253 75 384 347 325 251 127 152 295 408 103 225 161 202 133 98 208 158 339 108 293 289 189 342 51 120 333 288 145 289 228 218 164 101 408 151 199 183 91 157 122 132 81 288 234 292 341 360 330 66 214 141 237 200 57 293 198 253 197 362 117 220 119 221 23 210 70 227 200 289 267 200 218 139 318 218 260 311 94 173 187 174 299 173 132 98 215 245 237 74 185 55 339 293 178 315 323 243 247 67 205 177 49 297 298 235 180 174 206 385 14 281 341 356 197 149 162 199 292 233 205 128
 190 205 253 289 86 1 101 120 113 167 174 190 155 230 77 184 174 138 228 231 181 103 307 259 140 176 163 53 289 83 71 151 178 134 258 203 97 271 90 129 273 142 86 213 118 220 58 50 210 200 264 100 155 310 279 131 306 146 147 148 103 242 292 267 97 147 137 211 233 230 270 261 227 69 83 213 171 226 59 239 62 174 47 65 65 113 109 137 129 192 252 169 44 102 36 264 177 78 221 152 85 180 194 110 116 200 188 234 179 120 272 283 180 63 225 186 84 49 152 71 137 215 144 240 117 120 105 191 183 72 71 207 36 204 226 197 262 127 23 120 175 216 138 167 174 153 159 325 166 104 220 169 251 54 232 162 170 232 153 153 55 311 190 189 38 57 210 265 213 160 138 77 181 170 195 27 237 103 191 41 299 270 241 187 132 68 238 324 24 150 159 190 155 176 127 98 261 25 217 205 117 283 43 193 249 205 93 217 202 135 165 76 324 147 119 137 152 97 56 91 10 253 225 219 280 278 280 35 155 95 212 161 102 208 113 227 169 280 91 141 35 137 105 157 17 148 131 204 187 119 184 128 233 205 194 227 118 89 106 161 217 104 84 153 174 177 168 71 101 139 271 221 111 264 260 212 163 102 151 114 41 264 225 208 162 92 127 302 95 202 285 272 129 215 145 114 208 157 144 47
 93 284 288 278 138 101 1 194 151 124 273 161 156 177 133 174 74 133 180 141 82 27 220 276 236 78 64 68 292 78 141 73 230 228 233 112 172 184 177 229 198 219 184 284 32 126 128 54 298 230 207 171 103 334 302 128 306 179 90 49 62 193 301 203 92 173 149 242 250 235 273 306 127 34 84 115 233 232 140 254 59 164 122 74 69 152 29 219 139 223 259 142 139 194 67 167 225 113 319 99 65 127 289 126 187 295 100 284 219 220 311 194 146 108 125 246 81 121 152 155 182 177 58 204 56 122 19 103 115 59 127 252 135 296 286 146 174 207 98 88 211 316 145 229 273 248 116 232 159 102 243 172 236 133 168 262 178 151 252 93 125 220 157 280 83 146 121 189 213 150 236 27 213 94 238 101 286 149 270 72 301 231 244 266 230 104 159 336 117 216 74 291 95 184 180 42 222 112 276 225 194 206 96 189 246 200 25 282 301 136 264 38 346 246 112 231 142 42 54 191 95 156 325 170 205 256 192 129 241 15 311 257 104 223 155 326 268 316 24 202 99 154 145 248 104 205 83 220 237 115 85 228 246 305 132 221 84 133 107 261 255 187 22 134 79 252 115 166 117 185 209 287 65 177 189 310 170 188 70 57 101 166 287 108 65 154 111 329 138 252 205 270 209 195 49 152 221 124 75 83
 285 91 150 230 194 120 194 1 67 285 123 177 272 231 63 152 262 257 224 282 257 207 346 174 168 270 242 127 214 126 173 205 71 70 221 260 24 311 161 104 295 27 81 94 220 282 68 145 110 112 264 191 183 212 185 249 232 77 183 227 218 236 209 275 216 87 253 118 152 162 197 151 303 172 120 285 55 159 156 160 136 146 77 122 183 223 213 31 245 105 178 163 129 157 148 327 73 87 156 268 138 197 120 227 200 121 292 121 85 101 164 327 176 87 310 70 202 157 122 157 57 204 248 220 229 238 205 246 215 188 182 101 94 114 109 206 305 19 141 149 87 182 255 51 128 86 175 372 283 223 135 285 204 154 249 137 121 271 108 189 162 357 309 99 157 145 264 289 157 278 153 168 97 216 93 102 125 211 78 158 225 248 174 73 152 92 272 236 98 33 264 159 270 290 41 166 240 97 100 126 9 308 161 310 188 158 174 98 145 117 162 184 226 146 123 73 271 165 141 85 129 319 186 219 302 233 321 129 56 181 154 97 221 135 62 165 122 174 194 33 100 97 216 71 133 42 167 131 79 121 260 129 157 167 216 175 236 69 115 141 116 25 173 272 244 60 189 136 99 241 276 102 160 306 278 145 119 172 208 170 158 330 106 287 257 42 135 201 206 91 314 204 22 334 242 68 137 164 193 112
 237 147 143 184 198 113 151 67 1 261 186 112 264 166 38 91 212 245 159 219 201 171 281 147 211 222 189 92 179 76 181 146 79 132 164 199 60 246 185 159 229 89 123 140 181 221 59 114 173 89 199 207 119 198 167 238 196 34 121 175 191 172 180 210 200 36 248 99 121 120 160 157 247 140 69 227 86 116 166 127 96 84 71 80 164 226 176 97 239 80 141 97 143 188 127 266 74 42 221 240 89 131 186 220 220 186 250 134 70 154 165 263 110 54 256 97 185 161 58 174 32 140 208 158 197 228 166 185 151 164 184 102 107 179 136 140 240 85 135 88 65 244 248 82 190 150 109 307 273 208 108 279 151 162 183 195 65 206 169 126 167 293 290 165 144 159 202 224 107 267 200 129 70 154 89 88 136 216 136 140 189 187 132 131 197 53 206 211 98 74 224 220 239 287 34 116 178 91 126 92 73 242 153 302 142 103 129 134 210 51 215 154 212 198 59 136 258 115 106 129 120 259 249 154 236 180 256 138 121 137 219 161 208 96 6 230 184 172 159 57 81 34 218 136 129 58 106 92 86 56 205 178 122 229 151 123 212 26 54 198 108 79 132 256 188 114 124 160 38 251 211 139 104 241 213 211 60 198 150 115 152 270 138 232 211 37 70 191 208 101 248 163 87 321 198 2 96 98 133 81
 117 371 403 401 127 167 124 285 261 1 325 284 68 294 233 297 130 56 299 228 159 99 300 396 251 115 148 171 415 194 147 188 337 295 355 203 263 271 190 278 299 308 243 378 96 204 220 148 374 346 320 162 224 454 422 60 430 292 212 144 71 311 423 313 74 289 80 358 370 357 396 417 178 123 200 181 334 354 160 374 167 287 209 183 103 114 96 303 76 338 381 265 178 209 139 228 333 220 372 28 183 247 350 84 172 359 88 392 331 270 425 274 269 210 160 348 85 145 273 172 291 298 83 325 70 67 107 201 229 99 129 362 199 366 389 265 260 294 148 211 324 350 73 330 322 312 239 299 61 70 362 78 359 156 279 303 299 248 305 213 144 291 35 351 130 173 212 290 336 53 261 138 328 206 349 185 395 123 357 129 424 350 366 354 253 209 259 457 190 314 79 328 34 91 284 164 342 190 380 344 283 303 130 82 369 323 147 381 351 257 291 109 466 277 233 297 50 164 157 247 158 215 361 289 305 378 276 172 321 137 361 318 74 343 264 376 319 431 107 303 188 272 114 321 157 308 206 340 345 235 159 264 367 343 247 344 51 238 226 299 369 270 138 38 168 343 236 195 232 138 319 386 188 264 294 365 291 193 183 180 135 222 388 163 111 252 233 448 116 360 298 393 295 75 103 262 341 247 194 182
 363 113 246 348 203 174 273 123 186 325 1 297 287 351 167 273 346 280 344 388 349 276 458 282 101 349 332 212 326 226 181 307 176 55 342 363 128 422 143 48 411 109 90 140 291 383 157 220 83 225 384 178 294 305 286 273 343 198 292 316 271 357 317 395 253 209 266 227 265 280 311 233 396 243 221 380 150 277 166 273 222 268 158 214 232 227 283 96 262 219 293 282 149 127 210 428 181 191 48 317 235 312 34 247 178 46 361 205 199 56 250 437 295 184 397 160 245 181 243 156 179 325 317 342 288 263 278 349 327 242 198 201 139 63 179 324 415 105 185 258 203 61 270 150 9 39 289 481 300 256 248 294 324 170 366 35 243 382 22 298 182 467 338 58 205 154 369 405 277 298 83 248 214 322 198 174 209 215 105 212 336 370 291 108 89 191 384 338 157 137 332 41 321 294 162 259 361 163 174 242 116 424 199 318 306 279 260 159 29 236 68 249 320 65 237 51 293 258 222 84 182 419 64 339 418 354 432 156 79 265 39 27 252 252 181 54 7 261 264 149 178 218 223 60 177 156 275 249 181 235 352 67 272 45 331 295 281 179 226 42 218 108 254 299 340 117 303 131 211 228 396 160 262 416 395 41 241 146 309 269 194 430 170 378 336 153 249 294 216 187 429 319 104 350 318 187 255 280 297 197
 212 244 170 118 269 190 161 177 112 284 297 1 312 56 138 34 185 289 48 142 161 187 183 137 315 201 158 143 139 110 259 105 156 244 73 134 171 153 277 269 125 197 230 228 190 155 156 161 276 122 88 289 64 197 167 284 151 106 75 152 221 60 153 101 245 94 301 132 117 92 122 197 193 173 109 172 176 90 249 117 138 34 164 129 212 292 189 206 291 119 112 23 231 285 183 192 148 120 331 258 114 49 296 275 305 295 238 189 130 264 194 171 17 135 211 180 231 236 56 260 125 28 209 51 216 276 179 123 77 206 254 158 201 286 206 42 151 195 206 78 121 355 299 174 302 261 47 215 317 255 120 328 76 243 80 306 66 118 281 75 242 200 317 272 205 246 133 122 69 309 306 154 115 96 147 167 189 285 236 196 146 81 96 230 302 127 114 186 185 174 221 331 254 339 139 123 72 176 200 105 184 139 219 347 93 54 141 215 321 64 324 187 205 306 73 247 300 123 149 237 192 190 360 45 131 96 163 223 230 149 330 272 256 96 117 341 295 195 181 157 159 81 284 246 205 154 79 95 158 73 163 286 108 340 64 68 243 124 86 308 151 191 152 294 145 213 55 255 95 323 100 219 99 150 108 321 64 290 111 106 221 199 213 186 194 146 64 195 275 167 146 116 197 355 191 112 92 39 95 145
 179 351 406 425 86 155 156 272 264 68 287 312 1 332 230 318 186 24 335 281 212 131 357 407 201 173 198 179 432 209 108 227 333 266 384 254 250 325 145 242 348 292 214 363 135 259 213 157 347 352 361 111 256 461 430 29 448 297 245 190 95 348 438 357 68 296 22 363 381 373 413 416 239 140 213 239 325 369 125 387 180 307 201 193 104 61 131 284 28 343 396 291 149 163 139 289 331 224 332 85 201 282 315 46 118 325 152 388 332 234 426 331 298 211 223 340 83 117 289 132 291 330 134 357 107 38 140 249 269 107 94 361 179 335 380 300 314 277 133 235 327 302 18 321 282 281 269 359 14 59 370 17 383 124 321 260 313 298 269 248 113 350 59 322 121 138 263 339 353 17 214 158 333 248 349 179 391 73 336 125 442 385 383 334 207 213 307 471 176 303 137 283 93 29 281 190 376 180 371 353 268 354 114 39 389 342 173 369 311 272 243 126 475 231 250 268 19 190 168 217 147 276 313 325 354 406 331 146 298 166 320 285 58 355 265 335 281 434 134 295 185 282 65 294 141 302 235 351 341 252 213 222 380 298 286 364 75 240 240 255 370 253 161 32 218 326 269 158 242 75 363 373 214 318 341 326 305 144 223 209 116 283 377 222 166 246 253 454 72 356 350 413 278 65 153 265 354 274 230 186
 204 299 215 132 301 230 177 231 166 294 351 56 332 1 188 87 178 309 12 108 149 203 132 176 361 195 153 178 164 147 295 107 210 297 78 112 224 106 318 320 71 251 279 283 201 128 204 192 331 173 35 326 79 232 205 304 172 162 89 152 238 17 182 46 268 149 325 182 161 133 151 245 170 198 148 150 231 132 287 158 171 89 210 166 238 321 203 261 314 171 148 70 272 328 215 156 202 167 386 268 147 52 350 300 342 350 233 240 184 314 240 124 57 180 191 234 255 272 110 300 180 33 214 43 230 298 194 105 67 230 287 210 246 341 259 34 107 249 242 110 175 408 321 229 354 314 71 165 335 277 167 348 96 281 32 357 120 80 333 85 278 151 328 327 237 286 107 70 113 327 354 178 168 90 200 209 239 316 291 227 169 58 132 286 350 172 72 213 228 229 223 383 262 360 193 146 52 219 253 155 237 85 252 365 124 100 161 268 374 116 374 210 238 355 118 300 318 147 181 286 230 157 413 13 77 100 115 263 284 168 384 326 279 144 170 395 348 238 200 212 201 135 314 300 243 209 102 145 212 119 151 335 151 393 48 105 260 174 131 359 201 244 174 310 135 269 65 297 143 354 46 273 124 105 55 375 119 331 112 127 255 164 267 168 192 199 107 233 305 221 94 142 251 368 194 165 140 75 103 184
 224 153 177 221 161 77 133 63 38 233 167 138 230 188 1 122 201 212 183 225 195 148 292 183 178 208 180 67 216 65 144 145 105 114 197 201 44 256 149 133 245 88 92 152 161 222 22 88 170 124 222 170 128 233 203 205 233 70 126 165 164 196 217 231 168 73 213 134 158 157 197 187 242 115 59 224 103 153 129 164 75 114 34 60 133 190 154 91 204 115 178 120 106 153 96 268 102 26 207 214 77 147 173 186 183 176 232 161 103 127 196 272 133 26 248 117 153 124 88 136 61 165 188 187 172 194 145 187 161 135 147 132 70 172 157 159 249 78 99 92 99 222 214 99 170 133 124 316 240 176 144 245 186 125 200 170 100 216 148 133 130 302 260 157 110 122 206 239 143 234 169 108 105 158 120 53 163 179 139 108 226 217 169 135 165 31 218 248 61 84 204 197 214 252 52 105 208 54 148 129 65 258 118 269 179 138 113 151 193 76 187 128 247 169 71 118 226 103 82 99 84 260 228 176 253 214 266 101 115 120 203 145 175 133 37 215 164 204 136 71 47 67 182 126 93 76 110 129 113 70 198 149 159 208 165 159 183 16 60 172 141 63 112 225 183 121 137 124 46 214 233 156 100 251 230 197 95 162 148 109 117 270 157 226 196 22 83 225 172 128 263 200 80 289 181 39 134 115 134 53
 235 213 138 108 267 184 174 152 91 297 273 34 318 87 122 1 207 296 78 173 186 199 216 109 299 222 180 142 119 110 254 127 124 220 76 164 149 186 267 249 157 169 212 196 204 185 142 163 247 89 116 283 86 170 139 289 134 78 96 172 230 88 130 131 250 66 305 99 87 65 101 165 222 179 107 200 145 62 242 88 139 11 151 127 215 292 202 180 295 86 88 38 222 273 183 224 116 109 305 271 118 78 270 278 298 268 258 156 98 244 163 204 44 124 238 148 235 232 35 252 97 56 225 69 228 281 191 151 106 211 252 125 189 257 174 75 184 170 202 87 89 332 303 143 278 236 68 247 324 260 88 333 68 237 113 284 34 151 258 98 238 233 329 244 204 238 163 154 42 316 289 162 82 122 115 159 156 284 206 197 128 97 72 200 286 118 147 164 175 145 238 309 268 343 112 133 89 167 167 73 159 171 218 354 74 28 151 182 295 50 305 194 179 287 69 224 307 133 151 219 188 221 337 77 163 95 195 215 203 160 304 248 261 64 95 314 272 164 191 129 151 58 284 220 200 125 94 63 126 68 188 268 80 317 95 48 252 107 80 288 118 168 161 302 170 183 80 243 84 321 130 187 110 183 140 294 34 280 133 119 219 230 181 213 214 126 65 167 274 135 179 98 171 365 209 90 60 56 116 140
 29 352 337 300 198 174 74 262 212 130 346 185 186 178 201 207 1 165 185 98 31 78 172 316 306 18 28 139 323 139 205 81 289 301 249 75 242 142 245 302 171 288 258 349 64 75 199 128 369 280 198 233 123 376 345 163 335 235 112 38 103 194 336 188 139 227 187 292 292 272 305 359 58 106 146 54 296 269 208 294 129 199 194 142 131 203 72 289 178 274 294 171 210 263 140 105 283 178 392 105 126 139 362 172 249 368 56 340 274 294 361 146 169 176 52 308 134 189 196 223 242 190 53 215 86 162 72 76 114 120 189 307 209 368 346 154 131 277 169 131 265 389 181 292 346 321 141 175 184 146 289 200 258 201 157 335 222 121 325 111 192 166 162 352 152 215 84 162 249 175 308 100 265 92 294 174 341 204 339 142 330 235 278 334 301 171 131 370 191 282 52 364 97 214 243 98 229 185 337 271 264 174 164 210 277 234 90 345 374 183 336 104 386 319 162 304 168 99 127 264 167 92 398 175 177 272 147 200 312 84 384 330 150 266 216 399 342 365 87 266 171 206 198 320 176 268 117 264 295 164 31 300 286 378 133 252 116 197 161 334 308 258 94 157 44 320 131 237 175 236 195 350 110 135 168 383 215 255 76 99 169 101 349 39 21 221 155 373 194 310 169 300 279 204 37 212 263 153 93 154
 159 338 387 403 78 138 133 257 245 56 280 289 24 309 212 296 165 1 312 259 190 108 336 387 200 153 176 158 411 187 100 205 315 256 361 232 234 303 140 234 325 277 203 348 113 238 195 136 336 333 338 110 234 442 411 9 427 277 222 167 72 325 417 334 47 276 26 344 361 352 392 398 219 118 192 218 308 348 115 366 158 286 184 173 83 60 109 270 22 324 375 269 137 159 119 268 313 205 326 67 179 259 307 34 119 317 134 371 314 226 408 309 275 192 203 324 62 105 268 125 272 307 113 335 84 19 117 226 246 86 83 343 165 326 364 278 292 262 117 213 309 300 19 304 276 271 246 339 29 38 350 40 361 113 299 255 292 276 261 225 101 329 59 312 103 128 241 316 332 23 211 136 314 225 331 161 374 70 323 106 421 362 362 321 204 194 285 451 160 287 117 279 75 52 263 168 354 163 354 333 254 331 97 60 367 321 151 354 305 251 240 103 455 228 229 257 15 167 147 206 130 255 311 302 332 384 310 133 285 143 315 276 38 334 246 330 274 415 111 278 166 261 61 283 125 285 213 331 324 230 192 217 359 294 264 343 52 221 219 251 352 239 139 21 196 312 247 150 222 83 340 358 192 296 318 320 284 142 200 186 100 263 362 201 145 229 231 435 66 339 328 391 264 78 131 246 333 251 207 166
 211 290 204 122 301 228 180 224 159 299 344 48 335 12 183 78 185 312 1 118 157 206 143 165 357 202 159 177 154 145 294 112 201 290 69 120 217 117 316 315 82 244 274 273 205 137 199 192 323 162 41 325 80 221 194 307 162 153 91 158 241 15 171 54 269 141 326 172 150 122 141 234 179 199 146 159 222 121 285 147 170 80 206 164 239 322 206 253 316 161 137 64 270 325 215 166 193 163 378 272 146 54 343 302 341 342 240 229 175 309 229 135 51 176 200 225 256 271 103 298 172 23 219 33 233 300 197 113 72 232 287 200 242 333 249 35 118 242 241 109 166 401 323 220 348 308 70 176 338 279 156 351 85 279 43 351 111 90 327 88 277 162 332 319 237 284 116 81 103 329 349 180 158 95 190 206 229 316 282 227 159 52 121 277 345 168 83 202 225 221 228 377 267 362 186 147 45 216 243 144 230 96 252 368 113 89 163 259 367 109 369 211 227 350 114 294 321 148 180 281 228 167 407 11 87 91 126 261 277 170 377 319 281 133 164 388 342 227 202 204 198 128 314 293 241 200 102 134 202 115 158 330 140 387 53 94 263 169 127 354 191 237 176 313 142 260 67 294 139 354 53 263 125 116 66 368 110 329 117 128 254 174 257 176 198 192 103 222 306 211 105 132 244 372 199 158 129 72 107 182
 117 365 310 239 278 231 141 282 219 228 388 142 281 108 225 173 98 259 118 1 70 158 80 277 370 114 84 182 271 163 280 82 285 337 186 30 267 45 315 349 76 307 304 355 149 26 232 183 390 260 115 311 102 336 307 256 279 230 100 95 192 122 288 100 227 219 280 271 258 232 257 338 67 173 168 52 300 230 278 257 171 169 232 176 209 290 155 312 270 256 251 139 273 330 203 51 278 199 430 202 154 97 397 261 327 399 149 326 263 341 335 54 131 206 90 308 218 260 179 293 244 133 148 150 176 253 150 41 71 198 267 294 259 395 340 101 34 300 234 134 254 439 275 297 390 356 114 95 280 235 260 296 202 272 78 385 200 31 368 94 265 81 260 380 221 282 22 67 210 271 368 158 250 68 282 220 327 289 354 210 276 161 234 349 362 198 41 319 240 292 150 413 195 309 252 134 157 232 332 245 286 77 236 307 228 195 140 345 415 174 393 178 342 375 161 340 264 135 176 311 227 50 446 111 81 207 52 263 337 141 425 367 239 236 224 438 385 336 163 274 214 199 284 349 239 274 116 236 289 164 69 355 249 426 79 206 208 215 168 386 289 286 151 253 65 332 99 300 185 323 108 350 128 38 77 420 195 326 81 121 240 58 346 72 118 242 150 335 278 301 71 248 302 301 129 219 232 128 92 194
 55 345 318 274 215 181 82 257 201 159 349 161 212 149 195 186 31 190 157 70 1 94 146 294 317 48 19 138 298 131 220 61 277 301 222 45 238 114 258 306 141 282 261 340 83 49 196 132 365 263 169 250 101 355 324 188 310 221 92 34 125 166 312 158 161 212 212 275 271 250 282 342 48 115 138 34 286 247 221 273 128 178 194 138 147 224 90 285 202 257 271 148 220 275 148 86 270 171 394 133 119 114 363 194 266 367 86 325 259 298 343 120 146 172 56 297 153 202 178 236 230 164 79 187 108 185 86 46 87 136 205 292 213 366 333 127 103 272 179 116 250 395 206 282 350 321 118 153 211 168 269 227 233 214 127 341 204 91 328 89 206 142 192 350 163 227 54 132 226 202 317 104 249 66 279 176 326 224 333 153 306 207 255 328 311 166 101 346 194 273 82 369 126 240 234 92 200 187 325 252 259 145 177 238 253 211 90 334 377 167 345 117 364 326 147 305 195 94 128 268 175 75 403 147 147 245 120 210 309 87 387 331 172 246 206 401 345 346 100 257 172 191 219 318 185 258 100 244 282 150 4 308 265 383 105 228 140 190 149 340 291 255 98 184 17 312 107 247 164 257 165 339 99 107 138 384 197 268 55 88 182 85 337 32 49 215 139 352 213 296 140 276 275 233 60 201 243 132 73 153
 89 297 310 304 123 103 27 207 171 99 276 187 131 203 148 199 78 108 206 158 94 1 237 300 230 75 77 82 317 99 129 98 249 235 259 130 185 202 169 231 220 232 187 299 16 140 140 63 308 252 231 157 128 358 326 104 332 200 116 64 37 218 326 227 70 195 125 264 274 260 298 326 134 36 105 125 250 257 131 278 76 189 132 92 55 132 7 230 115 245 283 168 135 186 67 179 244 131 323 73 87 153 295 104 173 302 87 303 239 222 333 211 172 123 128 263 61 112 176 147 201 203 43 230 30 98 10 122 139 43 113 272 138 304 304 172 192 219 94 113 232 315 121 246 275 254 143 246 134 79 266 147 261 125 192 262 202 171 255 119 115 235 131 289 76 139 139 211 238 125 232 43 234 118 259 109 306 132 283 67 326 256 269 279 226 121 180 360 122 232 58 291 71 159 198 67 248 118 294 249 207 227 87 163 272 225 49 299 304 160 261 29 370 244 136 238 116 67 68 193 95 166 325 196 227 282 210 126 252 40 314 263 82 247 174 329 271 338 14 218 109 177 126 256 102 223 109 244 256 139 96 226 270 305 157 246 58 150 130 261 276 198 41 108 95 266 141 161 138 166 233 304 90 195 212 314 194 178 94 83 93 176 304 115 62 169 136 352 121 271 225 296 221 169 44 171 245 150 100 96
 185 423 346 249 357 307 220 346 281 300 458 183 357 132 292 216 172 336 143 80 146 237 1 305 446 186 162 257 287 235 359 157 337 405 199 109 333 38 393 421 63 369 376 409 227 99 302 260 452 303 116 390 165 359 334 333 291 285 168 174 270 138 307 96 305 273 357 313 291 263 277 376 125 252 239 120 356 262 356 288 247 215 304 250 288 368 234 376 348 301 277 189 350 407 281 78 329 268 498 276 228 150 464 339 406 465 217 370 312 414 370 27 177 276 147 361 297 338 232 371 301 164 224 168 254 331 229 119 133 277 345 340 334 459 388 144 47 364 312 201 303 511 352 353 461 425 172 36 355 313 298 372 221 350 104 458 247 78 439 161 343 25 331 444 299 360 100 63 244 346 443 236 297 139 329 294 370 367 413 289 290 165 262 408 438 268 75 334 315 351 223 486 268 385 312 210 165 306 382 285 351 50 314 381 252 231 218 396 484 231 468 257 363 449 224 409 340 211 252 384 304 89 518 141 59 215 29 340 401 219 494 436 317 275 286 507 455 369 241 333 288 255 362 415 316 331 185 275 340 226 145 429 281 498 131 235 285 281 234 459 332 353 229 328 143 391 158 377 249 401 102 401 200 44 78 488 244 404 158 195 319 87 395 138 192 308 212 361 356 349 39 267 366 372 205 280 270 184 165 268
 343 186 51 80 344 259 276 174 147 396 282 137 407 176 183 109 316 387 165 277 294 300 305 1 340 330 288 230 46 203 327 235 108 237 110 270 185 281 327 275 243 176 252 160 306 291 204 253 226 63 191 351 194 61 31 380 62 115 204 280 327 167 37 211 341 113 392 57 27 46 37 82 329 275 198 308 133 48 311 23 231 117 216 216 305 371 303 190 382 71 29 147 287 327 269 326 103 184 299 372 214 185 266 364 364 259 365 93 90 273 70 298 151 198 346 124 326 306 124 317 127 146 330 138 328 370 293 259 213 304 329 83 250 243 121 177 281 186 280 190 89 341 391 134 289 246 177 339 415 350 40 423 86 308 206 304 98 251 273 206 312 325 427 235 288 303 269 244 69 408 326 259 81 230 85 233 90 361 186 283 55 148 44 182 325 195 245 66 243 149 344 322 370 431 142 235 144 236 120 55 182 256 298 445 55 84 252 139 296 141 333 290 72 318 164 239 400 235 242 257 265 325 342 169 247 104 289 283 204 261 303 256 351 54 147 308 283 66 290 142 226 127 363 223 275 133 200 58 102 162 297 302 31 326 200 72 349 171 172 310 66 197 260 396 278 169 189 301 166 396 206 142 213 279 228 289 106 339 241 224 298 334 132 321 322 174 166 60 353 97 266 49 186 461 315 146 56 164 224 223
 316 202 315 393 125 140 236 168 211 251 101 315 201 361 178 299 306 200 357 370 317 230 446 340 1 304 299 191 380 217 108 290 236 114 374 342 158 410 64 73 410 170 90 225 244 359 159 188 180 279 395 91 291 376 351 194 398 236 284 284 213 371 376 401 185 243 181 284 318 325 363 309 361 202 215 349 215 322 100 326 201 291 152 200 177 142 235 156 180 271 343 295 98 45 170 402 239 196 140 250 222 314 134 169 85 146 306 279 252 71 325 423 307 182 356 229 182 119 265 85 218 341 265 364 232 186 234 330 320 188 126 266 116 162 258 330 401 158 139 254 253 102 187 212 94 116 292 463 214 184 302 206 361 106 368 68 275 371 91 291 117 450 257 153 155 92 349 402 316 215 19 215 263 309 259 155 283 131 190 165 390 394 338 191 17 190 376 402 135 195 278 85 256 203 202 237 385 144 251 291 160 421 143 228 350 313 232 240 119 253 43 203 391 37 244 112 211 236 195 85 144 390 113 350 418 390 419 108 153 232 126 113 180 299 208 140 96 335 219 200 162 243 139 139 133 208 268 295 244 243 319 43 323 99 329 333 215 193 231 62 281 144 221 220 312 193 302 71 220 134 404 242 249 403 396 137 270 59 290 253 138 401 251 342 291 176 255 365 136 254 423 368 157 261 272 212 301 287 283 181
 16 360 350 316 191 176 78 270 222 115 349 201 173 195 208 222 18 153 202 114 48 75 186 330 304 1 44 144 338 148 201 97 300 305 266 92 249 157 242 304 187 295 260 358 61 90 205 131 375 293 215 228 139 390 359 152 351 246 128 51 96 212 351 205 131 239 176 305 306 287 321 371 67 107 155 67 306 284 205 308 135 214 199 149 128 195 69 296 168 286 309 186 209 260 141 116 294 186 395 91 135 156 366 163 243 372 39 352 286 295 374 160 185 184 55 318 128 186 210 220 253 207 43 232 77 151 72 93 131 116 183 319 211 373 357 171 146 284 169 144 277 389 170 302 348 325 156 187 171 137 302 187 275 198 174 336 236 137 328 127 188 178 147 357 150 213 100 178 264 162 307 104 277 109 306 178 353 197 347 141 346 252 293 342 300 179 148 385 194 290 38 365 83 201 253 107 246 188 348 285 271 190 161 196 292 249 97 355 377 196 336 103 401 318 174 308 156 108 132 266 168 103 399 192 193 289 162 200 318 89 387 334 141 280 226 402 344 378 87 275 176 218 190 325 176 278 131 278 306 177 48 301 300 379 149 267 106 206 173 335 320 264 99 144 61 328 147 235 186 227 212 360 122 150 184 386 229 251 91 111 167 111 359 50 14 229 168 387 187 321 185 316 286 188 33 222 277 168 108 160
 56 331 310 273 198 163 64 242 189 148 332 158 198 153 180 180 28 176 159 84 19 77 162 288 299 44 1 122 295 117 203 54 265 285 222 57 223 128 240 289 152 268 244 327 66 65 181 115 349 254 175 232 96 349 318 173 308 210 85 17 109 169 308 166 144 202 197 266 265 245 278 333 65 98 124 51 273 242 203 267 111 172 177 123 129 207 73 270 187 248 267 143 202 257 130 104 259 156 377 122 105 112 346 178 248 351 82 315 249 281 335 136 142 157 69 285 136 184 170 219 218 163 67 188 93 170 69 53 88 118 187 282 196 350 322 128 118 257 161 105 240 377 191 270 333 305 113 170 198 152 262 213 231 196 133 324 196 102 311 84 188 159 181 334 146 209 66 143 221 189 299 87 239 65 269 159 316 207 318 135 303 210 251 314 293 151 112 342 177 260 72 352 115 226 221 77 203 170 313 245 244 157 159 226 249 206 73 322 360 158 327 100 359 309 136 288 181 78 111 251 157 92 386 149 158 245 135 192 293 69 370 315 156 239 193 384 328 338 83 243 156 181 202 302 167 245 91 237 271 139 22 290 259 366 106 224 125 176 137 323 282 239 81 171 21 299 104 229 151 241 173 327 86 121 147 368 189 251 48 75 164 103 325 47 41 201 129 346 196 285 153 273 260 222 47 189 236 126 66 137
 159 218 233 249 127 53 68 127 92 171 212 143 179 178 67 142 139 158 177 182 138 82 257 230 191 144 122 1 254 34 118 101 168 164 213 155 106 220 142 170 221 153 124 218 94 174 61 24 231 177 212 149 103 286 254 151 271 123 95 106 100 191 260 215 112 120 165 189 204 195 235 248 186 49 36 170 169 191 109 209 12 132 57 16 76 151 88 152 155 169 218 121 97 154 42 218 164 51 257 149 33 128 226 138 165 230 166 224 161 162 255 233 131 42 188 182 97 95 112 122 122 166 122 192 107 142 79 142 130 75 112 193 78 230 223 146 211 141 65 69 155 259 164 165 213 184 108 276 187 122 194 194 209 103 180 205 135 181 191 101 101 262 199 214 64 109 161 213 176 179 188 42 159 119 180 39 226 143 204 56 264 222 205 200 182 40 186 293 59 151 138 234 149 204 117 49 213 51 213 177 128 231 77 217 212 165 50 218 239 95 213 63 299 194 74 167 171 48 15 131 52 209 267 168 228 234 229 87 175 56 250 194 122 177 94 264 207 262 69 137 35 104 143 182 65 142 79 174 176 75 141 174 202 247 141 188 122 70 63 205 199 121 47 167 129 186 116 123 65 181 219 222 59 213 208 247 127 154 101 63 79 219 223 168 131 88 80 279 134 191 233 235 143 232 116 92 176 107 93 17
 350 231 94 43 374 289 292 214 179 415 326 139 432 164 216 119 323 411 154 271 298 317 287 46 380 338 295 254 1 225 358 242 151 279 89 269 224 268 362 317 226 219 291 205 322 288 237 276 271 103 172 385 201 75 60 404 18 148 212 289 347 153 22 192 365 144 418 100 63 61 20 122 328 296 220 308 177 64 344 55 254 129 248 240 329 401 320 233 408 111 39 154 320 363 295 319 146 212 343 389 234 186 310 391 398 304 375 137 130 314 108 284 154 227 348 168 350 337 144 351 164 139 344 123 346 395 310 259 213 327 359 127 284 288 166 174 270 227 309 205 128 385 417 177 333 289 184 322 439 375 80 448 69 340 195 347 121 243 316 213 343 309 446 280 315 337 266 228 80 432 366 279 119 233 129 263 134 391 231 309 11 124 50 226 365 223 235 50 275 191 356 366 386 457 180 251 123 268 165 90 222 238 327 470 47 93 269 184 341 161 375 311 77 359 184 282 423 251 265 296 294 320 386 161 229 75 275 315 248 278 347 300 375 84 180 353 327 101 309 183 256 153 393 267 305 174 212 88 146 182 301 342 59 370 198 73 370 202 193 352 110 237 278 419 282 213 193 337 192 427 186 187 228 267 212 333 128 375 248 237 327 327 176 323 331 209 183 80 383 142 249 24 228 483 327 178 83 172 232 249
 163 215 212 218 160 83 78 126 76 194 226 110 209 147 65 110 139 187 145 163 131 99 235 203 217 148 117 34 225 1 151 82 154 175 180 138 108 198 172 188 194 152 143 212 108 159 70 53 234 154 181 181 75 261 229 181 241 103 69 102 124 159 232 186 141 97 196 166 177 166 205 229 178 72 8 160 159 162 141 182 30 100 71 20 106 183 103 155 186 147 189 88 126 182 74 205 149 41 269 170 14 98 236 169 197 239 176 207 142 180 235 213 98 44 185 171 127 127 82 153 106 133 135 159 127 172 93 124 105 103 145 175 102 236 210 115 190 142 97 38 135 277 194 155 228 195 77 256 216 151 169 225 177 135 152 224 106 158 206 75 134 242 224 221 96 140 144 187 146 208 212 58 137 97 162 63 209 176 203 88 234 189 176 198 207 37 162 265 84 144 150 252 169 234 106 42 180 75 201 151 129 205 110 246 181 134 54 208 253 65 235 87 273 216 42 179 199 41 42 150 84 196 285 137 201 202 208 117 179 63 263 206 152 150 79 276 222 240 88 128 56 79 176 189 97 131 52 147 161 44 134 196 174 264 113 157 147 60 33 225 179 126 59 195 119 183 86 152 41 214 189 213 37 192 180 258 99 185 85 45 112 207 212 162 136 85 47 255 166 176 208 205 145 259 123 76 148 75 72 38
 212 245 316 360 24 71 141 173 181 147 181 259 108 295 144 254 205 100 294 280 220 129 359 327 108 201 203 118 358 151 1 206 239 159 328 252 152 323 45 135 331 189 108 259 142 265 124 105 239 267 328 32 219 375 346 93 375 213 209 188 107 308 360 330 78 216 87 276 301 299 339 321 262 108 151 252 226 295 18 308 125 245 112 132 75 52 134 180 83 258 321 238 45 64 82 306 238 148 227 143 149 244 209 67 49 218 200 292 244 127 334 334 248 133 254 242 76 24 222 26 202 283 161 309 126 83 135 241 242 86 20 269 80 228 280 262 313 174 54 186 241 204 91 223 177 173 225 371 121 78 288 118 321 20 294 157 240 287 162 215 18 359 158 214 61 31 260 323 283 119 115 125 248 226 258 97 296 40 231 72 369 339 310 229 108 138 294 391 85 205 173 182 149 121 190 155 330 92 271 273 168 341 46 143 319 275 143 268 206 206 145 104 389 131 188 160 113 153 115 110 68 293 215 285 339 348 331 46 192 141 216 178 75 277 181 231 175 342 121 200 105 207 45 187 56 208 194 273 247 189 223 118 302 197 256 297 109 157 176 153 280 151 131 119 218 223 231 51 171 71 334 271 173 316 320 221 233 51 204 173 42 303 277 242 188 155 196 366 37 261 341 341 175 172 170 182 276 225 202 116
 109 291 259 221 207 151 73 205 146 188 307 105 227 107 145 127 81 205 112 82 61 98 157 235 290 97 54 101 242 82 206 1 219 257 171 57 188 121 237 268 127 230 222 284 95 78 151 104 314 203 135 237 43 296 265 200 255 163 32 48 133 124 255 131 165 153 221 215 212 192 225 282 103 100 88 83 230 189 202 214 90 119 151 95 139 223 97 234 211 198 214 90 194 251 126 123 212 120 350 161 73 61 317 198 253 320 134 266 200 260 284 134 89 125 115 240 153 184 119 216 173 113 108 139 123 194 88 43 43 130 194 233 178 317 275 78 112 222 156 58 191 357 217 226 309 276 60 176 230 174 210 243 179 195 95 304 144 83 287 31 189 162 222 301 146 204 63 119 168 221 287 82 189 22 220 138 267 220 280 135 250 163 197 274 282 118 89 289 159 218 119 332 156 255 178 54 155 150 267 193 209 136 161 259 196 153 63 277 334 108 312 109 306 294 89 260 213 55 96 230 148 115 365 101 135 195 130 184 259 67 344 287 177 187 150 358 303 287 96 201 133 132 216 270 160 202 41 185 224 92 64 274 206 345 61 171 154 137 93 304 232 207 76 204 45 258 51 221 109 256 137 282 47 114 117 340 137 249 7 39 165 126 279 90 91 164 80 293 209 237 136 220 224 262 89 145 183 73 14 113
 315 92 81 174 258 178 230 71 79 337 176 156 333 210 105 124 289 315 201 285 277 249 337 108 236 300 265 168 151 154 239 219 1 130 178 269 88 305 230 169 279 69 150 73 259 291 121 190 128 51 239 259 186 142 116 308 168 57 190 252 267 210 143 254 271 67 315 52 90 108 136 84 320 216 147 300 27 106 222 98 174 123 133 158 236 288 254 83 306 47 118 150 196 227 200 334 9 119 196 316 167 191 162 288 269 157 328 57 28 167 96 323 161 128 332 25 257 221 107 224 49 179 287 188 274 297 244 255 215 238 245 32 159 143 58 194 302 80 200 162 36 235 316 27 182 139 172 367 343 279 73 346 157 220 235 197 91 267 166 195 227 353 363 133 213 212 271 276 111 337 221 207 45 223 24 156 60 276 87 211 161 211 119 82 221 129 265 167 158 42 302 215 316 353 53 194 204 154 49 70 78 293 220 371 134 118 207 61 191 113 226 230 157 212 131 132 329 193 183 154 186 329 237 200 286 185 315 194 98 216 198 149 278 81 76 206 176 105 236 40 151 88 280 117 193 32 178 78 9 128 280 196 98 220 210 128 287 100 129 203 46 95 210 328 262 66 187 205 115 308 252 66 180 301 263 186 94 242 223 191 218 339 62 307 289 87 140 132 270 24 301 145 80 392 276 79 85 158 206 156
 320 92 205 298 182 134 228 70 132 295 55 244 266 297 114 220 301 256 290 337 301 235 405 237 114 305 285 164 279 175 159 257 130 1 290 312 74 369 131 42 358 61 53 113 249 333 107 175 81 177 330 166 241 266 243 248 296 146 239 269 235 303 272 341 222 156 246 180 217 230 263 197 349 200 170 332 106 227 142 225 175 214 109 164 197 209 241 47 240 170 244 228 119 120 169 379 134 139 94 283 185 259 62 223 170 68 321 168 150 44 214 385 241 132 351 118 212 152 189 136 126 271 276 288 250 238 235 298 274 205 174 158 99 72 146 270 363 54 149 205 154 113 249 104 59 21 236 429 279 227 200 276 273 144 312 69 190 329 39 246 155 415 313 57 169 129 318 352 226 276 96 202 164 271 153 129 172 197 79 174 289 316 242 79 98 140 331 295 114 89 292 90 287 278 109 210 308 118 139 193 62 371 166 301 255 227 213 128 80 182 98 208 281 84 183 5 270 209 176 51 143 370 118 285 365 302 379 124 40 219 89 31 224 202 128 102 53 224 222 99 131 164 203 29 140 106 223 199 136 182 304 72 223 98 277 243 248 126 173 74 174 54 208 274 291 80 250 111 158 218 342 130 211 364 342 84 187 139 259 219 161 380 138 331 292 100 195 255 195 145 375 271 52 330 275 133 205 226 246 149
