NAME : domp260p65v5
COMMENT : (Deleplanque et al.) 
TYPE : DOMP
DIMENSION : 260
DISPLAY_DATA_TYPE: NO_DISPLAY
OPEN_FACILITIES : 65
COST_SECTION
 1 250 211 312 247 36 31 187 319 229 67 260 234 122 286 195 113 316 186 235 109 164 274 64 107 54 126 204 274 183 54 155 326 226 212 222 286 203 149 161 296 78 232 303 194 295 156 212 354 83 43 85 244 198 316 268 150 250 321 189 302 71 174 124 224 322 391 149 267 165 161 166 285 56 24 114 201 111 178 38 333 207 153 229 282 152 191 117 282 82 223 341 157 336 294 216 102 212 153 164 290 248 286 217 86 213 83 182 232 37 150 100 112 226 132 135 125 182 349 243 162 183 302 248 220 345 126 325 166 64 195 140 60 210 124 115 242 358 57 40 177 173 67 318 98 347 17 145 235 301 115 236 173 294 246 152 157 145 160 309 39 68 300 184 50 130 43 158 220 108 169 96 199 120 150 111 294 286 129 67 160 96 271 114 48 237 188 135 356 239 60 298 386 213 79 67 42 103 154 150 164 119 163 281 281 169 150 276 132 235 183 190 162 338 349 127 140 31 113 240 181 329 267 227 156 325 69 113 152 95 205 159 26 35 95 190 304 33 48 210 57 220 84 244 167 265 278 292 175 73 158 148 144 306 77 291 76 301 236 83
 250 1 110 144 256 276 280 121 295 277 185 326 110 360 45 374 362 402 197 288 333 326 206 290 349 265 164 74 305 151 198 394 203 76 333 370 366 123 256 91 312 324 114 170 208 201 366 158 193 248 244 238 43 236 92 383 197 272 181 217 241 180 93 149 195 224 195 208 256 225 174 213 102 281 249 363 109 152 282 268 187 150 367 43 58 340 167 145 312 170 124 217 114 194 392 173 349 76 156 389 341 235 353 361 282 335 241 240 178 241 158 217 201 261 233 346 143 155 186 294 105 155 223 120 224 387 180 125 223 232 75 113 259 213 174 180 218 169 294 217 369 118 189 392 271 131 265 119 212 65 308 82 177 107 82 401 404 106 131 180 229 317 154 150 204 126 217 233 96 143 110 199 130 141 272 158 270 137 244 207 251 171 311 362 229 84 101 243 162 362 225 333 194 279 270 312 278 149 402 113 100 317 331 358 153 184 374 238 184 196 126 310 139 368 172 126 179 260 172 324 89 221 258 291 390 230 194 215 100 176 130 223 275 271 184 278 286 222 280 314 203 209 218 91 138 41 65 84 315 274 374 322 109 261 183 240 283 258 380 187
 211 110 1 249 318 244 238 25 372 327 157 375 24 332 152 381 312 449 91 337 313 336 288 228 316 246 185 41 364 205 167 365 301 36 361 390 413 15 280 102 377 271 197 269 259 291 356 49 298 175 223 237 142 284 201 417 231 331 282 265 325 153 137 165 261 317 304 112 325 261 215 111 207 257 199 312 11 102 311 214 290 41 355 68 167 340 60 97 372 138 20 317 148 296 433 64 294 151 68 371 396 302 403 382 272 363 168 280 250 218 194 140 215 314 254 335 157 51 291 345 140 209 311 209 283 448 99 234 260 167 49 118 244 270 96 196 286 277 265 191 369 39 146 442 269 240 227 73 279 173 303 38 75 213 177 356 365 102 52 278 178 274 254 205 179 93 193 264 175 121 47 128 194 147 292 101 344 236 262 149 280 116 368 309 173 174 159 263 271 391 165 393 303 322 199 276 223 134 360 71 61 310 339 405 248 227 356 314 98 266 31 336 52 432 279 99 90 208 185 366 49 317 327 337 365 323 143 229 109 177 198 257 234 219 187 313 360 179 253 347 155 271 148 183 183 149 173 192 334 261 361 327 93 342 170 321 215 338 402 183
 312 144 249 1 180 324 339 254 186 216 252 258 252 390 114 359 418 328 328 225 356 313 104 368 386 301 189 209 223 137 264 422 67 218 294 338 296 260 241 180 221 388 81 41 166 84 373 296 51 343 286 259 108 190 77 329 188 197 41 178 127 249 148 189 132 95 81 329 168 200 165 337 43 318 320 420 245 251 252 342 45 288 377 184 91 339 301 245 227 247 265 78 159 51 325 311 412 112 278 404 260 155 278 329 303 296 337 204 111 287 167 321 216 199 228 359 189 286 44 228 157 138 106 65 163 293 293 41 198 321 205 189 292 159 285 203 141 48 336 273 363 245 270 313 284 67 322 229 140 101 319 224 306 39 77 447 442 195 254 48 307 371 25 135 264 224 270 212 96 224 233 301 115 196 257 259 168 29 240 296 229 268 233 422 311 83 127 236 49 316 313 245 76 228 361 358 350 221 445 224 216 327 320 288 44 165 390 140 300 125 257 278 263 272 38 220 297 333 202 267 214 88 170 234 413 101 280 225 183 218 110 203 334 342 220 240 182 293 322 271 284 148 316 75 147 105 81 65 293 302 383 317 205 151 236 133 369 149 343 230
 247 256 318 180 1 238 262 308 73 41 219 79 333 270 254 200 323 152 363 48 234 162 79 310 274 208 148 281 50 113 223 295 140 302 124 168 118 322 109 217 60 308 145 144 62 104 231 354 189 315 207 165 217 50 242 150 104 18 155 62 78 219 183 165 62 117 245 343 24 83 108 358 192 222 266 326 309 257 98 284 165 345 237 275 232 195 346 255 57 228 337 147 171 162 147 366 326 182 308 266 87 26 101 159 192 125 311 67 81 212 129 310 140 29 117 225 172 331 188 49 179 110 93 146 36 133 304 217 82 290 271 205 198 49 297 147 42 220 240 215 211 293 245 139 170 245 249 259 45 253 191 313 340 196 181 336 324 220 292 141 265 281 156 114 215 242 211 91 161 222 279 293 129 184 118 265 50 158 123 272 95 264 57 331 273 176 163 117 223 141 281 78 238 59 321 261 288 209 331 258 261 197 170 110 138 96 254 49 313 62 309 116 301 116 202 235 315 277 155 89 271 129 23 59 282 115 258 136 211 174 128 89 259 281 167 81 58 248 230 101 254 49 298 172 136 232 221 218 137 198 242 173 231 68 195 65 321 64 170 180
 36 276 244 324 238 1 27 221 310 215 93 241 267 89 308 162 95 291 222 219 73 134 275 80 75 31 136 235 259 190 81 123 330 258 186 192 263 237 133 186 282 72 244 311 190 297 121 247 363 115 38 75 265 189 335 241 149 238 329 183 300 98 194 139 224 324 403 184 259 157 164 201 300 23 57 98 234 143 159 61 341 242 118 258 302 119 227 149 267 111 257 345 175 342 268 251 92 230 188 129 272 243 265 188 58 188 116 172 235 38 158 135 112 214 122 99 142 217 358 227 181 190 302 260 215 325 161 340 159 99 225 163 41 206 159 121 238 370 22 60 143 206 99 295 75 364 23 176 232 322 83 268 209 309 262 128 129 171 194 315 74 49 309 192 72 160 60 148 234 136 201 131 209 139 131 144 286 296 116 103 146 130 255 100 83 254 204 122 369 212 95 281 398 197 106 37 60 127 128 181 195 87 133 258 290 170 115 272 168 234 217 166 196 319 360 156 175 58 123 219 212 332 259 210 122 326 103 109 176 109 215 152 26 55 105 173 295 67 14 188 91 217 119 259 177 287 298 310 149 47 123 118 171 300 95 288 98 295 206 96
 31 280 238 339 262 27 1 215 334 241 97 267 261 97 315 185 83 317 207 245 91 160 296 54 80 57 152 233 285 207 84 129 349 255 212 216 289 230 159 191 307 51 258 328 212 317 140 236 380 94 58 98 274 214 345 266 170 263 346 207 322 101 203 152 245 344 418 168 283 181 184 184 313 49 41 85 229 139 185 38 358 232 136 259 311 142 215 146 293 112 250 364 186 361 294 239 74 241 178 142 298 266 292 213 84 214 96 196 255 54 175 118 133 239 146 119 153 207 375 253 191 208 323 275 238 351 149 353 182 82 224 169 66 228 149 139 261 385 40 68 164 201 96 321 101 376 17 174 254 331 108 265 196 322 274 122 128 175 188 333 62 38 326 209 79 160 70 172 247 138 197 119 225 149 157 138 310 312 141 92 171 124 281 85 69 266 216 147 383 238 80 307 413 223 82 40 34 132 124 179 194 110 157 284 307 190 130 295 155 256 210 192 189 346 376 157 163 38 139 245 210 352 283 236 131 347 97 131 182 122 231 175 6 32 120 199 319 62 39 214 85 239 104 272 193 295 308 321 175 73 140 143 174 324 105 310 73 319 230 109
 187 121 25 254 308 221 215 1 366 315 136 362 48 308 165 360 288 435 77 325 291 317 284 204 293 224 170 48 353 197 145 342 303 54 344 371 399 17 263 93 368 246 195 270 249 289 334 47 304 150 201 217 148 272 212 401 217 320 284 253 321 132 130 151 253 317 314 91 317 247 203 93 212 235 175 288 17 80 295 189 293 38 333 80 177 319 48 75 362 117 37 318 138 299 418 61 270 150 44 348 384 294 391 364 251 346 144 267 245 195 182 116 199 302 237 313 143 35 297 333 131 200 308 209 273 437 75 243 246 143 50 105 222 260 71 180 278 285 242 169 348 18 123 429 249 251 203 55 272 185 282 59 57 219 179 332 341 89 28 279 154 250 257 196 157 74 171 250 174 102 30 103 188 132 275 78 338 239 244 125 265 92 357 285 149 176 154 246 280 375 140 382 312 309 175 253 199 116 336 53 49 289 320 391 249 216 334 308 75 260 7 319 28 422 286 81 67 183 169 351 42 317 318 323 342 322 119 212 98 159 192 243 210 194 169 298 353 155 230 331 131 262 123 185 174 158 182 201 316 240 339 307 79 337 151 316 191 332 384 164
 319 295 372 186 73 310 334 366 1 101 288 110 385 337 283 255 393 158 425 102 302 224 91 382 343 280 215 334 69 171 293 360 127 352 176 216 135 378 180 274 51 380 183 147 130 104 293 412 176 386 279 237 254 122 259 180 174 74 151 132 60 287 237 230 114 97 232 409 54 155 174 423 212 293 338 397 365 322 163 356 156 403 300 322 260 258 407 319 66 296 391 126 229 151 164 425 397 227 370 328 94 76 115 208 262 176 382 139 123 284 193 379 211 98 189 290 236 391 177 97 236 168 82 177 102 110 370 226 154 361 324 266 270 115 362 216 89 214 311 287 270 351 314 140 241 252 321 320 96 277 259 362 403 214 215 404 390 280 353 140 336 352 164 171 285 304 282 163 203 287 338 361 179 248 187 331 29 173 195 342 166 331 79 402 344 213 214 189 220 182 352 74 225 122 392 332 360 275 398 318 318 264 231 129 153 162 318 59 378 107 367 175 362 88 196 298 379 349 223 131 326 108 54 114 346 92 327 207 269 243 176 161 331 353 237 147 16 319 302 156 324 109 367 206 195 265 248 240 198 269 305 237 291 37 264 57 393 39 214 249
 229 277 327 216 41 215 241 315 101 1 212 50 344 238 280 161 294 126 363 11 203 125 117 291 244 185 148 293 45 128 213 260 179 316 84 128 90 330 83 226 67 284 171 181 71 143 194 360 228 303 188 146 240 44 273 114 100 29 194 63 118 212 196 167 89 157 284 339 62 72 113 355 223 197 250 298 318 256 63 267 204 351 201 292 260 159 349 255 54 224 346 187 181 201 116 371 300 203 309 230 70 63 78 120 165 86 300 52 110 194 134 302 130 18 99 190 174 334 226 19 190 124 132 175 56 124 302 252 72 279 283 211 175 66 295 142 76 257 214 202 173 299 238 117 143 280 229 263 76 281 159 327 341 228 207 304 290 227 297 179 252 255 192 129 203 245 197 75 184 222 286 286 149 186 88 264 84 192 101 263 71 260 44 304 261 201 179 96 260 102 270 72 277 22 306 235 269 208 298 263 268 164 133 82 173 101 219 89 310 93 315 78 305 112 240 238 313 259 152 52 280 168 60 19 247 155 250 122 219 168 149 78 238 263 160 47 87 235 206 62 245 72 289 199 147 257 249 248 100 172 206 137 237 105 187 104 304 102 131 171
 67 185 157 252 219 93 97 136 288 212 1 252 180 180 220 226 179 318 158 219 158 185 229 117 167 90 77 143 255 132 14 215 274 167 219 241 284 152 142 95 274 142 172 248 159 246 200 170 297 100 67 85 179 173 251 277 116 226 266 158 261 5 110 67 182 275 330 130 236 141 118 146 222 102 70 180 147 58 175 91 278 163 199 165 216 185 153 61 264 20 172 289 95 281 299 177 167 148 111 216 279 214 280 234 116 221 95 161 185 62 101 92 83 203 118 179 66 141 291 228 98 134 257 190 187 334 94 262 141 75 133 74 88 175 89 73 204 297 113 35 213 120 27 316 116 283 82 86 196 235 147 177 139 231 183 217 221 80 110 255 56 134 243 133 23 68 37 138 158 43 112 76 143 57 150 62 261 227 121 54 148 53 255 180 61 175 126 125 294 249 66 282 326 199 112 129 100 37 219 90 103 154 187 277 226 128 201 239 103 192 133 195 114 323 289 64 107 82 67 236 121 280 236 214 213 278 40 92 86 47 149 135 92 92 53 182 274 42 100 210 37 182 80 182 112 200 213 228 187 105 205 173 79 269 26 252 118 264 254 41
 260 326 375 258 79 241 267 362 110 50 252 1 392 246 328 149 310 77 406 39 213 127 156 319 255 211 193 341 43 177 251 263 214 364 71 107 42 376 113 274 61 306 219 221 120 180 194 405 264 338 218 177 289 92 319 75 146 62 232 112 147 252 245 212 136 188 321 380 93 116 161 397 269 220 282 314 365 299 83 296 241 397 201 340 308 160 394 299 45 265 393 219 229 237 69 416 319 251 353 228 32 104 30 101 186 71 336 96 156 225 182 341 170 66 135 195 220 379 264 33 238 173 165 222 104 86 343 295 116 314 330 258 203 115 337 186 119 297 236 237 167 345 277 68 166 323 257 309 122 328 172 375 385 273 255 312 296 274 342 218 287 276 234 178 240 290 233 115 232 266 333 326 198 231 111 307 106 236 134 301 105 302 32 320 296 250 228 129 301 73 306 47 314 54 338 254 297 252 305 309 315 175 134 33 216 149 220 122 352 139 361 80 350 80 279 283 356 290 195 26 327 200 91 39 249 185 289 161 266 210 197 121 265 292 202 72 100 270 230 57 283 120 326 247 195 306 297 295 102 195 205 143 284 129 228 135 334 126 105 212
 234 110 24 252 333 267 261 48 385 344 180 392 1 355 149 402 335 467 104 354 336 358 299 251 340 269 204 53 380 220 190 388 308 36 381 411 431 34 300 119 392 293 206 275 276 300 379 56 301 196 246 258 146 301 198 437 249 346 287 282 335 176 151 184 275 325 302 130 339 280 232 127 209 280 222 335 34 125 331 236 294 51 378 69 166 362 74 120 388 161 20 322 165 300 452 70 317 160 89 394 413 316 421 403 295 383 189 298 263 240 212 161 236 330 274 357 176 68 294 362 155 224 321 217 298 464 121 234 278 190 63 137 267 285 118 215 300 277 288 213 391 62 169 460 291 237 250 95 293 169 325 29 92 215 183 379 388 121 75 284 201 297 259 220 202 115 216 283 185 142 69 150 207 167 313 124 357 241 282 172 300 139 384 332 196 181 172 283 270 411 187 409 302 340 220 300 246 156 383 92 82 332 361 423 255 244 379 327 119 279 53 356 75 448 280 121 111 231 205 384 67 324 340 354 388 331 166 249 127 198 210 276 257 241 208 332 373 202 276 366 178 285 170 190 199 149 174 192 354 284 384 349 113 353 192 332 237 349 423 204
 122 360 332 390 270 89 97 308 337 238 180 246 355 1 390 119 74 275 303 237 37 120 324 135 20 96 208 322 276 255 168 36 385 345 178 162 255 324 164 270 299 94 313 371 237 349 63 332 424 187 117 133 345 227 412 219 205 265 388 228 342 184 273 216 275 373 470 264 293 201 226 280 373 80 137 78 322 231 175 131 401 328 56 344 381 88 311 236 283 198 344 398 253 401 251 335 91 307 273 49 276 282 264 163 88 179 190 208 290 120 226 214 176 243 167 53 221 303 420 244 261 254 349 328 256 323 245 412 203 178 312 247 103 251 245 192 283 438 68 146 95 294 187 284 108 438 106 264 278 402 80 355 292 381 337 68 55 257 281 374 158 69 373 257 158 247 145 189 308 222 289 215 278 220 153 231 319 363 156 188 178 217 269 86 165 328 280 162 437 194 176 291 464 217 171 58 124 213 62 268 282 74 114 253 352 227 41 312 251 285 304 167 283 324 425 243 259 133 196 221 299 383 292 226 35 374 190 167 261 187 283 196 101 125 180 192 323 154 81 190 178 263 200 333 248 367 375 386 145 90 57 104 258 337 178 329 156 332 175 175
 286 45 152 114 254 308 315 165 283 280 220 328 149 390 1 393 397 404 240 291 361 345 193 329 380 295 186 118 302 161 233 424 178 117 344 384 369 165 272 126 307 361 110 147 214 183 390 200 159 289 274 263 46 243 50 391 212 271 154 225 226 215 117 175 194 203 154 252 251 237 188 256 75 311 286 399 152 193 295 306 158 193 393 86 25 362 210 186 309 207 165 191 138 165 396 215 386 87 200 416 340 231 354 375 309 346 282 249 174 272 176 259 223 264 251 372 170 198 152 296 130 164 206 109 226 382 223 88 235 272 119 147 288 216 216 203 214 130 326 250 390 162 227 392 295 89 300 161 210 21 333 121 221 77 74 435 436 143 175 156 268 352 129 159 238 165 249 246 99 180 153 241 136 171 289 199 260 114 263 247 265 212 310 398 268 80 116 261 123 372 265 329 154 285 311 345 315 184 435 155 142 341 351 361 133 195 401 229 227 193 170 323 182 362 136 165 222 298 196 330 133 198 252 296 419 209 233 236 135 204 134 236 310 309 211 288 276 259 312 324 241 210 260 83 154 25 37 50 331 302 399 343 147 248 214 228 323 245 393 216
 195 374 381 359 200 162 185 360 255 161 226 149 402 119 393 1 192 160 378 156 99 50 271 235 135 144 212 359 187 236 219 124 335 384 80 47 146 377 123 295 209 204 295 331 194 298 57 395 381 276 165 145 348 172 401 104 183 188 346 183 277 230 282 228 230 315 434 342 222 162 207 359 355 141 217 196 370 283 109 222 357 389 65 372 378 45 377 287 192 245 397 344 261 355 136 402 208 307 336 86 176 220 159 51 113 80 277 157 250 171 219 294 175 173 143 71 235 366 379 160 271 233 290 306 201 215 314 390 164 259 348 273 142 202 311 196 227 405 146 196 25 344 245 172 112 418 184 308 225 400 82 395 362 362 327 179 159 287 335 330 232 174 338 238 206 289 193 151 298 261 335 287 261 241 106 287 243 333 132 258 132 276 177 203 242 319 278 133 407 83 254 194 428 142 266 154 218 248 171 311 322 77 44 146 317 202 83 248 322 238 358 85 340 220 389 283 328 220 205 125 339 326 220 144 109 314 253 161 285 207 265 161 186 215 198 123 243 221 150 101 243 214 278 320 240 369 370 375 67 126 66 55 292 265 211 264 256 261 58 200
 113 362 312 418 323 95 83 288 393 294 179 310 335 74 397 192 1 345 265 296 99 187 367 88 58 120 230 311 336 284 166 85 424 332 245 234 323 302 215 272 359 43 338 405 280 390 136 302 457 146 133 166 356 276 427 290 241 320 423 273 389 183 285 232 316 416 498 225 345 246 258 239 394 104 116 5 303 217 233 99 435 299 129 338 393 158 280 223 343 193 321 438 267 436 321 302 23 322 248 118 341 331 331 234 132 246 151 257 328 132 252 179 206 297 210 124 234 275 452 304 273 284 393 354 303 390 217 434 247 146 303 251 131 296 218 216 328 465 86 150 168 275 175 353 154 457 99 252 322 413 139 341 259 402 355 47 63 257 261 409 136 48 404 286 161 239 151 235 328 220 274 186 303 230 208 214 372 391 202 164 229 200 330 13 140 347 297 208 463 264 148 354 493 275 124 63 90 214 54 257 272 136 182 321 384 263 113 361 220 326 283 231 261 389 454 237 229 106 217 286 288 424 344 285 97 417 173 201 263 202 309 240 88 95 199 249 378 141 98 254 162 307 167 353 271 377 389 403 209 127 130 170 254 388 186 377 107 383 247 189
 316 402 449 328 152 291 317 435 158 126 318 77 467 275 404 160 345 1 475 116 248 161 225 370 289 264 266 416 106 253 316 283 278 439 106 114 37 450 177 349 112 349 295 290 196 247 215 477 329 397 276 238 365 168 393 57 219 135 299 187 209 319 320 285 212 250 385 447 161 189 236 463 343 269 339 350 439 369 144 350 306 469 223 416 383 189 465 369 102 333 467 280 304 302 25 488 358 328 424 245 69 177 52 113 234 104 396 170 231 283 256 404 240 142 202 223 293 451 329 109 314 249 229 297 180 66 411 366 190 375 405 332 257 191 405 257 193 364 282 299 183 418 343 20 219 394 310 381 196 403 213 451 454 347 331 338 318 347 414 285 347 318 304 254 304 362 295 186 308 337 406 391 274 304 170 376 165 308 198 365 172 369 96 356 357 325 304 194 368 82 367 87 378 128 394 297 350 323 330 382 389 213 165 45 288 224 241 189 420 213 434 128 421 82 346 355 424 345 267 84 401 262 159 114 268 246 354 228 341 280 274 193 316 345 271 138 154 331 279 109 347 196 389 322 271 381 372 369 144 246 224 179 357 187 295 199 388 186 103 280
 186 197 91 328 363 222 207 77 425 363 158 406 104 303 240 378 265 475 1 371 294 340 349 178 285 234 217 124 404 256 163 333 374 126 377 397 440 77 299 157 421 224 265 342 301 357 342 50 378 120 214 242 223 321 288 435 264 372 357 304 385 157 195 199 313 385 390 41 375 292 255 29 287 240 167 264 90 108 332 173 366 54 339 155 253 334 32 109 413 142 85 390 198 372 456 42 244 221 56 348 432 351 435 391 265 379 115 312 307 207 234 90 237 352 274 320 192 43 371 380 193 259 375 280 328 486 65 318 292 126 125 161 236 315 70 222 337 361 242 184 361 84 136 472 270 327 201 108 330 261 296 127 24 294 253 311 325 148 77 351 149 237 330 256 175 122 187 292 244 142 96 92 252 180 308 100 397 311 278 121 304 107 406 259 140 248 220 282 355 407 128 433 388 353 142 246 181 155 317 110 114 302 341 433 320 268 335 370 57 320 72 352 67 473 361 129 52 171 212 392 115 387 375 368 337 391 126 248 159 197 257 287 204 180 206 338 412 158 233 367 136 319 104 257 232 234 257 276 344 253 344 327 136 399 181 379 159 395 411 196
 235 288 337 225 48 219 245 325 102 11 219 39 354 237 291 156 296 116 371 1 203 123 125 296 244 189 157 303 41 138 220 259 187 326 78 122 80 339 87 236 64 287 182 190 81 151 192 369 236 309 193 151 251 54 283 105 109 34 202 73 124 219 206 176 99 164 292 347 68 80 123 363 233 200 256 300 328 264 64 272 212 360 199 302 270 157 358 264 49 232 356 194 191 209 106 380 302 213 318 227 61 72 68 113 167 79 306 60 120 199 144 310 137 28 105 189 183 343 235 10 200 135 139 186 66 116 310 261 81 285 293 221 179 76 303 151 85 266 217 208 170 308 245 106 146 290 233 273 86 291 159 337 350 238 218 304 290 236 306 187 258 258 201 140 210 254 204 82 194 231 296 294 159 195 90 272 88 202 106 270 76 268 38 305 267 212 190 101 269 94 277 65 285 23 312 237 274 217 298 273 278 164 130 72 183 111 217 96 318 103 324 75 314 105 249 247 321 265 160 43 290 175 66 13 245 162 257 129 229 176 159 86 242 267 168 48 89 241 209 56 252 83 296 209 157 268 260 259 97 175 204 136 247 110 195 111 309 106 124 179
 109 333 313 356 234 73 91 291 302 203 158 213 336 37 361 99 99 248 294 203 1 89 289 138 43 70 177 300 242 221 147 67 350 324 147 138 226 307 128 245 265 106 280 336 202 314 50 319 389 184 92 100 316 191 380 193 170 229 353 192 306 162 244 187 239 337 436 256 257 165 192 273 340 57 128 103 303 212 140 128 366 313 46 320 351 60 299 217 249 177 327 362 223 366 224 323 111 277 259 59 244 246 233 137 54 149 186 172 255 97 193 206 143 207 131 30 192 289 385 210 232 220 314 295 220 292 233 379 167 170 289 221 74 215 231 160 247 404 53 124 77 275 169 255 73 405 94 243 242 372 45 334 281 348 305 103 91 232 264 339 146 76 338 223 136 225 122 153 276 199 269 203 244 193 117 214 283 329 121 175 142 201 235 110 155 296 249 126 404 166 166 258 430 182 171 56 123 188 97 247 261 40 84 223 318 193 44 277 240 249 287 134 267 292 391 221 247 127 166 189 278 347 256 191 60 338 174 133 235 158 250 161 93 121 151 157 288 139 62 157 163 227 191 300 215 338 345 355 112 59 51 72 234 301 152 293 159 297 151 146
 164 326 336 313 162 134 160 317 224 125 185 127 358 120 345 50 187 161 340 123 89 1 229 213 131 111 164 313 159 188 178 138 292 338 59 59 137 333 75 248 182 189 247 286 148 255 70 354 338 246 128 101 300 128 353 108 134 153 301 137 238 188 234 181 185 275 389 306 185 114 159 323 307 112 186 191 326 241 66 195 313 347 77 325 330 35 337 244 165 203 353 303 213 312 137 361 199 258 295 106 157 179 145 54 79 60 246 111 204 135 170 259 127 134 95 69 188 324 334 128 223 185 250 258 158 204 275 343 117 226 302 226 106 158 271 148 185 359 123 157 52 300 205 168 71 371 155 264 182 352 53 349 322 314 278 187 170 240 292 286 198 158 292 190 166 245 153 103 249 217 291 250 213 194 58 246 208 286 83 222 85 236 151 198 208 270 230 85 361 80 220 172 383 105 239 137 193 203 180 267 277 53 9 134 271 154 96 209 283 194 315 49 297 204 344 238 289 191 158 102 293 285 183 111 124 274 215 113 238 161 217 113 159 189 151 82 210 185 122 71 205 169 244 272 192 321 321 327 26 92 82 19 246 229 167 225 231 225 73 155
 274 206 288 104 79 275 296 284 91 117 229 156 299 324 193 271 367 225 349 125 289 229 1 337 325 247 153 248 120 99 237 353 65 265 199 243 193 295 163 194 118 345 94 66 88 28 294 330 112 328 239 202 164 102 172 228 127 95 78 98 38 227 156 164 52 50 168 338 65 125 115 350 123 263 289 370 281 251 164 310 88 321 300 234 170 259 327 247 124 232 307 75 153 86 223 344 366 139 295 329 157 54 175 234 240 200 323 120 45 242 129 315 164 102 159 285 168 312 111 127 158 97 29 87 72 192 299 143 123 303 240 190 237 74 291 161 45 142 282 237 279 271 253 210 218 170 280 242 48 188 247 275 326 126 125 387 378 202 274 63 282 322 80 98 232 229 233 136 115 217 257 295 98 180 176 260 68 86 169 281 149 263 130 373 289 123 131 164 146 218 294 143 161 132 339 304 315 208 384 240 238 254 236 186 65 107 315 38 307 41 286 187 284 171 125 223 307 301 165 167 243 59 67 135 342 52 265 167 191 185 93 129 292 308 182 149 84 266 270 176 265 62 305 116 122 174 158 151 206 242 306 236 214 57 207 36 343 54 247 195
 64 290 228 368 310 80 54 204 382 291 117 319 251 135 329 235 88 370 178 296 138 213 337 1 115 109 186 233 335 243 106 161 386 251 265 269 342 218 209 204 357 47 288 363 257 356 187 216 412 59 104 147 291 261 364 319 213 312 380 252 365 121 225 182 287 384 446 138 330 228 223 152 338 102 49 87 220 140 237 28 392 213 182 262 329 193 193 147 344 125 236 401 211 395 348 215 68 263 163 183 350 311 344 265 137 267 64 245 294 99 211 92 175 288 195 167 181 189 406 304 214 244 365 305 283 403 131 378 229 62 225 186 118 273 134 176 305 413 91 101 214 193 103 374 154 398 63 175 298 346 161 260 172 347 298 134 148 188 179 368 63 67 358 245 107 165 104 220 274 151 194 102 257 173 209 135 357 343 191 85 221 121 332 83 63 290 242 197 410 291 67 359 442 274 38 83 23 151 140 180 195 162 210 337 340 231 172 339 134 297 199 245 177 398 405 165 143 37 174 298 210 391 330 287 167 387 97 176 197 155 263 222 55 30 156 250 367 76 92 267 89 282 82 298 225 311 327 342 228 126 185 196 183 369 134 354 22 364 283 143
 107 349 316 386 274 75 80 293 343 244 167 255 340 20 380 135 58 289 285 244 43 131 325 115 1 88 202 309 283 251 155 50 385 331 189 177 267 309 167 259 307 75 308 369 238 349 80 316 422 169 107 128 337 229 404 233 203 270 387 229 344 172 265 208 275 374 466 246 297 202 223 261 367 71 120 62 307 216 181 113 399 311 73 332 373 101 294 222 291 185 328 398 245 400 264 318 74 300 257 69 286 285 275 177 86 190 172 210 289 109 221 196 171 247 167 67 212 286 417 251 252 250 351 324 258 334 228 407 203 160 299 237 96 252 228 186 284 434 56 134 111 279 172 297 108 432 90 250 279 394 86 341 275 375 330 63 57 245 266 372 141 50 370 253 146 234 133 190 301 210 274 198 273 211 158 216 323 359 157 171 181 202 277 69 148 322 273 163 433 207 159 300 461 223 151 41 105 201 60 254 269 82 125 264 350 225 60 315 234 285 289 176 267 334 422 230 242 115 189 231 286 383 296 233 53 375 174 163 250 178 278 197 84 107 173 198 329 139 70 199 163 264 182 326 242 358 368 379 154 86 75 114 245 341 167 332 137 336 190 166
 54 265 246 301 208 31 57 224 280 185 90 211 269 96 295 144 120 264 234 189 70 111 247 109 88 1 115 232 229 166 80 130 304 255 159 169 235 240 103 176 252 101 222 286 162 270 111 255 339 136 24 46 251 160 318 215 122 208 304 155 271 94 179 122 196 296 381 199 230 128 139 216 280 18 77 124 236 145 130 87 316 249 110 251 287 101 236 150 237 109 260 318 158 317 242 260 120 213 195 128 242 213 237 164 33 161 136 142 208 29 135 151 87 184 93 90 126 225 334 197 166 166 274 238 186 296 171 320 130 117 221 153 11 177 168 99 210 348 36 56 128 208 103 267 46 345 47 175 204 308 63 266 219 289 244 147 144 164 197 290 89 75 286 168 68 157 54 119 215 131 201 144 187 126 101 148 257 274 86 115 116 135 225 127 99 235 186 92 348 186 111 252 376 167 131 58 87 120 145 179 192 69 110 230 266 143 112 243 179 207 220 138 201 290 337 152 185 82 103 190 209 305 229 180 126 298 111 81 167 92 193 123 55 82 86 143 265 78 23 159 100 188 135 240 156 273 281 293 122 20 116 95 166 271 84 259 125 266 183 80
 126 164 185 189 148 136 152 170 215 148 77 193 204 208 186 212 230 266 217 157 177 164 153 186 202 115 1 155 188 58 84 242 201 179 179 212 230 185 98 87 205 201 109 178 86 171 205 213 229 176 99 78 141 105 205 234 48 157 196 88 185 75 72 20 106 200 268 196 162 78 42 211 166 132 138 233 175 110 129 159 208 205 207 162 175 178 203 109 197 83 203 216 50 210 250 224 225 101 163 231 217 140 222 203 124 181 171 98 110 100 26 166 38 136 73 187 28 188 224 165 60 59 182 125 114 271 158 206 77 151 144 68 107 101 150 18 128 235 150 87 207 153 102 260 110 231 135 117 121 197 147 190 195 175 130 261 258 83 150 183 130 183 175 59 81 99 84 81 101 76 141 147 74 39 113 119 187 162 83 130 97 117 190 235 136 121 73 83 234 209 142 217 263 140 187 171 166 63 260 118 124 156 169 222 156 54 216 163 166 116 169 154 158 257 225 92 168 151 14 182 138 206 163 155 235 203 114 52 78 33 80 74 147 159 32 129 200 114 135 163 113 107 155 126 42 163 169 179 156 119 214 159 93 193 54 176 191 188 223 44
 204 74 41 209 281 235 233 48 334 293 143 341 53 322 118 359 311 416 124 303 300 313 248 233 309 232 155 1 328 169 155 357 261 25 332 364 380 51 252 69 341 271 157 228 224 251 340 88 259 184 209 215 102 250 165 388 199 295 241 231 285 139 99 136 223 277 267 136 288 230 181 139 167 245 197 312 37 96 283 214 250 80 340 34 130 320 94 89 336 125 60 276 114 255 402 103 296 111 85 358 362 264 370 356 255 335 177 248 212 204 161 151 189 279 226 319 128 81 252 311 104 172 271 169 247 413 112 196 228 172 12 89 228 234 106 168 248 239 255 178 349 46 139 409 249 204 220 60 242 138 284 37 104 173 136 354 360 74 60 237 176 270 214 168 165 76 179 234 135 102 41 135 156 120 266 99 306 196 235 149 251 113 333 310 173 134 121 236 233 363 167 357 266 290 207 269 224 114 357 55 41 292 317 372 207 193 343 275 114 228 53 308 67 396 240 80 108 207 158 334 24 276 289 304 355 283 139 203 78 153 159 226 229 218 163 282 322 173 242 317 150 234 155 142 148 111 135 154 308 245 346 305 68 303 151 281 222 298 376 161
 274 305 364 223 50 259 285 353 69 45 255 43 380 276 302 187 336 106 404 41 242 159 120 335 283 229 188 328 1 160 257 296 175 349 108 148 75 367 127 263 24 327 194 185 106 143 228 398 226 347 232 190 266 84 288 115 142 35 194 101 107 255 230 207 111 148 282 382 56 115 151 398 238 240 294 340 355 297 103 311 203 390 235 324 280 193 389 296 10 266 383 179 217 199 105 410 342 231 350 263 39 73 56 140 207 108 344 96 129 238 172 346 173 53 143 226 214 374 225 33 225 157 126 194 83 85 344 261 115 323 318 249 219 96 337 185 90 260 257 246 203 337 281 91 186 289 273 303 94 300 199 361 382 242 229 343 328 265 336 181 296 298 199 161 247 285 242 119 209 263 324 330 177 226 130 306 65 203 146 307 115 303 12 345 305 225 211 140 264 114 314 30 275 63 351 277 313 250 336 302 306 203 166 68 183 138 254 84 352 111 353 110 344 70 242 278 355 304 194 63 316 160 54 51 282 145 294 166 256 211 176 121 282 307 203 88 59 279 249 89 289 97 333 221 182 281 269 265 134 215 239 173 276 87 230 95 349 85 146 215
 183 151 205 137 113 190 207 197 171 128 132 177 220 255 161 236 284 253 256 138 221 188 99 243 251 166 58 169 160 1 140 287 144 190 184 224 217 210 114 105 173 257 61 122 58 115 241 243 174 230 152 123 117 86 167 233 55 127 140 67 133 129 71 66 58 144 217 241 121 77 31 255 122 183 195 287 197 154 135 216 152 234 245 165 144 209 237 151 169 134 225 160 60 154 241 256 280 77 201 271 195 98 205 215 168 186 225 90 55 154 33 217 80 113 96 225 70 221 169 145 67 5 127 75 79 245 202 160 75 206 159 96 156 66 194 69 83 184 201 144 236 182 155 243 149 187 191 150 76 166 185 201 233 129 92 311 306 110 183 127 186 237 121 3 137 135 141 87 63 120 168 197 27 82 131 163 143 109 108 183 106 165 166 289 192 84 52 105 184 212 197 189 211 128 243 223 223 110 309 148 149 193 194 209 101 35 256 115 210 66 198 163 192 228 172 128 211 207 70 174 158 149 123 141 279 147 167 89 100 89 31 77 203 215 88 129 158 170 187 164 168 66 207 85 25 137 135 140 172 166 251 188 121 145 111 125 248 140 233 101
 54 198 167 264 223 81 84 145 293 213 14 251 190 168 233 219 166 316 163 220 147 178 237 106 155 80 84 155 257 140 1 202 283 178 215 235 283 162 140 108 277 130 183 258 164 255 190 178 308 94 57 81 192 176 263 274 120 229 276 162 268 18 122 77 189 283 342 132 240 143 124 149 234 91 58 167 157 67 173 79 288 171 189 178 229 176 160 71 266 31 182 299 106 291 296 184 155 160 118 205 279 219 279 229 107 218 90 162 193 51 109 91 85 206 117 168 76 148 302 229 111 142 265 200 192 335 98 274 143 69 145 87 78 180 94 78 210 309 101 24 204 130 28 315 109 296 69 97 202 248 138 189 145 243 195 204 208 93 119 264 47 121 253 142 14 80 27 139 170 56 123 76 153 69 147 70 266 238 119 51 147 59 256 167 53 187 138 124 306 245 60 284 337 200 103 116 88 50 206 101 115 145 180 276 236 134 190 245 107 199 142 191 123 324 301 76 112 70 73 235 132 289 240 215 201 286 39 92 99 53 159 137 79 80 57 181 278 31 88 208 33 188 77 193 121 213 226 240 182 96 195 166 92 275 31 258 108 270 249 45
 155 394 365 422 295 123 129 342 360 260 215 263 388 36 424 124 85 283 333 259 67 138 353 161 50 130 242 357 296 287 202 1 415 379 193 170 267 357 191 305 319 116 346 402 266 378 71 364 455 216 152 166 380 253 446 227 236 288 419 256 369 219 308 251 304 401 502 294 317 230 258 309 406 115 169 89 355 265 198 161 431 360 63 379 415 104 343 270 302 233 377 427 287 431 259 366 107 342 306 40 292 308 278 172 120 194 220 235 320 155 259 245 209 267 197 71 255 335 451 265 295 286 377 361 283 336 277 445 232 209 346 282 137 279 277 225 310 470 102 181 101 327 220 294 139 471 139 298 306 437 107 390 323 414 371 58 36 292 315 404 190 97 404 289 193 282 180 218 341 257 323 247 310 255 179 265 343 395 186 220 205 251 288 97 197 362 314 191 470 204 208 309 496 239 197 90 153 247 49 303 317 100 131 266 384 259 44 339 283 314 337 186 316 339 457 278 291 164 230 238 334 411 316 247 16 401 223 199 295 221 316 226 133 155 215 215 346 188 116 208 211 291 231 366 281 402 409 420 163 124 60 124 293 362 213 355 182 357 181 209
 326 203 301 67 140 330 349 303 127 179 274 214 308 385 178 335 424 278 374 187 350 292 65 386 385 304 201 261 175 144 283 415 1 273 262 306 249 311 225 219 168 399 110 34 149 38 357 347 52 371 294 259 163 166 143 287 184 155 27 159 70 271 182 207 112 31 109 369 122 186 167 380 104 321 338 427 296 285 228 359 30 338 363 240 155 322 349 280 177 273 319 17 186 25 279 362 421 154 321 391 210 117 230 297 299 263 365 183 97 296 177 353 219 164 219 347 210 334 52 187 188 143 50 95 135 236 331 105 184 347 255 222 294 137 323 212 109 88 339 287 343 292 295 261 278 128 333 269 112 166 309 281 351 102 126 447 439 231 298 25 329 378 51 143 280 260 284 198 131 254 279 333 133 220 239 294 114 68 230 323 212 300 186 429 334 128 158 225 94 280 338 193 101 195 385 362 366 247 444 266 260 316 300 242 55 162 378 93 338 102 306 251 308 214 70 255 337 350 214 228 262 22 124 197 404 36 306 224 219 233 126 190 345 358 232 213 126 313 326 239 309 125 345 120 163 165 144 130 269 300 369 300 242 93 254 81 391 93 309 244
 226 76 36 218 302 258 255 54 352 316 167 364 36 345 117 384 332 439 126 326 324 338 265 251 331 255 179 25 349 190 178 379 273 1 356 388 403 50 276 93 361 291 172 240 246 265 364 84 267 201 232 240 111 272 166 411 222 316 252 253 302 163 121 160 243 291 270 145 307 253 204 146 175 268 218 333 39 117 306 234 259 76 364 35 133 345 96 111 358 148 49 288 136 266 425 98 316 127 96 382 383 284 392 380 279 359 194 271 230 228 184 167 213 301 250 343 152 86 260 333 127 194 286 183 268 434 126 201 251 190 37 113 252 255 121 192 268 244 278 201 374 60 161 431 274 205 242 83 261 138 309 13 109 181 148 375 382 98 75 249 197 292 225 189 189 99 203 258 151 126 59 152 175 144 290 119 325 207 259 169 275 134 354 330 193 147 140 260 237 387 186 378 269 313 225 292 244 138 378 78 64 316 341 395 220 216 367 294 127 247 60 332 79 417 247 104 120 227 182 357 47 290 309 326 378 297 160 227 102 178 178 249 251 239 187 306 341 195 265 341 172 254 172 155 170 116 140 159 332 269 370 330 93 320 175 299 240 316 400 185
 212 333 361 294 124 186 212 344 176 84 219 71 381 178 344 80 245 106 377 78 147 59 199 265 189 159 179 332 108 184 215 193 262 356 1 45 79 360 82 265 130 246 239 262 133 226 124 384 310 293 172 136 301 106 344 59 137 111 275 122 201 221 243 197 164 240 365 346 145 109 160 363 295 164 234 249 351 273 51 245 286 376 131 338 326 91 370 274 113 236 378 270 224 284 84 393 256 260 328 158 100 146 87 36 129 3 292 96 185 179 176 302 146 99 108 126 205 356 308 81 234 181 216 246 132 146 312 328 111 271 321 245 152 137 307 166 156 337 177 197 97 327 242 110 114 356 205 290 155 348 109 368 357 302 273 244 227 260 321 260 243 215 271 186 203 271 193 101 246 244 316 290 209 214 70 279 165 269 101 263 83 271 99 256 253 266 233 99 340 32 264 117 358 68 289 193 245 229 237 292 300 110 65 76 251 151 150 172 321 170 342 26 327 147 321 264 325 240 176 47 315 252 143 67 179 238 253 133 256 186 211 111 211 240 176 57 164 228 174 24 245 147 287 265 195 320 316 319 39 141 135 76 269 187 198 188 283 184 51 183
 222 370 390 338 168 192 216 371 216 128 241 107 411 162 384 47 234 114 397 122 138 59 243 269 177 169 212 364 148 224 235 170 306 388 45 1 100 388 115 298 168 242 280 306 175 270 101 409 355 304 186 157 340 149 387 58 174 154 320 164 244 244 279 230 207 284 409 364 188 148 198 381 338 169 244 238 380 297 90 252 330 402 109 373 367 78 393 299 151 259 407 314 259 328 90 417 248 299 351 132 132 190 114 10 137 44 304 138 228 193 213 317 177 143 140 111 237 380 353 123 269 221 260 289 176 168 333 371 150 284 353 276 164 180 328 197 200 382 178 215 70 354 262 125 128 399 212 318 199 389 109 400 379 344 314 225 205 291 347 304 257 211 315 226 223 298 211 139 287 271 344 308 250 245 100 302 207 312 130 279 120 293 137 245 266 307 271 130 384 37 278 151 403 112 297 190 250 257 216 320 330 107 60 101 295 190 128 216 341 214 369 62 353 174 365 292 346 248 207 85 345 296 187 110 155 282 272 163 288 214 252 149 216 246 204 99 205 243 179 69 263 190 302 307 233 360 358 361 57 149 111 75 299 230 222 231 288 227 15 209
 286 366 413 296 118 263 289 399 135 90 284 42 431 255 369 146 323 37 440 80 226 137 193 342 267 235 230 380 75 217 283 267 249 403 79 100 1 414 143 313 86 324 260 259 160 217 198 442 300 366 245 206 329 132 359 50 183 101 268 151 180 285 284 249 177 222 357 413 130 153 200 430 309 241 308 327 403 334 111 321 277 434 206 380 348 168 430 334 73 299 431 253 268 273 31 452 334 292 389 230 42 143 21 96 206 78 364 134 197 252 220 371 205 107 167 203 257 415 300 74 277 213 200 263 144 70 377 334 154 343 369 296 227 155 371 221 159 334 255 267 168 382 309 33 189 362 281 346 162 369 188 414 420 313 296 320 302 311 378 255 315 293 272 218 271 327 262 151 273 302 370 358 238 268 138 341 138 275 164 332 138 335 65 334 325 290 268 160 338 64 335 63 350 91 364 272 321 288 312 346 353 189 143 9 255 188 225 158 386 179 398 98 386 76 316 320 389 315 231 49 365 234 128 78 252 218 321 194 305 245 238 157 288 316 236 104 129 299 251 77 314 160 357 287 234 346 337 335 117 217 208 155 321 160 261 169 359 159 93 245
 203 123 15 260 322 237 230 17 378 330 152 376 34 324 165 377 302 450 77 339 307 333 295 218 309 240 185 51 367 210 162 357 311 50 360 388 414 1 279 106 381 261 205 278 263 299 351 38 309 163 218 233 153 286 213 417 232 334 292 268 332 149 142 166 266 326 317 99 330 262 218 98 217 251 191 302 15 96 311 204 300 29 350 81 179 336 47 92 376 133 21 326 152 306 434 53 284 159 56 365 399 306 405 380 268 362 156 282 256 212 196 128 214 317 253 329 158 37 302 348 144 213 319 218 287 451 88 246 261 157 57 120 239 274 85 195 291 289 258 185 364 34 139 444 266 253 219 71 284 186 298 51 61 224 186 347 356 104 44 287 169 266 264 209 174 90 188 265 183 118 45 117 200 147 291 94 350 246 260 140 280 108 371 299 163 183 165 262 283 391 155 396 315 324 187 268 213 132 351 69 63 305 336 406 257 230 350 320 86 272 21 335 42 436 291 97 78 198 185 367 53 326 331 338 358 331 135 228 112 175 204 258 226 209 185 313 366 171 246 347 147 275 137 192 187 161 185 204 332 256 355 323 94 348 167 327 203 344 400 180
 149 256 280 241 109 133 159 263 180 83 142 113 300 164 272 123 215 177 299 87 128 75 163 209 167 103 98 252 127 114 140 191 225 276 82 115 143 279 1 184 149 202 173 215 78 189 134 304 268 226 107 65 228 64 280 139 61 107 232 67 179 143 165 117 115 211 318 271 131 41 86 287 233 115 170 218 270 194 34 186 244 296 139 259 257 100 290 194 135 157 298 237 145 243 158 313 219 186 248 167 143 119 141 107 84 84 223 45 133 113 99 229 65 83 27 123 125 276 264 96 155 112 187 184 93 198 235 270 44 202 240 164 93 90 229 85 120 287 133 125 124 246 167 175 62 297 147 209 116 279 85 288 279 240 205 229 218 179 241 217 175 174 220 116 129 190 121 30 176 163 235 215 140 134 17 200 158 214 22 190 15 193 124 223 184 197 158 18 288 113 194 150 312 65 226 154 188 149 224 211 219 92 81 137 200 80 154 149 244 125 262 57 247 190 273 183 248 179 95 96 234 221 131 79 180 211 178 53 175 105 143 39 156 181 96 43 165 158 124 70 171 102 215 198 120 248 248 253 60 90 145 77 188 175 119 166 223 170 126 104
