NAME : domp220p55v7
COMMENT : (Deleplanque et al.) 
TYPE : DOMP
DIMENSION : 220
DISPLAY_DATA_TYPE: NO_DISPLAY
OPEN_FACILITIES : 55
COST_SECTION
 1 238 84 303 417 356 116 212 278 291 235 167 274 410 203 355 320 122 161 421 88 241 291 180 169 137 284 152 346 340 102 210 386 381 147 177 121 244 235 242 406 86 193 234 236 176 134 247 432 294 8 309 125 95 243 268 386 245 99 281 236 290 206 405 121 264 124 243 230 291 102 71 354 143 283 421 324 227 46 246 365 226 208 329 406 100 83 47 149 90 282 321 76 148 167 289 69 314 171 189 286 417 335 144 219 380 187 290 155 136 394 335 339 227 91 166 281 255 148 186 248 238 251 179 278 254 81 17 179 143 271 292 250 242 195 359 140 349 320 294 437 382 211 254 312 177 25 329 200 219 149 69 270 278 78 213 379 35 40 101 211 28 67 266 174 383 181 290 114 258 251 86 221 255 289 200 345 299 330 16 181 354 415 336 204 365 195 432 377 233 78 261 221 287 284 382 149 125 291 449 145 192 268 282 196 419 307 164 297 377 194 230 114 225 273 181 42 219 241 209
 238 1 262 302 241 339 129 306 318 234 70 115 348 228 38 366 324 294 319 232 291 98 291 323 199 328 217 276 327 357 312 29 179 318 306 110 146 158 328 22 222 189 166 173 216 160 119 144 268 237 240 125 198 249 109 190 224 85 190 131 121 53 300 204 138 174 205 262 82 66 177 300 364 268 311 249 203 237 228 217 301 247 281 354 227 263 280 223 304 150 45 101 293 322 284 55 246 78 92 302 67 280 276 275 318 331 77 245 242 323 255 211 107 284 148 316 246 240 144 324 38 258 231 192 54 100 254 224 95 113 199 233 257 208 328 394 114 294 132 294 255 376 328 336 156 63 262 101 66 290 123 206 254 92 196 32 404 264 221 160 75 259 293 212 216 389 135 350 344 22 309 154 179 321 142 74 184 243 183 233 297 132 239 305 109 380 122 237 411 163 165 108 26 79 93 290 145 115 323 259 124 54 238 62 146 252 221 328 364 236 52 41 153 198 36 131 226 156 79 45
 84 262 1 235 393 288 135 132 204 242 280 224 193 390 226 282 250 41 79 402 34 233 225 97 121 68 238 72 280 266 55 238 378 323 65 233 119 215 154 272 387 74 159 198 185 145 186 222 403 244 77 300 83 22 297 229 360 293 76 264 294 310 127 394 126 230 78 177 227 302 88 68 281 65 210 396 290 168 49 196 308 163 132 254 384 18 22 51 66 138 306 325 48 70 86 306 20 338 219 108 322 379 281 63 137 319 233 236 88 64 359 301 350 153 133 83 226 197 133 103 282 173 197 133 311 245 9 80 180 195 230 242 187 194 112 281 149 292 311 227 415 310 128 174 292 210 81 337 208 143 207 59 211 323 67 244 302 62 59 166 258 67 59 220 118 309 162 211 98 278 174 119 183 176 269 204 323 247 304 99 99 357 392 273 261 291 180 416 298 201 107 314 253 291 329 332 133 153 216 429 203 227 213 317 170 391 264 83 216 344 230 267 112 179 294 164 53 188 239 246
 303 302 235 1 252 54 250 124 53 81 361 352 100 259 280 66 24 221 203 275 260 208 13 184 141 248 97 170 45 56 272 297 288 100 205 356 219 146 121 322 262 225 147 130 89 161 319 162 244 79 297 234 182 217 396 119 220 378 212 195 402 320 125 288 229 136 181 61 221 289 215 301 64 174 39 250 153 81 258 86 91 78 109 56 252 219 252 257 200 292 325 287 279 224 159 309 241 347 331 148 365 201 76 179 129 89 333 66 150 241 193 158 321 87 283 194 60 63 194 178 338 65 72 137 352 211 234 291 220 324 111 82 56 94 172 96 235 75 240 10 273 83 151 107 198 294 310 306 241 101 342 237 48 392 231 309 104 293 264 330 351 296 292 94 132 91 179 83 319 302 78 268 125 87 190 233 207 75 187 314 154 305 253 44 375 79 185 291 111 140 262 403 312 264 394 129 193 266 45 292 339 308 65 360 162 241 111 212 97 188 310 333 221 108 312 183 262 147 227 321
 417 241 393 252 1 249 307 345 300 181 307 351 346 18 253 292 265 403 406 29 425 180 249 396 275 439 173 359 241 294 445 261 82 187 400 348 296 179 354 258 26 335 234 196 224 249 342 173 32 181 415 119 311 372 344 170 35 320 326 137 358 213 343 62 298 165 316 265 195 181 318 454 290 356 286 10 109 253 384 215 180 265 319 301 16 383 414 380 396 350 226 150 438 421 357 202 386 223 326 360 269 73 179 364 355 209 315 195 321 432 65 100 169 305 343 398 206 229 271 392 270 264 222 262 260 168 387 401 242 340 173 180 251 212 390 333 281 188 111 252 23 279 376 348 105 286 436 162 232 319 354 356 227 311 345 270 328 428 383 377 315 426 445 189 283 299 237 333 490 224 314 339 213 326 129 228 72 182 89 419 361 135 5 221 350 303 223 43 342 193 343 338 266 163 307 142 270 307 295 41 354 287 212 267 225 19 148 416 348 65 286 280 304 222 220 237 385 205 187 284
 356 339 288 54 249 1 299 172 94 107 402 398 133 260 321 44 41 272 252 274 312 243 65 231 193 297 124 222 13 50 323 338 298 69 254 402 269 182 163 360 263 277 193 169 135 209 367 196 235 104 351 256 235 269 438 150 221 419 264 222 445 351 174 294 279 167 234 114 258 319 267 353 43 226 83 245 166 132 311 130 70 131 159 61 253 271 305 310 250 343 358 311 331 272 210 339 294 377 377 197 400 187 76 230 174 50 377 95 203 290 186 167 345 138 333 242 95 110 243 225 376 118 118 188 387 244 286 344 264 371 142 107 108 137 218 86 282 63 260 63 268 38 196 146 217 338 363 330 282 151 390 290 94 430 283 349 81 346 317 381 394 349 344 129 184 54 224 112 370 336 124 319 169 129 214 274 218 98 200 367 203 324 251 36 420 55 228 290 94 179 314 443 352 293 431 111 242 314 82 287 387 351 106 395 207 235 129 259 122 187 353 373 272 153 345 228 315 188 262 362
 116 129 135 250 307 299 1 207 245 211 149 109 261 299 93 312 271 169 199 309 163 129 238 208 113 202 199 163 288 299 184 104 271 305 185 116 33 147 231 138 295 63 109 144 165 92 72 144 325 214 117 196 87 124 172 177 278 163 67 171 172 179 200 291 22 168 93 194 115 177 55 173 310 153 243 312 224 171 100 173 288 176 188 292 295 138 152 95 184 48 173 205 165 199 173 177 118 206 95 195 187 317 258 158 218 311 104 215 137 197 293 235 225 199 39 198 209 190 57 210 148 190 183 114 177 141 127 101 66 78 182 211 196 166 216 329 26 274 206 241 326 332 222 245 203 76 139 214 85 199 96 78 206 191 69 110 345 138 93 84 129 134 165 184 127 339 83 270 216 147 226 33 137 235 180 84 236 220 224 116 188 239 305 271 140 325 90 319 347 139 39 186 118 172 196 295 58 21 255 337 93 93 197 182 101 311 217 207 281 274 96 133 34 149 162 81 98 125 126 112
 212 306 132 124 345 172 207 1 79 167 348 314 63 348 274 156 132 106 81 363 148 235 117 61 107 127 174 61 166 140 156 291 358 222 85 321 176 186 26 322 348 156 146 164 124 147 276 200 346 168 205 288 120 118 376 180 311 364 145 246 377 341 7 366 187 190 115 83 239 320 155 190 155 70 90 346 237 95 169 132 211 82 28 127 342 115 143 169 81 235 342 331 169 102 47 333 144 371 300 27 372 309 190 70 13 212 308 155 71 120 296 246 363 42 227 72 143 118 165 55 337 82 124 116 359 244 133 204 212 283 175 168 96 137 49 150 204 195 297 118 368 186 32 43 263 274 212 348 241 28 299 158 123 387 157 300 172 193 178 271 331 197 183 158 90 182 173 81 201 314 49 210 149 47 246 234 285 168 264 226 35 357 346 167 345 163 188 378 168 172 200 388 307 300 391 245 165 226 92 385 296 291 135 367 166 338 199 89 86 285 294 326 174 132 328 177 173 168 250 308
 278 318 204 53 300 94 245 79 1 122 372 352 48 306 292 79 55 183 159 321 224 231 52 138 134 205 135 134 90 63 234 310 329 151 163 358 214 172 71 337 308 209 155 152 106 164 316 188 294 121 272 268 167 187 404 152 267 389 196 228 409 344 82 332 225 167 164 57 241 316 202 266 78 140 16 298 197 83 234 108 143 73 72 52 299 186 218 233 159 283 347 319 244 180 121 333 213 372 334 105 384 252 128 143 81 137 338 107 125 198 243 203 353 53 274 150 97 85 193 132 353 61 94 135 371 237 203 268 230 322 145 123 64 116 125 85 235 127 276 50 321 109 103 55 236 301 282 338 255 62 340 217 78 407 213 320 103 264 241 321 359 268 258 126 119 106 187 36 279 322 31 258 142 36 224 247 250 119 229 291 112 340 301 96 379 88 197 337 103 162 250 413 325 293 409 181 193 264 14 340 337 316 96 379 173 290 155 167 51 237 319 346 214 122 333 191 238 164 249 331
 291 234 242 81 181 107 211 167 122 1 298 302 168 186 218 139 100 241 235 201 272 137 74 222 124 274 19 192 95 134 289 235 209 95 231 305 185 78 175 255 187 207 104 70 57 122 274 91 180 4 288 155 169 221 335 45 148 315 194 118 343 246 165 211 193 62 171 85 153 214 192 308 137 191 108 181 76 79 250 47 78 89 142 136 179 228 262 247 227 258 252 209 288 252 186 234 241 272 279 184 295 145 48 198 176 102 277 16 158 266 129 83 243 126 248 227 26 51 156 217 271 86 47 114 281 138 237 277 166 277 36 2 72 50 214 174 190 65 160 77 203 144 198 168 119 238 304 228 180 141 296 224 47 325 214 246 179 291 253 294 292 292 299 28 124 158 130 157 336 231 134 236 75 146 111 172 129 10 108 299 187 225 182 72 320 153 130 217 188 78 234 339 248 188 326 92 155 223 119 221 294 250 33 290 112 173 34 245 171 120 251 269 190 68 239 133 252 90 157 260
 235 70 280 361 307 402 149 348 372 298 1 76 396 293 82 426 384 316 347 296 304 164 350 356 244 347 281 309 390 415 324 65 239 385 333 67 176 221 372 51 286 210 218 234 273 209 102 209 335 301 239 193 232 271 40 255 291 18 215 200 52 100 342 264 165 239 239 316 147 127 203 304 424 300 366 315 272 290 238 276 368 300 326 412 292 285 294 234 332 148 87 161 301 346 319 108 262 107 66 340 60 348 341 306 360 397 49 308 280 343 323 280 156 333 150 346 308 299 184 358 38 312 290 240 60 168 272 224 143 94 263 298 313 268 363 451 145 359 199 353 319 438 367 383 225 75 259 155 121 336 92 222 314 44 215 53 463 266 229 140 25 260 298 274 261 450 186 401 347 84 359 162 236 369 211 129 252 307 252 227 334 187 304 369 51 439 177 299 468 224 174 43 51 146 50 359 185 129 378 322 95 58 298 58 201 319 288 355 414 305 56 31 180 255 88 182 235 215 146 42
 167 115 224 352 351 398 109 314 352 302 76 1 368 339 99 416 374 263 297 344 244 184 340 310 219 290 287 266 387 403 262 91 293 395 283 11 140 228 338 105 333 163 206 233 264 192 40 219 375 305 172 233 194 220 77 262 329 82 171 226 71 162 307 317 129 248 200 299 165 180 160 237 414 256 349 358 294 274 178 270 377 281 296 397 337 232 235 175 282 87 150 215 238 293 278 167 205 176 26 300 134 380 348 261 324 403 39 309 244 286 355 304 219 306 93 298 305 290 160 313 102 295 282 219 131 192 217 158 137 32 269 301 299 262 320 435 118 366 241 343 366 433 327 352 256 68 190 214 129 306 19 169 306 115 165 84 450 200 168 68 52 193 232 275 234 441 175 377 280 136 333 108 231 343 237 136 288 311 282 157 293 245 348 368 38 428 173 350 453 225 120 96 90 191 122 376 161 89 361 372 23 65 294 132 193 360 299 304 389 336 66 85 141 246 146 171 175 213 170 71
 274 348 193 100 346 133 261 63 48 168 396 368 1 352 319 106 96 165 134 367 208 267 99 111 153 180 179 123 132 91 213 336 373 195 142 375 229 210 41 366 354 215 184 189 143 189 331 226 341 167 267 309 176 180 427 194 314 413 203 268 429 378 69 377 241 208 172 93 275 352 212 250 106 131 63 345 242 116 231 147 189 103 74 77 345 176 204 231 138 293 380 358 228 155 109 368 206 407 353 87 414 299 175 132 57 180 359 153 128 174 290 249 392 65 284 125 143 126 214 104 381 95 135 158 401 274 195 266 256 338 187 168 103 155 95 91 255 174 317 97 368 138 73 21 279 323 273 376 283 63 355 219 122 434 217 347 114 254 239 330 382 259 243 168 137 130 214 23 256 354 41 268 177 28 265 275 295 165 273 287 95 381 348 141 399 110 227 383 107 198 259 437 352 330 437 227 213 280 56 387 352 340 140 409 203 337 200 139 24 283 342 373 228 157 366 218 235 198 284 356
 410 228 390 259 18 260 299 348 306 186 293 339 352 1 242 302 274 402 407 16 423 172 256 397 274 439 176 359 251 303 443 249 65 199 400 336 290 177 359 244 9 331 232 195 226 246 331 169 49 186 409 108 308 370 330 171 40 305 322 131 344 198 345 45 291 164 313 268 186 167 314 450 300 356 292 27 112 255 380 217 192 267 322 309 8 381 411 376 396 342 211 135 434 421 357 187 382 207 314 362 254 89 188 364 359 221 303 200 320 431 78 104 153 309 335 399 211 232 266 394 256 268 226 261 245 159 384 395 234 329 175 185 255 213 392 343 274 198 99 259 29 291 379 353 100 275 430 146 222 322 343 351 232 296 340 257 339 423 378 367 302 421 441 192 283 310 232 340 487 210 319 331 212 331 123 219 68 188 88 413 363 118 15 230 336 314 217 32 353 191 336 323 253 150 292 154 265 299 302 40 343 275 216 251 222 36 153 417 355 74 274 266 298 222 206 231 380 203 177 272
 203 38 226 280 253 321 93 274 292 218 82 99 319 242 1 345 302 257 283 248 254 88 268 289 168 292 201 241 309 334 276 19 200 307 270 98 110 141 296 50 236 152 138 152 192 130 93 129 277 221 205 135 163 213 119 175 231 99 153 129 127 88 268 223 101 159 170 236 70 92 140 264 343 233 285 260 199 210 191 195 289 220 250 331 239 227 243 187 268 117 82 125 257 286 249 87 209 114 74 268 100 282 262 239 286 318 65 227 208 286 257 208 138 255 114 281 226 217 110 290 64 232 208 162 88 95 218 189 64 89 183 217 232 186 294 370 78 280 143 272 269 357 295 306 158 35 227 129 39 259 102 169 232 116 159 30 382 228 185 132 76 223 256 193 185 368 106 322 307 56 280 119 155 291 140 48 189 227 184 199 263 157 250 288 106 358 96 255 387 143 129 124 35 96 119 283 111 79 298 275 103 36 217 95 120 261 210 292 335 238 37 55 116 174 71 102 189 134 73 43
 355 366 282 66 292 44 312 156 79 139 426 416 106 302 345 1 43 260 235 317 302 272 78 213 202 281 157 212 52 17 311 362 339 112 240 421 281 210 142 386 306 282 211 194 154 225 382 225 279 137 350 292 240 265 461 181 263 443 269 256 467 383 159 336 292 198 238 120 285 352 274 344 3 218 74 288 205 143 311 151 114 137 150 30 295 264 296 310 235 353 388 347 322 256 199 371 290 409 396 182 429 231 116 221 156 91 398 126 201 274 229 207 381 130 344 225 122 128 257 206 403 124 138 199 416 274 281 345 285 387 173 140 118 159 198 43 298 105 297 74 311 33 175 122 255 359 360 366 306 140 406 292 113 457 287 374 40 342 318 392 416 345 336 157 190 29 244 83 356 366 109 329 191 110 249 298 258 132 239 367 190 362 294 74 440 15 250 333 52 204 322 468 377 326 458 155 257 329 66 330 403 373 129 424 227 278 165 241 90 229 375 398 283 172 375 248 314 212 291 386
 320 324 250 24 265 41 271 132 55 100 384 374 96 274 302 43 1 233 212 289 273 230 35 192 162 258 117 183 37 35 284 320 305 100 215 379 240 169 124 344 276 244 169 152 112 183 341 184 255 98 315 254 202 232 419 141 234 401 231 216 425 342 134 304 251 158 200 80 243 311 235 315 41 188 43 262 170 102 276 108 95 98 120 37 267 233 266 274 210 313 347 308 293 233 171 330 257 369 354 157 388 210 87 192 135 85 356 86 166 251 204 174 342 99 303 202 81 86 216 185 360 85 95 158 374 233 249 309 243 346 132 101 77 117 178 75 257 81 259 32 286 63 157 107 218 317 326 327 264 111 364 256 71 415 249 331 81 309 282 351 374 312 306 115 151 69 201 77 331 324 84 289 148 90 210 256 225 94 204 332 164 324 267 48 398 57 208 305 90 162 283 425 335 286 416 135 215 288 43 305 361 331 87 382 185 253 129 220 89 201 333 356 242 130 334 205 279 169 249 343
 122 294 41 221 403 272 169 106 183 241 316 263 165 402 257 260 233 1 40 415 44 254 212 61 129 38 240 52 265 244 52 271 396 315 27 272 148 226 124 305 400 107 172 208 186 162 224 236 410 243 115 319 102 46 335 236 369 330 105 280 332 340 102 410 157 239 95 167 250 328 118 86 260 50 192 405 297 163 88 196 301 156 114 232 396 32 42 91 29 177 336 349 64 31 63 335 60 368 257 80 355 383 275 44 109 308 270 233 85 31 364 308 376 136 171 45 222 193 157 67 316 164 195 142 344 266 48 120 207 233 234 241 179 197 76 254 180 284 329 213 425 290 95 145 306 245 115 363 236 123 246 96 205 359 102 278 277 95 99 206 295 101 79 222 121 287 182 185 99 308 153 157 191 152 284 231 335 245 315 137 72 380 403 262 299 268 200 429 271 212 145 351 286 315 364 329 157 188 196 441 242 262 210 350 186 400 267 43 188 350 265 302 142 183 324 185 93 201 262 281
 161 319 79 203 406 252 199 81 159 235 347 297 134 407 283 235 212 40 1 420 80 269 196 24 138 48 238 49 246 219 81 298 407 300 16 306 175 234 94 332 405 138 183 213 184 175 259 245 410 237 154 331 122 79 368 237 372 361 133 291 366 363 79 418 185 244 115 155 268 348 146 120 234 55 170 407 298 157 126 193 288 147 97 206 400 67 80 128 16 212 360 366 100 22 51 356 98 391 290 56 382 379 264 47 80 291 302 226 89 41 362 308 395 118 206 10 214 186 177 31 344 153 189 150 371 280 85 158 228 267 235 236 168 196 40 224 207 271 341 196 428 266 62 115 314 274 153 381 258 103 281 130 194 389 134 306 247 133 136 243 326 140 114 220 126 260 198 155 123 332 129 191 197 126 293 253 340 238 320 176 50 396 406 246 333 241 216 435 240 219 179 383 314 332 394 319 177 219 172 445 277 291 203 377 199 401 264 11 156 350 294 330 169 185 347 202 130 210 280 310
 421 232 402 275 29 274 309 363 321 201 296 344 367 16 248 317 289 415 420 1 435 181 271 411 287 452 191 373 266 318 455 254 61 214 413 341 301 190 373 247 16 342 245 209 240 258 338 182 57 201 420 116 320 382 332 185 55 307 334 142 346 199 360 38 301 178 325 283 195 170 325 462 315 370 307 36 127 269 391 232 206 282 336 325 23 393 424 387 409 350 212 136 447 434 371 189 394 206 320 376 254 101 203 377 373 236 307 215 334 444 91 119 151 323 344 413 226 247 277 408 258 283 240 274 245 169 396 405 244 335 189 200 270 228 407 358 283 213 106 274 26 306 394 368 111 281 441 146 230 337 349 362 247 296 351 262 354 434 389 375 306 432 453 206 296 325 244 355 499 214 334 341 225 346 135 227 81 203 101 423 377 116 26 245 340 328 228 17 367 204 345 324 257 155 292 168 276 307 317 29 349 280 231 252 234 46 168 431 370 89 279 270 309 236 208 243 391 215 185 276
 88 291 34 260 425 312 163 148 224 272 304 244 208 423 254 302 273 44 80 435 1 265 250 102 153 50 269 91 304 286 23 266 411 351 69 253 149 247 167 300 420 104 192 231 216 178 207 254 435 274 81 333 116 54 319 261 392 316 107 296 314 340 144 426 155 262 111 203 259 333 119 43 301 87 232 428 322 196 67 226 336 190 154 274 417 45 13 71 72 159 335 357 21 64 104 336 46 367 242 123 348 411 309 83 152 345 256 266 116 49 391 333 381 175 155 87 255 226 165 109 309 200 226 165 338 278 41 90 211 215 261 272 214 225 118 297 179 320 343 252 447 332 138 188 325 236 75 369 239 163 226 86 239 347 96 271 319 56 76 182 281 63 36 250 149 329 195 227 66 308 194 143 215 194 302 235 355 277 337 103 114 389 425 299 281 310 212 448 314 233 131 336 280 323 353 361 165 179 237 462 222 253 243 343 203 424 295 80 231 376 256 293 142 210 323 197 70 221 271 272
 241 98 233 208 180 243 129 235 231 137 164 184 267 172 88 272 230 254 269 181 265 1 198 267 134 291 120 222 231 264 286 103 147 222 258 184 123 63 254 119 167 166 90 81 127 95 167 48 200 140 241 70 153 214 203 94 153 181 159 45 212 113 230 165 122 77 159 177 19 87 149 287 270 215 222 185 112 152 214 126 205 164 208 262 167 227 253 210 255 172 118 98 274 278 225 103 222 142 159 238 159 198 179 223 247 235 152 149 182 284 173 121 129 206 165 264 151 149 102 266 135 173 140 123 145 14 226 226 64 166 102 137 169 117 268 302 103 197 80 202 199 280 262 258 77 116 262 114 56 214 183 186 162 189 175 114 311 257 211 200 162 254 278 116 149 293 73 265 327 95 227 161 91 240 55 51 110 146 101 243 236 128 178 209 193 286 55 192 318 71 166 205 115 66 189 196 101 129 235 209 182 123 144 154 72 185 124 279 280 154 124 135 130 111 104 70 214 69 20 129
 291 291 225 13 249 65 238 117 52 74 350 340 99 256 268 78 35 212 196 271 250 198 1 177 129 240 89 161 56 67 263 286 282 106 196 344 207 136 116 311 258 213 135 119 77 149 307 152 243 73 286 226 171 206 385 110 217 367 200 187 391 310 118 283 217 127 170 50 210 280 203 291 76 165 37 248 148 69 247 75 95 67 100 65 249 209 242 245 192 280 315 279 269 216 151 299 230 337 320 141 355 201 77 169 123 97 321 59 139 233 192 154 313 79 270 186 51 52 182 171 327 54 61 125 341 201 223 279 209 312 102 75 44 83 166 105 223 79 232 5 271 95 146 104 191 282 299 298 230 93 330 226 38 381 219 297 114 282 253 318 340 285 282 84 120 103 167 85 310 291 73 256 114 83 182 222 202 70 181 302 146 297 251 51 363 91 174 287 121 129 250 391 301 255 383 131 181 254 47 289 327 296 55 350 151 239 106 204 99 186 298 322 209 96 302 171 250 136 217 309
 180 323 97 184 396 231 208 61 138 222 356 310 111 397 289 213 192 61 24 411 102 267 177 1 135 70 226 48 226 197 105 304 401 282 35 318 181 227 72 337 397 148 179 206 173 174 271 239 399 223 173 327 126 93 379 228 362 370 142 285 377 365 60 411 192 235 119 139 267 348 154 143 212 57 150 397 288 145 143 182 271 134 81 184 391 83 101 145 33 225 363 364 122 45 43 358 115 394 300 38 388 365 248 51 58 272 311 211 86 64 350 297 394 100 218 16 199 172 180 8 350 137 176 146 376 278 102 176 231 279 224 222 152 185 17 201 213 254 336 177 418 244 39 92 307 282 174 380 261 85 294 143 179 397 146 312 224 154 153 258 336 161 137 208 120 238 198 133 146 335 109 203 189 104 287 255 332 224 311 195 36 393 396 227 344 219 215 426 217 212 191 393 320 331 402 303 180 228 151 435 290 299 190 383 196 390 251 30 133 338 302 337 177 176 350 202 147 205 279 318
 169 199 121 141 275 193 113 107 134 124 244 219 153 274 168 202 162 129 138 287 153 134 129 135 1 166 119 90 183 188 172 185 270 213 129 225 81 98 130 216 272 86 46 80 68 41 184 108 284 127 165 194 46 100 275 109 242 261 73 154 278 236 102 282 92 111 47 83 135 216 75 186 200 85 132 278 171 62 127 78 197 65 83 181 268 109 142 124 125 152 235 231 167 150 93 228 118 265 202 106 266 259 167 93 120 213 207 122 50 159 239 181 261 90 143 132 113 87 62 133 231 79 83 14 253 144 116 155 106 189 109 125 87 76 135 217 103 181 204 132 297 223 132 139 178 171 181 246 135 92 207 101 103 282 93 195 233 168 130 191 229 168 177 100 18 229 66 160 218 208 116 128 63 126 157 127 207 131 187 178 103 260 275 170 247 214 83 301 235 83 122 285 201 198 286 215 61 131 143 312 204 187 100 260 63 273 144 148 172 224 190 221 82 59 222 71 129 73 146 204
 137 328 68 248 439 297 202 127 205 274 347 290 180 439 292 281 258 38 48 452 50 291 240 70 166 1 275 84 291 265 41 305 433 344 45 299 183 263 141 339 437 140 209 244 220 199 252 273 446 276 130 356 139 80 364 271 406 360 140 317 360 375 125 447 191 276 132 197 287 364 153 82 281 84 216 441 333 196 113 230 331 188 141 252 432 66 56 116 49 204 371 386 65 26 91 370 87 403 286 102 388 417 306 77 127 336 300 266 120 9 399 343 413 162 200 57 254 226 193 77 349 194 228 179 378 303 76 138 243 261 270 275 209 232 86 270 215 314 366 241 462 312 108 162 343 277 123 399 272 148 272 126 236 390 134 311 293 104 123 229 325 112 78 256 157 307 219 202 77 343 175 186 228 172 321 267 372 278 352 151 95 417 439 290 327 287 237 466 286 248 174 380 319 352 396 361 193 220 219 477 268 294 243 383 223 436 301 42 202 386 297 334 177 219 359 222 116 238 299 313
 284 217 238 97 173 124 199 174 135 19 281 287 179 176 201 157 117 240 238 191 269 120 89 226 119 275 1 193 113 151 287 218 195 109 233 289 174 61 183 237 177 198 93 56 56 111 260 74 174 22 280 138 162 217 319 27 139 298 186 100 327 228 171 198 181 44 165 93 135 196 183 304 154 192 122 173 65 82 244 46 92 93 148 152 169 225 259 240 229 245 234 192 285 254 188 216 236 254 264 189 277 143 62 198 184 118 261 32 157 267 126 73 226 134 236 230 39 57 145 222 254 93 51 108 263 120 234 269 150 263 19 18 80 45 219 191 177 80 144 93 195 161 205 178 103 223 298 211 163 147 281 217 58 308 207 229 196 285 246 282 276 286 295 20 122 176 117 170 334 213 144 225 64 157 94 155 116 27 95 291 191 209 173 90 304 170 115 207 206 62 223 322 231 170 308 99 144 210 133 213 279 234 41 272 99 166 27 248 185 113 235 252 179 61 222 120 245 75 139 243
 152 276 72 170 359 222 163 61 134 192 309 266 123 359 241 212 183 52 49 373 91 222 161 48 90 84 193 1 214 196 103 257 359 263 41 274 135 186 84 290 358 105 135 165 138 128 227 197 364 193 146 283 79 59 333 191 325 325 97 243 333 318 56 370 146 196 72 116 221 302 109 133 211 11 142 361 252 114 110 148 250 105 64 184 353 55 85 111 37 184 316 319 111 63 15 311 84 347 256 38 341 334 225 10 68 257 266 183 41 76 317 262 348 85 176 43 172 143 133 49 303 113 145 102 329 233 73 145 184 235 188 192 128 150 55 210 166 233 293 162 382 241 63 103 266 235 152 334 214 73 251 103 154 351 104 266 231 133 119 218 290 137 125 174 78 239 152 140 150 288 104 160 149 106 245 208 293 195 273 166 30 348 359 211 300 220 169 388 227 171 149 347 273 286 355 278 133 183 147 398 247 253 160 336 151 355 219 59 146 304 256 291 131 138 303 155 114 162 233 271
 346 327 280 45 241 13 288 166 90 95 390 387 132 251 309 52 37 265 246 266 304 231 56 226 183 291 113 214 1 55 317 326 288 66 248 391 258 170 160 348 255 267 182 157 124 197 356 184 228 92 341 245 225 261 426 138 212 407 254 210 433 339 168 285 268 155 224 105 246 307 256 345 50 219 77 237 155 122 302 118 64 121 152 64 244 263 297 300 244 331 346 300 324 267 203 328 285 365 365 191 388 181 66 223 170 49 365 83 194 284 179 157 334 131 322 236 83 99 232 220 364 109 106 177 375 232 278 334 252 360 130 95 98 126 213 93 271 54 249 54 261 50 192 143 206 326 354 319 270 144 378 280 82 418 273 337 90 337 308 370 382 340 337 117 174 65 213 112 363 324 119 308 157 125 203 262 208 87 189 357 197 313 243 24 408 64 216 282 103 167 303 431 340 281 419 105 231 303 78 280 376 339 94 383 195 228 117 254 123 178 341 361 261 141 333 216 305 176 250 350
 340 357 266 56 294 50 299 140 63 134 415 403 91 303 334 17 35 244 219 318 286 264 67 197 188 265 151 196 55 1 295 352 337 118 224 408 268 202 126 377 306 267 199 185 143 212 369 217 282 132 334 287 225 249 450 174 264 432 255 250 456 375 143 335 278 191 223 106 276 345 259 328 16 202 59 290 202 130 295 141 118 124 135 14 296 249 280 294 219 339 380 341 306 240 183 364 275 402 384 166 421 235 116 205 140 99 386 119 186 258 232 206 376 114 330 209 115 118 245 190 393 110 127 186 407 266 265 329 274 374 166 135 105 149 182 42 286 107 293 63 313 48 160 107 251 347 344 361 296 124 393 277 104 447 272 363 48 326 302 378 405 330 320 149 176 44 232 69 340 357 93 315 180 94 244 288 256 127 237 352 174 357 295 74 428 27 239 334 56 195 308 457 367 319 449 159 244 316 50 332 390 362 121 415 216 281 162 225 76 230 364 388 269 162 367 236 299 202 283 375
 102 312 55 272 445 323 184 156 234 289 324 262 213 443 276 311 284 52 81 455 23 286 263 105 172 41 287 103 317 295 1 287 432 365 73 272 171 267 173 321 440 126 212 250 233 199 226 275 454 291 95 354 136 74 338 280 412 336 129 317 332 361 153 447 177 282 131 217 280 354 141 42 310 100 243 448 341 212 87 243 351 206 165 283 437 63 34 91 77 178 356 378 27 62 114 358 68 388 261 130 369 429 325 95 158 359 276 282 132 44 410 352 403 187 175 90 271 242 186 111 330 214 243 184 359 299 62 106 233 235 279 289 229 243 121 303 201 334 364 264 467 341 142 194 345 257 85 390 260 174 244 108 254 367 118 292 326 68 96 199 301 76 39 268 166 338 216 234 48 329 203 163 234 202 322 257 375 293 357 116 122 411 444 313 299 318 233 469 320 253 152 355 301 344 373 378 186 200 247 482 240 274 259 364 223 443 313 79 236 395 277 314 163 228 345 218 90 241 292 292
 210 29 238 297 261 338 104 291 310 235 65 91 336 249 19 362 320 271 298 254 266 103 286 304 185 305 218 257 326 352 287 1 204 323 285 88 124 158 314 35 243 165 156 170 210 148 91 146 287 238 213 144 179 226 102 192 241 82 167 142 111 82 284 227 115 176 186 254 85 92 154 273 360 248 303 269 213 228 202 212 306 238 267 348 247 240 255 197 283 122 73 127 267 300 265 83 221 105 66 284 85 294 278 255 303 335 54 244 224 299 269 221 135 272 120 296 244 235 127 305 47 250 226 179 74 109 230 197 81 86 200 234 250 204 310 388 92 296 151 290 277 374 311 323 170 35 234 128 57 276 97 181 250 99 172 12 399 237 194 132 60 232 266 211 202 386 124 340 317 50 298 127 173 309 153 65 200 244 197 205 279 158 259 305 92 376 114 261 405 160 138 106 17 101 102 298 127 88 316 282 98 27 235 80 138 271 226 307 353 250 26 38 130 192 64 119 200 152 86 27
 386 179 378 288 82 298 271 358 329 209 239 293 373 65 200 339 305 396 407 61 411 147 282 401 270 433 195 359 288 337 432 204 1 245 398 289 269 175 372 193 57 312 226 196 236 236 291 163 113 210 386 79 297 359 275 181 87 250 306 117 289 141 355 26 267 169 303 284 157 115 295 434 337 354 316 91 136 266 360 229 234 279 331 341 67 371 399 356 394 309 155 80 420 418 359 132 368 146 269 368 195 148 224 362 370 266 256 224 319 426 131 133 91 322 304 400 233 248 248 399 202 282 240 257 187 135 371 370 207 287 187 208 272 223 399 378 247 237 68 285 86 333 388 370 96 233 408 87 188 334 299 332 252 237 321 210 377 403 357 330 252 400 425 206 282 351 217 364 473 159 336 303 213 349 115 188 82 213 102 386 367 57 78 266 286 351 200 61 390 190 309 266 204 105 232 202 247 267 327 84 300 230 234 193 211 98 177 417 379 120 229 215 276 227 152 215 360 198 146 223
 381 318 323 100 187 69 305 222 151 95 385 395 195 199 307 112 100 315 300 214 351 222 106 282 213 344 109 263 66 118 365 323 245 1 300 397 279 168 220 339 204 297 198 164 146 216 368 179 170 92 377 217 257 303 423 134 163 402 285 191 433 320 223 238 287 149 258 149 239 286 284 390 110 266 137 182 123 157 338 137 19 161 204 129 193 308 342 336 296 352 329 272 369 320 254 308 326 343 371 245 374 121 49 271 228 23 369 93 237 336 123 120 304 183 342 291 101 128 251 276 355 152 131 204 361 219 320 367 258 371 127 96 138 142 270 154 285 33 219 106 205 94 250 205 177 330 392 291 270 198 389 313 113 408 305 334 145 377 342 389 382 379 381 123 209 114 225 176 413 312 177 330 170 185 181 262 169 87 155 390 251 279 190 56 411 121 223 229 159 171 327 425 335 260 408 47 250 318 140 224 387 340 114 369 206 172 99 309 187 128 342 356 284 160 318 227 341 183 240 348
 147 306 65 205 400 254 185 85 163 231 333 283 142 400 270 240 215 27 16 413 69 258 196 35 129 45 233 41 248 224 73 285 398 300 1 292 161 225 101 319 398 123 173 205 179 165 244 236 405 233 140 322 110 64 354 231 366 347 119 281 351 350 82 410 171 236 103 153 257 336 132 110 239 45 173 401 292 153 112 188 288 144 97 211 393 52 67 114 5 197 347 355 89 22 47 344 83 379 275 59 369 375 263 37 86 292 287 223 80 37 357 303 383 119 191 20 211 182 165 41 330 151 185 141 357 270 70 144 216 252 229 232 166 190 51 231 193 271 332 197 422 270 71 122 306 260 140 369 246 105 266 115 192 375 120 292 254 120 122 228 312 127 103 215 118 266 187 162 117 319 133 176 189 131 285 241 333 235 313 162 52 385 399 246 318 247 205 428 248 211 164 369 300 321 380 317 165 205 176 438 262 277 200 364 189 395 259 23 164 344 280 317 156 179 335 191 116 201 269 296
 177 110 233 356 348 402 116 321 358 305 67 11 375 336 98 421 379 272 306 341 253 184 344 318 225 299 289 274 391 408 272 88 289 397 292 1 147 230 346 99 330 171 211 236 269 197 49 221 373 308 182 230 202 229 67 264 328 72 179 226 61 156 315 313 136 250 207 304 165 175 168 247 419 265 355 356 295 280 188 274 379 287 303 402 334 241 245 184 291 96 143 210 248 302 286 161 214 169 27 308 126 379 351 269 332 406 35 312 251 296 354 304 213 313 102 307 309 294 165 321 95 300 286 224 123 192 226 168 140 40 271 304 304 266 328 440 124 368 238 348 363 437 335 359 255 69 200 209 130 313 29 178 310 105 173 80 455 210 178 78 44 203 242 278 241 446 179 384 290 131 340 117 235 349 237 137 286 314 281 167 301 240 346 372 28 433 176 347 458 228 129 85 85 187 113 377 166 96 366 368 33 63 298 123 197 358 301 313 395 335 63 78 149 251 141 175 184 217 169 66
 121 146 119 219 296 269 33 176 214 185 176 140 229 290 110 281 240 148 175 301 149 123 207 181 81 183 174 135 258 268 171 124 269 279 161 147 1 127 200 158 287 46 82 121 137 64 104 127 312 188 120 191 57 104 201 154 266 191 44 161 202 193 169 287 12 147 64 163 113 184 32 167 279 126 212 301 207 140 93 144 262 145 157 260 286 118 138 88 160 74 189 210 155 177 145 189 104 221 125 165 209 300 232 132 187 283 133 188 106 178 276 218 233 167 65 173 181 160 30 183 170 158 154 83 197 135 111 105 64 110 159 185 165 138 189 297 33 248 202 210 317 301 193 213 192 101 141 221 91 167 128 66 177 217 55 132 313 135 89 113 157 133 158 158 95 308 62 238 208 161 194 52 111 203 169 87 225 193 210 124 159 242 295 243 171 293 75 313 315 117 51 214 140 175 221 272 31 52 223 329 125 119 168 203 79 299 194 183 249 259 122 157 9 121 177 62 92 103 125 137
 244 158 215 146 179 182 147 186 172 78 221 228 210 177 141 210 169 226 234 190 247 63 136 227 98 263 61 186 170 202 267 158 175 168 225 230 127 1 202 179 175 160 56 23 68 71 203 17 190 81 242 103 133 194 259 35 146 238 150 61 267 175 182 186 132 22 138 119 77 146 144 277 208 182 162 182 81 96 209 65 150 109 159 201 171 205 236 205 222 194 179 149 260 246 186 164 208 202 204 194 220 174 122 189 198 178 202 88 146 256 151 92 183 152 185 227 89 89 98 225 195 116 79 85 207 66 208 229 92 205 43 77 109 57 225 241 123 140 112 140 201 219 215 203 82 163 262 167 103 163 223 180 100 249 169 169 249 252 209 228 216 251 267 55 109 232 66 206 312 156 171 176 39 184 61 95 110 87 91 249 193 173 178 149 244 224 58 204 257 16 176 263 172 122 250 151 97 155 174 216 221 174 82 215 50 178 73 244 221 134 175 193 134 55 166 67 210 27 82 183
 235 328 154 121 354 163 231 26 71 175 372 338 41 359 296 142 124 124 94 373 167 254 116 72 130 141 183 84 160 126 173 314 372 220 101 346 200 202 1 345 359 181 167 180 138 169 300 217 353 175 228 304 145 141 400 193 321 388 170 262 402 362 32 379 212 205 140 91 259 339 180 209 142 93 84 354 247 108 193 144 210 95 48 113 352 137 164 193 97 260 363 349 188 115 69 353 167 391 324 47 394 314 192 92 17 207 332 162 96 134 302 255 382 52 251 85 150 127 188 65 359 92 135 137 381 262 156 228 234 307 187 175 104 150 57 131 228 194 312 116 377 174 34 22 277 298 233 366 263 41 324 183 129 411 182 323 154 214 201 296 355 219 202 169 113 167 194 62 216 336 44 235 166 36 261 256 297 175 275 249 55 374 355 164 370 148 209 389 148 189 225 412 330 319 414 246 188 251 83 395 320 315 144 389 186 346 207 100 64 293 317 349 198 148 349 199 197 186 270 332
 242 22 272 322 258 360 138 322 337 255 51 105 366 244 50 386 344 305 332 247 300 119 311 337 216 339 237 290 348 377 321 35 193 339 319 99 158 179 345 1 237 199 184 193 235 178 116 165 285 258 244 144 212 260 89 211 242 65 201 152 102 57 316 217 149 194 219 281 103 79 188 306 384 282 330 266 224 256 235 237 322 266 299 374 243 274 289 231 317 153 46 114 300 334 299 63 255 75 85 317 51 299 296 288 334 352 68 266 257 333 274 231 114 302 152 330 266 260 159 339 17 277 251 210 40 121 264 229 111 109 219 254 276 228 343 414 126 314 150 314 271 396 344 354 176 66 266 110 84 307 116 215 274 72 206 30 424 269 228 157 60 264 299 232 233 409 153 369 350 35 327 160 198 339 163 92 203 263 203 236 312 142 255 326 94 400 141 252 431 183 171 88 21 96 73 311 160 122 343 274 118 52 258 46 165 269 242 341 382 255 49 23 164 217 42 149 233 176 100 36
 406 222 387 262 26 263 295 348 308 187 286 333 354 9 236 306 276 400 405 16 420 167 258 397 272 437 177 358 255 306 440 243 57 204 398 330 287 175 359 237 1 327 230 194 226 243 326 167 57 188 405 103 305 367 323 170 43 298 319 127 337 191 345 38 287 163 311 269 181 160 310 447 304 355 294 35 113 255 376 217 196 267 322 312 13 378 409 372 394 337 203 127 432 419 356 180 379 199 308 361 247 96 191 362 359 226 296 202 319 429 83 106 145 309 330 398 212 233 262 393 249 268 226 259 237 155 381 391 230 323 174 186 256 213 392 346 269 202 93 261 35 295 379 354 96 269 427 139 217 322 337 348 233 288 336 251 343 420 374 362 296 418 438 192 281 314 229 342 484 203 320 327 210 332 120 214 66 189 87 408 362 111 22 233 330 317 213 31 356 189 331 316 246 144 284 159 261 294 304 43 337 269 217 244 219 43 154 416 356 78 268 260 294 221 199 228 377 200 172 265
 86 189 74 225 335 277 63 156 209 207 210 163 215 331 152 282 244 107 138 342 104 166 213 148 86 140 198 105 267 267 126 165 312 297 123 171 46 160 181 199 327 1 108 149 152 91 124 164 349 209 83 234 43 62 232 183 304 225 14 201 230 237 150 329 52 179 46 165 157 230 18 123 281 95 210 340 240 146 50 162 281 148 143 258 325 76 93 46 123 80 232 255 110 137 117 233 59 265 153 140 249 332 251 99 166 298 165 206 88 135 310 251 278 158 72 138 197 172 66 151 210 161 168 94 238 178 66 72 109 132 185 207 170 158 158 292 76 265 245 216 356 306 166 197 232 138 103 266 136 154 147 22 188 253 10 172 310 94 49 117 190 92 114 181 94 310 99 227 163 205 184 56 136 191 208 133 264 214 248 94 133 287 334 255 197 293 115 354 310 148 46 246 180 220 258 296 67 82 220 369 143 156 184 244 112 336 221 145 237 293 159 195 39 140 221 100 51 134 169 175
 193 166 159 147 234 193 109 146 155 104 218 206 184 232 138 211 169 172 183 245 192 90 135 179 46 209 93 135 182 199 212 156 226 198 173 211 82 56 167 184 230 108 1 42 59 19 175 65 245 107 190 149 78 139 252 76 201 235 97 109 257 197 141 238 90 73 82 99 94 174 92 222 209 130 149 238 134 73 155 65 181 83 120 195 226 150 181 152 170 155 198 187 205 194 137 188 153 226 186 149 232 226 151 137 159 203 188 107 95 202 204 145 218 120 145 177 102 85 53 177 200 95 77 34 219 100 153 178 76 179 79 104 96 58 179 234 90 167 159 138 256 227 173 172 135 149 209 203 101 127 198 127 101 253 117 167 247 198 156 192 207 198 212 77 60 237 34 185 256 171 144 133 30 156 113 93 165 112 146 200 147 215 234 164 230 224 44 258 251 42 131 260 172 155 256 191 52 122 161 271 195 164 90 227 21 233 115 193 199 187 166 192 87 41 184 38 157 30 104 178
 234 173 198 130 196 169 144 164 152 70 234 233 189 195 152 194 152 208 213 209 231 81 119 206 80 244 56 165 157 185 250 170 196 164 205 236 121 23 180 193 194 149 42 1 47 60 206 38 205 73 231 125 118 178 270 35 163 250 138 83 277 193 160 206 127 33 122 97 93 166 133 262 192 162 142 199 93 74 196 46 146 87 137 183 189 188 220 193 202 191 197 171 244 226 165 183 193 222 211 172 237 184 116 169 176 171 210 77 126 237 163 104 204 130 182 206 75 69 92 203 209 95 60 67 223 86 193 219 97 208 39 69 89 37 203 223 122 134 134 123 219 205 193 181 102 171 250 189 114 140 227 168 82 264 158 181 232 239 197 227 226 239 253 43 89 217 62 185 295 173 149 171 18 162 83 106 129 78 109 241 172 195 196 137 252 208 61 223 239 11 170 275 184 143 265 152 91 155 155 234 225 183 66 232 44 194 75 223 200 147 185 205 126 33 184 65 198 21 99 194
 236 216 185 89 224 135 165 124 106 57 273 264 143 226 192 154 112 186 184 240 216 127 77 173 68 220 56 138 124 143 233 210 236 146 179 269 137 68 138 235 226 152 59 47 1 75 233 84 228 60 232 168 113 164 308 57 190 290 140 126 314 239 121 243 146 68 115 52 137 212 139 252 152 137 97 225 116 31 194 11 129 44 97 140 219 172 205 192 174 210 243 216 232 200 134 229 185 267 244 137 281 198 100 144 135 148 245 54 102 213 180 126 250 87 201 176 46 27 109 169 251 49 18 59 267 132 181 222 132 237 52 58 43 14 167 179 148 114 176 81 247 169 155 137 141 206 249 234 154 99 256 169 43 306 160 221 191 235 198 248 263 236 242 37 68 179 91 140 280 218 104 187 38 117 124 146 162 64 140 245 138 239 224 107 287 167 97 256 196 57 183 315 225 188 307 148 109 180 109 263 253 220 33 275 74 219 82 194 154 167 222 246 140 19 229 95 197 60 145 233
 176 160 145 161 249 209 92 147 164 122 209 192 189 246 130 225 183 162 175 258 178 95 149 174 41 199 111 128 197 212 199 148 236 216 165 197 64 71 169 178 243 91 19 60 75 1 160 77 261 125 173 158 63 125 241 94 217 226 80 120 246 195 141 250 72 90 69 109 95 176 74 206 223 122 159 252 150 84 138 82 199 92 122 207 240 137 167 135 162 137 196 192 190 185 132 188 138 225 172 146 227 243 169 129 159 220 176 124 89 192 221 162 222 125 128 170 118 99 36 173 193 105 92 33 214 106 139 160 68 164 97 122 108 75 175 245 75 184 169 152 271 242 172 177 148 138 192 207 96 130 183 110 116 245 99 158 259 182 139 175 196 181 197 95 58 250 26 193 242 168 151 115 48 162 125 88 178 130 161 182 143 222 248 181 217 237 43 271 263 59 113 250 164 159 248 210 35 107 171 285 180 153 106 222 26 249 133 185 206 204 155 184 69 58 182 31 140 45 106 168
 134 119 186 319 342 367 72 276 316 274 102 40 331 331 93 382 341 224 259 338 207 167 307 271 184 252 260 227 356 369 226 91 291 368 244 49 104 203 300 116 326 124 175 206 233 160 1 197 364 278 138 224 156 181 113 236 318 112 132 211 109 171 269 314 93 224 162 265 150 182 122 203 381 217 314 349 275 241 141 239 351 247 258 363 328 194 197 137 244 49 160 216 202 254 239 173 167 190 38 262 156 364 321 222 286 375 55 280 206 248 339 285 226 270 54 259 275 258 126 274 119 260 251 184 150 177 178 123 113 10 243 274 266 232 281 400 86 338 233 310 359 401 289 315 242 59 158 218 112 269 25 130 275 145 126 89 415 166 131 42 78 159 197 247 198 409 146 341 246 141 297 69 202 306 222 118 275 283 267 125 255 248 340 338 76 395 147 346 418 199 81 130 97 187 151 353 127 54 326 366 22 67 264 152 164 349 275 265 352 320 69 101 104 216 154 142 137 186 157 81
