NAME : domp300p150v7
COMMENT : (Deleplanque et al.) 
TYPE : DOMP
DIMENSION : 300
DISPLAY_DATA_TYPE: NO_DISPLAY
OPEN_FACILITIES : 150
COST_SECTION
 1 192 119 119 62 77 46 133 69 145 203 172 196 213 224 191 129 83 15 158 204 76 196 200 142 128 109 170 157 154 151 220 117 104 211 249 168 205 138 75 112 42 154 85 235 75 69 154 165 192 28 104 186 110 197 132 124 137 238 232 160 126 271 48 157 244 224 155 216 49 48 128 208 66 34 44 232 104 160 221 107 229 110 146 126 166 85 238 167 90 205 288 93 225 74 148 132 159 199 129 172 245 243 274 156 214 96 210 177 220 236 202 120 155 241 125 146 127 103 154 204 126 75 182 248 141 101 119 126 65 90 217 219 99 130 280 85 230 203 87 240 105 75 201 170 57 132 163 43 109 223 20 161 179 194 196 116 173 246 183 128 226 184 217 44 141 130 201 212 127 172 213 132 138 187 165 130 105 161 111 133 220 217 131 146 104 175 197 144 283 141 116 142 234 148 69 268 191 88 12 102 211 186 90 143 208 168 160 78 279 206 204 152 88 210 18 124 199 142 94 190 142 248 201 273 228 186 87 61 92 193 186 113 124 197 153 141 221 156 65 65 53 149 194 213 148 131 121 260 211 214 151 107 244 139 43 182 239 144 199 128 186 80 210 230 206 141 130 84 148 176 215 178 109 200 82 135 150 128 213 182 173 194 265 173 102 61 167 216 204 199 132 93 168 199 247 72 44 133 132
 192 1 216 274 131 211 209 268 247 307 378 356 109 375 42 116 305 272 182 348 174 135 291 184 50 259 293 53 312 294 178 220 131 282 363 135 220 54 315 259 241 151 39 219 354 265 130 320 227 361 181 229 343 141 63 312 261 65 163 380 158 256 130 231 42 108 372 330 180 240 239 66 17 181 202 222 223 292 348 44 143 166 300 178 247 296 254 367 229 104 380 197 100 390 264 292 141 268 378 188 85 167 198 408 179 69 98 94 145 200 181 210 310 303 195 263 67 268 290 123 60 315 265 201 181 59 191 283 315 132 250 387 380 186 155 179 138 174 134 106 116 206 157 18 360 243 216 334 150 93 257 207 241 106 106 364 175 342 203 249 220 94 364 325 163 239 263 155 388 311 143 250 243 320 249 69 295 201 105 141 190 354 156 164 297 171 193 355 266 150 165 207 227 342 150 194 193 14 269 183 291 261 98 107 155 20 265 344 239 154 153 67 84 274 377 178 196 123 309 136 58 52 152 137 155 89 369 251 218 110 8 229 109 73 128 264 125 169 39 134 251 244 266 56 45 337 215 311 396 147 103 247 296 390 193 164 366 125 264 160 260 372 257 154 122 51 155 286 254 171 187 192 46 84 267 238 321 276 279 247 217 83 228 200 348 124 239 285 184 360 312 108 150 235 120 187 219 177 238 154
 119 216 1 78 135 195 79 58 97 107 182 246 272 168 257 146 225 132 129 218 123 168 314 113 178 49 130 223 107 82 258 327 86 112 152 321 56 254 133 112 35 124 189 202 349 150 108 122 280 285 95 29 135 208 252 135 240 153 324 336 88 243 332 153 200 305 330 248 313 134 127 175 230 180 88 155 337 141 228 257 74 157 178 60 35 82 85 350 282 132 184 372 136 184 145 82 82 276 188 37 241 176 157 383 262 199 154 179 269 127 157 309 186 93 337 56 205 242 186 241 194 165 140 82 173 192 27 226 162 148 72 185 171 212 231 359 181 155 147 137 201 221 180 217 229 156 248 259 128 176 337 109 44 256 269 290 43 268 158 66 10 197 176 333 150 27 52 131 193 210 109 327 250 224 303 157 103 18 240 76 244 331 150 61 91 46 79 147 51 348 67 10 25 350 246 50 357 222 110 125 177 326 153 159 243 224 285 236 71 348 138 259 139 125 173 108 237 150 244 189 182 170 327 143 345 203 187 77 68 167 221 73 194 177 145 270 101 313 195 107 114 136 266 186 214 211 16 187 368 148 178 268 181 350 42 149 187 194 261 127 244 198 99 300 302 202 76 239 87 252 83 315 180 151 317 197 156 267 239 326 293 241 306 357 157 191 94 283 314 151 315 214 195 52 151 339 189 157 24 233
 119 274 78 1 165 186 76 32 57 34 108 186 307 103 313 221 179 79 133 153 199 190 296 188 230 36 63 269 41 39 269 338 152 46 95 359 125 303 57 65 43 146 242 190 318 107 149 48 278 233 108 52 72 227 298 60 216 211 353 292 164 222 377 129 250 349 286 198 334 103 96 221 289 183 88 136 349 78 166 312 138 234 123 137 49 56 37 314 280 176 110 403 180 118 100 32 154 258 112 113 280 253 232 342 274 269 194 252 293 201 233 319 128 37 358 26 247 216 138 268 262 98 94 155 249 238 91 190 94 174 30 114 108 215 247 393 201 231 223 178 276 217 193 278 162 126 244 211 150 213 337 101 98 290 305 239 115 219 232 119 82 270 100 308 161 76 34 208 119 158 185 327 236 172 298 223 26 83 272 142 249 294 226 135 28 113 154 83 51 391 143 85 89 323 265 81 384 278 53 129 125 322 226 193 260 285 270 178 42 389 215 305 205 69 104 119 239 225 202 209 249 224 361 219 383 275 111 33 63 199 277 138 224 220 220 252 171 337 246 145 73 103 246 253 280 149 90 129 327 225 252 257 128 305 118 160 111 269 241 203 222 121 50 326 340 269 150 205 39 265 159 333 244 198 309 175 84 243 208 327 297 280 309 382 81 216 61 260 333 89 289 244 210 113 226 364 175 162 67 250
 62 131 135 165 1 96 90 170 124 195 259 227 144 264 163 152 179 144 52 217 180 35 206 181 82 163 168 110 204 194 126 194 90 160 259 196 171 145 194 133 144 22 94 105 258 135 33 206 158 239 58 133 235 74 138 190 150 82 192 268 140 148 215 101 96 187 261 204 178 110 109 67 147 68 80 93 204 164 218 160 87 198 170 136 156 203 136 266 159 35 262 241 36 278 134 190 108 173 257 129 116 211 218 304 130 161 35 163 135 202 208 177 180 199 202 163 87 156 160 108 150 186 135 173 218 81 110 161 187 14 137 272 270 91 98 230 48 201 167 29 194 108 54 142 229 113 130 210 19 50 210 79 175 127 141 242 112 219 222 194 143 176 242 234 38 161 166 172 269 182 144 200 145 192 182 115 181 118 109 90 117 249 185 118 191 101 164 246 175 227 127 129 157 252 112 92 224 130 146 52 161 203 142 30 110 148 176 215 124 225 176 145 106 148 263 51 114 161 187 55 137 83 198 166 220 177 245 135 103 35 132 187 62 63 160 167 110 179 95 32 124 114 166 140 157 207 143 180 291 178 168 157 166 280 138 39 241 195 162 172 152 246 135 167 177 151 122 167 136 120 163 181 123 49 198 117 195 172 163 198 164 117 178 224 229 57 116 186 179 253 218 81 64 177 159 205 99 53 156 100
 77 211 195 186 96 1 120 206 130 206 248 156 173 268 233 247 100 124 68 160 271 78 120 269 165 201 155 172 220 223 97 159 180 157 272 223 244 205 188 127 187 88 174 9 164 99 123 211 94 152 103 180 246 82 193 180 55 175 199 174 228 53 253 60 171 228 166 122 168 87 92 148 226 31 110 51 171 142 155 228 173 291 121 218 201 238 149 171 96 130 251 247 131 278 103 216 197 83 240 204 160 305 310 209 101 253 120 257 138 290 301 141 129 222 191 197 150 61 101 126 242 154 108 255 311 154 176 73 157 88 159 267 275 41 87 244 74 294 262 123 288 34 55 225 171 69 60 124 86 119 152 90 238 157 173 154 189 133 313 260 205 270 226 143 60 217 203 264 256 115 236 143 56 119 113 209 190 181 141 177 71 154 279 202 212 177 247 255 218 259 212 192 219 161 107 146 224 206 142 72 110 138 237 108 99 230 91 145 148 253 269 199 201 134 262 89 59 256 100 78 229 171 216 261 244 271 222 154 135 103 210 261 106 140 255 77 202 177 174 120 117 88 74 232 245 150 207 129 196 272 263 74 113 185 214 60 217 290 70 264 57 217 139 171 206 241 209 76 148 96 247 162 214 139 125 31 171 78 69 143 115 162 126 218 220 90 125 93 166 262 125 116 66 245 255 201 14 46 210 90
 46 209 79 76 90 120 1 89 39 106 171 179 232 175 246 183 149 70 59 157 182 114 238 176 162 83 85 197 116 110 195 265 106 73 171 285 133 232 107 53 68 71 174 127 271 79 80 117 210 211 33 61 146 152 227 104 162 149 278 259 139 165 304 75 180 276 253 174 259 58 51 151 226 111 13 77 276 87 164 244 93 212 112 119 82 122 47 272 212 107 174 327 111 189 74 104 116 200 170 99 206 229 220 305 200 218 121 208 218 194 216 246 121 112 283 80 175 164 114 193 209 112 71 152 230 167 67 148 111 99 48 183 181 144 172 318 125 211 191 107 236 149 118 216 169 78 176 184 75 140 268 31 121 216 230 216 89 193 222 143 89 225 156 256 86 99 86 183 181 138 155 258 174 152 231 169 92 68 197 98 177 253 201 108 104 80 146 157 99 317 118 79 103 272 190 35 309 211 61 55 108 255 182 120 186 223 210 168 35 314 190 233 153 69 174 44 168 190 167 134 195 159 286 188 309 228 160 46 16 124 212 150 149 149 186 193 130 262 178 76 48 60 189 199 223 149 93 122 290 197 210 194 112 273 108 85 158 232 184 181 167 165 49 251 265 214 121 161 47 192 148 258 187 128 244 119 114 189 161 258 227 206 239 307 141 141 31 206 259 164 237 168 135 130 190 288 112 89 91 175
 133 268 58 32 170 206 89 1 82 53 127 217 312 111 308 203 208 108 147 184 176 199 320 163 227 10 94 269 50 27 283 353 141 77 97 363 98 302 85 92 29 154 239 211 345 134 149 68 297 264 117 41 79 238 299 90 241 205 361 321 144 246 378 152 248 351 316 228 345 127 120 221 283 199 100 158 364 109 197 308 128 210 153 116 24 34 62 342 299 176 128 410 180 128 128 25 139 281 134 93 283 229 206 371 288 256 196 236 303 175 209 334 159 37 369 10 249 241 167 277 250 129 122 129 225 238 78 218 125 181 50 128 115 231 259 400 211 207 203 179 258 236 206 270 193 151 263 241 158 217 355 117 69 296 310 269 100 249 206 88 59 254 123 333 174 48 6 186 137 188 165 345 258 202 318 212 53 69 278 130 265 322 204 118 35 100 129 90 19 393 124 67 63 349 276 80 393 273 83 143 155 342 210 198 272 277 293 209 59 392 193 306 194 99 116 130 256 207 231 219 237 220 367 199 387 260 136 55 74 204 272 109 231 221 201 275 157 347 243 147 99 128 270 242 269 180 67 160 356 203 235 278 159 335 96 172 137 250 265 181 246 148 77 335 344 257 132 232 64 279 135 345 235 197 330 198 115 268 234 345 314 284 326 392 104 225 83 285 345 95 315 251 222 83 208 374 196 177 41 262
 69 247 97 57 124 130 39 82 1 78 136 150 264 145 283 219 131 36 83 124 213 144 240 204 200 80 47 233 91 95 216 284 143 37 145 316 152 268 71 17 72 104 212 134 264 56 118 86 222 190 68 71 119 178 262 66 160 187 306 244 171 166 338 73 217 310 238 153 283 47 40 188 264 129 46 80 296 50 133 281 129 244 82 148 86 111 21 262 224 145 138 356 148 157 50 88 151 202 133 125 239 262 249 292 221 256 157 245 244 221 247 266 90 93 308 73 210 161 91 222 248 75 45 176 262 203 95 137 73 131 33 150 152 161 196 348 153 243 226 144 272 162 143 254 135 70 188 164 107 174 281 50 133 247 262 195 119 173 251 156 106 262 119 253 112 109 81 216 146 114 189 271 180 128 242 207 63 92 228 134 195 242 234 139 83 112 172 129 97 350 149 100 118 269 215 67 336 249 23 80 81 266 219 154 210 261 214 140 28 346 222 269 191 32 142 75 184 225 152 162 234 197 316 222 340 266 122 28 37 157 250 169 180 185 221 196 166 288 215 114 19 47 190 238 261 116 112 91 277 230 247 200 85 257 133 111 120 268 185 213 166 126 12 278 297 252 153 152 19 213 176 281 225 166 252 119 76 188 154 271 243 240 254 333 106 170 10 205 283 136 234 199 160 145 225 314 119 110 100 199
 145 307 107 34 195 206 106 53 78 1 77 180 337 71 345 252 184 88 159 145 227 218 311 215 262 60 62 300 16 40 294 361 185 51 68 389 149 335 39 80 73 176 274 210 326 117 180 16 299 232 137 84 42 254 330 46 230 243 382 294 194 237 408 148 282 380 289 200 360 121 115 253 322 207 116 156 373 79 159 344 171 262 124 166 75 58 61 320 300 208 78 431 212 85 111 34 185 273 82 143 310 281 258 345 298 301 225 283 321 227 261 343 127 28 385 52 279 230 143 297 295 91 105 181 276 270 123 200 86 203 59 82 77 238 273 422 229 259 253 210 307 238 219 311 152 142 264 213 179 244 357 126 120 320 335 238 147 220 258 138 110 302 71 319 188 100 58 237 87 159 215 348 253 173 317 256 17 115 302 174 272 300 255 166 21 145 181 53 69 421 173 115 115 333 292 113 412 310 66 156 130 342 258 224 287 318 287 174 72 419 244 337 238 77 71 148 261 256 207 237 282 257 391 249 413 307 84 60 93 229 310 161 254 252 251 268 203 365 278 177 90 120 261 286 312 142 118 128 330 254 283 274 131 307 147 187 86 300 256 232 237 97 69 354 370 301 181 215 62 291 186 358 277 230 327 192 73 257 219 348 320 311 331 409 52 245 85 274 360 60 301 273 237 135 257 391 194 187 93 276
 203 378 182 108 259 248 171 127 136 77 1 168 398 42 416 327 195 126 217 132 301 278 336 289 332 135 96 367 78 107 342 406 260 100 68 451 222 402 66 129 149 239 344 250 336 150 250 62 337 226 202 159 59 310 396 72 258 316 438 291 269 267 473 190 350 445 288 202 412 165 162 322 394 257 180 200 418 107 148 414 245 336 138 241 150 119 125 325 339 277 4 488 281 39 147 104 261 301 16 219 373 355 330 342 347 376 291 359 376 299 334 388 135 94 436 127 345 255 161 355 369 99 142 254 350 337 198 220 95 266 129 24 48 285 326 481 286 333 329 278 382 281 274 383 134 180 304 215 242 309 394 184 191 381 396 232 222 219 330 206 185 377 25 336 245 173 132 312 11 167 291 385 286 177 352 330 85 190 362 249 318 306 330 242 93 220 255 53 141 484 249 191 188 347 346 186 467 381 115 214 148 376 333 289 339 390 316 167 140 481 319 403 312 118 28 210 306 331 218 295 356 328 450 325 474 382 37 128 162 292 381 231 315 319 326 296 279 419 348 246 140 163 288 360 386 135 193 136 328 329 359 307 147 303 222 244 43 375 284 307 265 52 125 410 432 376 257 234 125 341 260 408 350 298 359 227 79 281 241 386 362 374 371 462 31 304 144 297 411 56 319 333 292 206 333 444 235 241 167 329
 172 356 246 186 227 156 179 217 150 180 168 1 328 205 383 359 58 116 177 38 360 224 191 353 308 219 124 324 195 217 244 291 282 142 225 377 301 358 143 135 218 209 318 152 174 102 239 174 218 59 192 219 203 237 347 135 131 307 350 124 318 141 409 127 318 383 121 46 313 127 131 291 372 182 178 135 304 109 23 380 270 390 70 296 229 235 163 160 219 259 171 395 262 207 107 210 294 165 154 274 315 408 398 175 248 384 259 380 291 370 395 276 61 207 335 210 301 125 69 281 374 90 109 326 409 301 243 90 95 225 177 191 213 195 241 394 225 390 369 255 410 179 207 368 36 116 193 55 210 266 265 163 280 312 328 65 267 56 400 302 254 396 146 181 194 256 219 362 171 46 334 258 164 39 223 336 170 242 296 275 217 143 380 286 198 258 321 206 235 414 297 250 266 189 260 213 371 353 138 178 73 244 355 250 252 374 181 13 177 407 368 353 322 123 193 188 204 366 71 231 360 310 369 366 398 398 132 172 184 248 356 317 259 285 363 163 307 325 319 236 135 123 154 364 383 39 261 60 161 375 383 181 68 136 283 193 126 407 151 359 136 118 149 322 361 376 299 98 161 246 325 305 348 275 224 126 109 143 107 260 246 317 252 363 155 243 155 154 311 212 167 271 220 292 366 347 145 181 246 244
 196 109 272 307 144 173 232 312 264 337 398 328 1 406 97 216 272 276 182 331 269 121 210 277 106 304 304 62 347 337 97 116 200 299 402 54 294 63 333 270 286 162 101 178 278 259 165 347 145 316 201 274 378 94 49 327 209 138 58 317 242 200 81 218 87 56 310 292 73 237 240 101 113 151 222 207 117 297 327 91 206 269 288 253 296 345 277 294 146 141 401 102 137 420 260 332 216 199 394 255 33 272 299 334 95 177 118 201 49 295 283 110 297 342 86 305 70 216 271 49 168 315 263 284 285 86 245 242 317 135 279 412 413 135 89 89 113 275 235 136 224 152 129 125 342 230 149 292 159 97 159 215 307 18 4 317 239 299 304 321 278 202 379 246 154 297 308 252 408 287 234 153 181 291 162 163 323 255 37 207 120 286 257 236 334 230 275 389 316 88 240 264 290 261 72 233 91 96 284 185 278 167 198 116 80 124 190 317 266 84 252 48 172 283 404 191 131 224 267 105 163 118 56 237 77 198 379 278 245 110 103 308 84 97 228 196 206 61 95 167 260 241 201 162 153 321 276 298 325 248 210 176 282 325 262 155 375 233 201 256 205 378 274 46 35 159 232 240 277 91 271 86 147 123 178 203 328 213 231 150 125 33 134 95 368 95 256 217 77 395 238 66 112 305 221 80 186 161 294 87
 213 375 168 103 264 268 175 111 145 71 42 205 406 1 414 313 226 145 227 168 281 287 363 267 331 120 114 370 64 87 359 425 251 112 28 459 199 404 81 143 137 245 343 270 369 172 250 60 359 263 207 149 34 322 400 90 284 312 450 327 253 292 478 209 351 450 324 236 427 182 177 323 390 272 186 218 437 129 184 413 237 316 167 225 135 94 130 359 361 277 40 499 282 17 167 87 249 327 57 203 380 335 306 379 364 366 294 346 388 275 312 407 166 76 451 114 348 282 189 365 360 128 162 232 328 339 188 249 123 273 129 24 9 302 340 491 297 311 312 279 367 300 286 378 171 201 325 249 248 313 417 194 168 389 404 269 210 254 305 180 169 364 61 367 256 154 117 293 46 198 275 408 310 210 376 322 84 179 371 240 336 340 311 228 79 210 234 22 121 491 234 177 169 379 359 182 480 379 128 224 175 400 321 293 353 386 342 203 141 488 300 407 304 135 15 217 325 316 250 305 347 326 460 308 483 370 76 130 163 298 379 206 323 322 310 322 267 432 347 247 153 180 315 352 379 170 176 167 364 311 345 332 175 340 205 255 82 359 310 288 291 92 134 422 439 367 242 263 130 356 240 424 344 299 384 249 106 309 269 408 382 380 392 476 53 313 152 325 426 20 349 342 304 182 318 458 255 254 149 343
 224 42 257 313 163 233 246 308 283 345 416 383 97 414 1 153 330 306 213 378 212 160 298 223 85 299 328 62 351 334 183 212 172 318 403 107 261 36 352 294 281 183 73 239 364 297 167 358 233 383 216 269 383 156 50 348 279 105 143 396 199 273 94 260 68 77 388 353 169 272 271 97 31 204 238 250 213 326 377 7 184 200 330 219 288 337 291 379 234 140 418 169 136 429 296 331 182 280 415 230 84 199 233 419 182 97 129 126 141 238 216 206 340 342 178 303 84 286 319 127 91 348 297 241 213 84 232 305 349 161 288 425 419 202 164 150 160 208 170 140 142 222 179 48 389 272 228 356 181 119 254 240 282 101 95 385 216 365 238 290 261 121 400 334 191 280 303 192 426 339 183 248 258 346 253 109 333 242 107 182 200 368 191 205 337 211 233 394 306 114 206 247 268 350 154 233 170 36 305 214 321 261 135 136 161 42 274 371 277 120 190 50 125 309 415 212 208 159 331 156 94 90 127 173 123 115 405 289 255 137 37 270 128 101 164 276 166 155 69 171 285 275 280 91 70 367 256 341 408 182 135 257 326 405 234 192 402 153 278 197 278 407 293 141 98 81 196 307 291 176 227 182 85 119 270 261 356 291 299 245 218 82 228 179 386 144 275 298 173 400 323 121 168 276 156 168 242 203 279 163
 191 116 146 221 152 247 183 203 219 252 327 359 216 313 153 1 320 252 190 339 60 178 354 72 114 194 262 154 252 227 256 314 78 246 295 249 125 168 273 234 179 161 116 255 408 258 126 267 299 382 168 170 280 206 175 273 301 85 272 417 62 299 244 238 130 223 410 345 281 233 229 126 123 219 182 233 320 267 344 156 90 54 292 90 180 223 216 416 300 119 329 310 120 329 254 227 69 323 332 111 186 62 84 455 259 64 136 36 239 86 68 300 302 239 299 201 152 306 291 212 65 293 252 97 72 136 131 307 291 162 206 330 316 239 228 293 188 60 20 126 56 257 202 106 351 247 277 353 163 151 342 197 153 207 213 385 106 362 89 154 145 54 319 384 188 161 198 40 338 315 40 333 295 327 323 54 245 138 198 86 258 400 42 87 237 110 91 292 193 264 80 138 146 401 232 153 304 128 238 188 287 341 19 149 234 112 325 347 199 269 38 181 50 249 318 174 258 10 332 191 60 102 264 22 270 60 329 209 182 157 123 129 175 134 13 317 53 273 122 130 230 237 316 63 88 330 138 303 441 33 33 305 292 429 109 188 328 51 313 46 302 337 225 258 234 75 72 315 217 249 84 290 71 118 340 265 291 323 311 331 298 184 311 310 301 185 211 336 284 295 368 187 205 143 9 294 249 203 165 229
 129 305 225 179 179 100 149 208 131 184 195 58 272 226 330 320 1 101 132 74 329 171 144 324 257 208 123 270 199 215 187 236 245 136 240 320 280 303 151 118 202 163 267 95 144 76 196 182 162 63 154 200 215 181 292 142 75 260 292 114 285 85 352 83 266 326 108 26 256 93 99 240 321 127 145 88 248 106 63 326 234 356 61 267 215 233 148 137 163 212 198 338 214 231 82 208 259 113 183 247 259 372 368 164 191 339 209 337 233 342 362 220 61 208 278 200 247 70 42 224 328 99 87 300 375 249 216 33 104 175 162 217 234 138 184 337 171 357 331 207 368 122 152 318 81 74 136 36 163 214 212 126 263 256 271 68 237 45 370 286 234 352 171 142 144 239 209 328 200 29 299 205 108 23 170 291 170 216 240 238 160 117 345 255 198 227 294 221 226 356 265 226 247 154 203 183 314 301 127 133 55 192 314 199 195 323 129 48 157 350 334 297 279 111 216 146 147 328 25 176 314 260 311 329 340 354 161 156 158 196 304 296 204 234 325 110 269 268 268 192 113 90 101 318 335 66 239 60 148 339 342 126 53 128 256 143 155 367 97 326 81 150 133 264 304 329 266 44 146 189 297 248 301 227 173 70 121 92 52 206 191 261 197 306 174 188 132 105 254 228 125 215 165 274 327 290 89 130 230 187
 83 272 132 79 144 124 70 108 36 88 126 116 276 145 306 252 101 1 96 89 247 157 224 239 223 109 32 252 103 116 217 282 175 38 151 329 187 288 65 20 105 123 235 127 240 30 144 90 215 157 93 105 125 186 280 57 143 214 314 214 206 150 353 65 239 325 208 121 287 41 38 210 288 132 73 75 294 22 98 303 162 278 48 183 117 133 49 236 217 169 129 363 172 155 24 108 185 186 120 160 254 296 284 264 222 286 178 276 251 256 282 264 55 110 311 100 229 143 60 232 277 44 18 211 296 224 130 114 44 148 64 144 152 160 201 357 164 278 259 167 305 157 150 280 101 57 182 133 126 192 273 67 166 259 274 163 154 142 286 189 140 294 105 232 123 142 109 250 135 81 223 264 167 95 232 237 73 127 241 166 193 216 269 174 100 146 207 134 126 363 184 135 152 247 221 101 342 272 27 94 48 257 251 172 215 287 200 106 62 359 257 286 221 12 138 95 182 258 124 172 263 222 326 256 352 297 104 58 71 174 273 203 194 206 255 181 199 294 238 140 23 38 174 267 290 82 147 57 249 264 279 189 52 227 168 122 100 301 169 247 150 104 34 285 310 281 188 128 47 216 211 283 253 189 241 106 53 170 132 264 239 255 249 337 97 182 42 186 286 141 214 212 168 179 259 320 111 117 133 204
 15 182 129 133 52 68 59 147 83 159 217 177 182 227 213 190 132 96 1 166 207 62 187 204 133 141 123 158 171 168 137 207 118 118 226 235 177 193 152 88 125 33 145 76 229 84 65 168 153 193 36 116 200 96 185 146 118 131 224 229 164 119 258 51 147 231 222 157 202 59 60 118 199 53 48 44 218 116 167 211 109 230 119 152 139 180 99 233 155 83 219 273 86 240 84 162 134 150 213 137 159 246 246 270 142 209 86 207 162 224 239 188 128 169 227 138 134 122 109 140 198 137 85 188 250 131 109 118 138 53 104 232 234 86 115 265 71 232 203 79 237 93 61 193 178 62 120 164 34 97 211 34 172 165 181 196 122 174 249 193 138 222 198 209 30 152 144 203 226 132 174 201 123 142 175 161 144 114 147 113 119 215 219 136 160 111 181 211 157 269 146 126 153 227 134 80 254 181 102 5 110 199 184 79 129 199 158 165 92 265 208 192 149 101 224 22 111 199 142 80 185 134 234 201 259 224 199 101 74 80 183 194 100 113 197 144 142 206 146 62 78 63 141 188 207 156 141 129 256 212 211 140 115 242 147 29 195 237 136 202 121 199 94 196 216 200 145 127 98 134 181 201 172 100 189 77 147 143 124 200 169 160 181 251 187 88 76 159 202 218 192 118 78 178 198 233 64 31 145 118
 158 348 218 153 217 160 157 184 124 145 132 38 331 168 378 339 74 89 166 1 336 220 216 327 298 187 92 320 159 182 253 307 262 109 188 382 272 355 107 108 188 198 310 158 206 84 225 137 234 95 175 190 166 239 345 99 147 294 358 160 294 157 411 119 311 385 157 73 324 110 113 283 364 182 158 128 320 78 17 374 249 367 49 271 198 200 134 194 235 247 135 405 250 170 87 175 272 186 118 248 314 384 372 211 258 370 251 362 297 343 370 290 39 172 347 178 296 142 61 284 360 56 88 298 385 295 218 105 61 217 147 155 176 200 247 403 223 366 347 244 391 188 205 358 13 106 205 85 199 260 285 146 249 315 330 101 242 89 373 270 225 379 109 210 188 225 186 339 135 49 311 277 179 52 243 321 135 215 297 254 227 176 357 262 163 234 294 169 203 418 272 222 236 220 266 189 382 346 109 166 57 265 337 243 259 364 202 36 149 412 345 351 306 94 157 173 214 346 94 230 346 299 375 344 404 382 96 142 160 242 348 287 256 278 342 182 286 335 311 221 110 106 174 350 370 11 233 38 197 353 365 198 52 172 256 186 90 388 170 336 153 83 120 330 364 363 276 117 132 254 298 317 335 265 245 131 73 164 125 279 262 316 268 375 118 241 130 177 322 175 195 270 221 262 346 358 147 176 216 249
 204 174 123 199 180 271 182 176 213 227 301 360 269 281 212 60 329 247 207 336 1 212 385 16 164 168 251 208 224 196 298 360 92 233 259 306 83 226 255 228 157 184 169 279 434 260 150 242 336 391 178 150 249 245 231 257 323 133 326 434 45 323 303 249 183 281 427 354 331 238 232 173 182 246 185 246 367 260 344 215 99 36 292 66 153 188 205 439 337 153 302 366 155 297 255 198 75 351 308 89 238 55 40 476 301 122 175 92 288 27 36 345 301 209 351 177 202 328 296 259 124 285 252 50 51 186 119 322 282 192 192 300 282 271 269 349 224 32 45 161 98 287 234 165 347 256 310 364 186 193 384 204 114 259 266 396 95 373 43 108 119 106 297 412 213 129 171 21 311 320 39 374 323 333 360 108 224 122 248 95 295 422 33 76 209 104 48 259 162 323 65 117 114 430 276 149 358 186 229 204 289 380 78 186 277 171 356 350 188 326 26 237 98 243 288 188 293 55 345 228 119 152 320 41 327 114 309 197 177 195 181 80 218 180 49 345 72 325 175 152 227 241 343 122 147 328 110 302 462 37 86 337 294 447 83 213 309 87 339 15 326 320 217 309 290 134 64 333 206 290 42 338 129 159 376 284 278 348 330 373 338 237 352 363 278 224 207 363 333 262 395 232 240 101 58 347 270 226 135 270
 76 135 168 190 35 78 114 199 144 218 278 224 121 287 160 178 171 157 62 220 212 1 177 213 89 192 184 101 229 222 92 161 122 179 284 174 205 136 213 150 174 46 98 85 233 142 67 228 125 227 83 163 259 41 126 207 130 100 164 249 172 126 197 103 96 170 242 195 147 119 120 71 151 47 103 92 170 177 218 156 120 227 174 170 186 232 158 242 127 60 281 214 60 300 142 217 141 146 274 163 98 238 249 282 96 178 45 184 105 234 238 143 183 225 171 191 78 136 160 80 166 197 145 207 246 78 143 148 198 22 161 292 294 61 64 205 14 231 195 53 215 80 25 149 231 115 100 199 42 43 176 95 209 104 119 229 146 208 253 227 176 196 259 207 35 193 195 202 288 180 175 166 119 187 149 135 204 151 86 123 84 227 214 152 217 135 198 270 206 208 161 162 190 225 79 122 196 131 163 65 164 170 167 32 76 154 147 212 149 204 205 133 130 163 285 72 82 187 175 22 154 94 174 194 197 196 260 159 129 26 134 221 39 64 188 140 141 149 98 66 140 122 141 156 168 209 176 184 269 206 191 128 169 260 172 36 256 218 138 203 130 259 154 138 155 165 156 152 158 86 196 149 138 64 166 104 208 148 146 165 131 99 144 194 248 27 136 161 147 277 191 56 30 211 186 175 85 45 188 66
 196 291 314 296 206 120 238 320 240 311 336 191 210 363 298 354 144 224 187 216 385 177 1 385 255 316 253 241 325 334 116 122 294 260 373 243 363 264 284 233 304 204 260 113 69 195 236 313 66 148 221 297 347 153 250 276 81 273 202 119 343 75 280 168 251 262 113 147 160 194 201 237 302 141 228 163 132 236 203 292 289 402 198 336 318 350 260 87 65 236 339 236 235 370 200 327 312 39 324 322 215 414 423 125 117 347 219 357 162 405 413 113 202 330 174 311 225 82 176 172 335 238 206 372 422 236 295 116 242 194 271 357 371 116 137 242 166 406 371 228 388 99 153 307 222 171 78 138 200 208 82 207 356 200 211 145 307 140 427 378 323 367 312 37 174 335 318 376 342 172 348 78 65 165 51 309 295 300 192 293 102 83 390 319 320 296 365 355 334 277 328 311 338 53 145 265 211 281 247 191 189 61 342 206 138 310 31 185 262 267 380 252 305 235 355 208 98 363 123 164 324 263 226 370 256 366 303 266 252 198 287 380 186 229 363 45 315 176 257 234 224 194 51 326 332 209 326 201 117 382 365 50 190 123 332 174 297 392 56 377 75 293 247 181 232 332 325 102 258 123 364 147 307 238 40 122 259 56 96 81 88 217 84 200 312 173 237 40 156 362 33 183 150 364 361 190 126 162 327 137
 200 184 113 188 181 269 176 163 204 215 289 353 277 267 223 72 324 239 204 327 16 213 385 1 171 156 241 216 212 183 301 364 92 223 246 315 69 235 244 220 146 182 177 278 432 253 150 230 337 386 174 140 236 248 240 246 321 140 334 430 43 321 313 244 191 291 423 348 337 232 226 179 193 245 180 242 372 251 336 226 97 50 285 58 141 174 195 437 339 156 290 375 158 283 248 185 74 350 296 80 245 68 46 473 304 135 178 105 293 22 46 349 293 196 357 165 209 325 289 264 136 275 245 36 62 193 111 318 272 193 183 287 269 271 272 358 226 45 59 163 113 287 234 176 338 251 310 358 185 198 387 199 100 266 274 390 88 368 48 93 107 121 286 411 212 117 159 35 299 313 44 377 322 327 361 118 213 113 254 93 296 419 48 70 197 98 36 246 149 333 60 107 102 429 280 142 366 196 220 201 282 382 90 189 281 182 355 342 179 336 40 246 106 234 275 184 294 69 340 231 130 159 328 55 336 128 298 187 170 198 191 66 222 185 62 344 75 331 183 152 219 235 342 134 159 320 99 294 459 51 99 336 286 443 73 212 298 102 338 29 324 309 208 316 299 147 61 329 197 294 30 344 140 164 378 281 268 346 327 375 341 244 355 370 266 227 199 361 339 249 394 237 242 87 72 354 267 225 123 273
 142 50 178 230 82 165 162 227 200 262 332 308 106 331 85 114 257 223 133 298 164 89 255 171 1 218 245 48 269 253 148 202 98 235 321 148 192 76 268 211 199 102 13 173 315 216 83 275 194 315 133 187 300 102 76 265 217 32 163 337 137 213 155 182 23 129 329 282 169 191 190 19 66 135 154 173 207 243 299 83 107 167 251 150 207 257 208 327 196 56 334 206 52 346 215 250 112 229 331 156 75 173 195 367 150 93 49 107 127 190 181 189 261 260 188 221 40 224 241 100 82 266 216 180 185 24 152 236 266 83 205 342 337 144 121 190 94 173 133 57 136 164 112 62 310 194 178 286 100 49 233 158 208 96 103 317 140 295 200 221 183 114 317 288 115 203 222 148 342 262 128 224 202 271 218 61 250 162 86 106 154 313 155 134 254 134 171 312 227 172 137 169 193 305 122 150 196 50 222 134 242 233 97 59 125 67 227 296 193 173 149 83 67 226 332 129 158 123 262 93 71 13 159 134 171 113 321 205 171 64 51 204 70 27 125 223 101 162 17 87 202 194 225 72 81 288 179 262 355 146 115 208 247 347 162 116 318 141 223 151 217 324 210 146 131 79 128 240 208 140 166 177 54 35 235 191 273 234 234 222 189 74 201 200 302 83 191 245 171 317 274 76 108 205 120 184 172 129 201 121
 128 259 49 36 163 201 83 10 80 60 135 219 304 120 299 194 208 109 141 187 168 192 316 156 218 1 96 261 59 36 277 346 132 79 105 355 91 293 91 91 20 147 230 207 343 134 141 75 292 265 110 32 88 231 290 95 238 196 354 321 136 243 370 149 239 342 315 229 338 125 117 212 274 193 95 154 358 111 199 299 119 203 154 107 16 41 61 340 294 167 136 403 172 136 127 34 130 278 141 85 275 222 199 370 282 247 188 227 296 168 201 328 160 46 362 10 241 239 167 269 241 132 122 122 217 230 69 216 128 174 47 137 124 226 253 392 204 199 195 171 249 231 199 261 197 148 258 241 151 209 350 112 64 288 302 270 91 249 199 84 51 245 131 331 167 41 5 178 145 188 157 340 254 203 313 203 59 60 271 121 259 321 196 109 43 91 122 99 19 385 115 58 56 347 270 72 386 265 83 137 156 337 201 190 266 269 289 211 55 384 185 297 185 99 125 124 251 198 230 212 228 211 360 191 379 251 143 53 68 196 263 104 223 213 193 272 148 340 235 139 97 126 266 233 260 182 59 161 355 195 226 274 159 335 88 166 143 242 262 173 243 154 76 328 336 249 124 230 63 273 127 339 226 188 325 195 119 265 232 340 309 276 321 385 111 217 81 282 338 104 312 243 215 78 199 366 192 171 34 255
 109 293 130 63 168 155 85 94 47 62 96 124 304 114 328 262 123 32 123 92 251 184 253 241 245 96 1 277 77 95 248 313 187 19 122 357 182 312 34 36 98 148 257 158 265 60 164 61 246 173 113 102 96 215 305 26 172 233 343 234 211 180 380 96 262 352 229 140 317 71 67 233 309 162 92 106 325 18 104 327 173 283 64 186 108 113 47 259 248 190 99 393 194 124 54 88 194 216 91 162 281 302 285 285 253 302 202 289 281 256 285 295 67 86 342 87 254 171 82 260 293 37 49 210 300 248 134 140 33 174 59 113 122 191 231 386 192 281 268 190 316 188 179 300 101 88 213 152 150 217 304 91 158 287 302 179 159 160 287 180 137 307 76 259 151 135 96 256 105 99 230 295 198 113 263 253 48 129 269 177 224 239 274 180 77 153 207 104 112 391 189 135 146 273 251 110 372 294 25 121 69 287 263 197 245 307 230 117 64 387 263 312 236 23 108 119 212 268 147 200 279 242 355 264 380 311 77 55 81 200 295 197 222 230 263 210 210 324 260 160 46 68 203 283 307 87 144 69 269 271 291 219 71 247 169 150 74 311 198 252 179 80 38 315 338 298 194 155 46 246 212 314 271 211 271 136 30 198 159 295 269 282 280 368 67 210 55 215 316 111 241 240 197 172 268 350 142 146 126 234
 170 53 223 269 110 172 197 269 233 300 367 324 62 370 62 154 270 252 158 320 208 101 241 216 48 261 277 1 308 294 127 169 145 268 362 101 239 36 303 242 242 130 40 179 306 241 121 312 177 323 166 230 340 95 31 298 219 79 119 336 183 212 110 202 26 83 328 293 130 216 216 49 62 144 188 192 172 273 318 57 153 207 273 197 251 300 243 320 178 94 370 159 90 385 240 291 159 221 365 202 34 211 237 360 128 119 77 140 93 235 222 158 283 301 147 263 25 226 260 72 108 294 242 226 224 32 197 245 295 105 242 379 376 142 106 144 100 214 174 92 165 162 119 70 331 215 169 296 128 61 205 187 254 56 59 324 186 304 242 267 228 143 351 276 133 248 264 191 377 280 174 198 198 287 198 102 287 206 53 153 141 308 196 181 294 179 217 351 270 126 184 214 239 293 99 191 151 41 254 159 264 210 137 81 104 71 216 312 230 127 191 38 112 256 370 159 148 163 271 95 103 59 113 175 125 139 353 242 208 79 48 251 67 49 166 217 147 121 34 124 233 220 220 102 97 310 225 284 349 187 149 199 269 345 208 135 350 173 219 195 217 355 243 106 84 101 175 246 243 120 213 141 86 73 216 201 303 231 239 195 165 32 176 156 337 83 225 238 134 357 264 60 108 251 160 141 182 145 245 105
 157 312 107 41 204 220 116 50 91 16 78 195 347 64 351 252 199 103 171 159 224 229 325 212 269 59 77 308 1 31 306 374 188 66 56 399 145 342 52 94 75 186 281 224 341 132 188 24 312 247 147 86 32 266 338 61 245 249 392 309 193 252 416 162 289 389 304 215 372 135 128 261 327 219 127 170 386 94 173 351 174 259 139 165 74 46 73 335 314 215 79 442 219 80 126 27 187 288 86 143 319 278 253 360 311 304 233 285 332 222 257 356 142 17 396 52 287 244 158 308 297 106 120 177 273 277 125 215 101 213 69 79 69 251 285 433 240 255 252 217 307 252 231 315 166 156 278 228 189 253 371 138 114 330 344 253 148 235 253 130 108 303 78 334 200 96 55 235 88 174 215 361 268 188 331 259 31 116 312 177 285 315 253 167 17 147 177 44 64 430 173 116 111 348 304 119 423 316 80 168 145 356 259 233 299 323 301 189 81 428 242 345 241 92 67 158 275 256 223 248 285 263 401 248 423 308 92 71 102 238 316 155 264 260 250 282 205 376 285 185 104 134 276 289 316 157 116 143 345 252 284 289 147 322 145 198 94 299 271 230 251 106 82 365 380 305 181 230 74 303 183 371 281 237 341 206 86 272 234 361 333 320 344 421 58 255 97 288 371 50 316 283 248 129 257 402 208 199 90 288
 154 294 82 39 194 223 110 27 95 40 107 217 337 87 334 227 215 116 168 182 196 222 334 183 253 36 95 294 31 1 304 373 167 80 71 388 116 327 77 102 54 177 264 228 355 144 174 52 315 267 140 66 55 260 324 84 254 230 385 327 167 260 403 167 274 376 322 233 367 141 134 246 309 219 122 174 385 112 196 334 153 231 157 138 49 19 75 350 317 201 108 434 205 103 138 8 163 296 116 117 308 250 224 378 309 281 221 260 326 193 228 355 161 15 392 33 274 254 174 300 275 128 132 148 244 263 104 228 123 205 66 105 90 251 281 424 234 227 226 204 281 254 227 296 190 164 281 246 181 242 374 136 85 320 334 273 125 254 223 101 82 278 107 346 195 68 32 208 117 192 189 364 274 206 335 238 48 95 303 156 285 331 225 142 20 126 149 66 35 418 148 92 83 361 299 105 417 299 90 164 161 360 235 222 295 303 308 210 77 417 215 331 219 105 93 152 275 230 238 242 263 246 392 222 412 284 122 70 95 228 298 125 255 246 224 290 182 370 269 172 111 141 284 267 294 179 90 162 362 225 259 294 164 341 119 194 124 273 279 202 260 135 88 359 369 283 156 243 77 300 155 367 260 222 346 213 110 281 246 364 334 309 346 415 88 248 99 298 367 70 327 274 244 99 231 397 213 197 63 284
 151 178 258 269 126 97 195 283 216 294 342 244 97 359 183 256 187 217 137 253 298 92 116 301 148 277 248 127 306 304 1 71 211 248 360 138 296 149 280 217 260 135 151 97 183 194 157 301 51 224 168 250 334 54 135 272 117 172 107 221 260 108 173 153 140 151 214 204 72 178 183 133 189 88 184 143 82 236 246 177 211 308 216 261 273 316 234 199 52 146 345 153 144 370 197 298 229 103 335 254 100 317 334 238 6 239 124 254 51 321 321 53 224 305 96 275 114 124 196 57 227 249 201 297 327 127 234 155 252 113 240 360 366 58 30 151 79 313 275 139 283 67 79 195 263 163 55 202 131 107 87 169 299 86 98 224 237 208 338 318 266 261 320 152 111 283 280 285 351 206 260 78 87 208 72 207 278 241 78 213 28 189 296 243 296 226 288 344 292 174 251 252 280 168 30 210 129 168 232 141 205 86 242 113 24 197 94 234 228 167 288 137 207 226 354 154 41 266 178 72 218 159 127 275 156 259 317 237 211 103 174 312 82 124 267 100 227 82 147 157 206 180 106 219 221 243 267 224 229 287 262 79 209 229 263 112 312 288 106 287 113 313 226 79 124 223 245 150 233 9 286 67 201 140 90 123 266 118 141 76 42 103 55 123 313 74 210 121 70 352 142 73 64 302 264 106 110 108 277 29
 220 220 327 338 194 159 265 353 284 361 406 291 116 425 212 314 236 282 207 307 360 161 122 364 202 346 313 169 374 373 71 1 276 314 428 132 364 178 345 284 330 204 201 157 186 256 225 368 75 260 237 320 402 121 164 337 162 230 87 239 325 152 169 218 188 157 233 248 47 244 249 189 227 156 253 208 14 300 297 206 277 367 275 327 343 386 302 206 73 211 409 116 208 435 260 367 295 130 398 322 136 374 394 242 66 286 187 306 77 384 380 19 281 374 54 344 164 168 253 103 276 310 265 363 385 179 303 204 314 181 309 425 432 124 97 123 148 372 333 204 332 126 149 237 315 226 104 243 200 168 48 238 368 115 118 258 305 247 399 387 336 310 384 155 180 352 349 346 414 259 322 46 129 258 73 262 345 310 118 279 90 204 354 309 365 294 354 412 362 162 317 321 349 166 85 280 91 208 298 210 264 64 298 177 86 237 115 282 297 152 347 164 266 291 419 224 101 323 221 140 268 213 112 333 140 307 379 306 280 168 214 380 143 181 325 131 290 64 196 225 273 246 139 268 265 297 336 281 236 345 314 112 267 243 331 181 374 340 142 348 156 373 294 74 127 269 310 194 301 76 352 33 252 201 82 182 329 151 186 43 46 138 41 80 378 140 278 146 43 419 153 129 134 371 320 70 172 177 346 95
 117 131 86 152 90 180 106 141 143 185 260 282 200 251 172 78 245 175 118 262 92 122 294 92 98 132 187 145 188 167 211 276 1 172 236 245 96 172 201 158 114 92 108 188 343 181 59 199 246 307 92 103 218 158 173 200 233 70 255 346 51 232 252 163 120 226 339 270 252 157 152 99 145 155 105 159 284 192 268 173 15 114 216 54 119 167 142 349 248 66 261 301 69 267 177 165 20 260 262 59 168 129 131 386 214 118 90 103 208 113 122 260 225 176 274 137 131 237 215 179 111 217 176 88 133 116 64 234 215 102 134 265 255 180 182 286 135 116 88 74 131 196 143 131 274 172 219 279 95 111 296 121 112 187 197 311 45 288 134 124 90 121 249 321 122 109 136 86 270 239 57 287 232 251 270 72 176 73 172 12 205 331 102 37 172 42 79 230 136 269 42 77 97 339 192 78 288 138 163 115 211 291 77 100 192 138 264 271 125 270 91 180 54 174 254 100 202 85 258 140 98 88 254 85 268 125 257 136 107 109 136 109 134 104 82 254 26 249 114 61 153 161 252 102 129 253 84 226 372 96 105 245 216 359 65 122 256 127 248 85 235 264 150 234 227 118 35 244 143 204 76 258 95 79 286 194 216 257 241 285 251 168 264 291 231 138 135 272 254 234 304 151 151 108 85 274 179 135 109 183
 104 282 112 46 160 157 73 77 37 51 100 142 299 112 318 246 136 38 118 109 233 179 260 223 235 79 19 268 66 80 248 314 172 1 116 351 164 304 35 32 80 140 247 161 277 67 153 55 250 189 103 84 90 212 297 31 180 221 340 248 194 187 373 98 252 345 243 154 316 72 66 223 298 161 81 108 326 33 121 317 158 266 78 168 90 98 31 272 252 179 103 390 183 124 61 73 178 223 98 145 274 285 268 299 253 287 193 274 278 238 268 296 83 73 340 70 246 179 95 256 279 55 55 192 283 239 117 150 51 166 42 115 119 191 229 382 188 264 251 180 300 190 176 288 119 92 216 167 143 209 308 85 140 282 297 195 143 175 269 162 119 292 83 269 147 117 78 239 110 113 213 299 203 128 267 239 36 112 263 162 225 252 257 163 63 137 190 99 95 385 172 117 128 284 249 95 369 284 17 115 82 292 248 189 243 295 237 133 48 382 246 304 222 27 108 111 214 252 159 196 265 231 351 247 375 296 88 38 67 193 284 179 216 221 247 217 194 322 250 149 42 70 211 270 294 104 126 85 283 254 275 224 85 262 152 145 86 295 206 235 186 93 26 312 332 285 178 165 30 245 194 313 258 201 277 142 46 206 169 299 272 275 282 366 70 205 45 223 315 106 251 234 194 154 252 348 145 143 108 232
