NAME : domp300p75v9
COMMENT : (Deleplanque et al.) 
TYPE : DOMP
DIMENSION : 300
DISPLAY_DATA_TYPE: NO_DISPLAY
OPEN_FACILITIES : 75
COST_SECTION
 1 214 95 64 257 236 214 156 263 88 94 121 76 164 172 288 293 336 85 250 67 167 236 17 177 369 177 312 112 153 271 179 267 155 336 105 161 145 189 107 90 90 278 138 65 223 107 157 41 56 46 145 103 229 108 263 263 281 148 204 192 304 179 273 47 119 235 232 375 227 136 112 296 74 247 129 78 220 151 92 296 221 35 184 56 104 217 226 370 329 67 81 240 199 162 159 30 167 162 155 116 135 92 178 154 259 242 75 162 56 184 187 92 139 297 162 207 131 63 243 303 273 101 94 75 156 104 165 233 167 229 134 329 83 107 128 106 245 300 119 248 331 131 283 104 112 228 227 228 190 364 43 132 277 120 186 261 256 118 270 221 192 284 150 221 264 222 218 67 123 141 179 39 166 278 163 199 158 173 316 128 72 293 54 159 286 93 326 232 246 180 143 74 252 293 266 183 136 73 123 217 66 218 156 175 281 225 72 78 139 81 215 227 157 323 191 133 239 131 254 18 277 128 274 27 207 343 230 91 31 226 92 268 137 213 166 218 200 252 223 133 196 99 259 105 147 35 56 220 158 273 290 186 127 67 217 109 275 332 143 252 149 90 62 94 226 85 180 130 100 293 204 117 171 27 302 90 159 269 272 326 123 108 272 220 217 67 229 65 193 178 128 277 230 280 293 190 316 182 129
 214 1 288 278 437 277 266 333 175 127 306 143 140 359 314 186 257 288 271 64 280 362 269 203 269 318 310 240 221 63 204 281 323 360 300 216 59 357 102 297 131 295 440 328 207 401 129 321 227 269 188 201 303 237 256 381 392 182 108 58 27 356 112 284 242 134 230 20 335 413 80 316 457 168 378 337 205 260 72 208 362 58 248 303 160 158 54 343 326 270 278 158 160 30 216 114 186 183 278 334 170 292 209 243 193 156 272 193 182 255 86 81 123 352 357 345 55 149 271 37 279 311 225 273 141 146 128 174 63 318 138 139 265 291 108 321 310 413 231 330 181 287 259 229 181 324 156 349 369 381 336 173 312 208 318 44 51 281 186 176 27 68 241 67 8 422 385 410 175 138 334 123 242 132 428 317 17 333 299 250 92 277 458 172 326 420 226 343 293 174 331 342 220 47 223 62 306 86 199 313 366 251 282 60 46 187 11 200 281 350 163 12 337 281 281 139 330 39 266 205 197 346 341 320 225 299 312 122 304 245 15 222 371 122 377 345 220 384 257 368 108 372 273 58 267 70 204 228 289 72 276 364 191 267 209 256 167 302 295 261 97 74 228 183 253 37 259 170 294 116 220 75 302 240 189 345 248 370 316 161 333 268 126 424 363 253 269 138 261 116 253 316 449 26 246 302 387 329 384 145
 95 288 1 71 275 321 299 63 357 169 57 215 160 178 232 382 386 429 19 333 71 181 323 97 257 461 240 406 98 228 365 255 346 153 427 96 242 122 280 147 178 28 308 44 154 247 198 205 65 62 140 236 22 320 60 321 316 375 239 263 263 382 271 362 51 164 326 304 466 240 214 128 325 122 301 60 90 307 235 181 371 279 71 252 137 198 301 289 461 423 45 132 334 267 252 251 113 260 236 62 139 194 181 264 246 353 329 167 255 112 274 239 171 107 373 67 267 226 98 320 394 357 185 23 152 251 194 259 318 222 323 228 423 103 186 35 122 274 395 65 342 423 206 377 197 69 322 288 279 204 454 127 40 371 31 252 329 343 210 364 300 249 377 229 293 299 258 226 161 164 165 272 58 259 316 217 274 66 241 410 212 31 320 118 205 334 177 410 313 340 232 55 73 318 387 330 250 220 164 29 264 131 299 229 244 375 298 92 25 119 128 285 293 228 415 285 43 318 203 348 106 353 106 356 109 282 434 322 60 75 301 81 332 230 250 199 310 221 342 272 188 226 157 323 171 227 127 61 300 221 362 363 280 199 156 304 136 361 424 220 341 233 173 106 50 306 35 274 50 176 388 292 158 257 113 382 163 139 351 365 413 65 165 310 271 305 31 323 118 285 262 162 300 307 373 380 195 401 181 164
 64 278 71 1 215 257 235 129 313 152 36 174 139 117 163 338 329 372 74 312 3 121 260 77 191 403 171 354 141 216 316 187 279 100 369 136 224 83 246 78 152 49 244 104 101 185 165 135 69 14 99 180 64 261 116 252 247 331 206 266 255 314 235 299 57 176 269 296 407 182 199 64 261 129 232 74 116 244 214 124 302 283 31 183 119 155 279 220 403 368 26 137 290 262 193 215 93 208 168 127 164 125 124 201 192 311 266 117 203 47 243 248 156 76 305 129 269 182 29 305 335 291 124 84 139 206 163 208 294 152 282 187 369 35 170 91 57 210 344 60 295 366 140 324 147 50 278 218 210 145 393 106 108 322 80 249 324 280 158 320 284 254 322 213 284 234 192 170 119 179 100 233 48 219 250 148 262 132 172 357 191 41 257 113 136 265 116 345 247 294 163 98 103 315 337 329 181 198 112 91 196 66 234 219 239 330 288 113 46 77 136 278 223 160 358 243 92 301 136 297 82 284 66 290 60 214 374 286 31 34 289 119 262 194 183 133 254 159 282 203 193 161 88 322 102 210 83 80 234 221 301 294 227 131 102 242 158 297 366 154 311 212 111 114 102 288 86 225 119 163 338 264 89 195 90 315 98 98 284 324 349 127 168 244 202 243 45 282 51 248 198 94 239 293 317 317 140 337 129 182
 257 437 275 215 1 247 236 314 382 325 219 297 312 99 133 405 345 377 284 445 214 96 257 273 197 397 141 389 355 381 366 183 231 123 364 349 379 159 362 152 311 248 49 286 233 37 309 117 281 228 260 251 258 284 329 136 116 399 334 446 421 246 348 288 271 374 298 455 390 36 364 152 59 330 113 234 328 249 365 230 223 462 239 156 302 280 414 142 390 385 237 337 367 432 246 335 283 282 173 311 372 146 228 228 264 392 261 245 279 202 369 435 331 176 231 306 449 294 199 453 336 256 213 293 321 307 310 288 425 124 373 304 390 182 341 277 159 35 381 219 359 369 182 358 258 210 357 134 100 72 370 290 302 371 265 423 487 268 255 390 431 438 348 373 444 57 60 52 266 379 118 340 260 325 74 123 421 318 154 386 348 251 51 310 112 108 212 298 223 362 112 266 316 481 378 497 151 352 240 283 90 197 220 387 410 394 446 323 254 159 337 441 153 166 364 337 270 446 175 344 272 215 172 246 234 185 361 385 216 238 444 333 160 320 66 95 290 59 291 95 384 65 168 491 171 370 247 294 212 401 297 211 288 173 232 250 365 270 364 185 427 364 210 318 315 432 298 303 322 339 382 391 143 226 278 255 191 144 244 404 311 338 360 70 100 253 257 373 194 355 217 131 29 442 339 295 81 299 97 385
 236 277 321 257 247 1 23 382 151 229 289 157 223 231 129 169 99 134 316 254 258 232 11 243 70 159 117 143 339 248 128 79 47 257 123 332 233 284 177 199 206 305 223 359 172 219 185 163 276 262 197 99 320 47 342 131 150 165 177 315 275 81 166 46 280 298 60 292 157 245 237 232 235 278 143 326 304 19 220 145 86 325 251 99 234 158 233 108 155 139 279 277 145 289 79 167 237 99 98 381 319 150 145 59 97 167 15 165 101 212 192 320 234 293 81 384 315 145 230 275 92 40 137 326 240 135 190 107 236 144 159 152 144 235 233 347 233 214 137 309 128 126 120 114 143 296 139 116 149 234 140 231 360 130 336 288 321 25 128 157 259 314 103 236 284 204 189 254 182 305 215 155 269 148 200 148 266 386 107 140 218 292 240 258 169 176 146 91 26 134 147 354 306 321 135 336 104 215 165 346 158 192 30 256 275 159 283 296 298 278 281 287 97 108 120 141 349 266 125 107 235 71 280 45 215 64 124 177 284 247 277 322 112 168 185 194 62 221 45 153 289 202 175 333 159 234 203 290 36 283 52 89 87 130 170 23 312 41 122 106 222 220 150 278 328 255 319 109 363 239 139 207 193 66 234 73 160 284 40 176 93 357 276 198 148 25 291 159 208 164 61 200 243 269 93 61 251 81 260 315
 214 266 299 235 236 23 1 360 153 210 267 139 203 213 112 173 113 151 294 247 236 214 27 222 50 177 101 154 318 232 133 60 61 238 142 311 219 264 167 178 187 282 216 337 150 206 167 145 254 240 176 79 297 50 320 129 146 169 162 301 262 98 155 66 258 279 63 281 177 231 221 211 229 258 137 305 283 14 206 124 99 312 229 83 213 138 224 100 174 154 257 257 143 275 59 154 215 84 78 359 299 130 123 37 79 167 33 143 86 189 181 304 215 273 96 362 301 128 208 266 110 61 115 304 220 121 172 93 229 127 155 136 158 214 215 325 212 203 147 287 129 143 98 124 122 275 136 108 139 218 161 210 338 137 314 274 311 46 107 160 249 299 114 221 272 196 177 239 161 286 196 144 247 135 194 130 254 363 90 152 201 270 233 237 151 174 124 113 28 135 132 332 284 310 144 325 88 199 143 324 147 170 20 240 260 163 272 275 276 258 260 274 90 88 136 132 327 257 104 111 213 82 259 64 193 52 144 172 262 225 267 301 113 152 172 177 59 206 58 143 271 187 153 322 138 219 181 268 28 267 71 100 76 109 148 16 292 63 140 85 217 205 127 257 306 245 297 97 341 220 147 198 173 44 212 92 138 264 59 177 115 336 257 191 138 19 269 155 186 155 39 180 234 259 105 83 234 103 242 296
 156 333 63 129 314 382 360 1 416 221 104 274 214 222 289 441 447 490 72 383 128 225 384 156 317 522 298 466 119 276 425 315 407 193 489 121 292 156 336 202 234 81 352 29 216 291 255 259 121 122 200 297 66 381 79 376 369 434 296 300 307 442 328 423 110 202 388 348 528 279 264 178 368 167 354 81 129 368 286 242 430 315 133 310 191 258 352 346 523 484 104 176 393 309 314 308 170 321 295 5 170 252 242 325 308 410 390 228 316 173 328 274 222 139 432 16 304 285 156 367 456 418 247 65 203 310 251 319 369 278 380 287 484 158 237 40 173 319 455 97 402 484 266 437 258 108 381 344 331 246 515 183 25 431 52 294 369 404 272 423 348 285 438 279 337 346 306 264 221 200 214 329 118 318 364 273 320 5 299 471 264 92 362 169 258 384 238 471 374 400 287 50 114 358 448 368 308 273 225 38 316 192 360 276 288 434 342 134 85 156 172 329 350 288 477 344 45 365 263 408 165 412 144 416 171 341 495 379 109 137 346 112 388 287 299 249 372 264 404 324 227 273 216 361 230 276 188 112 360 263 424 422 341 258 217 366 170 422 485 281 394 284 234 153 81 355 77 335 41 227 448 345 212 319 170 442 224 172 411 423 474 70 208 358 324 366 93 380 178 342 323 214 341 354 434 441 234 463 218 196
 263 175 357 313 382 151 153 416 1 205 347 143 208 338 251 27 88 114 345 127 314 340 141 262 186 144 242 67 333 180 32 200 191 355 127 326 159 370 91 286 187 351 366 400 213 349 163 277 297 311 219 143 364 105 353 280 298 20 125 228 186 214 93 134 307 260 92 183 161 371 180 317 380 266 289 385 302 141 154 193 228 232 293 227 229 160 122 251 152 96 326 259 24 198 140 111 247 110 211 416 293 252 193 155 129 22 139 197 115 271 106 244 206 373 220 423 226 133 292 156 112 170 200 352 222 108 168 108 116 263 42 130 91 306 196 390 315 350 57 372 24 114 212 58 167 361 36 259 289 350 163 235 393 35 382 205 204 142 157 9 150 234 72 170 179 347 323 376 197 267 316 89 301 99 345 265 171 418 229 76 168 333 384 254 283 325 207 185 175 21 272 404 311 209 49 221 231 161 202 385 294 255 171 187 196 18 176 295 340 363 264 186 241 219 108 73 395 148 220 46 252 217 359 182 255 203 140 55 343 288 169 323 262 131 317 308 95 343 112 292 240 326 257 221 244 170 233 306 180 217 123 234 97 224 212 138 287 157 122 204 88 155 211 273 343 141 341 90 385 206 46 104 285 157 247 201 232 376 180 26 171 368 241 343 287 135 329 42 272 80 166 297 383 156 80 147 363 170 368 277
 88 127 169 152 325 229 210 221 205 1 181 76 15 239 215 227 257 298 153 166 154 243 226 77 192 332 215 263 129 65 221 199 270 237 303 122 75 231 118 178 24 172 337 211 94 289 48 213 105 143 67 132 182 206 151 298 304 221 80 123 105 307 113 256 120 69 206 145 342 298 49 192 354 62 288 213 99 212 67 106 306 139 122 214 34 73 134 258 335 287 152 56 182 113 152 94 60 137 189 222 94 185 108 177 134 195 231 86 133 132 109 112 7 226 304 231 125 89 146 156 273 268 124 158 19 109 42 130 150 215 166 85 285 166 20 202 187 306 252 205 195 294 162 239 92 198 171 262 273 263 335 47 199 227 198 102 174 244 105 211 134 113 244 63 133 320 280 293 63 76 215 117 118 109 330 214 112 223 207 270 44 153 353 54 217 330 121 315 235 191 229 222 110 166 244 180 216 53 90 196 267 131 221 69 90 222 137 92 158 225 61 128 255 188 286 134 210 152 166 209 71 287 215 273 100 224 312 161 178 119 139 120 295 77 271 232 191 269 230 270 65 261 158 174 157 60 81 110 226 77 252 304 155 165 96 208 87 265 298 169 174 65 121 71 143 140 145 140 186 14 243 125 185 171 63 301 137 244 268 207 311 166 48 325 266 206 146 166 139 127 182 198 341 143 244 276 267 302 262 87
 94 306 57 36 219 289 267 104 347 181 1 208 169 122 187 373 363 406 68 343 34 126 292 104 221 437 196 389 146 244 350 217 309 98 402 142 254 69 279 99 183 30 253 77 135 193 198 156 86 39 133 214 41 295 113 273 266 366 239 290 283 343 269 332 71 196 303 324 440 184 228 75 270 149 251 40 128 276 244 158 329 307 60 210 148 189 310 243 436 402 31 158 325 289 227 249 121 243 197 102 178 150 158 234 226 346 298 151 238 80 276 270 184 55 332 101 294 216 60 335 369 322 158 76 166 241 196 243 326 175 317 221 404 56 199 65 70 219 378 26 329 399 170 358 181 19 312 241 228 149 426 135 87 356 53 275 351 312 193 355 314 277 356 243 312 245 205 170 153 198 112 267 67 253 262 170 291 108 199 392 221 38 264 137 155 282 149 376 278 329 183 66 113 342 371 355 207 229 146 68 213 99 264 247 265 364 316 127 38 65 156 305 248 188 392 277 63 331 166 331 111 312 52 319 94 242 407 319 6 64 318 126 285 227 197 146 288 166 315 221 216 172 116 348 132 240 116 92 264 246 334 321 261 161 136 274 174 328 399 184 344 242 145 133 100 319 83 260 105 191 372 297 109 227 119 344 130 86 314 359 380 121 191 256 221 275 46 317 83 282 229 111 245 322 351 349 140 368 126 200
 121 143 215 174 297 157 139 274 143 76 208 1 73 226 171 168 184 226 204 152 176 229 152 120 130 259 168 195 199 97 153 141 200 235 229 192 88 241 74 166 53 210 298 259 79 261 30 181 155 171 78 64 223 131 214 242 252 161 39 167 132 236 62 181 165 143 132 162 269 276 83 192 315 133 237 246 166 139 74 70 237 179 152 162 90 21 120 203 262 216 186 128 120 145 82 43 106 62 137 274 169 152 71 109 61 139 157 62 58 137 76 166 80 241 234 281 167 14 157 157 198 195 85 211 90 37 35 55 132 176 109 14 215 174 77 248 188 272 184 233 129 221 117 168 40 224 108 208 227 246 261 94 251 159 240 140 193 170 44 150 136 163 172 86 150 280 244 275 56 150 202 59 159 46 286 176 129 276 157 200 64 192 316 117 186 279 88 240 165 126 189 263 173 189 176 204 165 64 68 243 224 126 152 105 126 160 152 158 198 234 133 149 198 139 213 71 254 150 124 138 111 219 228 201 116 162 238 112 205 147 149 186 235 24 236 207 116 246 155 225 133 233 139 200 130 84 93 165 158 130 177 236 80 125 79 135 161 192 225 119 142 73 91 137 203 136 200 66 244 83 176 98 170 104 105 229 113 250 196 152 236 229 122 281 221 133 187 109 140 75 117 183 307 146 171 201 254 227 254 161
 76 140 160 139 312 223 203 214 208 15 169 73 1 226 203 231 256 298 145 176 141 229 220 66 182 331 203 264 128 78 222 189 263 224 301 120 86 218 124 164 22 161 324 203 81 276 46 200 96 131 53 125 172 202 146 287 292 224 84 136 118 300 117 251 110 77 203 158 341 285 61 179 342 61 277 202 96 205 77 95 298 152 110 203 24 67 144 248 334 287 141 56 185 127 145 97 49 133 178 215 98 173 97 169 128 200 225 74 129 118 116 125 20 213 296 223 139 86 133 168 270 262 113 150 18 108 41 127 160 203 170 84 285 153 33 193 173 293 253 193 197 293 150 239 83 186 173 251 261 250 333 35 191 228 188 115 187 238 97 214 146 127 243 75 146 307 267 279 51 84 202 120 107 111 317 201 124 215 195 271 54 142 341 48 204 318 109 310 227 193 217 212 105 179 245 193 205 62 78 187 254 117 213 82 103 225 150 88 148 212 61 141 245 177 285 136 201 164 154 209 59 279 202 266 87 215 310 167 166 106 151 116 285 78 258 218 187 256 226 258 76 248 145 187 144 72 68 103 218 91 248 295 152 153 83 202 90 260 297 158 182 75 109 67 137 151 138 138 180 28 244 133 172 163 51 294 124 231 261 212 306 162 57 312 254 200 136 170 125 131 174 184 328 155 243 271 253 297 248 94
 164 359 178 117 99 231 213 222 338 239 122 226 226 1 104 363 324 363 187 377 116 5 238 179 165 389 116 361 257 300 330 154 234 33 353 252 301 71 298 63 229 151 132 194 153 71 232 69 184 130 174 197 162 255 231 169 157 357 264 361 341 261 284 276 173 282 267 378 386 65 282 55 148 236 144 143 231 225 288 158 243 377 142 134 213 207 345 150 384 365 139 243 320 350 199 268 191 229 136 219 276 87 157 191 210 344 244 168 226 110 302 347 245 87 248 215 363 228 103 379 321 254 145 196 232 246 232 234 358 89 320 236 368 85 257 183 61 98 352 126 316 355 127 329 188 115 308 145 121 28 368 200 207 335 171 340 408 255 190 346 358 351 322 293 366 125 87 56 185 286 26 278 163 263 143 85 343 226 125 360 268 154 143 217 64 167 140 305 212 318 89 176 219 401 347 416 129 274 162 188 105 109 202 305 327 353 369 226 156 69 243 362 158 127 348 280 178 373 119 308 179 228 79 248 142 170 354 329 119 142 368 235 187 250 81 40 255 44 269 113 294 54 88 410 98 290 159 196 198 315 282 232 242 115 152 225 269 264 352 137 366 286 137 223 217 360 200 251 226 252 349 324 58 187 186 266 115 62 243 357 314 240 269 137 115 228 159 320 102 294 182 45 123 368 314 289 29 301 31 291
 172 314 232 163 133 129 112 289 251 215 187 171 203 104 1 275 224 261 234 316 162 104 137 186 67 287 13 264 283 263 238 54 132 132 251 276 257 164 232 88 197 210 128 262 124 99 188 37 208 172 155 120 224 158 271 92 92 269 208 331 301 162 218 174 205 276 171 332 283 122 247 117 145 239 76 220 250 125 243 111 146 346 170 31 201 157 286 58 282 266 188 242 236 313 114 206 189 150 42 287 283 39 109 97 132 261 142 131 148 125 241 325 221 176 150 287 333 167 136 326 220 151 93 244 216 177 191 157 296 16 241 177 270 132 228 250 120 104 256 201 228 254 56 233 134 189 226 57 59 106 265 191 269 243 238 306 363 152 128 259 305 325 225 253 321 109 75 128 153 281 91 209 193 195 116 20 299 293 24 263 228 203 146 216 41 117 95 203 109 231 22 251 244 359 252 374 26 231 126 252 53 109 100 270 292 264 322 243 208 159 244 319 62 35 247 206 249 318 50 216 181 129 163 145 146 68 252 254 182 168 319 262 100 194 68 66 161 95 169 56 278 76 78 370 68 251 149 223 95 289 181 136 157 51 122 126 275 162 250 55 296 242 95 231 256 305 242 171 280 228 255 262 79 95 185 165 85 160 141 273 211 284 257 112 52 129 205 241 117 225 87 81 139 316 216 186 123 199 132 290
 288 186 382 338 405 169 173 441 27 227 373 168 231 363 275 1 93 109 370 132 340 365 159 286 209 136 265 58 355 198 43 223 207 380 125 348 177 396 111 312 210 376 388 425 239 372 187 301 321 336 244 169 389 125 376 299 317 8 148 241 200 226 115 147 332 280 111 192 154 395 200 343 401 288 309 411 325 161 174 218 242 243 318 249 252 185 134 272 145 89 352 281 49 211 165 135 271 136 234 441 314 277 219 179 155 34 156 222 140 296 125 259 228 399 234 448 239 158 318 163 117 184 225 377 245 133 192 133 125 287 63 155 83 332 217 415 340 373 52 397 48 111 237 64 192 387 62 280 311 375 160 259 417 41 407 220 210 157 183 19 160 248 79 188 190 368 346 400 223 287 341 113 326 124 366 289 184 443 252 69 189 359 405 278 307 344 232 192 193 46 295 429 335 216 47 227 254 181 227 410 317 281 191 204 212 11 186 318 365 389 286 198 262 243 106 98 420 156 245 63 277 232 385 196 281 224 139 71 368 313 178 346 280 155 340 333 116 367 127 314 259 349 283 228 269 189 259 331 199 234 135 249 122 249 238 158 308 170 120 228 93 175 237 297 367 151 365 116 409 227 42 119 311 181 271 212 258 401 195 26 177 392 262 363 308 155 354 63 297 102 189 322 405 165 88 156 388 178 393 297
 293 257 386 329 345 99 113 447 88 257 363 184 256 324 224 93 1 44 377 214 331 325 90 296 160 77 213 48 382 250 57 172 125 347 47 374 231 370 161 284 235 374 320 427 232 317 211 257 331 331 249 151 388 71 394 225 245 93 183 307 264 137 157 62 339 321 61 267 86 343 245 317 331 315 240 402 348 100 222 207 156 312 316 195 273 195 205 205 79 42 348 311 98 277 137 169 285 128 188 447 350 239 207 136 141 109 85 220 133 284 178 319 260 377 147 452 305 171 304 242 25 100 207 386 272 149 216 131 201 238 120 173 46 314 253 415 316 312 46 386 77 39 203 31 191 374 102 213 247 329 81 275 424 55 406 282 290 79 176 91 233 311 17 238 262 301 287 351 229 328 306 148 330 151 295 242 251 450 202 42 229 358 337 299 262 269 215 100 123 84 244 426 354 294 48 307 200 224 223 413 256 266 127 257 271 86 259 340 365 364 316 268 194 198 31 129 419 234 210 53 287 150 363 112 278 162 58 137 359 312 252 368 203 182 283 289 77 318 56 251 305 298 256 306 241 238 260 344 134 288 51 165 108 215 231 100 343 85 42 190 176 223 219 320 382 226 377 119 421 262 53 183 280 141 283 124 236 372 112 111 85 410 300 294 246 97 356 120 282 148 144 289 340 241 14 66 345 86 354 339
 336 288 429 372 377 134 151 490 114 298 406 226 298 363 261 109 44 1 420 239 373 364 126 339 199 34 250 52 424 287 86 210 150 387 20 416 267 411 197 325 277 417 349 470 276 351 252 295 374 374 292 194 431 113 437 251 271 112 223 340 298 152 194 90 382 361 104 297 48 377 284 358 358 357 268 445 391 138 260 250 173 345 360 232 315 237 235 236 39 22 391 352 130 310 180 209 328 171 227 490 391 279 250 177 184 134 120 263 176 327 214 355 301 419 164 495 338 213 347 269 43 124 249 429 314 191 258 174 229 276 152 215 29 356 294 459 358 343 59 428 110 9 244 62 234 416 137 244 278 367 52 318 467 81 449 316 317 111 220 114 263 345 55 276 292 330 320 387 272 368 345 187 373 191 323 280 283 493 239 42 269 401 365 342 300 294 258 103 156 116 280 469 397 322 66 334 237 262 266 456 289 308 162 294 306 105 289 383 408 405 357 299 225 237 15 168 462 261 251 91 330 171 405 135 321 197 33 167 401 355 282 411 227 223 317 326 120 354 95 283 344 334 298 334 282 276 303 387 168 325 82 184 151 256 274 139 384 109 17 231 200 260 262 362 425 255 420 161 464 302 70 216 320 182 326 138 278 413 137 132 86 453 340 322 279 137 399 152 325 184 184 329 370 269 57 85 383 93 392 378
 85 271 19 74 284 316 294 72 345 153 68 204 145 187 234 370 377 420 1 317 75 190 317 85 254 453 241 396 81 212 354 253 344 164 420 79 226 135 266 150 164 40 316 59 147 256 185 208 50 64 130 228 39 313 46 324 320 363 226 245 246 380 258 356 39 147 319 287 459 250 198 135 333 104 304 77 72 302 219 174 370 261 67 252 122 187 286 290 454 414 49 114 322 249 245 238 100 251 234 72 121 195 174 258 238 340 323 159 246 111 259 221 155 121 371 79 249 214 99 304 387 353 180 11 136 239 181 249 302 224 310 216 414 108 170 51 129 282 384 80 331 415 204 367 188 83 310 290 282 213 447 113 48 361 49 235 311 337 202 352 283 231 368 213 276 306 264 237 151 146 172 259 49 247 322 220 257 74 241 400 197 34 328 101 209 338 172 406 310 329 235 73 55 301 377 312 250 205 156 43 269 129 296 212 227 363 281 74 31 132 110 268 293 227 407 273 60 301 201 338 94 351 119 352 103 280 426 309 70 70 284 63 333 217 256 205 302 229 335 276 170 233 157 305 170 210 118 44 297 204 356 362 271 197 149 299 118 356 416 217 326 217 168 89 34 290 17 264 48 160 377 277 161 252 100 379 161 152 347 353 408 55 147 316 274 299 30 310 118 272 257 167 309 291 365 374 206 397 193 146
 250 64 333 312 445 254 247 383 127 166 343 152 176 377 316 132 214 239 317 1 314 380 245 241 262 267 310 189 276 108 158 275 299 384 253 271 92 387 85 317 161 337 442 375 227 409 150 330 270 305 215 197 346 210 308 371 385 129 114 120 86 328 99 252 284 190 200 64 285 426 120 340 458 217 373 377 255 239 100 220 338 118 284 300 198 171 34 336 276 220 316 208 118 93 207 111 224 171 277 384 226 302 222 232 186 107 246 211 172 282 77 144 163 384 332 394 117 152 301 33 237 283 235 321 182 139 151 163 21 323 98 143 214 319 148 367 336 418 181 368 139 240 264 184 190 360 119 342 367 397 289 210 361 161 362 106 79 253 191 126 40 131 198 105 65 422 390 425 198 195 353 108 282 122 426 323 70 384 298 199 123 318 460 217 336 413 239 307 273 132 335 386 269 85 174 96 304 115 217 360 367 274 265 110 104 135 60 250 323 380 213 74 328 282 234 116 375 27 272 165 234 324 372 293 255 288 266 80 340 280 52 275 358 129 382 358 194 396 225 367 165 382 290 97 281 108 232 274 273 131 242 342 173 274 228 235 223 272 248 262 40 102 241 231 303 30 307 152 345 158 170 55 320 230 226 316 263 397 290 108 295 321 178 422 362 232 311 98 287 94 243 334 453 39 205 267 405 293 405 203
 67 280 71 3 214 258 236 128 314 154 34 176 141 116 162 340 331 373 75 314 1 119 261 79 191 404 171 356 142 218 317 188 280 98 370 137 226 81 248 77 154 49 243 103 102 183 167 135 71 15 101 181 64 262 118 251 247 333 208 268 258 315 237 300 59 178 270 298 408 180 201 62 260 131 231 73 118 245 216 125 302 285 34 183 122 157 281 219 404 369 27 139 292 264 194 217 95 209 168 127 166 124 125 202 193 313 267 118 204 48 245 250 158 73 305 128 272 184 29 308 336 292 125 85 141 208 165 210 296 152 284 189 371 34 172 91 56 209 345 59 296 367 140 325 148 49 279 218 209 143 394 108 108 323 80 252 326 280 159 322 286 256 323 215 286 232 191 168 121 181 99 234 50 220 249 147 265 132 172 359 193 42 256 115 135 264 117 346 248 296 162 97 105 317 338 331 181 200 113 91 195 67 234 221 241 331 290 115 47 75 138 280 223 160 359 244 92 303 136 298 84 284 64 290 62 214 375 287 30 36 291 121 262 195 182 131 255 157 283 202 195 160 88 324 103 212 84 82 234 223 302 294 228 131 103 243 160 297 367 154 313 214 112 116 103 291 87 226 120 165 339 266 88 196 92 315 99 96 285 326 349 128 170 243 201 244 46 284 51 250 198 93 237 295 319 318 138 338 127 184
 167 362 181 121 96 232 214 225 340 243 126 229 229 5 104 365 325 364 190 380 119 1 239 183 166 389 116 362 260 303 332 155 234 35 354 255 305 73 300 66 233 154 129 197 156 68 235 70 187 133 177 199 165 257 234 168 155 359 267 364 344 261 287 277 177 285 269 381 387 62 286 58 145 240 143 146 234 226 291 161 242 381 145 134 216 210 348 149 385 366 143 247 322 354 201 271 194 232 138 222 280 89 160 192 213 346 245 171 228 113 305 351 248 90 248 218 367 230 106 383 322 255 147 199 235 249 235 236 361 90 322 239 370 89 260 186 65 95 353 129 318 356 129 331 191 118 310 144 120 25 369 203 210 337 174 343 411 255 193 348 361 354 324 297 369 122 85 52 188 289 29 281 166 265 141 85 346 229 126 362 271 157 140 220 64 165 143 305 212 320 89 178 222 405 348 420 130 277 165 191 103 113 203 308 330 355 372 230 160 71 247 365 158 128 349 283 181 376 121 310 183 228 82 248 146 171 355 331 122 146 371 239 186 253 79 40 257 41 270 112 297 52 91 414 101 294 162 200 199 319 283 231 244 117 155 226 273 265 353 138 368 290 140 227 220 363 204 253 229 256 351 327 61 188 190 266 118 63 244 359 314 244 273 135 113 229 163 322 106 297 183 48 120 371 316 290 26 302 30 295
 236 269 323 260 257 11 27 384 141 226 292 152 220 238 137 159 90 126 317 245 261 239 1 243 75 152 125 133 338 242 117 85 55 263 117 330 226 289 169 204 202 307 233 362 172 228 181 170 276 264 196 97 322 37 342 141 160 155 171 308 268 87 158 41 281 294 49 284 151 254 231 237 245 276 153 330 303 17 214 145 94 318 253 107 231 154 225 117 149 131 282 274 135 282 77 160 236 93 103 383 317 155 145 60 93 157 7 164 96 214 184 314 230 298 89 386 308 140 233 266 85 44 139 327 237 129 186 101 228 151 150 147 135 239 229 349 238 223 127 313 118 118 124 104 140 300 130 125 159 242 135 229 361 120 339 281 313 21 125 147 251 308 93 230 276 214 198 262 180 301 221 147 270 140 210 155 259 387 114 130 212 294 250 256 176 187 147 92 36 124 155 357 305 313 125 328 112 210 165 348 167 195 38 250 268 148 275 295 300 283 278 279 107 113 112 133 351 258 130 97 234 80 284 51 216 73 119 168 287 249 269 321 122 162 194 201 52 230 35 163 284 210 179 325 163 228 203 290 45 278 45 98 80 135 170 20 309 41 115 110 213 214 151 276 328 246 320 101 363 234 129 199 198 67 233 78 163 289 47 166 91 357 273 208 158 21 292 150 210 156 63 206 253 261 83 58 258 81 267 312
 17 203 97 77 273 243 222 156 262 77 104 120 66 179 186 286 296 339 85 241 79 183 243 1 188 372 190 312 100 141 271 190 276 171 340 93 151 159 184 123 83 97 294 141 73 239 102 171 36 68 48 150 108 234 100 276 277 279 143 190 180 314 175 280 47 104 239 221 379 242 125 128 311 58 261 137 65 227 142 99 307 207 47 196 44 104 208 239 373 331 76 65 239 186 168 155 18 169 174 156 101 149 100 185 158 256 249 80 164 72 178 172 81 152 307 163 193 131 79 232 307 281 110 92 63 156 98 166 225 181 226 133 331 98 96 131 121 260 301 129 247 334 143 284 107 122 226 240 242 206 368 32 132 277 124 173 248 263 122 268 211 178 286 140 209 279 237 234 68 108 157 175 43 163 293 178 188 158 186 317 119 78 309 38 174 300 103 333 241 245 194 148 63 239 294 253 196 127 79 125 232 81 226 144 163 279 213 58 83 153 65 202 239 169 326 189 137 228 143 255 10 287 142 283 42 218 347 226 102 44 215 81 280 134 228 182 222 215 257 237 118 212 113 246 119 136 42 49 229 145 278 301 189 140 75 224 93 283 336 155 246 140 100 47 87 216 82 181 126 88 294 197 132 179 17 311 103 173 278 269 333 116 93 287 234 224 71 226 80 189 186 144 293 219 283 299 206 323 198 113
 177 269 257 191 197 70 50 317 186 192 221 130 182 165 67 209 160 199 254 262 191 166 75 188 1 226 57 199 286 226 172 15 91 189 191 279 216 215 178 130 170 239 184 293 115 164 154 98 217 196 145 69 254 92 284 113 125 204 162 296 261 128 164 115 219 258 105 286 225 188 212 163 199 230 112 258 251 62 202 91 120 309 188 41 187 122 234 76 223 201 214 231 172 274 55 157 184 92 29 316 274 81 90 32 77 197 82 113 91 146 189 294 197 224 120 318 297 122 163 276 158 102 78 264 198 125 158 100 242 80 179 132 205 167 200 281 164 165 190 241 163 191 52 167 101 228 163 82 107 171 209 182 295 177 270 269 317 94 89 194 257 292 159 215 276 164 138 194 134 265 147 155 208 142 166 83 255 321 44 198 192 227 202 209 103 153 85 156 58 167 87 287 250 315 186 330 46 193 112 281 110 127 44 234 256 199 276 243 233 209 234 276 69 39 185 148 282 268 57 150 180 101 211 100 154 34 193 194 216 184 273 267 106 149 132 130 95 161 105 108 255 142 106 326 91 213 146 232 44 257 120 116 94 62 113 61 266 108 189 38 238 201 89 227 269 254 258 112 301 203 189 209 124 33 181 126 94 215 95 209 160 298 238 162 103 64 227 179 141 168 21 132 199 267 151 130 186 148 195 275
 369 318 461 403 397 159 177 522 144 332 437 259 331 389 287 136 77 34 453 267 404 389 152 372 226 1 275 79 457 319 117 236 167 414 36 450 299 440 229 354 310 448 366 502 308 373 286 321 407 406 325 226 463 143 470 267 288 139 256 371 329 162 227 114 415 394 136 326 22 400 317 387 374 390 286 476 424 166 292 282 185 375 391 257 348 270 266 257 13 49 423 386 161 341 211 242 361 204 254 522 424 306 282 206 216 163 146 295 208 358 246 386 334 448 175 527 369 246 378 298 70 142 280 461 347 224 291 207 258 301 183 248 54 386 327 490 387 363 88 459 142 39 273 95 266 447 169 264 298 391 38 351 499 112 480 348 345 135 252 143 293 377 88 308 322 348 341 410 305 401 372 220 406 224 339 305 314 525 264 70 302 433 381 375 326 309 289 109 179 148 304 500 430 351 96 362 261 295 298 488 310 339 187 327 338 133 319 416 440 434 390 330 246 264 47 201 493 290 279 124 363 186 434 152 353 221 37 198 432 387 311 444 243 256 339 352 152 378 123 304 376 358 327 363 312 308 335 420 192 357 108 196 184 284 306 166 417 129 39 260 228 293 293 395 458 284 452 194 497 336 99 247 348 212 359 149 309 440 155 160 93 486 373 339 299 165 431 183 355 216 212 357 388 299 90 103 408 103 418 412
 177 310 240 171 141 117 101 298 242 215 196 168 203 116 13 265 213 250 241 310 171 116 125 190 57 275 1 253 288 260 227 43 120 144 240 281 254 175 225 98 196 218 133 272 125 109 186 49 214 179 157 114 233 147 277 87 90 259 203 329 298 150 212 162 211 277 160 328 271 132 245 128 149 242 74 230 254 114 240 110 135 344 177 19 202 154 280 50 270 254 196 244 227 310 106 201 192 142 34 296 286 47 108 87 125 252 131 131 140 132 235 324 221 187 139 296 331 162 144 321 208 139 92 251 217 171 189 150 290 28 233 172 258 141 227 260 131 111 245 212 218 242 54 222 131 199 217 51 60 118 253 193 278 232 247 304 359 140 124 249 300 323 213 251 317 114 83 139 153 283 103 203 199 189 119 32 295 301 14 252 226 211 151 219 53 116 95 191 97 222 32 261 249 355 241 371 14 228 127 261 58 115 88 268 290 254 318 247 216 170 247 316 53 29 236 198 258 313 50 205 185 118 174 133 151 56 240 246 191 174 315 267 93 189 77 78 151 106 158 59 279 87 85 366 73 248 151 229 83 288 169 126 148 52 123 114 278 149 238 50 289 239 96 234 262 299 249 163 288 228 244 256 89 86 188 154 88 172 129 264 199 291 258 115 54 117 212 233 124 218 77 92 146 311 205 174 135 187 145 292
 312 240 406 354 389 143 154 466 67 263 389 195 264 361 264 58 48 52 396 189 356 362 133 312 199 79 253 1 391 244 44 211 172 382 68 384 224 402 154 316 243 396 365 448 255 359 219 295 348 355 267 176 410 107 408 271 291 61 185 294 252 184 154 109 357 322 95 248 97 384 243 349 377 324 285 428 359 141 218 231 203 297 338 236 284 209 187 250 88 32 371 318 86 263 166 171 299 147 226 466 354 275 232 171 164 85 129 240 152 310 170 310 265 408 194 472 292 183 331 219 68 147 234 403 280 159 224 148 180 278 106 183 26 343 256 437 348 355 12 412 69 54 237 33 210 401 95 258 291 368 103 288 443 37 428 270 267 125 198 65 215 300 41 234 244 346 330 391 246 329 341 148 349 155 341 281 236 469 241 11 230 380 382 310 301 316 242 142 168 74 284 449 367 272 20 284 241 223 245 433 299 293 170 251 261 55 240 351 386 396 323 251 239 236 51 130 441 212 244 59 303 196 394 159 300 205 82 120 384 334 233 379 249 188 325 327 107 358 99 295 303 339 288 284 273 234 280 359 177 281 98 212 129 249 254 140 347 132 64 225 150 219 246 330 397 206 393 133 437 266 22 169 313 175 298 170 265 406 159 82 126 423 302 340 290 137 376 106 309 142 180 323 385 220 51 113 384 130 391 340
 112 221 98 141 355 339 318 119 333 129 146 199 128 257 283 355 382 424 81 276 142 260 338 100 286 457 288 391 1 170 348 289 374 239 427 9 189 213 245 210 149 120 382 124 172 324 173 264 77 128 143 243 118 325 42 374 374 349 208 183 195 412 241 373 85 88 328 234 466 321 161 203 399 68 358 156 36 323 187 197 405 198 119 295 110 189 248 337 460 413 121 75 310 195 262 222 104 257 273 122 53 245 197 282 249 323 344 176 252 162 234 157 128 200 405 133 187 212 159 257 395 378 209 76 112 234 168 252 265 277 293 210 412 173 139 122 197 348 380 160 323 419 242 366 199 162 299 338 337 284 458 110 103 355 125 180 254 357 214 338 239 168 370 176 225 369 327 310 159 85 239 245 96 237 384 273 210 119 284 397 168 109 395 84 266 395 202 429 339 319 289 145 40 242 372 251 294 176 176 112 326 175 324 168 176 350 230 44 108 209 70 215 338 268 412 262 132 256 242 336 107 386 196 380 138 316 436 288 147 120 235 23 379 204 318 269 311 298 349 332 114 299 208 244 216 174 141 63 327 150 370 400 276 238 174 319 55 378 423 254 293 185 199 64 49 247 65 264 79 129 371 247 221 275 107 408 201 230 375 334 427 50 99 378 329 319 101 293 170 254 284 229 378 244 369 393 279 417 267 79
 153 63 228 216 381 248 232 276 180 65 244 97 78 300 263 198 250 287 212 108 218 303 242 141 226 319 260 244 170 1 203 236 292 300 295 164 22 295 91 238 71 234 388 270 150 345 75 266 166 208 127 159 243 214 201 337 347 192 72 71 42 327 94 264 181 86 210 81 333 356 18 255 405 111 332 276 149 230 29 154 331 84 186 256 98 107 79 299 325 272 216 101 160 52 177 84 124 150 231 278 122 238 155 204 155 165 245 137 148 195 75 73 61 290 327 287 72 106 210 93 269 284 172 215 80 114 73 141 96 266 139 98 268 230 47 262 250 360 234 269 178 284 208 226 130 262 151 303 320 323 330 111 255 209 258 45 110 256 139 184 73 68 235 13 69 370 332 352 117 92 275 103 181 104 378 265 48 277 250 253 35 215 406 112 271 374 171 324 259 172 279 282 163 103 226 118 259 34 143 254 315 191 246 9 31 195 73 143 220 289 106 64 293 232 277 122 270 91 214 198 135 313 279 292 164 258 307 128 242 183 75 168 331 81 324 288 197 327 236 318 63 317 215 112 211 14 143 169 253 39 257 330 163 214 151 226 118 278 290 212 125 29 173 124 196 80 201 143 238 54 223 82 244 200 127 319 192 308 287 175 317 215 72 373 313 223 208 139 201 104 212 257 395 80 237 283 328 310 324 101
 271 204 365 316 366 128 133 425 32 221 350 153 222 330 238 43 57 86 354 158 317 332 117 271 172 117 227 44 348 203 1 185 165 349 97 341 183 367 113 282 201 356 348 408 216 335 176 266 306 315 226 140 370 84 365 258 276 40 142 255 213 185 112 106 316 280 71 213 132 359 201 314 360 281 268 389 316 121 176 193 201 260 298 211 241 168 151 232 124 70 331 275 45 225 132 128 257 109 198 425 311 244 194 142 126 53 115 201 114 272 129 270 223 372 193 431 254 141 293 187 81 143 197 362 237 117 181 108 146 250 67 140 66 306 214 396 312 334 32 374 27 84 204 27 170 363 53 239 271 340 133 246 401 7 388 231 235 115 158 35 179 261 41 192 208 328 307 364 205 287 309 106 308 112 325 253 198 427 215 51 187 340 365 268 272 303 205 154 152 32 258 410 324 239 24 252 216 181 205 392 278 255 151 210 222 33 205 309 346 360 280 215 221 207 78 87 401 178 212 23 262 191 358 155 260 184 110 83 346 293 198 337 238 145 302 298 78 331 86 275 261 313 253 251 238 193 239 317 159 241 94 208 92 216 215 118 305 129 92 194 120 177 209 287 355 171 351 92 396 223 24 131 280 145 257 172 229 372 153 56 140 381 260 323 269 115 336 67 272 100 152 291 366 186 49 117 354 140 360 297
 179 281 255 187 183 79 60 315 200 199 217 141 189 154 54 223 172 210 253 275 188 155 85 190 15 236 43 211 289 236 185 1 93 179 201 281 227 207 191 123 178 235 170 290 118 151 163 86 218 194 149 81 250 105 284 102 113 218 173 306 272 128 177 124 219 265 118 298 234 174 222 155 185 235 99 253 254 73 213 96 119 319 187 28 192 131 247 64 232 213 211 236 186 284 69 169 188 105 21 313 279 72 95 46 90 211 91 118 104 143 202 304 205 217 120 315 307 133 160 288 169 107 81 262 204 137 167 113 255 68 193 143 217 162 208 278 157 151 203 235 177 202 50 180 109 222 177 69 93 159 217 186 293 190 266 280 329 103 99 208 269 301 172 226 288 150 124 181 140 271 137 168 207 154 152 71 267 318 31 210 202 225 188 213 92 141 88 161 63 181 74 282 251 326 199 342 32 203 116 278 96 124 51 244 266 213 288 246 231 201 239 288 58 30 196 161 278 280 53 163 183 100 203 104 154 29 202 208 212 183 285 269 97 160 118 118 109 148 117 95 263 129 101 338 86 223 149 233 48 267 130 113 108 57 116 73 271 115 199 36 251 212 90 231 269 267 258 125 300 211 202 222 116 46 184 129 93 206 99 223 167 299 245 149 89 76 225 193 138 182 35 123 185 279 163 138 175 154 183 281
 267 323 346 279 231 47 61 407 191 270 309 200 263 234 132 207 125 150 344 299 280 234 55 276 91 167 120 172 374 292 165 93 1 263 135 367 278 294 223 213 247 327 200 382 204 208 227 168 307 286 232 139 342 91 373 102 123 204 222 360 321 39 212 64 309 338 102 338 160 235 281 245 209 315 120 345 339 64 265 178 40 371 278 103 271 198 279 91 160 161 303 315 188 334 119 212 271 143 113 405 358 162 178 95 140 209 55 199 146 235 238 364 275 305 36 407 360 188 252 320 110 27 167 353 279 180 232 152 282 146 204 196 167 254 275 370 247 197 168 327 170 142 141 147 181 314 183 99 132 231 140 267 385 167 358 333 367 51 166 197 305 359 134 280 329 182 176 247 218 345 222 201 298 193 174 151 312 410 113 167 261 317 216 295 172 146 175 72 37 176 146 374 338 367 168 382 107 259 199 370 145 216 51 300 320 197 328 331 323 289 318 332 81 121 138 187 370 312 145 147 268 26 292 16 244 68 131 222 304 274 323 356 79 212 174 195 106 216 81 139 331 196 193 379 178 279 235 322 48 327 75 44 133 149 202 68 350 42 135 127 267 265 178 313 359 300 348 154 391 280 173 253 205 101 268 37 184 291 14 217 82 388 317 173 134 71 317 204 230 210 91 210 222 315 124 66 249 70 261 356
 155 360 153 100 123 257 238 193 355 237 98 235 224 33 132 380 347 387 164 384 98 35 263 171 189 414 144 382 239 300 349 179 263 1 379 234 304 40 307 70 230 127 161 165 157 100 236 96 169 113 174 212 136 278 209 201 189 374 271 357 340 291 294 302 157 273 289 379 412 88 282 46 176 226 176 113 215 250 291 168 273 374 128 161 208 215 351 181 410 388 119 234 335 349 218 277 184 245 161 190 263 109 167 212 226 359 269 174 241 106 310 341 242 56 279 186 360 237 93 383 346 282 157 173 228 258 236 249 365 117 333 245 391 73 255 155 51 127 372 97 333 379 146 350 198 88 323 176 153 54 395 195 180 355 143 338 409 281 202 363 361 346 344 295 367 155 119 74 188 276 43 289 147 274 174 113 345 197 152 382 270 132 170 208 92 199 151 334 239 335 119 146 202 401 367 416 157 276 168 161 137 111 229 304 326 370 370 212 134 38 233 362 188 151 372 293 149 378 139 328 172 258 50 276 138 198 380 341 95 130 370 217 219 257 113 70 276 73 293 146 287 86 99 410 112 291 158 180 225 311 307 263 260 134 157 249 257 292 377 158 375 289 147 212 196 364 179 266 201 250 369 332 70 208 180 296 125 30 272 372 342 217 262 168 147 251 139 333 100 305 204 59 149 371 337 316 43 329 30 280
