NAME : domp200p100v7
COMMENT : (Deleplanque et al.) 
TYPE : DOMP
DIMENSION : 200
DISPLAY_DATA_TYPE: NO_DISPLAY
OPEN_FACILITIES : 100
COST_SECTION
 1 289 207 340 171 204 29 140 156 397 55 158 189 102 256 334 278 222 281 177 144 232 318 89 69 170 209 162 178 223 246 373 271 224 297 229 310 183 173 63 311 90 157 206 282 296 232 316 202 139 236 277 73 244 104 289 216 176 272 321 268 157 288 129 156 161 38 175 300 396 216 40 288 90 181 186 286 198 192 104 330 312 157 195 65 383 40 417 308 171 199 48 281 150 257 340 243 273 155 216 187 132 296 226 260 154 289 335 320 213 261 94 18 334 252 248 278 300 87 304 352 295 150 211 253 143 129 326 364 238 85 221 190 163 349 362 57 292 143 317 336 136 134 70 135 107 313 151 265 220 288 245 221 313 202 103 289 228 194 205 179 303 162 229 299 71 421 297 344 309 143 213 116 246 119 257 294 313 172 168 136 139 279 91 286 136 153 130 278 306 174 233 266 82 143 145 295 45 81 76
 289 1 131 112 146 102 315 277 134 182 247 239 308 301 336 94 323 343 157 175 146 150 103 210 257 178 138 187 194 83 146 114 190 77 48 64 99 251 304 293 42 282 224 272 277 224 59 41 112 327 353 344 285 81 359 184 227 226 121 206 60 301 373 228 134 239 257 121 30 185 153 327 103 220 149 104 72 313 109 193 60 177 288 235 289 103 326 162 113 146 207 295 135 247 81 63 238 29 143 109 337 228 45 302 58 140 38 99 200 190 89 205 289 91 56 171 337 377 210 133 67 123 225 140 177 308 173 62 115 186 312 70 340 128 61 181 285 50 332 107 119 160 170 347 216 253 167 303 64 303 299 71 210 36 159 187 202 212 191 166 190 278 128 119 367 317 173 41 105 105 153 197 192 323 270 83 312 152 130 291 163 311 289 370 179 159 153 267 48 201 273 58 30 209 293 296 105 300 209 233
 207 131 1 136 37 129 227 152 88 192 185 111 179 260 208 217 200 214 83 187 97 38 115 119 206 51 10 62 65 52 47 175 256 121 167 79 210 121 175 188 129 169 97 143 162 128 87 136 28 205 223 219 177 151 300 261 256 234 66 291 155 174 246 107 90 111 170 112 156 190 29 237 83 120 164 80 90 184 122 145 143 267 161 252 184 195 246 215 219 37 231 195 220 120 61 156 117 104 63 23 209 212 164 174 76 71 108 133 287 64 173 155 200 135 135 65 212 251 156 232 194 89 99 179 237 183 80 137 164 70 261 99 212 99 179 158 181 166 209 113 132 126 75 248 95 136 113 177 76 173 181 143 85 165 30 116 111 251 62 38 61 169 91 174 243 211 216 162 142 214 73 230 92 195 149 60 194 109 47 163 133 187 170 296 256 123 139 245 94 281 144 88 127 144 168 170 206 234 135 182
 340 112 136 1 170 196 361 279 197 72 311 235 291 379 297 195 273 318 94 271 210 125 22 252 328 183 137 194 189 124 112 47 301 174 157 132 208 235 293 323 72 302 223 246 219 153 135 77 140 332 324 298 312 189 427 296 332 324 77 317 171 296 328 240 199 234 304 202 137 74 139 372 55 255 245 172 59 293 198 262 62 288 283 336 319 84 379 79 222 170 309 330 246 246 85 71 194 99 187 125 324 316 154 270 91 190 79 15 311 166 200 274 334 24 163 129 289 328 277 244 133 57 228 244 287 309 212 56 32 147 384 156 327 200 108 73 317 160 336 24 11 234 207 383 228 270 83 301 82 273 241 178 179 134 152 242 133 319 178 154 185 211 195 226 317 346 82 150 14 213 199 301 226 285 280 85 253 67 169 282 240 314 233 428 291 232 236 353 80 312 261 135 137 269 294 295 215 363 263 303
 171 146 37 170 1 117 192 132 63 227 149 96 167 226 208 224 205 205 117 164 69 69 149 83 171 37 40 44 58 65 81 207 242 117 176 86 212 113 161 156 153 140 81 139 175 154 93 160 37 182 216 221 146 147 264 250 233 208 102 282 158 157 246 83 65 97 135 93 168 226 54 203 117 86 144 67 120 174 107 112 170 259 144 227 152 223 210 248 219 1 207 162 213 103 90 182 129 122 32 47 194 181 173 171 99 42 131 166 278 76 170 121 165 167 137 92 216 253 121 228 212 124 81 163 222 163 44 164 196 92 226 98 197 76 201 194 149 173 187 147 166 98 39 215 71 109 148 158 102 169 193 141 96 179 45 81 139 230 65 52 55 187 69 163 246 180 251 172 175 215 40 209 57 194 125 90 204 145 24 148 105 165 182 261 245 95 114 213 118 269 132 94 135 109 148 150 205 198 99 147
 204 102 129 196 117 1 232 234 65 267 155 207 277 202 323 131 321 316 198 76 70 165 179 141 161 153 137 158 174 89 169 211 128 26 95 68 110 227 268 223 137 221 193 254 288 254 63 139 102 276 329 337 219 41 262 134 138 129 166 166 65 260 362 184 63 209 178 33 102 268 157 243 162 156 50 52 140 285 14 102 157 143 250 141 221 204 237 259 112 117 114 221 98 210 124 163 243 100 93 114 300 128 95 286 108 83 121 185 162 189 61 113 208 180 51 191 332 369 119 116 155 180 190 53 109 261 116 157 208 198 214 42 303 51 158 252 214 90 281 181 199 69 117 269 175 200 221 260 118 284 307 42 210 115 154 109 235 128 180 162 171 297 56 47 362 247 268 96 193 111 96 109 134 310 220 126 319 210 94 256 69 262 296 278 129 69 55 166 117 154 243 63 73 124 249 252 98 206 129 139
 29 315 227 361 192 232 1 141 182 417 83 166 186 117 253 362 279 216 298 204 170 250 340 111 94 187 228 177 192 246 264 397 297 251 324 254 338 189 170 59 336 90 167 210 287 308 258 340 224 129 229 275 72 271 101 316 241 201 292 348 296 154 283 140 182 169 60 202 326 415 233 12 309 109 209 212 309 195 219 131 354 340 156 220 63 408 28 439 336 192 225 45 309 157 279 365 252 299 179 238 180 157 323 226 284 179 313 357 347 227 289 122 28 357 279 263 277 295 115 332 379 314 160 239 280 138 151 350 387 252 96 248 182 189 375 379 58 320 132 339 358 164 156 44 148 114 330 147 289 219 292 273 232 340 220 129 303 253 208 221 194 310 189 257 295 58 442 324 366 337 167 239 137 245 122 280 297 331 196 167 164 133 283 76 313 163 181 151 302 333 176 259 293 109 141 142 323 58 107 104
 140 277 152 279 132 234 141 1 170 317 164 45 52 237 118 353 139 91 195 252 167 154 259 106 189 102 148 92 91 196 168 322 345 242 306 217 339 55 38 83 280 52 57 70 149 182 224 287 167 54 105 139 70 271 240 358 313 277 203 391 286 27 152 52 172 46 116 204 299 314 141 146 226 89 242 190 240 62 222 170 294 373 19 298 80 346 168 356 343 132 289 98 331 34 212 307 120 252 145 172 67 236 304 87 227 153 259 279 389 116 293 171 124 283 265 156 139 163 165 349 343 224 54 268 325 32 119 288 309 140 223 226 70 185 330 273 85 303 58 256 272 184 119 135 63 42 223 27 227 80 152 267 111 310 129 139 183 317 102 126 95 172 179 276 161 93 354 303 287 341 140 298 102 108 23 211 157 230 151 30 189 36 143 215 353 181 207 251 245 377 36 225 266 148 17 19 330 184 133 178
 156 134 88 197 63 65 182 170 1 263 117 144 214 183 263 190 264 253 168 103 14 125 177 80 131 95 95 98 116 75 134 224 183 75 147 75 172 166 204 164 157 159 131 194 237 214 77 162 67 212 266 278 158 103 232 193 172 147 144 225 121 196 302 120 3 146 124 35 147 263 113 193 151 94 82 31 140 222 52 66 177 205 186 166 161 230 193 271 175 63 146 164 162 147 114 186 190 119 32 82 236 126 145 226 110 22 136 190 222 138 124 78 156 187 102 151 274 309 81 180 198 164 128 104 163 197 52 174 218 152 188 67 240 16 194 238 155 143 218 177 197 40 53 215 111 136 197 196 117 223 254 100 157 159 106 54 197 168 125 113 114 249 10 108 303 188 277 146 199 173 32 148 70 249 156 115 265 190 42 193 47 198 243 239 188 37 53 161 126 212 180 78 113 77 185 188 161 170 76 107
 397 182 192 72 227 267 417 317 263 1 373 274 320 445 310 258 279 340 124 342 275 170 89 309 392 232 190 242 233 190 155 82 371 245 225 201 274 268 324 373 141 349 265 271 225 157 205 144 201 370 343 306 361 260 489 365 403 394 126 385 241 331 335 286 265 273 360 271 205 8 186 427 114 309 316 240 128 319 269 327 127 356 318 407 369 122 436 65 289 227 380 382 315 286 151 131 214 170 249 185 353 384 222 290 160 253 150 84 379 203 270 339 390 92 233 163 296 332 341 311 190 104 271 315 358 346 270 122 73 179 448 226 355 267 165 49 368 229 373 88 69 301 265 434 275 316 96 336 151 294 244 249 209 200 199 304 144 390 218 199 229 209 262 297 321 394 52 218 78 280 260 372 282 300 323 149 255 89 231 314 307 351 240 487 360 299 305 422 151 381 293 205 208 332 331 332 283 424 324 367
 55 247 185 311 149 155 83 164 117 373 1 168 216 81 280 283 297 252 265 122 104 216 290 76 26 160 189 154 173 189 229 340 216 177 250 190 258 195 201 103 273 121 162 222 290 292 192 277 173 178 267 301 108 194 117 235 164 125 249 267 220 186 315 136 116 171 52 129 254 372 200 93 261 87 128 146 254 225 144 55 292 258 182 145 103 345 83 386 256 149 145 92 227 163 226 302 247 234 126 189 222 80 249 247 225 122 252 304 266 207 210 44 66 302 205 236 300 326 38 251 307 271 155 157 199 176 107 289 333 230 77 178 225 120 306 342 94 244 183 290 309 89 112 125 137 124 296 181 232 241 300 197 220 267 188 70 281 175 189 192 174 309 121 176 324 119 391 250 313 258 114 159 102 269 143 227 308 293 143 193 87 173 290 124 232 89 103 88 242 251 193 192 222 42 172 174 243 54 52 22
 158 239 111 235 96 207 166 45 144 274 168 1 72 246 121 319 131 111 151 236 144 111 215 98 194 62 106 53 48 157 124 278 325 210 271 181 307 28 66 111 239 81 16 56 125 145 188 246 128 98 123 139 97 241 261 336 301 268 160 369 253 64 160 34 146 4 126 179 262 271 98 173 183 83 222 159 198 79 195 160 252 348 51 289 107 303 192 312 313 96 276 124 304 12 170 265 87 213 115 132 99 231 268 85 186 125 218 236 365 73 263 164 144 240 232 113 137 169 159 321 304 180 18 246 305 75 95 246 265 97 236 193 103 159 290 231 109 268 102 212 228 166 93 169 37 53 180 67 186 81 133 235 70 272 87 125 143 303 58 83 52 146 152 251 163 127 310 267 244 310 113 283 83 109 51 169 141 186 118 53 172 79 123 242 331 163 188 252 204 356 37 189 230 142 60 61 299 199 127 178
 189 308 179 291 167 277 186 52 214 320 216 72 1 287 68 390 96 41 201 301 212 170 273 156 240 132 172 124 115 227 181 337 392 281 341 251 378 59 17 128 305 100 87 49 121 171 259 312 198 68 54 90 117 312 286 404 363 328 217 438 324 33 101 96 216 71 166 248 332 315 160 189 242 139 289 230 261 10 265 221 317 418 34 349 126 365 213 365 384 167 339 144 375 68 236 330 108 281 186 200 35 287 338 45 254 195 285 294 435 127 334 222 172 299 303 163 92 112 216 392 372 236 88 315 373 51 163 309 322 145 272 264 37 229 356 273 133 339 69 269 283 232 162 172 104 93 225 40 252 38 117 306 114 342 151 188 178 367 120 146 119 145 222 321 111 133 361 337 302 381 183 347 148 60 74 234 118 235 189 24 237 56 111 257 400 229 254 303 271 424 36 260 301 198 47 45 371 233 184 230
 102 301 260 379 226 202 117 237 183 445 81 246 287 1 354 317 373 322 341 141 170 293 359 155 57 239 265 233 252 256 305 404 215 226 293 252 288 273 272 164 333 189 241 299 369 371 251 335 245 240 336 375 172 234 69 237 146 111 323 264 262 256 387 214 182 249 123 183 302 444 278 122 332 166 159 209 321 297 193 118 353 264 255 123 165 403 97 451 282 226 140 149 246 240 295 360 327 294 199 261 288 79 293 322 290 193 313 371 265 286 244 107 119 368 251 314 375 399 106 271 355 344 234 182 203 243 185 351 398 309 26 234 291 181 358 417 157 287 244 359 378 146 190 157 216 199 372 251 298 316 378 240 299 315 266 145 360 164 268 271 253 388 185 206 397 171 458 295 380 286 188 157 181 343 215 297 386 368 216 266 142 239 368 103 235 148 150 49 305 249 268 252 273 118 242 244 271 60 130 80
 256 336 208 297 208 323 253 118 263 310 280 121 68 354 1 424 39 47 203 357 263 188 281 216 305 171 201 167 151 259 196 343 444 323 375 286 416 97 84 196 325 167 134 70 88 153 294 332 232 131 41 23 184 354 353 454 422 388 229 487 362 100 40 152 265 119 232 297 363 304 184 256 254 200 342 273 279 59 312 280 333 465 100 409 193 376 280 363 424 208 397 211 420 122 258 346 104 308 232 230 82 349 372 38 279 242 308 302 483 147 376 282 239 309 341 172 27 48 277 435 396 243 138 365 425 117 215 325 327 155 339 303 81 278 377 262 200 373 130 277 287 286 213 237 157 157 220 107 275 41 73 347 127 371 179 245 168 423 148 172 154 108 270 368 44 199 356 370 308 420 232 403 203 15 139 256 67 233 231 89 292 122 73 324 449 283 308 367 294 474 89 295 334 259 114 113 411 300 244 293
 334 94 217 195 224 131 362 353 190 258 283 319 390 317 424 1 414 427 250 177 198 241 190 269 285 259 225 267 277 166 238 178 142 116 50 140 31 334 383 352 125 348 304 358 370 317 132 120 194 399 438 434 347 91 382 127 203 218 215 136 70 378 462 303 189 320 308 162 65 262 242 373 196 283 160 165 165 396 144 231 134 108 367 219 349 147 366 219 44 224 192 351 84 325 174 128 329 121 210 195 417 238 54 389 151 203 130 181 130 279 75 241 338 171 90 264 427 466 248 66 72 215 304 136 138 383 239 140 186 277 334 128 420 178 95 266 343 52 405 195 203 199 238 399 292 323 259 379 157 389 391 91 300 63 246 239 295 184 277 253 273 371 182 112 458 376 234 56 184 36 217 176 258 411 342 176 404 244 203 371 199 384 381 403 123 200 182 274 141 136 355 131 91 254 369 371 49 332 259 265
 278 323 200 273 205 321 279 139 264 279 297 131 96 373 39 414 1 84 181 362 267 174 259 228 322 170 191 168 150 250 179 319 446 318 364 277 409 104 111 220 308 190 141 76 56 124 286 315 225 162 78 27 208 349 378 454 429 398 210 486 354 127 57 164 267 128 251 297 351 274 173 282 234 213 345 271 262 88 311 290 314 463 123 418 217 354 306 335 417 205 404 235 417 135 243 327 86 295 233 220 116 361 361 53 266 243 292 279 482 137 371 294 262 287 334 154 18 56 289 430 380 221 146 367 426 145 220 306 303 138 360 297 116 279 360 232 223 363 162 254 263 292 217 266 166 175 193 134 261 60 37 341 115 358 171 254 141 429 143 163 152 74 271 367 46 227 327 359 285 412 235 409 211 38 160 241 30 208 229 112 298 151 41 351 449 289 312 382 279 474 106 287 324 272 139 138 405 322 257 307
 222 343 214 318 205 316 216 91 253 340 252 111 41 322 47 427 84 1 226 341 252 201 301 196 277 169 207 162 151 263 211 364 432 320 378 288 416 94 53 160 337 134 125 74 125 185 296 345 234 89 15 68 150 350 315 444 402 367 246 477 361 67 68 136 255 109 202 288 368 334 193 217 271 178 329 269 293 33 305 260 348 458 72 388 158 395 242 389 422 205 379 175 414 107 269 361 127 316 225 235 38 326 375 51 288 234 318 322 474 158 373 261 205 328 340 190 73 81 255 431 406 263 127 354 412 80 203 340 349 172 305 302 37 268 390 292 165 376 87 297 309 271 201 195 143 132 247 72 286 46 114 345 141 378 185 227 196 406 153 179 155 148 262 360 82 160 383 374 329 419 222 387 188 48 111 267 111 258 227 63 277 84 112 283 439 268 294 340 304 464 74 297 337 237 81 80 409 266 222 267
 281 157 83 94 117 198 298 195 168 124 265 151 201 341 203 250 181 226 1 264 179 50 79 195 286 113 78 122 110 109 37 140 321 183 203 134 253 146 204 252 132 227 142 154 129 68 141 140 103 247 231 205 239 209 378 323 332 313 37 350 203 209 236 164 170 150 244 188 186 121 67 308 57 192 240 154 87 202 194 226 136 323 196 330 247 174 320 165 265 117 307 261 277 163 81 148 101 131 145 88 234 293 200 177 103 152 121 100 345 80 227 237 272 107 186 40 197 236 237 282 205 41 148 249 304 224 159 128 125 57 341 160 237 177 183 82 247 204 251 75 85 207 154 312 154 194 33 214 95 180 151 199 88 190 80 197 46 324 96 78 107 124 170 239 226 272 161 197 106 258 155 304 167 192 200 78 164 36 129 193 214 229 142 371 317 204 218 327 110 341 172 141 168 225 209 210 254 312 214 263
 177 175 187 271 164 76 204 252 103 342 122 236 301 141 357 177 362 341 264 1 97 225 254 147 116 195 195 196 215 159 232 285 97 100 157 142 148 261 289 215 212 224 224 289 338 315 137 213 163 282 354 373 215 99 207 114 70 53 235 147 126 278 395 207 100 239 163 77 169 343 214 214 235 165 27 111 214 310 75 85 231 137 270 67 214 276 201 334 142 164 44 208 109 236 196 236 291 176 133 177 317 62 157 320 183 123 196 260 146 239 106 89 186 255 120 251 370 404 96 133 220 252 219 43 79 273 143 232 283 254 159 116 320 90 227 325 206 151 288 256 274 72 146 246 201 212 290 275 192 316 354 107 258 181 207 114 297 68 226 215 214 350 98 67 398 236 344 160 268 146 129 48 155 344 233 198 365 281 143 278 65 273 343 232 111 75 51 98 193 132 270 138 146 110 265 267 131 163 123 101
 144 146 97 210 69 70 170 167 14 275 104 144 212 170 263 198 267 252 179 97 1 134 190 72 119 99 104 100 119 87 144 237 182 84 157 87 179 167 202 155 170 152 131 195 242 222 89 174 78 207 265 279 150 110 220 193 166 140 156 226 130 193 302 118 13 146 114 39 157 275 121 182 163 87 80 43 152 220 57 53 189 207 183 158 152 242 181 283 181 69 140 154 165 146 126 199 195 132 38 94 233 115 155 227 123 28 148 202 223 143 131 65 145 200 111 159 275 310 68 184 209 176 127 104 162 193 50 186 230 160 176 78 236 21 206 249 146 152 212 190 209 30 52 204 109 131 208 192 130 223 258 108 162 170 113 43 206 164 130 120 117 255 19 110 304 179 289 156 211 180 33 143 66 250 152 127 269 202 51 190 37 194 247 226 188 27 47 150 139 213 179 90 124 65 181 184 167 157 65 94
 232 150 38 125 69 165 250 154 125 170 216 111 170 293 188 241 174 201 50 225 134 1 106 145 238 64 31 74 65 81 15 169 291 155 192 108 238 112 170 204 138 181 99 127 130 91 117 146 64 208 209 195 192 184 329 295 294 272 50 325 184 172 224 118 127 110 195 149 178 167 17 259 74 143 202 117 93 173 158 179 148 300 159 289 200 196 270 202 248 69 268 213 253 121 71 161 89 122 99 52 202 248 189 156 93 107 121 126 321 44 205 189 223 131 165 28 188 227 189 262 209 71 104 215 273 185 110 141 155 37 292 132 205 136 191 131 199 191 212 102 118 163 105 265 107 148 82 177 88 157 151 175 62 185 31 149 73 288 54 31 62 135 129 209 218 226 201 186 134 242 108 267 118 175 157 69 164 82 84 158 170 189 141 322 290 160 177 281 107 315 138 118 153 176 169 171 236 263 165 215
 318 103 115 22 149 179 340 259 177 89 290 215 273 359 281 190 259 301 79 254 190 106 1 230 307 163 116 173 169 103 93 65 289 158 149 114 200 216 274 302 66 281 203 228 207 142 118 72 118 312 307 284 291 175 406 285 316 306 57 308 160 277 314 219 178 214 282 183 130 90 119 351 34 233 228 152 41 275 181 242 62 279 264 319 298 96 357 101 214 149 293 309 235 226 65 73 179 85 166 104 306 297 146 254 72 169 67 22 302 147 188 253 313 29 149 112 275 314 256 235 134 39 207 228 274 289 190 54 51 130 364 139 309 180 110 79 295 152 316 6 21 214 186 362 207 249 74 281 63 256 228 164 161 129 131 221 121 304 158 134 165 200 175 211 304 325 103 142 30 206 178 286 204 269 260 64 241 58 148 263 220 294 220 407 280 212 217 334 64 302 242 117 125 249 274 276 206 342 242 282
 89 210 119 252 83 141 111 106 80 309 76 98 156 155 216 269 228 196 195 147 72 145 230 1 100 86 121 79 98 137 159 286 241 154 226 148 249 125 143 85 227 82 90 153 217 218 152 232 114 139 209 235 79 180 184 255 208 173 184 288 200 132 253 66 81 101 53 109 225 307 129 122 199 19 138 108 199 165 127 65 245 272 124 194 82 298 128 329 251 83 184 86 233 95 169 256 173 191 70 128 171 134 224 181 174 71 204 247 286 133 201 67 84 247 181 164 233 263 62 253 275 206 83 167 222 128 41 240 277 156 150 146 175 92 268 274 76 222 144 229 248 81 46 138 64 66 226 129 179 176 228 179 145 237 116 35 208 212 114 120 99 235 88 178 259 109 332 224 256 250 58 193 29 204 88 169 237 225 86 133 85 127 218 179 251 78 104 156 192 274 128 153 191 45 119 121 238 119 29 82
 69 257 206 328 171 161 94 189 131 392 26 194 240 57 305 285 322 277 286 116 119 238 307 100 1 183 210 178 197 205 250 355 206 184 255 203 259 220 225 124 286 145 187 247 315 316 204 289 192 200 291 326 130 198 103 226 148 109 269 257 224 210 340 161 131 197 75 137 261 391 222 103 279 112 127 159 270 250 151 67 305 250 207 127 124 357 87 401 255 171 132 112 224 188 243 314 272 247 145 208 245 64 255 272 240 139 265 320 256 231 212 55 83 318 211 259 325 351 52 248 315 290 180 154 190 199 129 303 348 254 58 188 248 132 316 362 116 250 205 307 326 98 134 137 162 149 317 205 248 266 326 202 244 275 211 90 305 161 213 215 198 334 135 176 349 138 407 256 329 258 133 147 126 294 167 244 334 314 162 218 95 197 315 119 223 100 107 65 256 241 218 204 231 63 196 198 243 48 75 26
 170 178 51 183 37 153 187 102 95 232 160 62 132 239 171 259 170 169 113 195 99 64 163 86 183 1 48 12 22 96 78 224 277 153 210 120 248 77 127 142 179 120 48 103 144 134 128 186 67 154 180 185 130 184 269 285 264 235 109 317 193 124 210 58 98 63 133 128 201 230 48 196 130 81 177 103 140 138 143 132 194 295 112 255 138 246 208 262 255 37 238 150 250 70 111 206 97 152 64 71 160 204 207 135 126 74 158 182 314 49 206 140 161 185 172 79 180 217 138 265 243 132 49 198 257 133 58 187 212 71 235 134 164 110 229 194 137 208 159 160 178 126 53 203 46 87 144 127 126 133 160 177 65 211 34 98 123 262 33 35 19 158 102 198 210 164 262 206 191 251 67 241 59 158 99 110 171 145 61 115 133 136 149 260 280 123 145 233 144 305 97 129 170 123 118 120 242 203 110 162
 209 138 10 137 40 137 228 148 95 190 189 106 172 265 201 225 191 207 78 195 104 31 116 121 210 48 1 59 59 60 42 177 264 130 175 87 218 115 170 187 134 167 92 135 153 120 95 141 37 201 216 210 176 160 303 270 264 242 65 300 164 169 238 105 97 106 172 120 163 188 21 238 83 121 172 88 93 177 130 150 147 275 156 260 183 199 247 215 227 40 238 194 229 115 65 160 109 110 69 30 203 218 172 166 82 77 114 135 296 56 181 160 201 138 143 57 204 243 160 240 200 87 95 187 246 179 83 141 165 61 265 108 206 106 185 155 181 174 205 114 132 133 78 247 93 134 108 172 81 166 173 152 77 172 23 121 103 259 55 30 55 161 99 182 234 210 217 170 144 222 79 238 93 187 146 64 185 106 54 157 140 183 162 298 264 130 147 251 100 289 138 96 135 148 164 166 215 237 138 186
 162 187 62 194 44 158 177 92 98 242 154 53 124 233 167 267 168 162 122 196 100 74 173 79 178 12 59 1 21 105 88 235 280 159 218 128 255 71 118 131 190 109 39 98 145 140 136 196 76 144 174 181 119 190 261 289 264 234 120 321 200 115 205 47 100 54 125 131 210 240 58 187 141 73 179 108 151 131 147 130 204 300 102 254 127 256 199 272 261 44 238 140 255 61 122 217 99 162 67 81 152 202 215 130 136 77 168 193 318 54 212 136 151 195 179 87 177 213 134 270 252 142 39 201 260 123 56 198 223 78 228 141 155 113 239 203 126 216 148 171 188 126 52 192 35 77 154 117 137 128 160 184 68 220 45 95 130 263 36 45 21 161 105 203 206 153 273 214 201 258 68 242 53 153 88 121 170 155 66 106 133 126 148 251 284 123 146 229 154 309 89 137 178 118 108 110 248 196 104 157
 178 194 65 189 58 174 192 91 116 233 173 48 115 252 151 277 150 151 110 215 119 65 169 98 197 22 59 21 1 113 79 232 297 173 228 138 267 58 112 142 192 117 35 83 125 121 146 199 84 144 162 164 130 204 278 306 283 254 114 338 212 111 190 55 118 48 142 149 218 230 51 201 136 90 197 123 151 121 163 150 205 316 98 274 138 256 215 267 274 58 258 153 270 58 123 218 79 167 84 86 145 222 225 115 140 95 172 189 334 36 226 157 166 193 192 73 160 196 154 285 258 135 39 218 278 122 76 198 219 62 247 154 148 130 243 192 138 226 149 166 183 145 72 203 45 85 141 115 139 113 140 197 48 228 39 115 113 282 18 36 5 140 123 219 189 163 266 224 197 270 87 261 73 137 92 122 151 145 81 99 152 126 129 266 301 142 165 249 157 326 80 147 187 138 107 108 261 214 124 177
 223 83 52 124 65 89 246 196 75 190 189 157 227 256 259 166 250 263 109 159 87 81 103 137 205 96 60 105 113 1 83 152 214 76 117 29 160 170 222 217 91 203 143 193 210 168 37 97 30 246 273 269 208 104 305 217 225 209 78 246 105 219 297 147 76 158 188 84 106 190 78 258 79 144 133 51 66 232 86 140 109 220 207 225 213 163 261 198 169 65 200 221 173 165 40 120 167 58 69 31 256 196 114 224 38 69 69 116 241 115 125 151 219 114 85 107 263 302 154 183 148 94 143 141 196 226 97 104 145 117 262 53 259 78 137 168 209 115 251 104 123 112 94 274 135 173 133 221 44 224 230 95 136 116 81 122 148 216 112 88 109 215 73 131 293 241 203 112 125 163 80 197 115 246 189 42 243 123 53 210 118 229 219 309 211 110 117 233 56 236 192 38 76 148 212 214 157 242 144 180
 246 146 47 112 81 169 264 168 134 155 229 124 181 305 196 238 179 211 37 232 144 15 93 159 250 78 42 88 79 83 1 157 295 158 189 110 237 124 182 219 130 195 113 137 133 86 118 138 70 221 218 201 206 186 342 298 301 280 37 327 184 185 231 132 136 123 209 156 174 153 31 273 62 157 208 123 85 184 164 191 139 301 172 298 214 185 284 189 247 81 275 228 254 135 66 152 95 118 109 57 214 258 186 165 89 117 114 114 323 55 206 201 237 119 165 27 194 233 201 263 202 57 118 221 277 198 123 131 143 42 305 135 217 144 183 117 214 189 225 90 105 173 117 279 121 162 69 189 83 167 154 176 71 180 45 161 67 294 67 45 76 135 137 213 224 240 188 183 122 241 119 274 131 183 170 64 167 68 94 170 180 202 144 335 293 170 185 291 101 318 150 118 151 189 183 184 236 276 178 227
 373 114 175 47 207 211 397 322 224 82 340 278 337 404 343 178 319 364 140 285 237 169 65 286 355 224 177 235 232 152 157 1 300 186 151 153 197 280 338 361 74 343 266 291 265 198 154 74 174 375 370 344 351 194 456 292 340 337 121 309 172 340 374 281 225 278 338 222 131 88 182 407 97 291 260 196 89 339 215 289 55 280 327 348 357 43 412 49 212 207 319 367 242 289 118 54 241 112 219 161 370 335 148 316 116 221 92 44 303 211 201 301 369 41 169 175 335 373 304 235 109 102 270 253 289 353 246 55 17 193 411 173 372 224 85 106 355 155 379 68 57 258 242 421 269 310 127 345 109 319 286 184 224 124 194 273 179 325 222 197 228 255 221 232 363 385 61 144 36 203 231 310 262 331 322 118 299 112 202 326 263 357 279 460 287 257 257 374 99 306 305 153 143 299 337 339 208 393 295 330
 271 190 256 301 242 128 297 345 183 371 216 325 392 215 444 142 446 432 321 97 182 291 289 241 206 277 264 280 297 214 295 300 1 140 151 189 113 348 381 311 231 320 312 376 415 381 181 229 229 378 445 460 312 115 283 23 74 105 288 51 131 371 483 298 181 327 259 150 170 374 284 307 279 259 104 178 252 401 136 181 247 51 362 96 310 278 292 346 99 242 77 304 61 326 244 247 369 205 214 240 411 144 154 408 224 204 223 288 51 315 102 185 281 280 141 318 455 491 192 78 207 299 308 80 21 368 231 251 303 325 238 162 414 168 224 366 302 146 383 292 306 162 233 340 290 306 342 369 234 404 433 126 336 178 281 208 361 54 305 289 295 424 175 84 484 332 360 158 294 107 214 60 245 431 327 246 445 329 219 370 157 367 422 315 23 165 139 167 226 36 360 181 165 206 358 360 97 251 219 195
 224 77 121 174 117 26 251 242 75 245 177 210 281 226 323 116 318 320 183 100 84 155 158 154 184 153 130 159 173 76 158 186 140 1 75 50 98 229 273 238 113 233 196 255 282 243 43 114 95 286 332 336 233 32 285 142 159 152 149 171 47 267 362 191 74 212 196 50 78 246 150 262 143 168 74 52 119 288 35 123 132 146 256 164 235 179 258 234 103 117 136 237 100 215 106 138 237 77 98 103 306 153 73 287 88 90 97 162 167 184 54 134 226 156 29 181 330 368 140 113 132 162 194 71 122 270 125 132 184 190 238 24 310 64 133 232 229 70 291 160 177 89 124 286 180 209 204 267 98 285 302 26 205 92 149 125 223 147 177 157 170 289 67 57 360 262 244 74 170 101 104 129 144 309 229 108 314 192 94 261 91 271 291 300 137 89 78 191 95 161 247 43 48 143 257 259 90 229 146 161
 297 48 167 157 176 95 324 306 147 225 250 271 341 293 375 50 364 378 203 157 157 192 149 226 255 210 175 218 228 117 189 151 151 75 1 91 52 286 335 310 86 304 256 309 321 270 84 82 145 353 389 384 304 60 355 142 199 204 167 161 32 331 413 256 146 272 269 123 21 228 193 336 151 239 135 120 119 347 107 196 99 132 319 210 307 129 331 196 66 176 181 310 92 277 125 97 280 73 164 146 369 216 5 340 102 158 86 144 155 230 55 207 300 135 47 215 378 417 213 87 64 170 256 117 141 336 194 104 155 228 307 82 372 137 75 227 301 7 359 154 164 162 192 360 244 277 215 332 109 340 342 54 250 29 197 198 248 181 228 204 224 323 139 93 408 334 210 8 149 58 172 169 213 361 296 128 355 200 156 323 164 338 332 372 137 163 149 253 94 157 306 83 42 216 322 324 59 301 220 233
 229 64 79 132 86 68 254 217 75 201 190 181 251 252 286 140 277 288 134 142 87 108 114 148 203 120 87 128 138 29 110 153 189 50 91 1 132 195 245 230 84 219 166 219 237 195 9 88 55 266 299 296 222 77 305 190 206 194 100 219 78 241 324 167 75 182 196 71 83 203 106 266 95 158 116 45 74 257 68 138 103 193 229 208 227 156 266 200 141 86 181 233 146 188 57 113 194 45 80 58 279 185 88 250 42 77 63 122 214 142 97 150 228 118 58 134 290 329 154 155 130 113 166 119 172 247 110 101 148 144 260 28 282 72 122 185 222 89 271 115 133 106 108 285 156 191 155 243 52 250 258 68 163 94 108 127 174 195 139 115 134 243 70 107 320 255 208 87 130 136 90 176 129 272 209 59 270 143 68 233 111 250 247 313 185 105 106 223 55 209 216 10 51 151 233 235 129 243 149 179
 310 99 210 208 212 110 338 339 172 274 258 307 378 288 416 31 409 416 253 148 179 238 200 249 259 248 218 255 267 160 237 197 113 98 52 132 1 324 370 332 136 330 292 349 367 319 124 132 185 383 427 427 328 70 354 99 173 188 217 113 56 364 455 288 170 308 286 141 72 278 237 349 201 264 133 150 170 385 123 207 148 84 353 189 329 170 341 241 16 212 161 330 54 312 174 145 325 123 195 189 403 210 56 381 151 187 137 194 107 273 50 217 315 185 77 262 421 460 224 39 96 221 291 107 108 367 222 153 203 274 306 115 407 159 116 278 323 50 388 205 215 176 222 376 278 306 265 365 159 380 388 73 294 75 239 218 297 153 269 247 264 371 163 84 452 355 255 59 198 7 201 146 241 403 326 176 401 251 190 358 175 369 378 376 95 177 157 244 145 111 343 123 87 231 354 357 19 306 237 239
 183 251 121 235 113 227 189 55 166 268 195 28 59 273 97 334 104 94 146 261 167 112 216 125 220 77 115 71 58 170 124 280 348 229 286 195 324 1 59 132 247 101 38 30 100 128 203 254 142 104 104 114 118 259 285 358 327 294 160 391 269 64 136 60 169 25 152 200 276 264 102 195 185 110 246 178 203 64 216 186 258 370 52 315 128 307 215 310 331 113 302 146 325 34 177 271 66 224 136 142 91 257 283 61 196 146 227 237 387 70 282 190 168 242 248 108 111 144 186 340 314 179 43 269 328 80 119 251 266 90 262 210 94 181 298 222 132 283 107 212 227 190 116 188 62 77 173 70 194 58 107 253 60 285 93 151 130 328 61 88 62 122 174 272 138 146 306 281 245 327 135 307 108 84 69 176 115 181 136 48 197 86 97 264 353 187 212 279 213 378 27 204 245 168 66 67 318 225 153 205
 173 304 175 293 161 268 170 38 204 324 201 66 17 272 84 383 111 53 204 289 202 170 274 143 225 127 170 118 112 222 182 338 381 273 335 245 370 59 1 112 302 84 81 57 133 179 253 310 193 55 68 106 101 303 270 394 350 314 218 427 316 17 116 85 206 65 151 238 327 320 159 173 243 126 278 222 260 26 256 208 315 408 20 335 110 365 197 368 376 161 326 127 365 59 233 328 115 278 177 196 35 273 333 60 251 186 282 295 424 128 326 208 156 300 296 165 108 128 202 383 368 237 81 304 361 35 153 308 324 148 256 257 38 219 354 278 117 333 56 270 285 220 152 156 95 79 229 24 250 52 131 299 117 337 149 176 184 354 118 144 116 157 213 311 127 117 364 331 303 373 173 335 137 76 59 232 133 238 181 13 225 41 124 241 389 217 243 288 268 413 33 254 295 185 31 29 362 217 170 215
 63 293 188 323 156 223 59 83 164 373 103 111 128 164 196 352 220 160 252 215 155 204 302 85 124 142 187 131 142 217 219 361 311 238 310 230 332 132 112 1 307 32 114 152 230 254 235 313 191 78 174 218 14 263 159 328 265 226 250 361 284 97 227 89 165 113 54 192 309 370 188 65 269 74 213 192 274 138 210 133 324 348 98 246 5 378 86 401 333 156 245 16 311 100 244 336 196 272 151 202 126 182 308 168 253 155 284 320 359 176 283 128 46 322 265 215 219 239 120 333 358 272 107 243 293 81 121 319 350 202 146 230 129 175 351 333 10 306 82 300 318 159 124 62 99 60 282 90 257 161 234 262 179 321 175 115 251 274 158 175 145 252 172 257 238 25 402 309 329 333 141 257 103 187 64 244 239 285 165 109 161 77 225 134 324 157 180 187 272 346 118 236 274 107 83 84 319 107 97 122
 311 42 129 72 153 137 336 280 157 141 273 239 305 333 325 125 308 337 132 212 170 138 66 227 286 179 134 190 192 91 130 74 231 113 86 84 136 247 302 307 1 292 225 264 258 199 83 9 118 332 346 330 298 122 387 225 268 264 99 246 101 302 360 234 158 239 277 151 66 144 146 347 76 234 186 128 47 309 143 220 21 217 289 275 303 73 349 123 151 153 246 311 175 248 70 30 224 40 158 110 336 263 83 293 55 158 23 59 240 181 130 232 309 50 96 155 323 362 237 172 74 94 227 180 219 311 187 21 74 171 342 100 339 155 53 143 299 89 337 70 79 188 184 364 222 261 136 305 54 295 280 111 199 64 154 209 177 253 186 160 188 256 153 160 353 331 133 79 64 142 170 237 205 312 276 71 293 120 143 290 193 315 271 395 220 187 185 301 37 241 271 82 70 233 296 298 144 326 231 261
 90 282 169 302 140 221 90 52 159 349 121 81 100 189 167 348 190 134 227 224 152 181 281 82 145 120 167 109 117 203 195 343 320 233 304 219 330 101 84 32 292 1 87 121 199 225 225 298 175 59 148 188 19 260 189 335 279 241 228 368 279 68 199 64 160 84 71 190 300 346 166 95 249 67 218 184 257 109 208 140 308 353 68 262 28 361 117 381 332 140 257 46 314 71 227 320 166 260 141 185 101 198 301 138 238 146 270 301 366 150 282 138 73 303 259 189 189 211 131 335 348 250 80 247 300 56 111 303 331 175 174 222 105 172 338 308 34 300 65 279 297 161 113 89 75 34 257 62 240 131 203 258 150 312 152 115 223 286 132 151 121 222 168 259 209 47 381 301 309 331 132 268 92 158 33 227 208 261 153 79 165 53 194 164 331 159 184 208 257 354 87 226 266 115 54 56 318 134 102 138
 157 224 97 223 81 193 167 57 131 265 162 16 87 241 134 304 141 125 142 224 131 99 203 90 187 48 92 39 35 143 113 266 312 196 256 166 292 38 81 114 225 87 1 67 129 142 173 232 113 110 137 150 101 226 259 322 290 258 148 355 238 78 173 29 133 17 123 165 247 262 85 175 171 76 209 145 184 94 181 150 239 334 65 278 110 290 192 301 298 81 265 126 290 24 156 252 88 198 101 117 114 221 253 97 172 110 204 223 352 64 248 154 144 227 217 104 147 181 150 306 289 169 8 233 292 88 82 232 253 89 232 178 117 145 275 223 111 253 114 200 217 153 80 174 26 55 172 81 172 94 140 221 66 258 74 115 138 291 48 70 39 149 139 237 175 133 299 252 232 295 99 271 71 121 59 155 149 177 103 68 160 92 129 243 317 150 175 244 190 342 52 174 215 133 73 74 285 196 118 170
 206 272 143 246 139 254 210 70 194 271 222 56 49 299 70 358 76 74 154 289 195 127 228 153 247 103 135 98 83 193 137 291 376 255 309 219 349 30 57 152 264 121 67 1 80 123 227 272 165 109 82 85 139 285 308 386 355 323 173 418 294 68 109 88 196 53 177 228 298 267 120 215 198 137 274 205 220 49 244 215 275 397 59 344 148 321 236 318 356 139 330 166 351 60 196 288 60 245 164 164 83 286 306 33 216 174 246 249 415 84 308 219 191 255 273 117 82 116 214 366 334 190 72 297 356 87 147 267 277 99 287 235 85 209 317 225 153 307 111 224 237 219 145 204 91 101 177 76 213 32 83 279 68 306 114 180 129 356 82 107 86 104 202 299 110 162 313 304 256 352 163 336 137 56 89 194 89 187 162 51 225 93 74 284 381 216 240 307 232 406 35 228 268 196 76 76 343 249 181 232
 282 277 162 219 175 288 287 149 237 225 290 125 121 369 88 370 56 125 129 338 242 130 207 217 315 144 153 145 125 210 133 265 415 282 321 237 367 100 133 230 258 199 129 80 1 69 246 266 188 187 124 82 217 312 384 421 406 378 160 452 314 146 112 156 239 122 250 268 306 219 133 293 184 204 318 238 212 116 280 273 263 427 138 398 226 301 314 280 377 175 381 244 381 133 197 276 48 250 206 180 150 345 317 79 220 216 245 226 448 101 333 279 267 235 294 107 73 110 276 391 331 169 136 337 396 166 200 255 249 94 360 260 151 251 310 177 230 320 188 202 209 269 195 283 154 176 139 154 214 86 23 303 81 312 135 238 87 404 113 127 126 25 243 334 99 241 272 315 231 372 210 383 195 80 167 195 36 154 198 129 276 171 16 362 416 266 288 371 232 441 114 247 282 259 155 155 365 323 245 297
 296 224 128 153 154 254 308 182 214 157 292 145 171 371 153 317 124 185 68 315 222 91 142 218 316 134 120 140 121 168 86 198 381 243 270 195 319 128 179 254 199 225 142 123 69 1 203 207 154 229 187 150 241 271 398 384 384 360 104 413 268 188 180 169 216 142 261 240 253 152 102 316 124 210 292 207 155 169 248 263 201 386 177 379 250 236 332 212 330 154 358 267 339 156 146 213 64 197 185 142 203 334 266 136 169 195 188 161 408 86 291 272 284 170 250 65 141 178 270 347 272 107 149 306 363 206 190 193 182 64 367 220 205 226 249 110 252 270 232 137 143 251 185 313 162 196 72 195 161 141 90 261 77 257 110 230 23 378 105 104 120 59 218 298 167 271 204 263 166 324 193 358 191 144 195 144 102 87 173 171 258 212 84 383 378 248 266 365 177 403 151 203 233 255 193 193 319 333 243 295
 232 59 87 135 93 63 258 224 77 205 192 188 259 251 294 132 286 296 141 137 89 117 118 152 204 128 95 136 146 37 118 154 181 43 84 9 124 203 253 235 83 225 173 227 246 203 1 86 63 272 307 305 227 69 305 183 200 190 107 211 69 249 332 174 77 189 200 70 76 207 114 269 101 163 111 47 78 265 64 138 103 185 237 203 232 154 269 202 133 93 176 237 138 195 64 111 203 44 85 67 286 183 81 259 47 82 63 125 206 150 89 150 231 120 49 142 299 337 155 147 124 119 173 113 165 254 116 101 150 153 260 22 290 73 118 190 227 81 278 120 137 106 113 289 162 197 162 250 56 258 266 59 171 88 116 130 182 189 147 124 142 251 71 100 329 259 210 80 133 128 95 170 134 280 215 66 279 150 74 240 111 256 256 315 177 105 104 221 57 202 224 2 43 153 240 242 121 245 152 179
 316 41 136 77 160 139 340 287 162 144 277 246 312 335 332 120 315 345 140 213 174 146 72 232 289 186 141 196 199 97 138 74 229 114 82 88 132 254 310 313 9 298 232 272 266 207 86 1 124 339 353 338 303 121 391 222 267 264 107 242 99 309 368 241 162 246 282 154 62 148 153 352 84 240 187 132 55 316 145 224 20 213 296 275 309 69 353 122 146 160 246 316 172 255 78 26 231 43 163 116 343 265 79 301 62 162 29 63 236 189 128 236 314 54 95 162 330 370 240 168 66 101 234 179 217 318 193 23 76 179 345 103 346 158 46 148 305 85 344 77 85 192 189 369 228 268 143 312 61 302 288 110 207 59 162 213 185 252 194 167 195 263 157 159 360 337 134 75 68 138 175 236 211 319 283 79 301 127 148 297 196 322 279 400 217 190 187 303 43 237 278 86 69 238 303 305 140 330 236 265
 202 112 28 140 37 102 224 167 67 201 173 128 198 245 232 194 225 234 103 163 78 64 118 114 192 67 37 76 84 30 70 174 229 95 145 55 185 142 193 191 118 175 113 165 188 154 63 124 1 217 245 243 181 125 289 234 231 211 79 265 130 190 271 118 68 129 166 87 135 200 56 235 89 119 139 54 86 204 95 128 134 240 177 228 187 188 240 217 193 37 206 196 193 136 56 146 144 87 49 17 226 191 142 197 64 53 96 134 260 90 147 139 197 134 110 90 238 276 141 205 177 100 114 153 210 197 74 129 164 97 248 73 230 75 165 173 183 143 222 118 137 106 69 249 106 145 131 192 67 196 208 117 111 145 55 104 136 225 85 63 81 196 68 147 268 215 220 140 143 189 61 205 90 219 160 57 220 125 31 181 112 200 197 290 229 103 116 226 82 254 163 64 104 132 183 185 181 224 125 167
 139 327 205 332 182 276 129 54 212 370 178 98 68 240 131 399 162 89 247 282 207 208 312 139 200 154 201 144 144 246 221 375 378 286 353 266 383 104 55 78 332 59 110 109 187 229 272 339 217 1 102 153 71 314 228 393 337 299 256 426 331 42 156 100 214 99 127 245 348 366 194 130 279 122 276 235 293 75 263 199 347 410 53 320 77 398 155 409 386 182 316 91 370 87 264 359 166 303 190 224 52 256 351 112 279 197 311 332 424 169 336 196 122 336 310 208 157 169 189 390 393 277 107 304 358 24 162 340 362 192 221 272 54 226 381 325 85 350 6 309 325 218 163 107 112 77 275 35 279 105 184 311 162 359 182 172 233 344 155 179 148 211 221 315 170 73 407 350 340 385 183 326 143 125 58 263 185 282 199 60 223 19 178 195 388 216 241 263 297 411 79 273 314 173 39 38 373 182 160 196
 236 353 223 324 216 329 229 105 266 343 267 123 54 336 41 438 78 15 231 354 265 209 307 209 291 180 216 174 162 273 218 370 445 332 389 299 427 104 68 174 346 148 137 82 124 187 307 353 245 102 1 59 164 362 329 457 416 381 253 490 373 81 55 149 268 121 217 300 378 337 202 231 279 192 342 281 301 46 317 274 356 470 86 402 172 402 256 394 434 216 392 189 426 120 277 369 131 326 237 245 51 340 386 55 297 246 327 328 487 166 385 275 219 335 352 197 66 68 269 443 415 269 140 367 426 94 216 348 355 179 319 313 49 281 398 295 180 387 100 303 315 285 214 208 156 146 251 87 294 52 111 356 148 388 195 241 200 420 163 188 165 146 274 373 71 173 387 384 335 430 235 400 201 45 126 276 107 263 239 77 290 98 111 296 452 282 307 354 313 477 87 307 348 251 96 94 421 280 236 281
 277 344 219 298 221 337 275 139 278 306 301 139 90 375 23 434 27 68 205 373 279 195 284 235 326 185 210 181 164 269 201 344 460 336 384 296 427 114 106 218 330 188 150 85 82 150 305 338 243 153 59 1 206 366 375 469 439 406 233 501 373 122 31 170 280 136 253 311 371 300 193 278 258 219 358 287 284 81 326 298 337 479 121 427 215 379 302 361 436 221 414 233 433 141 265 350 108 316 247 240 104 368 381 55 287 257 314 304 497 156 388 301 261 312 352 177 10 33 296 447 402 245 155 381 440 139 232 330 328 160 361 315 103 293 383 258 221 383 152 279 288 303 229 259 174 177 219 129 282 60 63 359 135 379 189 263 167 440 159 182 167 99 285 382 26 221 353 379 310 431 247 420 220 32 160 263 54 233 244 110 309 144 67 346 464 300 324 387 301 489 109 305 344 278 135 134 423 321 263 313
