NAME : domp160p53v10
COMMENT : (Deleplanque et al.) 
TYPE : DOMP
DIMENSION : 160
DISPLAY_DATA_TYPE: NO_DISPLAY
OPEN_FACILITIES : 53
COST_SECTION
 1 402 283 428 114 351 334 283 424 418 126 333 280 53 129 134 207 274 276 244 379 299 103 381 375 217 283 289 453 207 370 196 20 24 248 359 29 247 315 419 297 238 100 430 431 222 90 148 310 180 209 64 246 106 331 351 126 283 248 219 302 375 49 404 244 444 349 253 258 416 235 230 328 349 214 359 469 336 266 242 359 258 215 180 379 268 372 171 275 395 202 58 199 158 311 286 250 102 294 150 463 15 210 347 402 335 284 182 301 328 393 328 205 201 248 210 230 366 322 364 203 190 258 347 345 223 230 406 116 230 79 309 175 374 372 295 294 320 45 126 51 170 363 268 394 448 62 387 120 381 322 366 358 120 32 232 315 451 224 274
 402 1 309 28 391 213 74 175 33 93 278 137 152 394 276 371 324 184 237 286 102 308 316 76 293 188 169 318 68 269 34 323 420 423 333 153 430 180 233 28 165 194 319 68 49 267 314 256 171 271 229 339 326 297 86 197 380 199 163 185 118 201 372 83 192 49 304 282 270 60 270 257 129 317 192 45 70 235 283 284 197 158 247 243 43 140 117 242 130 25 334 379 225 345 94 323 167 313 239 263 75 405 194 89 102 162 285 321 128 297 61 248 204 325 173 280 180 145 301 237 210 251 163 290 58 259 211 90 354 176 355 243 291 91 64 180 197 116 411 339 381 233 197 134 20 54 452 95 312 57 286 146 47 357 432 328 123 67 187 130
 283 309 1 333 362 419 284 139 309 259 240 175 305 318 245 364 78 132 75 47 363 444 192 243 486 196 146 444 319 343 283 378 300 289 45 172 300 158 84 307 146 147 282 289 304 81 222 235 140 123 132 256 43 223 229 133 364 354 264 210 295 428 295 368 303 357 476 42 388 359 66 81 337 484 196 287 350 423 33 385 414 278 330 282 319 205 207 263 256 321 391 228 152 363 269 14 277 197 72 264 328 296 232 324 238 371 25 365 304 457 345 426 182 383 283 356 259 383 456 444 172 306 284 466 269 349 309 374 337 197 305 73 333 228 329 349 113 195 322 158 306 228 416 234 291 326 343 233 172 332 446 383 268 167 309 409 189 316 182 219
 428 28 333 1 415 222 98 200 32 101 304 159 173 420 303 394 350 210 261 311 108 322 343 94 300 215 195 333 58 290 61 344 447 449 358 172 457 207 255 31 190 221 345 70 47 293 341 282 195 298 256 366 351 324 112 217 404 216 188 212 140 207 398 83 214 25 314 307 288 55 296 283 144 327 219 71 48 245 307 303 205 182 269 267 59 167 135 268 156 39 354 406 252 367 119 346 190 340 262 288 62 432 220 106 115 174 309 343 148 309 67 259 232 346 196 301 205 152 313 245 238 274 186 300 85 279 233 90 378 203 380 265 314 110 77 196 221 141 437 366 407 259 205 161 43 40 478 111 339 68 298 153 75 384 459 346 148 59 214 158
 114 391 362 415 1 281 318 320 418 431 136 361 246 62 134 29 293 313 334 318 341 204 171 392 286 232 317 192 452 139 362 103 114 131 335 392 126 277 372 413 332 272 87 435 429 288 141 154 348 243 255 108 331 142 337 397 17 226 229 227 277 309 74 370 205 425 256 325 177 388 304 293 288 254 229 347 460 261 338 158 294 234 156 149 359 278 395 153 263 378 104 161 239 62 299 368 226 166 353 135 461 101 207 318 419 283 357 93 271 237 365 249 228 106 220 135 213 316 229 288 231 143 230 257 338 155 186 370 38 244 58 369 108 390 346 243 340 338 75 215 67 175 298 266 389 443 106 403 192 356 233 316 354 216 119 134 335 450 245 279
 351 213 419 222 281 1 167 293 245 298 243 291 115 316 237 254 392 295 351 378 115 113 313 267 82 225 286 127 278 147 205 182 363 374 421 323 376 263 369 240 294 272 252 279 261 346 291 228 309 320 292 294 414 273 229 357 266 73 156 212 132 30 305 143 125 217 93 379 107 171 358 341 94 106 227 188 265 27 387 126 19 142 137 178 171 219 298 194 166 189 186 360 275 220 168 431 144 307 363 210 283 346 195 129 301 56 399 189 120 91 156 44 242 181 139 148 165 71 97 28 253 163 136 79 195 130 129 138 252 223 276 375 180 276 150 72 324 258 336 359 309 218 22 188 225 261 377 287 323 157 82 70 210 374 374 164 261 278 238 206
 334 74 284 98 318 167 1 146 103 137 209 130 82 323 207 298 282 153 210 252 81 247 253 103 247 127 139 256 137 198 48 252 352 355 299 159 362 134 219 97 142 148 248 127 115 226 248 187 154 220 180 271 291 230 65 197 307 135 91 120 48 164 302 87 120 111 252 250 204 87 233 218 74 264 130 31 143 183 253 216 155 86 176 170 48 86 132 171 60 62 263 315 171 272 23 297 94 250 218 191 146 336 125 44 136 112 261 249 59 241 67 195 145 255 100 209 108 109 244 193 153 178 90 238 30 188 139 93 282 116 283 226 219 111 48 117 175 98 341 282 311 164 156 69 74 126 382 122 252 54 230 110 46 300 364 259 102 136 129 73
 283 175 139 200 320 293 146 1 180 146 185 54 181 297 187 311 153 12 65 112 226 340 182 118 367 95 8 343 198 252 147 298 303 299 159 77 309 45 77 177 15 49 235 169 179 96 197 168 29 114 77 231 152 186 92 80 316 236 147 105 163 298 272 230 191 223 362 108 285 221 97 85 205 372 96 149 225 302 110 288 286 157 233 195 182 76 94 180 128 184 312 243 86 298 133 152 159 183 73 192 207 292 130 188 127 242 115 289 174 346 207 308 93 303 167 265 148 250 346 319 89 216 165 350 132 251 203 237 286 88 268 83 254 106 191 226 32 60 309 186 283 149 288 106 158 201 343 115 170 195 334 250 132 203 314 321 53 195 79 88
 424 33 309 32 418 245 103 180 1 70 302 135 183 419 300 399 331 190 238 290 132 340 334 67 324 208 175 350 36 300 57 354 442 444 336 144 452 192 229 6 169 206 344 39 18 274 335 280 171 283 242 362 329 319 98 189 408 231 190 206 148 232 396 111 222 54 336 285 302 84 276 264 161 349 211 73 48 266 284 316 229 187 278 270 75 157 107 268 157 56 365 398 240 374 121 322 195 332 238 288 44 428 218 122 84 194 285 351 158 329 91 280 223 356 201 311 206 176 333 268 227 279 192 322 82 289 241 117 382 195 380 240 320 83 96 212 198 122 435 353 406 256 228 157 31 26 475 82 328 89 318 177 67 371 454 359 129 36 204 150
 418 93 259 101 431 298 137 146 70 1 303 94 216 422 303 415 294 157 194 248 191 384 321 40 379 204 143 392 64 327 95 380 437 436 291 88 445 173 176 72 132 184 351 35 57 239 329 282 128 258 219 359 285 314 95 130 423 271 210 207 183 289 398 175 250 123 387 242 339 150 237 228 208 399 207 112 98 317 238 350 284 211 305 286 130 155 54 280 176 116 392 384 222 394 147 271 218 320 189 298 71 424 225 170 21 245 235 375 195 377 152 330 214 383 226 339 223 232 380 324 216 300 218 373 109 319 268 182 395 192 386 187 342 44 151 254 155 99 436 330 408 259 284 167 76 76 474 32 311 146 366 233 92 348 449 392 104 61 195 153
 126 278 240 304 136 243 209 185 302 303 1 227 158 119 7 130 182 177 202 194 256 223 73 265 285 100 182 218 332 118 247 140 144 148 222 258 154 142 238 297 196 137 51 312 310 161 49 23 212 118 121 63 216 32 212 262 133 171 123 98 178 264 96 280 124 319 265 200 170 291 177 164 205 270 97 235 346 234 212 161 247 134 114 66 255 150 263 50 150 270 153 119 104 124 187 248 126 67 220 35 342 128 86 222 290 218 231 127 177 245 268 230 94 146 124 127 105 246 241 261 96 85 134 259 222 129 115 282 104 113 85 236 98 260 247 179 205 207 135 124 106 46 251 145 272 326 175 274 89 256 235 246 236 136 156 174 203 330 111 154
 333 137 175 159 361 291 130 54 135 94 227 1 186 343 228 349 202 65 105 158 207 354 233 69 369 130 52 359 148 277 114 327 352 350 203 35 359 87 97 133 40 96 276 119 131 146 245 208 37 166 128 278 196 233 65 68 355 244 162 136 161 292 318 204 207 183 369 152 302 190 146 136 199 380 132 122 178 304 151 309 281 169 256 225 154 90 41 214 134 151 340 295 135 332 124 188 173 233 104 229 157 341 160 172 74 237 151 319 173 356 180 313 134 331 181 290 169 238 357 318 133 244 177 357 107 273 222 211 326 119 311 107 284 55 168 231 65 35 356 238 329 187 283 116 118 153 391 63 222 169 343 239 100 256 364 346 33 145 117 97
 280 152 305 173 246 115 82 181 183 216 158 186 1 260 154 224 282 182 237 265 100 171 218 179 187 113 174 178 218 119 129 172 297 303 309 219 308 149 257 177 182 159 186 208 196 233 204 138 199 211 180 218 302 185 130 249 234 59 45 101 35 125 242 126 43 180 184 266 124 143 245 228 49 195 115 111 219 122 273 135 110 30 97 103 116 106 201 111 54 135 183 274 164 195 70 317 35 214 250 131 226 280 88 72 212 70 285 171 26 171 120 129 131 174 35 129 58 92 172 141 142 104 26 172 109 108 62 128 210 109 219 262 142 184 101 47 212 153 279 259 249 120 113 76 155 205 321 197 224 111 158 92 126 275 308 178 155 217 125 94
 53 394 318 420 62 316 323 297 419 422 119 343 260 1 120 83 245 288 300 276 359 254 128 383 333 219 295 243 450 170 363 150 55 71 287 372 68 257 339 414 310 249 76 430 427 249 103 141 324 205 226 68 284 112 330 370 74 253 234 217 287 343 26 386 220 433 305 284 218 401 264 256 306 304 215 350 463 299 297 200 326 242 183 158 367 268 380 154 265 384 155 104 212 110 302 323 234 124 319 133 460 41 202 330 408 308 316 137 283 285 377 290 210 154 230 171 216 340 278 327 210 161 240 304 338 187 204 387 69 231 43 335 137 379 357 267 312 325 21 164 15 164 330 263 389 443 62 392 148 367 279 340 353 163 62 185 321 448 228 272
 129 276 245 303 134 237 207 187 300 303 7 228 154 120 1 127 187 179 205 199 252 217 79 265 280 101 184 212 331 112 245 135 146 151 227 259 157 144 242 295 198 139 49 311 309 166 54 22 214 123 125 66 222 37 211 264 130 166 120 98 175 259 97 276 120 317 260 205 164 288 182 169 201 264 98 233 345 228 217 155 242 130 108 61 252 150 263 45 148 268 147 124 107 120 185 253 122 73 224 29 341 131 84 219 290 213 235 122 173 239 265 224 95 141 121 122 102 242 235 256 98 79 130 253 220 123 110 279 101 113 84 240 92 261 244 174 207 208 136 130 107 45 246 144 270 325 177 274 94 253 230 242 234 142 158 168 204 329 112 153
 134 371 364 394 29 254 298 311 399 415 130 349 224 83 127 1 298 305 331 319 317 176 176 376 258 221 308 164 433 113 343 75 137 153 340 382 150 268 368 394 322 264 83 417 411 288 144 144 339 243 251 116 335 142 322 390 13 200 210 214 255 282 90 346 182 403 228 326 149 366 304 292 264 226 218 328 440 233 338 130 266 214 131 131 338 264 382 137 244 357 76 176 233 34 279 371 205 171 350 121 442 123 193 295 405 257 357 65 248 208 342 221 219 78 199 108 195 290 201 260 223 121 210 229 319 129 163 346 28 231 65 366 83 375 324 217 333 325 100 223 85 164 270 249 370 423 133 388 197 334 205 290 336 227 143 106 322 432 234 264
 207 324 78 350 293 392 282 153 331 294 182 202 282 245 187 298 1 142 104 51 357 399 123 269 451 170 158 396 349 294 294 321 223 212 43 212 223 149 135 329 165 135 218 320 330 59 155 183 167 73 105 185 40 159 239 184 296 322 238 182 280 406 223 368 270 372 436 60 343 365 58 68 322 443 167 293 376 391 70 338 390 253 285 235 324 197 241 215 241 330 333 151 119 301 263 80 250 128 115 211 358 220 198 317 274 350 86 308 287 417 347 392 151 327 254 306 228 368 414 415 141 258 258 428 275 303 271 374 271 175 236 126 279 256 329 321 141 211 247 82 233 182 393 220 309 352 266 264 102 334 406 369 279 90 232 355 204 346 159 210
 274 184 132 210 313 295 153 12 190 157 177 65 182 288 179 305 142 1 59 103 232 338 172 129 368 90 16 341 208 248 155 294 293 289 150 86 299 40 77 187 26 41 227 180 189 85 188 161 37 103 66 222 143 177 100 86 309 236 146 102 167 301 263 237 190 232 362 100 283 229 87 75 209 372 92 157 235 303 102 286 288 158 231 191 189 77 105 175 130 193 307 233 77 292 138 145 159 173 69 186 218 282 127 193 138 245 109 284 177 346 214 308 87 299 166 262 146 254 345 321 82 212 165 351 139 249 201 243 279 85 260 81 249 116 198 228 32 70 300 175 274 143 291 108 168 211 333 126 160 202 334 254 140 192 305 318 63 205 75 91
 276 237 75 261 334 351 210 65 238 194 202 105 237 300 205 331 104 59 1 55 289 386 175 173 421 135 72 387 252 290 210 331 294 287 99 110 298 89 40 236 73 82 249 222 235 57 198 191 68 97 81 234 93 193 155 82 333 289 198 148 224 358 275 294 240 284 413 49 330 285 48 48 266 422 135 213 281 357 47 330 344 211 275 230 245 134 141 212 186 247 344 227 100 323 196 88 211 178 20 219 261 287 172 251 174 301 52 320 234 396 271 361 124 336 218 303 196 311 395 376 116 253 218 403 196 293 249 300 304 133 278 36 286 159 255 282 41 122 308 160 287 177 347 164 219 257 337 165 157 259 384 312 195 175 305 359 115 249 119 147
 244 286 47 311 318 378 252 112 290 248 194 158 265 276 199 319 51 103 55 1 329 399 149 226 443 154 118 398 305 298 257 332 262 252 48 164 263 121 85 288 123 108 237 275 288 35 178 189 122 78 88 212 41 178 202 134 319 312 223 167 258 389 252 338 260 334 432 10 343 331 21 38 300 439 153 259 334 381 22 340 374 237 285 236 291 169 195 217 218 295 344 191 107 317 235 57 235 154 65 218 314 256 188 290 228 332 41 319 266 413 315 383 139 337 241 310 216 346 411 403 128 260 243 422 241 303 265 343 292 156 261 75 287 212 298 307 94 171 281 121 263 182 377 196 269 310 305 219 129 303 402 347 242 133 271 363 164 302 141 183
 379 102 363 108 341 115 81 226 132 191 256 207 100 359 252 317 357 232 289 329 1 219 312 166 194 193 219 231 164 206 101 256 396 402 376 233 407 210 298 128 222 223 285 168 149 302 300 235 234 291 253 316 369 282 143 274 328 121 136 183 82 101 341 32 139 104 207 328 191 58 311 295 54 220 196 87 152 139 332 208 98 123 186 202 62 162 202 210 119 77 265 371 242 286 96 376 131 308 298 230 169 379 179 41 197 70 340 258 80 203 42 153 212 257 132 214 152 45 207 138 221 200 122 193 101 192 156 31 306 184 317 306 235 178 42 102 255 176 378 348 348 216 98 138 116 147 420 186 315 46 192 46 111 365 407 252 181 164 200 148
 299 308 444 322 204 113 247 340 340 384 223 354 171 254 217 176 399 338 386 399 219 1 294 348 84 252 333 16 375 106 292 105 306 320 435 388 319 300 414 335 345 305 208 371 356 365 265 218 362 328 313 255 429 252 300 414 188 114 195 239 202 139 250 249 150 321 53 403 57 276 379 364 181 52 252 274 368 86 413 63 130 186 115 165 267 268 371 185 221 286 101 324 293 145 239 455 182 288 402 190 382 290 215 220 382 150 428 118 190 35 257 70 264 100 175 97 193 177 27 104 273 142 178 56 276 97 139 245 185 255 220 416 130 354 246 131 370 321 272 345 250 219 133 239 316 360 308 366 310 255 35 176 292 356 314 71 322 375 268 259
 103 316 192 343 171 313 253 182 334 321 73 233 218 128 79 176 123 172 175 149 312 294 1 286 358 128 183 289 361 190 283 206 122 118 165 258 128 149 214 329 196 138 98 336 339 123 33 86 208 79 107 64 161 44 238 249 174 241 178 134 231 333 104 332 191 361 338 157 242 339 137 130 265 342 125 275 380 305 170 232 316 191 187 138 300 177 273 120 197 313 217 65 99 182 231 198 185 7 193 107 371 113 134 275 304 283 189 192 233 317 317 302 112 212 185 199 162 309 313 332 108 157 193 332 259 201 185 336 149 141 115 209 167 277 296 246 192 223 135 52 115 99 320 185 305 358 164 290 22 305 308 309 270 63 133 242 217 358 131 186
 381 76 243 94 392 267 103 118 67 40 265 69 179 383 265 376 269 129 173 226 166 348 286 1 348 166 114 356 81 288 65 341 401 400 271 78 409 139 163 66 105 151 312 52 63 213 292 244 106 227 186 322 265 277 56 123 384 235 171 168 147 261 360 154 211 118 353 221 302 134 213 202 175 366 170 81 109 285 219 312 254 173 266 247 105 116 42 241 137 96 354 349 188 355 110 256 179 285 172 259 90 387 186 139 35 213 219 336 159 343 130 296 177 345 187 300 184 204 346 293 180 261 179 340 74 281 229 162 355 154 348 174 303 17 125 218 133 64 398 298 370 221 254 128 57 85 437 21 277 122 331 205 59 317 412 354 70 78 158 114
 375 293 486 300 286 82 247 367 324 379 285 369 187 333 280 258 451 368 421 443 194 84 358 348 1 291 360 98 357 172 285 185 385 398 484 401 398 333 443 320 369 341 281 360 341 410 331 276 385 379 356 327 477 316 309 435 270 133 224 277 210 95 328 219 184 293 34 445 120 248 423 407 174 43 292 268 342 66 454 135 97 211 172 222 251 292 378 241 240 269 183 396 338 226 247 498 211 352 435 252 362 368 256 210 381 136 468 197 197 51 235 61 306 181 205 167 228 150 58 57 316 202 204 30 275 158 181 214 265 290 297 448 202 357 230 141 398 336 352 407 329 271 97 262 305 340 389 367 371 237 55 149 290 420 393 154 339 357 305 280
 217 188 196 215 232 225 127 95 208 204 100 130 113 219 101 221 170 90 135 154 193 252 128 166 291 1 90 254 237 159 156 205 236 237 197 162 245 51 164 203 104 54 149 214 214 121 129 80 121 100 68 157 190 113 114 174 226 159 70 14 114 238 195 210 108 233 281 156 197 213 134 117 154 289 5 147 254 228 164 197 222 85 142 101 173 52 164 87 75 185 218 192 52 205 105 208 82 126 151 100 247 223 38 154 190 182 179 195 119 263 192 230 20 209 88 172 63 200 262 250 30 123 91 270 132 160 115 214 197 14 184 166 160 161 172 155 122 108 233 157 205 58 226 58 179 232 272 174 127 179 251 201 143 175 248 228 104 234 17 59
 283 169 146 195 317 286 139 8 175 143 182 52 174 295 184 308 158 16 72 118 219 333 183 114 360 90 1 337 194 246 140 293 303 299 165 78 309 41 84 172 16 47 232 165 174 100 196 165 32 116 77 230 158 185 85 85 312 229 140 100 156 291 270 223 185 217 355 114 279 215 102 90 198 365 92 143 220 295 116 282 278 151 228 190 175 69 92 176 121 178 307 244 85 294 126 159 153 183 80 188 203 291 125 180 125 235 122 284 167 340 200 301 90 298 160 260 142 242 339 312 87 211 158 344 125 246 197 230 283 82 265 90 249 102 184 219 39 54 307 188 281 145 281 99 153 196 342 112 171 188 328 243 125 206 314 316 47 191 75 81
 289 318 444 333 192 127 256 343 350 392 218 359 178 243 212 164 396 341 387 398 231 16 289 356 98 254 337 1 385 103 301 94 296 310 433 393 309 302 416 345 348 307 201 381 366 364 259 215 366 327 313 247 427 247 307 419 176 122 199 241 210 154 241 261 154 333 66 402 59 288 379 363 191 63 254 283 379 100 413 60 144 191 114 163 277 272 378 183 226 297 89 317 293 134 247 454 187 283 404 187 392 280 217 230 389 161 429 108 198 49 269 84 265 89 179 92 196 190 41 119 274 140 184 70 284 96 141 258 175 258 211 418 123 361 257 140 372 327 261 340 240 218 147 244 326 371 296 374 306 266 50 189 301 351 304 59 328 385 270 264
 453 68 319 58 452 278 137 198 36 64 332 148 218 450 331 433 349 208 252 305 164 375 361 81 357 237 194 385 1 335 91 389 472 473 350 149 481 216 237 42 185 229 376 31 24 292 364 311 184 306 265 392 343 348 124 192 442 266 224 236 183 263 428 140 257 72 369 299 337 112 292 282 195 382 240 108 35 300 297 351 261 221 312 304 109 186 113 301 190 90 400 425 265 408 155 332 229 359 249 321 11 458 249 156 83 228 295 386 194 363 123 314 250 391 236 346 240 208 367 301 254 314 226 355 115 324 276 146 415 224 412 248 355 94 130 247 212 142 466 377 437 287 261 189 65 19 506 88 354 122 352 209 99 395 484 394 149 4 231 180
 207 269 343 290 139 147 198 252 300 327 118 277 119 170 112 113 294 248 290 298 206 106 190 288 172 159 246 103 335 1 245 55 219 230 332 311 231 209 322 294 259 212 110 323 313 263 161 113 277 225 213 155 326 147 235 330 124 89 119 148 152 174 160 236 79 297 150 302 54 257 279 263 154 154 158 228 337 130 313 44 158 117 23 62 233 188 302 82 152 252 67 224 194 81 182 353 110 183 308 85 343 201 123 188 320 145 329 53 143 129 234 122 167 58 102 14 109 179 124 158 175 39 111 145 223 18 60 236 107 165 131 323 34 290 217 106 280 247 190 240 163 117 162 164 271 323 231 303 205 227 120 178 240 252 228 71 246 333 175 182
 370 34 283 61 362 205 48 147 57 95 247 114 129 363 245 343 294 155 210 257 101 292 283 65 285 156 140 301 91 245 1 299 388 390 305 135 398 148 209 52 138 162 289 81 69 236 282 225 146 239 197 308 297 265 56 178 352 180 134 152 94 197 341 93 166 81 293 254 250 77 241 227 114 305 159 19 101 224 255 263 190 131 222 214 42 107 103 212 100 39 310 346 193 318 65 296 139 281 213 232 100 373 162 77 98 151 259 296 105 284 68 236 172 301 145 256 150 140 287 230 178 223 136 279 26 235 186 100 325 143 324 219 264 78 60 162 171 89 380 306 350 201 191 102 28 82 420 86 279 58 273 141 16 325 400 306 95 90 154 98
 196 323 378 344 103 182 252 298 354 380 140 327 172 150 135 75 321 294 331 332 256 105 206 341 185 205 293 94 389 55 299 1 203 217 361 361 216 255 365 348 307 255 112 377 367 298 174 144 324 256 252 157 355 165 288 377 87 136 171 194 206 211 148 287 133 350 156 337 77 309 314 299 206 155 203 282 391 161 349 57 196 171 77 104 286 238 354 120 205 306 14 226 232 42 236 387 163 200 349 115 397 187 170 241 373 192 366 15 197 136 287 148 209 7 156 44 161 225 129 187 217 84 165 156 277 67 114 286 82 212 118 365 46 343 270 155 325 298 168 257 147 155 200 216 325 377 205 356 225 280 131 225 294 265 211 38 297 387 220 234
 20 420 300 447 114 363 352 303 442 437 144 352 297 55 146 137 223 293 294 262 396 306 122 401 385 236 303 296 472 219 388 203 1 18 264 378 14 267 334 438 317 257 114 449 449 240 109 166 329 199 228 82 262 125 350 370 128 297 265 238 320 389 59 421 259 462 357 270 268 433 253 248 344 357 233 377 488 348 283 251 372 275 228 196 397 287 391 187 293 413 209 73 218 164 330 302 267 121 313 167 482 18 228 364 421 350 302 190 318 337 410 339 224 208 264 221 247 381 330 376 222 204 275 356 364 235 245 423 122 249 89 328 186 394 390 310 313 339 40 143 57 188 376 287 413 467 44 406 138 399 331 381 377 135 13 239 334 470 243 293
 24 423 289 449 131 374 355 299 444 436 148 350 303 71 151 153 212 289 287 252 402 320 118 400 398 237 299 310 473 230 390 217 18 1 252 375 12 265 326 439 313 254 123 449 450 232 110 170 325 192 224 86 251 126 350 365 144 307 270 239 325 399 71 426 267 465 371 261 280 438 245 241 351 371 234 380 490 359 274 264 382 281 238 204 401 288 389 193 297 416 223 62 216 178 333 291 273 117 305 173 483 31 231 370 420 359 292 204 323 350 415 351 224 222 270 233 252 389 344 387 221 213 281 369 366 246 253 429 137 250 102 320 198 393 394 318 308 338 57 132 71 192 386 289 415 468 56 405 132 403 344 389 378 123 21 253 333 470 243 295
 248 333 45 358 335 421 299 159 336 291 222 203 309 287 227 340 43 150 99 48 376 435 165 271 484 197 165 433 350 332 305 361 264 252 1 206 263 167 120 334 169 154 260 320 333 77 197 221 167 108 130 228 8 200 249 170 338 353 266 210 303 433 265 385 301 381 471 52 379 378 67 83 345 478 195 306 379 422 54 375 418 280 321 271 338 216 238 251 264 342 373 192 147 342 282 41 278 170 104 249 359 262 229 337 271 377 61 348 312 452 363 424 180 367 283 344 258 392 449 445 170 295 286 462 288 339 304 391 313 200 278 109 318 257 345 350 139 218 289 124 275 217 421 242 316 355 307 263 144 350 441 392 290 130 272 394 211 347 184 230
 359 153 172 172 392 323 159 77 144 88 258 35 219 372 259 382 212 86 110 164 233 388 258 78 401 162 78 393 149 311 135 361 378 375 206 1 384 117 89 143 63 124 307 119 136 160 272 240 51 187 152 306 200 261 94 46 387 278 196 170 193 321 347 227 241 195 402 157 336 209 155 149 230 413 164 147 181 336 152 343 312 203 291 259 176 124 38 247 168 171 374 318 162 366 156 185 208 259 103 261 157 367 193 200 67 268 149 353 205 389 203 345 165 365 216 324 203 267 390 349 163 278 211 389 133 308 256 234 358 152 341 101 318 63 193 264 73 68 384 258 358 219 313 150 133 158 418 64 245 192 377 267 124 275 390 380 67 146 148 131
 29 430 300 457 126 376 362 309 452 445 154 359 308 68 157 150 223 299 298 263 407 319 128 409 398 245 309 309 481 231 398 216 14 12 263 384 1 274 337 447 323 264 126 458 458 243 118 176 335 203 234 92 262 134 358 375 140 310 276 247 331 401 72 432 271 472 371 272 281 444 256 252 355 370 242 387 497 361 285 264 385 286 241 208 408 296 398 198 303 423 222 73 225 176 340 302 278 127 316 178 491 31 238 375 429 363 303 203 329 350 421 352 232 221 276 234 258 393 343 389 230 216 286 369 373 248 257 434 135 258 102 331 199 401 400 322 318 347 52 143 70 198 389 297 422 476 46 414 142 410 344 393 386 134 11 252 342 479 251 302
 247 180 158 207 277 263 134 45 192 173 142 87 149 257 144 268 149 40 89 121 210 300 149 139 333 51 41 302 216 209 148 255 267 265 167 117 274 1 115 188 56 15 192 190 195 93 159 125 72 92 51 192 160 146 96 124 272 201 110 63 138 271 232 220 153 228 325 120 245 217 102 86 181 335 53 145 239 268 126 247 257 123 192 151 176 50 126 137 100 183 268 212 51 254 116 170 123 148 104 148 226 255 88 171 156 214 137 245 147 309 199 273 50 259 130 222 108 227 308 288 47 173 130 314 128 210 163 226 243 46 226 118 210 130 181 193 72 76 269 162 243 105 260 77 166 215 305 142 140 186 297 227 133 180 278 279 70 213 35 64
 315 233 84 255 372 369 219 77 229 176 238 97 257 339 242 368 135 77 40 85 298 414 214 163 443 164 84 416 237 322 209 365 334 326 120 89 337 115 1 228 78 111 287 207 223 95 237 226 65 136 118 273 115 231 158 51 370 312 222 176 239 374 314 299 266 279 438 77 358 286 85 86 281 447 164 216 269 378 69 360 362 233 305 262 248 152 125 246 205 247 378 266 136 359 208 96 235 217 22 253 246 326 201 261 156 318 61 354 251 421 275 384 156 370 242 335 222 324 421 396 149 285 241 426 200 323 276 305 341 159 316 12 319 148 261 303 46 124 348 198 326 211 364 182 214 245 376 151 196 263 410 325 195 213 344 391 118 234 148 164
 419 28 307 31 413 240 97 177 6 72 297 133 177 414 295 394 329 187 236 288 128 335 329 66 320 203 172 345 42 294 52 348 438 439 334 143 447 188 228 1 166 202 339 43 22 271 331 275 169 279 238 357 327 314 94 188 403 226 185 201 143 227 391 107 216 54 331 283 297 81 273 261 156 344 207 68 52 262 282 310 224 181 272 265 70 153 106 263 151 52 359 393 236 368 116 320 190 327 236 283 50 423 213 116 85 189 283 346 153 324 87 275 218 351 196 305 201 171 328 264 223 274 186 317 76 284 236 114 376 191 375 238 315 82 91 207 196 119 430 349 401 251 224 152 26 31 471 81 324 84 313 172 62 367 450 354 126 41 200 145
 297 165 146 190 332 294 142 15 169 132 196 40 182 310 198 322 165 26 73 123 222 345 196 105 369 104 16 348 185 259 138 307 317 313 169 63 323 56 78 166 1 62 246 156 167 108 210 179 18 128 91 244 162 199 84 72 327 239 151 114 163 297 285 224 196 213 365 118 291 214 109 98 204 375 106 142 213 303 118 295 285 161 240 204 175 78 80 190 130 176 320 257 99 308 131 159 163 197 77 202 195 305 138 184 113 241 122 298 174 350 201 310 104 311 171 273 154 247 350 320 101 224 168 353 125 258 208 231 298 96 280 85 263 93 186 228 35 50 322 200 296 160 287 108 148 189 356 102 184 188 338 248 123 217 328 329 44 182 89 89
 238 194 147 221 272 272 148 49 206 184 137 96 159 249 139 264 135 41 82 108 223 305 138 151 341 54 47 307 229 212 162 255 257 254 154 124 264 15 111 202 62 1 187 202 208 80 150 121 76 78 37 184 147 139 110 126 268 209 118 67 150 282 224 234 160 242 333 108 250 231 89 73 193 341 55 160 252 277 115 251 268 132 195 153 190 63 136 137 111 197 269 200 40 253 129 160 131 138 98 146 239 245 91 184 167 225 128 245 159 315 213 281 47 260 137 225 115 239 314 298 42 175 138 322 142 213 168 240 239 52 220 112 210 142 195 203 70 88 261 149 235 103 270 89 180 229 296 153 128 200 304 239 148 167 269 281 82 226 38 77
 100 319 282 345 87 252 248 235 344 351 51 276 186 76 49 83 218 227 249 237 285 208 98 312 281 149 232 201 376 110 289 112 114 123 260 307 126 192 287 339 246 187 1 357 354 206 65 70 262 161 170 47 255 60 258 312 84 185 158 145 211 276 57 311 147 357 256 244 162 325 222 210 232 258 146 275 388 238 256 148 260 167 116 84 292 197 312 78 190 309 122 117 153 85 227 290 158 92 268 58 386 97 128 255 338 237 275 98 208 235 302 231 143 118 155 115 141 269 230 266 146 91 165 253 264 125 132 313 56 161 37 284 80 308 282 197 254 256 94 148 65 92 264 189 315 369 136 322 118 292 228 268 279 155 125 149 252 375 161 199
 430 68 289 70 435 279 127 169 39 35 312 119 208 430 311 417 320 180 222 275 168 371 336 52 360 214 165 381 31 323 81 377 449 449 320 119 458 190 207 43 156 202 357 1 24 263 341 290 155 278 238 370 313 326 101 163 425 260 209 214 174 268 407 149 245 90 370 270 330 122 263 253 192 382 218 99 64 300 267 342 264 208 301 288 109 163 83 283 174 92 388 400 239 394 141 302 215 335 219 302 40 436 230 153 54 227 265 373 185 362 128 313 227 379 222 334 223 211 365 304 230 299 213 356 101 314 264 155 398 201 393 218 341 65 130 241 182 115 446 350 417 267 264 170 56 41 485 58 328 124 351 212 84 368 461 385 122 28 208 159
 431 49 304 47 429 261 115 179 18 57 310 131 196 427 309 411 330 189 235 288 149 356 339 63 341 214 174 366 24 313 69 367 449 450 333 136 458 195 223 22 167 208 354 24 1 273 342 288 167 285 244 369 326 326 102 181 419 246 202 213 162 248 405 127 235 68 352 282 317 100 274 263 176 365 218 86 47 283 281 330 245 199 291 281 91 163 99 278 167 73 378 403 243 386 132 317 207 337 233 298 34 435 226 137 73 210 280 364 172 345 108 296 228 369 214 324 217 192 349 285 232 291 204 338 92 303 254 134 392 201 389 234 332 77 112 227 195 122 444 356 414 265 245 166 42 23 483 73 332 105 334 193 76 374 462 373 129 22 209 157
 222 267 81 293 288 346 226 96 274 239 161 146 233 249 166 288 59 85 57 35 302 365 123 213 410 121 100 364 292 263 236 298 240 232 77 160 243 93 95 271 108 80 206 263 273 1 149 155 112 46 55 184 69 147 182 138 288 279 191 135 228 357 225 312 227 315 398 40 309 308 17 12 270 405 120 236 319 348 52 306 342 205 251 202 267 142 186 183 189 273 311 171 73 285 208 91 203 126 74 184 302 233 155 263 219 301 70 285 236 379 291 350 105 303 208 276 183 317 377 370 95 226 211 388 218 269 231 318 261 125 231 89 253 200 273 275 87 153 256 104 236 148 345 167 251 295 283 209 104 278 368 317 222 119 250 329 146 289 109 156
 90 314 222 341 141 291 248 197 335 329 49 245 204 103 54 144 155 188 198 178 300 265 33 292 331 129 196 259 364 161 282 174 109 110 197 272 118 159 237 331 210 150 65 341 342 149 1 67 224 104 124 36 192 19 241 269 143 220 166 131 221 312 78 323 172 358 310 185 214 332 164 155 251 314 125 272 381 281 198 203 295 178 160 114 294 179 284 98 190 309 186 72 112 149 226 228 171 27 217 82 374 97 125 266 313 266 217 160 221 289 310 277 116 180 170 170 149 293 285 309 114 132 180 305 258 174 163 326 117 141 84 233 137 285 289 227 211 231 113 84 89 86 299 181 306 360 147 298 54 298 280 293 270 92 121 210 226 362 135 186
 148 256 235 282 154 228 187 168 280 282 23 208 138 141 22 144 183 161 191 189 235 218 86 244 276 80 165 215 311 113 225 144 166 170 221 240 176 125 226 275 179 121 70 290 288 155 67 1 196 114 110 85 215 49 190 246 149 156 101 77 156 248 118 258 107 297 257 194 163 269 171 157 185 263 77 213 324 221 206 156 231 113 105 55 233 129 243 36 128 248 157 138 92 134 165 244 105 80 209 30 320 150 63 201 269 200 224 131 156 237 246 218 76 149 104 124 84 228 234 248 80 77 114 250 200 122 100 261 119 92 105 225 99 240 226 162 190 187 157 133 128 24 235 123 250 304 197 253 97 235 227 227 214 147 178 175 183 309 92 132
 310 171 140 195 348 309 154 29 171 128 212 37 199 324 214 339 167 37 68 122 234 362 208 106 385 121 32 366 184 277 146 324 329 325 167 51 335 72 65 169 18 76 262 155 167 112 224 196 1 137 102 258 160 214 93 54 343 256 168 131 178 312 299 234 213 218 382 116 308 222 110 101 219 392 123 152 214 319 114 312 300 178 258 221 184 95 75 207 146 184 338 268 113 325 145 153 180 209 69 219 194 319 156 197 108 256 116 315 190 367 210 326 121 329 188 290 171 261 367 336 117 242 185 370 135 276 226 241 314 113 295 74 280 92 196 245 28 59 336 208 310 176 302 125 153 190 370 99 195 198 354 262 132 225 341 346 53 181 106 106
 180 271 123 298 243 320 220 114 283 258 118 166 211 205 123 243 73 103 97 78 291 328 79 227 379 100 116 327 306 225 239 256 199 192 108 187 203 92 136 279 128 78 161 278 285 46 104 114 137 1 42 139 102 102 187 173 243 250 167 112 212 335 180 305 197 318 365 84 273 305 62 52 252 371 97 235 329 319 97 268 319 182 215 164 264 135 207 145 173 273 269 133 50 241 199 132 178 82 116 143 315 191 126 251 240 280 115 243 218 345 286 319 81 262 182 237 156 299 343 343 71 188 187 356 217 232 199 310 216 107 186 131 212 216 266 249 117 164 212 73 192 111 322 154 257 306 241 227 62 273 334 299 224 91 210 288 158 303 92 147
 209 229 132 256 255 292 180 77 242 219 121 128 180 226 125 251 105 66 81 88 253 313 107 186 356 68 77 313 265 213 197 252 228 224 130 152 234 51 118 238 91 37 170 238 244 55 124 110 102 42 1 159 123 116 146 146 253 225 137 81 177 304 201 266 173 277 345 91 257 265 68 52 218 353 66 194 288 294 101 255 289 151 200 152 224 95 169 134 137 232 265 168 21 243 160 143 149 108 100 139 275 218 101 214 201 248 117 240 184 326 246 296 51 257 154 226 129 265 324 316 41 176 157 335 176 218 178 271 224 72 200 116 207 176 227 221 88 123 236 113 212 99 292 117 216 265 269 187 95 233 315 265 183 131 239 281 117 262 56 108
 64 339 256 366 108 294 271 231 362 359 63 278 218 68 66 116 185 222 234 212 316 255 64 322 327 157 230 247 392 155 308 157 82 86 228 306 92 192 273 357 244 184 47 370 369 184 36 85 258 139 159 1 224 46 270 304 112 225 184 157 239 318 43 341 182 381 302 220 208 353 199 190 265 305 154 296 407 282 233 194 301 195 159 120 316 208 316 108 212 332 167 71 146 126 248 261 187 60 253 89 402 67 147 284 345 275 252 143 238 282 329 275 146 163 185 161 167 305 276 310 146 132 195 299 283 170 170 343 90 170 52 268 126 316 309 235 246 262 79 109 54 107 305 206 332 387 116 329 85 318 274 305 296 113 94 194 257 390 165 213
 246 326 43 351 331 414 291 152 329 285 216 196 302 284 222 335 40 143 93 41 369 429 161 265 477 190 158 427 343 326 297 355 262 251 8 200 262 160 115 327 162 147 255 313 326 69 192 215 160 102 123 224 1 196 242 165 334 346 259 203 296 426 262 378 294 374 464 45 373 371 59 75 338 471 188 299 373 415 48 368 411 273 315 265 331 209 232 245 257 335 368 190 141 337 274 41 271 166 98 244 352 259 222 329 265 370 57 342 304 445 355 417 173 361 276 337 251 385 443 438 163 288 279 455 281 333 297 383 308 193 274 104 312 251 338 343 133 211 286 121 272 211 414 235 309 348 305 257 140 343 434 385 282 128 270 388 204 340 177 222
 106 297 223 324 142 273 230 186 319 314 32 233 185 112 37 142 159 177 193 178 282 252 44 277 316 113 185 247 348 147 265 165 125 126 200 261 134 146 231 314 199 139 60 326 326 147 19 49 214 102 116 46 196 1 226 260 142 202 148 114 203 295 87 305 154 340 295 185 200 314 163 152 233 299 109 255 364 265 197 189 278 160 145 97 277 164 271 80 172 291 176 90 102 143 208 230 153 37 212 66 358 111 107 247 299 247 216 151 203 275 291 260 101 170 152 156 131 275 270 292 100 115 161 289 241 159 146 308 115 125 86 228 125 271 271 209 202 217 124 95 98 68 282 164 289 343 161 284 61 280 265 275 253 106 137 200 212 346 120 170
 331 86 229 112 337 229 65 92 98 95 212 65 130 330 211 322 239 100 155 202 143 300 238 56 309 114 85 307 124 235 56 288 350 350 249 94 358 96 158 94 84 110 258 101 102 182 241 190 93 187 146 270 242 226 1 133 329 188 117 115 101 228 307 142 159 134 311 199 252 131 186 172 136 322 118 60 144 244 200 261 218 120 213 192 92 63 72 186 84 94 300 302 143 300 63 242 126 236 160 204 134 336 131 108 86 175 205 282 114 299 118 254 127 291 134 247 129 174 300 256 131 207 127 298 43 228 176 149 301 101 294 166 248 56 104 173 117 35 346 256 317 167 220 73 71 121 385 70 232 106 287 174 41 275 362 301 41 122 108 60
 351 197 133 217 397 357 197 80 189 130 262 68 249 370 264 390 184 86 82 134 274 414 249 123 435 174 85 419 192 330 178 377 370 365 170 46 375 124 51 188 72 126 312 163 181 138 269 246 54 173 146 304 165 260 133 1 393 307 221 184 226 358 345 270 266 240 433 126 361 253 130 128 265 443 176 188 225 369 118 365 348 230 311 274 219 147 83 260 197 214 391 305 160 377 191 145 233 251 70 271 200 361 209 239 110 304 111 368 238 418 245 377 172 382 241 343 224 305 419 384 167 295 237 421 174 329 279 277 364 166 343 62 333 108 234 295 59 101 380 240 356 228 349 176 178 202 412 108 234 235 406 306 166 256 381 400 97 189 158 157
 126 380 364 404 17 266 307 316 408 423 133 355 234 74 130 13 296 309 333 319 328 188 174 384 270 226 312 176 442 124 352 87 128 144 338 387 140 272 370 403 327 268 84 425 419 288 143 149 343 243 253 112 334 142 329 393 1 212 219 220 265 294 83 357 192 413 240 326 161 376 304 293 275 238 223 337 449 245 339 142 278 223 142 139 348 271 388 144 253 366 88 170 236 47 288 370 215 169 352 127 451 114 199 305 412 268 358 78 258 221 353 234 223 90 209 120 203 302 213 272 227 131 219 241 328 140 174 357 30 237 61 368 94 382 334 229 337 331 89 220 77 169 282 257 378 432 121 395 195 344 217 301 344 223 133 118 328 440 239 271
 283 199 354 216 226 73 135 236 231 271 171 244 59 253 166 200 322 236 289 312 121 114 241 235 133 159 229 122 266 89 180 136 297 307 353 278 310 201 312 226 239 209 185 260 246 279 220 156 256 250 225 225 346 202 188 307 212 1 92 145 90 94 240 152 54 219 127 314 72 176 292 275 73 137 160 162 263 70 322 88 77 80 72 107 159 162 259 123 111 179 144 289 207 168 127 366 79 235 303 139 273 280 126 111 269 58 336 139 77 112 154 73 174 137 72 94 97 91 114 94 185 95 72 115 163 73 57 151 193 158 212 316 120 241 140 21 267 211 273 287 245 146 81 132 205 252 315 253 251 149 100 90 180 302 308 132 213 265 173 151
 248 163 264 188 229 156 91 147 190 210 123 162 45 234 120 210 238 146 198 223 136 195 178 171 224 70 140 199 224 119 134 171 265 270 266 196 276 110 222 185 151 118 158 209 202 191 166 101 168 167 137 184 259 148 117 221 219 92 1 57 56 169 213 158 46 200 217 224 142 169 203 186 89 226 72 119 232 160 232 148 153 16 97 81 135 74 185 81 36 152 184 236 121 186 71 276 14 173 213 102 233 249 45 101 202 113 245 166 57 200 146 164 88 175 21 131 18 135 200 181 98 91 21 205 110 113 61 161 192 68 193 226 133 172 126 86 177 131 252 216 222 81 156 47 161 215 293 186 182 135 189 135 127 233 277 186 131 223 83 66
 219 185 210 212 227 212 120 105 206 207 98 136 101 217 98 214 182 102 148 167 183 239 134 168 277 14 100 241 236 148 152 194 238 239 210 170 247 63 176 201 114 67 145 214 213 135 131 77 131 112 81 157 203 114 115 184 220 145 57 1 103 225 193 201 94 228 267 169 184 206 147 131 142 276 16 143 251 214 178 185 209 72 130 91 167 53 169 79 65 180 208 196 64 197 98 222 69 131 164 94 246 223 26 145 194 169 192 185 108 250 184 217 32 199 74 161 50 189 249 236 42 112 77 257 128 148 102 205 191 19 181 178 150 164 164 141 133 112 232 166 203 54 213 52 176 230 271 178 134 172 238 189 140 183 250 217 109 234 30 57
 302 118 295 140 277 132 48 163 148 183 178 161 35 287 175 255 280 167 224 258 82 202 231 147 210 114 156 210 183 152 94 206 320 325 303 193 331 138 239 143 163 150 211 174 162 228 221 156 178 212 177 239 296 203 101 226 265 90 56 103 1 136 267 103 75 149 211 257 157 115 238 222 44 222 116 77 186 145 263 170 123 46 130 131 83 91 172 134 41 102 217 291 163 228 39 308 54 227 235 155 192 303 98 46 180 79 274 204 14 199 92 154 133 208 58 163 73 90 201 159 142 135 48 198 75 142 94 106 240 106 246 246 175 153 72 73 194 127 305 267 275 136 125 62 121 172 347 165 234 81 187 90 92 285 331 212 130 183 122 77
 375 201 428 207 309 30 164 298 232 289 264 292 125 343 259 282 406 301 358 389 101 139 333 261 95 238 291 154 263 174 197 211 389 399 433 321 401 271 374 227 297 282 276 268 248 357 312 248 312 335 304 318 426 295 228 358 294 94 169 225 136 1 331 125 143 199 114 389 135 154 369 352 94 127 240 181 248 55 396 155 18 154 162 200 160 225 295 215 173 177 215 382 288 248 169 440 157 327 370 232 268 372 210 123 294 58 407 217 125 115 142 71 255 209 154 175 179 58 121 41 266 187 149 100 191 157 150 120 279 234 302 381 207 271 139 88 329 258 362 377 335 236 14 195 215 246 403 281 342 145 107 57 204 393 399 192 262 264 250 212
 49 372 295 398 74 305 302 272 396 398 96 318 242 26 97 90 223 263 275 252 341 250 104 360 328 195 270 241 428 160 341 148 59 71 265 347 72 232 314 391 285 224 57 407 405 225 78 118 299 180 201 43 262 87 307 345 83 240 213 193 267 331 1 367 203 412 301 260 210 381 240 232 289 301 191 329 441 290 273 194 314 222 170 140 347 245 355 134 243 363 155 88 187 110 280 300 214 100 294 113 437 42 180 311 383 293 292 134 264 280 358 281 185 153 211 163 196 325 274 318 186 146 221 299 316 177 188 369 69 207 31 310 128 355 337 252 287 301 40 143 12 141 318 240 367 421 81 368 124 347 274 324 331 143 69 184 296 426 204 249
 404 83 368 83 370 143 87 230 111 175 280 204 126 386 276 346 368 237 294 338 32 249 332 154 219 210 223 261 140 236 93 287 421 426 385 227 432 220 299 107 224 234 311 149 127 312 323 258 234 305 266 341 378 305 142 270 357 152 158 201 103 125 367 1 167 75 235 335 222 30 320 304 83 248 213 83 124 167 338 239 125 147 216 229 52 172 194 235 137 60 295 393 256 316 107 381 155 328 300 256 144 404 200 58 184 101 345 288 104 231 25 183 228 288 158 244 175 73 237 164 237 229 147 221 100 222 185 8 335 200 344 307 264 168 40 133 258 176 404 365 375 238 124 152 101 123 446 174 334 37 222 74 105 383 433 282 182 141 214 159
