NAME : domp160p40v1
COMMENT : (Deleplanque et al.) 
TYPE : DOMP
DIMENSION : 160
DISPLAY_DATA_TYPE: NO_DISPLAY
OPEN_FACILITIES : 40
COST_SECTION
 1 262 228 154 164 298 248 335 61 292 213 173 316 119 308 120 124 140 318 105 199 162 246 278 158 177 195 91 190 114 149 102 156 250 263 148 199 200 160 121 148 97 223 212 227 222 268 288 218 253 227 39 298 79 76 223 156 140 160 254 128 242 266 345 193 101 105 264 122 58 154 265 76 163 120 294 272 196 19 167 150 220 90 208 43 52 160 86 93 68 181 86 298 80 170 236 168 128 275 297 261 70 61 177 345 162 153 188 77 70 213 184 116 188 180 63 256 219 85 221 166 96 115 195 144 61 224 68 226 185 230 71 130 54 271 91 118 179 59 200 270 124 186 115 161 106 169 282 252 199 204 235 50 144 201 49 101 172 142 116
 262 1 322 109 106 206 56 253 320 219 138 369 260 346 289 304 237 342 271 366 402 293 18 289 219 88 273 346 103 374 339 162 365 456 339 271 155 181 107 144 364 184 105 84 282 151 50 79 446 138 61 272 278 335 298 56 119 152 132 24 346 96 137 286 320 212 356 301 286 265 271 287 280 312 146 170 215 269 247 207 271 43 204 422 304 211 254 336 348 305 88 347 176 268 400 27 168 167 151 85 5 218 304 91 284 165 371 376 201 328 438 225 202 88 219 289 126 124 343 422 367 178 177 396 120 295 445 329 444 155 295 330 270 211 89 240 326 307 316 209 309 331 77 346 374 328 101 50 52 339 219 446 213 150 66 310 347 388 139 247
 228 322 1 259 235 189 349 194 227 172 368 127 164 166 128 347 338 131 156 259 145 386 316 91 110 282 51 288 322 251 374 243 143 181 36 82 169 144 238 260 367 187 222 240 49 180 291 390 207 208 263 192 126 222 166 322 292 187 200 331 155 368 220 179 42 305 213 63 109 171 375 79 303 74 260 218 155 55 216 119 371 291 171 172 236 231 375 206 222 184 291 255 217 306 186 306 158 302 215 398 324 274 193 289 180 162 157 411 268 267 197 99 314 241 105 175 222 366 275 153 132 268 176 141 257 182 193 238 190 169 36 265 100 214 263 308 141 52 220 116 64 139 277 173 149 160 288 367 278 53 107 181 220 186 299 240 307 160 293 118
 154 109 259 1 34 214 103 262 212 218 113 276 256 244 270 207 149 247 264 258 309 209 93 256 150 28 209 238 65 266 244 54 269 363 284 190 120 141 27 39 264 86 104 80 229 133 122 145 347 147 85 166 258 228 195 75 39 73 66 102 247 112 156 286 245 117 250 258 195 162 188 249 177 228 41 192 205 206 140 144 188 68 106 326 196 103 176 230 241 200 35 239 198 167 300 83 109 78 169 154 108 114 198 33 285 103 273 283 97 220 339 166 112 52 159 185 143 109 235 330 273 75 87 303 12 190 348 221 347 110 239 222 183 104 137 142 228 229 208 163 266 234 33 244 277 227 30 132 107 261 171 352 105 74 51 201 241 291 52 159
 164 106 235 34 1 182 117 229 218 186 143 266 224 240 238 232 178 237 231 266 298 238 94 226 126 50 185 252 93 272 269 71 261 352 258 172 88 110 7 64 286 79 74 53 202 100 105 159 341 116 65 168 226 233 192 89 72 50 36 106 241 135 125 254 225 144 252 229 182 160 218 219 198 211 66 161 173 181 147 118 217 66 98 318 205 115 207 232 245 200 59 247 166 190 295 83 81 109 138 168 106 136 200 58 252 75 266 309 119 232 333 140 141 26 133 184 113 137 247 318 263 99 73 292 41 190 340 228 339 79 213 233 168 111 112 167 221 210 214 133 237 226 44 241 269 223 60 141 89 242 142 342 114 50 65 210 257 283 84 144
 298 206 189 214 182 1 255 49 332 20 315 296 56 308 95 398 354 284 69 378 323 414 210 113 150 223 160 385 265 377 433 240 304 367 185 195 103 99 188 242 442 206 115 144 142 84 159 284 382 72 156 279 86 338 279 237 252 168 157 225 301 289 70 81 213 319 344 137 230 260 395 119 357 227 243 41 36 154 280 136 394 197 209 349 329 265 386 328 345 295 231 365 36 352 349 205 132 289 56 290 209 302 301 231 79 139 316 474 286 362 372 130 318 166 130 279 82 305 376 335 298 272 186 317 221 288 372 344 370 117 154 362 209 252 120 337 281 208 325 106 143 282 210 313 312 294 237 255 156 232 107 364 258 163 223 334 397 327 265 202
 248 56 349 103 117 255 1 302 308 266 86 378 307 346 332 269 199 348 317 352 410 250 47 328 241 76 299 325 65 361 303 149 371 465 369 287 188 214 114 128 331 187 145 118 312 189 104 44 449 184 100 265 320 325 297 29 94 166 150 33 349 41 186 334 340 180 349 336 295 263 229 323 252 327 130 220 259 295 236 231 230 61 208 428 289 198 210 329 339 300 70 331 227 239 401 50 192 135 200 53 53 194 298 73 332 188 375 338 179 310 441 252 167 109 245 286 173 72 324 431 375 156 186 405 110 291 449 315 449 184 325 312 283 202 141 208 330 325 305 241 344 335 75 345 379 329 81 36 102 357 250 454 203 166 54 295 323 393 110 258
 335 253 194 262 229 49 302 1 365 46 363 311 31 332 74 439 399 304 42 408 335 458 257 106 181 271 176 420 313 406 474 285 323 374 181 218 147 137 235 288 481 246 163 192 151 130 204 331 396 120 204 313 71 369 308 285 299 211 203 272 324 337 117 38 225 363 371 134 255 293 440 116 398 244 289 84 64 170 317 169 438 245 247 362 363 307 431 357 375 326 279 397 78 394 368 253 173 336 103 336 256 345 332 279 36 180 335 515 330 397 386 158 364 214 159 310 130 353 410 345 315 317 226 330 268 319 384 377 381 160 161 396 235 293 165 381 304 223 357 137 137 305 258 337 330 319 285 301 202 242 135 374 299 207 271 369 434 344 312 231
 61 320 227 212 218 332 308 365 1 324 271 141 343 80 327 141 170 112 342 49 161 193 304 293 185 236 205 61 250 55 158 160 121 206 263 157 240 236 216 181 143 145 272 264 239 264 322 348 167 296 282 55 319 20 63 282 216 188 209 313 92 302 310 369 188 154 49 274 122 74 191 280 105 155 179 335 303 209 73 198 187 278 132 163 23 111 202 34 34 44 240 34 338 116 121 294 208 187 317 357 319 125 36 237 369 203 113 190 135 41 163 209 170 243 206 56 302 278 49 181 133 155 161 158 202 48 176 13 178 227 239 39 138 110 321 137 93 176 9 230 279 98 244 74 123 75 228 341 306 187 231 190 108 192 260 21 81 129 202 135
 292 219 172 218 186 20 266 46 324 1 322 281 42 296 77 395 355 270 53 368 307 414 221 94 140 229 145 378 272 367 430 240 290 350 166 182 103 93 192 244 437 202 123 152 125 86 173 297 367 82 167 271 67 329 269 247 256 167 159 237 288 299 83 70 197 319 333 119 218 251 396 100 354 212 245 59 22 138 274 127 394 207 203 333 321 262 387 318 335 286 237 356 55 350 335 216 129 292 70 303 222 300 291 238 69 136 302 471 285 355 357 118 320 173 119 270 94 313 368 319 283 272 182 301 225 278 356 336 354 116 137 354 197 248 135 336 268 193 316 95 124 269 216 301 298 282 242 268 168 216 96 347 255 162 231 327 391 312 269 191
 213 138 368 113 143 315 86 363 271 322 1 368 362 325 380 199 128 336 371 308 399 171 124 368 260 95 319 273 51 320 230 132 357 453 395 295 230 252 138 112 262 185 201 172 340 239 181 103 427 244 163 240 368 290 276 86 78 184 177 116 331 51 249 392 351 122 316 370 293 245 150 361 192 330 112 286 312 317 206 255 152 123 205 413 250 169 130 298 304 275 86 288 292 178 379 122 221 85 264 110 135 146 270 87 390 215 357 261 137 262 421 278 106 151 271 264 236 16 275 421 364 120 193 394 112 266 432 275 432 221 351 264 285 180 213 147 315 335 270 274 378 322 107 323 364 309 84 117 174 365 283 440 177 186 93 254 266 376 79 261
 173 369 127 276 266 296 378 311 141 281 368 1 283 61 252 280 296 34 277 154 34 329 358 214 163 303 137 195 333 142 298 239 22 88 156 107 237 219 266 260 280 192 287 293 162 257 353 420 87 291 316 136 248 127 98 349 297 218 239 371 50 385 304 302 88 271 107 188 85 126 324 201 240 70 259 315 261 143 171 178 320 330 171 56 158 203 331 109 121 107 310 158 316 248 61 347 211 287 305 430 370 238 116 308 303 211 35 328 240 179 77 172 285 282 175 111 302 371 182 54 9 251 194 28 270 112 80 148 78 230 154 177 102 190 336 263 56 89 135 197 189 50 305 68 25 69 302 405 337 74 192 78 193 220 325 159 216 35 291 124
 316 260 164 256 224 56 307 31 343 42 362 283 1 306 45 425 388 277 14 385 306 447 262 76 160 268 149 399 312 382 459 274 295 344 151 193 138 123 230 279 463 232 164 192 122 125 214 338 367 123 208 292 41 346 285 287 294 200 194 278 297 340 124 32 196 352 347 104 230 271 429 86 382 217 280 96 52 143 299 150 427 248 230 333 343 292 422 333 351 303 277 375 91 379 340 257 160 328 110 344 263 331 309 277 30 167 308 499 317 376 357 135 354 212 138 288 135 353 389 316 286 306 212 301 262 296 355 355 352 150 131 376 210 277 175 368 278 195 335 117 107 279 256 311 302 294 281 309 209 213 114 344 283 196 272 348 414 316 306 209
 119 346 166 244 240 308 346 332 80 296 325 61 306 1 282 220 241 37 302 96 83 271 332 245 162 271 159 135 295 87 237 200 41 132 200 115 232 220 239 222 220 162 276 276 190 254 337 388 104 289 297 86 275 67 50 318 259 197 220 344 14 348 303 329 125 219 49 222 79 84 267 231 182 95 220 320 275 164 121 177 263 304 143 90 99 157 275 49 61 52 277 98 322 191 56 321 202 242 306 397 345 187 60 274 329 199 35 268 191 119 98 179 234 260 180 62 298 329 122 104 54 206 170 79 236 60 108 87 108 222 186 116 100 148 326 208 29 117 75 204 225 29 275 8 44 18 267 376 320 118 202 117 149 200 294 99 156 54 250 112
 308 289 128 270 238 95 332 74 327 77 380 252 45 282 1 421 392 250 33 366 272 448 290 39 151 286 124 385 329 362 454 280 266 307 110 172 151 131 244 288 455 232 188 215 93 144 245 366 334 152 233 280 13 327 267 310 308 206 206 306 272 363 156 52 165 356 325 66 209 258 432 52 378 189 289 134 75 120 292 145 430 272 226 299 330 290 427 314 331 285 294 358 130 376 310 283 166 336 144 373 292 332 293 294 53 173 279 494 319 363 324 126 360 231 131 272 165 372 374 280 256 311 213 268 274 280 321 339 317 161 99 362 191 274 208 368 254 167 319 115 67 254 275 288 273 272 297 338 238 180 109 308 280 203 292 334 402 285 318 195
 120 304 347 207 232 398 269 439 141 395 199 280 425 220 421 1 72 250 428 152 301 56 287 393 271 219 313 103 206 167 38 163 260 345 382 267 295 303 226 170 64 194 303 284 345 316 327 298 302 341 291 157 411 158 189 252 186 231 244 288 231 245 353 454 312 93 185 381 241 177 63 382 45 281 168 386 377 314 133 277 59 268 197 302 122 134 82 174 169 175 217 135 391 46 259 279 268 138 364 306 301 98 166 215 454 261 253 78 115 107 299 296 103 256 292 177 341 212 112 321 272 134 214 298 196 173 313 137 315 282 349 110 249 149 342 66 228 298 146 310 388 234 233 214 263 212 205 304 313 316 314 329 142 235 239 122 86 269 166 234
 124 237 338 149 178 354 199 399 170 355 128 296 388 241 392 72 1 263 393 197 322 61 220 368 246 156 296 154 137 211 105 115 279 371 370 256 253 266 172 115 135 162 251 228 325 271 265 227 335 292 231 161 380 189 199 183 121 189 198 220 250 174 302 418 308 37 217 361 238 176 42 358 72 279 113 337 338 296 128 248 41 204 171 329 148 108 38 202 202 190 152 177 342 58 289 213 229 73 315 235 234 64 182 150 417 222 275 140 73 148 331 270 38 200 264 186 289 141 159 344 289 83 180 318 139 184 344 170 345 240 332 151 240 125 284 34 241 292 172 278 368 247 170 236 284 229 140 234 252 316 284 356 119 193 173 150 143 293 102 221
 140 342 131 247 237 284 348 304 112 270 336 34 277 37 250 250 263 1 273 132 64 298 330 213 143 273 129 170 302 123 269 207 24 118 164 90 217 201 238 229 254 162 264 268 158 238 328 391 107 272 290 104 245 101 65 320 266 191 213 343 25 354 286 299 90 238 86 189 60 93 292 200 209 62 228 300 250 135 138 159 288 302 142 81 129 170 299 83 97 76 280 133 301 217 66 319 188 255 288 400 342 206 85 277 299 187 33 301 207 152 98 157 252 255 159 78 282 339 157 86 28 219 166 59 240 80 103 121 103 208 153 150 80 158 314 231 23 85 106 182 191 17 275 44 33 39 272 376 312 82 178 106 161 193 296 130 191 48 259 98
 318 271 156 264 231 69 317 42 342 53 371 277 14 302 33 428 393 273 1 383 299 451 273 67 161 277 145 399 320 380 461 279 290 336 141 190 145 128 237 286 465 235 174 202 116 133 225 349 360 134 218 293 31 344 283 297 302 205 201 289 293 350 136 28 190 357 344 95 227 271 434 78 385 212 286 109 60 140 301 152 432 258 232 326 343 295 427 331 349 301 285 374 104 382 335 268 165 334 122 355 274 335 308 285 28 172 303 502 322 376 350 136 359 221 139 287 146 362 388 308 281 311 216 294 269 295 348 354 345 156 124 375 208 280 187 372 275 190 334 119 97 275 265 308 297 291 289 320 220 206 115 336 286 201 281 348 414 310 313 208
 105 366 259 258 266 378 352 408 49 368 308 154 385 96 366 152 197 132 383 1 165 207 351 331 229 282 243 51 292 16 158 206 132 200 293 195 288 282 263 226 132 193 320 312 276 311 370 391 153 344 329 103 359 41 101 327 259 236 257 358 109 343 358 411 217 189 48 310 159 120 210 318 127 186 224 382 348 247 120 242 205 325 180 159 64 156 224 54 37 84 285 22 385 140 115 340 255 226 364 400 365 164 78 282 411 250 121 182 176 49 152 252 205 290 250 99 350 317 41 183 146 197 209 164 248 91 166 39 169 275 274 46 177 157 369 167 118 208 55 274 314 121 290 89 131 99 273 385 354 213 274 184 154 240 306 58 71 132 244 178
 199 402 145 309 298 323 410 335 161 307 399 34 306 83 272 301 322 64 299 165 1 352 390 235 194 336 164 211 365 152 316 270 44 56 171 138 268 249 299 292 295 224 318 325 185 288 385 453 62 321 348 164 269 145 126 382 329 251 271 403 73 417 335 323 111 299 121 207 117 156 349 222 263 99 291 344 288 170 199 209 344 363 204 28 181 233 357 128 136 133 342 173 344 273 56 380 243 318 334 462 402 266 141 340 324 243 49 344 269 198 52 202 313 315 205 139 332 402 198 23 37 281 227 7 302 139 50 166 48 261 176 195 134 221 367 289 85 115 156 227 207 79 337 88 39 95 334 437 369 94 221 46 223 252 358 180 232 34 322 156
 162 293 386 209 238 414 250 458 193 414 171 329 447 271 448 56 61 298 451 207 352 1 276 424 300 214 348 158 191 222 68 175 310 397 420 305 312 324 232 175 106 218 311 288 378 331 323 273 356 352 291 200 437 210 236 238 179 249 258 274 281 221 362 477 353 96 238 414 282 218 23 413 90 323 174 397 397 348 171 304 22 262 225 354 173 161 42 226 222 223 210 190 403 83 312 269 288 132 375 280 290 118 214 208 476 281 304 92 130 161 353 325 98 260 320 223 350 185 167 373 322 143 237 349 199 219 366 190 369 299 384 164 288 177 344 81 276 338 197 335 421 282 229 265 314 261 199 284 310 360 341 382 171 253 230 173 141 321 161 270
 246 18 316 93 94 210 47 257 304 221 124 358 262 332 290 287 220 330 273 351 390 276 1 288 211 71 266 329 86 358 322 146 353 445 334 261 151 177 94 128 347 171 103 79 277 148 59 78 433 140 58 257 278 320 284 40 102 141 122 17 333 85 141 290 312 195 341 298 274 251 254 284 263 302 130 175 216 262 232 199 255 29 190 410 288 195 237 321 333 290 71 331 181 251 387 12 160 150 155 85 16 201 289 74 288 157 358 359 185 312 425 218 185 78 212 275 129 111 327 411 355 161 165 385 104 281 432 313 432 149 289 313 259 196 95 223 313 298 300 204 306 319 61 332 361 315 84 52 56 330 214 435 198 140 49 294 331 376 122 236
 278 289 91 256 226 113 328 106 293 94 368 214 76 245 39 393 368 213 67 331 235 424 288 1 124 274 89 352 318 326 425 259 228 271 76 138 141 117 231 270 424 208 186 210 56 140 249 364 296 156 231 248 36 293 232 304 293 188 191 304 235 355 163 89 127 333 289 29 174 226 408 14 349 152 271 149 84 85 262 121 406 267 199 262 297 264 404 278 295 251 283 324 146 349 273 280 148 317 154 372 292 307 258 283 90 155 242 464 296 330 286 99 338 222 105 238 170 362 341 243 219 289 190 230 259 246 283 305 280 148 61 329 156 248 214 343 218 129 285 95 32 217 265 251 235 235 284 338 240 142 87 271 254 185 284 301 369 248 301 163
 158 219 110 150 126 150 241 181 185 140 260 163 160 162 151 271 246 143 161 229 194 300 211 124 1 174 60 240 214 228 304 140 166 245 135 56 76 59 129 154 306 86 126 138 83 96 195 282 247 130 161 134 141 190 130 213 184 78 92 226 157 259 144 188 102 210 195 117 85 113 285 113 227 97 154 159 119 57 142 17 283 185 76 218 184 141 282 180 197 147 182 218 161 226 208 201 53 199 146 291 220 184 152 180 188 55 175 343 173 217 238 26 217 134 23 131 140 257 230 211 163 169 71 188 149 140 241 197 240 69 92 217 64 124 175 220 136 89 178 46 124 138 169 166 174 147 179 261 180 121 47 238 131 77 190 189 255 189 187 53
 177 88 282 28 50 223 76 271 236 229 95 303 268 271 286 219 156 273 277 282 336 214 71 274 174 1 233 259 45 290 255 77 296 390 306 216 135 158 46 58 278 112 109 81 250 145 110 118 374 153 79 191 273 253 222 48 36 97 85 78 274 87 160 298 270 127 275 278 221 188 193 268 193 254 59 197 218 229 164 166 193 50 133 353 219 126 178 255 266 226 10 262 203 182 326 62 130 84 174 128 86 131 224 10 297 124 300 294 114 242 366 188 119 57 181 211 147 88 257 357 300 91 113 330 36 216 374 244 374 127 262 244 210 129 132 154 255 255 233 182 286 261 16 270 304 254 17 106 97 286 191 379 130 97 25 225 260 318 55 185
 195 273 51 209 185 160 299 176 205 145 319 137 149 159 124 313 296 129 145 243 164 348 266 89 60 233 1 265 273 238 342 196 147 209 77 50 122 97 188 212 339 141 175 191 34 135 244 340 223 166 214 162 118 205 144 272 243 137 150 282 150 318 178 171 56 262 202 71 86 140 335 76 268 69 212 182 125 7 181 69 332 241 127 190 210 189 333 190 208 163 241 236 182 270 193 257 108 256 175 348 275 233 171 240 171 112 160 381 225 243 213 50 270 191 56 150 178 316 253 177 140 223 128 158 208 158 213 217 211 120 37 242 69 172 218 268 131 49 198 70 76 131 227 165 155 148 238 317 231 75 62 205 178 136 249 215 282 169 245 79
 91 346 288 238 252 385 325 420 61 378 273 195 399 135 385 103 154 170 399 51 211 158 329 352 240 259 265 1 263 66 108 186 174 249 323 216 288 287 248 203 86 187 314 302 298 312 356 361 203 343 316 108 377 70 123 302 232 230 250 335 148 311 356 426 248 152 91 334 182 129 162 339 83 216 201 384 357 268 109 251 158 305 179 207 57 138 178 88 76 105 261 39 387 98 163 320 257 194 364 370 344 132 96 258 426 251 164 135 147 24 202 265 168 277 262 116 347 282 14 229 188 170 205 209 228 108 215 51 218 275 299 25 197 144 361 127 152 237 69 284 339 156 270 128 175 133 248 360 340 247 286 233 139 235 283 52 22 178 215 192
 190 103 322 65 93 265 65 313 250 272 51 333 312 295 329 206 137 302 320 292 365 191 86 318 214 45 273 263 1 302 241 96 323 419 347 252 179 202 88 74 268 144 151 123 292 188 139 100 398 195 115 211 317 268 245 48 36 137 128 84 299 54 200 341 307 117 293 321 253 212 169 311 188 289 75 237 261 270 180 207 170 77 164 380 230 141 152 273 282 246 36 271 243 175 350 81 172 71 215 109 100 131 243 36 340 166 325 276 117 248 391 230 104 101 223 234 187 45 262 386 329 96 149 359 66 237 400 256 401 171 303 250 244 148 167 145 282 291 247 225 329 288 57 293 331 278 35 100 129 322 234 407 148 138 46 235 260 344 49 219
 114 374 251 266 272 377 361 406 55 367 320 142 382 87 362 167 211 123 380 16 152 222 358 326 228 290 238 66 302 1 173 214 120 185 285 191 289 282 269 234 147 198 323 317 270 312 375 400 138 346 335 106 354 41 99 335 269 240 261 366 99 353 360 407 209 201 39 304 154 121 225 312 141 178 232 382 346 243 127 242 220 332 183 145 73 164 238 50 32 82 293 35 385 154 100 348 257 237 366 409 373 175 78 290 407 252 108 196 186 63 137 250 217 296 249 99 352 328 56 169 134 207 212 151 256 91 151 47 154 276 268 60 173 164 373 181 111 201 59 272 308 113 298 79 119 92 281 394 359 204 272 169 161 244 314 68 86 119 254 176
 149 339 374 244 269 433 303 474 158 430 230 298 459 237 454 38 105 269 461 158 316 68 322 425 304 255 342 108 241 173 1 200 277 356 409 296 331 338 263 207 39 229 340 320 375 352 364 331 310 378 328 183 444 172 212 287 222 267 281 323 249 278 389 488 338 129 197 412 267 204 85 413 77 306 205 422 412 344 164 311 81 304 230 314 142 169 105 190 181 196 253 145 427 82 270 315 303 174 401 338 337 134 187 251 488 296 269 42 151 120 309 329 139 293 324 201 378 243 120 336 290 171 249 314 233 196 323 151 325 317 378 123 277 183 379 103 249 324 164 343 418 254 269 231 279 231 241 338 350 340 348 340 177 271 275 141 88 284 202 264
 102 162 243 54 71 240 149 285 160 240 132 239 274 200 280 163 115 207 279 206 270 175 146 259 140 77 196 186 96 214 200 1 228 324 272 166 139 152 66 23 216 57 141 123 222 157 172 190 303 180 133 117 268 177 150 123 61 75 84 154 204 149 191 304 221 80 200 255 162 117 157 250 128 199 22 225 224 195 88 139 155 121 75 285 143 51 149 180 191 152 81 186 230 120 255 136 116 60 203 200 161 66 149 78 303 109 230 240 49 167 296 162 81 96 156 139 179 133 182 292 234 33 70 265 43 143 305 169 306 125 230 169 155 54 182 99 187 205 157 166 263 193 85 198 236 183 70 182 157 235 174 312 54 79 101 149 189 249 54 131
 156 365 143 269 261 304 371 323 121 290 357 22 295 41 266 260 279 24 290 132 44 310 353 228 166 296 147 174 323 120 277 228 1 97 174 112 239 223 261 250 259 185 287 291 175 260 352 413 83 294 313 121 261 106 83 343 288 215 236 366 30 376 308 315 103 256 85 203 83 113 306 215 221 79 249 321 270 153 156 181 302 325 164 58 139 190 314 88 99 90 302 137 322 230 46 342 211 275 310 422 366 223 98 300 316 210 15 307 226 159 74 178 270 279 180 96 305 360 161 66 15 239 189 40 262 96 80 127 80 231 168 156 103 178 337 246 43 101 115 203 205 37 298 48 10 51 294 399 336 91 199 84 181 217 319 139 195 25 280 122
 250 456 181 363 352 367 465 374 206 350 453 88 344 132 307 345 371 118 336 200 56 397 445 271 245 390 209 249 419 185 356 324 97 1 200 190 320 299 353 346 332 279 370 379 226 338 438 507 55 371 401 216 306 188 178 436 383 305 325 458 124 471 384 358 155 350 161 243 172 209 395 259 310 149 345 390 332 215 251 260 391 417 258 44 227 286 405 172 177 183 397 212 390 320 87 434 295 371 383 517 456 318 190 394 359 295 98 381 321 239 51 251 365 369 255 191 383 456 237 35 91 335 281 61 357 190 37 209 34 313 215 236 187 274 419 338 139 162 202 275 241 132 392 136 90 146 389 492 422 135 269 17 277 306 412 225 270 79 376 210
 263 339 36 284 258 185 369 181 263 166 395 156 151 200 110 382 370 164 141 293 171 420 334 76 135 306 77 323 347 285 409 272 174 200 1 116 184 158 262 288 402 217 236 256 58 192 304 409 231 216 279 227 111 257 202 343 318 212 222 350 188 391 226 160 77 337 247 49 144 206 408 68 338 109 288 218 153 79 251 141 405 310 202 197 272 263 408 241 257 220 315 290 216 340 216 325 179 332 219 417 341 307 229 314 162 183 188 446 299 302 222 119 345 261 126 211 230 391 311 175 162 299 204 167 283 218 217 273 213 186 46 300 134 246 273 342 176 88 255 130 45 173 300 207 180 195 313 385 292 84 121 202 252 210 321 275 342 189 321 151
 148 271 82 190 172 195 287 218 157 182 295 107 193 115 172 267 256 90 190 195 138 305 261 138 56 216 50 216 252 191 296 166 112 190 116 1 131 113 174 185 291 111 182 191 83 150 249 329 193 184 214 114 165 156 96 259 219 122 140 275 107 301 198 217 57 224 155 119 38 93 293 124 223 42 184 210 162 53 135 72 290 234 93 163 162 149 294 142 160 114 224 187 211 225 156 251 107 224 199 338 271 193 122 222 217 107 123 334 187 194 183 67 233 184 69 101 195 294 204 156 108 189 104 132 187 109 186 168 184 124 84 193 20 133 230 227 87 41 149 93 124 88 213 120 120 102 218 310 234 72 89 183 138 123 235 166 234 135 218 37
 199 155 169 120 88 103 188 147 240 103 230 237 138 232 151 295 253 217 145 288 268 312 151 141 76 135 122 288 179 289 331 139 239 320 184 131 1 27 94 143 341 105 54 73 128 24 124 227 322 58 95 186 139 249 194 164 158 66 57 167 229 215 72 168 172 217 260 149 158 169 294 136 256 171 144 96 87 116 181 61 292 128 111 292 234 164 286 242 258 208 144 273 100 250 281 142 33 191 78 234 157 199 212 144 167 39 249 372 184 266 312 73 218 82 68 191 67 223 280 286 237 171 85 263 125 199 316 252 314 15 141 266 138 151 100 235 207 161 234 55 157 210 125 235 248 216 147 202 110 192 65 313 157 61 144 239 299 263 169 121
 200 181 144 141 110 99 214 137 236 93 252 219 123 220 131 303 266 201 128 282 249 324 177 117 59 158 97 287 202 282 338 152 223 299 158 113 27 1 115 159 345 110 79 99 102 40 148 253 304 73 121 182 119 243 185 189 179 78 76 193 215 240 86 154 150 230 251 123 143 163 307 111 262 151 160 102 75 92 182 43 305 154 111 274 231 170 300 234 251 201 167 268 104 258 266 168 37 207 88 260 183 209 205 167 153 45 233 379 195 265 295 50 232 107 45 184 84 246 278 266 220 184 90 244 144 192 297 248 296 32 115 265 122 156 123 245 193 139 229 29 131 196 149 223 231 204 169 228 136 169 39 293 162 74 168 237 300 246 188 109
 160 107 238 27 7 188 114 235 216 192 138 266 230 239 244 226 172 238 237 263 299 232 94 231 129 46 188 248 88 269 263 66 261 353 262 174 94 115 1 58 281 78 80 58 206 107 109 157 341 122 69 166 232 230 191 86 66 53 41 106 240 131 131 260 227 138 250 234 183 158 212 224 193 213 60 167 179 185 144 122 211 66 98 318 201 111 200 230 243 198 54 244 173 184 294 83 85 103 145 166 107 131 198 53 259 80 266 303 113 228 333 144 135 31 137 183 119 132 243 319 263 93 73 293 34 189 340 225 339 84 217 230 169 107 118 162 221 212 211 138 242 226 41 240 269 222 54 140 93 244 147 343 111 53 62 207 253 283 78 145
 121 144 260 39 64 242 128 288 181 244 112 260 279 222 288 170 115 229 286 226 292 175 128 270 154 58 212 203 74 234 207 23 250 346 288 185 143 159 58 1 226 75 137 115 236 159 159 169 325 178 122 139 276 198 172 102 39 83 86 134 226 127 188 310 240 81 222 268 182 139 155 261 140 219 3 223 229 210 109 152 154 104 94 307 163 71 145 202 212 174 60 205 229 129 277 118 124 49 201 178 143 77 171 57 309 117 252 246 59 185 318 175 78 87 168 161 176 112 200 313 256 37 85 286 28 165 327 189 327 130 245 187 175 76 174 105 209 224 178 176 276 215 68 220 257 205 48 161 145 254 184 334 76 86 81 169 204 271 34 150
 148 364 367 264 286 442 331 481 143 437 262 280 463 220 455 64 135 254 465 132 295 106 347 424 306 278 339 86 268 147 39 216 259 332 402 291 341 345 281 226 1 237 355 338 372 363 385 361 283 391 347 178 445 154 202 313 246 278 294 349 232 308 403 492 328 153 176 409 259 200 120 412 89 296 224 434 418 341 165 314 117 327 235 290 131 179 141 172 161 184 277 123 439 98 246 339 311 199 413 369 362 151 175 274 492 304 249 50 169 103 283 331 165 311 327 192 392 275 99 314 272 190 257 293 253 186 297 134 300 327 374 105 272 191 397 125 235 316 150 347 414 239 292 213 260 216 264 366 370 329 351 316 185 282 299 128 64 262 227 262
 97 184 187 86 79 206 187 246 145 202 185 192 232 162 232 194 162 162 235 193 224 218 171 208 86 112 141 187 144 198 229 57 185 279 217 111 105 110 78 75 237 1 128 121 167 127 180 230 264 157 139 92 220 158 115 159 110 44 65 182 164 195 170 262 166 126 175 202 111 82 202 197 153 146 75 199 184 139 79 88 199 143 22 242 134 61 198 156 169 123 119 176 203 149 217 160 75 116 179 239 184 101 123 117 261 68 189 270 89 165 256 109 132 101 103 106 161 185 180 245 189 84 21 219 80 113 264 156 264 91 175 166 101 48 177 138 144 150 140 118 209 150 114 163 193 145 112 215 163 180 124 268 54 49 135 140 196 207 108 77
 223 105 222 104 74 115 145 163 272 123 201 287 164 276 188 303 251 264 174 320 318 311 103 186 126 109 175 314 151 323 340 141 287 370 236 182 54 79 80 137 355 128 1 29 179 47 70 180 369 45 46 218 176 283 233 124 140 85 65 119 273 177 53 193 225 217 298 198 205 204 291 183 268 222 139 89 115 169 206 112 290 85 141 341 262 180 279 279 294 245 117 303 95 260 327 96 77 181 66 187 107 207 247 117 191 78 295 380 190 292 360 126 214 54 121 228 40 191 307 336 286 171 112 312 113 236 365 283 363 58 193 293 186 171 52 239 252 213 266 108 205 256 95 278 295 259 124 153 58 245 117 363 176 81 109 268 321 311 155 166
 212 84 240 80 53 144 118 192 264 152 172 293 192 276 215 284 228 268 202 312 325 288 79 210 138 81 191 302 123 317 320 123 291 379 256 191 73 99 58 115 338 121 29 1 199 72 61 155 373 73 24 212 203 277 231 96 113 80 58 95 275 149 79 221 239 195 294 220 210 200 267 207 250 232 117 116 143 186 195 125 267 58 137 347 252 165 255 275 289 241 89 294 122 241 329 71 86 157 94 163 86 188 242 90 220 85 298 360 171 281 365 142 190 29 136 225 66 163 296 344 292 150 108 320 90 232 370 275 369 72 212 282 192 159 61 219 254 225 259 127 228 259 67 278 300 259 96 130 45 257 136 370 163 77 81 258 308 315 130 171
 227 282 49 229 202 142 312 151 239 125 340 162 122 190 93 345 325 158 116 276 185 378 277 56 83 250 34 298 292 270 375 222 175 226 58 83 128 102 206 236 372 167 179 199 1 136 248 352 246 162 222 195 88 237 177 286 264 157 166 293 180 335 173 142 75 291 234 38 118 173 365 43 300 97 236 170 108 32 213 86 362 253 155 212 244 219 362 223 240 196 259 269 169 301 220 268 122 281 168 360 284 263 204 258 142 127 188 414 253 276 236 63 298 204 70 184 176 336 287 196 166 250 152 180 229 192 234 250 232 129 14 275 102 202 218 299 162 75 231 73 44 162 244 196 182 180 258 328 236 92 64 224 208 155 264 248 316 195 268 112
 222 151 180 133 100 84 189 130 264 86 239 257 125 254 144 316 271 238 133 311 288 331 148 140 96 145 135 312 188 312 352 157 260 338 192 150 24 40 107 159 363 127 47 72 136 1 113 225 342 36 92 209 132 272 217 167 171 86 75 165 250 219 50 155 188 236 283 152 179 192 312 137 277 190 160 73 74 129 204 80 311 129 134 312 257 186 303 265 282 231 153 296 77 271 302 141 57 207 54 233 153 220 235 153 153 62 270 393 204 289 332 88 236 89 84 214 46 230 303 304 257 189 108 282 139 223 335 275 334 38 149 289 158 174 84 255 229 177 257 66 160 232 133 258 269 238 157 199 102 208 75 332 179 82 149 263 322 284 183 143
 268 50 291 122 105 159 104 204 322 173 181 353 214 337 245 327 265 328 225 370 385 323 59 249 195 110 244 356 139 375 364 172 352 438 304 249 124 148 109 159 385 180 70 61 248 113 1 127 434 94 42 271 234 336 291 96 145 140 118 72 336 143 91 239 294 236 354 264 270 260 302 248 298 290 161 121 171 239 251 181 302 63 196 407 309 219 286 334 348 301 114 352 128 288 390 60 144 193 104 133 53 235 302 116 237 143 359 402 218 336 425 196 228 81 190 284 81 168 351 404 352 196 168 379 133 291 430 332 429 127 261 338 252 215 40 262 315 282 317 177 271 319 96 338 360 319 125 98 17 314 186 430 219 137 95 315 360 375 164 231
 288 79 390 145 159 284 44 331 348 297 103 420 338 388 366 298 227 391 349 391 453 273 78 364 282 118 340 361 100 400 331 190 413 507 409 329 227 253 157 169 361 230 180 155 352 225 127 1 491 216 135 307 355 365 338 72 133 208 192 62 391 54 215 365 382 213 390 375 338 305 252 361 285 369 170 248 293 335 277 272 254 100 250 471 329 238 232 370 379 342 112 370 254 272 443 86 233 169 229 10 76 230 339 115 363 229 417 363 216 347 483 292 199 150 286 328 204 89 361 474 417 194 229 447 152 332 492 355 492 224 365 349 325 243 166 241 372 367 345 280 383 378 117 387 421 371 122 31 130 400 289 496 243 208 96 334 358 435 148 301
 218 446 207 347 341 382 449 396 167 367 427 87 367 104 334 302 335 107 360 153 62 356 433 296 247 374 223 203 398 138 310 303 83 55 231 193 322 304 341 325 283 264 369 373 246 342 434 491 1 376 395 189 331 148 154 421 362 296 318 445 101 451 390 384 172 318 119 269 166 187 356 284 270 156 324 401 347 229 223 263 351 406 244 36 189 260 367 135 135 154 380 167 402 281 49 423 294 344 391 500 446 287 159 377 385 293 76 332 293 196 11 258 333 360 261 165 387 432 192 60 86 309 270 67 339 162 19 168 24 313 237 192 185 251 419 303 121 175 165 284 269 116 377 106 75 121 370 478 418 155 279 41 252 298 397 186 223 60 353 204
 253 138 208 147 116 72 184 120 296 82 244 291 123 289 152 341 292 272 134 344 321 352 140 156 130 153 166 343 195 346 378 180 294 371 216 184 58 73 122 178 391 157 45 73 162 36 94 216 376 1 86 242 141 306 251 166 183 114 98 156 285 218 15 151 220 257 317 173 213 226 332 156 304 223 180 46 78 160 235 114 331 126 166 346 289 213 321 299 315 265 161 329 52 297 337 135 90 224 24 222 141 244 268 161 149 94 304 418 228 321 367 121 255 97 117 248 15 234 335 337 291 211 138 315 155 256 369 308 368 70 176 321 193 203 59 278 263 210 290 97 180 266 139 292 303 273 167 187 87 239 104 365 208 110 152 295 352 318 198 178
 227 61 263 85 65 156 100 204 282 167 163 316 208 297 233 291 231 290 218 329 348 291 58 231 161 79 214 316 115 335 328 133 313 401 279 214 95 121 69 122 347 139 46 24 222 92 42 135 395 86 1 230 221 295 251 82 113 101 79 74 297 134 88 236 262 200 313 242 232 220 270 228 260 255 124 125 160 209 211 148 269 42 156 370 268 179 256 294 307 261 84 311 131 250 351 51 109 160 103 142 63 197 261 86 234 108 320 367 180 296 387 165 194 40 159 244 76 152 311 367 314 158 128 342 96 251 392 292 392 95 235 297 215 174 55 226 276 249 277 149 250 280 64 298 322 280 94 108 25 281 159 393 178 98 71 274 321 337 131 193
 39 272 192 166 168 279 265 313 55 271 240 136 292 86 280 157 161 104 293 103 164 200 257 248 134 191 162 108 211 106 183 117 121 216 227 114 186 182 166 139 178 92 218 212 195 209 271 307 189 242 230 1 271 67 40 238 176 134 156 267 93 264 256 320 156 136 86 232 85 23 192 235 113 125 137 281 251 165 36 145 188 230 78 175 51 72 197 65 78 36 196 88 284 118 140 246 154 156 263 316 271 103 33 193 320 149 120 220 106 85 183 158 150 191 155 26 248 245 98 186 130 121 107 160 157 27 193 67 194 173 197 84 95 64 268 128 81 142 49 178 237 88 197 84 127 71 186 297 254 161 179 202 65 138 215 56 123 138 165 86
 298 278 126 258 226 86 320 71 319 67 368 248 41 275 13 411 380 245 31 359 269 437 278 36 141 273 118 377 317 354 444 268 261 306 111 165 139 119 232 276 445 220 176 203 88 132 234 355 331 141 221 271 1 320 259 298 296 194 194 294 266 351 145 55 161 344 318 65 201 249 421 48 367 184 277 125 64 113 282 134 419 260 215 296 321 279 415 306 323 277 282 350 121 366 306 271 154 325 134 361 280 321 284 282 56 161 274 484 308 354 321 116 348 219 120 263 154 360 366 278 252 299 202 265 262 271 318 331 315 149 95 353 183 263 197 357 248 162 311 103 67 248 263 281 268 265 285 327 227 176 98 306 270 191 280 325 393 281 306 186
 79 335 222 228 233 338 325 369 20 329 290 127 346 67 327 158 189 101 344 41 145 210 320 293 190 253 205 70 268 41 172 177 106 188 257 156 249 243 230 198 154 158 283 277 237 272 336 365 148 306 295 67 320 1 62 299 233 200 221 329 79 320 320 371 182 174 30 272 120 81 209 279 123 150 196 343 308 208 90 203 205 294 143 145 42 128 220 19 15 44 257 34 346 135 103 310 217 206 326 374 335 145 39 254 371 212 98 202 154 53 145 212 190 256 211 60 312 296 57 165 120 174 172 143 218 51 157 22 160 237 236 51 138 126 333 157 84 171 21 234 277 88 260 60 108 65 245 358 319 179 234 172 124 204 277 39 91 113 220 138
 76 298 166 195 192 279 297 308 63 269 276 98 285 50 267 189 199 65 283 101 126 236 284 232 130 222 144 123 245 99 212 150 83 178 202 96 194 185 191 172 202 115 233 231 177 217 291 338 154 251 251 40 259 62 1 269 210 152 174 295 55 298 265 310 127 174 67 213 60 34 229 219 147 95 171 286 248 148 74 144 225 256 96 137 72 109 235 50 67 19 227 93 289 154 106 273 162 194 270 348 297 142 28 224 310 159 82 247 144 102 147 152 189 214 151 14 259 280 111 148 92 158 125 121 187 18 156 74 157 182 177 100 77 98 284 166 43 115 55 175 217 49 226 50 89 34 218 327 275 129 174 165 100 155 245 75 142 101 200 78
 223 56 322 75 89 237 29 285 282 247 86 349 287 318 310 252 183 320 297 327 382 238 40 304 213 48 272 302 48 335 287 123 343 436 343 259 164 189 86 102 313 159 124 96 286 167 96 72 421 166 82 238 298 299 269 1 70 138 123 37 320 54 169 316 312 161 322 311 267 235 216 299 231 298 104 205 239 268 210 204 217 41 179 400 264 172 199 302 312 273 43 306 211 218 373 37 165 115 184 81 53 171 270 46 314 161 346 323 155 285 413 225 149 83 218 258 156 73 300 403 346 132 158 376 83 263 421 290 421 159 298 287 254 175 129 189 302 297 279 215 319 307 46 317 350 301 55 60 89 329 225 425 176 138 25 270 301 365 88 230
 156 119 292 39 72 252 94 299 216 256 78 297 294 259 308 186 121 266 302 259 329 179 102 293 184 36 243 232 36 269 222 61 288 383 318 219 158 179 66 39 246 110 140 113 264 171 145 133 362 183 113 176 296 233 210 70 1 108 104 105 263 89 191 325 274 94 258 294 219 177 158 286 162 255 40 228 243 240 145 179 158 84 130 345 197 106 144 238 247 211 33 239 234 150 314 94 146 49 205 142 117 102 208 30 323 140 290 259 86 217 356 202 85 87 195 198 178 76 231 351 293 63 117 324 36 202 365 223 365 148 274 219 210 113 167 122 246 258 213 200 302 252 51 258 295 242 20 128 132 289 208 371 112 110 54 202 232 309 20 186
 140 152 187 73 50 168 166 211 188 167 184 218 200 197 206 231 189 191 205 236 251 249 141 188 78 97 137 230 137 240 267 75 215 305 212 122 66 78 53 83 278 44 85 80 157 86 140 208 296 114 101 134 194 200 152 138 108 1 23 155 197 183 127 230 175 153 216 188 134 122 231 180 192 162 84 158 150 134 122 72 229 113 58 271 178 100 223 196 211 163 105 219 162 186 251 130 42 131 137 217 153 135 164 103 229 35 221 308 120 209 288 95 156 65 88 146 117 180 223 271 216 107 29 245 73 153 294 199 293 52 168 209 119 89 134 171 176 160 182 94 196 181 93 199 223 180 102 189 124 192 102 295 95 5 114 184 239 238 114 96
 160 132 200 66 36 157 150 203 209 159 177 239 194 220 206 244 198 213 201 257 271 258 122 191 92 85 150 250 128 261 281 84 236 325 222 140 57 76 41 86 294 65 65 58 166 75 118 192 318 98 79 156 194 221 174 123 104 23 1 136 219 170 110 225 192 162 238 194 155 144 239 184 207 181 87 143 144 146 142 83 237 95 80 292 198 117 230 218 233 185 94 240 148 200 273 111 45 134 121 200 133 147 186 93 224 40 242 321 131 229 309 104 162 45 97 168 99 172 243 291 237 116 51 266 69 175 315 220 314 46 178 229 139 108 113 182 198 177 203 98 202 203 79 221 244 202 94 171 102 210 107 316 113 20 100 204 258 259 113 116
 254 24 331 102 106 225 33 272 313 237 116 371 278 344 306 288 220 343 289 358 403 274 17 304 226 78 282 335 84 366 323 154 366 458 350 275 167 193 106 134 349 182 119 95 293 165 72 62 445 156 74 267 294 329 295 37 105 155 136 1 345 73 156 305 327 197 351 314 287 262 252 301 266 316 136 190 232 277 240 215 253 42 202 423 296 203 234 331 342 301 76 338 196 254 399 26 175 151 171 69 20 206 299 79 303 172 371 359 190 319 438 234 186 93 227 286 144 102 333 424 368 166 178 398 112 291 445 321 444 164 305 320 273 205 110 225 326 312 309 220 322 331 70 344 374 326 88 36 71 345 230 448 206 154 54 301 336 388 124 249
 128 346 155 247 241 301 349 324 92 288 331 50 297 14 272 231 250 25 293 109 73 281 333 235 157 274 150 148 299 99 249 204 30 124 188 107 229 215 240 226 232 164 273 275 180 250 336 391 101 285 297 93 266 79 55 320 263 197 219 345 1 352 299 320 113 227 62 211 73 88 277 222 192 84 224 315 268 155 128 172 273 306 144 83 110 163 285 61 74 61 280 111 316 201 55 323 199 248 302 400 346 195 69 277 320 197 28 280 198 131 94 173 242 260 174 68 294 335 135 95 42 212 170 69 239 67 102 99 103 219 175 128 94 153 324 217 23 107 86 198 214 20 277 21 35 23 270 378 319 106 195 110 154 200 297 110 169 46 255 108
 242 96 368 112 135 289 41 337 302 299 51 385 340 348 363 245 174 354 350 343 417 221 85 355 259 87 318 311 54 353 278 149 376 471 391 301 215 240 131 127 308 195 177 149 335 219 143 54 451 218 134 264 351 320 298 54 89 183 170 73 352 1 221 368 356 162 345 362 305 265 199 350 234 339 128 257 291 315 232 252 201 93 216 433 282 194 180 326 334 299 79 322 263 220 403 86 214 119 236 62 92 181 296 81 367 209 378 310 168 298 444 273 147 134 266 287 208 37 312 438 381 147 198 412 117 290 453 308 454 209 347 300 294 201 179 189 334 340 300 265 370 340 93 346 383 331 84 67 139 372 275 459 200 183 72 287 307 397 101 270
 266 137 220 156 125 70 186 117 310 83 249 304 124 303 156 353 302 286 136 358 335 362 141 163 144 160 178 356 200 360 389 191 308 384 226 198 72 86 131 188 403 170 53 79 173 50 91 215 390 15 88 256 145 320 265 169 191 127 110 156 299 221 1 150 232 268 331 182 227 239 342 164 316 236 190 38 83 172 248 128 341 129 179 359 302 226 331 313 329 279 167 342 44 309 351 136 104 233 16 221 140 256 282 168 148 108 318 430 239 334 380 134 265 105 130 262 14 239 349 351 305 222 152 329 164 270 383 322 381 84 186 334 207 215 53 289 277 223 304 110 189 280 146 306 317 287 175 186 86 252 117 378 221 123 157 308 365 332 207 192
 345 286 179 286 254 81 334 38 369 70 392 302 32 329 52 454 418 299 28 411 323 477 290 89 188 298 171 426 341 407 488 304 315 358 160 217 168 154 260 310 492 262 193 221 142 155 239 365 384 151 236 320 55 371 310 316 325 230 225 305 320 368 150 1 215 382 371 117 254 299 460 102 412 238 311 119 82 166 328 179 458 276 259 350 370 321 452 358 376 328 307 401 114 409 360 285 190 358 136 370 290 362 335 307 3 197 328 529 348 404 374 163 385 242 166 314 162 383 416 331 306 336 242 318 292 323 371 381 368 181 149 403 235 306 200 398 301 216 362 146 118 301 286 335 322 318 311 335 236 230 142 359 313 226 301 375 442 335 336 236
