NAME : domp180p60v4
COMMENT : (Deleplanque et al.) 
TYPE : DOMP
DIMENSION : 180
DISPLAY_DATA_TYPE: NO_DISPLAY
OPEN_FACILITIES : 60
COST_SECTION
 1 282 405 256 345 234 115 398 199 239 359 299 278 271 141 361 193 141 80 347 290 410 167 40 160 232 385 355 326 372 352 239 126 386 107 190 186 228 292 32 233 65 81 38 122 291 244 194 444 408 334 328 220 145 428 323 116 124 371 161 316 234 177 203 329 103 294 113 413 122 43 291 208 266 296 361 311 245 234 283 39 398 420 19 231 176 290 44 386 326 294 125 254 267 298 337 24 305 260 322 275 58 250 242 288 168 275 364 115 355 324 442 239 55 52 178 133 120 328 132 282 380 60 285 157 276 310 200 205 297 175 238 40 351 331 139 201 165 37 71 219 311 326 124 263 317 148 286 219 348 228 239 308 309 333 415 172 234 100 59 344 290 171 108 208 252 341 149 141 233 286 386 33 336 156 333 257 439 301 356
 282 1 157 100 231 105 210 231 85 129 338 75 20 143 145 82 99 278 298 79 70 194 187 292 236 244 272 138 178 254 73 129 188 149 220 160 325 334 148 287 143 224 234 318 284 120 298 187 212 226 112 57 90 315 227 202 171 281 190 126 148 71 161 236 120 184 333 169 152 175 245 47 78 315 39 92 45 265 202 145 256 135 165 277 102 107 265 241 127 72 102 253 253 16 131 127 270 340 315 43 103 225 155 130 65 306 281 85 173 393 127 253 107 324 330 155 237 171 94 262 309 114 231 32 130 138 113 188 282 308 211 98 306 372 167 146 208 294 247 302 115 339 108 175 19 134 267 258 189 364 124 52 83 303 216 225 112 272 266 239 341 151 139 177 218 39 73 144 261 49 143 193 287 240 176 54 162 226 288 88
 405 157 1 151 175 174 358 128 218 176 301 108 148 155 266 137 248 350 396 81 117 59 261 404 302 269 196 61 133 182 108 176 287 24 316 315 381 372 292 418 188 357 375 441 365 263 320 244 58 112 73 161 245 388 94 160 290 361 99 269 116 227 315 279 244 303 334 300 30 285 376 123 226 328 124 71 114 284 229 146 388 36 20 395 176 238 256 362 34 187 243 333 266 168 122 248 388 337 331 123 133 349 181 174 120 368 284 97 291 376 256 123 262 436 446 236 316 286 214 339 312 51 365 135 272 149 100 241 324 302 273 169 420 351 116 284 256 356 370 403 189 332 81 319 170 267 337 251 229 342 184 206 215 289 167 103 253 298 357 352 315 144 291 312 260 195 86 257 334 195 141 86 401 194 261 114 180 83 275 73
 256 100 151 1 141 24 227 163 92 34 239 53 82 45 122 164 134 206 247 114 47 156 114 253 159 149 185 99 94 167 137 34 136 131 166 209 245 246 236 272 48 214 237 292 218 211 204 102 188 165 79 152 149 244 179 111 143 215 126 141 70 138 203 147 218 155 236 158 164 135 231 66 115 219 77 124 90 170 106 51 243 152 168 246 27 104 166 213 138 171 195 186 156 96 49 225 238 242 220 115 20 201 56 34 49 228 183 142 144 294 224 198 180 285 296 86 169 138 193 193 212 137 222 75 142 42 55 101 194 210 130 20 269 273 90 149 120 216 222 253 38 241 72 187 94 229 193 159 97 265 36 116 180 204 125 170 126 178 207 202 242 58 175 172 128 115 109 110 189 95 51 137 251 147 112 120 63 187 189 119
 345 231 175 141 1 152 350 71 229 129 127 159 213 98 239 270 272 239 304 203 162 130 179 327 196 133 46 125 55 29 237 129 223 154 239 346 248 224 374 369 126 322 351 374 259 348 169 152 167 90 138 272 289 270 120 31 250 255 79 273 85 278 339 156 349 259 168 275 203 235 333 187 254 169 197 205 202 137 113 91 344 201 193 330 157 235 93 305 189 296 331 234 119 231 101 356 323 168 174 228 131 300 105 126 167 242 124 234 251 202 357 117 320 355 371 176 220 242 322 235 149 201 330 201 273 100 122 146 188 135 174 154 343 177 70 274 147 233 315 314 157 162 137 312 230 364 225 91 127 168 142 256 312 119 17 102 259 153 263 287 141 84 310 290 143 253 202 223 226 235 91 95 328 21 192 227 97 141 108 201
 234 105 174 24 152 1 207 181 78 28 241 73 88 55 100 176 120 187 225 132 65 178 94 231 141 140 197 122 110 180 152 28 114 154 144 195 229 233 231 250 39 192 216 269 198 207 194 86 211 185 102 159 140 226 200 123 120 195 146 124 90 131 188 134 219 133 230 137 186 113 208 79 103 211 89 143 103 162 98 64 221 173 190 223 6 86 165 191 159 176 193 166 150 98 69 227 215 236 211 127 43 179 55 30 65 211 178 158 122 290 224 218 172 263 274 65 149 115 196 173 206 157 200 84 124 55 77 86 180 206 113 8 247 270 108 129 106 199 199 231 16 236 94 167 95 227 174 158 86 263 20 110 182 202 137 190 109 168 186 179 241 72 159 151 115 112 126 88 170 89 65 158 228 155 90 133 64 209 187 138
 115 210 358 227 350 207 1 387 141 225 402 253 214 258 113 280 113 216 180 286 244 378 188 148 210 271 395 319 315 379 281 225 145 343 152 79 271 305 182 101 225 58 36 144 205 185 303 212 406 391 294 244 129 237 404 323 106 205 352 90 296 147 68 245 226 102 354 78 358 124 75 236 134 326 236 300 249 290 254 269 78 341 369 124 203 125 324 102 332 236 193 191 292 196 275 233 121 364 322 252 245 88 246 228 240 250 319 294 106 419 219 424 137 169 164 178 188 115 231 201 336 321 59 225 87 260 277 218 267 346 208 208 153 409 314 79 230 242 97 176 198 368 287 41 193 210 216 318 235 404 212 160 212 353 336 396 106 285 178 120 393 277 74 63 241 174 280 128 208 165 271 363 141 348 170 263 255 410 341 296
 398 231 128 163 71 181 387 1 254 165 185 158 215 131 278 248 294 303 365 181 164 73 233 385 258 201 72 99 74 62 215 165 274 113 295 369 316 294 378 420 168 368 394 430 322 350 239 208 104 21 122 260 305 336 52 80 294 319 42 303 93 290 364 221 343 305 237 315 157 282 381 186 274 239 193 178 193 207 174 120 393 161 144 384 186 265 163 357 152 286 331 296 188 236 114 349 377 236 244 215 146 349 149 162 169 309 194 208 295 265 353 48 332 414 429 223 280 287 314 297 219 167 375 201 304 128 121 203 257 204 233 180 401 239 74 309 208 300 366 375 191 229 125 347 236 361 289 161 184 230 178 267 308 187 74 34 288 223 324 340 203 112 336 329 206 261 182 264 290 249 117 45 384 91 243 211 142 73 177 176
 199 85 218 92 229 78 141 254 1 102 311 113 80 132 62 165 44 204 216 152 104 239 121 209 167 195 274 179 185 256 155 102 110 203 141 118 255 272 164 207 109 143 158 235 207 145 244 130 266 255 154 135 67 239 266 199 88 204 216 53 161 64 112 179 167 101 288 87 221 93 164 97 29 265 100 165 114 217 160 140 175 205 230 194 73 23 232 158 194 141 135 177 210 70 140 175 186 296 263 125 109 142 129 105 100 234 240 166 90 351 168 287 100 240 246 91 163 88 152 187 265 185 151 89 55 131 138 134 221 268 147 76 222 334 181 67 153 223 164 219 75 297 147 102 66 168 195 225 143 327 90 53 134 268 214 258 37 220 187 156 309 148 83 96 165 63 145 63 188 38 141 225 204 231 106 135 138 271 254 160
 239 129 176 34 129 28 225 165 102 1 214 85 112 35 115 196 145 176 222 146 80 172 86 232 129 117 174 120 92 157 170 1 116 155 143 218 213 213 257 258 15 204 230 273 190 234 171 71 207 171 105 183 166 214 190 100 131 186 134 145 77 157 211 114 245 142 205 151 192 120 218 99 128 187 109 156 122 138 74 46 230 181 194 227 32 107 138 197 167 201 220 158 125 124 60 253 220 211 188 147 46 187 29 4 81 197 153 175 132 264 250 205 198 264 276 63 141 124 222 164 181 167 212 106 145 38 77 69 162 180 100 33 248 244 94 148 87 185 206 229 29 211 97 186 121 254 163 131 64 236 14 137 208 176 114 178 131 146 181 183 215 54 182 166 95 138 141 100 160 115 49 147 230 130 87 152 37 201 161 151
 359 338 301 239 127 241 402 185 311 214 1 273 319 196 297 389 352 224 296 324 273 254 216 330 202 133 116 251 176 124 357 214 259 280 260 420 203 163 471 389 204 359 392 380 245 447 121 192 288 206 260 386 377 240 236 147 298 243 204 343 204 370 410 160 456 301 82 326 329 279 362 298 339 103 309 328 317 116 154 195 372 327 319 342 246 309 80 329 315 408 433 235 111 335 214 464 336 75 110 344 236 330 187 212 278 209 86 355 297 81 462 223 410 350 368 231 228 288 431 229 82 326 365 310 341 201 240 187 158 64 196 246 344 57 193 337 174 206 339 307 238 65 258 369 332 467 214 88 172 48 224 350 419 52 137 218 333 127 262 307 25 190 382 341 163 351 322 281 220 329 198 219 333 109 234 345 179 257 62 324
 299 75 108 53 159 73 253 158 113 85 273 1 58 82 160 118 147 258 296 62 10 128 165 300 211 198 199 69 106 181 88 85 184 91 215 219 297 297 222 312 99 251 269 335 270 194 252 154 154 154 43 114 151 296 159 131 183 266 117 165 75 135 217 198 192 197 280 193 116 179 269 29 125 266 39 72 45 217 154 80 281 102 122 290 73 131 206 256 89 138 176 237 202 79 60 198 282 285 267 71 42 242 103 84 14 281 227 91 185 335 200 183 176 332 341 137 221 180 164 245 256 86 258 44 167 76 39 153 245 252 183 66 315 312 94 178 171 269 263 302 88 283 37 214 79 207 245 200 147 304 88 112 155 244 145 154 148 227 258 247 279 84 191 205 179 105 58 151 241 97 77 121 296 171 162 73 106 161 229 67
 278 20 148 82 213 88 214 215 80 112 319 58 1 124 139 92 102 265 290 74 53 181 174 286 222 227 254 123 160 236 76 112 178 137 210 169 312 319 165 286 126 222 235 314 273 138 281 171 201 210 97 72 99 303 213 183 165 270 174 127 130 81 168 220 139 178 316 166 146 167 243 30 81 298 25 87 36 248 185 127 254 129 157 272 85 103 247 237 120 90 120 241 236 23 112 146 265 322 298 46 85 221 137 113 47 293 263 87 167 375 146 238 120 318 325 142 225 164 113 250 292 109 230 15 130 120 95 172 267 290 196 81 300 354 149 145 192 281 243 294 99 321 92 176 24 152 254 240 173 346 107 60 101 285 197 210 112 256 256 232 323 132 145 175 202 50 67 136 249 50 124 177 282 222 164 56 144 213 270 83
 271 143 155 45 98 55 258 131 132 35 196 82 124 1 148 199 174 197 248 141 80 143 112 262 149 120 143 96 58 125 169 35 147 133 172 249 227 221 280 291 39 238 264 304 213 255 173 91 180 138 87 192 192 234 158 68 164 209 101 177 46 182 242 125 261 175 199 185 175 153 251 104 156 186 115 148 125 138 77 12 263 165 174 258 60 139 126 229 151 212 239 182 122 140 34 269 251 204 188 151 42 220 27 32 84 213 146 171 165 254 268 172 223 293 306 94 165 157 236 187 175 155 245 115 178 8 59 87 171 171 120 57 278 232 61 181 101 202 238 256 62 202 81 219 138 273 183 119 75 224 48 160 224 164 83 145 163 149 207 214 200 20 213 200 106 159 137 134 181 139 17 116 261 103 117 154 27 170 149 143
 141 145 266 122 239 100 113 278 62 115 297 160 139 148 1 226 76 151 156 207 151 277 85 148 123 169 283 219 205 267 214 115 56 249 84 127 205 228 203 153 114 93 117 178 151 190 211 106 309 284 197 196 108 184 300 211 27 149 245 52 188 115 116 147 219 40 259 38 273 35 111 151 80 233 156 221 171 191 145 159 123 258 281 134 97 40 218 99 246 200 185 123 189 131 168 228 127 268 230 184 141 84 135 118 148 184 217 225 29 324 218 317 139 180 187 68 111 28 209 134 238 240 101 145 49 151 175 111 181 246 110 103 162 310 206 41 126 173 106 159 89 271 189 75 127 216 144 211 127 305 102 110 189 249 225 289 50 189 128 95 290 167 89 52 138 122 201 17 136 99 162 257 144 236 67 194 143 308 237 216
 361 82 137 164 270 176 280 248 165 196 389 118 92 199 226 1 172 357 379 69 120 191 264 373 313 312 304 152 216 287 35 196 269 141 301 217 402 407 165 364 210 301 307 397 364 137 366 260 194 237 133 38 153 394 227 244 252 361 209 202 187 134 222 308 111 265 397 248 118 256 323 98 154 382 88 72 75 332 268 197 333 103 135 357 174 187 323 321 105 57 117 332 318 96 176 113 350 402 382 50 158 304 218 196 117 383 344 42 254 452 123 256 155 404 409 233 316 252 81 341 373 87 308 93 206 193 150 261 355 369 286 169 386 429 201 223 280 371 326 383 188 400 134 248 100 135 345 317 259 421 194 124 88 361 256 232 190 341 347 320 396 201 207 254 290 110 69 225 340 129 194 205 368 284 255 46 222 218 346 73
 193 99 248 134 272 120 113 294 44 145 352 147 102 174 76 172 1 226 226 175 139 275 153 210 196 232 317 215 227 299 170 145 131 235 158 76 280 301 129 194 152 131 137 229 226 115 279 167 299 295 189 137 33 259 303 242 97 223 256 33 202 43 71 214 145 108 324 83 247 109 153 126 23 301 126 188 138 255 200 183 163 230 258 192 115 46 273 157 221 135 111 198 249 84 181 154 185 333 298 141 149 139 172 148 134 259 278 183 99 389 144 326 65 240 243 127 186 102 138 209 302 210 138 114 37 174 177 171 252 307 179 119 222 373 222 55 189 248 160 227 117 335 183 78 82 141 219 266 182 366 133 50 118 308 256 297 27 255 202 160 349 191 44 86 202 63 169 86 211 54 183 264 204 274 136 152 181 307 294 184
 141 278 350 206 239 187 216 303 204 176 224 258 265 197 151 357 226 1 73 318 251 336 94 108 49 108 272 292 238 263 336 176 96 328 70 266 57 91 353 172 164 161 194 157 23 340 106 108 374 318 280 333 258 39 344 225 132 20 288 200 241 263 253 84 368 126 155 157 367 118 155 264 227 127 273 329 288 114 131 207 162 356 368 123 188 186 164 121 342 342 335 29 128 266 230 377 119 165 121 309 221 130 171 178 252 35 142 344 131 215 368 350 289 127 145 125 42 126 355 18 144 342 164 266 196 203 251 111 67 161 78 194 121 211 249 182 98 27 130 84 173 172 273 198 262 366 15 161 124 209 172 255 336 174 231 328 200 100 42 99 207 211 232 167 98 265 313 143 18 239 212 305 112 224 102 317 174 360 170 324
 80 298 396 247 304 225 180 365 216 222 296 296 290 248 156 379 226 73 1 352 288 390 138 41 109 178 340 341 296 330 364 222 114 375 82 246 109 152 343 110 211 123 150 87 51 336 177 160 427 378 324 351 257 67 402 287 131 54 345 195 294 267 232 151 370 119 225 145 410 125 109 296 234 197 303 364 318 186 192 259 111 396 413 63 224 195 235 80 383 355 335 71 198 285 279 378 63 235 191 335 264 97 223 224 287 93 214 374 129 282 367 411 283 55 74 161 86 129 362 71 216 380 123 294 191 254 297 165 139 233 133 231 51 280 305 173 158 92 84 12 210 242 317 175 281 362 84 231 182 279 213 265 342 246 295 387 201 172 43 68 278 265 218 148 162 277 346 155 80 254 264 361 48 291 136 345 228 416 241 359
 347 79 81 114 203 132 286 181 152 146 324 62 74 141 207 69 175 318 352 1 68 128 225 352 272 258 237 84 150 219 35 146 239 78 271 238 358 358 212 357 160 294 307 384 329 183 313 215 138 171 66 83 168 356 163 178 233 326 141 200 121 149 239 259 168 246 338 237 74 232 314 58 153 326 53 14 39 277 215 137 326 57 87 340 132 173 262 305 50 110 163 296 261 92 113 172 333 343 327 43 103 290 163 145 67 341 285 32 234 390 179 191 183 385 393 195 280 230 137 304 314 36 302 64 203 134 86 214 306 309 243 125 367 367 134 217 232 329 312 357 147 340 68 249 94 189 305 256 208 358 148 129 136 299 190 166 184 288 315 299 333 139 217 247 240 117 7 202 301 123 132 137 349 217 220 34 166 157 285 10
 290 70 117 47 162 65 244 164 104 80 273 10 53 80 151 120 139 251 288 68 1 137 158 291 205 194 203 78 109 184 92 80 176 100 207 211 291 292 217 303 94 241 260 326 262 189 248 148 163 161 52 113 144 290 167 133 174 259 123 156 79 128 208 193 188 188 278 184 124 171 260 26 116 263 36 79 46 214 150 80 272 110 131 281 65 122 205 247 97 136 171 230 199 73 62 195 273 283 264 72 39 233 99 79 6 274 225 96 176 333 196 190 169 323 333 129 213 171 161 238 254 94 249 40 158 74 44 147 240 250 176 58 306 311 98 168 166 262 254 294 80 281 45 205 73 203 238 198 142 303 81 105 151 243 147 162 139 223 250 238 279 84 182 196 174 98 63 142 234 88 77 128 288 172 154 75 103 169 228 74
 410 194 59 156 130 178 378 73 239 172 254 128 181 143 277 191 275 336 390 128 137 1 254 403 289 244 143 61 101 131 159 172 287 51 313 346 359 343 337 427 181 370 391 444 353 308 290 232 40 55 86 210 278 372 37 123 298 349 54 290 98 261 344 258 294 310 296 313 87 289 386 152 252 294 157 121 151 255 208 132 398 94 73 398 182 255 219 367 88 236 288 323 236 203 113 299 391 297 298 168 137 356 168 169 141 349 249 150 299 331 305 66 300 434 447 234 307 292 264 327 276 105 377 167 292 137 103 228 300 263 260 175 419 306 88 301 239 338 376 398 192 291 93 339 203 315 322 215 213 297 183 238 262 248 126 45 274 270 349 354 269 127 318 326 241 229 131 266 321 224 127 37 402 150 258 161 164 33 236 121
 167 187 261 114 179 94 188 233 121 86 216 165 174 112 85 264 153 94 138 225 158 254 1 153 50 86 220 204 162 207 243 86 46 239 62 211 139 152 281 191 75 149 180 198 106 264 127 28 290 244 189 243 183 133 267 157 83 102 210 135 157 184 200 63 286 87 175 112 276 65 156 171 148 149 180 236 195 107 70 123 167 264 278 152 94 109 138 127 250 255 255 74 106 176 143 295 145 184 147 216 129 123 87 88 158 120 134 250 82 240 288 278 216 183 197 33 57 74 270 81 154 250 155 173 133 117 162 34 101 162 27 101 169 226 169 124 43 108 137 146 79 187 182 155 172 288 82 132 53 221 79 171 252 167 167 253 129 104 97 109 207 129 173 126 54 179 219 71 77 153 127 225 152 171 20 224 93 280 155 231
 40 292 404 253 327 231 148 385 209 232 330 300 286 262 148 373 210 108 41 352 291 403 153 1 135 207 366 350 314 354 361 232 118 384 92 219 149 192 319 70 224 93 116 50 88 315 213 178 439 396 332 342 240 108 418 308 122 90 361 178 307 252 206 179 352 109 262 128 414 122 74 296 222 234 301 365 317 218 215 273 74 400 420 25 229 186 265 55 387 343 317 98 228 278 291 360 29 272 228 331 272 73 239 235 290 132 247 371 120 321 348 430 263 33 45 170 109 123 347 102 251 383 90 292 174 267 306 183 174 268 155 236 17 318 321 156 181 130 55 32 216 279 324 149 274 342 117 261 202 316 222 254 327 280 317 405 187 205 70 54 314 280 195 127 187 267 346 152 111 245 278 376 8 316 146 341 245 431 274 360
 160 236 302 159 196 141 210 258 167 129 202 211 222 149 123 313 196 49 109 272 205 289 50 135 1 73 232 244 191 222 291 129 70 280 60 247 90 107 324 188 116 161 194 184 66 309 94 60 326 272 232 292 227 87 297 180 111 62 241 174 193 230 234 45 333 110 146 140 319 93 162 219 194 118 228 282 243 87 85 159 171 308 320 142 142 153 132 128 294 303 301 39 95 225 181 342 136 155 113 265 173 131 123 130 205 71 117 298 110 211 334 305 259 161 177 82 27 103 318 40 128 295 166 222 171 155 203 62 60 142 30 148 150 201 202 159 51 59 138 119 127 160 225 183 221 334 35 127 77 197 125 219 299 151 187 282 171 78 68 106 189 163 210 152 54 227 266 111 33 201 164 258 137 184 63 272 126 313 143 277
 232 244 269 149 133 140 271 201 195 117 133 198 227 120 169 312 232 108 178 258 194 244 86 207 73 1 164 210 143 156 284 117 127 246 129 295 117 103 358 260 103 228 260 256 129 338 56 66 282 217 205 298 260 138 245 124 167 126 192 218 155 258 284 29 355 170 94 196 291 149 231 214 223 73 225 266 238 24 44 126 241 283 288 215 143 188 60 199 269 315 326 110 23 236 151 363 209 102 72 263 156 199 96 117 196 110 49 288 166 158 358 248 294 231 248 106 100 158 334 107 71 274 233 222 216 127 177 62 57 78 64 146 222 143 157 209 44 101 209 188 131 104 199 239 233 360 95 55 55 137 120 241 318 83 127 228 210 31 139 177 123 127 257 210 32 246 254 154 99 220 131 209 209 118 104 268 94 263 72 262
 385 272 196 185 46 197 395 72 274 174 116 199 254 143 283 304 317 272 340 237 203 143 220 366 232 164 1 155 95 19 271 174 265 178 279 391 273 244 417 410 171 366 395 413 292 390 190 193 175 92 172 310 333 300 122 76 294 289 100 318 125 322 384 190 390 302 176 319 225 279 375 227 298 185 237 237 241 163 153 135 387 226 213 369 202 280 113 347 216 335 373 271 146 274 143 396 362 174 190 265 174 342 150 171 208 270 143 266 294 196 398 108 364 392 408 220 257 285 361 269 162 230 373 242 318 144 161 187 215 145 212 199 381 171 107 319 186 263 357 350 202 166 173 357 272 405 258 114 168 162 187 299 353 127 61 105 304 179 299 327 136 128 355 334 180 296 237 268 261 279 135 111 366 50 234 263 141 143 120 234
 355 138 61 99 125 122 319 99 179 120 251 69 123 96 219 152 215 292 341 84 78 61 204 350 244 210 155 1 77 138 118 120 233 38 261 287 322 312 284 371 131 312 332 390 307 255 261 186 90 90 27 163 219 329 91 105 241 304 58 231 56 203 285 219 246 254 277 255 83 234 329 94 193 270 100 82 97 225 170 87 341 78 80 344 125 196 199 311 66 189 236 276 207 145 63 251 336 280 272 118 80 300 122 118 82 308 226 113 242 322 256 116 243 382 394 182 259 236 216 281 255 77 319 109 233 90 46 182 264 245 215 118 366 298 60 242 196 297 320 348 136 276 34 279 146 265 278 194 170 289 129 180 212 233 115 88 215 238 300 300 262 84 258 268 201 172 85 209 276 165 82 57 348 142 206 113 121 93 219 80
 326 178 133 94 55 110 315 74 185 92 176 106 160 58 205 216 227 238 296 150 109 101 162 314 191 143 95 77 1 77 183 92 201 110 223 302 259 244 323 347 94 294 321 358 256 296 191 137 140 83 85 218 241 273 107 30 221 252 50 233 31 229 296 158 296 231 203 242 158 209 307 133 207 197 143 152 148 155 109 47 319 154 152 312 115 195 124 284 141 242 279 228 136 179 49 303 304 205 200 174 80 275 76 89 114 249 152 181 222 246 304 117 271 343 358 149 212 213 268 230 180 151 302 148 233 56 68 133 200 170 164 110 330 222 18 237 141 238 293 305 118 200 83 276 178 311 224 119 116 213 105 206 259 158 41 92 218 170 255 268 187 39 267 257 142 202 148 191 224 186 45 68 313 69 170 173 70 123 144 149
 372 254 182 167 29 180 379 62 256 157 124 181 236 125 267 287 299 263 330 219 184 131 207 354 222 156 19 138 77 1 253 157 251 163 267 373 268 241 399 397 155 351 380 401 283 372 186 180 164 82 155 292 315 292 113 58 279 280 85 301 107 303 367 180 371 287 178 303 210 264 361 209 280 183 218 219 222 157 140 117 373 211 199 357 185 263 109 333 200 317 354 260 139 255 125 378 350 177 188 247 155 328 134 154 189 264 140 249 279 203 380 103 345 381 397 204 246 270 343 260 161 214 358 223 301 126 143 174 209 145 200 181 370 178 88 303 174 256 343 340 185 169 155 340 254 387 249 109 155 169 170 281 335 128 44 95 287 173 289 314 142 110 337 318 169 278 219 252 251 261 117 97 355 39 220 245 125 134 119 217
 352 73 108 137 237 152 281 215 155 170 357 88 76 169 214 35 170 336 364 35 92 159 243 361 291 284 271 118 183 253 1 170 252 110 284 225 379 382 186 359 184 295 305 389 345 158 339 236 165 204 100 54 156 374 195 211 240 342 175 198 154 137 227 283 137 253 367 240 93 241 316 73 150 353 64 39 49 304 241 166 327 77 109 347 150 177 293 311 75 80 137 313 289 87 144 141 340 372 354 31 129 295 189 169 89 361 314 15 242 421 149 224 165 393 400 212 296 239 107 321 343 58 303 72 201 163 118 236 330 339 264 145 375 398 168 217 255 349 317 369 165 370 101 246 91 160 324 286 232 389 169 122 109 330 223 199 184 314 330 307 364 169 209 248 264 108 36 211 319 121 163 171 357 251 236 21 193 188 315 40
 239 129 176 34 129 28 225 165 102 1 214 85 112 35 115 196 145 176 222 146 80 172 86 232 129 117 174 120 92 157 170 1 116 155 143 218 213 213 257 258 15 204 230 273 190 234 171 71 207 171 105 183 166 214 190 100 131 186 134 145 77 157 211 114 245 142 205 151 192 120 218 99 128 187 109 156 122 138 74 46 230 181 194 227 32 107 138 197 167 201 220 158 125 124 60 253 220 211 188 147 46 187 29 4 81 197 153 175 132 264 250 205 198 264 276 63 141 124 222 164 181 167 212 106 145 38 77 69 162 180 100 33 248 244 94 148 87 185 206 229 29 211 97 186 121 254 163 131 64 236 14 137 208 176 114 178 131 146 181 183 215 54 182 166 95 138 141 100 160 115 49 147 230 130 87 152 37 201 161 151
 126 188 287 136 223 114 145 274 110 116 259 184 178 147 56 269 131 96 114 239 176 287 46 118 70 127 265 233 201 251 252 116 1 266 33 178 151 174 258 148 108 103 135 159 98 245 162 73 322 283 215 242 163 131 303 199 42 96 247 106 191 168 165 102 273 43 212 71 298 24 111 183 132 185 190 252 206 147 115 158 123 285 303 113 112 91 182 84 272 249 239 69 149 175 174 281 105 221 181 223 155 78 125 118 175 129 176 261 41 277 272 317 194 150 161 53 57 34 260 80 192 268 110 181 103 151 189 79 129 203 65 120 134 266 206 90 87 118 94 119 99 225 207 115 171 270 89 176 98 261 105 161 241 209 210 291 105 142 79 68 249 165 141 84 98 171 233 48 82 146 162 261 116 216 32 232 132 315 198 247
 386 149 24 131 154 154 343 113 203 155 280 91 137 133 249 141 235 328 375 78 100 51 239 384 280 246 178 38 110 163 110 155 266 1 295 305 358 348 289 401 166 340 359 421 343 260 297 222 65 99 53 161 235 366 87 138 271 339 79 255 92 217 304 256 245 284 312 283 49 265 358 110 213 305 113 71 105 261 206 123 370 49 43 376 156 222 233 343 40 187 240 312 243 159 100 249 368 314 308 119 113 330 159 153 104 345 261 100 273 354 256 115 255 415 426 216 295 267 215 317 289 57 348 123 257 126 79 219 301 279 251 149 399 330 94 268 233 334 351 382 169 310 61 304 160 266 314 228 206 320 163 195 213 267 146 92 238 275 335 332 294 121 279 295 237 185 82 239 312 183 118 69 381 173 240 111 157 80 253 71
 107 220 316 166 239 144 152 295 141 143 260 215 210 172 84 301 158 70 82 271 207 313 62 92 60 129 279 261 223 267 284 143 33 295 1 197 126 156 284 133 134 102 135 136 68 272 153 88 349 306 244 274 191 102 328 218 63 66 271 131 217 197 184 101 302 57 204 88 329 50 103 215 162 176 222 283 238 145 128 183 113 315 333 91 143 121 187 70 302 281 268 42 151 207 201 310 84 214 171 256 184 72 148 145 206 104 175 293 62 269 301 339 220 122 135 81 37 57 291 54 188 299 107 214 127 177 218 94 116 200 69 150 108 260 230 112 95 94 81 88 129 219 237 129 203 298 67 182 113 256 134 191 271 209 228 314 132 137 47 50 247 189 163 98 103 202 265 78 58 177 187 286 91 230 56 265 154 341 200 278
 190 160 315 209 346 195 79 369 118 218 420 219 169 249 127 217 76 266 246 238 211 346 211 219 247 295 391 287 302 373 225 218 178 305 197 1 322 350 104 179 224 127 114 221 260 108 337 230 368 369 261 181 71 293 377 316 137 259 330 78 277 90 14 273 150 141 385 110 310 154 148 196 97 359 193 250 203 317 267 257 153 293 323 196 190 114 341 167 286 167 117 238 314 148 256 157 191 394 356 199 224 150 244 221 206 300 343 239 138 451 142 400 65 243 240 191 231 145 158 250 364 273 131 182 80 248 251 235 305 371 236 193 226 436 297 89 252 291 165 243 191 397 255 72 146 133 263 334 249 430 206 110 140 374 331 371 89 315 234 180 415 265 39 101 264 122 232 142 254 124 258 338 212 348 193 210 253 379 361 247
 186 325 381 245 248 229 271 316 255 213 203 297 312 227 205 402 280 57 109 358 291 359 139 149 90 117 273 322 259 268 379 213 151 358 126 322 1 45 408 217 199 215 247 195 67 394 86 144 398 333 313 381 312 43 361 240 188 67 308 255 268 316 309 103 421 182 125 213 401 173 207 307 280 101 316 368 331 112 153 236 213 391 400 169 230 239 161 173 377 392 388 85 130 314 260 429 166 134 94 354 257 184 201 214 292 23 133 385 186 176 421 363 343 159 178 171 95 181 406 74 123 379 217 310 251 234 285 145 61 142 117 236 159 178 272 237 128 34 181 120 215 143 306 253 310 420 62 160 153 178 211 307 388 159 243 344 254 95 94 153 182 238 288 222 122 316 353 196 70 289 241 325 155 230 151 361 202 379 159 363
 228 334 372 246 224 233 305 294 272 213 163 297 319 221 228 407 301 91 152 358 292 343 152 192 107 103 244 312 244 241 382 213 174 348 156 350 45 1 430 259 199 251 284 238 107 414 56 149 382 312 307 390 333 87 342 222 215 106 291 279 257 335 338 100 437 211 83 242 393 198 245 311 298 63 321 367 334 90 145 228 252 385 390 210 235 258 133 211 371 404 406 116 109 325 253 446 207 92 56 358 256 220 197 214 294 61 102 387 213 132 439 340 365 203 222 183 121 207 420 105 86 375 254 316 276 228 279 148 53 105 126 240 202 134 259 263 128 65 219 163 221 101 301 284 321 439 90 134 151 134 214 322 403 123 222 324 276 75 132 189 142 229 314 253 119 330 353 217 99 303 233 308 197 205 167 364 195 361 126 362
 292 148 292 236 374 231 182 378 164 257 471 222 165 280 203 165 129 353 343 212 217 337 281 319 324 358 417 284 323 399 186 257 258 289 284 104 408 430 1 282 268 229 217 324 350 30 406 293 349 373 259 133 99 384 372 344 222 348 337 154 294 102 116 341 62 230 450 200 278 236 250 194 135 427 186 222 188 380 322 285 256 262 294 297 226 173 393 266 259 109 50 324 373 145 275 65 292 458 425 171 245 248 285 259 212 386 402 199 223 514 50 399 66 345 343 253 314 228 86 336 427 243 233 179 158 277 260 297 381 431 307 226 328 497 313 173 316 375 266 342 233 460 255 171 146 37 346 386 305 489 248 122 78 429 359 371 155 382 325 276 470 292 126 196 328 122 208 214 339 143 284 339 313 381 264 179 293 368 415 221
 32 287 418 272 369 250 101 420 207 258 389 312 286 291 153 364 194 172 110 357 303 427 191 70 188 260 410 371 347 397 359 258 148 401 133 179 217 259 282 1 253 65 66 44 153 284 274 218 460 428 349 330 218 176 447 346 131 155 391 163 335 234 167 232 324 118 325 121 425 140 44 301 211 297 305 370 320 274 259 303 32 409 433 50 247 185 318 65 398 326 289 155 282 273 316 331 54 335 291 329 292 73 271 261 300 199 304 371 129 386 317 462 233 77 67 198 162 136 325 162 312 390 57 294 159 295 326 224 235 327 201 254 66 381 351 143 227 196 55 101 237 342 341 120 269 310 178 313 243 379 247 242 305 338 357 435 176 263 131 84 374 310 166 112 235 256 351 163 171 239 306 405 64 361 179 340 279 457 330 366
 233 143 188 48 126 39 225 168 109 15 204 99 126 39 114 210 152 164 211 160 94 181 75 224 116 103 171 131 94 155 184 15 108 166 134 224 199 199 268 253 1 201 228 266 178 245 157 57 217 176 117 196 174 202 196 98 128 174 139 149 84 167 216 100 257 138 192 150 205 115 214 113 137 174 123 170 137 124 60 51 226 194 206 220 43 111 127 191 180 214 231 146 112 136 69 265 213 198 174 161 59 182 22 16 96 183 140 189 128 252 262 210 207 255 268 56 129 120 235 152 167 181 208 120 148 44 89 55 147 167 87 45 240 232 99 149 73 172 200 219 35 198 110 187 133 265 150 120 50 225 21 147 220 164 112 183 136 132 170 176 204 58 186 165 81 150 156 99 147 126 55 154 222 125 79 167 31 208 149 165
 65 224 357 214 322 192 58 368 143 204 359 251 222 238 93 301 131 161 123 294 241 370 149 93 161 228 366 312 294 351 295 204 103 340 102 127 215 251 229 65 201 1 34 99 149 227 254 175 401 374 289 267 157 180 391 297 74 149 336 100 279 172 114 200 265 65 305 58 363 88 23 239 148 277 242 307 257 245 217 249 33 347 371 69 189 122 284 44 335 264 230 137 249 209 260 273 65 315 272 265 233 32 221 207 239 194 275 307 74 369 260 408 175 117 116 148 137 82 264 147 288 328 9 231 96 241 268 181 216 301 165 195 100 361 297 79 189 187 40 119 180 320 281 60 206 253 163 278 200 357 192 179 244 309 309 381 113 238 122 63 348 256 107 48 199 192 288 105 155 176 252 349 86 317 133 276 229 400 299 303
 81 234 375 237 351 216 36 394 158 230 392 269 235 264 117 307 137 194 150 307 260 391 180 116 194 260 395 332 321 380 305 230 135 359 135 114 247 284 217 66 228 34 1 108 180 219 287 206 421 399 309 272 158 210 415 325 102 181 361 109 304 175 102 233 260 94 338 80 378 118 43 254 157 310 256 321 270 278 249 275 43 362 388 91 212 138 316 74 351 266 226 170 282 219 284 267 89 348 305 276 256 65 248 233 256 226 308 318 102 403 253 433 170 135 129 177 170 111 262 180 322 342 31 245 106 266 289 212 250 334 198 218 119 394 322 92 221 219 68 145 204 353 301 60 216 245 196 310 231 390 217 185 243 342 338 405 124 271 154 95 381 282 104 66 231 199 301 131 187 186 277 373 108 347 163 287 257 422 331 317
 38 318 441 292 374 269 144 430 235 273 380 335 314 304 178 397 229 157 87 384 326 444 198 50 184 256 413 390 358 401 389 273 159 421 136 221 195 238 324 44 266 99 108 1 136 324 262 224 479 440 370 364 255 152 461 354 153 139 404 197 349 270 208 228 363 139 310 150 449 157 77 328 244 283 332 397 347 267 262 316 69 434 456 47 266 213 314 80 422 362 328 147 277 304 332 371 55 320 277 359 311 95 282 276 324 179 296 400 151 368 357 474 273 39 24 211 158 156 363 151 300 416 94 322 193 309 345 229 223 317 202 274 37 366 364 175 229 178 73 76 254 328 362 158 300 350 167 310 248 364 263 275 343 329 363 448 208 254 119 92 363 323 205 144 235 289 378 185 161 270 320 419 48 364 189 370 289 473 323 392
 122 284 365 218 259 198 205 322 207 190 245 270 273 213 151 364 226 23 51 329 262 353 106 88 66 129 292 307 256 283 345 190 98 343 68 260 67 107 350 153 178 149 180 136 1 339 126 123 391 336 294 339 258 35 362 244 130 5 305 197 257 265 247 104 369 122 175 152 381 117 141 274 229 147 282 340 298 136 149 223 146 369 383 104 198 188 186 107 355 347 335 33 149 272 245 378 101 185 141 317 234 118 187 192 262 47 164 353 128 234 368 369 287 106 124 135 50 125 358 27 165 354 151 275 194 219 266 126 88 182 94 205 100 231 266 178 116 43 115 63 183 192 286 190 268 365 35 182 142 229 184 258 338 196 251 346 200 122 28 87 228 228 228 160 117 269 323 145 34 243 228 322 92 245 111 326 190 377 191 335
 291 120 263 211 348 207 185 350 145 234 447 194 138 255 190 137 115 340 336 183 189 308 264 315 309 338 390 255 296 372 158 234 245 260 272 108 394 414 30 284 245 227 219 324 339 1 388 274 320 344 230 105 83 373 343 318 211 337 309 143 267 81 119 323 43 220 430 192 249 223 249 166 117 408 158 193 159 360 300 260 256 233 266 294 203 157 371 261 230 81 21 312 352 118 248 49 289 438 406 142 218 244 262 236 184 373 381 171 212 493 35 370 54 343 342 235 300 216 60 323 407 214 232 151 147 252 232 277 364 410 290 202 325 475 286 164 296 362 262 336 211 439 227 168 119 27 333 363 285 468 225 98 50 407 333 343 141 363 315 269 447 266 121 190 308 97 179 199 325 120 258 311 309 356 248 150 269 339 393 192
 244 298 320 204 169 194 303 239 244 171 121 252 281 173 211 366 279 106 177 313 248 290 127 213 94 56 190 261 191 186 339 171 162 297 153 337 86 56 406 274 157 254 287 262 126 388 1 115 328 257 258 352 309 121 287 167 203 124 237 261 206 308 325 66 407 203 52 232 343 185 252 269 272 24 279 320 292 37 99 179 261 336 339 226 197 234 78 218 322 368 377 121 55 289 204 415 221 62 20 317 211 223 151 171 251 90 48 342 202 117 410 285 342 231 249 154 118 194 387 113 40 327 258 276 259 180 231 112 40 58 101 201 226 109 206 249 92 86 228 188 184 68 253 276 286 411 97 79 109 105 175 292 371 74 167 269 255 26 145 196 103 179 299 245 81 298 309 197 104 272 184 254 216 150 145 322 148 306 73 316
 194 187 244 102 152 86 212 208 130 71 192 154 171 91 106 260 167 108 160 215 148 232 28 178 60 66 193 186 137 180 236 71 73 222 88 230 144 149 293 218 57 175 206 224 123 274 115 1 269 220 173 242 196 145 243 131 107 119 186 153 136 194 220 51 293 113 158 135 261 90 183 164 159 135 174 225 188 89 43 101 195 250 262 179 88 122 114 154 236 257 263 92 84 177 123 301 171 167 134 212 115 150 65 72 149 127 113 242 107 223 296 253 229 207 222 41 76 98 274 97 136 237 182 169 151 97 145 7 96 142 30 93 194 207 146 145 24 116 165 169 74 169 166 178 174 297 94 107 26 201 68 178 257 145 141 229 145 90 118 136 186 106 192 150 36 184 210 90 91 158 106 202 178 144 44 218 69 257 132 220
 444 212 58 188 167 211 406 104 266 207 288 154 201 180 309 194 299 374 427 138 163 40 290 439 326 282 175 90 140 164 165 207 322 65 349 368 398 382 349 460 217 401 421 479 391 320 328 269 1 84 113 218 299 410 55 162 330 387 93 317 135 281 367 296 301 343 333 344 78 323 418 174 277 332 176 128 168 293 247 169 430 91 61 433 214 284 257 401 91 244 300 360 274 222 149 305 425 334 336 179 169 389 205 205 167 387 287 153 332 366 313 79 318 470 482 269 344 325 271 365 313 108 408 187 319 174 135 265 338 300 298 207 455 341 127 330 277 376 409 435 225 328 121 366 223 324 360 253 251 332 217 259 272 285 164 71 301 308 386 388 305 164 342 356 279 249 143 298 359 247 164 75 436 187 294 171 201 35 273 129
 408 226 112 165 90 185 391 21 255 171 206 154 210 138 284 237 295 318 378 171 161 55 244 396 272 217 92 90 83 82 204 171 283 99 306 369 333 312 373 428 176 374 399 440 336 344 257 220 84 1 115 251 304 351 32 94 301 333 40 306 97 288 365 236 335 312 256 321 140 290 388 181 274 258 188 166 187 224 188 127 401 146 126 394 190 268 182 366 138 278 325 309 205 232 117 340 387 256 262 207 148 357 159 168 166 325 213 196 302 285 345 35 329 426 440 231 293 294 305 311 238 154 382 197 307 135 120 215 273 223 246 184 412 260 79 313 222 316 375 387 196 249 119 351 232 354 303 180 197 250 184 265 301 207 91 14 290 240 336 350 223 120 337 335 221 258 172 270 304 248 124 35 395 109 253 202 152 53 196 165
 334 112 73 79 138 102 294 122 154 105 260 43 97 87 197 133 189 280 324 66 52 86 189 332 232 205 172 27 85 155 100 105 215 53 244 261 313 307 259 349 117 289 309 370 294 230 258 173 113 115 1 141 193 318 117 114 220 290 80 206 57 176 259 211 223 232 279 232 89 213 307 68 167 269 74 69 73 222 163 80 319 79 90 324 104 172 201 291 65 166 211 262 205 119 55 228 316 283 271 95 61 278 113 103 56 299 226 97 221 328 232 142 216 364 375 164 245 215 193 268 256 71 297 83 208 80 29 171 257 248 203 97 348 304 69 218 187 287 299 331 117 279 9 255 119 241 266 196 161 295 112 154 188 238 125 114 190 234 285 280 269 80 233 244 192 145 65 187 263 139 75 82 329 153 189 92 113 119 223 65
 328 57 161 152 272 159 244 260 135 183 386 114 72 192 196 38 137 333 351 83 113 210 243 342 292 298 310 163 218 292 54 183 242 161 274 181 381 390 133 330 196 267 272 364 339 105 352 242 218 251 141 1 116 370 246 245 222 336 220 169 188 98 185 291 85 234 386 216 146 227 289 89 121 369 78 91 71 319 256 192 299 130 162 325 156 157 316 289 128 27 84 307 307 68 174 90 318 392 369 46 151 272 207 183 109 361 334 67 224 444 97 273 118 373 377 211 292 223 55 317 362 111 274 78 172 186 151 243 337 360 266 153 355 423 205 190 263 350 294 354 170 391 139 213 72 107 322 309 244 414 179 90 56 354 258 248 157 327 320 289 391 197 171 221 274 76 80 197 316 98 189 218 337 284 232 51 213 239 339 90
 220 90 245 149 289 140 129 305 67 166 377 151 99 192 108 153 33 258 257 168 144 278 183 240 227 260 333 219 241 315 156 166 163 235 191 71 312 333 99 218 174 157 158 255 258 83 309 196 299 304 193 116 1 291 309 259 129 256 265 64 215 20 72 244 114 140 353 113 240 142 179 127 39 330 123 180 133 283 226 199 188 223 253 220 135 76 298 186 216 109 79 230 276 78 194 122 214 361 328 129 162 168 193 168 139 291 306 170 131 417 111 333 34 269 271 156 218 134 109 241 330 203 163 113 67 190 185 199 283 334 210 136 251 400 235 85 218 280 188 258 140 363 187 100 76 109 251 291 209 393 154 41 89 334 274 305 59 285 234 191 375 207 56 114 230 52 162 118 243 57 199 271 234 294 167 140 202 310 320 177
 145 315 388 244 270 226 237 336 239 214 240 296 303 234 184 394 259 39 67 356 290 372 133 108 87 138 300 329 273 292 374 214 131 366 102 293 43 87 384 176 202 180 210 152 35 373 121 145 410 351 318 370 291 1 378 258 163 36 323 231 277 298 280 116 402 155 164 186 405 151 169 303 262 138 311 367 326 138 165 244 174 394 406 128 226 221 189 137 380 379 368 64 155 303 267 411 126 174 132 347 259 149 208 216 290 32 164 382 162 218 401 383 321 117 136 163 79 158 390 54 159 381 181 304 227 241 289 148 86 177 116 232 117 218 285 212 134 38 143 78 211 182 311 223 299 399 53 187 161 218 210 291 371 193 263 362 233 123 60 118 220 248 261 193 133 301 351 178 56 275 249 340 114 254 140 355 210 395 191 362
 428 227 94 179 120 200 404 52 266 190 236 159 213 158 300 227 303 344 402 163 167 37 267 418 297 245 122 91 107 113 195 190 303 87 328 377 361 342 372 447 196 391 415 461 362 343 287 243 55 32 117 246 309 378 1 122 319 358 58 317 113 292 374 263 330 330 287 336 121 308 406 184 282 288 189 157 185 253 214 146 419 130 105 415 204 281 212 385 124 272 323 334 234 235 133 334 408 287 293 203 160 376 181 187 171 353 243 186 320 315 341 30 332 449 462 251 318 312 300 336 268 141 399 199 319 153 128 239 302 254 270 198 435 290 99 326 247 343 395 411 212 280 123 364 235 351 329 210 222 281 202 270 297 238 121 19 301 269 360 371 254 140 347 350 247 261 166 287 329 254 142 43 417 140 274 196 175 22 227 157
 323 202 160 111 31 123 323 80 199 100 147 131 183 68 211 244 242 225 287 178 133 123 157 308 180 124 76 105 30 58 211 100 199 138 218 316 240 222 344 346 98 297 325 354 244 318 167 131 162 94 114 245 259 258 122 1 224 240 70 244 58 248 309 143 321 233 175 248 186 210 308 158 224 172 168 181 175 133 96 61 320 183 179 308 128 206 97 282 170 268 302 217 114 202 72 327 301 177 175 201 101 276 78 97 138 232 126 209 225 218 328 126 290 336 351 150 202 216 293 219 154 180 304 172 244 70 95 125 180 143 155 124 324 193 47 246 130 222 292 296 128 172 112 284 200 334 210 93 107 184 113 226 283 129 16 105 230 148 245 265 158 53 280 262 128 223 177 196 211 205 61 88 307 41 168 200 69 140 116 178
 116 171 290 143 250 120 106 294 88 131 298 183 165 164 27 252 97 132 131 233 174 298 83 122 111 167 294 241 221 279 240 131 42 271 63 137 188 215 222 131 128 74 102 153 130 211 203 107 330 301 220 222 129 163 319 224 1 128 263 69 206 138 124 142 242 14 253 30 298 19 89 176 104 226 181 246 196 187 149 175 101 283 304 109 117 66 220 74 270 225 207 104 188 157 187 250 101 262 222 210 162 60 147 134 172 166 215 251 3 319 240 335 158 154 161 75 95 10 232 116 233 264 82 171 65 167 197 113 170 243 105 124 136 306 223 50 125 156 81 133 107 266 212 74 153 237 128 213 131 301 118 135 213 248 237 307 72 183 106 69 289 183 101 44 136 147 226 34 119 124 179 276 118 246 65 220 156 328 237 241
