NAME : domp300p150v4
COMMENT : (Deleplanque et al.) 
TYPE : DOMP
DIMENSION : 300
DISPLAY_DATA_TYPE: NO_DISPLAY
OPEN_FACILITIES : 150
COST_SECTION
 1 178 360 300 96 146 140 85 267 422 52 397 344 328 185 250 177 300 165 110 200 391 299 134 185 349 228 69 353 340 338 179 197 244 250 108 381 293 206 135 332 297 378 127 242 240 252 244 266 378 181 315 110 272 170 178 46 226 84 193 312 94 368 79 238 391 322 165 197 317 264 288 284 172 184 442 323 32 209 286 276 263 413 387 265 197 375 259 353 291 324 367 353 348 342 312 87 372 157 111 200 211 221 239 55 222 20 388 65 329 127 127 389 249 261 201 422 124 263 213 249 385 220 263 103 88 132 448 134 400 269 374 59 299 11 77 140 115 406 229 365 183 347 92 356 17 242 288 65 115 298 234 134 133 207 381 109 156 314 121 195 264 73 252 320 87 326 157 313 70 117 147 203 178 133 221 358 106 233 268 168 120 323 157 370 265 247 150 253 322 121 184 119 79 123 193 320 380 65 263 200 372 219 58 342 359 220 71 324 244 254 328 156 324 362 20 223 349 165 411 185 337 409 207 410 336 238 250 116 217 322 159 139 359 355 389 213 299 277 140 369 82 298 355 12 432 289 367 189 111 206 223 279 183 271 240 252 299 232 223 261 100 255 283 349 34 218 236 335 200 279 392 347 294 246 364 275 183 181 126 34 147 95 193 366 181 370 252 230 128 117 256 179 128 139 277 260 410 145 371
 178 1 207 241 226 52 239 127 123 245 164 220 232 151 185 121 181 191 18 74 24 218 165 229 218 202 69 160 176 223 187 148 127 110 81 196 268 168 171 45 236 198 201 54 164 76 203 218 195 201 203 175 141 209 218 153 210 150 152 60 147 231 205 237 76 215 145 143 151 158 154 112 136 50 87 265 167 182 217 157 164 127 236 283 108 185 272 136 273 199 146 250 189 194 269 159 109 208 103 136 23 109 173 127 124 102 197 223 124 179 80 56 222 122 101 206 245 79 239 150 164 276 149 164 197 139 71 274 91 226 185 214 206 222 179 177 223 101 230 197 193 116 194 128 196 163 188 214 131 246 185 156 63 223 89 255 72 154 148 61 69 93 146 166 143 96 186 222 156 217 241 74 55 184 91 79 268 204 124 169 47 105 150 52 244 212 185 52 77 150 204 174 162 148 68 137 172 218 223 246 42 202 137 203 169 270 104 153 201 165 81 204 144 256 188 197 117 172 171 234 109 164 232 136 233 197 61 78 112 146 167 159 204 244 178 293 37 140 202 238 199 125 139 182 186 254 177 283 82 189 190 203 122 107 123 89 135 128 108 52 93 115 170 179 198 171 205 180 186 50 196 220 197 129 132 248 173 71 81 198 148 32 87 211 190 57 239 131 181 186 144 155 71 108 57 114 206 234 152 278
 360 207 1 187 364 257 350 330 94 177 361 139 98 155 246 113 249 104 211 274 187 90 285 342 286 18 219 312 155 89 22 217 181 261 128 320 112 84 363 240 130 121 162 255 159 132 194 223 364 162 269 51 346 176 299 222 376 328 355 246 216 372 32 392 212 180 118 344 343 50 116 162 250 190 279 187 245 373 261 287 108 99 155 135 224 234 131 109 167 131 143 97 232 263 175 49 310 242 305 341 189 155 194 130 309 271 377 52 320 264 234 258 234 273 107 255 184 237 423 180 332 123 331 128 325 343 229 225 228 200 145 29 363 156 356 322 329 248 187 213 82 190 14 277 249 343 368 161 329 379 99 331 268 335 267 80 269 243 68 246 166 120 300 146 143 276 43 314 52 369 369 214 232 252 296 242 149 331 290 324 195 245 89 256 76 190 362 257 146 187 321 235 368 297 238 329 42 35 380 433 221 67 163 360 84 154 143 354 76 157 185 74 347 180 95 377 290 148 373 137 301 184 133 321 169 41 166 134 250 172 40 244 307 97 145 155 175 67 366 349 215 283 230 196 364 176 104 167 271 312 231 394 229 300 90 123 289 190 130 156 116 265 147 327 12 339 236 361 27 165 145 215 15 82 124 98 121 177 274 310 327 229 268 269 157 180 66 284 192 297 267 315 265 314 223 93 187 190 252 150
 300 241 187 1 256 278 221 317 156 354 327 315 98 299 120 137 127 86 230 270 236 272 390 216 143 170 296 233 311 103 175 123 120 343 210 212 117 116 406 242 66 69 327 258 77 200 49 64 435 327 134 146 345 32 162 123 293 389 339 299 341 265 216 293 296 347 264 371 386 188 101 282 355 193 326 367 370 326 111 386 99 141 333 110 324 106 100 123 60 60 286 115 373 394 46 173 297 388 334 341 239 133 81 120 268 340 310 238 294 387 201 263 389 356 187 112 360 205 475 97 403 115 388 86 219 330 204 401 186 366 60 215 273 32 291 232 202 198 358 73 257 135 181 211 387 286 427 31 304 261 93 395 282 211 328 141 261 145 209 234 173 216 228 77 284 242 148 181 183 273 250 188 292 128 312 314 74 221 362 406 198 191 239 286 134 36 424 281 237 323 206 118 367 222 217 374 162 221 287 482 278 247 105 270 247 71 140 331 112 76 281 114 369 26 267 310 357 303 394 317 346 327 313 374 344 147 248 218 191 98 179 142 185 109 304 102 234 186 441 220 366 222 346 345 298 355 93 74 322 205 97 437 335 344 161 175 371 312 141 216 207 207 73 415 178 269 90 419 167 195 52 375 175 201 118 112 83 171 319 195 273 240 240 127 318 185 141 366 72 185 183 393 310 326 210 192 41 361 156 85
 96 226 364 256 1 212 50 173 276 462 147 432 323 372 138 253 131 283 209 176 244 415 373 48 118 351 289 67 396 322 343 152 185 315 280 47 357 286 297 186 303 274 420 187 219 267 211 194 354 420 123 315 202 235 99 148 57 311 178 260 371 10 380 40 297 437 357 254 285 330 254 335 352 199 260 482 388 126 149 361 265 267 450 358 328 152 346 257 314 266 365 346 413 414 301 321 168 432 239 202 245 210 189 236 121 296 91 403 147 396 151 188 446 323 281 145 464 150 357 191 334 358 305 247 41 179 159 496 147 449 244 385 39 265 86 50 59 130 451 185 390 175 352 100 419 97 332 253 151 22 283 320 202 50 280 366 170 125 334 167 213 294 81 232 362 135 325 81 325 29 22 166 265 130 213 288 324 36 311 351 197 130 351 224 355 223 336 216 291 374 51 143 213 79 159 280 324 391 41 358 259 393 205 39 369 323 224 165 312 221 306 316 246 281 391 91 301 391 258 444 267 388 441 292 450 333 281 282 123 198 331 125 72 338 396 354 255 314 364 50 424 102 361 407 86 471 275 328 263 55 160 316 342 265 281 258 329 353 237 257 288 113 233 365 353 72 167 325 338 228 252 444 350 315 242 343 258 199 256 62 101 197 143 132 409 204 357 328 195 73 99 337 251 213 172 297 221 455 115 336
 146 52 257 278 212 1 235 81 173 281 121 260 279 187 204 169 199 237 52 38 72 264 162 225 231 252 83 147 213 271 238 172 160 105 131 191 316 217 129 39 281 242 237 28 203 126 237 247 165 237 218 225 90 247 227 176 185 118 104 49 166 215 255 214 93 249 188 95 109 209 200 148 142 87 55 301 179 143 237 151 210 176 275 330 121 207 319 183 316 242 185 299 208 205 310 210 65 227 57 85 70 149 204 172 96 86 165 272 84 186 89 26 244 113 152 226 281 87 198 183 137 323 115 207 190 91 82 305 105 257 226 264 185 263 149 165 222 105 264 226 239 146 245 123 212 133 152 254 90 233 232 125 14 220 71 304 43 169 198 55 112 142 134 207 182 79 236 226 207 197 230 95 58 201 41 78 312 197 104 148 82 112 197 14 293 247 151 5 122 178 201 195 112 139 72 97 222 268 200 205 56 250 175 183 216 315 148 107 250 204 112 253 95 296 233 165 95 210 122 276 71 194 274 101 269 247 103 127 117 182 218 175 207 292 216 339 85 191 173 234 224 116 154 210 156 292 224 327 55 186 215 160 134 69 174 139 121 155 154 102 143 113 210 161 249 147 229 144 237 98 237 247 247 179 177 297 217 109 49 198 120 39 71 228 226 97 289 119 213 189 148 134 42 58 72 165 241 267 165 323
 140 239 350 221 50 235 1 210 267 465 190 432 298 379 110 243 104 260 222 202 255 409 396 11 79 335 306 92 401 298 330 135 171 338 281 46 329 269 334 204 274 250 425 209 197 267 180 158 387 425 89 300 241 204 60 130 106 343 218 281 385 57 369 87 314 442 359 291 320 321 236 343 372 204 287 484 405 171 111 385 246 256 451 327 345 123 316 243 280 241 370 320 427 432 266 311 201 446 270 240 256 201 163 222 153 320 138 392 183 415 161 211 458 347 278 110 468 161 396 171 365 329 337 227 46 218 170 502 152 456 219 373 85 235 130 74 22 140 457 154 386 165 339 114 435 138 367 223 189 44 262 351 228 17 305 342 195 109 329 185 212 295 103 210 367 158 309 41 316 77 34 172 285 102 244 309 292 40 338 380 203 136 349 248 332 191 370 239 296 385 36 118 254 98 173 313 311 379 89 398 276 386 189 85 365 291 215 206 291 199 318 294 283 246 388 138 328 395 298 442 297 397 440 324 453 316 290 284 129 179 320 107 45 312 399 322 264 307 397 2 435 120 377 417 131 472 254 294 289 51 130 355 359 295 273 254 355 364 228 262 288 126 211 394 339 112 133 360 324 231 225 454 336 311 228 317 237 199 282 44 137 213 165 95 413 206 335 353 168 58 98 366 276 246 183 293 190 460 102 304
 85 127 330 317 173 81 210 1 241 359 44 340 338 266 219 231 212 294 120 57 150 343 218 202 233 323 158 121 291 331 310 198 200 165 207 170 376 279 125 91 334 295 315 76 247 200 271 272 182 315 224 293 32 286 223 199 130 142 26 120 239 173 331 162 169 327 268 82 113 283 256 227 207 145 104 380 247 70 249 204 267 241 354 387 192 227 375 244 363 293 264 359 279 270 355 282 22 298 73 31 148 201 238 228 60 142 101 349 29 250 117 73 317 168 225 239 359 114 187 222 165 381 135 260 167 14 117 381 132 333 273 339 139 308 92 138 203 121 341 254 318 185 317 118 280 78 160 298 23 194 290 150 68 199 128 368 64 184 274 90 171 219 114 254 261 77 304 215 280 151 194 134 132 213 53 146 364 172 151 184 139 128 276 88 357 283 164 83 201 255 182 213 51 121 104 109 293 344 149 189 134 328 220 137 295 365 205 28 312 249 190 315 74 338 312 101 140 289 90 355 102 270 354 123 348 315 183 204 129 223 291 188 195 352 295 393 163 265 193 209 298 106 223 286 97 371 281 376 110 169 235 146 205 100 243 208 170 231 214 178 219 116 258 199 321 102 249 153 308 166 285 321 319 255 234 357 271 164 102 183 74 101 78 235 305 156 354 170 247 179 150 172 102 45 115 239 278 344 175 375
 267 123 94 156 276 173 267 241 1 211 270 174 114 145 170 27 172 81 123 185 107 144 242 258 211 84 155 220 159 105 72 135 98 203 60 233 149 51 290 150 128 94 178 166 95 54 139 166 303 178 194 53 259 131 222 141 284 261 266 172 187 284 105 301 153 197 111 264 269 55 57 127 206 98 204 227 216 281 192 240 59 16 193 166 175 161 156 36 168 100 132 131 217 240 169 47 220 233 225 255 109 68 125 50 216 206 284 128 229 234 141 170 235 216 33 184 215 144 355 105 270 157 262 72 237 254 136 254 136 215 98 110 272 128 263 231 246 155 209 150 122 103 81 185 232 251 301 126 238 292 74 265 182 251 198 133 178 159 65 155 73 62 208 87 130 183 65 235 50 279 283 121 160 174 212 177 158 244 227 268 103 153 90 174 123 142 297 173 86 167 235 158 282 206 146 256 54 117 289 363 147 120 85 269 104 162 53 264 82 94 132 85 266 162 126 284 224 151 293 181 226 172 178 251 200 76 102 67 159 97 57 161 224 125 153 179 98 41 307 266 211 190 193 190 271 215 69 176 198 225 160 321 185 225 7 35 231 158 40 78 53 173 89 274 83 247 170 294 69 76 105 222 81 50 46 129 74 85 198 225 234 141 176 197 168 88 118 226 128 212 178 257 189 229 131 37 136 213 166 166
 422 245 177 354 462 281 465 359 211 1 401 40 274 95 377 236 378 269 259 314 223 89 200 455 418 192 203 398 69 264 183 341 304 216 185 425 287 240 329 288 303 285 45 295 304 199 347 375 299 45 401 209 361 335 427 346 453 284 381 242 135 468 146 478 192 37 107 331 314 167 263 135 180 265 267 21 148 422 402 211 259 226 23 309 177 369 307 244 342 295 99 273 114 147 350 182 345 109 303 356 223 272 335 259 368 238 440 132 364 162 313 296 89 222 191 393 9 314 368 314 275 297 290 278 428 368 304 49 316 45 302 151 448 323 422 414 445 333 27 360 98 304 179 364 128 406 316 325 370 481 262 282 294 449 245 254 314 360 148 304 254 171 384 295 103 339 209 437 172 457 474 297 229 381 310 220 324 435 246 256 267 334 121 272 251 348 307 278 173 109 431 365 377 385 307 303 193 148 464 378 227 111 294 445 109 329 257 386 247 303 170 246 339 352 88 440 252 74 360 43 283 93 47 288 13 212 185 182 341 306 176 364 424 273 68 330 211 173 296 464 86 364 155 84 430 14 262 343 260 418 370 354 169 284 205 214 233 131 245 206 179 350 297 251 182 414 379 312 190 236 306 68 186 162 256 274 275 267 266 422 391 276 330 405 56 261 241 229 337 409 369 255 262 325 292 178 343 26 365 326
 52 164 361 327 147 121 190 44 270 401 1 380 359 307 220 257 212 315 154 91 187 381 260 183 226 353 201 108 333 354 340 205 216 208 242 154 397 303 157 124 352 314 357 111 262 234 280 277 218 357 220 321 62 298 213 206 96 181 34 163 282 145 365 129 212 369 307 116 149 315 277 268 250 172 147 421 290 28 247 246 289 268 395 406 235 229 394 268 378 311 305 381 322 313 368 313 57 341 115 64 185 223 247 250 61 185 63 384 42 293 135 109 360 211 257 238 400 132 212 235 204 402 174 279 150 41 137 423 148 376 289 372 110 323 62 121 187 132 383 260 355 200 348 118 324 53 193 311 34 166 312 189 108 181 172 393 95 187 309 116 198 255 107 271 301 91 332 202 312 121 168 155 175 213 97 190 380 153 193 224 167 138 313 130 382 293 199 124 239 297 167 216 68 114 126 147 323 378 116 212 175 365 237 109 332 381 229 22 336 264 232 339 107 350 350 63 182 330 114 395 144 313 394 163 389 343 221 240 137 238 322 190 183 374 336 410 200 297 229 189 341 107 267 329 63 412 303 391 153 155 239 172 248 142 272 239 212 274 239 213 254 121 274 239 351 79 252 187 338 197 300 364 349 289 257 379 291 188 145 170 59 135 96 231 346 183 380 213 257 169 149 212 146 87 140 273 288 387 176 392
 397 220 139 315 432 260 432 340 174 40 380 1 235 77 342 200 343 230 233 291 197 53 203 422 383 154 187 369 54 226 144 306 268 208 154 394 250 201 323 263 265 247 39 272 267 167 310 338 300 39 366 170 344 297 392 311 426 279 363 226 132 439 108 450 177 49 77 320 306 129 225 115 177 235 254 54 151 400 365 212 221 189 20 272 167 333 269 207 304 256 76 235 123 158 311 144 324 124 288 339 198 237 298 223 343 228 416 96 341 168 283 273 109 216 156 357 46 285 367 278 273 260 284 240 397 349 275 87 286 67 264 114 419 285 397 384 412 303 51 323 60 270 140 334 139 381 313 287 348 450 223 278 273 416 232 217 290 327 111 278 222 139 355 257 80 313 170 403 134 429 443 267 211 346 292 207 286 404 239 256 237 304 85 253 214 310 305 258 145 101 398 330 362 356 279 294 154 111 436 378 207 73 258 416 72 291 222 366 208 266 151 208 326 313 50 416 244 54 349 18 271 88 19 280 31 174 160 152 311 270 138 330 390 235 47 293 184 135 298 431 98 335 152 87 405 42 224 305 246 386 333 349 162 272 168 180 229 120 210 177 146 321 259 253 144 387 343 309 151 205 267 87 147 126 219 236 237 235 251 389 366 251 304 369 43 230 204 224 300 376 337 253 246 308 264 142 305 53 332 288
 344 232 98 98 323 279 298 338 114 274 359 235 1 238 189 111 195 46 228 284 218 187 352 291 224 82 269 284 243 11 93 173 148 316 172 278 39 65 401 251 34 50 255 267 106 167 121 149 416 255 210 74 361 98 241 176 349 374 363 285 291 332 130 357 266 273 199 373 381 118 83 232 316 196 316 285 320 365 194 351 72 106 252 53 286 176 43 97 69 58 224 24 315 342 78 104 317 327 334 357 221 138 136 111 301 319 359 148 321 340 225 271 324 329 145 191 280 228 467 135 384 45 375 82 284 351 224 322 213 294 81 126 332 70 338 289 277 231 282 146 177 162 96 254 331 329 414 80 331 333 49 379 287 285 311 46 276 200 142 249 169 172 275 94 223 270 69 259 115 335 323 206 273 197 318 291 52 288 340 381 201 226 171 283 37 113 410 281 198 266 275 182 383 271 236 367 89 131 348 476 260 164 126 329 173 57 134 358 35 104 243 33 373 85 189 359 338 235 400 234 338 267 230 363 265 63 215 180 229 129 105 200 257 16 234 67 211 124 420 297 302 263 301 282 346 273 58 71 310 270 169 433 294 337 116 146 344 262 127 191 164 245 92 387 92 318 169 407 86 183 74 306 89 143 105 21 70 175 310 264 314 244 265 207 248 185 44 339 131 251 234 370 300 334 224 142 112 285 211 56
 328 151 155 299 372 187 379 266 145 95 307 77 238 1 299 167 298 218 167 220 130 102 137 368 339 164 111 307 26 227 149 261 226 134 102 337 262 187 248 195 261 233 51 201 237 116 282 307 229 51 322 164 269 275 345 267 360 204 288 150 65 378 132 386 101 65 39 243 230 121 200 41 107 176 177 115 92 328 327 144 201 160 90 283 92 293 277 179 302 241 14 245 78 108 306 135 252 91 212 264 130 195 264 189 274 152 347 134 270 111 222 203 91 142 117 317 95 223 295 241 201 272 209 216 340 275 214 125 228 79 242 141 355 270 329 323 359 243 80 289 86 224 150 273 95 313 240 269 276 392 211 204 200 362 156 233 220 278 97 211 169 90 293 230 16 246 169 354 124 366 385 209 136 302 217 130 288 347 164 186 177 245 68 179 227 285 232 185 83 34 344 287 286 294 215 218 150 141 372 306 133 104 221 353 73 292 180 293 205 236 77 206 250 303 72 347 169 24 273 94 195 30 94 205 83 177 92 97 252 233 134 282 339 242 31 302 118 116 228 377 68 273 82 47 336 106 208 307 169 330 295 275 89 195 139 136 156 45 171 117 99 260 233 185 155 321 306 236 155 148 248 80 157 99 188 245 217 182 175 335 298 182 237 327 40 173 218 151 268 323 281 181 171 233 201 108 279 84 281 293
 185 185 246 120 138 204 110 219 170 377 220 342 189 299 1 144 9 152 169 183 192 312 349 102 42 230 252 118 319 189 226 40 75 294 198 94 221 163 327 166 167 141 341 179 89 185 74 60 368 341 25 196 250 98 55 34 175 321 237 240 321 147 267 174 257 359 273 286 309 222 130 269 319 137 258 395 345 214 34 341 140 157 361 221 289 15 209 141 178 132 289 212 360 372 165 210 202 378 255 247 194 107 55 122 163 283 194 290 192 359 116 183 386 306 188 23 381 119 395 67 340 222 318 120 100 231 123 419 101 376 110 270 155 128 176 114 89 103 373 48 290 77 235 103 371 174 354 116 202 146 154 328 203 97 268 233 174 37 234 151 133 211 115 102 286 145 204 71 217 155 135 114 238 9 229 263 187 103 304 349 140 96 258 215 223 86 354 208 220 312 88 13 269 108 133 298 208 276 168 400 226 288 87 152 272 186 122 228 183 91 253 186 282 145 295 194 296 312 304 350 274 322 346 304 366 210 220 204 92 75 219 32 68 204 315 217 197 210 376 108 362 115 318 342 182 383 147 192 256 86 23 354 302 272 176 166 317 295 133 188 202 104 103 361 235 153 33 346 220 157 117 378 231 217 127 209 129 123 251 77 163 170 146 29 330 135 227 314 60 67 72 335 243 239 135 201 84 377 45 199
 250 121 113 137 253 169 243 231 27 236 257 200 111 167 144 1 146 71 118 176 109 169 255 233 186 100 164 200 183 103 91 110 73 212 74 210 148 49 291 142 118 80 203 158 71 65 116 142 309 203 168 66 252 110 196 116 265 266 256 176 205 261 128 280 163 222 135 263 271 79 38 146 220 87 206 253 234 266 167 252 45 14 219 163 189 135 152 17 156 84 155 131 238 259 155 69 211 254 223 248 112 44 100 24 201 212 267 151 217 251 125 162 257 225 52 158 241 128 358 79 277 156 266 52 214 245 121 280 118 240 78 132 251 111 246 210 221 137 234 125 147 79 100 165 252 234 305 107 227 268 65 271 177 227 203 138 169 134 90 143 61 81 188 64 152 169 77 209 74 258 259 105 165 149 208 185 149 221 234 277 93 134 116 172 127 119 302 170 101 188 211 133 275 186 132 257 72 139 269 366 152 145 59 248 129 152 32 253 82 70 146 86 263 146 152 267 231 175 290 207 228 194 203 254 225 87 113 82 139 71 79 137 199 124 177 174 104 67 315 241 234 172 210 213 254 241 58 166 200 201 134 323 199 227 33 40 240 177 19 84 71 154 67 284 102 228 144 298 87 72 86 245 99 75 21 129 57 70 200 201 218 134 162 171 192 77 124 236 103 187 156 265 191 224 118 61 113 238 142 158
 177 181 249 127 131 199 104 212 172 378 212 343 195 298 9 146 1 157 165 176 189 314 345 97 42 234 249 110 319 195 230 39 75 290 198 86 228 167 321 161 173 147 341 173 94 184 81 68 362 341 24 199 242 105 51 33 167 316 230 236 318 140 270 167 254 359 273 280 303 224 134 267 316 134 253 396 342 206 39 337 144 159 362 228 285 22 216 144 185 138 288 218 358 369 172 212 194 376 249 240 191 107 60 124 155 278 186 293 185 356 111 177 385 301 188 29 382 113 389 70 334 229 312 124 93 223 118 419 95 375 116 273 147 135 168 106 83 97 373 56 292 76 238 95 368 166 348 123 194 139 159 323 197 91 263 239 167 30 235 145 131 210 107 107 285 138 207 66 219 147 129 109 234 4 223 259 194 96 299 344 137 90 258 210 229 94 348 202 218 311 81 15 262 100 128 292 211 280 161 393 222 290 89 144 273 194 122 220 188 96 250 191 275 152 296 186 291 312 297 351 269 321 348 298 366 214 218 203 86 78 222 25 62 210 315 225 194 212 371 103 361 107 315 341 174 384 151 199 251 79 31 348 299 267 177 166 313 293 134 186 202 97 107 356 238 145 41 340 223 155 123 377 235 218 129 215 134 120 246 70 155 165 140 31 330 132 232 310 66 59 64 330 238 232 130 201 91 376 38 206
 300 191 104 86 283 237 260 294 81 269 315 230 46 218 152 71 157 1 186 240 179 187 321 253 189 87 233 241 228 41 90 132 104 281 139 237 83 32 361 207 48 18 243 224 65 132 92 121 379 243 175 61 317 72 205 135 306 336 318 246 266 292 132 315 231 262 181 331 341 103 39 206 286 152 276 282 295 320 162 319 28 69 248 94 255 139 83 55 88 28 205 68 294 318 90 88 273 308 292 313 182 93 98 67 256 282 315 154 276 313 180 228 307 294 113 157 274 184 428 93 347 89 337 38 243 307 179 315 169 282 44 132 289 56 294 246 239 187 273 113 172 118 96 210 309 284 376 59 286 294 8 341 244 247 273 84 232 159 125 205 126 142 231 52 203 225 63 222 99 293 284 162 235 159 275 254 79 248 304 346 158 182 155 241 74 87 372 239 166 244 235 144 340 227 191 327 77 138 306 436 222 162 82 286 162 83 91 313 32 63 212 35 331 86 181 315 301 220 358 232 298 247 228 324 259 64 181 147 185 86 93 159 218 60 220 104 173 103 384 259 285 219 273 264 302 270 14 97 270 229 134 392 264 297 84 109 309 237 84 153 132 201 51 353 94 274 137 368 82 142 42 292 91 120 61 65 26 132 270 224 269 201 220 172 234 142 76 305 94 211 191 334 261 291 180 114 84 276 169 88
 165 18 211 230 209 52 222 120 123 259 154 233 228 167 169 118 165 186 1 65 37 228 182 212 202 204 86 143 191 220 191 133 114 126 89 178 265 166 178 32 231 192 216 45 154 81 191 204 206 216 186 176 137 199 201 138 195 160 146 73 164 214 212 221 93 231 158 146 158 163 149 128 153 38 96 279 184 171 201 173 159 126 250 279 125 169 268 132 266 192 161 248 206 211 261 163 101 226 107 133 37 100 160 121 111 115 183 231 113 196 62 48 239 137 105 190 260 62 247 137 176 272 159 157 179 133 54 290 74 242 176 220 190 213 164 160 205 83 246 183 203 102 198 111 214 149 197 205 122 229 181 167 60 206 102 254 61 137 156 46 61 102 129 157 157 81 187 205 161 200 223 57 70 168 91 95 262 187 137 182 33 87 161 57 243 201 195 54 89 167 187 159 159 131 51 145 174 225 207 254 58 212 126 187 180 264 97 145 199 156 98 202 146 247 199 183 130 187 173 247 117 180 245 145 247 198 75 87 94 135 171 142 187 241 192 288 50 145 214 221 216 108 157 199 172 269 173 277 93 172 176 209 139 115 124 90 149 145 103 60 101 98 161 193 202 155 190 190 189 48 188 237 200 136 126 246 167 60 90 180 133 20 72 195 205 47 239 146 168 169 126 169 81 107 40 120 195 249 135 272
 110 74 274 270 176 38 202 57 185 314 91 291 284 220 183 176 176 240 65 1 97 291 198 192 205 267 120 112 246 277 254 155 151 141 153 157 321 223 145 36 281 242 270 21 197 145 225 231 190 270 193 237 79 239 199 158 147 144 82 86 203 178 276 177 130 283 218 105 128 227 202 180 179 90 87 334 217 109 215 186 213 185 307 333 158 188 322 189 313 241 217 305 245 242 305 226 37 264 74 74 95 148 192 174 59 121 128 295 51 223 70 19 281 148 169 204 314 67 214 174 165 327 140 207 156 70 67 340 86 292 222 284 148 258 112 130 189 81 298 211 266 136 261 92 249 96 173 248 58 197 236 152 28 187 106 313 10 147 219 37 116 165 100 203 213 45 248 196 224 160 194 83 95 179 47 115 312 163 138 179 84 88 223 50 302 237 175 42 149 214 169 175 101 105 54 118 237 289 163 218 91 275 169 146 242 314 150 81 257 198 146 260 101 290 261 128 127 242 125 306 97 229 305 125 303 259 132 150 92 174 235 152 176 297 248 340 110 209 200 200 260 83 191 246 119 325 227 325 89 153 196 173 172 95 187 153 155 190 159 124 164 84 207 193 265 110 211 166 252 110 234 283 263 200 180 302 218 109 82 166 83 46 39 204 259 100 299 153 201 158 120 165 77 58 62 184 231 301 140 323
 200 24 187 236 244 72 255 150 107 223 187 197 218 130 192 109 189 179 37 97 1 195 160 245 228 183 63 179 155 210 168 154 128 109 60 212 254 155 184 67 226 188 179 77 161 56 202 219 202 179 211 158 162 206 230 160 231 158 174 67 132 249 184 257 66 195 122 159 164 138 145 92 128 56 98 243 155 205 224 153 153 114 214 270 97 190 260 125 264 190 125 236 173 181 261 140 132 192 120 157 4 105 173 119 146 105 219 201 147 168 96 79 204 121 82 213 224 96 250 150 169 262 158 156 213 161 87 253 104 206 179 192 226 215 200 195 237 117 209 199 170 119 174 146 182 185 197 209 154 264 174 163 84 239 95 239 94 163 126 82 66 71 164 161 121 117 168 235 136 237 258 85 57 192 111 79 257 221 127 171 54 120 128 71 228 210 193 72 54 131 220 181 183 166 87 150 153 197 243 258 43 180 135 223 146 260 98 175 187 161 65 190 162 250 165 219 123 150 188 211 121 145 210 146 211 179 39 56 127 145 147 168 218 230 156 282 14 120 207 254 181 144 127 164 208 233 166 274 92 205 195 216 111 120 106 74 136 110 98 32 72 132 164 180 178 192 209 190 167 42 189 201 177 108 123 234 164 72 92 213 170 54 108 219 168 59 223 131 181 200 158 158 83 128 73 94 204 213 163 267
 391 218 90 272 415 264 409 343 144 89 381 53 187 102 312 169 314 187 228 291 195 1 238 400 354 106 201 355 88 178 98 278 241 232 141 374 199 161 345 259 218 204 85 271 231 152 272 301 330 85 336 128 352 257 364 284 416 303 367 237 165 422 59 436 192 99 79 335 326 92 188 129 208 222 268 99 189 398 333 245 183 157 67 221 191 302 219 173 256 214 94 185 166 201 264 105 326 171 300 347 197 210 265 191 337 248 409 44 340 208 270 273 159 242 135 325 97 272 395 247 301 209 308 202 377 354 263 137 270 119 224 63 406 241 389 368 388 288 103 288 26 245 93 319 183 375 340 245 348 432 181 303 276 393 250 165 288 302 82 271 204 127 341 220 97 305 125 377 97 415 423 252 222 317 300 223 237 384 263 287 225 288 68 259 163 270 332 263 143 133 377 301 371 341 269 313 112 59 424 406 215 26 227 403 50 242 195 369 162 230 164 161 341 267 33 409 266 84 365 48 288 123 44 301 83 127 162 142 294 238 97 304 366 185 78 242 182 104 329 408 144 322 183 129 397 87 183 256 260 365 301 373 189 288 138 158 256 146 182 169 131 306 222 286 96 377 309 335 106 192 226 138 100 101 187 186 198 217 264 367 359 247 296 338 84 214 153 251 265 353 317 282 258 316 253 119 266 105 308 238
 299 165 285 390 373 162 396 218 242 200 260 203 352 137 349 255 345 321 182 198 160 238 1 386 382 290 98 308 152 342 274 312 287 59 183 351 382 292 140 193 368 334 166 188 316 192 359 378 100 166 367 280 204 361 381 317 341 95 231 115 74 375 265 372 95 165 170 157 131 242 293 124 37 213 116 217 54 286 381 15 298 254 208 402 67 348 394 271 409 338 147 364 89 62 409 253 213 101 146 200 158 262 332 271 255 78 316 270 235 43 241 186 124 51 209 370 195 239 168 308 80 392 103 306 351 221 232 199 254 159 331 274 344 366 304 327 381 260 175 357 222 278 277 283 80 288 119 361 236 394 315 90 171 380 94 358 204 318 219 212 224 181 295 314 146 240 288 383 243 357 391 238 113 348 167 88 398 358 68 58 210 266 197 149 349 367 109 158 156 106 361 338 212 300 226 124 268 276 358 179 124 240 292 342 207 402 253 241 318 317 111 320 167 401 209 316 79 156 181 220 118 117 222 107 193 298 143 176 272 303 255 323 364 360 162 418 159 230 97 394 116 276 56 119 310 214 309 416 112 346 353 159 58 119 238 216 49 97 250 175 190 272 318 52 282 306 368 117 277 199 340 139 283 212 273 363 312 231 119 357 277 185 232 375 161 218 341 49 339 346 304 61 123 174 219 211 360 177 316 405
 134 229 342 216 48 225 11 202 258 455 183 422 291 368 102 233 97 253 212 192 245 400 386 1 75 327 296 83 391 290 321 126 162 328 271 36 322 260 325 194 268 242 415 199 189 257 174 153 378 415 83 292 232 198 55 121 102 334 211 271 375 56 360 86 303 432 349 282 311 311 227 333 362 194 278 474 395 165 106 375 238 247 441 322 335 116 310 234 275 234 360 313 417 421 261 301 192 436 261 232 245 191 156 213 144 311 133 383 174 405 150 201 448 337 268 105 458 151 388 163 355 323 328 219 37 210 159 492 142 446 211 364 81 228 124 65 15 129 446 148 376 156 330 104 425 131 358 217 180 47 254 342 218 7 295 335 185 100 319 175 202 285 93 202 356 148 301 37 307 74 36 161 275 95 234 299 286 31 328 370 193 126 339 238 324 185 361 230 286 375 26 110 246 88 162 304 302 370 87 390 266 377 180 80 356 285 206 198 283 191 308 287 275 241 378 133 318 385 290 432 287 387 430 314 443 307 280 274 119 171 311 98 36 305 389 316 254 298 388 10 425 110 367 406 125 462 246 289 279 41 123 347 349 285 263 244 345 354 219 252 278 116 203 384 330 104 127 351 315 221 218 444 327 301 219 310 229 189 272 34 129 203 155 90 403 196 327 343 161 48 88 356 266 237 173 283 184 450 93 298
 185 218 286 143 118 231 79 233 211 418 226 383 224 339 42 186 42 189 202 205 228 354 382 75 1 269 287 119 359 225 267 79 116 326 238 80 253 203 348 194 198 177 381 205 128 225 104 80 394 381 18 236 264 128 20 73 164 347 248 271 358 127 308 157 292 400 313 306 332 263 170 308 354 173 285 436 381 215 33 374 179 198 402 250 324 53 239 182 202 167 329 245 398 408 188 251 218 416 278 262 229 148 93 163 174 313 190 331 205 395 144 208 425 337 228 34 422 146 416 108 367 253 343 159 86 244 152 459 130 416 146 310 143 158 175 109 61 127 414 78 332 116 275 117 408 176 378 147 214 120 192 355 228 70 298 268 196 66 275 177 172 251 121 141 326 163 243 39 258 140 109 146 270 39 252 295 215 87 333 378 175 121 299 243 259 114 379 235 259 351 70 54 282 114 160 322 248 317 154 419 259 329 128 141 313 213 163 237 220 130 290 224 301 168 336 190 325 352 321 391 300 361 388 329 407 249 258 243 115 116 260 61 49 238 356 244 234 251 403 78 401 128 354 381 179 424 185 216 285 76 57 374 338 298 217 206 348 333 174 226 242 122 141 390 275 152 56 370 260 195 152 417 271 258 168 242 168 160 279 61 169 200 167 18 370 172 263 345 96 58 86 364 272 259 165 242 114 417 68 226
 349 202 18 170 351 252 335 323 84 192 353 154 82 164 230 100 234 87 204 267 183 106 290 327 269 1 219 299 166 73 17 202 167 263 126 306 100 68 362 233 113 103 175 248 142 128 177 206 366 175 253 36 341 158 283 207 364 329 348 244 223 359 49 379 214 194 126 341 342 50 101 167 255 181 277 203 252 364 244 292 91 88 171 122 228 218 117 95 151 114 151 83 241 271 159 44 303 252 302 336 185 142 177 116 299 271 366 69 312 272 224 251 246 276 102 238 199 226 424 165 334 110 331 112 311 336 219 240 217 214 128 47 350 139 345 309 314 236 201 196 96 177 16 265 258 333 368 144 321 364 82 331 262 320 266 70 261 228 72 238 156 119 288 130 151 266 27 299 50 356 355 203 231 236 292 243 133 317 291 327 186 233 97 252 64 173 363 252 146 195 306 220 362 285 229 328 31 52 368 433 219 82 148 347 95 138 131 347 59 141 188 57 343 163 109 366 291 158 370 153 299 193 149 321 184 23 166 132 238 157 38 230 292 82 157 141 172 65 368 334 226 271 236 207 353 192 87 152 270 298 214 393 233 298 82 116 291 196 118 152 114 253 130 331 11 328 219 362 17 158 128 228 9 82 110 84 104 167 272 295 317 223 259 253 169 171 54 286 176 282 254 318 263 309 214 90 169 204 237 135
 228 69 219 296 289 83 306 158 155 203 201 187 269 111 252 164 249 233 86 120 63 201 98 296 287 219 1 222 136 259 203 215 190 49 98 262 302 206 147 104 281 244 159 104 221 103 263 281 149 159 271 201 159 266 287 220 266 110 179 40 84 293 208 295 12 169 123 135 128 171 201 74 68 116 68 223 100 224 284 92 208 166 200 320 40 251 311 180 320 247 112 284 126 127 318 178 146 146 102 154 60 166 235 177 177 53 247 220 166 111 147 104 162 62 125 273 202 146 205 211 116 311 113 213 262 167 139 223 159 176 238 217 265 273 231 241 290 168 184 260 179 180 208 193 132 215 150 268 171 309 227 113 96 290 50 282 122 222 152 123 127 101 209 220 109 155 211 290 170 276 305 142 27 252 108 25 311 269 73 113 113 172 141 73 273 271 144 80 75 97 271 241 176 212 134 114 193 220 280 215 31 193 196 262 157 315 158 185 236 222 38 238 141 308 169 247 72 134 165 204 88 113 203 104 192 222 55 91 179 207 183 227 272 279 141 334 63 155 153 305 142 189 73 129 238 215 220 329 60 256 256 177 55 88 154 126 77 74 156 82 108 181 224 121 213 228 270 144 205 103 248 165 213 139 180 283 221 134 65 265 201 94 146 279 149 120 266 72 242 254 211 102 60 123 125 131 265 187 220 320
 69 160 312 233 67 147 92 121 220 398 108 369 284 307 118 200 110 241 143 112 179 355 308 83 119 299 222 1 331 281 290 114 138 250 217 50 320 239 243 120 269 236 356 121 180 205 185 177 296 356 114 265 152 207 106 113 66 252 133 194 304 72 324 82 231 372 294 200 229 273 207 269 286 136 197 418 322 98 141 296 219 213 387 325 262 129 313 206 288 230 301 307 347 348 277 266 110 366 179 151 179 158 156 185 62 232 78 346 93 331 87 123 380 258 221 134 400 86 307 151 274 323 246 204 47 130 95 431 86 384 207 330 53 235 60 20 83 68 386 162 330 126 299 37 353 58 276 223 100 88 240 260 138 79 216 324 105 90 275 101 153 231 15 192 297 69 275 96 269 61 84 104 200 110 153 223 295 53 248 289 133 69 290 159 313 198 279 151 226 308 62 117 168 16 93 222 271 336 70 310 192 334 160 49 308 295 170 121 267 182 240 271 193 258 329 78 238 326 210 381 206 322 379 233 386 284 216 219 63 156 276 92 77 299 331 325 190 257 306 91 358 36 295 341 66 407 231 302 199 49 139 266 276 204 225 198 266 286 183 193 226 50 194 303 301 37 150 269 286 165 217 378 298 255 192 304 216 139 192 64 51 131 77 125 344 142 313 264 165 62 52 275 187 155 107 237 195 390 78 307
 353 176 155 311 396 213 401 291 159 69 333 54 243 26 319 183 319 228 191 246 155 88 152 391 359 166 136 331 1 233 152 281 245 155 122 360 265 197 270 220 269 244 25 227 253 136 297 324 247 25 342 172 294 289 366 287 385 226 313 175 80 402 128 411 125 42 49 267 253 127 214 66 124 199 202 90 102 354 345 160 213 174 65 287 114 312 282 193 310 253 32 248 80 113 315 142 277 88 237 289 155 214 281 205 299 175 372 125 295 120 246 228 81 163 134 336 70 247 314 259 220 275 231 230 363 301 238 102 251 58 255 136 380 281 354 348 382 267 56 306 78 244 152 297 97 338 260 281 301 415 221 225 226 385 180 234 245 299 104 236 191 109 317 245 36 271 175 375 131 390 409 232 161 322 242 155 294 370 186 204 200 269 74 204 229 300 252 210 106 49 366 307 311 319 240 241 156 136 397 325 158 96 238 377 72 299 199 318 212 252 102 213 274 313 63 372 191 9 297 71 219 36 72 227 58 182 117 118 276 251 139 303 361 246 12 306 143 126 246 400 61 297 99 43 362 80 219 313 194 353 313 296 109 219 153 154 176 67 189 141 118 284 247 202 156 346 325 256 158 171 261 65 159 111 203 248 230 204 200 358 323 207 262 347 14 196 219 171 284 345 304 200 196 258 225 123 294 60 302 298
 340 223 89 103 322 271 298 331 105 264 354 226 11 227 189 103 195 41 220 277 210 178 342 290 225 73 259 281 233 1 83 171 144 306 162 276 46 56 393 243 42 49 245 260 104 158 123 152 407 245 211 64 354 101 241 175 346 365 356 276 281 331 120 355 256 263 189 365 372 107 77 222 306 188 307 275 310 360 196 341 66 97 242 62 276 176 53 89 79 58 214 29 304 332 87 93 311 317 326 349 212 132 136 105 295 309 355 139 315 329 219 264 313 319 135 192 271 223 458 132 374 53 366 78 282 345 218 312 208 283 80 117 329 75 334 286 277 226 272 147 167 158 86 250 321 324 405 83 325 332 43 369 279 285 302 45 269 198 132 243 162 162 271 91 213 264 59 259 104 333 322 200 264 197 310 281 62 287 331 371 194 221 161 274 35 116 401 273 188 256 274 181 376 267 230 358 78 122 346 467 251 154 122 326 163 67 127 352 25 102 233 22 366 93 179 355 328 225 392 224 329 256 220 354 255 53 205 170 225 126 95 198 256 22 224 77 202 114 411 296 292 259 290 272 342 263 52 82 301 268 170 424 284 328 107 137 335 252 119 181 154 241 90 377 83 314 171 398 76 175 74 296 79 132 98 26 66 169 301 262 309 236 259 208 237 178 40 330 131 250 231 360 292 326 217 132 114 275 209 67
 338 187 22 175 343 238 330 310 72 183 340 144 93 149 226 91 230 90 191 254 168 98 274 321 267 17 203 290 152 83 1 197 161 247 110 299 114 66 346 219 122 107 163 234 140 113 177 207 350 163 250 32 326 161 280 202 355 312 335 229 208 351 43 370 197 181 111 325 326 34 97 151 239 169 261 195 236 352 243 276 89 78 161 135 212 215 130 88 161 117 136 97 227 256 168 29 290 238 286 322 170 134 175 109 287 255 355 66 299 256 213 238 233 259 87 236 189 215 408 161 317 124 315 110 304 322 208 230 207 202 129 45 342 144 334 300 309 226 190 196 85 169 10 255 243 322 352 148 309 358 84 315 248 315 250 85 248 222 56 225 144 103 278 128 136 254 28 295 34 348 348 193 215 232 277 227 144 310 275 310 174 224 82 237 78 175 346 238 130 180 300 216 348 276 217 312 20 51 359 417 203 74 143 339 81 149 122 333 65 139 171 65 328 170 97 355 274 145 355 144 284 178 140 305 174 31 150 116 229 152 22 224 287 95 143 155 156 49 352 329 212 261 220 192 343 183 87 163 254 291 212 377 217 283 69 102 275 180 109 137 99 244 129 314 12 318 218 346 9 145 130 215 11 65 103 97 103 156 256 290 306 209 247 251 156 159 69 270 174 276 246 301 248 294 202 75 171 193 231 147
 179 148 217 123 152 172 135 198 135 341 205 306 173 261 40 110 39 132 133 155 154 278 312 126 79 202 215 114 281 171 197 1 38 258 160 107 208 136 298 134 156 124 303 148 68 146 75 77 336 303 62 167 227 95 88 7 178 289 218 205 282 161 236 185 219 322 235 259 279 188 103 230 281 100 225 358 307 204 70 304 114 123 324 212 251 37 200 109 176 117 251 196 321 333 165 177 179 339 225 224 156 70 44 89 146 248 191 259 173 321 86 152 347 270 151 59 344 89 367 40 306 211 286 96 112 210 91 381 70 338 94 240 160 122 171 117 113 78 335 57 256 38 205 89 332 165 323 110 183 164 132 296 172 120 234 215 146 28 198 121 94 173 107 81 247 122 176 100 183 163 154 79 202 42 201 227 181 118 269 314 103 71 221 182 204 88 323 176 181 274 106 28 248 102 103 268 177 246 176 372 190 254 55 157 236 181 85 210 160 70 214 164 255 146 259 191 262 274 279 314 242 284 311 272 329 183 181 165 70 47 187 29 91 188 277 212 159 176 344 133 323 100 280 303 178 346 123 189 223 99 43 327 264 241 141 128 282 257 97 149 164 85 82 326 206 149 58 315 190 119 104 339 202 181 95 193 107 84 218 95 152 136 122 67 292 97 206 278 52 82 63 300 210 212 102 164 83 339 39 193
 197 127 181 120 185 160 171 200 98 304 216 268 148 226 75 73 75 104 114 151 128 241 287 162 116 167 190 138 245 144 161 38 1 235 125 140 185 103 288 124 137 101 267 139 48 112 78 92 320 267 98 132 227 89 125 44 203 273 223 186 251 193 199 214 193 285 199 252 268 151 71 197 254 78 209 321 277 219 102 280 82 86 287 192 223 68 180 73 164 96 215 171 289 303 156 141 180 307 215 223 130 33 47 52 156 227 211 222 179 292 84 144 314 247 114 92 307 87 357 24 289 189 272 67 145 213 85 345 69 302 75 203 187 109 191 145 150 85 299 72 218 16 169 107 301 182 310 99 189 198 103 280 163 156 215 187 142 63 161 115 64 137 128 57 212 127 141 138 146 192 189 69 180 78 193 204 166 151 250 295 82 79 184 168 176 88 308 163 148 241 141 63 249 124 98 256 141 210 204 363 167 217 23 184 199 167 48 217 130 50 184 134 250 140 222 211 243 238 275 277 229 250 273 258 292 149 151 131 82 24 150 65 127 163 241 195 130 138 327 170 289 116 250 269 198 309 94 177 206 132 71 318 236 227 104 92 261 225 60 118 128 98 60 305 170 170 84 302 155 89 86 304 167 144 59 168 79 57 203 130 167 122 124 103 256 71 176 257 55 116 89 281 194 207 91 127 82 303 71 177
 244 110 261 343 315 105 338 165 203 216 208 208 316 134 294 212 290 281 126 141 109 232 59 328 326 263 49 250 155 306 247 258 235 1 145 293 349 253 115 136 328 292 175 131 268 150 310 326 104 175 311 247 156 313 325 263 285 72 181 58 83 318 247 316 51 181 156 117 99 214 249 105 43 160 62 235 84 234 326 48 256 213 218 367 43 294 358 228 368 295 139 331 119 106 366 223 158 136 96 152 106 213 281 225 198 25 262 256 180 86 184 129 157 14 172 315 213 182 165 257 72 358 77 261 293 170 176 227 197 181 285 256 288 321 248 269 324 203 194 306 212 225 251 225 117 232 109 315 182 336 275 73 114 323 38 328 146 262 194 155 174 147 238 268 137 182 256 326 214 300 333 182 57 293 113 32 359 300 32 66 156 209 178 92 318 318 103 101 120 109 304 283 168 242 169 88 238 259 302 175 69 228 242 286 192 363 205 189 283 269 77 285 126 356 200 262 37 156 145 226 71 124 226 73 207 267 102 137 215 253 227 267 307 325 163 381 111 200 106 337 141 219 64 135 255 229 268 377 56 288 300 143 48 72 201 174 29 89 204 129 154 214 271 73 256 249 314 104 249 150 295 165 256 183 228 329 269 179 64 299 221 128 174 320 167 165 311 25 288 289 247 55 66 123 162 177 312 196 259 367
