NAME : domp220p73v7
COMMENT : (Deleplanque et al.) 
TYPE : DOMP
DIMENSION : 220
DISPLAY_DATA_TYPE: NO_DISPLAY
OPEN_FACILITIES : 73
COST_SECTION
 1 372 39 298 185 296 355 315 90 426 460 328 259 316 251 30 87 305 214 262 294 337 340 261 305 352 98 71 127 112 212 277 212 262 120 229 252 117 353 357 111 158 309 269 111 394 221 133 464 346 105 317 176 351 443 113 119 157 338 469 321 457 378 15 321 386 113 249 251 116 381 170 307 381 390 279 217 181 287 77 71 399 175 125 268 249 290 307 392 314 360 306 296 356 174 228 364 218 260 277 166 331 341 280 67 389 449 161 282 357 126 170 293 161 312 254 199 114 12 226 330 346 196 118 193 273 135 105 284 151 263 175 263 247 176 189 285 328 199 291 377 357 41 212 91 34 376 401 140 76 245 248 365 368 110 185 118 137 300 171 346 55 115 450 100 266 314 68 174 251 196 319 62 415 238 294 237 259 327 340 269 301 324 224 383 341 422 115 268 389 88 95 111 388 343 394 232 218 231 354 321 321 276 359 268 213 333 255 467 347 140 131 127 190 113 123 184 417 115 370
 372 1 335 368 273 212 237 190 433 104 124 48 250 350 123 396 299 179 378 249 191 241 211 142 85 278 324 316 301 460 227 183 371 208 425 146 258 352 60 108 440 215 246 246 369 194 294 360 128 279 457 320 395 360 102 307 440 337 37 132 63 137 386 359 78 96 291 186 266 278 214 329 107 82 107 100 262 209 187 306 347 75 351 303 356 143 198 115 33 342 243 313 204 373 273 354 205 245 258 130 311 51 386 244 331 151 125 213 170 375 426 265 357 408 283 138 297 419 381 309 382 219 244 408 218 394 322 392 207 223 219 251 193 291 202 305 321 260 177 128 243 22 385 239 348 348 288 41 251 301 241 171 318 299 372 291 387 387 262 256 33 320 259 144 325 376 77 419 232 392 182 367 323 61 167 351 140 161 161 316 190 186 78 175 24 61 70 285 125 28 293 302 263 231 40 94 164 177 168 116 72 269 333 357 208 167 360 164 139 189 237 246 257 189 310 401 191 75 448 127
 39 335 1 289 156 269 329 286 120 390 424 289 228 304 213 66 53 275 213 239 264 312 312 227 267 330 86 49 109 145 178 241 210 228 141 191 222 116 316 323 139 121 285 245 116 364 205 133 428 324 139 301 181 338 406 87 145 150 300 433 284 422 367 26 285 351 82 218 230 89 353 161 269 345 355 242 195 148 257 49 70 363 170 108 260 213 262 270 355 301 335 290 268 344 153 222 335 193 238 240 153 294 331 249 45 356 414 123 251 345 146 147 283 171 292 219 183 134 49 211 321 319 163 134 157 270 124 118 251 114 230 142 233 230 139 174 271 305 161 253 352 319 66 179 89 21 354 364 104 42 221 216 347 348 116 168 128 144 278 146 309 23 78 416 89 261 277 100 144 249 158 309 31 378 201 283 198 221 295 322 233 272 287 187 345 305 385 90 230 351 52 73 74 361 306 359 194 183 193 320 283 299 263 345 234 176 321 222 431 318 105 93 90 152 97 137 146 380 144 336
 298 368 289 1 400 159 166 185 269 342 371 350 449 34 292 292 315 193 94 122 179 150 179 237 364 129 204 243 183 283 390 419 93 423 226 276 449 183 313 276 254 271 131 124 193 236 99 169 373 122 288 63 143 63 367 356 243 142 355 377 310 353 84 290 291 307 341 191 107 215 207 130 388 314 302 288 128 220 183 246 228 336 125 184 31 246 172 395 363 39 165 63 167 64 153 71 200 144 112 374 138 320 43 463 329 265 354 267 200 63 220 164 12 169 96 249 114 225 295 86 33 175 388 211 360 47 167 211 442 265 432 372 178 86 248 119 48 127 302 388 180 368 269 399 208 308 142 368 327 258 134 208 108 126 196 130 195 177 112 171 337 269 260 339 202 39 294 277 195 67 309 25 312 367 363 19 316 382 216 85 416 185 291 353 361 309 368 210 356 363 306 221 262 200 330 315 351 226 354 268 371 114 38 74 428 253 44 213 367 202 246 295 315 311 194 200 296 356 259 269
 185 273 156 400 1 318 377 321 273 360 389 227 75 405 182 214 106 306 344 310 303 365 352 234 189 395 220 183 226 296 48 112 339 89 296 175 68 257 283 313 293 135 347 314 263 384 303 274 393 391 289 391 325 434 368 74 300 278 237 398 247 396 465 177 260 330 75 255 311 190 385 284 174 319 338 214 279 191 294 174 218 329 301 227 373 215 304 170 302 399 384 379 312 443 248 342 368 268 314 146 269 252 439 97 119 359 385 140 278 445 301 238 391 320 368 219 288 289 196 315 430 361 30 288 60 394 250 271 109 139 86 31 275 322 163 284 368 369 127 152 397 252 220 38 234 152 417 311 75 159 291 243 424 417 264 271 278 292 348 230 259 162 143 396 223 381 249 252 209 377 118 414 127 330 107 388 147 116 315 405 103 307 263 100 292 272 339 197 149 297 111 194 141 399 261 335 111 207 107 314 204 368 367 438 94 181 422 245 401 346 155 106 88 111 221 289 122 339 299 333
 296 212 269 159 318 1 62 30 314 188 219 200 345 139 160 306 267 35 193 49 23 49 45 97 222 81 207 227 175 338 291 299 186 311 287 153 348 214 156 119 311 187 37 44 232 104 109 213 222 79 339 109 226 151 212 301 305 180 203 226 157 204 178 284 137 150 283 63 70 182 86 166 250 156 146 145 89 133 30 222 238 179 183 178 152 113 17 258 205 131 69 102 10 163 128 162 69 82 58 244 154 166 175 353 294 117 203 182 50 165 284 129 148 247 73 113 124 282 299 119 171 51 296 268 264 191 181 258 325 186 321 288 44 93 158 136 112 56 196 256 84 215 286 303 226 289 101 210 252 228 57 78 117 104 236 129 246 236 50 126 182 248 204 192 206 173 141 310 127 195 204 156 278 210 246 141 193 261 59 108 299 27 136 241 203 153 211 182 226 206 258 202 208 93 175 159 235 112 239 110 226 61 126 149 314 140 149 78 217 58 178 224 246 209 190 258 197 199 318 115
 355 237 329 166 377 62 1 59 366 184 210 236 401 137 212 363 328 75 225 96 75 20 29 149 265 44 262 285 231 388 348 350 219 364 334 209 403 265 179 131 360 248 50 89 282 71 151 261 211 48 390 105 265 134 209 362 353 227 237 215 191 190 154 342 169 155 344 123 112 241 42 212 294 166 148 190 141 194 84 282 293 186 226 234 170 167 74 303 222 130 8 104 66 146 183 193 37 138 101 293 204 197 166 407 355 105 193 243 101 148 331 186 157 289 73 165 171 331 357 157 166 19 355 316 322 207 234 307 377 247 375 347 104 129 218 183 125 41 253 303 24 245 342 361 279 349 52 224 313 288 111 135 84 63 286 179 294 282 66 185 211 307 265 175 261 192 177 364 188 218 262 154 339 218 300 150 247 312 80 89 351 72 167 296 223 179 217 241 275 224 319 260 269 39 203 162 289 172 294 123 266 54 143 128 367 198 141 134 204 49 240 285 307 268 246 305 256 204 367 117
 315 190 286 185 321 30 59 1 339 159 191 182 343 163 154 327 279 17 221 78 23 54 32 91 209 91 229 245 197 363 291 292 215 306 312 151 346 239 132 92 336 195 57 72 257 80 137 238 193 92 363 132 253 171 184 311 331 206 184 197 138 176 197 302 117 122 292 71 98 200 68 193 238 129 118 133 115 144 30 240 260 151 210 200 180 109 27 246 180 155 66 126 24 184 151 191 50 106 87 235 180 146 198 349 308 89 174 190 44 186 311 150 175 275 95 107 151 308 319 148 195 42 298 294 265 219 206 283 319 195 317 291 54 122 165 163 139 71 196 246 77 195 307 304 249 305 107 185 259 245 83 80 131 114 261 155 271 263 75 147 161 265 217 163 228 201 123 333 143 224 206 180 293 183 242 168 189 255 32 127 293 16 116 238 179 131 184 202 217 181 271 222 221 79 154 131 231 117 236 83 211 80 154 168 309 142 172 77 189 33 190 233 255 211 212 284 200 172 344 86
 90 433 120 269 273 314 366 339 1 471 505 391 347 294 311 62 172 332 176 272 318 347 357 306 374 353 114 119 144 28 297 360 177 347 47 288 340 102 404 398 25 223 317 278 85 417 218 108 509 346 26 304 129 329 490 201 36 141 401 514 376 498 352 97 372 430 200 281 255 156 399 157 381 427 432 335 227 227 313 130 87 448 149 141 241 297 313 383 448 294 370 295 316 331 188 201 383 234 266 353 163 387 310 367 156 421 492 224 313 331 54 190 267 105 310 303 197 46 79 216 300 362 282 59 276 233 134 61 370 215 349 261 290 243 232 184 271 332 269 367 388 420 55 298 92 122 375 457 222 138 259 286 356 364 81 188 76 93 304 195 404 123 179 490 114 232 366 23 210 209 268 292 148 468 316 270 305 338 357 329 352 326 374 302 440 393 473 150 341 445 170 132 176 403 400 438 308 263 308 393 390 323 257 338 353 267 310 293 509 370 198 206 208 263 130 70 254 467 27 407
 426 104 390 342 360 188 184 159 471 1 36 139 348 317 186 444 364 156 377 234 172 195 165 167 181 227 358 361 329 497 317 283 370 306 453 204 355 378 79 74 473 274 212 229 396 121 291 381 39 231 495 284 405 317 26 382 470 352 131 44 116 36 337 412 107 42 364 193 255 317 149 341 207 46 43 154 264 247 172 352 386 33 361 332 338 178 179 216 73 309 188 281 181 329 290 348 148 250 244 225 325 109 348 344 396 80 25 270 164 331 452 285 331 424 248 173 302 448 432 303 347 170 332 435 302 377 345 421 307 279 317 335 190 279 252 312 296 219 247 226 181 124 430 330 380 406 229 68 324 351 235 186 266 244 399 301 412 407 231 278 104 372 313 41 358 360 117 461 262 382 254 334 385 50 256 324 216 255 130 272 288 164 105 261 81 91 43 322 216 78 357 341 317 164 101 34 251 210 255 82 171 230 311 311 306 215 322 179 43 141 287 310 327 262 341 426 259 33 481 74
 460 124 424 371 389 219 210 191 505 36 1 164 372 345 218 479 397 189 410 267 204 223 193 201 206 253 392 395 364 532 345 306 403 331 487 237 380 412 111 109 508 307 242 261 430 143 324 416 5 257 530 312 439 343 23 414 504 386 156 10 147 25 361 446 141 77 396 228 287 352 172 375 230 80 76 186 297 282 205 387 420 63 394 367 369 212 211 238 92 337 213 309 213 355 325 380 174 284 276 250 359 139 375 367 430 107 18 303 198 357 487 320 361 458 277 207 335 482 467 336 374 197 361 469 332 408 379 455 330 313 341 365 224 311 286 346 326 246 278 250 204 145 464 357 415 440 252 84 356 385 268 221 290 268 434 335 447 442 261 313 131 406 347 41 392 390 150 495 297 413 286 362 419 64 284 353 247 281 162 298 312 196 138 290 102 123 55 357 243 97 390 376 351 185 130 68 279 245 284 116 194 258 342 336 330 249 349 213 17 170 321 343 359 294 376 460 291 51 516 106
 328 48 289 350 227 200 236 182 391 139 164 1 210 335 81 351 252 168 349 229 178 235 208 115 43 273 284 273 263 418 182 145 342 168 386 104 217 314 70 117 400 171 235 227 331 205 267 323 169 273 414 307 361 349 143 261 400 303 12 173 46 174 377 314 68 118 244 161 244 238 220 297 71 105 129 65 234 171 172 263 306 107 319 265 334 110 184 79 76 327 242 298 191 362 240 327 208 217 238 87 278 41 372 206 284 166 162 169 153 363 387 231 338 373 271 106 268 379 336 283 367 217 199 369 172 371 285 353 170 179 179 205 172 268 160 275 303 252 130 89 246 30 342 194 308 302 286 85 204 257 218 144 312 295 333 260 349 350 249 221 37 276 215 178 285 353 60 376 196 367 136 351 277 104 121 332 94 118 157 306 150 175 70 129 65 63 112 245 80 71 247 260 219 237 41 120 118 142 122 123 35 259 313 348 168 127 347 138 178 189 194 200 211 143 271 363 145 114 407 139
 259 250 228 449 75 345 401 343 347 348 372 210 1 449 191 288 177 327 404 347 327 392 374 252 168 425 285 250 286 370 61 68 398 43 367 193 11 323 276 314 366 180 378 350 331 395 352 339 377 422 363 432 389 476 351 148 372 339 218 381 241 383 506 251 259 324 147 284 352 249 401 342 144 311 334 219 324 232 319 240 286 316 361 287 424 235 330 136 282 443 408 420 339 486 299 397 385 310 353 124 325 244 485 23 193 363 371 184 300 488 372 288 440 386 405 236 339 360 270 365 477 383 68 358 90 449 311 341 49 186 32 89 304 367 203 337 413 399 152 123 418 229 293 53 301 226 445 290 135 226 329 269 458 448 332 323 347 359 383 280 245 232 201 386 288 434 248 325 255 434 144 461 199 310 102 436 155 95 330 442 61 329 262 106 272 265 319 256 136 277 180 257 201 416 249 327 113 237 108 317 179 401 414 479 43 208 466 269 386 363 207 163 150 141 283 358 155 322 371 336
 316 350 304 34 405 139 137 163 294 317 345 335 449 1 283 313 325 173 122 109 160 123 153 224 352 98 220 257 196 310 391 415 119 421 252 269 449 203 294 254 280 272 107 109 215 207 104 191 346 92 314 34 170 36 342 366 270 161 339 350 293 326 64 307 274 283 350 179 99 225 178 147 378 291 277 276 127 219 165 258 246 313 147 197 54 236 154 386 343 9 135 38 147 41 160 94 172 140 101 367 152 303 38 461 342 239 328 268 184 42 247 169 29 196 70 238 123 251 314 94 33 148 390 237 361 80 183 235 439 267 430 376 165 83 248 131 38 99 299 380 150 352 289 401 227 323 110 347 332 270 124 197 75 93 218 139 219 202 90 175 320 283 267 311 218 70 278 300 197 99 307 18 325 345 359 25 310 377 194 53 413 165 273 350 341 291 345 220 348 343 316 233 270 170 312 291 346 219 350 245 359 88 42 45 426 248 18 201 340 177 250 300 321 309 208 225 295 333 286 245
 251 123 213 292 182 160 212 154 311 186 218 81 191 283 1 273 181 137 278 175 140 205 184 64 75 240 205 194 184 339 144 140 271 154 306 25 195 235 109 132 320 94 195 175 251 206 201 245 222 238 335 259 285 303 199 197 320 227 90 227 73 220 333 237 81 152 179 105 186 158 211 222 98 142 159 34 168 93 132 183 226 156 244 187 272 49 144 104 143 275 219 248 153 315 166 259 194 151 183 86 203 83 320 196 213 178 211 91 113 316 308 156 281 295 227 48 198 300 259 217 313 194 155 290 123 306 208 273 166 101 165 154 122 207 81 203 248 215 61 99 228 109 263 157 228 227 258 152 138 178 160 87 276 263 254 188 270 272 204 146 96 198 137 219 206 289 71 297 119 299 69 297 204 167 90 275 37 102 139 264 141 141 84 88 133 97 174 165 67 139 174 181 141 226 94 158 80 69 85 133 87 219 255 304 157 49 297 85 228 173 115 127 142 77 192 284 74 171 327 152
 30 396 66 292 214 306 363 327 62 444 479 351 288 313 273 1 116 317 204 269 305 344 350 279 330 356 101 85 132 83 241 305 203 291 97 251 281 111 373 375 84 181 316 275 101 406 223 124 483 350 76 317 162 348 462 141 94 153 362 488 342 474 374 41 341 404 142 262 255 130 391 167 334 400 408 300 223 198 299 93 71 419 168 130 263 268 301 334 414 311 367 306 306 352 180 222 374 226 265 304 166 353 335 309 96 403 467 184 295 352 104 178 288 144 315 273 201 92 19 225 324 355 225 98 222 263 134 88 313 174 292 204 275 249 196 189 284 333 224 318 385 380 24 241 88 63 380 423 169 96 253 264 366 371 98 188 103 123 305 181 368 76 137 467 103 258 334 40 187 240 222 314 91 436 266 289 261 286 340 340 297 313 343 252 405 362 442 127 294 410 116 107 134 397 365 412 259 235 258 370 346 325 273 356 296 233 329 270 485 358 161 157 155 216 118 106 209 437 88 386
 87 299 53 315 106 267 328 279 172 364 397 252 177 325 181 116 1 266 248 245 258 313 308 207 225 336 120 80 133 197 126 190 244 176 191 162 171 156 288 302 190 92 289 250 160 354 222 172 401 331 190 317 223 357 378 43 196 182 263 406 253 397 387 77 258 327 32 209 240 101 347 190 224 319 333 212 206 136 250 73 114 335 204 133 286 191 257 224 321 320 335 305 264 365 167 251 329 199 246 194 178 262 356 197 33 340 388 97 240 366 197 158 307 216 302 196 203 185 98 232 346 316 111 183 107 302 154 166 199 88 178 90 227 245 118 197 290 310 123 206 350 281 118 127 131 55 360 331 55 59 226 203 358 356 160 187 174 188 285 154 275 58 64 393 123 290 249 151 142 283 118 332 27 346 154 306 159 173 283 335 182 264 260 140 312 276 354 106 186 317 10 97 60 357 273 334 148 167 146 300 241 306 285 363 182 152 342 208 406 309 90 55 43 111 125 184 109 351 196 318
 305 179 275 193 306 35 75 17 332 156 189 168 327 173 137 317 266 1 222 79 17 70 48 75 194 106 221 235 190 356 275 276 215 290 307 135 330 233 122 86 330 180 68 74 251 90 136 234 192 106 356 142 252 183 180 297 325 202 171 196 124 176 210 291 104 117 278 58 99 189 82 189 223 123 115 118 111 131 20 229 251 145 208 192 185 93 23 231 171 165 82 135 27 195 145 192 64 100 89 219 176 133 208 333 295 92 173 175 28 197 306 143 182 272 106 91 149 303 309 148 205 58 282 289 250 224 200 277 303 181 301 276 43 124 151 160 146 85 181 230 93 182 299 288 241 294 123 176 244 233 81 65 145 129 255 150 266 259 84 138 149 254 204 164 220 206 109 326 132 227 190 190 280 176 226 175 173 238 28 139 277 9 103 222 169 119 177 192 202 172 257 212 208 94 141 126 215 102 220 77 197 92 160 181 293 126 183 62 188 44 177 219 240 196 204 279 185 166 338 84
 214 378 213 94 344 193 225 221 176 377 410 349 404 122 278 204 248 222 1 145 206 206 228 237 352 199 129 170 119 190 344 386 8 385 132 257 401 99 331 305 160 228 179 150 105 290 88 83 412 192 194 139 50 156 401 289 150 67 357 417 317 396 177 209 303 338 277 194 124 156 265 62 372 341 336 285 118 190 206 176 146 364 45 119 69 240 200 377 381 123 227 132 198 157 114 34 252 135 135 352 80 328 135 420 256 309 394 226 217 157 127 125 94 75 156 244 82 132 210 75 125 228 338 118 315 60 95 120 406 220 392 319 191 101 214 76 107 186 269 367 244 373 181 351 125 230 218 388 272 190 144 209 191 204 107 91 104 85 160 135 346 195 204 383 126 57 302 185 162 37 274 118 240 392 331 98 293 352 249 165 382 214 304 318 376 324 395 149 334 380 240 153 205 263 340 347 319 210 321 297 363 174 90 166 390 232 136 215 409 247 199 242 258 273 124 107 259 385 166 305
 262 249 239 122 310 49 96 78 272 234 267 229 347 109 175 269 245 79 145 1 64 77 88 117 244 92 168 194 137 294 290 308 138 316 241 161 348 170 195 164 266 176 48 8 188 150 61 167 269 87 295 86 178 131 258 283 260 134 234 273 189 252 161 250 171 196 265 71 22 151 129 119 270 200 193 168 47 120 65 191 199 223 135 140 109 128 57 277 246 102 100 75 55 142 89 114 114 47 11 259 110 199 146 358 269 166 251 171 80 143 239 93 111 200 60 129 77 237 264 71 140 91 292 223 261 147 139 213 333 173 326 280 58 46 148 90 76 67 196 272 118 248 247 301 185 259 116 251 240 199 20 89 116 112 192 85 201 190 41 94 217 217 182 240 167 129 174 269 105 149 204 124 252 253 253 104 203 270 106 96 307 71 171 245 242 190 255 150 240 245 236 169 186 132 210 204 241 113 245 155 251 62 86 133 321 142 123 93 265 105 160 209 231 207 152 212 194 244 274 161
 294 191 264 179 303 23 75 23 318 172 204 178 327 160 140 305 258 17 206 64 1 66 51 77 200 101 207 224 176 342 274 279 200 292 293 135 330 219 135 101 316 175 58 59 237 102 120 219 207 99 342 131 236 173 196 290 311 187 181 212 135 191 200 280 115 133 272 50 84 178 90 174 229 138 130 124 96 123 10 218 238 160 193 179 170 94 8 237 185 152 82 123 14 185 131 177 72 85 74 224 161 144 196 334 286 107 189 169 29 187 291 129 168 257 94 93 133 288 297 133 192 60 281 274 248 209 185 262 305 175 302 273 32 109 145 145 132 77 179 235 95 193 286 287 228 284 119 190 239 223 65 61 138 124 240 135 252 244 72 125 161 243 196 180 207 191 119 312 122 212 188 177 271 191 227 161 174 241 44 129 279 9 114 222 182 132 192 180 205 185 249 200 200 100 153 142 216 98 221 92 205 83 145 171 295 123 171 60 204 54 169 213 234 193 190 264 182 181 324 99
 337 241 312 150 365 49 20 54 347 195 223 235 392 123 205 344 313 70 206 77 66 1 32 142 262 38 244 268 213 369 339 344 200 357 315 200 395 246 182 137 341 235 31 70 263 87 132 242 224 39 370 90 246 124 220 348 334 208 237 228 191 204 147 325 169 164 329 111 93 224 60 193 291 173 157 186 122 180 74 264 275 194 206 215 152 159 63 300 228 115 24 88 55 136 165 174 51 121 82 288 185 198 154 399 339 117 206 229 93 138 312 168 141 270 56 158 151 311 339 138 153 26 344 297 312 190 215 288 370 233 367 335 91 109 205 164 108 25 243 299 42 247 323 351 261 332 55 231 300 271 93 125 78 61 267 160 275 263 47 167 213 290 250 189 242 174 176 345 172 200 252 140 323 227 292 133 239 306 81 78 344 65 168 287 228 182 226 224 270 229 304 243 254 58 205 171 281 160 286 128 265 37 125 119 360 187 128 124 218 56 225 271 293 257 227 286 245 214 348 125
 340 211 312 179 352 45 29 32 357 165 193 208 374 153 184 350 308 48 228 88 51 32 1 122 236 68 250 270 219 381 322 322 221 337 328 182 377 257 152 106 353 225 51 82 275 63 147 255 195 70 382 121 264 155 190 341 347 221 209 199 163 175 178 327 141 132 322 100 108 225 43 207 266 142 126 162 132 173 60 265 281 163 223 221 178 140 52 275 197 145 36 117 46 167 171 196 27 125 96 265 197 170 185 379 336 87 176 220 75 169 326 172 169 287 85 138 165 324 343 156 183 11 329 310 296 217 224 300 349 225 348 322 82 128 195 177 135 55 227 275 46 217 329 335 269 332 80 200 289 271 99 111 109 90 278 171 288 277 70 170 184 291 245 161 249 200 148 354 170 225 237 170 320 195 273 162 219 285 52 110 323 46 139 269 197 152 195 226 247 198 299 246 249 50 176 140 262 148 267 97 238 66 151 150 340 173 159 108 189 25 219 263 284 242 233 299 231 182 361 94
 261 142 227 237 234 97 149 91 306 167 201 115 252 224 64 279 207 75 237 117 77 142 122 1 129 177 193 195 166 332 202 203 230 216 291 61 256 216 100 97 310 117 132 116 234 152 154 222 205 175 330 198 254 242 186 233 307 197 121 210 80 197 271 247 69 126 214 47 131 152 152 189 156 123 130 53 121 81 69 187 220 143 210 169 220 19 81 164 148 217 156 189 89 254 133 214 135 104 126 148 171 92 261 258 238 134 190 112 50 256 291 126 226 269 165 17 156 285 267 169 256 132 210 274 177 257 184 258 229 120 227 204 61 155 90 164 191 152 108 160 167 137 264 214 216 244 195 156 177 187 105 30 213 200 237 150 252 249 142 117 110 208 150 190 193 239 67 295 97 253 117 240 226 165 152 220 98 165 82 202 203 78 71 148 142 91 170 157 130 147 199 176 154 166 104 134 141 45 146 94 136 156 200 242 219 57 238 25 207 114 123 156 176 124 177 265 114 162 317 111
 305 85 267 364 189 222 265 209 374 181 206 43 168 352 75 330 225 194 352 244 200 262 236 129 1 299 273 256 256 401 142 103 345 126 374 97 175 306 111 155 385 152 258 244 321 241 275 317 210 298 397 326 358 370 184 228 387 300 51 214 80 216 399 291 101 159 213 174 257 226 254 296 31 146 170 78 242 166 193 245 292 149 318 258 345 118 206 40 116 345 272 317 214 382 240 333 240 225 253 46 277 79 389 164 256 204 204 151 174 384 376 230 352 368 292 116 272 367 314 290 383 246 160 359 135 380 280 341 128 161 137 169 189 280 149 277 319 276 107 47 277 65 323 154 296 277 315 125 174 238 231 156 337 322 324 262 340 343 269 220 78 256 197 220 274 362 91 358 193 373 110 367 250 144 83 347 70 77 186 328 108 199 104 93 106 102 153 234 42 111 221 247 199 271 82 162 82 144 86 160 17 282 326 369 126 122 365 152 219 220 179 175 183 116 262 353 122 156 393 177
 352 278 330 129 395 81 44 91 353 227 253 273 425 98 240 356 336 106 199 92 101 38 68 177 299 1 256 284 226 373 370 379 194 391 317 233 427 253 219 173 344 262 49 87 269 112 136 246 254 8 375 67 242 91 252 373 336 212 274 257 228 233 111 340 207 198 355 142 102 242 82 197 328 208 191 223 136 207 109 282 286 229 207 228 138 193 97 336 264 91 40 70 88 103 179 166 80 139 93 323 192 236 124 433 360 148 235 257 128 105 313 184 121 268 44 193 158 314 353 138 125 60 375 299 343 173 224 293 405 260 401 365 123 111 233 170 94 28 275 335 53 284 334 382 270 350 25 267 327 290 111 157 41 24 272 170 279 265 53 185 250 308 273 217 254 158 213 353 195 186 284 114 344 261 326 114 273 341 118 48 379 101 205 321 264 219 260 241 305 265 327 259 277 73 242 205 315 191 319 164 302 32 111 85 394 219 99 158 246 91 250 298 320 288 240 288 276 247 351 160
 98 324 86 204 220 207 262 229 114 358 392 284 285 220 205 101 120 221 129 168 207 244 250 193 273 256 1 41 32 141 227 279 125 273 103 181 281 39 292 285 118 125 215 175 50 308 124 55 396 250 139 220 105 254 377 162 117 65 294 401 265 385 282 88 260 316 150 168 155 48 292 76 285 314 319 225 123 116 202 48 32 335 86 30 174 185 203 288 337 217 267 209 207 260 80 136 275 126 165 259 69 277 246 303 128 309 379 125 201 261 104 79 198 103 215 191 102 96 98 128 236 255 218 87 200 185 38 70 295 116 278 198 178 150 126 92 188 233 172 274 285 312 80 233 25 105 280 346 151 63 153 173 268 272 52 88 68 76 205 83 294 68 87 377 4 175 255 106 97 165 173 224 112 356 228 198 205 250 245 242 273 216 262 214 329 281 361 40 244 334 113 29 87 297 289 325 218 151 219 280 287 225 179 262 279 158 237 180 396 260 96 124 136 170 18 82 158 354 126 294
 71 316 49 243 183 227 285 245 119 361 395 273 250 257 194 85 80 235 170 194 224 268 270 195 256 284 41 1 62 146 194 250 166 241 123 170 245 76 290 291 131 105 240 200 82 324 157 93 399 278 142 254 144 290 379 122 133 105 283 404 260 391 319 58 258 320 111 179 183 47 311 115 264 316 324 219 149 115 217 12 39 336 126 60 213 184 220 266 332 253 291 242 226 297 106 176 294 148 192 237 106 271 284 269 88 320 384 106 213 298 127 101 236 138 245 190 136 116 75 164 274 276 182 111 168 225 77 93 264 96 245 162 193 182 115 127 223 259 151 251 308 302 71 198 53 68 308 341 117 25 176 180 300 301 83 120 98 110 232 102 287 28 61 384 44 215 252 104 104 205 151 262 71 354 202 235 187 224 257 275 243 231 261 188 324 279 360 45 224 329 74 26 59 319 284 329 193 152 194 286 272 253 216 297 247 151 274 187 401 277 80 93 101 146 50 110 136 354 138 302
 127 301 109 183 226 175 231 197 144 329 364 263 286 196 184 132 133 190 119 137 176 213 219 166 256 226 32 62 1 169 227 273 114 269 126 161 283 52 265 256 145 115 184 144 69 277 96 62 367 220 168 193 108 230 350 175 142 54 272 372 241 356 259 116 234 288 161 138 124 38 260 59 270 286 290 202 92 93 171 64 63 307 76 4 154 160 172 274 312 192 236 182 176 236 49 119 244 94 134 246 46 252 225 303 147 279 350 113 171 237 127 48 176 113 186 166 75 120 128 103 215 224 220 109 198 170 27 93 291 106 276 201 147 122 108 66 163 202 160 261 254 290 112 234 53 129 250 320 154 76 122 144 240 242 73 60 87 89 174 53 270 88 86 347 31 158 229 137 70 152 163 201 130 330 219 175 189 241 214 214 268 185 235 206 305 255 335 31 230 310 125 39 87 266 265 297 208 126 210 251 269 195 155 237 275 137 213 151 367 229 85 124 140 161 16 101 148 327 153 264
 112 460 145 283 296 338 388 363 28 497 532 418 370 310 339 83 197 356 190 294 342 369 381 332 401 373 141 146 169 1 322 385 192 371 59 315 363 125 431 425 31 250 340 301 107 441 239 128 535 366 10 322 141 344 517 224 41 162 428 540 403 524 366 121 399 456 224 307 277 183 422 178 408 454 458 362 250 254 338 157 114 474 168 167 257 324 337 410 475 310 392 313 340 346 213 217 406 258 289 380 186 414 323 391 178 446 519 252 339 346 64 215 283 116 330 330 219 60 101 236 314 385 306 75 301 245 158 82 394 242 374 285 315 264 259 206 289 354 296 394 410 447 81 322 118 145 396 484 248 165 283 312 374 384 104 211 96 110 325 221 431 149 206 515 140 246 393 46 236 221 295 307 172 495 343 286 332 364 382 347 377 351 401 328 467 420 500 177 368 472 196 160 203 425 427 464 335 290 335 419 417 344 274 354 377 294 325 319 536 394 225 232 234 289 157 86 281 493 25 433
 212 227 178 390 48 291 348 291 297 317 345 182 61 391 144 241 126 275 344 290 274 339 322 202 142 370 227 194 227 322 1 69 339 51 314 141 60 265 241 274 315 120 323 293 274 349 292 281 349 367 315 374 331 418 323 107 320 280 192 353 204 352 448 202 219 288 100 229 294 190 352 283 127 277 297 175 265 173 266 183 231 285 302 228 364 183 276 122 256 384 356 362 285 428 240 338 336 252 295 99 266 209 426 77 148 321 341 124 248 429 318 229 381 330 348 186 279 307 223 306 418 332 21 304 31 390 252 286 73 127 53 39 249 309 144 278 354 344 97 105 367 206 243 14 245 179 392 266 78 170 271 215 402 393 275 264 291 302 326 220 215 179 143 353 230 375 208 277 196 375 88 402 151 285 62 377 108 69 281 385 60 277 222 58 246 229 293 197 103 252 128 199 142 367 217 293 68 181 63 275 157 345 355 421 57 153 407 216 357 314 147 105 93 84 225 302 97 294 321 294
 277 183 241 419 112 299 350 292 360 283 306 145 68 415 140 305 190 276 386 308 279 344 322 203 103 379 279 250 273 385 69 1 380 27 372 148 76 317 212 253 376 159 333 310 328 337 323 331 310 377 379 393 379 438 284 175 380 324 152 314 179 317 468 266 198 261 167 241 316 237 346 325 77 247 271 162 292 201 271 239 288 251 345 274 396 187 283 70 215 408 357 382 291 449 275 375 331 277 315 61 307 180 451 63 215 303 305 162 252 451 376 264 409 381 363 187 314 365 288 338 444 332 88 360 85 425 299 342 28 168 37 107 259 335 174 314 378 354 119 57 366 162 306 75 299 245 397 223 138 227 291 224 414 402 329 300 345 354 340 255 180 239 193 321 282 409 187 340 228 414 114 428 216 243 57 404 107 39 275 401 10 280 201 69 205 202 252 245 77 210 191 251 194 362 184 263 70 197 66 257 113 357 382 439 26 168 430 223 320 309 189 158 153 114 274 358 128 256 382 275
 212 371 210 93 339 186 219 215 177 370 403 342 398 119 271 203 244 215 8 138 200 200 221 230 345 194 125 166 114 192 339 380 1 379 134 250 395 96 324 298 162 222 173 144 103 284 81 81 406 187 196 135 52 154 394 285 152 63 350 410 309 389 176 206 296 331 273 187 117 151 259 57 365 334 329 278 111 183 199 171 143 357 41 114 66 233 193 371 374 120 221 128 192 155 107 28 246 128 129 345 74 321 134 414 252 302 387 219 210 155 129 118 92 78 151 237 75 133 208 68 124 222 332 119 309 62 91 120 400 214 386 314 184 94 208 69 103 180 263 360 239 366 180 346 123 227 214 381 267 186 137 202 187 200 106 84 104 85 155 128 339 192 198 377 123 57 295 185 156 40 267 116 236 385 324 95 286 345 242 161 375 208 297 312 369 317 388 144 328 373 236 148 200 257 333 340 312 203 315 290 357 168 86 163 384 225 134 208 402 241 193 236 253 267 120 108 253 378 168 298
 262 208 228 423 89 311 364 306 347 306 331 168 43 421 154 291 176 290 385 316 292 357 337 216 126 391 273 241 269 371 51 27 379 1 362 158 50 310 234 273 364 158 344 319 320 355 326 326 335 388 365 401 375 446 309 156 369 322 176 339 200 341 476 251 218 283 150 251 323 232 363 323 102 270 292 179 297 205 283 230 279 274 343 270 399 199 295 95 240 414 371 390 303 457 276 376 347 282 323 82 306 202 457 44 198 322 329 161 264 458 366 265 413 375 373 200 315 355 273 340 449 347 68 351 74 427 295 333 24 165 12 88 270 340 176 315 384 365 123 81 381 187 292 53 291 229 410 248 126 217 299 234 425 414 322 301 337 348 350 256 203 227 187 344 275 411 207 326 230 414 116 433 201 268 65 409 119 54 291 410 19 293 221 72 230 224 277 240 95 235 177 244 187 378 207 286 77 205 73 277 137 367 387 448 7 176 437 234 344 325 187 150 141 114 269 349 129 280 370 295
 120 425 141 226 296 287 334 312 47 453 487 386 367 252 306 97 191 307 132 241 293 315 328 291 374 317 103 123 126 59 314 372 134 362 1 282 361 76 391 380 29 224 285 248 58 390 184 75 491 310 63 265 84 287 474 226 20 108 395 496 366 479 309 123 359 412 222 261 223 149 369 123 385 411 413 326 199 217 289 134 85 432 111 123 199 285 287 387 437 253 337 256 289 288 164 159 354 208 235 358 133 377 266 387 182 398 474 224 292 288 8 169 225 59 274 291 165 8 111 180 256 332 300 19 289 188 109 34 385 215 366 279 267 208 227 152 231 298 271 372 356 414 80 316 79 149 339 445 237 146 231 268 317 327 55 159 42 53 270 176 395 136 182 469 101 188 354 63 195 164 271 249 171 455 324 228 305 346 333 290 365 301 361 310 430 381 460 142 344 435 188 128 181 371 390 421 315 251 315 373 389 288 216 296 368 260 267 276 490 343 196 215 222 267 116 30 257 452 35 386
 229 146 191 276 175 153 209 151 288 204 237 104 193 269 25 251 162 135 257 161 135 200 182 61 97 233 181 170 161 315 141 148 250 158 282 1 196 212 127 144 296 72 187 163 228 211 183 222 241 231 312 246 263 291 218 181 296 204 114 245 93 237 321 215 97 167 163 94 171 135 212 200 117 159 173 52 150 70 127 160 203 175 222 163 255 43 138 122 164 261 216 236 146 302 144 239 195 134 169 100 181 104 306 201 194 187 228 69 108 304 284 134 265 272 216 45 178 276 237 198 299 192 150 266 117 288 184 249 174 79 169 145 112 191 57 182 233 208 49 114 226 133 240 154 204 206 253 174 123 156 145 77 268 256 231 167 246 249 193 124 119 176 115 234 182 270 88 274 97 279 58 282 183 188 94 260 42 110 141 253 147 137 100 88 155 115 194 142 81 161 155 157 118 226 116 174 82 51 87 144 110 210 238 292 162 26 283 77 245 174 91 108 125 65 168 260 58 190 304 162
 252 258 222 449 68 348 403 346 340 355 380 217 11 449 195 281 171 330 401 348 330 395 377 256 175 427 281 245 283 363 60 76 395 50 361 196 1 319 282 320 360 179 380 351 326 399 351 335 384 424 356 432 385 476 358 141 366 336 225 388 247 390 507 244 264 330 141 286 352 246 405 340 152 318 340 223 323 232 321 235 282 323 358 284 423 238 332 145 289 443 411 421 341 487 298 396 389 310 354 131 323 250 485 31 186 368 378 183 303 488 367 287 439 382 406 239 338 355 263 364 476 387 65 353 89 448 308 336 58 185 40 84 306 367 203 336 413 401 154 131 421 237 287 51 297 219 448 298 131 221 330 271 460 450 327 322 342 354 384 279 252 227 198 393 284 433 253 319 254 432 145 461 193 318 107 435 159 101 333 443 69 332 267 109 279 271 326 253 142 284 175 253 197 420 255 334 117 238 111 322 187 402 413 479 52 210 466 271 393 367 205 160 146 142 280 353 156 330 365 341
 117 352 116 183 257 214 265 239 102 378 412 314 323 203 235 111 156 233 99 170 219 246 257 216 306 253 39 76 52 125 265 317 96 310 76 212 319 1 316 304 98 161 216 177 19 317 117 18 415 246 126 208 68 238 399 196 94 43 323 420 292 403 264 111 284 336 186 185 154 82 298 58 319 335 337 253 126 144 214 85 48 357 59 50 153 211 213 323 363 201 269 198 216 242 89 113 282 134 165 294 62 303 225 341 159 323 398 160 217 243 76 93 179 66 210 217 96 71 114 117 215 261 255 58 238 157 34 45 333 152 316 235 192 143 158 84 175 232 207 309 287 342 88 270 28 132 276 371 189 99 158 193 259 265 23 87 36 39 203 101 321 100 125 394 36 150 280 102 121 135 209 204 144 380 265 179 239 287 259 232 311 227 286 251 356 306 385 74 279 361 149 67 124 302 316 345 254 177 256 298 320 222 163 246 316 188 220 200 415 270 131 162 174 206 45 50 194 377 106 311
 353 60 316 313 283 156 179 132 404 79 111 70 276 294 109 373 288 122 331 195 135 182 152 100 111 219 292 290 265 431 241 212 324 234 391 127 282 316 1 51 409 198 189 192 334 138 245 322 115 221 428 263 352 303 91 304 406 296 67 120 38 114 328 339 33 50 287 138 214 249 157 286 140 37 60 77 214 178 132 281 318 48 308 268 303 108 142 149 51 286 185 257 148 315 232 304 147 198 205 153 269 33 329 274 320 97 103 195 117 317 391 225 302 368 226 102 251 385 360 259 326 161 255 373 225 342 284 358 238 204 245 258 142 239 178 260 266 202 169 156 185 69 360 254 315 332 229 58 246 279 190 126 259 240 337 247 351 349 205 217 37 299 239 114 292 324 40 392 197 342 177 311 310 65 180 295 139 182 103 258 217 130 31 184 48 13 71 254 141 51 281 273 243 174 31 53 174 142 179 58 104 211 279 299 235 141 303 119 120 130 214 234 250 184 276 365 182 65 416 71
 357 108 323 276 313 119 131 92 398 74 109 117 314 254 132 375 302 86 305 164 101 137 106 97 155 173 285 291 256 425 274 253 298 273 380 144 320 304 51 1 400 211 148 159 323 89 219 308 112 175 423 222 332 260 97 324 397 279 115 117 76 101 283 343 57 34 305 120 184 247 107 267 185 38 34 100 191 177 100 283 314 61 287 259 270 112 108 194 92 246 137 217 111 272 217 276 99 177 173 193 252 77 288 315 333 50 95 206 91 274 379 212 266 350 185 106 229 374 363 232 285 114 286 362 254 309 271 348 280 215 285 286 117 208 186 239 230 159 191 199 136 119 359 287 308 340 181 95 266 283 163 113 214 194 326 228 339 334 166 205 86 304 247 94 285 291 67 389 190 312 200 271 321 92 215 258 167 220 61 214 257 94 54 217 92 55 93 251 179 93 294 270 251 124 79 43 207 141 212 10 151 169 244 255 275 150 262 106 112 83 219 249 267 207 269 352 201 81 408 23
 111 440 139 254 293 311 360 336 25 473 508 400 366 280 320 84 190 330 160 266 316 341 353 310 385 344 118 131 145 31 315 376 162 364 29 296 360 98 409 400 1 234 311 273 80 414 210 100 511 337 35 293 112 315 494 222 13 134 409 516 382 500 337 117 377 432 220 282 249 163 394 149 394 430 433 342 223 233 312 142 95 451 139 142 227 302 311 396 454 281 363 284 313 316 187 187 379 232 260 366 158 394 294 386 177 420 494 235 314 316 35 190 253 87 301 308 190 31 101 207 284 357 300 46 292 216 131 54 387 226 367 279 289 235 240 178 259 325 281 380 382 428 74 316 94 143 366 463 239 152 255 288 345 354 76 183 67 81 297 196 411 138 191 490 117 216 372 46 213 192 280 277 168 473 331 256 316 352 356 318 369 324 379 316 446 398 478 156 353 451 188 140 189 397 406 441 322 268 322 394 400 315 244 324 370 274 295 295 511 367 207 220 224 276 133 57 266 471 9 408
 158 215 121 271 135 187 248 195 223 274 307 171 180 272 94 181 92 180 228 176 175 235 225 117 152 262 125 105 115 250 120 159 222 158 224 72 179 161 198 211 234 1 214 180 174 266 173 175 311 258 246 257 221 301 289 118 236 166 181 316 165 306 331 144 168 236 99 126 177 80 261 167 161 229 241 123 146 57 166 94 141 245 187 117 245 100 175 164 235 266 254 245 182 311 121 219 243 134 180 135 149 175 307 194 124 249 298 6 153 312 227 109 261 225 235 105 160 218 167 186 299 233 119 210 90 271 141 192 179 10 165 105 145 190 30 159 236 236 48 149 268 200 172 130 147 135 285 244 66 87 157 116 290 284 176 145 193 199 214 101 189 106 46 302 127 256 159 207 77 257 49 283 113 259 105 258 83 127 195 271 154 180 170 92 226 186 266 88 120 232 85 98 49 273 186 243 94 79 96 208 168 234 236 305 163 61 289 120 315 223 31 40 61 47 117 206 34 262 242 227
 309 246 285 131 347 37 50 57 317 212 242 235 378 107 195 316 289 68 179 48 58 31 51 132 258 49 215 240 184 340 323 333 173 344 285 187 380 216 189 148 311 214 1 42 234 112 102 212 244 46 341 76 217 116 237 325 304 178 238 248 192 225 143 297 171 177 307 94 64 197 87 163 286 185 172 180 94 158 65 237 246 207 177 187 128 147 53 294 237 99 53 70 45 128 137 146 75 93 52 279 155 200 142 386 314 137 225 209 85 130 282 140 120 241 38 147 122 282 311 109 138 50 327 267 295 167 185 259 359 212 354 317 75 80 185 134 85 23 227 291 72 249 294 334 232 305 72 241 279 245 65 110 82 72 237 131 245 233 20 140 216 263 226 211 214 150 176 316 148 175 236 124 297 239 280 113 227 295 88 72 333 61 170 273 235 186 239 197 261 238 280 215 229 87 209 186 268 143 272 139 262 25 101 114 348 171 116 111 238 73 202 249 271 240 199 256 227 227 318 140
 269 246 245 124 314 44 89 72 278 229 261 227 350 109 175 275 250 74 150 8 59 70 82 116 244 87 175 200 144 301 293 310 144 319 248 163 351 177 192 159 273 180 42 1 195 144 67 174 264 81 302 85 184 129 254 288 266 141 232 268 187 247 159 257 169 191 270 71 27 157 122 126 270 196 188 167 53 124 61 197 206 219 142 146 112 128 52 278 242 102 93 74 49 141 96 120 108 53 16 260 116 197 146 360 275 160 245 175 77 142 245 99 112 206 56 129 84 244 270 77 141 85 295 230 264 151 146 220 335 177 329 284 56 51 152 96 77 61 198 273 111 246 254 304 191 265 111 248 244 205 25 89 111 107 198 91 207 197 36 100 215 223 188 234 173 133 171 276 110 154 207 125 258 249 255 106 204 272 101 93 309 67 169 247 239 187 250 156 241 242 241 175 191 125 207 200 243 115 247 151 251 57 88 130 323 144 123 93 260 99 165 214 235 210 158 219 197 240 280 156
 111 369 116 193 263 232 282 257 85 396 430 331 331 215 251 101 160 251 105 188 237 263 275 234 321 269 50 82 69 107 274 328 103 320 58 228 326 19 334 323 80 174 234 195 1 335 134 25 434 262 108 223 67 250 417 199 75 58 340 439 309 422 275 107 302 355 191 204 171 96 316 73 334 354 356 270 144 161 233 92 48 375 69 67 164 229 232 337 380 214 286 212 234 254 108 123 300 152 183 308 79 321 235 349 160 342 417 174 235 254 58 112 190 57 226 234 113 53 106 132 225 278 263 40 248 164 53 27 343 165 325 243 210 159 173 101 189 248 221 323 304 358 78 278 30 130 292 389 197 106 176 211 274 281 5 105 19 30 220 119 338 103 136 412 48 159 298 87 138 141 222 215 145 398 277 191 253 299 277 247 322 245 304 263 373 324 403 88 293 378 154 78 135 319 333 363 267 194 268 316 335 239 176 259 326 204 231 218 433 288 145 171 182 219 60 33 207 395 88 329
 394 194 364 236 384 104 71 80 417 121 143 205 395 207 206 406 354 90 290 150 102 87 63 152 241 112 308 324 277 441 349 337 284 355 390 211 399 317 138 89 414 266 112 144 335 1 210 316 144 117 441 175 326 202 145 383 408 283 203 147 162 122 219 381 141 101 364 147 170 279 30 268 271 114 91 177 192 219 108 319 339 130 285 279 238 170 106 280 172 200 73 174 102 213 230 258 38 184 158 277 257 165 235 397 383 45 126 261 115 215 387 230 226 349 142 167 226 385 398 218 235 63 359 371 326 276 284 361 364 267 366 355 132 190 237 239 194 110 259 285 62 206 387 362 328 383 110 172 328 322 160 152 148 126 339 232 349 339 131 226 174 343 293 107 307 260 151 412 221 286 268 224 369 162 294 219 242 302 72 158 340 94 139 293 175 143 159 280 262 175 345 301 297 44 167 106 284 188 289 83 238 123 211 195 357 208 210 147 135 48 265 305 325 274 291 361 265 146 421 68
