NAME : domp200p50v6
COMMENT : (Deleplanque et al.) 
TYPE : DOMP
DIMENSION : 200
DISPLAY_DATA_TYPE: NO_DISPLAY
OPEN_FACILITIES : 50
COST_SECTION
 1 183 193 272 215 175 191 141 164 144 151 145 82 97 70 152 228 113 220 144 47 177 196 165 160 192 223 338 191 154 228 240 147 189 68 101 89 145 147 316 234 87 275 201 122 172 149 200 279 193 237 146 68 98 226 159 174 76 283 200 135 122 105 351 238 20 163 62 241 51 290 63 133 196 170 205 38 139 82 139 76 53 156 76 71 283 208 203 110 66 175 185 143 137 209 101 65 67 34 98 183 239 247 140 193 284 23 34 197 239 193 70 131 101 187 161 201 149 192 178 162 196 151 177 239 184 118 143 265 178 257 231 93 173 181 137 240 254 292 100 199 152 311 140 234 230 206 195 160 144 246 273 129 96 117 232 263 162 104 232 176 234 260 200 131 279 174 269 191 156 217 97 96 130 323 248 156 87 112 73 34 266 70 222 232 101 207 144 150 157 218 133 160 85 256 140 312 213 225 38
 183 1 360 336 36 17 155 287 209 105 117 323 253 249 251 203 84 258 244 76 186 359 148 130 287 70 289 267 72 137 208 384 41 79 207 279 155 269 101 245 228 258 226 355 67 352 313 303 235 163 375 302 241 265 208 270 331 116 402 67 168 181 260 271 329 183 74 244 351 233 403 145 192 264 351 120 182 134 211 318 170 218 289 131 128 252 32 355 119 214 354 208 46 152 334 281 189 238 212 211 344 183 274 126 225 413 173 176 334 244 74 196 221 279 120 341 372 319 17 354 334 287 328 72 117 66 208 224 364 358 272 363 274 210 305 55 130 161 405 174 237 308 252 321 260 324 265 361 69 323 326 299 270 152 188 248 257 331 103 183 240 298 259 82 294 299 356 397 160 30 170 201 234 306 254 312 310 138 227 194 162 326 251 78 334 183 259 167 151 325 40 307 222 264 323 47 260 206 167 204
 193 360 1 222 386 348 289 234 214 336 278 151 182 215 153 208 417 107 247 335 175 95 300 282 106 342 200 404 381 267 291 80 331 334 154 154 276 118 285 388 282 180 342 41 308 138 48 144 339 287 90 220 177 97 289 132 41 266 149 389 317 299 211 421 170 205 313 141 141 151 161 254 202 191 128 329 219 257 238 145 258 146 97 268 233 330 389 47 250 147 151 238 315 242 105 148 238 128 182 256 221 327 254 331 231 134 213 219 81 274 341 237 168 153 378 142 200 187 372 168 34 159 59 368 372 336 281 176 170 146 272 99 143 223 108 323 365 363 164 279 226 57 374 86 250 163 204 5 350 72 189 269 101 217 195 260 296 191 260 317 194 206 289 344 67 278 89 126 286 331 308 169 129 71 391 210 58 278 260 168 225 223 130 372 151 276 212 327 337 194 388 63 196 156 211 323 369 274 321 199
 272 336 222 1 345 321 190 391 130 378 220 338 324 354 292 139 418 179 98 360 227 306 201 209 135 280 52 225 393 200 151 165 330 270 206 315 352 140 236 218 130 326 181 184 322 340 208 86 173 184 149 387 311 216 150 122 186 310 119 395 397 390 357 243 53 291 265 268 87 270 111 320 155 80 331 239 310 204 352 330 344 230 145 326 249 154 367 178 228 211 352 129 298 187 118 310 337 234 290 369 406 195 75 385 113 144 291 304 142 112 278 341 143 314 418 339 400 367 352 367 231 81 255 384 276 280 389 132 66 350 90 132 300 127 121 332 262 240 111 368 100 187 199 278 85 61 74 219 369 264 35 68 166 205 167 101 119 376 250 187 103 41 113 274 206 76 300 134 186 315 190 177 183 246 217 27 181 343 381 201 298 12 261 301 72 370 79 405 405 376 343 235 122 305 17 325 190 143 201 304
 215 36 386 345 1 41 157 322 221 137 128 356 287 284 284 217 93 282 249 109 214 390 149 137 308 66 299 251 94 147 207 405 76 77 234 313 190 290 114 230 228 292 218 379 102 385 340 319 227 165 396 336 275 292 207 289 355 150 418 86 201 215 295 253 343 216 83 276 367 265 419 180 209 276 384 114 217 147 246 351 204 247 311 166 156 246 37 379 140 241 387 217 74 166 353 314 224 267 245 245 379 176 278 158 233 432 206 210 356 246 70 231 240 313 146 374 406 353 37 388 361 302 358 99 99 66 242 242 377 391 274 382 306 221 324 90 114 147 421 209 246 333 240 352 265 338 276 387 100 353 337 301 293 174 207 252 256 366 127 178 253 308 258 75 321 301 387 415 162 61 167 223 259 336 239 321 335 173 262 220 196 334 282 58 349 218 268 200 183 360 5 336 236 297 332 82 248 208 161 238
 175 17 348 321 41 1 140 285 193 111 102 317 247 246 244 188 100 245 228 82 175 350 133 114 273 57 273 255 85 122 193 370 42 65 195 273 155 255 86 233 213 253 212 342 65 345 301 288 221 147 361 299 236 253 192 255 318 112 387 82 172 183 257 260 314 176 58 235 336 225 388 142 177 248 344 106 177 118 209 311 168 207 275 129 116 238 48 342 104 202 348 193 34 137 320 274 186 228 205 210 341 169 258 131 209 399 166 171 320 229 61 194 207 273 131 334 368 314 33 349 322 272 318 83 107 52 209 209 348 351 256 348 266 195 290 55 118 149 390 175 221 295 239 312 244 309 250 349 78 313 310 283 256 138 173 232 242 327 89 168 224 282 243 69 282 284 347 382 144 21 155 187 222 296 242 296 297 138 226 182 156 310 242 69 318 184 243 172 157 321 44 296 206 257 307 46 246 190 152 198
 191 155 289 190 157 140 1 330 82 226 50 322 271 286 250 84 239 187 94 201 157 329 12 32 190 92 149 149 221 38 54 282 162 82 159 282 233 175 64 126 74 275 88 268 165 342 248 182 94 8 270 336 256 215 54 165 251 179 278 220 269 271 295 161 197 205 84 231 228 224 277 204 88 131 336 50 218 53 263 315 234 186 196 200 127 105 184 266 86 169 349 66 127 57 224 280 240 205 223 273 372 49 122 240 82 296 198 210 234 90 89 248 122 282 259 334 385 336 171 357 274 163 283 216 91 93 284 116 231 350 118 254 270 76 199 169 80 74 278 253 94 233 123 289 109 194 127 289 204 284 188 145 190 97 98 95 103 348 103 42 111 156 104 85 232 145 324 280 6 140 27 128 168 263 134 169 232 217 290 142 197 180 232 111 207 259 118 273 265 344 155 257 100 267 179 159 126 52 36 227
 141 287 234 391 322 285 330 1 299 202 288 91 68 45 100 288 297 214 355 221 181 159 334 303 261 318 347 478 261 293 367 307 247 317 193 83 134 253 282 455 373 66 415 262 221 120 209 310 418 333 311 21 82 179 365 271 240 175 368 273 145 124 37 490 348 126 291 124 339 123 378 145 270 322 127 340 116 278 77 94 119 165 253 158 206 422 303 267 247 185 112 322 259 277 300 89 100 159 111 80 62 378 379 184 328 360 133 123 281 376 320 93 259 84 228 109 99 59 290 100 203 311 175 248 369 310 93 272 367 119 391 313 97 309 280 234 373 390 381 119 332 224 451 149 367 339 334 237 236 163 361 404 228 236 253 368 400 65 236 371 306 357 396 327 200 411 161 348 330 265 356 228 210 168 462 369 230 150 66 205 138 387 131 345 336 110 336 153 172 58 326 180 293 88 376 242 452 352 364 104
 164 209 214 130 221 193 82 299 1 250 94 271 234 257 206 12 289 118 58 231 119 265 93 87 111 160 81 197 263 75 81 202 201 150 109 236 232 97 109 178 78 237 132 190 193 285 176 103 132 77 189 301 219 151 79 85 174 185 200 265 276 271 263 213 123 182 140 184 150 181 200 200 31 56 278 129 199 76 245 263 227 138 118 203 124 129 240 187 98 118 294 27 169 58 144 233 225 151 190 259 330 115 85 259 30 217 179 192 154 78 158 231 50 236 290 280 336 291 225 305 203 84 216 255 171 157 276 39 157 294 94 173 222 12 119 202 161 152 202 250 37 159 167 227 71 118 58 213 239 219 118 112 116 79 47 70 103 303 120 104 33 91 98 157 162 117 260 201 77 186 97 73 104 197 183 105 157 220 274 95 183 121 181 185 130 254 53 282 280 300 220 190 19 222 116 196 165 63 110 200
 144 105 336 378 137 111 226 202 250 1 178 259 187 172 198 241 96 250 299 30 173 309 223 195 292 163 327 359 60 195 278 381 72 169 198 219 72 275 163 336 295 192 309 343 62 291 292 323 317 232 376 220 180 242 277 283 317 75 415 72 66 83 183 366 357 133 150 201 369 189 420 84 224 300 292 206 123 184 131 255 91 194 290 69 131 330 109 345 154 200 289 260 104 197 342 222 115 210 160 124 263 265 329 22 274 421 125 120 335 307 167 120 241 219 44 278 296 245 101 285 306 312 291 47 216 157 113 249 388 295 333 367 218 255 313 61 226 255 423 84 284 294 340 277 315 350 305 338 39 283 359 356 265 174 213 307 325 256 132 263 276 338 325 176 274 359 308 405 229 97 247 210 229 272 345 352 297 62 137 193 112 369 210 180 355 93 302 64 47 249 141 276 256 205 362 71 346 271 248 146
 151 117 278 220 128 102 50 288 94 178 1 289 232 245 215 90 199 172 128 154 124 304 49 18 188 68 173 194 178 21 101 285 117 59 134 248 185 170 18 171 118 237 136 263 117 312 233 193 142 55 274 296 218 193 100 166 243 131 292 178 220 223 254 205 216 163 46 198 241 190 293 157 84 149 307 56 174 22 219 282 188 157 192 152 83 154 148 262 42 143 318 92 82 41 230 246 195 177 184 228 333 95 159 192 108 307 156 166 235 132 67 203 118 247 213 303 350 299 133 324 258 176 262 171 96 65 237 117 250 320 159 259 236 94 202 122 93 104 294 205 121 222 170 264 145 211 149 278 159 261 211 184 179 66 86 134 149 311 56 89 126 182 149 68 216 186 300 290 52 98 73 110 150 241 179 196 222 169 244 116 152 210 201 97 222 212 143 225 217 307 127 237 109 231 206 113 174 94 78 186
 145 323 151 338 356 317 322 91 271 259 289 1 73 92 76 261 353 164 323 270 167 69 329 301 204 335 300 464 315 288 348 228 285 332 166 45 188 201 288 443 349 68 399 184 258 34 137 253 401 323 235 74 83 126 346 220 166 209 294 326 214 194 83 479 290 141 306 93 273 100 305 182 246 279 38 345 143 274 131 9 168 138 194 198 213 399 345 190 250 157 32 297 286 267 233 45 145 121 113 144 72 370 342 245 299 282 151 148 211 348 337 139 225 45 293 21 65 37 330 35 123 260 94 301 381 328 166 237 303 37 357 240 54 282 219 273 381 391 308 180 299 156 435 67 332 281 292 155 286 82 305 364 174 227 231 337 372 41 247 361 269 309 367 343 134 373 71 272 321 297 347 201 169 95 449 319 162 198 139 182 162 336 92 366 275 173 297 224 240 44 359 107 260 61 324 278 434 331 357 120
 82 253 182 324 287 247 271 68 234 187 232 73 1 35 34 222 281 147 289 198 117 127 276 246 195 271 279 417 243 234 304 249 214 269 126 34 116 186 228 395 308 6 353 205 187 105 149 243 356 272 252 68 16 114 302 204 181 138 306 254 147 127 34 430 282 73 242 57 274 56 315 110 205 254 106 286 71 219 63 70 97 98 187 126 151 358 274 209 191 119 104 257 217 216 236 39 73 92 49 79 102 319 313 174 263 301 83 78 218 311 273 68 192 35 222 92 122 69 259 103 149 244 125 229 319 263 103 205 302 109 325 251 40 244 215 202 321 335 318 111 266 163 389 102 301 273 266 185 214 114 294 337 162 175 189 302 335 82 184 311 239 290 331 279 138 345 127 288 270 227 296 162 142 112 402 302 168 126 80 139 92 319 65 300 270 105 269 157 171 76 290 122 226 27 308 207 389 288 305 50
 97 249 215 354 284 246 286 45 257 172 245 92 35 1 67 246 267 178 313 188 139 154 291 260 227 276 308 434 231 249 324 283 209 275 152 63 101 217 239 411 330 36 371 238 183 125 183 274 375 289 285 54 44 146 322 234 214 136 339 242 124 103 12 446 313 83 249 89 306 85 349 105 227 282 129 297 73 234 42 91 83 125 220 120 162 379 267 243 204 145 121 279 219 233 269 69 62 122 68 53 96 335 338 156 286 334 90 81 251 334 278 55 219 64 204 112 125 74 254 115 182 274 158 217 327 268 75 231 334 127 350 285 73 267 247 196 330 347 351 90 291 196 407 133 326 304 294 218 203 146 324 364 194 192 211 326 358 85 193 327 265 318 354 285 171 371 155 321 287 226 312 187 171 146 419 331 202 115 49 163 96 349 98 304 302 83 296 133 150 79 288 156 251 60 338 204 408 309 320 60
 70 251 153 292 284 244 250 100 206 198 215 76 34 67 1 196 289 114 261 205 94 112 257 228 162 261 248 395 251 215 280 217 214 257 98 33 130 154 214 373 283 35 330 173 188 102 118 210 332 251 219 97 26 81 278 171 149 139 273 261 167 149 67 408 249 70 231 25 241 27 282 116 179 224 101 270 76 201 87 69 111 70 154 132 138 333 275 178 175 90 106 231 212 195 203 32 89 60 41 105 125 298 283 188 235 268 80 80 185 284 262 87 163 33 237 92 136 87 259 110 120 212 99 237 306 253 129 176 269 109 297 218 23 217 181 203 306 318 285 130 238 130 366 80 272 240 236 156 221 89 261 308 129 154 163 274 308 99 172 290 210 258 304 268 105 315 111 255 249 224 276 135 111 83 380 270 136 137 109 113 92 287 32 291 237 126 239 177 190 95 287 92 198 17 276 207 366 264 285 53
 152 203 208 139 217 188 84 288 12 241 90 261 222 246 196 1 282 109 69 222 108 256 95 86 107 157 88 206 256 72 90 200 194 147 98 226 221 92 105 187 88 226 141 185 184 276 169 104 141 80 188 289 208 142 87 82 169 175 203 258 265 260 252 222 127 170 135 173 152 170 203 189 20 62 269 129 187 71 233 253 216 127 114 193 113 139 234 183 90 107 285 36 162 52 143 222 214 141 179 248 319 121 96 249 42 218 168 181 152 90 155 220 42 225 281 270 325 281 219 295 196 86 208 247 172 154 265 33 162 285 106 172 211 22 117 194 162 156 205 239 48 152 177 218 83 122 66 207 231 210 124 123 110 68 36 81 114 292 112 110 38 99 110 155 154 129 251 202 80 180 101 62 95 189 192 113 151 210 262 84 171 129 171 184 133 243 62 272 270 289 217 182 20 212 124 188 174 72 114 189
 228 84 417 418 93 100 239 297 289 96 199 353 281 267 289 282 1 321 327 85 245 400 232 213 357 152 369 343 38 219 291 451 92 161 269 312 167 339 183 322 311 286 307 418 111 384 371 378 317 246 444 315 273 321 291 342 392 153 476 29 156 175 278 345 407 221 157 288 426 276 479 173 269 343 385 201 213 214 226 349 186 272 357 157 190 334 59 419 194 273 383 290 121 232 406 314 209 291 249 219 358 265 357 114 306 485 211 209 403 328 156 215 295 312 77 372 391 340 69 380 388 364 377 52 191 149 206 300 441 389 355 433 310 291 376 96 206 238 481 179 319 369 331 365 343 401 346 419 69 370 405 382 335 225 263 331 340 352 174 265 319 379 342 163 352 382 398 469 243 104 253 270 299 356 331 393 372 155 232 259 198 407 297 150 410 188 340 150 130 345 97 359 300 298 403 99 339 289 249 237
 113 258 107 179 282 245 187 214 118 250 172 164 147 178 114 109 321 1 164 243 78 149 197 176 50 236 137 314 287 161 197 132 232 228 53 137 201 40 179 295 193 148 249 98 212 172 63 97 248 185 127 209 135 39 195 59 74 177 171 294 246 234 180 330 136 130 208 91 131 94 178 173 100 116 165 224 148 151 184 156 187 61 44 185 132 244 288 99 145 50 183 143 212 136 97 132 174 57 119 202 230 228 180 249 141 173 134 145 86 189 235 176 69 136 293 169 228 190 271 195 89 99 99 275 266 230 225 80 158 182 196 120 122 128 71 226 260 260 181 211 140 52 284 112 171 127 129 107 257 103 148 202 18 111 90 177 213 200 157 218 108 147 208 238 47 210 143 157 184 229 208 63 24 81 300 158 53 198 212 64 145 175 83 266 125 211 135 256 261 199 283 73 103 127 164 225 281 180 220 136
 220 244 247 98 249 228 94 355 58 299 128 323 289 313 261 69 327 164 1 277 176 310 104 115 143 184 64 158 305 109 57 218 244 174 164 291 287 134 145 143 39 292 98 217 240 335 216 113 94 87 203 356 275 200 55 117 207 238 197 306 329 326 319 175 114 239 172 238 150 236 194 255 88 59 327 142 255 116 301 315 283 193 152 257 177 84 274 213 146 172 345 40 209 102 159 286 282 205 246 315 384 101 32 309 28 219 236 249 176 27 181 288 100 290 337 330 388 345 260 356 243 94 260 298 179 184 332 87 147 344 38 185 276 49 143 247 165 146 194 305 25 196 128 275 17 114 48 246 284 265 101 58 158 133 104 14 51 356 168 92 57 68 45 178 205 62 305 204 89 225 93 128 155 244 146 78 193 274 330 152 239 88 235 204 129 310 38 336 332 354 248 235 65 277 88 239 123 46 105 257
 144 76 335 360 109 82 201 221 231 30 154 270 198 188 205 222 85 243 277 1 166 316 197 170 283 134 309 331 48 171 253 374 43 140 191 228 88 265 138 308 270 203 282 338 39 301 290 309 290 207 368 237 189 239 253 271 313 70 404 58 93 107 199 337 342 137 123 204 356 192 408 90 206 282 302 178 130 162 147 266 105 191 282 73 117 304 84 340 133 194 301 238 76 176 332 231 128 209 165 143 281 238 308 50 253 411 127 126 327 284 138 134 227 228 60 289 312 260 74 299 305 297 294 34 187 128 136 234 374 306 310 358 226 235 302 33 197 226 411 104 264 289 312 281 293 335 287 337 17 286 342 334 258 157 196 284 301 272 111 236 258 320 301 147 271 337 314 395 204 68 221 198 221 273 317 334 292 74 158 183 115 350 213 150 342 113 282 92 76 265 113 277 239 214 344 43 318 247 221 153
 47 186 175 227 214 175 157 181 119 173 124 167 117 139 94 108 245 78 176 166 1 183 164 135 121 178 177 302 210 122 188 209 157 172 26 126 130 105 125 280 192 121 237 174 135 188 128 157 240 158 204 184 102 79 186 116 149 99 245 217 175 166 145 315 195 66 148 75 200 68 250 99 89 150 184 180 84 108 128 160 119 34 119 109 60 242 215 175 87 30 195 142 142 101 171 124 111 55 72 144 217 205 201 173 149 249 66 79 163 196 178 116 85 126 216 180 229 180 198 201 148 151 145 197 218 171 164 97 223 197 212 196 114 129 142 150 216 225 253 143 154 125 273 143 189 186 160 176 180 142 201 228 94 61 73 188 220 192 90 196 130 188 216 183 109 234 179 233 156 158 182 51 58 123 287 202 128 123 157 27 74 220 77 209 189 145 161 184 187 188 216 122 115 111 210 150 273 172 192 82
 177 359 95 306 390 350 329 159 265 309 304 69 127 154 112 256 400 149 310 316 183 1 338 313 175 359 275 461 363 298 345 174 323 354 172 94 240 179 307 442 341 123 396 133 298 46 99 222 396 328 183 142 131 116 342 197 122 250 243 373 273 253 146 477 255 181 329 116 230 127 254 228 244 259 36 359 188 286 189 66 220 149 165 244 238 391 384 139 268 163 59 290 318 275 192 90 198 129 152 204 132 373 324 298 289 227 190 191 168 336 360 194 216 94 347 54 107 104 368 76 76 233 52 349 399 352 228 227 260 53 340 192 92 275 186 313 396 401 257 236 287 121 431 41 316 246 272 99 332 47 272 343 153 239 232 324 360 104 271 363 254 282 354 365 106 352 7 220 327 331 352 202 163 68 447 290 126 248 202 189 203 305 109 390 237 231 279 283 297 109 393 77 250 105 293 316 428 327 363 164
 196 148 300 201 149 133 12 334 93 223 49 329 276 291 257 95 232 197 104 197 164 338 1 33 201 83 160 146 216 43 61 294 158 73 167 289 233 185 62 123 81 280 88 279 162 350 258 194 95 18 281 341 261 223 61 176 262 179 290 214 268 271 299 157 208 209 78 238 239 231 288 205 98 142 344 39 221 58 266 322 236 194 207 201 130 108 176 277 89 177 357 78 122 64 236 287 243 212 228 276 377 46 131 238 93 307 202 213 245 98 80 250 133 288 255 342 391 342 164 364 284 174 292 211 80 85 286 127 243 358 126 265 276 88 211 165 69 65 289 254 105 243 122 298 118 206 138 299 200 293 199 154 200 103 108 104 110 354 104 41 123 167 111 76 242 153 333 291 17 135 25 137 177 272 131 179 243 217 292 150 200 190 239 101 219 261 129 272 263 350 146 266 111 273 190 155 125 61 30 232
 165 130 282 209 137 114 32 303 87 195 18 301 246 260 228 86 213 176 115 170 135 313 33 1 188 74 163 178 193 16 84 283 133 63 142 260 202 171 33 155 102 250 119 265 134 322 238 188 125 38 272 310 231 200 84 165 245 148 287 192 238 240 268 189 208 178 57 210 236 202 287 173 83 142 318 49 190 28 235 294 204 166 193 170 99 136 159 263 57 151 329 81 97 41 227 258 211 186 198 244 347 78 145 209 97 302 171 182 234 117 71 219 118 259 229 314 362 312 146 335 264 170 269 187 91 72 254 115 243 331 144 257 248 86 200 138 85 91 288 222 110 225 153 273 131 205 140 281 175 269 202 170 182 75 88 120 132 324 73 72 119 172 133 70 221 171 308 286 35 112 56 115 156 248 162 186 225 186 261 124 168 199 211 99 216 229 133 242 234 320 136 244 104 244 196 129 157 78 62 201
 160 287 106 135 308 273 190 261 111 292 188 204 195 227 162 107 357 50 143 283 121 175 201 188 1 255 101 299 325 173 187 98 266 246 96 182 248 19 199 283 177 196 237 80 249 207 77 51 234 186 89 255 184 83 185 27 66 219 124 330 294 282 228 316 89 178 229 139 82 143 130 219 106 87 198 234 196 167 233 196 235 110 11 229 168 225 318 77 170 96 218 134 242 149 51 177 222 106 169 251 272 224 151 293 127 130 182 193 48 169 254 225 71 181 335 205 266 233 302 233 103 59 124 313 277 251 274 75 109 216 169 77 167 119 22 262 268 262 133 259 120 56 269 144 146 80 100 104 296 132 103 169 34 136 103 155 191 242 186 214 89 109 185 255 72 178 169 113 186 260 207 88 65 112 286 117 52 243 261 101 192 133 131 284 76 260 108 303 307 242 309 101 93 174 121 259 264 170 220 185
 192 70 342 280 66 57 92 318 160 163 68 335 271 276 261 157 152 236 184 134 178 359 83 74 255 1 236 199 141 86 142 352 93 12 192 292 195 237 58 177 163 276 157 329 108 361 296 260 166 99 341 329 257 252 143 233 308 145 359 137 220 228 286 204 281 198 31 247 308 238 359 175 151 214 358 51 204 90 243 329 205 211 259 165 123 184 95 328 93 201 365 153 64 108 297 291 219 232 224 247 369 114 213 182 169 374 189 197 302 181 5 227 185 291 187 351 391 339 85 369 320 242 321 139 55 9 250 184 316 368 209 327 283 158 269 104 64 93 360 216 182 286 183 320 200 277 213 342 132 318 274 236 244 126 153 186 191 351 90 115 192 244 193 13 278 236 355 357 97 67 103 174 213 299 186 257 287 178 264 176 182 270 252 32 289 225 205 221 208 346 64 297 175 275 268 93 190 143 98 222
 223 289 200 52 299 273 149 347 81 327 173 300 279 308 248 88 369 137 64 309 177 275 160 163 101 236 1 214 343 153 119 160 281 225 158 273 302 100 188 202 101 281 159 166 272 306 177 58 154 142 144 344 266 175 117 81 161 259 135 345 347 340 311 232 52 242 218 224 88 225 131 270 104 29 297 198 260 156 304 292 294 183 111 275 198 139 319 161 178 164 317 84 249 138 103 268 288 189 243 320 366 163 57 334 68 156 242 255 123 86 233 292 93 272 368 303 363 327 304 330 202 43 224 334 238 234 340 82 84 315 75 126 258 79 93 282 225 207 132 318 56 156 186 243 57 52 24 198 319 231 40 70 127 154 116 72 103 336 199 154 52 12 96 231 171 79 269 142 144 266 154 128 138 211 204 26 151 292 333 151 248 44 218 259 67 321 32 354 354 336 298 201 72 262 36 275 178 107 166 256
 338 267 404 225 251 255 149 478 197 359 194 464 417 434 395 206 343 314 158 331 302 461 146 178 299 199 214 1 339 186 118 373 290 192 299 426 377 289 205 24 123 421 66 374 300 480 370 269 66 146 357 483 402 347 120 273 364 323 341 333 410 415 442 19 262 353 211 374 300 368 334 350 220 216 474 154 366 201 411 456 381 328 308 345 275 76 286 370 233 309 489 172 257 202 315 423 388 344 370 421 517 101 159 377 174 365 346 358 333 132 195 395 246 425 385 474 528 480 280 498 397 250 412 338 153 205 430 235 288 489 141 339 413 187 299 300 139 107 334 398 179 351 31 423 159 264 204 402 331 415 244 158 311 243 234 146 112 492 249 108 211 214 119 187 358 150 456 353 149 265 123 264 300 394 16 218 349 361 437 283 344 216 373 194 279 405 194 413 402 489 248 386 212 411 224 289 37 135 117 375
 191 72 381 393 94 85 221 261 263 60 178 315 243 231 251 256 38 287 305 48 210 363 216 193 325 141 343 339 1 198 275 418 63 149 235 274 130 307 162 316 294 248 297 383 77 347 336 348 305 228 411 279 235 285 274 311 358 117 445 13 123 141 242 342 379 184 139 251 396 239 449 136 242 317 348 190 176 191 190 312 149 237 324 120 158 321 60 385 167 239 346 268 97 207 374 277 172 255 212 183 322 253 336 80 283 453 174 172 370 309 145 178 266 274 53 335 355 304 60 343 352 335 341 15 188 136 172 271 412 351 336 401 272 267 344 64 201 232 451 144 295 334 323 328 321 373 320 383 32 333 378 361 302 195 234 311 324 315 146 252 293 354 325 153 317 363 361 437 225 82 238 239 265 320 325 368 337 118 196 226 161 383 260 148 381 152 315 119 99 308 99 323 273 260 378 69 330 270 236 199
 154 137 267 200 147 122 38 293 75 195 21 288 234 249 215 72 219 161 109 171 122 298 43 16 173 86 153 186 198 1 85 269 136 76 128 247 197 156 37 163 100 239 125 250 135 309 223 175 130 42 257 299 219 185 84 150 230 143 274 198 234 235 258 198 197 168 66 197 223 189 274 167 68 130 304 64 181 16 226 281 198 153 178 164 90 139 168 248 49 137 316 72 101 26 213 245 203 172 186 236 335 86 139 208 88 289 161 173 219 114 84 210 103 247 231 301 350 300 153 323 249 157 254 190 106 83 248 100 231 317 140 243 235 75 186 140 100 104 276 217 101 210 160 259 125 192 130 266 177 254 191 165 167 62 73 115 131 312 68 79 107 162 131 84 206 167 294 273 39 117 64 100 141 233 171 176 210 181 253 110 159 190 198 113 204 223 123 239 232 308 146 229 90 231 187 132 163 76 72 190
 228 208 291 151 207 193 54 367 81 278 101 348 304 324 280 90 291 197 57 253 188 345 61 84 187 142 119 118 275 85 1 270 216 132 184 311 280 175 117 98 23 308 53 264 217 364 255 165 53 48 255 371 289 231 3 161 252 227 253 273 318 319 331 133 170 244 137 258 205 254 249 250 104 110 357 95 259 98 305 340 280 212 195 248 171 56 235 261 132 193 373 56 180 93 211 308 283 228 258 317 403 45 78 292 62 274 239 251 226 41 139 290 130 310 312 358 412 366 223 382 282 145 296 269 127 144 330 119 202 373 69 238 297 71 191 222 112 90 250 300 70 237 88 307 67 169 101 290 258 299 157 96 196 133 119 52 50 377 152 37 99 124 52 134 242 95 339 259 51 194 42 148 183 277 103 133 235 265 333 168 239 141 257 157 184 306 91 323 316 374 205 270 97 296 143 212 87 18 52 265
 240 384 80 165 405 370 282 307 202 381 285 228 249 283 217 200 451 132 218 374 209 174 294 283 98 352 160 373 418 269 270 1 361 343 184 226 328 116 296 360 256 248 315 46 342 217 101 106 311 278 17 295 242 145 268 120 70 307 71 424 372 357 281 391 116 256 326 200 79 208 83 302 202 161 207 328 272 263 300 222 312 188 96 314 262 298 415 41 267 181 230 221 339 245 60 219 295 176 238 319 299 311 215 379 210 55 262 271 51 243 351 296 168 225 424 221 279 264 398 247 106 126 135 405 371 348 343 170 104 225 233 35 213 208 84 356 361 352 86 335 201 91 344 163 215 111 171 76 388 148 135 223 117 233 201 229 261 268 282 301 174 161 254 351 115 232 168 47 278 356 296 184 154 140 362 161 86 326 325 193 273 169 190 381 96 334 181 382 389 271 406 129 184 224 158 354 337 254 309 256
 147 41 331 330 76 42 162 247 201 72 117 285 214 209 214 194 92 232 244 43 157 323 158 133 266 93 281 290 63 136 216 361 1 99 180 241 115 248 101 267 234 219 242 329 27 314 284 287 250 169 354 262 203 234 215 251 304 77 385 66 131 142 220 295 317 145 82 209 336 197 388 105 180 255 314 137 143 128 171 280 129 186 267 91 100 265 62 330 104 185 316 205 37 145 315 243 149 206 174 170 304 198 274 91 221 394 135 137 312 248 97 156 205 241 98 303 332 279 46 315 303 274 295 55 146 86 168 210 351 320 275 342 236 204 285 15 156 184 390 135 233 281 271 286 260 311 258 332 43 289 316 300 245 134 172 250 264 292 84 196 230 291 265 105 265 302 321 378 166 26 181 180 209 274 276 305 283 98 187 169 124 321 216 110 319 143 253 131 117 285 80 275 211 226 316 8 278 210 181 165
 189 79 334 270 77 65 82 317 150 169 59 332 269 275 257 147 161 228 174 140 172 354 73 63 246 12 225 192 149 76 132 343 99 1 186 289 197 229 50 169 153 273 148 321 112 357 289 250 157 89 332 328 255 246 132 224 300 145 349 146 224 231 285 198 271 196 27 243 298 234 349 176 142 204 354 41 203 81 243 325 206 206 250 166 120 174 105 320 87 194 362 142 67 99 288 288 219 227 222 248 368 105 202 187 158 364 187 196 293 170 9 227 176 288 194 347 389 337 94 366 313 232 315 147 53 14 252 175 306 364 198 317 279 148 260 109 60 87 350 218 171 279 175 314 189 267 202 334 139 312 264 225 236 119 144 176 181 349 86 105 182 234 183 12 271 225 350 348 86 73 93 166 206 293 178 247 279 180 265 169 180 259 247 39 278 226 194 226 213 344 75 290 166 272 257 98 182 132 89 220
 68 207 154 206 234 195 159 193 109 198 134 166 126 152 98 98 269 53 164 191 26 172 167 142 96 192 158 299 235 128 184 184 180 186 1 129 154 80 137 279 185 129 234 150 159 184 107 134 236 159 179 193 112 61 182 92 125 125 219 241 200 189 157 314 172 87 163 76 175 73 225 124 81 132 178 189 105 115 147 158 142 30 93 134 81 236 237 151 100 10 191 133 162 104 145 125 132 46 86 164 222 206 188 198 138 223 89 101 137 186 193 136 68 128 241 176 229 184 220 200 129 129 130 222 229 186 185 81 199 192 200 170 115 120 117 174 225 231 228 166 141 102 270 132 176 163 143 155 205 128 179 213 68 69 66 177 211 195 108 196 115 169 206 196 88 220 167 207 158 179 184 37 32 108 285 182 104 148 176 18 98 200 75 224 165 168 145 209 212 192 235 105 101 114 190 173 269 167 194 99
 101 279 154 315 313 273 282 83 236 219 248 45 34 63 33 226 312 137 291 228 126 94 289 260 182 292 273 426 274 247 311 226 241 289 129 1 148 176 246 405 313 30 361 181 215 74 127 232 363 283 229 74 40 100 309 195 158 166 286 285 180 160 58 440 270 98 263 54 258 59 296 140 209 250 74 303 100 233 96 39 129 100 174 156 170 364 302 186 207 120 76 261 242 227 219 7 106 87 69 112 95 330 311 206 265 278 108 105 199 314 293 101 192 2 255 62 103 56 287 78 122 236 96 260 338 284 136 205 287 80 325 231 17 247 200 230 338 350 299 144 267 143 398 71 301 261 263 158 245 84 283 335 150 186 194 304 338 67 204 321 238 283 333 299 118 343 94 266 281 253 308 165 138 87 411 294 149 158 111 144 119 311 57 322 257 138 267 190 205 65 316 98 227 18 300 235 397 295 317 77
 89 155 276 352 190 155 233 134 232 72 185 188 116 101 130 221 167 201 287 88 130 240 233 202 248 195 302 377 130 197 280 328 115 197 154 148 1 233 173 354 292 121 320 287 91 220 234 286 326 237 326 151 110 185 279 244 261 55 371 142 47 40 113 387 323 73 173 137 328 126 378 33 203 274 221 228 58 183 61 185 21 141 244 33 111 335 169 290 149 153 218 248 133 190 297 152 44 153 95 56 194 278 316 59 260 373 68 58 286 301 199 49 210 149 108 207 226 174 157 214 244 279 227 117 249 188 56 221 351 224 323 320 149 240 269 102 256 279 380 22 268 239 354 209 302 315 282 278 103 217 328 343 218 155 188 297 322 186 130 273 252 313 321 207 217 348 239 357 234 136 257 176 184 208 362 327 243 19 72 154 57 345 147 220 318 30 281 56 63 179 194 214 234 136 336 111 357 268 262 79
 145 269 118 140 290 255 175 253 97 275 170 201 186 217 154 92 339 40 134 265 105 179 185 171 19 237 100 289 307 156 175 116 248 229 80 176 233 1 181 272 167 188 226 95 231 207 83 58 224 171 107 248 174 77 173 20 78 202 141 312 278 267 219 306 97 164 211 130 97 133 147 203 89 81 199 217 182 149 221 193 220 97 23 213 150 216 300 93 152 81 218 121 224 132 68 171 208 96 156 238 268 211 146 277 115 148 167 178 66 160 236 212 54 175 318 204 264 229 283 231 110 60 128 295 260 233 261 60 121 217 163 95 161 106 39 244 252 247 149 244 111 64 259 145 139 88 95 117 278 134 109 166 28 118 86 147 183 238 168 200 79 109 177 238 73 175 173 131 171 242 192 70 50 113 276 119 61 227 249 83 176 136 123 267 88 245 101 287 291 238 290 103 80 167 125 241 254 158 205 172
 147 101 285 236 114 86 64 282 109 163 18 288 228 239 214 105 183 179 145 138 125 307 62 33 199 58 188 205 162 37 117 296 101 50 137 246 173 181 1 182 134 233 149 272 102 312 240 206 156 70 285 291 214 197 116 178 251 119 306 162 207 211 248 214 231 158 32 198 255 189 307 147 96 165 308 59 167 35 211 281 178 158 202 141 78 168 132 272 40 146 317 108 66 54 242 244 187 179 180 218 329 106 175 178 124 319 150 159 246 148 57 194 129 245 197 303 347 296 117 322 264 190 266 155 94 53 227 129 265 320 175 271 235 110 213 106 94 109 308 194 137 230 182 267 161 226 165 286 142 264 226 201 188 70 96 150 165 308 46 102 141 198 165 60 222 203 302 303 67 81 86 118 157 244 190 212 230 157 235 121 145 226 201 88 236 201 158 211 202 303 113 242 123 229 222 97 186 110 90 181
 316 245 388 218 230 233 126 455 178 336 171 443 395 411 373 187 322 295 143 308 280 442 123 155 283 177 202 24 316 163 98 360 267 169 279 405 354 272 182 1 106 399 47 359 277 460 352 255 50 124 344 461 380 328 101 256 347 300 332 311 387 391 420 36 251 330 187 352 289 347 326 327 200 201 454 131 343 178 388 436 357 307 291 322 252 65 265 355 210 288 468 153 233 180 301 402 365 323 347 397 496 78 148 353 157 356 324 335 318 118 173 372 227 404 362 454 507 459 258 477 379 236 393 315 132 182 407 217 279 469 131 327 391 168 284 277 117 85 326 375 163 334 20 404 146 253 190 386 308 396 234 151 293 221 214 132 101 471 226 85 195 203 108 164 339 144 437 342 126 242 100 244 280 375 10 208 332 337 414 262 321 208 352 173 268 382 180 390 379 467 226 367 194 389 215 266 31 116 94 352
 234 228 282 130 228 213 74 373 78 295 118 349 308 330 283 88 311 193 39 270 192 341 81 102 177 163 101 123 294 100 23 256 234 153 185 313 292 167 134 106 1 312 61 253 234 362 248 151 58 67 241 375 293 228 22 151 242 240 235 292 332 331 336 140 152 251 156 260 188 256 231 261 105 96 355 116 267 112 313 341 290 214 186 261 182 52 256 250 145 194 372 53 198 103 197 309 292 228 263 326 406 66 56 307 53 257 247 260 213 20 160 299 126 312 330 357 413 368 244 382 276 131 291 288 149 165 340 115 183 372 47 223 299 68 179 239 134 111 231 311 58 230 93 304 47 152 86 281 275 295 137 75 190 141 121 31 32 379 166 58 90 105 32 155 237 73 335 242 69 213 64 149 181 273 110 113 227 278 342 170 248 120 258 178 167 317 76 337 331 377 226 265 91 299 122 230 89 25 73 271
 87 258 180 326 292 253 275 66 237 192 237 68 6 36 35 226 286 148 292 203 121 123 280 250 196 276 281 421 248 239 308 248 219 273 129 30 121 188 233 399 312 1 357 203 192 100 148 244 360 277 251 65 20 114 306 205 180 143 306 259 151 131 34 434 283 78 247 58 274 58 315 116 208 257 102 291 77 224 67 65 101 101 188 131 156 362 279 208 196 121 99 260 222 220 236 35 78 93 54 83 98 323 315 178 266 300 88 83 218 314 278 73 195 31 227 87 117 64 264 98 147 246 123 234 324 268 107 208 303 104 328 251 38 247 215 207 325 339 318 115 269 162 393 99 304 274 269 183 219 111 295 340 163 179 192 305 338 77 189 315 242 292 334 284 137 347 123 287 274 232 300 165 144 111 406 303 168 131 82 142 97 321 66 305 271 109 272 161 176 72 295 121 229 25 310 212 393 292 309 55
 275 226 342 181 218 212 88 415 132 309 136 399 353 371 330 141 307 249 98 282 237 396 88 119 237 157 159 66 297 125 53 315 242 148 234 361 320 226 149 47 61 357 1 313 249 415 306 211 11 84 300 419 338 282 55 210 301 266 291 293 355 358 379 82 209 290 161 309 246 304 286 291 155 156 409 108 304 140 350 391 322 263 245 288 214 33 250 309 173 244 424 107 207 139 257 358 327 279 306 360 453 45 108 325 111 314 284 296 273 74 153 334 181 361 339 409 463 416 241 433 333 191 347 293 124 161 372 171 239 424 92 283 348 122 239 250 107 76 286 340 118 288 37 358 103 210 145 340 284 350 193 116 247 180 169 88 62 427 190 48 149 161 69 146 293 110 391 300 87 218 64 199 235 329 52 168 286 304 377 218 283 170 308 161 225 347 135 360 350 424 214 321 148 346 176 240 39 70 62 312
 201 355 41 184 379 342 268 262 190 343 263 184 205 238 173 185 418 98 217 338 174 133 279 265 80 329 166 374 383 250 264 46 329 321 150 181 287 95 272 359 253 203 313 1 308 175 57 108 310 265 52 251 198 104 262 105 27 270 111 390 331 315 236 391 132 215 302 157 101 165 123 262 183 159 165 311 231 242 257 178 271 150 73 276 230 299 385 7 240 145 188 212 309 225 67 174 253 135 196 275 255 303 220 340 204 99 222 230 44 243 328 253 148 180 386 178 237 219 368 205 62 126 91 370 354 324 300 153 131 183 239 60 168 198 75 323 346 341 126 294 196 50 344 118 217 125 171 37 353 103 151 233 86 206 178 229 264 224 253 292 166 170 257 330 72 243 127 89 265 326 285 157 121 95 362 173 47 287 281 161 234 186 146 359 112 292 181 340 349 227 379 84 172 179 174 322 338 248 298 213
 122 67 308 322 102 65 165 221 193 62 117 258 187 183 188 184 111 212 240 39 135 298 162 134 249 108 272 300 77 135 217 342 27 112 159 215 91 231 102 277 234 192 249 308 1 288 262 273 256 171 335 236 177 212 217 236 283 50 369 83 113 122 194 307 305 119 91 183 321 172 373 79 169 245 287 147 117 124 145 253 104 163 248 65 82 269 88 309 96 164 289 201 46 139 298 217 123 183 148 146 278 205 270 77 215 377 109 111 294 247 112 130 191 215 98 276 306 253 73 289 280 261 271 65 162 101 145 197 338 294 273 325 210 197 268 16 170 197 375 111 226 260 280 261 256 299 249 309 49 264 305 297 226 121 159 247 265 265 73 202 220 282 265 120 243 300 295 361 168 46 187 163 189 249 286 297 262 74 162 150 97 313 191 130 306 120 245 115 103 259 105 252 201 199 307 21 285 210 188 139
 172 352 138 340 385 345 342 120 285 291 312 34 105 125 102 276 384 172 335 301 188 46 350 322 207 361 306 480 347 309 364 217 314 357 184 74 220 207 312 460 362 100 415 175 288 1 134 256 416 342 226 101 113 136 362 226 160 239 285 358 247 226 115 495 290 170 331 115 269 124 297 213 262 287 11 367 173 295 164 36 200 157 197 229 238 413 375 181 273 174 14 311 313 286 230 72 177 138 141 177 87 388 351 277 312 271 180 178 207 360 362 172 237 74 325 14 63 63 360 31 115 265 87 333 405 354 199 249 299 10 367 233 80 296 220 303 404 412 300 212 311 155 451 64 343 282 300 142 317 77 307 372 180 248 247 348 384 60 272 379 279 314 379 368 136 381 50 262 340 325 366 217 182 95 466 323 161 230 171 201 192 339 112 392 274 206 306 257 273 66 388 107 273 89 327 307 449 347 377 150
 149 313 48 208 340 301 248 209 176 292 233 137 149 183 118 169 371 63 216 290 128 99 258 238 77 296 177 370 336 223 255 101 284 289 107 127 234 83 240 352 248 148 306 57 262 134 1 123 305 246 104 199 142 52 253 100 32 221 160 343 276 260 181 387 157 162 267 101 137 110 171 210 161 162 125 286 177 213 202 129 217 100 67 224 187 298 342 61 205 100 146 200 268 198 98 121 198 83 141 220 208 288 227 287 197 153 169 177 75 242 296 198 128 126 334 134 195 170 325 162 28 135 49 322 328 290 245 137 167 143 244 105 113 185 87 277 322 321 174 239 192 22 340 72 220 149 175 49 305 58 174 245 60 171 151 229 265 177 214 278 160 184 259 299 20 254 94 140 245 285 268 124 84 43 356 191 27 234 225 122 182 207 91 327 140 237 182 286 295 178 341 31 159 124 194 277 336 238 281 158
 200 303 144 86 319 288 182 310 103 323 193 253 243 274 210 104 378 97 113 309 157 222 194 188 51 260 58 269 348 175 165 106 287 250 134 232 286 58 206 255 151 244 211 108 273 256 123 1 206 177 91 304 231 132 163 43 105 250 100 352 332 321 276 287 40 219 237 187 50 190 102 255 112 56 247 230 238 173 277 245 275 153 60 264 194 194 334 104 185 136 267 118 259 154 47 226 264 153 213 295 322 207 113 326 106 115 221 233 66 139 258 268 84 231 365 254 315 283 318 282 148 21 171 338 272 257 317 79 67 265 132 74 216 107 37 286 261 249 104 299 96 102 240 193 111 31 67 141 321 180 53 126 82 154 116 124 158 291 205 197 72 63 151 258 121 136 216 99 178 277 193 113 106 161 257 69 97 279 305 133 230 84 179 286 33 300 76 340 343 292 319 150 86 223 72 281 233 150 206 229
 279 235 339 173 227 221 94 418 132 317 142 401 356 375 332 141 317 248 94 290 240 396 95 125 234 166 154 66 305 130 53 311 250 157 236 363 326 224 156 50 58 360 11 310 256 416 305 206 1 90 296 423 341 283 55 208 299 272 285 302 362 364 382 83 203 294 169 311 241 306 280 296 156 152 409 117 308 145 354 393 327 265 243 293 219 23 259 306 178 245 425 107 215 142 253 360 332 280 309 365 455 53 101 332 109 308 289 301 270 69 162 339 181 363 347 410 464 418 250 434 332 187 347 302 133 170 377 170 232 425 85 278 349 122 236 258 117 86 280 346 115 286 36 358 98 205 141 338 292 350 187 108 246 183 171 83 55 430 196 55 146 155 61 155 293 102 391 294 92 226 71 200 235 329 53 161 284 310 382 220 288 163 309 171 220 352 131 366 357 427 224 321 147 348 169 248 35 70 70 316
 193 163 287 184 165 147 8 333 77 232 55 323 272 289 251 80 246 185 87 207 158 328 18 38 186 99 142 146 228 42 48 278 169 89 159 283 237 171 70 124 67 277 84 265 171 342 246 177 90 1 265 338 258 213 47 161 248 183 272 227 274 276 297 159 191 208 91 232 222 225 271 208 86 125 336 57 221 56 267 316 238 186 193 205 131 100 191 262 90 169 349 60 133 58 220 281 244 205 225 277 373 48 115 246 75 290 201 213 230 83 96 251 119 283 265 334 386 337 178 357 272 157 281 223 97 100 289 113 225 351 111 249 270 71 195 175 85 77 272 258 88 231 120 289 101 188 120 286 211 283 181 138 187 99 97 88 96 349 108 39 106 150 97 92 230 138 323 275 4 147 25 127 167 261 131 162 229 221 294 142 200 173 232 118 201 264 111 279 271 345 163 256 95 268 172 166 122 45 36 230
 237 375 90 149 396 361 270 311 189 376 274 235 252 285 219 188 444 127 203 368 204 183 281 272 89 341 144 357 411 257 255 17 354 332 179 229 326 107 285 344 241 251 300 52 335 226 104 91 296 265 1 301 244 144 253 109 72 302 60 417 370 356 283 375 100 254 316 200 63 208 72 298 191 146 216 316 271 252 301 229 310 185 88 310 255 282 406 46 258 176 239 207 330 234 46 223 294 175 238 319 306 297 199 375 196 50 259 269 42 228 340 295 157 229 419 229 288 270 389 256 113 111 142 399 359 337 343 158 88 234 218 19 216 195 73 349 349 338 75 334 186 90 328 169 200 95 156 86 382 154 119 207 111 224 190 213 246 275 274 287 160 145 239 340 115 216 178 38 265 348 282 175 148 144 346 145 85 323 326 186 270 153 190 369 80 333 166 380 386 278 396 133 171 227 142 347 321 240 295 255
