NAME : domp300p75v4
COMMENT : (Deleplanque et al.) 
TYPE : DOMP
DIMENSION : 300
DISPLAY_DATA_TYPE: NO_DISPLAY
OPEN_FACILITIES : 75
COST_SECTION
 1 223 132 352 353 195 393 369 185 188 355 208 298 141 275 263 218 341 218 318 185 278 125 154 110 328 13 361 231 318 34 364 194 430 429 76 35 420 139 251 244 336 306 274 63 178 232 288 193 156 292 283 286 147 386 306 77 339 148 112 198 263 309 200 326 139 326 36 273 40 411 373 103 264 364 290 276 393 56 142 217 359 332 392 212 260 233 309 423 253 187 415 327 254 380 158 125 221 65 372 86 334 298 341 346 408 242 453 243 340 257 350 314 196 360 392 248 466 237 304 223 297 142 198 464 196 153 229 185 285 325 95 342 66 49 378 170 278 221 365 312 322 290 368 323 368 356 324 121 107 388 364 277 125 147 273 56 169 493 382 284 177 103 209 243 291 119 445 338 474 451 133 302 249 232 119 88 275 88 53 444 136 71 16 248 418 201 125 353 135 296 176 331 284 425 195 274 239 275 247 159 281 382 348 254 313 110 354 424 304 310 277 300 390 413 261 92 83 240 192 235 90 169 219 214 256 445 66 291 253 28 171 71 175 120 201 282 146 315 104 277 363 162 349 157 228 332 416 199 235 312 89 231 155 402 359 365 302 115 216 399 76 427 472 400 192 304 394 338 133 224 330 69 198 211 339 146 316 17 307 377 243 340 423 185 196 206 169 283 374 91 392 367 352 340 398 332 190 232 127
 223 1 125 139 165 137 178 156 138 166 135 87 154 90 80 134 241 166 78 213 96 134 166 168 156 109 219 162 79 110 194 146 39 240 247 149 202 219 99 142 124 114 100 257 163 129 10 69 79 134 86 62 183 182 212 155 148 117 170 162 151 288 190 248 249 88 139 197 86 185 188 178 125 135 160 210 147 180 169 170 105 155 134 249 177 228 20 155 245 70 219 250 215 235 171 117 103 84 161 164 183 131 176 133 132 185 123 242 132 162 38 166 235 132 138 188 121 276 75 152 115 82 173 188 268 133 153 8 210 231 272 149 259 165 231 173 81 97 167 170 128 125 129 146 191 164 191 152 152 143 172 190 63 218 134 169 177 56 296 161 63 156 171 16 74 300 224 260 181 280 263 122 146 221 199 135 218 154 176 230 230 138 182 214 195 249 60 148 133 170 109 156 218 171 207 69 134 214 282 64 89 62 242 252 36 120 127 257 218 177 205 283 140 174 239 162 183 204 230 111 203 166 151 127 104 255 260 170 136 95 216 99 153 192 158 128 63 213 244 156 230 158 93 174 135 146 110 232 99 139 128 206 23 71 219 138 187 235 222 32 177 244 219 278 180 163 107 172 140 131 230 139 226 52 61 149 152 247 223 94 218 105 126 207 194 36 19 56 94 206 133 200 146 160 204 184 110 182 90 100
 132 125 1 232 285 185 272 248 178 199 239 162 255 43 152 226 263 211 164 300 55 234 157 179 136 214 123 235 174 196 98 247 87 362 367 69 128 343 29 122 208 228 223 303 92 51 133 192 67 155 171 184 267 184 329 260 68 233 54 38 197 315 282 257 325 51 198 97 148 102 301 300 85 227 284 284 146 271 95 51 180 279 207 356 221 279 126 178 364 129 233 365 306 280 295 142 84 93 91 247 144 210 268 257 226 299 112 366 113 210 162 221 311 183 253 266 117 398 111 257 190 206 55 220 391 69 166 132 226 294 338 115 339 67 120 296 124 211 221 293 184 197 160 262 290 243 304 194 28 26 268 234 163 196 23 252 112 86 419 267 186 62 145 116 178 336 196 381 291 403 385 123 171 269 246 14 97 244 139 117 353 18 69 118 252 365 80 24 239 167 169 185 309 259 329 140 143 259 318 124 119 186 347 337 160 240 103 343 342 272 292 319 170 271 357 241 61 84 269 166 250 49 177 195 83 292 381 67 241 124 139 41 73 208 147 183 172 205 317 131 289 239 37 219 33 212 221 352 69 106 245 84 122 84 339 259 234 305 193 104 291 125 343 401 285 200 228 286 212 132 260 203 109 82 89 211 162 319 139 189 247 113 250 329 216 90 114 88 212 244 68 322 266 224 306 307 226 211 181 46
 352 139 232 1 188 264 42 18 267 295 29 211 230 212 80 230 369 85 198 296 180 220 304 303 295 39 346 42 192 36 320 23 160 233 251 277 336 199 215 159 230 57 135 371 295 206 133 105 166 270 62 100 276 318 237 225 276 68 256 266 277 411 271 379 339 214 62 322 86 315 88 185 260 231 159 308 141 42 301 258 224 155 41 295 301 342 124 113 254 104 350 274 293 353 152 253 239 143 293 30 321 31 260 139 8 87 150 194 158 81 119 71 328 259 65 54 143 260 123 223 232 114 262 316 245 196 288 136 342 336 370 287 344 289 350 162 218 172 287 181 69 46 102 73 263 35 234 88 255 256 38 97 78 356 228 267 311 191 265 46 101 228 309 154 179 417 362 256 235 257 254 260 109 337 319 244 325 247 314 348 171 237 299 341 308 268 154 250 35 307 71 288 294 263 142 202 128 333 401 108 227 109 292 331 125 163 264 335 188 257 291 401 103 40 255 265 291 314 351 240 322 279 284 246 161 374 255 292 213 116 349 192 282 325 296 253 78 349 339 294 338 29 196 87 223 261 48 237 170 171 178 313 125 207 229 89 90 334 360 138 85 356 183 255 59 291 153 82 40 269 355 54 339 155 144 58 289 342 354 47 131 134 120 151 325 158 157 192 162 114 264 201 92 55 269 142 66 311 203 226
 353 165 285 188 1 177 201 196 186 203 162 147 78 245 200 105 255 265 136 129 259 87 249 230 253 155 353 229 123 190 332 173 202 79 83 287 324 70 257 291 121 132 70 230 292 293 158 111 242 209 187 122 125 245 52 68 287 122 333 320 183 280 108 275 173 240 235 337 211 316 151 23 253 105 35 155 287 206 299 332 141 37 217 108 193 206 173 277 82 210 252 91 122 220 55 200 232 240 291 215 284 207 104 50 184 149 274 112 284 260 132 254 166 173 128 235 269 115 225 68 139 94 336 213 112 295 221 158 245 187 208 261 172 308 375 44 184 77 175 17 233 215 255 125 93 222 49 260 312 299 193 282 168 291 297 125 299 202 141 165 119 320 266 171 113 276 300 97 57 122 101 223 269 206 197 293 372 107 278 375 115 299 332 349 178 88 223 308 156 244 220 205 122 115 113 160 272 207 264 207 195 114 106 156 132 46 244 158 80 97 127 263 262 192 77 131 338 358 225 167 199 320 207 148 263 243 97 316 72 238 337 263 291 235 247 166 154 273 177 256 193 216 256 269 298 151 143 68 261 294 43 360 178 210 55 104 276 177 300 194 140 393 86 120 176 197 59 137 220 226 238 229 376 216 222 238 225 180 347 175 316 254 70 103 229 199 172 200 74 300 270 40 105 240 91 82 124 214 123 250
 195 137 185 264 177 1 298 280 12 32 251 54 108 147 216 75 106 302 67 125 196 92 76 54 87 228 199 294 75 241 184 264 147 248 242 149 162 246 160 264 57 221 156 124 142 221 139 164 187 41 219 166 93 70 198 118 150 217 238 208 15 152 114 116 142 137 274 190 222 163 284 198 113 75 198 102 276 301 148 234 43 195 268 198 42 97 156 290 235 205 88 223 134 102 218 45 103 206 142 292 115 263 104 184 257 281 246 286 254 298 146 301 129 6 237 316 246 282 205 116 40 162 237 52 283 234 47 136 79 109 154 103 157 171 229 212 67 114 37 191 264 259 263 242 129 294 167 289 205 185 291 326 194 115 206 79 141 115 312 272 165 243 96 126 90 165 124 259 148 292 266 70 280 88 65 185 242 82 110 231 285 202 200 195 68 228 174 204 247 70 245 30 137 89 274 69 265 80 147 198 68 158 188 159 141 147 96 165 255 110 117 148 275 292 225 67 215 229 95 27 70 197 31 29 219 120 259 180 107 227 173 189 150 64 77 13 189 98 133 92 105 287 177 310 213 34 224 231 208 256 139 233 159 108 218 225 323 121 125 160 271 253 260 290 290 28 144 266 273 66 94 273 237 165 182 284 52 135 185 223 354 232 192 267 62 145 124 112 124 342 135 215 232 294 146 242 214 48 66 140
 393 178 272 42 201 298 1 25 302 329 48 246 254 253 121 258 402 105 232 318 220 245 342 340 333 72 387 55 225 77 361 36 200 234 253 318 376 198 256 193 260 80 158 400 335 245 172 136 207 307 102 133 301 355 246 247 317 87 294 306 311 442 293 413 362 255 91 363 125 356 70 194 300 259 169 334 172 6 342 298 257 166 73 307 333 371 164 140 258 144 385 281 314 383 157 290 279 182 333 33 360 66 284 154 48 70 186 183 193 101 155 88 352 293 75 40 179 256 163 245 264 142 301 349 239 234 325 175 376 363 394 326 365 329 390 168 256 199 319 191 102 81 135 78 284 43 248 113 295 296 9 107 118 394 268 293 352 231 255 37 134 266 348 193 211 447 400 256 253 251 252 299 138 368 350 285 366 273 353 388 159 277 339 381 338 274 195 290 53 345 108 323 315 289 131 238 161 364 431 149 265 142 306 351 161 184 304 354 184 280 313 431 133 10 261 293 332 354 382 275 353 319 320 278 200 405 255 332 237 154 390 233 323 360 335 287 116 386 363 333 365 42 237 103 262 293 76 240 210 206 199 353 165 247 234 98 100 359 398 178 73 396 178 249 34 325 176 73 69 308 388 83 380 196 185 82 326 366 395 87 138 171 135 142 359 199 196 232 188 121 305 206 97 73 287 140 89 345 235 267
 369 156 248 18 196 280 25 1 283 311 35 227 242 229 96 244 384 89 214 307 196 232 320 319 311 53 363 40 207 53 337 24 176 236 254 294 353 201 232 171 245 68 146 385 312 221 150 119 182 286 78 115 289 334 243 237 293 77 270 282 293 425 282 395 351 231 70 339 101 332 82 191 277 244 165 321 151 25 318 273 239 162 51 302 316 356 141 120 258 120 366 279 304 367 156 270 256 158 310 21 338 42 272 147 25 81 163 192 171 84 135 73 340 274 70 41 155 261 138 234 247 127 277 331 245 210 305 153 357 349 382 303 355 305 366 166 235 185 302 188 80 58 113 75 274 29 242 94 271 272 23 96 95 373 244 280 328 208 263 40 116 242 326 171 193 431 378 259 245 257 255 277 117 352 333 260 341 260 331 364 168 252 315 357 322 273 171 266 41 324 84 304 305 276 140 218 139 347 415 124 244 124 300 342 141 174 281 345 189 269 302 415 112 26 260 278 307 329 366 255 337 295 300 261 176 389 258 308 225 130 366 208 299 341 313 268 95 366 351 311 351 25 212 89 238 276 60 240 185 183 189 328 142 224 233 93 89 347 377 154 81 371 183 255 49 307 164 79 48 286 370 62 355 172 160 63 305 354 371 64 129 148 128 149 340 175 174 209 174 112 281 206 95 57 279 143 76 327 217 243
 185 138 178 267 186 12 302 283 1 29 255 57 119 141 216 85 105 303 71 135 192 102 66 45 76 232 188 296 81 243 174 268 145 258 253 140 152 256 154 261 66 226 163 128 132 216 141 169 183 31 221 171 103 61 209 128 140 223 231 200 19 152 125 112 151 131 275 180 222 153 290 207 104 85 206 111 274 305 138 227 50 203 270 209 45 102 157 289 246 205 84 234 144 105 226 37 95 203 132 295 104 265 114 192 260 287 243 295 251 299 149 302 137 14 243 319 244 292 203 126 49 167 230 51 293 229 36 137 75 116 161 92 166 162 219 221 64 122 44 201 265 261 263 248 140 296 177 289 197 177 295 327 196 106 199 90 130 112 322 277 170 237 86 126 96 167 115 270 159 302 277 61 280 93 70 178 233 93 99 221 294 195 191 185 75 238 172 197 251 60 245 22 148 100 282 69 263 84 149 198 63 162 199 168 144 155 87 174 264 121 128 150 274 296 235 78 206 219 97 29 74 189 22 39 216 122 270 171 116 225 163 184 141 59 67 21 192 90 141 81 111 290 171 310 207 45 228 241 204 252 148 224 159 103 228 231 323 129 115 159 277 243 269 300 295 26 152 272 275 56 94 275 227 163 180 286 41 143 175 226 354 230 199 275 58 143 124 109 131 343 126 224 238 295 157 250 219 45 73 133
 188 166 199 295 203 32 329 311 29 1 282 84 130 163 244 99 77 331 98 133 217 117 64 35 81 259 193 324 106 271 181 295 172 271 263 153 154 272 176 287 83 252 186 105 142 239 169 195 209 45 249 197 104 47 219 140 154 248 250 217 21 125 128 85 140 153 303 188 250 160 314 224 120 99 226 103 301 332 147 246 74 223 298 212 26 82 185 316 256 233 57 241 143 82 246 59 116 230 142 323 103 293 119 213 288 311 270 313 277 327 176 331 127 37 268 347 270 304 231 139 70 193 249 24 306 253 37 165 48 101 144 101 156 174 226 240 90 144 36 218 293 289 290 273 144 324 188 317 216 195 322 355 224 92 220 93 136 138 335 303 196 259 86 154 121 141 101 280 169 314 288 77 307 71 49 197 245 102 100 228 313 216 204 190 61 246 198 216 278 54 273 15 146 104 303 97 290 61 123 226 88 189 201 161 171 176 101 167 281 127 126 124 302 323 245 82 221 232 72 56 53 204 23 57 242 96 281 183 132 253 163 209 153 34 69 44 219 72 129 87 94 318 195 338 229 53 255 253 229 278 167 237 187 127 240 256 351 116 102 186 301 252 287 312 321 6 174 296 303 69 67 303 237 189 207 314 44 131 176 253 382 257 222 296 31 170 151 135 154 371 141 239 262 323 161 271 245 17 97 154
 355 135 239 29 162 251 48 35 255 282 1 199 208 215 91 211 354 113 185 273 191 199 297 293 289 27 349 70 178 52 324 14 161 205 222 279 336 171 221 179 213 34 112 353 295 219 128 88 175 261 71 86 255 309 209 203 279 42 268 275 264 395 248 366 317 217 88 326 99 317 67 158 259 212 132 288 163 52 302 271 210 128 67 268 286 324 123 138 226 114 338 246 270 336 124 245 237 155 293 54 317 56 238 113 27 65 168 167 177 108 109 99 307 246 37 76 161 232 134 200 216 94 274 302 217 211 279 131 329 316 349 283 321 293 356 134 211 152 272 154 93 70 124 45 240 61 208 114 264 263 41 125 79 349 239 247 311 189 237 28 87 242 304 150 163 400 355 228 210 229 225 254 133 320 302 252 335 226 310 354 145 246 305 344 291 241 161 259 7 299 91 276 271 243 116 192 149 316 384 117 221 94 266 307 114 140 261 311 160 235 268 384 127 42 227 246 300 322 335 228 306 286 273 231 175 358 227 296 191 132 349 202 284 313 290 239 74 340 317 289 319 56 204 115 234 245 29 209 182 189 155 322 125 205 201 61 118 313 353 140 61 364 155 227 47 278 130 57 67 263 340 80 347 160 152 85 280 320 355 52 159 150 93 124 312 160 153 190 141 142 265 173 63 83 244 114 42 298 187 229
 208 87 162 211 147 54 246 227 57 84 199 1 97 120 164 65 159 251 15 140 160 75 108 97 109 176 208 241 27 188 188 212 104 223 222 146 178 215 134 221 47 170 111 171 147 189 88 112 147 68 167 114 107 113 180 103 146 167 215 192 67 203 121 169 170 112 223 194 171 171 235 167 109 66 161 129 230 249 154 212 21 157 215 197 92 142 106 241 217 156 140 212 145 150 179 56 91 162 146 239 140 210 107 142 204 232 203 251 211 247 93 249 156 48 187 264 202 259 158 100 31 112 216 105 257 199 84 85 131 147 189 115 182 168 233 175 42 73 82 159 213 207 214 192 129 241 151 238 186 169 239 275 142 157 180 92 153 80 286 221 113 213 123 78 41 215 164 239 135 267 244 77 232 135 113 165 236 83 133 233 246 179 194 204 109 214 132 184 195 107 193 78 148 98 231 24 218 128 197 149 51 106 188 178 88 109 99 184 221 111 132 198 225 240 208 83 205 222 145 30 118 186 76 42 178 169 239 176 86 179 191 156 149 115 104 43 136 144 163 111 145 234 144 258 185 61 172 209 169 215 106 225 109 79 195 177 271 153 164 113 222 253 225 265 239 81 103 217 221 81 146 221 236 122 138 232 87 166 201 170 303 187 147 226 114 102 76 77 81 291 129 186 184 242 146 201 163 100 25 119
 298 154 255 230 78 108 254 242 119 130 208 97 1 213 215 36 178 294 93 67 244 23 183 160 192 193 300 269 82 221 282 221 185 141 135 241 266 145 227 294 56 176 97 155 240 276 150 131 229 145 209 140 51 175 91 11 241 167 307 287 112 204 42 199 110 206 264 288 225 263 217 99 204 35 108 83 296 258 247 306 83 107 250 102 117 129 169 296 128 217 177 118 65 144 129 141 187 236 239 259 221 242 31 107 224 214 275 188 285 290 135 288 100 106 181 282 272 175 226 11 76 118 309 138 177 283 154 148 170 114 142 204 115 263 327 120 137 64 100 94 258 245 271 182 39 264 59 285 280 264 245 315 184 221 271 48 243 171 205 220 137 302 203 153 82 202 230 152 41 185 159 167 288 130 120 260 332 31 216 328 192 272 290 296 101 121 211 278 203 177 241 135 67 39 188 117 282 130 189 211 146 129 93 103 132 71 191 108 156 28 61 188 281 245 117 54 300 318 148 107 122 282 139 81 257 166 152 271 20 244 278 243 243 161 184 100 173 201 110 196 118 258 233 300 276 78 184 124 250 292 56 321 173 173 111 161 310 108 231 185 204 348 162 183 235 125 79 200 254 167 161 260 331 202 214 270 159 113 290 203 347 256 123 178 154 182 153 168 72 333 224 112 165 275 52 156 167 140 75 214
 141 90 43 212 245 147 253 229 141 163 215 120 213 1 135 184 232 207 122 258 59 191 130 147 112 189 135 222 132 177 110 224 55 322 327 67 127 305 15 134 166 199 185 267 87 77 98 157 59 120 151 150 225 155 288 218 66 203 96 76 159 283 240 229 285 11 188 112 134 105 274 261 61 185 246 244 153 253 92 94 138 241 193 314 184 242 95 180 323 113 203 323 264 244 258 105 51 87 85 231 127 194 226 220 205 271 119 330 123 205 126 214 271 144 224 252 122 359 99 215 148 170 97 185 352 92 134 96 195 255 299 93 298 78 143 259 83 170 182 253 175 183 158 233 248 228 262 190 69 56 248 231 137 175 61 210 105 44 381 242 152 97 123 78 137 303 178 341 249 364 345 90 172 232 209 49 130 202 121 142 318 60 94 130 214 324 61 66 214 139 158 150 267 217 295 98 147 223 285 107 79 150 305 296 124 200 75 302 305 230 250 286 168 250 316 200 95 116 234 126 214 78 142 154 89 258 341 83 199 118 140 48 72 177 120 143 144 180 277 108 250 223 34 215 68 172 194 312 74 121 204 118 92 42 298 227 230 265 175 76 263 155 306 362 261 163 188 258 199 100 227 192 138 58 72 201 130 279 144 167 249 113 214 295 183 57 76 46 171 244 56 282 235 214 263 272 196 176 139 17
 275 80 152 80 200 216 121 96 216 244 91 164 215 135 1 203 320 88 154 279 101 198 240 245 228 70 268 89 153 45 243 97 86 264 277 201 261 235 137 96 196 91 132 334 220 128 77 91 87 212 22 80 252 259 251 214 200 100 178 187 230 366 254 326 318 139 61 244 12 239 157 206 188 204 182 282 88 120 226 180 181 177 60 300 255 305 61 82 278 25 297 290 279 313 184 194 168 65 218 97 252 60 241 155 74 155 81 244 91 84 81 88 306 210 114 118 75 297 44 211 191 107 184 266 285 121 230 80 288 305 345 217 327 211 271 190 159 153 245 199 49 50 57 124 252 94 238 75 176 177 117 112 33 292 149 240 237 122 309 118 83 152 242 92 143 378 297 287 233 297 287 196 73 298 277 165 246 222 245 269 225 158 220 263 271 287 76 171 92 246 30 235 281 240 197 148 73 292 360 29 165 90 295 317 86 162 195 322 229 241 272 361 67 119 275 235 212 234 308 190 281 200 229 204 85 333 286 213 196 44 274 113 206 270 232 206 47 289 315 226 305 89 117 95 144 222 80 262 92 103 174 234 59 138 251 128 108 308 295 65 149 276 226 295 135 241 148 145 66 206 309 61 260 78 65 72 229 318 278 41 140 62 139 202 273 86 95 123 146 128 189 226 135 83 262 185 93 260 164 150
 263 134 226 230 105 75 258 244 85 99 211 65 36 184 203 1 155 286 64 80 219 19 149 127 157 193 265 266 57 216 248 224 161 174 169 207 232 174 198 275 21 179 103 143 206 250 132 127 205 111 200 134 50 142 125 44 208 172 278 256 79 188 58 173 116 176 256 253 212 228 230 127 170 2 130 80 280 262 213 276 49 128 245 134 89 115 151 284 162 201 149 152 83 127 151 107 154 216 205 260 187 237 44 122 224 227 256 216 265 282 123 282 104 71 189 283 254 208 208 43 42 118 280 110 209 259 120 130 141 107 143 169 126 230 293 143 105 60 72 120 249 238 258 191 65 263 94 276 250 233 250 309 175 188 243 38 208 143 238 227 132 275 169 130 62 190 197 186 76 218 193 132 275 112 98 229 299 21 182 294 217 242 257 262 82 156 188 248 206 143 231 102 86 38 209 87 266 110 175 195 113 123 124 119 119 83 157 124 184 48 72 175 268 251 152 36 268 285 129 72 100 250 105 47 235 150 186 238 34 227 244 217 210 131 149 65 165 169 113 162 108 257 206 293 248 47 185 157 227 271 72 288 155 143 144 172 304 106 198 164 217 314 189 216 243 93 86 212 249 132 138 253 298 179 192 264 125 116 255 197 340 238 135 201 125 158 130 140 71 326 191 142 177 271 82 177 170 110 47 183
 218 241 263 369 255 106 402 384 105 77 354 159 178 232 320 155 1 406 171 151 288 172 109 86 130 332 226 399 178 346 223 367 246 313 301 207 186 321 243 360 146 323 253 61 190 307 244 267 281 115 324 270 135 81 259 188 208 319 311 275 92 52 158 26 134 222 379 230 326 201 382 276 180 155 283 115 375 405 193 307 146 281 373 233 70 62 260 392 292 308 33 271 162 49 304 131 182 304 190 397 137 368 156 276 361 379 343 365 350 402 251 406 126 111 338 421 344 342 306 188 139 263 309 55 348 323 99 241 39 91 119 153 150 225 263 296 165 210 85 271 368 364 366 341 177 398 228 392 276 254 394 430 299 95 285 132 177 211 375 374 269 324 126 229 192 76 102 318 210 354 327 143 382 55 59 259 291 149 138 266 369 279 253 225 79 278 272 277 350 97 349 87 165 142 363 173 365 51 59 301 162 261 223 163 245 237 162 168 333 164 147 61 377 395 280 125 273 280 36 132 57 259 94 125 314 41 318 234 186 328 191 278 205 56 119 117 294 72 122 136 82 392 265 414 294 112 327 293 301 350 226 285 262 199 282 323 427 110 106 262 368 290 340 352 391 79 238 364 378 133 18 378 278 263 281 389 103 121 203 328 457 331 287 354 50 245 227 208 220 446 199 288 329 399 191 331 316 61 168 221
 341 166 211 85 265 302 105 89 303 331 113 251 294 207 88 286 406 1 240 359 157 279 323 330 310 111 333 51 238 76 308 107 167 317 333 271 333 283 205 104 281 135 203 420 292 171 164 165 150 297 88 156 335 343 315 291 270 147 218 239 316 453 335 412 401 213 31 308 82 309 169 265 265 287 239 365 78 101 298 222 268 235 49 370 342 391 147 41 336 101 383 353 359 399 235 280 248 122 290 73 331 59 322 216 87 168 104 278 108 6 165 18 389 297 149 75 98 344 109 289 277 179 224 353 329 155 315 167 374 390 428 296 408 276 327 244 244 232 331 260 39 51 52 157 330 63 308 18 228 236 108 26 113 374 200 323 311 204 349 128 158 185 323 178 227 464 378 340 307 341 337 279 44 384 363 224 295 305 324 325 255 210 278 328 357 349 148 223 118 330 58 321 360 322 226 234 73 378 447 108 250 166 366 397 169 233 275 401 272 321 353 447 43 110 336 319 265 286 395 276 367 257 315 290 129 419 338 277 276 90 345 172 276 356 315 292 123 373 398 307 390 65 181 9 192 308 124 318 143 120 247 283 145 219 310 171 24 392 376 148 168 327 267 339 135 328 221 166 47 289 395 36 313 154 137 29 314 401 347 93 54 99 197 235 359 167 180 206 224 41 262 282 175 33 338 226 142 347 249 223
 218 78 164 198 136 67 232 214 71 98 185 15 93 122 154 64 171 240 1 142 157 71 121 111 121 162 218 228 15 176 197 198 99 214 214 153 189 204 135 215 49 156 97 181 157 187 78 99 143 82 155 101 110 127 172 98 153 153 216 195 80 215 121 182 174 114 211 202 161 180 221 156 118 65 149 135 223 235 164 214 29 145 203 193 104 152 96 231 209 147 154 205 146 160 167 69 98 156 155 226 152 198 107 129 191 218 197 238 205 236 80 238 161 62 173 251 195 250 150 95 38 98 217 118 247 196 98 75 145 154 196 126 186 175 241 163 49 62 92 148 202 195 205 178 127 228 144 227 189 172 225 264 130 170 180 95 163 80 276 207 100 212 135 70 28 225 178 230 129 257 235 89 222 145 124 168 242 83 146 241 233 180 200 213 118 207 127 186 181 121 183 92 149 100 218 26 210 139 208 140 60 92 184 180 75 97 108 186 209 110 134 208 216 226 200 87 209 228 156 44 128 191 90 51 173 181 230 183 80 171 202 154 156 129 117 56 124 158 169 124 153 222 143 247 185 69 158 200 165 210 95 231 100 82 187 163 260 159 178 105 208 260 213 255 225 94 90 203 209 93 159 210 243 117 132 221 100 171 212 158 292 180 133 213 128 97 69 77 69 280 136 176 170 230 143 188 149 114 18 122
 318 213 300 296 129 125 318 307 135 133 273 140 67 258 279 80 151 359 142 1 297 82 195 167 209 259 322 334 135 286 308 286 240 168 154 272 285 184 272 353 94 241 162 109 267 327 210 196 284 165 273 205 35 178 115 72 273 232 353 327 120 162 26 175 45 250 329 314 288 287 277 147 235 79 163 37 358 322 273 350 121 163 316 84 111 91 229 360 144 279 161 121 12 106 183 168 223 295 266 325 235 307 39 168 290 274 334 229 344 355 198 353 38 125 245 348 332 194 286 74 111 184 354 130 202 337 166 208 157 65 80 227 49 295 353 172 177 128 98 144 323 310 334 244 37 330 88 350 323 304 310 380 249 219 318 50 264 219 227 284 202 352 217 209 140 152 228 170 74 207 179 194 351 97 100 302 366 60 231 355 239 317 323 319 78 129 267 321 268 186 306 143 15 43 241 163 344 102 142 273 183 194 73 40 194 135 220 46 198 40 9 141 344 310 132 60 337 352 116 137 99 319 150 107 313 126 171 304 85 305 295 294 274 156 199 122 238 196 49 215 73 323 283 365 324 93 249 148 305 349 120 356 233 217 139 224 375 51 230 243 265 377 206 205 297 128 144 261 320 190 134 325 361 257 271 335 173 52 307 268 413 316 185 230 146 237 209 216 137 398 257 152 227 341 44 210 232 135 125 256
 185 96 55 180 259 196 220 196 192 217 191 160 244 59 101 219 288 157 157 297 1 223 188 204 170 167 176 181 164 145 152 197 60 334 342 117 178 311 52 76 205 183 193 319 139 35 103 156 18 174 121 146 265 213 307 247 115 190 80 87 210 339 276 286 329 68 144 151 96 153 254 272 119 220 252 288 96 219 143 82 179 247 153 342 236 293 89 126 340 77 259 345 302 296 261 159 109 39 137 194 184 157 262 225 175 252 62 329 65 156 129 167 315 193 208 212 66 369 58 244 190 172 85 239 360 40 190 103 251 303 346 151 341 120 173 264 130 191 232 264 130 143 106 218 281 189 286 140 76 80 217 180 117 233 49 251 158 82 387 218 149 62 181 93 163 357 235 355 275 372 357 147 118 283 261 68 146 239 179 171 313 58 123 171 263 344 38 71 191 197 116 204 304 255 288 137 91 275 339 74 130 151 335 336 129 215 133 342 308 265 290 340 116 220 334 242 113 135 287 173 265 102 196 198 31 312 354 120 228 70 189 15 122 233 178 191 128 238 322 166 299 185 27 166 45 217 175 326 16 63 223 134 84 90 314 217 181 311 232 67 245 177 308 370 235 216 202 241 159 157 282 149 161 45 42 157 186 324 191 139 195 60 215 290 239 63 92 85 189 191 110 293 225 170 295 269 183 231 173 73
 278 134 234 220 87 92 245 232 102 117 199 75 23 191 198 19 172 279 71 82 223 1 166 145 173 182 280 257 61 207 261 212 164 157 152 220 247 156 205 274 37 166 89 157 220 255 130 117 208 127 193 125 58 160 109 29 220 159 286 265 97 203 57 191 122 184 249 267 208 243 214 108 183 19 112 90 278 249 227 284 62 110 236 123 107 130 149 279 146 198 167 138 83 143 133 122 165 216 219 249 203 228 44 105 213 211 256 197 265 275 118 274 110 89 175 272 253 191 207 27 57 106 287 128 192 262 137 129 160 119 152 184 129 242 306 125 116 49 90 102 243 230 254 176 59 253 78 270 258 242 237 301 168 206 250 49 223 149 221 213 123 280 185 132 61 204 215 169 61 200 176 147 270 128 115 238 310 28 198 307 199 250 269 276 98 141 190 256 194 161 225 120 85 45 191 96 264 127 189 193 125 115 115 120 114 67 171 125 165 44 75 189 264 238 136 50 279 296 145 87 117 260 123 64 236 165 169 250 16 225 259 222 222 149 166 82 157 188 121 177 121 246 212 286 254 66 173 140 229 272 55 299 154 152 127 157 296 116 216 165 201 327 171 199 229 112 71 197 241 147 156 246 310 181 193 256 142 124 270 189 333 237 119 183 143 161 132 147 59 319 203 124 162 262 74 159 158 129 53 192
 125 166 157 304 249 76 342 320 66 64 297 108 183 130 240 149 109 323 121 195 188 166 1 31 22 271 130 326 134 275 120 308 158 322 317 99 91 318 140 262 130 270 218 157 83 203 172 214 184 41 250 213 165 29 273 193 100 269 203 167 76 160 188 101 203 121 299 127 244 98 339 270 73 150 266 166 280 344 87 199 109 263 298 272 88 139 183 302 310 224 78 298 205 135 286 54 80 210 83 329 41 296 178 249 297 336 246 356 252 320 189 327 190 79 290 353 249 357 217 191 111 217 201 76 357 219 31 168 72 162 204 45 219 118 164 281 87 180 98 263 287 289 278 296 203 329 242 308 168 146 335 348 228 53 179 152 74 121 386 321 213 218 23 151 148 184 59 334 224 366 341 46 293 128 109 151 186 157 37 167 353 172 146 128 124 303 179 169 293 13 268 53 208 163 338 107 272 118 166 217 78 207 262 224 183 215 56 231 325 185 188 168 289 337 300 141 166 174 122 83 112 151 47 103 216 142 334 127 180 238 100 177 98 56 11 85 227 51 191 28 155 323 163 332 188 108 270 305 202 250 209 179 183 106 292 282 346 178 58 177 327 190 330 364 339 68 209 322 304 36 109 301 176 172 190 311 25 193 113 259 371 237 254 333 66 157 149 119 188 362 91 287 290 323 220 308 264 67 130 117
 154 168 179 303 230 54 340 319 45 35 293 97 160 147 245 127 86 330 111 167 204 145 31 1 50 269 160 329 122 276 150 305 166 300 294 126 121 299 159 277 109 265 206 129 112 222 172 208 198 35 253 209 137 17 250 170 127 263 228 193 50 137 161 84 173 138 305 157 250 128 331 251 96 128 250 137 293 342 116 223 93 247 301 245 58 109 186 312 287 231 56 273 177 106 270 52 98 222 112 330 70 298 152 235 296 328 261 339 267 327 185 332 160 58 283 354 262 334 226 168 92 208 226 46 336 238 16 169 48 132 174 72 189 146 194 264 88 165 70 244 293 292 287 288 177 330 218 316 193 171 332 355 229 63 201 125 104 130 364 316 208 240 53 154 137 159 71 311 200 344 319 58 303 98 79 175 215 133 67 197 337 195 175 158 94 278 191 193 289 20 274 26 180 137 325 103 284 88 140 224 82 201 235 195 180 199 78 201 307 159 160 142 298 334 276 114 194 203 94 69 82 178 24 82 231 115 311 155 159 248 130 194 125 31 38 65 226 48 161 56 125 324 180 338 210 83 266 283 218 266 192 208 188 117 270 273 352 148 72 184 318 220 313 342 334 39 195 313 307 48 83 305 206 183 200 316 19 163 142 259 380 249 242 319 38 165 152 128 174 370 116 267 280 327 194 294 258 37 116 136
 110 156 136 295 253 87 333 311 76 81 289 109 192 112 228 157 130 310 121 209 170 173 22 50 1 263 114 315 135 264 102 301 144 328 325 78 76 322 121 244 138 264 217 177 63 183 163 209 167 48 239 207 178 50 281 201 79 264 182 146 90 181 200 122 220 103 287 108 231 80 335 274 53 158 269 182 263 335 67 178 114 265 286 284 105 158 172 287 318 210 99 308 219 155 287 54 63 194 63 319 32 285 189 249 287 332 229 358 234 307 182 314 207 88 285 342 232 363 202 199 118 214 180 95 363 200 45 160 92 180 223 24 236 97 146 283 81 181 114 267 274 277 263 292 215 318 250 294 147 126 327 334 218 66 158 165 56 108 392 314 207 198 16 141 148 205 70 341 232 372 348 36 278 147 127 131 166 168 26 149 354 151 126 111 141 312 164 148 286 34 255 68 222 175 338 103 255 137 187 203 70 202 274 240 177 217 37 246 328 196 202 189 274 329 308 153 145 154 142 88 131 130 61 112 199 163 342 106 187 223 88 158 77 77 13 94 218 70 209 7 173 312 145 318 168 120 263 312 184 232 213 159 172 92 299 279 332 196 67 164 322 172 332 370 333 84 210 317 292 29 130 288 157 157 175 299 38 210 99 249 356 221 253 333 86 144 138 106 189 348 70 292 287 310 232 308 258 86 132 98
 328 109 214 39 155 228 72 53 232 259 27 176 193 189 70 193 332 111 162 259 167 182 271 269 263 1 323 77 155 38 298 38 135 208 223 253 310 176 195 162 193 26 98 333 269 196 102 67 151 236 49 63 239 284 205 189 253 37 245 250 241 374 234 343 302 190 82 300 79 290 89 155 232 193 129 271 149 74 276 247 188 125 63 262 264 304 97 129 226 92 315 243 257 315 126 220 211 132 267 68 291 53 223 106 32 86 149 178 159 106 84 100 291 223 46 92 143 237 111 186 195 77 251 279 224 189 254 105 306 298 333 257 307 267 330 134 186 134 250 150 83 62 111 56 227 72 200 108 239 237 65 128 53 323 215 229 284 163 246 54 64 220 278 124 141 380 329 231 200 236 229 229 123 300 281 226 310 209 284 329 158 222 280 318 271 239 136 235 26 274 76 252 258 226 130 167 134 296 364 94 195 72 258 294 90 127 235 298 167 220 253 364 116 66 226 227 275 297 314 204 285 261 249 209 153 337 230 270 175 112 323 177 258 289 264 217 47 315 302 263 300 65 179 115 211 224 14 209 159 171 142 297 99 179 200 64 121 297 328 114 80 339 163 234 73 255 116 76 66 237 319 76 322 134 127 83 255 304 329 30 161 130 87 135 289 133 127 164 124 145 239 173 70 86 233 121 32 275 166 202
 13 219 123 346 353 199 387 363 188 193 349 208 300 135 268 265 226 333 218 322 176 280 130 160 114 323 1 354 231 311 26 358 189 430 430 71 41 419 132 241 245 332 304 282 62 168 227 285 185 159 285 279 290 154 387 308 72 335 137 101 203 272 312 209 332 134 318 26 266 38 406 372 102 266 362 295 266 387 55 131 219 358 325 395 217 267 228 300 424 245 196 416 331 261 378 160 123 213 63 365 92 327 301 339 339 403 233 451 233 331 254 342 319 199 356 384 238 466 229 305 225 294 130 204 464 186 157 225 192 291 332 98 348 58 38 376 170 277 226 364 304 315 282 364 326 361 357 316 110 98 382 355 271 134 137 277 59 165 493 376 280 166 108 205 242 300 129 446 340 474 451 134 293 256 238 110 76 278 94 42 442 126 60 6 253 420 194 115 348 141 288 181 335 287 422 194 265 246 284 240 159 277 385 353 250 312 111 359 423 307 315 286 291 384 415 265 80 71 247 194 241 80 174 222 205 264 446 57 292 245 38 162 67 182 125 204 277 155 320 108 283 356 154 341 147 232 327 416 191 225 311 77 225 151 403 356 356 307 125 210 395 65 426 472 395 197 303 389 331 135 231 322 57 192 204 331 151 322 28 301 368 235 338 420 192 191 202 165 282 365 87 392 364 344 343 396 328 196 232 122
 361 162 235 42 229 294 55 40 296 324 70 241 269 222 89 266 399 51 228 334 181 257 326 329 315 77 354 1 224 54 329 61 174 274 291 288 348 239 223 143 264 98 174 405 307 201 157 140 170 295 77 133 313 343 278 264 287 109 250 267 307 443 309 407 377 226 40 329 89 326 120 226 276 267 201 345 120 51 313 254 255 196 30 336 332 376 144 86 295 110 378 315 332 386 193 278 256 143 305 23 339 32 298 180 47 120 138 231 145 47 149 34 366 288 106 32 131 299 125 262 263 152 257 345 284 188 314 160 370 372 407 304 382 297 353 203 242 208 319 222 54 40 85 113 303 14 275 59 255 260 58 57 101 378 228 303 325 209 302 80 135 220 329 176 211 451 383 297 276 296 294 282 85 371 351 248 325 283 332 351 208 237 303 349 342 309 162 250 75 331 66 315 333 300 179 228 111 365 434 116 250 144 333 370 155 203 282 374 227 296 329 434 81 61 296 300 292 314 383 268 355 282 311 278 157 407 296 298 250 112 361 194 293 352 318 283 106 373 376 313 373 16 201 50 221 294 88 277 169 157 218 312 144 225 270 130 50 371 381 152 120 356 222 294 86 320 192 118 24 291 386 34 341 165 151 29 313 379 365 72 90 127 161 188 353 173 179 210 199 74 276 242 132 18 309 182 106 340 235 237
 231 79 174 192 123 75 225 207 81 106 178 27 82 132 153 57 178 238 15 135 164 61 134 122 135 155 231 224 1 171 210 190 105 200 201 166 202 190 146 219 45 147 85 183 170 195 78 90 150 94 152 94 105 138 159 87 167 143 226 206 87 220 113 190 170 125 209 215 161 194 210 142 131 58 135 132 225 228 177 224 33 131 200 183 110 154 97 232 196 148 162 193 139 163 153 82 111 160 169 221 165 194 99 116 185 207 201 225 210 234 76 235 157 70 163 245 199 236 153 84 41 88 228 125 233 203 110 76 153 154 194 139 181 188 254 149 63 48 96 135 200 192 205 168 118 223 132 226 200 184 217 261 127 182 190 91 177 90 263 198 92 221 148 75 16 228 190 217 118 244 222 102 223 148 128 179 254 76 159 254 220 190 213 227 120 195 133 197 173 133 181 102 142 94 205 39 212 143 211 141 73 84 174 174 71 83 122 180 195 102 128 212 216 218 188 84 222 240 160 54 132 203 100 55 179 184 216 196 68 173 215 162 170 138 130 63 119 169 166 137 153 216 152 245 194 71 150 187 171 215 81 243 101 93 173 152 257 157 190 109 197 273 199 242 216 102 77 192 205 106 164 207 256 123 137 218 112 168 225 153 291 183 121 200 136 103 74 87 55 278 150 162 159 226 133 175 140 122 12 134
 318 110 196 36 190 241 77 53 243 271 52 188 221 177 45 216 346 76 176 286 145 207 275 276 264 38 311 54 171 1 286 54 126 245 260 243 302 213 180 128 213 63 128 353 261 171 105 91 131 243 27 83 263 290 240 217 242 74 221 231 254 390 261 354 328 180 46 287 50 281 118 191 227 216 166 294 113 77 267 223 203 161 30 295 279 324 93 92 263 68 326 279 285 334 163 226 207 107 259 56 290 23 249 141 31 116 117 214 126 71 97 68 316 235 82 79 110 275 87 215 211 104 227 292 261 161 261 108 317 321 357 255 334 254 314 171 190 159 267 186 46 26 75 91 256 55 233 71 219 220 73 96 48 327 193 252 278 159 283 77 85 193 279 124 159 399 332 268 232 273 266 230 86 318 298 209 290 233 283 312 194 201 263 306 290 275 119 214 54 279 40 263 286 251 165 175 99 313 382 73 198 93 291 323 102 158 233 327 204 248 280 382 79 76 262 249 256 278 330 215 302 244 258 225 126 355 267 257 202 82 315 157 248 299 267 230 53 321 327 263 321 49 161 81 188 242 51 245 135 139 172 277 93 175 236 101 90 321 330 104 111 320 200 271 93 267 146 108 35 240 333 41 304 120 109 50 261 329 320 19 128 100 123 171 300 125 127 160 150 113 230 209 107 56 264 158 69 287 182 192
 34 194 98 320 332 184 361 337 174 181 324 188 282 110 243 248 223 308 197 308 152 261 120 150 102 298 26 329 210 286 1 333 164 410 410 47 42 398 107 218 228 307 282 275 43 145 203 260 160 144 260 255 275 146 367 289 48 310 118 80 189 271 296 208 321 109 293 8 241 23 381 351 80 248 340 282 243 361 36 112 200 335 300 379 206 258 203 276 405 220 191 398 316 254 355 143 101 188 44 339 86 302 284 316 314 378 209 428 209 307 230 317 307 184 331 359 214 446 204 287 207 270 112 195 442 164 145 201 187 281 323 82 336 33 47 354 149 256 214 343 279 290 257 339 309 335 338 291 88 74 357 331 246 134 114 261 47 141 472 351 256 146 99 181 220 297 131 426 321 453 431 117 269 247 228 86 70 261 86 48 419 103 41 21 242 401 168 92 322 132 263 168 320 271 398 173 241 237 281 215 138 253 369 340 226 290 92 346 401 290 300 283 267 359 395 250 63 61 240 177 231 58 161 205 181 259 426 33 273 220 47 137 43 174 113 188 252 153 310 96 274 331 129 316 124 217 302 396 166 202 290 66 200 128 382 332 331 297 127 185 370 71 403 451 370 185 280 365 306 119 226 297 57 167 179 306 139 311 43 275 344 210 314 396 185 165 178 141 261 341 64 371 340 319 326 372 303 186 212 97
 364 146 247 23 173 264 36 24 268 295 14 212 221 224 97 224 367 107 198 286 197 212 308 305 301 38 358 61 190 54 333 1 170 214 231 289 346 179 229 180 226 47 125 366 305 224 139 101 182 273 77 98 268 321 220 215 288 55 273 282 277 408 261 379 330 226 85 335 103 326 66 168 269 225 143 301 162 39 312 276 223 139 64 280 299 337 133 135 236 120 351 256 283 349 134 257 247 160 303 43 328 53 251 124 25 65 170 172 179 102 121 92 320 258 47 64 163 239 140 213 229 108 279 315 224 215 291 142 342 329 362 294 333 301 364 144 223 165 285 165 91 68 124 53 252 51 220 110 271 270 28 117 88 360 245 260 321 200 243 24 99 246 316 161 176 413 367 237 223 236 233 266 131 333 315 259 341 239 321 362 149 253 313 353 304 251 168 266 19 311 92 289 284 256 120 204 149 329 397 124 232 107 277 320 127 152 272 323 167 248 281 397 125 29 237 259 307 329 348 240 319 294 286 244 179 371 235 305 204 135 359 208 294 326 302 252 84 352 330 300 332 46 211 108 240 258 41 218 187 191 167 328 135 215 211 71 110 326 365 149 62 371 162 234 40 291 143 60 63 274 353 77 354 168 159 80 292 333 365 59 151 153 105 129 325 169 164 200 154 134 275 183 72 76 257 121 55 311 200 238
 194 39 87 160 202 147 200 176 145 172 161 104 185 55 86 161 246 167 99 240 60 164 158 166 144 135 189 174 105 126 164 170 1 278 285 119 177 258 63 119 147 145 138 270 136 93 47 106 45 134 100 97 208 178 249 188 118 149 132 124 161 296 218 249 272 56 144 166 88 157 219 216 103 162 198 232 130 201 143 132 124 193 145 283 188 242 41 147 283 67 221 286 243 248 209 116 83 60 134 181 167 145 204 171 153 217 100 280 108 164 76 171 259 143 170 203 100 314 61 185 134 120 135 195 306 99 151 46 212 250 293 131 284 133 197 211 82 132 181 209 131 135 122 179 222 179 227 151 114 107 195 192 84 208 96 194 153 38 334 188 99 120 158 34 104 311 213 298 216 318 301 113 138 234 212 97 182 181 160 196 266 100 147 184 211 286 29 110 160 164 112 160 246 198 243 82 119 226 293 60 86 99 275 279 74 158 110 284 257 206 232 294 133 197 277 185 146 168 241 122 216 130 154 144 75 265 298 137 169 83 191 61 124 194 149 140 90 207 266 142 247 173 55 175 97 163 139 269 66 112 164 169 38 53 257 173 190 257 210 23 209 208 257 316 207 170 145 204 151 123 238 146 191 19 36 156 149 269 196 114 215 86 164 243 198 4 33 40 131 206 106 238 181 168 236 221 142 187 115 68
 430 240 362 233 79 248 234 236 258 271 205 223 141 322 264 174 313 317 214 168 334 157 322 300 328 208 430 274 200 245 410 214 278 1 23 365 400 37 335 359 193 183 142 276 370 368 233 181 317 283 248 191 179 315 55 132 365 172 409 398 252 329 156 335 205 317 289 415 275 393 169 63 331 174 84 202 351 239 377 409 215 89 269 104 257 256 246 335 32 278 315 62 158 272 83 276 310 312 368 256 359 258 158 112 231 168 342 73 353 311 206 303 203 245 169 272 337 37 295 133 212 164 412 278 36 368 293 233 309 233 240 337 198 386 453 76 262 156 240 71 290 269 316 162 137 264 85 315 389 377 226 329 234 361 373 184 375 280 65 199 189 394 341 248 191 318 370 24 104 45 24 299 329 260 256 370 450 170 353 453 92 376 410 426 235 53 297 386 200 317 280 275 156 172 110 238 336 263 309 276 273 185 110 180 206 123 321 179 53 150 170 308 322 225 42 193 416 436 280 242 257 398 278 220 335 293 23 394 143 305 413 338 369 302 321 238 220 341 213 332 240 259 332 319 374 219 195 21 334 363 121 438 251 288 32 146 323 218 371 268 162 471 61 43 202 265 135 162 270 301 295 282 454 290 295 289 298 215 424 233 363 322 126 97 294 275 249 278 152 346 348 42 143 288 125 94 177 280 199 328
