NAME : domp180p60v10
COMMENT : (Deleplanque et al.) 
TYPE : DOMP
DIMENSION : 180
DISPLAY_DATA_TYPE: NO_DISPLAY
OPEN_FACILITIES : 60
COST_SECTION
 1 151 122 74 31 196 43 126 95 173 146 48 137 168 152 160 242 98 230 95 190 217 172 93 87 165 105 113 185 192 144 211 147 94 125 186 162 112 118 181 196 192 247 231 121 248 222 197 159 164 156 80 42 227 162 130 93 62 126 50 215 223 188 148 44 127 128 162 202 108 219 172 53 176 124 129 205 161 193 167 104 228 145 38 196 196 156 148 163 178 60 154 114 155 176 14 92 164 161 216 225 166 144 175 227 120 137 195 92 155 31 212 196 209 130 227 176 160 122 137 49 188 138 78 92 245 232 125 119 66 125 37 240 154 80 177 242 161 97 175 137 141 186 167 35 220 132 194 47 178 259 59 187 165 214 189 171 88 143 94 124 221 167 77 124 146 112 243 244 124 164 89 148 257 187 122 78 62 153 152
 151 1 62 221 141 114 138 223 76 119 289 104 253 314 59 243 392 177 250 241 143 104 246 180 139 167 235 237 35 340 76 356 296 171 204 266 200 228 135 67 339 52 298 124 271 142 369 86 165 138 111 228 191 285 305 185 128 140 191 166 291 132 50 254 194 145 277 117 203 116 73 61 176 318 102 274 251 149 212 310 70 245 294 174 47 340 299 292 173 203 129 89 220 304 26 138 60 287 310 202 330 44 292 172 80 113 168 309 131 256 168 63 296 279 245 275 207 183 41 135 192 256 192 191 220 285 232 237 219 104 175 163 162 26 225 137 270 65 191 324 245 101 206 135 169 297 265 214 173 327 283 147 295 66 118 334 186 231 201 243 48 243 172 77 258 291 137 393 392 273 96 97 251 407 288 209 85 94 214 132
 122 62 1 183 125 82 128 167 91 165 267 79 200 272 109 184 357 182 191 216 95 96 258 125 83 199 187 187 90 303 27 312 257 115 211 206 223 176 157 60 293 112 237 111 239 129 328 76 106 82 153 191 162 224 283 125 70 138 132 154 230 107 111 198 162 84 240 159 146 137 107 118 131 273 133 250 274 184 153 267 92 278 261 134 94 296 277 248 113 143 127 135 218 274 78 111 49 279 279 148 273 49 265 207 115 140 190 253 74 199 148 115 238 218 191 214 232 122 24 165 153 195 131 184 208 225 176 183 163 60 190 147 131 84 186 180 211 117 136 295 189 139 147 176 129 236 217 244 158 290 224 99 239 120 96 310 126 209 140 208 15 274 204 72 243 249 156 355 351 236 144 44 251 372 231 214 87 85 154 168
 74 221 183 1 98 247 107 102 167 242 106 118 90 95 225 136 175 141 232 60 229 274 198 95 120 223 52 66 256 121 200 138 76 105 159 159 207 74 180 242 124 264 230 285 61 300 149 256 182 201 225 9 41 208 118 136 132 123 127 95 186 273 261 109 35 156 58 230 218 175 286 245 58 103 194 88 240 223 202 94 177 273 80 51 266 123 111 76 184 187 126 226 131 96 246 86 162 152 99 236 174 230 92 233 294 187 191 141 128 118 74 283 153 184 87 213 223 176 189 200 31 168 142 105 95 233 244 86 95 124 174 85 284 227 9 243 237 234 91 117 98 211 195 232 55 190 69 242 85 108 255 91 139 238 267 137 188 67 142 26 189 265 224 149 105 73 173 173 172 54 235 143 158 190 144 152 151 135 147 217
 31 141 125 98 1 204 12 156 74 146 149 48 167 189 131 190 256 71 255 102 203 220 148 122 110 135 134 143 174 209 150 233 167 122 99 216 133 142 88 182 220 176 276 235 135 253 241 199 180 180 129 102 59 256 165 156 113 32 154 30 245 230 172 179 64 147 147 134 224 79 212 153 83 200 97 134 177 131 218 190 84 199 159 68 187 218 160 172 185 203 31 129 96 166 166 29 85 155 173 236 255 163 153 145 219 91 107 225 112 185 29 200 227 238 160 255 147 184 120 107 77 217 165 60 84 273 255 155 149 77 96 23 251 140 104 148 268 140 127 185 167 114 210 138 66 250 160 164 34 196 286 85 218 144 220 195 194 92 170 114 124 192 137 64 120 169 81 260 263 142 139 100 130 271 218 99 60 48 181 123
 196 114 82 247 204 1 208 199 169 232 340 158 237 326 171 202 418 263 163 288 44 41 339 166 130 275 237 232 121 361 56 363 316 154 292 217 302 218 236 51 341 150 222 42 306 55 382 40 98 62 223 255 233 216 355 145 117 219 155 233 234 28 151 228 232 102 301 229 115 215 101 172 190 322 208 323 353 258 133 319 169 353 326 199 113 346 349 301 103 132 208 201 298 341 111 186 130 358 345 106 292 72 334 281 108 217 269 280 120 226 224 133 257 220 229 201 311 118 97 241 217 200 147 263 285 205 137 221 198 132 271 225 50 139 247 249 185 178 176 363 223 211 131 247 194 239 263 321 236 350 193 157 264 179 22 380 114 283 155 272 89 350 279 153 320 304 235 412 405 299 209 109 332 433 252 295 168 166 165 241
 43 138 128 107 12 208 1 167 69 136 152 52 178 198 125 201 262 62 265 106 209 221 140 133 119 124 145 154 170 217 153 241 175 132 91 227 122 153 77 183 230 171 287 238 141 255 249 201 188 187 119 112 68 267 168 166 121 21 164 29 256 234 167 190 73 156 155 124 233 69 210 146 94 209 88 138 168 120 227 199 78 188 166 79 184 227 163 182 194 212 20 121 91 172 164 39 85 153 179 244 266 164 157 133 217 81 96 236 121 196 36 197 238 249 171 266 136 193 120 96 88 228 175 57 83 283 264 166 160 84 85 27 255 135 114 138 278 133 138 190 178 105 219 127 77 261 171 154 36 203 295 95 229 137 223 198 203 95 180 122 125 181 126 63 121 178 70 267 270 150 130 106 125 277 229 91 55 47 191 112
 126 223 167 102 156 199 167 1 201 289 204 143 40 141 251 36 238 221 134 161 166 235 290 44 85 289 58 45 255 180 170 171 142 53 245 62 286 31 241 215 147 274 129 239 154 250 193 222 109 140 272 107 125 108 215 56 97 187 45 171 91 221 271 32 119 98 134 278 131 229 270 268 75 131 241 187 327 283 111 131 209 353 163 91 260 154 208 115 107 97 184 264 225 183 243 130 173 252 182 152 109 213 186 299 278 239 263 87 94 34 148 281 76 86 33 112 301 94 183 259 92 68 57 192 191 133 152 26 9 123 250 158 222 239 96 296 137 261 34 203 25 256 105 286 92 95 74 319 164 172 155 83 73 265 220 227 105 167 52 120 178 346 292 175 206 122 236 227 215 134 274 127 255 251 67 240 185 168 51 273
 95 76 91 167 74 169 69 201 1 89 219 59 222 261 58 229 330 103 268 174 184 172 173 159 128 110 195 201 105 282 117 304 239 154 129 255 133 196 67 133 290 103 303 191 208 209 314 152 183 168 73 173 131 286 235 181 123 66 183 95 283 193 100 229 135 153 220 80 227 47 148 79 136 269 46 205 185 96 228 260 10 188 232 127 120 289 230 242 190 216 56 64 146 240 100 83 44 212 247 233 307 110 225 118 154 50 101 281 124 233 102 130 276 273 214 281 143 194 73 75 142 251 189 118 148 295 259 208 195 83 103 95 219 68 173 99 285 67 168 258 218 57 221 92 123 289 224 154 103 269 301 119 270 72 180 266 202 163 197 186 81 184 114 28 186 240 67 333 336 215 74 94 176 345 267 134 18 35 209 82
 173 119 165 242 146 232 136 289 89 1 266 146 307 332 61 317 387 128 352 232 257 220 164 247 216 64 277 285 125 347 187 375 308 242 140 343 108 281 70 185 365 102 390 241 271 258 381 203 266 246 18 247 203 374 281 268 210 121 271 153 372 250 99 315 208 238 288 13 309 69 171 68 221 344 50 257 152 45 313 334 82 133 295 210 141 362 278 317 274 301 117 32 172 297 129 164 127 238 305 312 394 162 280 65 173 56 86 366 212 321 170 137 363 362 299 368 108 280 143 53 221 339 277 162 193 382 340 293 282 171 103 159 280 95 249 20 370 57 256 311 304 34 306 25 206 377 304 108 163 334 385 207 356 57 235 313 286 219 285 256 152 133 68 116 228 313 77 395 401 283 24 180 191 402 354 150 105 121 298 35
 146 289 267 106 149 340 152 204 219 266 1 191 183 115 272 236 126 139 336 53 328 362 151 200 219 223 149 163 321 104 289 146 90 209 136 257 188 175 196 326 150 321 329 376 54 392 138 342 286 301 251 99 108 307 17 241 229 155 232 125 282 367 317 204 110 258 82 254 323 203 360 294 159 138 225 19 198 231 307 126 227 243 60 145 334 140 13 122 288 292 165 261 99 46 314 158 232 66 54 341 250 309 28 230 367 214 189 219 227 214 122 348 240 282 183 315 202 280 266 215 129 269 247 106 75 335 349 184 198 210 169 127 382 286 110 259 340 279 196 50 196 241 300 248 149 284 149 220 117 93 358 188 223 283 359 49 292 59 247 85 268 234 221 212 40 112 190 139 152 79 268 232 102 139 232 126 206 196 251 233
 48 104 79 118 48 158 52 143 59 146 191 1 164 212 112 173 289 111 222 140 158 174 189 102 76 155 139 144 139 237 103 254 193 98 141 199 164 138 106 137 238 147 251 189 168 206 266 154 141 136 130 125 89 233 207 128 75 67 128 77 227 184 144 171 90 109 174 136 186 90 172 132 79 217 99 174 213 145 182 209 67 227 191 73 150 239 201 191 147 169 57 122 142 202 129 35 45 201 208 196 250 120 190 164 180 99 135 223 75 176 70 166 218 218 156 229 177 148 76 121 90 195 136 107 129 245 217 150 137 35 129 69 204 110 123 154 237 122 110 222 160 114 175 145 68 233 168 192 80 224 253 62 212 126 174 235 157 133 143 140 79 222 158 34 165 189 102 289 289 170 132 55 176 304 209 142 42 26 156 133
 137 253 200 90 167 237 178 40 222 307 183 164 1 106 275 58 202 224 165 147 205 273 287 75 118 300 39 26 286 144 206 133 110 87 245 75 291 27 253 251 108 303 147 277 130 289 155 259 148 179 290 93 124 125 191 95 131 197 84 175 99 260 300 22 116 136 107 296 168 244 304 293 87 93 258 167 327 296 146 94 231 358 135 100 292 116 185 80 146 134 196 285 220 156 275 144 200 238 154 189 89 247 161 310 313 255 271 60 127 32 152 313 64 100 9 135 306 132 214 272 93 89 96 192 184 155 186 17 40 150 256 163 261 267 83 312 164 285 65 175 17 274 141 302 103 102 39 325 167 138 181 108 52 289 258 199 143 155 91 101 210 350 302 197 192 88 247 190 177 108 295 158 248 215 55 239 205 188 87 288
 168 314 272 95 189 326 198 141 261 332 115 212 106 1 318 162 98 219 269 110 301 358 257 162 198 305 91 99 348 40 286 44 28 174 228 174 281 114 267 329 37 358 244 366 72 380 57 341 246 273 316 89 131 223 115 194 212 212 183 181 192 351 355 125 127 228 46 320 272 265 377 339 142 25 284 107 303 308 251 14 270 343 56 141 358 31 110 27 246 237 217 318 194 72 338 180 255 179 66 292 145 320 88 314 385 277 271 116 208 134 164 376 145 197 110 235 296 234 280 287 123 191 196 181 157 255 291 116 138 214 253 174 357 321 90 331 267 327 153 84 122 302 245 320 146 193 69 316 171 35 283 175 125 331 347 109 245 124 193 77 279 334 305 243 143 24 259 88 80 51 327 230 209 111 139 219 245 229 191 305
 152 59 109 225 131 171 125 251 58 61 272 112 275 318 1 276 386 144 299 230 198 160 202 208 172 113 250 255 69 339 129 362 296 200 166 301 151 249 91 125 347 54 341 181 265 198 371 143 213 190 55 231 189 327 288 222 163 118 226 149 328 189 50 280 193 187 277 60 254 76 116 23 191 326 56 259 201 94 260 317 49 189 289 183 85 346 284 299 220 249 109 32 190 295 71 140 79 258 303 255 359 102 280 118 120 68 121 333 165 284 159 87 326 317 267 319 155 228 86 86 199 294 230 168 199 331 284 260 245 129 132 151 219 35 230 79 318 11 217 313 269 48 253 79 179 334 279 160 158 326 332 169 322 15 175 319 233 218 238 243 95 188 118 79 237 297 95 390 393 272 39 132 216 401 317 173 75 91 252 78
 160 243 184 136 190 202 201 36 229 317 236 173 58 162 276 1 258 255 108 195 165 241 325 71 106 322 89 75 273 201 183 185 167 77 280 28 320 63 273 226 160 294 95 242 184 251 209 230 106 141 301 141 160 73 246 61 116 221 53 205 57 222 292 38 154 106 163 307 116 260 283 292 109 147 271 219 362 315 93 150 237 387 191 125 276 170 239 137 102 83 217 292 260 212 261 163 198 286 210 137 92 227 216 332 291 270 296 80 113 31 183 298 56 51 56 79 335 88 203 291 127 34 57 227 226 100 131 53 44 149 284 193 218 261 129 326 107 286 64 231 43 285 89 317 126 62 96 353 199 195 124 112 63 290 223 256 96 201 49 152 197 380 324 202 240 146 268 245 230 163 302 148 290 270 51 275 214 198 38 304
 242 392 357 175 256 418 262 238 330 387 126 289 202 98 386 258 1 262 365 158 395 448 273 256 290 347 186 195 426 60 374 82 103 268 261 268 313 210 318 416 105 431 336 457 122 472 57 430 342 367 372 167 202 316 113 290 303 271 279 238 284 444 428 221 199 322 119 375 369 322 459 407 230 113 343 132 319 355 347 109 339 365 99 225 438 93 114 124 342 334 278 379 224 92 417 255 333 179 84 389 226 404 109 355 467 333 313 203 299 229 228 454 234 290 207 329 326 330 362 337 205 286 293 227 196 349 387 213 234 298 293 236 452 394 173 382 362 394 248 77 218 360 342 370 229 283 166 344 229 70 377 263 215 398 439 84 341 170 289 151 362 356 346 317 165 118 311 25 48 122 387 317 224 16 230 251 315 301 288 356
 98 177 182 141 71 263 62 221 103 128 139 111 224 219 144 255 262 1 325 111 268 271 79 190 179 88 188 199 205 227 208 260 192 191 31 281 68 202 59 232 254 197 344 289 151 307 262 251 249 246 114 142 102 324 154 226 182 46 222 51 310 288 193 239 109 217 173 116 294 70 249 165 147 235 92 131 108 94 287 223 108 135 174 131 220 249 151 209 254 273 56 127 47 173 201 98 135 115 181 305 311 211 155 97 255 79 54 280 181 247 74 228 287 304 218 324 83 254 170 77 132 284 234 39 67 342 325 215 213 144 35 63 311 166 149 121 338 150 193 186 227 106 280 110 130 315 209 103 58 214 355 154 275 153 276 186 264 97 239 146 176 127 88 111 101 202 53 272 280 169 133 166 74 276 277 33 98 98 249 95
 230 250 191 232 255 163 265 134 268 352 336 222 165 269 299 108 365 325 1 290 120 202 401 142 147 374 191 178 270 308 176 291 273 138 353 100 384 164 326 205 265 298 64 194 286 196 315 200 87 114 338 238 246 68 347 102 148 284 108 279 98 171 297 145 240 116 267 345 49 309 261 308 188 254 312 319 432 362 41 257 272 448 296 205 267 276 340 244 80 54 276 322 341 316 259 228 227 380 315 60 169 218 318 383 269 316 355 174 147 137 259 289 142 86 162 50 397 75 214 340 214 81 94 306 313 45 34 157 140 189 348 266 153 274 227 365 23 308 143 336 149 323 48 359 204 102 203 413 275 302 34 172 158 310 179 360 67 293 91 252 205 442 378 241 334 252 323 351 335 267 332 174 374 377 143 351 256 244 86 348
 95 241 216 60 102 288 106 161 174 232 53 140 147 110 230 195 158 111 290 1 276 311 150 151 168 198 109 124 274 117 237 150 83 159 119 218 172 134 164 275 146 276 289 324 41 340 152 291 235 249 216 56 56 267 68 193 178 114 184 82 245 315 273 167 58 207 66 220 274 166 311 251 108 128 187 35 195 203 259 116 183 234 64 94 287 140 62 105 238 244 122 223 85 67 266 107 183 92 74 291 225 259 52 207 318 178 164 192 175 176 74 301 208 243 144 273 187 231 216 183 79 228 199 73 48 293 301 145 154 158 145 80 330 240 67 228 296 238 149 84 157 204 252 217 98 248 118 207 73 104 314 137 192 242 307 95 243 15 200 48 218 226 198 164 46 97 156 164 171 61 231 181 105 172 199 110 160 148 206 202
 190 143 95 229 203 44 209 166 184 257 328 158 205 301 198 165 395 268 120 276 1 84 346 140 110 293 211 204 157 337 70 335 294 129 298 177 314 189 250 88 311 185 179 80 289 87 355 81 60 29 246 237 222 174 342 111 100 223 123 232 192 58 185 194 220 74 281 252 72 230 143 202 172 294 226 310 366 277 91 292 185 371 307 184 151 318 336 275 64 91 213 226 298 324 146 181 141 353 326 64 253 104 319 300 150 233 282 244 102 191 219 172 219 178 198 159 325 79 116 258 201 160 112 262 281 162 95 191 167 127 281 222 57 168 228 272 142 205 149 345 191 232 89 269 180 198 235 337 233 327 151 141 227 207 62 364 73 273 119 254 106 367 297 163 312 279 248 387 378 278 235 104 333 409 215 299 178 172 128 262
 217 104 96 274 220 41 221 235 172 220 362 174 273 358 160 241 448 271 202 311 84 1 344 200 161 270 269 266 99 391 75 396 346 188 300 257 302 252 236 40 374 128 262 22 332 39 414 21 138 102 214 282 256 257 378 183 147 229 193 248 274 37 130 265 256 139 330 219 155 216 67 156 219 355 205 345 353 252 174 351 169 348 353 225 87 379 371 333 144 173 218 191 310 367 93 205 138 373 371 144 331 63 359 276 73 215 270 318 151 264 243 104 296 260 265 242 309 158 103 238 244 240 185 277 302 245 175 257 234 153 274 241 68 127 275 238 224 165 211 388 260 205 172 238 220 280 297 317 252 380 232 185 302 165 25 404 154 304 194 299 97 346 275 162 338 335 237 443 437 327 197 132 343 462 291 304 175 177 205 235
 172 246 258 198 148 339 140 290 173 164 151 189 287 257 202 325 273 79 401 150 346 344 1 263 257 103 249 262 268 254 284 293 230 265 50 350 58 268 112 305 293 254 416 363 186 381 288 324 327 325 157 197 166 395 161 301 260 124 297 124 379 363 251 304 173 294 214 156 371 131 315 219 219 277 148 153 48 120 364 264 177 93 204 201 284 285 162 254 332 349 134 177 68 195 266 175 210 96 204 383 371 283 176 106 319 135 82 338 259 313 145 288 350 374 283 397 64 331 244 118 199 355 309 99 105 416 402 280 282 222 72 136 388 230 206 149 413 204 266 200 293 156 357 141 202 383 265 78 128 242 431 230 336 207 351 190 341 138 314 195 251 84 99 187 116 246 110 289 303 209 178 244 50 285 341 51 172 175 323 132
 93 180 125 95 122 166 133 44 159 247 200 102 75 162 208 71 256 190 142 151 140 200 263 1 43 252 72 66 213 198 132 198 155 13 216 98 253 53 204 176 175 231 155 207 155 220 217 185 89 112 231 103 105 135 213 42 57 153 35 141 126 191 228 74 99 67 143 237 124 190 230 225 47 157 200 182 297 245 109 154 167 320 170 64 218 181 206 136 90 94 148 222 201 188 201 95 130 239 190 142 152 172 186 262 238 200 227 129 53 77 120 239 119 118 67 135 268 81 141 221 74 96 49 166 172 153 151 59 39 80 217 128 197 196 92 255 151 218 12 209 65 215 102 247 63 132 98 285 136 188 169 42 116 222 188 231 93 153 52 119 136 313 255 133 194 140 199 248 240 141 232 84 234 270 110 213 144 127 61 234
 87 139 83 120 110 130 119 85 128 216 219 76 118 198 172 106 290 179 147 168 110 161 257 43 1 230 110 107 171 232 90 236 188 33 208 131 238 94 181 135 215 190 176 169 180 183 254 145 72 83 201 128 114 159 233 53 15 137 56 135 158 155 188 116 111 41 173 207 116 165 187 187 63 196 172 201 285 219 109 191 135 302 198 75 176 219 226 173 77 95 130 189 200 215 159 83 93 248 217 129 192 130 209 239 196 173 209 171 11 118 117 197 158 147 110 154 251 75 99 196 91 124 62 164 177 170 147 102 81 46 201 123 165 156 119 226 162 181 54 236 107 185 101 218 71 163 138 267 133 221 179 32 157 185 150 255 86 166 69 145 94 296 233 101 205 176 177 284 277 170 199 43 234 304 150 207 114 100 82 207
 165 167 199 223 135 275 124 289 110 64 223 155 300 305 113 322 347 88 374 198 293 270 103 252 230 1 266 276 181 314 224 347 279 250 88 348 47 276 50 232 340 161 404 290 238 308 349 251 290 277 60 226 183 385 237 281 227 104 281 129 377 296 158 312 190 260 260 57 335 66 228 126 217 321 68 217 90 20 335 309 108 80 261 202 197 335 235 294 297 321 106 83 125 259 182 160 153 185 268 342 388 209 241 11 231 61 35 358 228 319 151 196 361 369 294 382 45 300 179 36 209 347 290 126 153 398 367 289 282 186 55 139 324 146 231 47 390 112 258 271 301 66 327 40 200 382 290 48 139 301 406 212 351 114 282 269 309 184 297 231 188 77 6 134 184 288 55 358 367 255 81 202 136 361 351 99 119 131 309 36
 105 235 187 52 134 237 145 58 195 277 149 139 39 91 250 89 186 188 191 109 211 269 249 72 110 266 1 15 269 128 198 128 86 83 208 110 255 28 220 243 107 283 182 277 97 290 146 253 157 183 260 55 87 159 158 105 123 163 94 139 136 261 280 58 79 138 77 266 186 212 293 270 61 87 228 132 290 263 166 83 204 321 106 69 277 111 151 65 157 152 164 257 182 126 259 114 179 200 126 205 125 235 129 276 301 224 236 93 120 68 117 297 102 135 36 167 270 146 198 240 58 121 109 154 146 187 208 37 52 132 220 128 267 246 44 281 193 260 63 146 48 245 160 270 73 139 31 289 131 118 211 90 89 264 258 170 157 117 107 65 196 313 268 172 155 70 214 178 170 77 267 145 209 200 93 202 178 161 107 256
 113 237 187 66 143 232 154 45 201 285 163 144 26 99 255 75 195 199 178 124 204 266 262 66 107 276 15 1 271 137 196 133 97 78 220 96 266 16 230 240 110 286 167 272 111 285 153 250 148 176 268 69 99 145 172 96 120 173 85 150 122 256 283 44 91 131 90 273 175 221 292 274 66 92 236 146 302 273 155 89 210 333 119 77 278 116 165 73 148 141 173 263 195 139 260 122 182 215 138 195 113 234 143 286 301 232 246 83 117 53 128 298 89 121 22 153 281 136 199 249 69 107 99 167 160 173 196 23 41 134 231 139 260 249 58 289 180 265 56 159 34 252 149 279 80 125 33 300 142 128 197 91 77 269 253 183 147 131 96 79 196 325 278 177 169 79 223 185 176 90 274 144 223 209 80 214 184 167 95 265
 185 35 90 256 174 121 170 255 105 125 321 139 286 348 69 273 426 205 270 274 157 99 268 213 171 181 269 271 1 375 97 391 330 202 229 295 219 261 157 71 373 31 322 120 305 136 404 85 188 158 122 263 225 311 337 214 159 170 221 198 319 133 32 286 228 172 311 127 223 139 48 59 210 352 122 307 269 162 234 345 98 256 328 208 17 374 332 326 196 227 159 99 249 338 13 172 94 316 344 219 362 54 325 185 52 134 188 341 162 287 201 29 327 306 278 299 223 207 73 153 226 284 220 222 252 308 250 270 251 138 197 196 164 39 259 144 291 70 223 357 277 116 229 146 203 325 299 228 205 362 303 181 327 70 118 367 209 264 229 278 78 256 186 111 290 326 160 427 426 307 103 129 278 441 320 235 116 127 242 146
 192 340 303 121 209 361 217 180 282 347 104 237 144 40 339 201 60 227 308 117 337 391 254 198 232 314 128 137 375 1 318 44 46 209 232 213 285 152 279 361 58 382 282 400 78 414 36 374 284 309 331 113 152 261 98 231 245 228 220 196 230 386 379 164 149 264 65 335 310 280 406 361 174 58 301 102 300 319 289 52 292 343 54 170 386 46 96 66 283 276 234 336 195 60 365 204 281 168 51 330 178 350 79 323 414 292 280 152 242 172 182 403 181 235 148 274 299 271 309 299 151 230 234 190 162 293 329 154 176 243 261 191 393 345 118 344 305 348 189 61 160 318 283 333 175 230 107 319 186 15 322 207 162 352 382 83 283 131 231 98 308 334 314 267 139 59 272 53 55 69 344 261 204 73 176 222 267 252 229 318
 144 76 27 200 150 56 153 170 117 187 289 103 206 286 129 183 374 208 176 237 70 75 284 132 90 224 198 196 97 318 1 325 273 120 237 203 249 183 183 46 304 123 226 88 258 105 342 57 93 63 176 208 183 215 304 123 76 164 131 179 225 82 122 201 182 78 256 182 129 163 101 135 145 284 158 272 300 209 139 279 117 303 279 151 96 308 298 261 100 131 153 157 243 293 85 133 75 303 297 128 273 46 285 232 109 165 216 256 80 201 171 118 238 212 198 204 258 111 46 190 170 190 128 208 231 213 157 190 168 80 217 171 104 100 202 203 196 137 142 314 194 163 134 199 146 231 227 270 182 306 209 112 241 139 72 330 113 231 137 225 37 299 229 99 266 263 182 370 365 253 165 58 277 389 231 240 114 111 149 193
 211 356 312 138 233 363 241 171 304 375 146 254 133 44 362 185 82 260 291 150 335 396 293 198 236 347 128 133 391 44 325 1 69 210 268 192 321 147 309 369 26 401 257 403 111 416 26 380 279 307 359 132 175 238 141 226 250 255 214 224 205 387 398 149 170 263 88 363 299 308 418 382 183 42 328 141 340 350 277 47 314 381 90 183 400 18 138 66 277 265 260 361 232 101 380 223 298 210 92 320 146 360 119 356 426 320 313 123 246 156 207 418 155 212 139 252 336 264 322 329 166 211 227 222 197 271 315 146 169 255 294 217 391 363 133 374 285 371 188 104 148 345 272 363 188 204 101 355 214 53 300 215 137 375 384 126 275 164 222 120 320 373 347 286 178 66 302 62 46 93 370 270 244 90 152 259 288 272 218 348
 147 296 257 76 167 316 175 142 239 308 90 193 110 28 296 167 103 192 273 83 294 346 230 155 188 279 86 97 330 46 273 69 1 166 201 183 254 112 241 316 65 338 254 356 44 370 75 329 242 266 291 68 109 233 92 190 201 188 180 156 204 342 335 131 105 220 21 295 271 240 361 318 128 49 261 80 276 282 251 37 249 316 32 125 341 58 86 35 242 237 193 295 166 51 321 160 237 154 46 291 164 304 63 288 369 252 245 133 197 140 140 358 158 207 112 243 269 231 263 261 106 198 194 154 130 264 292 117 137 198 226 150 350 301 73 306 273 305 147 67 125 278 245 295 130 205 72 289 146 34 290 162 140 310 337 92 243 97 192 54 263 307 279 223 116 24 234 99 98 26 303 216 182 117 151 192 223 208 192 280
 94 171 115 105 122 154 132 53 154 242 209 98 87 174 200 77 268 191 138 159 129 188 265 13 33 250 83 78 202 209 120 210 166 1 218 103 253 65 201 165 187 221 156 195 164 208 229 174 79 101 226 112 110 137 222 37 45 152 33 143 131 179 219 84 105 55 153 232 116 186 218 216 52 169 196 190 298 241 103 165 161 318 180 69 207 193 215 147 81 88 146 216 205 198 191 94 122 245 200 133 161 161 196 259 227 195 226 139 42 86 122 228 127 121 79 135 267 73 131 217 81 99 45 169 177 152 144 71 50 73 216 130 185 187 102 251 148 210 23 220 76 210 95 242 67 136 110 284 139 199 166 39 126 214 176 240 85 160 50 129 126 312 253 127 200 152 196 260 252 151 226 74 238 281 119 215 138 123 60 229
 125 204 211 159 99 292 91 245 129 140 136 141 245 228 166 280 261 31 353 119 298 300 50 216 208 88 208 220 229 232 237 268 201 218 1 306 54 224 76 260 264 218 370 318 159 336 267 279 278 276 128 159 123 350 150 253 211 75 250 76 335 317 215 262 130 246 184 129 323 91 275 185 173 246 111 132 83 100 316 234 134 117 179 155 245 258 148 222 283 301 86 145 38 175 226 127 164 99 184 334 331 238 156 96 280 99 56 299 210 270 98 251 308 329 240 350 69 282 198 89 155 309 262 55 72 369 354 237 237 174 38 89 341 191 167 129 365 170 219 185 250 123 308 118 155 339 227 88 82 219 383 182 296 173 305 181 293 106 266 160 205 108 87 140 97 214 71 273 284 179 149 195 52 275 299 11 126 127 276 106
 186 266 206 159 216 217 227 62 255 343 257 199 75 174 301 28 268 281 100 218 177 257 350 98 131 348 110 96 295 213 203 192 183 103 306 1 347 86 300 244 167 317 73 256 204 263 217 247 120 156 327 163 186 51 265 82 140 247 76 232 30 235 315 54 179 125 180 333 120 286 302 316 135 157 297 240 388 341 96 162 263 413 209 152 297 178 258 151 114 89 243 317 285 229 283 190 223 309 227 140 77 248 235 358 310 296 322 75 137 44 209 319 45 26 75 62 361 100 226 317 153 21 76 253 251 82 128 74 70 174 310 219 227 285 152 352 94 311 91 248 62 311 94 343 153 35 112 379 225 208 110 138 59 315 237 273 106 225 67 174 219 406 351 228 263 160 295 253 237 181 328 171 315 279 44 301 240 224 54 330
 162 200 223 207 133 302 122 286 133 108 188 164 291 281 151 320 313 68 384 172 314 302 58 253 238 47 255 266 219 285 249 321 254 253 54 347 1 269 67 263 317 202 408 322 212 339 320 282 304 296 102 208 169 388 201 287 238 102 285 117 376 325 199 306 176 272 236 100 349 87 266 167 213 299 99 185 53 64 346 287 135 68 233 196 235 311 200 273 310 331 109 124 91 228 219 160 175 143 237 358 378 240 209 50 270 88 34 347 238 313 140 237 354 369 285 387 16 311 205 67 199 348 295 104 125 404 381 282 279 198 38 129 351 182 215 93 398 152 258 237 294 104 338 84 195 381 275 36 125 272 415 216 342 154 311 232 321 158 301 211 213 61 43 153 150 266 67 326 337 231 124 217 94 326 344 64 137 145 312 77
 112 228 176 74 142 218 153 31 196 281 175 138 27 114 249 63 210 202 164 134 189 252 268 53 94 276 28 16 261 152 183 147 112 65 224 86 269 1 229 228 124 277 156 258 124 270 167 237 133 161 264 79 103 134 185 81 108 173 69 152 113 241 275 38 96 117 104 270 160 218 281 267 62 106 232 158 307 271 140 104 205 335 133 75 268 130 178 88 133 126 171 259 201 153 250 119 174 225 153 180 114 223 156 286 289 229 247 86 104 46 129 288 86 111 19 141 284 121 189 247 71 95 83 171 167 161 181 14 26 125 233 140 245 241 68 286 167 259 42 173 27 249 134 277 78 117 47 302 145 143 184 82 77 263 239 197 132 140 80 91 186 328 278 171 179 94 223 200 190 104 269 134 230 224 77 219 179 162 81 263
 118 135 157 180 88 236 77 241 67 70 196 106 253 267 91 273 318 59 326 164 250 236 112 204 181 50 220 230 157 279 183 309 241 201 76 300 67 229 1 198 300 144 355 256 203 274 314 217 244 233 56 183 140 337 212 233 180 58 232 87 329 259 141 265 146 212 222 58 289 21 204 110 169 280 37 187 119 44 287 269 69 123 226 155 173 296 209 253 250 274 58 70 105 228 155 112 110 171 236 296 341 174 210 59 208 24 34 312 180 271 107 178 313 321 247 334 76 253 140 21 163 299 241 92 123 350 320 241 234 139 41 95 285 119 187 66 342 95 210 242 253 49 280 54 152 334 245 89 97 266 358 164 304 98 246 244 261 150 248 191 148 119 53 89 159 248 8 326 333 217 75 155 127 332 304 84 73 83 260 39
 181 67 60 242 182 51 183 215 133 185 326 137 251 329 125 226 416 232 205 275 88 40 305 176 135 232 243 240 71 361 46 369 316 165 260 244 263 228 198 1 348 101 261 59 299 77 386 20 129 94 178 250 221 252 342 166 121 190 175 210 265 65 101 246 222 121 299 183 157 177 59 123 189 329 167 310 315 215 172 324 130 311 320 193 64 352 336 305 136 167 179 156 272 334 62 169 99 335 338 151 316 25 324 239 67 177 231 300 125 245 206 85 281 252 243 239 271 149 64 200 212 230 170 239 265 245 182 234 213 120 235 204 96 92 244 203 227 130 187 354 239 167 168 202 188 271 271 279 215 349 237 156 285 131 51 369 148 268 179 267 59 309 237 123 301 307 198 413 409 295 162 101 304 431 275 265 135 138 191 198
 196 339 293 124 220 341 230 147 290 365 150 238 108 37 347 160 105 254 265 146 311 374 293 175 215 340 107 110 373 58 304 26 65 187 264 167 317 124 300 348 1 384 232 381 108 393 51 359 255 284 348 119 163 213 149 202 229 244 190 214 180 364 381 124 157 240 82 352 275 297 398 368 164 22 316 143 339 342 252 32 300 379 92 166 382 14 144 49 253 240 248 349 230 106 362 208 280 215 99 295 123 341 123 349 407 309 306 99 225 131 196 401 131 187 114 227 332 240 303 320 150 186 203 216 193 246 290 122 145 236 288 206 367 347 118 364 260 357 165 114 124 333 247 353 171 180 78 351 204 62 275 195 112 361 362 139 250 160 198 110 301 371 340 270 179 53 293 87 71 87 358 250 245 115 127 255 273 257 193 338
 192 52 112 264 176 150 171 274 103 102 321 147 303 358 54 294 431 197 298 276 185 128 254 231 190 161 283 286 31 382 123 401 338 221 218 317 202 277 144 101 384 1 348 149 309 164 412 115 214 185 102 271 231 336 337 236 179 167 242 197 342 162 5 304 234 195 319 105 250 128 71 37 223 363 108 307 250 142 261 355 94 234 333 219 43 385 332 337 222 253 157 80 242 341 41 179 105 310 348 247 381 82 327 164 73 121 173 359 182 306 204 36 347 330 294 325 205 232 92 137 236 307 243 218 249 335 278 287 269 153 185 197 193 38 269 121 318 51 241 360 295 99 256 124 214 348 313 208 205 369 330 196 346 49 148 368 235 265 252 285 99 234 166 116 287 336 148 434 434 314 81 148 269 446 339 226 117 131 265 127
 247 298 237 230 276 222 287 129 303 390 329 251 147 244 341 95 336 344 64 289 179 262 416 155 176 404 182 167 322 282 226 257 254 156 370 73 408 156 355 261 232 348 1 256 276 258 282 258 134 167 375 234 253 23 337 124 181 306 124 295 53 233 346 126 247 155 253 382 108 340 318 353 199 225 347 312 451 395 90 231 309 473 281 216 320 244 331 222 127 96 301 362 352 301 310 248 265 380 299 123 121 270 308 413 326 348 381 135 180 116 273 342 103 49 147 24 422 116 260 371 220 63 116 319 320 21 97 146 137 221 371 282 216 320 223 401 44 351 152 320 134 359 94 394 216 54 184 439 290 278 51 193 122 354 240 345 114 295 108 246 252 467 407 276 334 231 351 319 301 254 372 212 383 346 107 366 289 275 97 382
 231 124 111 285 235 42 238 239 191 241 376 189 277 366 181 242 457 289 194 324 80 22 363 207 169 290 277 272 120 400 88 403 356 195 318 256 322 258 256 59 381 149 256 1 344 19 422 40 137 102 235 293 269 252 391 185 156 247 196 264 271 24 150 268 268 143 340 240 148 236 85 176 229 362 225 358 373 272 169 359 188 368 364 236 107 386 385 341 142 170 235 212 327 379 113 220 155 389 383 135 331 83 371 296 90 235 289 320 159 266 257 123 297 257 270 236 329 157 121 258 255 239 187 294 318 238 165 262 239 167 293 257 51 147 286 259 216 185 217 400 264 225 167 259 232 277 304 337 268 389 222 195 304 186 20 417 152 318 195 310 114 366 295 179 353 344 256 452 445 337 218 145 360 472 292 322 193 194 205 256
 121 271 239 61 135 306 141 154 208 271 54 168 130 72 265 184 122 151 286 41 289 332 186 155 180 238 97 111 305 78 258 111 44 164 159 204 212 124 203 299 108 309 276 344 1 359 112 313 242 261 255 53 80 254 62 194 192 152 185 119 229 332 306 152 79 217 30 258 277 204 339 286 118 92 225 40 232 243 259 79 218 273 25 109 317 101 55 71 244 245 158 260 123 36 296 134 212 114 41 295 198 285 33 247 347 216 204 166 189 161 107 332 187 229 130 263 226 235 242 222 90 217 200 113 88 283 301 132 147 180 185 116 344 273 63 268 289 273 149 57 143 242 253 256 113 231 96 246 110 64 307 150 170 277 326 77 247 55 199 37 243 264 238 195 73 62 196 126 131 26 268 201 139 137 179 149 193 180 202 241
 248 142 129 300 253 55 255 250 209 258 392 206 289 380 198 251 472 307 196 340 87 39 381 220 183 308 290 285 136 414 105 416 370 208 336 263 339 270 274 77 393 164 258 19 359 1 435 58 146 112 252 308 286 256 407 196 170 264 207 282 277 30 166 279 285 154 355 257 152 254 98 193 244 375 242 375 391 290 173 372 206 386 379 252 122 399 401 354 150 176 253 229 345 394 130 237 173 407 398 136 339 101 387 313 101 253 307 329 174 276 275 136 305 263 282 239 347 165 138 276 270 245 197 311 335 240 165 274 250 183 311 274 45 165 301 276 217 202 229 416 275 242 173 276 247 283 316 355 285 403 222 210 313 203 35 433 158 335 204 325 132 384 313 197 370 358 274 466 458 352 235 161 378 486 300 340 211 211 214 273
 222 369 328 149 241 382 249 193 314 381 138 266 155 57 371 209 57 262 315 152 355 414 288 217 254 349 146 153 404 36 342 26 75 229 267 217 320 167 314 386 51 412 282 422 112 435 1 397 300 327 365 142 183 262 131 247 268 261 235 229 230 407 409 172 179 283 95 369 322 314 433 392 198 63 334 137 335 354 300 64 323 378 89 197 414 40 129 82 298 288 267 369 230 94 394 234 310 201 85 343 170 376 113 358 441 326 315 148 264 179 214 431 180 237 160 277 334 286 336 333 178 235 249 224 197 296 339 167 190 270 295 224 411 375 145 378 310 380 207 92 171 351 295 367 202 229 121 354 219 49 325 231 162 384 403 112 297 166 244 129 335 369 349 297 174 80 306 37 24 100 377 286 239 65 177 257 298 282 241 352
 197 86 76 256 199 40 201 222 152 203 342 154 259 341 143 230 430 251 200 291 81 21 324 185 145 251 253 250 85 374 57 380 329 174 279 247 282 237 217 20 359 115 258 40 313 58 397 1 129 94 196 264 237 251 358 171 131 209 181 228 266 48 116 252 237 126 312 202 152 196 62 140 201 339 185 326 334 233 169 335 149 329 335 207 76 363 352 316 136 166 198 174 290 348 77 186 117 353 353 144 321 44 339 257 69 195 250 306 135 251 223 94 286 253 251 237 290 150 82 219 226 232 174 257 282 242 175 243 220 134 254 221 79 109 258 221 222 148 196 369 246 186 166 220 202 272 282 298 232 362 231 168 290 149 34 385 147 285 183 281 77 327 256 141 318 319 217 426 421 309 180 114 322 444 280 283 154 156 194 217
 159 165 106 182 180 98 188 109 183 266 286 141 148 246 213 106 342 249 87 235 60 138 327 89 72 290 157 148 188 284 93 279 242 79 278 120 304 133 244 129 255 214 134 137 242 146 300 129 1 37 253 190 184 124 299 54 68 205 65 206 138 117 214 135 180 33 230 259 46 225 187 222 128 238 227 268 353 278 48 237 187 366 258 143 187 262 292 220 9 40 197 236 272 276 177 153 141 319 277 58 195 137 273 299 195 231 274 185 69 132 189 209 161 124 141 112 316 21 129 256 158 104 53 235 248 121 78 134 111 107 268 194 114 188 180 279 106 222 96 297 133 237 42 273 140 144 180 331 205 274 120 103 168 225 118 318 22 235 60 206 120 361 294 157 275 226 240 333 322 229 246 90 306 356 156 277 172 161 69 263
 164 138 82 201 180 62 187 140 168 246 301 136 179 273 190 141 367 246 114 249 29 102 325 112 83 277 183 176 158 309 63 307 266 101 276 156 296 161 233 94 284 185 167 102 261 112 327 94 37 1 234 209 195 159 315 85 73 202 96 208 174 82 184 168 192 46 252 240 66 213 152 197 144 266 212 283 347 263 78 264 171 355 279 156 155 290 308 247 43 74 192 216 275 296 146 156 125 327 298 67 231 105 291 286 160 218 264 219 75 165 194 177 196 160 171 145 307 58 105 243 173 140 86 238 255 152 95 164 140 104 262 197 85 162 200 261 135 198 121 317 164 220 74 256 152 180 208 320 208 299 146 114 203 201 83 337 55 247 94 226 96 350 282 145 285 251 230 359 351 250 225 82 309 381 191 277 161 153 104 248
 156 111 153 225 129 223 119 272 73 18 251 130 290 316 55 301 372 114 338 216 246 214 157 231 201 60 260 268 122 331 176 359 291 226 128 327 102 264 56 178 348 102 375 235 255 252 365 196 253 234 1 230 186 359 266 253 195 105 255 137 356 242 99 299 191 224 272 7 296 52 169 66 204 327 33 241 149 41 299 317 67 135 278 193 138 345 263 300 260 287 100 24 159 281 124 147 113 225 289 300 377 154 264 64 172 40 76 349 197 304 153 137 346 346 283 353 104 265 131 41 204 323 261 146 178 367 327 277 265 156 92 143 271 88 232 28 356 53 239 296 287 17 292 25 189 361 287 107 147 318 371 190 340 54 228 299 272 203 269 239 140 134 65 101 213 296 62 379 385 267 23 166 179 386 337 137 88 105 282 26
 80 228 191 9 102 255 112 107 173 247 99 125 93 89 231 141 167 142 238 56 237 282 197 103 128 226 55 69 263 113 208 132 68 112 159 163 208 79 183 250 119 271 234 293 53 308 142 264 190 209 230 1 45 212 111 143 140 127 134 98 190 281 268 113 39 164 50 234 226 179 294 252 66 98 198 82 240 226 209 88 183 274 72 58 273 117 104 71 192 194 130 231 130 88 253 93 169 147 91 244 174 238 84 235 302 191 193 142 137 122 78 290 155 188 90 219 224 183 196 203 39 173 149 106 93 239 251 90 100 132 176 89 292 234 12 247 243 240 98 109 102 215 202 236 63 193 69 243 88 101 261 99 140 244 275 129 195 63 149 18 196 266 227 156 101 67 176 166 165 46 240 151 156 182 146 152 157 141 153 221
 42 191 162 41 59 233 68 125 131 203 108 89 124 131 189 160 202 102 246 56 222 256 166 105 114 183 87 99 225 152 183 175 109 110 123 186 169 103 140 221 163 231 253 269 80 286 183 237 184 195 186 45 1 232 123 146 124 83 139 55 214 260 228 140 8 154 89 190 225 135 260 210 59 142 154 90 205 182 212 132 141 236 104 42 237 161 116 115 187 197 86 187 100 114 217 55 133 136 120 241 210 207 104 193 268 147 151 179 121 148 34 253 187 210 118 235 184 182 163 160 34 192 153 69 68 254 253 116 118 104 135 45 275 194 49 203 254 198 104 134 128 172 205 192 45 218 108 204 46 139 272 83 174 202 252 149 194 52 156 56 165 228 184 116 92 111 133 204 205 85 197 126 131 217 177 117 115 101 163 177
 227 285 224 208 256 216 267 108 286 374 307 233 125 223 327 73 316 324 68 267 174 257 395 135 159 385 159 145 311 261 215 238 233 137 350 51 388 134 337 252 213 336 23 252 254 256 262 251 124 159 359 212 232 1 315 107 165 287 106 275 34 229 334 104 225 142 231 365 105 322 310 339 178 204 330 290 431 377 84 210 293 454 259 195 310 224 309 200 117 86 282 346 331 280 299 229 250 358 277 122 105 260 285 395 318 330 362 116 163 94 252 332 83 27 125 19 402 105 246 353 199 41 99 298 298 35 100 124 115 204 351 262 215 307 201 384 53 336 131 298 112 343 86 376 195 37 162 419 269 257 65 174 102 340 235 323 105 273 91 223 239 447 388 259 312 210 332 299 281 232 357 196 362 326 87 346 272 257 78 364
 162 305 283 118 165 355 168 215 235 281 17 207 191 115 288 246 113 154 347 68 342 378 161 213 233 237 158 172 337 98 304 141 92 222 150 265 201 185 212 342 149 337 337 391 62 407 131 358 299 315 266 111 123 315 1 253 244 171 244 141 289 382 334 213 124 272 87 269 336 218 376 310 172 138 241 34 208 246 319 126 244 253 61 160 351 138 8 125 301 304 181 277 113 43 330 174 249 71 51 353 254 326 31 244 383 230 203 223 241 222 138 364 246 290 191 324 214 293 282 230 143 278 259 122 90 344 361 194 208 226 183 143 396 302 122 274 350 295 208 40 204 257 312 262 164 291 156 232 133 89 368 202 228 299 374 33 305 75 259 96 284 244 235 228 54 115 205 128 143 85 283 248 112 126 239 139 222 212 262 248
 130 185 125 136 156 145 166 56 181 268 241 128 95 194 222 61 290 226 102 193 111 183 301 42 53 281 105 96 214 231 123 226 190 37 253 82 287 81 233 166 202 236 124 185 194 196 247 171 54 85 253 143 146 107 253 1 60 186 12 178 107 166 234 84 140 46 180 259 83 217 223 236 88 185 224 223 333 272 68 184 187 352 208 104 216 209 246 167 53 52 179 241 241 227 202 128 145 280 228 102 152 167 226 291 231 225 259 137 58 82 158 238 116 96 88 102 301 42 145 248 115 73 9 205 212 118 109 81 58 98 250 166 167 205 132 279 113 232 46 248 80 237 60 271 103 113 127 317 175 222 131 73 121 236 166 270 53 194 17 159 138 346 284 153 235 173 228 280 269 179 251 92 274 303 110 251 167 152 30 259
 93 128 70 132 113 117 121 97 123 210 229 75 131 212 163 116 303 182 148 178 100 147 260 57 15 227 123 120 159 245 76 250 201 45 211 140 238 108 180 121 229 179 181 156 192 170 268 131 68 73 195 140 124 165 244 60 1 139 65 140 166 143 177 128 121 36 186 202 113 162 174 177 75 209 167 211 287 216 109 205 129 301 211 85 163 233 237 186 73 95 130 182 206 226 147 87 86 256 230 124 204 117 221 236 183 170 208 183 5 130 124 185 169 155 123 159 251 74 88 193 103 132 68 169 184 173 144 115 94 42 202 128 154 146 132 221 164 173 67 248 120 179 101 214 81 172 151 266 139 234 180 42 169 177 137 266 84 175 76 157 82 296 231 96 214 189 176 297 291 183 192 33 240 317 162 211 110 97 90 203
