NAME : domp300p100v5
COMMENT : (Deleplanque et al.) 
TYPE : DOMP
DIMENSION : 300
DISPLAY_DATA_TYPE: NO_DISPLAY
OPEN_FACILITIES : 100
COST_SECTION
 1 246 104 185 143 213 214 121 296 293 203 195 36 281 303 80 244 160 97 344 208 64 22 288 304 144 312 240 182 219 191 116 28 98 347 108 187 292 182 303 186 301 235 43 323 206 256 226 180 228 335 122 126 69 167 153 119 65 308 315 29 233 147 154 160 276 43 327 184 119 89 123 93 219 273 98 317 167 134 250 161 147 263 33 131 35 181 222 83 172 248 278 159 168 152 233 159 74 212 299 189 232 128 43 185 39 133 77 49 102 152 237 158 197 268 296 141 244 300 95 101 321 260 103 37 264 65 260 132 278 154 158 137 213 152 168 169 175 236 254 9 118 223 113 146 130 137 88 243 245 291 25 285 115 166 125 47 320 251 147 291 163 156 254 81 187 161 139 205 192 310 57 141 18 325 316 190 187 123 297 89 188 81 234 79 232 243 140 146 28 338 102 305 154 166 212 109 63 230 212 207 153 28 176 254 127 185 38 254 174 51 228 234 200 273 173 287 170 232 278 195 125 55 194 88 278 92 223 174 186 100 150 132 105 227 70 94 112 232 277 134 259 31 107 164 288 243 139 243 294 253 192 189 304 216 114 77 299 194 186 300 157 227 80 220 146 134 29 319 19 138 96 213 303 176 179 123 310 157 70 213 253 289 105 226 107 244 234 103 170 119 311 201 291 52 288 144 168 77 118
 246 1 349 423 365 346 309 140 438 419 436 134 263 325 431 325 400 400 210 341 274 271 235 460 302 353 293 27 70 426 98 359 272 151 342 215 245 338 81 322 341 416 67 261 311 441 321 41 395 146 353 298 303 179 393 117 363 183 422 370 261 444 107 366 311 375 278 381 404 128 275 349 244 363 361 329 325 82 364 455 221 254 372 214 322 218 305 437 261 158 352 336 403 156 376 323 346 203 399 457 409 433 329 220 300 212 358 284 256 317 175 458 95 199 415 434 168 194 364 204 150 510 218 199 278 320 244 478 340 250 227 130 125 416 392 326 259 408 196 257 253 354 446 136 106 232 189 217 146 286 456 236 348 324 405 121 243 282 173 256 270 383 346 214 326 386 200 354 93 219 401 293 354 236 373 407 423 403 366 397 158 297 322 355 303 76 369 108 326 229 530 184 412 365 289 268 312 308 143 359 41 123 224 215 350 120 397 214 261 385 295 405 174 202 460 73 427 383 439 403 422 361 278 238 317 421 204 196 409 381 154 372 130 155 446 291 284 353 220 362 123 395 235 140 201 373 122 341 250 441 462 191 88 317 304 172 314 448 409 398 330 390 448 298 404 275 375 218 305 231 263 157 435 485 71 71 252 487 361 289 193 296 298 149 401 318 462 392 147 403 166 365 71 352 286 382 125 125 272 351
 104 349 1 96 96 225 248 220 284 293 123 288 93 324 299 25 232 69 176 395 258 106 117 257 361 117 374 343 285 169 290 25 78 200 398 184 247 332 283 352 192 305 336 101 380 121 294 328 125 319 380 143 143 171 99 252 16 167 311 347 93 175 248 112 179 294 78 358 124 222 122 79 154 223 297 61 369 270 78 196 230 201 277 135 131 134 210 162 129 261 269 315 56 257 93 265 148 162 184 275 129 185 120 135 217 139 81 101 108 90 237 167 260 274 258 287 230 325 330 178 202 272 336 186 74 305 130 190 107 347 221 254 237 168 63 179 222 96 316 317 97 56 152 215 248 194 219 166 334 297 265 116 319 104 79 229 121 386 337 199 356 107 143 330 25 154 238 104 304 262 326 69 103 115 358 331 110 133 28 310 192 222 37 249 78 332 252 243 148 123 285 190 313 119 202 266 107 42 321 216 310 251 127 247 277 230 136 138 316 130 55 203 319 276 231 276 278 124 179 280 124 55 87 257 66 269 176 302 93 156 201 95 231 204 161 84 120 33 305 302 235 258 119 210 240 310 338 121 307 279 194 271 290 355 253 206 52 283 138 132 346 83 158 90 191 187 46 132 378 119 185 197 145 261 279 282 176 271 130 90 292 302 344 205 204 96 176 223 205 93 212 344 302 325 73 306 242 264 117 62
 185 423 96 1 74 207 246 305 235 252 32 340 184 321 255 113 191 114 227 396 269 156 190 193 368 100 385 421 356 102 351 106 162 281 399 229 269 325 365 353 176 268 400 164 387 26 290 408 191 366 375 157 154 252 162 316 82 249 273 332 164 99 330 189 179 270 169 341 63 298 217 80 195 197 279 152 370 343 65 119 262 224 253 217 133 218 211 85 224 310 251 307 76 307 164 258 131 252 135 217 65 117 120 223 220 213 161 196 201 182 285 80 341 309 214 240 281 360 315 231 284 193 365 238 149 302 223 101 193 368 252 313 303 107 35 172 240 24 351 334 177 70 66 288 319 229 265 217 381 304 205 203 308 114 20 305 182 402 378 222 372 176 127 360 110 110 276 90 365 292 298 132 185 199 344 301 24 74 101 280 267 226 132 228 173 394 226 316 143 209 202 281 279 91 210 279 199 130 369 191 387 313 201 279 262 306 82 211 333 86 143 154 359 310 161 353 233 81 107 244 45 133 180 281 160 223 230 337 20 116 270 169 316 271 78 179 215 75 333 284 318 222 207 285 278 289 390 112 327 228 114 309 354 358 253 263 147 230 75 198 344 38 74 130 141 203 112 212 386 202 208 280 64 188 356 354 206 200 104 137 328 307 351 289 157 188 90 184 287 29 269 330 369 313 167 281 328 322 159 73
 143 365 96 74 1 141 175 259 190 200 74 272 156 251 205 97 138 150 160 326 196 96 141 162 297 28 313 366 296 79 286 119 128 232 329 160 196 257 314 283 108 214 335 110 316 82 221 354 218 296 306 84 81 204 191 253 93 202 219 267 116 91 279 207 107 208 144 277 42 243 202 22 127 134 214 153 300 284 20 110 190 151 191 172 60 177 139 80 205 241 186 239 117 239 187 189 62 216 88 180 47 94 47 184 148 162 176 182 174 181 215 96 290 237 164 192 214 287 250 165 236 184 292 172 108 232 197 119 201 295 180 247 242 76 62 101 167 52 278 261 137 42 83 232 260 158 196 152 310 232 170 165 240 43 62 251 125 329 306 149 299 201 57 287 93 58 205 17 299 219 238 87 199 160 278 242 64 45 118 221 212 153 124 164 164 329 164 258 71 170 199 244 223 24 137 206 197 109 299 128 331 249 152 207 195 250 45 159 260 36 118 108 287 238 139 297 184 30 92 188 58 149 160 208 156 174 165 264 55 61 212 190 269 211 86 165 203 64 260 219 270 166 171 231 207 226 321 39 254 184 111 237 290 287 182 198 138 187 52 226 274 38 86 69 96 130 135 167 314 161 135 234 73 169 301 294 134 178 37 79 256 235 279 241 109 187 102 130 238 47 204 264 306 246 146 220 282 257 94 36
 213 346 225 207 141 1 51 290 95 83 192 220 242 117 94 215 57 287 154 191 88 151 197 118 170 114 189 357 282 130 251 249 216 260 195 143 109 120 326 150 34 89 295 171 187 203 87 351 348 229 170 93 90 243 323 233 226 243 96 127 187 148 296 332 53 70 239 137 148 254 297 150 130 20 75 272 167 275 158 146 127 95 54 227 96 236 43 151 293 191 46 102 256 192 316 56 80 276 86 112 148 126 106 248 47 204 301 281 259 293 172 177 302 161 70 92 180 200 110 160 265 174 194 161 194 99 277 185 319 185 121 217 229 119 201 48 89 184 192 150 211 175 175 240 254 120 159 153 241 111 112 236 102 122 199 262 169 209 226 93 182 330 85 192 211 100 148 127 259 139 103 178 321 228 139 108 188 138 251 87 232 51 241 25 271 287 31 257 78 235 194 297 94 119 60 99 306 217 233 20 323 226 202 136 56 258 128 201 147 122 220 79 209 160 129 296 83 127 138 67 170 278 256 120 269 77 163 181 188 94 219 317 297 212 166 267 301 196 166 80 294 52 242 246 147 87 260 106 146 96 157 166 260 156 59 184 251 103 140 356 140 175 170 146 86 78 268 221 187 224 91 269 166 147 299 281 106 146 105 152 177 110 153 273 73 299 174 51 266 180 188 125 277 107 245 82 310 222 137 168
 214 309 248 246 175 51 1 271 132 111 235 179 246 78 123 234 105 313 136 152 40 157 195 166 124 148 142 323 249 178 212 272 223 241 155 123 66 85 298 109 72 108 254 175 143 245 48 318 368 184 134 106 106 229 345 200 252 231 115 103 192 197 272 348 70 71 246 115 190 231 301 179 123 70 62 287 126 244 190 196 91 72 64 221 120 231 39 199 295 152 45 68 286 154 335 21 116 268 135 156 191 175 133 244 32 197 319 287 261 305 137 225 276 116 112 127 147 151 87 142 247 223 144 140 204 59 276 234 333 135 88 183 200 167 235 75 56 223 144 100 213 203 221 216 225 97 128 139 194 62 158 235 74 147 235 237 168 161 177 71 133 349 120 142 231 144 111 160 219 94 103 191 336 227 113 109 229 181 275 94 213 27 257 49 281 245 63 229 106 233 243 286 107 156 49 50 316 232 187 70 290 193 197 96 45 233 172 194 97 164 232 129 162 115 179 266 120 167 187 95 213 299 263 75 283 116 145 133 227 138 196 336 277 188 213 276 306 223 116 66 272 90 241 225 110 77 215 137 96 135 207 123 223 113 9 158 265 142 184 375 100 212 217 161 136 69 292 216 142 222 78 252 212 195 269 249 93 194 142 165 130 63 107 255 123 310 222 101 248 218 161 99 239 80 254 81 289 186 143 196
 121 140 220 305 259 290 271 1 383 372 323 157 129 318 383 197 334 264 137 363 248 167 118 387 320 254 320 128 94 331 130 226 144 31 364 150 219 331 65 329 272 374 156 150 335 325 301 112 255 190 363 213 218 56 254 102 235 58 381 360 144 346 34 227 242 341 144 372 300 48 136 239 163 302 331 192 339 81 252 362 187 201 331 89 231 88 250 336 122 154 313 322 272 149 237 290 260 64 315 392 305 342 234 86 249 99 220 145 119 178 150 354 46 198 355 380 136 227 348 131 26 428 249 132 157 306 105 376 201 277 187 120 90 323 271 254 216 294 222 266 128 237 340 60 74 175 149 138 201 277 388 105 332 224 286 45 137 319 221 202 295 244 258 244 199 294 174 252 141 206 373 175 215 107 367 379 309 302 234 363 59 249 190 307 165 158 318 66 242 98 447 47 375 266 233 247 173 179 190 296 100 107 108 193 315 50 298 102 269 286 166 327 209 202 378 72 372 283 344 355 313 225 142 219 180 364 128 214 294 292 76 233 12 85 343 153 144 231 233 334 18 341 102 48 176 346 189 246 256 382 366 190 121 327 269 116 179 388 308 259 331 276 343 191 322 213 240 94 330 103 200 26 330 407 73 91 185 412 266 181 205 287 309 18 324 179 360 325 25 289 115 355 123 338 152 351 24 126 174 236
 296 438 284 235 190 95 132 383 1 32 210 310 322 160 26 281 54 337 247 221 170 233 283 58 217 169 238 451 376 136 342 307 294 352 224 236 197 155 419 190 113 49 385 254 230 221 141 444 407 314 193 176 172 334 380 326 281 334 50 140 269 145 390 395 142 83 316 143 175 348 376 206 221 81 101 339 205 369 208 131 219 188 75 315 168 323 137 156 374 282 93 141 301 284 375 123 142 364 103 34 172 122 174 335 140 293 364 358 340 364 264 175 396 247 29 9 273 279 128 254 358 112 267 255 272 149 360 171 387 250 213 310 323 130 243 131 181 215 271 218 293 230 181 333 348 213 253 246 324 177 44 321 132 191 235 355 256 261 305 187 240 389 146 266 277 133 239 181 350 225 87 253 386 313 150 87 212 164 307 73 325 142 308 85 344 376 71 351 152 321 129 387 61 167 154 179 379 288 318 88 417 319 290 226 100 352 156 290 214 158 293 84 291 246 90 390 13 164 135 41 191 338 333 205 339 19 256 263 220 130 312 378 390 305 168 342 378 252 243 104 387 45 326 340 239 99 345 168 218 10 141 254 352 198 138 277 321 14 162 415 177 215 174 221 96 172 324 309 232 310 184 361 177 87 393 375 199 79 156 230 261 171 204 366 82 370 167 64 359 213 282 142 369 134 321 86 403 315 221 224
 293 419 293 252 200 83 111 372 32 1 230 288 322 130 13 287 63 349 235 190 147 231 279 88 186 177 207 432 358 156 322 316 294 341 193 224 175 124 405 160 109 19 363 252 199 241 113 427 416 290 162 172 169 325 390 309 291 325 22 109 267 168 376 402 135 53 317 112 191 335 376 214 212 75 72 344 174 352 218 155 200 174 49 309 169 318 123 177 373 262 68 111 314 264 384 98 146 358 118 65 189 144 177 330 124 287 372 359 339 368 246 198 382 224 40 24 256 253 97 242 347 143 240 242 273 120 358 196 393 221 196 292 307 148 256 126 163 231 246 191 291 239 202 320 332 199 236 235 299 150 74 317 102 194 250 342 251 231 279 172 211 398 151 239 283 145 220 189 329 203 57 254 393 309 119 57 230 180 316 42 314 125 313 67 347 354 54 336 152 317 161 380 31 176 140 156 382 292 294 83 399 302 284 205 73 338 172 284 186 171 296 99 266 223 118 374 25 177 157 17 210 346 334 183 344 32 244 238 236 141 299 386 379 292 190 344 379 261 218 74 375 36 323 328 219 68 322 173 191 40 166 231 333 167 116 263 325 45 179 424 146 229 196 222 112 160 334 303 201 306 172 351 198 117 377 357 188 110 164 230 237 143 174 355 96 374 191 71 348 229 267 110 349 103 322 55 391 296 217 232
 203 436 123 32 74 192 235 323 210 230 1 345 207 308 232 137 169 145 233 382 261 166 206 165 358 95 375 436 368 76 359 136 183 298 385 234 265 311 381 341 164 246 408 177 376 12 277 423 222 368 360 156 152 269 193 325 110 266 251 315 180 69 346 220 171 252 193 324 46 312 243 88 200 180 262 181 358 355 73 90 262 222 235 235 130 237 202 57 249 314 235 293 107 312 195 245 122 274 114 190 45 90 119 243 211 228 191 222 224 211 289 49 357 309 191 216 287 358 299 238 301 162 361 245 167 289 247 70 223 362 252 320 314 82 61 162 236 30 349 328 196 87 36 302 331 230 270 225 383 295 177 223 292 117 45 320 194 393 378 220 364 207 118 357 134 93 277 88 372 290 278 148 216 219 327 280 14 55 131 260 281 217 158 212 200 402 208 329 137 229 171 302 257 84 203 272 228 154 372 175 401 322 217 278 246 319 65 226 325 72 166 131 359 309 133 367 209 69 79 222 23 163 205 277 188 200 237 335 31 99 282 200 334 282 48 205 242 97 329 267 335 201 227 300 279 271 394 108 320 203 83 309 362 346 242 271 174 204 54 229 330 48 43 139 119 200 143 230 375 221 206 298 35 158 370 365 207 170 96 148 327 296 340 306 135 216 59 163 304 34 277 314 378 297 191 263 346 330 166 87
 195 134 288 340 272 220 179 157 310 288 345 1 226 192 300 265 276 351 115 218 142 188 177 337 176 253 171 152 86 318 39 306 221 140 219 112 114 206 148 193 221 284 76 188 189 352 188 151 372 35 225 192 196 153 361 57 300 157 290 238 197 337 138 345 194 243 236 249 306 112 263 261 146 238 228 292 198 90 276 345 95 134 241 175 218 183 181 332 251 32 221 203 342 34 345 192 237 196 284 331 310 322 228 193 174 158 327 262 229 292 57 357 135 66 288 305 60 72 231 112 145 391 96 104 216 187 229 374 321 127 103 41 70 307 314 208 133 321 70 127 201 274 347 104 85 118 76 125 49 153 331 200 215 229 323 114 168 166 65 136 147 356 239 91 264 277 75 258 42 86 268 222 332 195 241 274 334 302 312 265 123 171 274 226 271 67 240 93 217 193 411 196 280 265 167 135 295 251 37 235 124 52 169 85 218 108 295 158 131 283 242 287 54 69 342 112 298 283 330 273 327 319 245 106 282 293 114 66 323 272 103 343 156 95 344 260 271 281 89 229 147 267 203 117 75 240 51 240 118 313 353 58 52 188 173 83 271 320 308 378 199 304 347 213 288 157 325 174 183 188 147 154 336 364 114 87 141 365 257 207 61 163 169 151 282 296 358 268 143 316 78 233 66 219 246 250 162 33 183 269
 36 263 93 184 156 242 246 129 322 322 207 226 1 315 331 73 269 138 131 379 242 92 56 309 339 162 347 254 203 234 218 98 29 113 381 143 222 326 193 338 214 330 260 72 358 207 289 239 147 259 370 150 154 85 137 180 109 81 337 348 56 245 159 121 190 307 17 360 194 139 56 134 127 247 305 69 352 188 143 264 196 181 293 53 155 47 213 233 53 205 280 311 144 200 121 266 182 70 233 322 200 248 150 44 217 69 102 43 20 68 185 245 171 232 294 322 174 277 333 129 114 338 294 137 51 298 42 269 98 313 189 187 164 229 150 196 203 178 270 288 34 123 231 136 168 164 171 123 274 280 314 28 319 135 166 144 81 355 284 181 326 132 178 288 75 206 195 155 232 227 342 72 107 32 358 347 193 200 106 327 112 220 62 264 47 258 272 162 171 36 354 98 335 171 198 247 75 55 261 240 223 181 60 210 286 147 199 70 289 189 42 250 267 234 291 191 313 184 246 306 202 100 21 229 58 304 126 257 177 205 127 119 140 133 237 36 61 111 266 309 145 287 28 127 198 320 272 159 278 319 266 226 215 339 249 146 52 324 206 153 335 161 235 102 241 178 113 53 354 38 171 107 221 321 193 200 156 329 176 93 247 288 324 116 248 73 253 259 117 174 151 344 225 324 24 320 151 197 107 125
 281 325 324 321 251 117 78 318 160 130 308 192 315 1 141 309 158 390 193 76 74 229 261 210 58 224 79 343 274 245 230 348 293 290 79 179 101 15 332 35 146 117 262 246 73 319 31 342 442 183 58 182 182 284 420 230 328 286 121 47 262 263 311 422 147 79 316 58 263 273 368 256 189 132 60 361 51 273 267 258 132 134 89 283 197 293 115 267 361 175 78 20 363 179 410 64 191 327 201 192 263 240 210 306 107 258 394 356 328 376 170 292 313 129 153 153 183 137 42 197 296 268 119 193 275 20 341 299 405 95 134 211 235 235 311 151 113 298 133 71 282 280 291 259 259 154 170 198 188 42 198 300 30 223 311 279 235 102 164 135 82 424 196 120 306 216 145 236 233 114 87 265 410 292 51 92 303 253 351 92 263 102 331 100 353 252 109 265 182 297 287 340 108 231 123 73 387 306 186 135 315 223 261 125 68 273 244 256 66 237 304 190 155 126 232 296 150 241 252 121 286 374 332 100 355 152 201 130 302 210 243 410 321 233 281 346 374 299 106 57 315 130 306 270 142 64 212 214 76 167 269 137 242 41 72 203 338 173 256 449 24 287 286 236 200 140 368 278 74 287 146 302 282 241 300 275 159 236 217 239 133 32 44 304 185 382 288 157 296 293 204 42 257 31 325 77 332 211 215 273
 303 431 299 255 205 94 123 383 26 13 232 300 331 141 1 294 68 354 247 198 159 240 289 83 196 183 217 444 370 157 334 322 303 353 201 235 188 134 417 169 118 25 375 261 208 243 124 439 422 303 170 182 178 336 396 321 297 336 25 117 277 168 388 409 145 64 325 119 194 346 385 221 223 85 83 352 183 364 224 154 212 185 61 320 178 328 134 178 383 274 81 122 319 276 391 110 154 369 122 59 192 144 185 340 136 297 378 367 348 376 258 198 394 237 43 18 268 265 106 253 359 136 252 253 281 131 367 195 400 232 208 304 319 150 261 136 175 235 258 202 300 245 203 332 344 211 248 246 311 161 69 327 112 202 254 354 261 241 291 184 221 404 158 251 290 150 232 196 341 215 63 263 400 319 126 62 233 183 322 50 325 137 321 79 355 366 66 348 161 327 153 390 37 182 152 168 390 300 306 92 412 314 294 217 85 350 175 294 197 176 304 102 278 235 115 386 24 182 157 29 212 353 343 195 351 33 256 250 240 146 311 393 390 304 191 353 388 268 230 85 386 45 333 339 231 78 334 180 203 35 165 244 345 177 128 275 333 38 182 430 155 233 196 231 115 172 340 313 211 316 184 362 199 111 389 370 199 103 170 239 249 154 184 366 100 382 191 77 359 232 279 119 361 113 331 64 403 308 227 239
 80 325 25 113 97 215 234 197 281 287 137 265 73 309 294 1 228 89 154 379 241 86 92 258 343 113 355 319 260 174 266 43 54 177 382 162 228 318 260 336 183 298 312 79 363 136 280 304 135 296 365 128 130 147 113 228 40 144 305 334 69 183 225 118 167 284 58 346 131 198 109 77 133 215 286 59 352 246 81 203 209 182 268 112 120 111 197 169 114 238 258 301 80 234 103 252 141 141 183 275 136 189 111 113 203 115 88 88 89 85 215 178 237 253 254 283 207 303 318 155 179 278 315 164 50 290 111 202 107 327 201 230 213 172 79 169 204 109 294 298 73 58 163 191 224 174 197 144 311 280 265 93 306 94 95 205 98 367 315 181 337 117 137 309 5 153 216 102 280 242 317 48 107 91 345 322 124 138 49 301 168 208 28 239 68 308 243 219 138 100 293 169 306 117 186 248 101 19 298 207 286 227 103 226 266 206 140 114 298 132 32 202 296 255 235 253 274 126 185 273 134 66 69 238 60 264 153 280 107 155 177 104 208 180 171 71 108 41 284 290 212 252 96 186 219 299 314 115 288 276 202 250 265 339 238 182 42 280 144 143 331 93 169 74 191 170 64 108 360 96 168 174 155 265 255 258 157 274 127 71 271 286 327 182 201 91 187 219 182 105 188 331 278 311 55 296 220 240 98 62
 244 400 232 191 138 57 105 334 54 63 169 276 269 158 68 228 1 287 201 228 144 181 232 62 214 117 234 410 335 97 305 255 241 304 232 191 165 157 375 191 63 79 350 202 230 180 132 403 356 285 203 124 120 284 329 285 230 284 84 153 216 111 344 343 94 88 263 160 129 302 323 154 173 39 103 286 207 327 157 103 182 147 73 263 115 271 96 118 321 246 81 140 252 247 324 104 89 313 56 60 127 87 121 283 102 243 312 304 287 311 226 142 351 217 27 56 233 255 138 208 310 119 248 210 219 142 307 144 334 237 175 271 281 88 194 81 144 169 247 203 240 178 144 288 305 170 212 198 297 162 57 268 135 137 188 310 205 256 281 145 231 337 93 246 224 83 203 129 314 195 110 200 333 260 164 113 169 118 255 93 278 106 255 61 291 342 50 307 99 269 139 336 90 115 112 154 326 235 289 42 376 279 238 192 91 307 109 240 199 109 240 38 265 216 76 347 47 115 100 54 148 286 280 176 286 37 209 237 174 79 266 326 342 260 132 289 325 201 221 107 340 34 274 293 203 108 316 114 200 51 114 222 314 198 113 234 268 56 117 363 178 166 137 168 51 127 273 257 231 258 140 312 138 91 350 334 153 90 104 177 233 159 199 317 34 317 136 11 311 167 239 153 331 139 267 97 355 277 169 172
 160 400 69 114 150 287 313 264 337 349 145 351 138 390 354 89 287 1 242 462 325 173 176 302 428 175 441 391 339 210 350 47 133 250 465 250 315 397 328 419 254 363 394 167 448 138 360 375 78 383 446 209 209 222 49 312 63 218 369 411 156 210 296 81 244 355 123 422 165 276 141 138 221 283 360 74 435 325 132 231 297 268 338 188 195 184 276 197 153 326 332 380 39 322 55 330 208 202 234 323 170 226 183 181 283 198 59 124 147 97 303 193 308 341 312 340 294 391 394 243 251 306 403 251 137 371 163 214 93 415 288 316 297 212 96 243 289 127 383 385 153 113 180 271 304 262 285 232 398 364 312 165 384 168 107 281 186 454 403 267 423 64 203 398 91 205 304 162 364 330 387 135 81 166 422 391 136 176 42 370 247 289 80 311 102 391 312 298 211 173 315 227 372 174 268 333 110 101 386 276 360 311 186 314 341 284 182 197 384 180 111 254 385 343 272 328 332 174 217 337 156 41 123 325 86 323 240 369 123 209 259 60 275 264 191 113 136 92 372 365 281 316 165 263 307 373 400 182 375 331 227 338 348 422 319 269 87 333 180 85 412 124 187 158 242 254 27 186 445 172 253 244 176 300 330 337 244 311 186 158 359 369 411 252 256 99 203 279 254 128 275 408 360 389 115 368 285 326 184 120
 97 210 176 227 160 154 136 137 247 235 233 115 131 193 247 154 201 242 1 251 120 74 76 258 210 145 217 215 142 217 127 196 117 107 253 15 94 205 175 212 139 238 175 76 229 240 172 206 273 144 245 89 94 95 258 95 188 96 245 231 88 235 144 249 108 205 137 244 198 102 181 148 35 167 197 190 225 131 163 246 66 65 195 92 113 102 114 228 172 86 177 193 230 83 244 155 138 135 191 260 202 224 121 115 113 67 225 172 141 198 62 251 151 103 221 244 56 151 218 8 113 304 165 13 107 178 151 270 227 182 61 88 86 207 200 122 83 208 143 158 100 160 240 88 108 40 44 11 159 154 256 112 202 118 209 110 57 225 162 66 195 256 137 159 153 177 66 148 140 96 238 109 235 104 240 244 222 196 202 227 80 113 167 170 175 170 182 108 118 107 323 151 239 158 96 122 205 143 147 161 180 90 73 80 180 107 189 65 160 177 136 200 144 105 253 149 236 176 230 219 217 213 150 100 182 229 10 129 210 173 66 242 145 60 239 165 187 167 136 200 141 205 116 94 68 212 165 133 148 247 253 98 131 212 136 39 168 254 202 280 210 191 240 99 197 76 216 88 224 98 64 117 229 280 152 140 49 284 152 93 119 163 195 121 195 202 254 192 114 203 45 227 147 208 147 216 157 97 69 155
 344 341 395 396 326 191 152 363 221 190 382 218 379 76 198 379 228 462 251 1 140 297 324 275 44 299 50 363 303 319 256 419 359 338 4 238 158 73 365 44 220 174 276 312 31 393 106 366 512 197 29 254 254 337 491 267 401 340 175 82 328 336 350 490 221 143 382 82 338 316 430 330 254 205 127 429 28 306 341 330 186 200 157 342 271 352 189 340 422 211 150 91 436 215 480 138 266 382 275 254 338 312 283 364 180 317 463 420 390 442 214 366 350 165 219 213 228 149 94 254 344 332 125 249 343 94 401 371 472 93 192 247 275 308 386 226 178 372 149 97 346 353 364 304 296 215 220 258 196 101 262 361 94 296 386 321 299 66 169 201 73 493 270 129 376 290 193 310 254 159 137 334 477 354 74 139 378 328 423 149 312 175 401 173 419 266 180 304 256 357 349 391 162 306 195 134 452 375 199 209 340 260 322 175 140 315 319 315 95 312 372 263 169 162 301 328 212 316 325 185 361 444 397 152 423 216 258 153 377 284 291 480 364 281 355 411 437 372 132 123 357 198 366 316 190 124 221 288 108 229 341 174 269 41 145 252 406 234 330 519 53 362 360 307 273 210 440 338 37 348 213 351 356 305 331 304 225 299 292 309 161 95 57 351 257 448 361 229 343 368 252 80 280 90 391 137 373 244 284 346
 208 274 258 269 196 88 40 248 170 147 261 142 242 74 159 241 144 325 120 140 1 159 188 204 104 170 118 289 216 211 177 281 221 220 142 106 32 87 269 97 103 142 217 174 124 271 54 286 373 145 129 118 119 212 352 169 264 214 148 113 190 230 245 351 91 102 244 126 217 205 295 197 116 107 88 290 113 213 209 231 62 62 99 210 138 220 61 230 288 118 80 75 301 120 341 50 141 254 169 194 218 209 151 232 52 185 324 284 255 304 106 256 248 78 151 164 118 113 101 124 226 261 107 121 204 60 268 267 334 102 62 150 170 200 254 101 40 246 105 67 209 219 251 191 196 81 101 125 155 40 197 227 85 162 257 211 162 134 139 62 104 355 144 104 238 174 79 181 183 57 130 196 339 219 121 136 254 209 285 124 192 46 262 87 281 208 101 200 126 223 281 268 139 179 60 12 314 236 149 107 258 162 188 61 77 207 200 182 65 191 234 165 123 77 217 235 158 193 221 132 240 306 260 37 285 155 128 94 250 168 173 341 253 164 244 274 301 236 78 90 247 128 232 201 77 102 176 158 61 174 241 85 188 99 33 133 268 181 213 380 94 233 248 169 170 72 302 205 121 213 75 232 241 234 239 216 87 232 167 170 92 47 87 234 159 310 255 138 226 241 135 109 204 90 253 110 264 153 145 212
 64 271 106 156 96 151 157 167 233 231 166 188 92 229 240 86 181 173 74 297 159 1 53 227 260 89 271 271 203 165 197 128 67 139 300 79 144 239 220 255 123 239 245 22 280 171 202 259 215 217 285 59 63 113 196 161 116 111 246 259 37 181 186 194 98 216 90 271 136 149 147 79 49 156 214 133 270 190 94 196 125 99 202 86 69 92 122 171 144 159 189 224 158 156 184 176 97 134 152 236 141 176 69 103 127 69 166 132 109 148 135 191 196 169 205 233 129 220 243 77 143 264 231 85 47 212 128 212 177 243 116 159 149 158 127 105 121 139 211 214 61 87 178 137 166 90 116 64 232 198 229 88 230 58 138 156 31 283 233 98 253 197 95 225 84 129 133 87 210 158 250 39 181 80 270 256 154 137 133 236 118 131 104 173 125 240 181 164 83 89 281 159 244 100 109 165 160 79 219 149 236 158 61 142 195 156 133 66 214 121 76 166 215 171 214 203 224 118 178 215 152 149 107 154 127 215 75 197 141 127 117 184 177 117 180 120 152 94 200 219 177 196 94 137 135 229 238 80 204 231 200 167 199 257 161 109 110 236 143 222 250 121 180 28 160 90 149 79 277 78 85 142 167 243 206 200 73 250 100 20 187 204 244 149 164 154 196 171 145 134 115 256 214 236 98 228 190 168 15 83
 22 235 117 190 141 197 195 118 283 279 206 177 56 261 289 92 232 176 76 324 188 53 1 279 284 139 292 232 170 215 175 131 45 92 326 88 167 273 176 283 172 286 220 33 303 210 237 218 199 209 316 109 113 64 186 137 130 62 293 296 27 230 141 174 145 259 63 309 182 109 108 122 74 205 255 117 297 156 135 246 140 128 247 34 121 41 164 219 101 153 231 259 172 149 171 215 149 82 204 288 187 227 120 52 167 24 152 98 68 123 132 237 152 177 256 283 122 224 281 75 96 315 239 82 44 245 82 259 152 258 134 141 122 208 158 154 150 178 216 233 26 121 223 101 133 109 117 67 224 225 281 41 267 108 171 116 29 300 232 128 270 183 146 234 93 180 140 135 189 171 294 59 161 32 306 299 193 185 138 280 78 170 98 218 100 217 227 129 134 39 333 107 290 150 148 192 130 77 212 198 198 136 12 155 237 117 181 22 234 170 67 218 214 180 266 164 274 166 228 263 196 143 75 173 108 265 71 203 178 179 85 169 129 89 226 90 114 119 211 259 130 245 46 96 143 270 225 132 222 281 250 172 174 284 197 95 96 287 191 206 281 159 226 74 211 128 150 27 299 28 119 94 212 295 167 167 104 302 151 64 193 233 269 101 216 127 242 222 98 173 100 292 187 272 72 271 142 151 64 120
 288 460 257 193 162 118 166 387 58 88 165 337 309 210 83 258 62 302 258 275 204 227 279 1 267 149 288 469 394 93 366 278 281 357 278 249 227 206 431 242 121 106 412 248 281 176 187 461 375 347 248 175 170 335 347 345 251 335 107 195 260 97 399 367 151 133 301 199 137 358 360 182 227 100 151 315 257 386 180 79 243 207 122 312 159 319 157 110 361 307 136 191 264 308 345 162 131 360 78 28 133 77 161 329 164 293 336 341 328 342 287 125 407 278 58 66 293 316 182 264 363 59 308 267 259 196 350 117 363 294 236 331 339 91 207 137 205 176 308 261 284 203 133 344 363 230 272 254 358 220 15 313 184 176 196 366 254 310 342 205 287 358 134 306 254 106 264 158 375 256 144 238 359 305 206 144 170 127 276 128 332 168 285 120 324 403 106 365 147 315 79 385 118 142 172 215 358 268 350 103 434 339 287 253 145 363 122 290 257 128 276 62 326 278 36 405 64 134 88 91 149 309 317 237 317 60 266 298 181 105 322 348 396 317 120 324 362 225 281 155 394 82 319 349 264 152 377 151 259 50 89 284 374 249 173 292 299 47 123 383 228 180 125 209 70 186 292 305 283 304 199 364 132 32 408 393 211 29 135 219 294 215 252 370 65 348 116 70 364 175 297 196 391 186 304 139 409 337 217 197
 304 302 361 368 297 170 124 320 217 186 358 176 339 58 196 343 214 428 210 44 104 260 284 267 1 270 22 323 261 299 214 384 321 295 46 197 119 64 323 29 195 172 237 274 20 368 84 325 475 157 52 221 222 295 455 224 367 298 175 88 290 317 308 452 191 135 343 94 313 273 390 299 215 186 117 391 24 264 311 313 145 163 146 301 240 311 159 320 381 168 134 77 404 173 443 115 239 340 255 248 314 294 253 323 150 276 426 381 350 404 172 346 307 122 210 209 186 109 93 213 301 325 86 207 305 73 360 353 433 54 151 204 232 288 356 198 141 345 108 55 307 322 343 261 254 176 178 218 158 66 255 321 85 265 357 278 260 45 131 163 35 456 243 89 341 267 151 281 213 117 139 298 439 313 84 143 352 304 388 147 270 144 364 155 380 227 165 261 227 316 344 349 163 278 163 96 412 338 160 188 299 217 282 133 124 272 294 275 52 287 335 245 129 119 289 286 207 290 307 178 336 408 358 112 385 209 217 111 349 261 249 443 322 239 334 372 396 339 89 114 314 187 326 273 148 119 183 258 65 224 325 131 227 21 117 210 369 230 307 482 43 334 339 272 254 175 405 297 19 307 177 309 334 297 289 263 188 292 265 273 118 63 18 308 239 409 342 213 300 341 209 84 239 84 352 133 331 201 247 315
 144 353 117 100 28 114 148 254 169 177 95 253 162 224 183 113 117 175 145 299 170 89 139 149 270 1 286 356 284 77 270 140 134 226 302 143 172 230 307 256 82 190 319 106 289 104 194 344 240 275 279 62 58 200 214 239 115 199 196 240 116 94 273 227 80 182 153 250 54 234 213 39 111 109 188 171 273 272 45 108 168 128 165 171 36 177 112 85 213 222 159 212 143 220 208 162 35 218 72 163 58 89 26 186 121 157 196 193 181 196 196 107 282 214 143 171 196 264 223 151 231 178 268 157 113 205 203 126 219 270 158 231 228 70 88 74 143 77 255 236 139 63 96 222 249 137 178 137 290 206 154 168 214 32 88 242 118 303 284 126 273 222 30 263 109 44 184 14 282 196 213 91 218 161 251 217 86 52 141 196 205 127 140 137 177 312 138 247 45 171 195 244 198 14 111 180 212 121 279 102 320 235 148 184 169 241 46 154 234 34 128 90 265 215 130 287 163 32 91 164 76 170 170 184 172 153 150 241 81 44 201 210 264 199 95 177 214 86 235 193 264 143 174 223 185 200 302 14 228 165 113 215 275 260 155 183 153 169 58 248 247 65 96 65 80 106 158 165 288 161 112 230 85 160 291 282 113 168 15 76 233 208 253 237 90 203 110 108 233 72 189 237 291 219 156 194 277 240 83 56
 312 293 374 385 313 189 142 320 238 207 375 171 347 79 217 355 234 441 217 50 118 271 292 288 22 286 1 315 256 318 208 397 330 297 50 205 128 85 319 50 213 194 227 284 19 386 104 318 485 149 67 235 236 299 466 222 380 302 196 108 299 336 306 462 207 157 352 113 331 273 397 314 225 205 138 402 41 260 326 333 152 174 167 306 255 317 175 339 387 167 155 98 418 172 454 134 255 343 274 269 331 314 268 329 166 283 436 388 357 413 174 365 304 124 231 230 188 101 114 220 302 346 77 213 315 93 366 373 442 45 159 202 231 307 371 215 153 362 102 60 315 336 362 262 252 185 182 225 148 82 276 328 107 279 373 277 269 24 121 175 26 467 259 81 353 285 155 297 206 122 160 309 449 320 104 164 369 322 401 168 272 160 375 175 389 218 185 259 243 323 365 351 184 295 177 109 420 349 151 208 292 215 289 138 145 271 312 281 59 304 345 265 121 120 309 282 228 308 326 199 354 420 366 120 395 230 223 108 366 279 251 453 321 241 353 381 403 353 88 135 313 207 332 274 152 141 172 274 70 245 344 132 221 42 134 213 379 251 325 492 64 350 358 284 273 189 418 303 13 314 189 310 353 318 285 258 199 313 282 285 116 80 37 309 259 417 362 233 301 357 212 104 232 106 361 154 329 198 259 329
 240 27 343 421 366 357 323 128 451 432 436 152 254 343 444 319 410 391 215 363 289 271 232 469 323 356 315 1 76 430 114 352 266 144 364 222 259 357 65 342 350 430 91 259 333 440 338 18 381 167 374 303 308 173 381 126 358 177 436 389 259 448 96 353 320 390 270 399 406 125 262 349 249 374 376 319 346 85 364 460 233 264 386 209 326 210 316 440 248 173 366 354 397 170 364 338 352 191 406 468 411 438 332 211 312 209 347 272 246 305 187 460 84 216 426 446 179 216 382 209 142 518 239 205 275 338 232 481 327 271 238 142 131 421 389 334 271 408 216 277 248 352 448 135 109 241 199 221 169 304 466 229 366 326 403 117 242 305 196 266 291 370 351 236 321 390 213 356 112 235 417 290 341 229 392 423 423 406 359 413 156 309 315 368 292 99 381 109 332 221 537 170 427 368 300 283 299 302 165 369 36 132 221 229 365 117 401 212 281 388 289 413 196 219 467 70 439 386 443 416 423 352 269 253 307 433 208 216 408 387 155 360 118 158 449 280 270 350 239 378 111 407 227 137 214 389 145 345 269 452 466 208 102 337 319 179 306 459 412 384 349 389 450 298 411 284 366 213 327 225 271 148 437 493 67 77 260 496 364 289 211 314 318 140 409 306 465 401 139 403 173 384 87 370 278 398 110 138 274 350
 182 70 285 356 296 282 249 94 376 358 368 86 203 274 370 260 335 339 142 303 216 203 170 394 261 284 256 76 1 357 49 297 209 93 304 147 186 288 64 277 274 356 63 193 274 373 266 70 342 111 310 230 234 119 337 51 299 123 362 320 195 375 64 314 245 317 217 331 336 65 224 281 175 298 304 271 283 16 296 387 159 189 312 152 253 157 241 368 211 101 292 283 340 98 321 264 278 151 331 393 340 365 260 161 237 147 302 230 199 262 113 390 57 147 351 371 104 157 311 135 94 443 181 131 213 267 191 410 288 212 163 67 57 348 325 259 196 341 155 211 189 287 378 70 38 165 124 148 119 234 391 176 295 256 338 60 175 250 143 191 232 329 278 176 261 317 139 286 55 163 345 226 301 174 324 351 355 335 304 339 94 234 261 293 246 65 306 42 258 168 463 139 354 297 224 211 260 244 110 294 43 57 159 156 291 57 329 148 215 317 232 339 137 149 393 29 364 315 371 342 354 302 220 181 259 358 135 151 342 313 87 317 88 87 378 234 233 287 174 305 79 332 176 77 140 317 101 273 202 377 393 138 36 273 245 104 254 384 341 346 283 322 379 230 337 209 314 155 268 169 196 103 367 418 31 4 185 421 292 221 145 244 254 97 334 264 393 326 91 336 99 315 31 300 226 325 89 65 204 284
 219 426 169 102 79 130 178 331 136 156 76 318 234 245 157 174 97 210 217 319 211 165 215 93 299 77 318 430 357 1 339 188 206 302 322 213 222 247 383 279 108 173 387 183 316 87 216 419 284 336 295 129 124 276 256 310 161 275 177 247 192 21 349 277 127 182 223 255 46 310 280 101 183 115 195 228 296 346 94 32 227 186 166 247 105 252 151 23 283 286 170 229 172 285 255 185 82 293 45 116 42 17 99 261 160 233 247 260 252 257 262 48 358 271 117 141 264 317 231 223 307 106 316 228 186 228 275 58 275 311 217 301 301 12 116 114 194 84 308 276 213 117 48 297 323 201 244 210 349 239 104 243 226 108 104 318 194 338 340 184 310 268 81 312 170 42 245 82 351 250 206 164 270 236 259 208 79 37 186 188 281 166 200 147 241 380 140 322 102 246 121 320 184 66 158 222 273 187 339 111 395 306 225 241 180 316 36 230 273 46 196 59 322 271 64 362 135 51 14 149 57 219 238 234 232 126 223 295 89 47 276 258 341 273 37 243 281 137 285 200 341 130 248 299 246 202 364 87 271 128 37 273 345 285 186 255 215 129 32 292 267 89 42 141 48 162 201 241 316 236 172 306 43 93 366 356 178 103 67 152 289 239 282 313 64 263 45 93 309 83 261 246 362 231 224 192 354 309 159 113
 191 98 290 351 286 251 212 130 342 322 359 39 218 230 334 266 305 350 127 256 177 197 175 366 214 270 208 114 49 339 1 305 218 120 257 128 148 244 112 231 247 318 50 192 226 365 224 113 363 64 263 211 216 138 354 39 303 143 325 276 198 358 106 335 219 278 231 287 323 89 249 273 160 268 264 286 236 55 288 367 125 160 275 166 237 173 210 352 236 61 255 240 345 59 338 226 259 178 309 362 327 345 245 181 204 154 319 251 218 283 80 375 102 103 319 337 76 109 268 122 123 418 133 115 217 225 215 394 310 164 131 40 55 329 323 234 163 334 107 165 198 283 365 86 58 140 96 135 73 191 361 191 253 244 333 89 172 202 96 162 184 348 259 128 266 298 104 273 15 122 304 226 322 188 279 310 347 320 312 300 109 201 271 258 263 44 272 66 238 184 438 173 315 282 195 171 283 251 63 264 86 40 165 118 253 83 314 154 169 302 241 313 89 106 368 76 330 301 352 306 343 315 237 141 275 325 123 104 335 294 92 335 127 87 363 252 257 287 127 265 118 299 193 98 104 277 59 258 157 344 375 95 14 226 207 89 267 351 326 368 237 316 365 223 313 182 324 167 220 181 171 132 354 392 78 51 162 393 276 216 99 200 207 127 308 285 378 297 120 328 83 270 28 257 240 286 132 31 194 279
 116 359 25 106 119 249 272 226 307 316 136 306 98 348 322 43 255 47 196 419 281 128 131 278 384 140 397 352 297 188 305 1 89 209 422 204 270 356 290 376 217 329 350 121 404 132 318 336 101 337 404 166 167 180 75 267 28 177 335 371 110 193 256 90 204 318 83 382 143 233 116 103 175 247 321 48 392 282 100 214 251 223 301 146 155 142 234 179 125 280 293 339 48 276 69 289 172 166 206 297 148 205 144 142 241 153 59 96 110 77 256 182 268 295 281 310 248 345 355 197 211 290 357 205 91 329 130 205 89 369 243 271 252 189 77 204 245 111 337 340 109 78 167 228 261 216 239 186 352 320 286 124 343 128 92 239 140 409 357 222 378 83 167 352 45 176 258 128 319 284 350 90 83 124 382 355 124 153 9 334 204 246 38 273 72 347 276 255 172 131 302 193 337 141 225 289 94 55 340 240 320 266 141 269 302 241 157 152 339 152 66 225 338 297 251 287 301 146 198 303 140 32 87 280 57 292 194 322 108 179 215 72 237 219 177 81 112 56 326 326 242 282 125 221 261 334 355 145 330 302 212 292 304 379 277 223 49 305 157 109 370 101 174 114 214 210 22 143 401 129 209 204 161 280 289 294 199 291 153 113 313 326 367 213 226 82 192 247 214 109 229 368 316 349 76 330 248 281 139 85
 28 272 78 162 128 216 223 144 294 294 183 221 29 293 303 54 241 133 117 359 221 67 45 281 321 134 330 266 209 206 218 89 1 124 362 128 203 304 207 318 187 303 262 49 340 184 267 252 157 253 349 124 127 94 142 179 92 91 310 325 32 218 172 133 164 282 24 337 167 146 83 107 107 220 280 74 332 194 117 237 179 161 267 59 127 58 188 206 81 197 254 289 132 192 128 242 154 92 205 294 173 220 122 61 193 65 109 66 48 84 175 220 184 219 266 295 165 266 309 116 126 310 281 124 23 276 70 243 114 298 172 184 164 201 128 170 183 154 258 271 21 98 205 140 173 146 159 108 268 260 285 41 295 107 144 152 62 339 275 160 309 140 150 275 56 177 182 127 232 211 316 44 120 39 335 321 169 172 96 301 116 196 54 238 61 259 245 167 144 48 326 120 309 143 175 227 94 36 255 213 234 179 53 195 261 154 171 65 272 161 24 221 257 221 263 200 286 156 219 279 176 99 41 211 66 277 113 245 153 177 127 127 156 132 211 54 86 88 252 285 159 260 46 133 184 295 269 131 261 291 238 214 216 319 226 139 52 296 179 164 314 137 209 74 212 155 107 55 336 43 149 121 195 293 203 206 135 301 148 65 235 267 305 129 220 89 227 231 129 150 144 321 228 301 32 294 167 194 81 99
 98 151 200 281 232 260 241 31 352 341 298 140 113 290 353 177 304 250 107 338 220 139 92 357 295 226 297 144 93 302 120 209 124 1 340 120 191 304 85 303 242 344 153 123 312 301 273 129 250 174 337 183 188 31 245 85 215 34 351 332 119 318 50 222 212 311 128 344 273 31 133 213 132 272 302 180 314 78 226 333 160 171 301 66 202 68 220 309 119 132 283 294 254 127 229 260 230 60 286 362 277 313 205 70 219 71 210 137 107 170 125 327 61 174 325 350 111 207 320 101 7 399 228 102 133 278 99 349 196 255 158 101 71 295 248 224 187 269 202 242 106 213 314 37 63 145 121 107 187 250 357 87 304 195 262 34 109 297 204 172 272 237 228 223 178 265 147 224 132 180 343 151 209 87 339 349 284 274 217 333 29 220 173 276 154 153 288 55 212 79 417 57 346 238 202 219 168 159 175 266 111 89 81 167 286 38 270 74 244 258 146 298 191 177 348 79 341 255 316 325 287 212 129 192 168 334 98 192 269 263 48 225 40 58 316 142 141 209 209 305 39 310 86 24 150 317 178 217 231 352 338 166 112 301 240 88 164 358 280 254 305 251 316 164 293 182 225 70 306 82 170 15 303 377 81 90 155 382 237 154 183 259 283 15 294 172 333 294 8 264 88 327 119 309 136 322 53 108 145 211
