NAME : domp220p110v7
COMMENT : (Deleplanque et al.) 
TYPE : DOMP
DIMENSION : 220
DISPLAY_DATA_TYPE: NO_DISPLAY
OPEN_FACILITIES : 110
COST_SECTION
 1 210 251 107 278 241 340 242 302 109 137 301 322 226 243 203 196 209 181 245 252 196 131 302 179 197 187 151 134 233 365 162 318 278 252 270 88 128 194 93 147 262 108 121 240 318 70 302 115 322 258 243 371 275 127 121 36 164 266 94 115 198 90 317 118 201 321 131 113 234 317 276 213 105 157 103 222 198 308 223 263 318 155 38 326 57 212 208 317 267 83 130 354 45 210 330 187 163 27 322 160 215 125 13 84 175 280 249 70 230 46 259 169 211 305 150 136 318 106 198 240 26 34 326 132 305 318 361 249 127 207 238 194 218 181 34 149 132 386 174 185 126 247 166 134 351 166 313 341 320 284 336 146 181 103 49 356 52 69 92 95 213 190 152 159 267 263 376 283 219 79 289 216 182 33 101 148 103 128 325 74 281 84 316 356 282 205 327 59 98 79 319 225 57 282 63 246 145 299 58 131 280 60 121 65 307 53 95 312 126 137 312 214 226 211 275 325 380 121 201
 210 1 157 108 152 267 260 306 198 271 89 410 423 155 34 122 240 102 238 140 147 180 80 409 139 274 202 212 333 234 302 233 178 209 112 72 287 99 37 128 330 59 174 223 132 327 148 378 172 425 137 327 284 73 84 219 175 194 60 166 321 82 271 401 315 308 332 298 192 259 256 93 258 283 148 115 27 266 362 89 114 315 141 244 428 256 31 297 214 100 220 230 252 244 292 256 301 344 186 186 325 247 107 203 202 299 81 96 169 302 171 351 85 196 250 78 336 216 312 238 104 235 182 224 103 225 355 303 255 199 316 328 225 327 66 243 126 139 285 342 101 92 386 143 324 260 242 210 341 290 156 452 110 55 280 258 330 237 155 171 280 367 65 83 308 139 286 316 232 50 143 420 329 327 180 191 329 267 83 395 152 400 273 375 321 411 252 317 157 120 167 305 126 214 124 167 109 108 272 225 270 194 191 191 182 432 260 163 307 99 105 398 86 19 93 398 345 319 134 356
 251 157 1 200 39 144 108 196 54 245 135 309 315 29 158 51 141 59 150 18 13 78 164 306 73 183 106 146 326 107 147 159 76 53 55 134 290 137 187 165 305 196 152 180 25 182 186 260 145 318 31 224 135 206 174 175 221 119 190 265 360 232 262 285 310 226 189 266 159 138 100 240 151 267 97 162 134 172 234 68 64 168 97 286 320 269 187 205 70 86 204 180 109 261 197 102 227 314 239 77 284 135 219 239 189 232 137 72 253 197 207 248 100 80 95 127 384 71 321 138 57 270 239 79 221 71 220 148 124 153 233 229 125 242 106 275 103 120 143 299 76 196 308 87 308 111 166 65 193 137 44 350 110 116 263 288 176 297 184 269 271 305 100 212 258 38 156 161 79 108 227 332 246 267 220 167 302 244 174 271 235 306 333 249 166 324 150 168 197 164 257 156 34 286 76 188 55 112 121 295 227 39 199 152 264 338 299 159 160 209 122 283 72 168 66 307 203 164 248 299
 107 108 200 1 215 253 304 275 252 191 66 362 380 183 142 150 213 145 204 188 196 178 38 362 142 234 186 171 238 230 339 191 251 243 180 175 191 67 88 58 243 156 119 163 181 326 63 345 122 381 196 288 333 170 29 160 75 167 161 68 214 96 183 366 220 256 331 217 137 245 289 170 233 197 132 50 126 230 340 149 188 320 126 139 384 159 106 253 269 185 143 173 308 146 251 296 245 258 82 257 246 228 29 103 129 238 185 172 63 267 77 309 101 197 279 74 229 270 212 213 168 132 76 278 35 267 341 337 251 149 264 286 203 275 102 140 111 107 341 263 125 19 322 135 233 310 198 264 346 308 221 402 96 97 193 155 349 129 72 72 190 295 111 48 236 202 276 352 258 130 36 361 275 258 82 129 243 185 30 367 45 347 166 351 344 353 225 326 66 52 63 316 168 107 205 84 174 94 287 118 200 237 109 140 76 377 155 101 313 24 83 361 141 123 142 343 340 355 51 283
 278 152 39 215 1 180 112 233 48 281 152 346 351 66 145 76 180 72 189 35 31 116 178 342 105 222 145 183 361 143 156 197 41 76 41 113 324 157 186 189 341 181 184 216 39 211 211 295 178 354 21 262 133 189 188 212 246 156 174 282 390 232 296 321 344 264 217 302 193 175 116 225 189 302 129 183 127 211 268 69 41 195 129 314 356 301 182 244 64 62 238 217 101 292 236 110 265 351 264 45 321 173 231 267 222 271 113 57 272 235 234 285 116 118 115 142 412 66 354 176 50 298 263 73 231 81 251 159 159 189 271 267 164 280 115 304 131 149 134 337 95 208 347 119 343 109 204 60 219 159 7 387 134 123 298 318 196 323 210 286 305 344 107 218 296 14 191 170 104 103 245 370 284 305 246 201 339 280 187 306 254 344 359 282 183 362 188 193 222 186 275 181 55 309 44 216 45 135 147 318 264 55 230 187 284 376 328 190 187 221 144 318 76 159 75 344 232 172 260 338
 241 267 144 253 180 1 150 55 160 173 200 167 172 126 281 150 46 172 61 157 156 88 231 163 129 66 69 91 252 38 151 81 208 115 194 270 234 193 286 197 217 319 142 124 161 78 204 117 136 175 174 85 177 331 239 122 228 87 315 301 321 324 201 143 240 104 81 182 130 9 119 359 32 198 126 204 253 57 96 193 205 78 133 266 177 227 293 79 164 226 162 116 180 226 70 138 112 221 245 204 187 27 280 229 158 124 274 209 280 60 212 107 185 73 106 202 349 163 263 44 191 248 249 166 285 133 90 144 25 117 108 92 51 113 203 249 150 148 200 198 167 260 178 128 228 169 80 161 101 93 184 207 168 214 195 256 121 292 196 302 208 187 203 287 159 181 24 157 95 228 263 194 119 157 222 142 214 176 239 131 267 167 318 110 125 186 39 89 211 202 288 83 156 294 219 192 192 170 78 297 145 135 183 124 285 198 272 160 74 272 178 140 190 283 182 169 88 161 302 185
 340 260 108 304 112 150 1 201 65 306 239 303 301 123 256 156 177 166 192 122 115 146 270 299 167 212 162 206 389 127 46 209 107 64 150 223 362 239 292 264 359 292 234 245 130 136 281 242 227 304 124 231 32 300 280 241 315 183 285 368 441 338 330 266 375 253 142 321 234 150 32 336 175 331 185 262 236 202 207 173 152 118 188 373 306 346 290 228 51 173 278 241 35 341 219 14 259 365 333 99 331 161 325 328 266 270 222 167 353 208 300 250 206 133 46 232 467 48 392 173 157 355 335 43 327 39 183 50 127 224 257 239 167 262 212 360 199 212 52 344 181 302 326 178 367 20 213 54 133 76 110 339 211 222 327 370 97 390 277 371 338 336 207 318 304 123 146 59 62 211 329 337 268 305 312 245 356 308 279 245 336 309 423 221 82 330 179 110 292 264 358 102 141 383 152 279 153 213 78 389 282 69 283 226 363 338 384 247 112 315 223 265 178 269 172 312 157 62 353 334
 242 306 196 275 233 55 201 1 214 154 231 114 121 176 324 195 68 217 73 208 207 131 260 111 169 46 106 105 223 91 195 86 261 169 244 317 215 222 321 219 185 361 157 123 211 97 220 73 154 124 225 31 226 374 267 124 237 115 358 315 304 356 183 96 215 63 96 155 142 59 170 398 50 176 160 227 295 47 68 239 256 106 167 260 126 215 330 41 218 276 160 113 232 217 35 189 75 185 251 258 152 63 304 231 162 90 322 258 292 14 222 53 223 120 157 235 333 216 241 69 240 243 256 220 309 187 79 187 79 128 63 39 82 65 242 243 183 176 250 159 208 285 126 165 199 220 80 215 119 136 237 155 201 252 175 246 153 290 211 315 188 140 244 315 126 233 56 199 148 272 279 140 71 117 229 152 182 158 267 92 281 113 311 77 162 132 55 119 224 225 300 118 204 297 270 203 241 203 125 298 124 189 188 137 294 144 263 176 106 296 210 92 236 323 227 114 94 202 322 141
 302 198 54 252 48 160 65 214 1 288 187 325 328 78 193 104 171 109 183 65 57 119 216 321 124 212 143 187 371 126 109 196 52 46 87 160 337 189 231 218 346 228 201 223 72 176 238 270 194 330 62 244 87 236 226 219 273 160 221 317 410 277 308 295 355 255 182 307 205 157 72 273 176 311 147 214 173 201 239 112 89 159 148 337 332 318 228 232 18 109 251 222 57 310 223 64 258 354 292 46 322 160 270 290 237 266 159 104 305 218 259 267 152 113 75 179 434 20 368 167 95 320 292 28 271 38 219 112 137 198 261 251 157 268 155 326 155 171 91 337 128 247 335 138 351 63 202 13 180 119 46 364 163 164 308 338 152 350 236 321 316 337 148 260 296 60 165 123 70 149 279 353 273 302 272 215 343 288 225 277 287 326 385 253 139 345 177 154 249 217 309 143 85 339 89 240 90 165 110 347 267 28 249 198 316 357 349 210 151 260 174 293 118 206 114 328 197 125 299 333
 109 271 245 191 281 173 306 154 288 1 183 193 215 217 300 210 133 226 117 246 250 170 197 195 178 113 147 103 84 182 319 98 319 251 268 314 62 173 268 145 63 328 104 66 244 244 130 202 108 216 264 146 337 342 198 70 123 128 330 200 152 285 31 214 70 100 245 28 90 169 278 353 143 26 154 158 274 119 216 246 281 249 157 115 219 66 283 115 299 293 52 67 329 72 120 294 86 75 129 320 57 152 216 103 70 71 323 273 176 141 116 157 201 177 264 195 180 299 90 137 258 100 136 306 223 277 232 312 190 92 105 139 141 114 220 97 162 144 356 73 204 207 139 164 64 322 96 295 267 264 286 227 171 225 23 97 293 148 122 198 36 107 227 238 50 273 192 327 245 260 176 181 111 74 115 85 61 7 199 226 174 173 163 221 297 173 136 260 126 154 185 255 230 164 300 109 263 172 246 161 31 262 84 95 173 198 114 109 246 213 171 209 238 289 232 167 245 330 221 95
 137 89 135 66 152 200 239 231 187 183 1 329 343 117 118 85 165 81 159 124 131 118 34 328 79 194 131 130 249 172 274 151 190 177 120 137 204 12 93 45 244 146 87 136 117 269 68 302 86 345 133 248 268 161 43 132 102 117 147 131 251 126 186 325 231 224 274 210 105 191 224 176 184 197 74 35 92 187 292 89 130 261 68 173 348 175 105 215 204 132 132 144 243 163 211 231 216 257 118 195 237 176 88 127 114 212 146 115 121 224 93 271 37 137 215 14 270 205 231 164 108 160 116 213 91 201 289 273 194 113 232 248 152 244 46 168 51 56 276 255 60 65 299 75 238 245 160 199 287 246 158 370 33 46 193 182 286 175 72 135 195 279 54 89 220 140 221 287 193 84 94 335 245 239 105 103 242 180 43 322 102 316 212 304 281 327 177 266 79 39 124 255 103 159 148 83 114 31 225 169 183 171 106 105 133 348 188 76 254 79 22 320 81 107 80 314 284 291 116 269
 301 410 309 362 346 167 303 114 325 193 329 1 25 288 431 306 175 327 174 320 320 242 354 7 277 138 214 200 228 203 287 179 373 280 356 427 242 319 421 307 187 467 246 200 323 175 301 65 245 24 338 86 324 480 359 203 308 218 465 387 325 450 219 49 228 108 170 178 228 172 273 502 160 206 264 318 402 146 103 349 368 191 271 307 27 257 432 115 327 388 225 190 336 264 120 292 118 178 318 369 156 175 390 293 236 128 433 369 363 114 296 62 327 232 262 336 352 325 258 178 351 293 324 328 397 295 131 278 189 217 99 83 191 88 347 289 285 274 349 151 316 375 70 270 206 322 170 325 189 231 349 43 302 357 207 287 233 341 292 387 219 109 350 406 146 345 161 287 257 380 357 44 88 123 299 234 184 200 360 76 357 25 351 93 246 42 164 203 302 314 372 207 316 356 383 281 353 304 226 353 171 300 260 226 362 37 304 263 195 385 309 47 345 428 337 33 159 290 403 120
 322 423 315 380 351 172 301 121 328 215 343 25 1 296 443 315 186 337 186 327 326 252 370 21 288 151 225 214 251 209 282 193 377 283 364 437 265 334 435 324 211 479 262 217 331 169 319 60 261 4 344 97 320 492 375 221 327 230 477 407 348 466 241 37 251 125 164 200 245 178 272 515 170 229 277 334 414 158 96 359 376 186 283 329 6 279 446 129 328 396 245 208 335 286 133 290 137 201 338 372 179 183 408 314 254 148 442 378 383 123 315 73 340 240 262 350 375 326 281 188 360 315 344 328 414 296 123 273 193 233 117 96 202 106 360 311 299 289 345 175 327 392 93 282 229 320 185 326 181 228 354 39 316 370 229 309 225 362 310 406 242 132 362 423 168 352 163 281 259 391 376 63 108 145 319 252 207 221 376 63 376 49 374 84 239 63 174 197 321 331 392 203 325 377 390 300 362 318 225 375 191 304 279 242 382 50 326 280 191 402 323 37 355 441 347 56 151 283 421 143
 226 155 29 183 66 126 123 176 78 217 117 288 296 1 162 36 117 53 125 34 36 51 149 285 48 159 80 118 298 89 158 132 104 61 70 145 263 117 181 143 277 200 125 152 36 175 162 242 118 298 52 203 152 211 159 148 197 91 195 246 334 225 234 267 282 201 180 238 131 119 109 242 129 239 70 141 135 148 220 70 81 162 71 261 301 242 184 182 93 101 176 152 130 234 174 115 201 286 216 105 257 114 204 214 161 206 150 84 232 175 183 227 86 57 100 112 357 94 293 114 66 244 216 101 206 85 207 157 109 125 208 207 101 218 96 249 79 94 163 272 61 181 284 61 280 130 140 88 188 137 71 329 90 107 235 261 177 273 159 249 243 279 93 200 231 61 141 171 80 109 207 309 222 241 195 140 274 216 158 256 215 284 308 234 169 301 127 164 173 143 237 152 32 264 97 163 67 91 118 271 199 57 172 124 242 316 273 133 154 194 102 264 70 168 63 284 194 175 232 273
 243 34 158 142 145 281 256 324 193 300 118 431 443 162 1 132 258 111 258 141 147 195 113 430 156 295 220 235 365 246 300 256 164 210 107 45 319 128 63 159 360 39 201 250 134 336 180 395 199 445 134 347 277 51 117 245 208 215 35 199 354 102 302 419 347 331 341 327 218 274 256 82 275 314 168 147 30 287 377 93 105 323 162 278 448 288 49 318 208 86 249 256 244 276 312 254 325 374 220 173 354 263 139 236 231 324 53 90 202 321 203 371 106 210 252 106 369 210 344 256 103 268 215 217 135 223 367 302 268 224 339 349 243 350 86 276 149 163 275 371 117 125 410 162 355 253 264 204 348 294 148 473 134 78 310 291 333 270 186 204 311 393 82 114 335 134 299 314 236 54 176 443 352 353 213 218 359 296 116 411 185 422 306 390 323 435 270 324 190 152 200 312 132 247 110 198 105 133 277 259 298 193 222 217 215 455 294 192 315 132 131 416 93 23 101 420 355 316 165 383
 203 122 51 150 76 150 156 195 104 210 85 306 315 36 132 1 132 23 135 43 50 65 115 303 34 171 92 120 289 115 192 138 116 96 59 123 250 86 147 116 272 170 111 148 38 206 136 265 105 318 57 220 184 182 125 143 172 95 166 215 315 191 224 290 272 211 212 234 122 143 143 211 147 231 57 111 105 162 245 45 72 195 55 239 320 226 150 195 121 87 165 151 159 217 188 148 209 283 190 120 256 133 170 192 148 212 129 67 202 193 159 245 51 78 135 78 337 122 280 129 50 223 190 130 172 118 236 192 136 120 219 223 115 230 61 229 56 74 193 272 27 147 294 47 273 161 146 116 221 171 82 348 60 72 227 243 212 249 135 218 233 285 58 165 232 66 168 206 115 79 177 323 233 245 172 128 270 209 125 280 184 299 284 259 204 314 143 197 148 114 207 185 22 237 91 141 54 62 152 245 197 88 155 116 213 332 252 115 187 160 71 286 41 136 33 298 224 209 199 277
 196 240 141 213 180 46 177 68 171 133 165 175 186 117 258 132 1 153 17 150 151 69 195 173 104 43 40 47 214 51 187 37 213 129 184 253 192 157 255 157 183 295 98 79 152 123 161 139 93 188 168 90 207 308 202 77 183 48 292 258 278 290 159 163 201 86 126 145 86 39 147 332 21 158 94 164 229 32 129 175 196 123 100 221 191 183 264 66 179 215 117 71 203 181 58 165 88 188 200 211 155 21 241 184 113 96 259 196 236 63 168 114 156 62 133 169 305 178 222 5 178 203 204 184 246 152 130 180 58 72 93 93 18 102 175 204 116 110 228 169 142 221 168 98 192 194 38 176 146 133 184 217 135 186 155 212 165 246 153 259 166 167 178 250 128 177 69 195 117 206 220 193 106 131 177 97 180 135 202 158 224 169 273 140 167 185 14 133 167 162 244 126 143 249 213 147 181 136 114 252 106 144 138 79 241 201 227 117 119 233 144 159 171 257 163 168 132 198 261 163
 209 102 59 145 72 172 166 217 109 226 81 327 337 53 111 23 153 1 156 45 53 87 108 325 53 193 114 140 303 136 205 158 111 109 45 101 262 85 130 118 288 149 124 165 38 226 141 287 119 340 53 242 193 161 118 160 176 115 145 211 322 175 238 312 285 232 232 250 137 165 157 191 169 245 74 112 84 183 267 23 57 214 70 246 342 237 132 216 126 68 179 169 165 227 209 160 229 299 194 116 273 155 162 198 161 231 107 48 201 215 164 266 45 100 150 71 344 127 292 151 33 231 193 135 163 129 257 205 157 137 240 245 137 251 47 237 66 85 199 290 25 139 315 64 287 169 166 121 240 188 78 369 65 58 241 251 229 252 141 215 247 304 42 153 250 60 189 219 131 58 174 344 254 264 177 142 286 224 117 302 182 321 289 281 220 335 165 216 152 115 204 204 26 238 77 148 39 65 170 247 215 98 165 132 212 353 260 125 206 152 73 308 19 116 11 320 245 222 192 296
 181 238 150 204 189 61 192 73 183 117 159 174 186 125 258 135 17 156 1 158 159 74 188 172 105 38 45 34 198 67 203 21 223 142 190 256 176 151 251 147 168 294 87 63 159 138 150 144 83 188 176 90 222 307 195 62 170 45 292 246 262 284 143 166 185 78 140 130 73 55 163 330 33 142 92 156 229 29 137 179 202 139 98 206 191 167 261 61 192 220 102 55 217 165 55 180 78 174 186 222 141 37 232 170 99 84 262 201 224 66 155 114 154 72 149 165 289 191 205 21 183 187 191 197 238 166 141 197 75 59 86 92 27 95 174 189 113 105 243 155 143 214 161 98 176 209 22 188 161 149 193 216 131 184 139 196 181 232 142 247 150 156 177 243 114 185 83 211 132 207 209 188 99 119 164 84 165 119 195 164 213 165 258 148 183 180 25 149 155 153 232 142 149 235 219 135 186 132 130 237 90 156 124 67 228 198 212 106 134 225 139 162 174 256 165 164 145 215 251 151
 245 140 18 188 35 157 122 208 65 246 124 320 327 34 141 43 150 45 158 1 9 84 152 317 71 192 113 150 327 119 163 165 75 70 39 118 289 127 171 157 307 179 150 182 9 198 178 273 144 330 19 235 149 189 162 178 214 123 173 254 356 217 262 298 310 234 205 268 159 151 117 223 162 268 95 152 118 182 249 52 49 184 94 281 332 267 170 215 82 71 203 183 121 258 207 117 234 317 232 78 288 146 206 234 187 239 121 56 243 208 201 259 88 90 112 115 379 83 320 147 40 265 232 91 208 86 235 164 138 155 242 240 134 251 91 271 97 115 154 304 65 184 317 85 309 125 172 77 209 154 41 362 102 101 264 284 193 291 177 258 271 312 85 197 263 28 170 177 95 92 217 342 255 273 214 166 305 245 162 286 225 317 326 263 182 334 160 184 190 155 247 172 22 278 64 183 39 104 137 287 230 55 196 152 254 349 294 156 176 197 113 296 56 151 51 317 219 180 236 306
 252 147 13 196 31 156 115 207 57 250 131 320 326 36 147 50 151 53 159 9 1 86 160 317 76 193 115 153 332 118 156 167 70 64 43 123 295 134 178 164 311 185 155 186 17 194 185 271 149 329 19 235 141 195 170 182 221 126 179 262 362 224 267 297 315 236 201 272 163 150 110 229 162 272 100 160 124 182 246 59 52 180 100 288 331 272 177 216 74 74 208 187 113 264 208 110 236 321 239 72 291 146 214 240 192 241 125 60 250 208 208 259 96 90 106 123 385 75 325 148 46 271 239 83 215 79 232 157 136 159 243 240 135 252 99 277 104 121 147 307 73 191 318 90 313 117 175 69 205 148 37 361 109 109 269 290 187 297 184 265 276 314 93 205 266 27 168 170 90 98 224 342 256 276 220 171 309 250 169 283 232 317 333 261 176 334 160 180 197 162 254 167 30 285 64 189 44 111 133 294 234 48 201 157 262 349 300 162 172 204 120 294 64 158 59 317 215 173 243 308
 196 180 78 178 116 88 146 131 119 170 118 242 252 51 195 65 69 87 74 84 86 1 150 240 42 110 30 69 253 56 171 82 152 85 117 187 220 113 200 127 229 232 89 106 85 153 141 201 82 254 103 157 177 245 159 101 172 43 229 234 297 240 190 226 237 151 158 190 90 80 122 271 83 194 47 130 166 99 183 109 129 144 52 228 257 203 206 133 131 148 135 105 163 196 125 135 151 238 191 152 207 70 203 184 122 156 192 129 216 129 157 181 98 20 110 118 322 131 251 65 111 210 193 138 207 112 176 167 78 81 159 160 52 168 116 215 68 73 193 223 80 181 234 44 233 158 89 126 171 132 121 284 85 127 190 225 172 246 136 237 199 229 116 206 181 111 108 183 88 142 195 261 172 190 169 100 226 170 159 217 201 236 278 197 168 252 79 150 150 129 223 139 76 241 146 136 113 87 111 247 151 93 138 82 225 269 239 103 137 194 97 222 105 196 97 236 168 186 228 223
 131 80 164 38 178 231 270 260 216 197 34 354 370 149 113 115 195 108 188 152 160 150 1 354 112 221 163 157 255 205 306 178 214 209 143 142 208 39 72 53 254 134 110 158 145 302 70 331 110 372 159 276 298 149 11 154 96 148 137 105 243 97 195 353 237 248 306 224 128 223 256 157 214 207 107 40 93 216 323 112 151 294 100 166 375 177 87 242 233 148 146 167 272 165 239 262 240 269 108 220 252 207 56 124 130 234 151 134 99 253 92 298 65 169 247 38 260 234 232 194 131 156 104 242 59 232 321 305 227 138 257 275 183 268 65 164 84 86 306 269 90 33 321 107 247 275 186 228 320 279 183 395 66 59 204 179 319 162 77 109 203 298 73 57 238 165 254 319 226 94 72 358 269 259 101 123 254 192 10 351 81 341 199 334 313 350 207 299 78 45 100 288 132 141 168 90 137 64 258 152 201 202 115 129 112 372 182 94 287 46 54 349 103 97 104 338 316 323 85 287
 302 409 306 362 342 163 299 111 321 195 328 7 21 285 430 303 173 325 172 317 317 240 354 1 275 136 212 199 231 200 282 178 369 276 353 425 245 318 420 307 191 465 246 200 320 170 302 60 244 21 335 84 319 479 359 203 309 216 463 388 328 450 222 43 231 108 165 180 228 168 268 500 158 209 263 317 400 144 97 347 365 186 269 309 24 259 431 114 323 385 226 190 332 266 118 287 119 182 319 366 159 172 390 295 236 129 431 367 364 111 297 60 326 229 258 335 355 321 261 175 349 295 325 323 397 291 125 273 186 217 99 82 189 88 345 292 284 273 344 155 314 375 74 269 210 318 169 321 184 226 346 45 301 355 209 290 227 343 292 388 222 113 349 406 148 342 157 282 253 378 358 50 89 125 300 234 188 202 359 70 358 30 354 87 240 48 161 197 302 314 373 202 313 358 380 282 351 302 222 355 172 296 261 225 363 42 306 263 190 384 308 41 343 427 335 37 153 284 403 124
 179 139 73 142 105 129 167 169 124 178 79 277 288 48 156 34 104 53 105 71 76 42 112 275 1 142 65 87 258 97 198 106 145 104 92 152 220 76 159 98 239 192 80 115 68 193 116 240 74 291 87 192 197 206 121 110 150 63 190 203 288 199 192 264 240 180 198 201 89 121 149 231 121 199 25 97 127 133 224 75 105 184 25 214 293 197 165 165 140 120 134 118 177 188 159 158 177 250 169 147 223 109 166 167 117 179 159 100 187 166 136 217 57 60 138 78 311 140 250 101 83 197 170 148 170 130 218 196 119 87 188 195 88 199 75 203 34 48 209 239 40 144 262 15 240 176 114 135 210 168 111 319 48 86 195 215 208 227 113 206 201 252 76 166 199 96 149 211 117 104 164 292 202 212 149 97 237 177 121 257 171 269 261 237 203 284 116 189 127 98 193 177 53 217 124 116 87 50 147 225 164 103 127 83 197 302 226 87 177 157 60 261 70 156 62 268 209 215 193 244
 197 274 183 234 222 66 212 46 212 113 194 138 151 159 295 171 43 193 38 192 193 110 221 136 142 1 81 65 188 88 216 44 255 168 225 293 174 185 285 177 153 330 115 78 194 132 176 112 113 153 210 56 240 344 227 79 192 81 328 270 263 317 142 133 177 44 133 118 99 64 181 365 38 137 128 187 266 12 113 215 238 138 134 216 156 172 296 24 219 256 115 68 240 173 19 200 48 156 206 253 122 54 262 186 117 60 299 237 247 35 178 79 191 104 168 200 291 218 202 47 219 199 211 223 268 190 123 208 87 86 51 56 59 60 211 198 149 139 263 133 180 245 126 134 164 230 36 215 155 158 226 179 166 220 134 203 183 245 167 271 147 127 214 275 94 219 81 222 154 244 235 152 64 93 184 108 150 117 228 134 238 129 267 122 189 144 36 150 180 184 256 145 184 252 254 159 222 168 142 253 83 185 143 95 250 162 220 134 135 255 173 128 210 292 202 128 134 225 279 123
 187 202 106 186 145 69 162 106 143 147 131 214 225 80 220 92 40 114 45 113 115 30 163 212 65 81 1 46 230 48 180 54 180 105 146 214 201 125 219 131 204 256 81 84 114 142 140 177 74 227 132 129 192 269 171 81 168 24 254 237 282 256 170 201 215 122 146 165 76 61 135 294 57 171 58 136 191 71 162 136 158 137 65 217 230 186 227 104 153 176 118 81 183 181 97 150 122 212 186 179 181 46 212 175 108 127 220 157 217 102 152 154 119 31 121 134 308 153 232 38 139 199 189 159 217 131 159 175 67 64 130 132 24 139 137 202 81 80 211 195 104 192 205 61 210 176 61 149 162 134 149 256 100 148 168 212 171 238 134 239 178 200 139 219 154 140 92 191 101 167 198 232 143 162 163 88 201 148 171 194 203 208 268 175 170 223 52 145 148 135 224 135 105 236 175 131 142 102 113 241 125 116 128 68 224 241 226 98 131 204 110 197 132 219 123 207 155 194 235 194
 151 212 146 171 183 91 206 105 187 103 130 200 214 118 235 120 47 140 34 150 153 69 157 199 87 65 46 1 186 86 222 22 221 149 178 237 157 121 222 115 161 269 54 40 149 169 117 175 50 216 168 120 237 283 163 36 138 28 268 213 239 254 125 197 171 97 171 122 40 84 178 303 65 127 69 123 206 60 170 162 191 168 74 178 219 143 233 86 198 206 75 36 227 140 83 194 92 169 154 221 139 66 200 139 69 93 244 186 191 97 122 142 130 76 165 137 266 197 187 48 169 159 159 204 205 176 174 217 100 26 105 119 45 116 150 162 87 75 256 155 123 182 177 77 165 221 31 193 191 172 188 241 104 159 123 170 207 202 108 214 133 165 154 211 114 177 114 232 145 186 176 209 118 126 132 52 158 103 164 196 179 189 230 181 208 201 57 177 122 121 199 169 137 204 209 102 173 105 153 207 82 160 92 34 196 221 185 73 163 192 110 192 156 230 148 187 177 236 218 158
 134 333 326 238 361 252 389 223 371 84 249 228 251 298 365 289 214 303 198 327 332 253 255 231 258 188 230 186 1 264 400 181 401 334 346 385 48 239 323 206 42 388 180 148 324 318 186 256 185 251 344 208 419 402 253 153 164 211 391 224 100 331 66 261 19 163 318 71 169 248 360 406 222 60 234 219 340 196 278 322 359 325 235 115 253 80 340 184 382 369 125 150 412 93 191 377 150 51 160 402 76 233 258 136 143 134 393 349 202 211 164 211 273 260 346 262 126 382 37 218 335 112 167 389 265 360 298 393 270 174 165 199 223 169 290 104 238 219 439 77 280 256 160 244 25 405 178 378 341 344 367 251 244 294 64 92 371 146 180 220 57 120 298 284 99 353 268 408 328 330 213 200 164 114 157 162 46 84 254 280 207 204 140 280 376 195 216 337 178 214 210 333 310 171 378 168 341 244 327 163 109 345 144 176 194 219 103 180 323 258 241 256 314 350 308 196 316 411 254 109
 233 234 107 230 143 38 127 91 126 182 172 203 209 89 246 115 51 136 67 119 118 56 205 200 97 88 48 86 264 1 138 84 172 82 157 233 240 167 255 177 233 284 128 123 123 98 187 155 121 212 136 120 157 296 213 121 215 71 280 283 323 295 207 180 250 130 103 195 121 33 97 324 51 207 99 181 218 77 132 156 168 91 106 262 214 228 261 107 132 189 160 118 154 224 98 115 135 238 233 169 205 35 256 221 152 145 237 172 264 93 199 143 153 38 83 173 350 131 270 47 154 244 236 136 261 103 122 133 23 108 136 126 43 143 170 246 122 124 178 218 133 235 210 99 241 144 87 129 117 88 147 244 140 181 203 255 125 284 180 285 215 213 170 260 178 143 54 148 67 193 244 229 148 180 210 133 230 184 213 168 249 202 313 146 124 221 53 98 195 180 271 88 119 283 181 178 155 142 68 287 156 100 174 113 270 234 270 145 84 248 151 177 155 249 146 203 113 151 280 210
 365 302 147 339 156 151 46 195 109 319 274 287 282 158 300 192 187 205 203 163 156 171 306 282 198 216 180 222 400 138 1 221 151 98 193 268 377 273 333 294 367 336 258 261 171 114 310 224 251 285 167 223 43 344 316 258 342 203 329 400 460 379 344 246 387 253 119 330 255 153 51 380 180 343 214 294 279 206 187 214 196 97 218 396 286 365 332 228 95 217 296 255 72 360 219 47 261 370 361 143 337 168 361 353 287 274 267 211 384 205 327 239 243 155 62 269 487 93 407 183 199 378 363 88 363 78 160 10 131 243 256 233 180 259 251 381 231 241 67 348 218 338 319 208 377 57 224 98 104 60 154 320 244 262 340 391 62 415 305 403 352 334 246 356 309 167 140 15 84 253 361 324 265 306 339 266 364 321 315 222 368 296 447 199 47 318 185 86 320 295 390 82 180 411 197 305 196 246 74 417 292 109 306 247 393 323 405 272 94 351 257 246 218 312 212 300 133 18 389 334
 162 233 159 191 197 81 209 86 196 98 151 179 193 132 256 138 37 158 21 165 167 82 178 178 106 44 54 22 181 84 221 1 233 156 195 257 157 142 243 134 152 290 73 44 165 157 135 155 70 195 183 99 239 304 184 43 153 44 289 230 242 275 124 176 167 76 159 113 57 75 180 324 52 123 89 144 227 40 152 180 207 158 94 186 198 147 254 65 206 224 82 36 233 146 62 197 72 159 169 233 127 57 219 151 80 75 264 204 207 77 138 121 151 84 166 158 270 205 186 40 187 168 173 211 225 181 158 215 94 43 84 98 43 95 171 169 108 97 260 142 142 202 158 96 159 225 10 202 180 168 202 220 125 180 120 176 200 212 126 231 131 148 175 232 101 192 103 230 148 206 194 189 98 109 146 67 149 100 185 177 197 168 238 162 203 180 44 169 139 141 216 162 154 217 225 119 190 126 149 219 73 169 106 52 211 200 192 92 154 213 131 171 175 251 167 166 164 234 237 142
 318 178 76 251 41 208 107 261 52 319 190 373 377 104 164 116 213 111 223 75 70 152 214 369 145 255 180 221 401 172 151 233 1 95 72 125 363 195 213 228 379 196 224 255 79 226 250 319 218 379 60 291 120 202 223 250 286 194 188 318 430 258 336 345 384 298 233 340 232 203 121 240 220 341 169 221 151 244 289 103 66 209 168 354 382 341 206 276 59 79 277 255 85 332 267 110 299 389 303 10 359 204 265 306 261 306 122 84 309 264 273 314 154 152 125 179 452 61 394 209 84 338 302 65 264 88 270 156 185 228 304 297 197 312 150 344 171 189 113 374 134 243 379 159 382 97 240 58 230 169 35 413 173 157 337 357 200 362 250 322 345 378 142 250 333 52 215 164 121 131 282 400 317 341 286 240 377 319 223 327 291 373 398 304 186 392 220 205 261 225 312 194 94 347 55 256 78 174 161 357 302 74 269 226 321 405 367 230 202 255 183 342 111 181 111 374 248 166 295 373
 278 209 53 243 76 115 64 169 46 251 177 280 283 61 210 96 129 109 142 70 64 85 209 276 104 168 105 149 334 82 98 156 95 1 105 184 304 177 238 201 307 248 172 188 77 136 218 225 165 286 79 199 95 258 219 184 252 125 242 305 381 283 273 251 319 211 142 268 174 112 49 292 132 275 122 200 187 157 196 121 112 120 126 311 288 287 238 188 51 134 219 185 79 280 179 55 215 314 271 91 282 116 264 266 206 224 186 123 290 173 237 222 146 75 43 172 406 51 335 125 109 294 272 56 267 28 177 98 92 165 217 206 115 224 154 298 137 149 109 296 121 241 290 115 313 75 161 48 144 86 77 320 149 165 272 309 124 327 214 308 281 294 150 259 255 82 121 111 29 160 266 308 229 259 249 184 304 252 219 234 273 281 361 210 114 300 133 118 229 201 296 106 84 320 119 216 106 151 72 327 229 22 222 166 300 312 322 184 112 254 161 249 123 220 117 283 157 115 292 290
 252 112 55 180 41 194 150 244 87 268 120 356 364 70 107 59 184 45 190 39 43 117 143 353 92 225 146 178 346 157 193 195 72 105 1 80 306 126 146 160 330 144 167 206 34 237 183 310 162 367 28 271 173 153 152 201 219 151 138 247 366 192 281 336 329 267 243 292 179 188 150 188 197 288 115 153 87 215 287 32 14 222 112 289 369 281 142 248 103 33 222 209 141 270 241 147 265 341 236 79 314 182 194 241 205 269 83 19 239 244 207 295 85 125 147 109 386 105 335 181 13 274 234 113 194 117 273 195 176 178 274 275 168 284 79 280 109 129 174 330 69 172 349 105 330 148 203 99 247 190 45 398 108 85 284 294 228 294 184 251 290 342 71 180 290 28 208 207 132 63 212 376 288 302 220 185 328 267 151 323 220 352 330 301 217 368 194 222 195 156 241 210 42 278 33 192 7 109 175 288 256 87 208 174 251 384 303 169 214 184 115 333 41 120 42 351 257 210 224 334
 270 72 134 175 113 270 223 317 160 314 137 427 437 145 45 123 253 101 256 118 123 187 142 425 152 293 214 237 385 233 268 257 125 184 80 1 340 147 106 181 376 72 212 258 112 316 204 386 208 439 107 342 241 78 148 253 235 214 64 236 384 146 320 411 366 332 322 340 228 263 227 116 269 331 170 170 50 283 364 79 74 302 165 306 442 311 93 316 174 52 264 263 208 299 309 222 328 389 249 134 365 255 177 262 246 329 10 63 237 315 228 366 114 199 225 124 401 176 367 251 81 295 245 182 174 193 351 271 253 231 340 345 237 350 96 303 155 172 237 382 116 160 413 162 372 218 265 171 326 269 115 469 144 92 327 317 307 302 208 241 329 400 88 154 344 104 285 281 211 55 210 444 353 360 239 230 374 311 147 400 219 421 339 378 295 435 265 301 214 175 236 289 115 281 73 219 81 143 254 292 308 165 241 225 250 453 322 207 293 169 145 407 83 66 92 419 336 284 205 392
 88 287 290 191 324 234 362 215 337 62 204 242 265 263 319 250 192 262 176 289 295 220 208 245 220 174 201 157 48 240 377 157 363 304 306 340 1 194 276 161 65 341 140 118 286 305 140 259 147 265 306 206 392 355 206 121 117 180 345 179 91 284 34 269 31 159 306 66 133 229 334 359 203 40 195 173 295 180 276 280 318 310 196 73 268 32 293 176 350 327 87 123 382 45 181 350 145 80 114 366 88 212 211 89 103 129 349 308 156 202 117 214 230 230 320 217 119 350 32 195 295 67 120 357 218 330 293 371 249 140 163 198 198 170 246 60 197 178 411 98 239 209 180 206 49 376 155 345 329 324 330 271 201 249 41 51 354 107 134 176 28 141 254 237 100 314 253 386 301 286 166 222 167 121 110 124 67 58 207 284 161 220 110 280 358 215 196 321 131 168 164 316 271 130 338 122 300 201 305 123 92 312 100 140 149 240 65 138 307 211 197 264 272 304 267 213 307 389 208 129
 128 99 137 67 157 193 239 222 189 173 12 319 334 117 128 86 157 85 151 127 134 113 39 318 76 185 125 121 239 167 273 142 195 177 126 147 194 1 103 36 233 157 77 126 120 264 60 294 76 336 137 239 268 171 47 121 94 109 158 130 243 134 175 316 221 214 268 199 95 185 223 186 176 187 69 28 103 179 284 96 137 256 62 165 339 165 115 206 206 140 121 134 245 154 202 231 206 246 111 200 227 169 91 119 104 202 156 122 117 216 84 262 42 132 213 24 263 207 221 156 114 152 109 215 95 201 282 271 189 104 222 239 145 234 54 159 46 48 278 244 63 69 289 70 228 246 150 201 283 243 162 360 30 56 183 173 283 169 63 133 184 269 63 95 210 144 215 286 192 93 91 325 235 229 96 93 232 169 48 314 99 307 205 296 278 317 169 262 71 31 121 251 105 154 155 73 120 28 222 163 172 172 96 95 129 338 180 65 249 82 17 312 87 118 85 304 278 289 117 258
 194 37 187 88 186 286 292 321 231 268 93 421 435 181 63 147 255 130 251 171 178 200 72 420 159 285 219 222 323 255 333 243 213 238 146 106 276 103 1 123 325 69 178 227 163 350 140 393 178 437 170 340 317 82 71 223 161 208 75 138 301 47 265 416 305 316 355 295 196 278 286 86 274 278 162 111 63 279 380 121 149 340 156 227 440 245 19 307 248 136 217 235 286 232 303 287 308 339 169 221 323 264 79 189 200 304 114 131 144 315 160 363 103 218 279 87 314 250 299 253 137 219 164 257 74 256 375 334 277 205 324 340 241 336 87 228 139 148 319 340 124 70 390 159 316 293 252 243 366 317 190 462 121 76 274 242 358 215 148 143 272 368 90 52 309 173 307 347 260 84 121 427 337 329 167 193 324 263 70 412 129 408 250 393 349 418 267 343 147 115 142 331 155 190 159 160 142 119 298 202 271 225 186 197 158 440 243 164 332 73 113 412 116 41 122 405 367 350 104 357
 93 128 165 58 189 197 264 219 218 145 45 307 324 143 159 116 157 118 147 157 164 127 53 307 98 177 131 115 206 177 294 134 228 201 160 181 161 36 123 1 203 184 63 109 151 272 24 288 66 325 169 231 294 199 55 105 59 111 187 108 208 145 144 309 188 200 276 172 80 189 245 209 176 157 82 14 135 173 284 131 171 267 77 130 328 131 139 196 234 175 95 118 272 119 194 254 191 218 76 232 201 172 86 83 78 184 190 157 91 210 49 253 77 146 234 59 227 235 187 157 148 116 76 243 92 226 285 292 197 92 209 230 148 220 90 123 65 55 305 218 95 69 270 87 197 272 142 229 292 258 195 347 56 91 153 138 298 135 28 110 153 246 98 100 187 177 220 307 212 128 69 308 221 207 61 74 203 141 56 310 75 292 171 294 294 300 168 274 36 9 97 264 136 122 190 40 155 55 237 130 150 199 64 83 100 323 145 45 260 79 46 304 122 146 119 289 284 310 106 235
 147 330 305 243 341 217 359 185 346 63 244 187 211 277 360 272 183 288 168 307 311 229 254 191 239 153 204 161 42 233 367 152 379 307 330 376 65 233 325 203 1 387 166 126 305 280 186 215 170 210 325 168 389 401 254 131 171 187 389 240 139 338 62 220 42 124 280 40 152 215 329 409 188 48 216 216 334 162 238 308 343 288 219 137 213 92 341 146 356 355 113 126 384 104 154 347 111 17 172 380 35 201 266 146 131 96 384 335 217 173 167 171 263 234 315 256 166 356 72 187 320 129 179 362 274 332 259 360 237 154 125 159 194 129 281 123 225 206 410 37 266 261 121 226 20 376 147 352 303 310 347 212 233 286 52 115 335 171 178 237 55 81 289 290 60 334 232 374 299 321 223 162 124 73 163 147 5 66 255 239 219 164 172 239 341 156 183 300 179 211 225 297 292 193 362 166 325 233 294 187 80 319 140 157 211 181 129 170 287 265 232 215 301 348 294 156 277 377 267 69
 262 59 196 156 181 319 292 361 228 328 146 467 479 200 39 170 295 149 294 179 185 232 134 465 192 330 256 269 388 284 336 290 196 248 144 72 341 157 69 184 387 1 232 281 172 374 203 432 230 481 171 383 312 15 136 276 227 250 10 205 369 91 328 456 370 365 379 355 250 311 293 45 312 340 203 171 67 322 414 131 141 361 197 294 484 310 51 353 243 120 277 288 278 298 348 290 359 401 237 205 383 300 146 256 259 356 77 126 212 357 225 407 141 247 289 136 381 245 365 293 140 287 231 252 141 260 405 338 305 256 373 384 279 384 121 295 183 196 308 400 154 138 443 198 380 288 299 240 386 332 183 509 167 111 336 310 371 283 210 210 336 424 118 119 366 170 337 350 273 92 189 477 386 384 233 248 386 324 135 448 197 457 318 428 360 469 307 362 212 177 209 350 170 258 143 223 142 166 315 269 328 230 248 249 225 489 310 221 353 141 162 452 131 40 139 455 393 352 169 414
 108 174 152 119 184 142 234 157 201 104 87 246 262 125 201 111 98 124 87 150 155 89 110 246 80 115 81 54 180 128 258 73 224 172 167 212 140 77 178 63 166 232 1 50 146 218 64 227 8 264 166 170 265 246 114 46 89 58 232 161 211 205 114 247 162 140 221 129 19 134 210 262 117 122 56 73 173 112 223 144 180 215 57 140 267 118 191 135 215 191 55 58 249 110 133 223 131 178 106 226 154 115 148 96 38 127 220 171 139 149 73 191 99 104 197 97 235 215 171 99 157 123 110 222 154 199 227 253 146 31 148 168 92 160 118 127 60 41 281 171 102 131 214 66 164 246 80 210 240 214 190 287 69 125 118 138 251 159 56 162 123 194 125 161 135 175 165 269 176 158 123 250 161 153 84 19 164 101 115 248 127 232 191 234 250 241 109 224 70 69 147 215 132 156 200 51 162 70 193 161 98 177 51 22 145 264 151 20 209 141 71 243 136 192 130 229 228 272 165 183
 121 223 180 163 216 124 245 123 223 66 136 200 217 152 250 148 79 165 63 182 186 106 158 200 115 78 84 40 148 123 261 44 255 188 206 258 118 126 227 109 126 281 50 1 181 200 103 187 52 219 200 129 275 295 162 6 115 64 281 194 201 253 86 206 133 93 202 87 32 117 217 311 94 89 92 120 222 78 190 186 219 201 96 144 222 106 240 93 235 233 40 11 266 103 93 233 83 136 129 256 109 99 191 110 40 77 266 212 170 112 101 148 146 114 203 146 228 235 149 82 197 125 134 242 198 214 198 255 136 29 101 125 82 113 166 127 104 88 294 126 145 177 164 102 129 259 46 231 223 209 222 240 117 173 85 134 242 170 94 194 95 145 172 208 87 209 145 270 184 205 160 201 113 104 107 36 124 66 163 210 162 185 195 199 244 193 86 211 105 116 179 204 167 176 238 84 201 118 190 177 51 197 66 35 173 215 150 65 196 186 120 201 179 242 172 181 206 274 205 135
 240 132 25 181 39 161 130 211 72 244 117 323 331 36 134 38 152 38 159 9 17 85 145 320 68 194 114 149 324 123 171 165 79 77 34 112 286 120 163 151 305 172 146 181 1 205 173 277 140 333 21 238 157 182 154 176 208 122 166 247 351 209 259 302 307 235 211 267 156 154 125 215 164 265 92 146 110 183 253 44 46 191 90 276 336 263 162 216 89 66 200 182 129 254 209 125 235 316 226 83 287 149 199 228 184 239 116 50 236 211 195 262 81 92 119 108 374 91 316 149 33 260 226 99 200 94 240 172 142 153 243 243 135 252 84 266 92 111 162 303 58 176 318 82 307 133 173 84 216 161 45 365 96 93 261 279 200 285 172 251 268 312 77 190 262 30 175 185 103 84 210 344 256 273 208 163 303 243 154 290 218 319 321 268 190 336 162 191 184 149 240 179 16 272 62 178 33 97 144 281 229 63 191 150 248 352 289 151 183 189 106 299 48 143 43 319 225 188 228 306
 318 327 182 326 211 78 136 97 176 244 269 175 169 175 336 206 123 226 138 198 194 153 302 170 193 132 142 169 318 98 114 157 226 136 237 316 305 264 350 272 280 374 218 200 205 1 280 111 212 172 211 120 153 385 310 199 305 162 369 377 394 391 273 133 308 158 7 248 208 86 110 416 107 268 196 277 309 126 74 244 245 19 202 342 173 302 355 135 171 267 238 191 170 301 128 127 170 281 322 220 247 104 353 306 235 185 318 253 356 108 289 131 249 134 103 269 422 169 333 121 237 324 326 169 357 140 48 105 76 194 159 129 127 159 264 325 219 220 178 255 227 332 212 195 294 155 155 171 24 62 212 207 237 275 266 331 60 368 273 379 279 233 263 357 221 216 56 114 108 283 339 213 165 212 299 219 277 248 310 110 343 185 394 87 72 207 115 29 287 276 364 36 205 371 254 268 236 239 66 374 214 157 260 201 362 210 348 237 26 344 248 133 244 341 236 190 23 116 376 235
 70 148 186 63 211 204 281 220 238 130 68 301 319 162 180 136 161 141 150 178 185 141 70 302 116 176 140 117 186 187 310 135 250 218 183 204 140 60 140 24 186 203 64 103 173 280 1 288 69 321 191 230 312 217 69 100 37 119 206 98 184 156 126 307 168 195 284 157 79 196 261 225 180 139 97 35 157 174 286 154 194 276 94 107 324 109 156 194 254 198 82 113 291 97 193 271 184 200 55 254 186 178 90 60 67 176 213 180 77 210 26 250 100 159 249 81 205 255 165 162 171 93 55 262 97 244 290 307 207 92 203 227 154 214 113 100 84 70 324 203 117 78 261 104 178 290 141 249 301 271 216 341 78 113 135 115 310 113 10 99 134 234 121 109 174 199 227 322 227 151 60 300 214 196 38 70 185 125 70 310 64 285 149 296 307 292 172 284 13 30 85 274 157 103 213 22 177 76 250 110 138 218 48 84 85 315 121 45 270 85 69 302 145 166 142 281 291 326 103 222
