NAME : domp180p60v5
COMMENT : (Deleplanque et al.) 
TYPE : DOMP
DIMENSION : 180
DISPLAY_DATA_TYPE: NO_DISPLAY
OPEN_FACILITIES : 60
COST_SECTION
 1 227 156 204 97 254 135 215 213 113 201 171 162 165 197 93 95 220 121 194 164 152 143 232 95 99 257 140 225 131 276 109 189 97 103 129 170 133 153 61 159 114 72 208 210 221 53 38 76 79 147 246 142 145 212 135 225 107 174 187 76 269 123 173 191 58 204 85 218 147 57 164 110 58 184 90 70 195 67 248 188 212 239 205 136 87 81 200 149 235 168 207 155 87 57 89 234 224 192 186 60 130 239 167 208 234 270 78 242 150 35 66 65 129 182 209 83 94 198 235 85 213 139 260 104 196 63 193 230 143 207 80 152 262 183 168 183 220 216 101 189 122 184 216 270 225 183 149 116 68 56 143 196 177 122 86 151 161 141 107 155 110 196 94 270 44 130 82 221 90 144 193 259 177 62 178 199 146 225 185
 227 1 190 40 171 480 361 406 335 338 425 351 352 147 358 136 231 368 108 178 173 120 331 264 320 142 372 352 444 357 338 332 47 135 133 355 82 349 374 172 150 304 184 363 430 433 206 190 266 303 324 330 231 193 300 120 354 241 63 296 281 491 282 108 415 284 204 163 333 88 254 288 221 170 273 146 160 49 163 389 198 400 298 34 286 176 250 420 79 457 81 429 95 297 227 281 386 345 378 231 181 356 464 61 315 358 495 190 462 283 197 183 275 113 334 340 298 319 295 428 295 432 115 469 137 166 285 299 454 291 379 291 321 486 133 393 408 299 271 290 251 346 95 418 363 410 56 301 125 266 282 328 304 51 333 240 157 95 298 188 363 300 422 175 490 220 169 308 446 298 175 418 339 151 228 335 369 370 358 403
 156 190 1 196 65 366 257 369 359 249 330 182 316 45 180 122 81 372 143 278 20 72 298 347 229 168 404 290 363 253 407 216 145 106 159 243 109 280 247 155 235 155 87 182 292 366 185 145 230 222 159 383 269 13 348 81 374 247 132 108 154 396 118 84 322 195 299 85 363 167 134 308 240 127 84 99 116 142 116 202 285 366 366 193 115 74 230 283 148 367 111 296 99 241 202 142 202 371 210 300 167 255 342 149 126 170 393 79 375 104 155 95 219 174 154 154 235 225 336 388 168 291 189 406 169 273 179 111 356 293 202 166 152 387 243 273 312 353 339 144 311 257 219 366 411 380 183 299 92 140 191 168 337 161 273 231 34 195 293 217 305 265 315 66 405 187 34 214 339 167 20 318 395 251 106 158 193 280 171 325
 204 40 196 1 164 455 337 372 297 312 398 342 318 156 353 116 223 331 85 139 181 125 297 225 295 112 333 322 415 333 299 311 57 120 104 332 90 319 354 146 111 292 172 360 411 402 176 166 235 276 315 291 193 196 261 118 316 206 66 298 264 463 274 119 387 260 165 151 295 58 237 250 186 149 277 132 141 65 145 389 159 366 258 7 280 166 218 401 59 428 87 409 98 267 196 267 383 306 368 192 153 332 441 49 318 360 468 179 433 280 171 169 246 81 329 340 269 295 256 393 278 413 79 437 106 127 265 302 427 255 372 273 313 458 94 370 381 260 232 277 212 320 56 386 324 374 22 264 116 250 258 317 265 36 303 207 163 58 262 152 332 267 397 167 460 191 170 283 421 281 178 392 299 112 215 330 362 343 358 374
 97 171 65 164 1 331 215 311 295 201 287 181 257 69 190 64 61 309 93 222 69 64 238 286 181 108 340 235 316 211 343 178 126 51 101 204 95 227 216 91 179 135 26 197 267 314 121 81 169 170 154 319 205 56 284 54 310 183 110 140 118 354 112 86 278 144 241 22 299 122 93 244 176 63 125 41 52 128 52 227 226 308 302 163 117 11 167 258 108 323 95 269 80 183 138 114 221 307 207 238 103 212 310 117 162 201 353 24 330 118 91 32 161 121 167 179 179 178 272 331 133 268 136 354 110 217 135 145 314 229 209 130 151 346 191 239 268 289 276 121 248 210 173 311 347 321 147 236 49 103 141 158 273 130 217 167 55 148 229 154 250 205 276 5 359 124 35 166 301 135 49 276 331 195 63 167 199 233 198 276
 254 480 366 455 331 1 120 181 298 145 67 218 192 395 248 345 287 263 373 405 382 394 203 394 161 345 323 154 84 124 389 154 442 349 352 128 419 149 120 310 386 216 309 260 93 116 282 290 232 180 226 354 320 355 336 380 292 282 426 315 215 56 257 415 77 196 402 328 309 398 239 290 302 310 335 339 322 447 319 291 388 188 375 457 266 322 254 98 402 63 417 83 404 197 265 226 270 304 203 365 304 124 32 420 323 310 40 308 69 285 285 307 214 377 263 295 191 161 324 178 201 99 384 130 351 412 198 320 44 263 233 203 238 44 414 94 79 348 368 224 352 137 427 150 354 198 434 256 365 230 199 213 312 430 168 268 379 407 251 325 154 214 59 327 82 267 356 173 36 201 364 66 364 401 269 254 234 115 296 103
 135 361 257 337 215 120 1 154 231 33 74 150 128 281 185 227 177 210 255 299 272 277 126 305 44 228 267 78 109 5 318 45 323 230 234 19 302 66 48 192 274 120 192 198 94 120 167 172 125 64 145 282 220 246 257 263 232 179 308 229 105 140 160 299 66 78 300 211 241 280 125 205 196 192 242 221 204 329 200 239 285 156 294 339 172 206 147 87 283 111 299 87 286 91 152 120 218 240 150 268 187 7 106 302 243 245 139 193 119 193 167 189 102 260 188 223 82 43 243 165 92 101 268 159 234 305 82 235 100 176 179 93 156 132 302 41 56 268 280 123 259 30 312 135 293 171 316 173 247 118 80 131 234 312 79 161 266 290 166 214 90 119 63 212 149 151 243 55 87 95 252 62 295 291 155 180 176 32 231 76
 215 406 369 372 311 181 154 1 127 138 124 302 57 378 337 290 297 86 305 277 378 362 77 238 154 266 144 85 99 157 215 190 381 301 277 172 373 97 200 244 274 263 286 350 227 67 207 238 147 152 293 181 190 357 173 343 117 167 369 370 235 147 298 382 119 179 264 298 138 319 242 140 188 261 378 297 276 390 273 391 255 9 209 376 312 301 158 224 333 120 369 216 360 129 185 254 371 130 303 223 232 151 196 353 387 395 162 292 117 331 228 280 151 294 337 372 135 159 164 23 227 235 294 79 271 287 201 377 139 123 332 225 304 151 302 180 126 183 211 261 204 133 328 33 176 19 352 113 323 242 182 280 151 359 98 167 365 316 113 221 69 111 151 308 126 196 344 167 156 232 357 136 190 284 266 329 329 123 382 90
 213 335 359 297 295 298 231 127 1 202 234 357 109 354 389 252 307 46 252 174 362 329 106 115 206 212 46 156 220 231 92 250 323 266 224 244 326 167 277 208 188 305 274 402 321 190 175 215 141 191 339 56 106 350 50 309 20 114 315 397 267 271 328 344 226 210 155 277 12 255 261 53 125 235 396 268 248 333 246 444 151 119 84 302 342 286 133 315 274 241 322 311 317 154 160 286 426 13 367 115 195 226 306 294 417 437 285 283 240 359 206 266 164 231 381 413 166 212 46 143 266 328 224 205 215 187 235 403 256 70 392 262 348 274 211 268 229 59 90 296 93 202 245 157 64 117 281 67 288 268 212 329 34 295 153 130 345 241 75 156 150 120 256 294 252 175 329 212 268 273 344 242 67 192 274 375 386 208 427 197
 113 338 249 312 201 145 33 138 202 1 89 167 103 269 201 205 171 184 231 268 262 261 98 272 22 202 240 55 115 32 287 54 302 210 209 43 283 42 77 167 244 127 177 215 127 118 139 149 93 36 156 252 188 238 226 245 204 147 287 235 102 156 164 283 79 58 268 194 211 255 116 173 165 170 245 202 183 308 179 256 253 138 262 314 177 191 115 119 259 123 280 119 267 59 122 120 236 211 171 236 160 27 135 279 251 258 158 179 130 197 142 173 71 233 201 235 50 26 212 152 92 133 240 158 208 274 71 241 118 144 199 91 167 149 272 73 71 236 248 126 227 10 283 124 264 153 291 142 228 112 61 144 203 288 51 130 254 263 135 183 70 88 87 198 159 123 231 36 110 97 242 81 265 261 145 193 194 34 245 76
 201 425 330 398 287 67 74 124 234 89 1 210 127 354 244 292 250 201 318 341 344 348 137 328 108 287 261 88 41 78 325 117 389 297 295 90 370 84 100 254 323 190 263 257 109 66 223 236 169 123 210 289 255 319 271 333 229 217 374 298 178 69 231 370 11 145 336 281 245 341 198 224 238 258 313 289 270 396 267 294 323 130 309 400 243 277 191 107 347 38 368 96 355 134 204 193 273 240 203 299 246 77 74 366 309 306 71 264 46 263 229 260 153 318 252 286 130 110 258 126 165 116 324 97 293 348 153 303 31 196 233 166 222 62 351 73 19 282 302 194 286 80 366 95 291 141 377 190 316 191 148 196 247 375 103 204 338 347 185 262 88 148 31 283 76 208 315 122 35 167 325 17 300 338 228 243 232 56 292 38
 171 351 182 342 181 218 150 302 357 167 210 1 267 223 36 230 121 347 263 364 202 237 259 400 155 259 398 221 250 147 434 113 305 223 258 132 273 208 111 224 326 58 171 49 128 267 224 199 222 167 28 401 309 174 370 233 363 270 289 101 98 263 70 256 206 148 375 192 365 293 117 318 278 204 125 211 206 307 204 91 359 303 401 341 69 177 237 122 284 244 273 137 258 203 223 84 71 367 28 355 227 152 189 296 106 97 254 164 253 81 202 175 196 283 46 78 192 149 355 314 93 125 297 304 263 364 125 105 225 291 37 98 32 251 348 138 195 379 381 72 355 170 340 284 419 318 323 292 228 105 147 30 350 309 214 248 207 315 284 277 235 238 184 177 281 212 188 147 202 87 189 194 414 345 130 37 30 181 83 224
 162 352 316 318 257 192 128 57 109 103 127 267 1 324 302 235 247 83 250 231 324 307 22 205 114 211 141 51 119 129 199 155 326 246 222 143 317 63 175 189 223 223 232 315 215 94 151 182 91 106 255 164 143 305 145 288 107 115 314 326 190 172 254 326 119 132 221 243 120 264 194 101 136 206 331 242 221 334 218 357 210 52 183 322 268 247 103 209 277 139 314 204 304 77 130 209 337 116 273 181 177 123 199 298 344 356 184 239 140 287 173 226 98 239 299 333 85 120 133 78 184 222 240 123 216 240 155 333 151 77 300 182 265 173 252 162 121 156 178 218 165 101 275 70 169 65 298 68 268 196 135 243 121 304 54 112 311 262 66 168 42 55 148 255 158 141 291 124 161 190 304 134 175 235 216 291 296 102 344 90
 165 147 45 156 69 395 281 378 354 269 354 223 324 1 223 105 112 372 117 253 27 34 305 328 248 150 398 304 383 277 392 242 103 90 139 269 68 296 278 147 211 189 94 225 326 383 182 144 235 239 198 371 257 51 336 51 370 241 91 152 181 421 156 41 345 212 276 82 357 136 157 302 231 122 128 87 108 99 110 247 263 375 350 153 155 79 230 316 115 390 70 329 61 251 201 172 246 365 250 283 160 278 373 111 170 214 419 91 397 147 154 100 228 148 197 198 247 245 326 399 195 325 162 423 149 246 201 155 380 290 245 193 192 412 214 302 335 340 323 177 296 277 186 379 401 388 146 298 69 166 209 206 329 123 286 228 17 164 292 204 319 271 341 72 427 187 40 234 366 196 35 342 383 224 127 200 235 301 215 344
 197 358 180 353 190 248 185 337 389 201 244 36 302 223 1 245 132 381 278 387 199 241 293 428 189 278 431 255 284 182 464 148 312 236 276 167 278 243 145 245 348 86 185 14 157 302 249 221 252 200 51 432 336 173 400 240 396 298 297 83 126 295 82 259 240 180 399 204 397 307 141 348 305 222 109 224 223 312 220 56 383 338 430 352 74 188 267 152 297 278 279 167 264 236 250 109 39 400 47 382 250 187 218 306 81 63 285 176 287 77 225 190 227 300 27 48 225 183 386 349 124 152 315 338 282 386 156 85 258 322 25 128 46 283 367 172 230 409 409 98 383 205 357 319 451 353 336 324 238 130 178 61 381 319 248 277 208 331 316 302 270 271 218 187 314 239 192 180 235 118 189 228 445 366 148 24 17 216 49 259
 93 136 122 116 64 345 227 290 252 205 292 230 235 105 245 1 115 273 34 159 118 78 214 227 186 47 295 225 315 223 289 198 98 17 38 220 83 220 240 48 116 178 61 253 296 307 85 58 145 170 203 267 153 116 233 58 268 140 83 203 149 360 165 95 282 150 179 45 254 64 122 199 128 36 188 25 26 104 29 287 165 286 247 117 173 61 135 286 59 326 80 295 70 170 107 152 278 263 255 180 60 222 329 76 225 262 362 71 332 177 66 56 147 58 223 240 169 185 222 312 162 298 73 345 48 154 151 208 322 191 262 158 203 353 128 258 275 237 220 163 193 213 113 297 298 297 96 199 37 135 147 204 226 87 206 130 99 87 194 100 238 181 288 66 360 95 89 173 313 166 103 285 279 132 101 223 252 237 258 274
 95 231 81 223 61 287 177 297 307 171 250 121 247 112 132 115 1 312 147 265 97 119 231 318 151 152 351 215 284 173 367 136 186 106 148 163 154 205 168 123 223 79 55 139 215 288 140 103 169 147 94 339 230 70 304 113 319 199 170 96 73 316 52 140 242 119 280 73 312 177 56 258 199 97 91 94 94 187 92 173 265 295 329 222 59 58 175 206 166 287 153 218 139 171 150 62 164 318 148 271 131 175 263 176 118 151 313 46 295 64 110 61 152 171 109 127 163 147 291 315 87 215 187 329 155 262 101 102 276 237 150 86 91 307 240 194 232 311 304 66 276 179 227 291 364 309 205 242 108 60 116 99 290 189 200 179 95 201 235 186 231 200 235 57 325 135 73 136 259 87 79 238 352 241 34 109 140 201 145 246
 220 368 372 331 309 263 210 86 46 184 201 347 83 372 381 273 312 1 279 215 377 349 89 160 193 238 61 133 182 211 130 236 352 286 250 225 352 146 258 227 224 299 286 394 296 151 191 229 144 182 332 97 139 362 95 330 32 134 343 397 264 232 327 366 195 205 198 292 56 285 262 82 150 251 400 286 265 361 263 436 192 78 128 336 341 300 144 291 303 204 348 285 341 147 172 283 417 46 354 157 214 206 274 323 417 433 246 294 202 359 220 279 162 260 376 409 158 199 89 99 260 304 255 162 242 227 229 404 220 83 381 257 342 236 249 244 199 104 135 292 135 183 281 117 92 74 314 75 309 266 207 321 76 325 135 145 361 274 81 184 123 114 226 308 211 187 343 202 235 266 358 211 105 230 279 369 375 184 421 165
 121 108 143 85 93 373 255 305 252 231 318 263 250 117 278 34 147 279 1 137 136 86 229 212 213 42 294 246 338 251 279 228 77 43 30 249 75 242 271 65 94 211 94 285 327 328 101 84 162 195 236 261 149 139 227 68 270 146 66 232 181 384 197 96 308 178 160 75 253 31 155 201 129 66 216 55 59 86 62 318 147 300 237 86 205 92 148 317 30 350 71 325 67 190 122 185 310 263 288 168 75 250 358 50 254 293 388 103 355 208 89 89 168 32 256 271 191 213 218 327 194 330 47 365 38 131 181 237 347 197 295 190 236 378 101 287 301 230 209 196 184 239 81 315 293 310 64 206 52 168 175 237 224 58 227 140 115 56 202 97 258 197 315 95 383 114 111 201 340 198 124 311 272 109 134 255 285 263 289 297
 194 178 278 139 222 405 299 277 174 268 341 364 231 253 387 159 265 215 137 1 272 221 213 87 258 115 203 254 345 297 161 291 182 174 121 302 201 257 333 143 44 307 213 397 389 323 143 167 176 237 339 156 89 273 131 204 193 124 181 357 269 398 308 227 331 236 27 201 169 120 248 138 105 169 345 182 173 192 174 434 25 269 122 145 319 217 154 380 143 363 197 383 198 211 151 281 423 181 385 61 138 293 401 156 380 414 407 223 366 328 163 205 198 107 369 390 219 261 130 297 277 394 92 351 113 14 252 363 369 156 399 272 342 396 46 339 328 128 96 293 83 274 84 299 189 274 130 165 188 260 235 335 142 151 238 139 252 95 166 90 259 194 350 223 387 157 246 253 371 283 259 340 164 31 240 366 390 293 408 309
 164 173 20 181 69 382 272 378 362 262 344 202 324 27 199 118 97 377 136 272 1 58 306 344 241 164 407 300 376 267 405 231 129 103 154 258 94 291 264 156 229 172 93 201 309 378 188 149 237 234 178 383 268 29 348 70 377 249 117 126 169 411 136 67 336 206 294 86 366 158 148 310 241 129 102 98 116 126 117 221 280 375 364 178 134 79 235 300 137 381 96 313 85 250 206 158 221 374 229 298 168 269 359 136 144 188 408 87 389 124 159 100 228 166 173 172 244 238 337 397 183 309 182 418 164 265 193 129 370 297 222 181 171 402 235 289 326 353 337 161 310 270 208 377 412 388 170 304 85 155 203 187 339 148 283 234 22 186 297 216 316 272 330 71 419 192 35 226 355 182 21 332 395 244 118 177 212 293 190 337
 152 120 72 125 64 394 277 362 329 261 348 237 307 34 241 78 119 349 86 221 58 1 287 297 241 121 372 291 375 273 362 241 75 64 109 266 39 284 279 123 179 197 86 245 330 372 160 125 217 229 211 343 229 74 309 21 345 217 61 177 181 415 168 23 338 204 244 68 331 103 156 277 205 102 155 66 87 73 90 270 231 358 320 122 170 72 209 320 82 383 40 332 28 237 181 176 267 340 264 252 136 273 373 79 196 239 415 87 390 165 135 89 213 116 216 221 234 239 298 383 196 331 130 411 119 213 197 180 376 267 262 193 206 408 181 302 330 312 293 183 267 270 153 366 374 370 114 276 42 166 201 217 303 91 272 206 39 131 270 176 305 253 338 68 420 168 50 227 363 198 55 338 355 192 127 218 252 294 239 335
 143 331 298 297 238 203 126 77 106 98 137 259 22 305 293 214 231 89 229 213 306 287 1 192 105 190 143 53 134 127 194 148 305 225 201 140 296 63 173 168 203 211 214 306 217 112 130 162 71 94 244 158 125 287 136 268 108 95 293 312 177 187 241 306 128 119 204 224 116 243 179 88 116 186 317 222 200 313 198 348 192 73 174 301 255 228 82 210 256 154 293 207 283 61 109 196 329 115 266 165 156 121 207 277 331 345 198 220 155 273 153 207 80 218 288 321 71 111 123 99 173 224 219 143 195 222 142 319 163 61 293 170 254 187 232 163 129 147 166 205 151 98 255 90 168 84 277 54 247 181 121 233 112 283 48 91 292 241 50 147 50 35 155 236 175 120 272 114 170 179 285 142 170 216 199 281 287 104 334 101
 232 264 347 225 286 394 305 238 115 272 328 400 205 328 428 227 318 160 212 87 344 297 192 1 269 180 130 242 323 303 76 309 266 242 190 312 282 250 346 197 122 343 271 439 398 295 181 216 185 249 378 78 92 340 67 278 132 133 264 413 304 375 354 306 319 257 61 265 106 201 288 105 124 226 404 249 234 276 235 479 68 229 40 231 367 279 166 390 224 343 277 390 277 215 178 319 465 118 417 48 188 299 396 239 435 464 387 282 343 379 209 263 212 183 413 440 226 273 75 255 308 404 170 315 180 99 278 419 354 133 436 303 383 376 132 345 319 58 28 331 47 276 170 265 109 230 215 139 260 298 257 371 88 235 231 154 324 178 144 133 241 187 344 286 359 190 314 269 361 315 329 332 82 115 289 409 428 289 456 292
 95 320 229 295 181 161 44 154 206 22 108 155 114 248 189 186 151 193 213 258 241 241 105 269 1 186 246 70 136 41 289 44 283 191 192 45 263 58 78 150 232 111 156 202 132 138 124 130 86 22 142 255 182 217 226 225 211 140 268 217 83 176 146 263 99 38 260 174 216 238 96 174 156 151 226 182 164 289 160 244 245 154 262 297 159 171 107 123 242 143 261 126 248 56 110 101 225 217 162 230 144 38 149 260 234 244 177 158 150 179 125 153 61 217 186 220 45 7 212 169 74 138 225 179 192 263 51 224 137 145 189 72 152 169 260 82 90 237 246 108 223 30 269 143 269 169 274 144 209 93 41 130 204 270 61 121 233 248 136 172 86 89 103 177 180 109 210 16 128 79 221 99 268 249 124 179 183 54 231 97
 99 142 168 112 108 345 228 266 212 202 287 259 211 150 278 47 152 238 42 115 164 121 190 180 186 1 254 211 304 225 243 207 117 63 13 225 115 209 250 38 72 203 99 288 307 292 66 63 125 167 233 223 110 162 189 101 230 105 106 244 169 352 198 134 277 153 133 88 213 55 144 160 89 57 232 70 60 126 61 323 119 261 201 115 208 103 109 298 68 318 111 304 106 156 86 177 313 223 282 134 43 223 333 88 266 302 357 110 323 215 65 92 135 32 259 278 159 186 179 288 180 311 42 328 7 111 161 250 317 156 293 175 234 347 90 264 271 192 174 189 147 210 86 277 255 271 91 166 81 157 151 231 184 94 192 100 145 63 161 57 222 159 287 109 349 80 135 175 311 185 149 282 235 90 131 257 284 233 296 263
 257 372 404 333 340 323 267 144 46 240 261 398 141 398 431 295 351 61 294 203 407 372 143 130 246 254 1 191 241 268 78 290 363 310 266 281 368 203 314 252 223 348 319 444 355 209 220 260 185 233 382 54 146 395 73 352 36 158 356 441 311 289 372 387 254 253 181 321 42 294 306 97 168 279 441 312 292 373 290 486 180 136 92 339 386 331 178 349 315 263 364 344 359 196 205 329 468 34 408 144 239 262 334 333 461 481 305 328 260 403 250 311 207 271 424 456 207 252 78 154 309 362 263 216 257 216 277 448 280 115 433 305 391 294 244 303 259 77 110 340 123 239 279 176 34 129 319 111 331 311 255 372 71 334 190 175 389 279 118 198 181 162 285 339 268 220 373 253 294 315 388 271 56 224 319 418 427 242 470 225
 140 352 290 322 235 154 78 85 156 55 88 221 51 304 255 225 215 133 246 254 300 291 53 242 70 211 191 1 95 79 245 108 321 234 220 94 307 14 126 182 239 180 210 269 166 83 147 169 88 69 210 210 168 278 188 273 156 131 307 286 151 146 214 312 79 97 249 225 167 265 160 138 152 193 295 228 207 328 204 310 236 85 225 325 228 225 107 160 275 111 304 156 293 57 126 170 291 165 225 212 172 74 155 295 303 312 154 215 115 248 161 205 80 242 255 289 58 76 174 101 143 173 245 121 217 262 117 293 116 110 253 141 221 143 267 113 78 199 216 177 199 52 285 77 218 100 301 104 254 159 100 198 164 303 20 120 289 268 99 179 17 61 103 233 140 133 268 83 120 148 280 91 222 253 186 247 248 52 299 56
 225 444 363 415 316 84 109 99 220 115 41 250 119 383 284 315 284 182 338 345 376 375 134 323 136 304 241 95 1 113 310 152 411 321 313 126 395 97 140 273 332 227 291 297 146 34 240 258 182 147 249 275 258 351 262 359 213 224 397 336 212 54 268 397 45 172 338 308 231 358 230 219 245 281 350 314 294 418 291 334 326 106 299 418 280 306 201 146 367 22 392 134 380 149 220 228 313 225 243 299 264 110 102 387 348 345 66 293 22 300 250 287 171 335 291 326 147 139 250 95 200 154 339 57 310 354 184 342 42 194 273 200 261 55 361 113 56 272 296 231 283 107 379 67 273 115 394 186 341 224 176 235 238 395 114 214 368 362 183 273 88 154 70 312 46 225 345 151 63 202 356 58 285 346 259 283 272 84 332 42
 131 357 253 333 211 124 5 157 231 32 78 147 129 277 182 223 173 211 251 297 267 273 127 303 41 225 268 79 113 1 318 40 319 226 231 16 297 67 47 189 272 116 188 195 96 124 164 168 123 61 141 282 219 241 257 259 233 177 304 225 101 145 156 295 71 74 298 207 241 276 121 204 194 188 238 217 199 325 196 236 283 159 293 335 168 202 145 88 279 115 295 88 282 90 149 116 215 240 148 266 183 7 109 298 239 241 144 188 123 188 163 185 100 256 185 220 80 39 242 168 88 102 264 163 231 302 77 231 104 175 177 88 153 136 299 43 60 267 279 118 258 30 308 138 293 173 312 172 243 114 76 127 234 308 80 159 261 287 165 211 92 119 67 207 154 148 238 51 92 90 248 66 295 289 151 176 173 35 228 80
 276 338 407 299 343 389 318 215 92 287 325 434 199 392 464 289 367 130 279 161 405 362 194 76 289 243 78 245 310 318 1 332 338 304 254 329 351 256 363 253 193 379 326 477 410 279 229 267 213 272 414 37 139 399 65 343 99 170 334 461 340 360 397 374 317 287 135 323 81 272 329 118 170 282 456 309 292 348 292 518 141 207 43 305 410 335 199 403 294 331 347 400 345 235 220 357 502 86 447 112 242 312 397 310 482 507 375 336 330 425 259 318 239 251 454 483 247 294 80 228 342 417 240 290 244 173 310 467 346 146 470 337 421 364 206 356 319 57 71 369 97 289 244 246 47 202 288 147 324 338 288 406 86 307 240 191 386 250 154 190 240 202 346 343 340 234 374 292 358 348 389 332 26 188 336 448 463 297 498 288
 109 332 216 311 178 154 45 190 250 54 117 113 155 242 148 198 136 236 228 291 231 241 148 309 44 207 290 108 152 40 332 1 292 199 211 28 268 95 44 170 261 77 156 162 101 163 151 146 125 61 104 297 220 204 269 228 254 178 276 186 63 182 117 263 109 57 296 176 259 255 86 216 192 163 199 189 173 297 170 203 280 191 303 313 129 169 145 92 255 154 266 99 252 98 141 77 183 260 119 268 167 44 134 273 200 205 179 155 162 149 143 155 98 237 148 183 87 39 254 204 49 105 247 202 213 295 48 192 141 187 146 51 115 172 288 62 99 279 287 79 263 59 292 175 312 206 291 187 214 77 58 91 247 284 102 158 226 269 179 203 123 132 101 174 192 136 203 41 125 51 212 103 311 279 116 140 141 73 192 119
 189 47 145 57 126 442 323 381 323 302 389 305 326 103 312 98 186 352 77 182 129 75 305 266 283 117 363 321 411 319 338 292 1 94 105 315 37 316 333 140 146 260 141 317 388 403 177 154 237 267 279 325 218 147 293 74 341 220 17 250 238 456 236 64 379 246 208 119 322 69 211 273 203 133 228 104 120 11 124 343 199 376 296 52 240 131 224 378 50 423 35 388 49 265 198 237 340 333 332 228 151 318 425 30 270 313 459 146 428 237 162 140 242 94 288 294 265 282 286 403 252 389 101 440 112 172 245 254 418 271 333 248 275 450 138 353 372 294 269 246 246 310 101 391 358 386 55 281 81 223 244 283 293 32 302 216 112 89 277 169 333 273 384 130 457 189 123 270 409 255 129 381 335 153 185 289 323 334 313 370
 97 135 106 120 51 349 230 301 266 210 297 223 246 90 236 17 106 286 43 174 103 64 225 242 191 63 310 234 321 226 304 199 94 1 54 222 74 228 241 60 130 173 53 244 295 315 98 65 155 176 196 283 168 101 248 44 282 154 79 190 147 365 156 82 288 154 194 34 268 72 120 214 143 42 175 13 28 100 31 276 180 297 263 120 163 50 147 285 62 331 72 295 60 178 118 148 269 278 249 196 73 226 331 76 212 251 367 61 338 166 74 50 155 71 214 229 177 189 237 322 161 297 86 354 63 168 152 196 326 204 254 156 195 358 141 259 280 252 235 158 208 218 123 307 313 309 101 212 23 132 151 198 241 88 215 143 83 98 207 115 247 192 292 53 366 106 73 177 316 164 88 289 295 146 96 214 244 242 247 280
 103 133 159 104 101 352 234 277 224 209 295 258 222 139 276 38 148 250 30 121 154 109 201 190 192 13 266 220 313 231 254 211 105 54 1 230 103 217 255 43 78 203 95 285 311 302 75 66 135 174 232 235 122 153 201 90 242 117 94 239 170 361 196 122 285 159 141 81 225 47 145 172 101 55 225 62 55 114 57 320 127 272 212 107 205 97 120 302 57 326 99 309 94 165 95 177 310 235 282 145 50 229 339 77 261 297 365 105 331 211 69 88 143 27 256 274 167 192 191 299 182 315 40 338 11 117 165 244 324 168 292 177 233 355 93 269 278 204 185 188 158 217 84 288 266 282 83 177 71 158 156 231 196 84 201 111 134 60 173 69 232 169 294 102 358 89 126 181 318 187 140 289 246 95 129 254 282 240 292 272
 129 355 243 332 204 128 19 172 244 43 90 132 143 269 167 220 163 225 249 302 258 266 140 312 45 225 281 94 126 16 329 28 315 222 230 1 292 81 35 188 275 102 181 180 88 139 166 166 130 66 126 294 226 231 267 253 246 184 300 211 90 154 143 288 83 73 304 201 253 275 112 215 200 185 225 212 196 320 192 220 289 174 303 334 155 195 151 79 277 127 290 82 277 98 153 104 200 253 133 274 184 22 111 295 224 226 152 181 135 175 162 179 105 256 170 205 88 42 253 183 77 93 265 177 231 307 71 217 114 186 162 78 138 145 302 40 72 278 289 106 267 43 309 153 306 189 311 183 238 104 75 112 245 305 92 165 253 287 176 215 107 129 74 200 165 150 230 51 98 78 239 76 307 292 142 161 158 50 213 95
 170 82 109 90 95 419 302 373 326 283 370 273 317 68 278 83 154 352 75 201 94 39 296 282 263 115 368 307 395 297 351 268 37 74 103 292 1 301 308 130 161 230 113 283 361 389 167 139 227 249 247 334 223 112 301 42 344 218 25 215 211 438 204 30 360 226 225 92 327 81 185 275 203 115 192 82 101 35 105 308 214 368 309 86 207 102 216 351 59 405 5 362 17 251 189 208 305 337 300 240 142 297 401 48 234 277 439 116 411 203 147 114 228 101 253 259 250 261 292 394 226 362 112 427 112 192 222 218 399 270 299 222 243 431 158 329 352 303 281 216 256 291 125 379 366 379 82 279 55 196 223 252 298 58 288 210 76 107 274 171 320 263 363 99 440 178 88 249 388 228 93 361 345 171 157 255 289 315 277 354
 133 349 280 319 227 149 66 97 167 42 84 208 63 296 243 220 205 146 242 257 291 284 63 250 58 209 203 14 97 67 256 95 316 228 217 81 301 1 113 178 240 167 202 256 155 89 144 164 87 59 197 220 172 269 197 267 168 134 302 274 140 146 202 305 74 87 254 218 178 263 150 147 154 187 283 222 201 324 198 297 240 97 234 323 216 217 108 149 271 111 299 145 287 53 124 158 277 176 212 218 169 61 148 291 291 299 152 206 115 236 156 197 75 240 242 276 52 63 183 113 131 162 244 128 214 265 106 281 113 118 240 129 208 142 269 102 72 208 224 165 206 39 285 87 229 112 299 113 248 148 90 185 173 299 20 121 281 267 107 179 29 66 96 224 142 130 259 71 115 136 271 85 232 255 176 234 235 42 286 56
 153 374 247 354 216 120 48 200 277 77 100 111 175 278 145 240 168 258 271 333 264 279 173 346 78 250 314 126 140 47 363 44 333 241 255 35 308 113 1 213 304 97 196 158 58 159 194 190 163 98 112 328 259 236 301 267 279 217 317 200 99 157 138 301 96 100 336 217 287 298 124 249 232 206 218 230 216 338 212 196 321 202 337 356 148 208 184 49 298 135 306 56 292 132 183 107 176 287 106 307 210 53 96 315 211 207 151 194 144 167 187 195 137 281 153 187 121 74 287 209 84 62 291 194 256 337 91 206 118 220 136 87 124 146 331 29 85 312 323 105 300 76 335 178 340 217 334 217 255 114 101 98 279 326 126 197 261 313 210 245 138 163 76 212 173 179 239 81 97 83 246 84 341 322 154 144 134 77 193 116
 61 172 155 146 91 310 192 244 208 167 254 224 189 147 245 48 123 227 65 143 156 123 168 197 150 38 252 182 273 189 253 170 140 60 43 188 130 178 213 1 104 168 75 255 270 264 39 26 99 132 198 228 115 147 194 103 224 95 127 218 132 320 166 141 244 117 158 71 211 88 108 156 86 30 208 60 41 148 40 292 142 239 212 148 177 83 88 260 94 286 126 267 117 126 60 141 281 220 246 150 14 187 297 114 240 273 324 85 291 186 27 67 104 69 227 249 127 150 182 266 143 273 79 301 44 142 124 224 283 145 259 138 201 314 125 227 237 199 186 153 159 175 124 252 257 251 124 153 82 121 114 196 184 123 163 83 138 100 148 65 194 135 252 91 319 50 123 139 276 148 138 247 241 122 98 224 249 199 266 232
 159 150 235 111 179 386 274 274 188 244 323 326 223 211 348 116 223 224 94 44 229 179 203 122 232 72 223 239 332 272 193 261 146 130 78 275 161 240 304 104 1 270 171 357 361 314 111 128 155 211 301 181 87 230 151 161 207 110 143 315 233 383 268 186 312 206 66 159 185 80 211 143 89 128 302 139 131 156 132 394 55 267 151 117 279 174 133 352 103 349 157 356 157 190 123 244 383 197 348 83 101 269 378 118 337 373 391 181 352 286 126 164 174 64 329 349 196 234 146 295 243 365 50 345 70 40 219 321 352 153 361 238 303 381 30 313 308 151 124 255 103 251 58 292 215 274 97 163 145 223 204 298 156 115 221 120 209 58 162 62 246 179 329 180 376 126 203 225 351 248 216 321 191 19 200 326 352 272 367 293
 114 304 155 292 135 216 120 263 305 127 190 58 223 189 86 178 79 299 211 307 172 197 211 343 111 203 348 180 227 116 379 77 260 173 203 102 230 167 97 168 270 1 121 99 138 239 166 143 167 118 36 347 252 144 315 189 313 213 244 110 41 252 42 217 184 96 317 143 313 241 60 263 221 149 124 161 153 262 150 140 301 264 345 292 54 130 182 129 234 227 229 142 214 153 166 27 124 316 80 298 170 120 190 247 125 135 246 115 235 74 145 124 143 229 78 111 142 105 301 278 40 138 243 278 208 307 71 116 211 237 94 44 44 241 292 124 173 324 325 16 298 133 286 250 366 278 272 239 181 48 94 29 296 260 170 192 173 261 231 220 195 187 170 132 265 155 151 99 192 34 156 175 360 288 78 71 86 149 123 195
 72 184 87 172 26 309 192 286 274 177 263 171 232 94 185 61 55 286 94 213 93 86 214 271 156 99 319 210 291 188 326 156 141 53 95 181 113 202 196 75 171 121 1 193 248 290 100 60 145 146 144 300 187 77 265 73 288 162 125 146 99 330 105 108 254 120 230 23 278 124 72 223 157 46 135 41 41 144 39 227 214 283 286 172 113 16 144 239 114 299 112 249 98 158 116 97 218 286 197 224 85 188 289 127 168 204 330 12 306 118 70 9 136 117 163 181 154 154 252 306 113 250 133 329 102 210 112 152 291 207 202 110 143 323 186 217 245 271 260 107 232 185 173 286 327 296 153 213 61 84 117 146 253 139 192 145 80 147 207 139 225 180 253 23 335 101 59 142 278 116 73 252 313 188 45 162 193 209 199 251
 208 363 182 360 197 260 198 350 402 215 257 49 315 225 14 253 139 394 285 397 201 245 306 439 202 288 444 269 297 195 477 162 317 244 285 180 283 256 158 255 357 99 193 1 168 315 260 231 265 213 64 444 348 176 412 245 409 310 302 81 138 307 90 262 253 193 410 211 410 315 152 361 316 232 108 232 231 317 229 43 394 352 443 358 81 196 279 163 303 290 284 178 269 249 262 121 27 413 57 393 260 200 229 312 75 51 297 184 299 81 235 198 240 309 31 40 238 196 398 362 137 163 324 351 291 396 169 82 270 335 30 141 57 295 376 185 242 421 421 109 395 219 365 332 464 367 342 337 244 142 191 74 393 325 262 289 211 339 329 312 284 284 230 194 326 250 196 193 247 130 193 240 458 376 158 32 26 229 37 272
 210 430 292 411 267 93 94 227 321 127 109 128 215 326 157 296 215 296 327 389 309 330 217 398 132 307 355 166 146 96 410 101 388 295 311 88 361 155 58 270 361 138 248 168 1 174 251 246 217 153 141 374 313 281 350 320 321 271 371 228 151 143 177 352 110 157 391 270 332 355 177 298 287 262 249 285 271 391 268 199 376 232 387 412 184 260 238 11 354 134 359 14 345 184 239 155 178 330 111 361 267 100 62 370 233 218 131 245 143 201 244 248 192 338 173 204 174 129 336 232 136 9 348 202 313 393 147 232 111 269 141 140 152 131 388 55 102 361 374 150 353 123 392 201 383 245 390 265 308 166 158 128 326 382 171 252 309 369 259 302 175 213 79 264 166 236 287 137 87 134 293 93 386 379 205 164 143 115 204 138
 221 433 366 402 314 116 120 67 190 118 66 267 94 383 302 307 288 151 328 323 378 372 112 295 138 292 209 83 34 124 279 163 403 315 302 139 389 89 159 264 314 239 290 315 174 1 228 251 168 145 264 245 236 354 233 354 181 205 389 348 219 82 278 393 65 172 314 305 201 346 233 193 226 274 360 309 288 410 285 354 303 74 270 406 291 304 186 172 356 55 386 161 374 139 207 236 333 194 263 274 253 120 134 377 362 363 97 293 52 311 243 285 162 322 307 342 140 143 222 63 208 181 325 41 298 333 188 354 74 170 294 207 276 86 342 134 75 244 269 240 258 110 363 35 242 83 381 161 336 230 176 250 209 384 102 198 368 348 159 256 71 137 96 311 65 215 346 153 94 211 357 81 254 326 261 299 292 91 349 45
 53 206 185 176 121 282 167 207 175 139 223 224 151 182 249 85 140 191 101 143 188 160 130 181 124 66 220 147 240 164 229 151 177 98 75 166 167 144 194 39 111 166 100 260 251 228 1 41 62 104 200 201 92 176 166 141 190 63 164 234 128 288 174 178 213 96 152 103 179 120 109 124 60 61 229 96 75 185 73 300 136 202 190 180 187 112 50 242 129 253 164 247 155 92 22 141 286 187 243 134 27 161 272 150 256 284 293 110 258 199 32 92 71 97 234 260 94 126 154 228 135 255 103 265 71 146 109 241 253 109 260 130 204 283 137 204 207 173 166 153 138 146 146 215 228 213 156 117 120 120 94 195 154 157 128 47 172 126 111 55 158 97 225 120 285 17 155 116 248 141 169 218 214 129 109 230 251 169 276 199
 38 190 145 166 81 290 172 238 215 149 236 199 182 144 221 58 103 229 84 167 149 125 162 216 130 63 260 169 258 168 267 146 154 65 66 166 139 164 190 26 128 143 60 231 246 251 41 1 92 114 173 241 129 136 206 107 230 103 140 198 107 303 142 145 226 95 180 64 219 110 83 164 98 25 190 61 39 161 36 269 164 233 228 168 154 72 87 237 112 269 136 244 124 114 58 116 257 227 221 169 30 167 276 131 220 251 306 70 275 164 11 52 91 92 203 226 113 130 193 258 118 250 104 290 68 166 100 204 265 149 234 113 176 297 150 205 219 212 203 128 175 157 148 242 268 246 145 156 87 96 93 171 194 141 150 87 133 124 149 84 183 129 233 80 303 44 115 118 257 123 130 229 254 147 75 200 225 181 244 217
 76 266 230 235 169 232 125 147 141 93 169 222 91 235 252 145 169 144 162 176 237 217 71 185 86 125 185 88 182 123 213 125 237 155 135 130 227 87 163 99 155 167 145 265 217 168 62 92 1 65 202 181 97 220 149 198 151 55 225 257 128 232 188 236 159 74 176 154 148 179 122 97 72 116 257 152 130 245 128 306 161 142 181 239 202 159 23 208 190 197 224 210 214 36 40 147 290 152 235 145 88 119 226 210 277 298 238 152 201 219 82 138 27 155 243 273 44 90 135 168 129 222 159 204 131 182 98 264 199 72 258 125 210 228 183 165 155 158 163 158 140 99 199 154 201 155 215 75 177 128 75 193 130 217 69 37 223 182 68 94 98 37 176 167 226 50 203 84 197 136 217 167 194 170 136 237 250 118 288 142
 79 303 222 276 170 180 64 152 191 36 123 167 106 239 200 170 147 182 195 237 234 229 94 249 22 167 233 69 147 61 272 61 267 176 174 66 249 59 98 132 211 118 146 213 153 145 104 114 65 1 151 238 161 211 209 212 197 120 252 221 85 191 149 250 113 29 239 162 200 219 92 156 135 135 228 168 149 273 145 255 224 150 243 279 163 160 87 144 224 157 246 147 234 38 89 104 237 202 177 210 125 58 169 244 239 252 193 149 163 182 107 141 40 198 195 228 27 25 194 169 80 158 205 185 172 242 50 228 153 127 202 77 161 184 239 103 106 219 227 113 203 44 249 145 254 165 255 127 195 92 32 140 187 253 55 100 224 228 119 151 85 73 122 167 192 88 202 22 146 86 213 116 251 228 118 188 196 68 240 107
 147 324 159 315 154 226 145 293 339 156 210 28 255 198 51 203 94 332 236 339 178 211 244 378 142 233 382 210 249 141 414 104 279 196 232 126 247 197 112 198 301 36 144 64 141 264 200 173 202 151 1 382 286 150 350 206 347 248 263 90 75 268 44 231 205 130 350 165 347 266 92 298 255 177 110 184 180 280 177 106 334 294 380 314 46 150 216 133 257 246 246 148 232 187 200 60 89 350 54 332 202 146 198 269 100 103 260 137 255 61 177 148 177 257 46 80 176 136 335 306 74 138 271 302 237 339 106 95 228 272 62 78 13 257 322 140 194 359 359 48 333 161 314 278 401 309 296 274 201 81 128 15 331 282 201 226 183 288 266 253 225 221 187 150 284 189 163 132 207 68 164 194 395 319 104 38 53 175 90 220
 246 330 383 291 319 354 282 181 56 252 289 401 164 371 432 267 339 97 261 156 383 343 158 78 255 223 54 210 275 282 37 297 325 283 235 294 334 220 328 228 181 347 300 444 374 245 201 241 181 238 382 1 115 374 36 323 66 141 320 431 308 326 366 355 281 253 132 299 45 257 298 84 144 257 428 286 268 335 267 486 133 173 39 296 380 310 168 367 279 297 330 364 327 201 190 326 469 52 413 100 216 277 361 296 453 476 340 310 295 395 232 292 206 235 422 452 212 260 49 195 309 381 225 258 225 169 277 438 311 112 437 305 389 329 199 320 284 32 61 337 80 253 236 212 35 170 278 112 303 306 255 373 52 295 204 161 364 238 119 168 204 167 310 318 307 205 351 258 323 315 365 296 14 180 307 416 430 261 467 252
 142 231 269 193 205 320 220 190 106 188 255 309 143 257 336 153 230 139 149 89 268 229 125 92 182 110 146 168 258 219 139 220 218 168 122 226 223 172 259 115 87 252 187 348 313 236 92 129 97 161 286 115 1 260 81 209 124 43 211 325 212 310 263 243 245 167 82 185 105 150 197 58 33 143 318 172 154 228 154 388 69 183 100 199 277 197 76 304 170 276 219 306 215 130 87 228 374 116 326 49 103 214 318 189 346 374 320 197 278 290 121 179 123 126 323 350 140 186 71 211 217 318 119 264 112 98 187 331 283 69 345 212 292 309 113 260 243 85 75 240 48 193 143 211 146 189 177 78 189 207 167 280 76 190 153 63 250 137 79 54 171 108 267 204 299 99 236 180 286 223 251 256 128 95 200 318 337 210 366 222
 145 193 13 196 56 355 246 357 350 238 319 174 305 51 173 116 70 362 139 273 29 74 287 340 217 162 395 278 351 241 399 204 147 101 153 231 112 269 236 147 230 144 77 176 281 354 176 136 220 211 150 374 260 1 339 80 364 238 133 104 142 385 108 88 310 183 294 77 354 164 122 299 231 118 82 93 108 145 108 198 279 355 358 193 106 65 220 272 146 355 113 285 100 229 192 130 196 362 201 293 159 243 331 149 124 167 382 69 363 97 145 85 208 169 147 149 223 213 327 376 156 280 185 394 163 268 168 108 344 283 195 154 143 376 239 262 300 345 331 133 304 246 216 354 402 368 182 289 89 128 180 158 328 161 261 221 37 192 282 210 294 254 304 57 393 177 29 202 328 155 19 306 387 246 94 150 185 268 167 313
 212 300 348 261 284 336 257 173 50 226 271 370 145 336 400 233 304 95 227 131 348 309 136 67 226 189 73 188 262 257 65 269 293 248 201 267 301 197 301 194 151 315 265 412 350 233 166 206 149 209 350 36 81 339 1 289 67 106 287 397 276 314 332 322 262 222 109 264 41 225 265 54 109 222 393 251 233 303 233 454 108 165 39 267 346 275 135 343 246 282 297 341 293 172 156 293 438 53 383 72 182 251 342 264 419 443 327 275 282 361 197 257 175 202 389 419 183 231 15 190 277 356 193 251 191 144 246 404 295 83 406 273 357 316 171 296 264 12 42 304 50 228 207 202 66 164 247 85 269 273 223 341 25 264 180 127 329 208 92 134 184 139 290 283 296 170 316 229 304 284 330 277 49 152 272 384 398 238 434 234
 135 120 81 118 54 380 263 343 309 245 333 233 288 51 240 58 113 330 68 204 70 21 268 278 225 101 352 273 359 259 343 228 74 44 90 253 42 267 267 103 161 189 73 245 320 354 141 107 198 212 206 323 209 80 289 1 325 197 58 181 170 400 164 40 323 188 226 53 311 88 144 257 185 83 160 47 68 75 71 272 213 339 301 116 167 61 190 310 68 368 41 321 27 219 161 167 268 320 260 233 116 259 361 70 201 243 401 75 374 165 116 75 195 98 215 224 216 223 279 364 185 321 113 394 100 197 183 185 361 247 260 181 203 393 166 289 314 292 274 175 247 254 139 347 354 351 104 256 22 155 185 211 283 83 255 186 50 117 250 156 287 234 324 58 403 148 53 211 349 187 62 323 335 175 116 217 250 278 242 318
 225 354 374 316 310 292 232 117 20 204 229 363 107 370 396 268 319 32 270 193 377 345 108 132 211 230 36 156 213 233 99 254 341 282 242 246 344 168 279 224 207 313 288 409 321 181 190 230 151 197 347 66 124 364 67 325 1 130 333 407 276 262 338 361 222 218 174 292 27 273 272 70 142 250 408 283 263 351 261 451 170 109 98 321 352 301 146 315 292 234 340 310 334 161 173 295 433 15 372 134 211 227 302 312 427 446 277 297 232 369 220 280 173 249 389 421 172 217 65 131 274 328 243 193 233 206 242 414 250 83 398 270 356 266 230 268 226 75 108 305 112 204 264 148 63 105 300 77 304 277 220 336 53 313 155 144 360 260 85 174 148 127 253 309 242 188 344 218 263 280 358 238 74 211 286 383 392 208 435 193
