NAME : domp50p12v10
COMMENT : (Deleplanque et al.) 
TYPE : DOMP
DIMENSION : 50
DISPLAY_DATA_TYPE: NO_DISPLAY
OPEN_FACILITIES : 12
COST_SECTION
 1 102 46 173 163 271 190 123 240 89 76 299 97 303 109 140 184 145 241 98 115 97 149 136 250 272 77 259 346 131 78 117 186 231 249 40 183 76 97 225 79 155 101 95 235 225 242 156 234 215
 102 1 140 156 113 276 226 180 144 184 76 201 170 224 169 83 193 244 148 129 25 185 120 104 171 171 53 178 250 193 165 143 87 149 275 139 88 56 198 168 88 59 154 178 146 160 177 130 161 128
 46 140 1 170 175 252 161 146 270 46 91 331 114 322 132 158 168 124 283 86 156 53 155 145 294 308 102 279 375 95 34 103 226 275 221 13 213 100 68 235 122 196 129 52 278 270 287 199 251 240
 173 156 170 1 60 122 109 294 183 192 103 242 269 181 280 81 54 291 272 86 178 176 37 53 311 244 117 150 264 132 167 73 210 288 136 180 149 115 233 83 222 196 270 163 276 310 326 282 117 140
 163 113 175 60 1 178 163 275 127 209 88 188 256 148 263 30 112 299 215 105 132 197 32 33 256 186 91 109 217 168 183 103 153 233 194 182 91 90 243 63 192 143 249 185 219 258 273 241 77 85
 271 276 252 122 178 1 102 392 288 254 213 340 363 247 378 202 89 355 391 174 299 232 158 174 432 351 232 235 346 171 233 155 329 409 61 263 266 230 300 167 333 317 371 221 396 431 447 399 207 246
 190 226 161 109 163 102 1 306 289 156 152 349 274 285 292 174 58 255 364 101 250 133 133 141 395 347 175 257 372 72 137 84 299 372 61 173 249 172 202 189 262 278 288 123 365 384 401 335 224 247
 123 180 146 294 275 392 306 1 319 166 193 369 35 402 15 248 305 131 267 219 176 186 267 252 251 330 185 357 423 239 174 239 236 240 365 134 266 186 133 336 94 208 27 191 257 211 224 124 337 307
 240 144 270 183 127 288 289 319 1 311 183 64 312 106 310 123 236 384 130 222 144 306 158 153 183 64 169 72 107 289 288 224 98 164 316 273 58 171 335 124 226 117 293 295 141 206 216 235 86 44
 89 184 46 192 209 254 156 166 311 1 129 373 132 356 153 195 177 103 328 108 200 24 184 177 338 351 144 315 414 85 27 121 270 319 214 50 255 142 47 265 162 240 155 34 323 312 329 238 285 279
 76 76 91 103 88 213 152 193 183 129 1 246 171 232 180 69 127 213 221 54 99 124 75 61 246 227 24 190 286 119 106 69 157 224 204 96 128 21 158 150 122 132 169 114 220 233 250 188 162 151
 299 201 331 242 188 340 349 369 64 373 246 1 365 118 361 186 295 443 138 285 196 368 219 215 191 48 230 107 58 352 350 287 135 177 373 333 119 232 395 174 277 162 343 358 151 223 229 272 134 104
 97 170 114 269 256 363 274 35 312 132 171 365 1 389 23 230 277 105 274 191 170 152 245 230 264 330 166 344 417 207 141 210 236 252 334 102 257 167 100 317 91 206 34 157 265 228 242 141 322 296
 303 224 322 181 148 247 285 402 106 356 232 118 389 1 391 165 228 444 233 251 232 344 174 180 287 153 228 46 103 310 330 246 200 269 291 328 142 228 389 98 311 214 376 332 245 310 320 333 72 97
 109 169 132 280 263 378 292 15 310 153 180 361 23 391 1 236 292 125 263 206 167 173 254 239 249 323 173 346 414 226 160 225 229 238 352 120 256 174 122 324 85 200 19 177 253 211 225 124 326 297
 140 83 158 81 30 202 174 248 123 195 69 186 230 165 236 1 128 280 194 99 103 187 45 34 232 176 65 122 222 167 170 102 130 209 212 164 76 65 225 89 163 117 222 175 197 232 247 212 95 86
 184 193 168 54 112 89 58 305 236 177 127 295 277 228 292 128 1 279 321 87 217 157 84 96 357 296 147 201 315 101 154 67 257 334 85 179 200 144 222 132 246 240 284 145 323 352 368 314 168 193
 145 244 124 291 299 355 255 131 384 103 213 443 105 444 125 280 279 1 369 206 252 124 278 268 365 413 220 401 490 185 127 221 323 351 312 118 327 218 59 358 184 292 138 136 362 330 345 244 373 359
 241 148 283 272 215 391 364 267 130 328 221 138 274 233 263 194 321 369 1 273 128 331 238 226 55 91 198 201 194 339 311 284 66 40 405 280 127 201 334 239 187 90 246 324 14 87 92 152 209 159
 98 129 86 86 105 174 101 219 222 108 54 285 191 251 206 99 87 206 273 1 152 94 78 74 299 272 78 213 319 70 82 21 209 277 156 96 171 74 148 158 164 185 198 82 272 286 303 236 181 184
 115 25 156 178 132 299 250 176 144 200 99 196 170 232 167 103 217 252 128 152 1 204 143 127 148 162 76 187 248 215 184 167 72 126 299 153 92 79 210 184 83 41 150 197 125 136 153 110 173 135
 97 185 53 176 197 232 133 186 306 24 124 368 152 344 173 187 157 124 331 94 204 1 171 165 345 349 141 304 407 62 21 104 272 325 192 61 251 139 70 251 174 243 174 14 327 321 338 251 273 271
 149 120 155 37 32 158 133 267 158 184 75 219 245 174 254 45 84 278 238 78 143 171 1 18 276 215 85 137 247 138 158 73 175 253 168 163 117 84 221 82 190 160 242 159 241 274 290 248 105 116
 136 104 145 53 33 174 141 252 153 177 61 215 230 180 239 34 96 268 226 74 127 165 18 1 262 208 69 140 247 138 151 73 162 239 180 152 108 68 212 91 174 146 227 153 228 259 275 231 109 113
 250 171 294 311 256 432 395 251 183 338 246 191 264 287 249 232 357 365 55 299 148 345 276 262 1 144 222 253 246 362 325 313 104 24 441 289 173 226 337 287 184 118 233 340 44 44 42 128 259 209
 272 171 308 244 186 351 347 330 64 351 227 48 330 153 323 176 296 413 91 272 162 349 215 208 144 1 209 130 105 340 330 277 95 130 378 308 102 211 368 187 240 125 306 340 104 176 182 228 149 107
 77 53 102 117 91 232 175 185 169 144 24 230 166 228 173 65 147 220 198 78 76 141 85 69 222 209 1 183 274 142 122 92 135 200 226 105 112 4 167 152 106 109 160 132 196 210 227 168 158 140
 259 178 279 150 109 235 257 357 72 315 190 107 344 46 346 122 201 401 201 213 187 304 137 140 253 130 183 1 116 274 290 209 161 233 272 285 98 184 346 71 265 171 331 293 211 273 284 290 34 53
 346 250 375 264 217 346 372 423 107 414 286 58 417 103 414 222 315 490 194 319 248 407 247 247 246 105 274 116 1 384 390 318 191 234 386 378 164 275 440 186 330 217 397 396 208 280 285 329 149 137
 131 193 95 132 168 171 72 239 289 85 119 352 207 310 226 167 101 185 339 70 215 62 138 138 362 340 142 274 384 1 68 67 276 340 131 107 240 139 131 213 208 250 223 53 337 345 362 285 242 250
 78 165 34 167 183 233 137 174 288 27 106 350 141 330 160 170 154 127 311 82 184 21 158 151 325 330 122 290 390 68 1 95 252 305 197 44 233 120 70 239 155 223 159 19 307 302 319 232 259 255
 117 143 103 73 103 155 84 239 224 121 69 287 210 246 225 102 67 221 284 21 167 104 73 73 313 277 92 209 318 67 95 1 219 290 137 114 177 89 163 150 183 197 218 91 284 301 318 254 177 185
 186 87 226 210 153 329 299 236 98 270 157 135 236 200 229 130 257 323 66 209 72 272 175 162 104 95 135 161 191 276 252 219 1 82 341 224 71 138 281 185 146 32 212 264 68 115 127 139 160 111
 231 149 275 288 233 409 372 240 164 319 224 177 252 269 238 209 334 351 40 277 126 325 253 239 24 130 200 233 234 340 305 290 82 1 418 270 151 203 320 265 168 95 221 320 27 48 53 120 237 188
 249 275 221 136 194 61 61 365 316 214 204 373 334 291 352 212 85 312 405 156 299 192 168 180 441 378 226 272 386 131 197 137 341 418 1 233 284 223 260 202 319 324 347 182 408 434 451 391 241 273
 40 139 13 180 182 263 173 134 273 50 96 333 102 328 120 164 179 118 280 96 153 61 163 152 289 308 105 285 378 107 44 114 224 270 233 1 216 104 63 243 114 194 118 62 275 263 280 190 257 244
 183 88 213 149 91 266 249 266 58 255 128 119 257 142 256 76 200 327 127 171 92 251 117 108 173 102 112 98 164 240 233 177 71 151 284 216 1 114 277 115 173 75 240 241 133 184 197 193 91 46
 76 56 100 115 90 230 172 186 171 142 21 232 167 228 174 65 144 218 201 74 79 139 84 68 226 211 4 184 275 139 120 89 138 203 223 104 114 1 166 152 108 112 161 130 200 213 230 171 158 142
 97 198 68 233 243 300 202 133 335 47 158 395 100 389 122 225 222 59 334 148 210 70 221 212 337 368 167 346 440 131 70 163 281 320 260 63 277 166 1 302 154 251 129 80 327 306 322 225 318 306
 225 168 235 83 63 167 189 336 124 265 150 174 317 98 324 89 132 358 239 158 184 251 82 91 287 187 152 71 186 213 239 150 185 265 202 243 115 152 302 1 251 184 310 239 247 297 311 294 40 83
 79 88 122 222 192 333 262 94 226 162 122 277 91 311 85 163 246 184 187 164 83 174 190 174 184 240 106 265 330 208 155 183 146 168 319 114 173 108 154 251 1 116 68 172 178 153 169 78 247 215
 155 59 196 196 143 317 278 208 117 240 132 162 206 214 200 117 240 292 90 185 41 243 160 146 118 125 109 171 217 250 223 197 32 95 324 194 75 112 251 184 116 1 183 236 88 117 132 120 164 120
 101 154 129 270 249 371 288 27 293 155 169 343 34 376 19 222 284 138 246 198 150 174 242 227 233 306 160 331 397 223 159 218 212 221 347 118 240 161 129 310 68 183 1 177 236 195 209 108 311 281
 95 178 52 163 185 221 123 191 295 34 114 358 157 332 177 175 145 136 324 82 197 14 159 153 340 340 132 293 396 53 19 91 264 320 182 62 241 130 80 239 172 236 177 1 321 318 335 249 261 260
 235 146 278 276 219 396 365 257 141 323 220 151 265 245 253 197 323 362 14 272 125 327 241 228 44 104 196 211 208 337 307 284 68 27 408 275 133 200 327 247 178 88 236 321 1 74 79 140 217 168
 225 160 270 310 258 431 384 211 206 312 233 223 228 310 211 232 352 330 87 286 136 321 274 259 44 176 210 273 280 345 302 301 115 48 434 263 184 213 306 297 153 117 195 318 74 1 18 89 273 225
 242 177 287 326 273 447 401 224 216 329 250 229 242 320 225 247 368 345 92 303 153 338 290 275 42 182 227 284 285 362 319 318 127 53 451 280 197 230 322 311 169 132 209 335 79 18 1 102 286 237
 156 130 199 282 241 399 335 124 235 238 188 272 141 333 124 212 314 244 152 236 110 251 248 231 128 228 168 290 329 285 232 254 139 120 391 190 193 171 225 294 78 120 108 249 140 89 102 1 280 238
 234 161 251 117 77 207 224 337 86 285 162 134 322 72 326 95 168 373 209 181 173 273 105 109 259 149 158 34 149 242 259 177 160 237 241 257 91 158 318 40 247 164 311 261 217 273 286 280 1 50
 215 128 240 140 85 246 247 307 44 279 151 104 296 97 297 86 193 359 159 184 135 271 116 113 209 107 140 53 137 250 255 185 111 188 273 244 46 142 306 83 215 120 281 260 168 225 237 238 50 1
LAMBDA_SECTION
1  18
2  22
3  23
4  44
5  28
6  26
7  38
8  23
9  31
10  13
11  24
12  42
13  13
14  35
15  12
16  42
17  40
18  44
19  20
20  15
21  14
22  44
23  33
24  47
25  27
26  27
27  36
28  26
29  45
30  25
31  32
32  29
33  36
34  43
35  23
36  30
37  35
38  49
39  19
40  32
41  29
42  31
43  25
44  46
45  33
46  41
47  38
48  23
49  35
50  24
