NAME : domp180p90v9
COMMENT : (Deleplanque et al.) 
TYPE : DOMP
DIMENSION : 180
DISPLAY_DATA_TYPE: NO_DISPLAY
OPEN_FACILITIES : 90
COST_SECTION
 1 107 49 402 416 322 341 254 69 349 317 23 100 231 329 247 291 99 300 148 161 247 281 187 273 320 387 298 230 248 56 55 366 194 351 320 84 155 267 409 241 137 274 212 266 231 409 312 243 256 77 179 159 237 389 334 45 355 308 93 278 219 278 315 245 126 215 382 283 74 213 407 55 186 354 131 190 132 263 246 210 141 259 390 233 308 85 344 173 369 396 307 283 280 54 256 242 195 151 60 233 366 314 345 120 218 394 239 238 96 139 75 220 61 76 343 174 240 278 97 144 365 47 28 289 98 386 53 406 192 227 336 240 30 348 275 163 137 384 374 330 378 250 401 146 324 385 323 115 190 229 408 170 390 284 234 106 205 180 170 392 220 181 380 171 107 414 188 182 346 177 127 143 171 109 253 110 441 188 285
 107 1 70 372 332 219 246 181 99 330 217 88 167 160 234 146 196 56 213 125 56 266 270 175 169 261 358 192 238 180 147 124 281 131 265 214 157 184 161 311 136 49 238 133 224 162 315 214 140 246 140 169 122 133 289 304 146 252 209 159 219 115 194 209 148 134 148 292 280 171 131 307 64 112 269 29 112 52 257 153 108 74 153 350 228 293 171 257 201 327 359 282 223 261 102 164 193 99 245 76 139 353 224 262 209 114 375 209 135 123 41 36 126 68 167 298 70 134 280 103 39 272 135 80 220 124 358 97 375 199 246 290 139 98 247 231 219 60 336 320 243 344 153 376 41 267 289 237 182 121 125 313 89 337 234 141 27 216 80 120 317 199 109 319 175 190 329 209 141 290 154 215 53 74 52 148 173 346 182 179
 49 70 1 411 397 288 315 240 88 362 286 42 141 218 302 202 264 88 279 154 121 274 297 200 229 314 396 255 252 200 102 92 347 184 331 280 126 183 226 380 199 90 279 194 268 219 384 283 198 272 114 192 159 193 358 342 94 321 278 133 272 175 258 277 198 144 204 359 302 122 194 377 8 170 335 98 172 110 281 198 165 126 217 395 250 322 131 323 202 372 402 317 277 293 79 208 240 167 199 67 207 382 291 327 167 183 408 246 204 118 109 36 173 13 123 345 139 200 299 110 104 340 92 27 278 121 396 76 415 213 253 337 195 59 316 276 202 117 385 372 309 385 221 412 109 320 358 302 156 142 186 382 150 389 283 187 62 228 135 165 379 230 132 374 190 152 394 215 181 343 185 174 117 142 61 210 149 415 203 244
 402 372 411 1 238 344 290 220 334 60 318 385 335 229 286 431 287 327 250 258 376 196 127 215 424 142 16 418 188 527 377 355 235 246 241 396 347 264 393 322 401 411 136 259 151 228 294 306 423 150 340 224 255 412 338 70 397 360 313 335 171 403 242 379 451 277 234 260 135 390 266 342 408 270 236 354 274 322 148 466 415 300 398 47 175 100 366 246 251 63 34 96 170 123 349 475 183 311 396 349 293 67 258 228 376 345 39 166 338 308 341 389 446 419 376 88 349 376 147 306 379 273 374 395 192 306 17 349 9 217 207 96 427 373 335 145 299 315 77 103 246 33 300 16 363 137 297 241 330 478 403 300 294 94 146 458 399 211 408 253 187 183 468 128 234 361 243 233 234 119 228 374 326 326 424 408 325 314 216 395
 416 332 397 238 1 168 106 165 360 256 148 394 403 188 113 301 145 318 120 286 300 343 271 281 279 137 234 258 313 415 423 394 51 225 68 222 406 351 250 94 273 346 209 205 200 188 64 141 296 272 390 287 269 287 121 221 436 163 150 399 160 289 140 207 324 325 204 49 292 446 205 118 391 231 64 304 227 288 284 341 306 276 259 192 286 262 428 77 350 182 205 235 155 250 375 346 200 234 489 359 196 284 110 72 457 239 272 235 220 351 292 364 334 398 434 172 271 250 305 334 313 74 414 396 135 350 237 372 233 311 339 170 300 392 142 191 404 282 162 138 90 212 186 252 300 137 80 96 408 388 282 71 249 145 176 338 353 319 317 252 53 256 381 112 309 436 7 338 249 137 272 459 281 260 375 273 399 77 291 241
 322 219 288 344 168 1 65 146 286 334 27 301 349 155 63 139 62 231 96 241 170 359 311 265 114 204 334 91 324 253 349 320 130 178 116 57 345 323 87 104 115 213 245 145 229 156 121 39 135 299 327 267 221 129 75 296 355 35 33 342 187 136 110 40 161 278 166 120 332 374 138 93 281 163 122 192 156 194 314 178 153 195 98 302 300 318 365 107 331 282 315 293 186 292 298 182 204 131 437 274 101 365 87 125 401 106 368 248 85 292 184 253 176 284 366 258 149 98 341 269 187 96 337 296 158 292 336 294 342 302 346 251 140 305 33 226 376 192 274 248 103 312 81 355 179 209 94 106 359 236 127 116 165 264 216 178 231 317 174 203 188 259 231 229 288 379 162 326 215 227 245 405 181 152 247 112 349 144 277 75
 341 246 315 290 106 65 1 119 295 287 43 320 350 137 14 196 52 245 57 235 206 333 275 247 174 154 281 154 299 311 360 330 66 169 53 120 350 313 145 69 169 252 207 139 193 137 70 37 191 267 332 252 215 183 60 249 369 71 46 345 147 187 80 104 219 274 151 58 297 384 135 75 308 163 59 218 157 210 281 236 204 204 155 246 272 277 371 46 317 228 260 251 145 255 309 241 175 149 440 288 110 318 41 65 405 141 317 218 121 294 207 280 230 313 374 206 180 147 307 273 221 33 349 318 116 294 283 305 287 283 323 200 196 321 46 187 367 206 217 191 46 259 94 302 210 158 44 52 359 287 179 68 174 205 174 234 264 297 218 197 125 234 280 170 274 383 100 310 202 172 231 408 200 174 283 169 349 101 260 136
 254 181 240 220 165 146 119 1 196 197 123 232 241 24 108 212 85 157 64 124 166 216 167 130 206 86 207 203 182 311 259 230 118 62 105 189 243 197 175 183 181 208 102 49 85 24 172 112 204 154 227 134 106 193 178 161 272 173 115 237 50 185 40 172 232 163 40 138 187 282 53 192 235 71 106 156 70 132 169 247 197 116 179 186 156 175 266 100 200 163 198 152 52 148 212 256 59 96 329 196 73 227 80 96 296 126 236 103 119 188 142 209 229 243 270 135 137 156 196 170 174 128 250 235 40 187 209 209 220 165 206 126 208 229 152 84 251 125 165 145 87 188 83 228 158 92 154 79 248 268 183 174 93 163 77 240 206 179 195 89 139 116 258 140 156 274 163 192 88 116 115 298 129 117 230 189 238 205 142 180
 69 99 88 334 360 286 295 196 1 282 277 53 70 173 283 242 246 57 249 82 149 187 215 120 261 255 319 281 166 272 65 36 312 136 298 296 62 97 248 363 227 144 207 159 199 173 360 270 235 190 43 111 95 227 348 266 77 320 268 62 215 209 225 287 246 59 157 330 218 90 162 365 88 134 300 110 139 94 197 251 205 93 242 323 166 241 80 291 115 302 329 239 220 213 17 262 177 156 154 25 190 299 264 290 117 190 327 172 207 31 111 85 224 99 80 276 149 219 214 30 135 315 55 65 229 34 318 16 339 127 166 269 234 40 310 209 123 96 317 308 278 310 208 333 129 260 337 270 84 213 218 360 124 324 218 239 114 141 177 109 332 153 201 315 105 96 358 128 118 281 110 122 108 137 130 240 75 392 121 264
 349 330 362 60 256 334 287 197 282 1 309 334 278 200 280 404 274 281 239 210 340 137 70 164 401 134 47 399 130 493 322 301 241 209 243 382 290 207 371 329 374 371 99 229 116 199 305 296 396 94 284 172 209 385 340 39 341 355 302 279 150 374 226 365 422 224 202 268 77 334 236 348 360 234 239 314 240 281 90 436 383 258 374 80 119 43 309 246 193 78 75 49 150 71 296 446 149 279 337 298 268 32 251 229 318 317 46 121 314 255 302 343 415 371 320 86 314 350 88 255 341 276 319 345 177 253 45 297 67 161 148 90 399 321 330 114 240 273 102 120 242 55 279 54 325 131 302 236 272 441 375 310 257 120 121 427 356 154 373 211 204 134 430 146 180 303 260 175 190 122 179 315 287 291 380 383 268 329 162 375
 317 217 286 318 148 27 43 123 277 309 1 295 337 135 38 155 39 223 71 225 172 338 288 246 132 178 308 113 303 269 340 311 106 161 91 82 334 307 103 97 128 217 222 128 205 136 107 13 150 277 316 249 206 142 73 271 347 51 10 330 162 147 86 65 178 264 147 100 309 365 122 92 279 149 98 189 142 187 291 195 164 185 113 276 278 294 355 82 314 256 289 269 161 268 290 200 182 123 426 267 88 339 61 100 390 107 342 226 85 280 180 251 189 283 356 232 148 107 318 258 188 75 329 292 133 280 310 285 316 283 326 225 155 298 34 202 360 184 248 222 77 286 70 329 179 183 80 80 346 247 138 103 154 238 191 193 232 298 181 187 164 238 241 204 270 368 142 308 197 201 227 394 175 147 250 127 336 134 258 94
 23 88 42 385 394 301 320 232 53 334 295 1 99 209 307 231 269 78 278 130 143 237 266 171 255 299 370 280 218 240 63 51 345 173 329 300 84 145 248 387 223 122 256 190 247 210 387 291 226 241 73 162 139 219 367 317 59 334 287 92 257 201 256 295 230 111 194 360 270 86 191 386 46 164 333 111 168 110 249 232 193 119 240 372 218 293 91 322 164 350 379 290 263 264 41 243 222 173 162 39 211 351 292 324 128 198 378 221 217 82 118 59 206 55 84 324 154 221 266 80 126 343 52 16 268 84 369 38 389 179 217 317 224 18 327 256 161 115 365 354 308 360 228 385 127 304 363 301 115 181 212 386 148 371 264 220 91 193 164 149 370 203 171 359 157 112 392 178 162 326 159 135 121 150 98 235 108 419 172 266
 100 167 141 335 403 349 350 241 70 278 337 99 1 219 338 311 303 125 300 119 218 158 209 132 330 284 320 349 150 336 51 49 358 184 345 362 17 71 316 418 296 211 223 213 221 219 411 329 304 186 29 123 137 296 405 271 71 382 327 9 248 278 275 353 315 79 203 378 205 57 217 423 144 189 347 179 196 161 188 319 274 155 310 333 161 236 32 340 87 314 336 242 253 214 67 330 208 220 90 92 250 289 316 336 56 256 320 187 272 58 180 149 292 153 43 293 217 287 197 80 204 366 55 114 269 58 319 72 340 119 139 287 303 82 369 231 64 161 334 330 327 316 269 331 198 288 391 319 17 277 286 412 185 344 244 307 180 125 246 155 368 165 266 342 106 34 402 104 155 305 134 58 175 203 193 308 12 444 126 332
 231 160 218 229 188 155 137 24 173 200 135 209 219 1 125 204 97 134 83 102 150 205 163 113 202 103 216 203 170 299 236 207 140 38 127 193 221 177 173 203 175 190 103 31 86 2 193 124 197 147 204 116 83 185 195 166 249 185 126 214 62 176 58 177 223 141 17 160 182 259 38 210 213 49 129 136 50 110 162 238 186 93 175 199 145 175 243 122 182 175 209 154 65 145 188 248 54 83 308 173 69 229 99 119 274 118 242 96 115 165 123 187 218 221 247 146 121 151 189 147 156 149 227 212 61 164 217 186 230 149 192 138 200 205 166 88 232 103 180 162 109 198 83 236 140 108 174 100 226 253 175 195 73 180 84 230 186 164 181 66 162 104 242 159 138 252 187 175 67 132 96 276 109 100 210 184 216 226 125 179
 329 234 302 286 113 63 14 108 283 280 38 307 338 125 1 189 39 232 46 222 195 322 266 236 168 148 276 150 288 303 347 317 69 156 54 118 337 301 138 82 161 241 198 126 183 125 82 29 184 257 319 240 203 175 71 242 356 75 38 332 138 178 69 101 212 262 139 66 288 371 122 87 296 150 61 206 144 198 272 229 195 191 148 243 262 269 358 46 305 224 256 243 136 246 296 235 164 136 427 275 97 311 31 63 392 130 311 208 110 282 195 268 222 301 361 201 168 138 298 261 210 42 336 306 107 281 279 293 283 272 312 194 189 308 51 178 355 193 214 188 42 254 82 297 198 152 57 46 346 277 170 81 161 203 166 226 252 285 208 184 127 223 271 168 262 370 108 298 190 168 219 395 187 162 272 162 336 113 248 131
 247 146 202 431 301 139 196 212 242 404 155 231 311 204 189 1 162 189 199 237 94 381 360 281 32 294 418 63 348 116 291 269 256 201 239 100 301 314 53 241 31 113 306 176 289 206 258 161 9 340 283 278 224 20 210 370 289 160 152 303 261 35 195 106 24 262 204 253 376 315 169 227 195 176 245 133 169 158 354 41 39 175 42 396 330 376 315 230 328 373 408 357 262 345 247 48 256 127 389 221 139 432 200 244 354 87 445 292 94 261 135 174 41 194 312 345 102 57 381 238 108 228 279 221 243 262 419 242 431 314 363 336 8 242 170 291 357 162 373 349 220 399 134 438 114 299 232 219 325 103 31 254 158 367 287 40 142 331 69 211 310 291 102 337 292 335 295 332 231 322 258 360 144 124 146 28 315 281 292 66
 291 196 264 287 145 62 52 85 246 274 39 269 303 97 39 162 1 195 39 190 158 300 250 208 146 146 276 134 265 275 310 281 96 124 79 111 302 270 115 119 133 204 184 92 168 98 120 29 157 238 284 211 170 147 103 236 319 89 31 297 126 147 49 93 185 229 109 100 271 335 87 121 258 115 85 168 109 160 253 202 163 155 123 246 240 257 323 70 276 226 260 232 125 231 260 209 143 98 392 238 59 304 38 83 357 95 309 188 76 247 157 230 192 263 325 200 130 108 280 225 172 78 299 268 98 246 278 256 286 245 288 192 161 271 70 165 324 155 220 195 59 255 44 297 160 151 95 57 312 245 141 119 124 211 155 198 214 260 174 151 148 199 237 179 233 335 140 270 160 171 190 360 149 124 235 136 302 151 220 112
 99 56 88 327 318 231 245 157 57 281 223 78 125 134 232 189 195 1 202 73 96 211 219 122 207 228 312 226 183 234 119 90 268 98 253 239 118 131 192 313 172 103 193 113 181 134 311 218 182 194 99 116 73 173 295 258 125 265 214 117 185 155 179 231 195 80 119 283 227 144 114 313 84 88 256 57 92 38 205 202 153 43 186 308 175 242 136 246 147 286 316 234 190 212 68 213 153 101 210 44 137 303 216 247 174 133 326 162 151 73 56 63 176 93 136 258 93 163 227 51 85 267 107 80 193 74 312 63 330 144 191 250 181 77 256 190 170 41 298 285 232 300 155 329 76 233 288 224 138 175 163 311 72 302 196 191 79 161 128 78 295 149 164 287 120 153 315 155 95 256 103 179 52 81 102 185 128 343 128 208
 300 213 279 250 120 96 57 64 249 239 71 278 300 83 46 199 39 202 1 183 182 277 221 192 184 109 239 173 243 309 313 283 69 117 53 148 300 259 152 121 169 228 154 91 138 83 113 58 192 212 283 197 164 182 116 201 324 117 65 294 94 180 26 130 221 222 98 82 243 337 89 130 273 116 57 185 111 170 227 238 196 160 160 209 217 225 322 45 262 188 222 200 92 201 263 245 119 115 389 244 77 270 18 51 354 124 272 163 108 245 173 245 226 279 326 163 153 143 253 225 195 68 303 279 64 244 241 260 248 228 267 156 197 277 94 134 313 165 182 157 31 217 70 260 181 114 92 25 307 275 175 114 131 173 122 233 234 241 203 145 114 178 267 141 219 333 117 254 149 133 177 357 163 141 256 172 297 145 204 150
 148 125 154 258 286 241 235 124 82 210 225 130 119 102 222 237 190 73 183 1 152 146 147 51 248 175 244 260 115 300 140 112 240 67 228 264 121 84 226 302 215 171 127 98 118 102 294 216 230 122 106 45 20 219 291 190 156 273 216 114 135 203 158 252 249 41 86 261 156 161 104 308 151 78 229 116 86 84 133 259 206 64 224 244 104 171 143 223 95 222 250 164 140 140 98 270 96 121 207 92 141 231 199 219 173 163 255 93 173 66 108 134 233 162 149 196 136 198 156 53 146 249 133 138 153 65 243 97 262 78 127 189 231 120 258 128 136 78 237 227 209 233 160 259 133 179 274 201 125 243 209 295 84 243 137 248 150 96 186 39 254 78 232 234 56 152 285 95 38 200 32 175 96 115 174 226 116 327 58 239
 161 56 121 376 300 170 206 166 149 340 172 143 218 150 195 94 158 96 182 152 1 297 287 199 115 251 362 138 265 154 201 177 250 132 233 160 208 224 107 268 81 47 243 120 227 152 275 172 87 264 191 195 141 79 242 310 201 202 165 210 211 61 168 156 100 172 143 257 300 225 115 261 114 107 238 40 103 69 278 109 58 89 99 347 251 307 224 224 239 324 358 292 214 275 154 120 194 72 298 128 107 366 191 233 262 66 384 221 88 168 45 88 83 116 220 295 31 80 303 146 19 235 189 135 204 169 362 149 378 229 278 287 87 152 200 232 265 74 329 310 211 345 115 381 21 257 249 206 232 104 71 273 84 328 232 98 62 246 36 133 293 216 93 304 206 242 296 244 154 281 176 268 57 51 79 94 222 304 208 125
 247 266 274 196 343 359 333 216 187 137 338 237 158 205 322 381 300 211 277 146 297 1 79 101 389 206 183 397 36 444 207 194 311 188 305 394 173 93 364 392 356 313 135 220 145 204 374 327 373 72 173 103 158 362 392 146 227 388 329 161 190 347 255 379 393 134 195 336 63 212 228 405 274 210 303 261 218 229 61 404 351 209 363 209 61 101 187 304 75 197 207 120 194 97 197 415 159 259 203 209 267 139 293 292 188 302 172 115 308 157 253 266 378 285 199 187 280 337 50 168 290 335 208 251 221 154 181 200 203 69 22 184 375 221 368 154 108 223 221 228 294 187 284 188 278 207 362 286 148 386 352 378 224 236 169 393 289 51 331 171 295 101 374 249 92 177 345 60 153 214 124 184 240 257 310 368 147 405 90 375
 281 270 297 127 271 311 275 167 215 70 288 266 209 163 266 360 250 219 221 147 287 79 1 98 362 135 113 364 63 440 253 232 243 160 240 354 221 138 333 328 332 314 69 186 84 161 308 276 352 26 215 106 150 341 333 69 272 337 280 210 129 328 203 338 376 156 159 270 23 265 194 344 295 185 238 257 192 223 22 389 335 201 335 133 50 28 240 241 125 119 133 41 132 22 228 399 110 234 271 232 231 86 236 226 251 275 114 69 275 187 246 280 366 306 251 109 264 310 35 188 285 272 250 278 161 185 111 229 133 92 85 107 354 253 314 89 174 217 143 150 233 112 245 123 270 134 299 225 204 385 330 312 206 158 102 379 295 85 321 155 221 73 374 172 111 235 273 107 134 138 117 248 232 240 319 342 199 337 95 341
 187 175 200 215 281 265 247 130 120 164 246 171 132 113 236 281 208 122 192 51 199 101 98 1 289 154 201 297 68 349 167 142 239 89 230 296 140 72 264 312 256 220 93 122 90 112 299 236 273 73 129 10 58 262 306 148 185 296 237 130 122 247 168 282 294 63 100 263 106 184 130 321 198 110 230 165 118 132 84 305 252 111 263 206 54 124 161 226 72 186 211 120 127 94 135 316 82 158 212 135 169 183 209 218 183 201 209 57 208 95 156 183 280 208 170 163 180 237 107 92 194 256 162 182 147 93 199 135 220 38 85 157 274 159 277 101 125 126 204 199 215 192 187 215 180 158 283 206 133 293 252 301 124 213 113 294 200 54 234 71 241 35 281 211 30 163 281 63 53 175 24 183 142 157 223 267 125 331 13 275
 273 169 229 424 279 114 174 206 261 401 132 255 330 202 168 32 146 207 184 248 115 389 362 289 1 285 412 31 355 141 314 290 236 204 220 70 321 328 33 214 35 140 304 177 287 204 233 140 34 343 304 287 233 37 182 366 314 132 131 322 255 55 184 78 51 276 204 231 379 339 169 199 222 181 227 152 173 173 358 67 66 187 28 387 335 376 337 211 341 365 399 355 256 345 268 70 255 132 412 242 134 430 183 227 376 89 441 294 88 278 152 199 73 221 334 337 116 53 385 255 131 206 302 246 234 279 413 263 424 323 372 329 38 266 144 288 374 176 363 338 203 392 125 433 133 290 207 202 344 135 45 228 166 355 282 69 169 341 95 219 292 296 133 324 303 356 273 343 238 312 266 381 159 135 175 23 334 254 300 39
 320 261 314 142 137 204 154 86 255 134 178 299 284 103 148 294 146 228 109 175 251 206 135 154 285 1 131 278 177 396 313 286 111 132 110 255 290 224 253 198 263 292 73 132 67 101 176 166 287 136 277 163 162 276 207 96 329 222 173 281 43 269 102 238 315 208 114 138 157 333 137 216 310 150 107 237 152 210 147 331 282 191 259 103 151 130 312 113 220 81 116 103 39 114 271 339 79 181 366 261 156 165 119 96 336 210 165 102 200 239 224 286 314 319 320 55 222 238 169 227 258 143 306 305 52 237 133 270 141 180 204 48 290 292 198 57 275 203 80 60 109 110 162 152 242 7 170 103 286 353 267 181 174 78 42 324 287 186 280 151 91 125 343 61 183 316 140 206 139 31 152 336 210 201 311 270 278 203 163 254
 387 358 396 16 234 334 281 207 319 47 308 370 320 216 276 418 276 312 239 244 362 183 113 201 412 131 1 407 174 513 363 341 228 232 233 386 332 250 381 315 388 397 121 246 136 215 288 296 411 135 325 209 240 399 330 55 382 351 303 321 158 390 231 368 437 262 221 253 122 376 253 335 394 256 228 339 260 308 134 453 401 285 385 44 160 86 351 238 237 55 33 81 157 108 334 462 169 297 382 334 280 60 249 219 362 332 39 151 326 294 327 374 433 404 362 77 335 363 134 291 365 265 360 380 180 291 5 335 21 203 194 85 414 358 326 131 285 300 73 97 236 23 288 22 349 126 290 231 316 464 390 294 280 90 133 445 384 197 394 239 182 168 453 123 220 347 239 219 219 110 213 360 312 312 409 395 311 309 201 383
 298 192 255 418 258 91 154 203 281 399 113 280 349 203 150 63 134 226 173 260 138 397 364 297 31 278 407 1 363 169 337 312 218 211 203 41 342 342 35 188 58 168 304 180 286 204 209 123 63 347 324 297 244 65 156 363 337 105 114 342 251 81 177 53 81 291 207 210 383 361 172 172 248 188 210 173 180 190 362 96 94 202 40 379 342 376 359 194 354 358 392 355 252 347 289 97 256 141 433 263 135 429 169 211 397 98 437 297 91 296 171 224 103 248 356 331 133 64 390 273 155 186 325 271 227 296 408 284 417 333 382 323 68 289 120 286 390 192 353 328 187 386 122 428 155 283 183 188 363 165 70 203 177 345 279 99 195 350 123 228 276 301 163 312 314 376 252 354 246 304 275 402 176 149 203 46 353 228 309 25
 230 238 252 188 313 324 299 182 166 130 303 218 150 170 288 348 265 183 243 115 265 36 63 68 355 177 174 363 1 414 196 179 279 153 272 359 163 80 330 359 323 284 106 185 114 169 342 292 340 46 160 71 125 329 357 130 216 353 294 152 158 314 221 344 361 110 160 304 56 206 193 371 252 176 271 230 184 198 42 372 319 177 329 194 28 89 181 271 65 179 194 101 162 74 179 383 125 224 209 187 232 140 259 259 189 268 171 82 273 137 222 241 347 263 192 164 247 303 49 144 260 302 195 231 188 134 172 180 194 41 27 161 342 203 333 123 112 192 201 205 261 174 249 183 247 179 329 252 144 357 319 345 191 215 138 361 262 26 300 138 267 67 345 224 65 174 314 47 119 188 91 186 209 224 284 334 140 372 58 340
 248 180 200 527 415 253 311 311 272 493 269 240 336 299 303 116 275 234 309 300 154 444 440 349 141 396 513 169 414 1 302 288 369 285 353 209 323 363 167 355 143 132 396 269 379 300 373 275 120 417 308 345 293 129 323 462 292 272 266 328 359 130 302 219 93 313 294 368 453 321 262 339 196 260 359 185 255 218 430 76 116 240 157 496 402 460 330 343 380 473 507 445 362 428 271 73 346 218 398 248 242 519 312 357 366 188 536 374 202 300 195 189 85 188 323 444 180 168 454 281 156 343 291 226 347 301 514 266 528 376 424 436 116 256 284 384 394 225 476 454 333 496 241 533 171 402 346 331 352 61 135 368 237 472 382 78 159 394 121 286 422 368 72 445 353 351 410 388 307 426 327 374 209 203 144 143 344 395 358 179
 56 147 102 377 423 349 360 259 65 322 340 63 51 236 347 291 310 119 313 140 201 207 253 167 314 313 363 337 196 302 1 31 376 199 362 355 35 117 304 428 281 184 259 223 253 237 424 334 286 229 39 158 156 278 411 312 21 383 331 47 274 260 289 347 292 107 220 394 251 26 226 429 107 198 364 165 204 156 233 294 254 157 298 372 204 280 30 355 134 352 376 283 280 256 52 305 235 219 100 76 254 335 328 354 66 250 365 222 268 76 169 120 268 115 22 329 207 276 244 90 185 379 13 77 291 77 361 56 383 162 188 322 284 50 373 264 113 158 370 363 342 357 272 375 183 318 402 334 64 243 270 424 188 378 275 282 153 171 224 172 393 201 233 373 145 52 422 151 177 337 163 73 169 198 160 293 62 457 164 322
 55 124 92 355 394 320 330 230 36 301 311 51 49 207 317 269 281 90 283 112 177 194 232 142 290 286 341 312 179 288 31 1 346 170 332 328 35 102 279 398 257 165 233 194 227 207 395 305 263 208 23 133 127 255 382 289 45 355 302 42 246 237 259 320 271 81 191 364 233 55 197 400 95 169 334 140 174 128 213 275 231 128 272 348 184 259 48 326 120 327 353 261 251 233 24 285 207 190 122 50 224 316 299 324 86 222 345 197 240 49 143 102 248 104 46 303 181 250 227 61 162 350 22 66 262 51 339 29 360 142 174 296 261 34 344 237 111 130 344 337 312 333 243 353 158 290 372 304 65 229 246 395 159 352 247 263 134 153 203 142 364 176 218 345 122 67 392 135 149 310 136 92 141 170 145 269 58 427 141 296
 366 281 347 235 51 130 66 118 312 241 106 345 358 140 69 256 96 268 69 240 250 311 243 239 236 111 228 218 279 369 376 346 1 177 18 185 360 309 206 89 227 296 177 156 166 140 66 97 250 241 344 246 222 241 104 204 387 134 106 353 122 242 90 169 279 279 157 28 265 398 155 108 341 181 13 253 177 238 254 296 258 226 215 190 252 239 382 27 310 174 203 213 118 222 327 302 159 184 445 309 145 271 60 23 412 190 265 198 171 304 241 313 287 347 387 157 221 203 277 286 263 40 366 346 93 303 231 324 231 272 305 152 255 343 109 158 363 232 160 133 40 206 136 248 250 113 63 46 363 340 235 71 199 146 143 293 302 282 268 205 60 218 332 110 268 391 49 299 204 121 228 414 231 209 325 229 354 95 250 199
 194 131 184 246 225 178 169 62 136 209 161 173 184 38 156 201 124 98 117 67 132 188 160 89 204 132 232 211 153 285 199 170 177 1 164 207 184 147 178 236 173 167 112 34 96 39 229 151 193 140 168 91 48 181 225 179 211 210 151 178 89 169 92 193 217 107 22 196 176 222 42 242 179 26 166 110 33 80 155 230 177 60 178 220 132 177 206 158 154 197 230 161 94 146 151 240 64 75 273 136 81 236 133 156 238 117 253 92 121 129 97 155 207 188 211 168 106 152 182 110 134 184 190 177 96 128 232 148 248 126 173 160 195 168 193 102 201 72 206 190 145 216 99 250 118 137 208 136 191 234 171 230 49 207 104 220 157 143 165 29 199 92 223 191 111 216 224 150 38 161 69 241 82 83 182 184 181 261 102 188
 351 265 331 241 68 116 53 105 298 243 91 329 345 127 54 239 79 253 53 228 233 305 240 230 220 110 233 203 272 353 362 332 18 164 1 171 347 299 190 90 211 279 173 141 161 127 71 82 234 236 330 236 209 225 99 205 373 123 91 340 115 225 75 155 262 267 143 34 262 385 140 106 325 166 7 237 162 222 249 279 241 211 199 196 245 238 369 10 300 179 210 211 112 219 313 286 151 167 433 295 128 273 43 15 400 173 269 191 154 291 225 297 270 331 374 160 204 186 274 273 246 34 352 330 85 290 235 310 238 263 298 154 239 328 98 153 353 216 167 140 23 210 119 253 233 113 61 29 352 323 219 74 183 154 139 276 286 274 251 192 73 210 315 118 258 378 65 290 192 124 217 402 215 193 308 212 342 102 241 184
 320 214 280 396 222 57 120 189 296 382 82 300 362 193 118 100 111 239 148 264 160 394 354 296 70 255 386 41 359 209 355 328 185 207 171 1 356 347 56 149 86 196 290 175 273 194 170 93 99 339 338 297 246 97 116 345 357 65 85 355 234 111 157 18 120 298 200 175 374 380 167 132 273 188 178 191 180 203 354 135 126 210 67 355 336 363 374 163 357 335 369 340 233 335 305 137 245 145 448 280 128 413 141 181 412 107 418 288 92 307 186 247 140 274 373 310 149 81 381 283 178 151 343 293 207 307 387 300 395 332 380 302 104 308 82 271 397 202 328 302 158 364 111 407 175 260 146 160 374 202 99 164 182 318 263 138 220 349 152 229 244 295 200 284 315 391 216 355 244 280 275 417 188 160 231 78 364 189 308 38
 84 157 126 347 406 345 350 243 62 290 334 84 17 221 337 301 302 118 300 121 208 173 221 140 321 290 332 342 163 323 35 35 360 184 347 356 1 84 308 418 288 199 232 212 228 221 412 327 295 198 19 131 139 286 404 282 55 379 325 13 253 269 276 347 304 83 205 380 218 45 216 421 129 188 349 171 194 154 201 308 264 151 303 343 173 248 23 341 101 324 347 253 258 225 55 319 213 215 93 81 247 302 316 338 57 250 333 196 267 57 172 136 281 138 31 302 210 279 211 77 194 367 39 99 273 58 330 61 352 131 154 296 294 68 367 239 80 155 343 338 328 327 266 343 189 294 391 320 32 263 278 413 181 352 250 296 168 138 236 156 373 174 252 349 115 36 405 118 158 313 140 62 169 197 179 300 28 445 135 325
 155 184 183 264 351 323 313 197 97 207 307 145 71 177 301 314 270 131 259 84 224 93 138 72 328 224 250 342 80 363 117 102 309 147 299 347 84 1 308 379 294 232 158 180 158 177 368 298 307 116 81 65 103 297 371 202 137 356 298 73 192 280 234 335 323 53 163 332 135 127 187 387 184 161 299 186 169 157 118 332 281 142 305 264 91 166 102 295 19 246 267 172 197 144 106 343 152 203 143 120 224 219 275 288 116 245 249 124 256 66 181 179 305 194 113 226 214 279 128 82 214 324 117 159 218 65 248 109 270 50 73 221 308 129 339 169 55 154 267 265 283 246 243 260 204 227 350 274 67 303 287 370 167 278 183 320 205 55 257 121 312 101 292 279 43 99 351 35 112 242 83 115 171 194 224 306 62 400 62 322
 267 161 226 393 250 87 145 175 248 371 103 248 316 173 138 53 115 192 152 226 107 364 333 264 33 253 381 35 330 167 304 279 206 178 190 56 308 308 1 190 31 141 274 149 257 174 207 110 49 316 290 263 210 44 159 335 306 111 101 308 224 56 153 58 76 257 176 202 351 329 140 177 219 155 196 140 147 156 330 92 71 167 12 355 309 346 325 180 320 333 368 325 225 316 256 97 226 107 400 230 104 400 151 196 364 64 410 265 59 262 137 194 90 219 323 306 99 30 358 239 124 177 292 240 202 262 382 251 392 299 348 298 54 257 119 258 355 157 331 306 171 360 94 401 123 259 180 171 329 151 44 202 143 323 251 91 166 317 97 194 261 269 147 292 280 343 244 320 212 281 242 369 142 115 176 26 319 230 276 19
 409 311 380 322 94 104 69 183 363 329 97 387 418 203 82 241 119 313 121 302 268 392 328 312 214 198 315 188 359 355 428 398 89 236 90 149 418 379 190 1 218 312 261 207 248 203 31 98 238 324 400 317 283 232 34 292 437 84 104 413 203 239 146 137 263 342 218 63 351 452 203 25 374 231 92 283 225 278 337 280 256 272 201 276 332 326 439 89 382 262 289 300 199 308 377 283 235 215 507 356 177 359 104 103 473 202 353 278 181 362 273 345 279 378 442 245 243 200 362 342 284 58 417 385 171 362 318 373 317 347 384 240 243 389 72 241 433 273 246 220 99 293 160 335 274 200 31 107 426 339 230 24 241 230 227 280 327 359 275 264 138 295 334 194 339 451 88 373 269 209 297 475 267 240 345 215 416 41 323 176
 241 136 199 401 273 115 169 181 227 374 128 223 296 175 161 31 133 172 169 215 81 356 332 256 35 263 388 58 323 143 281 257 227 173 211 86 288 294 31 218 1 112 277 148 259 176 233 133 25 313 270 254 200 15 188 340 281 141 125 288 230 25 165 88 53 242 175 226 349 306 140 206 192 149 217 118 142 139 327 70 41 153 21 365 304 347 304 201 307 343 377 328 232 316 234 78 227 100 378 208 109 403 170 215 342 58 415 264 64 244 117 167 62 192 301 315 81 27 354 221 98 201 269 214 212 244 389 229 401 290 339 306 29 233 147 261 339 141 342 319 191 368 103 408 99 269 207 189 310 122 14 229 133 336 257 66 138 308 67 186 280 265 117 307 269 322 268 309 205 292 233 348 125 101 147 13 300 258 267 49
 137 49 90 411 346 213 252 208 144 371 217 122 211 190 241 113 204 103 228 171 47 313 314 220 140 292 397 168 284 132 184 165 296 167 279 196 199 232 141 312 112 1 277 161 262 192 321 217 109 290 183 215 165 104 286 344 180 244 210 203 251 88 213 195 110 182 181 303 325 207 156 305 84 144 284 59 142 92 302 111 76 114 131 385 273 335 210 270 249 362 395 323 255 304 145 122 229 116 283 120 152 396 237 278 249 112 416 251 133 170 71 65 85 82 205 333 76 119 326 151 35 281 172 110 246 171 397 140 413 246 293 325 106 135 244 268 266 99 369 351 257 381 161 415 51 298 294 252 226 74 99 318 120 369 270 99 32 263 46 161 338 242 62 347 222 231 342 256 182 322 199 255 86 92 36 123 218 350 228 160
 274 238 279 136 209 245 207 102 207 99 222 256 223 103 198 306 184 193 154 127 243 135 69 93 304 73 121 304 106 396 259 233 177 112 173 290 232 158 274 261 277 277 1 131 18 102 242 209 298 65 221 102 121 287 265 68 276 270 214 222 61 276 137 273 324 153 104 204 91 276 138 276 275 137 171 219 142 187 78 338 286 165 277 117 80 74 253 173 152 96 124 52 64 48 223 348 51 181 300 218 171 127 169 159 273 220 142 37 217 185 207 255 317 285 262 71 217 253 102 178 245 205 253 264 93 183 121 222 139 111 132 65 301 246 247 21 206 180 112 108 165 108 183 140 229 74 232 158 223 345 277 246 160 121 35 329 264 116 276 118 162 59 334 123 119 254 210 136 99 86 98 272 192 193 289 286 216 271 98 280
 212 133 194 259 205 145 139 49 159 229 128 190 213 31 126 176 92 113 91 98 120 220 186 122 177 132 246 180 185 269 223 194 156 34 141 175 212 180 149 207 148 161 131 1 113 33 202 119 169 168 195 124 79 157 194 195 234 177 119 207 92 147 67 161 194 137 28 172 204 247 9 211 189 26 144 108 23 85 183 209 157 72 150 229 163 200 233 134 187 205 240 181 95 170 174 219 81 53 302 155 48 257 106 135 267 90 270 118 91 157 94 162 188 196 237 177 91 125 210 136 127 157 213 191 87 156 246 170 260 159 206 168 172 188 160 117 233 79 210 191 120 228 66 265 111 138 180 112 221 222 147 202 46 209 114 200 158 175 150 60 185 122 212 188 144 245 203 183 71 162 102 270 81 70 182 157 211 234 135 157
 266 224 268 151 200 229 193 85 199 116 205 247 221 86 183 289 168 181 138 118 227 145 84 90 287 67 136 286 114 379 253 227 166 96 161 273 228 158 257 248 259 262 18 113 1 84 230 193 281 76 216 98 110 269 250 84 270 254 197 218 47 259 120 256 307 147 87 192 105 271 121 262 264 121 159 204 125 173 90 321 269 151 260 128 87 91 250 160 154 106 136 69 50 64 215 331 34 165 300 209 154 145 153 147 272 202 158 36 200 179 192 243 300 274 258 79 200 236 116 170 230 191 247 255 78 177 136 214 153 114 140 71 284 237 231 12 209 165 119 111 151 121 166 155 214 70 219 143 222 329 259 234 145 126 26 312 250 121 260 105 156 59 318 122 117 252 202 140 87 86 91 272 177 177 275 268 214 260 97 263
 231 162 219 228 188 156 137 24 173 199 136 210 219 2 125 206 98 134 83 102 152 204 161 112 204 101 215 204 169 300 237 207 140 39 127 194 221 177 174 203 176 192 102 33 84 1 193 125 198 146 205 116 83 187 195 165 249 186 127 214 61 177 58 178 224 141 18 160 181 259 39 211 214 50 129 137 51 112 161 239 188 94 177 197 144 173 243 122 181 174 208 153 64 144 189 249 53 84 308 173 71 228 99 118 274 119 240 95 116 165 124 188 219 222 248 145 123 152 188 147 158 149 227 213 60 164 215 186 229 148 191 136 201 206 166 86 231 104 179 161 109 196 85 235 142 107 174 100 226 254 177 195 74 178 83 231 187 163 182 66 161 103 244 158 138 252 186 174 67 131 95 276 110 101 212 185 216 226 124 181
 409 315 384 294 64 121 70 172 360 305 107 387 411 193 82 258 120 311 113 294 275 374 308 299 233 176 288 209 342 373 424 395 66 229 71 170 412 368 207 31 233 321 242 202 230 193 1 105 254 305 395 305 275 248 60 268 434 107 113 406 185 253 137 157 281 334 209 39 330 448 199 55 377 227 72 287 222 278 318 298 270 270 217 248 315 304 434 74 370 235 261 277 181 287 374 302 220 217 500 354 178 334 97 84 466 210 326 261 189 356 276 349 295 382 437 220 249 213 342 336 291 46 414 386 155 355 291 371 290 333 368 216 259 387 90 222 422 273 218 192 86 266 164 308 279 177 28 94 418 353 244 8 240 202 208 297 333 344 286 257 109 280 347 167 327 444 58 360 259 184 286 468 268 243 353 231 409 34 310 195
 312 214 283 306 141 39 37 112 270 296 13 291 329 124 29 161 29 218 58 216 172 327 276 236 140 166 296 123 292 275 334 305 97 151 82 93 327 298 110 98 133 217 209 119 193 125 105 1 156 265 309 239 197 148 78 258 342 62 10 323 150 151 74 76 184 255 137 93 297 359 113 96 277 141 88 186 134 182 280 201 168 179 120 264 267 282 348 73 304 244 277 257 149 256 283 206 170 119 418 261 82 327 49 90 383 106 330 214 85 272 176 248 194 281 350 220 146 111 306 250 187 69 323 288 120 272 298 279 304 272 315 213 161 293 43 190 351 178 237 211 66 274 64 317 177 171 78 68 338 251 143 102 147 226 179 198 230 287 182 178 154 227 244 192 260 361 136 298 187 189 217 386 170 143 249 134 328 134 248 103
 243 140 198 423 296 135 191 204 235 396 150 226 304 197 184 9 157 182 192 230 87 373 352 273 34 287 411 63 340 120 286 263 250 193 234 99 295 307 49 238 25 109 298 169 281 198 254 156 1 332 277 271 216 13 207 362 284 158 147 296 253 28 188 104 30 255 196 248 368 310 161 225 191 168 240 126 161 151 346 47 34 167 38 388 322 368 310 224 321 366 401 349 255 337 241 54 249 120 384 214 132 425 194 239 348 80 437 284 88 254 128 169 43 189 306 338 95 50 373 231 102 224 274 216 236 255 412 236 424 306 356 329 6 237 167 283 351 154 366 343 214 391 127 431 107 292 228 213 318 104 23 250 150 360 279 44 138 324 64 203 304 284 102 331 285 329 290 324 224 315 250 354 137 117 142 24 309 278 284 64
 256 246 272 150 272 299 267 154 190 94 277 241 186 147 257 340 238 194 212 122 264 72 26 73 343 136 135 347 46 417 229 208 241 140 236 339 198 116 316 324 313 290 65 168 76 146 305 265 332 1 191 81 126 321 325 87 248 326 268 187 122 307 192 323 355 131 141 267 37 242 176 337 270 165 234 234 172 200 16 368 314 178 317 150 26 53 217 235 104 134 152 58 125 30 204 378 96 214 252 207 214 111 228 222 230 256 138 52 258 162 223 255 344 281 228 119 243 291 43 163 262 267 226 253 153 160 134 205 155 68 71 116 334 228 304 84 155 193 157 161 227 132 229 147 247 136 294 218 182 362 310 309 184 171 98 358 271 64 299 133 225 50 350 180 87 213 274 86 111 144 92 228 209 219 295 323 177 335 70 324
 77 140 114 340 390 327 332 227 43 284 316 73 29 204 319 283 284 99 283 106 191 173 215 129 304 277 325 324 160 308 39 23 344 168 330 338 19 81 290 400 270 183 221 195 216 205 395 309 277 191 1 120 123 269 386 274 58 361 307 21 239 251 259 329 287 70 188 363 214 57 198 403 117 170 332 153 176 136 196 291 246 132 284 334 167 242 40 325 99 314 338 245 244 218 39 302 199 197 112 64 229 298 299 322 76 232 327 185 248 40 154 121 265 126 44 291 192 261 208 60 176 350 36 88 257 42 323 44 345 124 153 285 276 56 349 227 89 137 332 326 311 319 248 337 172 281 373 303 44 249 260 396 163 341 238 279 152 134 219 140 358 163 238 336 106 54 389 115 143 300 126 80 150 179 165 282 37 428 126 307
 179 169 192 224 287 267 252 134 111 172 249 162 123 116 240 278 211 116 197 45 195 103 106 10 287 163 209 297 71 345 158 133 246 91 236 297 131 65 263 317 254 215 102 124 98 116 305 239 271 81 120 1 56 260 310 157 176 299 240 121 129 245 173 283 291 54 103 269 113 175 131 325 190 110 236 160 118 128 90 302 249 107 262 215 60 132 153 232 67 195 220 129 134 103 126 313 89 157 204 127 170 191 214 225 175 201 217 66 208 86 152 176 277 201 161 172 178 236 112 84 190 261 153 173 154 84 208 126 229 37 86 166 272 150 280 109 118 122 213 208 220 201 189 223 176 166 288 211 125 288 250 307 122 222 122 291 194 54 230 70 249 44 276 220 23 155 288 60 54 183 23 175 139 155 217 266 117 337 14 275
 159 122 159 255 269 221 215 106 95 209 206 139 137 83 203 224 170 73 164 20 141 158 150 58 233 162 240 244 125 293 156 127 222 48 209 246 139 103 210 283 200 165 121 79 110 83 275 197 216 126 123 56 1 205 272 186 170 254 197 132 121 190 139 233 237 60 67 242 161 178 85 288 156 60 211 109 67 75 138 248 194 53 208 237 110 172 161 204 112 214 244 162 126 140 111 259 84 104 226 101 122 232 180 200 192 147 255 90 156 83 99 136 223 165 166 187 123 182 163 67 138 230 148 146 136 82 239 109 258 91 140 180 218 131 238 119 155 69 227 216 191 227 141 257 123 166 255 182 145 237 195 276 68 233 126 237 148 109 176 20 238 78 226 222 71 170 268 111 24 188 36 194 85 100 172 211 135 308 69 222
 237 133 193 412 287 129 183 193 227 385 142 219 296 185 175 20 147 173 182 219 79 362 341 262 37 276 399 65 329 129 278 255 241 181 225 97 286 297 44 232 15 104 287 157 269 187 248 148 13 321 269 260 205 1 202 351 277 154 139 288 242 19 178 100 40 245 184 240 357 303 149 220 186 157 231 117 150 141 335 57 30 157 33 377 311 356 302 215 311 355 389 338 244 325 233 65 237 108 376 206 121 413 184 229 340 68 426 272 77 245 118 163 48 185 298 326 84 40 361 222 95 216 266 210 225 245 400 228 412 295 345 318 16 230 161 272 341 144 355 332 205 380 116 419 98 281 221 203 310 108 11 243 139 349 268 52 132 313 59 192 294 272 104 320 274 321 282 313 212 304 239 346 127 106 139 20 300 272 273 61
 389 289 358 338 121 75 60 178 348 340 73 367 405 195 71 210 103 295 116 291 242 392 333 306 182 207 330 156 357 323 411 382 104 225 99 116 404 371 159 34 188 286 265 194 250 195 60 78 207 325 386 310 272 202 1 302 419 52 82 399 205 210 139 105 232 330 209 81 354 436 189 20 351 217 103 261 211 259 340 248 227 256 170 292 331 333 425 95 376 276 306 307 202 312 361 251 233 195 495 338 159 370 99 112 459 177 367 277 156 349 252 323 249 355 427 257 220 172 365 327 259 66 400 364 173 348 333 357 334 342 382 252 212 370 43 245 425 255 262 236 101 308 141 350 250 210 43 108 414 309 200 53 225 248 231 249 303 355 247 253 158 292 305 212 332 437 115 368 260 222 289 463 247 219 320 184 404 74 318 145
 334 304 342 70 221 296 249 161 266 39 271 317 271 166 242 370 236 258 201 190 310 146 69 148 366 96 55 363 130 462 312 289 204 179 205 345 282 202 335 292 340 344 68 195 84 165 268 258 362 87 274 157 186 351 302 1 331 316 264 271 113 341 189 328 388 209 169 230 85 326 203 310 340 203 201 286 208 254 90 403 351 231 339 65 112 48 302 208 190 52 66 30 113 58 281 413 117 247 338 280 233 70 213 191 316 283 76 97 279 241 274 320 383 350 312 50 283 316 99 238 312 238 308 326 139 239 55 281 74 153 153 53 365 305 292 80 241 246 76 89 204 46 243 73 296 93 264 198 268 412 341 273 227 93 85 395 330 150 343 185 169 115 401 114 168 299 225 172 165 86 159 314 259 260 355 348 262 293 149 339
 45 146 94 397 436 355 369 272 77 341 347 59 71 249 356 289 319 125 324 156 201 227 272 185 314 329 382 337 216 292 21 45 387 211 373 357 55 137 306 437 281 180 276 234 270 249 434 342 284 248 58 176 170 277 419 331 1 389 338 67 289 259 300 351 288 124 233 405 271 30 236 437 99 209 376 167 214 162 253 289 252 166 298 390 224 300 47 367 154 370 395 302 295 275 61 300 251 225 107 82 261 354 339 366 77 253 384 240 272 92 173 117 263 105 35 346 210 278 264 104 184 389 24 70 305 94 380 65 402 181 208 340 282 51 380 281 132 165 387 380 353 375 279 394 184 333 411 345 83 234 270 434 196 395 291 278 149 191 222 185 407 219 225 389 163 67 434 171 192 354 180 84 174 203 153 293 82 467 183 323
