NAME : domp280p93v8
COMMENT : (Deleplanque et al.) 
TYPE : DOMP
DIMENSION : 280
DISPLAY_DATA_TYPE: NO_DISPLAY
OPEN_FACILITIES : 93
COST_SECTION
 1 197 279 185 135 210 150 120 79 123 268 169 27 110 259 228 112 102 187 127 136 115 160 231 216 174 148 157 193 28 156 113 135 127 213 96 96 257 70 162 173 150 169 231 195 176 185 165 240 106 168 153 233 105 54 187 164 205 154 34 196 81 215 158 229 93 204 217 44 235 104 273 152 81 230 95 127 132 173 97 238 53 100 232 174 203 171 101 30 188 140 167 143 243 159 230 142 43 82 103 55 73 163 185 224 123 184 35 176 65 127 108 227 94 151 124 181 101 151 132 149 143 205 219 195 185 221 124 163 283 98 208 165 190 244 82 171 199 208 233 58 213 181 157 73 123 267 70 141 55 61 228 88 214 209 102 118 240 122 135 223 224 128 223 80 144 174 163 208 232 174 108 18 70 194 147 231 165 109 193 130 240 258 78 120 88 171 175 204 123 204 129 228 84 46 213 226 117 189 54 171 159 140 90 167 212 235 234 138 211 242 28 226 53 173 136 28 47 165 199 217 191 228 129 88 202 111 129 200 182 138 217 59 116 208 82 196 192 230 179 140 218 223 222 21 181 137 123 246 177 225 144 97 23 58 185 168 235 207 168 61 135 229 206 140 176 223 149 185 171 130 142 125 277 57 180 247 246 250 202
 197 1 282 117 201 405 187 216 153 127 452 318 181 186 447 266 99 168 79 166 152 226 354 204 347 334 255 155 220 223 109 249 311 257 277 225 289 428 264 301 42 65 346 396 326 106 197 48 264 302 51 288 199 138 178 382 340 332 145 227 391 131 346 340 412 122 354 358 174 215 192 457 300 275 409 165 287 315 52 142 206 238 124 394 369 267 326 145 226 128 62 154 185 435 93 378 207 234 267 108 152 269 245 316 343 231 243 209 80 248 197 104 410 235 48 310 28 153 95 275 286 316 139 99 306 131 202 208 337 274 257 161 355 365 238 273 59 34 103 389 251 262 376 196 255 107 445 151 300 206 257 371 153 359 386 295 154 218 175 291 333 345 69 391 212 105 255 241 398 97 274 201 207 247 339 308 251 138 278 327 199 267 433 265 270 238 208 230 163 263 397 157 375 114 176 327 414 311 143 146 362 191 171 261 64 330 265 371 254 91 232 221 413 176 343 194 175 170 332 85 412 324 384 319 145 203 94 172 338 377 68 347 182 90 270 195 14 150 308 123 327 385 391 364 216 374 327 142 408 355 359 65 163 180 153 114 272 359 382 350 154 93 86 373 260 341 236 234 14 354 77 173 283 271 252 375 263 426 101 385
 279 282 1 374 393 380 397 164 210 339 363 444 255 170 373 59 226 351 346 159 159 388 384 80 493 445 156 143 87 295 350 195 399 186 91 195 344 312 319 196 244 304 428 496 190 178 101 241 42 333 236 430 86 194 226 372 424 184 152 277 374 227 492 413 333 222 230 215 238 68 176 365 429 331 317 344 227 278 233 199 79 326 210 498 361 95 445 334 292 383 247 138 138 379 339 502 401 312 268 226 241 315 432 187 501 169 102 312 204 337 386 225 333 206 261 282 257 340 198 201 193 258 145 375 155 153 81 388 267 19 225 122 403 450 45 340 226 313 374 503 319 77 391 124 261 321 340 310 227 330 300 502 201 222 464 347 173 66 370 411 159 502 266 486 205 191 443 430 347 376 142 172 268 344 215 420 48 152 381 471 389 44 325 273 212 216 109 107 120 197 426 365 233 268 308 162 350 356 141 279 407 123 381 364 222 490 50 510 169 366 51 300 346 315 262 143 257 304 252 356 412 191 498 376 322 86 238 155 477 387 240 494 221 291 91 350 294 401 107 375 298 482 282 498 284 345 307 175 278 434 205 237 188 286 236 169 443 512 465 292 230 210 366 470 173 252 57 139 282 297 294 144 224 16 291 362 33 336 382 314
 185 117 374 1 111 383 89 263 190 64 451 241 185 236 440 344 152 100 39 228 221 149 316 300 257 262 301 233 297 203 31 280 255 292 346 257 254 441 237 334 140 71 286 320 365 201 277 139 347 276 146 208 297 191 199 358 280 374 224 218 368 164 256 285 412 164 382 392 188 310 237 456 224 244 415 104 306 316 150 190 304 203 173 317 346 335 251 89 208 12 129 237 251 422 36 294 114 206 266 155 169 245 149 355 248 274 310 178 178 208 112 154 410 262 116 308 132 92 178 305 320 326 240 46 355 226 295 125 347 369 276 258 309 300 330 237 156 88 32 308 222 335 342 265 257 66 451 116 321 163 239 285 195 391 322 260 213 314 93 222 383 250 109 318 240 184 157 144 389 63 326 246 202 202 370 240 335 223 221 240 112 349 442 262 295 260 280 297 259 293 353 74 406 123 144 375 407 275 237 137 316 262 78 210 158 236 346 281 296 44 325 198 408 140 356 255 178 141 348 39 379 361 304 276 99 289 140 234 252 345 135 256 206 89 339 135 105 34 372 11 323 312 407 277 202 360 318 206 429 295 398 139 210 164 173 212 180 265 316 352 177 165 67 301 301 358 321 288 109 355 82 241 304 365 238 354 350 429 83 386
 135 201 393 111 1 295 26 247 185 75 375 131 150 229 360 350 177 43 140 235 237 42 221 331 149 152 280 255 308 138 98 247 152 260 341 228 167 376 158 295 204 137 180 210 328 246 294 199 359 193 205 98 330 201 176 269 174 339 248 160 280 167 148 182 339 174 334 349 163 338 226 380 114 160 345 51 259 251 211 195 336 123 186 207 259 330 141 64 144 106 177 263 257 338 114 185 9 133 206 174 154 168 46 319 144 254 308 110 231 123 9 176 336 227 174 242 203 57 217 266 283 268 284 157 329 265 323 18 286 394 231 296 209 192 353 151 214 181 142 198 144 337 248 271 200 96 380 84 272 87 168 176 194 346 213 172 221 343 28 114 356 145 153 208 212 218 57 43 309 173 306 233 152 114 326 133 348 253 120 131 6 359 374 200 253 222 287 297 295 257 252 45 359 130 92 347 329 185 274 116 215 271 34 114 213 131 355 173 271 154 350 132 331 85 297 255 145 94 292 146 284 324 194 180 74 309 167 240 143 252 181 149 183 122 334 54 192 93 361 101 252 202 346 168 144 278 244 220 371 189 358 187 208 118 160 257 73 160 207 284 165 200 177 191 273 303 337 277 189 286 130 251 257 388 170 267 364 357 193 315
 210 405 380 383 295 1 319 240 264 321 96 211 225 259 75 322 313 285 392 288 304 255 80 373 254 191 229 320 315 186 356 198 156 202 290 211 130 131 147 185 377 358 148 196 199 361 323 368 340 108 371 231 378 288 234 27 151 208 323 178 16 279 253 135 79 290 166 187 234 371 249 101 213 140 98 281 157 107 375 281 380 181 293 202 38 286 202 295 182 383 346 331 288 48 363 229 298 179 143 303 255 140 292 198 274 228 284 207 370 176 289 308 77 197 358 107 387 292 343 183 189 124 378 422 230 360 361 278 114 393 172 370 101 158 366 147 372 408 410 216 162 305 55 294 155 327 116 271 154 221 150 238 268 179 154 125 288 376 298 199 238 273 337 185 214 333 296 295 43 436 239 245 199 183 175 187 339 337 179 242 291 338 119 143 176 189 300 286 365 190 80 314 178 293 242 231 57 111 358 262 98 299 318 182 367 272 332 252 218 415 368 189 61 245 121 275 231 246 130 404 41 196 214 118 286 338 314 285 238 49 343 256 232 324 290 251 405 379 283 375 88 185 128 240 190 37 83 299 152 145 201 348 267 229 255 367 272 272 160 89 256 331 435 181 212 133 340 253 393 85 339 295 161 386 154 31 351 95 456 78
 150 187 397 89 26 319 1 257 191 65 397 155 162 237 383 357 176 50 121 240 240 68 246 332 169 177 292 257 313 157 80 261 177 274 350 241 190 397 180 311 195 125 205 233 344 242 298 191 364 216 197 121 330 204 186 293 199 354 249 177 304 171 168 207 361 176 352 366 173 340 235 403 139 183 367 58 276 272 203 199 337 145 188 230 283 339 165 64 163 83 171 264 262 362 97 207 27 153 225 174 162 189 62 334 161 265 316 128 225 146 31 176 358 241 166 262 192 59 214 281 298 287 281 134 342 263 324 43 306 396 247 295 234 217 356 174 207 165 120 221 166 344 273 277 218 87 402 90 290 106 188 197 199 363 238 195 226 344 30 139 370 163 147 232 224 216 70 57 332 150 318 242 168 137 343 158 353 253 145 152 29 365 396 219 269 237 293 304 294 272 277 34 376 131 105 361 352 209 273 123 240 276 18 138 207 149 361 193 283 132 352 151 353 98 317 261 156 106 311 125 309 340 216 205 77 312 165 245 164 277 175 168 193 116 343 73 177 68 371 79 273 226 366 189 161 301 266 223 391 214 374 181 214 131 167 254 92 178 232 305 172 197 155 215 286 322 341 286 176 307 121 255 274 391 190 291 369 379 171 336
 120 216 164 263 247 240 257 1 74 210 256 281 99 32 258 111 121 208 248 56 74 233 227 135 331 282 40 85 82 133 234 44 236 45 95 33 181 221 156 87 177 202 265 333 111 135 85 170 124 173 169 270 140 80 72 226 261 118 90 114 231 99 330 251 218 102 141 143 86 135 27 260 267 168 209 200 87 134 170 77 142 163 96 335 214 84 282 197 129 269 157 95 49 253 229 339 255 149 109 114 98 152 280 101 341 17 66 153 153 174 239 117 217 46 174 135 191 201 128 67 73 122 142 281 94 127 124 239 140 172 70 131 244 287 137 176 164 236 275 339 155 95 238 55 100 199 243 168 97 173 137 339 69 145 302 185 65 140 228 248 122 341 164 323 42 117 291 280 217 289 64 18 107 182 125 256 117 104 218 309 242 123 229 113 68 55 63 58 126 55 271 229 160 141 157 115 227 195 123 136 248 60 244 201 159 330 118 347 39 272 137 138 225 164 142 36 104 154 130 260 265 108 334 214 183 101 131 52 315 235 151 332 66 175 89 198 223 281 115 260 153 319 184 335 122 204 159 77 196 271 144 153 56 132 93 137 287 350 302 161 88 124 282 307 46 136 112 31 209 166 185 58 83 165 128 217 133 228 303 192
 79 153 210 190 185 264 191 74 1 139 302 245 54 48 298 167 54 143 175 53 59 179 228 155 291 252 113 79 124 104 161 99 213 108 161 74 169 277 141 152 118 130 246 310 180 101 112 110 175 172 111 227 156 27 32 244 241 188 75 96 252 27 290 235 262 32 204 210 37 160 49 306 229 154 258 135 135 166 114 19 161 132 31 310 231 150 249 129 103 196 92 89 73 288 156 307 193 120 122 46 32 142 223 170 297 86 127 110 107 144 177 50 260 84 107 162 130 133 80 125 137 165 127 209 166 107 145 179 186 212 106 129 238 268 172 158 110 167 202 311 133 154 246 88 110 127 294 102 148 125 126 305 10 210 286 175 41 165 163 212 195 297 94 301 60 71 234 221 251 217 137 57 77 148 190 225 164 87 187 268 180 176 282 122 118 87 104 115 126 112 274 161 226 68 100 187 265 189 110 70 244 88 176 168 105 285 171 310 109 200 169 106 264 106 191 71 53 95 181 188 279 177 306 203 115 128 61 57 276 245 86 291 33 102 154 141 157 208 185 187 181 296 240 299 93 230 183 45 256 254 214 90 24 80 27 109 235 309 285 200 22 68 211 284 114 189 154 100 143 205 112 68 131 206 119 236 180 276 232 235
 123 127 339 64 75 321 65 210 139 1 388 195 125 186 377 302 115 44 77 184 181 101 256 270 221 213 248 197 257 140 36 223 199 235 299 200 193 379 175 276 131 64 232 274 307 178 240 127 308 214 133 164 268 147 142 296 226 317 189 155 306 116 220 229 349 119 322 333 130 279 186 393 177 182 352 45 246 254 139 144 275 141 130 272 284 288 204 27 145 66 106 203 207 359 47 254 82 143 204 114 114 182 120 298 217 220 264 115 161 147 71 115 347 204 101 246 129 32 151 246 262 264 218 103 300 200 264 82 285 337 215 232 251 248 297 176 143 110 90 266 159 291 281 222 194 22 388 53 260 101 176 246 146 332 270 199 169 283 49 171 329 219 82 270 183 154 130 116 326 118 273 194 139 142 311 189 296 192 165 201 73 309 380 199 235 201 238 252 232 235 294 32 346 73 81 320 344 214 210 78 257 220 48 151 142 204 305 245 241 97 292 135 345 77 294 208 118 78 286 86 319 304 260 217 36 253 103 190 213 284 111 221 149 52 292 77 119 72 323 57 260 264 345 238 140 297 255 165 367 241 340 116 161 101 118 190 146 233 265 289 123 135 118 253 245 297 284 238 115 292 57 199 244 332 175 291 312 366 138 323
 268 452 363 451 375 96 397 256 302 388 1 304 276 283 24 309 355 358 454 310 328 337 172 375 348 285 231 340 316 249 422 214 246 212 275 235 210 57 218 178 419 415 243 291 175 389 330 411 327 183 412 321 382 322 275 117 245 180 345 235 108 322 347 229 41 332 134 150 280 371 273 6 304 215 49 352 171 139 414 316 382 254 332 297 123 274 295 364 244 453 391 350 304 51 427 324 379 248 189 346 302 210 378 179 368 241 281 275 404 253 368 350 43 222 405 145 431 362 377 190 188 138 396 486 210 382 365 358 118 378 198 384 195 253 360 225 410 462 475 311 233 294 150 305 200 390 29 336 161 294 214 333 304 142 248 205 315 375 373 289 206 367 387 279 244 366 384 381 67 499 231 267 254 261 150 279 330 359 265 336 370 324 42 192 190 217 306 286 378 202 174 387 133 347 308 202 47 195 377 320 193 311 394 264 405 365 319 347 223 478 364 254 45 313 115 290 283 311 127 466 131 174 309 207 353 342 360 306 332 143 387 350 271 381 277 326 455 453 258 444 130 280 82 335 250 99 134 327 91 240 161 391 298 290 301 392 361 366 255 103 300 368 496 276 217 122 335 258 442 99 395 313 175 372 214 115 338 29 517 68
 169 318 444 241 131 211 155 281 245 195 304 1 194 277 284 391 264 152 268 295 303 95 133 398 53 25 300 323 359 150 225 260 61 273 371 252 116 324 132 292 311 255 66 80 322 334 352 304 404 141 309 35 400 270 222 188 61 334 319 168 198 240 52 77 276 251 312 332 211 403 270 309 19 123 289 154 250 218 315 262 405 119 261 78 182 361 12 174 153 236 279 334 310 258 239 64 129 133 192 257 217 139 102 315 69 280 346 136 327 108 130 261 273 244 282 208 313 167 307 268 284 241 368 286 336 348 388 117 252 449 234 373 111 68 411 112 316 304 272 72 128 374 157 324 194 213 318 172 260 124 151 60 254 326 88 116 285 408 150 34 359 68 258 78 240 303 101 107 239 302 324 273 177 101 310 29 397 329 64 34 130 404 317 185 254 235 338 338 370 264 146 171 334 220 155 350 259 119 353 191 115 326 164 81 313 63 398 67 288 283 410 145 263 151 265 303 193 160 264 275 186 318 67 101 175 370 258 297 35 163 280 54 226 230 366 125 312 222 381 231 207 72 304 55 161 209 197 289 331 72 344 287 264 168 221 344 73 73 81 239 226 289 306 62 287 274 389 309 305 239 242 309 250 443 159 190 412 295 323 259
 27 181 255 185 150 225 162 99 54 125 276 194 1 86 268 206 91 113 181 102 111 136 180 205 241 199 131 131 169 51 155 101 160 113 193 80 118 259 91 152 154 140 194 257 185 151 160 146 217 125 148 177 207 80 30 203 189 195 128 48 211 58 239 182 236 70 199 210 18 210 81 280 177 103 235 105 123 138 153 72 212 79 77 258 189 182 197 106 51 189 122 142 119 255 156 255 158 67 88 82 32 93 182 175 248 105 162 59 153 91 142 87 234 81 134 131 164 108 127 123 139 144 180 214 181 160 196 141 165 258 92 182 188 216 220 106 150 187 204 259 81 191 200 132 77 120 272 75 137 77 79 253 62 208 234 124 92 215 133 161 209 248 114 249 63 120 193 182 219 226 157 86 27 96 187 172 208 139 134 218 145 217 262 86 112 78 147 152 179 112 225 137 222 72 59 200 235 139 163 48 194 134 150 116 146 236 212 259 122 206 217 53 235 66 173 113 8 57 165 194 235 181 254 152 92 177 91 104 225 200 119 241 35 107 187 100 182 195 212 180 148 243 224 248 41 194 147 98 245 202 217 125 71 34 34 160 190 259 232 174 37 112 222 231 125 175 199 129 170 177 121 116 120 252 73 196 224 251 244 209
 110 186 170 236 229 259 237 32 48 186 283 277 86 1 282 122 91 189 219 29 47 220 238 126 325 280 70 62 83 129 207 70 236 74 114 50 186 250 159 117 147 173 268 334 141 108 77 139 132 182 138 262 129 49 58 243 264 148 65 114 249 72 324 255 243 74 171 173 70 129 11 286 261 171 236 181 112 155 140 48 133 159 66 336 230 103 279 175 126 243 127 73 35 276 201 337 237 145 121 85 76 157 265 132 333 47 80 144 124 171 221 87 242 64 144 153 161 180 98 95 103 146 119 252 123 102 115 222 166 174 89 113 252 290 135 178 134 205 246 339 155 108 251 48 111 173 270 148 123 162 141 336 41 175 306 190 35 134 209 244 151 333 135 325 48 87 277 264 240 259 92 17 101 177 155 254 122 79 215 302 225 132 257 124 93 71 62 69 108 82 282 207 191 115 141 144 251 202 100 115 257 50 223 197 128 321 127 343 70 243 134 133 249 148 168 27 89 138 157 231 281 139 334 220 162 94 101 27 309 249 121 326 52 148 107 183 192 255 138 233 173 321 213 331 118 224 177 47 226 275 175 122 26 118 71 111 275 344 306 184 66 94 252 308 76 164 114 54 178 189 156 38 108 167 132 234 139 255 273 217
 259 447 373 440 360 75 383 258 298 377 24 284 268 282 1 318 350 346 445 311 328 321 152 381 327 265 235 341 322 239 412 214 227 214 284 234 194 76 205 183 415 407 222 268 185 389 335 407 336 169 408 303 387 320 271 98 225 190 346 226 87 318 327 209 42 328 145 162 275 377 273 29 285 201 58 340 171 133 411 313 388 241 328 274 105 282 275 353 234 441 386 351 306 28 417 302 364 236 182 341 296 197 361 188 348 243 287 264 402 238 354 346 42 221 400 139 427 350 375 193 192 137 398 476 219 383 370 343 118 388 196 387 175 232 368 210 407 455 465 289 221 302 129 308 193 380 51 326 162 281 203 312 301 154 226 190 314 381 360 270 219 346 381 257 242 364 366 364 53 490 238 267 245 247 159 260 338 360 248 316 356 333 61 184 191 215 310 292 381 203 151 375 147 339 297 214 35 178 379 311 172 314 380 249 402 345 328 326 227 469 371 243 35 302 118 292 275 301 129 457 109 183 287 189 342 348 355 307 311 122 382 330 267 373 286 313 449 440 269 433 121 258 94 313 240 83 124 326 108 219 175 386 296 280 295 393 343 345 233 100 295 365 487 254 220 126 342 262 436 95 387 315 175 382 204 97 347 41 509 66
 228 266 59 344 350 322 357 111 167 302 309 391 206 122 318 1 193 309 320 119 124 340 327 84 441 391 98 114 48 243 318 138 344 128 35 140 288 260 264 139 226 276 372 440 135 162 71 221 19 276 217 379 92 156 178 314 369 131 124 224 316 188 439 357 277 184 176 163 191 75 126 311 376 275 262 301 169 220 215 159 88 273 174 443 303 37 391 294 239 353 221 114 96 322 309 448 358 259 211 191 197 259 386 131 450 113 46 262 188 284 342 191 278 150 236 224 240 299 174 143 135 200 139 351 100 139 77 343 210 72 167 117 346 394 56 285 208 294 348 448 264 18 332 81 205 287 287 268 169 281 244 449 158 170 407 291 134 76 329 358 110 451 237 430 152 165 397 385 290 355 84 121 216 292 160 366 25 129 328 419 345 17 272 217 154 160 66 55 112 140 367 326 182 230 262 111 293 300 128 236 350 83 342 311 203 439 11 457 111 342 61 248 290 269 205 97 209 258 195 332 354 136 443 320 281 66 205 113 424 328 214 442 171 258 34 303 277 368 60 344 240 426 228 444 232 287 249 139 227 377 155 212 144 238 191 156 395 460 408 235 186 182 346 414 115 195 36 83 263 239 263 105 166 65 236 304 30 281 364 257
 112 99 226 152 177 313 176 121 54 115 355 264 91 91 350 193 1 135 131 78 70 184 270 157 304 275 160 84 147 139 126 151 242 159 196 127 207 330 180 203 66 85 277 335 230 72 127 57 197 215 59 240 155 43 81 292 271 237 75 138 300 35 303 267 315 24 256 261 79 165 96 359 246 192 311 128 188 218 63 45 162 162 26 335 278 185 270 115 140 160 38 89 101 339 117 327 185 153 172 10 60 183 220 220 306 135 160 135 65 173 170 5 313 137 54 213 77 121 44 177 189 218 109 163 213 89 150 176 239 223 159 120 276 298 183 193 61 116 158 334 169 184 290 114 160 97 347 98 201 142 169 323 55 262 317 213 63 170 152 233 241 307 46 328 114 42 232 218 303 170 182 105 117 175 242 248 184 78 212 282 173 198 335 171 171 140 129 147 119 165 314 143 277 48 111 234 317 228 98 74 282 111 160 193 56 293 195 326 158 154 179 139 316 115 244 106 86 105 234 143 325 227 328 240 104 140 13 84 291 290 33 304 84 67 188 146 104 176 223 152 232 323 293 316 130 280 233 55 309 285 264 37 67 102 58 83 239 320 315 253 58 26 162 310 164 243 171 142 90 257 71 90 185 218 162 284 200 329 183 287
 102 168 351 100 43 285 50 208 143 44 358 152 113 189 346 309 135 1 119 194 194 59 217 288 181 170 242 212 266 112 77 212 157 225 301 192 156 354 142 262 166 104 189 231 295 204 252 160 317 179 166 121 288 158 137 260 183 306 205 131 271 125 180 187 321 132 305 318 124 296 186 363 134 147 325 9 229 228 172 153 294 106 143 229 249 290 161 24 118 99 137 220 215 326 89 212 51 112 180 131 113 150 87 286 179 216 268 84 190 110 36 134 318 192 136 219 166 16 176 233 250 242 242 143 293 223 281 44 262 351 199 254 210 205 311 139 175 153 129 223 126 296 243 230 172 62 361 42 243 66 146 205 152 316 227 162 179 301 21 128 321 180 114 227 175 176 98 84 294 158 269 193 120 104 295 146 306 211 123 160 39 318 353 174 221 188 246 256 252 223 254 30 329 88 57 312 313 177 232 74 217 229 39 111 174 166 313 204 234 138 307 107 315 50 272 214 107 57 265 128 280 291 218 177 31 267 125 198 172 247 140 181 144 83 295 36 161 95 322 91 231 221 322 197 115 264 226 178 346 199 326 146 166 83 119 215 108 194 222 263 124 158 160 209 237 276 295 238 155 265 93 209 227 346 147 256 322 338 179 295
 187 79 346 39 140 392 121 248 175 77 454 268 181 219 445 320 131 119 1 207 198 174 330 270 288 287 287 208 273 208 44 271 275 281 325 247 266 440 246 324 106 47 308 347 354 170 252 107 322 286 113 235 266 172 190 368 301 362 198 220 378 150 287 305 415 146 375 383 181 280 222 459 250 254 415 120 301 317 117 172 273 214 154 345 355 314 277 102 213 50 101 210 230 429 31 324 145 215 267 136 160 253 182 344 281 261 290 187 146 221 139 133 413 253 86 310 96 107 149 296 310 324 208 35 340 195 266 152 346 340 270 228 326 323 302 249 124 49 29 337 231 313 355 243 256 67 452 122 315 175 245 315 180 383 345 273 193 284 118 245 369 283 86 344 231 157 190 177 394 46 310 231 202 217 362 264 309 195 240 270 140 324 442 263 287 253 257 276 229 284 369 98 398 113 151 361 412 288 207 135 332 239 107 227 126 268 321 312 283 26 296 205 412 148 354 235 174 147 345 14 393 351 332 291 108 262 119 214 282 358 108 288 196 76 318 153 67 73 353 47 326 338 404 307 206 366 323 184 424 317 387 110 194 166 163 181 211 298 340 353 167 139 43 327 288 355 295 271 72 357 65 219 298 336 242 363 323 431 65 388
 127 166 159 228 235 288 240 56 53 184 310 295 102 29 311 119 78 194 207 1 18 231 264 105 341 300 92 34 74 149 201 98 258 100 119 78 210 277 182 142 126 162 290 356 164 80 60 119 125 207 117 277 107 38 74 271 286 169 37 136 277 70 340 278 271 67 196 196 85 109 39 314 278 195 263 186 140 183 117 42 111 179 56 357 258 108 298 177 147 236 110 45 24 305 193 356 243 166 148 74 84 181 274 154 348 72 84 160 98 190 228 75 270 92 127 182 140 183 74 122 129 175 91 240 141 74 95 230 194 160 118 86 277 313 120 201 111 188 235 359 177 108 278 38 138 169 298 153 151 176 165 354 43 199 330 215 16 114 213 261 168 348 123 347 75 63 286 273 268 246 109 45 121 196 180 273 114 51 235 319 231 126 284 151 121 100 54 70 82 110 309 209 214 112 151 162 279 227 72 121 282 37 225 216 105 336 122 360 94 231 118 152 277 157 196 30 103 147 185 219 308 162 354 244 165 77 89 7 326 276 104 342 71 141 112 192 174 251 147 227 201 342 239 349 138 252 205 25 251 298 196 104 31 130 78 83 287 360 329 213 73 74 238 330 100 191 103 69 159 218 147 16 136 154 157 262 130 283 258 245
 136 152 159 221 237 304 240 74 59 181 328 303 111 47 328 124 70 194 198 18 1 235 278 97 349 309 108 21 77 160 195 115 269 118 129 96 222 294 195 159 111 153 302 366 180 63 59 105 128 222 102 284 98 37 85 287 297 185 20 149 293 71 347 290 289 64 213 213 94 103 56 332 286 207 281 187 158 200 102 44 104 189 53 367 274 118 307 177 158 230 99 32 35 322 186 365 245 176 164 68 89 194 277 171 354 89 94 168 82 201 229 69 288 109 115 198 125 183 59 139 146 192 75 230 156 57 88 233 211 158 135 73 290 324 118 213 96 176 226 369 188 116 293 46 153 165 315 154 168 182 178 363 50 215 342 228 20 108 213 270 183 355 114 358 91 48 288 275 285 235 124 62 132 206 196 282 116 34 244 326 232 129 302 166 139 116 60 80 69 127 323 207 231 110 156 177 296 241 56 123 296 42 224 226 90 342 126 368 111 221 114 162 295 162 213 44 111 151 202 210 324 178 364 257 165 74 82 23 334 292 92 349 83 135 121 196 160 245 158 221 218 353 257 357 149 269 222 18 268 309 212 92 42 137 84 66 291 366 341 230 79 61 226 340 117 209 103 84 146 235 140 23 154 153 170 278 131 300 246 263
 115 226 388 149 42 255 68 233 179 101 337 95 136 220 321 340 184 59 174 231 235 1 180 331 124 114 262 255 302 111 131 227 110 240 327 210 128 342 124 271 222 162 139 174 304 254 290 216 351 155 222 64 331 199 164 229 133 315 249 133 240 167 123 140 302 176 306 322 151 338 215 342 77 124 310 62 232 219 227 193 337 90 187 172 219 317 104 81 117 145 192 263 250 299 145 154 44 102 176 179 148 133 49 295 124 237 297 84 244 87 39 182 299 207 192 209 223 74 226 243 260 237 291 194 308 271 323 26 254 390 207 300 168 152 350 113 230 210 180 165 110 326 207 265 172 120 344 86 245 62 135 147 188 318 174 133 218 342 57 74 335 125 169 171 195 224 59 50 271 210 288 221 131 78 299 93 341 256 79 103 40 351 339 170 229 200 280 287 298 235 211 77 330 137 81 325 291 145 279 113 174 266 72 74 228 111 346 147 252 190 347 105 293 74 266 246 132 85 261 181 243 300 160 139 85 307 175 235 114 211 194 124 170 140 322 40 219 134 344 139 217 165 313 139 119 240 209 219 339 148 332 200 201 103 153 265 57 138 168 250 159 208 213 154 253 272 331 263 213 251 150 246 231 384 140 227 357 320 231 279
 160 354 384 316 221 80 246 227 228 256 172 133 180 238 152 327 270 217 330 264 278 180 1 361 178 114 229 297 308 133 291 191 77 200 299 195 66 196 91 200 332 301 73 132 224 328 311 323 343 58 326 152 365 255 197 56 75 235 297 134 66 237 177 58 146 249 202 224 194 361 228 177 134 80 161 214 161 113 331 247 368 118 255 137 51 292 124 230 131 315 299 308 271 127 300 159 223 121 119 261 211 88 214 220 198 219 283 146 332 110 216 266 143 182 309 106 340 226 306 186 198 138 352 358 248 333 350 204 141 394 161 349 27 88 362 82 329 352 345 149 104 309 28 280 128 265 187 210 165 156 103 166 235 217 91 60 260 366 227 120 264 197 286 121 192 298 218 218 108 373 247 226 154 115 205 109 339 310 103 165 217 341 187 115 174 173 290 281 345 188 46 245 221 241 181 255 128 44 334 208 27 284 247 109 325 194 336 180 216 351 362 134 131 183 152 259 185 187 156 341 64 220 146 42 223 327 269 263 162 33 297 180 198 268 296 182 352 309 299 307 96 119 181 166 141 79 85 269 208 72 237 303 238 175 213 336 194 197 95 121 215 291 372 112 213 164 336 248 341 119 282 275 164 388 110 58 353 164 393 132
 231 204 80 300 331 373 332 135 155 270 375 398 205 126 381 84 157 288 270 105 97 331 361 1 444 403 147 78 60 252 278 176 361 172 113 167 310 331 284 199 167 230 393 459 205 101 51 164 73 305 159 380 9 133 178 360 388 205 84 238 364 166 443 379 340 158 245 237 188 12 135 378 382 296 328 281 217 266 155 140 8 282 146 460 348 108 401 269 250 309 172 69 92 381 266 459 339 269 242 158 185 281 372 199 450 146 96 263 126 294 324 157 340 180 185 268 179 276 123 192 190 251 66 298 172 76 12 328 266 71 204 44 376 415 37 303 149 235 297 463 279 91 372 82 233 251 357 249 222 278 265 458 145 242 431 315 115 15 306 365 188 451 194 450 171 118 384 370 346 298 146 135 224 300 229 376 61 80 338 422 327 76 342 246 198 189 74 90 42 184 405 299 256 202 252 187 353 327 64 219 381 77 315 320 145 438 77 463 157 289 30 256 350 258 264 103 206 247 253 280 399 205 457 345 258 35 168 103 430 369 166 445 174 221 107 292 216 328 142 302 286 445 296 452 241 336 293 113 300 400 231 162 135 233 180 91 387 462 431 289 175 137 288 433 163 256 49 121 204 294 222 91 213 68 257 350 67 347 304 317
 216 347 493 257 149 254 169 331 291 221 348 53 241 325 327 441 304 181 288 341 349 124 178 444 1 65 351 369 407 199 246 312 112 324 422 303 168 372 184 344 345 284 107 82 374 375 400 339 454 192 345 65 446 314 269 232 104 386 364 219 242 283 2 121 323 293 363 384 258 450 318 353 65 175 337 185 302 269 350 307 451 169 304 77 228 412 57 204 203 250 315 378 358 301 262 44 145 183 244 298 261 191 109 367 22 331 396 183 366 158 152 302 320 295 315 259 346 196 347 320 336 293 410 302 388 390 435 140 304 498 286 417 154 99 459 164 352 330 288 62 180 425 200 372 246 241 364 208 312 167 203 32 300 378 111 168 331 455 174 84 411 21 292 88 290 344 103 114 285 318 376 322 226 150 362 81 446 373 115 24 150 453 364 237 306 286 386 388 414 316 182 193 386 258 196 402 305 169 396 231 156 374 182 131 350 27 448 25 339 300 457 194 308 191 316 351 239 201 315 294 225 370 59 150 208 417 296 344 19 207 317 3 274 263 417 160 339 233 433 247 258 83 354 24 210 256 247 334 381 110 396 323 311 212 266 386 78 21 103 289 271 329 323 80 339 326 438 359 335 289 273 356 302 491 211 235 461 341 338 307
 174 334 445 262 152 191 177 282 252 213 285 25 199 280 265 391 275 170 287 300 309 114 114 403 65 1 298 330 361 152 244 258 50 270 369 251 108 308 128 285 325 272 44 63 315 344 356 317 405 130 322 57 405 277 226 169 41 326 326 169 178 249 64 57 259 260 301 322 217 407 272 290 39 118 273 171 243 207 328 269 410 122 270 62 164 360 14 191 155 257 292 340 314 238 258 58 151 136 187 268 225 134 126 308 84 279 345 143 339 110 151 272 256 242 296 198 328 184 317 263 278 231 376 307 331 356 393 138 241 451 230 380 91 44 414 108 329 322 293 61 128 374 137 327 190 230 301 186 252 134 148 60 261 316 64 107 291 412 170 44 353 83 272 58 241 312 125 131 222 323 321 274 180 105 301 28 398 337 66 52 151 404 300 180 249 233 340 339 377 260 123 191 323 233 166 343 241 107 361 202 94 329 185 85 326 82 398 71 285 303 413 149 245 163 253 306 200 172 253 295 164 311 55 87 191 373 269 302 48 144 293 67 230 246 365 140 328 244 378 252 195 52 290 57 164 192 184 296 317 49 335 299 269 176 229 354 97 84 57 226 233 299 326 40 284 263 391 309 321 225 258 314 244 445 157 172 413 277 344 243
 148 255 156 301 280 229 292 40 113 248 231 300 131 70 235 98 160 242 287 92 108 262 229 147 351 298 1 115 88 156 272 41 250 30 72 53 193 191 170 55 215 241 276 345 73 169 100 208 115 179 207 293 153 119 107 219 273 79 122 135 222 139 350 261 195 142 107 106 120 144 66 234 287 181 183 234 73 124 207 117 154 185 135 347 207 64 300 233 151 308 197 123 78 235 268 355 287 170 114 154 135 165 310 64 363 28 57 179 188 194 272 157 194 58 213 127 229 236 164 47 44 106 168 320 54 156 136 270 120 167 70 154 249 298 139 191 201 275 314 354 173 81 235 75 109 237 214 203 76 201 151 357 108 109 310 195 102 148 263 268 83 363 204 334 69 153 321 310 200 328 27 57 133 203 90 274 112 135 237 330 275 113 200 121 56 66 76 58 149 42 270 265 124 180 189 75 207 203 150 172 253 82 279 222 196 353 108 366 14 311 140 161 204 196 118 65 136 187 107 299 258 71 349 223 219 113 170 86 334 232 190 353 100 214 69 228 262 318 84 298 144 331 154 353 146 193 152 114 163 281 106 192 95 163 130 169 314 371 312 144 126 163 321 319 18 110 112 28 247 148 224 89 69 160 142 209 125 203 342 171
 157 155 143 233 255 320 257 85 79 197 340 323 131 62 341 114 84 212 208 34 21 255 297 78 369 330 115 1 67 180 209 128 289 129 123 111 242 304 215 168 114 164 322 387 186 56 45 109 115 240 105 304 78 56 105 304 317 190 11 168 310 89 367 310 302 82 221 219 114 84 72 344 307 227 293 205 171 215 104 63 84 209 70 388 291 114 327 194 178 242 108 12 38 336 198 385 263 196 182 84 109 214 296 177 374 100 90 188 80 221 248 83 301 124 123 214 128 200 62 151 155 206 58 239 159 43 69 252 224 141 150 53 310 344 101 232 97 182 236 389 208 108 311 44 171 179 326 173 180 202 197 383 70 222 361 247 40 89 231 290 184 375 126 378 108 52 307 294 300 243 128 77 152 226 204 303 102 22 264 346 251 117 312 184 152 132 54 77 49 139 342 224 237 127 176 179 310 260 39 142 315 38 241 246 92 362 114 388 120 230 96 183 308 181 226 51 131 171 214 219 342 184 384 276 182 57 96 36 354 310 101 369 102 150 116 216 165 259 154 234 234 373 267 377 169 285 238 36 277 329 217 99 62 157 104 55 311 386 361 244 99 70 233 361 126 220 89 89 151 249 153 28 167 136 189 295 117 312 252 276
 193 220 87 297 308 315 313 82 124 257 316 359 169 83 322 48 147 266 273 74 77 302 308 60 407 361 88 67 1 210 272 120 316 114 62 115 263 272 237 140 179 229 346 414 147 117 25 174 52 254 170 345 67 111 140 303 342 147 77 193 307 143 406 332 281 139 187 179 152 57 90 319 343 249 268 259 159 209 169 115 67 241 128 416 292 55 360 251 207 306 173 67 52 322 262 418 316 227 190 145 155 233 346 140 415 91 37 226 142 252 300 145 281 127 189 212 193 256 127 134 131 193 99 304 114 95 50 302 207 92 149 78 325 369 55 257 162 247 301 419 235 43 318 38 182 241 298 225 163 244 218 418 116 184 383 267 89 61 286 326 133 416 190 404 122 118 357 345 288 308 87 88 183 259 170 335 41 83 297 385 303 53 283 195 141 137 22 31 73 126 351 282 198 185 222 131 294 277 84 193 330 38 298 279 157 404 49 425 99 295 55 215 291 229 205 57 171 218 194 285 343 146 414 296 238 28 159 69 391 314 166 408 135 212 56 264 230 322 94 297 229 400 237 413 199 279 237 93 241 352 174 165 102 200 150 112 357 426 384 231 145 135 299 388 104 197 31 63 216 236 217 59 155 85 209 294 57 288 318 258
 28 223 295 203 138 186 157 133 104 140 249 150 51 129 239 243 139 112 208 149 160 111 133 252 199 152 156 180 210 1 174 118 110 131 225 105 69 243 43 161 200 173 143 208 193 202 205 192 256 80 195 138 255 130 76 162 139 205 177 23 172 107 198 132 211 120 197 212 68 256 121 254 135 54 214 106 122 117 200 122 259 31 127 209 149 215 151 116 7 204 167 191 163 221 180 209 145 18 69 130 81 47 160 185 209 133 198 30 202 43 131 135 208 99 177 108 208 114 177 132 149 131 230 239 199 210 242 125 150 301 97 231 138 166 263 56 198 224 227 211 31 227 155 176 63 143 250 88 135 52 37 208 112 209 183 75 141 261 130 116 225 209 154 199 92 170 169 160 187 253 181 124 29 50 189 126 248 189 87 177 133 255 242 63 119 92 189 190 228 125 177 141 221 110 60 216 205 90 213 78 144 178 150 70 194 198 250 215 145 232 262 7 206 65 161 155 54 63 155 220 191 189 206 102 104 222 138 150 183 156 165 200 79 140 220 85 222 205 238 196 121 194 211 203 12 159 116 147 235 151 222 171 119 44 84 211 160 218 182 152 87 161 250 182 145 166 241 162 210 154 154 163 121 294 36 156 264 228 272 185
 156 109 350 31 98 356 80 234 161 36 422 225 155 207 412 318 126 77 44 201 195 131 291 278 246 244 272 209 272 174 1 251 233 262 318 227 228 412 210 304 124 52 265 304 335 181 252 122 322 249 128 192 275 164 169 331 259 344 199 189 341 136 245 263 383 136 352 362 158 287 208 427 207 217 385 79 277 287 134 162 282 176 146 302 319 307 234 62 179 37 107 213 224 394 18 281 103 178 237 128 139 217 140 325 240 245 283 150 160 182 96 128 381 232 97 279 118 66 156 275 290 297 220 68 325 205 272 109 317 346 246 237 286 281 307 211 139 86 55 294 194 308 317 238 227 36 422 87 291 136 210 273 167 361 302 234 186 291 75 203 354 241 85 301 210 161 149 136 360 83 297 217 172 177 340 221 310 200 199 228 97 324 413 232 265 230 254 270 237 263 329 55 376 94 116 346 379 250 215 107 292 236 65 186 140 227 320 270 267 62 302 170 379 112 326 227 148 112 318 52 354 331 289 251 71 265 114 207 239 319 113 245 176 61 311 111 99 51 344 27 294 295 377 265 173 332 290 180 399 274 368 117 182 134 143 192 169 256 297 323 148 142 84 284 271 329 296 260 99 326 57 214 274 342 209 326 325 400 104 357
 113 249 195 280 247 198 261 44 99 223 214 260 101 70 214 138 151 212 271 98 115 227 191 176 312 258 41 128 120 118 251 1 210 14 113 25 152 182 130 55 212 226 236 304 85 176 127 204 154 139 204 254 181 113 82 185 233 95 133 96 189 123 310 220 175 130 106 113 94 175 61 218 248 141 167 204 44 91 206 109 183 146 126 307 173 104 260 206 113 286 189 138 93 210 249 315 255 131 74 143 113 124 275 76 323 31 94 143 192 155 239 147 174 21 204 93 225 208 166 27 40 79 185 304 83 170 165 236 97 205 31 175 210 258 173 151 201 265 296 313 133 120 199 97 69 215 201 175 54 166 110 316 97 113 271 155 103 180 232 229 110 324 191 294 41 155 285 275 174 314 65 54 97 164 92 234 150 147 198 290 242 152 188 80 25 27 103 92 170 14 233 237 128 160 157 101 184 163 166 146 214 103 250 182 195 314 146 326 29 295 174 124 181 164 99 80 107 156 88 283 224 82 308 183 192 142 159 94 295 195 183 313 76 196 109 195 254 294 122 276 111 290 144 313 109 161 118 115 159 241 118 186 88 131 109 179 276 332 272 117 105 160 308 279 28 95 147 58 240 122 207 101 40 198 102 175 163 186 329 149
 135 311 399 255 152 156 177 236 213 199 246 61 160 236 227 344 242 157 275 258 269 110 77 361 112 50 250 289 316 110 233 210 1 222 321 205 59 264 81 236 297 252 36 99 265 309 313 289 358 82 293 76 363 239 185 131 30 277 287 124 142 213 110 31 217 225 253 273 177 364 228 252 59 70 230 155 194 159 299 230 368 82 233 101 124 312 56 174 112 252 264 300 271 202 245 106 153 94 138 234 188 86 139 259 129 232 299 108 306 70 148 238 214 195 270 149 302 168 283 214 229 183 338 299 282 318 350 135 193 406 181 341 60 57 370 60 299 304 285 105 83 327 103 283 142 212 259 162 203 106 101 109 221 267 77 58 250 369 163 44 303 128 246 90 195 277 143 143 181 314 273 230 138 68 252 34 352 298 35 94 149 358 257 131 200 186 295 293 337 212 102 182 275 204 137 294 201 59 322 171 65 286 181 51 295 123 352 120 237 294 369 108 204 136 205 262 161 143 205 284 137 261 100 41 170 330 238 259 94 109 263 113 188 223 317 123 307 243 329 245 147 85 244 107 121 150 137 256 271 45 286 270 228 141 191 318 118 132 74 179 195 266 316 73 236 215 346 262 298 179 236 271 195 400 109 132 367 236 335 199
 127 257 186 292 260 202 274 45 108 235 212 273 113 74 214 128 159 225 281 100 118 240 200 172 324 270 30 129 114 131 262 14 222 1 101 36 164 177 142 45 219 236 247 316 74 180 123 211 144 149 210 267 177 120 94 191 244 83 134 110 194 133 323 232 174 138 99 103 106 170 66 216 261 153 165 217 46 96 212 116 179 159 134 319 179 93 272 218 126 297 196 139 92 212 259 327 268 145 85 151 124 136 288 64 336 30 85 157 197 168 252 155 173 34 212 99 232 220 171 23 31 81 185 314 69 171 160 249 97 196 41 173 219 269 166 163 207 274 307 325 146 110 207 95 81 227 198 187 53 179 123 329 105 104 281 167 108 174 245 241 97 336 200 305 53 160 298 288 176 324 52 58 110 177 83 246 141 148 210 303 255 143 185 92 28 41 99 85 168 13 241 249 119 171 170 88 184 174 166 158 223 101 263 195 201 327 137 338 18 306 167 137 182 177 98 79 120 169 86 293 230 71 320 194 204 137 167 96 307 203 190 326 87 207 98 208 262 306 109 288 116 302 140 325 122 166 124 120 153 252 108 193 94 144 120 182 290 344 283 119 116 166 317 290 15 92 140 52 248 124 217 102 42 189 115 181 154 184 339 149
 213 277 91 346 341 290 350 95 161 299 275 371 193 114 284 35 196 301 325 119 129 327 299 113 422 369 72 123 62 225 318 113 321 101 1 120 264 226 242 107 236 280 347 416 101 176 86 231 53 250 228 362 120 155 166 283 345 98 133 204 285 184 420 332 244 183 142 129 179 105 116 277 357 253 228 293 139 190 227 157 118 254 173 419 273 12 371 288 220 353 227 126 96 289 311 426 348 240 186 192 189 236 374 98 432 92 36 246 201 264 333 193 244 128 243 195 251 292 184 114 104 169 160 357 66 156 104 332 177 105 142 139 319 369 89 262 220 303 353 425 244 22 303 83 181 285 253 260 138 267 222 428 153 136 382 267 134 107 321 339 77 433 240 406 134 174 385 374 257 362 53 109 200 273 126 345 57 142 308 400 336 50 238 192 126 137 71 50 134 112 339 320 148 227 251 77 260 274 146 228 323 88 336 292 215 422 45 436 85 348 93 230 256 258 172 92 197 248 162 337 323 102 420 295 275 87 207 113 405 299 220 423 159 258 8 292 287 367 32 344 210 402 194 424 214 255 219 142 193 353 121 219 138 226 184 172 380 441 383 202 178 189 354 391 87 162 65 65 273 207 265 107 136 99 214 273 64 247 373 224
 96 225 195 257 228 211 241 33 74 200 235 252 80 50 234 140 127 192 247 78 96 210 195 167 303 251 53 111 115 105 227 25 205 36 120 1 150 205 125 79 189 202 233 302 109 156 117 181 155 141 181 242 171 90 59 196 230 118 114 85 201 99 301 219 195 105 131 137 71 167 40 238 238 137 188 184 65 106 183 85 174 135 102 304 183 111 252 184 101 262 164 121 78 227 225 309 236 120 77 119 89 121 258 99 313 29 95 128 170 145 220 123 194 15 180 105 202 186 143 51 65 98 168 280 102 151 156 218 117 203 40 160 212 256 169 145 178 241 272 309 125 124 206 86 68 192 224 153 76 150 105 309 73 138 270 153 82 172 212 219 130 313 167 291 18 133 269 258 191 290 79 35 81 154 117 227 149 128 189 281 224 154 211 81 46 24 96 89 155 39 239 216 153 136 138 122 202 163 149 124 216 91 229 172 172 303 148 318 43 271 169 111 200 145 121 66 86 136 110 259 234 106 304 182 170 133 135 76 286 204 159 304 52 172 116 177 230 271 135 253 124 287 168 305 95 175 129 94 183 239 142 162 65 112 85 160 262 322 271 135 81 136 283 276 46 118 144 58 216 140 183 85 61 197 97 186 164 207 305 169
 96 289 344 254 167 130 190 181 169 193 210 116 118 186 194 288 207 156 266 210 222 128 66 310 168 108 193 242 263 69 228 152 59 164 264 150 1 218 29 178 268 236 85 153 208 269 261 259 303 29 263 121 314 196 139 105 82 219 241 75 116 175 167 70 176 187 197 217 134 313 177 215 108 16 185 152 136 103 268 187 318 54 194 156 94 256 113 167 68 254 235 253 220 173 237 165 170 56 80 198 149 30 170 201 183 176 243 82 270 47 161 203 173 139 244 93 275 163 245 156 171 126 295 295 224 275 300 150 139 352 124 294 70 107 317 18 266 287 282 162 39 271 90 231 84 201 218 145 145 93 46 168 176 211 122 7 204 318 169 89 245 183 221 143 142 238 176 172 144 309 215 177 93 54 195 88 297 254 60 149 162 302 214 73 142 129 242 238 290 154 109 185 220 177 117 236 164 23 277 144 76 234 189 56 262 176 296 178 180 288 316 69 166 119 151 210 122 122 149 277 127 203 157 35 159 278 205 210 150 92 233 170 141 203 261 122 287 250 271 246 95 139 193 165 78 113 85 212 220 91 229 239 181 110 151 277 157 188 122 128 154 229 309 128 178 160 292 206 276 129 217 222 137 345 55 102 312 194 330 154
