NAME : domp200p66v7
COMMENT : (Deleplanque et al.) 
TYPE : DOMP
DIMENSION : 200
DISPLAY_DATA_TYPE: NO_DISPLAY
OPEN_FACILITIES : 66
COST_SECTION
 1 190 96 45 191 225 138 87 96 140 104 112 251 162 260 160 68 146 88 245 176 225 218 147 180 221 151 165 120 139 127 203 269 265 134 102 54 123 184 245 68 217 219 130 152 140 89 266 100 216 167 260 166 92 52 258 144 146 104 31 204 82 118 177 166 152 150 171 148 56 318 212 247 233 142 259 281 116 71 43 113 93 214 207 85 188 41 120 133 135 172 171 161 113 185 154 167 135 118 289 126 25 120 195 224 131 180 163 253 258 130 93 135 30 133 163 215 41 217 35 252 156 140 89 73 169 43 121 196 264 132 206 193 114 120 242 80 216 144 148 35 78 245 59 124 29 117 91 85 161 94 160 13 242 179 62 187 252 172 251 200 63 139 153 216 161 235 193 138 75 118 94 77 180 213 156 173 254 220 136 165 138 272 180 128 228 202 150 243 77 172 93 99 98 112 62 291 107 136 80
 190 1 104 223 189 205 327 132 273 131 292 267 344 338 445 170 145 323 251 324 313 351 399 266 261 50 276 353 295 260 288 17 310 448 67 268 141 113 282 260 127 396 407 282 85 69 277 330 112 399 278 337 197 181 160 331 215 331 277 160 328 109 268 14 241 301 286 55 333 217 368 280 72 384 97 361 311 184 217 175 297 277 398 387 228 222 208 268 133 213 29 61 339 290 367 342 159 67 84 472 195 188 142 68 308 199 364 224 268 388 116 267 242 188 191 37 391 153 224 187 402 345 300 272 147 346 214 159 360 437 124 91 382 179 80 367 137 373 113 315 162 133 429 246 297 168 280 268 135 339 218 249 201 287 367 247 84 419 156 389 303 211 215 55 369 310 282 305 206 213 107 282 248 320 31 242 91 422 359 54 306 90 334 361 267 414 389 250 348 225 342 228 281 99 255 162 477 155 324 234
 96 104 1 136 135 165 231 32 189 68 192 165 259 236 344 106 42 220 174 243 253 255 296 169 176 128 178 256 193 163 185 115 245 346 41 190 43 42 192 205 55 294 309 180 107 83 180 256 76 297 184 258 126 83 57 253 182 230 195 65 232 38 166 92 209 234 225 76 243 138 301 201 154 284 105 273 251 93 114 99 195 176 296 284 125 153 106 166 123 176 82 77 255 206 279 242 104 74 67 370 160 103 120 101 225 111 274 198 213 292 51 184 193 105 106 88 288 69 170 106 302 248 198 171 89 243 113 76 257 334 116 113 285 142 27 272 36 271 61 212 79 78 327 147 216 70 178 166 35 236 157 211 106 218 268 148 94 317 106 291 261 108 179 59 268 243 212 212 120 145 33 188 145 221 123 204 82 319 261 56 244 96 260 275 166 312 296 157 258 122 263 163 194 8 154 59 376 120 229 160
 45 223 136 1 234 268 108 131 53 184 88 128 278 156 239 204 112 143 45 275 134 243 206 174 213 258 176 138 120 166 138 238 305 248 173 58 96 166 213 285 97 206 192 146 172 166 68 298 121 202 195 290 208 133 96 289 125 131 60 73 224 116 137 210 142 110 110 210 111 23 350 246 285 240 159 283 318 157 102 51 103 86 197 196 113 229 71 139 141 115 209 212 120 71 145 134 211 163 145 270 112 35 125 236 254 171 142 144 293 273 174 49 105 36 174 192 207 72 259 38 259 129 149 84 86 163 68 165 199 257 143 248 165 105 160 260 124 222 187 152 62 97 227 53 81 73 128 95 129 154 66 133 40 278 156 60 229 249 216 264 165 95 119 192 223 117 271 218 177 49 161 63 90 196 249 129 216 250 234 170 123 158 304 140 150 210 167 181 266 105 129 61 60 137 135 105 269 108 104 42
 191 189 135 234 1 36 293 116 279 69 245 173 169 251 364 32 129 238 278 145 366 198 307 134 99 173 144 306 218 134 192 188 122 358 139 290 153 96 125 73 186 303 349 177 234 208 243 145 210 313 133 156 34 103 141 149 313 266 290 171 179 171 167 185 339 342 339 135 315 245 180 103 187 250 236 189 124 80 148 217 236 223 317 295 147 42 169 165 257 306 162 129 338 295 353 285 33 198 198 382 291 211 254 131 135 73 343 330 82 233 88 279 317 214 65 197 291 188 37 218 263 301 198 218 219 256 175 71 245 325 250 115 333 273 136 210 120 246 82 217 196 210 344 213 308 165 190 203 116 254 277 338 195 100 310 209 111 300 34 240 385 150 310 139 240 350 96 151 72 261 106 261 185 188 185 332 100 303 216 171 355 226 148 352 155 335 357 109 180 151 355 280 278 141 154 130 396 253 293 270
 225 205 165 268 36 1 326 148 314 98 278 205 177 280 393 66 163 268 312 152 400 215 335 161 119 182 171 339 250 162 222 202 114 385 163 325 186 124 145 60 217 331 381 206 259 233 277 145 240 342 157 160 66 138 175 152 345 298 325 205 198 202 198 203 372 377 374 151 349 279 170 114 191 271 262 199 111 115 182 251 269 256 346 324 180 61 204 195 286 338 179 146 372 330 387 317 62 223 225 409 323 245 284 142 145 106 377 361 67 248 116 314 350 248 99 219 318 221 33 252 282 334 228 251 251 285 210 105 271 349 278 122 366 305 162 226 153 269 108 246 229 241 372 248 343 199 222 236 149 283 311 371 229 99 342 243 123 324 60 257 419 184 342 159 263 385 97 171 104 295 134 296 218 212 197 365 116 327 236 194 389 252 146 386 184 364 390 136 192 185 390 314 313 170 185 165 424 284 327 304
 138 327 231 108 293 326 1 216 72 262 49 130 272 93 136 267 197 90 104 279 153 219 117 186 235 358 181 32 89 180 122 340 327 148 271 95 190 252 223 324 202 119 85 138 279 273 54 307 228 108 203 292 261 194 180 294 210 54 80 169 207 219 139 314 215 127 145 306 31 123 358 266 384 188 266 268 343 215 146 159 63 71 101 111 147 273 132 142 246 200 310 307 65 66 64 40 279 269 251 169 205 141 230 330 261 221 52 225 330 236 258 82 175 143 229 298 127 175 307 145 205 23 125 76 194 97 126 233 144 172 249 338 57 204 257 231 209 169 271 114 167 204 127 87 75 163 116 92 213 89 153 201 127 303 52 88 319 174 286 222 207 146 204 290 174 128 296 215 224 142 249 46 109 174 350 201 304 174 199 273 142 265 314 67 156 109 67 205 254 142 93 142 58 234 148 184 164 212 7 121
 87 132 32 131 116 148 216 1 182 55 174 137 228 211 322 85 21 195 172 213 257 225 272 138 145 149 147 238 169 132 158 141 218 322 66 187 39 37 162 181 72 269 290 151 137 114 164 227 100 273 153 228 101 52 38 224 198 209 190 61 201 61 137 121 225 235 230 95 231 137 273 172 174 254 134 242 226 63 87 104 174 156 273 260 98 128 86 137 148 191 107 94 247 199 268 223 87 104 97 347 176 102 142 116 195 81 262 215 190 261 44 179 203 105 77 119 262 74 148 108 272 231 170 150 105 218 93 49 229 307 142 122 267 159 52 241 9 242 57 185 83 96 304 131 210 59 151 143 5 212 165 224 95 191 249 130 104 289 91 260 272 82 195 82 239 244 185 181 90 149 34 176 122 191 147 218 89 291 230 86 247 125 232 265 136 290 282 126 227 95 259 168 185 39 124 35 354 140 215 161
 96 273 189 53 279 314 72 182 1 234 78 148 300 147 207 250 163 138 33 301 102 257 185 201 245 310 200 103 122 193 149 288 339 219 225 26 148 218 241 325 148 186 154 162 216 213 60 327 167 177 221 316 251 177 146 316 139 112 14 125 240 167 157 260 146 75 85 263 64 59 379 278 336 240 203 301 353 200 137 99 98 89 171 177 145 269 111 160 179 129 261 264 67 18 95 107 259 211 193 240 134 87 163 288 281 212 94 155 332 281 225 11 105 87 217 242 191 123 301 87 258 94 158 90 132 153 106 212 196 239 182 300 125 134 212 272 175 221 238 155 113 144 198 73 30 124 141 107 180 144 82 133 88 313 123 79 281 237 265 269 148 133 133 244 224 80 306 240 218 73 213 40 112 208 300 132 268 238 242 221 90 203 333 89 173 180 121 213 285 138 78 71 15 190 160 154 234 144 67 51
 140 131 68 184 69 98 262 55 234 1 217 163 214 241 356 42 73 226 226 194 311 225 302 144 132 129 155 281 202 141 184 134 184 353 73 241 93 28 154 140 121 298 330 173 167 141 210 201 143 305 153 207 68 73 89 202 249 247 243 115 203 105 160 124 276 290 284 79 279 191 242 150 150 266 168 231 189 62 121 158 213 196 307 290 126 94 131 159 190 242 103 75 298 251 317 263 37 131 131 378 227 156 187 88 178 73 310 265 148 263 20 232 257 159 63 133 289 128 104 162 282 274 194 191 155 248 138 36 250 330 182 84 310 208 68 241 62 258 19 211 137 144 336 177 263 112 179 180 57 243 219 276 147 160 289 175 70 309 39 265 325 119 246 77 253 298 154 178 79 204 38 224 159 201 135 270 54 311 237 104 301 159 205 315 153 324 328 125 219 127 311 223 236 74 146 81 388 188 261 216
 104 292 192 88 245 278 49 174 78 217 1 84 231 72 156 220 155 61 104 236 176 183 119 140 189 319 136 65 48 134 79 304 281 162 232 102 152 209 178 277 171 119 117 94 253 243 21 263 201 115 158 250 213 148 138 251 207 44 90 133 168 185 93 279 219 149 162 267 75 108 315 220 345 164 242 230 297 167 99 135 21 23 111 109 99 225 89 96 227 197 272 266 105 83 111 51 232 238 222 186 197 114 212 288 217 173 100 225 283 205 214 86 178 117 181 266 120 144 259 121 182 59 85 28 170 78 82 187 120 170 228 295 94 192 218 197 166 144 227 79 137 178 142 47 96 125 72 44 171 69 147 207 92 257 77 46 277 164 239 193 224 99 201 251 147 152 250 173 176 132 207 39 61 135 314 205 261 165 167 239 164 239 270 113 110 125 114 157 215 95 130 138 65 196 101 141 187 195 50 116
 112 267 165 128 173 205 130 137 148 163 84 1 154 80 195 154 124 66 164 155 249 116 140 57 106 283 54 137 46 51 22 277 198 191 202 169 134 164 96 196 168 137 177 19 254 237 92 181 204 144 75 169 140 92 111 170 251 95 161 126 96 174 10 256 269 221 229 229 158 149 234 137 307 124 246 156 214 104 52 154 69 64 146 128 40 148 73 14 243 241 243 227 187 158 194 114 168 229 215 216 235 134 230 246 136 103 181 269 201 147 167 153 232 139 112 250 128 146 182 144 143 133 34 60 183 86 70 129 94 171 241 246 163 224 188 133 131 109 177 50 144 185 175 79 173 114 18 42 133 82 193 260 103 174 139 72 230 153 175 140 289 59 245 217 107 226 167 94 103 175 167 114 39 69 283 257 214 155 110 219 237 240 188 195 27 164 190 76 140 44 212 188 139 171 20 107 227 218 133 168
 251 344 259 278 169 177 272 228 300 214 231 154 1 188 275 177 227 185 316 27 401 64 219 105 84 338 103 268 185 113 154 347 87 260 282 321 248 233 69 127 288 214 288 139 364 341 243 49 323 231 85 28 149 180 225 34 395 224 314 252 67 285 145 336 416 374 382 292 302 298 91 67 354 125 360 23 104 166 181 293 213 214 239 211 168 129 212 142 369 385 316 287 334 310 334 244 190 331 324 279 376 276 359 295 36 149 320 413 126 82 229 306 381 280 155 341 198 275 145 285 127 268 148 212 314 189 213 187 150 208 364 282 286 362 272 64 226 134 232 159 277 311 254 231 324 241 162 194 225 192 341 408 246 84 260 224 275 181 196 96 441 189 389 289 126 379 83 61 140 322 241 266 191 100 346 405 261 184 91 310 389 352 54 338 129 254 320 106 24 176 361 338 291 266 144 215 300 351 276 319
 162 338 236 156 251 280 93 211 147 241 72 80 188 1 116 232 195 17 175 200 242 130 62 122 171 358 114 82 44 120 60 349 254 113 274 172 199 241 152 263 227 59 105 75 312 299 92 228 260 65 133 211 217 170 180 214 278 41 159 185 122 238 85 326 290 215 230 305 123 177 277 196 383 96 302 181 271 183 125 198 54 72 68 50 117 221 132 87 292 268 316 303 157 149 150 58 247 293 277 138 267 177 277 323 184 181 135 295 268 144 244 156 249 181 191 317 54 201 255 185 113 83 54 75 232 9 127 207 51 103 292 324 99 261 260 141 204 77 255 36 196 238 96 107 162 175 63 73 207 5 218 277 150 234 73 102 308 94 254 129 293 129 272 291 81 217 228 137 181 202 242 109 91 89 356 276 292 95 108 287 230 298 235 155 97 85 133 146 168 117 186 209 134 241 99 178 147 261 99 187
 260 445 344 239 364 393 136 322 207 356 156 195 275 116 1 347 304 130 239 293 272 212 60 233 279 469 224 105 155 232 175 457 353 23 384 229 305 353 257 371 326 64 59 189 408 399 174 321 356 52 241 301 331 284 288 306 344 115 214 287 215 340 199 433 348 251 272 416 151 256 364 300 494 154 397 261 370 297 237 288 150 170 50 71 230 333 239 201 379 335 425 415 175 199 149 107 361 394 377 34 340 269 363 435 281 296 136 359 374 206 357 217 308 271 305 421 80 299 366 275 158 114 167 175 324 110 232 322 129 81 381 438 86 339 369 215 314 142 369 149 292 333 22 202 205 278 178 180 318 113 288 333 247 337 86 200 421 103 369 189 330 241 338 401 150 249 332 237 295 277 354 178 201 188 466 334 405 101 185 393 264 394 327 158 211 33 112 258 252 230 201 277 193 348 213 288 33 346 142 257
 160 170 106 204 32 66 267 85 250 42 220 154 177 232 347 1 99 218 247 155 335 196 290 122 98 162 133 283 197 120 173 172 143 342 115 260 122 68 123 99 156 287 328 159 208 182 217 161 181 296 126 168 28 75 110 162 282 244 261 140 175 142 149 164 309 312 309 117 288 214 201 111 179 243 209 195 148 54 122 186 213 198 299 279 123 53 141 146 229 275 142 112 310 267 327 262 17 172 171 366 260 180 225 119 141 52 317 299 108 232 61 250 286 184 43 174 276 157 65 187 257 277 181 193 189 238 147 40 232 313 221 109 311 243 109 210 89 237 59 200 165 179 327 186 279 135 171 179 85 235 247 308 165 118 288 182 99 290 24 237 354 123 279 117 231 320 113 148 54 230 78 234 160 179 171 302 85 292 211 146 324 199 164 325 138 316 333 99 184 127 327 249 250 112 135 100 378 223 268 239
 68 145 42 112 129 163 197 21 163 73 155 124 227 195 304 99 1 179 154 214 240 218 255 132 146 166 140 219 152 125 144 156 225 306 81 168 25 57 159 192 64 253 271 139 139 118 145 230 97 257 149 229 111 49 18 226 187 191 171 43 195 59 125 133 212 218 213 113 211 119 278 175 191 243 135 240 234 66 73 89 156 137 256 244 84 136 68 125 144 179 122 112 227 180 249 204 103 110 99 330 165 84 136 134 195 84 242 204 200 255 64 160 189 87 82 128 247 60 160 90 261 212 157 132 95 202 74 60 216 293 139 142 248 148 67 235 13 230 77 171 67 88 287 111 191 40 136 125 18 196 149 210 76 197 231 111 123 276 107 252 257 67 183 98 228 226 191 177 93 133 53 156 105 181 163 205 109 278 222 96 229 127 235 245 126 273 263 123 224 81 239 152 165 48 113 18 336 131 195 144
 146 323 220 143 238 268 90 195 138 226 61 66 185 17 130 218 179 1 164 195 235 130 77 111 161 343 104 84 28 108 47 334 247 128 259 162 183 225 144 253 211 75 115 63 297 283 80 223 245 80 124 206 204 155 164 209 266 40 151 169 119 222 71 311 279 208 222 289 121 164 273 188 367 103 287 179 264 168 109 184 42 58 82 66 101 209 116 74 277 255 300 287 154 142 150 60 233 277 262 153 254 163 263 307 178 168 136 283 258 147 229 146 238 166 177 302 70 186 243 171 121 84 43 60 218 24 111 193 59 119 277 309 105 247 245 142 188 84 240 27 181 223 111 93 154 159 49 57 192 18 205 267 135 226 79 87 293 108 240 134 284 114 260 276 87 210 220 131 167 189 227 99 76 86 341 265 276 109 110 272 223 283 229 155 85 99 137 135 165 101 182 197 125 225 85 162 162 247 95 175
 88 251 174 45 278 312 104 172 33 226 104 164 316 175 239 247 154 164 1 315 90 277 216 214 255 290 215 135 146 206 170 267 348 251 208 18 136 207 254 329 128 217 186 180 188 188 85 339 142 209 234 330 252 177 139 329 107 142 29 113 259 148 173 238 116 66 67 246 95 37 392 288 317 266 175 319 361 201 144 78 124 111 203 208 154 273 114 176 149 97 241 248 91 45 121 139 254 187 169 272 102 72 133 272 295 215 123 123 336 304 215 23 75 70 218 218 221 106 303 69 284 126 180 111 106 182 111 208 223 270 153 286 157 102 196 293 166 247 228 179 96 120 230 86 48 115 160 126 171 172 49 103 84 321 155 94 267 267 259 293 126 138 101 227 249 74 314 256 221 43 201 68 126 229 279 102 255 267 265 200 79 176 345 114 188 212 150 223 303 146 92 39 47 174 174 149 266 114 99 20
 245 324 243 275 145 152 279 213 301 194 236 155 27 200 293 155 214 195 315 1 402 84 236 102 69 316 102 278 192 110 159 326 63 279 264 321 236 215 63 101 277 231 302 143 349 325 246 29 310 247 82 16 128 167 214 16 388 233 315 243 80 271 146 317 410 374 381 271 309 294 80 45 331 146 346 49 80 151 175 285 218 217 255 227 163 106 207 143 357 378 296 266 340 312 342 253 168 315 309 299 369 269 348 273 22 133 328 407 99 106 210 306 377 274 138 324 215 265 120 279 150 277 155 214 304 201 208 170 166 230 352 259 297 354 255 87 212 153 212 169 268 300 272 231 327 232 165 197 211 204 336 404 241 58 272 224 253 202 173 120 439 183 383 270 145 380 57 65 124 318 224 269 190 111 325 399 240 205 110 293 390 338 36 345 129 270 331 96 47 171 365 334 294 250 143 203 320 341 283 316
 176 313 253 134 366 400 153 257 102 311 176 249 401 242 272 335 240 235 90 402 1 357 267 301 344 358 301 177 222 293 250 329 437 289 282 82 219 290 341 418 201 270 214 263 237 246 161 427 203 257 321 416 341 266 226 416 113 203 89 198 341 222 258 301 99 29 29 319 127 122 479 376 383 337 223 402 450 290 233 155 196 190 249 262 243 362 204 261 189 109 309 322 98 94 126 192 341 248 231 305 125 157 176 346 382 304 137 117 426 380 298 97 75 154 308 278 278 186 392 150 354 171 259 191 171 247 200 296 292 323 197 363 188 138 272 372 251 317 311 254 176 185 270 172 81 202 242 208 256 238 98 83 173 410 198 179 344 326 346 367 59 227 109 300 321 26 403 341 310 110 283 139 212 309 343 88 334 326 342 268 13 228 433 116 274 253 163 311 387 235 73 91 112 252 260 236 292 160 147 97
 225 351 255 243 198 215 219 225 257 225 183 116 64 130 212 196 218 130 277 84 357 1 156 87 100 353 79 211 136 94 109 357 146 197 286 280 235 239 74 175 274 151 226 99 356 335 197 111 310 168 74 90 170 173 211 96 366 168 270 233 24 275 109 341 384 330 340 303 249 265 153 104 373 63 350 52 163 168 157 268 163 169 177 149 143 158 185 107 353 356 324 299 282 264 278 187 211 326 316 217 349 248 341 312 77 154 264 384 176 38 237 263 347 253 163 342 135 255 184 258 70 212 99 167 294 129 184 193 88 147 349 303 226 338 274 18 221 71 243 106 255 294 191 193 278 221 118 152 221 134 308 375 218 135 201 185 292 120 217 43 402 166 360 297 63 334 131 48 148 290 245 220 155 49 359 372 277 123 28 310 345 343 116 283 98 191 262 102 41 150 310 303 246 262 114 203 237 330 223 283
 218 399 296 206 307 335 117 272 185 302 119 140 219 62 60 290 255 77 216 236 267 156 1 175 221 419 166 91 104 174 119 410 295 53 335 209 259 302 199 312 285 6 77 132 369 357 139 264 317 15 182 245 274 231 240 249 322 77 195 243 157 296 143 386 330 243 261 365 142 226 309 242 444 102 359 207 313 242 186 252 107 127 24 13 177 275 192 145 345 312 376 364 173 182 154 79 305 351 335 77 314 231 330 384 223 239 140 338 315 156 305 195 289 234 249 377 23 258 308 238 111 98 110 131 287 55 186 267 71 56 346 385 89 310 321 161 265 87 316 92 252 294 38 161 191 234 124 132 268 61 262 316 206 278 71 158 368 64 313 138 323 190 316 352 95 243 273 178 238 249 303 150 152 130 417 316 352 63 130 347 257 355 270 163 154 36 125 200 196 178 201 253 171 301 157 239 90 313 123 231
 147 266 169 174 134 161 186 138 201 144 140 57 105 122 233 122 132 111 214 102 301 87 175 1 51 272 12 190 99 9 67 273 143 226 200 220 150 155 41 143 190 171 225 50 270 249 147 127 225 183 22 117 101 87 126 117 291 146 214 150 64 189 47 256 311 274 280 220 214 194 180 81 293 123 265 113 158 84 77 189 124 119 187 164 64 101 108 44 269 281 239 217 243 212 249 166 137 240 230 249 272 171 259 231 82 73 237 309 148 124 154 205 277 176 83 256 158 173 134 181 139 187 70 115 212 126 108 111 112 192 265 226 214 259 188 104 135 116 162 87 174 210 212 130 227 139 70 98 135 126 237 304 142 119 189 123 213 169 145 124 338 85 285 212 110 279 112 47 69 218 160 169 89 58 276 300 197 172 94 224 289 257 134 251 30 204 244 26 97 71 267 234 194 176 42 117 264 249 188 215
 180 261 176 213 99 119 235 145 245 132 189 106 84 171 279 98 146 161 255 69 344 100 221 51 1 258 58 240 149 56 117 265 95 270 199 263 168 150 27 93 208 216 275 100 281 258 194 87 242 229 40 84 72 99 146 81 322 196 258 175 81 203 97 253 345 317 321 210 263 231 139 34 276 153 278 100 109 84 112 219 174 168 235 210 102 60 143 94 289 312 233 206 291 258 299 217 113 248 241 293 302 204 280 216 50 65 286 340 98 136 146 249 313 208 72 258 202 197 90 213 165 237 119 164 236 175 146 104 154 231 284 206 264 287 189 113 144 151 150 136 201 231 258 174 273 164 121 146 143 175 272 339 177 69 239 167 196 205 119 142 377 119 317 207 144 323 62 53 57 254 158 216 135 94 266 334 181 208 118 227 332 270 93 300 80 252 294 33 88 110 315 270 239 183 89 135 309 273 238 254
 221 50 128 258 173 182 358 149 310 129 319 283 338 358 469 162 166 343 290 316 358 353 419 272 258 1 282 382 316 268 304 35 292 470 88 307 169 120 282 240 164 417 435 296 134 116 306 318 155 421 281 327 189 193 183 321 262 356 314 190 331 144 282 59 289 344 330 55 367 255 350 272 27 394 146 356 291 189 235 213 321 302 421 407 244 211 232 281 181 260 51 57 376 327 403 369 148 112 128 495 242 224 189 44 302 201 399 272 247 391 119 304 288 224 192 85 409 188 206 224 410 374 316 297 188 366 239 162 374 453 172 61 411 225 102 369 156 384 111 332 198 174 451 274 335 196 298 290 152 360 261 296 232 272 395 274 64 433 143 393 350 230 262 69 380 353 268 306 207 254 118 314 270 329 22 289 78 436 365 92 350 138 320 397 278 437 422 253 345 243 381 270 317 124 268 182 501 201 355 274
 151 276 178 176 144 171 181 147 200 155 136 54 103 114 224 133 140 104 215 102 301 79 166 12 58 282 1 184 94 16 61 283 147 216 210 220 157 165 43 150 196 161 217 44 278 257 145 128 232 173 23 117 112 96 133 117 294 140 213 157 56 197 45 266 315 273 280 230 210 196 181 86 304 113 272 108 163 94 82 194 120 116 178 154 68 110 111 41 276 285 249 227 240 211 245 160 148 249 238 239 277 175 265 242 83 84 232 313 155 115 164 205 279 180 94 265 148 179 143 185 128 182 62 113 218 118 112 121 102 182 272 237 207 264 198 96 143 105 172 79 179 217 203 130 225 145 66 95 144 118 240 307 145 124 182 123 223 158 155 114 339 90 289 222 100 279 117 43 80 221 170 167 89 48 286 303 207 161 84 233 289 265 135 247 28 196 238 36 92 75 265 236 192 185 42 125 254 254 184 217
 165 353 256 138 306 339 32 238 103 281 65 137 268 82 105 283 219 84 135 278 177 211 91 190 240 382 184 1 92 185 124 366 329 118 295 125 215 273 225 331 229 94 56 141 308 301 77 306 257 81 205 290 274 211 202 292 240 46 110 194 202 246 145 340 245 153 173 330 52 153 356 269 408 173 296 261 346 230 162 188 71 86 73 87 161 283 153 148 276 231 335 330 83 96 70 25 295 297 279 138 235 169 260 353 260 234 55 255 337 223 278 113 204 171 242 326 104 203 317 174 187 10 124 91 223 83 146 251 129 146 279 359 30 234 281 221 231 154 291 110 194 233 97 109 103 187 121 104 235 77 183 230 153 307 22 110 341 151 302 208 233 163 234 314 160 153 300 214 236 173 271 75 124 169 376 231 326 151 189 300 168 294 312 76 161 79 55 211 248 157 112 173 89 259 156 205 133 243 37 152
 120 295 193 120 218 250 89 169 122 202 48 46 185 44 155 197 152 28 146 192 222 136 104 99 149 316 94 92 1 94 34 307 240 154 232 146 156 200 136 240 184 102 132 51 270 256 63 219 218 106 115 205 185 131 137 206 244 50 136 142 122 195 54 283 258 195 206 263 118 141 271 179 341 122 260 183 256 146 83 158 28 36 106 92 77 193 89 57 251 233 273 261 150 129 152 69 211 250 234 179 231 137 237 282 173 147 139 262 246 160 203 130 219 141 156 274 97 159 227 145 140 89 39 37 191 52 84 169 80 146 251 284 117 223 218 151 162 103 215 34 154 197 136 68 143 132 30 30 165 45 184 247 108 217 93 62 267 133 218 148 269 87 238 249 105 199 210 128 147 167 200 85 48 89 314 245 251 135 121 244 210 256 226 155 70 123 146 120 168 76 176 177 111 198 66 136 187 222 92 155
 139 260 163 166 134 162 180 132 193 141 134 51 113 120 232 120 125 108 206 110 293 94 174 9 56 268 16 185 94 1 63 268 149 225 195 213 143 150 49 147 182 170 222 46 263 242 140 134 218 181 30 125 101 81 119 124 282 142 206 143 71 182 42 250 303 266 272 215 208 186 187 87 289 127 258 121 164 80 69 181 118 113 185 163 56 103 100 39 261 273 234 212 237 205 243 162 136 233 223 249 264 163 251 227 89 70 231 301 152 131 149 198 269 168 80 250 158 165 136 173 143 182 67 109 204 124 100 106 113 194 258 223 210 251 182 111 128 118 157 85 166 203 211 122 220 131 65 91 129 123 229 296 134 124 185 115 209 171 143 130 330 77 277 207 114 272 117 55 67 210 155 162 82 62 271 292 193 174 100 217 281 250 141 245 25 203 239 27 105 63 260 226 186 170 35 110 263 241 182 207
 127 288 185 138 192 222 122 158 149 184 79 22 154 60 175 173 144 47 170 159 250 109 119 67 117 304 61 124 34 63 1 298 207 171 223 172 153 185 103 209 186 116 160 18 272 256 91 186 222 124 82 172 159 113 131 174 261 80 163 143 92 193 26 277 278 223 233 250 151 159 238 146 328 107 264 153 223 124 73 168 60 62 127 107 61 164 90 28 259 251 264 248 182 158 185 100 188 248 234 195 247 148 246 267 140 122 172 280 214 136 188 156 240 152 132 270 106 163 198 157 126 121 14 60 199 66 86 150 73 150 258 267 148 237 209 124 152 91 198 29 160 202 154 86 172 132 11 44 154 63 203 268 117 184 123 79 251 133 195 127 294 79 256 238 90 227 177 95 122 185 188 113 51 60 304 266 235 135 97 239 238 258 193 187 39 144 178 89 138 64 208 197 140 191 40 127 206 232 125 176
 203 17 115 238 188 202 340 141 288 134 304 277 347 349 457 172 156 334 267 326 329 357 410 273 265 35 283 366 307 268 298 1 309 460 76 283 154 119 287 258 142 408 420 291 101 85 290 331 128 411 284 339 199 189 171 333 231 343 292 173 334 123 277 29 257 317 302 56 348 232 367 282 56 392 113 364 310 190 227 190 309 289 410 398 238 223 220 277 149 229 35 61 354 305 382 355 160 83 100 484 211 203 158 62 311 204 379 239 266 394 121 282 258 203 196 53 401 167 223 202 409 358 310 284 162 357 226 164 369 447 140 84 395 195 90 373 147 381 116 325 177 148 441 259 312 181 291 279 145 350 234 265 215 287 380 260 80 429 156 395 319 221 231 62 378 326 283 310 211 228 114 296 259 328 15 258 90 431 366 68 322 106 334 376 275 426 403 256 352 235 357 244 296 110 264 172 489 171 338 249
 269 310 245 305 122 114 327 218 339 184 281 198 87 254 353 143 225 247 348 63 437 146 295 143 95 292 147 329 240 149 207 309 1 340 257 357 249 210 105 55 288 291 358 190 349 324 288 41 318 306 125 62 120 182 229 54 408 285 352 260 140 278 189 305 432 410 414 255 355 322 59 63 303 208 349 108 18 160 205 306 265 261 313 286 196 93 235 186 365 399 282 250 385 352 390 305 152 314 311 361 387 293 359 251 73 142 378 426 49 168 203 342 403 297 143 316 275 281 87 302 213 327 206 257 318 257 238 170 226 292 359 233 351 371 251 149 220 214 201 221 286 311 332 267 366 251 212 239 217 259 362 428 268 29 326 261 231 264 154 182 468 211 404 258 206 417 36 119 134 344 219 310 229 168 305 423 220 268 172 288 425 340 39 392 172 329 383 127 109 203 408 361 333 251 182 218 380 355 330 346
 265 448 346 248 358 385 148 322 219 353 162 191 260 113 23 342 306 128 251 279 289 197 53 226 270 470 216 118 154 225 171 460 340 1 385 242 308 353 247 360 331 56 78 184 415 404 181 307 363 50 231 286 325 282 290 292 357 120 227 291 202 344 195 436 362 267 288 416 166 266 348 289 495 137 403 245 357 294 236 296 153 174 52 65 228 325 241 197 388 347 426 415 192 212 167 115 357 399 382 26 351 276 372 435 268 291 154 372 363 189 356 229 321 278 301 425 69 305 358 282 140 126 162 178 331 106 235 319 117 60 389 436 102 349 371 199 315 127 367 144 298 339 22 207 219 282 175 181 319 111 299 347 253 325 97 204 420 84 364 171 347 241 351 402 135 266 320 225 289 287 354 188 201 177 467 348 404 82 170 396 281 401 313 177 205 40 132 250 237 229 219 289 205 351 209 289 41 355 154 268
 134 67 41 173 139 163 271 66 225 73 232 202 282 274 384 115 81 259 208 264 282 286 335 200 199 88 210 295 232 195 223 76 257 385 1 224 82 50 219 211 82 333 348 216 97 71 219 273 87 336 213 278 140 115 96 273 200 270 230 103 263 61 202 57 227 265 254 39 281 172 314 221 114 318 101 298 261 119 152 131 235 215 336 323 162 166 146 202 128 195 42 41 291 242 317 282 107 61 66 410 178 139 130 65 247 135 312 213 220 323 55 220 217 140 128 61 326 103 175 140 336 287 235 210 112 282 152 96 294 372 120 83 324 159 15 302 72 307 58 250 113 99 366 187 251 109 215 205 69 275 185 231 145 232 308 187 64 354 107 323 284 146 198 20 303 274 227 241 143 175 42 227 185 254 83 224 58 356 293 32 273 91 277 312 201 352 335 185 285 160 298 192 231 37 189 97 415 136 268 192
 102 268 190 58 290 325 95 187 26 241 102 169 321 172 229 260 168 162 18 321 82 280 209 220 263 307 220 125 146 213 172 283 357 242 224 1 151 222 260 339 144 210 174 184 204 205 84 346 159 201 241 336 264 189 153 336 116 137 15 128 262 165 178 255 122 55 62 262 82 53 399 296 333 265 191 323 370 213 153 95 122 112 194 202 162 283 125 181 164 107 257 264 75 31 106 131 268 204 186 262 114 87 148 288 301 226 108 132 347 305 230 17 81 86 230 235 216 122 314 85 283 116 182 113 123 178 120 221 221 264 169 302 146 116 212 295 180 245 243 179 112 136 221 92 31 129 163 129 185 169 63 108 97 330 146 99 283 262 273 293 124 148 111 243 248 62 323 261 232 58 216 64 132 231 295 108 270 262 266 217 70 192 353 98 193 203 136 231 307 155 76 51 39 190 180 162 255 130 89 36
 54 141 43 96 153 186 190 39 148 93 152 134 248 199 305 122 25 183 136 236 219 235 259 150 168 169 157 215 156 143 153 154 249 308 82 151 1 72 180 216 41 257 268 150 122 104 139 253 76 259 168 251 135 70 25 248 163 191 155 24 212 42 137 129 188 198 192 118 201 100 302 197 195 256 116 260 258 89 83 66 156 136 258 247 96 160 68 137 122 155 122 118 214 166 238 202 125 96 83 332 141 65 113 142 217 108 233 180 224 271 80 144 166 67 106 119 252 36 184 70 274 207 166 131 71 207 74 84 226 300 117 153 244 124 68 252 34 242 93 179 45 65 288 106 176 28 144 128 38 200 127 187 65 221 228 107 134 284 129 268 234 75 159 101 240 207 214 196 116 111 66 147 109 196 163 181 121 286 237 89 209 109 258 233 140 273 255 143 244 91 224 130 153 45 126 34 337 107 188 124
 123 113 42 166 96 124 252 37 218 28 209 164 233 241 353 68 57 225 207 215 290 239 302 155 150 120 165 273 200 150 185 119 210 353 50 222 72 1 170 166 96 299 324 176 141 115 199 224 116 304 166 229 91 73 74 223 223 242 226 95 216 79 163 104 250 269 262 67 267 171 267 171 144 275 142 249 215 72 117 136 208 189 305 290 125 118 121 162 163 217 86 64 282 235 304 257 64 105 104 377 201 136 160 83 198 87 298 239 175 276 10 215 233 138 79 110 291 105 131 141 292 266 197 184 130 248 128 47 255 334 155 87 302 183 42 255 44 265 22 213 115 118 335 166 246 95 179 175 40 242 196 251 131 184 283 165 69 314 65 277 301 114 220 59 261 278 178 193 94 181 11 211 154 210 122 245 54 317 248 80 280 132 229 301 159 322 318 138 236 125 294 200 221 47 149 69 385 161 250 195
 184 282 192 213 125 145 223 162 241 154 178 96 69 152 257 123 159 144 254 63 341 74 199 41 27 282 43 225 136 49 103 287 105 247 219 260 180 170 1 115 220 194 256 86 297 274 186 87 255 208 22 78 97 112 157 77 327 181 254 184 55 217 86 274 349 314 320 233 252 232 140 45 301 127 293 82 121 101 114 225 162 158 214 188 102 86 145 83 301 318 255 229 282 252 287 201 138 265 257 269 309 208 291 240 42 85 274 346 118 111 168 245 316 213 93 277 179 206 115 218 139 223 102 155 245 155 147 124 130 206 296 230 248 294 208 88 159 126 172 118 209 242 236 170 267 172 108 137 159 156 275 342 180 83 222 163 220 180 144 116 377 122 322 228 119 319 77 27 77 256 178 209 129 71 288 338 205 183 92 245 329 285 94 289 69 231 279 37 67 110 307 272 233 199 82 147 286 282 226 254
 245 260 205 285 73 60 324 181 325 140 277 196 127 263 371 99 192 253 329 101 418 175 312 143 93 240 150 331 240 147 209 258 55 360 211 339 216 166 115 1 252 307 367 192 306 280 279 89 279 321 132 106 82 154 199 98 377 288 337 231 163 240 187 256 403 393 393 206 350 299 111 73 250 235 307 149 53 131 188 277 263 255 327 301 182 58 216 184 327 369 233 200 377 339 387 308 105 270 269 382 356 268 322 199 100 115 375 394 10 204 159 327 377 271 113 270 293 250 37 276 244 328 211 250 285 267 220 133 244 317 320 180 356 338 207 183 184 237 154 229 257 276 349 254 353 223 211 233 181 267 336 400 246 44 331 249 180 291 106 215 444 193 373 211 230 400 46 137 109 319 176 300 219 184 254 395 170 294 199 242 407 297 89 388 171 344 385 121 145 189 398 337 321 211 177 188 400 320 326 324
 68 127 55 97 186 217 202 72 148 121 171 168 288 227 326 156 64 211 128 277 201 274 285 190 208 164 196 229 184 182 186 142 288 331 82 144 41 96 220 252 1 283 284 186 87 74 154 293 37 283 208 292 172 111 65 288 129 212 152 44 251 22 172 114 156 184 173 120 207 92 341 238 190 291 79 300 296 129 119 50 179 159 280 273 133 198 98 173 81 122 114 122 214 165 241 221 156 69 52 355 106 63 73 147 257 147 238 145 261 309 105 142 139 62 145 97 280 28 219 61 310 221 199 155 35 234 102 120 258 329 77 163 258 88 72 291 69 276 116 210 36 25 311 125 172 56 177 156 73 227 104 156 80 260 245 128 144 315 159 305 207 111 126 101 275 193 254 236 156 93 87 157 139 233 153 150 134 317 274 74 192 73 298 235 178 295 263 184 284 127 219 111 156 52 163 75 357 69 199 111
 217 396 294 206 303 331 119 269 186 298 119 137 214 59 64 287 253 75 217 231 270 151 6 171 216 417 161 94 102 170 116 408 291 56 333 210 257 299 194 307 283 1 82 128 368 356 139 259 316 19 178 239 270 228 238 244 322 77 197 242 152 295 140 384 331 245 263 363 144 226 304 237 441 97 358 201 308 239 183 251 106 126 29 11 174 271 190 142 345 313 374 361 175 183 158 81 302 350 334 81 314 231 330 381 218 236 143 339 311 150 302 196 290 234 245 375 17 257 303 238 106 100 106 129 286 52 184 264 66 54 345 382 93 310 319 156 262 82 313 88 251 293 43 161 193 232 121 130 265 58 263 317 205 274 74 156 365 60 309 133 325 188 316 350 90 245 268 174 234 249 300 150 149 125 415 317 349 59 125 345 260 354 265 166 150 41 129 195 191 175 204 253 172 299 154 236 94 313 125 232
 219 407 309 192 349 381 85 290 154 330 117 177 288 105 59 328 271 115 186 302 214 226 77 225 275 435 217 56 132 222 160 420 358 78 348 174 268 324 256 367 284 82 1 177 363 356 131 330 311 63 237 312 316 259 254 316 289 85 160 248 223 300 184 394 292 193 215 383 95 207 377 300 461 176 350 277 375 276 210 242 118 136 54 81 207 323 205 187 330 281 389 382 117 144 90 68 341 352 334 92 287 224 314 405 287 278 78 304 371 230 329 164 252 226 287 380 97 257 357 229 187 64 157 141 277 102 198 298 140 124 333 410 30 287 334 234 283 160 341 139 249 287 61 163 149 241 160 151 287 101 235 277 207 338 42 162 392 138 348 213 272 212 284 367 167 191 332 240 279 226 323 130 172 192 430 278 377 137 201 354 206 349 337 100 198 47 55 248 266 204 143 224 141 312 196 256 82 296 90 204
 130 282 180 146 177 206 138 151 162 173 94 19 139 75 189 159 139 63 180 143 263 99 132 50 100 296 44 141 51 46 18 291 190 184 216 184 150 176 86 192 186 128 177 1 271 253 105 170 222 138 66 157 143 104 127 158 269 97 176 143 79 191 15 271 287 236 245 242 167 167 222 129 319 107 263 140 206 112 69 172 77 76 141 120 56 148 91 15 261 259 257 240 198 172 201 117 174 245 232 208 253 152 249 257 124 108 189 287 197 129 178 168 249 157 118 266 118 164 181 162 125 138 23 73 201 80 89 138 79 159 259 256 165 242 203 115 146 92 188 41 162 203 168 95 186 131 23 56 148 78 211 277 122 167 140 88 241 139 182 122 305 76 263 231 90 241 160 80 107 193 180 128 57 51 296 274 225 141 91 234 251 257 177 204 23 159 195 73 124 60 223 206 153 186 28 122 220 236 141 185
 152 85 107 172 234 259 279 137 216 167 253 254 364 312 408 208 139 297 188 349 237 356 369 270 281 134 278 308 270 263 272 101 349 415 97 204 122 141 297 306 87 368 363 271 1 27 236 361 53 367 287 363 230 186 146 359 133 296 216 130 333 82 258 76 158 229 211 118 279 159 406 307 156 377 15 377 354 199 204 121 264 244 364 358 217 257 184 258 50 132 94 123 278 231 309 302 202 37 41 438 115 141 62 141 330 217 309 140 314 392 148 208 164 138 212 51 366 112 270 135 395 299 285 240 86 320 188 181 344 415 42 164 335 100 99 373 138 362 153 296 118 77 394 209 235 141 263 241 139 312 148 167 164 323 325 213 150 402 202 389 221 196 134 104 360 238 317 315 225 147 131 234 225 317 115 160 150 403 358 66 232 15 366 301 262 378 335 261 362 212 276 158 227 100 247 154 438 79 275 170
 140 69 83 166 208 233 273 114 213 141 243 237 341 299 399 182 118 283 188 325 246 335 357 249 258 116 257 301 256 242 256 85 324 404 71 205 104 115 274 280 74 356 356 253 27 1 227 337 47 356 265 339 205 164 127 335 147 285 215 115 312 63 240 58 174 234 219 94 275 156 381 283 140 359 33 355 329 175 186 116 252 232 353 346 199 232 169 240 67 145 72 99 278 229 307 293 176 11 23 428 127 133 74 118 307 193 306 157 288 372 122 206 174 131 188 33 352 101 244 129 377 292 269 228 83 307 174 157 328 401 57 141 329 111 74 352 116 344 127 281 108 71 384 198 235 126 247 227 116 299 152 181 152 298 317 201 126 386 176 369 235 178 147 79 343 244 292 293 202 148 105 227 210 298 99 174 124 388 338 40 239 23 341 300 243 368 332 238 340 194 278 162 223 76 229 134 429 87 269 170
 89 277 180 68 243 277 54 164 60 210 21 92 243 92 174 217 145 80 85 246 161 197 139 147 194 306 145 77 63 140 91 290 288 181 219 84 139 199 186 279 154 139 131 105 236 227 1 272 184 134 166 260 212 143 127 261 187 63 74 118 181 170 101 264 199 133 145 255 73 88 325 226 332 182 224 243 303 164 96 116 39 30 130 129 99 227 80 104 208 177 259 255 99 68 111 68 228 222 205 204 177 96 193 278 226 172 102 205 286 222 205 68 159 99 179 250 140 127 260 102 200 69 99 33 151 98 73 182 138 190 209 285 106 172 205 212 156 163 218 96 120 160 160 34 82 111 82 50 161 89 127 187 77 263 92 36 267 184 234 210 207 94 181 238 165 138 256 183 176 112 197 24 62 149 300 186 252 185 183 224 149 221 279 110 118 143 120 162 227 93 121 119 50 183 107 131 204 176 53 97
 266 330 256 298 145 145 307 227 327 201 263 181 49 228 321 161 230 223 339 29 427 111 264 127 87 318 128 306 219 134 186 331 41 307 273 346 253 224 87 89 293 259 330 170 361 337 272 1 326 275 107 23 135 184 231 16 408 261 340 261 109 286 172 324 431 399 405 276 336 316 54 56 331 172 360 69 56 166 198 305 246 244 283 256 186 109 229 169 373 399 302 271 367 338 370 282 172 327 322 326 388 290 365 275 47 147 356 426 85 129 219 331 399 295 151 333 243 283 115 300 175 305 183 241 322 229 231 181 194 256 367 260 326 373 265 112 227 180 219 197 287 316 300 255 353 251 192 223 225 232 358 425 263 48 300 249 255 229 176 144 462 205 403 277 172 405 50 93 138 340 233 295 215 140 329 421 243 232 138 303 415 351 8 373 155 298 359 118 72 194 392 356 319 263 168 221 347 359 310 339
 100 112 76 121 210 240 228 100 167 143 201 204 323 260 356 181 97 245 142 310 203 310 317 225 242 155 232 257 218 218 222 128 318 363 87 159 76 116 255 279 37 316 311 222 53 47 184 326 1 314 243 325 200 145 100 322 114 243 169 80 287 41 208 99 141 190 176 121 230 110 373 270 181 327 43 335 325 161 155 70 211 191 312 306 169 227 133 209 49 109 107 125 232 183 261 250 179 46 29 386 92 89 45 148 291 180 260 127 288 345 125 160 134 87 176 77 314 60 245 84 346 248 235 187 37 268 137 149 293 363 43 168 284 74 82 327 100 311 134 245 66 25 342 157 189 91 212 190 102 260 108 146 112 291 274 160 150 350 181 341 199 147 112 102 310 199 284 271 188 103 107 183 173 269 141 139 144 352 310 66 196 39 331 254 214 325 286 219 319 163 232 117 177 70 199 109 387 50 224 124
 216 399 297 202 313 342 108 273 177 305 115 144 231 65 52 296 257 80 209 247 257 168 15 183 229 421 173 81 106 181 124 411 306 50 336 201 259 304 208 321 283 19 63 138 367 356 134 275 314 1 191 256 280 234 241 261 315 72 187 242 168 296 148 387 322 233 252 367 131 220 321 251 446 115 356 219 323 247 188 249 105 125 11 21 180 282 192 150 341 305 377 366 161 173 142 71 311 350 334 75 308 228 326 386 234 245 128 331 325 169 308 187 281 231 254 376 36 256 316 235 124 88 116 129 284 59 186 272 82 67 342 388 76 304 322 174 266 100 319 98 250 291 32 159 182 233 127 132 270 63 256 308 204 288 60 156 372 77 318 151 313 192 309 353 107 232 283 189 244 243 305 143 152 140 418 308 355 76 142 347 247 353 282 150 160 24 112 207 208 180 190 246 163 302 162 240 83 309 114 224
 167 278 184 195 133 157 203 153 221 153 158 75 85 133 241 126 149 124 234 82 321 74 182 22 40 281 23 205 115 30 82 284 125 231 213 241 168 166 22 132 208 178 237 66 287 265 166 107 243 191 1 96 102 102 144 96 311 161 234 170 51 206 66 269 332 294 300 230 231 214 160 65 301 118 282 93 141 95 97 209 141 138 196 171 84 96 128 63 288 301 251 227 261 232 266 181 141 256 247 254 293 192 278 239 62 81 253 330 136 111 165 225 298 196 91 270 164 192 128 202 132 203 82 134 231 137 129 121 116 194 284 232 228 279 202 90 150 114 171 99 194 229 219 150 246 158 87 117 150 137 257 325 162 103 203 143 221 168 148 113 359 105 306 224 108 299 96 29 75 239 173 189 110 57 286 321 205 171 86 238 309 274 114 268 49 213 259 29 78 92 286 254 213 191 62 135 270 268 206 236
