NAME : domp220p55v4
COMMENT : (Deleplanque et al.) 
TYPE : DOMP
DIMENSION : 220
DISPLAY_DATA_TYPE: NO_DISPLAY
OPEN_FACILITIES : 55
COST_SECTION
 1 233 429 305 207 240 183 54 316 268 456 230 319 268 341 275 241 360 178 362 403 196 361 88 169 291 49 321 319 345 294 335 271 449 386 367 275 55 181 14 312 335 300 260 315 261 376 184 203 89 32 446 402 313 131 57 315 421 90 166 415 390 294 448 21 193 109 148 165 281 306 392 286 433 314 227 130 59 302 16 202 379 227 326 262 318 370 225 68 205 399 318 119 54 254 76 436 205 73 225 253 230 103 257 257 355 245 331 145 65 263 223 318 353 279 149 394 251 346 308 412 180 138 278 379 296 174 307 63 368 137 161 132 138 53 432 62 168 164 350 334 316 317 299 40 226 195 408 361 312 20 360 180 466 421 251 99 108 31 297 177 418 273 281 190 251 178 368 223 334 163 129 293 279 319 329 145 402 396 175 360 213 295 199 225 305 345 479 327 323 250 460 416 481 116 230 378 75 384 301 237 301 135 241 305 280 106 259 256 206 426 194 338 374 194 110 254 349 270 247
 233 1 331 249 300 328 151 190 211 161 324 219 169 261 415 68 338 339 60 264 310 127 364 146 71 225 280 341 273 270 195 399 319 351 238 229 171 287 159 237 265 198 68 201 113 283 216 62 233 196 211 320 338 80 119 187 83 342 218 98 361 236 225 344 220 232 164 96 219 331 170 290 157 340 108 306 133 178 86 248 171 295 50 100 49 184 234 238 181 48 347 90 241 219 84 194 349 293 169 9 230 95 133 369 282 445 18 100 143 187 183 177 242 404 56 261 298 30 437 115 360 234 293 219 298 133 125 76 244 410 227 84 173 207 197 350 184 145 74 146 430 168 337 149 267 150 41 365 315 318 232 194 243 350 357 277 300 239 204 129 267 300 183 60 125 337 67 402 73 126 185 270 134 58 283 321 217 329 236 251 155 255 243 122 337 147 406 349 304 90 172 326 279 364 128 200 335 208 330 239 183 342 127 24 369 349 169 64 369 271 308 269 160 220 211 126 372 198 375 46
 429 331 1 128 289 283 252 423 125 180 66 204 165 179 282 271 296 131 361 72 28 249 168 375 367 140 468 191 120 87 146 263 231 21 112 109 170 469 252 442 125 135 320 170 241 205 137 311 239 342 399 53 60 328 323 424 343 35 347 297 78 120 136 20 410 250 324 386 274 232 163 42 176 12 249 272 315 409 272 439 230 52 286 373 288 148 104 217 366 302 80 362 331 380 248 354 25 284 368 331 181 246 384 321 209 318 342 349 292 367 173 209 113 244 362 316 37 305 314 231 82 265 361 152 53 201 270 318 386 235 306 380 299 297 378 32 372 268 368 231 318 165 191 183 436 214 328 97 96 174 414 157 270 44 62 212 415 341 408 206 291 42 165 290 256 281 315 221 268 245 268 346 199 365 128 152 293 46 129 281 231 241 137 250 314 187 260 70 135 329 187 70 78 57 338 200 97 357 79 130 195 221 312 352 255 260 326 269 321 262 40 274 189 129 240 383 329 141 314 287
 305 249 128 1 172 175 134 303 64 91 169 77 122 60 210 206 188 92 263 69 101 139 123 258 267 25 342 115 24 42 63 191 129 146 135 114 82 343 132 317 18 104 263 53 197 92 145 212 113 217 274 156 101 275 209 304 289 117 220 189 119 144 27 147 285 124 202 281 147 135 106 95 105 130 204 158 197 289 220 314 109 77 200 319 217 101 114 91 243 209 104 307 205 254 171 230 132 165 247 246 54 155 270 218 95 247 264 300 173 244 67 90 26 183 294 191 94 230 241 183 118 139 237 33 76 145 157 264 259 183 179 278 176 171 254 128 249 150 266 206 240 120 113 126 310 106 233 119 68 90 288 149 144 168 121 96 289 215 284 150 167 127 68 228 146 175 214 172 178 210 143 221 140 297 37 81 166 99 156 156 212 118 11 142 202 135 193 186 60 280 80 173 141 182 222 76 88 231 87 12 77 134 196 273 170 164 203 197 218 141 134 151 162 138 114 271 225 125 214 209
 207 300 289 172 1 35 152 235 221 205 338 113 262 113 137 293 41 180 277 240 264 180 168 215 274 175 226 126 172 210 206 129 72 305 300 279 205 222 144 220 168 258 346 161 310 85 304 240 78 140 186 325 242 360 195 238 370 268 124 204 246 308 180 308 192 74 155 272 82 80 243 263 230 288 315 23 178 226 318 209 140 240 260 395 294 247 279 89 175 253 232 384 91 158 256 153 286 8 187 293 126 227 236 71 81 157 317 386 160 171 180 148 195 147 355 59 261 296 148 297 242 67 85 165 238 264 176 350 145 162 85 278 134 99 173 279 178 156 271 334 138 259 123 252 192 177 265 233 199 127 188 300 58 332 258 78 145 101 203 268 36 296 191 312 180 46 237 164 240 329 115 82 259 357 162 150 88 249 319 50 343 60 164 186 39 263 139 354 158 369 177 343 311 345 197 133 208 143 221 175 155 100 182 320 99 74 151 278 70 35 303 32 299 298 96 241 74 279 78 279
 240 328 283 175 35 1 179 269 230 222 337 129 276 116 103 318 14 165 309 241 260 206 146 249 306 182 256 106 170 209 218 96 55 297 307 286 220 253 171 253 167 269 371 174 330 83 314 270 99 174 220 323 232 386 227 272 397 259 158 234 233 316 187 302 226 98 188 306 112 58 258 262 246 281 336 23 210 261 341 241 164 237 287 422 320 260 286 104 210 281 219 411 125 191 280 187 277 39 221 322 137 251 270 47 80 124 345 411 191 205 195 168 199 116 383 93 258 323 115 317 229 96 112 174 234 282 204 375 178 131 119 310 166 132 207 270 212 185 303 353 105 273 104 269 223 198 295 218 190 113 221 312 88 327 246 80 172 135 236 287 70 295 205 337 206 12 267 134 266 349 145 113 277 385 158 136 121 241 327 82 360 78 168 212 32 280 106 350 150 394 194 342 314 340 230 150 196 177 211 180 172 76 214 350 67 43 184 302 46 58 302 61 315 308 120 275 53 290 49 305
 183 151 252 134 152 179 1 173 135 87 275 75 142 121 265 143 189 211 142 182 226 29 228 125 143 115 226 198 154 170 113 250 170 272 205 186 94 229 9 194 146 154 194 83 166 136 198 96 82 100 152 265 234 209 76 173 219 249 113 63 252 210 118 270 163 82 75 153 75 182 127 213 108 257 169 157 65 158 169 195 27 204 109 244 143 138 189 90 117 104 236 232 117 138 107 110 262 146 117 145 93 77 137 222 134 295 168 234 41 119 81 45 141 256 205 125 216 145 287 154 250 86 168 103 205 129 29 199 153 265 94 152 55 75 130 259 123 17 141 196 280 140 194 125 198 45 121 249 199 178 170 185 96 286 254 129 199 122 158 132 123 237 91 161 28 187 95 258 88 186 42 145 124 207 159 186 81 231 218 106 205 104 125 35 191 134 257 297 175 217 68 278 234 301 89 62 218 117 219 127 59 195 63 173 219 199 77 127 221 122 246 122 170 195 61 138 225 171 227 128
 54 190 423 303 235 269 173 1 304 252 443 233 297 275 371 238 272 369 132 353 397 179 376 53 122 286 95 338 321 341 282 363 292 443 367 350 260 102 173 52 313 317 257 255 281 275 354 148 213 99 53 434 403 268 106 5 270 419 112 139 419 370 289 441 53 204 103 99 177 303 286 384 267 428 280 253 111 16 265 67 196 375 192 278 223 300 354 233 64 169 403 271 145 81 223 85 433 232 58 182 256 204 58 292 271 389 200 285 133 67 252 216 312 378 231 177 388 210 380 276 417 194 177 274 376 270 156 264 102 392 155 112 130 149 63 430 60 157 118 317 369 295 334 276 93 212 154 414 365 325 64 337 197 457 423 265 148 135 36 270 202 407 261 242 172 280 141 390 192 299 164 163 268 231 323 340 159 401 375 195 327 228 294 180 259 281 372 467 335 279 239 446 400 472 89 228 383 93 387 298 230 322 114 195 331 307 103 224 291 226 416 217 311 354 200 65 291 328 304 209
 316 211 125 64 221 230 135 304 1 56 141 111 61 116 273 157 243 148 238 55 101 127 183 255 244 49 359 178 83 63 23 254 188 145 81 59 46 361 137 328 79 42 212 64 140 149 85 188 151 232 285 131 128 223 201 304 237 132 241 174 153 89 44 141 297 160 209 262 176 196 48 84 55 132 148 211 195 290 166 328 117 85 164 268 172 40 61 133 251 179 140 256 234 270 128 242 140 214 250 210 95 122 262 274 152 310 224 247 174 253 55 96 42 246 249 227 90 188 303 126 153 174 275 57 88 90 149 212 281 245 207 256 187 193 264 140 256 150 244 145 302 59 175 70 329 93 204 159 114 152 302 86 181 154 147 151 319 241 292 95 209 104 45 179 134 232 191 233 145 151 160 255 86 252 98 142 193 118 99 194 150 162 66 127 255 78 256 164 120 226 67 145 101 169 217 97 133 248 124 54 83 196 191 234 232 224 211 152 274 187 113 196 100 79 142 260 281 63 272 168
 268 161 180 91 205 222 87 252 56 1 192 94 59 120 284 116 234 182 183 109 156 74 212 201 189 67 312 196 114 110 36 266 191 200 119 100 11 315 91 279 107 68 173 52 113 150 112 133 129 186 237 183 178 186 148 252 200 185 199 119 201 124 66 196 248 135 160 207 144 201 42 139 26 187 120 201 143 237 132 280 77 138 113 229 127 52 104 119 202 125 187 217 198 225 81 196 195 198 200 159 90 69 208 267 151 319 175 211 124 204 30 60 82 263 204 197 145 140 312 99 200 147 244 64 141 62 97 175 238 266 172 202 141 155 216 194 207 101 189 132 308 56 193 48 284 43 150 205 155 171 255 101 156 209 198 149 282 204 242 67 185 158 24 138 81 226 136 256 92 130 120 222 57 207 127 168 157 170 132 169 140 146 87 73 242 59 270 216 149 191 29 195 150 223 164 74 175 203 170 80 51 206 139 184 240 227 163 107 267 171 166 176 95 109 114 206 273 85 268 120
 456 324 66 169 338 337 275 443 141 192 1 241 158 226 344 259 350 193 363 101 81 265 231 393 371 173 499 251 168 130 163 325 286 67 87 98 184 500 277 468 172 131 300 200 221 256 111 317 280 371 425 15 124 306 339 443 320 100 379 309 143 91 168 57 437 290 349 392 311 289 162 76 180 74 229 323 334 428 254 468 256 101 284 349 278 148 93 259 391 303 144 339 369 410 245 382 86 332 390 326 220 250 398 377 259 381 333 323 313 393 195 235 147 307 347 357 80 296 376 214 146 305 405 185 105 193 288 296 419 299 342 385 326 331 404 95 397 290 372 202 380 159 251 179 468 232 329 161 155 232 442 133 311 39 126 261 454 378 432 197 335 43 185 276 273 335 321 285 270 220 298 387 193 350 180 211 329 109 94 323 200 285 178 265 367 179 323 26 192 305 208 6 47 47 355 233 160 387 142 167 221 279 330 343 315 317 351 261 377 309 36 319 168 106 276 396 385 127 371 280
 230 219 204 77 113 129 75 233 111 94 241 1 149 47 200 195 141 140 216 141 177 93 154 191 217 69 266 125 91 118 94 183 104 223 191 170 92 267 70 242 83 146 251 49 203 65 193 168 41 142 200 229 173 265 147 234 277 193 144 137 188 199 74 223 210 50 131 226 71 115 131 170 118 206 209 108 133 219 216 238 50 153 172 304 200 135 171 26 171 172 171 292 129 178 156 155 208 106 176 213 25 130 206 175 65 233 235 291 108 170 68 43 95 186 270 118 170 207 225 189 185 65 165 57 153 154 102 254 183 193 103 226 103 94 179 204 176 89 215 225 220 146 121 141 234 74 192 182 134 104 213 188 72 243 193 60 214 138 211 159 99 200 78 216 97 134 168 186 149 221 69 147 149 273 91 113 90 174 209 84 232 54 67 98 150 152 189 260 104 272 66 246 208 258 158 22 151 156 156 76 44 125 133 241 154 137 131 181 174 79 208 86 187 188 37 208 180 167 176 187
 319 169 165 122 262 276 142 297 61 59 158 149 1 167 329 107 289 208 207 104 147 123 243 245 215 102 364 236 142 121 62 310 240 184 74 61 58 368 147 328 138 31 157 103 81 200 58 161 186 241 288 152 183 167 192 296 181 181 255 159 208 75 99 177 299 193 212 237 203 249 19 126 35 174 89 256 190 282 110 332 135 137 127 212 124 22 66 174 252 147 196 200 255 278 88 249 185 254 248 170 141 96 247 321 202 366 179 189 175 255 83 119 102 304 198 256 135 142 358 69 208 205 303 106 141 37 146 156 294 304 230 229 196 213 267 187 258 154 216 85 356 4 233 23 338 99 172 217 173 210 307 44 214 183 200 200 339 261 291 42 243 132 72 127 130 279 166 293 114 91 178 281 36 201 158 202 216 171 80 227 91 202 122 121 298 23 313 183 180 169 87 160 112 196 209 130 192 257 181 112 109 251 186 189 286 276 216 106 321 227 140 233 41 58 172 244 327 33 321 124
 268 261 179 60 113 116 121 275 116 120 226 47 167 1 165 231 129 95 262 127 153 138 108 236 263 68 301 81 60 97 107 147 74 196 192 171 115 300 116 281 56 156 288 69 233 34 200 213 66 181 239 213 139 302 193 277 314 162 179 183 149 201 73 198 249 77 175 272 104 83 150 151 142 179 239 99 179 262 250 275 96 129 213 343 238 149 171 44 213 216 133 331 158 215 193 195 179 107 219 257 33 170 252 160 37 200 278 327 154 211 92 85 84 146 312 139 149 248 193 218 146 91 184 62 127 181 149 291 216 151 134 272 146 131 220 173 217 135 261 249 190 164 77 165 267 113 237 141 96 58 250 200 94 221 157 37 239 169 251 186 113 184 99 253 142 117 213 142 191 249 112 169 176 314 54 67 124 142 212 104 255 63 53 142 144 175 151 242 61 308 96 231 200 235 204 63 111 194 119 65 80 87 179 285 121 110 174 219 160 84 191 96 207 193 76 254 167 177 158 227
 341 415 282 210 137 103 265 371 273 284 344 200 329 165 1 393 101 152 402 264 265 289 115 349 401 228 354 98 195 231 268 21 97 290 340 321 279 349 258 354 197 314 449 233 397 136 354 360 184 275 321 330 223 464 323 373 475 250 260 325 212 350 232 297 327 187 287 403 208 86 312 275 306 276 403 120 306 362 413 341 245 247 370 503 398 310 319 178 311 368 205 491 226 293 355 288 268 140 322 409 196 329 370 93 136 38 432 489 285 306 256 242 234 41 468 195 268 405 33 382 208 190 208 225 243 345 292 452 279 56 219 407 263 231 309 259 314 274 398 412 39 327 100 328 321 273 385 194 191 122 322 358 183 323 229 140 266 237 338 350 171 307 263 414 291 92 358 68 347 413 237 213 340 470 179 138 220 237 362 180 418 163 209 294 118 339 24 351 160 470 260 349 334 333 327 220 186 279 204 220 241 79 309 437 47 68 284 379 94 152 311 159 370 346 205 374 99 335 78 386
 275 68 271 206 293 318 143 238 157 116 259 195 107 231 393 1 329 297 120 207 252 115 327 189 130 182 322 310 229 219 146 376 297 290 173 166 124 328 151 281 222 137 58 164 47 258 150 92 219 218 248 255 285 72 147 236 85 286 238 114 309 170 180 283 258 221 185 155 217 308 112 232 104 280 43 295 154 225 29 289 155 240 49 114 20 125 171 218 214 71 296 102 253 249 39 220 291 286 204 71 199 68 182 362 258 427 75 97 153 219 143 152 194 376 93 266 240 39 418 48 309 228 306 179 244 71 126 60 271 380 233 144 183 213 231 293 218 144 132 82 413 107 306 90 304 122 88 315 268 285 269 128 237 287 303 254 325 254 245 66 265 238 140 23 117 324 98 370 59 63 183 282 74 96 242 283 221 274 170 248 91 240 202 110 332 85 381 284 264 78 136 260 214 300 160 174 288 233 280 195 153 316 148 85 347 331 190 18 361 261 245 263 93 155 199 176 366 134 365 30
 241 338 296 188 41 14 189 272 243 234 350 141 289 129 101 329 1 176 316 254 272 216 155 254 314 195 255 115 183 222 230 97 66 309 320 299 232 250 181 253 180 282 382 187 342 96 327 279 111 178 222 336 244 397 234 275 407 271 161 243 243 329 200 314 227 109 195 312 121 68 270 274 259 293 347 35 218 264 353 241 175 249 297 432 330 273 299 116 214 291 230 421 128 193 291 191 289 46 226 331 150 262 276 34 93 118 355 422 199 209 207 180 212 119 393 96 271 334 110 329 240 105 109 187 246 294 214 386 178 135 124 317 173 139 210 281 216 194 310 365 99 286 114 281 222 210 304 228 202 124 222 325 96 339 257 93 168 138 239 299 76 308 217 348 217 17 276 139 277 361 154 113 289 395 171 148 128 253 340 89 373 90 181 222 22 292 107 363 162 405 206 354 327 352 237 162 207 180 222 193 184 85 221 359 71 48 190 313 34 69 314 70 327 321 131 281 40 303 38 316
 360 339 131 92 180 165 211 369 148 182 193 140 208 95 152 297 176 1 348 121 114 223 40 330 351 116 390 63 69 91 153 133 111 140 198 182 174 389 207 373 76 185 354 140 286 102 217 298 158 274 331 179 73 366 285 370 380 101 271 271 69 209 118 147 341 168 268 362 196 109 194 125 196 126 293 159 272 356 310 366 185 98 290 410 308 187 180 137 306 298 57 398 246 307 262 288 119 177 312 336 119 245 345 197 106 189 355 390 246 305 158 170 107 115 385 222 118 321 184 272 65 181 261 121 93 234 237 355 305 109 224 361 240 223 313 110 311 226 350 292 188 206 64 215 356 193 321 54 42 54 342 226 182 173 83 111 320 257 345 240 193 156 159 319 228 160 299 95 268 298 206 252 230 388 57 32 216 86 220 189 296 149 97 227 196 224 130 200 37 370 168 198 186 184 297 150 35 286 53 103 160 94 271 363 126 134 267 288 197 162 160 175 246 208 170 347 205 203 188 300
 178 60 361 263 277 309 142 132 238 183 363 216 207 262 402 120 316 348 1 291 338 126 368 93 12 240 224 339 286 291 218 389 309 381 279 267 193 231 148 181 278 234 127 211 166 277 260 52 220 155 159 357 359 138 84 129 139 367 178 80 380 279 241 376 167 216 127 37 197 321 203 320 187 369 162 288 100 121 142 193 167 320 81 149 102 218 271 230 133 61 365 141 205 172 120 150 377 271 120 53 232 116 76 345 275 430 69 154 119 140 198 180 261 397 101 230 327 85 421 165 379 215 256 231 322 173 115 135 197 406 197 25 144 179 148 376 135 130 15 201 412 206 335 185 214 158 36 381 330 319 179 239 222 386 379 270 253 201 150 170 242 335 202 117 121 318 50 400 95 181 166 234 172 102 294 326 190 352 281 228 210 241 255 123 312 186 396 388 312 148 185 365 318 400 86 201 350 165 348 254 189 335 96 64 357 335 133 110 345 253 343 249 207 262 199 69 347 238 354 92
 362 264 72 69 240 241 182 353 55 109 101 141 104 127 264 207 254 121 291 1 48 178 159 305 297 73 402 167 73 34 75 244 192 92 79 63 99 403 183 373 75 75 260 102 184 159 98 241 179 275 331 89 80 270 252 354 284 79 281 226 106 89 69 89 342 189 255 315 211 197 97 32 108 79 192 226 244 339 213 372 161 34 217 315 223 84 60 158 297 232 96 303 269 313 181 287 87 233 298 263 120 176 313 283 162 301 276 292 222 299 102 140 47 231 299 257 36 239 295 171 107 204 304 86 38 138 200 259 321 227 243 310 231 232 309 87 303 198 297 181 297 103 165 119 371 143 258 116 80 144 347 110 211 105 97 163 354 278 339 143 235 60 95 228 185 240 245 214 199 192 201 287 135 302 87 126 229 68 101 223 184 185 78 179 269 124 244 120 105 272 116 106 74 120 268 134 96 290 82 67 126 191 241 286 228 226 257 204 283 209 68 219 136 89 177 312 290 89 278 220
 403 310 28 101 264 260 226 397 101 156 81 177 147 153 265 252 272 114 338 48 1 224 152 349 344 113 441 171 94 60 121 245 207 47 103 96 146 442 226 415 99 117 303 144 225 180 127 288 213 315 372 67 50 312 297 397 327 36 320 272 73 113 109 47 383 223 298 362 247 210 142 23 154 32 233 247 289 383 255 413 203 25 264 357 268 128 91 190 340 279 69 346 305 353 227 328 40 259 341 309 154 223 359 299 184 301 322 333 265 341 147 182 86 228 344 289 13 285 297 214 76 238 335 126 27 182 245 301 359 220 279 357 272 270 351 41 345 242 344 218 300 146 171 163 410 189 305 89 75 152 387 145 243 69 60 187 388 314 381 187 265 44 140 272 231 257 291 207 245 231 241 320 180 347 103 131 266 33 123 255 219 215 111 225 290 168 243 92 112 314 161 86 78 83 312 173 81 330 63 103 168 200 286 332 235 238 299 249 299 236 48 248 175 119 213 358 306 126 292 266
 196 127 249 139 180 206 29 179 127 74 265 93 123 138 289 115 216 223 126 178 224 1 243 129 129 117 242 217 161 171 105 273 193 269 191 173 83 245 37 207 153 140 167 87 139 157 180 77 108 119 166 256 238 182 75 179 192 249 135 50 258 195 119 266 177 108 90 143 103 205 110 209 91 255 142 184 70 164 141 209 45 203 82 218 115 123 176 112 130 80 242 206 143 156 79 127 261 173 127 122 107 50 136 249 156 320 144 207 52 133 78 54 141 278 180 153 213 119 312 128 256 114 195 107 205 106 24 171 173 285 121 140 77 101 145 259 135 33 128 170 305 121 213 104 216 36 100 257 206 195 185 166 123 280 258 151 222 146 170 107 151 230 85 133 8 213 77 278 61 159 69 171 101 182 168 201 108 233 201 134 179 130 131 7 218 112 280 289 187 190 64 269 223 295 91 76 226 136 225 131 64 216 66 150 243 224 94 99 248 149 238 149 147 179 87 135 252 154 253 101
 361 364 168 123 168 146 228 376 183 212 231 154 243 108 115 327 155 40 368 159 152 243 1 340 370 146 387 43 101 129 186 97 96 175 237 221 204 385 223 374 107 221 384 165 319 102 255 319 164 279 334 217 109 397 299 377 410 136 272 289 99 247 149 183 343 172 277 379 200 90 228 165 228 162 326 146 285 364 342 366 202 137 316 440 337 222 218 145 312 321 90 428 244 308 291 293 154 166 320 361 137 271 357 171 105 151 380 422 260 310 185 190 142 77 412 217 157 348 147 305 94 183 251 149 133 267 255 385 303 69 225 379 249 227 317 145 317 242 368 327 152 241 46 248 353 216 343 80 81 52 342 264 182 209 115 111 311 255 349 273 188 195 188 349 248 139 319 56 293 332 216 245 262 415 87 45 218 123 259 187 332 150 126 248 176 257 93 237 64 402 194 236 225 219 309 169 72 288 91 134 183 71 285 388 96 110 275 316 172 157 199 169 282 246 179 359 179 240 160 327
 88 146 375 258 215 249 125 53 255 201 393 191 245 236 349 189 254 330 93 305 349 129 340 1 84 239 136 304 277 294 233 338 263 395 316 299 210 142 127 94 269 265 213 208 231 240 302 98 178 77 67 384 358 225 54 52 228 373 98 87 375 318 242 393 75 171 64 69 145 275 235 335 216 381 230 230 62 38 216 103 150 328 142 240 175 248 303 196 46 119 359 232 130 82 172 67 386 210 31 138 213 152 24 279 237 371 158 244 86 52 204 170 265 351 193 160 340 164 362 225 373 163 174 228 329 218 106 220 108 363 131 79 92 120 58 383 46 109 80 267 352 243 300 224 122 163 108 372 322 289 88 285 168 408 378 231 163 123 59 218 180 357 212 194 121 259 91 360 140 249 125 155 216 194 280 302 131 355 324 170 276 195 249 129 245 229 347 416 294 235 190 396 350 423 38 184 340 81 343 252 183 292 65 155 307 283 67 174 278 199 366 191 259 302 162 30 279 277 289 160
 169 71 367 267 274 306 143 122 244 189 371 217 215 263 401 130 314 351 12 297 344 129 370 84 1 244 214 340 289 296 224 388 308 388 287 274 199 221 149 171 281 241 138 215 176 277 269 57 219 149 150 365 363 149 80 119 149 373 172 82 384 287 245 383 158 215 123 27 195 320 210 326 194 375 172 285 97 111 153 183 169 326 90 158 112 225 279 231 125 69 369 151 200 164 129 143 383 268 112 64 234 123 66 342 275 428 79 165 117 132 203 182 266 396 111 226 333 96 419 174 383 213 250 235 328 181 116 145 190 406 193 15 141 176 140 382 127 131 5 211 410 213 336 193 205 162 45 385 334 320 170 248 220 393 384 270 245 196 140 179 239 342 207 128 124 316 54 400 102 191 165 228 180 111 297 328 187 357 290 225 220 240 259 126 308 194 396 396 315 158 189 373 326 407 80 203 354 158 352 258 192 335 94 74 356 334 128 119 341 251 350 246 216 271 199 59 344 247 351 101
 291 225 140 25 175 182 115 286 49 67 173 69 102 68 228 182 195 116 240 73 113 117 146 239 244 1 330 135 49 56 42 209 141 159 126 105 58 331 114 303 42 89 239 32 174 102 133 189 108 203 260 161 121 251 189 286 265 135 209 167 141 135 6 158 271 118 186 259 139 149 86 103 82 144 181 164 178 272 196 301 91 90 176 295 193 83 106 89 228 185 126 283 197 241 147 216 148 168 230 222 50 131 250 227 104 264 240 276 155 228 43 71 28 203 270 186 105 206 257 160 140 133 234 14 91 122 136 240 249 204 171 256 160 160 239 145 233 131 243 186 256 100 132 104 299 83 210 142 92 109 275 133 140 177 142 103 282 206 269 128 165 132 44 204 124 184 191 193 154 189 129 215 117 272 61 103 157 117 146 152 192 117 22 120 208 114 212 193 83 256 56 177 140 192 203 62 112 218 109 15 57 150 176 248 185 177 187 172 227 142 140 151 143 126 104 250 234 110 225 185
 49 280 468 342 226 256 226 95 359 312 499 266 364 301 354 322 255 390 224 402 441 242 387 136 214 330 1 346 355 383 337 351 294 487 430 411 319 10 223 44 348 379 347 301 363 290 421 232 235 128 77 488 437 359 179 98 361 458 123 213 449 435 334 487 66 225 153 192 198 303 351 432 332 471 362 247 176 104 350 34 243 418 275 371 310 363 414 258 114 253 433 364 145 90 301 118 474 225 120 272 290 278 149 265 286 363 291 377 190 110 305 264 357 371 324 171 434 298 355 356 446 211 146 317 418 343 220 355 86 387 167 205 173 173 98 469 108 212 210 398 342 362 343 345 35 270 243 440 396 340 58 406 209 506 456 280 92 134 78 344 201 459 315 329 235 267 225 388 271 382 202 145 340 324 353 359 178 439 442 202 408 242 332 245 236 351 361 520 360 369 293 502 459 521 164 269 411 113 418 339 278 324 182 287 322 298 150 307 264 231 468 219 385 420 230 156 261 394 279 294
 321 341 191 115 126 106 198 338 178 196 251 125 236 81 98 310 115 63 339 167 171 217 43 304 340 135 346 1 98 134 176 78 55 202 243 224 190 344 192 334 101 218 367 146 307 65 257 292 127 240 295 237 135 380 267 340 393 163 232 260 131 253 138 208 303 135 241 347 162 49 220 179 216 187 314 104 251 326 327 325 174 152 293 422 318 216 223 111 274 296 119 410 203 268 272 254 181 124 283 336 113 250 323 135 68 135 357 406 227 272 168 165 138 69 391 176 173 327 129 293 127 144 209 134 148 255 226 369 262 71 186 348 213 189 278 172 279 211 338 320 131 233 5 237 312 193 316 115 97 27 302 263 142 234 145 74 270 215 310 261 146 212 174 331 221 99 291 62 270 323 181 203 250 394 83 42 180 147 265 147 326 111 115 222 136 248 79 261 63 386 175 256 238 245 276 142 97 249 114 125 160 32 252 364 65 72 239 298 135 117 217 128 276 249 145 325 143 239 125 307
 319 273 120 24 172 170 154 321 83 114 168 91 142 60 195 229 183 69 286 73 94 161 101 277 289 49 355 98 1 40 86 175 120 137 146 127 106 355 151 332 9 122 286 75 219 88 160 235 122 232 289 155 84 298 229 321 312 104 233 210 99 156 50 139 300 133 219 302 158 125 128 93 128 120 226 156 217 307 242 328 128 70 224 342 241 121 126 99 260 232 83 330 215 268 195 245 121 166 264 270 67 179 290 211 92 232 288 323 192 260 91 110 42 165 317 198 90 253 226 205 98 147 243 55 68 167 178 287 271 164 190 300 192 183 269 115 265 169 288 227 226 140 96 148 322 128 256 97 46 73 302 166 152 162 103 94 297 225 300 173 172 126 91 251 167 169 236 152 202 232 158 228 162 320 17 61 178 85 168 163 232 122 31 164 199 157 176 183 39 303 102 173 146 176 242 94 66 245 67 35 98 120 215 296 157 154 219 220 211 144 133 155 182 152 126 291 219 142 206 233
 345 270 87 42 210 209 170 341 63 110 130 118 121 97 231 219 222 91 291 34 60 171 129 294 296 56 383 134 40 1 76 211 160 105 111 93 100 384 169 357 43 96 274 87 201 127 127 240 154 257 314 116 69 285 243 341 299 80 261 220 92 121 53 106 325 165 241 312 188 164 110 55 116 90 209 195 233 327 228 354 146 36 222 330 233 100 91 132 282 234 78 318 246 294 188 270 93 204 285 268 95 178 305 251 131 268 284 308 210 283 95 126 31 199 310 232 53 248 262 188 92 180 278 68 36 151 191 273 300 195 220 308 215 211 293 90 288 186 295 204 263 120 132 132 351 136 259 97 53 110 329 137 185 127 89 133 330 256 323 157 208 88 90 240 178 208 243 182 201 212 183 262 148 313 54 94 207 63 132 197 207 158 52 173 238 140 211 146 72 288 108 134 107 141 258 115 71 272 62 45 112 158 231 293 194 193 241 213 251 180 95 191 158 119 154 305 258 114 245 228
 294 195 146 63 206 218 113 282 23 36 163 94 62 107 268 146 230 153 218 75 121 105 186 233 224 42 337 176 86 76 1 250 180 166 99 78 26 339 115 306 80 53 202 46 134 140 99 168 134 210 263 153 143 214 180 282 228 150 220 153 167 106 39 162 275 142 187 242 157 188 45 105 44 152 142 198 173 268 158 306 96 103 147 258 159 43 80 118 229 160 153 246 214 248 114 221 160 199 228 194 82 104 240 263 142 305 209 238 152 231 33 75 49 244 236 208 110 173 298 120 166 155 256 46 105 82 127 202 260 245 187 237 165 173 242 159 234 128 224 145 295 59 173 63 308 71 186 171 123 150 281 96 164 176 163 140 299 221 270 88 192 126 23 168 113 220 171 234 127 148 139 236 78 239 100 143 173 135 116 177 151 147 62 106 242 73 252 186 122 218 46 166 123 191 195 79 143 226 136 53 62 190 169 218 226 216 189 138 263 172 134 180 102 94 123 239 269 74 262 153
 335 399 263 191 129 96 250 363 254 266 325 183 310 147 21 376 97 133 389 244 245 273 97 338 388 209 351 78 175 211 250 1 82 271 320 301 261 346 243 348 177 294 432 215 378 119 334 345 170 266 314 311 204 446 310 365 459 232 252 311 194 330 213 279 320 174 276 391 196 70 293 255 287 258 385 110 294 353 396 336 229 228 354 487 382 291 300 163 302 353 186 474 219 286 338 279 249 132 313 394 178 313 359 95 119 58 416 472 272 298 237 225 215 27 452 188 248 389 52 364 190 178 205 206 223 327 278 435 273 44 209 394 251 220 301 241 305 260 385 394 56 308 80 310 317 256 370 176 172 103 316 339 172 305 211 124 264 230 331 332 162 287 244 397 276 85 344 54 331 394 224 208 321 455 160 119 209 218 342 170 400 149 189 279 116 320 11 332 140 453 242 330 315 315 316 203 167 270 185 200 224 61 296 422 33 57 273 362 96 140 292 148 351 326 191 363 102 315 81 369
 271 319 231 129 72 55 170 292 188 191 286 104 240 74 97 297 66 111 309 192 207 193 96 263 308 141 294 55 120 160 180 82 1 244 262 242 187 292 163 284 119 229 353 141 303 42 272 264 90 194 247 272 179 368 231 294 379 205 184 230 179 272 146 249 255 95 200 312 119 13 222 211 214 228 309 51 215 281 318 275 148 185 273 407 302 222 241 82 229 272 166 395 153 219 259 208 224 71 239 313 102 233 283 92 41 130 336 393 192 226 163 146 154 90 372 124 207 309 122 289 175 101 156 135 182 252 197 356 211 101 138 315 173 145 231 216 233 180 306 321 118 237 52 237 260 177 289 164 137 59 252 273 96 274 192 44 216 164 262 257 95 244 171 318 195 51 263 99 251 320 144 151 247 374 107 83 135 188 283 98 328 70 124 198 86 247 89 298 97 374 165 291 265 286 238 124 142 201 157 136 146 31 217 341 51 37 197 283 93 67 251 78 280 265 111 286 100 250 87 290
 449 351 21 146 305 297 272 443 145 200 67 223 184 196 290 290 309 140 381 92 47 269 175 395 388 159 487 202 137 105 166 271 244 1 127 127 190 488 272 461 143 154 338 190 259 220 153 332 257 361 418 57 68 346 343 444 360 41 365 317 81 135 156 12 429 268 344 406 292 245 182 62 196 17 267 287 335 429 290 459 250 71 306 390 307 168 122 235 386 322 86 380 350 399 268 374 23 300 388 350 199 266 404 334 224 325 362 366 312 387 193 229 132 251 381 333 57 325 322 249 84 283 378 172 71 220 290 335 405 241 324 401 319 316 397 32 392 288 388 247 327 184 202 202 455 234 348 100 108 186 433 173 287 35 63 228 433 360 427 225 308 56 186 309 276 294 335 227 288 262 287 364 218 384 144 164 312 57 143 298 246 258 156 270 328 206 268 64 149 347 207 71 90 45 358 220 106 376 89 149 215 232 332 372 265 272 345 289 334 279 52 290 207 146 259 403 342 159 326 306
 386 238 112 135 300 307 205 367 81 119 87 191 74 192 340 173 320 198 279 79 103 191 237 316 287 126 430 243 146 111 99 320 262 127 1 22 113 433 209 397 146 52 215 143 136 225 27 234 230 304 355 84 150 222 263 367 236 137 316 231 175 11 121 118 366 239 279 309 255 269 82 83 101 122 144 289 259 352 168 398 192 105 199 266 192 69 22 213 319 219 168 256 311 343 160 314 135 293 317 240 175 168 319 351 228 377 247 241 242 322 131 172 110 308 261 306 93 210 371 128 177 253 354 136 110 108 214 212 356 304 285 301 259 270 334 140 325 219 288 121 372 75 241 95 402 161 244 188 158 219 374 48 261 117 162 228 397 319 360 111 288 72 120 190 198 308 239 291 187 137 236 334 108 264 162 203 271 134 23 274 120 242 140 189 333 94 320 112 181 222 141 88 42 129 279 177 172 321 157 128 160 265 255 257 302 298 281 176 351 267 77 275 83 20 221 316 358 42 348 194
 367 229 109 114 279 286 186 350 59 100 98 170 61 171 321 166 299 182 267 63 96 173 221 299 274 105 411 224 127 93 78 301 242 127 22 1 93 414 189 378 126 35 212 122 133 204 35 220 209 285 336 92 139 220 246 350 234 131 296 214 165 31 100 119 348 218 260 296 234 249 66 74 85 119 141 268 241 335 164 379 172 93 188 265 184 52 6 192 301 207 156 254 291 323 148 295 131 272 299 230 153 154 303 330 207 358 239 240 223 303 110 152 89 290 256 285 84 202 352 123 166 232 333 115 98 97 195 210 336 287 264 288 240 250 315 135 306 200 275 123 352 62 222 82 383 142 232 177 143 200 354 50 240 122 154 207 376 298 341 102 267 73 99 184 180 287 225 274 173 137 215 313 97 259 143 185 250 125 42 253 124 221 119 171 312 83 302 122 163 221 121 100 52 136 262 155 158 301 144 107 139 246 237 249 282 277 262 166 330 246 80 254 81 27 200 301 337 33 327 185
 275 171 170 82 205 220 94 260 46 11 184 92 58 115 279 124 232 174 193 99 146 83 204 210 199 58 319 190 106 100 26 261 187 190 113 93 1 322 97 286 99 62 181 48 119 146 108 143 129 193 244 175 168 194 157 260 207 175 204 128 191 118 57 187 256 136 168 217 147 197 40 129 28 177 126 199 151 246 139 287 81 128 123 238 136 47 96 117 209 135 177 225 201 231 90 202 185 197 208 169 86 79 217 265 148 315 185 219 131 211 26 63 72 257 213 200 135 150 307 105 191 148 247 57 130 67 105 182 244 260 176 212 147 160 223 184 215 108 199 135 304 55 186 51 291 50 161 195 146 164 262 99 157 199 188 145 287 208 250 72 186 148 17 146 90 224 146 249 102 135 125 226 62 216 118 160 161 160 126 170 142 146 79 82 242 61 264 207 141 199 31 187 142 214 173 73 166 209 160 72 52 201 147 194 235 223 170 116 265 170 157 176 96 104 116 215 271 80 266 129
 55 287 469 343 222 253 229 102 361 315 500 267 368 300 349 328 250 389 231 403 442 245 385 142 221 331 10 344 355 384 339 346 292 488 433 414 322 1 226 51 348 382 354 302 368 288 424 237 235 130 82 489 437 366 184 106 368 458 124 218 448 438 335 488 71 225 156 200 198 301 354 433 335 472 367 244 181 111 355 40 245 418 280 378 315 366 417 258 118 259 432 371 144 92 306 120 474 222 125 279 290 282 156 260 284 358 298 384 194 114 307 266 358 367 331 169 435 305 350 360 445 210 142 319 418 347 223 361 85 383 167 213 175 173 102 469 113 215 217 403 337 365 340 348 34 273 249 439 395 338 61 410 208 507 456 279 86 133 84 348 198 461 317 335 239 263 231 385 275 387 203 142 344 331 353 358 178 439 445 200 412 241 333 248 232 355 357 522 359 376 295 504 461 522 169 270 410 114 418 340 280 321 186 294 319 294 153 312 259 229 469 217 389 423 231 163 256 397 274 300
 181 159 252 132 144 171 9 173 137 91 277 70 147 116 258 151 181 207 148 183 226 37 223 127 149 114 223 192 151 169 115 243 163 272 209 189 97 226 1 192 143 158 202 83 174 129 202 103 75 96 150 266 232 217 79 173 227 248 108 69 250 214 117 270 161 74 74 157 67 175 132 213 113 257 177 149 67 158 177 192 24 203 117 252 151 142 192 83 116 111 234 240 111 135 115 107 261 137 117 153 89 85 140 214 128 288 176 242 42 117 83 44 141 250 213 118 217 153 279 162 248 78 161 102 204 136 35 207 148 258 87 158 51 68 128 258 121 20 147 203 272 145 188 131 194 50 128 247 196 172 167 190 87 287 252 122 193 115 157 138 115 238 93 169 36 179 102 252 97 194 34 138 131 215 155 182 73 230 222 98 212 97 123 43 183 140 250 299 171 225 70 280 237 302 92 59 215 113 217 126 58 188 65 181 212 192 75 135 213 114 247 114 176 200 54 141 217 175 219 136
 14 237 442 317 220 253 194 52 328 279 468 242 328 281 354 281 253 373 181 373 415 207 374 94 171 303 44 334 332 357 306 348 284 461 397 378 286 51 192 1 324 345 305 272 322 274 386 190 216 101 44 457 415 317 140 56 319 434 103 174 428 400 307 460 33 206 120 150 178 295 316 404 297 445 321 241 139 61 308 18 213 392 234 328 268 329 381 238 78 212 412 321 132 67 262 88 449 218 81 230 266 239 106 269 270 367 248 334 156 76 274 235 330 366 281 163 406 256 359 316 425 193 149 290 392 305 184 312 76 381 150 162 144 151 65 445 73 179 167 358 347 326 330 308 46 237 200 421 374 325 33 370 193 478 434 265 108 121 38 306 191 430 284 287 200 264 184 381 231 341 175 141 302 281 331 343 158 415 407 188 367 226 307 209 238 314 358 490 341 327 261 471 427 493 124 243 391 88 397 313 249 314 144 244 318 293 118 266 268 219 438 208 347 385 207 113 266 359 282 253
 312 265 125 18 168 167 146 313 79 107 172 83 138 56 197 222 180 76 278 75 99 153 107 269 281 42 348 101 9 43 80 177 119 143 146 126 99 348 143 324 1 119 279 67 213 85 158 227 116 224 282 158 91 292 220 314 305 111 226 202 107 155 43 144 292 126 211 294 152 124 123 97 122 126 221 153 209 299 236 321 120 75 216 336 234 117 125 93 252 225 91 323 208 260 188 237 127 162 256 262 59 171 282 210 89 234 280 316 184 252 83 102 39 168 310 192 94 246 227 199 106 141 237 48 73 161 170 280 264 168 183 292 184 176 261 122 257 161 280 222 227 136 98 142 315 121 248 105 54 75 295 163 146 167 111 90 291 218 293 167 167 130 84 244 159 167 228 156 194 227 151 222 156 313 21 65 171 92 167 157 227 117 23 156 196 152 179 188 44 296 95 177 148 181 234 86 74 238 75 28 90 121 207 289 157 153 211 213 210 139 137 150 178 150 119 282 217 139 205 226
 335 198 135 104 258 269 154 317 42 68 131 146 31 156 314 137 282 185 234 75 117 140 221 265 241 89 379 218 122 96 53 294 229 154 52 35 62 382 158 345 119 1 187 98 110 189 48 187 185 253 304 124 154 197 212 316 211 151 265 181 180 57 84 147 315 193 227 262 207 237 32 96 51 144 118 250 208 302 140 347 142 108 155 241 154 18 39 170 268 174 169 230 262 292 116 263 155 251 266 198 133 120 269 314 192 351 209 218 190 271 82 123 81 286 229 259 105 172 344 98 180 207 307 96 112 67 162 185 305 285 236 255 208 221 283 157 274 168 242 109 343 31 216 50 351 110 199 189 148 193 322 46 215 154 171 191 348 269 309 72 243 103 71 157 147 271 191 273 140 118 186 286 65 232 138 182 222 141 65 228 112 199 107 138 293 53 296 156 160 198 91 133 86 168 228 130 166 270 154 95 111 236 204 219 273 265 230 136 314 224 111 232 63 43 174 267 320 22 312 154
 300 68 320 263 346 371 194 257 212 173 300 251 157 288 449 58 382 354 127 260 303 167 384 213 138 239 347 367 286 274 202 432 353 338 215 212 181 354 202 305 279 187 1 221 80 314 190 122 273 257 277 298 338 16 181 254 27 337 278 153 363 210 237 330 286 274 224 163 267 365 165 281 159 329 72 349 192 245 48 315 209 292 88 57 53 177 217 273 245 102 351 45 297 283 96 256 340 339 234 76 256 122 200 415 314 482 61 41 197 252 200 208 249 433 51 314 290 53 474 90 363 280 350 236 296 123 173 9 307 437 280 150 227 260 262 343 249 192 141 102 469 158 363 143 333 178 106 370 323 342 298 168 289 331 356 310 363 297 271 118 316 284 197 36 167 379 128 428 107 82 233 327 127 53 299 340 269 326 207 299 108 295 259 161 384 136 437 324 321 25 193 300 256 343 192 230 343 270 335 252 210 373 186 69 403 387 229 71 414 314 290 315 133 196 252 193 418 180 419 68
 260 201 170 53 161 174 83 255 64 52 200 49 103 69 233 164 187 140 211 102 144 87 165 208 215 32 301 146 75 87 46 215 141 190 143 122 48 302 83 272 67 98 221 1 164 100 145 161 88 174 229 188 152 235 157 255 248 166 181 137 171 151 35 189 241 97 155 229 114 150 84 132 74 175 171 154 147 240 182 271 60 121 152 277 173 87 124 73 197 159 156 265 171 212 127 186 179 154 199 197 39 107 219 220 101 269 216 260 123 198 23 39 59 213 248 164 135 184 261 150 170 111 212 21 122 113 105 223 221 217 145 226 130 132 208 177 202 100 214 182 258 100 143 97 270 54 182 171 120 122 245 140 119 207 172 99 257 179 238 118 146 160 32 186 94 178 162 207 129 181 100 192 108 251 84 121 131 148 161 132 189 102 45 90 197 108 219 220 104 241 30 204 163 222 171 35 140 189 139 45 26 155 145 224 189 176 156 153 220 127 168 134 142 139 79 219 226 119 220 163
 315 113 241 197 310 330 166 281 140 113 221 203 81 233 397 47 342 286 166 184 225 139 319 231 176 174 363 307 219 201 134 378 303 259 136 133 119 368 174 322 213 110 80 164 1 263 112 135 234 252 287 219 263 88 185 280 103 260 271 151 288 132 172 251 298 238 220 201 238 313 93 204 93 251 9 309 190 268 33 330 171 216 91 133 66 102 138 228 252 114 277 122 281 285 64 256 262 303 244 117 202 92 226 376 263 432 117 109 185 257 142 163 180 375 126 290 213 84 424 15 289 246 333 174 221 53 155 78 306 377 259 190 213 240 269 265 257 171 178 37 420 82 304 72 342 134 133 297 252 282 308 89 256 252 280 260 358 284 286 48 285 205 135 57 143 336 141 367 93 21 207 310 58 129 233 276 246 250 129 268 46 253 195 134 348 63 382 246 256 90 139 222 177 264 200 182 272 268 261 186 160 319 184 128 352 338 224 59 375 276 211 280 54 117 215 221 381 101 378 76
 261 283 205 92 85 83 136 275 149 150 256 65 200 34 136 258 96 102 277 159 180 157 102 240 277 102 290 65 88 127 140 119 42 220 225 204 146 288 129 274 85 189 314 100 263 1 233 230 63 178 234 242 159 328 203 276 340 184 171 197 165 234 106 224 243 71 177 283 99 52 182 180 173 204 269 69 187 263 278 266 113 157 236 368 264 182 204 47 211 236 150 356 146 208 220 192 202 80 219 277 62 194 258 127 5 170 299 354 163 209 122 107 117 122 335 121 177 271 162 248 161 82 162 95 154 212 164 317 205 130 125 285 149 126 216 195 216 147 275 281 159 197 61 196 255 138 255 153 115 52 242 234 82 248 175 10 220 157 248 217 93 214 130 279 160 84 230 124 213 280 117 151 206 337 78 71 117 165 246 89 287 49 86 162 112 207 125 270 75 335 125 260 231 261 211 85 126 188 138 98 106 61 188 305 91 78 175 244 127 62 220 74 240 227 80 261 134 211 124 251
 376 216 137 145 304 314 198 354 85 112 111 193 58 200 354 150 327 217 260 98 127 180 255 302 269 133 421 257 160 127 99 334 272 153 27 35 108 424 202 386 158 48 190 145 112 233 1 217 232 297 345 109 172 197 250 353 211 162 310 217 198 21 128 144 357 240 269 291 253 279 72 106 91 148 119 295 248 339 144 389 187 127 180 241 169 61 38 216 309 201 190 230 308 335 141 305 160 297 306 218 179 152 304 359 236 391 224 215 232 312 129 169 121 324 237 305 116 188 384 104 199 253 353 141 132 88 203 187 349 321 282 283 252 266 324 165 315 210 270 95 384 61 255 79 394 154 225 211 177 232 364 23 262 142 186 235 393 315 349 91 290 98 117 166 187 316 222 308 169 111 231 332 90 240 175 218 268 157 22 275 95 245 149 178 339 76 335 135 196 197 137 111 67 154 266 176 192 313 178 137 157 277 243 235 314 308 272 154 359 270 103 278 59 9 221 301 365 28 357 173
