NAME : domp260p65v10
COMMENT : (Deleplanque et al.) 
TYPE : DOMP
DIMENSION : 260
DISPLAY_DATA_TYPE: NO_DISPLAY
OPEN_FACILITIES : 65
COST_SECTION
 1 409 359 93 200 384 112 255 288 199 389 143 253 462 474 122 349 337 68 242 235 305 50 331 480 216 285 306 178 288 188 363 336 318 30 445 360 311 384 162 200 388 386 367 372 412 297 205 389 215 269 456 268 362 478 276 350 205 207 215 235 194 298 330 239 352 117 390 443 276 168 478 284 398 393 368 436 351 237 386 391 338 355 379 329 110 362 470 204 147 403 356 187 225 405 351 148 391 287 270 286 304 327 509 288 343 300 424 407 383 357 245 531 454 201 23 160 396 210 203 266 370 260 155 357 81 123 406 324 133 255 414 220 279 364 382 356 256 125 131 189 372 287 155 319 306 415 524 425 165 441 379 169 302 201 239 174 343 321 191 197 208 375 412 157 218 314 381 231 194 301 442 434 245 160 376 87 382 479 351 356 178 172 245 301 425 242 364 246 254 271 392 103 497 478 128 283 252 259 354 305 281 494 440 362 494 294 147 327 289 131 363 57 378 240 266 400 291 188 491 122 94 186 279 375 147 383 345 344 371 380 310 217 217 190 467 376 257 256 438 214 366 475 276 333 234 412 428 398 327 287 98 425 331 261 18 139 371 495 281
 409 1 111 322 210 175 330 225 241 214 209 296 286 55 72 303 215 132 346 195 184 157 377 282 101 293 295 223 236 283 283 58 74 177 380 94 141 99 113 272 317 30 70 284 246 64 113 318 45 215 254 122 147 51 81 263 191 208 298 261 259 259 145 105 256 158 307 158 132 210 244 74 181 39 40 168 103 261 174 162 155 74 85 171 104 341 264 93 207 292 23 114 264 210 136 139 298 88 178 254 271 246 211 102 178 288 130 128 8 132 71 293 126 86 237 389 258 38 203 233 309 138 226 292 130 352 287 17 184 341 283 40 275 137 134 143 143 156 320 279 290 70 193 304 234 203 173 119 54 245 64 279 293 108 220 243 260 73 263 248 258 231 208 104 254 309 168 262 281 278 261 39 26 168 320 132 349 120 108 131 271 272 323 217 149 68 173 131 236 156 202 125 315 96 96 283 271 194 207 100 119 317 96 147 109 88 149 273 221 318 313 76 354 33 214 255 107 194 231 113 297 316 235 134 53 319 261 211 264 151 208 310 198 230 243 93 265 280 154 81 281 142 72 181 324 308 117 41 65 324 236 313 33 286 149 394 305 111 90 180
 359 111 1 285 179 255 306 130 281 191 105 226 313 142 176 276 105 26 292 204 179 200 338 336 129 199 189 115 212 176 199 125 99 70 331 90 214 95 27 203 225 83 45 348 138 68 109 225 136 146 287 98 146 110 188 298 81 158 308 172 278 259 62 154 161 48 278 61 87 111 214 146 215 138 135 61 209 323 140 244 240 77 33 67 42 270 329 119 177 222 90 185 261 213 55 208 225 179 215 151 165 138 101 179 214 178 160 69 116 35 136 193 192 103 234 337 200 135 183 230 205 216 254 218 201 289 239 97 75 264 311 85 290 146 26 43 214 115 250 233 293 150 231 226 124 96 85 188 85 206 174 347 288 101 159 263 248 118 153 243 177 230 282 202 210 213 64 154 300 281 306 146 124 158 314 31 285 28 125 200 161 267 238 235 189 78 165 206 142 127 232 39 282 159 129 236 309 211 231 16 64 211 152 88 5 186 66 213 277 211 242 38 303 107 229 153 42 92 172 138 266 268 218 134 132 241 332 274 153 228 284 201 184 150 235 116 334 309 133 189 189 35 176 91 214 210 55 98 56 214 131 263 143 339 121 347 234 191 161 87
 93 322 285 1 113 294 44 202 203 109 333 105 176 376 385 33 296 266 56 151 144 213 56 252 400 188 257 255 88 255 152 274 249 256 67 367 269 225 311 112 183 304 306 287 325 332 211 188 299 148 186 381 178 274 389 195 292 128 133 173 152 107 225 239 196 287 28 324 371 220 79 393 193 309 303 304 345 269 152 295 300 253 276 315 250 105 280 390 117 108 318 264 100 133 335 259 115 299 196 228 250 260 273 423 196 309 209 352 320 312 267 218 446 374 110 77 94 307 121 111 243 278 173 119 265 83 51 321 264 130 178 331 140 189 294 314 265 175 104 55 111 282 197 128 271 250 351 439 343 80 351 298 89 216 131 153 83 254 281 101 149 117 286 320 76 197 249 338 153 112 220 353 347 156 93 306 87 310 399 260 316 92 158 155 209 344 152 273 196 170 181 320 13 413 397 53 203 160 169 278 226 260 410 370 288 405 222 88 240 268 105 283 49 291 150 224 325 232 118 411 30 36 94 190 285 129 299 257 303 280 291 284 127 160 99 387 294 179 170 347 181 298 386 210 309 212 339 344 317 304 240 43 337 253 177 76 108 279 409 216
 200 210 179 113 1 216 129 134 163 19 245 111 168 264 275 100 215 163 140 75 48 128 168 224 288 162 213 181 35 207 131 165 138 166 171 256 181 113 205 93 173 191 195 251 249 220 99 178 191 73 156 272 71 163 280 169 203 37 146 130 131 94 123 136 147 190 102 226 264 144 37 280 118 200 194 209 245 227 40 213 215 140 165 220 141 149 237 278 6 110 205 168 94 67 231 171 119 198 121 172 197 195 193 311 120 250 109 246 208 209 159 183 333 263 72 180 65 198 22 68 210 189 126 116 174 151 80 209 176 160 168 219 134 83 192 212 178 65 132 71 126 176 130 130 199 169 253 327 231 36 244 257 115 104 56 121 75 144 219 75 109 72 220 222 47 178 156 264 148 116 188 243 235 49 140 203 150 205 288 169 250 96 162 101 120 233 49 182 135 57 119 216 108 301 285 75 180 88 109 170 117 226 298 265 181 295 121 80 185 232 126 172 145 180 93 169 218 148 55 299 90 108 44 80 177 143 251 196 237 195 225 241 32 98 67 275 248 167 58 243 149 197 276 121 265 188 232 231 206 261 174 106 227 226 64 184 121 183 297 127
 384 175 255 294 216 1 277 314 113 205 359 326 166 208 183 264 350 264 340 148 168 88 339 125 271 365 398 339 218 388 340 133 158 299 359 267 43 172 269 307 382 188 229 115 387 234 167 386 132 269 134 295 158 148 177 135 328 240 201 331 160 192 249 106 339 298 268 314 304 311 231 230 103 137 136 314 99 97 204 14 22 180 223 321 223 362 96 265 211 324 192 72 199 164 298 52 334 88 100 353 376 360 337 241 100 414 118 296 168 286 120 380 269 259 184 370 280 138 196 183 403 41 128 330 56 358 285 189 310 375 163 212 179 147 280 296 44 209 346 277 208 110 98 345 355 319 334 261 228 244 140 108 223 172 261 150 212 138 383 194 315 178 36 80 257 382 288 404 175 198 120 172 188 172 242 283 359 275 279 58 403 208 375 140 98 240 170 50 321 195 114 284 283 250 265 281 138 136 126 240 217 416 255 317 255 203 251 294 74 421 340 220 339 157 145 352 270 302 266 282 264 307 206 158 129 358 88 55 392 28 35 421 186 295 196 265 93 159 184 120 352 289 185 277 441 389 283 214 230 439 343 308 157 128 192 367 336 67 241 280
 112 330 306 44 129 277 1 237 177 119 364 147 143 384 388 31 329 290 96 144 146 204 64 220 414 229 297 289 97 295 193 278 258 286 93 383 258 236 333 151 225 314 322 256 360 347 220 231 302 179 158 400 184 280 391 165 322 152 97 211 124 86 249 238 235 314 31 351 392 254 94 402 180 312 306 332 339 240 168 281 286 265 293 343 269 148 251 404 131 149 328 258 79 126 358 249 157 295 184 266 289 296 306 430 184 347 208 374 327 336 269 258 455 389 99 104 129 310 129 102 284 267 152 161 256 125 88 331 294 173 145 343 109 193 318 339 254 193 147 89 78 282 181 170 306 282 377 448 356 103 351 268 58 227 160 130 73 259 319 88 188 107 265 314 104 239 277 373 120 83 190 358 354 163 52 329 129 333 415 251 353 70 201 139 202 359 158 263 232 184 165 343 36 423 411 89 172 150 153 298 245 301 421 393 309 409 247 127 217 309 148 299 86 298 136 262 346 263 149 425 43 79 96 197 288 172 272 236 340 267 270 325 133 194 90 402 265 146 182 344 221 323 390 239 350 254 360 355 333 345 276 86 341 221 191 95 151 272 418 245
 255 225 130 202 134 314 237 1 291 152 135 113 302 267 296 208 97 105 189 200 169 234 247 352 258 70 85 54 163 77 74 210 174 70 229 218 273 150 150 95 95 197 171 375 124 196 150 96 232 63 287 220 161 199 305 300 97 99 278 45 265 227 82 212 32 105 207 141 203 23 156 274 235 238 233 117 304 350 119 307 306 159 144 127 122 152 359 248 137 109 209 249 226 198 162 264 108 262 236 40 65 62 74 307 235 117 198 184 227 141 214 70 321 232 205 233 109 235 152 202 91 279 255 101 262 177 152 214 73 140 301 210 268 169 124 137 271 107 133 149 257 233 250 105 70 52 164 317 213 140 282 380 242 147 82 253 204 193 86 208 59 205 329 289 135 85 70 137 281 248 316 263 244 154 265 135 172 145 252 258 119 227 110 231 222 207 159 269 13 122 242 152 204 288 258 150 311 212 235 134 111 103 281 195 134 309 77 115 305 107 126 153 203 207 223 39 166 41 90 266 195 174 176 158 222 118 370 311 105 289 333 110 160 43 199 245 369 300 134 291 60 123 296 45 133 84 175 223 183 130 41 167 254 355 124 246 118 261 289 46
 288 241 281 203 163 113 177 291 1 146 375 264 54 288 274 171 355 279 255 92 123 86 240 62 340 324 373 330 148 366 292 185 190 302 266 325 114 187 303 251 333 241 272 90 392 287 173 339 199 233 22 350 141 196 271 24 337 197 90 292 54 97 250 139 307 313 176 340 352 295 161 309 67 208 204 332 201 68 173 121 129 209 254 341 241 290 79 332 159 263 251 132 104 97 333 110 273 169 68 330 355 348 336 329 69 404 123 339 235 315 171 345 357 322 103 277 221 207 143 104 372 122 38 272 120 279 210 250 312 308 51 271 71 138 303 323 110 191 279 203 101 173 51 286 348 313 365 349 287 178 231 98 121 181 218 51 124 177 372 108 271 98 92 176 191 339 290 408 64 95 27 253 261 140 135 311 281 307 346 116 400 112 319 63 96 296 134 123 294 174 51 317 191 331 336 206 31 80 57 267 224 387 334 361 282 295 250 232 43 393 275 254 251 212 71 328 309 293 217 353 176 225 133 150 189 296 97 63 387 114 97 400 134 259 114 331 92 47 164 215 311 311 276 265 423 350 324 278 277 420 328 228 235 65 176 271 272 141 323 270
 199 214 191 109 19 205 119 152 146 1 262 123 150 268 277 91 232 177 142 61 39 118 164 207 296 178 231 199 23 225 146 166 141 182 170 265 173 119 217 107 188 197 205 235 267 229 103 193 191 91 139 283 70 166 281 151 220 55 128 148 113 77 138 133 164 205 94 240 276 162 32 285 105 201 195 224 241 211 52 203 206 147 176 235 152 158 221 286 17 122 211 162 76 51 244 163 132 194 108 190 215 213 210 315 108 268 104 259 212 222 159 201 339 271 54 180 78 199 12 50 227 181 109 129 166 157 83 214 192 171 150 226 116 81 206 226 169 77 142 75 109 175 116 144 217 186 267 332 238 40 243 242 99 109 74 103 59 145 237 58 126 54 207 217 53 194 172 282 130 98 171 245 239 48 125 216 156 218 297 161 268 80 176 85 111 241 45 174 153 66 104 229 102 306 293 79 162 74 93 181 128 244 304 278 194 297 136 91 171 250 137 181 146 183 77 187 230 165 72 307 83 109 28 82 177 156 236 182 255 186 212 259 21 116 49 284 233 149 64 241 166 211 278 138 283 205 244 238 215 279 192 109 228 209 73 183 133 177 302 144
 389 209 105 333 245 359 364 135 375 262 1 247 400 225 265 334 42 98 323 291 262 299 381 433 183 187 140 86 279 129 205 229 202 81 363 147 317 193 97 229 211 183 140 448 45 151 205 209 239 186 378 131 236 214 277 390 43 214 388 176 364 336 128 256 154 63 334 52 109 115 276 220 311 240 237 46 310 422 214 348 344 180 137 40 139 285 429 177 246 243 187 288 337 296 79 311 242 283 310 127 123 95 63 250 309 100 258 97 214 78 240 166 252 165 312 367 240 237 256 308 163 319 344 235 305 311 283 193 71 269 399 175 372 238 80 67 318 191 267 279 369 254 327 237 77 85 51 251 168 263 272 448 359 197 205 350 319 222 91 318 193 309 384 305 261 194 91 57 384 358 401 240 216 241 384 79 306 90 173 303 77 340 234 323 287 155 248 310 144 206 325 85 334 225 186 281 401 300 322 120 152 160 215 93 106 269 129 248 376 157 260 142 337 210 316 131 105 102 216 186 322 307 288 226 236 249 434 375 77 332 387 138 261 175 309 174 435 397 216 289 182 71 264 126 139 183 100 184 146 142 105 301 240 436 203 380 252 294 231 120
 143 296 226 105 111 326 147 113 264 123 247 1 254 346 366 123 208 202 78 183 159 239 140 322 352 84 154 164 117 153 50 261 228 178 117 314 291 201 250 25 80 271 259 353 231 286 191 86 287 83 252 322 176 256 373 264 209 92 218 75 221 175 166 242 98 213 121 251 307 135 103 358 227 295 290 227 349 330 132 323 325 222 228 238 202 46 341 342 116 5 285 276 170 171 267 281 12 302 230 130 149 164 185 391 230 208 217 288 296 246 259 114 409 326 162 121 47 292 131 161 139 299 227 15 283 65 63 289 183 50 255 292 216 188 227 244 288 142 26 66 194 277 238 25 178 164 275 404 300 87 341 361 174 193 77 215 147 240 183 159 55 166 330 327 74 93 175 242 230 190 286 332 319 157 188 239 61 247 349 278 218 166 59 203 230 297 158 291 104 147 225 256 112 376 351 64 274 196 214 224 181 156 370 302 229 383 162 33 292 164 18 237 92 269 196 126 266 150 67 362 111 71 132 182 274 34 357 304 205 305 334 181 141 78 152 339 353 255 154 343 78 228 366 138 206 108 277 306 271 200 146 64 319 323 153 135 11 291 374 143
 253 286 313 176 168 166 143 302 54 150 400 254 1 335 324 145 376 307 231 110 140 130 204 79 384 324 380 346 144 374 289 229 228 323 235 365 165 220 336 246 329 283 309 115 412 327 205 335 246 240 35 389 168 239 322 31 360 204 47 295 38 81 273 182 313 340 150 370 389 310 155 356 106 255 251 359 253 102 189 174 181 245 288 369 272 273 112 376 166 255 294 181 85 107 366 161 265 219 108 339 365 361 355 377 109 417 161 375 280 347 216 348 405 364 98 246 216 254 151 101 375 174 62 265 171 257 195 294 334 295 4 313 39 169 333 354 161 211 265 190 67 220 94 278 365 331 396 397 329 173 281 128 89 213 223 52 109 218 386 98 273 98 142 228 184 338 312 428 25 67 53 301 308 160 94 342 260 339 389 167 416 90 312 79 137 337 153 174 303 195 85 350 164 378 380 193 33 103 83 300 252 392 380 396 314 345 273 224 94 398 263 290 224 256 85 337 345 311 219 396 153 204 129 180 234 286 134 114 403 167 147 408 144 265 106 374 127 7 186 267 312 341 326 283 432 350 360 322 316 428 341 208 283 79 198 236 262 191 371 288
 462 55 142 376 264 208 384 267 288 268 225 346 335 1 43 358 240 166 399 248 238 206 431 324 68 336 329 256 291 317 330 110 128 210 433 84 181 152 133 322 360 76 98 321 266 77 167 362 90 264 302 110 201 105 56 310 216 260 350 305 310 312 188 156 298 185 361 174 127 250 298 23 231 81 85 190 118 300 227 195 187 126 124 190 148 391 302 65 261 342 62 157 318 264 147 182 348 124 228 292 306 279 240 48 227 314 182 132 58 151 122 333 73 68 291 442 309 82 257 287 346 176 276 341 171 403 340 58 216 390 333 58 327 192 159 162 184 208 370 332 343 116 242 352 264 237 180 65 59 299 72 315 347 162 271 294 314 127 292 302 305 284 243 130 307 351 204 281 332 331 306 37 30 222 373 153 401 140 78 174 294 326 369 269 200 71 227 171 278 209 252 142 370 45 62 336 318 247 258 135 166 352 48 145 139 46 192 325 263 352 363 115 407 87 266 293 122 232 283 77 351 369 289 188 102 367 295 251 289 188 242 341 252 277 297 66 300 329 207 94 324 166 42 224 351 349 126 45 87 352 272 366 54 328 202 447 355 151 37 222
 474 72 176 385 275 183 388 296 274 277 265 366 324 43 1 364 277 199 413 248 244 198 439 304 107 363 363 290 298 351 354 112 140 244 445 126 163 167 171 342 387 100 132 297 305 115 179 389 87 285 291 151 208 113 14 297 253 277 344 332 303 312 215 152 327 221 367 213 169 280 308 58 224 77 83 228 87 278 240 170 162 144 154 229 174 410 278 106 271 362 88 144 317 265 187 165 369 106 221 323 339 313 276 59 220 351 182 173 71 189 121 363 87 109 292 455 326 79 265 289 378 156 268 362 155 420 353 83 250 411 322 93 321 197 195 200 166 225 390 345 340 109 233 374 299 270 221 79 98 310 45 289 346 175 289 288 317 132 328 303 329 285 218 104 320 380 236 320 324 328 290 35 53 230 372 191 418 178 118 159 332 326 394 264 194 111 234 153 307 223 245 181 378 73 102 349 304 245 252 167 190 385 81 187 173 22 220 342 245 386 383 145 419 98 263 325 161 263 301 115 358 382 294 196 101 389 269 231 326 167 217 376 259 301 299 107 275 318 219 64 351 203 3 252 388 379 166 82 123 388 304 379 49 308 216 458 375 134 62 251
 122 303 276 33 100 264 31 208 171 91 334 123 145 358 364 1 299 260 87 123 121 185 78 220 386 204 270 260 68 268 168 253 231 255 97 354 240 208 303 124 202 287 294 255 330 319 193 208 278 149 154 371 158 254 367 163 292 122 102 184 120 75 219 215 207 284 6 320 362 224 64 375 163 287 282 302 319 237 139 266 270 237 264 313 239 132 248 376 102 126 301 238 68 105 328 231 134 274 167 238 261 268 277 404 167 319 185 344 301 306 244 233 428 361 81 108 100 285 102 82 259 250 141 137 238 114 62 303 264 155 146 315 108 168 288 309 236 163 128 62 80 258 167 147 277 252 347 421 328 73 328 266 57 199 130 121 53 233 290 71 160 88 255 294 74 215 247 344 121 80 188 333 328 136 66 299 117 303 386 232 324 60 180 124 182 331 131 245 204 155 150 313 21 396 383 62 171 132 138 268 215 276 394 363 279 384 216 100 209 284 127 270 81 272 120 234 316 233 119 397 14 61 70 170 263 152 267 226 311 251 260 298 106 165 70 373 262 147 153 322 195 293 365 209 323 230 330 328 304 318 247 67 316 221 162 104 129 253 392 215
 349 215 105 296 215 350 329 97 355 232 42 208 376 240 277 299 1 89 284 268 237 283 343 414 208 146 103 45 248 92 165 225 194 54 324 168 308 180 107 190 170 187 147 432 38 164 189 168 239 151 355 159 215 211 289 368 25 182 359 135 339 308 107 245 113 58 299 72 138 77 243 239 292 241 238 51 312 406 187 341 337 173 135 54 129 244 414 200 216 203 194 280 307 270 100 301 202 280 292 86 84 55 24 270 291 75 243 122 220 90 234 125 277 186 284 328 203 239 228 280 125 311 322 195 296 271 246 200 43 229 375 186 346 220 83 80 308 166 227 243 340 250 308 197 36 48 84 274 182 229 278 433 328 182 171 325 288 214 57 289 154 282 373 304 226 154 66 55 358 329 381 249 226 217 352 87 265 100 199 293 57 310 193 299 271 170 224 302 105 182 305 100 298 247 210 244 379 278 300 118 136 124 238 124 107 285 106 210 360 122 220 142 298 210 292 90 120 68 181 212 287 269 258 207 234 208 420 361 50 323 376 106 233 138 280 197 421 373 193 293 142 75 277 95 113 143 120 196 155 114 65 263 247 417 180 341 212 288 251 89
 337 132 26 266 163 264 290 105 279 177 98 202 307 166 199 260 89 1 270 198 170 201 319 336 154 174 165 92 197 153 174 137 107 46 309 115 222 96 49 180 199 103 69 350 124 93 107 200 152 124 283 120 141 123 210 295 66 140 299 147 272 248 42 160 135 36 261 64 107 86 198 171 214 155 151 54 225 325 127 253 250 85 48 63 42 246 332 145 163 198 112 193 250 205 70 215 201 192 213 126 141 115 80 205 213 159 161 88 136 47 146 168 218 128 224 316 179 152 170 220 180 224 249 194 209 266 219 118 53 239 306 109 282 142 29 50 222 102 226 213 282 162 230 202 103 72 91 213 110 189 194 351 275 100 138 256 235 127 132 231 152 220 288 216 191 188 39 141 292 271 304 168 147 149 301 41 262 46 149 207 144 255 212 229 189 103 156 215 116 115 229 56 264 185 154 216 306 206 227 33 56 187 177 105 30 210 45 191 279 188 218 57 282 123 223 128 65 67 151 163 249 247 204 130 146 216 336 278 135 237 290 179 172 126 223 142 338 303 123 208 163 35 199 66 193 184 76 122 80 193 106 242 163 339 111 326 210 200 186 62
 68 346 292 56 140 340 96 189 255 142 323 78 231 399 413 87 284 270 1 194 180 256 66 306 414 157 227 240 125 228 125 304 275 252 41 378 311 248 317 95 145 325 320 341 308 347 236 151 329 148 239 389 209 301 418 249 284 140 187 151 205 159 231 274 175 285 82 323 376 210 112 414 238 339 333 301 382 322 174 340 344 274 289 312 263 57 333 404 144 82 339 303 152 177 338 302 85 336 241 207 225 241 261 445 241 283 245 357 345 315 298 187 466 388 158 46 94 336 153 158 210 320 223 91 306 30 61 343 258 83 232 350 194 221 297 315 308 192 65 69 165 315 244 94 255 240 348 460 360 105 383 351 143 240 134 205 133 283 259 150 131 164 335 358 94 162 247 319 207 166 273 380 371 187 146 309 35 315 413 301 294 145 118 203 250 359 185 314 181 192 229 325 68 433 413 65 257 205 217 288 240 226 429 373 296 432 227 80 291 234 69 297 16 317 197 203 333 224 121 425 81 34 136 219 315 90 352 307 282 323 340 253 162 150 146 402 346 233 195 381 153 299 414 209 278 178 345 363 332 272 223 35 365 307 199 58 76 318 431 214
 242 195 204 151 75 148 144 200 92 61 291 183 110 248 248 123 268 198 194 1 33 64 200 152 288 235 283 241 71 275 205 139 127 215 216 264 119 114 229 167 247 185 205 178 304 226 98 252 162 143 89 285 59 145 249 102 251 108 107 203 75 65 164 96 217 230 128 260 283 205 85 268 46 172 167 250 197 153 83 147 151 141 181 260 163 216 163 278 71 182 198 116 71 19 258 110 192 152 49 239 265 258 248 294 49 314 67 268 191 238 129 256 320 265 46 227 138 170 55 43 282 128 56 189 116 212 138 199 226 231 109 216 87 63 224 245 115 103 202 130 97 140 56 204 259 225 287 312 230 99 209 183 100 106 129 60 72 123 282 57 183 38 148 172 112 252 203 320 96 84 117 219 219 51 126 233 212 231 291 110 310 80 236 33 60 237 44 123 203 86 44 242 141 290 284 134 113 14 36 192 143 297 289 289 206 269 164 151 111 303 196 184 194 163 26 237 238 204 129 300 121 161 59 72 148 216 177 122 297 131 152 309 45 169 55 277 174 107 76 202 223 231 249 176 333 261 253 226 213 329 237 162 201 155 89 225 193 130 284 181
 235 184 179 144 48 168 146 169 123 39 262 159 140 238 244 121 237 170 180 33 1 81 197 184 272 205 251 209 57 244 176 133 113 184 207 245 135 94 204 141 218 170 185 209 273 207 78 223 157 112 121 265 39 135 247 133 221 77 130 173 103 82 135 96 186 202 125 233 261 174 69 257 72 167 162 221 203 184 51 166 168 123 158 231 138 195 194 262 43 157 184 124 85 36 233 125 166 157 74 208 233 226 217 285 73 282 67 245 181 212 124 225 310 248 57 217 113 165 29 53 251 143 88 163 128 195 121 186 195 207 139 200 113 48 197 218 131 72 179 113 116 139 85 178 227 193 260 302 214 78 208 214 113 85 98 89 77 113 250 67 154 52 173 179 91 222 173 289 124 103 149 213 209 22 140 207 194 206 274 123 279 92 209 64 73 219 15 136 172 56 75 217 135 278 268 117 145 45 67 167 116 266 277 265 181 264 134 127 141 272 173 163 183 152 57 206 215 173 101 284 116 147 52 52 143 191 206 150 266 148 178 278 19 138 61 260 204 137 48 204 192 204 245 145 301 231 230 212 194 297 205 146 196 187 60 218 169 139 273 150
 305 157 200 213 128 88 204 234 86 118 299 239 130 206 198 185 283 201 256 64 81 1 262 137 256 280 318 265 132 309 254 101 105 230 279 239 57 107 220 220 295 156 187 150 320 202 95 300 117 184 98 265 74 111 197 107 263 154 147 246 106 120 177 54 256 236 190 260 267 233 146 227 27 126 122 254 137 125 119 86 89 126 171 263 161 275 132 248 123 237 166 57 127 81 251 47 246 96 24 273 297 285 266 249 23 340 41 255 151 234 87 296 276 237 106 289 193 125 109 104 321 66 71 243 53 273 199 165 241 287 128 186 124 66 223 243 53 127 259 191 145 91 37 257 282 246 284 269 202 157 156 151 155 103 174 91 133 91 308 117 229 99 97 112 170 297 218 337 127 133 109 173 179 85 179 230 273 225 261 48 332 136 288 69 13 211 83 60 239 112 48 235 203 249 251 195 116 55 56 185 148 335 251 277 201 219 179 207 78 340 253 171 257 127 70 271 226 227 179 268 184 223 122 78 105 270 139 80 320 69 101 342 99 210 116 246 139 124 101 145 267 232 200 200 364 305 240 193 192 361 266 223 155 140 111 288 249 70 242 204
 50 377 338 56 168 339 64 247 240 164 381 140 204 431 439 78 343 319 66 200 197 262 1 282 454 221 292 300 142 292 188 328 304 306 39 421 317 280 364 154 211 358 361 318 369 387 265 216 353 198 221 434 232 328 443 228 340 181 158 213 187 148 278 292 237 337 74 375 424 267 133 447 240 363 357 354 396 303 207 342 346 308 330 366 304 122 314 444 171 144 373 315 141 182 387 308 149 351 243 269 288 302 320 478 244 347 262 405 374 365 320 252 501 429 158 48 143 361 175 159 275 327 214 154 315 92 100 376 313 148 206 386 172 243 346 366 313 229 130 106 140 335 242 159 315 297 401 494 398 135 404 330 120 271 182 192 130 308 322 147 191 165 328 371 130 227 299 380 182 146 253 408 402 210 111 358 98 363 454 309 357 132 183 200 260 399 206 322 240 224 226 373 63 468 452 104 234 209 214 332 280 291 465 422 341 459 275 133 280 300 134 337 51 345 196 265 379 280 169 465 82 75 146 244 339 155 334 298 344 327 333 318 181 207 147 442 328 208 225 399 217 349 440 261 343 243 392 399 372 337 284 81 391 282 231 34 140 330 464 266
 331 282 336 252 224 125 220 352 62 207 433 322 79 324 304 220 414 336 306 152 184 137 282 1 382 384 434 390 207 427 352 230 240 360 312 371 144 242 356 310 393 287 322 37 451 334 229 398 239 294 71 397 199 242 299 60 395 258 125 353 103 150 308 187 368 370 225 395 401 356 220 346 123 246 244 389 222 32 234 137 145 261 306 398 296 345 40 375 220 322 295 170 156 157 386 144 332 201 123 391 416 408 395 361 124 464 176 390 276 369 215 406 389 366 160 323 280 246 204 162 432 149 98 331 154 332 265 294 371 365 77 316 114 195 358 378 141 251 335 259 144 213 107 345 408 373 419 381 332 237 260 50 165 237 279 107 178 225 433 164 332 157 91 201 249 400 349 467 101 142 37 288 300 200 172 365 334 360 389 152 460 163 378 123 148 343 194 154 355 234 111 370 240 367 377 262 50 140 118 321 281 448 371 412 336 324 309 290 63 454 332 306 301 256 131 389 361 353 277 394 227 278 191 208 231 354 61 74 447 138 94 461 195 320 171 374 53 75 223 242 372 367 306 325 484 410 375 321 326 480 388 282 271 5 235 314 330 174 359 330
 480 101 129 400 288 271 414 258 340 296 183 352 384 68 107 386 208 154 414 288 272 256 454 382 1 326 306 234 318 294 327 156 161 192 451 41 240 179 109 329 352 104 95 382 227 69 195 352 144 270 353 54 234 147 120 362 187 276 393 300 356 351 187 203 288 160 388 137 75 237 323 50 279 137 140 158 185 360 249 258 251 150 126 154 153 397 363 11 285 348 92 214 355 302 109 239 352 185 277 274 283 254 214 71 276 280 225 87 107 122 170 317 70 27 327 459 322 137 285 323 325 236 324 345 229 414 358 92 194 391 382 73 371 227 136 130 243 226 376 351 383 170 292 354 238 217 134 69 59 320 138 377 384 188 281 340 348 168 263 338 305 321 305 195 326 340 189 239 378 371 361 102 84 253 411 127 410 115 13 231 258 362 365 313 248 57 259 230 269 231 300 111 395 45 7 354 371 289 304 129 176 328 35 93 125 102 192 336 321 327 369 118 424 130 309 277 93 218 294 13 377 387 319 220 153 369 358 310 255 249 305 312 283 278 332 14 362 379 233 160 316 140 106 219 319 334 89 64 84 320 252 383 116 386 225 466 360 210 53 215
 216 293 199 188 162 365 229 70 324 178 187 84 324 336 363 204 146 174 157 235 205 280 221 384 326 1 71 103 181 73 37 273 237 136 194 286 326 211 218 81 27 265 240 412 161 265 208 27 296 97 315 286 209 263 373 328 155 129 292 36 288 244 149 267 39 170 201 204 268 90 169 343 276 303 298 179 366 388 163 360 360 224 213 188 190 107 398 317 166 81 277 305 241 228 227 316 74 323 278 61 72 94 127 376 277 128 249 249 295 208 275 31 390 301 227 195 109 300 182 225 57 332 287 70 316 136 142 282 136 86 324 279 287 219 192 203 324 159 93 144 269 294 289 64 111 113 224 386 282 152 348 418 250 206 108 279 218 254 108 227 53 229 376 349 141 18 138 168 301 262 348 330 313 196 267 202 130 213 320 311 142 239 48 262 269 276 199 323 59 172 279 219 194 357 326 143 339 248 269 203 176 73 350 259 203 378 145 105 345 81 89 222 172 273 254 57 234 109 108 334 191 154 196 209 285 69 411 354 130 341 380 98 192 72 218 314 408 323 182 355 14 189 364 113 123 28 241 292 252 117 83 147 321 386 176 211 82 318 358 115
 285 295 189 257 213 398 297 85 373 231 140 154 380 329 363 270 103 165 227 283 251 318 292 434 306 71 1 75 238 13 105 289 254 120 264 266 357 231 200 147 87 266 233 459 104 254 233 83 309 142 368 259 245 277 374 381 121 178 353 88 344 303 157 295 68 148 268 173 239 90 229 332 319 314 309 149 382 434 203 391 389 236 211 155 195 176 443 298 217 150 276 332 300 279 199 348 144 343 320 47 25 53 93 365 319 60 282 222 299 185 294 41 374 283 283 265 172 311 232 280 25 362 337 139 345 206 210 282 115 154 380 273 345 254 173 177 355 192 163 210 330 313 333 134 70 94 186 371 272 212 356 463 313 229 158 333 278 273 50 284 112 284 414 368 203 69 128 107 359 322 399 332 311 237 332 181 200 194 298 342 78 300 115 312 306 263 242 353 81 207 325 196 262 343 307 209 392 295 318 197 189 23 334 226 192 374 154 171 389 24 159 220 242 282 304 48 215 103 163 312 258 224 253 242 300 139 454 395 69 372 418 29 241 116 276 295 453 379 218 367 77 167 363 124 54 53 218 285 243 49 60 216 326 437 209 281 153 343 346 122
 306 223 115 255 181 339 289 54 330 199 86 164 346 256 290 260 45 92 240 241 209 265 300 390 234 103 75 1 212 62 121 222 187 47 280 194 297 168 127 147 128 194 159 411 71 181 173 127 240 113 329 189 193 208 301 341 53 146 326 91 309 274 91 234 69 75 259 104 170 38 206 259 270 244 239 79 313 386 159 330 328 168 139 87 125 200 394 226 183 160 203 270 274 241 129 288 158 276 270 44 51 24 24 292 270 76 226 152 227 113 229 86 301 210 252 284 162 241 196 248 92 301 296 151 285 227 205 209 41 185 345 199 314 200 100 106 296 141 183 202 306 246 286 153 19 22 122 298 199 191 284 414 292 168 132 296 253 207 45 256 110 251 358 302 187 113 56 85 327 296 356 259 238 191 315 108 221 121 227 281 71 276 150 272 253 189 198 292 61 157 280 124 257 270 235 203 353 252 275 124 124 97 261 159 118 301 89 168 340 97 176 148 255 212 264 48 142 39 142 240 248 227 224 187 232 164 402 343 58 312 362 88 203 96 247 222 402 344 168 297 98 95 290 66 105 104 146 212 170 103 22 220 254 393 157 297 168 280 273 62
 178 236 212 88 35 218 97 163 148 23 279 117 144 291 298 68 248 197 125 71 57 132 142 207 318 181 238 212 1 233 147 187 164 199 150 288 188 141 238 105 188 220 227 237 281 251 126 193 213 101 137 305 92 188 302 149 237 67 116 153 108 65 157 153 172 224 71 260 297 175 15 308 116 222 217 243 259 214 73 217 220 169 198 254 174 147 225 308 36 117 233 180 63 56 265 178 126 213 119 199 224 224 225 337 119 279 123 280 234 243 180 206 361 293 48 161 74 220 34 45 233 197 111 125 183 142 68 236 209 163 144 248 108 103 226 246 184 98 133 60 95 195 124 139 230 201 287 354 261 31 264 245 82 132 82 100 42 167 248 47 130 51 217 236 44 196 190 296 122 86 171 267 261 70 106 236 142 239 319 177 280 64 173 88 127 264 66 190 163 88 110 249 80 329 315 64 160 83 99 203 150 249 326 299 215 319 155 85 177 256 129 204 127 205 81 196 251 181 77 330 61 92 16 104 198 150 241 190 267 200 222 266 40 124 38 306 237 143 86 260 169 231 300 154 291 208 265 260 237 287 203 92 250 209 95 162 126 195 325 160
 288 283 176 255 207 388 295 77 366 225 129 153 374 317 351 268 92 153 228 275 244 309 292 427 294 73 13 62 233 1 105 278 242 108 266 254 347 221 188 145 92 254 220 451 95 242 223 88 298 135 361 248 236 265 362 374 109 171 348 85 337 298 146 284 63 135 266 161 227 79 224 320 310 302 298 137 371 426 195 381 379 225 199 143 183 179 435 286 210 150 264 322 295 272 187 338 145 332 311 37 13 41 81 353 311 56 272 210 287 173 283 44 362 271 277 267 169 299 225 274 34 352 330 139 335 208 208 270 103 158 374 261 339 244 161 165 345 182 165 207 326 302 325 135 58 82 174 359 260 207 344 455 309 219 152 326 273 262 40 279 109 278 405 357 199 73 116 99 353 318 391 320 299 229 329 169 202 181 286 332 71 295 118 305 297 251 234 342 73 198 318 184 260 331 295 207 385 288 310 185 178 36 322 214 180 362 142 169 381 36 160 208 243 270 297 39 203 92 157 300 255 223 247 232 289 141 445 387 61 362 408 35 234 110 270 283 444 373 209 356 77 155 351 113 59 59 206 273 231 55 49 216 314 430 199 283 153 333 334 111
 188 283 199 152 131 340 193 74 292 146 205 50 289 330 354 168 165 174 125 205 176 254 188 352 327 37 105 121 147 105 1 257 222 143 164 288 302 195 221 45 43 256 237 380 185 263 189 48 282 74 283 292 184 249 363 295 169 101 257 31 254 210 143 246 53 178 166 215 275 96 135 339 247 289 284 190 349 357 138 335 336 212 208 200 183 81 367 318 135 46 269 283 206 196 234 292 41 304 249 83 101 117 143 373 249 159 225 256 284 214 258 66 389 301 194 166 75 286 151 191 92 309 255 35 292 108 107 275 146 67 290 274 252 196 196 210 299 139 64 108 234 277 260 34 133 125 237 384 279 117 335 387 215 189 80 246 183 237 135 192 27 196 348 330 106 50 142 195 266 227 316 321 305 169 232 208 102 217 323 288 170 204 41 230 244 275 172 300 63 149 248 225 158 355 327 107 306 218 238 200 166 109 349 268 203 370 139 70 315 117 58 217 140 260 222 79 237 114 77 336 155 119 162 187 270 45 381 325 158 317 353 133 161 54 184 315 378 289 159 340 29 195 355 110 158 63 247 288 249 152 102 112 309 354 154 181 50 297 355 113
 363 58 125 274 165 133 278 210 185 166 229 261 229 110 112 253 225 137 304 139 133 101 328 230 156 273 289 222 187 278 257 1 37 178 335 142 94 63 138 238 295 59 97 235 260 106 71 297 27 185 197 169 97 16 116 207 202 170 241 239 202 204 133 48 239 170 256 182 174 200 197 130 124 36 30 185 95 211 132 121 116 54 93 191 98 305 215 148 161 258 67 64 209 156 166 89 266 56 122 245 265 245 215 155 121 294 73 166 53 155 15 279 181 138 183 344 219 34 154 179 299 93 169 260 81 312 244 66 187 309 227 87 219 86 150 165 95 121 285 235 234 26 137 273 236 201 202 174 104 200 81 231 238 70 185 186 207 22 265 194 231 176 162 81 210 290 167 277 224 222 206 81 81 119 265 152 311 144 162 81 280 218 297 160 93 114 123 85 220 115 145 152 266 152 152 239 215 138 150 110 101 310 153 187 124 133 136 235 168 312 278 89 309 28 158 245 138 187 195 169 247 272 183 86 13 288 214 160 270 107 164 308 148 205 190 147 217 224 110 84 260 159 113 167 325 292 152 94 99 324 230 270 64 233 109 347 271 67 146 168
 336 74 99 249 138 158 258 174 190 141 202 228 228 128 140 231 194 107 275 127 113 105 304 240 161 237 254 187 164 242 222 37 1 145 308 138 116 29 117 205 259 59 83 251 230 100 40 261 61 150 198 162 75 29 146 209 172 138 233 203 197 190 98 56 203 141 234 159 163 165 171 145 125 68 63 157 131 226 102 148 144 23 68 165 66 272 231 152 134 225 72 87 195 141 147 110 232 90 123 209 230 210 182 175 122 260 68 151 72 132 42 243 198 139 167 317 188 66 130 164 263 119 167 226 104 281 215 74 154 275 226 89 212 67 124 141 117 87 252 207 223 60 139 239 202 167 181 191 104 173 114 249 224 36 152 181 189 21 231 178 196 161 183 116 181 254 133 247 219 210 213 107 99 96 251 128 279 122 164 102 248 203 261 153 95 111 101 109 184 84 144 132 243 167 158 211 219 130 146 84 65 274 165 172 99 159 101 204 180 277 245 67 281 43 149 209 122 152 163 173 224 244 162 62 49 254 234 176 238 131 186 273 126 169 172 150 236 223 81 119 224 133 141 131 291 256 136 100 89 290 195 241 92 244 77 321 238 95 162 133
 318 177 70 256 166 299 286 70 302 182 81 178 323 210 244 255 54 46 252 215 184 230 306 360 192 136 120 47 199 108 143 178 145 1 291 152 257 128 84 158 161 148 113 379 91 136 136 161 195 109 302 152 162 164 255 315 39 135 309 113 287 257 54 194 97 36 256 73 134 48 196 214 238 198 194 50 268 353 136 290 287 124 93 61 81 220 361 184 167 174 157 230 258 218 93 249 175 233 239 83 96 70 38 247 238 117 190 115 181 73 186 126 259 168 233 296 164 195 177 229 136 261 269 168 245 243 207 163 12 209 322 154 294 167 57 69 257 113 200 202 290 203 255 173 59 27 98 255 154 184 239 380 280 130 127 273 240 165 88 239 125 231 321 258 183 148 13 108 306 279 327 213 192 165 304 68 238 79 186 242 105 261 178 247 218 145 171 251 81 129 251 84 256 226 193 204 326 225 247 78 84 142 218 126 73 255 53 174 307 143 193 101 264 167 240 86 100 29 139 200 244 232 209 154 188 187 367 308 94 273 324 134 182 102 230 181 368 320 140 252 127 55 244 47 149 143 107 166 124 148 62 226 208 364 127 308 184 239 229 41
 30 380 331 67 171 359 93 229 266 170 363 117 235 433 445 97 324 309 41 216 207 279 39 312 451 194 264 280 150 266 164 335 308 291 1 416 334 282 356 135 180 360 357 348 348 383 268 186 360 187 248 427 239 333 450 256 324 176 189 191 214 171 270 302 214 325 92 363 415 250 139 449 258 370 364 340 409 331 208 361 365 309 326 351 300 90 342 441 175 122 374 329 164 198 377 325 124 363 262 246 263 280 301 480 262 321 273 396 378 354 328 224 502 425 176 12 132 367 182 177 246 343 237 131 330 60 94 377 297 115 237 385 200 251 336 354 330 227 102 102 170 344 262 132 294 280 388 495 396 136 413 359 148 273 172 217 149 314 298 166 171 183 351 385 128 198 286 358 212 173 281 413 405 217 144 348 66 354 450 325 333 156 153 220 274 396 214 338 220 225 246 364 78 468 449 99 264 226 234 326 276 262 465 412 334 465 266 119 305 270 107 334 28 350 215 242 371 264 159 462 96 65 159 250 346 126 362 322 320 345 356 290 189 190 164 439 356 238 227 410 191 338 446 248 314 214 384 399 369 308 263 69 397 313 232 18 115 344 466 253
 445 94 90 367 256 267 383 218 325 265 147 314 365 84 126 354 168 115 378 264 245 239 421 371 41 286 266 194 288 254 288 142 138 152 416 1 232 152 69 291 312 85 62 375 190 39 168 312 137 233 335 29 208 130 139 345 147 241 370 260 335 325 150 187 247 120 357 98 45 197 292 75 261 132 132 119 191 351 217 255 248 124 92 115 118 359 355 33 254 310 77 204 329 276 70 229 314 181 259 234 243 214 174 104 258 241 205 51 100 82 156 277 109 19 301 423 286 130 256 297 285 230 304 307 220 377 324 79 154 353 363 56 349 202 96 90 234 193 338 317 358 161 275 315 198 177 99 107 41 287 146 371 357 161 245 318 319 149 223 311 266 295 300 196 292 299 149 203 357 346 347 109 86 225 384 86 373 74 36 221 220 336 326 291 230 29 231 223 229 200 281 71 362 80 42 320 354 267 284 92 141 288 70 62 86 126 154 300 309 287 331 85 389 115 286 236 53 178 258 49 345 352 290 194 142 330 353 301 217 243 300 273 254 239 304 30 356 360 203 167 276 100 125 180 280 294 50 55 52 282 212 348 118 375 194 432 322 203 85 176
 360 141 214 269 181 43 258 273 114 173 317 291 165 181 163 240 308 222 311 119 135 57 317 144 240 326 357 297 188 347 302 94 116 257 334 232 1 130 229 271 343 151 190 144 345 198 125 347 97 230 132 260 119 108 159 137 286 203 192 291 150 173 207 64 298 256 245 273 267 269 201 203 79 104 102 273 89 121 165 35 35 138 182 280 181 329 124 233 176 289 157 31 180 137 258 11 298 58 75 311 335 318 295 219 74 372 78 258 135 246 80 339 247 226 161 345 245 104 163 159 362 10 115 294 14 328 254 154 267 340 163 177 169 108 239 256 5 168 312 246 194 72 80 308 313 277 294 239 193 212 119 140 206 130 223 137 188 97 341 171 277 154 69 64 225 343 245 362 169 184 128 145 158 135 229 243 328 235 247 16 361 189 338 121 63 205 134 11 280 155 96 244 258 224 235 250 143 110 106 199 174 375 228 279 214 184 209 260 84 379 306 179 313 119 123 310 231 260 229 252 239 278 177 118 91 322 122 71 350 17 71 379 153 255 172 232 125 159 145 103 312 248 165 235 399 349 244 181 192 397 301 279 128 148 152 343 301 31 216 238
 311 99 95 225 113 172 236 150 187 119 193 201 220 152 167 208 180 96 248 114 94 107 280 242 179 211 231 168 141 221 195 63 29 128 282 152 130 1 117 177 232 80 92 256 217 114 17 235 88 123 193 172 57 56 173 205 159 111 220 177 187 174 78 67 178 131 211 154 170 142 148 168 121 96 90 149 156 230 76 163 161 30 68 157 56 245 237 169 110 197 94 103 178 126 148 122 204 113 120 186 208 190 166 199 119 243 66 155 98 129 65 219 222 155 150 291 160 93 108 146 239 134 160 199 118 254 189 97 139 248 219 108 200 53 118 137 129 60 225 181 208 84 137 211 184 148 179 215 121 147 142 256 206 10 124 171 170 44 212 160 169 145 194 140 156 228 116 234 209 195 212 133 124 75 233 125 252 121 181 115 232 185 234 143 95 126 81 124 159 58 139 131 219 189 176 185 215 119 138 81 45 251 186 177 96 185 80 176 184 254 218 71 256 70 138 186 125 132 135 191 201 218 141 44 76 226 242 183 221 146 197 252 105 143 154 167 243 216 56 146 198 126 168 109 271 231 140 120 101 269 174 215 119 245 51 296 210 113 185 111
 384 113 27 311 205 269 333 150 303 217 97 250 336 133 171 303 107 49 317 229 204 220 364 356 109 218 200 127 238 188 221 138 117 84 356 69 229 117 1 227 244 88 44 366 136 57 132 244 145 171 309 73 170 123 183 321 84 184 333 193 302 284 87 172 180 54 304 47 61 129 240 134 237 144 142 58 214 341 167 258 253 96 50 59 67 294 347 100 204 246 91 200 287 238 31 224 249 189 236 166 177 148 109 166 235 182 181 42 118 20 150 209 176 85 259 363 225 142 209 256 218 230 276 242 217 314 265 97 87 286 335 80 314 169 28 31 230 141 274 259 318 162 253 249 133 110 66 172 75 233 176 365 313 124 185 287 274 134 160 268 200 255 298 210 236 231 81 151 324 306 327 144 121 183 340 21 309 8 103 215 162 293 258 259 209 64 190 221 162 152 255 16 308 144 110 262 331 235 255 38 90 222 135 62 25 178 91 238 296 222 266 51 329 116 253 169 17 110 198 117 293 293 243 158 143 264 349 292 157 243 299 210 209 174 261 97 351 332 158 193 208 34 171 113 219 226 29 90 50 220 145 288 144 359 147 372 257 204 147 109
