NAME : domp160p53v2
COMMENT : (Deleplanque et al.) 
TYPE : DOMP
DIMENSION : 160
DISPLAY_DATA_TYPE: NO_DISPLAY
OPEN_FACILITIES : 53
COST_SECTION
 1 65 232 229 146 112 231 108 89 109 187 184 49 246 252 69 168 228 166 13 132 218 274 33 110 309 82 216 87 90 231 206 146 102 248 122 145 232 143 68 213 145 83 141 164 196 129 136 136 42 147 139 179 18 173 141 144 236 241 147 144 71 217 192 166 91 173 130 124 297 151 267 210 208 117 108 112 166 54 79 84 253 235 162 148 206 139 103 232 204 195 83 73 179 115 130 248 153 218 53 205 166 256 68 119 103 148 157 254 256 133 173 156 161 148 87 164 207 154 124 215 172 225 184 146 272 192 180 198 174 128 172 207 34 143 317 236 159 149 226 140 120 285 258 178 118 246 119 235 164 200 232 256 263 228 169 109 275 145 152
 65 1 219 171 85 55 175 140 47 154 177 160 105 256 252 86 175 212 108 54 192 161 211 68 149 248 112 164 95 31 191 144 84 73 241 70 206 236 190 126 190 203 95 183 182 135 68 199 150 28 159 76 159 51 182 168 90 221 193 180 203 53 162 192 229 102 232 169 73 235 200 204 179 148 156 69 154 138 51 113 45 190 202 222 194 155 106 167 171 171 142 117 87 152 52 191 216 116 224 79 184 146 194 94 117 39 159 178 245 194 177 125 188 162 199 123 226 200 194 110 166 235 166 248 107 211 129 195 203 116 102 115 169 32 139 254 191 213 186 196 111 76 222 230 137 152 220 84 221 147 139 198 205 218 218 114 149 223 156 183
 232 219 1 191 205 185 336 338 174 338 45 375 218 471 469 293 390 12 284 224 257 324 303 261 340 365 165 341 307 200 389 226 246 146 458 169 340 453 369 229 42 354 306 371 392 204 249 301 362 210 104 215 375 236 396 139 169 437 143 156 350 270 168 56 310 313 276 360 166 343 374 304 70 301 174 154 181 87 263 309 262 256 407 271 198 151 318 284 309 80 161 172 161 366 225 266 73 117 440 279 41 75 322 296 114 217 101 119 462 322 189 139 386 78 217 173 346 418 383 327 351 319 199 347 316 341 264 407 419 183 118 291 371 227 356 354 380 375 166 405 111 154 321 60 341 160 51 139 5 72 288 77 378 403 13 168 340 392 369 382
 229 171 191 1 92 119 174 307 143 324 177 267 254 395 377 252 320 179 151 217 334 166 115 239 318 178 226 190 255 142 251 55 123 143 358 109 373 371 360 275 150 372 258 351 337 44 141 356 306 188 219 105 273 219 328 253 86 328 59 273 372 212 25 211 381 262 369 337 107 155 370 118 122 142 266 129 269 127 218 282 191 67 276 360 306 42 217 327 139 113 41 236 199 257 132 338 133 106 362 248 153 144 144 262 180 138 216 246 359 144 290 72 352 199 319 241 391 325 362 247 205 389 12 407 209 161 107 345 343 56 137 155 242 201 279 164 233 384 282 279 129 116 133 155 218 255 153 127 190 155 131 119 217 249 199 61 318 226 307 347
 146 85 205 92 1 41 134 216 71 235 173 187 180 309 295 162 232 195 82 135 266 122 136 151 228 184 167 137 164 57 188 61 44 88 278 45 289 286 271 202 166 286 167 261 247 52 55 280 216 106 187 15 192 134 240 210 37 251 127 228 286 121 88 200 308 172 304 247 46 167 281 131 145 100 212 71 213 120 128 192 100 108 208 294 253 88 133 248 114 135 71 175 138 177 42 267 175 89 276 159 165 135 133 172 140 48 185 212 280 133 235 73 261 176 262 181 309 242 272 159 148 315 85 329 127 152 66 256 256 39 102 88 173 115 191 184 177 296 236 209 102 62 150 194 144 203 187 81 206 142 87 157 175 199 208 46 228 190 218 256
 112 55 185 119 41 1 165 194 32 208 148 192 142 302 293 140 222 177 104 100 227 152 176 122 204 223 127 163 147 25 206 99 67 52 279 19 256 281 244 164 151 255 148 237 233 86 65 242 201 71 152 41 194 102 230 173 35 255 139 189 254 103 108 172 270 154 265 223 22 206 254 171 135 133 172 36 173 100 105 168 86 146 223 255 213 101 135 211 150 125 87 136 99 183 41 228 170 72 270 133 147 112 170 148 105 34 150 176 282 170 196 73 241 145 222 142 274 241 249 152 171 277 115 293 133 189 102 244 249 64 72 111 187 83 184 224 199 267 197 221 76 32 190 186 156 164 177 50 187 117 121 151 203 224 187 60 204 219 205 236
 231 175 336 174 134 165 1 244 192 273 306 134 277 268 239 203 214 326 67 223 362 15 99 217 261 91 283 29 192 166 88 121 99 216 214 176 352 241 304 297 296 338 198 287 241 140 109 360 218 201 316 127 146 214 222 335 170 181 230 350 342 169 188 333 393 198 403 274 178 92 316 89 272 36 328 200 327 252 185 233 150 126 116 392 367 198 116 327 39 262 183 290 256 126 132 360 296 221 239 211 296 268 52 215 269 145 315 339 213 52 350 199 272 308 372 295 377 194 294 155 45 398 163 404 106 56 74 241 224 156 234 61 91 200 178 111 65 339 356 124 235 193 95 318 87 323 312 212 337 275 49 279 44 76 340 170 262 57 214 268
 108 140 338 307 216 194 244 1 182 33 294 139 135 146 162 55 79 334 193 116 180 233 317 79 19 333 184 220 56 170 204 270 195 203 166 209 120 139 61 140 317 100 52 47 63 267 175 150 46 134 252 204 128 104 80 239 228 166 332 240 105 96 300 298 184 49 215 33 212 329 73 308 312 235 208 204 201 269 90 30 118 311 195 206 227 294 129 124 260 305 280 182 179 140 176 172 350 252 123 63 310 271 284 47 226 170 253 258 173 284 216 264 50 267 219 184 147 129 57 91 210 185 300 179 139 296 236 80 107 252 231 195 181 118 80 349 220 97 239 182 242 213 323 362 164 214 350 217 341 270 233 333 251 244 334 252 19 270 57 45
 89 47 174 143 71 32 192 182 1 193 133 202 113 302 297 130 221 167 128 77 197 178 206 106 190 253 97 187 141 29 225 129 94 29 285 35 232 282 228 135 144 233 140 223 228 114 87 215 196 50 126 70 203 83 228 144 57 264 153 160 232 100 129 152 241 147 234 210 36 236 237 201 133 161 142 23 142 92 96 154 89 176 239 225 183 118 146 185 179 125 107 105 68 194 62 199 170 71 270 120 138 100 200 137 80 50 125 149 289 200 165 85 231 123 192 111 249 246 235 155 193 249 140 266 146 219 132 241 249 90 57 135 204 66 185 254 221 247 168 235 65 32 220 184 173 134 174 38 176 103 149 153 228 246 174 82 189 245 201 226
 109 154 338 324 235 208 273 33 193 1 294 170 125 165 186 76 107 335 219 120 157 262 343 88 15 362 178 250 82 184 236 291 218 210 193 222 89 162 37 125 321 68 77 33 85 286 197 122 75 143 246 223 159 111 107 229 243 196 345 227 73 117 315 294 155 76 189 25 225 356 48 334 318 262 195 213 188 274 108 44 140 334 227 181 209 308 158 99 288 312 295 174 178 172 195 148 356 260 145 77 313 275 312 64 225 187 248 249 200 312 200 276 56 264 199 176 116 158 46 121 241 155 318 148 169 324 261 102 132 269 236 222 212 128 112 376 251 67 225 213 248 224 349 366 194 203 355 225 341 272 259 340 282 275 333 267 14 301 86 54
 187 177 45 177 173 148 306 294 133 294 1 334 175 427 426 249 347 43 250 179 220 293 284 217 296 344 122 308 264 160 353 203 212 105 416 133 299 410 325 186 43 312 262 326 348 181 212 261 318 167 66 181 334 192 353 105 137 396 140 124 307 227 154 35 273 269 242 316 131 322 330 284 65 271 136 115 143 55 219 265 220 239 369 236 166 136 278 243 282 70 142 130 116 326 188 228 89 86 396 235 34 39 297 252 70 179 63 88 420 297 154 114 342 39 184 131 305 376 339 285 317 282 183 309 277 317 235 363 376 157 78 257 334 183 313 335 346 331 135 366 73 117 302 86 303 122 74 100 49 32 258 83 346 370 42 142 295 361 325 338
 184 160 375 267 187 192 134 139 202 170 334 1 230 136 112 124 85 367 118 183 302 129 228 155 156 222 261 106 106 175 69 216 147 230 92 209 258 110 193 245 342 237 111 174 114 225 134 283 100 178 317 174 14 169 91 320 218 65 312 329 243 117 271 351 316 106 341 163 212 225 205 218 325 143 300 221 295 290 132 142 117 242 57 331 331 273 58 252 165 316 257 264 242 11 154 296 359 263 106 139 337 301 184 133 276 159 317 333 94 184 316 257 151 321 329 268 285 62 177 61 91 319 257 316 61 189 166 111 91 224 258 115 49 166 60 244 89 231 332 45 265 223 227 377 52 300 368 237 377 304 149 340 125 109 375 233 157 141 92 147
 49 105 218 254 180 142 277 135 113 125 175 230 1 279 290 110 205 217 211 55 88 263 313 76 131 352 55 263 129 125 278 240 187 115 289 147 128 269 153 23 207 138 125 157 196 226 172 103 171 78 122 175 224 66 209 105 169 279 256 107 134 119 238 171 129 131 128 149 148 339 157 307 211 252 75 127 69 167 102 109 131 287 282 118 102 225 187 76 274 207 217 50 64 226 155 88 248 164 253 94 199 163 298 105 109 141 124 125 295 298 87 190 179 142 101 51 141 248 170 170 262 137 252 154 193 315 232 213 235 202 133 217 254 78 185 357 284 157 107 273 145 140 325 254 225 80 242 132 222 158 243 234 303 311 212 194 130 322 181 175
 246 256 471 395 309 302 268 146 302 165 427 136 279 1 42 180 82 465 250 251 321 264 363 214 154 353 326 240 164 280 190 346 273 327 67 320 239 28 160 285 444 211 166 143 84 352 256 283 111 261 392 295 126 237 75 383 333 97 434 385 219 203 396 436 312 159 352 143 322 358 168 353 433 278 353 323 346 393 209 171 217 376 164 343 372 395 179 263 300 425 379 325 317 146 270 311 470 370 34 195 438 399 319 179 361 271 393 401 73 319 361 373 112 405 363 328 263 75 136 152 224 311 386 296 187 322 299 67 54 347 356 248 179 245 119 376 214 193 384 151 366 329 362 485 187 358 474 339 473 400 284 452 251 225 468 353 155 264 103 113
 252 252 469 377 295 293 239 162 297 186 426 112 290 42 1 184 86 462 229 256 341 236 335 220 174 320 334 211 167 273 156 327 256 324 28 311 267 26 188 299 440 240 170 169 102 335 241 307 121 261 398 281 105 241 83 392 322 60 420 396 247 200 381 438 338 163 374 166 314 327 198 325 427 253 364 318 358 388 209 183 210 353 129 366 387 381 163 284 272 418 365 334 321 122 259 332 462 363 42 201 435 396 289 187 362 261 398 408 33 289 375 362 138 407 380 337 292 54 165 143 194 338 368 325 169 291 277 85 57 333 353 226 149 246 114 344 181 224 396 117 362 322 332 478 163 368 468 334 472 398 259 443 217 189 468 340 175 229 110 138
 69 86 293 252 162 140 203 55 130 76 249 124 110 180 184 1 100 288 146 73 179 191 268 37 67 290 150 182 20 116 180 216 143 153 180 156 150 165 111 123 269 137 16 100 100 213 123 164 70 85 215 150 117 59 106 209 174 170 278 214 140 43 246 257 197 23 218 86 158 283 122 260 262 189 183 152 178 219 36 33 65 259 179 208 211 240 93 132 215 254 226 151 139 121 122 173 299 200 150 17 263 223 239 13 182 115 215 225 186 239 197 211 102 226 207 154 175 139 111 64 176 201 246 203 102 253 186 115 131 198 181 150 156 68 76 303 191 141 215 168 192 161 276 312 132 186 301 166 296 223 186 282 218 217 290 198 67 237 77 97
 168 175 390 320 232 222 214 79 221 107 347 85 205 82 86 100 1 384 182 172 258 207 302 136 93 303 249 187 84 200 151 274 199 247 88 240 193 65 119 213 364 168 86 99 31 278 181 228 36 181 314 218 72 158 9 307 254 91 357 311 175 123 319 356 260 79 293 91 243 304 130 293 353 216 279 243 273 312 128 98 137 309 134 284 302 317 108 202 240 345 302 249 238 91 193 250 389 290 51 116 358 319 262 102 281 192 315 324 95 262 290 294 71 325 295 252 220 52 99 75 173 261 312 252 118 269 230 28 31 270 276 181 133 165 42 324 173 157 311 120 285 249 304 404 128 283 394 258 393 319 219 371 208 192 388 275 94 225 25 68
 228 212 12 179 195 177 326 334 167 335 43 367 217 465 462 288 384 1 275 219 259 314 292 256 337 354 164 331 302 192 380 215 236 139 451 160 340 447 366 228 31 353 300 367 387 193 240 302 356 205 105 205 368 232 391 142 159 430 132 160 349 264 156 60 312 307 280 356 158 331 372 293 59 291 175 147 183 78 257 305 254 245 398 274 202 140 310 284 299 68 150 171 158 358 216 268 63 108 434 275 31 67 311 291 111 209 102 123 455 311 192 128 382 79 221 173 346 411 380 321 342 322 187 349 308 330 253 402 413 172 111 281 363 221 350 342 371 373 170 396 103 146 310 52 332 162 42 131 12 66 278 66 368 393 22 158 336 381 363 378
 166 108 284 151 82 104 67 193 128 219 250 118 211 250 229 146 182 275 1 157 297 53 126 154 209 147 217 60 139 101 108 99 40 154 208 118 293 224 253 232 247 282 143 238 204 109 43 297 176 135 253 71 125 149 190 270 117 179 199 285 284 108 157 275 329 145 337 224 120 138 265 117 226 45 262 139 261 199 123 177 87 128 129 327 301 162 74 264 70 215 146 224 190 107 67 295 255 168 218 151 245 213 94 158 207 80 252 276 209 94 284 153 229 248 306 229 317 178 247 111 68 335 141 343 65 109 50 208 199 114 175 8 94 134 141 158 97 285 291 131 178 135 131 275 68 257 267 153 286 219 41 236 100 121 287 125 209 118 174 224
 13 54 224 217 135 100 223 116 77 120 179 183 55 251 256 73 172 219 157 1 141 209 263 38 120 300 80 209 90 78 227 195 136 91 250 110 157 237 154 75 203 157 87 152 171 184 119 147 141 30 143 127 178 16 178 139 132 237 229 147 156 68 204 186 176 94 181 140 112 287 162 257 200 199 118 96 114 155 52 87 78 242 232 170 152 194 136 114 222 193 183 82 67 177 104 139 237 142 222 58 196 157 246 74 111 91 143 154 256 246 136 161 164 154 153 87 176 209 164 124 209 183 213 196 141 263 182 186 203 162 117 163 203 24 145 307 231 171 150 224 129 108 275 248 173 118 236 107 227 155 191 221 249 258 220 157 119 268 149 160
 132 192 257 334 266 227 362 180 197 157 220 302 88 321 341 179 258 259 297 141 1 349 399 152 169 439 111 347 197 211 357 325 275 192 345 230 102 317 168 66 259 127 192 181 240 310 259 51 224 165 155 261 294 150 260 120 251 343 328 106 119 199 316 203 54 197 41 179 231 426 165 393 271 339 85 207 78 231 182 164 215 372 357 31 69 302 266 59 361 270 296 102 136 299 242 12 304 236 301 165 250 222 385 170 167 228 158 141 352 385 71 267 210 182 52 97 96 307 191 242 345 63 334 91 273 402 319 258 286 284 203 303 332 164 250 445 365 151 98 346 214 220 412 305 305 99 293 209 261 214 330 294 387 392 248 275 168 406 235 209
 218 161 324 166 122 152 15 233 178 262 293 129 263 264 236 191 207 314 53 209 349 1 100 203 250 101 269 27 181 152 89 113 86 202 212 163 340 237 293 284 285 327 186 277 233 131 95 347 209 187 302 114 140 200 214 321 157 179 221 336 330 156 180 320 380 186 389 264 165 99 306 90 261 25 314 187 313 240 172 221 137 123 116 379 353 188 106 314 37 251 173 276 242 120 118 347 286 209 234 198 284 255 56 203 256 131 301 326 211 56 336 188 263 295 358 281 364 190 284 145 44 385 156 391 95 64 63 234 218 145 221 47 88 186 170 118 68 328 343 124 222 180 99 307 79 309 301 199 325 263 38 269 55 84 328 158 251 69 205 259
 274 211 303 115 136 176 99 317 206 343 284 228 313 363 335 268 302 292 126 263 399 100 1 270 333 65 301 125 263 189 185 83 130 220 311 177 411 336 377 335 262 403 267 363 327 104 149 409 300 236 314 139 238 259 310 342 160 278 171 360 405 228 137 316 439 269 438 349 178 41 389 11 234 87 346 203 347 231 241 300 205 49 213 428 387 153 197 376 64 225 144 310 273 219 160 400 247 203 333 271 264 248 49 280 269 173 312 340 310 49 370 171 353 299 397 316 434 289 372 235 142 445 106 457 186 57 84 330 316 131 227 124 187 242 263 52 161 408 369 222 223 192 19 269 177 337 267 210 303 257 86 233 133 167 310 145 333 133 298 348
 33 68 261 239 151 122 217 79 106 88 217 155 76 214 220 37 136 256 154 38 152 203 270 1 85 299 115 199 55 98 206 209 141 125 216 136 142 200 124 91 239 136 51 118 133 202 122 145 104 57 179 141 149 26 141 173 156 205 258 179 137 49 229 223 178 58 192 105 138 290 133 263 234 197 148 127 143 190 32 51 68 255 208 182 177 221 115 112 222 227 208 115 104 151 114 148 272 174 186 21 232 193 246 36 149 104 180 189 222 246 162 189 128 192 175 119 165 175 130 95 195 183 234 190 123 262 187 149 166 184 152 159 182 41 111 309 214 146 180 198 163 137 279 283 154 150 272 140 264 192 191 255 237 241 257 181 85 256 113 124
 110 149 340 318 228 204 261 19 190 15 296 156 131 154 174 67 93 337 209 120 169 250 333 85 1 350 183 237 71 179 222 283 209 208 179 218 103 149 45 133 321 82 66 34 73 279 188 136 61 141 251 216 145 109 93 235 238 182 341 235 88 109 310 298 169 65 202 21 221 345 57 324 318 251 202 211 195 274 101 37 132 325 212 193 219 303 146 111 277 311 290 179 181 158 188 160 355 258 133 72 314 275 301 57 227 181 252 255 187 301 209 273 49 267 210 181 130 144 46 108 228 169 312 162 156 313 251 90 119 263 236 211 199 125 98 365 238 79 233 199 247 221 339 366 181 209 355 224 344 273 249 339 269 262 336 262 2 288 72 45
 309 248 365 178 184 223 91 333 253 362 344 222 352 353 320 290 303 354 147 300 439 101 65 299 350 1 348 118 281 232 165 141 166 271 294 228 438 326 393 374 324 426 286 377 331 163 182 442 309 275 369 184 234 293 311 394 214 261 235 411 429 253 200 375 474 286 479 364 229 25 406 62 296 103 394 254 394 290 269 321 232 113 192 469 435 215 206 409 79 287 205 357 320 214 199 438 311 260 325 296 326 307 55 302 323 213 367 394 291 55 417 230 363 355 442 362 462 280 385 245 132 480 169 488 196 39 122 330 311 188 282 142 176 277 268 29 140 428 419 204 279 244 47 333 177 386 330 263 365 316 110 296 104 135 372 203 351 96 304 358
 82 112 165 226 167 127 283 184 97 178 122 261 55 326 334 150 249 164 217 80 111 269 301 115 183 348 1 274 168 119 300 222 186 85 329 126 178 314 207 66 157 190 165 210 244 206 175 144 217 87 69 166 257 95 254 60 146 316 218 70 186 146 207 117 162 172 144 201 126 332 211 297 164 254 47 101 47 122 131 157 150 269 308 136 87 192 211 122 273 162 187 11 30 255 153 117 199 126 299 134 148 115 295 149 59 139 71 76 335 295 70 157 230 88 97 16 186 288 223 203 276 171 226 194 215 314 227 260 280 179 93 224 277 96 224 350 301 211 75 301 104 114 316 204 246 41 191 100 169 108 243 187 315 328 158 168 182 333 226 227
 216 164 341 190 137 163 29 220 187 250 308 106 263 240 211 182 187 331 60 209 347 27 125 199 237 118 274 1 170 160 63 137 98 213 187 176 331 213 279 283 302 316 175 262 214 153 101 342 192 190 312 128 118 199 194 328 173 154 244 342 319 150 202 333 375 175 387 249 178 120 292 115 280 49 319 198 317 256 167 211 133 149 90 377 357 210 92 309 63 269 194 280 248 98 126 344 306 225 211 191 301 270 79 194 266 139 311 335 186 79 340 206 246 307 360 286 356 166 269 130 18 380 180 384 82 84 85 213 196 164 234 53 63 186 151 138 44 315 348 98 236 193 122 327 60 314 321 212 342 277 61 289 42 63 345 177 238 60 187 242
 87 95 307 255 164 147 192 56 141 82 264 106 129 164 167 20 84 302 139 90 197 181 263 55 71 281 168 170 1 123 164 216 141 165 162 163 162 148 115 142 282 147 7 101 88 215 120 180 56 98 232 152 98 75 90 227 180 151 284 233 151 45 250 273 214 8 236 87 166 275 127 254 273 181 202 162 196 231 46 42 65 257 161 226 230 245 79 148 207 265 231 169 155 103 124 191 310 210 134 36 275 236 231 29 198 119 232 243 168 231 216 218 98 242 226 173 188 121 111 47 162 217 248 218 89 243 182 101 114 202 194 142 139 82 57 295 176 148 234 150 204 170 269 324 117 204 313 177 310 237 179 292 204 202 305 203 71 223 63 93
 90 31 200 142 57 25 166 170 29 184 160 175 125 280 273 116 200 192 101 78 211 152 189 98 179 232 119 160 123 1 196 117 69 57 260 41 234 260 220 147 168 232 124 213 210 107 59 223 178 50 154 51 176 79 207 170 60 238 163 185 231 80 132 180 252 130 250 199 44 217 230 183 155 136 164 47 164 116 81 143 65 164 211 240 205 125 119 192 156 146 112 126 91 167 35 212 190 91 248 109 163 126 178 124 108 22 153 176 264 178 187 96 217 152 212 132 253 221 224 131 165 259 137 273 118 196 111 221 227 87 84 108 176 60 162 235 192 243 192 207 91 50 202 206 144 158 196 63 202 130 125 172 201 218 200 84 179 218 182 212
 231 191 389 251 188 206 88 204 225 236 353 69 278 190 156 180 151 380 108 227 357 89 185 206 222 165 300 63 164 196 1 197 145 252 130 221 322 163 260 296 353 303 170 241 182 212 142 343 167 214 348 176 81 214 158 358 223 97 303 369 308 161 261 375 377 166 396 229 224 173 273 175 332 111 343 240 339 304 178 203 151 211 29 386 378 267 92 311 124 322 251 305 277 65 167 352 361 273 164 194 350 317 138 191 303 176 347 368 128 138 361 259 219 347 378 310 349 118 245 118 47 380 240 379 87 137 145 176 152 220 277 101 26 206 126 190 26 298 374 40 281 237 180 381 55 341 374 255 391 322 121 343 62 42 392 231 223 76 159 215
 206 144 226 55 61 99 121 270 129 291 203 216 240 346 327 216 274 215 99 195 325 113 83 209 283 141 222 137 216 117 197 1 77 140 306 97 349 321 326 261 185 345 219 315 294 23 97 339 263 166 232 69 223 194 282 260 78 276 109 279 345 175 68 235 367 223 362 301 97 120 337 82 158 89 266 123 268 149 184 247 152 48 222 353 308 79 168 308 88 148 66 232 194 205 96 326 178 121 314 215 186 166 97 227 187 106 230 258 307 97 290 90 312 216 318 237 369 275 326 201 152 375 44 389 160 116 53 300 295 49 145 102 188 175 233 134 179 354 288 226 141 111 100 200 166 257 195 128 226 176 77 162 165 196 232 63 283 174 263 307
 146 84 246 123 44 67 99 195 94 218 212 147 187 273 256 143 199 236 40 136 275 86 130 141 209 166 186 98 141 69 145 77 1 118 237 80 283 248 253 209 208 275 144 241 217 81 21 281 187 110 218 32 152 131 207 237 78 210 166 252 277 101 126 237 311 148 314 226 82 152 264 122 188 68 232 102 231 160 113 174 79 118 166 304 272 128 94 248 89 177 112 194 158 136 35 274 218 129 240 144 206 174 112 154 171 49 216 241 239 112 255 115 236 211 278 200 305 203 251 125 107 318 115 328 88 129 47 224 220 79 137 46 130 114 157 172 135 282 259 166 140 96 140 237 102 226 229 115 247 181 58 199 137 159 249 88 209 153 187 231
 102 73 146 143 88 52 216 203 29 210 105 230 115 327 324 153 247 139 154 91 192 202 220 125 208 271 85 213 165 57 252 140 118 1 313 44 240 309 244 135 118 244 164 241 252 122 113 217 220 69 101 91 230 100 253 124 63 292 143 141 242 125 125 124 240 171 228 229 44 253 252 217 111 183 128 18 130 67 120 174 116 186 267 219 169 112 174 189 200 104 104 94 58 222 88 196 148 52 296 141 112 73 219 158 54 77 100 125 317 219 152 77 251 96 180 100 254 273 253 182 220 248 142 268 174 239 152 265 275 95 30 161 232 86 211 270 247 260 150 263 40 30 236 161 201 118 149 18 149 75 171 132 253 273 146 84 208 270 226 247
 248 241 458 358 278 279 214 166 285 193 416 92 289 67 28 180 88 451 208 250 345 212 311 216 179 294 329 187 162 260 130 306 237 313 1 297 277 45 199 299 427 251 166 180 110 316 224 314 122 253 391 264 87 236 87 388 307 34 403 393 258 191 362 430 346 159 380 175 300 302 210 301 413 230 362 306 356 376 201 184 198 330 103 371 387 364 146 289 248 404 348 330 315 102 243 337 447 349 56 197 423 385 265 184 354 246 391 404 9 265 374 346 149 399 381 334 303 42 177 132 170 347 348 336 151 266 255 95 62 315 341 205 125 238 106 319 155 237 394 91 349 309 308 464 141 365 455 321 460 387 237 429 191 163 457 323 180 202 111 148
 122 70 169 109 45 19 176 209 35 222 133 209 147 320 311 156 240 160 118 110 230 163 177 136 218 228 126 176 163 41 221 97 80 44 297 1 266 299 258 169 134 266 164 252 250 81 81 249 218 82 143 50 212 114 247 167 23 273 123 185 265 120 95 158 275 170 267 238 4 210 268 173 117 143 170 27 172 83 121 182 104 144 239 257 212 86 153 219 157 108 74 135 98 200 57 233 152 54 287 148 130 96 177 164 96 51 141 168 300 177 194 56 257 133 222 141 283 258 264 170 185 283 106 300 150 196 109 261 267 56 59 125 203 96 201 227 213 279 193 237 61 18 192 169 173 161 159 37 171 102 130 134 215 238 171 48 218 231 222 252
 145 206 340 373 289 256 352 120 232 89 299 258 128 239 267 150 193 340 293 157 102 340 411 142 103 438 178 331 162 234 322 349 283 240 277 266 1 241 80 113 333 29 157 99 168 340 263 53 163 186 239 281 247 156 192 210 288 283 381 200 21 186 360 289 76 158 121 103 267 430 72 404 339 336 173 249 165 295 172 121 208 395 314 115 169 348 240 57 362 335 338 170 192 259 255 91 375 290 226 143 325 290 386 138 235 244 241 232 284 386 167 314 130 263 153 168 28 244 104 206 324 73 369 60 250 400 328 184 216 318 260 297 298 175 200 450 337 52 194 301 272 262 420 380 278 185 368 257 344 285 332 362 365 361 333 313 103 385 174 130
 232 236 453 371 286 281 241 139 282 162 410 110 269 28 26 165 65 447 224 237 317 237 336 200 149 326 314 213 148 260 163 321 248 309 45 299 241 1 163 276 425 214 151 144 78 328 232 282 99 244 378 272 100 222 61 371 311 71 411 374 222 184 372 421 313 144 350 141 301 331 172 326 413 252 342 304 336 374 192 161 196 350 138 341 364 372 155 259 273 405 356 313 303 119 248 308 449 350 17 181 420 381 292 166 345 249 379 388 52 292 353 351 113 389 357 316 267 49 139 130 197 313 361 299 162 295 273 60 35 324 338 222 152 229 99 349 187 198 374 124 347 309 335 465 161 347 455 319 456 382 257 431 224 199 451 330 150 237 89 112
 143 190 369 360 271 244 304 61 228 37 325 193 153 160 188 111 119 366 253 154 168 293 377 124 45 393 207 279 115 220 260 326 253 244 199 258 80 163 1 149 354 53 110 21 91 322 232 125 94 179 274 259 181 146 116 254 279 208 380 250 60 152 351 323 154 109 195 31 260 389 14 368 352 295 218 249 210 308 143 80 175 369 248 187 227 343 188 110 320 346 331 202 210 195 231 157 390 295 147 113 346 308 344 100 257 223 276 274 207 344 220 312 51 294 215 202 105 169 25 150 269 152 354 138 199 356 295 106 138 305 270 255 237 163 135 409 277 40 246 234 282 259 383 400 222 227 388 260 373 304 293 374 310 300 363 303 45 328 103 53
 68 126 229 275 202 164 297 140 135 125 186 245 23 285 299 123 213 228 232 75 66 284 335 91 133 374 66 283 142 147 296 261 209 135 299 169 113 276 149 1 221 127 137 156 202 248 193 83 179 100 129 197 238 85 217 106 191 292 275 103 122 137 259 179 107 143 106 149 170 360 151 329 227 273 71 147 63 184 119 117 150 309 298 96 90 246 205 58 296 224 238 58 82 241 176 66 263 183 260 107 212 179 320 116 123 163 131 127 305 320 78 210 180 151 85 57 123 259 168 185 281 115 273 134 211 337 254 219 243 223 151 238 271 98 197 379 302 148 101 288 163 161 347 268 243 80 256 152 233 172 265 250 323 329 222 215 132 342 189 177
 213 190 42 150 166 151 296 317 144 321 43 342 207 444 440 269 364 31 247 203 259 285 262 239 321 324 157 302 282 168 353 185 208 118 427 134 333 425 354 221 1 344 281 353 368 163 213 299 337 186 108 177 343 214 370 146 131 405 105 166 341 242 127 73 312 288 283 341 131 301 360 263 29 262 176 123 183 53 237 289 231 215 371 277 207 110 285 278 269 38 120 165 146 332 190 267 47 81 413 257 10 47 281 273 100 183 104 130 431 281 195 98 366 80 225 168 342 388 365 298 313 321 158 347 283 300 224 382 392 142 89 253 336 202 328 313 342 363 176 370 79 120 280 48 305 162 36 107 42 50 248 43 339 365 50 128 321 352 343 362
 145 203 354 372 286 255 338 100 233 68 312 237 138 211 240 137 168 353 282 157 127 327 403 136 82 426 190 316 147 232 303 345 275 244 251 266 29 214 53 127 344 1 142 72 142 337 255 79 140 185 255 276 226 154 166 228 288 258 385 221 9 176 361 305 104 142 148 78 268 419 44 395 347 325 191 252 183 303 163 106 199 390 293 142 192 351 224 75 351 343 339 184 200 239 250 116 384 296 199 133 336 300 375 125 246 239 257 250 258 375 188 317 103 277 177 183 53 219 76 188 308 102 368 86 235 388 320 157 189 317 267 286 280 173 179 439 319 25 215 280 279 264 411 391 261 203 379 261 358 295 321 370 349 343 347 313 81 368 150 104
 83 95 306 258 167 148 198 52 140 77 262 111 125 166 170 16 86 300 143 87 192 186 267 51 66 286 165 175 7 124 170 219 144 164 166 164 157 151 110 137 281 142 1 97 89 217 124 174 57 97 229 154 103 73 92 223 182 156 285 229 145 47 252 271 208 8 230 83 167 280 122 259 273 186 197 162 192 230 45 36 68 261 166 220 225 247 84 143 212 265 232 165 153 109 126 186 310 210 136 32 274 235 236 23 196 121 229 240 172 236 211 219 95 240 221 169 182 125 107 52 168 211 251 212 94 248 186 102 117 204 193 146 145 80 62 300 182 143 230 155 203 170 274 323 123 200 312 177 309 235 184 292 210 207 303 205 67 229 64 90
 141 183 371 351 261 237 287 47 223 33 326 174 157 143 169 100 99 367 238 152 181 277 363 118 34 377 210 262 101 213 241 315 241 241 180 252 99 144 21 156 353 72 97 1 71 312 220 141 75 174 278 249 162 142 96 260 271 188 374 258 79 141 344 327 171 95 210 15 254 373 33 354 350 280 226 244 218 306 134 70 164 357 228 202 238 337 172 123 305 344 323 206 211 177 221 171 388 291 128 105 345 307 329 90 258 214 280 280 187 329 230 306 32 296 226 208 124 149 14 133 252 170 345 157 183 340 282 86 118 296 268 240 219 158 116 393 259 60 255 214 279 254 368 398 205 234 387 257 374 304 278 372 292 281 365 296 35 310 83 33
 164 182 392 337 247 233 241 63 228 85 348 114 196 84 102 100 31 387 204 171 240 233 327 133 73 331 244 214 88 210 182 294 217 252 110 250 168 78 91 202 368 142 89 71 1 295 198 206 33 184 311 234 102 157 27 300 266 119 370 302 149 131 334 355 238 82 273 66 253 331 102 317 360 241 269 250 263 318 133 88 149 330 165 265 289 331 131 183 266 352 316 242 236 120 207 231 397 298 61 114 362 323 288 98 281 204 312 318 118 288 278 305 42 324 281 245 194 80 70 94 201 238 329 227 142 296 252 18 49 285 280 204 162 167 65 350 202 129 301 150 291 257 329 411 156 275 400 264 395 322 243 380 238 222 389 288 74 255 31 39
 196 135 204 44 52 86 140 267 114 286 181 225 226 352 335 213 278 193 109 184 310 131 104 202 279 163 206 153 215 107 212 23 81 122 316 81 340 328 322 248 163 337 217 312 295 1 99 327 264 155 211 64 231 185 286 241 60 287 92 260 337 172 50 213 354 222 347 298 81 142 332 103 137 107 249 106 251 128 179 243 150 65 236 337 290 59 174 296 108 126 45 215 177 214 92 312 158 99 320 210 164 145 119 223 168 100 209 238 317 119 273 68 311 195 301 220 359 283 323 204 167 362 35 378 167 138 69 303 300 28 125 114 201 166 237 156 195 347 269 239 120 93 122 179 177 238 174 109 204 154 94 141 184 214 210 42 279 194 265 306
 129 68 249 141 55 65 109 175 87 197 212 134 172 256 241 123 181 240 43 119 259 95 149 122 188 182 175 101 120 59 142 97 21 113 224 81 263 232 232 193 213 255 124 220 198 99 1 263 167 95 212 41 138 113 189 228 85 198 180 243 257 81 141 235 294 127 299 206 83 170 244 141 194 81 221 99 219 163 93 154 58 138 159 288 260 141 79 230 104 184 125 182 148 124 26 258 226 133 223 124 210 176 128 134 166 38 211 234 226 128 243 124 216 208 265 188 286 188 230 107 107 300 132 310 74 145 66 206 203 93 136 50 124 97 140 189 135 262 249 158 140 97 159 245 93 215 236 114 250 181 73 208 142 160 251 100 189 160 168 211
 136 199 301 356 280 242 360 150 215 122 261 283 103 283 307 164 228 302 297 147 51 347 409 145 136 442 144 342 180 223 343 339 281 217 314 249 53 282 125 83 299 79 174 141 206 327 263 1 195 175 198 273 273 151 228 166 271 316 357 154 71 193 341 248 35 178 71 142 250 431 120 402 307 340 129 229 121 265 176 142 212 387 339 64 119 328 255 34 365 305 319 135 163 281 250 40 342 265 266 152 290 258 389 153 202 237 201 188 321 389 120 293 172 224 103 132 47 278 149 226 337 39 354 52 264 405 326 223 253 304 233 302 318 168 226 451 354 103 147 327 245 242 420 345 294 142 333 234 305 251 334 330 379 380 292 296 135 399 206 171
 136 150 362 306 216 201 218 46 196 75 318 100 171 111 121 70 36 356 176 141 224 209 300 104 61 309 217 192 56 178 167 263 187 220 122 218 163 99 94 179 337 140 57 75 33 264 167 195 1 153 282 202 88 127 39 274 234 122 338 277 146 99 303 326 228 50 259 64 221 307 106 291 328 215 245 218 239 286 101 63 117 301 155 250 268 299 105 168 240 320 284 216 207 103 175 216 365 265 83 84 331 291 263 69 251 172 283 291 129 263 255 273 55 294 261 219 190 84 79 66 180 229 298 222 115 272 223 46 65 254 249 177 145 136 43 326 186 133 277 141 259 225 304 379 134 249 368 233 365 291 216 348 219 208 359 256 62 237 12 51
 42 28 210 188 106 71 201 134 50 143 167 178 78 261 261 85 181 205 135 30 165 187 236 57 141 275 87 190 98 50 214 166 110 69 253 82 186 244 179 100 186 185 97 174 184 155 95 175 153 1 140 99 175 33 187 145 104 236 203 156 184 64 177 178 204 104 205 161 84 261 187 230 179 175 130 71 128 136 54 106 64 213 223 195 168 167 126 143 197 172 155 92 65 171 77 165 217 119 231 73 179 140 221 89 102 64 141 157 258 221 151 135 183 147 172 98 205 212 186 123 191 210 185 224 129 238 155 198 210 134 98 141 191 18 149 280 216 198 161 216 109 82 248 229 160 127 218 84 213 140 166 200 231 242 208 129 140 249 159 179
 147 159 104 219 187 152 316 252 126 246 66 317 122 392 398 215 314 105 253 143 155 302 314 179 251 369 69 312 232 154 348 232 218 101 391 143 239 378 274 129 108 255 229 278 311 211 212 198 282 140 1 191 315 157 319 40 156 375 194 60 249 203 196 51 208 236 177 269 141 349 278 312 125 283 71 117 79 95 191 224 202 274 360 171 101 179 263 183 299 126 180 73 77 310 187 164 153 115 364 199 99 80 318 214 48 175 4 28 396 318 89 149 298 28 118 73 243 350 291 262 318 217 222 245 265 337 251 327 344 184 88 260 326 154 286 365 345 276 70 354 93 126 330 152 295 57 140 107 108 70 271 146 353 371 95 170 250 370 291 294
 139 76 215 105 15 41 127 204 70 223 181 174 175 295 281 150 218 205 71 127 261 114 139 141 216 184 166 128 152 51 176 69 32 91 264 50 281 272 259 197 177 276 154 249 234 64 41 273 202 99 191 1 178 125 226 212 48 237 141 229 277 109 102 207 302 159 300 235 52 167 270 133 157 94 211 74 212 129 117 181 87 116 196 290 252 101 119 241 110 147 85 174 137 164 29 262 188 98 262 147 175 144 131 160 144 38 189 215 266 131 235 85 248 182 260 180 301 228 260 145 137 309 97 322 114 150 63 243 242 53 108 77 160 107 177 185 166 286 237 196 110 67 152 207 131 204 199 86 216 150 82 169 167 190 218 60 216 182 204 243
 179 159 375 273 192 194 146 128 203 159 334 14 224 126 105 117 72 368 125 178 294 140 238 149 145 234 257 118 98 176 81 223 152 230 87 212 247 100 181 238 343 226 103 162 102 231 138 273 88 175 315 178 1 164 79 317 221 63 317 324 232 113 277 350 307 98 332 151 214 236 194 228 328 153 295 222 290 292 127 133 115 251 68 322 325 278 60 243 175 318 262 259 239 21 157 288 362 265 95 132 339 301 195 125 275 161 315 330 89 195 310 261 139 320 322 264 274 53 165 55 103 309 264 306 66 201 174 98 79 229 258 123 61 163 49 255 102 220 327 55 266 224 238 379 62 295 370 238 377 304 158 343 137 122 375 237 146 154 80 135
 18 51 236 219 134 102 214 104 83 111 192 169 66 237 241 59 158 232 149 16 150 200 259 26 109 293 95 199 75 79 214 194 131 100 236 114 156 222 146 85 214 154 73 142 157 185 113 151 127 33 157 125 164 1 163 154 135 222 235 162 154 54 208 200 182 80 190 130 116 282 155 252 210 192 132 103 128 166 38 75 66 240 218 180 165 199 122 118 215 203 187 97 81 163 100 147 247 150 208 44 207 168 239 61 125 89 158 169 241 239 149 167 153 168 165 101 177 194 154 110 197 188 215 199 128 256 177 172 188 164 128 155 190 20 130 301 219 166 165 210 139 114 270 259 160 133 247 115 239 167 184 231 239 246 233 160 109 258 135 148
 173 182 396 328 240 230 222 80 228 107 353 91 209 75 83 106 9 391 190 178 260 214 310 141 93 311 254 194 90 207 158 282 207 253 87 247 192 61 116 217 370 166 92 96 27 286 189 228 39 187 319 226 79 163 1 311 262 93 364 314 173 129 327 362 260 85 294 89 250 312 128 300 360 224 283 250 276 319 135 101 144 317 140 285 305 325 117 203 248 352 309 253 243 98 200 251 396 297 46 121 364 325 269 106 287 199 320 329 95 269 293 301 68 331 298 256 218 54 96 83 180 261 320 251 126 277 238 20 28 278 282 189 139 171 50 331 179 154 315 125 292 256 312 411 136 287 401 265 399 326 227 379 215 198 394 282 94 232 29 65
 141 168 139 253 210 173 335 239 144 229 105 320 105 383 392 209 307 142 270 139 120 321 342 173 235 394 60 328 227 170 358 260 237 124 388 167 210 371 254 106 146 228 223 260 300 241 228 166 274 145 40 212 317 154 311 1 183 376 231 21 222 205 231 84 172 231 139 252 166 376 256 339 163 304 38 141 46 131 190 213 208 305 367 133 62 214 270 155 321 165 213 59 82 314 204 129 192 148 356 193 137 117 342 206 74 191 43 23 394 342 51 182 283 67 80 56 211 347 272 263 332 181 255 210 273 361 274 317 337 214 118 277 335 156 283 392 358 250 32 360 125 151 358 190 304 27 178 133 143 107 292 185 369 384 130 200 234 387 283 280
 144 90 169 86 37 35 170 228 57 243 137 218 169 333 322 174 254 159 117 132 251 157 160 156 238 214 146 173 180 60 223 78 78 63 307 23 288 311 279 191 131 288 182 271 266 60 85 271 234 104 156 48 221 135 262 183 1 281 105 202 287 137 74 165 297 187 288 258 22 195 288 157 110 135 189 46 191 84 139 202 119 124 242 278 230 66 162 241 147 100 53 155 118 208 65 254 142 53 301 167 129 99 164 183 111 64 154 182 309 164 213 41 275 143 241 161 305 269 283 182 183 305 84 322 157 183 99 277 280 34 69 123 207 117 215 210 213 300 210 242 68 34 176 161 177 179 152 51 170 107 122 124 211 235 172 26 238 225 238 270
 236 221 437 328 251 255 181 166 264 196 396 65 279 97 60 170 91 430 179 237 343 179 278 205 182 261 316 154 151 238 97 276 210 292 34 273 283 71 208 292 405 258 156 188 119 287 198 316 122 236 375 237 63 222 93 376 281 1 375 382 265 174 334 412 349 150 379 181 276 268 220 268 389 198 352 284 347 353 186 179 177 299 70 370 380 336 121 288 216 379 320 318 299 75 218 335 422 326 77 187 400 363 232 176 336 223 376 390 33 232 366 321 159 381 375 322 309 40 188 115 137 350 318 342 125 233 225 106 74 287 320 175 92 223 95 286 122 247 384 58 328 286 275 440 111 354 431 300 439 366 206 404 158 131 437 296 183 170 111 157
 241 193 143 59 127 139 230 332 153 345 140 312 256 434 420 278 357 132 199 229 328 221 171 258 341 235 218 244 284 163 303 109 166 143 403 123 381 411 380 275 105 385 285 374 370 92 180 357 338 203 194 141 317 235 364 231 105 375 1 251 383 240 43 174 378 291 359 361 121 211 389 175 77 197 251 134 256 101 243 305 222 123 327 351 289 40 258 331 196 71 56 227 195 302 165 333 78 93 402 270 111 115 201 286 163 167 191 220 404 201 274 69 379 169 305 232 396 368 386 284 258 387 69 408 252 218 160 380 381 89 126 204 292 218 316 219 287 399 262 329 115 122 189 100 266 238 100 126 142 125 185 67 273 304 153 83 341 282 341 374
 147 180 156 273 228 189 350 240 160 227 124 329 107 385 396 214 311 160 285 147 106 336 360 179 235 411 70 342 233 185 369 279 252 141 393 185 200 374 250 103 166 221 229 258 302 260 243 154 277 156 60 229 324 162 314 21 202 382 251 1 214 214 251 101 158 235 121 251 184 393 251 357 183 319 33 158 40 151 198 215 219 324 377 116 43 234 280 147 338 185 233 66 95 323 219 116 211 168 359 198 157 138 359 210 94 206 63 38 399 359 36 202 282 87 62 62 200 352 269 270 345 167 275 196 284 378 291 319 341 233 137 291 346 165 289 410 370 243 12 370 145 169 376 208 315 30 197 152 160 128 308 205 383 397 146 219 234 401 287 279
 144 203 350 372 286 254 342 105 232 73 307 243 134 219 247 140 175 349 284 156 119 330 405 137 88 429 186 319 151 231 308 345 277 242 258 265 21 222 60 122 341 9 145 79 149 337 257 71 146 184 249 277 232 154 173 222 287 265 383 214 1 178 360 300 96 146 140 85 267 422 52 397 344 328 185 250 177 300 165 110 200 391 299 134 185 349 228 69 353 340 338 179 197 244 250 108 381 293 206 135 332 297 378 127 242 240 252 244 266 378 181 315 110 272 170 178 46 226 84 193 312 94 368 79 238 391 322 165 197 317 264 288 284 172 184 442 323 32 209 286 276 263 413 387 265 197 375 259 353 291 324 367 353 348 342 312 87 372 157 111
 71 53 270 212 121 103 169 96 100 117 227 117 119 203 200 43 123 264 108 68 199 156 228 49 109 253 146 150 45 80 161 175 101 125 191 120 186 184 152 137 242 176 47 141 131 172 81 193 99 64 203 109 113 54 129 205 137 174 240 214 178 1 207 241 226 52 239 127 123 245 164 220 232 151 185 121 181 191 18 74 24 218 165 229 218 202 69 160 176 223 187 148 127 110 81 196 268 168 171 45 236 198 201 54 164 76 203 218 195 201 203 175 141 209 218 153 210 150 152 60 147 231 205 237 76 215 145 143 151 158 154 112 136 50 87 265 167 182 217 157 164 127 236 283 108 185 272 136 273 199 146 250 189 194 269 159 109 208 103 136
 217 162 168 25 88 108 188 300 129 315 154 271 238 396 381 246 319 156 157 204 316 180 137 229 310 200 207 202 250 132 261 68 126 125 362 95 360 372 351 259 127 361 252 344 334 50 141 341 303 177 196 102 277 208 327 231 74 334 43 251 360 207 1 187 364 257 350 330 94 177 361 139 98 155 246 113 249 104 211 274 187 90 285 342 286 18 219 312 155 89 22 217 181 261 128 320 112 84 363 240 130 121 162 255 159 132 194 223 364 162 269 51 346 176 299 222 376 328 355 246 216 372 32 392 212 180 118 344 343 50 116 162 250 190 279 187 245 373 261 287 108 99 155 135 224 234 131 109 167 131 143 97 232 263 175 49 310 242 305 341
 192 192 56 211 200 172 333 298 152 294 35 351 171 436 438 257 356 60 275 186 203 320 316 223 298 375 117 333 273 180 375 235 237 124 430 158 289 421 323 179 73 305 271 327 355 213 235 248 326 178 51 207 350 200 362 84 165 412 174 101 300 241 187 1 256 278 221 317 156 354 327 315 98 299 120 137 127 86 230 270 236 272 390 216 143 170 296 233 311 103 175 123 120 343 210 212 117 116 406 242 66 69 327 258 77 200 49 64 435 327 134 146 345 32 162 123 293 389 339 299 341 265 216 293 296 347 264 371 386 188 101 282 355 193 326 367 370 326 111 386 99 141 333 110 324 106 100 123 60 60 286 115 373 394 46 173 297 388 334 341
