NAME : domp220p55v10
COMMENT : (Deleplanque et al.) 
TYPE : DOMP
DIMENSION : 220
DISPLAY_DATA_TYPE: NO_DISPLAY
OPEN_FACILITIES : 55
COST_SECTION
 1 307 160 203 305 197 168 275 183 295 104 269 70 282 37 262 171 102 300 213 188 254 88 178 305 130 281 250 261 117 318 283 72 250 273 234 84 197 205 295 285 122 43 155 341 269 73 200 189 290 345 217 254 329 195 83 85 331 211 203 56 254 164 89 186 323 223 305 213 176 115 294 312 260 279 225 277 343 86 324 89 259 272 325 258 197 156 273 160 274 156 166 67 176 114 266 266 97 12 87 343 279 175 280 48 341 259 277 232 281 219 307 90 192 245 256 261 387 329 351 149 207 255 285 275 165 101 54 335 102 202 223 211 224 178 153 275 67 164 74 301 275 17 246 201 298 273 88 313 85 249 318 232 260 106 190 289 259 75 143 252 313 122 58 310 148 103 289 288 211 264 274 353 182 238 250 287 222 52 163 202 25 184 191 359 58 269 281 304 104 186 261 317 182 238 125 342 279 61 80 124 82 293 297 200 78 263 245 236 327 199 187 61 113 211 143 317 108 267 132
 307 1 151 187 131 296 154 112 248 202 306 76 346 26 281 46 137 253 199 105 183 225 340 162 31 224 196 269 50 420 80 112 279 258 116 215 358 213 238 177 124 206 288 254 116 168 271 109 158 127 84 221 320 285 169 345 223 26 116 295 261 54 205 224 187 49 226 325 300 298 252 319 29 183 157 244 160 105 388 144 235 66 284 56 292 114 265 66 160 187 166 303 269 291 208 65 157 335 308 345 115 292 175 289 260 42 125 237 281 274 110 120 324 182 90 72 87 82 105 47 209 283 268 122 175 247 403 360 116 324 199 166 213 155 246 292 138 372 194 359 254 312 298 192 223 314 251 225 72 268 261 123 136 286 299 302 180 49 369 171 69 124 325 273 112 273 252 266 246 136 123 271 58 275 234 58 284 138 355 248 165 286 129 201 67 317 204 196 247 401 186 228 92 252 129 197 114 101 366 372 258 316 60 306 275 381 298 136 281 117 150 212 365 202 236 201 224 275 78 195
 160 151 1 95 195 225 75 123 182 224 160 111 211 129 132 108 22 106 178 54 130 210 190 99 146 83 162 185 104 276 160 131 152 177 123 139 208 162 187 211 174 96 138 124 186 185 121 60 56 142 186 130 222 293 73 215 81 176 54 227 123 102 81 74 80 164 190 250 188 216 108 241 163 139 188 204 188 213 238 215 84 99 258 182 256 38 180 136 71 201 26 172 119 211 90 127 131 187 160 216 188 215 110 266 116 189 112 181 183 205 62 156 200 81 117 96 133 233 202 194 124 172 238 174 147 170 260 213 211 176 103 97 172 140 128 159 131 224 120 222 206 227 150 183 173 239 239 76 177 146 230 201 133 253 153 226 208 108 219 20 92 198 181 123 157 139 106 257 194 65 156 251 194 154 154 95 215 79 211 122 77 138 24 149 211 183 157 211 256 261 132 164 160 135 92 84 187 125 220 222 156 167 134 234 162 233 210 146 185 173 60 155 216 79 189 63 251 130 109 90
 203 187 95 1 272 316 168 95 274 313 147 115 268 173 167 157 111 107 98 94 224 303 191 193 167 75 79 94 141 315 151 102 224 85 92 45 214 256 281 297 254 184 166 78 158 273 137 142 41 101 178 39 138 385 24 276 148 209 80 318 188 157 41 123 19 173 284 158 114 304 98 150 209 58 273 298 274 277 261 292 117 122 352 234 349 103 268 202 165 290 74 122 140 300 176 194 67 181 198 279 161 123 204 360 170 228 76 88 98 112 81 121 269 15 193 116 207 261 269 216 216 97 332 253 73 261 301 249 280 166 13 27 266 230 62 115 82 255 213 275 114 137 188 275 267 147 332 125 238 222 324 275 221 346 140 316 295 161 237 94 119 272 160 148 127 97 107 350 101 53 238 345 207 90 60 145 121 50 253 69 24 180 95 243 253 245 69 301 348 306 225 71 143 68 62 173 160 105 254 237 241 168 140 141 89 259 121 233 99 142 43 249 245 164 283 62 340 118 113 180
 305 131 195 272 1 212 142 228 172 77 346 189 319 122 293 126 174 294 315 179 124 116 367 128 159 276 308 364 147 401 209 230 252 354 231 311 378 136 152 52 22 185 304 318 245 57 300 136 233 247 214 310 409 159 250 312 230 133 194 208 251 123 272 247 264 179 132 426 379 222 299 419 105 290 41 148 45 56 389 21 264 169 171 86 185 171 200 75 150 70 219 366 295 215 192 83 267 367 311 309 244 391 132 175 262 121 234 343 369 376 194 244 286 262 80 174 66 156 42 158 164 363 160 22 287 180 384 354 39 360 283 259 128 85 319 352 252 369 147 333 365 408 303 91 142 415 136 247 63 237 155 18 74 178 340 221 57 120 378 210 167 12 368 295 238 333 294 147 354 221 42 157 178 346 329 134 387 230 343 315 249 291 183 132 115 291 312 76 123 378 127 330 220 326 229 181 244 218 360 382 210 346 183 408 353 381 392 61 370 245 230 141 365 194 147 256 96 319 190 175
 197 296 225 316 212 1 161 336 49 156 290 308 164 273 213 261 215 260 402 259 115 103 283 142 313 268 386 397 275 239 351 343 127 392 337 359 279 84 62 172 200 133 225 310 386 157 244 208 280 357 370 347 419 149 296 149 179 312 268 8 158 252 289 210 299 336 81 461 379 23 272 450 283 363 172 67 168 266 260 221 227 288 85 279 67 239 49 234 160 147 243 342 236 22 141 233 354 292 208 144 387 428 128 92 182 310 330 403 387 422 276 366 123 302 207 289 213 354 251 339 103 368 75 201 371 57 225 221 250 293 321 321 87 144 326 326 350 237 111 176 429 433 207 122 75 451 104 208 257 116 74 229 163 71 289 12 164 254 263 223 281 223 311 229 363 314 260 112 415 288 187 93 353 343 371 257 431 302 205 315 300 201 236 96 315 149 381 147 138 214 112 386 357 333 312 144 386 333 226 268 82 274 320 447 358 251 418 167 390 378 285 85 239 153 66 263 166 279 307 137
 168 154 75 168 142 161 1 176 114 155 208 149 196 129 153 111 59 157 245 99 57 136 226 26 163 146 231 258 120 274 195 183 128 251 177 212 237 90 116 145 121 54 164 191 228 118 160 50 129 197 216 204 293 219 146 194 89 175 109 162 116 102 153 107 154 185 117 323 258 156 165 314 152 208 124 131 123 176 253 161 125 130 185 161 183 79 120 108 9 131 98 235 155 150 57 102 196 227 173 193 229 289 37 193 123 181 170 254 255 279 116 206 172 155 79 130 94 228 162 200 61 243 165 121 214 106 256 219 168 220 177 168 99 70 198 220 191 234 51 209 279 300 165 111 101 313 165 107 147 115 157 152 70 180 202 164 141 106 240 81 123 148 230 154 204 202 157 183 266 131 100 178 208 222 227 104 288 145 211 191 149 152 79 76 196 167 228 141 183 253 58 237 199 205 154 46 228 173 226 243 106 206 164 307 233 245 283 84 258 219 131 83 228 56 117 131 181 182 148 43
 275 112 123 95 228 336 176 1 289 287 239 40 332 110 242 103 125 192 89 78 227 293 280 197 85 159 85 162 82 391 57 9 275 150 5 110 302 261 288 266 214 215 244 172 67 248 218 131 88 22 83 120 215 368 88 336 202 130 72 337 245 108 128 187 104 84 283 214 201 330 186 209 140 73 242 300 245 215 344 245 189 60 350 167 353 99 294 154 177 267 120 216 220 325 210 147 46 271 272 337 70 182 210 357 234 150 20 126 177 163 63 34 323 98 159 56 167 175 212 129 235 185 331 213 64 281 375 326 223 258 106 69 267 216 156 209 26 334 226 341 143 204 262 262 273 204 323 189 179 268 324 225 201 348 231 339 267 109 322 137 64 225 253 226 36 191 191 340 135 65 205 340 116 183 128 97 173 55 326 163 81 251 105 247 175 305 93 278 329 378 230 118 49 161 39 203 69 13 331 323 274 256 55 195 179 340 190 208 177 53 78 256 325 200 288 138 313 208 39 206
 183 248 182 274 172 49 114 289 1 128 266 260 167 226 191 213 170 229 357 213 67 78 266 94 265 232 342 358 226 248 303 295 113 352 290 317 266 38 26 139 158 93 204 276 338 119 217 160 237 310 322 307 385 148 253 155 146 265 222 49 135 203 250 176 258 288 48 423 345 52 240 413 236 319 134 44 130 225 257 184 194 240 91 234 81 192 33 187 114 114 201 312 210 45 103 185 308 272 193 151 339 390 80 100 157 264 283 361 350 382 229 319 128 260 159 241 166 309 209 292 59 333 73 159 326 19 232 217 210 272 280 277 46 98 290 296 304 233 65 181 387 396 189 86 31 413 92 175 212 99 67 189 117 81 263 55 131 206 254 181 233 183 288 204 316 282 229 107 374 243 143 92 305 309 331 208 391 257 203 279 257 181 191 48 270 145 338 116 125 223 64 344 309 297 267 103 338 286 223 260 60 253 272 408 323 247 381 122 353 330 241 37 233 115 32 224 145 250 259 95
 295 202 224 313 77 156 155 287 128 1 357 249 293 188 292 187 204 309 371 225 110 54 369 132 228 299 361 405 207 374 277 291 231 397 289 355 375 101 104 26 79 179 305 344 314 41 308 172 272 307 285 350 444 85 290 282 233 207 239 151 241 181 304 257 301 249 82 470 410 172 317 461 178 341 46 91 44 129 375 76 276 228 99 162 115 211 160 139 161 24 248 389 302 165 188 144 321 372 303 278 313 435 128 101 258 197 290 392 405 422 242 308 254 301 129 232 122 231 117 233 147 395 92 81 341 142 358 337 111 368 323 305 88 86 350 374 309 353 134 306 415 448 297 50 101 459 63 257 138 215 88 91 93 108 353 167 22 180 369 234 224 87 380 299 302 356 310 71 404 266 83 84 252 375 372 191 432 277 324 344 291 287 219 105 191 268 362 15 47 350 112 377 287 358 280 181 312 279 343 374 181 351 249 453 385 367 432 82 408 312 271 110 351 195 98 283 28 334 250 172
 104 306 160 147 346 290 208 239 266 357 1 248 171 286 79 266 179 55 233 202 248 326 46 227 295 84 215 161 257 188 291 246 166 164 235 162 71 268 284 351 325 182 67 74 303 324 50 217 155 247 319 143 154 407 151 185 126 331 193 296 134 260 111 101 136 307 297 208 114 271 56 197 321 198 330 304 329 371 124 366 83 246 356 341 345 195 244 295 200 334 141 65 57 270 172 286 214 34 94 190 306 186 230 364 110 346 220 198 138 192 200 267 193 142 272 241 289 387 359 345 217 112 337 325 216 248 177 126 368 20 140 173 282 275 98 54 229 126 226 171 219 178 90 310 275 201 350 102 335 175 330 355 277 345 9 285 346 266 99 142 240 351 24 63 272 59 55 367 207 180 305 355 341 89 159 252 196 186 137 84 158 92 180 259 368 161 200 343 377 186 247 184 286 98 202 178 306 247 129 97 211 28 274 202 107 124 167 291 142 288 165 259 115 163 289 107 382 32 246 187
 269 76 111 115 189 308 149 40 260 249 248 1 320 71 238 64 106 197 128 58 196 259 286 167 53 165 122 194 44 386 50 42 259 183 43 140 307 230 257 228 176 193 243 188 80 211 220 101 94 59 77 147 245 331 101 323 190 96 60 308 232 70 140 181 118 61 251 249 227 304 193 244 102 108 205 268 207 177 344 206 187 23 316 130 320 78 269 115 152 230 116 235 220 298 191 108 82 279 268 324 81 216 181 323 225 116 50 162 206 198 51 61 307 113 122 20 129 147 173 102 210 210 298 174 101 254 369 321 185 266 127 92 235 182 176 226 65 332 198 331 180 237 258 226 242 239 288 183 140 251 290 186 165 315 240 312 229 71 323 128 28 186 264 226 57 207 197 304 172 69 167 306 94 204 159 60 209 67 320 180 95 246 88 217 142 292 130 241 292 370 199 152 52 182 55 182 80 30 328 325 252 262 27 231 203 339 222 172 207 71 84 226 323 182 257 142 275 217 3 184
 70 346 211 268 319 164 196 332 167 293 171 320 1 321 105 302 217 170 365 263 196 244 145 198 350 196 346 319 305 83 370 340 70 319 330 301 131 193 192 299 300 143 111 223 396 274 142 238 249 348 395 284 322 309 257 18 132 369 264 171 89 293 229 148 250 370 213 374 281 142 183 363 347 324 287 210 284 364 99 336 152 307 247 356 230 245 136 303 189 275 213 234 135 145 140 297 328 157 79 24 398 348 190 254 100 376 317 345 301 350 273 365 42 256 273 305 287 423 349 392 156 276 233 301 338 152 67 62 353 165 267 286 206 236 247 221 334 76 174 15 369 344 86 246 193 366 257 146 340 84 229 334 249 233 173 155 291 298 107 196 300 329 185 126 366 217 171 270 356 269 281 252 397 251 306 292 356 281 45 232 264 91 233 192 391 31 335 279 291 60 193 328 370 250 297 152 397 335 65 113 113 146 342 366 269 90 331 260 305 383 258 185 80 145 198 207 311 176 319 155
 282 26 129 173 122 273 129 110 226 188 286 71 321 1 257 22 114 232 197 86 160 206 318 137 42 205 192 260 33 395 90 111 254 249 113 205 336 191 216 165 111 181 265 237 127 152 249 84 141 127 101 209 309 271 154 320 199 49 98 272 236 29 188 201 171 65 205 317 286 274 232 312 37 177 143 223 146 107 364 138 212 54 265 62 273 92 241 50 135 171 146 286 247 268 183 46 152 314 284 320 127 284 151 271 236 62 119 231 269 267 94 123 299 167 69 60 69 106 103 72 185 269 249 109 171 224 378 335 115 303 185 154 191 134 230 275 135 348 170 334 250 303 274 174 201 307 234 202 70 243 242 117 115 267 278 279 167 24 346 148 55 117 305 250 117 255 232 249 241 121 107 253 81 259 224 35 277 125 330 231 151 262 107 179 84 292 199 181 233 377 163 220 100 237 119 172 126 99 342 349 233 295 63 299 261 358 288 117 270 125 134 189 341 177 215 181 212 255 72 170
 37 281 132 167 293 213 153 242 191 292 79 238 105 257 1 237 145 66 264 183 183 255 78 167 277 94 245 215 234 151 287 250 88 215 239 198 86 197 210 289 272 114 14 120 307 262 38 178 155 256 314 180 222 335 160 117 65 305 179 218 57 229 128 58 150 294 226 272 180 193 79 261 289 224 271 231 269 326 108 312 54 229 281 304 269 169 167 254 145 270 124 136 31 192 105 246 230 83 32 121 310 245 167 289 35 317 225 241 198 246 188 274 119 156 227 226 243 362 313 324 147 174 263 272 239 173 136 85 320 82 165 187 212 215 143 122 240 95 159 110 265 242 22 243 203 264 278 57 294 97 256 304 220 270 78 207 283 235 90 113 223 300 99 22 276 115 67 295 252 177 252 281 325 148 202 224 252 188 87 128 167 16 155 190 336 88 232 278 307 140 181 224 284 146 205 114 309 247 91 93 134 63 263 263 166 102 229 234 202 293 165 188 86 100 216 108 316 75 236 122
 262 46 108 157 126 261 111 103 213 187 266 64 302 22 237 1 93 212 190 67 147 200 298 122 53 185 183 246 22 375 94 106 235 235 106 192 315 179 205 165 113 163 244 218 131 149 228 65 123 122 110 194 294 269 137 301 178 70 80 260 216 10 169 180 154 76 196 305 270 260 212 299 56 166 142 214 144 121 343 144 192 44 259 79 264 72 227 52 117 168 125 267 226 254 164 45 142 294 263 301 131 271 136 265 215 82 109 220 254 255 77 122 281 150 61 49 66 126 114 91 169 253 241 111 162 210 358 315 125 283 169 140 181 125 212 256 127 328 155 314 240 290 254 167 190 294 228 181 82 224 234 124 107 259 258 266 166 8 325 128 42 123 285 230 116 236 211 244 231 105 105 247 98 241 210 14 265 110 310 213 134 241 87 167 104 273 188 179 231 357 150 208 103 220 106 153 130 94 322 328 216 274 64 287 244 337 274 111 255 127 117 177 320 158 204 162 212 235 65 152
 171 137 22 111 174 215 59 125 170 204 179 106 217 114 145 93 1 125 188 50 115 192 207 83 136 104 174 203 92 286 155 133 154 195 125 155 224 148 173 191 154 90 152 145 184 166 138 40 71 145 180 148 241 275 89 218 88 162 55 217 129 86 101 88 98 155 174 268 208 208 128 259 146 150 167 189 167 193 251 194 101 92 243 164 241 29 171 117 57 181 46 193 135 202 87 108 139 204 172 219 186 233 95 251 125 174 116 196 202 222 63 157 202 99 96 90 112 218 182 181 113 192 223 153 157 160 269 224 191 195 121 110 157 121 148 179 137 236 107 228 221 245 162 165 159 257 222 89 158 146 215 180 113 238 172 217 188 91 233 38 84 177 200 138 157 160 125 240 208 74 136 235 184 174 171 81 232 88 220 143 91 150 22 134 194 188 170 192 237 269 116 180 157 155 98 78 185 125 230 236 150 185 127 251 183 245 229 126 204 173 73 141 228 77 175 83 231 149 104 82
 102 253 106 107 294 260 157 192 229 309 55 197 170 232 66 212 125 1 202 149 202 282 90 178 243 34 183 151 204 209 242 200 143 150 189 134 111 226 244 301 273 139 62 55 258 274 31 163 106 203 270 116 162 365 105 181 84 277 141 264 107 206 68 54 92 256 255 209 121 243 15 198 267 163 280 264 279 317 155 314 36 193 318 287 309 141 212 241 150 286 87 84 36 240 129 232 173 84 95 185 261 181 183 326 83 292 174 176 134 181 148 222 181 99 219 189 235 334 305 292 176 112 298 273 179 212 196 143 314 72 104 131 239 226 78 69 186 149 182 175 200 180 86 263 234 201 308 55 281 148 291 302 226 308 48 256 297 212 131 88 187 298 76 45 226 55 2 326 187 130 254 315 289 86 137 198 187 138 149 63 113 80 126 215 314 152 170 295 332 202 202 160 238 82 154 133 260 199 148 132 179 66 223 199 103 152 166 240 138 243 116 216 138 119 248 56 335 26 195 142
 300 199 178 98 315 402 245 89 357 371 233 128 365 197 264 190 188 202 1 150 300 372 278 268 170 171 20 102 170 410 129 88 319 91 86 73 303 334 360 351 301 272 262 160 112 332 232 206 124 73 147 91 154 450 111 373 243 214 138 404 284 194 137 220 116 163 359 136 157 393 191 134 227 42 327 375 329 303 353 333 214 147 427 254 427 168 356 241 244 350 163 189 236 388 266 234 51 266 294 376 115 109 281 434 267 234 83 53 125 89 133 85 365 110 244 142 253 252 300 208 300 144 408 299 32 346 396 344 311 252 99 83 341 296 137 189 64 349 294 372 60 135 285 342 345 127 402 222 266 316 399 313 282 423 226 403 351 196 328 184 149 312 240 244 93 177 201 420 56 115 290 418 191 154 80 183 97 101 349 150 105 277 167 320 259 342 35 361 412 402 302 57 117 138 94 261 115 100 349 328 331 257 140 118 142 352 124 291 123 98 118 328 339 254 361 159 397 208 127 266
 213 105 54 94 179 259 99 78 213 225 202 58 263 86 183 67 50 149 150 1 152 223 237 121 95 120 138 186 56 329 107 85 202 176 78 133 256 186 213 207 161 138 189 152 135 186 169 57 58 98 133 132 232 302 73 266 133 129 16 260 175 64 103 126 88 111 210 248 205 253 148 241 122 117 183 226 184 184 290 199 134 47 278 145 279 22 217 109 100 203 63 201 168 248 135 100 100 232 213 267 137 214 134 285 168 145 72 168 191 199 18 109 250 86 101 44 114 186 176 144 158 188 259 160 119 204 313 266 186 220 106 82 193 147 147 190 93 277 149 274 191 230 203 193 198 238 253 128 146 194 251 181 134 275 195 262 206 69 270 72 40 179 221 173 108 170 149 271 180 43 147 269 143 176 151 54 209 53 264 147 71 191 31 172 169 235 138 214 264 314 154 154 108 154 57 126 136 77 272 272 198 213 81 231 179 285 214 145 193 124 52 181 268 125 214 97 252 171 56 129
 188 183 130 224 124 115 57 227 67 110 248 196 196 160 183 147 115 202 300 152 1 82 260 33 199 197 286 314 161 278 238 233 129 306 228 268 266 35 62 108 106 69 195 242 273 82 199 98 185 248 256 260 347 166 202 189 124 200 163 114 133 138 207 150 210 222 61 379 310 116 212 369 172 264 93 76 90 171 270 140 168 176 129 173 128 133 85 124 60 88 153 284 193 109 79 121 250 263 195 186 274 344 22 137 149 201 223 310 310 335 169 255 163 211 94 177 103 246 156 227 41 296 109 107 269 66 261 233 159 259 232 223 43 41 251 268 244 249 25 210 335 355 189 62 47 368 110 149 153 114 101 139 56 124 244 120 102 140 262 135 169 133 271 190 252 251 203 128 322 187 87 122 239 274 283 143 344 200 222 243 205 178 134 21 209 169 284 96 131 255 5 293 244 259 208 72 273 223 240 267 87 242 207 363 286 262 338 66 312 266 187 31 246 86 62 184 135 227 196 63
 254 225 210 303 116 103 136 293 78 54 326 259 244 206 255 200 192 282 372 223 82 1 333 111 248 277 360 393 218 325 293 298 186 386 295 346 336 59 53 71 109 145 268 322 330 62 276 168 263 314 306 339 428 85 280 232 201 235 236 98 202 192 287 229 289 270 32 459 391 119 292 449 205 338 77 38 72 171 331 122 247 237 60 194 70 206 110 159 141 48 233 364 269 113 155 161 322 337 263 228 330 424 102 66 221 228 293 387 390 413 241 318 205 290 140 240 139 268 157 262 109 377 46 111 341 94 309 292 154 334 312 300 45 78 332 349 313 308 101 258 411 435 258 34 54 448 31 228 170 171 40 133 94 64 322 114 63 193 327 216 231 127 348 265 314 332 282 49 399 262 103 48 279 355 362 201 423 274 278 324 282 248 210 68 228 221 359 45 52 300 82 371 302 339 280 150 329 287 298 332 134 317 263 442 367 322 418 90 393 326 264 68 307 164 47 264 68 306 258 141
 88 340 190 191 367 283 226 280 266 369 46 286 145 318 78 298 207 90 278 237 260 333 1 243 331 123 259 204 291 147 331 288 158 208 277 207 26 275 287 366 346 192 66 119 345 339 71 244 195 290 359 188 191 411 193 161 139 365 229 290 133 292 153 122 178 345 303 247 153 263 95 236 352 243 347 307 345 397 81 387 108 282 356 370 343 227 241 322 218 347 175 104 74 263 182 313 257 15 77 166 348 228 244 364 112 379 261 243 180 235 237 309 174 184 297 277 313 421 384 380 225 154 338 346 260 248 138 91 392 29 184 216 289 291 143 96 271 87 236 142 263 217 78 320 280 241 355 122 363 170 332 377 295 344 53 277 360 297 56 171 276 373 47 73 314 103 91 371 251 219 326 357 378 132 204 285 238 226 105 129 200 86 212 267 400 142 244 355 384 149 258 229 327 143 242 190 348 287 92 54 208 25 312 243 150 83 208 309 184 330 204 265 77 176 292 145 393 73 284 199
 178 162 99 193 128 142 26 197 94 132 227 167 198 137 167 122 83 178 268 121 33 111 243 1 175 169 255 283 134 278 211 203 129 276 197 237 252 67 93 125 107 58 179 214 245 98 179 67 153 217 230 229 318 195 171 193 105 181 132 142 124 113 177 127 179 197 92 348 282 140 187 339 155 232 105 107 103 168 263 147 145 147 161 160 160 101 105 108 31 109 123 258 173 133 65 103 219 245 184 191 246 314 15 169 135 185 192 278 280 303 138 226 169 180 78 148 90 231 153 207 49 267 141 108 237 89 261 227 158 239 201 192 75 49 222 243 213 242 33 212 303 324 177 87 78 338 140 127 143 115 133 140 55 156 222 146 120 116 251 106 140 135 250 171 223 225 179 159 291 155 87 153 218 246 252 117 313 168 218 215 173 165 103 53 196 169 252 118 159 256 35 262 216 230 176 55 245 193 234 256 98 224 180 332 257 255 308 68 282 237 155 61 238 68 94 155 158 203 166 48
 305 31 146 167 159 313 163 85 265 228 295 53 350 42 277 53 136 243 170 95 199 248 331 175 1 212 169 245 45 420 51 84 284 233 89 192 351 231 256 205 151 213 283 238 87 193 263 115 142 98 59 199 297 312 152 350 223 45 103 312 262 63 190 220 169 24 246 298 279 313 240 293 59 157 183 264 186 135 384 173 228 50 307 86 314 109 279 91 168 212 157 286 263 306 213 87 131 325 305 350 86 266 188 313 259 66 100 210 258 247 96 90 331 164 110 55 110 96 135 51 221 262 290 149 148 262 403 358 146 313 179 144 232 175 227 277 111 370 207 362 227 288 295 215 242 288 275 221 102 274 283 152 156 308 287 318 207 60 364 165 56 153 313 267 83 257 242 290 219 119 148 295 49 256 210 61 257 118 355 231 147 283 123 218 91 321 178 222 274 403 202 202 62 234 107 203 86 73 364 366 268 307 32 280 255 378 273 159 258 88 134 229 362 207 255 189 251 264 55 203
 130 224 83 75 276 268 146 159 232 299 84 165 196 205 94 185 104 34 171 120 197 277 123 169 212 1 152 132 175 241 210 166 160 129 156 106 145 223 244 289 256 140 92 46 225 263 63 143 73 170 237 89 154 361 72 206 90 249 110 272 123 180 35 60 59 225 253 194 115 252 29 184 240 131 267 264 266 295 188 297 47 163 318 261 311 115 219 218 140 276 61 91 66 249 130 209 140 115 124 209 227 163 176 327 102 264 140 150 120 160 117 189 202 65 199 158 215 305 284 262 176 102 298 256 147 216 227 175 293 102 73 97 236 215 60 77 152 181 179 203 175 167 115 255 233 185 305 61 258 162 291 283 212 310 76 265 285 185 165 68 158 280 102 74 193 58 34 323 162 98 237 314 258 79 112 171 167 105 179 48 79 107 100 211 287 175 140 286 327 232 197 133 205 66 121 131 227 166 180 165 188 99 191 182 92 185 151 226 124 209 83 215 171 118 248 24 326 52 163 140
 281 196 162 79 308 386 231 85 342 361 215 122 346 192 245 183 174 183 20 138 286 360 259 255 169 152 1 90 163 391 131 86 301 78 81 54 284 320 346 342 293 256 243 142 119 322 213 194 108 73 152 73 143 439 94 355 225 213 125 388 266 186 118 201 97 164 345 132 142 376 172 128 223 25 318 361 320 298 334 326 195 140 414 251 413 155 340 234 230 340 146 172 217 372 249 226 42 248 275 357 122 102 267 421 249 233 75 44 111 82 121 88 347 92 234 135 244 255 295 209 285 128 394 291 22 331 377 325 306 233 81 67 328 284 118 171 59 330 279 353 59 126 266 330 331 122 390 203 261 299 386 306 271 410 208 387 342 189 310 167 142 305 222 225 96 159 182 408 52 101 281 405 194 137 64 175 92 87 330 132 88 258 153 306 258 323 17 351 401 383 288 43 120 120 82 245 122 96 330 309 315 238 138 113 125 333 114 281 110 104 103 313 320 238 347 141 388 189 121 250
 250 269 185 94 364 397 258 162 358 405 161 194 319 260 215 246 203 151 102 186 314 393 204 283 245 132 90 1 228 347 215 166 290 13 158 55 229 344 368 390 346 266 209 97 208 366 178 235 134 156 238 56 55 476 117 331 220 289 171 400 253 246 109 190 106 245 373 66 59 383 137 57 294 91 366 386 367 365 284 384 177 206 440 321 436 196 349 293 254 383 162 103 185 379 257 285 118 190 242 335 211 32 293 449 231 309 146 51 27 32 171 174 331 106 286 200 299 336 359 290 300 52 420 345 105 344 336 284 370 176 84 107 355 323 74 109 139 285 300 323 63 45 234 367 355 56 422 192 327 293 413 366 314 434 155 395 388 250 258 180 206 364 160 194 182 105 150 441 54 144 331 434 277 73 37 235 37 137 293 89 117 230 187 331 335 302 75 393 439 344 315 48 204 70 142 256 210 174 288 256 318 188 215 51 55 284 29 326 24 192 136 336 274 245 371 135 433 145 192 264
 261 50 104 141 147 275 120 82 226 207 257 44 305 33 234 22 92 204 170 56 161 218 291 134 45 175 163 228 1 376 78 85 240 217 85 173 310 194 220 185 133 170 241 206 114 169 223 72 109 102 97 177 277 289 122 306 179 75 67 274 218 27 156 177 139 66 212 286 254 273 203 280 69 146 162 230 164 139 341 164 186 24 276 95 281 66 238 72 125 188 117 254 221 266 169 66 122 286 262 306 115 252 148 283 215 91 89 200 237 235 62 102 287 135 80 29 86 131 133 91 180 237 259 132 142 222 359 314 145 275 153 122 197 142 198 244 106 326 166 317 220 271 252 186 205 275 247 178 101 230 251 144 125 276 250 279 186 28 322 123 23 144 276 225 97 224 203 263 211 89 125 265 93 227 192 19 246 93 311 200 118 240 81 181 115 276 168 198 250 359 164 189 85 205 87 159 114 73 321 324 226 268 47 268 229 335 256 130 238 109 102 191 318 162 220 152 232 226 44 159
 117 420 276 315 401 239 274 391 248 374 188 386 83 395 151 375 286 209 410 329 278 325 147 278 420 241 391 347 376 1 434 399 150 350 389 341 124 275 273 380 382 222 150 255 457 356 180 312 305 406 461 323 337 386 310 94 198 443 327 246 160 367 275 206 299 439 295 393 299 217 221 382 423 371 369 290 366 445 68 417 204 375 323 433 305 312 216 381 266 357 273 250 176 221 217 374 380 161 120 98 459 373 271 330 162 452 375 382 325 378 336 423 121 305 351 372 365 498 430 465 238 299 311 383 387 233 18 67 434 174 312 337 287 317 280 240 390 63 255 69 403 363 130 327 274 387 337 204 419 165 307 415 329 309 193 229 373 372 92 259 367 410 193 168 426 244 210 348 391 327 362 330 468 276 342 364 383 338 67 265 317 141 300 274 468 111 378 361 371 26 275 366 433 282 354 229 458 396 62 96 195 161 409 388 293 65 353 341 329 443 314 267 74 220 279 257 392 206 384 233
 318 80 160 151 209 351 195 57 303 277 291 50 370 90 287 94 155 242 129 107 238 293 331 211 51 210 131 215 78 434 1 51 308 203 60 165 353 271 297 253 200 241 291 227 38 240 267 146 137 60 29 176 268 360 141 372 239 88 108 351 282 103 181 230 158 36 289 262 257 349 237 259 108 125 231 307 234 183 392 223 235 66 352 134 358 127 314 139 198 260 164 271 268 343 239 134 98 323 316 373 38 232 225 358 274 109 76 174 232 212 100 45 356 152 155 67 157 124 184 80 255 240 335 198 112 298 418 370 195 310 161 125 274 218 211 264 77 380 242 380 187 255 306 261 282 252 321 232 151 299 327 202 200 352 283 356 255 102 370 177 74 203 306 273 37 246 242 337 182 113 196 340 63 239 182 96 222 106 369 218 135 295 137 258 133 341 143 270 322 420 241 169 14 217 91 230 37 46 376 372 299 307 32 244 234 387 242 204 231 38 128 268 371 231 297 188 300 260 52 231
 283 112 131 102 230 343 183 9 295 291 246 42 340 111 250 106 133 200 88 85 233 298 288 203 84 166 86 166 85 399 51 1 282 154 12 115 310 267 294 269 217 222 252 179 59 252 226 137 96 17 77 126 219 372 96 344 209 128 79 343 252 111 136 195 111 80 289 216 207 337 193 212 140 76 246 306 248 215 352 247 197 63 355 167 358 106 301 156 184 271 128 222 228 331 218 150 49 279 280 345 62 184 217 362 242 148 27 128 182 165 71 26 330 105 163 60 170 172 213 126 242 190 337 216 65 288 384 334 224 265 112 76 272 221 162 216 28 342 232 349 144 207 270 267 279 206 328 197 179 276 329 227 206 354 238 346 270 112 330 145 68 227 260 234 28 198 199 345 136 73 209 345 112 189 132 101 175 63 334 170 89 259 112 253 174 313 96 282 333 386 236 121 42 168 46 210 61 13 339 331 282 264 53 197 184 348 193 213 182 45 86 262 333 208 294 146 316 216 42 213
 72 279 152 224 252 127 128 275 113 231 166 259 70 254 88 235 154 143 319 202 129 186 158 129 284 160 301 290 240 150 308 282 1 288 274 262 155 131 136 234 232 75 100 197 336 209 122 171 198 293 332 247 304 259 209 67 77 301 204 133 38 226 189 103 206 305 155 351 263 107 157 340 278 278 221 156 218 295 146 268 115 244 201 287 187 182 85 234 121 211 159 222 114 106 72 228 277 166 82 67 338 321 121 209 61 308 262 307 276 319 213 307 49 210 204 242 217 355 280 325 89 254 184 233 290 95 133 107 285 168 226 237 144 168 217 207 281 123 106 84 332 322 81 182 133 342 204 101 271 16 179 266 180 189 165 121 227 231 143 140 236 260 186 106 308 197 144 219 319 214 213 203 331 229 271 225 326 227 95 203 215 76 172 127 322 41 292 217 236 128 126 290 309 222 242 83 337 276 114 148 54 148 279 340 245 137 307 192 280 324 205 122 122 79 142 163 251 159 257 86
 250 258 177 85 354 392 251 150 352 397 164 183 319 249 215 235 195 150 91 176 306 386 208 276 233 129 78 13 217 350 203 154 288 1 146 44 233 338 361 381 336 261 209 97 196 357 178 226 125 144 226 48 67 468 108 330 216 278 161 395 251 236 104 187 98 233 366 74 68 378 137 66 283 79 357 379 357 354 287 374 174 195 433 310 430 187 344 283 247 374 154 108 185 374 252 274 106 195 242 334 199 39 286 442 229 298 134 41 36 32 161 162 329 97 276 189 289 324 348 279 294 58 414 335 93 338 338 286 359 180 75 96 348 314 73 113 127 288 294 323 56 56 234 359 348 63 415 189 316 289 406 356 305 427 158 391 379 239 262 173 195 354 165 194 170 107 149 433 46 134 322 427 265 76 26 224 40 126 294 88 107 229 179 324 323 301 63 384 431 346 307 36 192 70 131 250 199 162 290 260 314 190 203 58 60 287 41 317 33 180 127 330 277 240 364 130 424 146 181 258
 273 116 123 92 231 337 177 5 290 289 235 43 330 113 239 106 125 189 86 78 228 295 277 197 89 156 81 158 85 389 60 12 274 146 1 106 299 262 289 268 217 214 242 169 70 250 216 132 86 21 87 117 211 370 85 335 200 133 71 338 243 110 125 185 101 88 285 210 198 331 183 205 143 69 245 301 247 218 342 248 187 63 351 170 354 99 294 157 178 269 119 212 217 325 210 150 42 268 270 336 73 178 211 359 232 154 17 122 173 159 63 35 322 95 162 58 170 179 215 133 236 181 333 216 60 282 373 323 227 255 102 66 268 218 152 206 23 332 226 340 139 200 260 264 274 200 324 187 182 268 325 228 203 349 228 340 269 112 319 136 66 228 249 224 38 188 188 342 131 63 208 342 120 179 124 99 169 52 324 160 78 249 104 248 179 303 90 280 331 376 230 114 52 158 36 202 72 17 329 320 274 253 59 191 175 338 186 210 173 55 76 257 323 200 289 135 315 205 42 206
 234 215 139 45 311 359 212 110 317 355 162 140 301 205 198 192 155 134 73 133 268 346 207 237 192 106 54 55 173 341 165 115 262 44 106 1 232 300 324 338 293 227 195 89 162 315 164 184 85 107 190 20 106 428 67 311 188 236 118 362 226 192 75 161 61 193 328 116 94 346 122 109 240 43 314 342 315 311 283 330 151 152 396 266 393 145 311 239 209 333 117 119 169 342 219 231 68 195 227 314 165 81 248 404 206 255 93 46 68 68 118 127 306 58 233 146 246 284 305 238 259 78 376 292 61 304 328 276 316 180 38 53 310 273 65 118 89 280 257 307 72 99 219 319 311 106 376 163 273 262 368 312 263 390 155 358 337 196 258 137 151 311 169 178 134 105 133 394 58 91 279 389 226 84 20 181 78 82 282 79 65 212 137 287 281 280 39 343 391 335 269 29 155 67 88 216 165 122 280 257 283 186 162 99 74 282 84 275 68 146 85 292 269 207 327 100 382 138 138 223
 84 358 208 214 378 279 237 302 266 375 71 307 131 336 86 315 224 111 303 256 266 336 26 252 351 145 284 229 310 124 353 310 155 233 299 232 1 278 288 373 357 198 75 144 368 346 88 259 216 313 380 213 215 412 215 148 149 383 249 286 135 308 176 137 201 365 305 271 178 258 118 260 369 267 355 308 353 410 57 397 124 302 355 386 341 245 239 336 229 353 194 129 90 259 189 328 281 40 74 154 371 253 251 363 118 396 284 268 205 260 257 332 165 207 311 297 326 439 397 399 229 179 338 357 284 248 116 73 404 54 208 239 292 299 168 121 295 66 242 126 288 241 79 326 283 266 356 136 377 168 332 389 305 343 78 272 367 314 32 188 295 384 71 87 336 128 112 372 276 241 336 357 398 158 229 302 263 249 89 154 222 89 230 271 417 134 269 361 386 128 264 254 348 168 265 198 370 309 73 29 207 47 332 267 175 60 232 319 209 353 226 269 56 185 293 166 398 97 305 206
 197 213 162 256 136 84 90 261 38 101 268 230 193 191 197 179 148 226 334 186 35 59 275 67 231 223 320 344 194 275 271 267 131 338 262 300 278 1 27 107 121 88 210 269 307 85 219 132 217 282 288 291 375 141 235 183 144 229 197 83 144 170 237 172 241 254 31 409 337 89 236 400 200 297 99 43 95 188 275 149 191 209 97 197 94 167 65 151 92 83 184 308 212 82 98 149 284 279 205 179 307 375 54 105 163 227 257 342 339 366 203 289 155 243 124 211 130 272 173 256 52 324 77 122 302 45 258 237 174 276 264 257 15 61 280 293 278 253 46 207 367 384 200 54 12 399 83 171 175 115 69 152 80 91 265 91 100 172 270 166 203 147 291 208 286 277 226 101 355 220 106 92 269 302 315 176 376 234 224 270 238 190 168 15 233 167 317 88 110 251 33 326 278 287 242 94 306 257 243 275 81 259 240 394 314 267 368 85 342 300 220 10 251 108 28 212 122 249 230 85
 205 238 187 281 152 62 116 288 26 104 284 257 192 216 210 205 173 244 360 213 62 53 287 93 256 244 346 368 220 273 297 294 136 361 289 324 288 27 1 116 139 106 223 289 333 97 235 158 242 309 314 315 397 126 259 180 162 253 223 59 155 196 260 191 265 280 23 433 358 72 255 423 223 323 113 22 109 206 280 162 209 236 75 219 70 193 58 175 117 91 208 327 227 65 116 174 310 292 214 176 334 399 80 83 176 250 283 367 361 390 230 316 152 267 148 238 153 294 190 280 70 345 55 141 328 42 257 241 190 291 288 282 27 84 302 312 304 257 69 206 392 407 211 63 16 422 69 190 196 121 48 168 104 67 281 70 108 198 277 189 229 163 306 222 313 296 245 85 380 246 126 72 294 322 339 202 399 260 227 292 262 202 194 41 254 169 342 92 101 248 59 351 304 309 268 114 333 283 247 283 83 272 266 418 335 271 391 107 364 326 245 33 257 127 7 235 120 266 256 106
 295 177 211 297 52 172 145 266 139 26 351 228 299 165 289 165 191 301 351 207 108 71 366 125 205 289 342 390 185 380 253 269 234 381 268 338 373 107 116 1 55 176 301 333 290 28 302 156 257 286 261 335 431 109 274 289 228 182 222 167 241 159 291 250 286 225 94 454 398 186 309 446 153 322 25 106 24 105 377 52 269 207 122 137 137 195 170 116 152 26 235 379 297 179 185 121 302 368 303 285 290 419 123 125 256 172 270 374 391 405 224 286 262 286 109 211 100 207 92 208 148 382 113 57 322 151 364 340 87 362 307 288 95 76 337 364 289 355 132 312 397 433 296 55 109 443 86 250 113 219 109 67 78 130 346 182 9 158 369 223 203 62 373 295 280 345 302 96 386 249 62 108 227 363 356 170 415 260 328 332 274 285 204 108 166 272 344 27 72 357 111 360 264 345 261 176 289 257 346 374 186 347 226 436 372 369 417 65 393 289 255 115 353 191 110 271 48 326 228 168
 285 124 174 254 22 200 121 214 158 79 325 176 300 111 272 113 154 273 301 161 106 109 346 107 151 256 293 346 133 382 200 217 232 336 217 293 357 121 139 55 1 164 283 298 236 49 279 116 214 234 207 292 390 163 231 293 209 130 176 196 230 108 253 226 245 171 120 409 359 208 278 401 100 274 35 137 39 68 369 42 243 155 167 86 178 152 184 63 129 66 199 345 274 201 171 69 252 346 290 291 236 374 112 171 241 121 220 327 350 359 177 233 268 243 61 160 49 160 53 156 145 343 154 3 272 164 365 333 54 339 265 242 114 66 299 332 238 349 128 314 349 390 283 80 128 398 132 226 62 217 148 35 54 172 320 208 58 106 358 189 152 29 348 274 227 312 273 145 338 204 21 153 175 327 311 119 370 213 324 296 231 271 163 115 120 272 296 74 125 359 109 313 210 307 213 161 235 205 340 362 192 325 173 391 334 361 374 41 352 235 211 125 344 174 135 236 102 298 176 154
 122 206 96 184 185 133 54 215 93 179 182 193 143 181 114 163 90 139 272 138 69 145 192 58 213 140 256 266 170 222 241 222 75 261 214 227 198 88 106 176 164 1 127 184 272 149 132 99 150 234 264 215 293 227 165 141 57 228 144 136 67 154 158 86 167 235 117 331 253 121 150 320 205 233 159 126 157 225 206 203 104 176 180 213 173 117 85 161 47 157 112 222 126 117 11 155 226 195 128 140 274 298 54 189 81 234 205 271 258 291 152 246 119 170 131 175 145 281 210 252 38 241 160 165 242 79 205 170 215 191 190 191 101 103 198 207 225 185 46 157 297 304 121 130 96 321 170 85 198 62 153 197 111 171 178 133 170 158 195 91 169 192 204 122 246 191 140 188 284 160 144 177 260 217 239 154 299 174 161 187 169 110 111 78 249 114 250 164 196 201 68 254 244 204 186 13 273 214 177 200 61 174 211 316 231 198 288 124 261 262 155 78 181 22 110 132 203 162 192 12
 43 288 138 166 304 225 164 244 204 305 67 243 111 265 14 244 152 62 262 189 195 268 66 179 283 92 243 209 241 150 291 252 100 209 242 195 75 210 223 301 283 127 1 113 310 274 32 187 157 257 318 177 213 348 161 124 76 313 184 231 70 237 126 65 150 299 239 264 171 205 74 253 297 222 283 244 281 336 102 324 57 235 294 313 282 175 180 263 156 282 128 126 27 205 117 255 231 70 34 128 313 238 179 302 48 325 227 237 190 240 193 276 128 156 237 231 253 369 323 331 160 166 276 284 238 186 136 84 330 69 163 188 224 227 137 112 241 91 172 115 260 234 26 256 216 256 291 64 304 110 269 315 232 283 67 220 296 243 82 119 228 311 87 19 279 107 63 308 248 180 263 294 331 140 197 232 245 190 88 122 168 26 161 202 345 97 230 290 320 141 194 221 288 140 207 126 312 250 89 85 147 50 268 255 158 97 221 246 194 296 167 201 82 112 229 108 329 66 241 134
 155 254 124 78 318 310 191 172 276 344 74 188 223 237 120 218 145 55 160 152 242 322 119 214 238 46 142 97 206 255 227 179 197 97 169 89 144 269 289 333 298 184 113 1 235 307 82 183 98 178 254 70 110 406 88 235 132 278 140 314 160 215 50 101 71 247 298 155 70 294 42 144 273 126 310 309 310 333 195 338 85 190 363 296 356 151 262 256 185 321 100 50 89 292 174 247 143 107 146 239 238 126 222 371 137 295 153 127 80 127 145 198 235 76 240 185 255 333 323 288 220 59 343 297 143 260 243 191 333 93 69 104 281 260 26 39 159 194 224 227 149 126 139 300 278 146 350 103 295 201 336 324 256 355 67 308 329 220 170 111 186 321 83 98 204 20 54 368 137 120 280 359 281 34 88 205 133 123 198 11 94 134 138 257 319 206 127 331 372 250 242 112 220 28 137 176 237 182 195 169 230 98 214 144 49 194 111 269 84 219 106 260 183 163 293 63 371 51 186 185
 341 116 186 158 245 386 228 67 338 314 303 80 396 127 307 131 184 258 112 135 273 330 345 245 87 225 119 208 114 457 38 59 336 196 70 162 368 307 333 290 236 272 310 235 1 277 284 179 154 58 39 176 261 397 154 399 265 121 133 386 308 139 193 252 169 69 325 247 255 383 251 245 143 120 268 343 271 217 410 259 255 99 389 168 394 156 347 176 231 297 186 276 286 377 269 171 96 336 338 400 4 220 259 395 298 140 85 162 227 199 124 38 384 162 191 99 194 146 219 106 288 240 371 235 104 332 441 392 230 323 167 132 310 255 217 271 77 401 276 406 170 244 328 297 318 238 358 254 187 329 364 238 237 389 296 390 292 138 388 201 106 239 316 293 33 254 257 374 167 131 233 377 86 242 177 132 208 121 392 226 147 317 165 293 162 368 134 307 359 443 276 160 30 221 105 260 4 62 397 389 331 322 68 229 235 406 233 241 226 17 144 303 391 260 332 204 337 273 81 263
 269 168 185 273 57 157 118 248 119 41 324 211 274 152 262 149 166 274 332 186 82 62 339 98 193 263 322 366 169 356 240 252 209 357 250 315 346 85 97 28 49 149 274 307 277 1 275 133 233 268 251 311 406 121 251 265 201 176 200 152 214 142 266 223 262 215 77 430 372 168 282 422 146 301 17 92 12 111 351 66 242 190 119 134 131 172 148 103 125 20 210 352 269 161 158 107 282 341 276 262 277 395 96 124 229 168 250 352 367 382 203 270 238 262 90 194 85 207 97 203 122 357 107 50 302 129 339 314 95 335 284 266 74 49 312 338 270 329 106 288 376 409 269 35 88 420 85 223 110 193 101 73 53 124 319 166 23 142 343 197 185 68 346 267 264 319 275 99 364 227 46 106 221 338 333 152 393 238 302 306 251 258 180 83 167 247 323 31 82 332 84 338 250 320 241 149 276 240 320 347 162 320 212 413 347 343 393 42 369 275 232 91 327 163 92 246 68 299 211 141
 73 271 121 137 300 244 160 218 217 308 50 220 142 249 38 228 138 31 232 169 199 276 71 179 263 63 213 178 223 180 267 226 122 178 216 164 88 219 235 302 279 132 32 82 284 275 1 175 131 230 295 146 185 358 133 154 76 296 162 249 87 222 97 54 121 278 248 235 143 225 43 223 283 192 282 255 281 328 127 320 38 215 307 301 297 158 197 253 152 285 107 101 9 224 122 244 202 68 65 158 287 208 181 316 63 309 201 206 160 209 170 249 156 127 229 210 245 353 315 312 168 136 288 279 208 200 166 114 323 61 133 159 232 227 106 86 213 120 177 146 229 205 57 260 226 226 301 54 294 129 281 310 229 297 47 239 297 228 104 102 208 305 73 17 253 78 32 318 216 155 259 306 311 111 166 215 215 164 119 91 140 53 143 209 331 126 199 294 327 172 198 190 263 109 181 129 286 225 118 106 163 48 246 225 128 124 191 243 164 269 141 209 109 114 239 81 333 38 218 137
