NAME : domp240p60v10
COMMENT : (Deleplanque et al.) 
TYPE : DOMP
DIMENSION : 240
DISPLAY_DATA_TYPE: NO_DISPLAY
OPEN_FACILITIES : 60
COST_SECTION
 1 233 127 123 128 27 49 227 244 101 86 177 216 244 163 198 230 152 250 86 176 223 188 229 253 14 78 196 136 105 120 167 244 192 172 117 88 90 84 160 182 99 119 188 225 81 128 73 105 153 177 159 74 230 130 227 50 178 189 74 144 131 126 111 239 240 188 165 45 188 217 83 50 243 62 198 260 89 175 256 209 252 172 212 157 187 75 187 155 186 248 65 268 282 235 185 210 143 175 200 150 173 246 217 130 227 172 207 155 228 184 183 80 150 251 97 163 209 179 186 264 211 143 170 138 157 202 118 210 185 259 88 129 73 83 183 101 191 183 169 127 198 215 136 134 140 185 254 115 84 178 174 186 59 115 178 186 280 175 221 196 261 285 202 112 204 168 93 165 65 25 114 72 146 199 196 132 113 195 86 82 232 42 177 188 178 160 163 116 145 225 259 186 75 105 174 169 163 203 117 162 103 58 128 206 211 220 124 122 82 65 43 162 209 222 164 211 208 203 219 166 158 24 103 214 64 133 208 256 214 172 141 166 223 49 47 231 12 274 162
 233 1 305 271 327 256 255 215 322 309 284 231 326 388 289 42 320 190 375 152 402 76 270 164 341 220 242 121 278 130 140 259 142 98 95 294 157 197 165 235 189 307 345 374 22 281 182 261 173 319 58 85 244 273 359 13 280 57 184 242 98 360 232 240 362 265 133 308 224 366 225 306 248 218 294 217 358 181 183 257 334 368 63 131 383 419 286 174 83 418 383 281 261 109 297 389 247 192 63 421 224 368 115 386 263 25 385 438 309 319 417 307 286 182 115 217 294 270 115 159 73 439 313 368 341 389 98 338 439 175 353 178 125 179 309 414 302 248 291 380 326 172 193 283 350 362 338 272 308 155 338 74 131 270 306 74 58 76 381 148 252 99 92 164 142 50 244 323 262 173 242 342 304 377 195 96 222 160 78 169 220 344 211 311 261 222 251 302 338 372 167 253 58 216 245 401 176 385 182 348 293 289 178 200 28 23 124 111 195 313 180 194 73 44 198 395 131 27 128 247 385 136 218 294 40 171 352 437 103 73 387 372 347 81 195 210 188 236 136 91
 127 305 1 243 35 134 165 190 367 194 193 127 335 350 283 281 351 276 361 190 131 263 108 347 373 132 66 306 255 186 232 292 356 296 217 12 200 108 144 287 306 49 97 277 304 188 252 57 133 261 259 221 197 156 171 295 105 251 312 197 239 170 252 69 352 173 303 49 171 283 172 80 80 205 116 157 379 211 160 199 325 366 255 225 119 177 175 309 224 188 356 72 210 381 360 259 150 268 244 136 108 65 352 312 55 290 237 180 36 349 178 73 53 142 357 224 282 132 289 185 356 169 17 66 223 172 306 76 169 306 378 129 180 193 156 201 37 317 305 235 35 187 191 37 72 197 293 186 216 190 284 232 203 71 217 272 274 368 249 223 130 361 377 197 222 292 294 107 290 174 147 101 121 170 173 301 258 146 294 139 208 349 167 293 313 304 285 280 181 115 344 204 275 202 62 136 160 213 186 122 281 212 149 254 281 285 330 206 117 106 136 138 237 295 195 147 224 283 218 346 223 272 149 27 299 158 79 169 358 311 99 168 45 260 170 172 211 136 382 261
 123 271 243 1 234 110 80 339 125 75 57 295 94 130 41 230 109 98 130 138 240 294 310 183 131 126 200 178 13 175 132 59 211 189 249 234 125 205 183 69 122 203 195 106 254 61 93 193 213 49 217 225 51 350 146 270 142 228 131 51 176 148 45 233 118 358 164 285 85 96 331 176 170 353 136 312 138 95 284 372 88 130 212 303 223 221 77 137 216 210 130 173 383 271 121 127 329 91 230 270 269 275 227 117 252 276 132 247 274 107 216 304 191 261 233 56 41 330 170 288 270 262 259 270 87 181 196 206 261 134 137 195 215 106 109 193 211 92 63 128 233 302 323 257 224 129 72 372 57 134 70 240 279 173 54 199 214 287 121 316 316 252 284 304 132 226 69 164 55 127 100 188 137 169 309 194 57 215 204 188 59 110 97 55 81 95 56 42 115 211 178 374 214 66 227 233 276 147 310 175 40 43 149 76 246 251 197 183 236 157 167 144 215 233 330 213 302 246 294 125 140 144 109 217 238 147 220 258 244 220 255 163 276 295 108 93 336 113 248 181
 128 327 35 234 1 128 157 224 358 177 181 160 323 332 274 301 341 279 346 202 97 291 142 355 363 136 86 318 245 203 242 287 367 310 243 39 210 132 163 284 310 32 66 255 325 176 255 68 157 246 278 244 191 190 145 318 94 272 316 192 255 143 249 98 337 207 312 79 170 263 206 60 87 239 100 191 366 215 192 232 312 352 274 255 85 143 161 314 246 156 340 65 244 397 353 235 184 270 265 103 141 46 366 292 88 314 212 146 65 340 144 103 50 173 370 223 272 166 300 216 374 136 43 44 203 142 320 45 136 312 366 150 204 199 138 169 29 314 296 211 2 219 224 71 39 172 278 220 200 201 268 256 233 70 202 289 292 387 225 255 164 377 395 228 233 310 290 83 284 183 143 71 103 140 207 314 256 171 309 159 206 336 169 281 308 304 280 268 159 81 351 238 293 201 90 102 192 186 219 93 271 199 162 255 302 307 342 224 145 85 152 148 257 314 228 114 255 305 248 344 196 281 151 34 319 171 45 135 373 327 66 139 43 288 174 174 244 135 395 276
 27 256 134 110 128 1 32 251 234 77 65 199 202 225 151 220 218 156 233 106 161 249 207 238 241 39 95 209 122 129 135 160 256 207 198 124 105 114 110 157 187 97 105 164 246 60 134 84 131 134 199 183 64 250 106 250 37 202 194 65 164 106 122 130 222 261 200 176 46 165 240 74 63 267 43 221 247 98 200 279 194 236 194 239 142 166 51 194 179 164 230 65 290 298 227 160 232 147 199 187 172 171 261 195 146 251 146 187 165 216 163 196 82 175 266 97 150 228 194 212 283 193 150 167 113 134 217 109 193 191 245 114 155 87 57 159 103 187 172 143 127 223 240 149 126 114 166 275 93 103 158 199 212 64 93 198 206 299 150 247 217 277 303 228 128 224 163 76 158 85 18 99 51 122 224 212 130 139 213 112 80 217 51 162 182 178 153 148 90 129 234 282 207 76 123 157 194 137 228 98 148 83 83 131 229 234 233 147 146 66 91 68 185 229 247 145 238 230 229 217 140 170 39 108 234 88 124 191 272 232 162 117 169 248 64 55 256 21 288 181
 49 255 165 80 157 32 1 274 203 58 39 225 172 197 120 217 188 133 203 105 180 257 235 218 210 56 124 194 92 134 125 130 239 196 207 155 99 137 125 129 164 126 127 142 243 34 113 114 150 106 198 189 35 277 108 251 65 203 171 36 159 109 94 158 192 287 184 207 32 141 264 101 93 289 64 245 216 83 221 304 164 206 193 253 162 176 33 173 183 171 201 95 315 286 197 144 258 124 202 208 197 200 246 170 175 253 134 200 195 186 173 226 113 197 252 71 119 256 181 230 275 209 180 195 95 141 205 134 209 170 215 132 166 78 57 162 133 158 141 130 156 243 261 179 152 108 138 302 69 101 130 205 228 95 68 192 202 291 134 263 244 266 293 246 119 218 134 97 128 85 25 121 69 128 245 201 103 156 204 128 56 187 45 132 152 151 124 118 84 149 214 306 203 53 151 175 214 131 249 115 118 56 93 107 228 233 217 149 169 87 106 82 187 224 268 160 252 229 244 190 132 155 44 139 230 95 149 206 259 223 187 123 199 257 61 46 276 38 273 174
 227 215 190 339 224 251 274 1 443 327 312 64 426 466 375 219 433 313 467 212 320 143 93 342 457 219 166 291 350 179 245 364 333 270 132 186 229 138 157 346 332 226 278 414 228 307 290 188 127 376 204 159 290 66 337 203 247 186 333 289 218 336 321 135 455 54 296 159 256 414 20 246 197 17 264 34 468 257 55 44 424 466 204 86 306 361 301 324 170 371 468 222 51 321 425 409 48 308 177 324 87 244 314 442 137 191 393 368 169 431 362 143 212 79 316 292 377 77 275 63 286 358 187 249 363 349 277 259 358 323 466 144 138 239 301 378 213 373 389 390 224 47 23 154 260 356 407 58 341 215 401 156 88 212 341 234 223 290 398 70 66 307 306 53 238 236 356 275 364 215 250 279 274 343 31 271 320 125 255 152 283 444 243 393 378 350 354 379 334 300 341 41 224 275 144 324 64 377 36 297 375 328 190 303 206 206 307 184 106 268 172 196 183 234 18 332 86 209 88 390 383 276 233 199 235 194 266 358 309 264 287 340 216 138 232 246 33 237 341 235
 244 322 367 125 358 234 203 443 1 190 179 408 45 102 86 283 20 138 74 232 355 367 427 176 22 244 321 203 114 267 204 81 208 225 333 357 215 318 288 98 134 327 315 160 301 184 156 315 320 125 279 305 172 464 255 326 266 296 139 172 244 257 124 352 66 470 190 408 202 144 438 300 292 456 260 420 40 186 389 480 63 61 275 392 340 326 199 150 293 311 90 297 490 276 27 196 440 139 301 386 382 398 236 137 373 335 214 353 397 22 321 426 315 367 240 154 88 445 208 386 291 371 383 393 183 288 227 328 370 148 35 304 309 205 228 291 335 75 63 211 357 402 425 379 346 230 104 483 167 228 114 317 371 297 164 252 268 307 197 408 430 264 298 401 210 272 88 286 81 230 222 308 259 276 413 228 124 319 244 294 167 47 211 83 67 102 90 94 224 329 171 481 268 175 347 348 380 240 411 293 89 161 257 141 303 307 210 267 347 279 276 256 287 279 432 325 391 302 383 79 230 189 226 341 283 251 342 367 255 254 375 272 400 370 217 206 434 234 242 238
 101 309 194 75 177 77 58 327 190 1 27 274 151 157 107 269 172 162 170 160 167 314 279 250 191 111 168 235 82 191 173 133 275 241 265 186 152 190 181 142 191 148 127 89 295 29 149 153 205 70 251 246 67 324 72 305 91 258 199 69 212 73 112 203 161 336 224 240 87 92 315 118 135 342 79 296 192 130 275 354 137 176 246 310 152 146 27 203 239 136 164 124 366 329 191 86 307 154 257 198 247 213 287 121 217 308 78 173 228 170 142 262 142 250 293 104 103 301 224 286 322 188 209 207 38 107 250 142 187 200 193 188 224 131 41 121 158 166 130 73 176 298 315 216 159 59 102 350 24 156 92 262 284 129 27 242 254 339 77 320 291 309 339 302 169 269 143 99 129 141 80 120 75 95 299 246 124 212 252 184 94 162 101 109 155 168 130 97 41 140 245 357 254 96 196 160 269 80 303 104 102 34 151 137 282 287 257 206 221 94 163 138 243 275 322 139 309 283 301 199 78 197 101 168 281 153 154 184 302 270 186 89 219 314 117 101 331 92 311 224
 86 284 193 57 181 65 39 312 179 27 1 262 143 161 94 244 162 138 170 136 184 292 271 225 183 94 159 209 67 168 147 115 250 215 243 185 127 175 163 121 167 151 138 104 270 7 124 147 188 70 227 223 41 315 94 280 90 234 175 44 187 96 89 194 159 325 198 238 64 103 302 122 127 327 82 283 187 105 260 342 132 174 221 291 167 169 21 179 216 160 166 123 353 303 177 108 295 129 233 214 235 220 262 131 210 284 102 194 226 160 164 259 141 235 267 78 92 292 198 268 296 208 209 215 59 130 224 150 207 176 186 171 203 106 52 146 159 147 117 98 180 281 300 212 168 84 102 339 30 132 94 239 265 125 30 216 229 313 99 301 281 283 313 285 143 244 123 108 111 118 63 131 81 117 284 220 100 194 226 166 68 157 79 102 137 146 111 88 65 155 220 344 229 70 187 178 253 106 287 119 91 20 131 112 257 262 231 182 207 101 144 120 219 250 306 158 290 258 281 180 104 171 82 167 255 131 164 204 276 244 199 111 223 292 94 78 315 76 285 198
 177 231 127 295 160 199 225 64 408 274 262 1 386 420 334 223 396 286 424 183 256 168 41 330 420 171 108 281 308 156 222 328 327 262 138 123 199 91 123 314 309 163 215 362 238 257 261 128 91 329 204 157 246 57 277 219 190 188 312 245 205 277 285 74 412 64 283 99 212 363 47 185 141 80 207 32 430 224 49 82 382 425 202 117 243 299 249 305 166 308 423 163 93 329 393 354 34 280 179 261 28 183 313 392 74 209 336 305 108 394 299 87 151 52 316 255 335 43 263 77 296 295 124 187 309 288 271 196 295 303 428 105 123 205 245 317 151 342 351 333 160 71 67 91 197 298 360 78 290 185 354 160 103 153 291 229 223 304 343 109 25 312 318 82 213 238 323 214 328 180 201 217 216 282 51 265 286 96 252 116 243 403 200 350 345 322 319 336 277 237 329 85 224 235 83 261 56 318 66 236 333 279 152 272 214 216 301 168 62 208 133 153 180 238 70 270 116 217 113 363 325 258 188 136 241 158 203 295 312 264 224 279 155 164 192 204 87 188 342 226
 216 326 335 94 323 202 172 426 45 151 143 386 1 69 54 286 27 137 50 218 314 364 403 195 41 218 293 213 82 254 198 69 228 232 325 325 202 296 270 92 143 293 277 117 307 148 150 285 301 83 279 298 143 442 213 328 232 294 150 144 240 215 107 326 37 449 199 377 176 100 420 264 263 440 224 401 45 172 372 462 20 43 274 383 300 283 163 160 287 268 60 264 472 295 60 152 419 136 298 345 360 362 252 96 345 337 170 310 366 25 278 397 282 349 257 135 54 421 214 372 305 329 350 356 140 245 236 291 328 158 44 284 296 188 190 247 301 83 38 167 322 388 410 350 309 188 60 463 127 214 71 312 360 265 125 254 271 322 153 397 408 280 314 388 202 277 83 248 67 212 193 270 222 234 396 236 111 302 251 275 145 19 187 43 68 107 78 56 183 289 190 463 270 152 320 306 363 197 396 253 55 125 237 132 305 309 224 258 326 242 256 234 283 284 417 283 382 304 373 102 186 191 201 309 289 233 304 325 271 262 336 229 365 366 196 183 421 206 263 238
 244 388 350 130 332 225 197 466 102 157 161 420 69 1 100 347 89 199 31 266 303 419 431 262 85 250 319 278 119 303 253 130 295 296 377 342 252 331 311 154 209 304 276 85 369 166 207 306 340 92 337 351 177 473 202 389 246 351 216 178 297 204 159 353 37 483 264 396 211 73 458 273 287 481 235 439 72 221 412 498 56 45 332 432 292 262 177 226 341 245 15 280 509 362 124 119 453 196 354 333 393 365 319 49 369 396 143 288 383 88 257 417 298 388 325 182 96 452 277 416 371 309 365 358 131 228 300 294 308 224 76 323 343 234 195 222 314 150 98 141 331 431 451 371 310 173 61 497 135 262 68 366 408 284 134 315 331 388 125 445 439 347 381 433 256 339 146 251 127 256 220 269 230 219 437 300 167 343 314 316 187 57 224 79 135 173 138 90 177 283 257 500 331 194 347 294 404 173 438 250 97 143 278 189 365 370 290 309 363 248 295 271 338 346 458 269 431 364 422 170 161 253 234 324 351 275 304 305 338 327 331 216 374 420 236 221 464 234 331 298
 163 289 283 41 274 151 120 375 86 107 94 334 54 100 1 248 69 103 94 169 273 320 350 178 91 165 241 184 29 206 154 39 209 200 279 274 154 244 218 61 120 243 231 104 271 99 109 233 249 51 238 253 91 389 175 290 181 252 128 91 198 177 60 273 81 397 171 325 123 90 368 215 211 389 175 350 98 123 320 410 50 92 233 335 258 248 115 136 242 235 98 213 420 274 85 134 367 99 255 304 308 314 230 102 292 297 146 275 314 67 244 345 231 297 236 85 7 369 181 322 278 292 299 308 107 209 206 244 291 134 96 232 247 138 144 217 251 71 24 142 273 337 359 298 262 153 52 411 85 165 57 267 311 214 82 217 233 295 132 349 355 257 290 338 157 242 56 201 35 161 141 224 175 197 345 204 68 251 217 224 93 71 134 22 56 86 44 18 144 246 173 411 232 101 267 266 312 167 345 210 7 77 186 90 266 271 200 211 274 195 204 182 239 249 366 244 334 266 325 102 159 156 148 257 254 182 257 288 248 231 291 192 316 322 144 131 371 153 247 199
 198 42 281 230 301 220 217 219 283 269 244 223 286 347 248 1 281 150 335 115 371 94 261 134 302 186 217 87 237 99 99 219 118 63 89 271 119 175 139 195 151 279 313 334 27 241 141 234 153 278 24 67 204 271 322 43 247 36 147 202 59 323 191 220 322 266 97 291 185 325 226 275 219 225 259 215 319 141 179 262 293 328 28 140 352 384 248 137 60 383 342 250 268 107 260 348 244 152 45 392 212 343 96 345 244 53 345 404 289 280 382 293 257 173 98 176 253 264 77 158 76 407 291 343 301 353 66 307 407 137 314 154 106 140 271 377 275 209 251 341 300 174 197 264 321 324 297 275 268 118 297 65 132 240 266 33 17 88 341 158 246 90 98 167 102 18 204 290 222 136 205 310 269 341 195 62 181 141 43 144 180 304 174 270 221 183 210 261 300 340 136 259 17 176 224 369 170 347 184 314 252 248 145 159 21 25 95 79 179 279 150 161 46 16 203 362 140 19 135 211 346 96 182 268 19 137 322 405 91 47 359 336 325 98 158 172 196 200 123 50
 230 320 351 109 341 218 188 433 20 172 162 396 27 89 69 281 1 133 64 222 337 362 414 180 25 230 306 204 97 258 198 70 213 224 326 342 206 306 277 90 133 311 297 142 300 167 149 300 309 106 275 299 157 452 236 323 249 292 139 157 238 238 112 338 54 458 190 393 188 126 427 283 278 446 243 409 39 176 378 469 45 52 271 385 322 307 182 150 287 293 78 281 480 281 36 177 429 133 296 368 370 381 239 121 358 332 196 334 382 3 303 411 299 356 244 142 71 432 206 377 294 353 367 375 164 269 227 311 352 148 35 292 300 194 210 272 319 73 48 192 341 393 415 364 329 212 85 472 149 219 96 311 363 281 146 249 266 310 179 400 418 267 301 392 203 271 80 268 70 219 207 290 242 258 403 227 114 308 243 283 154 33 198 64 61 99 80 76 206 311 175 470 265 162 333 329 370 221 401 275 72 144 245 133 300 304 212 259 335 262 264 244 282 278 422 306 384 299 376 85 211 186 213 325 282 240 324 349 258 254 357 253 384 365 205 193 425 220 248 234
 152 190 276 98 279 156 133 313 138 162 138 286 137 199 103 150 133 1 186 104 312 231 312 89 156 145 218 83 100 135 69 70 115 98 197 265 88 201 164 46 32 249 259 200 171 138 26 220 196 142 143 169 102 342 231 192 192 160 39 100 107 232 54 242 173 345 69 308 111 189 310 229 197 324 195 294 171 67 260 352 145 179 139 256 293 304 152 42 157 296 194 215 362 174 117 223 317 10 164 340 263 324 131 204 266 201 228 329 300 132 300 321 231 240 137 63 108 326 79 253 176 340 291 320 183 266 103 263 339 39 167 183 176 87 184 282 252 64 102 223 278 270 294 278 281 220 154 358 150 101 157 181 237 210 147 118 134 194 218 273 310 156 189 268 76 141 55 228 73 110 139 253 201 253 283 102 42 192 116 171 78 155 111 124 73 39 62 118 201 281 84 352 134 81 239 307 250 240 279 246 108 132 139 27 169 173 100 132 226 219 157 144 150 148 301 291 256 168 248 78 235 55 129 253 153 131 279 337 148 129 317 247 317 233 108 106 301 145 151 102
 250 375 361 130 346 233 203 467 74 170 170 424 50 31 94 335 64 186 1 262 324 411 437 242 56 254 326 262 118 299 245 117 275 281 371 353 247 334 311 141 192 317 294 109 355 175 197 316 341 102 326 344 179 478 222 377 258 342 198 180 288 224 152 360 14 487 248 406 213 95 460 287 295 481 248 441 42 216 413 501 45 15 322 428 312 286 188 209 334 269 17 291 512 342 98 145 457 184 345 355 397 382 300 76 378 385 168 312 394 63 281 427 309 389 305 178 92 457 262 415 353 333 377 375 150 250 284 310 332 207 46 324 340 231 210 247 327 131 85 165 345 430 451 380 327 194 70 501 147 258 79 358 404 294 146 303 319 370 149 442 444 328 362 431 248 326 131 267 114 254 226 287 244 241 437 284 158 343 299 316 185 33 225 75 117 156 126 89 195 302 237 503 319 193 354 316 405 197 438 268 93 151 278 179 353 358 272 303 365 263 296 273 330 333 458 291 427 352 418 147 185 240 237 336 337 274 322 329 319 311 350 237 389 413 236 222 463 239 310 286
 86 152 190 138 202 106 105 212 232 160 136 183 218 266 169 115 222 104 262 1 261 158 210 159 246 74 126 117 149 38 44 153 167 109 112 179 17 100 62 135 128 176 203 234 141 132 80 136 93 184 94 89 100 239 209 147 135 99 131 98 59 210 112 144 249 243 114 214 74 228 208 166 116 225 146 191 259 47 158 251 219 259 89 167 241 271 137 126 81 269 265 144 260 198 214 243 214 99 98 284 160 247 165 253 169 149 237 291 208 221 268 224 154 138 170 86 172 223 100 155 179 296 203 245 194 239 119 200 295 124 256 80 79 33 158 263 174 162 181 232 201 171 194 184 215 212 209 255 163 5 207 105 143 135 161 93 101 195 234 180 207 177 200 171 34 119 145 178 154 23 91 199 156 227 182 114 109 89 111 69 81 236 61 189 166 140 144 177 188 229 157 251 102 74 143 259 149 235 180 202 171 144 42 92 125 130 141 47 123 167 58 55 84 124 201 249 166 126 157 181 235 84 69 171 129 33 215 293 173 129 253 222 233 159 45 60 204 87 194 77
 176 402 131 240 97 161 180 320 355 167 184 256 314 303 273 371 337 312 324 261 1 376 237 397 354 188 170 368 248 273 294 298 415 366 326 135 263 216 239 303 343 101 58 219 396 181 292 148 241 232 348 321 212 284 103 394 127 346 350 214 318 101 269 191 318 302 360 171 205 231 302 97 155 335 119 287 353 258 286 328 299 333 344 346 20 56 165 352 321 74 314 122 339 456 357 189 280 303 341 32 236 93 420 257 184 392 164 51 158 335 60 194 121 265 425 250 269 261 353 309 439 41 137 85 176 78 376 67 40 349 354 230 284 246 133 95 111 330 296 164 97 313 320 167 61 131 259 314 189 258 248 335 322 133 193 353 359 454 181 348 260 436 459 322 286 377 306 86 294 239 178 63 112 85 302 371 279 254 370 236 235 323 211 274 320 327 294 262 132 32 392 334 360 232 182 10 285 133 313 67 269 199 226 286 376 380 392 293 236 96 223 210 330 382 324 36 345 378 339 363 145 330 196 124 387 234 56 40 431 389 42 88 117 374 222 215 339 177 448 337
 223 76 263 294 291 249 257 143 367 314 292 168 364 419 320 94 362 231 411 158 376 1 209 227 385 211 208 179 303 124 167 296 210 155 52 254 170 161 142 273 238 277 322 391 93 287 215 230 136 340 90 70 256 204 352 65 265 72 236 254 125 353 261 196 398 194 188 256 228 385 154 283 223 144 281 150 400 200 120 184 368 406 94 58 358 402 289 226 79 405 416 256 187 184 345 399 179 230 67 391 168 327 186 409 215 52 390 417 260 361 401 251 256 126 187 239 324 204 167 92 148 415 269 329 349 377 159 310 415 226 396 147 96 190 305 404 269 293 327 386 290 103 121 236 319 361 364 200 319 162 362 54 66 245 318 121 105 150 389 74 188 173 167 93 164 110 283 305 298 174 238 320 292 367 126 155 254 123 136 143 237 382 214 341 303 267 287 330 337 348 229 179 106 231 202 377 114 384 112 331 322 301 167 233 75 74 188 112 148 296 160 182 82 106 125 376 58 78 57 299 387 180 215 258 105 163 323 413 177 139 355 362 303 6 198 214 114 229 210 131
 188 270 108 310 142 207 235 93 427 279 271 41 403 431 350 261 414 312 437 210 237 209 1 362 438 185 113 314 323 187 251 348 362 297 177 108 225 112 149 336 337 152 203 367 277 266 287 128 120 339 241 195 260 49 272 259 191 226 340 260 239 272 305 78 426 66 315 70 228 370 74 179 145 106 206 66 447 248 90 92 397 439 239 156 226 284 256 334 203 295 435 160 103 367 415 355 47 306 217 237 52 155 349 399 65 249 335 287 81 413 285 51 145 90 353 275 350 25 296 118 335 274 101 161 313 278 306 182 274 333 445 131 159 228 247 307 139 365 368 333 142 110 102 73 180 296 372 79 298 212 364 199 144 153 299 265 259 343 344 147 27 350 357 121 242 276 345 208 347 204 212 206 215 274 89 300 307 128 288 142 261 419 218 364 366 346 340 351 277 222 361 98 260 254 85 243 96 314 104 226 349 289 175 296 253 255 335 201 90 204 156 173 217 276 104 255 156 256 154 388 323 289 203 125 279 182 186 274 349 301 201 272 127 204 212 222 121 199 379 260
 229 164 347 183 355 238 218 342 176 250 225 330 195 262 178 134 180 89 242 159 397 227 362 1 197 220 284 52 183 176 116 140 34 74 212 336 148 256 216 119 61 326 342 281 143 225 106 291 244 224 142 184 189 384 318 171 274 161 53 187 126 320 140 302 230 383 48 372 193 268 344 310 270 350 279 330 214 142 294 384 208 231 140 269 378 391 239 48 172 384 254 292 391 102 150 307 357 97 169 424 311 400 61 278 327 183 314 416 366 180 387 381 306 280 66 150 184 372 68 279 119 427 361 397 269 353 70 345 426 50 209 235 209 157 271 370 327 114 169 309 354 296 320 342 361 307 229 394 237 159 234 190 256 286 234 111 124 134 303 287 354 89 123 291 126 119 124 312 145 174 221 336 286 341 314 74 128 235 92 223 164 210 189 197 130 94 136 195 289 365 6 382 123 166 301 392 284 327 306 332 184 219 200 114 154 156 41 163 274 302 216 210 160 124 327 377 269 151 263 97 322 76 206 326 126 191 360 423 80 92 399 335 390 231 182 185 323 224 70 107
 253 341 373 131 363 241 210 457 22 191 183 420 41 85 91 302 25 156 56 246 354 385 438 197 1 254 330 224 119 282 221 94 229 245 350 364 230 330 301 114 154 332 317 151 321 188 173 323 333 123 298 322 180 476 253 345 271 314 159 180 261 255 136 361 51 482 210 415 211 135 451 304 300 470 263 434 19 200 402 494 57 42 294 408 340 322 203 170 311 307 72 303 504 297 48 187 453 156 319 385 394 402 256 125 382 354 207 349 404 27 317 434 321 380 261 166 92 456 227 401 312 368 389 396 180 284 247 331 367 168 14 316 324 218 230 285 340 94 71 204 362 417 439 387 349 227 98 496 168 243 109 335 387 303 165 271 287 328 190 424 442 285 318 416 226 292 104 288 94 243 230 310 262 273 427 248 138 332 264 307 178 35 221 83 84 121 104 96 223 329 192 494 287 186 356 346 394 235 425 293 93 164 269 157 322 326 231 283 359 282 288 268 305 299 446 323 408 321 400 100 224 208 236 347 303 264 344 364 276 274 376 269 405 388 229 217 449 243 263 256
 14 220 132 126 136 39 56 219 244 111 94 171 218 250 165 186 230 145 254 74 188 211 185 220 254 1 78 185 138 92 110 166 234 180 160 121 77 83 72 158 175 107 130 197 212 89 121 76 96 159 164 146 76 226 143 214 62 165 181 76 131 144 124 109 242 234 179 167 43 196 209 94 53 234 75 191 262 81 166 250 212 255 159 201 169 200 85 179 142 199 253 73 261 270 234 196 205 137 162 211 145 181 235 224 129 214 183 219 158 229 197 183 87 142 240 94 166 205 169 176 252 223 147 178 147 170 190 128 223 177 260 78 117 64 95 196 108 188 184 180 135 189 207 137 144 152 190 249 123 72 184 162 175 67 123 166 173 268 186 210 192 250 273 192 101 191 165 105 165 53 32 126 85 159 191 185 128 102 184 75 79 235 36 180 186 174 158 167 128 157 217 252 174 72 103 186 160 175 194 129 164 110 45 123 193 198 209 111 114 95 53 30 149 196 213 177 200 195 192 215 178 148 19 109 201 51 144 221 245 202 182 154 172 210 40 41 222 20 264 150
 78 242 66 200 86 95 124 166 321 168 159 108 293 319 241 217 306 218 326 126 170 208 113 284 330 78 1 242 213 121 169 243 292 231 159 55 137 48 79 234 246 70 119 256 240 154 192 24 73 228 194 159 151 157 171 233 82 187 251 151 174 171 201 36 315 169 239 91 120 258 152 83 34 183 99 134 337 151 122 189 286 329 190 178 153 202 144 247 161 209 324 57 200 315 310 247 140 210 181 184 82 127 287 288 53 229 229 214 84 305 202 107 51 99 292 171 240 134 224 142 291 209 78 127 203 185 241 104 209 245 336 65 119 132 138 215 62 264 260 226 85 149 160 62 112 191 260 183 186 126 252 171 153 47 187 207 209 304 236 181 124 296 313 156 159 227 242 110 241 111 101 119 109 178 142 235 204 86 229 74 156 309 112 254 262 248 235 240 170 144 281 193 210 149 29 172 119 211 151 134 239 177 85 197 218 222 265 141 68 103 71 75 173 230 166 174 177 220 170 290 218 209 96 53 235 94 116 208 293 246 148 175 110 205 111 117 179 88 317 196
 196 121 306 178 318 209 194 291 203 235 209 281 213 278 184 87 204 83 262 117 368 179 314 52 224 185 242 1 181 129 77 149 51 25 162 295 109 210 170 125 71 290 312 281 100 208 87 252 196 224 91 133 170 334 299 127 243 111 66 168 76 301 134 257 249 333 15 328 165 270 294 277 232 299 251 280 241 112 244 333 223 253 90 219 349 369 219 55 122 364 272 257 341 95 178 303 307 88 119 394 263 363 53 285 282 138 306 393 323 203 366 336 269 230 59 133 190 323 19 229 95 401 319 360 260 333 24 312 400 56 236 189 159 123 250 353 290 132 181 301 317 246 270 299 328 293 235 343 227 118 238 139 206 250 224 60 75 112 297 237 305 76 108 241 86 73 133 284 153 135 192 307 258 321 264 26 122 187 44 177 143 230 159 205 146 107 142 200 272 337 52 331 74 143 257 365 234 314 256 305 189 207 158 102 107 110 25 114 226 273 172 171 109 79 276 352 219 105 212 128 311 40 174 287 82 149 328 398 68 51 366 315 350 183 148 155 272 193 80 57
 136 278 255 13 245 122 92 350 114 82 67 308 82 119 29 237 97 100 118 149 248 303 323 183 119 138 213 181 1 185 140 52 212 194 259 246 135 217 194 66 123 215 204 101 261 71 98 205 224 43 225 235 63 362 152 278 153 237 131 64 184 154 49 245 106 370 168 297 97 90 343 187 183 365 147 324 126 104 296 384 75 118 220 314 232 227 87 138 225 215 119 185 395 273 111 125 341 94 239 279 281 286 230 109 264 284 133 253 286 95 222 316 203 273 236 65 29 342 175 299 274 269 271 280 90 187 200 216 268 135 124 207 226 117 118 197 222 86 51 128 244 314 335 269 234 133 62 385 62 145 61 250 290 185 59 206 221 291 121 327 328 255 288 315 141 232 65 174 48 138 112 197 147 175 321 198 60 227 209 199 70 98 108 43 74 93 51 30 121 220 178 386 221 77 240 241 288 150 321 184 27 51 161 81 254 259 199 193 248 167 179 156 223 239 342 220 313 254 305 119 143 149 121 229 244 158 230 265 247 225 264 170 287 304 119 105 347 125 249 188
 105 130 186 175 203 129 134 179 267 191 168 156 254 303 206 99 258 135 299 38 273 124 187 176 282 92 121 129 185 1 69 189 178 114 76 175 53 83 43 170 155 181 216 269 124 164 113 136 68 220 77 56 134 211 233 124 151 75 157 132 56 234 149 130 286 213 129 201 105 264 176 177 121 190 165 160 295 84 126 218 255 296 72 130 254 290 166 150 51 290 302 152 227 196 249 275 185 131 71 293 136 246 169 289 155 123 267 308 198 257 288 208 159 107 174 122 209 197 111 120 172 310 197 246 226 261 124 209 310 149 292 61 43 70 184 287 177 196 217 263 202 136 160 173 222 240 246 225 196 42 243 72 107 142 195 88 90 185 266 144 180 176 193 135 60 108 180 194 190 51 117 213 176 250 149 118 145 60 110 50 117 273 91 226 201 172 180 214 216 243 175 218 90 110 131 272 116 263 145 219 207 178 48 127 104 109 151 22 98 184 52 65 59 112 167 266 129 106 121 212 264 103 93 170 117 42 224 308 174 126 261 245 230 124 75 91 169 109 199 78
 120 140 232 132 242 135 125 245 204 173 147 222 198 253 154 99 198 69 245 44 294 167 251 116 221 110 169 77 140 69 1 130 126 73 130 221 34 142 103 108 88 215 237 235 125 145 50 177 133 180 85 102 107 278 232 139 168 99 90 105 45 233 95 187 232 280 71 257 94 227 244 202 156 257 177 228 235 44 193 286 202 240 81 189 275 299 154 84 91 295 251 182 295 164 184 250 252 66 101 319 201 287 127 248 212 145 248 321 251 197 296 267 194 175 132 78 158 264 60 185 151 328 246 285 203 264 83 237 327 82 232 122 108 49 181 286 214 131 161 244 241 202 226 227 253 229 201 292 170 44 200 115 169 174 168 70 84 168 243 205 246 143 169 200 11 97 118 210 132 60 118 233 186 252 216 78 88 127 81 110 82 216 85 175 139 107 121 166 207 263 114 285 84 79 186 291 184 252 212 232 157 150 85 67 115 120 101 64 163 199 101 96 86 104 233 280 188 115 180 145 250 41 99 212 109 76 252 325 138 99 291 246 275 169 73 82 233 118 155 52
 167 259 292 59 287 160 130 364 81 133 115 328 69 130 39 219 70 70 117 153 298 296 348 140 94 166 243 149 52 189 130 1 171 166 258 282 137 238 208 25 82 256 251 143 240 118 81 239 240 88 210 231 97 384 203 261 194 226 90 96 172 205 44 273 104 390 135 331 124 129 358 230 216 377 191 341 107 107 309 401 76 111 206 316 281 278 134 99 220 266 125 224 411 237 69 172 360 68 230 328 303 329 193 139 294 269 182 304 321 69 273 348 241 287 199 74 45 365 148 307 243 320 308 324 140 239 171 261 319 97 104 224 231 125 166 249 262 35 33 178 286 323 346 302 279 185 90 403 114 149 95 244 294 222 110 187 203 260 169 331 350 220 254 323 134 210 17 221 6 150 147 244 193 226 334 170 45 239 184 214 88 87 132 58 23 47 10 56 172 269 135 401 203 95 268 291 300 201 332 232 45 101 177 64 237 242 163 191 267 213 196 177 215 217 353 271 315 236 307 68 193 124 148 267 222 172 276 316 211 197 312 221 328 298 137 127 356 158 208 170
 244 142 356 211 367 256 239 333 208 275 250 327 228 295 209 118 213 115 275 167 415 210 362 34 229 234 292 51 212 178 126 171 1 66 202 345 159 260 220 150 91 340 360 311 121 249 128 302 245 254 130 176 212 380 342 150 291 149 83 210 124 343 167 306 263 377 57 378 211 298 337 326 281 340 298 325 247 159 288 376 241 264 130 257 397 414 262 75 164 407 287 306 382 69 182 336 353 123 158 442 311 412 31 310 332 163 342 438 373 213 410 385 319 277 34 173 215 370 69 271 88 447 369 410 296 376 58 361 446 78 242 238 205 172 293 395 339 146 201 337 366 287 311 348 377 333 260 387 264 168 265 178 246 299 261 101 111 103 331 275 352 58 91 281 136 101 155 331 176 185 238 354 305 364 307 63 155 235 79 226 186 243 206 228 162 125 167 226 313 384 39 373 110 187 307 412 279 353 298 351 215 245 208 139 136 137 28 162 274 321 222 221 151 105 317 398 256 133 251 130 348 87 222 337 106 199 376 444 49 73 415 358 400 214 196 202 312 241 38 103
 192 98 296 189 310 207 196 270 225 241 215 262 232 296 200 63 224 98 281 109 366 155 297 74 245 180 231 25 194 114 73 166 66 1 139 285 104 197 156 142 92 284 309 294 77 214 97 243 180 236 68 112 175 315 303 103 240 88 87 173 60 304 146 243 268 313 36 315 166 283 273 273 224 277 249 260 262 114 223 312 241 273 67 196 347 371 223 77 100 366 290 251 319 92 200 313 288 102 96 391 246 354 57 300 268 114 314 393 311 224 367 321 262 212 62 140 205 305 20 207 82 400 308 353 268 336 11 307 399 78 257 175 140 121 252 357 282 152 199 309 309 224 248 286 323 298 251 323 235 110 253 116 184 243 232 37 51 99 307 214 287 71 99 219 81 49 151 282 170 129 191 304 258 323 243 6 135 170 21 163 149 249 157 221 166 126 159 215 277 335 75 310 50 147 244 363 214 320 234 304 204 215 149 114 83 86 39 97 210 271 161 163 87 56 254 352 196 81 189 150 318 46 171 278 59 140 323 397 66 32 361 318 340 159 145 154 250 190 87 38
 172 95 217 249 243 198 207 132 333 265 243 138 325 377 279 89 326 197 371 112 326 52 177 212 350 160 159 162 259 76 130 258 202 139 1 207 126 112 91 237 210 227 271 344 102 238 178 180 86 295 73 30 209 183 301 83 213 55 210 207 93 302 220 150 358 178 168 216 180 339 137 232 172 139 229 127 364 157 92 175 328 367 74 60 308 351 239 200 42 353 375 205 181 194 313 350 156 195 46 342 130 281 183 364 172 75 340 366 217 325 349 214 206 89 185 196 282 178 146 70 160 365 224 282 300 326 146 260 364 200 361 96 44 144 254 353 220 260 288 336 242 87 110 193 270 310 320 187 271 116 318 25 45 194 270 103 92 168 340 77 160 178 181 80 125 105 247 254 260 126 188 269 240 316 107 141 215 73 124 92 192 344 165 299 268 235 249 288 286 298 213 172 93 185 156 327 83 334 97 279 281 253 116 195 78 80 177 69 103 244 109 131 53 104 116 325 60 81 52 271 336 152 165 210 106 113 273 363 179 133 306 311 258 51 150 166 112 178 211 107
 117 294 12 234 39 124 155 186 357 186 185 123 325 342 274 271 342 265 353 179 135 254 108 336 364 121 55 295 246 175 221 282 345 285 207 1 189 98 133 276 295 45 96 270 294 179 240 46 123 253 248 211 187 157 167 285 97 240 300 187 228 166 242 60 343 172 291 55 160 276 169 74 69 202 109 153 369 200 153 197 316 357 244 218 121 178 166 297 214 189 348 63 209 370 350 254 149 257 233 142 103 75 341 305 50 280 232 183 42 340 178 78 45 135 346 213 273 132 277 178 345 174 27 76 217 171 295 76 173 295 368 118 170 181 149 200 32 306 295 231 39 181 186 36 75 193 285 186 208 179 276 222 195 61 209 261 263 357 243 217 129 350 366 190 211 281 283 103 280 163 136 99 115 167 168 289 247 136 283 128 197 340 156 284 303 293 275 271 176 116 333 203 264 191 53 139 154 209 181 120 272 204 138 243 271 274 319 195 108 100 125 126 226 284 190 148 217 273 211 335 219 261 138 19 289 147 81 173 347 300 104 166 56 251 158 161 206 126 371 250
 88 157 200 125 210 105 99 229 215 152 127 199 202 252 154 119 206 88 247 17 263 170 225 148 230 77 137 109 135 53 34 137 159 104 126 189 1 114 77 119 113 182 206 223 145 124 64 145 109 171 100 101 89 255 205 154 137 108 117 87 61 206 96 157 234 259 104 226 68 216 225 170 124 241 147 208 243 32 175 267 203 244 95 182 244 270 130 112 92 267 251 149 277 194 198 234 230 82 108 287 176 255 159 240 182 158 229 292 220 205 267 237 161 154 164 71 157 239 92 171 179 297 214 252 185 237 114 205 297 110 240 96 95 22 154 260 182 146 165 224 209 188 211 196 220 206 195 272 153 14 193 117 159 141 151 94 104 195 225 196 223 174 198 187 24 120 129 179 138 27 89 201 156 225 199 109 93 106 109 84 68 220 57 174 150 124 128 163 183 232 145 267 104 62 156 261 166 229 196 202 156 134 54 76 131 136 133 59 138 169 72 64 93 126 218 250 181 131 173 165 229 73 68 180 132 45 220 295 169 127 258 219 243 171 42 54 220 87 188 76
 90 197 108 205 132 114 137 138 318 190 175 91 296 331 244 175 306 201 334 100 216 161 112 256 330 83 48 210 217 83 142 238 260 197 112 98 114 1 41 225 226 117 163 277 197 170 176 70 27 240 152 114 156 147 207 188 115 143 230 155 138 207 195 48 322 154 209 119 122 277 128 126 67 154 133 109 340 137 87 168 292 334 149 134 199 246 164 225 117 251 334 99 180 277 304 273 124 194 136 231 65 172 252 306 73 183 258 259 116 304 245 126 97 62 256 165 245 128 192 101 250 255 118 172 226 225 206 150 255 223 337 23 73 117 166 254 109 254 260 255 131 111 127 91 159 223 271 168 204 101 265 125 109 87 204 169 168 262 263 139 113 257 272 117 132 187 234 151 238 92 113 163 144 217 110 200 196 40 191 35 153 313 110 260 256 235 230 246 200 189 254 171 169 145 50 218 81 244 116 176 243 191 63 184 174 178 233 102 33 142 44 63 130 189 133 218 133 176 126 277 250 181 98 99 193 71 162 254 255 207 195 213 151 159 102 114 143 100 282 160
 84 165 144 183 163 110 125 157 288 181 163 123 270 311 218 139 277 164 311 62 239 142 149 216 301 72 79 170 194 43 103 208 220 156 91 133 77 41 1 193 189 143 183 265 163 158 140 96 33 223 116 83 135 179 212 157 124 110 192 134 98 212 166 88 298 183 169 159 102 263 151 144 85 171 140 133 312 103 103 193 268 310 112 130 221 261 155 186 84 264 312 117 204 238 272 267 154 159 104 257 100 206 212 290 113 154 255 278 156 276 260 167 121 80 216 136 220 163 152 107 213 277 155 205 218 236 166 174 277 184 310 20 48 84 166 263 137 221 233 251 163 121 142 130 185 223 252 197 192 64 247 98 104 106 191 130 131 225 257 140 146 219 234 124 93 149 202 165 208 59 103 181 151 226 128 160 165 33 152 8 126 287 88 236 224 200 199 223 199 210 214 194 132 119 89 239 95 246 128 190 219 176 34 151 140 145 193 63 62 155 20 44 95 152 149 236 129 142 121 242 249 141 82 130 157 38 188 275 216 168 223 221 188 141 76 91 155 92 242 120
 160 235 287 69 284 157 129 346 98 142 121 314 92 154 61 195 90 46 141 135 303 273 336 119 114 158 234 125 66 170 108 25 150 142 237 276 119 225 193 1 60 253 254 163 216 123 60 232 225 106 187 209 95 370 212 237 193 203 68 94 149 214 36 262 128 375 111 323 117 150 342 229 209 359 192 325 128 91 292 384 100 134 183 296 285 287 138 76 198 277 149 220 394 214 81 190 346 44 207 332 289 327 170 162 284 245 198 313 314 89 283 339 237 271 176 64 67 352 123 289 219 327 302 323 154 248 147 262 326 74 124 209 212 110 171 261 258 31 57 194 283 305 328 294 280 197 112 388 125 132 116 222 274 217 121 163 179 236 186 311 337 197 230 304 113 186 11 223 29 135 142 247 195 235 317 146 30 223 160 199 80 110 122 81 32 28 18 77 181 273 114 385 179 86 258 297 283 214 314 237 66 109 163 44 214 218 140 170 253 214 182 164 193 193 335 278 295 213 287 62 207 100 140 262 198 157 277 324 188 173 314 230 324 276 125 117 338 152 187 147
 182 189 306 122 310 187 164 332 134 191 167 309 143 209 120 151 133 32 192 128 343 238 337 61 154 175 246 71 123 155 88 82 91 92 210 295 113 226 189 60 1 280 290 221 168 167 55 250 219 164 149 181 132 365 260 193 223 167 10 130 118 262 80 269 179 367 58 336 142 208 331 260 227 342 226 315 171 96 280 372 154 183 145 270 324 334 182 18 169 325 202 246 381 156 110 247 339 41 173 371 287 354 112 220 293 203 253 359 329 133 330 349 261 262 117 94 125 350 75 271 163 371 321 351 209 295 94 294 370 16 166 207 194 115 214 311 282 62 113 249 309 288 312 306 312 248 171 379 177 126 175 191 252 241 174 120 136 180 242 287 333 139 173 285 97 139 66 259 87 137 170 284 232 283 303 95 68 214 111 196 109 160 142 139 76 37 77 136 230 312 56 372 136 112 267 338 270 267 297 277 125 159 165 58 171 175 82 149 249 250 183 172 160 146 318 321 269 169 262 62 261 60 159 283 150 157 310 367 130 121 348 277 347 241 137 137 318 176 128 108
 99 307 49 203 32 97 126 226 327 148 151 163 293 304 243 279 311 249 317 176 101 277 152 326 332 107 70 290 215 181 215 256 340 284 227 45 182 117 143 253 280 1 53 229 304 146 225 49 142 216 256 225 160 200 123 299 63 252 286 161 230 122 218 93 308 216 284 97 139 236 209 32 61 242 70 192 336 186 187 240 282 322 252 247 84 137 131 285 226 146 311 35 252 372 322 211 191 240 246 116 140 76 339 265 91 296 189 146 84 309 137 121 23 166 344 192 241 176 273 210 351 140 63 72 176 127 294 36 140 282 336 132 186 170 110 156 14 283 265 187 31 215 223 80 43 149 248 230 171 174 239 238 223 42 172 265 269 365 200 249 172 352 372 223 205 287 259 59 253 156 112 56 75 123 205 288 225 155 285 139 176 306 139 251 277 273 249 238 133 76 323 245 270 170 84 103 186 165 216 75 240 169 137 225 282 286 314 201 136 58 130 122 237 291 228 108 246 284 239 313 175 254 121 28 296 146 47 139 347 302 81 121 74 275 146 144 242 105 368 251
 119 345 97 195 66 105 127 278 315 127 138 215 277 276 231 313 297 259 294 203 58 322 203 342 317 130 119 312 204 216 237 251 360 309 271 96 206 163 183 254 290 53 1 196 339 135 238 96 188 196 291 265 160 251 81 338 70 289 297 162 261 79 219 145 286 267 304 144 150 205 262 40 100 294 64 245 318 202 239 292 263 301 287 296 39 85 118 298 264 94 285 67 304 399 314 172 243 250 285 83 192 90 363 234 143 336 148 97 130 295 85 168 69 217 369 198 228 227 296 260 381 95 108 83 146 77 319 23 95 295 318 176 229 190 88 105 66 282 254 148 66 266 275 131 35 110 226 281 150 201 215 280 271 78 153 295 302 397 162 299 223 379 402 274 229 320 258 32 248 182 122 8 60 75 257 314 228 201 313 181 182 288 155 235 274 277 246 223 100 28 338 297 302 178 136 57 236 121 267 29 227 155 169 233 319 324 336 236 186 41 167 153 274 324 280 56 295 321 288 314 132 274 139 80 330 177 29 93 374 331 61 74 104 320 166 159 294 120 391 280
