NAME : domp200p66v5
COMMENT : (Deleplanque et al.) 
TYPE : DOMP
DIMENSION : 200
DISPLAY_DATA_TYPE: NO_DISPLAY
OPEN_FACILITIES : 66
COST_SECTION
 1 122 283 303 265 261 244 275 51 155 229 67 181 258 90 245 353 191 193 288 141 110 256 248 89 95 34 72 34 257 274 340 308 235 260 178 89 284 292 38 159 281 219 275 123 111 206 24 268 192 283 300 215 193 330 300 341 164 223 98 201 48 196 172 93 312 109 67 260 285 238 118 145 84 247 335 292 321 258 125 345 255 381 189 239 149 289 274 130 241 65 60 159 221 254 191 174 253 255 222 38 227 337 59 274 144 106 266 389 68 176 179 303 194 182 330 244 224 155 265 202 259 226 245 144 277 256 201 101 392 208 331 30 214 258 227 364 159 138 73 158 151 126 284 332 265 169 325 178 204 315 225 211 105 174 141 185 340 272 14 329 299 207 318 401 288 207 182 254 256 211 115 224 259 46 80 303 132 354 33 407 367 162 177 89 284 131 385 339 15 318 37 316 172 336 379 279 373 61 169
 122 1 213 216 231 196 124 191 117 113 220 174 207 221 40 125 235 126 170 169 29 169 150 168 191 189 90 183 93 148 153 221 198 115 257 61 110 163 218 107 54 179 157 260 86 173 123 145 154 147 248 222 96 74 241 188 225 124 102 121 150 75 111 66 107 235 164 168 145 170 141 106 118 132 253 220 180 209 139 158 246 150 262 121 153 76 213 164 145 243 60 159 121 140 154 149 76 206 135 172 153 168 245 151 254 84 30 156 281 58 164 131 193 146 61 210 144 109 48 219 198 204 112 186 28 232 140 97 23 276 158 222 105 98 175 173 246 123 158 133 138 50 169 222 212 145 81 205 158 90 209 118 142 50 91 95 188 232 157 135 220 236 123 201 285 168 229 62 136 241 107 165 151 223 105 150 234 95 260 150 297 254 147 57 47 171 168 272 227 114 239 143 204 53 235 260 170 260 93 48
 283 213 1 48 433 24 177 39 241 130 431 289 419 422 245 194 200 95 380 172 227 371 110 344 292 279 255 300 273 119 202 206 311 215 468 224 317 218 393 293 245 94 351 467 298 234 92 297 142 352 448 391 224 182 69 298 171 333 192 329 85 253 103 153 315 403 367 281 260 272 302 319 330 334 465 167 292 142 175 367 376 292 305 319 327 144 17 287 177 454 251 274 127 75 91 354 263 403 220 372 320 364 387 265 460 143 241 283 378 230 375 337 305 350 194 256 300 148 167 416 409 397 251 42 221 428 256 265 227 338 79 331 255 235 347 61 303 128 369 231 349 246 210 407 248 188 276 260 369 243 330 124 335 189 286 305 400 341 147 294 328 418 91 168 345 235 441 210 161 449 123 370 338 424 240 346 410 307 94 314 385 336 137 187 208 281 202 352 324 269 41 276 144 182 362 298 294 341 223 199
 303 216 48 1 422 65 153 29 265 155 426 318 422 411 252 169 157 115 375 137 225 381 85 328 323 311 272 329 288 93 172 164 282 193 463 214 324 187 373 307 239 59 340 459 299 268 99 319 112 345 437 370 206 170 29 269 127 329 172 336 116 267 110 151 321 382 377 310 235 243 284 321 329 344 462 124 264 99 147 373 348 270 265 309 310 156 31 261 210 451 262 302 154 83 70 348 254 391 195 362 340 352 361 292 452 160 245 258 344 244 373 330 276 342 184 219 280 131 169 404 407 383 232 81 218 415 232 251 234 299 113 300 275 218 329 98 265 155 373 259 348 241 245 391 211 159 268 225 366 228 302 109 324 202 278 303 400 310 115 315 297 400 98 127 306 204 442 199 134 443 114 378 325 414 262 359 390 306 54 334 349 301 171 179 221 254 237 315 292 289 30 301 102 176 333 258 268 305 244 192
 265 231 433 422 1 419 278 402 301 343 57 330 124 12 216 264 361 354 73 315 210 183 340 107 352 359 259 333 239 334 277 340 205 238 69 210 177 271 92 228 189 370 84 46 156 369 343 281 323 85 19 105 219 254 440 209 371 111 254 169 380 244 333 282 173 108 181 330 211 221 149 150 125 188 85 367 207 372 289 153 182 173 303 115 122 305 428 195 363 74 230 324 351 359 354 84 170 34 246 61 263 71 160 322 36 314 210 193 243 253 91 101 206 86 240 285 157 293 270 26 76 48 198 411 215 25 211 172 228 286 388 211 276 208 111 401 282 352 136 325 108 189 376 63 294 283 158 274 88 196 192 315 100 275 147 141 93 212 323 271 212 72 344 347 292 259 113 224 297 41 311 174 100 10 289 205 87 145 453 267 263 254 374 247 262 210 378 263 229 271 449 301 365 252 186 307 193 257 290 235
 261 196 24 65 419 1 173 46 218 108 415 266 401 408 227 189 209 74 364 174 212 351 109 334 269 256 233 277 252 118 201 213 307 209 452 212 298 217 383 272 231 99 339 452 281 211 77 275 143 338 435 382 215 171 90 294 180 317 184 310 62 232 87 138 296 394 347 258 254 268 293 301 313 314 448 177 288 151 173 348 372 285 309 305 317 125 36 282 154 438 231 251 104 62 90 340 250 390 216 359 298 351 382 242 446 123 224 277 378 209 359 322 301 335 182 258 291 142 152 403 393 385 242 19 206 416 251 255 209 340 56 328 233 226 338 38 305 105 350 208 333 232 187 396 251 186 263 262 353 233 326 116 323 169 273 289 383 339 147 272 325 408 77 175 348 234 423 198 159 434 114 350 327 411 218 326 400 290 115 292 385 337 114 174 187 277 179 353 323 247 64 254 152 168 358 302 288 341 201 186
 244 124 177 153 278 173 1 140 229 163 291 289 303 267 161 17 112 140 242 47 113 282 70 178 303 298 212 299 216 61 36 97 135 42 327 84 223 52 222 230 113 96 195 318 182 270 111 266 46 208 291 218 60 52 167 122 106 199 28 232 166 197 108 83 218 230 277 282 84 96 134 208 205 248 329 102 116 98 16 264 200 119 156 170 161 126 167 111 222 317 183 273 169 118 87 211 120 245 44 220 276 207 211 264 309 139 148 107 209 178 244 196 129 204 65 101 129 36 95 257 276 236 82 174 108 268 81 107 146 180 171 157 224 71 179 174 146 171 258 238 222 119 256 240 99 23 135 100 236 84 154 59 180 149 143 180 273 167 46 257 154 249 111 81 189 65 319 72 21 303 68 277 179 269 220 269 239 187 177 273 219 170 201 68 159 105 252 187 152 235 182 260 91 74 186 152 117 175 204 78
 275 191 39 29 402 46 140 1 236 126 404 290 397 392 226 157 165 87 353 134 201 354 72 311 295 283 244 301 260 81 164 169 273 179 441 193 298 180 358 280 217 56 320 438 274 241 71 291 104 324 418 356 190 150 57 260 136 306 157 310 89 239 82 127 295 368 350 281 223 234 268 296 305 317 439 132 255 106 137 347 339 257 267 289 293 129 28 250 182 428 235 274 126 55 54 326 233 372 183 342 311 333 351 264 431 131 220 246 340 216 350 309 267 321 163 218 265 114 144 385 384 365 216 59 195 397 220 233 207 299 86 293 247 201 313 73 265 127 348 230 324 219 218 374 210 150 247 222 343 210 293 90 304 174 257 280 376 303 108 286 290 384 70 131 307 197 418 179 124 421 92 352 307 394 234 332 375 282 82 306 346 298 145 157 193 244 210 313 286 261 49 273 108 153 324 260 257 302 216 170
 51 117 241 265 301 218 229 236 1 112 271 61 228 293 99 234 334 151 230 269 143 159 228 269 76 73 43 71 64 231 262 323 313 229 303 177 129 275 316 80 165 250 246 316 150 68 171 58 246 223 319 323 212 181 293 304 317 194 212 140 157 60 162 150 131 335 157 54 261 285 251 152 178 129 291 312 296 295 242 171 358 264 376 212 257 117 248 279 80 285 77 45 115 185 223 223 184 285 248 252 84 255 354 36 314 109 113 271 397 62 215 208 308 224 172 323 256 203 135 298 244 289 228 201 143 311 256 210 101 391 164 338 27 214 278 182 361 114 182 25 194 159 78 312 323 251 183 319 215 206 323 199 235 82 191 168 228 347 250 58 335 328 172 296 400 281 253 177 235 297 185 163 247 295 14 129 329 161 317 77 413 370 113 166 73 287 82 388 343 38 278 37 291 158 348 373 285 376 26 161
 155 113 130 155 343 108 163 126 112 1 329 164 304 333 133 174 249 41 280 190 138 249 134 276 170 160 127 175 147 140 198 243 282 182 365 154 199 214 327 168 162 149 269 370 193 120 68 168 161 259 360 329 176 130 183 270 226 235 158 212 48 128 63 86 199 342 245 156 226 246 243 208 226 212 358 221 263 200 172 249 340 244 318 233 260 44 137 250 64 349 130 148 9 78 124 260 184 318 197 285 191 281 344 139 365 32 135 244 363 107 271 243 276 258 132 263 244 129 86 332 304 317 201 91 133 345 221 199 118 342 55 306 126 183 282 74 308 11 254 105 245 160 101 333 260 184 192 262 267 183 298 113 254 71 202 205 292 317 166 165 304 347 69 209 350 226 328 145 160 351 99 249 262 335 111 222 343 203 207 185 376 328 40 123 88 252 95 346 307 141 166 148 198 114 328 313 257 334 94 128
 229 220 431 426 57 415 291 404 271 329 1 291 69 58 197 279 385 345 52 333 204 135 348 140 313 322 229 292 207 342 297 365 242 254 38 215 143 294 141 193 188 378 103 47 137 337 340 242 335 84 69 154 232 258 447 244 391 99 265 132 369 216 329 279 140 159 134 293 236 251 175 123 104 147 40 387 240 388 304 108 230 202 341 122 150 295 428 226 339 27 206 287 336 356 359 81 175 75 265 79 221 95 209 287 48 301 195 221 291 229 59 97 242 88 244 315 183 300 264 76 28 91 215 405 211 80 235 185 212 328 377 252 244 222 147 393 320 337 93 295 84 186 347 114 324 300 159 305 63 209 233 319 116 258 151 127 45 255 336 232 253 125 340 366 335 285 57 229 310 29 313 126 123 58 259 160 139 127 463 225 311 296 356 249 243 241 350 307 269 237 452 264 381 252 231 344 225 300 263 235
 67 174 289 318 330 266 289 290 61 164 291 1 238 323 150 293 393 204 258 329 198 164 287 313 23 33 87 12 99 290 322 383 367 287 320 233 155 334 358 104 218 308 285 337 189 69 227 50 305 259 348 366 269 240 346 359 377 230 271 163 206 106 219 210 159 378 163 9 317 342 301 184 211 145 305 372 351 354 302 185 408 316 435 255 304 175 298 334 116 301 124 17 165 240 281 257 235 319 306 288 74 293 402 27 338 166 164 326 450 117 241 245 363 261 231 382 307 263 195 331 264 325 283 249 199 343 312 262 155 448 211 391 70 270 323 230 419 164 200 60 224 211 93 350 382 311 232 377 243 261 376 259 277 141 238 207 247 401 310 60 389 366 228 356 457 340 263 234 295 319 244 170 290 325 70 134 370 199 371 68 467 426 155 225 131 342 100 443 398 66 328 34 350 217 399 432 339 431 86 219
 181 207 419 422 124 401 303 397 228 304 69 238 1 123 175 294 406 328 78 348 200 75 350 183 258 269 190 237 167 346 316 387 283 271 87 221 106 317 198 149 192 380 142 110 125 291 329 189 344 111 137 211 247 261 446 282 407 107 276 94 349 181 317 272 107 218 75 240 264 283 208 102 98 99 69 403 277 399 317 58 283 235 380 144 189 277 419 260 303 68 175 236 311 346 358 107 185 134 286 123 165 139 265 238 114 281 179 254 342 199 65 116 281 116 246 346 217 303 255 139 51 149 237 388 206 146 262 204 193 373 357 297 202 238 192 374 359 312 51 251 83 187 305 175 354 316 169 337 75 224 277 319 149 235 163 124 39 302 346 181 297 188 329 382 380 310 27 234 321 95 310 68 161 123 218 104 200 118 464 170 363 341 326 249 217 275 309 354 313 192 445 214 393 250 282 382 261 346 226 235
 258 221 422 411 12 408 267 392 293 333 58 323 123 1 206 253 351 343 66 304 199 179 329 98 345 352 251 326 231 323 267 331 196 227 75 199 169 261 86 221 178 359 73 55 146 360 332 274 312 75 29 99 209 243 430 200 360 101 243 161 369 235 322 271 165 103 176 323 201 211 139 142 116 181 89 357 198 361 278 148 176 163 295 104 112 295 417 186 353 78 221 316 341 348 343 74 160 24 235 51 257 61 155 315 45 303 200 183 237 243 84 91 197 76 229 275 147 282 259 19 73 39 187 401 205 24 201 162 218 279 377 204 267 197 102 391 274 342 131 317 100 178 367 58 285 272 147 265 81 186 184 304 89 265 137 131 90 205 312 263 204 68 333 337 285 249 114 214 287 47 300 169 89 3 281 199 83 135 443 260 257 247 364 236 252 201 369 256 221 263 438 293 354 241 179 299 184 250 281 224
 90 40 245 252 216 227 161 226 99 133 197 150 175 206 1 160 272 154 149 207 53 131 188 171 169 170 63 157 58 187 189 257 219 147 233 89 73 197 219 70 70 217 151 239 62 164 156 114 192 133 234 225 126 111 277 211 263 106 138 85 175 45 145 104 71 238 126 146 171 195 153 76 95 94 226 258 203 248 176 123 260 168 292 116 159 103 246 186 148 217 27 137 140 173 192 134 87 195 167 161 118 161 256 131 235 107 16 178 302 40 139 117 214 133 97 242 158 148 85 208 172 197 136 214 56 221 166 113 19 302 184 243 81 125 179 200 275 141 125 120 114 63 165 218 245 181 85 236 135 114 227 156 138 63 92 76 160 252 196 103 241 232 157 239 311 200 198 94 174 220 144 128 150 208 86 112 233 73 298 116 319 278 160 95 48 195 166 296 250 85 273 117 242 91 251 290 191 284 80 84
 245 125 194 169 264 189 17 157 234 174 279 293 294 253 160 1 116 154 231 55 110 277 86 163 309 304 214 303 216 78 30 99 119 27 315 77 218 42 206 229 106 112 182 305 176 277 125 268 61 197 277 202 48 54 182 106 114 189 24 227 180 198 122 92 214 214 272 287 67 80 119 201 197 244 318 110 100 110 26 258 184 103 147 159 146 136 183 94 231 306 183 278 181 134 104 200 110 232 28 207 276 194 195 269 296 149 146 91 194 180 234 185 113 192 65 92 114 50 102 243 265 222 68 190 106 254 64 95 147 169 186 141 227 59 163 189 135 183 251 244 212 113 265 225 91 23 126 90 226 72 138 75 167 154 133 172 263 152 60 259 138 234 125 89 177 53 309 68 36 291 82 271 165 256 224 266 223 179 192 274 205 156 213 70 163 89 261 174 138 237 198 264 103 77 170 143 101 162 208 77
 353 235 200 157 361 209 112 165 334 249 385 393 406 351 272 116 1 214 339 67 224 392 116 255 406 399 320 404 326 110 91 22 171 137 418 192 333 92 287 341 221 112 284 405 291 365 183 375 90 304 371 279 161 162 151 161 31 301 137 342 233 307 186 185 328 287 387 386 151 143 213 316 310 359 424 34 160 60 97 372 230 189 116 267 240 222 185 168 311 412 294 377 253 180 130 308 223 328 122 309 386 294 250 368 395 233 259 170 207 287 345 294 167 299 176 87 205 132 201 338 374 315 172 220 219 346 151 204 257 153 235 180 332 169 252 229 123 255 365 339 324 228 348 312 76 93 238 97 336 183 190 138 270 254 244 286 374 187 85 367 178 316 182 40 158 103 420 182 101 392 153 386 265 353 325 380 302 293 144 383 207 164 282 179 267 154 342 175 166 343 181 367 58 183 217 108 172 167 308 189
 191 126 95 115 354 74 140 87 151 41 345 204 328 343 154 154 214 1 295 160 145 278 99 277 210 199 161 215 179 106 174 210 268 166 382 152 224 191 327 199 167 111 276 384 210 159 33 206 129 271 371 328 166 118 143 256 191 249 141 237 29 159 33 77 223 341 274 196 212 231 239 229 243 241 377 186 249 163 146 275 330 236 293 241 260 52 99 238 101 367 157 188 42 39 86 273 188 327 179 294 227 288 336 178 379 50 152 233 347 136 288 255 262 269 125 238 239 105 85 340 322 323 192 61 140 353 208 197 137 319 36 292 162 175 282 48 284 44 278 145 263 166 138 337 234 160 198 239 283 178 285 84 260 95 209 220 312 302 135 202 289 349 34 175 328 205 351 140 133 366 73 277 266 345 149 253 344 220 168 222 357 309 69 116 114 237 132 326 290 177 129 187 162 109 317 287 245 314 131 125
 193 170 380 375 73 364 242 353 230 280 52 258 78 66 149 231 339 295 1 284 153 117 297 106 280 287 188 261 167 292 250 319 206 206 89 164 105 249 125 156 137 328 65 91 88 297 289 209 286 36 91 137 183 208 396 206 343 48 215 97 319 173 278 228 101 146 114 258 193 209 133 79 56 117 89 339 202 339 255 86 207 161 304 73 112 245 377 185 294 77 161 252 287 305 308 33 124 67 219 47 192 61 189 250 87 252 146 180 265 184 20 47 205 41 193 274 142 249 213 76 36 78 169 354 160 87 191 137 163 296 327 220 204 173 115 342 283 289 68 254 37 135 305 105 281 252 109 264 16 160 200 268 73 210 100 77 40 225 287 199 220 120 289 318 303 240 84 178 261 72 262 107 84 67 218 135 129 78 412 195 286 264 309 198 196 201 308 277 236 199 401 229 332 201 205 307 186 269 220 184
 288 169 172 137 315 174 47 134 269 190 333 329 348 304 207 55 67 160 284 1 160 329 67 211 342 336 255 339 261 58 40 55 147 80 367 130 269 52 251 275 159 80 234 357 229 304 129 310 33 250 327 245 102 97 144 135 60 243 74 279 183 242 130 120 265 255 324 322 108 111 167 254 251 295 371 56 131 58 32 310 213 147 137 212 195 160 159 132 252 359 228 313 196 130 86 253 164 282 70 259 321 246 228 304 348 171 194 131 208 221 288 239 142 246 111 85 161 67 136 293 319 271 119 180 154 303 107 148 192 167 187 165 266 112 210 185 132 198 304 276 266 165 288 272 78 33 179 90 279 126 168 78 219 189 186 225 317 174 28 301 162 279 128 35 175 69 363 119 35 343 92 323 216 306 261 316 267 232 148 317 214 166 227 113 201 122 283 181 156 278 166 302 51 118 199 130 138 170 244 124
 141 29 227 225 210 212 113 201 143 138 204 198 200 199 53 110 224 145 153 160 1 171 151 141 216 215 112 206 110 148 138 208 172 96 242 38 111 146 192 121 26 182 133 241 76 201 136 165 149 127 227 195 74 65 247 162 218 107 88 121 171 95 126 76 107 208 166 193 121 145 113 100 105 136 239 213 154 205 128 155 218 123 241 97 126 97 225 138 172 228 77 184 146 153 159 129 49 183 115 150 169 145 217 176 235 107 38 130 255 82 150 111 167 125 50 191 116 106 61 196 184 180 87 203 7 209 116 69 44 252 179 196 128 74 148 192 224 147 152 160 124 23 197 197 193 132 55 185 143 65 182 120 117 78 66 79 176 205 152 154 194 210 137 193 261 148 219 43 128 223 112 165 125 201 130 157 207 83 265 167 271 229 173 51 74 145 196 247 202 135 249 166 199 51 208 239 143 235 120 38
 110 169 371 381 183 351 282 354 159 249 135 164 75 179 131 277 392 278 117 329 171 1 317 209 184 195 125 163 103 315 303 375 296 258 159 201 61 308 239 83 172 347 170 180 104 219 284 116 318 136 199 250 234 235 407 293 387 115 256 51 295 121 273 233 65 260 6 167 265 287 219 80 97 38 143 382 286 375 297 33 313 244 387 154 208 228 373 268 237 140 121 163 254 301 322 133 174 183 276 160 91 171 299 165 182 229 140 261 368 143 98 131 294 140 220 346 228 274 215 191 110 194 232 337 176 201 261 200 149 387 302 316 134 228 219 320 367 255 50 182 96 166 235 221 351 300 161 337 105 214 296 285 169 183 160 114 92 322 321 109 315 236 285 362 396 305 100 211 298 163 274 11 183 180 151 32 245 104 427 97 388 358 264 220 164 282 240 373 328 123 401 142 368 218 309 388 271 363 162 207
 256 150 110 85 340 109 70 72 228 134 348 287 350 329 188 86 116 99 297 67 151 317 1 244 297 289 223 298 234 10 93 113 202 110 384 134 258 109 290 252 161 32 258 379 226 252 68 276 35 265 355 287 123 90 101 189 93 252 89 269 119 213 72 87 255 298 313 279 152 163 200 250 254 281 385 88 183 68 66 305 267 187 202 229 227 113 99 179 197 373 204 271 138 66 20 268 174 309 112 281 292 270 279 261 371 122 179 176 270 191 297 251 196 262 106 150 197 49 105 321 330 301 148 114 145 332 149 169 170 233 122 222 231 135 246 119 198 140 302 230 272 165 234 307 144 79 189 154 289 145 221 33 242 152 198 228 324 232 40 269 219 316 67 77 241 126 369 120 52 362 46 313 242 332 222 299 307 233 116 287 277 229 167 102 168 173 228 245 215 244 113 263 65 102 253 196 186 233 204 116
 248 168 344 328 107 334 178 311 269 276 140 313 183 98 171 163 255 277 106 211 141 209 244 1 335 337 230 319 216 237 173 234 103 137 169 125 171 166 52 214 115 272 42 152 126 333 260 269 223 76 118 56 122 164 343 105 265 95 156 170 304 211 251 201 165 69 205 311 105 115 45 140 115 193 178 262 102 268 187 178 105 67 202 61 18 234 337 89 311 166 193 303 284 274 259 79 93 74 142 63 261 47 92 298 142 245 159 86 161 210 121 79 103 71 154 179 51 198 194 84 138 62 97 329 144 93 106 81 174 191 312 115 247 111 11 322 181 286 163 290 115 119 333 64 188 180 89 168 111 103 95 222 41 217 80 109 146 119 222 258 115 74 260 242 198 153 187 138 197 141 222 199 27 99 256 217 68 119 354 262 182 159 312 162 210 104 333 172 131 248 356 281 261 169 101 205 87 164 250 152
 89 191 292 323 352 269 303 295 76 170 313 23 258 345 169 309 406 210 280 342 216 184 297 335 1 17 107 23 120 301 337 396 386 304 341 251 177 349 379 126 237 317 307 359 211 62 236 72 317 281 370 387 286 255 351 377 388 252 287 184 209 126 228 223 181 400 184 25 335 360 321 206 233 166 326 383 369 365 316 206 428 336 451 276 325 186 302 352 116 322 144 34 170 247 290 279 255 341 323 310 94 315 423 41 359 176 184 345 469 135 263 267 381 282 247 398 326 276 209 352 286 347 302 251 217 365 331 281 174 466 214 410 90 288 344 232 436 169 221 68 246 230 88 372 398 326 252 394 265 280 395 270 298 156 258 229 268 420 322 82 408 387 237 368 475 356 283 251 309 340 255 191 311 346 87 155 391 220 376 89 486 444 156 241 147 360 96 462 417 87 331 55 361 233 419 448 358 450 101 236
 95 189 279 311 359 256 298 283 73 160 322 33 269 352 170 304 399 199 287 336 215 195 289 337 17 1 109 36 124 292 332 389 385 300 351 249 184 345 383 132 237 307 311 368 215 47 226 81 310 286 377 391 284 251 339 376 380 257 282 192 197 127 219 217 188 403 195 30 333 358 322 212 239 175 336 375 368 356 310 216 429 336 447 279 327 178 289 351 103 332 146 36 159 237 281 285 256 347 319 315 105 319 424 40 368 168 184 344 469 134 270 272 380 288 243 394 327 269 203 359 295 353 300 238 215 371 328 281 173 463 201 410 91 286 346 219 433 157 230 61 253 230 73 377 393 320 253 390 272 278 395 262 302 151 260 233 277 419 315 90 407 392 227 360 472 352 294 248 302 349 247 202 315 353 85 165 395 225 364 100 485 442 143 236 144 359 81 460 415 91 319 60 352 229 420 444 357 448 97 233
 34 90 255 272 259 233 212 244 43 127 229 87 190 251 63 214 320 161 188 255 112 125 223 230 107 109 1 95 24 224 242 308 281 204 263 149 88 253 276 43 132 249 205 275 109 110 175 56 235 181 277 283 185 161 299 273 307 153 191 99 174 20 164 139 90 296 122 84 232 256 215 110 136 92 251 302 265 288 226 133 322 230 351 172 219 117 259 247 114 245 38 75 132 190 222 181 149 243 224 210 70 213 317 69 273 114 78 240 364 35 173 167 276 182 150 300 220 191 122 256 203 248 198 218 114 269 227 176 70 363 182 305 19 185 239 200 335 133 142 67 152 125 119 271 301 233 146 294 173 176 290 192 194 73 152 126 187 314 239 47 303 286 176 285 372 257 215 151 221 255 178 127 207 253 31 97 289 119 322 65 381 340 140 145 56 256 122 357 312 24 289 55 283 139 313 349 253 346 38 138
 72 183 300 329 333 277 299 301 71 175 292 12 237 326 157 303 404 215 261 339 206 163 298 319 23 36 95 1 105 300 332 393 375 296 320 242 158 343 363 108 226 319 290 338 195 77 238 53 316 263 350 371 278 250 357 367 387 235 281 165 217 113 230 220 163 384 163 20 326 350 308 188 215 147 305 382 359 365 312 186 415 324 444 260 310 186 309 342 126 301 132 28 176 251 292 261 243 323 316 292 73 298 408 38 339 177 172 334 458 126 243 250 371 265 241 391 314 273 205 334 266 330 292 259 208 346 321 270 164 457 222 399 79 279 329 240 428 175 201 71 227 219 102 355 392 321 239 387 246 270 384 269 282 152 244 212 248 408 321 64 397 370 239 366 466 349 262 243 305 320 254 170 295 327 80 134 374 204 382 68 475 434 165 234 141 350 110 452 406 73 339 41 361 227 406 441 347 440 97 229
 34 93 273 288 239 252 216 260 64 147 207 99 167 231 58 216 326 179 167 261 110 103 234 216 120 124 24 105 1 234 245 312 274 204 240 146 65 254 260 22 126 261 188 253 92 131 190 57 243 163 257 268 183 165 315 267 315 134 193 77 194 22 179 149 68 281 100 97 228 252 205 90 116 69 229 310 259 297 231 110 311 222 349 157 206 132 277 241 137 222 34 89 153 206 234 162 141 225 224 192 61 196 305 85 251 131 73 233 356 45 152 149 270 165 153 299 211 198 130 237 180 230 193 237 113 249 223 168 71 359 202 298 38 182 225 220 332 153 120 88 132 119 141 254 302 237 135 293 152 171 281 202 179 87 141 110 165 307 247 46 296 269 191 291 368 257 192 151 227 234 189 104 192 233 53 75 272 102 337 59 374 335 162 149 68 251 145 352 306 34 306 66 292 144 303 348 246 340 61 140
 257 148 119 93 334 118 61 81 231 140 342 290 346 323 187 78 110 106 292 58 148 315 10 237 301 292 224 300 234 1 84 106 193 102 379 129 256 100 282 251 157 37 251 373 222 257 74 277 26 260 348 279 116 86 108 180 89 247 82 267 127 214 77 86 252 290 311 282 144 154 193 247 250 279 379 84 174 65 57 302 259 179 194 223 219 116 108 171 202 368 203 273 144 73 29 263 169 302 104 275 292 264 271 264 364 126 177 167 261 191 292 246 187 256 101 141 189 44 105 314 325 294 141 123 142 326 141 162 169 224 130 213 232 128 238 128 189 146 299 233 268 161 239 300 135 70 184 145 284 138 212 33 235 153 193 224 320 223 31 270 210 309 73 71 232 117 364 115 44 357 47 311 236 325 224 298 299 229 121 288 268 220 173 99 169 164 233 236 206 245 121 265 61 99 244 187 177 224 206 112
 274 153 202 172 277 201 36 164 262 198 297 322 316 267 189 30 91 174 250 40 138 303 93 173 337 332 242 332 245 84 1 73 111 47 332 104 245 18 212 258 132 114 197 320 201 305 144 297 61 215 289 206 71 83 181 98 95 211 53 253 200 227 142 118 240 216 298 315 70 73 129 227 220 271 336 91 94 97 29 283 177 108 121 178 157 162 190 94 257 324 212 306 204 150 112 219 133 244 33 222 305 209 191 297 310 174 174 92 178 209 255 205 105 211 93 66 123 71 129 255 285 233 83 204 134 265 68 114 175 146 204 130 256 79 172 206 111 207 275 272 234 139 292 234 63 16 148 65 246 93 131 91 183 182 154 196 284 140 58 288 127 240 144 71 155 34 330 96 43 306 102 297 179 269 252 293 228 204 187 302 187 138 236 98 192 84 287 154 123 266 200 292 90 105 163 116 99 143 237 106
 340 221 206 164 340 213 97 169 323 243 365 383 387 331 257 99 22 210 319 55 208 375 113 234 396 389 308 393 312 106 73 1 151 119 398 175 316 72 266 326 204 115 264 384 273 357 179 362 83 284 351 258 143 148 162 141 44 282 121 325 231 294 181 174 311 267 370 376 130 122 193 298 292 342 404 44 140 67 83 354 211 168 103 247 220 213 191 147 305 392 279 367 247 177 129 288 205 307 103 289 372 274 230 357 374 225 244 149 191 274 326 275 147 280 161 68 185 121 189 317 355 295 152 221 203 326 131 185 243 139 234 161 319 150 231 229 107 249 347 329 305 210 341 291 57 77 220 78 316 165 170 131 250 242 225 267 355 168 77 354 158 295 178 39 145 82 400 166 89 372 145 369 244 332 314 364 282 275 157 369 191 147 278 164 254 133 336 159 147 330 190 355 63 170 197 95 151 150 297 174
 308 198 311 282 205 307 135 273 313 282 242 367 283 196 219 119 171 268 206 147 172 296 202 103 386 385 281 375 274 193 111 151 1 103 269 138 247 97 121 280 150 224 142 250 199 369 242 331 171 172 211 111 108 154 290 14 189 184 128 251 296 263 237 197 242 118 292 363 58 40 78 220 201 273 280 187 21 201 137 268 67 54 100 144 95 240 299 35 333 267 245 354 290 251 220 176 135 173 92 165 329 149 82 347 239 253 204 43 85 253 219 170 7 168 153 86 70 168 200 180 239 158 87 308 171 186 62 107 214 92 302 26 298 103 96 307 79 292 255 330 207 158 363 148 96 124 143 75 209 108 21 193 134 242 141 185 245 36 168 320 23 149 242 170 100 79 288 142 150 241 199 288 123 198 301 297 135 195 294 329 101 63 322 162 244 32 360 79 33 304 310 335 195 171 53 104 29 68 290 160
 235 115 215 193 238 209 42 179 229 182 254 287 271 227 147 27 137 166 206 80 96 258 110 137 304 300 204 296 204 102 47 119 103 1 289 60 200 51 181 216 87 137 156 279 156 278 141 258 87 171 251 178 25 54 208 90 138 166 26 208 194 188 135 97 195 189 253 281 47 66 93 181 174 226 293 134 83 135 52 237 166 78 149 134 120 141 206 74 235 280 172 272 189 151 127 175 87 205 21 181 264 168 174 264 270 154 133 69 183 172 210 160 97 167 58 96 88 68 102 217 241 195 41 208 92 227 43 70 136 165 200 127 219 34 138 206 134 191 229 241 189 94 268 200 98 47 103 91 201 48 120 93 141 151 109 150 239 137 86 248 124 208 141 113 174 54 285 55 61 265 98 251 139 229 218 249 198 158 218 262 195 148 221 65 157 72 264 166 126 228 222 256 128 74 152 146 81 154 204 69
 260 257 468 463 69 452 327 441 303 365 38 320 87 75 233 315 418 382 89 367 242 159 384 169 341 351 263 320 240 379 332 398 269 289 1 251 176 328 160 225 225 415 136 31 174 369 377 271 371 120 72 173 268 295 484 273 425 136 301 165 406 251 366 316 174 175 159 322 269 281 207 159 141 177 22 422 270 423 339 136 250 233 368 157 181 332 465 256 374 20 241 317 372 393 396 117 211 98 300 111 248 125 228 318 40 338 232 252 311 265 95 134 270 124 280 346 215 336 302 93 62 113 250 442 248 92 268 220 248 353 414 278 277 257 174 430 347 374 123 327 121 223 380 131 355 335 196 336 100 244 258 356 150 295 187 164 77 279 372 262 278 139 377 401 359 317 65 265 346 29 350 152 155 74 292 187 155 164 499 253 331 321 392 286 279 272 384 330 295 269 489 294 416 289 253 372 255 324 297 272
 178 61 224 214 210 212 84 193 177 154 215 233 221 199 89 77 192 152 164 130 38 201 134 125 251 249 149 242 146 129 104 175 138 60 251 1 142 110 176 157 30 165 128 247 100 232 136 201 124 133 226 177 38 45 234 128 189 119 57 151 180 131 127 76 137 190 196 228 85 109 89 125 124 168 252 184 120 180 98 182 190 93 204 97 109 112 218 104 198 240 114 219 162 151 146 135 41 180 79 150 206 141 191 211 239 123 74 97 222 118 164 118 133 129 31 154 91 86 70 193 197 174 52 206 35 205 80 46 79 216 187 163 164 38 130 198 187 164 176 193 140 37 226 186 157 100 56 148 156 31 150 106 112 105 65 98 192 173 126 191 160 198 136 164 225 112 238 15 101 230 102 195 116 202 165 190 193 104 249 204 237 194 192 38 107 111 224 212 167 172 240 202 173 45 178 202 111 200 153 28
 89 110 317 324 177 298 223 298 129 199 143 155 106 169 73 218 333 224 105 269 111 61 258 171 177 184 88 158 65 256 245 316 247 200 176 142 1 250 209 53 114 288 137 188 50 195 228 106 259 107 194 219 176 175 349 242 328 79 197 14 244 76 217 175 7 230 56 155 211 234 172 32 59 27 165 323 235 315 238 51 273 194 334 112 165 174 318 217 199 158 70 148 206 245 263 105 119 166 218 135 93 142 262 147 187 176 81 210 324 94 88 95 244 109 160 290 179 215 157 177 116 173 177 285 117 189 207 146 91 337 252 269 102 171 181 269 315 207 57 153 70 107 206 198 294 241 107 282 89 158 250 226 131 130 108 65 100 276 262 96 267 214 229 303 346 249 131 152 238 169 215 56 145 171 118 51 219 54 369 95 343 309 221 160 112 230 209 325 280 96 345 125 309 158 267 334 221 315 123 148
 284 163 218 187 271 217 52 180 275 214 294 334 317 261 197 42 92 191 249 52 146 308 109 166 349 345 253 343 254 100 18 72 97 51 328 110 250 1 202 266 137 129 193 315 205 319 161 307 77 213 282 196 75 95 194 84 101 211 64 258 216 237 158 133 245 205 303 328 61 60 123 230 222 277 333 98 80 107 46 286 162 100 106 176 150 176 206 83 272 321 221 318 220 166 129 217 136 238 33 218 314 204 177 310 305 189 183 82 162 220 255 204 91 209 104 51 116 87 143 249 284 226 81 221 142 258 61 114 185 130 221 115 267 81 164 223 95 222 277 285 235 145 306 225 50 33 150 49 245 95 117 108 179 195 155 198 284 124 73 297 112 231 160 78 138 18 330 104 60 302 119 301 174 263 264 299 218 207 199 312 170 121 252 110 203 71 302 138 107 276 215 304 100 117 148 101 88 126 249 116
 292 218 393 373 92 383 222 358 316 327 141 358 198 86 219 206 287 327 125 251 192 239 290 52 379 383 276 363 260 282 212 266 121 181 160 176 209 202 1 257 166 317 74 136 170 381 309 312 266 105 95 14 170 213 387 128 301 131 203 206 355 258 301 251 204 22 235 356 143 145 91 178 152 229 174 299 128 308 230 207 91 105 215 105 68 285 385 121 361 163 240 348 335 323 306 108 144 67 183 80 301 69 70 344 125 296 208 121 152 258 143 115 123 102 204 205 94 246 244 68 149 51 143 379 195 70 145 131 224 196 362 123 294 158 47 373 195 337 190 338 145 170 383 30 215 221 139 194 135 152 105 270 83 267 129 152 161 123 264 301 124 30 310 280 202 187 195 188 241 132 271 229 70 87 303 252 18 160 396 303 172 164 363 212 260 134 383 172 140 294 402 326 301 220 95 220 116 167 298 203
 38 107 293 307 228 272 230 280 80 168 193 104 149 221 70 229 341 199 156 275 121 83 252 214 126 132 43 108 22 251 258 326 280 216 225 157 53 266 257 1 134 279 184 239 89 145 210 57 259 156 246 265 194 179 334 273 331 128 207 62 215 42 199 166 57 277 80 103 236 260 207 81 108 50 212 326 265 314 245 92 313 227 359 155 206 152 297 247 156 206 49 97 173 226 253 155 146 216 235 185 51 191 304 95 238 151 84 239 360 65 140 143 276 158 166 310 214 214 148 228 166 223 201 257 125 240 231 174 85 366 222 302 54 191 224 240 341 174 103 104 122 126 157 248 313 250 139 303 141 180 285 220 176 107 143 106 150 311 263 45 301 263 211 307 375 268 174 163 242 220 207 85 190 222 70 55 268 97 356 50 378 341 182 163 88 258 161 357 312 45 326 73 309 159 305 357 252 346 80 153
 159 54 245 239 189 231 113 217 165 162 188 218 192 178 70 106 221 167 137 159 26 172 161 115 237 237 132 226 126 157 132 204 150 87 225 30 114 137 166 134 1 192 110 223 71 225 155 182 154 108 205 169 63 72 260 142 218 92 86 122 194 114 145 94 109 183 167 214 103 127 88 96 95 140 225 214 134 209 128 152 194 100 226 75 100 121 241 117 198 213 95 205 170 171 171 110 23 161 105 129 183 122 192 198 216 131 55 109 233 104 136 93 146 105 56 178 92 114 83 174 170 157 68 224 30 187 98 45 66 234 202 174 149 59 122 214 208 172 146 183 112 9 222 172 182 129 32 171 129 47 159 132 94 103 43 69 164 183 155 171 172 185 156 193 243 137 209 43 130 205 126 166 101 180 153 163 182 75 276 182 250 210 198 61 99 126 221 227 181 154 265 186 202 65 184 225 122 215 143 48
 281 179 94 59 370 99 96 56 250 149 378 308 380 359 217 112 112 111 328 80 182 347 32 272 317 307 249 319 261 37 114 115 224 137 415 165 288 129 317 279 192 1 287 409 256 268 82 300 54 296 384 313 152 121 72 211 84 282 118 299 125 240 90 115 284 325 342 300 178 185 229 280 285 310 415 80 206 56 90 335 290 214 212 259 255 135 80 204 211 403 231 292 152 73 28 299 205 338 137 311 317 300 303 282 401 143 208 201 287 217 327 282 218 292 136 163 224 80 133 351 361 330 176 108 175 362 175 199 199 245 126 243 255 164 274 118 210 154 332 250 303 196 248 335 156 101 220 169 319 175 244 63 272 177 229 258 355 252 57 294 240 344 81 77 252 146 399 151 77 393 74 343 272 361 245 327 334 263 85 313 293 245 178 133 194 196 241 260 234 269 88 286 56 132 275 205 210 249 227 146
 219 157 351 340 84 339 195 320 246 269 103 285 142 73 151 182 284 276 65 234 133 170 258 42 307 311 205 290 188 251 197 264 142 156 136 128 137 193 74 184 110 287 1 124 97 312 263 239 241 35 98 83 137 171 358 143 291 58 171 134 302 187 253 202 131 95 166 284 134 148 73 105 79 157 142 288 139 291 207 138 145 99 241 37 48 229 346 123 296 130 170 276 277 278 271 39 89 53 166 26 228 14 130 272 115 238 141 119 202 190 80 42 141 31 158 213 81 210 191 66 98 49 116 332 138 78 133 90 158 232 310 156 222 125 52 323 220 279 123 268 75 111 315 68 221 202 78 203 70 114 136 232 17 204 68 80 105 160 241 228 156 83 263 267 239 183 147 142 215 110 229 160 21 75 233 180 85 88 371 230 223 200 303 166 194 139 316 213 171 221 367 253 284 171 142 244 123 205 229 154
 275 260 467 459 46 452 318 438 316 370 47 337 110 55 239 305 405 384 91 357 241 180 379 152 359 368 275 338 253 373 320 384 250 279 31 247 188 315 136 239 223 409 124 1 178 383 376 288 363 116 44 149 259 290 479 254 413 137 293 178 409 261 366 315 186 150 179 339 255 265 193 167 146 194 51 410 252 413 330 154 226 217 348 151 166 334 463 240 383 45 250 333 377 392 391 113 206 78 288 99 267 112 203 333 12 341 236 237 286 273 103 131 251 118 276 329 200 331 302 71 74 93 239 443 247 67 255 212 253 331 417 256 290 248 156 432 327 379 139 340 126 221 392 107 339 324 192 319 105 236 238 352 139 300 182 166 91 257 363 279 257 113 377 389 337 303 91 261 338 20 347 172 142 53 305 206 129 168 493 271 306 299 399 282 286 255 395 307 274 283 486 310 406 286 230 352 238 302 308 269
 123 86 298 299 156 281 182 274 150 193 137 189 125 146 62 176 291 210 88 229 76 104 226 126 211 215 109 195 92 222 201 273 199 156 174 100 50 205 170 89 71 256 97 178 1 217 207 144 222 74 174 178 131 138 322 193 288 46 156 55 233 92 196 148 44 190 99 188 162 185 123 26 34 76 168 283 187 278 197 83 226 146 286 67 119 159 297 168 208 158 76 180 200 224 234 74 71 137 173 103 136 106 217 176 174 165 59 161 276 98 79 59 195 75 123 243 131 180 132 149 113 140 129 270 82 162 159 97 76 288 242 220 126 125 136 257 266 202 78 173 54 65 222 163 248 198 59 234 75 111 202 195 88 123 59 19 103 228 224 133 218 179 208 262 297 202 145 112 199 159 186 97 102 148 137 100 182 12 340 137 295 260 221 125 108 181 224 276 231 125 322 157 271 126 219 286 172 266 136 111
 111 173 234 268 369 211 270 241 68 120 337 69 291 360 164 277 365 159 297 304 201 219 252 333 62 47 110 77 131 257 305 357 369 278 369 232 195 319 381 145 225 268 312 383 217 1 187 106 276 290 387 387 264 226 296 359 344 262 257 206 153 127 181 188 198 400 218 62 315 338 312 219 245 193 356 339 351 319 281 235 418 322 423 278 321 146 245 335 59 350 143 61 118 197 243 290 246 353 296 319 133 321 416 56 381 134 176 328 453 124 282 275 364 291 221 368 316 239 177 365 310 356 283 193 200 378 310 269 161 442 157 394 94 268 342 174 410 116 247 45 261 219 26 379 367 292 246 365 282 262 381 228 300 128 255 234 293 404 282 111 391 394 188 326 451 328 316 229 271 363 214 224 312 362 81 189 395 228 321 127 468 423 98 213 127 341 35 441 398 101 274 79 316 205 408 419 342 429 84 212
 206 123 92 99 343 77 111 71 171 68 340 227 329 332 156 125 183 33 289 129 136 284 68 260 236 226 175 238 190 74 144 179 242 141 377 136 228 161 309 210 155 82 263 376 207 187 1 224 97 262 359 309 143 97 126 229 160 242 116 240 56 169 12 62 226 321 280 220 187 204 220 228 239 247 373 155 223 133 116 278 305 214 262 229 242 59 91 214 131 363 164 211 72 18 56 264 174 314 152 283 243 275 313 201 370 63 151 208 319 146 284 246 236 259 107 207 219 76 76 328 318 309 170 71 130 340 183 180 138 289 61 265 179 154 264 66 254 73 279 169 258 156 168 321 203 129 187 209 278 159 260 54 247 104 197 214 309 276 103 218 262 333 2 144 298 175 350 123 103 359 44 282 251 335 167 261 326 216 148 238 329 280 100 99 123 211 162 297 262 193 118 207 131 93 292 256 221 285 149 110
 24 145 297 319 281 275 266 291 58 168 242 50 189 274 114 268 375 206 209 310 165 116 276 269 72 81 56 53 57 277 297 362 331 258 271 201 106 307 312 57 182 300 239 288 144 106 224 1 289 211 299 321 238 216 347 323 362 183 245 114 214 71 214 193 111 333 115 52 284 308 261 136 163 96 256 357 315 342 281 136 367 278 404 210 261 167 304 297 136 252 88 48 171 238 273 210 197 271 278 240 28 246 359 51 288 161 129 290 412 90 192 199 326 213 205 354 267 245 176 282 215 278 249 258 167 294 279 224 124 415 221 354 46 238 279 240 387 171 150 75 176 175 124 303 356 288 191 348 194 227 338 245 231 125 196 162 198 363 294 12 352 319 225 339 424 311 215 205 276 269 231 122 245 276 58 86 323 153 371 22 430 391 170 200 110 307 131 408 362 33 333 28 337 194 359 403 302 396 76 192
 268 154 142 112 323 143 46 104 246 161 335 305 344 312 192 61 90 129 286 33 149 318 35 223 317 310 235 316 243 26 61 83 171 87 371 124 259 77 266 259 154 54 241 363 222 276 97 289 1 252 336 262 105 85 123 158 73 242 71 269 151 223 99 97 255 273 314 298 125 133 179 247 247 283 373 68 153 57 37 303 237 162 169 215 206 133 130 151 223 361 211 289 165 98 54 256 163 291 85 265 302 253 250 279 355 144 181 149 237 202 287 240 165 249 100 116 174 46 115 303 320 281 127 148 143 313 123 152 176 199 154 191 245 116 223 153 164 167 298 250 264 159 260 285 110 48 178 120 279 128 191 49 225 166 186 221 316 200 7 281 188 293 97 52 207 94 361 111 26 348 64 314 224 314 238 303 283 227 132 299 244 195 196 100 180 143 254 211 183 257 140 279 51 102 223 162 158 200 220 112
 192 147 352 345 85 338 208 324 223 259 84 259 111 75 133 197 304 271 36 250 127 136 265 76 281 286 181 263 163 260 215 284 172 171 120 133 107 213 105 156 108 296 35 116 74 290 262 211 252 1 102 116 149 177 365 172 308 30 182 103 296 165 251 201 102 126 132 258 157 174 98 76 49 125 122 305 167 305 221 104 179 126 270 39 79 222 348 151 280 110 149 251 267 278 277 5 92 63 184 30 198 37 164 248 109 230 127 145 236 171 47 17 171 6 162 238 107 217 187 76 72 68 133 329 133 89 155 102 144 263 304 188 199 139 85 318 249 269 89 247 41 107 296 93 246 217 78 228 37 126 168 238 39 191 68 58 74 193 253 200 188 108 262 284 271 205 119 147 227 98 233 126 51 77 211 147 114 64 380 200 256 232 291 168 179 166 297 245 203 196 371 227 298 172 176 272 151 237 210 155
 283 248 448 437 19 435 291 418 319 360 69 348 137 29 234 277 371 371 91 327 227 199 355 118 370 377 277 350 257 348 289 351 211 251 72 226 194 282 95 246 205 384 98 44 174 387 359 299 336 102 1 107 233 269 455 217 382 129 267 186 397 262 349 298 191 107 197 348 222 230 161 168 143 205 90 379 215 384 302 169 183 184 308 131 133 322 443 205 381 81 248 342 368 375 368 101 186 47 258 78 280 86 160 340 33 331 228 202 244 271 108 119 213 103 256 293 168 307 286 35 91 57 211 428 232 26 222 187 245 290 405 216 294 222 121 418 288 370 153 343 126 205 394 65 303 295 174 282 106 211 198 330 115 293 163 159 108 216 336 288 217 70 360 359 295 270 124 240 311 47 327 190 113 26 307 222 86 163 467 284 263 258 392 263 280 219 396 265 233 289 464 318 377 268 188 313 202 261 308 251
