NAME : domp30p10v2
COMMENT : (Deleplanque et al.) 
TYPE : DOMP
DIMENSION : 30
DISPLAY_DATA_TYPE: NO_DISPLAY
OPEN_FACILITIES : 10
COST_SECTION
 1 449 16 135 209 84 221 95 466 321 291 332 325 381 469 288 461 34 409 230 409 376 253 456 296 355 286 327 174 277
 449 1 435 316 242 416 323 380 18 151 301 128 157 69 27 285 20 432 126 220 119 93 332 41 343 243 322 181 292 173
 16 435 1 122 196 83 207 81 453 306 277 318 310 367 456 274 447 34 395 216 395 363 240 442 291 346 273 316 159 263
 135 316 122 1 75 111 169 97 333 198 226 205 205 249 336 216 329 117 290 97 289 242 205 326 217 241 231 198 81 145
 209 242 196 75 1 178 173 156 259 135 211 136 145 175 262 196 256 191 227 26 224 168 205 253 209 196 222 137 89 73
 84 416 83 111 178 1 254 137 433 308 320 313 315 351 434 313 431 51 400 203 398 334 290 430 215 286 321 271 181 250
 221 323 207 169 173 254 1 127 340 173 71 198 168 262 349 71 328 229 235 168 238 290 38 312 376 366 68 298 92 183
 95 380 81 97 156 137 127 1 398 241 197 257 242 312 403 194 390 104 325 169 325 319 160 381 308 337 193 290 90 210
 466 18 453 333 259 433 340 398 1 168 317 146 174 87 15 300 20 449 137 237 130 106 349 46 354 251 338 193 310 191
 321 151 306 198 135 308 173 241 168 1 160 28 15 91 176 142 156 311 93 110 92 131 185 143 316 256 180 177 152 71
 291 301 277 226 211 320 71 197 317 160 1 187 149 249 327 19 302 298 194 198 199 289 47 282 419 391 22 317 146 196
 332 128 318 205 136 313 198 257 146 28 187 1 40 65 153 169 136 320 95 111 91 104 211 126 303 236 207 157 167 66
 325 157 310 205 145 315 168 242 174 15 149 40 1 101 183 132 161 316 86 120 86 143 177 146 330 271 170 191 154 84
 381 69 367 249 175 351 262 312 87 91 249 65 101 1 92 231 82 365 109 152 102 57 275 82 299 212 269 138 225 105
 469 27 456 336 262 434 349 403 15 176 327 153 183 92 1 311 33 452 150 241 143 103 358 60 349 243 348 188 316 195
 288 285 274 216 196 313 71 194 300 142 19 169 132 231 311 1 285 294 179 182 184 271 56 266 405 375 39 300 136 179
 461 20 447 329 256 431 328 390 20 156 302 136 161 82 33 285 1 446 119 233 112 111 335 27 362 262 323 199 302 186
 34 432 34 117 191 51 229 104 449 311 298 320 316 365 452 294 446 1 401 214 401 356 263 442 263 325 296 302 170 261
 409 126 395 290 227 400 235 325 137 93 194 95 86 109 150 179 119 401 1 202 8 165 233 95 394 317 215 240 237 159
 230 220 216 97 26 203 168 169 237 110 198 111 120 152 241 182 233 214 202 1 199 151 198 230 225 199 211 133 92 49
 409 119 395 289 224 398 238 325 130 92 199 91 86 102 143 184 112 401 8 199 1 158 237 88 389 311 220 234 238 156
 376 93 363 242 168 334 290 319 106 131 289 104 143 57 103 271 111 356 165 151 158 1 309 123 253 158 308 89 237 112
 253 332 240 205 205 290 38 160 349 185 47 211 177 275 358 56 335 263 233 198 237 309 1 317 410 395 35 325 127 207
 456 41 442 326 253 430 312 381 46 143 282 126 146 82 60 266 27 442 95 230 88 123 317 1 374 278 303 211 292 182
 296 343 291 217 209 215 376 308 354 316 419 303 330 299 349 405 362 263 394 225 389 253 410 374 1 115 430 164 286 247
 355 243 346 241 196 286 366 337 251 256 391 236 271 212 243 375 262 325 317 199 311 158 395 278 115 1 407 80 284 198
 286 322 273 231 222 321 68 193 338 180 22 207 170 269 348 39 323 296 215 211 220 308 35 303 430 407 1 333 151 213
 327 181 316 198 137 271 298 290 193 177 317 157 191 138 188 300 199 302 240 133 234 89 325 211 164 80 333 1 223 122
 174 292 159 81 89 181 92 90 310 152 146 167 154 225 316 136 302 170 237 92 238 237 127 292 286 284 151 223 1 126
 277 173 263 145 73 250 183 210 191 71 196 66 84 105 195 179 186 261 159 49 156 112 207 182 247 198 213 122 126 1
LAMBDA_SECTION
1  11
2  7
3  23
4  13
5  9
6  20
7  27
8  14
9  20
10  7
11  29
12  17
13  16
14  10
15  22
16  20
17  22
18  23
19  13
20  10
21  24
22  14
23  18
24  23
25  27
26  9
27  14
28  27
29  17
30  10
