NAME : domp300p150v9
COMMENT : (Deleplanque et al.) 
TYPE : DOMP
DIMENSION : 300
DISPLAY_DATA_TYPE: NO_DISPLAY
OPEN_FACILITIES : 150
COST_SECTION
 1 294 101 270 215 118 285 227 268 417 264 136 239 89 293 287 390 285 79 57 302 250 327 251 299 297 233 268 299 36 65 142 218 192 352 317 324 151 202 233 273 184 168 103 408 20 277 131 71 286 312 80 365 222 316 265 249 238 287 220 213 356 308 220 135 334 315 226 111 369 297 243 380 59 222 189 260 215 200 263 192 336 221 100 173 155 338 299 215 110 272 306 261 269 81 392 287 154 75 217 333 356 89 356 301 296 303 67 40 97 125 274 295 140 389 253 118 83 334 97 205 158 207 269 253 145 409 302 178 319 417 239 90 280 285 327 206 284 433 270 356 328 222 291 197 90 351 233 418 46 248 299 278 148 406 140 233 370 281 180 313 291 438 215 398 286 265 199 172 315 84 364 25 299 260 112 41 115 122 15 131 176 173 353 230 370 234 350 348 244 198 132 364 156 346 202 124 240 159 344 199 236 286 344 200 115 334 203 189 386 49 292 115 185 90 83 155 208 27 372 24 339 380 273 137 236 186 293 148 123 121 58 267 358 304 227 375 292 364 274 98 262 456 284 183 138 183 37 295 398 373 229 327 220 116 316 244 279 215 7 291 310 259 332 68 261 296 352 273 203 368 70 126 283 215 36 240 287 65 173 343 180 177 90 359 267 172 281 310 171 361 104 249 87 226 332 247 98 40 17
 294 1 246 276 81 219 192 193 177 152 106 187 270 212 349 70 131 68 250 341 75 250 107 174 10 185 102 174 52 260 289 157 330 126 78 178 242 146 185 352 122 132 341 219 145 294 294 198 246 12 38 250 220 79 345 332 145 284 294 124 148 297 362 154 336 374 34 228 213 80 117 162 140 238 99 194 219 87 102 310 105 110 101 203 214 329 83 344 147 340 24 69 254 188 371 144 235 141 359 119 122 68 207 258 11 240 60 249 280 205 244 322 256 325 121 340 191 228 239 278 188 233 326 71 43 162 150 86 149 129 163 124 381 23 187 37 106 333 207 284 234 41 168 65 260 219 245 351 150 339 151 124 236 153 158 299 152 107 264 211 200 193 199 190 177 342 312 144 153 39 365 400 310 26 64 272 312 185 246 308 221 346 230 362 150 237 267 61 146 262 295 264 157 166 313 212 198 287 339 167 96 180 354 133 191 241 180 127 135 218 340 108 238 199 207 215 143 194 277 252 303 354 96 153 355 85 157 197 153 204 214 241 215 81 25 102 185 267 171 165 265 359 204 17 168 185 188 263 43 147 138 277 65 152 187 238 97 88 136 293 312 298 361 353 361 170 110 152 45 136 236 225 172 116 127 273 309 142 250 324 323 138 228 357 89 81 174 63 228 137 391 197 50 208 175 88 68 390 307 310
 101 246 1 171 178 158 303 131 284 343 254 156 141 110 202 262 317 260 23 117 232 150 250 158 253 203 220 282 267 93 53 129 136 124 288 225 225 111 226 155 191 117 110 141 334 86 180 50 127 241 254 22 270 191 222 175 162 141 189 217 220 256 218 133 93 243 274 127 145 311 288 152 302 67 205 94 161 160 176 168 160 260 205 58 75 96 269 207 131 95 226 279 161 288 149 315 188 128 131 142 253 299 97 258 251 196 274 38 63 59 26 181 195 87 318 168 133 123 235 32 111 59 126 246 212 145 334 282 182 236 340 159 160 228 302 282 188 192 348 172 260 285 239 224 99 43 253 155 346 129 256 216 178 99 328 66 242 300 181 82 217 309 356 241 314 195 171 119 177 256 133 274 125 244 233 31 88 116 23 110 35 117 73 258 238 274 136 294 264 145 108 40 280 165 247 104 50 144 104 256 160 256 198 263 227 170 242 129 186 293 143 213 168 89 99 65 110 112 75 274 90 244 319 184 111 215 104 312 98 153 158 64 168 293 263 213 286 193 277 183 20 180 376 233 97 157 209 101 260 322 294 132 262 133 124 217 172 205 134 95 195 211 178 238 150 275 285 268 240 125 271 80 117 275 212 114 148 288 123 102 245 175 77 118 292 197 190 254 211 162 269 65 211 89 133 260 186 169 83 109
 270 276 171 1 252 310 415 87 395 290 340 296 33 264 76 327 269 325 193 272 217 29 209 104 285 112 311 393 320 262 212 252 102 177 271 135 85 217 355 114 160 179 158 295 283 253 19 163 290 277 259 192 151 268 71 67 132 41 21 320 334 91 88 128 183 100 309 58 297 303 368 115 243 233 295 108 59 213 267 43 248 217 297 203 109 158 245 69 137 212 267 336 23 403 299 257 55 239 279 166 202 295 250 112 274 58 328 208 231 207 146 51 43 168 279 85 277 282 99 178 102 115 106 316 265 273 279 348 301 181 277 153 311 254 412 308 283 60 257 10 129 314 358 220 74 199 115 112 296 292 364 171 48 203 264 147 354 264 22 104 111 419 274 369 233 70 45 149 299 261 276 128 294 259 302 161 249 257 149 278 147 156 102 97 349 145 37 294 196 27 88 140 205 294 77 85 172 40 165 173 239 376 83 204 358 327 150 166 298 179 308 181 325 108 251 221 211 95 245 135 256 85 300 129 203 297 145 423 201 300 308 231 65 275 299 304 193 31 192 118 173 102 300 260 136 296 342 270 310 264 236 45 249 130 266 80 180 194 149 264 37 41 106 82 309 386 363 195 297 156 142 240 250 360 317 283 60 382 288 136 75 289 99 254 267 197 320 318 82 275 120 206 270 242 105 233 213 319 245 277
 215 81 178 252 1 141 168 166 148 222 90 110 237 132 318 87 197 84 178 264 117 223 151 159 85 189 62 145 90 180 216 76 283 76 150 193 243 70 127 304 128 77 281 140 214 216 269 133 166 72 107 177 243 17 321 296 134 249 271 75 95 296 333 126 270 350 101 196 134 159 120 144 198 160 46 151 201 41 27 277 25 158 49 128 164 268 144 315 116 270 59 102 230 158 293 206 224 61 282 88 163 147 127 267 89 232 97 174 203 130 182 290 243 262 191 300 112 148 244 209 151 179 277 71 40 83 218 107 79 160 229 109 303 72 164 113 39 302 263 258 250 114 119 102 216 145 256 304 222 260 117 145 222 80 221 237 110 175 245 165 207 171 260 138 229 310 280 103 81 109 288 379 230 92 57 206 235 105 182 228 159 287 180 345 106 257 233 140 186 232 247 202 201 91 305 173 130 251 278 198 19 136 320 176 133 165 202 87 67 250 260 130 161 154 127 137 69 158 199 269 225 335 173 153 288 46 111 175 81 126 136 163 200 154 91 55 224 251 210 163 197 318 270 74 122 108 124 183 84 211 193 240 128 123 107 237 88 107 104 214 287 282 319 332 282 139 115 192 63 97 256 146 91 110 74 193 270 131 170 267 312 66 180 282 159 93 106 78 227 61 370 122 36 129 148 143 62 311 230 231
 118 219 158 310 141 1 168 239 152 362 159 32 283 49 355 190 337 189 140 174 253 283 285 251 220 293 133 152 206 87 159 74 293 163 290 306 336 108 85 312 246 156 260 18 354 130 323 148 47 208 247 141 358 140 371 328 235 289 329 115 102 381 371 212 233 394 230 254 14 298 189 237 335 95 127 205 278 163 117 318 120 293 125 109 202 246 284 358 204 217 196 209 294 152 194 345 306 93 191 189 295 285 63 366 228 314 209 126 133 106 178 331 320 233 331 323 37 39 342 176 217 200 283 173 176 60 357 201 75 287 368 216 200 212 169 245 115 343 398 313 357 244 107 239 246 118 358 312 362 157 134 269 299 117 359 220 120 314 313 207 311 174 397 98 362 348 321 185 70 249 201 425 119 232 169 185 154 55 177 127 168 268 211 403 117 368 278 279 316 284 263 196 332 54 380 227 138 291 252 321 133 119 352 308 83 25 319 178 89 371 149 257 21 204 61 94 115 223 119 375 138 390 313 260 243 142 179 177 119 16 6 99 281 294 221 129 351 323 338 266 169 336 409 214 183 34 67 83 205 349 330 279 268 211 47 329 207 237 197 121 340 348 335 385 175 145 189 322 186 184 366 79 67 175 110 83 301 175 53 257 382 83 214 205 299 223 59 186 320 82 420 105 169 70 229 281 194 208 151 132
 285 192 303 415 168 168 1 331 22 336 88 153 397 204 477 124 318 126 292 341 262 387 296 326 186 354 107 24 146 253 320 176 430 239 265 356 410 205 84 451 291 237 412 183 330 296 432 273 215 183 229 293 403 152 484 453 300 407 435 97 85 463 493 291 390 512 177 358 175 253 83 311 331 253 122 310 367 208 149 437 168 300 120 247 318 398 274 476 282 379 182 134 395 17 361 334 391 183 358 254 310 244 213 432 202 398 141 281 296 246 317 450 410 387 306 454 175 204 410 329 314 327 422 123 171 160 336 116 123 314 350 276 366 203 6 193 134 462 398 421 413 187 66 249 370 262 420 451 332 324 53 303 388 219 347 369 64 295 410 320 372 7 388 71 368 470 440 267 128 230 368 541 285 216 133 333 320 189 317 295 299 419 332 510 68 419 393 238 335 393 396 338 347 140 472 333 266 410 406 353 178 50 477 323 86 176 362 252 122 405 314 287 174 312 211 242 210 321 283 432 305 499 272 319 403 125 271 10 222 163 165 257 366 267 176 114 375 417 360 329 319 470 389 200 281 152 102 249 153 335 329 398 256 289 182 403 252 264 270 288 450 448 470 496 341 31 89 342 149 261 418 235 187 78 99 250 426 53 221 404 479 131 333 372 277 252 117 130 393 146 534 240 162 219 314 279 222 373 317 299
 227 193 131 87 166 239 331 1 310 236 254 221 78 198 158 242 212 239 150 246 143 59 145 33 203 74 226 308 235 209 182 175 145 92 200 97 100 137 274 165 86 95 176 226 228 215 105 101 229 193 181 149 140 182 157 140 53 92 106 235 251 143 171 42 187 186 226 36 226 231 282 36 190 178 210 39 40 127 182 118 164 154 212 140 58 169 176 153 51 206 182 251 65 319 278 205 67 159 259 80 143 221 183 132 192 76 243 161 192 144 111 130 83 172 218 149 204 217 108 152 24 79 144 230 179 195 226 263 220 122 228 70 289 171 327 227 198 141 225 94 130 232 275 142 77 142 125 164 241 260 279 106 61 125 215 144 270 201 81 51 87 334 236 288 193 150 120 64 218 183 259 214 251 178 216 137 218 185 114 239 98 178 66 181 265 144 75 219 146 70 113 118 160 216 145 32 110 95 179 132 153 293 161 149 278 259 115 80 215 163 272 111 257 44 184 160 131 20 202 146 220 170 232 64 208 211 63 338 123 228 237 177 43 205 216 219 160 88 153 58 142 168 259 178 57 220 263 217 226 212 182 86 176 44 193 92 97 116 63 222 123 118 171 167 280 301 277 148 211 70 142 180 175 274 233 231 118 296 228 154 150 207 62 241 199 116 241 232 84 194 206 141 184 177 20 164 128 298 213 238
 268 177 284 395 148 152 22 310 1 323 71 135 376 186 457 110 304 112 273 324 245 366 279 306 171 335 88 4 133 236 301 156 410 219 251 337 390 185 68 431 272 217 392 166 317 279 411 252 198 167 214 273 385 133 464 433 280 387 415 76 65 443 472 271 371 491 164 338 158 241 73 291 316 234 103 290 347 188 129 416 148 284 100 227 298 378 259 456 262 360 165 122 374 13 345 319 371 163 342 234 293 231 194 413 186 378 128 262 278 226 297 430 389 368 292 433 157 187 391 310 293 306 402 106 153 140 322 104 103 297 336 256 351 186 19 180 113 442 383 401 394 175 47 232 349 242 401 431 320 308 32 285 368 199 333 349 43 281 390 300 353 26 374 57 352 449 419 247 108 215 352 521 270 200 116 314 303 170 297 279 279 400 312 490 47 400 372 225 318 373 376 318 331 121 451 313 246 390 386 335 158 34 457 306 71 162 343 231 101 388 299 269 160 291 193 222 189 300 266 413 288 479 259 299 384 106 251 30 201 146 148 239 346 253 162 94 358 397 343 309 300 450 376 183 261 134 86 233 139 321 313 378 241 269 164 384 233 245 250 271 430 427 450 475 326 10 78 324 133 241 399 217 167 65 79 234 406 44 204 384 458 111 313 354 263 233 99 115 374 125 513 220 144 201 293 263 203 358 300 283
 417 152 343 290 222 362 336 236 323 1 254 332 301 346 363 214 28 212 355 455 116 274 95 205 155 179 254 320 192 386 394 293 377 226 75 156 219 270 336 395 155 234 411 359 10 411 307 296 382 163 118 354 160 226 345 356 188 317 300 275 299 262 371 215 418 373 160 267 354 85 255 203 49 359 249 260 238 206 247 332 244 85 252 318 284 403 80 353 215 433 171 203 272 335 486 34 237 275 470 204 95 93 338 214 142 236 196 359 393 321 331 340 253 404 33 372 331 365 208 372 246 307 377 220 190 304 12 222 298 115 22 186 497 153 331 144 254 347 77 299 185 150 319 127 312 330 202 394 8 459 300 132 243 271 31 376 303 49 271 278 181 336 60 342 70 357 334 225 301 117 474 390 436 133 214 361 424 320 334 430 311 413 297 347 301 177 301 99 96 290 348 345 87 312 288 267 300 318 413 119 231 330 372 89 343 386 143 217 284 139 465 132 382 266 338 335 265 249 395 195 419 344 67 173 440 236 241 339 270 348 358 360 229 72 162 253 108 267 103 181 360 391 54 152 248 330 339 391 185 27 56 313 95 214 325 219 175 140 210 414 319 292 394 346 481 318 249 96 195 219 178 350 306 259 278 403 342 284 385 390 304 285 294 460 65 151 324 210 213 282 380 314 199 336 224 86 173 507 419 432
 264 106 254 340 90 159 88 254 71 254 1 131 326 176 407 42 234 44 248 319 175 312 210 246 101 271 35 68 65 229 282 129 369 165 181 270 327 146 94 391 207 165 361 167 247 270 358 214 200 97 143 248 317 74 410 385 219 337 360 45 60 381 422 214 346 439 96 285 159 173 35 231 245 218 51 240 289 129 80 366 99 214 50 198 252 348 189 404 205 340 95 59 319 83 344 249 311 127 337 176 224 163 178 348 116 318 63 241 264 199 262 379 330 339 223 388 147 184 326 283 240 265 362 36 85 121 253 46 87 228 267 194 352 116 83 113 67 391 312 347 327 108 71 162 303 215 336 390 251 308 48 217 309 159 263 317 53 211 333 253 288 90 304 94 282 399 369 192 93 144 345 467 272 130 47 284 293 152 262 276 241 368 267 434 53 333 322 157 249 321 334 283 260 110 392 262 209 340 357 266 105 78 408 236 100 177 276 176 76 319 303 201 173 242 177 200 148 247 255 346 280 423 192 235 361 45 199 93 160 147 154 222 287 184 93 42 288 339 274 246 272 406 307 113 210 129 104 228 70 251 243 329 170 212 149 321 169 178 193 265 376 370 406 421 328 65 33 255 63 186 332 201 144 22 50 234 359 43 205 349 400 85 267 343 193 166 101 45 311 96 459 191 77 183 237 193 138 360 289 280
 136 187 156 296 110 32 153 221 135 332 131 1 271 52 346 160 306 159 142 192 223 269 256 229 189 270 103 135 176 102 167 48 289 139 259 281 316 85 72 309 220 133 263 36 323 145 310 136 69 177 216 142 333 109 360 320 211 278 316 87 78 363 362 190 239 384 199 239 29 266 163 215 306 100 96 189 259 134 86 308 89 264 94 101 189 248 253 348 182 226 165 180 278 138 215 315 287 67 210 164 266 254 61 345 196 296 179 130 144 99 174 321 302 237 301 317 23 54 321 179 199 191 280 143 145 30 327 173 46 260 337 191 222 181 153 214 84 333 369 300 334 213 89 209 237 114 335 309 331 178 113 242 281 96 329 221 98 284 297 193 288 159 368 87 334 339 311 163 40 218 219 415 142 201 138 185 169 41 172 148 159 270 200 391 95 344 266 247 288 271 257 193 303 23 364 212 128 281 256 295 103 104 344 279 72 55 293 154 59 345 173 229 52 188 60 92 92 205 132 352 154 378 281 236 251 112 159 162 99 18 27 105 262 263 190 99 323 306 310 243 170 331 379 182 165 3 55 100 175 319 300 269 238 189 33 308 180 208 174 138 327 333 331 373 198 127 163 294 155 161 342 83 47 149 82 104 292 152 75 257 367 52 202 221 268 194 38 156 299 51 409 96 138 68 208 251 165 230 165 151
 239 270 141 33 237 283 397 78 376 301 326 271 1 237 83 316 278 313 163 240 217 28 214 102 279 123 295 374 311 232 180 230 80 161 273 148 109 195 333 96 160 162 130 268 293 222 41 137 262 270 257 162 172 253 89 63 128 17 49 302 314 122 97 117 153 116 302 43 270 305 355 111 253 204 279 88 64 199 250 42 231 223 281 176 83 129 248 80 125 181 258 327 34 384 268 268 73 218 248 155 209 296 223 139 269 79 319 177 200 179 116 55 69 138 286 74 252 254 123 146 86 86 82 304 254 250 290 337 280 188 289 146 279 248 394 303 265 67 275 32 153 309 338 218 43 170 140 94 306 260 345 175 64 181 276 116 335 271 49 79 127 401 290 347 247 75 45 135 277 259 245 146 263 254 289 130 217 232 119 247 118 129 74 121 331 168 6 294 206 12 59 108 218 272 109 65 146 19 136 186 222 356 85 213 336 300 164 152 278 200 277 183 298 87 224 193 190 80 214 161 225 108 304 132 173 282 128 405 179 275 282 201 73 278 292 288 209 60 207 122 142 93 315 254 117 271 320 240 301 275 246 16 250 120 241 103 173 192 137 233 57 72 96 103 277 367 350 207 286 142 165 212 226 346 299 253 43 366 259 107 105 269 71 223 271 193 298 307 103 255 139 180 258 215 96 236 204 287 214 245
 89 212 110 264 132 49 204 198 186 346 176 52 237 1 308 199 320 198 93 144 233 239 262 212 216 257 145 186 212 54 117 57 245 132 277 272 296 78 123 264 217 123 214 32 337 96 276 102 37 203 235 94 323 137 324 281 200 242 284 133 127 339 324 175 189 347 230 210 36 290 209 200 314 50 134 162 236 142 114 271 108 271 133 62 156 200 267 311 168 175 190 218 249 189 169 325 264 73 162 158 271 277 16 327 220 273 216 80 93 59 131 284 277 188 316 275 31 21 303 130 175 153 235 182 170 57 340 214 91 260 349 184 177 201 204 243 118 295 374 267 320 244 140 220 199 70 319 264 347 133 163 241 256 83 340 173 148 298 269 162 274 210 376 137 338 300 273 149 85 237 170 378 100 221 173 138 119 28 129 102 120 222 164 357 145 332 232 271 290 238 215 149 306 69 336 182 93 244 207 292 118 155 304 283 122 64 286 146 101 339 131 231 62 160 14 46 85 180 81 338 105 344 303 226 200 148 140 213 84 45 49 54 240 282 220 139 322 279 309 230 122 288 390 204 143 54 105 54 209 331 308 232 253 174 28 288 180 213 163 90 293 303 287 339 155 178 208 295 188 149 330 33 42 195 128 62 253 201 40 210 337 92 167 170 285 200 89 193 280 84 373 59 165 23 189 262 175 186 115 105
 293 349 202 76 318 355 477 158 457 363 407 346 83 308 1 398 343 395 223 279 293 100 284 178 359 186 376 455 391 293 229 307 80 243 346 208 149 274 411 76 235 243 143 339 356 274 58 211 328 350 334 223 216 335 34 29 206 71 64 382 394 129 17 198 177 42 382 124 342 379 437 189 316 269 360 169 134 281 331 42 311 291 362 248 161 150 320 14 206 209 339 408 98 464 302 330 128 297 282 236 277 371 294 168 348 128 400 239 254 250 179 29 111 164 353 43 326 323 163 197 168 157 90 385 335 327 352 419 359 256 349 226 312 327 475 382 346 18 324 67 192 388 417 294 111 239 175 74 369 303 426 246 122 260 336 155 415 339 94 158 183 482 342 425 303 9 39 216 356 336 276 73 315 333 371 182 263 306 181 298 189 138 148 69 411 206 86 369 269 89 96 164 277 349 101 146 220 68 153 245 304 435 13 278 413 370 221 233 357 244 322 257 368 167 295 263 269 161 270 192 274 56 376 205 191 363 209 485 258 348 355 265 140 351 372 369 262 97 263 194 197 48 369 334 198 347 397 301 382 337 309 80 324 200 315 147 253 268 219 286 45 77 53 49 316 448 432 268 368 223 203 280 301 427 379 313 56 448 325 127 87 348 146 253 342 271 375 388 152 334 69 252 340 286 176 308 285 319 260 295
 287 70 262 327 87 190 124 242 110 214 42 160 316 199 398 1 195 4 260 339 143 300 176 228 63 247 58 107 24 251 297 147 367 158 142 244 304 153 134 389 183 161 367 195 207 291 345 218 227 62 107 260 288 72 397 377 200 329 346 77 98 359 412 201 355 426 55 274 188 132 48 214 208 236 66 233 273 118 90 357 104 179 67 210 248 354 152 394 192 353 66 21 305 122 367 210 293 139 358 163 191 122 199 323 79 299 22 255 282 211 267 370 313 347 183 383 172 210 302 293 231 264 361 18 63 143 213 22 116 197 227 177 375 85 119 72 82 381 274 335 300 67 112 132 299 227 310 388 210 331 89 189 292 165 224 322 94 172 318 248 263 125 265 135 245 390 360 183 121 107 365 454 297 95 30 291 312 173 268 300 245 373 264 418 93 304 313 116 216 310 331 288 226 138 372 254 215 332 363 235 104 120 400 202 140 210 247 166 102 287 329 173 206 236 198 216 153 238 274 319 300 409 151 213 372 52 193 128 166 177 185 240 270 144 53 62 255 323 240 225 281 401 267 81 204 158 142 252 30 212 206 321 134 198 172 299 150 151 180 287 364 354 402 407 353 105 41 222 32 175 303 220 162 47 82 259 352 73 232 353 382 110 264 361 154 141 135 10 289 116 445 203 59 202 223 157 117 384 307 303
 390 131 317 269 197 337 318 212 304 28 234 306 278 320 343 195 1 193 328 428 89 252 69 181 135 158 232 301 173 359 367 267 354 199 54 136 201 244 314 372 129 208 386 334 19 385 286 269 356 141 95 327 147 202 327 335 163 294 280 253 277 248 352 189 392 355 142 243 329 73 238 178 30 332 226 234 216 179 223 311 218 59 229 291 258 378 54 333 188 406 148 186 250 316 459 21 216 249 444 177 70 77 311 200 120 216 178 332 366 294 305 319 233 379 17 350 305 339 191 345 221 281 353 200 167 278 21 205 273 91 33 159 470 129 313 127 230 327 84 278 171 134 297 101 288 303 188 371 31 432 280 107 222 244 31 350 282 25 250 253 162 318 71 320 64 337 312 199 277 93 447 373 409 110 193 334 397 294 307 403 284 388 271 331 279 165 278 83 75 267 323 319 70 287 272 241 273 296 388 101 206 309 351 66 320 361 124 190 260 130 438 105 357 240 311 308 238 223 368 183 392 327 56 149 414 213 214 321 243 322 332 333 207 52 143 230 96 247 88 157 334 369 75 129 222 305 315 364 166 19 36 290 70 188 299 201 148 113 183 387 299 274 372 329 454 298 232 77 174 193 166 323 280 241 255 377 320 266 358 365 287 261 268 433 42 124 300 190 194 257 363 287 175 309 198 59 146 480 392 405
 285 68 260 325 84 189 126 239 112 212 44 159 313 198 395 4 193 1 258 338 141 297 174 225 61 245 57 109 22 250 295 145 365 156 140 241 302 151 134 386 180 158 364 194 205 289 343 216 226 60 104 258 285 70 395 374 197 327 343 77 98 356 409 198 353 424 53 272 187 131 50 212 206 235 65 230 270 116 88 354 102 177 66 208 246 351 149 391 189 351 63 22 303 124 365 208 290 137 356 160 188 121 197 320 77 296 22 253 280 209 265 367 310 345 181 380 171 209 299 291 228 262 359 17 61 142 211 25 115 195 225 174 374 82 122 70 81 378 272 332 298 66 113 129 296 225 308 386 209 330 90 187 289 162 222 320 95 170 315 245 260 127 263 136 243 387 357 180 121 105 363 451 296 92 28 289 310 172 265 298 242 370 262 415 94 301 310 114 213 307 329 286 224 137 369 251 213 329 361 232 102 121 397 200 141 209 244 163 101 284 328 170 206 234 197 214 151 235 273 316 299 406 149 210 370 50 190 130 164 176 184 238 267 142 51 62 252 320 238 222 279 398 265 78 202 157 142 251 28 210 204 319 131 196 171 296 147 148 177 285 361 351 400 404 351 107 44 219 29 173 301 219 161 50 82 258 349 76 231 350 379 109 261 359 152 138 135 8 286 115 443 201 56 201 220 155 114 382 306 301
 79 250 23 193 178 140 292 150 273 355 248 142 163 93 223 260 328 258 1 101 242 172 262 176 256 221 214 272 267 71 41 121 155 132 297 243 246 109 213 173 205 124 122 123 346 65 202 60 106 243 260 2 289 189 244 196 177 163 211 209 210 278 239 148 100 264 276 148 129 318 282 169 315 47 200 112 182 164 172 190 157 272 200 51 95 108 279 228 145 94 229 278 183 277 133 328 209 123 117 152 266 306 82 278 255 217 273 16 43 50 48 202 217 96 329 188 119 104 256 38 129 80 145 243 213 134 346 279 172 250 352 171 145 232 291 285 183 213 363 194 279 288 227 233 121 34 273 173 357 111 246 230 199 99 341 81 232 310 203 102 236 298 370 228 328 217 192 131 166 263 120 295 103 249 231 46 71 104 45 90 54 129 95 279 228 293 158 301 279 167 129 60 295 153 269 124 56 166 115 272 160 244 218 277 213 151 260 139 177 311 123 226 150 108 83 52 110 131 54 294 71 266 327 200 114 211 116 301 99 137 141 43 189 302 265 207 302 214 293 200 30 199 390 237 111 143 196 79 261 334 307 154 270 148 111 238 182 216 147 74 217 233 197 260 132 264 280 283 240 137 291 62 107 269 204 92 169 280 103 118 267 167 99 108 301 206 177 252 232 154 291 58 212 75 151 271 192 154 66 89
 57 341 117 272 264 174 341 246 324 455 319 192 240 144 279 339 428 338 101 1 341 257 362 274 347 319 287 324 350 91 66 194 201 230 394 341 337 196 258 211 305 222 142 160 445 50 275 160 127 334 356 102 386 273 307 253 277 235 286 275 269 361 294 248 106 320 364 237 167 414 352 268 415 105 275 210 273 259 252 256 241 372 274 140 189 132 378 288 245 75 319 358 267 325 33 428 298 204 19 252 367 401 142 369 348 307 355 97 63 138 137 265 303 117 428 238 173 139 348 97 226 170 191 322 302 199 446 356 234 350 453 272 44 326 341 375 258 274 463 270 374 377 279 331 199 126 366 212 457 28 304 331 289 191 441 127 289 409 286 197 333 347 471 271 429 274 258 232 228 358 28 349 61 344 312 113 32 168 134 48 151 149 184 344 286 388 236 395 379 247 190 135 395 211 347 218 155 237 131 372 247 292 271 377 256 169 358 239 244 408 49 326 171 205 143 128 200 228 66 387 40 330 424 300 100 289 217 349 191 179 177 102 281 400 353 281 402 298 393 299 105 242 490 330 211 194 240 93 345 434 408 228 368 248 170 329 281 316 247 55 287 310 239 323 38 317 351 383 324 237 386 120 178 338 270 92 231 343 121 154 342 234 189 38 399 305 228 333 324 225 347 146 299 138 249 370 289 53 37 43
 302 75 232 217 117 253 262 143 245 116 175 223 217 233 293 143 89 141 242 341 1 194 36 116 84 116 163 242 126 272 281 182 287 112 59 106 172 156 240 307 59 120 310 248 106 297 236 184 269 82 45 241 146 124 284 279 91 233 233 182 205 226 304 111 313 313 104 177 244 89 190 108 83 244 153 157 160 92 143 255 135 42 156 203 180 301 38 285 108 324 81 143 196 256 373 93 171 163 357 91 50 80 224 185 68 175 134 245 279 207 223 266 191 300 88 290 220 252 167 262 146 202 285 141 94 194 108 160 195 55 117 79 383 60 257 97 153 276 148 226 160 104 228 15 218 216 172 306 117 344 217 52 173 156 108 272 215 69 202 175 129 264 146 249 113 286 258 115 197 46 361 337 322 51 130 252 310 208 225 316 201 314 195 297 212 163 216 77 75 208 254 239 87 206 244 169 187 235 311 93 122 243 298 62 247 277 106 104 182 145 350 38 273 163 224 220 151 150 281 178 305 290 91 89 334 143 130 267 155 238 249 246 153 65 97 159 114 203 99 101 250 309 158 64 139 222 239 276 117 99 78 227 34 109 213 168 62 29 101 299 252 234 312 289 367 238 184 81 115 108 162 236 193 188 183 289 259 214 271 290 256 181 192 348 61 37 221 135 159 175 327 199 103 222 126 31 60 393 305 317
 250 250 150 29 223 283 387 59 366 274 312 269 28 239 100 300 252 297 172 257 194 1 189 79 259 96 283 364 293 239 194 225 107 149 249 121 85 189 327 122 136 150 154 269 266 234 47 138 266 251 235 171 146 240 99 85 106 44 49 291 306 107 113 100 176 128 283 31 270 281 341 90 227 210 267 81 37 185 239 62 220 197 269 178 84 152 224 95 109 202 240 309 12 375 286 241 48 211 265 139 183 273 224 116 248 54 301 186 212 181 126 73 47 160 261 99 250 257 98 161 74 93 109 288 238 245 263 321 273 162 262 127 297 228 384 283 254 84 248 36 128 288 329 195 59 175 115 121 279 275 335 150 38 175 249 136 325 245 32 78 100 391 263 341 221 93 64 121 271 237 263 156 274 233 274 144 232 230 129 259 123 154 79 125 321 143 29 271 180 17 84 123 191 267 99 58 147 45 160 159 210 348 105 187 330 302 137 138 269 174 290 159 299 81 225 197 183 67 225 137 238 113 280 107 196 269 117 395 173 274 282 208 46 254 273 276 182 43 180 97 155 118 288 234 108 269 315 247 283 249 219 42 227 103 239 78 154 169 121 244 65 66 121 110 293 357 335 180 270 128 140 216 222 332 289 261 69 354 264 132 100 261 75 243 246 171 292 291 77 247 148 181 243 217 78 211 186 305 228 258
 327 107 250 209 151 285 296 145 279 95 210 256 214 262 284 176 69 174 262 362 36 189 1 114 115 100 198 277 158 298 300 213 288 135 64 84 152 185 275 307 61 144 318 279 86 320 227 203 298 115 73 261 116 159 271 273 95 230 222 217 240 204 294 121 324 301 133 177 275 98 223 110 54 269 188 167 153 123 177 249 168 11 191 227 190 310 39 276 121 339 115 174 188 291 394 67 158 193 377 111 15 92 252 160 99 160 166 267 301 231 237 259 177 311 74 287 251 281 145 278 153 213 287 175 129 226 86 192 229 30 92 92 405 94 292 123 188 268 114 218 133 130 263 50 221 239 147 306 98 367 252 40 163 183 80 282 250 57 192 185 109 298 115 284 79 278 251 132 231 73 381 322 347 83 164 267 331 238 240 340 217 321 204 281 247 134 214 93 40 204 257 251 52 239 225 174 208 232 320 62 154 278 291 27 281 308 79 125 217 111 375 37 305 172 252 245 179 156 304 150 328 275 93 83 346 178 147 301 182 270 281 270 145 68 128 194 79 191 65 93 266 306 130 98 154 254 274 303 149 73 48 226 50 120 243 150 84 50 116 323 242 220 309 276 390 272 216 46 149 126 133 262 223 222 218 316 256 248 300 297 238 215 200 366 59 63 255 169 141 208 312 224 138 249 131 27 92 414 327 341
 251 174 158 104 159 251 326 33 306 205 246 229 102 212 178 228 181 225 176 274 116 79 114 1 183 47 220 303 219 230 210 182 175 92 172 68 88 145 276 194 58 98 208 239 196 240 122 122 246 175 157 175 115 175 172 163 29 118 121 231 249 139 190 39 218 202 206 64 238 204 271 16 158 199 204 65 47 119 179 140 162 123 207 159 87 201 147 172 48 237 166 235 81 315 306 173 66 164 287 73 111 195 199 117 171 73 227 186 218 163 139 151 86 203 188 175 215 233 93 181 49 109 174 218 166 201 195 249 222 91 196 53 317 152 322 205 194 161 194 112 109 211 274 117 109 164 108 193 209 286 275 75 65 134 183 176 267 171 91 80 63 329 205 289 161 171 142 67 221 159 288 228 275 156 204 167 245 196 142 263 124 210 97 191 263 122 101 193 114 93 144 148 128 221 147 64 130 120 210 101 150 292 183 118 280 272 85 78 215 136 298 82 269 71 200 179 138 48 226 126 246 182 203 33 240 203 73 333 132 238 248 199 43 177 197 213 130 95 122 27 171 194 228 158 71 228 267 238 209 180 151 113 149 41 204 81 79 91 58 247 139 127 197 180 307 297 266 116 197 70 119 199 185 264 230 252 144 287 246 186 155 208 93 271 170 94 245 219 72 196 219 159 172 193 26 135 112 326 240 263
 299 10 253 285 85 220 186 203 171 155 101 189 279 216 359 63 135 61 256 347 84 259 115 183 1 194 100 168 44 264 296 160 339 134 82 187 252 151 183 360 131 139 349 221 148 299 304 205 249 14 44 256 228 81 354 341 155 294 303 122 145 306 372 163 343 384 24 237 215 80 109 171 146 243 98 203 229 95 104 319 109 117 100 209 222 337 89 353 156 347 29 60 263 183 376 149 245 145 364 128 129 68 211 267 17 250 52 255 285 211 252 331 265 333 124 349 194 231 248 285 197 241 335 66 46 164 153 78 149 138 167 134 386 32 181 30 106 342 213 294 243 33 165 74 269 225 254 360 153 343 147 133 246 158 163 306 149 111 273 220 209 187 204 188 183 351 322 152 153 45 370 410 314 34 60 279 317 189 253 312 229 354 238 372 146 245 276 61 154 271 304 271 164 167 322 221 205 296 347 175 101 176 363 140 189 242 189 136 135 226 345 117 239 207 211 220 149 203 282 261 308 363 96 163 362 83 166 190 159 206 215 246 224 84 15 100 193 276 179 174 272 368 207 26 177 187 187 267 35 151 144 286 71 161 190 247 107 97 145 298 321 308 370 362 366 165 103 160 41 144 245 230 175 110 125 277 318 136 253 332 333 138 237 362 93 90 174 57 237 139 401 203 52 212 184 95 77 395 312 315
 297 185 203 112 189 293 354 74 335 179 271 270 123 257 186 247 158 245 221 319 116 96 100 47 194 1 248 332 234 276 254 223 201 132 163 26 58 186 312 218 66 138 243 282 172 285 129 168 291 189 160 221 69 204 172 178 60 139 124 263 282 113 195 83 257 201 216 94 281 197 293 58 132 245 234 110 61 149 212 154 196 107 237 204 131 237 137 177 90 278 182 251 93 345 350 146 59 204 331 108 92 190 243 79 180 61 243 231 264 209 183 162 78 242 168 194 257 277 57 225 94 152 202 240 188 241 169 267 258 71 167 82 362 165 350 212 227 170 155 121 65 218 307 122 142 209 68 217 185 331 304 65 65 177 154 215 298 154 93 123 19 357 169 324 126 180 155 109 258 161 332 223 321 163 227 210 290 239 186 309 169 244 138 182 294 77 124 190 85 112 175 190 96 260 129 104 176 140 247 64 183 324 194 93 317 315 43 117 250 91 343 79 312 115 244 225 179 92 272 83 291 176 192 37 279 231 118 361 175 280 290 244 52 167 209 243 89 92 85 28 215 212 194 171 117 269 304 283 224 154 125 137 145 83 247 54 103 99 97 293 143 121 216 177 352 327 287 85 216 110 74 245 227 288 262 298 164 312 291 220 141 245 134 314 158 107 283 238 44 233 213 204 195 238 72 125 134 371 286 309
 233 102 220 311 62 133 107 226 88 254 35 103 295 145 376 58 232 57 214 287 163 283 198 220 100 248 1 85 76 198 249 96 336 135 180 250 303 112 84 358 186 135 328 139 246 239 329 181 171 92 138 215 299 46 381 354 194 307 331 23 46 356 391 186 312 409 103 255 131 178 69 205 239 185 18 209 262 102 48 336 67 203 16 165 220 314 182 374 177 307 85 78 290 98 313 244 285 93 305 148 211 166 146 326 113 292 78 207 231 165 229 349 304 306 222 356 116 154 304 250 211 232 329 42 69 89 251 71 59 212 264 169 321 106 104 120 34 361 306 318 308 117 67 149 272 182 315 357 252 277 57 199 282 125 259 283 53 208 306 221 266 111 300 89 273 369 338 163 65 139 313 438 242 123 41 250 261 120 229 245 208 334 235 406 50 314 291 160 236 291 301 250 249 81 366 232 176 309 323 250 74 81 377 224 90 153 258 147 46 303 274 184 149 211 145 167 114 218 223 327 248 395 195 213 328 20 169 114 127 120 128 189 260 183 96 9 275 312 260 223 238 374 305 105 179 101 88 197 77 247 235 298 164 184 118 297 146 160 165 234 347 343 374 392 298 79 66 242 61 157 313 169 111 56 26 204 327 73 176 316 373 54 235 311 191 147 79 55 287 63 430 158 60 151 209 184 117 329 256 249
 268 174 282 393 145 152 24 308 4 320 68 135 374 186 455 107 301 109 272 324 242 364 277 303 168 332 85 1 130 235 300 155 408 217 248 334 387 183 68 430 270 215 391 166 314 279 409 251 198 164 211 272 382 130 461 431 278 385 413 74 63 440 470 269 370 489 161 336 158 238 70 289 313 233 100 287 344 186 127 414 145 281 98 226 296 377 256 454 259 359 162 119 372 16 345 316 368 161 342 232 290 228 193 410 183 376 125 261 278 225 296 428 387 367 289 432 156 186 388 309 291 305 400 103 150 139 319 101 102 294 333 253 351 183 21 177 111 440 380 399 391 172 47 229 347 241 399 429 317 308 30 282 365 197 330 348 41 278 388 298 350 28 371 58 349 447 417 245 107 212 351 519 270 197 113 312 303 169 295 278 277 398 310 488 46 397 370 222 315 371 374 317 328 120 449 311 244 388 385 332 156 35 455 303 72 162 340 229 99 385 299 266 160 289 192 221 187 298 265 410 287 476 256 297 383 103 249 31 199 146 148 238 344 250 159 91 355 395 340 307 299 448 373 180 258 133 86 232 136 318 310 376 238 267 163 381 230 243 248 270 428 425 448 473 326 9 75 322 130 239 396 216 166 62 77 234 404 41 204 383 456 109 311 354 260 230 98 112 371 124 511 219 141 200 291 260 201 358 299 282
 299 52 267 320 90 206 146 235 133 192 65 176 311 212 391 24 173 22 267 350 126 293 158 219 44 234 76 130 1 263 305 158 365 156 120 229 292 159 155 387 170 160 369 211 185 301 338 221 242 46 87 266 271 79 389 372 190 324 338 97 118 346 405 194 359 419 32 268 203 109 67 206 187 246 81 230 264 115 99 351 111 160 83 217 247 356 131 387 186 359 54 18 298 145 378 189 282 147 368 157 172 100 210 308 60 288 10 263 291 219 270 364 302 350 161 379 186 224 289 298 226 264 360 35 59 157 191 35 133 181 205 168 387 70 141 49 95 375 253 328 285 44 134 116 296 234 296 386 188 343 111 174 282 169 202 325 117 150 309 246 250 146 243 157 224 384 354 179 138 87 375 446 311 77 39 295 322 185 270 312 247 374 263 409 115 288 308 94 197 304 330 290 207 154 361 250 219 327 366 218 108 142 395 183 162 227 231 162 119 269 342 158 224 233 210 225 158 233 285 303 311 400 128 201 377 65 190 149 170 193 201 249 260 122 32 79 236 313 222 213 286 397 244 65 202 174 162 264 11 190 185 317 114 192 185 287 141 137 174 298 356 344 399 398 365 127 60 203 28 171 287 231 173 69 101 273 348 94 246 354 371 125 262 370 132 128 154 22 277 130 437 210 57 213 216 138 108 396 317 315
 36 260 93 262 180 87 253 209 236 386 229 102 232 54 293 251 359 250 71 91 272 239 298 230 264 276 198 235 263 1 76 107 223 163 320 295 308 118 170 240 246 155 181 71 377 45 271 110 43 251 279 72 344 187 314 266 224 233 280 185 179 344 309 196 151 334 280 213 79 336 262 220 351 32 186 171 244 183 165 260 157 307 185 73 158 167 307 298 191 131 237 270 250 237 116 363 272 120 109 189 305 323 54 340 267 281 268 56 49 69 117 272 282 153 357 256 83 50 316 100 187 148 212 234 219 110 379 267 144 292 387 213 125 247 253 292 170 283 406 263 337 293 190 260 191 68 334 240 387 81 214 272 264 117 377 146 199 339 270 165 293 259 410 184 371 286 262 174 138 282 118 365 51 266 225 113 68 79 115 49 117 189 161 349 196 351 227 317 321 235 198 130 337 121 337 187 101 235 172 319 165 204 288 317 168 89 311 175 154 363 81 264 89 167 55 54 123 191 33 354 53 335 348 250 158 201 161 261 117 90 90 33 250 325 269 191 350 281 339 252 97 267 427 250 160 104 152 9 259 368 344 224 295 196 81 300 215 249 189 37 286 302 265 329 103 228 261 326 238 176 348 37 91 248 180 23 239 253 37 182 336 145 165 120 327 237 139 245 293 136 361 76 214 53 205 301 215 134 65 53
 65 289 53 212 216 159 320 182 301 394 282 167 180 117 229 297 367 295 41 66 281 194 300 210 296 254 249 300 305 76 1 154 154 172 336 277 273 147 238 169 242 164 106 142 385 46 217 99 118 283 300 41 321 227 254 202 213 177 227 242 240 300 245 184 76 270 315 173 149 358 317 204 353 68 235 145 209 204 208 201 195 310 235 88 125 93 319 236 182 60 268 315 205 304 97 366 235 159 79 192 304 346 108 305 295 243 311 43 29 87 73 211 240 78 368 190 146 122 284 35 162 106 143 280 252 165 385 315 202 287 391 210 109 272 319 325 218 221 400 211 309 327 255 272 138 72 302 169 396 81 277 268 225 138 379 76 262 350 225 132 268 325 408 253 365 223 203 170 197 303 81 301 87 289 268 51 38 133 69 70 87 114 120 290 258 324 175 340 316 186 135 73 331 182 288 153 96 179 97 308 198 271 222 314 238 164 294 179 210 344 98 264 164 140 110 83 148 163 46 323 46 276 366 236 85 247 154 328 138 159 161 64 217 342 304 242 338 236 329 234 41 198 428 277 148 169 220 83 299 373 345 169 310 185 139 265 221 255 185 59 230 251 195 270 100 293 314 319 278 175 321 85 140 303 237 92 177 313 112 110 283 199 125 69 341 246 204 289 260 188 297 95 250 102 185 310 232 118 35 67
 142 157 129 252 76 74 176 175 156 293 129 48 230 57 307 147 267 145 121 194 182 225 213 182 160 223 96 155 158 107 154 1 255 92 223 234 269 38 104 276 174 85 238 68 284 145 267 98 91 147 180 121 286 82 318 282 164 238 273 89 93 316 323 143 219 344 174 195 64 234 163 168 264 91 82 145 214 91 59 268 53 221 82 72 148 224 214 308 135 212 134 165 234 162 221 274 241 21 212 117 223 222 54 298 165 249 163 113 137 72 142 281 257 214 263 281 39 73 274 157 154 153 247 129 115 21 287 164 55 215 297 144 230 146 175 188 66 293 326 257 287 188 113 168 198 88 288 276 293 187 128 196 235 51 289 194 115 245 252 151 241 182 326 119 290 299 270 116 50 182 219 375 155 166 120 159 166 30 141 155 124 245 160 348 111 297 225 215 243 228 222 163 259 43 318 168 91 241 232 249 63 131 306 236 107 97 247 107 58 299 186 185 94 145 53 72 45 160 129 305 155 336 248 189 234 96 113 185 53 60 70 95 216 228 164 89 278 261 265 195 146 296 339 149 119 47 91 108 154 279 258 228 200 142 32 261 134 165 126 142 285 289 296 331 209 147 161 249 133 114 295 75 17 150 85 118 254 161 94 229 322 47 162 216 231 151 69 140 252 35 368 65 109 57 162 211 123 239 162 158
 218 330 136 102 283 293 430 145 410 377 369 289 80 245 80 367 354 365 155 201 287 107 288 175 339 201 336 408 365 223 154 255 1 210 345 226 185 227 357 23 231 208 65 276 369 199 95 159 260 328 323 154 250 299 110 55 197 65 106 338 346 186 94 179 98 120 362 112 280 375 401 180 330 201 320 137 141 251 290 67 271 297 321 188 120 71 320 90 185 130 315 380 113 416 223 345 152 249 203 212 285 365 232 213 331 156 374 170 180 191 116 71 144 85 361 38 267 258 199 124 145 106 11 353 308 274 367 388 309 264 367 211 233 309 428 366 304 77 353 95 230 370 367 285 71 176 215 22 382 225 380 249 142 213 353 79 368 345 123 121 205 435 368 372 326 76 67 188 305 325 197 149 240 319 339 111 186 249 118 222 133 60 104 147 364 245 79 362 284 91 37 97 296 295 164 120 166 64 74 265 266 385 71 290 359 304 243 205 310 278 244 255 303 133 233 200 224 139 197 236 198 133 376 206 113 326 176 439 211 288 293 197 151 350 352 329 288 132 285 198 127 45 394 315 165 290 342 231 357 352 323 66 320 181 257 180 236 260 196 211 98 129 43 126 237 401 397 285 339 196 242 215 247 390 334 242 43 408 256 48 154 300 104 174 344 258 321 358 181 286 147 194 310 224 162 309 264 240 184 219
 192 126 124 177 76 163 239 92 219 226 165 139 161 132 243 158 199 156 132 230 112 149 135 92 134 132 135 217 156 163 172 92 210 1 166 143 180 56 185 232 86 10 216 154 217 186 194 75 167 122 131 131 195 93 246 221 73 173 197 144 160 229 257 55 211 275 156 121 152 188 195 78 189 135 119 76 129 42 91 202 72 145 121 93 91 204 149 240 45 218 108 171 156 228 262 201 155 74 247 27 142 176 120 207 129 163 164 135 168 97 120 215 173 200 199 226 127 152 183 155 76 109 204 145 99 111 218 179 131 130 225 54 273 106 236 162 107 227 245 183 196 166 184 102 141 105 198 231 228 234 188 111 151 50 215 173 178 180 172 91 150 243 248 198 209 235 205 29 129 133 251 304 213 121 130 148 200 111 121 206 97 221 107 272 174 206 157 171 160 156 174 139 176 130 235 98 77 176 214 161 63 202 244 154 189 186 157 16 124 209 240 102 183 79 120 111 49 83 170 214 194 261 196 98 231 122 35 247 49 150 160 136 130 171 145 128 191 179 179 104 143 244 265 112 47 138 176 169 148 207 182 165 140 53 118 172 53 87 36 189 212 209 245 258 256 210 191 165 130 24 204 128 98 186 142 182 195 206 169 199 241 117 107 239 170 76 153 149 163 105 296 89 101 116 76 141 63 282 195 207
