NAME : domp200p50v10
COMMENT : (Deleplanque et al.) 
TYPE : DOMP
DIMENSION : 200
DISPLAY_DATA_TYPE: NO_DISPLAY
OPEN_FACILITIES : 50
COST_SECTION
 1 229 275 133 248 112 135 190 129 101 166 186 212 121 260 320 314 78 282 215 203 82 196 53 237 259 338 267 169 314 73 66 122 81 148 20 228 230 109 247 107 80 249 203 81 271 228 183 121 182 247 238 247 197 227 73 327 84 270 292 253 81 228 78 330 287 39 127 113 151 192 200 51 86 191 182 229 86 313 252 211 109 134 130 152 171 296 149 139 48 227 320 235 281 58 238 95 158 179 143 65 178 240 43 104 142 193 237 113 171 108 296 77 302 49 37 218 30 131 105 263 228 293 208 214 128 295 78 245 170 210 278 129 226 182 121 191 239 249 150 281 186 84 267 82 196 207 128 66 247 170 286 43 196 111 62 194 306 327 313 215 322 209 223 224 216 119 116 169 188 114 308 277 215 287 250 349 260 186 223 134 272 83 247 287 198 322 242 132 128 116 307 168 143 253 250 217 143 107 149
 229 1 287 343 322 127 233 55 157 283 67 59 36 217 198 304 313 304 194 318 222 213 35 230 314 236 111 185 123 269 294 177 244 294 142 243 376 206 286 35 332 185 28 304 241 256 160 350 121 204 22 15 439 131 365 216 224 267 92 146 303 150 188 302 264 108 194 103 292 315 124 96 192 214 353 372 9 314 200 307 20 221 256 210 338 146 90 297 350 216 280 231 250 335 278 337 136 74 157 87 273 287 338 217 316 187 110 183 239 381 268 213 299 192 277 240 259 236 256 268 239 55 162 157 205 123 68 220 55 230 24 99 316 386 297 230 386 315 358 324 62 83 271 321 213 114 61 336 166 217 88 265 270 281 219 168 360 311 238 212 344 209 29 326 373 271 215 246 277 51 141 81 114 50 72 101 289 60 78 275 218 279 220 310 72 282 257 162 299 187 290 207 281 96 85 304 399 256 280 263
 275 287 1 270 79 226 391 303 172 376 279 302 305 156 101 49 39 326 124 115 79 339 278 323 82 55 365 121 174 72 275 227 385 261 345 269 188 81 384 321 301 204 312 113 202 38 129 203 293 103 304 281 286 157 170 204 143 358 229 191 49 270 100 333 101 230 252 258 211 193 165 192 234 343 197 247 280 306 152 56 275 167 399 376 228 152 267 172 273 229 58 124 44 64 325 113 252 248 138 252 337 126 113 307 263 143 179 107 168 288 192 116 337 148 300 246 59 252 397 195 54 236 174 131 85 207 309 198 339 106 290 230 224 207 131 157 261 81 132 207 343 208 358 57 339 360 324 263 272 73 210 40 303 98 166 267 207 32 125 138 153 154 295 116 187 66 370 167 127 295 311 318 211 238 279 202 102 254 214 60 383 8 193 65 279 97 96 132 406 155 391 135 434 290 221 54 245 143 204 413
 133 343 270 1 209 217 253 313 202 187 285 309 332 151 301 318 304 105 330 166 223 207 312 173 200 280 453 316 248 330 62 167 235 53 280 114 134 262 194 366 49 160 366 162 107 283 285 87 249 213 362 348 118 268 143 129 371 178 359 363 229 207 271 116 354 374 156 245 65 79 266 286 152 210 97 60 341 73 365 225 324 140 243 255 48 238 393 99 8 128 212 358 242 245 129 183 212 269 238 257 146 145 185 170 30 190 274 283 126 40 91 337 123 355 103 107 216 113 240 89 283 327 358 266 246 223 403 127 368 183 327 366 46 123 141 139 64 202 182 66 400 280 175 236 207 327 332 8 193 276 266 296 113 172 143 188 93 295 363 359 143 373 327 171 131 205 242 122 144 309 245 417 359 316 389 333 365 359 282 211 257 269 129 216 389 174 347 298 214 180 201 353 271 268 342 224 97 135 76 257
 248 322 79 209 1 232 377 326 179 346 298 324 333 137 164 121 103 283 192 44 102 323 306 300 12 121 413 185 200 151 229 216 367 213 349 238 110 131 354 355 247 192 349 50 169 110 179 133 298 119 342 319 209 194 92 180 218 330 282 254 31 267 150 292 179 287 235 268 159 131 200 229 217 327 125 177 316 259 224 25 307 145 380 366 164 177 321 115 211 204 44 200 84 37 290 35 253 268 166 268 303 73 35 287 209 145 214 161 137 221 147 188 297 218 261 214 65 221 378 151 122 278 239 172 124 218 357 173 370 98 320 285 166 130 72 132 189 10 54 145 382 240 329 29 323 374 348 204 264 132 237 117 267 54 145 258 135 94 202 211 77 227 324 41 110 51 357 133 81 318 312 367 268 275 329 253 180 301 245 48 372 83 169 16 329 52 174 186 377 152 361 208 415 302 271 27 170 106 156 395
 112 127 226 217 232 1 176 104 55 191 75 101 120 104 174 260 261 189 190 215 148 132 96 132 222 190 237 175 69 241 170 52 176 169 121 123 262 157 197 152 208 60 150 201 116 208 136 230 69 124 147 133 316 99 253 92 233 173 159 186 223 53 147 189 250 177 74 37 168 194 91 92 68 135 234 248 125 193 216 225 108 104 190 157 214 82 186 179 224 91 196 231 182 256 167 238 30 53 94 43 168 180 239 116 190 89 88 152 120 255 146 207 187 205 159 116 179 113 189 144 195 117 190 118 146 23 188 96 157 135 112 167 191 268 188 115 261 224 256 202 185 76 175 240 132 143 126 210 63 174 60 221 154 182 102 61 241 255 238 220 234 226 113 224 258 185 155 127 169 98 87 202 168 105 178 141 272 149 75 191 165 220 96 224 178 184 241 147 216 81 203 213 224 71 142 222 277 144 156 203
 135 233 391 253 377 176 1 179 224 83 173 176 202 242 350 431 429 157 364 347 314 55 203 84 366 363 321 350 244 415 193 166 22 206 93 151 362 330 80 232 213 189 240 334 213 379 311 316 123 290 243 246 370 273 362 198 407 81 309 350 377 125 322 147 425 328 143 159 247 285 265 258 161 51 324 309 238 186 388 377 221 234 26 24 282 257 321 283 259 175 350 406 348 408 127 370 147 190 269 175 111 309 372 94 227 250 259 327 242 287 242 382 141 378 152 172 338 164 28 239 367 261 358 293 317 198 297 205 217 289 210 317 260 359 314 246 316 368 383 283 260 238 85 393 55 139 182 250 120 347 224 393 141 324 234 125 326 422 413 393 349 398 205 355 358 339 23 246 300 183 99 308 325 247 304 301 447 286 234 346 17 387 209 373 304 326 417 322 80 237 79 387 50 143 294 375 346 273 242 31
 190 55 303 313 326 104 179 1 149 232 30 5 24 205 225 328 334 262 227 314 231 163 31 183 316 257 152 217 130 297 259 149 190 262 88 206 364 224 235 59 296 162 64 300 218 277 184 333 73 209 65 69 417 149 355 193 263 218 140 191 311 110 208 258 297 158 158 70 269 297 140 117 162 163 337 349 60 275 240 315 46 206 202 156 315 153 144 281 320 186 286 268 262 344 234 336 101 59 166 62 227 281 337 172 285 183 127 207 223 352 248 247 255 231 237 208 266 202 203 246 261 95 203 175 219 110 119 198 56 230 32 148 292 371 289 217 362 318 356 304 92 98 222 329 163 66 24 306 126 238 94 288 229 279 204 129 343 330 275 250 336 250 27 323 361 276 162 230 269 9 90 131 160 83 126 141 322 112 92 281 164 296 198 315 126 281 290 190 247 179 239 245 227 49 129 312 379 245 258 209
 129 157 172 202 179 55 224 149 1 224 121 148 160 61 133 209 208 201 154 166 94 174 134 166 169 141 263 139 47 193 168 66 220 162 175 133 220 108 231 188 205 52 184 152 96 156 100 195 123 70 178 159 286 71 209 76 199 205 158 168 169 100 102 204 206 173 95 90 143 161 67 86 80 178 197 221 153 196 185 171 140 67 234 207 187 43 193 141 208 90 142 192 129 201 187 187 81 92 51 90 192 133 189 149 178 35 73 110 85 237 117 168 204 174 171 117 124 118 233 117 145 129 166 79 95 40 209 77 198 82 149 165 167 229 142 75 235 171 207 171 218 82 206 186 174 196 172 194 104 125 71 171 169 131 64 100 205 202 199 185 189 194 152 175 217 131 202 91 122 142 140 222 159 120 191 133 226 160 85 137 214 166 74 170 191 133 197 113 252 31 237 178 269 124 142 168 244 100 131 248
 101 283 376 187 346 191 83 232 224 1 217 228 256 221 355 420 414 84 375 309 303 71 249 60 335 358 382 361 257 413 132 158 62 147 156 109 309 328 9 290 142 177 295 299 179 371 321 261 163 281 296 294 302 286 312 173 420 19 344 376 352 143 325 73 428 363 130 189 197 235 280 281 147 70 270 246 285 116 404 351 267 210 63 97 224 264 364 239 192 148 327 415 335 379 61 332 165 223 273 207 45 274 334 77 165 241 278 332 212 217 201 391 66 393 91 133 319 126 60 197 363 298 380 301 313 212 349 179 279 270 260 352 204 303 277 221 250 337 341 230 321 264 19 366 71 208 241 186 130 346 248 386 82 294 211 131 270 406 422 406 303 414 256 317 305 316 84 215 266 233 143 362 356 284 350 329 447 327 262 323 94 372 184 345 350 297 419 334 32 227 16 400 85 187 328 349 283 242 196 74
 166 67 279 285 298 75 173 30 121 217 1 28 48 176 206 306 311 240 212 286 205 148 33 164 289 235 173 200 106 278 233 121 181 235 87 181 335 202 221 83 270 133 84 272 189 254 165 304 55 183 83 78 388 128 327 164 250 202 137 183 285 86 187 237 280 156 132 42 240 268 119 100 134 149 308 321 69 251 228 288 51 177 194 150 287 128 149 252 293 159 259 253 238 318 212 307 74 32 142 33 208 252 309 151 258 155 107 187 194 324 219 231 233 218 213 181 240 176 194 218 239 90 194 154 195 82 134 169 84 202 46 146 263 342 261 188 333 291 327 275 116 79 205 303 148 83 52 279 102 216 71 266 206 251 175 104 314 307 260 237 307 238 44 295 332 249 153 201 241 24 77 147 155 76 134 133 305 114 73 254 158 272 169 288 134 253 272 173 235 151 225 231 222 31 124 285 350 216 229 203
 186 59 302 309 324 101 176 5 148 228 28 1 28 203 226 328 333 258 228 312 230 159 33 179 315 257 156 217 130 298 256 145 187 259 85 203 362 224 231 63 292 159 68 298 215 276 185 330 69 208 69 72 414 149 353 190 264 214 143 193 310 106 208 254 298 161 155 67 265 294 140 118 158 159 334 346 64 271 242 313 49 204 198 152 312 152 148 279 316 183 285 269 262 343 229 334 98 57 166 60 223 278 335 168 281 181 128 207 221 348 245 248 251 232 233 204 265 199 199 243 261 97 205 175 219 108 123 195 60 228 35 150 289 369 287 215 358 317 354 301 96 98 218 328 159 64 26 303 122 238 93 288 225 278 202 125 340 330 276 252 334 251 30 321 358 275 158 227 267 10 86 135 163 85 130 143 323 115 92 280 160 296 195 314 130 279 290 191 243 177 235 246 223 45 131 310 376 243 255 205
 212 36 305 332 333 120 202 24 160 256 48 28 1 218 222 327 334 285 221 325 236 186 28 206 324 257 128 212 135 294 280 167 213 282 110 228 378 226 259 36 317 178 40 311 235 277 182 348 96 216 42 50 434 149 368 210 254 241 125 179 317 131 208 281 292 143 179 89 286 313 141 115 181 186 352 367 42 297 231 321 34 221 225 178 333 158 125 296 339 205 292 260 266 350 256 345 121 69 171 77 251 292 347 195 304 193 127 205 238 371 264 241 278 222 259 228 272 223 226 263 260 84 193 176 222 123 96 215 39 239 17 133 309 386 301 231 380 326 366 321 70 98 245 335 186 80 26 326 147 238 98 287 251 289 218 150 359 331 267 242 348 240 11 333 374 283 184 245 281 25 114 108 147 75 106 131 317 95 92 287 186 298 215 322 106 291 284 187 270 191 262 237 249 72 117 318 395 258 275 231
 121 217 156 151 137 104 242 205 61 221 176 203 218 1 155 201 194 176 182 114 86 188 193 169 126 144 323 168 104 199 131 79 234 121 214 115 161 119 229 247 165 56 243 100 53 154 135 135 165 68 238 219 226 119 151 49 226 203 214 214 136 131 124 182 218 227 100 140 88 101 119 142 82 192 137 162 213 163 217 136 200 14 247 230 130 90 250 81 157 74 109 215 116 166 172 137 119 150 89 144 182 78 139 154 132 40 129 135 27 183 62 192 185 207 148 93 99 97 245 63 148 188 208 116 103 97 269 44 256 50 208 220 111 169 86 14 177 129 155 113 278 142 203 152 188 245 228 144 128 135 131 169 150 85 11 122 145 186 221 213 132 225 210 123 157 98 222 32 67 199 176 282 211 180 249 187 234 219 145 105 236 152 39 132 249 87 210 149 251 32 236 207 282 173 198 134 184 41 77 262
 260 198 101 301 164 174 350 225 133 355 206 226 222 155 1 108 119 327 31 184 82 304 197 297 162 47 266 22 108 73 285 198 349 275 285 261 259 41 362 231 319 181 222 175 207 65 42 258 235 89 213 190 350 80 242 196 71 337 130 91 136 226 33 331 77 130 227 197 237 235 89 109 211 307 255 298 190 316 66 142 190 168 363 331 270 94 167 212 306 217 125 61 82 162 316 193 203 177 83 186 323 174 193 280 285 121 100 24 178 329 212 38 332 58 297 241 106 244 362 214 48 145 75 58 56 152 211 194 252 120 206 130 258 276 183 164 312 162 215 250 249 129 338 151 304 287 244 294 233 34 137 71 297 151 165 230 265 119 68 59 222 73 212 189 257 123 328 181 169 217 257 219 111 149 180 105 100 157 135 122 338 94 189 150 180 151 68 37 383 135 369 53 397 225 124 140 307 168 227 376
 320 304 49 318 121 260 431 328 209 420 306 328 327 201 108 1 22 373 121 161 119 380 301 366 126 72 371 124 202 46 322 268 426 309 378 315 230 106 428 338 349 246 328 159 248 54 146 250 327 142 320 296 329 180 212 249 123 402 235 188 93 308 120 380 71 232 294 290 259 240 189 212 276 384 243 294 297 354 140 99 295 212 440 414 276 182 270 220 321 273 106 104 86 96 371 155 288 275 168 282 382 174 154 350 311 183 201 123 215 335 239 106 383 139 346 292 106 297 438 243 68 251 170 154 116 240 316 243 358 151 311 234 272 250 179 203 307 125 172 255 356 231 402 95 380 388 348 312 311 91 236 41 349 146 211 307 253 29 103 123 197 138 317 160 230 114 409 214 175 319 346 324 215 255 285 211 63 264 237 108 422 50 238 109 285 145 70 143 450 196 435 123 475 321 230 98 290 190 252 454
 314 313 39 304 103 261 429 334 208 414 311 333 334 194 119 22 1 364 136 144 116 377 308 361 109 78 384 137 206 65 312 264 423 298 380 308 212 110 422 347 337 242 338 144 240 58 154 234 328 140 330 306 311 186 194 242 142 396 248 203 77 307 127 371 91 246 290 292 247 226 194 220 272 381 226 278 306 343 157 82 303 205 437 413 261 185 284 206 307 267 94 123 81 76 363 137 288 280 171 285 375 160 136 345 299 180 208 131 206 320 229 122 374 156 338 284 97 290 435 232 75 261 185 160 117 241 329 237 367 145 319 248 259 232 164 195 291 108 153 241 367 237 396 76 377 392 354 298 309 97 241 49 341 133 204 304 236 10 122 141 179 156 324 143 212 103 407 205 163 325 347 337 228 264 298 223 83 275 244 96 420 43 232 92 298 131 89 153 444 192 429 140 472 324 242 82 272 180 241 451
 78 304 326 105 283 189 157 262 201 84 240 258 285 176 327 373 364 1 351 243 261 120 271 87 273 320 412 336 243 374 56 141 138 72 206 69 232 293 91 320 59 150 323 235 126 328 299 183 191 243 322 313 219 270 237 132 396 78 346 367 295 155 295 12 393 364 116 202 127 162 266 276 125 122 193 164 305 33 384 293 287 164 143 164 145 243 373 170 109 112 272 387 289 319 33 264 171 235 249 219 48 212 267 93 85 207 268 305 159 134 138 364 19 373 31 86 268 85 140 134 324 305 366 278 277 204 370 135 315 224 284 354 128 223 212 172 167 275 270 154 353 263 74 307 120 257 277 104 139 310 247 343 36 235 166 137 191 355 393 383 231 393 282 250 228 262 151 160 206 261 179 384 353 292 364 326 409 337 263 269 164 324 140 285 364 238 385 313 111 193 97 376 169 214 329 291 200 185 128 156
 282 194 124 330 192 190 364 227 154 375 212 228 221 182 31 121 136 351 1 214 111 321 198 317 190 72 251 16 122 79 311 219 365 302 294 284 289 71 382 226 346 203 216 204 233 88 56 288 246 117 207 184 380 92 272 221 46 357 116 69 163 241 60 355 72 112 247 208 265 265 100 113 232 324 285 327 186 342 37 170 188 195 379 344 300 113 150 241 335 240 153 43 111 186 339 222 219 184 104 195 345 204 222 300 313 147 108 48 206 358 240 21 356 28 321 266 136 268 378 242 73 140 51 75 86 168 197 219 248 149 205 115 287 306 213 192 342 190 244 279 240 134 358 176 321 291 245 322 250 62 145 89 320 181 192 247 295 137 50 32 251 44 211 218 287 152 342 209 199 219 269 204 95 147 166 95 97 146 139 151 352 117 215 177 166 181 65 43 402 160 388 26 412 234 114 167 337 197 255 391
 215 318 115 166 44 215 347 314 166 309 286 312 325 114 184 161 144 243 214 1 109 292 298 267 36 146 416 204 196 185 188 191 335 172 327 202 76 146 317 350 205 168 345 15 135 140 190 91 278 119 338 317 173 197 59 150 245 294 290 269 68 243 163 252 212 298 206 252 118 88 201 230 189 296 83 135 313 217 248 63 302 118 347 337 120 174 329 74 168 173 63 228 105 80 252 25 232 257 165 254 266 38 27 255 167 133 214 176 107 178 110 213 257 241 223 179 79 187 345 113 148 279 257 179 135 205 360 143 362 89 313 294 123 95 34 105 148 38 42 101 379 237 293 72 292 357 337 161 238 152 231 150 229 38 119 232 93 135 231 237 40 253 316 10 75 62 328 101 49 307 289 371 280 274 335 261 216 305 242 65 343 117 139 53 335 37 206 200 340 136 325 232 382 285 277 63 131 76 116 362
 203 222 79 223 102 148 314 231 94 303 205 230 236 86 82 119 116 261 111 109 1 263 209 248 95 60 313 99 102 114 214 150 309 203 268 200 182 41 311 256 245 128 249 98 137 69 82 178 216 25 242 219 270 93 166 133 150 285 183 162 82 192 56 267 134 190 176 181 160 155 100 129 159 266 175 217 216 246 147 86 208 98 323 298 190 79 222 131 228 157 59 136 35 115 256 123 174 174 67 177 266 94 124 232 210 65 114 69 105 250 136 116 270 138 233 178 38 182 321 138 63 177 150 72 27 130 256 128 272 41 222 186 179 198 103 91 232 96 145 170 282 141 285 100 263 285 253 216 195 54 139 84 235 73 96 190 185 109 141 139 145 153 226 116 180 52 293 106 89 223 233 267 171 175 229 154 149 201 146 54 305 74 123 89 229 74 126 92 333 78 318 133 358 214 171 83 227 89 150 337
 82 213 339 207 323 132 55 163 174 71 148 159 186 188 304 380 377 120 321 292 263 1 180 35 312 314 312 306 200 367 145 113 47 157 90 99 309 281 74 220 171 136 225 280 159 328 266 264 94 239 226 225 324 230 308 144 364 57 278 314 323 81 275 112 378 297 90 123 194 232 222 220 107 5 272 260 216 145 347 323 198 180 61 50 232 210 296 229 213 120 297 361 296 354 88 316 103 157 222 141 75 255 318 40 179 198 218 281 187 243 188 337 106 336 107 118 285 110 60 185 318 231 319 248 268 154 280 151 210 236 190 286 209 307 260 192 268 314 329 231 252 201 61 339 1 142 172 203 71 299 185 343 96 270 180 75 274 370 368 351 295 357 187 301 305 286 38 192 245 164 73 292 291 217 281 266 400 259 198 292 53 335 155 319 281 272 370 278 88 185 78 344 96 118 262 321 296 218 188 75
 196 35 278 312 306 96 203 31 134 249 33 33 28 193 197 301 308 271 198 298 209 180 1 196 297 231 143 188 108 269 262 146 212 263 114 210 352 199 253 56 299 155 55 284 212 251 157 324 87 188 52 46 411 123 342 187 233 234 111 161 290 116 182 268 268 129 161 70 263 288 115 90 161 181 327 344 37 281 210 293 19 195 225 180 310 131 119 271 319 185 265 238 239 322 244 318 103 44 143 55 240 266 320 183 284 166 101 180 213 350 240 218 265 201 244 208 245 204 225 239 234 65 174 149 195 97 102 191 66 211 17 119 287 361 275 205 357 299 339 297 89 71 237 308 180 96 48 305 133 212 70 261 236 262 193 135 334 305 245 221 322 220 19 306 349 256 184 220 255 24 108 115 131 54 103 112 293 84 65 260 187 272 191 295 103 264 261 162 266 164 257 215 251 63 99 290 371 232 252 233
 53 230 323 173 300 132 84 183 166 60 164 179 206 169 297 366 361 87 317 267 248 35 196 1 289 302 334 302 198 356 112 101 70 124 119 68 279 271 66 241 137 121 246 255 133 316 262 233 112 226 245 241 290 228 279 122 361 42 287 317 303 85 267 81 371 305 73 133 164 202 221 223 91 38 241 227 232 111 345 303 214 159 81 83 199 205 308 201 179 97 277 357 281 332 55 290 107 167 215 151 46 231 293 18 146 185 219 274 164 209 160 332 75 335 73 90 267 82 79 157 307 241 321 243 257 153 297 129 234 218 209 295 177 276 234 171 235 291 302 200 274 206 44 318 35 171 195 169 71 289 190 331 62 247 160 73 243 354 363 348 267 355 206 276 275 266 70 168 221 183 95 310 298 227 296 271 390 271 204 273 85 319 133 298 296 250 362 275 87 171 73 341 116 136 270 301 263 195 159 96
 237 314 82 200 12 222 366 316 169 335 289 315 324 126 162 126 109 273 190 36 95 312 297 289 1 120 407 182 192 153 218 205 356 203 338 227 107 126 343 347 237 181 341 40 157 110 174 126 288 111 334 311 205 187 89 169 217 318 276 250 34 256 145 281 181 282 224 258 149 122 193 222 206 316 118 170 308 248 223 28 299 134 369 355 155 169 316 105 202 193 39 200 81 47 279 33 242 259 158 258 292 62 33 275 199 135 207 157 126 213 137 187 286 217 250 203 59 210 366 140 121 270 235 166 118 209 350 162 361 88 311 279 156 126 62 121 182 3 55 136 374 232 318 37 312 364 339 195 253 129 228 119 256 43 134 247 128 100 202 210 72 226 315 35 106 44 346 122 70 309 301 361 264 268 323 248 183 295 237 42 361 85 158 18 323 41 175 182 366 142 350 206 404 292 265 29 165 95 145 384
 259 236 55 280 121 190 363 257 141 358 235 257 257 144 47 72 78 320 72 146 60 314 231 302 120 1 311 67 131 56 273 203 360 261 307 257 221 35 366 270 304 182 261 139 195 21 77 227 256 78 253 229 316 109 204 190 100 340 175 137 92 239 50 325 76 176 230 219 217 208 118 143 213 317 222 268 229 305 104 98 226 157 374 346 244 111 213 185 284 214 84 83 42 116 313 152 219 204 98 210 322 143 152 286 268 119 131 54 163 304 194 68 328 98 291 235 70 239 372 196 5 184 121 83 47 170 255 186 289 99 241 176 235 239 151 150 283 120 173 223 290 160 341 105 314 317 278 273 244 20 165 32 292 117 154 240 233 76 87 92 185 108 247 150 220 85 341 164 140 249 276 264 157 187 225 148 91 200 167 82 353 48 181 106 225 117 68 78 388 132 373 88 409 250 167 95 274 146 208 388
 338 111 365 453 413 237 321 152 263 382 173 156 128 323 266 371 384 412 251 416 313 312 143 334 407 311 1 248 223 329 404 288 335 405 229 353 479 288 384 93 441 294 90 403 350 330 238 457 223 298 92 106 547 221 467 326 264 368 137 185 391 258 268 408 315 140 303 212 401 422 216 187 303 312 458 481 113 423 241 396 130 328 345 298 447 243 101 403 460 326 370 278 335 421 384 433 245 184 252 197 378 389 434 322 426 290 203 259 346 491 377 268 405 237 386 350 349 346 346 376 313 139 204 242 291 232 58 330 104 329 129 137 425 490 399 336 495 408 455 432 62 183 372 408 312 184 141 446 274 293 193 336 378 379 326 277 467 384 283 257 446 247 130 424 476 364 306 352 379 152 240 48 157 145 87 164 339 113 179 366 305 357 329 400 87 380 311 234 394 292 387 254 364 199 145 393 506 360 389 349
 267 185 121 316 185 175 350 217 139 361 200 217 212 168 22 124 137 336 16 204 99 306 188 302 182 67 248 1 108 85 297 204 351 288 281 269 279 60 367 218 332 189 208 194 219 85 41 276 233 104 200 176 369 78 262 207 61 342 112 71 157 227 47 340 81 111 233 195 252 252 87 101 218 309 274 315 178 327 50 163 179 180 365 330 287 98 149 229 321 226 145 56 102 182 324 213 204 171 89 182 330 193 214 285 299 132 95 34 192 345 226 33 341 40 307 251 126 253 364 228 68 132 55 61 73 153 194 204 240 136 195 112 273 295 202 178 330 182 236 266 234 122 344 171 306 280 235 309 236 54 132 89 305 170 177 233 284 137 63 47 242 58 202 209 277 143 328 195 187 209 256 202 93 138 162 89 106 141 128 142 338 114 200 170 162 171 74 29 388 145 374 41 398 221 108 160 326 184 241 377
 169 123 174 248 200 69 244 130 47 257 106 130 135 104 108 202 206 243 122 196 102 200 108 198 192 131 223 108 1 177 213 104 244 208 179 175 257 97 263 156 251 95 150 182 142 150 68 237 128 82 143 122 329 31 245 122 166 239 112 124 183 120 84 245 184 127 132 90 188 204 24 40 120 203 238 265 118 241 149 187 108 112 258 224 232 24 147 183 254 134 159 163 133 216 226 215 98 75 37 81 230 167 216 181 225 68 27 86 129 283 163 139 245 138 213 161 138 161 257 163 135 86 125 52 90 47 168 123 171 108 121 119 213 269 177 117 280 193 236 215 184 42 240 201 200 187 152 241 130 112 38 162 210 159 109 127 247 202 170 152 224 158 125 204 254 150 222 135 157 122 150 180 113 79 147 87 207 116 47 154 232 167 120 189 147 160 176 80 283 73 269 145 291 120 95 184 287 139 177 270
 314 269 72 330 151 241 415 297 193 413 278 298 294 199 73 46 65 374 79 185 114 367 269 356 153 56 329 85 177 1 327 257 413 314 355 312 259 87 420 302 357 237 292 180 249 49 114 271 304 133 284 260 356 151 240 245 78 395 194 145 120 291 95 380 29 190 284 266 268 256 160 181 267 370 265 314 261 358 95 127 261 211 427 397 292 160 228 234 334 268 124 59 90 132 368 184 269 248 147 256 377 189 184 340 320 173 172 93 217 352 246 62 382 95 346 290 116 294 425 249 52 215 126 127 101 219 275 241 323 153 278 193 285 278 196 204 328 152 204 271 318 201 395 127 367 359 316 324 297 69 208 36 347 162 209 292 276 70 58 78 223 93 284 186 258 129 393 218 188 289 325 282 173 221 244 172 36 224 207 124 405 69 236 137 244 161 26 108 442 187 427 78 461 296 191 125 315 197 260 440
 73 294 275 62 229 170 193 259 168 132 233 256 280 131 285 322 312 56 311 188 214 145 262 112 218 273 404 297 213 327 1 119 175 17 220 55 179 249 140 315 39 120 316 180 80 280 261 131 192 199 313 301 179 238 183 93 355 121 322 335 242 151 253 66 348 338 102 193 71 107 234 250 103 149 140 117 293 33 345 239 275 119 184 193 93 208 353 115 69 82 220 345 240 264 72 209 160 221 212 208 89 157 211 109 35 166 239 264 111 99 84 322 72 335 43 55 218 59 181 81 277 285 332 241 233 181 357 94 314 175 276 329 74 172 157 124 124 220 215 99 349 240 118 252 145 268 277 58 136 265 225 295 53 182 121 132 139 303 351 342 176 354 276 195 175 210 181 110 152 256 186 371 326 273 346 299 362 317 241 217 196 273 98 231 346 184 339 275 161 153 146 336 214 213 305 238 154 133 74 198
 66 177 227 167 216 52 166 149 66 158 121 145 167 79 198 268 264 141 219 191 150 113 146 101 205 203 288 204 104 257 119 1 160 118 138 73 225 171 166 201 157 24 200 177 71 217 164 188 93 127 197 184 269 132 219 47 264 140 207 227 213 54 167 142 271 224 30 80 121 153 127 136 17 117 193 202 176 142 249 214 159 73 173 152 168 107 236 140 174 40 186 258 184 244 123 214 49 104 116 92 127 153 216 84 139 86 128 175 86 205 103 234 142 238 111 65 173 62 172 101 207 168 228 144 157 65 240 53 204 124 161 215 144 229 160 86 214 207 230 158 234 124 141 229 113 175 169 160 49 189 108 232 107 163 73 43 199 258 264 250 202 258 162 199 221 175 145 92 142 144 100 253 213 155 229 186 290 200 124 181 158 222 55 210 229 165 262 178 187 73 172 243 209 107 190 211 232 115 111 188
 122 244 385 235 367 176 22 190 220 62 181 187 213 234 349 426 423 138 365 335 309 47 212 70 356 360 335 351 244 413 175 160 1 189 106 137 347 327 60 245 194 182 252 323 201 375 311 301 129 285 254 256 352 274 348 188 408 61 316 354 369 125 320 128 424 335 135 163 232 271 266 261 153 44 309 292 247 167 390 369 230 225 15 39 266 256 330 270 241 164 342 406 343 399 108 359 147 195 267 180 92 298 361 82 210 244 261 326 231 269 229 382 121 379 134 158 331 151 14 226 364 268 361 293 314 198 308 195 231 282 220 324 244 344 303 237 298 358 371 268 274 242 65 384 47 155 195 232 117 345 227 389 123 314 225 121 310 416 413 395 336 400 216 344 343 331 30 236 289 193 106 320 331 254 314 306 445 294 238 338 34 381 200 364 314 316 415 323 61 232 59 388 50 151 301 366 329 262 228 29
 81 294 261 53 213 169 206 262 162 147 235 259 282 121 275 309 298 72 302 172 203 157 263 124 203 261 405 288 208 314 17 118 189 1 228 62 163 238 155 317 45 116 317 164 70 268 253 115 197 188 314 301 168 231 167 87 345 135 318 328 227 155 244 82 336 334 105 195 56 90 228 245 103 160 124 104 293 47 336 224 276 109 198 205 78 201 350 99 60 80 205 335 227 249 87 193 162 221 204 209 104 142 195 119 24 157 234 255 99 92 70 312 88 326 58 56 204 61 195 67 265 283 325 233 222 178 357 87 317 163 278 325 58 157 142 113 112 205 199 84 350 237 133 237 157 274 281 48 141 254 222 282 67 167 111 136 124 289 340 333 160 345 278 179 159 196 193 98 137 258 193 370 320 271 344 294 350 315 238 203 208 260 90 216 344 169 328 267 177 145 162 326 228 217 301 223 141 120 59 212
 148 142 345 280 349 121 93 88 175 156 87 85 110 214 285 378 380 206 294 327 268 90 114 119 338 307 229 281 179 355 220 138 106 228 1 167 361 273 158 140 251 160 148 313 205 325 244 321 53 244 150 156 393 205 356 183 334 145 223 269 341 85 261 199 360 242 131 90 251 286 197 183 143 89 327 327 147 226 313 343 132 210 117 70 295 197 231 277 286 166 314 336 302 374 174 350 97 111 211 100 163 290 352 114 251 207 187 263 224 318 237 313 194 303 187 178 298 170 118 235 311 176 279 229 264 140 205 190 126 253 119 231 271 363 297 223 337 340 367 289 169 162 149 359 90 53 90 274 93 290 150 339 177 297 209 99 332 375 343 321 340 323 114 336 357 304 78 230 279 92 39 216 241 162 213 219 384 197 157 310 77 339 192 341 213 299 352 253 166 198 160 314 140 61 210 340 361 252 243 123
 20 243 269 114 238 123 151 206 133 109 181 203 228 115 261 315 308 69 284 202 200 99 210 68 227 257 353 269 175 312 55 73 137 62 167 1 212 229 117 263 90 82 264 191 70 268 231 166 138 180 262 251 229 202 212 68 329 93 279 298 244 98 229 72 329 297 51 141 96 135 198 208 57 103 174 163 243 71 316 243 225 103 148 148 134 175 308 134 121 45 219 321 230 271 58 225 109 171 181 157 68 167 228 60 85 141 200 238 104 152 94 297 73 306 39 25 212 19 145 91 261 239 298 211 213 137 308 72 261 164 225 287 111 209 170 113 172 229 236 133 296 196 92 258 99 214 224 109 82 246 180 283 37 186 105 79 176 300 328 316 200 326 224 210 208 208 136 107 158 203 133 322 285 226 299 258 347 271 196 215 151 266 77 237 299 188 321 245 140 127 124 309 181 160 262 241 199 133 92 163
 228 376 188 134 110 262 362 364 220 309 335 362 378 161 259 230 212 232 289 76 182 309 352 279 107 221 479 279 257 259 179 225 347 163 361 212 1 220 317 407 181 206 403 85 157 215 262 49 317 187 397 377 100 263 19 180 320 297 359 342 140 278 236 242 286 368 232 297 116 78 266 294 219 313 40 82 372 201 323 133 359 159 358 357 89 238 398 86 133 197 138 303 180 140 249 76 272 310 231 303 266 92 77 270 148 191 279 249 143 129 125 288 249 316 220 192 154 200 355 128 223 342 330 249 208 256 424 173 416 154 368 363 106 21 82 148 91 107 62 81 437 298 295 137 309 399 387 132 269 227 289 224 229 109 161 263 42 203 306 312 38 328 370 74 5 137 346 136 102 358 323 436 350 336 401 330 289 371 302 140 361 191 171 123 401 109 281 272 339 190 324 308 389 329 345 135 63 121 122 372
 230 206 81 262 131 157 330 224 108 328 202 224 226 119 41 106 110 293 71 146 41 281 199 271 126 35 288 60 97 87 249 171 327 238 273 229 220 1 335 241 282 152 232 136 171 53 51 218 222 51 224 201 310 77 204 163 110 310 154 125 105 206 21 298 102 158 199 185 198 195 85 112 182 285 215 257 200 280 107 111 195 132 341 312 230 77 193 171 267 185 89 98 49 134 285 157 185 171 64 177 293 134 157 254 247 89 99 31 141 289 173 76 300 98 264 208 69 211 340 176 39 156 111 51 17 136 231 159 259 80 210 156 218 237 143 127 272 127 179 210 263 129 310 121 281 283 245 255 211 19 132 66 265 112 129 207 225 107 103 99 183 113 215 151 218 86 308 143 129 216 242 241 139 158 202 125 120 176 135 85 320 74 154 116 202 112 93 57 357 103 342 93 376 216 144 108 267 128 188 355
 109 286 384 194 354 197 80 235 231 9 221 231 259 229 362 428 422 91 382 317 311 74 253 66 343 366 384 367 263 420 140 166 60 155 158 117 317 335 1 292 149 185 298 307 187 378 327 269 167 289 299 298 308 293 320 181 427 27 349 382 360 148 332 80 435 368 137 194 205 243 286 287 154 73 278 253 289 123 411 359 271 218 59 96 231 270 368 247 199 156 335 422 343 387 69 340 170 228 280 212 53 282 342 83 172 248 284 339 220 224 209 398 73 400 98 141 327 134 56 205 370 303 386 308 320 218 353 187 281 278 263 357 212 310 285 229 257 345 349 237 323 269 26 374 74 209 244 193 135 353 254 393 90 302 219 137 278 414 429 413 311 420 260 325 313 324 84 223 274 237 146 365 361 289 354 335 454 331 267 331 92 380 191 353 354 305 426 340 24 234 8 406 79 191 333 357 290 250 204 69
 247 35 321 366 355 152 232 59 188 290 83 63 36 247 231 338 347 320 226 350 256 220 56 241 347 270 93 218 156 302 315 201 245 317 140 263 407 241 292 1 352 211 12 336 267 290 194 379 131 237 20 43 466 165 396 242 254 276 119 175 337 167 222 316 296 133 214 123 318 344 158 130 215 220 382 399 42 332 230 341 49 250 256 209 365 179 107 326 373 239 313 263 284 369 292 370 156 100 191 110 286 319 371 230 339 219 144 217 268 405 296 245 313 222 294 262 293 257 257 295 273 88 191 191 239 152 68 247 25 263 41 124 342 415 328 260 412 349 391 352 35 116 279 355 220 101 51 360 183 251 120 299 286 314 248 186 389 345 269 243 376 238 40 358 403 305 216 275 308 60 148 78 142 84 86 132 321 86 111 309 216 314 246 343 86 315 290 196 303 218 296 238 278 107 115 338 427 286 307 262
 107 332 301 49 247 208 213 296 205 142 270 292 317 165 319 349 337 59 346 205 245 171 299 137 237 304 441 332 251 357 39 157 194 45 251 90 181 282 149 352 1 158 353 199 114 309 297 133 227 232 351 339 160 275 189 130 389 135 360 372 264 187 287 70 379 376 139 230 91 118 272 287 141 174 143 107 331 28 380 260 313 152 201 217 94 245 391 133 52 120 244 378 269 283 87 224 198 259 248 245 104 179 226 138 39 201 277 299 142 76 111 356 77 370 66 93 245 97 198 109 307 323 368 277 266 219 396 130 351 205 314 367 83 170 177 156 110 239 226 107 386 278 132 273 171 301 313 50 172 298 263 324 76 205 155 168 140 328 384 377 186 389 313 211 178 235 205 140 175 293 220 409 363 311 385 337 392 356 279 242 218 300 134 252 385 207 371 311 168 189 155 370 227 249 343 260 144 160 98 214
 80 185 204 160 192 60 189 162 52 177 133 159 178 56 181 246 242 150 203 168 128 136 155 121 181 182 294 189 95 237 120 24 182 116 160 82 206 152 185 211 158 1 209 154 58 196 150 172 113 106 205 189 257 121 199 33 248 159 204 218 190 76 149 153 252 220 49 93 109 136 117 131 32 140 176 189 182 146 235 190 166 51 196 175 155 93 235 122 167 40 163 241 162 221 137 191 67 112 100 102 143 131 193 105 135 65 121 158 65 198 87 217 154 224 120 67 150 67 194 86 187 168 217 130 137 64 244 37 216 101 171 211 133 211 138 64 203 184 208 143 244 122 160 206 136 194 183 153 73 169 108 210 118 140 50 67 183 235 248 235 182 244 172 177 202 151 168 72 120 156 122 257 207 157 230 180 271 200 123 158 182 200 37 187 230 142 243 164 207 51 191 228 231 124 186 188 218 93 98 210
 249 28 312 366 349 150 240 64 184 295 84 68 40 243 222 328 338 323 216 345 249 225 55 246 341 261 90 208 150 292 316 200 252 317 148 264 403 232 298 12 353 209 1 331 265 281 185 376 135 231 9 33 464 158 392 241 243 281 107 163 330 169 214 319 286 122 215 124 316 341 150 122 215 226 379 397 34 334 219 334 45 247 263 217 363 173 96 323 373 239 306 252 276 362 295 364 156 98 184 109 289 314 365 233 338 214 136 208 265 404 293 235 316 212 297 262 286 258 264 293 264 78 180 183 231 149 59 245 37 257 40 113 340 412 324 257 410 342 385 350 36 110 284 347 225 111 59 359 185 242 115 290 289 308 245 187 386 336 258 232 371 227 41 353 399 298 223 271 304 64 153 69 131 76 75 122 311 74 104 302 224 305 244 337 75 309 279 186 309 214 302 227 286 110 104 331 424 282 305 269
 203 304 113 162 50 201 334 300 152 299 272 298 311 100 175 159 144 235 204 15 98 280 284 255 40 139 403 194 182 180 180 177 323 164 313 191 85 136 307 336 199 154 331 1 123 134 178 92 264 106 324 303 179 184 69 137 238 283 278 259 68 229 152 244 207 286 193 238 110 84 188 216 176 284 86 136 299 210 239 64 288 104 335 324 118 161 317 67 164 160 57 221 97 86 242 38 218 243 152 240 256 26 40 242 161 119 201 165 94 177 99 205 248 232 213 168 70 175 333 103 141 265 246 166 124 191 346 130 348 75 299 282 118 102 24 91 149 42 57 98 365 223 282 75 280 343 323 157 225 143 217 145 219 26 105 219 96 135 225 229 48 244 302 24 83 54 315 89 36 293 275 358 268 260 322 249 213 292 228 58 330 114 126 55 322 25 201 189 330 122 314 224 370 271 264 64 136 63 107 350
 81 241 202 107 169 116 213 218 96 179 189 215 235 53 207 248 240 126 233 135 137 159 212 133 157 195 350 219 142 249 80 71 201 70 205 70 157 171 187 267 114 58 265 123 1 204 184 118 163 120 261 245 200 163 153 26 277 162 253 260 175 122 175 132 270 268 76 149 52 83 161 180 63 163 124 133 239 111 267 173 222 40 214 205 99 133 287 73 113 41 150 266 164 202 125 158 120 169 136 159 137 98 160 121 84 88 168 186 35 143 33 243 136 257 99 47 144 53 211 31 199 221 256 164 154 119 299 22 272 99 227 260 76 160 102 47 146 160 171 88 300 175 161 188 159 244 239 99 113 187 161 218 102 117 43 107 129 232 272 264 138 276 228 143 153 140 195 37 89 212 167 313 254 211 284 228 285 253 177 147 210 199 23 167 284 119 261 198 210 76 194 258 248 177 236 172 162 64 41 229
 271 256 38 283 110 208 379 277 156 371 254 276 277 154 65 54 58 328 88 140 69 328 251 316 110 21 330 85 150 49 280 217 375 268 325 268 215 53 378 290 309 196 281 134 204 1 97 225 274 91 273 249 311 129 197 201 109 353 194 154 80 255 69 335 74 194 244 237 221 209 137 163 226 332 219 267 249 312 116 87 246 166 389 362 245 129 232 186 287 225 78 90 42 100 324 143 235 223 116 229 334 142 142 299 273 132 151 74 171 305 199 80 337 112 301 245 68 250 387 202 18 204 137 102 63 187 274 196 309 106 261 195 237 234 149 158 281 110 163 224 310 180 353 91 328 336 297 276 259 40 184 16 303 115 164 255 229 56 93 102 179 119 267 142 214 82 357 171 141 268 293 283 176 207 244 168 84 220 186 78 369 31 191 95 244 114 67 98 401 145 385 100 424 269 187 84 270 150 213 403
 228 160 129 285 179 136 311 184 100 321 165 185 182 135 42 146 154 299 56 190 82 266 157 262 174 77 238 41 68 114 261 164 311 253 244 231 262 51 327 194 297 150 185 178 184 97 1 253 195 77 177 153 347 39 246 170 100 302 104 83 154 187 31 302 117 110 193 156 221 226 48 68 178 269 252 289 153 291 86 160 150 146 325 291 259 58 143 202 290 188 136 96 98 184 285 203 165 135 51 145 291 172 204 245 266 97 59 24 160 316 195 72 303 76 269 214 116 215 324 196 80 108 74 21 56 114 181 168 214 111 167 107 244 277 182 146 304 175 226 239 214 88 304 171 266 246 204 277 196 58 96 106 267 154 143 193 261 152 103 86 225 95 172 196 259 132 289 164 164 176 217 191 91 111 152 76 141 126 94 132 299 122 164 165 152 154 109 15 348 109 334 80 359 184 94 157 303 157 210 338
 183 350 203 87 133 230 316 333 195 261 304 330 348 135 258 250 234 183 288 91 178 264 324 233 126 227 457 276 237 271 131 188 301 115 321 166 49 218 269 379 133 172 376 92 118 225 253 1 280 177 371 352 95 248 57 142 325 249 344 335 158 239 232 194 298 355 191 264 72 37 249 275 180 268 11 45 347 153 324 152 332 130 311 312 40 220 382 55 87 156 148 309 186 167 201 102 236 280 215 272 218 85 104 225 100 170 260 245 112 90 86 291 200 315 172 148 158 156 308 88 229 321 325 237 204 228 403 137 386 143 339 349 58 44 77 121 58 127 98 34 411 275 247 161 264 361 354 84 229 229 265 236 181 111 132 223 12 224 313 315 59 330 341 93 46 144 301 105 91 327 284 415 338 314 382 316 304 352 279 148 316 205 136 143 382 112 291 265 291 166 276 310 342 294 329 153 51 100 80 325
 121 121 293 249 298 69 123 73 123 163 55 69 96 165 235 327 328 191 246 278 216 94 87 112 288 256 223 233 128 304 192 93 129 197 53 138 317 222 167 131 227 113 135 264 163 274 195 280 1 192 135 132 358 156 311 139 288 148 188 228 290 43 211 187 311 207 94 39 212 244 148 137 102 95 285 290 123 205 268 292 105 162 142 101 257 146 203 232 256 126 263 288 250 323 162 301 47 68 159 53 156 242 303 100 220 156 140 213 177 287 195 265 183 257 167 143 246 137 142 192 260 140 236 179 212 88 187 145 126 202 98 196 233 321 249 175 302 290 319 249 164 116 151 308 94 83 88 243 57 239 103 287 158 247 161 61 291 323 295 274 293 278 95 287 313 252 102 183 231 72 25 200 203 126 188 179 334 167 112 258 109 287 147 291 188 249 303 205 181 147 171 268 172 26 173 289 323 204 202 152
 182 204 103 213 119 124 290 209 70 281 183 208 216 68 89 142 140 243 117 119 25 239 188 226 111 78 298 104 82 133 199 127 285 188 244 180 187 51 289 237 232 106 231 106 120 91 77 177 192 1 224 201 271 79 173 113 159 263 173 159 103 168 58 248 151 182 154 157 149 150 83 112 136 243 176 214 198 230 153 106 189 81 299 274 184 59 212 127 219 136 78 148 60 136 236 136 150 152 48 154 245 97 137 210 197 42 97 71 90 242 124 125 251 143 214 158 58 162 298 126 83 161 149 62 35 106 242 109 252 35 202 177 170 202 106 77 228 113 158 164 264 122 264 121 239 262 231 206 171 68 119 106 215 82 78 166 185 133 153 147 152 160 206 126 185 69 269 93 89 201 209 253 164 158 217 144 168 187 127 73 281 98 104 108 217 83 143 89 311 55 296 141 334 191 159 103 227 82 139 313
 247 22 304 362 342 147 243 65 178 296 83 69 42 238 213 320 330 322 207 338 242 226 52 245 334 253 92 200 143 284 313 197 254 314 150 262 397 224 299 20 351 205 9 324 261 273 177 371 135 224 1 25 459 150 386 237 235 281 99 155 322 167 206 319 278 114 212 121 312 336 143 114 212 227 373 393 27 332 211 327 40 242 266 219 359 166 89 318 369 236 299 244 269 354 294 357 154 94 177 106 289 308 359 233 335 208 129 200 260 401 289 227 315 203 295 259 279 255 267 288 256 70 172 175 224 144 55 241 44 251 38 105 336 406 318 251 406 335 379 345 42 103 285 340 226 116 63 356 184 234 109 282 287 301 239 186 381 328 250 224 365 219 41 346 393 291 225 266 298 64 154 67 123 68 69 113 302 66 98 295 227 297 240 329 69 303 271 178 311 208 303 219 289 110 96 324 419 277 301 272
