NAME : domp200p50v2
COMMENT : (Deleplanque et al.) 
TYPE : DOMP
DIMENSION : 200
DISPLAY_DATA_TYPE: NO_DISPLAY
OPEN_FACILITIES : 50
COST_SECTION
 1 169 420 110 156 171 201 251 54 218 298 191 237 218 366 277 389 229 199 263 368 49 340 108 291 58 362 113 293 134 123 133 158 97 337 256 351 253 227 356 102 67 199 209 169 237 307 301 285 150 264 168 92 184 292 341 198 425 80 59 210 257 358 232 266 248 121 171 370 345 76 79 68 17 209 126 303 136 275 340 339 144 222 267 216 176 260 422 334 99 341 256 226 29 346 217 296 270 338 215 375 389 218 229 311 245 277 289 279 61 178 243 363 284 229 276 370 289 219 215 296 209 404 188 63 27 301 49 296 225 40 261 416 35 210 177 266 337 305 135 339 346 226 50 358 273 342 185 305 329 188 268 350 91 217 336 211 252 250 353 224 173 78 135 126 198 55 302 411 345 214 360 163 85 66 242 281 104 104 197 194 135 368 168 290 216 410 40 40 300 275 301 358 111 178 278 189 234 237 123
 169 1 278 143 111 7 55 252 117 109 167 118 137 129 213 247 227 205 61 232 210 132 198 167 200 142 197 86 131 154 58 69 216 180 180 175 184 237 71 236 177 154 33 89 230 88 179 196 118 123 104 124 181 93 145 223 155 270 156 196 247 211 212 64 244 266 49 28 237 179 178 93 170 156 123 89 141 52 220 172 201 118 238 179 76 179 93 270 226 182 177 132 262 194 231 58 183 211 192 48 210 224 224 83 152 127 286 238 117 176 171 165 248 119 80 119 202 273 147 151 251 81 246 219 164 194 148 134 183 92 145 145 265 178 73 166 181 174 200 171 218 182 148 213 195 225 222 226 194 168 153 283 211 85 60 168 176 233 145 186 84 86 130 174 128 175 218 160 259 178 227 197 132 133 213 127 214 86 111 89 74 68 233 152 159 230 270 130 183 244 182 156 217 203 112 177 215 216 69 46
 420 278 1 333 273 280 291 303 377 343 334 372 363 211 74 257 103 267 301 255 90 373 321 444 165 412 134 308 158 319 334 346 362 374 268 192 202 277 273 385 453 426 263 325 369 286 344 142 202 284 179 267 379 238 295 99 253 54 365 463 347 234 67 229 270 330 314 296 56 212 388 345 442 405 368 296 153 288 220 179 82 391 320 181 300 301 220 42 120 458 235 165 351 448 101 269 370 214 87 253 125 133 305 198 134 177 324 226 248 395 290 397 93 231 286 162 172 284 221 399 235 315 73 334 435 440 132 373 136 310 384 349 38 441 214 286 183 238 139 334 373 135 387 469 121 230 377 347 378 253 415 331 71 356 274 171 256 273 361 205 301 249 350 450 403 271 474 120 40 172 314 244 401 408 478 181 201 317 322 224 227 286 56 284 331 316 14 386 415 217 170 123 63 479 250 161 327 274 230 314
 110 143 333 1 61 149 195 147 101 238 307 228 264 122 290 169 322 120 198 154 298 69 340 195 188 140 304 58 233 26 135 156 76 44 320 154 313 146 213 374 195 156 173 221 90 230 318 202 244 50 205 67 48 101 287 245 92 348 34 167 118 149 276 194 158 150 109 162 280 310 56 81 165 96 241 56 244 92 166 294 254 196 122 165 215 68 223 343 234 195 313 171 135 135 249 200 317 162 259 186 314 330 114 163 245 158 177 180 256 65 69 283 265 255 222 213 322 183 118 260 187 216 331 92 158 120 230 66 201 229 72 279 336 142 143 68 163 310 205 34 356 286 264 155 296 164 360 94 328 307 244 170 264 119 202 287 103 144 274 315 224 93 36 218 188 89 160 222 331 297 112 333 217 158 175 154 174 61 34 117 123 77 278 60 298 115 321 95 89 191 174 223 272 212 84 179 90 126 200 113
 156 111 273 61 1 118 165 143 127 218 277 218 245 64 230 145 263 99 171 130 238 109 304 218 137 168 246 52 176 55 129 151 116 104 277 102 261 131 177 346 222 184 136 198 128 196 289 146 193 15 149 16 109 41 251 188 52 287 93 208 138 115 216 148 140 155 98 136 220 259 116 96 197 140 227 38 187 66 129 240 193 199 128 112 186 69 176 282 179 223 265 111 152 184 192 164 293 123 198 146 256 273 114 106 186 98 177 146 213 123 60 270 209 209 188 155 267 168 65 252 156 191 271 111 190 171 171 108 143 202 117 255 276 183 87 55 111 263 150 73 327 229 252 204 237 131 332 120 304 262 244 173 204 127 167 233 72 127 254 263 194 37 80 236 197 66 210 161 270 243 116 286 219 179 219 93 131 62 53 58 67 49 219 41 268 120 262 129 144 155 121 163 212 243 24 123 106 109 154 101
 171 7 280 149 118 1 49 258 119 103 161 112 131 135 214 253 227 212 54 238 211 135 192 166 206 142 196 92 131 160 57 67 222 185 175 181 181 243 66 230 176 153 29 82 236 82 173 201 116 129 104 130 187 99 139 227 161 271 161 196 253 217 214 63 250 272 51 22 240 175 183 96 170 158 117 95 141 58 226 170 204 115 244 185 70 186 90 272 230 181 173 136 268 196 235 53 177 217 194 45 210 223 231 87 153 132 293 245 112 180 177 159 252 115 74 120 200 280 154 146 257 75 247 226 164 196 149 138 187 85 148 139 266 179 77 172 186 170 204 177 211 181 142 215 195 231 215 233 187 164 148 289 214 86 54 167 182 239 138 183 78 92 134 171 125 181 219 163 261 176 233 193 128 133 214 132 220 91 117 95 79 74 236 158 152 237 272 132 186 250 188 158 220 202 119 182 221 222 67 49
 201 55 291 195 165 49 1 305 149 61 114 83 88 176 221 297 223 257 11 283 213 173 147 170 241 162 188 137 135 207 79 75 269 229 137 220 158 289 28 182 182 169 37 40 283 37 125 234 102 177 115 177 230 144 95 253 207 274 204 215 300 261 226 63 296 319 90 35 258 150 225 134 185 191 81 142 142 105 268 153 222 106 292 223 22 233 77 276 260 188 142 167 316 224 262 24 130 259 207 41 203 213 278 115 159 166 339 287 80 220 224 120 278 89 29 131 183 325 196 112 299 30 248 273 181 227 161 176 218 38 185 92 272 203 112 220 225 138 236 223 164 176 104 240 191 274 168 280 140 128 125 336 231 111 20 153 228 285 94 158 30 138 177 167 123 228 244 182 267 160 280 160 112 145 234 167 260 136 162 137 120 122 254 205 105 284 286 164 223 291 224 175 235 208 165 217 268 268 62 87
 251 252 303 147 143 258 305 1 247 359 414 359 387 143 293 50 338 51 311 48 309 215 436 341 141 286 335 186 277 123 268 290 104 158 403 123 371 27 314 483 341 302 273 339 100 333 426 165 310 134 258 129 163 164 385 205 99 338 172 309 58 71 269 276 35 28 238 277 249 372 180 223 311 239 369 175 286 208 83 346 242 336 33 132 326 82 300 329 183 341 384 188 54 273 203 300 433 90 260 280 341 358 34 219 275 177 36 80 341 194 86 412 213 333 326 256 367 42 120 393 76 332 333 67 304 253 256 212 178 341 216 396 322 285 207 90 129 383 167 118 465 319 394 289 322 74 469 75 444 386 383 35 248 260 304 336 79 31 395 374 333 168 183 364 331 78 295 231 318 345 38 404 356 304 314 173 103 194 172 175 191 190 251 104 406 37 290 242 220 92 141 238 257 358 141 154 64 39 282 241
 54 117 377 101 127 119 149 247 1 170 249 147 191 184 320 264 340 215 147 249 321 37 289 96 261 42 312 77 243 125 71 82 167 110 285 227 299 244 175 310 97 59 147 159 181 185 258 267 233 126 215 141 108 147 241 305 176 379 85 86 216 239 314 180 255 249 70 118 330 293 95 34 71 43 164 91 254 90 254 288 297 105 221 236 164 166 208 377 300 97 288 216 232 78 311 165 249 248 294 162 325 339 214 182 263 206 277 270 226 85 165 202 328 232 177 228 318 281 190 175 279 159 357 190 64 79 254 42 260 174 45 213 371 65 164 163 236 285 271 132 292 296 184 97 309 255 295 191 259 276 153 269 308 39 164 284 193 241 204 300 172 135 66 118 92 182 102 258 365 293 212 307 126 59 101 203 257 67 79 157 151 94 327 151 240 214 368 16 78 280 244 256 315 117 147 244 189 222 185 72
 218 109 343 238 218 103 61 359 170 1 82 40 29 235 271 355 265 313 52 340 260 201 126 155 302 167 229 182 186 253 105 88 313 266 140 280 183 345 71 141 169 169 97 23 327 59 90 294 145 228 170 231 266 201 87 312 263 320 240 215 350 319 279 119 352 372 129 83 314 173 258 165 183 211 27 190 191 154 327 187 277 87 344 283 45 284 124 324 320 175 158 227 365 234 321 78 82 318 260 99 243 250 331 175 210 226 394 346 105 250 277 59 336 121 58 186 214 382 255 57 358 32 293 322 180 243 215 205 277 34 212 45 321 209 172 272 285 153 296 269 123 219 45 247 234 333 127 328 92 139 80 390 286 132 73 190 284 341 38 183 43 194 214 142 108 282 250 239 315 195 332 171 80 143 234 227 319 178 205 195 179 171 310 258 74 336 339 185 247 351 284 231 290 192 221 277 318 324 117 126
 298 167 334 307 277 161 114 414 249 82 1 116 71 279 262 402 242 366 110 388 246 278 47 233 333 249 205 250 188 320 182 167 381 340 81 318 143 397 101 70 247 250 142 91 395 82 13 319 139 289 184 288 340 252 41 327 316 301 314 296 413 365 278 145 402 430 200 146 318 132 334 241 263 291 98 255 188 218 369 159 283 167 403 318 93 345 131 307 340 254 111 255 428 315 337 115 38 360 262 135 218 219 389 206 210 259 449 387 91 327 336 92 349 107 89 197 177 431 301 113 401 93 273 386 261 324 221 282 301 79 290 42 305 290 212 331 321 106 322 336 52 201 95 328 215 377 56 393 44 89 147 446 290 211 111 165 337 393 59 142 85 247 287 217 188 338 331 251 301 167 392 115 156 224 314 261 358 248 274 241 225 235 313 317 10 395 333 264 326 390 317 242 291 269 274 307 381 377 139 197
 191 118 372 228 218 112 83 359 147 40 116 1 48 245 302 360 299 316 73 345 292 182 162 118 316 138 263 176 215 246 94 73 302 251 178 292 220 347 101 167 132 137 116 51 316 94 122 311 178 226 196 232 250 208 126 334 267 353 225 182 343 326 308 145 356 369 123 91 340 211 240 150 149 187 19 186 222 153 336 223 303 52 341 296 74 281 155 356 339 139 196 245 360 205 342 104 106 327 288 122 278 285 329 193 240 242 393 354 142 231 275 56 358 157 91 212 251 385 263 35 366 60 326 316 148 216 243 186 296 69 191 75 352 179 187 271 297 191 314 260 150 252 38 216 268 340 153 320 115 177 44 388 313 114 99 225 287 344 61 220 76 199 200 104 73 283 218 263 347 231 329 209 42 111 200 242 330 169 196 206 190 170 336 256 109 333 367 162 224 360 299 257 317 155 225 293 313 326 144 120
 237 137 363 264 245 131 88 387 191 29 71 48 1 263 290 382 280 341 79 368 278 224 117 164 328 185 243 209 207 280 130 112 339 291 141 307 192 373 94 120 178 184 124 50 353 79 76 319 162 255 193 259 291 229 89 336 291 337 264 229 377 347 300 143 380 399 156 111 336 181 282 190 196 232 30 217 211 181 355 200 300 99 371 310 70 312 144 342 345 185 164 253 393 252 345 103 59 346 282 124 257 262 358 200 231 253 421 373 119 273 304 36 360 135 80 208 225 409 283 46 386 59 309 349 195 262 237 228 303 56 234 29 338 226 199 300 312 159 322 295 103 235 29 263 251 361 106 355 68 143 77 417 308 155 98 204 312 369 14 191 66 222 239 147 120 310 266 262 333 208 360 174 87 159 247 254 347 204 231 223 207 199 332 285 64 363 359 206 268 378 311 254 311 199 248 303 345 352 140 152
 218 129 211 122 64 135 176 143 184 235 279 245 263 1 174 124 212 93 184 111 185 170 297 269 79 224 201 108 137 109 167 187 159 163 261 48 230 122 179 347 275 240 141 214 169 198 291 85 168 73 116 56 169 40 246 125 51 229 155 267 162 87 157 136 125 165 138 156 158 231 178 151 254 202 250 94 147 104 93 206 133 238 142 55 196 100 158 223 117 277 242 54 173 246 130 166 302 84 141 145 209 226 126 77 140 41 177 112 201 186 88 292 147 192 193 116 229 154 24 279 124 205 216 141 247 234 122 169 80 212 180 266 217 244 68 83 55 241 88 125 330 185 275 266 190 99 334 152 312 244 278 177 143 175 171 197 67 118 269 233 202 52 143 284 241 76 272 106 211 206 132 262 255 230 280 36 86 118 115 41 57 93 157 77 271 135 200 188 207 117 61 109 152 298 41 62 134 105 143 140
 366 213 74 290 230 214 221 293 320 271 262 302 290 174 1 253 50 249 231 247 23 321 251 379 155 352 68 256 87 281 270 280 332 333 199 171 135 267 202 315 389 364 195 253 341 213 272 131 129 242 111 227 338 191 222 103 222 60 320 404 328 222 28 160 263 319 254 229 69 143 344 289 381 351 296 246 81 232 213 110 53 323 303 162 229 272 148 58 126 394 165 121 335 394 111 199 297 205 34 183 64 77 287 139 63 135 320 224 176 349 260 325 114 158 214 95 108 283 189 327 236 243 43 310 374 388 67 321 116 238 333 276 53 384 157 255 165 169 129 297 302 64 314 414 53 223 306 322 305 182 344 325 50 294 203 100 231 263 288 137 229 200 301 383 337 244 420 70 47 103 295 177 332 345 420 139 194 264 273 175 174 233 64 250 258 298 72 330 366 219 152 68 44 415 208 140 303 259 160 253
 277 247 257 169 145 253 297 50 264 355 402 360 382 124 253 1 300 50 305 16 271 236 419 358 99 305 301 195 248 144 273 295 143 189 381 91 344 29 302 471 360 321 263 334 143 321 414 124 287 141 233 130 195 154 369 160 95 295 198 335 105 38 228 259 16 76 242 273 205 346 211 237 332 264 367 182 257 209 41 317 201 343 77 97 318 103 280 286 138 360 359 159 103 301 157 289 424 50 222 268 305 322 69 199 243 151 68 32 323 225 101 410 166 313 315 229 336 32 102 394 27 325 292 106 325 283 224 233 139 333 240 388 279 310 191 102 94 360 125 145 453 286 393 319 287 31 457 117 435 364 388 75 207 271 293 307 75 28 389 346 324 162 203 378 341 83 325 197 275 316 77 379 363 319 342 147 61 204 186 162 179 193 207 114 394 77 244 261 250 43 104 205 215 379 136 117 101 45 266 245
 389 227 103 322 263 227 223 338 340 265 242 299 280 212 50 300 1 293 232 293 30 345 223 389 202 368 38 282 97 316 282 289 370 366 170 216 103 313 200 287 400 379 203 250 381 207 250 178 122 276 126 262 370 223 203 152 262 60 350 421 371 268 76 167 310 364 271 237 116 113 375 311 395 374 291 274 87 254 260 84 102 328 347 207 226 311 147 68 174 405 136 159 379 416 159 200 278 252 79 189 25 31 330 163 80 172 366 272 163 378 299 314 162 146 210 114 71 331 230 321 284 241 33 351 389 412 93 346 162 232 358 262 68 403 183 294 210 140 177 333 276 48 306 435 33 270 280 363 285 156 342 371 99 310 204 78 273 308 276 105 224 231 329 389 343 285 441 109 65 76 338 143 333 358 438 177 241 289 302 206 201 258 111 287 239 341 107 351 393 267 198 104 93 426 243 185 344 303 164 270
 229 205 267 120 99 212 257 51 215 313 366 316 341 93 249 50 293 1 264 36 264 187 387 309 104 256 288 147 228 95 227 249 104 143 353 79 322 33 265 435 311 272 225 293 108 285 378 126 260 93 208 84 149 115 336 169 51 298 150 286 81 37 227 226 42 73 196 231 212 323 164 188 283 215 324 134 237 164 56 297 200 296 55 89 278 55 250 290 150 311 334 140 87 253 169 252 386 57 216 232 294 311 39 169 228 129 85 64 292 177 52 367 181 284 278 207 319 70 71 350 69 285 290 70 276 236 209 184 136 294 191 348 283 261 158 53 86 334 129 98 417 272 349 271 275 50 421 83 396 336 342 85 208 223 256 288 30 29 349 325 286 121 154 330 294 35 277 185 278 297 48 355 316 271 293 124 71 156 137 126 142 147 213 65 357 50 254 212 203 76 99 192 217 330 94 111 64 12 233 199
 199 61 301 198 171 54 11 311 147 52 110 73 79 184 231 305 232 264 1 290 223 172 146 162 251 157 197 141 145 211 77 70 272 231 140 229 164 296 35 178 175 164 46 30 286 39 121 243 111 182 125 184 232 151 95 263 214 284 205 210 306 269 236 73 303 325 92 37 269 156 226 134 179 189 71 146 151 109 277 161 232 98 297 232 19 239 86 286 270 181 147 177 321 220 272 33 123 267 217 51 211 221 284 124 169 175 346 295 85 221 230 110 288 96 32 141 190 332 205 102 308 22 257 278 175 225 171 176 227 33 185 85 282 199 121 225 234 143 246 227 159 185 94 236 200 282 163 285 134 132 115 342 241 109 29 161 235 292 86 165 27 145 179 159 115 234 240 192 277 168 286 164 103 139 229 176 269 138 165 145 128 126 264 211 101 290 296 162 222 300 233 185 245 201 172 226 274 275 72 88
 263 232 255 154 130 238 283 48 249 340 388 345 368 111 247 16 293 36 290 1 264 222 406 343 94 290 293 180 238 130 258 279 133 176 369 81 333 23 288 457 345 306 249 319 134 307 400 119 275 126 222 115 182 140 356 157 79 291 184 320 99 27 223 246 17 76 227 259 202 335 198 221 317 249 353 166 246 194 36 307 196 328 70 88 303 89 268 282 136 345 348 149 99 287 155 275 410 43 215 254 297 314 60 186 234 139 74 35 310 211 86 395 166 300 301 218 326 44 88 379 36 311 287 96 310 270 215 219 133 319 225 373 275 296 178 87 85 348 120 132 439 278 378 306 279 26 443 108 421 352 373 79 202 255 279 297 59 20 375 336 310 147 188 363 326 68 311 188 271 306 68 368 348 304 328 135 56 189 171 148 165 177 204 99 380 70 242 247 237 47 96 196 211 364 121 109 91 32 252 229
 368 210 90 298 238 211 213 309 321 260 246 292 278 185 23 271 30 264 223 264 1 324 232 375 173 351 47 260 81 290 267 275 343 341 180 187 115 284 192 296 386 363 189 243 353 202 255 149 117 251 108 236 345 198 206 124 234 62 326 404 342 239 49 154 280 335 253 224 91 123 351 291 379 354 285 251 73 234 231 91 73 317 318 178 219 284 138 65 146 391 146 132 350 396 132 190 282 222 50 177 42 56 302 141 59 145 337 243 161 355 272 312 136 144 203 94 87 302 202 316 255 234 37 323 373 391 69 325 133 227 336 262 62 384 161 267 181 149 148 307 284 46 303 416 33 241 288 335 289 164 335 342 72 293 195 82 245 279 275 117 218 206 306 377 331 257 421 81 57 83 310 156 324 343 420 150 212 267 279 182 178 236 86 261 243 313 90 331 371 238 169 77 66 412 217 156 316 274 152 252
 49 132 373 69 109 135 173 215 37 201 278 182 224 170 321 236 345 187 172 222 324 1 317 129 244 73 320 66 250 94 97 113 132 73 308 209 315 214 196 341 128 88 163 188 145 209 288 253 247 104 221 121 71 137 266 294 153 379 48 101 181 214 311 193 226 215 85 140 323 309 59 40 97 33 197 78 261 92 230 301 292 141 188 220 190 136 223 376 286 127 307 209 197 77 299 185 281 226 292 179 332 347 182 184 267 198 244 245 246 51 137 236 316 250 201 232 331 251 172 210 253 186 359 156 90 68 256 5 249 202 14 244 370 77 164 135 219 304 257 99 323 303 218 97 315 230 326 156 291 297 189 236 303 69 185 296 167 212 236 316 198 125 34 153 129 155 103 256 365 306 179 327 162 94 112 194 235 58 56 150 148 89 321 125 269 181 363 28 52 256 228 255 311 144 131 230 156 193 199 88
 340 198 321 340 304 192 147 436 289 126 47 162 117 297 251 419 223 387 146 406 232 317 1 279 342 292 188 283 188 350 220 208 412 375 54 332 121 417 128 65 293 294 169 132 426 111 45 326 140 316 192 314 376 274 54 328 338 282 350 341 440 382 270 162 421 454 236 180 312 111 370 279 308 332 144 286 186 249 384 143 280 212 428 331 128 372 140 290 343 300 88 266 455 358 337 142 75 374 256 159 199 197 413 221 206 271 471 402 98 365 362 137 348 109 119 201 155 449 319 159 415 132 255 413 305 366 221 320 307 116 329 88 289 334 230 357 333 84 328 367 55 188 141 372 201 392 59 422 76 70 193 469 286 251 139 152 358 413 105 119 119 271 323 263 233 361 375 252 285 150 417 84 202 268 359 275 371 281 307 262 246 265 307 343 54 420 322 305 366 403 328 243 285 315 298 317 408 398 155 232
 108 167 444 195 218 166 170 341 96 155 233 118 164 269 379 358 389 309 162 343 375 129 279 1 347 57 356 167 295 220 111 101 258 198 292 315 325 338 196 278 15 43 187 157 270 197 238 349 270 219 269 233 194 230 240 383 268 436 175 73 308 331 378 223 350 343 135 152 402 317 179 123 44 113 135 181 304 167 346 322 366 69 315 323 174 261 244 436 381 22 306 291 325 108 390 192 219 340 358 200 370 381 308 248 318 283 371 363 246 165 260 157 407 257 191 285 352 376 279 128 372 162 411 284 47 125 314 132 339 176 131 192 431 80 234 258 323 301 353 226 263 342 144 111 357 347 265 283 226 288 95 363 377 95 189 321 286 336 177 326 180 218 160 29 49 276 112 326 425 329 306 321 78 40 88 281 347 157 173 236 226 177 398 245 226 309 436 102 147 372 329 322 383 40 235 327 283 317 225 134
 291 200 165 188 137 206 241 141 261 302 333 316 328 79 155 99 202 104 251 94 173 244 342 347 1 301 205 184 160 169 244 263 202 225 299 36 253 115 238 399 352 317 206 280 208 257 345 25 205 142 152 125 230 118 296 66 99 198 222 343 184 71 130 190 110 168 215 227 110 257 242 229 331 276 320 170 167 181 60 226 103 314 157 26 260 143 204 189 49 354 273 78 188 319 66 228 361 52 124 205 208 225 142 129 151 77 166 71 247 253 133 360 80 234 253 143 241 130 73 350 83 271 194 172 324 305 132 243 42 274 252 327 182 319 131 130 26 274 27 181 383 191 344 339 191 70 387 184 371 281 352 172 109 253 232 216 96 111 332 256 265 130 214 361 318 112 345 102 178 223 150 292 330 307 355 76 40 195 189 114 128 170 112 132 326 153 152 264 276 67 19 110 117 375 115 26 165 111 195 216
 58 142 412 140 168 142 162 286 42 167 249 138 185 224 352 305 368 256 157 290 351 73 292 57 301 1 338 118 272 165 87 89 202 142 295 268 317 284 189 304 56 17 168 162 215 195 256 307 256 168 244 183 139 186 247 343 218 410 119 55 252 280 347 204 296 287 99 136 366 310 124 74 31 59 156 132 282 126 295 310 332 88 260 277 173 207 230 409 339 56 303 253 269 68 349 181 243 290 327 184 351 364 253 216 292 244 316 311 241 111 206 188 366 249 188 258 340 322 231 159 320 164 387 228 24 80 286 76 298 180 75 210 403 43 199 204 277 299 310 170 287 322 171 81 336 296 289 227 251 288 132 307 343 58 179 307 234 282 198 319 180 174 105 82 70 223 84 293 398 316 251 321 107 29 73 241 298 108 120 195 188 133 363 192 240 253 403 46 95 321 284 290 350 76 188 284 227 263 208 100
 362 197 134 304 246 196 188 335 312 229 205 263 243 201 68 301 38 288 197 293 47 320 188 356 205 338 1 259 72 300 252 257 357 347 135 213 69 310 165 252 368 348 171 214 368 171 214 182 87 260 101 247 350 206 166 164 252 97 329 392 362 267 92 135 309 360 243 205 135 78 354 284 365 348 254 253 61 229 261 47 112 294 340 206 190 300 113 103 185 373 101 150 372 389 173 166 241 252 87 157 15 28 324 142 62 162 365 275 126 356 288 277 179 109 174 92 41 332 221 284 287 205 69 341 359 386 80 322 164 196 333 225 102 374 162 283 209 105 182 318 241 18 270 408 17 271 245 352 248 120 306 368 113 281 169 41 265 306 239 71 188 212 307 355 310 276 413 105 98 39 331 111 298 326 409 167 243 265 281 189 181 235 130 274 203 334 136 324 369 271 198 98 109 394 227 185 334 298 132 241
 113 86 308 58 52 92 137 186 77 182 250 176 209 108 256 195 282 147 141 180 260 66 283 167 184 118 259 1 188 72 83 105 132 95 264 151 261 178 156 317 171 134 117 165 147 172 261 191 192 55 159 67 98 72 230 230 103 315 73 161 169 166 246 140 188 195 54 105 258 257 97 45 147 98 187 15 199 36 180 244 227 151 166 160 158 107 170 311 224 172 259 144 185 142 236 143 261 174 227 131 271 286 155 120 204 133 219 197 200 98 101 230 253 200 164 170 274 216 114 209 207 159 295 142 140 133 192 67 185 172 78 223 305 137 100 98 160 256 195 88 299 242 212 162 253 182 303 147 272 251 198 214 238 77 145 238 122 175 219 263 166 61 49 185 148 114 168 190 299 248 155 279 171 127 174 129 182 11 26 84 83 25 256 84 241 158 297 81 112 206 168 190 246 192 71 168 138 156 146 58
 293 131 158 233 176 131 135 277 243 186 188 215 207 137 87 248 97 228 145 238 81 250 188 295 160 272 72 188 1 230 187 195 289 276 141 158 96 253 116 249 306 283 109 167 300 129 199 141 50 190 30 178 279 136 149 141 187 142 258 325 298 212 95 74 254 300 175 144 132 99 283 215 300 278 210 182 12 159 210 70 97 238 278 154 143 233 64 143 156 311 114 90 309 320 151 112 221 200 76 97 84 99 262 71 25 100 309 226 98 285 221 241 163 82 129 22 94 280 159 242 239 158 117 275 294 316 34 251 122 153 262 195 139 306 91 216 157 115 143 248 234 55 230 339 67 219 238 286 230 123 258 311 104 214 117 61 203 249 206 99 144 141 236 297 251 211 344 65 133 70 268 133 245 263 342 105 193 194 210 119 111 164 127 206 183 271 154 255 299 225 148 56 106 332 158 136 269 239 73 174
 134 154 319 26 55 160 207 123 125 253 320 246 280 109 281 144 316 95 211 130 290 94 350 220 169 165 300 72 230 1 154 175 64 56 327 135 314 121 223 388 220 181 182 236 77 240 331 185 246 41 203 55 62 95 297 228 72 337 57 192 98 125 265 198 133 127 126 175 265 312 74 103 190 121 258 66 241 103 143 294 241 217 98 146 228 43 228 332 216 219 317 161 114 159 231 209 332 140 249 194 310 326 90 160 240 147 153 156 263 86 45 301 247 260 233 209 321 158 101 279 162 230 322 71 183 143 224 91 185 243 97 294 325 167 141 44 145 315 188 19 369 283 283 178 291 141 373 75 343 313 265 146 251 141 212 287 80 119 290 317 236 90 61 242 211 65 184 212 320 296 88 338 239 182 199 143 152 78 52 112 121 86 264 39 311 91 307 120 111 167 156 215 260 237 75 163 68 101 205 129
 123 58 334 135 129 57 79 268 71 105 182 94 130 167 270 273 282 227 77 258 267 97 220 111 244 87 252 83 187 154 1 23 210 162 215 214 232 258 105 245 121 98 82 92 224 115 192 243 169 135 160 144 162 128 171 274 179 327 135 141 251 241 268 118 268 277 32 50 291 225 154 61 114 113 106 95 197 65 253 223 256 72 248 221 94 189 143 327 275 125 219 182 267 146 282 96 186 245 248 97 265 278 237 138 209 175 302 271 157 147 183 148 299 164 107 175 254 296 181 127 282 90 303 223 108 149 204 101 232 105 109 149 322 126 124 180 221 216 247 168 227 237 130 163 251 256 230 228 196 206 116 296 266 33 95 221 199 255 142 233 103 117 109 120 76 194 167 215 316 230 238 238 91 77 159 174 250 77 103 130 118 81 288 165 173 241 326 86 146 279 226 211 273 147 139 222 220 236 121 29
 133 69 346 156 151 67 75 290 82 88 167 73 112 187 280 295 289 249 70 279 275 113 208 101 263 89 257 105 195 175 23 1 231 180 208 234 231 280 102 229 112 96 87 78 245 108 177 261 172 157 170 165 180 148 161 291 201 336 154 142 272 262 280 123 289 299 54 53 305 223 171 79 111 124 86 116 204 87 274 225 269 52 270 240 86 211 146 337 292 117 215 199 288 152 298 95 169 266 259 101 271 282 259 152 218 193 323 292 153 163 205 128 315 163 100 185 255 318 202 105 303 78 311 245 107 158 215 117 249 94 124 132 332 130 140 201 241 211 265 189 211 242 109 168 257 278 214 249 179 201 95 318 280 45 93 223 221 277 124 232 93 138 129 105 59 216 171 229 326 232 259 233 70 71 160 192 271 98 124 149 136 103 302 187 159 263 338 98 160 299 245 224 286 138 161 241 242 258 126 51
 158 216 362 76 116 222 269 104 167 313 381 302 339 159 332 143 370 104 272 133 343 132 412 258 202 202 357 132 289 64 210 231 1 62 390 171 376 116 285 449 255 216 245 296 15 303 393 222 308 101 263 111 66 154 360 266 111 386 84 215 54 141 313 261 129 94 184 236 307 374 83 154 222 148 316 128 300 165 159 354 288 268 72 182 289 62 290 379 249 253 379 212 69 175 267 272 392 160 299 257 366 383 76 220 296 199 124 166 325 98 73 357 281 323 295 267 381 145 144 334 168 291 374 39 216 155 279 128 227 304 128 354 372 192 202 78 180 378 225 46 430 340 339 190 347 153 434 31 403 375 317 113 297 192 274 346 107 116 350 378 298 151 105 283 258 92 195 264 367 356 68 400 290 225 217 194 174 136 109 171 182 149 307 84 372 69 349 158 122 179 193 268 306 268 131 202 43 103 268 188
 97 180 374 44 104 185 229 158 110 266 340 251 291 163 333 189 366 143 231 176 341 73 375 198 225 142 347 95 276 56 162 180 62 1 359 190 354 163 249 405 195 156 211 251 74 265 350 240 285 92 248 108 7 144 323 284 127 390 27 154 114 176 318 234 177 152 140 195 320 351 23 102 161 87 266 97 287 130 194 336 295 213 127 202 248 89 264 385 271 192 353 213 130 116 287 237 347 192 301 225 357 374 126 206 288 200 182 205 295 38 96 306 303 295 257 256 365 197 156 281 210 247 374 93 155 97 273 69 241 262 68 309 378 131 186 97 200 350 243 46 387 329 288 133 339 191 390 89 357 346 261 172 305 138 238 329 133 163 302 356 257 136 53 223 201 118 138 265 373 339 120 373 234 165 158 196 205 95 71 160 166 117 319 94 331 122 362 99 64 218 212 266 314 207 126 218 95 145 240 144
 337 180 268 320 277 175 137 403 285 140 81 178 141 261 199 381 170 353 140 369 180 308 54 292 299 295 135 264 141 327 215 208 390 359 1 292 68 382 112 118 306 300 149 136 403 101 86 281 96 291 149 285 360 244 53 279 306 229 335 347 412 344 218 131 384 423 224 169 261 58 357 269 315 327 163 265 137 230 345 90 230 224 398 290 123 344 104 237 296 312 35 225 426 359 289 124 116 335 206 135 146 144 382 185 157 232 436 362 66 354 333 169 299 70 109 157 102 412 284 185 375 133 202 387 312 363 173 311 262 117 321 114 236 337 197 328 292 31 283 345 107 135 168 375 148 353 111 396 121 19 216 436 235 247 123 99 325 377 131 66 116 243 309 281 244 330 378 205 232 98 387 35 219 275 366 235 330 265 289 229 215 244 256 315 82 390 269 300 358 362 286 195 234 330 268 274 381 364 124 221
 256 175 192 154 102 181 220 123 227 280 318 292 307 48 171 91 216 79 229 81 187 209 332 315 36 268 213 151 158 135 214 234 171 190 292 1 253 98 221 386 320 284 185 258 178 240 330 52 198 107 144 90 196 87 284 96 64 220 187 309 159 55 149 175 97 149 185 202 137 256 207 195 297 241 296 137 166 151 53 227 122 285 133 13 239 111 193 212 82 321 270 69 165 284 98 209 344 43 139 187 218 235 117 113 154 62 153 71 236 218 100 338 114 225 234 139 246 122 38 325 84 249 212 143 290 270 135 208 59 255 218 309 205 285 109 97 11 270 55 147 369 198 321 304 200 62 373 156 354 275 325 157 130 221 213 217 65 94 312 256 245 98 179 330 288 80 310 109 201 226 125 289 302 275 320 59 41 161 154 87 102 138 138 97 311 128 180 230 241 73 23 116 139 342 81 33 136 88 180 186
 351 184 202 313 261 181 158 371 299 183 143 220 192 230 135 344 103 322 164 333 115 315 121 325 253 317 69 261 96 314 232 231 376 354 68 253 1 348 131 185 338 326 153 172 388 130 150 233 70 275 116 266 357 223 107 224 279 162 333 371 390 307 157 122 349 394 232 183 200 12 357 276 341 339 208 258 88 227 305 29 172 259 371 248 152 323 93 170 242 344 34 185 402 376 233 137 180 295 147 138 79 77 355 158 104 195 404 320 81 357 312 224 241 69 135 116 35 375 253 235 334 165 135 366 337 377 123 317 214 153 328 169 169 357 175 306 252 39 234 333 175 72 219 393 83 314 178 376 185 55 262 405 176 263 139 39 296 344 185 4 147 226 308 319 278 304 398 154 166 34 361 43 259 301 389 200 288 264 285 207 195 238 195 295 142 364 204 313 366 319 243 145 173 364 247 230 359 333 117 229
 253 237 277 146 131 243 289 27 244 345 397 347 373 122 267 29 313 33 296 23 284 214 417 338 115 284 310 178 253 121 258 280 116 163 382 98 348 1 296 466 339 300 256 325 115 316 409 139 288 124 235 116 169 146 366 179 83 312 174 311 78 45 243 256 14 54 227 263 224 350 185 218 310 240 356 165 262 196 58 323 216 328 50 107 310 79 279 303 158 339 362 164 77 277 177 283 417 64 235 263 316 333 41 198 251 154 56 56 321 199 79 399 187 313 309 233 343 39 99 381 54 317 307 78 303 258 232 211 152 326 217 380 296 287 188 82 103 362 141 120 448 295 381 294 297 48 452 89 428 365 374 59 222 253 287 313 62 5 380 351 317 152 181 359 324 66 300 206 292 322 49 382 348 300 318 150 77 187 166 157 173 179 225 95 388 50 264 240 225 68 116 214 231 357 126 128 74 23 263 230
 227 71 273 213 177 66 28 314 175 71 101 101 94 179 202 302 200 265 35 288 192 196 128 196 238 189 165 156 116 223 105 102 285 249 112 221 131 296 1 171 209 196 42 52 299 20 114 228 78 190 100 188 251 151 75 243 215 253 225 242 314 265 209 50 302 330 113 58 244 123 247 157 212 216 95 159 122 122 271 127 207 131 303 222 28 246 55 256 252 215 115 162 329 250 253 15 124 261 190 35 179 188 288 110 140 163 348 289 53 243 236 128 267 62 15 116 157 331 201 127 302 43 226 287 207 253 145 200 211 39 209 90 252 229 113 231 224 111 231 240 153 153 115 267 168 277 157 295 134 102 144 346 216 137 12 128 236 292 96 132 29 147 198 192 149 237 271 169 247 135 292 134 135 171 261 165 260 156 181 141 124 138 239 217 93 295 269 189 247 293 222 161 220 235 174 213 282 276 47 110
 356 236 385 374 346 230 182 483 310 141 70 167 120 347 315 471 287 435 178 457 296 341 65 278 399 304 252 317 249 388 245 229 449 405 118 386 185 466 171 1 292 302 212 155 463 152 58 385 200 358 249 358 405 321 104 389 385 346 379 347 482 433 333 213 471 500 267 214 376 175 398 305 314 350 149 323 247 286 438 207 343 217 472 386 161 414 196 354 403 299 152 322 497 371 399 184 62 428 319 204 263 260 458 274 268 326 518 456 154 390 405 123 410 168 159 260 218 500 370 151 469 159 319 454 313 381 282 345 366 146 352 98 353 344 280 400 388 148 387 404 20 252 135 382 265 445 16 461 53 134 185 516 349 273 181 216 406 462 107 183 153 316 353 258 238 407 384 313 349 215 461 147 202 277 364 329 426 314 341 310 294 303 370 386 79 464 386 325 387 458 384 303 348 311 343 374 450 446 207 263
 102 177 453 195 222 176 182 341 97 169 247 132 178 275 389 360 400 311 175 345 386 128 293 15 352 56 368 171 306 220 121 112 255 195 306 320 338 339 209 292 1 40 198 171 267 210 253 356 282 222 280 236 191 236 254 390 272 447 173 61 306 334 388 234 351 342 142 164 410 330 175 126 36 109 150 185 315 173 349 335 375 83 315 328 188 262 256 447 388 8 319 299 323 99 397 204 233 343 368 212 382 393 308 257 328 291 371 366 259 161 261 171 414 270 204 295 364 377 284 142 375 175 422 282 41 117 324 131 346 190 128 206 441 72 242 259 328 315 359 225 277 354 158 100 368 350 279 281 240 302 109 362 386 101 201 334 289 337 191 339 193 224 160 39 62 278 100 335 436 342 305 335 92 47 76 289 351 160 175 243 234 183 407 247 240 308 445 101 141 375 335 331 392 27 240 334 282 318 237 142
 67 154 426 156 184 153 169 302 59 169 250 137 184 240 364 321 379 272 164 306 363 88 294 43 317 17 348 134 283 181 98 96 216 156 300 284 326 300 196 302 40 1 179 166 229 201 257 322 265 184 256 199 152 202 251 358 234 422 134 48 267 296 361 214 312 302 113 145 380 318 137 90 17 71 155 148 293 141 312 319 346 86 275 293 179 222 239 422 355 40 310 268 284 71 365 189 242 306 341 193 362 374 269 229 305 258 331 327 248 123 222 184 382 257 194 270 349 337 247 156 336 169 399 243 12 86 299 92 314 184 89 210 416 44 213 220 293 306 326 186 286 333 169 80 347 312 288 242 250 294 126 323 357 71 187 317 250 298 197 327 186 190 121 70 66 239 82 307 411 325 266 327 103 27 66 256 314 124 137 210 202 148 377 208 242 268 417 61 106 338 300 304 364 59 203 299 243 279 218 113
 199 33 263 173 136 29 37 273 147 97 142 116 124 141 195 263 203 225 46 249 189 163 169 187 206 168 171 117 109 182 82 87 245 211 149 185 153 256 42 212 198 179 1 76 259 61 154 198 88 149 85 147 213 111 116 219 175 250 187 223 273 226 197 37 262 289 80 36 227 147 210 125 195 187 116 119 118 82 233 143 190 130 262 187 56 204 62 251 225 203 145 131 287 224 228 29 162 224 177 17 185 197 247 79 132 130 308 251 85 208 195 155 243 87 54 101 173 291 162 147 264 66 225 246 189 224 132 166 182 72 177 126 246 207 76 190 189 142 201 200 193 156 140 242 171 239 198 253 173 136 156 305 200 112 32 140 196 252 129 155 62 106 161 189 143 196 247 149 241 149 250 165 140 156 240 131 224 118 142 102 85 97 222 176 134 254 256 161 215 256 188 143 205 224 133 181 240 236 40 77
 209 89 325 221 198 82 40 339 159 23 91 51 50 214 253 334 250 293 30 319 243 188 132 157 280 162 214 165 167 236 92 78 296 251 136 258 172 325 52 155 171 166 76 1 310 44 101 272 128 209 150 211 251 180 86 291 243 304 225 213 331 298 260 99 332 352 113 63 294 163 244 151 180 201 44 171 173 135 306 174 257 89 324 261 25 265 106 307 298 177 150 206 347 228 300 57 98 297 241 78 228 236 311 153 192 205 374 324 93 238 257 81 315 107 41 166 202 361 234 76 337 11 277 304 177 235 196 192 256 21 200 59 303 204 151 252 263 146 275 251 137 203 66 242 218 312 140 310 108 133 94 370 267 121 52 175 264 321 57 173 27 173 199 148 109 262 246 218 298 182 313 165 88 140 231 206 298 161 188 174 158 152 290 238 82 317 320 175 236 329 263 211 270 195 200 255 299 304 97 109
 169 230 369 90 128 236 283 100 181 327 395 316 353 169 341 143 381 108 286 134 353 145 426 270 208 215 368 147 300 77 224 245 15 74 403 178 388 115 299 463 267 229 259 310 1 317 407 228 320 114 275 123 78 166 374 272 120 395 97 225 46 144 322 274 128 87 199 250 314 386 94 168 234 160 330 142 311 179 162 367 296 282 69 189 303 71 303 388 255 265 392 223 60 185 273 286 407 164 308 270 377 394 75 232 307 209 117 167 339 109 82 372 287 336 309 279 393 141 153 348 168 305 383 39 228 165 290 141 235 318 141 368 381 203 214 87 187 391 231 60 445 351 353 199 358 155 448 27 417 389 331 106 305 206 288 359 114 116 364 391 312 164 119 296 272 99 204 274 376 368 67 413 303 238 227 204 178 150 123 183 194 163 314 95 387 67 357 171 132 180 200 278 314 279 143 210 45 105 281 202
 237 88 286 230 196 82 37 333 185 59 82 94 79 198 213 321 207 285 39 307 202 209 111 197 257 195 171 172 129 240 115 108 303 265 101 240 130 316 20 152 210 201 61 44 317 1 94 246 86 208 116 207 266 170 59 260 235 262 240 248 332 284 223 68 321 349 127 71 259 121 261 170 217 227 85 176 133 139 290 131 222 130 322 241 24 264 66 266 270 217 110 180 347 259 269 34 105 280 204 55 185 193 307 129 153 182 368 308 50 257 255 113 284 64 9 131 159 350 220 115 321 37 235 305 213 263 160 212 229 26 222 71 262 237 132 250 243 106 249 258 133 161 102 274 176 297 138 313 115 94 136 365 231 147 30 132 255 311 79 130 19 166 213 190 149 256 278 185 257 139 311 127 130 176 266 184 280 171 197 160 144 155 254 236 74 314 281 200 259 312 241 177 234 236 193 232 300 296 64 123
 307 179 344 318 289 173 125 426 258 90 13 122 76 291 272 414 250 378 121 400 255 288 45 238 345 256 214 261 199 331 192 177 393 350 86 330 150 409 114 58 253 257 154 101 407 94 1 331 150 301 196 300 351 264 52 339 328 309 324 303 425 377 288 157 414 442 211 157 329 140 344 251 270 300 104 267 199 229 382 167 294 173 415 331 104 357 143 316 352 260 118 268 440 323 348 127 32 372 272 147 226 227 401 218 220 271 461 400 102 337 348 93 361 118 101 208 185 443 313 116 413 104 282 397 268 332 232 292 313 90 300 48 314 298 224 343 333 113 333 348 40 210 98 336 225 389 44 404 36 97 150 459 301 221 123 175 349 405 63 149 96 259 298 222 194 350 339 262 310 176 404 120 161 231 321 273 370 259 285 253 237 246 324 329 22 407 343 273 335 402 329 253 302 274 286 319 393 389 151 208
 301 196 142 202 146 201 234 165 267 294 319 311 319 85 131 124 178 126 243 119 149 253 326 349 25 307 182 191 141 185 243 261 222 240 281 52 233 139 228 385 356 322 198 272 228 246 331 1 188 154 137 136 245 121 282 45 115 174 235 351 207 95 106 179 134 192 216 222 87 237 257 234 337 285 313 178 147 184 84 205 79 312 180 40 251 162 190 165 34 358 254 68 211 329 48 218 349 76 100 196 185 201 164 120 130 70 191 95 232 266 151 352 64 218 242 126 219 154 85 343 107 262 169 193 329 317 111 253 20 265 263 316 158 327 125 148 43 256 5 197 368 169 337 349 168 94 373 206 358 263 348 196 84 256 223 195 116 135 323 236 255 134 225 362 318 131 355 80 154 202 173 272 328 311 364 71 64 201 198 115 126 175 88 148 313 176 129 272 288 90 30 89 93 380 124 24 186 134 184 217
 285 118 202 244 193 116 102 310 233 145 139 178 162 168 129 287 122 260 111 275 117 247 140 270 205 256 87 192 50 246 169 172 308 285 96 198 70 288 78 200 282 265 88 128 320 86 150 188 1 207 55 199 288 156 99 190 215 177 264 310 324 250 141 55 291 331 165 121 181 67 288 209 281 272 170 189 51 159 250 55 146 208 307 195 104 257 27 181 205 288 75 130 337 311 200 80 172 240 124 73 102 112 291 93 72 137 344 267 49 288 246 197 212 33 88 63 86 318 191 201 280 119 149 300 276 310 84 249 169 111 260 148 177 294 108 240 198 74 189 264 184 76 187 329 91 259 189 310 181 78 221 344 153 200 83 53 233 284 160 72 103 158 240 268 224 239 334 114 172 61 297 95 212 242 327 141 235 196 216 140 127 169 175 229 134 300 199 247 298 267 191 105 154 308 180 180 293 272 50 163
 150 123 284 50 15 129 177 134 126 228 289 226 255 73 242 141 276 93 182 126 251 104 316 219 142 168 260 55 190 41 135 157 101 92 291 107 275 124 190 358 222 184 149 209 114 208 301 154 207 1 163 19 97 55 264 196 51 299 83 204 125 113 227 161 134 145 105 147 230 273 105 97 196 135 236 42 201 75 129 254 205 204 117 118 198 58 190 294 186 223 279 122 140 178 200 176 304 123 211 159 270 286 104 120 200 109 168 145 227 114 50 279 217 223 201 169 281 162 70 260 154 202 283 98 189 164 184 103 152 213 112 266 287 180 102 45 117 277 157 59 339 243 261 198 251 129 343 106 315 276 251 163 215 131 179 247 68 121 264 278 206 51 73 238 201 60 204 174 282 257 105 300 225 180 215 105 133 64 49 72 82 58 229 31 280 109 272 126 135 155 127 176 223 242 36 131 93 102 168 108
 264 104 179 205 149 104 115 258 215 170 184 196 193 116 111 233 126 208 125 222 108 221 192 269 152 244 101 159 30 203 160 170 263 248 149 144 116 235 100 249 280 256 85 150 275 116 196 137 55 163 1 153 251 110 146 145 165 168 229 297 275 196 113 53 237 280 146 119 145 116 254 186 272 249 193 153 41 130 196 93 108 214 257 141 126 209 55 168 157 284 127 76 287 291 155 94 215 186 93 75 113 128 240 44 50 83 291 213 96 256 197 227 169 83 114 17 119 264 138 225 227 140 144 251 266 287 48 222 118 138 233 185 163 278 63 192 144 127 138 221 233 84 214 310 96 205 237 262 224 132 238 292 117 186 99 85 182 231 194 118 128 114 207 273 227 189 316 70 157 95 246 147 223 236 314 87 182 165 181 93 83 135 141 181 178 250 172 226 270 214 138 62 122 306 133 127 245 219 54 145
