NAME : domp200p66v2
COMMENT : (Deleplanque et al.) 
TYPE : DOMP
DIMENSION : 200
DISPLAY_DATA_TYPE: NO_DISPLAY
OPEN_FACILITIES : 66
COST_SECTION
 1 152 137 158 152 258 62 215 18 268 66 221 326 245 296 222 372 75 249 347 97 94 196 65 215 114 318 330 94 269 68 212 137 293 253 143 76 289 235 62 151 55 291 185 282 252 307 70 257 206 335 249 200 70 30 281 297 160 193 81 216 92 148 341 322 208 199 108 29 281 131 197 315 254 282 276 275 328 126 333 166 62 268 280 88 110 121 98 68 339 130 83 185 98 297 221 369 302 242 150 142 268 150 152 180 182 94 91 152 102 110 317 317 39 248 299 252 150 329 17 93 216 331 135 310 225 105 206 268 78 166 322 167 46 62 127 321 218 337 132 246 201 282 90 306 76 205 249 136 192 120 226 177 57 146 173 37 191 211 152 99 323 255 191 150 82 87 326 198 5 112 200 182 280 218 241 149 188 270 161 91 306 161 75 59 315 93 124 298 294 115 51 227 142 277 190 88 203 225 72
 152 1 148 306 268 301 101 190 159 234 117 328 232 147 287 306 402 156 313 391 86 59 332 119 275 138 281 211 84 282 218 304 130 321 168 266 93 215 247 200 193 98 306 248 271 317 335 182 308 156 208 259 93 219 178 184 323 19 296 223 91 151 147 239 251 57 228 189 156 299 149 148 260 246 355 291 271 201 76 352 162 195 200 336 65 162 101 161 214 235 23 233 107 155 288 196 248 200 156 300 164 347 299 243 201 88 211 105 14 252 45 319 197 116 257 299 187 27 220 136 169 99 378 234 261 264 48 247 130 184 41 356 222 190 171 102 234 110 377 83 101 338 147 135 284 226 310 104 20 78 71 291 240 204 241 283 117 322 143 108 128 280 177 239 223 131 124 236 344 150 54 118 31 330 250 148 142 41 129 278 164 268 58 206 169 287 62 45 359 272 39 155 154 190 165 270 147 140 321 128
 137 148 1 235 152 155 94 79 127 132 169 196 206 139 164 164 261 200 166 246 72 123 229 76 129 219 182 226 77 145 178 166 20 179 136 158 85 162 109 135 48 128 169 104 149 170 193 100 162 78 241 123 118 170 161 168 182 140 165 153 145 50 246 224 192 188 82 71 163 160 237 275 180 121 209 154 144 234 188 215 30 126 140 189 114 40 48 51 155 223 138 181 242 47 165 85 263 189 128 243 17 203 231 112 56 227 114 59 137 214 140 189 218 135 121 170 124 168 219 126 63 136 233 112 175 118 131 101 197 212 185 214 78 179 95 207 197 129 233 197 192 234 204 48 171 192 179 195 131 122 179 145 97 185 113 159 133 214 94 52 203 187 134 92 87 192 192 204 259 133 99 98 166 183 104 133 244 184 203 162 61 170 197 127 192 180 137 161 212 159 135 94 109 48 176 129 52 84 183 182
 158 306 235 1 114 269 208 303 148 348 214 157 440 371 349 194 371 198 239 334 236 249 76 197 222 248 391 459 235 309 93 177 247 311 370 98 220 394 286 110 214 212 323 204 339 239 321 140 258 312 470 297 336 89 135 402 316 312 150 87 358 190 280 459 420 363 249 168 164 312 260 337 402 316 250 312 328 463 279 351 259 117 372 270 242 196 248 186 94 457 285 76 335 191 350 307 496 423 362 28 229 229 9 157 247 335 122 221 305 73 266 354 449 195 297 343 357 307 453 172 173 354 318 142 393 252 260 239 412 175 323 326 206 132 148 275 430 352 330 284 394 78 424 201 368 92 151 398 289 333 275 223 201 118 150 130 194 87 327 275 238 400 368 225 180 221 228 437 46 159 261 326 336 276 256 365 284 344 415 112 177 381 317 111 173 381 250 281 276 359 270 159 343 205 407 185 190 318 177 214
 152 268 152 114 1 157 171 205 135 244 216 71 347 290 238 86 262 222 129 228 184 219 80 151 109 265 283 376 186 197 126 72 169 198 283 17 177 298 177 94 116 193 211 92 229 129 209 90 146 223 392 187 267 113 149 315 203 268 46 84 293 122 299 368 320 320 141 85 175 200 282 348 298 209 148 199 218 385 270 239 168 91 277 161 209 117 182 113 99 367 250 111 331 119 239 208 411 335 277 134 141 129 114 48 145 324 62 165 262 141 239 242 368 184 187 231 263 278 366 158 102 286 211 41 289 140 231 128 346 212 296 216 100 160 101 277 335 280 222 278 337 84 355 137 258 137 55 340 249 269 263 111 91 153 44 24 181 63 243 201 251 293 278 116 75 234 238 343 118 151 216 249 294 166 145 283 300 308 352 11 107 274 298 78 199 272 226 259 171 250 239 119 256 110 327 72 124 234 78 223
 258 301 155 269 157 1 238 135 242 139 309 136 259 240 101 84 115 331 41 93 224 275 219 215 49 362 156 308 229 58 265 101 172 42 221 173 233 210 68 220 115 271 60 76 99 46 53 192 19 173 331 66 249 252 270 247 47 291 125 223 276 175 392 281 216 336 74 151 286 50 379 426 184 96 75 54 87 326 339 83 141 212 195 40 266 157 201 165 235 283 291 255 395 168 101 133 334 262 221 290 139 84 270 120 101 381 180 209 289 289 293 90 306 273 67 86 189 322 290 254 167 264 79 139 173 38 284 56 318 333 339 65 93 286 197 356 243 252 81 349 325 221 319 186 125 278 130 327 284 259 331 48 82 286 127 141 270 200 197 197 345 168 210 69 111 331 333 252 267 255 253 218 316 31 52 232 391 335 326 159 170 152 351 203 315 140 288 315 64 122 289 209 202 122 272 86 179 192 111 320
 62 101 94 208 171 238 1 167 63 220 76 235 267 185 257 222 349 109 239 330 37 48 232 24 202 127 271 269 33 237 125 217 87 267 194 168 15 233 201 100 124 35 260 172 242 242 282 83 241 151 275 215 139 123 90 222 271 105 204 123 156 65 155 282 267 157 170 99 80 251 145 191 263 213 277 245 237 267 106 305 121 95 212 267 39 82 64 76 115 279 81 136 165 72 258 173 308 242 183 205 105 266 202 153 146 156 112 37 98 161 68 282 257 44 213 263 196 108 269 46 79 155 315 141 260 202 60 183 208 125 126 300 148 106 72 120 263 157 318 114 188 238 222 53 262 135 217 191 83 132 98 216 164 118 150 188 42 223 154 94 111 274 198 170 140 100 99 268 244 58 54 141 130 264 191 181 154 141 211 181 75 258 128 106 105 270 57 89 287 250 69 55 170 117 217 186 61 146 232 89
 215 190 79 303 205 135 167 1 206 54 241 228 144 106 98 183 218 275 164 215 137 186 283 152 136 289 105 181 143 98 255 192 81 141 89 215 156 94 69 210 91 200 120 126 83 169 153 174 149 40 202 77 119 246 239 119 142 176 202 226 145 128 313 165 118 212 75 137 240 116 306 332 103 57 206 108 83 196 247 166 50 201 74 174 178 114 107 126 229 165 188 255 294 123 99 7 213 137 88 314 78 208 300 158 61 276 183 131 177 289 198 131 177 210 75 110 62 214 167 203 137 132 205 167 97 106 190 99 184 289 229 177 107 257 172 270 131 119 200 257 193 287 185 126 98 269 214 195 177 132 239 150 122 263 162 204 208 265 63 86 273 109 80 102 130 264 263 140 320 211 155 87 197 165 89 98 310 217 193 212 135 92 246 200 269 105 200 217 198 86 191 171 68 99 139 156 130 60 209 255
 18 159 127 148 135 242 63 206 1 258 82 204 322 243 284 204 356 92 233 331 96 102 182 60 199 132 308 329 94 256 63 195 129 278 249 127 77 283 222 46 137 66 277 169 270 235 292 53 240 199 336 236 200 61 34 278 282 166 176 67 218 80 165 338 316 216 185 93 45 267 148 214 306 242 265 262 262 329 140 319 156 46 262 264 95 97 117 85 56 336 138 75 200 85 285 211 367 299 239 143 131 250 141 135 168 196 76 87 158 99 120 303 317 52 235 286 245 161 327 26 79 217 315 117 301 210 114 191 271 92 177 307 151 52 46 143 316 218 321 147 250 187 284 81 294 73 188 253 142 194 134 210 161 60 129 156 50 176 207 147 116 313 250 176 134 100 104 322 187 16 116 197 189 264 203 238 166 198 273 144 77 296 174 59 74 304 104 136 281 283 123 37 223 128 276 173 77 198 207 89
 268 234 132 348 244 139 220 54 258 1 293 256 121 120 63 206 193 328 176 200 189 236 321 206 157 340 52 172 195 86 306 218 134 129 95 256 208 72 77 260 136 253 102 157 51 181 138 225 156 79 197 75 152 297 291 114 128 218 233 275 174 180 363 143 80 247 105 185 293 102 357 379 55 45 214 94 59 193 296 141 103 251 61 176 229 165 159 177 279 145 234 305 340 175 63 48 197 126 100 361 129 221 346 197 103 320 231 184 221 340 247 99 172 263 73 81 61 259 152 256 187 160 194 209 46 122 240 123 201 342 273 161 145 309 223 319 105 145 185 305 217 325 197 179 52 320 244 219 223 166 288 169 155 315 202 239 261 302 94 135 325 56 83 132 171 317 315 114 361 264 204 121 236 165 108 113 360 256 210 251 186 39 291 249 322 54 250 265 199 41 240 224 88 145 144 186 182 95 233 307
 66 117 169 214 216 309 76 241 82 293 1 285 329 243 332 282 421 41 305 400 105 68 260 96 269 54 344 320 100 311 122 274 161 340 257 208 86 299 276 126 196 42 334 239 316 308 354 130 310 221 320 289 191 128 80 281 344 131 256 145 200 135 86 340 335 169 243 162 51 325 72 133 334 288 341 319 311 313 67 379 196 127 280 335 71 153 135 145 131 337 97 140 122 142 333 247 358 300 245 202 179 327 206 211 220 122 157 111 122 149 74 357 306 37 288 337 264 106 324 60 144 203 385 196 332 274 73 254 245 68 117 372 217 84 121 63 326 210 389 71 217 264 261 126 337 124 268 220 107 179 63 282 231 99 207 237 40 255 220 163 38 347 262 241 205 25 25 330 257 67 100 202 146 333 264 241 86 146 245 225 140 331 107 140 53 345 58 77 354 325 81 105 235 188 270 248 131 213 287 15
 221 328 196 157 71 136 235 228 204 256 285 1 369 326 232 53 220 291 97 181 243 282 91 213 100 335 285 407 245 189 193 38 215 174 314 83 239 319 181 163 151 260 194 103 228 94 181 157 120 255 426 186 313 181 219 345 179 325 33 152 340 178 368 391 335 377 155 140 244 185 351 416 307 214 95 187 215 420 337 210 203 160 300 122 273 169 234 168 167 392 311 177 398 174 233 229 440 363 310 183 181 74 161 87 170 390 130 224 320 202 302 225 401 252 187 220 289 341 394 226 160 331 166 95 297 136 294 133 391 281 359 180 125 229 168 345 355 323 179 345 387 92 398 194 255 203 19 390 309 317 330 91 108 221 88 49 249 73 278 248 320 296 307 127 111 303 307 364 141 220 275 290 352 132 148 318 370 368 398 63 165 278 363 147 269 270 291 323 123 250 302 185 289 149 362 73 182 270 26 292
 326 232 206 440 347 259 267 144 322 121 329 369 1 87 173 322 299 368 295 314 231 262 425 263 273 364 123 62 236 205 379 332 197 246 74 356 253 51 195 338 232 292 218 267 166 300 253 304 276 128 90 194 141 373 354 49 244 214 344 358 144 253 377 23 53 217 216 273 346 220 378 375 86 164 333 213 176 89 306 250 182 330 71 296 259 245 206 255 358 25 243 384 331 251 173 141 78 34 85 447 212 340 436 300 204 309 319 236 220 416 263 206 70 308 193 192 84 257 39 311 268 134 310 308 97 239 260 238 135 390 263 276 250 371 298 332 18 123 299 314 165 430 122 246 151 392 356 166 231 155 300 286 264 381 304 346 306 408 116 176 352 113 73 243 273 349 344 10 460 322 229 128 219 284 224 89 373 236 143 355 265 119 285 332 370 141 274 274 318 147 255 293 100 239 72 297 255 125 348 342
 245 147 139 371 290 240 185 106 243 120 243 326 87 1 182 284 312 283 269 315 149 176 367 183 239 278 154 89 153 197 303 291 126 242 27 296 171 73 173 265 177 208 217 224 169 274 252 233 254 72 103 179 55 297 273 39 241 129 296 286 63 182 292 98 108 140 178 209 263 215 292 292 124 153 311 207 174 96 221 259 124 257 65 279 174 178 127 186 284 95 157 309 249 181 182 108 127 58 21 375 150 312 366 247 158 228 252 157 135 339 177 218 79 224 177 199 60 172 85 230 199 51 306 250 129 211 174 202 82 306 181 276 202 290 225 247 88 38 300 228 100 372 81 171 168 314 310 102 145 70 214 254 219 301 249 294 223 352 49 98 266 149 40 203 219 263 259 90 397 242 144 46 137 269 194 9 287 156 91 299 195 143 202 261 286 166 188 188 303 159 169 217 39 181 38 254 182 57 308 257
 296 287 164 349 238 101 257 98 284 63 332 232 173 182 1 181 132 363 141 142 231 281 310 239 135 382 57 229 236 45 323 196 173 76 157 253 247 129 65 276 149 291 48 147 17 145 82 242 118 133 256 53 211 312 316 175 74 273 216 287 234 205 407 195 124 306 104 199 323 53 399 429 90 45 171 48 23 252 344 80 137 267 122 132 273 188 202 200 294 197 285 318 392 200 2 92 250 185 162 366 156 183 348 193 117 373 241 222 274 353 294 37 231 299 54 20 123 312 208 287 207 221 138 209 79 100 286 111 263 373 327 104 146 334 243 365 156 206 127 353 279 313 259 209 26 337 224 281 275 225 336 142 149 337 200 228 296 290 152 183 366 69 145 125 172 355 354 165 355 292 251 179 293 120 94 175 405 313 272 243 208 56 343 262 353 40 295 314 151 27 288 248 149 159 205 171 209 152 208 345
 222 306 164 194 86 84 222 183 204 206 282 53 322 284 181 1 178 295 48 142 221 266 137 198 50 334 233 363 224 137 209 18 183 123 271 103 222 272 130 170 117 250 143 62 176 46 132 153 69 214 383 135 278 196 225 301 128 300 45 166 306 159 366 344 285 351 109 123 247 133 351 410 257 163 63 135 163 378 326 161 165 165 254 77 257 145 207 148 180 345 291 195 386 153 181 184 394 318 268 217 148 47 196 71 128 375 130 203 297 226 286 174 358 246 136 168 243 321 348 223 143 296 126 88 246 85 277 86 355 289 340 134 88 239 162 338 307 286 137 335 353 139 359 174 204 221 47 356 287 284 318 39 69 234 76 66 243 118 237 215 318 244 262 83 84 302 305 317 186 219 253 252 327 84 99 276 367 344 362 84 148 227 347 153 275 219 277 308 85 199 284 177 247 118 320 37 163 230 29 291
 372 402 261 371 262 115 349 218 356 193 421 220 299 312 132 178 1 445 134 42 332 384 310 327 161 474 177 358 337 122 377 195 276 83 287 278 343 259 156 333 226 383 98 190 144 134 69 306 119 256 385 144 336 364 384 305 80 389 222 335 361 287 504 320 248 429 181 265 400 104 492 535 214 162 127 112 139 382 448 53 242 326 253 102 374 269 306 278 347 323 395 366 502 281 131 213 375 314 292 394 247 148 373 232 206 486 293 318 390 399 400 96 361 386 146 114 253 425 336 368 281 347 56 251 203 149 391 168 393 447 441 51 207 400 312 466 282 333 42 457 407 311 390 297 150 390 222 409 387 348 439 154 196 399 239 243 383 292 278 295 458 188 275 182 225 444 445 291 360 369 359 303 412 98 159 304 502 433 402 261 283 182 455 316 430 159 397 421 98 157 395 323 277 234 336 194 291 276 197 433
 75 156 200 198 222 331 109 275 92 328 41 291 368 283 363 295 445 1 323 421 142 109 253 125 288 51 379 360 137 339 109 285 195 365 296 211 121 338 304 129 221 78 362 258 348 326 379 143 330 258 361 318 231 119 74 321 369 171 264 142 240 161 83 380 373 207 269 182 49 352 64 140 371 319 356 346 342 353 97 405 228 132 318 354 110 179 171 169 127 377 137 129 142 167 364 281 399 340 285 181 208 341 190 225 249 148 166 145 162 128 114 386 347 66 316 367 302 143 364 78 165 244 405 208 368 297 114 278 285 31 152 395 239 69 136 83 366 250 410 98 257 258 301 155 370 107 275 259 147 220 96 300 251 82 220 243 68 252 258 200 43 382 301 264 223 29 37 370 243 78 140 241 184 353 289 281 86 183 285 229 163 366 138 145 26 378 99 115 372 358 121 123 274 213 310 263 157 251 296 29
 249 313 166 239 129 41 239 164 233 176 305 97 295 269 141 48 134 323 1 101 231 280 183 216 39 358 196 341 235 98 246 65 184 78 251 145 237 245 101 204 121 271 99 68 139 6 85 181 24 199 364 102 271 233 258 279 83 305 91 203 299 174 390 317 254 352 93 144 276 91 376 429 223 132 44 94 126 358 343 115 159 197 229 33 271 158 212 164 216 319 301 234 401 168 142 163 370 296 250 262 150 46 241 101 118 388 163 214 302 267 299 130 338 269 103 127 221 331 324 248 163 287 85 120 212 59 290 69 344 321 349 88 93 272 188 357 279 276 94 352 347 185 347 188 165 259 94 350 295 280 335 24 76 269 108 110 266 164 223 213 342 208 242 75 101 327 329 289 232 246 262 242 331 38 76 261 389 349 352 129 166 192 359 187 305 180 292 321 50 162 296 202 230 125 302 63 179 217 72 316
 347 391 246 334 228 93 330 215 331 200 400 181 314 315 142 142 42 421 101 1 316 367 271 307 133 453 194 370 321 119 346 158 263 75 292 244 325 270 148 304 207 363 100 163 151 100 64 280 92 254 396 139 333 334 357 314 75 380 186 304 359 266 483 336 264 423 165 240 374 101 471 518 230 163 87 109 143 392 431 67 230 297 261 69 358 248 293 256 316 338 383 334 487 260 142 211 391 325 295 358 231 108 337 201 192 473 263 301 379 366 385 110 371 364 141 123 259 413 349 344 257 346 17 221 219 130 376 148 396 420 430 40 184 372 286 448 297 333 16 441 406 272 394 278 164 359 185 409 375 344 423 123 171 370 208 207 361 253 277 286 437 206 281 161 198 422 424 306 321 344 345 301 404 68 143 307 483 424 405 226 261 196 442 287 404 176 380 407 59 168 381 298 279 214 342 163 270 273 159 411
 97 86 72 236 184 224 37 137 96 189 105 243 231 149 231 221 332 142 231 316 1 53 252 40 194 153 240 234 6 215 158 219 59 250 158 184 23 197 180 127 112 65 239 165 215 235 264 102 230 117 240 193 104 154 126 186 253 84 211 150 124 65 177 246 232 137 153 103 116 231 170 204 230 187 272 224 212 233 117 286 95 120 177 257 44 77 31 75 144 243 71 167 172 70 232 144 272 206 147 236 86 264 230 157 127 158 129 20 79 194 70 258 221 78 191 239 161 102 233 82 84 121 302 149 227 188 61 169 177 161 120 284 140 142 92 136 227 122 303 126 160 257 189 49 234 168 224 163 68 99 109 209 157 153 155 198 77 241 118 59 137 242 162 159 139 129 126 232 269 94 33 104 111 252 175 145 175 126 180 194 79 227 128 128 141 241 66 91 279 222 66 78 134 107 181 185 62 111 235 119
 94 59 123 249 219 275 48 186 102 236 68 282 262 176 281 266 384 109 280 367 53 1 278 70 243 107 286 253 48 267 161 263 110 302 191 215 45 234 231 144 162 41 291 214 265 284 316 130 280 161 254 244 123 162 121 214 304 68 251 167 133 109 128 273 271 115 204 145 100 282 123 152 273 238 320 276 262 247 65 337 146 140 216 307 11 124 81 119 157 269 37 175 122 114 282 192 291 233 179 243 138 310 242 199 178 110 159 68 60 194 21 309 239 59 242 289 201 61 257 78 125 136 353 188 271 239 13 220 180 134 79 336 189 133 119 85 260 142 355 75 155 283 196 94 283 168 264 158 43 112 57 258 206 147 196 235 59 270 156 103 92 288 197 209 184 88 84 264 287 92 34 136 89 303 226 174 125 97 181 229 120 274 82 151 116 289 15 42 328 271 23 102 170 157 202 231 105 150 278 82
 196 332 229 76 80 219 232 283 182 321 260 91 425 367 310 137 310 253 183 271 252 278 1 215 176 302 358 454 253 267 145 120 245 259 362 72 241 377 251 137 195 246 276 166 302 182 268 152 205 302 469 260 342 135 182 393 264 334 95 116 367 194 335 446 398 387 217 161 211 266 316 390 375 283 185 267 290 463 321 297 246 140 356 211 270 193 255 186 130 446 313 125 380 192 311 286 490 414 355 103 218 164 82 126 223 377 124 234 328 139 298 308 446 233 260 300 342 338 444 207 174 361 256 119 365 210 290 201 421 235 356 269 178 185 162 322 413 356 269 327 409 6 430 208 331 150 91 412 314 342 315 172 167 174 122 83 231 20 321 277 289 368 357 190 154 272 278 422 51 196 282 326 360 220 218 360 338 372 426 72 179 349 354 128 228 345 283 316 213 323 300 178 334 188 404 140 195 312 114 263
 65 119 76 197 151 215 24 152 60 206 96 213 263 183 239 198 327 125 216 307 40 70 215 1 178 148 256 270 39 217 120 194 73 246 190 149 27 225 181 88 102 57 240 148 224 219 260 65 218 141 278 195 142 116 92 219 249 120 182 111 162 42 177 278 258 172 148 76 89 230 166 214 251 195 254 224 218 270 129 284 104 82 204 244 60 60 57 53 105 276 100 129 188 49 240 159 308 239 179 197 85 243 191 130 126 178 93 27 114 157 90 262 258 61 193 244 187 128 268 52 56 159 292 119 247 180 81 160 216 137 147 278 125 110 54 143 257 159 295 138 198 220 228 32 246 132 195 202 100 137 121 192 140 119 127 167 58 205 147 88 132 260 191 147 117 119 119 263 231 61 67 138 146 241 169 179 176 159 219 161 52 244 151 90 117 255 80 111 264 234 90 39 164 94 217 163 38 139 209 108
 215 275 129 222 109 49 202 136 199 157 269 100 273 239 135 50 161 288 39 133 194 243 176 178 1 322 186 315 198 92 217 63 148 90 224 125 199 223 82 173 83 234 103 31 129 43 102 147 43 169 337 88 237 205 225 253 95 268 82 175 265 137 353 295 236 316 62 108 242 92 340 391 208 115 80 92 117 331 306 132 124 166 205 67 233 121 175 127 187 296 263 207 364 131 136 136 346 270 221 242 113 76 222 72 84 351 132 177 265 241 262 134 311 233 88 125 195 294 300 212 126 254 118 91 198 37 253 38 312 288 312 112 55 240 154 320 259 243 124 314 313 179 315 150 157 231 90 316 258 245 297 17 39 239 79 95 230 156 192 177 306 197 215 39 66 291 293 268 222 212 225 209 294 66 50 231 353 312 319 112 130 179 321 156 271 172 255 284 87 151 259 166 201 87 274 38 141 185 77 280
 114 138 219 248 265 362 127 289 132 340 54 335 364 278 382 334 474 51 358 453 153 107 302 148 322 1 391 348 147 363 159 325 210 393 295 256 136 339 327 173 249 93 386 292 366 361 407 182 363 266 344 341 224 168 121 316 396 155 306 189 227 188 35 373 376 180 295 215 93 377 19 90 378 338 394 371 362 338 65 431 245 175 322 388 112 206 183 198 174 370 123 178 95 194 383 295 385 334 283 231 231 380 240 263 272 105 207 161 147 178 102 408 333 90 339 388 306 118 355 112 197 234 438 247 377 326 106 307 266 78 122 425 270 118 173 42 364 243 442 62 235 306 283 179 386 157 318 237 135 211 68 335 284 131 258 287 93 300 261 207 17 393 302 294 258 33 30 367 293 116 140 241 161 386 316 277 37 155 264 274 193 378 103 188 76 393 93 93 407 374 110 158 276 241 301 301 184 255 338 44
 318 281 182 391 283 156 271 105 308 52 344 285 123 154 57 233 177 379 196 194 240 286 358 256 186 391 1 183 245 99 354 247 185 133 128 296 259 88 108 308 181 303 104 193 58 200 137 273 174 127 211 100 194 344 341 137 130 264 266 321 213 229 413 144 72 289 143 231 344 109 407 427 38 76 228 104 71 208 345 129 153 298 90 188 280 214 210 226 327 147 283 352 387 224 57 99 199 141 136 405 178 239 389 236 148 367 276 235 268 387 296 86 188 314 99 75 98 306 161 307 235 200 192 250 28 150 289 157 232 393 319 157 186 359 271 369 107 185 180 354 253 361 225 229 33 368 275 255 272 210 338 195 193 365 242 275 312 339 139 185 376 13 115 169 212 368 365 115 400 314 254 165 280 176 140 148 410 301 241 289 235 14 338 296 373 19 300 314 208 36 289 273 130 191 169 219 232 142 261 358
 330 211 226 459 376 308 269 181 329 172 320 407 62 89 229 363 358 360 341 370 234 253 454 270 315 348 183 1 237 257 389 371 213 300 94 383 255 101 241 352 261 288 272 305 220 346 308 320 324 154 29 243 132 384 358 63 298 194 379 374 122 270 356 49 114 182 255 296 346 273 360 345 146 214 381 265 230 28 286 308 209 344 113 346 252 265 214 274 371 44 227 396 300 269 229 180 40 47 100 463 236 386 454 331 238 278 339 243 202 426 249 264 16 305 241 248 121 234 25 314 287 117 364 336 156 284 248 279 91 385 236 331 284 374 313 312 78 113 355 292 125 458 75 259 209 400 392 125 215 142 281 330 300 386 334 379 304 438 134 185 337 173 101 282 304 338 332 71 484 326 223 134 191 335 268 95 351 205 98 384 283 177 258 348 367 200 263 256 369 203 241 304 121 267 53 335 270 143 388 333
 94 84 77 235 186 229 33 143 94 195 100 245 236 153 236 224 337 137 235 321 6 48 253 39 198 147 245 237 1 221 155 222 65 255 163 185 19 202 185 126 116 60 244 169 221 239 269 102 234 122 243 198 107 152 122 190 258 83 213 149 125 68 172 250 237 136 157 106 112 236 164 199 235 192 276 229 217 236 112 291 100 120 182 261 39 80 36 78 143 247 68 165 167 72 237 149 276 210 151 234 91 267 229 160 132 154 130 23 77 192 65 264 225 74 196 244 166 98 237 78 86 124 307 151 232 192 56 174 178 156 117 289 144 138 92 131 232 125 308 121 161 258 191 52 239 166 227 164 65 101 104 213 161 150 158 200 72 241 123 64 132 248 166 163 142 123 121 237 269 90 31 109 110 257 179 149 170 124 182 196 81 233 124 128 136 246 61 87 283 227 62 77 139 111 185 188 64 115 238 114
 269 282 145 309 197 58 237 98 256 86 311 189 205 197 45 137 122 339 98 119 215 267 267 217 92 363 99 257 221 1 289 152 158 46 175 212 229 157 37 243 120 271 25 107 42 103 57 210 76 137 282 24 216 278 287 198 46 269 173 251 242 179 390 227 160 308 72 167 297 19 381 418 128 45 131 11 30 277 331 72 123 234 145 93 258 161 188 172 260 229 276 283 383 173 45 93 281 211 177 327 133 141 309 154 92 366 205 203 269 318 282 49 256 276 26 35 141 305 237 262 178 229 111 171 116 58 274 72 278 346 321 80 110 304 213 351 188 215 104 340 289 270 276 186 68 303 181 291 267 228 323 99 110 306 161 186 274 248 159 175 347 111 163 87 135 335 335 198 313 266 240 184 292 81 56 189 389 312 286 201 179 95 336 228 327 83 281 303 114 65 277 220 161 129 225 128 183 156 164 324
 68 218 178 93 126 265 125 255 63 306 122 193 379 303 323 209 377 109 246 346 158 161 145 120 217 159 354 389 155 289 1 196 184 304 307 112 138 338 259 48 175 122 308 190 310 247 317 82 259 254 397 272 261 14 43 337 309 226 171 44 280 129 192 396 369 275 220 125 71 298 172 247 357 283 271 294 301 390 187 346 206 57 317 278 155 142 176 130 31 394 197 21 243 133 324 260 428 358 297 83 178 253 86 147 208 243 86 147 218 38 177 337 377 104 271 322 300 216 386 83 120 278 330 127 350 237 171 220 332 91 232 328 180 42 84 183 372 279 339 192 311 149 345 135 336 15 179 314 202 255 182 225 185 30 140 149 103 145 264 206 147 361 307 204 157 130 137 379 136 70 177 257 248 281 235 297 195 255 335 132 121 343 225 63 84 348 160 190 292 326 181 87 280 165 336 185 127 255 204 122
 212 304 166 177 72 101 217 192 195 218 274 38 332 291 196 18 195 285 65 158 219 263 120 194 63 325 247 371 222 152 196 1 185 140 279 87 218 282 143 159 120 244 159 68 190 63 149 145 86 221 391 149 282 183 215 309 145 300 28 153 309 156 358 355 297 351 118 119 237 149 342 403 270 176 77 151 178 385 321 179 170 154 264 94 253 144 207 145 167 355 289 181 381 151 197 193 404 327 275 200 151 58 179 65 135 371 120 200 296 211 283 190 366 239 150 184 252 319 358 215 139 300 143 79 259 99 274 96 359 278 337 151 92 227 154 331 318 291 154 329 357 122 365 171 218 207 30 360 286 287 313 55 74 222 69 50 236 101 244 218 310 258 271 91 82 293 297 327 169 210 251 257 327 101 111 283 359 343 366 69 144 241 343 142 264 233 272 304 101 213 281 170 254 119 327 39 159 236 18 282
 137 130 20 247 169 172 87 81 129 134 161 215 197 126 173 183 276 195 184 263 59 110 245 73 148 210 185 213 65 158 184 185 1 194 125 174 76 155 122 143 67 120 182 123 157 189 208 109 179 71 226 135 100 177 162 156 196 121 183 163 127 58 236 214 187 169 98 85 161 174 227 261 179 129 227 167 153 219 174 228 37 134 134 206 102 53 31 62 162 213 121 188 227 57 174 87 251 177 116 252 36 221 242 130 72 211 127 51 119 220 126 200 204 130 133 180 117 151 207 124 75 119 249 129 175 135 117 118 179 209 168 229 97 180 103 195 189 112 249 184 173 250 187 50 177 197 197 176 114 103 166 164 116 188 131 177 128 230 82 34 194 189 125 110 105 185 183 196 272 133 84 82 147 200 121 119 233 166 185 178 71 173 181 137 189 185 124 147 230 165 121 98 98 67 162 148 59 73 202 175
 293 321 179 311 198 42 267 141 278 129 340 174 246 242 76 123 83 365 78 75 250 302 259 246 90 393 133 300 255 46 304 140 194 1 219 214 261 200 75 258 145 302 30 115 81 81 15 229 55 180 325 65 259 292 307 242 6 309 165 263 285 206 422 268 199 350 99 186 321 28 411 453 165 90 99 36 71 321 366 43 160 250 189 59 292 188 224 198 274 270 314 295 420 200 77 137 323 254 222 331 165 113 311 160 124 404 219 236 309 329 318 55 300 305 67 58 186 343 280 288 201 272 66 179 154 69 309 88 322 369 360 37 128 323 233 384 229 259 60 375 333 261 321 215 101 318 170 335 306 271 357 89 120 324 167 182 302 240 203 215 376 145 208 103 148 363 364 239 307 289 277 227 333 47 78 234 420 353 331 200 203 132 373 242 351 115 315 339 76 102 313 243 205 154 270 127 210 200 149 352
 253 168 136 370 283 221 194 89 249 95 257 314 74 27 157 271 287 296 251 292 158 191 362 190 224 295 128 94 163 175 307 279 125 219 1 291 180 48 153 267 168 220 194 212 144 257 230 233 236 61 114 158 76 301 281 33 219 150 286 287 88 182 311 90 84 166 163 205 273 192 310 315 98 131 293 184 151 108 240 235 116 258 39 260 188 175 133 185 286 88 176 312 272 181 157 90 129 53 13 377 145 296 366 238 145 251 250 163 155 343 195 193 89 235 156 174 35 194 84 238 198 76 284 244 103 194 190 187 107 317 203 253 191 298 227 266 70 61 277 248 126 366 103 174 143 319 299 128 164 91 233 239 207 308 242 286 234 345 44 103 282 123 14 189 211 278 274 75 393 249 158 56 161 249 177 23 307 180 116 292 195 117 224 261 298 140 204 208 283 134 187 221 29 174 52 242 183 53 296 271
 143 266 158 98 17 173 168 215 127 256 208 83 356 296 253 103 278 211 145 244 184 215 72 149 125 256 296 383 185 212 112 87 174 214 291 1 175 308 191 83 126 187 226 107 243 145 225 86 163 231 398 201 271 99 138 323 219 267 61 71 297 123 289 376 331 320 154 89 164 215 272 340 310 222 163 214 232 391 264 255 176 82 287 177 206 121 184 115 86 376 248 96 324 121 254 218 419 343 284 118 147 144 98 61 156 319 57 165 261 125 235 257 375 177 201 246 273 275 374 150 104 290 228 49 301 155 227 142 350 199 293 232 112 147 97 269 345 285 238 271 339 77 359 138 272 123 68 342 248 272 257 127 105 140 55 39 174 58 250 205 241 306 287 129 86 224 229 353 106 142 214 254 293 182 159 289 291 307 355 21 108 287 294 69 188 286 221 254 187 263 236 114 264 118 333 88 125 241 93 214
 76 93 85 220 177 233 15 156 77 208 86 239 253 171 247 222 343 121 237 325 23 45 241 27 199 136 259 255 19 229 138 218 76 261 180 175 1 219 193 111 119 45 253 170 232 240 275 90 237 138 261 207 125 136 104 208 264 95 207 134 142 64 162 267 254 147 163 101 94 244 153 194 250 203 276 237 227 253 108 298 111 105 199 263 36 80 51 75 127 265 74 149 166 70 248 162 294 228 169 218 97 266 214 155 139 154 119 27 88 174 65 273 242 57 205 254 183 103 255 60 81 141 311 145 247 197 56 178 195 139 121 295 145 120 80 124 249 143 313 117 176 246 208 50 252 148 221 179 74 118 99 214 162 132 152 193 55 231 140 80 120 262 184 166 140 110 108 254 255 73 42 126 121 260 185 167 161 133 198 187 76 247 126 115 119 259 57 87 285 240 64 64 156 113 202 186 60 132 234 100
 289 215 162 394 298 210 233 94 283 72 299 319 51 73 129 272 259 338 245 270 197 234 377 225 223 339 88 101 202 157 338 282 155 200 48 308 219 1 145 295 183 261 172 217 120 250 208 260 226 85 127 145 122 331 315 49 198 197 294 314 135 210 356 73 38 212 166 227 311 173 355 362 54 115 284 165 130 124 286 208 136 286 22 247 230 200 170 211 315 74 222 341 319 208 129 92 126 56 60 403 166 290 390 251 154 298 273 199 202 374 239 164 103 275 144 148 39 240 81 275 223 122 264 260 61 189 234 187 145 357 250 231 201 333 256 311 38 108 255 294 169 381 138 204 110 351 306 171 210 138 279 236 214 342 256 297 273 359 80 139 326 81 39 193 224 321 317 46 413 285 201 100 208 236 174 69 352 227 155 306 221 80 271 287 337 103 248 253 270 104 232 252 65 191 82 247 212 88 298 313
 235 247 109 286 177 68 201 69 222 77 276 181 195 173 65 130 156 304 101 148 180 231 251 181 82 327 108 241 185 37 259 143 122 75 153 191 193 145 1 212 86 236 61 86 54 106 89 179 84 108 264 15 186 248 254 180 77 235 160 222 212 145 355 217 156 276 40 135 263 53 345 382 128 34 141 46 43 259 295 107 87 203 129 107 222 127 152 138 230 218 241 254 348 139 66 66 269 196 154 302 98 146 285 131 57 331 176 168 235 289 247 82 239 241 13 65 122 270 224 227 145 200 137 146 117 46 238 50 252 312 286 111 82 271 180 315 179 187 134 305 260 254 252 151 82 273 170 263 232 197 287 93 87 274 137 169 239 232 131 141 311 118 143 62 108 299 299 189 294 232 205 154 258 97 34 165 353 279 261 182 146 100 301 198 293 96 245 268 131 74 241 187 135 96 205 113 149 127 158 289
 62 200 135 110 94 220 100 210 46 260 126 163 338 265 276 170 333 129 204 304 127 144 137 88 173 173 308 352 126 243 48 159 143 258 267 83 111 295 212 1 128 110 262 145 263 206 271 36 215 212 362 225 228 37 57 298 263 204 137 24 249 86 207 356 325 256 173 78 82 251 189 258 312 237 232 248 254 355 185 300 162 10 274 236 136 97 140 86 21 354 179 47 245 89 277 215 391 319 258 112 133 216 104 104 162 241 42 112 197 81 163 290 342 97 224 275 258 204 348 71 74 246 288 85 305 191 156 173 303 121 221 284 134 70 41 188 330 244 295 192 285 142 315 95 290 62 147 288 182 224 179 182 139 67 97 116 95 131 224 168 159 314 266 158 111 142 147 337 145 61 152 220 229 238 188 259 209 239 306 102 76 296 218 18 107 301 147 180 251 279 165 50 240 118 300 142 85 215 169 131
 151 193 48 214 116 115 124 91 137 136 196 151 232 177 149 117 226 221 121 207 112 162 195 102 83 249 181 261 116 120 175 120 67 145 168 126 119 183 86 128 1 158 141 57 136 125 159 94 119 108 278 100 163 165 168 200 149 186 121 141 191 62 278 252 208 235 49 51 179 131 267 313 189 109 162 126 127 272 226 184 54 119 162 146 153 44 93 54 147 252 181 172 283 56 150 94 296 220 163 226 32 156 211 71 35 269 96 96 183 207 180 167 254 160 99 150 148 212 250 144 59 181 192 77 181 79 172 60 241 227 230 177 30 186 95 242 220 172 195 235 238 199 247 72 162 189 135 241 176 168 217 99 49 189 74 118 158 178 129 99 232 189 163 48 44 219 220 228 230 147 143 139 213 141 69 169 277 231 248 125 61 171 240 115 209 174 175 202 168 152 177 102 142 11 213 82 66 120 137 208
 55 98 128 212 193 271 35 200 66 253 42 260 292 208 291 250 383 78 271 363 65 41 246 57 234 93 303 288 60 271 122 244 120 302 220 187 45 261 236 110 158 1 295 203 276 274 316 104 273 181 291 249 158 124 81 245 305 108 229 132 170 98 122 305 296 154 204 129 61 285 110 160 294 247 308 279 271 284 79 340 155 108 241 299 38 116 95 108 121 302 76 137 139 104 292 206 327 265 208 204 139 296 204 181 181 133 132 70 99 155 56 316 275 19 248 297 225 96 290 41 109 172 348 167 291 236 51 216 219 99 112 334 181 93 93 88 289 176 351 86 195 251 234 87 296 129 242 198 83 148 71 247 195 107 177 212 20 239 181 123 76 306 224 203 171 66 65 294 251 54 66 165 128 297 225 205 121 134 220 202 105 291 109 120 80 304 39 71 319 284 61 76 197 150 237 216 94 174 258 56
 291 306 169 323 211 60 260 120 277 102 334 194 218 217 48 143 98 362 99 100 239 291 276 240 103 386 104 272 244 25 308 159 182 30 194 226 253 172 61 262 141 295 1 122 53 103 37 231 76 159 298 48 238 297 308 215 27 293 182 269 264 202 414 240 170 331 93 187 319 12 404 442 137 66 126 16 44 294 355 48 147 253 162 86 282 184 212 194 278 242 300 301 407 196 48 116 295 227 197 342 157 139 323 169 115 390 224 227 293 336 306 32 273 299 50 30 160 329 252 284 199 251 93 187 125 73 298 90 298 368 345 60 129 325 234 375 201 237 84 364 311 279 296 209 72 322 188 313 291 251 347 106 126 326 176 197 297 257 181 199 370 116 182 105 153 358 358 210 324 288 264 206 315 74 75 210 412 336 307 213 201 103 360 247 349 86 305 327 105 73 301 242 182 151 244 140 206 179 169 347
 185 248 104 204 92 76 172 126 169 157 239 103 267 224 147 62 190 258 68 163 165 214 166 148 31 292 193 305 169 107 190 68 123 115 212 107 170 217 86 145 57 203 122 1 138 72 128 118 73 154 324 96 217 178 196 242 119 242 78 149 245 107 323 289 235 291 53 78 212 111 309 361 210 118 108 109 126 318 276 157 104 137 198 97 204 91 148 97 160 289 235 181 334 101 148 127 337 261 208 222 88 100 203 48 67 322 105 148 239 216 233 152 299 203 96 140 186 266 291 182 96 234 148 66 200 50 224 37 293 259 284 140 27 211 124 290 254 225 153 285 292 170 298 121 167 204 89 295 230 223 268 45 9 211 55 84 200 147 177 154 275 203 204 26 36 261 263 263 209 181 197 191 268 96 54 216 322 286 301 97 99 184 293 128 242 181 225 255 117 159 230 136 187 59 260 31 111 169 85 249
 282 271 149 339 229 99 242 83 270 51 316 228 166 169 17 176 144 348 139 151 215 265 302 224 129 366 58 220 221 42 310 190 157 81 144 243 232 120 54 263 136 276 53 138 1 144 89 229 117 118 246 43 196 299 302 164 80 257 210 274 220 191 391 188 119 291 92 186 309 55 384 413 86 29 172 49 14 242 328 92 122 254 111 133 257 174 186 185 281 190 269 306 376 185 18 77 243 175 149 355 141 182 338 183 103 358 228 206 259 341 278 51 221 283 44 31 110 296 200 272 194 206 145 199 75 93 271 102 250 358 311 112 135 320 229 350 149 192 136 337 265 305 247 194 30 324 218 267 259 210 320 138 139 324 190 220 281 283 137 167 350 70 132 115 161 340 339 158 346 278 236 164 277 121 85 161 389 298 259 234 194 54 327 250 338 44 280 298 154 24 272 234 135 146 193 163 194 137 204 330
 252 317 170 239 129 46 242 169 235 181 308 94 300 274 145 46 134 326 6 100 235 284 182 219 43 361 200 346 239 103 247 63 189 81 257 145 240 250 106 206 125 274 103 72 144 1 88 184 28 204 369 107 276 234 260 285 86 309 90 205 304 178 393 322 258 357 98 147 279 95 379 432 228 137 39 99 131 363 347 117 164 199 234 33 274 162 216 167 217 324 305 235 405 172 146 168 375 301 256 261 154 41 240 103 123 392 165 218 307 267 303 133 343 272 108 131 226 335 329 251 166 292 84 122 217 64 294 74 349 323 353 89 97 274 191 361 284 281 94 355 352 183 352 191 170 260 92 355 299 284 338 28 80 271 110 110 269 163 228 218 345 212 247 80 104 330 332 294 231 249 266 247 335 39 81 266 393 354 357 128 170 196 363 188 307 184 296 325 47 166 300 205 236 129 307 64 182 222 69 319
 307 335 193 321 209 53 282 153 292 138 354 181 253 252 82 132 69 379 85 64 264 316 268 260 102 407 137 308 269 57 317 149 208 15 230 225 275 208 89 271 159 316 37 128 89 88 1 243 64 193 334 78 272 304 321 251 13 323 175 276 298 220 436 275 205 363 113 200 335 39 425 467 171 101 100 47 80 330 380 31 174 263 198 62 307 202 238 212 286 278 328 308 434 214 82 149 330 263 233 342 179 117 322 173 138 418 231 250 323 342 332 55 309 319 80 63 196 357 288 302 215 284 57 192 159 83 323 102 333 383 374 25 141 337 247 398 236 271 49 389 345 270 332 230 105 330 178 347 319 284 372 99 134 337 180 192 316 249 215 228 391 149 218 117 162 378 378 246 316 303 291 240 346 51 92 245 435 366 342 210 217 137 387 255 365 118 329 353 75 108 327 257 216 168 280 138 225 212 156 367
 70 182 100 140 90 192 83 174 53 225 130 157 304 233 242 153 306 143 181 280 102 130 152 65 147 182 273 320 102 210 82 145 109 229 233 86 90 260 179 36 94 104 231 118 229 184 243 1 189 177 331 192 198 73 79 264 234 184 127 55 221 52 215 322 290 236 140 45 96 220 199 261 276 202 214 216 220 324 181 270 126 27 239 212 121 62 109 50 56 321 163 82 242 54 243 180 358 285 224 144 97 199 135 83 127 235 30 85 177 116 150 258 310 96 191 242 223 190 315 71 39 217 264 66 269 161 142 143 275 142 208 257 103 95 12 189 295 214 270 189 260 157 286 63 255 96 140 264 163 196 174 158 111 97 78 109 93 141 190 136 166 279 232 127 83 150 153 303 169 67 131 188 210 213 156 226 215 222 279 100 40 261 209 29 125 267 137 170 230 244 151 29 206 84 268 121 51 181 158 139
 257 308 162 258 146 19 241 149 240 156 310 120 276 254 118 69 119 330 24 92 230 280 205 218 43 363 174 324 234 76 259 86 179 55 236 163 237 226 84 215 119 273 76 73 117 28 64 189 1 186 347 82 261 246 267 263 60 299 111 217 288 176 393 298 233 345 83 149 284 68 380 430 202 112 59 72 105 342 343 94 151 208 212 28 270 159 208 166 229 300 298 248 400 170 119 147 351 278 236 279 146 66 259 113 110 387 174 213 297 281 298 107 321 274 84 104 204 328 306 254 167 276 76 133 191 46 289 62 331 330 346 71 94 282 195 359 260 264 82 352 337 207 333 188 143 272 115 339 291 270 335 36 80 281 120 129 271 186 210 206 346 186 226 72 108 332 334 269 253 253 259 231 325 24 63 246 393 344 340 147 170 170 357 198 313 158 292 320 52 140 295 208 216 125 287 77 181 205 95 321
 206 156 78 312 223 173 151 40 199 79 221 255 128 72 133 214 256 258 199 254 117 161 302 141 169 266 127 154 122 137 254 221 71 180 61 231 138 85 108 212 108 181 159 154 118 204 193 177 186 1 172 116 80 247 232 93 181 141 227 231 106 127 287 147 118 174 108 146 228 155 282 302 114 95 242 147 120 166 219 205 56 203 64 212 155 117 88 128 231 146 157 257 262 124 134 44 189 113 56 320 85 243 308 179 87 243 191 117 143 290 170 167 147 194 114 147 47 182 144 192 141 93 244 184 112 142 163 132 146 275 195 216 132 249 172 243 120 80 239 228 154 306 148 120 129 267 240 156 146 93 211 184 149 258 182 226 192 285 25 60 251 128 57 132 151 244 241 127 334 202 128 48 160 203 125 64 283 181 154 232 138 115 213 204 255 132 175 188 236 117 163 168 35 114 107 183 128 20 238 235
 335 208 241 470 392 331 275 202 336 197 320 426 90 103 256 383 385 361 364 396 240 254 469 278 337 344 211 29 243 282 397 391 226 325 114 398 261 127 264 362 278 291 298 324 246 369 334 331 347 172 1 267 137 393 364 85 324 191 398 384 122 282 350 75 142 172 276 310 350 298 355 334 174 238 405 290 255 8 281 334 226 355 138 370 254 279 224 287 381 71 225 405 290 282 256 202 46 72 117 473 252 408 465 348 258 268 352 252 200 433 248 290 26 309 265 274 144 228 52 319 299 121 390 352 184 306 248 300 81 387 229 357 303 379 323 307 106 119 381 287 114 474 64 270 236 408 411 113 214 144 277 351 319 391 351 396 308 453 150 196 335 201 123 302 321 337 331 99 497 332 226 145 185 359 290 110 344 196 85 401 296 205 250 360 369 228 263 252 393 230 240 314 138 283 66 354 281 159 408 333
 249 259 123 297 187 66 215 77 236 75 289 186 194 179 53 135 144 318 102 139 193 244 260 195 88 341 100 243 198 24 272 149 135 65 158 201 207 145 15 225 100 249 48 96 43 107 78 192 82 116 267 1 195 261 268 183 66 247 167 235 221 159 368 217 153 286 53 149 277 41 359 395 123 31 140 33 32 263 309 94 100 216 131 104 236 141 165 152 243 218 254 267 360 153 54 73 270 198 160 314 111 147 296 142 70 344 189 181 247 302 260 68 242 255 3 51 125 282 225 241 158 208 129 157 112 51 251 60 259 326 299 101 94 285 194 328 179 195 124 318 269 263 258 165 72 286 176 271 245 207 300 97 97 288 148 178 252 241 139 152 325 110 147 73 120 313 313 188 304 246 217 163 270 93 43 171 366 290 268 192 160 93 313 211 307 86 258 281 127 65 254 200 142 110 209 121 163 135 163 302
