NAME : domp260p86v8
COMMENT : (Deleplanque et al.) 
TYPE : DOMP
DIMENSION : 260
DISPLAY_DATA_TYPE: NO_DISPLAY
OPEN_FACILITIES : 86
COST_SECTION
 1 230 148 188 211 217 190 300 214 134 182 303 268 212 86 227 146 183 179 110 143 203 87 246 58 94 70 88 104 199 227 168 181 63 163 168 76 212 253 197 122 229 164 44 192 202 215 129 96 241 202 205 309 172 221 158 165 197 192 152 157 236 83 273 182 67 222 335 221 149 168 214 265 157 56 230 170 112 173 208 142 184 117 154 212 184 272 158 205 159 164 289 89 41 287 307 182 278 158 240 165 114 249 154 118 167 106 204 87 238 95 152 237 175 281 120 61 132 155 208 168 205 186 344 101 215 229 236 190 142 68 163 39 253 224 73 149 226 312 201 284 148 132 130 269 169 263 301 163 138 102 83 88 139 16 245 65 121 103 88 292 188 262 39 95 171 127 152 122 106 137 276 118 210 167 65 84 183 224 126 190 307 231 183 162 61 214 234 200 273 128 150 78 125 201 295 248 252 255 209 168 120 121 178 210 220 74 235 242 119 250 203 144 147 304 60 98 201 206 319 46 268 264 76 258 81 310 210 175 47 243 130 102 23 170 40 196 131 163 168 168 254 204 152 177 295 206 58 106 94 128 245 65 147 45 91 134 59 159 320
 230 1 255 146 372 133 329 117 283 99 319 135 168 105 163 45 336 159 56 163 161 68 283 135 223 136 162 145 247 133 113 101 150 204 113 306 262 362 24 336 213 97 258 264 64 236 23 234 144 152 105 188 174 130 154 300 161 313 221 80 178 142 170 142 368 198 180 199 74 149 68 151 96 252 198 214 304 146 116 48 305 116 231 201 182 203 77 111 286 267 342 197 148 247 161 193 251 90 158 63 166 120 56 121 161 346 298 345 171 68 137 172 197 68 148 168 250 280 162 245 345 50 137 193 237 137 144 135 93 110 218 304 210 45 178 300 345 364 128 380 96 262 337 322 143 120 110 140 156 271 281 312 171 316 223 86 289 333 185 294 82 134 206 247 165 72 325 339 334 325 98 188 236 385 267 249 312 228 205 249 238 182 11 301 253 170 214 109 259 136 251 309 299 194 143 91 157 127 99 195 183 286 211 335 371 172 223 216 28 227 21 73 292 129 201 233 143 30 222 190 223 105 54 261 111 170 140 84 372 241 214 109 314 208 98 202 316 128 340 352 261 39 82 127 313 137 245 244 311 231 310 108 292 103 233 180 279 255 331 137
 148 255 1 128 120 311 75 264 67 197 65 256 190 176 197 277 109 115 228 226 96 268 96 187 92 163 166 176 250 296 182 156 120 200 253 54 222 109 276 82 259 195 17 183 194 336 252 271 192 171 286 110 396 132 149 49 279 62 72 189 278 331 200 357 319 96 132 423 204 108 222 145 330 12 189 118 317 218 144 261 66 275 35 60 327 311 323 246 58 304 103 392 184 187 376 403 322 254 102 296 281 156 241 247 234 308 95 91 105 297 174 87 137 234 365 90 95 279 270 343 310 209 287 273 245 156 164 328 269 147 83 310 116 253 136 189 122 110 273 339 341 9 129 269 207 139 335 249 275 27 248 174 206 283 161 312 192 249 231 226 335 137 375 118 211 184 114 110 138 230 204 379 32 350 20 212 192 59 117 24 326 230 250 330 18 153 101 314 58 217 22 297 205 62 139 276 346 199 220 329 290 267 257 324 120 330 218 358 279 260 272 270 48 127 403 206 134 229 336 409 104 231 261 86 216 111 262 283 306 194 363 156 233 145 159 173 64 226 304 116 312 291 276 129 60 244 72 94 116 56 87 204 183 227 192 91 40 205 303 278
 188 146 128 1 246 244 199 137 139 136 190 131 80 50 179 181 230 15 142 200 48 184 194 64 147 130 153 149 263 234 55 55 9 206 194 181 254 234 164 206 250 69 125 232 84 310 152 269 163 54 213 43 311 25 34 176 236 178 77 111 244 260 185 275 367 126 44 338 81 40 143 26 236 121 194 72 333 184 36 170 190 211 118 69 278 278 222 187 144 306 228 322 158 224 294 325 309 127 34 201 240 106 119 193 205 349 202 214 102 204 141 46 63 155 282 71 170 299 230 318 350 98 230 159 255 31 43 255 196 70 136 329 152 132 43 256 241 230 147 384 241 136 242 314 86 35 247 126 231 151 280 254 190 319 192 221 251 309 216 274 227 14 318 182 190 88 228 231 246 293 143 311 123 393 134 240 264 86 63 132 305 121 139 339 120 148 69 234 116 94 133 324 265 81 14 149 277 74 93 285 255 294 248 353 246 274 229 312 173 259 159 188 173 49 330 227 102 127 303 327 155 104 138 173 89 109 138 202 361 225 315 91 290 170 56 186 182 180 344 241 308 185 196 45 185 120 100 165 222 131 204 77 248 167 218 99 162 239 339 152
 211 372 120 246 1 412 49 381 133 303 57 371 301 294 285 390 72 232 339 313 214 377 125 303 171 264 257 272 308 395 300 274 239 273 353 67 270 18 393 44 332 314 122 226 312 412 367 338 287 285 389 222 501 251 264 73 369 77 180 302 364 432 286 463 336 189 243 528 323 227 332 261 440 126 264 221 364 310 263 373 73 376 141 178 417 393 437 347 120 363 50 490 278 240 480 505 390 372 221 408 370 264 360 346 322 333 107 37 209 409 273 206 243 344 470 205 153 328 359 418 336 327 384 381 307 273 280 430 374 263 169 355 195 372 247 210 77 39 390 356 454 112 100 296 322 258 444 364 366 102 291 185 291 316 226 421 221 265 311 258 450 256 467 173 298 301 95 67 117 245 310 477 137 368 114 266 206 167 223 124 400 339 368 381 128 244 206 420 146 332 122 336 230 179 257 395 446 315 338 416 375 311 330 358 2 424 283 444 394 328 389 379 81 244 503 267 240 344 416 513 179 349 380 137 333 213 377 390 317 250 450 268 255 219 277 247 72 323 331 53 375 407 384 247 62 359 167 157 115 147 84 322 209 330 252 197 95 255 334 394
 217 133 311 244 412 1 378 249 360 117 368 267 290 219 133 91 357 252 104 109 234 68 297 257 242 150 156 141 175 19 232 190 244 162 60 354 208 408 140 386 131 219 321 232 169 115 113 147 127 269 32 286 93 221 264 345 62 372 306 135 80 21 134 59 288 225 286 120 196 226 102 259 76 314 164 315 208 106 209 87 340 37 280 274 53 87 101 66 358 168 371 82 135 211 72 94 140 222 239 80 65 157 188 67 101 266 316 394 208 75 140 248 304 90 66 227 264 198 70 122 263 164 32 325 166 247 259 21 50 180 244 211 220 177 284 270 362 416 260 295 99 316 347 254 269 210 63 272 61 318 215 291 131 239 204 63 255 278 123 243 126 233 76 250 123 158 340 361 338 278 109 69 284 296 328 199 282 307 306 297 122 311 143 198 316 170 309 35 337 264 299 225 260 254 247 221 36 252 228 67 77 211 130 244 411 40 168 84 116 146 141 63 334 205 93 185 179 130 98 103 236 236 186 279 239 202 272 51 299 201 82 163 263 200 189 178 374 90 259 377 157 118 54 207 363 269 329 258 320 267 334 233 263 86 194 222 320 209 249 268
 190 329 75 199 49 378 1 333 87 266 11 323 253 248 256 350 79 185 300 285 170 339 110 255 142 229 226 239 292 362 253 230 192 250 319 25 257 35 350 9 310 267 75 214 268 390 326 318 255 237 354 174 465 205 216 34 340 31 132 261 337 398 258 427 337 155 195 492 277 182 294 213 401 79 240 173 353 279 218 333 51 342 101 132 388 367 396 313 74 347 59 458 247 224 444 471 371 325 175 369 342 226 314 313 293 330 96 17 172 369 239 160 195 305 434 163 130 316 331 396 333 283 352 333 290 226 232 395 338 220 138 345 167 327 199 206 90 39 342 357 413 68 108 292 274 213 406 316 336 62 281 184 263 310 205 383 214 265 285 251 408 210 438 153 269 258 97 75 124 245 273 445 97 369 67 251 204 119 175 83 378 291 324 369 81 213 158 384 98 284 81 328 225 136 210 348 413 267 291 389 349 300 308 352 49 393 263 417 352 308 346 341 48 201 470 249 203 302 391 478 152 301 334 115 285 177 329 353 320 234 423 228 252 194 233 223 26 291 328 71 357 365 346 203 17 311 119 133 113 112 75 275 203 295 234 159 60 241 329 346
 300 117 264 137 381 249 333 1 263 191 324 23 95 93 256 160 365 150 161 264 178 184 325 80 272 214 243 230 345 249 83 133 145 294 225 316 351 367 113 339 317 74 259 341 112 350 138 338 236 100 221 161 277 140 118 312 274 309 204 162 289 257 263 250 462 248 143 298 80 167 171 121 201 256 285 173 408 246 133 164 326 231 253 205 298 317 174 221 271 373 364 308 237 327 268 299 362 28 167 175 279 190 64 230 265 442 336 348 219 180 220 181 150 176 255 198 298 380 273 359 441 104 252 80 335 109 103 249 208 158 263 407 269 73 139 372 377 361 14 477 191 272 376 413 66 138 217 32 269 287 373 376 266 411 299 197 364 416 285 378 163 129 321 304 261 134 362 367 378 404 194 300 258 483 268 336 382 216 167 268 351 84 108 408 254 245 183 223 242 54 269 409 376 215 125 35 271 67 47 310 296 382 315 436 381 287 315 332 136 330 110 189 309 159 309 321 203 128 337 293 277 34 65 304 49 223 26 199 462 325 330 172 397 278 131 283 314 232 436 377 370 139 197 154 320 33 223 292 354 263 340 61 363 208 317 222 298 339 428 22
 214 283 67 139 133 360 87 263 1 244 82 250 175 187 256 312 155 126 267 284 128 308 159 184 158 216 224 231 315 346 188 184 134 263 303 84 289 116 301 90 321 204 52 250 220 396 285 335 248 164 332 103 438 154 147 87 334 57 63 230 336 378 260 400 385 157 121 465 220 138 264 145 367 58 252 93 383 273 167 299 113 324 98 87 381 369 356 296 15 368 140 440 241 253 419 448 384 260 126 332 337 204 256 298 291 374 153 97 159 334 228 115 117 276 408 134 161 345 326 404 376 234 339 252 310 160 162 374 314 184 148 376 180 270 125 255 167 104 270 405 375 70 181 336 200 164 375 242 330 86 315 238 266 349 226 350 258 315 291 292 363 152 428 184 269 217 167 153 193 295 251 428 97 416 50 278 256 56 98 90 387 210 276 395 53 212 81 357 24 211 88 363 271 109 146 282 394 197 225 385 347 333 319 390 133 382 282 413 309 324 297 312 96 159 451 271 184 260 394 453 170 233 276 151 217 167 255 325 372 260 418 198 299 209 186 236 62 279 371 154 376 321 319 160 81 237 41 161 175 122 139 208 249 276 258 146 97 271 369 273
 134 99 197 136 303 117 266 191 244 1 256 202 198 126 67 95 255 142 46 75 119 75 198 167 139 43 65 47 155 103 141 85 134 107 60 242 165 297 121 274 128 134 205 166 83 177 82 149 47 173 90 175 200 112 162 234 101 258 191 32 111 136 74 162 274 117 179 227 116 112 35 155 139 198 100 205 219 57 102 76 232 81 166 158 143 144 141 54 242 185 266 197 50 149 180 207 180 165 125 110 105 42 131 58 76 253 215 283 95 109 40 133 198 43 169 111 164 190 96 185 252 89 97 254 145 147 161 132 73 67 137 217 121 130 178 203 263 304 204 288 155 202 251 226 185 102 142 203 96 205 186 216 76 222 126 120 191 235 95 196 160 126 186 156 71 62 242 260 246 227 9 185 171 294 213 151 215 192 196 184 173 228 102 220 201 74 197 118 222 184 186 219 201 138 142 177 151 166 154 150 121 193 125 246 303 142 127 178 109 140 119 77 223 92 208 135 65 72 168 213 136 166 142 177 162 91 209 88 276 143 181 48 217 112 85 104 260 47 247 275 183 121 81 95 251 198 214 158 225 157 231 151 195 33 135 108 210 157 239 212
 182 319 65 190 57 368 11 324 82 256 1 315 245 238 247 340 78 176 290 276 160 329 104 246 133 219 217 230 284 352 244 220 183 241 310 16 250 45 340 19 301 258 66 207 258 381 316 310 245 228 344 166 455 196 208 25 331 29 124 251 327 388 249 417 332 146 187 483 267 172 284 205 391 70 231 166 346 270 208 323 45 332 91 122 379 358 386 303 69 339 60 448 237 217 435 461 362 316 165 359 332 216 305 303 284 325 91 27 162 359 229 151 188 295 425 153 122 309 321 387 328 273 343 326 282 217 223 386 328 210 128 338 158 317 191 201 89 49 333 352 403 58 107 286 265 203 396 308 327 52 274 179 254 304 197 373 208 260 277 245 398 200 428 146 260 248 95 75 122 240 263 435 87 364 58 243 199 111 168 73 370 283 314 361 71 203 151 374 91 276 71 322 219 126 201 338 403 259 282 380 339 293 300 346 57 384 255 408 342 300 336 331 39 191 460 241 193 292 383 468 143 292 325 108 277 167 321 343 316 226 414 218 247 186 223 214 24 281 322 73 349 355 336 193 7 303 112 125 109 103 70 266 197 285 226 149 51 234 323 337
 303 135 256 131 371 267 323 23 250 202 315 1 78 93 265 178 360 144 175 275 175 201 323 70 271 221 249 238 355 266 80 136 139 302 239 307 358 357 133 329 328 75 250 345 121 365 155 349 245 88 238 150 298 138 108 304 288 298 193 172 303 276 272 271 470 248 130 319 87 164 184 112 221 248 292 159 419 257 133 181 320 247 248 198 315 332 195 236 259 385 357 328 245 333 288 320 376 46 163 194 293 196 80 244 276 450 332 338 220 199 228 176 135 191 275 196 297 390 287 374 450 115 268 60 345 101 93 268 224 162 262 417 271 91 126 375 372 350 22 485 212 264 372 420 51 137 238 11 283 280 381 377 275 419 303 217 367 421 296 384 185 125 339 305 271 142 358 362 376 408 205 320 253 492 259 343 384 205 154 262 365 62 125 420 245 250 170 242 231 40 263 418 380 211 119 57 290 58 50 327 310 391 326 446 371 305 324 349 156 341 130 206 302 159 330 328 207 142 353 314 278 37 84 302 46 225 8 217 469 331 348 178 402 282 134 289 303 244 444 371 383 159 215 154 311 14 210 291 351 260 335 59 366 221 323 222 292 346 437 24
 268 168 190 80 301 290 253 95 175 198 245 78 1 74 251 210 298 88 188 268 127 224 269 34 225 202 228 221 338 284 59 115 88 282 249 239 332 286 176 258 320 72 182 311 123 373 182 340 233 28 259 81 341 98 48 237 296 226 122 168 307 303 257 308 445 205 60 365 96 119 193 55 262 181 270 84 407 251 101 206 256 263 190 137 332 339 240 244 185 378 292 362 230 302 327 359 376 102 113 230 300 177 118 251 272 427 275 266 181 234 212 122 60 203 314 150 248 374 292 381 428 127 283 84 329 55 40 296 242 139 215 404 231 133 56 336 310 277 99 462 259 198 314 393 31 104 276 69 291 216 358 333 262 396 271 252 331 388 286 353 237 82 365 261 260 139 299 299 320 372 203 352 194 470 190 318 343 135 79 201 369 42 158 412 178 225 96 272 157 42 201 400 344 156 68 123 319 42 73 341 316 371 318 429 301 325 304 367 194 331 172 229 237 124 366 304 178 161 363 357 234 74 133 249 61 188 82 242 440 303 368 159 369 249 115 263 231 243 422 306 378 202 238 119 241 65 137 243 296 206 274 61 327 225 296 179 228 318 416 100
 212 105 176 50 294 219 248 93 187 126 238 93 74 1 182 145 274 64 116 198 86 154 233 42 180 135 162 153 271 212 17 47 57 216 176 228 270 282 119 254 250 21 173 254 51 300 115 271 163 51 188 87 276 47 50 224 223 226 125 96 235 233 189 242 383 156 76 302 34 74 121 47 199 170 206 110 339 180 41 138 236 190 162 117 259 267 181 171 193 308 274 293 162 243 261 293 305 79 76 165 228 110 70 178 201 364 244 263 129 169 144 90 93 131 248 105 206 307 219 309 364 59 211 135 262 32 41 227 171 73 171 336 179 84 73 283 285 279 105 399 200 183 284 332 61 46 211 90 218 197 294 285 193 333 213 187 276 331 217 294 183 39 294 213 191 66 270 276 286 317 131 283 167 406 182 256 293 134 101 177 297 104 97 342 168 162 112 203 165 63 179 334 289 123 42 101 250 43 47 269 244 306 248 363 294 253 239 294 133 261 115 159 220 67 299 241 116 92 290 292 186 60 90 211 48 133 100 172 380 242 296 91 312 192 46 201 230 171 358 287 307 143 168 62 233 84 147 200 261 171 248 35 275 153 235 131 208 257 351 111
 86 163 197 179 285 133 256 256 256 67 247 265 251 182 1 151 226 180 109 30 146 123 166 222 116 50 33 31 91 114 198 137 174 42 79 232 100 283 184 264 72 194 209 107 145 142 145 91 21 224 117 211 225 156 209 223 85 256 214 95 82 152 8 188 208 103 220 251 178 145 97 202 182 202 37 240 158 28 150 132 213 99 164 176 134 115 192 74 251 128 241 207 22 88 203 224 134 230 158 160 87 75 197 69 38 187 185 271 98 157 39 160 239 100 196 129 134 126 76 149 187 153 103 315 81 197 212 152 107 112 119 155 91 196 221 145 231 294 268 222 203 200 215 160 242 148 179 265 82 197 120 163 13 156 73 162 132 171 38 132 214 172 183 118 15 123 209 231 206 164 66 194 166 229 216 86 158 211 231 179 133 285 167 162 206 45 228 150 236 243 181 154 140 149 188 242 165 224 216 134 94 128 70 182 284 140 61 162 169 81 183 122 210 131 221 70 80 138 140 235 107 229 208 150 223 90 272 128 210 81 168 92 153 69 138 47 256 47 181 247 131 180 122 135 241 260 235 129 189 146 205 211 138 67 72 111 197 93 173 277
 227 45 277 181 390 91 350 160 312 95 340 178 210 145 151 1 347 192 52 142 186 32 291 178 231 137 158 140 226 93 155 130 183 191 85 327 247 383 50 357 187 139 282 256 98 199 30 207 134 193 65 223 133 161 193 319 128 337 252 90 146 99 156 99 346 208 218 159 115 176 61 189 56 276 187 251 276 128 148 20 321 80 250 228 142 167 48 85 314 238 356 153 140 237 118 150 218 133 187 22 132 129 100 94 139 324 308 366 183 25 134 199 236 53 105 188 257 256 130 207 323 87 100 237 216 175 184 91 57 131 228 277 215 88 216 294 355 386 170 357 65 284 345 304 186 151 68 184 124 290 263 309 156 294 218 43 281 319 164 281 66 168 162 251 148 97 335 351 340 313 91 144 255 361 291 234 306 257 241 268 203 226 55 271 277 168 248 65 289 180 270 285 290 216 179 131 113 170 143 155 149 265 185 309 390 130 206 174 27 202 52 36 310 154 157 219 153 55 184 149 229 149 96 270 155 180 183 43 353 230 172 123 302 206 128 194 340 108 318 366 230 33 43 154 334 181 277 251 318 245 322 151 286 85 222 195 296 242 308 178
 146 336 109 230 72 357 79 365 155 255 78 360 298 274 226 347 1 217 296 254 189 330 61 292 118 214 202 218 240 339 283 244 222 209 300 72 201 80 358 82 266 294 120 157 280 346 327 270 231 277 337 218 448 228 255 69 309 105 180 260 302 377 226 410 266 140 239 475 298 201 287 250 394 119 201 226 294 252 237 329 44 322 113 163 357 329 394 294 141 294 24 432 223 172 426 449 323 352 199 364 310 220 334 291 262 262 42 83 166 363 221 185 245 298 418 173 94 258 299 351 265 296 328 380 240 260 269 376 323 227 120 284 138 344 243 139 14 101 376 286 409 102 31 225 313 232 395 354 307 83 221 114 231 245 162 374 150 194 248 187 410 237 407 110 238 265 24 6 48 174 261 420 108 298 115 197 135 167 225 99 333 338 333 311 124 189 209 369 157 322 98 265 159 152 242 373 390 303 320 354 313 240 265 287 71 365 217 381 355 261 355 331 63 214 446 199 196 307 351 459 122 332 353 80 318 168 366 341 247 182 388 228 184 159 247 185 101 268 260 23 306 368 335 218 77 349 176 100 45 107 27 305 138 279 185 156 71 186 263 381
 183 159 115 15 232 252 185 150 126 142 176 144 88 64 180 192 217 1 151 203 41 193 183 75 139 131 152 150 262 241 69 64 10 205 200 167 251 220 177 192 251 83 111 226 96 314 163 270 165 63 222 35 322 32 41 163 241 164 63 118 248 269 186 285 363 119 42 348 95 36 151 35 247 108 193 65 333 187 45 180 177 219 106 56 284 282 234 194 130 306 215 331 160 219 304 335 311 141 26 212 245 109 133 199 208 346 191 200 97 215 143 35 60 164 292 64 161 297 235 322 347 110 237 169 254 43 53 263 204 75 128 328 146 146 43 249 229 216 160 381 252 122 230 310 97 43 257 137 236 138 277 246 191 316 188 232 245 303 217 269 239 27 325 174 191 98 216 219 235 287 149 319 111 389 120 237 257 72 55 120 308 129 152 339 106 146 58 243 103 106 120 322 258 70 26 163 285 86 107 291 259 292 249 350 232 281 227 318 185 259 172 197 160 51 339 225 102 138 307 337 147 118 152 163 102 104 150 211 356 221 321 95 284 166 66 183 168 185 341 228 309 197 205 48 171 132 87 156 211 120 192 91 241 173 215 93 149 236 336 165
 179 56 228 142 339 104 300 161 267 46 290 175 188 116 109 52 296 151 1 108 139 43 240 155 180 87 110 92 193 97 129 89 143 150 65 276 207 332 77 307 159 118 234 211 66 192 37 180 90 166 73 184 173 120 161 268 114 288 209 39 129 120 115 135 313 157 183 200 95 130 13 155 103 227 143 213 251 92 107 35 269 76 200 181 145 158 99 62 267 215 305 181 94 193 154 185 202 134 142 70 119 77 98 70 107 291 257 316 132 71 85 153 201 17 143 139 206 226 113 200 290 64 97 231 182 144 155 114 56 84 177 250 164 94 181 248 304 336 173 326 115 234 294 267 169 109 110 178 109 240 226 261 116 261 171 85 236 278 130 240 116 130 179 200 110 55 283 300 289 271 44 170 204 330 242 194 260 212 204 218 191 212 61 249 229 119 209 93 243 166 220 255 245 167 144 141 136 151 131 155 136 231 157 281 339 138 168 180 64 173 75 47 259 108 189 178 101 34 179 187 178 141 104 219 141 129 182 61 317 187 181 73 260 157 87 148 291 74 285 314 210 76 55 109 284 174 233 200 267 194 270 133 240 49 179 144 245 200 276 182
 110 163 226 200 313 109 285 264 284 75 276 275 268 198 30 142 254 203 108 1 171 112 193 238 144 73 61 55 86 91 213 154 197 55 62 261 106 311 182 293 54 208 238 124 156 114 142 75 39 243 99 234 201 177 229 252 57 285 241 105 53 128 29 166 206 132 243 227 190 169 97 222 166 231 56 264 145 19 170 125 242 79 193 203 105 86 180 60 279 111 269 180 45 104 180 198 110 238 182 149 58 95 203 52 9 184 212 300 126 145 61 185 261 96 174 155 162 119 47 122 183 162 78 328 75 216 230 129 92 132 148 144 120 200 242 163 258 323 277 218 188 229 241 162 258 168 161 276 54 226 121 183 24 154 96 147 148 179 23 141 203 192 155 145 17 135 235 258 231 175 71 167 195 223 245 95 175 238 255 208 107 301 168 146 235 74 253 130 264 257 210 148 154 177 208 247 139 239 227 105 65 124 52 174 313 112 65 133 164 67 181 110 239 153 195 80 105 141 111 210 136 239 211 177 235 118 282 113 212 95 139 111 162 96 155 71 285 36 178 275 111 174 108 157 270 272 262 157 214 175 232 225 156 61 87 139 226 104 169 285
 143 161 96 48 214 234 170 178 128 119 160 175 127 86 146 186 189 41 139 171 1 181 148 110 100 99 117 117 225 221 97 61 40 168 178 148 212 204 181 177 217 106 98 187 99 284 160 235 133 101 205 66 311 40 79 142 215 153 73 102 220 252 152 273 323 80 80 338 111 13 136 73 240 93 156 95 296 157 50 172 152 199 77 43 260 254 231 171 129 271 190 314 127 180 292 321 279 164 15 206 218 80 148 175 177 307 159 186 58 208 111 16 97 149 281 24 124 260 208 292 308 115 215 206 217 77 90 247 187 57 90 290 106 159 81 210 200 204 189 341 249 103 199 271 133 45 248 170 210 115 239 207 158 277 149 223 205 263 184 230 241 51 304 135 159 91 185 191 201 247 126 302 82 350 107 199 218 74 87 94 277 167 156 303 93 109 83 230 105 140 95 284 219 38 61 185 268 119 132 265 231 253 215 312 214 259 190 293 185 224 177 185 137 33 324 186 67 135 279 325 108 145 167 128 131 65 182 198 317 182 297 72 244 127 64 145 156 158 302 202 275 198 192 34 155 165 97 119 177 86 163 118 202 151 176 53 124 197 297 195
 203 68 268 184 377 68 339 184 308 75 329 201 224 154 123 32 330 193 43 112 181 1 272 191 213 117 134 116 195 66 166 130 185 162 53 315 218 370 80 346 156 153 274 229 104 170 47 176 108 204 38 226 131 162 200 307 97 328 251 80 115 80 128 93 315 191 224 158 129 172 46 196 65 268 159 255 245 99 149 21 306 50 239 223 115 137 70 54 308 206 340 140 115 210 112 143 187 157 184 38 101 114 121 63 108 293 289 355 168 36 111 195 242 34 101 179 238 225 99 178 291 98 71 259 185 183 194 74 26 125 211 246 194 112 222 267 337 376 195 326 82 273 325 273 203 151 69 205 93 278 232 284 127 264 193 46 254 290 133 252 92 171 142 229 119 97 316 334 319 285 69 130 243 329 283 205 280 254 245 256 172 244 77 240 269 146 250 51 285 198 258 254 262 207 185 158 96 185 161 128 118 234 154 278 376 105 176 149 57 171 80 6 297 150 147 190 138 64 155 145 210 170 121 251 173 165 207 19 322 202 148 113 273 182 128 168 331 78 287 349 199 64 15 151 323 202 275 232 298 231 305 166 260 57 194 181 283 214 277 204
 87 283 96 194 125 297 110 325 159 198 104 323 269 233 166 291 61 183 240 193 148 272 1 257 61 156 142 159 185 279 244 197 185 149 240 91 149 127 306 117 208 252 112 105 231 288 273 214 172 245 278 192 388 187 223 82 249 125 162 205 242 317 166 351 231 85 213 415 253 159 231 217 336 107 142 207 244 192 194 272 60 262 81 134 297 270 338 234 147 240 78 372 163 116 367 389 266 309 161 307 250 164 287 232 202 222 20 122 114 306 162 149 223 240 359 129 35 207 239 294 225 246 268 351 184 224 235 316 264 177 66 235 79 295 216 99 67 144 336 251 352 91 55 184 279 189 337 318 246 74 172 80 171 201 103 316 105 159 189 142 355 198 347 50 178 214 45 66 54 139 203 359 78 262 111 143 99 150 204 76 276 310 281 260 113 129 190 310 152 287 77 219 117 114 207 329 330 266 279 295 254 191 207 243 124 304 159 321 301 204 302 273 69 169 386 143 141 254 293 399 63 292 305 23 278 114 329 282 216 127 329 174 145 99 200 125 123 209 220 82 251 313 276 173 100 312 166 41 30 64 42 266 95 219 128 106 64 133 220 343
 246 135 187 64 303 257 255 80 184 167 246 70 34 42 222 178 292 75 155 238 110 191 257 1 209 174 201 193 311 251 27 86 72 255 217 238 307 289 145 261 291 39 181 289 90 341 149 311 204 22 226 82 309 76 39 235 264 230 125 137 275 270 229 276 420 187 64 333 64 100 160 43 230 179 244 96 379 221 75 173 251 230 180 130 299 307 209 211 192 348 288 329 202 279 295 327 345 79 97 197 268 149 88 219 241 402 265 269 161 202 184 109 73 170 282 132 233 346 260 349 402 94 251 98 301 34 24 263 209 112 198 376 212 104 60 316 303 282 88 437 228 195 305 369 24 79 244 63 259 211 333 316 234 371 248 220 310 366 257 330 207 61 332 243 231 107 290 293 309 351 172 319 185 445 190 293 325 137 89 194 338 64 126 383 176 199 104 239 163 31 194 373 323 144 51 101 286 14 46 309 285 344 289 402 302 292 278 334 162 302 141 196 233 100 334 279 153 128 331 325 216 51 105 236 35 166 76 209 417 279 335 131 347 227 85 238 235 212 396 302 348 171 205 95 242 58 144 227 285 194 267 31 308 193 272 160 223 294 390 92
 58 223 92 147 171 242 142 272 158 139 133 271 225 180 116 231 118 139 180 144 100 213 61 209 1 97 87 103 159 225 193 141 139 111 184 118 132 168 246 150 170 199 107 96 173 249 213 181 117 200 221 156 332 135 178 109 200 145 137 145 196 262 117 295 235 26 174 360 197 109 171 172 277 100 100 178 227 140 140 213 99 207 61 101 248 226 278 178 149 213 129 320 108 97 311 335 233 254 114 247 201 105 230 177 153 222 78 157 55 247 104 105 188 181 302 77 28 189 190 256 223 188 215 305 155 176 189 261 207 119 12 219 26 237 177 113 125 179 284 255 293 92 115 184 231 135 279 267 196 85 159 108 123 195 70 257 111 170 145 141 295 149 298 36 129 155 104 122 112 152 145 307 61 265 111 122 119 128 172 70 238 266 222 239 105 74 162 253 143 238 72 207 124 73 160 273 276 217 226 248 208 177 169 235 170 254 127 276 241 170 243 214 96 114 333 115 81 194 251 344 13 239 247 40 226 54 279 224 226 104 282 115 152 55 144 83 144 154 218 137 221 254 218 119 128 262 150 22 89 37 93 214 105 162 101 50 83 115 215 290
 94 136 163 130 264 150 229 214 216 43 219 221 202 135 50 137 214 131 87 73 99 117 156 174 97 1 29 20 137 134 151 89 125 82 91 205 137 259 159 237 121 149 173 130 104 186 122 140 35 176 126 163 238 107 160 196 119 224 169 58 122 170 57 200 250 76 172 265 136 97 77 153 181 166 72 192 206 59 102 118 192 114 131 133 166 156 183 85 213 177 225 230 30 115 217 242 181 191 110 152 122 27 159 85 79 230 174 245 59 151 13 113 190 85 207 85 122 173 111 194 230 115 125 269 128 149 163 167 111 64 96 202 79 162 172 166 221 267 227 266 197 167 209 199 195 99 182 220 115 168 161 176 62 199 89 161 155 204 87 165 201 123 213 115 61 82 200 218 204 193 48 217 135 273 180 123 177 167 183 148 179 237 138 211 169 34 181 157 195 197 150 200 166 108 139 205 185 177 172 170 134 172 119 228 263 168 104 198 150 130 156 118 185 82 242 108 33 108 181 250 94 185 173 136 178 53 228 128 249 112 203 45 184 72 90 70 225 65 224 233 179 162 122 86 214 215 191 116 183 118 189 166 157 67 104 73 171 126 217 235
 70 162 166 153 257 156 226 243 224 65 217 249 228 162 33 158 202 152 110 61 117 134 142 201 87 29 1 19 112 139 178 116 148 55 99 202 109 254 185 234 102 177 178 103 132 173 146 119 31 201 137 182 247 131 184 193 115 225 183 86 113 176 37 210 222 72 193 274 164 117 99 177 197 170 44 211 182 54 127 139 185 121 132 145 163 146 203 93 219 156 215 234 22 87 226 249 164 219 129 171 117 54 187 91 69 203 161 242 66 169 26 130 211 106 218 98 108 147 106 181 203 143 128 296 103 174 188 175 124 90 90 177 64 189 194 139 207 264 255 238 215 169 193 171 222 124 197 248 111 166 133 152 43 171 62 177 128 175 69 137 223 147 213 96 46 110 185 206 186 165 68 221 135 245 184 95 151 179 203 148 165 264 164 188 174 14 198 169 204 224 150 174 138 118 163 233 190 204 200 165 125 145 100 202 256 168 78 193 173 108 182 135 180 105 247 80 52 134 171 258 81 213 200 123 206 58 257 143 221 83 199 73 156 49 118 42 225 68 197 222 159 185 137 110 211 243 203 103 166 115 179 193 131 80 75 79 167 98 190 263
 88 145 176 149 272 141 239 230 231 47 230 238 221 153 31 140 218 150 92 55 117 116 159 193 103 20 19 1 119 124 169 108 144 66 83 215 122 268 167 247 102 166 187 120 119 168 129 121 18 194 120 181 231 126 179 206 104 236 187 70 105 161 38 193 234 85 190 258 151 116 81 172 179 180 56 211 188 43 120 121 200 105 143 149 152 139 185 77 227 158 231 220 11 103 210 234 163 205 128 153 107 45 172 75 62 214 177 255 73 151 10 131 209 87 201 101 125 155 96 176 213 128 114 286 110 167 182 159 106 82 104 184 81 174 191 157 224 277 242 249 197 180 211 184 213 118 179 237 100 179 145 170 43 182 80 159 145 191 68 152 204 142 200 114 43 97 202 223 204 181 50 207 146 256 194 108 169 184 202 159 161 256 147 192 183 31 199 152 211 215 161 182 155 124 158 218 175 195 189 155 117 154 100 211 271 156 87 183 155 111 165 117 194 101 232 92 51 117 164 242 97 201 185 140 195 66 245 125 234 98 188 63 172 67 108 58 237 53 208 238 160 167 119 105 224 232 208 119 184 128 195 183 149 62 90 87 181 112 200 251
 104 247 250 263 308 175 292 345 315 155 284 355 338 271 91 226 240 262 193 86 225 195 185 311 159 137 112 119 1 158 287 226 258 58 143 270 43 311 267 299 45 284 265 85 235 113 227 36 111 311 175 290 261 242 295 261 114 300 285 184 96 191 84 232 122 160 303 284 268 227 181 287 243 258 70 318 72 102 238 209 243 155 218 247 146 107 260 142 307 56 260 227 111 70 241 251 85 320 238 230 111 163 285 134 88 100 203 305 169 226 128 237 320 181 238 204 163 37 106 116 99 243 145 404 11 284 299 194 173 200 168 67 136 284 303 113 240 327 358 134 266 250 219 81 331 235 234 355 115 241 41 140 80 70 90 225 99 105 64 73 285 258 192 140 85 213 218 245 204 108 153 216 219 139 269 43 124 279 310 228 99 374 252 81 263 117 304 204 299 333 230 65 97 217 273 330 197 313 306 138 103 40 46 92 307 161 36 158 248 31 265 193 247 216 244 45 162 224 123 266 147 318 295 178 313 161 362 193 128 60 167 181 92 107 227 82 299 121 94 261 67 257 189 220 280 350 302 161 196 195 226 301 110 145 60 179 237 55 85 366
 199 133 296 234 395 19 362 249 346 103 352 266 284 212 114 93 339 241 97 91 221 66 279 251 225 134 139 124 158 1 226 181 233 144 44 338 190 391 143 370 114 214 306 213 162 107 112 131 109 262 29 275 111 210 255 329 45 357 293 124 64 39 116 77 273 208 276 138 191 214 93 250 89 299 146 305 194 88 199 86 323 24 264 260 50 77 111 51 344 155 353 97 118 193 90 111 129 221 227 87 49 143 186 50 83 250 298 378 192 81 124 235 295 82 84 213 246 182 53 115 248 159 14 324 149 239 251 39 43 168 227 197 202 177 275 251 344 400 260 280 112 301 329 237 265 200 78 270 44 301 198 272 112 223 185 73 236 261 105 225 136 223 85 232 104 149 322 344 319 260 96 84 268 282 313 180 264 294 295 281 112 307 142 186 301 152 298 48 324 260 283 209 241 239 237 223 52 247 225 63 62 195 113 230 394 42 150 85 119 129 144 61 317 193 109 167 164 126 91 121 219 234 186 261 236 186 271 52 283 183 85 150 246 182 179 159 358 72 244 360 145 123 52 195 347 266 317 241 302 251 317 228 244 71 176 206 304 191 233 269
 227 113 182 55 300 232 253 83 188 141 244 80 59 17 198 155 283 69 129 213 97 166 244 27 193 151 178 169 287 226 1 63 63 232 191 235 285 287 125 259 266 18 179 269 64 315 126 287 179 40 201 86 286 59 45 231 238 231 127 111 250 245 205 252 398 170 72 311 41 86 135 44 208 176 221 106 355 196 55 149 244 204 171 124 273 282 188 186 195 323 282 305 177 258 271 304 320 73 85 174 243 125 72 193 216 379 254 268 142 179 160 99 87 145 259 117 218 323 234 324 380 69 225 119 278 30 32 239 184 89 183 352 193 87 69 298 295 283 94 415 208 190 294 347 45 59 221 76 233 205 310 299 209 348 228 197 291 346 232 309 189 47 307 227 207 81 280 285 297 332 147 295 176 422 188 271 307 137 98 186 313 88 104 358 174 177 111 215 167 48 187 350 304 133 44 96 262 27 39 283 259 321 264 378 300 267 254 308 140 277 121 171 227 81 310 256 132 104 305 302 199 50 90 223 35 147 87 184 396 257 309 107 327 206 61 216 235 187 374 295 323 150 180 76 239 70 148 213 273 182 258 23 289 167 250 144 216 272 367 100
 168 101 156 55 274 190 230 133 184 85 220 136 115 47 137 130 244 64 89 154 61 130 197 86 141 89 116 108 226 181 63 1 55 171 141 208 224 264 122 237 206 63 158 209 39 261 102 226 119 89 160 97 259 32 78 202 185 213 123 58 195 207 144 222 337 116 97 286 57 49 89 71 185 152 160 126 294 137 20 118 209 158 135 101 225 228 174 135 186 264 247 269 116 198 242 272 263 114 58 151 189 64 91 141 158 318 210 246 87 153 99 72 116 101 230 72 167 261 180 269 318 55 177 181 216 63 77 201 142 27 133 291 137 101 95 240 254 264 146 353 192 163 250 286 107 22 195 134 180 174 249 244 148 287 168 170 232 286 172 249 182 43 264 172 146 35 237 247 250 272 92 257 140 361 167 210 249 128 116 152 257 149 96 298 152 116 121 181 160 109 154 289 244 96 58 133 223 89 88 233 205 260 204 317 273 221 193 260 126 217 117 135 195 31 277 195 71 77 252 274 145 102 110 175 92 90 144 148 335 196 262 46 266 147 4 155 216 131 312 259 264 139 143 28 214 129 147 162 226 139 218 79 231 115 189 92 182 211 306 153
 181 150 120 9 239 244 192 145 134 134 183 139 88 57 174 183 222 10 143 197 40 185 185 72 139 125 148 144 258 233 63 55 1 201 193 173 248 226 168 198 246 76 118 224 88 307 155 264 159 62 214 42 313 24 41 169 234 171 72 110 242 261 181 277 360 118 47 340 87 33 143 34 238 114 189 72 328 181 37 172 182 211 110 62 276 275 225 186 138 301 220 323 154 217 296 327 305 134 26 204 238 102 125 192 201 343 194 207 95 206 137 38 66 155 284 63 162 293 228 316 344 101 229 167 249 39 51 255 196 68 128 323 145 138 47 249 233 223 155 378 244 128 234 308 95 35 249 134 229 143 274 246 186 313 186 224 244 302 212 267 231 19 317 174 186 89 220 223 238 286 141 311 115 386 127 234 256 80 63 124 302 128 143 334 112 142 67 235 111 102 125 318 257 73 22 157 277 82 101 283 252 288 243 347 239 273 223 311 177 254 164 189 165 45 331 221 97 130 300 328 147 112 145 165 97 102 146 202 354 218 314 88 282 164 57 180 175 178 338 233 304 189 197 41 178 128 96 157 213 123 196 85 241 166 212 92 154 233 332 161
 63 204 200 206 273 162 250 294 263 107 241 302 282 216 42 191 209 205 150 55 168 162 149 255 111 82 55 66 58 144 232 171 201 1 115 227 59 273 226 257 61 230 214 71 183 141 186 72 61 255 152 233 254 185 238 217 106 254 230 134 95 181 36 220 169 107 246 279 216 170 138 231 219 207 13 261 129 64 182 172 203 133 167 191 151 121 231 111 256 106 226 230 59 50 232 250 123 270 181 199 106 108 236 105 62 149 168 264 113 196 75 180 263 141 227 148 121 93 96 147 149 193 131 350 50 228 243 182 144 145 118 124 86 237 247 109 211 287 307 184 240 201 193 120 276 179 214 302 104 194 80 130 36 118 48 200 95 130 42 91 254 202 201 101 44 161 189 214 181 124 107 217 169 191 219 45 121 224 254 179 129 318 208 137 212 60 248 184 246 278 181 119 101 162 217 282 191 258 253 147 106 90 59 148 272 161 23 173 210 61 224 161 203 159 245 29 105 179 144 262 100 266 248 137 259 105 309 165 170 41 181 126 112 57 172 28 254 85 143 230 113 221 160 164 236 297 248 118 167 146 190 247 102 107 34 123 192 52 136 315
 163 113 253 194 353 60 319 225 303 60 310 239 249 176 79 85 300 200 65 62 178 53 240 217 184 91 99 83 143 44 191 141 193 115 1 295 167 349 129 327 103 181 262 183 128 127 92 124 69 226 40 234 149 170 217 286 50 314 250 84 66 80 82 112 263 166 236 176 159 172 58 211 105 255 113 264 193 52 159 69 281 24 221 217 85 94 119 8 300 155 313 140 78 164 128 152 139 198 185 88 55 100 162 11 57 241 258 335 149 84 82 193 255 50 120 170 206 173 49 136 239 128 38 296 133 201 214 77 31 126 185 194 162 156 235 222 305 357 237 274 127 257 291 222 232 160 101 243 45 259 181 241 80 211 151 86 208 240 82 202 143 183 127 194 72 112 283 304 283 236 53 127 225 277 270 156 234 251 254 238 127 275 121 189 258 112 256 72 280 229 240 202 215 196 198 203 94 214 195 93 72 182 102 226 353 82 126 120 108 119 129 51 275 151 152 141 120 98 115 161 178 205 166 221 205 143 246 52 270 155 122 108 223 145 140 125 315 33 234 320 149 116 48 154 304 239 274 201 264 208 276 196 215 28 147 163 261 165 225 246
 168 306 54 181 67 354 25 316 84 242 16 307 239 228 232 327 72 167 276 261 148 315 91 238 118 205 202 215 270 338 235 208 173 227 295 1 237 57 328 33 286 248 58 193 246 366 303 296 231 221 330 159 441 185 200 10 316 36 118 238 313 374 234 403 320 131 180 468 257 161 270 196 378 60 217 162 333 255 197 310 34 318 77 112 364 344 373 289 70 325 58 433 222 203 420 446 348 306 154 345 318 202 294 289 269 312 79 41 148 346 215 140 183 282 410 140 108 295 306 373 315 262 328 320 267 208 215 371 314 198 114 324 143 306 184 189 85 63 325 340 390 46 100 274 258 192 383 300 312 38 261 168 240 291 182 359 195 248 262 232 386 190 414 131 245 235 86 71 114 228 249 421 73 352 50 229 188 105 163 59 355 278 302 347 63 189 146 360 89 268 57 308 207 113 192 329 388 251 272 365 325 280 285 333 67 369 241 393 329 285 324 317 25 179 446 226 179 280 368 454 128 283 314 93 268 153 313 329 304 212 399 204 235 171 211 200 33 267 310 72 335 342 322 181 10 295 109 110 98 88 61 257 185 271 212 135 36 220 310 329
 76 262 222 254 270 208 257 351 289 165 250 358 332 270 100 247 201 251 207 106 212 218 149 307 132 137 109 122 43 190 285 224 248 59 167 237 1 274 283 264 82 285 238 45 240 155 243 77 119 305 203 276 297 235 287 227 147 268 265 191 132 225 93 265 114 139 291 320 272 216 196 279 271 231 67 302 97 119 233 229 208 183 192 227 185 147 285 165 279 94 222 266 116 36 276 289 126 326 226 254 145 162 294 157 112 96 166 270 155 250 131 222 307 198 272 190 131 60 138 158 97 250 177 403 47 278 293 227 198 198 143 89 113 294 292 72 200 291 363 131 293 222 178 63 329 230 264 357 147 210 28 99 92 66 66 252 57 74 87 36 309 251 232 107 100 218 179 206 164 71 165 254 192 139 241 15 83 258 295 200 140 370 266 112 237 109 287 233 274 332 202 76 56 198 265 340 232 311 309 177 140 45 82 103 270 198 42 198 267 71 281 216 213 209 282 31 155 236 164 303 120 322 306 144 314 147 365 219 113 31 207 181 57 87 225 70 267 140 91 222 107 278 214 214 246 351 280 130 157 168 188 301 68 164 37 162 204 18 86 371
 212 362 109 234 18 408 35 367 116 297 45 357 286 282 283 383 80 220 332 311 204 370 127 289 168 259 254 268 311 391 287 264 226 273 349 57 274 1 384 29 332 301 110 230 302 413 359 340 283 270 384 208 496 240 250 65 367 61 166 294 362 428 284 457 345 184 229 523 311 216 326 247 434 114 264 205 369 307 252 366 71 372 133 166 415 392 429 343 104 366 57 487 275 243 475 500 392 359 209 401 368 258 349 342 320 340 110 21 203 402 268 195 228 337 465 196 153 333 357 419 344 317 381 365 310 260 266 425 368 254 166 360 193 361 233 217 87 23 376 365 446 102 110 303 307 247 438 350 364 93 296 192 289 323 227 415 227 273 310 264 442 244 465 174 296 292 102 75 126 253 304 474 129 377 101 269 213 153 208 115 401 323 358 385 115 241 191 414 130 318 113 342 237 169 244 382 442 302 325 415 374 316 331 365 19 421 285 443 386 330 380 373 75 234 499 269 234 336 416 508 177 336 369 137 320 208 363 384 326 253 449 260 263 219 267 247 56 320 339 64 377 398 378 237 50 345 151 157 122 142 87 309 215 325 254 190 89 259 341 380
 253 24 276 164 393 140 350 113 301 121 340 133 176 119 184 50 358 177 77 182 181 80 306 145 246 159 185 167 267 143 125 122 168 226 129 328 283 384 1 357 230 108 278 286 84 248 41 251 166 163 114 204 168 149 168 321 175 333 239 103 193 146 191 139 387 221 195 191 86 170 89 165 90 273 219 229 321 166 136 61 327 128 253 222 191 216 66 128 305 283 364 196 170 269 157 189 265 87 178 63 180 143 59 137 180 366 321 366 193 69 159 192 210 87 144 190 273 299 177 256 364 68 149 191 256 151 156 138 105 133 241 322 233 44 192 323 367 385 123 399 85 283 360 342 149 140 106 139 171 293 301 335 192 335 246 86 311 354 204 316 65 151 210 270 185 94 348 362 357 346 120 189 258 404 287 270 334 246 220 271 251 185 27 317 273 193 230 112 278 141 273 328 321 216 159 83 160 135 104 204 197 306 228 353 393 179 243 223 25 245 5 84 314 150 198 254 166 53 233 184 246 108 49 284 117 193 137 92 392 263 221 132 336 230 118 224 337 147 359 375 277 28 92 148 335 137 263 267 334 253 332 116 315 122 255 203 301 276 350 131
 197 336 82 206 44 386 9 339 90 274 19 329 258 254 264 357 82 192 307 293 177 346 117 261 150 237 234 247 299 370 259 237 198 257 327 33 264 29 357 1 317 273 82 220 275 397 333 326 263 242 362 180 473 212 222 42 348 34 137 269 344 406 265 434 343 163 200 500 284 189 301 219 409 86 248 177 360 287 224 341 58 350 109 139 396 375 404 321 77 354 61 465 254 231 452 478 378 331 182 376 349 234 321 321 301 336 102 10 180 377 247 167 200 313 442 170 138 323 338 403 339 290 360 338 297 232 238 403 345 228 146 351 175 333 204 212 92 31 348 363 421 75 112 298 279 220 414 321 344 70 287 189 271 316 212 391 220 270 293 257 416 216 446 160 277 265 101 78 128 250 281 453 104 374 73 258 210 125 180 91 386 295 331 375 87 221 163 391 102 290 89 334 231 143 216 354 420 273 297 397 356 307 316 358 44 401 271 424 359 315 353 349 55 208 478 256 210 310 399 485 159 307 341 122 291 185 335 360 325 241 431 235 258 202 240 231 29 299 334 72 364 372 354 210 24 317 123 141 118 120 80 281 209 302 241 166 68 248 335 352
