NAME : domp180p90v8
COMMENT : (Deleplanque et al.) 
TYPE : DOMP
DIMENSION : 180
DISPLAY_DATA_TYPE: NO_DISPLAY
OPEN_FACILITIES : 90
COST_SECTION
 1 222 298 187 174 330 219 370 127 88 366 391 84 301 382 226 372 124 159 251 360 323 130 115 321 115 164 118 312 173 57 361 374 57 391 97 238 262 143 248 253 79 108 195 423 274 364 292 84 230 133 221 289 238 345 149 228 392 184 261 93 200 243 239 349 294 339 320 364 186 97 236 351 59 311 298 288 268 155 33 270 67 122 72 93 151 136 349 212 181 162 168 255 79 88 183 42 156 225 43 123 239 230 122 90 366 213 297 235 77 84 109 203 71 154 290 220 227 189 145 319 155 129 49 168 264 112 192 289 246 330 168 228 319 329 279 138 64 125 250 276 206 69 68 28 204 124 13 112 146 121 213 200 44 277 185 272 66 20 199 188 87 313 223 20 232 281 254 247 246 366 393 234 262 78 295 171 165 364 210
 222 1 77 187 159 278 148 149 229 137 246 172 160 102 332 99 153 311 116 65 164 127 106 112 198 159 233 275 185 167 206 142 313 268 172 127 149 218 254 77 34 172 234 30 205 232 145 132 142 226 298 234 261 147 126 262 97 206 119 51 167 66 173 125 282 226 123 120 166 39 125 151 215 210 160 157 276 64 99 217 108 271 306 205 294 94 137 319 273 253 70 133 121 161 135 54 181 103 95 202 159 54 127 159 192 201 90 80 237 192 296 184 139 229 95 71 26 74 181 78 235 105 94 189 266 115 124 258 105 180 312 111 24 186 284 60 137 268 183 37 226 168 269 155 218 201 323 211 159 286 317 197 36 183 254 116 135 164 239 24 154 291 102 76 231 101 147 82 202 68 203 173 136 118 194 186 51 238 321 151
 298 77 1 240 215 299 189 73 296 213 242 97 234 73 348 136 78 384 179 81 120 93 179 188 200 228 294 346 188 224 281 68 327 344 98 203 182 251 320 98 46 246 304 105 131 263 71 129 218 271 369 282 293 180 53 328 132 165 174 52 239 121 207 155 296 249 57 82 119 114 202 186 207 284 155 160 312 58 166 293 115 347 380 278 369 164 204 344 329 313 143 191 141 236 211 123 257 170 132 278 227 84 162 227 264 176 135 29 282 266 372 254 185 303 164 17 84 111 234 154 249 172 170 265 330 129 198 316 93 214 341 172 76 186 307 25 204 343 250 55 255 214 344 232 294 251 397 287 229 354 391 244 104 260 288 171 147 240 315 100 206 366 51 115 307 134 156 98 239 91 178 98 171 133 267 199 128 299 341 196
 187 187 240 1 30 432 294 303 286 169 424 330 113 197 487 264 314 310 77 161 348 312 114 128 374 78 313 299 361 279 221 279 472 243 333 137 305 75 309 146 201 112 275 163 364 376 282 314 171 350 317 348 401 304 290 317 111 392 252 236 98 124 324 98 442 382 250 304 350 157 156 306 396 133 342 336 410 185 98 210 146 253 308 231 279 203 72 465 364 334 130 57 118 198 151 196 160 217 110 146 70 236 87 71 237 386 250 221 358 227 266 246 57 245 103 225 206 130 298 161 399 90 154 198 332 293 112 343 290 330 451 78 172 364 434 235 232 250 256 222 374 33 256 161 206 319 309 185 81 324 307 323 197 151 391 251 310 184 205 170 35 273 223 126 179 269 130 149 344 250 388 330 295 128 229 356 162 316 473 292
 174 159 215 30 1 404 266 281 264 145 395 307 94 178 459 236 290 296 48 138 321 285 87 101 345 60 289 281 333 252 202 258 444 230 310 113 277 93 288 125 175 96 255 135 342 349 261 286 148 323 300 322 374 275 266 296 90 365 224 209 82 97 295 83 414 354 230 278 323 128 131 278 367 124 313 308 383 163 69 194 130 240 293 211 266 175 47 437 340 311 101 29 104 175 128 167 143 189 89 133 52 208 72 53 215 358 221 198 332 206 255 222 40 227 74 201 178 107 271 133 370 62 126 179 310 264 87 320 262 302 424 50 146 336 406 209 205 237 232 195 346 33 242 140 190 293 297 170 63 305 294 296 169 135 364 223 282 163 192 142 17 260 202 102 168 240 121 128 317 222 360 307 266 113 208 327 133 293 445 264
 330 278 299 432 404 1 139 328 216 277 102 327 341 365 57 180 315 310 357 341 231 225 319 307 110 367 179 266 119 163 276 350 44 329 319 303 131 484 217 354 293 351 239 287 336 58 351 173 277 102 278 116 47 134 301 218 372 218 181 255 358 333 110 399 27 53 353 234 236 289 284 130 125 369 153 143 60 332 337 300 385 322 306 261 325 230 362 46 156 174 307 378 398 261 293 244 316 216 369 350 373 230 399 372 241 174 191 324 101 254 344 222 400 272 331 309 253 350 144 271 54 344 279 284 200 172 325 166 209 103 53 358 302 124 11 279 208 320 207 261 59 425 315 295 306 128 333 321 365 248 326 119 250 327 57 182 153 278 333 281 406 327 349 351 350 179 424 360 89 217 172 331 144 395 254 102 277 181 44 141
 219 148 189 294 266 139 1 239 141 148 149 249 210 244 195 54 232 245 219 212 176 148 182 171 104 232 122 200 96 56 172 251 179 237 244 170 22 346 159 223 169 221 160 151 271 87 254 96 149 83 220 95 115 22 210 164 236 193 43 138 226 197 31 263 149 89 245 152 181 152 152 18 134 245 103 88 130 207 199 194 254 233 241 160 246 93 225 176 145 136 169 240 264 141 162 106 194 80 234 227 238 108 262 237 138 157 59 208 94 148 259 119 262 179 193 194 123 216 54 134 108 205 143 171 159 74 189 136 117 37 166 220 171 103 142 165 82 230 106 140 82 287 228 169 199 65 265 207 231 196 258 57 116 203 107 44 69 157 227 146 268 246 234 216 236 56 292 229 56 99 157 252 24 262 149 77 139 127 181 12
 370 149 73 303 281 328 239 1 360 285 251 28 306 112 369 189 18 452 248 143 107 104 251 260 220 298 353 413 210 283 351 35 347 414 33 275 228 302 383 158 118 317 370 177 62 302 34 158 289 319 435 333 331 226 30 390 193 145 233 114 311 190 251 211 319 282 60 95 104 186 273 232 216 356 175 186 351 119 236 363 164 417 448 347 438 232 274 373 383 371 215 258 193 306 283 192 329 236 193 350 297 144 220 297 331 174 192 83 330 334 442 320 247 371 235 83 153 175 289 226 275 242 242 335 390 169 270 373 126 257 374 241 147 205 336 92 269 414 315 123 293 275 414 303 365 303 466 359 300 418 460 295 173 331 328 230 183 311 386 172 269 436 83 179 379 185 200 155 282 146 176 28 218 184 336 228 199 359 367 248
 127 229 296 286 264 216 141 360 1 122 274 375 175 328 264 177 356 105 229 282 314 282 187 169 237 209 39 60 232 86 73 363 258 115 371 153 161 356 27 286 260 179 24 213 401 164 366 235 118 115 80 101 171 162 331 35 282 333 129 247 191 243 154 302 238 190 348 284 319 208 137 157 268 179 244 229 167 290 215 95 316 107 101 59 111 136 219 228 85 55 201 246 312 90 138 176 131 127 279 159 217 217 296 216 50 297 170 306 116 60 129 47 280 60 211 294 214 270 92 164 217 219 157 92 47 210 180 65 249 154 207 236 246 240 212 272 93 105 47 241 169 294 100 126 101 96 126 121 206 60 120 109 195 142 160 132 209 103 124 213 274 113 329 268 146 182 342 293 144 215 297 378 163 315 59 209 189 39 244 131
 88 137 213 169 145 277 148 285 122 1 295 305 66 225 332 144 286 179 109 176 274 236 67 49 246 95 145 151 236 116 73 278 320 131 305 33 165 236 147 176 170 75 116 113 337 220 281 209 5 186 173 182 241 164 259 155 165 307 108 175 83 130 176 183 292 233 257 234 278 105 17 164 275 98 230 219 247 190 96 81 203 136 176 76 159 67 99 304 196 167 88 126 195 33 19 96 51 74 162 82 102 152 177 101 73 284 129 215 193 67 160 78 160 99 91 207 134 157 136 60 254 98 46 53 167 181 60 176 204 181 289 115 147 242 277 193 70 132 88 164 219 174 134 23 81 156 189 76 93 169 184 161 113 58 230 108 192 29 103 116 154 155 234 155 100 150 224 183 189 159 285 307 158 200 69 222 88 149 315 142
 366 246 242 424 395 102 149 251 274 295 1 244 354 313 125 161 236 377 348 302 146 153 318 311 51 372 243 331 64 197 317 278 103 380 236 313 130 463 283 317 250 365 296 264 247 120 279 117 296 168 348 185 133 131 229 286 342 123 188 208 369 309 125 370 82 89 288 164 150 269 297 132 36 392 89 90 153 287 327 341 344 375 373 304 384 233 360 142 237 246 295 368 363 289 307 230 341 223 341 375 376 194 373 376 283 81 176 269 172 294 400 263 382 322 322 254 223 319 185 268 62 335 281 318 273 133 329 240 152 123 153 347 268 61 112 226 230 373 249 219 112 410 369 316 345 179 398 355 371 319 392 166 228 351 139 187 115 305 374 257 394 385 291 321 384 156 387 321 131 179 79 248 137 359 294 73 263 247 128 157
 391 172 97 330 307 327 249 28 375 305 244 1 329 139 365 201 20 469 274 170 99 106 275 283 218 324 366 429 209 295 370 59 343 434 10 298 236 329 397 184 142 341 386 200 35 306 58 162 310 327 451 341 334 234 47 404 220 131 247 133 335 216 257 238 316 283 87 99 95 209 295 240 211 380 175 187 354 146 261 384 191 437 465 365 457 250 299 372 393 382 239 285 220 325 305 212 351 253 220 373 322 160 247 322 349 165 206 110 337 352 462 336 274 389 259 109 173 202 300 247 274 267 264 355 403 177 294 384 133 264 375 266 171 204 335 113 285 433 330 142 296 302 433 325 385 313 484 380 325 433 478 304 193 354 332 244 188 331 408 195 296 455 110 206 401 197 227 182 288 160 167 5 227 211 354 229 222 371 364 258
 84 160 234 113 94 341 210 306 175 66 354 329 1 225 397 197 311 204 76 176 315 277 56 50 305 36 204 188 293 181 109 292 384 140 330 42 226 185 198 170 188 13 164 131 363 284 295 259 66 250 207 246 306 225 284 205 147 353 168 206 18 124 239 156 356 296 267 272 318 122 59 225 332 51 283 273 311 196 76 100 189 149 201 120 175 122 53 369 255 225 92 85 173 90 49 136 50 132 144 49 44 192 147 43 126 335 182 227 258 116 167 137 121 134 75 224 166 148 200 93 317 74 77 86 221 233 37 234 247 244 353 85 160 299 342 218 135 146 150 193 284 126 150 51 97 220 207 78 33 212 203 226 148 42 295 168 246 74 103 137 107 170 241 144 83 203 198 176 253 202 336 331 218 180 117 282 112 207 380 205
 301 102 73 197 178 365 244 112 328 225 313 139 225 1 415 192 126 403 155 50 190 165 173 187 270 208 333 371 257 268 297 84 395 353 144 205 241 191 353 57 76 235 331 116 172 324 86 199 229 324 394 333 354 239 109 361 89 235 219 111 225 102 266 102 364 313 55 154 189 122 210 244 279 273 225 229 371 39 150 303 53 358 399 298 383 194 182 408 374 354 140 160 83 253 217 154 260 204 90 272 205 138 111 205 288 248 186 46 335 287 381 282 141 321 150 60 123 78 281 168 316 153 180 277 367 194 191 359 163 273 404 146 83 256 371 89 237 355 283 106 317 167 357 238 303 300 413 292 210 384 408 296 137 259 348 216 213 253 319 116 165 378 30 82 305 191 90 52 297 150 250 138 229 73 288 266 141 339 408 249
 382 332 348 487 459 57 195 369 264 332 125 365 397 415 1 234 355 351 413 394 267 267 375 363 151 423 226 310 162 217 327 394 23 377 357 358 186 539 261 408 345 406 287 341 371 113 395 219 332 153 319 164 95 188 344 261 426 247 236 305 413 388 165 453 52 108 399 277 272 344 340 185 156 423 196 189 98 384 393 351 438 369 348 312 369 286 418 42 194 217 362 433 451 315 348 299 370 272 424 403 429 282 454 428 293 204 246 373 149 306 390 274 455 321 387 358 307 404 198 327 100 399 335 337 242 223 380 208 256 159 64 414 355 165 56 328 263 368 259 312 115 480 362 350 357 180 374 373 421 288 368 172 305 381 106 237 203 332 383 336 462 373 397 405 402 232 478 413 145 269 202 369 198 449 305 150 332 227 21 197
 226 99 136 264 236 180 54 189 177 144 161 201 197 192 234 1 183 277 188 163 140 106 158 152 111 213 166 234 99 95 188 199 216 255 197 156 51 309 198 175 117 209 191 109 226 134 201 67 147 136 256 147 164 49 160 205 193 167 50 85 211 155 75 220 185 128 192 108 145 112 142 54 136 240 87 77 181 156 168 208 206 255 273 179 271 78 200 221 195 183 136 209 218 149 153 70 194 72 191 225 216 55 221 216 160 141 16 155 147 167 281 144 225 202 163 141 74 171 101 109 138 175 122 181 203 39 170 184 73 83 214 188 122 103 185 112 95 251 135 87 128 252 250 166 211 116 294 214 212 235 288 109 72 201 158 47 50 161 238 103 235 270 181 172 241 7 245 181 106 46 142 204 39 216 168 93 104 171 223 61
 372 153 78 314 290 315 232 18 356 286 236 20 311 126 355 183 1 450 256 153 91 92 256 264 207 305 348 410 197 278 351 51 333 415 21 279 220 316 379 168 124 323 368 181 53 291 51 147 291 311 433 325 320 218 28 386 204 128 229 114 317 198 242 223 306 270 76 84 88 190 276 224 202 361 163 174 340 129 243 364 177 418 446 346 438 231 281 360 376 365 220 267 206 306 286 193 332 234 204 354 304 142 232 304 330 158 188 93 321 334 443 317 258 371 241 91 154 185 283 228 262 249 244 336 385 161 275 366 117 248 363 249 153 192 324 94 267 414 312 123 282 286 414 306 366 296 465 361 307 415 459 287 174 335 318 226 173 312 389 176 280 436 97 189 382 179 214 167 273 142 160 22 210 197 335 216 203 354 353 241
 124 311 384 310 296 310 245 452 105 179 377 469 204 403 351 277 450 1 276 355 415 382 240 222 341 237 135 47 336 190 107 451 350 71 467 204 266 385 95 354 343 201 87 289 498 263 453 338 175 213 33 196 264 266 424 93 341 437 228 338 215 307 258 355 334 291 432 383 420 282 195 262 373 181 348 333 255 367 268 106 381 59 5 107 36 221 256 312 158 137 266 287 370 151 190 261 156 217 338 166 245 310 347 244 121 402 268 389 211 119 58 135 323 83 265 380 301 335 196 236 318 269 224 128 111 311 225 145 348 258 290 284 323 345 305 361 185 62 143 331 269 328 56 170 108 199 24 127 234 64 18 211 281 163 254 231 312 152 107 291 310 43 410 332 134 283 397 361 246 311 401 472 267 375 117 314 264 132 331 235
 159 116 179 77 48 357 219 248 229 109 348 274 76 155 413 188 256 276 1 109 279 242 44 61 298 54 251 254 285 209 174 230 397 214 276 77 230 132 254 99 136 84 223 90 308 303 233 239 112 279 275 279 328 228 231 262 73 321 178 166 72 59 249 81 367 307 203 235 281 82 93 230 320 121 267 261 338 132 22 171 116 223 272 181 249 129 28 391 301 273 54 22 98 141 93 120 121 143 70 123 50 162 73 51 181 313 174 166 288 173 242 185 52 200 27 166 132 78 227 87 323 15 82 151 275 217 52 281 218 255 379 10 106 289 360 170 162 219 194 152 300 70 223 109 169 249 280 152 56 275 276 251 122 116 319 176 235 131 178 97 51 243 175 74 158 193 123 105 271 176 314 275 219 105 175 280 86 255 399 217
 251 65 81 161 138 341 212 143 282 176 302 170 176 50 394 163 153 355 109 1 197 165 123 137 255 162 291 324 242 229 249 122 375 303 173 156 213 172 308 18 53 186 285 71 204 296 125 186 181 290 346 297 325 210 130 316 52 242 181 95 177 53 237 75 343 289 94 156 197 76 161 215 269 225 214 214 341 25 101 254 45 309 351 250 334 150 136 383 334 312 91 117 64 205 168 113 210 161 52 223 159 113 82 159 241 247 154 61 301 239 332 237 106 273 101 66 90 33 243 121 296 105 132 228 323 174 142 318 153 244 376 101 42 242 347 83 194 306 238 84 290 134 308 189 254 264 364 242 163 338 359 261 99 209 318 179 194 204 270 72 127 329 67 37 256 164 86 20 266 127 248 170 200 58 241 247 95 296 384 215
 360 164 120 348 321 231 176 107 314 274 146 99 315 190 267 140 91 415 279 197 1 39 265 266 122 320 297 372 115 229 326 137 245 393 91 277 158 368 333 214 149 327 329 192 106 216 137 80 277 245 393 261 243 157 89 339 246 46 188 114 325 226 176 271 219 191 152 45 6 200 268 163 113 363 83 98 264 175 261 344 233 393 411 318 410 209 300 276 315 310 231 295 258 285 279 181 323 207 246 351 321 124 277 321 299 68 151 146 254 305 419 282 296 341 258 135 151 223 229 224 178 268 240 317 333 105 282 309 71 181 281 274 177 108 240 116 233 390 273 128 206 326 388 296 347 237 433 348 320 370 427 226 168 329 242 186 108 295 373 185 315 409 163 227 373 134 275 215 204 116 70 103 153 251 306 137 205 302 267 186
 323 127 93 312 285 225 148 104 282 236 153 106 277 165 267 106 92 382 242 165 39 1 227 228 117 282 268 339 107 199 290 128 245 357 100 239 133 335 303 182 115 289 297 154 124 201 129 57 240 223 361 238 229 131 78 309 213 80 155 77 287 190 153 239 217 179 136 12 42 162 230 137 118 325 72 83 250 145 224 308 204 358 378 283 375 173 262 270 291 283 194 259 227 248 241 143 286 171 212 314 283 86 244 283 264 84 116 120 233 270 384 249 261 306 220 107 113 190 201 186 172 231 202 280 305 75 244 283 35 159 272 237 141 103 233 83 199 354 240 91 192 291 353 258 311 211 399 311 282 340 393 201 130 291 227 152 84 258 336 147 279 374 140 193 336 101 246 184 184 78 86 110 125 221 271 125 167 274 264 158
 130 106 179 114 87 319 182 251 187 67 318 275 56 173 375 158 256 240 44 123 265 227 1 19 267 57 208 215 256 167 136 238 360 183 276 37 195 174 212 119 134 67 182 77 309 264 241 215 70 238 236 237 288 193 230 220 102 304 140 154 62 72 212 118 330 270 213 221 268 68 51 195 292 106 241 233 297 142 30 136 143 190 236 141 215 90 44 352 258 230 37 63 131 99 52 91 89 104 99 101 60 142 111 60 139 290 143 173 247 132 211 143 95 161 26 169 115 99 186 50 288 33 41 113 232 190 20 238 198 218 338 50 105 260 321 164 120 186 151 140 261 112 190 71 134 207 246 121 57 235 242 210 99 87 278 139 206 91 148 83 92 210 187 95 134 163 159 126 232 154 292 276 184 137 134 248 61 212 360 179
 115 112 188 128 101 307 171 260 169 49 311 283 50 187 363 152 264 222 61 137 266 228 19 1 261 62 191 197 249 152 118 249 349 167 283 20 185 191 194 134 142 62 164 84 316 251 251 212 52 223 219 222 275 184 237 202 120 304 129 158 61 87 201 136 319 259 225 224 269 75 33 185 287 99 237 228 283 154 48 119 159 174 219 123 199 80 57 339 241 213 48 80 149 81 34 88 74 93 117 91 67 143 129 67 121 288 137 183 232 114 196 125 112 144 44 178 117 114 171 45 278 51 31 96 215 186 19 221 198 207 325 68 115 254 309 171 105 170 133 145 249 129 173 54 118 193 230 106 61 216 225 196 100 74 265 128 201 73 134 89 109 194 199 111 121 158 177 141 219 153 289 284 176 154 116 240 64 195 348 168
 321 198 200 374 345 110 104 220 237 246 51 218 305 270 151 111 207 341 298 255 122 117 267 261 1 322 210 296 14 156 274 244 129 338 210 263 84 414 250 270 203 316 258 214 227 101 245 72 248 141 314 159 124 84 195 254 294 115 140 162 319 260 84 321 100 72 250 127 127 219 248 86 32 343 47 42 146 241 277 297 298 335 337 262 345 184 310 155 213 217 245 317 316 243 258 179 294 174 292 327 326 145 324 326 240 71 126 226 148 251 360 221 332 281 272 211 174 270 146 218 57 284 231 273 243 84 279 213 108 85 160 296 219 16 119 182 184 332 207 171 92 360 329 268 301 145 362 310 321 286 356 132 178 303 126 139 65 258 329 208 344 346 250 272 338 106 340 274 100 131 70 222 89 312 251 29 213 214 148 113
 115 159 228 78 60 367 232 298 209 95 372 324 36 208 423 213 305 237 54 162 320 282 57 62 322 1 237 223 310 209 144 282 409 172 325 65 247 150 232 152 183 37 198 130 358 310 284 271 97 279 242 276 333 245 279 240 125 360 190 208 23 110 262 129 380 320 255 276 322 121 84 246 348 69 296 288 340 183 63 135 168 181 234 154 207 141 27 397 288 258 90 56 147 122 77 147 84 154 123 76 9 198 119 8 160 346 198 217 287 150 197 170 90 169 65 216 170 131 228 105 339 58 92 121 255 246 44 268 254 268 382 63 153 315 368 216 162 178 182 194 309 92 183 85 131 249 238 111 4 247 235 254 155 76 323 190 261 108 134 137 74 201 228 127 111 218 171 158 279 210 348 324 237 156 152 301 117 240 407 228
 164 233 294 313 289 179 122 353 39 145 243 366 204 333 226 166 348 135 251 291 297 268 208 191 210 237 1 90 206 72 109 360 221 153 362 177 141 380 41 297 262 209 62 221 390 129 363 218 143 79 106 64 134 141 324 45 297 312 122 243 221 257 128 319 202 157 348 272 302 218 159 136 241 214 222 207 129 295 235 132 328 145 131 94 147 142 244 189 52 23 217 269 327 116 163 180 164 131 294 194 245 212 315 244 80 274 162 307 79 92 166 68 302 98 230 295 214 283 69 177 184 239 174 125 38 194 204 32 236 126 169 257 252 215 175 270 98 143 58 240 135 318 137 154 138 66 157 157 235 78 151 79 198 175 123 125 190 131 162 220 298 149 331 281 184 170 357 304 113 208 273 369 145 329 91 182 199 6 206 112
 118 275 346 299 281 266 200 413 60 151 331 429 188 371 310 234 410 47 254 324 372 339 215 197 296 223 90 1 291 145 81 413 307 80 426 179 220 372 50 325 307 188 44 256 456 218 416 294 147 168 24 152 221 221 385 50 315 392 185 299 202 279 213 332 290 246 396 341 376 249 167 217 327 176 303 288 213 334 244 90 353 68 43 75 61 183 238 272 118 94 237 268 345 120 164 224 140 178 312 158 231 270 325 230 84 356 226 354 167 86 83 94 304 55 240 343 263 307 151 204 273 246 194 104 70 268 203 103 306 212 250 262 290 299 262 323 145 68 100 292 224 313 61 146 95 153 68 117 220 30 62 166 243 149 210 188 267 125 106 257 294 65 375 304 133 239 373 332 201 270 356 432 222 349 84 268 231 87 290 190
 312 185 188 361 333 119 96 210 232 236 64 209 293 257 162 99 197 336 285 242 115 107 256 249 14 310 206 291 1 149 266 233 140 331 202 252 75 401 246 257 191 305 252 202 220 104 235 60 238 140 309 158 129 76 184 250 281 113 130 149 308 247 79 309 111 77 238 117 120 207 237 78 40 333 36 29 150 229 265 289 285 328 332 254 339 173 298 164 213 214 232 305 303 234 248 167 284 163 279 317 314 132 311 314 233 70 114 214 148 243 353 214 319 274 260 199 161 258 141 206 66 272 219 264 240 71 267 211 96 81 167 284 207 9 127 170 175 325 200 159 94 347 322 258 293 141 357 301 310 283 350 129 166 293 129 129 52 249 321 195 331 340 238 260 329 94 327 261 99 118 69 213 79 299 244 26 201 211 158 105
 173 167 224 279 252 163 56 283 86 116 197 295 181 268 217 95 278 190 209 229 229 199 167 152 156 209 72 145 149 1 121 290 206 184 291 145 77 339 105 237 195 190 104 161 320 105 293 150 116 72 165 72 126 77 254 111 242 248 52 173 198 201 74 267 179 122 279 202 234 159 126 73 187 207 159 144 132 230 190 145 268 180 186 108 191 84 208 189 107 90 165 229 272 99 133 117 154 71 239 188 216 142 264 215 87 213 91 239 81 98 205 67 257 126 184 226 147 225 20 126 147 196 128 125 108 125 169 93 166 75 174 212 188 157 162 200 48 177 52 171 106 278 174 134 150 41 210 162 207 142 203 46 132 165 115 55 124 117 178 158 258 191 264 224 191 100 301 243 76 138 213 298 78 273 98 128 141 77 200 46
 57 206 281 221 202 276 172 351 73 73 317 370 109 297 327 188 351 107 174 249 326 290 136 118 274 144 109 81 266 121 1 347 319 68 368 99 192 293 92 249 239 111 57 183 400 220 350 253 69 175 102 165 234 191 324 99 236 354 142 238 124 202 193 252 296 241 328 290 330 176 89 189 305 107 269 255 233 261 164 25 275 68 103 16 89 121 158 294 157 127 160 188 266 46 85 159 62 121 233 87 152 212 245 151 36 324 176 285 179 24 94 56 224 27 161 276 199 229 136 131 267 166 118 24 117 226 123 137 257 196 274 182 218 273 274 259 95 65 71 229 223 233 65 66 31 150 117 49 141 104 112 160 178 72 222 144 231 46 58 186 214 86 305 227 76 194 294 256 194 215 325 372 189 271 24 247 158 110 309 162
 361 142 68 279 258 350 251 35 363 278 278 59 292 84 394 199 51 451 230 122 137 128 238 249 244 282 360 413 233 290 347 1 372 409 66 265 242 273 387 135 109 304 371 168 90 320 4 178 283 333 436 345 350 240 51 395 169 177 240 118 296 172 266 185 343 302 30 118 134 176 266 246 243 343 198 207 369 99 220 358 136 412 446 345 435 231 256 395 393 379 202 238 166 302 274 190 320 237 170 338 279 149 194 280 331 203 200 66 344 332 437 321 223 369 219 72 151 154 299 219 297 225 234 330 396 185 257 381 143 273 395 222 135 229 358 92 271 409 317 122 311 250 410 295 358 314 463 351 283 421 458 307 171 321 346 237 201 305 379 164 246 432 57 158 369 196 170 131 298 154 205 57 231 156 334 249 192 366 390 259
 374 313 327 472 444 44 179 347 258 320 103 343 384 395 23 216 333 350 397 375 245 245 360 349 129 409 221 307 140 206 319 372 1 372 335 345 169 523 258 388 325 393 282 323 348 102 373 198 320 145 318 158 88 171 323 259 408 225 221 285 400 370 149 435 32 91 378 255 250 326 327 168 134 412 175 168 96 364 377 344 418 364 347 304 366 271 403 51 194 215 346 418 433 304 336 282 359 257 406 393 415 263 436 414 285 182 228 352 143 297 386 265 439 315 371 337 288 385 188 312 80 383 320 328 240 203 366 206 235 143 70 398 336 144 47 307 250 363 250 293 101 464 357 338 349 171 373 364 407 287 367 162 287 370 99 222 183 321 376 318 446 369 376 387 393 213 459 393 132 249 180 347 181 430 297 130 315 223 30 182
 57 268 344 243 230 329 237 414 115 131 380 434 140 353 377 255 415 71 214 303 393 357 183 167 338 172 153 80 331 184 68 409 372 1 433 149 257 317 121 301 300 136 92 243 465 276 411 320 127 228 88 215 285 257 389 123 283 421 209 303 149 253 256 294 351 300 387 356 398 235 144 254 370 111 336 322 281 319 210 52 325 13 69 78 37 187 193 341 192 164 214 224 310 111 137 224 96 188 280 98 179 278 286 178 99 391 244 345 230 90 29 119 260 60 208 337 263 280 196 191 327 210 176 80 144 293 166 174 324 258 320 223 277 339 326 323 162 12 132 293 280 262 19 116 51 206 68 64 169 109 65 218 242 100 274 211 298 104 39 246 245 31 363 277 65 262 337 308 253 282 391 437 255 317 89 311 218 152 358 227
 391 172 98 333 310 319 244 33 371 305 236 10 330 144 357 197 21 467 276 173 91 100 276 283 210 325 362 426 202 291 368 66 335 433 1 298 230 334 394 188 143 342 383 201 34 299 65 156 309 321 448 336 327 229 47 401 223 122 244 131 336 218 252 242 308 276 93 93 87 210 294 235 203 381 168 181 348 149 263 382 196 435 463 363 455 248 301 365 388 378 239 287 225 323 304 210 351 250 224 373 324 158 251 324 346 157 203 113 332 350 461 333 278 387 261 111 172 205 296 247 266 269 263 354 399 172 295 379 128 258 368 269 173 196 328 113 283 432 327 142 290 306 432 324 384 308 482 380 326 430 476 299 192 354 325 241 183 330 407 195 299 453 115 209 401 192 232 186 282 157 159 14 222 216 352 222 222 367 356 254
 97 127 203 137 113 303 170 275 153 33 313 298 42 205 358 156 279 204 77 156 277 239 37 20 263 65 177 179 252 145 99 265 345 149 298 1 185 204 178 153 158 54 147 99 331 246 268 219 36 215 200 212 269 184 252 186 138 313 127 171 57 106 199 154 316 256 242 235 280 91 20 184 290 87 242 232 276 172 66 100 178 155 200 105 180 80 67 332 228 199 66 94 167 65 16 97 56 92 135 77 72 153 147 71 105 295 141 201 223 97 177 111 128 125 63 195 130 133 164 54 277 68 38 77 199 192 27 208 208 204 317 84 132 257 304 186 97 151 120 159 245 142 154 35 99 185 211 88 64 199 206 189 111 57 258 128 205 55 115 104 122 175 217 130 104 162 196 160 215 163 296 300 177 173 99 241 78 181 342 165
 238 149 182 305 277 131 22 228 161 165 130 236 226 241 186 51 220 266 230 213 158 133 195 185 84 247 141 220 75 77 192 242 169 257 230 185 1 355 178 225 167 237 180 156 256 84 244 79 167 92 240 106 114 3 199 183 241 173 59 133 242 203 26 268 138 79 238 138 164 159 168 5 114 263 83 68 131 206 209 214 256 254 261 180 266 107 238 171 159 153 178 250 267 160 179 114 212 95 239 246 252 104 269 251 159 137 61 203 103 169 280 140 271 200 204 188 124 220 72 146 94 216 156 191 177 60 203 152 104 33 164 230 172 83 136 159 101 251 127 136 78 296 248 187 219 80 286 227 246 215 279 70 120 222 108 59 51 176 247 151 278 266 229 220 256 51 295 230 58 93 137 239 14 266 169 58 147 146 174 32
 262 218 251 75 93 484 346 302 356 236 463 329 185 191 539 309 316 385 132 172 368 335 174 191 414 150 380 372 401 339 293 273 523 317 334 204 355 1 380 155 222 185 347 201 362 431 275 349 239 410 391 410 458 352 296 387 124 413 306 262 171 155 375 98 492 433 244 326 368 197 222 356 433 207 377 374 468 194 151 284 140 327 382 303 353 259 138 520 430 402 179 112 111 267 219 242 233 273 125 220 142 271 93 143 306 415 296 227 419 297 340 314 85 318 156 235 241 147 358 216 446 145 212 270 402 331 178 411 320 382 508 128 198 403 487 253 293 324 323 249 427 63 330 231 280 380 384 259 153 396 381 382 238 225 448 304 350 255 279 208 83 347 220 145 253 312 105 154 399 285 417 328 343 120 299 400 208 384 526 345
 143 254 320 309 288 217 159 383 27 147 283 397 198 353 261 198 379 95 254 308 333 303 212 194 250 232 41 50 246 105 92 387 258 121 394 178 178 380 1 312 285 201 36 239 423 169 390 254 143 119 65 103 172 179 354 9 308 350 151 271 214 269 167 328 240 197 373 305 338 234 162 174 281 198 260 245 164 315 241 111 342 111 91 80 109 161 243 223 73 45 227 271 338 115 163 201 152 152 305 178 240 240 322 239 75 312 192 331 118 83 130 73 305 73 236 319 238 296 107 190 225 244 183 113 26 229 204 55 270 166 202 261 271 254 212 296 118 110 72 266 175 319 104 150 117 106 117 138 230 38 111 119 220 163 161 154 227 126 137 238 299 112 354 294 162 203 367 319 153 238 312 400 181 341 82 222 215 38 241 148
 248 77 98 146 125 354 223 158 286 176 317 184 170 57 408 175 168 354 99 18 214 182 119 134 270 152 297 325 257 237 249 135 388 301 188 153 225 155 312 1 69 179 287 77 219 308 137 201 181 300 347 306 337 223 146 320 36 259 191 111 169 48 249 58 357 302 106 172 214 80 161 227 285 218 229 229 352 41 95 252 33 307 351 251 332 156 126 395 341 319 90 105 47 206 166 122 207 168 37 217 149 127 65 149 243 263 166 76 310 240 329 240 90 274 96 82 102 22 252 123 310 97 132 227 328 188 137 324 169 256 388 90 54 258 360 99 200 304 243 100 302 119 306 187 252 273 363 239 155 340 358 270 109 205 329 188 208 203 266 80 113 327 79 26 251 177 71 8 278 141 265 184 212 43 242 261 99 302 397 226
 253 34 46 201 175 293 169 118 260 170 250 142 188 76 345 117 124 343 136 53 149 115 134 142 203 183 262 307 191 195 239 109 325 300 143 158 167 222 285 69 1 200 266 60 176 250 112 133 174 250 330 259 280 165 97 293 99 193 145 43 194 79 191 125 294 241 90 106 150 68 158 170 217 239 161 162 297 40 121 249 96 304 339 237 327 126 160 336 301 282 97 150 116 194 166 85 212 134 98 232 183 64 130 183 224 195 111 47 261 225 328 216 148 261 119 38 49 76 207 111 246 128 126 222 297 123 153 287 101 199 330 130 31 191 299 35 168 300 214 33 243 178 302 187 250 226 355 243 184 318 350 221 66 214 274 142 143 197 271 55 167 323 70 79 262 117 138 72 222 77 197 143 154 110 227 196 83 267 336 174
 79 172 246 112 96 351 221 317 179 75 365 341 13 235 406 209 323 201 84 186 327 289 67 62 316 37 209 188 305 190 111 304 393 136 342 54 237 185 201 179 200 1 166 143 375 293 306 271 75 258 206 253 314 236 296 208 155 365 179 219 15 134 249 162 366 306 278 285 331 134 70 236 343 40 295 285 319 206 86 99 198 145 198 122 171 133 59 378 260 230 104 90 180 96 60 149 50 144 153 41 45 204 153 44 131 347 194 238 265 119 161 143 126 135 86 235 178 158 209 105 327 83 89 89 224 245 48 240 259 254 361 93 171 310 351 230 144 142 156 206 293 128 147 58 95 228 202 75 34 213 199 235 161 40 303 179 258 79 98 149 110 165 252 154 76 215 205 185 263 214 348 342 229 187 121 293 125 212 389 215
 108 234 304 275 255 239 160 370 24 116 296 386 164 331 287 191 368 87 223 285 329 297 182 164 258 198 62 44 252 104 57 371 282 92 383 147 180 347 36 287 266 166 1 216 414 187 374 252 113 138 66 124 194 180 342 43 280 351 143 257 179 243 174 299 261 212 355 298 334 210 132 176 289 163 262 247 190 294 211 76 316 84 83 45 89 142 210 250 105 75 200 239 310 84 132 183 117 136 277 143 206 227 292 205 45 316 183 312 139 51 107 52 274 39 207 302 221 270 112 165 240 214 156 78 61 225 173 86 263 174 230 230 250 260 235 281 102 82 58 250 192 286 77 117 82 118 106 103 195 54 100 131 202 128 183 145 226 94 103 217 266 91 335 268 127 197 339 294 166 227 316 389 181 314 49 230 191 61 267 149
 195 30 105 163 135 287 151 177 213 113 264 200 131 116 341 109 181 289 90 71 192 154 77 84 214 130 221 256 202 161 183 168 323 243 201 99 156 201 239 77 60 143 216 1 233 237 170 152 117 225 278 230 265 154 154 246 86 233 116 79 138 48 178 113 292 235 146 148 194 10 99 158 235 181 180 175 279 79 71 192 109 247 285 183 270 80 109 325 265 243 41 108 114 139 108 46 154 92 84 174 130 74 113 131 173 225 96 103 235 172 271 167 119 207 67 96 44 66 176 54 246 78 68 165 253 132 95 248 129 186 316 86 35 204 291 89 124 243 168 65 232 147 245 129 192 197 300 184 131 269 294 195 38 156 257 113 151 140 212 8 131 267 122 66 203 112 143 84 206 88 226 202 144 114 173 200 26 226 329 152
 423 205 131 364 342 336 271 62 401 337 247 35 363 172 371 226 53 498 308 204 106 124 309 316 227 358 390 456 220 320 400 90 348 465 34 331 256 362 423 219 176 375 414 233 1 320 88 179 341 346 479 361 348 254 80 429 254 127 273 163 369 250 276 272 323 296 119 120 101 242 327 260 216 413 188 201 368 180 296 414 225 467 493 394 487 280 334 381 414 405 272 319 254 355 337 242 383 282 255 406 356 189 281 357 377 167 232 144 356 382 493 364 308 419 294 143 204 236 323 280 283 301 296 386 427 198 327 406 155 282 386 301 205 214 345 146 313 463 357 174 311 336 463 357 416 334 513 412 359 459 507 324 225 387 347 270 207 362 439 228 330 485 144 240 433 221 259 216 306 187 169 36 248 245 383 242 254 395 371 281
 274 232 263 376 349 58 87 302 164 220 120 306 284 324 113 134 291 263 303 296 216 201 264 251 101 310 129 218 104 105 220 320 102 276 299 246 84 431 169 308 250 293 187 237 320 1 322 145 220 51 232 67 31 87 274 171 322 215 126 215 301 282 60 349 77 32 319 208 221 238 227 82 128 311 134 120 50 289 283 244 339 269 259 205 274 175 306 90 118 128 254 323 349 203 236 192 258 161 320 292 316 187 348 316 185 171 143 286 54 198 292 166 347 218 277 271 207 301 87 217 59 289 224 227 156 136 268 122 178 52 81 304 255 112 59 241 150 267 150 219 11 371 262 238 250 71 285 264 309 202 278 62 201 269 27 128 120 221 277 232 352 276 311 302 293 134 377 313 33 176 170 309 97 348 197 80 224 132 98 87
 364 145 71 282 261 351 254 34 366 281 279 58 295 86 395 201 51 453 233 125 137 129 241 251 245 284 363 416 235 293 350 4 373 411 65 268 244 275 390 137 112 306 374 170 88 322 1 180 285 335 439 347 351 242 52 397 172 177 242 120 299 175 268 187 344 304 33 119 135 179 269 248 244 345 200 209 371 102 223 361 139 415 449 347 438 234 259 397 396 381 205 241 168 305 277 193 323 240 173 341 282 152 196 282 333 204 202 69 346 335 440 323 226 372 222 75 154 157 301 222 299 228 237 333 399 187 260 384 145 275 397 224 137 231 359 94 274 412 320 125 313 252 413 298 361 317 466 354 286 424 460 309 174 324 348 239 203 308 382 167 249 434 60 161 372 199 172 134 300 157 206 56 233 159 337 251 194 368 391 261
 292 132 129 314 286 173 96 158 235 209 117 162 259 199 219 67 147 338 239 186 80 57 215 212 72 271 218 294 60 150 253 178 198 320 156 219 79 349 254 201 133 271 252 152 179 145 180 1 212 168 314 183 174 78 131 260 227 102 113 92 272 196 98 254 168 125 181 64 86 159 206 83 85 304 29 31 194 171 220 273 228 319 334 244 334 143 255 218 237 231 187 258 247 214 217 125 259 137 225 290 274 79 257 274 224 77 81 156 178 231 345 206 269 266 215 141 110 203 149 168 121 227 183 246 254 29 229 230 38 104 218 237 152 58 181 111 159 316 196 102 136 297 314 231 277 158 356 280 271 291 350 147 119 266 171 111 29 227 304 145 283 334 179 206 307 60 270 205 128 65 78 165 73 243 232 72 156 223 214 107
 84 142 218 171 148 277 149 289 118 5 296 310 66 229 332 147 291 175 112 181 277 240 70 52 248 97 143 147 238 116 69 283 320 127 309 36 167 239 143 181 174 75 113 117 341 220 285 212 1 185 169 181 241 166 264 151 170 310 109 179 83 134 177 187 292 233 262 237 281 109 21 165 277 97 233 221 246 194 99 76 208 131 171 72 154 70 102 304 193 164 92 129 199 30 21 100 48 76 167 80 104 156 181 103 70 287 132 219 192 63 155 76 163 94 95 211 138 162 135 65 255 102 51 49 164 184 62 173 207 182 288 119 151 244 277 198 71 127 86 168 220 177 129 21 77 155 184 73 94 165 179 161 118 56 230 110 194 24 99 120 157 151 238 159 97 153 228 188 189 163 288 312 160 204 65 224 92 146 315 143
 230 226 271 350 323 102 83 319 115 186 168 327 250 324 153 136 311 213 279 290 245 223 238 223 141 279 79 168 140 72 175 333 145 228 321 215 92 410 119 300 250 258 138 225 346 51 335 168 185 1 183 19 59 94 290 121 309 251 110 220 267 268 71 334 124 80 327 229 250 224 196 88 170 272 164 149 62 288 260 200 331 221 209 160 225 153 279 121 73 79 234 299 338 165 203 179 219 139 306 252 286 190 332 285 141 209 140 290 12 154 243 122 326 171 254 276 203 290 53 195 108 266 198 185 107 151 239 74 195 65 104 282 249 149 100 247 119 219 107 221 57 348 214 202 205 31 235 221 277 153 229 30 192 230 48 112 140 182 232 221 328 227 315 290 250 138 366 306 43 181 208 330 102 338 153 115 208 82 134 77
 133 298 369 317 300 278 220 435 80 173 348 451 207 394 319 256 433 33 275 346 393 361 236 219 314 242 106 24 309 165 102 436 318 88 448 200 240 391 65 347 330 206 66 278 479 232 439 314 169 183 1 166 233 241 407 62 337 412 207 322 220 301 231 353 302 261 419 362 398 272 189 236 345 191 323 307 223 357 265 108 375 76 30 98 60 206 258 280 126 106 259 289 366 142 186 247 159 201 334 174 250 292 346 249 107 376 248 377 180 108 83 117 324 76 262 366 286 329 170 226 289 267 216 125 79 289 224 113 327 230 258 283 312 318 273 346 167 77 122 315 239 332 70 167 112 171 56 133 239 32 50 183 266 167 223 210 288 147 119 280 313 66 398 326 147 261 395 354 218 292 375 454 243 371 106 286 253 102 299 210
 221 234 282 348 322 116 95 333 101 182 185 341 246 333 164 147 325 196 279 297 261 238 237 222 159 276 64 152 158 72 165 345 158 215 336 212 106 410 103 306 259 253 124 230 361 67 347 183 181 19 166 1 71 108 304 105 313 268 116 231 263 272 86 338 139 97 338 243 266 229 193 102 188 265 181 165 69 296 261 189 337 207 193 150 210 155 277 129 56 62 236 299 342 159 200 185 212 141 310 245 283 200 335 282 132 227 149 300 16 145 229 114 328 159 255 286 211 295 55 197 125 266 199 177 89 165 238 56 209 81 111 283 256 166 112 258 118 205 100 231 75 348 200 196 195 34 219 212 274 136 213 39 199 224 60 119 155 176 221 227 328 212 325 294 240 150 371 312 60 192 226 345 116 343 144 133 212 66 145 87
 289 261 293 401 374 47 115 331 171 241 133 334 306 354 95 164 320 264 328 325 243 229 288 275 124 333 134 221 129 126 234 350 88 285 327 269 114 458 172 337 280 314 194 265 348 31 351 174 241 59 233 71 1 117 303 172 350 238 153 245 323 311 90 377 71 53 349 237 248 266 250 111 147 330 161 148 22 319 309 258 368 277 261 219 279 200 331 65 111 128 280 349 378 222 258 220 277 186 348 310 340 217 376 339 199 194 172 316 56 212 299 181 374 228 303 301 237 330 106 243 74 315 249 243 155 166 292 120 208 82 52 331 285 136 42 271 172 276 165 249 39 397 270 258 263 87 287 279 331 202 281 81 230 288 12 155 150 239 290 260 378 282 341 330 308 164 406 343 60 206 192 338 127 377 212 106 252 136 76 114
 238 147 180 304 275 134 22 226 162 164 131 234 225 239 188 49 218 266 228 210 157 131 193 184 84 245 141 221 76 77 191 240 171 257 229 184 3 352 179 223 165 236 180 154 254 87 242 78 166 94 241 108 117 1 197 184 239 173 58 130 240 201 28 266 140 82 236 136 162 157 167 7 115 261 83 68 133 204 207 214 254 254 262 180 266 105 236 174 161 154 176 248 265 159 177 112 211 93 237 244 250 102 266 249 158 137 59 201 105 168 279 139 268 200 202 186 122 217 73 144 96 214 154 190 177 58 202 153 102 35 167 228 170 83 138 157 100 251 127 134 80 294 248 186 218 81 286 226 244 216 279 71 118 220 110 57 50 175 246 149 276 266 227 218 255 48 292 228 60 91 137 238 11 263 169 59 145 146 177 32
 345 126 53 290 266 301 210 30 331 259 229 47 284 109 344 160 28 424 231 130 89 78 230 237 195 279 324 385 184 254 324 51 323 389 47 252 199 296 354 146 97 296 342 154 80 274 52 131 264 290 407 304 303 197 1 361 181 131 205 87 290 173 222 202 294 254 65 69 87 163 249 203 194 334 149 159 323 106 217 338 158 391 420 320 412 204 256 347 354 342 193 243 186 279 259 166 305 208 181 327 278 116 210 279 304 154 164 71 301 307 416 292 235 344 215 66 127 161 260 201 249 223 217 309 361 141 249 343 97 229 347 224 127 180 310 67 241 387 286 96 265 263 388 279 339 274 439 334 281 390 433 266 147 308 300 201 155 285 362 149 256 409 80 166 355 156 197 145 254 117 156 49 189 178 309 201 176 330 341 219
 149 262 328 317 296 218 164 390 35 155 286 404 205 361 261 205 386 93 262 316 339 309 220 202 254 240 45 50 250 111 99 395 259 123 401 186 183 387 9 320 293 208 43 246 429 171 397 260 151 121 62 105 172 184 361 1 316 355 158 278 221 277 172 336 242 200 381 312 344 242 170 179 285 204 266 250 164 323 249 117 350 113 89 86 110 169 251 223 70 45 235 279 346 123 171 209 159 160 313 185 248 247 330 247 82 317 199 339 119 91 131 81 313 79 244 327 246 304 112 198 227 252 191 120 22 235 212 54 276 170 201 269 279 259 213 304 126 112 79 273 178 326 106 157 123 110 116 144 237 33 109 123 228 170 162 161 232 134 142 246 306 113 362 302 167 210 375 327 157 245 317 407 187 349 89 226 223 41 241 154
 228 97 132 111 90 372 236 193 282 165 342 220 147 89 426 193 204 341 73 52 246 213 102 120 294 125 297 315 281 242 236 169 408 283 223 138 241 124 308 36 99 155 280 86 254 322 172 227 170 309 337 313 350 239 181 316 1 291 200 139 144 42 264 29 377 319 140 204 247 86 149 243 311 192 255 253 364 76 74 237 44 290 337 241 316 159 99 411 344 319 82 73 31 197 153 131 189 173 4 194 120 150 32 121 236 293 181 112 319 231 311 236 55 262 77 117 122 25 259 121 330 75 125 214 326 211 118 326 197 271 401 63 76 282 376 131 201 287 241 127 317 83 290 172 235 280 347 220 127 333 343 280 123 185 342 198 231 191 247 91 78 311 113 22 229 195 61 39 291 164 294 219 229 35 233 282 102 301 415 238
