NAME : domp240p120v9
COMMENT : (Deleplanque et al.) 
TYPE : DOMP
DIMENSION : 240
DISPLAY_DATA_TYPE: NO_DISPLAY
OPEN_FACILITIES : 120
COST_SECTION
 1 364 411 437 292 143 278 375 141 350 232 314 229 229 30 253 291 321 377 244 289 169 194 259 195 139 337 260 44 211 238 376 271 151 131 245 411 433 339 271 313 395 314 257 306 357 109 397 184 268 432 321 377 346 350 273 187 382 287 356 306 193 318 256 357 263 146 107 309 327 147 434 232 292 109 98 256 289 407 250 89 472 35 94 126 308 145 90 211 325 352 224 455 273 272 228 330 289 441 187 295 286 106 24 341 264 244 279 166 278 356 89 91 224 197 47 133 326 224 327 174 360 388 126 316 285 148 276 249 211 441 177 381 82 383 325 366 92 310 194 214 395 399 60 318 164 357 244 363 295 246 58 172 279 150 28 260 199 136 205 453 300 262 156 57 175 278 370 69 51 212 121 156 278 25 103 379 204 55 211 43 250 238 281 210 420 376 321 292 440 361 274 191 355 62 221 276 260 100 184 150 139 246 253 279 102 105 379 103 354 442 333 149 250 301 328 246 184 311 277 89 223 293 304 218 246 366 174 374 469 354 214 380 258 218 376 131 364 374 247
 364 1 69 122 269 381 88 14 246 183 172 202 326 275 339 156 140 276 334 130 136 198 363 354 173 255 118 360 355 289 309 336 168 276 372 258 56 78 285 183 267 48 194 212 82 308 395 72 257 126 146 46 85 224 162 200 181 219 334 146 306 242 46 218 22 229 229 366 69 99 260 77 133 101 353 269 233 322 206 115 300 120 356 414 291 216 242 295 215 149 276 204 105 92 96 212 178 336 145 195 243 113 262 340 232 103 128 104 226 241 83 336 277 225 322 319 236 227 198 63 263 312 26 239 136 302 350 101 222 173 82 204 23 325 291 49 269 288 112 238 362 354 128 312 208 224 182 149 206 161 125 400 298 303 332 381 152 370 370 180 104 79 112 244 314 255 200 34 379 319 181 391 267 106 377 397 65 181 353 193 394 145 128 298 170 99 49 121 73 90 172 171 180 156 324 274 352 360 388 248 272 253 138 112 88 281 263 203 289 118 94 275 217 183 247 339 146 310 159 166 302 215 228 171 211 196 6 247 67 130 215 228 356 144 156 111 265 275 56 121
 411 69 1 56 263 407 146 57 304 159 237 190 335 284 388 175 208 262 311 192 145 243 380 358 216 289 105 364 396 302 315 313 236 338 400 264 24 30 267 188 255 22 182 218 150 288 428 21 279 192 87 109 51 202 138 202 235 185 330 120 297 306 104 286 89 232 285 398 136 167 291 34 184 123 385 319 301 318 162 167 355 63 398 450 351 206 278 350 280 137 255 270 45 146 156 279 161 332 82 255 311 180 307 388 211 150 168 134 259 309 67 371 327 292 337 365 289 211 217 85 287 291 53 288 204 298 375 166 230 206 41 240 48 362 263 116 243 328 117 259 374 329 81 364 194 258 155 214 178 160 184 441 319 300 356 425 220 386 397 213 43 146 150 304 358 318 200 95 416 363 210 421 329 135 421 430 37 214 393 219 437 170 184 295 205 34 36 188 131 31 143 239 237 130 377 285 352 364 421 271 333 287 201 165 135 320 307 169 345 95 32 258 268 196 238 327 210 328 152 234 340 232 221 166 277 208 64 273 42 64 190 294 333 165 194 75 323 250 39 165
 437 122 56 1 251 416 188 110 342 139 283 178 332 283 417 190 260 244 283 235 155 272 382 350 245 307 106 356 418 303 311 285 286 379 411 262 77 68 245 190 239 75 171 218 200 263 442 52 288 240 38 157 62 180 122 200 272 154 318 105 281 351 149 336 142 228 322 412 186 220 307 74 220 146 398 351 351 305 125 205 389 66 421 467 390 194 298 384 326 131 230 317 56 187 199 326 148 319 30 296 363 230 333 415 190 185 197 160 278 360 82 388 359 339 339 391 323 194 228 117 297 265 108 320 257 286 383 212 230 228 78 262 101 381 232 166 215 351 130 269 373 298 53 395 181 278 133 260 152 160 227 462 326 289 365 449 268 387 407 235 53 194 180 345 383 361 198 149 435 388 229 433 370 162 446 445 66 235 413 234 460 189 223 283 228 24 78 242 175 55 122 290 275 113 410 286 341 356 436 281 374 306 247 203 172 341 333 139 381 91 52 237 301 204 225 308 256 333 149 285 361 239 212 161 323 214 116 285 69 42 166 340 306 182 220 66 361 223 75 198
 292 269 263 251 1 202 238 271 285 113 300 75 93 64 287 130 326 30 94 257 136 200 150 102 189 164 159 108 255 86 73 94 333 330 203 49 280 291 48 91 23 262 82 68 284 69 241 243 111 288 223 256 213 79 130 73 238 118 69 147 38 333 243 364 280 50 264 216 273 321 151 296 217 174 205 253 376 56 153 221 298 312 262 275 324 58 167 293 323 127 62 326 297 229 245 336 104 70 235 271 409 294 215 278 69 209 184 178 151 397 199 210 258 345 115 255 250 60 109 207 120 73 282 233 343 36 173 266 65 155 303 163 269 212 92 270 78 207 158 108 136 116 199 281 71 156 120 286 107 110 248 287 124 39 158 289 309 154 198 152 294 272 186 301 242 330 72 298 254 246 141 227 326 178 287 247 230 153 246 127 293 147 231 34 160 248 240 334 240 288 130 338 248 138 301 72 92 108 240 114 326 166 274 221 211 197 215 125 299 169 287 42 231 102 27 73 284 119 113 337 205 93 43 100 327 92 267 126 224 291 93 339 107 142 172 191 298 74 233 197
 143 381 407 416 202 1 308 389 235 296 307 253 115 144 158 232 359 229 268 294 264 201 62 133 218 131 311 131 101 121 132 266 349 265 14 166 415 434 244 227 224 397 257 201 349 254 45 389 129 325 398 346 362 275 304 220 241 315 170 316 201 295 339 352 381 196 226 37 346 381 122 436 264 286 41 181 357 177 347 279 205 466 110 80 245 241 145 204 303 287 261 313 449 300 307 321 279 172 410 260 398 341 152 145 266 283 255 279 156 381 342 69 179 322 89 137 207 253 191 327 121 256 402 189 383 181 34 320 189 209 444 181 391 83 289 355 279 119 291 149 83 282 368 174 254 159 303 308 299 257 290 106 91 175 52 124 330 64 12 201 446 340 269 254 126 282 223 398 77 126 201 29 267 277 125 52 371 201 91 190 119 239 275 178 212 405 374 382 319 436 311 353 250 311 189 138 152 131 49 137 262 133 304 281 295 119 151 318 216 326 436 241 206 214 221 213 308 88 270 354 102 178 222 258 310 203 381 136 366 454 287 312 264 243 227 351 235 274 370 264
 278 88 146 188 238 308 1 100 160 187 97 186 273 225 253 110 94 253 320 47 111 114 300 306 92 179 128 311 272 233 259 321 111 193 298 213 140 162 268 149 243 127 179 172 48 292 317 139 194 60 200 44 132 219 170 167 94 230 294 161 275 164 44 156 80 191 142 290 40 84 187 162 48 75 277 182 171 284 230 31 213 204 272 333 206 197 165 208 139 146 264 131 187 10 12 141 173 297 204 110 193 60 178 254 223 31 59 65 153 186 116 257 190 154 262 233 149 213 143 77 197 297 113 152 106 266 280 32 179 104 168 129 107 245 287 49 263 207 103 176 303 341 172 226 193 150 190 75 211 140 40 316 233 264 262 296 88 307 297 111 186 36 54 159 229 174 169 94 297 235 116 314 184 65 292 318 123 111 271 131 310 93 41 260 100 166 113 96 16 172 183 116 93 168 237 222 308 311 309 184 189 176 60 28 30 200 179 215 202 139 175 257 130 139 222 310 71 247 147 112 222 162 201 155 137 151 91 180 120 208 214 154 338 98 84 148 179 267 115 47
 375 14 57 110 271 389 100 1 259 180 185 202 331 280 351 162 153 276 333 143 139 208 370 358 183 264 117 364 366 294 313 334 181 289 380 262 43 65 285 186 268 36 194 216 96 307 404 61 264 139 136 59 78 222 159 203 193 215 336 143 307 255 58 231 33 232 241 375 83 111 268 64 144 106 362 281 246 324 199 126 312 107 366 424 304 217 251 307 228 148 275 218 91 103 109 225 177 338 134 208 255 126 273 352 231 113 137 111 235 254 79 345 288 239 328 330 248 227 204 66 270 311 15 250 148 304 358 115 226 181 69 213 10 335 289 62 266 299 114 244 367 352 121 324 208 233 179 163 203 162 138 410 305 305 339 392 166 376 379 189 91 93 121 257 325 268 202 41 389 330 189 399 280 112 388 406 58 189 363 200 405 151 140 300 179 87 41 133 85 77 168 184 193 153 336 279 355 364 397 255 285 262 151 124 98 291 274 199 301 115 81 275 229 188 248 340 159 316 160 179 312 221 229 172 225 201 10 254 60 117 212 241 354 149 166 105 278 273 49 131
 141 246 304 342 285 235 160 259 1 295 93 272 265 237 112 188 152 311 379 117 217 90 260 302 111 134 259 305 155 229 263 379 131 46 222 241 299 322 330 223 301 286 269 226 176 353 222 295 185 133 347 201 283 309 287 235 72 336 312 286 313 61 203 120 235 240 24 203 183 191 149 321 123 203 195 55 124 308 350 139 58 363 151 223 49 274 125 55 72 259 336 85 346 159 151 90 276 315 353 53 164 152 87 120 308 158 151 188 136 148 263 168 58 89 239 109 37 294 183 227 180 357 271 56 177 296 220 149 224 143 327 124 266 153 365 201 343 119 228 180 273 400 315 82 278 131 301 108 315 236 122 193 203 291 209 166 122 267 224 142 345 173 167 20 114 50 238 244 188 117 154 227 41 187 162 219 278 141 160 164 181 177 122 290 140 322 270 183 175 332 300 134 68 289 86 230 313 305 212 178 41 131 114 141 172 121 88 327 45 274 334 320 56 202 282 345 111 221 251 137 134 194 266 250 79 205 250 166 275 366 312 79 390 186 137 291 20 344 271 147
 350 183 159 139 113 296 187 180 295 1 274 44 199 155 337 108 280 106 154 223 82 208 253 214 186 212 66 220 322 177 179 156 296 339 293 133 178 186 110 80 101 163 40 98 225 130 328 139 175 245 111 186 110 44 22 80 230 44 180 40 143 327 173 338 199 101 272 300 211 259 206 191 189 113 287 282 352 167 58 183 327 202 327 358 341 58 207 322 309 42 97 306 188 179 197 317 21 182 123 263 378 245 253 331 54 164 153 125 186 369 103 283 290 328 212 306 265 56 127 127 185 134 189 254 289 149 264 218 109 154 198 182 176 280 109 200 87 259 85 160 242 173 87 321 45 188 8 254 25 60 213 361 207 152 246 355 272 258 289 157 185 214 143 305 295 330 76 215 331 300 146 317 332 126 352 333 129 158 314 142 363 120 199 146 157 139 143 277 182 180 18 301 238 29 340 159 204 220 325 171 334 212 240 182 158 249 253 32 323 67 178 101 243 102 88 171 251 209 46 298 264 129 77 48 310 106 179 179 125 180 33 325 177 111 159 84 313 94 135 162
 232 172 237 283 300 307 97 185 93 274 1 263 307 268 204 177 60 321 389 53 193 114 318 344 113 184 221 348 241 268 299 390 43 109 294 263 227 249 337 219 310 217 258 233 93 362 302 233 222 48 297 129 228 299 259 235 70 317 343 253 333 71 136 66 156 251 88 279 104 101 198 248 88 164 269 139 80 336 321 92 150 291 238 308 129 270 171 147 44 233 338 35 276 101 86 45 257 346 300 48 111 64 156 210 301 112 123 150 171 99 212 243 144 57 287 196 105 289 193 173 221 366 195 120 85 320 285 73 236 146 253 149 194 229 364 124 340 190 193 210 327 411 268 174 270 166 278 24 297 219 63 282 253 317 271 256 29 325 296 149 275 94 132 83 198 85 237 162 272 202 160 304 100 150 252 301 218 149 244 175 271 161 76 314 141 261 207 91 110 261 273 47 60 259 178 262 351 348 292 213 106 181 38 93 121 188 157 304 136 234 265 327 101 201 289 368 28 270 231 49 207 210 269 234 41 210 176 204 216 300 298 58 405 169 129 244 108 344 209 113
 314 202 190 178 75 253 186 202 272 44 263 1 157 112 302 88 278 75 136 215 76 183 210 173 164 175 87 179 283 134 136 137 291 317 251 89 207 218 85 50 67 190 9 58 229 109 286 170 135 241 152 195 139 38 57 41 211 70 142 74 108 310 182 328 215 58 249 258 216 265 168 223 177 114 245 253 342 129 97 175 298 239 288 317 316 17 173 293 295 55 79 294 224 177 195 304 31 144 165 245 371 245 220 296 39 159 141 123 152 361 127 243 259 315 169 271 240 28 94 140 145 113 212 226 291 110 221 216 68 130 230 152 199 240 102 209 78 223 92 121 199 157 126 289 8 155 51 246 50 47 205 321 165 112 204 316 266 215 246 131 221 217 136 284 259 311 37 232 290 264 119 274 311 122 314 291 157 132 275 112 324 104 189 107 134 174 168 280 184 214 60 296 221 65 308 116 165 179 283 132 312 176 232 175 157 212 220 67 295 96 213 75 218 71 49 140 243 167 43 293 226 92 35 33 296 71 198 141 152 218 42 311 156 96 140 117 288 82 161 152
 229 326 335 332 93 115 273 331 265 199 307 157 1 52 233 171 348 116 154 277 193 195 59 38 197 132 231 42 188 42 22 153 347 306 119 72 348 363 130 148 113 330 163 118 319 140 158 315 86 309 308 302 285 170 212 134 239 210 59 228 87 322 291 366 332 104 247 136 312 355 117 367 238 226 127 220 375 63 244 248 259 389 196 192 293 142 143 256 320 202 148 326 373 264 277 336 186 61 320 269 413 321 181 221 160 243 215 224 138 399 269 142 223 341 33 202 230 150 132 265 88 142 344 210 368 67 90 295 106 172 375 160 331 149 175 314 167 159 220 100 44 170 280 236 155 143 206 300 197 176 269 211 64 61 81 219 324 62 113 166 370 308 223 283 188 314 136 350 178 192 159 142 304 223 219 164 299 166 177 143 220 185 252 65 176 325 307 363 280 362 216 352 250 220 255 53 50 42 158 96 302 135 291 250 251 152 181 215 265 244 361 129 218 144 116 101 299 49 185 352 150 113 123 172 325 131 325 105 294 372 183 333 153 184 192 268 273 162 301 227
 229 275 284 283 64 144 225 280 237 155 268 112 52 1 226 121 303 93 150 232 143 158 100 82 155 107 181 88 192 24 35 150 305 281 143 24 297 313 111 97 86 279 117 67 271 128 180 265 53 265 262 252 236 132 166 84 200 173 77 180 80 290 241 329 282 56 217 153 263 308 94 317 193 176 142 198 339 72 205 201 242 340 199 213 271 99 114 238 284 153 125 289 323 216 229 299 140 80 274 232 376 275 160 217 124 195 167 174 103 362 218 147 203 306 58 194 202 111 83 215 61 132 293 182 323 60 112 248 56 126 324 121 280 149 155 265 141 146 170 59 91 170 233 223 112 108 162 258 157 126 224 224 61 56 96 225 281 105 138 121 321 260 174 254 180 284 87 300 191 185 112 167 277 173 224 186 249 121 182 97 230 135 207 55 131 276 256 317 231 312 171 310 211 174 242 9 85 88 178 60 276 110 248 203 202 137 159 175 244 195 312 105 186 93 79 109 256 57 136 310 143 64 80 123 289 80 274 72 244 323 144 299 157 134 146 219 248 138 250 180
 30 339 388 417 287 158 253 351 112 337 204 302 233 226 1 236 263 316 375 218 271 146 204 264 174 128 319 266 58 209 239 375 242 123 145 240 388 410 335 258 307 372 302 247 279 353 129 375 178 240 413 296 356 336 335 262 161 371 289 340 304 164 294 227 331 254 118 122 283 299 138 411 208 272 121 72 228 289 394 225 60 450 51 119 99 298 131 62 182 309 346 195 432 249 246 199 317 291 422 159 267 258 86 14 331 240 222 258 152 250 336 96 64 195 201 33 106 316 210 306 168 357 364 102 288 284 157 249 239 192 417 159 357 86 377 299 359 82 291 185 223 394 380 31 307 149 343 216 351 280 219 85 172 278 156 56 232 209 150 187 430 273 240 128 47 146 266 344 90 42 195 140 128 257 52 125 357 186 68 196 71 232 212 279 191 399 353 293 268 417 346 245 164 340 35 218 281 266 120 176 122 127 219 228 255 92 86 366 74 336 419 328 123 236 294 329 218 185 296 248 85 212 284 290 189 233 342 165 353 447 343 185 380 240 198 357 102 358 352 224
 253 156 175 190 130 232 110 162 188 108 177 88 171 121 236 1 198 147 215 130 37 101 209 201 78 119 86 207 231 134 155 216 207 232 225 106 184 203 162 43 136 166 84 63 156 187 254 158 105 159 180 133 132 125 101 60 125 149 186 105 166 223 121 242 162 82 165 224 146 193 118 205 91 57 211 177 255 176 164 92 221 235 234 279 234 94 110 216 207 75 162 207 218 100 116 217 89 189 190 158 286 166 151 232 126 80 56 54 90 275 112 199 184 227 167 207 158 113 43 97 112 191 175 147 214 157 200 137 71 47 213 78 163 192 188 146 165 164 61 85 207 237 147 218 95 90 114 161 128 49 121 274 145 156 181 262 182 215 223 51 216 144 57 198 197 225 62 180 246 203 42 246 226 53 259 257 140 52 225 46 272 18 104 152 50 176 143 205 113 205 114 212 134 106 235 119 201 207 248 96 227 118 147 93 84 154 151 140 216 103 205 152 135 30 115 201 158 156 64 210 173 60 95 63 209 43 155 98 135 225 126 223 232 14 53 126 205 168 139 69
 291 140 208 260 326 359 94 153 152 280 60 278 348 303 263 198 1 343 411 72 204 161 365 383 152 233 219 388 299 307 337 412 31 164 347 295 194 214 358 239 333 187 272 259 61 383 358 209 264 40 280 105 212 312 262 257 119 322 377 252 362 120 117 80 121 277 146 334 76 49 245 212 112 168 323 197 95 368 320 106 209 255 296 366 186 288 219 206 93 239 356 79 241 102 84 83 266 379 281 106 105 35 211 269 316 121 143 157 215 102 200 298 203 95 331 254 162 305 223 162 264 387 160 176 26 350 335 63 264 178 216 190 162 284 379 95 355 245 196 249 371 433 255 233 285 210 282 52 304 232 80 340 298 349 320 315 32 372 348 184 241 70 144 141 255 138 258 121 329 259 192 359 154 157 311 357 197 183 301 208 330 180 98 345 173 236 183 33 99 228 275 33 110 260 237 299 387 388 348 254 161 230 58 106 123 242 212 308 195 228 232 348 155 225 311 397 52 314 240 27 262 242 291 247 87 236 145 246 197 269 307 101 428 187 159 232 167 360 188 130
 321 276 262 244 30 229 253 276 311 106 321 75 116 93 316 147 343 1 70 276 146 224 174 118 212 192 161 124 284 114 98 70 352 357 230 78 280 290 20 106 12 264 83 89 298 43 269 242 140 305 213 267 212 66 125 88 261 101 79 143 39 358 254 385 289 73 289 244 286 335 180 295 236 185 233 281 398 67 137 238 326 307 291 303 351 60 195 321 346 129 33 348 293 244 261 359 102 80 226 295 430 311 243 307 55 224 202 191 178 418 201 239 286 367 141 284 277 52 132 214 149 47 287 259 359 52 200 282 89 177 302 188 273 241 63 281 52 235 165 136 158 92 192 310 70 183 111 306 94 118 266 316 153 57 186 318 328 177 225 175 290 286 201 326 271 355 86 306 283 275 164 254 352 191 316 275 230 176 275 151 322 164 250 53 182 244 242 349 254 285 123 357 271 134 330 101 105 124 268 142 352 194 293 239 226 226 243 111 326 168 283 14 257 121 33 66 303 147 117 356 234 118 53 106 349 112 273 154 226 284 80 362 86 158 193 188 325 47 235 215
 377 334 311 283 94 268 320 333 379 154 389 136 154 150 375 215 411 70 1 344 210 292 208 139 281 255 217 143 338 167 141 3 421 424 272 140 331 338 53 173 80 316 144 158 364 29 311 292 201 373 248 330 263 111 175 156 329 130 99 193 72 426 317 454 349 141 357 289 351 400 242 343 304 250 280 345 466 92 162 306 389 348 345 346 417 124 259 385 415 187 59 417 336 311 328 427 157 98 261 363 499 378 307 365 103 291 270 257 244 487 255 291 350 436 185 343 343 109 200 275 210 24 342 326 425 93 243 349 157 246 350 256 329 296 53 345 69 296 227 201 188 23 235 372 129 249 157 374 134 182 335 364 206 99 233 370 396 208 266 244 333 352 268 394 329 423 154 366 331 334 232 295 419 256 369 318 283 245 327 219 372 232 318 97 251 288 296 415 319 330 169 426 340 182 391 158 121 143 312 206 419 257 361 306 291 286 307 145 391 220 328 64 324 189 101 58 372 195 178 424 291 186 121 168 418 181 331 218 278 322 123 431 24 225 261 237 391 62 289 282
 244 130 192 235 257 294 47 143 117 223 53 215 277 232 218 130 72 276 344 1 143 94 295 312 81 165 169 317 244 236 266 345 77 147 283 225 184 207 292 172 266 172 209 190 62 317 297 185 193 34 246 86 178 250 208 189 59 266 306 201 292 117 89 116 118 208 102 271 67 88 176 206 41 112 259 147 130 298 270 41 173 249 243 309 162 223 151 168 93 182 291 87 232 50 37 97 207 309 250 66 157 48 152 221 253 61 75 99 145 147 161 236 155 109 260 202 112 241 153 122 194 321 155 120 93 280 268 33 194 107 212 120 151 223 316 85 292 184 142 178 301 366 217 189 222 141 226 32 246 170 11 288 228 278 252 265 53 302 283 112 231 57 81 115 200 128 191 128 272 205 121 296 138 99 261 297 169 112 244 137 279 113 27 275 102 213 159 90 62 217 221 82 54 207 198 228 316 317 288 183 143 162 18 42 69 179 153 253 161 182 220 281 98 157 244 327 29 244 180 81 200 171 224 185 92 167 134 176 167 254 248 109 361 121 88 192 136 296 161 63
 289 136 145 155 136 264 111 139 217 82 193 76 193 143 271 37 204 146 210 143 1 133 236 220 108 155 50 226 266 159 175 212 218 260 258 124 156 172 159 48 136 138 69 77 154 183 288 126 136 168 144 122 98 109 70 65 150 125 199 71 172 246 109 258 146 94 194 259 142 191 154 176 108 40 245 210 272 187 134 103 254 203 270 314 264 87 146 248 228 43 154 225 186 103 121 236 65 201 154 182 299 170 186 268 113 85 72 48 126 290 79 234 218 247 194 243 189 103 75 74 144 187 152 180 216 167 232 142 88 81 184 113 139 228 176 136 152 199 28 117 232 232 111 252 83 126 86 174 104 30 133 309 176 168 213 298 193 242 255 86 183 142 63 226 233 250 65 164 282 239 77 280 253 48 295 292 109 87 261 81 308 42 119 163 83 142 115 206 110 173 84 223 158 73 269 143 217 226 282 129 255 154 160 103 83 190 186 113 248 67 174 148 166 52 115 207 171 184 38 220 208 88 95 44 229 65 134 132 103 191 106 244 230 33 81 90 235 157 109 81
 169 198 243 272 200 201 114 208 90 208 114 183 195 158 146 101 161 224 292 94 133 1 206 231 28 73 178 236 159 156 188 293 155 135 190 157 244 265 242 135 214 227 180 138 151 266 206 230 110 125 271 157 212 220 201 146 45 248 234 203 230 135 152 172 193 153 67 179 150 181 85 267 68 127 167 80 182 228 264 85 122 305 159 220 134 185 59 117 127 174 247 132 287 108 111 142 189 237 279 75 219 141 66 146 219 96 76 113 58 205 191 145 88 149 174 123 58 205 94 160 108 270 222 49 184 214 176 121 136 55 273 38 214 132 277 163 255 94 149 100 214 314 238 123 189 53 214 110 227 149 90 203 140 210 160 184 133 213 190 53 285 142 94 103 117 132 150 207 184 123 65 204 129 112 181 206 212 52 157 75 197 92 77 208 52 254 208 182 128 272 214 159 56 205 139 152 240 236 197 101 130 70 104 88 111 88 66 240 116 195 274 233 36 113 195 263 110 157 164 160 109 108 178 162 132 116 199 91 207 302 223 142 305 101 54 214 106 256 207 80
 194 363 380 382 150 62 300 370 260 253 318 210 59 100 204 209 365 174 208 295 236 206 1 72 216 135 278 70 152 79 78 207 359 297 69 122 391 408 188 193 171 373 216 165 345 196 106 361 108 328 360 334 332 227 264 182 249 267 110 279 143 320 325 371 367 155 246 91 340 379 122 411 260 265 86 209 378 117 301 273 242 437 160 141 279 196 148 239 323 251 206 331 420 292 302 340 238 111 372 275 418 342 174 191 217 272 243 260 152 402 314 109 210 343 43 177 228 206 167 305 104 198 383 208 388 124 48 318 152 197 419 176 371 120 233 345 225 144 264 127 22 221 331 214 210 156 260 315 253 223 290 165 69 119 52 179 338 8 63 190 417 334 255 279 164 309 185 385 134 166 186 90 296 259 180 113 344 190 141 172 177 220 273 123 201 373 350 384 309 408 269 364 260 272 231 97 91 70 109 118 293 138 308 275 283 140 173 271 250 293 408 187 221 185 172 152 314 55 234 365 130 150 177 222 328 173 363 122 339 421 240 334 204 221 217 317 264 219 344 255
 259 354 358 350 102 133 306 358 302 214 344 173 38 82 264 201 383 118 139 312 220 231 72 1 233 169 253 7 217 77 48 138 383 343 140 97 372 386 128 173 119 354 180 144 352 131 177 338 122 344 323 333 308 179 229 157 275 217 43 246 82 359 321 403 362 128 284 160 344 388 154 391 272 255 153 256 412 54 253 282 294 410 225 212 329 157 179 291 356 223 147 362 394 296 310 372 203 43 336 305 450 355 217 253 169 276 248 254 174 435 292 171 258 377 66 235 267 161 164 293 125 132 371 247 403 68 114 329 133 206 398 196 358 180 170 345 167 194 246 135 51 151 298 269 171 179 220 336 208 199 304 235 100 64 110 247 359 71 134 200 392 341 255 320 221 350 159 380 203 224 192 161 341 253 247 184 323 201 206 177 246 216 287 69 211 346 332 397 312 384 231 387 286 238 288 85 20 7 180 132 338 172 326 283 283 188 217 225 300 265 383 130 255 173 127 83 335 83 207 387 184 145 139 193 361 160 353 141 318 391 193 370 133 214 226 288 309 160 325 260
 195 173 216 245 189 218 92 183 111 186 113 164 197 155 174 78 152 212 281 81 108 28 216 233 1 88 152 238 184 157 188 281 151 155 207 151 217 239 229 116 201 201 160 124 133 254 226 203 113 114 244 133 184 201 177 129 50 227 231 177 222 148 128 176 169 141 87 198 130 165 97 240 47 100 186 107 188 224 240 63 148 278 184 243 157 167 74 143 135 150 233 137 260 85 91 148 166 233 252 84 222 127 92 173 201 71 49 86 65 209 164 166 115 156 180 149 82 187 82 133 114 258 197 76 173 207 190 104 125 36 247 40 188 154 261 140 238 117 122 99 221 303 211 150 170 61 191 104 205 127 75 228 148 205 173 210 127 223 207 38 258 123 67 121 143 148 132 184 207 149 49 223 148 85 207 227 185 37 181 63 223 67 59 202 31 227 181 170 105 246 190 156 60 180 166 150 239 238 218 103 150 85 95 65 86 110 92 217 141 168 247 219 59 95 181 256 103 164 141 155 131 98 163 140 138 101 174 96 180 275 203 151 295 76 28 187 128 240 179 53
 139 255 289 307 164 131 179 264 134 212 184 175 132 107 128 119 233 192 255 165 155 73 135 169 88 1 204 172 113 97 130 255 226 176 120 116 294 314 211 133 183 276 176 120 220 231 142 273 55 197 298 218 249 209 212 135 116 244 180 219 186 191 211 238 254 127 116 113 217 251 16 316 134 167 100 92 247 177 269 149 135 350 117 163 165 170 15 131 191 188 221 198 332 171 178 207 192 183 307 141 286 212 53 121 204 155 128 156 31 270 228 83 96 211 107 97 99 189 86 206 48 235 278 79 256 167 104 191 112 84 324 52 268 75 252 226 233 48 179 58 144 275 265 119 180 32 219 182 224 158 161 156 71 162 88 145 205 142 120 77 330 210 144 152 84 183 139 270 129 90 80 137 174 155 142 144 254 76 107 75 155 121 146 162 86 293 255 254 190 318 222 230 126 218 138 99 180 172 134 51 172 4 176 152 168 38 53 240 138 221 320 203 88 112 168 216 182 89 173 231 55 85 157 166 196 107 255 39 249 342 216 203 263 126 99 244 143 232 251 136
 337 118 105 106 159 311 128 117 259 66 221 87 231 181 319 86 219 161 217 169 50 178 278 253 152 204 1 260 316 200 212 219 238 300 305 161 121 134 169 86 153 104 79 115 163 192 336 85 183 188 95 122 55 107 46 98 189 106 226 34 194 281 108 283 134 128 236 306 148 196 202 138 141 59 293 257 298 214 102 131 299 159 319 362 306 103 195 294 260 33 159 255 143 122 139 265 61 228 105 219 320 185 234 316 115 110 109 73 175 313 41 283 265 277 236 291 233 111 123 62 191 195 127 226 227 194 278 159 127 128 146 162 114 277 174 136 151 248 31 164 272 237 62 299 93 175 66 200 90 56 159 358 221 196 259 347 215 284 302 134 140 152 94 265 282 287 96 150 331 288 126 327 292 74 344 340 71 135 310 130 357 89 149 191 130 96 82 214 121 132 58 243 195 42 316 183 248 260 331 176 295 203 185 130 101 239 234 90 292 18 131 159 210 98 135 226 196 228 48 239 258 134 118 61 259 109 115 180 66 144 98 276 239 81 125 41 277 158 75 114
 260 360 364 356 108 131 311 364 305 220 348 179 42 88 266 207 388 124 143 317 226 236 70 7 238 172 260 1 217 82 53 141 387 346 139 103 379 393 134 179 125 361 187 150 358 135 176 344 127 349 330 339 314 185 235 163 280 223 48 252 87 362 327 407 368 134 288 159 350 394 157 397 278 261 153 258 416 59 259 287 297 416 226 210 331 164 183 293 360 229 153 367 401 302 315 376 209 48 342 309 454 361 220 254 175 281 253 260 179 439 299 172 261 381 68 237 270 167 170 299 129 137 377 250 408 74 114 334 139 211 404 201 364 181 175 351 172 196 252 140 49 154 304 271 177 184 226 341 214 206 309 234 103 70 111 246 364 69 133 205 398 346 261 323 223 354 165 386 203 226 198 159 344 259 247 183 329 206 206 182 245 222 292 75 216 352 338 402 317 390 237 392 290 244 290 91 23 1 179 136 341 175 331 289 289 190 220 231 303 271 390 135 258 179 133 86 339 86 213 392 186 150 146 200 365 166 359 145 324 397 200 373 136 220 231 295 312 166 331 266
 44 355 396 418 255 101 272 366 155 322 241 283 188 192 58 231 299 284 338 244 266 159 152 217 184 113 316 217 1 172 198 337 282 176 89 209 399 420 302 243 277 382 285 226 305 318 72 381 151 271 410 314 359 314 323 244 186 351 246 331 267 212 310 274 350 230 154 65 306 330 117 422 225 275 67 104 276 248 378 243 112 458 10 68 152 276 121 112 226 300 316 239 440 266 268 244 302 248 419 194 317 289 94 46 308 254 230 263 142 300 338 48 99 242 156 47 138 293 197 313 140 321 379 125 324 246 105 275 217 192 429 158 371 44 346 320 331 69 290 163 172 355 377 80 286 142 329 249 332 270 243 46 133 240 109 35 268 156 94 185 438 297 248 173 45 196 248 365 34 40 191 82 179 262 33 68 363 184 12 187 43 231 233 242 192 403 362 326 286 426 333 285 192 329 91 184 234 217 62 152 174 114 249 245 268 78 94 349 125 332 428 296 147 224 267 288 250 143 285 288 59 193 260 277 233 217 357 143 358 452 323 232 340 237 203 355 149 328 359 236
 211 289 302 303 86 121 233 294 229 177 268 134 42 24 209 134 307 114 167 236 159 156 79 77 157 97 200 82 172 1 34 167 307 272 120 46 314 330 132 115 108 295 139 86 279 147 157 283 46 269 283 263 254 155 187 104 199 195 84 201 97 285 253 327 294 77 211 131 272 315 82 334 197 189 120 187 337 82 227 208 229 358 179 190 260 121 106 225 281 173 146 287 342 224 236 297 161 87 294 230 374 280 148 199 147 203 175 186 99 360 236 126 191 302 37 178 194 134 93 229 50 150 307 174 328 76 90 254 74 131 341 120 295 129 177 275 163 131 186 60 74 186 253 208 135 104 184 260 179 145 229 202 40 70 74 205 283 85 115 125 339 268 184 247 164 278 107 312 169 168 118 144 269 185 204 163 266 125 162 103 209 146 212 71 136 295 272 322 240 330 193 311 210 195 227 19 85 82 156 56 268 100 251 209 212 123 148 198 233 214 330 127 180 108 102 122 259 35 156 311 125 75 103 143 286 95 288 66 261 343 167 295 172 146 152 239 239 159 267 187
 238 309 315 311 73 132 259 313 263 179 299 136 22 35 239 155 337 98 141 266 175 188 78 48 188 130 212 53 198 34 1 140 337 305 135 52 329 344 113 129 94 311 142 99 306 124 173 296 79 298 287 286 266 150 192 114 231 190 52 207 71 318 275 359 316 85 244 150 297 342 115 348 226 209 140 220 369 52 224 235 261 369 206 208 293 121 139 258 314 182 130 319 354 250 263 329 165 54 300 262 406 309 181 228 140 229 201 208 131 392 249 151 223 335 46 208 227 129 118 248 84 127 326 208 357 50 105 282 88 160 356 152 313 157 158 299 148 162 202 90 65 158 260 239 135 136 185 291 176 157 258 224 68 44 93 230 314 82 129 154 351 294 208 280 194 311 116 334 191 197 146 158 302 207 229 180 280 154 187 130 232 170 240 47 164 305 288 351 265 343 195 342 242 200 259 39 53 53 173 88 301 133 280 237 236 155 181 195 266 224 342 110 213 127 95 92 289 56 165 342 156 98 102 152 318 114 307 98 275 352 163 328 143 168 180 248 272 143 282 214
 376 336 313 285 94 266 321 334 379 156 390 137 153 150 375 216 412 70 3 345 212 293 207 138 281 255 219 141 337 167 140 1 421 424 271 140 333 340 54 174 81 318 145 158 365 30 310 293 201 374 250 332 265 113 177 157 330 132 98 195 71 426 318 455 350 141 357 288 352 401 242 345 305 251 279 345 467 91 164 307 389 350 344 344 416 125 259 385 416 188 60 417 338 312 329 428 159 96 263 364 500 379 307 365 105 292 271 258 244 488 257 290 350 437 184 343 343 111 201 276 209 25 344 326 426 92 242 350 158 247 352 256 331 295 55 346 71 295 228 200 187 22 237 371 131 249 159 375 136 183 335 363 205 98 232 369 397 207 265 244 335 353 269 394 329 423 155 367 330 333 233 294 419 258 368 316 284 245 326 220 371 233 319 97 251 290 298 416 320 332 170 426 340 184 391 158 119 141 311 205 419 257 362 307 293 286 307 147 391 222 330 65 325 190 102 56 372 195 179 425 291 186 122 169 419 182 332 218 280 324 124 431 22 226 262 239 392 64 290 283
 271 168 236 286 333 349 111 181 131 296 43 291 347 305 242 207 31 352 421 77 218 155 359 383 151 226 238 387 282 307 337 421 1 137 336 299 223 243 368 249 342 215 285 266 87 393 344 235 262 52 304 130 236 325 280 266 111 339 380 271 368 92 140 51 149 284 129 321 102 79 239 241 118 184 311 179 66 372 340 116 186 285 278 349 160 299 212 183 66 255 367 51 270 118 100 54 281 383 306 90 83 58 198 249 329 134 152 172 211 76 223 285 184 65 328 236 146 317 228 184 261 397 189 162 51 355 327 81 270 181 245 188 190 271 392 121 368 232 213 248 367 443 279 212 298 206 299 48 320 245 87 322 293 353 312 295 26 366 338 186 270 93 156 117 239 110 268 151 313 243 196 346 128 172 291 342 223 185 285 211 310 190 104 350 176 263 209 62 120 257 293 6 101 278 214 300 389 387 334 252 134 223 61 117 139 230 199 325 172 249 261 358 143 233 320 403 50 310 255 7 249 246 300 260 59 243 173 244 222 297 322 72 437 197 163 255 143 372 213 140
 151 276 338 379 330 265 193 289 46 339 109 317 306 281 123 232 164 357 424 147 260 135 297 343 155 176 300 346 176 272 305 424 137 1 252 285 331 353 375 268 346 318 314 271 200 398 246 330 229 155 386 232 320 354 330 280 112 380 355 328 358 47 235 109 262 286 69 231 209 208 191 352 162 243 225 89 107 351 393 175 65 395 169 241 26 319 168 64 72 303 381 86 378 194 183 86 320 358 392 85 146 172 126 134 353 196 192 228 181 129 302 197 88 78 279 131 81 339 228 264 223 402 300 99 187 340 254 176 269 188 358 170 297 184 411 229 389 154 270 225 311 445 355 96 323 176 345 130 359 281 154 207 244 335 246 178 136 303 255 187 377 199 207 36 140 28 284 270 209 141 199 253 10 227 174 242 314 186 183 209 193 220 158 334 184 358 305 195 208 364 343 138 106 332 90 273 355 346 236 222 6 173 140 178 209 158 127 371 51 315 367 366 101 247 328 389 133 261 295 143 168 239 311 294 79 250 280 210 311 401 356 69 434 229 181 330 34 390 306 187
 131 372 400 411 203 14 298 380 222 293 294 251 119 143 145 225 347 230 272 283 258 190 69 140 207 120 305 139 89 120 135 271 336 252 1 164 408 427 246 222 225 389 255 198 339 257 40 382 124 314 394 337 356 274 300 216 229 314 175 312 204 282 329 339 372 194 213 24 336 370 113 429 253 279 28 168 344 181 346 269 192 460 97 74 231 239 134 190 290 282 263 301 442 290 297 308 276 177 405 248 385 330 140 132 266 273 246 271 147 368 336 55 166 309 90 123 194 253 184 320 115 260 394 176 372 184 31 310 186 200 437 171 383 70 291 346 280 106 285 142 91 287 363 161 252 150 300 296 298 252 279 97 87 178 48 112 318 72 7 193 440 329 261 241 113 268 220 389 66 113 193 25 253 269 114 46 364 192 78 182 109 232 265 181 203 399 367 371 310 429 308 340 238 308 176 137 159 139 41 131 249 123 292 271 286 107 139 316 202 321 430 243 194 208 221 218 296 86 265 342 89 172 221 254 297 198 372 128 359 448 286 299 270 236 218 345 222 276 363 255
 245 258 264 262 49 166 213 262 241 133 263 89 72 24 240 106 295 78 140 225 124 157 122 97 151 116 161 103 209 46 52 140 299 285 164 1 278 293 96 77 69 260 95 48 260 116 201 244 63 256 239 238 215 111 143 63 198 151 83 158 74 291 226 326 266 34 219 174 250 296 104 297 184 159 162 206 337 74 182 191 250 319 216 234 277 76 120 246 283 132 108 287 303 204 218 297 117 85 251 231 372 266 168 231 103 183 156 159 106 359 198 165 211 304 81 207 205 89 73 197 72 120 275 187 314 58 134 238 37 119 304 120 262 166 139 251 123 159 150 61 113 161 211 234 90 110 140 252 134 105 216 243 81 55 118 243 275 127 160 115 300 248 161 257 194 287 65 284 210 199 105 189 281 158 241 207 229 115 200 89 248 122 199 52 124 255 237 307 218 291 148 304 209 151 253 29 96 103 199 66 280 118 241 192 189 149 168 153 252 174 291 89 187 77 59 107 250 79 115 303 157 54 58 102 287 65 257 78 224 302 122 298 150 119 138 198 253 120 230 169
 411 56 24 77 280 415 140 43 299 178 227 207 348 297 388 184 194 280 331 184 156 244 391 372 217 294 121 379 399 314 329 333 223 331 408 278 1 23 286 201 273 19 199 231 137 307 434 41 288 181 109 100 69 221 157 216 232 207 347 139 314 297 97 273 74 246 281 405 125 151 297 24 182 130 391 318 287 334 185 164 352 65 401 455 345 223 282 347 270 153 274 260 49 142 149 267 179 348 104 249 295 168 308 388 231 149 170 139 265 294 82 376 326 281 349 366 286 229 226 89 295 311 35 287 187 314 383 156 243 211 31 244 35 367 284 104 263 332 129 268 387 349 103 362 212 263 175 205 198 174 178 444 328 316 365 427 208 397 405 218 49 135 153 298 360 310 215 76 421 365 216 428 321 140 423 436 51 219 396 226 439 177 180 311 210 56 42 172 125 35 163 225 232 150 375 298 367 379 427 280 326 292 193 162 134 324 309 190 341 113 39 277 266 207 255 345 201 338 168 220 345 242 238 181 267 220 52 280 56 76 209 283 353 173 197 95 318 270 48 165
 433 78 30 68 291 434 162 65 322 186 249 218 363 313 410 203 214 290 338 207 172 265 408 386 239 314 134 393 420 330 344 340 243 353 427 293 23 1 295 217 284 39 210 246 159 315 454 50 306 203 104 122 80 229 166 231 254 211 359 148 325 319 120 293 95 260 303 424 147 170 317 7 204 149 411 340 308 346 186 187 374 43 422 476 367 234 303 369 292 165 282 281 28 164 171 289 189 361 97 271 314 189 329 410 239 171 191 159 285 314 96 396 348 302 365 387 309 239 244 109 314 318 55 309 206 327 402 178 258 231 13 265 57 387 289 126 269 353 145 287 403 355 105 384 223 283 182 227 204 188 200 465 346 328 383 448 229 414 424 239 28 157 174 320 381 332 229 95 441 387 236 447 344 160 445 456 65 239 417 245 461 196 202 323 230 53 61 191 147 16 170 246 255 158 397 314 381 393 447 298 349 312 215 184 156 344 330 195 363 124 21 286 288 224 267 355 223 356 181 241 365 260 250 194 288 236 74 299 70 58 217 305 360 192 218 103 340 277 65 187
 339 285 267 245 48 244 268 285 330 110 337 85 130 111 335 162 358 20 53 292 159 242 188 128 229 211 169 134 302 132 113 54 368 375 246 96 286 295 1 121 30 270 93 106 312 26 285 248 158 320 213 279 218 67 130 104 278 97 87 148 47 375 266 402 299 91 307 260 299 348 199 300 252 198 249 299 415 76 133 254 344 310 309 319 369 72 214 340 364 138 20 365 297 258 276 376 109 87 226 312 447 325 262 326 57 239 218 205 197 435 209 256 305 385 157 303 295 59 149 225 168 30 295 278 373 65 216 297 107 195 307 206 282 259 46 293 40 254 176 154 171 75 195 329 79 201 114 322 94 130 282 333 170 70 203 335 343 190 241 193 294 300 216 344 289 373 101 316 300 294 181 270 370 204 334 291 237 194 292 169 339 179 266 67 199 247 250 363 267 289 126 373 288 138 348 119 113 134 284 161 370 212 309 254 239 244 262 109 345 174 287 12 275 137 49 64 319 163 128 371 252 137 69 117 366 129 282 173 232 286 81 379 72 173 209 193 343 33 242 230
 271 183 188 190 91 227 149 186 223 80 219 50 148 97 258 43 239 106 173 172 48 135 193 173 116 133 86 179 243 115 129 174 249 268 222 77 201 217 121 1 95 183 47 31 195 146 255 169 100 201 173 167 140 86 81 19 164 116 152 91 128 262 154 284 192 47 200 226 183 231 127 220 133 85 212 205 297 141 137 134 250 244 248 283 268 53 128 245 248 61 120 248 228 140 157 258 60 154 184 198 327 206 174 252 86 120 98 88 107 316 122 206 212 268 151 227 191 73 48 121 110 150 199 178 254 121 194 178 42 81 228 104 186 202 147 180 124 180 74 83 187 195 142 243 56 109 87 203 95 31 162 284 137 121 176 276 224 199 219 82 225 183 97 235 215 263 20 210 254 221 70 245 262 88 274 259 153 83 236 64 285 60 146 116 86 181 160 245 151 216 91 254 173 88 261 98 170 179 250 95 263 133 189 134 122 170 174 110 247 101 216 110 169 23 74 163 200 143 44 252 185 52 53 35 250 27 181 102 147 229 90 264 191 53 92 125 240 126 154 110
 313 267 255 239 23 224 243 268 301 101 310 67 113 86 307 136 333 12 80 266 136 214 171 119 201 183 153 125 277 108 94 81 342 346 225 69 273 284 30 95 1 256 75 78 288 53 263 235 131 295 209 258 205 62 119 77 250 100 81 137 43 347 244 375 280 62 279 238 276 325 171 288 225 176 226 271 387 69 135 228 316 301 283 297 341 52 185 311 336 121 40 337 287 234 251 348 95 82 222 284 420 301 234 299 52 214 192 181 168 408 193 232 276 357 136 275 266 46 121 205 140 57 278 249 348 52 195 272 79 167 295 178 265 233 71 272 56 227 157 126 156 102 187 301 62 173 106 295 91 109 256 309 146 56 180 310 317 174 220 165 284 276 191 316 262 345 76 297 276 267 153 249 341 181 309 269 223 166 267 140 315 154 239 51 172 238 235 339 244 279 118 347 260 128 320 94 106 125 262 133 341 184 282 228 215 217 234 108 316 161 277 21 247 110 23 73 293 141 109 345 225 108 43 97 339 102 264 145 218 279 77 351 96 147 182 182 315 53 227 204
 395 48 22 75 262 397 127 36 286 163 217 190 330 279 372 166 187 264 316 172 138 227 373 354 201 276 104 361 382 295 311 318 215 318 389 260 19 39 270 183 256 1 182 213 129 292 416 29 270 171 103 89 54 206 142 198 217 193 329 124 297 286 84 265 68 228 267 387 115 146 279 41 166 111 373 303 280 317 173 149 337 79 384 438 332 206 265 332 260 136 259 250 62 128 136 258 163 331 100 236 290 159 291 372 215 133 153 121 247 288 64 358 311 271 330 349 271 213 208 71 277 295 35 272 183 297 365 145 224 193 48 227 27 349 269 95 248 314 110 250 368 334 92 347 195 245 160 194 183 156 165 427 310 298 346 410 199 379 387 201 61 125 135 285 343 298 197 75 403 348 198 410 309 122 406 418 34 201 379 208 422 159 165 293 192 52 24 168 111 47 149 218 218 134 360 279 350 361 409 261 314 274 181 147 118 306 292 176 327 97 50 261 251 189 238 328 190 320 150 213 327 224 220 164 256 201 43 262 39 84 194 273 338 155 180 81 304 255 30 149
 314 194 182 171 82 257 179 194 269 40 258 9 163 117 302 84 272 83 144 209 69 180 216 180 160 176 79 187 285 139 142 145 285 314 255 95 199 210 93 47 75 182 1 60 222 117 290 162 137 235 146 188 132 42 50 42 207 70 150 67 116 306 174 323 207 63 246 261 209 258 169 215 172 107 248 251 337 137 94 170 296 231 290 320 314 25 173 291 290 47 86 289 216 171 188 299 24 151 158 241 365 238 219 296 45 152 136 116 152 355 119 245 258 310 174 271 237 35 93 133 147 121 204 224 284 117 225 210 70 127 222 150 191 242 108 202 84 223 84 122 205 165 119 288 15 154 47 240 49 41 199 323 169 120 207 318 260 220 250 128 213 210 130 280 259 307 38 224 293 265 116 278 307 116 316 295 149 129 277 110 326 99 184 115 131 167 160 273 177 207 55 290 216 59 307 121 172 187 286 134 309 176 226 169 151 213 220 66 293 88 205 83 215 69 57 148 237 171 36 287 228 92 42 26 291 70 190 142 144 211 44 306 164 91 136 110 285 89 153 147
