NAME : domp240p80v10
COMMENT : (Deleplanque et al.) 
TYPE : DOMP
DIMENSION : 240
DISPLAY_DATA_TYPE: NO_DISPLAY
OPEN_FACILITIES : 80
COST_SECTION
 1 181 243 27 366 324 117 162 182 100 120 116 215 174 109 281 150 50 183 152 131 137 246 112 230 108 197 300 148 23 272 58 157 99 244 245 46 296 282 194 137 244 134 122 95 51 241 270 174 362 343 119 300 238 101 170 66 252 320 301 103 185 292 288 146 254 291 44 86 127 193 313 44 90 126 411 125 355 86 183 247 131 240 195 395 205 186 103 94 200 56 174 129 224 175 56 278 57 231 386 74 164 115 242 232 221 219 91 233 280 264 226 289 389 212 81 59 269 174 280 289 88 136 266 300 273 274 298 74 238 103 180 224 201 96 324 306 239 137 299 251 64 277 282 309 315 320 251 184 121 74 136 349 251 89 229 55 190 270 100 252 188 157 45 241 58 294 87 347 44 168 148 319 140 277 228 183 250 192 267 27 324 125 321 281 259 214 216 163 234 298 342 154 394 170 24 25 195 215 106 189 305 234 269 167 367 130 274 239 97 229 135 220 26 104 29 307 206 226 277 108 185 34 284 376 159 286 133 181 51 277 101 124 167 210 261 309 344 33 316
 181 1 360 169 290 242 99 106 5 236 163 154 52 29 175 141 96 170 146 272 77 59 99 219 173 142 79 171 159 163 333 170 164 149 168 312 225 118 236 291 174 334 276 159 140 231 219 302 60 249 263 153 206 148 138 52 130 216 293 290 84 73 116 159 70 196 117 217 235 281 83 136 176 219 57 329 158 251 119 13 215 273 333 323 302 90 83 85 229 33 200 109 282 188 280 223 283 237 318 302 201 18 243 262 253 98 169 260 69 115 105 174 112 316 40 234 226 274 93 345 395 101 233 339 132 96 155 118 251 59 81 70 266 27 257 282 250 95 68 166 78 244 369 297 245 226 193 178 207 280 250 49 258 143 262 61 154 206 101 164 351 73 212 203 236 219 119 125 298 196 28 37 293 277 149 55 159 81 83 248 199 308 159 268 101 152 158 302 236 260 230 248 34 298 127 161 177 131 156 125 284 129 241 98 210 301 52 343 286 223 198 52 339 206 110 169 260 251 312 118 94 53 158 118 299 178 331 272 278 229 210 228 172 129 173 368 147 266 170 255
 243 360 1 230 340 325 345 268 363 319 198 358 409 370 351 373 271 212 244 94 351 346 452 146 263 348 318 369 209 263 106 300 208 341 287 95 226 468 262 72 190 54 334 202 222 222 224 152 314 386 331 361 327 299 341 317 300 242 251 222 284 400 471 364 363 269 473 206 300 128 311 488 211 318 311 377 204 370 319 368 236 115 50 51 382 316 305 317 151 359 190 273 126 240 80 267 193 222 64 362 177 349 335 169 166 328 255 172 372 473 462 258 434 349 370 294 191 192 398 102 49 270 128 86 490 423 344 453 246 407 312 310 138 386 289 273 283 446 352 375 396 225 58 180 293 328 380 285 177 138 250 334 349 323 182 420 296 183 460 197 35 402 155 273 202 187 433 323 294 278 364 343 249 105 356 413 231 439 410 223 255 239 367 286 445 326 261 73 128 161 296 350 327 384 254 262 267 270 264 236 78 445 187 407 162 327 322 95 129 323 234 311 25 234 251 229 273 139 67 393 268 391 274 409 347 194 134 112 83 213 285 146 189 250 240 26 420 329 276 295
 27 169 230 1 341 299 120 139 171 125 94 130 208 167 126 261 127 25 158 137 130 132 242 92 204 119 177 277 123 36 251 77 131 113 220 224 62 286 257 176 112 226 160 96 70 67 216 246 156 338 317 132 275 214 112 152 71 226 294 276 88 183 283 266 145 229 282 49 111 122 172 304 21 115 114 385 99 331 91 173 221 122 223 183 370 184 165 98 80 185 41 151 123 199 158 81 254 73 213 360 55 153 140 218 207 201 194 93 216 274 259 201 275 363 198 107 59 244 176 260 275 71 116 246 293 259 252 285 95 226 97 160 201 191 121 298 280 236 134 278 236 81 260 257 283 290 298 226 158 118 96 127 324 228 94 221 69 165 263 74 236 186 133 71 215 53 279 94 322 69 160 139 293 129 255 219 158 242 192 241 53 299 139 296 269 236 189 197 141 210 273 318 140 369 146 35 47 171 190 82 171 290 209 253 143 341 119 254 217 121 203 121 207 45 82 3 282 183 207 258 89 181 46 267 351 133 263 122 163 62 251 85 98 143 184 247 290 318 52 291
 366 290 340 341 1 49 367 216 294 462 250 418 327 318 431 170 231 320 185 314 352 333 370 294 139 404 214 138 220 365 242 399 212 406 130 246 394 319 89 286 235 287 499 247 272 396 134 190 239 79 28 419 86 146 397 247 364 119 93 121 293 362 333 147 351 113 337 370 450 368 212 333 328 448 295 46 244 62 368 302 125 345 290 342 44 202 214 335 326 261 334 205 367 143 296 421 148 401 277 24 317 297 475 173 179 193 149 384 236 358 361 141 262 27 263 446 366 148 382 252 340 298 281 261 361 264 141 285 430 287 327 228 206 305 461 68 64 369 344 147 249 410 303 163 59 66 126 121 200 375 431 314 40 149 393 328 382 192 345 271 309 362 236 409 148 354 253 375 51 406 316 311 95 338 152 315 184 334 372 121 392 110 426 55 294 140 155 271 252 183 69 51 280 47 201 363 382 179 155 263 282 259 162 241 222 22 305 256 212 454 140 284 336 383 270 339 69 212 274 207 275 342 369 224 11 214 217 341 284 387 91 317 249 203 157 328 208 25 382 52
 324 242 325 299 49 1 319 170 246 418 211 371 279 269 385 125 185 280 142 288 304 285 323 261 96 357 166 96 181 322 235 354 173 359 83 234 355 275 64 265 198 275 456 208 230 357 106 183 191 63 22 372 38 98 350 199 318 88 99 120 247 314 288 102 303 72 292 332 407 338 163 290 288 404 248 90 205 46 321 253 95 316 277 321 72 154 166 288 292 213 296 159 337 106 272 379 141 362 262 64 280 249 431 157 160 145 107 350 189 312 314 99 218 75 215 403 329 138 333 246 332 253 251 253 316 219 94 241 390 239 280 179 188 257 419 73 45 322 296 104 203 371 295 158 34 18 88 75 169 343 392 266 27 100 358 280 338 161 299 232 297 314 205 367 125 317 209 329 73 363 267 263 101 310 106 268 143 287 324 103 351 119 379 53 249 92 112 254 224 165 31 26 231 71 157 320 339 134 111 220 261 217 140 196 192 62 257 249 198 410 105 237 318 342 226 297 59 190 259 163 230 294 326 180 58 177 214 312 261 349 50 284 212 159 118 317 167 26 338 36
 117 99 345 120 367 319 1 155 98 143 169 57 112 78 77 234 139 134 193 252 23 40 133 201 234 44 158 262 183 95 349 82 191 52 238 323 158 197 298 285 187 334 182 168 137 164 269 330 131 337 340 56 286 222 41 123 53 272 349 338 82 71 188 249 36 260 187 160 145 240 158 211 136 126 72 408 169 337 33 93 268 240 331 300 385 169 154 35 197 129 159 164 242 241 269 142 324 169 319 382 170 83 147 294 284 183 226 207 166 171 154 233 207 392 137 145 174 314 58 359 388 86 223 348 191 190 242 208 175 149 43 142 287 107 170 344 316 126 33 258 175 175 369 333 315 305 284 247 232 235 172 56 339 225 205 125 70 235 163 158 346 74 221 122 278 171 215 34 364 113 74 64 348 247 239 128 202 144 77 298 125 360 63 334 188 234 217 302 239 289 301 330 92 382 174 94 103 190 217 131 279 223 278 195 225 374 63 354 306 129 249 83 322 139 116 120 323 270 313 215 103 77 86 216 376 201 354 241 272 166 279 200 178 174 225 360 244 342 93 324
 162 106 268 139 216 170 155 1 110 251 77 204 156 127 216 126 17 125 42 190 143 127 204 141 81 189 52 140 60 156 230 186 63 191 88 210 199 203 144 197 80 236 290 72 75 203 118 197 50 201 190 204 141 77 182 56 149 119 196 189 78 170 207 129 147 107 209 180 242 217 44 222 133 236 85 259 70 196 153 117 116 202 235 238 239 53 38 122 163 95 149 13 217 89 191 216 180 209 220 233 140 103 263 157 148 68 72 211 105 215 207 80 168 241 105 238 182 170 182 242 299 84 147 237 228 156 114 186 233 142 113 43 162 131 256 190 163 200 138 141 129 218 269 192 162 158 160 96 103 219 234 108 193 90 217 164 169 102 200 89 255 171 115 202 132 172 168 160 210 197 122 109 196 202 118 155 54 181 181 147 188 209 212 181 178 99 64 204 141 155 149 185 80 237 22 154 173 38 63 59 191 180 136 141 110 221 96 240 182 242 97 76 250 183 59 137 170 148 214 133 60 153 158 147 226 77 227 200 186 196 127 158 85 24 72 273 164 192 171 171
 182 5 363 171 294 246 98 110 1 236 167 152 48 26 174 143 100 173 150 276 76 58 95 222 177 141 83 174 163 165 337 170 168 148 172 316 227 116 240 294 178 338 276 163 144 232 223 306 64 252 267 152 209 152 138 56 131 221 297 294 87 69 114 161 68 200 114 219 235 284 87 134 179 219 59 332 162 255 119 9 219 276 336 326 305 94 87 85 232 35 202 113 285 193 284 224 288 238 322 306 204 19 242 266 258 102 173 263 71 111 101 178 112 320 41 234 228 278 90 349 399 103 236 343 128 96 158 117 252 57 82 74 270 24 258 286 254 91 66 169 79 246 373 301 249 230 195 182 211 282 251 49 261 146 264 58 154 210 98 167 355 69 215 204 240 221 119 124 302 196 26 37 297 280 152 52 163 77 79 252 200 312 157 272 100 155 162 305 240 264 234 251 37 301 131 163 178 135 160 128 288 128 245 99 214 305 54 347 290 223 202 55 343 207 114 171 264 255 316 120 97 49 159 119 303 182 335 275 282 231 214 231 176 133 177 372 148 270 171 258
 100 236 319 125 462 418 143 251 236 1 218 100 254 219 76 360 237 149 278 236 164 179 268 206 324 104 276 383 246 97 365 69 255 94 336 337 95 339 380 281 236 330 41 220 192 98 340 367 250 451 437 102 391 327 104 244 110 350 419 400 179 208 329 370 178 350 327 118 20 192 274 352 142 18 192 506 223 446 118 233 344 206 326 269 489 286 268 153 181 263 149 262 194 321 262 54 377 98 319 480 169 219 17 341 330 302 314 148 300 309 291 321 347 485 273 26 133 368 187 372 367 169 230 356 329 330 359 349 77 290 159 258 321 248 41 422 403 261 174 381 313 95 361 380 405 407 404 344 283 183 72 189 442 337 139 266 86 289 302 199 334 211 255 56 340 140 354 113 445 58 215 200 417 217 359 270 280 285 211 365 76 423 102 419 330 346 308 305 259 333 394 434 219 487 263 99 81 286 309 200 278 363 333 333 266 463 189 365 336 15 326 203 296 93 194 128 405 304 315 348 192 218 94 351 472 258 380 209 270 108 372 190 223 261 306 340 379 439 81 413
 120 163 198 94 250 211 169 77 167 218 1 203 213 176 207 199 76 72 74 115 168 158 258 65 118 190 128 208 32 124 181 164 40 187 137 156 145 273 164 129 20 173 253 6 34 147 123 163 119 256 228 205 192 137 182 121 139 134 201 184 94 210 275 198 177 140 276 122 205 142 121 292 79 207 119 295 9 247 153 172 128 126 171 164 282 129 114 136 89 162 86 86 142 108 119 173 163 152 157 271 71 153 233 129 119 144 107 143 180 277 267 114 243 272 174 200 119 154 214 192 233 85 73 182 293 230 181 259 181 210 129 116 119 189 212 205 189 253 166 210 204 161 208 169 192 204 225 141 67 145 182 143 237 157 150 224 150 73 263 22 190 213 53 164 123 107 243 159 229 162 170 150 200 126 188 217 70 243 221 148 145 207 212 203 250 163 104 141 75 123 184 232 131 281 71 123 139 95 107 42 122 255 117 216 57 249 130 188 138 214 111 116 178 134 58 92 189 101 151 209 75 199 132 223 260 40 186 124 116 138 163 83 10 67 95 206 240 229 142 200
 116 154 358 130 418 371 57 204 152 100 203 1 160 131 25 290 188 151 240 266 77 96 169 221 283 15 212 317 222 97 377 62 231 18 289 350 147 244 345 304 222 355 135 203 170 152 313 365 185 392 392 4 339 275 23 177 65 318 394 381 127 112 233 304 87 310 231 157 108 242 212 256 150 84 125 460 204 391 53 148 314 247 351 310 438 224 207 84 208 184 169 214 243 288 287 118 364 156 341 434 184 139 100 331 321 237 274 202 221 211 193 282 259 443 192 110 173 354 89 386 404 126 244 373 231 244 297 259 152 201 92 195 320 160 134 391 365 163 87 314 230 159 389 371 365 357 339 298 269 234 148 112 392 279 197 172 63 273 205 188 365 114 252 100 320 174 268 46 412 92 128 120 393 256 294 178 247 190 113 341 112 403 10 383 239 288 266 325 265 325 351 383 147 435 221 97 94 240 266 170 299 276 317 250 259 424 117 381 338 86 295 137 334 131 157 132 371 302 336 271 147 124 85 271 428 239 386 248 292 158 329 214 211 220 271 376 299 394 85 374
 215 52 409 208 327 279 112 156 48 254 213 160 1 43 184 165 146 213 195 320 91 80 49 266 219 152 123 198 210 196 384 192 215 161 211 363 260 86 280 340 224 384 292 209 188 265 267 352 108 277 300 159 242 190 151 102 157 263 338 337 129 52 78 186 77 240 77 255 256 325 129 101 218 236 100 362 208 282 141 42 262 319 383 370 333 133 130 114 274 69 242 158 326 236 329 251 332 271 368 337 245 61 257 311 303 137 215 300 92 67 55 220 105 353 65 256 266 322 78 396 445 144 282 389 86 90 188 101 281 49 113 118 317 26 280 325 292 46 82 192 87 278 419 346 286 262 218 221 257 322 280 82 292 180 301 14 178 256 56 212 401 50 262 230 285 260 115 144 339 222 49 70 338 323 178 19 209 35 57 295 230 354 162 310 80 188 205 352 286 310 271 281 83 329 177 194 207 178 203 174 334 121 290 104 260 339 91 393 336 240 245 99 388 240 159 208 303 302 362 134 142 37 188 127 335 228 382 318 328 265 252 274 222 179 221 418 156 304 199 296
 174 29 370 167 318 269 78 127 26 219 176 131 43 1 153 168 115 172 168 280 56 41 83 227 198 121 106 198 176 155 351 155 182 129 195 328 219 124 262 303 189 348 258 172 149 224 243 322 84 277 291 130 234 175 118 76 117 241 318 314 88 46 118 186 45 222 117 214 220 284 109 140 177 202 60 356 171 279 103 19 239 278 346 331 329 117 108 73 233 60 201 132 285 212 291 212 306 230 332 330 204 26 224 282 274 126 193 259 95 109 95 199 130 344 65 219 224 296 65 363 408 103 243 355 128 114 183 131 242 72 72 95 284 30 243 308 276 78 46 194 100 237 383 318 272 254 220 205 225 281 240 40 286 171 259 56 140 225 97 173 364 46 226 191 258 218 138 108 324 183 7 29 318 282 176 55 180 77 56 272 190 332 135 295 112 179 183 315 249 280 257 276 49 326 148 153 167 155 181 136 296 146 262 120 226 328 50 359 304 206 221 60 349 199 120 166 286 268 326 143 103 27 148 141 327 195 350 277 290 224 237 233 185 150 197 380 170 294 159 281
 109 175 351 126 431 385 77 216 174 76 207 25 184 153 1 308 200 149 250 260 99 116 193 218 295 34 229 335 229 91 376 51 238 27 302 349 133 268 356 300 226 351 111 207 175 138 321 368 202 408 405 27 354 289 38 194 70 328 402 388 139 135 257 322 109 321 255 147 86 231 228 280 146 61 141 474 209 406 64 169 323 238 347 302 453 240 223 99 201 205 163 227 232 298 282 100 369 141 338 448 180 159 76 336 325 254 285 189 242 235 217 293 282 456 213 89 163 360 113 385 397 135 241 371 255 266 314 282 133 224 107 212 322 182 112 401 377 187 108 332 251 143 385 375 377 372 357 311 274 223 130 131 406 295 183 196 59 279 229 191 359 138 254 84 326 165 290 57 422 77 150 140 401 247 311 201 256 213 137 349 99 410 27 394 262 304 278 322 265 329 364 398 165 450 232 92 85 253 278 177 296 299 323 271 262 436 135 379 339 62 304 153 327 120 165 128 382 304 332 291 157 148 81 292 441 244 387 240 288 145 341 208 214 231 281 369 320 407 77 385
 281 141 373 261 170 125 234 126 143 360 199 290 165 168 308 1 135 249 132 307 215 196 205 263 114 277 86 34 174 271 308 292 172 282 93 297 322 150 152 304 197 331 400 194 200 326 165 261 111 113 144 290 90 75 272 117 251 151 209 218 182 209 164 24 209 120 168 304 354 341 90 166 257 343 170 201 192 119 247 150 154 324 332 352 170 77 96 211 287 109 274 116 341 139 302 334 227 332 316 176 265 153 369 224 221 61 120 337 75 189 193 119 94 195 105 351 307 220 232 321 395 195 264 321 192 95 37 117 354 121 204 103 245 147 372 188 153 204 205 27 82 340 361 244 144 108 54 99 197 343 354 179 132 52 343 164 274 191 177 214 353 208 223 316 188 297 86 254 195 310 168 172 209 323 22 151 144 167 217 183 306 227 296 169 125 51 114 303 249 228 128 121 145 165 130 269 287 107 110 183 298 94 200 72 214 186 175 321 262 349 147 158 359 304 180 259 167 237 311 38 174 188 270 56 177 184 295 322 295 320 118 282 205 134 135 373 51 149 284 152
 150 96 271 127 231 185 139 17 100 237 76 188 146 115 200 135 1 115 56 190 128 112 193 139 96 174 55 151 65 143 239 171 70 175 103 218 188 198 159 201 82 241 276 71 67 192 132 208 44 215 206 189 156 92 167 48 134 134 211 203 62 157 202 140 132 123 203 171 228 213 48 218 124 222 70 275 69 210 138 107 131 199 240 239 254 59 41 106 158 89 141 27 213 104 193 204 193 198 225 248 134 91 248 168 160 75 88 204 105 207 199 95 168 256 100 225 174 183 168 251 304 69 148 244 222 155 125 184 222 137 98 41 171 121 243 206 179 189 123 151 128 207 276 205 178 173 172 112 112 214 222 93 208 103 209 155 154 111 193 85 260 158 119 188 145 163 169 145 226 183 110 95 211 200 128 147 67 173 168 162 175 223 196 196 175 111 79 209 145 166 164 200 67 252 36 140 159 53 79 50 194 181 148 142 116 237 82 248 191 228 112 61 252 172 47 126 185 156 219 138 46 141 144 150 241 83 237 197 189 186 142 154 85 37 87 278 169 208 157 187
 50 170 212 25 320 280 134 125 173 149 72 151 213 172 149 249 115 1 139 119 142 140 250 71 185 140 167 264 101 59 228 101 110 134 202 201 77 288 235 155 89 205 182 75 52 80 193 222 148 321 297 153 258 198 132 146 89 205 271 252 87 193 285 253 155 209 285 57 134 113 162 306 10 138 115 365 77 313 108 175 199 108 202 167 351 173 155 109 64 182 31 136 114 178 138 102 230 85 191 340 37 155 164 194 183 190 174 93 210 279 265 182 271 342 195 129 60 221 189 237 256 70 94 224 298 256 237 283 112 226 105 151 177 194 142 276 259 245 145 265 231 94 239 233 262 271 283 207 135 111 113 132 305 214 96 226 91 141 267 51 215 196 109 94 192 51 274 112 299 93 165 144 270 115 242 222 138 247 203 218 75 276 160 274 269 221 170 175 117 186 253 299 139 350 129 58 71 155 172 67 149 286 185 248 119 320 123 231 193 145 182 120 189 63 71 23 260 159 185 250 82 189 69 260 330 111 240 109 142 72 232 67 75 126 164 228 282 298 76 270
 183 146 244 158 185 142 193 42 150 278 74 240 195 168 250 132 56 139 1 176 183 168 243 134 48 226 80 136 45 181 195 215 41 226 64 177 215 234 107 174 67 207 315 70 89 218 77 158 88 183 161 241 120 64 218 95 182 79 157 148 114 211 241 127 188 73 243 193 266 213 73 253 148 264 125 229 67 175 189 157 76 195 207 221 213 75 69 160 162 131 158 38 213 49 171 238 139 223 191 204 144 143 291 117 110 85 37 216 133 251 245 45 193 209 140 262 191 129 223 207 271 116 134 203 264 183 109 213 250 176 151 79 127 170 278 152 128 239 178 139 157 232 239 152 129 133 153 69 71 217 251 148 167 85 224 202 199 67 237 93 227 212 92 225 91 180 191 196 173 222 163 150 156 193 118 193 15 218 222 106 209 168 248 145 209 91 32 176 119 117 117 161 121 212 21 179 198 26 34 79 168 203 96 165 84 188 137 206 146 270 57 116 229 201 87 156 132 115 185 150 94 194 185 166 195 53 189 192 164 209 95 155 78 21 32 246 177 162 198 137
 152 272 94 137 314 288 252 190 276 236 115 266 320 280 260 307 190 119 176 1 258 254 362 55 207 256 241 310 134 171 135 209 136 249 230 109 142 385 228 48 112 96 257 120 133 139 183 154 233 343 299 269 280 238 248 234 207 200 238 212 193 308 386 302 271 221 387 119 217 60 234 404 118 232 222 357 122 330 226 280 194 37 91 51 354 242 227 225 59 275 98 197 59 187 29 182 182 140 86 337 84 260 252 147 139 255 197 96 293 386 374 202 357 330 287 211 104 177 306 140 139 179 44 123 403 344 283 373 168 323 220 230 116 298 211 254 252 356 260 314 317 146 127 176 260 286 325 231 121 70 172 243 314 260 107 332 204 129 373 109 101 311 87 186 168 98 357 230 278 190 274 253 236 27 293 326 165 352 318 195 166 234 275 261 363 265 200 74 65 137 257 312 240 354 180 170 176 201 203 149 47 369 154 330 99 307 232 133 121 238 185 223 71 146 163 136 246 105 82 321 180 301 182 336 323 124 156 33 40 129 241 54 107 176 182 110 351 298 184 265
 131 77 351 130 352 304 23 143 76 164 168 77 91 56 99 215 128 142 183 258 1 20 115 206 222 66 141 243 178 110 347 102 185 74 224 323 174 176 286 288 184 336 203 165 136 180 259 326 114 319 325 77 270 207 63 106 68 261 339 330 76 55 168 230 16 248 166 174 166 251 142 191 145 147 59 393 166 319 51 72 258 249 334 307 368 152 138 34 205 108 169 151 252 231 273 161 317 185 321 366 177 63 169 289 279 165 214 220 145 152 135 221 185 377 116 166 186 307 49 358 392 84 226 348 172 169 224 186 193 127 40 125 284 85 190 332 304 109 11 239 154 191 371 327 301 289 265 233 227 246 191 39 323 208 219 104 89 230 143 159 350 58 220 141 270 182 193 54 351 132 53 44 338 255 220 107 193 124 63 288 142 350 82 322 167 217 205 304 239 284 287 313 74 365 163 109 119 178 204 128 282 202 271 174 223 360 48 354 304 151 239 69 328 155 112 131 311 267 315 194 97 57 101 194 361 196 352 249 275 181 265 207 177 164 214 364 223 327 110 310
 137 59 346 132 333 285 40 127 58 179 158 96 80 41 116 196 112 140 168 254 20 1 111 201 205 84 122 224 166 117 338 115 173 91 206 314 181 164 269 281 174 329 219 156 128 187 244 314 96 300 307 95 251 189 80 87 78 245 323 315 66 55 157 211 21 231 156 178 180 252 123 179 145 162 44 374 156 301 63 55 242 248 327 304 349 134 120 35 203 89 169 135 253 215 268 172 303 192 313 348 175 44 185 276 266 146 198 224 127 144 128 205 168 359 98 179 189 293 58 349 386 77 220 339 164 152 205 171 202 111 37 107 273 70 203 315 286 105 12 220 136 199 364 314 284 271 246 216 215 248 201 21 304 189 223 93 100 217 134 152 344 57 210 152 256 184 176 68 334 143 36 25 322 253 201 94 178 114 65 273 151 335 101 304 152 198 189 297 231 272 269 295 55 346 148 115 128 161 187 118 275 185 257 156 212 342 32 345 293 166 224 53 324 161 102 132 294 256 307 176 85 50 109 176 343 184 340 248 269 187 248 205 168 148 198 358 205 309 120 293
 246 99 452 242 370 323 133 204 95 268 258 169 49 83 193 205 193 250 243 362 115 111 1 308 266 165 170 238 256 225 431 213 262 175 258 409 289 88 327 385 270 430 303 254 231 294 315 399 156 316 343 167 286 236 166 149 183 310 385 384 169 63 73 227 100 287 69 287 273 362 176 94 255 251 141 404 253 323 164 88 310 358 428 412 374 180 178 145 313 116 279 206 363 284 373 274 380 300 413 379 284 106 268 359 351 183 263 334 135 44 26 268 129 396 111 274 300 370 81 443 490 184 325 436 63 118 230 116 306 85 147 166 364 74 299 371 338 7 109 231 124 306 464 394 332 306 257 268 304 358 304 120 334 225 333 44 202 304 43 255 446 60 308 253 332 294 140 166 385 245 89 110 386 363 220 56 256 40 58 343 257 401 169 356 96 232 253 397 331 358 316 323 129 369 224 223 234 226 250 218 378 143 338 137 307 384 131 440 384 253 293 142 430 269 202 243 349 348 408 171 185 63 216 159 378 275 429 357 372 295 298 314 267 227 269 462 186 347 224 341
 112 219 146 92 294 261 201 141 222 206 65 221 266 227 218 263 139 71 134 55 206 201 308 1 172 209 191 269 90 127 161 168 94 203 193 134 116 332 206 85 68 135 234 70 79 116 161 163 181 311 275 223 247 197 201 182 159 176 229 206 140 255 333 260 218 190 334 91 189 80 184 351 72 199 168 338 73 300 177 226 170 63 132 105 330 193 177 173 34 222 58 149 80 156 69 154 179 119 121 315 39 206 222 142 132 208 161 92 243 332 320 167 306 312 235 183 80 171 254 169 188 125 25 155 349 292 242 321 149 270 167 179 118 245 189 239 231 303 207 272 266 127 170 179 237 256 286 196 95 85 152 190 287 218 102 278 160 103 319 56 146 258 60 152 151 70 306 182 264 154 220 199 227 62 250 273 126 298 265 179 132 229 230 242 310 224 161 106 55 133 231 283 186 330 134 126 136 157 164 96 80 319 140 280 73 289 178 163 131 206 157 169 124 114 109 90 228 101 116 273 126 247 138 287 303 86 175 60 72 105 212 24 58 130 147 159 304 275 143 243
 230 173 263 204 139 96 234 81 177 324 118 283 219 198 295 114 96 185 48 207 222 205 266 172 1 269 97 107 87 228 195 261 80 270 25 183 260 242 65 195 106 219 362 114 135 263 54 150 115 141 114 284 76 41 262 123 227 45 121 120 157 243 252 102 224 27 254 238 313 251 91 260 193 310 164 183 111 130 232 185 45 231 220 247 167 87 91 202 202 151 202 72 250 25 197 284 120 268 204 157 187 175 337 111 107 88 12 258 142 267 264 6 194 162 157 309 235 111 258 208 282 161 166 208 277 187 83 216 296 191 193 104 132 194 324 111 83 263 216 113 163 277 247 136 83 87 119 25 89 256 297 185 121 64 266 224 245 82 253 137 241 243 121 272 76 224 189 240 130 268 195 185 121 227 96 213 49 237 253 78 256 136 291 101 216 65 18 192 145 114 71 115 154 166 64 226 244 45 19 125 190 200 87 166 109 142 175 208 148 317 34 154 251 247 133 202 90 125 199 142 138 224 232 160 148 87 183 227 188 255 48 194 119 65 26 261 164 116 244 92
 108 142 348 119 404 357 44 189 141 104 190 15 152 121 34 277 174 140 226 256 66 84 165 209 269 1 198 304 209 87 364 56 217 12 275 338 141 236 331 293 208 343 141 189 157 147 299 352 172 378 377 17 325 261 9 164 52 304 380 367 113 105 226 291 77 295 224 150 110 233 198 249 139 87 111 446 191 377 38 137 300 238 340 300 424 210 194 70 198 172 159 199 235 273 276 115 350 151 329 420 173 127 106 318 307 224 260 195 209 205 188 268 249 429 180 111 165 340 84 374 393 112 232 361 226 233 283 250 149 191 78 182 307 150 136 377 351 158 76 301 219 154 378 357 350 343 326 284 255 227 146 99 378 265 191 164 53 259 199 175 354 108 239 96 306 165 257 32 398 88 117 107 379 246 280 169 233 182 108 327 106 389 24 369 230 274 252 313 253 312 337 369 133 421 207 87 87 226 251 156 288 266 303 238 245 410 104 369 325 90 281 123 324 125 142 121 357 289 324 258 132 116 76 259 413 225 373 239 280 151 315 203 197 206 257 365 288 380 77 359
 197 79 318 177 214 166 158 52 83 276 128 212 123 106 229 86 55 167 80 241 141 122 170 191 97 198 1 108 110 187 274 208 112 203 90 256 238 155 159 248 131 284 316 123 121 243 146 236 28 181 187 212 131 71 193 36 168 141 217 215 98 150 162 95 139 119 164 222 270 266 9 174 175 260 89 254 120 180 166 91 140 252 284 289 229 13 15 130 212 55 194 47 267 115 242 249 212 248 268 227 187 84 286 195 189 27 94 257 55 173 169 99 117 240 62 267 226 203 169 286 348 111 198 282 185 106 86 136 270 98 123 19 206 98 288 204 172 167 132 106 79 257 317 227 168 150 130 101 149 267 270 103 184 68 262 128 191 146 159 138 304 151 165 232 166 216 117 173 220 226 103 99 217 252 84 117 94 142 161 174 221 232 219 190 130 78 84 253 191 196 152 174 68 225 66 184 203 59 81 103 241 129 173 90 159 224 96 285 225 266 125 77 301 221 97 176 182 194 262 84 90 131 186 97 223 126 268 250 237 237 132 207 135 70 102 323 116 190 199 177
 300 171 369 277 138 96 262 140 174 383 208 317 198 198 335 34 151 264 136 310 243 224 238 269 107 304 108 1 180 291 297 315 176 309 84 288 338 181 132 301 202 324 423 203 213 342 152 247 134 80 114 317 62 73 298 142 275 136 185 198 204 240 196 14 239 105 200 319 376 348 110 196 272 367 195 168 200 86 273 181 140 330 326 352 137 98 116 237 296 139 287 129 348 131 302 353 210 348 310 143 276 182 393 212 210 82 115 348 107 222 226 112 125 163 137 373 321 204 263 309 387 216 268 311 224 127 28 147 372 154 229 126 236 179 392 162 128 237 234 10 115 356 352 228 118 79 23 86 195 352 372 207 100 52 355 196 298 188 209 224 347 240 224 337 176 310 115 280 166 331 198 200 186 327 25 184 145 200 249 166 325 204 323 142 157 46 111 298 249 217 104 89 171 132 138 289 308 113 108 198 295 122 189 104 213 155 201 310 252 372 137 183 357 322 197 276 143 231 305 70 193 220 291 86 145 187 281 327 294 335 98 289 212 142 131 366 73 118 305 125
 148 159 209 123 220 181 183 60 163 246 32 222 210 176 229 174 65 101 45 134 178 166 256 90 87 209 110 180 1 151 176 188 10 207 106 154 176 261 135 138 23 177 282 28 56 178 95 149 108 226 197 224 161 108 201 112 160 105 175 160 103 215 266 171 185 109 267 152 233 169 103 281 109 234 123 265 25 216 171 170 99 151 176 181 251 109 97 149 118 152 116 65 169 78 133 203 143 183 161 240 101 152 260 112 102 122 76 173 164 271 263 83 227 242 164 229 149 133 222 188 240 99 91 180 286 215 153 245 211 200 141 102 109 185 242 177 159 252 175 183 188 192 211 151 162 173 197 111 51 173 213 148 206 129 181 219 174 53 257 52 196 217 56 192 98 138 226 178 200 190 171 153 174 149 161 211 39 237 226 122 174 182 231 174 237 135 74 145 82 108 153 201 129 251 47 149 166 68 76 54 132 238 96 199 52 219 135 184 129 241 82 118 192 164 68 121 160 93 155 188 82 201 157 203 230 20 176 148 127 169 132 111 34 43 64 214 217 198 168 169
 23 163 263 36 365 322 95 156 165 97 124 97 196 155 91 271 143 59 181 171 110 117 225 127 228 87 187 291 151 1 286 42 160 79 241 259 65 278 284 210 143 261 135 126 96 71 245 281 162 356 341 99 296 232 80 157 44 254 324 307 90 163 272 279 125 254 271 66 87 148 183 294 56 84 110 410 128 351 64 164 249 152 257 215 393 195 176 83 112 185 74 168 150 225 192 64 286 77 247 384 90 146 111 251 240 212 217 113 219 260 244 225 273 389 196 83 80 277 152 295 308 77 151 281 279 257 266 280 89 221 84 169 235 182 102 327 307 218 117 290 236 83 295 290 309 312 312 248 190 142 88 117 346 244 110 209 35 196 250 106 270 167 167 47 246 79 278 65 350 42 149 129 323 160 268 209 184 230 171 271 37 330 105 323 263 253 212 232 176 243 297 339 138 391 167 3 18 191 213 104 206 289 241 254 176 367 112 289 251 91 231 120 239 46 98 38 309 217 242 264 99 165 12 271 375 163 298 153 198 72 275 118 130 164 210 280 296 343 18 317
 272 333 106 251 242 235 349 230 337 365 181 377 384 351 376 308 239 228 195 135 347 338 431 161 195 364 274 297 176 286 1 327 170 360 217 28 272 428 174 88 165 55 389 183 213 270 146 53 279 297 237 379 245 235 356 284 313 161 150 122 273 389 434 294 357 192 436 247 347 193 266 447 231 359 296 276 183 280 329 344 157 171 60 130 285 268 262 316 185 323 218 230 191 171 108 312 96 272 54 263 199 327 381 86 89 276 191 230 326 443 436 190 384 248 333 341 234 98 394 14 99 264 137 22 457 376 275 405 301 370 309 271 69 359 343 175 191 426 346 303 350 278 62 80 202 241 303 212 128 203 305 321 257 258 241 393 318 129 429 191 73 391 129 312 122 226 381 335 194 314 345 327 148 160 289 384 180 410 400 135 292 136 386 190 402 258 199 63 112 82 208 260 303 287 210 285 296 218 203 221 90 392 109 356 126 227 308 15 49 365 163 292 112 273 237 249 179 83 56 335 253 375 296 353 248 157 29 167 97 260 203 176 172 207 178 90 358 235 302 202
 58 170 300 77 399 354 82 186 170 69 164 62 192 155 51 292 171 101 215 209 102 115 213 168 261 56 208 315 188 42 327 1 197 46 272 300 86 277 319 250 182 301 109 165 133 92 282 321 182 384 374 65 326 261 51 176 42 290 362 346 112 152 269 303 117 287 268 97 66 181 206 292 97 53 124 443 167 380 53 168 285 188 297 251 424 218 200 86 151 196 113 197 183 261 232 62 326 96 288 417 130 153 79 291 280 234 251 141 232 252 235 259 281 423 206 65 113 316 135 336 347 103 192 322 272 265 292 285 95 225 91 191 276 184 89 363 342 207 111 313 246 99 334 331 343 343 337 280 230 174 92 122 377 270 136 206 18 236 244 146 309 155 208 42 285 115 288 49 386 33 150 134 361 197 291 208 219 225 157 309 51 369 69 358 266 279 245 272 217 284 331 369 151 422 199 43 35 222 245 138 246 298 280 266 216 402 122 330 292 58 267 135 277 71 130 79 345 258 283 280 126 158 33 284 409 202 339 189 238 97 309 158 170 197 245 319 311 376 26 351
 157 164 208 131 212 173 191 63 168 255 40 231 215 182 238 172 70 110 41 136 185 173 262 94 80 217 112 176 10 160 170 197 1 216 100 149 184 264 126 137 27 174 290 36 65 186 86 142 111 220 190 233 155 104 209 116 169 96 166 151 111 221 269 168 193 102 270 160 242 174 104 283 118 243 130 256 34 209 180 175 90 155 174 182 244 110 98 157 123 156 124 66 173 69 133 211 134 191 158 232 108 158 269 104 95 122 69 179 166 275 267 76 228 233 167 237 157 124 230 182 237 107 93 176 290 216 149 246 219 204 149 105 103 190 251 168 150 257 182 179 190 200 208 143 154 166 192 104 44 178 221 155 199 125 187 224 183 45 261 60 194 223 54 201 90 145 226 187 191 198 177 160 165 152 158 215 33 242 233 113 183 173 240 165 240 131 68 143 81 100 145 194 135 243 47 158 175 66 71 63 131 238 88 200 48 211 142 179 123 250 73 124 191 172 76 129 151 88 152 187 90 207 166 203 221 15 170 152 127 177 124 116 40 43 56 212 216 190 177 161
 99 149 341 113 406 359 52 191 148 94 187 18 161 129 27 282 175 134 226 249 74 91 175 203 270 12 203 309 207 79 360 46 216 1 277 333 131 246 332 287 205 337 132 187 154 137 298 348 176 382 380 21 328 263 12 168 48 304 379 366 114 115 236 296 86 296 234 141 99 225 202 259 132 77 115 448 188 380 39 144 300 230 334 293 427 214 197 73 190 179 152 201 227 274 269 105 348 141 324 422 167 133 97 315 305 228 261 186 216 216 198 269 257 431 187 101 156 338 95 369 386 111 227 356 236 241 287 258 139 200 81 186 304 158 125 377 352 169 84 306 226 144 372 355 352 346 331 286 253 218 136 104 380 269 181 174 45 257 209 171 347 118 235 86 304 157 265 32 398 78 125 114 378 238 285 178 232 192 118 326 97 388 27 370 238 278 253 308 248 309 339 372 139 424 208 79 78 227 253 154 282 274 302 246 242 411 108 364 321 80 281 127 317 115 142 114 357 286 318 265 133 126 68 266 415 223 369 231 274 142 316 196 194 207 257 358 294 382 68 361
 244 168 287 220 130 83 238 88 172 336 137 289 211 195 302 93 103 202 64 230 224 206 258 193 25 275 90 84 106 241 217 272 100 277 1 206 277 227 71 219 127 242 375 132 151 280 73 170 113 121 104 290 57 23 268 121 236 61 129 133 164 239 237 79 225 32 240 255 326 273 86 244 210 322 167 173 129 112 239 180 63 253 243 271 153 79 88 207 223 143 221 77 272 48 220 299 137 285 227 146 207 172 349 132 129 76 34 278 128 255 254 30 176 155 148 322 254 129 257 229 305 170 189 230 263 171 60 198 312 179 198 101 154 187 339 115 83 255 217 89 148 294 270 154 79 72 96 11 113 277 313 187 106 43 286 215 255 105 241 156 264 240 144 286 97 242 170 246 131 281 192 184 130 249 73 203 69 226 250 94 270 146 297 101 200 42 33 215 168 136 64 99 153 151 75 239 257 51 31 139 213 181 109 149 132 137 177 230 170 328 55 156 274 263 144 218 93 149 223 122 147 220 244 141 139 109 203 250 212 272 43 215 139 78 49 284 142 106 257 88
 245 312 95 224 246 234 323 210 316 337 156 350 363 328 349 297 218 201 177 109 323 314 409 134 183 338 256 288 154 259 28 300 149 333 206 1 245 410 171 62 141 42 362 159 188 243 137 59 259 296 239 352 240 222 330 264 287 154 157 128 249 365 416 284 333 184 418 220 319 167 248 429 204 331 273 283 159 279 303 323 150 145 45 109 289 251 244 291 158 304 191 211 165 159 81 284 99 245 34 268 172 305 353 79 78 260 178 204 309 423 415 179 369 255 314 313 207 99 370 37 101 239 109 28 437 360 265 389 274 351 284 252 53 338 316 179 191 405 322 294 333 251 65 86 202 238 296 202 108 177 277 298 258 246 215 372 291 111 409 166 64 367 104 284 114 198 366 309 201 286 323 304 155 134 278 364 163 390 376 132 264 146 359 193 385 247 185 37 86 72 206 259 282 291 192 258 269 201 189 197 63 377 100 341 103 233 285 32 38 338 152 269 95 245 213 222 180 63 33 321 230 353 269 339 253 135 49 141 70 232 198 149 147 188 164 84 346 236 275 203
 46 225 226 62 394 355 158 199 227 95 145 147 260 219 133 322 188 77 215 142 174 181 289 116 260 141 238 338 176 65 272 86 184 131 277 245 1 341 308 187 160 236 119 148 128 7 265 278 216 396 372 150 333 273 135 213 107 277 340 318 147 227 336 327 189 284 335 27 76 101 233 358 68 93 171 439 151 388 127 228 272 112 232 176 426 245 226 147 88 244 63 211 103 252 168 42 293 12 226 415 82 209 111 256 246 262 249 58 276 324 308 257 333 415 256 70 39 285 215 279 274 131 139 263 344 318 312 342 37 283 148 221 233 246 73 347 332 282 181 339 295 20 267 294 336 347 358 283 202 92 38 181 380 288 51 273 91 210 314 125 240 230 171 50 260 48 338 126 371 57 213 193 338 123 316 273 213 294 234 288 36 342 154 346 326 296 246 212 170 247 327 374 198 425 205 67 57 230 247 142 184 349 252 313 183 393 174 272 246 98 255 179 202 21 143 64 332 216 221 319 150 229 74 328 404 182 289 115 177 14 306 97 146 201 238 247 351 373 67 344
 296 118 468 286 319 275 197 203 116 339 273 244 86 124 268 150 198 288 234 385 176 164 88 332 242 236 155 181 261 278 428 277 264 246 227 410 341 1 295 398 280 437 377 268 254 347 295 388 155 254 294 243 239 205 236 152 240 285 353 358 202 134 18 173 162 257 23 334 341 398 163 20 294 321 174 346 266 264 225 115 286 389 437 435 314 161 167 196 345 111 317 200 399 264 390 335 361 353 421 323 317 134 342 348 342 155 243 378 103 51 65 245 58 343 99 341 343 352 158 440 500 218 344 436 45 57 183 37 365 63 195 160 360 96 365 334 300 92 167 173 80 360 471 377 291 258 196 236 303 397 363 162 280 187 379 73 263 300 46 277 457 131 316 314 316 336 68 229 343 306 130 149 354 392 170 70 248 56 135 319 313 371 246 316 27 192 233 406 342 349 276 269 150 309 220 276 290 211 230 238 392 65 325 81 311 335 168 439 379 325 273 169 449 322 225 286 313 348 415 113 209 121 271 96 325 278 420 388 387 345 262 343 281 223 253 475 116 298 282 300
 282 236 262 257 89 64 298 144 240 380 164 345 280 262 356 152 159 235 107 228 286 269 327 206 65 331 159 132 135 284 174 319 126 332 71 171 308 295 1 203 149 211 416 162 189 310 46 122 179 125 73 346 74 93 324 187 287 31 59 67 219 306 306 133 288 41 309 284 367 280 154 312 243 367 228 133 159 109 294 248 37 258 214 259 127 148 154 265 238 212 247 135 279 60 210 336 81 314 199 111 230 238 393 94 97 146 72 296 198 325 323 65 242 109 217 362 278 77 322 185 270 221 193 191 333 239 117 265 343 249 256 168 125 256 376 47 26 325 280 140 217 323 233 99 34 69 134 61 112 287 345 249 89 109 305 284 304 103 311 185 234 307 148 326 62 267 235 301 68 323 258 249 60 251 131 273 101 296 317 40 308 77 354 40 269 105 82 191 164 102 35 89 218 128 125 282 299 109 83 182 198 245 77 216 134 86 239 188 135 373 54 218 255 297 192 254 27 128 196 187 200 288 289 205 99 127 154 254 199 300 35 229 163 126 76 254 201 72 301 38
 194 291 72 176 286 265 285 197 294 281 129 304 340 303 300 304 201 155 174 48 288 281 385 85 195 293 248 301 138 210 88 250 137 287 219 62 187 398 203 1 119 51 304 133 155 185 161 113 244 324 274 307 263 231 285 247 243 179 203 176 218 335 401 295 299 204 403 164 263 106 240 417 156 277 245 327 134 309 261 300 173 84 48 57 327 246 234 255 102 288 138 202 104 173 21 228 146 187 39 309 121 281 297 114 108 258 187 143 302 404 394 190 364 299 300 257 150 142 336 93 106 205 63 76 420 352 276 382 215 337 249 239 81 317 258 222 226 379 288 306 326 192 86 137 235 266 313 218 108 116 219 268 291 254 154 351 243 115 391 131 63 337 84 230 142 143 363 266 245 233 296 276 202 73 287 344 161 370 345 166 210 196 313 232 374 258 192 26 58 104 235 290 258 329 183 209 218 200 195 168 7 375 127 336 91 276 256 86 81 283 168 243 56 190 184 174 218 76 35 323 201 325 221 339 295 123 110 80 14 175 222 94 119 179 172 79 350 273 225 238
 137 174 190 112 235 198 187 80 178 236 20 222 224 189 226 197 82 89 67 112 184 174 270 68 106 208 131 202 23 143 165 182 27 205 127 141 160 280 149 119 1 161 270 20 52 162 106 145 126 246 214 223 181 130 200 129 158 118 183 165 109 225 283 193 193 127 285 136 222 147 123 299 96 225 133 280 19 235 171 184 112 129 160 160 269 130 117 153 97 170 100 86 147 94 112 190 145 167 145 256 83 165 251 111 100 144 95 153 184 287 278 102 247 256 182 217 132 135 230 176 223 102 69 167 303 235 175 264 196 218 146 121 102 200 229 188 173 265 182 205 208 176 196 151 177 192 219 130 49 151 198 157 224 151 161 234 169 54 273 39 179 227 39 182 104 120 247 178 212 180 183 164 182 127 184 227 59 253 236 130 163 188 231 187 256 157 95 129 63 105 170 220 142 268 69 141 157 91 97 57 113 259 99 220 40 234 145 172 121 232 96 129 171 150 73 110 173 84 139 210 90 213 150 225 245 23 169 126 108 153 149 89 15 65 82 196 239 215 160 184
 244 334 54 226 287 275 334 236 338 330 173 355 384 348 351 331 241 205 207 96 336 329 430 135 219 343 284 324 177 261 55 301 174 337 242 42 236 437 211 51 161 1 351 177 202 234 176 99 284 336 280 357 279 257 336 288 293 193 198 169 264 382 442 320 347 222 443 213 312 148 276 456 206 326 291 324 177 319 311 344 188 128 6 79 330 281 271 303 152 329 189 239 146 195 70 277 140 234 17 309 172 325 346 119 117 291 212 189 338 447 438 214 399 296 340 306 199 140 384 53 65 253 112 36 462 389 301 419 262 377 297 278 90 360 305 220 232 425 336 330 362 240 36 126 242 278 334 239 137 158 266 314 298 281 200 394 294 142 433 178 24 384 123 280 153 192 397 316 242 283 342 322 196 117 313 387 193 413 392 172 260 186 364 234 413 283 219 33 99 111 246 300 302 332 219 260 268 232 222 213 56 409 138 371 127 274 302 46 78 332 188 288 58 240 229 224 221 95 23 354 247 371 271 371 294 160 82 124 64 223 237 144 164 215 198 43 379 277 276 244
 134 276 334 160 499 456 182 290 276 41 253 135 292 258 111 400 276 182 315 257 203 219 303 234 362 141 316 423 282 135 389 109 290 132 375 362 119 377 416 304 270 351 1 255 228 120 375 396 290 490 475 137 430 366 142 284 150 385 452 433 219 245 367 410 216 387 364 144 50 208 313 390 175 58 232 543 258 485 158 273 380 224 347 285 527 326 307 193 206 303 178 301 210 358 284 82 409 118 342 518 198 259 36 372 361 342 351 164 340 345 327 359 386 522 313 54 156 400 223 395 382 208 257 379 365 370 399 389 90 329 199 298 350 288 47 457 439 297 213 421 353 112 380 410 442 446 444 382 316 197 86 229 480 377 154 304 127 322 339 233 353 248 286 91 373 165 394 152 481 95 254 240 451 236 399 309 316 323 247 400 109 456 136 455 369 386 346 329 287 363 431 473 259 525 301 137 119 325 346 237 301 403 366 373 298 500 229 388 364 54 362 243 312 122 232 162 441 333 337 388 232 256 133 392 509 292 407 228 293 131 409 215 256 298 343 357 419 476 120 450
