NAME : domp160p53v8
COMMENT : (Deleplanque et al.) 
TYPE : DOMP
DIMENSION : 160
DISPLAY_DATA_TYPE: NO_DISPLAY
OPEN_FACILITIES : 53
COST_SECTION
 1 71 211 248 360 138 296 149 280 217 260 135 151 97 183 194 157 301 51 224 168 250 334 54 135 272 117 172 107 221 260 108 173 153 140 151 214 204 72 178 183 133 189 88 184 143 82 236 246 177 211 308 216 261 273 316 234 199 52 146 345 153 144 370 197 298 229 103 335 254 100 317 334 238 6 239 124 254 51 321 321 53 224 305 96 275 114 124 196 57 227 249 201 297 327 127 234 155 252 113 240 360 366 58 30 151 79 313 275 139 283 67 79 195 263 163 55 202 131 107 87 169 299 86 98 224 237 208 338 318 266 261 320 152 111 283 280 285 351 206 260 78 87 208 72 207 278 241 78 213 28 189 296 243 296 226 288 344 292 174
 71 1 276 314 428 132 364 178 345 284 330 204 201 157 186 256 225 368 75 260 237 320 402 121 164 337 162 230 87 239 325 152 169 218 188 157 233 248 47 244 249 189 227 156 253 208 14 300 297 206 277 367 275 327 343 386 302 206 73 211 409 116 208 435 260 367 295 130 398 322 136 374 394 242 66 286 187 306 77 384 380 19 281 374 54 344 164 168 253 103 276 310 265 363 385 179 303 204 314 181 309 425 432 124 97 123 148 372 333 204 332 126 149 237 315 226 104 243 200 168 48 238 368 115 118 258 305 247 399 387 336 310 384 155 180 352 349 346 414 259 322 46 129 258 73 262 345 310 118 279 90 204 354 309 365 294 354 412 362 162
 211 276 1 172 236 245 96 172 201 158 114 92 108 188 343 181 59 199 246 307 92 103 218 158 173 200 233 70 255 346 51 232 252 163 120 226 339 270 252 157 152 99 145 155 105 159 284 192 268 173 15 114 216 54 119 167 142 349 248 66 261 301 69 267 177 165 20 260 262 59 168 129 131 386 214 118 90 103 208 113 122 260 225 176 274 137 131 237 215 179 111 217 176 88 133 116 64 234 215 102 134 265 255 180 182 286 135 116 88 74 131 196 143 131 274 172 219 279 95 111 296 121 112 187 197 311 45 288 134 124 90 121 249 321 122 109 136 86 270 239 57 287 232 251 270 72 176 73 172 12 205 331 102 37 172 42 79 230 136 269
 248 314 172 1 116 351 164 304 35 32 80 140 247 161 277 67 153 55 250 189 103 84 90 212 297 31 180 221 340 248 194 187 373 98 252 345 243 154 316 72 66 223 298 161 81 108 326 33 121 317 158 266 78 168 90 98 31 272 252 179 103 390 183 124 61 73 178 223 98 145 274 285 268 299 253 287 193 274 278 238 268 296 83 73 340 70 246 179 95 256 279 55 55 192 283 239 117 150 51 166 42 115 119 191 229 382 188 264 251 180 300 190 176 288 119 92 216 167 143 209 308 85 140 282 297 195 143 175 269 162 119 292 83 269 147 117 78 239 110 113 213 299 203 128 267 239 36 112 263 162 225 252 257 163 63 137 190 99 95 385
 360 428 236 116 1 453 178 395 90 146 124 240 333 276 383 180 242 62 364 281 202 136 27 321 392 99 293 300 447 345 234 301 471 213 342 443 341 252 427 186 181 314 379 273 182 222 440 138 203 403 223 294 180 206 119 73 128 375 366 269 66 497 273 42 175 73 233 337 82 186 374 313 283 396 365 350 287 329 387 252 290 409 180 62 451 101 341 292 201 363 345 142 169 210 306 331 174 260 137 268 124 52 26 305 340 488 295 290 293 271 348 304 286 366 192 207 330 265 244 307 423 193 147 385 399 287 194 271 282 156 151 347 83 379 255 135 102 273 73 213 256 413 318 226 382 307 83 164 367 226 339 355 290 211 69 196 213 20 103 485
 138 132 245 351 453 1 339 82 386 323 336 215 140 227 310 311 215 400 181 361 253 324 430 145 75 380 254 179 47 356 283 245 39 270 127 32 349 339 86 290 292 147 133 202 274 259 128 349 377 101 252 300 340 297 346 395 330 329 181 190 453 63 186 472 313 384 260 238 447 302 81 301 332 367 135 201 168 228 89 332 315 133 348 393 84 356 117 261 322 99 193 367 316 326 315 130 294 290 369 187 331 465 465 184 137 45 166 307 268 186 247 199 181 148 393 282 192 338 211 147 179 268 354 71 56 361 285 345 337 367 327 225 432 279 207 346 359 287 460 337 272 175 224 340 193 198 375 304 89 252 164 323 290 281 386 278 317 441 366 37
 296 364 96 164 178 339 1 265 181 167 85 165 201 252 402 206 140 164 324 340 142 83 168 244 267 184 291 162 350 391 66 293 345 206 214 319 384 303 344 188 182 194 232 226 140 207 373 194 282 263 90 118 233 44 77 106 139 403 326 157 222 395 161 215 200 118 81 326 230 43 263 137 109 437 300 186 181 160 300 78 114 347 241 129 367 100 225 294 242 271 184 218 195 34 130 210 69 280 214 184 125 219 201 256 268 381 218 113 119 164 175 268 221 216 282 210 293 314 168 203 379 161 32 281 291 345 60 323 109 31 48 178 220 384 193 51 93 97 231 265 86 369 299 279 348 154 149 65 266 89 286 384 114 60 130 71 37 178 82 363
 149 178 172 304 395 82 265 1 338 277 274 166 65 211 330 276 155 347 199 355 201 262 373 125 15 333 249 104 112 364 206 242 81 237 55 56 357 326 135 251 252 82 53 177 223 227 179 308 353 30 182 219 309 222 282 332 278 346 200 128 405 144 124 419 276 324 185 247 401 230 50 220 251 386 148 121 112 147 107 252 234 171 318 334 146 296 60 256 295 93 113 329 278 249 234 66 228 277 330 141 277 414 410 172 132 126 134 226 187 126 168 192 153 68 366 250 196 328 163 97 219 223 283 66 61 356 215 336 256 294 259 145 386 300 169 278 297 207 412 314 193 213 226 321 218 119 322 238 73 181 167 335 209 207 328 209 240 385 302 99
 280 345 201 35 90 386 181 338 1 65 99 174 280 190 294 92 186 32 279 196 138 106 65 246 332 10 205 253 374 259 218 212 408 129 286 380 255 165 349 103 98 257 331 194 116 138 358 49 122 350 187 289 91 191 104 95 62 287 281 213 69 423 217 91 87 71 205 248 64 168 308 308 287 310 285 318 227 303 312 257 289 327 92 66 373 81 280 203 112 290 310 55 82 211 304 273 143 171 50 201 68 81 89 223 262 416 222 286 277 213 328 220 210 321 114 120 245 178 177 244 337 119 153 316 331 202 168 185 288 172 138 321 50 290 181 131 89 263 76 125 239 328 230 138 295 270 33 136 298 191 257 267 281 188 58 164 209 72 103 419
 217 284 158 32 146 323 167 277 65 1 86 113 223 131 254 43 130 85 220 175 79 86 119 182 270 58 153 200 310 231 187 159 345 69 227 317 225 139 285 42 36 198 275 131 58 77 296 35 117 292 144 259 67 163 99 119 31 251 222 156 132 360 160 154 37 95 166 196 125 141 246 277 265 280 222 270 167 259 248 237 263 265 75 98 310 84 219 153 77 227 261 60 31 192 277 213 111 127 59 139 45 145 150 161 199 352 158 258 241 155 287 160 146 267 120 63 186 151 116 182 278 56 147 253 268 181 135 159 266 170 121 277 110 244 117 123 92 231 139 99 204 269 175 114 238 221 64 108 234 148 195 231 250 155 88 127 188 129 109 356
 260 330 114 80 124 336 85 274 99 86 1 129 211 193 333 127 122 88 277 260 93 13 105 213 271 101 226 177 335 315 122 231 351 138 220 323 309 224 320 115 108 193 256 177 79 142 341 110 199 280 101 191 151 94 15 60 56 332 279 148 150 384 153 153 121 52 113 266 154 71 256 210 190 363 265 230 169 211 278 160 191 311 158 63 344 24 222 228 162 251 224 134 116 114 207 210 52 207 130 155 42 152 141 210 235 373 186 189 181 152 234 216 182 243 198 138 243 236 133 190 335 98 63 270 283 266 75 244 191 85 40 230 142 320 150 39 24 166 159 184 143 325 241 199 298 185 68 43 252 104 243 312 184 94 59 74 112 116 33 366
 135 204 92 140 240 215 165 166 174 113 129 1 113 97 252 115 36 186 161 224 39 118 216 86 159 169 142 99 209 257 141 141 235 83 117 207 250 189 192 90 89 88 167 64 60 76 215 144 199 181 86 204 150 134 141 187 116 258 163 51 242 258 53 259 114 172 110 169 236 123 136 218 222 296 139 177 55 175 150 203 213 186 160 181 217 146 107 147 142 124 166 166 115 171 224 101 100 147 166 29 118 252 251 92 108 248 59 207 175 47 206 106 58 161 210 95 131 195 5 71 216 58 165 145 160 227 107 205 226 185 133 190 222 230 31 149 150 177 249 164 148 206 141 174 184 129 162 107 127 90 122 241 192 116 173 95 162 227 161 247
 151 201 108 247 333 140 201 65 280 223 211 113 1 182 322 228 95 287 198 324 145 199 312 108 66 277 225 40 158 345 144 220 145 193 15 119 337 292 166 202 201 28 55 144 166 184 206 255 310 71 117 169 262 159 219 268 220 334 200 68 346 199 64 358 227 261 121 235 343 166 70 174 199 374 152 89 60 106 126 195 184 189 272 272 184 233 39 232 252 100 78 278 228 187 187 25 164 245 278 94 217 354 349 151 125 183 102 176 135 69 133 171 121 52 322 205 184 296 112 56 234 170 218 92 98 326 151 305 204 230 194 111 329 293 125 213 234 152 354 273 134 226 209 282 221 64 262 174 84 117 159 320 158 143 266 144 178 324 238 162
 97 157 188 161 276 227 252 211 190 131 193 97 182 1 156 100 131 215 90 145 110 186 249 87 199 182 47 183 201 165 236 45 258 63 178 232 158 116 168 90 96 155 233 39 116 55 170 144 151 235 182 300 120 226 207 243 154 162 92 138 253 249 139 280 104 221 206 75 242 212 166 314 318 201 102 261 128 266 141 298 309 139 128 226 192 202 157 52 100 130 250 154 110 263 320 161 184 67 158 96 164 269 278 44 91 246 81 302 270 132 297 32 62 233 168 71 56 118 95 127 148 96 245 162 177 147 197 126 321 267 212 279 227 135 68 224 209 273 258 111 244 139 49 115 108 217 194 188 146 185 71 146 288 210 216 185 255 258 224 263
 183 186 343 277 383 310 402 330 294 254 333 252 322 156 1 212 286 325 133 119 262 329 358 215 316 285 112 331 269 66 391 112 348 197 314 329 63 135 227 220 227 298 367 191 263 196 195 248 191 358 336 454 204 380 347 372 284 23 133 290 339 300 290 373 218 348 360 88 322 364 281 468 473 58 184 407 276 416 230 452 464 179 204 349 239 336 289 109 184 239 396 242 224 416 474 298 334 128 247 248 296 358 377 173 201 308 224 457 424 283 446 153 208 370 208 196 139 122 249 268 142 242 391 267 278 114 350 119 476 413 359 427 312 32 223 368 344 427 340 171 399 141 115 160 118 367 311 337 259 340 166 33 442 364 339 338 408 364 361 344
 194 256 181 67 180 311 206 276 92 43 127 115 228 100 212 1 142 119 188 136 92 125 154 167 267 84 114 211 293 189 217 122 337 42 230 310 183 98 264 27 30 201 282 111 77 53 269 45 88 294 169 289 36 196 140 161 74 208 190 164 154 342 167 181 7 137 193 158 143 175 239 306 298 238 199 287 169 280 231 271 294 238 46 138 288 126 217 113 37 213 277 57 13 228 308 214 144 85 60 137 87 170 180 137 180 337 147 289 268 161 309 131 132 275 96 31 155 110 117 180 246 63 188 242 258 141 167 119 300 211 159 297 128 203 109 164 134 261 159 61 233 237 139 75 204 237 102 143 224 174 169 189 279 186 128 157 223 162 151 346
 157 225 59 153 242 215 140 155 186 130 122 36 95 131 286 142 1 193 189 257 52 110 219 105 151 183 176 71 217 292 108 175 230 115 102 203 284 221 207 116 113 74 146 97 73 108 234 163 228 166 55 170 177 105 132 181 125 292 191 28 252 265 33 265 139 171 77 202 249 98 135 183 188 331 161 146 48 142 163 171 179 208 187 181 230 143 101 181 171 135 136 187 139 141 189 90 82 182 187 46 123 260 256 122 129 253 80 172 141 31 173 138 86 138 237 125 161 229 38 69 242 80 146 150 163 261 81 238 192 164 115 158 235 263 64 134 145 142 260 195 114 232 174 206 213 97 168 91 133 58 149 275 157 87 174 70 133 231 152 245
 301 368 199 55 62 400 164 347 32 85 88 186 287 215 325 119 193 1 304 227 148 98 36 263 342 41 232 257 391 290 209 240 419 152 294 392 286 196 368 126 120 266 336 214 127 161 380 78 152 357 185 277 122 181 90 69 71 317 305 220 63 441 225 73 114 48 200 276 67 158 321 296 272 341 306 316 237 298 330 241 276 349 123 39 393 67 290 231 142 307 309 86 108 196 291 282 138 200 81 214 71 68 67 245 281 432 238 274 268 222 322 244 228 324 144 146 270 209 190 255 362 135 135 331 345 233 162 216 272 152 125 317 57 319 197 115 72 252 72 156 230 352 257 169 321 270 26 130 312 189 279 298 270 181 35 160 196 45 83 432
 51 75 246 250 364 181 324 199 279 220 277 161 198 90 133 188 189 304 1 188 187 268 338 94 185 271 88 216 143 176 296 78 218 152 189 198 169 174 102 179 185 178 238 101 199 144 87 232 224 227 243 349 203 292 291 329 242 150 3 184 340 183 182 369 193 309 264 59 328 282 150 360 373 189 52 286 164 299 98 358 361 60 209 314 121 288 163 94 181 108 275 240 198 329 369 174 258 130 244 145 251 357 367 69 75 186 113 353 317 176 329 62 105 244 242 159 35 170 157 150 60 181 323 135 146 187 266 175 377 343 290 308 314 102 132 304 294 325 345 186 298 50 56 184 25 251 283 265 128 246 42 143 337 275 304 255 321 347 308 216
 224 260 307 189 281 361 340 355 196 175 260 224 324 145 119 136 257 227 188 1 216 260 258 230 342 188 109 320 328 66 348 117 395 145 321 371 63 39 289 155 161 297 377 181 207 150 272 157 79 379 296 418 112 329 273 285 205 103 189 272 229 370 274 264 141 260 321 131 212 309 308 435 430 117 228 399 267 398 274 404 425 247 107 258 308 256 301 102 100 269 388 142 146 362 438 304 278 80 147 233 220 249 270 184 228 372 225 419 394 267 429 165 206 375 94 137 170 30 223 269 227 188 322 302 316 7 299 20 432 344 294 413 203 131 202 298 265 390 229 77 361 222 139 63 188 352 220 277 287 301 198 87 407 317 249 289 356 262 282 397
 168 237 92 103 202 253 142 201 138 79 93 39 145 110 262 92 52 148 187 216 1 83 178 122 195 133 150 122 247 258 134 152 272 72 150 244 251 179 229 67 63 121 197 87 23 70 248 112 179 214 81 204 127 119 106 150 79 265 189 78 205 296 82 221 89 135 106 184 200 103 174 220 217 301 172 196 90 189 187 193 210 219 137 143 253 109 144 154 124 162 186 136 88 155 223 136 75 145 135 67 80 214 213 119 143 286 95 205 179 77 219 128 90 189 187 80 155 188 43 108 244 30 137 184 198 220 89 197 219 159 104 206 186 243 58 118 113 175 212 148 146 234 158 160 209 147 123 80 166 86 152 246 192 104 135 78 148 189 125 285
 250 320 103 84 136 324 83 262 106 86 13 118 199 186 329 125 110 98 268 260 83 1 116 203 259 108 221 165 324 313 113 224 339 133 208 311 306 223 309 111 104 181 244 169 71 136 331 113 201 268 89 184 152 86 24 72 58 328 270 136 160 373 141 165 119 64 103 259 163 63 244 203 184 360 255 219 157 201 267 155 185 302 159 75 334 35 210 222 161 240 213 137 115 109 200 198 41 204 134 144 44 163 153 201 225 361 176 182 172 140 225 208 172 231 201 134 235 234 122 178 326 91 64 258 271 265 64 243 185 87 36 219 151 314 141 40 36 158 169 184 134 316 234 198 290 174 77 32 240 92 234 309 176 84 70 63 106 128 44 354
 334 402 218 90 27 430 168 373 65 119 105 216 312 249 358 154 219 36 338 258 178 116 1 295 369 74 267 280 423 322 221 275 448 187 320 420 317 228 401 160 154 292 359 248 157 196 414 112 181 382 205 284 155 192 102 63 102 350 340 247 58 472 251 50 149 54 216 310 71 171 350 303 276 373 339 333 264 314 362 245 281 383 156 43 426 82 318 266 176 338 327 118 143 201 297 309 156 235 113 244 99 52 38 279 314 463 270 280 280 249 335 278 260 346 171 180 304 241 220 284 397 167 137 361 375 264 177 248 275 150 136 332 67 354 229 122 84 261 67 189 242 387 292 202 356 289 57 146 342 207 313 331 279 195 47 178 202 13 89 461
 54 121 158 212 321 145 244 125 246 182 213 86 108 87 215 167 105 263 94 230 122 203 295 1 113 239 125 123 129 242 207 118 173 126 100 147 234 203 108 147 150 85 154 58 140 115 131 206 234 151 158 257 196 208 226 271 194 228 96 93 313 179 91 334 169 255 177 129 305 202 79 267 281 268 57 194 71 206 67 268 269 104 205 263 132 230 75 132 179 47 183 223 172 244 276 84 183 153 225 61 198 326 329 48 25 172 28 261 224 86 236 68 37 156 250 138 77 204 82 57 140 129 248 77 93 231 185 212 286 267 216 215 290 187 67 233 234 233 319 195 208 130 104 199 118 158 239 191 60 160 53 215 244 190 254 174 235 306 245 181
 135 164 173 297 392 75 267 15 332 270 271 159 66 199 316 267 151 342 185 342 195 259 369 113 1 327 236 105 101 351 209 229 81 228 54 54 343 314 121 243 244 79 65 166 217 218 165 300 342 44 182 227 299 224 280 330 273 332 186 124 399 136 120 414 267 321 187 234 394 230 36 229 258 372 134 131 106 156 92 258 242 157 309 331 134 292 53 243 285 79 122 321 269 252 242 62 226 265 322 133 272 408 405 159 118 119 123 234 194 122 178 179 142 78 356 240 182 316 156 89 205 215 283 52 47 343 215 324 263 295 258 156 379 286 159 277 294 213 406 303 198 198 212 309 204 124 317 236 59 181 153 321 216 209 324 208 244 381 300 97
 272 337 200 31 99 380 184 333 10 58 101 169 277 182 285 84 183 41 271 188 133 108 74 239 327 1 196 251 367 250 220 204 402 121 282 375 246 156 342 95 91 253 328 187 111 131 350 40 114 347 186 290 82 193 108 102 60 278 273 210 75 417 213 99 79 77 205 239 68 169 303 309 290 302 277 316 222 302 305 260 291 319 83 73 366 85 275 194 103 284 308 47 73 214 307 268 144 162 41 196 68 88 97 216 255 410 216 288 277 210 328 212 203 318 107 112 237 169 172 239 328 113 157 310 326 194 169 176 291 177 140 320 53 281 175 135 93 264 81 116 240 319 222 129 287 268 38 137 292 190 249 258 282 189 65 164 212 81 108 414
 117 162 233 180 293 254 291 249 205 153 226 142 225 47 112 114 176 232 88 109 150 221 267 125 236 196 1 228 222 120 280 11 288 89 220 264 113 88 184 114 122 199 276 84 153 86 175 156 136 274 225 345 121 268 240 270 180 117 90 184 261 266 184 292 120 247 250 44 247 252 202 359 362 155 121 306 173 311 166 341 354 146 126 250 205 232 198 8 98 162 295 160 126 304 365 203 223 43 164 142 192 279 292 78 121 267 124 347 316 177 342 58 106 276 155 91 64 85 140 170 140 132 281 194 208 109 239 92 366 304 249 324 234 95 114 260 239 317 265 100 289 132 34 97 97 263 215 227 180 229 91 100 333 253 240 227 297 275 255 290
 172 230 70 221 300 179 162 104 253 200 177 99 40 183 331 211 71 257 216 320 122 165 280 123 105 251 228 1 195 347 106 225 183 181 53 158 340 285 199 185 183 42 80 145 143 173 236 233 297 105 80 138 246 120 184 233 192 341 218 49 318 237 47 327 209 228 82 245 316 128 106 146 166 381 175 80 57 85 156 159 151 216 256 239 218 200 70 234 239 128 69 257 209 149 156 54 128 242 257 88 188 324 317 160 144 221 109 143 104 54 116 179 124 69 306 192 196 291 99 67 258 150 180 127 135 323 113 301 170 191 157 97 302 305 119 176 199 118 326 262 97 249 218 272 240 36 233 138 116 79 175 326 126 105 234 108 140 292 202 201
 107 87 255 340 447 47 350 112 374 310 335 209 158 201 269 293 217 391 143 328 247 324 423 129 101 367 222 195 1 318 299 213 84 252 144 75 311 309 43 274 278 158 165 183 267 241 82 334 351 137 261 325 319 309 347 394 321 288 143 195 441 51 191 462 295 380 272 201 433 310 89 328 355 325 102 231 171 256 63 352 340 90 327 389 39 354 126 229 300 86 222 349 299 341 341 142 298 261 352 181 325 454 457 159 114 46 154 332 292 189 278 172 165 179 368 263 159 307 205 149 134 257 361 70 61 328 293 313 360 376 331 256 418 238 195 350 357 309 447 312 291 131 191 313 152 220 367 307 86 262 134 283 314 291 380 284 332 433 366 76
 221 239 346 248 345 356 391 364 259 231 315 257 345 165 66 189 292 290 176 66 258 313 322 242 351 250 120 347 318 1 391 125 392 187 339 371 9 95 276 204 210 319 394 203 253 189 250 217 144 391 337 459 171 375 328 345 261 45 176 302 294 354 303 329 195 320 362 120 277 356 315 474 473 52 224 426 292 430 271 450 467 230 168 319 291 313 316 114 155 274 414 205 200 409 478 322 326 113 210 260 275 314 335 196 233 359 244 460 431 296 461 175 226 395 159 182 170 82 256 289 199 233 375 305 318 60 345 75 476 398 345 443 268 89 231 352 322 431 294 136 402 196 139 122 168 381 281 327 293 341 199 38 447 361 310 334 403 326 339 391
 260 325 51 194 234 283 66 206 218 187 122 141 144 236 391 217 108 209 296 348 134 113 221 207 209 220 280 106 299 391 1 280 285 205 158 261 384 310 299 195 189 143 169 204 142 203 333 219 302 201 56 74 250 29 121 162 165 396 298 115 271 342 118 269 212 168 32 309 275 52 210 92 84 433 264 122 138 97 255 63 78 309 259 179 320 143 173 284 252 226 119 244 209 44 92 158 78 278 242 152 153 271 256 230 231 326 184 73 60 123 115 245 193 153 305 212 269 320 144 159 346 160 92 230 239 352 53 329 87 95 86 115 263 369 171 100 139 46 280 276 23 336 281 290 320 91 189 83 217 52 255 378 64 33 178 61 35 232 133 304
 108 152 232 187 301 245 293 242 212 159 231 141 220 45 112 122 175 240 78 117 152 224 275 118 229 204 11 225 213 125 280 1 279 94 215 255 118 98 175 120 127 195 270 81 156 90 165 164 146 268 225 344 130 269 245 276 186 118 80 181 270 257 182 300 127 253 250 37 256 254 194 357 362 157 112 302 169 308 157 342 353 136 135 256 196 237 192 17 107 154 291 168 133 306 364 198 226 53 172 139 197 287 300 72 113 257 120 346 314 175 339 51 102 271 164 97 54 95 139 165 130 135 285 186 200 118 240 101 365 307 252 321 243 92 112 263 244 317 273 109 288 122 24 107 88 259 222 229 172 229 82 102 332 253 246 228 298 283 260 281
 173 169 252 373 471 39 345 81 408 345 351 235 145 258 348 337 230 419 218 395 272 339 448 173 81 402 288 183 84 392 285 279 1 297 133 29 385 372 124 315 316 158 123 231 294 286 165 374 407 89 261 293 367 302 360 409 350 366 218 203 475 86 199 492 338 400 265 274 469 309 100 291 325 404 170 190 184 219 123 329 308 171 377 410 121 372 130 294 351 129 184 393 341 328 306 141 306 322 394 208 350 485 484 215 169 66 191 301 262 200 234 232 207 140 422 309 227 371 231 165 216 290 362 97 82 395 294 378 330 374 337 213 454 316 231 356 373 283 482 367 272 213 259 371 230 197 394 316 115 260 198 359 283 287 403 287 320 459 379 22
 153 218 163 98 213 270 206 237 129 69 138 83 193 63 197 42 115 152 152 145 72 133 187 126 228 121 89 181 252 187 205 94 297 1 194 270 181 108 223 28 34 166 247 69 67 12 230 84 118 257 153 275 72 189 152 183 93 198 154 133 193 301 135 219 45 160 177 130 183 170 199 291 288 232 158 259 134 256 189 263 282 199 82 165 247 143 179 91 60 172 248 99 49 223 294 177 140 75 101 100 104 208 216 96 139 295 107 276 250 129 286 93 90 242 130 13 118 117 84 143 211 47 194 201 217 149 158 126 290 217 162 271 168 183 70 172 151 247 199 82 218 201 108 92 170 210 132 142 183 157 129 179 263 175 155 147 217 196 167 305
 140 188 120 252 342 127 214 55 286 227 220 117 15 178 314 230 102 294 189 321 150 208 320 100 54 282 220 53 144 339 158 215 133 194 1 107 332 290 153 205 204 30 56 141 172 184 193 259 311 66 129 183 264 172 229 278 226 327 190 75 353 185 71 366 229 270 134 228 349 178 57 188 213 367 141 100 62 118 113 209 198 177 274 281 170 242 27 227 253 88 89 281 230 201 200 18 174 243 282 95 224 361 357 145 115 169 98 190 149 74 145 165 117 57 323 206 176 294 115 53 222 173 230 78 84 323 162 302 218 242 205 123 335 285 125 224 243 166 361 273 148 214 203 281 211 78 269 184 71 128 150 314 171 156 274 155 192 332 248 150
 151 157 226 345 443 32 319 56 380 317 323 207 119 232 329 310 203 392 198 371 244 311 420 147 54 375 264 158 75 371 261 255 29 270 107 1 364 347 111 287 289 131 104 204 266 259 154 346 381 71 235 273 340 277 333 382 322 347 198 176 447 93 172 464 311 372 239 253 442 283 73 273 305 386 149 172 157 200 102 307 288 156 350 382 113 344 103 271 325 104 165 366 314 304 287 114 279 297 367 180 322 458 456 190 144 74 164 281 241 173 218 208 181 120 396 282 204 347 204 137 203 262 336 72 57 372 268 354 310 348 311 196 427 298 203 330 346 262 455 341 249 198 236 345 213 174 367 289 88 234 175 339 263 261 375 261 296 431 352 44
 214 233 339 243 341 349 384 357 255 225 309 250 337 158 63 183 284 286 169 63 251 306 317 234 343 246 113 340 311 9 384 118 385 181 332 364 1 90 269 197 204 311 386 196 247 182 244 212 141 383 330 451 166 368 322 340 255 43 169 294 291 347 295 326 189 315 355 112 274 350 308 466 466 57 217 418 285 422 264 443 459 223 164 314 285 308 308 107 149 266 407 201 195 403 471 315 319 107 206 253 269 311 332 188 226 353 236 453 424 288 453 167 218 387 156 175 162 77 248 282 193 226 369 297 310 58 338 71 469 392 339 435 265 84 223 346 316 424 291 131 395 190 132 117 161 374 276 320 286 334 192 33 440 354 305 327 396 322 333 384
 204 248 270 154 252 339 303 326 165 139 224 189 292 116 135 98 221 196 174 39 179 223 228 203 314 156 88 285 309 95 310 98 372 108 290 347 90 1 272 117 123 265 345 150 170 114 260 122 58 349 259 381 77 292 236 251 169 124 175 238 205 354 240 239 104 226 284 121 189 271 281 398 392 146 208 364 234 363 252 367 387 233 74 225 293 220 270 82 63 244 353 111 109 324 400 273 240 51 116 200 183 225 244 158 204 354 194 382 357 233 393 141 175 342 77 99 151 14 188 238 220 151 285 276 291 43 261 22 395 308 257 378 179 138 168 261 229 353 206 42 324 214 121 28 179 316 187 240 261 264 177 105 370 279 215 251 319 233 246 376
 72 47 252 316 427 86 344 135 349 285 320 192 166 168 227 264 207 368 102 289 229 309 401 108 121 342 184 199 43 276 299 175 124 223 153 111 269 272 1 247 252 159 185 156 247 213 46 306 316 162 256 334 287 305 332 378 300 246 102 188 415 83 185 438 267 362 270 161 405 303 98 340 363 283 67 248 164 269 45 356 348 48 295 370 26 337 130 191 267 74 238 320 271 339 352 146 287 224 323 166 305 429 434 128 88 85 135 340 300 182 295 138 142 197 334 234 122 268 188 142 93 235 352 76 76 288 286 274 368 369 321 272 390 196 173 338 341 315 421 277 294 90 152 277 110 229 345 296 84 257 98 241 322 287 361 276 330 412 352 118
 178 244 157 72 186 290 188 251 103 42 115 90 202 90 220 27 116 126 179 155 67 111 160 147 243 95 114 185 274 204 195 120 315 28 205 287 197 117 247 1 8 176 256 92 54 37 256 61 113 269 145 266 62 175 129 157 67 218 181 138 168 323 141 193 26 134 169 156 159 155 216 283 276 250 183 261 144 254 212 250 272 225 72 138 272 118 192 115 59 192 251 79 27 208 285 189 124 94 81 112 79 183 190 121 162 317 125 266 243 135 284 119 111 249 122 25 145 128 91 156 238 37 174 220 236 160 145 137 279 196 143 271 145 207 85 150 126 238 174 83 209 228 134 96 197 212 105 125 202 149 155 199 255 163 128 135 203 169 142 325
 183 249 152 66 181 292 182 252 98 36 108 89 201 96 227 30 113 120 185 161 63 104 154 150 244 91 122 183 278 210 189 127 316 34 204 289 204 123 252 8 1 175 255 96 48 42 261 58 117 269 140 261 65 169 121 150 60 225 187 136 164 327 140 188 27 127 164 163 156 149 217 278 270 258 188 258 143 251 215 244 266 231 75 131 276 111 193 122 64 195 248 78 27 202 280 189 118 101 79 112 72 178 185 126 165 320 127 261 239 134 280 125 114 248 125 32 151 134 91 156 244 34 167 222 238 166 139 143 273 189 136 268 141 214 87 143 119 233 171 88 204 234 141 102 204 209 99 118 204 145 160 206 250 158 121 129 196 164 135 327
 133 189 99 223 314 147 194 82 257 198 193 88 28 155 298 201 74 266 178 297 121 181 292 85 79 253 199 42 158 319 143 195 158 166 30 131 311 265 159 176 175 1 82 118 143 157 195 230 283 95 106 179 236 152 202 252 197 309 179 46 324 202 42 338 200 243 116 211 320 155 70 186 206 349 134 110 33 122 116 199 192 175 245 253 179 215 32 206 225 87 99 253 202 184 197 18 149 218 253 67 195 332 328 126 105 188 76 184 145 45 152 146 94 79 295 178 161 269 86 31 218 144 208 89 99 300 139 278 211 221 181 131 306 270 98 200 216 158 332 246 136 209 185 255 201 75 241 158 76 106 138 295 166 135 247 131 175 304 222 174
 189 227 145 298 379 133 232 53 331 275 256 167 55 233 367 282 146 336 238 377 197 244 359 154 65 328 276 80 165 394 169 270 123 247 56 104 386 345 185 256 255 82 1 197 218 238 229 308 364 35 157 171 316 190 262 311 270 380 240 120 396 195 117 406 280 307 154 281 394 202 92 170 203 420 189 69 114 97 153 208 186 218 326 318 198 278 79 282 306 133 62 331 281 211 184 74 206 298 331 148 266 403 395 199 166 176 153 179 140 122 115 220 172 18 376 259 229 349 166 108 266 223 254 113 111 379 189 358 208 261 234 94 380 337 179 253 278 162 404 327 153 258 257 336 260 79 311 216 114 155 202 368 161 177 312 185 203 370 280 144
 88 156 155 161 273 202 226 177 194 131 177 64 144 39 191 111 97 214 101 181 87 169 248 58 166 187 84 145 183 203 204 81 231 69 141 204 196 150 156 92 96 118 197 1 99 59 168 152 178 200 149 265 138 196 191 232 147 199 103 101 260 232 101 283 113 213 173 106 251 184 134 278 284 238 93 223 90 228 121 266 275 137 147 219 181 190 121 90 122 104 212 167 117 233 285 124 159 102 170 59 154 274 279 34 70 227 45 268 235 94 259 43 26 195 193 81 69 153 61 89 158 83 223 134 150 183 169 162 288 244 190 241 236 167 34 204 196 238 266 138 210 148 78 144 124 179 191 165 117 153 67 183 252 179 210 157 225 258 209 238
 184 253 105 81 182 274 140 223 116 58 79 60 166 116 263 77 73 127 199 207 23 71 157 140 217 111 153 143 267 253 142 156 294 67 172 266 247 170 247 54 48 143 218 99 1 68 264 91 164 236 93 213 111 123 93 134 57 264 201 99 183 316 103 199 73 116 117 190 179 104 195 231 224 298 189 214 112 205 206 198 219 235 121 124 272 92 165 155 112 182 205 116 71 157 232 158 73 141 115 88 59 193 192 132 161 307 114 214 191 99 234 138 107 210 170 72 165 180 64 130 257 22 130 205 219 212 93 189 226 152 97 222 164 246 75 109 97 185 190 136 157 247 164 149 220 165 102 76 186 97 166 245 203 111 115 83 151 168 111 306
 143 208 159 108 222 259 207 227 138 77 142 76 184 55 196 53 108 161 144 150 70 136 196 115 218 131 86 173 241 189 203 90 286 12 184 259 182 114 213 37 42 157 238 59 68 1 220 95 127 247 149 271 83 187 156 189 100 197 146 125 203 290 128 229 55 167 174 125 194 170 188 287 285 232 148 252 125 250 179 262 279 190 92 172 237 149 169 88 69 161 241 110 60 223 291 168 140 77 112 91 110 218 226 86 128 285 96 273 245 121 280 83 80 234 140 24 109 121 76 133 202 47 197 190 206 154 157 131 288 219 164 265 179 180 60 175 156 243 209 90 214 193 101 100 162 204 140 143 172 154 119 179 260 173 162 146 216 205 172 295
 82 14 284 326 440 128 373 179 358 296 341 215 206 170 195 269 234 380 87 272 248 331 414 131 165 350 175 236 82 250 333 165 165 230 193 154 244 260 46 256 261 195 229 168 264 220 1 312 310 207 286 373 287 336 354 397 314 216 86 219 421 106 216 448 273 379 303 142 410 331 140 379 401 251 77 290 195 310 81 392 386 32 294 386 46 355 169 180 266 109 280 323 278 371 391 184 313 216 326 191 321 437 445 136 107 115 158 378 339 212 336 139 159 240 328 239 116 255 210 175 55 250 378 118 120 270 314 259 405 397 346 314 396 165 191 363 360 352 427 272 329 55 142 270 85 268 357 321 123 288 102 214 361 318 376 304 362 424 373 156
 236 300 192 33 138 349 194 308 49 35 110 144 255 144 248 45 163 78 232 157 112 113 112 206 300 40 156 233 334 217 219 164 374 84 259 346 212 122 306 61 58 230 308 152 91 95 312 1 89 324 178 291 47 195 121 130 57 242 234 189 110 383 192 137 41 104 199 200 100 171 274 310 295 267 241 304 198 293 271 266 294 282 51 103 331 102 249 155 65 252 295 26 36 221 309 244 142 123 25 168 70 126 137 179 221 377 184 290 274 187 321 175 170 300 89 74 199 135 146 212 290 87 172 279 295 162 167 143 297 193 148 311 85 242 144 148 110 264 115 82 237 281 183 96 248 255 66 138 261 182 212 222 282 187 94 160 218 120 127 384
 246 297 268 121 203 377 282 353 122 117 199 199 310 151 191 88 228 152 224 79 179 201 181 234 342 114 136 297 351 144 302 146 407 118 311 381 141 58 316 113 117 283 364 178 164 127 310 89 1 373 255 374 53 279 210 214 144 178 225 249 151 398 252 186 91 189 279 174 134 257 311 392 381 195 251 373 251 367 291 353 378 281 44 186 339 190 295 131 59 279 363 69 93 308 392 294 226 95 74 217 158 171 192 194 241 396 220 374 354 245 396 180 202 359 20 106 196 70 200 259 274 150 260 310 326 85 250 73 382 282 236 383 125 196 187 236 198 346 151 41 318 266 169 41 232 324 149 224 293 260 219 160 364 270 177 242 304 184 215 413
 177 206 173 317 403 101 263 30 350 292 280 181 71 235 358 294 166 357 227 379 214 268 382 151 44 347 274 105 137 391 201 268 89 257 66 71 383 349 162 269 269 95 35 200 236 247 207 324 373 1 184 205 327 220 288 337 290 373 228 138 417 163 134 429 293 331 183 275 413 231 78 203 237 413 176 102 127 131 135 241 220 199 337 342 172 303 80 281 315 121 96 346 295 244 218 81 232 301 346 158 287 424 419 197 159 144 156 212 174 138 147 218 175 51 386 269 223 352 179 115 248 238 283 95 89 380 217 360 242 292 261 126 399 328 188 280 303 196 425 335 186 241 252 342 247 111 332 242 101 183 194 362 195 207 336 212 235 394 306 110
 211 277 15 158 223 252 90 182 187 144 101 86 117 182 336 169 55 185 243 296 81 89 205 158 182 186 225 80 261 337 56 225 261 153 129 235 330 259 256 145 140 106 157 149 93 149 286 178 255 184 1 123 203 51 106 155 128 341 245 68 247 307 72 253 165 152 26 254 248 50 174 139 138 378 214 132 93 117 211 117 130 261 213 163 278 124 137 230 203 182 125 203 163 87 143 123 50 225 202 100 120 251 241 176 182 293 133 124 99 75 144 191 140 144 261 161 215 268 90 114 295 109 103 192 203 301 34 278 141 116 78 135 235 315 116 97 122 95 256 227 66 286 226 240 267 86 162 60 177 5 203 324 112 33 159 29 79 216 124 278
 308 367 114 266 294 300 118 219 289 259 191 204 169 300 454 289 170 277 349 418 204 184 284 257 227 290 345 138 325 459 74 344 293 275 183 273 451 381 334 266 261 179 171 265 213 271 373 291 374 205 123 1 322 99 188 223 237 461 351 167 337 362 168 332 285 233 98 370 343 122 239 20 33 499 311 105 187 75 293 50 16 353 331 244 352 211 205 350 324 265 110 317 282 85 21 189 150 347 314 209 225 335 317 287 279 344 238 9 35 175 71 304 250 154 378 283 326 390 206 203 394 231 149 261 266 423 125 400 38 142 153 85 332 431 233 164 205 29 346 348 58 385 342 361 373 107 259 155 252 119 308 444 14 105 244 133 83 295 197 314
 216 275 216 78 180 340 233 309 91 67 151 150 262 120 204 36 177 122 203 112 127 152 155 196 299 82 121 246 319 171 250 130 367 72 264 340 166 77 287 62 65 236 316 138 111 83 287 47 53 327 203 322 1 228 163 175 96 197 205 199 141 367 202 173 39 150 227 164 128 206 270 340 329 222 221 322 203 315 257 302 326 257 11 149 311 146 250 118 24 241 312 40 41 257 340 247 175 83 45 170 110 160 175 160 206 363 178 322 301 196 344 151 161 310 61 60 172 90 151 213 259 98 213 271 287 117 198 97 331 235 186 332 115 201 141 189 154 294 145 36 266 250 151 50 216 273 111 173 254 208 190 177 312 218 140 190 253 161 171 375
 261 327 54 168 206 297 44 222 191 163 94 134 159 226 380 196 105 181 292 329 119 86 192 208 224 193 268 120 309 375 29 269 302 189 172 277 368 292 305 175 169 152 190 196 123 187 336 195 279 220 51 99 228 1 92 134 140 383 294 118 242 353 121 241 191 139 39 300 247 25 221 117 103 419 264 148 142 124 261 76 101 311 236 151 327 115 184 272 232 232 144 220 188 38 115 169 54 263 217 149 128 242 227 225 232 339 183 97 89 125 144 238 189 174 282 195 263 302 137 164 345 143 66 240 250 334 31 311 104 73 57 142 235 360 163 72 110 72 251 256 51 335 272 270 316 112 162 57 225 49 253 365 91 19 149 42 30 203 105 320
 273 343 119 90 119 346 77 282 104 99 15 141 219 207 347 140 132 90 291 273 106 24 102 226 280 108 240 184 347 328 121 245 360 152 229 333 322 236 332 129 121 202 262 191 93 156 354 121 210 288 106 188 163 92 1 50 68 346 293 158 151 395 162 151 134 49 116 280 156 70 266 207 184 377 278 233 179 213 290 153 187 325 170 60 357 25 231 242 175 263 227 143 129 108 202 220 57 221 140 167 54 151 138 224 248 384 199 184 180 162 234 230 195 249 208 152 257 249 145 200 348 112 51 280 294 278 77 257 185 73 36 231 145 334 164 28 19 163 160 197 142 339 255 211 312 190 73 47 263 108 257 326 181 94 58 78 107 113 21 375
 316 386 167 98 73 395 106 332 95 119 60 187 268 243 372 161 181 69 329 285 150 72 63 271 330 102 270 233 394 345 162 276 409 183 278 382 340 251 378 157 150 252 311 232 134 189 397 130 214 337 155 223 175 134 50 1 91 368 331 207 120 443 211 110 155 26 162 312 130 114 315 242 213 396 321 279 228 257 336 182 219 367 179 31 402 43 281 271 192 310 274 146 149 139 235 269 106 245 141 214 80 114 96 264 293 432 244 218 220 211 276 268 239 297 208 180 295 264 191 249 388 150 75 329 342 291 124 272 213 88 80 275 122 362 207 63 38 201 128 210 184 378 289 225 350 238 67 96 311 157 298 348 218 140 38 127 141 73 32 425
 234 302 142 31 128 330 139 278 62 31 56 116 220 154 284 74 125 71 242 205 79 58 102 194 273 60 180 192 321 261 165 186 350 93 226 322 255 169 300 67 60 197 270 147 57 100 314 57 144 290 128 237 96 140 68 91 1 281 244 153 128 371 157 143 67 68 148 222 125 116 251 255 240 310 239 258 167 244 260 211 239 284 103 73 325 53 221 181 108 237 250 81 62 165 254 213 88 157 78 144 15 137 136 179 213 362 168 235 221 153 270 181 159 260 145 90 208 181 120 185 301 66 118 261 275 211 113 190 241 140 93 262 111 273 128 94 62 210 136 129 184 291 200 144 261 210 46 83 242 132 213 261 228 133 64 107 162 113 79 362
 199 206 349 272 375 329 403 346 287 251 332 258 334 162 23 208 292 317 150 103 265 328 350 228 332 278 117 341 288 45 396 118 366 198 327 347 43 124 246 218 225 309 380 199 264 197 216 242 178 373 341 461 197 383 346 368 281 1 150 299 328 321 299 362 215 343 366 100 311 366 297 475 478 41 201 418 286 425 247 457 470 199 196 343 259 333 302 113 178 254 407 234 220 419 481 310 336 126 239 256 294 348 367 184 216 328 235 463 432 292 456 164 218 383 195 195 152 111 256 279 163 243 391 284 295 98 353 107 481 413 359 437 301 52 229 368 341 434 328 163 405 162 126 150 137 376 306 339 274 345 180 21 449 368 334 342 412 356 358 363
 52 73 248 252 366 181 326 200 281 222 279 163 200 92 133 190 191 305 3 189 189 270 340 96 186 273 90 218 143 176 298 80 218 154 190 198 169 175 102 181 187 179 240 103 201 146 86 234 225 228 245 351 205 294 293 331 244 150 1 185 342 182 184 370 195 311 266 60 330 284 151 361 375 189 53 287 165 301 98 360 363 59 211 316 120 290 164 95 183 109 276 242 200 331 370 176 260 131 246 147 253 359 369 71 76 186 115 355 318 178 330 64 107 245 243 161 37 171 159 151 58 183 325 136 147 188 268 175 379 345 291 309 316 102 134 306 296 327 347 188 300 48 57 185 23 253 285 267 129 248 44 142 338 277 306 257 323 349 310 216
 146 211 66 179 269 190 157 128 213 156 148 51 68 138 290 164 28 220 184 272 78 136 247 93 124 210 184 49 195 302 115 181 203 133 75 176 294 238 188 138 136 46 120 101 99 125 219 189 249 138 68 167 199 118 158 207 153 299 185 1 279 242 5 292 162 198 85 204 276 116 110 179 190 338 149 127 25 129 144 176 179 195 209 208 211 169 75 189 191 115 117 212 163 153 187 63 105 195 212 43 150 287 283 121 117 229 72 171 136 9 160 139 84 113 259 144 159 244 50 47 232 104 167 126 138 275 99 253 194 183 138 142 262 265 72 157 171 142 287 214 116 222 177 224 208 81 196 115 110 70 142 283 155 100 201 90 144 258 177 219
 345 409 261 103 66 453 222 405 69 132 150 242 346 253 339 154 252 63 340 229 205 160 58 313 399 75 261 318 441 294 271 270 475 193 353 447 291 205 415 168 164 324 396 260 183 203 421 110 151 417 247 337 141 242 151 120 128 328 342 279 1 490 283 37 150 105 262 304 19 220 376 356 331 345 350 378 294 360 379 299 335 391 138 94 439 128 347 258 164 358 371 102 145 255 351 340 200 223 98 268 131 21 46 288 329 483 289 333 330 280 384 284 277 385 137 184 307 218 245 311 397 187 192 384 399 235 224 222 330 206 186 379 28 339 248 174 133 313 10 170 292 388 289 180 355 332 86 192 365 251 321 309 331 243 94 222 255 52 141 487
 153 116 301 390 497 63 395 144 423 360 384 258 199 249 300 342 265 441 183 370 296 373 472 179 136 417 266 237 51 354 342 257 86 301 185 93 347 354 83 323 327 202 195 232 316 290 106 383 398 163 307 362 367 353 395 443 371 321 182 242 490 1 238 512 344 430 316 241 482 356 134 363 393 356 148 263 218 290 113 393 377 125 375 438 64 403 171 273 347 135 256 398 349 384 377 186 345 306 401 231 374 504 506 207 163 21 204 369 329 236 309 219 215 211 415 312 204 350 254 196 160 307 407 116 105 369 339 356 398 422 379 288 467 270 244 397 406 348 497 358 332 160 234 359 187 259 416 355 133 307 180 318 351 337 430 331 375 483 415 68
 144 208 69 183 273 186 161 124 217 160 153 53 64 139 290 167 33 225 182 274 82 141 251 91 120 213 184 47 191 303 118 182 199 135 71 172 295 240 185 141 140 42 117 101 103 128 216 192 252 134 72 168 202 121 162 211 157 299 184 5 283 238 1 296 165 202 87 204 280 120 106 180 192 338 147 126 22 128 141 178 180 192 212 212 207 174 70 190 194 112 115 216 166 156 188 59 109 196 216 44 154 292 287 120 115 225 70 172 136 8 159 138 83 109 262 147 158 246 53 44 230 107 171 122 134 277 103 255 196 187 142 141 266 265 73 161 175 144 291 216 117 220 176 226 206 79 200 119 106 73 141 283 156 103 205 94 147 262 182 214
 370 435 267 124 42 472 215 419 91 154 153 259 358 280 373 181 265 73 369 264 221 165 50 334 414 99 292 327 462 329 269 300 492 219 366 464 326 239 438 193 188 338 406 283 199 229 448 137 186 429 253 332 173 241 151 110 143 362 370 292 37 512 296 1 177 103 265 335 54 220 393 351 322 381 375 382 309 362 401 291 328 417 171 92 463 130 363 289 196 378 376 134 171 248 344 354 204 255 129 286 143 17 17 313 352 504 310 327 328 294 383 310 299 394 172 210 335 252 262 327 426 206 184 403 418 270 226 257 321 195 185 381 62 372 269 170 133 310 39 203 291 417 319 214 384 338 98 195 384 256 347 344 327 244 95 226 250 39 137 505
