NAME : domp300p150v5
COMMENT : (Deleplanque et al.) 
TYPE : DOMP
DIMENSION : 300
DISPLAY_DATA_TYPE: NO_DISPLAY
OPEN_FACILITIES : 150
COST_SECTION
 1 56 154 45 304 101 105 93 97 116 108 242 154 231 135 301 268 284 239 291 216 236 257 166 224 220 258 315 204 262 98 229 81 149 114 111 178 216 270 94 77 174 158 131 102 180 154 202 174 303 131 141 141 134 161 299 129 33 321 171 119 138 159 328 123 275 267 237 39 296 251 176 87 19 60 268 217 91 107 243 227 260 167 137 246 93 119 273 312 48 55 225 82 52 130 368 65 232 179 106 278 106 103 83 331 23 126 120 186 201 212 251 297 172 173 91 74 258 33 159 119 105 180 180 127 117 236 247 63 357 200 90 335 81 75 81 120 139 159 92 241 108 171 240 218 230 107 131 250 17 142 118 52 223 186 266 82 226 301 135 83 303 230 166 128 327 145 36 195 167 161 37 267 106 286 143 274 245 212 36 126 257 211 116 177 152 169 137 247 163 186 71 309 316 108 168 138 41 183 207 187 251 171 161 211 149 236 113 240 246 112 57 151 111 146 19 175 184 184 187 112 249 269 89 294 170 150 171 193 83 260 206 193 211 172 118 203 245 175 37 146 71 232 191 64 96 240 249 254 183 273 254 123 209 245 246 199 190 110 128 232 357 254 287 209 166 295 47 55 81 217 109 121 145 247 304 51 329 106 204 229 124 85 306 256 64 238 359 29 150 323 51 162 43 209 245 199 90 243 258
 56 1 112 90 320 78 130 136 152 70 161 296 102 285 175 301 308 275 224 270 268 290 302 176 271 261 292 344 192 243 100 284 33 115 63 149 224 218 259 141 126 228 141 135 101 202 114 254 227 279 147 88 113 87 171 316 84 68 363 124 124 97 112 367 102 313 284 209 74 278 288 134 63 38 42 304 270 96 53 295 222 246 222 190 261 73 174 281 341 31 18 280 57 79 181 401 53 287 197 144 300 147 97 119 367 50 72 173 239 248 233 272 341 128 189 146 128 283 24 106 70 158 230 214 170 67 233 302 112 389 247 50 363 28 28 132 173 183 209 51 296 162 158 272 260 263 91 82 303 54 192 170 103 278 240 295 129 215 284 182 131 330 233 124 124 349 197 91 240 197 215 76 301 89 313 94 274 241 261 51 95 251 228 62 185 99 135 182 245 121 241 125 293 302 130 144 184 92 180 230 191 296 160 194 227 202 290 168 232 235 134 94 113 124 199 47 228 236 142 232 101 303 303 143 312 125 182 164 219 73 304 236 153 263 153 156 178 298 188 46 199 27 281 159 54 46 219 304 263 165 294 245 176 264 300 242 234 182 63 144 277 387 266 280 259 198 303 92 43 66 249 94 121 140 216 297 54 369 51 258 273 178 137 321 276 84 265 390 77 198 301 87 127 17 264 243 253 75 236 273
 154 112 1 196 287 175 153 244 236 137 260 390 50 377 212 236 326 197 141 173 327 357 337 154 315 290 301 335 120 150 105 367 80 25 59 259 269 167 179 247 194 299 75 118 99 197 6 314 322 177 148 116 43 33 150 283 31 141 386 31 116 17 156 382 195 326 254 106 183 186 302 185 71 140 95 314 367 205 74 352 158 162 302 262 230 72 255 233 333 142 128 357 75 136 247 397 162 370 185 254 278 196 200 229 372 135 67 244 336 294 219 253 371 22 175 235 225 271 129 62 47 231 287 232 216 123 170 375 215 383 292 65 350 109 86 203 246 228 267 64 369 239 94 277 288 272 190 130 368 160 294 236 181 357 332 290 192 140 192 287 197 318 183 13 98 325 264 186 280 209 289 149 307 188 302 34 211 175 312 161 177 181 206 76 155 120 34 289 182 175 325 220 202 214 149 61 233 174 130 222 151 333 101 213 204 270 364 254 161 158 150 203 180 130 297 153 292 334 31 273 80 369 310 239 282 172 202 109 220 87 333 239 42 361 79 195 84 393 169 157 268 87 330 56 97 118 128 390 221 89 271 170 247 354 380 176 250 122 52 145 313 378 228 205 311 216 255 198 101 83 258 73 105 103 109 222 165 385 93 352 306 253 238 283 255 129 260 382 181 249 201 149 26 128 352 181 344 79 166 242
 45 90 196 1 334 100 138 49 84 132 75 210 191 200 153 340 281 326 282 335 210 223 262 203 227 231 275 337 247 305 140 205 119 192 151 67 184 255 312 53 89 162 202 172 144 210 196 196 142 347 166 164 185 174 198 329 170 73 329 211 160 180 173 339 117 290 298 281 19 339 268 183 131 57 104 285 183 70 142 237 268 302 149 129 279 137 105 309 334 67 80 206 126 91 129 386 69 208 211 62 306 124 89 40 346 67 160 115 152 204 242 280 302 213 207 73 46 284 69 194 158 102 178 200 141 137 276 230 24 376 204 132 357 109 113 88 115 151 159 133 224 101 214 261 230 250 100 150 238 37 104 119 66 202 156 288 96 269 344 94 94 327 268 208 170 354 140 33 202 192 148 72 285 99 310 182 313 286 212 44 128 298 243 149 215 174 212 94 287 171 164 48 352 358 142 212 148 58 224 235 226 256 214 184 244 144 219 95 281 288 146 18 155 149 112 44 169 149 226 195 156 236 287 62 324 180 174 214 220 127 268 231 236 176 216 139 247 211 210 48 140 111 231 235 108 119 283 223 289 226 302 296 117 180 223 287 218 232 149 164 239 377 289 328 208 188 330 3 99 125 238 153 162 187 291 344 52 339 136 173 237 116 50 338 285 103 263 379 18 156 367 84 205 74 182 285 170 134 285 290
 304 320 287 334 1 395 199 365 287 385 338 394 333 379 192 97 147 143 175 206 252 289 194 146 207 165 116 82 174 193 221 343 308 263 319 386 202 121 153 356 252 275 213 187 222 126 282 251 355 226 175 384 247 308 150 6 300 271 185 315 197 285 421 165 419 134 38 234 339 188 128 448 267 309 280 121 392 394 329 258 137 167 300 266 61 256 286 62 83 339 335 318 271 253 248 136 363 343 126 384 37 216 405 369 137 287 336 261 371 209 93 57 196 301 132 300 319 64 313 346 309 263 233 147 207 377 126 315 334 122 206 292 83 342 306 257 263 204 233 293 313 271 193 105 164 115 405 389 287 319 368 247 271 324 350 81 244 163 187 377 247 66 106 288 203 44 254 303 192 146 279 268 111 404 64 315 101 128 225 338 414 131 94 338 139 392 258 387 118 435 319 311 182 173 196 228 212 277 157 101 138 195 187 157 94 256 311 298 144 157 193 351 431 198 355 319 253 376 291 192 229 291 112 319 13 437 164 178 118 250 178 113 284 388 210 200 222 402 133 337 259 304 226 251 268 359 197 365 67 202 37 146 261 359 341 127 138 166 305 178 188 111 60 131 228 153 50 335 279 258 118 237 203 191 249 130 352 169 346 368 179 271 334 12 52 243 85 117 321 216 222 254 264 323 350 118 354 252 140 48
 101 78 175 100 395 1 200 126 183 50 168 299 145 291 235 378 368 351 299 342 308 322 355 252 321 319 357 413 268 316 176 301 102 183 117 129 276 295 335 137 175 261 216 212 178 274 178 294 234 349 221 88 186 143 247 390 145 129 420 175 201 162 80 427 25 375 358 278 83 352 351 85 139 89 119 368 269 47 102 335 299 321 247 226 336 150 204 357 410 58 62 304 134 146 224 467 36 304 270 123 373 205 31 104 431 111 114 212 241 298 306 345 395 184 264 172 145 354 83 142 129 198 274 279 227 63 310 328 121 456 297 121 432 67 100 178 211 238 254 121 322 198 234 339 318 329 17 68 337 87 189 213 150 300 250 364 181 291 358 173 181 400 310 185 201 422 237 122 293 265 247 135 366 14 383 147 351 318 307 67 29 328 302 102 261 96 203 167 322 73 262 146 367 377 201 217 237 139 257 302 268 349 237 260 302 241 317 193 309 311 205 90 57 198 202 83 267 236 201 286 178 335 368 160 387 83 248 240 289 150 359 304 214 263 228 217 250 298 263 65 237 101 327 227 130 59 293 317 339 240 367 321 214 273 320 319 298 259 125 218 331 455 342 357 304 264 380 101 118 143 316 171 198 217 282 374 52 428 85 264 328 213 145 396 349 154 335 458 100 248 372 148 194 73 276 320 264 152 313 348
 105 130 153 138 199 200 1 175 117 199 162 265 183 251 60 206 183 199 166 223 176 210 187 68 163 141 165 216 131 193 49 231 128 134 152 196 117 123 188 169 69 157 108 52 55 75 150 165 205 240 30 209 117 155 64 194 147 73 241 182 45 142 240 242 224 186 162 188 141 222 161 263 95 112 93 176 250 196 157 201 140 183 167 124 142 88 128 172 212 143 141 216 96 55 105 272 166 233 74 193 174 49 207 175 239 90 170 108 221 142 108 147 223 174 70 125 134 155 118 194 147 100 137 87 66 194 146 230 142 260 140 120 234 155 125 78 110 77 119 121 224 109 108 143 139 135 209 208 219 121 197 96 78 218 209 166 62 149 226 199 68 202 134 162 65 223 122 108 128 68 150 70 173 208 185 165 180 157 160 140 222 170 107 167 80 219 146 207 156 249 191 126 232 235 7 126 83 82 99 103 94 182 103 67 107 127 220 134 156 167 10 154 242 27 190 122 145 222 176 121 75 220 175 139 190 253 55 98 91 74 184 107 179 245 119 44 154 271 73 139 127 121 178 159 82 174 175 255 152 124 169 171 111 227 241 158 107 112 140 30 162 258 151 199 159 71 193 139 90 82 121 81 55 75 203 214 154 244 168 229 156 120 149 202 151 47 137 261 124 99 255 56 144 129 223 154 218 81 159 154
 93 136 244 49 365 126 175 1 87 168 49 174 236 166 176 380 294 368 327 381 205 210 267 242 231 244 294 358 292 351 184 179 167 240 197 22 195 296 356 15 114 154 249 214 189 242 244 192 110 394 204 202 233 221 238 360 217 117 336 258 202 228 204 349 136 304 329 329 62 384 284 209 179 105 152 302 144 83 187 230 310 347 134 128 312 185 102 345 355 111 124 186 174 134 136 402 104 182 245 20 335 150 105 23 361 114 205 120 116 210 273 309 307 261 243 73 47 310 116 239 205 112 181 224 162 175 318 211 35 394 210 179 379 152 161 109 119 169 164 181 205 107 260 282 243 271 120 186 226 85 64 130 98 181 126 311 122 313 389 50 119 350 308 256 215 380 142 70 213 220 140 114 303 121 334 229 353 328 213 87 153 340 277 194 254 213 260 47 328 198 143 55 397 402 180 259 164 95 267 265 266 261 259 210 278 144 200 88 325 332 184 43 181 190 78 92 167 111 274 207 202 223 305 53 354 208 202 258 248 174 276 256 284 138 263 166 294 173 247 91 140 158 231 283 155 159 329 194 325 273 331 339 122 149 199 329 240 276 196 203 246 396 323 370 209 214 366 47 147 173 261 200 206 231 339 386 90 349 179 140 246 116 35 369 314 146 289 397 65 168 413 125 253 120 153 326 140 181 328 323
 97 152 236 84 287 183 117 87 1 210 52 156 246 143 96 315 208 314 281 338 127 142 182 182 146 158 208 274 246 308 146 134 174 224 206 106 108 236 304 75 49 79 215 166 153 169 234 113 91 354 145 237 211 223 178 282 216 96 251 258 156 221 252 263 200 218 253 298 101 337 198 265 165 115 144 216 137 152 202 153 255 298 71 45 239 166 23 276 270 141 150 129 162 101 49 316 150 137 176 106 255 76 172 101 274 107 220 34 106 124 198 231 222 256 176 15 44 229 129 252 209 26 96 142 81 212 261 151 68 308 125 178 294 177 167 39 33 85 79 180 145 20 219 198 157 187 183 226 156 104 84 44 55 127 98 228 55 265 342 90 50 266 245 247 174 298 58 64 126 143 66 88 218 183 251 233 291 271 130 120 211 284 205 211 194 248 242 101 270 252 91 39 347 351 122 230 79 64 215 188 208 176 216 131 207 61 140 20 272 282 126 97 238 139 75 110 86 107 265 120 171 154 219 35 276 260 126 212 171 151 190 176 271 131 228 91 262 160 182 124 57 163 149 260 140 192 289 156 256 235 252 286 36 120 150 272 157 228 199 145 161 311 252 313 126 135 295 83 138 154 178 173 164 187 311 327 133 263 202 118 160 32 53 293 236 111 207 312 84 82 371 88 236 139 117 268 110 160 274 249
 116 70 137 132 385 50 199 168 210 1 205 339 101 330 244 357 377 325 271 308 331 350 370 241 338 330 362 413 243 284 165 336 79 150 80 173 292 277 308 177 192 288 190 199 165 270 141 317 272 313 215 38 157 105 236 381 108 136 432 132 189 126 44 437 62 382 349 242 114 320 358 65 120 100 108 373 310 95 65 358 277 293 278 251 326 131 232 342 410 70 63 336 115 149 245 470 65 339 264 168 367 216 80 146 436 118 72 235 281 315 300 339 409 143 256 201 177 351 88 96 93 220 295 284 238 15 288 359 155 458 314 96 431 45 80 196 235 251 274 96 353 223 210 341 329 333 65 20 364 107 230 234 167 333 287 364 195 265 326 216 197 398 293 146 184 416 260 147 308 266 274 144 370 63 381 106 330 295 327 91 42 304 294 61 248 47 168 212 300 51 295 177 336 346 199 187 251 156 238 298 252 364 214 264 293 264 348 223 284 284 202 127 47 191 242 101 290 277 161 300 159 363 372 193 378 56 251 219 288 136 372 305 173 304 201 225 217 339 254 87 261 83 347 192 120 27 261 354 325 213 360 296 238 311 354 296 303 237 91 211 345 456 329 331 325 268 364 134 110 128 318 151 184 199 244 348 81 438 46 303 341 239 181 385 343 154 334 459 127 264 336 155 159 76 313 299 301 135 289 338
 108 161 260 75 338 168 162 49 52 205 1 137 261 127 147 364 254 359 324 379 159 162 224 228 187 205 257 323 288 349 183 134 188 252 221 62 155 283 349 35 94 107 251 207 189 220 259 146 68 394 191 237 241 242 224 333 236 122 293 279 197 244 244 307 181 265 304 334 92 380 247 252 191 125 166 264 110 129 213 183 301 342 86 86 289 194 59 326 319 141 153 139 187 133 97 363 141 137 225 64 306 126 150 69 321 126 232 82 79 167 249 282 263 279 225 40 36 280 138 265 226 77 137 193 132 211 307 164 51 356 168 197 344 182 182 86 80 136 123 199 158 69 259 248 204 237 164 223 178 108 37 94 88 134 83 278 102 308 385 40 97 316 293 272 212 349 99 75 172 194 93 116 267 165 301 251 339 317 169 117 196 330 255 221 241 248 271 50 317 241 96 41 391 396 167 265 130 91 259 239 254 217 256 182 257 101 153 45 316 326 171 79 224 182 39 115 122 76 290 167 205 175 268 24 327 250 176 254 222 181 234 227 298 104 265 141 298 138 230 121 96 179 186 292 165 193 329 150 305 273 303 331 82 107 153 318 207 270 217 190 204 359 302 359 165 186 345 72 159 182 228 205 203 227 345 374 125 306 209 100 205 75 25 344 287 145 258 360 85 130 412 122 265 146 109 314 97 189 319 299
 242 296 390 210 394 299 265 174 156 339 137 1 395 16 224 446 267 454 430 487 148 118 221 324 193 231 286 351 395 457 301 55 322 379 355 174 193 376 447 163 202 121 368 316 307 298 389 145 70 504 291 373 366 374 321 389 368 249 279 411 308 375 377 302 308 282 366 451 228 483 274 381 319 260 296 288 32 255 348 153 398 444 101 144 359 320 139 401 347 277 289 81 316 256 164 369 275 56 309 179 358 218 277 196 326 257 367 158 59 187 319 341 248 410 312 155 169 330 273 400 359 167 162 254 210 346 401 97 187 367 189 330 370 318 316 192 156 206 166 332 95 158 371 290 232 280 292 358 129 243 111 171 210 73 59 318 207 412 488 127 201 351 382 401 327 389 150 208 203 267 121 242 294 293 340 384 425 412 173 253 326 425 331 357 335 383 397 136 409 371 78 173 492 493 271 385 197 217 362 307 351 216 367 254 334 147 94 137 415 428 274 213 353 290 99 250 142 64 419 203 326 124 295 154 382 381 254 362 289 306 237 286 426 38 381 229 416 11 320 257 145 312 178 415 294 328 440 43 382 388 358 430 156 39 67 413 259 376 350 292 214 375 375 451 169 256 415 208 290 309 277 328 316 339 465 464 260 299 344 39 221 147 161 402 346 266 310 373 220 186 519 243 391 281 46 406 48 315 417 366
 154 102 50 191 333 145 183 236 246 101 261 395 1 384 240 285 363 245 189 217 350 377 369 196 343 323 340 378 169 197 136 379 74 72 41 249 296 215 227 242 210 317 122 158 132 237 55 336 327 219 185 72 87 29 192 330 38 152 422 33 153 49 111 420 162 364 300 150 175 232 339 140 90 137 104 353 370 183 51 376 207 210 315 279 276 97 267 281 376 127 113 372 91 153 266 440 142 382 226 243 323 220 174 219 413 140 34 260 339 322 261 298 405 46 217 243 227 314 124 13 39 247 310 267 242 87 219 392 213 426 320 70 394 87 80 218 262 254 290 68 386 252 142 316 321 310 161 89 389 155 293 254 193 371 338 332 210 189 238 283 214 362 231 54 138 370 283 189 309 245 305 161 347 159 345 20 260 224 338 151 141 230 250 46 199 74 83 283 231 131 336 224 249 260 181 110 258 183 177 264 197 364 148 247 248 288 381 264 210 206 182 194 139 164 299 148 312 336 64 302 115 389 349 242 328 127 236 156 259 111 367 278 77 364 127 222 132 398 212 146 286 84 357 102 111 88 175 401 268 138 316 218 263 362 394 225 286 170 48 181 344 421 275 254 337 251 303 193 110 104 296 107 143 146 149 270 150 423 63 357 338 268 237 330 300 150 301 426 178 274 243 165 75 118 361 230 352 104 214 288
 231 285 377 200 379 291 251 166 143 330 127 16 384 1 209 431 253 439 415 472 133 105 207 309 179 217 272 337 381 443 287 42 311 366 344 168 178 361 432 155 189 106 354 302 293 283 376 130 59 490 276 363 352 362 306 374 356 237 267 399 293 362 369 289 301 268 351 437 218 468 259 374 307 248 284 273 32 248 337 140 383 430 86 129 344 307 125 386 333 267 279 68 303 243 149 356 266 44 293 173 343 203 270 189 313 245 356 144 52 172 304 326 236 397 297 143 158 315 262 389 348 153 146 239 195 336 386 86 177 353 174 318 356 307 304 179 141 190 151 320 84 144 357 275 217 265 285 349 117 232 104 157 197 60 47 303 193 397 473 121 187 336 367 389 312 375 135 196 188 252 106 229 280 286 325 372 410 397 158 243 319 410 316 346 320 374 383 131 393 364 63 161 477 478 257 371 182 204 347 291 336 203 353 239 319 131 82 124 400 413 259 204 346 276 90 240 127 58 406 188 312 112 281 143 367 373 239 348 274 293 223 271 413 35 367 215 402 25 305 247 130 301 165 402 281 318 425 36 366 373 343 414 141 25 57 398 243 361 338 277 200 361 360 436 155 241 400 198 278 296 262 315 302 324 451 449 251 286 334 28 207 132 151 387 331 252 295 360 209 171 504 230 378 270 30 391 34 302 402 351
 135 175 212 153 192 235 60 176 96 244 147 224 240 209 1 226 135 231 210 267 119 154 130 102 104 88 124 186 177 238 108 183 180 193 207 196 58 153 224 166 65 107 164 105 114 77 209 108 172 285 75 259 175 213 99 187 204 109 190 241 102 201 286 194 257 141 158 241 162 261 118 306 151 147 144 135 214 219 210 143 176 223 124 82 144 145 97 184 182 180 182 165 152 97 62 235 199 185 86 195 160 30 235 183 197 128 225 73 188 83 103 136 168 233 89 109 130 135 157 250 204 72 80 49 17 240 178 175 147 225 81 174 206 202 175 68 75 20 64 176 171 81 160 109 86 99 241 255 162 150 178 58 89 168 172 137 58 191 266 186 60 176 159 221 122 205 75 121 70 48 104 102 134 240 159 223 203 189 101 169 260 202 112 220 113 269 204 196 185 293 147 122 269 270 64 183 29 98 142 93 128 125 154 36 114 79 167 108 193 206 65 169 283 85 166 153 91 192 235 62 134 163 136 128 181 298 32 147 75 131 130 82 237 209 174 20 207 231 97 170 81 171 119 216 134 220 222 207 163 177 157 207 74 186 190 190 67 157 195 77 105 226 158 228 101 40 201 153 140 138 86 140 112 128 256 241 184 195 218 191 100 83 144 198 141 95 114 228 143 43 298 89 203 170 180 183 179 138 194 154
 301 301 236 340 97 378 206 380 315 357 364 446 285 431 226 1 230 52 100 114 316 355 272 138 276 233 197 178 117 108 206 400 280 215 281 400 257 86 67 374 271 326 168 171 203 150 231 312 397 133 176 346 203 263 143 98 257 270 277 259 183 240 386 258 402 219 96 157 340 94 207 414 240 301 261 205 438 388 294 329 81 84 347 307 92 230 321 49 178 325 317 378 246 251 287 232 350 401 141 398 120 241 394 378 232 281 296 297 413 271 129 119 283 245 140 326 338 139 301 296 269 294 288 194 241 346 70 380 346 218 268 262 179 316 281 279 299 243 281 262 377 303 148 178 232 183 391 356 356 316 398 282 283 383 396 163 264 97 93 402 269 161 73 233 179 139 298 312 252 180 327 269 195 389 155 268 28 63 290 331 392 56 116 301 127 352 203 411 57 403 369 330 86 77 201 176 251 286 122 142 115 272 144 193 113 301 374 331 76 81 197 355 403 192 389 314 306 416 231 249 201 360 196 342 103 402 195 139 158 229 258 165 221 434 160 226 157 454 135 329 304 279 296 188 250 332 121 424 66 148 115 69 298 409 402 62 193 121 268 178 260 207 75 39 292 191 49 341 262 236 179 208 183 162 170 34 343 263 313 415 250 308 354 87 116 239 151 213 324 261 126 257 211 308 402 59 402 227 71 89
 268 308 326 281 147 368 183 294 208 377 254 267 363 253 135 230 1 262 269 318 121 153 50 179 76 51 35 85 249 295 228 214 310 304 334 312 100 201 265 282 195 161 261 209 232 133 322 126 246 339 179 390 285 334 181 143 325 243 61 356 212 318 419 61 390 16 135 319 293 304 27 440 276 281 275 26 273 350 338 119 226 272 188 170 144 268 196 183 82 314 316 188 278 229 159 110 333 213 146 313 114 164 367 306 68 261 352 175 259 90 122 112 54 346 156 222 249 92 291 374 328 184 121 97 143 373 221 178 271 104 88 301 104 334 306 195 176 132 132 303 178 188 249 58 52 58 373 388 148 283 274 166 220 195 236 68 189 251 306 288 189 89 195 332 229 129 156 251 83 119 171 235 37 373 84 344 220 229 97 302 394 239 140 349 183 400 309 300 221 426 201 242 305 300 184 281 134 230 216 113 194 53 242 117 143 155 177 210 241 256 183 297 417 200 256 286 140 266 343 88 249 152 36 242 136 432 129 232 109 255 34 91 341 271 266 153 293 277 164 304 159 302 90 313 263 352 289 232 170 264 117 251 173 237 207 229 78 232 321 183 55 110 160 253 101 113 186 281 271 264 71 257 222 227 336 259 317 62 349 249 51 180 260 157 115 225 84 110 273 127 342 223 310 303 228 220 235 261 240 142
 284 275 197 326 143 351 199 368 314 325 359 454 245 439 231 52 262 1 57 64 334 372 299 133 298 257 228 220 84 58 187 412 251 178 247 389 271 79 19 365 267 336 136 155 183 159 192 327 400 85 170 311 169 226 137 142 220 254 313 218 167 203 350 297 374 253 132 109 322 46 237 379 213 281 237 239 443 367 261 350 60 37 354 312 119 203 322 84 220 301 292 391 219 236 292 278 326 413 147 385 159 240 370 364 273 263 260 300 416 289 148 151 315 203 143 322 330 173 278 256 234 294 302 209 245 313 54 397 335 263 286 232 224 287 252 276 302 250 292 232 393 304 118 206 255 210 365 322 376 298 395 285 274 396 401 198 260 61 46 397 265 202 75 192 158 186 305 300 269 191 334 255 228 363 194 229 44 43 308 311 362 30 131 267 121 315 164 404 47 368 377 322 44 41 193 139 258 275 103 160 106 298 116 203 128 309 390 330 45 41 190 340 371 180 387 295 318 418 188 266 177 379 230 337 146 367 201 114 174 206 287 186 177 438 125 227 115 461 135 308 311 251 318 145 227 301 74 436 93 113 152 31 301 416 416 43 213 95 234 170 284 253 104 13 310 202 94 327 239 211 203 182 164 140 121 26 322 302 280 421 274 311 346 133 149 224 180 259 309 271 82 244 172 284 410 49 408 202 42 122
 239 224 141 282 175 299 166 327 281 271 324 430 189 415 210 100 269 57 1 58 321 359 300 109 292 253 237 244 37 29 144 392 198 123 192 347 258 70 39 325 233 316 85 117 139 148 136 313 370 77 140 255 115 171 111 173 165 211 326 162 128 148 295 313 322 263 153 60 277 58 243 324 162 234 188 249 415 318 207 341 44 23 330 287 134 153 293 114 243 252 241 373 168 195 267 305 276 393 134 343 181 212 320 321 293 217 205 273 386 278 148 165 322 147 126 288 292 187 230 201 179 265 286 198 222 258 52 382 294 291 276 179 253 234 200 243 275 229 273 179 378 274 69 213 251 213 313 267 365 252 360 259 237 377 374 212 227 20 63 360 233 226 77 137 114 218 282 259 260 177 312 214 239 311 214 174 80 48 298 263 308 47 131 212 99 260 108 366 58 313 354 285 71 79 161 85 237 236 69 159 84 297 70 188 128 287 374 299 32 20 158 295 316 143 355 248 300 388 132 255 129 367 241 301 175 311 183 71 168 158 289 184 122 410 72 201 59 436 118 260 288 199 311 90 179 247 23 416 112 60 174 33 275 391 398 49 208 55 180 139 281 282 123 66 299 188 132 284 191 163 203 133 122 98 75 82 273 317 226 394 271 284 308 168 165 182 188 287 266 251 90 205 116 235 386 58 383 153 36 141
 291 270 173 335 206 342 223 381 338 308 379 487 217 472 267 114 318 64 58 1 377 415 351 166 346 306 285 282 93 31 198 449 241 160 229 400 313 121 55 379 290 373 134 174 193 203 169 369 427 22 197 288 158 205 168 205 201 265 372 186 184 183 327 357 364 310 192 69 328 22 292 356 210 284 236 296 472 365 245 396 95 47 388 344 177 202 351 146 282 299 287 430 216 249 325 340 322 450 189 396 220 270 365 373 334 269 239 330 443 334 199 209 371 173 182 345 347 231 278 227 216 322 342 253 279 295 98 439 348 326 331 222 287 276 244 300 332 286 330 222 435 331 122 261 304 263 357 302 420 303 416 316 292 434 431 256 284 76 26 415 290 264 124 165 168 249 339 313 315 232 369 268 286 355 254 205 106 90 354 312 348 81 181 248 156 290 141 420 98 347 411 340 37 50 218 127 294 291 126 210 140 349 124 244 178 344 431 356 79 64 215 347 352 200 411 298 356 444 155 310 180 423 288 356 209 343 240 127 221 209 340 236 142 467 120 259 93 493 174 309 345 244 365 118 229 287 52 473 152 109 213 68 332 449 455 90 261 112 219 196 334 316 163 76 355 244 158 336 240 212 254 183 177 153 73 83 321 361 263 451 324 341 363 197 207 237 235 322 318 308 33 260 150 282 443 99 440 203 79 182
 216 268 327 210 252 308 176 205 127 331 159 148 350 133 119 316 121 334 321 377 1 40 76 214 47 87 141 204 291 350 223 94 282 309 313 220 65 258 330 192 143 53 281 223 230 176 324 15 132 397 192 354 292 323 213 247 315 203 142 354 219 314 374 161 326 135 228 357 226 369 128 389 261 233 248 141 154 278 312 28 283 332 78 82 226 257 107 269 200 262 270 68 260 198 87 226 274 94 189 222 216 132 298 223 182 219 329 98 143 46 188 202 110 348 196 139 168 189 246 358 312 112 41 126 112 332 283 66 192 222 49 281 223 295 277 137 98 101 61 283 63 111 277 147 88 138 309 346 44 226 168 99 166 75 119 174 142 303 373 185 138 205 260 336 240 244 72 187 65 146 67 194 148 309 195 333 298 293 28 244 336 305 204 323 223 366 321 198 288 376 84 164 374 373 181 301 95 177 256 176 239 71 271 134 207 68 61 120 300 315 182 223 362 202 149 232 42 150 351 69 250 47 149 155 240 384 140 263 161 242 91 152 354 152 291 134 325 157 205 247 72 273 33 334 240 311 336 114 251 294 217 313 95 118 90 294 123 272 303 194 68 229 242 328 25 135 279 209 242 248 139 255 230 246 373 339 257 159 317 130 75 96 173 261 207 201 170 228 209 79 407 187 319 258 108 286 116 250 301 230
 236 290 357 223 289 322 210 210 142 350 162 118 377 105 154 355 153 372 359 415 40 1 105 251 82 125 176 238 328 387 255 64 307 341 339 222 103 297 369 197 168 63 316 258 262 214 355 47 120 435 227 376 324 351 250 285 344 227 163 384 253 344 392 185 338 168 267 393 240 408 163 405 290 254 274 175 131 288 337 36 322 370 77 101 264 287 120 308 234 281 290 39 288 225 112 252 290 63 228 224 253 163 309 230 210 242 354 119 128 85 227 241 131 378 234 151 179 226 267 385 339 133 75 165 145 352 322 27 203 250 88 308 256 316 302 160 118 135 92 310 25 129 312 185 126 176 321 366 17 244 163 124 188 47 104 210 168 340 411 181 164 240 299 367 274 279 95 204 104 184 77 218 183 321 231 361 337 332 66 261 351 344 243 347 261 387 354 194 326 392 72 177 413 412 215 335 128 199 293 215 276 101 307 172 245 90 25 130 339 353 216 234 378 235 143 251 67 135 383 108 282 14 184 164 277 401 177 300 199 272 121 191 387 130 326 167 360 128 243 264 92 297 65 368 267 331 374 80 290 329 255 352 116 95 55 332 162 309 330 229 103 259 281 367 64 173 318 222 268 277 177 287 264 281 409 378 273 182 340 109 111 113 181 298 245 230 208 257 225 112 445 213 351 279 85 324 97 280 339 269
 257 302 337 262 194 355 187 267 182 370 224 221 369 207 130 272 50 299 300 351 76 105 1 200 37 49 79 134 275 327 235 167 309 317 337 284 80 232 300 255 181 123 279 223 240 155 334 84 206 372 191 387 298 341 200 190 332 236 70 367 223 327 413 86 376 65 178 345 276 340 67 431 280 272 274 74 229 331 339 71 258 305 150 140 183 273 167 224 131 304 308 141 281 225 135 150 320 166 169 285 159 156 350 282 107 254 354 149 218 59 154 154 41 358 178 196 225 135 283 379 333 161 88 108 133 368 254 130 248 147 59 304 152 329 305 178 150 120 105 306 129 163 269 95 51 90 358 383 99 270 239 144 206 148 194 114 176 281 342 254 175 138 229 345 242 178 126 234 63 132 135 227 84 358 132 351 259 263 57 289 382 274 171 350 206 398 325 267 256 418 159 219 342 338 190 299 120 217 240 142 220 7 262 125 174 124 129 181 274 289 189 277 407 208 220 274 104 225 358 71 259 103 83 215 183 424 136 254 133 260 18 117 358 228 286 149 316 231 187 291 129 301 44 332 263 347 318 185 209 286 162 285 147 193 159 264 94 257 325 194 26 155 199 292 61 123 230 261 269 267 98 266 234 243 362 299 304 85 347 206 32 152 234 204 157 224 122 153 257 108 378 217 324 295 183 254 192 266 273 184
 166 176 154 203 146 252 68 242 182 241 228 324 196 309 102 138 179 133 109 166 214 251 200 1 187 152 151 183 79 137 77 284 163 130 177 263 150 56 125 237 135 208 84 43 77 47 149 205 268 185 39 241 112 169 6 141 160 134 238 183 53 149 277 232 276 176 109 147 204 161 153 303 122 169 135 164 311 256 186 234 76 122 224 181 86 112 190 108 181 196 191 265 127 115 161 245 221 286 34 260 129 108 264 241 220 148 194 168 284 172 66 103 228 171 23 191 201 119 171 208 167 162 178 94 115 232 80 274 209 231 169 148 199 197 162 144 170 121 165 149 270 172 71 126 150 122 263 245 257 182 263 154 146 269 269 138 128 91 165 266 133 166 67 158 60 178 175 174 153 71 205 133 156 262 150 177 112 91 192 198 270 104 55 195 13 249 133 275 89 290 247 193 169 171 64 104 129 149 43 70 28 196 64 81 54 179 266 198 92 105 60 219 286 56 256 181 191 286 167 148 85 259 158 206 138 292 75 55 71 106 192 89 164 306 89 95 117 331 17 197 181 159 206 135 123 215 124 308 89 87 122 107 170 286 290 92 107 59 162 40 178 226 91 132 192 81 130 204 135 114 109 94 58 52 163 147 212 235 202 289 170 179 217 146 106 103 107 230 188 143 197 120 135 180 280 87 277 107 94 99
 224 271 315 227 207 321 163 231 146 338 187 193 343 179 104 276 76 298 292 346 47 82 37 187 1 44 95 159 264 320 211 140 281 295 309 248 48 226 297 218 148 88 261 204 217 145 312 51 172 366 171 357 277 316 187 203 307 205 106 344 202 304 381 122 341 90 186 332 241 336 82 399 254 240 245 96 198 296 311 53 251 300 115 104 186 248 131 229 155 271 276 114 254 196 99 183 286 140 159 249 172 126 315 246 140 222 326 113 185 24 151 160 77 336 167 160 189 145 251 353 306 126 51 94 103 337 250 109 213 178 25 277 178 299 276 144 114 91 69 278 107 128 254 104 46 95 324 352 81 236 203 109 173 121 161 129 144 273 339 218 143 159 225 323 222 198 90 200 36 117 99 196 103 324 150 326 261 259 22 255 348 271 168 321 195 368 305 231 253 386 126 184 340 338 166 281 88 184 228 139 209 31 248 108 171 88 105 145 268 283 166 241 374 186 184 241 68 192 337 43 236 85 103 179 196 392 117 239 126 234 49 114 338 196 270 122 302 203 176 258 93 272 21 315 236 316 308 160 212 271 173 280 111 162 135 260 86 245 298 174 22 185 203 292 26 107 238 226 240 241 98 243 213 225 349 301 270 121 318 174 30 116 197 217 165 196 128 184 222 75 374 186 304 264 153 251 160 241 268 189
 220 261 290 231 165 319 141 244 158 330 205 231 323 217 88 233 51 257 253 306 87 125 49 152 44 1 57 124 228 281 188 179 266 269 292 263 51 186 256 232 145 117 231 175 193 107 287 88 202 327 143 345 251 295 153 161 286 196 103 320 175 281 373 109 341 62 143 297 243 296 45 393 235 233 230 61 233 300 295 96 212 260 144 121 143 228 147 186 120 266 269 154 236 183 109 159 284 179 122 263 130 116 317 256 118 214 310 125 216 46 110 117 83 311 131 172 199 103 244 334 287 133 75 60 94 327 210 151 221 152 44 259 144 288 262 145 126 82 83 261 149 138 221 61 3 52 324 342 124 234 226 116 171 161 194 88 140 235 298 239 140 122 184 298 194 159 107 201 34 84 125 188 66 323 110 305 218 219 60 253 345 230 127 306 159 356 277 252 212 379 160 192 299 296 144 251 84 181 193 98 172 45 215 78 130 107 147 161 228 243 142 247 369 161 209 237 95 222 310 38 212 128 67 192 154 385 89 206 86 214 44 72 310 230 238 106 268 241 139 255 111 258 64 284 220 306 271 201 169 238 131 240 124 198 176 219 47 209 280 147 28 156 160 250 64 75 194 231 226 222 55 219 186 195 314 259 268 110 305 209 19 131 210 175 122 181 85 156 224 77 334 176 277 256 189 210 194 221 228 146
 258 292 301 275 116 357 165 294 208 362 257 286 340 272 124 197 35 228 237 285 141 176 79 151 95 57 1 68 218 263 207 234 292 279 313 313 105 168 231 282 188 173 234 184 210 106 297 143 258 306 156 372 260 312 153 112 303 230 90 331 188 294 403 82 380 27 102 288 285 271 14 425 256 269 257 14 289 343 319 144 194 239 200 175 110 247 200 149 64 301 302 208 258 215 161 111 322 234 118 313 82 154 359 304 75 248 331 176 272 102 91 79 88 320 129 222 248 58 278 351 307 183 131 80 135 357 188 202 268 102 100 281 88 318 288 189 178 126 138 283 201 189 220 26 57 31 364 371 173 273 280 165 212 215 250 36 181 219 273 293 182 66 162 307 204 104 161 244 89 98 181 223 10 363 56 321 187 196 115 292 381 205 108 330 153 382 282 305 188 412 216 241 271 266 165 253 131 222 186 83 164 80 213 99 111 162 200 214 208 224 163 292 403 178 264 275 151 278 316 92 226 177 12 242 105 417 111 204 82 235 63 63 314 286 238 141 264 296 136 293 166 284 113 285 245 337 257 254 137 235 85 218 176 254 229 196 60 202 300 160 74 104 126 220 118 95 153 275 254 244 45 234 198 200 305 226 307 85 331 265 67 184 260 126 82 209 51 105 266 128 309 210 284 290 245 186 251 240 207 109
 315 344 335 337 82 413 216 358 274 413 323 351 378 337 186 178 85 220 244 282 204 238 134 183 159 124 68 1 235 266 251 297 339 312 357 378 172 181 228 348 250 240 263 223 254 145 331 208 325 303 200 419 294 351 187 81 342 286 108 365 230 331 452 85 437 71 92 301 346 265 80 477 300 325 306 65 355 403 365 204 203 240 267 242 112 291 267 137 5 357 356 271 304 269 228 63 379 297 154 378 64 214 418 367 56 303 375 243 339 168 118 84 125 352 163 288 312 66 332 390 348 249 198 138 198 407 194 263 331 49 166 326 21 369 336 252 244 190 205 328 262 255 246 78 124 88 421 421 232 331 347 231 273 279 317 51 242 229 265 360 244 19 169 339 242 49 228 306 156 150 248 280 59 420 34 359 177 198 179 350 436 204 130 375 181 428 311 372 189 463 282 305 261 253 215 281 196 282 209 117 187 138 239 155 132 229 261 280 213 227 212 354 457 224 331 333 218 345 345 159 266 237 58 308 76 467 166 230 126 281 118 110 341 353 264 200 283 360 168 351 233 333 174 309 294 387 266 317 133 258 71 218 242 320 291 198 120 222 343 204 137 44 123 209 183 151 130 337 304 290 100 274 238 234 318 210 365 90 379 331 131 250 325 93 83 261 80 48 327 194 301 266 315 344 310 188 317 285 210 104
 204 192 120 247 174 268 131 292 246 243 288 395 169 381 177 117 249 84 37 93 291 328 275 79 264 228 218 235 1 63 109 358 168 99 166 311 227 55 68 289 198 283 54 82 104 122 115 282 335 110 105 231 88 147 80 171 141 176 307 145 92 124 270 297 291 244 146 71 242 94 223 299 130 199 154 230 380 284 180 312 39 57 296 253 124 120 258 116 233 219 209 341 136 159 233 297 244 360 107 308 173 178 287 285 280 182 180 238 351 249 128 153 301 131 98 253 256 173 196 181 153 230 255 171 189 231 51 351 258 283 247 149 246 204 169 208 240 197 240 149 346 239 35 193 226 192 282 241 335 217 324 225 201 344 339 197 192 24 99 324 197 216 69 119 78 215 249 223 231 148 278 178 222 280 203 152 92 56 269 229 279 63 111 186 70 236 89 330 63 287 320 249 106 113 125 60 205 200 37 137 57 272 34 158 109 253 343 264 43 44 123 260 289 108 319 213 267 352 119 226 94 337 224 265 171 287 152 35 143 124 266 161 111 375 44 168 50 401 90 226 254 168 283 78 145 219 46 383 108 32 165 54 240 357 366 56 182 21 153 104 255 275 116 90 270 159 137 248 157 129 181 100 86 62 88 107 239 301 198 360 246 249 272 169 153 146 170 280 230 219 125 169 96 202 352 62 348 120 47 133
 262 243 150 305 193 316 193 351 308 284 349 457 197 443 238 108 295 58 29 31 350 387 327 137 320 281 263 266 63 1 169 420 215 135 205 370 286 96 43 349 260 344 105 144 163 176 146 341 397 48 167 265 131 182 139 192 177 235 351 167 154 159 305 337 338 288 175 52 299 37 270 334 182 255 208 274 442 337 220 369 70 27 358 315 157 173 321 132 265 271 260 402 188 219 295 326 295 421 162 366 203 240 338 344 316 240 216 300 413 306 175 189 348 153 154 315 318 211 250 207 192 292 314 227 250 271 75 411 318 311 304 196 273 250 218 270 302 257 301 195 406 302 92 239 279 240 331 279 393 274 386 287 262 405 401 236 254 48 43 385 260 247 102 144 138 236 310 283 288 205 340 238 264 328 236 183 94 69 327 284 323 63 157 224 127 269 118 391 78 324 382 310 53 64 188 100 265 261 97 186 112 325 94 216 154 315 403 326 55 40 185 318 329 170 381 270 328 414 136 283 151 395 266 326 194 322 211 97 196 180 316 211 124 437 91 229 68 463 146 281 316 217 339 96 201 262 24 444 133 80 196 49 302 419 427 69 235 82 194 167 308 302 144 70 327 216 147 307 212 183 230 154 147 123 63 82 293 341 239 422 299 311 333 185 188 207 213 308 289 280 63 230 126 254 414 79 410 174 57 163
 98 100 105 140 221 176 49 184 146 165 183 301 136 287 108 206 228 187 144 198 223 255 235 77 211 188 207 251 109 169 1 271 89 87 108 204 165 121 174 182 99 200 70 37 8 107 102 211 236 212 52 169 70 108 72 217 99 68 287 134 25 94 203 286 201 230 185 152 136 201 205 228 50 96 59 219 282 183 114 249 130 164 206 164 162 41 162 182 249 121 115 259 53 52 147 310 146 274 100 200 202 93 190 178 280 77 126 147 251 190 136 175 270 126 91 150 150 188 96 147 101 136 183 132 112 157 139 274 151 298 188 76 268 121 87 109 149 124 164 78 268 144 77 184 186 177 188 171 265 112 219 136 96 259 243 203 95 130 206 218 100 236 136 114 31 252 164 115 176 111 191 71 214 186 219 117 179 149 208 126 194 161 129 125 86 178 100 223 151 215 230 143 214 220 46 85 130 94 86 135 93 230 76 112 129 169 264 165 143 150 47 154 211 29 217 109 190 252 129 169 28 266 216 160 214 218 101 75 128 31 232 146 132 276 83 91 117 305 90 124 169 84 226 116 47 139 147 295 164 91 196 157 150 263 283 150 151 93 94 49 210 294 167 190 207 116 205 141 59 39 162 33 24 48 165 207 138 288 128 263 203 157 165 222 179 39 172 298 123 146 231 62 97 105 260 149 254 35 147 175
 229 284 367 205 343 301 231 179 134 336 134 55 379 42 183 400 214 412 392 449 94 64 167 284 140 179 234 297 358 420 271 1 307 354 339 185 145 334 406 166 175 77 337 282 278 254 366 93 73 467 254 366 339 356 282 338 349 229 226 391 275 353 376 248 314 228 317 418 223 444 221 385 297 247 277 234 70 261 334 99 358 405 66 108 312 296 113 354 294 269 280 27 295 232 127 315 273 4 266 189 307 183 283 201 272 240 353 125 75 135 272 292 194 388 270 138 160 280 261 386 342 137 113 207 171 340 360 46 182 313 138 311 316 308 300 165 124 164 121 313 43 130 338 239 180 229 297 353 76 233 121 137 188 20 56 266 178 373 448 140 172 298 339 378 295 337 111 194 153 223 82 220 242 297 288 366 380 370 120 246 329 383 286 344 295 377 370 152 366 373 44 161 451 451 237 355 156 197 324 260 311 162 333 210 288 106 41 117 375 388 239 212 357 257 103 240 95 82 395 153 298 71 242 144 331 382 212 327 243 282 183 238 401 70 349 192 384 65 278 250 106 297 125 387 272 321 403 25 335 354 307 389 123 37 21 371 210 339 333 255 161 321 328 408 117 211 367 203 271 285 227 301 284 305 433 420 256 245 334 51 168 115 157 352 296 240 260 319 211 142 480 219 366 270 29 364 43 290 376 318
 81 33 80 119 308 102 128 167 174 79 188 322 74 311 180 280 310 251 198 241 282 307 309 163 281 266 292 339 168 215 89 307 1 84 34 181 233 199 234 171 141 246 115 121 88 195 82 269 254 249 140 81 85 55 159 304 52 81 368 93 112 65 115 369 125 313 272 179 105 251 289 141 42 65 37 304 297 127 31 309 200 220 243 208 248 53 195 264 336 62 49 301 37 86 197 397 83 309 188 176 290 156 125 151 366 67 48 190 266 258 224 263 347 96 179 170 154 276 52 80 39 176 243 215 178 70 211 321 141 385 257 20 356 37 7 148 191 191 222 20 315 181 134 269 264 262 117 83 320 83 221 185 121 299 265 290 142 191 257 212 145 324 215 92 106 339 214 115 248 195 234 90 299 115 307 64 253 219 273 82 113 229 217 42 170 91 104 212 224 128 264 151 266 275 127 116 194 111 160 223 174 304 137 194 216 219 310 191 209 210 130 125 125 116 226 76 243 264 110 240 81 320 302 169 301 130 182 142 215 59 309 232 121 291 127 161 149 325 177 78 216 11 293 129 48 53 192 328 247 139 284 221 193 289 322 220 234 160 31 136 284 382 251 257 271 198 287 122 42 51 247 73 106 121 185 274 86 371 41 284 279 197 165 307 267 86 260 386 106 209 271 97 96 48 288 222 279 57 213 261
 149 115 25 192 263 183 134 240 224 150 252 379 72 366 193 215 304 178 123 160 309 341 317 130 295 269 279 312 99 135 87 354 84 1 71 257 250 144 160 242 180 284 51 96 80 174 20 297 312 166 127 134 20 50 127 260 44 132 364 54 95 26 173 359 205 303 231 96 182 171 279 203 63 137 89 291 358 210 86 334 136 144 289 248 207 60 243 210 310 144 131 343 67 124 232 374 166 356 162 252 254 179 207 228 349 128 83 230 326 275 195 230 350 43 152 225 218 247 128 84 58 218 269 211 198 137 148 359 210 360 273 66 326 117 88 190 232 210 250 65 353 225 71 254 267 249 199 146 351 157 288 220 170 343 321 267 177 120 177 282 183 294 160 30 76 301 249 179 260 187 275 139 285 196 279 54 190 154 293 161 189 161 183 91 131 139 22 285 160 192 311 212 187 197 130 40 215 164 107 199 128 312 77 192 181 254 349 243 140 138 130 201 195 110 289 151 275 325 43 253 60 352 287 230 259 190 181 86 197 74 312 216 48 351 57 177 68 383 146 158 253 89 311 46 88 128 112 377 198 68 247 150 233 343 366 154 228 99 60 124 293 354 205 186 292 195 232 194 95 72 235 55 84 80 102 202 167 362 105 341 285 240 231 260 232 115 237 359 176 231 189 137 14 129 340 159 333 65 145 218
