NAME : domp240p120v7
COMMENT : (Deleplanque et al.) 
TYPE : DOMP
DIMENSION : 240
DISPLAY_DATA_TYPE: NO_DISPLAY
OPEN_FACILITIES : 120
COST_SECTION
 1 251 249 199 79 178 133 160 210 258 140 86 155 264 100 234 83 137 168 224 239 186 288 205 167 290 210 214 260 204 95 66 12 299 163 24 84 170 234 89 247 220 115 115 252 126 280 201 142 130 317 86 135 196 183 225 118 148 295 300 46 202 222 258 137 99 92 244 155 153 111 255 74 182 185 166 178 252 234 134 349 257 255 111 150 310 342 109 179 148 159 254 210 176 222 150 105 173 109 227 285 58 257 81 119 78 131 235 81 112 110 131 174 186 284 146 104 99 194 68 215 51 175 232 129 95 160 139 239 250 128 197 207 244 133 117 131 112 280 155 115 246 11 246 215 229 207 119 19 96 165 94 206 118 191 109 248 167 163 142 176 234 149 120 71 128 189 139 207 164 91 70 135 87 160 242 132 203 238 150 164 41 193 250 135 160 168 95 325 201 67 31 290 223 262 292 182 220 154 243 235 155 43 106 164 197 177 192 71 220 133 74 152 101 159 222 122 81 43 153 207 187 169 286 231 48 133 191 162 31 145 340 245 186 288 251 13 200 262 201
 251 1 31 159 266 288 306 292 193 56 154 266 133 257 161 348 280 386 186 213 212 296 46 295 189 92 268 160 18 62 199 306 257 100 137 274 169 249 40 260 85 328 313 150 281 254 98 72 352 132 295 293 128 302 86 205 281 107 64 52 208 100 187 15 153 160 319 221 117 107 183 107 192 123 166 115 201 28 164 146 108 157 276 197 121 96 99 148 94 318 311 145 257 341 145 123 223 112 164 267 59 273 229 323 136 254 296 222 317 347 302 223 420 285 60 297 284 166 326 186 123 265 179 55 327 320 107 383 86 15 378 112 45 166 238 339 120 171 127 224 357 122 258 318 294 215 343 184 254 269 216 331 320 365 195 193 208 228 263 273 309 251 348 191 182 334 157 270 108 271 177 246 117 171 177 170 230 98 204 216 290 255 92 71 158 384 183 157 106 260 194 279 88 189 123 99 307 221 197 13 267 398 267 146 347 170 188 123 221 98 166 300 263 320 233 205 226 307 290 187 140 208 90 111 199 293 375 100 131 221 199 94 212 155 56 60 256 441 242 198
 249 31 1 182 274 268 317 307 167 86 168 274 148 283 154 326 287 382 165 237 237 313 40 273 168 65 288 133 46 48 188 300 257 74 154 272 166 266 67 268 55 306 301 158 305 238 69 55 360 124 323 299 119 319 72 178 266 113 48 70 208 77 160 44 167 154 310 246 130 117 170 77 185 102 143 132 220 5 136 159 101 128 300 183 133 74 94 143 79 329 325 115 233 324 171 136 234 95 154 290 40 265 255 317 131 243 307 247 311 350 310 238 421 264 88 310 293 173 306 188 148 269 157 29 314 325 95 385 114 17 376 89 51 138 252 345 120 181 97 204 351 150 258 294 271 239 323 170 255 278 234 324 299 360 217 180 234 208 244 256 290 225 357 204 183 342 133 253 132 252 184 236 119 176 195 196 244 75 230 197 271 248 112 100 171 390 161 155 86 280 197 277 62 214 152 71 323 195 177 22 241 400 261 146 358 146 208 145 211 124 151 292 278 311 250 229 239 311 290 204 164 185 100 82 172 289 377 80 147 221 180 92 238 132 41 30 254 444 268 220
 199 159 182 1 166 330 181 152 283 121 63 161 59 105 170 394 178 322 254 57 61 148 203 348 256 246 111 261 155 168 215 264 199 255 48 214 154 101 121 153 223 375 304 97 124 278 248 177 237 165 153 192 165 151 171 300 290 108 222 183 158 205 286 154 67 166 290 70 76 93 212 244 187 210 249 65 49 181 276 74 261 282 120 225 78 254 250 158 176 188 175 271 327 356 28 75 112 192 187 109 217 249 82 279 152 249 170 67 279 252 188 95 330 332 147 164 171 108 359 141 40 182 253 190 320 223 170 295 84 170 308 211 137 282 108 235 133 89 270 274 311 64 201 384 353 60 376 219 190 158 70 293 363 310 39 220 63 285 306 300 340 336 227 83 143 220 244 296 52 311 112 239 121 123 44 44 100 204 55 266 322 227 71 103 67 273 251 149 264 104 136 227 243 36 79 252 161 308 253 162 346 305 236 134 218 260 38 38 218 65 212 270 124 297 89 49 103 214 221 54 22 281 99 260 299 246 285 196 53 172 249 243 64 240 214 206 210 340 93 40
 79 266 274 166 1 256 57 83 275 257 122 9 143 203 148 312 14 162 234 172 189 110 309 283 233 326 142 273 272 234 163 127 70 335 146 76 124 103 240 15 286 298 188 117 184 203 319 235 87 172 254 28 176 120 218 291 195 162 321 310 81 246 285 270 121 145 158 191 153 160 175 299 134 232 246 159 129 275 292 124 372 312 189 179 148 343 363 150 217 73 81 307 284 251 192 147 55 218 163 160 312 134 203 135 157 155 53 181 141 88 40 75 166 263 285 68 27 102 272 93 194 31 239 264 201 59 199 130 229 270 146 244 225 302 69 74 158 98 326 228 161 224 72 324 292 177 284 184 61 19 110 152 284 155 144 175 199 240 240 220 254 307 87 86 99 69 248 217 192 241 91 147 156 100 123 205 73 246 189 222 242 119 188 244 117 118 233 132 357 133 81 91 325 178 241 329 104 289 223 262 309 141 119 134 94 259 134 174 144 207 193 142 80 168 98 172 66 49 70 113 180 256 178 327 296 108 120 234 148 79 214 359 195 244 313 283 89 180 205 153
 178 288 268 330 256 1 310 336 119 326 270 263 272 419 161 66 260 226 105 372 384 361 303 29 101 269 377 150 304 227 116 158 188 274 283 188 178 337 297 265 230 46 98 234 416 55 253 217 309 173 472 262 176 371 204 120 66 231 297 337 191 193 133 301 266 165 137 391 259 245 120 222 145 167 129 272 328 272 161 257 346 187 417 106 255 292 345 174 196 325 336 194 62 70 342 258 270 177 146 392 288 128 404 165 183 102 308 384 154 267 286 295 294 12 343 323 281 227 39 199 326 228 113 241 99 261 187 271 327 279 232 181 255 168 301 282 204 249 233 66 180 351 187 70 41 377 56 114 197 273 322 157 35 200 338 111 390 62 26 37 27 93 320 271 194 299 139 40 311 19 227 110 215 213 302 370 298 195 380 73 18 139 287 328 267 317 108 182 306 367 209 176 272 362 364 266 358 102 93 277 81 288 142 197 338 130 323 305 119 317 128 136 324 127 323 368 288 250 204 300 328 90 250 251 130 168 271 190 279 184 91 347 389 139 295 251 169 328 412 347
 133 306 317 181 57 310 1 45 331 288 154 52 176 187 202 364 51 182 290 169 186 72 351 337 289 373 119 327 309 281 219 171 123 382 175 125 178 91 275 54 335 351 236 160 159 258 367 283 59 225 232 52 228 81 268 347 248 206 364 345 137 297 341 307 154 199 202 185 190 201 231 350 190 285 301 193 136 318 347 161 413 366 167 235 186 388 404 203 267 16 29 360 341 300 208 184 84 270 218 139 356 186 196 176 208 210 12 175 183 91 27 88 163 318 316 24 31 147 324 146 216 84 295 310 248 69 250 133 256 312 164 296 267 356 75 67 207 137 377 284 194 244 125 378 347 173 335 240 115 44 114 192 337 183 150 232 197 297 295 274 306 363 47 116 153 44 303 271 218 296 137 202 203 150 142 214 83 297 189 278 296 172 221 273 150 95 289 185 402 114 133 139 372 183 260 377 61 345 279 303 365 137 170 184 42 314 145 199 200 234 248 189 63 213 96 172 83 72 113 131 199 312 218 376 352 153 122 285 180 136 270 399 191 299 356 330 142 165 193 157
 160 292 307 152 83 336 45 1 343 267 140 75 160 144 211 394 83 225 304 131 147 29 337 362 303 366 76 335 293 276 236 207 152 376 157 158 186 54 258 73 332 379 270 155 116 283 362 279 100 229 188 89 232 39 266 360 277 199 353 327 152 297 352 292 141 208 238 145 177 191 246 348 205 289 311 178 104 307 354 150 399 370 123 252 175 380 389 209 266 42 25 363 361 333 179 172 80 273 229 95 345 216 155 214 212 236 38 135 220 135 68 70 206 343 295 22 62 146 353 154 190 113 307 304 283 112 251 177 232 300 208 298 257 363 56 111 206 130 376 303 235 216 154 403 372 135 366 255 142 65 84 230 365 225 117 248 159 316 319 300 335 381 85 105 161 87 312 297 196 321 138 227 200 153 119 180 64 297 151 296 323 200 203 251 137 135 302 191 392 72 141 172 364 147 230 371 23 360 294 291 385 180 201 187 70 324 116 177 221 211 260 224 30 249 65 135 70 113 149 108 172 328 208 373 364 188 166 286 162 155 286 383 152 308 345 323 171 206 151 122
 210 193 167 283 275 119 331 343 1 240 234 280 227 385 133 166 284 308 42 335 343 362 196 114 44 154 361 35 209 136 116 226 221 158 238 229 158 325 212 278 120 147 191 202 393 117 137 126 350 122 435 291 121 371 120 18 150 176 187 236 195 95 16 206 230 137 219 351 208 191 101 107 142 77 35 219 299 171 43 220 231 70 392 100 206 177 232 137 113 346 351 76 69 186 287 210 265 94 115 371 178 186 364 239 138 154 325 347 229 319 312 284 368 111 251 336 301 203 156 190 266 254 37 140 198 303 115 337 253 181 309 83 171 51 295 326 153 225 116 70 266 284 220 128 109 339 171 92 225 288 301 238 143 282 304 102 345 64 100 124 144 59 356 251 183 335 41 123 249 108 209 154 164 193 269 316 289 96 337 69 128 183 223 248 233 368 43 154 190 351 203 224 158 318 293 151 364 29 57 181 75 355 193 162 367 25 290 250 141 250 85 208 322 213 309 329 280 290 249 272 274 32 187 134 22 226 334 97 231 197 67 235 346 44 186 144 206 399 374 312
 258 56 86 121 257 326 288 267 240 1 137 255 115 211 181 388 270 393 227 170 166 266 91 336 231 145 231 209 43 105 225 319 262 153 114 279 182 219 30 247 140 368 336 146 238 286 153 116 339 158 245 284 154 270 124 254 309 112 112 63 213 147 237 44 137 179 336 175 107 105 212 162 211 166 211 99 167 83 216 134 142 211 232 227 111 146 131 167 132 298 288 199 301 372 101 112 207 152 189 227 110 290 181 335 155 276 278 178 331 342 288 201 418 324 29 276 271 163 362 190 82 262 222 108 351 314 139 382 38 71 383 158 73 219 216 330 135 160 182 262 369 71 264 363 336 171 379 216 257 255 186 345 359 375 159 222 160 268 301 306 344 298 333 174 188 321 202 303 73 308 173 267 127 173 149 121 207 145 158 254 325 270 70 19 141 373 224 171 153 224 194 288 141 145 69 152 278 268 235 66 313 394 282 157 328 217 155 91 242 58 199 316 238 339 204 162 206 302 293 160 101 252 90 166 249 303 372 145 110 227 236 124 166 200 104 115 266 435 194 159
 140 154 168 63 122 270 154 140 234 137 1 119 23 153 111 334 135 269 201 105 116 147 199 290 202 229 131 217 156 140 155 205 141 238 25 157 93 101 123 112 197 315 243 36 160 218 226 145 204 113 205 149 114 154 134 251 228 65 214 192 98 168 239 155 5 108 230 123 39 54 154 215 126 167 200 40 66 169 234 15 261 245 158 166 37 241 252 102 137 165 158 236 272 294 83 34 72 148 129 138 207 188 136 220 97 187 144 117 220 208 153 70 286 272 165 144 135 46 299 79 77 131 201 167 258 179 125 249 108 161 256 171 118 241 85 195 82 29 242 217 253 108 143 326 295 109 315 162 133 120 71 233 303 254 71 161 121 228 246 239 279 283 198 39 81 185 197 235 72 252 51 177 72 61 36 106 77 168 111 209 262 166 68 124 6 237 198 89 254 121 75 169 227 93 125 233 155 257 198 153 292 261 175 76 195 212 57 55 157 87 157 210 111 236 84 99 73 168 167 40 68 228 69 237 252 187 239 157 28 112 193 246 120 193 206 186 150 300 145 80
 86 266 274 161 9 263 52 75 280 255 119 1 141 196 152 319 17 168 239 165 182 102 309 289 238 327 134 277 271 235 168 135 77 336 143 84 127 96 239 9 288 305 196 117 177 210 320 237 87 175 246 32 179 112 220 296 203 162 321 309 86 248 290 269 119 149 165 184 152 160 180 302 139 235 250 157 123 276 296 123 372 316 182 184 147 344 363 153 219 67 74 310 291 258 188 146 51 221 168 153 313 142 197 143 159 162 47 174 148 91 37 69 170 270 283 61 22 102 279 96 190 38 244 265 209 63 202 135 226 270 152 247 225 306 63 76 160 97 329 234 168 221 79 330 299 170 292 189 68 11 104 159 291 162 138 181 193 246 246 227 261 313 85 83 103 69 252 224 189 248 92 154 157 102 119 200 67 249 183 228 249 126 186 242 115 119 238 135 358 126 84 99 326 172 237 331 97 294 228 262 315 145 126 136 90 263 129 171 150 205 197 150 72 176 91 166 60 54 78 108 176 261 178 329 301 115 124 237 146 85 219 359 188 248 314 285 96 182 198 147
 155 133 148 59 143 272 176 160 227 115 23 141 1 159 112 337 156 286 196 109 118 166 178 291 198 210 145 207 135 123 158 220 157 219 12 174 98 119 101 133 180 318 253 43 170 222 208 129 225 108 209 170 108 172 120 244 235 53 194 170 111 154 230 133 23 109 243 126 21 39 154 199 132 156 192 18 78 149 223 22 240 232 168 167 22 222 230 100 124 186 179 222 269 302 72 18 94 137 129 150 187 199 138 235 94 195 165 121 234 228 174 91 306 274 143 166 157 58 303 90 61 150 195 149 268 200 115 269 88 140 274 159 99 230 106 216 75 47 226 216 269 92 159 326 295 114 320 161 150 141 87 248 306 271 79 162 121 227 248 243 284 278 220 60 91 207 188 240 53 254 65 185 64 71 49 99 98 154 112 208 266 178 46 102 27 259 194 92 234 136 89 185 208 93 108 215 175 251 196 132 289 282 188 77 216 204 67 38 163 67 154 223 131 249 103 103 94 188 185 57 57 224 51 220 244 202 260 145 8 126 191 225 121 184 185 167 165 321 148 86
 264 257 283 105 203 419 187 144 385 211 153 196 159 1 263 482 210 362 353 51 46 122 299 440 354 347 69 365 250 273 305 325 260 356 148 272 243 102 218 189 327 464 377 188 39 365 350 281 243 265 54 222 265 117 275 402 371 210 319 270 233 309 388 250 158 260 354 37 178 196 306 348 275 314 350 169 92 281 380 167 351 387 30 317 179 352 340 254 280 185 167 376 424 435 113 176 160 295 282 51 315 320 31 335 250 328 178 39 339 275 206 134 349 422 231 164 194 193 445 221 136 229 353 293 392 250 272 319 174 270 345 315 241 386 135 252 233 171 373 369 363 141 262 478 446 47 461 314 250 188 100 351 452 357 83 312 51 380 396 386 426 435 228 150 226 230 346 383 152 401 193 318 221 207 119 90 134 308 54 361 409 299 175 192 156 278 350 241 361 74 212 286 343 71 148 353 137 409 351 262 445 323 305 229 209 362 98 142 302 160 309 336 128 363 107 57 143 246 271 120 120 380 203 363 402 305 308 300 155 244 345 332 46 342 311 308 275 348 18 74
 100 161 154 170 148 161 202 211 133 181 111 152 112 263 1 226 159 230 95 215 226 230 194 180 95 191 231 126 173 108 48 147 109 200 123 123 26 194 154 149 149 207 156 76 266 112 181 104 229 32 316 168 37 239 85 150 130 74 198 212 68 104 142 170 107 5 159 233 99 87 43 157 32 86 101 112 174 157 146 98 252 165 266 56 95 212 247 15 80 217 220 160 162 196 182 97 133 75 20 243 189 113 246 164 27 96 195 227 158 208 186 152 273 163 204 205 173 73 193 58 167 132 98 135 171 187 62 237 174 158 224 99 118 155 163 209 47 96 183 107 198 193 109 216 185 220 210 51 109 159 172 171 195 207 181 51 230 118 137 134 174 176 232 121 51 213 102 130 152 143 78 88 58 61 145 210 157 105 221 98 155 95 130 178 109 254 93 23 227 221 71 125 192 203 207 193 232 152 89 152 183 254 108 36 241 114 167 145 62 160 50 140 190 161 178 210 148 172 142 146 168 121 95 188 153 136 231 93 118 76 83 245 230 98 192 154 102 298 255 190
 234 348 326 394 312 66 364 394 166 388 334 319 337 482 226 1 315 253 163 436 448 419 359 54 160 320 438 200 364 287 180 201 243 323 348 240 242 398 359 322 284 22 134 299 478 118 303 277 356 238 536 314 240 429 265 162 118 296 351 395 252 251 178 361 330 229 174 455 324 310 185 272 209 226 184 336 392 330 207 321 397 231 480 171 320 342 397 238 257 378 391 240 99 76 407 322 331 238 210 453 342 179 468 204 247 159 363 448 194 311 339 356 324 66 404 379 336 291 42 262 391 283 170 299 127 310 250 306 391 338 263 239 317 212 361 329 268 313 280 128 209 416 241 53 58 441 34 179 252 329 385 192 32 229 402 176 454 121 90 97 59 121 369 333 257 348 194 101 375 84 291 168 280 276 366 435 359 253 444 136 74 194 351 391 331 359 167 247 355 428 272 226 323 426 428 316 415 143 154 337 103 323 195 261 388 183 387 370 181 382 191 180 383 162 385 431 349 300 254 364 392 143 315 299 171 215 309 249 343 244 154 400 453 196 349 307 224 359 476 411
 83 280 287 178 14 260 51 83 284 270 135 17 156 210 159 315 1 153 243 181 198 111 323 287 242 338 147 283 285 247 171 125 73 348 159 76 135 110 253 26 299 301 188 131 190 208 331 248 74 184 260 15 188 121 231 300 198 175 334 323 92 258 295 283 134 156 156 200 166 174 184 311 143 243 256 172 140 288 303 138 385 323 195 187 162 356 377 162 229 66 77 318 291 252 204 161 67 230 174 166 325 136 212 132 169 160 50 190 138 75 29 85 154 268 299 66 22 115 274 105 207 34 249 277 201 46 211 118 242 284 137 255 238 312 78 61 171 112 338 235 155 237 75 328 297 186 286 193 65 23 120 148 287 148 155 184 209 247 245 224 257 314 75 99 111 56 258 221 205 246 104 152 169 113 135 216 83 258 199 229 246 122 201 258 130 105 242 144 370 139 93 91 338 189 253 342 104 297 231 276 316 128 121 146 84 269 145 187 151 220 202 142 84 167 107 182 77 38 67 124 193 264 191 340 305 106 108 246 162 88 222 373 204 255 326 296 92 166 213 163
 137 386 382 322 162 226 182 225 308 393 269 168 286 362 230 253 153 1 271 332 349 253 422 252 268 417 297 324 396 336 207 86 132 426 293 115 218 261 370 176 374 249 128 249 339 195 405 332 141 260 410 141 265 262 313 319 166 284 427 435 181 328 323 393 266 230 92 351 289 289 226 378 200 304 294 299 289 385 343 265 481 369 345 218 284 439 475 241 308 190 209 369 280 178 347 284 213 299 233 316 417 126 364 71 252 157 188 341 80 94 158 235 72 237 420 205 169 232 217 204 344 141 280 363 129 114 290 63 372 385 19 320 342 352 230 119 266 241 401 241 46 376 130 289 265 338 220 231 137 175 271 72 236 27 304 219 360 250 225 197 207 310 158 240 206 144 301 196 338 221 223 158 271 221 280 363 234 329 350 240 208 137 327 384 263 125 272 230 454 290 200 107 419 338 392 418 241 307 254 378 303 76 124 241 182 304 293 322 179 352 249 102 235 100 258 333 226 117 103 270 334 279 305 410 328 94 71 318 293 167 245 473 355 298 421 382 130 107 365 313
 168 186 165 254 234 105 290 304 42 227 201 239 196 353 95 163 243 271 1 304 313 323 199 110 5 168 325 55 202 125 74 187 179 174 207 188 119 288 198 238 127 143 159 167 358 86 152 115 309 89 404 250 90 332 104 58 118 147 194 233 154 89 55 199 197 98 183 321 179 162 60 121 101 64 26 191 265 169 73 187 243 99 358 59 176 191 242 101 96 305 310 101 76 165 261 179 227 76 76 336 184 147 333 202 104 115 285 316 192 278 271 246 329 100 242 296 260 166 143 150 241 213 10 137 169 262 91 297 234 176 271 77 156 82 256 285 122 189 138 42 230 262 179 137 110 308 160 51 184 247 265 201 136 245 271 61 316 44 82 98 128 83 315 215 143 294 36 96 225 90 171 115 134 155 236 289 251 91 307 37 110 142 199 232 199 327 4 117 205 315 163 183 171 289 273 166 325 58 19 174 94 315 153 127 326 34 257 223 100 228 46 170 284 178 272 298 242 248 208 238 247 29 162 152 64 186 294 86 201 156 27 244 316 36 191 147 165 359 343 279
 224 213 237 57 172 372 169 131 335 170 105 165 109 51 215 436 181 332 304 1 18 116 256 393 305 301 68 315 207 224 258 287 221 310 98 234 195 79 174 158 279 417 335 140 69 319 303 232 227 215 102 194 216 116 226 352 326 161 276 232 189 260 339 207 109 211 315 21 128 146 257 300 228 264 301 119 47 236 330 118 312 337 64 269 130 308 300 205 231 171 155 327 375 391 70 127 123 245 233 59 271 278 35 299 200 284 159 13 301 252 183 98 329 375 194 148 168 146 399 176 91 195 303 246 350 224 223 296 133 225 317 266 193 337 104 231 183 124 326 320 328 104 223 430 399 6 415 265 211 159 63 314 405 325 35 264 30 331 349 340 380 386 214 106 180 211 297 336 106 354 147 274 172 161 71 56 100 259 21 312 363 257 127 152 107 263 301 193 318 65 167 249 298 26 114 307 132 359 302 217 396 302 264 180 199 312 50 94 256 117 260 296 107 324 76 9 108 218 236 74 74 331 154 316 352 267 285 251 105 201 297 293 24 293 268 261 235 333 41 26
 239 212 237 61 189 384 186 147 343 166 116 182 118 46 226 448 198 349 313 18 1 131 254 404 314 302 81 322 205 228 270 303 237 310 106 250 207 96 173 174 282 430 350 151 74 332 305 236 244 224 93 211 224 131 232 360 340 168 274 227 204 265 346 205 120 222 331 10 136 153 268 303 240 271 309 125 63 236 336 129 308 342 67 280 138 307 296 215 237 188 171 331 385 405 68 135 139 252 244 69 270 293 22 315 210 298 176 14 317 269 200 115 346 387 188 164 185 159 412 189 90 211 312 248 365 241 230 313 129 225 334 272 196 343 121 248 192 137 328 331 345 98 239 441 410 13 428 276 227 176 79 330 418 341 49 275 13 342 361 353 393 395 230 121 193 228 304 349 107 366 160 288 180 173 84 47 116 264 9 323 376 272 130 148 119 279 310 204 316 80 181 265 298 26 106 308 147 368 312 217 405 319 279 191 215 320 64 97 270 115 270 312 124 339 93 18 124 235 253 88 75 340 159 317 359 283 302 257 113 216 307 289 7 300 266 263 251 350 32 39
 186 296 313 148 110 361 72 29 362 266 147 102 166 122 230 419 111 253 323 116 131 1 342 387 323 374 54 352 296 285 258 235 178 384 161 185 205 49 261 99 342 404 297 168 90 307 372 290 124 245 163 118 248 11 278 379 303 210 358 327 174 310 370 294 149 226 266 128 185 200 266 360 227 304 329 183 100 314 370 159 402 385 98 273 183 387 392 226 279 67 47 377 383 360 173 180 98 287 248 72 351 243 136 242 228 261 66 119 248 162 96 81 231 367 293 49 90 162 379 174 187 140 326 313 310 140 265 204 230 305 236 312 264 379 68 138 220 143 387 325 263 210 180 427 395 120 392 275 168 92 82 258 390 253 110 269 143 338 343 325 361 402 108 116 181 113 329 322 195 346 154 252 212 170 120 169 75 310 136 318 348 226 205 249 145 158 321 209 399 53 161 200 372 136 223 379 17 380 315 296 407 206 227 203 89 342 112 177 245 210 279 251 41 277 65 122 83 141 177 111 168 348 215 383 382 216 193 299 167 179 307 386 137 325 350 331 197 228 131 113
 288 46 40 203 309 303 351 337 196 91 199 309 178 299 194 359 323 422 199 256 254 342 1 306 203 61 312 162 50 87 227 340 295 67 182 311 205 294 84 303 78 339 339 193 325 276 74 93 395 163 334 336 158 347 111 206 304 148 22 46 247 111 188 50 198 193 350 263 162 151 209 95 224 138 176 161 246 37 161 191 64 147 319 222 165 57 55 182 118 362 356 134 264 361 187 167 267 133 193 311 24 304 270 356 170 282 341 265 350 388 345 268 460 298 80 342 328 209 341 226 166 306 191 64 353 362 134 423 126 40 415 123 85 160 283 381 158 215 105 239 390 161 296 324 303 258 358 208 293 312 261 363 333 400 240 219 249 242 279 293 326 252 392 236 222 377 166 290 152 287 219 275 157 212 222 210 275 109 246 233 307 288 137 108 202 426 196 194 63 305 234 316 56 232 159 68 352 223 213 48 269 438 301 184 392 177 233 168 250 141 189 332 308 350 278 248 271 348 328 232 184 218 133 86 198 328 415 117 176 259 217 53 254 165 16 53 293 481 283 242
 205 295 273 348 283 29 337 362 114 336 290 289 291 440 180 54 287 252 110 393 404 387 306 1 107 267 401 147 311 235 136 186 215 271 302 215 198 361 307 291 231 34 125 254 439 81 250 224 337 188 493 289 190 397 213 111 94 247 298 342 215 197 126 308 285 183 165 411 276 261 137 220 167 173 131 289 350 277 156 276 344 180 440 125 273 290 344 191 205 352 363 188 48 88 360 275 294 185 163 415 289 156 425 193 199 129 335 405 182 295 313 318 321 20 352 349 308 248 49 222 342 255 117 245 125 289 198 298 340 285 260 185 264 161 325 310 220 271 228 77 207 366 214 42 14 398 60 130 223 299 345 184 31 227 359 130 409 69 45 65 48 75 348 293 216 327 141 67 327 42 249 137 231 234 323 388 322 199 400 85 46 166 302 340 287 345 114 201 303 391 233 204 271 381 378 264 384 92 102 283 60 316 170 215 366 130 344 322 143 332 141 164 349 154 347 388 312 278 232 322 345 89 265 247 121 196 299 196 297 209 103 347 409 142 296 254 196 356 433 368
 167 189 168 256 233 101 289 303 44 231 202 238 198 354 95 160 242 268 5 305 314 323 203 107 1 172 326 58 206 129 73 185 178 178 209 186 120 288 202 237 132 139 155 168 359 82 156 119 307 91 406 249 92 332 107 59 114 149 198 237 154 93 57 203 198 99 180 322 181 164 59 125 100 68 31 193 266 172 76 188 247 103 359 57 178 195 246 102 99 304 310 105 74 161 263 181 227 79 77 336 188 144 335 198 106 112 284 317 189 276 270 246 326 97 246 295 259 167 139 150 244 211 14 141 165 260 94 295 237 180 268 81 159 86 257 283 124 189 142 38 226 265 177 134 107 310 156 50 182 247 266 198 132 242 273 59 318 40 77 94 124 82 313 215 143 293 40 92 227 85 172 112 136 156 237 292 251 95 309 33 105 140 201 235 200 325 8 117 209 315 163 181 175 290 276 170 325 58 15 178 92 312 150 128 325 38 258 225 98 230 47 167 284 175 272 299 242 246 206 239 249 27 165 156 65 183 291 90 203 155 24 248 318 40 195 151 163 357 345 281
 290 92 65 246 326 269 373 366 154 145 229 327 210 347 191 320 338 417 168 301 302 374 61 267 172 1 351 121 103 93 213 333 299 10 216 313 209 328 130 322 45 300 321 214 369 251 18 92 411 161 386 350 156 381 109 160 282 168 42 106 254 91 143 102 226 192 338 311 191 176 194 49 220 116 143 193 283 66 114 217 78 94 364 204 193 24 79 183 113 386 382 83 222 332 235 196 291 119 185 353 39 295 319 349 173 268 364 311 342 397 363 297 463 262 139 368 347 226 307 236 212 317 159 63 332 373 131 428 177 78 413 99 112 111 311 394 168 238 48 209 381 212 299 279 262 304 323 191 298 332 296 353 296 394 280 203 298 209 247 265 294 206 411 262 230 394 133 263 196 255 237 263 171 226 257 260 303 89 294 204 276 281 176 161 231 440 165 198 39 343 246 315 6 278 213 8 383 179 184 86 224 444 294 193 414 140 271 209 240 188 172 321 338 336 311 293 298 359 332 265 228 181 160 27 151 325 421 101 209 264 190 84 302 133 46 44 292 488 332 284
 210 268 288 111 142 377 119 76 361 231 131 134 145 69 231 438 147 297 325 68 81 54 312 401 326 351 1 346 264 267 267 267 204 361 137 215 208 42 230 128 324 422 324 160 43 323 351 273 175 240 115 157 242 52 264 378 323 195 330 292 187 298 367 263 134 228 297 76 165 183 272 343 236 296 327 160 69 288 363 145 370 375 49 281 165 361 359 225 267 117 99 365 391 385 132 162 109 278 250 20 325 268 83 276 224 281 111 67 281 208 140 84 281 382 256 96 129 159 399 181 150 170 327 292 338 184 255 252 193 278 280 301 241 371 79 185 211 137 370 334 301 168 207 440 408 70 414 281 194 125 61 292 409 294 73 276 92 346 356 343 381 406 160 111 187 162 325 339 161 360 155 271 201 171 97 123 80 297 87 326 366 249 177 213 131 210 323 209 372 11 169 230 349 91 180 357 70 382 319 269 413 255 252 200 142 339 81 145 259 174 280 281 64 307 55 74 91 182 211 91 131 351 195 363 380 247 241 287 144 196 313 353 85 321 322 310 222 280 78 72
 214 160 133 261 273 150 327 335 35 209 217 277 207 365 126 200 283 324 55 315 322 352 162 147 58 121 346 1 176 106 122 240 225 125 218 235 151 312 182 274 86 180 212 187 375 139 104 95 352 108 413 291 106 360 93 46 172 156 152 202 192 63 28 174 213 129 237 330 188 170 104 73 142 52 31 197 282 137 21 203 198 46 374 108 187 144 198 127 87 342 345 48 103 215 263 190 256 71 110 354 144 199 342 254 125 168 321 327 245 325 311 272 380 143 218 330 298 191 187 183 241 255 46 106 222 307 93 347 224 147 323 53 141 31 284 329 136 211 86 93 283 257 225 163 143 319 203 97 228 284 286 255 176 298 285 108 323 91 129 150 175 92 356 238 176 336 26 148 224 137 199 167 146 183 252 292 278 65 315 90 158 192 197 218 217 373 53 145 157 336 196 232 125 297 265 118 356 63 73 148 109 365 204 150 366 22 272 227 149 223 83 223 312 232 296 308 269 293 256 256 251 61 164 102 41 236 343 68 211 197 81 201 325 30 151 110 212 409 353 292
 260 18 46 155 272 304 309 293 209 43 156 271 135 250 173 364 285 396 202 207 205 296 50 311 206 103 264 176 1 78 213 317 267 110 137 283 179 248 36 264 101 344 326 156 276 269 111 88 357 145 286 299 141 301 101 221 295 114 70 40 217 116 204 4 156 172 331 214 121 113 198 123 204 139 183 117 198 43 181 150 108 173 270 211 125 104 97 160 109 320 313 160 273 356 138 126 226 128 177 263 67 285 221 334 147 267 299 216 329 354 306 225 428 301 43 299 289 173 341 195 117 272 195 71 340 327 121 391 77 31 387 128 56 183 240 345 131 175 141 239 368 112 268 335 310 209 359 199 263 273 215 343 336 376 192 208 200 244 279 288 324 267 352 194 191 339 173 285 104 287 183 259 126 179 176 161 231 114 197 232 305 266 91 60 160 389 199 168 112 257 201 289 99 183 111 110 306 237 212 29 283 405 279 156 350 187 186 121 233 92 181 312 264 333 232 199 228 314 299 187 135 225 95 124 216 304 383 117 132 231 214 91 205 171 62 75 267 448 234 194
 204 62 48 168 234 227 281 276 136 105 140 235 123 273 108 287 247 336 125 224 228 285 87 235 129 93 267 106 78 1 141 254 212 102 131 227 121 240 77 230 58 267 254 122 290 193 88 12 320 77 317 259 72 292 26 150 221 77 92 112 165 44 133 75 137 108 263 237 103 86 124 77 138 63 107 108 199 51 115 128 146 116 286 137 104 110 140 97 33 294 291 105 198 280 164 107 199 51 107 271 83 218 247 270 85 196 272 235 264 308 272 207 377 224 118 276 255 135 264 146 141 227 119 31 268 283 48 340 120 54 330 54 36 120 221 303 77 146 104 163 304 153 213 259 234 227 282 124 210 240 209 277 259 314 199 134 227 168 202 212 248 194 319 172 140 302 98 209 124 210 145 189 79 135 171 192 213 42 220 155 228 202 99 113 141 349 122 110 124 258 156 231 92 203 160 97 293 164 135 51 210 356 215 103 322 113 188 131 164 121 105 245 248 264 223 217 207 269 245 178 154 149 73 98 146 243 333 41 124 176 137 138 230 96 86 50 208 400 259 204
 95 199 188 215 163 116 219 236 116 225 155 168 158 305 48 180 171 207 74 258 270 258 227 136 73 213 267 122 213 141 1 122 106 221 169 115 63 228 197 168 170 161 115 120 304 65 200 134 235 69 358 177 73 268 116 131 84 121 228 250 85 124 128 210 151 51 126 276 146 134 20 172 33 99 92 159 215 191 141 142 281 166 305 17 142 235 277 62 110 234 241 164 126 149 229 144 163 96 37 280 218 83 290 138 73 57 214 270 130 205 199 185 260 118 247 227 189 113 146 88 214 140 81 164 129 189 94 227 220 194 204 115 159 151 194 211 94 135 195 68 169 240 106 174 143 263 163 26 111 177 210 141 149 182 224 15 275 80 92 86 127 145 242 158 82 221 97 83 200 98 114 51 104 99 188 256 190 125 265 61 109 72 177 224 152 254 74 68 250 257 99 111 215 247 254 214 258 127 61 189 149 244 84 82 254 104 209 192 29 208 43 109 219 125 213 253 179 175 135 186 214 94 142 204 137 116 222 114 165 84 52 277 274 94 223 181 92 289 298 233
 66 306 300 264 127 158 171 207 226 319 205 135 220 325 147 201 125 86 187 287 303 235 340 186 185 333 267 240 317 254 122 1 67 341 228 54 139 227 294 140 289 191 68 179 309 117 321 249 156 178 377 120 182 245 230 238 93 208 344 356 110 243 240 314 202 148 32 306 218 215 141 293 117 220 209 230 241 303 259 199 398 284 314 134 213 355 393 159 225 184 199 284 205 132 287 214 166 215 149 285 334 41 320 18 171 73 172 297 16 111 145 191 144 168 345 189 146 163 161 132 280 98 196 280 79 110 207 115 302 304 85 235 262 268 191 128 187 177 316 160 52 311 65 226 198 292 170 146 77 144 226 29 178 62 255 134 312 171 151 124 147 234 169 184 132 149 216 122 271 149 156 74 193 150 224 307 192 245 301 158 141 53 256 312 200 160 188 151 370 258 132 39 334 287 327 334 227 228 170 298 230 133 40 164 190 220 242 257 94 284 164 23 205 44 219 285 182 102 59 217 273 197 229 325 246 21 115 233 227 95 161 391 308 214 338 298 56 176 324 265
 12 257 257 199 70 188 123 152 221 262 141 77 157 260 109 243 73 132 179 221 237 178 295 215 178 299 204 225 267 212 106 67 1 308 165 18 92 164 240 81 257 229 121 119 246 136 289 210 131 139 312 75 144 188 191 236 126 154 303 306 51 212 233 264 138 108 95 240 158 158 122 265 84 192 196 169 175 259 245 136 356 268 250 122 153 319 350 117 187 138 149 264 221 183 222 154 100 182 119 222 293 66 254 81 128 87 121 231 82 102 99 126 166 196 289 137 94 101 203 73 217 41 186 241 135 84 169 130 242 257 122 207 213 255 127 106 138 113 290 166 113 248 3 256 225 226 215 130 11 87 161 95 215 115 189 120 246 178 173 152 185 245 138 118 76 117 200 149 209 174 93 80 141 91 158 242 127 213 235 161 174 50 197 254 136 149 179 103 333 195 70 29 299 221 264 301 173 231 165 250 246 146 50 113 153 208 175 194 82 223 143 78 145 105 154 219 117 70 34 151 208 198 174 295 242 48 123 200 164 37 156 347 242 197 296 260 20 191 258 198
 299 100 74 255 335 274 382 376 158 153 238 336 219 356 200 323 348 426 174 310 310 384 67 271 178 10 361 125 110 102 221 341 308 1 226 322 218 337 138 331 53 304 328 223 378 257 23 101 421 170 394 359 165 390 118 163 289 178 46 111 263 99 146 110 236 201 345 319 200 185 202 53 228 123 148 203 293 75 117 227 75 96 373 212 202 20 78 192 121 395 392 85 226 338 243 205 300 128 193 362 45 302 327 357 182 275 373 320 349 406 373 306 472 267 145 377 357 236 312 245 221 326 165 73 339 382 140 436 185 87 421 107 122 113 321 403 177 247 47 215 389 221 308 282 266 312 328 198 307 341 305 361 300 402 290 210 306 214 253 271 299 208 420 272 239 403 139 269 205 261 246 271 180 235 266 268 313 97 302 210 281 289 185 169 240 449 171 207 33 352 256 323 13 287 221 9 392 182 190 94 226 453 302 203 423 145 280 218 248 196 179 329 348 343 321 302 307 368 341 275 237 185 170 26 154 333 430 109 219 273 197 83 311 139 52 53 301 497 340 293
 163 137 154 48 146 283 175 157 238 114 25 143 12 148 123 348 159 293 207 98 106 161 182 302 209 216 137 218 137 131 169 228 165 226 1 181 108 113 103 135 188 329 262 53 160 233 215 138 226 119 198 173 119 167 130 255 246 63 198 172 119 164 241 136 27 120 251 114 31 49 165 208 142 167 203 24 69 154 233 30 243 242 158 178 32 227 233 112 134 185 177 231 281 312 62 29 94 148 140 141 192 208 127 243 105 206 165 110 242 232 175 89 310 285 143 163 158 67 314 99 53 155 207 156 278 203 125 273 84 145 280 169 105 240 104 219 87 53 234 228 276 84 166 337 306 103 331 173 157 143 81 256 317 278 69 173 109 238 259 254 294 290 220 61 101 208 199 251 48 265 73 195 75 81 42 88 95 164 101 219 277 187 47 100 30 261 205 103 239 128 97 192 214 82 101 222 171 262 207 137 300 285 197 88 215 215 57 30 174 63 165 231 128 258 97 92 93 192 191 51 47 235 59 227 255 210 264 154 8 134 203 228 110 195 190 174 173 324 137 76
 24 274 272 214 76 188 125 158 229 279 157 84 174 272 123 240 76 115 188 234 250 185 311 215 186 313 215 235 283 227 115 54 18 322 181 1 107 174 256 88 271 227 113 135 257 138 303 225 125 153 324 75 158 195 206 243 124 170 318 322 68 225 242 280 155 122 84 254 175 175 132 278 96 205 206 186 189 275 255 153 372 279 261 130 170 333 365 132 202 140 152 276 224 176 238 170 113 196 131 232 309 61 268 66 143 88 125 245 68 91 100 139 151 196 306 141 98 118 199 90 233 46 195 256 126 77 183 116 259 273 105 220 230 265 138 99 154 129 303 171 97 264 16 256 226 240 211 140 25 94 174 81 213 98 203 129 260 183 174 151 182 250 135 133 93 113 211 149 226 175 110 82 158 108 173 257 139 227 249 167 172 51 214 271 152 140 188 119 348 205 87 16 314 235 281 315 179 237 173 266 249 132 47 129 151 218 190 210 89 239 154 68 153 94 166 233 130 64 21 166 224 205 191 309 250 34 110 214 181 53 164 363 256 207 311 275 24 177 271 212
 84 169 166 154 124 178 178 186 158 182 93 127 98 243 26 242 135 218 119 195 207 205 205 198 120 209 208 151 179 121 63 139 92 218 108 107 1 170 156 124 168 223 159 58 244 126 200 119 207 50 296 145 55 214 101 175 139 70 212 219 46 124 167 177 89 23 156 214 88 80 65 178 35 109 126 101 153 169 171 81 266 189 244 75 84 229 259 28 98 192 195 184 184 205 169 85 108 96 44 220 203 110 228 156 37 100 171 207 151 189 162 128 256 181 207 180 148 51 207 33 156 110 122 150 174 165 79 220 169 168 210 121 125 180 138 187 49 74 205 127 190 184 92 236 204 200 223 73 90 134 150 165 211 197 162 70 213 139 155 147 187 200 209 98 26 190 127 144 143 160 54 90 55 38 125 195 133 125 203 119 170 89 123 176 90 232 118 13 243 198 46 112 209 185 199 212 207 177 112 161 206 236 102 26 216 139 147 133 67 153 75 136 165 159 154 191 123 151 125 125 154 145 93 208 178 125 213 113 104 56 106 257 212 123 205 169 89 280 236 171
 170 249 266 101 103 337 91 54 325 219 101 96 119 102 194 398 110 261 288 79 96 49 294 361 288 328 42 312 248 240 228 227 164 337 113 174 170 1 213 89 297 381 283 126 84 282 326 245 149 206 152 121 208 54 234 342 283 165 311 279 147 267 332 247 104 190 257 95 138 155 233 315 196 263 292 136 53 266 330 114 354 343 88 242 137 340 344 189 236 93 78 335 352 344 127 134 68 245 213 59 304 227 106 237 189 240 81 85 241 176 107 44 252 342 246 70 94 123 359 141 140 130 290 267 297 150 223 220 183 258 244 270 217 338 38 154 178 102 343 295 263 164 166 400 369 83 373 242 154 87 34 253 368 256 65 238 107 307 316 302 340 369 136 75 148 134 290 299 147 320 117 230 169 134 73 127 40 267 99 287 325 208 158 202 100 185 286 172 351 32 130 189 326 95 178 333 61 345 281 249 375 226 211 164 122 304 65 129 219 162 243 240 29 267 18 82 50 146 171 64 121 314 169 337 344 207 209 256 120 155 274 338 101 286 302 285 181 255 105 70
 234 40 67 121 240 297 275 258 212 30 123 239 101 218 154 359 253 370 198 174 173 261 84 307 202 130 230 182 36 77 197 294 240 138 103 256 156 213 1 232 117 338 309 126 243 257 135 88 324 129 257 267 125 266 95 226 280 87 102 71 189 119 209 35 122 152 310 182 88 83 184 140 184 138 182 83 164 65 190 117 143 187 237 198 93 135 132 140 104 286 278 175 272 344 106 94 193 123 161 229 98 264 190 310 127 249 265 183 306 323 273 190 399 295 52 265 256 143 333 167 84 242 193 84 323 295 110 362 49 53 360 130 44 193 205 313 109 143 162 233 345 84 241 334 307 176 350 187 235 240 180 320 330 351 157 194 169 239 271 277 315 270 319 160 165 306 174 274 70 279 153 240 101 150 141 131 197 118 165 224 296 244 57 37 126 357 195 145 144 222 172 264 126 150 88 137 272 240 206 46 285 375 256 131 316 189 151 86 215 59 170 290 229 313 197 166 194 283 271 152 101 223 66 148 222 279 353 116 97 204 206 126 173 171 94 94 241 417 203 159
 89 260 268 153 15 265 54 73 278 247 112 9 133 189 149 322 26 176 238 158 174 99 303 291 237 322 128 274 264 230 168 140 81 331 135 88 124 89 232 1 283 307 200 111 171 211 315 231 94 171 240 40 175 109 215 294 205 156 315 302 84 244 288 262 111 146 171 176 145 153 179 297 138 232 248 150 115 269 294 116 366 312 175 183 140 338 357 150 215 69 74 306 291 262 180 139 43 217 165 146 307 145 189 149 155 164 48 166 154 100 43 61 178 272 276 60 26 96 282 92 182 43 242 260 213 71 197 143 219 264 160 243 219 303 55 84 155 90 324 234 175 213 83 332 300 163 295 188 71 11 96 165 293 169 130 180 185 246 247 229 264 312 90 75 99 75 250 226 181 250 86 156 152 97 110 192 59 245 175 227 251 129 179 234 107 127 236 132 352 120 80 103 321 164 229 325 95 293 227 256 315 153 130 132 94 261 120 163 151 197 195 155 66 181 84 158 52 62 84 100 168 260 171 324 299 121 133 232 138 85 218 353 180 246 307 279 99 190 190 139
 247 85 55 223 286 230 335 332 120 140 197 288 180 327 149 284 299 374 127 279 282 342 78 231 132 45 324 86 101 58 170 289 257 53 188 271 168 297 117 283 1 264 278 178 345 209 33 54 372 119 370 310 114 350 69 129 240 134 68 120 212 47 111 99 194 150 294 291 160 144 151 23 176 72 103 165 256 59 85 185 117 73 342 161 161 67 115 141 71 349 347 61 188 292 216 164 255 76 142 328 59 251 300 306 132 224 327 289 298 355 325 263 420 225 142 332 309 189 269 196 193 276 119 35 290 332 89 385 165 71 370 56 87 85 278 353 129 203 48 169 338 200 257 247 227 282 285 148 256 293 266 310 259 350 255 159 280 170 208 224 254 176 372 228 190 354 93 222 176 216 199 220 134 187 228 244 270 46 274 163 236 238 153 153 198 399 125 157 82 315 207 272 46 257 204 46 350 147 143 75 193 401 251 154 376 102 244 186 196 171 128 278 305 293 280 271 263 318 290 235 208 143 130 42 122 281 379 58 181 222 148 117 283 93 66 28 249 446 313 260
 220 328 306 375 298 46 351 379 147 368 315 305 318 464 207 22 301 249 143 417 430 404 339 34 139 300 422 180 344 267 161 191 229 304 329 227 223 381 338 307 264 1 126 280 461 100 283 257 346 217 517 301 220 414 245 143 104 276 331 375 235 230 159 341 311 210 166 436 304 290 165 253 191 206 164 317 374 310 188 302 377 212 462 152 300 322 377 219 237 365 377 221 79 74 387 303 314 217 191 436 322 166 450 196 227 144 349 429 185 301 326 339 319 45 384 365 322 272 33 244 371 269 150 278 121 298 229 299 371 317 258 218 296 193 345 318 248 295 261 107 204 395 227 44 40 423 35 159 238 315 368 184 15 224 383 157 435 100 71 80 46 104 358 316 239 337 174 84 356 65 273 153 260 258 347 415 343 232 425 115 57 180 331 371 312 350 146 227 335 412 254 214 304 407 408 296 401 124 133 316 87 316 181 242 376 163 368 350 164 361 171 169 368 155 368 413 332 288 242 345 373 122 294 279 153 203 301 228 324 228 133 380 434 175 329 287 210 354 458 393
 115 313 301 304 188 98 236 270 191 336 243 196 253 377 156 134 188 128 159 335 350 297 339 125 155 321 324 212 326 254 115 68 121 328 262 113 159 283 309 200 278 126 1 211 366 75 306 247 223 182 430 185 186 307 230 199 42 227 339 364 148 233 205 323 239 158 41 355 246 238 131 276 127 207 184 259 289 304 229 233 392 256 369 119 241 344 389 170 223 250 264 259 154 65 323 243 218 208 150 341 330 58 369 71 182 61 236 346 60 177 210 244 197 109 359 253 209 197 95 165 312 158 168 277 17 177 207 175 327 307 135 223 272 238 246 196 202 216 295 122 83 342 119 163 138 340 103 132 131 206 277 60 112 102 302 122 358 129 99 71 82 184 237 230 163 216 192 71 301 95 193 70 211 183 268 347 246 235 347 124 81 79 281 333 238 225 160 168 358 314 170 98 323 331 357 320 291 185 141 303 176 192 73 184 257 192 287 290 95 311 152 48 264 30 273 332 236 168 124 263 309 160 249 308 208 84 177 225 260 135 133 389 355 191 335 292 103 231 374 311
