NAME : domp180p90v6
COMMENT : (Deleplanque et al.) 
TYPE : DOMP
DIMENSION : 180
DISPLAY_DATA_TYPE: NO_DISPLAY
OPEN_FACILITIES : 90
COST_SECTION
 1 277 236 368 278 292 191 374 49 128 349 80 378 318 355 351 363 331 207 306 325 70 195 228 130 295 139 226 151 303 171 181 153 12 250 160 101 160 159 157 303 334 246 226 37 297 213 112 190 109 372 306 373 210 119 355 375 72 289 133 121 127 202 9 233 155 252 214 216 305 245 134 151 50 340 204 363 384 142 356 165 162 165 308 239 349 102 190 207 235 138 272 277 139 260 328 104 219 113 196 298 316 250 278 35 212 155 392 120 53 198 182 194 260 135 226 186 161 169 199 241 111 235 26 299 153 152 163 365 227 172 223 138 205 373 229 65 198 39 142 218 165 225 217 357 252 74 310 275 409 378 124 110 285 250 171 252 113 350 316 214 174 126 295 380 179 457 91 215 186 223 351 340 171 247 348 242 14 215 250
 277 1 101 101 237 143 141 195 256 327 123 247 202 155 89 151 227 56 72 84 176 316 176 255 213 46 345 229 280 227 153 128 126 287 218 181 341 165 120 272 34 159 312 298 278 121 66 329 245 307 96 60 133 156 229 109 199 218 187 176 204 297 238 281 45 219 42 179 63 199 281 217 271 240 93 100 138 109 328 140 191 248 289 128 260 101 224 238 72 87 182 203 146 186 244 212 203 130 196 138 66 85 173 92 271 150 141 255 228 230 99 280 167 190 185 219 209 263 182 184 60 232 219 253 28 134 164 260 111 81 203 181 356 148 102 202 247 113 267 185 277 151 60 95 139 163 216 166 114 144 110 221 347 121 176 260 68 170 172 131 208 165 156 201 196 235 197 246 262 172 217 133 171 169 205 187 56 265 239 220
 236 101 1 148 300 68 54 291 233 322 114 236 297 244 185 248 316 148 92 74 264 292 217 299 135 82 339 130 293 300 181 56 104 247 119 97 321 187 98 289 132 106 213 200 250 64 80 318 277 300 174 160 139 205 234 125 295 166 97 183 132 298 141 237 82 240 119 228 75 278 181 137 285 214 112 37 128 172 327 121 103 269 305 75 161 201 222 271 76 16 194 106 224 200 145 294 139 185 131 180 163 183 237 179 242 200 82 345 234 201 47 303 73 92 112 120 243 282 211 226 43 234 119 215 103 137 181 170 138 140 232 81 346 52 193 102 187 40 214 109 180 75 60 147 238 229 164 92 196 184 159 229 329 53 240 169 35 155 267 83 109 196 144 276 292 142 226 177 300 80 265 232 264 198 106 279 48 223 281 120
 368 101 148 1 323 143 201 242 352 427 71 345 249 221 98 199 288 74 168 78 243 412 274 350 282 74 444 264 381 307 253 198 217 378 243 244 438 265 211 372 94 130 347 338 373 118 159 428 343 406 52 122 58 252 329 40 247 303 190 275 277 397 282 371 140 319 141 275 155 276 312 284 371 335 43 170 76 30 428 86 251 347 389 116 292 130 324 337 164 142 282 216 228 287 267 282 281 226 273 237 135 141 263 173 365 247 219 310 328 324 174 379 219 209 257 254 307 363 282 281 129 332 250 344 75 232 264 316 28 180 302 218 455 199 87 235 328 180 352 254 318 220 145 194 178 252 301 155 196 44 11 321 445 128 266 314 121 266 226 113 247 265 252 281 240 287 97 322 359 227 312 175 230 269 231 246 128 355 336 244
 278 237 300 323 1 363 303 148 230 221 359 200 148 118 242 159 108 252 209 318 104 259 95 65 322 281 233 396 156 35 135 280 221 280 401 316 264 138 223 144 231 390 460 441 250 347 222 237 97 215 288 203 367 98 160 342 146 275 396 162 307 190 389 285 224 124 197 78 226 62 441 328 148 231 328 272 374 316 210 376 329 125 151 357 424 213 177 94 225 287 151 400 97 147 424 77 291 117 290 124 190 187 65 151 247 102 266 129 159 233 263 128 329 385 300 389 93 134 118 88 264 169 394 260 261 183 147 380 341 164 108 358 249 320 263 378 301 279 299 305 424 290 243 154 181 75 273 388 128 362 329 155 264 343 62 385 281 201 138 362 374 122 199 52 157 373 414 321 83 327 56 178 126 123 390 121 260 272 69 402
 292 143 68 143 363 1 102 336 294 386 82 300 343 295 211 292 368 173 156 71 317 352 283 365 175 104 403 127 360 359 248 116 171 303 103 137 382 254 165 355 168 43 207 200 310 27 143 380 343 364 184 200 108 269 301 107 341 221 50 250 177 363 149 292 140 307 172 293 138 335 172 175 352 275 101 103 90 171 392 79 138 336 372 28 153 235 288 338 141 79 261 74 281 267 125 350 190 248 181 245 207 225 299 231 302 265 143 396 300 262 113 370 104 68 159 117 310 349 278 292 99 300 112 272 132 205 248 192 121 200 299 87 410 89 212 100 237 103 265 154 181 128 122 210 278 290 219 26 251 165 151 295 390 22 302 187 83 221 314 34 114 263 210 335 337 160 194 221 367 113 330 273 313 265 91 328 104 279 347 104
 191 141 54 201 303 102 1 318 195 288 165 203 324 267 228 278 336 193 104 127 285 251 213 291 82 132 305 97 269 309 173 24 86 202 99 45 282 176 82 266 174 144 175 160 209 109 96 281 263 266 223 196 190 206 210 178 322 120 108 164 80 268 100 191 108 223 146 227 94 291 147 84 262 175 164 43 178 224 296 169 52 250 282 119 128 240 194 258 89 61 176 102 240 182 123 310 90 191 81 180 196 217 244 203 202 202 46 366 210 162 48 284 29 87 61 89 233 261 200 222 83 208 93 171 149 125 168 121 190 155 220 56 311 19 239 76 138 31 165 56 139 27 86 157 272 238 118 121 217 236 211 206 290 95 246 120 83 129 293 127 75 188 121 288 321 95 278 125 289 32 260 265 288 189 88 302 87 178 272 100
 374 195 291 242 148 336 318 1 332 354 300 307 8 58 146 46 55 175 216 272 52 377 184 208 370 235 368 414 289 115 204 298 259 380 408 348 390 215 258 277 171 348 492 476 356 314 223 366 229 343 194 137 297 166 270 274 6 344 381 243 356 320 417 381 212 238 174 168 225 89 465 375 279 326 264 277 311 224 345 318 361 252 288 320 445 113 280 224 230 276 238 395 98 237 434 74 346 157 342 179 130 113 131 116 351 163 298 69 269 323 271 267 347 382 342 404 207 266 210 183 248 278 406 351 208 234 223 425 267 168 215 367 384 330 160 389 375 289 383 345 456 317 236 172 65 126 341 359 107 271 244 262 392 315 133 428 260 269 27 322 391 201 260 100 9 408 315 386 226 349 181 68 35 205 395 30 243 364 205 409
 49 256 233 352 230 294 195 332 1 98 342 32 336 277 327 312 318 307 186 297 282 61 151 180 151 280 113 248 105 256 131 179 136 51 269 173 90 119 143 111 279 336 280 261 25 295 194 88 141 76 349 277 364 168 71 344 333 86 300 94 139 86 228 57 213 107 226 169 198 260 275 156 104 20 328 198 357 364 108 352 181 114 120 306 266 318 55 141 189 229 96 286 235 96 282 283 119 180 126 157 268 284 205 243 19 170 153 346 72 33 190 135 204 273 147 246 139 113 124 154 229 62 255 40 280 124 112 195 353 196 125 236 117 211 347 246 96 194 79 155 250 169 209 184 321 208 87 315 238 394 362 77 97 284 205 203 242 87 310 314 233 132 101 250 339 205 444 123 167 197 175 315 299 128 264 305 228 47 166 269
 128 327 322 427 221 386 288 354 98 1 427 87 356 305 385 345 325 372 260 380 303 64 177 158 247 358 19 344 67 254 179 271 220 120 365 269 49 167 226 79 344 426 372 352 93 385 271 22 127 23 416 334 446 200 100 425 353 183 395 152 235 35 324 134 288 121 291 189 276 269 369 252 76 116 409 286 442 435 17 438 277 103 72 396 361 369 104 132 268 316 147 383 264 143 379 291 216 222 222 202 323 334 224 290 98 205 245 349 101 129 277 95 300 369 244 343 149 89 157 175 311 96 352 132 353 197 165 288 432 255 143 332 31 305 406 342 188 284 165 251 343 264 289 240 359 232 183 408 278 470 436 108 46 374 223 296 326 168 335 403 330 172 181 258 361 300 522 215 140 293 175 354 323 168 360 325 310 133 154 366
 349 123 114 71 359 82 165 300 342 427 1 341 307 270 159 255 341 126 172 48 292 402 294 375 245 79 444 208 389 348 266 170 208 360 183 206 431 275 202 383 135 61 288 281 361 61 160 425 361 405 120 168 27 276 333 31 305 280 126 279 243 400 229 351 146 331 164 300 154 320 253 246 380 324 36 146 17 99 430 19 210 360 400 55 233 189 324 355 161 115 288 154 267 294 205 330 253 250 244 255 179 191 296 212 353 270 195 365 332 311 154 394 176 149 224 198 325 375 296 303 116 334 193 327 100 233 272 270 45 201 318 166 453 157 153 180 301 153 327 220 262 188 139 214 237 285 277 89 235 84 77 326 438 74 299 266 101 260 281 49 194 280 247 322 299 239 116 289 381 185 337 233 283 283 172 299 118 336 359 184
 80 247 236 345 200 300 203 307 32 87 341 1 311 253 312 289 290 295 177 295 257 74 124 149 171 275 105 266 78 227 110 185 134 81 284 187 96 97 141 82 267 340 304 285 52 298 187 85 110 65 338 262 361 143 41 341 307 106 310 75 157 67 248 88 206 77 213 142 192 232 296 176 76 40 324 200 357 355 94 352 196 83 93 310 286 300 28 111 183 230 74 299 211 73 300 255 137 158 142 136 251 266 178 224 48 146 159 318 42 50 191 106 216 285 162 263 110 84 98 127 226 32 271 68 272 114 92 219 348 180 96 249 113 220 332 261 122 198 108 170 272 179 205 167 299 182 106 322 216 388 354 48 101 287 178 226 241 82 285 317 249 108 95 222 314 226 439 147 136 210 145 294 274 104 278 280 225 77 136 285
 378 202 297 249 148 343 324 8 336 356 307 311 1 62 152 53 51 182 222 279 55 380 187 209 375 241 370 420 290 115 209 304 264 383 414 354 392 219 263 278 177 355 498 482 360 321 230 369 231 345 200 144 304 169 273 280 4 349 388 247 362 322 423 385 219 240 181 171 231 89 471 380 281 329 271 283 318 230 347 324 366 254 289 327 451 120 284 226 236 282 242 402 102 241 440 73 352 161 348 184 137 119 134 123 354 167 304 63 272 327 278 268 353 388 348 411 209 268 213 186 255 281 413 356 214 239 228 431 274 174 218 374 385 336 166 395 380 295 388 351 462 323 242 177 72 129 346 366 112 277 250 265 394 322 135 434 267 274 32 328 397 205 265 101 12 414 321 392 226 355 182 75 40 209 401 32 250 369 206 416
 318 155 244 221 118 295 267 58 277 305 270 253 62 1 131 43 74 149 164 236 23 324 131 169 314 198 320 363 241 92 148 246 203 324 359 295 338 160 202 229 136 312 440 423 301 275 172 316 184 292 179 103 272 111 217 247 59 288 337 187 301 271 364 325 164 186 126 117 174 60 413 320 232 270 235 227 283 209 298 287 307 204 242 282 394 99 226 178 178 229 182 349 43 182 385 62 290 100 286 123 92 81 82 66 295 108 244 102 216 267 220 223 295 335 287 354 157 219 156 131 202 225 357 295 172 178 167 371 243 114 164 318 335 280 150 339 318 238 326 290 403 264 187 116 63 74 285 319 52 256 225 209 341 274 84 374 216 213 33 285 340 146 203 68 63 354 305 330 185 297 137 61 24 150 347 36 197 308 162 361
 355 89 185 98 242 211 228 146 327 385 159 312 152 131 1 103 193 39 151 141 151 384 214 280 300 109 402 313 329 220 206 216 206 364 299 269 406 219 202 319 56 213 397 384 350 186 149 390 282 367 50 52 153 191 286 131 151 301 259 238 291 352 324 359 129 267 103 210 147 189 365 304 319 313 124 188 168 80 382 176 278 293 335 189 344 34 287 275 156 172 241 279 147 244 325 191 289 166 282 184 63 56 188 99 343 185 228 213 285 305 187 321 254 268 273 303 247 309 230 220 146 292 302 330 83 204 222 347 123 133 247 264 415 234 23 285 331 200 349 273 363 238 147 146 82 177 298 230 119 127 99 278 411 191 191 347 151 243 131 189 293 214 230 195 143 322 176 332 292 259 242 79 136 218 286 151 142 342 268 300
 351 151 248 199 159 292 278 46 312 345 255 289 53 43 103 1 91 130 178 227 57 361 170 212 334 190 361 373 282 131 182 259 224 357 365 310 377 194 223 271 125 303 452 436 336 269 184 356 226 332 152 92 253 148 255 229 51 314 337 220 321 312 377 357 171 226 133 157 185 99 424 339 273 303 220 236 266 182 339 273 322 245 284 275 404 70 262 220 191 233 217 352 82 218 391 95 313 133 308 156 86 68 124 79 330 145 261 112 254 299 231 265 306 339 306 363 197 260 194 171 205 262 364 327 163 204 201 388 223 133 203 325 376 289 119 347 345 248 356 308 416 279 194 139 24 115 311 314 76 229 201 246 380 270 126 390 216 242 29 277 350 182 231 109 46 369 276 354 227 309 179 25 37 186 352 50 200 340 205 367
 363 227 316 288 108 368 336 55 318 325 341 290 51 74 193 91 1 217 233 309 53 356 169 172 377 270 338 433 259 74 198 315 267 367 430 361 365 207 267 247 208 385 507 490 341 347 242 340 199 317 242 174 341 156 251 316 51 343 410 234 363 293 432 370 236 216 199 150 245 59 482 383 251 314 306 297 353 272 315 358 374 225 256 355 463 160 265 195 248 301 227 422 99 225 456 36 351 156 348 176 164 150 115 139 336 155 310 32 250 314 290 234 364 407 351 424 184 237 196 165 275 260 427 342 244 236 216 435 311 182 195 388 354 350 209 409 373 308 377 355 471 331 258 181 114 114 341 392 121 319 290 244 366 347 115 438 288 267 63 357 410 191 260 70 62 421 366 388 190 365 152 115 59 194 418 43 270 355 173 432
 331 56 148 74 252 173 193 175 307 372 126 295 182 149 39 130 217 1 125 104 171 366 209 282 267 71 390 276 321 234 194 182 180 340 261 234 390 207 175 312 29 177 359 347 330 148 120 376 278 353 44 50 124 186 273 100 180 273 221 222 259 340 288 335 100 258 83 208 118 204 327 271 311 292 91 153 137 67 371 144 244 286 328 152 307 65 271 272 127 135 227 241 156 230 287 210 259 160 251 174 63 69 192 102 322 181 196 241 272 282 153 316 218 230 240 266 242 302 221 216 111 278 264 306 46 183 208 312 95 119 240 227 402 197 47 247 302 166 322 239 326 205 115 133 112 181 270 193 124 112 78 265 395 153 195 312 114 221 157 152 255 204 208 208 174 287 164 301 292 223 243 108 160 208 248 175 107 318 268 263
 207 72 92 168 209 156 104 216 186 260 172 177 222 164 151 178 233 125 1 125 181 245 128 211 158 99 278 201 219 210 96 83 57 217 199 133 271 105 52 212 98 187 277 261 208 144 14 261 192 239 166 106 189 114 163 166 219 151 188 110 147 231 202 211 29 160 50 138 19 190 251 163 210 169 150 66 188 180 262 185 146 189 229 154 232 152 157 186 17 79 118 194 137 123 224 208 141 94 135 90 102 123 146 101 200 110 84 263 163 159 58 223 133 179 130 192 157 204 126 137 60 166 195 183 96 65 101 212 173 52 148 157 288 118 168 178 181 76 199 132 241 102 36 57 175 139 148 181 113 211 178 156 278 137 149 214 77 99 191 160 178 110 85 187 220 193 263 184 214 134 175 168 185 113 187 199 57 195 193 200
 306 84 74 78 318 71 127 272 297 380 48 295 279 236 141 227 309 104 125 1 258 357 249 331 208 40 398 187 343 309 220 128 162 317 167 170 385 229 156 336 103 77 270 261 316 46 113 378 316 359 115 137 68 232 286 52 277 237 120 233 205 353 205 308 100 284 122 256 108 282 236 210 334 278 39 102 63 105 384 61 176 314 353 49 216 167 277 310 115 71 242 143 229 247 192 294 212 207 204 210 146 161 254 175 308 226 152 335 286 266 109 348 143 134 185 177 280 329 250 258 70 288 174 283 66 186 226 240 64 157 272 141 407 123 142 159 260 110 286 182 241 148 92 170 212 244 235 90 197 110 88 280 392 53 257 237 55 214 251 50 170 234 201 284 272 210 153 251 336 151 293 207 252 237 155 268 71 293 314 169
 325 176 264 243 104 317 285 52 282 303 292 257 55 23 151 57 53 171 181 258 1 326 133 160 329 220 317 381 238 75 156 263 218 330 378 311 339 166 217 226 159 334 457 439 306 296 191 315 179 291 200 125 294 116 219 269 52 299 358 194 315 269 382 332 183 186 147 117 193 43 431 334 229 276 257 245 305 230 295 310 323 201 238 304 412 119 230 174 197 249 188 369 51 187 404 41 304 110 300 132 114 103 80 87 300 114 260 83 218 274 238 217 313 355 302 372 155 215 160 132 222 227 375 303 194 190 175 386 265 131 164 337 333 298 170 358 329 256 336 306 420 281 206 131 79 75 296 341 69 277 246 211 340 295 82 389 236 223 35 306 359 151 214 53 60 371 326 342 177 314 131 78 23 155 366 24 217 316 155 380
 70 316 292 412 259 352 251 377 61 64 402 74 380 324 384 361 356 366 245 357 326 1 194 200 198 340 72 294 110 289 183 238 197 61 318 225 32 170 203 120 337 394 314 295 43 354 254 45 164 52 408 334 424 214 108 405 377 136 354 147 188 77 272 75 273 141 284 210 258 298 314 202 114 79 388 257 417 424 80 411 231 135 121 365 308 373 100 166 249 288 147 338 282 145 329 321 170 231 177 208 324 339 247 297 51 218 211 383 109 92 249 142 258 326 200 294 174 127 169 195 289 100 303 83 340 183 165 232 413 253 163 289 69 267 404 296 134 253 108 207 287 226 269 239 372 252 137 371 289 454 422 116 41 342 246 241 302 147 356 373 282 181 161 288 384 248 504 160 184 250 207 366 344 176 314 349 289 79 191 318
 195 176 217 274 95 283 213 184 151 177 294 124 187 131 214 170 169 209 128 249 133 194 1 83 228 217 194 303 117 112 41 189 128 200 310 222 209 43 132 106 183 315 366 347 174 271 141 187 70 163 251 165 307 25 87 283 184 182 311 69 213 144 295 203 150 57 135 20 147 110 347 234 107 147 267 185 310 275 172 309 235 80 122 282 331 195 98 64 143 205 60 312 89 57 333 134 197 50 196 40 152 161 55 117 169 30 174 198 86 146 176 108 237 297 206 296 34 96 28 10 187 95 302 175 203 90 53 286 286 96 35 268 208 230 236 286 210 191 211 211 330 198 164 82 183 59 180 308 102 316 282 79 211 264 55 291 204 107 162 287 282 27 105 101 191 278 369 229 88 235 49 178 151 29 300 156 183 187 66 311
 228 255 299 350 65 365 291 208 180 158 375 149 209 169 280 212 172 282 211 331 160 200 83 1 293 298 169 377 93 99 119 268 205 228 387 295 202 116 210 82 258 397 433 413 197 354 224 175 39 154 323 235 387 101 111 363 207 238 392 132 278 128 366 236 232 78 214 77 229 121 418 299 87 184 347 266 391 348 146 391 307 68 87 364 403 255 130 40 225 287 119 391 137 114 408 139 260 127 261 122 222 225 94 183 195 106 249 193 111 189 257 64 314 376 275 371 58 73 92 75 269 119 378 214 282 167 124 349 365 176 73 345 185 308 302 363 261 271 254 281 398 273 246 163 231 105 236 390 162 392 357 108 201 347 91 355 287 172 194 370 356 104 175 109 216 347 445 284 19 311 40 227 182 103 377 180 266 224 19 388
 130 213 135 282 322 175 82 370 151 247 245 171 375 314 300 334 377 267 158 208 329 198 228 293 1 211 262 98 246 336 189 87 112 141 121 39 229 186 113 248 245 217 141 121 158 187 155 236 259 226 301 262 271 229 192 259 372 66 163 164 16 235 78 128 173 217 207 246 156 325 127 7 242 134 246 116 257 304 258 248 38 239 261 196 116 307 173 256 148 141 176 144 280 181 133 347 35 223 33 205 259 280 272 256 151 228 75 408 192 122 115 269 72 133 29 97 238 246 207 236 159 187 106 117 226 143 176 59 271 202 223 96 264 89 314 100 67 104 96 29 106 64 154 199 332 268 66 189 264 317 292 192 238 173 273 64 163 123 344 204 86 201 124 319 374 56 359 47 287 63 271 325 337 201 119 349 162 120 276 121
 295 46 82 74 281 104 132 235 280 358 79 275 241 198 109 190 270 71 99 40 220 340 217 298 211 1 376 208 316 272 191 126 145 305 192 175 367 201 139 309 65 115 292 280 301 81 89 358 285 337 93 98 92 198 262 68 239 230 152 208 205 329 221 298 71 256 86 222 84 244 259 214 307 262 52 97 94 94 360 95 183 285 326 86 238 131 255 279 92 72 216 171 191 221 218 256 209 172 201 178 107 123 218 137 293 192 146 296 261 251 101 319 154 161 186 198 249 301 221 225 55 264 196 271 28 163 198 251 75 123 242 159 386 133 114 179 256 108 279 184 260 149 72 136 175 207 227 126 159 116 85 254 374 84 221 249 50 194 213 88 188 204 181 246 235 223 165 250 304 161 260 170 213 207 179 229 54 282 281 193
 139 345 339 444 233 403 305 368 113 19 444 105 370 320 402 361 338 390 278 398 317 72 194 169 262 376 1 359 81 266 197 288 238 131 380 285 50 184 244 93 361 443 384 365 106 402 288 28 140 40 433 351 464 217 118 443 367 197 411 170 250 51 338 145 306 137 308 205 293 283 382 266 90 132 426 304 460 452 24 455 292 117 83 413 375 386 122 145 285 333 164 398 280 160 393 304 231 239 237 219 340 351 239 307 112 221 262 361 118 145 294 106 316 385 259 358 164 103 173 191 329 113 366 146 371 214 183 301 449 272 159 348 17 322 423 357 201 301 177 266 356 280 307 258 375 247 198 424 294 487 454 126 43 391 238 309 344 186 350 421 345 189 198 272 376 314 539 228 151 309 189 370 338 185 376 339 328 146 167 381
 226 229 130 264 396 127 97 414 248 344 208 266 420 363 313 373 433 276 201 187 381 294 303 377 98 208 359 1 340 403 263 120 176 236 31 83 325 263 174 340 261 161 85 75 255 149 192 333 346 323 298 287 234 299 283 231 417 163 92 247 110 331 29 223 203 304 241 319 190 387 53 94 335 230 223 138 216 291 355 204 72 328 354 154 32 330 265 342 186 144 259 64 336 265 35 407 130 286 125 273 289 310 339 299 249 296 131 463 284 218 144 361 69 61 106 11 320 337 287 312 170 280 17 214 231 214 254 78 246 251 305 50 361 85 321 30 162 126 190 99 55 107 179 254 365 333 163 128 313 290 274 282 334 138 341 71 164 207 389 160 24 278 203 383 416 50 320 137 373 70 350 359 384 278 38 398 175 216 359 31
 151 280 293 381 156 360 269 289 105 67 389 78 290 241 329 282 259 321 219 343 238 110 117 93 246 316 81 340 1 188 128 248 190 148 356 259 110 117 196 13 293 397 381 362 116 354 231 83 61 62 364 279 406 141 60 384 288 183 376 112 232 36 323 158 246 63 241 126 236 204 372 252 11 117 367 257 405 385 58 402 269 39 16 365 361 311 76 66 229 284 102 368 201 97 374 225 212 164 216 147 267 277 160 232 116 146 224 283 60 127 247 33 286 354 235 336 86 24 101 113 275 62 344 144 307 158 119 296 389 203 83 319 96 287 351 332 199 258 184 242 349 246 251 188 297 168 182 383 217 424 389 65 109 344 158 303 291 141 270 372 322 118 150 192 296 301 476 225 76 280 109 293 258 113 349 260 272 151 88 357
 303 227 300 307 35 359 309 115 256 254 348 227 115 92 220 131 74 234 210 309 75 289 112 99 336 272 266 403 188 1 148 285 229 305 406 326 295 154 231 176 217 383 472 453 277 342 221 269 128 247 268 186 354 107 187 328 113 293 396 180 321 222 399 310 221 151 189 93 225 33 450 341 180 255 315 274 362 297 243 365 339 155 184 351 433 190 202 125 226 285 170 403 82 167 430 43 306 119 304 132 173 168 66 137 273 109 275 96 186 256 265 162 335 388 312 396 118 166 137 106 261 195 400 284 249 194 164 394 327 161 132 363 282 324 241 383 321 283 321 317 435 298 241 154 153 72 291 384 114 344 311 180 296 339 64 398 277 217 107 355 381 137 213 27 123 384 394 339 117 335 83 152 96 139 395 89 257 296 101 407
 171 153 181 253 135 248 173 204 131 179 266 110 209 148 206 182 198 194 96 220 156 183 41 119 189 191 197 263 128 148 1 150 89 177 270 183 202 14 92 120 167 281 327 308 155 238 109 185 97 161 238 156 281 43 81 258 205 147 274 39 174 147 255 177 121 67 114 58 114 141 307 195 118 122 242 148 282 258 178 280 195 96 137 249 291 192 83 92 109 170 37 274 107 39 293 164 159 50 157 27 145 158 86 115 149 44 134 228 80 119 138 129 198 258 166 257 63 111 31 49 155 86 262 148 180 50 20 247 262 77 53 229 209 191 228 247 177 153 181 172 290 158 131 62 191 85 145 273 108 296 262 72 207 230 87 252 172 71 181 255 242 16 66 134 211 239 349 193 120 195 88 185 170 18 261 179 151 161 101 272
 181 128 56 198 280 116 24 298 179 271 170 185 304 246 216 259 315 182 83 128 263 238 189 268 87 126 288 120 248 285 150 1 63 192 122 54 268 153 59 245 160 157 195 179 196 118 76 265 240 249 215 180 194 182 189 179 301 111 129 142 80 249 120 182 91 201 128 204 75 268 169 90 241 160 164 30 184 219 278 177 65 228 261 129 150 225 175 236 69 58 154 125 218 160 146 288 85 168 77 156 179 200 221 183 188 179 28 345 189 147 30 263 51 110 61 111 210 240 177 198 73 188 116 159 140 101 145 134 190 133 197 80 295 42 228 99 133 19 159 59 159 24 70 135 254 215 109 137 196 236 208 185 276 106 223 134 78 108 273 136 97 165 100 265 301 112 280 125 266 52 237 248 268 166 112 281 76 168 249 123
 153 126 104 217 221 171 86 259 136 220 208 134 264 203 206 224 267 180 57 162 218 197 128 205 112 145 238 176 190 229 89 63 1 163 183 97 224 90 7 186 153 209 244 225 157 167 61 217 178 198 220 161 229 124 131 209 261 96 190 81 99 195 170 157 82 139 105 144 65 216 222 117 182 119 193 69 223 232 225 219 110 167 202 178 205 206 119 173 55 97 92 187 169 98 205 237 90 113 85 98 156 176 165 146 149 121 47 297 130 108 59 202 110 172 86 169 148 180 115 137 94 131 175 129 147 39 82 169 218 92 135 141 246 104 223 159 126 70 144 89 207 71 74 88 224 160 93 194 153 259 227 125 232 156 166 173 108 53 233 185 155 103 41 211 263 156 309 131 204 108 176 218 226 104 173 238 93 140 187 184
 12 287 247 378 280 303 202 380 51 120 360 81 383 324 364 357 367 340 217 317 330 61 200 228 141 305 131 236 148 305 177 192 163 1 261 171 91 165 169 155 313 346 254 235 33 309 223 104 190 103 382 315 384 215 120 366 380 83 301 138 133 122 213 15 243 157 261 218 227 309 254 144 149 55 351 215 375 394 135 368 176 162 161 319 249 358 104 190 217 247 143 283 282 144 270 332 116 225 124 202 307 324 254 286 34 217 166 396 121 61 209 179 205 271 147 237 189 159 173 203 252 112 246 35 309 161 158 173 376 236 175 234 129 216 382 240 75 209 48 153 227 177 235 224 364 257 85 321 282 420 389 126 100 296 254 181 263 122 356 327 225 180 135 299 386 189 468 101 214 197 225 358 346 176 258 353 252 25 215 261
 250 218 119 243 401 103 99 408 269 365 183 284 414 359 299 365 430 261 199 167 378 318 310 387 121 192 380 31 356 406 270 122 183 261 1 98 349 272 179 355 249 133 106 99 277 126 189 354 357 343 280 277 209 304 298 208 411 184 63 258 131 350 59 247 197 316 235 325 186 387 71 117 350 250 201 134 190 271 375 178 89 342 370 130 51 318 281 353 183 133 270 34 335 276 27 406 150 288 144 278 281 301 341 294 270 300 139 460 298 238 142 375 74 35 123 26 329 352 296 319 161 295 17 237 217 221 263 108 223 250 315 43 383 82 305 25 187 124 215 116 82 114 173 254 356 335 183 100 310 266 252 296 357 116 344 101 152 219 383 135 36 285 214 384 410 79 294 163 384 78 357 350 380 286 14 394 166 239 368 2
 160 181 97 244 316 137 45 348 173 269 206 187 354 295 269 310 361 234 133 170 311 225 222 295 39 175 285 83 259 326 183 54 97 171 98 1 256 182 96 259 213 180 148 130 183 148 128 259 263 247 266 233 232 220 202 221 351 90 130 164 41 253 74 159 144 222 180 239 128 312 126 41 253 154 208 82 219 267 279 210 14 246 273 158 110 278 184 259 121 104 177 115 263 182 116 333 56 210 49 195 232 253 261 233 176 218 53 392 202 141 83 279 35 102 26 79 238 255 205 231 124 198 86 143 192 134 173 80 233 181 223 65 288 51 281 74 101 70 129 19 111 32 123 181 306 256 89 152 244 279 255 200 265 135 263 82 126 124 323 166 64 196 121 307 352 61 320 84 290 27 269 300 317 196 92 330 128 148 277 99
 101 341 321 438 264 382 282 390 90 49 431 96 392 338 406 377 365 390 271 385 339 32 209 202 229 367 50 325 110 295 202 268 224 91 349 256 1 189 231 121 361 424 343 324 74 384 280 29 168 49 433 356 452 230 124 432 389 167 385 169 219 75 302 105 299 153 308 223 285 308 344 233 116 109 416 287 446 449 65 440 262 141 117 395 339 394 120 172 276 318 167 369 297 164 359 330 201 249 208 227 345 359 259 316 81 234 241 390 125 121 278 140 289 357 231 325 184 130 185 208 317 117 334 114 366 208 185 262 441 275 176 320 42 297 427 327 165 282 138 237 317 256 297 261 389 265 168 402 306 481 448 132 10 372 258 270 331 174 369 403 313 198 188 297 397 279 532 191 185 281 214 384 358 194 345 361 316 110 196 349
 160 165 187 265 138 254 176 215 119 167 275 97 219 160 219 194 207 207 105 229 166 170 43 116 186 201 184 263 117 154 14 153 90 165 272 182 189 1 95 109 179 289 324 305 143 245 117 172 90 148 250 169 291 52 68 268 216 140 278 29 170 135 254 167 131 56 126 62 122 149 306 191 107 111 252 153 291 270 165 289 194 86 126 256 291 205 70 85 117 176 24 277 118 26 294 173 154 62 154 40 158 171 94 128 137 53 135 236 67 109 143 120 199 261 164 257 59 101 25 51 163 73 263 138 191 52 11 243 273 89 46 231 197 194 240 248 169 157 172 170 288 159 139 75 203 94 138 279 120 308 273 60 194 237 94 248 179 65 192 262 242 17 63 141 222 237 361 186 115 196 88 198 182 16 263 189 160 150 98 273
 159 120 98 211 223 165 82 258 143 226 202 141 263 202 202 223 267 175 52 156 217 203 132 210 113 139 244 174 196 231 92 59 7 169 179 96 231 95 1 191 148 203 242 224 163 160 55 224 183 205 215 157 222 126 137 203 260 100 185 86 100 201 169 162 76 145 101 147 59 217 220 118 188 125 187 63 217 226 231 212 109 173 208 171 203 203 125 178 49 91 98 183 169 104 202 238 92 115 87 100 152 172 166 145 155 123 45 297 136 114 53 207 107 168 86 166 152 185 119 140 87 137 172 134 142 43 87 169 211 90 139 137 252 100 219 156 130 64 148 89 206 68 68 87 222 161 97 189 152 253 221 131 238 150 168 173 101 59 232 179 152 107 47 212 262 155 303 134 209 105 179 216 225 108 169 237 87 146 191 181
 157 272 289 372 144 355 266 277 111 79 383 82 278 229 319 271 247 312 212 336 226 120 106 82 248 309 93 340 13 176 120 245 186 155 355 259 121 109 191 1 284 393 384 364 123 349 224 95 49 73 355 269 400 130 58 376 276 185 373 107 233 48 324 165 239 54 233 115 230 192 374 253 7 121 360 253 399 377 70 396 269 28 18 360 362 300 76 54 223 280 96 366 190 91 373 213 213 154 217 138 257 266 148 222 123 135 222 271 58 130 243 25 284 352 235 336 75 12 92 102 269 62 344 148 299 153 112 299 381 195 73 317 108 284 341 331 202 254 189 242 351 244 245 180 286 157 184 379 207 415 381 62 121 340 146 306 285 139 259 367 322 109 147 180 284 303 468 228 65 279 97 281 247 105 348 248 266 156 76 356
 303 34 132 94 231 168 174 171 279 344 135 267 177 136 56 125 208 29 98 103 159 337 183 258 245 65 361 261 293 217 167 160 153 313 249 213 361 179 148 284 1 179 344 330 302 145 94 348 252 325 73 35 138 161 245 113 175 247 214 194 236 312 271 308 74 231 55 183 92 187 313 249 283 264 100 132 148 93 343 152 223 258 301 151 292 70 243 246 101 119 198 232 136 202 275 196 234 134 227 147 45 59 170 81 294 155 172 233 244 255 131 289 200 220 217 251 216 275 194 190 92 249 251 279 38 155 180 292 111 91 213 212 373 180 72 233 276 145 295 217 310 183 92 106 111 159 244 190 104 135 101 237 367 147 173 292 99 193 149 152 240 176 180 190 170 268 188 277 267 205 219 106 150 181 236 166 88 291 243 250
 334 159 106 130 390 43 144 348 336 426 61 340 355 312 213 303 385 177 187 77 334 394 315 397 217 115 443 161 397 383 281 157 209 346 133 180 424 289 203 393 179 1 236 232 351 45 174 421 378 404 178 213 82 299 339 91 353 263 72 287 219 402 185 334 167 343 195 323 169 357 201 216 389 316 92 142 61 159 432 49 180 372 409 34 183 240 327 372 173 114 297 101 303 303 152 370 232 276 224 276 222 237 326 250 344 294 184 411 338 304 151 407 146 101 202 152 343 386 312 324 129 339 145 314 142 241 284 230 104 227 333 127 450 131 210 136 279 143 307 196 214 170 152 238 287 316 261 34 272 141 136 333 432 54 329 226 112 260 327 29 152 296 249 358 348 199 162 263 400 155 361 282 328 299 124 343 132 322 380 134
 246 312 213 347 460 207 175 492 280 372 288 304 498 440 397 452 507 359 277 270 457 314 366 433 141 292 384 85 381 472 327 195 244 254 106 148 343 324 242 384 344 236 1 21 280 231 270 357 398 352 382 369 314 366 330 313 495 200 165 303 156 366 76 240 283 357 320 383 268 458 36 135 378 266 305 217 294 374 385 282 135 377 396 234 56 412 311 396 263 226 315 136 410 320 85 479 174 356 173 341 370 391 407 377 276 363 199 538 330 256 222 407 147 140 161 95 377 383 346 374 253 325 98 243 315 279 315 86 327 327 362 133 382 165 404 114 186 205 208 156 38 177 259 327 446 403 201 203 389 371 356 330 352 220 409 79 247 262 467 240 105 340 263 454 495 89 397 159 426 144 411 440 462 339 117 475 257 240 416 104
 226 298 200 338 441 200 160 476 261 352 281 285 482 423 384 436 490 347 261 261 439 295 347 413 121 280 365 75 362 453 308 179 225 235 99 130 324 305 224 364 330 232 21 1 260 223 254 337 379 332 371 354 307 347 310 305 479 180 161 284 136 346 61 221 267 337 305 364 253 440 35 115 358 246 296 202 288 365 366 276 117 357 376 227 50 398 291 376 247 213 296 131 392 301 83 461 154 338 153 322 355 376 389 360 256 345 181 520 311 236 206 387 132 133 142 85 358 363 327 355 239 305 89 223 302 260 295 67 319 310 343 122 363 151 392 103 166 189 188 137 22 160 244 310 430 384 181 198 372 363 347 310 333 211 390 60 234 243 450 233 93 321 243 435 479 70 392 139 406 129 391 424 445 320 110 458 243 220 396 98
 37 278 250 373 250 310 209 356 25 93 361 52 360 301 350 336 341 330 208 316 306 43 174 197 158 301 106 255 116 277 155 196 157 33 277 183 74 143 163 123 302 351 280 260 1 312 215 79 159 74 372 301 383 191 91 364 357 94 312 118 147 91 233 44 235 128 249 192 220 282 277 162 117 40 348 216 376 386 107 370 190 131 130 323 270 342 77 160 210 247 120 297 259 120 289 306 128 204 135 181 292 308 228 267 9 194 169 369 92 51 208 147 216 284 158 254 160 128 147 177 249 83 263 41 302 148 136 196 373 220 147 247 107 225 370 255 96 211 74 165 251 183 230 208 345 232 95 329 262 415 383 98 82 300 228 204 262 110 333 331 241 156 124 272 363 209 465 123 183 208 196 339 323 152 273 329 249 41 185 278
 297 121 64 118 347 27 109 314 295 385 61 298 321 275 186 269 347 148 144 46 296 354 271 354 187 81 402 149 354 342 238 118 167 309 126 148 384 245 160 349 145 45 231 223 312 1 131 380 334 363 159 178 88 256 296 83 318 227 75 244 187 360 169 298 124 299 154 280 126 317 196 187 346 276 76 99 72 146 390 62 151 328 366 12 176 210 284 328 130 71 254 99 262 260 150 331 197 233 189 233 185 202 283 211 305 251 144 375 295 264 109 363 117 92 168 139 300 342 268 280 85 296 135 276 108 197 240 209 98 185 289 106 409 99 187 121 245 103 273 163 203 134 109 195 254 274 225 46 232 142 127 290 392 14 286 206 68 218 292 20 134 252 206 317 314 178 176 232 357 125 317 249 291 255 114 307 89 285 336 127
 213 66 80 159 222 143 96 223 194 271 160 187 230 172 149 184 242 120 14 113 191 254 141 224 155 89 288 192 231 221 109 76 61 223 189 128 280 117 55 224 94 174 270 254 215 131 1 270 205 249 160 108 177 127 175 155 227 154 176 121 145 242 194 216 22 172 53 151 6 200 242 160 221 177 139 56 175 172 273 173 140 202 241 141 223 153 167 199 8 66 130 183 147 135 214 218 141 106 135 103 105 126 159 108 207 122 81 272 174 166 49 236 124 168 127 183 170 216 139 150 47 177 186 188 88 75 113 207 162 62 161 147 298 109 165 168 183 67 202 128 234 97 23 69 179 151 151 168 122 202 169 168 287 124 161 209 64 107 198 147 169 123 94 198 226 187 253 184 227 126 188 173 193 126 177 207 44 200 206 190
 112 329 318 428 237 380 281 366 88 22 425 85 369 316 390 356 340 376 261 378 315 45 187 175 236 358 28 333 83 269 185 265 217 104 354 259 29 172 224 95 348 421 357 337 79 380 270 1 142 25 419 340 445 209 105 424 366 172 387 155 224 48 311 118 289 131 294 200 275 283 355 240 90 107 408 282 440 437 38 435 267 116 90 392 348 376 106 146 267 313 151 373 275 147 367 305 205 230 212 209 329 341 236 298 85 214 239 364 106 120 273 113 291 360 234 332 161 104 165 186 310 100 341 119 355 197 169 274 432 259 154 323 30 298 411 332 174 279 150 241 329 256 288 245 369 243 172 401 286 471 437 114 27 369 235 282 324 166 347 399 319 179 179 272 374 288 522 201 157 284 189 364 335 175 350 338 309 119 170 355
 190 245 277 343 97 343 263 229 141 127 361 110 231 184 282 226 199 278 192 316 179 164 70 39 259 285 140 346 61 128 97 240 178 190 357 263 168 90 183 49 252 378 398 379 159 334 205 142 1 120 320 233 375 93 73 351 228 202 367 100 244 95 333 197 216 43 204 73 210 144 384 265 53 146 335 242 377 344 118 376 275 30 60 345 371 260 93 7 205 266 88 364 146 82 378 165 225 119 227 108 220 227 103 183 157 99 220 223 73 152 232 41 284 349 242 340 37 39 67 64 251 81 347 176 272 141 97 314 355 165 46 317 156 281 304 333 224 246 216 249 364 244 227 150 242 112 200 368 166 386 351 71 168 326 101 320 268 140 212 351 326 83 144 132 237 313 439 248 29 281 49 238 200 80 348 200 248 186 29 358
 109 307 300 406 215 364 266 343 76 23 405 65 345 292 367 332 317 353 239 359 291 52 163 154 226 337 40 323 62 247 161 249 198 103 343 247 49 148 205 73 325 404 352 332 74 363 249 25 120 1 396 316 425 185 82 404 342 161 372 132 214 27 302 115 268 107 271 176 255 260 348 230 68 94 387 264 420 415 34 416 255 93 71 374 340 352 84 123 246 294 127 360 251 124 357 282 194 206 200 185 305 318 212 274 78 190 223 342 82 107 255 93 277 346 222 321 137 82 141 162 290 76 330 111 333 176 146 268 411 236 130 310 50 283 388 320 168 262 146 229 323 241 268 222 345 219 161 385 262 449 416 90 50 351 211 276 305 146 323 381 308 155 159 249 350 279 501 195 137 271 166 340 311 151 338 314 289 113 147 344
 372 96 174 52 288 184 223 194 349 416 120 338 200 179 50 152 242 44 166 115 200 408 251 323 301 93 433 298 364 268 238 215 220 382 280 266 433 250 215 355 73 178 382 371 372 159 160 419 320 396 1 89 109 229 316 90 199 312 233 265 294 384 313 376 140 302 126 249 157 237 349 304 354 334 87 186 127 31 415 136 274 328 371 160 328 83 314 314 166 164 270 256 192 274 305 240 295 203 288 217 102 102 231 141 365 223 232 262 316 324 188 358 246 247 275 288 285 345 264 258 143 321 286 347 77 226 251 342 80 162 283 250 445 225 36 270 340 198 361 273 351 238 152 177 130 220 310 200 162 78 51 308 438 166 235 341 141 264 180 158 279 247 250 242 191 315 127 338 333 252 284 128 185 251 268 200 140 359 309 282
 306 60 160 122 203 200 196 137 277 334 168 262 144 103 52 92 174 50 106 137 125 334 165 235 262 98 351 287 279 186 156 180 161 315 277 233 356 169 157 269 35 213 369 354 301 178 108 340 233 316 89 1 170 142 236 145 142 256 246 188 251 301 295 311 90 217 57 162 107 155 339 266 269 264 133 154 181 115 332 186 244 243 285 184 319 47 236 227 115 145 190 262 107 193 304 163 247 116 241 133 14 26 144 53 294 136 188 199 235 256 151 272 223 249 234 277 198 259 180 171 118 241 278 282 72 155 171 312 142 82 197 239 364 205 73 260 286 167 303 234 334 202 112 96 79 133 253 223 76 160 127 227 361 179 147 313 127 194 116 186 265 163 181 160 137 290 212 290 246 227 196 74 116 168 264 132 113 294 222 279
 373 133 139 58 367 108 190 297 364 446 27 361 304 272 153 253 341 124 189 68 294 424 307 387 271 92 464 234 406 354 281 194 229 384 209 232 452 291 222 400 138 82 314 307 383 88 177 445 375 425 109 170 1 288 351 26 302 304 151 297 269 418 256 374 162 347 175 312 172 324 279 272 397 345 41 169 22 84 449 34 236 376 417 81 259 185 343 369 180 138 306 179 273 311 230 332 277 262 269 269 182 192 304 218 375 282 219 364 350 334 176 409 202 175 250 224 339 391 311 315 136 353 219 350 108 251 289 296 31 213 332 193 473 183 144 207 325 177 352 246 288 213 158 227 233 294 301 113 241 60 61 344 459 101 308 292 123 280 280 75 221 294 267 327 295 265 89 315 394 211 349 230 283 298 198 298 137 360 371 210
 210 156 205 252 98 269 206 166 168 200 276 143 169 111 191 148 156 186 114 232 116 214 25 101 229 198 217 299 141 107 43 182 124 215 304 220 230 52 126 130 161 299 366 347 191 256 127 209 93 185 229 142 288 1 108 263 166 189 300 79 215 167 293 217 134 80 114 25 132 99 345 235 131 161 248 175 291 253 196 291 233 103 145 266 328 171 116 86 130 192 73 303 69 72 327 122 200 27 198 27 129 137 44 93 186 7 170 186 107 160 166 131 232 288 206 292 58 120 47 30 172 115 297 188 182 88 61 287 265 76 58 261 231 223 213 280 219 182 223 210 329 194 149 63 160 43 187 295 78 294 260 99 233 250 45 292 189 113 143 272 277 37 107 92 172 278 347 235 108 230 63 155 132 40 293 139 168 201 85 305
 119 229 234 329 160 301 210 270 71 100 333 41 273 217 286 255 251 273 163 286 219 108 87 111 192 262 118 283 60 187 81 189 131 120 298 202 124 68 137 58 245 339 330 310 91 296 175 105 73 82 316 236 351 108 1 329 270 132 317 55 178 69 268 127 191 37 192 103 180 193 319 198 53 74 312 198 348 336 100 345 212 48 73 307 306 272 21 72 173 226 48 310 175 44 317 216 158 126 161 105 224 237 140 194 88 111 165 279 2 80 189 78 227 295 179 279 70 55 62 88 218 10 287 104 255 101 66 245 335 156 57 260 130 227 307 274 152 199 144 186 296 187 195 141 266 145 130 324 183 372 338 10 128 286 139 252 234 82 249 314 265 75 91 183 277 247 424 177 100 222 105 261 237 71 291 242 216 114 97 299
 355 109 125 40 342 107 178 274 344 425 31 341 280 247 131 229 316 100 166 52 269 405 283 363 259 68 443 231 384 328 258 179 209 366 208 221 432 268 203 376 113 91 313 305 364 83 155 424 351 404 90 145 26 263 329 1 279 288 153 275 256 396 251 358 139 323 150 287 150 299 278 260 374 326 17 153 39 69 427 47 226 352 393 80 258 162 321 345 158 122 283 180 248 288 231 308 263 237 255 245 157 167 279 193 357 257 203 340 328 315 159 386 193 174 236 221 315 368 288 291 117 331 217 332 82 229 266 289 15 188 309 187 452 173 124 203 311 161 336 233 285 199 137 202 210 269 285 117 216 60 47 322 439 95 282 286 104 260 256 76 216 271 246 302 272 258 102 302 370 201 324 206 259 274 197 274 117 342 347 210
 375 199 295 247 146 341 322 6 333 353 305 307 4 59 151 51 51 180 219 277 52 377 184 207 372 239 367 417 288 113 205 301 261 380 411 351 389 216 260 276 175 353 495 479 357 318 227 366 228 342 199 142 302 166 270 279 1 346 385 243 359 320 420 382 216 237 178 168 228 87 468 377 279 326 269 281 316 229 344 322 363 251 287 324 448 118 281 223 233 280 238 399 99 238 437 71 348 158 344 180 134 117 131 120 351 164 301 64 269 324 275 266 350 386 345 408 206 265 210 183 252 278 410 352 212 236 224 428 272 171 215 371 383 334 165 392 376 292 384 348 459 320 239 174 70 126 343 364 109 276 249 262 391 319 132 431 264 271 29 326 395 202 262 98 12 411 320 388 224 352 180 73 36 206 399 29 247 365 203 413
