NAME : domp300p75v6
COMMENT : (Deleplanque et al.) 
TYPE : DOMP
DIMENSION : 300
DISPLAY_DATA_TYPE: NO_DISPLAY
OPEN_FACILITIES : 75
COST_SECTION
 1 207 174 144 120 198 156 128 114 253 194 120 182 284 155 139 140 205 220 93 226 281 187 136 117 274 232 113 304 119 234 86 142 168 256 146 52 61 188 126 139 66 118 85 203 259 184 171 81 82 130 126 24 200 223 86 226 273 209 222 162 209 131 97 257 182 222 161 298 22 151 284 242 124 139 82 181 95 124 219 117 297 80 178 133 264 198 172 237 201 132 215 108 129 184 261 115 99 18 204 39 190 124 132 227 211 64 148 156 180 86 103 98 75 291 225 258 79 107 101 242 183 194 212 210 235 82 200 217 124 73 92 190 231 255 191 188 235 204 135 118 65 182 69 184 198 207 165 124 95 129 115 117 290 178 124 214 145 62 143 209 154 205 196 121 168 126 83 118 256 73 140 163 221 132 162 143 138 145 247 189 150 112 158 145 243 37 204 217 128 85 78 133 213 201 213 130 133 222 199 219 104 74 191 118 205 175 168 207 220 82 111 102 130 40 96 73 207 147 142 177 147 72 245 104 136 169 154 223 171 93 179 136 54 101 112 177 135 54 274 300 258 160 124 105 112 287 273 85 254 267 66 181 127 205 156 146 119 145 109 50 62 236 161 166 182 220 143 100 154 232 252 114 49 88 281 115 94 179 213 232 142 136 108 121 254 178 90 141 102 164 78 173 300 220 159 277 116 164 78
 207 1 220 300 241 389 256 326 249 439 133 245 47 94 189 205 197 113 366 268 198 231 364 81 124 248 246 309 290 204 414 242 202 59 438 151 255 259 66 249 168 148 94 284 41 64 387 162 286 270 103 188 193 280 298 203 313 222 211 82 307 288 332 163 59 99 220 266 268 188 237 93 424 222 313 162 359 168 241 140 228 274 281 342 75 277 65 327 172 180 130 53 138 294 170 284 221 305 199 231 201 353 221 330 90 79 161 273 270 139 254 285 301 234 263 141 234 188 102 307 304 380 49 336 119 413 217 10 222 150 218 253 82 184 304 165 286 319 271 329 324 163 151 152 126 250 348 274 328 148 167 243 141 257 376 220 272 344 178 318 330 149 393 387 87 370 318 250 306 187 135 202 47 165 317 62 308 109 211 94 64 192 273 100 320 51 173 401 336 80 273 151 212 373 345 389 330 334 344 66 25 281 181 121 239 63 224 168 117 348 283 306 294 78 202 251 150 271 340 307 144 189 258 92 221 291 373 350 68 371 162 255 308 253 141 280 179 93 162 257 299 65 312 298 303 126 256 218 210 267 251 180 349 193 196 341 231 105 263 314 198 254 150 94 80 37 198 290 134 356 421 136 291 239 154 284 292 222 217 119 58 240 325 309 222 64 159 231 70 301 341 130 291 251 352 132 302 156 83 188
 174 220 1 317 76 351 58 280 286 406 102 82 231 240 33 36 290 128 392 140 353 403 351 152 111 408 379 191 445 276 394 114 34 162 412 71 212 170 158 296 276 187 192 183 187 232 316 297 223 251 126 52 153 365 389 248 394 394 348 285 123 375 275 237 234 268 360 329 432 176 41 242 400 57 308 222 345 238 292 319 69 434 185 348 175 413 164 145 348 327 246 186 230 301 311 414 67 224 185 353 136 361 287 207 166 276 127 320 75 88 259 156 246 118 425 323 391 235 162 220 405 329 244 385 127 396 250 210 359 80 243 265 145 349 415 313 74 403 366 290 252 123 299 130 102 355 380 335 226 104 268 84 92 422 323 287 374 219 214 311 382 72 360 349 171 306 285 126 282 367 168 293 182 333 297 161 314 237 30 185 160 32 124 249 165 269 173 348 390 179 253 120 291 382 374 376 212 279 395 260 213 275 227 111 287 170 328 298 126 394 188 269 265 182 136 269 127 369 304 143 82 293 242 184 271 124 297 305 180 313 233 341 306 219 224 284 47 136 189 412 446 229 333 294 262 112 419 393 251 402 404 219 350 50 338 189 40 133 77 250 125 231 335 248 242 184 349 316 114 295 385 335 151 220 221 427 285 262 329 302 273 53 187 201 284 283 67 99 167 257 330 161 345 424 393 271 431 80 242 235
 144 300 317 1 256 108 292 90 53 146 329 254 259 390 298 282 121 335 77 207 204 250 70 253 250 228 174 187 240 103 118 216 285 282 143 286 111 164 306 56 147 164 210 170 312 361 142 175 120 71 257 270 167 103 119 98 111 245 175 275 278 108 104 138 357 228 182 67 246 147 290 390 129 265 32 140 67 133 65 236 256 241 163 43 237 192 316 279 235 189 177 326 163 19 180 184 255 138 136 152 182 54 88 195 349 265 202 44 288 317 59 205 104 208 241 242 217 114 218 145 141 114 266 75 342 115 86 296 175 264 87 55 313 220 160 191 321 120 117 81 125 205 193 204 318 128 64 63 167 234 143 250 255 244 115 89 128 199 129 36 74 293 107 106 227 124 70 208 58 248 185 117 267 222 53 276 16 195 288 366 306 294 231 211 239 318 156 131 82 230 70 215 102 75 58 93 188 102 85 261 319 47 122 324 65 322 126 168 338 80 162 78 70 230 182 54 209 121 79 249 316 134 77 364 81 252 142 92 339 118 139 101 28 102 160 34 319 259 152 222 228 362 17 34 85 245 240 248 91 188 218 125 51 270 181 236 287 244 277 115 193 88 249 217 229 288 197 15 235 115 133 276 218 98 148 212 40 79 137 244 299 280 216 174 85 323 318 226 250 89 51 194 55 262 79 189 193 257 227 113
 120 241 76 256 1 279 37 208 233 333 154 7 238 285 79 52 254 177 329 65 331 384 282 162 118 383 346 116 416 235 323 42 57 184 340 104 146 99 191 244 246 157 183 108 217 270 241 273 151 187 139 60 104 319 342 203 345 375 319 289 67 328 203 204 271 261 332 280 407 130 39 287 328 25 243 187 276 203 243 308 14 407 111 283 177 379 199 88 333 305 226 221 205 239 288 377 21 151 135 318 83 295 243 132 213 279 98 266 39 137 200 80 175 49 400 313 366 194 156 146 361 256 251 328 179 325 201 231 329 94 192 208 182 331 373 292 69 354 322 219 178 95 280 106 149 315 319 284 150 95 237 9 101 398 249 242 332 145 173 245 325 110 288 277 169 232 216 53 215 353 145 255 196 318 229 181 251 222 53 234 192 73 49 239 94 288 133 274 333 178 189 100 249 316 312 306 137 207 338 263 241 211 187 159 237 206 290 273 177 335 114 200 198 181 83 212 105 326 233 75 132 259 180 232 223 56 222 233 221 239 199 297 241 155 198 223 108 149 153 385 414 268 272 230 192 116 395 375 204 369 378 178 284 56 312 119 38 138 28 177 75 169 326 240 238 206 326 258 110 221 312 332 76 160 190 395 221 213 293 296 286 26 113 126 239 301 122 31 176 187 262 141 291 405 334 253 394 87 237 193
 198 389 351 108 279 1 311 73 154 56 391 275 352 474 341 319 226 403 110 217 310 355 44 329 314 332 278 175 339 205 49 239 323 360 62 341 148 183 383 161 250 243 296 173 394 447 61 280 130 121 327 312 220 202 213 192 198 351 281 375 275 205 77 232 444 328 288 172 349 211 317 474 51 295 82 229 44 227 170 341 284 342 169 77 319 292 392 268 342 296 274 407 257 103 286 282 285 130 199 257 227 78 192 171 423 365 261 150 302 376 136 206 107 234 343 347 322 205 296 135 233 28 361 146 408 53 176 384 281 319 173 139 386 326 253 296 333 205 217 65 103 262 298 266 381 232 117 167 141 292 244 271 314 347 35 193 229 167 212 77 150 348 11 3 308 56 74 227 85 354 261 222 351 328 73 355 93 291 323 443 383 336 239 309 226 414 225 29 154 313 118 275 207 81 113 45 163 73 151 358 406 109 210 388 168 399 232 273 405 142 166 89 98 314 227 142 270 222 52 243 373 239 133 440 181 253 75 47 417 46 232 205 87 146 253 113 367 331 230 325 325 447 106 94 94 309 343 354 184 289 321 210 68 311 288 212 315 315 293 103 238 139 354 315 326 371 303 122 297 61 35 381 217 155 238 311 99 175 244 347 397 304 197 161 189 421 371 253 331 99 58 268 154 366 135 290 288 311 323 204
 156 256 58 292 37 311 1 242 269 365 153 39 259 290 76 52 288 178 365 95 362 415 316 180 136 415 380 143 449 270 356 77 56 198 372 109 182 133 200 280 278 188 209 140 228 278 270 304 185 223 155 70 139 354 378 238 380 406 351 312 66 363 235 237 279 288 364 315 439 165 21 291 361 39 279 220 310 237 279 336 41 440 144 319 199 413 208 88 362 336 256 230 236 275 319 412 46 182 171 352 119 330 278 156 216 302 128 302 18 137 237 108 209 85 432 341 398 228 180 177 396 287 272 364 178 359 237 247 361 107 228 244 189 361 408 323 36 390 357 253 210 124 310 134 151 350 355 320 178 118 269 43 117 430 281 277 367 168 207 280 361 114 321 309 192 263 250 87 250 381 174 289 214 347 264 196 287 250 48 236 202 70 74 266 109 305 167 304 369 201 224 127 284 351 348 340 162 239 374 286 253 247 221 160 272 214 325 304 177 371 146 234 233 204 118 248 133 361 266 87 131 292 216 234 259 69 251 266 227 270 232 332 277 191 229 259 100 166 186 417 448 275 308 265 226 134 427 405 239 402 410 212 319 65 344 134 27 157 21 209 109 205 353 266 263 220 357 294 131 253 343 357 100 196 222 429 256 248 327 322 305 18 134 154 274 318 118 67 195 221 297 170 327 435 370 282 428 102 262 228
 128 326 280 90 208 73 242 1 116 129 319 204 293 408 269 247 186 332 139 148 278 329 78 262 244 310 257 112 326 162 116 167 251 293 134 269 77 111 314 127 204 179 233 104 328 382 65 238 58 59 257 240 149 191 208 140 199 323 251 322 211 197 15 178 379 276 261 152 330 143 246 408 122 223 61 171 72 173 134 297 213 326 99 91 254 279 324 207 304 259 221 340 201 74 246 271 214 63 131 232 155 101 153 114 354 312 190 128 233 304 84 139 35 163 324 303 298 149 229 69 230 56 303 157 337 118 124 320 254 247 118 90 317 291 249 256 265 208 203 14 40 191 254 195 309 212 136 150 84 220 197 201 242 326 51 154 216 115 151 58 159 276 82 71 242 46 21 156 35 319 194 183 285 289 39 287 76 235 251 374 315 263 171 255 165 355 157 77 165 248 56 204 168 118 130 100 106 14 166 303 341 60 153 317 130 331 203 231 334 159 97 22 36 250 155 95 200 208 26 180 301 199 70 372 136 188 57 27 349 46 177 184 63 76 195 73 295 262 165 306 315 382 100 59 24 239 322 325 132 273 300 151 88 239 255 157 244 246 224 34 165 73 312 260 269 305 271 102 227 33 107 336 151 88 180 298 57 127 213 300 340 234 138 98 149 364 299 181 264 27 64 201 144 343 155 241 281 239 267 148
 114 249 286 53 233 154 269 116 1 197 286 231 207 339 263 251 73 290 121 194 163 214 120 205 208 196 145 187 216 52 169 196 253 233 194 247 99 151 258 14 97 117 160 164 262 310 177 127 122 69 212 236 134 91 113 48 113 208 136 223 266 99 129 86 306 177 146 49 217 110 264 339 180 237 73 90 116 81 19 188 230 213 157 95 188 170 267 271 191 145 125 277 111 52 134 164 228 144 101 119 152 105 39 200 301 214 164 35 268 275 41 196 115 186 211 194 183 65 171 151 133 155 214 102 296 167 39 245 140 225 44 32 266 177 150 144 300 123 99 111 141 167 145 164 275 101 105 53 176 194 92 227 215 213 154 41 110 207 82 78 98 253 155 152 179 158 98 190 83 205 139 70 217 177 87 228 63 143 257 318 258 260 216 159 235 266 116 174 106 180 70 175 54 125 100 144 194 128 112 209 269 57 73 280 15 273 89 120 293 112 157 97 84 181 153 26 169 103 116 241 274 87 66 315 29 240 172 128 290 154 88 75 68 89 109 45 282 213 108 193 207 311 64 63 101 203 209 210 42 163 187 78 103 237 140 238 259 199 257 129 163 75 202 166 178 238 156 42 193 146 182 228 209 77 97 189 61 29 98 194 248 255 216 175 36 272 278 203 201 103 99 149 61 228 113 138 177 219 175 64
 253 439 406 146 333 56 365 129 197 1 445 329 401 526 396 374 266 457 117 271 343 384 77 382 368 358 305 227 359 247 32 293 378 413 14 396 203 237 436 201 292 295 346 226 446 498 102 320 185 174 381 367 275 226 232 239 215 380 313 419 326 227 132 279 495 373 319 205 372 265 371 526 21 350 127 278 81 274 210 380 339 365 223 106 371 313 445 317 377 332 320 459 304 147 324 302 340 184 252 288 282 100 233 220 477 410 315 185 355 431 186 259 162 289 367 386 350 253 348 189 250 78 408 160 462 37 224 434 311 373 221 187 439 361 270 335 385 220 243 120 156 317 338 320 435 260 131 198 192 347 287 326 368 372 85 234 253 214 262 122 166 403 49 58 360 104 128 281 137 388 313 261 402 365 124 407 134 338 378 496 436 391 292 355 275 461 278 64 167 364 170 329 247 90 129 56 212 128 162 404 456 159 259 443 209 452 266 312 459 152 220 143 152 365 282 189 325 246 106 294 428 279 186 493 225 305 120 102 470 96 280 235 132 200 301 160 422 384 281 350 343 498 139 141 149 363 368 384 231 312 347 260 97 366 322 259 370 368 346 158 293 193 392 361 372 422 336 159 352 113 23 421 269 208 286 331 148 220 277 389 443 359 246 213 230 467 426 308 382 154 100 321 182 392 145 333 305 366 370 252
 194 133 102 329 154 391 153 319 286 445 1 160 158 139 79 105 265 27 404 207 304 347 379 93 80 358 341 258 398 259 427 177 100 83 448 54 243 220 67 293 242 170 146 240 95 132 368 253 265 275 76 96 171 349 371 241 381 337 306 209 215 358 319 214 135 206 318 321 381 185 133 141 435 131 330 203 373 217 287 256 142 385 240 368 118 375 70 238 288 280 205 89 197 317 266 379 136 276 197 319 165 380 274 277 65 202 131 319 170 18 272 225 287 174 374 259 342 225 122 274 383 373 169 387 26 428 248 124 318 74 245 275 51 295 389 265 175 389 345 327 301 130 250 127 12 329 389 329 287 100 237 160 78 370 368 273 351 291 205 334 382 47 398 388 121 355 318 188 311 306 148 269 108 276 325 85 331 189 107 84 70 84 200 194 247 181 174 394 389 126 278 117 272 402 384 405 280 322 396 187 119 295 216 12 282 74 301 257 25 397 243 303 295 127 166 277 123 347 340 228 23 263 264 83 263 209 351 345 81 359 210 323 326 246 194 300 56 79 180 364 404 129 344 315 297 85 368 335 246 364 357 210 372 100 294 271 128 89 167 295 156 255 270 190 180 100 301 324 96 342 425 262 225 240 198 386 306 258 298 237 189 141 263 263 273 194 36 161 105 293 356 139 342 368 398 223 397 82 181 225
 120 245 82 254 7 275 39 204 231 329 160 1 241 291 85 58 254 183 327 60 332 386 279 166 123 384 347 111 417 235 319 39 63 189 336 109 144 95 196 244 247 158 186 104 222 276 236 275 148 185 144 66 104 318 341 203 344 377 320 293 62 327 199 205 276 264 333 279 408 130 43 292 324 31 240 189 273 204 242 311 20 408 107 280 181 379 204 83 336 306 228 226 207 237 289 378 26 146 135 319 84 292 242 126 219 283 101 265 38 143 199 75 171 47 401 316 367 194 159 142 360 252 255 326 185 322 200 236 330 99 192 206 187 333 373 294 70 353 322 216 174 97 282 108 155 315 316 283 145 99 238 5 106 400 245 242 332 139 174 242 323 116 284 273 172 227 212 49 212 355 147 256 200 320 226 185 249 225 58 239 198 79 43 242 88 293 134 269 331 182 186 104 250 313 310 303 131 203 336 267 246 209 187 165 236 212 291 274 183 333 110 196 195 185 83 211 108 326 229 69 138 260 178 238 223 50 217 229 226 235 201 297 239 153 199 220 113 154 154 386 415 273 270 227 188 120 396 377 203 369 379 179 281 61 314 113 43 142 27 173 76 167 328 243 241 210 327 256 114 217 307 336 70 158 191 396 218 212 294 299 290 31 107 121 239 306 128 30 180 183 259 144 290 406 331 255 394 92 240 194
 182 47 231 259 238 352 259 293 207 401 158 241 1 139 199 211 152 143 323 255 155 192 325 81 124 207 201 290 248 161 375 231 209 76 399 162 226 238 95 207 123 118 65 263 79 109 355 116 258 235 106 191 172 234 252 163 267 183 166 55 302 242 300 123 104 54 175 222 228 161 241 138 385 222 274 124 320 128 198 101 226 233 259 302 61 233 98 321 133 135 85 93 97 255 125 239 219 279 170 185 184 311 178 310 130 46 147 230 271 160 217 270 271 221 222 103 191 149 85 281 258 345 15 292 150 373 178 48 177 154 181 215 111 142 258 120 291 273 225 295 295 149 105 138 150 204 305 230 304 143 123 238 143 217 342 176 226 324 143 280 285 162 356 350 70 337 283 237 270 149 111 157 52 123 280 75 268 66 217 137 93 201 263 54 308 63 146 367 292 61 239 140 168 331 301 350 309 302 299 30 71 245 143 147 197 99 178 122 148 304 261 272 260 58 185 213 137 226 305 297 164 144 224 135 179 283 343 315 109 338 122 209 269 222 101 241 195 96 132 215 257 111 270 260 271 125 215 180 171 222 208 144 309 196 151 326 234 103 262 284 183 222 113 48 34 61 154 249 129 324 384 106 278 207 116 241 254 182 171 80 52 242 309 287 179 73 178 222 65 269 302 108 247 212 307 86 257 158 37 150
 284 94 240 390 285 474 290 408 339 526 139 291 139 1 215 239 290 113 458 327 284 308 452 148 178 330 335 374 371 296 502 299 235 117 526 183 334 328 99 341 261 232 181 352 81 31 466 253 363 354 159 226 266 372 390 292 405 300 300 159 350 380 413 254 36 188 308 358 348 267 270 4 512 263 401 251 447 259 332 223 272 355 350 432 156 364 90 372 253 268 222 70 230 383 261 372 265 379 279 322 269 443 313 395 75 160 228 365 306 154 341 346 381 292 343 223 317 277 180 380 395 463 138 429 114 501 306 95 311 193 306 341 105 267 394 254 313 411 363 413 401 228 240 220 140 342 440 367 398 205 260 290 189 337 458 312 364 409 265 406 422 177 479 472 167 450 402 308 391 265 215 295 125 248 403 122 397 202 243 57 98 220 326 192 375 105 252 484 429 163 358 215 305 464 436 478 396 415 436 153 72 368 269 131 330 82 316 259 115 440 353 389 378 162 270 340 216 363 424 358 160 282 342 57 311 340 451 433 66 452 252 347 396 333 231 368 194 151 246 340 383 30 403 386 385 182 336 296 300 354 334 267 439 231 285 397 264 168 302 392 263 337 229 186 172 104 285 381 193 436 507 207 349 322 243 369 379 312 308 201 126 277 385 377 313 112 174 284 145 382 428 208 384 327 444 224 389 201 175 278
 155 189 33 298 79 341 76 269 263 396 79 85 199 215 1 28 263 104 374 138 323 372 337 120 79 378 350 191 415 250 382 110 23 131 401 39 197 161 129 273 247 159 161 178 157 205 310 267 212 235 94 30 132 340 363 224 370 363 318 253 138 349 266 209 206 237 331 306 401 154 56 217 389 56 292 195 331 211 269 287 68 404 179 332 143 384 135 160 316 297 216 157 201 283 281 385 63 217 164 324 118 344 262 208 141 244 101 297 92 63 240 156 235 110 394 291 360 210 131 214 379 321 212 364 104 384 227 179 329 49 220 245 116 318 388 283 100 379 340 279 245 98 269 103 76 328 361 312 223 75 239 86 61 392 314 261 348 222 188 295 360 42 349 339 139 299 272 122 268 335 140 266 150 302 282 129 297 206 29 161 131 7 127 218 173 238 149 340 368 147 237 92 264 366 355 363 212 270 374 228 183 257 201 85 263 142 300 268 102 373 182 256 251 150 118 248 99 343 292 152 57 265 225 160 246 133 292 295 153 305 205 316 289 203 195 266 29 104 163 382 417 202 314 277 249 80 388 362 227 373 374 194 334 31 308 197 50 101 90 241 107 215 303 216 210 153 319 296 83 287 375 303 154 202 193 398 268 238 301 270 241 64 191 199 259 252 44 94 135 245 315 132 323 393 373 240 403 50 210 210
 139 205 36 282 52 319 52 247 251 374 105 58 211 239 28 1 257 129 357 112 324 375 317 131 87 378 347 164 414 243 361 84 6 148 379 58 178 138 149 261 244 154 165 153 177 227 286 267 190 216 106 21 118 331 354 214 360 366 317 264 112 340 243 204 228 243 329 295 402 142 33 241 367 29 274 189 311 205 258 293 41 404 154 314 152 381 156 134 321 298 217 178 199 266 281 381 37 193 150 320 101 326 253 181 166 255 93 285 68 88 224 129 213 86 395 297 361 201 136 190 371 298 224 350 130 363 215 196 327 57 208 230 138 321 382 284 82 369 332 257 221 90 271 97 101 322 345 301 197 74 236 59 68 393 291 252 341 195 180 276 347 63 327 317 146 275 252 96 248 340 137 260 164 306 263 145 280 209 8 186 151 22 100 222 145 255 139 316 355 155 219 88 257 348 339 342 186 247 360 238 202 240 193 110 252 163 295 268 128 359 157 235 231 158 101 234 95 335 271 125 82 260 207 185 236 106 267 273 176 282 200 307 271 184 193 249 57 116 156 381 415 224 298 259 228 87 389 365 216 370 374 185 316 17 308 170 26 109 64 218 90 197 309 222 218 169 320 281 86 264 352 311 126 185 189 396 250 227 296 278 255 38 164 173 250 268 71 68 146 223 296 131 310 396 358 242 399 54 217 201
 140 197 290 121 254 226 288 186 73 266 265 254 152 290 263 257 1 263 174 231 95 148 190 175 193 137 94 239 165 26 237 224 258 197 262 237 150 193 223 66 30 104 123 213 220 260 248 55 180 132 190 239 151 86 107 57 119 141 72 157 300 95 198 54 255 112 84 71 160 125 278 289 248 251 145 70 187 53 57 116 248 159 206 161 152 126 230 310 119 74 69 235 69 124 62 125 243 203 123 66 172 169 35 255 265 149 165 83 291 258 104 238 179 213 153 122 121 62 144 209 120 228 156 141 270 234 69 196 79 217 79 97 234 106 127 72 322 126 81 182 206 169 73 162 254 66 156 79 235 189 31 250 206 153 226 34 87 265 82 150 134 242 226 224 146 229 169 222 154 134 124 6 176 105 159 192 134 89 265 278 222 261 251 100 280 205 122 247 140 144 135 172 20 187 153 212 250 198 148 147 220 127 68 257 59 235 39 48 266 152 207 166 152 143 172 92 165 83 188 280 259 14 125 276 51 275 242 200 249 226 59 60 140 141 72 117 275 187 103 136 162 261 128 135 169 189 150 143 62 116 129 76 170 242 72 288 272 178 280 194 180 131 130 106 120 196 88 108 182 217 253 156 250 124 71 143 133 62 41 124 185 272 266 229 38 209 267 226 166 169 170 133 97 165 157 72 142 215 117 63
 205 113 128 335 177 403 178 332 290 457 27 183 143 113 104 129 263 1 410 227 293 334 388 88 89 347 334 277 388 259 437 197 125 71 459 75 256 236 49 296 238 174 141 258 73 107 384 245 280 285 79 118 183 348 369 243 380 325 298 192 240 356 333 214 110 194 310 322 369 194 158 115 446 154 339 204 383 217 289 243 165 374 257 375 112 367 49 262 275 271 199 65 195 324 257 372 158 292 206 313 180 387 275 297 39 186 143 321 195 42 280 245 300 193 363 245 331 227 122 291 380 387 153 389 8 437 253 105 310 91 250 282 33 283 384 255 201 388 342 339 316 142 240 137 29 325 394 330 305 113 233 183 92 358 381 274 347 311 209 343 384 68 409 400 117 369 330 208 321 292 152 267 95 264 335 74 339 182 132 58 51 109 222 184 270 159 182 407 392 120 288 129 271 409 389 415 299 336 399 171 97 303 218 20 285 51 297 249 5 400 260 315 306 121 181 283 133 344 352 251 48 259 273 57 266 232 367 358 56 373 210 321 335 258 192 307 82 79 184 354 395 103 350 323 310 94 356 322 249 356 347 213 380 123 285 293 153 92 192 310 171 265 256 180 168 84 292 329 106 356 437 245 246 250 198 377 315 262 293 222 169 166 284 282 274 172 62 182 98 306 365 143 344 355 402 214 390 100 170 228
 220 366 392 77 329 110 365 139 121 117 404 327 323 458 374 357 174 410 1 277 237 272 70 326 325 245 193 249 243 163 87 289 361 353 108 362 184 234 379 118 203 237 280 236 382 428 166 225 185 143 332 345 243 115 117 169 99 270 207 330 345 114 152 205 424 285 210 105 257 223 364 457 97 339 88 210 74 200 127 282 330 249 229 49 308 198 387 344 273 230 239 397 229 92 225 187 329 198 212 180 257 40 146 252 422 322 278 94 360 393 135 271 165 281 253 287 238 185 291 205 134 132 328 45 416 81 158 363 203 339 161 131 386 256 154 236 393 104 131 127 178 281 242 280 394 151 19 97 222 310 202 322 331 258 136 148 140 253 202 87 51 369 103 110 299 154 123 279 118 282 259 169 337 263 106 348 79 258 363 438 378 369 300 272 302 378 232 138 51 300 141 291 157 31 23 69 244 148 46 320 387 119 193 399 129 393 163 217 413 36 228 137 134 301 257 129 284 134 118 315 391 186 151 436 148 320 174 127 410 145 207 130 89 175 228 109 395 332 226 236 227 429 61 101 145 321 254 274 162 198 233 198 53 346 218 295 361 319 349 171 268 162 292 278 291 358 230 81 310 151 115 322 284 173 217 216 109 150 174 294 358 354 276 234 146 382 394 300 322 150 77 268 79 279 29 245 189 333 289 184
 93 268 140 207 65 217 95 148 194 271 207 60 255 327 138 112 231 227 277 1 318 373 224 189 151 366 323 53 395 209 263 31 117 217 278 153 98 44 229 207 231 151 193 46 253 308 177 262 93 137 171 113 89 283 306 176 305 364 301 302 73 292 141 188 308 266 313 242 390 111 102 329 267 85 190 173 218 187 207 307 73 389 50 229 197 354 239 80 328 293 221 259 198 189 276 350 76 88 110 295 72 241 213 71 259 291 109 225 86 190 157 19 116 36 383 313 350 171 171 83 326 194 268 281 230 265 169 260 309 137 159 165 224 322 341 282 118 315 289 160 116 107 273 118 200 286 268 245 87 124 221 57 139 382 187 213 300 85 154 191 279 161 227 215 186 169 158 20 160 347 148 231 222 312 173 212 200 223 114 280 231 132 25 242 55 312 121 211 287 195 138 119 222 261 262 247 75 145 291 276 274 161 166 209 201 246 265 260 227 287 52 143 143 198 71 170 120 294 173 50 185 239 133 278 192 47 159 172 263 176 185 265 189 108 190 174 167 180 142 366 391 306 222 178 134 147 379 365 174 345 359 158 229 110 297 73 102 166 76 116 72 122 325 245 247 236 312 211 137 159 249 337 24 118 178 372 169 180 270 299 305 89 59 62 208 324 178 47 200 129 206 148 249 392 284 248 366 128 245 170
 226 198 353 204 331 310 362 278 163 343 304 332 155 284 323 324 95 293 237 318 1 56 270 213 246 56 56 331 96 119 313 306 324 223 337 291 243 283 246 153 88 175 164 304 232 255 339 58 273 226 236 304 232 124 130 150 150 48 31 126 384 127 291 131 249 102 30 140 80 208 349 282 324 324 232 146 268 132 145 63 323 82 297 239 187 82 251 396 40 27 108 247 127 211 44 90 317 297 209 58 252 244 126 347 283 124 235 161 368 301 198 327 272 295 73 65 39 150 193 302 126 316 150 195 300 309 162 201 36 275 172 190 261 22 118 41 396 151 108 273 299 239 56 229 294 86 219 146 328 251 98 328 263 70 315 125 102 357 165 237 188 294 309 309 187 320 260 306 245 46 189 97 199 37 248 221 218 118 331 290 245 322 336 111 369 182 200 333 191 181 228 237 111 257 218 289 343 290 198 133 222 219 153 294 149 253 79 59 298 206 298 259 245 179 253 184 231 106 277 367 304 83 219 289 145 360 334 290 263 316 134 109 226 234 134 207 328 229 180 62 103 257 206 224 261 244 67 49 155 72 55 161 248 308 24 378 343 226 358 287 259 224 63 115 126 213 8 190 241 308 333 94 339 217 142 87 223 156 68 84 160 345 358 322 130 180 315 305 200 262 253 194 162 75 212 84 107 274 124 151
 281 231 403 250 384 355 415 329 214 384 347 386 192 308 372 375 148 334 272 373 56 1 314 259 295 33 81 386 67 173 353 361 375 265 377 339 297 338 286 203 143 229 213 359 268 281 388 112 327 278 283 356 287 159 158 204 177 10 79 151 438 159 342 185 275 141 69 184 42 263 401 306 364 376 279 201 313 187 195 92 376 50 352 282 233 84 289 451 60 81 160 282 180 260 98 97 370 351 264 99 307 285 178 402 319 153 288 207 422 346 250 382 325 350 38 90 35 205 242 356 146 363 184 229 341 349 216 236 76 324 226 242 301 55 131 93 449 176 142 323 352 292 106 282 337 125 256 189 382 302 153 382 312 31 363 177 133 412 220 284 222 341 353 354 235 370 310 361 296 44 241 150 240 72 297 263 265 167 382 323 284 372 390 157 424 204 255 380 223 228 281 290 164 296 256 330 397 341 230 166 254 270 208 336 200 289 127 114 338 239 353 310 296 225 308 236 283 139 326 422 349 137 272 322 198 414 385 339 298 365 189 151 274 288 188 257 376 275 234 44 83 284 250 273 313 293 31 13 209 80 43 216 291 360 78 433 395 274 411 340 313 278 81 159 168 252 62 236 291 359 376 103 394 271 197 76 273 209 116 113 183 398 412 376 182 198 361 360 245 314 299 246 203 22 246 134 106 325 167 206
 187 364 351 70 282 44 316 78 120 77 379 279 325 452 337 317 190 388 70 224 270 314 1 310 301 290 236 189 296 171 51 241 321 340 75 332 141 184 364 125 216 222 272 180 373 424 97 244 132 105 311 308 210 159 170 163 155 310 241 343 288 162 88 203 420 296 247 132 306 196 319 452 61 295 52 203 7 198 134 305 285 300 175 34 298 249 374 284 303 258 244 386 228 71 249 239 285 139 184 217 220 35 157 189 406 333 249 111 309 365 112 216 109 235 301 310 281 177 276 146 190 63 332 103 394 50 148 360 240 309 147 112 369 287 210 259 341 162 175 65 116 251 262 253 369 190 75 126 159 281 211 275 303 305 67 158 186 188 188 47 107 339 40 44 287 85 67 230 70 315 241 186 328 291 56 335 58 262 322 424 364 332 247 278 242 385 208 72 111 290 102 263 171 43 70 27 181 85 109 328 382 86 184 375 133 380 192 237 391 99 173 83 87 291 220 113 257 179 53 257 363 203 116 422 148 264 105 60 398 75 204 164 57 135 225 85 361 314 209 283 282 424 65 67 91 296 301 313 155 246 279 186 25 308 249 232 317 298 299 111 231 125 317 285 296 349 264 83 284 83 64 345 228 140 211 268 75 144 204 313 367 307 214 175 154 391 363 254 310 96 25 250 112 324 93 257 245 302 293 177
 136 81 152 253 162 329 180 262 205 382 93 166 81 148 120 131 175 88 326 189 213 259 310 1 46 268 250 232 308 172 360 162 129 32 383 83 187 183 55 210 151 90 54 208 68 124 319 162 216 209 27 112 119 260 281 158 293 250 215 134 228 269 266 127 123 120 227 235 291 120 162 149 369 144 260 118 305 130 203 171 149 295 205 294 27 284 64 247 201 189 113 79 107 244 175 287 142 232 132 227 124 305 188 252 97 125 83 236 193 89 200 206 233 154 285 174 252 142 36 233 293 317 94 303 95 360 169 72 227 75 167 201 62 206 298 174 212 300 255 267 254 84 159 74 82 238 309 243 253 68 146 164 64 281 312 187 260 266 125 264 298 84 335 327 30 303 256 170 246 220 70 179 35 188 259 27 258 98 137 115 55 121 193 104 241 128 106 338 305 34 213 71 184 327 304 336 253 268 312 109 87 225 133 83 199 71 210 165 92 314 207 243 232 36 125 201 71 257 279 227 91 172 197 113 180 211 304 287 89 305 123 234 255 187 105 227 119 17 103 274 313 123 267 244 239 47 278 248 164 272 267 129 299 117 203 261 155 25 185 245 120 191 186 101 93 49 211 246 54 289 363 184 211 176 112 295 236 177 207 153 126 164 246 232 187 140 103 151 17 236 287 62 258 280 316 132 305 79 94 142
 117 124 111 250 118 314 136 244 208 368 80 123 124 178 79 87 193 89 325 151 246 295 301 46 1 301 276 197 339 184 350 123 85 68 371 46 167 152 80 215 173 93 83 176 103 158 297 191 193 197 22 68 95 275 297 163 306 285 243 178 184 284 245 140 158 159 255 244 324 106 118 179 358 99 252 127 295 143 209 209 105 327 174 289 66 310 89 204 238 220 140 109 127 238 204 312 98 206 118 251 94 301 198 218 114 169 55 240 148 69 193 169 213 116 317 213 284 147 54 205 311 299 138 308 94 350 170 115 254 31 166 196 77 241 319 206 168 314 272 251 230 54 191 49 69 258 310 252 222 28 166 120 20 314 293 197 279 232 127 255 304 50 321 312 61 282 241 132 233 257 71 196 79 224 247 64 252 129 94 134 81 79 152 140 200 172 95 319 311 70 200 41 198 323 305 327 219 248 318 152 125 216 138 76 204 97 230 193 91 319 177 227 218 73 95 198 45 275 263 185 68 193 185 132 186 169 280 270 114 286 136 249 248 170 123 221 85 32 101 305 342 156 265 236 221 6 311 284 168 299 298 132 293 73 232 222 111 23 141 222 87 177 225 138 133 89 242 245 18 268 348 226 173 162 124 323 227 180 229 193 171 119 209 200 196 185 75 110 61 217 277 62 265 316 320 163 330 35 133 147
 274 248 408 228 383 332 415 310 196 358 358 384 207 330 378 378 137 347 245 366 56 33 290 268 301 1 55 375 42 161 327 357 378 277 350 346 285 329 300 184 138 228 219 349 284 302 368 112 314 263 291 359 283 133 129 193 148 36 66 172 434 132 324 181 296 155 54 162 25 258 403 328 338 377 258 197 289 182 178 109 375 28 342 257 242 53 304 445 78 81 162 299 180 239 98 65 370 337 257 79 303 260 163 390 335 172 288 185 420 356 234 374 310 345 18 109 18 197 248 343 116 341 201 201 354 322 204 253 59 330 214 226 315 66 100 96 449 146 116 304 336 292 111 283 348 101 229 166 369 306 147 380 317 18 342 162 106 399 214 263 194 349 329 331 242 350 291 356 277 68 242 138 253 85 277 275 243 173 385 341 298 377 385 166 416 227 251 357 195 236 265 291 149 269 230 304 385 323 201 183 272 252 201 348 183 305 109 112 352 211 343 292 279 234 304 220 285 113 305 416 359 128 257 340 184 409 366 319 315 345 185 129 253 276 187 239 383 284 231 12 54 305 227 253 296 299 14 41 197 49 12 209 266 362 72 424 396 281 410 324 310 265 102 169 180 266 60 214 295 339 351 129 386 260 194 45 254 196 100 131 205 398 402 365 167 222 370 357 254 298 276 248 179 35 218 139 75 329 178 197
 232 246 379 174 346 278 380 257 145 305 341 347 201 335 350 347 94 334 193 323 56 81 236 250 276 55 1 327 73 115 274 317 348 264 297 321 238 284 289 132 104 194 197 302 278 305 315 90 264 212 269 328 244 79 79 148 99 78 37 180 393 80 271 144 300 149 29 108 74 218 369 333 285 343 204 160 235 144 127 117 340 70 295 203 224 35 294 402 95 68 138 293 150 186 78 39 335 287 215 29 264 206 114 342 328 176 255 132 383 337 184 329 259 305 68 120 47 155 224 294 72 287 199 149 341 269 157 249 25 303 167 175 303 76 62 82 414 99 63 251 285 259 97 251 331 47 176 112 319 277 112 342 291 71 288 114 53 350 174 209 142 325 275 277 222 296 238 314 224 96 212 93 241 92 224 261 190 153 354 337 288 349 343 152 371 235 214 303 144 217 214 260 102 216 177 251 336 270 151 183 271 200 161 332 133 297 60 86 338 160 296 240 227 215 265 169 253 59 252 372 338 88 208 335 135 367 312 265 309 291 149 75 200 227 156 186 359 264 194 49 69 308 173 200 245 273 66 83 151 24 44 169 212 332 51 377 363 258 373 273 272 216 118 157 170 257 53 161 268 286 297 149 342 212 159 50 201 147 54 137 213 363 355 316 118 234 348 318 238 246 222 219 125 89 166 121 57 301 168 155
 113 309 191 187 116 175 143 112 187 227 258 111 290 374 191 164 239 277 249 53 331 386 189 232 197 375 327 1 399 215 222 82 169 261 235 204 91 53 276 201 245 177 226 28 297 354 129 279 69 122 217 165 119 276 297 183 293 378 310 333 101 284 102 205 353 294 322 234 397 134 152 375 225 137 164 191 183 202 204 330 125 395 35 200 236 355 286 96 346 307 243 306 220 169 291 350 129 52 128 299 109 211 214 22 308 322 150 214 131 241 148 37 86 85 391 336 359 182 209 45 318 149 303 261 280 225 172 301 317 187 162 157 272 338 336 299 160 303 285 125 75 149 292 158 250 286 243 236 36 171 236 108 188 391 142 215 297 36 170 164 260 212 185 173 224 123 127 71 133 364 180 238 263 330 144 256 177 249 166 329 277 184 69 269 54 350 147 164 268 233 122 162 227 229 237 210 23 106 270 309 317 143 180 260 198 293 268 275 278 265 33 113 119 235 108 163 161 289 137 69 236 249 123 327 193 80 110 133 310 132 202 262 165 101 212 158 219 225 166 373 392 352 201 155 105 193 387 379 178 347 367 173 198 162 308 51 153 209 123 79 113 113 347 273 277 279 324 195 182 115 205 363 44 116 198 374 148 181 276 325 341 140 30 16 210 361 230 99 241 101 174 183 236 403 261 269 364 178 275 181
 304 290 445 240 416 339 449 326 216 359 398 417 248 371 415 414 165 388 243 395 96 67 296 308 339 42 73 399 1 187 328 388 414 318 350 384 310 356 341 203 172 262 257 374 325 343 381 149 336 283 330 395 314 139 128 220 145 73 98 213 464 135 340 213 337 195 86 175 27 289 437 369 339 411 270 230 296 214 198 150 409 18 367 263 282 48 345 474 119 120 200 340 216 253 135 58 404 359 287 101 335 264 186 413 376 213 323 199 454 396 255 402 329 376 30 150 58 226 286 365 110 351 242 200 395 323 229 294 88 367 239 246 356 107 91 135 483 141 124 318 355 327 150 318 388 116 229 178 390 342 180 413 355 37 353 186 112 422 245 275 194 387 335 338 281 363 307 386 292 108 278 165 293 126 291 315 255 212 421 383 339 414 415 206 443 267 284 366 193 275 285 327 174 270 231 307 408 339 198 224 313 269 232 388 204 346 132 148 392 208 368 309 297 273 336 240 320 120 318 444 398 158 279 381 207 439 380 331 356 357 218 143 266 299 222 255 422 323 264 35 20 346 236 268 314 336 37 78 223 54 42 240 272 398 108 449 431 319 443 343 342 287 143 209 220 307 98 227 332 353 354 168 414 284 228 29 270 220 126 172 246 432 428 388 190 262 409 389 294 316 285 285 187 55 215 177 57 366 219 227
 119 204 276 103 235 205 270 162 52 247 259 235 161 296 250 243 26 259 163 209 119 173 171 172 184 161 115 215 187 1 219 204 244 197 244 227 126 170 222 48 46 93 122 189 223 267 225 77 155 108 184 226 132 91 114 34 123 166 96 173 279 101 174 47 262 127 108 64 184 106 261 296 230 234 124 58 167 43 39 138 230 182 182 144 151 146 231 288 143 98 77 237 69 103 85 144 226 179 102 87 153 153 18 231 265 164 151 70 272 251 80 215 154 192 177 143 145 43 139 184 130 205 167 134 266 217 44 202 103 207 54 73 232 131 140 95 304 131 91 159 181 154 94 148 248 81 145 73 210 177 41 231 196 177 204 16 99 240 64 130 128 233 206 203 144 206 146 201 131 158 114 24 178 128 136 192 114 96 250 280 222 248 229 111 257 217 105 225 135 143 111 159 15 172 141 194 225 174 142 160 226 104 50 252 39 236 57 70 263 145 183 142 128 143 153 68 152 94 165 258 251 38 100 278 27 253 218 177 252 203 50 66 119 116 69 94 265 182 88 159 183 268 112 113 144 180 173 168 38 137 153 59 152 228 96 264 256 171 261 169 162 106 152 117 130 198 113 90 172 193 233 177 228 100 62 164 110 37 62 143 198 254 243 205 19 223 258 207 165 145 150 123 89 190 149 87 160 203 127 43
 234 414 394 118 323 49 356 116 169 32 427 319 375 502 382 361 237 437 87 263 313 353 51 360 350 327 274 222 328 219 1 282 365 391 26 379 187 226 414 173 264 272 322 218 423 474 107 291 173 154 360 353 257 195 201 213 184 350 283 391 322 196 122 253 471 345 288 174 341 245 361 502 12 338 102 253 56 248 182 351 328 333 214 77 348 282 424 315 347 302 293 436 278 121 294 271 328 176 233 257 267 70 204 218 456 382 297 155 348 413 162 252 149 278 336 356 319 227 326 181 219 76 382 129 443 7 198 410 280 357 197 162 419 331 239 305 379 189 212 105 149 299 309 301 417 230 100 167 189 329 259 316 351 341 83 206 222 214 238 97 135 387 38 50 337 103 111 271 117 357 291 232 379 335 104 385 108 311 366 474 414 377 285 328 273 434 257 69 136 340 151 311 218 59 98 26 210 118 132 377 432 136 234 424 181 430 235 283 440 122 211 127 133 342 266 164 306 215 92 290 411 250 165 472 197 300 122 91 448 94 254 205 107 182 275 135 407 364 259 319 312 474 110 117 134 345 337 353 205 281 315 236 68 353 292 259 359 348 338 148 277 173 362 334 346 399 306 130 333 108 33 391 263 188 261 300 125 194 247 360 416 349 244 208 202 440 410 296 360 139 75 299 151 361 115 305 274 349 343 227
 86 242 114 216 42 239 77 167 196 293 177 39 231 299 110 84 224 197 289 31 306 361 241 162 123 357 317 82 388 204 282 1 89 189 299 124 106 58 201 208 220 134 171 69 225 280 203 250 110 147 143 84 75 283 307 171 308 352 292 280 78 292 162 177 280 247 305 243 381 100 79 300 288 58 202 161 235 176 207 291 47 380 72 242 172 349 210 93 313 281 205 231 183 199 264 346 49 111 103 288 55 254 209 101 230 269 85 228 73 160 162 49 134 12 374 296 340 163 147 107 326 216 245 288 200 284 166 233 301 107 157 170 195 309 340 269 106 317 288 178 138 83 259 94 170 283 279 248 114 96 210 35 110 373 209 209 298 115 144 204 286 131 247 236 162 193 175 13 174 332 128 225 196 297 188 185 211 205 87 251 202 104 33 223 79 287 107 234 294 171 148 93 217 275 272 265 104 166 299 255 247 171 157 179 201 218 259 248 198 295 74 159 157 174 54 174 96 292 192 67 155 231 140 249 189 55 184 193 234 200 173 263 201 115 175 183 138 153 128 358 385 278 232 189 151 119 369 352 170 339 351 149 243 81 287 100 78 139 62 136 51 129 308 225 226 209 301 218 110 182 271 319 51 121 165 366 180 178 264 281 282 67 88 90 205 299 148 17 174 146 221 127 254 381 294 232 362 99 225 162
 142 202 34 285 57 323 56 251 253 378 100 63 209 235 23 6 258 125 361 117 324 375 321 129 85 378 348 169 414 244 365 89 1 145 383 54 181 142 145 263 245 155 164 157 173 223 290 267 194 220 103 20 120 333 356 216 362 366 317 262 116 342 248 205 224 242 330 297 402 144 36 237 371 34 277 190 315 207 260 292 46 404 159 317 150 382 152 139 320 298 217 174 200 269 281 382 41 198 153 321 104 329 255 186 162 253 94 287 72 83 227 134 217 90 395 296 361 203 135 194 373 302 222 353 125 367 218 193 328 55 210 233 134 321 383 284 85 371 334 261 225 91 270 98 97 323 348 303 202 74 236 64 66 393 296 254 342 200 181 280 349 59 331 321 145 280 255 101 252 339 137 261 161 305 266 142 283 209 10 182 147 17 105 222 150 252 141 321 357 153 222 88 258 351 342 346 191 251 363 237 198 243 195 106 254 159 296 268 123 361 162 239 235 156 104 236 95 337 275 130 78 261 211 180 238 111 272 277 172 286 201 309 275 188 193 252 52 114 157 382 415 220 301 263 232 85 389 364 218 371 374 187 319 17 308 175 30 108 68 222 93 200 308 221 216 166 320 284 85 268 357 310 131 188 190 396 254 229 297 276 253 43 169 178 252 265 66 73 144 227 299 131 313 396 361 242 400 52 216 203
 168 59 162 282 184 360 198 293 233 413 83 189 76 117 131 148 197 71 353 217 223 265 340 32 68 277 264 261 318 197 391 189 145 1 414 93 218 213 27 237 171 120 76 238 37 94 351 176 247 240 47 130 150 282 303 186 315 255 229 128 250 291 297 152 92 124 240 260 300 151 179 118 400 164 290 145 335 156 229 174 171 304 235 323 47 298 35 271 206 201 131 48 130 273 188 302 164 264 163 244 154 334 213 282 70 120 113 262 213 86 230 235 265 182 293 177 261 170 66 264 313 348 87 329 78 390 197 49 241 92 196 230 39 213 316 186 228 322 276 298 285 114 170 105 75 258 337 268 283 94 167 187 84 289 343 212 280 296 154 294 323 91 366 358 56 334 287 198 277 223 101 201 26 195 289 7 287 113 153 86 26 134 219 114 267 108 137 369 331 55 244 101 208 356 332 367 283 299 338 105 58 256 161 73 226 41 230 180 75 340 238 274 263 55 155 230 101 278 310 253 90 192 228 83 207 236 335 318 58 337 148 256 285 218 129 257 123 38 133 284 325 92 296 274 270 71 287 253 192 287 277 158 329 135 216 289 173 53 206 276 149 222 188 110 99 23 222 274 81 321 394 180 239 207 138 308 266 205 225 154 112 183 275 262 212 122 104 177 33 267 317 93 284 286 343 145 321 99 100 170
