NAME : domp180p45v5
COMMENT : (Deleplanque et al.) 
TYPE : DOMP
DIMENSION : 180
DISPLAY_DATA_TYPE: NO_DISPLAY
OPEN_FACILITIES : 45
COST_SECTION
 1 82 253 173 140 342 268 136 296 172 190 166 117 168 216 184 171 187 104 178 253 134 126 199 130 109 300 175 215 250 108 94 109 105 109 180 56 87 149 183 130 63 217 64 217 184 200 269 330 164 257 213 123 84 131 24 75 269 216 106 191 70 106 78 12 88 123 215 134 141 257 152 213 98 257 258 246 113 159 108 305 145 59 232 195 230 157 53 76 35 171 223 226 175 30 128 228 208 87 159 133 198 161 187 222 300 153 265 264 44 231 179 190 70 51 58 213 285 196 168 288 142 115 89 133 271 268 48 288 174 73 176 144 167 14 195 80 226 59 91 74 221 59 227 237 280 23 213 155 35 160 72 176 133 72 188 131 26 183 102 252 237 143 265 213 240 175 215 42 226 147 207 173 294 216 138 64 223 197 305
 82 1 181 132 190 291 206 73 231 153 199 105 184 87 179 207 145 221 185 143 174 206 166 153 59 109 256 170 173 174 167 62 161 169 80 139 30 139 148 216 159 124 147 101 136 107 156 194 273 176 179 271 48 117 148 93 131 196 245 73 126 74 66 99 71 163 78 151 93 145 216 124 225 173 193 181 177 182 79 186 230 112 105 157 196 152 218 134 157 103 219 153 205 158 70 99 148 253 96 206 175 236 95 105 165 226 182 198 236 43 277 165 236 60 48 104 160 204 115 206 215 106 194 33 203 223 188 78 216 135 10 203 97 91 77 234 135 163 116 155 96 167 45 224 156 210 104 160 137 116 151 124 242 159 43 107 129 102 164 140 171 158 114 192 247 171 151 151 104 279 168 161 193 245 182 132 62 142 233 238
 253 181 1 120 294 342 251 194 259 296 358 205 316 128 288 374 151 394 344 268 50 384 343 257 124 193 331 193 115 24 292 166 340 348 160 257 209 319 306 388 245 303 37 280 80 78 107 26 313 228 163 450 134 232 224 270 310 198 414 159 67 200 154 217 242 340 139 50 137 202 307 264 383 349 236 168 208 317 141 335 55 141 285 27 348 50 333 304 326 258 311 32 331 301 229 248 61 332 204 384 352 306 94 100 238 48 354 230 346 210 452 175 320 236 228 284 247 115 89 381 212 138 345 200 382 299 60 222 36 257 188 264 124 92 243 307 266 225 257 290 217 79 196 369 69 32 272 81 284 283 303 257 422 242 183 97 291 264 303 318 104 52 148 196 418 21 288 51 283 458 338 261 360 314 296 185 240 83 300 254
 173 132 120 1 177 390 298 187 315 282 330 213 205 146 298 336 34 347 243 266 151 303 289 268 85 82 364 77 44 132 180 81 277 277 65 259 150 254 279 343 127 233 90 221 144 104 29 144 366 109 231 385 98 124 106 194 244 262 373 68 62 105 70 113 164 258 55 71 41 83 330 251 356 267 282 236 257 207 152 230 172 29 221 114 327 133 217 217 235 165 192 92 330 287 144 227 139 213 99 326 297 188 63 135 266 164 309 281 358 137 398 60 201 188 170 220 268 213 133 330 280 32 241 163 303 331 167 130 148 256 134 146 36 98 160 188 158 259 155 182 114 55 117 354 152 135 185 48 266 194 281 151 348 124 106 133 260 174 292 262 188 141 34 258 373 100 278 69 211 396 297 275 322 351 303 67 189 152 181 316
 140 190 294 177 1 475 395 260 420 310 324 292 50 265 353 312 151 307 114 315 317 207 249 333 201 104 436 120 203 302 37 147 226 208 143 315 177 208 287 305 51 184 260 200 294 252 198 317 460 84 362 302 204 75 72 156 197 383 338 147 230 119 155 93 143 174 164 245 161 96 393 290 345 178 381 365 365 57 261 91 347 154 192 283 332 294 41 138 137 106 32 264 365 314 128 265 297 69 101 271 254 63 211 271 351 340 280 387 403 153 335 136 51 206 183 191 344 368 276 286 402 157 99 213 211 405 333 114 324 310 183 64 174 238 133 60 61 351 82 56 96 229 146 363 309 311 128 223 294 124 299 70 255 54 151 271 270 117 321 231 337 303 147 379 330 275 313 244 171 320 279 341 303 428 353 111 201 302 65 427
 342 291 342 390 475 1 94 219 85 187 228 187 458 245 132 262 416 293 432 168 295 389 297 145 309 398 51 451 419 319 447 348 319 346 362 164 299 317 223 288 449 328 335 298 267 294 402 331 33 464 180 379 299 405 438 334 321 146 284 356 343 364 347 389 336 370 351 358 364 432 92 194 234 377 110 175 137 454 239 444 349 384 308 321 208 294 498 372 392 375 506 339 149 187 348 216 283 541 386 319 302 525 329 260 128 354 275 113 114 324 344 441 524 273 294 308 133 245 267 299 136 377 449 264 382 73 292 363 359 169 296 492 360 295 346 523 417 133 396 432 385 393 334 194 274 367 361 389 200 370 206 407 389 449 332 263 231 367 179 293 240 291 389 147 299 351 179 359 327 370 260 136 256 50 135 417 279 261 522 94
 268 206 251 298 395 94 1 136 30 144 204 104 383 152 91 237 324 267 365 112 206 339 253 82 218 311 83 360 326 229 369 260 270 295 274 102 220 262 178 262 364 267 243 234 175 201 309 242 70 376 94 351 208 322 351 264 263 63 269 267 250 279 258 305 260 312 260 265 273 343 77 135 220 320 17 89 44 379 148 374 264 293 245 230 185 203 421 306 328 299 424 247 133 146 269 149 192 458 301 284 260 441 236 167 47 268 239 24 122 243 326 350 441 201 219 244 62 163 174 268 63 286 380 184 333 58 205 282 271 108 213 406 268 202 270 439 338 44 317 355 301 300 251 186 184 278 289 296 149 299 163 327 350 364 247 170 179 293 140 241 153 200 298 62 281 259 133 266 261 348 221 76 226 65 100 328 207 170 437 44
 136 73 194 187 260 219 136 1 162 104 165 34 249 68 112 184 207 206 237 81 169 232 165 84 102 180 185 237 224 179 234 131 171 189 147 73 85 155 114 201 231 150 168 118 125 119 206 199 202 247 127 275 90 188 220 136 151 135 223 140 159 145 132 171 127 196 139 181 154 215 146 72 191 205 123 128 111 246 55 243 232 174 128 168 155 151 286 179 203 165 289 174 146 109 134 56 143 324 168 204 174 307 133 96 93 231 168 130 172 108 267 230 307 74 87 126 88 174 108 197 154 167 250 49 228 152 179 147 226 71 78 274 153 109 136 305 203 93 183 221 167 208 116 178 145 225 158 202 91 169 110 192 257 231 114 99 101 160 112 143 143 154 177 131 229 191 97 182 138 278 150 91 170 174 117 201 81 127 304 170
 296 231 259 315 420 85 30 162 1 172 231 131 410 170 118 264 343 295 394 141 211 369 282 111 238 333 91 381 341 236 395 283 299 324 295 132 246 291 207 289 388 296 254 263 185 216 325 247 55 398 97 379 229 347 374 292 292 62 295 289 264 304 280 329 287 342 281 277 293 365 98 164 246 350 40 92 59 407 168 402 265 312 274 239 212 211 447 334 356 326 449 258 158 174 296 178 200 483 325 313 289 465 253 182 76 270 268 35 141 269 353 369 466 229 246 273 91 161 187 296 53 306 408 210 362 75 208 308 275 137 238 429 287 219 297 463 364 71 344 382 326 313 276 210 191 283 316 309 178 327 191 354 379 387 271 184 208 320 168 271 157 208 318 64 308 269 161 278 290 375 249 105 254 73 127 349 236 179 461 17
 172 153 296 282 310 187 144 104 172 1 69 94 284 169 58 97 298 126 249 36 266 203 113 65 200 256 140 320 322 280 278 214 133 160 232 49 146 131 37 120 295 144 271 116 223 222 304 299 186 322 193 209 187 249 290 157 136 182 133 225 261 215 219 236 168 184 230 284 245 292 97 33 92 191 141 192 150 279 156 264 331 264 126 270 54 251 326 191 209 205 342 277 56 6 187 56 242 379 238 141 119 367 234 197 104 330 96 155 94 170 187 317 360 108 132 126 86 257 209 125 195 258 267 121 196 117 274 205 327 46 153 342 247 212 179 364 251 117 229 260 231 310 186 75 242 327 186 303 18 193 20 242 208 297 190 200 45 195 12 107 230 253 267 179 143 294 13 285 147 206 78 69 85 139 53 282 112 223 366 187
 190 199 358 330 324 228 204 165 231 69 1 161 289 232 114 35 341 66 242 104 331 173 84 130 253 290 178 357 372 343 289 255 111 137 273 116 184 120 53 61 319 142 330 127 288 282 354 362 234 352 261 152 240 273 319 170 130 248 66 267 317 248 262 264 191 170 276 341 291 326 142 97 27 173 205 259 216 283 219 261 395 309 134 332 21 315 332 191 203 222 355 336 80 65 213 111 306 392 270 94 85 385 288 260 169 395 54 218 117 203 123 356 374 144 165 135 151 324 272 73 259 303 262 169 166 166 340 233 390 114 197 366 295 270 201 382 267 183 247 270 260 363 222 44 307 389 198 356 76 201 57 260 164 322 230 263 71 210 67 96 297 318 310 245 78 354 80 342 154 146 48 133 31 184 106 318 144 289 385 247
 166 105 205 213 292 187 104 34 131 94 161 1 280 80 87 185 236 210 266 64 173 253 177 56 129 212 154 268 249 188 266 163 187 208 178 53 117 174 115 205 263 173 184 140 130 135 231 206 169 279 109 285 117 220 252 164 172 110 223 171 179 178 162 203 158 219 168 200 183 246 117 65 185 228 92 109 82 277 68 273 238 203 150 180 148 159 318 207 230 196 322 189 127 99 166 62 149 357 200 214 185 340 157 106 60 238 174 100 147 141 272 259 339 100 116 149 57 166 117 204 127 196 279 81 247 120 181 179 235 52 111 306 180 128 167 338 235 61 215 252 200 230 149 166 149 236 187 224 87 198 106 225 273 263 147 109 106 191 100 158 138 161 207 106 231 205 85 201 164 286 155 63 171 142 93 232 107 130 337 140
 117 184 316 205 50 458 383 249 410 284 289 280 1 267 331 274 184 265 65 293 332 159 211 315 210 125 416 160 237 321 26 156 185 165 158 295 165 171 257 264 88 148 281 169 304 264 229 338 446 128 362 255 209 85 106 128 160 379 296 160 251 123 167 101 124 130 180 269 180 131 372 268 309 133 371 364 358 8 261 42 370 179 160 301 299 309 44 99 93 85 74 285 338 287 116 244 310 108 114 228 214 110 227 278 338 363 242 378 377 143 289 174 91 186 166 160 328 378 285 245 398 180 49 201 164 387 348 108 348 290 176 113 194 248 114 105 53 340 69 30 102 259 143 330 321 336 99 252 268 92 270 63 207 92 152 279 241 92 295 195 345 317 172 375 288 299 288 268 139 272 243 323 266 410 331 141 180 312 112 418
 168 87 128 146 265 245 152 68 170 169 232 80 267 1 165 251 174 273 271 142 102 285 227 134 70 169 222 211 176 112 247 120 230 244 129 131 114 211 182 267 226 201 105 172 58 56 159 131 220 231 98 337 63 191 210 177 205 122 290 123 103 147 114 173 157 244 113 122 124 198 191 137 257 254 137 101 113 265 14 271 165 143 180 102 222 84 298 218 242 188 291 110 206 174 155 123 76 323 165 268 237 302 85 29 123 164 234 137 225 128 333 200 307 125 126 178 128 119 41 262 141 136 280 89 281 188 113 159 159 131 96 264 118 52 163 301 216 114 199 238 171 154 125 242 79 158 190 149 158 202 177 205 315 225 116 32 168 188 176 204 86 87 149 118 296 127 161 123 184 342 216 139 236 207 172 181 131 62 297 173
 216 179 288 298 353 132 91 112 118 58 114 87 331 165 1 147 318 177 302 39 251 260 170 32 213 286 86 347 334 269 322 240 190 217 256 41 180 187 94 172 332 198 269 167 210 220 316 286 128 353 159 262 201 286 324 205 191 140 178 250 265 248 242 271 211 240 250 286 265 322 42 65 130 247 93 156 109 327 154 315 315 285 178 263 95 240 372 242 262 249 384 274 48 58 226 89 230 420 271 197 176 407 242 190 61 316 152 107 61 205 236 340 402 148 171 178 45 228 200 179 148 278 319 148 253 60 256 243 315 45 181 377 264 214 222 404 293 77 272 306 267 316 218 98 227 318 233 310 69 241 77 284 265 333 219 193 101 241 52 163 207 240 288 137 191 290 49 287 197 258 134 28 137 83 10 309 153 209 405 134
 184 207 374 336 312 262 237 184 264 97 35 185 274 251 147 1 344 32 222 132 352 145 64 160 264 289 212 356 379 361 276 259 90 114 276 145 188 105 71 27 312 129 345 122 308 298 361 381 268 347 288 118 251 267 314 162 116 278 40 271 329 247 267 260 187 149 282 354 296 323 176 120 38 150 236 287 246 267 237 242 415 313 126 349 55 334 316 176 184 213 342 351 114 94 209 129 326 379 267 63 62 374 299 279 199 413 33 250 150 204 91 357 361 149 168 127 182 349 291 41 290 308 242 179 138 200 361 229 408 141 203 358 302 285 196 370 257 213 238 257 256 373 224 74 328 405 188 366 99 189 81 251 131 315 233 282 84 201 98 84 321 337 313 275 48 369 108 354 145 112 40 164 15 218 139 317 148 309 374 280
 171 145 151 34 151 416 324 207 343 298 341 236 184 174 318 344 1 352 228 285 184 297 292 290 108 67 388 44 54 164 159 86 278 274 68 279 158 255 290 348 101 232 122 225 176 135 48 175 393 78 262 382 120 108 80 193 244 291 379 74 95 101 80 101 163 252 69 102 55 56 352 268 366 261 309 266 285 187 178 213 202 35 224 146 339 165 191 210 226 156 163 124 348 303 142 243 172 182 88 328 300 156 92 165 291 194 315 309 377 141 400 28 171 198 177 223 291 245 164 334 310 41 223 177 297 355 200 125 177 276 146 114 57 127 158 157 141 285 142 164 104 79 121 368 185 163 179 74 281 187 295 136 343 98 112 164 271 167 308 266 220 173 32 288 378 131 295 101 211 395 304 297 330 375 322 44 198 184 150 345
 187 221 394 347 307 293 267 206 295 126 66 210 265 273 177 32 352 1 209 161 374 125 62 190 279 294 243 361 390 382 270 268 82 102 286 173 199 102 97 7 312 127 363 128 330 317 373 402 299 349 316 87 267 269 316 164 114 307 32 281 345 253 278 263 191 137 293 370 307 327 207 147 64 136 266 315 275 259 259 231 436 323 130 368 86 355 307 170 174 213 336 369 145 123 214 152 347 372 272 41 55 369 315 300 229 434 40 279 181 212 63 363 354 163 178 131 211 375 312 21 319 318 230 196 117 231 384 233 428 169 216 356 314 303 199 365 254 242 237 252 259 387 232 103 350 424 187 380 127 186 109 250 104 315 242 303 107 200 128 87 346 359 322 304 27 387 138 371 146 81 58 194 42 249 170 323 160 332 370 310
 104 185 344 243 114 432 365 237 394 249 242 266 65 271 302 222 228 209 1 265 351 96 159 290 226 164 386 213 280 345 82 178 133 109 186 270 159 124 218 208 143 106 307 135 317 281 270 363 424 185 360 191 221 121 158 103 116 372 240 186 279 145 190 132 115 74 206 300 211 180 343 239 258 74 355 361 347 58 262 25 397 215 125 325 254 328 101 61 41 87 138 313 300 251 119 219 327 170 145 171 161 174 251 288 319 391 191 364 340 144 227 224 154 166 152 125 307 387 297 189 390 215 22 192 101 360 366 122 378 265 176 175 224 265 109 169 89 324 89 69 130 296 152 284 336 367 82 289 235 70 233 94 143 147 165 289 205 84 259 149 354 335 210 367 230 328 255 300 106 209 196 298 216 383 299 187 159 324 177 404
 178 143 268 266 315 168 112 81 141 36 104 64 293 142 39 132 285 161 265 1 236 230 142 31 182 250 124 311 304 251 284 204 160 185 221 14 142 153 68 155 294 162 245 131 193 196 286 269 161 317 158 242 169 248 287 167 156 147 168 214 238 211 207 233 172 206 216 260 231 286 80 27 126 213 108 156 115 289 130 277 300 251 142 242 88 222 334 205 226 211 346 251 66 40 188 51 212 382 234 174 149 369 213 169 69 300 130 121 94 167 222 306 364 110 132 141 52 222 180 159 160 244 282 111 223 96 242 205 298 12 145 340 231 188 183 366 255 82 234 268 229 288 181 103 211 298 195 282 38 204 53 246 239 295 183 172 69 203 38 131 197 223 254 144 179 267 25 261 160 240 111 37 120 119 40 274 115 193 367 155
 253 174 50 151 317 295 206 169 211 266 331 173 332 102 251 352 184 374 351 236 1 379 328 221 126 214 287 227 157 27 309 177 329 340 176 224 203 309 282 368 270 296 64 269 45 71 146 37 265 258 116 437 131 249 250 267 302 150 391 173 91 211 166 232 242 336 154 87 157 229 267 236 356 346 191 121 163 332 116 346 65 166 276 40 320 24 354 305 328 265 337 63 296 271 233 223 28 361 220 368 337 337 106 75 197 66 335 184 307 210 434 210 348 223 220 275 208 67 63 363 163 162 356 186 376 256 17 230 67 225 183 295 144 87 245 337 280 183 268 304 231 122 199 338 26 73 274 122 257 286 276 270 413 267 187 72 268 269 272 304 56 17 174 149 397 65 257 88 277 443 317 224 337 270 259 212 228 44 331 206
 134 206 384 303 207 389 339 232 369 203 173 253 159 285 260 145 297 125 96 230 379 1 93 259 261 231 340 291 345 379 172 227 71 46 240 238 178 80 168 126 227 85 349 116 339 312 331 399 388 269 359 97 252 194 238 116 82 361 154 238 324 199 239 197 144 46 256 348 265 256 299 206 183 37 333 359 332 152 273 120 434 275 107 362 190 357 196 87 75 141 232 355 245 204 161 194 353 265 209 86 90 268 293 308 294 430 120 345 285 176 133 299 249 162 161 108 279 402 319 107 378 273 115 197 9 320 393 175 419 233 198 265 276 296 145 264 168 303 158 156 194 353 192 216 360 412 119 345 193 111 184 168 50 231 205 310 162 130 211 99 369 363 272 357 142 372 213 348 103 114 132 266 144 341 255 258 155 344 270 382
 126 166 343 289 249 297 253 165 282 113 84 177 211 227 170 64 292 62 159 142 328 93 1 172 225 234 248 300 332 334 213 209 27 54 226 152 142 42 77 58 252 67 311 69 285 267 315 353 297 288 285 111 213 208 255 104 54 282 91 222 291 193 219 203 131 87 235 316 248 267 207 121 100 89 248 284 251 204 214 180 388 264 69 318 99 308 253 113 121 153 279 317 153 113 153 116 301 316 211 41 10 311 260 254 209 386 33 261 193 153 111 303 298 109 121 71 193 337 266 43 297 259 180 145 86 229 339 173 378 147 160 297 256 252 139 308 195 220 177 195 199 331 173 128 306 373 127 323 105 127 94 190 98 255 184 257 75 140 120 27 306 312 263 279 87 335 123 316 85 116 40 178 57 250 164 262 105 288 312 296
 199 153 257 268 333 145 82 84 111 65 130 56 315 134 32 160 290 190 290 31 221 259 172 1 184 261 105 319 304 238 304 213 189 214 229 22 157 182 98 184 309 189 237 157 179 189 286 255 134 328 133 272 172 264 300 191 184 119 195 222 234 224 214 248 192 233 221 255 236 296 64 54 150 241 78 131 87 310 123 301 284 256 168 231 113 209 355 230 252 231 364 243 77 67 205 73 199 400 247 204 179 385 212 159 40 286 159 91 92 182 251 312 382 130 151 167 23 200 169 188 131 249 306 123 252 73 226 221 284 27 156 354 235 183 203 382 274 54 253 288 244 285 194 123 196 287 217 279 68 227 83 264 269 309 194 162 98 224 64 161 177 209 260 116 206 258 53 256 185 270 141 9 149 96 40 283 136 178 382 125
 130 59 124 85 201 309 218 102 238 200 253 129 210 70 213 264 108 279 226 182 126 261 225 184 1 102 281 144 123 121 188 56 219 225 62 175 86 197 201 274 159 180 89 159 96 57 105 140 286 162 165 329 14 129 143 146 188 190 302 56 68 87 47 111 119 216 44 93 56 129 246 169 279 226 203 168 180 209 71 221 175 76 163 103 248 103 236 182 205 140 226 95 247 206 108 146 102 256 101 264 234 234 37 71 184 171 240 204 273 87 335 133 240 118 106 162 184 169 77 264 210 69 231 85 258 247 142 105 160 172 66 195 52 40 121 233 158 177 144 181 109 111 74 274 113 152 150 104 185 161 202 147 299 158 62 71 183 144 210 198 138 110 81 187 305 113 195 93 160 338 225 191 249 268 218 113 121 103 230 241
 109 109 193 82 104 398 311 180 333 256 290 212 125 169 286 289 67 294 164 250 214 231 234 261 102 1 364 68 118 200 100 51 217 211 41 247 111 195 243 290 59 171 158 168 192 150 107 215 378 68 265 319 107 44 42 132 183 289 322 47 128 43 56 35 104 187 62 145 58 37 324 229 315 195 296 269 276 127 168 150 247 54 165 180 292 191 142 145 160 91 126 162 309 261 81 203 194 155 23 267 241 134 109 171 271 239 259 299 343 89 338 71 140 150 127 164 268 266 175 275 309 56 160 140 232 331 230 62 224 243 106 96 71 136 96 132 77 268 77 101 38 135 71 322 207 212 115 128 239 122 250 71 278 57 68 171 224 103 267 209 236 200 49 286 320 175 255 144 150 332 250 269 276 353 289 30 148 200 129 338
 300 256 331 364 436 51 83 185 91 140 178 154 416 222 86 212 388 243 386 124 287 340 248 105 281 364 1 421 397 309 406 315 271 298 331 122 261 269 174 238 412 282 319 252 253 275 379 323 62 431 176 329 270 367 403 290 274 145 235 324 323 327 315 352 294 323 321 340 335 399 45 149 185 329 97 171 125 411 214 399 346 355 263 308 159 282 456 327 346 333 467 324 99 138 309 173 271 503 350 270 253 488 305 241 99 349 226 106 65 286 295 412 485 232 254 262 98 245 249 250 141 348 404 227 333 35 287 325 353 127 260 457 332 273 305 486 377 109 355 390 348 374 298 145 264 359 318 369 153 326 158 367 339 413 297 244 184 325 131 245 234 280 360 144 250 337 132 341 282 321 210 96 206 19 88 385 237 249 486 105
 175 170 193 77 120 451 360 237 381 320 357 268 160 211 347 356 44 361 213 311 227 291 300 319 144 68 421 1 87 207 136 108 283 275 91 307 176 261 309 357 74 237 165 235 218 176 88 218 429 39 302 382 153 99 56 198 249 331 389 98 138 110 106 99 171 249 101 144 88 36 382 292 382 256 345 307 323 165 214 195 243 70 232 189 358 208 160 207 218 154 127 167 373 325 148 266 214 141 90 333 308 115 133 205 325 234 326 347 405 155 404 19 132 216 193 231 323 288 205 342 350 76 205 202 293 387 242 129 218 303 168 74 95 167 163 116 126 319 134 145 103 119 137 388 227 203 179 114 304 184 316 124 339 70 131 204 290 166 331 276 262 216 64 327 387 173 319 143 217 396 318 327 344 408 350 40 214 226 109 383
 215 173 115 44 203 419 326 224 341 322 372 249 237 176 334 379 54 390 280 304 157 345 332 304 123 118 397 87 1 133 212 124 320 319 107 296 192 297 320 385 153 276 95 264 161 126 19 139 393 125 252 427 136 160 133 237 286 284 416 111 78 146 113 151 206 300 98 71 84 108 364 291 398 308 310 257 284 240 184 266 160 71 264 118 368 142 243 258 275 205 212 95 369 327 186 267 151 227 138 369 340 201 93 160 299 151 352 308 394 180 441 69 219 231 213 263 302 222 155 373 302 74 276 204 345 363 170 171 134 294 177 160 78 125 202 202 193 290 193 216 153 36 160 395 164 119 226 36 307 235 322 187 389 150 149 158 302 215 332 305 202 149 73 282 416 95 317 70 254 439 339 311 365 382 340 96 232 169 194 340
 250 174 24 132 302 319 229 179 236 280 343 188 321 112 269 361 164 382 345 251 27 379 334 238 121 200 309 207 133 1 298 168 332 342 165 239 203 311 293 377 254 297 44 272 60 69 124 21 290 240 140 442 128 238 234 265 304 175 401 162 73 202 156 221 239 336 143 65 143 212 287 248 369 345 214 145 186 322 126 338 56 150 278 21 333 30 341 302 325 259 321 41 313 285 228 234 40 344 209 374 343 319 95 84 217 53 343 207 326 207 442 190 332 227 221 277 227 92 72 370 188 147 348 190 377 278 39 223 48 240 183 277 130 85 241 319 270 204 260 294 221 98 194 353 46 50 270 99 269 281 288 261 415 252 182 81 278 263 286 309 81 30 157 173 406 40 271 66 278 448 326 242 347 292 277 195 232 62 313 231
 108 167 292 180 37 447 369 234 395 278 289 266 26 247 322 276 159 270 82 284 309 172 213 304 188 100 406 136 212 298 1 134 189 171 134 285 151 172 253 268 64 148 257 165 282 242 204 314 433 105 343 267 188 61 82 122 161 362 301 137 227 102 144 78 113 138 156 245 156 106 363 259 310 142 357 346 342 30 242 61 346 154 157 278 297 286 53 102 101 74 67 261 332 281 101 234 288 104 90 235 218 100 204 257 325 339 244 363 371 127 299 150 86 176 154 157 316 356 263 250 381 155 70 187 176 376 325 90 324 280 159 95 169 226 102 96 33 326 53 20 80 233 124 328 299 312 93 227 261 89 265 44 221 68 132 258 236 83 289 195 324 294 148 358 294 274 281 244 136 284 243 312 267 399 322 116 170 290 101 403
 94 62 166 81 147 348 260 131 283 214 255 163 156 120 240 259 86 268 178 204 177 227 209 213 56 51 315 108 124 168 134 1 198 198 19 200 73 175 205 264 107 154 130 141 150 109 108 186 328 117 217 305 58 75 92 115 164 240 295 14 102 35 14 57 85 181 30 124 41 85 276 185 281 191 246 220 226 156 118 171 220 55 142 149 254 154 182 142 163 93 172 135 266 219 67 159 155 203 47 247 218 183 74 126 221 214 231 249 297 57 319 104 187 112 92 141 218 224 131 251 260 51 181 94 226 282 193 57 201 196 62 147 50 94 82 182 104 218 92 128 55 128 38 283 166 191 109 120 197 120 210 94 269 106 27 126 186 100 225 183 192 162 56 236 294 151 212 124 132 316 219 221 245 304 243 71 112 157 179 288
 109 161 340 277 226 319 270 171 299 133 111 187 185 230 190 90 278 82 133 160 329 71 27 189 219 217 271 283 320 332 189 198 1 28 214 169 134 24 98 80 231 47 306 61 286 265 304 352 318 269 295 111 208 189 236 86 35 295 113 210 285 178 208 185 116 60 225 310 237 249 229 136 126 63 264 295 265 179 217 154 387 251 57 316 125 307 227 88 95 133 255 313 177 134 137 127 302 291 195 51 29 288 254 255 225 384 59 276 217 141 123 287 274 107 114 59 210 343 267 62 311 247 153 144 64 250 341 156 375 164 154 275 246 249 122 284 173 235 156 171 181 322 161 154 307 370 107 314 123 105 115 169 87 234 173 258 92 120 141 30 311 313 250 291 107 331 143 310 68 120 66 196 84 271 185 246 102 290 289 313
 105 169 348 277 208 346 295 189 324 160 137 208 165 244 217 114 274 102 109 185 340 46 54 214 225 211 298 275 319 342 171 198 28 1 213 193 141 35 125 101 218 46 314 73 299 274 304 362 344 258 314 109 216 179 225 84 40 317 133 210 290 174 209 177 114 36 226 315 237 240 256 161 151 37 288 315 287 158 232 130 397 250 65 325 152 318 206 72 73 123 236 320 204 161 134 149 314 272 189 65 54 270 259 268 249 394 85 299 245 143 131 281 254 120 122 67 234 359 279 82 333 246 129 156 40 276 353 151 384 188 161 261 247 258 118 266 159 258 144 153 174 324 162 181 320 377 97 316 149 93 141 156 74 222 174 270 118 110 168 55 327 324 247 313 124 337 169 315 67 122 93 221 110 298 212 239 114 304 272 337
 109 80 160 65 143 362 274 147 295 232 273 178 158 129 256 276 68 286 186 221 176 240 226 229 62 41 331 91 107 165 134 19 214 213 1 216 91 191 223 281 99 169 124 159 153 110 92 181 342 104 225 321 68 74 82 130 180 250 312 8 95 43 17 58 100 195 23 115 27 71 292 202 299 204 259 229 238 158 129 176 214 38 159 145 272 153 179 155 174 103 166 129 283 237 81 177 156 195 45 263 235 174 71 131 236 208 248 261 314 74 335 86 180 130 110 157 234 227 135 268 269 34 186 112 240 297 192 67 194 213 79 135 39 96 96 173 106 231 98 131 58 114 54 301 168 183 122 107 215 131 228 97 284 98 45 131 204 112 242 200 196 162 38 246 312 144 229 115 148 332 237 237 263 319 260 55 130 160 169 299
 180 139 257 259 315 164 102 73 132 49 116 53 295 131 41 145 279 173 270 14 224 238 152 22 175 247 122 307 296 239 285 200 169 193 216 1 141 161 79 167 293 168 235 136 181 186 278 257 155 314 146 254 162 247 284 171 163 135 181 210 229 208 202 232 174 213 210 251 225 282 80 34 138 220 97 144 103 291 119 281 288 245 147 231 101 210 336 210 231 212 346 241 76 53 188 53 201 382 232 185 159 368 205 158 58 289 141 110 100 166 235 300 364 111 133 146 42 210 169 170 148 239 286 108 232 92 230 204 286 6 141 338 225 178 184 365 256 70 234 269 228 280 178 115 199 287 198 273 49 207 65 246 249 293 179 161 78 204 51 140 184 212 249 132 191 257 38 252 165 252 122 30 132 115 45 270 117 181 365 145
 56 30 209 150 177 299 220 85 246 146 184 117 165 114 180 188 158 199 159 142 203 178 142 157 86 111 261 176 192 203 151 73 134 141 91 141 1 112 134 194 153 96 174 75 164 135 176 222 284 177 202 244 76 108 146 65 103 216 224 85 152 70 81 92 45 135 96 177 110 147 219 120 209 144 207 204 194 162 104 162 258 127 78 185 183 180 202 106 130 81 207 180 200 151 51 94 177 243 93 181 151 228 121 133 175 254 161 214 234 26 252 174 225 41 22 77 168 231 144 183 235 121 170 37 175 229 217 65 244 136 21 199 116 119 53 226 119 176 99 137 88 190 41 213 185 237 78 182 129 90 140 109 214 154 47 135 115 78 157 115 198 187 127 212 225 198 146 177 76 253 148 166 174 252 181 137 41 170 226 254
 87 139 319 254 208 317 262 155 291 131 120 174 171 211 187 105 255 102 124 153 309 80 42 182 197 195 269 261 297 311 172 175 24 35 191 161 112 1 97 99 211 26 285 40 267 244 282 331 313 248 280 133 186 168 215 64 13 282 132 187 263 155 186 163 93 55 202 288 214 227 226 128 139 61 255 280 253 164 198 142 367 228 35 295 132 287 213 72 84 112 239 291 179 132 115 115 282 275 172 73 48 270 232 236 216 363 73 266 219 119 145 265 257 87 92 36 201 326 247 82 299 224 143 124 74 246 321 134 354 156 132 256 223 228 100 267 154 225 136 154 159 299 138 162 288 348 86 292 119 86 113 149 106 214 150 238 87 99 140 26 293 293 227 278 127 309 139 288 46 143 74 189 96 268 183 224 81 271 271 304
 149 148 306 279 287 223 178 114 207 37 53 115 257 182 94 71 290 97 218 68 282 168 77 98 201 243 174 309 320 293 253 205 98 125 223 79 134 97 1 91 276 113 278 89 238 230 302 312 221 306 220 176 188 230 274 132 103 213 110 217 265 201 212 219 148 151 225 289 240 279 132 51 79 156 175 219 181 251 168 234 345 258 98 281 50 264 299 161 177 182 318 285 83 37 168 60 256 355 223 107 83 346 236 210 136 344 63 188 124 155 159 307 337 94 117 98 119 279 222 92 226 252 236 117 160 153 291 188 339 75 146 323 243 218 158 343 228 148 207 235 214 311 173 80 258 337 161 304 31 166 18 220 173 278 180 213 20 171 44 72 251 268 259 209 118 302 47 290 119 175 44 103 57 175 89 270 96 240 345 221
 183 216 388 343 305 288 262 201 289 120 61 205 264 267 172 27 348 7 208 155 368 126 58 184 274 290 238 357 385 377 268 264 80 101 281 167 194 99 91 1 309 124 358 124 324 311 369 396 294 345 310 92 262 265 312 161 111 301 34 276 340 249 273 260 188 136 289 365 302 323 202 141 61 136 260 309 269 257 253 230 430 318 126 363 81 349 305 168 172 210 334 364 140 118 210 147 342 370 268 41 52 367 310 295 223 429 35 274 176 208 69 359 353 158 174 127 206 369 307 20 314 313 229 191 118 226 378 229 422 164 211 354 309 298 196 363 252 236 234 250 256 382 228 99 345 419 184 375 121 184 103 247 107 312 238 297 101 197 122 83 340 353 318 298 32 382 132 365 142 87 52 188 36 244 164 319 155 326 368 305
 130 159 245 127 51 449 364 231 388 295 319 263 88 226 332 312 101 312 143 294 270 227 252 309 159 59 412 74 153 254 64 107 231 218 99 293 153 211 276 309 1 186 212 193 250 207 149 268 431 43 322 321 164 48 22 151 199 346 342 104 182 86 113 62 130 188 119 196 114 47 371 271 343 194 350 326 331 92 224 123 298 105 188 235 324 248 91 147 154 100 68 215 350 299 110 245 251 98 64 280 258 78 165 229 322 290 281 354 386 128 348 88 82 188 164 187 317 324 233 292 365 109 133 186 230 380 286 91 274 288 154 47 126 194 120 76 61 321 76 75 66 179 116 355 264 261 126 173 278 127 286 63 276 5 118 229 258 113 306 230 294 256 98 342 337 226 296 195 169 337 276 317 301 403 333 61 184 258 75 393
 63 124 303 233 184 328 267 150 296 144 142 173 148 201 198 129 232 127 106 162 296 85 67 189 180 171 282 237 276 297 148 154 47 46 169 168 96 26 113 124 186 1 268 34 256 230 260 317 322 223 277 153 171 143 190 40 14 282 157 166 245 132 165 139 70 47 182 270 193 202 238 136 162 56 259 278 254 142 190 122 352 206 24 280 152 274 191 50 66 87 215 275 195 146 91 119 270 252 148 97 73 246 214 224 221 349 97 269 235 98 169 241 233 78 78 25 207 318 235 107 300 203 125 114 81 256 310 110 338 163 116 231 202 213 76 242 129 228 111 130 135 279 117 183 277 332 61 271 130 61 128 124 120 189 129 227 100 74 154 48 285 280 205 278 152 292 151 270 23 164 96 197 120 279 195 200 72 261 246 308
 217 147 37 90 260 335 243 168 254 271 330 184 281 105 269 345 122 363 307 245 64 349 311 237 89 158 319 165 95 44 257 130 306 314 124 235 174 285 278 358 212 268 1 246 71 50 83 58 308 197 162 417 99 197 191 234 276 195 384 123 31 163 118 181 206 304 103 25 101 170 292 238 356 314 227 167 200 282 116 299 91 107 251 25 322 49 299 268 290 222 278 7 309 276 193 220 58 301 168 351 320 276 57 80 223 85 323 223 328 174 420 148 289 203 193 249 230 128 71 349 211 104 309 168 346 287 79 186 72 234 154 234 88 61 207 276 230 212 221 254 181 62 159 344 70 64 235 60 258 247 276 221 387 209 146 77 262 228 278 285 108 55 115 193 388 25 263 27 248 425 307 242 330 303 276 153 207 77 270 252
 64 101 280 221 200 298 234 118 263 116 127 140 169 172 167 122 225 128 135 131 269 116 69 157 159 168 252 235 264 272 165 141 61 73 159 136 75 40 89 124 193 34 246 1 228 205 247 292 290 226 244 171 148 147 194 44 34 249 156 154 225 127 151 139 66 80 167 250 180 202 209 105 150 89 226 245 221 164 160 149 328 196 12 256 133 248 212 76 96 96 231 253 169 119 88 86 243 268 146 107 77 260 194 197 188 324 92 236 209 85 179 237 250 48 54 11 175 288 208 111 267 191 153 85 111 226 282 108 315 131 94 239 188 189 75 256 141 195 121 147 135 263 105 165 249 309 73 256 101 78 102 134 145 196 116 199 73 84 127 43 255 253 195 245 154 270 122 250 31 180 84 165 110 249 165 197 42 232 259 275
 217 136 80 144 294 267 175 125 185 223 288 130 304 58 210 308 176 330 317 193 45 339 285 179 96 192 253 218 161 60 282 150 286 299 153 181 164 267 238 324 250 256 71 228 1 44 147 77 238 245 92 394 97 223 231 228 260 126 347 148 85 182 140 205 205 297 132 94 138 214 229 192 313 307 159 97 131 304 72 314 109 152 235 56 276 31 330 268 292 232 317 74 254 228 199 179 20 345 195 325 294 322 87 32 159 109 291 154 268 174 390 203 330 181 180 234 169 75 22 319 142 146 323 144 336 221 56 199 106 182 145 281 127 58 210 321 252 146 238 276 204 131 166 295 22 109 238 128 213 250 232 242 372 248 155 30 225 234 229 261 45 31 159 123 353 86 214 95 238 399 273 183 293 236 218 196 187 9 316 182
 184 107 78 104 252 294 201 119 216 222 282 135 264 56 220 298 135 317 281 196 71 312 267 189 57 150 275 176 126 69 242 109 265 274 110 186 135 244 230 311 207 230 50 205 44 1 110 88 268 203 129 375 62 182 188 198 236 160 337 106 50 142 99 165 173 268 89 67 95 171 245 189 308 278 185 133 159 264 67 277 124 109 210 53 273 47 289 236 259 195 275 56 260 227 164 172 47 302 153 307 276 279 45 35 177 120 278 183 280 141 376 162 288 160 153 209 183 117 31 304 178 104 286 123 309 241 86 161 112 185 115 238 84 18 176 278 212 167 199 236 163 100 130 295 58 108 204 96 209 216 227 202 348 205 118 32 215 199 229 242 88 55 116 157 342 73 214 68 210 382 261 194 283 259 227 154 164 52 273 215
 200 156 107 29 198 402 309 206 325 304 354 231 229 159 316 361 48 373 270 286 146 331 315 286 105 107 379 88 19 124 204 108 304 304 92 278 176 282 302 369 149 260 83 247 147 110 1 132 377 124 237 412 118 150 127 222 271 269 399 96 63 133 97 140 191 286 81 60 68 103 346 273 380 295 293 242 268 232 166 256 156 57 248 107 350 130 238 245 263 192 210 84 351 309 172 250 138 228 126 353 324 202 76 144 281 148 335 292 376 164 425 70 218 214 196 247 284 210 140 357 286 59 267 186 331 346 160 157 131 276 159 160 61 108 188 203 184 272 182 207 141 32 145 377 151 116 213 27 289 222 305 177 375 145 133 141 284 202 314 289 188 137 61 266 400 87 299 59 239 423 322 293 348 365 322 89 215 154 195 324
 269 194 26 144 317 331 242 199 247 299 362 206 338 131 286 381 175 402 363 269 37 399 353 255 140 215 323 218 139 21 314 186 352 362 181 257 222 331 312 396 268 317 58 292 77 88 132 1 301 252 151 462 148 254 248 285 323 186 420 179 88 219 174 238 258 355 159 75 159 225 302 267 388 365 227 156 199 339 145 355 37 164 298 39 352 49 356 321 343 277 334 54 330 303 247 253 58 356 225 394 363 331 113 103 233 34 363 220 342 226 461 200 344 247 241 297 244 96 91 390 198 161 365 210 396 292 41 241 31 258 202 289 145 104 260 331 287 219 277 311 238 104 213 371 61 38 289 106 288 300 307 277 435 265 200 100 298 282 305 328 91 47 171 184 426 46 290 76 297 468 345 259 367 306 294 209 252 78 324 241
 330 273 313 366 460 33 70 202 55 186 234 169 446 220 128 268 393 299 424 161 265 388 297 134 286 378 62 429 393 290 433 328 318 344 342 155 284 313 221 294 431 322 308 290 238 268 377 301 1 444 150 385 277 389 419 324 316 116 294 335 316 346 326 372 323 366 329 330 342 411 93 187 243 373 85 145 110 442 216 434 318 361 301 292 214 265 485 364 385 362 490 311 155 186 334 206 254 525 368 323 303 508 304 234 110 323 278 86 126 309 353 418 508 261 281 300 119 213 240 304 105 354 440 249 381 70 262 347 329 160 279 474 337 270 333 506 403 112 382 419 368 366 317 204 245 337 350 362 196 359 205 392 391 431 314 236 227 355 179 290 210 261 367 117 308 322 176 331 319 378 261 126 260 51 134 396 268 233 505 62
 164 176 228 109 84 464 376 247 398 322 352 279 128 231 353 347 78 349 185 317 258 269 288 328 162 68 431 39 125 240 105 117 269 258 104 314 177 248 306 345 43 223 197 226 245 203 124 252 444 1 325 362 170 81 34 186 236 352 378 110 169 108 119 89 162 228 119 178 109 34 391 295 376 235 361 329 341 133 232 164 279 94 222 221 355 238 123 187 195 137 89 200 375 326 140 269 244 105 85 318 295 80 159 229 338 270 316 364 410 153 387 56 95 215 191 221 334 317 231 329 371 100 174 207 271 398 274 120 254 310 173 38 119 192 152 80 102 334 114 117 93 155 137 385 256 239 163 150 305 166 315 102 317 39 135 228 287 150 333 265 290 246 87 348 374 208 321 177 204 377 310 336 335 420 356 51 212 253 74 402
 257 179 163 231 362 180 94 127 97 193 261 109 362 98 159 288 262 316 360 158 116 359 285 133 165 265 176 302 252 140 343 217 295 314 225 146 202 280 220 310 322 277 162 244 92 129 237 151 150 325 1 393 160 288 306 260 277 36 325 219 175 244 210 269 246 323 207 185 217 292 163 170 282 332 80 6 54 360 102 363 171 234 254 144 245 117 394 304 327 280 388 165 206 197 248 170 106 419 262 322 294 398 171 98 99 175 281 71 207 220 378 289 403 200 210 253 115 72 99 311 51 228 371 170 353 148 113 254 180 149 187 359 208 136 254 397 311 83 294 332 267 222 220 255 96 188 279 219 190 290 209 301 381 321 212 99 213 279 195 266 61 113 241 34 335 174 182 187 264 393 262 133 275 158 168 275 207 86 393 92
 213 271 450 385 302 379 351 275 379 209 152 285 255 337 262 118 382 87 191 242 437 97 111 272 329 319 329 382 427 442 267 305 111 109 321 254 244 133 176 92 321 153 417 171 394 375 412 462 385 362 393 1 318 284 330 192 143 387 100 317 395 282 317 285 222 134 333 420 345 347 293 225 147 128 349 392 356 248 324 215 497 357 167 426 172 416 291 176 168 229 328 423 231 207 242 224 411 360 296 72 102 363 364 363 311 494 114 362 266 250 49 388 344 216 224 169 294 447 375 85 401 354 210 253 92 317 449 259 485 250 264 360 354 359 226 359 261 323 249 251 281 431 269 187 415 480 204 423 206 199 190 260 49 325 281 366 181 217 212 135 416 422 355 384 84 441 220 420 174 20 133 277 126 335 255 347 211 398 366 394
 123 48 134 98 204 299 208 90 229 187 240 117 209 63 201 251 120 267 221 169 131 252 213 172 14 107 270 153 136 128 188 58 208 216 68 162 76 186 188 262 164 171 99 148 97 62 118 148 277 170 160 318 1 131 148 138 178 183 289 61 80 87 52 112 112 208 53 104 67 137 234 156 266 218 193 163 172 208 63 218 183 86 153 111 235 108 238 175 198 136 230 106 234 192 103 133 106 260 104 253 222 240 49 70 173 179 228 195 261 80 323 144 245 106 95 151 173 170 77 252 203 80 227 73 250 236 146 103 169 160 56 202 64 45 115 238 157 167 142 180 110 124 70 261 116 162 144 117 172 156 189 147 289 163 59 70 170 139 197 187 137 115 91 180 292 123 182 105 150 327 213 179 237 257 206 121 109 104 235 233
 84 117 232 124 75 405 322 188 347 249 273 220 85 191 286 267 108 269 121 248 249 194 208 264 129 44 367 99 160 238 61 75 189 179 74 247 108 168 230 265 48 143 197 147 223 182 150 254 389 81 288 284 131 1 48 106 156 309 298 77 167 45 84 19 83 151 96 186 97 64 326 225 297 159 309 291 292 86 187 107 286 96 142 218 277 226 108 109 121 57 103 202 303 253 63 199 228 137 30 238 215 122 144 199 280 279 236 314 339 83 308 107 120 141 118 141 274 297 205 249 328 97 118 142 196 336 265 44 265 243 111 94 110 167 73 119 35 279 37 59 22 178 73 309 240 253 83 171 231 87 240 29 242 50 77 199 211 70 260 185 266 234 91 305 294 215 250 185 124 299 230 272 256 359 287 67 138 231 119 353
 131 148 224 106 72 438 351 220 374 290 319 252 106 210 324 314 80 316 158 287 250 238 255 300 143 42 403 56 133 234 82 92 236 225 82 284 146 215 274 312 22 190 191 194 231 188 127 248 419 34 306 330 148 48 1 153 203 331 345 88 161 77 97 56 129 197 101 175 95 26 362 265 343 204 337 310 317 110 209 140 277 85 189 214 322 228 112 155 165 104 88 195 344 295 107 239 232 115 54 285 262 93 146 212 311 269 283 340 379 122 355 69 100 183 159 188 307 305 215 296 350 88 150 178 240 370 266 87 253 280 144 56 107 176 119 92 72 308 82 90 60 158 107 353 245 240 130 152 273 134 283 71 286 19 107 211 255 117 301 232 275 236 77 327 341 205 290 174 171 345 277 308 302 393 326 40 180 239 88 379
 24 93 270 194 156 334 264 136 292 157 170 164 128 177 205 162 193 164 103 167 267 116 104 191 146 132 290 198 237 265 122 115 86 84 130 171 65 64 132 161 151 40 234 44 228 198 222 285 324 186 260 192 138 106 153 1 52 270 193 127 209 93 127 100 31 71 144 234 155 164 246 142 193 81 254 262 245 123 166 112 320 167 38 247 177 244 170 44 68 53 187 240 211 161 52 119 241 225 109 136 110 216 179 197 218 316 131 263 250 61 208 202 206 65 52 37 206 294 208 145 289 164 117 92 114 262 281 71 305 166 85 197 164 182 37 213 98 222 78 104 96 241 79 208 249 297 30 234 141 37 144 91 156 154 92 199 115 41 168 80 261 250 165 266 190 257 162 234 19 203 126 199 151 285 204 161 58 234 216 302
 75 131 310 244 197 321 263 151 292 136 130 172 160 205 191 116 244 114 116 156 302 82 54 184 188 183 274 249 286 304 161 164 35 40 180 163 103 13 103 111 199 14 276 34 260 236 271 323 316 236 277 143 178 156 203 52 1 281 144 176 253 144 175 151 82 51 192 278 204 215 231 131 150 58 255 278 252 154 193 133 359 217 27 287 141 280 203 62 75 100 227 282 185 138 103 115 275 264 161 85 60 259 222 229 217 355 84 266 226 108 157 253 246 81 84 28 203 321 240 94 298 213 135 117 78 250 315 122 346 158 123 244 212 220 88 255 142 225 124 142 147 289 127 172 281 339 74 281 123 74 119 137 113 202 139 231 92 87 146 35 288 286 216 277 140 300 143 278 34 154 84 191 107 272 187 212 75 265 259 304
