NAME : domp160p40v6
COMMENT : (Deleplanque et al.) 
TYPE : DOMP
DIMENSION : 160
DISPLAY_DATA_TYPE: NO_DISPLAY
OPEN_FACILITIES : 40
COST_SECTION
 1 280 332 115 292 211 188 221 80 288 251 250 378 219 212 341 305 260 21 398 83 223 203 162 332 29 199 112 201 344 145 137 190 331 311 283 116 370 56 185 373 182 369 149 263 306 274 181 139 258 53 231 187 163 240 270 347 345 355 328 77 322 198 273 74 55 371 345 109 139 339 102 56 394 120 178 261 226 187 356 252 173 184 348 218 289 292 163 193 321 259 232 179 224 288 322 90 388 220 104 328 301 14 245 83 249 135 135 191 90 188 340 133 22 175 104 198 390 236 306 120 226 33 133 175 53 234 92 96 332 299 371 32 331 350 241 379 399 230 293 351 83 132 193 270 392 73 94 191 258 240 275 104 140 77 348 200 25 347 89
 280 1 73 182 104 125 145 69 228 250 108 201 180 73 122 82 42 114 272 146 223 153 207 220 164 287 110 176 270 196 147 306 305 117 121 122 375 96 239 196 123 133 90 200 219 190 167 143 285 113 328 68 200 151 129 104 106 86 227 57 209 89 99 332 234 247 109 162 273 265 171 268 328 170 253 104 77 269 226 104 34 206 99 70 95 228 87 119 203 105 198 146 138 80 47 43 235 111 132 268 53 102 288 128 201 134 258 268 162 286 183 137 156 260 230 233 304 153 253 84 167 175 256 151 130 321 187 192 314 66 63 135 310 81 112 88 121 180 224 84 99 314 238 167 46 127 239 188 240 174 180 324 287 171 306 112 130 266 173 287
 332 73 1 223 74 140 216 113 269 230 105 272 116 114 138 115 93 184 321 75 285 156 279 290 222 334 139 236 278 148 189 332 318 168 78 188 434 45 285 208 51 161 73 269 290 156 146 168 309 104 376 102 271 182 200 172 145 14 286 25 257 34 168 327 275 292 41 216 304 289 228 334 383 100 320 159 147 269 237 32 86 277 162 68 167 205 150 172 275 53 269 146 166 151 110 57 272 67 204 333 35 163 338 124 257 127 326 336 234 349 197 80 201 311 301 267 314 82 249 44 214 174 311 210 198 367 259 241 377 98 121 64 363 122 43 160 50 110 296 55 27 352 263 181 63 61 280 242 249 160 251 316 320 238 344 45 201 315 227 322
 115 182 223 1 178 98 148 115 48 196 137 232 264 113 98 254 214 201 100 286 107 112 197 172 279 112 87 77 140 233 36 135 156 260 197 224 228 263 63 88 261 68 269 147 250 198 164 67 118 144 154 123 180 50 190 206 268 236 320 223 40 210 127 219 53 69 261 287 98 102 286 161 169 280 163 84 187 157 106 245 150 172 101 250 150 191 219 69 188 208 237 120 66 149 201 223 55 284 172 162 225 231 119 131 67 136 176 183 161 165 86 226 28 94 189 57 159 276 156 194 21 120 103 68 119 145 212 32 187 241 216 258 146 246 238 171 268 285 227 181 240 134 75 85 162 282 59 51 116 150 214 216 110 114 125 235 150 95 293 107
 292 104 74 178 1 83 220 93 220 158 43 292 94 90 82 175 142 212 277 113 261 88 287 287 268 288 94 213 207 93 149 269 249 219 23 223 402 117 240 142 91 111 146 262 312 88 73 114 245 37 329 78 275 130 221 204 203 81 330 91 215 44 169 253 226 245 100 265 245 225 275 314 345 104 306 139 176 197 169 79 89 277 151 137 177 133 190 146 280 33 291 77 114 163 150 117 219 139 218 315 100 205 295 56 226 57 315 324 239 326 131 51 162 270 300 212 244 100 176 32 174 103 276 186 194 319 276 202 352 157 166 82 323 178 66 180 102 109 309 23 76 298 202 117 62 119 231 209 180 87 270 243 261 226 290 62 208 271 276 266
 211 125 140 98 83 1 179 65 138 141 41 262 168 60 5 206 166 199 196 194 191 34 243 233 270 207 29 146 146 142 73 193 183 233 101 217 324 184 159 72 170 31 200 207 282 111 77 32 170 48 248 59 229 49 199 196 229 151 325 147 136 119 134 210 145 163 175 272 165 149 277 246 266 184 241 87 169 145 103 156 93 227 107 185 151 125 195 85 235 114 264 34 33 140 163 159 138 205 189 246 152 210 215 36 153 42 252 260 197 254 60 130 86 190 248 131 181 182 131 104 97 56 198 122 148 237 243 124 279 190 180 164 242 204 146 164 179 188 270 90 152 217 124 44 88 195 149 135 116 71 240 202 181 169 209 143 172 191 281 185
 188 145 216 148 220 179 1 129 178 316 196 87 310 133 176 173 148 74 190 290 109 211 68 76 145 207 151 83 284 307 131 276 303 148 241 96 253 238 173 220 266 159 220 60 107 285 252 168 262 204 240 144 57 161 53 87 170 229 175 201 146 225 51 362 180 183 253 157 238 248 152 137 221 309 116 93 88 297 245 247 137 62 73 199 51 302 114 98 62 235 91 212 162 66 126 180 193 250 33 135 196 119 200 207 112 214 118 128 20 158 212 266 126 173 86 200 306 294 291 214 128 230 157 81 32 240 68 132 186 170 130 275 211 160 251 67 265 317 93 207 242 253 222 201 165 271 186 113 257 248 68 358 246 49 245 251 17 186 160 237
 221 69 113 115 93 65 129 1 162 204 69 206 185 7 62 148 107 136 210 182 175 98 196 195 205 224 44 126 206 179 80 238 240 169 115 153 323 150 175 132 157 66 155 171 227 159 129 77 217 77 265 16 184 83 139 133 167 126 261 109 146 108 79 274 168 183 152 208 205 197 213 227 271 189 216 49 105 209 163 139 36 185 59 136 91 185 131 60 189 113 207 95 71 79 100 109 168 170 132 226 110 146 227 83 145 91 224 233 148 240 120 141 91 199 208 166 239 179 195 94 103 120 199 99 102 258 188 130 268 133 117 159 251 143 137 101 161 196 220 84 134 248 170 104 51 173 173 130 176 129 184 266 220 135 239 135 119 204 217 219
 80 228 269 48 220 138 178 162 1 211 178 257 302 159 139 299 260 239 62 330 106 146 217 184 316 70 132 97 133 266 82 99 136 302 238 262 195 310 26 107 305 111 316 162 274 228 196 107 88 185 110 169 199 91 225 245 311 281 352 269 34 254 167 210 7 27 307 326 61 78 324 153 134 321 161 129 229 155 111 290 196 189 144 296 189 211 261 113 207 251 264 155 107 190 246 269 18 330 206 155 271 272 80 170 73 174 176 180 188 150 110 267 74 62 201 30 141 319 162 238 63 148 80 101 153 100 238 47 166 287 260 301 109 291 282 211 313 325 246 225 285 88 60 115 208 327 12 66 117 180 241 210 69 136 79 279 184 56 331 63
 288 250 230 196 158 141 316 204 211 1 144 401 171 198 145 328 291 338 269 244 302 108 379 362 407 270 168 267 105 112 193 194 145 365 154 356 402 271 236 109 230 158 302 336 421 80 86 150 174 139 303 194 363 160 339 335 355 234 464 248 229 198 274 107 216 235 248 408 193 161 415 356 340 207 358 225 307 80 102 227 224 359 246 293 291 27 330 220 370 180 404 110 156 280 294 272 199 292 329 357 257 346 285 124 262 118 371 378 334 358 112 167 202 272 378 186 136 220 59 188 209 88 289 249 285 289 382 227 376 311 311 212 314 329 208 303 245 203 406 179 225 250 158 118 206 263 216 246 100 77 380 95 207 299 247 204 311 264 417 220
 251 108 105 137 43 41 196 69 178 144 1 274 130 64 40 187 149 201 236 154 224 52 262 258 265 247 56 177 174 113 109 230 214 222 61 216 362 149 198 104 131 70 171 232 294 92 63 72 206 10 288 55 249 89 206 196 213 115 325 116 175 81 147 229 185 203 137 266 204 186 273 279 305 145 271 108 167 168 133 117 81 249 124 158 159 122 188 112 255 74 275 43 73 146 151 133 178 171 200 279 123 204 254 22 188 27 282 290 215 289 93 90 122 230 272 171 210 141 149 66 134 72 236 151 167 278 256 162 314 170 168 124 282 187 106 167 140 149 287 52 114 256 162 77 64 157 189 170 145 68 252 219 220 195 249 103 186 230 275 225
 250 201 272 232 292 262 87 206 257 401 274 1 378 211 259 194 187 91 257 343 168 295 50 93 111 273 234 161 370 383 217 355 386 146 313 95 284 282 248 306 321 244 254 102 21 365 334 254 343 283 300 220 65 247 73 104 178 284 108 252 224 288 129 447 258 257 304 127 317 330 114 168 269 370 144 177 126 383 331 303 204 79 156 236 117 386 133 184 58 302 11 295 247 131 166 224 273 289 76 166 245 127 262 288 186 295 136 144 72 191 298 334 212 239 85 282 390 353 377 281 212 314 218 165 118 302 20 212 215 199 161 335 266 180 312 115 317 380 36 276 299 324 305 287 233 319 264 192 343 331 23 443 323 122 316 312 91 253 124 313
 378 180 116 264 94 168 310 185 302 171 130 378 1 183 167 229 208 293 362 84 353 159 377 379 337 371 185 305 256 61 238 333 300 283 72 300 490 137 324 209 83 197 178 355 397 96 115 198 310 122 411 170 366 215 306 283 260 111 401 140 302 92 260 278 309 328 107 331 316 291 343 407 432 38 398 232 256 238 228 92 176 369 244 180 265 147 263 238 371 77 376 149 200 250 222 172 299 152 306 407 150 277 380 134 317 130 408 416 329 418 200 46 251 357 392 289 293 57 214 98 263 164 365 279 286 400 362 291 443 213 235 61 409 237 75 264 97 33 397 104 94 373 273 190 147 112 312 300 235 134 356 266 333 319 366 73 298 356 342 340
 219 73 114 113 90 60 133 7 159 198 64 211 183 1 56 152 111 141 208 182 176 92 200 198 211 222 38 127 201 175 78 234 235 175 112 159 323 152 173 126 157 61 158 173 231 155 124 72 213 73 264 14 187 79 144 138 172 127 267 111 144 107 84 268 165 180 153 214 201 193 219 228 271 188 218 51 111 203 157 139 40 189 63 140 97 179 136 61 193 112 212 89 67 84 105 113 164 172 137 228 113 152 226 78 145 85 226 235 152 241 115 139 89 198 212 162 233 178 189 93 101 114 198 100 105 256 193 128 268 137 122 158 250 148 136 106 161 195 224 82 134 245 165 99 51 174 171 129 171 124 189 261 216 137 236 134 123 202 222 216
 212 122 138 98 82 5 176 62 139 145 40 259 167 56 1 203 162 195 197 192 190 38 241 231 266 208 26 145 150 143 72 195 186 229 100 214 324 181 159 76 168 31 197 205 279 113 79 33 172 47 249 56 226 50 196 193 225 149 321 144 136 117 131 214 146 164 173 269 167 152 274 245 266 183 240 84 166 149 106 154 90 225 104 181 147 128 191 83 233 113 261 37 34 137 159 155 139 203 186 245 149 207 215 37 152 43 251 259 194 254 63 129 85 191 246 133 184 180 134 102 97 59 198 120 145 239 240 124 278 186 176 162 243 200 144 160 177 188 267 88 150 218 127 47 84 193 150 134 119 74 237 206 183 167 211 141 169 191 278 187
 341 82 115 254 175 206 173 148 299 328 187 194 229 152 203 1 42 109 336 168 273 234 219 245 115 352 189 231 351 260 220 383 386 59 186 100 423 101 307 276 153 213 65 232 208 262 244 223 363 191 391 149 218 230 133 95 31 120 179 91 276 145 145 413 304 316 130 106 349 343 120 308 384 208 289 171 87 350 307 139 115 229 159 52 128 305 64 187 219 164 188 227 218 119 55 60 308 101 147 307 81 69 351 208 259 213 290 299 185 329 264 193 227 322 250 308 384 186 334 148 237 255 313 210 172 387 187 259 357 19 44 173 369 15 155 108 143 218 226 153 136 386 316 248 124 138 310 250 321 253 177 405 362 213 377 158 157 331 117 360
 305 42 93 214 142 166 148 107 260 291 149 187 208 111 162 42 1 97 299 159 241 194 203 223 130 315 149 196 310 231 180 343 345 79 156 97 392 97 269 236 139 172 73 206 203 228 208 182 322 154 355 108 198 189 118 84 65 102 195 70 238 118 112 374 265 277 120 126 308 303 137 280 350 192 262 132 64 310 267 122 74 208 122 52 99 269 58 148 200 136 182 188 177 87 23 39 268 105 127 279 61 71 314 169 224 175 265 275 162 299 224 168 187 285 230 268 344 172 294 118 198 216 278 174 141 349 175 220 328 28 29 156 334 39 135 83 133 202 214 120 118 346 275 208 86 133 271 213 280 215 167 365 322 183 337 137 132 293 137 320
 260 114 184 201 212 199 74 136 239 338 201 91 293 141 195 109 97 1 260 254 182 232 111 139 79 277 173 151 328 304 175 334 353 75 231 25 326 193 239 256 232 189 166 130 108 291 263 200 318 209 312 147 111 198 25 16 100 195 127 163 209 202 75 401 242 248 215 88 297 301 86 208 295 282 186 125 38 335 285 214 124 123 103 147 53 320 46 137 111 217 86 229 193 60 76 135 252 200 43 206 155 47 271 218 181 225 185 195 80 230 246 250 175 243 142 257 354 264 325 196 181 253 229 139 88 310 80 193 258 111 72 247 284 95 224 36 228 292 119 194 210 320 273 232 151 229 249 177 298 264 71 395 307 122 311 225 61 255 93 300
 21 272 321 100 277 196 190 210 62 269 236 257 362 208 197 336 299 260 1 385 90 206 210 171 334 18 186 110 181 326 132 119 171 329 296 283 135 359 39 167 360 167 361 156 271 288 256 165 120 243 57 220 194 148 241 269 344 334 360 318 65 309 195 253 56 36 359 345 90 119 341 117 73 379 133 169 258 206 168 344 243 180 178 340 215 270 289 154 201 307 265 215 164 220 282 314 71 379 221 119 319 299 19 229 80 233 148 149 194 107 170 325 121 18 186 84 179 376 216 293 108 208 41 127 173 52 240 81 116 326 294 357 49 326 337 238 367 384 238 280 339 70 112 176 258 380 54 87 171 240 246 255 85 142 63 334 200 7 349 71
 398 146 75 286 113 194 290 182 330 244 154 343 84 182 192 168 159 254 385 1 356 199 353 364 282 397 200 307 314 139 254 380 357 226 101 255 504 68 348 253 26 220 108 343 360 165 171 225 357 149 438 169 345 240 272 241 198 62 346 92 321 77 242 349 336 354 40 273 357 337 287 406 450 49 393 230 218 300 278 45 158 351 235 118 240 218 216 242 349 81 339 189 224 225 179 121 330 76 277 406 100 227 403 168 326 167 400 409 307 421 243 79 266 376 375 323 351 28 277 93 279 212 379 280 272 429 330 307 449 155 187 34 429 179 49 232 27 59 368 106 50 409 314 229 133 33 341 310 289 188 323 337 373 311 402 52 275 379 284 378
 83 223 285 107 261 191 109 175 106 302 224 168 353 176 190 273 241 182 90 356 1 213 122 83 252 106 170 50 237 331 119 197 240 255 282 205 153 317 89 194 331 161 310 67 183 299 264 165 191 233 134 189 105 149 161 194 275 299 273 277 77 282 130 315 105 97 325 265 162 183 258 56 113 362 57 127 189 257 209 313 201 92 125 288 146 296 219 117 112 286 177 219 161 156 221 264 123 334 141 57 274 226 95 226 41 232 72 77 109 66 192 311 107 72 99 135 246 353 260 268 97 224 51 77 102 135 152 76 93 266 230 334 103 261 311 168 334 369 150 257 308 158 164 190 224 345 109 58 217 253 158 314 164 62 150 310 123 87 267 152
 223 153 156 112 88 34 211 98 146 108 52 295 159 92 38 234 194 232 206 199 213 1 275 262 302 214 61 171 123 122 96 182 163 264 100 250 338 200 169 55 178 55 222 236 315 87 53 49 158 53 254 90 259 65 232 229 258 165 358 167 150 130 167 180 152 171 187 305 160 139 310 269 278 182 266 119 202 118 82 166 123 257 140 208 184 92 227 115 266 120 297 12 54 174 193 183 141 222 222 269 173 242 224 33 174 33 278 285 229 275 44 127 107 203 278 131 159 183 101 115 117 23 214 149 180 242 276 142 298 217 210 167 253 233 153 197 189 184 302 102 163 215 117 32 112 206 155 156 94 41 273 172 177 198 209 149 205 200 314 183
 203 207 279 197 287 243 68 196 217 379 262 50 377 200 241 219 203 111 210 353 122 275 1 43 154 227 216 123 337 374 188 314 349 179 308 124 235 297 205 278 329 222 274 56 62 351 318 230 304 271 252 211 19 220 87 126 208 292 158 262 184 290 118 415 217 214 315 170 276 292 158 119 220 374 95 158 139 352 300 310 202 31 139 254 114 366 156 160 11 301 60 276 224 130 180 238 233 306 77 117 256 155 215 273 145 280 88 96 49 142 271 332 181 193 37 243 354 359 349 281 179 292 171 133 97 255 41 174 167 220 180 339 217 205 316 122 327 383 31 274 306 279 269 262 231 331 223 153 312 313 50 412 281 85 271 316 80 208 168 270
 162 220 290 172 287 233 76 195 184 362 258 93 379 198 231 245 223 139 171 364 83 262 43 1 193 187 207 97 310 370 170 279 319 212 309 157 194 313 170 257 340 208 295 27 103 343 309 215 271 267 210 210 32 203 115 154 238 303 200 276 153 297 123 389 184 178 328 208 243 261 198 77 177 380 53 151 161 328 277 321 209 18 137 274 127 352 183 149 36 306 102 265 209 141 201 255 201 325 99 75 271 185 175 265 113 272 48 57 62 100 252 335 161 154 18 212 324 367 327 285 156 278 132 114 95 214 81 146 125 244 203 348 175 231 324 141 339 388 69 277 316 240 240 245 237 346 189 124 287 302 90 387 246 65 232 324 92 169 207 234
 332 164 222 279 268 270 145 205 316 407 265 111 337 211 266 115 130 79 334 282 252 302 154 193 1 351 245 226 404 359 252 412 430 57 284 56 386 215 315 331 265 264 178 192 116 352 327 274 396 272 384 214 162 274 94 76 88 229 66 198 286 248 153 476 320 325 243 17 374 379 9 268 362 319 244 201 101 410 361 249 185 177 181 165 131 386 79 215 159 265 101 298 268 135 119 166 330 214 114 266 188 63 344 284 256 291 239 248 144 291 320 297 253 317 190 335 431 298 398 246 259 324 301 216 165 384 115 270 317 128 104 283 354 103 263 111 256 330 146 247 246 396 351 306 208 252 326 254 374 331 105 469 384 193 387 265 135 329 16 378
 29 287 334 112 288 207 207 224 70 270 247 273 371 222 208 352 315 277 18 397 106 214 227 187 351 1 198 127 179 333 146 109 165 346 306 300 133 373 50 172 372 178 376 172 288 295 263 175 114 253 43 233 210 159 259 286 360 347 377 332 79 321 211 248 63 44 372 363 85 116 358 130 71 390 147 185 274 205 170 356 257 197 194 355 232 274 306 169 217 318 282 223 175 237 298 329 75 393 239 132 333 316 19 239 97 242 162 162 211 118 176 335 134 35 201 87 173 387 217 305 122 215 57 144 190 36 257 96 122 342 311 368 46 342 349 255 379 394 255 292 351 55 114 183 272 393 60 104 172 247 263 251 77 159 49 346 217 23 366 62
 199 110 139 87 94 29 151 44 132 168 56 234 185 38 26 189 149 173 186 200 170 61 216 207 245 198 1 123 164 165 55 199 197 211 115 192 309 180 149 89 175 25 192 181 255 137 103 35 177 64 240 43 202 45 172 171 210 151 299 141 123 124 107 232 138 155 176 249 168 157 253 224 253 197 218 59 145 167 120 159 76 200 79 174 124 152 172 59 208 123 236 61 30 114 142 147 134 201 162 224 144 187 204 59 134 66 228 237 170 234 78 144 68 178 222 130 196 191 154 108 81 82 183 98 121 230 216 109 260 174 159 172 230 185 152 138 182 202 243 95 155 215 130 62 79 197 143 116 133 98 213 225 183 143 207 150 144 180 257 185
 112 176 236 77 213 146 83 126 97 267 177 161 305 127 145 231 196 151 110 307 50 171 123 97 226 127 123 1 215 286 77 195 228 220 234 174 200 269 91 161 282 118 263 72 179 256 221 123 183 186 164 140 105 109 133 160 236 250 257 228 65 233 88 294 99 100 276 237 157 171 233 103 155 313 96 78 150 232 181 264 152 97 78 242 107 259 181 68 113 237 168 176 118 114 178 217 113 286 114 103 227 190 122 180 31 187 108 115 92 115 157 263 66 94 113 122 232 304 231 219 60 185 83 28 64 161 142 53 142 223 188 285 139 220 262 130 285 320 153 208 259 171 147 152 175 296 105 32 192 211 146 292 164 40 162 261 92 105 241 155
 201 270 278 140 207 146 284 206 133 105 174 370 256 201 150 351 310 328 181 314 237 123 337 310 404 179 164 215 1 202 156 90 45 374 215 349 310 321 155 76 295 142 343 286 389 162 145 132 72 174 206 203 319 131 321 329 372 286 452 289 161 250 254 80 136 151 306 409 96 64 412 285 248 287 293 204 305 28 45 285 238 311 226 329 276 119 334 192 327 238 375 132 138 270 305 303 117 343 306 286 295 348 195 154 200 152 307 312 299 281 88 237 159 189 327 104 38 294 48 236 159 105 210 206 254 192 350 166 295 335 322 281 223 348 270 294 307 286 366 223 282 149 74 104 232 325 134 187 31 127 351 78 108 253 147 266 285 178 417 122
 344 196 148 233 93 142 307 179 266 112 113 383 61 175 143 260 231 304 326 139 331 122 374 370 359 333 165 286 202 1 213 284 245 309 76 316 459 181 289 165 131 171 218 344 403 42 71 168 261 104 372 164 361 185 313 296 290 147 422 171 272 116 257 218 272 292 153 356 270 243 366 386 398 98 381 220 268 181 178 134 181 362 236 216 268 88 282 223 367 97 383 114 172 253 241 201 260 199 309 387 181 297 345 107 293 101 392 400 326 395 158 71 226 324 384 249 238 113 158 114 236 120 335 261 279 360 366 263 418 243 256 110 374 266 114 272 146 93 398 113 134 328 229 152 154 163 275 275 184 88 361 206 287 306 323 111 297 321 366 296
 145 147 189 36 149 73 131 80 82 193 109 217 238 78 72 220 180 175 132 254 119 96 188 170 252 146 55 77 156 213 1 166 179 229 169 197 254 229 97 90 229 43 234 144 236 180 146 47 146 117 187 89 172 34 167 178 235 202 297 188 69 177 101 232 88 104 228 259 130 129 260 175 198 251 171 53 157 167 116 212 115 167 73 215 123 183 188 39 179 177 221 101 43 119 168 188 89 249 151 175 190 201 150 108 81 113 183 191 146 183 84 198 14 124 186 89 181 246 162 162 26 109 128 57 100 179 197 55 207 207 183 227 176 213 206 143 235 257 217 149 207 169 101 76 128 249 94 63 128 136 197 228 143 107 160 204 130 127 266 141
 137 306 332 135 269 193 276 238 99 194 230 355 333 234 195 383 343 334 119 380 197 182 314 279 412 109 199 195 90 284 166 1 61 393 281 358 232 375 110 128 358 175 390 259 372 243 220 166 25 233 125 241 296 156 322 340 399 343 450 338 132 310 261 145 97 102 366 421 39 45 420 234 173 361 248 217 320 117 107 346 273 285 235 372 283 206 352 202 304 301 362 193 170 282 332 345 84 397 303 236 342 365 127 214 170 214 263 265 286 225 139 307 161 132 295 78 70 364 136 294 154 172 157 198 250 111 336 145 231 369 348 348 150 377 334 305 369 361 343 280 342 65 70 153 277 386 92 165 101 201 340 150 35 234 66 330 281 118 426 49
 190 305 318 156 249 183 303 240 136 145 214 386 300 235 186 386 345 353 171 357 240 163 349 319 430 165 197 228 45 245 179 61 1 404 257 375 291 362 154 112 337 174 382 296 405 206 189 164 53 215 184 238 332 159 344 356 405 327 475 328 167 291 279 85 136 147 348 437 83 58 438 283 231 331 294 230 333 67 82 327 272 322 251 367 301 161 363 217 339 280 392 173 169 297 338 340 119 384 327 285 334 378 182 195 207 193 310 313 316 276 124 280 179 183 335 107 11 337 89 277 176 147 206 223 274 170 367 176 286 370 354 324 208 381 312 321 349 330 379 264 324 125 82 140 270 367 133 198 70 170 369 90 89 266 125 309 305 170 444 104
 331 117 168 260 219 233 148 169 302 365 222 146 283 175 229 59 79 75 329 226 255 264 179 212 57 346 211 220 374 309 229 393 404 1 234 56 400 159 305 299 209 232 122 204 157 305 283 243 375 228 383 175 182 246 99 62 34 175 122 144 274 195 137 442 306 314 188 49 357 356 62 282 368 264 260 177 74 377 330 194 143 195 159 109 115 343 42 192 181 213 138 259 237 113 72 112 313 159 117 280 134 31 342 242 250 249 258 268 154 304 288 245 233 313 213 316 404 243 363 195 241 286 301 204 157 380 143 258 332 72 55 228 356 48 209 92 200 274 180 198 191 386 328 272 161 196 312 244 343 289 133 434 368 194 377 211 134 324 60 364
 311 121 78 197 23 101 241 115 238 154 61 313 72 112 100 186 156 231 296 101 282 100 308 309 284 306 115 234 215 76 169 281 257 234 1 241 422 117 258 154 81 130 150 284 332 79 73 132 258 54 347 99 297 149 242 222 216 81 347 99 235 45 191 255 244 263 95 281 259 238 291 336 365 85 327 161 194 202 179 74 109 299 173 144 198 129 207 168 302 27 312 90 133 183 166 127 236 138 239 336 109 222 314 70 247 69 337 346 260 347 144 30 182 290 322 228 252 84 180 40 194 112 296 208 216 337 296 222 373 169 181 68 342 191 57 200 94 89 330 38 72 313 217 131 81 112 248 230 189 90 291 244 276 248 306 53 229 290 291 281
 283 122 188 224 223 217 96 153 262 356 216 95 300 159 214 100 97 25 283 255 205 250 124 157 56 300 192 174 349 316 197 358 375 56 241 1 346 192 262 277 235 209 161 150 109 305 278 220 341 224 335 164 127 219 45 22 85 198 109 166 233 210 98 422 266 272 216 64 320 324 64 228 317 287 205 146 50 356 306 218 137 140 126 143 76 336 41 160 126 226 89 247 214 80 79 136 275 196 65 226 157 33 294 234 204 241 203 213 100 250 266 258 198 267 158 280 376 268 345 205 204 272 252 163 112 334 89 217 278 106 70 251 306 86 229 56 229 297 127 204 214 343 296 252 162 229 272 201 319 281 79 415 330 144 334 231 84 278 70 324
 116 375 434 228 402 324 253 323 195 402 362 284 490 323 324 423 392 326 135 504 153 338 235 194 386 133 309 200 310 459 254 232 291 400 422 346 1 468 171 301 478 294 461 197 290 421 389 294 242 370 108 335 225 276 302 339 423 448 390 427 189 428 282 375 190 170 474 401 215 247 391 120 63 504 143 276 338 336 301 461 351 210 276 440 296 404 366 263 229 430 294 346 292 307 372 416 205 485 284 121 426 371 118 358 179 363 149 141 247 97 304 451 241 136 200 218 300 498 349 413 229 342 127 226 252 122 274 201 70 417 380 479 89 411 457 317 483 510 253 401 456 168 245 308 373 494 188 195 304 374 283 380 205 211 167 455 269 140 401 190
 370 96 45 263 117 184 238 150 310 271 149 282 137 152 181 101 97 193 359 68 317 200 297 313 215 373 180 269 321 181 229 375 362 159 117 192 468 1 325 252 56 204 42 294 299 195 188 211 352 148 415 141 291 224 213 179 131 37 280 42 295 74 194 369 316 332 32 206 346 332 221 363 420 110 347 194 159 313 281 48 119 299 193 51 187 245 152 208 294 91 278 190 208 173 118 60 313 23 221 362 44 162 376 168 292 171 352 362 254 380 240 111 240 348 322 309 358 88 292 87 252 218 347 243 224 407 271 279 409 89 123 78 400 113 67 175 44 121 310 99 48 394 307 225 103 38 321 278 293 203 263 359 362 266 386 71 222 353 217 364
 56 239 285 63 240 159 173 175 26 236 198 248 324 173 159 307 269 239 39 348 89 169 205 170 315 50 149 91 155 289 97 110 154 305 258 262 171 325 1 131 323 130 328 150 264 252 219 128 103 205 92 184 188 111 223 247 317 298 347 284 32 272 169 231 21 10 324 325 74 97 322 132 110 342 142 138 232 179 136 307 209 176 149 308 191 236 264 122 195 270 255 178 127 194 253 281 39 344 203 133 285 275 57 192 63 195 157 160 181 127 134 287 86 37 186 53 160 338 186 257 73 172 56 101 152 83 230 49 142 296 266 320 86 298 300 214 330 346 234 243 303 82 83 139 223 344 23 62 141 204 234 232 77 128 73 298 181 33 330 66
 185 196 208 88 142 72 220 132 107 109 104 306 209 126 76 276 236 256 167 253 194 55 278 257 331 172 89 161 76 165 90 128 112 299 154 277 301 252 131 1 232 68 271 231 325 125 96 58 104 107 209 129 261 60 252 257 298 218 381 217 122 184 184 146 112 132 240 336 108 85 339 248 239 234 250 133 231 80 32 220 163 255 155 256 205 106 260 124 268 174 309 66 64 198 231 230 98 274 238 249 223 275 184 87 154 87 264 270 236 250 13 180 98 167 273 86 109 237 73 169 102 46 183 146 188 196 286 119 270 260 247 221 214 273 207 222 243 236 306 155 216 165 66 29 159 260 114 138 45 78 286 140 125 195 159 203 217 162 344 133
 373 123 51 261 91 170 266 157 305 230 131 321 83 157 168 153 139 232 360 26 331 178 329 340 265 372 175 282 295 131 229 358 337 209 81 235 478 56 323 232 1 195 97 318 339 152 153 200 335 127 414 144 321 216 250 220 183 39 330 70 296 52 217 333 312 329 25 257 334 315 271 381 425 56 368 205 196 282 258 20 133 327 210 102 216 205 196 216 325 59 318 167 199 201 158 101 306 70 254 380 79 208 378 146 301 146 375 384 283 396 221 65 241 351 350 300 332 35 260 68 254 191 354 255 247 404 308 282 423 138 167 24 404 163 26 209 16 67 345 82 25 386 292 206 108 34 316 285 268 170 300 322 350 286 378 29 251 354 268 354
 182 133 161 68 111 31 159 66 111 158 70 244 197 61 31 213 172 189 167 220 161 55 222 208 264 178 25 118 142 171 43 175 174 232 130 209 294 204 130 68 195 1 215 182 264 139 104 12 153 77 220 67 206 22 186 189 232 173 315 165 106 144 119 213 117 135 198 268 144 133 271 217 236 213 213 68 164 147 99 180 100 203 90 198 138 145 192 62 213 141 247 59 6 130 165 171 112 225 174 217 168 207 186 66 123 71 224 232 177 225 58 159 56 161 224 107 174 209 137 129 67 72 168 95 128 210 225 94 249 198 181 191 213 208 172 155 204 218 249 115 176 192 106 44 103 219 122 105 112 95 223 207 160 144 184 169 155 162 276 162
 369 90 73 269 146 200 220 155 316 302 171 254 178 158 197 65 73 166 361 108 310 222 274 295 178 376 192 263 343 218 234 390 382 122 150 161 461 42 328 271 97 215 1 278 269 228 218 224 367 172 417 150 270 235 188 152 92 72 242 56 298 106 182 397 322 336 73 168 358 347 183 351 417 151 334 193 136 337 301 87 120 280 187 22 171 277 122 208 272 125 249 213 220 158 95 48 322 37 199 350 49 130 377 191 289 195 337 347 234 370 259 149 244 348 302 319 379 129 318 115 256 241 344 239 212 410 245 281 399 56 96 119 399 78 106 155 85 162 284 125 86 402 320 243 114 77 327 276 314 230 236 387 373 254 393 109 204 355 179 373
 149 200 269 147 262 207 60 171 162 336 232 102 355 173 205 232 206 130 156 343 67 236 56 27 192 172 181 72 286 344 144 259 296 204 284 150 197 294 150 231 318 182 278 1 116 317 283 189 249 241 199 186 39 177 106 143 228 282 207 255 130 274 102 365 163 159 307 206 222 239 197 79 172 357 58 126 146 303 252 299 186 27 112 257 108 325 172 123 46 282 111 239 183 122 184 236 179 307 88 78 251 175 161 239 90 246 60 70 51 101 226 311 135 138 43 190 301 345 302 262 130 252 117 88 72 201 87 122 129 229 189 325 166 218 302 126 318 365 85 253 294 224 216 219 214 326 168 100 262 276 93 362 226 39 216 301 76 153 207 215
 263 219 290 250 312 282 107 227 274 421 294 21 397 231 279 208 203 108 271 360 183 315 62 103 116 288 255 179 389 403 236 372 405 157 332 109 290 299 264 325 339 264 269 116 1 385 354 274 361 303 313 240 78 266 92 120 189 301 101 270 242 307 150 467 276 273 321 133 334 348 118 177 279 388 153 197 144 402 351 321 224 92 176 251 137 406 148 204 71 321 22 315 268 151 183 241 290 304 96 175 262 141 276 308 203 315 144 150 91 200 317 353 231 254 93 300 409 371 397 300 231 334 232 184 138 316 40 230 222 214 176 353 278 194 330 134 334 398 38 296 317 339 324 307 253 335 281 209 362 351 43 463 340 140 331 331 111 268 127 329
 306 190 156 198 88 111 285 159 228 80 92 365 96 155 113 262 228 291 288 165 299 87 351 343 352 295 137 256 162 42 180 243 206 305 79 305 421 195 252 125 152 139 228 317 385 1 36 135 220 84 333 146 337 151 297 285 290 159 413 176 236 123 237 185 234 253 170 351 230 203 359 354 361 130 350 195 256 143 137 150 169 336 213 222 250 54 274 195 343 105 365 80 139 237 235 203 221 215 290 354 186 290 306 79 260 72 362 370 304 361 119 88 193 287 358 209 198 141 119 116 203 81 299 232 255 320 347 228 383 244 251 133 336 265 131 257 166 127 377 110 148 288 189 114 146 184 236 242 144 49 343 173 246 279 283 127 276 283 361 256
 274 167 146 164 73 77 252 129 196 86 63 334 115 124 79 244 208 263 256 171 264 53 318 309 327 263 103 221 145 71 146 220 189 283 73 278 389 188 219 96 153 104 218 283 354 36 1 100 196 56 302 116 304 116 267 258 271 152 387 163 202 115 205 182 202 221 168 327 203 177 335 319 328 143 316 161 229 130 114 147 143 303 180 208 219 62 250 161 310 99 335 46 104 207 212 187 190 210 259 320 172 265 274 47 225 40 328 335 271 326 89 93 158 254 324 179 182 150 108 104 168 51 266 197 222 290 315 194 349 226 228 138 304 245 129 228 166 143 344 94 144 260 161 81 123 185 204 207 122 20 312 172 219 245 254 125 244 251 337 228
 181 143 168 67 114 32 168 77 107 150 72 254 198 72 33 223 182 200 165 225 165 49 230 215 274 175 35 123 132 168 47 166 164 243 132 220 294 211 128 58 200 12 224 189 274 135 100 1 144 79 216 76 214 18 196 200 243 180 326 173 106 149 129 202 113 132 204 279 137 124 282 220 235 216 217 78 175 137 88 186 110 210 100 207 149 138 203 71 221 145 257 55 7 141 175 180 107 232 184 221 177 218 183 65 126 70 230 237 186 227 47 161 59 160 231 101 163 213 126 134 69 64 169 102 137 206 234 95 251 208 192 195 212 219 177 165 209 219 258 120 182 186 97 34 111 225 118 108 101 89 233 196 152 151 179 174 164 159 287 155
 139 285 309 118 245 170 262 217 88 174 206 343 310 213 172 363 322 318 120 357 191 158 304 271 396 114 177 183 72 261 146 25 53 375 258 341 242 352 103 104 335 153 367 249 361 220 196 144 1 209 136 219 286 134 306 322 380 319 436 315 121 286 244 135 88 96 342 403 31 21 403 232 181 337 244 198 302 99 84 323 252 276 217 350 266 185 333 183 294 277 350 169 148 264 312 323 72 374 288 234 319 347 131 190 160 190 259 262 273 225 115 284 144 131 287 63 61 340 116 271 138 148 155 183 235 122 324 132 234 348 328 325 157 357 310 287 345 338 333 257 319 78 48 130 254 362 83 153 78 177 327 139 38 222 77 307 266 118 410 53
 258 113 104 144 37 48 204 77 185 139 10 283 122 73 47 191 154 209 243 149 233 53 271 267 272 253 64 186 174 104 117 233 215 228 54 224 370 148 205 107 127 77 172 241 303 84 56 79 209 1 294 63 258 96 214 203 217 113 332 117 182 78 155 226 191 210 135 272 208 189 280 287 312 138 280 117 175 167 134 114 88 258 133 160 167 116 195 121 264 69 283 43 80 154 157 136 184 170 208 288 124 210 261 21 197 24 291 299 223 298 95 83 130 237 281 176 211 136 147 63 142 71 244 160 176 284 265 170 323 174 174 118 289 192 102 175 137 142 296 50 111 262 166 81 68 154 195 179 146 63 261 217 225 204 254 98 195 237 282 230
 53 328 376 154 329 248 240 265 110 303 288 300 411 264 249 391 355 312 57 438 134 254 252 210 384 43 240 164 206 372 187 125 184 383 347 335 108 415 92 209 414 220 417 199 313 333 302 216 136 294 1 275 236 200 292 322 399 388 406 374 121 362 249 268 104 86 414 397 112 144 391 143 52 431 164 225 312 233 203 398 299 222 234 396 269 308 344 210 243 360 309 263 216 275 338 370 114 434 272 146 374 353 42 279 134 282 178 176 242 125 214 376 176 71 223 124 194 428 247 347 163 253 84 183 226 15 285 137 120 382 350 410 38 381 390 292 421 434 278 333 393 61 147 223 314 435 100 143 203 285 291 273 99 192 60 388 252 63 399 85
 231 68 102 123 78 59 144 16 169 194 55 220 170 14 56 149 108 147 220 169 189 90 211 210 214 233 43 140 203 164 89 241 238 175 99 164 335 141 184 129 144 67 150 186 240 146 116 76 219 63 275 1 199 86 152 143 170 115 272 101 156 94 94 268 175 191 141 216 209 199 222 241 283 175 230 64 115 204 160 126 35 201 75 132 105 174 138 73 204 99 221 85 72 92 104 105 174 162 146 241 103 154 237 71 158 79 239 248 163 254 117 126 100 210 224 171 237 165 189 80 113 112 211 113 117 267 203 140 281 133 122 145 262 146 123 113 149 182 234 69 122 254 172 101 40 162 181 142 173 118 198 260 224 150 246 121 133 214 225 225
 187 200 271 180 275 229 57 184 199 363 249 65 366 187 226 218 198 111 194 345 105 259 19 32 162 210 202 105 319 361 172 296 332 182 297 127 225 291 188 261 321 206 270 39 78 337 304 214 286 258 236 199 1 204 86 125 209 284 171 255 166 281 107 398 200 197 308 177 259 274 167 107 206 364 84 144 135 335 283 302 192 16 126 250 106 350 155 145 9 291 74 261 208 121 176 232 215 302 73 105 249 156 199 259 127 266 78 87 39 130 254 321 164 176 33 225 336 350 332 270 162 277 155 116 83 239 51 157 156 218 177 331 202 204 307 117 320 373 49 263 297 262 251 246 221 325 205 135 294 298 59 395 263 67 254 307 71 191 177 253
 163 151 182 50 130 49 161 83 91 160 89 247 215 79 50 230 189 198 148 240 149 65 220 203 274 159 45 109 131 185 34 156 159 246 149 219 276 224 111 60 216 22 235 177 266 151 116 18 134 96 200 86 204 1 193 200 248 194 323 185 88 165 125 205 97 115 219 280 124 115 282 205 218 232 202 75 176 139 88 201 118 199 96 217 146 150 205 64 211 161 250 72 18 140 180 190 91 245 178 205 188 220 166 83 110 87 215 222 177 211 52 178 44 143 219 86 159 229 132 149 53 77 151 90 129 190 227 78 234 215 196 211 194 224 192 164 224 236 249 135 196 172 87 44 123 239 101 92 101 105 226 199 139 139 164 189 158 142 287 141
 240 129 200 190 221 199 53 139 225 339 206 73 306 144 196 133 118 25 241 272 161 232 87 115 94 259 172 133 321 313 167 322 344 99 242 45 302 213 223 252 250 186 188 106 92 297 267 196 306 214 292 152 86 193 1 40 124 212 132 181 194 216 68 396 228 232 234 105 284 290 101 184 273 298 162 119 55 331 280 231 133 98 97 168 49 322 70 130 87 230 71 231 190 61 96 154 239 222 21 183 174 71 252 221 163 229 161 170 56 206 242 262 166 225 118 245 346 281 322 209 170 253 209 125 73 291 59 179 234 134 94 263 263 119 240 43 246 308 98 205 227 303 263 229 162 249 234 161 292 267 52 391 293 101 294 240 42 237 109 286
 270 104 172 206 204 196 87 133 245 335 196 104 283 138 193 95 84 16 269 241 194 229 126 154 76 286 171 160 329 296 178 340 356 62 222 22 339 179 247 257 220 189 152 143 120 285 258 200 322 203 322 143 125 200 40 1 86 183 130 151 217 192 80 401 249 256 202 82 302 305 83 221 306 271 200 127 30 336 286 203 117 137 107 133 58 316 31 141 126 208 99 226 194 60 64 122 258 186 56 220 143 33 281 213 190 220 199 209 94 243 246 240 180 253 157 262 357 253 324 187 186 251 240 146 97 320 94 200 271 97 57 235 295 80 213 36 215 281 133 185 198 328 277 232 143 216 255 185 299 260 85 395 313 133 319 214 72 264 89 307
 347 106 145 268 203 229 170 167 311 355 213 178 260 172 225 31 65 100 344 198 275 258 208 238 88 360 210 236 372 290 235 399 405 34 216 85 423 131 317 298 183 232 92 228 189 290 271 243 380 217 399 170 209 248 124 86 1 150 151 121 286 175 150 437 316 326 160 77 364 361 92 306 387 238 285 184 88 373 329 169 137 222 169 82 131 332 58 200 209 194 170 251 237 124 69 90 322 128 141 304 111 55 357 233 266 239 284 294 179 327 286 224 240 329 241 323 405 216 358 177 250 280 318 218 175 395 173 269 355 48 53 203 374 27 185 108 173 249 211 182 167 397 333 270 150 167 322 258 342 279 163 429 376 214 388 188 155 339 88 373
 345 86 14 236 81 151 229 126 281 234 115 284 111 127 149 120 102 195 334 62 299 165 292 303 229 347 151 250 286 147 202 343 327 175 81 198 448 37 298 218 39 173 72 282 301 159 152 180 319 113 388 115 284 194 212 183 150 1 294 33 270 38 182 333 288 304 27 223 315 299 236 347 397 91 333 173 159 277 246 21 99 290 176 71 179 209 159 186 288 55 280 155 178 164 120 65 284 59 216 347 42 172 351 133 271 135 340 349 246 363 206 78 214 324 314 279 323 71 256 51 227 182 324 223 211 380 270 254 391 104 130 55 376 128 36 172 37 101 308 64 17 364 274 191 77 48 293 255 258 166 263 322 331 251 356 39 214 328 234 334
 355 227 286 320 330 325 175 261 352 464 325 108 401 267 321 179 195 127 360 346 273 358 158 200 66 377 299 257 452 422 297 450 475 122 347 109 390 280 347 381 330 315 242 207 101 413 387 326 436 332 406 272 171 323 132 130 151 294 1 263 320 312 199 526 355 356 308 75 412 421 60 276 376 384 252 249 158 461 410 314 245 186 227 230 178 445 141 261 165 329 99 355 319 186 182 231 367 278 149 274 253 126 367 342 285 349 243 250 167 299 372 361 296 343 192 374 477 363 451 310 300 379 323 254 202 407 122 306 322 193 168 348 372 168 328 162 321 394 138 310 311 426 394 358 269 317 361 287 423 389 116 521 420 220 417 330 171 356 64 412
 328 57 25 223 91 147 201 109 269 248 116 252 140 111 144 91 70 163 318 92 277 167 262 276 198 332 141 228 289 171 188 338 328 144 99 166 427 42 284 217 70 165 56 255 270 176 163 173 315 117 374 101 255 185 181 151 121 33 263 1 254 56 155 342 275 291 54 192 308 295 204 323 378 122 308 153 127 282 247 53 77 262 152 47 150 223 127 167 258 75 248 158 169 135 88 33 274 62 186 322 11 140 335 136 251 140 313 323 217 340 205 103 199 307 285 270 325 103 263 61 211 186 306 202 185 366 239 238 368 74 98 86 359 98 66 141 66 133 277 70 49 354 269 189 63 71 281 237 259 176 231 332 323 226 346 68 185 312 203 325
 77 209 257 40 215 136 146 146 34 229 175 224 302 144 136 276 238 209 65 321 77 150 184 153 286 79 123 65 161 272 69 132 167 274 235 233 189 295 32 122 296 106 298 130 242 236 202 106 121 182 121 156 166 88 194 217 286 270 320 254 1 245 139 239 35 41 296 296 94 110 293 128 131 318 133 107 201 181 133 280 179 156 118 277 161 226 234 91 174 244 231 158 104 163 222 251 50 315 175 130 255 245 83 170 41 175 148 153 155 130 121 264 57 56 169 61 172 313 185 230 44 157 65 71 122 114 206 18 150 265 235 294 109 267 274 183 303 323 214 217 275 113 89 123 194 316 41 34 141 188 209 238 101 103 103 271 153 59 301 93
 322 89 34 210 44 119 225 108 254 198 81 288 92 107 117 145 118 202 309 77 282 130 290 297 248 321 124 233 250 116 177 310 291 195 45 210 428 74 272 184 52 144 106 274 307 123 115 149 286 78 362 94 281 165 216 192 175 38 312 56 245 1 175 296 260 278 58 243 283 266 254 333 374 85 322 156 165 240 211 38 89 285 163 101 177 172 173 167 285 20 286 120 148 162 132 86 255 96 217 333 66 187 327 98 251 99 329 339 243 347 172 50 190 300 308 249 287 72 219 17 203 146 303 206 203 353 273 231 374 128 145 53 353 151 30 174 61 93 309 31 34 335 242 157 61 77 265 234 222 129 267 285 300 240 327 28 211 303 254 303
 198 99 168 127 169 134 51 79 167 274 147 129 260 84 131 145 112 75 195 242 130 167 118 123 153 211 107 88 254 257 101 261 279 137 191 98 282 194 169 184 217 119 182 102 150 237 205 129 244 155 249 94 107 125 68 80 150 182 199 155 139 175 1 329 171 179 207 161 223 227 161 171 240 259 155 52 64 263 213 199 87 111 30 160 23 258 96 63 112 185 131 166 123 27 92 138 179 208 56 170 151 107 208 159 117 167 160 169 70 189 175 215 101 180 134 183 280 245 255 164 107 187 170 69 31 246 111 122 218 137 102 226 226 133 202 46 218 267 141 157 194 250 199 162 115 225 177 109 225 203 108 324 234 73 241 202 40 190 167 229
 273 332 327 219 253 210 362 274 210 107 229 447 278 268 214 413 374 401 253 349 315 180 415 389 476 248 232 294 80 218 232 145 85 442 255 422 375 369 231 146 333 213 397 365 467 185 182 202 135 226 268 268 398 205 396 401 437 333 526 342 239 296 329 1 212 226 349 480 164 135 484 362 315 313 370 278 376 67 118 328 302 390 300 385 350 132 403 268 405 280 452 188 209 343 371 361 194 391 382 363 349 418 265 208 278 203 385 389 377 357 156 271 237 263 405 181 76 325 81 284 237 159 285 284 331 254 428 244 368 396 389 316 291 412 310 367 347 310 445 273 326 209 151 171 291 365 210 266 105 168 428 14 172 331 209 306 361 251 488 187
