NAME : domp180p90v2
COMMENT : (Deleplanque et al.) 
TYPE : DOMP
DIMENSION : 180
DISPLAY_DATA_TYPE: NO_DISPLAY
OPEN_FACILITIES : 90
COST_SECTION
 1 55 114 130 276 210 299 250 240 322 117 326 327 315 148 216 101 252 283 171 290 107 90 284 151 199 74 249 97 122 226 104 236 174 107 378 99 110 59 117 190 149 173 83 146 176 142 168 312 386 285 255 224 299 138 226 357 113 218 297 254 185 289 112 137 87 181 54 135 69 217 75 102 159 307 270 121 71 49 258 126 337 252 64 172 205 76 341 217 261 331 102 231 134 252 102 351 274 247 127 96 190 253 128 256 153 234 281 103 145 319 324 74 310 262 385 132 234 296 164 116 110 318 72 95 321 87 194 121 23 384 209 114 168 374 282 93 59 73 164 161 117 259 248 239 226 232 176 237 137 42 209 208 221 280 186 195 371 175 263 110 47 242 287 294 156 219 105 287 214 112 179 247 127 128 296 235 303 167 150
 55 1 104 183 324 199 338 302 294 376 161 376 363 365 187 256 109 306 337 213 344 145 79 325 195 210 29 292 73 162 247 101 258 228 95 421 144 160 73 138 244 179 214 106 174 163 179 176 360 432 330 304 276 326 144 264 406 152 266 291 255 238 336 115 172 137 231 85 139 123 229 33 156 209 358 262 159 118 84 305 160 377 245 110 213 242 117 388 271 312 376 155 253 158 253 110 398 293 292 94 108 241 306 138 304 157 282 331 134 196 371 371 125 344 312 427 109 258 350 201 163 128 368 27 86 358 66 248 175 41 427 215 165 222 416 335 144 74 57 218 213 123 290 296 234 236 286 227 289 179 20 262 228 274 334 239 229 419 212 315 144 71 260 295 347 200 270 141 339 251 148 182 294 180 181 332 253 356 217 195
 114 104 1 194 290 98 277 333 295 364 133 419 293 335 259 202 37 325 354 169 348 111 181 268 159 114 129 243 37 124 159 15 171 249 198 365 207 153 165 69 254 114 281 63 106 63 254 79 323 386 283 349 312 243 51 205 367 115 233 189 152 230 296 28 250 191 277 78 44 148 132 134 179 257 336 160 119 180 85 265 238 314 143 174 165 183 101 345 277 292 329 195 166 90 151 36 355 201 249 194 43 222 305 51 355 59 248 373 215 183 351 330 176 269 284 369 33 172 347 149 143 220 408 128 20 290 41 259 199 94 372 115 161 242 357 363 194 60 159 250 252 36 214 347 131 137 290 271 322 143 116 256 142 269 352 238 163 377 158 302 223 157 168 194 335 263 309 218 372 190 224 82 346 216 188 264 162 346 264 165
 130 183 194 1 162 267 213 141 112 194 77 230 250 195 139 141 161 132 161 102 162 95 198 196 84 212 202 156 199 93 207 181 213 56 210 276 102 46 159 145 63 135 142 133 139 243 141 198 197 274 183 165 124 251 182 155 241 95 112 332 278 61 179 175 145 83 104 121 185 62 225 202 31 92 182 311 97 99 116 153 142 248 292 104 109 144 95 230 89 138 224 56 209 141 275 162 239 252 147 244 154 75 124 171 177 196 126 186 142 45 193 212 81 243 144 286 224 208 167 116 63 173 218 200 182 241 191 67 24 145 281 231 38 49 277 170 75 142 189 65 75 172 207 168 278 236 104 95 131 86 170 82 195 93 160 58 149 257 121 136 140 145 228 292 166 123 123 131 180 150 132 215 170 49 11 222 223 175 93 75
 276 324 290 162 1 317 90 200 107 101 166 279 130 47 290 97 254 165 168 122 128 185 356 76 134 235 348 61 311 170 194 278 191 162 369 119 262 167 317 221 135 180 284 236 188 311 294 246 37 113 39 246 207 176 252 103 82 180 60 341 288 104 20 263 301 244 228 243 258 214 236 349 192 229 59 332 174 260 242 29 300 109 318 265 125 119 210 68 119 46 65 217 190 203 286 255 77 214 46 400 250 89 101 245 268 257 44 251 303 132 74 51 242 141 24 130 321 184 111 143 163 334 262 346 287 120 306 136 183 284 122 255 164 162 123 204 236 262 344 190 207 255 145 261 307 244 115 220 202 151 316 93 196 93 172 114 141 97 134 67 300 302 210 275 82 268 214 291 222 116 292 261 267 202 158 116 210 92 225 131
 210 199 98 267 317 1 276 407 352 406 193 496 278 363 352 221 115 392 417 206 402 173 276 272 206 85 222 260 127 179 136 107 145 321 293 363 300 221 262 123 320 146 373 142 139 37 347 74 345 394 299 429 389 212 85 217 384 174 269 94 74 286 317 101 344 282 361 167 84 233 92 227 258 342 371 65 174 273 174 289 333 308 50 268 199 199 178 359 337 333 340 281 143 130 73 113 369 157 272 284 122 271 359 97 438 72 281 451 311 242 387 347 267 251 318 363 94 150 397 182 206 317 483 221 117 278 134 324 277 191 371 68 229 315 351 433 283 154 254 328 333 100 200 430 42 89 349 353 397 194 213 310 127 323 417 298 177 390 187 347 319 254 132 122 379 354 387 313 445 203 319 58 430 298 258 255 128 391 347 215
 299 338 277 213 90 276 1 283 191 185 182 366 43 119 350 83 246 250 256 129 217 194 386 18 149 192 365 58 306 178 142 268 134 231 401 89 312 198 349 212 207 166 349 237 173 280 352 215 93 119 51 328 287 94 231 75 117 188 105 279 231 166 75 251 357 291 298 254 238 248 187 368 237 294 142 276 180 303 256 74 353 40 265 306 127 98 224 91 198 133 70 267 135 190 229 247 99 144 70 424 244 143 187 228 349 231 96 335 351 171 155 85 285 53 110 92 306 128 200 138 185 378 349 363 281 32 304 209 235 300 97 210 198 229 80 291 285 267 370 257 274 242 79 341 256 192 198 290 284 163 335 166 151 171 260 180 115 118 127 154 350 334 151 207 170 331 292 341 309 89 343 226 347 259 205 30 153 179 292 153
 250 302 333 141 200 407 283 1 94 152 215 92 325 201 157 242 301 37 55 221 95 234 287 267 210 347 313 234 334 230 331 320 335 86 291 311 169 186 252 285 92 269 134 272 274 384 166 337 219 287 236 49 30 353 323 256 247 234 188 467 412 135 219 315 176 168 81 258 326 189 358 311 156 100 174 448 235 189 252 211 183 308 430 197 229 255 234 251 88 155 258 149 331 279 410 303 256 371 217 335 294 158 101 311 72 336 191 54 202 169 174 237 179 329 177 324 362 329 115 242 202 234 78 311 320 315 325 88 136 270 311 367 178 93 318 34 160 278 287 87 91 312 311 66 416 368 87 81 15 218 285 122 323 115 50 119 268 266 243 136 193 243 352 420 140 131 39 189 40 258 185 353 74 124 150 304 348 139 91 200
 240 294 295 112 107 352 191 94 1 87 164 177 233 114 205 159 260 60 72 150 53 186 302 176 146 281 312 144 305 176 256 282 257 77 312 220 191 144 264 235 53 207 191 233 214 335 211 279 129 201 144 140 102 265 272 172 162 183 102 399 343 67 126 272 219 179 132 228 276 172 288 312 140 139 91 384 181 200 224 119 221 215 367 206 157 176 198 162 25 63 167 152 254 223 341 261 168 290 127 350 253 82 15 262 162 282 101 145 232 114 96 147 183 239 84 233 327 251 57 174 153 265 160 310 286 223 298 50 122 256 222 302 137 81 227 102 170 249 296 102 119 267 226 155 353 299 12 125 96 159 281 43 250 30 74 58 193 181 171 45 226 251 275 344 63 179 110 218 119 177 217 295 162 129 114 213 273 68 133 138
 322 376 364 194 101 406 185 152 87 1 232 208 222 70 288 191 328 117 102 202 58 254 388 174 207 328 395 159 379 241 291 351 289 164 398 177 277 220 349 299 139 263 272 304 271 395 295 334 95 143 136 199 173 275 333 200 105 250 139 438 384 139 112 339 303 265 212 304 339 255 331 395 224 222 44 428 246 286 301 127 306 194 413 292 208 213 272 118 111 75 133 238 288 283 383 329 119 314 143 436 322 143 74 324 222 341 128 193 318 185 32 110 269 238 91 190 396 282 38 226 224 351 191 393 357 212 373 136 207 336 175 349 214 167 188 141 256 324 382 187 203 332 245 218 400 340 98 207 161 222 363 114 291 103 108 137 233 122 220 63 312 336 308 375 30 262 181 304 158 211 303 349 225 215 195 213 307 20 215 200
 117 161 133 77 166 193 182 215 164 232 1 305 213 209 197 100 98 200 226 54 216 23 205 168 35 136 186 133 149 17 137 120 144 130 220 262 148 33 168 73 128 60 207 73 63 173 196 123 202 273 170 241 199 194 111 111 247 21 108 256 202 98 177 110 197 126 179 78 114 74 150 188 80 163 207 235 22 131 78 145 190 221 217 132 57 92 45 229 147 162 217 110 139 66 200 99 239 184 132 243 91 90 173 100 253 122 124 261 180 51 221 212 115 198 156 269 165 140 214 52 14 204 292 184 126 205 143 132 92 121 268 155 40 123 258 241 122 97 189 141 150 104 151 244 203 161 159 170 206 21 155 124 122 137 226 108 87 260 62 170 182 154 157 218 203 188 198 174 253 100 177 140 246 118 68 182 151 214 167 36
 326 376 419 230 279 496 366 92 177 208 305 1 408 270 204 332 388 119 112 312 156 324 345 351 302 438 382 320 416 320 423 405 426 176 346 381 234 276 317 374 183 360 175 359 365 471 213 427 292 350 317 72 108 441 412 345 311 324 276 558 503 226 297 402 223 240 146 342 414 272 449 379 241 168 242 539 325 259 335 294 233 387 521 267 320 346 321 321 177 235 331 227 422 370 501 389 324 461 303 391 381 248 180 400 77 425 277 47 258 261 236 309 253 415 258 394 446 420 177 333 292 285 18 380 404 397 407 179 222 347 380 458 268 183 390 76 234 362 351 170 168 400 401 82 507 460 173 151 100 309 357 211 414 202 108 211 359 329 334 214 248 310 443 511 207 182 111 246 59 349 240 444 87 204 239 389 440 202 160 292
 327 363 293 250 130 278 43 325 233 222 213 408 1 154 388 114 265 292 297 160 257 221 416 59 181 196 391 97 325 206 144 285 134 272 432 91 348 232 380 231 248 186 389 259 193 287 390 224 128 132 92 370 328 74 245 103 142 215 145 266 223 206 114 268 394 327 339 280 252 282 187 393 273 334 179 268 207 338 282 115 390 37 260 340 157 123 252 117 240 174 96 304 137 209 223 265 122 131 111 452 263 183 228 243 390 242 137 377 386 208 191 116 320 29 151 88 320 129 239 165 218 413 391 389 299 11 323 250 273 327 99 211 233 269 77 333 321 291 399 297 314 259 81 383 252 190 239 330 326 193 362 208 157 213 301 221 136 138 154 195 386 365 147 192 209 371 334 377 351 114 379 232 388 298 243 32 151 218 333 186
 315 365 335 195 47 363 119 201 114 70 209 270 154 1 313 143 299 164 159 167 115 229 391 110 178 280 388 105 356 214 238 323 234 183 403 112 291 206 352 267 155 226 303 280 234 357 318 292 27 88 72 249 214 211 298 148 50 224 103 384 332 134 49 309 325 275 244 286 304 250 281 389 225 248 29 376 218 293 284 74 326 125 363 298 171 165 253 52 132 59 64 247 233 248 330 300 56 254 91 437 294 126 103 290 272 303 88 248 332 171 39 41 274 171 54 125 367 227 94 189 204 365 253 386 332 144 350 155 213 325 112 301 202 184 122 198 266 305 381 210 227 301 185 266 351 289 124 237 206 195 356 117 241 111 164 140 187 68 180 70 328 338 253 316 64 289 222 320 216 161 320 307 272 229 192 147 253 70 243 174
 148 187 259 139 290 352 350 157 205 288 197 204 388 313 1 279 239 180 208 237 237 204 143 333 217 323 186 293 244 211 332 248 340 131 143 408 54 167 119 241 159 253 30 213 253 320 10 298 322 399 316 137 128 386 272 292 362 208 248 434 385 189 308 252 20 74 79 186 272 128 339 182 120 67 293 409 214 80 179 286 30 385 390 86 243 279 184 356 183 256 354 88 335 249 383 240 364 380 283 188 232 209 218 261 128 288 260 164 57 182 299 339 88 381 269 419 279 336 252 246 186 82 201 185 241 379 234 159 116 170 411 338 163 130 410 188 76 200 152 104 87 254 342 123 376 349 194 83 143 213 167 199 317 203 203 178 280 380 253 245 46 117 351 410 266 28 120 47 185 286 40 312 118 92 147 360 346 270 74 209
 216 256 202 141 97 221 83 242 159 191 100 332 114 143 279 1 169 214 230 47 201 112 304 70 68 139 283 42 229 96 101 192 100 173 319 167 236 118 268 134 154 89 282 156 97 217 280 151 126 185 82 281 238 114 160 15 167 106 59 248 194 109 98 176 283 215 238 172 167 169 141 285 161 229 153 237 98 225 174 69 278 122 223 227 45 23 142 145 156 120 128 193 98 113 192 170 154 131 52 342 166 86 161 154 299 163 65 294 273 97 169 130 207 103 101 172 233 94 190 57 104 299 316 281 203 107 225 158 163 218 173 159 120 169 161 258 209 186 288 195 210 167 71 291 211 150 161 229 239 81 253 122 101 132 232 125 45 176 46 138 273 253 119 187 167 263 241 264 275 20 267 165 295 189 132 84 118 178 229 73
 101 109 37 161 254 115 246 301 260 328 98 388 265 299 239 169 1 292 319 134 312 75 181 236 124 102 137 209 61 88 139 24 150 216 198 334 186 118 158 36 220 82 259 30 74 85 234 69 289 353 250 319 281 220 38 173 332 79 198 198 154 194 261 15 231 168 249 53 35 120 121 141 148 230 300 172 83 160 61 230 221 284 153 155 131 151 68 311 242 256 296 168 146 58 152 2 321 185 214 203 8 186 269 29 327 53 213 343 200 147 315 296 153 243 248 338 69 151 311 114 108 210 376 136 35 261 59 224 167 86 340 110 126 209 326 330 170 43 159 219 223 17 188 318 139 129 254 242 290 107 116 220 121 233 318 203 132 343 125 266 207 147 151 189 299 240 278 201 340 158 206 79 318 187 154 235 145 310 236 129
 252 306 325 132 165 392 250 37 60 117 200 119 292 164 180 214 292 1 32 198 61 221 299 234 190 327 320 202 330 214 308 312 310 80 306 274 182 174 263 272 73 251 160 264 257 372 187 321 183 250 202 85 57 323 310 228 211 220 158 447 392 111 183 305 197 177 102 252 313 187 337 318 153 117 138 430 220 198 247 178 202 273 412 206 206 229 226 215 60 120 222 153 307 264 390 293 220 344 185 348 285 132 65 298 108 322 159 87 219 152 138 201 185 297 142 287 356 304 80 221 187 252 103 318 313 281 322 69 133 271 275 348 166 86 282 45 168 273 298 91 102 301 283 103 398 347 55 99 45 200 290 93 300 84 29 97 244 230 220 100 211 252 328 396 104 153 66 205 61 231 202 337 110 127 139 272 324 103 108 181
 283 337 354 161 168 417 256 55 72 102 226 112 297 159 208 230 319 32 1 219 46 248 330 241 214 350 351 213 360 240 326 340 328 110 337 270 213 202 294 298 101 274 187 292 281 398 216 345 181 242 207 99 82 334 336 243 202 246 172 469 413 133 186 333 226 208 130 282 340 218 358 349 184 147 131 452 245 229 277 185 232 275 435 237 227 246 254 210 81 124 220 185 325 289 411 321 214 360 195 379 312 152 71 325 122 347 170 92 249 177 127 198 216 306 148 284 384 321 67 242 214 282 95 349 342 287 352 96 163 301 270 370 194 116 280 40 199 303 329 122 133 328 296 118 421 368 71 128 68 225 321 112 320 100 7 120 263 221 241 103 241 283 346 415 96 181 91 235 58 248 232 362 126 159 167 280 343 92 138 204
 171 213 169 102 122 206 129 221 150 202 54 312 160 167 237 47 134 198 219 1 199 68 258 114 22 132 239 80 191 52 111 157 115 143 273 209 193 73 221 101 130 62 243 116 70 194 238 133 156 223 119 256 212 150 133 59 200 62 66 250 195 88 129 143 240 171 204 129 139 123 140 241 118 193 170 235 55 180 129 97 235 168 218 181 9 43 97 180 140 128 166 150 111 83 193 135 190 153 82 297 129 69 155 125 271 140 80 272 228 59 185 164 162 148 117 216 201 110 192 25 58 254 297 237 167 153 187 134 123 174 216 153 76 138 205 242 166 145 242 162 175 135 106 263 205 150 149 195 215 35 208 109 103 121 220 103 49 211 23 142 229 206 132 200 174 224 214 220 257 50 223 149 266 150 93 130 128 186 194 29
 290 344 348 162 128 402 217 95 53 58 216 156 257 115 237 201 312 61 46 199 1 238 348 203 197 329 361 178 358 228 301 334 301 121 356 226 232 197 310 287 101 257 219 286 265 387 244 329 137 197 167 142 117 300 324 213 157 235 143 446 391 119 145 325 253 223 160 280 328 223 336 360 189 172 86 432 233 245 276 149 258 233 415 252 206 220 250 166 74 87 177 198 298 275 389 313 169 331 161 396 305 132 45 314 165 334 138 137 272 166 82 154 229 268 110 239 379 294 22 223 205 305 139 359 338 247 350 98 170 306 225 350 190 125 235 85 215 301 343 141 154 319 264 161 402 346 60 155 105 211 330 94 297 80 51 111 238 176 219 66 265 297 319 388 52 210 126 258 103 220 256 346 168 173 166 242 317 47 164 189
 107 145 111 95 185 173 194 234 186 254 23 324 221 229 204 112 75 221 248 68 238 1 196 181 53 122 172 148 128 17 130 98 139 149 212 277 153 49 162 52 149 50 217 52 51 152 202 105 221 290 187 258 217 196 90 120 266 7 127 240 187 120 195 87 202 131 193 61 93 77 137 174 92 177 228 218 15 133 63 163 194 233 199 132 68 99 32 247 169 183 233 120 134 48 185 76 256 179 149 232 69 112 195 78 269 102 143 280 181 73 242 230 119 205 177 283 143 136 237 58 35 202 311 170 105 215 122 153 107 107 283 140 57 142 271 262 129 77 179 157 165 82 154 260 185 148 181 185 225 36 142 146 114 159 247 129 90 278 69 192 184 147 149 208 225 197 216 176 273 108 180 121 262 131 86 190 144 236 181 56
 90 79 181 198 356 276 386 287 302 388 205 345 416 391 143 304 181 299 330 258 348 196 1 371 238 282 60 334 150 211 313 176 324 228 18 463 119 192 40 204 251 239 173 169 235 240 134 249 392 467 369 276 258 388 218 314 436 202 300 368 331 258 370 189 125 125 208 142 213 143 300 54 168 187 379 340 210 104 138 341 114 425 323 97 260 294 166 423 279 335 414 151 319 222 329 182 432 361 331 50 178 268 316 209 270 231 316 303 88 225 390 405 120 400 339 471 186 323 357 253 202 65 341 60 162 409 143 253 182 97 468 289 194 224 460 319 134 140 23 210 199 196 349 264 311 309 293 207 272 225 66 279 295 289 326 255 285 452 264 333 99 55 328 369 361 164 250 101 320 303 106 257 260 176 200 385 322 369 196 235
 284 325 268 196 76 272 18 267 176 174 168 351 59 110 333 70 236 234 241 114 203 181 371 1 134 188 352 41 296 164 139 258 133 214 386 99 295 182 334 201 190 155 332 225 163 274 335 208 86 123 39 312 270 102 222 64 115 174 87 280 230 148 63 241 340 275 281 241 229 233 184 354 220 277 131 276 167 287 242 58 337 55 264 290 113 86 210 90 182 118 69 251 133 179 229 236 98 147 53 410 233 126 172 218 332 223 79 319 334 155 145 80 269 66 95 104 297 126 187 125 170 362 334 350 270 49 293 192 218 287 106 206 182 212 92 276 268 255 356 240 257 232 79 325 254 190 181 273 267 148 321 150 147 154 245 163 105 119 114 140 333 319 151 210 157 314 275 324 294 78 326 220 330 242 189 40 152 167 275 137
 151 195 159 84 134 206 149 210 146 207 35 302 181 178 217 68 124 190 214 22 197 53 238 134 1 138 220 99 179 37 125 147 130 129 253 228 172 52 201 93 120 62 224 103 69 191 217 133 169 239 136 242 199 170 128 80 214 47 76 258 203 81 143 134 220 150 187 112 134 102 148 222 98 175 178 240 42 159 112 112 214 188 223 160 27 64 79 195 133 134 183 130 126 79 200 124 205 169 98 277 118 67 154 119 257 138 91 260 207 43 192 179 141 169 126 235 191 125 193 33 37 233 287 218 155 174 174 124 105 155 234 158 55 124 224 234 145 129 222 146 158 127 126 248 209 159 144 178 203 18 189 105 114 118 214 95 66 226 38 145 208 186 145 212 178 204 200 199 247 71 202 150 251 131 74 151 141 189 177 11
 199 210 114 212 235 85 192 347 281 328 136 438 196 280 323 139 102 327 350 132 329 122 282 188 138 1 238 177 150 121 54 112 64 264 299 279 270 168 257 84 257 79 338 117 75 92 320 36 262 309 215 376 333 135 67 134 300 120 191 121 66 218 234 96 319 250 314 146 73 196 19 242 213 298 291 104 116 247 153 207 310 224 87 245 125 117 140 275 270 254 256 241 61 75 64 102 284 88 190 303 106 200 286 74 388 56 201 395 293 178 306 263 236 170 238 280 133 68 322 108 150 307 424 236 128 196 152 261 227 187 287 22 175 257 268 371 249 143 261 276 285 89 117 380 74 28 279 305 339 130 218 240 42 252 350 232 95 306 111 271 298 245 56 90 301 318 333 290 384 121 295 38 381 252 203 171 51 313 302 148
 74 29 129 202 348 222 365 313 312 395 186 382 391 388 186 283 137 320 351 239 361 172 60 352 220 238 1 318 96 188 275 127 286 243 74 447 149 183 68 166 261 207 215 134 202 186 178 203 384 457 356 311 286 354 172 291 430 178 290 315 281 259 360 143 170 146 238 112 166 142 256 6 173 217 380 286 186 125 111 330 158 404 269 117 239 270 143 413 289 334 402 167 281 187 279 138 423 321 317 67 136 263 325 165 308 184 306 338 131 218 392 396 136 371 335 454 130 286 368 228 187 118 376 3 112 385 90 265 192 66 453 242 187 238 442 346 154 102 40 230 223 150 318 302 258 263 303 235 299 205 33 283 257 294 348 259 256 444 240 336 141 73 288 321 367 203 279 141 349 278 147 209 298 193 201 360 281 376 226 220
 249 292 243 156 61 260 58 234 144 159 133 320 97 105 293 42 209 202 213 80 178 148 334 41 99 177 318 1 268 131 135 232 131 176 349 130 256 144 297 174 153 130 293 194 138 257 296 191 86 145 42 277 234 123 201 44 127 141 49 281 228 110 58 216 301 236 243 208 207 195 177 320 181 238 119 273 134 248 209 33 297 94 259 251 81 63 176 104 147 93 88 211 130 154 227 210 114 156 19 374 205 87 142 195 297 204 44 286 295 116 134 89 230 97 71 138 273 125 164 96 134 324 303 316 243 87 264 155 179 253 136 197 144 173 127 245 229 223 320 201 218 207 87 289 248 185 149 234 233 114 287 114 137 120 216 125 85 135 85 114 294 282 151 216 137 275 239 285 262 58 287 205 294 203 149 72 150 149 237 100
 97 73 37 199 311 127 306 334 305 379 149 416 325 356 244 229 61 330 360 191 358 128 150 296 179 150 96 268 1 143 194 41 205 252 167 393 194 162 140 96 261 142 268 77 134 91 237 115 346 412 309 345 311 277 85 233 390 133 254 220 187 242 319 58 232 181 272 79 79 146 167 101 179 250 354 191 138 166 84 288 220 344 174 160 189 210 109 370 285 309 355 190 201 118 185 61 380 236 273 160 64 238 316 83 348 94 269 370 196 195 369 354 166 302 304 398 38 207 359 173 157 196 406 95 27 321 10 265 199 75 400 151 169 245 386 365 185 58 128 249 248 67 246 341 163 173 299 266 322 162 88 268 176 281 358 248 192 402 184 317 204 134 203 229 350 251 306 200 373 218 206 117 339 213 194 295 197 361 258 183
 122 162 124 93 170 179 178 230 176 241 17 320 206 214 211 96 88 214 240 52 228 17 211 164 37 121 188 131 143 1 122 111 130 145 227 260 161 49 176 60 142 44 222 67 47 160 210 108 205 273 170 257 215 183 97 105 250 11 112 240 186 110 179 99 211 139 194 78 102 86 134 191 95 179 214 220 6 143 79 147 203 217 201 143 52 84 47 230 160 169 217 125 125 50 184 89 240 170 133 247 82 99 184 87 269 108 128 277 192 64 228 214 128 190 162 267 156 126 225 43 30 214 307 186 119 199 138 146 108 123 266 139 56 139 255 256 136 94 194 156 166 93 141 260 187 145 172 186 221 20 158 135 107 148 239 121 76 262 53 179 194 161 142 203 212 203 214 186 268 93 190 125 262 133 83 175 136 223 182 42
 226 247 159 207 194 136 142 331 256 291 137 423 144 238 332 101 139 308 326 111 301 130 313 139 125 54 275 135 194 122 1 155 12 253 330 228 282 167 284 111 241 81 343 145 82 145 331 84 218 260 170 366 322 84 110 92 253 126 158 148 95 198 191 137 331 260 310 172 117 206 46 279 215 297 252 139 119 262 177 166 323 172 126 261 104 82 156 227 249 220 207 246 8 93 93 139 236 50 150 340 140 176 259 113 381 104 166 382 310 167 267 217 248 117 201 228 182 15 290 93 149 329 408 273 170 143 195 245 226 217 236 69 173 247 216 352 257 175 293 270 281 128 65 372 116 52 256 301 326 123 251 216 19 227 328 213 65 257 90 238 313 270 22 90 267 323 323 305 367 82 310 90 375 252 197 119 18 278 299 135
 104 101 15 181 278 107 268 320 282 351 120 405 285 323 248 192 24 312 340 157 334 98 176 258 147 112 127 232 41 111 155 1 166 235 193 356 196 139 157 58 241 104 270 50 96 73 243 77 312 375 273 336 299 237 47 195 356 102 221 195 156 216 285 19 239 179 265 66 41 135 130 132 165 244 324 167 106 169 73 253 228 306 149 164 154 173 87 334 263 280 319 182 161 80 154 24 344 198 238 193 30 209 291 44 342 58 236 360 206 169 338 319 164 262 272 359 46 167 333 137 130 212 394 126 16 281 41 245 185 86 363 116 147 229 347 350 182 49 154 237 239 28 207 334 137 137 276 258 309 130 111 242 137 256 339 225 154 366 148 289 213 148 165 195 322 252 296 208 359 180 214 83 334 203 174 256 159 333 251 152
 236 258 171 213 191 145 134 335 257 289 144 426 134 234 340 100 150 310 328 115 301 139 324 133 130 64 286 131 205 130 12 166 1 257 341 219 290 174 294 122 244 90 350 156 92 155 338 95 213 252 165 370 326 73 121 90 247 134 158 151 99 200 186 149 339 268 316 183 128 214 55 290 222 303 249 144 127 271 188 163 332 163 132 270 108 82 166 221 251 219 201 253 6 103 98 150 230 41 147 351 151 179 260 124 385 115 165 386 319 172 264 211 257 107 199 219 193 8 290 98 156 338 410 284 181 134 206 248 232 228 227 78 180 252 207 354 265 186 304 275 287 140 56 377 123 59 258 307 329 130 262 218 31 229 329 216 68 250 94 238 322 280 20 88 265 330 328 314 369 81 318 101 380 259 203 111 20 277 305 140
 174 228 249 56 162 321 231 86 77 164 130 176 272 183 131 173 216 80 110 143 121 149 228 214 129 264 243 176 252 145 253 235 257 1 237 280 114 101 190 199 29 186 122 188 191 298 136 252 192 269 192 114 71 285 237 187 232 149 128 384 329 67 181 230 144 104 68 174 240 109 275 242 75 67 163 364 150 125 169 162 145 263 346 132 151 181 150 226 54 126 226 78 253 195 327 217 234 295 162 276 209 90 91 226 129 250 137 133 155 87 171 210 110 270 140 292 278 252 131 162 117 189 163 241 236 262 244 29 54 192 283 283 93 8 284 115 95 195 224 28 46 227 242 120 331 286 67 59 77 135 213 70 242 73 108 52 191 250 164 115 149 178 274 340 139 107 71 142 125 186 141 269 124 53 64 246 269 145 63 119
 107 95 198 210 369 293 401 291 312 398 220 346 432 403 143 319 198 306 337 273 356 212 18 386 253 299 74 349 167 227 330 193 341 237 1 477 125 206 53 221 260 255 172 186 251 257 134 266 404 480 383 278 262 405 235 330 449 218 314 385 348 270 384 206 124 134 212 159 230 157 318 69 180 192 391 356 226 114 155 355 114 440 339 107 276 310 182 436 288 346 428 161 336 239 346 199 445 378 345 46 195 281 325 226 270 248 329 305 90 239 401 418 131 416 352 485 202 339 366 269 217 63 343 74 179 425 160 263 193 114 482 307 208 233 475 324 143 157 40 217 205 213 365 265 327 326 302 211 277 240 83 290 312 299 332 266 301 465 279 344 100 68 345 386 371 166 254 104 323 318 108 274 260 184 212 401 339 379 201 250
 378 421 365 276 119 363 89 311 220 177 262 381 91 112 408 167 334 274 270 209 226 277 463 99 228 279 447 130 393 260 228 356 219 280 477 1 377 272 425 299 253 253 402 322 260 368 412 303 93 47 95 358 322 165 319 162 75 270 166 356 312 220 101 339 418 358 346 337 326 322 273 449 304 347 140 357 263 373 338 125 416 57 348 377 209 184 306 61 235 159 55 332 221 277 312 334 58 221 133 504 330 203 211 316 381 319 151 359 418 240 146 74 354 119 141 14 394 214 205 223 263 448 364 445 368 88 391 254 298 382 9 296 271 280 17 309 351 352 449 308 325 330 164 374 340 277 230 338 315 243 416 211 239 210 275 231 203 61 212 176 415 410 235 283 175 386 329 407 327 176 408 314 381 319 271 110 237 180 343 229
 99 144 207 102 262 300 312 169 191 277 148 234 348 291 54 236 186 182 213 193 232 153 119 295 172 270 149 256 194 161 282 196 290 114 125 377 1 121 85 189 140 202 75 160 202 268 50 246 296 373 283 163 140 340 220 249 338 157 213 381 332 159 279 200 50 23 91 134 219 77 287 146 76 70 274 356 164 29 126 253 43 348 337 36 198 234 131 329 167 232 324 46 285 197 330 187 337 330 247 168 180 175 204 208 161 235 227 190 43 142 283 311 35 339 242 387 229 287 244 198 138 76 228 147 189 340 185 142 80 121 381 285 118 111 377 202 28 148 120 93 81 201 296 154 323 297 180 89 155 165 125 175 266 182 208 151 233 355 207 226 39 77 301 358 252 58 133 31 203 242 32 260 151 63 108 319 295 258 79 165
 110 160 153 46 167 221 198 186 144 220 33 276 232 206 167 118 118 174 202 73 197 49 192 182 52 168 183 144 162 49 167 139 174 101 206 272 121 1 154 99 103 91 177 91 94 199 167 153 203 277 178 210 169 220 137 131 248 50 110 287 233 82 180 132 169 99 147 85 140 52 182 184 49 132 200 266 53 108 82 150 163 236 247 109 78 115 54 233 125 154 223 80 170 96 231 120 242 215 140 234 111 82 155 126 222 150 125 231 156 37 213 215 90 220 153 280 184 170 198 79 20 182 263 181 142 224 155 107 61 120 277 186 9 94 269 214 94 106 179 109 118 128 177 213 233 192 138 138 177 46 151 107 154 120 201 87 114 263 87 158 156 139 188 250 191 157 168 148 225 122 151 169 215 86 38 201 183 201 135 46
 59 73 165 159 317 262 349 252 264 349 168 317 380 352 119 268 158 263 294 221 310 162 40 334 201 257 68 297 140 176 284 157 294 190 53 425 85 154 1 176 212 206 148 141 204 227 111 225 352 428 331 246 224 355 195 278 397 168 261 352 310 219 331 168 103 88 175 113 191 104 275 64 129 154 340 324 176 66 107 302 91 388 306 59 224 259 132 384 240 295 375 113 289 192 308 159 393 332 293 87 153 228 277 185 242 209 277 273 64 186 351 366 82 365 300 433 176 292 319 218 165 57 311 67 146 373 131 215 143 73 430 266 155 185 422 285 96 115 36 173 163 173 315 236 293 284 254 173 238 188 54 240 266 250 290 216 250 412 228 293 74 16 300 345 322 136 217 74 287 267 80 235 232 138 161 349 294 330 163 197
 117 138 69 145 221 123 212 285 235 299 73 374 231 267 241 134 36 272 298 101 287 52 204 201 93 84 166 174 96 60 111 58 122 199 221 299 189 99 176 1 199 47 258 36 40 101 238 58 255 318 215 308 267 189 39 138 299 53 166 195 145 169 228 43 237 168 241 64 43 116 101 170 138 222 269 171 55 165 70 196 227 249 152 162 97 116 59 277 218 226 261 163 117 23 142 36 287 158 181 231 34 158 243 28 317 52 180 329 210 122 284 262 154 209 217 303 101 121 284 80 85 224 361 164 70 226 94 204 155 108 306 97 108 193 291 312 168 66 183 206 213 35 155 309 138 111 231 232 275 78 141 194 92 207 297 179 98 309 90 237 215 163 126 173 270 239 265 208 323 123 213 73 310 178 136 201 119 281 227 100
 190 244 254 63 135 320 207 92 53 139 128 183 248 155 159 154 220 73 101 130 101 149 251 190 120 257 261 153 261 142 241 241 244 29 260 253 140 103 212 199 1 179 150 192 185 299 164 249 165 241 166 128 85 266 237 168 204 147 105 377 321 46 154 233 171 127 94 183 241 122 267 261 89 95 136 358 147 148 178 137 172 237 341 154 138 165 155 199 29 98 199 100 240 191 319 221 206 281 138 298 213 70 66 226 146 249 112 143 181 80 144 182 131 248 113 265 285 238 108 151 115 214 169 259 243 238 253 5 71 206 256 277 95 30 257 115 118 204 245 56 73 229 224 138 327 278 43 86 86 129 230 43 232 45 99 30 177 222 152 88 176 199 261 329 113 135 88 168 128 169 167 265 143 78 68 224 257 120 91 110
 149 179 114 135 180 146 166 269 207 263 60 360 186 226 253 89 82 251 274 62 257 50 239 155 62 79 207 130 142 44 81 104 90 186 255 253 202 91 206 47 179 1 265 74 9 134 251 73 212 273 171 298 255 150 73 92 255 46 126 199 144 142 184 88 251 180 237 98 80 126 91 210 138 222 230 180 40 182 101 154 243 204 162 181 56 70 77 233 194 189 216 168 85 25 142 82 242 130 137 270 79 127 214 67 311 80 140 317 230 101 246 218 168 166 177 257 145 87 252 38 73 250 346 205 116 181 139 184 151 145 260 99 98 180 245 294 178 106 219 199 208 79 112 302 148 102 205 228 261 52 180 166 65 179 275 155 52 264 46 203 233 193 100 160 235 245 255 225 307 78 230 89 304 176 125 156 94 247 225 71
 173 214 281 142 284 373 349 134 191 272 207 175 389 303 30 282 259 160 187 243 219 217 173 332 224 338 215 293 268 222 343 270 350 122 172 402 75 177 148 258 150 265 1 232 267 342 39 316 314 389 312 109 106 392 291 296 351 220 246 452 401 185 302 273 49 92 61 207 291 144 353 211 129 56 281 427 226 103 199 283 60 382 408 109 249 285 200 348 171 246 347 98 345 263 399 260 355 390 281 218 252 207 204 279 99 306 256 135 86 186 286 331 107 383 262 413 303 346 235 254 196 111 173 213 263 379 259 150 121 195 405 354 171 123 405 163 91 222 181 95 78 273 348 94 394 364 181 67 120 222 195 192 328 194 181 172 288 370 261 234 75 145 363 424 252 21 97 75 158 291 69 330 89 94 151 361 358 255 61 215
 83 106 63 133 236 142 237 272 233 304 73 359 259 280 213 156 30 264 292 116 286 52 169 225 103 117 134 194 77 67 145 50 156 188 186 322 160 91 141 36 192 74 232 1 69 114 209 88 271 338 234 291 252 222 60 162 315 57 178 222 175 169 244 44 207 141 221 30 60 92 135 137 119 201 279 197 63 135 37 213 197 275 178 131 115 140 39 295 215 234 281 140 151 54 173 31 305 193 198 197 23 162 243 49 298 76 193 314 178 121 293 279 127 239 228 327 94 155 286 100 82 191 348 132 54 254 72 196 139 73 329 129 99 181 315 302 142 33 149 190 194 43 185 290 164 144 228 213 262 86 108 195 127 208 290 176 125 327 111 242 183 129 160 206 275 213 250 177 311 148 182 101 290 158 126 229 154 286 207 107
 146 174 106 139 188 139 173 274 214 271 63 365 193 234 253 97 74 257 281 70 265 51 235 163 69 75 202 138 134 47 82 96 92 191 251 260 202 94 204 40 185 9 267 69 1 126 251 66 220 281 178 302 260 155 65 100 263 47 134 194 140 149 192 80 252 181 240 93 71 127 88 205 140 225 238 175 43 182 98 162 243 211 157 180 64 77 75 241 200 197 224 169 87 18 138 75 250 131 145 265 72 134 221 58 315 72 148 322 229 106 254 226 168 172 185 264 137 90 259 46 76 248 352 200 109 188 132 189 154 140 267 94 102 184 252 299 179 101 215 202 212 71 117 306 143 99 211 232 266 57 175 172 65 185 281 161 59 272 54 210 233 190 100 158 243 247 260 225 312 85 229 82 308 179 129 162 94 254 228 78
 176 163 63 243 311 37 280 384 335 395 173 471 287 357 320 217 85 372 398 194 387 152 240 274 191 92 186 257 91 160 145 73 155 298 257 368 268 199 227 101 299 134 342 114 126 1 315 67 342 396 297 403 364 226 64 215 383 153 259 130 104 269 314 71 311 251 333 136 60 204 105 191 232 314 363 101 155 241 143 284 300 314 85 236 189 195 151 359 319 322 340 252 152 114 102 84 368 175 267 248 92 257 343 75 411 55 272 426 278 223 378 345 236 261 310 370 58 159 383 171 185 282 460 185 82 286 98 304 251 156 376 82 207 292 358 412 253 121 218 303 307 73 208 403 75 106 331 326 373 177 177 294 132 307 398 280 173 390 178 335 285 219 146 150 367 323 362 280 422 201 286 56 403 271 235 262 141 379 320 199
 142 179 254 141 294 347 352 166 211 295 196 213 390 318 10 280 234 187 216 238 244 202 134 335 217 320 178 296 237 210 331 243 338 136 134 412 50 167 111 238 164 251 39 209 251 315 1 295 326 403 320 146 137 386 268 293 367 206 251 430 382 193 312 247 11 72 87 182 268 126 336 174 120 73 299 404 212 75 175 290 22 387 386 80 243 280 181 360 188 260 358 88 334 246 379 236 368 379 286 179 228 212 224 257 137 284 263 173 48 184 305 343 85 382 273 422 273 335 259 245 185 73 210 177 235 381 228 165 118 164 415 334 163 135 413 197 74 195 143 110 93 249 342 132 372 346 200 90 151 212 160 204 315 208 211 182 280 384 253 251 38 109 350 407 272 36 128 39 194 287 33 309 127 95 149 361 344 277 81 210
 168 176 79 198 246 74 215 337 279 334 123 427 224 292 298 151 69 321 345 133 329 105 249 208 133 36 203 191 115 108 84 77 95 252 266 303 246 153 225 58 249 73 316 88 66 67 295 1 276 330 231 362 321 167 32 149 317 104 196 137 88 213 248 61 293 226 297 117 38 173 54 207 194 279 300 114 103 221 123 219 283 249 95 218 127 129 116 293 265 260 274 220 91 59 86 68 302 123 202 269 73 198 286 41 373 21 209 383 265 170 315 279 211 198 246 305 99 98 324 109 136 277 414 202 92 222 117 253 211 154 311 42 161 246 293 363 226 111 227 261 268 54 144 364 81 61 276 289 328 122 184 237 68 250 345 226 107 324 115 274 270 214 90 121 306 296 320 263 375 135 269 18 366 234 189 197 84 318 284 142
 312 360 323 197 37 345 93 219 129 95 202 292 128 27 322 126 289 183 181 156 137 221 392 86 169 262 384 86 346 205 218 312 213 192 404 93 296 203 352 255 165 212 314 271 220 342 326 276 1 78 49 267 231 186 284 129 46 215 95 363 311 137 29 297 333 278 256 279 290 250 261 385 227 259 53 356 209 295 278 59 333 99 343 300 159 148 246 35 145 69 40 251 213 235 310 289 43 231 76 435 284 125 120 277 289 288 79 268 337 168 64 19 277 145 55 105 355 206 117 176 198 369 275 382 321 119 341 165 217 320 94 282 200 192 100 219 270 297 380 220 237 289 163 283 332 269 138 248 224 186 352 124 222 121 185 146 170 61 167 85 333 338 232 294 87 299 238 325 237 143 325 290 290 235 193 122 232 94 254 167
 386 432 386 274 113 394 119 287 201 143 273 350 132 88 399 185 353 250 242 223 197 290 467 123 239 309 457 145 412 273 260 375 252 269 480 47 373 277 428 318 241 273 389 338 281 396 403 330 78 1 104 335 302 204 343 183 41 284 169 395 348 215 98 359 410 356 331 350 350 325 305 459 303 335 114 393 277 372 349 128 410 96 383 377 224 205 317 46 219 144 58 328 253 297 347 353 36 259 141 510 349 201 190 338 358 344 153 332 414 243 115 63 354 159 132 58 416 246 176 240 271 446 333 455 386 127 408 241 294 392 41 327 274 269 63 281 347 366 455 296 313 351 197 352 374 310 211 324 293 255 426 200 268 197 247 223 225 22 229 157 411 413 269 322 148 375 309 402 299 198 403 342 359 312 270 144 271 151 330 238
 285 330 283 183 39 299 51 236 144 136 170 317 92 72 316 82 250 202 207 119 167 187 369 39 136 215 356 42 309 170 170 273 165 192 383 95 283 178 331 215 166 171 312 234 178 297 320 231 49 104 1 282 242 140 241 83 86 181 71 314 263 128 25 257 325 264 259 247 248 227 214 357 210 257 93 308 174 279 247 31 323 73 295 282 121 104 214 63 153 84 48 238 165 195 261 250 73 183 39 411 246 109 138 236 304 244 58 288 324 146 107 49 260 103 61 105 314 158 150 136 170 354 300 353 283 81 305 167 204 290 100 235 176 190 95 242 257 263 355 219 236 248 114 296 284 221 151 250 238 152 324 124 174 126 210 141 125 95 126 105 321 316 183 246 120 296 248 313 260 98 314 244 302 226 177 78 184 129 254 136
 255 304 349 165 246 429 328 49 140 199 241 72 370 249 137 281 319 85 99 256 142 258 276 312 242 376 311 277 345 257 366 336 370 114 278 358 163 210 246 308 128 298 109 291 302 403 146 362 267 335 282 1 45 393 345 296 295 259 230 496 441 173 265 334 156 169 75 272 347 202 388 308 172 97 222 475 262 188 265 256 165 354 456 196 263 292 253 299 131 202 305 156 366 305 439 321 304 407 261 323 312 197 148 333 24 359 234 28 189 200 221 285 182 373 223 371 376 364 162 274 228 218 66 309 334 360 336 125 154 276 359 395 203 120 365 64 162 291 281 102 98 332 351 21 442 399 132 80 45 248 286 164 355 158 93 157 303 314 277 183 179 239 386 453 188 113 44 176 53 296 171 379 29 134 174 348 382 186 88 232
 224 276 312 124 207 389 287 30 102 173 199 108 328 214 128 238 281 57 82 212 117 217 258 270 199 333 286 234 311 215 322 299 326 71 262 322 140 169 224 267 85 255 106 252 260 364 137 321 231 302 242 45 1 350 305 252 262 218 187 453 399 130 226 295 147 141 52 235 307 166 345 283 134 71 189 433 219 161 229 215 153 314 415 169 219 248 214 264 90 164 268 123 322 263 396 282 269 363 219 306 274 153 113 293 63 318 192 63 173 157 191 249 152 330 184 334 340 320 135 231 186 205 97 284 298 318 302 81 115 245 323 353 161 77 328 63 133 256 259 63 64 293 307 55 401 356 94 52 16 205 258 122 312 117 76 113 259 281 233 147 164 215 343 410 156 102 10 159 65 253 155 337 61 99 133 305 339 158 62 189
 299 326 243 251 176 212 94 353 265 275 194 441 74 211 386 114 220 323 334 150 300 196 388 102 170 135 354 123 277 183 84 237 73 285 405 165 340 220 355 189 266 150 392 222 155 226 386 167 186 204 140 393 350 1 193 99 209 190 166 193 152 221 164 220 389 318 350 247 200 267 123 358 267 341 232 196 182 324 251 152 382 109 189 325 144 108 225 183 266 214 162 299 77 169 151 220 190 59 141 418 220 198 264 195 411 187 165 405 373 207 246 178 308 47 191 161 266 71 285 143 203 396 424 352 252 78 277 269 272 294 172 146 224 281 150 366 314 253 369 308 322 211 45 403 183 124 269 341 350 176 328 232 102 240 337 238 108 208 134 235 375 341 81 119 256 373 353 366 383 102 370 172 408 299 242 65 86 267 341 178
 138 144 51 182 252 85 231 323 272 333 111 412 245 298 272 160 38 310 336 133 324 90 218 222 128 67 172 201 85 97 110 47 121 237 235 319 220 137 195 39 237 73 291 60 65 64 268 32 284 343 241 345 305 193 1 161 326 91 198 163 117 206 256 30 266 200 277 88 8 150 85 176 174 258 302 137 92 194 95 226 256 267 118 190 128 139 94 303 256 260 286 197 117 51 115 37 313 152 209 237 43 194 280 13 354 16 212 367 236 160 317 289 186 220 249 322 76 123 320 110 123 247 399 170 62 242 87 242 192 123 327 73 146 231 310 350 201 81 196 244 249 23 165 345 104 93 268 269 313 114 153 231 92 244 335 217 118 335 119 272 242 184 119 152 305 272 303 236 361 146 241 42 346 214 174 216 113 317 263 136
 226 264 205 155 103 217 75 256 172 200 111 345 103 148 292 15 173 228 243 59 213 120 314 64 80 134 291 44 233 105 92 195 90 187 330 162 249 131 278 138 168 92 296 162 100 215 293 149 129 183 83 296 252 99 161 1 169 114 71 240 186 123 101 179 297 228 252 180 168 180 134 294 174 244 161 230 106 237 182 75 291 114 216 239 55 23 151 145 169 130 127 206 89 116 184 173 154 119 59 351 170 100 173 156 313 163 76 308 285 111 176 131 220 90 110 166 235 83 201 64 116 311 329 289 207 96 230 172 177 226 168 154 133 183 154 272 222 193 298 210 225 170 57 305 205 142 174 243 253 91 262 135 94 145 245 140 43 176 53 149 286 263 109 177 176 277 255 277 288 16 280 162 309 203 146 72 108 188 244 86
 357 406 367 241 82 384 117 247 162 105 247 311 142 50 362 167 332 211 202 200 157 266 436 115 214 300 430 127 390 250 253 356 247 232 449 75 338 248 397 299 204 255 351 315 263 383 367 317 46 41 86 295 262 209 326 169 1 260 141 394 345 181 72 340 374 322 293 324 333 294 298 431 271 297 74 390 254 339 324 104 374 107 378 344 203 189 291 27 181 107 49 294 247 278 344 333 21 260 119 480 328 170 151 320 318 330 125 293 380 213 76 38 321 165 98 88 398 241 136 219 244 412 294 427 366 134 386 203 260 365 72 319 245 232 88 242 313 342 425 259 276 332 194 312 368 304 172 285 254 231 398 164 259 159 208 188 210 20 210 119 376 382 265 323 109 338 270 367 259 183 367 330 319 276 237 146 266 111 292 212
