NAME : domp40p13v8
COMMENT : (Deleplanque et al.) 
TYPE : DOMP
DIMENSION : 40
DISPLAY_DATA_TYPE: NO_DISPLAY
OPEN_FACILITIES : 13
COST_SECTION
 1 315 305 152 237 185 226 96 343 424 295 341 37 208 275 422 202 94 237 228 337 321 293 229 456 148 294 284 269 280 370 49 68 278 348 295 218 331 346 231
 315 1 128 308 201 229 303 224 33 157 189 217 323 178 143 173 208 226 105 200 163 194 94 282 187 181 26 270 191 123 57 328 300 236 167 38 322 189 46 149
 305 128 1 356 290 152 377 212 153 280 297 91 298 105 35 299 283 213 81 106 44 67 36 360 307 159 110 366 291 26 161 335 318 335 290 153 390 306 169 235
 152 308 356 1 139 290 79 176 326 361 198 421 188 288 337 349 111 176 276 318 397 397 331 89 390 215 296 151 173 332 353 112 85 159 263 275 67 235 322 170
 237 201 290 139 1 288 105 196 210 223 61 372 265 262 283 211 36 198 215 295 332 346 257 83 252 202 199 78 36 270 235 218 183 52 125 165 127 100 201 56
 185 229 152 290 288 1 340 116 261 379 324 160 166 53 118 389 264 115 125 50 170 144 159 331 411 88 204 362 307 132 281 227 224 339 347 231 344 348 273 247
 226 303 377 79 105 340 1 229 313 320 150 451 261 327 363 304 97 230 298 359 419 426 347 23 346 256 297 80 130 355 338 189 159 99 216 266 26 184 305 155
 96 224 212 176 196 116 229 1 254 347 245 257 99 122 184 349 166 3 142 148 247 236 199 223 380 54 202 263 222 187 280 124 112 245 286 208 231 277 259 170
 343 33 153 326 210 261 313 254 1 128 188 240 353 210 172 147 222 256 137 231 184 218 121 292 157 213 58 273 194 151 29 354 325 239 155 53 334 181 18 161
 424 157 280 361 223 379 320 347 128 1 172 366 441 330 298 30 251 349 257 354 309 345 248 298 34 316 180 255 192 278 123 421 387 225 106 149 345 141 112 199
 295 189 297 198 61 324 150 245 188 172 1 385 321 290 297 156 96 247 232 322 339 359 263 127 198 240 194 89 27 282 209 278 243 56 68 153 174 39 175 78
 341 217 91 421 372 160 451 257 240 366 385 1 324 136 90 386 360 258 157 114 58 26 126 436 391 209 200 449 376 104 245 379 368 419 379 243 462 395 257 319
 37 323 298 188 265 166 261 99 353 441 321 324 1 197 267 441 230 97 236 212 327 307 290 263 474 147 300 317 297 274 379 84 104 308 371 306 254 357 357 254
 208 178 105 288 262 53 327 122 210 330 290 136 197 1 72 342 243 122 75 34 131 115 108 315 362 75 154 338 276 83 230 244 233 312 306 184 335 311 223 215
 275 143 35 337 283 118 363 184 172 298 297 90 267 72 1 315 271 185 68 72 63 65 52 348 327 132 122 360 288 21 184 308 292 330 297 162 375 310 187 230
 422 173 299 349 211 389 304 349 147 30 156 386 441 342 315 1 241 351 269 368 330 364 266 282 43 322 195 235 178 295 146 416 382 207 88 160 329 122 130 193
 202 208 283 111 36 264 97 166 222 251 96 360 230 243 271 241 1 168 205 275 325 335 252 79 281 178 201 99 70 261 248 183 148 81 157 173 114 134 215 62
 94 226 213 176 198 115 230 3 256 349 247 258 97 122 185 351 168 1 143 148 248 236 200 224 382 55 204 264 225 188 282 124 112 247 288 210 232 279 261 172
 237 105 81 276 215 125 298 142 137 257 232 157 236 75 68 269 205 143 1 100 123 132 59 282 288 90 80 293 222 58 158 261 241 263 238 111 310 248 149 163
 228 200 106 318 295 50 359 148 231 354 322 114 212 34 72 368 275 148 100 1 121 96 119 347 385 105 176 371 308 90 248 267 259 345 336 209 366 342 245 247
 337 163 44 397 332 170 419 247 184 309 339 58 327 131 63 330 325 248 123 121 1 43 77 403 335 194 149 409 333 66 188 370 355 377 328 192 432 346 202 278
 321 194 67 397 346 144 426 236 218 345 359 26 307 115 65 364 335 236 132 96 43 1 102 411 371 186 176 424 351 78 225 358 347 393 355 219 437 370 235 293
 293 94 36 331 257 159 347 199 121 248 263 126 290 108 52 266 252 200 59 119 77 102 1 329 277 146 75 333 257 32 133 319 299 301 254 118 361 271 137 202
 229 282 360 89 83 331 23 223 292 298 127 436 263 315 348 282 79 224 282 347 403 411 329 1 324 246 277 63 108 339 317 196 164 78 194 245 48 162 283 134
 456 187 307 390 252 411 346 380 157 34 198 391 474 362 327 43 281 382 288 385 335 371 277 324 1 349 210 277 220 307 147 453 419 249 131 181 371 164 142 231
 148 181 159 215 202 88 256 54 213 316 240 209 147 75 132 322 178 55 90 105 194 186 146 246 349 1 157 275 221 134 237 177 162 253 270 171 263 267 220 163
 294 26 110 296 199 204 297 202 58 180 194 200 300 154 122 195 201 204 80 176 149 176 75 277 210 157 1 271 192 102 81 309 283 238 180 44 315 198 70 144
 284 270 366 151 78 362 80 263 273 255 89 449 317 338 360 235 99 264 293 371 409 424 333 63 277 275 271 1 81 347 295 254 221 35 150 233 104 115 262 132
 269 191 291 173 36 307 130 222 194 192 27 376 297 276 288 178 70 225 222 308 333 351 257 108 220 221 192 81 1 274 217 253 217 47 91 154 154 65 183 62
 280 123 26 332 270 132 355 187 151 278 282 104 274 83 21 295 261 188 58 90 66 78 32 339 307 134 102 347 274 1 164 310 293 317 279 143 368 293 167 217
 370 57 161 353 235 281 338 280 29 123 209 245 379 230 184 146 248 282 158 248 188 225 133 317 147 237 81 295 217 164 1 381 352 261 169 80 359 198 35 187
 49 328 335 112 218 227 189 124 354 421 278 379 84 244 308 416 183 124 261 267 370 358 319 196 453 177 309 254 253 310 381 1 37 253 337 303 177 316 355 224
 68 300 318 85 183 224 159 112 325 387 243 368 104 233 292 382 148 112 241 259 355 347 299 164 419 162 283 221 217 293 352 37 1 218 302 273 150 281 325 189
 278 236 335 159 52 339 99 245 239 225 56 419 308 312 330 207 81 247 263 345 377 393 301 78 249 253 238 35 47 317 261 253 218 1 120 199 124 86 227 101
 348 167 290 263 125 347 216 286 155 106 68 379 371 306 297 88 157 288 238 336 328 355 254 194 131 270 180 150 91 279 169 337 302 120 1 137 241 36 139 119
 295 38 153 275 165 231 266 208 53 149 153 243 306 184 162 160 173 210 111 209 192 219 118 245 181 171 44 233 154 143 80 303 273 199 137 1 286 155 53 113
 218 322 390 67 127 344 26 231 334 345 174 462 254 335 375 329 114 232 310 366 432 437 361 48 371 263 315 104 154 368 359 177 150 124 241 286 1 209 326 174
 331 189 306 235 100 348 184 277 181 141 39 395 357 311 310 122 134 279 248 342 346 370 271 162 164 267 198 115 65 293 198 316 281 86 36 155 209 1 166 108
 346 46 169 322 201 273 305 259 18 112 175 257 357 223 187 130 215 261 149 245 202 235 137 283 142 220 70 262 183 167 35 355 325 227 139 53 326 166 1 154
 231 149 235 170 56 247 155 170 161 199 78 319 254 215 230 193 62 172 163 247 278 293 202 134 231 163 144 132 62 217 187 224 189 101 119 113 174 108 154 1
LAMBDA_SECTION
1  19
2  20
3  27
4  16
5  10
6  24
7  20
8  20
9  15
10  21
11  30
12  15
13  10
14  24
15  15
16  11
17  13
18  16
19  25
20  28
21  15
22  27
23  26
24  15
25  14
26  16
27  27
28  20
29  33
30  39
31  16
32  12
33  20
34  34
35  10
36  12
37  10
38  20
39  22
40  37
