NAME : domp240p60v3
COMMENT : (Deleplanque et al.) 
TYPE : DOMP
DIMENSION : 240
DISPLAY_DATA_TYPE: NO_DISPLAY
OPEN_FACILITIES : 60
COST_SECTION
 1 180 193 223 211 195 17 226 114 97 122 120 160 184 139 237 214 131 177 181 100 174 195 155 180 156 220 141 72 144 68 143 180 70 150 115 87 118 154 56 85 130 243 125 84 170 221 149 111 174 209 132 111 113 72 246 229 170 173 191 93 164 139 114 237 213 135 101 215 114 191 174 256 200 172 248 171 202 65 34 80 157 157 157 198 168 197 209 257 67 185 57 106 108 201 134 154 73 166 113 124 62 43 112 184 156 42 105 187 194 210 193 154 154 61 53 193 242 115 187 191 80 175 135 127 40 33 155 171 75 245 262 247 166 118 118 244 141 187 133 198 116 257 219 181 170 186 209 146 140 105 238 175 56 155 109 44 141 14 190 198 170 130 101 175 115 130 102 200 224 157 148 121 238 112 200 178 200 118 242 149 108 102 264 202 178 161 123 44 175 136 157 58 221 187 247 51 117 185 72 139 229 89 130 234 289 122 144 168 164 105 175 194 213 148 91 113 194 72 65 132 37 171 159 117 155 128 124 217 91 106 169 239 102 103 154 228 237 186 130
 180 1 305 383 88 100 164 388 241 156 196 272 296 10 300 163 335 302 13 265 101 339 130 321 130 332 49 122 150 212 216 142 196 238 267 186 263 201 127 191 190 309 391 141 105 185 51 130 239 311 357 310 189 85 207 402 91 209 326 147 87 117 134 193 187 366 80 80 37 80 155 280 141 353 288 138 305 108 154 197 254 128 24 222 41 292 342 108 207 239 19 184 281 223 207 234 223 247 220 281 282 119 140 113 260 320 184 164 337 266 354 361 325 323 232 201 311 399 205 236 127 240 253 314 298 197 151 330 62 196 242 233 381 64 66 189 379 310 355 302 69 111 409 329 305 284 63 353 275 174 129 204 260 132 254 73 210 318 167 255 315 321 293 277 268 162 309 280 222 374 147 145 249 255 283 100 279 39 198 380 315 271 279 206 256 348 123 154 141 306 57 206 221 249 118 386 209 256 11 115 268 101 160 210 392 220 294 321 322 193 169 299 366 135 326 92 219 150 214 241 297 174 349 332 215 187 244 300 298 122 88 313 367 277 261 331 122 102 289 215
 193 305 1 126 372 365 196 137 80 150 314 273 317 313 105 240 33 133 309 53 273 286 374 270 208 233 353 324 164 98 126 172 372 138 44 307 155 308 193 141 124 195 108 167 253 362 355 187 287 50 84 179 117 280 255 129 385 362 307 203 243 208 178 305 215 336 303 249 329 228 195 27 424 327 22 418 41 373 256 161 147 340 288 91 339 30 73 379 222 214 319 248 216 90 149 318 344 210 100 127 100 217 201 193 370 276 155 142 321 65 76 138 254 130 216 142 358 131 102 99 220 240 361 204 132 224 194 157 330 263 166 203 389 253 245 117 81 125 285 251 276 195 129 27 24 341 343 75 313 332 291 199 359 235 52 259 154 221 201 77 13 308 262 209 42 306 183 180 130 349 175 335 73 141 234 253 355 301 309 380 118 250 158 234 90 275 200 314 224 36 290 349 140 124 225 384 229 81 304 207 57 389 148 320 129 257 139 167 86 356 137 339 160 391 175 227 91 378 252 159 259 229 183 251 92 347 69 157 52 186 273 316 387 155 108 170 267 394 360 92
 223 383 126 1 431 417 234 13 146 233 323 246 283 389 86 354 103 97 384 174 321 226 417 217 314 169 429 362 234 204 169 271 388 154 135 320 143 315 292 193 196 144 41 260 303 381 430 286 276 85 43 126 206 332 259 27 448 371 258 312 304 308 275 315 333 273 355 311 413 304 305 142 478 268 126 470 95 424 284 194 146 378 362 203 410 113 54 431 343 205 393 263 182 166 268 312 345 196 215 112 102 272 251 277 360 225 202 229 269 189 52 42 196 74 211 185 325 21 191 219 327 228 353 149 100 236 241 90 389 272 290 326 332 343 317 210 75 85 218 206 372 280 41 128 106 316 404 52 287 352 326 320 347 277 159 321 182 164 235 200 115 261 223 177 161 329 132 149 251 286 279 367 140 265 199 355 334 389 317 322 76 222 133 355 214 209 301 340 265 97 351 358 168 248 329 324 235 129 384 270 124 449 227 324 12 379 107 107 62 371 224 308 62 435 111 293 174 414 252 162 217 252 102 189 180 363 151 116 175 263 325 274 335 132 124 102 374 456 337 189
 211 88 372 431 1 29 199 435 300 223 172 269 281 80 347 249 400 341 77 337 113 339 60 324 216 347 63 90 209 285 265 222 143 279 331 165 297 180 209 241 250 332 446 217 129 135 62 212 229 370 411 339 257 100 209 453 21 164 318 233 131 202 214 173 274 355 77 124 98 148 241 347 56 343 353 52 364 30 160 238 291 84 92 296 50 355 398 26 294 256 70 190 297 284 291 211 188 265 296 322 330 161 181 186 220 321 231 233 326 341 410 403 334 364 248 248 284 449 271 314 214 248 216 335 337 213 191 365 44 195 327 319 356 150 129 259 440 351 358 309 155 185 462 397 368 259 31 410 259 139 120 291 225 156 322 114 251 336 198 331 381 312 296 296 338 140 336 307 304 360 229 105 308 339 294 187 248 121 176 357 359 276 312 292 334 353 207 128 169 367 83 166 264 331 205 363 221 311 96 167 328 19 225 184 441 305 332 353 372 148 238 276 404 55 356 146 282 83 218 275 301 191 379 342 280 146 306 333 373 187 107 300 341 311 309 362 207 26 258 283
 195 100 365 417 29 1 184 420 290 219 146 244 255 93 332 261 392 325 88 333 97 315 34 300 223 325 87 65 201 281 253 223 116 264 323 139 280 154 213 230 242 312 434 216 116 108 85 215 204 359 399 320 252 87 186 440 48 136 293 240 122 207 215 147 284 329 64 117 118 147 247 341 62 317 345 55 354 9 140 224 274 57 98 293 67 346 386 15 304 235 84 169 276 276 294 184 160 244 295 307 316 150 169 184 193 297 219 228 300 338 399 387 311 348 227 236 257 436 265 314 222 226 188 315 321 193 179 347 42 172 333 328 329 158 128 254 430 336 333 286 168 184 449 390 360 232 38 398 233 112 98 299 197 141 316 107 236 314 183 329 373 286 272 275 333 115 316 288 307 334 232 78 298 342 272 199 220 136 150 330 344 253 294 304 333 329 212 102 153 357 78 138 250 333 213 336 200 300 110 159 318 40 219 157 427 319 316 335 360 121 233 249 387 36 337 140 275 57 195 259 277 172 360 319 274 118 298 316 369 183 94 274 314 294 295 344 221 50 230 278
 17 164 196 234 199 184 1 237 117 87 123 133 171 168 150 224 218 144 161 180 88 189 186 170 167 172 205 132 61 139 73 130 177 81 153 115 101 120 140 56 81 146 252 113 70 167 206 136 120 180 218 148 106 100 80 257 216 169 187 178 78 150 126 115 224 227 122 85 199 98 178 176 244 214 175 237 177 191 61 41 94 149 141 152 183 172 205 198 245 82 170 61 122 109 192 139 156 88 161 125 134 46 27 98 189 171 42 96 200 191 218 205 169 167 76 56 203 253 111 182 177 93 180 151 140 50 18 169 158 80 236 252 259 150 102 112 252 154 202 148 182 102 267 222 186 178 173 218 156 137 97 227 180 44 155 94 53 157 8 187 202 184 145 117 175 111 146 117 192 238 145 141 124 231 128 185 185 184 120 255 161 122 117 252 198 194 147 118 31 181 121 157 67 214 173 260 63 122 169 57 143 216 80 133 245 276 135 159 177 162 96 185 207 203 163 75 112 186 82 79 146 40 186 175 115 153 129 138 216 77 93 181 250 116 113 169 213 224 193 126
 226 388 137 13 435 420 237 1 154 241 322 242 278 395 90 364 116 97 389 185 324 219 419 211 322 163 434 364 240 213 174 280 388 157 145 320 144 314 301 199 203 140 52 268 307 381 435 295 274 95 55 123 215 336 259 33 452 371 252 321 309 316 283 315 343 266 359 316 419 310 315 153 481 261 136 473 105 427 286 198 147 380 367 213 415 124 65 434 354 204 398 264 179 174 279 310 344 195 225 114 107 276 256 284 358 219 206 237 263 200 64 38 190 74 210 189 320 26 199 230 335 226 350 145 101 237 245 87 393 272 302 337 325 350 323 219 87 86 210 202 379 287 47 140 117 312 408 65 284 352 328 330 344 280 169 326 185 159 238 211 127 256 219 174 172 330 128 147 262 278 288 368 148 277 195 363 331 396 317 315 77 219 133 365 225 202 310 341 268 108 355 357 172 259 338 316 235 136 390 275 133 452 234 323 17 389 108 104 70 370 231 303 54 437 106 298 182 415 252 164 213 254 95 183 189 363 159 114 187 269 329 269 328 132 128 98 383 460 333 198
 114 241 80 146 300 290 117 154 1 88 235 203 248 248 76 216 103 95 244 77 196 229 298 211 170 184 289 246 93 69 47 127 293 66 37 228 92 230 148 63 53 145 151 115 177 283 290 142 212 71 117 133 62 204 178 163 314 283 245 171 170 163 130 227 200 278 228 177 270 162 166 62 351 267 59 344 65 298 177 82 82 263 222 75 272 57 102 304 215 142 253 169 154 20 142 241 266 140 88 77 59 141 123 132 293 216 76 84 259 93 114 135 198 106 143 62 287 161 47 103 183 167 284 154 91 146 115 127 257 185 177 206 326 198 177 66 141 94 233 190 226 135 169 107 70 268 271 113 240 253 212 192 283 157 48 187 76 169 122 95 86 244 198 146 67 227 135 122 130 290 136 257 9 159 170 210 280 245 230 318 94 182 102 226 110 223 157 234 145 68 218 270 64 140 185 322 152 21 242 134 29 317 83 242 155 251 94 129 85 276 78 268 149 315 137 156 30 300 175 88 195 150 153 198 37 268 18 111 109 120 197 249 321 99 49 136 231 324 287 50
 97 156 150 233 223 219 87 241 88 1 205 215 256 164 157 148 180 167 160 116 134 263 233 243 93 232 204 187 28 64 79 50 249 110 112 195 142 203 67 59 39 198 237 33 115 238 206 62 206 157 204 192 35 137 166 250 236 246 267 100 98 82 50 197 142 306 159 103 183 78 98 125 277 293 133 271 150 227 139 84 130 203 139 77 190 137 189 232 162 157 170 147 188 69 106 225 239 160 81 146 138 80 73 45 273 246 65 11 281 121 200 218 238 185 154 73 289 248 50 102 106 175 264 206 163 136 74 199 182 166 150 166 343 111 96 36 224 171 273 221 139 48 256 175 150 265 194 199 242 211 160 142 265 108 100 113 92 217 95 113 160 265 222 181 116 185 192 169 107 317 64 204 95 146 200 127 271 158 202 338 174 201 157 170 120 263 76 188 100 151 142 235 94 131 105 343 147 106 156 64 114 241 10 215 242 195 162 196 172 236 15 271 229 247 202 80 63 240 168 124 222 126 223 241 60 227 89 174 152 37 131 264 335 155 120 204 151 245 280 61
 122 196 314 323 172 146 123 322 235 205 1 104 110 195 244 318 332 227 187 302 101 173 125 161 264 194 214 84 178 261 189 239 67 181 271 12 182 10 241 177 203 193 350 223 108 62 214 239 62 289 318 205 227 114 65 348 192 50 148 279 135 246 232 9 328 184 118 138 230 175 282 295 194 172 292 186 288 148 67 154 181 90 177 274 189 287 307 156 350 119 190 67 152 229 308 40 35 128 282 214 234 131 133 198 71 156 163 214 155 313 321 286 175 249 113 174 116 343 234 303 270 99 63 192 224 92 133 239 150 53 352 362 188 221 165 233 358 239 192 150 248 201 360 339 300 90 162 320 88 38 69 335 68 100 276 137 161 186 117 309 318 142 134 154 296 36 201 177 311 189 253 69 241 350 142 265 84 231 7 188 249 119 191 354 320 189 246 46 105 293 141 37 175 335 264 194 90 235 205 150 258 185 199 15 334 376 217 223 276 49 216 106 278 143 223 150 234 110 71 166 140 86 244 184 237 43 249 209 338 182 113 129 173 192 216 231 294 195 94 249
 120 272 273 246 269 244 133 242 203 215 104 1 45 273 181 355 283 156 265 279 173 72 228 57 298 94 301 180 191 254 162 261 166 138 236 108 121 96 272 165 195 104 279 244 169 164 301 268 43 236 252 121 224 189 66 272 289 144 57 310 191 282 258 101 356 97 202 197 308 223 310 262 296 84 253 288 239 248 119 136 127 190 249 265 275 244 245 256 376 63 271 89 65 207 317 76 112 65 276 152 177 169 157 229 117 53 154 222 69 294 257 205 72 175 64 154 86 266 223 296 308 41 111 100 155 84 150 157 239 77 360 380 129 276 221 231 296 169 90 48 307 233 285 297 254 72 253 257 43 141 152 357 104 144 250 201 134 90 126 294 273 52 31 71 269 131 115 101 314 107 276 170 208 350 48 314 90 301 99 123 179 25 121 383 308 86 279 143 139 244 217 132 142 332 304 128 71 195 279 185 219 283 207 98 256 408 147 140 213 149 221 67 193 246 137 197 216 214 59 117 37 103 153 81 222 145 220 133 311 209 185 50 121 124 166 146 343 293 92 236
 160 296 317 283 281 255 171 278 248 256 110 45 1 297 223 393 326 197 288 323 197 77 233 73 336 121 320 193 231 297 206 301 160 183 281 117 164 102 310 208 238 140 318 283 196 161 320 307 58 279 293 158 267 212 96 309 301 136 43 348 221 319 297 109 395 75 222 226 332 256 349 306 301 64 297 293 282 257 146 179 171 199 275 309 295 288 286 265 416 107 293 120 105 251 359 72 104 109 320 195 220 203 194 267 94 66 197 263 47 338 298 242 94 214 107 198 43 303 266 340 345 84 90 135 196 122 188 194 256 103 403 421 89 308 252 273 337 209 95 78 338 270 323 340 298 39 269 298 23 145 171 397 81 175 295 229 178 121 164 339 317 36 61 112 314 143 153 142 357 80 316 178 252 393 87 349 59 328 106 86 219 68 163 422 352 96 317 154 173 288 241 126 187 375 340 92 110 239 305 220 263 294 248 99 293 446 188 177 254 146 263 26 227 250 173 230 260 216 92 161 67 137 186 103 265 144 264 173 355 247 209 21 80 166 210 182 378 304 58 280
 184 10 313 389 80 93 168 395 248 164 195 273 297 1 306 170 343 307 10 273 101 341 124 323 139 336 41 119 157 220 222 151 192 243 275 185 268 201 135 197 197 313 398 149 107 181 43 139 240 319 363 315 197 86 209 408 83 206 327 155 92 126 143 193 195 367 79 84 36 87 163 287 133 354 295 130 312 100 155 202 259 124 29 230 33 300 349 101 215 242 11 185 284 231 216 233 221 250 228 287 289 124 144 121 258 322 190 171 338 274 361 366 328 329 235 207 310 406 213 244 135 243 251 318 303 200 156 335 57 197 250 241 380 73 73 197 387 315 357 304 76 119 416 336 313 283 56 360 275 171 128 212 258 135 262 76 215 322 171 263 323 322 296 281 276 160 313 285 231 375 156 141 256 263 286 108 278 44 197 380 321 273 284 213 264 351 132 152 145 313 57 203 226 257 126 385 211 263 17 121 275 93 167 209 399 227 300 326 328 190 177 298 371 128 331 98 226 144 216 246 299 177 354 335 223 184 251 305 306 129 89 313 367 282 268 336 129 93 288 222
 139 300 105 86 347 332 150 90 76 157 244 181 223 306 1 291 105 30 301 134 236 183 333 168 244 129 346 279 153 143 86 200 309 70 84 240 65 237 220 111 119 92 107 187 219 301 347 214 204 59 75 75 135 248 181 109 363 294 208 246 220 235 202 237 275 234 271 227 332 222 240 105 393 225 90 386 65 339 201 110 64 295 279 147 326 77 65 347 289 130 310 182 119 94 214 239 270 123 160 31 19 188 167 198 289 176 118 155 221 151 78 62 151 32 134 101 265 104 122 171 257 155 281 101 29 155 156 56 305 193 246 278 288 265 235 140 117 22 182 152 295 202 119 123 82 252 320 78 223 271 243 265 277 193 109 237 97 118 151 158 101 209 165 112 121 248 79 82 201 247 210 284 72 225 137 282 268 310 239 279 19 157 61 300 174 172 229 258 180 70 267 280 84 206 258 282 155 56 303 187 65 364 150 247 96 325 37 64 33 291 149 247 74 351 71 210 105 331 175 80 161 169 83 147 112 283 87 54 153 183 241 219 287 58 40 67 304 372 272 125
 237 163 240 354 249 261 224 364 216 148 318 355 393 170 291 1 271 307 174 188 222 408 289 389 58 379 197 266 168 152 224 99 341 256 220 308 288 320 84 206 182 344 346 116 211 329 199 89 338 271 317 337 158 213 298 365 250 347 409 49 184 75 100 312 34 449 224 182 159 144 52 217 301 436 232 299 261 269 256 230 276 278 166 153 201 243 303 270 48 301 181 275 335 198 93 348 351 305 141 287 274 193 200 127 389 391 211 145 423 179 310 350 384 321 297 219 420 365 171 143 49 316 380 352 304 273 207 340 221 294 102 78 481 106 156 153 320 309 419 367 96 124 366 254 252 394 225 309 376 309 256 55 384 223 197 185 239 364 230 166 252 406 366 328 199 289 338 316 113 460 85 288 221 126 345 64 396 131 317 477 310 344 303 44 157 410 77 286 222 259 197 340 240 131 56 482 285 237 154 174 233 261 157 331 361 60 304 339 297 333 149 404 364 296 346 169 188 306 302 271 367 257 366 387 180 325 207 318 207 148 211 404 471 300 259 347 47 260 406 168
 214 335 33 103 400 392 218 116 103 180 332 283 326 343 105 271 1 134 339 84 298 287 400 273 240 232 383 348 192 129 146 203 392 153 70 326 163 326 224 165 151 196 80 198 279 383 384 218 301 48 62 179 147 306 272 102 413 381 312 234 271 239 209 324 245 337 329 276 360 257 226 58 451 329 48 445 45 399 278 181 158 365 318 123 369 47 55 405 252 226 349 266 223 116 180 333 361 221 132 132 106 243 225 223 385 280 178 172 326 95 53 124 255 125 229 163 367 105 131 129 252 252 376 205 133 241 217 152 357 281 194 231 393 284 274 147 50 123 285 256 308 225 100 25 34 352 371 52 323 353 314 229 373 259 83 287 172 222 222 107 21 314 269 215 74 327 183 185 161 350 207 358 95 168 241 285 367 332 327 384 115 259 164 264 119 275 232 335 247 40 317 368 158 152 257 386 245 98 334 234 76 417 177 337 105 286 141 164 79 376 167 349 147 416 171 255 119 402 267 171 264 249 176 251 121 367 95 158 75 215 299 322 392 161 119 166 299 423 372 122
 131 302 133 97 341 325 144 97 95 167 227 156 197 307 30 307 134 1 301 160 230 155 323 140 257 101 346 268 159 163 90 213 292 65 110 224 47 219 232 115 129 64 126 198 213 285 346 227 182 88 97 47 150 243 163 122 359 276 180 261 218 247 214 219 293 205 265 226 335 226 256 132 386 196 118 378 94 332 190 106 52 284 280 168 325 105 90 339 308 109 310 167 93 111 235 218 250 101 182 22 38 186 165 206 267 148 119 166 193 177 102 63 123 24 115 103 239 117 138 195 270 133 259 72 5 140 154 34 301 176 269 300 260 272 237 156 141 14 153 124 303 210 135 152 111 227 316 102 198 256 232 285 255 186 133 235 93 89 144 183 129 182 138 86 147 234 51 57 223 218 224 271 93 250 111 293 244 314 221 251 24 132 38 319 198 143 241 244 174 99 264 262 82 230 271 254 139 75 305 188 90 359 159 229 108 344 11 36 58 275 162 221 65 342 44 210 122 319 157 68 133 157 60 119 130 267 108 26 181 188 236 192 259 36 49 42 317 367 247 144
 177 13 309 384 77 88 161 389 244 160 187 265 288 10 301 174 339 301 1 270 93 333 118 315 140 328 46 111 152 217 216 149 184 237 271 177 261 192 135 191 192 305 393 147 99 174 47 138 231 314 359 308 193 77 200 403 82 198 319 157 84 126 141 184 198 359 70 77 45 83 165 284 131 346 292 128 307 96 147 196 252 117 23 228 32 296 345 97 218 234 11 177 277 226 216 224 212 243 226 280 283 117 138 118 250 314 184 168 329 272 356 360 320 323 227 201 302 400 209 243 137 234 243 310 297 192 149 329 50 189 252 243 372 74 67 194 382 309 349 296 81 116 411 333 309 275 52 356 267 163 120 214 250 127 259 69 209 314 164 261 319 314 287 273 273 152 306 278 231 366 155 133 251 264 278 112 269 51 188 371 315 265 277 217 263 342 132 143 137 309 49 195 220 257 128 377 203 258 23 115 271 91 163 200 393 231 293 319 323 182 174 290 365 123 324 92 222 138 208 239 291 169 347 327 219 176 247 298 304 125 81 305 358 276 262 329 134 93 279 219
 181 265 53 174 337 333 180 185 77 116 302 279 323 273 134 188 84 160 270 1 246 304 347 286 159 256 313 299 135 54 120 126 355 142 51 294 167 298 146 126 101 217 159 125 227 345 314 141 286 92 133 203 83 251 250 180 349 348 320 152 213 160 133 294 163 353 273 217 286 191 144 33 391 342 50 386 81 341 240 152 157 316 250 44 301 63 121 347 171 217 280 237 229 75 98 313 334 215 50 147 123 191 178 154 364 292 140 106 335 18 126 180 273 163 218 131 362 181 71 47 171 242 355 226 157 217 173 189 296 255 118 153 402 209 209 80 132 155 306 265 230 155 180 69 69 343 308 125 315 316 269 148 354 214 30 227 149 242 186 27 65 320 274 221 14 289 206 196 79 366 127 314 74 94 246 205 354 257 298 394 151 258 175 183 42 296 153 295 204 78 256 336 138 76 176 398 225 90 263 177 70 354 116 310 179 206 162 195 125 340 101 344 200 362 203 195 69 353 248 164 271 217 216 271 66 331 60 180 38 152 244 325 397 172 121 200 217 359 361 57
 100 101 273 321 113 97 88 324 196 134 101 173 197 101 236 222 298 230 93 246 1 242 103 224 170 241 130 54 112 197 157 154 123 168 230 90 186 105 151 135 150 222 338 141 21 111 130 150 140 264 303 228 165 17 109 343 131 127 227 187 41 152 146 97 235 267 36 41 136 80 191 250 158 254 252 151 260 104 55 128 179 70 79 210 105 252 290 111 257 147 99 86 190 183 226 136 131 156 214 211 220 57 74 111 170 222 123 144 237 254 303 292 230 253 140 140 213 339 177 234 175 144 162 226 226 104 83 253 73 97 269 274 282 122 67 168 335 240 258 206 148 113 353 299 266 186 89 303 176 89 35 245 167 45 226 38 140 228 87 246 280 222 196 187 245 68 225 197 234 274 166 72 204 272 189 166 183 133 101 280 248 174 200 260 253 252 154 65 57 263 46 119 154 260 167 286 114 205 109 71 224 130 132 114 331 280 221 242 263 113 148 200 292 119 245 60 184 108 116 164 200 81 268 238 184 105 205 222 283 101 14 213 269 200 199 251 195 138 193 190
 174 339 286 226 339 315 189 219 229 263 173 72 77 341 183 408 287 155 333 304 242 1 297 21 352 58 370 251 241 290 196 312 231 166 256 178 138 165 325 207 236 92 264 294 235 230 370 321 112 241 244 110 264 258 134 251 359 208 37 362 256 336 309 170 404 51 272 262 375 285 360 280 366 43 268 358 247 318 187 180 148 260 317 299 345 257 240 327 423 109 339 157 77 238 359 141 175 104 312 160 187 230 215 285 170 20 200 268 45 320 251 185 33 166 114 194 111 244 259 329 363 100 166 84 155 145 206 140 309 147 399 423 108 337 285 271 289 165 20 43 369 289 265 306 264 114 323 251 94 210 222 403 157 209 275 268 173 67 183 323 283 43 47 85 292 201 105 109 352 64 326 240 231 385 65 373 135 366 168 98 174 70 130 432 338 21 333 214 202 252 286 197 176 366 360 100 133 215 346 244 236 354 254 166 235 457 148 125 210 215 266 99 166 315 119 260 248 283 126 145 44 167 125 38 255 212 246 130 330 264 253 59 110 133 184 127 402 364 132 271
 195 130 374 417 60 34 186 419 298 233 125 228 233 124 333 289 400 323 118 347 103 297 1 284 248 313 120 55 213 296 257 243 85 264 332 120 277 134 235 236 251 304 437 234 122 79 118 236 186 364 402 313 265 97 174 441 77 107 272 265 135 231 235 128 310 307 76 132 151 166 271 351 70 296 354 61 360 31 134 226 273 41 125 309 100 354 390 37 331 226 115 160 265 285 316 162 134 236 311 306 318 158 175 203 164 280 224 243 279 353 403 385 296 346 219 240 231 436 277 331 248 213 160 305 319 186 184 343 69 159 356 353 303 185 147 268 436 334 316 271 198 203 451 400 367 207 70 402 211 89 92 324 170 143 327 122 237 303 183 345 382 266 257 265 345 99 309 282 326 311 253 58 305 363 259 227 194 167 130 305 343 238 290 331 350 313 235 86 155 364 98 111 252 353 239 311 192 306 140 171 325 66 232 135 427 347 313 329 362 93 247 225 382 20 331 154 285 24 183 256 262 167 353 305 285 92 307 311 383 198 104 253 287 290 297 338 251 76 204 291
 155 321 270 217 324 300 170 211 211 243 161 57 73 323 168 389 273 140 315 286 224 21 284 1 332 50 353 236 222 271 177 292 221 147 239 164 120 152 306 187 216 78 254 274 217 219 353 301 99 227 232 96 245 240 117 243 344 198 42 342 237 317 289 157 385 68 255 244 357 265 340 264 352 58 252 344 232 304 170 160 130 246 298 280 328 241 227 312 404 89 322 139 58 219 339 130 166 84 293 144 171 211 196 265 164 9 180 248 54 302 239 176 22 153 94 175 112 236 240 311 343 82 159 70 140 126 187 129 293 131 380 404 121 318 266 252 277 151 35 23 350 269 256 290 248 111 307 239 87 198 206 383 151 191 257 249 154 54 164 305 267 46 29 66 275 187 91 91 333 81 306 227 213 366 45 354 131 348 156 112 160 51 113 412 320 30 313 199 183 237 268 187 157 347 340 115 114 197 328 225 219 339 235 154 226 437 133 113 197 205 246 98 158 302 108 241 229 270 109 126 25 148 117 31 236 200 228 116 313 244 235 60 121 116 166 116 382 349 130 252
 180 130 208 314 216 223 167 322 170 93 264 298 336 139 244 58 240 257 140 159 170 352 248 332 1 324 173 218 112 113 171 45 291 202 181 253 234 265 28 151 130 290 310 61 158 280 175 33 282 231 278 284 110 164 241 326 221 296 353 18 131 19 45 258 66 392 178 130 139 91 26 183 270 379 196 267 222 231 200 175 222 231 126 118 170 206 264 233 88 245 148 219 279 151 80 292 297 249 110 237 226 137 143 70 334 335 155 92 366 154 273 304 328 273 240 165 364 326 124 120 14 259 326 298 254 216 150 290 182 237 113 107 424 67 106 105 288 260 363 310 76 67 330 227 217 338 189 272 319 258 204 78 330 167 160 135 184 309 173 142 220 349 309 272 167 236 285 261 98 403 36 239 176 127 289 47 341 109 263 420 262 287 250 91 138 354 20 234 166 222 152 288 186 123 18 425 228 190 124 118 191 230 102 277 321 113 254 287 254 282 97 347 317 257 294 115 141 263 245 217 310 200 315 332 135 274 164 266 186 91 161 347 414 247 210 296 62 231 350 126
 156 332 233 169 347 325 172 163 184 232 194 94 121 336 129 379 232 101 328 256 241 58 313 50 324 1 369 262 214 248 158 281 258 126 207 196 94 185 297 174 200 40 207 264 230 255 369 292 135 187 187 55 227 256 140 195 367 236 90 332 246 310 280 189 371 107 274 253 368 268 329 230 381 101 217 373 193 330 188 151 106 274 309 257 345 205 184 338 389 95 335 158 52 195 320 169 206 86 270 110 135 216 198 261 209 58 170 235 101 272 194 128 29 109 102 161 160 188 219 286 336 101 203 31 102 137 187 83 312 155 358 385 165 320 272 234 232 110 53 47 352 265 208 252 210 157 327 194 131 230 229 367 195 202 228 260 141 16 167 277 229 94 65 56 243 215 51 65 311 120 295 256 184 341 55 351 177 355 189 155 118 77 82 398 292 44 306 228 192 199 283 224 140 322 334 157 128 167 338 227 187 363 223 190 178 424 96 69 155 241 232 146 110 332 63 246 206 302 132 109 58 161 68 21 214 236 200 78 279 240 250 108 167 86 136 70 378 372 177 229
 220 49 353 429 63 87 205 434 289 204 214 301 320 41 346 197 383 346 46 313 130 370 120 353 173 369 1 132 197 260 261 189 199 281 315 205 305 221 173 236 237 348 438 189 140 189 3 177 265 359 404 351 237 114 237 449 57 216 354 189 128 162 182 213 224 392 100 121 39 128 197 328 107 380 336 107 352 91 184 241 297 133 68 270 26 340 390 88 243 275 37 215 318 271 252 253 236 284 267 325 328 161 182 162 271 351 229 212 363 313 401 405 359 368 268 246 329 446 253 283 168 273 265 352 342 232 193 373 66 224 284 271 401 108 113 237 427 354 387 335 103 159 456 377 353 303 55 401 299 185 151 243 274 169 302 112 254 356 207 302 363 348 325 315 316 180 349 321 268 399 193 153 296 299 318 137 295 67 217 401 360 303 321 240 302 381 168 169 179 354 87 216 265 294 159 407 243 303 51 160 316 69 208 227 439 250 338 363 368 200 217 319 410 117 367 137 266 142 245 283 329 209 390 367 263 196 292 342 346 170 119 338 386 320 307 373 152 66 305 263
 141 122 324 362 90 65 132 364 246 187 84 180 193 119 279 266 348 268 111 299 54 251 55 236 218 262 132 1 165 250 204 206 76 210 281 76 223 91 201 184 202 250 383 194 74 65 132 201 140 311 349 259 218 56 122 386 110 88 229 235 93 200 198 84 283 266 44 91 152 130 240 301 121 254 303 113 308 69 80 172 218 18 107 263 108 302 336 78 304 173 112 107 213 234 279 123 104 182 267 251 264 110 124 163 141 232 172 197 237 307 349 330 246 292 165 187 198 382 229 288 221 162 134 252 265 132 132 288 68 108 321 323 270 162 114 222 383 280 269 221 183 164 397 350 315 172 79 349 170 54 37 294 142 90 278 85 183 251 130 300 331 223 208 213 297 51 255 228 287 272 217 24 254 325 208 207 163 159 87 271 288 188 236 306 307 265 203 39 102 311 71 85 198 313 213 277 138 253 132 124 273 104 185 96 373 325 259 275 308 72 201 189 328 74 277 112 235 55 131 202 213 112 299 255 236 66 256 257 336 154 60 211 255 236 243 284 234 114 174 243
 72 150 164 234 209 201 61 240 93 28 178 191 231 157 153 168 192 159 152 135 112 241 213 222 112 214 197 165 1 87 69 72 224 97 123 169 128 176 85 45 42 182 242 54 92 213 198 80 180 164 208 178 54 117 139 253 223 220 243 121 80 97 69 171 166 282 140 86 180 71 121 140 261 270 145 255 157 209 112 64 116 181 130 100 180 147 194 215 186 134 161 120 168 77 132 198 212 138 106 137 135 56 47 49 246 224 45 37 257 143 206 214 218 178 130 58 263 250 66 127 123 150 237 189 155 110 47 190 166 139 177 192 318 114 85 58 233 165 252 199 145 53 260 190 160 238 180 205 216 185 136 168 239 82 116 96 75 199 68 137 173 241 199 161 134 159 178 152 134 294 87 180 101 173 178 139 244 158 175 313 169 177 143 194 145 243 93 163 74 159 126 209 80 158 121 318 122 108 151 44 121 226 22 189 243 218 153 184 173 210 39 245 222 228 190 64 74 219 141 108 200 99 212 221 73 201 98 162 172 31 110 239 309 141 115 193 165 232 253 79
 144 212 98 204 285 281 139 213 69 64 261 254 297 220 143 152 129 163 217 54 197 290 296 271 113 248 260 250 87 1 95 75 310 125 70 253 155 259 96 91 61 210 198 72 178 299 261 90 253 120 167 199 35 200 215 215 296 305 301 110 162 111 82 254 133 336 222 166 234 138 103 72 339 325 85 333 111 290 197 120 144 267 197 14 248 94 153 295 147 192 227 199 213 54 73 277 295 192 23 145 127 142 132 101 327 275 104 54 315 58 162 199 261 174 191 100 334 215 32 44 126 214 318 219 159 183 129 195 243 218 111 139 380 157 156 30 177 162 295 249 180 102 218 119 105 312 255 161 286 271 222 124 318 168 48 176 121 234 146 50 109 300 254 205 58 245 201 185 63 349 79 266 72 97 228 157 321 205 258 374 161 235 167 158 59 286 104 249 159 110 204 294 115 79 130 378 192 89 210 127 82 302 67 271 211 183 162 197 146 296 50 315 215 311 204 143 43 304 215 145 253 178 222 261 36 287 57 178 89 100 194 302 374 164 116 204 173 306 328 20
 68 216 126 169 265 253 73 174 47 79 189 162 206 222 86 224 146 90 216 120 157 196 257 177 171 158 261 204 69 95 1 127 247 33 83 182 65 184 145 26 43 122 182 111 138 238 262 139 167 108 147 115 70 167 132 189 281 237 207 176 137 159 127 181 214 243 191 144 247 138 173 108 314 231 105 307 105 260 132 36 53 221 195 105 242 101 134 267 231 100 226 123 120 46 164 195 219 99 117 69 68 105 85 117 247 182 35 80 222 134 147 146 168 110 100 18 244 186 64 136 183 124 238 130 86 100 75 122 223 139 204 229 287 182 150 76 179 96 203 155 213 120 198 152 114 224 237 146 197 208 170 210 237 116 91 154 30 143 77 134 131 206 160 112 111 182 115 94 157 255 140 213 54 191 134 204 235 226 184 281 101 142 80 241 147 193 154 190 103 108 184 224 21 172 183 285 107 50 218 103 71 283 70 196 179 266 85 118 109 231 76 226 154 275 124 126 55 258 130 52 159 104 145 169 61 222 62 96 153 99 160 209 282 77 47 126 229 290 242 76
 143 142 172 271 222 223 130 280 127 50 239 261 301 151 200 99 203 213 149 126 154 312 243 292 45 281 189 206 72 75 127 1 275 159 141 229 191 238 22 108 85 247 270 19 137 263 191 16 249 190 238 240 66 151 208 285 230 276 314 51 114 38 9 232 95 353 169 115 161 78 50 146 276 341 158 272 182 231 173 133 179 220 131 83 181 166 223 235 116 205 159 187 237 108 74 263 272 209 79 193 182 109 110 44 309 295 113 48 328 125 233 261 287 229 201 122 331 284 81 95 58 221 300 255 209 180 115 246 183 206 117 125 388 84 97 62 251 216 322 270 106 42 290 193 178 306 193 232 286 238 185 98 303 140 122 123 141 266 138 114 183 312 270 230 132 214 241 218 84 365 16 225 133 121 248 85 311 132 237 384 218 248 206 123 114 312 31 215 136 181 147 266 143 111 59 389 192 146 139 90 148 238 59 251 279 147 209 243 211 263 52 314 273 255 250 95 98 255 211 174 270 167 270 290 92 255 122 222 158 58 146 310 379 203 166 252 105 241 320 85
 180 196 372 388 143 116 177 388 293 249 67 166 160 192 309 341 392 292 184 355 123 231 85 221 291 258 199 76 224 310 247 275 1 244 329 70 247 75 273 232 256 258 414 261 138 13 197 272 125 351 382 271 276 129 130 414 161 26 202 308 163 273 267 74 356 232 120 163 224 202 313 352 147 222 350 139 350 114 117 213 246 69 182 323 175 347 371 121 378 185 184 128 217 285 347 92 57 194 329 279 297 170 179 232 81 215 218 259 205 365 384 351 237 315 179 231 150 408 285 350 295 165 78 258 289 155 183 305 138 117 390 395 221 237 187 281 421 305 251 213 258 234 426 398 360 129 145 384 140 41 91 367 88 143 331 157 221 251 172 359 377 195 196 220 351 67 267 243 353 235 287 54 300 392 206 282 113 234 73 224 314 183 256 380 368 249 275 62 152 354 147 35 236 378 287 230 155 295 206 188 317 151 245 69 399 400 282 289 340 19 262 147 344 98 290 181 288 64 137 230 202 144 309 246 290 26 305 275 392 220 132 180 205 258 278 298 309 161 122 300
 70 238 138 154 279 264 81 157 66 110 181 138 183 243 70 256 153 65 237 142 168 166 264 147 202 126 281 210 97 125 33 159 244 1 99 176 33 175 176 53 75 90 174 142 151 235 282 171 150 109 140 83 101 180 120 177 296 231 180 208 154 190 158 173 246 214 203 162 271 162 205 125 325 202 118 317 109 271 133 42 21 226 216 134 261 110 129 278 263 77 246 117 90 73 195 182 209 74 147 45 55 122 101 145 234 152 55 112 194 158 142 126 137 87 79 40 222 173 95 164 215 103 225 98 61 90 90 94 238 130 234 260 261 210 172 108 178 74 172 126 241 149 188 163 121 204 253 141 176 205 174 242 222 124 113 171 29 111 82 159 140 179 133 82 132 181 83 62 187 226 171 216 70 220 106 234 218 251 176 253 81 117 48 273 174 162 185 190 112 113 200 217 18 201 214 257 94 58 241 124 82 296 101 186 164 298 58 88 99 227 108 204 129 283 94 146 83 262 116 23 131 102 116 138 90 218 83 66 173 126 173 184 256 46 36 97 259 304 223 106
 150 267 44 135 331 323 153 145 37 112 271 236 281 275 84 220 70 110 271 51 230 256 332 239 181 207 315 281 123 70 83 141 329 99 1 264 120 266 162 98 82 168 130 133 210 319 316 156 247 52 99 153 79 237 214 147 344 319 274 178 202 177 146 263 199 306 260 207 293 188 171 27 383 295 23 376 42 331 213 118 111 297 249 69 300 27 85 337 211 176 281 205 183 48 136 277 302 172 82 98 73 174 158 155 329 245 112 105 289 68 93 134 225 114 177 99 321 146 63 89 194 201 320 177 108 182 150 139 288 221 164 197 356 218 205 81 113 106 258 219 244 158 150 71 39 302 302 92 274 289 248 187 318 192 26 218 112 193 158 74 51 275 228 175 38 263 156 148 120 318 147 292 31 142 200 224 315 267 267 348 102 214 127 222 90 248 170 270 180 42 248 306 99 123 197 352 188 43 267 165 21 348 108 278 142 247 113 145 80 313 99 302 153 348 153 186 50 335 211 121 225 186 166 223 53 304 26 131 76 147 230 281 353 124 73 150 241 354 321 57
 115 186 307 320 165 139 115 320 228 195 12 108 117 185 240 308 326 224 177 294 90 178 120 164 253 196 205 76 169 253 182 229 70 176 264 1 178 17 231 169 195 192 346 213 98 63 205 229 67 284 314 204 218 104 62 345 185 56 154 269 125 235 222 9 317 191 108 128 220 165 272 288 189 179 285 181 283 142 58 147 177 84 167 265 180 281 303 150 339 117 180 60 152 222 298 49 45 126 273 210 229 121 123 187 82 160 155 205 162 305 316 283 177 246 111 166 126 340 225 294 260 99 73 192 221 87 124 237 141 49 342 352 197 210 155 224 353 236 197 153 237 190 357 333 293 99 153 316 95 35 58 325 78 90 268 127 155 187 109 301 311 148 137 153 288 27 200 175 302 197 243 63 234 340 143 254 94 221 13 197 246 120 188 343 311 193 235 38 96 287 130 43 169 325 253 203 86 229 195 140 252 178 190 25 331 365 213 222 272 52 207 115 277 139 222 140 226 107 70 161 143 79 243 187 229 44 242 207 330 171 103 136 183 189 211 230 283 188 104 240
 87 263 155 143 297 280 101 144 92 142 182 121 164 268 65 288 163 47 261 167 186 138 277 120 234 94 305 223 128 155 65 191 247 33 120 178 1 175 208 85 108 57 169 174 170 240 306 203 141 117 138 51 133 199 118 168 315 231 155 240 178 222 190 174 278 187 221 185 297 190 237 146 340 176 135 333 120 287 144 67 13 238 240 164 283 125 129 294 295 66 270 121 64 102 226 175 206 60 177 34 58 145 124 176 226 126 84 144 169 183 142 109 107 70 71 71 205 163 126 193 247 91 218 66 44 94 113 69 257 130 265 292 237 239 199 140 180 59 142 99 271 180 180 177 135 190 272 142 161 210 187 274 214 142 138 194 55 80 100 186 154 156 109 56 156 187 51 31 218 199 204 225 94 249 81 265 205 279 176 229 68 97 17 305 202 132 217 198 130 125 222 217 49 230 246 232 93 79 267 150 101 315 133 184 154 331 37 59 97 229 140 187 107 296 64 172 113 273 112 23 106 111 87 107 120 221 109 38 195 156 192 162 233 16 48 69 291 323 210 136
 118 201 308 315 180 154 120 314 230 203 10 96 102 201 237 320 326 219 192 298 105 165 134 152 265 185 221 91 176 259 184 238 75 175 266 17 175 1 242 173 200 184 343 223 111 71 220 240 54 283 311 197 225 118 57 341 200 57 140 280 138 247 232 9 328 176 124 141 236 177 283 291 203 164 287 194 283 156 67 149 175 98 182 271 195 282 301 165 350 112 196 62 143 225 307 33 37 120 279 207 227 131 131 198 71 147 159 212 147 310 314 278 166 242 105 169 111 335 230 301 272 91 62 184 217 86 131 231 156 46 351 362 181 224 168 230 351 232 183 141 251 201 353 334 294 84 169 314 80 47 73 335 66 100 272 141 156 178 114 306 312 134 125 145 292 42 192 169 309 181 253 78 236 348 133 268 79 236 5 181 242 110 183 355 317 180 247 53 104 287 146 44 170 333 265 187 83 230 210 150 253 193 197 13 326 377 209 215 269 58 214 99 270 152 215 152 230 119 64 159 131 82 235 175 234 51 244 202 334 181 117 121 167 185 210 223 297 203 90 245
 154 127 193 292 209 213 140 301 148 67 241 272 310 135 220 84 224 232 135 146 151 325 235 306 28 297 173 201 85 96 145 22 273 176 162 231 208 242 1 125 104 264 291 35 137 261 174 7 256 212 259 258 87 146 216 307 216 275 326 39 111 17 19 235 88 365 162 111 142 72 42 167 264 353 179 260 203 221 177 148 196 215 118 103 166 187 245 224 109 218 144 194 252 128 83 268 275 222 98 212 202 113 118 45 312 308 128 67 340 144 254 281 302 249 213 138 339 306 102 112 40 232 303 271 229 190 124 265 172 213 122 124 398 66 89 83 272 236 336 283 85 42 311 213 199 313 181 253 294 238 183 95 306 143 143 118 157 282 147 132 204 323 283 245 152 215 258 235 97 376 22 222 154 131 262 64 316 113 240 394 238 260 223 114 131 327 10 214 141 203 138 267 160 123 39 399 202 167 122 93 170 224 76 254 300 138 228 262 232 263 72 322 293 246 268 93 119 248 220 190 283 174 289 305 113 254 143 240 176 65 142 320 389 221 185 270 85 227 326 106
 56 191 141 193 241 230 56 199 63 59 177 165 208 197 111 206 165 115 191 126 135 207 236 187 151 174 236 184 45 91 26 108 232 53 98 169 85 173 125 1 32 140 206 91 116 222 237 119 164 130 171 135 60 144 126 214 257 224 214 158 113 138 107 169 199 251 168 119 222 113 156 121 291 239 120 284 125 238 116 30 73 201 170 103 218 119 157 244 217 104 201 112 131 53 154 188 209 106 113 93 93 82 62 93 240 191 15 62 228 138 170 171 181 135 102 15 244 211 60 134 163 125 230 148 110 93 54 145 199 130 196 218 292 158 125 67 201 121 216 165 190 97 222 168 132 222 214 169 196 193 151 197 230 95 100 130 35 159 61 136 148 212 168 124 120 167 135 111 150 263 122 195 70 186 144 182 231 201 173 286 126 148 100 226 148 206 133 173 83 128 160 211 37 169 162 291 102 71 193 78 90 259 50 185 203 251 108 140 133 217 60 226 178 253 146 101 58 238 125 67 167 92 168 183 62 208 74 118 162 75 137 213 285 98 72 149 207 266 239 75
 85 190 124 196 250 242 81 203 53 39 203 195 238 197 119 182 151 129 192 101 150 236 251 216 130 200 237 202 42 61 43 85 256 75 82 195 108 200 104 32 1 164 202 70 130 245 238 98 194 123 168 157 29 156 155 214 264 249 244 134 121 119 86 196 172 281 180 126 218 110 131 101 302 269 104 295 117 250 140 60 96 218 170 73 221 106 154 256 190 134 202 140 160 36 124 217 236 136 83 108 100 94 79 82 268 220 44 38 258 111 166 180 209 146 132 43 274 212 31 104 142 156 259 172 125 123 74 162 207 158 166 189 323 148 126 36 192 133 244 194 178 85 221 150 119 252 221 165 227 216 170 168 259 115 78 137 64 185 87 107 132 242 198 152 97 190 157 136 119 293 98 215 60 156 173 165 261 194 200 316 136 178 122 199 118 234 113 195 104 118 167 237 61 138 142 321 132 69 190 84 80 267 32 212 205 224 125 159 135 241 34 256 190 268 166 105 35 256 155 93 197 119 186 210 36 232 57 138 137 68 150 244 316 119 82 167 188 273 269 46
 130 309 195 144 332 312 146 140 145 198 193 104 140 313 92 344 196 64 305 217 222 92 304 78 290 40 348 250 182 210 122 247 258 90 168 192 57 184 264 140 164 1 179 230 210 253 348 258 138 150 155 19 190 237 132 170 351 239 119 297 222 277 246 186 335 142 257 229 344 240 293 192 370 134 179 362 156 318 173 119 69 264 286 218 325 167 150 326 352 79 313 145 42 157 282 175 210 69 231 71 97 191 171 229 220 86 137 200 131 234 162 103 60 76 86 126 182 163 182 247 302 94 213 10 64 121 160 54 295 147 320 347 198 291 246 197 200 74 91 64 323 233 183 215 173 174 310 162 145 226 216 330 207 181 189 238 108 27 142 238 192 121 80 40 204 208 14 30 272 155 260 248 145 303 57 320 192 328 187 189 83 81 44 361 253 81 272 220 170 161 263 226 105 284 301 191 113 128 314 199 148 349 189 191 154 387 57 37 120 241 197 165 90 323 34 219 168 295 124 75 75 143 52 56 175 234 161 39 241 209 231 132 198 47 97 43 346 358 194 191
 243 391 108 41 446 434 252 52 151 237 350 279 318 398 107 346 80 126 393 159 338 264 437 254 310 207 438 383 242 198 182 270 414 174 130 346 169 343 291 206 202 179 1 261 319 407 439 285 307 81 36 161 207 348 286 26 461 399 295 306 317 306 275 342 322 312 372 324 419 312 299 130 495 306 115 488 89 441 306 212 170 399 371 195 421 105 50 448 329 233 403 288 216 169 256 342 374 226 205 137 120 286 266 281 392 262 216 232 307 172 38 80 234 106 239 199 360 31 191 206 322 258 384 185 128 261 256 126 404 298 273 309 371 346 327 210 39 113 257 242 373 284 22 102 94 350 418 39 321 377 347 306 379 295 151 334 200 201 254 184 96 298 258 210 148 353 166 181 237 325 275 389 143 246 233 353 368 394 344 361 103 255 162 341 197 248 299 363 282 89 364 386 186 230 326 363 261 136 392 282 125 464 233 352 36 364 136 143 76 397 226 343 101 455 147 304 175 435 280 186 253 274 141 227 180 389 150 147 153 270 341 310 373 160 140 139 370 470 371 186
