NAME : domp180p45v1
COMMENT : (Deleplanque et al.) 
TYPE : DOMP
DIMENSION : 180
DISPLAY_DATA_TYPE: NO_DISPLAY
OPEN_FACILITIES : 45
COST_SECTION
 1 179 367 248 281 211 349 205 324 332 73 260 243 274 79 210 353 21 268 291 261 385 64 197 351 146 144 72 179 56 342 125 413 27 284 114 56 159 216 193 279 409 89 348 141 139 253 179 268 170 282 309 323 75 150 234 286 99 122 192 306 190 296 77 336 74 369 252 199 133 317 133 393 382 73 123 230 270 75 265 87 309 105 321 226 225 309 166 347 111 91 215 279 163 355 48 114 77 259 16 201 214 296 164 154 377 199 218 160 189 234 343 51 306 295 187 328 225 242 255 327 255 289 54 182 387 312 253 301 117 205 186 177 199 176 73 319 347 250 18 133 331 229 217 86 371 248 145 257 275 214 104 31 101 215 329 189 233 41 292 19 188 139 290 364 133 213 319 324 221 215 189 181 208 239 92 143 180 119 82
 179 1 218 290 184 280 248 108 146 155 231 182 263 306 148 103 184 160 302 117 263 291 180 80 182 122 91 184 218 226 175 221 301 205 106 177 217 66 39 87 193 299 204 182 50 261 90 67 201 257 132 139 227 117 58 247 108 88 134 62 252 122 119 136 179 191 227 117 169 179 157 150 265 253 124 130 262 309 178 135 205 162 235 160 82 71 152 139 233 110 240 312 101 25 197 145 89 131 118 165 88 295 128 141 252 242 38 92 121 57 97 259 187 139 278 107 170 120 250 121 154 147 168 127 5 286 137 121 147 247 29 158 162 102 230 111 141 179 202 183 59 270 83 70 227 243 210 40 245 128 188 236 162 130 164 156 94 158 169 115 167 251 227 198 215 84 53 150 264 53 44 205 40 117 238 110 206 141 65 227
 367 218 1 324 122 346 114 304 152 128 433 153 287 321 360 160 70 352 322 122 266 143 388 171 229 234 307 393 290 398 69 340 119 391 162 393 416 280 185 288 138 122 415 241 233 474 128 275 165 350 88 95 118 293 220 272 172 298 351 178 190 189 143 347 42 341 23 277 215 396 251 263 71 63 296 258 299 330 388 105 416 278 445 63 145 240 67 352 84 260 445 393 172 220 270 321 304 342 110 356 167 366 99 228 356 44 230 276 220 259 134 145 391 223 249 312 260 148 268 279 97 125 91 324 213 130 117 115 261 381 210 219 232 301 307 315 160 231 192 364 275 185 142 155 376 61 205 234 244 264 218 446 341 345 192 97 297 164 372 139 350 326 336 128 5 235 167 84 186 218 215 265 248 313 254 277 307 212 255 433
 248 290 324 1 203 48 234 384 387 378 312 173 38 29 311 214 358 252 22 335 62 244 309 228 453 170 334 318 77 226 348 126 290 252 359 353 295 328 303 364 187 284 336 457 247 383 289 342 160 88 278 333 216 218 234 53 367 280 341 242 149 179 356 301 319 175 310 406 130 370 440 148 301 295 211 168 30 23 318 244 334 449 350 319 255 360 303 378 253 194 331 90 360 267 478 218 302 298 257 252 222 63 320 150 106 303 327 377 170 340 248 207 298 416 95 373 453 209 56 410 352 212 238 255 289 255 353 245 434 156 314 136 130 377 74 270 388 451 133 232 296 169 258 258 179 286 120 258 82 416 116 348 223 321 146 354 366 171 285 349 235 62 112 197 319 211 274 334 164 340 331 86 323 391 70 209 107 154 246 324
 281 184 122 203 1 225 70 290 209 194 353 32 166 202 298 85 160 271 202 158 146 111 318 107 286 137 269 325 172 300 151 228 133 302 195 337 335 247 170 270 19 129 348 295 172 407 124 250 45 232 91 146 45 210 155 151 205 238 303 124 85 92 184 284 119 239 110 285 100 346 290 158 117 107 210 161 178 211 321 61 347 309 374 124 106 238 109 319 68 172 368 273 200 172 321 234 252 279 81 274 100 245 137 123 240 109 213 269 123 239 92 76 316 261 136 290 302 67 148 288 163 38 38 249 180 109 171 72 291 270 193 107 120 285 189 248 214 286 71 274 228 94 107 118 270 96 84 179 124 283 99 374 252 290 77 164 277 52 297 177 264 206 222 16 118 156 137 144 90 213 206 146 223 299 134 193 193 106 190 357
 211 280 346 48 225 1 266 365 391 386 271 194 72 75 280 218 372 218 69 340 100 281 273 228 452 160 311 282 64 183 361 87 326 211 360 320 255 309 299 346 210 319 299 455 233 343 293 325 185 43 290 342 245 192 223 80 367 256 313 240 185 181 360 270 335 138 334 393 137 338 435 132 331 324 185 152 54 67 283 257 297 441 310 333 258 349 317 353 282 175 290 50 360 256 473 187 279 268 267 217 224 21 329 145 61 330 316 362 165 325 254 242 261 413 137 353 447 217 87 397 362 227 257 225 280 291 360 255 426 111 306 139 129 358 51 242 391 449 157 194 277 207 262 259 136 314 144 244 115 406 129 308 189 293 158 364 348 185 249 353 199 30 73 222 341 198 272 345 201 331 323 86 309 372 97 187 79 154 228 284
 349 248 114 234 70 266 1 352 244 224 421 91 198 225 367 153 175 339 227 199 173 44 387 175 323 204 335 394 222 365 169 285 66 368 239 406 403 313 229 332 71 61 417 333 240 476 176 314 88 281 134 179 27 279 223 187 250 307 371 190 87 161 224 353 134 303 93 341 159 415 335 223 69 65 278 227 214 235 390 116 416 357 443 148 167 296 138 385 30 240 437 315 246 239 361 302 321 348 135 342 167 285 174 188 292 78 275 329 190 301 153 33 385 306 147 354 346 135 181 344 190 104 83 318 244 40 205 129 339 328 253 169 181 347 239 317 250 324 115 341 296 75 167 180 331 58 125 246 153 335 152 443 320 359 138 191 340 117 366 218 331 253 277 60 110 225 199 172 78 271 265 197 286 361 169 261 249 171 258 425
 205 108 304 384 290 365 352 1 185 205 225 290 361 403 136 210 254 186 398 186 364 395 170 187 172 216 62 169 308 260 248 292 401 228 152 137 218 57 125 22 300 400 180 164 140 224 182 44 308 335 227 213 332 177 156 345 146 115 96 169 359 227 172 132 263 249 318 56 271 127 128 237 361 349 185 216 356 404 162 237 183 111 209 243 186 66 240 64 334 192 225 389 143 125 162 193 94 130 219 190 195 377 206 239 325 336 79 32 220 52 201 365 184 131 382 20 136 227 349 58 220 254 271 158 111 390 199 224 109 306 100 259 260 8 316 137 177 167 308 217 89 377 186 174 279 341 315 129 348 83 290 212 204 110 269 222 18 265 175 174 201 336 302 305 303 175 155 225 372 87 91 300 69 10 339 180 288 242 139 214
 324 146 152 387 209 391 244 185 1 25 373 229 353 395 286 174 85 305 393 53 341 282 320 165 81 238 213 322 328 370 84 350 268 350 41 306 361 186 110 175 226 270 341 92 189 394 99 172 248 379 119 66 234 260 187 336 42 231 260 156 293 211 32 275 115 330 172 142 258 302 101 271 221 211 266 256 358 401 316 151 342 129 372 97 134 123 106 245 216 243 380 432 48 164 120 288 226 271 134 310 168 409 73 248 377 193 132 154 230 155 139 269 329 74 341 199 109 179 335 143 56 183 174 272 143 272 40 146 113 383 121 254 263 184 343 255 10 82 265 328 198 299 130 133 366 206 277 182 320 122 271 374 306 263 242 56 185 220 313 39 312 364 353 223 152 213 124 73 297 111 115 307 153 192 321 249 327 238 208 368
 332 155 128 378 194 386 224 205 25 1 385 216 344 385 299 168 60 314 383 47 331 262 332 162 102 237 229 336 323 376 60 350 245 358 55 322 372 201 118 194 211 248 355 114 194 409 94 188 235 376 105 49 216 265 191 327 60 242 276 156 278 206 38 288 93 333 149 165 251 319 125 270 198 188 271 256 350 391 329 138 356 154 386 77 129 141 88 263 196 245 393 428 64 171 143 294 239 283 123 319 164 404 60 244 376 170 147 175 227 172 132 250 340 98 328 218 133 170 326 166 34 171 157 281 152 250 26 135 137 384 133 248 258 204 338 266 35 104 253 335 210 282 125 131 369 184 266 189 309 146 263 387 313 278 233 34 204 209 324 41 319 360 352 207 129 216 125 53 280 127 129 301 168 213 312 253 325 233 215 380
 73 231 433 312 353 271 421 225 373 385 1 332 311 339 91 279 412 83 332 346 330 457 56 263 388 217 170 57 247 90 402 187 485 61 333 97 19 193 269 220 351 481 51 382 202 73 313 211 341 229 346 367 395 144 213 303 333 144 130 255 378 261 348 100 399 139 436 278 271 115 348 205 463 451 144 196 296 333 64 332 49 335 43 383 289 262 372 170 418 182 20 265 326 219 384 120 149 104 324 80 268 270 355 236 211 445 243 246 232 225 299 416 45 344 365 205 358 294 311 281 383 325 358 110 235 459 367 320 330 165 253 259 249 221 242 121 367 383 323 86 176 403 293 279 137 440 320 203 328 304 286 41 103 117 287 385 213 304 63 345 91 251 201 362 430 201 273 378 396 265 260 259 222 225 309 161 211 252 179 18
 260 182 153 173 32 194 91 290 229 216 332 1 136 174 283 80 187 251 174 177 118 126 300 103 303 116 262 308 141 275 177 198 156 279 209 324 314 243 175 269 21 151 331 311 162 389 137 248 21 201 112 168 65 191 145 121 220 226 292 121 72 75 201 269 147 213 142 290 71 334 302 133 146 137 190 138 147 182 305 79 330 319 356 150 112 242 134 312 96 152 348 242 214 167 336 213 242 264 96 253 95 214 157 98 210 139 215 271 102 238 99 86 298 275 113 287 315 64 118 294 186 47 66 231 179 128 191 85 302 241 196 79 92 284 158 233 232 303 41 251 221 88 114 122 243 126 54 170 96 291 68 356 230 278 49 188 275 29 279 194 242 175 192 33 149 141 141 167 83 218 210 115 221 299 104 174 164 81 177 337
 243 263 287 38 166 72 198 361 353 344 311 136 1 45 300 181 321 245 41 300 29 211 301 196 421 146 314 310 65 229 311 129 256 251 326 342 294 306 273 340 150 250 330 425 222 380 255 319 123 101 242 297 179 203 208 18 335 263 326 212 115 147 323 288 282 173 273 379 98 359 410 129 265 259 197 148 20 49 310 208 329 421 347 283 222 332 267 361 217 174 330 120 328 241 447 208 284 285 222 245 191 90 285 124 118 266 300 352 143 315 215 173 292 385 67 352 423 175 19 383 317 176 201 242 262 221 318 210 405 166 286 106 102 354 71 255 355 419 96 228 275 137 225 226 184 249 83 233 46 388 82 345 216 307 112 318 344 135 277 316 228 70 116 160 282 187 243 299 131 311 303 63 298 369 34 192 101 124 224 322
 274 306 321 29 202 75 225 403 395 385 339 174 45 1 336 224 360 278 8 343 57 231 335 240 464 188 355 344 100 253 350 153 278 279 369 378 323 348 317 383 185 271 362 469 265 410 297 361 158 116 283 338 209 241 251 61 378 302 365 255 139 191 365 325 320 202 306 423 141 395 454 169 293 288 235 189 49 12 344 249 361 464 377 322 265 376 307 400 247 214 358 113 371 284 491 243 324 322 263 278 234 87 326 167 134 297 344 395 187 358 257 196 324 429 80 393 466 217 60 426 358 216 239 279 305 242 360 251 448 183 330 150 145 396 100 293 397 462 134 258 317 156 268 270 206 279 121 276 79 432 125 375 249 345 155 359 386 177 310 358 261 90 139 195 317 229 286 339 151 355 346 104 341 411 75 231 133 168 266 351
 79 148 360 311 298 280 367 136 286 299 91 283 300 336 1 217 332 65 330 264 313 407 36 197 298 174 80 37 237 133 322 195 427 97 246 44 83 103 186 129 300 424 57 292 130 115 235 121 296 241 273 286 342 100 146 288 245 64 44 185 341 210 262 15 324 145 367 188 235 60 258 175 399 387 105 159 289 333 31 266 58 245 88 306 217 172 296 89 359 136 96 290 239 142 294 94 61 20 254 68 203 286 275 197 227 379 155 156 185 135 229 368 49 253 342 117 268 234 295 191 301 265 295 59 152 406 283 252 240 194 167 221 215 131 238 52 280 293 284 96 91 364 220 206 164 376 285 128 304 214 252 89 92 27 244 303 123 255 42 260 84 254 208 309 358 143 196 298 358 176 172 240 134 138 289 115 205 209 110 83
 210 103 160 214 85 218 153 210 174 168 279 80 181 224 217 1 162 197 221 123 173 194 239 24 241 77 185 246 155 239 151 189 212 233 146 255 262 165 99 190 92 209 268 246 89 328 76 169 99 209 80 127 129 137 72 164 155 156 219 42 150 39 144 202 133 184 159 213 85 263 232 108 185 174 138 101 185 229 241 56 268 246 296 124 42 165 109 236 143 102 293 260 148 89 268 164 169 197 55 201 16 236 113 78 211 168 136 192 64 159 37 159 239 207 181 209 245 19 165 216 147 50 81 171 100 192 143 46 229 227 117 80 90 205 171 167 176 239 104 206 145 168 46 47 219 163 114 95 153 216 100 297 183 208 71 149 196 57 220 137 193 192 188 98 156 79 66 132 162 141 133 134 142 220 151 120 160 65 108 281
 353 184 70 358 160 372 175 254 85 60 412 187 321 360 332 162 1 336 359 71 304 209 363 164 160 237 268 367 312 391 12 350 189 378 104 359 397 241 147 240 178 192 388 172 213 445 101 231 204 368 84 46 172 281 205 305 113 271 315 164 240 198 84 319 44 341 92 220 236 359 185 269 141 132 285 259 331 368 361 116 389 213 419 40 131 189 56 308 146 254 422 417 114 194 201 310 272 314 108 340 163 391 59 238 371 113 187 224 225 214 127 204 369 158 295 265 193 157 303 221 35 147 123 304 180 197 57 119 196 387 169 236 248 252 328 292 94 162 227 353 242 241 127 138 377 129 240 211 282 203 244 420 330 313 215 34 250 188 350 82 338 349 349 171 72 226 141 35 240 170 170 287 207 262 289 267 321 224 235 410
 21 160 352 252 271 218 339 186 305 314 83 251 245 278 65 197 336 1 272 273 260 376 58 182 332 136 125 67 181 75 325 133 403 47 265 103 66 139 197 174 270 399 87 328 124 142 236 159 261 179 266 291 314 62 134 234 266 79 105 176 300 179 277 60 320 81 355 233 193 122 297 128 381 369 62 116 232 274 67 251 86 289 108 305 210 205 293 149 336 100 99 226 259 144 335 40 94 60 243 6 187 223 278 156 163 363 180 198 150 169 219 335 50 286 293 168 308 212 242 236 309 243 276 34 163 377 294 239 281 130 185 180 171 180 179 53 300 327 244 33 114 325 213 201 100 358 243 127 255 255 208 107 30 85 207 311 170 223 34 274 20 193 146 280 349 119 196 301 318 202 196 188 161 189 238 79 146 172 101 87
 268 302 322 22 202 69 227 398 393 383 332 174 41 8 330 221 359 272 1 341 57 234 328 237 461 184 350 338 94 247 350 147 281 272 366 372 316 343 314 378 185 274 356 466 260 403 295 356 158 109 282 337 211 236 247 58 375 297 359 252 141 188 363 319 319 195 307 419 138 389 450 164 294 290 229 184 43 10 338 247 354 461 370 322 262 372 306 395 248 209 352 107 369 280 488 237 319 316 261 271 231 81 325 162 127 299 340 391 183 353 255 199 318 426 83 389 463 215 58 422 356 215 238 273 301 245 358 249 445 177 326 146 141 392 93 287 395 460 134 252 312 159 266 267 200 281 120 271 79 428 123 369 243 339 152 358 381 175 304 356 254 83 133 195 318 225 283 338 154 351 342 99 336 406 73 226 126 164 261 345
 291 117 122 335 158 340 199 186 53 47 346 177 300 343 264 123 71 273 341 1 289 239 295 116 129 191 198 299 277 333 63 304 231 317 42 290 332 171 79 171 175 232 319 138 151 376 48 161 196 330 68 28 187 222 146 284 53 204 245 110 242 161 27 251 81 288 139 156 207 289 137 224 187 175 227 210 306 349 293 99 321 161 351 60 84 121 63 238 173 200 356 382 51 129 165 251 203 246 82 277 119 359 26 198 330 159 117 156 181 144 88 222 302 108 289 195 148 126 283 158 39 131 124 240 113 230 23 93 143 339 99 203 213 183 293 226 57 129 213 292 174 250 80 85 324 169 225 147 267 143 219 352 270 244 190 40 181 167 285 20 277 314 306 172 122 171 80 40 247 101 100 256 137 194 269 209 279 187 173 343
 261 263 266 62 146 100 173 364 341 331 330 118 29 57 313 173 304 260 57 289 1 184 317 191 412 150 320 326 85 251 295 152 230 270 317 356 313 310 269 343 129 223 346 418 225 399 245 321 103 128 228 284 155 214 209 28 327 271 336 208 88 143 312 301 264 192 251 379 94 371 405 139 240 234 209 157 48 66 325 194 345 417 365 267 214 331 251 368 193 182 349 147 320 241 441 223 292 297 209 261 185 118 272 126 144 243 299 353 145 316 205 146 309 379 39 356 417 165 20 382 303 161 183 255 261 194 306 197 400 191 284 106 105 357 94 266 344 411 79 246 280 109 217 219 207 226 66 236 23 385 76 363 233 318 103 304 347 123 293 305 245 97 139 139 262 191 237 284 103 309 300 74 299 372 26 201 122 123 229 341
 385 291 143 244 111 281 44 395 282 262 457 126 211 231 407 194 209 376 234 239 184 1 425 217 362 241 378 433 246 397 205 311 49 403 280 447 439 356 272 375 108 42 455 373 282 514 219 357 118 302 176 218 66 317 264 203 291 348 412 233 98 199 265 393 170 334 121 384 190 456 376 256 81 84 315 263 229 242 429 159 455 399 481 186 210 339 178 428 67 277 474 330 288 281 401 338 362 388 178 379 209 301 215 222 315 102 318 372 227 344 196 44 423 347 152 397 386 176 196 387 228 146 126 356 287 15 244 172 381 354 296 201 213 390 261 356 290 363 141 375 338 76 210 223 361 83 149 288 168 378 180 481 355 400 172 229 383 154 404 259 367 272 302 98 141 265 242 210 82 314 308 222 329 405 186 299 276 206 299 463
 64 180 388 309 318 273 387 170 320 332 56 300 301 335 36 239 363 58 328 295 317 425 1 221 333 187 115 10 237 110 353 187 449 73 280 53 49 138 218 164 318 445 32 327 156 90 265 156 312 233 300 317 361 111 170 291 279 93 76 211 354 227 295 46 352 136 393 223 246 73 293 183 423 411 113 169 289 331 13 290 31 280 59 336 244 207 325 119 381 150 61 277 273 170 329 96 95 50 280 58 227 277 305 209 217 404 189 191 200 170 255 385 17 288 349 151 303 256 298 226 333 287 318 70 183 425 316 277 275 178 200 233 225 166 236 74 314 328 297 81 123 378 247 233 148 400 297 155 311 249 263 59 87 62 258 335 158 272 25 293 75 249 201 328 385 162 225 328 371 210 206 244 168 171 294 128 203 223 134 49
 197 80 171 228 107 228 175 187 165 162 263 103 196 240 197 24 164 182 237 116 191 217 221 1 227 76 162 227 164 230 153 189 232 221 133 234 247 141 79 166 115 230 250 231 68 309 69 146 122 215 86 125 151 123 52 179 141 135 197 19 173 50 134 183 141 178 174 191 100 241 215 109 203 191 126 97 199 244 223 70 250 227 279 129 35 143 115 213 164 92 276 268 134 66 252 152 147 178 63 186 9 245 110 84 214 184 114 170 66 136 39 182 223 190 202 185 228 42 181 195 145 72 99 154 77 214 138 58 210 225 96 92 100 181 179 149 165 225 125 194 122 191 39 33 214 181 134 73 172 196 116 279 171 187 89 147 173 79 203 127 180 201 191 121 168 65 47 131 185 120 111 145 119 196 168 107 164 75 88 264
 351 182 229 453 286 452 323 172 81 102 388 303 421 464 298 241 160 332 461 129 412 362 333 227 1 294 219 333 389 403 161 401 347 377 96 307 378 196 155 171 303 349 348 15 231 394 169 178 323 434 196 146 313 298 235 404 87 254 263 213 370 275 103 290 194 372 250 118 325 298 47 325 299 290 305 308 424 469 326 227 350 75 378 177 200 128 186 235 296 290 391 489 94 205 43 323 242 286 208 337 232 468 152 308 430 271 154 145 288 165 209 349 345 46 415 190 46 248 404 116 135 258 252 299 181 352 120 220 67 428 154 318 326 174 402 279 74 6 338 359 219 378 197 196 408 285 350 221 391 90 340 380 340 272 310 135 179 291 331 111 342 424 406 301 230 262 181 153 375 133 140 370 171 176 391 291 383 301 246 379
 146 122 234 170 137 160 204 216 238 237 217 116 146 188 174 77 237 136 184 191 150 241 187 76 294 1 171 195 98 166 226 115 269 166 204 216 200 161 140 196 135 265 218 296 78 275 144 174 126 142 156 199 179 78 65 130 210 124 191 83 168 47 207 160 209 108 232 237 63 229 275 34 251 240 76 25 142 189 193 131 217 282 242 200 109 191 185 220 204 39 234 196 203 98 314 99 144 156 131 139 75 176 185 25 140 237 159 208 16 171 111 200 184 254 173 208 288 87 135 241 219 114 149 119 121 242 212 122 267 152 147 49 46 210 110 124 237 291 112 137 131 192 113 107 143 229 113 89 137 248 81 242 116 174 72 221 199 88 165 201 128 132 116 146 230 42 116 205 185 172 164 85 154 224 125 61 91 37 80 223
 144 91 307 334 269 311 335 62 213 229 170 262 314 355 80 185 268 125 350 198 320 378 115 162 219 171 1 115 258 199 260 235 390 167 175 94 161 29 124 51 275 388 131 213 101 182 180 43 279 279 223 224 312 120 119 299 172 57 48 146 328 192 192 73 268 190 317 111 231 91 179 187 356 343 128 167 308 355 108 224 132 168 162 248 172 95 241 52 322 141 173 332 166 97 216 134 35 70 208 130 170 322 214 195 268 332 83 77 178 59 186 343 127 175 343 45 189 203 305 114 236 233 257 98 96 374 216 210 162 246 101 218 217 56 264 77 206 214 274 156 42 348 173 159 219 334 279 92 307 136 250 163 143 54 233 238 46 235 116 192 140 283 245 282 305 131 144 236 342 103 101 252 63 66 295 126 234 202 92 161
 72 184 393 318 325 282 394 169 322 336 57 308 310 344 37 246 367 67 338 299 326 433 10 227 333 195 115 1 246 117 357 196 456 81 283 46 53 139 222 164 326 453 24 327 162 83 270 157 320 242 306 322 369 119 176 300 282 98 74 217 362 235 298 49 358 145 399 222 255 66 293 191 430 418 122 177 298 340 8 297 24 279 53 341 250 208 330 115 388 158 59 286 275 176 329 104 98 54 286 67 233 285 310 217 226 410 191 190 208 171 261 393 24 289 358 149 302 263 307 225 337 294 325 78 188 433 319 284 275 187 203 241 234 165 245 80 316 328 305 90 127 386 253 239 156 407 305 161 320 248 271 54 96 62 267 339 157 280 34 296 84 258 210 336 391 170 230 333 379 213 209 253 170 169 303 136 212 231 140 47
 179 218 290 77 172 64 222 308 328 323 247 141 65 100 237 155 312 181 94 277 85 246 237 164 389 98 258 246 1 167 301 70 286 187 296 279 230 252 236 289 160 280 266 391 173 316 230 267 136 61 229 280 199 142 161 57 304 204 266 176 152 118 297 226 277 109 281 333 77 296 372 72 284 276 136 93 53 98 246 197 264 379 282 273 195 288 257 302 234 118 266 107 297 195 411 144 226 223 205 180 160 82 267 82 71 279 255 303 101 266 192 204 228 350 122 297 385 156 66 337 300 168 200 180 218 253 298 194 364 111 244 77 66 302 18 194 328 386 109 164 221 177 199 196 124 265 99 184 87 345 74 281 152 246 99 302 291 127 213 290 164 38 58 172 286 137 209 284 170 269 261 27 249 316 67 133 38 91 170 258
 56 226 398 226 300 183 365 260 370 376 90 275 229 253 133 239 391 75 247 333 251 397 110 230 403 166 199 117 167 1 380 102 430 38 331 162 77 213 262 248 295 425 128 400 183 162 292 233 280 141 315 349 339 112 188 224 333 151 176 228 310 212 341 131 370 63 396 307 208 182 369 143 415 405 107 142 213 247 121 294 125 363 131 357 261 277 343 220 367 139 109 176 326 207 408 83 168 132 291 70 232 181 335 178 123 402 250 272 181 242 268 354 94 358 288 242 381 251 232 310 367 279 314 105 229 400 355 284 354 76 253 197 185 254 159 126 366 399 257 45 186 336 265 254 49 393 252 189 252 329 219 129 65 156 227 369 244 250 92 337 62 165 116 307 394 166 254 357 328 271 265 184 233 263 232 125 131 196 163 105
 342 175 69 348 151 361 169 248 84 60 402 177 311 350 322 151 12 325 350 63 295 205 353 153 161 226 260 357 301 380 1 339 186 368 99 350 387 232 138 233 169 189 378 173 203 435 90 223 194 358 73 37 165 271 194 295 108 261 306 153 232 187 79 309 37 330 90 215 226 350 183 258 139 129 275 248 320 358 351 105 379 211 409 29 120 183 45 301 140 243 412 406 109 184 202 300 263 304 97 330 152 381 49 227 360 111 179 218 214 207 116 198 359 155 286 258 192 146 293 216 30 137 114 294 171 193 52 108 194 376 160 225 237 245 317 282 92 163 217 342 233 233 116 127 366 126 230 201 272 199 234 410 319 304 205 29 243 178 340 76 327 338 338 162 70 215 130 26 232 163 162 277 198 256 279 256 310 213 225 400
 125 221 340 126 228 87 285 292 350 350 187 198 129 153 195 189 350 133 147 304 152 311 187 189 401 115 235 196 70 102 339 1 350 127 315 235 170 237 248 275 218 344 213 401 172 258 258 255 198 47 268 313 260 116 167 125 320 179 231 196 219 153 319 187 319 52 333 327 129 253 377 82 343 334 108 96 112 148 198 239 211 378 225 312 223 287 297 272 293 112 206 98 313 197 417 105 201 185 243 131 189 91 299 113 34 335 255 294 126 258 224 269 175 359 190 278 389 195 133 331 333 215 250 143 222 317 326 233 366 44 249 122 109 286 59 162 349 398 172 108 205 244 227 220 56 323 164 182 156 344 134 223 104 210 151 335 275 178 164 313 114 65 15 230 336 140 228 319 237 273 264 91 244 298 135 116 36 129 161 199
 413 301 119 290 133 326 66 401 268 245 485 156 256 278 427 212 189 403 281 231 230 49 449 232 347 269 390 456 286 430 186 350 1 433 273 466 467 366 277 382 136 8 479 358 299 538 220 365 153 344 175 207 92 342 283 247 283 366 428 246 143 224 255 413 154 368 97 383 224 473 366 288 49 58 342 292 274 289 452 167 478 391 506 173 219 341 169 439 70 304 500 375 281 295 387 366 378 408 184 406 225 345 206 253 356 76 323 375 254 351 205 85 448 337 199 405 375 195 240 385 213 163 135 380 297 37 231 181 373 393 302 234 246 396 302 378 276 348 179 405 352 123 218 232 397 64 188 304 212 373 217 506 384 418 204 213 390 182 429 250 396 315 342 124 118 287 249 197 128 316 311 261 337 410 230 325 314 236 318 489
 27 205 391 252 302 211 368 228 350 358 61 279 251 279 97 233 378 47 272 317 270 403 73 221 377 166 167 81 187 38 368 127 433 1 310 125 45 184 242 217 299 429 92 373 167 132 278 203 286 170 306 334 343 99 175 243 312 124 141 216 321 211 322 97 360 79 392 276 215 145 342 149 414 403 96 142 236 273 85 288 90 333 100 346 250 250 333 185 368 133 81 209 305 188 380 70 138 99 283 41 225 212 321 182 152 399 225 242 180 214 258 361 57 332 305 209 352 247 251 279 352 276 311 80 208 406 338 277 326 109 231 203 193 222 182 99 345 373 266 29 159 346 254 242 79 392 263 170 269 300 229 98 51 121 233 354 213 252 56 318 42 190 141 310 387 157 239 344 339 247 241 200 207 230 249 115 150 199 145 74
 284 106 162 359 195 360 239 152 41 55 333 209 326 369 246 146 104 265 366 42 317 280 280 133 96 204 175 283 296 331 99 315 273 310 1 268 321 148 70 140 210 274 302 102 150 356 74 134 230 345 107 68 226 221 150 309 12 191 222 122 277 181 21 235 122 292 180 117 230 264 97 236 228 217 227 220 330 374 276 134 303 120 333 101 105 88 104 210 214 206 340 398 11 125 127 249 186 231 115 270 138 377 67 215 342 200 93 122 197 118 114 261 289 68 321 165 108 153 310 119 70 164 162 232 103 271 48 126 102 345 81 224 232 151 310 215 37 95 243 288 158 287 102 102 328 210 255 143 296 103 245 334 267 224 215 71 150 196 273 24 272 332 318 209 162 176 89 79 284 73 75 277 114 160 296 211 293 207 169 328
 114 177 393 353 337 320 406 137 306 322 97 324 342 378 44 255 359 103 372 290 356 447 53 234 307 216 94 46 279 162 350 235 466 125 268 1 97 121 213 137 341 463 47 299 168 90 266 135 338 281 306 314 382 143 184 331 265 100 47 221 383 251 285 57 355 184 401 192 277 21 264 218 436 423 148 202 331 375 41 302 50 247 74 336 252 186 328 77 397 179 92 327 259 175 298 136 90 61 289 105 241 325 303 239 265 414 176 163 227 152 265 409 69 264 385 118 272 273 337 194 327 304 333 101 181 445 308 288 245 229 192 264 258 134 280 93 299 302 327 131 119 406 254 240 199 413 328 163 347 219 295 76 132 49 286 329 128 296 73 284 122 295 248 350 391 184 227 326 400 196 194 283 155 136 331 158 247 252 149 82
 56 217 416 295 335 255 403 218 361 372 19 314 294 323 83 262 397 66 316 332 313 439 49 247 378 200 161 53 230 77 387 170 467 45 321 97 1 183 255 212 333 463 55 373 186 88 298 202 323 213 330 353 378 126 197 286 321 131 125 240 361 244 335 90 383 122 419 271 254 116 340 187 445 434 126 178 279 317 59 316 52 328 56 368 274 252 356 167 401 164 37 251 314 205 377 102 138 93 308 62 251 255 340 218 196 428 231 238 214 215 283 398 35 334 348 199 350 277 294 273 369 307 341 94 221 441 353 304 322 151 240 241 231 214 225 107 355 374 305 68 164 386 277 264 122 423 302 188 311 296 268 54 86 110 269 371 205 287 49 332 73 234 185 344 413 184 258 363 379 253 248 242 211 219 292 144 194 234 164 30
 159 66 280 328 247 309 313 57 186 201 193 243 306 348 103 165 241 139 343 171 310 356 138 141 196 161 29 139 252 213 232 237 366 184 148 121 183 1 96 39 255 365 156 191 86 209 153 21 261 279 197 196 291 122 103 290 145 63 76 124 311 176 165 94 241 196 291 95 218 119 159 181 330 318 130 161 301 348 132 200 158 151 188 221 148 70 215 74 298 136 197 334 139 77 197 141 47 91 183 144 149 321 186 184 270 306 56 60 166 33 162 322 149 152 330 47 170 182 295 98 208 211 233 109 70 351 189 186 143 253 73 206 206 50 260 88 179 192 258 169 33 330 149 135 227 309 264 76 295 117 237 189 153 79 218 210 39 217 136 164 153 281 247 261 278 120 118 208 324 76 73 245 35 64 285 124 232 189 83 185
 216 39 185 303 170 299 229 125 110 118 269 175 273 317 186 99 147 197 314 79 269 272 218 79 155 140 124 222 236 262 138 248 277 242 70 213 255 96 1 106 182 276 242 157 80 298 59 91 195 280 103 102 210 151 81 256 74 126 169 63 246 127 81 173 145 223 197 117 177 214 138 171 238 226 157 154 274 321 215 114 243 149 273 126 65 69 119 168 210 137 278 335 67 56 176 179 126 169 95 202 86 315 91 155 276 213 48 101 135 76 79 244 225 115 279 130 151 112 258 120 116 134 148 165 36 266 99 101 133 277 26 168 175 121 249 149 106 152 202 219 96 261 64 54 259 217 211 74 250 118 194 274 198 167 167 118 115 155 208 77 203 271 252 185 183 108 35 114 256 44 37 219 63 134 245 141 229 151 100 265
 193 87 288 364 270 346 332 22 175 194 220 269 340 383 129 190 240 174 378 171 343 375 164 166 171 196 51 164 289 248 233 275 382 217 140 137 212 39 106 1 279 381 178 164 119 225 164 23 287 317 209 198 312 160 135 325 135 100 93 148 338 206 159 123 247 234 301 60 250 130 130 218 343 331 168 197 336 384 157 218 180 117 208 226 166 53 222 71 315 172 222 371 131 104 166 178 81 121 199 179 174 358 190 218 307 318 60 27 199 32 181 345 178 128 361 26 139 206 329 63 206 233 251 145 91 370 185 204 112 290 81 239 240 16 297 123 167 166 287 204 71 356 166 154 264 322 294 108 327 86 269 210 190 103 248 208 11 244 166 160 188 318 284 284 286 154 135 210 351 71 73 280 48 31 318 162 269 221 120 210
 279 193 138 187 19 210 71 300 226 211 351 21 150 185 300 92 178 270 185 175 129 108 318 115 303 135 275 326 160 295 169 218 136 299 210 341 333 255 182 279 1 131 349 311 177 407 139 260 28 220 108 163 45 210 159 135 221 242 307 132 68 92 200 286 136 233 125 298 91 350 305 153 126 117 209 157 162 194 323 77 348 323 375 142 118 250 127 326 76 171 367 259 216 180 337 232 257 281 97 273 107 230 154 118 229 121 224 280 121 249 105 69 316 277 118 299 317 74 131 301 181 49 56 249 190 108 188 86 306 261 204 99 112 295 177 250 231 303 55 271 235 80 120 129 263 107 68 185 107 297 87 374 250 294 69 182 287 48 297 193 262 193 212 13 134 158 149 161 75 225 218 134 232 309 117 192 183 101 193 356
 409 299 122 284 129 319 61 400 270 248 481 151 250 271 424 209 192 399 274 232 223 42 445 230 349 265 388 453 280 425 189 344 8 429 274 463 463 365 276 381 131 1 475 361 296 534 220 364 148 338 175 208 87 338 280 241 284 364 426 244 136 220 257 410 156 363 100 383 219 470 367 283 53 61 338 288 267 282 449 166 475 392 502 175 218 340 170 438 68 300 496 368 282 293 389 362 376 405 183 402 223 339 207 248 350 79 322 375 250 350 204 78 444 338 192 404 377 192 234 386 215 160 133 377 295 30 233 179 375 387 301 229 241 396 296 375 278 351 173 401 350 116 217 230 392 65 182 302 205 374 211 502 380 415 199 215 390 178 425 251 392 309 336 120 121 284 248 199 121 316 311 255 336 409 223 321 309 231 316 485
 89 204 415 336 348 299 417 180 341 355 51 331 330 362 57 268 388 87 356 319 346 455 32 250 348 218 131 24 266 128 378 213 479 92 302 47 55 156 242 178 349 475 1 341 184 60 291 173 342 258 328 342 392 141 199 320 300 119 86 239 384 257 318 70 379 162 421 235 277 65 306 213 452 440 144 199 317 358 28 319 4 291 32 362 272 224 352 122 410 180 46 300 294 197 341 125 117 75 308 87 256 301 331 239 241 432 209 204 231 188 284 415 39 304 379 161 315 285 328 237 357 316 348 100 208 455 339 306 288 200 223 263 255 177 264 102 334 343 327 106 146 408 275 261 170 429 327 182 341 262 293 34 115 78 289 359 170 302 55 316 103 276 227 358 413 192 251 353 402 231 227 274 188 180 324 158 231 253 163 36
 348 182 241 457 295 455 333 164 92 114 382 311 425 469 292 246 172 328 466 138 418 373 327 231 15 296 213 327 391 400 173 401 358 373 102 299 373 191 157 164 311 361 341 1 230 386 175 172 331 436 205 156 323 296 236 408 92 250 256 217 378 280 112 284 206 371 262 109 329 289 37 327 311 301 303 309 428 473 320 235 343 62 371 188 205 124 196 227 307 291 385 491 99 205 30 321 237 281 216 333 236 471 161 311 431 283 151 138 291 160 215 358 339 44 422 182 33 254 409 107 146 265 261 296 181 362 130 227 57 427 154 322 329 166 405 276 84 11 344 356 215 386 202 200 406 297 356 221 397 82 344 373 337 266 316 146 172 297 326 119 339 427 407 309 242 263 184 163 384 131 139 374 168 167 396 290 384 305 245 373
 141 50 233 247 172 233 240 140 189 194 202 162 222 265 130 89 213 124 260 151 225 282 156 68 231 78 101 162 173 183 203 172 299 167 150 168 186 86 80 119 177 296 184 230 1 244 113 98 179 209 146 169 216 72 19 206 153 68 132 56 228 92 159 116 198 144 238 161 133 175 206 103 270 258 78 83 219 266 157 136 185 209 214 183 89 117 171 152 230 61 213 264 146 26 245 101 81 111 125 128 75 247 156 100 203 249 84 132 81 94 100 245 159 187 245 133 218 106 210 165 187 137 166 93 51 279 173 123 196 199 78 121 121 133 183 83 185 227 174 142 60 248 92 79 180 247 179 12 210 175 152 214 120 120 133 189 123 135 141 154 127 204 178 185 230 37 73 179 242 101 93 162 78 148 200 62 158 104 23 201
 139 261 474 383 407 343 476 224 394 409 73 389 380 410 115 328 445 142 403 376 399 514 90 309 394 275 182 83 316 162 435 258 538 132 356 90 88 209 298 225 407 534 60 386 244 1 349 224 400 301 387 400 450 199 258 372 353 178 135 299 441 316 372 129 438 209 480 279 333 98 351 268 512 500 201 256 366 405 88 378 60 332 35 420 331 275 410 161 470 238 54 337 347 256 383 181 174 134 367 140 315 342 388 296 283 492 263 250 289 240 343 474 93 352 432 205 358 345 380 280 413 376 407 159 265 514 395 365 331 237 278 320 312 221 312 162 387 389 384 154 203 465 334 320 209 489 383 241 395 306 349 36 167 133 347 415 216 361 111 371 155 322 272 417 472 251 309 411 458 284 281 326 242 221 377 216 280 311 222 59
 253 90 128 289 124 293 176 182 99 94 313 137 255 297 235 76 101 236 295 48 245 219 265 69 169 144 180 270 230 292 90 258 220 278 74 266 298 153 59 164 139 220 291 175 113 349 1 149 157 283 46 58 159 181 105 238 84 173 224 65 205 113 69 222 90 244 139 166 160 269 167 177 180 168 186 164 260 303 264 64 292 186 322 72 36 122 63 226 155 156 324 335 78 95 200 211 177 217 44 240 71 311 44 151 283 155 105 156 134 134 41 194 270 139 247 187 179 81 238 169 77 91 95 205 86 211 69 53 168 293 84 156 165 178 245 193 101 168 170 253 148 216 32 39 280 159 182 111 224 161 174 323 230 219 144 79 173 123 252 62 238 267 259 139 126 127 41 67 213 97 93 209 121 191 224 167 232 140 135 311
 179 67 275 342 250 325 314 44 172 188 211 248 319 361 121 169 231 159 356 161 321 357 156 146 178 174 43 157 267 233 223 255 365 203 134 135 202 21 91 23 260 364 173 172 98 224 149 1 267 296 193 187 293 140 113 303 131 83 90 128 317 184 152 113 234 215 287 75 229 131 139 196 328 316 148 175 314 362 150 200 175 131 204 214 148 52 209 79 298 151 215 351 125 83 177 160 66 110 182 164 154 337 178 196 287 303 46 41 177 18 162 325 168 133 340 41 150 186 307 79 198 214 233 129 71 352 177 186 123 272 66 217 218 37 276 107 164 173 266 189 51 336 148 135 247 306 273 87 306 97 248 206 173 96 227 199 28 223 155 152 172 296 264 265 273 133 117 199 330 62 62 258 29 52 296 141 248 199 98 203
 268 201 165 160 45 185 88 308 248 235 341 21 123 158 296 99 204 261 158 196 103 118 312 122 323 126 279 320 136 280 194 198 153 286 230 338 323 261 195 287 28 148 342 331 179 400 157 267 1 196 131 187 64 202 161 109 240 241 307 140 52 89 221 282 163 217 151 310 73 349 323 139 149 141 200 146 136 167 317 98 342 339 367 167 132 262 152 329 99 163 358 233 234 185 356 222 258 278 116 263 114 205 176 106 206 146 234 290 113 257 120 76 308 295 94 305 335 84 104 313 205 67 82 243 198 122 211 105 322 241 215 84 95 302 153 246 252 323 29 258 237 71 134 141 245 131 41 187 80 311 65 366 239 293 55 206 294 45 290 214 251 168 190 39 161 155 161 186 65 238 230 111 240 317 91 185 162 90 192 347
 170 257 350 88 232 43 281 335 379 376 229 201 101 116 241 209 368 179 109 330 128 302 233 215 434 142 279 242 61 141 358 47 344 170 345 281 213 279 280 317 220 338 258 436 209 301 283 296 196 1 286 335 259 160 201 103 351 223 277 224 206 172 347 233 335 98 341 367 136 299 413 110 344 336 152 128 82 108 243 255 256 417 268 330 247 325 314 318 294 149 248 56 344 233 453 150 246 231 261 177 212 45 321 133 19 339 292 335 150 298 246 261 220 393 166 322 426 212 111 371 355 227 260 189 257 310 351 251 403 69 285 134 122 328 44 207 378 431 168 153 247 231 251 247 93 325 158 219 138 382 134 266 150 256 159 357 317 187 209 341 160 32 35 232 346 175 257 340 224 309 301 87 283 341 118 156 53 146 200 243
 282 132 88 278 91 290 134 227 119 105 346 112 242 283 273 80 84 266 282 68 228 176 300 86 196 156 223 306 229 315 73 268 175 306 107 306 330 197 103 209 108 175 328 205 146 387 46 193 131 286 1 57 120 208 134 226 118 210 265 91 175 116 94 259 55 262 96 209 154 310 203 187 136 124 211 179 250 290 301 35 329 225 358 46 57 166 30 269 111 177 358 335 114 133 232 237 217 254 26 270 84 309 46 156 289 111 150 201 143 178 49 155 304 174 224 232 214 74 224 212 76 68 57 237 128 168 81 36 207 306 129 153 165 223 245 228 124 196 150 279 188 182 54 68 297 115 163 147 206 202 163 359 256 258 134 77 218 108 285 87 265 266 267 105 86 150 80 57 180 142 137 205 165 236 210 192 238 141 168 346
 309 139 95 333 146 342 179 213 66 49 367 168 297 338 286 127 46 291 337 28 284 218 317 125 146 199 224 322 280 349 37 313 207 334 68 314 353 196 102 198 163 208 342 156 169 400 58 187 187 335 57 1 169 238 162 281 78 226 270 122 230 164 50 274 55 301 113 183 207 314 160 232 161 150 243 220 305 345 316 91 343 185 373 34 91 148 41 265 152 213 377 386 78 149 184 267 227 269 77 296 125 361 15 203 336 133 143 184 188 171 90 204 324 131 280 222 170 126 280 185 21 123 110 260 135 208 27 89 168 349 124 205 216 210 296 247 73 147 206 309 197 235 87 96 337 144 219 166 261 170 218 374 287 268 188 23 208 163 306 45 294 317 313 159 95 184 97 13 233 128 126 257 162 221 265 224 286 191 191 365
 323 227 118 216 45 245 27 332 234 216 395 65 179 209 342 129 172 314 211 187 155 66 361 151 313 179 312 369 199 339 165 260 92 343 226 382 378 291 210 312 45 87 392 323 216 450 159 293 64 259 120 169 1 253 199 167 237 283 347 168 74 135 212 328 129 277 99 323 134 390 322 197 87 81 253 202 194 219 365 97 391 343 418 141 147 277 129 363 39 215 411 294 233 216 350 276 297 323 117 316 144 265 163 162 269 89 255 310 165 281 132 37 360 293 134 333 333 111 162 326 183 81 65 292 223 65 195 110 325 303 233 143 156 327 216 292 240 314 91 315 273 70 147 159 306 71 102 223 134 319 128 418 294 335 113 184 319 92 341 206 306 230 253 34 114 200 178 164 70 252 246 174 265 341 149 236 225 145 234 400
 75 117 293 218 210 192 279 177 260 265 144 191 203 241 100 137 281 62 236 222 214 317 111 123 298 78 120 119 142 112 271 116 342 99 221 143 126 122 151 160 210 338 141 296 72 199 181 140 202 160 208 238 253 1 78 190 224 65 124 119 244 119 230 87 262 77 295 214 137 157 269 77 320 309 9 60 194 240 116 191 141 267 166 249 153 176 236 162 275 40 159 213 216 97 308 30 87 84 185 65 127 202 225 99 149 303 146 180 91 145 161 276 107 253 243 163 281 152 197 217 257 182 216 43 119 317 244 180 256 134 145 124 117 170 146 53 256 294 188 72 90 268 156 145 111 298 188 79 206 232 154 166 50 105 149 259 160 163 89 226 58 164 126 220 290 59 143 247 261 166 159 142 132 183 190 19 115 113 53 147
 150 58 220 234 155 223 223 156 187 191 213 145 208 251 146 72 205 134 247 146 209 264 170 52 235 65 119 176 161 188 194 167 283 175 150 184 197 103 81 135 159 280 199 236 19 258 105 113 161 201 134 162 199 78 1 192 155 85 149 43 210 74 157 132 187 144 224 173 117 192 213 93 254 242 82 74 205 253 172 121 199 219 228 173 77 127 160 169 214 57 226 256 147 34 252 107 99 127 112 138 58 238 148 85 197 235 95 145 66 108 87 227 172 193 228 149 226 89 195 177 180 121 150 104 58 262 168 108 204 197 84 105 107 149 173 98 185 232 156 149 77 231 81 68 180 232 162 28 194 185 136 228 126 137 116 182 139 117 153 152 134 194 172 167 217 28 67 171 225 109 101 149 91 164 184 64 150 87 37 214
 234 247 272 53 151 80 187 345 336 327 303 121 18 61 288 164 305 234 58 284 28 203 291 179 404 130 299 300 57 224 295 125 247 243 309 331 286 290 256 325 135 241 320 408 206 372 238 303 109 103 226 281 167 190 192 1 318 249 313 195 107 130 306 276 266 165 259 363 81 346 393 115 253 247 185 134 28 66 300 192 319 404 338 267 205 316 251 346 205 160 322 129 311 224 430 197 270 273 205 235 174 99 268 108 118 253 284 336 127 299 198 163 282 368 66 336 406 158 9 367 300 160 186 230 245 212 302 193 388 164 269 90 86 338 67 242 338 402 82 219 260 130 208 209 179 237 68 217 37 371 65 337 206 294 95 302 328 119 267 299 219 72 112 146 268 172 226 282 123 295 286 49 282 353 19 178 94 107 209 314
 286 108 172 367 205 367 250 146 42 60 333 220 335 378 245 155 113 266 375 53 327 291 279 141 87 210 172 282 304 333 108 320 283 312 12 265 321 145 74 135 221 284 300 92 153 353 84 131 240 351 118 78 237 224 155 318 1 191 219 129 288 190 30 234 132 296 190 108 239 261 86 242 238 227 230 226 338 383 275 145 301 109 331 112 114 82 115 205 225 211 339 405 9 128 117 252 185 230 125 271 146 384 78 223 349 210 92 115 204 114 123 272 289 57 331 159 98 163 319 110 79 174 173 233 106 282 57 136 91 350 82 232 240 145 318 216 35 85 253 290 158 298 111 110 332 221 265 146 306 92 254 333 269 222 225 80 145 206 273 35 274 340 324 220 172 181 96 89 294 70 74 285 112 153 305 215 300 215 172 327
