NAME : domp20p5v7
COMMENT : (Deleplanque et al.) 
TYPE : DOMP
DIMENSION : 20
DISPLAY_DATA_TYPE: NO_DISPLAY
OPEN_FACILITIES : 5
COST_SECTION
 1 374 269 20 66 47 308 53 165 278 55 375 258 315 334 430 245 335 343 256
 374 1 109 382 427 409 170 349 213 336 427 22 181 61 343 130 188 236 61 321
 269 109 1 275 320 302 119 249 106 256 322 108 136 48 277 179 100 228 78 237
 20 382 275 1 50 31 307 72 170 267 55 382 272 322 324 432 244 352 348 246
 66 427 320 50 1 20 341 116 215 277 52 426 321 367 335 471 280 400 391 259
 47 409 302 31 20 1 327 99 197 271 48 409 302 349 329 455 265 381 373 252
 308 170 119 307 341 327 1 307 160 172 360 153 252 133 174 138 64 345 110 160
 53 349 249 72 116 99 307 1 152 306 88 353 215 292 360 419 244 286 325 283
 165 213 106 170 215 197 160 152 1 217 219 213 153 153 258 269 101 254 179 194
 278 336 256 267 277 271 172 306 217 1 317 322 364 289 59 298 157 465 278 25
 55 427 322 55 52 48 360 88 219 317 1 428 302 368 375 484 297 371 396 297
 375 22 108 382 426 409 153 353 213 322 428 1 195 62 326 109 177 255 45 308
 258 181 136 272 321 302 252 215 153 364 302 195 1 147 397 296 218 102 193 341
 315 61 48 322 367 349 133 292 153 289 368 62 147 1 303 150 135 225 46 272
 334 343 277 324 335 329 174 360 258 59 375 326 397 303 1 282 181 497 283 79
 430 130 179 432 471 455 138 419 269 298 484 109 296 150 282 1 194 363 106 291
 245 188 100 244 280 265 64 244 101 157 297 177 218 135 181 194 1 317 133 138
 335 236 228 352 400 381 345 286 254 465 371 255 102 225 497 363 317 1 268 442
 343 61 78 348 391 373 110 325 179 278 396 45 193 46 283 106 133 268 1 263
 256 321 237 246 259 252 160 283 194 25 297 308 341 272 79 291 138 442 263 1
LAMBDA_SECTION
1  10
2  12
3  17
4  12
5  13
6  17
7  13
8  13
9  10
10  5
11  5
12  6
13  10
14  11
15  8
16  17
17  16
18  19
19  19
20  13
