NAME : domp180p45v9
COMMENT : (Deleplanque et al.) 
TYPE : DOMP
DIMENSION : 180
DISPLAY_DATA_TYPE: NO_DISPLAY
OPEN_FACILITIES : 45
COST_SECTION
 1 287 223 357 516 143 397 153 229 427 227 252 422 236 211 170 407 307 202 211 217 395 380 325 156 189 83 248 515 339 265 170 265 31 258 410 377 278 387 317 328 372 397 476 403 107 242 354 337 435 157 312 369 238 388 300 243 310 249 277 318 332 228 288 93 303 268 286 137 380 340 172 474 398 222 134 410 449 142 388 118 274 335 65 420 338 318 211 168 271 321 119 393 344 375 267 128 339 406 256 347 213 329 300 380 399 344 123 326 300 379 63 361 315 356 288 343 59 175 329 304 286 463 397 383 190 332 352 177 257 230 115 229 252 17 357 285 244 255 50 272 149 374 250 265 190 234 260 389 128 117 200 346 376 450 209 235 379 198 191 296 314 225 452 134 203 220 196 441 366 280 365 444 259 202 297 63 264 200 398
 287 1 144 256 237 202 111 163 85 193 227 84 175 62 139 119 126 165 231 152 175 126 117 120 173 209 215 152 236 292 111 136 63 263 162 126 199 144 142 107 162 169 192 205 116 220 91 83 136 150 171 241 145 148 109 175 244 104 201 93 150 171 60 120 245 62 26 143 168 96 96 232 197 182 116 178 138 176 235 107 213 14 210 245 141 282 70 99 179 116 189 189 162 126 192 211 173 194 129 119 119 88 156 187 238 135 123 188 64 194 100 259 197 30 249 174 138 245 113 151 216 15 190 162 106 137 119 86 239 50 91 188 121 101 291 164 54 122 61 251 20 161 201 174 158 113 104 110 163 183 199 90 300 182 165 208 212 106 171 144 137 111 67 213 201 145 69 170 156 245 163 108 169 268 102 93 229 107 169 152
 223 144 1 367 368 220 223 73 62 336 289 185 317 89 15 119 221 86 280 14 32 267 180 109 199 255 186 241 367 386 217 164 85 212 254 254 331 250 177 105 106 306 330 342 238 122 54 225 119 275 67 339 285 231 203 81 310 99 280 210 97 294 110 70 231 199 120 254 90 228 137 264 331 322 30 91 212 313 251 242 111 137 325 162 276 379 210 58 214 55 304 105 177 129 153 297 170 314 215 218 258 149 107 85 362 197 261 188 207 88 238 170 140 158 361 70 272 208 110 278 317 154 327 304 194 186 254 160 273 158 56 179 24 49 219 136 103 213 167 175 143 177 153 42 46 65 40 213 171 96 107 98 394 316 273 265 282 187 35 195 74 242 133 356 213 21 125 35 263 362 60 165 306 335 155 90 188 53 226 187
 357 256 367 1 310 216 306 338 309 172 134 184 193 284 356 260 333 415 160 368 392 226 353 374 210 169 283 130 309 63 152 222 309 327 116 278 91 118 386 361 415 124 125 263 290 367 324 222 390 292 351 48 151 140 326 423 124 358 110 165 404 89 260 370 266 198 269 116 328 262 348 190 279 141 338 338 360 257 219 255 367 252 46 362 260 52 197 310 195 362 67 339 409 379 446 91 249 66 345 150 162 219 410 434 48 366 154 243 212 440 244 375 452 269 9 419 135 300 266 111 56 241 261 168 329 194 150 327 187 217 315 255 347 340 371 418 307 155 205 356 243 227 456 406 398 306 333 155 412 340 350 271 67 112 335 149 123 335 379 188 387 149 236 190 225 356 243 376 332 23 406 350 256 122 215 346 302 350 165 394
 516 237 368 310 1 402 150 399 317 139 378 269 121 297 368 348 162 347 396 379 398 122 211 287 376 384 437 304 2 371 267 349 285 489 303 115 221 274 240 281 329 193 186 49 131 456 317 163 292 94 406 333 175 309 176 363 386 284 341 248 324 243 295 315 455 214 261 266 404 143 246 413 43 171 345 414 187 68 429 131 449 249 280 480 97 360 200 334 373 323 272 424 262 274 326 337 392 258 175 278 185 304 322 376 265 206 190 402 191 383 139 493 345 215 303 368 202 466 345 229 314 235 56 149 185 336 202 216 416 260 321 406 346 320 522 306 266 290 262 484 249 374 339 386 364 349 331 271 269 419 435 324 376 202 114 373 360 195 400 339 327 218 292 124 405 374 298 398 122 289 361 223 73 400 316 285 454 319 349 238
 143 202 220 216 402 1 309 161 187 296 91 136 296 177 206 107 327 298 70 214 234 282 315 287 30 50 69 110 401 204 137 69 213 113 118 310 238 141 335 275 310 238 261 358 308 167 206 246 303 334 174 172 240 101 310 298 110 270 108 155 298 193 156 262 57 192 193 150 145 280 285 46 361 265 201 152 339 335 35 285 171 190 193 151 312 201 206 175 30 246 180 146 349 302 355 126 53 199 331 127 222 115 309 304 239 334 218 37 218 307 273 163 349 231 214 288 212 85 117 194 162 194 347 269 307 69 205 284 55 157 192 48 211 221 156 330 226 114 150 143 184 47 359 260 263 159 205 133 348 151 156 140 211 239 360 69 95 307 215 65 276 188 138 321 11 202 138 212 352 224 277 304 330 131 101 254 88 235 60 345
 397 111 223 306 150 309 1 263 179 176 318 178 149 164 224 229 29 199 327 234 252 91 68 139 280 308 325 238 149 356 193 244 143 373 244 44 225 218 102 133 182 189 202 136 24 322 174 85 146 57 268 307 159 238 30 215 332 135 285 171 177 218 170 167 354 127 130 213 272 45 98 334 119 186 202 280 58 109 341 56 313 124 263 351 73 345 119 196 283 175 245 292 127 127 186 290 283 242 42 204 145 196 175 228 273 71 153 297 103 234 64 364 202 83 298 220 172 355 222 197 283 116 121 156 39 242 158 67 339 153 181 298 202 175 400 163 123 212 160 358 129 270 199 238 216 214 188 195 133 285 301 198 363 203 55 303 301 49 256 247 178 164 177 184 309 231 180 255 46 289 212 77 103 353 210 137 339 172 268 105
 153 163 73 338 399 161 263 1 86 342 241 170 328 103 60 79 268 157 226 62 76 286 234 173 145 202 117 209 398 346 198 119 122 141 222 286 319 226 238 166 177 301 326 366 274 60 94 243 185 310 15 303 286 198 249 152 261 160 239 198 167 277 108 136 163 203 139 232 19 257 193 206 359 321 71 20 266 337 189 269 51 152 300 95 303 340 217 68 162 120 280 35 242 193 224 257 109 294 265 195 259 126 178 154 342 253 260 126 218 157 262 105 212 186 333 141 267 137 74 265 284 167 352 310 242 145 250 209 215 154 84 116 77 101 150 205 143 187 160 106 154 123 224 106 117 51 84 193 238 26 40 81 355 309 316 216 237 237 56 153 144 235 121 364 152 52 113 54 307 337 132 219 331 285 125 147 117 112 182 249
 229 85 62 309 317 187 179 86 1 276 244 127 258 28 56 82 184 115 238 68 92 210 152 103 162 213 172 186 317 333 159 122 38 211 199 204 270 192 160 92 124 244 269 288 190 145 19 168 118 227 91 284 224 178 164 118 264 86 229 149 112 234 51 75 212 138 61 195 96 176 112 228 279 261 33 104 182 259 220 189 136 77 266 177 223 325 150 20 174 61 245 117 169 120 169 244 142 255 180 161 197 95 122 128 302 171 200 160 147 133 183 189 163 104 303 112 211 199 72 217 261 94 273 244 157 140 192 125 236 97 7 155 40 35 230 144 58 157 107 186 82 142 173 99 90 40 25 155 166 109 125 49 341 255 231 220 234 152 87 148 90 181 75 296 182 60 68 85 222 303 100 137 252 289 104 71 180 49 180 171
 427 193 336 172 139 296 176 342 276 1 253 179 29 249 330 273 203 349 275 343 366 87 240 293 274 267 345 188 138 233 163 258 255 397 184 136 83 157 275 282 339 61 48 92 155 392 283 116 305 140 353 197 59 196 204 361 257 282 215 152 330 113 236 306 352 140 217 147 341 137 255 296 110 35 307 352 233 92 317 123 387 199 144 405 109 222 127 286 267 306 139 359 301 289 354 208 300 123 217 172 84 223 332 374 127 246 84 305 130 381 118 419 367 187 165 362 85 372 273 105 180 183 93 33 211 238 96 226 297 188 281 313 312 293 436 328 242 185 184 405 194 278 366 366 349 295 296 168 306 355 371 262 238 67 184 253 235 220 361 237 322 114 222 26 302 334 230 359 186 150 352 244 93 268 230 276 364 298 238 279
 227 227 289 134 378 91 318 241 244 253 1 145 262 225 276 171 341 357 27 286 308 266 342 334 97 42 159 81 378 114 125 127 259 198 78 306 180 106 368 321 365 193 210 331 310 255 262 240 351 328 254 88 205 81 327 361 22 316 39 148 353 142 200 316 135 192 228 114 226 280 321 58 339 219 265 235 360 314 87 280 258 218 123 241 300 112 201 236 80 303 118 232 387 345 406 49 136 137 348 115 196 152 362 369 166 359 190 124 216 374 268 253 404 252 134 353 177 171 180 151 86 215 324 233 327 105 178 312 54 178 249 136 275 278 242 379 266 108 167 233 209 119 412 331 329 226 266 124 387 235 242 196 122 189 362 26 20 329 291 97 332 164 176 278 101 274 180 289 356 147 341 334 310 46 141 301 177 291 65 378
 252 84 185 184 269 136 178 170 127 179 145 1 172 101 176 97 199 233 151 188 213 148 198 198 109 131 171 69 268 212 33 82 128 223 80 175 150 67 225 185 235 132 158 227 174 215 141 110 215 199 183 163 121 65 184 240 161 181 118 29 223 110 77 188 187 57 90 70 166 146 179 157 227 155 157 177 217 202 166 150 211 76 141 227 177 204 71 129 109 179 119 183 245 207 271 129 125 130 206 37 97 46 231 251 177 216 96 134 83 257 138 241 273 108 178 236 99 199 98 96 138 72 215 148 184 69 84 168 162 37 133 139 165 157 260 243 129 39 25 227 67 106 279 224 215 129 151 30 246 180 195 93 221 140 227 127 129 186 202 72 206 67 54 204 138 177 62 200 220 178 224 190 197 185 52 167 189 168 91 235
 422 175 317 193 121 296 149 328 258 29 262 172 1 233 313 264 175 325 281 326 348 60 213 269 273 272 341 192 120 253 160 253 235 393 189 108 103 160 248 258 314 73 69 72 127 381 264 94 280 112 339 213 58 198 177 339 268 259 224 146 306 124 221 284 351 127 199 151 329 110 230 301 87 53 290 340 205 66 319 96 375 182 160 396 81 242 113 270 267 285 152 348 274 263 328 219 296 138 189 171 77 214 308 352 150 218 80 302 113 359 92 410 342 165 186 340 87 369 263 111 194 166 70 30 184 235 92 200 303 176 264 309 294 274 430 303 221 183 173 398 178 275 340 346 328 280 278 165 279 344 359 249 258 83 156 259 243 193 344 235 300 110 210 40 301 318 217 343 157 172 330 218 66 281 223 253 360 277 239 252
 236 62 89 284 297 177 164 103 28 249 225 101 233 1 82 75 172 135 222 95 119 187 147 112 149 197 171 163 297 309 133 109 37 215 176 184 243 167 161 100 142 217 242 266 173 161 42 143 129 208 110 260 197 155 153 141 245 95 207 123 129 207 26 93 208 111 38 169 109 155 111 215 258 234 60 118 175 236 210 167 153 52 240 189 202 301 123 39 160 81 219 130 174 127 183 222 136 228 171 136 170 74 138 151 275 166 173 153 121 157 161 201 181 84 278 136 184 200 66 190 237 68 251 218 148 122 165 117 222 70 34 150 67 57 238 156 52 133 80 196 56 131 189 125 115 53 52 129 172 123 140 40 318 228 217 202 214 144 113 130 109 153 51 271 173 86 46 111 208 277 124 133 230 269 85 79 182 69 162 172
 211 139 15 356 368 206 224 60 56 330 276 176 313 82 1 106 224 99 266 14 38 264 185 117 185 241 172 229 367 374 207 151 83 199 243 253 322 240 184 112 118 298 323 340 238 112 52 222 128 275 56 327 278 220 205 95 297 106 268 201 108 284 101 79 218 192 115 243 78 227 142 251 330 315 24 79 217 311 237 240 102 132 314 152 274 367 204 48 200 63 293 93 186 137 165 284 156 305 218 207 251 138 119 99 352 203 254 174 201 102 236 160 153 155 351 84 264 195 97 269 305 148 326 298 198 174 246 164 259 149 50 165 24 51 208 147 103 202 158 163 137 163 165 55 59 52 38 203 181 84 96 86 382 308 275 252 269 191 33 182 85 234 123 351 199 10 115 32 265 351 74 170 304 322 143 95 174 58 213 194
 170 119 119 260 348 107 229 79 82 273 171 97 264 75 106 1 241 192 162 116 139 230 220 183 82 137 99 131 348 272 122 46 110 145 145 241 243 149 235 171 205 228 253 311 234 120 100 187 199 266 92 227 216 121 223 193 192 166 165 125 193 200 60 156 134 139 101 155 71 211 185 149 307 250 97 82 248 283 140 220 116 106 222 134 252 265 154 69 96 141 203 87 247 199 249 182 62 217 242 118 191 52 203 200 264 239 190 80 160 205 211 148 243 147 256 185 194 128 11 190 207 117 297 242 218 70 179 190 157 90 86 76 107 115 175 225 126 109 92 137 103 61 253 160 160 55 100 117 245 85 99 36 280 235 282 147 165 216 122 78 170 163 57 298 101 103 52 120 273 259 173 207 278 217 48 150 112 129 109 246
 407 126 221 333 162 327 29 268 184 203 341 199 175 172 224 241 1 188 349 234 249 118 50 128 298 329 339 261 162 383 217 261 147 385 268 69 253 243 80 124 168 217 229 156 49 327 176 112 132 75 272 334 187 261 20 203 356 128 309 195 164 245 182 160 370 151 141 238 278 73 88 354 136 213 203 286 31 130 359 83 318 139 290 359 97 372 144 202 303 171 272 299 105 113 166 315 298 269 16 227 173 213 161 216 301 47 180 313 128 223 92 371 184 98 326 210 199 368 234 224 309 134 141 183 28 261 185 62 360 171 185 313 202 175 409 146 126 235 180 367 145 287 179 232 209 221 189 218 111 291 307 209 390 231 53 325 324 36 255 266 169 190 192 209 326 232 194 254 43 316 204 63 125 377 227 133 352 170 289 81
 307 165 86 415 347 298 199 157 115 349 357 233 325 135 99 192 188 1 351 97 94 268 139 61 273 327 270 297 347 443 265 235 107 297 310 239 363 299 120 69 26 332 355 332 220 204 97 234 58 255 151 394 307 290 172 17 378 68 342 251 25 333 161 46 314 226 148 300 175 221 103 340 317 343 98 176 168 303 330 236 193 165 371 245 266 435 233 124 287 55 349 190 110 76 70 356 249 356 176 269 282 208 31 29 401 150 287 267 224 36 236 252 55 163 409 27 301 293 183 314 370 178 317 319 163 254 282 134 348 199 109 260 88 80 302 60 111 267 211 258 174 253 68 63 43 140 94 262 103 181 191 163 452 345 239 334 347 153 112 262 29 275 186 364 291 106 180 112 230 406 29 126 297 402 218 74 272 67 294 128
 202 231 280 160 396 70 327 226 238 275 27 151 281 222 266 162 349 351 1 275 297 281 346 332 83 26 137 94 395 138 137 118 257 173 94 319 204 123 371 319 361 214 233 349 321 236 256 252 349 341 240 114 224 91 334 353 42 315 61 158 349 164 197 312 110 202 229 132 211 291 322 32 356 241 257 219 366 331 61 293 239 221 149 219 315 137 213 229 67 298 142 214 388 345 403 74 119 161 355 125 213 150 358 361 192 364 207 105 227 365 281 231 400 257 161 345 196 147 171 171 112 220 341 253 333 100 195 316 28 182 243 117 267 273 217 377 266 116 172 210 212 105 409 321 321 216 259 134 388 219 224 190 145 211 373 25 42 335 278 92 327 180 175 299 80 263 178 276 367 173 334 337 327 62 138 299 154 286 63 381
 211 152 14 368 379 214 234 62 68 343 286 188 326 95 14 116 234 97 275 1 26 276 193 123 194 251 177 241 378 385 220 161 95 201 254 265 335 252 190 118 118 311 336 352 249 109 64 234 132 286 55 339 291 231 215 91 307 113 279 213 109 297 114 84 223 205 128 256 80 239 150 259 342 328 37 80 225 323 244 252 98 145 327 150 286 378 217 61 210 68 306 93 190 143 165 296 163 317 227 220 264 150 120 94 365 210 267 181 214 96 248 158 151 167 363 80 277 198 108 282 317 161 337 311 207 184 259 173 268 162 63 172 34 60 207 148 114 214 171 162 150 172 164 47 56 63 49 215 185 84 95 98 394 321 285 262 280 200 22 193 87 247 135 364 207 14 127 22 275 364 71 178 316 332 155 103 177 66 224 200
 217 175 32 392 398 234 252 76 92 366 308 213 348 119 38 139 249 94 297 26 1 298 206 131 215 272 192 265 397 409 244 183 115 210 278 284 359 277 199 129 118 335 360 373 268 112 85 256 138 305 65 363 315 255 230 84 329 124 302 238 111 322 138 93 238 229 150 280 94 259 163 279 361 352 60 91 238 343 263 273 101 168 351 154 306 402 241 85 231 80 330 103 196 151 163 319 182 342 241 244 288 175 121 83 389 222 291 200 237 84 269 160 146 188 387 72 301 211 130 306 341 184 358 335 222 207 283 188 287 187 86 190 55 78 211 150 133 239 196 168 173 193 160 34 52 87 71 240 190 95 102 122 417 346 301 284 302 214 22 216 91 271 160 387 226 37 152 23 291 388 66 191 337 354 179 117 190 80 246 208
 395 126 267 226 122 282 91 286 210 87 266 148 60 187 264 230 118 268 281 276 298 1 154 210 255 267 316 188 121 281 148 228 183 368 189 54 140 161 189 201 256 104 113 82 70 342 214 45 221 67 295 236 75 192 118 282 276 201 229 128 248 143 180 228 334 93 151 153 289 51 171 295 80 97 240 300 148 55 309 37 335 136 186 362 36 270 79 224 253 230 172 309 215 205 269 229 271 164 132 159 72 184 249 295 189 160 79 281 71 302 33 376 283 111 218 284 96 346 227 124 213 120 69 66 125 216 89 141 299 140 215 285 244 221 402 244 167 171 141 366 134 253 281 293 274 237 228 151 220 304 320 209 288 117 110 257 247 134 296 218 243 102 174 98 285 269 180 294 108 207 274 159 50 293 195 197 334 224 230 193
 380 117 180 353 211 315 68 234 152 240 342 198 213 147 185 220 50 139 346 193 206 154 1 80 286 325 317 265 211 397 222 247 115 360 274 111 279 252 36 78 119 244 260 202 91 293 141 135 83 122 236 347 214 262 38 155 359 83 314 201 116 265 162 115 352 159 123 249 247 104 44 347 184 245 166 253 33 175 348 118 283 127 308 328 140 387 157 171 293 128 289 267 62 65 119 322 280 288 38 231 195 202 112 168 326 20 203 297 142 174 123 339 136 91 346 162 221 346 212 243 322 128 188 216 30 252 204 32 354 165 152 295 163 136 380 97 96 236 176 337 135 272 132 186 163 191 153 222 67 259 274 186 405 258 101 324 326 21 214 259 122 205 178 250 313 194 178 214 92 338 157 17 170 381 216 91 328 129 285 42
 325 120 109 374 287 287 139 173 103 293 334 198 269 112 117 183 128 61 332 123 131 210 80 1 260 308 273 266 287 409 228 220 77 309 277 179 315 262 69 14 47 282 303 272 160 229 86 179 18 195 172 359 255 260 112 77 353 19 313 211 39 289 136 40 314 180 110 261 189 162 42 326 256 290 104 193 111 244 321 177 218 124 329 267 206 400 184 119 271 56 308 207 70 21 74 325 244 313 117 234 231 184 40 90 356 93 237 262 173 97 178 276 79 111 368 83 253 300 173 269 334 134 257 265 103 233 234 73 334 163 100 257 97 74 323 46 70 235 175 278 133 242 82 108 85 139 92 226 65 198 212 149 418 295 180 312 321 93 143 241 43 229 159 307 283 126 155 142 170 363 77 66 237 377 196 34 280 62 272 79
 156 173 199 210 376 30 280 145 162 274 97 109 273 149 185 82 298 273 83 194 215 255 286 260 1 58 76 93 375 207 114 41 185 126 103 282 221 123 306 248 285 218 242 332 279 161 180 218 276 306 159 169 217 82 281 274 118 243 103 129 273 176 127 236 80 165 164 131 130 252 256 68 335 244 178 139 310 309 63 257 163 161 182 152 285 203 179 150 18 221 167 136 321 275 329 122 41 185 302 104 198 86 283 281 228 305 194 35 190 285 246 166 324 202 208 266 190 99 92 174 155 165 322 246 278 41 181 255 76 128 166 46 188 196 168 303 198 91 122 147 154 23 333 239 241 136 181 109 320 139 146 113 215 221 331 73 96 278 197 39 251 164 109 300 31 181 110 194 323 216 254 275 304 141 72 227 96 209 47 317
 189 209 255 169 384 50 308 202 213 267 42 131 272 197 241 137 329 327 26 251 272 267 325 308 58 1 118 81 383 155 121 93 233 159 85 302 201 113 348 296 337 208 228 338 303 215 232 236 325 325 216 124 215 76 314 329 61 290 62 142 324 159 173 287 98 184 206 122 187 274 299 30 344 235 232 196 345 318 53 276 217 198 151 200 300 152 196 204 42 273 141 192 365 321 379 79 96 160 335 109 201 127 334 336 196 343 196 83 210 341 264 213 376 236 168 321 186 133 146 164 117 199 329 244 313 76 183 294 33 161 218 96 242 248 203 353 242 98 151 192 190 80 384 296 296 191 234 117 365 196 202 165 162 206 356 21 47 314 254 68 303 167 151 293 60 238 154 252 349 179 309 315 314 84 114 275 137 261 41 359
 83 215 186 283 437 69 325 117 172 345 159 171 341 171 172 99 339 270 137 177 192 316 317 273 76 118 1 167 436 272 183 89 205 53 178 335 296 196 330 263 287 291 315 396 329 105 188 276 288 359 127 240 287 157 320 266 177 257 174 196 276 251 158 241 47 224 199 205 98 304 281 109 395 316 175 102 345 370 83 312 111 202 256 83 343 269 239 155 89 224 241 92 340 291 333 193 46 260 339 174 265 134 286 270 302 336 263 42 247 272 302 95 324 244 281 255 261 31 106 247 228 211 384 316 316 108 250 287 116 179 174 33 184 201 93 311 222 162 176 75 198 67 335 222 231 135 183 178 337 99 99 132 279 294 379 137 163 313 171 110 252 233 150 370 59 166 147 169 370 289 245 304 365 197 122 242 21 214 121 341
 248 152 241 130 304 110 238 209 186 188 81 69 192 163 229 131 261 297 94 241 265 188 265 266 93 81 167 1 303 147 46 94 193 217 15 226 130 33 293 252 302 130 152 257 230 241 203 160 282 248 222 99 134 12 248 303 95 248 50 68 290 85 138 254 166 112 157 42 199 200 247 110 264 157 213 210 281 238 129 200 240 144 94 240 222 139 121 184 82 243 76 211 313 275 339 61 127 94 269 35 120 92 297 313 138 282 115 126 136 318 188 254 340 175 126 297 106 191 137 85 77 139 249 164 249 67 103 235 113 105 192 136 223 219 259 311 197 32 93 237 135 104 346 281 275 179 210 45 314 212 223 144 156 130 282 70 64 251 251 62 271 87 113 214 117 229 119 248 276 130 285 258 234 117 87 234 187 231 51 303
 515 236 367 309 2 401 149 398 317 138 378 268 120 297 367 348 162 347 395 378 397 121 211 287 375 383 436 303 1 370 266 348 285 488 302 115 220 273 240 281 329 192 185 48 131 456 316 162 292 94 406 332 174 308 176 363 385 284 340 247 324 242 294 315 454 213 260 265 403 142 246 412 42 170 344 413 187 67 428 130 448 248 279 479 97 359 199 333 372 322 271 424 262 274 326 336 391 257 175 277 184 303 322 376 264 206 189 401 190 382 138 493 345 214 302 368 201 466 344 228 313 234 55 148 185 336 201 215 415 259 321 405 345 320 521 306 265 289 261 483 248 373 339 385 364 348 330 270 269 418 434 324 375 201 114 372 359 195 399 338 326 217 292 123 405 374 297 398 122 288 361 223 72 399 315 285 453 319 348 238
 339 292 386 63 371 204 356 346 333 233 114 212 253 309 374 272 383 443 138 385 409 281 397 409 207 155 272 147 370 1 182 229 339 310 135 331 151 149 428 396 447 182 186 323 342 367 349 272 425 347 360 51 207 156 373 449 97 392 108 200 435 140 284 399 247 239 301 150 334 312 387 168 338 201 359 343 407 316 197 307 368 286 96 354 316 12 242 330 190 389 112 341 451 416 482 90 246 118 393 176 213 238 442 459 110 412 205 236 257 465 296 366 485 309 69 444 187 284 279 160 77 278 321 227 376 203 199 370 163 248 339 249 368 365 354 454 340 177 236 346 277 227 490 427 421 323 356 184 453 344 352 289 10 171 389 137 112 381 393 195 417 194 259 252 214 372 266 391 386 85 432 393 314 83 232 379 290 377 166 437
 265 111 217 152 267 137 193 198 159 163 125 33 160 133 207 122 217 265 137 220 244 148 222 228 114 121 183 46 266 182 1 98 159 235 53 183 122 35 251 215 266 110 135 222 186 240 174 117 244 206 211 132 105 46 204 272 140 211 94 23 255 80 109 220 192 67 120 37 192 156 207 148 226 135 189 203 237 200 163 157 237 105 109 247 180 173 77 160 108 211 87 208 272 235 301 102 139 99 225 12 85 73 262 283 146 238 82 144 92 289 145 261 304 132 146 268 79 210 125 69 107 98 212 134 204 76 69 192 153 67 165 151 197 189 274 273 159 24 55 246 96 117 309 256 247 160 183 6 273 206 220 124 191 115 238 112 108 208 232 76 237 51 86 188 142 208 93 230 232 146 256 215 195 161 75 198 203 200 83 260
 170 136 164 222 349 69 244 119 122 258 127 82 253 109 151 46 261 235 118 161 183 228 247 220 41 93 89 94 348 229 98 1 145 142 107 249 216 117 266 208 246 206 231 308 245 148 141 188 236 274 133 186 200 83 243 237 147 202 122 108 234 172 87 196 111 136 125 125 107 219 216 107 307 231 141 118 272 282 103 226 147 123 187 151 256 223 150 112 53 182 169 118 281 235 289 140 44 185 264 90 177 49 243 244 231 266 175 55 160 249 215 165 285 164 218 229 175 118 55 164 167 129 296 228 240 28 163 216 115 94 127 58 151 157 179 263 158 79 89 149 117 27 294 205 204 100 142 92 279 119 130 74 237 211 296 102 120 239 166 35 212 146 70 283 67 148 70 164 288 223 217 235 277 172 36 187 108 170 65 277
 265 63 85 309 285 213 143 122 38 255 259 128 235 37 83 110 147 107 257 95 115 183 115 77 185 233 205 193 285 339 159 145 1 246 205 171 259 193 126 64 109 231 254 259 156 181 32 143 93 193 126 289 208 187 128 116 278 59 240 145 97 228 60 62 243 123 42 194 133 145 77 251 248 244 60 140 146 229 246 158 172 60 265 214 192 330 132 56 196 55 243 153 138 91 148 253 171 251 144 163 181 108 105 127 296 134 185 189 126 134 154 226 148 74 303 113 198 233 101 209 265 75 244 224 121 158 180 88 258 93 39 185 62 39 266 121 22 163 105 222 68 168 155 112 96 76 47 156 136 146 161 75 347 243 196 237 247 116 116 166 79 171 84 274 209 90 80 114 186 300 101 101 223 303 120 43 214 45 196 137
 31 263 212 327 489 113 373 141 211 397 198 223 393 215 199 145 385 297 173 201 210 368 360 309 126 159 53 217 488 310 235 142 246 1 227 385 346 247 370 300 317 342 367 448 378 105 225 327 323 409 147 283 339 207 366 291 214 294 219 248 306 301 205 274 65 276 245 256 123 354 321 143 447 368 207 122 389 422 114 362 114 250 304 66 394 309 290 193 138 257 290 109 377 328 364 237 99 309 385 226 318 186 317 292 350 379 315 93 299 294 353 71 351 291 326 279 313 28 152 299 274 260 436 368 361 160 303 331 149 230 212 86 215 236 45 344 265 214 228 52 247 120 364 243 256 172 218 230 374 117 109 177 317 345 427 179 206 358 190 161 283 285 199 422 104 192 195 189 418 336 271 346 417 231 174 280 35 248 169 381
 258 162 254 116 303 118 244 222 199 184 78 80 189 176 243 145 268 310 94 254 278 189 274 277 103 85 178 15 302 135 53 107 205 227 1 230 121 30 302 264 314 124 145 256 235 254 216 164 294 251 236 86 132 25 255 316 89 260 42 74 302 76 150 266 174 118 168 39 213 205 258 113 264 151 227 223 289 238 135 204 253 155 81 252 224 126 126 197 91 256 65 224 323 286 350 50 139 83 276 45 120 106 309 326 126 290 114 137 142 331 192 266 352 184 112 310 103 200 151 80 64 149 248 160 256 80 102 244 115 116 205 147 236 232 270 322 208 44 104 248 146 116 358 295 288 192 223 53 324 225 236 158 143 123 286 71 59 260 264 74 283 88 126 209 126 242 132 262 281 117 298 267 234 110 101 246 198 244 59 312
 410 126 254 278 115 310 44 286 204 136 306 175 108 184 253 241 69 239 319 265 284 54 111 179 282 302 335 226 115 331 183 249 171 385 230 1 193 202 145 171 223 157 166 94 21 344 202 67 187 26 293 285 128 228 74 254 318 173 271 161 217 193 185 204 359 119 148 196 292 32 138 329 79 149 230 302 99 66 339 27 336 138 236 370 30 320 107 220 282 210 221 313 170 169 229 273 291 214 83 194 119 202 216 267 241 113 127 303 93 274 39 383 245 101 270 258 145 365 236 173 261 126 79 119 82 242 135 106 334 157 207 306 231 206 415 206 152 204 161 375 140 275 242 273 252 236 217 186 176 307 323 214 338 170 59 294 288 92 285 246 216 145 186 142 311 260 191 284 56 259 250 119 60 337 215 173 350 205 263 147
 377 199 331 91 221 238 225 319 270 83 180 150 103 243 322 243 253 363 204 335 359 140 279 315 221 201 296 130 220 151 122 216 259 346 121 193 1 101 314 302 358 37 36 173 207 361 281 145 329 205 331 115 67 140 249 373 180 300 143 123 348 46 222 318 294 138 218 92 314 181 282 229 189 51 301 325 281 167 253 172 358 200 62 366 172 140 132 275 210 313 63 329 339 316 383 132 254 44 266 127 86 194 353 385 50 290 79 255 143 392 162 380 392 205 84 371 63 320 246 55 100 186 172 79 253 191 82 258 229 174 276 264 308 295 388 356 252 138 165 363 192 231 394 367 354 278 293 128 342 327 341 242 156 23 248 184 163 261 350 188 335 90 202 104 245 324 210 348 247 70 360 279 166 189 196 290 316 303 179 320
 278 144 250 118 274 141 218 226 192 157 106 67 160 167 240 149 243 299 123 252 277 161 252 262 123 113 196 33 273 149 35 117 193 247 30 202 101 1 282 249 301 98 121 227 208 264 208 137 278 223 240 98 103 42 231 306 117 245 70 53 289 55 143 254 197 94 154 10 219 178 239 141 235 125 222 230 265 209 161 176 262 139 76 267 195 139 100 193 113 246 55 233 304 269 335 73 155 69 252 33 91 103 296 317 116 268 85 155 116 323 164 281 338 163 112 302 74 221 154 53 73 130 219 132 233 92 73 223 144 101 199 165 230 223 289 306 194 41 90 264 130 132 343 290 281 191 217 39 305 232 245 155 157 99 259 100 88 237 264 88 272 59 119 182 148 240 126 262 254 113 290 246 205 136 102 232 217 234 82 291
 387 142 177 386 240 335 102 238 160 275 368 225 248 161 184 235 80 120 371 190 199 189 36 69 306 348 330 293 240 428 251 266 126 370 302 145 314 282 1 73 97 279 295 235 125 295 146 170 64 154 238 378 249 289 73 136 386 79 342 231 97 298 180 108 368 191 144 279 252 140 51 369 216 280 168 257 53 209 368 153 284 152 341 332 174 418 190 178 315 123 321 271 26 49 87 351 296 322 66 259 230 223 90 147 360 35 237 313 175 153 159 342 106 120 379 145 255 358 226 276 353 155 220 252 65 274 238 60 376 191 159 310 163 138 386 69 110 263 202 342 160 290 100 174 151 198 155 250 32 263 277 200 437 293 127 349 353 56 210 281 109 238 199 285 332 192 197 210 119 372 142 37 203 409 237 92 339 127 309 12
 317 107 105 361 281 275 133 166 92 282 321 185 258 100 112 171 124 69 319 118 129 201 78 14 248 296 263 252 281 396 215 208 64 300 264 171 302 249 73 1 58 270 291 265 152 223 76 167 31 189 166 345 243 246 107 84 340 7 300 198 49 276 123 38 303 167 96 248 181 153 37 314 249 278 96 185 110 236 309 168 212 111 316 260 198 386 171 109 259 51 295 199 78 29 87 312 233 300 115 221 219 170 52 97 343 94 224 250 161 104 168 270 92 99 354 88 240 290 162 256 321 121 249 253 98 220 222 67 321 149 90 246 91 66 315 59 56 222 161 271 120 230 96 109 86 129 84 213 75 191 205 137 404 283 176 299 308 89 139 228 47 216 146 297 271 120 142 139 167 350 81 63 229 364 183 22 270 55 259 84
 328 162 106 415 329 310 182 177 124 339 365 235 314 142 118 205 168 26 361 118 118 256 119 47 285 337 287 302 329 447 266 246 109 317 314 223 358 301 97 58 1 327 348 317 203 226 106 224 37 238 172 397 300 295 154 41 385 59 347 251 13 331 167 50 330 222 148 301 194 208 87 352 300 335 113 196 147 288 343 223 215 164 370 267 251 438 228 137 298 65 349 210 85 56 48 361 263 355 156 271 275 215 8 52 399 128 281 282 217 58 224 275 40 156 409 52 297 311 195 311 372 176 301 310 145 262 278 118 360 200 120 275 104 90 324 34 109 271 212 280 173 265 50 87 67 154 106 264 78 201 212 173 455 340 219 343 354 135 134 271 36 272 191 353 305 126 186 135 210 405 53 107 282 410 225 70 291 77 302 104
 372 169 306 124 193 238 189 301 244 61 193 132 73 217 298 228 217 332 214 311 335 104 244 282 218 208 291 130 192 182 110 206 231 342 124 157 37 98 279 270 327 1 27 145 171 346 255 110 296 169 313 141 31 138 212 343 197 268 155 104 316 53 199 288 294 109 190 89 297 145 248 236 158 28 276 308 245 135 257 135 343 172 88 355 137 171 100 252 209 285 80 314 304 282 350 148 247 66 230 117 52 177 320 356 86 254 47 250 110 362 126 370 359 172 117 342 35 316 229 46 122 157 141 46 218 184 53 223 237 150 251 258 283 267 382 322 222 130 143 354 165 224 361 340 326 257 267 115 307 311 326 222 188 15 213 192 175 225 327 182 305 67 181 86 244 301 189 325 211 104 331 244 134 209 182 259 310 275 179 285
 397 192 330 125 186 261 202 326 269 48 210 158 69 242 323 253 229 355 233 336 360 113 260 303 242 228 315 152 185 186 135 231 254 367 145 166 36 121 295 291 348 27 1 138 182 372 279 127 316 176 338 150 49 161 227 366 213 290 173 130 338 71 224 310 317 133 214 112 323 158 268 256 155 18 301 334 259 134 279 147 368 195 97 381 143 175 123 277 233 308 94 339 321 302 369 164 272 77 243 142 74 203 341 378 82 269 70 274 132 385 139 395 379 193 118 365 61 340 255 69 134 180 137 48 233 209 78 241 257 175 275 283 307 291 407 342 245 154 168 379 189 249 380 364 349 282 292 140 325 337 352 247 191 23 220 212 193 241 352 206 327 92 207 70 268 326 215 350 219 104 354 262 134 222 207 281 335 298 202 301
 476 205 342 263 49 358 136 366 288 92 331 227 72 266 340 311 156 332 349 352 373 82 202 272 332 338 396 257 48 323 222 308 259 448 256 94 173 227 235 265 317 145 138 1 114 422 290 125 280 82 375 285 127 263 165 347 338 267 293 204 310 195 260 296 412 174 229 218 370 115 231 366 24 123 317 380 185 31 383 101 415 215 231 443 68 312 159 303 329 301 223 390 259 262 320 289 351 210 170 233 138 264 310 360 218 201 143 359 152 367 106 457 337 186 256 351 155 425 308 181 265 200 16 100 174 293 156 200 369 221 293 365 319 295 483 298 241 245 222 446 214 331 333 364 344 317 304 226 266 385 401 289 329 154 118 326 312 184 373 295 309 172 255 80 362 346 261 371 123 241 343 212 37 351 275 265 414 296 303 235
 403 116 238 290 131 308 24 274 190 155 310 174 127 173 238 234 49 220 321 249 268 70 91 160 279 303 329 230 131 342 186 245 156 378 235 21 207 208 125 152 203 171 182 114 1 333 188 72 167 38 280 294 141 231 53 235 323 155 276 164 197 203 176 186 355 120 137 202 281 31 118 330 98 166 216 290 80 86 339 37 324 129 248 360 50 331 110 208 281 192 231 302 150 149 209 280 286 226 64 197 130 197 196 248 256 93 138 299 95 255 47 373 225 90 282 239 156 359 228 183 270 119 99 135 62 240 144 87 335 152 194 301 216 191 406 186 137 206 159 366 132 271 221 256 234 224 202 188 156 295 312 205 349 185 53 297 292 72 270 245 198 152 180 162 309 245 184 269 47 272 231 99 80 343 211 155 344 189 264 127
 107 220 122 367 456 167 322 60 145 392 255 215 381 161 112 120 327 204 236 109 112 342 293 229 161 215 105 241 456 367 240 148 181 105 254 344 361 264 295 223 226 346 372 422 333 1 153 298 239 368 58 329 335 230 308 195 275 217 263 244 217 317 163 190 149 255 197 271 53 315 251 211 416 369 128 44 324 394 187 326 12 209 334 43 360 363 269 127 178 174 316 34 297 249 272 282 121 332 324 235 309 171 228 194 378 311 309 133 273 195 319 50 257 244 364 183 313 113 119 308 313 223 408 360 301 175 298 268 219 206 143 120 133 158 100 257 202 224 209 58 209 142 270 145 161 109 141 234 292 39 23 134 375 353 375 232 256 296 93 181 195 282 171 415 157 104 164 92 366 370 176 278 388 297 166 205 94 168 204 305
 242 91 54 324 317 206 174 94 19 283 262 141 264 42 52 100 176 97 256 64 85 214 141 86 180 232 188 203 316 349 174 141 32 225 216 202 281 208 146 76 106 255 279 290 188 153 1 172 101 225 97 301 233 195 157 101 282 70 247 163 94 247 66 57 229 147 67 210 107 176 99 247 279 270 29 113 172 260 239 189 143 85 281 188 223 341 158 34 193 43 260 127 153 104 150 261 160 269 172 176 206 113 104 111 315 159 210 178 154 117 185 199 145 105 319 96 222 215 90 230 277 101 275 251 150 158 203 116 255 110 15 172 31 17 242 126 52 174 121 197 91 160 154 86 74 54 15 170 150 119 134 68 358 266 226 239 252 144 84 166 72 192 91 303 200 59 85 83 216 318 83 126 254 307 122 56 195 31 198 157
 354 83 225 222 163 246 85 243 168 116 240 110 94 143 222 187 112 234 252 234 256 45 135 179 218 236 276 160 162 272 117 188 143 327 164 67 145 137 170 167 224 110 127 125 72 298 172 1 191 90 252 223 81 162 105 246 252 167 205 95 215 134 136 192 296 54 108 131 246 42 142 263 121 113 198 256 138 97 275 41 291 92 179 319 68 261 41 181 218 192 161 266 195 176 243 208 231 158 124 128 62 142 218 259 192 146 70 242 29 266 29 333 254 72 215 247 88 305 184 113 199 77 112 87 109 178 74 115 268 98 173 245 202 181 360 216 128 138 100 323 90 213 254 253 235 193 186 119 199 261 277 165 279 124 123 228 222 116 253 181 207 81 131 133 248 227 137 252 118 206 237 136 92 272 154 161 293 184 197 176
 337 136 119 390 292 303 146 185 118 305 351 215 280 129 128 199 132 58 349 132 138 221 83 18 276 325 288 282 292 425 244 236 93 323 294 187 329 278 64 31 37 296 316 280 167 239 101 191 1 202 183 375 269 276 118 74 370 35 330 227 34 305 153 50 329 195 126 278 201 172 52 342 263 303 116 205 111 252 337 187 228 140 345 279 215 416 199 134 288 67 324 219 59 19 58 342 259 328 120 250 245 200 30 86 371 93 251 277 187 92 189 287 64 125 383 82 268 314 189 284 350 150 265 277 108 250 249 82 350 179 115 272 109 88 335 29 86 252 191 290 150 258 67 112 89 153 106 242 54 210 223 165 434 310 183 329 338 98 151 258 47 245 176 319 299 137 172 151 174 379 79 70 246 394 212 51 294 75 288 73
 435 150 275 292 94 334 57 310 227 140 328 199 112 208 275 266 75 255 341 286 305 67 122 195 306 325 359 248 94 347 206 274 193 409 251 26 205 223 154 189 238 169 176 82 38 368 225 90 202 1 316 302 142 251 85 271 339 191 292 184 233 209 209 222 383 143 172 216 316 56 154 352 63 159 253 326 104 57 363 50 360 162 252 394 34 336 130 244 306 229 238 337 178 183 240 293 315 230 89 217 137 226 231 284 254 121 145 328 117 290 62 407 257 125 284 276 162 389 261 190 279 150 68 128 94 266 154 123 357 181 230 330 253 228 439 218 174 227 186 400 164 299 252 293 271 260 239 208 185 331 347 239 354 183 45 317 309 104 307 270 234 165 211 142 335 282 215 306 46 273 268 133 53 357 239 192 375 226 286 155
 157 171 67 351 406 174 268 15 91 353 254 183 339 110 56 92 272 151 240 55 65 295 236 172 159 216 127 222 406 360 211 133 126 147 236 293 331 240 238 166 172 313 338 375 280 58 97 252 183 316 1 317 297 212 253 145 275 160 253 210 163 290 118 134 174 214 147 245 31 264 194 220 367 333 71 27 268 346 201 277 48 161 314 97 311 354 227 74 175 117 294 40 241 192 219 271 123 308 268 208 270 139 174 146 355 254 272 139 228 148 270 105 205 193 347 133 279 146 87 277 298 176 360 321 246 159 262 212 228 165 88 128 76 102 153 202 147 200 171 108 163 137 218 97 110 60 85 206 236 31 41 92 368 321 321 230 251 240 45 167 140 247 132 375 165 48 125 43 311 350 125 221 340 299 139 148 125 111 195 248
 312 241 339 48 333 172 307 303 284 197 88 163 213 260 327 227 334 394 114 339 363 236 347 359 169 124 240 99 332 51 132 186 289 283 86 285 115 98 378 345 397 141 150 285 294 329 301 223 375 302 317 1 164 108 324 400 78 342 67 150 385 94 235 350 221 189 251 100 292 264 336 144 298 164 311 302 358 274 173 260 329 236 55 320 271 42 192 282 153 340 65 301 400 366 432 48 209 76 344 126 166 191 392 410 86 362 159 201 208 416 248 333 435 259 49 395 141 256 234 113 26 227 281 186 326 159 151 319 141 198 290 213 321 316 326 403 290 128 186 313 227 188 440 379 373 277 308 134 402 303 313 242 60 132 342 105 78 331 348 151 367 145 210 219 182 326 217 345 339 63 383 342 272 78 185 329 259 328 125 387
 369 145 285 151 175 240 159 286 224 59 205 121 58 197 278 216 187 307 224 291 315 75 214 255 217 215 287 134 174 207 105 200 208 339 132 128 67 103 249 243 300 31 49 127 141 335 233 81 269 142 297 164 1 141 183 319 212 242 167 94 290 71 181 263 295 87 167 94 284 115 220 243 137 38 256 295 215 112 262 106 330 149 112 347 110 196 76 233 211 261 100 302 274 254 322 163 242 90 200 115 28 165 294 331 115 225 27 248 84 338 96 361 332 145 144 318 30 314 216 55 142 133 121 30 188 181 38 194 246 133 230 255 262 245 378 294 197 128 127 347 143 221 333 318 303 240 246 110 278 299 314 206 214 45 184 201 187 195 308 180 280 56 166 84 245 282 174 306 182 132 307 215 110 226 172 234 306 251 182 255
 238 148 231 140 309 101 238 198 178 196 81 65 198 155 220 121 261 290 91 231 255 192 262 260 82 76 157 12 308 156 46 83 187 207 25 228 140 42 289 246 295 138 161 263 231 230 195 162 276 251 212 108 141 1 247 295 97 242 54 68 283 95 130 246 157 112 152 51 188 201 243 105 269 165 204 199 279 243 122 202 229 140 105 229 225 148 122 175 72 235 87 200 309 270 333 68 116 105 268 35 126 84 291 305 149 279 121 116 137 310 190 243 333 172 136 289 113 181 127 94 87 136 254 171 247 56 108 232 108 100 184 125 214 211 249 305 191 27 88 226 131 93 340 272 267 169 202 44 310 201 212 135 164 140 283 67 65 249 241 51 263 92 105 222 107 219 111 238 277 141 277 254 239 121 77 228 177 223 42 299
 388 109 203 326 176 310 30 249 164 204 327 184 177 153 205 223 20 172 334 215 230 118 38 112 281 314 320 248 176 373 204 243 128 366 255 74 249 231 73 107 154 212 227 165 53 308 157 105 118 85 253 324 183 247 1 188 343 111 296 182 149 238 163 143 352 138 122 227 259 70 71 338 147 211 184 267 35 138 343 82 299 121 282 340 103 363 133 183 286 152 263 279 98 99 157 303 280 261 22 214 166 196 147 201 296 43 173 295 117 207 89 352 173 80 318 194 192 350 215 216 299 117 150 182 10 244 177 43 344 155 166 295 183 156 390 134 107 221 164 347 128 269 169 214 192 202 170 205 104 272 288 190 381 227 71 311 311 20 236 250 153 180 174 213 309 213 176 235 61 310 187 48 132 364 210 115 333 151 274 76
 300 175 81 423 363 298 215 152 118 361 361 240 339 141 95 193 203 17 353 91 84 282 155 77 274 329 266 303 363 449 272 237 116 291 316 254 373 306 136 84 41 343 366 347 235 195 101 246 74 271 145 400 319 295 188 1 381 82 347 260 41 342 166 57 311 237 157 308 170 235 118 341 332 355 98 170 184 318 329 250 184 175 379 237 281 441 244 125 288 62 357 183 125 92 81 362 248 365 192 276 293 213 47 14 411 166 298 266 236 21 250 243 63 176 417 13 312 288 184 324 377 189 332 332 179 257 293 149 349 207 113 258 88 85 294 74 122 273 218 250 183 253 77 51 36 139 96 269 118 174 184 165 458 356 255 337 351 169 103 265 40 285 191 378 291 101 185 104 246 415 22 141 312 406 222 87 267 73 297 143
 243 244 310 124 386 110 332 261 264 257 22 161 268 245 297 192 356 378 42 307 329 276 359 353 118 61 177 95 385 97 140 147 278 214 89 318 180 117 386 340 385 197 213 338 323 275 282 252 370 339 275 78 212 97 343 381 1 335 48 162 373 145 219 336 150 206 246 124 247 293 339 72 347 223 286 256 376 322 101 292 278 235 121 259 311 96 214 257 101 323 120 252 405 364 425 50 156 137 364 130 205 171 382 389 161 376 199 144 230 394 280 271 424 268 126 374 185 188 201 158 82 232 331 239 343 125 188 328 67 196 269 156 296 298 257 398 285 124 184 251 227 139 432 351 350 246 286 139 405 256 262 217 104 192 375 46 33 346 312 117 352 175 195 281 120 294 200 309 369 140 362 351 319 26 161 321 195 311 85 395
