NAME : domp30p10v8
COMMENT : (Deleplanque et al.) 
TYPE : DOMP
DIMENSION : 30
DISPLAY_DATA_TYPE: NO_DISPLAY
OPEN_FACILITIES : 10
COST_SECTION
 1 282 129 78 311 198 85 260 99 207 149 233 309 237 83 291 124 171 166 166 265 307 185 154 147 158 130 156 70 289
 282 1 316 226 178 308 266 163 251 104 201 384 155 71 204 103 296 314 418 349 50 339 103 252 401 127 363 222 268 349
 129 316 1 189 268 82 61 222 222 216 119 105 277 298 137 282 22 49 115 41 281 195 245 78 105 219 59 272 196 171
 78 226 189 1 296 242 132 248 43 174 156 292 288 171 73 259 177 221 243 228 220 338 124 184 223 101 203 84 45 327
 311 178 268 296 1 216 248 52 336 130 166 287 26 227 234 76 250 239 382 284 132 191 215 191 372 217 326 338 337 212
 198 308 82 242 216 1 115 178 280 205 114 78 230 309 175 249 78 35 182 76 265 114 261 65 177 239 133 321 260 92
 85 266 61 132 248 115 1 198 167 171 84 161 251 242 77 246 46 91 153 101 236 222 188 71 138 161 98 214 146 205
 260 163 222 248 52 178 198 1 288 89 116 253 56 199 184 76 203 197 336 242 115 179 177 145 325 174 280 295 287 194
 99 251 222 43 336 280 167 288 1 211 198 326 326 189 115 294 212 258 260 260 251 379 149 224 241 131 228 63 33 366
 207 104 216 174 130 205 171 89 211 1 99 281 117 116 125 86 196 211 323 248 66 247 89 149 308 88 267 209 217 253
 149 201 119 156 166 114 84 116 198 99 1 187 169 196 84 165 99 114 229 150 164 188 148 52 216 128 173 224 188 182
 233 384 105 292 287 78 161 253 326 281 187 1 304 381 233 325 116 76 153 69 342 141 331 135 156 307 125 374 301 109
 309 155 277 288 26 230 251 56 326 117 169 304 1 207 230 52 258 251 391 296 110 214 199 199 379 203 334 325 330 234
 237 71 298 171 227 309 242 199 189 116 196 381 207 1 170 158 279 307 388 335 99 362 55 247 370 83 337 154 211 366
 83 204 137 73 234 175 77 184 115 125 84 233 230 170 1 210 120 159 219 176 184 267 116 114 202 88 169 147 106 256
 291 103 282 259 76 249 246 76 294 86 165 325 52 158 210 1 261 264 393 306 60 252 157 206 380 166 337 285 302 268
 124 296 22 177 250 78 46 203 212 196 99 116 258 279 120 261 1 49 134 58 261 190 226 60 123 200 77 259 189 168
 171 314 49 221 239 35 91 197 258 211 114 76 251 307 159 264 49 1 150 47 274 147 256 63 145 232 100 303 236 123
 166 418 115 243 382 182 153 336 260 323 229 153 391 388 219 393 134 150 1 107 388 285 334 192 20 306 58 320 229 255
 166 349 41 228 284 76 101 242 260 248 150 69 296 335 176 306 58 47 107 1 312 182 283 102 103 257 63 311 234 153
 265 50 281 220 132 265 236 115 251 66 164 342 110 99 184 60 261 274 388 312 1 291 106 212 373 121 332 234 264 302
 307 339 195 338 191 114 222 179 379 247 188 141 214 362 267 252 190 147 285 182 291 1 325 157 284 309 242 411 363 34
 185 103 245 124 215 261 188 177 149 89 148 331 199 55 116 157 226 256 334 283 106 325 1 198 316 29 283 130 166 325
 154 252 78 184 191 65 71 145 224 149 52 135 199 247 114 206 60 63 192 102 212 157 198 1 182 176 136 260 208 144
 147 401 105 223 372 177 138 325 241 308 216 156 379 370 202 380 123 145 20 103 373 284 316 182 1 288 47 301 209 255
 158 127 219 101 217 239 161 174 131 88 128 307 203 83 88 166 200 232 306 257 121 309 29 176 288 1 256 123 144 307
 130 363 59 203 326 133 98 280 228 267 173 125 334 337 169 337 77 100 58 63 332 242 283 136 47 256 1 285 198 215
 156 222 272 84 338 321 214 295 63 209 224 374 325 154 147 285 259 303 320 311 234 411 130 260 301 123 285 1 95 402
 70 268 196 45 337 260 146 287 33 217 188 301 330 211 106 302 189 236 229 234 264 363 166 208 209 144 198 95 1 349
 289 349 171 327 212 92 205 194 366 253 182 109 234 366 256 268 168 123 255 153 302 34 325 144 255 307 215 402 349 1
LAMBDA_SECTION
1  17
2  11
3  26
4  13
5  27
6  18
7  9
8  18
9  12
10  29
11  25
12  13
13  14
14  27
15  11
16  12
17  25
18  14
19  21
20  26
21  15
22  9
23  23
24  23
25  23
26  11
27  26
28  29
29  8
30  25
