NAME : domp200p66v4
COMMENT : (Deleplanque et al.) 
TYPE : DOMP
DIMENSION : 200
DISPLAY_DATA_TYPE: NO_DISPLAY
OPEN_FACILITIES : 66
COST_SECTION
 1 224 96 291 296 31 69 374 426 178 355 159 277 231 78 478 163 366 209 394 349 174 342 200 395 49 428 379 358 222 305 224 149 172 377 169 211 392 229 377 43 246 350 242 205 378 250 213 311 276 257 316 354 298 321 29 373 215 379 317 244 177 302 412 283 345 446 346 268 330 344 338 208 98 375 209 132 30 386 385 153 405 276 380 178 187 374 160 215 315 127 248 225 186 265 423 191 292 82 295 139 325 385 265 337 50 338 176 455 346 149 133 404 248 158 360 131 158 262 440 393 239 191 169 346 327 349 222 448 312 321 413 257 351 362 209 301 219 307 140 400 154 379 212 471 35 233 312 342 61 92 254 273 209 298 328 243 124 370 106 304 353 221 253 283 218 114 389 452 378 156 286 173 228 186 48 271 383 260 267 38 416 304 353 290 386 114 285 125 300 75 148 187 93 315 364 117 352 148 212
 224 1 181 118 377 198 213 323 350 183 303 268 219 329 166 377 176 229 133 201 347 176 122 99 179 231 330 231 352 129 176 12 294 174 258 297 269 331 306 338 211 28 206 290 37 324 288 338 254 185 142 119 199 75 266 234 199 111 183 197 193 87 223 329 191 314 318 149 134 260 186 161 341 162 157 255 154 207 184 206 248 353 139 298 306 62 300 84 200 271 100 174 179 275 343 308 162 345 176 379 197 108 333 49 329 197 156 310 334 335 226 146 246 28 85 202 180 68 43 368 172 46 115 313 191 348 179 32 345 234 178 358 364 178 193 23 325 26 164 231 244 74 157 18 377 199 40 169 198 179 241 184 53 297 272 229 33 220 199 120 235 327 350 46 121 103 146 190 347 255 216 79 71 308 205 187 153 215 142 289 187 324 119 183 104 163 208 173 100 169 177 113 304 149 188 151 153 132 141 27
 96 181 1 279 376 69 40 417 462 221 397 238 311 313 119 506 206 375 224 376 408 215 301 203 360 137 456 383 416 234 313 177 238 212 394 254 279 432 305 424 122 196 355 310 177 420 315 301 348 297 266 294 354 252 359 122 365 221 359 330 277 174 330 445 304 394 462 324 271 364 343 327 297 20 337 273 167 67 362 375 227 449 278 412 265 171 409 152 257 357 90 272 257 262 343 444 223 365 18 376 195 288 428 210 393 117 324 264 474 402 216 163 405 198 150 359 181 131 223 478 350 212 201 259 346 392 342 192 475 341 325 456 342 343 356 174 365 187 310 211 401 132 335 175 502 103 205 315 347 112 176 281 221 286 345 350 189 194 363 77 336 404 310 221 275 220 37 367 478 393 217 256 159 304 237 52 281 378 268 328 75 445 287 346 272 339 180 299 95 307 125 157 271 120 325 331 152 311 175 160
 291 118 279 1 336 272 303 228 243 166 209 267 142 307 216 263 170 113 101 104 271 163 107 93 126 278 217 113 273 87 68 129 304 161 144 298 241 231 277 246 263 127 89 250 105 227 243 328 167 99 65 41 82 106 177 290 87 83 90 89 132 115 131 221 103 229 201 62 45 165 69 49 335 260 116 225 174 283 101 97 247 254 43 192 305 110 197 134 159 186 190 107 129 262 307 193 138 296 270 340 203 85 235 136 252 249 48 310 217 256 226 169 129 124 136 85 192 149 92 261 142 75 107 318 74 283 64 93 231 140 63 258 340 65 78 112 265 100 52 236 127 149 133 114 264 259 81 55 81 233 270 114 127 277 197 126 138 232 85 206 145 242 339 75 14 77 247 102 232 140 211 57 123 281 182 268 65 101 62 235 258 213 19 68 21 148 226 78 186 63 223 145 297 199 78 98 184 111 155 144
 296 377 376 336 1 313 362 202 258 195 199 139 203 66 263 322 203 313 251 409 129 201 440 281 458 248 290 334 137 261 288 386 153 204 293 130 109 222 75 187 259 403 317 89 340 208 95 94 198 243 272 376 333 422 196 269 369 275 405 279 205 291 228 261 243 167 340 391 292 218 334 356 105 368 451 123 234 319 421 383 151 218 295 247 122 316 234 300 183 182 338 230 210 116 36 311 217 47 359 6 192 417 209 422 135 261 363 126 336 142 166 242 361 402 299 339 211 330 388 261 478 351 264 138 330 92 352 350 308 226 309 224 51 358 356 355 88 354 304 168 356 322 469 360 310 276 351 306 316 266 205 224 421 91 159 253 408 185 364 330 215 162 93 367 324 284 374 418 313 301 169 378 310 74 173 326 273 364 276 104 303 275 355 355 352 483 199 267 331 289 254 272 111 269 287 433 244 445 242 387
 31 198 69 272 313 1 52 374 423 176 354 174 272 249 70 473 160 354 197 374 355 171 318 184 371 70 423 366 364 209 292 197 171 169 367 188 221 391 243 378 55 219 337 252 181 378 259 234 308 267 244 295 339 272 318 55 357 200 359 306 239 159 296 408 274 347 437 326 253 326 329 320 230 69 351 217 125 12 365 368 165 406 261 376 198 166 371 140 213 314 99 240 219 199 280 415 185 304 53 312 142 301 385 237 342 54 319 197 447 351 157 124 390 221 138 345 130 133 237 438 368 216 177 191 331 336 333 198 443 306 308 413 276 334 345 184 309 194 293 150 386 130 353 187 467 38 210 298 329 56 110 247 246 223 299 320 215 133 354 79 300 356 243 229 266 202 84 369 446 368 162 263 152 242 187 18 258 367 247 274 16 411 284 337 270 360 121 274 99 287 71 132 205 80 303 341 109 327 139 184
 69 213 40 303 362 52 1 422 470 224 402 224 319 298 117 517 208 393 238 403 406 218 334 221 391 116 467 403 414 249 331 210 217 216 409 236 271 438 293 427 105 230 374 303 205 426 309 281 355 309 282 321 375 286 366 97 389 238 386 346 285 193 341 454 317 396 478 352 290 372 364 351 276 54 370 267 172 44 391 399 215 454 298 422 246 195 418 172 261 362 117 283 265 249 330 458 230 355 38 361 192 320 433 245 392 105 349 244 489 401 208 169 426 232 170 380 180 156 255 485 384 240 216 237 367 386 366 221 487 351 345 461 324 367 379 204 360 216 329 201 422 156 369 205 513 89 233 335 366 105 159 291 256 273 348 363 224 184 387 99 345 405 289 251 298 239 73 395 490 409 212 286 182 292 237 43 297 401 285 324 65 456 313 370 298 373 172 315 120 325 121 171 254 125 342 362 155 344 183 194
 374 323 417 228 202 374 422 1 60 199 22 246 110 222 306 124 215 147 203 256 77 204 328 234 322 334 89 166 72 200 161 335 284 207 115 263 184 22 194 22 332 342 163 161 293 7 148 259 72 140 183 260 180 333 60 356 215 217 259 141 143 260 102 60 133 37 142 261 194 65 188 221 271 401 324 177 252 384 276 225 238 33 191 54 263 277 41 280 162 61 342 154 163 220 193 114 196 158 401 207 236 309 12 356 68 325 229 269 136 62 231 255 186 340 281 184 244 313 312 69 350 282 227 283 182 112 208 292 107 91 172 40 238 213 205 307 118 299 178 243 182 306 346 311 113 341 285 177 166 319 298 144 349 212 77 104 352 255 209 346 90 41 266 292 218 224 397 270 112 123 221 283 281 199 188 380 172 202 183 127 359 75 241 208 248 362 262 154 335 166 303 264 248 299 152 305 268 329 243 345
 426 350 462 243 258 423 470 60 1 249 74 304 153 281 355 65 264 142 241 246 131 254 334 270 317 388 44 155 124 235 177 361 342 256 105 322 243 39 254 72 385 365 163 220 323 55 207 319 116 171 211 269 179 347 106 409 208 252 253 156 187 297 134 23 163 97 101 263 218 99 189 224 330 445 323 235 299 434 270 216 295 43 213 54 322 311 54 318 212 113 382 192 207 279 252 78 241 216 447 263 289 317 51 377 125 376 232 329 89 118 287 302 168 363 320 180 295 349 332 19 347 306 265 342 183 167 208 320 54 123 182 39 297 213 201 336 176 327 192 299 165 344 346 340 54 392 311 189 169 369 354 182 369 272 133 122 376 309 203 389 127 98 325 313 236 256 439 262 59 113 275 299 317 259 241 428 198 192 210 186 408 36 253 207 263 362 316 178 375 183 353 306 307 346 166 305 316 334 289 373
 178 183 221 166 195 176 224 199 249 1 179 103 100 150 108 301 17 202 66 261 190 8 258 90 290 144 252 218 197 80 147 192 140 11 205 133 88 216 124 205 138 209 191 109 146 203 109 166 134 107 107 203 200 233 144 163 229 88 251 153 68 97 127 235 113 174 274 226 126 153 194 202 171 207 278 73 55 186 264 243 83 231 132 204 140 122 197 108 38 139 157 79 52 99 161 249 28 166 205 197 46 236 210 229 174 129 205 146 281 182 62 60 246 208 107 206 48 140 197 263 303 160 72 154 194 179 206 157 272 136 168 238 185 210 216 161 153 160 156 73 241 131 291 166 294 144 159 160 185 121 119 83 229 118 126 155 214 74 225 155 128 184 177 177 154 97 206 264 276 208 47 194 116 127 23 182 117 233 111 115 161 239 184 210 176 304 74 124 149 144 106 81 133 102 154 261 70 265 52 193
 355 303 397 209 199 354 402 22 74 179 1 231 89 212 286 135 195 134 181 242 81 185 310 213 307 316 94 154 78 178 142 314 270 187 104 250 170 38 184 38 314 321 148 149 272 25 136 249 51 119 162 242 165 313 39 337 201 196 244 123 122 239 81 67 112 34 142 244 174 45 172 204 261 381 307 162 232 365 261 212 222 54 171 50 250 256 36 259 142 41 321 133 142 206 187 113 175 154 381 204 217 290 33 335 67 306 212 257 138 64 214 235 176 319 260 169 225 291 292 86 333 261 205 271 166 112 192 271 113 71 155 61 231 198 190 286 113 278 159 226 171 285 329 290 125 322 265 159 150 300 281 123 329 200 60 86 331 237 195 325 69 44 257 271 199 203 376 256 118 113 203 264 260 189 170 360 152 189 163 115 339 79 223 193 229 345 244 134 314 147 284 243 236 279 134 288 248 312 223 324
 159 268 238 267 139 174 224 246 304 103 231 1 177 76 128 364 100 293 167 361 203 106 357 186 392 111 319 311 212 181 244 275 42 107 289 32 63 266 72 242 120 295 286 92 233 251 103 72 199 200 208 304 297 327 205 133 328 188 352 246 156 184 208 295 204 211 353 328 227 222 293 302 74 231 378 70 115 181 365 342 22 274 233 269 40 208 259 185 120 195 209 175 147 29 107 325 130 135 221 139 72 335 256 315 195 122 306 45 356 204 44 123 340 295 184 303 89 210 290 314 403 254 168 52 291 175 306 247 339 214 265 281 107 310 314 246 150 249 255 38 335 202 391 251 355 137 252 259 281 129 67 175 318 51 172 238 298 52 323 198 203 216 83 271 255 197 238 365 344 293 57 293 198 70 89 188 216 330 212 123 165 304 285 309 277 403 66 220 202 241 118 156 38 137 249 362 119 365 129 271
 277 219 311 142 203 272 319 110 153 100 89 177 1 188 204 202 115 119 94 208 132 104 247 126 258 243 153 139 135 92 87 230 218 105 112 203 127 123 156 122 237 240 118 123 186 112 113 219 39 44 83 180 133 240 51 262 168 110 204 78 35 152 32 137 41 96 178 192 100 55 132 155 228 294 253 113 148 283 220 182 163 142 100 105 207 170 100 171 64 53 234 46 55 160 177 152 89 159 295 207 143 226 120 256 113 227 162 214 183 118 148 150 168 238 172 138 146 204 214 168 280 180 118 225 129 142 150 188 173 38 107 148 217 156 155 201 125 194 103 161 162 197 273 206 196 243 183 105 115 219 213 36 251 164 57 62 249 168 163 238 29 109 228 193 130 118 289 217 177 117 135 192 172 161 97 277 78 165 85 100 257 140 159 153 160 288 171 67 226 87 203 156 194 195 86 234 164 251 137 239
 231 329 313 307 66 249 298 222 281 150 212 76 188 1 202 345 154 306 213 391 161 156 405 239 432 183 305 326 170 224 269 338 89 158 293 66 66 243 33 212 194 356 305 67 294 228 80 39 196 222 243 346 319 382 198 204 353 236 384 264 180 244 217 278 224 185 349 365 264 218 317 334 51 306 422 83 180 255 399 367 90 245 267 258 58 268 246 249 149 185 281 203 179 57 39 320 175 76 296 65 136 383 231 376 159 197 339 63 348 168 108 188 354 355 248 325 155 277 346 287 447 309 221 76 315 126 333 305 325 219 290 252 36 339 340 307 108 308 283 108 349 269 437 313 334 212 308 286 301 204 140 200 377 33 160 246 360 124 348 271 208 185 45 326 294 245 313 397 330 299 115 342 260 28 129 263 248 351 247 99 239 290 325 337 320 451 138 246 274 268 193 220 46 210 271 404 188 412 191 336
 78 166 119 216 263 70 117 306 355 108 286 128 204 202 1 404 92 289 131 319 291 102 278 125 326 67 354 302 299 145 228 169 140 100 300 151 162 322 190 311 49 192 273 193 139 309 198 197 239 199 179 244 277 237 250 75 297 138 305 240 170 103 228 340 207 280 370 273 191 257 268 262 196 108 308 156 57 81 313 309 113 338 199 308 161 118 302 90 145 246 85 172 151 148 229 348 116 248 102 263 78 258 317 212 277 34 262 163 379 286 99 56 327 192 88 283 64 99 200 369 328 171 114 161 269 274 273 156 374 238 244 345 234 275 285 147 248 155 230 96 323 93 314 151 399 44 166 235 265 18 80 179 217 173 232 252 191 79 294 71 231 289 207 187 208 142 112 316 378 302 100 217 104 190 121 76 194 306 183 211 55 342 230 277 217 323 65 208 79 222 12 72 164 19 238 295 41 287 71 161
 478 377 506 263 322 473 517 124 65 301 135 364 202 345 404 1 316 152 282 239 194 305 340 307 312 443 51 157 187 274 203 388 403 306 120 384 304 103 317 136 438 389 175 283 354 118 270 382 170 210 245 281 187 362 161 463 207 289 250 183 235 336 178 69 203 160 74 268 247 149 199 233 394 488 323 295 348 484 265 211 354 106 241 98 384 347 106 358 264 171 422 235 254 340 316 72 289 280 492 327 343 326 115 397 189 428 241 391 55 182 344 350 159 386 359 186 347 387 353 64 344 332 306 404 194 231 214 348 33 167 201 100 361 219 204 366 240 355 214 356 157 382 346 369 14 444 338 210 183 419 411 227 388 334 193 157 400 366 204 431 174 162 389 337 258 292 481 257 31 124 332 316 354 322 296 476 231 189 244 249 458 63 269 213 281 361 371 211 416 210 404 350 369 394 191 306 365 338 336 402
 163 176 206 170 203 160 208 215 264 17 195 100 115 154 92 316 1 213 69 268 204 12 259 88 293 130 266 229 211 84 157 185 135 11 219 130 95 232 130 220 123 203 202 119 140 219 120 166 149 119 114 206 210 230 159 149 237 90 257 164 82 91 141 250 125 189 287 231 132 168 203 208 171 192 280 82 40 171 269 251 79 247 138 219 138 115 213 98 54 155 144 91 65 101 168 263 35 176 189 204 35 236 226 223 189 113 211 144 295 197 57 45 257 202 98 216 33 129 194 279 304 157 70 150 203 192 214 152 287 151 177 254 189 218 224 154 166 155 164 67 252 121 292 160 310 129 156 169 195 106 107 96 224 122 141 168 208 65 233 141 143 199 178 174 158 98 191 269 290 221 44 194 108 133 34 166 125 242 118 128 145 254 187 218 179 305 62 134 136 153 90 70 133 86 165 264 55 266 40 185
 366 229 375 113 313 354 393 147 142 202 134 293 119 306 289 152 213 1 158 110 212 203 194 174 178 341 109 22 210 145 63 240 333 203 37 320 246 142 274 168 330 239 25 240 210 144 228 337 116 96 112 131 38 212 119 358 69 156 114 50 138 202 89 120 90 164 90 122 105 99 50 84 346 356 183 231 236 365 131 79 276 164 98 98 324 207 108 224 174 133 287 123 151 277 291 81 180 268 363 318 246 178 150 247 195 318 92 331 106 195 259 234 50 236 225 39 244 248 203 159 207 185 178 342 44 237 67 202 121 88 53 166 333 72 60 220 229 209 67 271 44 245 205 223 154 331 190 63 33 306 319 120 237 283 155 61 250 275 64 299 99 176 346 187 110 156 346 125 121 30 244 166 217 278 207 354 97 56 109 213 339 108 118 66 130 222 274 81 281 69 292 223 312 275 52 164 250 193 219 255
 209 133 224 101 251 197 238 203 241 66 181 167 94 213 131 282 69 158 1 200 217 62 194 35 226 187 232 171 222 16 97 143 203 61 172 197 148 215 185 215 174 156 142 163 97 205 159 230 132 73 50 138 148 172 143 202 172 25 189 110 64 59 108 223 81 188 241 163 65 143 140 141 236 207 213 132 80 208 201 185 147 234 72 190 205 78 188 79 70 145 142 50 47 164 218 221 39 216 211 254 103 172 213 175 199 162 143 211 252 205 125 77 197 155 80 154 93 111 138 258 238 101 25 218 140 217 148 103 251 119 115 241 247 151 159 112 194 108 101 135 193 105 227 118 279 174 102 106 135 148 172 60 173 181 143 127 164 132 168 150 116 200 242 117 90 34 200 201 254 173 111 130 79 188 84 198 63 179 53 158 182 222 119 152 111 240 127 78 135 92 135 68 198 118 107 196 93 201 62 149
 394 201 376 104 409 374 403 256 246 261 242 361 208 391 319 239 268 110 200 1 318 259 113 196 74 381 207 92 317 185 123 209 400 258 144 391 327 250 359 277 366 198 96 328 200 253 319 417 217 170 155 83 79 150 223 393 42 185 19 131 213 218 184 225 169 271 166 53 136 204 76 60 425 356 86 310 276 385 28 31 342 272 130 206 398 210 217 235 245 236 287 190 217 352 384 174 234 365 368 413 301 107 259 196 301 352 58 404 185 301 322 271 81 195 237 74 292 247 162 262 106 165 209 413 80 340 58 185 213 187 102 274 422 53 55 203 329 190 109 333 84 248 109 203 245 362 172 106 96 336 371 192 184 364 255 162 209 331 48 305 197 283 428 157 113 179 342 19 211 136 307 123 224 364 274 369 147 55 151 306 360 211 91 56 106 124 326 146 284 124 326 248 388 302 123 73 286 107 257 226
 349 347 408 271 129 355 406 77 131 190 81 203 132 161 291 194 204 212 217 318 1 196 376 251 379 305 165 232 10 219 209 358 236 199 184 213 142 96 139 60 307 370 223 112 313 83 101 199 105 173 214 308 240 371 97 327 277 237 319 192 155 272 142 135 169 49 219 314 231 115 245 275 211 395 378 141 243 365 336 289 201 90 230 128 210 293 115 289 157 86 344 175 171 175 127 190 197 89 391 134 215 354 82 386 20 303 283 216 212 18 201 248 256 368 289 245 228 322 345 133 404 311 238 230 240 38 265 317 181 135 225 96 170 271 265 328 55 323 226 211 251 314 398 333 182 320 313 226 224 301 264 166 382 160 77 158 378 226 271 344 128 39 203 323 259 246 394 331 187 192 195 323 293 143 172 365 208 267 216 83 342 151 287 267 290 414 236 194 336 211 286 266 195 289 203 358 258 379 240 365
 174 176 215 163 201 171 218 204 254 8 185 106 104 156 102 305 12 203 62 259 196 1 254 85 287 141 255 219 203 77 147 185 142 4 208 136 94 221 130 211 134 203 191 116 140 208 116 170 138 108 105 200 200 227 149 160 228 84 249 153 71 91 130 239 115 180 276 224 124 157 194 200 176 200 274 80 49 181 261 242 86 237 130 208 144 115 202 101 44 144 150 80 54 104 167 252 26 173 199 203 45 232 216 222 181 124 203 149 284 189 64 53 247 202 100 206 44 133 192 268 299 155 66 157 193 186 205 151 276 139 167 244 190 209 215 155 160 154 155 75 242 124 287 160 299 140 153 160 185 116 118 85 223 124 132 157 208 74 224 149 132 190 182 171 151 93 199 261 279 210 50 190 110 133 30 177 116 232 109 122 156 243 180 209 173 300 73 124 142 143 101 74 137 96 154 257 65 261 45 186
 342 122 301 107 440 318 334 328 334 258 310 357 247 405 278 340 259 194 194 113 376 254 1 172 62 343 302 184 378 182 169 125 390 252 230 388 340 328 377 348 325 107 172 352 140 327 346 423 272 205 169 69 157 50 281 350 134 171 96 188 236 180 235 312 208 333 270 74 150 267 146 111 428 283 39 324 251 327 87 133 337 352 149 286 396 161 294 189 259 291 220 212 231 357 409 271 232 400 297 443 288 24 334 97 357 310 103 401 289 360 315 244 185 104 191 156 273 185 82 352 52 108 190 407 152 388 128 123 311 243 157 355 439 123 137 135 371 125 152 323 186 190 37 132 345 315 113 153 166 293 346 219 85 374 303 226 115 315 137 241 249 346 434 92 119 162 265 96 311 223 301 65 175 380 278 308 171 153 166 340 306 301 90 129 89 47 306 183 220 166 287 212 390 260 177 41 255 11 233 142
 200 99 203 93 281 184 221 234 270 90 213 186 126 239 125 307 88 174 35 196 251 85 172 1 211 186 257 183 256 36 112 109 219 82 193 217 176 245 213 247 171 123 154 194 63 236 191 253 164 100 64 124 156 144 175 198 174 19 182 129 97 30 137 251 107 221 260 152 70 173 146 139 258 184 195 161 83 195 192 186 166 266 78 218 225 44 217 52 102 178 116 81 81 188 248 243 66 248 190 284 117 150 245 142 233 157 139 230 273 239 144 77 207 122 53 161 103 81 108 287 219 71 19 236 148 251 150 70 276 148 125 272 274 152 162 78 228 74 110 152 203 76 206 84 305 167 70 115 146 142 179 92 141 207 176 152 130 145 171 127 146 233 265 88 84 19 175 194 278 192 131 108 49 215 111 182 79 184 66 191 170 248 108 154 97 218 137 98 110 106 131 54 220 108 123 180 92 180 64 115
 395 179 360 126 458 371 391 322 317 290 307 392 258 432 326 312 293 178 226 74 379 287 62 211 1 391 280 163 379 212 174 184 427 286 214 422 366 318 401 343 374 167 160 373 191 320 365 454 276 217 190 88 143 111 283 399 110 205 65 188 255 225 240 295 218 333 239 68 169 265 136 105 460 341 24 350 292 381 49 103 371 341 166 275 430 209 284 237 284 295 276 231 254 387 430 246 263 416 355 462 325 72 326 158 361 359 98 435 258 363 350 286 154 164 239 140 313 239 138 334 34 157 227 442 141 397 115 174 286 245 155 343 465 110 119 189 383 178 157 359 156 242 40 187 318 366 163 155 157 342 389 236 146 402 311 223 176 354 115 296 254 346 465 143 139 197 324 56 284 205 336 110 223 405 307 363 186 127 186 356 359 282 108 115 115 53 347 193 275 172 335 257 422 308 178 32 299 52 273 201
 49 231 137 278 248 70 116 334 388 144 316 111 243 183 67 443 130 341 187 381 305 141 343 186 391 1 394 356 314 201 282 234 102 140 348 121 165 353 182 336 22 256 327 196 205 339 205 166 274 248 235 308 333 302 284 23 357 198 368 292 211 168 270 376 254 304 417 337 250 295 325 323 161 135 373 165 108 74 377 369 106 365 257 345 130 184 338 156 180 276 143 220 194 138 217 392 162 244 122 247 101 324 345 276 294 35 324 129 424 303 105 111 382 257 154 339 99 164 265 401 394 237 173 122 326 281 333 222 415 279 300 372 209 335 344 213 255 220 286 95 378 158 380 217 436 39 232 292 320 52 44 225 282 161 258 298 255 81 353 124 271 311 174 252 269 203 148 379 418 350 114 283 170 180 148 86 248 364 239 222 66 381 293 337 281 389 73 261 138 277 58 135 139 84 291 360 96 353 126 224
 428 330 456 217 290 423 467 89 44 252 94 319 153 305 354 51 266 109 232 207 165 255 302 257 280 394 1 119 159 224 155 341 359 257 74 340 260 70 276 107 388 343 132 242 306 83 228 342 122 160 196 239 146 319 115 414 171 239 216 134 185 286 128 31 152 124 58 229 198 100 157 192 353 438 288 250 299 434 232 178 307 84 192 51 341 297 61 308 215 125 372 185 205 296 279 36 239 246 442 295 294 286 84 352 156 379 200 348 48 150 297 300 128 340 309 146 298 337 308 58 311 285 256 361 151 200 174 300 22 117 155 81 324 179 166 318 205 307 167 309 125 332 310 321 49 394 290 164 139 370 363 177 343 292 149 107 353 318 167 381 125 129 350 290 212 242 431 225 26 80 284 272 305 281 247 426 182 154 194 208 408 16 225 173 236 327 322 162 366 162 355 299 327 344 143 270 315 300 286 354
 379 231 383 113 334 366 403 166 155 218 154 311 139 326 302 157 229 22 171 92 232 219 184 183 163 356 119 1 230 158 75 241 352 219 53 339 266 159 294 187 344 238 30 260 215 163 249 357 138 113 123 126 33 206 140 372 54 167 99 67 156 211 110 134 108 184 90 112 114 120 46 77 366 365 170 251 250 377 115 62 294 181 107 115 343 214 126 233 192 154 295 140 168 296 312 88 196 289 372 339 263 170 168 244 216 332 85 350 107 215 277 248 29 235 235 31 259 255 202 172 193 187 190 361 41 257 58 205 128 109 60 182 354 62 48 224 250 212 75 289 24 253 192 226 161 345 193 70 38 319 336 138 234 303 176 82 250 292 49 308 120 196 367 187 113 166 353 108 128 44 262 163 225 299 225 365 109 38 120 234 351 121 116 56 129 209 291 96 289 80 306 235 332 287 66 152 264 182 232 257
 358 352 416 273 137 364 414 72 124 197 78 212 135 170 299 187 211 210 222 317 10 203 378 256 379 314 159 230 1 224 210 363 245 206 181 222 151 90 148 53 316 374 222 121 318 77 111 208 107 176 217 309 240 374 98 336 276 242 319 193 160 278 143 129 171 48 213 315 233 115 245 276 220 402 378 150 250 373 336 288 210 82 232 124 219 299 111 295 164 88 351 180 177 184 136 185 203 98 399 142 223 356 76 390 24 311 283 226 206 18 210 255 253 372 295 244 236 328 349 125 405 315 244 240 240 47 265 321 175 136 226 88 179 271 264 333 64 327 227 220 248 321 399 338 174 328 317 227 224 309 273 170 386 169 81 158 383 234 270 351 129 36 213 327 262 250 401 330 180 190 203 326 299 153 180 373 211 265 219 92 350 145 289 267 292 415 245 196 343 213 294 273 205 296 204 359 265 380 247 370
 222 129 234 87 261 209 249 200 235 80 178 181 92 224 145 274 84 145 16 185 219 77 182 36 212 201 224 158 224 1 84 140 218 75 161 212 159 210 196 213 188 152 129 173 95 201 168 244 129 65 35 124 134 162 141 216 157 19 174 98 65 64 102 216 73 187 230 148 50 138 125 126 250 216 199 143 95 221 186 170 161 231 57 183 219 79 182 85 79 144 150 47 53 177 229 211 52 224 221 263 118 159 210 169 201 176 128 225 241 207 140 92 183 150 86 139 109 116 130 252 225 94 34 232 126 222 133 98 242 113 101 237 258 136 144 110 200 104 86 150 179 110 214 115 271 188 95 92 121 162 187 57 166 194 144 118 160 147 153 159 111 200 255 109 75 27 208 186 245 161 125 119 83 199 97 209 50 164 39 165 194 214 105 137 98 227 142 66 143 78 149 79 212 131 94 182 107 188 76 148
 305 176 313 68 288 292 331 161 177 147 142 244 87 269 228 203 157 63 97 123 209 147 169 112 174 282 155 75 210 84 1 187 284 147 85 273 205 164 237 180 270 189 46 206 152 161 197 296 104 48 50 101 54 173 113 298 86 94 118 23 91 140 68 156 47 165 150 107 45 99 50 70 304 295 170 189 176 303 134 100 226 187 38 126 279 147 130 162 126 124 226 70 98 232 262 135 123 245 301 292 191 149 168 200 190 258 76 285 164 193 207 174 101 187 164 60 186 188 156 196 197 131 116 295 48 225 66 146 171 75 23 191 300 71 72 164 210 153 18 219 97 184 191 167 203 271 136 19 39 245 263 71 192 242 138 59 200 220 81 238 82 178 307 137 60 94 285 131 173 82 192 124 156 242 157 292 35 87 47 185 277 149 81 69 88 207 218 25 220 7 232 162 268 214 13 151 190 172 158 200
 224 12 177 129 386 197 210 335 361 192 314 275 230 338 169 388 185 240 143 209 358 185 125 109 184 234 341 241 363 140 187 1 300 182 269 303 278 343 314 350 214 23 217 299 47 336 297 346 266 196 153 128 210 77 277 235 208 122 191 208 204 96 234 341 203 326 329 157 145 271 197 171 348 158 162 264 161 206 192 215 255 365 150 309 313 71 311 90 210 282 99 185 189 283 351 319 172 355 173 387 205 113 344 43 340 199 166 317 345 346 234 153 256 24 92 213 186 71 49 380 175 57 124 319 202 359 189 44 357 245 189 370 372 188 203 32 336 37 175 238 254 78 160 27 388 201 52 180 208 182 246 195 50 305 283 241 24 226 208 120 246 338 357 55 132 114 141 198 358 266 224 87 78 316 214 186 165 225 153 299 187 335 129 193 114 165 214 185 100 181 180 119 311 153 199 156 159 135 148 18
 149 294 238 304 153 171 217 284 342 140 270 42 218 89 140 403 135 333 203 400 236 142 390 219 427 102 359 352 245 218 284 300 1 143 330 24 101 305 99 279 117 321 326 126 261 289 138 65 239 240 246 340 337 357 245 121 368 223 390 286 197 213 249 335 245 249 394 365 265 262 332 341 60 234 413 110 142 175 402 381 59 311 271 309 31 236 299 211 161 234 224 215 187 65 126 366 167 160 221 151 103 368 294 341 230 124 344 28 397 239 79 149 380 321 210 343 118 232 320 352 437 285 202 22 331 205 345 276 379 255 305 319 109 349 354 273 182 277 294 69 375 224 424 278 394 136 282 299 321 136 63 215 345 77 211 279 322 76 363 210 244 252 73 302 292 231 244 403 384 334 94 326 225 95 129 186 255 370 250 159 164 344 321 349 313 436 87 260 218 281 129 183 44 153 290 397 142 398 159 294
 172 174 212 161 204 169 216 207 256 11 187 107 105 158 100 306 11 203 61 258 199 4 252 82 286 140 257 219 206 75 147 182 143 1 209 138 97 223 133 213 133 200 191 119 137 211 119 172 140 109 105 198 200 225 151 159 228 82 248 154 73 88 132 241 115 182 277 222 123 159 193 199 177 198 272 83 46 179 260 241 87 239 129 209 146 112 204 98 46 147 147 81 55 106 170 253 25 176 196 206 45 230 218 220 183 123 202 151 285 192 65 50 247 199 97 206 43 130 189 270 297 152 64 158 193 189 204 148 277 141 167 246 193 208 214 152 163 151 155 76 242 121 285 157 300 138 151 159 185 114 117 85 220 126 134 158 205 74 223 146 133 192 184 169 150 91 196 260 281 211 51 188 107 135 33 174 115 232 109 125 154 245 179 208 171 298 72 124 139 143 99 71 139 93 155 256 62 259 42 183
 377 258 394 144 293 367 409 115 105 205 104 289 112 293 300 120 219 37 172 144 184 208 230 193 214 348 74 53 181 161 85 269 330 209 1 314 237 107 261 136 339 270 59 226 236 111 214 326 98 102 130 166 74 246 98 366 104 174 150 65 139 222 82 84 95 136 70 158 129 77 85 120 336 376 219 223 246 379 166 114 274 129 122 63 317 230 74 244 173 112 308 130 155 270 275 51 187 248 381 298 250 214 117 279 169 328 128 324 81 167 259 245 73 267 245 76 250 271 235 123 243 213 194 336 79 212 103 229 88 76 82 131 318 108 97 247 207 236 95 271 68 267 242 251 121 342 219 91 66 317 322 124 270 273 136 52 281 277 99 318 87 147 335 218 139 176 367 160 90 10 245 199 239 266 207 369 115 90 128 196 352 72 152 102 163 258 278 96 302 91 302 239 304 288 73 201 261 229 230 283
 169 297 254 298 130 188 236 263 322 133 250 32 203 66 151 384 130 320 197 391 213 136 388 217 422 121 340 339 222 212 273 303 24 138 314 1 81 284 76 258 134 324 314 104 263 269 116 48 222 228 238 335 326 357 227 141 357 219 382 274 184 214 234 315 232 228 377 358 257 245 322 332 47 249 409 92 143 193 395 371 52 290 263 291 11 237 280 214 149 216 234 204 176 45 103 348 160 136 238 129 101 366 273 344 208 139 336 14 379 217 74 151 367 324 213 332 118 238 320 331 433 285 199 23 320 182 335 277 360 239 294 297 89 340 344 275 159 278 284 67 362 229 421 280 374 152 282 288 309 149 79 203 347 54 192 264 326 78 353 221 228 230 58 302 285 227 258 395 365 319 88 323 227 72 118 203 246 359 242 138 180 325 315 339 308 434 91 249 227 271 140 185 21 162 278 393 146 395 159 299
 211 269 279 241 109 221 271 184 243 88 170 63 127 66 162 304 95 246 148 327 142 94 340 176 366 165 260 266 151 159 205 278 101 97 237 81 1 205 38 180 170 296 243 32 233 190 41 92 142 159 178 281 256 318 147 187 290 172 320 202 115 184 158 235 161 150 297 300 198 165 254 269 102 269 356 17 127 229 334 304 60 212 202 211 82 208 200 192 84 136 233 138 113 37 74 269 111 87 262 110 87 318 195 315 133 168 274 89 299 142 65 135 294 295 191 262 105 222 283 252 382 246 158 102 251 117 269 244 280 162 227 219 100 274 276 248 91 247 218 72 289 214 372 253 294 184 245 222 239 169 123 135 315 38 112 188 301 88 285 226 150 154 103 263 229 181 272 333 285 242 64 277 202 41 66 232 182 289 181 61 209 245 260 273 255 386 101 182 225 204 155 164 69 165 208 339 138 347 134 279
 392 331 432 231 222 391 438 22 39 216 38 266 123 243 322 103 232 142 215 250 96 221 328 245 318 353 70 159 90 210 164 343 305 223 107 284 205 1 216 37 350 349 160 182 302 17 169 281 85 148 191 261 177 336 74 374 210 228 255 143 157 272 110 40 141 59 126 259 200 73 185 219 292 416 322 197 268 401 272 219 258 24 196 45 284 288 36 293 179 78 356 166 177 241 214 98 211 179 417 227 254 310 15 362 88 343 228 291 117 82 251 271 177 346 293 179 262 325 318 49 347 289 239 304 180 132 205 300 87 99 173 28 259 211 201 316 139 307 180 263 173 319 344 320 92 359 293 178 164 336 318 156 354 234 97 106 359 274 205 361 100 61 287 298 222 234 411 265 92 115 240 287 293 221 207 397 179 196 191 148 376 56 243 205 251 360 281 160 348 169 321 278 269 315 154 303 284 329 258 353
 229 306 305 277 75 243 293 194 254 124 184 72 156 33 190 317 130 274 185 359 139 130 377 213 401 182 276 294 148 196 237 314 99 133 261 76 38 216 1 187 190 332 273 36 269 200 49 67 164 191 213 316 287 355 167 204 322 208 353 233 148 220 185 250 192 158 318 335 233 187 285 303 78 296 392 53 160 250 368 336 79 219 237 228 72 244 217 227 119 154 265 172 148 45 40 289 148 64 288 76 118 354 204 352 135 190 308 79 318 144 92 168 322 331 227 293 137 257 320 261 418 283 195 92 283 107 302 280 296 188 259 226 64 307 308 284 85 283 251 96 317 248 408 289 306 206 282 255 270 194 138 168 352 23 129 214 337 113 316 257 176 159 75 299 264 218 301 366 301 267 96 314 238 6 103 256 217 319 216 69 232 261 295 305 291 422 126 214 257 236 182 199 57 195 239 374 170 383 169 314
 377 338 424 246 187 378 427 22 72 205 38 242 122 212 311 136 220 168 215 277 60 211 348 247 343 336 107 187 53 213 180 350 279 213 136 258 180 37 187 1 335 358 184 155 307 26 142 250 85 155 198 280 201 351 74 357 236 231 280 160 153 272 118 77 149 33 162 281 211 83 208 241 262 409 344 175 258 389 297 247 236 34 208 75 256 290 63 291 168 71 352 167 172 216 181 133 204 145 408 192 239 328 24 372 54 328 249 263 154 47 232 262 208 356 292 204 249 324 329 76 370 298 238 277 203 96 228 307 123 108 192 41 226 234 226 321 106 314 197 243 203 318 366 326 124 345 301 196 187 324 298 157 366 206 80 123 367 256 230 355 105 29 256 308 236 238 406 291 128 145 222 301 293 191 192 386 189 223 199 121 364 93 260 229 266 382 264 171 345 184 308 274 242 306 172 325 274 349 251 359
 43 211 122 263 259 55 105 332 385 138 314 120 237 194 49 438 123 330 174 366 307 134 325 171 374 22 388 344 316 188 270 214 117 133 339 134 170 350 190 335 1 236 316 201 186 337 209 180 270 238 223 291 321 283 280 28 343 184 352 281 204 151 263 371 245 303 408 321 236 290 312 308 177 118 355 167 96 62 361 355 112 364 244 340 144 165 334 138 174 273 122 210 186 146 227 385 153 252 105 258 97 306 343 256 295 16 309 144 416 304 107 98 370 237 136 327 91 144 246 398 375 219 159 138 313 286 319 203 409 273 288 371 222 321 331 193 259 202 274 98 366 138 361 197 431 20 214 279 308 33 56 216 262 170 256 289 234 83 339 104 265 311 189 234 254 188 129 363 412 341 114 265 152 189 145 70 237 351 227 225 48 376 277 323 265 370 72 250 118 265 41 119 151 66 280 343 82 334 113 203
 246 28 196 127 403 219 230 342 365 209 321 295 240 356 192 389 203 239 156 198 370 203 107 123 167 256 343 238 374 152 189 23 321 200 270 324 296 349 332 358 236 1 215 316 64 343 313 365 274 203 160 119 207 58 285 258 201 134 180 211 216 114 241 344 210 335 327 146 149 278 194 165 368 178 144 281 181 228 179 207 275 371 154 313 333 89 316 111 225 291 121 195 202 302 369 319 187 370 193 405 224 97 351 22 351 222 159 337 343 357 253 173 250 4 112 209 207 93 38 384 155 61 140 340 199 372 184 55 357 252 189 376 391 182 197 50 350 50 176 258 249 100 140 45 389 223 58 180 207 204 268 205 28 324 294 245 12 247 202 142 254 348 377 53 132 125 160 185 358 266 243 78 98 334 231 208 171 219 160 314 209 337 124 187 110 144 235 190 122 183 202 140 331 175 201 140 180 117 167 37
 350 206 355 89 317 337 374 163 163 191 148 286 118 305 273 175 202 25 142 96 223 191 172 154 160 327 132 30 222 129 46 217 326 191 59 314 243 160 273 184 316 215 1 240 188 161 229 334 123 87 94 108 18 188 128 343 55 137 98 42 131 183 91 141 83 176 113 101 85 109 27 62 343 336 163 227 221 348 115 67 268 183 78 117 319 186 125 204 167 141 266 113 141 272 293 105 168 272 343 321 235 155 167 223 206 303 70 326 129 206 250 219 56 213 206 23 231 227 180 181 188 161 161 336 21 245 46 179 144 93 31 185 334 52 43 198 235 186 46 262 52 225 185 200 177 316 167 41 9 290 308 112 213 280 161 67 226 264 49 279 103 188 344 164 87 137 325 109 145 53 235 142 197 277 199 336 80 48 91 215 322 130 95 47 107 202 263 68 261 51 277 206 308 258 38 144 235 172 203 232
 242 290 310 250 89 252 303 161 220 109 149 92 123 67 193 283 119 240 163 328 112 116 352 194 373 196 242 260 121 173 206 299 126 119 226 104 32 182 36 155 201 316 240 1 253 167 14 102 129 160 186 290 255 334 132 219 290 187 323 200 119 205 152 215 161 125 283 306 206 152 254 273 113 299 365 39 154 260 338 304 91 187 209 193 103 229 182 216 95 119 260 144 123 63 58 254 129 58 293 92 116 330 171 335 105 199 279 110 283 114 96 161 289 314 215 260 134 247 300 229 391 263 177 123 251 86 271 263 261 153 227 194 95 276 276 268 60 267 221 103 283 239 382 274 273 215 263 224 237 200 154 139 334 52 94 180 321 120 284 255 142 128 110 279 237 196 302 336 266 233 94 290 224 41 87 263 188 287 189 35 240 227 268 274 265 396 132 184 252 206 186 188 88 195 207 347 166 358 158 301
 205 37 177 105 340 181 205 293 323 146 272 233 186 294 139 354 140 210 97 200 313 140 140 63 191 205 306 215 318 95 152 47 261 137 236 263 233 302 269 307 186 64 188 253 1 294 251 304 223 154 113 118 184 99 234 211 190 77 183 173 159 51 193 303 162 282 299 148 108 230 171 151 307 158 171 219 121 191 187 199 213 323 115 270 272 27 271 52 164 238 89 141 143 240 306 286 126 309 169 342 163 122 302 84 295 172 149 276 314 301 192 113 233 63 53 188 145 49 61 341 190 36 78 280 175 313 168 18 322 204 158 329 328 168 182 16 290 17 144 197 230 52 176 21 353 177 30 148 179 154 211 151 85 261 238 202 69 186 189 107 204 294 315 49 103 70 144 192 324 233 181 83 38 272 168 173 126 205 113 253 168 298 111 172 96 184 175 146 86 146 149 79 269 122 164 161 121 149 105 53
 378 324 420 227 208 378 426 7 55 203 25 251 112 228 309 118 219 144 205 253 83 208 327 236 320 339 83 163 77 201 161 336 289 211 111 269 190 17 200 26 337 343 161 167 294 1 154 265 74 141 184 259 178 332 63 360 212 219 257 140 146 262 103 54 134 43 137 259 195 66 186 219 277 405 322 182 255 388 274 222 243 31 191 50 268 279 38 283 166 65 345 156 165 226 199 108 199 164 405 213 240 308 9 356 74 329 227 275 130 68 236 258 183 340 283 181 249 315 313 64 348 282 229 289 180 118 206 293 101 92 171 37 244 211 202 308 124 300 177 248 178 309 344 313 107 345 286 176 164 323 303 146 349 218 82 103 352 259 207 349 91 47 272 292 218 225 400 268 106 120 225 283 283 205 193 384 173 199 184 133 363 69 241 206 247 360 267 154 337 165 307 267 254 303 151 303 271 328 246 346
 250 288 315 243 95 259 309 148 207 109 136 103 113 80 198 270 120 228 159 319 101 116 346 191 365 205 228 249 111 168 197 297 138 119 214 116 41 169 49 142 209 313 229 14 251 154 1 115 117 151 178 282 244 329 119 227 280 183 314 190 111 204 140 202 151 112 270 298 199 139 244 264 126 304 358 43 156 268 329 293 100 175 201 180 115 228 169 215 90 106 262 136 117 75 66 241 127 59 298 98 121 323 158 332 93 206 270 122 270 102 103 163 277 312 215 250 137 247 296 216 384 259 174 136 241 78 261 260 248 141 218 182 106 267 266 266 52 264 212 111 272 239 375 271 260 222 259 215 227 206 164 130 330 65 81 169 319 127 274 258 130 115 123 275 230 192 306 327 253 220 99 285 223 54 87 270 180 276 182 22 246 213 261 264 259 390 139 175 254 196 191 189 101 199 197 339 169 351 159 300
 213 338 301 328 94 234 281 259 319 166 249 72 219 39 197 382 166 337 230 417 199 170 423 253 454 166 342 357 208 244 296 346 65 172 326 48 92 281 67 250 180 365 334 102 304 265 115 1 230 250 266 367 347 396 233 186 381 253 409 294 206 254 249 315 252 223 384 388 286 253 345 359 13 296 442 108 185 239 423 395 92 283 291 294 37 278 283 256 173 220 280 228 202 67 75 355 193 114 284 91 142 401 269 386 197 186 364 38 384 206 113 193 385 365 255 353 160 281 359 326 467 323 235 47 343 164 360 317 362 252 318 290 46 365 367 317 146 319 309 109 380 273 456 322 371 199 321 313 330 196 125 226 388 55 195 278 369 123 376 267 240 223 12 340 316 262 305 422 367 332 124 359 269 62 147 250 272 380 270 135 227 327 347 363 340 469 136 273 273 294 186 227 36 207 299 425 190 430 199 343
 311 254 348 167 198 308 355 72 116 134 51 199 39 196 239 170 149 116 132 217 105 138 272 164 276 274 122 138 107 129 104 266 239 140 98 222 142 85 164 85 270 274 123 129 223 74 117 230 1 72 115 204 140 270 13 295 176 147 217 89 73 189 38 103 67 63 156 210 129 24 143 171 240 332 273 130 184 319 233 189 187 104 127 73 224 207 65 209 96 20 272 83 93 177 178 128 126 152 333 202 174 251 82 289 87 261 179 231 158 89 176 187 164 272 210 145 180 242 246 131 300 214 156 243 138 123 163 223 143 32 121 110 221 168 164 237 113 230 122 188 159 235 294 242 162 277 217 122 123 254 242 73 283 177 40 57 284 197 171 276 23 76 239 225 156 154 327 229 147 105 163 221 210 169 127 313 107 169 116 99 293 108 183 164 187 310 202 91 264 107 238 194 210 231 99 254 201 275 174 275
 276 185 297 99 243 267 309 140 171 107 119 200 44 222 199 210 119 96 73 170 173 108 205 100 217 248 160 113 176 65 48 196 240 109 102 228 159 148 191 155 238 203 87 160 154 141 151 250 72 1 44 138 99 199 83 265 132 82 164 47 45 128 39 152 9 134 171 150 58 76 96 115 258 279 211 143 145 278 180 146 183 170 58 119 233 141 119 149 81 90 214 29 56 187 216 150 87 201 283 247 152 183 149 218 154 227 121 240 181 158 165 144 141 201 150 105 150 180 175 188 238 143 97 250 94 184 112 153 179 50 69 175 253 117 118 168 168 160 62 177 136 174 230 173 207 241 147 65 82 216 225 26 212 196 99 55 213 180 127 222 51 147 260 154 88 87 272 177 182 104 150 151 147 195 113 269 36 132 45 140 251 150 116 115 118 246 180 25 207 47 201 140 223 187 50 192 160 209 129 206
 257 142 266 65 272 244 282 183 211 107 162 208 83 243 179 245 114 112 50 155 214 105 169 64 190 235 196 123 217 35 50 153 246 105 130 238 178 191 213 198 223 160 94 186 113 184 178 266 115 44 1 105 99 159 126 250 124 46 145 66 68 93 82 191 51 176 197 124 22 119 91 96 273 247 181 161 129 255 159 138 188 212 26 159 244 103 160 115 95 132 179 43 65 200 242 180 80 232 253 275 148 147 192 175 195 210 100 250 210 200 168 126 149 158 116 105 141 142 133 229 207 100 68 259 92 222 101 111 213 93 66 218 276 105 111 126 203 117 52 179 144 138 197 130 243 222 104 57 87 196 219 51 170 214 139 91 170 178 120 190 94 190 277 111 53 48 238 158 216 129 153 111 110 217 121 243 16 130 5 172 228 188 84 105 81 212 174 35 173 44 184 113 235 165 61 162 142 174 110 164
