NAME : domp280p93v10
COMMENT : (Deleplanque et al.) 
TYPE : DOMP
DIMENSION : 280
DISPLAY_DATA_TYPE: NO_DISPLAY
OPEN_FACILITIES : 93
COST_SECTION
 1 193 129 309 142 168 66 67 186 249 84 185 41 91 161 111 90 138 287 148 105 228 286 232 70 269 172 285 130 349 361 221 242 281 279 205 226 116 296 248 136 47 167 207 94 135 73 317 123 289 332 95 141 109 291 271 310 116 297 118 80 200 105 116 297 252 98 212 306 15 311 308 290 219 94 249 86 363 269 161 236 161 246 129 293 283 140 164 79 147 103 55 222 117 196 114 282 256 350 201 198 166 348 266 194 251 26 189 271 170 279 86 89 204 188 283 179 307 99 138 283 106 192 184 140 245 215 105 246 289 225 226 111 53 106 70 125 112 113 189 73 298 114 175 266 150 306 311 229 124 117 195 156 290 307 245 317 130 154 219 93 264 389 372 271 225 121 297 178 273 150 64 230 90 194 205 108 245 286 154 253 255 313 289 112 169 75 106 123 95 362 271 219 236 192 175 239 177 285 243 257 192 234 233 343 83 199 172 127 177 153 297 44 154 333 107 244 69 240 91 50 51 83 15 264 85 194 154 193 231 169 218 244 283 239 302 145 208 134 117 150 201 305 259 126 135 135 322 203 65 147 266 320 228 128 287 276 186 287 241 352 214 135 70 75 72 242 269 14 223 190 185 320 223 86 324 164 173 79 236
 193 1 165 117 196 213 250 217 284 184 260 248 189 246 34 299 224 114 170 47 129 282 94 92 244 143 220 131 66 181 195 141 194 89 87 51 168 89 113 302 314 221 246 210 258 60 242 136 83 133 140 109 237 175 220 87 221 272 216 170 240 176 235 260 118 177 197 249 114 195 196 183 178 120 145 141 277 179 203 187 44 184 208 163 116 105 154 60 134 241 171 157 47 182 248 155 170 142 164 166 138 90 168 188 181 92 174 285 201 263 118 109 253 282 215 93 145 115 110 65 126 158 113 243 248 175 77 296 121 213 225 127 301 240 241 262 302 213 92 180 254 180 154 225 77 170 230 153 194 260 115 60 39 137 165 71 209 113 41 192 187 216 213 194 138 176 94 207 194 190 252 197 248 154 135 230 298 62 184 95 62 192 142 129 114 153 141 171 96 249 194 82 187 102 215 80 239 260 220 233 83 178 207 187 179 243 119 190 87 111 107 176 205 113 185 271 52 147 48 130 193 213 196 184 130 152 33 332 135 89 72 211 93 161 53 148 168 188 136 162 116 133 154 103 177 67 103 135 240 130 153 126 236 94 258 141 90 74 111 58 177 53 101 125 262 193 59 196 190 284 254 132 217 164 198 139 127 55 270 194
 129 165 1 267 33 54 142 94 307 308 141 295 93 112 138 188 86 52 175 129 175 338 237 245 128 294 274 194 135 345 359 108 308 245 243 205 286 87 276 359 185 176 281 80 222 128 122 298 90 198 291 140 258 25 165 208 187 130 173 14 113 73 229 243 224 131 51 314 258 142 196 337 176 115 43 284 200 340 328 35 197 250 318 216 281 211 18 108 151 264 29 79 210 217 303 19 169 148 323 269 83 201 331 319 272 171 107 310 329 289 194 118 125 320 283 252 60 258 149 151 194 195 234 293 88 300 227 193 148 164 313 119 195 142 232 182 172 227 146 268 141 186 20 66 237 236 180 316 102 110 55 204 142 197 324 234 198 53 146 91 201 333 376 357 170 289 159 175 52 151 270 183 326 42 80 302 192 188 327 75 222 130 306 202 169 46 154 26 164 114 358 243 92 146 286 202 328 293 158 328 247 64 105 299 343 211 94 45 160 222 64 327 101 60 346 137 205 68 205 59 170 178 62 134 165 48 187 200 79 147 192 90 251 312 216 309 17 80 31 13 205 88 315 175 222 104 63 294 305 115 24 282 195 245 253 300 214 207 213 222 340 211 181 101 197 69 186 325 117 335 300 73 200 282 61 300 222 115 172 305
 309 117 267 1 297 307 366 331 376 223 376 333 304 360 150 415 337 217 188 163 234 358 32 125 359 151 304 129 181 113 126 202 241 31 33 119 218 203 53 376 430 334 337 290 369 176 357 59 197 126 24 221 334 282 257 69 245 385 247 275 355 254 341 367 79 225 307 323 17 310 206 172 198 179 256 168 392 83 234 281 76 269 256 258 70 81 253 163 246 337 280 273 96 281 329 261 193 177 63 231 213 177 82 216 250 115 290 376 231 356 114 224 368 367 293 34 229 18 221 176 123 260 180 327 354 214 128 412 158 249 288 183 417 356 347 378 417 315 204 253 370 192 261 319 48 258 261 114 260 371 224 134 155 132 142 84 222 218 156 263 292 255 124 105 157 228 201 234 282 229 348 308 314 265 212 303 414 82 195 194 58 243 87 118 220 241 253 279 202 363 123 45 257 144 291 163 299 350 262 289 79 259 275 237 120 354 192 280 194 187 204 171 320 209 145 385 67 262 71 243 305 326 308 300 152 264 121 447 212 135 162 287 112 163 76 117 266 264 237 268 206 205 126 119 273 181 208 42 316 246 250 130 260 132 361 126 63 151 85 76 96 111 201 241 377 306 83 224 306 362 338 213 231 215 309 50 209 154 387 244
 142 196 33 297 1 27 140 93 325 337 134 316 102 102 169 181 77 83 190 160 201 360 266 277 124 326 297 215 166 376 390 124 337 275 273 236 315 119 307 381 171 188 301 69 233 159 117 329 122 220 320 168 277 36 167 236 192 114 177 33 106 77 245 256 250 139 48 338 286 156 208 368 189 136 69 315 202 371 358 27 227 276 346 241 312 237 45 138 176 283 44 98 241 240 325 47 183 166 353 297 100 231 361 349 299 196 122 328 359 307 218 145 115 340 308 283 78 286 177 182 216 219 264 315 62 330 259 188 169 168 339 139 189 143 247 185 159 247 175 295 137 200 48 37 268 261 182 347 102 90 86 235 174 218 355 266 207 85 177 90 222 361 407 388 189 318 188 182 42 159 288 200 351 64 99 326 187 216 358 105 252 135 338 224 196 63 177 41 193 102 390 274 93 170 311 232 354 313 159 354 278 67 101 328 374 223 116 37 190 252 93 359 106 89 378 124 235 90 235 86 187 192 63 149 186 70 218 184 98 173 223 81 283 343 247 341 32 80 62 39 234 107 347 199 245 135 94 325 328 139 48 314 197 276 269 332 242 238 238 253 371 243 210 126 202 73 214 355 129 356 322 93 208 311 60 330 251 146 171 334
 168 213 54 307 27 1 161 115 351 361 153 343 128 120 188 199 97 100 184 180 226 386 276 296 145 346 324 216 188 392 406 122 361 288 286 255 339 140 321 407 185 213 328 49 258 181 137 343 143 221 330 193 303 62 152 244 178 128 163 58 126 69 271 282 255 130 72 364 296 182 199 388 182 138 94 336 224 384 382 27 240 301 371 267 327 243 60 154 202 310 70 124 258 266 351 71 177 163 366 321 101 254 375 372 324 202 148 354 382 334 221 170 134 366 334 295 81 296 202 204 218 245 287 341 68 353 278 207 170 154 365 139 208 165 273 208 173 273 199 320 158 193 72 13 281 287 166 365 88 101 107 255 193 219 374 282 197 104 197 77 248 386 421 401 188 342 212 170 31 148 314 226 377 90 101 352 205 227 380 119 266 123 354 226 221 67 203 67 217 120 405 287 81 174 337 254 380 340 143 380 295 59 84 352 391 249 120 30 214 275 107 379 131 102 396 139 248 116 249 111 213 218 87 175 186 96 237 196 100 179 244 62 301 364 263 359 46 67 79 63 258 109 365 203 271 155 112 337 355 165 60 333 182 296 295 350 250 259 244 269 386 261 234 152 226 98 225 378 155 383 348 97 196 335 85 343 275 160 192 358
 66 250 142 366 140 161 1 49 224 313 21 234 63 47 216 51 65 171 315 204 170 275 340 296 17 334 227 324 189 413 425 247 305 338 336 267 291 164 356 294 71 84 215 207 114 192 25 378 172 329 389 158 187 118 304 320 327 62 313 129 38 212 146 145 344 272 94 265 361 75 337 373 316 250 122 314 66 423 332 165 291 221 308 192 354 330 158 210 144 193 114 95 282 176 247 133 309 286 410 264 222 230 409 330 257 294 78 228 335 212 321 146 36 247 245 341 201 361 164 199 323 169 257 235 110 309 279 52 281 304 284 256 56 15 144 51 60 163 176 251 9 326 133 164 324 212 319 375 240 81 154 258 213 329 372 306 339 165 213 228 151 326 451 434 305 289 185 316 181 293 192 117 286 115 219 261 53 296 351 192 311 271 376 330 177 187 140 118 187 50 425 330 230 275 249 239 297 222 297 302 318 203 240 296 406 112 229 176 191 242 187 363 48 186 398 49 300 107 296 129 107 95 81 80 300 112 254 89 218 272 232 220 307 349 298 366 157 217 159 132 216 227 369 301 187 186 173 381 257 126 165 330 334 292 163 351 326 250 333 301 415 275 200 126 73 75 293 333 63 269 238 211 342 288 83 384 229 220 32 299
 67 217 94 331 93 115 49 1 249 307 49 251 35 31 184 95 24 127 268 172 162 294 304 275 35 317 238 280 162 388 401 200 302 305 303 241 285 129 327 314 100 106 233 160 147 162 29 350 136 285 355 140 206 70 256 281 279 58 265 81 25 164 168 174 303 224 47 278 325 81 289 358 269 205 79 300 110 394 328 117 257 225 308 192 327 289 110 171 134 213 67 62 254 182 262 86 262 240 379 261 175 214 381 323 257 251 61 253 330 235 278 123 38 269 253 309 153 325 148 175 279 168 244 250 75 302 257 99 236 256 290 210 102 51 168 93 87 178 155 251 48 279 86 120 293 213 271 353 192 59 112 234 183 284 353 278 292 121 183 180 159 325 425 407 259 284 166 268 134 245 214 130 296 71 172 271 99 257 340 149 278 223 351 286 164 139 132 70 170 35 401 298 182 231 257 220 304 243 249 307 291 155 192 293 383 140 183 128 171 229 143 348 24 141 378 55 265 71 263 90 117 114 33 79 254 70 227 117 171 229 212 173 285 333 267 345 109 169 113 85 205 180 349 258 191 151 130 350 269 105 117 311 286 272 189 331 287 230 292 271 388 249 185 101 112 29 255 327 56 289 256 164 294 281 35 354 220 181 80 297
 186 284 307 376 325 351 224 249 1 193 244 49 226 266 264 235 272 296 433 257 159 65 366 256 237 259 75 410 230 358 364 377 174 346 346 259 181 254 338 77 274 145 40 386 113 241 244 353 259 413 393 191 52 291 456 369 470 286 459 297 255 372 82 82 400 413 283 79 381 172 460 279 439 366 266 234 175 392 201 340 320 108 166 122 326 388 314 293 168 46 283 229 282 104 61 290 431 401 388 156 358 201 374 212 136 371 204 5 206 22 399 208 259 30 93 343 345 382 185 223 406 130 198 55 323 197 249 220 385 453 123 375 226 211 82 181 270 82 201 131 232 444 289 359 329 119 470 317 401 302 275 244 254 416 297 293 469 287 249 392 110 182 400 391 408 172 194 456 358 433 38 126 104 266 354 93 225 345 244 302 323 421 334 410 174 339 163 287 191 270 366 332 391 369 97 215 125 27 452 136 300 366 408 170 346 114 351 351 200 190 307 270 228 311 321 271 326 240 318 255 139 137 268 177 400 260 263 288 353 359 218 396 270 263 304 307 322 382 302 295 172 358 304 382 108 262 288 367 79 199 320 271 482 249 63 289 372 226 394 302 371 266 184 214 158 257 342 209 199 56 47 346 475 182 271 365 168 299 209 167
 249 184 308 223 337 361 313 307 193 1 331 145 274 336 189 350 326 268 352 191 147 152 227 104 317 77 123 308 175 172 176 321 21 200 200 136 24 223 175 164 381 240 158 374 247 185 320 183 222 308 233 173 173 305 402 247 404 363 399 305 326 345 204 227 276 358 315 119 234 239 378 88 361 301 270 57 300 214 22 339 199 103 35 124 159 268 304 230 174 172 298 254 153 145 134 291 353 325 214 50 313 109 195 21 64 271 247 191 24 179 292 194 336 173 102 193 313 235 164 159 302 145 76 139 369 11 112 339 304 395 75 309 345 299 210 294 372 173 163 70 320 362 290 372 185 106 412 135 368 365 255 126 180 313 109 147 392 262 174 364 170 34 214 207 319 26 150 390 351 373 182 203 101 276 309 102 343 231 53 258 187 372 157 302 146 315 177 300 145 340 179 184 360 285 97 112 82 168 402 71 148 344 381 23 159 235 297 346 148 87 269 79 286 275 131 354 200 254 191 252 210 227 305 235 312 271 152 399 309 272 122 379 114 75 169 125 318 358 285 299 105 309 119 282 133 213 256 201 116 206 307 96 419 99 211 108 247 112 275 164 188 138 128 216 279 296 229 22 256 158 147 304 400 27 308 196 89 230 316 27
 84 260 141 376 134 153 21 49 244 331 1 254 73 35 227 48 58 175 315 215 188 295 349 311 17 350 247 328 202 427 439 247 324 349 347 280 309 174 369 314 55 104 235 200 133 204 21 391 181 333 399 173 207 117 300 328 324 44 309 128 29 209 165 164 350 270 91 285 370 94 336 390 316 252 127 331 80 436 351 160 301 240 327 211 368 336 157 218 161 213 114 104 295 196 267 134 309 287 422 283 222 247 422 349 276 299 92 247 354 232 326 160 21 267 265 353 200 370 179 213 327 188 274 255 97 328 294 55 284 301 304 258 56 35 163 67 44 183 190 270 13 326 134 155 336 231 315 390 235 65 159 272 225 332 388 319 338 169 225 223 170 346 465 448 307 307 200 314 176 290 212 137 306 118 219 281 53 304 369 197 322 267 390 334 194 186 157 117 203 36 440 341 226 279 269 255 317 242 292 321 331 199 234 315 421 131 231 171 206 259 191 380 57 189 413 29 310 115 307 136 126 115 80 98 302 117 267 74 218 277 248 213 322 365 309 381 154 213 161 132 233 228 384 306 206 196 178 393 277 140 164 346 330 308 182 367 334 265 339 313 428 289 216 139 90 77 301 352 79 289 258 212 339 306 81 396 247 227 43 318
 185 248 295 333 316 343 234 251 49 145 254 1 223 272 232 255 273 276 405 227 131 44 325 212 245 211 30 377 200 310 316 353 126 304 304 219 133 232 293 65 292 151 22 373 133 212 251 308 235 379 349 166 49 281 434 332 446 294 436 287 261 355 92 104 363 391 278 36 339 171 432 231 412 340 253 186 196 346 154 329 282 66 118 89 281 351 299 265 147 44 274 220 242 79 16 277 403 373 342 109 336 162 327 164 89 338 198 48 159 37 365 186 266 35 45 301 326 340 159 191 373 104 154 7 324 149 207 240 356 430 76 349 247 220 95 197 287 74 172 84 242 416 276 352 287 79 448 270 383 307 256 203 222 383 249 250 443 268 216 375 95 135 353 344 378 124 164 432 345 410 49 122 62 254 332 45 245 308 196 279 282 400 288 376 144 322 143 277 159 276 318 289 374 339 49 175 80 25 431 91 257 350 392 122 298 128 327 339 168 147 285 222 228 290 273 282 287 228 279 239 135 141 264 174 370 249 224 308 331 328 179 382 225 215 263 260 309 366 285 283 134 335 256 349 78 236 267 322 33 182 305 224 459 204 84 241 334 185 357 260 324 225 149 197 176 253 306 161 197 41 7 324 449 134 267 320 126 270 225 119
 41 189 93 304 102 128 63 35 226 274 73 223 1 65 156 113 54 111 259 143 128 266 278 242 56 284 208 264 131 357 369 191 269 277 275 210 251 103 297 287 127 87 206 168 132 132 55 320 110 268 328 107 180 71 256 258 277 92 263 80 56 164 146 155 282 220 58 249 299 55 282 325 261 192 63 267 110 365 294 122 230 193 275 160 297 268 105 148 100 187 65 33 224 151 233 79 253 228 350 227 167 180 351 289 224 232 28 229 296 210 260 90 68 243 223 281 147 299 114 143 262 136 210 222 103 269 225 113 222 255 258 198 117 57 146 92 114 151 122 218 66 270 79 135 264 181 271 321 193 92 93 202 153 268 320 248 286 104 153 182 130 292 394 377 246 251 133 265 140 241 190 103 265 57 163 240 114 234 306 131 250 221 319 269 130 135 98 68 137 69 370 270 183 214 226 187 273 217 249 275 261 156 197 260 351 122 171 134 138 196 127 314 17 127 345 87 238 45 235 67 89 91 43 50 240 53 196 145 162 211 179 179 252 300 238 312 108 171 102 81 171 171 316 240 160 124 112 321 240 72 113 278 286 239 168 299 264 197 271 242 357 218 151 68 105 32 231 294 28 262 228 155 289 248 46 325 186 158 89 264
 91 246 112 360 102 120 47 31 266 336 35 272 65 1 213 80 27 151 286 201 190 314 332 305 31 347 261 303 192 418 431 219 330 334 331 271 313 158 357 334 74 123 253 167 159 192 24 379 164 308 383 170 226 89 268 308 292 28 278 100 12 177 186 188 328 239 62 301 353 104 306 388 287 226 105 330 111 424 356 128 285 251 335 219 357 315 129 199 163 232 88 92 284 207 284 108 280 259 409 289 194 244 411 352 284 276 90 270 358 253 302 153 15 288 278 338 171 353 177 205 303 195 274 272 64 331 287 88 258 269 316 230 89 57 185 97 61 200 186 278 41 297 108 121 322 240 283 383 203 36 139 265 212 307 383 308 307 147 213 191 183 353 455 437 281 313 196 283 143 259 233 152 320 96 191 295 86 285 370 174 307 236 381 310 194 157 160 90 200 5 431 327 194 254 282 251 329 262 260 333 321 168 202 321 413 154 204 138 202 259 167 378 51 165 408 27 294 100 292 118 139 133 54 104 276 96 257 91 190 253 242 180 315 363 297 375 124 181 135 105 234 200 379 282 217 180 156 380 293 135 135 341 298 302 205 362 314 260 317 301 418 279 215 131 118 55 282 356 82 309 277 184 308 310 54 384 249 208 75 325
 161 34 138 150 169 188 216 184 264 189 227 232 156 213 1 266 192 89 175 14 106 269 126 110 211 160 205 147 37 210 224 134 196 122 121 68 170 57 145 290 281 190 228 191 229 28 209 167 51 150 173 80 216 146 216 114 221 239 214 141 207 159 210 233 143 172 166 237 146 163 202 202 183 116 114 154 245 212 209 163 76 171 209 145 147 129 128 42 106 220 141 124 74 161 234 126 174 145 196 163 125 85 200 196 174 107 141 266 208 244 136 77 220 265 203 127 127 147 83 43 143 135 114 228 218 180 92 263 126 210 219 124 268 207 215 230 269 189 66 172 220 186 125 200 110 155 227 179 181 229 85 70 12 153 188 99 214 85 18 177 162 219 244 225 146 176 71 207 172 188 230 169 239 123 122 220 265 88 198 73 96 185 172 147 92 132 113 141 75 217 223 115 173 108 203 78 234 242 215 229 111 159 193 187 207 214 109 167 65 107 85 194 171 91 209 238 85 114 81 98 163 183 164 152 139 120 50 299 121 97 69 194 115 178 84 173 143 172 109 134 104 121 179 118 158 36 77 168 228 98 129 146 236 110 233 164 118 78 135 89 207 74 85 92 231 160 85 203 157 270 238 117 221 166 166 171 118 43 237 195
 111 299 188 415 181 199 51 95 235 350 48 255 113 80 266 1 105 220 362 253 212 293 390 342 62 377 252 374 238 459 471 294 340 387 385 314 328 215 404 309 41 112 234 246 124 241 67 427 222 378 438 204 206 164 347 371 371 77 356 175 76 256 164 155 394 317 138 288 411 116 383 415 363 299 172 356 61 472 368 206 341 253 341 227 402 380 204 261 188 212 161 145 331 208 268 181 356 334 458 300 269 275 457 368 290 344 126 239 371 227 371 195 66 261 273 391 247 411 209 247 373 206 300 256 138 347 325 17 330 347 313 304 12 60 160 59 40 188 222 284 49 373 181 199 374 246 361 421 282 104 204 305 263 378 416 354 385 214 262 270 182 360 499 482 354 325 230 361 222 337 209 149 311 164 266 287 12 346 391 242 360 314 423 380 220 233 182 164 232 80 472 379 273 324 277 285 324 239 339 331 366 246 281 331 452 127 278 217 237 285 236 405 98 235 442 62 349 157 346 179 141 124 127 123 348 162 303 54 265 322 278 259 353 391 347 412 201 259 207 179 257 274 414 351 219 236 223 430 281 173 211 375 377 338 175 396 376 296 383 350 462 323 244 176 79 123 343 370 111 285 258 258 386 326 128 433 270 270 34 333
 90 224 86 337 77 97 65 24 272 326 58 273 54 27 192 105 1 126 260 180 181 316 308 288 49 332 260 277 174 399 412 192 321 311 309 253 303 136 336 336 100 129 256 144 169 173 41 359 142 282 360 156 229 63 243 284 267 49 252 73 30 152 191 197 303 213 36 300 329 104 280 374 260 199 82 316 129 403 346 103 263 246 328 213 337 289 102 175 153 235 62 75 264 204 284 82 254 233 387 280 167 229 391 341 277 251 81 276 348 257 276 138 40 292 275 316 145 329 164 188 277 189 260 273 52 320 270 112 232 244 311 204 113 71 191 113 88 201 170 271 62 271 82 100 300 234 258 365 178 40 114 247 192 281 367 289 281 122 194 166 181 345 435 416 254 303 182 257 119 233 237 152 318 72 165 293 110 261 357 149 285 210 361 284 182 130 151 64 186 29 412 306 169 228 279 235 325 265 235 328 301 142 177 312 395 163 178 114 187 246 141 363 46 139 392 53 271 80 269 96 139 136 30 101 250 73 237 116 164 228 226 157 297 348 276 357 98 156 109 79 222 173 361 256 212 158 132 358 292 122 109 325 273 286 212 345 290 244 292 280 398 260 202 115 133 33 258 345 78 311 278 158 283 300 29 362 238 184 95 317
 138 114 52 217 83 100 171 127 296 268 175 276 111 151 89 220 126 1 150 81 148 318 187 197 160 248 252 155 94 294 308 85 271 194 192 156 247 48 225 339 224 181 265 107 227 85 155 247 48 159 240 112 245 67 161 160 177 173 165 59 149 82 224 243 179 119 93 291 208 147 175 290 154 82 49 239 219 289 289 75 145 224 282 192 230 165 41 56 130 252 66 84 159 198 282 46 146 119 272 233 63 160 279 278 239 126 113 299 289 276 152 91 162 305 258 201 51 208 121 110 154 173 193 273 138 260 180 222 112 158 283 89 225 166 228 201 211 215 112 236 172 162 45 113 186 209 175 266 109 156 22 157 94 159 275 184 181 10 99 101 187 295 325 305 136 252 124 163 85 140 259 177 299 57 59 276 222 138 283 25 170 126 256 161 138 49 135 64 130 154 307 192 99 105 260 159 298 279 157 296 196 78 118 262 292 214 62 80 124 183 17 281 124 17 297 177 154 70 154 48 166 179 98 136 130 59 138 241 58 103 148 113 202 265 165 260 55 93 22 52 170 65 266 132 200 57 13 243 281 98 41 234 188 197 249 251 166 162 167 171 289 162 146 83 211 99 136 284 128 316 282 51 185 243 98 248 186 64 198 269
 287 170 175 188 190 184 315 268 433 352 315 405 259 286 175 362 260 150 1 180 276 443 160 254 302 301 378 60 206 298 312 69 363 186 184 217 337 182 227 464 359 330 398 145 375 194 296 243 176 64 204 243 383 199 72 124 58 303 61 188 288 116 368 388 112 57 226 411 172 296 28 336 11 70 197 305 367 269 370 164 160 345 377 317 241 108 159 142 267 388 202 233 203 330 407 183 9 33 250 334 94 256 269 354 347 85 262 435 368 413 75 228 299 437 377 196 116 171 249 216 66 304 282 401 249 342 242 366 50 64 392 62 369 313 372 350 346 354 234 346 315 13 183 191 191 329 74 288 103 279 171 228 186 58 311 217 41 158 192 112 326 384 311 291 35 344 242 47 154 48 397 322 413 203 97 394 366 128 346 136 181 71 266 72 262 131 272 199 247 288 309 195 106 69 378 247 407 413 79 401 224 126 114 355 303 361 89 157 238 278 135 331 271 134 322 311 162 219 169 197 312 327 236 285 42 206 201 373 98 82 239 135 249 318 192 287 163 119 157 184 278 89 296 75 329 172 153 228 402 241 152 281 74 258 393 288 129 243 104 199 283 216 258 228 360 241 129 362 277 443 411 105 49 332 235 236 292 136 344 363
 148 47 129 163 160 180 204 172 257 191 215 227 143 201 14 253 180 81 180 1 99 264 139 118 198 167 199 155 28 221 234 134 197 135 133 77 172 46 157 285 269 178 221 186 218 17 196 179 40 158 186 70 208 135 217 125 224 227 216 131 195 155 200 223 154 172 155 233 159 150 207 209 187 117 103 159 232 224 212 155 89 166 209 139 158 140 120 41 96 213 130 112 85 154 229 116 178 148 209 162 123 85 211 199 172 116 128 259 211 236 145 65 208 259 199 139 123 159 74 38 151 128 116 222 208 183 100 250 131 211 217 126 255 194 205 217 256 181 57 170 208 191 115 192 122 151 229 189 178 217 75 77 14 161 196 110 218 77 19 174 153 220 256 237 152 177 64 209 165 189 222 158 237 111 119 216 252 99 203 68 108 185 183 156 84 126 103 131 68 205 234 128 170 114 200 80 232 235 215 228 122 155 190 188 218 203 109 160 59 108 80 201 159 86 219 226 97 102 93 86 152 171 152 140 145 109 60 287 119 103 70 189 123 185 96 182 135 168 101 124 101 120 188 127 151 26 69 180 224 85 122 155 238 117 223 172 130 82 145 101 219 84 80 79 218 148 96 206 145 265 232 114 225 167 154 184 116 45 225 195
 105 129 175 234 201 226 170 162 159 147 188 131 128 190 106 212 181 148 276 99 1 172 218 135 173 166 106 252 71 253 263 223 142 204 203 118 124 102 209 193 240 109 124 250 136 83 175 229 105 255 255 37 110 167 304 215 315 217 306 169 181 228 108 133 246 261 172 144 236 98 302 204 282 210 133 145 171 273 167 208 169 77 149 45 202 233 176 135 29 115 159 110 140 56 136 157 273 244 263 101 207 66 256 163 100 213 102 161 169 139 241 59 191 163 111 204 198 237 29 66 248 30 88 128 225 142 120 203 227 300 139 219 210 157 114 161 229 85 43 95 177 287 156 237 188 62 318 213 256 219 130 104 97 258 205 158 313 140 91 248 59 166 294 279 249 124 37 301 223 280 125 77 153 138 202 129 207 190 182 149 178 270 219 252 16 195 32 162 34 195 264 192 246 211 113 78 155 138 301 155 168 224 265 133 244 121 197 217 43 73 156 194 140 161 232 210 176 113 169 117 77 98 161 92 242 132 115 258 202 201 75 257 148 180 160 203 187 240 159 164 46 205 204 224 54 105 138 237 134 63 180 166 329 130 129 187 219 91 238 160 259 127 36 76 153 151 187 167 111 171 137 195 319 121 164 238 60 141 179 137
 228 282 338 358 360 386 275 294 65 152 295 44 266 314 269 293 316 318 443 264 172 1 353 235 287 225 67 412 238 322 326 393 132 331 330 248 146 273 315 22 331 193 62 416 170 250 293 327 276 414 372 207 90 325 475 363 485 336 476 330 303 397 131 139 395 431 322 36 366 214 470 238 450 380 296 201 233 362 155 372 313 100 120 128 301 383 342 303 189 83 317 263 270 122 37 320 442 412 360 128 377 193 343 169 109 373 241 61 160 67 399 228 308 36 69 326 368 367 199 228 408 146 180 46 367 158 232 278 394 471 77 388 284 262 134 236 326 117 212 107 283 454 319 396 314 115 488 284 425 349 298 233 259 418 260 276 481 310 252 417 139 133 364 357 415 136 202 471 388 450 85 165 52 298 373 56 283 341 202 320 310 441 305 410 183 364 186 320 197 318 329 315 416 376 70 206 73 55 472 85 281 392 434 131 310 167 367 382 206 176 327 230 271 331 281 323 317 271 309 282 178 183 307 217 407 292 256 346 372 365 211 425 248 225 291 274 352 408 327 326 167 376 269 384 119 275 309 343 44 225 347 241 499 228 119 256 365 215 390 288 338 254 186 240 214 296 338 164 240 10 39 365 488 148 310 340 157 308 264 125
 286 94 237 32 266 276 340 304 366 227 349 325 278 332 126 390 308 187 160 139 218 353 1 124 333 160 296 102 159 138 152 171 243 30 29 108 219 177 70 372 403 314 327 259 350 153 330 83 170 100 55 201 322 253 228 38 218 356 219 245 327 222 325 350 56 195 278 318 22 288 180 186 170 148 228 172 370 113 240 250 51 261 258 246 85 54 223 134 226 325 251 247 85 268 322 232 165 147 94 228 182 166 111 222 246 84 266 366 237 346 87 202 341 359 287 39 198 22 202 156 96 245 174 320 324 217 122 387 127 220 286 152 393 331 331 355 390 300 184 248 344 165 231 288 43 248 233 132 229 342 195 123 132 106 158 81 196 189 134 232 276 259 154 134 128 228 184 206 251 200 336 289 311 237 180 299 389 51 204 164 44 213 108 92 203 210 233 250 185 335 150 44 226 113 285 152 299 341 233 290 80 228 244 238 144 335 161 249 176 179 174 184 294 179 166 358 44 235 50 215 285 306 280 277 123 237 105 420 181 103 149 255 114 173 64 133 235 232 207 238 194 174 143 90 261 155 179 69 311 223 220 138 233 131 346 139 33 141 59 67 124 101 186 217 355 278 53 230 282 357 330 182 205 215 281 77 200 125 362 245
 232 92 245 125 277 296 296 275 256 104 311 212 242 305 110 342 288 197 254 118 135 235 124 1 295 52 183 206 115 119 130 232 119 99 98 43 96 160 83 252 365 243 217 299 268 119 295 99 156 206 139 139 219 250 309 144 308 332 304 247 297 266 233 259 173 267 267 199 134 228 279 93 263 210 216 53 305 141 119 271 96 149 135 145 72 165 237 148 156 221 245 214 52 170 206 232 256 229 134 107 229 70 124 102 127 171 220 256 117 237 190 153 309 245 170 93 234 135 134 101 200 154 59 206 322 95 19 335 207 302 164 217 341 284 240 294 354 204 122 130 302 262 231 309 82 140 318 80 285 327 192 43 104 211 80 44 293 194 100 283 186 137 160 145 220 105 113 294 281 280 232 210 190 224 226 180 338 129 94 181 83 283 86 199 124 240 162 246 111 309 131 83 278 188 167 58 176 230 310 167 47 267 298 115 111 254 210 276 106 70 194 85 257 200 104 328 97 209 88 198 211 232 262 220 213 221 62 384 226 175 65 301 15 70 66 71 251 278 218 240 95 224 74 181 160 143 186 112 193 172 238 38 323 8 250 57 143 47 171 60 125 40 101 175 287 256 127 111 234 239 216 222 302 92 264 110 92 145 310 122
 70 244 128 359 124 145 17 35 237 317 17 245 56 31 211 62 49 160 302 198 173 287 333 295 1 335 236 313 186 411 423 234 310 332 330 264 295 157 352 306 72 95 226 191 129 187 9 375 164 318 383 158 198 104 289 312 313 50 298 115 22 198 158 158 335 258 79 275 354 81 323 375 303 238 112 316 82 420 337 149 285 228 314 198 351 321 144 202 146 205 101 88 279 184 258 120 296 274 405 269 209 231 406 334 263 284 76 241 340 225 311 144 22 259 254 336 187 354 164 197 313 174 259 246 94 313 278 65 270 290 292 244 68 27 156 67 60 173 175 257 14 313 120 148 319 218 304 374 225 66 144 256 208 318 372 302 325 154 208 213 159 332 449 431 293 294 184 302 166 278 205 126 295 103 206 270 65 288 354 181 305 256 374 319 178 173 142 104 187 34 424 325 215 264 258 239 305 234 282 310 315 188 225 301 405 125 217 160 190 244 176 364 40 175 398 38 293 99 290 120 114 105 67 84 288 102 251 90 205 262 232 204 306 350 293 365 142 202 147 119 218 214 368 291 194 179 163 377 267 124 151 330 320 292 176 351 318 249 324 297 412 273 201 123 88 62 285 338 64 281 250 198 327 292 68 380 232 211 48 305
 269 143 294 151 326 346 334 317 259 77 350 211 284 347 160 377 332 248 301 167 166 225 160 52 335 1 185 250 162 100 107 282 97 131 132 94 80 208 101 239 403 273 221 350 291 167 336 107 205 250 158 179 229 298 359 186 356 375 353 295 339 317 252 277 212 317 314 191 163 262 325 43 311 260 263 26 335 138 85 322 142 156 111 163 84 207 287 199 191 230 292 258 100 188 202 280 303 278 138 104 280 105 119 66 124 218 260 258 81 242 234 196 350 243 167 123 285 165 172 147 244 178 79 205 368 69 69 368 256 352 149 268 375 321 259 326 392 221 163 129 340 309 279 358 118 152 368 60 336 371 241 92 154 256 41 86 340 244 150 334 209 106 143 134 267 90 152 343 331 329 241 237 176 271 277 172 372 175 46 232 124 333 81 243 158 291 196 293 149 351 109 116 329 237 164 98 158 232 360 147 81 318 349 95 88 277 261 326 147 94 244 34 298 250 68 369 141 254 133 245 241 261 307 255 260 267 113 422 277 224 107 352 53 19 111 50 301 329 268 288 121 275 46 228 176 192 236 125 186 213 288 23 372 51 264 32 184 90 213 104 114 91 135 218 315 300 173 74 272 231 214 273 349 78 310 120 111 196 344 102
 172 220 274 304 297 324 227 238 75 123 247 30 208 261 205 252 260 252 378 199 106 67 296 183 236 185 1 349 173 284 291 328 106 275 275 189 109 207 265 88 289 144 37 352 135 185 241 280 210 351 320 142 53 262 409 303 420 285 410 267 250 332 91 110 334 365 261 42 310 158 405 208 385 314 232 160 196 319 135 308 253 37 101 63 253 322 277 238 124 51 255 201 212 59 31 256 376 346 314 82 311 133 300 143 63 309 182 74 139 58 337 162 257 64 24 272 302 311 134 163 344 81 125 25 310 126 178 239 329 405 63 322 246 212 97 194 282 65 146 58 235 389 255 334 258 51 423 244 360 295 233 174 194 355 224 221 416 244 188 352 80 119 327 317 350 100 137 406 324 384 60 111 60 235 307 36 244 280 174 254 253 375 261 347 118 299 122 258 132 265 293 260 350 311 29 146 73 48 406 81 228 327 369 101 273 127 302 318 141 118 261 199 215 265 248 273 258 208 250 218 123 133 248 160 342 229 195 305 307 301 150 360 197 190 234 234 288 343 262 263 105 310 230 321 54 210 243 294 33 161 283 197 433 176 92 215 305 156 328 231 297 196 121 175 175 237 277 141 183 66 35 300 422 109 251 292 97 243 221 98
 285 131 194 129 215 216 324 280 410 308 328 377 264 303 147 374 277 155 60 155 252 412 102 206 313 250 349 1 182 239 253 95 320 129 127 174 295 172 170 433 376 323 374 186 367 171 308 184 165 6 145 223 361 215 130 67 117 323 120 205 302 151 353 376 53 105 243 379 113 291 79 283 70 80 203 257 369 209 324 193 110 314 335 290 185 49 177 124 249 366 216 234 156 307 378 196 66 57 190 296 116 221 210 307 311 41 261 412 322 390 17 213 314 411 345 139 138 112 228 188 7 281 242 373 277 298 197 375 48 122 355 78 379 319 358 352 363 335 211 311 326 64 196 226 136 299 133 232 147 302 172 186 157 7 256 166 95 161 163 154 307 340 251 232 32 303 217 106 187 104 376 310 378 211 117 361 376 78 295 134 128 122 209 13 238 154 256 214 221 305 251 140 148 50 345 210 369 388 136 362 171 160 161 314 245 352 101 188 211 241 138 278 278 140 266 328 111 221 119 198 301 319 250 280 32 213 160 392 118 55 203 178 200 266 141 232 185 158 169 199 246 109 241 30 303 156 153 169 370 230 171 229 132 211 377 235 71 203 45 148 224 171 229 219 359 252 80 316 277 414 383 123 104 290 250 177 257 116 352 321
 130 66 135 181 166 188 189 162 230 175 202 200 131 192 37 238 174 94 206 28 71 238 159 115 186 162 173 182 1 227 240 158 178 152 150 80 154 49 168 259 257 155 194 200 193 13 185 190 48 185 203 44 180 137 240 150 249 219 240 135 185 173 173 197 179 196 153 208 179 130 233 204 213 142 102 150 212 235 196 165 109 140 190 112 167 166 130 66 70 185 131 101 94 126 202 120 204 175 222 141 144 67 221 185 149 143 113 231 196 209 172 44 198 232 174 154 140 180 47 17 178 100 100 196 207 167 97 233 157 235 194 151 239 179 179 198 244 153 30 147 194 217 119 200 137 125 253 192 197 212 82 74 29 188 195 118 244 88 26 192 126 202 264 246 179 159 37 234 177 214 195 133 212 110 140 191 236 124 193 87 125 207 189 183 57 142 77 132 42 196 240 142 189 141 175 67 209 208 238 206 130 171 209 170 222 178 132 172 34 90 97 195 147 102 219 216 117 95 112 84 128 148 148 120 172 106 66 275 140 131 57 205 124 179 110 184 144 185 111 128 78 142 189 154 124 40 82 193 198 66 133 152 262 114 196 172 154 73 171 113 227 88 56 64 197 142 121 192 128 238 205 134 250 150 150 196 95 71 208 176
 349 181 345 113 376 392 413 388 358 172 427 310 357 418 210 459 399 294 298 221 253 322 138 119 411 100 284 239 227 1 15 302 192 114 116 148 179 266 74 335 481 361 320 384 384 228 410 56 260 237 104 256 327 355 365 175 355 445 356 349 411 348 347 373 190 330 375 289 129 345 317 90 308 279 323 125 423 50 173 366 155 254 205 258 66 191 334 239 274 328 350 327 137 283 301 334 302 283 62 203 308 187 36 156 223 219 336 357 168 341 224 268 424 341 266 104 319 130 251 215 233 270 170 304 427 165 135 452 262 357 246 284 458 401 354 412 469 317 238 228 418 303 334 404 114 249 370 42 360 437 294 156 208 243 64 112 333 293 207 361 302 196 44 37 265 188 230 343 371 336 339 327 272 331 305 271 455 178 125 273 129 347 39 229 242 329 280 350 228 422 14 109 355 246 263 176 253 331 369 241 100 352 374 192 15 370 286 368 223 184 286 96 372 291 48 442 149 320 145 306 329 350 372 337 260 329 163 500 306 235 182 383 107 98 130 52 348 359 315 342 211 301 55 226 272 245 283 72 285 288 333 91 370 124 361 71 170 164 196 124 22 140 218 289 404 367 179 163 350 329 313 305 342 177 374 64 204 233 427 198
 361 195 359 126 390 406 425 401 364 176 439 316 369 431 224 471 412 308 312 234 263 326 152 130 423 107 291 253 240 15 1 316 196 128 130 161 184 279 88 338 493 371 327 398 394 241 423 70 274 250 116 268 335 368 379 189 369 458 370 363 424 362 356 382 203 344 388 294 142 357 330 91 322 293 336 132 434 58 175 380 169 262 208 267 80 205 348 253 285 335 364 340 151 292 306 348 316 297 72 209 322 198 47 159 229 233 348 363 170 347 238 280 436 346 272 119 333 143 263 227 247 279 180 310 441 170 147 464 277 371 250 298 470 413 363 423 482 325 250 234 430 316 347 418 129 257 384 51 374 450 308 168 222 257 68 126 346 306 220 375 311 198 39 39 279 193 242 357 385 350 346 337 276 345 320 276 467 193 127 288 143 361 53 243 253 343 291 364 240 435 5 123 370 260 268 187 256 338 383 244 113 366 388 197 20 380 301 382 235 194 300 98 385 305 47 455 163 333 160 319 339 360 385 349 274 342 176 512 320 249 193 397 118 102 144 61 362 374 329 356 221 315 62 240 281 259 297 85 290 300 347 100 384 135 370 79 184 176 209 138 32 153 229 302 415 380 193 165 362 333 319 319 355 183 387 77 214 247 439 202
 221 141 108 202 124 122 247 200 377 321 247 353 191 219 134 294 192 85 69 134 223 393 171 232 234 282 328 95 158 302 316 1 328 190 187 191 303 124 229 415 291 265 345 92 311 146 228 248 119 100 223 188 326 131 83 135 94 236 84 120 220 57 308 327 138 39 158 364 188 231 91 322 71 24 130 281 300 283 340 100 149 296 341 266 239 128 91 94 210 332 134 167 184 276 357 115 63 43 264 295 26 217 278 326 305 89 196 379 340 357 102 170 231 384 330 199 49 188 196 170 98 250 247 350 185 312 217 298 50 78 350 20 301 245 312 283 279 297 183 303 247 80 115 131 189 281 96 283 59 213 107 198 144 98 300 203 97 94 150 63 268 351 323 303 67 309 193 80 93 58 340 261 369 135 29 348 298 125 324 76 175 52 266 106 211 63 215 131 198 220 315 194 56 59 331 211 365 358 82 361 213 65 74 320 304 298 27 94 190 240 72 315 203 69 317 243 155 153 159 132 250 264 168 221 65 139 173 306 30 69 201 87 231 300 179 280 96 65 90 116 234 22 288 87 276 119 91 238 354 180 84 264 106 234 332 277 141 210 127 186 291 193 212 166 294 173 124 334 211 393 359 37 101 298 167 245 250 92 277 327
 242 194 308 241 337 361 305 302 174 21 324 126 269 330 196 340 321 271 363 197 142 132 243 119 310 97 106 320 178 192 196 328 1 216 216 148 27 225 193 144 372 229 141 377 233 189 313 202 225 321 251 171 156 304 410 261 413 356 407 305 320 350 190 212 291 366 312 99 251 231 389 108 371 309 270 75 288 233 31 340 212 89 16 114 177 282 306 236 169 155 297 251 166 133 114 292 363 335 233 42 319 113 214 39 50 283 242 172 35 160 305 193 329 153 84 210 317 252 162 163 314 137 83 120 366 29 125 328 314 404 55 317 335 290 196 283 363 159 163 57 312 372 291 373 201 94 421 154 374 360 257 136 186 326 129 163 402 265 180 369 158 25 234 227 330 21 150 399 354 382 165 192 81 275 315 83 332 244 72 263 202 379 177 315 143 319 171 299 145 334 199 201 365 295 79 119 62 149 409 51 164 348 386 10 179 222 303 348 149 90 274 99 280 279 151 347 214 252 205 252 200 217 302 228 323 270 162 390 315 282 128 383 130 95 184 145 319 362 288 299 104 315 139 294 121 217 260 219 97 203 309 115 428 113 195 127 261 121 289 178 208 150 128 214 267 292 241 37 249 138 128 310 410 31 305 215 87 237 307 8
 281 89 245 31 275 288 338 305 346 200 349 304 277 334 122 387 311 194 186 135 204 331 30 99 332 131 275 129 152 114 128 190 216 1 3 89 193 177 42 348 403 305 307 275 339 147 330 60 170 127 53 192 304 259 252 63 243 359 244 252 328 238 311 336 84 217 282 295 36 281 207 158 196 166 231 145 363 97 212 261 50 240 231 228 57 81 232 139 216 307 256 245 66 251 300 238 190 170 79 204 197 147 90 194 223 106 262 347 209 327 113 195 341 339 264 11 211 37 191 146 123 230 152 299 331 190 99 383 149 244 261 171 389 328 317 349 390 284 174 225 342 192 237 300 18 228 258 104 248 346 199 104 126 133 129 56 222 195 127 250 262 232 135 116 153 203 171 231 264 223 318 278 287 240 196 276 386 66 176 171 28 234 81 120 190 223 223 255 172 337 127 17 244 133 263 133 273 321 256 264 53 243 262 212 118 323 176 262 164 158 183 155 293 188 138 359 41 235 43 217 275 296 283 271 147 239 91 420 196 122 132 272 87 145 45 105 245 249 215 245 176 190 114 113 243 155 185 51 288 217 230 109 259 105 331 110 59 121 87 46 102 81 171 213 347 280 67 203 278 334 309 196 231 189 284 57 180 131 358 219
 279 87 243 33 273 286 336 303 346 200 347 304 275 331 121 385 309 192 184 133 203 330 29 98 330 132 275 127 150 116 130 187 216 3 1 88 193 175 44 348 401 303 306 273 337 145 328 62 168 126 54 190 303 257 250 61 241 357 242 250 326 236 310 335 83 215 280 295 36 279 205 159 194 164 229 145 361 99 213 259 48 239 232 227 59 80 230 137 214 306 254 243 65 250 300 236 188 168 81 204 195 146 92 195 222 104 260 346 210 326 111 193 339 338 264 13 209 38 189 145 121 229 151 298 329 190 99 382 147 242 261 169 387 326 316 347 388 283 172 225 340 190 235 297 17 228 256 106 245 344 197 103 124 132 131 56 221 192 125 248 260 232 138 118 151 203 170 229 262 221 317 276 287 238 193 275 384 64 177 169 27 232 83 118 188 221 221 253 171 335 129 17 242 131 262 132 273 320 254 264 53 241 260 212 120 322 174 260 163 158 181 156 291 186 140 357 39 233 41 215 273 294 281 269 145 237 90 418 194 120 131 270 87 145 44 106 243 247 213 242 175 188 116 111 242 153 183 53 288 215 227 110 257 105 329 111 57 121 85 45 105 80 170 211 345 278 64 203 276 334 309 194 230 189 282 59 179 129 356 220
 205 51 205 119 236 255 267 241 259 136 280 219 210 271 68 314 253 156 217 77 118 248 108 43 264 94 189 174 80 148 161 191 148 89 88 1 122 121 93 267 335 222 220 257 253 81 263 114 116 174 138 112 216 211 269 117 270 298 265 207 264 224 223 249 148 227 230 213 123 202 243 135 226 170 178 91 283 159 154 230 67 154 162 140 89 138 196 106 133 220 206 180 24 163 216 192 218 191 147 125 187 59 144 138 142 136 190 260 152 239 159 121 277 253 181 88 192 124 109 68 168 142 70 213 283 126 27 308 169 263 184 177 314 255 230 270 323 197 93 143 272 226 191 268 72 141 279 114 243 291 152 16 64 179 120 41 257 153 61 241 174 168 186 169 184 130 88 256 239 240 230 193 208 186 184 194 311 97 134 140 65 242 111 169 104 198 140 207 88 275 161 75 236 150 179 45 198 234 270 190 53 225 256 141 143 238 169 234 81 73 152 127 225 158 143 295 70 173 62 160 192 213 226 193 177 183 20 353 184 137 44 259 47 112 45 107 210 236 177 200 88 182 112 147 155 102 144 120 205 142 196 79 285 45 243 96 118 34 144 44 149 10 84 142 266 220 95 146 205 251 224 180 265 118 228 122 93 103 283 149
