NAME : domp280p140v9
COMMENT : (Deleplanque et al.) 
TYPE : DOMP
DIMENSION : 280
DISPLAY_DATA_TYPE: NO_DISPLAY
OPEN_FACILITIES : 140
COST_SECTION
 1 269 24 167 274 305 70 171 314 279 167 245 320 314 215 213 193 158 12 280 80 200 84 56 364 145 111 218 87 227 101 63 239 142 30 155 136 134 136 157 254 49 232 91 111 157 261 288 208 299 60 79 129 40 263 263 188 231 105 205 249 15 177 62 288 138 264 243 61 111 61 291 89 252 287 154 319 278 36 228 182 107 171 281 275 254 18 101 338 306 109 249 29 166 249 195 149 21 258 94 140 228 254 127 107 100 236 264 94 183 258 180 230 298 122 241 272 205 96 166 254 30 267 206 218 83 334 288 372 190 149 172 174 57 153 272 126 286 289 121 143 258 178 114 86 210 294 254 156 215 132 156 122 286 388 102 265 60 104 312 182 134 303 106 108 41 276 203 167 114 133 269 252 205 86 143 69 158 387 290 157 65 138 110 171 280 277 180 263 195 220 264 290 350 272 85 120 227 220 305 74 249 254 147 257 201 203 189 183 162 208 233 97 173 112 179 137 187 45 250 214 147 347 288 107 55 280 323 131 259 83 144 251 94 292 285 194 87 103 157 232 54 272 223 266 202 50 248 276 151 229 90 219 206 294 271 229 68 199 209 250 109 257 184 282 191 231 96 45 224 231 155 337 281 252 92 217 222 156 130
 269 1 247 268 290 389 338 252 388 221 408 285 296 296 117 252 100 291 260 48 287 312 315 215 347 162 309 180 276 353 169 213 107 158 272 322 327 349 350 216 58 279 38 323 366 285 207 20 427 233 308 347 314 262 283 14 305 77 258 65 226 283 335 208 200 397 67 51 222 377 209 24 222 363 499 189 341 374 284 48 96 218 365 144 279 34 274 261 291 362 195 119 291 269 221 154 268 288 322 206 285 207 357 144 345 185 255 212 313 227 22 229 209 455 315 454 391 72 241 202 199 261 226 74 57 330 278 433 343 331 153 351 97 312 117 327 377 466 464 329 136 160 334 174 352 64 298 39 341 55 370 214 151 468 359 363 218 222 178 384 420 290 358 196 164 257 199 67 415 161 154 299 151 96 338 390 335 356 359 501 320 299 164 361 368 261 409 355 120 109 56 376 396 353 241 265 160 271 81 272 215 451 349 349 189 71 440 111 402 305 68 384 221 105 380 274 202 355 240 250 130 405 334 383 163 240 173 326 395 264 254 217 423 307 290 492 279 189 351 118 402 254 99 96 35 416 315 407 185 326 325 269 60 72 451 154 331 333 267 73 267 313 18 205 462 83 347 358 247 364 427 228 338 357 180 316 329 159 413 254
 24 247 1 159 263 301 92 161 310 262 183 235 307 302 194 201 171 154 17 257 87 196 94 33 352 124 119 200 91 226 79 44 217 124 41 156 140 147 145 142 232 54 210 106 132 152 244 266 221 282 74 102 132 43 252 240 184 208 98 183 234 38 178 40 270 158 242 221 43 133 40 269 79 249 299 136 310 275 51 205 160 97 178 260 263 232 33 100 324 300 95 228 49 158 233 176 142 43 250 76 136 211 251 105 120 79 224 247 106 169 236 166 214 303 126 253 272 184 90 150 237 34 251 183 195 98 319 291 360 189 128 176 152 76 131 264 143 294 296 133 122 238 178 93 107 188 283 232 160 193 150 142 100 294 376 122 249 45 83 307 197 131 296 87 86 36 259 181 184 94 113 259 232 183 103 160 91 165 375 302 157 74 117 130 178 266 278 184 242 173 197 262 288 340 257 86 98 216 197 290 59 259 250 154 239 179 218 167 195 159 186 236 82 151 134 171 121 190 36 236 193 167 335 285 85 47 261 312 152 246 81 129 257 105 280 296 185 65 119 134 237 53 250 201 243 213 71 252 257 153 224 87 196 184 299 251 224 89 189 188 238 118 234 168 290 169 229 118 35 225 240 142 326 275 234 101 214 203 175 122
 167 268 159 1 111 149 196 19 155 144 183 81 161 155 158 57 169 30 170 249 244 48 123 153 200 112 276 111 248 89 164 181 178 234 195 67 88 299 119 53 222 125 238 256 262 24 133 284 178 160 143 204 78 201 101 269 39 196 63 216 109 174 72 154 165 203 224 221 124 243 166 281 225 105 239 81 154 125 202 222 179 241 113 191 115 238 184 256 184 142 227 177 192 3 112 120 20 179 93 101 40 99 102 165 140 121 80 132 260 49 249 45 101 189 85 198 132 239 243 67 130 191 128 197 214 146 183 169 210 64 121 95 190 219 180 106 175 199 197 287 210 158 71 120 194 208 132 234 91 229 292 55 188 202 225 184 131 191 127 152 188 49 139 100 181 127 154 218 197 194 218 104 158 173 156 178 213 109 224 241 65 126 114 265 117 127 146 95 189 160 215 119 143 185 126 243 137 64 189 151 202 191 98 108 140 228 204 158 158 44 204 117 84 173 234 13 73 92 191 98 147 204 183 135 159 202 173 158 214 102 237 54 157 260 131 231 28 136 157 168 136 210 211 178 245 165 168 141 161 75 71 80 210 240 184 174 74 179 35 246 91 274 251 69 195 226 86 243 126 97 166 41 172 120 140 116 67 130 210 38
 274 290 263 111 1 108 306 104 103 83 276 32 53 47 176 63 206 131 276 256 349 102 232 250 91 176 381 113 351 121 247 276 185 312 301 161 188 407 217 125 235 234 271 364 372 128 89 302 255 87 252 314 181 305 12 296 110 215 172 258 66 283 152 250 112 306 230 241 224 352 262 296 320 111 294 144 55 105 309 253 224 334 197 165 16 258 290 356 80 74 316 175 300 113 71 146 129 288 54 194 147 85 101 238 246 207 43 85 367 97 270 99 83 207 189 263 133 288 340 125 95 295 71 233 249 255 84 182 100 133 181 178 243 327 242 47 278 235 229 394 282 137 150 200 303 245 22 252 182 269 401 126 265 240 115 291 79 288 210 98 278 156 71 187 263 234 106 262 293 275 296 15 143 203 264 278 323 199 114 295 158 235 181 374 201 40 154 173 179 194 249 118 127 79 57 344 212 49 214 53 296 250 90 203 107 276 288 195 242 138 241 157 182 223 343 101 151 165 292 42 163 306 74 110 239 302 136 50 319 27 337 137 200 366 23 284 86 225 263 226 186 312 204 196 260 242 278 178 120 170 85 190 242 289 203 149 93 288 77 296 28 380 274 109 233 279 110 353 231 138 227 122 65 80 114 224 102 133 310 146
 305 389 301 149 108 1 314 155 16 190 243 105 139 133 273 139 297 148 310 358 384 106 238 300 134 252 414 210 390 82 311 327 285 381 334 156 181 431 202 191 335 258 365 388 383 150 195 402 204 192 264 319 182 342 111 393 118 313 205 348 169 309 135 301 219 287 332 339 270 354 313 397 372 56 217 218 83 29 339 347 312 388 168 271 122 357 321 400 166 40 375 277 326 149 175 238 163 313 67 249 167 183 52 310 239 268 135 191 396 169 368 169 182 114 190 200 51 375 389 199 199 332 177 325 342 257 176 90 150 118 259 153 328 350 322 64 262 150 142 422 355 241 134 266 304 337 112 351 166 360 417 193 334 156 155 285 185 337 274 17 239 172 42 247 328 267 212 351 261 341 365 95 247 297 264 255 335 176 154 217 153 250 255 387 171 146 67 145 282 285 342 48 32 108 164 386 282 119 309 152 348 181 52 185 212 364 242 285 201 144 333 99 232 308 341 137 216 135 335 144 259 283 125 21 306 346 242 106 304 131 381 198 128 397 121 206 125 284 256 307 124 353 308 294 360 193 291 108 226 162 79 216 336 376 111 254 78 295 130 383 125 412 372 189 149 364 76 362 268 92 165 182 108 33 219 229 89 231 284 184
 70 338 92 196 306 314 1 206 326 326 121 275 356 349 277 250 259 178 80 347 105 217 77 124 394 205 123 271 118 233 170 130 301 207 76 159 133 125 118 202 320 78 301 87 70 179 310 356 172 345 55 11 133 90 296 331 206 296 138 273 293 56 180 130 339 79 330 311 122 49 130 359 146 258 247 207 345 286 68 296 249 162 156 340 310 322 69 140 377 324 171 310 54 194 295 253 177 51 279 151 160 275 263 195 80 163 273 312 100 225 326 221 277 282 125 204 273 274 144 215 304 85 312 273 285 58 375 277 405 197 211 165 243 53 221 293 77 261 266 123 211 314 181 177 22 278 327 322 150 284 105 203 190 259 419 47 312 125 168 324 136 152 321 164 176 90 327 272 115 182 199 298 309 270 52 96 25 144 419 250 162 71 199 75 155 319 273 174 324 259 287 269 293 377 315 123 186 259 285 344 137 216 266 134 309 270 155 253 151 176 276 228 148 240 45 206 188 182 107 289 274 89 378 295 176 113 336 352 66 296 127 190 233 105 326 247 221 153 66 224 218 105 336 287 334 170 30 236 329 153 245 119 286 274 278 328 242 20 230 277 285 118 325 231 257 260 239 49 99 225 205 198 366 295 305 87 230 278 97 164
 171 252 161 19 104 155 206 1 160 128 199 75 151 145 141 45 154 48 173 232 247 61 135 152 193 100 279 94 250 102 158 179 161 227 199 85 105 304 135 39 205 132 223 261 271 42 116 268 196 145 153 214 94 203 93 254 54 180 70 202 93 180 90 152 149 218 207 205 124 253 164 265 223 115 257 67 150 133 207 207 165 239 131 173 106 222 188 257 172 144 223 160 198 21 96 103 32 185 94 97 55 82 111 156 155 115 69 116 264 31 233 27 84 204 100 216 144 226 242 51 113 193 113 182 200 158 171 183 202 81 108 112 178 225 169 107 190 216 214 291 201 140 88 112 205 194 124 218 109 215 299 41 180 219 218 197 115 190 120 157 206 64 140 94 175 132 137 205 213 187 211 99 141 158 168 194 222 127 217 259 83 136 102 273 135 115 159 113 171 145 201 130 153 180 112 244 128 56 173 139 200 209 106 125 123 215 221 143 175 61 190 133 82 160 245 23 62 110 192 85 130 220 176 143 152 202 156 152 228 91 238 44 174 264 122 249 31 131 170 156 153 211 193 161 229 183 178 156 144 92 80 88 195 227 199 157 84 189 30 234 81 278 235 52 212 214 98 252 129 112 183 28 167 125 123 129 79 112 225 43
 314 388 310 155 103 16 326 160 1 185 257 104 129 124 272 140 298 157 320 356 393 115 250 307 120 255 424 209 399 94 317 335 284 386 344 167 193 442 215 195 333 268 366 399 394 159 191 401 218 185 275 331 193 351 108 393 127 312 213 349 166 319 147 309 213 300 330 338 278 366 321 396 379 69 231 221 72 41 349 348 314 396 181 267 117 356 331 409 156 31 382 275 336 156 172 238 170 323 69 255 176 182 64 314 251 274 134 187 406 172 368 172 181 127 202 214 66 377 397 202 196 341 173 326 342 269 166 104 137 129 262 166 330 360 325 62 276 164 156 433 360 238 146 271 316 338 105 350 178 361 429 197 340 170 142 297 181 345 279 5 253 182 34 253 334 276 207 353 275 347 370 91 244 297 276 268 347 190 141 231 165 260 259 399 184 140 82 158 280 286 343 62 47 95 159 395 287 120 309 145 356 196 61 198 209 366 257 286 215 154 334 113 239 311 353 144 221 148 344 141 259 297 113 35 311 355 238 96 318 128 390 203 142 407 114 220 131 290 268 310 138 362 305 293 359 208 302 122 222 174 87 226 336 378 125 250 87 307 134 385 123 422 371 191 163 366 87 374 276 106 179 187 96 37 216 240 99 230 298 191
 279 221 262 144 83 190 326 128 185 1 325 96 76 77 117 90 153 172 277 182 344 161 261 241 127 148 377 67 343 191 223 263 116 277 302 209 231 408 262 125 164 250 209 367 386 167 20 230 315 21 274 335 221 302 81 229 163 150 190 202 36 290 207 238 30 345 157 173 221 374 249 223 302 187 365 127 125 186 312 190 174 313 252 86 69 189 293 343 75 155 291 103 307 146 33 101 159 296 132 187 182 52 178 205 282 191 72 17 367 103 201 107 50 285 227 329 212 234 324 114 29 294 17 176 188 284 65 261 125 191 149 232 195 335 201 129 317 310 306 392 244 62 205 179 328 187 83 183 232 211 410 125 233 315 142 322 15 276 191 180 330 191 152 177 235 242 24 206 340 245 262 96 71 146 294 321 339 250 142 366 206 258 155 387 256 45 233 230 103 141 188 197 208 133 27 335 186 96 151 52 280 318 167 250 35 222 344 144 297 184 183 228 183 176 367 139 143 224 284 55 105 347 114 192 213 293 55 107 354 62 326 138 272 364 74 355 131 209 297 185 255 305 128 133 189 302 297 251 39 217 155 210 181 235 282 70 162 311 115 241 72 377 206 96 308 227 181 369 236 207 294 130 118 162 44 255 168 76 352 166
 167 408 183 183 276 243 121 199 257 325 1 247 329 322 319 237 314 154 178 404 224 175 95 208 354 251 243 288 237 168 250 226 343 305 187 118 96 241 65 217 376 135 372 206 175 159 314 426 56 341 110 119 107 201 269 404 168 349 155 345 290 159 126 214 347 53 382 370 190 137 219 427 255 192 127 236 299 217 183 362 313 273 81 367 286 385 176 257 355 266 275 346 167 181 294 285 169 158 233 202 146 280 200 269 65 224 258 314 220 228 392 224 282 178 102 86 195 355 258 234 311 193 309 336 352 86 357 181 368 145 260 100 314 173 295 247 45 150 156 241 299 336 127 234 101 344 296 383 95 357 213 219 276 146 379 75 313 226 231 257 17 137 264 213 262 157 335 345 18 272 294 265 334 323 82 26 143 78 378 130 121 113 248 184 77 303 187 106 359 310 354 197 216 332 306 240 249 237 340 325 239 101 207 76 321 348 37 305 44 143 341 146 188 304 121 187 218 115 211 276 311 45 339 223 252 220 353 314 73 277 242 209 132 226 298 127 197 223 65 291 125 216 378 335 395 58 120 144 342 110 196 141 350 356 176 352 190 108 212 360 265 238 393 244 146 340 179 157 167 154 96 207 324 235 320 92 178 303 44 170
 245 285 235 81 32 105 275 75 104 96 247 1 84 77 169 40 195 100 247 255 321 73 201 225 120 157 353 107 324 97 225 251 181 292 273 131 157 378 187 101 231 204 263 335 342 98 96 299 228 105 222 283 150 277 23 290 79 209 142 247 68 253 122 224 124 275 228 235 197 322 236 293 295 92 271 123 77 94 281 245 212 310 168 171 40 253 262 330 110 80 293 174 271 82 74 135 99 258 39 169 117 80 83 218 215 183 31 92 338 74 265 76 79 191 158 238 118 276 315 104 99 267 81 223 239 224 112 166 130 104 163 148 229 298 226 43 248 215 210 365 263 140 120 178 272 235 53 248 152 259 372 103 245 220 145 260 88 262 187 100 249 125 76 163 241 206 115 250 263 254 276 25 145 194 233 247 293 170 144 272 128 205 162 344 172 60 139 144 180 183 240 102 117 106 71 318 191 21 206 80 272 225 73 173 112 264 260 184 213 107 231 134 156 209 312 70 128 137 265 44 156 275 104 101 218 276 144 79 288 36 311 112 178 338 53 261 56 201 232 210 162 285 205 190 256 214 248 156 128 139 60 160 233 277 187 154 68 258 47 284 25 352 269 90 213 265 87 322 203 114 202 96 93 73 117 193 76 127 279 116
 320 296 307 161 53 139 356 151 129 76 329 84 1 8 189 108 224 183 320 256 392 155 283 291 54 207 425 132 393 170 281 316 191 342 346 214 240 452 270 166 239 282 283 410 421 180 92 305 306 67 302 364 233 348 62 304 162 224 220 274 82 329 204 289 99 358 232 248 266 402 301 298 358 157 341 179 60 145 355 264 245 370 250 158 47 264 336 396 30 100 350 178 347 162 86 167 179 334 101 235 198 107 146 268 298 244 84 87 411 138 276 141 104 247 241 313 175 306 379 161 100 339 73 249 262 306 38 223 55 185 210 230 265 374 268 90 331 279 273 438 310 137 202 235 353 260 34 258 235 284 449 167 296 285 73 342 81 328 246 125 330 207 98 226 296 280 99 279 345 307 326 65 146 219 315 330 372 252 72 342 211 285 213 423 254 44 196 225 178 212 262 162 164 58 60 386 245 98 225 25 335 298 136 255 109 294 340 214 294 190 256 205 225 245 393 151 190 217 334 72 177 358 39 147 273 343 127 37 371 61 378 178 247 411 31 331 138 262 314 252 234 354 202 207 263 293 327 225 113 222 136 238 255 307 244 144 143 339 126 314 71 424 281 143 277 299 159 402 276 187 276 165 45 118 118 275 153 146 362 193
 314 296 302 155 47 133 349 145 124 77 322 77 8 1 188 102 222 176 315 257 387 148 276 286 56 204 420 130 388 163 278 311 191 339 341 207 233 447 263 161 239 277 283 404 415 173 91 306 299 69 296 358 227 343 55 304 155 224 214 273 79 324 197 285 101 351 232 248 261 396 297 299 354 150 334 175 55 138 349 263 243 367 243 160 41 264 330 392 37 94 347 178 341 156 83 165 173 329 94 230 192 104 139 265 291 240 79 86 406 133 276 136 102 241 234 306 168 305 375 157 99 334 72 247 261 299 44 216 59 178 207 223 263 369 266 84 324 272 266 433 307 137 195 231 347 259 27 258 228 283 443 162 293 278 76 336 80 324 242 120 323 201 92 222 292 275 99 278 338 304 323 58 146 217 309 323 366 245 76 335 204 279 210 417 247 41 189 218 179 210 261 155 158 57 59 381 241 92 225 26 331 291 129 248 109 293 333 213 287 183 255 198 220 243 387 145 185 210 329 67 176 351 40 141 269 339 129 33 364 56 373 174 240 405 25 324 131 258 308 249 227 349 203 206 264 286 321 218 114 215 129 233 254 306 238 145 136 332 120 313 65 419 281 139 270 297 152 396 271 180 269 160 43 111 118 269 146 145 355 188
 215 117 194 158 176 273 277 141 272 117 319 169 189 188 1 136 38 184 209 92 263 199 232 164 242 73 293 64 258 240 130 178 25 169 230 218 229 329 257 108 65 205 96 293 324 178 99 131 329 133 235 287 217 225 168 122 194 41 165 86 113 229 228 159 105 320 67 67 156 323 167 127 209 248 395 85 228 258 242 77 61 215 264 71 165 85 226 252 190 247 191 35 242 159 108 39 162 235 206 128 182 92 241 106 261 116 139 104 288 114 97 116 94 342 219 352 276 118 231 92 90 220 117 60 74 252 179 320 240 221 67 248 82 269 93 211 296 356 354 311 136 61 227 102 286 72 186 80 240 96 339 106 131 359 258 290 110 190 112 268 329 189 243 115 138 188 99 91 330 145 156 184 52 30 262 306 282 257 257 397 217 221 79 322 267 150 295 250 49 28 74 261 281 244 131 248 98 155 38 166 191 347 233 252 83 106 347 33 305 198 68 272 135 65 321 163 102 248 204 135 14 326 227 267 121 209 83 215 323 150 237 113 314 284 178 387 165 130 271 78 293 223 60 22 90 316 249 296 88 224 210 181 67 119 338 67 216 267 152 126 152 294 100 92 352 112 233 310 179 252 322 120 228 241 73 231 215 45 333 153
 213 252 201 57 63 139 250 45 140 90 237 40 108 102 136 1 159 84 215 225 287 74 179 188 152 118 320 76 289 110 187 215 151 253 240 120 143 346 174 64 200 176 228 303 314 79 82 266 227 105 196 258 134 243 52 256 75 176 113 210 55 223 118 188 114 259 198 202 162 297 200 262 258 114 280 85 114 123 249 210 174 272 163 150 63 220 229 294 128 118 255 146 240 59 59 100 75 228 72 132 96 54 107 179 197 146 25 80 306 36 232 38 54 211 141 242 142 238 278 65 81 234 73 187 204 202 127 188 159 104 124 144 191 268 187 80 231 230 227 333 224 117 116 140 249 199 83 215 143 222 342 65 206 235 176 240 78 226 149 136 242 105 114 126 203 174 103 214 252 215 237 62 120 159 212 234 265 162 175 281 117 179 123 316 167 71 161 141 154 148 205 127 145 141 70 283 153 21 172 95 235 232 98 162 93 227 255 147 209 95 195 146 120 171 289 51 90 136 230 41 123 261 135 132 179 240 127 112 270 47 275 75 190 305 80 271 42 163 213 172 171 250 178 157 225 213 221 170 113 128 77 132 198 239 207 132 84 233 26 246 38 319 235 52 227 227 102 295 170 125 207 60 127 107 96 172 86 97 266 87
 193 100 171 169 206 297 259 154 298 153 314 195 224 222 38 159 1 192 186 91 233 214 223 140 277 65 262 94 227 255 100 149 53 133 205 223 230 299 255 118 64 191 70 265 300 186 134 117 330 170 221 269 217 198 197 101 207 38 161 53 145 207 236 134 142 310 72 57 138 303 140 116 176 266 401 90 259 280 217 54 23 181 267 105 196 73 202 219 226 274 156 68 219 170 141 61 169 213 230 114 186 122 261 74 253 98 167 139 259 131 82 132 124 357 218 356 295 84 198 104 126 194 152 29 47 241 216 336 276 232 56 253 45 244 57 237 287 367 365 281 99 99 235 84 270 42 218 70 243 65 312 115 97 369 293 277 145 161 91 293 325 191 270 103 105 172 136 57 323 111 120 212 89 13 250 299 261 258 293 403 222 210 67 297 270 183 312 256 80 13 48 280 301 277 165 216 74 179 28 201 160 352 254 252 119 72 345 13 305 206 37 285 127 28 303 176 103 256 176 165 49 316 261 289 91 181 120 248 310 180 206 118 324 255 210 394 181 107 261 44 303 195 82 33 82 318 233 309 126 227 229 175 42 85 352 104 234 251 171 92 180 264 83 109 363 76 250 288 162 265 328 129 261 265 110 224 231 79 324 156
 158 291 154 30 131 148 178 48 157 172 154 100 183 176 184 84 192 1 163 275 237 43 103 154 218 132 268 140 243 76 173 182 205 243 187 38 60 288 91 77 247 113 259 245 246 7 162 308 149 188 125 185 52 195 122 291 31 221 58 236 137 164 46 157 194 177 250 245 125 223 168 306 226 97 212 103 168 122 193 245 199 243 84 220 138 262 175 253 207 149 231 205 181 28 141 146 24 168 102 109 20 128 98 179 116 131 106 161 250 78 272 74 130 170 59 170 122 257 242 93 159 185 156 219 236 125 208 152 229 43 141 66 209 206 197 117 149 176 175 278 222 187 44 134 173 230 152 259 62 249 278 79 199 179 243 161 159 191 138 154 160 27 146 111 190 120 182 238 169 203 227 122 187 197 134 151 197 80 242 214 36 108 132 249 88 152 133 67 217 184 237 111 136 200 153 239 151 86 213 175 203 164 97 79 169 247 174 181 128 15 226 97 90 193 213 34 91 65 188 124 173 178 202 132 170 199 202 176 189 126 234 75 134 252 153 204 46 144 132 186 113 206 238 203 270 136 152 120 190 46 72 69 232 258 166 203 71 160 60 264 115 266 274 97 172 243 77 226 121 80 139 65 189 123 170 94 60 158 183 42
 12 260 17 170 276 310 80 173 320 277 178 247 320 315 209 215 186 163 1 272 75 206 94 47 365 140 107 215 80 234 92 52 232 130 26 162 144 133 146 156 246 57 223 91 116 162 259 278 219 297 71 89 137 33 265 253 193 223 108 196 248 25 185 53 285 149 256 235 58 119 51 282 78 258 298 151 322 284 36 219 174 97 180 276 276 246 18 93 338 310 98 243 34 169 248 191 153 30 261 91 145 226 259 118 117 94 237 262 92 183 249 180 229 307 131 251 279 195 86 164 252 22 266 197 209 94 333 296 373 197 144 180 165 61 144 275 137 296 299 119 132 254 185 108 96 201 296 246 164 206 134 156 111 295 389 113 264 49 98 317 193 140 307 103 98 44 274 194 179 104 122 272 247 198 97 155 77 167 389 300 164 75 133 114 181 280 285 189 257 188 211 270 296 353 271 77 113 229 212 305 62 259 259 156 255 191 214 182 194 168 199 241 96 165 121 182 135 195 34 250 208 159 348 293 99 44 276 325 142 260 74 143 260 92 293 295 197 80 114 148 241 45 265 216 257 213 62 257 273 159 234 95 210 196 303 266 234 79 202 199 251 105 248 183 292 181 237 103 46 231 241 156 339 285 249 102 223 219 167 133
 280 48 257 249 256 358 347 232 356 182 404 255 256 257 92 225 91 275 272 1 309 290 314 226 306 154 334 150 300 330 182 229 75 187 288 309 318 374 344 199 29 281 64 344 384 268 169 51 418 192 312 357 305 279 249 60 285 56 251 84 191 294 319 219 158 400 27 37 227 390 223 43 247 337 486 174 304 346 300 57 99 246 354 100 243 31 287 288 248 329 221 82 304 251 186 131 252 300 293 205 272 176 330 155 343 187 224 174 336 205 36 207 177 433 307 442 366 105 267 183 163 277 189 76 66 331 235 410 300 312 145 338 109 328 130 296 377 447 445 354 160 121 318 174 359 73 261 28 330 80 391 197 169 450 316 367 180 240 181 352 415 278 325 193 181 262 159 87 413 182 180 266 114 82 340 389 348 346 316 488 307 300 158 379 357 223 385 340 79 95 64 350 369 313 203 289 163 242 65 232 235 437 322 340 151 99 434 100 394 289 74 363 217 108 390 254 190 339 257 216 104 406 294 354 174 259 130 287 400 230 278 203 405 330 253 478 256 195 352 124 384 273 55 73 19 405 322 387 144 314 300 265 63 105 428 113 306 340 243 109 234 338 41 183 443 111 324 373 252 343 412 211 299 327 143 314 306 129 414 242
 80 287 87 244 349 384 105 247 393 344 224 321 392 387 263 287 233 237 75 309 1 279 157 104 438 200 34 280 16 306 134 86 284 133 51 233 212 67 208 227 287 128 252 39 89 236 326 304 273 364 130 109 207 45 338 277 267 268 182 227 318 77 255 108 349 182 299 274 127 116 98 309 66 330 349 218 396 357 47 254 216 75 245 332 349 280 63 39 408 385 94 297 62 243 317 252 227 75 335 159 218 294 332 160 173 155 310 329 28 255 281 252 297 373 200 305 351 216 51 234 318 55 334 236 244 148 403 364 445 269 202 248 202 53 181 349 180 357 361 49 152 314 256 168 125 237 369 282 232 234 84 227 141 356 462 150 332 73 156 391 240 213 381 169 130 118 339 224 219 128 134 345 306 246 147 199 85 232 461 352 235 140 193 81 244 351 355 257 310 238 246 343 368 426 341 25 167 302 257 375 75 316 333 221 319 216 259 232 250 241 236 310 168 208 127 256 204 264 61 321 265 192 421 366 143 54 337 398 167 332 35 215 325 23 366 348 271 138 164 191 307 41 314 265 292 269 108 324 336 229 308 169 247 216 369 325 307 117 275 217 324 33 278 252 353 204 310 90 120 302 301 228 413 359 313 166 296 280 200 207
 200 312 196 48 102 106 217 61 115 161 175 73 155 148 199 74 214 43 206 290 279 1 140 195 183 159 310 146 285 42 210 223 218 280 230 62 89 329 117 98 264 154 283 286 285 45 155 328 156 173 165 223 85 237 95 314 13 238 100 262 127 206 50 197 187 206 264 264 166 260 209 324 267 58 207 127 131 81 235 267 225 284 96 223 112 282 217 295 181 108 271 215 223 48 132 161 58 210 63 146 62 126 57 212 149 167 90 153 292 86 292 84 127 144 94 170 85 286 283 111 154 227 144 242 260 162 184 123 196 32 167 76 237 248 228 78 179 159 156 319 256 189 48 167 210 254 122 277 81 275 318 101 234 163 209 195 150 232 173 112 177 68 105 146 227 162 176 264 191 240 264 91 191 217 170 177 237 98 208 208 59 149 161 289 100 131 100 72 224 204 260 72 97 164 138 281 184 67 232 152 243 159 55 102 166 275 188 202 141 42 250 75 128 219 249 39 120 65 230 108 187 205 168 91 205 241 200 142 221 105 276 101 118 293 125 197 36 181 166 215 98 248 248 220 288 143 192 99 186 70 30 111 255 287 140 205 29 198 50 293 93 308 295 109 155 273 39 265 162 53 134 87 154 81 169 131 20 166 209 80
 84 315 94 123 232 238 77 135 250 261 95 201 283 276 232 179 223 103 94 314 157 140 1 115 319 162 184 212 166 157 156 136 257 214 110 83 59 196 53 140 286 42 279 153 146 105 246 333 128 279 28 84 57 122 222 311 129 260 73 251 227 81 105 121 277 89 293 279 96 122 127 334 170 183 207 152 269 210 111 269 220 189 89 288 237 293 97 183 306 247 187 262 95 121 228 202 105 83 202 110 86 211 187 175 31 130 202 247 163 159 300 155 213 217 49 160 200 261 178 155 241 112 246 244 259 24 305 209 330 121 170 93 220 115 201 217 65 203 207 189 206 258 106 142 72 252 253 291 77 263 180 141 182 203 345 63 247 138 138 248 109 77 244 122 169 64 265 251 101 179 202 224 255 233 34 77 98 76 344 209 86 20 158 150 89 249 201 102 276 220 261 194 218 302 246 166 156 186 250 273 152 166 190 65 249 254 129 215 102 99 249 156 98 211 112 132 134 110 126 219 226 94 303 219 158 137 278 278 95 224 165 129 169 166 253 203 146 129 40 198 151 137 292 247 303 121 54 168 269 77 169 54 258 261 214 274 166 59 158 266 213 180 300 169 199 246 164 126 73 151 149 133 291 219 246 11 153 224 102 96
 56 215 33 153 250 300 124 152 307 241 208 225 291 286 164 188 140 154 47 226 104 195 115 1 339 98 137 177 104 229 47 29 187 100 67 164 153 169 163 127 200 74 178 130 162 151 222 234 241 261 100 134 143 63 240 209 183 177 97 151 215 70 185 8 246 187 210 189 30 165 15 237 73 251 319 115 300 275 78 173 128 90 192 232 249 200 63 107 306 294 79 199 80 152 214 150 138 75 244 57 137 191 250 73 144 52 210 225 128 155 204 152 194 313 138 272 275 153 91 131 215 56 231 151 163 123 300 299 345 193 101 188 120 106 99 257 170 308 310 152 93 212 185 65 138 155 270 200 172 161 176 126 70 308 362 151 228 39 54 304 222 135 290 66 56 52 235 149 211 66 88 248 205 152 130 186 123 180 361 322 164 96 91 159 194 249 284 195 212 143 165 264 290 329 238 96 68 205 166 273 50 277 249 170 216 148 243 137 215 162 154 243 70 119 166 165 102 200 44 220 165 195 322 285 53 53 235 300 182 232 88 114 269 125 266 316 179 35 145 102 249 65 220 171 211 233 101 262 233 163 222 93 164 153 309 224 223 120 180 157 224 137 202 149 304 138 230 149 44 230 256 129 314 272 210 121 213 178 204 117
 364 347 352 200 91 134 394 193 120 127 354 120 54 56 242 152 277 218 365 306 438 183 319 339 1 258 471 184 440 188 332 364 243 394 391 244 272 497 300 213 290 324 335 454 461 216 144 355 324 115 341 402 267 394 101 355 193 276 262 327 134 372 231 338 148 389 282 299 313 440 350 348 407 169 348 229 57 149 399 316 297 420 274 207 91 315 380 444 60 97 401 229 390 202 138 220 219 377 122 282 235 159 159 320 331 293 130 139 456 185 327 188 156 246 275 326 179 359 428 210 152 385 126 301 314 342 74 223 18 211 262 255 318 417 321 108 362 282 275 483 362 188 229 285 390 313 70 309 263 337 491 214 348 288 26 377 133 376 296 118 353 244 97 275 347 324 149 331 371 358 378 97 197 271 351 359 412 279 26 348 241 324 264 464 278 95 198 249 228 264 314 169 164 26 113 433 296 138 278 77 384 309 150 284 161 347 361 267 316 223 309 219 271 298 430 189 238 240 381 121 230 387 18 148 324 391 176 43 403 108 426 225 256 456 74 337 175 312 348 304 247 401 251 259 314 312 367 234 163 252 159 279 307 360 244 194 165 377 166 367 115 470 332 193 281 351 177 441 321 204 289 211 31 124 170 311 177 199 391 235
 145 162 124 112 176 252 205 100 255 148 251 157 207 204 73 118 65 132 140 154 200 159 162 98 258 1 232 82 198 200 76 116 98 137 162 161 166 266 191 62 126 133 129 227 255 126 129 180 266 168 163 215 154 159 165 162 150 99 98 105 127 158 175 94 150 249 132 120 85 251 103 179 155 214 338 35 229 231 174 116 69 166 204 137 170 136 157 196 217 235 145 106 172 113 124 53 109 164 187 55 124 102 210 63 191 47 133 133 224 84 145 84 104 299 154 292 242 128 177 54 121 153 140 89 107 181 210 280 261 173 10 190 79 200 71 197 225 306 306 249 107 115 174 34 214 100 192 133 180 118 272 60 91 309 279 218 136 129 45 251 262 128 231 42 90 116 140 107 260 101 121 178 109 73 190 237 211 195 278 340 160 150 8 253 207 164 257 194 120 60 108 228 251 253 150 189 39 138 90 187 134 290 204 189 120 117 281 55 242 145 96 227 64 62 249 121 41 194 140 138 70 255 242 241 67 147 138 223 251 152 179 59 264 221 186 331 129 64 200 57 243 161 133 86 145 255 177 250 136 164 178 111 104 129 295 128 182 195 122 135 148 233 146 68 303 115 196 240 107 208 266 73 238 220 114 161 177 81 263 93
 111 309 119 276 381 414 123 279 424 377 243 353 425 420 293 320 262 268 107 334 34 310 184 137 471 232 1 312 36 336 164 117 313 153 82 262 240 41 233 260 313 158 276 39 87 267 358 326 294 397 156 125 236 77 370 299 298 296 214 252 350 106 284 140 381 198 326 300 159 122 129 332 89 361 369 251 428 387 76 279 244 92 271 362 381 305 94 49 441 416 115 327 90 275 349 283 259 103 367 192 249 327 363 189 197 187 342 361 24 287 305 285 329 399 228 326 380 238 69 266 350 87 366 263 269 173 435 392 478 299 233 276 228 72 209 381 200 381 386 21 176 345 285 199 143 263 401 307 260 258 69 259 168 380 494 169 364 104 188 421 259 243 413 201 158 150 370 249 236 155 156 378 337 274 170 218 101 258 494 372 264 168 225 78 270 384 383 284 340 268 271 373 398 458 373 47 197 334 285 408 103 338 364 247 351 239 277 262 272 271 263 339 200 236 135 288 237 292 93 354 295 208 454 397 173 85 368 430 181 365 58 247 351 19 398 369 303 169 186 220 334 73 343 294 317 291 133 351 367 257 339 200 273 238 395 356 338 138 308 238 356 7 302 284 377 227 340 96 152 332 325 261 445 390 344 193 327 312 215 239
 218 180 200 111 113 210 271 94 209 67 288 107 132 130 64 76 94 140 215 150 280 146 212 177 184 82 312 1 278 184 157 197 76 212 239 177 194 345 224 73 125 194 159 305 327 134 48 193 288 87 222 280 182 238 105 185 143 104 140 146 52 230 182 174 71 299 123 130 158 319 184 188 236 189 349 66 166 197 250 140 114 247 223 81 103 147 232 277 138 184 225 71 246 113 48 36 121 236 144 125 144 29 182 140 237 126 77 51 303 64 159 67 31 286 187 308 217 177 259 58 39 231 61 121 136 234 129 263 185 171 83 205 134 274 138 148 273 303 300 328 180 49 181 114 275 133 124 142 200 157 349 72 168 307 203 273 56 210 126 205 296 152 180 114 170 184 60 150 301 180 197 121 48 91 244 280 281 218 202 350 175 206 90 327 227 90 237 205 80 82 136 202 220 183 73 270 120 94 101 109 215 300 173 216 40 165 312 84 267 154 129 219 124 114 314 113 83 202 220 72 51 303 169 206 148 228 67 154 306 87 260 84 262 301 117 340 111 144 250 121 242 241 104 85 151 275 242 243 59 184 152 159 130 178 282 65 159 257 96 185 89 313 163 45 300 169 177 311 176 198 275 82 168 179 36 208 159 22 310 120
 87 276 91 248 351 390 118 250 399 343 237 324 393 388 258 289 227 243 80 300 16 285 166 104 440 198 36 278 1 313 129 82 278 122 58 241 221 75 218 228 279 135 242 53 103 241 324 293 285 363 140 123 215 49 340 266 273 261 187 218 317 86 263 106 347 196 291 265 128 131 95 299 55 337 362 218 399 363 57 245 209 61 255 327 350 271 71 24 408 389 82 291 73 247 316 249 231 85 340 159 224 294 339 154 184 153 311 328 40 256 271 254 296 383 208 317 358 205 38 234 316 59 333 228 235 159 402 374 447 276 199 257 193 67 174 354 193 368 372 55 142 310 264 165 139 228 371 273 241 224 96 228 133 367 463 164 331 69 154 396 253 219 386 169 123 124 336 215 232 120 123 348 303 239 159 212 99 242 463 365 242 149 190 95 254 352 363 266 305 233 237 350 375 429 341 12 163 305 250 376 68 327 339 231 317 206 272 227 261 247 228 319 170 201 142 260 205 273 60 322 260 206 423 373 138 51 334 400 182 333 23 216 335 33 367 361 275 135 176 184 317 40 308 259 283 280 120 333 333 237 313 175 239 205 379 321 313 130 279 206 326 39 268 252 364 194 317 105 124 310 312 230 415 365 310 176 302 277 214 211
 227 353 226 89 121 82 233 102 94 191 168 97 170 163 240 110 255 76 234 330 306 42 157 229 188 200 336 184 313 1 248 256 257 318 257 75 100 351 121 139 304 179 324 309 302 80 188 369 138 201 184 238 102 265 117 355 51 279 133 303 160 231 54 231 218 208 304 305 200 273 243 365 300 27 176 168 132 54 261 308 266 317 90 259 133 323 244 325 198 99 306 254 247 88 165 202 96 234 70 183 93 163 33 252 158 205 121 185 316 127 333 125 163 103 110 144 47 326 315 152 189 255 175 283 301 176 204 82 203 38 208 73 278 270 268 82 183 121 118 343 295 226 53 207 223 295 137 318 85 316 336 142 273 126 213 204 181 265 212 93 167 96 97 185 265 191 209 305 186 278 302 107 229 258 183 177 255 97 212 177 73 170 202 306 93 156 59 65 263 245 302 38 63 165 166 310 224 98 273 173 277 130 40 104 201 315 174 243 129 68 291 38 165 260 260 80 160 56 261 137 227 205 175 63 244 272 235 149 225 131 306 142 82 319 142 166 76 218 175 256 66 277 287 260 328 125 211 61 220 81 37 140 296 327 99 242 30 214 89 334 120 333 336 149 118 313 12 281 193 18 107 128 158 68 205 148 26 205 207 116
 101 169 79 164 247 311 170 158 317 223 250 225 281 278 130 187 100 173 92 182 134 210 156 47 332 76 164 157 129 248 1 50 151 71 107 191 185 201 201 125 157 116 132 166 203 169 203 188 279 242 144 179 174 99 236 163 199 136 121 105 201 115 211 40 223 232 168 145 62 210 42 191 81 267 357 104 299 288 119 128 85 91 226 200 242 155 107 124 292 300 70 164 124 164 199 124 153 121 251 65 159 176 265 28 186 44 205 207 160 152 158 150 179 340 171 310 293 107 104 123 195 96 215 107 118 167 284 323 336 215 75 218 75 147 53 262 214 339 340 182 52 184 210 48 184 110 264 155 203 115 213 123 28 340 353 197 211 62 39 313 264 159 296 65 18 94 213 103 255 31 55 248 176 113 174 230 168 214 352 359 191 138 69 199 227 239 305 224 177 105 120 281 306 325 224 119 38 205 125 261 62 312 261 205 194 102 284 99 253 184 109 268 84 76 212 175 99 227 77 212 133 240 315 298 10 81 207 295 228 225 108 115 298 156 259 352 187 31 189 59 277 95 181 132 167 270 147 288 208 191 234 123 120 108 335 194 237 166 185 112 220 166 157 140 335 93 247 192 84 252 290 132 310 282 186 160 229 152 249 133
 63 213 44 181 276 327 130 179 335 263 226 251 316 311 178 215 149 182 52 229 86 223 136 29 364 116 117 197 82 256 50 1 199 81 60 190 178 153 186 152 205 95 177 118 156 179 244 231 263 283 117 139 168 51 265 205 211 184 125 150 238 75 212 28 266 200 217 193 58 166 16 235 46 278 341 138 327 302 72 175 133 62 217 247 274 202 63 82 329 322 53 212 80 180 236 168 166 80 272 83 165 214 278 76 163 73 235 247 112 180 204 178 217 340 163 294 303 146 65 155 236 49 253 155 165 141 323 326 370 220 118 213 121 100 100 284 186 333 335 134 82 229 212 84 147 157 295 202 198 159 165 151 63 333 387 164 250 14 73 332 240 162 318 90 50 74 255 148 227 54 71 275 221 161 146 203 124 204 386 344 191 116 109 151 218 274 311 221 225 154 167 292 318 355 261 73 81 231 174 297 22 300 276 194 236 143 261 148 237 190 156 270 98 125 170 193 127 226 29 245 180 209 347 312 58 33 253 326 193 257 64 140 295 108 291 338 206 55 162 108 274 47 230 181 214 255 112 288 251 189 250 119 167 146 335 240 251 130 207 149 250 118 202 173 329 132 258 146 68 257 280 156 340 300 229 142 241 196 217 145
 239 107 217 178 185 285 301 161 284 116 343 181 191 191 25 151 53 205 232 75 284 218 257 187 243 98 313 76 278 257 151 199 1 184 253 240 252 350 280 130 51 229 94 315 348 199 101 119 351 130 259 311 240 247 178 114 213 35 188 91 120 252 249 182 99 345 48 58 180 347 189 113 228 264 416 108 235 273 265 75 74 233 286 53 172 75 249 271 188 257 209 17 265 180 115 60 184 258 219 152 204 103 257 126 285 140 151 106 310 133 87 135 104 360 243 374 292 123 251 114 93 242 120 66 75 276 176 337 240 241 91 270 95 292 109 223 320 375 372 332 151 56 248 126 310 75 192 69 262 98 362 128 150 379 256 314 112 212 135 279 352 211 253 139 157 212 95 96 353 163 172 194 46 42 286 330 306 279 256 418 238 246 103 345 290 155 311 271 28 47 74 277 295 247 134 268 121 169 39 167 211 368 248 275 83 112 370 53 328 219 72 291 160 81 345 182 126 269 226 144 33 350 229 281 142 231 73 220 348 158 257 136 333 306 183 408 183 153 295 96 313 245 36 22 76 338 274 315 83 246 227 205 67 124 355 55 233 291 170 130 162 315 91 111 372 120 251 334 203 270 343 142 232 253 74 255 233 55 357 176
 142 158 124 234 312 381 207 227 386 277 305 292 342 339 169 253 133 243 130 187 133 280 214 100 394 137 153 212 122 318 71 81 184 1 132 259 251 193 263 193 170 173 126 172 219 239 258 174 341 296 196 215 240 119 301 147 269 158 189 106 261 153 279 95 271 279 184 156 125 237 87 180 69 337 419 170 365 358 143 132 111 62 291 236 306 158 139 105 350 368 41 199 154 234 258 177 223 157 319 135 228 236 335 75 242 114 270 262 160 218 156 218 238 409 236 372 363 86 85 189 249 122 272 123 124 220 340 393 396 284 133 285 90 168 78 330 265 406 407 173 34 229 279 116 225 119 328 160 270 109 217 191 48 406 413 243 267 83 108 383 320 228 365 135 54 151 263 101 307 41 17 314 220 143 225 283 197 279 413 421 259 195 132 212 292 299 375 291 211 142 126 351 376 389 283 111 101 272 149 320 71 376 331 269 245 90 341 138 315 253 120 337 154 106 243 245 167 295 101 275 177 288 377 368 76 96 252 359 271 289 100 184 366 153 322 415 257 101 242 94 345 107 206 163 169 332 191 357 255 259 304 189 130 86 404 235 307 208 253 86 285 157 152 204 401 77 317 214 143 322 355 200 374 351 237 220 299 203 297 202
 30 272 41 195 301 334 76 199 344 302 187 273 346 341 230 240 205 187 26 288 51 230 110 67 391 162 82 239 58 257 107 60 253 132 1 184 164 108 162 182 263 78 236 66 97 186 284 291 232 322 84 84 158 15 290 264 217 241 133 209 273 30 206 72 309 152 274 251 82 107 66 295 71 281 310 176 347 307 13 234 191 88 198 298 302 261 14 74 363 335 96 264 23 194 273 214 178 30 286 115 169 251 283 134 130 116 263 286 67 209 263 206 254 326 151 264 301 205 72 189 276 12 291 213 224 105 358 317 398 219 166 200 180 41 159 300 144 312 316 94 140 277 207 130 95 216 321 261 184 218 111 181 123 312 415 117 289 52 119 341 202 163 332 127 109 69 298 207 185 113 127 297 270 217 107 162 66 185 414 312 185 92 155 93 198 305 306 208 278 208 226 293 319 378 296 57 133 254 230 330 63 273 283 174 279 202 223 202 207 191 215 262 122 182 112 207 160 216 34 275 230 162 374 317 115 38 300 350 141 285 57 169 278 66 318 308 222 101 124 165 260 31 285 236 273 226 67 276 296 180 258 119 226 205 322 289 258 81 227 208 277 80 261 208 308 191 260 87 71 253 257 181 365 310 273 119 246 242 170 158
 155 322 156 67 161 156 159 85 167 209 118 131 214 207 218 120 223 38 162 309 233 62 83 164 244 161 262 177 241 75 191 190 240 259 184 1 28 277 57 111 281 107 289 234 228 44 199 339 112 224 110 165 27 193 153 321 53 254 71 264 174 157 24 167 231 146 284 278 135 201 178 338 232 101 179 136 191 128 187 275 228 250 47 257 170 294 171 254 240 166 242 241 173 66 177 181 58 160 124 128 38 166 105 201 88 151 141 198 242 115 304 111 167 151 36 134 119 283 245 127 196 183 193 249 266 103 241 137 257 39 170 31 236 196 221 139 118 150 150 269 241 224 24 157 151 260 182 291 25 277 262 113 217 151 270 134 196 197 159 165 123 34 163 133 207 121 220 266 134 220 244 151 224 229 111 117 181 43 269 181 4 95 160 233 51 186 124 35 253 216 268 112 137 225 189 238 174 120 246 209 210 130 108 43 206 273 137 212 91 26 256 81 109 221 189 70 121 37 191 159 208 145 229 137 189 202 240 203 160 160 235 107 109 245 183 171 80 160 105 212 87 206 274 237 302 99 136 99 228 9 88 72 263 283 147 241 85 141 95 290 148 259 305 134 146 268 81 208 124 71 106 99 215 137 207 74 72 195 149 68
 136 327 140 88 188 181 133 105 193 231 96 157 240 233 229 143 230 60 144 318 212 89 59 153 272 166 240 194 221 100 185 178 252 251 164 28 1 253 32 124 290 88 293 211 202 65 220 345 101 247 86 139 14 175 179 326 80 263 70 267 196 136 47 157 252 119 294 285 127 174 167 344 218 126 174 146 219 154 166 281 232 236 41 274 196 302 151 236 265 193 230 255 152 86 199 194 74 139 151 126 51 186 131 198 61 149 165 219 220 133 310 129 187 164 16 128 142 283 229 141 217 165 215 254 271 76 266 153 284 65 175 37 237 172 221 166 91 156 158 246 236 242 49 157 124 264 209 299 21 280 237 126 212 157 297 107 218 183 157 192 103 43 190 134 201 106 240 268 110 213 237 178 240 237 84 92 155 30 296 177 32 73 164 207 43 211 144 45 267 224 273 136 161 252 213 220 174 145 254 234 197 128 135 23 226 274 119 220 77 51 261 99 108 224 162 93 129 53 175 183 221 119 256 162 184 186 258 230 133 185 218 117 118 223 210 169 105 155 78 214 98 188 287 247 310 89 112 113 247 21 116 64 269 284 160 258 112 115 119 289 173 237 311 150 152 268 107 181 111 93 106 114 242 164 226 49 99 210 124 77
