NAME : domp220p55v8
COMMENT : (Deleplanque et al.) 
TYPE : DOMP
DIMENSION : 220
DISPLAY_DATA_TYPE: NO_DISPLAY
OPEN_FACILITIES : 55
COST_SECTION
 1 243 66 258 298 133 134 148 300 294 293 60 63 171 288 233 345 86 379 139 267 106 277 127 287 226 198 314 122 182 228 317 161 85 138 194 119 194 149 334 145 22 384 150 198 63 138 38 262 146 254 131 256 224 241 67 185 11 258 244 40 107 232 193 68 67 236 261 202 97 40 226 322 379 343 248 132 281 57 196 194 199 135 265 85 218 320 286 231 248 274 291 101 294 187 90 234 150 255 76 88 111 137 52 101 278 178 171 121 253 312 99 53 185 271 257 260 188 112 246 206 279 276 130 65 262 155 168 123 256 315 159 259 54 65 328 237 262 165 224 287 120 301 333 314 196 235 268 109 119 62 65 140 78 259 223 139 322 313 155 346 286 164 180 272 113 295 182 176 204 182 76 228 129 149 244 273 185 57 102 93 18 242 213 170 206 41 265 205 296 79 187 229 118 39 220 97 224 283 347 30 299 211 26 245 254 88 93 96 199 218 197 250 219 138 286 196 185 116 80
 243 1 269 327 457 364 338 211 365 131 329 198 305 117 174 76 255 158 324 365 25 345 225 118 241 113 107 344 130 311 62 475 354 320 120 371 147 104 341 315 257 223 302 313 322 290 373 274 130 268 191 320 35 29 249 307 327 237 234 62 210 214 252 162 292 300 138 273 223 327 241 282 465 293 337 34 313 285 244 276 241 96 304 380 279 366 264 344 156 173 319 234 249 282 59 179 51 95 39 318 189 348 296 244 342 226 367 254 361 325 347 286 229 135 410 202 365 380 194 173 195 382 383 138 306 408 351 318 130 426 459 205 192 280 305 483 108 20 256 286 241 159 402 300 463 61 76 213 331 341 296 179 186 245 401 51 172 436 390 379 262 268 303 197 229 345 154 331 361 118 276 175 404 341 104 427 427 180 195 344 332 259 152 54 323 264 268 114 39 188 201 298 22 318 216 206 166 128 251 344 216 247 336 232 87 120 214 325 172 76 188 92 243 100 218 329 78 61 355 189
 66 269 1 322 349 98 181 211 364 341 358 74 82 220 342 275 404 124 442 97 293 87 338 163 349 275 246 378 166 244 267 368 210 61 182 245 170 241 199 398 209 70 445 208 260 110 160 42 311 210 313 184 274 255 304 62 245 75 320 255 98 171 296 250 29 45 289 325 265 132 104 290 375 439 408 266 188 345 121 260 258 244 193 325 143 275 381 350 286 304 339 352 165 358 210 146 271 176 272 88 147 132 197 26 113 338 226 236 133 317 377 157 41 238 327 316 322 235 174 302 267 340 337 180 69 317 203 228 140 306 369 221 317 105 63 379 285 285 230 288 349 118 362 397 366 232 276 328 64 158 44 101 201 33 316 238 198 381 376 187 406 349 226 241 333 81 345 241 227 254 247 97 278 173 190 291 326 244 112 104 79 57 296 228 229 271 30 312 232 351 71 250 252 169 100 281 105 275 345 411 71 360 272 90 288 303 152 127 151 210 278 242 313 265 202 350 237 217 99 81
 258 327 322 1 165 354 187 134 45 260 48 288 267 214 209 259 196 255 178 366 340 319 145 258 137 222 221 65 237 88 269 177 169 315 234 148 214 224 167 118 114 261 206 131 76 226 257 285 228 113 161 165 359 299 87 293 99 249 117 372 235 162 80 166 316 305 203 74 105 233 219 46 157 207 113 355 155 80 202 65 89 232 143 71 185 105 152 29 182 175 33 149 158 100 308 206 281 288 362 275 198 258 134 307 274 144 166 92 277 5 62 173 304 194 113 152 52 171 171 174 134 63 66 215 284 119 174 112 299 158 152 133 163 226 290 181 232 343 96 44 137 327 79 132 161 270 260 149 348 217 301 261 158 333 110 349 171 114 65 231 190 106 105 133 134 338 237 106 157 211 76 283 157 198 246 177 140 148 230 290 307 266 193 341 114 66 294 246 306 203 314 74 331 181 230 126 304 207 121 113 264 144 73 235 256 232 179 236 207 345 145 236 100 231 135 38 251 282 320 306
 298 457 349 165 1 334 169 248 162 416 203 350 271 341 369 399 360 339 332 349 474 304 308 361 302 367 357 210 341 147 407 20 140 313 345 106 318 358 151 275 201 312 365 156 137 240 214 308 381 191 319 169 485 429 246 297 132 295 278 490 298 251 237 306 331 315 353 238 250 221 267 197 36 368 262 479 168 244 252 188 226 366 169 96 216 92 316 173 333 330 194 313 222 264 423 295 418 393 487 271 284 232 172 346 255 307 124 206 245 164 205 202 350 328 53 311 114 116 268 329 281 108 103 325 288 52 147 144 389 45 32 254 322 247 295 31 379 476 202 191 302 405 106 292 23 397 401 311 345 195 312 335 272 373 60 466 286 85 144 179 354 270 157 267 297 326 396 130 123 350 184 355 73 178 360 65 31 285 302 271 298 297 345 456 140 206 320 398 428 365 374 161 455 182 290 277 379 353 286 259 319 308 124 285 401 383 258 226 299 453 295 369 261 372 241 194 381 403 299 371
 133 364 98 354 334 1 177 270 391 426 396 168 90 303 419 363 472 213 499 16 389 35 403 254 411 358 329 416 252 268 357 351 204 49 268 239 251 325 199 448 251 149 508 225 282 131 121 96 394 247 383 193 370 349 359 69 262 142 381 352 172 230 348 323 74 68 368 376 323 124 159 332 365 504 454 362 201 395 171 300 310 330 212 337 171 281 443 382 362 378 377 417 209 411 306 221 363 270 369 80 218 104 221 121 83 403 218 281 90 349 414 182 136 317 327 384 339 222 240 375 333 355 351 262 76 315 197 246 236 291 360 282 387 134 72 362 369 381 274 329 411 215 375 451 354 323 365 395 37 146 73 190 268 127 316 335 269 385 397 156 472 405 250 305 397 21 426 255 222 336 285 190 265 166 279 270 317 313 189 66 48 116 374 325 245 316 99 397 327 426 168 280 348 176 171 345 201 356 405 456 154 423 291 154 376 386 212 120 227 307 346 328 370 350 258 387 325 310 37 178
 134 338 181 187 169 177 1 154 220 343 233 190 104 234 314 301 344 194 351 191 360 144 275 226 278 278 257 251 210 101 303 188 30 148 220 66 193 256 23 295 112 150 370 58 112 73 72 140 306 102 267 27 360 313 217 130 90 132 247 357 144 131 206 223 163 147 276 227 193 55 109 177 197 368 295 353 38 245 99 147 172 264 52 162 61 105 306 213 261 270 215 287 94 263 292 161 312 256 361 105 150 75 64 180 94 275 47 139 93 182 248 53 185 233 152 264 165 56 149 267 215 180 176 202 120 141 24 76 242 126 190 167 271 81 127 199 291 358 131 173 278 249 199 303 187 281 303 271 181 32 145 182 169 205 142 333 179 210 223 51 341 261 86 190 266 165 332 83 48 257 132 200 98 13 236 112 147 205 153 112 135 130 275 323 73 168 152 317 303 317 212 118 330 21 136 221 224 269 267 297 158 289 118 125 308 303 126 60 167 314 231 265 232 278 142 223 271 279 142 212
 148 211 211 134 248 270 154 1 178 190 157 162 182 95 162 156 204 123 233 279 228 237 134 126 142 128 112 177 104 101 162 265 159 224 103 168 81 113 148 188 50 143 239 111 112 145 213 183 153 61 118 130 239 183 94 203 118 138 112 247 115 42 86 70 214 209 123 116 55 171 113 91 256 235 199 234 120 136 100 72 51 121 107 174 110 157 174 159 108 117 140 148 67 148 181 75 173 157 241 195 69 199 97 192 206 135 169 46 218 131 177 108 184 84 201 117 160 181 41 115 65 179 179 84 195 198 159 112 166 218 250 14 122 139 199 273 141 229 47 92 142 195 201 187 254 151 158 127 253 171 204 133 27 214 191 223 41 232 197 204 204 139 96 38 128 251 179 123 161 108 68 153 198 162 117 222 218 51 105 218 224 161 122 214 117 70 188 165 183 166 188 89 210 136 112 76 173 117 137 204 144 154 126 123 160 151 61 172 75 215 80 123 103 130 14 152 134 158 243 178
 300 365 364 45 162 391 220 178 1 289 47 332 307 255 235 295 207 299 172 404 377 357 167 301 157 258 259 49 280 125 306 169 198 354 276 172 257 263 199 115 157 304 206 167 111 265 289 327 259 155 190 200 398 338 119 333 131 292 143 413 279 206 115 205 358 346 237 99 145 269 262 88 144 209 101 394 191 96 245 109 131 270 180 74 226 126 163 22 216 205 49 168 201 112 350 250 318 331 401 314 242 293 172 351 310 167 192 137 311 49 44 213 347 233 114 180 61 195 215 205 172 56 62 258 323 124 205 147 343 166 141 176 191 266 330 170 267 381 140 87 157 371 58 134 151 310 296 174 387 251 342 306 202 376 115 390 215 92 27 260 199 122 143 174 158 377 264 138 184 249 120 327 172 232 289 189 142 188 274 327 346 308 225 382 148 109 336 278 346 227 358 115 370 217 273 161 348 242 141 98 307 160 103 278 291 265 223 273 251 387 180 275 129 268 180 41 290 323 357 350
 294 131 341 260 416 426 343 190 289 1 245 270 348 124 58 72 131 219 204 431 125 399 124 181 138 70 98 255 177 279 84 431 348 378 161 353 176 102 337 209 237 279 176 299 285 320 397 331 38 248 101 319 162 117 174 360 298 285 146 191 255 217 182 121 357 359 68 191 168 352 275 221 414 167 232 163 309 196 269 230 192 98 296 326 293 332 150 268 86 87 241 128 252 184 164 208 88 182 166 362 213 378 286 316 380 125 357 218 396 260 258 294 303 114 364 110 308 369 200 88 138 321 324 165 356 366 348 296 219 395 409 178 98 311 357 436 58 135 225 226 138 256 337 190 416 120 71 116 399 357 354 241 176 327 357 179 168 373 314 392 139 171 280 157 133 406 29 304 348 92 238 249 380 349 153 404 387 141 238 388 385 311 72 179 301 211 330 31 144 69 284 261 149 324 257 140 251 76 152 240 274 139 295 274 57 42 228 352 201 197 123 101 161 77 202 248 108 141 407 271
 293 329 358 48 203 396 233 157 47 245 1 318 309 223 190 256 161 279 132 408 338 362 122 276 111 219 224 22 255 133 269 212 216 356 249 196 233 228 214 73 150 294 163 177 123 267 304 323 217 151 147 210 362 302 81 334 145 285 100 379 267 192 80 171 355 345 196 57 114 277 255 69 189 166 65 359 200 50 239 99 107 235 187 110 227 152 117 31 176 163 20 122 194 66 319 231 280 303 365 318 225 303 177 342 318 122 213 123 322 52 21 215 336 199 153 137 93 219 197 163 137 96 101 232 325 160 221 158 319 202 185 152 148 266 331 214 227 344 129 71 111 350 103 90 195 276 257 130 388 263 341 289 178 366 152 357 190 138 73 278 154 76 150 145 113 380 219 153 204 213 113 310 202 244 260 222 180 156 260 334 350 303 184 350 161 89 331 236 313 182 343 118 336 226 262 124 329 203 95 65 296 114 120 269 251 223 210 280 231 357 142 240 88 230 162 11 255 291 364 334
 60 198 74 288 350 168 190 162 332 270 318 1 118 151 275 202 342 53 386 169 222 149 278 90 291 205 176 338 95 222 195 369 215 124 111 246 104 170 203 347 176 41 385 197 238 121 196 80 242 181 250 183 205 183 254 113 229 59 265 190 55 127 247 187 95 104 221 277 214 155 84 250 371 379 360 197 183 297 99 224 213 173 182 307 135 266 323 315 221 240 300 293 137 307 140 89 198 104 204 130 94 168 182 49 156 279 232 197 176 284 337 149 34 171 318 255 299 244 123 238 209 319 317 112 114 310 210 214 70 309 364 170 254 111 112 379 214 215 193 250 291 61 341 343 364 159 204 268 135 177 100 33 146 59 307 171 139 366 348 214 344 296 206 187 275 149 276 228 230 185 213 24 282 186 118 299 323 186 59 154 138 71 230 161 216 229 72 241 160 285 27 223 181 173 62 224 39 207 290 365 33 302 253 67 216 232 110 152 92 145 218 170 260 195 156 312 164 144 160 23
 63 305 82 267 271 90 104 182 307 348 309 118 1 226 336 290 385 147 410 101 328 56 315 188 323 280 252 329 181 183 287 290 133 48 196 169 174 249 124 360 163 83 420 142 198 43 82 43 314 159 297 113 317 285 270 28 180 69 293 305 97 143 260 239 61 44 287 287 234 52 75 244 299 416 365 309 119 307 84 212 221 255 128 258 83 204 355 296 278 293 290 329 121 322 249 142 294 212 317 15 136 53 135 88 40 316 149 193 60 263 327 95 98 236 254 298 258 157 155 291 246 275 271 186 18 243 126 163 184 228 293 195 301 45 25 301 292 323 185 241 323 177 296 363 290 256 292 308 82 78 42 127 183 111 243 285 185 310 314 107 385 316 165 218 309 73 346 174 151 257 197 136 200 95 209 211 250 227 114 41 43 48 291 274 163 228 56 319 267 342 131 194 291 96 93 257 155 275 316 368 91 335 208 76 301 307 126 47 149 260 259 254 282 274 171 300 254 246 62 136
 171 117 220 214 341 303 234 95 255 124 223 151 226 1 125 68 197 99 252 308 134 276 142 69 157 56 28 241 57 195 70 359 245 255 42 259 53 24 233 226 143 156 243 201 206 200 280 208 93 154 109 212 147 89 144 237 212 162 139 159 132 105 144 54 234 236 71 169 111 234 153 169 349 236 244 142 204 185 150 160 127 31 194 264 178 251 187 234 74 95 210 155 141 187 97 85 80 86 150 240 92 259 185 196 259 143 257 138 276 212 242 182 183 27 294 117 250 270 86 93 88 267 268 42 233 292 244 204 114 311 343 89 112 191 234 367 67 135 140 172 157 151 288 216 347 58 70 130 276 242 231 120 71 209 285 136 58 321 278 279 201 174 189 83 142 283 126 216 250 35 160 131 291 238 43 314 311 68 115 266 262 188 81 128 209 150 207 95 93 136 169 182 118 214 134 102 139 57 161 251 152 166 219 152 77 84 111 234 78 135 87 32 142 49 103 221 41 69 284 156
 288 174 342 209 369 419 314 162 235 58 190 275 336 125 1 102 82 222 152 425 174 389 68 192 82 76 103 199 181 240 117 383 315 371 166 315 173 109 306 153 204 275 130 266 242 303 374 325 45 215 52 289 208 154 124 351 259 278 94 234 249 196 133 98 354 353 55 138 127 331 262 173 365 121 176 207 279 140 253 188 151 109 265 277 271 289 95 214 58 46 187 71 228 128 194 199 125 201 211 349 202 359 254 318 364 69 322 181 377 209 203 269 306 105 317 59 259 333 182 48 101 271 274 164 345 319 316 259 235 352 360 149 48 295 348 388 73 183 188 179 82 273 285 134 367 146 102 62 395 332 348 244 155 333 311 218 151 321 260 364 89 116 243 126 78 399 31 265 313 92 197 255 339 322 164 363 341 112 233 374 375 304 47 215 264 167 326 61 177 15 293 220 189 297 250 97 263 70 97 183 272 83 251 265 89 56 211 332 193 231 84 114 110 90 175 194 127 166 396 280
 233 76 275 259 399 363 301 156 295 72 256 202 290 68 102 1 183 152 250 367 83 338 149 113 165 38 45 271 112 255 16 416 311 316 96 323 117 46 299 240 205 215 230 265 264 267 347 269 58 216 116 279 111 53 177 299 273 224 160 134 194 171 181 95 292 296 63 200 155 301 218 215 404 222 262 109 270 211 216 214 177 38 259 316 246 310 189 273 82 98 247 159 208 207 95 151 26 111 114 304 158 326 250 250 325 150 322 195 342 257 273 249 235 73 350 126 300 335 152 98 125 317 318 106 296 349 310 267 148 372 398 147 117 257 296 423 33 89 199 219 165 185 335 225 403 49 3 138 334 310 292 175 135 258 342 117 123 370 320 347 190 193 251 133 154 344 87 278 315 50 217 180 353 305 86 377 370 116 178 330 324 249 77 114 272 199 266 46 76 116 215 240 89 281 198 135 181 54 176 269 210 171 276 215 16 46 178 300 144 131 116 38 170 29 166 257 39 70 347 202
 345 255 404 196 360 472 344 204 207 131 161 342 385 197 82 183 1 291 75 481 253 440 71 265 67 155 179 162 251 254 198 371 337 425 238 329 239 185 331 99 234 336 48 289 251 348 410 382 126 243 93 318 288 235 128 405 272 335 98 315 308 243 140 156 413 409 131 127 154 372 314 176 348 40 121 288 307 117 303 201 173 187 293 266 311 294 45 190 124 104 167 58 268 98 274 259 206 279 292 398 259 399 281 382 408 71 341 206 419 198 166 306 371 173 309 89 247 350 234 105 141 254 259 231 397 314 341 277 310 352 344 191 89 342 401 374 153 263 214 182 67 348 263 78 354 226 183 78 453 367 404 310 206 399 305 299 208 297 231 394 10 92 263 168 79 453 104 280 331 167 215 325 346 353 239 369 335 162 294 420 426 360 118 296 282 179 385 142 258 68 362 234 270 329 307 129 335 145 80 128 334 57 256 321 170 138 261 373 255 312 128 192 113 169 216 169 206 246 446 350
 86 158 124 255 339 213 194 123 299 219 279 53 147 99 222 152 291 1 338 216 182 189 229 42 242 153 123 299 43 201 146 358 214 166 59 240 53 118 202 302 149 66 334 185 216 136 217 119 190 156 200 180 173 139 210 151 212 79 217 165 54 96 205 137 141 146 169 234 170 172 87 213 356 328 316 165 176 254 95 191 173 122 172 284 134 250 274 280 169 189 262 243 118 261 104 50 151 67 173 161 59 192 168 99 185 230 230 164 204 251 299 144 85 119 302 205 274 243 85 187 162 293 292 61 149 295 211 198 51 301 350 128 203 125 149 368 162 177 161 214 242 73 316 296 351 112 154 218 183 189 142 24 102 111 291 143 93 343 317 228 294 250 187 141 226 193 223 212 226 133 183 35 276 193 67 296 311 138 41 187 177 102 178 132 201 192 115 189 121 233 73 197 145 174 61 177 51 154 242 322 60 253 231 76 166 180 84 170 49 122 168 119 214 143 120 274 114 100 200 61
 379 324 442 178 332 499 351 233 172 204 132 386 410 252 152 250 75 338 1 509 324 465 111 318 97 218 238 124 302 254 265 340 339 454 290 323 285 245 335 60 250 374 42 294 247 370 421 414 195 256 144 327 358 302 141 432 269 370 123 383 345 273 152 203 446 440 192 126 179 388 344 175 314 49 72 357 316 108 330 206 190 248 302 241 331 281 66 161 180 160 146 98 291 90 337 299 274 337 362 421 297 415 290 421 428 110 339 220 435 181 129 322 412 226 283 136 224 346 269 161 178 226 231 280 424 291 343 279 364 333 311 222 141 366 429 340 219 333 227 180 97 401 228 49 322 289 250 123 484 378 435 354 242 442 283 366 248 259 192 400 66 95 267 202 112 481 176 277 329 225 221 372 333 362 294 353 311 201 333 442 452 393 179 362 282 186 419 212 323 138 409 235 338 340 343 163 385 206 98 76 373 87 247 355 239 206 292 390 296 376 170 253 130 232 243 142 268 308 469 398
 139 365 97 366 349 16 191 279 404 431 408 169 101 308 425 367 481 216 509 1 389 48 411 256 420 363 334 428 256 280 360 366 219 56 272 254 256 330 213 459 262 153 517 238 295 142 136 101 399 259 391 206 369 350 369 77 275 148 390 350 178 239 358 330 75 73 374 386 332 138 167 344 380 513 465 361 214 406 180 312 320 334 225 351 183 295 452 394 368 385 389 425 220 421 306 227 365 271 368 92 225 119 233 121 98 412 232 292 105 361 426 194 136 322 341 392 353 237 247 383 341 369 365 267 86 329 211 259 236 306 375 291 395 144 81 377 374 381 285 340 420 213 389 461 369 325 368 403 34 160 78 193 276 124 331 334 276 400 410 171 481 415 262 314 406 29 432 269 236 341 297 191 279 180 282 285 332 321 194 80 60 122 380 324 258 327 102 401 327 433 167 293 347 189 177 353 201 361 414 468 158 432 304 161 380 391 220 133 233 305 354 332 380 355 268 399 329 311 51 177
 267 25 293 340 474 389 360 228 377 125 338 222 328 134 174 83 253 182 324 389 1 369 229 142 245 120 121 353 153 328 71 492 374 344 141 391 168 118 362 320 276 247 299 332 339 314 396 298 132 287 197 341 40 48 259 331 345 260 242 72 233 234 263 174 316 324 144 282 235 350 264 295 481 290 342 44 333 293 266 291 256 110 324 395 301 384 266 355 164 179 329 238 269 288 84 201 59 119 44 342 211 371 316 269 366 230 388 270 385 338 356 307 254 149 427 207 379 400 214 179 207 396 398 159 330 425 372 337 154 444 475 221 197 303 329 499 113 13 273 299 245 182 416 304 480 81 82 218 355 363 320 203 204 269 418 69 190 450 401 401 261 274 322 211 235 370 150 349 381 129 292 199 423 363 126 446 444 194 218 368 356 283 158 74 342 278 292 113 63 187 225 315 44 340 239 217 190 136 256 349 240 250 352 256 90 122 235 348 194 96 198 107 252 110 236 339 94 84 379 213
 106 345 87 319 304 35 144 237 357 399 362 149 56 276 389 338 440 189 465 48 369 1 370 231 379 330 302 382 227 233 333 322 172 27 243 207 224 298 166 414 217 124 475 191 247 96 94 71 365 213 351 159 353 327 325 40 228 115 348 338 145 198 315 293 60 46 339 342 290 90 128 298 335 471 419 345 167 361 139 266 276 304 178 304 137 248 410 347 332 347 343 384 176 377 287 193 339 250 352 45 188 73 186 106 51 371 186 247 62 315 379 147 121 288 294 353 305 191 208 345 301 322 317 235 44 283 165 211 218 261 329 250 356 100 42 333 342 362 240 294 379 202 342 417 324 300 340 363 45 113 50 167 237 119 284 319 239 353 363 128 440 371 215 273 364 23 398 221 190 308 251 171 234 133 254 241 286 281 162 34 15 89 344 309 211 282 78 369 307 396 154 246 329 142 142 312 185 327 372 422 130 390 257 125 350 358 180 86 199 292 314 302 337 323 226 353 301 288 13 163
 277 225 338 145 308 403 275 134 167 124 122 278 315 142 68 149 71 229 111 411 229 370 1 208 17 114 130 132 192 189 164 321 270 356 180 265 176 136 263 92 165 269 108 221 188 278 341 314 100 174 35 249 259 200 64 335 207 267 31 281 241 174 75 93 344 340 88 72 84 302 245 114 301 103 114 257 238 73 233 135 104 140 224 214 241 233 47 147 72 53 121 15 198 62 230 193 174 227 262 328 192 329 212 316 338 2 275 137 349 145 135 236 306 116 255 26 195 285 166 53 72 206 210 170 328 259 273 211 254 294 296 122 34 272 332 325 118 237 145 120 17 291 219 77 304 182 150 13 384 297 335 246 138 335 250 262 141 255 193 325 71 48 196 99 11 384 98 215 265 117 148 263 285 284 184 308 281 94 227 350 357 292 74 257 216 113 317 120 218 61 300 168 236 260 239 59 276 100 29 121 268 26 195 253 141 109 192 303 189 269 62 145 48 127 146 127 161 201 376 289
 127 118 163 258 361 254 226 126 301 181 276 90 188 69 192 113 265 42 318 256 142 231 208 1 223 119 90 295 23 217 105 379 244 208 30 266 46 84 231 289 163 108 310 208 231 173 256 160 155 172 177 209 136 98 201 193 230 120 202 133 93 111 198 117 182 188 138 226 163 210 124 214 374 303 305 128 204 244 128 197 172 86 197 296 166 270 254 282 142 163 260 222 141 249 67 68 110 34 136 202 78 231 191 138 225 209 259 170 244 255 296 174 124 94 319 183 284 271 94 161 147 303 303 45 191 314 241 218 47 325 368 127 180 163 190 388 127 137 170 216 223 84 325 281 370 70 115 197 223 225 183 65 101 147 308 109 88 355 322 264 269 236 205 133 208 234 189 232 253 101 192 68 301 227 29 322 331 124 78 228 218 144 149 99 222 193 156 152 81 203 104 209 107 205 98 163 72 123 226 311 101 233 245 115 127 145 105 208 63 94 150 82 202 107 127 272 75 59 241 91
 287 241 349 137 302 411 278 142 157 138 111 291 323 157 82 165 67 242 97 420 245 379 17 223 1 130 146 119 206 189 180 314 272 365 194 264 190 152 265 76 169 280 98 223 187 285 345 323 116 178 51 253 275 216 63 344 207 278 32 298 252 183 74 107 355 350 104 65 90 307 254 111 293 94 98 273 241 62 241 135 108 156 227 207 247 230 33 137 88 69 111 13 205 48 246 204 190 242 279 335 203 335 215 327 345 16 275 140 355 138 123 241 318 131 249 42 189 285 176 70 83 198 202 184 336 254 275 212 269 290 289 130 50 280 340 317 134 253 148 117 1 305 210 61 297 198 166 29 394 302 345 259 149 347 245 278 153 246 182 328 64 36 197 108 17 393 111 214 266 133 149 276 283 288 199 305 275 106 239 357 365 302 90 273 216 113 327 135 234 72 313 168 252 264 250 69 290 116 17 105 279 12 192 263 157 125 201 309 201 285 75 161 47 144 154 116 177 217 384 302
 226 113 275 222 367 358 278 128 258 70 219 205 280 56 76 38 155 153 218 363 120 330 114 119 130 1 30 234 111 224 51 383 286 310 95 294 108 36 275 204 177 211 202 239 232 252 330 263 38 188 80 255 147 87 140 292 243 217 123 169 187 150 144 62 290 291 27 163 120 285 206 179 370 194 225 144 246 174 201 180 142 34 234 282 226 279 155 237 45 62 210 125 186 170 121 139 63 126 150 294 144 310 224 250 312 115 296 163 328 221 236 228 237 47 317 90 265 308 132 62 90 281 283 97 287 316 286 238 160 341 364 118 81 243 289 390 14 126 168 183 130 198 300 190 369 72 39 102 332 290 286 175 110 263 309 149 101 335 283 326 160 156 222 101 118 338 72 248 288 24 184 184 324 284 90 348 337 83 170 319 316 243 41 145 243 164 262 41 106 89 221 208 123 259 189 98 190 17 139 232 207 137 244 206 35 29 160 284 132 159 79 39 132 15 139 220 52 92 339 208
 198 107 246 221 357 329 257 112 259 98 224 176 252 28 103 45 179 123 238 334 121 302 130 90 146 30 1 240 81 211 51 374 267 282 66 278 80 7 255 218 161 182 226 221 221 226 305 235 67 172 96 235 140 79 144 264 229 189 133 157 158 128 146 55 261 263 50 168 116 260 179 176 362 218 238 136 226 182 175 172 136 12 215 276 203 267 174 238 59 80 213 142 164 181 101 112 63 101 143 266 118 285 205 221 286 131 278 152 302 219 242 206 208 30 308 105 260 290 109 79 89 277 278 69 259 306 266 223 133 328 356 104 98 217 261 381 41 124 155 180 146 171 297 206 361 54 47 118 303 267 258 146 91 233 299 136 79 331 283 304 184 168 207 92 132 310 101 234 270 14 174 155 309 262 62 333 327 75 142 292 289 214 62 129 228 159 233 68 91 115 192 197 113 238 161 101 161 35 153 245 178 154 234 178 52 58 136 259 105 140 83 17 139 22 122 223 33 72 311 179
 314 344 378 65 210 416 251 177 49 255 22 338 329 241 199 271 162 299 124 428 353 382 132 295 119 234 240 1 274 152 284 217 233 376 268 211 253 245 232 67 170 314 158 195 140 287 322 344 229 172 159 229 378 317 97 354 163 305 113 396 288 212 99 188 375 365 210 73 133 296 275 90 192 162 53 375 219 61 259 119 127 251 206 120 247 166 119 41 190 176 41 130 215 72 336 252 295 322 381 337 245 322 197 362 338 131 229 144 341 70 6 235 357 216 161 149 104 234 217 176 154 103 109 251 345 170 239 176 339 212 189 172 160 286 351 218 241 359 149 91 119 370 106 87 199 293 272 141 408 281 361 309 198 386 161 374 209 138 71 295 154 84 169 163 123 400 229 171 220 229 134 330 215 263 278 234 189 174 280 354 370 324 197 367 179 110 352 248 330 190 364 137 352 245 283 141 349 218 104 51 317 120 136 290 265 236 231 300 251 375 158 256 103 245 183 30 272 308 383 355
 122 130 166 237 341 252 210 104 280 177 255 95 181 57 181 112 251 43 302 256 153 227 192 23 206 111 81 274 1 196 107 359 226 205 17 247 24 76 214 270 142 104 296 189 210 162 244 158 147 151 161 192 151 107 181 188 210 114 184 151 84 91 177 100 182 185 127 206 142 198 113 193 354 289 286 144 186 224 115 175 150 80 179 275 150 250 237 260 129 149 239 206 123 230 85 50 114 54 152 195 61 221 172 141 217 193 241 149 235 233 275 158 127 79 298 167 263 253 74 147 128 282 281 24 185 293 224 198 66 305 347 105 165 152 186 368 121 150 148 194 206 100 304 263 350 76 114 181 224 211 181 65 79 153 288 128 67 334 300 250 255 218 185 112 190 233 181 212 235 91 170 75 282 211 29 304 311 105 68 221 214 139 137 117 203 172 155 147 95 192 113 188 122 189 89 144 85 113 208 292 99 216 224 106 125 138 87 197 44 114 133 77 183 101 106 251 74 70 237 100
 182 311 244 88 147 268 101 101 125 279 133 222 183 195 240 255 254 201 254 280 328 233 189 217 189 224 211 152 196 1 262 165 86 230 199 77 174 213 82 196 56 189 275 45 17 142 171 205 243 46 189 78 339 283 127 209 20 175 159 345 168 108 115 163 235 223 214 131 114 146 144 81 158 274 196 333 68 147 127 54 89 221 56 85 103 56 213 115 195 197 115 198 87 167 278 153 273 249 341 190 143 171 49 233 188 189 88 62 190 83 149 90 232 183 103 184 79 97 124 195 143 98 96 179 200 99 91 26 250 118 152 109 193 143 206 174 237 329 57 75 189 270 121 206 155 251 257 187 264 130 219 201 126 259 93 321 140 144 133 147 250 166 19 125 179 253 263 27 78 206 43 223 102 112 215 125 117 143 168 204 222 188 208 311 30 77 215 258 282 239 248 21 309 94 161 144 246 211 175 197 194 198 31 162 258 243 118 150 157 309 158 223 143 228 95 124 235 256 234 243
 228 62 267 269 407 357 303 162 306 84 269 195 287 70 117 16 198 146 265 360 71 333 164 105 180 51 51 284 107 262 1 424 314 311 92 327 115 50 302 254 210 210 245 270 271 265 346 263 73 222 130 281 97 38 189 295 279 220 173 120 190 173 192 104 286 291 77 212 165 300 216 225 412 237 276 94 273 224 215 222 186 42 263 325 246 317 203 285 95 112 259 174 210 220 81 149 13 99 100 301 157 324 253 242 322 164 326 202 339 267 286 250 228 80 358 140 309 338 154 112 136 326 328 104 291 357 313 272 137 378 406 154 131 255 292 431 47 76 205 229 180 174 346 239 411 38 16 152 328 310 286 169 139 250 349 102 127 380 331 347 205 206 256 142 168 338 101 283 319 59 224 172 359 307 80 382 377 124 174 327 320 245 91 99 277 208 260 60 62 131 205 247 74 283 194 146 171 67 190 283 204 186 284 212 30 61 179 299 142 116 127 40 182 40 171 269 34 58 343 193
 317 475 368 177 20 351 188 265 169 431 212 369 290 359 383 416 371 358 340 366 492 322 321 379 314 383 374 217 359 165 424 1 159 332 363 125 337 375 170 283 220 331 374 175 154 259 231 327 396 210 333 188 503 447 260 316 150 314 292 509 317 269 251 323 350 333 369 250 265 240 286 211 30 377 269 497 187 255 271 204 242 383 189 108 235 111 327 182 348 345 205 325 241 275 442 314 436 412 505 289 303 250 191 365 272 320 142 223 262 176 212 221 369 345 68 325 126 134 287 344 296 118 113 343 306 68 166 162 408 63 30 272 336 266 313 12 395 493 220 205 314 424 112 301 19 415 418 324 363 214 331 354 290 392 76 485 304 85 149 196 364 281 175 284 310 344 410 149 142 367 201 375 91 196 379 82 49 302 321 289 316 316 361 475 158 221 339 413 446 379 393 178 473 201 309 292 399 369 298 265 338 320 141 304 417 399 277 245 318 472 310 386 275 389 259 204 398 421 316 391
 161 354 210 169 140 204 30 159 198 348 216 215 133 245 315 311 337 214 339 219 374 172 270 244 272 286 267 233 226 86 314 159 1 177 235 37 208 266 14 281 112 176 360 50 94 101 92 168 311 101 266 35 377 328 210 160 72 158 241 375 167 142 198 228 193 176 281 217 190 84 133 166 167 359 280 370 42 233 121 138 167 274 53 136 82 79 298 194 264 270 198 281 106 252 310 177 324 275 378 134 167 101 63 208 122 270 18 136 118 165 229 71 212 240 124 262 141 29 161 268 215 155 150 217 150 112 8 62 264 97 161 170 270 109 157 170 299 373 128 161 272 273 173 291 158 294 313 268 210 60 174 205 177 234 113 352 189 182 199 63 334 251 76 192 261 193 335 64 19 265 124 224 69 40 251 85 118 208 174 139 163 158 278 341 58 160 181 323 320 316 238 106 347 44 159 220 248 275 259 280 184 282 98 150 317 309 141 89 183 334 231 275 226 286 148 206 283 294 169 237
 85 320 61 315 313 49 148 224 354 378 356 124 48 255 371 316 425 166 454 56 344 27 356 208 365 310 282 376 205 230 311 332 177 1 221 213 203 278 169 405 209 102 462 189 245 90 109 48 346 206 336 159 328 304 314 23 227 94 335 312 124 183 304 275 34 21 320 332 277 94 112 290 343 458 411 320 166 352 125 258 265 283 175 305 130 251 397 343 314 330 336 370 165 367 262 173 316 226 327 44 170 84 183 80 62 357 192 238 78 310 374 142 95 269 299 337 305 199 192 328 286 322 318 214 32 288 170 210 193 270 337 236 340 91 26 343 322 338 231 287 365 176 343 407 332 277 318 348 35 119 26 144 221 94 288 293 221 356 362 140 426 360 212 259 350 29 379 221 195 288 244 146 242 138 232 251 293 266 141 48 20 69 326 283 210 273 53 349 282 379 128 241 304 143 123 298 160 308 359 414 107 376 256 107 328 338 165 89 180 266 299 281 325 303 213 347 278 264 39 137
 138 120 182 234 345 268 220 103 276 161 249 111 196 42 166 96 238 59 290 272 141 243 180 30 194 95 66 268 17 199 92 363 235 221 1 254 28 60 222 260 145 120 282 196 212 175 257 173 132 154 148 201 143 95 173 204 214 129 173 147 99 96 170 89 198 201 112 198 136 211 126 189 356 276 277 137 194 216 127 174 146 64 186 276 161 253 225 256 115 135 234 194 130 221 80 61 99 55 145 210 70 234 179 157 231 181 249 148 249 231 269 167 143 65 301 155 263 261 78 133 119 281 281 21 201 297 233 203 76 311 350 102 152 165 201 372 104 139 149 191 194 112 303 252 353 63 98 168 240 223 196 81 78 169 291 123 64 334 298 261 241 208 189 106 179 248 166 216 243 75 170 91 288 222 17 310 315 96 83 236 229 154 122 113 208 169 171 131 86 177 128 189 113 199 104 134 99 97 197 283 115 204 226 121 109 122 95 210 54 113 122 61 174 85 107 246 59 61 252 115
 194 371 245 148 106 239 66 168 172 353 196 246 169 259 315 323 329 240 323 254 391 207 265 266 264 294 278 211 247 77 327 125 37 213 254 1 227 279 46 264 119 208 348 59 79 136 124 204 316 107 265 64 396 344 202 196 58 190 235 398 195 159 191 235 228 212 286 205 189 120 163 155 132 348 260 390 65 219 149 131 165 287 70 105 112 48 287 171 268 272 179 274 125 239 331 199 338 298 398 170 188 136 76 242 157 265 23 136 152 144 207 99 245 251 88 260 113 24 178 270 217 125 119 235 186 76 44 58 290 64 125 178 269 143 193 135 307 390 129 149 264 302 141 276 122 311 324 264 246 95 210 233 189 268 78 374 202 147 170 92 325 240 74 197 255 229 338 51 19 275 119 253 37 76 270 57 82 214 201 175 199 192 282 363 53 153 216 330 339 315 270 97 366 77 187 219 277 282 250 260 215 273 77 181 327 315 162 125 204 358 233 289 218 297 158 185 298 313 204 268
 119 147 170 214 318 251 193 81 257 176 233 104 174 53 173 117 239 53 285 256 168 224 176 46 190 108 80 253 24 174 115 337 208 203 28 227 1 76 195 251 119 104 282 169 187 151 232 156 144 128 147 174 170 122 161 185 188 110 166 173 80 69 156 85 183 184 120 185 121 186 102 170 331 276 266 164 167 204 101 152 128 81 159 252 134 227 222 238 118 137 217 191 103 211 106 35 123 77 172 189 44 210 152 146 209 177 222 125 226 210 253 140 134 69 276 153 239 234 51 135 110 259 258 12 181 271 206 177 87 284 324 83 151 141 182 346 119 166 125 172 190 120 281 245 327 89 119 166 225 197 179 72 57 162 265 149 44 311 277 235 242 199 163 91 174 231 177 190 215 86 147 87 261 195 44 283 289 86 63 215 210 136 128 139 181 149 155 147 113 183 125 165 141 172 83 125 101 107 190 272 101 200 201 100 128 136 68 185 28 137 116 80 164 101 82 229 82 88 232 113
 194 104 241 224 358 325 256 113 263 102 228 170 249 24 109 46 185 118 245 330 118 298 136 84 152 36 7 245 76 213 50 375 266 278 60 279 76 1 254 224 162 178 232 221 222 223 303 230 73 173 102 234 136 75 149 260 230 185 138 152 154 127 150 59 256 258 56 173 120 257 176 179 364 224 244 132 226 187 173 174 139 9 215 278 201 268 180 242 65 86 217 149 163 187 95 108 61 94 139 263 115 282 205 216 282 137 278 153 299 222 247 204 203 32 310 111 263 290 108 85 93 280 281 65 256 308 265 223 127 330 358 105 105 214 257 383 45 121 157 183 152 165 300 212 363 49 48 124 298 265 254 141 91 228 301 130 79 334 287 302 190 173 208 94 138 306 106 234 270 20 176 150 310 261 56 333 328 78 138 289 285 210 68 124 228 162 229 73 86 121 186 198 108 236 157 106 155 41 159 250 173 160 236 174 54 63 134 257 101 134 88 12 144 26 122 228 28 66 307 174
 149 341 199 167 151 199 23 148 199 337 214 203 124 233 306 299 331 202 335 213 362 166 263 231 265 275 255 232 214 82 302 170 14 169 222 46 195 254 1 278 102 164 355 42 92 91 91 158 300 92 257 23 364 315 203 151 70 146 234 363 154 130 192 217 183 167 270 211 182 77 121 161 177 354 277 357 30 228 108 132 159 262 42 140 70 83 292 193 254 261 196 274 93 247 297 165 312 263 365 126 154 96 53 197 116 263 30 127 114 163 228 58 201 229 131 254 143 42 149 259 206 158 154 204 141 120 12 57 251 108 170 160 261 98 148 181 288 360 120 156 265 261 177 287 168 282 301 260 203 54 165 193 166 223 120 339 177 188 201 66 327 246 69 182 254 187 325 62 29 254 117 212 80 34 238 97 127 198 162 133 157 147 268 329 54 153 171 312 307 307 226 101 334 32 146 211 235 264 253 278 171 275 98 138 305 298 128 82 171 321 222 264 219 275 137 204 271 282 163 225
 334 315 398 118 275 448 295 188 115 209 73 347 360 226 153 240 99 302 60 459 320 414 92 289 76 204 218 67 270 196 254 283 281 405 260 264 251 224 278 1 198 330 92 238 188 319 365 367 190 203 125 271 350 290 95 383 211 324 88 372 302 228 103 173 399 392 179 74 135 334 297 119 258 96 24 348 260 54 282 151 141 229 246 182 278 222 61 103 161 143 87 83 240 42 318 259 265 311 353 370 255 361 235 379 375 91 280 168 381 122 72 269 371 200 225 115 166 287 227 144 143 168 173 247 374 233 286 221 335 274 255 179 124 316 380 284 209 327 175 124 76 369 172 22 265 271 241 103 436 323 387 316 202 401 224 352 210 205 137 343 90 53 210 162 87 431 182 219 271 205 166 335 274 306 267 294 253 166 291 389 401 346 164 346 225 133 373 209 307 141 371 178 326 285 299 127 351 190 66 32 331 71 188 309 231 199 247 337 257 357 140 234 89 218 197 83 250 289 417 361
 145 257 209 114 201 251 112 50 157 237 150 176 163 143 204 205 234 149 250 262 276 217 165 163 169 177 161 170 142 56 210 220 112 209 145 119 119 162 102 198 1 148 264 63 69 122 177 175 200 12 156 86 285 230 111 187 71 137 138 290 123 54 100 118 206 197 170 126 82 140 107 83 213 261 204 279 76 145 90 52 63 170 62 136 82 110 199 142 153 160 131 177 46 162 223 100 221 195 287 173 91 167 50 195 179 165 121 31 187 110 169 74 191 133 157 154 126 133 69 158 105 145 144 125 178 153 113 63 197 170 206 60 161 119 183 228 190 276 24 80 169 220 168 202 209 197 207 160 241 133 192 152 73 220 147 266 86 195 172 162 232 156 47 81 157 234 224 74 112 157 38 174 149 121 160 173 172 98 119 193 204 154 167 257 68 66 183 213 228 206 203 49 255 96 117 111 196 165 160 207 151 180 84 122 209 199 68 142 103 255 121 172 124 179 41 142 182 202 221 196
 22 223 70 261 312 149 150 143 304 279 294 41 83 156 275 215 336 66 374 153 247 124 269 108 280 211 182 314 104 189 210 331 176 102 120 208 104 178 164 330 148 1 376 160 205 82 159 54 247 150 244 145 235 205 237 86 194 19 252 223 29 104 229 182 80 82 223 258 197 117 47 226 334 371 341 227 145 278 63 197 192 182 146 273 97 229 313 288 219 237 275 283 105 290 167 78 216 129 235 97 78 132 146 49 122 270 193 172 142 256 313 111 44 171 282 248 267 204 105 234 198 286 284 115 84 273 171 178 102 270 327 153 249 72 83 341 222 241 167 225 280 100 309 329 326 177 217 260 122 138 77 45 132 73 270 203 129 331 318 175 337 281 172 173 265 129 280 192 191 189 185 55 243 147 131 260 286 176 43 122 111 37 230 192 180 206 52 249 185 284 63 192 209 134 33 212 76 210 277 345 9 291 219 29 228 239 85 113 83 178 209 180 245 203 135 287 178 165 134 62
 384 302 445 206 365 508 370 239 206 176 163 385 420 243 130 230 48 334 42 517 299 475 108 310 98 202 226 158 296 275 245 374 360 462 282 348 282 232 355 92 264 376 1 314 270 381 438 420 174 271 136 345 335 282 154 441 292 374 128 362 348 280 166 198 451 447 177 145 187 402 351 195 349 10 109 335 333 130 338 224 202 234 319 272 343 308 66 193 169 148 174 94 301 110 321 300 254 325 339 432 299 430 308 423 441 107 362 234 450 209 163 336 413 218 315 130 255 370 273 150 179 258 263 275 433 322 364 299 356 363 346 227 132 376 437 375 201 309 242 201 98 393 263 75 356 273 230 118 491 395 442 353 245 441 314 347 248 295 228 419 43 110 286 205 113 490 150 300 352 213 239 368 361 380 284 382 343 201 334 454 462 398 165 344 304 203 424 189 305 116 406 255 318 357 346 165 380 192 105 114 375 87 272 360 218 185 298 404 296 359 168 239 140 216 251 173 253 293 480 394
 150 313 208 131 156 225 58 111 167 299 177 197 142 201 266 265 289 185 294 238 332 191 221 208 223 239 221 195 189 45 270 175 50 189 196 59 169 221 42 238 63 160 314 1 58 102 128 168 262 52 217 34 338 286 162 169 39 144 193 340 144 101 150 180 197 183 232 170 141 103 115 121 175 312 239 331 25 188 99 90 118 229 16 118 66 70 250 159 215 221 158 232 68 207 273 142 280 241 339 148 131 127 18 200 144 222 59 86 147 127 192 52 201 194 122 213 117 71 120 219 166 135 131 177 159 114 53 22 235 118 168 122 221 105 166 185 251 332 79 116 223 250 156 246 168 253 267 218 223 87 180 180 132 227 111 316 144 174 174 107 286 205 29 143 212 211 286 34 50 218 76 201 93 69 212 116 128 160 147 161 180 152 229 306 22 112 179 275 281 267 222 61 308 50 136 170 225 227 212 240 166 234 67 133 271 261 104 107 147 301 182 231 177 240 101 167 240 255 191 218
 198 322 260 76 137 282 112 112 111 285 123 238 198 206 242 264 251 216 247 295 339 247 188 231 187 232 221 140 210 17 271 154 94 245 212 79 187 222 92 188 69 205 270 58 1 157 182 221 249 61 192 91 350 294 125 224 24 191 158 357 184 122 114 171 251 238 220 127 118 159 160 77 145 270 186 345 81 141 143 56 93 230 71 69 118 48 210 103 200 200 105 197 102 161 290 168 283 263 352 204 158 184 64 249 201 188 93 70 203 72 137 105 248 192 90 186 63 101 137 199 148 82 80 192 215 87 100 37 264 111 139 118 195 159 221 162 244 340 67 71 187 286 104 199 142 262 265 188 279 142 234 217 137 275 80 333 152 129 118 156 247 162 35 132 178 267 267 32 84 215 48 238 98 123 227 122 107 150 183 217 236 203 213 324 39 77 231 264 294 241 264 25 321 107 177 147 261 218 173 187 210 196 16 178 266 249 133 163 171 323 163 233 141 237 106 113 245 268 247 259
 63 290 110 226 240 131 73 145 265 320 267 121 43 200 303 267 348 136 370 142 314 96 278 173 285 252 226 287 162 142 265 259 101 90 175 136 151 223 91 319 122 82 381 102 157 1 83 69 285 118 261 75 307 268 230 69 140 64 254 299 83 108 220 206 96 82 256 246 196 38 51 203 266 378 324 300 80 266 52 171 181 230 87 219 42 167 316 254 246 259 248 291 81 282 238 117 273 201 307 52 109 60 94 108 62 278 118 152 77 221 285 54 113 207 218 262 218 128 122 257 210 235 232 162 59 208 95 123 180 197 260 158 266 12 65 270 264 310 145 199 285 181 257 322 257 237 269 271 123 57 79 120 149 133 207 277 154 273 274 94 347 276 123 182 271 114 315 135 118 229 156 135 169 67 190 184 217 192 97 73 84 58 259 267 123 187 81 292 253 308 141 152 279 60 76 220 157 246 277 327 90 296 168 61 277 279 93 36 124 255 224 230 242 247 133 259 232 231 100 142
 138 373 160 257 214 121 72 213 289 397 304 196 82 280 374 347 410 217 421 136 396 94 341 256 345 330 305 322 244 171 346 231 92 109 257 124 232 303 91 365 177 159 438 128 182 83 1 124 361 168 329 96 389 351 285 100 160 142 314 380 165 182 274 280 135 117 331 297 257 47 133 247 246 436 366 381 107 314 132 216 238 310 121 227 105 170 374 284 319 330 285 353 148 333 320 198 355 283 389 73 190 29 132 169 48 341 102 206 33 253 318 107 179 284 210 328 233 105 198 328 277 247 242 243 92 198 86 147 260 172 241 226 334 94 98 242 343 392 198 243 345 256 264 373 235 319 349 336 137 44 117 200 223 191 201 359 230 270 291 36 408 330 156 250 332 115 390 152 109 307 201 213 146 60 272 150 199 263 179 62 91 127 332 348 144 237 137 369 336 378 212 189 361 82 158 285 234 322 335 367 167 356 188 143 356 356 170 49 205 335 292 310 300 327 201 294 313 313 87 216
