NAME : domp260p130v6
COMMENT : (Deleplanque et al.) 
TYPE : DOMP
DIMENSION : 260
DISPLAY_DATA_TYPE: NO_DISPLAY
OPEN_FACILITIES : 130
COST_SECTION
 1 349 382 467 185 315 281 484 390 364 175 211 372 320 372 358 502 148 312 175 341 414 327 293 392 121 348 125 80 256 384 123 208 213 321 179 302 325 423 131 270 311 357 332 414 187 226 132 72 460 363 331 214 349 375 408 452 176 318 340 388 318 361 349 140 142 284 48 310 376 232 432 393 350 288 198 251 440 300 39 373 382 323 361 186 72 55 341 359 416 384 276 387 195 307 388 213 309 66 348 413 164 424 197 323 155 295 480 287 235 436 431 45 369 342 385 303 300 239 296 386 295 99 448 143 109 455 105 338 355 326 421 310 280 291 319 228 270 270 426 349 303 270 205 355 352 244 180 244 319 358 25 329 106 244 290 263 354 269 337 237 366 313 249 361 271 290 314 355 375 156 375 347 247 361 185 331 233 156 358 318 188 229 409 389 375 204 443 235 172 374 346 254 131 290 372 396 299 265 408 141 374 423 275 385 424 165 363 308 324 367 214 262 229 347 87 38 381 270 113 188 295 207 257 312 372 279 282 233 422 340 261 401 400 260 432 219 494 263 388 305 322 271 110 430 283 224 322 332 237 414 414 299 87 331 301 378 59 253 351
 349 1 129 160 183 39 85 161 56 238 223 174 228 79 193 85 159 220 63 264 134 106 213 73 105 291 182 226 315 218 158 244 161 224 164 171 236 276 94 227 90 42 267 220 67 163 188 297 292 114 47 71 152 184 38 62 104 188 112 82 77 313 52 322 216 265 151 333 200 225 119 86 62 26 62 295 100 112 197 311 117 106 87 222 223 281 300 246 174 154 183 132 250 181 123 82 255 222 287 192 66 260 130 222 121 243 215 142 138 241 99 144 327 49 89 85 67 199 160 222 239 309 265 147 276 260 109 294 150 172 200 81 267 87 78 35 166 108 179 88 235 152 166 149 166 317 198 217 111 242 62 326 113 247 211 149 91 212 185 43 114 181 201 101 15 129 68 134 107 144 206 206 309 293 158 186 20 121 280 242 217 165 127 65 212 27 177 95 135 250 60 313 97 233 131 73 101 291 122 185 226 46 173 156 55 77 190 230 237 38 65 224 160 224 193 299 311 221 160 246 270 247 164 103 287 88 211 216 177 159 111 113 156 125 138 101 160 152 163 100 140 119 93 267 145 132 129 29 302 127 90 73 59 313 95 308 46 312 101 62
 382 129 1 91 262 153 118 118 168 364 308 266 114 76 320 212 163 236 183 352 46 58 119 183 34 289 77 263 325 329 32 261 176 193 81 218 355 184 87 287 131 153 162 344 144 215 165 289 314 143 173 72 237 310 101 148 162 208 66 58 197 227 78 225 276 342 104 382 322 109 174 165 176 103 153 258 161 94 121 345 244 232 69 111 209 311 329 146 63 36 60 246 377 189 76 204 217 343 318 87 139 245 50 202 61 322 334 135 255 194 108 52 375 173 51 52 184 319 145 341 366 232 322 72 355 321 144 360 58 63 107 109 182 193 189 119 264 215 293 184 130 89 122 222 293 219 157 303 155 152 68 359 54 279 166 98 144 338 299 170 190 308 323 162 134 241 122 257 32 23 274 89 212 235 285 267 137 166 264 367 340 203 164 118 91 125 265 158 229 337 183 217 178 252 249 58 223 211 119 57 294 90 50 270 89 131 221 120 357 160 191 193 271 184 88 310 347 348 274 270 241 168 177 139 202 42 327 332 155 42 238 216 29 249 123 94 164 152 275 224 261 244 195 279 50 247 205 140 210 218 200 168 118 374 57 228 164 363 189 69
 467 160 91 1 329 196 190 33 172 388 373 326 183 149 339 231 92 321 222 416 136 58 202 229 76 378 160 345 413 377 107 348 260 284 170 295 394 263 68 362 203 197 234 374 133 291 255 378 400 98 190 139 300 334 122 141 129 292 152 129 203 307 118 299 351 411 194 463 357 177 246 145 178 141 208 348 230 54 209 429 257 241 145 185 299 396 414 223 144 68 129 291 396 275 164 209 307 379 402 168 128 335 44 292 149 390 373 68 297 284 76 41 455 188 125 86 226 357 233 380 385 314 399 20 424 397 103 434 147 146 192 91 264 243 235 169 320 264 337 169 206 179 212 290 314 292 248 367 229 234 116 443 141 362 256 188 213 363 343 200 255 327 357 231 157 288 187 290 114 108 345 158 286 323 304 333 176 241 354 393 373 283 241 111 153 141 327 130 287 401 194 291 240 338 290 101 226 294 203 107 366 115 79 314 105 112 303 192 394 197 206 283 319 274 169 398 431 366 319 355 332 253 261 214 283 96 370 374 244 65 262 268 87 252 210 65 249 82 322 230 297 274 247 367 43 290 271 183 287 277 193 159 180 451 136 310 174 442 249 122
 185 183 262 329 1 145 145 338 215 203 47 31 306 187 197 176 341 121 134 91 234 272 267 116 258 184 265 89 184 105 278 129 118 189 235 67 153 303 271 55 132 142 318 170 245 61 169 196 152 296 186 194 33 174 217 238 282 108 202 207 207 321 212 344 48 84 196 158 144 307 90 259 216 193 124 235 102 290 239 151 189 199 194 295 164 132 149 295 268 297 290 92 226 127 199 207 215 151 137 270 245 183 290 174 212 62 137 324 104 219 279 301 153 192 213 244 126 135 158 141 221 304 89 312 96 82 291 112 240 264 259 263 288 102 113 162 47 88 98 250 294 213 193 41 176 343 194 43 110 279 214 167 214 108 205 199 119 186 100 160 75 189 147 101 193 87 144 132 231 264 30 296 336 264 180 6 165 100 197 200 158 83 105 247 308 209 23 273 53 76 196 337 90 120 107 229 213 296 155 306 46 219 310 95 231 259 91 301 158 151 187 190 84 202 270 170 149 212 92 118 209 266 122 125 301 236 121 127 167 303 156 80 288 217 162 280 134 335 85 205 123 139 94 148 301 99 59 156 323 58 234 240 150 132 206 307 203 137 83 208
 315 39 153 196 145 1 73 199 78 213 184 135 241 88 173 76 197 193 31 225 148 141 218 35 135 266 194 194 286 182 179 216 138 209 171 139 205 278 132 190 72 5 274 192 102 130 174 273 262 152 54 85 114 161 76 95 139 161 119 99 85 312 81 324 180 227 149 297 170 239 89 118 82 56 30 279 71 150 199 277 107 102 97 233 203 249 268 252 189 182 202 97 228 159 127 88 241 191 255 203 101 239 163 205 130 204 183 181 105 230 137 176 291 59 107 116 32 168 147 190 218 305 228 182 238 223 146 256 162 186 206 120 267 48 40 36 127 70 144 114 243 155 161 112 145 320 188 178 87 245 88 293 125 215 202 148 68 188 150 31 79 161 171 72 49 93 55 106 127 165 169 221 312 283 139 148 21 94 259 216 188 136 102 103 229 65 138 130 97 212 68 316 62 205 98 102 104 289 112 208 188 81 200 121 92 115 161 241 206 13 67 210 124 212 204 270 277 200 125 216 253 246 142 84 287 115 177 183 164 188 90 74 181 124 128 139 141 191 127 100 110 93 55 239 177 97 93 14 304 89 107 101 50 275 108 305 66 276 64 85
 281 85 118 190 145 73 1 205 139 274 191 150 179 44 239 148 224 142 98 235 94 135 151 87 116 210 133 157 237 219 135 168 80 140 106 106 252 207 143 173 14 70 207 248 147 101 104 215 218 184 123 52 121 224 99 144 183 110 61 64 155 240 81 253 162 226 78 274 223 178 57 168 145 75 53 211 44 160 128 243 179 175 50 170 139 211 229 184 132 152 151 143 291 99 63 159 172 242 217 141 144 177 149 138 72 205 231 201 155 159 157 159 267 127 69 106 94 218 76 237 282 232 210 172 239 208 180 246 103 129 139 143 196 92 92 51 150 110 187 172 177 87 88 105 211 249 116 186 40 175 78 258 71 177 130 78 27 249 192 103 74 227 225 45 99 137 20 166 87 121 158 163 241 211 206 150 75 51 197 275 241 94 53 135 174 106 149 174 115 220 137 245 65 157 150 92 176 216 40 164 178 96 166 166 106 151 117 177 254 86 138 140 164 141 141 221 244 265 168 172 186 174 83 25 215 95 221 227 94 159 159 108 144 196 56 152 76 215 167 172 166 157 90 190 158 146 88 69 232 104 173 157 27 261 62 232 128 253 77 71
 484 161 118 33 338 199 205 1 162 379 380 332 215 165 328 223 61 341 222 422 162 72 232 232 96 400 190 361 434 377 137 367 278 309 198 309 390 295 68 374 217 201 266 368 122 304 278 401 419 76 184 155 308 326 124 130 109 310 174 146 192 338 127 331 363 421 218 477 353 209 258 129 168 146 215 375 241 50 237 446 247 230 163 216 322 413 432 254 174 99 160 291 386 295 187 198 333 375 420 199 117 359 69 316 172 399 370 41 296 310 66 70 470 181 144 100 227 353 255 377 374 345 412 49 433 409 83 446 175 176 221 83 295 246 238 176 325 267 337 153 238 204 236 300 306 324 273 374 243 264 128 461 163 379 282 213 226 355 343 198 265 318 353 243 155 289 199 286 137 136 356 190 318 351 295 341 178 255 378 385 368 298 256 103 185 139 334 112 293 408 186 323 249 357 288 114 213 325 222 139 377 120 111 314 109 100 320 224 390 198 198 308 319 300 200 419 448 355 319 374 357 283 280 229 314 114 368 372 267 97 256 272 118 238 231 60 269 51 322 218 294 270 252 387 73 290 280 186 319 284 179 145 191 463 156 341 167 457 256 135
 390 56 168 172 215 78 139 162 1 218 248 198 275 132 168 62 140 269 82 285 183 129 264 100 138 341 230 270 363 225 199 293 212 278 216 215 231 328 105 263 142 82 317 207 42 207 242 348 338 96 30 123 183 165 68 33 72 237 164 131 32 366 93 374 253 292 205 370 193 272 165 47 9 75 106 349 147 118 250 353 87 70 139 270 276 325 344 296 221 186 226 143 226 233 176 39 310 215 331 241 46 313 154 276 172 270 212 132 143 295 98 168 364 25 138 118 90 195 214 219 214 363 301 165 303 295 89 325 200 219 251 82 320 113 103 89 187 129 184 37 284 205 220 186 145 369 252 242 162 294 105 369 164 292 266 203 142 194 190 55 154 157 193 149 42 143 121 128 153 187 240 252 361 347 134 216 66 170 333 224 208 212 177 62 256 45 203 63 163 273 26 365 138 281 136 111 57 345 177 223 259 79 206 162 81 63 238 279 231 68 38 278 171 278 242 347 353 195 168 293 324 300 216 156 341 127 212 216 231 190 96 137 193 83 192 108 212 137 173 60 137 112 122 316 171 140 167 74 355 157 36 26 113 345 145 362 13 348 138 108
 364 238 364 388 203 213 274 379 218 1 192 173 451 299 54 159 350 321 183 193 359 340 423 188 342 385 404 290 382 109 392 330 298 378 379 259 65 475 321 249 265 214 479 34 259 250 349 398 349 309 199 298 192 55 272 250 279 301 329 311 188 502 288 520 246 224 349 323 60 449 247 255 213 262 222 433 242 335 399 338 133 151 309 442 358 328 342 456 400 391 414 135 24 314 334 182 407 56 332 413 263 382 365 366 340 210 70 347 121 406 315 379 322 201 319 322 184 69 328 69 25 490 269 379 225 259 302 263 373 397 412 299 462 183 183 248 158 167 106 232 449 360 355 216 75 517 371 188 261 445 297 352 336 308 384 350 254 27 104 196 218 63 57 242 236 142 258 110 339 377 228 432 510 456 85 199 228 258 397 9 47 271 268 279 441 250 181 273 180 193 195 512 217 321 125 310 169 477 306 420 233 282 410 117 288 280 287 450 59 206 183 378 125 387 413 370 335 33 117 320 406 439 303 270 479 324 86 82 343 396 128 171 392 147 320 325 310 349 122 163 108 122 186 350 381 130 214 225 499 188 205 236 257 284 320 491 215 306 205 296
 175 223 308 373 47 184 191 380 248 192 1 51 351 233 198 202 380 152 168 45 280 316 311 153 303 203 310 111 194 84 324 152 161 227 280 108 133 344 313 63 178 181 361 160 282 105 210 217 160 334 219 239 73 175 258 274 317 146 248 252 236 358 255 383 64 46 241 139 136 352 136 294 249 235 166 265 148 332 282 147 209 221 240 340 200 139 152 339 314 342 336 112 215 167 245 235 249 137 142 315 283 212 335 210 258 24 123 364 120 257 320 346 136 225 258 288 161 126 202 124 213 341 78 356 56 68 329 83 286 310 304 303 328 138 148 205 63 120 96 282 338 258 237 87 183 383 236 7 156 321 258 161 260 124 245 245 165 180 95 195 119 192 139 147 232 109 188 146 277 310 50 342 376 298 189 42 204 146 223 187 146 125 151 286 354 248 47 308 88 30 227 377 134 146 125 273 238 334 201 353 45 261 356 104 273 297 127 345 139 188 217 228 92 240 315 183 145 207 99 139 240 307 164 171 340 281 107 110 209 348 177 113 334 237 208 321 177 374 92 230 136 157 131 168 346 118 104 196 362 97 263 274 194 105 252 344 237 120 125 252
 211 174 266 326 31 135 150 332 198 173 51 1 319 190 167 154 330 149 118 91 242 269 283 103 258 213 276 119 214 80 284 158 138 213 247 91 126 323 265 83 137 132 335 141 232 83 190 226 181 285 169 195 31 144 209 224 268 133 210 209 187 343 209 365 77 95 210 181 114 320 100 244 199 187 119 263 107 283 255 178 164 175 198 309 190 161 178 313 279 299 299 66 196 150 208 186 240 123 166 283 233 211 289 199 220 72 109 315 77 243 271 301 177 175 216 242 111 105 176 113 192 328 114 310 105 105 279 129 250 275 274 254 308 89 99 158 18 70 68 232 310 225 209 53 147 364 215 45 119 297 212 194 220 137 226 212 124 156 71 145 77 159 117 106 182 62 145 104 235 270 59 308 357 290 152 28 155 111 225 170 129 105 119 237 319 199 9 259 40 77 178 359 89 149 80 227 191 318 167 313 71 213 314 66 224 248 117 315 130 139 168 214 54 225 283 200 177 182 62 148 236 286 142 134 323 236 94 99 187 305 131 63 292 192 176 273 153 324 55 182 95 113 82 178 301 73 64 147 344 50 214 224 150 151 210 331 187 160 79 207
 372 228 114 183 306 241 179 215 275 451 351 319 1 154 413 311 269 232 270 394 95 170 46 263 147 258 48 272 300 394 84 254 192 160 74 245 430 85 200 311 189 239 52 426 256 247 152 252 301 255 274 159 290 399 209 259 275 216 123 148 302 127 183 117 302 375 111 386 401 7 221 278 283 204 229 201 217 204 74 340 343 334 145 12 187 307 320 44 55 117 57 321 467 193 117 309 167 420 312 39 251 212 154 176 112 359 408 242 333 143 221 147 378 276 140 164 268 396 151 415 457 139 340 168 388 342 257 381 80 57 49 222 90 269 269 207 324 288 364 295 29 95 115 268 385 110 130 348 201 63 171 350 117 281 128 108 202 426 369 265 246 401 403 217 237 315 193 342 123 93 306 27 104 161 378 311 231 209 226 452 419 228 202 231 32 232 316 271 290 379 286 109 241 248 328 166 328 119 153 77 324 198 105 344 199 244 235 12 432 251 293 159 342 145 39 289 343 440 346 267 195 89 190 189 106 151 398 404 148 119 330 286 100 352 145 206 176 258 345 327 344 331 268 263 144 324 257 231 106 279 309 279 194 390 135 134 269 370 253 169
 320 79 76 149 187 88 44 165 132 299 233 190 154 1 260 158 190 177 118 277 61 94 135 113 74 240 107 197 272 255 97 203 114 158 87 148 284 198 106 215 57 86 190 276 127 144 124 243 255 154 124 13 162 247 75 127 159 146 34 21 154 236 50 244 205 268 76 315 253 152 100 150 139 58 80 229 86 123 120 282 191 182 10 147 164 249 268 168 102 110 117 174 314 132 45 160 188 273 256 117 123 202 107 161 44 248 263 165 185 170 124 116 308 127 26 66 116 249 97 270 304 233 252 130 281 250 152 288 76 99 122 113 190 122 119 53 189 142 220 160 158 75 92 147 232 239 127 228 82 164 42 297 38 216 140 72 69 274 226 112 115 248 254 87 91 169 47 191 46 82 200 134 231 220 225 192 78 94 223 302 271 135 94 109 143 91 190 151 154 262 137 235 103 193 179 53 179 215 60 126 221 68 125 199 76 125 156 155 286 97 142 158 199 155 118 256 284 287 201 210 207 170 116 67 210 53 255 260 112 117 177 142 103 202 72 116 106 180 202 177 193 179 122 224 116 177 130 77 225 143 167 143 44 304 22 231 123 295 114 35
 372 193 320 339 197 173 239 328 168 54 198 167 413 260 1 110 297 308 144 211 320 293 389 153 296 377 366 283 380 125 349 321 276 356 343 244 96 444 272 248 233 175 445 58 208 234 324 388 347 257 152 257 179 24 225 199 227 284 291 270 137 474 243 490 243 237 316 335 67 411 221 203 162 218 187 416 214 285 367 342 82 100 269 405 339 327 344 422 361 345 373 113 59 294 298 131 386 80 332 375 212 367 318 345 302 219 88 295 98 382 265 332 333 153 278 276 147 77 301 91 47 464 274 330 241 264 250 277 334 358 377 249 432 151 148 208 150 140 103 180 414 325 324 200 29 487 345 193 233 413 253 357 297 303 358 316 223 34 104 151 194 13 65 214 189 120 222 77 297 335 225 393 479 434 36 194 185 233 384 61 69 253 243 229 401 202 175 221 162 207 146 482 189 311 99 265 117 450 275 376 234 235 365 103 241 229 273 413 92 164 135 356 114 363 376 366 340 29 106 313 389 410 280 239 450 280 101 100 317 350 84 146 348 95 289 275 286 297 113 111 81 84 157 342 334 107 194 184 469 168 153 185 220 299 280 465 165 316 178 253
 358 85 212 231 176 76 148 223 62 159 202 154 311 158 110 1 200 255 55 234 217 183 292 74 187 328 264 246 343 167 242 275 206 282 244 194 170 352 163 229 146 79 347 146 103 184 247 337 315 157 42 153 146 105 115 94 130 225 191 165 38 386 135 398 220 247 224 332 132 308 152 105 58 110 99 350 138 178 273 323 34 28 167 304 272 299 317 325 257 236 267 92 168 227 200 34 313 154 304 274 107 306 208 276 201 225 151 193 88 304 158 222 328 44 173 167 63 134 220 158 157 379 264 222 256 256 150 283 232 255 279 141 342 83 73 106 140 89 127 86 315 229 235 156 85 394 262 196 156 319 146 339 195 268 276 223 140 134 132 47 132 99 132 139 80 94 129 69 191 228 204 289 386 356 75 176 81 161 326 164 147 196 170 121 296 93 160 123 125 224 38 390 119 264 81 156 38 363 187 269 221 126 256 107 132 124 220 312 169 64 26 282 117 285 275 327 322 138 112 272 323 320 211 156 361 171 152 156 237 241 35 98 239 50 202 167 211 198 118 31 78 52 92 298 224 87 141 83 378 123 64 84 124 304 176 379 57 311 113 146
 502 159 163 92 341 197 224 61 140 350 380 330 269 190 297 200 1 364 214 419 203 107 280 228 133 429 238 378 459 364 187 390 301 344 241 324 370 345 85 384 234 200 319 343 101 317 311 432 441 47 167 178 310 299 128 109 72 332 207 174 165 388 143 384 373 423 254 490 331 263 271 97 143 153 219 413 253 71 281 464 219 200 191 269 353 432 451 305 223 152 213 281 353 320 221 170 371 353 439 248 99 391 116 349 209 400 351 28 282 350 68 122 483 163 175 128 221 334 285 357 341 393 422 102 434 418 53 452 218 224 269 82 343 243 233 184 321 262 323 119 289 244 273 306 278 377 310 374 259 313 149 479 199 398 321 249 240 326 329 188 271 288 331 254 149 280 213 267 173 183 363 243 371 395 266 344 178 270 411 356 345 315 274 95 240 133 334 79 293 406 165 376 255 379 275 138 182 373 249 194 384 129 167 301 118 84 339 277 368 193 177 343 309 337 249 443 465 323 306 395 393 330 304 247 363 145 351 355 299 151 234 268 170 204 260 75 295 12 311 188 276 251 250 412 125 278 287 187 370 285 145 117 204 471 187 390 149 468 259 156
 148 220 236 321 121 193 142 341 269 321 152 149 232 177 308 255 364 1 201 186 194 270 188 182 247 74 203 45 96 225 238 27 64 82 175 65 273 203 282 94 133 189 227 289 285 75 81 83 80 325 246 188 131 286 240 281 322 34 171 196 276 211 222 238 89 158 137 155 262 235 106 306 274 216 165 115 123 299 159 112 279 282 179 221 52 78 94 208 213 269 238 196 343 48 160 278 99 271 84 204 283 63 278 64 176 149 257 341 210 111 298 285 147 252 198 242 193 253 92 261 338 192 112 302 170 117 321 154 191 209 185 284 187 174 183 187 163 175 216 305 213 156 124 109 283 239 104 152 110 187 217 124 183 50 108 143 130 302 219 221 124 298 264 122 234 189 155 235 209 228 103 232 232 148 285 126 205 101 78 318 277 60 94 276 246 244 142 313 147 173 260 233 137 18 210 229 291 187 120 261 111 237 276 208 247 291 37 224 278 205 256 83 198 97 204 80 115 326 206 37 89 168 62 120 196 228 241 247 87 275 248 166 254 303 113 292 73 355 200 284 229 235 165 48 284 203 118 197 218 142 299 291 164 160 186 196 258 139 143 210
 312 63 183 222 134 31 98 222 82 183 168 118 270 118 144 55 214 201 1 206 178 168 246 21 164 275 223 195 291 156 210 222 152 228 200 142 175 304 156 184 94 32 302 162 115 132 193 283 264 168 53 115 102 130 101 107 150 171 149 129 77 336 110 350 174 212 175 290 140 268 98 127 83 84 47 295 83 174 225 275 84 83 127 262 218 249 268 280 219 212 232 70 198 173 155 78 260 161 255 232 116 252 191 221 160 189 154 200 76 251 158 205 284 59 137 145 10 138 167 161 188 328 221 209 223 214 162 244 192 216 234 141 293 33 22 66 108 49 117 117 271 183 185 108 115 346 210 162 102 272 118 291 155 217 224 175 86 158 122 28 79 132 141 84 68 68 80 75 157 195 160 251 338 303 110 136 48 106 272 186 158 142 116 122 259 85 123 141 82 194 64 342 65 211 69 132 90 313 136 238 179 108 230 93 117 132 167 270 176 26 57 228 98 232 233 275 275 170 98 220 269 271 156 103 312 145 149 154 184 218 62 56 211 104 151 163 157 209 101 84 79 62 42 246 206 69 90 44 329 77 103 107 77 265 138 328 70 268 61 115
 175 264 352 416 91 225 235 422 285 193 45 91 394 277 211 234 419 186 206 1 324 359 353 192 346 228 354 143 211 88 368 181 203 264 324 150 130 383 355 93 222 222 402 163 320 147 251 242 178 374 256 283 117 189 299 312 355 185 293 296 270 395 298 421 98 36 284 132 145 395 180 331 284 277 209 296 192 373 324 155 236 251 284 383 236 156 165 380 358 386 380 144 216 207 289 268 284 139 158 359 322 243 378 247 302 38 127 404 148 294 361 389 132 261 302 331 200 135 244 126 217 377 90 400 33 80 368 72 330 354 346 344 367 178 188 248 100 158 115 317 380 302 280 132 201 421 276 50 200 362 301 167 304 151 285 288 209 188 112 233 163 208 148 191 272 143 232 173 321 354 89 385 415 333 209 86 245 190 252 187 150 167 195 326 398 288 89 346 130 16 263 416 177 177 154 317 269 371 245 397 76 303 400 130 314 337 166 388 136 228 252 265 119 278 359 202 152 214 125 167 272 346 206 216 379 324 112 114 251 392 206 152 378 264 251 363 219 414 118 260 162 186 171 193 390 149 148 237 401 139 297 310 238 92 296 381 274 117 168 296
 341 134 46 136 234 148 94 162 183 359 280 242 95 61 320 217 203 194 178 324 1 98 84 173 71 244 49 224 281 311 46 220 137 149 39 183 343 150 123 253 106 146 135 336 168 182 121 244 272 178 180 65 213 307 118 170 193 168 33 54 209 192 91 194 242 311 60 344 312 92 145 191 191 110 139 214 136 134 79 305 249 240 52 88 165 271 287 115 42 76 58 233 375 148 37 215 172 332 277 59 163 201 94 158 23 293 321 177 244 149 144 97 336 182 46 80 176 308 103 328 365 193 287 117 324 287 178 326 18 39 71 140 145 180 179 113 243 201 278 205 103 44 77 194 292 189 113 276 125 117 79 318 24 239 121 54 119 334 284 171 166 308 313 137 144 227 104 251 34 35 242 74 181 192 285 239 137 135 220 362 330 167 131 145 83 139 240 187 208 309 192 186 157 211 239 78 234 173 82 74 261 108 83 257 111 159 183 97 345 157 199 148 256 139 60 267 307 347 259 229 197 129 137 110 166 65 313 318 111 82 237 200 61 259 83 131 124 193 259 233 253 239 180 237 95 236 179 137 177 197 217 189 103 339 41 191 176 325 169 76
 414 106 58 58 272 141 135 72 129 340 316 269 170 94 293 183 107 270 168 359 98 1 176 174 28 330 134 291 363 322 87 296 208 240 135 240 342 242 31 306 147 142 219 324 97 235 209 332 348 86 142 84 244 286 70 103 108 239 104 75 160 284 62 282 295 355 150 408 305 165 190 115 136 85 151 308 173 37 176 376 213 197 92 168 252 343 361 203 120 61 115 236 350 224 118 167 266 327 349 145 91 290 26 247 104 333 320 80 243 245 52 40 401 141 74 30 171 305 185 327 339 288 343 42 367 341 88 378 113 121 164 56 239 187 180 113 264 209 283 136 188 138 169 233 267 276 205 311 174 209 60 390 95 309 216 145 157 315 289 148 199 281 306 175 106 233 131 239 68 80 289 144 269 289 258 276 121 185 309 345 322 228 186 71 144 92 271 105 231 345 149 274 184 286 236 44 185 268 151 103 310 61 81 260 53 80 250 177 342 143 159 240 264 233 146 348 377 320 264 303 289 225 209 159 259 43 316 321 198 64 213 212 73 211 160 37 198 96 267 187 245 223 191 316 43 236 214 128 267 221 157 123 124 395 86 285 129 387 192 66
 327 213 119 202 267 218 151 232 264 423 311 283 46 135 389 292 280 188 246 353 84 176 1 237 150 214 43 228 256 359 96 209 151 115 49 204 397 67 204 269 159 216 57 397 251 207 108 209 256 259 258 143 254 373 201 253 276 173 102 134 288 109 173 111 260 333 75 341 371 50 185 274 272 190 203 160 184 212 30 295 324 316 127 35 142 262 275 34 59 134 77 291 441 150 93 294 124 388 267 35 246 168 166 131 93 318 377 253 304 99 225 163 333 261 128 163 243 366 110 383 431 114 296 185 346 299 260 338 67 57 14 222 64 241 242 186 288 258 332 288 29 65 75 231 360 106 85 308 167 34 162 305 101 236 84 74 171 399 337 245 212 377 373 184 224 284 167 315 117 98 266 54 98 125 355 272 212 173 182 424 389 187 165 228 67 221 279 270 255 339 271 103 209 204 299 161 313 94 119 103 282 190 128 313 194 243 192 37 400 230 276 114 309 100 34 244 298 415 314 222 152 53 149 156 84 148 365 371 105 138 307 255 115 336 108 211 135 269 312 311 316 306 238 219 160 295 222 210 94 245 299 272 170 346 120 110 257 325 222 158
 293 73 183 229 116 35 87 232 100 188 153 103 263 113 153 74 228 182 21 192 173 174 237 1 167 255 217 175 271 149 208 203 134 211 192 122 173 292 166 165 81 33 293 164 130 113 177 264 244 183 71 113 84 137 109 123 167 152 142 127 97 323 114 338 155 196 164 271 141 262 80 144 102 90 35 278 66 183 215 256 100 101 122 255 200 229 248 270 213 214 229 64 205 155 147 98 243 161 235 225 131 234 196 204 153 173 152 213 74 235 170 209 266 77 135 149 12 138 152 159 195 314 202 215 207 196 177 227 186 210 225 152 281 15 7 66 94 36 111 135 263 173 173 88 125 335 195 147 86 261 120 272 149 197 209 164 71 163 117 45 60 141 142 67 80 60 71 80 155 193 142 245 327 288 121 118 55 88 253 190 159 123 98 135 255 97 107 157 66 179 83 330 46 191 67 135 110 299 123 237 161 115 231 89 125 146 148 263 175 37 77 212 91 216 226 255 255 179 92 200 251 258 139 88 299 147 145 150 169 219 75 41 211 123 138 173 140 222 94 103 82 70 24 226 210 65 70 48 317 59 122 125 70 247 134 315 88 250 41 117
 392 105 34 76 258 135 116 96 138 342 303 258 147 74 296 187 133 247 164 346 71 28 150 167 1 305 109 270 339 315 65 273 185 214 109 221 338 216 55 288 129 135 195 324 112 217 183 307 326 110 146 65 230 288 73 117 129 217 79 54 169 259 55 258 277 340 124 388 303 143 172 133 146 81 141 282 157 64 149 354 218 204 70 145 227 321 339 178 96 50 93 230 354 200 92 175 240 325 327 120 106 264 34 221 78 319 317 107 238 218 76 44 381 146 51 22 166 302 160 324 343 262 325 57 352 323 111 361 86 96 138 75 213 179 173 103 254 201 277 151 163 112 142 218 270 252 179 297 155 183 48 368 69 287 189 119 140 316 283 147 184 284 304 158 108 226 115 237 42 56 273 122 245 262 261 262 117 167 284 346 320 208 167 86 123 97 258 125 220 332 155 249 170 263 232 33 194 242 128 86 293 62 70 255 59 98 228 153 339 139 164 214 257 207 121 324 356 324 258 281 263 198 186 140 233 23 311 316 172 55 215 203 55 220 136 62 175 123 260 195 242 222 182 293 45 231 200 122 242 209 169 136 109 377 62 259 136 368 180 52
 121 291 289 378 184 266 210 400 341 385 203 213 258 240 377 328 429 74 275 228 244 330 214 255 305 1 241 96 43 284 284 57 132 101 217 136 333 206 346 142 203 262 239 353 355 146 124 15 59 392 319 252 199 354 308 351 391 105 228 257 349 198 288 229 142 195 186 150 327 263 178 376 346 284 237 79 196 362 190 99 351 355 240 248 80 77 78 224 254 319 278 266 408 111 215 351 94 333 78 239 353 47 335 88 230 194 319 405 280 117 363 339 142 324 258 304 266 317 146 322 404 176 141 359 204 150 389 176 237 250 215 351 190 247 256 258 229 247 281 377 234 203 169 179 353 232 136 205 181 202 281 102 238 80 133 191 201 368 283 293 197 368 329 194 305 259 225 305 265 277 159 265 227 127 355 187 277 173 36 382 340 133 165 344 278 314 205 383 217 218 332 226 210 67 281 292 364 179 181 304 160 304 322 275 314 360 109 248 338 277 329 102 265 115 238 36 103 393 273 67 68 177 128 189 192 289 303 308 135 325 321 238 302 376 171 355 136 420 267 357 299 307 238 37 338 273 190 268 212 214 372 362 234 172 246 181 330 143 216 274
 348 182 77 160 265 194 133 190 230 404 310 276 48 107 366 264 238 203 223 354 49 134 43 217 109 241 1 240 281 349 54 227 156 141 31 207 384 108 163 275 144 192 88 379 214 208 124 238 277 218 228 112 247 352 165 217 236 183 76 101 257 151 138 150 266 337 71 357 355 46 178 236 238 158 183 196 172 170 54 314 297 287 98 41 164 280 295 70 17 92 38 275 420 160 71 263 157 374 285 12 209 195 124 155 65 320 363 211 287 132 184 121 349 230 94 123 221 350 116 369 410 156 306 142 350 307 220 347 33 15 33 183 106 223 222 160 280 242 318 252 56 53 81 226 338 144 106 307 158 76 127 325 70 251 110 67 157 379 324 218 202 354 356 173 192 269 147 295 79 56 268 32 137 165 331 270 184 167 212 406 373 190 160 190 45 187 274 231 245 339 240 141 196 220 282 123 282 136 110 65 286 154 88 298 157 204 201 49 386 204 246 140 296 128 13 268 317 393 300 239 184 95 154 144 126 109 353 358 117 96 283 240 73 306 104 170 140 227 299 281 297 284 221 240 118 278 214 184 134 234 265 236 147 357 89 153 224 340 208 124
 125 226 263 345 89 194 157 361 270 290 111 119 272 197 283 246 378 45 195 143 224 291 228 175 270 96 240 1 99 189 269 42 88 126 211 56 238 247 299 51 146 190 270 258 292 65 121 109 70 336 244 207 107 261 251 286 329 58 198 217 271 255 237 282 49 114 171 120 232 275 108 310 274 226 166 155 127 316 199 87 265 271 201 261 96 56 75 250 249 297 273 174 313 81 189 272 143 238 62 242 290 102 302 108 204 106 224 356 188 155 312 310 113 250 220 262 186 222 125 227 309 236 69 326 125 73 332 111 224 244 224 297 231 164 175 196 135 160 186 306 254 190 160 91 261 283 145 113 120 230 234 102 210 23 151 176 139 274 188 218 117 275 234 126 239 168 166 214 234 258 65 270 277 191 264 93 209 109 112 287 245 64 106 286 283 251 111 320 127 130 257 277 133 36 189 248 283 232 145 295 69 250 306 182 261 301 43 264 244 203 251 127 171 141 242 84 88 299 179 30 130 211 88 133 240 249 208 213 125 303 233 151 284 291 143 308 102 370 172 276 207 218 155 60 309 181 106 200 262 125 296 293 175 119 210 240 258 102 135 227
 80 315 325 413 184 286 237 434 363 382 194 214 300 272 380 343 459 96 291 211 281 363 256 271 339 43 281 99 1 277 322 71 159 142 256 150 326 248 377 134 229 282 281 350 380 160 161 53 35 420 338 283 205 357 335 376 417 129 262 289 367 239 317 270 138 176 223 114 325 304 198 400 367 311 258 119 217 393 231 65 363 369 272 290 118 56 48 267 294 356 318 272 406 141 250 368 137 329 54 279 378 89 370 127 265 180 314 436 286 160 393 375 107 344 291 336 282 315 181 317 403 216 122 394 183 132 417 151 275 290 256 380 233 261 271 282 230 258 280 399 276 240 206 189 358 273 176 197 205 244 312 64 273 78 174 228 225 368 281 312 212 371 327 215 329 266 251 312 300 314 156 306 269 168 362 187 299 195 78 378 336 152 189 371 320 339 206 408 225 203 351 267 228 83 287 324 379 221 213 343 151 332 361 278 343 387 126 290 332 297 346 143 267 157 279 17 69 394 275 72 110 220 157 215 233 321 298 302 171 362 331 249 340 389 204 386 166 450 268 373 305 316 252 49 374 279 203 290 254 223 391 385 259 143 279 222 351 111 231 305
 256 218 329 377 105 182 219 377 225 109 84 80 394 255 125 167 364 225 156 88 311 322 359 149 315 284 349 189 277 1 351 230 217 292 321 170 50 402 311 144 207 181 412 78 264 162 269 297 243 319 197 257 107 103 256 255 295 212 279 272 204 422 262 444 143 116 285 215 59 394 175 270 223 238 177 339 178 329 332 230 161 177 264 384 268 222 235 390 350 361 368 87 133 229 279 200 318 54 225 356 267 287 344 278 290 102 41 353 83 322 313 357 214 202 279 297 152 49 254 41 132 407 161 363 118 150 312 155 321 346 349 295 387 137 143 213 72 115 41 252 386 299 286 132 117 443 293 81 193 375 268 244 288 205 305 287 194 101 36 180 148 122 61 177 223 90 209 100 299 336 126 380 435 368 127 100 202 187 300 104 64 184 195 276 391 239 86 287 105 85 201 437 155 223 90 283 197 397 241 380 127 263 377 64 272 283 195 390 56 181 189 293 59 304 357 265 227 128 59 218 313 365 221 206 402 294 26 28 265 366 134 114 356 187 252 318 231 360 56 188 90 116 134 248 358 88 138 195 423 116 229 249 212 177 276 410 216 198 143 264
 384 158 32 107 278 179 135 137 199 392 324 284 84 97 349 242 187 238 210 368 46 87 96 208 65 284 54 269 322 351 1 263 182 186 68 228 380 159 117 297 148 179 134 370 175 227 162 282 315 171 203 96 255 338 133 180 193 212 76 82 228 202 108 198 287 356 101 388 348 79 189 197 207 133 176 246 178 121 104 348 274 262 88 83 205 314 331 119 38 40 29 270 405 192 82 235 205 368 320 63 170 239 72 197 67 337 358 160 280 181 138 68 381 204 74 83 210 344 146 365 395 209 331 89 369 331 173 371 48 40 86 139 159 217 214 145 284 238 316 215 103 83 117 237 321 191 150 320 169 128 98 361 65 283 156 96 161 366 322 199 208 337 349 179 165 265 143 284 54 16 286 59 185 218 314 283 165 179 257 395 365 212 176 150 59 156 283 189 249 353 213 190 198 255 274 89 254 189 127 30 306 121 39 294 120 162 228 91 382 187 221 185 294 174 64 308 351 377 297 273 232 148 182 153 178 73 351 356 153 44 266 238 21 279 127 123 168 176 298 254 287 271 218 279 65 272 222 167 184 238 231 200 140 384 76 205 195 370 209 98
 123 244 261 348 129 216 168 367 293 330 152 158 254 203 321 275 390 27 222 181 220 296 209 203 273 57 227 42 71 230 263 1 90 98 200 82 279 218 308 91 159 212 245 298 310 92 104 69 53 350 269 214 143 299 265 305 347 59 197 222 297 221 248 250 89 151 162 134 271 257 128 330 297 241 188 115 146 325 181 88 297 302 205 243 68 54 69 227 238 294 262 210 353 74 186 299 109 279 60 227 308 63 304 80 202 146 264 367 224 125 324 311 125 274 224 268 214 262 117 268 348 201 100 329 161 107 347 141 216 234 207 310 202 194 203 212 173 192 225 329 233 181 148 124 298 251 125 153 134 205 243 99 209 33 127 168 155 313 228 243 144 312 274 145 258 204 180 250 235 253 106 255 245 155 300 132 229 125 72 327 285 82 119 301 269 269 150 338 162 170 282 245 158 12 225 256 311 199 146 286 109 262 301 220 273 316 56 245 284 227 277 99 209 114 227 55 91 338 217 17 92 184 88 145 209 254 248 253 111 300 266 183 279 322 139 318 99 381 211 305 243 252 184 24 310 217 136 220 231 159 321 315 189 143 212 206 281 119 163 236
 208 161 176 260 118 138 80 278 212 298 161 138 192 114 276 206 301 64 152 203 137 208 151 134 185 132 156 88 159 217 182 90 1 81 126 54 261 186 219 120 72 134 201 268 225 58 53 137 142 262 191 125 111 256 178 221 261 33 111 133 222 207 159 228 111 183 86 208 241 194 56 246 217 154 110 145 70 236 122 170 233 234 116 182 67 137 155 178 163 210 187 165 319 22 102 225 111 255 143 159 222 102 217 71 117 168 242 278 180 108 235 224 200 196 135 179 145 234 42 247 312 193 152 241 196 153 259 192 137 159 145 222 171 130 137 127 147 137 197 247 178 105 78 87 249 227 77 159 52 161 154 184 123 104 89 90 71 277 201 167 83 265 243 69 175 158 94 200 148 171 115 186 219 159 248 124 147 47 122 298 258 37 37 214 200 184 133 252 120 188 205 221 90 80 178 167 240 182 58 208 132 174 219 183 185 229 47 186 265 150 203 81 176 90 159 143 172 298 182 97 118 149 5 58 186 166 228 234 50 216 206 130 196 255 55 229 17 292 179 234 197 197 122 111 223 171 85 139 207 111 244 232 103 204 124 195 201 189 100 147
 213 224 193 284 189 209 140 309 278 378 227 213 160 158 356 282 344 82 228 264 149 240 115 211 214 101 141 126 142 292 186 98 81 1 118 124 338 122 260 173 139 206 148 347 282 131 37 98 143 311 261 170 188 336 231 281 316 82 138 171 293 133 207 158 167 238 91 230 320 164 136 305 285 211 183 72 146 274 90 182 310 309 155 149 31 150 162 130 154 222 178 245 399 65 124 297 33 333 155 139 279 55 241 19 137 228 319 318 260 31 279 244 222 266 170 216 221 312 65 324 392 116 193 265 250 198 309 235 139 151 116 269 106 208 214 190 224 217 275 311 137 106 73 164 329 159 37 226 127 108 199 191 147 128 33 97 143 356 279 239 163 345 322 146 238 238 159 280 173 180 178 165 152 79 327 195 214 125 73 377 336 109 115 266 179 243 207 308 199 251 275 153 169 95 258 207 313 108 103 204 190 225 224 262 233 282 101 150 342 222 275 2 255 17 138 130 186 378 261 113 50 87 76 127 116 200 305 311 48 227 285 210 204 331 88 269 72 333 257 308 276 276 201 105 242 251 164 208 138 191 312 295 166 240 158 119 268 216 179 192
 321 164 81 170 235 171 106 198 216 379 280 247 74 87 343 244 241 175 200 324 39 135 49 192 109 217 31 211 256 321 68 200 126 118 1 177 357 114 161 245 116 169 104 353 204 178 97 215 251 216 210 94 218 328 153 206 230 154 54 86 240 154 126 159 236 307 41 329 328 74 148 227 223 142 158 179 144 171 41 286 276 268 78 65 139 252 268 82 39 106 64 248 396 131 46 246 138 347 258 36 199 172 130 130 44 290 336 214 261 115 182 130 321 213 80 118 197 324 86 342 386 155 276 151 320 278 216 317 24 35 37 178 108 197 197 139 251 215 291 240 72 23 52 196 314 154 82 277 129 80 114 298 53 223 89 37 129 354 296 198 173 331 330 144 176 242 122 271 71 64 238 62 146 155 309 240 164 137 190 380 346 160 131 181 75 173 244 224 217 309 223 151 168 192 256 115 265 136 81 88 256 143 106 271 148 197 171 72 359 182 228 118 269 107 37 243 289 369 273 211 164 91 125 116 128 102 325 331 89 111 261 213 87 288 74 169 110 230 272 263 272 260 195 214 128 252 185 163 141 206 251 224 124 328 72 153 208 311 180 110
 179 171 218 295 67 139 106 309 215 259 108 91 245 148 244 194 324 65 142 150 183 240 204 122 221 136 207 56 150 170 228 82 54 124 177 1 215 237 246 70 94 135 253 228 237 11 103 147 124 281 190 157 68 223 197 231 274 44 154 168 218 255 184 278 60 131 137 169 201 247 54 255 219 172 111 175 72 264 176 141 216 221 152 234 100 111 130 231 213 252 236 132 281 61 147 219 150 212 117 211 235 124 253 109 162 115 198 303 147 153 258 262 162 195 172 211 133 192 95 202 276 239 106 277 144 105 277 144 186 209 198 243 222 113 122 141 103 112 155 252 232 155 131 45 220 277 129 106 67 214 182 157 166 77 139 141 85 240 158 164 63 234 203 71 184 125 113 171 188 216 62 238 270 200 221 72 154 56 141 258 216 18 55 231 251 197 85 265 84 135 203 271 79 71 147 197 231 230 102 255 80 196 263 145 207 246 29 239 220 149 197 125 136 136 211 134 142 263 143 79 148 200 57 82 235 200 183 189 102 259 185 103 241 241 104 255 70 316 138 224 165 172 103 105 262 139 55 145 257 79 242 239 121 158 162 241 203 148 82 176
 302 236 355 394 153 205 252 390 231 65 133 126 430 284 96 170 370 273 175 130 343 342 397 173 338 333 384 238 326 50 380 279 261 338 357 215 1 443 327 194 241 204 452 39 272 207 313 346 292 326 207 285 150 80 273 263 299 258 311 299 206 466 284 487 192 162 323 260 39 429 214 274 228 259 205 387 214 343 371 278 155 173 294 420 315 271 284 429 383 386 400 111 87 274 314 201 365 18 274 392 276 335 365 324 322 149 23 363 101 367 325 379 260 211 307 319 173 38 295 16 89 452 209 382 162 199 319 200 354 379 387 308 429 164 167 238 114 143 67 254 424 336 326 175 100 485 336 130 231 415 292 291 320 254 348 324 229 65 62 195 186 98 40 214 238 117 240 105 328 365 175 414 478 414 111 148 222 226 348 58 29 229 235 288 424 254 133 292 144 131 207 480 190 271 108 306 193 441 279 409 176 282 404 87 290 293 242 427 7 200 195 338 89 348 392 314 275 90 85 267 361 407 265 243 445 318 34 28 308 391 137 145 383 177 291 332 274 367 86 185 98 122 164 297 380 109 179 217 466 154 228 254 241 221 305 454 225 244 177 289
 325 276 184 263 303 278 207 295 328 475 344 323 85 198 444 352 345 203 304 383 150 242 67 292 216 206 108 247 248 402 159 218 186 122 114 237 443 1 270 293 213 275 40 447 317 243 135 197 257 325 321 207 295 427 266 319 342 199 166 199 352 44 239 47 287 358 130 348 420 91 231 340 336 254 259 135 234 277 80 298 384 378 190 80 152 268 277 42 123 196 135 341 494 177 154 357 113 436 272 98 312 163 230 140 157 347 424 318 355 94 291 226 340 324 193 229 300 414 149 429 485 56 314 247 371 319 326 356 133 122 80 289 17 295 297 248 331 309 378 354 58 125 121 271 416 43 110 342 215 35 227 305 166 249 100 131 223 451 383 306 259 433 422 234 288 334 225 370 183 163 296 107 36 88 412 308 274 219 171 475 438 221 209 294 115 286 318 336 301 369 334 39 259 216 351 227 376 37 171 159 309 256 187 362 260 309 218 74 447 289 338 121 356 107 97 240 302 469 362 233 139 38 182 207 23 214 411 417 137 199 365 305 178 398 157 277 171 334 359 373 369 362 290 221 223 346 266 271 28 291 363 337 229 360 185 50 320 335 271 223
 423 94 87 68 271 132 143 68 105 321 313 265 200 106 272 163 85 282 156 355 123 31 204 166 55 346 163 299 377 311 117 308 219 260 161 246 327 270 1 309 154 134 248 307 69 240 227 349 360 56 123 95 241 267 57 77 78 250 123 90 137 312 63 311 298 354 171 413 290 195 194 86 112 79 148 329 176 19 201 384 191 175 107 198 269 352 371 232 149 91 145 226 330 237 138 143 287 312 359 173 64 307 54 265 126 332 306 60 231 267 22 67 407 121 91 45 161 290 201 313 318 315 347 60 366 344 58 380 139 149 192 27 266 179 171 110 258 201 272 108 217 161 189 234 247 305 226 308 180 237 66 399 116 318 237 166 162 296 278 133 199 260 290 178 90 223 134 223 92 109 291 174 298 313 237 275 112 191 327 326 306 236 194 44 174 74 267 75 226 341 127 303 182 298 223 55 161 295 165 133 311 53 110 249 42 51 259 206 327 132 138 260 254 254 174 361 386 299 253 314 309 251 221 167 287 61 303 308 216 93 195 205 103 187 176 10 212 75 256 164 230 207 185 329 70 224 214 120 296 217 130 95 126 397 103 312 107 392 189 73
