NAME : domp300p100v7
COMMENT : (Deleplanque et al.) 
TYPE : DOMP
DIMENSION : 300
DISPLAY_DATA_TYPE: NO_DISPLAY
OPEN_FACILITIES : 100
COST_SECTION
 1 378 351 153 182 111 304 112 155 144 240 18 410 119 206 349 76 221 102 309 217 229 310 149 181 386 447 350 268 303 201 341 104 196 287 226 336 269 380 354 196 206 200 40 118 278 324 140 355 84 260 321 171 20 27 389 161 292 316 430 191 78 354 265 217 29 411 303 58 202 157 184 245 270 134 392 122 315 440 355 36 200 345 362 196 315 169 84 247 115 248 77 110 325 424 92 374 263 286 157 234 267 135 52 223 108 249 118 151 171 265 77 129 386 232 387 293 108 292 227 130 307 152 232 269 207 315 114 87 293 361 301 66 66 74 359 287 208 263 344 304 349 196 302 130 276 418 154 365 109 281 217 431 135 284 214 114 40 194 384 293 194 252 209 72 37 51 111 391 145 159 243 38 332 292 90 176 354 133 90 166 312 198 98 135 303 245 184 209 116 330 194 279 67 179 155 344 84 140 148 176 124 277 337 295 266 134 429 166 300 180 141 132 130 389 140 342 194 349 125 413 242 252 248 228 130 190 252 217 210 74 152 175 293 155 357 335 112 136 96 115 366 159 161 84 178 102 345 200 345 308 225 95 316 206 396 218 210 50 257 175 244 310 153 360 289 121 453 205 193 204 262 322 53 369 95 11 136 373 261 258 121 163 194 385 383 259 118 207 37 250 188 272 126 251 271 117 252 241 184
 378 1 303 227 251 401 141 463 228 238 173 363 67 358 234 81 302 237 408 70 176 274 251 280 283 20 86 300 164 189 198 174 361 253 236 253 152 182 63 27 185 179 183 346 405 100 111 348 74 342 128 74 208 370 393 78 221 258 207 84 187 369 170 310 188 384 88 178 372 180 332 290 288 188 285 67 319 309 78 115 355 305 83 76 325 148 209 295 132 406 138 341 330 167 62 440 106 244 152 332 324 263 251 377 236 304 228 266 257 267 169 355 249 98 271 14 90 461 199 313 296 191 237 148 242 282 299 281 335 279 34 247 376 345 311 49 188 296 267 260 306 268 196 237 290 251 47 244 40 356 257 293 72 327 115 333 361 365 226 7 87 323 133 203 309 344 346 312 60 255 231 352 345 151 96 296 226 64 367 347 214 179 188 375 280 76 173 353 177 344 233 282 195 314 310 231 65 302 310 234 309 329 142 165 230 194 354 76 286 302 201 326 369 279 80 243 160 226 240 288 44 204 321 257 275 256 189 133 301 186 378 355 224 179 253 278 127 310 243 414 266 147 314 224 371 253 290 253 209 60 115 280 354 97 220 91 238 180 336 192 235 138 74 227 283 195 361 93 320 212 334 310 84 402 10 333 387 361 54 197 158 258 215 270 32 14 171 331 228 405 189 337 107 256 149 263 321 147 144 301
 351 303 1 290 378 285 374 361 250 256 347 348 370 424 382 223 311 397 299 275 213 435 61 206 172 293 383 4 365 416 331 131 415 165 88 133 152 384 249 303 244 303 241 313 283 262 195 431 353 385 226 240 261 333 377 374 251 69 439 386 261 402 138 485 337 335 389 406 304 292 202 168 457 140 369 253 394 41 375 388 316 440 354 230 452 158 272 302 272 286 301 276 394 412 362 346 391 101 166 431 476 452 318 389 398 246 411 318 216 384 163 280 284 390 121 316 249 362 417 129 377 421 237 279 437 426 37 250 266 480 320 461 398 286 288 333 129 144 92 45 51 38 319 77 371 449 343 336 329 415 456 442 372 411 215 150 422 371 185 305 259 165 235 348 298 319 360 241 359 227 322 501 344 404 236 331 209 240 240 266 256 127 228 274 222 282 353 464 228 411 71 159 127 301 174 242 336 279 213 257 427 230 185 140 86 393 431 377 398 54 291 214 242 359 240 310 417 362 67 231 301 383 109 110 435 253 263 299 449 325 295 444 334 134 213 31 177 240 273 310 308 165 418 309 282 376 262 52 346 245 353 437 403 214 175 387 396 313 305 384 202 243 300 262 28 121 427 390 153 341 160 95 333 333 302 386 356 437 254 138 349 281 278 160 333 317 166 401 167 352 156 176 277 308 202 455 235 206 298 169
 153 227 290 1 91 203 162 249 43 42 100 138 259 152 101 209 78 119 205 158 90 151 233 116 145 236 295 288 130 176 63 228 149 134 206 162 215 138 236 203 58 56 62 126 208 129 190 151 205 123 119 176 32 148 168 239 40 222 195 279 45 149 238 201 78 163 261 172 159 50 170 154 173 165 84 248 115 265 288 209 135 151 195 221 164 193 23 71 96 209 96 135 120 191 272 225 227 190 164 146 188 177 33 153 120 110 142 42 90 96 150 149 28 237 179 236 146 246 169 203 94 181 60 80 167 139 261 83 133 207 209 199 154 134 94 207 183 178 202 265 256 273 53 220 86 179 266 48 213 146 185 155 279 129 145 207 152 140 106 233 144 187 108 79 88 122 121 121 239 79 34 212 119 194 147 71 83 210 185 146 35 203 69 176 103 151 107 178 76 137 241 156 178 93 167 52 193 88 138 39 138 147 149 221 211 141 154 277 110 251 28 155 186 74 248 24 205 81 260 104 264 120 226 184 151 58 43 100 161 67 170 163 51 184 90 283 207 120 30 207 40 242 131 22 167 88 85 263 72 200 161 152 139 177 116 246 117 63 117 130 92 98 158 30 287 188 155 301 193 65 202 227 171 185 218 118 163 161 228 161 117 39 15 146 233 231 144 125 124 183 144 193 121 32 120 180 135 119 89 163
 182 251 378 91 1 266 136 292 133 131 80 166 261 113 25 261 124 40 264 192 170 62 320 203 234 266 299 376 100 123 58 303 120 224 292 252 287 93 281 225 136 87 140 173 273 171 252 99 203 112 181 224 119 187 185 234 130 310 135 278 119 136 311 111 65 203 255 125 214 95 253 243 83 247 50 292 77 355 294 190 182 65 192 271 82 265 107 125 139 272 118 199 90 148 280 270 211 278 239 82 99 92 72 156 41 187 68 82 179 17 228 212 107 225 270 256 193 289 111 293 58 127 149 123 89 49 350 164 201 122 224 122 148 194 155 216 264 267 292 350 346 358 67 306 55 98 281 46 225 113 104 65 284 79 206 295 117 152 196 257 187 274 169 49 143 166 134 198 242 167 58 126 146 159 199 98 173 257 259 214 124 281 151 241 188 182 82 105 154 100 325 245 261 146 254 142 198 154 221 128 61 226 220 294 296 88 106 280 36 341 88 237 260 53 296 75 166 26 343 187 294 64 316 273 61 143 118 123 72 70 228 105 45 263 179 369 272 198 116 263 93 309 64 71 229 5 160 347 44 245 150 62 117 234 205 237 37 80 168 80 182 158 179 120 374 270 115 304 281 45 289 317 175 229 242 100 192 112 270 245 98 115 101 236 246 251 223 88 213 219 227 279 156 85 193 96 212 190 115 251
 111 401 285 203 266 1 364 78 180 172 302 121 448 227 286 352 142 304 15 335 226 321 259 124 137 405 480 285 331 375 263 315 212 164 243 185 317 338 386 382 221 257 222 97 8 304 320 246 399 188 274 333 204 94 132 432 188 240 392 468 224 188 328 363 279 83 454 372 57 248 89 134 339 248 223 397 222 245 473 409 90 298 391 365 298 299 209 142 280 7 292 69 213 392 456 62 425 219 275 261 335 356 201 162 305 99 331 186 145 259 253 55 176 434 180 413 313 78 367 157 223 380 167 270 354 300 249 125 71 385 393 387 176 73 113 395 262 149 209 291 235 294 255 257 220 363 446 226 399 217 369 313 464 238 292 136 222 148 180 407 316 122 270 277 124 105 153 91 429 147 224 348 134 396 306 169 176 361 47 58 196 286 214 28 122 332 308 290 225 221 285 146 252 121 119 174 384 116 96 176 276 75 273 314 253 339 241 465 259 232 228 84 44 216 391 202 407 270 302 114 429 316 177 200 320 152 223 295 315 269 41 259 243 270 149 299 325 92 175 27 177 348 259 219 37 262 120 294 269 356 360 318 202 320 190 441 301 265 99 328 168 266 344 186 300 260 229 487 134 261 126 191 366 64 394 198 108 244 382 237 318 165 206 153 416 409 248 221 185 88 233 110 304 187 256 360 82 258 285 127
 304 141 374 162 136 364 1 407 190 195 65 287 130 248 114 187 233 109 366 111 176 140 315 264 283 159 168 372 38 50 105 263 256 260 290 277 241 48 191 117 158 108 159 284 369 114 196 232 75 244 150 152 165 304 312 102 182 313 71 146 147 270 266 171 89 319 120 39 320 118 321 292 151 236 182 199 212 365 164 54 293 176 63 191 196 225 158 229 107 370 81 296 225 39 151 384 75 287 210 212 188 123 171 287 108 269 93 187 236 152 213 310 189 90 297 141 131 405 60 333 191 53 206 107 103 153 357 242 294 139 108 108 281 295 255 95 247 309 307 336 358 345 111 299 187 112 157 151 105 248 117 161 154 214 162 345 252 280 227 146 121 328 141 97 247 278 261 279 113 228 146 216 267 34 143 215 212 175 343 307 173 252 172 337 255 101 60 226 165 236 308 289 249 251 310 197 78 249 291 191 186 304 191 253 290 58 240 149 169 354 137 309 344 181 209 167 47 115 321 259 183 76 351 291 141 215 148 81 169 97 331 236 130 242 234 356 219 278 190 368 193 252 195 147 328 139 245 331 106 164 28 146 251 174 229 102 111 100 276 60 224 136 85 181 361 255 250 172 330 112 342 345 59 343 133 234 314 246 180 240 47 200 159 277 124 136 211 223 239 338 224 338 99 182 175 124 292 170 87 303
 112 463 361 249 292 78 407 1 236 227 343 128 504 224 315 420 176 331 65 395 290 340 336 194 212 468 539 361 373 411 304 390 208 237 319 260 390 375 454 442 279 304 281 125 79 364 390 246 452 194 338 398 258 106 119 486 244 316 425 524 279 182 403 374 320 90 508 410 92 298 165 210 355 321 244 465 232 321 531 456 115 310 443 433 305 372 260 180 336 76 343 123 220 431 514 24 474 295 346 265 343 378 238 154 332 161 359 222 211 282 324 109 222 485 257 474 375 5 400 234 240 416 226 323 379 317 325 183 129 404 451 412 168 119 156 451 336 226 285 367 311 370 298 333 240 387 506 260 457 215 391 327 522 244 358 212 218 148 250 469 377 199 332 314 162 130 162 156 485 210 262 349 148 437 370 197 242 428 123 120 251 360 276 97 188 391 349 289 287 223 361 221 326 157 195 232 439 163 169 231 286 147 342 388 329 374 239 522 277 308 275 159 121 240 460 241 447 302 379 179 494 350 253 277 339 208 278 346 327 312 86 257 280 343 215 375 396 157 225 55 215 421 269 261 96 288 174 370 306 422 408 336 201 387 261 493 328 310 133 364 235 326 401 239 377 335 225 545 211 298 202 267 418 65 455 205 104 240 449 311 361 212 256 228 475 470 319 227 257 76 305 186 361 226 322 382 151 324 336 203
 155 228 250 43 133 180 190 236 1 11 133 142 270 182 143 196 84 161 185 160 65 194 195 77 104 235 304 248 162 211 100 199 176 92 167 121 189 173 227 207 44 83 47 120 185 129 171 185 220 148 107 168 26 145 174 254 9 182 231 291 46 171 210 243 113 157 276 205 145 73 133 113 215 131 121 238 148 224 297 232 128 192 212 209 204 167 34 74 102 185 114 115 151 222 280 212 247 150 138 183 230 218 69 168 161 82 182 71 50 137 120 130 37 256 137 239 142 234 205 161 129 216 18 91 208 181 220 56 111 248 216 238 172 118 84 217 149 136 161 227 214 234 89 182 122 219 271 89 222 174 226 197 288 164 131 167 181 152 66 234 143 147 99 117 84 119 135 91 251 40 76 254 127 223 139 91 41 200 154 123 18 171 45 152 67 156 140 215 56 167 205 114 144 89 127 10 206 75 103 9 178 116 126 193 173 178 186 288 150 209 57 120 156 110 236 62 235 122 224 71 261 158 184 142 193 29 45 116 203 101 152 198 92 152 49 244 185 90 26 189 62 218 169 64 146 131 63 225 112 192 183 194 165 162 76 263 158 93 110 167 50 92 167 14 249 154 185 311 152 104 161 184 187 175 220 145 164 193 220 126 146 39 36 104 240 235 114 156 83 179 110 154 126 61 99 222 104 99 107 123
 144 238 256 42 131 172 195 227 11 1 137 132 279 174 142 206 74 160 177 170 75 192 201 75 105 245 313 254 166 214 102 209 167 95 174 125 199 176 237 216 54 88 57 110 177 139 182 177 228 138 117 178 33 134 164 262 18 188 234 299 54 161 220 241 116 147 284 209 136 78 130 114 213 140 115 248 140 229 306 238 118 188 220 219 199 177 38 64 111 178 121 107 143 226 289 203 254 156 148 176 226 217 64 158 161 75 182 63 49 134 129 121 29 263 141 249 152 224 208 163 123 219 20 99 208 178 225 48 103 248 225 239 162 109 74 226 158 137 166 234 219 242 91 189 116 219 281 86 231 166 226 194 297 157 141 167 172 142 72 244 153 146 109 119 74 109 125 85 260 38 74 249 117 228 149 82 48 211 149 115 26 181 55 145 63 165 144 209 66 159 213 116 152 78 126 15 214 65 99 5 173 110 136 203 180 180 179 296 145 214 60 116 150 104 246 57 240 122 232 66 272 160 187 148 191 21 53 124 199 104 143 191 91 162 50 251 195 84 18 180 54 228 163 63 138 128 54 233 113 202 190 192 156 173 83 270 158 97 100 169 55 102 175 15 256 162 177 319 152 105 161 187 195 165 230 136 153 185 230 134 151 29 38 107 249 245 123 149 89 169 119 152 135 54 109 221 98 109 114 122
 240 173 347 100 80 302 65 343 133 137 1 223 183 191 62 193 169 67 304 119 137 107 287 209 233 189 221 344 31 79 40 251 196 213 260 235 232 42 208 147 110 51 112 220 308 104 191 178 125 182 128 155 109 239 248 157 126 281 100 201 96 209 257 151 24 255 178 73 256 63 265 242 125 208 121 219 153 331 216 117 229 133 114 202 153 212 100 165 79 308 51 233 165 91 201 320 137 252 190 160 157 110 107 224 66 209 69 123 181 96 186 248 127 150 254 178 126 340 75 286 131 84 150 69 92 111 324 182 232 136 145 116 218 232 191 137 222 262 270 312 323 321 48 271 126 104 202 87 146 190 111 124 206 158 148 296 194 216 181 180 118 277 116 34 183 214 197 220 164 172 82 185 203 95 135 150 162 186 284 246 117 234 126 275 198 108 8 180 122 177 285 240 222 187 258 141 120 187 235 133 137 246 170 241 262 49 184 202 114 318 77 252 285 118 224 103 106 56 301 201 216 40 307 252 108 156 95 55 132 34 268 183 66 219 180 332 213 219 129 305 129 250 142 84 266 82 184 308 42 174 73 112 191 171 185 161 67 41 212 39 174 107 102 122 337 230 193 226 280 48 291 303 96 279 164 172 249 191 198 209 20 138 100 229 167 173 183 164 195 274 192 285 87 118 147 112 233 143 51 252
 18 363 348 138 166 121 287 128 142 132 223 1 394 107 189 337 61 204 114 294 205 213 305 144 177 372 431 347 251 286 184 332 92 190 281 221 326 252 367 339 183 190 187 36 128 264 312 127 339 70 247 308 157 28 33 373 148 288 299 415 177 68 345 249 200 42 395 286 66 187 158 181 229 261 117 379 106 313 425 338 37 184 329 349 181 304 155 70 232 126 232 77 95 308 408 108 358 258 276 143 219 250 118 45 206 104 233 102 143 155 255 81 115 369 228 372 280 125 275 226 113 290 141 217 252 190 313 106 87 277 345 285 58 67 65 343 279 207 259 339 302 345 180 296 113 259 403 137 350 97 264 201 415 120 272 215 102 28 185 369 279 194 238 192 60 30 35 109 375 136 143 229 21 316 278 73 167 341 138 92 153 303 186 105 129 288 228 171 197 102 323 191 271 55 179 143 328 75 138 135 161 125 266 328 289 249 121 413 150 298 164 142 137 113 377 124 325 178 343 120 399 225 252 243 211 119 175 236 201 193 82 140 158 284 147 353 324 109 122 109 99 356 144 145 91 161 93 339 183 332 292 209 82 303 198 379 201 194 44 240 166 230 295 139 356 281 109 437 205 176 205 260 306 68 354 80 28 124 360 253 242 107 148 190 370 368 249 103 199 54 241 189 257 110 240 254 116 240 225 182
 410 67 370 259 261 448 130 504 270 279 183 394 1 372 240 148 335 237 453 116 227 268 317 331 338 81 40 367 163 169 216 241 378 309 300 313 219 176 127 72 228 205 226 383 452 145 177 358 58 363 181 135 247 406 423 30 262 323 181 22 226 389 236 295 202 420 24 159 413 209 385 346 278 251 302 128 335 374 36 83 392 305 70 143 325 214 245 329 169 453 163 384 347 141 25 480 64 307 215 339 316 248 278 402 236 350 221 294 305 277 231 399 284 50 331 55 143 501 182 373 312 169 282 181 228 281 364 325 379 258 57 224 398 386 349 54 252 354 330 326 371 334 217 302 307 235 41 265 50 371 239 290 25 339 173 392 375 392 280 67 136 380 182 216 345 379 373 358 20 301 255 343 375 124 152 324 275 131 417 392 254 245 235 420 328 117 180 355 224 359 299 339 259 350 366 274 67 342 360 274 314 378 203 231 296 186 365 21 294 367 232 378 419 298 142 271 129 237 306 335 87 204 383 318 270 298 227 160 297 205 421 363 243 244 302 344 194 357 280 458 296 213 322 251 415 263 332 319 223 126 111 275 372 161 275 37 239 202 374 188 286 184 104 266 349 260 374 44 378 228 392 373 89 441 69 353 420 371 120 259 164 294 250 326 38 54 232 346 284 441 249 393 145 286 205 248 368 202 170 357
 119 358 424 152 113 227 248 224 182 174 191 107 372 1 135 356 115 143 220 295 240 132 373 222 258 372 411 422 212 229 161 378 17 260 346 292 366 203 380 332 208 182 213 136 234 269 340 24 315 43 268 321 182 134 106 346 184 358 235 390 195 43 389 156 172 147 366 233 172 185 253 264 142 312 75 391 40 393 406 301 141 94 303 367 84 344 174 123 235 233 222 176 33 256 391 207 322 326 315 46 122 171 120 71 145 188 169 113 209 97 299 184 146 336 305 364 290 220 215 314 64 232 191 218 180 110 391 177 184 192 333 209 57 167 144 326 330 290 333 406 382 413 164 361 70 183 391 117 335 11 186 114 395 35 294 307 7 81 243 365 285 285 256 158 131 127 77 197 354 198 132 126 96 269 293 94 220 355 241 193 183 352 219 210 205 286 193 66 226 16 385 271 325 130 267 187 309 150 227 174 73 220 300 371 352 197 16 392 81 378 168 236 240 82 394 129 274 136 405 198 400 174 339 315 131 173 193 227 111 173 188 34 136 333 212 422 357 197 157 214 121 393 58 143 196 110 166 405 151 344 262 127 26 325 255 349 141 180 139 190 225 246 285 172 426 335 4 415 295 148 298 345 286 172 349 39 125 18 371 307 209 146 166 266 356 360 293 29 260 152 291 284 257 124 271 174 209 269 217 268
 206 234 382 101 25 286 114 315 143 142 62 189 240 135 1 251 145 19 285 179 171 55 323 216 246 250 278 379 78 99 53 299 144 233 295 259 282 69 268 208 138 83 142 195 293 160 245 120 183 136 176 213 125 210 209 213 138 314 111 257 122 160 306 104 53 226 233 101 235 93 268 255 76 247 74 278 101 361 274 167 204 73 171 260 92 261 114 145 130 292 106 219 114 124 260 293 188 283 236 101 101 76 88 180 20 204 46 101 190 40 228 232 121 202 277 239 183 312 87 303 82 103 160 115 69 52 355 179 220 107 206 102 172 215 175 197 263 278 298 352 352 360 65 308 79 80 262 62 206 136 86 66 263 101 200 308 139 176 203 241 175 287 163 38 163 188 158 215 222 179 69 129 169 135 190 120 180 245 277 233 131 279 154 261 202 168 63 119 155 123 326 256 261 167 267 151 179 173 236 139 76 242 217 290 299 64 127 259 56 347 92 252 278 77 284 90 142 22 344 202 277 40 326 279 55 157 120 111 74 62 249 124 52 262 191 371 266 214 128 284 111 303 83 80 250 29 177 348 37 233 129 57 140 225 211 215 17 74 190 56 191 153 163 130 376 270 137 283 293 42 302 325 156 252 225 124 215 133 257 246 78 130 109 246 227 234 223 111 220 242 229 293 144 102 190 80 229 187 104 263
 349 81 223 209 261 352 187 420 196 206 193 337 148 356 251 1 278 259 361 78 134 299 172 229 223 71 162 220 196 236 204 94 356 193 159 186 72 217 36 85 155 177 152 314 355 91 35 350 141 331 91 39 182 338 369 155 190 181 257 164 165 357 90 342 199 350 168 224 333 172 275 229 317 117 283 46 317 230 154 180 322 323 145 14 341 70 188 268 124 357 146 300 325 221 140 398 177 171 82 339 349 298 239 360 258 260 259 250 210 275 103 313 225 173 202 94 69 419 243 244 294 239 199 141 278 301 220 242 292 320 102 292 361 305 278 117 113 230 193 179 228 188 196 159 287 290 122 240 111 351 296 315 150 328 66 266 357 345 173 83 77 260 102 215 279 314 327 266 139 212 225 378 321 208 64 278 180 18 313 302 185 100 152 327 233 89 196 365 141 341 153 220 121 284 249 196 125 268 257 203 321 278 80 84 153 228 355 155 294 225 189 272 315 275 41 230 219 237 159 243 86 231 249 185 300 221 167 141 323 192 335 360 224 104 207 197 47 264 217 369 247 69 321 214 326 262 253 172 218 26 160 304 346 35 163 168 259 182 303 223 186 112 103 199 202 120 359 169 254 218 269 236 132 364 81 325 358 362 35 127 184 231 195 209 112 95 107 328 169 372 124 274 108 240 100 300 272 99 148 240
 76 302 311 78 124 142 233 176 84 74 169 61 335 115 145 278 1 163 141 234 148 181 262 108 144 311 372 310 198 238 129 279 105 148 237 180 271 201 307 279 123 132 127 52 149 204 254 126 281 74 188 248 97 72 93 315 89 247 253 356 117 93 291 224 145 88 337 236 91 127 143 150 200 209 84 319 92 279 365 283 61 162 271 290 166 249 95 11 172 148 173 76 88 257 348 153 301 215 220 133 200 215 63 86 164 76 190 47 97 118 201 89 55 312 192 312 219 173 228 200 85 242 86 157 212 161 278 63 80 244 285 246 91 71 34 284 228 176 220 296 269 303 123 252 82 222 343 86 290 105 227 174 356 110 213 195 112 69 135 309 219 173 178 140 21 46 53 86 316 87 88 217 45 263 218 29 114 281 139 92 93 251 127 118 91 228 175 166 138 103 278 157 221 23 154 86 269 38 114 76 141 111 209 274 244 201 124 354 120 264 104 125 140 75 317 67 273 130 297 85 339 177 225 203 180 65 115 177 177 137 104 140 106 232 100 312 268 85 62 140 41 300 126 87 106 120 52 296 131 272 235 178 93 244 148 322 159 137 46 191 116 170 235 79 315 231 118 378 182 124 186 231 248 111 294 77 86 130 300 202 187 47 88 153 310 308 195 96 152 107 189 172 197 52 182 219 99 181 166 154
 221 237 397 119 40 304 109 331 161 160 67 204 237 143 19 259 163 1 303 185 186 42 338 234 264 253 276 395 76 87 68 312 153 250 311 276 293 63 274 211 154 96 157 212 310 169 255 126 181 148 188 221 142 226 223 210 156 330 97 254 137 171 318 90 64 242 229 91 252 107 286 272 62 262 89 284 112 377 272 161 221 69 169 267 89 273 131 162 141 310 115 236 125 114 258 309 183 299 249 105 91 58 106 193 2 222 29 119 208 52 242 250 139 197 295 240 191 328 74 321 95 91 178 127 51 46 371 197 238 89 207 84 184 232 192 197 278 296 314 367 368 375 80 323 93 61 261 80 207 145 68 58 261 110 211 326 148 190 220 243 183 305 175 51 181 205 173 233 220 197 87 120 185 127 200 137 198 252 295 251 149 292 170 279 220 174 66 118 170 133 340 274 276 184 285 169 179 191 255 157 78 261 229 302 314 55 134 257 64 364 109 270 296 92 290 108 132 39 358 220 280 35 344 296 42 175 136 119 66 75 266 128 70 276 209 386 277 232 147 301 129 313 88 98 267 44 195 363 52 240 128 46 151 235 228 210 4 87 207 50 209 165 167 148 391 285 145 280 311 58 320 343 156 268 228 136 230 139 263 261 80 149 126 264 227 235 237 121 237 257 244 311 153 120 203 62 247 200 114 281
 102 408 299 205 264 15 366 65 185 177 304 114 453 220 285 361 141 303 1 342 234 318 273 134 148 413 487 299 333 376 265 327 204 175 256 197 328 339 395 389 227 260 228 93 20 311 330 239 404 182 282 342 208 87 122 437 193 253 393 474 229 179 340 359 281 74 459 374 52 252 102 146 336 259 220 406 217 259 479 413 85 294 396 374 293 310 212 142 286 17 296 72 207 394 462 48 429 231 286 255 330 354 201 153 304 105 330 186 153 257 263 57 178 438 193 420 320 65 367 171 219 381 173 274 352 297 263 130 75 382 399 386 167 73 114 401 273 162 222 304 249 307 257 270 217 361 453 226 405 210 367 309 471 232 300 150 214 140 190 414 323 136 277 277 123 101 147 98 435 154 225 342 128 398 314 167 184 370 60 63 201 298 221 35 130 338 310 284 232 215 298 158 263 120 132 180 389 118 107 181 271 85 283 326 265 340 234 471 256 246 231 96 58 214 400 203 409 270 315 121 437 316 191 213 317 157 228 299 311 271 38 252 244 281 157 313 335 99 178 12 178 359 255 221 40 260 123 307 269 364 364 315 195 329 200 446 299 267 97 329 177 272 350 190 314 272 222 493 148 261 140 205 370 53 401 192 98 237 391 248 320 168 209 165 423 417 258 215 196 76 244 124 310 188 264 358 90 266 289 140
 309 70 275 158 192 335 111 395 160 170 119 294 116 295 179 78 234 185 342 1 112 224 217 216 223 79 146 272 119 159 136 156 297 194 196 200 133 140 90 48 117 114 115 278 339 32 88 286 81 276 66 42 140 302 325 108 153 219 181 137 119 302 157 266 128 315 128 148 305 113 270 231 241 143 221 101 255 272 139 114 287 251 80 85 270 120 141 226 64 340 75 274 265 146 122 372 118 199 110 272 274 221 184 310 184 238 182 198 191 207 121 288 181 119 219 80 29 393 165 260 232 162 170 80 201 229 263 214 268 243 60 214 309 277 242 66 149 240 221 234 267 243 131 201 226 212 112 179 67 291 219 242 131 264 63 278 297 297 165 76 21 266 67 144 240 276 278 245 99 189 165 303 277 134 41 228 161 69 303 280 145 149 122 308 215 12 121 296 111 280 206 224 154 245 251 164 63 234 246 166 251 265 94 145 194 151 292 132 226 263 134 263 305 215 107 176 147 167 217 222 107 155 272 208 225 189 121 70 250 124 311 294 160 142 188 253 110 244 175 347 198 142 254 157 304 193 222 228 149 57 85 229 289 66 161 120 185 116 268 146 171 71 27 159 259 157 298 153 264 150 278 263 60 334 61 268 319 299 80 150 108 189 147 212 82 76 121 267 170 337 138 278 40 189 91 223 255 87 79 242
 217 176 213 90 170 226 176 290 65 75 137 205 227 240 171 134 148 186 234 112 1 224 154 105 113 180 257 210 159 211 119 139 236 87 126 101 127 176 166 158 35 91 31 181 230 83 108 240 185 209 49 109 59 206 238 216 60 146 233 248 51 233 149 274 125 218 237 202 201 80 159 122 246 78 172 177 203 196 250 206 189 233 180 146 248 105 68 138 71 231 97 169 209 213 233 267 217 116 76 234 268 240 122 232 186 130 200 129 82 179 61 182 98 223 122 188 88 289 209 158 183 215 67 71 225 217 189 110 162 269 171 251 235 174 145 176 95 135 134 182 188 191 107 138 175 237 221 133 178 233 245 233 242 218 69 172 240 216 55 182 92 158 46 137 147 181 199 137 209 81 117 294 191 209 82 153 51 140 192 173 58 114 22 200 105 111 143 265 17 225 157 117 92 152 141 64 168 135 135 73 224 154 62 132 129 184 243 243 195 183 82 152 194 163 173 113 222 151 175 113 205 172 175 117 224 89 53 96 240 113 205 252 126 96 78 201 121 135 88 240 122 155 218 104 197 168 120 179 135 132 161 227 226 100 54 227 184 101 171 174 60 45 126 71 206 101 243 264 158 130 171 170 154 232 169 205 226 250 160 77 142 102 76 104 193 185 56 213 64 239 59 169 88 118 35 243 145 36 92 133
 229 274 435 151 62 321 140 340 194 192 107 213 268 132 55 299 181 42 318 224 224 1 377 264 295 291 306 433 111 106 107 352 145 284 349 312 334 94 314 248 192 136 196 226 328 210 296 111 214 149 228 261 177 237 226 240 190 368 107 283 175 168 359 51 105 253 257 113 267 146 313 304 23 301 99 324 110 414 303 189 234 42 202 307 60 313 166 183 181 327 155 256 123 135 290 319 210 336 289 88 51 40 132 193 42 247 49 142 239 64 281 268 168 225 329 276 232 336 92 353 101 108 210 168 49 24 408 224 259 65 243 78 181 250 212 232 317 328 351 406 405 414 118 362 102 52 295 107 242 137 55 23 293 102 251 356 138 194 255 280 224 335 216 90 200 218 179 258 252 228 118 80 194 151 240 153 232 292 318 272 183 332 208 297 249 214 105 91 209 125 380 306 315 203 315 202 214 213 282 189 60 285 270 343 352 83 120 288 64 400 145 297 318 106 330 136 153 75 397 247 317 71 377 332 2 204 174 160 30 115 282 109 103 316 240 425 317 257 176 316 153 354 76 131 285 65 220 402 91 280 162 8 147 276 264 239 42 127 223 83 242 206 206 181 430 324 133 310 342 96 350 377 192 279 265 137 237 124 303 300 118 176 160 297 262 271 277 117 272 265 282 339 193 146 243 44 272 240 154 312
 310 251 61 233 320 259 315 336 195 201 287 305 317 373 323 172 262 338 273 217 154 377 1 162 131 243 334 58 305 356 272 86 365 116 29 85 103 324 202 248 186 243 182 271 259 203 141 378 297 335 166 185 203 293 335 319 195 21 379 334 203 354 97 426 277 297 335 346 268 232 172 130 398 80 314 208 341 59 325 330 275 383 297 181 396 104 214 253 212 261 241 238 342 353 311 319 334 48 108 377 419 392 263 343 338 203 352 264 166 327 103 244 230 334 81 265 190 336 357 107 323 361 183 219 377 368 48 202 228 421 265 401 351 247 242 277 70 111 52 35 58 41 260 17 316 389 293 280 275 364 396 384 321 357 156 132 371 325 131 254 200 139 175 289 251 276 313 200 305 176 265 444 299 345 178 280 155 189 214 230 199 73 170 243 177 223 293 409 169 359 29 119 67 254 142 188 279 233 175 202 370 195 126 93 26 333 379 326 342 55 233 180 216 304 195 255 358 303 44 186 254 323 98 63 377 201 204 239 391 266 262 391 276 76 163 51 127 199 219 283 255 124 363 251 249 318 215 36 287 192 294 379 353 158 119 332 337 254 262 324 149 183 242 207 55 61 376 341 128 282 140 82 275 299 249 335 316 385 205 78 289 228 221 117 280 264 106 349 113 316 96 153 217 254 142 395 197 146 238 135
 149 280 206 116 203 124 264 194 77 75 209 144 331 222 216 229 108 234 134 216 105 264 162 1 37 283 362 205 237 287 176 199 212 48 139 78 198 249 263 263 108 159 109 110 127 186 198 232 286 181 153 211 101 132 175 318 84 144 307 351 117 197 212 312 189 138 340 281 112 148 58 43 285 128 178 274 196 173 354 302 114 256 280 242 264 179 110 100 167 129 186 80 194 297 337 173 316 115 153 236 295 291 133 184 235 42 257 126 29 204 131 89 97 323 86 292 192 193 282 94 184 292 60 160 282 248 171 46 70 321 275 313 193 88 83 279 145 70 115 196 162 201 165 154 178 293 325 158 282 213 300 264 346 214 169 94 219 166 57 286 197 73 150 193 94 115 155 42 313 38 148 316 139 297 185 131 56 238 88 77 93 169 98 99 18 215 216 269 108 210 181 50 135 96 52 69 270 74 31 79 238 51 150 196 147 254 231 347 213 157 133 48 90 168 268 128 309 196 201 26 306 234 119 100 263 61 117 187 269 177 111 246 165 152 31 209 203 40 89 141 115 229 226 137 100 200 57 196 187 233 254 263 200 197 68 328 231 169 101 243 46 148 229 89 213 145 225 368 79 179 87 124 254 145 273 184 156 237 259 119 222 90 112 47 298 289 126 202 64 159 112 78 189 120 133 295 44 135 179 50
 181 283 172 145 234 137 283 212 104 105 233 177 338 258 246 223 144 264 148 223 113 295 131 37 1 283 366 171 260 311 203 179 247 31 110 50 182 273 258 268 126 182 125 143 138 195 190 267 297 217 158 211 126 163 207 328 110 113 332 358 138 233 193 344 215 167 349 304 138 171 53 10 317 113 213 268 232 137 358 318 146 289 292 236 299 165 136 135 182 140 203 108 230 318 341 192 329 86 143 271 328 321 166 218 264 75 285 160 57 236 121 114 129 335 52 295 196 211 306 60 219 316 87 177 311 281 137 82 97 351 281 341 228 117 118 287 126 34 83 165 127 170 191 125 213 322 328 189 289 248 329 297 351 249 169 64 255 200 60 287 203 46 158 220 129 148 190 71 321 68 178 350 174 316 188 167 72 235 93 100 118 150 112 116 54 223 240 305 121 245 153 14 116 131 29 96 280 110 45 108 272 66 145 179 120 279 266 353 246 122 159 54 96 202 260 160 329 225 172 61 304 261 84 69 295 93 139 204 302 202 133 281 195 134 56 177 191 70 120 158 149 212 261 167 121 231 93 166 215 231 271 295 235 193 64 339 261 193 134 268 60 158 238 117 180 125 261 373 49 208 60 88 267 169 276 219 186 272 255 102 243 123 139 17 303 293 117 237 56 186 101 57 200 153 134 325 67 137 197 21
 386 20 293 236 266 405 159 468 235 245 189 372 81 372 250 71 311 253 413 79 180 291 243 283 283 1 92 290 181 207 212 163 374 253 229 251 142 200 47 44 192 191 189 354 408 109 104 362 93 354 132 73 216 378 403 94 228 251 226 95 196 380 158 327 202 391 103 196 378 191 333 290 305 184 298 50 332 301 84 134 362 321 102 64 341 140 218 303 142 410 151 347 343 186 70 445 124 239 148 347 341 280 262 388 252 309 245 276 261 282 166 361 258 116 268 27 95 467 218 310 309 209 243 158 260 298 290 287 341 297 53 265 387 351 318 68 182 294 262 249 298 257 208 229 303 269 51 256 58 369 275 310 80 341 115 331 374 375 228 17 94 322 138 218 317 352 356 316 76 259 243 369 354 170 99 306 229 55 369 351 221 171 194 379 284 87 189 368 182 357 223 281 190 322 310 237 83 309 312 241 324 332 140 154 223 211 368 85 300 295 212 328 371 292 63 254 179 241 228 292 29 221 317 252 292 263 197 146 318 200 383 369 237 173 257 266 117 314 252 419 276 133 329 235 376 267 296 242 224 54 133 297 366 93 221 108 254 193 344 209 238 144 88 235 271 189 374 99 318 226 333 305 101 409 27 346 396 375 40 193 174 266 225 270 48 30 169 344 228 413 187 336 118 267 151 281 324 148 156 301
 447 86 383 295 299 480 168 539 304 313 221 431 40 411 278 162 372 276 487 146 257 306 334 362 366 92 1 380 201 205 255 253 416 337 319 338 233 214 135 100 261 242 259 419 485 177 195 397 97 401 210 158 282 442 460 67 296 342 216 25 261 428 247 331 241 456 52 196 448 246 415 374 315 273 340 133 373 391 9 119 428 343 109 154 363 231 280 365 203 486 200 418 385 177 26 515 99 329 237 378 353 285 315 440 274 383 259 331 337 315 254 433 320 84 356 73 171 536 219 398 351 205 315 217 265 320 381 358 413 293 89 259 436 421 384 89 272 380 351 339 389 347 255 320 345 271 41 303 83 410 275 328 17 377 199 417 414 430 309 82 166 408 212 254 380 415 410 391 58 334 293 380 412 160 179 361 306 146 448 425 288 262 267 453 360 149 218 393 256 397 314 366 280 385 394 308 104 376 391 309 352 410 227 244 314 224 404 20 333 386 268 408 450 337 147 309 163 276 318 368 85 242 406 341 308 332 262 196 335 243 455 401 281 263 334 356 208 389 316 492 333 221 360 288 449 302 366 332 262 144 150 313 411 181 303 70 278 240 409 227 316 216 139 301 361 279 413 8 404 266 419 395 127 476 91 391 457 410 130 282 203 329 286 354 65 74 256 384 312 477 274 421 179 323 233 285 401 230 207 385
 350 300 4 288 376 285 372 361 248 254 344 347 367 422 379 220 310 395 299 272 210 433 58 205 171 290 380 1 363 413 329 128 414 163 85 131 149 382 246 300 242 300 239 312 283 259 192 429 350 383 223 237 258 332 376 371 249 67 436 383 259 401 135 483 335 334 386 403 303 289 201 167 454 138 367 250 392 42 372 385 315 438 351 227 450 155 270 301 270 286 299 276 393 409 359 346 388 99 164 429 474 449 316 388 395 245 409 316 215 382 160 279 282 387 120 313 246 362 414 129 376 418 235 276 434 424 37 248 265 478 317 459 397 286 287 330 126 143 91 42 51 35 316 74 369 446 340 334 326 414 454 440 369 409 212 150 420 369 183 302 256 164 233 346 297 318 359 240 356 225 320 499 343 401 233 329 207 237 240 265 254 125 226 273 221 279 350 462 226 409 68 158 124 300 174 240 333 278 212 255 425 229 182 137 83 391 429 374 396 54 289 213 242 357 237 308 414 359 64 230 298 381 109 108 433 251 260 296 446 323 295 443 332 132 212 28 174 239 271 310 306 162 416 307 282 374 260 49 344 242 350 435 401 211 173 384 393 311 304 382 200 240 297 260 25 118 425 387 152 338 160 95 331 332 299 384 355 436 251 136 346 279 276 159 330 314 163 400 165 352 153 176 274 307 200 452 234 204 296 168
 268 164 365 130 100 331 38 373 162 166 31 251 163 212 78 196 198 76 333 119 159 111 305 237 260 181 201 363 1 53 70 263 219 239 280 259 242 22 206 138 135 79 137 249 337 112 199 197 106 208 142 159 137 268 275 136 154 301 75 180 122 233 267 149 54 284 156 45 286 90 294 269 126 226 145 216 176 352 197 91 258 144 94 203 164 224 129 194 94 337 65 263 189 62 183 350 112 273 204 178 161 103 136 250 75 239 66 152 209 116 204 278 157 126 278 166 133 370 53 312 155 58 178 89 83 121 345 212 262 125 133 99 244 262 221 122 239 288 292 329 345 338 78 289 150 94 187 115 132 212 101 131 187 178 159 322 216 243 206 170 123 304 131 61 213 243 224 249 145 200 111 190 231 66 143 179 189 187 313 275 145 248 151 305 227 108 24 193 146 199 302 267 240 217 285 169 104 216 263 162 152 275 185 253 280 33 204 183 133 340 107 281 314 144 223 132 76 79 317 230 207 42 331 275 112 185 122 68 139 64 297 201 94 235 208 349 222 248 159 335 158 257 160 114 295 103 214 325 69 175 53 117 215 178 210 138 77 70 242 29 201 124 97 151 354 247 214 206 307 76 319 327 82 308 155 197 278 210 195 229 18 167 129 255 153 161 201 187 220 302 212 313 95 148 164 105 262 160 69 279
 303 189 416 176 123 375 50 411 211 214 79 286 169 229 99 236 238 87 376 159 211 106 356 287 311 207 205 413 53 1 114 309 239 291 331 311 288 39 240 166 187 129 189 288 382 159 244 210 119 234 192 200 187 306 307 140 204 352 24 182 173 258 313 127 99 322 155 13 327 141 343 320 112 277 173 248 198 404 203 87 298 146 108 240 165 271 178 235 145 382 116 307 211 30 192 388 108 325 253 189 150 80 176 278 86 285 62 192 259 137 254 321 202 123 330 188 177 408 15 364 180 6 228 140 61 124 396 259 307 91 156 59 269 305 264 142 289 339 344 379 396 388 124 340 177 67 201 152 152 232 71 128 193 196 207 373 234 274 258 194 167 355 182 100 254 282 256 296 154 250 152 176 266 47 189 215 240 224 360 320 195 297 202 349 276 149 72 196 198 219 351 318 290 258 336 219 125 260 312 210 161 323 234 299 331 38 219 187 150 392 155 329 361 174 258 175 48 110 366 279 231 62 383 327 108 233 173 118 135 111 340 211 134 285 258 399 266 295 205 377 200 300 173 158 339 127 260 374 108 213 77 113 237 222 261 137 90 119 282 48 252 175 134 200 404 297 231 208 358 116 369 379 108 347 181 222 312 224 229 280 70 212 177 307 170 183 251 208 271 339 263 363 142 189 215 80 310 211 120 330
 201 198 331 63 58 263 105 304 100 102 40 184 216 161 53 204 129 68 265 136 119 107 272 176 203 212 255 329 70 114 1 248 165 187 244 211 230 76 224 172 88 31 91 180 269 114 195 151 160 147 125 166 78 200 210 193 94 264 133 236 71 174 255 156 17 216 214 110 217 41 231 212 128 196 88 235 122 311 249 155 190 121 149 214 139 209 68 125 81 269 62 195 133 130 233 281 175 233 184 137 152 123 67 187 68 172 84 84 149 72 176 209 89 187 230 205 135 301 107 259 99 119 118 65 110 102 305 146 194 152 174 139 183 193 152 168 212 233 249 300 303 309 14 257 93 122 232 50 176 158 129 118 239 130 149 266 163 178 155 205 129 246 112 19 144 175 159 183 197 139 43 180 164 135 142 112 134 200 247 207 86 227 104 237 164 127 47 162 104 147 274 212 210 148 226 109 151 148 200 98 118 210 165 239 247 79 157 236 91 298 45 217 248 83 239 64 145 35 292 166 240 59 281 230 107 120 70 67 125 13 229 159 28 210 148 319 215 182 92 266 90 252 119 45 227 59 147 297 17 188 109 109 158 176 162 198 66 23 173 68 146 102 126 88 324 218 164 260 251 15 261 278 128 239 189 138 210 164 214 195 59 99 65 201 197 200 171 133 171 234 177 253 99 79 138 126 197 135 58 222
 341 174 131 228 303 315 263 390 199 209 251 332 241 378 299 94 279 312 327 156 139 352 86 199 179 163 253 128 263 309 248 1 374 153 82 132 23 283 120 176 172 218 168 302 316 152 69 378 229 345 125 116 197 326 364 247 196 99 332 257 187 369 14 400 248 334 261 298 310 209 229 182 372 72 311 124 342 143 245 267 308 367 232 100 383 40 206 269 173 318 202 277 347 300 232 369 267 103 65 372 399 360 260 364 311 238 319 266 191 314 80 287 234 264 141 187 133 389 313 179 321 313 194 185 342 349 132 228 268 385 194 361 369 285 268 207 55 173 121 87 143 95 237 76 313 354 213 270 203 371 361 364 242 356 104 203 378 347 149 176 143 204 137 263 274 305 332 239 231 197 254 427 321 289 121 289 167 111 271 274 196 31 160 294 209 164 255 402 154 363 62 171 65 278 200 195 212 258 221 207 360 243 84 11 73 294 381 247 331 140 218 232 273 301 111 251 301 281 66 220 172 289 176 121 352 216 189 198 372 238 308 390 260 49 187 104 49 238 224 336 259 39 356 241 297 302 241 80 263 117 238 355 363 91 136 260 311 227 292 286 167 147 182 208 110 56 381 260 195 260 209 161 214 343 173 342 349 388 124 81 248 237 214 163 204 187 86 351 136 356 92 219 169 255 111 362 241 114 201 191
 104 361 415 149 120 212 256 208 176 167 196 92 378 17 144 356 105 153 204 297 236 145 365 212 247 374 416 414 219 239 165 374 1 252 338 284 362 212 381 336 206 184 210 122 219 270 338 39 321 32 267 321 179 119 90 353 179 350 246 396 193 27 385 171 177 131 373 242 157 186 240 253 156 306 78 392 44 383 411 309 126 109 309 367 99 340 171 114 236 217 224 163 33 266 396 191 330 318 311 61 137 184 118 55 154 177 179 109 200 105 295 169 140 344 295 368 290 204 226 302 67 243 184 219 192 123 381 167 170 206 337 222 41 153 132 331 325 280 324 398 373 405 167 353 73 196 395 119 340 9 199 128 401 45 293 295 11 65 236 368 286 273 255 163 120 113 63 185 359 190 133 142 82 278 293 87 213 355 226 179 179 347 215 196 195 288 200 82 223 22 378 261 319 119 255 181 314 139 215 168 86 207 297 367 345 206 32 398 90 368 168 223 226 83 394 127 284 142 398 188 402 183 328 307 144 165 191 229 126 177 173 50 139 328 203 414 355 185 151 198 115 390 70 143 182 117 156 397 156 345 268 140 13 324 248 356 150 183 125 199 217 245 289 167 418 329 18 421 284 152 286 334 291 156 352 32 109 34 372 301 215 139 163 257 360 363 289 33 253 136 286 271 258 120 268 188 196 267 219 257
 196 253 165 134 224 164 260 237 92 95 213 190 309 260 233 193 148 250 175 194 87 284 116 48 31 253 337 163 239 291 187 153 252 1 92 33 154 254 228 239 104 164 103 157 166 167 160 267 270 221 129 181 109 179 221 300 96 100 312 329 119 239 167 334 197 185 321 283 159 152 82 38 306 85 208 238 231 135 329 292 161 282 265 206 293 137 120 139 156 168 180 127 231 296 312 217 303 69 114 269 320 307 158 228 251 89 269 156 53 228 92 135 123 308 47 266 168 237 287 74 216 295 76 154 295 272 132 87 117 337 253 325 236 135 127 259 99 50 73 150 125 156 174 107 209 307 299 180 261 251 314 288 322 248 140 86 258 210 34 258 174 72 130 204 136 161 198 88 292 63 167 343 183 293 158 167 53 205 122 122 103 124 89 142 62 195 220 302 96 247 135 31 90 139 58 83 253 118 69 97 267 91 115 152 100 260 268 324 240 120 143 81 124 198 230 152 306 212 154 71 275 244 95 56 284 89 119 180 293 184 156 281 182 107 50 165 162 87 112 184 146 185 257 154 144 221 100 150 200 201 246 285 239 163 35 312 248 174 147 250 43 131 211 105 169 99 263 344 72 193 85 94 240 191 247 222 202 274 225 74 222 119 125 18 274 264 87 238 26 206 71 85 174 147 105 311 89 108 174 49
