NAME : domp160p80v4
COMMENT : (Deleplanque et al.) 
TYPE : DOMP
DIMENSION : 160
DISPLAY_DATA_TYPE: NO_DISPLAY
OPEN_FACILITIES : 80
COST_SECTION
 1 40 209 174 175 140 371 224 146 128 301 80 42 144 180 198 146 23 261 311 210 301 163 307 230 176 122 117 160 165 299 275 170 82 348 213 86 203 105 160 126 209 206 169 228 281 159 180 294 137 175 291 88 261 5 120 159 265 187 236 130 265 83 61 302 120 48 167 115 260 48 214 184 236 28 47 251 267 66 306 272 312 133 145 43 169 258 56 288 285 157 113 255 79 253 251 277 373 143 249 348 257 172 225 270 272 59 320 332 111 75 199 91 285 230 263 43 225 36 109 298 164 75 217 112 273 85 85 141 48 165 159 136 119 161 224 27 152 228 211 155 108 224 241 60 225 242 214 352 283 147 82 128 157 285 252 179 230 244 88
 40 1 171 137 174 141 347 185 144 110 279 40 43 108 141 225 107 58 243 271 171 272 167 272 193 150 97 150 156 179 260 243 141 113 309 208 47 188 119 137 142 173 218 197 189 257 164 178 260 137 153 252 119 223 44 81 120 247 200 198 163 229 47 38 268 94 79 130 147 221 82 194 149 201 23 86 274 233 27 267 239 273 152 106 15 140 219 66 274 272 159 85 216 115 214 222 251 352 109 262 321 249 191 213 231 233 97 300 313 104 105 209 104 256 191 246 79 186 66 123 287 154 44 178 94 235 49 70 102 33 130 168 103 152 122 185 26 179 214 230 166 94 223 255 72 225 225 176 326 254 171 121 144 161 249 214 140 194 258 127
 209 171 1 45 221 214 242 39 257 197 199 133 203 68 81 346 67 222 193 115 23 154 234 115 32 109 171 297 201 320 113 116 163 280 175 228 125 176 230 191 291 31 294 323 75 174 235 220 113 257 132 116 268 53 213 108 52 197 283 107 310 67 143 156 113 123 234 45 294 62 252 151 42 138 184 254 377 90 147 98 101 122 265 94 168 95 66 201 236 240 225 117 47 285 98 120 156 264 83 334 205 242 293 202 81 65 267 228 240 176 271 283 255 141 69 196 249 35 234 270 258 182 159 27 191 66 142 159 70 170 124 250 133 297 67 49 193 307 195 324 302 158 253 329 206 256 185 101 215 139 294 284 291 230 86 105 88 135 333 294
 174 137 45 1 178 169 237 79 243 186 182 104 174 31 93 301 49 184 167 159 60 151 190 136 58 71 160 255 158 300 157 116 166 249 218 189 94 139 186 189 268 36 251 279 108 157 191 178 126 241 92 158 226 95 178 92 37 171 239 137 268 93 119 117 132 79 194 14 251 106 219 119 13 163 147 217 333 99 116 139 108 166 221 89 132 55 110 159 208 211 181 74 89 251 135 107 143 252 39 291 203 208 249 167 125 107 232 210 223 132 241 240 231 136 104 170 215 76 202 247 229 140 135 67 177 102 119 115 44 131 128 205 127 254 66 86 161 263 161 280 283 114 213 286 164 216 155 125 212 134 250 245 269 186 112 140 99 158 290 256
 175 174 221 178 1 38 241 256 316 281 169 181 210 170 254 150 197 163 120 332 237 204 25 255 218 115 263 156 22 339 332 200 297 246 395 41 175 69 83 303 300 198 76 140 283 160 31 7 233 308 93 335 144 261 179 214 199 123 70 308 163 236 204 140 248 112 147 185 152 281 212 101 179 327 159 186 164 213 180 299 210 341 90 230 160 127 286 120 129 123 24 124 257 230 311 165 170 229 146 114 233 87 93 70 301 274 210 176 186 71 242 66 265 192 280 121 205 253 208 283 132 39 211 244 265 258 206 107 187 142 271 47 252 152 223 263 190 131 79 112 329 86 50 110 118 52 103 292 232 191 116 186 302 28 250 315 258 322 114 204
 140 141 214 169 38 1 269 246 282 250 196 154 176 156 236 138 180 127 148 327 228 223 27 265 217 117 234 125 31 302 325 213 271 210 386 77 148 91 48 274 264 194 86 121 270 184 25 43 244 273 98 326 110 258 143 190 184 151 72 292 133 239 175 109 257 95 111 174 121 275 176 119 173 308 125 150 165 221 151 300 220 335 64 209 128 124 278 85 162 158 19 105 254 193 298 179 190 260 134 129 257 123 82 101 293 272 173 206 217 44 206 75 229 209 268 150 169 244 171 248 168 48 181 235 234 259 178 79 170 109 247 37 227 122 206 252 155 108 108 112 293 63 86 123 82 87 130 274 258 208 93 151 266 21 255 301 239 302 127 168
 371 347 242 237 241 269 1 274 475 421 74 326 389 260 321 384 284 370 122 290 263 89 265 157 213 197 395 393 239 524 307 128 401 452 362 208 315 179 314 424 488 216 295 379 311 91 271 235 142 472 197 322 375 233 375 327 273 119 300 344 401 190 346 313 152 254 365 250 389 268 417 159 226 377 345 401 379 156 335 237 144 305 329 324 335 209 278 328 124 133 263 263 236 444 327 131 97 38 245 308 41 172 329 171 288 240 423 69 65 269 445 288 450 103 304 120 411 268 405 468 138 224 362 265 410 213 347 288 279 324 361 287 363 389 299 284 371 370 163 335 509 266 223 310 329 225 140 341 29 105 356 413 489 267 182 335 328 375 313 429
 224 185 39 79 256 246 274 1 248 188 235 146 211 94 64 375 80 239 231 88 20 185 268 133 62 147 164 321 236 316 81 147 145 288 140 265 139 213 259 176 290 69 328 352 39 210 269 256 137 250 169 80 290 53 228 111 69 235 317 71 334 88 149 177 134 153 255 74 318 37 263 189 79 104 201 270 410 119 159 90 131 92 294 90 184 132 36 224 274 278 259 146 46 297 60 156 191 297 113 369 235 281 325 240 49 57 280 264 276 207 279 318 257 174 32 234 261 6 245 270 296 218 164 13 186 74 148 185 87 190 107 282 124 321 66 11 205 335 233 357 297 188 290 364 230 293 223 70 246 172 322 303 290 264 103 67 70 102 368 311
 146 144 257 243 316 282 475 248 1 61 412 152 107 217 186 334 197 165 381 317 245 393 307 370 287 282 87 246 298 74 298 359 114 119 323 350 162 329 251 81 69 273 351 305 229 389 303 320 366 13 290 283 223 299 144 152 211 385 332 216 256 323 130 180 368 231 189 231 246 281 132 330 255 195 158 163 390 340 146 337 349 312 277 163 158 268 274 200 415 414 300 219 292 145 242 346 379 485 231 394 444 391 316 355 279 305 148 436 449 247 114 344 70 377 235 384 137 252 123 61 429 297 116 248 67 318 129 213 200 176 144 304 125 250 191 243 127 289 356 355 55 237 365 386 204 367 364 198 452 375 287 195 66 301 342 236 180 190 389 187
 128 110 197 186 281 250 421 188 61 1 360 105 88 161 126 326 139 150 332 259 185 337 276 311 227 231 27 241 262 130 240 302 61 138 271 312 114 284 227 36 112 214 327 296 171 336 273 284 307 63 242 226 214 239 128 95 152 337 309 160 254 263 81 142 309 185 175 174 240 221 134 281 198 143 129 160 378 282 102 277 291 254 258 104 123 217 214 174 369 369 268 172 232 159 186 291 325 433 178 371 389 350 298 312 220 245 154 385 399 211 130 318 90 321 176 336 137 192 119 94 385 257 71 188 17 258 79 175 143 142 86 277 65 245 131 183 103 279 311 337 111 197 330 363 180 332 316 141 396 319 274 197 110 270 282 180 120 138 367 194
 301 279 199 182 169 196 74 235 412 360 1 261 321 201 272 315 228 298 50 272 221 67 193 147 174 131 335 320 167 457 284 96 347 382 345 139 251 107 241 368 420 169 228 308 272 26 199 164 125 408 127 296 303 205 305 268 218 48 231 305 328 162 283 244 140 186 292 196 316 238 346 87 173 336 276 329 315 125 269 222 114 286 257 269 267 145 247 256 67 76 191 196 206 372 292 80 45 74 183 246 68 109 258 100 260 215 351 30 42 197 375 220 382 68 266 49 340 229 335 401 88 151 298 224 349 189 284 217 221 254 309 215 306 317 247 245 302 299 91 268 443 195 157 247 257 159 67 298 65 70 284 340 422 195 162 300 279 333 250 357
 80 40 133 104 181 154 326 146 152 105 261 1 72 74 103 255 68 96 230 232 133 246 180 238 158 131 84 185 161 201 220 215 118 148 271 210 12 180 142 123 167 138 236 227 150 238 178 184 228 148 139 214 154 185 83 44 82 235 219 161 199 194 25 48 234 81 115 94 182 182 120 179 115 167 58 125 300 201 15 229 209 233 177 69 42 118 180 93 265 265 171 69 178 153 176 197 229 334 82 280 297 246 215 208 191 195 136 285 298 112 139 226 129 230 152 233 117 147 102 146 281 154 38 139 91 198 26 76 65 55 99 185 75 187 82 146 61 210 207 253 185 96 229 273 100 231 213 140 303 228 200 159 167 174 213 176 103 161 277 167
 42 43 203 174 210 176 389 211 107 88 321 72 1 144 159 239 137 63 285 295 200 313 200 309 228 193 85 154 193 137 281 284 135 78 325 246 82 229 145 121 100 209 246 209 209 300 197 214 299 99 196 271 127 254 41 101 152 289 227 211 167 265 63 79 305 137 88 165 153 247 56 236 186 207 52 75 292 272 59 297 278 295 174 125 56 182 244 94 315 313 193 127 247 88 231 264 294 394 150 289 363 288 213 254 254 263 75 342 355 143 69 238 62 297 211 288 56 213 38 80 328 194 49 206 73 268 64 110 135 72 137 198 107 158 146 210 22 192 256 252 124 135 260 281 98 261 267 189 368 295 187 113 101 194 284 229 157 200 284 113
 144 108 68 31 170 156 260 94 217 161 201 74 144 1 86 282 31 155 179 180 76 177 179 166 87 78 136 230 149 271 174 144 149 219 232 187 64 142 166 167 239 66 239 259 115 177 179 171 156 214 95 172 200 120 148 68 30 184 226 139 243 122 90 89 162 61 167 24 227 126 189 129 42 160 118 188 318 129 86 165 136 185 201 71 102 61 128 134 219 221 170 53 114 221 143 130 165 273 26 281 229 212 232 171 142 132 202 228 241 115 211 229 201 162 113 182 185 93 172 218 239 134 106 84 151 130 90 92 21 103 113 192 106 230 56 99 131 242 167 266 255 96 210 276 139 213 165 123 236 159 229 217 239 174 142 147 91 155 280 228
 180 141 81 93 254 236 321 64 186 126 272 103 159 86 1 353 57 198 258 139 63 233 260 192 112 160 102 287 233 254 123 195 84 234 169 272 101 227 236 114 230 106 320 326 51 247 260 255 192 188 179 114 256 115 182 61 59 262 306 60 300 145 98 145 191 143 217 80 284 96 214 210 100 75 160 225 394 170 116 152 181 137 273 36 144 143 90 193 300 302 251 132 108 246 74 195 231 340 111 363 284 297 307 255 98 120 232 300 313 193 225 310 199 219 54 261 212 68 195 210 320 219 111 65 124 135 97 163 68 155 45 271 63 288 31 58 157 309 251 344 235 174 295 358 199 298 246 40 294 217 298 260 230 255 162 74 8 69 361 266
 198 225 346 301 150 138 384 375 334 326 315 255 239 282 353 1 302 177 266 459 358 354 127 401 352 253 319 90 161 324 455 348 365 225 513 177 254 218 118 357 289 329 92 30 394 309 123 155 380 323 235 453 113 393 199 297 309 268 85 411 82 376 270 210 394 224 151 303 90 406 204 250 307 420 203 173 59 358 246 435 356 466 82 321 216 260 409 162 263 256 133 231 388 199 421 314 319 367 264 103 381 215 59 216 423 406 189 317 324 170 227 97 267 341 393 267 199 374 213 282 258 182 268 365 310 395 272 192 292 201 352 106 326 86 326 380 224 48 226 56 322 189 163 96 156 162 251 391 379 341 56 143 292 128 392 423 354 414 96 156
 146 107 67 49 197 180 284 80 197 139 228 68 137 31 57 302 1 160 209 167 66 199 204 177 94 108 113 243 176 256 158 164 120 214 213 216 61 172 185 141 226 78 265 277 93 204 204 198 170 195 125 154 212 118 149 45 16 213 251 113 256 131 77 98 174 87 176 36 240 115 187 159 60 131 122 191 340 145 82 162 154 170 221 42 105 91 115 146 249 251 195 76 111 220 121 155 190 299 55 307 251 242 254 201 127 128 203 255 269 138 205 254 190 184 92 212 184 81 169 205 268 162 93 72 130 132 77 111 12 111 83 216 80 243 27 82 128 259 197 289 238 119 239 302 152 242 195 95 259 182 248 224 226 199 150 123 62 126 306 232
 23 58 222 184 163 127 370 239 165 150 298 96 63 155 198 177 160 1 256 326 225 303 149 315 241 178 144 95 150 177 316 279 192 86 366 202 101 197 88 182 138 219 188 147 246 280 144 168 301 155 174 309 66 274 23 138 173 260 169 255 108 275 103 68 310 122 26 179 93 275 51 212 194 257 40 35 230 274 83 319 278 328 113 163 56 173 274 45 280 277 143 118 268 75 271 253 278 369 151 230 348 247 152 218 286 285 54 316 328 104 81 181 105 287 247 259 44 240 46 123 290 156 96 232 134 285 105 84 154 54 186 142 157 98 177 240 49 130 222 191 168 104 211 222 46 212 237 233 352 286 125 64 140 143 294 271 197 250 225 73
 261 243 193 167 120 148 122 231 381 332 50 230 285 179 258 266 209 256 1 283 215 99 144 171 174 103 309 272 118 421 292 113 327 340 355 90 220 60 194 344 383 163 180 259 267 47 150 114 148 376 92 301 256 211 265 244 201 5 182 299 280 173 253 206 163 151 248 179 268 242 305 52 160 327 237 286 267 138 236 238 129 296 208 249 230 119 250 213 43 48 142 162 211 329 290 84 65 115 158 201 116 67 209 51 264 223 308 61 73 153 334 172 345 93 262 4 299 227 295 364 66 104 267 220 319 200 255 177 200 216 291 166 284 269 230 241 265 250 42 220 407 154 109 201 213 112 20 289 114 93 235 295 385 146 178 297 264 323 204 311
 311 271 115 159 332 327 290 88 317 259 272 232 295 180 139 459 167 326 283 1 104 210 346 134 116 218 237 408 313 388 24 177 206 372 74 335 226 280 344 239 367 135 406 437 90 251 348 331 151 321 240 43 378 74 314 195 156 286 396 105 421 111 233 264 139 236 342 158 405 54 349 251 155 135 288 357 491 148 246 54 159 16 378 172 271 206 54 311 324 330 338 230 76 382 77 201 229 321 196 445 250 341 407 304 42 61 366 300 311 290 363 396 337 205 86 285 347 88 330 348 347 294 247 97 260 85 232 271 175 277 175 363 199 408 151 87 290 420 295 438 369 272 360 441 317 363 280 121 262 203 407 390 366 343 111 85 143 137 444 398
 210 171 23 60 237 228 263 20 245 185 221 133 200 76 63 358 66 225 215 104 1 175 249 130 51 129 159 304 217 310 98 137 147 277 159 247 125 195 241 176 283 53 310 334 53 196 250 237 130 246 150 99 274 56 214 101 53 219 298 85 318 82 138 161 129 135 239 56 301 51 251 172 61 116 186 256 391 110 147 98 121 109 276 83 170 113 52 208 257 261 241 128 49 284 77 142 178 285 95 350 226 263 306 223 67 64 267 250 262 189 268 299 249 163 48 218 249 17 233 262 279 200 154 8 181 74 138 168 72 175 107 264 120 305 57 28 192 317 216 339 292 170 272 346 214 275 206 79 236 160 305 288 283 245 100 84 70 113 349 297
 301 272 154 151 204 223 89 185 393 337 67 246 313 177 233 354 199 303 99 210 175 1 227 81 125 126 311 343 195 446 224 39 313 382 283 183 236 136 263 338 411 128 273 342 223 54 232 200 61 390 133 238 321 147 305 242 186 100 272 256 353 104 265 241 74 182 303 164 339 182 348 105 140 289 274 336 362 68 257 159 56 225 286 238 262 133 192 265 130 138 223 189 150 377 240 51 36 114 165 297 53 165 296 143 203 156 356 93 102 211 374 264 373 17 216 100 342 180 334 391 153 176 281 177 327 129 266 221 194 253 274 249 277 341 212 196 296 330 133 312 430 203 205 297 267 208 108 253 62 19 315 354 412 228 100 248 240 287 300 369
 163 167 234 190 25 27 265 268 307 276 193 180 200 179 260 127 204 149 144 346 249 227 1 276 234 132 260 133 36 325 345 222 297 230 407 62 174 92 64 300 286 213 62 116 293 184 7 31 254 298 111 347 123 276 166 215 207 147 51 316 139 254 202 135 268 118 131 195 129 294 197 124 193 333 150 169 146 233 177 316 230 355 66 234 154 142 299 108 152 146 10 129 272 212 320 187 194 253 156 104 257 108 69 95 314 290 193 200 209 70 227 51 252 215 290 146 190 265 194 271 154 56 207 256 260 275 204 105 194 135 273 23 253 128 230 274 180 106 104 93 316 88 64 99 105 65 128 298 257 214 92 166 288 7 268 324 264 327 102 183
 307 272 115 136 255 265 157 133 370 311 147 238 309 166 192 401 177 315 171 134 130 81 276 1 85 151 285 374 241 432 151 59 275 384 206 244 229 190 297 304 402 102 329 384 167 130 279 252 24 370 167 167 347 84 311 221 162 172 324 198 386 49 252 248 9 197 321 146 370 117 353 157 125 233 280 349 418 45 251 81 47 149 326 208 265 148 128 284 207 214 269 198 89 385 177 93 108 188 166 360 117 236 344 206 136 88 365 173 182 240 376 319 365 81 160 172 349 128 337 381 230 221 269 128 305 62 252 238 177 262 236 296 247 372 181 142 296 370 196 366 414 227 268 358 288 271 174 202 129 80 356 373 402 275 32 187 199 232 361 386
 230 193 32 58 218 217 213 62 287 227 174 158 228 87 112 352 94 241 174 116 51 125 234 85 1 104 201 310 200 348 120 87 195 304 183 220 148 166 239 222 319 24 293 331 100 150 236 217 82 286 126 128 282 43 234 137 79 178 284 132 323 38 170 174 83 132 251 65 307 69 275 137 49 165 204 274 379 60 171 85 71 126 272 125 188 93 77 216 217 221 226 129 40 307 119 96 130 236 94 331 176 229 297 190 91 57 289 203 215 183 296 282 283 113 93 177 271 57 258 298 239 180 186 53 221 45 169 171 94 188 155 252 164 310 97 72 217 315 182 326 331 166 246 327 220 249 168 129 186 111 302 302 319 231 57 127 119 163 331 313
 176 150 109 71 115 117 197 147 282 231 131 131 193 78 160 253 108 178 103 218 129 126 132 151 104 1 207 225 97 328 220 104 225 258 283 120 121 68 147 242 292 84 190 235 178 109 134 113 132 278 23 224 200 147 181 142 102 108 182 207 237 124 153 117 144 58 179 82 221 168 223 52 69 232 150 211 277 107 139 186 107 228 176 148 139 18 174 141 142 144 124 66 143 252 204 76 102 204 55 227 172 138 197 97 189 160 231 155 168 91 250 179 253 110 174 106 218 143 210 271 162 77 168 135 219 145 154 96 98 129 190 150 182 223 131 155 174 221 91 224 313 80 145 224 144 148 89 194 177 108 206 230 293 129 139 210 166 227 227 245
 122 97 171 160 263 234 395 164 87 27 335 84 85 136 102 319 113 144 309 237 159 311 260 285 201 207 1 237 243 153 219 275 51 147 253 293 92 262 214 41 131 188 313 290 148 311 257 266 281 88 219 206 209 214 122 69 126 313 295 141 250 237 60 125 283 163 169 147 236 197 137 258 171 128 118 159 369 256 84 252 265 233 247 78 108 192 191 162 346 346 252 150 207 166 165 265 300 408 154 357 363 329 287 290 197 220 157 361 374 193 139 304 104 295 153 312 139 167 120 112 363 237 54 163 24 233 58 157 118 127 64 262 40 240 105 159 96 272 289 326 135 178 311 350 168 313 293 120 371 293 266 197 130 254 256 160 96 122 353 197
 117 150 297 255 156 125 393 321 246 241 320 185 154 230 287 90 243 95 272 408 304 343 133 374 310 225 237 1 155 235 400 328 286 136 454 194 187 215 81 274 200 287 139 62 333 307 127 162 356 235 212 395 32 348 116 228 253 275 121 345 15 340 195 145 367 180 72 253 5 355 115 241 263 349 129 84 148 330 173 393 331 412 68 253 144 226 355 98 283 278 133 182 342 110 359 296 312 384 217 171 381 240 93 224 369 361 100 330 340 135 137 137 178 328 333 274 110 320 125 193 285 171 190 312 226 355 198 140 234 133 279 114 251 6 263 323 143 49 232 123 233 148 191 163 92 191 254 324 381 327 55 54 203 129 358 359 287 343 165 68
 160 156 201 158 22 31 239 236 298 262 167 161 193 149 233 161 176 150 118 313 217 195 36 241 200 97 243 155 1 324 313 188 276 234 375 53 154 62 77 283 285 179 94 148 263 155 39 24 220 291 76 315 139 242 164 193 178 122 86 287 163 219 184 121 234 91 137 164 151 261 200 91 160 306 142 176 181 198 161 282 196 321 92 209 142 108 266 106 134 130 29 103 238 220 290 153 162 231 126 134 228 98 103 72 281 256 199 177 188 52 230 84 250 182 260 120 193 233 194 268 141 22 192 224 246 241 186 88 166 124 250 56 231 151 202 243 173 136 79 128 314 66 69 130 105 71 101 271 228 181 121 179 288 35 234 294 237 301 133 197
 165 179 320 300 339 302 524 316 74 130 457 201 137 271 254 324 256 177 421 388 310 446 325 432 348 328 153 235 324 1 369 414 186 101 396 376 211 365 263 154 40 332 360 296 300 435 320 344 425 68 332 355 220 365 161 213 271 425 340 288 243 385 182 215 429 273 196 289 237 349 130 372 312 268 186 161 382 399 190 405 407 383 282 228 192 316 343 219 450 448 319 263 358 126 314 397 428 530 281 399 496 421 319 388 349 372 139 478 491 275 101 354 77 430 305 424 137 319 132 58 462 327 166 314 131 383 182 245 257 207 215 317 192 240 255 311 157 283 391 355 20 269 387 391 222 388 403 269 502 428 285 182 38 319 404 308 249 263 393 169
 299 260 113 157 332 325 307 81 298 240 284 220 281 174 123 455 158 316 292 24 98 224 345 151 120 220 219 400 313 369 1 190 186 357 65 338 215 284 338 219 349 137 406 431 74 262 347 331 166 302 242 20 369 81 302 181 148 295 395 83 413 123 220 255 155 232 332 153 396 53 335 256 154 112 277 345 489 160 234 73 172 15 374 157 260 207 48 303 333 339 337 225 82 368 56 210 240 336 192 445 267 348 404 309 33 70 353 313 324 286 347 395 320 218 71 294 334 82 317 330 356 294 233 91 242 97 218 265 166 268 156 361 182 400 139 77 278 414 301 436 350 268 363 441 309 366 287 101 278 216 402 379 348 342 126 63 127 115 445 386
 275 243 116 116 200 213 128 147 359 302 96 215 284 144 195 348 164 279 113 177 137 39 222 59 87 104 275 328 188 414 190 1 276 355 250 187 204 134 249 301 381 90 273 333 185 75 226 197 36 357 117 202 304 111 279 208 150 115 269 218 339 68 233 215 51 158 282 129 324 145 322 100 105 251 247 313 362 31 226 128 19 191 276 201 234 107 155 244 151 158 216 163 113 352 202 36 53 151 135 302 91 178 290 148 167 121 331 124 135 194 347 263 343 29 178 115 317 142 307 360 174 167 249 138 293 94 233 198 160 228 236 243 241 326 175 157 268 320 138 311 397 183 211 301 247 213 116 215 100 27 305 334 381 221 68 211 202 248 304 348
 170 141 163 166 297 271 401 145 114 61 347 118 135 149 84 365 120 192 327 206 147 313 297 275 195 225 51 286 276 186 186 276 1 196 212 323 123 286 257 34 171 187 353 336 120 322 295 299 275 119 240 170 256 197 171 86 130 331 336 104 299 228 98 164 275 190 216 153 284 174 187 276 176 84 163 209 414 252 123 230 263 199 291 79 151 208 166 206 366 368 288 177 191 215 130 272 308 417 171 397 365 355 330 315 169 200 207 374 387 228 187 343 149 299 126 330 188 150 170 154 385 267 98 148 69 218 96 193 128 169 41 302 46 288 102 138 144 318 312 368 167 212 344 390 212 346 313 86 375 297 311 246 170 291 245 124 77 78 394 246
 82 113 280 249 246 210 452 288 119 138 382 148 78 219 234 225 214 86 340 372 277 382 230 384 304 258 147 136 234 101 357 355 196 1 397 285 157 282 167 172 65 284 261 197 284 362 225 252 372 108 256 346 120 331 78 178 228 345 242 284 145 340 140 142 380 201 100 241 137 324 36 295 260 275 109 62 283 345 134 374 351 370 183 201 121 250 320 130 365 362 226 194 324 28 305 332 359 453 221 300 429 331 219 302 330 340 40 400 412 189 10 256 52 365 287 343 43 290 49 61 374 241 125 283 127 345 141 166 211 130 207 220 178 141 223 286 89 183 306 255 98 188 293 291 131 294 322 262 433 364 185 83 68 225 360 302 231 269 294 71
 348 309 175 218 395 386 362 140 323 271 345 271 325 232 169 513 213 366 355 74 159 283 407 206 183 283 253 454 375 396 65 250 212 397 1 401 267 348 397 243 381 200 468 489 122 323 408 394 224 329 305 61 423 144 350 229 205 358 456 115 467 184 266 310 212 292 385 213 451 116 380 320 216 129 328 393 549 221 284 126 232 60 432 204 312 269 110 358 396 402 398 284 145 412 96 273 302 393 253 508 322 411 464 373 95 132 399 373 384 346 388 457 356 278 122 357 379 143 361 364 419 357 277 152 276 157 264 322 222 321 192 422 220 455 191 135 324 471 365 497 377 327 427 503 364 430 350 137 334 276 460 429 380 403 185 97 170 134 507 434
 213 208 228 189 41 77 208 265 350 312 139 210 246 187 272 177 216 202 90 335 247 183 62 244 220 120 293 194 53 376 338 187 323 285 401 1 202 56 123 332 338 202 91 172 296 135 68 35 221 343 98 343 183 262 216 238 215 92 93 323 200 232 234 172 236 134 187 198 190 286 251 89 187 345 194 226 179 204 211 297 199 345 127 252 194 135 292 158 91 85 63 147 259 269 322 152 148 194 162 117 206 48 121 41 307 275 249 142 150 104 281 82 302 173 292 91 244 262 246 321 93 57 243 253 297 256 235 139 205 176 294 82 278 189 242 273 225 165 52 131 366 116 27 115 156 29 77 309 203 173 150 226 340 66 243 328 277 340 119 243
 86 47 125 94 175 148 315 139 162 114 251 12 82 64 101 254 61 101 220 226 125 236 174 229 148 121 92 187 154 211 215 204 123 157 267 202 1 171 140 131 177 128 232 227 146 228 173 177 218 158 129 209 157 177 90 44 74 225 215 159 201 184 34 46 225 72 118 85 185 175 128 169 105 167 63 132 298 191 24 221 198 228 176 67 46 107 174 94 256 256 166 60 170 161 173 187 219 324 71 276 286 238 212 199 186 187 143 274 288 106 148 222 139 220 147 223 125 140 111 156 272 146 48 132 100 190 36 71 56 56 101 181 79 189 77 140 69 210 198 250 195 89 222 269 100 224 204 138 293 218 200 164 178 169 204 173 101 161 273 172
 203 188 176 139 69 91 179 213 329 284 107 180 229 142 227 218 172 197 60 280 195 136 92 190 166 68 262 215 62 365 284 134 286 282 348 56 171 1 136 299 326 148 140 207 246 94 97 65 168 323 48 290 197 207 207 201 168 64 137 275 223 177 204 151 183 100 189 149 211 232 246 35 136 299 180 227 229 150 185 242 145 291 153 211 175 85 239 154 87 86 88 113 205 270 271 99 102 174 118 171 168 71 160 30 254 221 249 120 132 94 276 130 289 124 241 63 240 210 237 308 102 45 216 201 270 201 206 120 162 159 253 114 241 212 197 222 209 196 28 178 352 96 82 169 154 84 42 261 168 123 181 235 328 93 188 277 232 294 172 252
 105 119 230 186 83 48 314 259 251 227 241 142 145 166 236 118 185 88 194 344 241 263 64 297 239 147 214 81 77 263 338 249 257 167 397 123 140 136 1 255 225 216 102 94 277 228 59 89 278 241 133 337 63 279 108 183 192 197 83 295 91 266 160 96 290 109 68 187 77 290 135 161 192 306 98 106 159 253 135 323 254 349 37 206 107 151 293 54 209 205 60 114 274 149 304 217 232 307 149 145 301 169 74 148 307 292 130 253 264 58 164 94 192 249 276 196 128 258 133 210 214 91 162 248 211 283 162 75 175 89 240 55 215 78 209 263 126 77 155 112 255 74 127 138 48 128 176 275 302 248 65 104 227 59 283 306 239 300 141 122
 160 137 191 189 303 274 424 176 81 36 368 123 121 167 114 357 141 182 344 239 176 338 300 304 222 242 41 274 283 154 219 301 34 172 243 332 131 299 255 1 141 213 353 328 153 343 298 306 303 87 255 203 246 228 160 101 153 348 336 137 287 257 100 166 303 201 207 175 273 206 169 293 199 115 158 194 409 279 124 262 290 232 287 101 149 226 198 202 382 383 292 188 221 194 163 295 330 439 187 398 390 367 327 328 202 232 188 394 407 233 165 344 124 323 159 347 171 180 153 126 399 276 94 178 50 248 98 197 148 168 70 303 62 277 127 169 134 311 326 366 135 218 351 390 208 353 329 119 399 321 305 231 140 294 274 157 107 110 394 229
 126 142 291 268 300 264 488 290 69 112 420 167 100 239 230 289 226 138 383 367 283 411 286 402 319 292 131 200 285 40 349 381 171 65 381 338 177 326 225 141 1 301 322 261 278 399 281 305 393 58 294 336 183 338 122 183 241 387 302 270 209 355 150 178 398 236 158 257 201 325 92 335 280 254 148 123 347 366 156 379 374 363 244 201 154 281 319 180 412 410 280 226 331 92 295 362 392 493 247 362 461 382 281 350 327 346 102 441 454 236 64 316 39 395 282 386 98 293 93 22 423 289 134 288 108 355 150 207 226 169 194 278 169 205 227 286 119 247 352 318 34 231 348 353 183 349 365 250 467 393 248 147 4 280 375 290 226 248 356 135
 209 173 31 36 198 194 216 69 273 214 169 138 209 66 106 329 78 219 163 135 53 128 213 102 24 84 188 287 179 332 137 90 187 284 200 202 128 148 216 213 301 1 272 308 105 145 214 196 94 272 106 143 259 65 213 122 63 167 262 137 300 57 152 152 98 109 228 45 284 85 254 122 26 167 182 252 357 68 151 108 78 145 249 113 167 72 92 193 206 210 204 106 61 286 128 91 127 235 71 310 180 214 275 174 107 78 267 198 211 160 276 261 265 114 99 166 250 64 237 280 228 159 168 57 207 68 152 148 76 166 147 230 152 287 86 79 196 292 167 304 315 143 227 307 198 230 155 130 189 112 279 280 302 209 77 135 113 164 310 291
 206 218 294 251 76 86 295 328 351 327 228 236 246 239 320 92 265 188 180 406 310 273 62 329 293 190 313 139 94 360 406 273 353 261 468 91 232 140 102 353 322 272 1 96 354 224 62 78 306 342 168 408 143 335 208 274 268 181 20 377 139 311 256 190 321 179 165 256 136 355 231 173 253 393 199 200 91 287 231 374 283 415 79 293 206 201 359 154 173 165 71 190 332 239 381 238 238 276 217 45 295 125 48 131 374 349 222 227 234 128 259 12 292 262 351 180 224 326 233 309 167 114 260 317 311 333 259 162 254 187 331 52 309 134 290 335 227 96 141 41 353 147 73 39 149 71 167 359 292 261 86 185 324 66 324 385 323 387 42 202
 169 197 323 279 140 121 379 352 305 296 308 227 209 259 326 30 277 147 259 437 334 342 116 384 331 235 290 62 148 296 431 333 336 197 489 172 227 207 94 328 261 308 96 1 369 299 111 145 364 294 218 429 84 372 169 270 285 261 83 385 55 357 242 183 377 202 122 280 61 383 175 238 285 393 175 143 87 341 218 415 340 442 60 294 188 241 385 135 261 254 120 207 366 171 396 299 308 364 242 118 372 214 52 209 400 385 160 312 321 149 198 98 238 328 368 260 170 350 184 253 258 167 239 341 280 375 244 168 267 173 325 94 298 57 300 356 195 19 218 68 294 167 162 110 129 161 243 364 371 328 31 115 264 115 373 397 328 387 111 129
 228 189 75 108 283 270 311 39 229 171 272 150 209 115 51 394 93 246 267 90 53 223 293 167 100 178 148 333 263 300 74 185 120 284 122 296 146 246 277 153 278 105 354 369 1 248 293 283 173 233 200 64 302 85 231 110 87 271 341 34 346 124 148 189 169 176 264 100 330 56 263 224 111 67 208 274 432 156 164 112 168 87 313 85 191 162 47 237 310 313 284 166 79 296 29 194 228 335 138 395 272 314 346 274 50 84 281 301 313 229 275 343 248 212 8 270 262 44 245 258 332 246 161 49 171 106 146 203 103 200 86 306 110 334 70 28 206 351 267 380 281 210 321 390 243 323 258 36 283 210 340 309 277 288 137 33 54 66 394 315
 281 257 174 157 160 184 91 210 389 336 26 238 300 177 247 309 204 280 47 251 196 54 184 130 150 109 311 307 155 435 262 75 322 362 323 135 228 94 228 343 399 145 224 299 248 1 189 155 107 385 107 273 288 182 285 244 194 47 225 280 316 140 260 223 122 164 275 171 303 215 327 69 148 311 255 311 313 103 247 202 93 264 246 245 246 121 224 238 79 86 181 174 183 354 268 55 23 98 159 247 75 113 251 94 237 193 333 54 67 180 355 216 360 50 241 48 321 205 315 379 101 137 275 200 325 167 261 197 196 234 284 206 282 304 222 220 281 289 84 264 420 176 155 247 239 158 59 274 75 51 274 324 400 185 142 276 254 308 250 340
 159 164 235 191 31 25 271 269 303 273 199 178 197 179 260 123 204 144 150 348 250 232 7 279 236 134 257 127 39 320 347 226 295 225 408 68 173 97 59 298 281 214 62 111 293 189 1 36 258 294 114 348 117 278 162 214 207 152 49 316 133 257 199 133 272 119 126 196 123 296 192 128 194 332 147 164 144 236 174 319 234 356 60 233 151 144 300 104 158 152 11 129 274 207 321 191 198 259 157 105 263 114 65 100 315 292 188 206 215 68 222 51 248 219 291 151 185 266 190 266 160 60 205 257 257 278 201 103 193 132 272 18 251 123 230 275 177 101 109 91 312 87 70 99 100 70 133 298 262 219 86 160 284 6 272 324 263 327 103 178
 180 178 220 178 7 43 235 256 320 284 164 184 214 171 255 155 198 168 114 331 237 200 31 252 217 113 266 162 24 344 331 197 299 252 394 35 177 65 89 306 305 196 78 145 283 155 36 1 230 312 92 335 150 259 184 216 199 117 74 309 168 234 207 143 244 113 153 185 158 280 217 97 179 328 163 192 167 210 183 297 206 340 96 232 164 126 285 125 123 118 30 126 256 235 311 162 165 223 147 115 228 82 97 65 300 273 215 170 180 75 248 68 270 188 280 116 211 253 213 288 127 38 215 244 269 256 209 110 188 146 272 52 255 158 224 263 194 136 74 115 334 89 47 111 123 48 98 293 227 187 121 192 307 34 247 315 259 323 115 209
 294 260 113 126 233 244 142 137 366 307 125 228 299 156 192 380 170 301 148 151 130 61 254 24 82 132 281 356 220 425 166 36 275 372 224 221 218 168 278 303 393 94 306 364 173 107 258 230 1 365 147 181 330 92 298 215 156 149 302 205 367 51 244 234 17 181 305 137 352 127 340 134 115 240 267 334 396 28 241 99 25 166 306 204 253 131 137 268 184 191 248 183 96 372 186 70 85 171 152 337 102 212 322 183 147 99 352 152 162 222 364 297 356 58 166 149 336 132 325 372 207 199 260 130 300 72 244 222 169 248 235 275 244 354 177 147 285 350 173 344 408 209 245 335 271 248 151 206 114 57 336 358 394 253 41 195 199 238 339 371
 137 137 257 241 308 273 472 250 13 63 408 148 99 214 188 323 195 155 376 321 246 390 298 370 286 278 88 235 291 68 302 357 119 108 329 343 158 323 241 87 58 272 342 294 233 385 294 312 365 1 285 287 212 301 134 151 210 380 323 221 245 323 126 173 368 226 179 229 235 283 120 325 253 201 150 152 380 339 140 339 348 316 267 164 150 264 276 191 409 408 291 214 293 134 247 343 375 481 227 384 442 384 306 349 282 306 137 431 444 239 103 334 58 374 238 379 126 254 112 49 423 290 111 250 66 319 125 206 198 168 148 294 127 239 191 245 119 279 349 344 49 230 357 376 195 359 358 202 449 372 277 184 56 292 342 241 182 196 379 176
 175 153 132 92 93 98 197 169 290 242 127 139 196 95 179 235 125 174 92 240 150 133 111 167 126 23 219 212 76 332 242 117 240 256 305 98 129 48 133 255 294 106 168 218 200 107 114 92 147 285 1 247 189 169 179 156 121 96 161 228 223 144 162 118 160 60 172 102 208 190 221 42 91 252 150 206 256 124 146 207 123 250 160 164 141 38 196 134 128 129 104 71 165 248 226 85 105 200 71 205 176 118 178 77 211 182 227 148 161 79 249 158 256 118 196 95 215 165 209 275 146 56 176 157 229 166 164 92 115 128 206 131 196 210 149 177 176 204 73 203 318 71 123 202 136 126 75 214 179 116 190 222 296 109 158 231 185 247 205 238
 291 252 116 158 335 326 322 80 283 226 296 214 271 172 114 453 154 309 301 43 99 238 347 167 128 224 206 395 315 355 20 202 170 346 61 343 209 290 337 203 336 143 408 429 64 273 348 335 181 287 247 1 364 93 294 173 145 304 396 68 408 135 211 251 171 232 327 153 392 60 326 263 157 94 271 337 489 172 227 91 184 32 372 148 254 210 52 299 343 348 338 224 92 359 42 221 252 350 193 448 282 355 403 316 38 83 344 325 336 286 337 397 308 230 63 304 325 83 307 317 366 297 223 92 229 110 209 262 163 263 143 362 170 396 133 75 269 412 308 437 336 267 368 444 305 371 295 87 293 228 400 372 335 343 141 47 116 97 447 378
 88 119 268 226 144 110 375 290 223 214 303 154 127 200 256 113 212 66 256 378 274 321 123 347 282 200 209 32 139 220 369 304 256 120 423 183 157 197 63 246 183 259 143 84 302 288 117 150 330 212 189 364 1 319 87 197 223 259 124 314 45 313 165 115 341 152 41 223 29 325 94 220 234 319 98 62 169 304 143 363 306 381 65 222 113 200 325 68 271 266 121 153 313 97 328 273 291 369 189 180 361 230 100 210 338 331 82 314 325 111 120 138 157 306 302 258 88 290 101 173 275 153 160 281 198 326 167 112 204 102 249 108 220 34 233 293 114 67 217 136 216 122 185 172 62 185 237 293 362 305 66 45 186 118 331 329 256 312 174 62
 261 223 53 95 261 258 233 53 299 239 205 185 254 120 115 393 118 274 211 74 56 147 276 84 43 147 214 348 242 365 81 111 197 331 144 262 177 207 279 228 338 65 335 372 85 182 278 259 92 301 169 93 319 1 265 157 104 215 326 116 361 44 193 209 86 171 286 97 345 36 304 178 88 150 236 306 421 81 199 46 93 86 313 139 220 136 46 252 253 259 268 167 8 337 95 130 161 260 132 373 193 269 339 231 57 14 319 233 245 224 322 325 304 139 78 214 301 49 286 318 276 223 209 52 236 23 192 209 122 222 159 294 175 348 112 61 245 356 223 368 347 206 288 369 258 291 207 120 205 137 342 337 338 273 54 104 122 149 373 347
 5 44 213 178 179 143 375 228 144 128 305 83 41 148 182 199 149 23 265 314 214 305 166 311 234 181 122 116 164 161 302 279 171 78 350 216 90 207 108 160 122 213 208 169 231 285 162 184 298 134 179 294 87 265 1 122 163 269 189 238 129 270 86 66 307 124 48 171 114 263 44 219 189 238 33 44 252 271 69 310 276 315 134 147 47 173 262 59 292 289 160 118 258 75 256 255 282 377 147 251 352 260 174 229 273 276 55 324 336 115 71 201 87 289 233 268 39 229 31 106 302 168 77 221 112 277 87 89 144 53 167 161 138 119 164 228 29 152 232 213 151 112 228 243 63 229 246 216 357 287 148 80 125 160 289 255 181 232 246 85
 120 81 108 92 214 190 327 111 152 95 268 44 101 68 61 297 45 138 244 195 101 242 215 221 137 142 69 228 193 213 181 208 86 178 229 238 44 201 183 101 183 122 274 270 110 244 214 216 215 151 156 173 197 157 122 1 60 248 258 118 242 174 39 89 218 105 158 80 226 147 155 193 104 124 101 165 342 189 56 199 198 195 219 26 85 126 143 136 282 283 207 92 149 188 134 197 231 340 87 318 294 270 256 230 154 165 172 294 307 147 169 264 149 227 112 247 153 113 136 163 300 182 54 107 86 173 38 113 49 98 59 223 41 230 46 109 97 252 227 293 195 129 259 311 143 262 229 97 302 225 243 200 183 210 193 133 60 118 315 206
 159 120 52 37 199 184 273 69 211 152 218 82 152 30 59 309 16 173 201 156 53 186 207 162 79 102 126 253 178 271 148 150 130 228 205 215 74 168 192 153 241 63 268 285 87 194 207 199 156 210 121 145 223 104 163 60 1 205 255 111 266 116 92 109 160 90 187 24 250 103 201 152 47 132 134 204 346 130 96 148 140 160 228 53 118 85 103 156 242 244 198 80 97 234 115 143 179 289 54 310 239 238 260 197 117 114 216 246 259 143 220 257 205 172 85 204 198 69 183 220 262 162 108 60 145 118 91 118 20 122 92 220 92 253 30 72 142 267 192 294 253 124 238 305 162 241 189 95 247 169 255 236 241 203 135 118 65 127 308 245
 265 247 197 171 123 151 119 235 385 337 48 235 289 184 262 268 213 260 5 286 219 100 147 172 178 108 313 275 122 425 295 115 331 345 358 92 225 64 197 348 387 167 181 261 271 47 152 117 149 380 96 304 259 215 269 248 205 1 184 302 283 176 258 211 165 155 252 183 271 245 309 57 164 331 241 290 269 141 241 240 132 299 211 254 234 124 254 217 40 45 145 167 214 333 294 86 66 111 162 201 115 67 212 53 268 226 312 57 69 157 339 173 350 94 265 2 303 230 299 368 63 108 271 223 324 202 259 181 204 220 295 169 288 272 235 245 269 252 44 221 412 158 110 202 217 113 24 293 112 94 238 298 389 149 181 301 269 327 204 315
 187 200 283 239 70 72 300 317 332 309 231 219 227 226 306 85 251 169 182 396 298 272 51 324 284 182 295 121 86 340 395 269 336 242 456 93 215 137 83 336 302 262 20 83 341 225 49 74 302 323 161 396 124 326 189 258 255 184 1 363 123 304 239 173 317 166 146 244 118 344 212 170 242 378 180 181 96 282 214 366 279 404 60 278 188 192 348 136 180 173 59 176 322 220 368 234 237 284 204 63 297 132 32 132 363 340 203 233 241 114 240 17 272 260 338 183 205 314 213 290 176 106 242 305 292 325 241 146 240 169 315 36 293 116 276 323 208 80 143 43 334 133 80 56 130 79 168 344 295 260 69 166 305 54 318 372 309 372 59 184
 236 198 107 137 308 292 344 71 216 160 305 161 211 139 60 411 113 255 299 105 85 256 316 198 132 207 141 345 287 288 83 218 104 284 115 323 159 275 295 137 270 137 377 385 34 280 316 309 205 221 228 68 314 116 238 118 111 302 363 1 359 156 154 203 200 199 275 127 342 84 266 254 141 36 218 281 452 189 173 137 201 97 331 93 202 191 73 252 341 344 307 188 111 298 28 226 261 367 163 419 305 344 366 303 71 113 285 333 346 250 275 366 243 245 41 301 266 77 248 252 363 272 164 82 164 137 152 221 124 214 78 328 107 346 88 61 212 367 297 401 269 231 348 414 258 350 289 23 316 242 357 317 269 311 168 21 59 36 417 321
 130 163 310 268 163 133 401 334 256 254 328 199 167 243 300 82 256 108 280 421 318 353 139 386 323 237 250 15 163 243 413 339 299 145 467 200 201 223 91 287 209 300 139 55 346 316 133 168 367 245 223 408 45 361 129 242 266 283 123 359 1 353 209 159 379 192 85 266 18 368 126 250 275 363 142 96 140 342 187 405 343 425 74 266 158 238 369 111 290 284 140 195 355 118 373 307 322 391 230 169 390 245 93 232 382 374 109 337 347 146 147 138 188 339 346 282 121 334 137 202 290 180 203 325 238 367 211 153 248 147 292 119 264 14 277 337 156 46 240 120 242 160 196 160 105 195 263 337 390 338 55 63 212 136 370 373 301 356 162 75
 265 229 67 93 236 239 190 88 323 263 162 194 265 122 145 376 131 275 173 111 82 104 254 49 38 124 237 340 219 385 123 68 228 340 184 232 184 177 266 257 355 57 311 357 124 140 257 234 51 323 144 135 313 44 270 174 116 176 304 156 353 1 206 208 48 161 283 101 337 79 310 145 82 190 239 308 399 38 207 66 50 125 298 160 223 117 89 247 214 220 247 161 47 343 137 90 119 217 126 346 151 233 320 198 100 53 324 191 202 210 332 301 319 96 116 175 307 82 293 334 237 199 223 81 257 28 206 202 131 222 188 273 199 339 133 97 253 342 189 346 367 194 258 343 252 261 171 157 162 94 328 335 356 252 21 146 152 188 347 347
 83 47 143 119 204 175 346 149 130 81 283 25 63 90 98 270 77 103 253 233 138 265 202 252 170 153 60 195 184 182 220 233 98 140 266 234 34 204 160 100 150 152 256 242 148 260 199 207 244 126 162 211 165 193 86 39 92 258 239 154 209 206 1 67 249 105 125 108 193 185 117 202 130 155 68 128 318 217 26 236 225 233 195 64 55 139 182 109 289 289 193 93 186 149 172 217 250 356 102 301 317 270 233 232 192 202 134 307 321 134 131 247 114 250 150 256 115 151 98 129 305 178 18 144 67 208 3 98 77 72 84 205 57 198 84 148 59 224 231 272 166 119 252 294 116 254 237 132 323 248 216 164 151 196 226 170 97 148 297 169
 61 38 156 117 140 109 313 177 180 142 244 48 79 89 145 210 98 68 206 264 161 241 135 248 174 117 125 145 121 215 255 215 164 142 310 172 46 151 96 166 178 152 190 183 189 223 133 143 234 173 118 251 115 209 66 89 109 211 173 203 159 208 67 1 243 60 79 112 142 212 108 158 127 212 34 101 254 207 42 253 212 268 131 112 25 109 212 49 237 236 127 53 202 139 216 191 218 316 84 234 288 212 168 176 225 220 118 264 277 69 134 181 140 225 189 209 103 177 94 158 251 118 73 168 127 218 70 34 91 15 145 139 121 146 119 179 60 165 178 206 202 58 189 227 56 190 188 183 293 223 155 129 179 130 227 217 146 206 231 140
